Time (Unix ms),Phase,Device Id,Position Id,Phase Name,Capture Phase Id,Record Id,Fx,Fy,Fz,Mx,My,Mz,COPx,COPy
1779988769978,1,11.0000004b,Drive,Loading,pitch.0,436072,-2.1294,4.3435,62.5185,33.4149,-95.28,8.6526,0.2029,0.0712
1779988769978,1,12.00000015,Lower Delivery,Loading,pitch.0,435808,-0.6517,-0.2994,0.4777,-0.048,-0.0115,-0.0067,0.0,0.0
1779988769978,1,12.00000018,Upper Delivery,Loading,pitch.0,436666,-0.0197,0.0933,0.0707,-0.0884,-0.0304,-0.0012,0.0,0.0
1779988769978,1,Pitching Mound.Delivery,,Loading,pitch.0,435507,-0.6715,-0.2061,0.5485,0.002,-0.0419,0.207,0.0,0.0
1779988769978,1,Pitching Mound.Drive,,Loading,pitch.0,436072,-2.1294,4.3435,62.5185,33.4149,-95.28,8.6526,0.2029,0.0712
1779988769978,1,Pitching Mound.Parent,,Loading,pitch.0,435128,-2.8402,4.162,63.3342,33.5795,-95.839,8.869,0.2014,0.0728
1779988769979,1,11.0000004b,Drive,Loading,pitch.0,436073,-2.0955,4.3421,62.323,33.3466,-95.0242,8.6379,0.203,0.0712
1779988769979,1,12.00000015,Lower Delivery,Loading,pitch.0,435809,-0.6314,-0.3256,0.4392,-0.0565,-0.0134,-0.0054,0.0,0.0
1779988769979,1,12.00000018,Upper Delivery,Loading,pitch.0,436667,-0.0132,0.0993,0.0507,-0.0884,-0.0304,-0.0012,0.0,0.0
1779988769979,1,Pitching Mound.Delivery,,Loading,pitch.0,435508,-0.6446,-0.2263,0.4899,-0.0128,-0.0438,0.2036,0.0,0.0
1779988769979,1,Pitching Mound.Drive,,Loading,pitch.0,436073,-2.0955,4.3421,62.323,33.3466,-95.0242,8.6379,0.203,0.0712
1779988769979,1,Pitching Mound.Parent,,Loading,pitch.0,435129,-2.774,4.1172,63.0085,33.4022,-95.3238,8.8562,0.2013,0.0727
1779988769980,1,11.0000004b,Drive,Loading,pitch.0,436074,-2.0666,4.3361,62.1326,33.2533,-94.789,8.614,0.2031,0.0712
1779988769980,1,12.00000015,Lower Delivery,Loading,pitch.0,435810,-0.6663,-0.3226,0.4405,-0.0554,-0.0268,-0.0066,0.0,0.0
1779988769980,1,12.00000018,Upper Delivery,Loading,pitch.0,436668,-0.0159,0.0956,0.0572,-0.0884,-0.0304,-0.0012,0.0,0.0
1779988769980,1,Pitching Mound.Delivery,,Loading,pitch.0,435509,-0.6822,-0.227,0.4977,-0.0135,-0.0572,0.2133,0.0,0.0
1779988769980,1,Pitching Mound.Drive,,Loading,pitch.0,436074,-2.0666,4.3361,62.1326,33.2533,-94.789,8.614,0.2031,0.0712
1779988769980,1,Pitching Mound.Parent,,Loading,pitch.0,435130,-2.7777,4.1151,62.8207,33.3332,-95.0813,8.8512,0.2014,0.0727
1779988769981,1,11.0000004b,Drive,Loading,pitch.0,436075,-2.02,4.3231,61.8055,33.0976,-94.0918,8.5455,0.2027,0.0713
1779988769981,1,12.00000015,Lower Delivery,Loading,pitch.0,435811,-0.7313,-0.304,0.4508,-0.0596,-0.0325,-0.008,0.0,0.0
1779988769981,1,12.00000018,Upper Delivery,Loading,pitch.0,436669,-0.0444,0.0746,0.0861,-0.0884,-0.0304,-0.0012,0.0,0.0
1779988769981,1,Pitching Mound.Delivery,,Loading,pitch.0,435510,-0.7757,-0.2294,0.5369,-0.0239,-0.0628,0.2243,0.0,0.0
1779988769981,1,Pitching Mound.Drive,,Loading,pitch.0,436075,-2.02,4.3231,61.8055,33.0976,-94.0918,8.5455,0.2027,0.0713
1779988769981,1,Pitching Mound.Parent,,Loading,pitch.0,435131,-2.8422,4.1067,62.6695,33.2294,-94.8519,8.8383,0.2014,0.0726
1779988769982,1,11.0000004b,Drive,Loading,pitch.0,436076,-1.9819,4.3152,61.584,32.9791,-93.667,8.5245,0.2025,0.0713
1779988769982,1,12.00000015,Lower Delivery,Loading,pitch.0,435812,-0.7359,-0.3489,0.4455,-0.0572,-0.0293,-0.0067,0.0,0.0
1779988769982,1,12.00000018,Upper Delivery,Loading,pitch.0,436670,-0.0389,0.0792,0.0728,-0.0884,-0.0304,-0.0012,0.0,0.0
1779988769982,1,Pitching Mound.Delivery,,Loading,pitch.0,435511,-0.7748,-0.2697,0.5183,-0.0189,-0.0597,0.2291,0.0,0.0
1779988769982,1,Pitching Mound.Drive,,Loading,pitch.0,436076,-1.9819,4.3152,61.584,32.9791,-93.667,8.5245,0.2025,0.0713
1779988769982,1,Pitching Mound.Parent,,Loading,pitch.0,435132,-2.7947,4.0533,62.3238,33.0788,-94.1514,8.7746,0.201,0.0727
1779988769983,1,11.0000004b,Drive,Loading,pitch.0,436077,-1.9332,4.2971,61.2714,32.772,-93.1385,8.4717,0.2024,0.0712
1779988769983,1,12.00000015,Lower Delivery,Loading,pitch.0,435813,-0.7651,-0.3271,0.4711,-0.0569,-0.0244,-0.0077,0.0,0.0
1779988769983,1,12.00000018,Upper Delivery,Loading,pitch.0,436671,-0.0421,0.0774,0.073,-0.0884,-0.0304,-0.0012,0.0,0.0
1779988769983,1,Pitching Mound.Delivery,,Loading,pitch.0,435512,-0.8072,-0.2496,0.5442,-0.01,-0.0548,0.2369,0.0,0.0
1779988769983,1,Pitching Mound.Drive,,Loading,pitch.0,436077,-1.9332,4.2971,61.2714,32.772,-93.1385,8.4717,0.2024,0.0712
1779988769983,1,Pitching Mound.Parent,,Loading,pitch.0,435133,-2.7891,4.0656,62.1282,32.9691,-93.7218,8.7615,0.2007,0.0728
1779988769984,1,11.0000004b,Drive,Loading,pitch.0,436078,-1.9048,4.2891,60.9756,32.631,-92.5292,8.4649,0.202,0.0712
1779988769984,1,12.00000015,Lower Delivery,Loading,pitch.0,435814,-0.7683,-0.3372,0.4752,-0.0596,-0.024,-0.0087,0.0,0.0
1779988769984,1,12.00000018,Upper Delivery,Loading,pitch.0,436672,-0.0563,0.0671,0.0501,-0.0884,-0.0304,-0.0012,0.0,0.0
1779988769984,1,Pitching Mound.Delivery,,Loading,pitch.0,435513,-0.8245,-0.2702,0.5254,-0.0035,-0.0543,0.2321,0.0,0.0
1779988769984,1,Pitching Mound.Drive,,Loading,pitch.0,436078,-1.9048,4.2891,60.9756,32.631,-92.5292,8.4649,0.202,0.0712
1779988769984,1,Pitching Mound.Parent,,Loading,pitch.0,435134,-2.7577,4.027,61.7968,32.7685,-93.1928,8.7039,0.2006,0.0729
1779988769985,1,11.0000004b,Drive,Loading,pitch.0,436079,-1.8683,4.2699,60.6625,32.4736,-91.9179,8.4145,0.2017,0.0713
1779988769985,1,12.00000015,Lower Delivery,Loading,pitch.0,435815,-0.7336,-0.333,0.5249,-0.0532,-0.0147,-0.0083,0.0,0.0
1779988769985,1,12.00000018,Upper Delivery,Loading,pitch.0,436673,-0.0552,0.071,0.0548,-0.0884,-0.0304,-0.0012,0.0,0.0
1779988769985,1,Pitching Mound.Delivery,,Loading,pitch.0,435514,-0.7887,-0.2621,0.5797,0.0182,-0.0451,0.2211,0.0,0.0
1779988769985,1,Pitching Mound.Drive,,Loading,pitch.0,436079,-1.8683,4.2699,60.6625,32.4736,-91.9179,8.4145,0.2017,0.0713
1779988769985,1,Pitching Mound.Parent,,Loading,pitch.0,435135,-2.6936,4.027,61.5553,32.6492,-92.5743,8.6861,0.2001,0.0732
1779988769986,1,11.0000004b,Drive,Loading,pitch.0,436080,-1.8186,4.2554,60.4306,32.3912,-91.5541,8.368,0.2017,0.0714
1779988769986,1,12.00000015,Lower Delivery,Loading,pitch.0,435816,-0.6687,-0.2717,0.5172,-0.056,-0.0229,-0.0097,0.0,0.0
1779988769986,1,12.00000018,Upper Delivery,Loading,pitch.0,436674,-0.0497,0.0751,0.0733,-0.0884,-0.0304,-0.0012,0.0,0.0
1779988769986,1,Pitching Mound.Delivery,,Loading,pitch.0,435515,-0.7185,-0.1966,0.5905,0.0065,-0.0532,0.1995,0.0,0.0
1779988769986,1,Pitching Mound.Drive,,Loading,pitch.0,436080,-1.8186,4.2554,60.4306,32.3912,-91.5541,8.368,0.2017,0.0714
1779988769986,1,Pitching Mound.Parent,,Loading,pitch.0,435136,-2.5868,4.0733,61.2529,32.4802,-91.9712,8.614,0.1998,0.073
1779988769987,1,11.0000004b,Drive,Loading,pitch.0,436081,-1.7883,4.2428,60.2368,32.3452,-91.39,8.3626,0.202,0.0715
1779988769987,1,12.00000015,Lower Delivery,Loading,pitch.0,435817,-0.6771,-0.2649,0.5481,-0.0594,-0.0181,-0.0103,0.0,0.0
1779988769987,1,12.00000018,Upper Delivery,Loading,pitch.0,436675,-0.049,0.0753,0.0737,-0.0884,-0.0304,-0.0012,0.0,0.0
1779988769987,1,Pitching Mound.Delivery,,Loading,pitch.0,435516,-0.7261,-0.1896,0.6219,0.0135,-0.0485,0.2021,0.0,0.0
1779988769987,1,Pitching Mound.Drive,,Loading,pitch.0,436081,-1.7883,4.2428,60.2368,32.3452,-91.39,8.3626,0.202,0.0715
1779988769987,1,Pitching Mound.Parent,,Loading,pitch.0,435137,-2.5446,4.0658,61.0525,32.4047,-91.6026,8.5701,0.1996,0.0733
1779988769988,1,11.0000004b,Drive,Loading,pitch.0,436082,-1.7534,4.2341,59.9689,32.2077,-90.9272,8.2911,0.2019,0.0715
1779988769988,1,12.00000015,Lower Delivery,Loading,pitch.0,435818,-0.6352,-0.2512,0.5528,-0.0747,-0.0156,-0.009,0.0,0.0
1779988769988,1,12.00000018,Upper Delivery,Loading,pitch.0,436676,-0.0558,0.0731,0.0646,-0.0884,-0.0304,-0.0012,0.0,0.0
1779988769988,1,Pitching Mound.Delivery,,Loading,pitch.0,435517,-0.691,-0.178,0.6174,0.003,-0.0459,0.1868,0.0,0.0
1779988769988,1,Pitching Mound.Drive,,Loading,pitch.0,436082,-1.7534,4.2341,59.9689,32.2077,-90.9272,8.2911,0.2019,0.0715
1779988769988,1,Pitching Mound.Parent,,Loading,pitch.0,435138,-2.4792,4.0647,60.8541,32.3482,-91.4359,8.5494,0.1999,0.0735
1779988769989,1,11.0000004b,Drive,Loading,pitch.0,436083,-1.7013,4.2181,59.6942,31.9899,-90.3983,8.2407,0.2016,0.0713
1779988769989,1,12.00000015,Lower Delivery,Loading,pitch.0,435819,-0.6371,-0.2154,0.5805,-0.0778,-0.0113,-0.0071,0.0,0.0
1779988769989,1,12.00000018,Upper Delivery,Loading,pitch.0,436677,-0.0583,0.0725,0.0633,-0.0884,-0.0304,-0.0012,0.0,0.0
1779988769989,1,Pitching Mound.Delivery,,Loading,pitch.0,435518,-0.6954,-0.1428,0.6438,0.0097,-0.0416,0.1885,0.0,0.0
1779988769989,1,Pitching Mound.Drive,,Loading,pitch.0,436083,-1.7013,4.2181,59.6942,31.9899,-90.3983,8.2407,0.2016,0.0713
1779988769989,1,Pitching Mound.Parent,,Loading,pitch.0,435139,-2.4488,4.0913,60.6127,32.2174,-90.9688,8.4796,0.1997,0.0736
1779988769990,1,11.0000004b,Drive,Loading,pitch.0,436084,-1.6837,4.1925,59.3695,31.7481,-89.5816,8.2235,0.2009,0.0712
1779988769990,1,12.00000015,Lower Delivery,Loading,pitch.0,435820,-0.6136,-0.188,0.5825,-0.067,-0.0175,-0.009,0.0,0.0
1779988769990,1,12.00000018,Upper Delivery,Loading,pitch.0,436678,-0.0573,0.0791,0.0956,-0.0884,-0.0304,-0.0012,0.0,0.0
1779988769990,1,Pitching Mound.Delivery,,Loading,pitch.0,435519,-0.6709,-0.1089,0.678,0.0102,-0.0478,0.1789,0.0,0.0
1779988769990,1,Pitching Mound.Drive,,Loading,pitch.0,436084,-1.6837,4.1925,59.3695,31.7481,-89.5816,8.2235,0.2009,0.0712
1779988769990,1,Pitching Mound.Parent,,Loading,pitch.0,435140,-2.3721,4.1093,60.3723,32.0001,-90.4461,8.4197,0.1993,0.0733
1779988769991,1,11.0000004b,Drive,Loading,pitch.0,436085,-1.6543,4.1726,59.1293,31.603,-89.2296,8.1586,0.2009,0.0712
1779988769991,1,12.00000015,Lower Delivery,Loading,pitch.0,435821,-0.6146,-0.1904,0.5749,-0.0718,-0.011,-0.0055,0.0,0.0
1779988769991,1,12.00000018,Upper Delivery,Loading,pitch.0,436679,-0.0332,0.0956,0.062,-0.0884,-0.0304,-0.0012,0.0,0.0
1779988769991,1,Pitching Mound.Delivery,,Loading,pitch.0,435520,-0.6478,-0.0948,0.6369,0.0141,-0.0413,0.191,0.0,0.0
1779988769991,1,Pitching Mound.Drive,,Loading,pitch.0,436085,-1.6543,4.1726,59.1293,31.603,-89.2296,8.1586,0.2009,0.0712
1779988769991,1,Pitching Mound.Parent,,Loading,pitch.0,435141,-2.3314,4.0977,60.0064,31.7622,-89.6229,8.4145,0.1987,0.0733
1779988769992,1,11.0000004b,Drive,Loading,pitch.0,436086,-1.6249,4.1444,58.73,31.3804,-88.5429,8.1058,0.2007,0.0711
1779988769992,1,12.00000015,Lower Delivery,Loading,pitch.0,435822,-0.6123,-0.1839,0.5782,-0.0644,-0.0123,-0.0077,0.0,0.0
1779988769992,1,12.00000018,Upper Delivery,Loading,pitch.0,436680,-0.0336,0.0983,0.081,-0.0884,-0.0304,-0.0012,0.0,0.0
1779988769992,1,Pitching Mound.Delivery,,Loading,pitch.0,435521,-0.6459,-0.0856,0.6592,0.0163,-0.0427,0.1879,0.0,0.0
1779988769992,1,Pitching Mound.Drive,,Loading,pitch.0,436086,-1.6249,4.1444,58.73,31.3804,-88.5429,8.1058,0.2007,0.0711
1779988769992,1,Pitching Mound.Parent,,Loading,pitch.0,435142,-2.3002,4.0869,59.7885,31.6193,-89.2723,8.3465,0.1987,0.0732
1779988769993,1,11.0000004b,Drive,Loading,pitch.0,436087,-1.6025,4.1234,58.3339,31.1331,-87.7653,8.0291,0.2003,0.0711
1779988769993,1,12.00000015,Lower Delivery,Loading,pitch.0,435823,-0.5842,-0.1793,0.5438,-0.061,-0.0067,-0.0064,0.0,0.0
1779988769993,1,12.00000018,Upper Delivery,Loading,pitch.0,436681,-0.0306,0.1018,0.0989,-0.0884,-0.0304,-0.0012,0.0,0.0
1779988769993,1,Pitching Mound.Delivery,,Loading,pitch.0,435522,-0.6148,-0.0775,0.6427,0.0019,-0.037,0.1806,0.0,0.0
1779988769993,1,Pitching Mound.Drive,,Loading,pitch.0,436087,-1.6025,4.1234,58.3339,31.1331,-87.7653,8.0291,0.2003,0.0711
1779988769993,1,Pitching Mound.Parent,,Loading,pitch.0,435143,-2.2397,4.0669,59.3727,31.3823,-88.58,8.2864,0.1985,0.0729
1779988769994,1,11.0000004b,Drive,Loading,pitch.0,436088,-1.5481,4.104,57.9968,30.9293,-87.2816,7.9675,0.2003,0.071
1779988769994,1,12.00000015,Lower Delivery,Loading,pitch.0,435824,-0.6184,-0.2325,0.55,-0.0648,-0.0098,-0.006,0.0,0.0
1779988769994,1,12.00000018,Upper Delivery,Loading,pitch.0,436682,-0.024,0.1102,0.1119,-0.0884,-0.0304,-0.0012,0.0,0.0
1779988769994,1,Pitching Mound.Delivery,,Loading,pitch.0,435523,-0.6424,-0.1223,0.6619,-0.0042,-0.0401,0.1949,0.0,0.0
1779988769994,1,Pitching Mound.Drive,,Loading,pitch.0,436088,-1.5481,4.104,57.9968,30.9293,-87.2816,7.9675,0.2003,0.071
1779988769994,1,Pitching Mound.Parent,,Loading,pitch.0,435144,-2.2449,4.0011,58.9957,31.1289,-87.8055,8.224,0.198,0.0728
1779988769995,1,11.0000004b,Drive,Loading,pitch.0,436089,-1.5028,4.0885,57.7126,30.7374,-86.835,7.911,0.2003,0.0709
1779988769995,1,12.00000015,Lower Delivery,Loading,pitch.0,435825,-0.5827,-0.2235,0.498,-0.0592,-0.0131,-0.0086,0.0,0.0
1779988769995,1,12.00000018,Upper Delivery,Loading,pitch.0,436683,-0.0418,0.0919,0.1315,-0.0884,-0.0304,-0.0012,0.0,0.0
1779988769995,1,Pitching Mound.Delivery,,Loading,pitch.0,435524,-0.6245,-0.1316,0.6294,-0.0229,-0.0435,0.174,0.0,0.0
1779988769995,1,Pitching Mound.Drive,,Loading,pitch.0,436089,-1.5028,4.0885,57.7126,30.7374,-86.835,7.911,0.2003,0.0709
1779988769995,1,Pitching Mound.Parent,,Loading,pitch.0,435145,-2.1725,3.9724,58.6262,30.9064,-87.325,8.1415,0.1982,0.0724
1779988769996,1,11.0000004b,Drive,Loading,pitch.0,436090,-1.4514,4.0744,57.3484,30.6205,-86.2063,7.9063,0.2001,0.0711
1779988769996,1,12.00000015,Lower Delivery,Loading,pitch.0,435826,-0.5683,-0.2377,0.4709,-0.0554,-0.0127,-0.0092,0.0,0.0
1779988769996,1,12.00000018,Upper Delivery,Loading,pitch.0,436684,-0.0404,0.0976,0.1436,-0.0884,-0.0304,-0.0012,0.0,0.0
1779988769996,1,Pitching Mound.Delivery,,Loading,pitch.0,435525,-0.6087,-0.1401,0.6145,-0.0325,-0.0431,0.1691,0.0,0.0
1779988769996,1,Pitching Mound.Drive,,Loading,pitch.0,436090,-1.4514,4.0744,57.3484,30.6205,-86.2063,7.9063,0.2001,0.0711
1779988769996,1,Pitching Mound.Parent,,Loading,pitch.0,435146,-2.1115,3.9484,58.3272,30.7049,-86.8781,8.0801,0.1982,0.0721
1779988769997,1,11.0000004b,Drive,Loading,pitch.0,436091,-1.409,4.063,57.068,30.4736,-85.8118,7.8511,0.2002,0.0711
1779988769997,1,12.00000015,Lower Delivery,Loading,pitch.0,435827,-0.5763,-0.2427,0.4754,-0.0541,-0.0152,-0.0106,0.0,0.0
1779988769997,1,12.00000018,Upper Delivery,Loading,pitch.0,436685,-0.0411,0.087,0.1182,-0.0884,-0.0304,-0.0012,0.0,0.0
1779988769997,1,Pitching Mound.Delivery,,Loading,pitch.0,435526,-0.6174,-0.1557,0.5936,-0.021,-0.0455,0.1702,0.0,0.0
1779988769997,1,Pitching Mound.Drive,,Loading,pitch.0,436091,-1.409,4.063,57.068,30.4736,-85.8118,7.8511,0.2002,0.0711
1779988769997,1,Pitching Mound.Parent,,Loading,pitch.0,435147,-2.0688,3.9188,57.942,30.5995,-86.2519,8.0765,0.1981,0.0724
1779988769998,1,11.0000004b,Drive,Loading,pitch.0,436092,-1.3516,4.0432,56.7007,30.2439,-85.0842,7.7805,0.1998,0.071
1779988769998,1,12.00000015,Lower Delivery,Loading,pitch.0,435828,-0.6281,-0.2323,0.5477,-0.0575,-0.0087,-0.0093,0.0,0.0
1779988769998,1,12.00000018,Upper Delivery,Loading,pitch.0,436686,-0.0226,0.1028,0.1024,-0.0884,-0.0304,-0.0012,0.0,0.0
1779988769998,1,Pitching Mound.Delivery,,Loading,pitch.0,435527,-0.6506,-0.1294,0.65,0.0055,-0.039,0.1953,0.0,0.0
1779988769998,1,Pitching Mound.Drive,,Loading,pitch.0,436092,-1.3516,4.0432,56.7007,30.2439,-85.0842,7.7805,0.1998,0.071
1779988769998,1,Pitching Mound.Parent,,Loading,pitch.0,435148,-2.0596,3.9335,57.718,30.4791,-85.8508,8.0464,0.1979,0.0729
1779988769999,1,11.0000004b,Drive,Loading,pitch.0,436093,-1.3113,4.0119,56.3023,30.0146,-84.2355,7.7215,0.1992,0.071
1779988769999,1,12.00000015,Lower Delivery,Loading,pitch.0,435829,-0.6396,-0.184,0.6036,-0.0572,-0.0053,-0.0079,0.0,0.0
1779988769999,1,12.00000018,Upper Delivery,Loading,pitch.0,436687,-0.0284,0.0934,0.1141,-0.0884,-0.0304,-0.0012,0.0,0.0
1779988769999,1,Pitching Mound.Delivery,,Loading,pitch.0,435528,-0.668,-0.0906,0.7177,0.0208,-0.0357,0.1987,0.0,0.0
1779988769999,1,Pitching Mound.Drive,,Loading,pitch.0,436093,-1.3113,4.0119,56.3023,30.0146,-84.2355,7.7215,0.1992,0.071
1779988769999,1,Pitching Mound.Parent,,Loading,pitch.0,435149,-2.0196,3.9525,57.4184,30.2647,-85.1198,7.9793,0.1973,0.073
1779988770000,1,11.0000004b,Drive,Loading,pitch.0,436094,-1.2531,3.9867,56.0218,29.9047,-83.8676,7.684,0.1993,0.0711
1779988770000,1,12.00000015,Lower Delivery,Loading,pitch.0,435830,-0.6375,-0.183,0.5825,-0.0644,-0.0151,-0.0098,0.0,0.0
1779988770000,1,12.00000018,Upper Delivery,Loading,pitch.0,436688,-0.0267,0.0971,0.0853,-0.0884,-0.0304,-0.0012,0.0,0.0
1779988770000,1,Pitching Mound.Delivery,,Loading,pitch.0,435529,-0.6641,-0.0859,0.6678,0.0163,-0.0454,0.1966,0.0,0.0
1779988770000,1,Pitching Mound.Drive,,Loading,pitch.0,436094,-1.2531,3.9867,56.0218,29.9047,-83.8676,7.684,0.1993,0.0711
1779988770000,1,Pitching Mound.Parent,,Loading,pitch.0,435150,-1.9755,3.926,56.9702,30.0309,-84.281,7.9182,0.1968,0.0731
1779988770001,1,11.0000004b,Drive,Loading,pitch.0,436095,-1.2111,3.9653,55.746,29.776,-83.3788,7.6048,0.1991,0.0711
1779988770001,1,12.00000015,Lower Delivery,Loading,pitch.0,435831,-0.678,-0.1853,0.6399,-0.0653,-0.0148,-0.0081,0.0,0.0
1779988770001,1,12.00000018,Upper Delivery,Loading,pitch.0,436689,-0.0433,0.0805,0.062,-0.0884,-0.0304,-0.0012,0.0,0.0
1779988770001,1,Pitching Mound.Delivery,,Loading,pitch.0,435530,-0.7212,-0.1048,0.7019,0.0428,-0.0451,0.2065,0.0,0.0
1779988770001,1,Pitching Mound.Drive,,Loading,pitch.0,436095,-1.2111,3.9653,55.746,29.776,-83.3788,7.6048,0.1991,0.0711
1779988770001,1,Pitching Mound.Parent,,Loading,pitch.0,435151,-1.9743,3.8819,56.7237,29.9475,-83.9127,7.8905,0.1968,0.0736
1779988770002,1,11.0000004b,Drive,Loading,pitch.0,436096,-1.1693,3.9382,55.4106,29.6126,-82.7069,7.5238,0.1987,0.0711
1779988770002,1,12.00000015,Lower Delivery,Loading,pitch.0,435832,-0.6464,-0.1665,0.6305,-0.0632,-0.0127,-0.0067,0.0,0.0
1779988770002,1,12.00000018,Upper Delivery,Loading,pitch.0,436690,-0.042,0.0833,0.0893,-0.0884,-0.0304,-0.0012,0.0,0.0
1779988770002,1,Pitching Mound.Delivery,,Loading,pitch.0,435531,-0.6884,-0.0832,0.7198,0.0324,-0.0431,0.1976,0.0,0.0
1779988770002,1,Pitching Mound.Drive,,Loading,pitch.0,436096,-1.1693,3.9382,55.4106,29.6126,-82.7069,7.5238,0.1987,0.0711
1779988770002,1,Pitching Mound.Parent,,Loading,pitch.0,435152,-1.8996,3.8821,56.4659,29.8085,-83.4219,7.8024,0.1966,0.0735
1779988770003,1,11.0000004b,Drive,Loading,pitch.0,436097,-1.1287,3.9034,55.0671,29.3984,-81.9692,7.4683,0.1982,0.0711
1779988770003,1,12.00000015,Lower Delivery,Loading,pitch.0,435833,-0.6242,-0.1419,0.6242,-0.0717,-0.0115,-0.0036,0.0,0.0
1779988770003,1,12.00000015,Lower Delivery,Loading,pitch.0,435834,-0.6418,-0.1576,0.648,-0.0741,-0.0028,-0.0034,0.0,0.0
1779988770003,1,12.00000018,Upper Delivery,Loading,pitch.0,436691,-0.0449,0.085,0.0838,-0.0884,-0.0304,-0.0012,0.0,0.0
1779988770003,1,12.00000018,Upper Delivery,Loading,pitch.0,436692,-0.044,0.0833,0.09,-0.0884,-0.0304,-0.0012,0.0,0.0
1779988770003,1,Pitching Mound.Delivery,,Loading,pitch.0,435532,-0.6691,-0.0569,0.708,0.0236,-0.0419,0.1922,0.0,0.0
1779988770003,1,Pitching Mound.Delivery,,Loading,pitch.0,435533,-0.6858,-0.0743,0.7379,0.0272,-0.0332,0.1987,0.0,0.0
1779988770003,1,Pitching Mound.Drive,,Loading,pitch.0,436097,-1.1287,3.9034,55.0671,29.3984,-81.9692,7.4683,0.1982,0.0711
1779988770003,1,Pitching Mound.Parent,,Loading,pitch.0,435153,-1.8384,3.8813,56.1186,29.6362,-82.7487,7.716,0.1962,0.0735
1779988770003,1,Pitching Mound.Parent,,Loading,pitch.0,435154,-1.8144,3.829,55.805,29.4256,-82.0024,7.667,0.1955,0.0735
1779988770004,1,11.0000004b,Drive,Loading,pitch.0,436098,-1.0539,3.8697,54.7434,29.1767,-81.453,7.416,0.1981,0.071
1779988770004,1,12.00000015,Lower Delivery,Loading,pitch.0,435835,-0.6372,-0.1265,0.658,-0.0759,0.0032,-0.0027,0.0,0.0
1779988770004,1,Pitching Mound.Drive,,Loading,pitch.0,436098,-1.0539,3.8697,54.7434,29.1767,-81.453,7.416,0.1981,0.071
1779988770005,1,11.0000004b,Drive,Loading,pitch.0,436099,-1.0254,3.8387,54.2958,28.8961,-80.434,7.3483,0.1972,0.0709
1779988770005,1,12.00000018,Upper Delivery,Loading,pitch.0,436694,-0.0428,0.0914,0.0901,-0.0884,-0.0304,-0.0012,0.0,0.0
1779988770005,1,12.00000018,Upper Delivery,Loading,pitch.0,436693,-0.0456,0.0884,0.0906,-0.0884,-0.0304,-0.0012,0.0,0.0
1779988770005,1,Pitching Mound.Delivery,,Loading,pitch.0,435534,-0.6828,-0.0381,0.7486,0.0287,-0.0271,0.1973,0.0,0.0
1779988770005,1,Pitching Mound.Drive,,Loading,pitch.0,436099,-1.0254,3.8387,54.2958,28.8961,-80.434,7.3483,0.1972,0.0709
1779988770005,1,Pitching Mound.Parent,,Loading,pitch.0,435155,-1.7368,3.8315,55.4919,29.2053,-81.4801,7.6133,0.1954,0.0735
1779988770006,1,11.0000004b,Drive,Loading,pitch.0,436100,-0.9815,3.8171,53.9139,28.6626,-79.7202,7.2693,0.1968,0.0708
1779988770006,1,12.00000015,Lower Delivery,Loading,pitch.0,435836,-0.6107,-0.1425,0.6172,-0.0773,0.0016,-0.0025,0.0,0.0
1779988770006,1,12.00000018,Upper Delivery,Loading,pitch.0,436695,-0.0472,0.0815,0.0561,-0.0884,-0.0304,-0.0012,0.0,0.0
1779988770006,1,Pitching Mound.Delivery,,Loading,pitch.0,435535,-0.6534,-0.0511,0.7074,0.0136,-0.0288,0.1894,0.0,0.0
1779988770006,1,Pitching Mound.Drive,,Loading,pitch.0,436100,-0.9815,3.8171,53.9139,28.6626,-79.7202,7.2693,0.1968,0.0708
1779988770006,1,Pitching Mound.Parent,,Loading,pitch.0,435156,-1.6788,3.7876,55.0031,28.9097,-80.4628,7.5377,0.1947,0.0732
1779988770007,1,11.0000004b,Drive,Loading,pitch.0,436101,-0.9351,3.793,53.3385,28.2794,-78.4318,7.1825,0.1958,0.0706
1779988770007,1,12.00000015,Lower Delivery,Loading,pitch.0,435838,-0.5837,-0.1256,0.5851,-0.0786,-0.0009,-0.0035,0.0,0.0
1779988770007,1,12.00000015,Lower Delivery,Loading,pitch.0,435837,-0.5999,-0.1389,0.6039,-0.0763,-0.0006,-0.0033,0.0,0.0
1779988770007,1,12.00000018,Upper Delivery,Loading,pitch.0,436696,-0.0506,0.0779,0.0462,-0.0884,-0.0304,-0.0012,0.0,0.0
1779988770007,1,Pitching Mound.Delivery,,Loading,pitch.0,435537,-0.6343,-0.0477,0.6312,0.0163,-0.0312,0.1765,0.0,0.0
1779988770007,1,Pitching Mound.Delivery,,Loading,pitch.0,435536,-0.6471,-0.0574,0.6601,0.0216,-0.031,0.1834,0.0,0.0
1779988770007,1,Pitching Mound.Drive,,Loading,pitch.0,436101,-0.9351,3.793,53.3385,28.2794,-78.4318,7.1825,0.1958,0.0706
1779988770007,1,Pitching Mound.Parent,,Loading,pitch.0,435158,-1.5694,3.7453,53.9697,28.2957,-78.463,7.359,0.1935,0.0732
1779988770007,1,Pitching Mound.Parent,,Loading,pitch.0,435157,-1.6286,3.7597,54.574,28.6842,-79.7512,7.4527,0.1945,0.0733
1779988770008,1,11.0000004b,Drive,Loading,pitch.0,436102,-0.8939,3.7587,52.954,28.0458,-77.8315,7.0885,0.1957,0.0705
1779988770008,1,12.00000015,Lower Delivery,Loading,pitch.0,435839,-0.5651,-0.1655,0.5226,-0.0703,-0.0059,-0.0076,0.0,0.0
1779988770008,1,12.00000018,Upper Delivery,Loading,pitch.0,436697,-0.0443,0.0867,0.0665,-0.0884,-0.0304,-0.0012,0.0,0.0
1779988770008,1,Pitching Mound.Delivery,,Loading,pitch.0,435538,-0.6094,-0.0788,0.589,-0.0036,-0.0363,0.1683,0.0,0.0
1779988770008,1,Pitching Mound.Drive,,Loading,pitch.0,436102,-0.8939,3.7587,52.954,28.0458,-77.8315,7.0885,0.1957,0.0705
1779988770008,1,Pitching Mound.Parent,,Loading,pitch.0,435159,-1.5033,3.6799,53.543,28.0422,-77.8678,7.2568,0.1935,0.0726
1779988770009,1,11.0000004b,Drive,Loading,pitch.0,436103,-0.8583,3.7489,52.5126,27.893,-77.1179,7.0383,0.1955,0.0707
1779988770009,1,12.00000015,Lower Delivery,Loading,pitch.0,435840,-0.5699,-0.1888,0.501,-0.0779,-0.0179,-0.0079,0.0,0.0
1779988770009,1,12.00000018,Upper Delivery,Loading,pitch.0,436698,-0.0463,0.0859,0.0625,-0.0884,-0.0304,-0.0012,0.0,0.0
1779988770009,1,Pitching Mound.Delivery,,Loading,pitch.0,435539,-0.6162,-0.1029,0.5634,-0.0171,-0.0483,0.169,0.0,0.0
1779988770009,1,Pitching Mound.Drive,,Loading,pitch.0,436103,-0.8583,3.7489,52.5126,27.893,-77.1179,7.0383,0.1955,0.0707
1779988770009,1,Pitching Mound.Parent,,Loading,pitch.0,435160,-1.4745,3.646,53.0761,27.8758,-77.1662,7.2073,0.1934,0.0728
1779988770010,1,11.0000004b,Drive,Loading,pitch.0,436104,-0.8336,3.7135,52.0673,27.6123,-76.4371,6.9194,0.1954,0.0706
1779988770010,1,12.00000015,Lower Delivery,Loading,pitch.0,435841,-0.5222,-0.1884,0.4545,-0.0751,-0.0211,-0.0079,0.0,0.0
1779988770010,1,12.00000018,Upper Delivery,Loading,pitch.0,436699,-0.0465,0.0814,0.0602,-0.0884,-0.0304,-0.0012,0.0,0.0
1779988770010,1,Pitching Mound.Delivery,,Loading,pitch.0,435540,-0.5687,-0.107,0.5148,-0.0294,-0.0515,0.1527,0.0,0.0
1779988770010,1,Pitching Mound.Drive,,Loading,pitch.0,436104,-0.8336,3.7135,52.0673,27.6123,-76.4371,6.9194,0.1954,0.0706
1779988770010,1,Pitching Mound.Parent,,Loading,pitch.0,435161,-1.4022,3.6065,52.5821,27.5828,-76.4886,7.072,0.1935,0.0725
1779988770011,1,11.0000004b,Drive,Loading,pitch.0,436105,-0.7943,3.685,51.6589,27.4057,-75.6697,6.8375,0.195,0.0706
1779988770011,1,12.00000015,Lower Delivery,Loading,pitch.0,435842,-0.536,-0.2159,0.4377,-0.0755,-0.0276,-0.0104,0.0,0.0
1779988770011,1,12.00000018,Upper Delivery,Loading,pitch.0,436700,-0.0475,0.0833,0.0712,-0.0884,-0.0304,-0.0012,0.0,0.0
1779988770011,1,Pitching Mound.Delivery,,Loading,pitch.0,435541,-0.5835,-0.1326,0.509,-0.0393,-0.058,0.1545,0.0,0.0
1779988770011,1,Pitching Mound.Drive,,Loading,pitch.0,436105,-0.7943,3.685,51.6589,27.4057,-75.6697,6.8375,0.195,0.0706
1779988770011,1,Pitching Mound.Parent,,Loading,pitch.0,435162,-1.3778,3.5524,52.1679,27.3664,-75.7277,6.9919,0.1931,0.0723
1779988770012,1,11.0000004b,Drive,Loading,pitch.0,436106,-0.7655,3.6473,51.1511,27.1637,-74.8584,6.7738,0.1948,0.0707
1779988770012,1,12.00000015,Lower Delivery,Loading,pitch.0,435843,-0.5276,-0.225,0.4186,-0.0709,-0.0353,-0.0101,0.0,0.0
1779988770012,1,12.00000018,Upper Delivery,Loading,pitch.0,436701,-0.0328,0.0989,0.1065,-0.0884,-0.0304,-0.0012,0.0,0.0
1779988770012,1,Pitching Mound.Delivery,,Loading,pitch.0,435542,-0.5604,-0.1261,0.525,-0.0532,-0.0656,0.1569,0.0,0.0
1779988770012,1,Pitching Mound.Drive,,Loading,pitch.0,436106,-0.7655,3.6473,51.1511,27.1637,-74.8584,6.7738,0.1948,0.0707
1779988770012,1,Pitching Mound.Parent,,Loading,pitch.0,435163,-1.3259,3.5213,51.6761,27.1105,-74.924,6.9307,0.1928,0.072
1779988770013,1,11.0000004b,Drive,Loading,pitch.0,436107,-0.7276,3.5921,50.6474,26.7055,-73.8963,6.6541,0.1942,0.0702
1779988770013,1,12.00000015,Lower Delivery,Loading,pitch.0,435844,-0.5351,-0.2491,0.4002,-0.0738,-0.0394,-0.0105,0.0,0.0
1779988770013,1,12.00000018,Upper Delivery,Loading,pitch.0,436702,-0.0418,0.083,0.0962,-0.0884,-0.0304,-0.0012,0.0,0.0
1779988770013,1,Pitching Mound.Delivery,,Loading,pitch.0,435543,-0.5768,-0.166,0.4964,-0.0588,-0.0698,0.156,0.0,0.0
1779988770013,1,Pitching Mound.Drive,,Loading,pitch.0,436107,-0.7276,3.5921,50.6474,26.7055,-73.8963,6.6541,0.1942,0.0702
1779988770013,1,Pitching Mound.Parent,,Loading,pitch.0,435164,-1.3044,3.426,51.1437,26.6468,-73.9661,6.8101,0.1924,0.0715
1779988770014,1,11.0000004b,Drive,Loading,pitch.0,436108,-0.685,3.5583,50.0222,26.3125,-72.7664,6.514,0.1937,0.07
1779988770014,1,12.00000015,Lower Delivery,Loading,pitch.0,435845,-0.5453,-0.2483,0.4094,-0.0753,-0.0357,-0.0096,0.0,0.0
1779988770014,1,12.00000018,Upper Delivery,Loading,pitch.0,436703,-0.0289,0.0939,0.1121,-0.0884,-0.0304,-0.0012,0.0,0.0
1779988770014,1,Pitching Mound.Delivery,,Loading,pitch.0,435544,-0.5742,-0.1544,0.5216,-0.0626,-0.0661,0.1648,0.0,0.0
1779988770014,1,Pitching Mound.Drive,,Loading,pitch.0,436108,-0.685,3.5583,50.0222,26.3125,-72.7664,6.514,0.1937,0.07
1779988770014,1,Pitching Mound.Parent,,Loading,pitch.0,435165,-1.2592,3.4039,50.5438,26.2499,-72.8325,6.6787,0.1917,0.0713
1779988770015,1,11.0000004b,Drive,Loading,pitch.0,436109,-0.6553,3.5096,49.705,26.1561,-72.3785,6.428,0.1939,0.0701
1779988770015,1,12.00000015,Lower Delivery,Loading,pitch.0,435846,-0.5668,-0.2476,0.4486,-0.0667,-0.0296,-0.0095,0.0,0.0
1779988770015,1,12.00000018,Upper Delivery,Loading,pitch.0,436704,-0.0535,0.0655,0.0731,-0.0884,-0.0304,-0.0012,0.0,0.0
1779988770015,1,Pitching Mound.Delivery,,Loading,pitch.0,435545,-0.6203,-0.1821,0.5216,-0.0274,-0.06,0.1638,0.0,0.0
1779988770015,1,Pitching Mound.Drive,,Loading,pitch.0,436109,-0.6553,3.5096,49.705,26.1561,-72.3785,6.428,0.1939,0.0701
1779988770015,1,Pitching Mound.Parent,,Loading,pitch.0,435166,-1.2756,3.3275,50.2266,26.1287,-72.4385,6.5918,0.1918,0.0719
1779988770016,1,11.0000004b,Drive,Loading,pitch.0,436110,-0.6187,3.4898,49.2551,26.0146,-71.5739,6.3743,0.1935,0.0703
1779988770016,1,12.00000015,Lower Delivery,Loading,pitch.0,435847,-0.6073,-0.2427,0.5004,-0.0715,-0.0369,-0.0099,0.0,0.0
1779988770016,1,12.00000018,Upper Delivery,Loading,pitch.0,436705,-0.0644,0.0491,0.0772,-0.0884,-0.0304,-0.0012,0.0,0.0
1779988770016,1,Pitching Mound.Delivery,,Loading,pitch.0,435546,-0.6717,-0.1936,0.5776,-0.0159,-0.0673,0.1735,0.0,0.0
1779988770016,1,Pitching Mound.Drive,,Loading,pitch.0,436110,-0.6187,3.4898,49.2551,26.0146,-71.5739,6.3743,0.1935,0.0703
1779988770016,1,Pitching Mound.Parent,,Loading,pitch.0,435167,-1.2904,3.2962,49.8326,25.9986,-71.6412,6.5478,0.1912,0.0724
1779988770017,1,11.0000004b,Drive,Loading,pitch.0,436111,-0.5836,3.429,48.9882,25.92,-71.3049,6.2524,0.1938,0.0704
1779988770017,1,12.00000015,Lower Delivery,Loading,pitch.0,435848,-0.6259,-0.2481,0.5231,-0.0649,-0.0289,-0.0094,0.0,0.0
1779988770017,1,12.00000018,Upper Delivery,Loading,pitch.0,436706,-0.0457,0.0739,0.0946,-0.0884,-0.0304,-0.0012,0.0,0.0
1779988770017,1,Pitching Mound.Delivery,,Loading,pitch.0,435547,-0.6716,-0.1742,0.6177,-0.0076,-0.0592,0.1867,0.0,0.0
1779988770017,1,Pitching Mound.Drive,,Loading,pitch.0,436111,-0.5836,3.429,48.9882,25.92,-71.3049,6.2524,0.1938,0.0704
1779988770017,1,Pitching Mound.Parent,,Loading,pitch.0,435168,-1.2552,3.2548,49.6059,25.9124,-71.3641,6.4391,0.1914,0.0725
1779988770018,1,11.0000004b,Drive,Loading,pitch.0,436112,-0.5486,3.3676,48.5818,25.728,-70.5971,6.1839,0.1935,0.0705
1779988770018,1,12.00000018,Upper Delivery,Loading,pitch.0,436707,-0.0461,0.0752,0.0838,-0.0884,-0.0304,-0.0012,0.0,0.0
1779988770018,1,Pitching Mound.Drive,,Loading,pitch.0,436112,-0.5486,3.3676,48.5818,25.728,-70.5971,6.1839,0.1935,0.0705
1779988770019,1,11.0000004b,Drive,Loading,pitch.0,436113,-0.5149,3.3276,48.1426,25.5223,-69.9901,6.0865,0.1935,0.0706
1779988770019,1,12.00000015,Lower Delivery,Loading,pitch.0,435849,-0.6512,-0.2591,0.5644,-0.0715,-0.0238,-0.0077,0.0,0.0
1779988770019,1,12.00000018,Upper Delivery,Loading,pitch.0,436708,-0.0502,0.0738,0.0801,-0.0884,-0.0304,-0.0012,0.0,0.0
1779988770019,1,Pitching Mound.Delivery,,Loading,pitch.0,435548,-0.6973,-0.1839,0.6482,0.0035,-0.0541,0.1968,0.0,0.0
1779988770019,1,Pitching Mound.Drive,,Loading,pitch.0,436113,-0.5149,3.3276,48.1426,25.5223,-69.9901,6.0865,0.1935,0.0706
1779988770019,1,Pitching Mound.Parent,,Loading,pitch.0,435169,-1.246,3.1836,49.23,25.7315,-70.6512,6.3808,0.1909,0.0729
1779988770020,1,11.0000004b,Drive,Loading,pitch.0,436114,-0.4647,3.2861,47.6523,25.328,-69.2248,6.025,0.1934,0.0708
1779988770020,1,12.00000015,Lower Delivery,Loading,pitch.0,435850,-0.6507,-0.2512,0.5757,-0.0705,-0.019,-0.0051,0.0,0.0
1779988770020,1,12.00000018,Upper Delivery,Loading,pitch.0,436709,-0.0628,0.0577,0.0584,-0.0884,-0.0304,-0.0012,0.0,0.0
1779988770020,1,Pitching Mound.Delivery,,Loading,pitch.0,435549,-0.7009,-0.1775,0.6558,0.0096,-0.0494,0.1978,0.0,0.0
1779988770020,1,Pitching Mound.Drive,,Loading,pitch.0,436114,-0.4647,3.2861,47.6523,25.328,-69.2248,6.025,0.1934,0.0708
1779988770020,1,Pitching Mound.Parent,,Loading,pitch.0,435170,-1.2158,3.1501,48.7984,25.5319,-70.0395,6.2843,0.1909,0.0731
1779988770021,1,11.0000004b,Drive,Loading,pitch.0,436115,-0.4276,3.2476,47.3197,25.1532,-68.7849,5.9133,0.1935,0.0708
1779988770021,1,12.00000015,Lower Delivery,Loading,pitch.0,435851,-0.6729,-0.2583,0.5862,-0.0608,-0.0126,-0.0059,0.0,0.0
1779988770021,1,12.00000018,Upper Delivery,Loading,pitch.0,436710,-0.0898,0.0474,0.1186,-0.0884,-0.0304,-0.0012,0.0,0.0
1779988770021,1,Pitching Mound.Delivery,,Loading,pitch.0,435550,-0.7357,-0.2006,0.6446,0.0303,-0.043,0.2003,0.0,0.0
1779988770021,1,Pitching Mound.Drive,,Loading,pitch.0,436115,-0.4276,3.2476,47.3197,25.1532,-68.7849,5.9133,0.1935,0.0708
1779988770021,1,Pitching Mound.Parent,,Loading,pitch.0,435171,-1.2005,3.0856,48.2969,25.3583,-69.2678,6.2254,0.1908,0.0735
1779988770022,1,11.0000004b,Drive,Loading,pitch.0,436116,-0.3742,3.2039,46.953,25.0318,-68.3538,5.8038,0.1938,0.071
1779988770022,1,12.00000015,Lower Delivery,Loading,pitch.0,435852,-0.6944,-0.2599,0.6201,-0.0505,-0.0077,-0.0067,0.0,0.0
1779988770022,1,12.00000018,Upper Delivery,Loading,pitch.0,436711,-0.039,0.0879,0.1479,-0.0884,-0.0304,-0.0012,0.0,0.0
1779988770022,1,Pitching Mound.Delivery,,Loading,pitch.0,435551,-0.7842,-0.2125,0.7388,0.0316,-0.0381,0.1977,0.0,0.0
1779988770022,1,Pitching Mound.Drive,,Loading,pitch.0,436116,-0.3742,3.2039,46.953,25.0318,-68.3538,5.8038,0.1938,0.071
1779988770022,1,Pitching Mound.Parent,,Loading,pitch.0,435172,-1.2118,3.0351,48.0585,25.1848,-68.823,6.111,0.1905,0.0732
1779988770023,1,11.0000004b,Drive,Loading,pitch.0,436117,-0.3059,3.1585,46.6198,24.8034,-67.8141,5.7068,0.1936,0.0708
1779988770023,1,12.00000015,Lower Delivery,Loading,pitch.0,435853,-0.6882,-0.2609,0.6184,-0.0391,-0.0025,-0.0088,0.0,0.0
1779988770023,1,12.00000018,Upper Delivery,Loading,pitch.0,436712,-0.0583,0.0635,0.092,-0.0884,-0.0304,-0.0012,0.0,0.0
1779988770023,1,Pitching Mound.Delivery,,Loading,pitch.0,435552,-0.7272,-0.173,0.7663,0.0325,-0.0329,0.2108,0.0,0.0
1779988770023,1,Pitching Mound.Drive,,Loading,pitch.0,436117,-0.3059,3.1585,46.6198,24.8034,-67.8141,5.7068,0.1936,0.0708
1779988770023,1,Pitching Mound.Parent,,Loading,pitch.0,435173,-1.1014,3.0309,47.7192,25.0643,-68.3867,6.0146,0.1907,0.0732
1779988770024,1,11.0000004b,Drive,Loading,pitch.0,436118,-0.2722,3.123,46.2075,24.6005,-67.1753,5.6565,0.1935,0.0709
1779988770024,1,12.00000015,Lower Delivery,Loading,pitch.0,435854,-0.723,-0.2873,0.6278,-0.0391,-0.0006,-0.0074,0.0,0.0
1779988770024,1,12.00000018,Upper Delivery,Loading,pitch.0,436713,-0.0599,0.0685,0.0908,-0.0884,-0.0304,-0.0012,0.0,0.0
1779988770024,1,Pitching Mound.Delivery,,Loading,pitch.0,435553,-0.7812,-0.2238,0.7197,0.0547,-0.031,0.2175,0.0,0.0
1779988770024,1,Pitching Mound.Drive,,Loading,pitch.0,436118,-0.2722,3.123,46.2075,24.6005,-67.1753,5.6565,0.1935,0.0709
1779988770024,1,Pitching Mound.Parent,,Loading,pitch.0,435174,-1.0871,2.9347,47.3395,24.8581,-67.8451,5.9242,0.1907,0.0736
1779988770025,1,11.0000004b,Drive,Loading,pitch.0,436119,-0.2286,3.0967,45.7842,24.3955,-66.6212,5.5508,0.1937,0.0709
1779988770025,1,12.00000015,Lower Delivery,Loading,pitch.0,435855,-0.7163,-0.3056,0.6208,-0.0372,0.0005,-0.0081,0.0,0.0
1779988770025,1,12.00000018,Upper Delivery,Loading,pitch.0,436714,-0.0705,0.0519,0.0527,-0.0884,-0.0304,-0.0012,0.0,0.0
1779988770025,1,Pitching Mound.Delivery,,Loading,pitch.0,435554,-0.7762,-0.2371,0.7116,0.0546,-0.0299,0.2139,0.0,0.0
1779988770025,1,Pitching Mound.Drive,,Loading,pitch.0,436119,-0.2286,3.0967,45.7842,24.3955,-66.6212,5.5508,0.1937,0.0709
1779988770025,1,Pitching Mound.Parent,,Loading,pitch.0,435175,-1.0483,2.8858,46.9191,24.655,-67.2052,5.8704,0.1906,0.0736
1779988770026,1,11.0000004b,Drive,Loading,pitch.0,436120,-0.1786,3.0495,45.6156,24.3076,-66.3044,5.4963,0.1935,0.0709
1779988770026,1,12.00000015,Lower Delivery,Loading,pitch.0,435856,-0.6962,-0.3126,0.588,-0.0316,-0.0035,-0.0085,0.0,0.0
1779988770026,1,12.00000018,Upper Delivery,Loading,pitch.0,436715,-0.0695,0.0546,0.0329,-0.0884,-0.0304,-0.0012,0.0,0.0
1779988770026,1,Pitching Mound.Delivery,,Loading,pitch.0,435555,-0.7667,-0.2608,0.6407,0.062,-0.0338,0.203,0.0,0.0
1779988770026,1,Pitching Mound.Drive,,Loading,pitch.0,436120,-0.1786,3.0495,45.6156,24.3076,-66.3044,5.4963,0.1935,0.0709
1779988770026,1,Pitching Mound.Parent,,Loading,pitch.0,435176,-0.9953,2.8359,46.4249,24.4576,-66.655,5.7539,0.191,0.0739
1779988770027,1,11.0000004b,Drive,Loading,pitch.0,436121,-0.1429,3.0139,45.3118,24.1515,-65.8638,5.408,0.1935,0.071
1779988770027,1,12.00000015,Lower Delivery,Loading,pitch.0,435858,-0.683,-0.3264,0.5729,-0.0512,-0.0034,-0.0057,0.0,0.0
1779988770027,1,12.00000015,Lower Delivery,Loading,pitch.0,435857,-0.7199,-0.3502,0.5605,-0.0507,-0.0061,-0.0065,0.0,0.0
1779988770027,1,12.00000018,Upper Delivery,Loading,pitch.0,436716,-0.073,0.0545,0.0401,-0.0884,-0.0304,-0.0012,0.0,0.0
1779988770027,1,Pitching Mound.Delivery,,Loading,pitch.0,435557,-0.756,-0.272,0.613,0.0416,-0.0338,0.2005,0.0,0.0
1779988770027,1,Pitching Mound.Delivery,,Loading,pitch.0,435556,-0.7894,-0.2956,0.5935,0.0404,-0.0364,0.2134,0.0,0.0
1779988770027,1,Pitching Mound.Drive,,Loading,pitch.0,436121,-0.1429,3.0139,45.3118,24.1515,-65.8638,5.408,0.1935,0.071
1779988770027,1,Pitching Mound.Parent,,Loading,pitch.0,435178,-0.8989,2.7419,45.9249,24.1932,-65.8976,5.6085,0.1909,0.074
1779988770027,1,Pitching Mound.Parent,,Loading,pitch.0,435177,-0.9679,2.754,46.2091,24.348,-66.3409,5.7097,0.191,0.0739
1779988770028,1,11.0000004b,Drive,Loading,pitch.0,436122,-0.0965,2.992,44.8555,23.9673,-65.1358,5.3369,0.1933,0.0711
1779988770028,1,12.00000018,Upper Delivery,Loading,pitch.0,436717,-0.0664,0.0604,0.0492,-0.0884,-0.0304,-0.0012,0.0,0.0
1779988770028,1,Pitching Mound.Drive,,Loading,pitch.0,436122,-0.0965,2.992,44.8555,23.9673,-65.1358,5.3369,0.1933,0.0711
1779988770029,1,11.0000004b,Drive,Loading,pitch.0,436123,-0.0563,2.9383,44.5188,23.792,-64.6521,5.2347,0.1933,0.0711
1779988770029,1,12.00000015,Lower Delivery,Loading,pitch.0,435859,-0.6915,-0.3351,0.5649,-0.0497,-0.0111,-0.0055,0.0,0.0
1779988770029,1,12.00000018,Upper Delivery,Loading,pitch.0,436718,-0.0736,0.052,0.0257,-0.0884,-0.0304,-0.0012,0.0,0.0
1779988770029,1,Pitching Mound.Delivery,,Loading,pitch.0,435558,-0.7579,-0.2747,0.6141,0.0373,-0.0414,0.2058,0.0,0.0
1779988770029,1,Pitching Mound.Drive,,Loading,pitch.0,436123,-0.0563,2.9383,44.5188,23.792,-64.6521,5.2347,0.1933,0.0711
1779988770029,1,Pitching Mound.Parent,,Loading,pitch.0,435179,-0.8544,2.7173,45.4696,24.0046,-65.1772,5.5427,0.1907,0.074
1779988770030,1,11.0000004b,Drive,Loading,pitch.0,436124,-0.0202,2.9034,44.2498,23.6605,-64.1254,5.1757,0.1929,0.0712
1779988770030,1,12.00000015,Lower Delivery,Loading,pitch.0,435860,-0.7093,-0.3389,0.5922,-0.0488,-0.0089,-0.0072,0.0,0.0
1779988770030,1,12.00000015,Lower Delivery,Loading,pitch.0,435861,-0.7201,-0.3407,0.591,-0.0526,-0.02,-0.0072,0.0,0.0
1779988770030,1,12.00000018,Upper Delivery,Loading,pitch.0,436719,-0.0741,0.0478,0.0189,-0.0884,-0.0304,-0.0012,0.0,0.0
1779988770030,1,Pitching Mound.Delivery,,Loading,pitch.0,435559,-0.7829,-0.2869,0.6179,0.0555,-0.0392,0.2078,0.0,0.0
1779988770030,1,Pitching Mound.Delivery,,Loading,pitch.0,435560,-0.7942,-0.2929,0.61,0.0536,-0.0504,0.2113,0.0,0.0
1779988770030,1,Pitching Mound.Drive,,Loading,pitch.0,436124,-0.0202,2.9034,44.2498,23.6605,-64.1254,5.1757,0.1929,0.0712
1779988770030,1,Pitching Mound.Parent,,Loading,pitch.0,435180,-0.8392,2.6514,45.1366,23.8474,-64.6914,5.4425,0.1907,0.0744
1779988770030,1,Pitching Mound.Parent,,Loading,pitch.0,435181,-0.8144,2.6105,44.8597,23.714,-64.1758,5.3869,0.1903,0.0746
1779988770031,1,11.0000004b,Drive,Loading,pitch.0,436125,0.0328,2.8592,43.9179,23.5131,-63.6283,5.0684,0.1929,0.0713
1779988770031,1,12.00000015,Lower Delivery,Loading,pitch.0,435862,-0.7066,-0.3516,0.5716,-0.0714,-0.024,-0.0045,0.0,0.0
1779988770031,1,12.00000018,Upper Delivery,Loading,pitch.0,436720,-0.072,0.0502,0.0167,-0.0884,-0.0304,-0.0012,0.0,0.0
1779988770031,1,Pitching Mound.Delivery,,Loading,pitch.0,435561,-0.7786,-0.3014,0.5884,0.0289,-0.0543,0.2101,0.0,0.0
1779988770031,1,Pitching Mound.Drive,,Loading,pitch.0,436125,0.0328,2.8592,43.9179,23.5131,-63.6283,5.0684,0.1929,0.0713
1779988770031,1,Pitching Mound.Parent,,Loading,pitch.0,435182,-0.7459,2.5578,44.5062,23.542,-63.6826,5.2784,0.1903,0.0746
1779988770032,1,11.0000004b,Drive,Loading,pitch.0,436126,0.0867,2.8217,43.5245,23.3395,-63.0359,5.0111,0.1928,0.0714
1779988770032,1,12.00000015,Lower Delivery,Loading,pitch.0,435863,-0.7355,-0.3422,0.6207,-0.0787,-0.0216,-0.003,0.0,0.0
1779988770032,1,12.00000018,Upper Delivery,Loading,pitch.0,436721,-0.0705,0.0559,0.021,-0.0884,-0.0304,-0.0012,0.0,0.0
1779988770032,1,Pitching Mound.Delivery,,Loading,pitch.0,435562,-0.806,-0.2863,0.6417,0.0369,-0.0519,0.2219,0.0,0.0
1779988770032,1,Pitching Mound.Drive,,Loading,pitch.0,436126,0.0867,2.8217,43.5245,23.3395,-63.0359,5.0111,0.1928,0.0714
1779988770032,1,Pitching Mound.Parent,,Loading,pitch.0,435183,-0.7193,2.5354,44.1662,23.3764,-63.0878,5.233,0.19,0.075
1779988770033,1,11.0000004b,Drive,Loading,pitch.0,436127,0.1373,2.7931,43.0804,23.1878,-62.3347,4.9096,0.1926,0.0717
1779988770033,1,12.00000015,Lower Delivery,Loading,pitch.0,435864,-0.696,-0.3102,0.5864,-0.0816,-0.0261,-0.0039,0.0,0.0
1779988770033,1,12.00000018,Upper Delivery,Loading,pitch.0,436722,-0.0669,0.0513,0.0104,-0.0884,-0.0304,-0.0012,0.0,0.0
1779988770033,1,Pitching Mound.Delivery,,Loading,pitch.0,435563,-0.7629,-0.2588,0.5968,0.0258,-0.0565,0.2087,0.0,0.0
1779988770033,1,Pitching Mound.Drive,,Loading,pitch.0,436127,0.1373,2.7931,43.0804,23.1878,-62.3347,4.9096,0.1926,0.0717
1779988770033,1,Pitching Mound.Parent,,Loading,pitch.0,435184,-0.6255,2.5343,43.6773,23.2136,-62.3912,5.1183,0.19,0.0752
1779988770034,1,11.0000004b,Drive,Loading,pitch.0,436128,0.1879,2.7679,42.4654,22.9408,-61.5119,4.822,0.1928,0.0719
1779988770034,1,12.00000015,Lower Delivery,Loading,pitch.0,435865,-0.7263,-0.2939,0.6417,-0.092,-0.011,0.0009,0.0,0.0
1779988770034,1,12.00000018,Upper Delivery,Loading,pitch.0,436723,-0.0668,0.053,0.0136,-0.0884,-0.0304,-0.0012,0.0,0.0
1779988770034,1,Pitching Mound.Delivery,,Loading,pitch.0,435564,-0.7931,-0.2408,0.6553,0.0332,-0.0414,0.2239,0.0,0.0
1779988770034,1,Pitching Mound.Drive,,Loading,pitch.0,436128,0.1879,2.7679,42.4654,22.9408,-61.5119,4.822,0.1928,0.0719
1779988770034,1,Pitching Mound.Parent,,Loading,pitch.0,435185,-0.6052,2.5271,43.1206,22.974,-61.5533,5.0458,0.1899,0.0758
1779988770035,1,11.0000004b,Drive,Loading,pitch.0,436129,0.243,2.7169,42.2115,22.6937,-61.1427,4.7402,0.1928,0.0716
1779988770035,1,12.00000015,Lower Delivery,Loading,pitch.0,435866,-0.7051,-0.2936,0.6139,-0.0804,-0.012,-0.0019,0.0,0.0
1779988770035,1,12.00000018,Upper Delivery,Loading,pitch.0,436724,-0.0639,0.053,0.0375,-0.0884,-0.0304,-0.0012,0.0,0.0
1779988770035,1,Pitching Mound.Delivery,,Loading,pitch.0,435565,-0.769,-0.2406,0.6514,0.0272,-0.0424,0.2149,0.0,0.0
1779988770035,1,Pitching Mound.Drive,,Loading,pitch.0,436129,0.243,2.7169,42.2115,22.6937,-61.1427,4.7402,0.1928,0.0716
1779988770035,1,Pitching Mound.Parent,,Loading,pitch.0,435186,-0.526,2.4763,42.8629,22.7209,-61.1851,4.955,0.1899,0.0751
1779988770036,1,11.0000004b,Drive,Loading,pitch.0,436130,0.3005,2.6963,41.7193,22.519,-60.3696,4.6439,0.1926,0.0719
1779988770036,1,12.00000015,Lower Delivery,Loading,pitch.0,435867,-0.709,-0.2624,0.634,-0.0916,-0.0147,-0.0017,0.0,0.0
1779988770036,1,12.00000018,Upper Delivery,Loading,pitch.0,436725,-0.0353,0.085,0.1205,-0.0884,-0.0304,-0.0012,0.0,0.0
1779988770036,1,Pitching Mound.Delivery,,Loading,pitch.0,435566,-0.7443,-0.1775,0.7545,-0.0053,-0.045,0.2262,0.0,0.0
1779988770036,1,Pitching Mound.Drive,,Loading,pitch.0,436130,0.3005,2.6963,41.7193,22.519,-60.3696,4.6439,0.1926,0.0719
1779988770036,1,Pitching Mound.Parent,,Loading,pitch.0,435187,-0.4439,2.5188,42.4738,22.5137,-60.4146,4.87,0.1892,0.0747
1779988770037,1,11.0000004b,Drive,Loading,pitch.0,436131,0.3533,2.6566,41.163,22.194,-59.3635,4.5421,0.192,0.0718
1779988770037,1,12.00000015,Lower Delivery,Loading,pitch.0,435868,-0.7016,-0.2731,0.6174,-0.0741,-0.0138,-0.0052,0.0,0.0
1779988770037,1,12.00000018,Upper Delivery,Loading,pitch.0,436726,-0.0445,0.0774,0.0881,-0.0884,-0.0304,-0.0012,0.0,0.0
1779988770037,1,Pitching Mound.Delivery,,Loading,pitch.0,435567,-0.7461,-0.1957,0.7055,0.0175,-0.0442,0.217,0.0,0.0
1779988770037,1,Pitching Mound.Drive,,Loading,pitch.0,436131,0.3533,2.6566,41.163,22.194,-59.3635,4.5421,0.192,0.0718
1779988770037,1,Pitching Mound.Parent,,Loading,pitch.0,435188,-0.3928,2.4609,41.8685,22.2115,-59.4077,4.7591,0.1888,0.0749
1779988770038,1,11.0000004b,Drive,Loading,pitch.0,436132,0.4128,2.6377,40.7096,21.9665,-58.5519,4.4543,0.1915,0.0718
1779988770038,1,12.00000015,Lower Delivery,Loading,pitch.0,435869,-0.7015,-0.2655,0.5944,-0.0719,-0.0165,-0.0068,0.0,0.0
1779988770038,1,12.00000018,Upper Delivery,Loading,pitch.0,436727,-0.0363,0.0841,0.1128,-0.0884,-0.0304,-0.0012,0.0,0.0
1779988770038,1,Pitching Mound.Delivery,,Loading,pitch.0,435568,-0.7378,-0.1814,0.7072,0.0035,-0.0468,0.2181,0.0,0.0
1779988770038,1,Pitching Mound.Drive,,Loading,pitch.0,436132,0.4128,2.6377,40.7096,21.9665,-58.5519,4.4543,0.1915,0.0718
1779988770038,1,Pitching Mound.Parent,,Loading,pitch.0,435189,-0.325,2.4564,41.4168,21.9701,-58.5988,4.6724,0.1882,0.0746
1779988770039,1,11.0000004b,Drive,Loading,pitch.0,436133,0.4601,2.5897,40.4337,21.7401,-58.1614,4.4016,0.1915,0.0716
1779988770039,1,12.00000015,Lower Delivery,Loading,pitch.0,435870,-0.6873,-0.255,0.6082,-0.0797,-0.0146,-0.0053,0.0,0.0
1779988770039,1,12.00000018,Upper Delivery,Loading,pitch.0,436728,-0.0481,0.0715,0.0692,-0.0884,-0.0304,-0.0012,0.0,0.0
1779988770039,1,Pitching Mound.Delivery,,Loading,pitch.0,435569,-0.7354,-0.1835,0.6774,0.0152,-0.045,0.2108,0.0,0.0
1779988770039,1,Pitching Mound.Drive,,Loading,pitch.0,436133,0.4601,2.5897,40.4337,21.7401,-58.1614,4.4016,0.1915,0.0716
1779988770039,1,Pitching Mound.Parent,,Loading,pitch.0,435190,-0.2753,2.4062,41.111,21.7553,-58.2064,4.6124,0.1883,0.0749
1779988770040,1,11.0000004b,Drive,Loading,pitch.0,436134,0.5229,2.5755,40.0164,21.4958,-57.3524,4.3087,0.1908,0.0715
1779988770040,1,12.00000015,Lower Delivery,Loading,pitch.0,435871,-0.6854,-0.2458,0.6095,-0.0747,-0.0118,-0.0043,0.0,0.0
1779988770040,1,12.00000018,Upper Delivery,Loading,pitch.0,436729,-0.0475,0.0691,0.0689,-0.0884,-0.0304,-0.0012,0.0,0.0
1779988770040,1,Pitching Mound.Delivery,,Loading,pitch.0,435570,-0.7329,-0.1767,0.6784,0.0207,-0.0421,0.2114,0.0,0.0
1779988770040,1,Pitching Mound.Drive,,Loading,pitch.0,436134,0.5229,2.5755,40.0164,21.4958,-57.3524,4.3087,0.1908,0.0715
1779988770040,1,Pitching Mound.Parent,,Loading,pitch.0,435191,-0.2101,2.3989,40.6948,21.5166,-57.3946,4.5201,0.1876,0.0748
1779988770041,1,11.0000004b,Drive,Loading,pitch.0,436135,0.571,2.5566,39.8074,21.3449,-57.2158,4.2108,0.1913,0.0714
1779988770041,1,12.00000015,Lower Delivery,Loading,pitch.0,435872,-0.6923,-0.2352,0.6342,-0.0678,-0.0118,-0.0052,0.0,0.0
1779988770041,1,12.00000018,Upper Delivery,Loading,pitch.0,436730,-0.0528,0.0648,0.0604,-0.0884,-0.0304,-0.0012,0.0,0.0
1779988770041,1,Pitching Mound.Delivery,,Loading,pitch.0,435571,-0.7451,-0.1704,0.6946,0.0389,-0.0421,0.211,0.0,0.0
1779988770041,1,Pitching Mound.Drive,,Loading,pitch.0,436135,0.571,2.5566,39.8074,21.3449,-57.2158,4.2108,0.1913,0.0714
1779988770041,1,Pitching Mound.Parent,,Loading,pitch.0,435192,-0.1741,2.3862,40.5021,21.3838,-57.2579,4.4219,0.1881,0.075
1779988770042,1,11.0000004b,Drive,Loading,pitch.0,436136,0.6094,2.5385,39.4976,21.2147,-56.8703,4.1147,0.1917,0.0715
1779988770042,1,12.00000015,Lower Delivery,Loading,pitch.0,435873,-0.665,-0.2386,0.573,-0.0408,-0.008,-0.0051,0.0,0.0
1779988770042,1,12.00000018,Upper Delivery,Loading,pitch.0,436731,-0.0507,0.0694,0.0554,-0.0884,-0.0304,-0.0012,0.0,0.0
1779988770042,1,Pitching Mound.Delivery,,Loading,pitch.0,435572,-0.7157,-0.1693,0.6283,0.0468,-0.0384,0.2026,0.0,0.0
1779988770042,1,Pitching Mound.Drive,,Loading,pitch.0,436136,0.6094,2.5385,39.4976,21.2147,-56.8703,4.1147,0.1917,0.0715
1779988770042,1,Pitching Mound.Parent,,Loading,pitch.0,435193,-0.1063,2.3692,40.1259,21.2615,-56.9087,4.3173,0.1887,0.0748
1779988770043,1,11.0000004b,Drive,Loading,pitch.0,436137,0.665,2.4915,39.1729,21.0219,-56.345,4.0681,0.1915,0.0714
1779988770043,1,12.00000015,Lower Delivery,Loading,pitch.0,435874,-0.6475,-0.2431,0.5574,-0.0278,0.0016,-0.0058,0.0,0.0
1779988770043,1,12.00000018,Upper Delivery,Loading,pitch.0,436732,-0.0556,0.0633,0.031,-0.0884,-0.0304,-0.0012,0.0,0.0
1779988770043,1,Pitching Mound.Delivery,,Loading,pitch.0,435573,-0.7031,-0.1799,0.5883,0.0628,-0.0287,0.1942,0.0,0.0
1779988770043,1,Pitching Mound.Drive,,Loading,pitch.0,436137,0.665,2.4915,39.1729,21.0219,-56.345,4.0681,0.1915,0.0714
1779988770043,1,Pitching Mound.Parent,,Loading,pitch.0,435194,-0.0381,2.3116,39.7612,21.0847,-56.3738,4.2624,0.1887,0.0749
1779988770044,1,11.0000004b,Drive,Loading,pitch.0,436138,0.6961,2.4362,38.8145,20.6744,-55.8389,3.954,0.1915,0.0709
1779988770044,1,12.00000015,Lower Delivery,Loading,pitch.0,435875,-0.6197,-0.2532,0.5382,-0.0176,0.0083,-0.0051,0.0,0.0
1779988770044,1,12.00000018,Upper Delivery,Loading,pitch.0,436733,-0.0576,0.0621,0.0235,-0.0884,-0.0304,-0.0012,0.0,0.0
1779988770044,1,Pitching Mound.Delivery,,Loading,pitch.0,435574,-0.6773,-0.1911,0.5617,0.069,-0.022,0.1848,0.0,0.0
1779988770044,1,Pitching Mound.Drive,,Loading,pitch.0,436138,0.6961,2.4362,38.8145,20.6744,-55.8389,3.954,0.1915,0.0709
1779988770044,1,Pitching Mound.Parent,,Loading,pitch.0,435195,0.0187,2.245,39.3762,20.7434,-55.8609,4.1388,0.1888,0.0743
1779988770045,1,11.0000004b,Drive,Loading,pitch.0,436139,0.7523,2.4014,38.3882,20.4749,-55.3468,3.8634,0.1919,0.071
1779988770045,1,12.00000015,Lower Delivery,Loading,pitch.0,435876,-0.6287,-0.2217,0.5647,-0.0083,0.0093,-0.0057,0.0,0.0
1779988770045,1,12.00000018,Upper Delivery,Loading,pitch.0,436734,-0.0624,0.0565,0.0073,-0.0884,-0.0304,-0.0012,0.0,0.0
1779988770045,1,Pitching Mound.Delivery,,Loading,pitch.0,435575,-0.6911,-0.1652,0.5721,0.0929,-0.021,0.1856,0.0,0.0
1779988770045,1,Pitching Mound.Drive,,Loading,pitch.0,436139,0.7523,2.4014,38.3882,20.4749,-55.3468,3.8634,0.1919,0.071
1779988770045,1,Pitching Mound.Parent,,Loading,pitch.0,435196,0.0613,2.2362,38.9602,20.5678,-55.3679,4.049,0.1891,0.0748
1779988770046,1,11.0000004b,Drive,Loading,pitch.0,436140,0.7875,2.3722,38.0339,20.334,-54.8087,3.7486,0.1918,0.0712
1779988770046,1,12.00000015,Lower Delivery,Loading,pitch.0,435877,-0.6394,-0.2046,0.5822,-0.0187,0.0051,-0.0049,0.0,0.0
1779988770046,1,12.00000018,Upper Delivery,Loading,pitch.0,436735,-0.0659,0.0513,-0.001,-0.0884,-0.0304,-0.0012,0.0,0.0
1779988770046,1,Pitching Mound.Delivery,,Loading,pitch.0,435576,-0.7053,-0.1533,0.5812,0.0912,-0.0253,0.1889,0.0,0.0
1779988770046,1,Pitching Mound.Drive,,Loading,pitch.0,436140,0.7875,2.3722,38.0339,20.334,-54.8087,3.7486,0.1918,0.0712
1779988770046,1,Pitching Mound.Parent,,Loading,pitch.0,435197,0.0822,2.2189,38.6152,20.4253,-54.834,3.9375,0.189,0.0752
1779988770047,1,11.0000004b,Drive,Loading,pitch.0,436141,0.843,2.3025,37.6566,20.1005,-54.3804,3.665,0.1923,0.0711
1779988770047,1,12.00000015,Lower Delivery,Loading,pitch.0,435878,-0.6615,-0.2024,0.6172,-0.0257,0.0021,-0.0063,0.0,0.0
1779988770047,1,12.00000018,Upper Delivery,Loading,pitch.0,436736,-0.0648,0.0486,0.0015,-0.0884,-0.0304,-0.0012,0.0,0.0
1779988770047,1,Pitching Mound.Delivery,,Loading,pitch.0,435577,-0.7263,-0.1538,0.6188,0.0953,-0.0283,0.1954,0.0,0.0
1779988770047,1,Pitching Mound.Drive,,Loading,pitch.0,436141,0.843,2.3025,37.6566,20.1005,-54.3804,3.665,0.1923,0.0711
1779988770047,1,Pitching Mound.Parent,,Loading,pitch.0,435198,0.1168,2.1487,38.2754,20.1958,-54.4087,3.8603,0.1891,0.0754
1779988770048,1,11.0000004b,Drive,Loading,pitch.0,436142,0.891,2.2748,37.2042,19.8643,-53.9105,3.5746,0.1929,0.0711
1779988770048,1,12.00000015,Lower Delivery,Loading,pitch.0,435879,-0.6145,-0.1699,0.5853,-0.0411,-0.01,-0.0081,0.0,0.0
1779988770048,1,12.00000018,Upper Delivery,Loading,pitch.0,436737,-0.0627,0.0564,0.0036,-0.0884,-0.0304,-0.0012,0.0,0.0
1779988770048,1,Pitching Mound.Delivery,,Loading,pitch.0,435578,-0.6772,-0.1136,0.5889,0.0683,-0.0404,0.1783,0.0,0.0
1779988770048,1,Pitching Mound.Drive,,Loading,pitch.0,436142,0.891,2.2748,37.2042,19.8643,-53.9105,3.5746,0.1929,0.0711
1779988770048,1,Pitching Mound.Parent,,Loading,pitch.0,435199,0.2138,2.1612,37.7931,19.9326,-53.9509,3.7529,0.1899,0.0752
1779988770049,1,11.0000004b,Drive,Loading,pitch.0,436143,0.9282,2.2292,36.8107,19.6674,-53.5609,3.4466,0.1937,0.0711
1779988770049,1,12.00000015,Lower Delivery,Loading,pitch.0,435880,-0.6406,-0.1636,0.6083,-0.0648,-0.0165,-0.0066,0.0,0.0
1779988770049,1,12.00000018,Upper Delivery,Loading,pitch.0,436738,-0.053,0.066,0.0349,-0.0884,-0.0304,-0.0012,0.0,0.0
1779988770049,1,Pitching Mound.Delivery,,Loading,pitch.0,435579,-0.6936,-0.0976,0.6433,0.0418,-0.0469,0.192,0.0,0.0
1779988770049,1,Pitching Mound.Drive,,Loading,pitch.0,436143,0.9282,2.2292,36.8107,19.6674,-53.5609,3.4466,0.1937,0.0711
1779988770049,1,Pitching Mound.Parent,,Loading,pitch.0,435200,0.2347,2.1316,37.454,19.7092,-53.6078,3.6386,0.1904,0.0751
1779988770050,1,11.0000004b,Drive,Loading,pitch.0,436144,0.999,2.2015,36.2609,19.4044,-52.9152,3.3166,0.1943,0.0712
1779988770050,1,12.00000015,Lower Delivery,Loading,pitch.0,435881,-0.6493,-0.1691,0.6123,-0.0638,-0.0192,-0.0074,0.0,0.0
1779988770050,1,12.00000018,Upper Delivery,Loading,pitch.0,436739,-0.047,0.0748,0.0626,-0.0884,-0.0304,-0.0012,0.0,0.0
1779988770050,1,Pitching Mound.Delivery,,Loading,pitch.0,435580,-0.6963,-0.0943,0.6748,0.0348,-0.0496,0.1962,0.0,0.0
1779988770050,1,Pitching Mound.Drive,,Loading,pitch.0,436144,0.999,2.2015,36.2609,19.4044,-52.9152,3.3166,0.1943,0.0712
1779988770050,1,Pitching Mound.Parent,,Loading,pitch.0,435201,0.3027,2.1072,36.9357,19.4392,-52.9648,3.5128,0.1907,0.075
1779988770051,1,11.0000004b,Drive,Loading,pitch.0,436145,1.0252,2.1547,35.852,19.277,-52.4328,3.2145,0.1947,0.0716
1779988770051,1,12.00000015,Lower Delivery,Loading,pitch.0,435882,-0.6663,-0.1641,0.612,-0.0782,-0.0239,-0.0085,0.0,0.0
1779988770051,1,12.00000018,Upper Delivery,Loading,pitch.0,436740,-0.0424,0.0829,0.0771,-0.0884,-0.0304,-0.0012,0.0,0.0
1779988770051,1,Pitching Mound.Delivery,,Loading,pitch.0,435581,-0.7087,-0.0813,0.6891,0.0153,-0.0543,0.2024,0.0,0.0
1779988770051,1,Pitching Mound.Drive,,Loading,pitch.0,436145,1.0252,2.1547,35.852,19.277,-52.4328,3.2145,0.1947,0.0716
1779988770051,1,Pitching Mound.Parent,,Loading,pitch.0,435202,0.3165,2.0735,36.5411,19.2923,-52.487,3.4169,0.191,0.0752
1779988770052,1,11.0000004b,Drive,Loading,pitch.0,436146,1.0508,2.1289,35.2666,19.0356,-51.6372,3.1476,0.1949,0.0719
1779988770052,1,12.00000015,Lower Delivery,Loading,pitch.0,435883,-0.6791,-0.1619,0.6166,-0.0909,-0.0323,-0.0087,0.0,0.0
1779988770052,1,12.00000018,Upper Delivery,Loading,pitch.0,436741,-0.0465,0.0843,0.1071,-0.0884,-0.0304,-0.0012,0.0,0.0
1779988770052,1,Pitching Mound.Delivery,,Loading,pitch.0,435582,-0.7256,-0.0776,0.7236,-0.006,-0.0627,0.2051,0.0,0.0
1779988770052,1,Pitching Mound.Drive,,Loading,pitch.0,436146,1.0508,2.1289,35.2666,19.0356,-51.6372,3.1476,0.1949,0.0719
1779988770052,1,Pitching Mound.Parent,,Loading,pitch.0,435203,0.3252,2.0513,35.9902,19.0296,-51.6998,3.3528,0.191,0.0752
1779988770053,1,11.0000004b,Drive,Loading,pitch.0,436147,1.0958,2.0892,34.8548,18.8165,-51.0635,3.0396,0.195,0.0719
1779988770053,1,12.00000015,Lower Delivery,Loading,pitch.0,435884,-0.6876,-0.1585,0.6526,-0.1007,-0.0219,-0.0051,0.0,0.0
1779988770053,1,12.00000018,Upper Delivery,Loading,pitch.0,436742,-0.0266,0.0943,0.083,-0.0884,-0.0304,-0.0012,0.0,0.0
1779988770053,1,Pitching Mound.Delivery,,Loading,pitch.0,435583,-0.7143,-0.0642,0.7356,0.0046,-0.0522,0.2184,0.0,0.0
1779988770053,1,Pitching Mound.Drive,,Loading,pitch.0,436147,1.0958,2.0892,34.8548,18.8165,-51.0635,3.0396,0.195,0.0719
1779988770053,1,Pitching Mound.Parent,,Loading,pitch.0,435204,0.3815,2.0249,35.5904,18.8211,-51.1157,3.258,0.191,0.0758
1779988770054,1,11.0000004b,Drive,Loading,pitch.0,436148,1.1487,2.0721,34.3693,18.6354,-50.4036,2.9277,0.1952,0.0722
1779988770054,1,12.00000015,Lower Delivery,Loading,pitch.0,435885,-0.6813,-0.1787,0.6165,-0.0966,-0.0288,-0.0058,0.0,0.0
1779988770054,1,12.00000018,Upper Delivery,Loading,pitch.0,436743,-0.0259,0.0947,0.0925,-0.0884,-0.0304,-0.0012,0.0,0.0
1779988770054,1,Pitching Mound.Delivery,,Loading,pitch.0,435584,-0.7072,-0.084,0.709,-0.0067,-0.0592,0.2158,0.0,0.0
1779988770054,1,Pitching Mound.Drive,,Loading,pitch.0,436148,1.1487,2.0721,34.3693,18.6354,-50.4036,2.9277,0.1952,0.0722
1779988770054,1,Pitching Mound.Parent,,Loading,pitch.0,435205,0.4415,1.9881,35.0783,18.6287,-50.4628,3.1435,0.1913,0.0758
1779988770055,1,11.0000004b,Drive,Loading,pitch.0,436149,1.1847,2.0355,34.1407,18.5041,-50.1376,2.8353,0.1955,0.0722
1779988770055,1,12.00000015,Lower Delivery,Loading,pitch.0,435886,-0.6868,-0.2002,0.5812,-0.1074,-0.0228,-0.0029,0.0,0.0
1779988770055,1,12.00000018,Upper Delivery,Loading,pitch.0,436744,-0.0263,0.0909,0.0928,-0.0884,-0.0304,-0.0012,0.0,0.0
1779988770055,1,Pitching Mound.Delivery,,Loading,pitch.0,435585,-0.713,-0.1093,0.674,-0.0297,-0.0532,0.2205,0.0,0.0
1779988770055,1,Pitching Mound.Drive,,Loading,pitch.0,436149,1.1847,2.0355,34.1407,18.5041,-50.1376,2.8353,0.1955,0.0722
1779988770055,1,Pitching Mound.Parent,,Loading,pitch.0,435206,0.4717,1.9261,34.8147,18.4744,-50.1907,3.0558,0.1917,0.0755
1779988770056,1,11.0000004b,Drive,Loading,pitch.0,436150,1.217,1.9926,33.7895,18.2647,-49.7133,2.7272,0.1959,0.072
1779988770056,1,12.00000015,Lower Delivery,Loading,pitch.0,435887,-0.6808,-0.2248,0.5667,-0.102,-0.0225,-0.0028,0.0,0.0
1779988770056,1,12.00000018,Upper Delivery,Loading,pitch.0,436745,-0.0103,0.1073,0.0839,-0.0884,-0.0304,-0.0012,0.0,0.0
1779988770056,1,Pitching Mound.Delivery,,Loading,pitch.0,435586,-0.691,-0.1175,0.6506,-0.0262,-0.0529,0.224,0.0,0.0
1779988770056,1,Pitching Mound.Drive,,Loading,pitch.0,436150,1.217,1.9926,33.7895,18.2647,-49.7133,2.7272,0.1959,0.072
1779988770056,1,Pitching Mound.Parent,,Loading,pitch.0,435207,0.526,1.8752,34.4401,18.2385,-49.7662,2.9511,0.1922,0.0754
1779988770057,1,11.0000004b,Drive,Loading,pitch.0,436151,1.243,1.9659,33.423,18.08,-49.2688,2.6302,0.1962,0.072
1779988770057,1,12.00000015,Lower Delivery,Loading,pitch.0,435888,-0.6165,-0.2122,0.4943,-0.0951,-0.0142,-0.0023,0.0,0.0
1779988770057,1,12.00000018,Upper Delivery,Loading,pitch.0,436746,-0.0112,0.1052,0.089,-0.0884,-0.0304,-0.0012,0.0,0.0
1779988770057,1,Pitching Mound.Delivery,,Loading,pitch.0,435587,-0.6277,-0.107,0.5833,-0.0456,-0.0446,0.2023,0.0,0.0
1779988770057,1,Pitching Mound.Drive,,Loading,pitch.0,436151,1.243,1.9659,33.423,18.08,-49.2688,2.6302,0.1962,0.072
1779988770057,1,Pitching Mound.Parent,,Loading,pitch.0,435208,0.6152,1.859,34.0063,18.0343,-49.3134,2.8324,0.1929,0.0748
1779988770058,1,11.0000004b,Drive,Loading,pitch.0,436152,1.2769,1.938,33.1003,17.9147,-48.8654,2.5391,0.1965,0.0721
1779988770058,1,12.00000015,Lower Delivery,Loading,pitch.0,435889,-0.5907,-0.2315,0.4616,-0.089,-0.0052,-0.0002,0.0,0.0
1779988770058,1,12.00000018,Upper Delivery,Loading,pitch.0,436747,-0.0172,0.0981,0.0974,-0.0884,-0.0304,-0.0012,0.0,0.0
1779988770058,1,Pitching Mound.Delivery,,Loading,pitch.0,435588,-0.6079,-0.1334,0.5591,-0.0535,-0.0356,0.1936,0.0,0.0
1779988770058,1,Pitching Mound.Drive,,Loading,pitch.0,436152,1.2769,1.938,33.1003,17.9147,-48.8654,2.5391,0.1965,0.0721
1779988770058,1,Pitching Mound.Parent,,Loading,pitch.0,435209,0.6689,1.8046,33.6594,17.8612,-48.901,2.7327,0.1933,0.0745
1779988770059,1,11.0000004b,Drive,Loading,pitch.0,436153,1.2944,1.9017,32.7696,17.7863,-48.342,2.4371,0.1964,0.0723
1779988770059,1,12.00000015,Lower Delivery,Loading,pitch.0,435890,-0.5555,-0.2491,0.43,-0.0679,-0.0014,-0.0028,0.0,0.0
1779988770059,1,12.00000018,Upper Delivery,Loading,pitch.0,436748,-0.0267,0.0851,0.1094,-0.0884,-0.0304,-0.0012,0.0,0.0
1779988770059,1,Pitching Mound.Delivery,,Loading,pitch.0,435589,-0.5822,-0.164,0.5394,-0.0473,-0.0318,0.1758,0.0,0.0
1779988770059,1,Pitching Mound.Drive,,Loading,pitch.0,436153,1.2944,1.9017,32.7696,17.7863,-48.342,2.4371,0.1964,0.0723
1779988770059,1,Pitching Mound.Parent,,Loading,pitch.0,435210,0.7122,1.7376,33.309,17.739,-48.3738,2.6129,0.1932,0.0744
1779988770060,1,11.0000004b,Drive,Loading,pitch.0,436154,1.3309,1.8672,32.3186,17.5262,-47.7395,2.3722,0.1966,0.0722
1779988770060,1,12.00000015,Lower Delivery,Loading,pitch.0,435891,-0.5272,-0.2201,0.4337,-0.0521,-0.0045,-0.0043,0.0,0.0
1779988770060,1,12.00000018,Upper Delivery,Loading,pitch.0,436749,-0.0336,0.0735,0.0853,-0.0884,-0.0304,-0.0012,0.0,0.0
1779988770060,1,Pitching Mound.Delivery,,Loading,pitch.0,435590,-0.5608,-0.1466,0.519,-0.022,-0.0349,0.1623,0.0,0.0
1779988770060,1,Pitching Mound.Drive,,Loading,pitch.0,436154,1.3309,1.8672,32.3186,17.5262,-47.7395,2.3722,0.1966,0.0722
1779988770060,1,Pitching Mound.Parent,,Loading,pitch.0,435211,0.7701,1.7205,32.8376,17.5042,-47.7744,2.5345,0.1935,0.0747
1779988770061,1,11.0000004b,Drive,Loading,pitch.0,436155,1.3428,1.7962,31.9444,17.3087,-47.2545,2.2535,0.1969,0.0721
1779988770061,1,12.00000015,Lower Delivery,Loading,pitch.0,435892,-0.5058,-0.2136,0.4247,-0.0377,-0.0055,-0.0061,0.0,0.0
1779988770061,1,12.00000018,Upper Delivery,Loading,pitch.0,436750,-0.0236,0.0918,0.0803,-0.0884,-0.0304,-0.0012,0.0,0.0
1779988770061,1,Pitching Mound.Delivery,,Loading,pitch.0,435591,-0.5294,-0.1218,0.505,-0.009,-0.0358,0.1567,0.0,0.0
1779988770061,1,Pitching Mound.Drive,,Loading,pitch.0,436155,1.3428,1.7962,31.9444,17.3087,-47.2545,2.2535,0.1969,0.0721
1779988770061,1,Pitching Mound.Parent,,Loading,pitch.0,435212,0.8134,1.6744,32.4494,17.2996,-47.2903,2.4102,0.1939,0.0746
1779988770062,1,11.0000004b,Drive,Loading,pitch.0,436156,1.3912,1.7682,31.6838,17.0361,-46.8488,2.1721,0.1968,0.0716
1779988770062,1,11.0000004b,Drive,Loading,pitch.0,436157,1.4121,1.7059,31.2783,16.7924,-46.2431,2.0609,0.1968,0.0715
1779988770062,1,12.00000015,Lower Delivery,Loading,pitch.0,435893,-0.4762,-0.2112,0.3844,-0.0366,-0.0059,-0.0057,0.0,0.0
1779988770062,1,12.00000018,Upper Delivery,Loading,pitch.0,436751,-0.043,0.0673,0.0662,-0.0884,-0.0304,-0.0012,0.0,0.0
1779988770062,1,Pitching Mound.Delivery,,Loading,pitch.0,435592,-0.5192,-0.1439,0.4506,-0.0168,-0.0363,0.1404,0.0,0.0
1779988770062,1,Pitching Mound.Drive,,Loading,pitch.0,436156,1.3912,1.7682,31.6838,17.0361,-46.8488,2.1721,0.1968,0.0716
1779988770062,1,Pitching Mound.Drive,,Loading,pitch.0,436157,1.4121,1.7059,31.2783,16.7924,-46.2431,2.0609,0.1968,0.0715
1779988770062,1,Pitching Mound.Parent,,Loading,pitch.0,435213,0.872,1.6243,32.1345,17.0193,-46.8851,2.3124,0.1941,0.0739
1779988770063,1,11.0000004b,Drive,Loading,pitch.0,436158,1.4572,1.6677,30.9083,16.602,-45.6609,1.9868,0.1967,0.0715
1779988770063,1,12.00000015,Lower Delivery,Loading,pitch.0,435894,-0.4856,-0.2464,0.3845,-0.0413,-0.0023,-0.004,0.0,0.0
1779988770063,1,12.00000018,Upper Delivery,Loading,pitch.0,436752,-0.0502,0.0552,0.0513,-0.0884,-0.0304,-0.0012,0.0,0.0
1779988770063,1,Pitching Mound.Delivery,,Loading,pitch.0,435593,-0.5357,-0.1913,0.4357,-0.0164,-0.0326,0.1428,0.0,0.0
1779988770063,1,Pitching Mound.Drive,,Loading,pitch.0,436158,1.4572,1.6677,30.9083,16.602,-45.6609,1.9868,0.1967,0.0715
1779988770063,1,Pitching Mound.Parent,,Loading,pitch.0,435214,0.8764,1.5147,31.714,16.7759,-46.2758,2.2037,0.1941,0.0741
1779988770064,1,11.0000004b,Drive,Loading,pitch.0,436159,1.5078,1.6324,30.5527,16.3438,-45.2058,1.9021,0.197,0.0712
1779988770064,1,12.00000015,Lower Delivery,Loading,pitch.0,435895,-0.4296,-0.2768,0.2986,-0.0469,-0.0042,-0.0043,0.0,0.0
1779988770064,1,12.00000018,Upper Delivery,Loading,pitch.0,436753,-0.0552,0.0522,0.0275,-0.0884,-0.0304,-0.0012,0.0,0.0
1779988770064,1,Pitching Mound.Delivery,,Loading,pitch.0,435594,-0.4848,-0.2247,0.3261,-0.0431,-0.0345,0.1218,0.0,0.0
1779988770064,1,Pitching Mound.Drive,,Loading,pitch.0,436159,1.5078,1.6324,30.5527,16.3438,-45.2058,1.9021,0.197,0.0712
1779988770064,1,Pitching Mound.Parent,,Loading,pitch.0,435215,0.9724,1.443,31.2345,16.5589,-45.6955,2.1086,0.1946,0.0737
1779988770065,1,11.0000004b,Drive,Loading,pitch.0,436160,1.5138,1.602,30.0819,16.2375,-44.5794,1.811,0.1973,0.0719
1779988770065,1,12.00000015,Lower Delivery,Loading,pitch.0,435896,-0.4516,-0.2527,0.3245,-0.0537,-0.0043,-0.0053,0.0,0.0
1779988770065,1,12.00000018,Upper Delivery,Loading,pitch.0,436754,-0.0631,0.0379,0.0309,-0.0884,-0.0304,-0.0012,0.0,0.0
1779988770065,1,Pitching Mound.Delivery,,Loading,pitch.0,435595,-0.5147,-0.2148,0.3554,-0.0422,-0.0347,0.1256,0.0,0.0
1779988770065,1,Pitching Mound.Drive,,Loading,pitch.0,436160,1.5138,1.602,30.0819,16.2375,-44.5794,1.811,0.1973,0.0719
1779988770065,1,Pitching Mound.Parent,,Loading,pitch.0,435216,0.9931,1.4176,30.9081,16.3016,-45.2405,2.0277,0.1947,0.0736
1779988770066,1,11.0000004b,Drive,Loading,pitch.0,436161,1.5555,1.5635,29.7586,16.0836,-44.0504,1.7476,0.1971,0.072
1779988770066,1,12.00000015,Lower Delivery,Loading,pitch.0,435897,-0.4774,-0.2399,0.3521,-0.062,-0.0059,-0.0053,0.0,0.0
1779988770066,1,12.00000018,Upper Delivery,Loading,pitch.0,436755,-0.0556,0.0559,0.0286,-0.0884,-0.0304,-0.0012,0.0,0.0
1779988770066,1,Pitching Mound.Delivery,,Loading,pitch.0,435596,-0.533,-0.1841,0.3807,-0.0404,-0.0362,0.1369,0.0,0.0
1779988770066,1,Pitching Mound.Drive,,Loading,pitch.0,436161,1.5555,1.5635,29.7586,16.0836,-44.0504,1.7476,0.1971,0.072
1779988770066,1,Pitching Mound.Parent,,Loading,pitch.0,435217,0.9809,1.4179,30.4627,16.1972,-44.6157,1.9479,0.1948,0.0746
1779988770067,1,11.0000004b,Drive,Loading,pitch.0,436162,1.6022,1.5219,29.3647,15.8362,-43.5263,1.6636,0.1973,0.0718
1779988770067,1,12.00000015,Lower Delivery,Loading,pitch.0,435898,-0.5163,-0.2743,0.3807,-0.0722,-0.0002,-0.004,0.0,0.0
1779988770067,1,12.00000018,Upper Delivery,Loading,pitch.0,436756,-0.0681,0.0337,0.0404,-0.0884,-0.0304,-0.0012,0.0,0.0
1779988770067,1,Pitching Mound.Delivery,,Loading,pitch.0,435597,-0.5844,-0.2407,0.4211,-0.0449,-0.0306,0.1471,0.0,0.0
1779988770067,1,Pitching Mound.Drive,,Loading,pitch.0,436162,1.6022,1.5219,29.3647,15.8362,-43.5263,1.6636,0.1973,0.0718
1779988770067,1,Pitching Mound.Parent,,Loading,pitch.0,435218,0.9711,1.3228,30.1798,16.0387,-44.081,1.8948,0.1943,0.0748
1779988770068,1,11.0000004b,Drive,Loading,pitch.0,436163,1.6191,1.4986,29.0025,15.6549,-42.9438,1.5936,0.1971,0.0719
1779988770068,1,12.00000015,Lower Delivery,Loading,pitch.0,435899,-0.5324,-0.3133,0.379,-0.056,-0.0061,-0.0061,0.0,0.0
1779988770068,1,12.00000018,Upper Delivery,Loading,pitch.0,436757,-0.0637,0.0475,0.0091,-0.0884,-0.0304,-0.0012,0.0,0.0
1779988770068,1,Pitching Mound.Delivery,,Loading,pitch.0,435598,-0.5961,-0.2658,0.3881,-0.0186,-0.0365,0.1521,0.0,0.0
1779988770068,1,Pitching Mound.Drive,,Loading,pitch.0,436163,1.6191,1.4986,29.0025,15.6549,-42.9438,1.5936,0.1971,0.0719
1779988770068,1,Pitching Mound.Parent,,Loading,pitch.0,435219,1.0061,1.2561,29.7529,15.8176,-43.5628,1.8156,0.1948,0.0751
1779988770069,1,11.0000004b,Drive,Loading,pitch.0,436164,1.659,1.4872,28.6236,15.4453,-42.3824,1.5266,0.1971,0.0718
1779988770069,1,12.00000015,Lower Delivery,Loading,pitch.0,435900,-0.5471,-0.3033,0.3991,-0.0638,-0.0014,-0.0041,0.0,0.0
1779988770069,1,12.00000018,Upper Delivery,Loading,pitch.0,436758,-0.0644,0.0551,0.0187,-0.0884,-0.0304,-0.0012,0.0,0.0
1779988770069,1,Pitching Mound.Delivery,,Loading,pitch.0,435599,-0.6115,-0.2482,0.4178,-0.0229,-0.0317,0.1588,0.0,0.0
1779988770069,1,Pitching Mound.Drive,,Loading,pitch.0,436164,1.659,1.4872,28.6236,15.4453,-42.3824,1.5266,0.1971,0.0718
1779988770069,1,Pitching Mound.Parent,,Loading,pitch.0,435220,1.0076,1.2504,29.4203,15.632,-42.9755,1.7524,0.1943,0.0752
1779988770070,1,11.0000004b,Drive,Loading,pitch.0,436165,1.6817,1.4467,28.2639,15.2261,-41.727,1.4536,0.1965,0.0717
1779988770070,1,12.00000015,Lower Delivery,Loading,pitch.0,435901,-0.5504,-0.2868,0.4085,-0.0644,-0.0021,-0.0045,0.0,0.0
1779988770070,1,12.00000018,Upper Delivery,Loading,pitch.0,436759,-0.0484,0.0742,0.0503,-0.0884,-0.0304,-0.0012,0.0,0.0
1779988770070,1,Pitching Mound.Delivery,,Loading,pitch.0,435600,-0.5988,-0.2126,0.4588,-0.031,-0.0324,0.165,0.0,0.0
1779988770070,1,Pitching Mound.Drive,,Loading,pitch.0,436165,1.6817,1.4467,28.2639,15.2261,-41.727,1.4536,0.1965,0.0717
1779988770070,1,Pitching Mound.Parent,,Loading,pitch.0,435221,1.0601,1.2747,29.0823,15.4144,-42.4148,1.6917,0.194,0.0749
1779988770071,1,11.0000004b,Drive,Loading,pitch.0,436166,1.7145,1.4378,27.7536,15.0377,-40.951,1.3714,0.1964,0.0721
1779988770071,1,12.00000015,Lower Delivery,Loading,pitch.0,435902,-0.5373,-0.2948,0.3839,-0.0664,0.0026,-0.0042,0.0,0.0
1779988770071,1,12.00000018,Upper Delivery,Loading,pitch.0,436760,-0.0363,0.0806,0.1016,-0.0884,-0.0304,-0.0012,0.0,0.0
1779988770071,1,Pitching Mound.Delivery,,Loading,pitch.0,435601,-0.5736,-0.2142,0.4856,-0.0588,-0.0277,0.1649,0.0,0.0
1779988770071,1,Pitching Mound.Drive,,Loading,pitch.0,436166,1.7145,1.4378,27.7536,15.0377,-40.951,1.3714,0.1964,0.0721
1779988770071,1,Pitching Mound.Parent,,Loading,pitch.0,435222,1.1081,1.2326,28.7494,15.1673,-41.7547,1.6185,0.1932,0.0738
1779988770072,1,11.0000004b,Drive,Loading,pitch.0,436167,1.7442,1.4212,27.4536,14.9137,-40.4548,1.3013,0.1962,0.0723
1779988770072,1,12.00000015,Lower Delivery,Loading,pitch.0,435903,-0.5313,-0.2477,0.4081,-0.0579,0.0103,-0.0018,0.0,0.0
1779988770072,1,12.00000018,Upper Delivery,Loading,pitch.0,436761,-0.0522,0.064,0.0768,-0.0884,-0.0304,-0.0012,0.0,0.0
1779988770072,1,Pitching Mound.Delivery,,Loading,pitch.0,435602,-0.5835,-0.1837,0.4849,-0.0337,-0.0201,0.1599,0.0,0.0
1779988770072,1,Pitching Mound.Drive,,Loading,pitch.0,436167,1.7442,1.4212,27.4536,14.9137,-40.4548,1.3013,0.1962,0.0723
1779988770072,1,Pitching Mound.Parent,,Loading,pitch.0,435223,1.131,1.2541,28.2385,15.004,-40.9711,1.5314,0.1931,0.0749
1779988770073,1,11.0000004b,Drive,Loading,pitch.0,436168,1.793,1.3836,26.9649,14.6661,-39.7394,1.244,0.1962,0.0724
1779988770073,1,12.00000015,Lower Delivery,Loading,pitch.0,435904,-0.5179,-0.2287,0.4085,-0.0574,0.0106,-0.0012,0.0,0.0
1779988770073,1,12.00000018,Upper Delivery,Loading,pitch.0,436762,-0.0206,0.0954,0.0885,-0.0884,-0.0304,-0.0012,0.0,0.0
1779988770073,1,Pitching Mound.Delivery,,Loading,pitch.0,435603,-0.5386,-0.1333,0.497,-0.037,-0.0198,0.1667,0.0,0.0
1779988770073,1,Pitching Mound.Drive,,Loading,pitch.0,436168,1.793,1.3836,26.9649,14.6661,-39.7394,1.244,0.1962,0.0724
1779988770073,1,Pitching Mound.Parent,,Loading,pitch.0,435224,1.2057,1.2879,27.9505,14.8767,-40.4746,1.468,0.1927,0.0749
1779988770074,1,11.0000004b,Drive,Loading,pitch.0,436169,1.8027,1.3497,26.4521,14.4374,-39.1615,1.18,0.1971,0.0727
1779988770074,1,12.00000015,Lower Delivery,Loading,pitch.0,435905,-0.443,-0.1798,0.365,-0.0586,0.0109,-0.0005,0.0,0.0
1779988770074,1,12.00000018,Upper Delivery,Loading,pitch.0,436763,-0.0298,0.084,0.0879,-0.0884,-0.0304,-0.0012,0.0,0.0
1779988770074,1,Pitching Mound.Delivery,,Loading,pitch.0,435604,-0.4728,-0.0958,0.4529,-0.0528,-0.0194,0.1388,0.0,0.0
1779988770074,1,Pitching Mound.Drive,,Loading,pitch.0,436169,1.8027,1.3497,26.4521,14.4374,-39.1615,1.18,0.1971,0.0727
1779988770074,1,Pitching Mound.Parent,,Loading,pitch.0,435225,1.3202,1.2878,27.4177,14.6133,-39.7589,1.3828,0.193,0.0746
1779988770075,1,11.0000004b,Drive,Loading,pitch.0,436170,1.8254,1.3052,26.1084,14.2301,-38.4696,1.1004,0.1962,0.0726
1779988770075,1,12.00000015,Lower Delivery,Loading,pitch.0,435906,-0.4451,-0.1795,0.3716,-0.0542,-0.0003,-0.0021,0.0,0.0
1779988770075,1,12.00000018,Upper Delivery,Loading,pitch.0,436764,-0.0242,0.0874,0.0965,-0.0884,-0.0304,-0.0012,0.0,0.0
1779988770075,1,Pitching Mound.Delivery,,Loading,pitch.0,435605,-0.4694,-0.0921,0.4681,-0.0491,-0.0307,0.1398,0.0,0.0
1779988770075,1,Pitching Mound.Drive,,Loading,pitch.0,436170,1.8254,1.3052,26.1084,14.2301,-38.4696,1.1004,0.1962,0.0726
1779988770075,1,Pitching Mound.Parent,,Loading,pitch.0,435226,1.3333,1.2576,26.9202,14.3883,-39.1922,1.3199,0.1937,0.0749
1779988770076,1,11.0000004b,Drive,Loading,pitch.0,436171,1.8604,1.2868,25.7576,14.0033,-38.0131,1.0324,0.1965,0.0724
1779988770076,1,12.00000015,Lower Delivery,Loading,pitch.0,435907,-0.4238,-0.153,0.388,-0.0632,-0.0005,-0.0032,0.0,0.0
1779988770076,1,12.00000018,Upper Delivery,Loading,pitch.0,436765,-0.0121,0.1,0.1062,-0.0884,-0.0304,-0.0012,0.0,0.0
1779988770076,1,Pitching Mound.Delivery,,Loading,pitch.0,435606,-0.4358,-0.053,0.4942,-0.0557,-0.0308,0.1356,0.0,0.0
1779988770076,1,Pitching Mound.Drive,,Loading,pitch.0,436171,1.8604,1.2868,25.7576,14.0033,-38.0131,1.0324,0.1965,0.0724
1779988770076,1,Pitching Mound.Parent,,Loading,pitch.0,435227,1.3895,1.2522,26.6026,14.1743,-38.5004,1.236,0.1925,0.0748
1779988770077,1,11.0000004b,Drive,Loading,pitch.0,436172,1.9018,1.2473,25.3602,13.8098,-37.3304,0.9401,0.196,0.0725
1779988770077,1,12.00000015,Lower Delivery,Loading,pitch.0,435908,-0.4414,-0.1249,0.4215,-0.071,-0.0042,-0.0033,0.0,0.0
1779988770077,1,12.00000018,Upper Delivery,Loading,pitch.0,436766,-0.0103,0.1028,0.0714,-0.0884,-0.0304,-0.0012,0.0,0.0
1779988770077,1,Pitching Mound.Delivery,,Loading,pitch.0,435607,-0.4517,-0.0221,0.493,-0.0403,-0.0345,0.142,0.0,0.0
1779988770077,1,Pitching Mound.Drive,,Loading,pitch.0,436172,1.9018,1.2473,25.3602,13.8098,-37.3304,0.9401,0.196,0.0725
1779988770077,1,Pitching Mound.Parent,,Loading,pitch.0,435228,1.4087,1.2646,26.2506,13.963,-38.0476,1.1745,0.1928,0.0756
1779988770078,1,11.0000004b,Drive,Loading,pitch.0,436173,1.9173,1.2202,24.7194,13.594,-36.6328,0.8439,0.1973,0.0732
1779988770078,1,12.00000015,Lower Delivery,Loading,pitch.0,435909,-0.4289,-0.1251,0.4056,-0.0728,-0.0127,-0.0018,0.0,0.0
1779988770078,1,12.00000018,Upper Delivery,Loading,pitch.0,436767,-0.0108,0.0989,0.0436,-0.0884,-0.0304,-0.0012,0.0,0.0
1779988770078,1,Pitching Mound.Delivery,,Loading,pitch.0,435608,-0.4397,-0.0262,0.4492,-0.0381,-0.0431,0.1391,0.0,0.0
1779988770078,1,Pitching Mound.Drive,,Loading,pitch.0,436173,1.9173,1.2202,24.7194,13.594,-36.6328,0.8439,0.1973,0.0732
1779988770078,1,Pitching Mound.Parent,,Loading,pitch.0,435229,1.4621,1.2211,25.8094,13.7717,-37.3735,1.0792,0.1926,0.076
1779988770079,1,11.0000004b,Drive,Loading,pitch.0,436174,1.9514,1.1701,24.4333,13.4458,-36.0369,0.8099,0.1964,0.0733
1779988770079,1,12.00000015,Lower Delivery,Loading,pitch.0,435910,-0.4292,-0.1338,0.4109,-0.0751,-0.0126,0.0005,0.0,0.0
1779988770079,1,12.00000018,Upper Delivery,Loading,pitch.0,436768,-0.0268,0.0848,0.0849,-0.0884,-0.0304,-0.0012,0.0,0.0
1779988770079,1,Pitching Mound.Delivery,,Loading,pitch.0,435609,-0.456,-0.0491,0.4958,-0.0526,-0.0429,0.1361,0.0,0.0
1779988770079,1,Pitching Mound.Drive,,Loading,pitch.0,436174,1.9514,1.1701,24.4333,13.4458,-36.0369,0.8099,0.1964,0.0733
1779988770079,1,Pitching Mound.Parent,,Loading,pitch.0,435230,1.4613,1.1712,25.2152,13.5414,-36.6757,0.98,0.1934,0.0762
1779988770080,1,11.0000004b,Drive,Loading,pitch.0,436175,1.9502,1.1404,23.7405,13.196,-35.2985,0.7597,0.1979,0.074
1779988770080,1,12.00000015,Lower Delivery,Loading,pitch.0,435911,-0.4669,-0.1371,0.4532,-0.0789,-0.0155,0.0003,0.0,0.0
1779988770080,1,12.00000018,Upper Delivery,Loading,pitch.0,436769,-0.0253,0.0883,0.0692,-0.0884,-0.0304,-0.0012,0.0,0.0
1779988770080,1,Pitching Mound.Delivery,,Loading,pitch.0,435610,-0.4922,-0.0488,0.5224,-0.0367,-0.0459,0.1492,0.0,0.0
1779988770080,1,Pitching Mound.Drive,,Loading,pitch.0,436175,1.9502,1.1404,23.7405,13.196,-35.2985,0.7597,0.1979,0.074
1779988770080,1,Pitching Mound.Parent,,Loading,pitch.0,435231,1.4592,1.1212,24.9557,13.409,-36.0828,0.9591,0.1922,0.077
1779988770081,1,11.0000004b,Drive,Loading,pitch.0,436176,1.9848,1.1075,23.5008,13.1132,-34.6866,0.701,0.1965,0.0743
1779988770081,1,12.00000015,Lower Delivery,Loading,pitch.0,435912,-0.4843,-0.1531,0.4643,-0.0781,-0.0129,0.0013,0.0,0.0
1779988770081,1,12.00000018,Upper Delivery,Loading,pitch.0,436770,-0.0304,0.0843,0.07,-0.0884,-0.0304,-0.0012,0.0,0.0
1779988770081,1,Pitching Mound.Delivery,,Loading,pitch.0,435611,-0.5148,-0.0687,0.5343,-0.0323,-0.0433,0.1544,0.0,0.0
1779988770081,1,Pitching Mound.Drive,,Loading,pitch.0,436176,1.9848,1.1075,23.5008,13.1132,-34.6866,0.701,0.1965,0.0743
1779988770081,1,Pitching Mound.Parent,,Loading,pitch.0,435232,1.4355,1.0717,24.2748,13.1636,-35.3419,0.9141,0.1936,0.0779
1779988770082,1,11.0000004b,Drive,Loading,pitch.0,436177,1.9961,1.088,23.0786,12.8214,-34.1676,0.6835,0.1971,0.074
1779988770082,1,12.00000015,Lower Delivery,Loading,pitch.0,435913,-0.5515,-0.1824,0.5254,-0.0741,-0.0093,0.0026,0.0,0.0
1779988770082,1,12.00000018,Upper Delivery,Loading,pitch.0,436771,-0.0601,0.0541,0.0351,-0.0884,-0.0304,-0.0012,0.0,0.0
1779988770082,1,Pitching Mound.Delivery,,Loading,pitch.0,435612,-0.6117,-0.1283,0.5605,0.0042,-0.0396,0.1684,0.0,0.0
1779988770082,1,Pitching Mound.Drive,,Loading,pitch.0,436177,1.9961,1.088,23.0786,12.8214,-34.1676,0.6835,0.1971,0.074
1779988770082,1,Pitching Mound.Parent,,Loading,pitch.0,435233,1.3731,0.9791,24.0613,13.1174,-34.7262,0.8694,0.1919,0.0795
1779988770083,1,11.0000004b,Drive,Loading,pitch.0,436178,2.0389,1.0475,22.5723,12.5118,-33.3852,0.6009,0.1969,0.0738
1779988770083,1,12.00000015,Lower Delivery,Loading,pitch.0,435914,-0.5687,-0.2055,0.5322,-0.0852,-0.0013,0.0031,0.0,0.0
1779988770083,1,12.00000018,Upper Delivery,Loading,pitch.0,436772,-0.0602,0.056,0.0295,-0.0884,-0.0304,-0.0012,0.0,0.0
1779988770083,1,Pitching Mound.Delivery,,Loading,pitch.0,435613,-0.6289,-0.1495,0.5616,-0.0026,-0.0316,0.1748,0.0,0.0
1779988770083,1,Pitching Mound.Drive,,Loading,pitch.0,436178,2.0389,1.0475,22.5723,12.5118,-33.3852,0.6009,0.1969,0.0738
1779988770083,1,Pitching Mound.Parent,,Loading,pitch.0,435234,1.3672,0.9385,23.6403,12.8187,-34.1992,0.8583,0.1924,0.0794
1779988770084,1,11.0000004b,Drive,Loading,pitch.0,436179,2.0533,1.0146,22.1686,12.2643,-32.631,0.5233,0.196,0.0737
1779988770084,1,12.00000015,Lower Delivery,Loading,pitch.0,435915,-0.6356,-0.2233,0.5945,-0.0675,-0.002,-0.0009,0.0,0.0
1779988770084,1,12.00000018,Upper Delivery,Loading,pitch.0,436773,-0.045,0.0715,0.0857,-0.0884,-0.0304,-0.0012,0.0,0.0
1779988770084,1,Pitching Mound.Delivery,,Loading,pitch.0,435614,-0.6806,-0.1518,0.6801,0.0172,-0.0324,0.1987,0.0,0.0
1779988770084,1,Pitching Mound.Drive,,Loading,pitch.0,436179,2.0533,1.0146,22.1686,12.2643,-32.631,0.5233,0.196,0.0737
1779988770084,1,Pitching Mound.Parent,,Loading,pitch.0,435235,1.3583,0.8957,23.2524,12.529,-33.4176,0.7996,0.1911,0.0791
1779988770085,1,11.0000004b,Drive,Loading,pitch.0,436180,2.083,0.986,21.6597,12.0234,-31.9427,0.46,0.1963,0.0739
1779988770085,1,12.00000015,Lower Delivery,Loading,pitch.0,435916,-0.6378,-0.2432,0.5806,-0.0609,-0.0067,-0.0028,0.0,0.0
1779988770085,1,12.00000018,Upper Delivery,Loading,pitch.0,436774,-0.0659,0.0753,0.1351,-0.0884,-0.0304,-0.0012,0.0,0.0
1779988770085,1,Pitching Mound.Delivery,,Loading,pitch.0,435615,-0.7037,-0.168,0.7157,0.0022,-0.037,0.1905,0.0,0.0
1779988770085,1,Pitching Mound.Drive,,Loading,pitch.0,436180,2.083,0.986,21.6597,12.0234,-31.9427,0.46,0.1963,0.0739
1779988770085,1,Pitching Mound.Parent,,Loading,pitch.0,435236,1.3496,0.8466,22.8843,12.2665,-32.6681,0.7138,0.1898,0.078
1779988770086,1,11.0000004b,Drive,Loading,pitch.0,436181,2.1144,0.9631,21.273,11.7918,-31.391,0.4105,0.1964,0.0738
1779988770086,1,12.00000015,Lower Delivery,Loading,pitch.0,435917,-0.6585,-0.2472,0.6139,-0.0516,0.0004,-0.0023,0.0,0.0
1779988770086,1,12.00000018,Upper Delivery,Loading,pitch.0,436775,-0.1078,0.1118,0.3151,-0.0884,-0.0304,-0.0012,0.0,0.0
1779988770086,1,Pitching Mound.Delivery,,Loading,pitch.0,435616,-0.7663,-0.1354,0.929,-0.0384,-0.0299,0.1837,0.0,0.0
1779988770086,1,Pitching Mound.Drive,,Loading,pitch.0,436181,2.1144,0.9631,21.273,11.7918,-31.391,0.4105,0.1964,0.0738
1779988770086,1,Pitching Mound.Parent,,Loading,pitch.0,435237,1.3167,0.8507,22.5887,11.985,-31.9726,0.6437,0.1883,0.0754
1779988770087,1,11.0000004b,Drive,Loading,pitch.0,436182,2.1254,0.9461,20.7735,11.6201,-30.6631,0.352,0.1965,0.0745
1779988770087,1,12.00000015,Lower Delivery,Loading,pitch.0,435918,-0.6814,-0.2654,0.6201,-0.0468,-0.0106,-0.0042,0.0,0.0
1779988770087,1,12.00000018,Upper Delivery,Loading,pitch.0,436776,-0.0597,0.0661,0.0703,-0.0884,-0.0304,-0.0012,0.0,0.0
1779988770087,1,Pitching Mound.Delivery,,Loading,pitch.0,435617,-0.7411,-0.1993,0.6903,0.0518,-0.041,0.206,0.0,0.0
1779988770087,1,Pitching Mound.Drive,,Loading,pitch.0,436182,2.1254,0.9461,20.7735,11.6201,-30.6631,0.352,0.1965,0.0745
1779988770087,1,Pitching Mound.Parent,,Loading,pitch.0,435238,1.3733,0.7638,21.9633,11.8436,-31.432,0.6166,0.0,0.0
1779988770088,1,11.0000004b,Drive,Loading,pitch.0,436183,2.143,0.9198,20.4293,11.4288,-30.0335,0.2981,0.1957,0.0745
1779988770088,1,12.00000015,Lower Delivery,Loading,pitch.0,435919,-0.6592,-0.3021,0.5662,-0.0394,-0.0037,-0.004,0.0,0.0
1779988770088,1,12.00000018,Upper Delivery,Loading,pitch.0,436777,-0.0649,0.0642,0.0658,-0.0884,-0.0304,-0.0012,0.0,0.0
1779988770088,1,Pitching Mound.Delivery,,Loading,pitch.0,435618,-0.7242,-0.238,0.632,0.0424,-0.034,0.1969,0.0,0.0
1779988770088,1,Pitching Mound.Drive,,Loading,pitch.0,436183,2.143,0.9198,20.4293,11.4288,-30.0335,0.2981,0.1957,0.0745
1779988770088,1,Pitching Mound.Parent,,Loading,pitch.0,435239,1.4013,0.7082,21.4055,11.6625,-30.6972,0.5488,0.0,0.0
1779988770089,1,11.0000004b,Drive,Loading,pitch.0,436184,2.1726,0.8901,20.0525,11.1502,-29.5219,0.2369,0.196,0.074
1779988770089,1,12.00000015,Lower Delivery,Loading,pitch.0,435920,-0.6988,-0.2982,0.6188,-0.028,0.002,-0.0062,0.0,0.0
1779988770089,1,12.00000018,Upper Delivery,Loading,pitch.0,436778,-0.0706,0.053,0.0468,-0.0884,-0.0304,-0.0012,0.0,0.0
1779988770089,1,Pitching Mound.Delivery,,Loading,pitch.0,435619,-0.7694,-0.2452,0.6656,0.0781,-0.0283,0.2062,0.0,0.0
1779988770089,1,Pitching Mound.Drive,,Loading,pitch.0,436184,2.1726,0.8901,20.0525,11.1502,-29.5219,0.2369,0.196,0.074
1779988770089,1,Pitching Mound.Parent,,Loading,pitch.0,435240,1.3736,0.6746,21.0949,11.5069,-30.0619,0.5043,0.0,0.0
1779988770090,1,11.0000004b,Drive,Loading,pitch.0,436185,2.181,0.8722,19.2303,10.9152,-28.7009,0.1941,0.1987,0.0756
1779988770090,1,12.00000015,Lower Delivery,Loading,pitch.0,435921,-0.7091,-0.3427,0.6047,-0.0274,0.001,-0.0058,0.0,0.0
1779988770090,1,12.00000018,Upper Delivery,Loading,pitch.0,436779,-0.0722,0.0524,0.0479,-0.0884,-0.0304,-0.0012,0.0,0.0
1779988770090,1,Pitching Mound.Delivery,,Loading,pitch.0,435620,-0.7813,-0.2903,0.6526,0.0735,-0.0294,0.2096,0.0,0.0
1779988770090,1,Pitching Mound.Drive,,Loading,pitch.0,436185,2.181,0.8722,19.2303,10.9152,-28.7009,0.1941,0.1987,0.0756
1779988770090,1,Pitching Mound.Parent,,Loading,pitch.0,435241,1.3913,0.5997,20.7051,11.2238,-29.5513,0.4465,0.0,0.0
1779988770091,1,11.0000004b,Drive,Loading,pitch.0,436186,2.2091,0.8419,18.8695,10.6866,-28.154,0.1059,0.1986,0.0754
1779988770091,1,12.00000015,Lower Delivery,Loading,pitch.0,435922,-0.6951,-0.3503,0.5787,-0.0252,0.0045,-0.0037,0.0,0.0
1779988770091,1,12.00000018,Upper Delivery,Loading,pitch.0,436780,-0.0704,0.051,0.0453,-0.0884,-0.0304,-0.0012,0.0,0.0
1779988770091,1,Pitching Mound.Delivery,,Loading,pitch.0,435621,-0.7654,-0.2993,0.624,0.0678,-0.0259,0.2075,0.0,0.0
1779988770091,1,Pitching Mound.Drive,,Loading,pitch.0,436186,2.2091,0.8419,18.8695,10.6866,-28.154,0.1059,0.1986,0.0754
1779988770091,1,Pitching Mound.Parent,,Loading,pitch.0,435242,1.4156,0.5729,19.8543,10.983,-28.7268,0.4016,0.0,0.0
1779988770092,1,11.0000004b,Drive,Loading,pitch.0,436187,2.2233,0.8235,18.2139,10.4002,-27.5436,0.0515,0.2013,0.076
1779988770092,1,12.00000015,Lower Delivery,Loading,pitch.0,435923,-0.6891,-0.3373,0.5791,-0.0288,-0.0029,-0.0058,0.0,0.0
1779988770092,1,12.00000018,Upper Delivery,Loading,pitch.0,436781,-0.0671,0.0524,0.0326,-0.0884,-0.0304,-0.0012,0.0,0.0
1779988770092,1,Pitching Mound.Delivery,,Loading,pitch.0,435622,-0.7563,-0.2849,0.6117,0.0687,-0.0333,0.2045,0.0,0.0
1779988770092,1,Pitching Mound.Drive,,Loading,pitch.0,436187,2.2233,0.8235,18.2139,10.4002,-27.5436,0.0515,0.2013,0.076
1779988770092,1,Pitching Mound.Parent,,Loading,pitch.0,435243,1.4529,0.5571,19.4813,10.7552,-28.1873,0.3103,0.0,0.0
1779988770093,1,11.0000004b,Drive,Loading,pitch.0,436188,2.2495,0.7854,17.775,10.071,-26.9041,-0.0296,0.2015,0.0754
1779988770093,1,12.00000015,Lower Delivery,Loading,pitch.0,435924,-0.6186,-0.304,0.52,-0.0352,-0.0086,-0.0066,0.0,0.0
1779988770093,1,12.00000018,Upper Delivery,Loading,pitch.0,436782,-0.0658,0.0557,0.0346,-0.0884,-0.0304,-0.0012,0.0,0.0
1779988770093,1,Pitching Mound.Delivery,,Loading,pitch.0,435623,-0.6845,-0.2482,0.5546,0.0414,-0.039,0.1802,0.0,0.0
1779988770093,1,Pitching Mound.Drive,,Loading,pitch.0,436188,2.2495,0.7854,17.775,10.071,-26.9041,-0.0296,0.2015,0.0754
1779988770093,1,Pitching Mound.Parent,,Loading,pitch.0,435244,1.5389,0.5752,18.7684,10.4416,-27.5826,0.2317,0.0,0.0
1779988770094,1,11.0000004b,Drive,Loading,pitch.0,436189,2.2504,0.7516,17.3003,9.787,-26.3356,-0.0941,0.2027,0.0753
1779988770094,1,12.00000015,Lower Delivery,Loading,pitch.0,435925,-0.581,-0.3108,0.482,-0.0333,-0.0106,-0.0067,0.0,0.0
1779988770094,1,12.00000018,Upper Delivery,Loading,pitch.0,436783,-0.0637,0.0546,0.0308,-0.0884,-0.0304,-0.0012,0.0,0.0
1779988770094,1,Pitching Mound.Delivery,,Loading,pitch.0,435624,-0.6447,-0.2562,0.5128,0.0318,-0.041,0.168,0.0,0.0
1779988770094,1,Pitching Mound.Drive,,Loading,pitch.0,436189,2.2504,0.7516,17.3003,9.787,-26.3356,-0.0941,0.2027,0.0753
1779988770094,1,Pitching Mound.Parent,,Loading,pitch.0,435245,1.6048,0.5292,18.2878,10.1028,-26.9451,0.1383,0.0,0.0
1779988770095,1,11.0000004b,Drive,Loading,pitch.0,436190,2.2769,0.7301,16.9484,9.4936,-25.7897,-0.132,0.2026,0.0746
1779988770095,1,12.00000015,Lower Delivery,Loading,pitch.0,435926,-0.5938,-0.327,0.4834,-0.0401,-0.0068,-0.0074,0.0,0.0
1779988770095,1,12.00000018,Upper Delivery,Loading,pitch.0,436784,-0.0649,0.0519,0.0263,-0.0884,-0.0304,-0.0012,0.0,0.0
1779988770095,1,Pitching Mound.Delivery,,Loading,pitch.0,435625,-0.6587,-0.2751,0.5097,0.0269,-0.0371,0.1713,0.0,0.0
1779988770095,1,Pitching Mound.Drive,,Loading,pitch.0,436190,2.2769,0.7301,16.9484,9.4936,-25.7897,-0.132,0.2026,0.0746
1779988770095,1,Pitching Mound.Parent,,Loading,pitch.0,435246,1.6182,0.455,17.4581,9.5205,-25.8269,0.0393,0.0,0.0
1779988770096,1,11.0000004b,Drive,Loading,pitch.0,436191,2.2825,0.7065,16.4728,9.2598,-25.1296,-0.1699,0.2031,0.0748
1779988770096,1,12.00000015,Lower Delivery,Loading,pitch.0,435927,-0.5603,-0.309,0.446,-0.044,-0.0089,-0.0055,0.0,0.0
1779988770096,1,12.00000018,Upper Delivery,Loading,pitch.0,436785,-0.0644,0.0561,0.0296,-0.0884,-0.0304,-0.0012,0.0,0.0
1779988770096,1,Pitching Mound.Delivery,,Loading,pitch.0,435626,-0.6247,-0.2529,0.4756,0.0092,-0.0393,0.1619,0.0,0.0
1779988770096,1,Pitching Mound.Drive,,Loading,pitch.0,436191,2.2825,0.7065,16.4728,9.2598,-25.1296,-0.1699,0.2031,0.0748
1779988770096,1,Pitching Mound.Parent,,Loading,pitch.0,435247,1.6578,0.4536,16.9484,9.269,-25.1688,-0.008,0.0,0.0
1779988770097,1,11.0000004b,Drive,Loading,pitch.0,436192,2.282,0.6692,16.0818,8.9823,-24.4872,-0.2051,0.2027,0.0744
1779988770097,1,12.00000015,Lower Delivery,Loading,pitch.0,435928,-0.5206,-0.3146,0.4021,-0.0501,-0.0063,-0.0054,0.0,0.0
1779988770097,1,12.00000018,Upper Delivery,Loading,pitch.0,436786,-0.0533,0.06,0.074,-0.0884,-0.0304,-0.0012,0.0,0.0
1779988770097,1,Pitching Mound.Delivery,,Loading,pitch.0,435627,-0.5739,-0.2546,0.476,-0.0269,-0.0367,0.1523,0.0,0.0
1779988770097,1,Pitching Mound.Drive,,Loading,pitch.0,436192,2.282,0.6692,16.0818,8.9823,-24.4872,-0.2051,0.2027,0.0744
1779988770097,1,Pitching Mound.Parent,,Loading,pitch.0,435248,1.7081,0.4145,16.5579,8.9554,-24.5238,-0.0527,0.0,0.0
1779988770098,1,11.0000004b,Drive,Loading,pitch.0,436193,2.2916,0.6285,15.7224,8.6604,-23.9125,-0.2968,0.2025,0.0733
1779988770098,1,12.00000015,Lower Delivery,Loading,pitch.0,435929,-0.5323,-0.2989,0.4255,-0.0623,0.0003,-0.0003,0.0,0.0
1779988770098,1,12.00000018,Upper Delivery,Loading,pitch.0,436787,-0.0626,0.0437,0.0788,-0.0884,-0.0304,-0.0012,0.0,0.0
1779988770098,1,Pitching Mound.Delivery,,Loading,pitch.0,435628,-0.5949,-0.2552,0.5043,-0.0328,-0.0301,0.1582,0.0,0.0
1779988770098,1,Pitching Mound.Drive,,Loading,pitch.0,436193,2.2916,0.6285,15.7224,8.6604,-23.9125,-0.2968,0.2025,0.0733
1779988770098,1,Pitching Mound.Parent,,Loading,pitch.0,435249,1.6968,0.3734,16.2267,8.6276,-23.9426,-0.1386,0.0,0.0
1779988770099,1,11.0000004b,Drive,Loading,pitch.0,436194,2.3061,0.6119,15.3514,8.4667,-23.254,-0.3579,0.2017,0.0734
1779988770099,1,12.00000015,Lower Delivery,Loading,pitch.0,435930,-0.5195,-0.268,0.4379,-0.0678,0.0035,0.0001,0.0,0.0
1779988770099,1,12.00000018,Upper Delivery,Loading,pitch.0,436788,-0.0652,0.0352,0.1284,-0.0884,-0.0304,-0.0012,0.0,0.0
1779988770099,1,Pitching Mound.Delivery,,Loading,pitch.0,435629,-0.5847,-0.2328,0.5664,-0.0509,-0.0269,0.1534,0.0,0.0
1779988770099,1,Pitching Mound.Drive,,Loading,pitch.0,436194,2.3061,0.6119,15.3514,8.4667,-23.254,-0.3579,0.2017,0.0734
1779988770099,1,Pitching Mound.Parent,,Loading,pitch.0,435250,1.7214,0.3791,15.9177,8.4158,-23.2809,-0.2045,0.0,0.0
1779988770100,1,11.0000004b,Drive,Loading,pitch.0,436195,2.3056,0.578,14.9618,8.2883,-22.5489,-0.4141,0.2006,0.0737
1779988770100,1,12.00000015,Lower Delivery,Loading,pitch.0,435931,-0.5192,-0.2335,0.4521,-0.0812,-0.0016,0.0006,0.0,0.0
1779988770100,1,12.00000018,Upper Delivery,Loading,pitch.0,436789,-0.0665,0.0267,0.1467,-0.0884,-0.0304,-0.0012,0.0,0.0
1779988770100,1,Pitching Mound.Delivery,,Loading,pitch.0,435630,-0.5858,-0.2068,0.5988,-0.0658,-0.032,0.1533,0.0,0.0
1779988770100,1,Pitching Mound.Drive,,Loading,pitch.0,436195,2.3056,0.578,14.9618,8.2883,-22.5489,-0.4141,0.2006,0.0737
1779988770100,1,Pitching Mound.Parent,,Loading,pitch.0,435251,1.7199,0.3712,15.5606,8.2225,-22.5809,-0.2608,0.0,0.0
1779988770101,1,11.0000004b,Drive,Loading,pitch.0,436196,2.3222,0.5295,14.6441,8.0678,-21.9596,-0.48,0.1996,0.0733
1779988770101,1,12.00000015,Lower Delivery,Loading,pitch.0,435932,-0.5037,-0.1929,0.447,-0.0831,0.0047,-0.0004,0.0,0.0
1779988770101,1,12.00000018,Upper Delivery,Loading,pitch.0,436790,-0.0579,0.0428,0.1576,-0.0884,-0.0304,-0.0012,0.0,0.0
1779988770101,1,Pitching Mound.Delivery,,Loading,pitch.0,435631,-0.5616,-0.1502,0.6046,-0.0731,-0.0256,0.1499,0.0,0.0
1779988770101,1,Pitching Mound.Drive,,Loading,pitch.0,436196,2.3222,0.5295,14.6441,8.0678,-21.9596,-0.48,0.1996,0.0733
1779988770101,1,Pitching Mound.Parent,,Loading,pitch.0,435252,1.7606,0.3794,15.2487,7.9947,-21.9852,-0.33,0.0,0.0
1779988770102,1,11.0000004b,Drive,Loading,pitch.0,436197,2.3566,0.5007,14.2946,7.758,-21.3736,-0.5609,0.1991,0.0723
1779988770102,1,12.00000015,Lower Delivery,Loading,pitch.0,435933,-0.4841,-0.1962,0.4146,-0.0858,0.005,0.0012,0.0,0.0
1779988770102,1,12.00000018,Upper Delivery,Loading,pitch.0,436791,-0.0592,0.0359,0.174,-0.0884,-0.0304,-0.0012,0.0,0.0
1779988770102,1,Pitching Mound.Delivery,,Loading,pitch.0,435632,-0.5433,-0.1603,0.5885,-0.0923,-0.0254,0.1445,0.0,0.0
1779988770102,1,Pitching Mound.Drive,,Loading,pitch.0,436197,2.3566,0.5007,14.2946,7.758,-21.3736,-0.5609,0.1991,0.0723
1779988770102,1,Pitching Mound.Parent,,Loading,pitch.0,435253,1.8133,0.3404,14.8831,7.6656,-21.399,-0.4164,0.0,0.0
1779988770103,1,11.0000004b,Drive,Loading,pitch.0,436198,2.3655,0.4473,13.9274,7.5413,-20.8393,-0.6621,0.1992,0.0721
1779988770103,1,12.00000015,Lower Delivery,Loading,pitch.0,435934,-0.5392,-0.2291,0.475,-0.0751,0.0071,0.0005,0.0,0.0
1779988770103,1,12.00000018,Upper Delivery,Loading,pitch.0,436792,-0.0565,0.0395,0.1775,-0.0884,-0.0304,-0.0012,0.0,0.0
1779988770103,1,Pitching Mound.Delivery,,Loading,pitch.0,435633,-0.5957,-0.1896,0.6525,-0.0623,-0.0233,0.1634,0.0,0.0
1779988770103,1,Pitching Mound.Drive,,Loading,pitch.0,436198,2.3655,0.4473,13.9274,7.5413,-20.8393,-0.6621,0.1992,0.0721
1779988770103,1,Pitching Mound.Parent,,Loading,pitch.0,435254,1.7698,0.2576,14.5799,7.4789,-20.8625,-0.4987,0.0,0.0
1779988770104,1,11.0000004b,Drive,Loading,pitch.0,436199,2.3794,0.4318,13.5837,7.3318,-20.3512,-0.7625,0.1995,0.0719
1779988770104,1,12.00000015,Lower Delivery,Loading,pitch.0,435935,-0.5568,-0.2139,0.4972,-0.0729,-0.0067,-0.0023,0.0,0.0
1779988770104,1,12.00000018,Upper Delivery,Loading,pitch.0,436793,-0.0495,0.0457,0.2032,-0.0884,-0.0304,-0.0012,0.0,0.0
1779988770104,1,Pitching Mound.Delivery,,Loading,pitch.0,435634,-0.6063,-0.1683,0.7004,-0.0613,-0.0371,0.169,0.0,0.0
1779988770104,1,Pitching Mound.Drive,,Loading,pitch.0,436199,2.3794,0.4318,13.5837,7.3318,-20.3512,-0.7625,0.1995,0.0719
1779988770104,1,Pitching Mound.Parent,,Loading,pitch.0,435255,1.7731,0.2636,14.2842,7.2705,-20.3883,-0.5935,0.0,0.0
1779988770105,1,11.0000004b,Drive,Loading,pitch.0,436200,2.4216,0.3978,13.2789,7.0934,-19.6272,-0.8337,0.1968,0.0711
1779988770105,1,12.00000015,Lower Delivery,Loading,pitch.0,435936,-0.6028,-0.2252,0.5514,-0.0615,-0.0127,-0.0049,0.0,0.0
1779988770105,1,12.00000018,Upper Delivery,Loading,pitch.0,436794,-0.0358,0.0549,0.1822,-0.0884,-0.0304,-0.0012,0.0,0.0
1779988770105,1,Pitching Mound.Delivery,,Loading,pitch.0,435635,-0.6385,-0.1703,0.7336,-0.0243,-0.043,0.1867,0.0,0.0
1779988770105,1,Pitching Mound.Drive,,Loading,pitch.0,436200,2.4216,0.3978,13.2789,7.0934,-19.6272,-0.8337,0.1968,0.0711
1779988770105,1,Pitching Mound.Parent,,Loading,pitch.0,435256,1.7831,0.2275,14.0125,7.0691,-19.6702,-0.647,0.0,0.0
1779988770106,1,11.0000004b,Drive,Loading,pitch.0,436201,2.4391,0.377,12.9545,6.8416,-19.1857,-0.9127,0.1972,0.0703
1779988770106,1,12.00000015,Lower Delivery,Loading,pitch.0,435937,-0.6023,-0.1969,0.5669,-0.0664,-0.0192,-0.0068,0.0,0.0
1779988770106,1,12.00000018,Upper Delivery,Loading,pitch.0,436795,-0.0418,0.0572,0.1627,-0.0884,-0.0304,-0.0012,0.0,0.0
1779988770106,1,Pitching Mound.Delivery,,Loading,pitch.0,435636,-0.644,-0.1397,0.7296,-0.0173,-0.0496,0.1826,0.0,0.0
1779988770106,1,Pitching Mound.Drive,,Loading,pitch.0,436201,2.4391,0.377,12.9545,6.8416,-19.1857,-0.9127,0.1972,0.0703
1779988770106,1,Pitching Mound.Parent,,Loading,pitch.0,435257,1.7951,0.2373,13.6841,6.8243,-19.2352,-0.7302,0.0,0.0
1779988770107,1,11.0000004b,Drive,Loading,pitch.0,436202,2.4685,0.3621,12.6655,6.51,-18.6133,-0.9775,0.1956,0.0684
1779988770107,1,12.00000015,Lower Delivery,Loading,pitch.0,435938,-0.6143,-0.2179,0.5701,-0.0583,-0.0215,-0.0064,0.0,0.0
1779988770107,1,12.00000018,Upper Delivery,Loading,pitch.0,436796,-0.0128,0.0963,0.1255,-0.0884,-0.0304,-0.0012,0.0,0.0
1779988770107,1,Pitching Mound.Delivery,,Loading,pitch.0,435637,-0.6271,-0.1217,0.6956,0.0045,-0.0519,0.197,0.0,0.0
1779988770107,1,Pitching Mound.Drive,,Loading,pitch.0,436202,2.4685,0.3621,12.6655,6.51,-18.6133,-0.9775,0.1956,0.0684
1779988770107,1,Pitching Mound.Parent,,Loading,pitch.0,435258,1.8414,0.2404,13.3611,6.5145,-18.6652,-0.7805,0.0,0.0
1779988770108,1,11.0000004b,Drive,Loading,pitch.0,436203,2.4847,0.3247,12.3482,6.2737,-18.0091,-1.0785,0.1942,0.0676
1779988770108,1,12.00000015,Lower Delivery,Loading,pitch.0,435939,-0.5986,-0.2204,0.5399,-0.0503,-0.0223,-0.0065,0.0,0.0
1779988770108,1,12.00000018,Upper Delivery,Loading,pitch.0,436797,-0.0412,0.0736,0.095,-0.0884,-0.0304,-0.0012,0.0,0.0
1779988770108,1,Pitching Mound.Delivery,,Loading,pitch.0,435638,-0.6397,-0.1468,0.635,0.0126,-0.0527,0.1819,0.0,0.0
1779988770108,1,Pitching Mound.Drive,,Loading,pitch.0,436203,2.4847,0.3247,12.3482,6.2737,-18.0091,-1.0785,0.1942,0.0676
1779988770108,1,Pitching Mound.Parent,,Loading,pitch.0,435259,1.8449,0.1779,12.9832,6.2863,-18.0618,-0.8966,0.0,0.0
1779988770109,1,11.0000004b,Drive,Loading,pitch.0,436204,2.5128,0.2866,12.0045,5.9854,-17.4507,-1.1441,0.1935,0.0664
1779988770109,1,12.00000015,Lower Delivery,Loading,pitch.0,435940,-0.6078,-0.221,0.5449,-0.0444,-0.0198,-0.0071,0.0,0.0
1779988770109,1,12.00000018,Upper Delivery,Loading,pitch.0,436798,-0.0133,0.1022,0.0937,-0.0884,-0.0304,-0.0012,0.0,0.0
1779988770109,1,Pitching Mound.Delivery,,Loading,pitch.0,435639,-0.6211,-0.1188,0.6387,0.0206,-0.0502,0.1939,0.0,0.0
1779988770109,1,Pitching Mound.Drive,,Loading,pitch.0,436204,2.5128,0.2866,12.0045,5.9854,-17.4507,-1.1441,0.1935,0.0664
1779988770109,1,Pitching Mound.Parent,,Loading,pitch.0,435260,1.8917,0.1678,12.6432,6.006,-17.5009,-0.9502,0.0,0.0
1779988770110,1,11.0000004b,Drive,Loading,pitch.0,436205,2.5204,0.238,11.6437,5.7526,-16.9307,-1.195,0.1936,0.0658
1779988770110,1,12.00000015,Lower Delivery,Loading,pitch.0,435941,-0.6248,-0.2423,0.5528,-0.035,-0.016,-0.0061,0.0,0.0
1779988770110,1,12.00000018,Upper Delivery,Loading,pitch.0,436799,-0.0323,0.087,0.0939,-0.0884,-0.0304,-0.0012,0.0,0.0
1779988770110,1,Pitching Mound.Delivery,,Loading,pitch.0,435640,-0.6571,-0.1554,0.6467,0.0326,-0.0464,0.1942,0.0,0.0
1779988770110,1,Pitching Mound.Drive,,Loading,pitch.0,436205,2.5204,0.238,11.6437,5.7526,-16.9307,-1.195,0.1936,0.0658
1779988770110,1,Pitching Mound.Parent,,Loading,pitch.0,435261,1.8634,0.0826,12.2904,5.7852,-16.9771,-1.0008,0.0,0.0
1779988770111,1,11.0000004b,Drive,Loading,pitch.0,436206,2.5296,0.2052,11.331,5.5013,-16.3899,-1.2644,0.1926,0.0646
1779988770111,1,12.00000015,Lower Delivery,Loading,pitch.0,435942,-0.615,-0.2516,0.5403,-0.0266,-0.0179,-0.007,0.0,0.0
1779988770111,1,12.00000018,Upper Delivery,Loading,pitch.0,436800,-0.0617,0.0633,0.0331,-0.0884,-0.0304,-0.0012,0.0,0.0
1779988770111,1,Pitching Mound.Delivery,,Loading,pitch.0,435641,-0.6766,-0.1882,0.5734,0.0575,-0.0482,0.1799,0.0,0.0
1779988770111,1,Pitching Mound.Drive,,Loading,pitch.0,436206,2.5296,0.2052,11.331,5.5013,-16.3899,-1.2644,0.1926,0.0646
1779988770111,1,Pitching Mound.Parent,,Loading,pitch.0,435262,1.8529,0.017,11.9044,5.5587,-16.4381,-1.0845,0.0,0.0
1779988770112,1,11.0000004b,Drive,Loading,pitch.0,436207,2.5205,0.1785,11.0699,5.3593,-15.9413,-1.3223,0.1917,0.0645
1779988770112,1,12.00000015,Lower Delivery,Loading,pitch.0,435943,-0.5868,-0.2562,0.5033,-0.0293,-0.0217,-0.0068,0.0,0.0
1779988770112,1,12.00000018,Upper Delivery,Loading,pitch.0,436801,-0.0467,0.0768,0.0719,-0.0884,-0.0304,-0.0012,0.0,0.0
1779988770112,1,Pitching Mound.Delivery,,Loading,pitch.0,435642,-0.6335,-0.1794,0.5752,0.029,-0.0521,0.1756,0.0,0.0
1779988770112,1,Pitching Mound.Drive,,Loading,pitch.0,436207,2.5205,0.1785,11.0699,5.3593,-15.9413,-1.3223,0.1917,0.0645
1779988770112,1,Pitching Mound.Parent,,Loading,pitch.0,435263,1.887,-0.0009,11.645,5.3883,-15.9934,-1.1468,0.0,0.0
1779988770113,1,11.0000004b,Drive,Loading,pitch.0,436208,2.5173,0.1508,10.8497,5.1987,-15.4415,-1.3899,0.1895,0.0638
1779988770113,1,12.00000015,Lower Delivery,Loading,pitch.0,435944,-0.6105,-0.2566,0.5325,-0.0354,-0.0226,-0.0071,0.0,0.0
1779988770113,1,12.00000018,Upper Delivery,Loading,pitch.0,436802,-0.0653,0.0622,0.0392,-0.0884,-0.0304,-0.0012,0.0,0.0
1779988770113,1,Pitching Mound.Delivery,,Loading,pitch.0,435643,-0.6759,-0.1944,0.5717,0.044,-0.053,0.1771,0.0,0.0
1779988770113,1,Pitching Mound.Drive,,Loading,pitch.0,436208,2.5173,0.1508,10.8497,5.1987,-15.4415,-1.3899,0.1895,0.0638
1779988770113,1,Pitching Mound.Parent,,Loading,pitch.0,435264,1.8414,-0.0436,11.4213,5.2427,-15.4945,-1.2128,0.0,0.0
1779988770114,1,11.0000004b,Drive,Loading,pitch.0,436209,2.5041,0.1171,10.6699,4.9706,-15.2188,-1.427,0.1899,0.062
1779988770114,1,12.00000015,Lower Delivery,Loading,pitch.0,435945,-0.5765,-0.2483,0.4945,-0.0357,-0.0252,-0.0065,0.0,0.0
1779988770114,1,12.00000018,Upper Delivery,Loading,pitch.0,436803,-0.0705,0.0553,0.0525,-0.0884,-0.0304,-0.0012,0.0,0.0
1779988770114,1,Pitching Mound.Delivery,,Loading,pitch.0,435644,-0.647,-0.1931,0.5471,0.0262,-0.0555,0.1643,0.0,0.0
1779988770114,1,Pitching Mound.Drive,,Loading,pitch.0,436209,2.5041,0.1171,10.6699,4.9706,-15.2188,-1.427,0.1899,0.062
1779988770114,1,Pitching Mound.Parent,,Loading,pitch.0,435265,1.8571,-0.076,11.217,4.9968,-15.2743,-1.2627,0.0,0.0
1779988770115,1,11.0000004b,Drive,Loading,pitch.0,436210,2.4471,0.0845,10.3109,4.7923,-14.7113,-1.4773,0.1899,0.0619
1779988770115,1,12.00000015,Lower Delivery,Loading,pitch.0,435946,-0.5943,-0.2487,0.5081,-0.0357,-0.019,-0.0061,0.0,0.0
1779988770115,1,12.00000018,Upper Delivery,Loading,pitch.0,436804,-0.0696,0.0532,0.0504,-0.0884,-0.0304,-0.0012,0.0,0.0
1779988770115,1,Pitching Mound.Delivery,,Loading,pitch.0,435645,-0.664,-0.1955,0.5585,0.0315,-0.0494,0.1711,0.0,0.0
1779988770115,1,Pitching Mound.Drive,,Loading,pitch.0,436210,2.4471,0.0845,10.3109,4.7923,-14.7113,-1.4773,0.1899,0.0619
1779988770115,1,Pitching Mound.Parent,,Loading,pitch.0,435266,1.7832,-0.111,10.8694,4.8238,-14.7606,-1.3062,0.0,0.0
1779988770116,1,11.0000004b,Drive,Loading,pitch.0,436211,2.414,0.09,10.1705,4.6432,-14.3628,-1.4971,0.188,0.0608
1779988770116,1,12.00000015,Lower Delivery,Loading,pitch.0,435947,-0.5922,-0.246,0.489,-0.0556,-0.0206,-0.006,0.0,0.0
1779988770116,1,12.00000018,Upper Delivery,Loading,pitch.0,436805,-0.0702,0.0505,0.0546,-0.0884,-0.0304,-0.0012,0.0,0.0
1779988770116,1,Pitching Mound.Delivery,,Loading,pitch.0,435646,-0.6624,-0.1955,0.5437,0.0037,-0.051,0.1702,0.0,0.0
1779988770116,1,Pitching Mound.Drive,,Loading,pitch.0,436211,2.414,0.09,10.1705,4.6432,-14.3628,-1.4971,0.188,0.0608
1779988770116,1,Pitching Mound.Parent,,Loading,pitch.0,435267,1.7516,-0.1054,10.7142,4.6468,-14.4138,-1.3268,0.0,0.0
1779988770117,1,11.0000004b,Drive,Loading,pitch.0,436212,2.3703,0.0568,10.1772,4.4111,-13.9373,-1.5274,0.1823,0.0577
1779988770117,1,12.00000015,Lower Delivery,Loading,pitch.0,435948,-0.6128,-0.2348,0.5365,-0.07,-0.0131,-0.0042,0.0,0.0
1779988770117,1,12.00000018,Upper Delivery,Loading,pitch.0,436806,-0.0708,0.0503,0.0462,-0.0884,-0.0304,-0.0012,0.0,0.0
1779988770117,1,Pitching Mound.Delivery,,Loading,pitch.0,435647,-0.6836,-0.1845,0.5827,0.0083,-0.0435,0.1788,0.0,0.0
1779988770117,1,Pitching Mound.Drive,,Loading,pitch.0,436212,2.3703,0.0568,10.1772,4.4111,-13.9373,-1.5274,0.1823,0.0577
1779988770117,1,Pitching Mound.Parent,,Loading,pitch.0,435268,1.6867,-0.1277,10.76,4.4194,-13.9808,-1.3485,0.0,0.0
1779988770118,1,11.0000004b,Drive,Loading,pitch.0,436213,2.3192,0.0434,9.7791,4.2029,-13.3579,-1.5682,0.1818,0.0572
1779988770118,1,12.00000015,Lower Delivery,Loading,pitch.0,435949,-0.6356,-0.2301,0.5682,-0.0777,-0.0123,-0.0048,0.0,0.0
1779988770118,1,12.00000018,Upper Delivery,Loading,pitch.0,436807,-0.0717,0.0449,0.0402,-0.0884,-0.0304,-0.0012,0.0,0.0
1779988770118,1,Pitching Mound.Delivery,,Loading,pitch.0,435648,-0.7073,-0.1852,0.6084,0.0135,-0.0427,0.1857,0.0,0.0
1779988770118,1,Pitching Mound.Drive,,Loading,pitch.0,436213,2.3192,0.0434,9.7791,4.2029,-13.3579,-1.5682,0.1818,0.0572
1779988770118,1,Pitching Mound.Parent,,Loading,pitch.0,435269,1.6119,-0.1418,10.3875,4.2164,-13.4006,-1.3825,0.0,0.0
1779988770119,1,11.0000004b,Drive,Loading,pitch.0,436214,2.2605,0.0486,9.3341,4.0631,-12.9966,-1.5834,0.1854,0.0579
1779988770119,1,12.00000015,Lower Delivery,Loading,pitch.0,435950,-0.6251,-0.2221,0.562,-0.0749,-0.0129,-0.0049,0.0,0.0
1779988770119,1,12.00000018,Upper Delivery,Loading,pitch.0,436808,-0.076,0.0435,0.0495,-0.0884,-0.0304,-0.0012,0.0,0.0
1779988770119,1,Pitching Mound.Delivery,,Loading,pitch.0,435649,-0.701,-0.1785,0.6114,0.011,-0.0433,0.1806,0.0,0.0
1779988770119,1,Pitching Mound.Drive,,Loading,pitch.0,436214,2.2605,0.0486,9.3341,4.0631,-12.9966,-1.5834,0.1854,0.0579
1779988770119,1,Pitching Mound.Parent,,Loading,pitch.0,435270,1.5594,-0.1299,9.9456,4.0741,-13.0399,-1.4028,0.0,0.0
1779988770120,1,11.0000004b,Drive,Loading,pitch.0,436215,2.1893,0.0531,9.0805,3.8585,-12.5898,-1.6003,0.1846,0.0566
1779988770120,1,12.00000015,Lower Delivery,Loading,pitch.0,435951,-0.642,-0.2262,0.5724,-0.083,-0.0147,-0.0022,0.0,0.0
1779988770120,1,12.00000018,Upper Delivery,Loading,pitch.0,436809,-0.0863,0.0925,0.2075,-0.0884,-0.0304,-0.0012,0.0,0.0
1779988770120,1,Pitching Mound.Delivery,,Loading,pitch.0,435650,-0.7283,-0.1337,0.7799,-0.0473,-0.0451,0.1855,0.0,0.0
1779988770120,1,Pitching Mound.Drive,,Loading,pitch.0,436215,2.1893,0.0531,9.0805,3.8585,-12.5898,-1.6003,0.1846,0.0566
1779988770120,1,Pitching Mound.Parent,,Loading,pitch.0,435271,1.461,-0.0806,9.8604,3.8112,-12.6349,-1.4147,0.0,0.0
1779988770121,1,11.0000004b,Drive,Loading,pitch.0,436216,2.1364,0.049,8.9132,3.6963,-12.1566,-1.611,0.1816,0.0552
1779988770121,1,12.00000015,Lower Delivery,Loading,pitch.0,435952,-0.5927,-0.2249,0.5286,-0.0798,-0.0079,0.0004,0.0,0.0
1779988770121,1,12.00000018,Upper Delivery,Loading,pitch.0,436810,-0.0776,0.0421,0.0603,-0.0884,-0.0304,-0.0012,0.0,0.0
1779988770121,1,Pitching Mound.Delivery,,Loading,pitch.0,435651,-0.6703,-0.1828,0.5889,-0.0089,-0.0383,0.1743,0.0,0.0
1779988770121,1,Pitching Mound.Drive,,Loading,pitch.0,436216,2.1364,0.049,8.9132,3.6963,-12.1566,-1.611,0.1816,0.0552
1779988770121,1,Pitching Mound.Parent,,Loading,pitch.0,435272,1.4662,-0.1337,9.5021,3.6874,-12.1949,-1.4367,0.0,0.0
1779988770122,1,11.0000004b,Drive,Loading,pitch.0,436217,2.0955,0.0424,8.6043,3.494,-11.7195,-1.5859,0.1813,0.0541
1779988770122,1,12.00000015,Lower Delivery,Loading,pitch.0,435953,-0.6277,-0.2373,0.5616,-0.072,-0.0137,-0.0004,0.0,0.0
1779988770122,1,12.00000018,Upper Delivery,Loading,pitch.0,436811,-0.0803,0.038,0.0552,-0.0884,-0.0304,-0.0012,0.0,0.0
1779988770122,1,Pitching Mound.Delivery,,Loading,pitch.0,435652,-0.7081,-0.1992,0.6168,0.0119,-0.0441,0.1845,0.0,0.0
1779988770122,1,Pitching Mound.Drive,,Loading,pitch.0,436217,2.0955,0.0424,8.6043,3.494,-11.7195,-1.5859,0.1813,0.0541
1779988770122,1,Pitching Mound.Parent,,Loading,pitch.0,435273,1.3874,-0.1568,9.2211,3.5059,-11.7636,-1.4014,0.0,0.0
1779988770123,1,11.0000004b,Drive,Loading,pitch.0,436218,2.0368,0.0418,8.3856,3.3266,-11.3486,-1.5169,0.1802,0.0528
1779988770123,1,12.00000015,Lower Delivery,Loading,pitch.0,435954,-0.5904,-0.2337,0.5315,-0.0649,-0.006,-0.0008,0.0,0.0
1779988770123,1,12.00000018,Upper Delivery,Loading,pitch.0,436812,-0.0786,0.0397,0.0644,-0.0884,-0.0304,-0.0012,0.0,0.0
1779988770123,1,Pitching Mound.Delivery,,Loading,pitch.0,435653,-0.669,-0.194,0.5959,0.0056,-0.0363,0.172,0.0,0.0
1779988770123,1,Pitching Mound.Drive,,Loading,pitch.0,436218,2.0368,0.0418,8.3856,3.3266,-11.3486,-1.5169,0.1802,0.0528
1779988770123,1,Pitching Mound.Parent,,Loading,pitch.0,435274,1.3678,-0.1523,8.9815,3.3322,-11.385,-1.3449,0.0,0.0
1779988770124,1,11.0000004b,Drive,Loading,pitch.0,436219,2.0058,0.0186,8.033,3.0787,-11.0076,-1.4953,0.1824,0.051
1779988770124,1,12.00000015,Lower Delivery,Loading,pitch.0,435955,-0.6129,-0.2415,0.5613,-0.0546,-0.0097,-0.0024,0.0,0.0
1779988770124,1,12.00000018,Upper Delivery,Loading,pitch.0,436813,-0.0879,0.0383,0.073,-0.0884,-0.0304,-0.0012,0.0,0.0
1779988770124,1,Pitching Mound.Delivery,,Loading,pitch.0,435654,-0.7008,-0.2032,0.6343,0.0231,-0.04,0.1749,0.0,0.0
1779988770124,1,Pitching Mound.Drive,,Loading,pitch.0,436219,2.0058,0.0186,8.033,3.0787,-11.0076,-1.4953,0.1824,0.051
1779988770124,1,Pitching Mound.Parent,,Loading,pitch.0,435275,1.305,-0.1845,8.6673,3.1018,-11.0476,-1.3205,0.0,0.0
1779988770125,1,11.0000004b,Drive,Loading,pitch.0,436220,1.9544,0.0021,7.8254,2.9574,-10.5272,-1.4345,0.1791,0.0503
1779988770125,1,12.00000015,Lower Delivery,Loading,pitch.0,435956,-0.5669,-0.2081,0.5305,-0.0611,-0.0137,-0.0035,0.0,0.0
1779988770125,1,12.00000018,Upper Delivery,Loading,pitch.0,436814,-0.0784,0.0344,0.0462,-0.0884,-0.0304,-0.0012,0.0,0.0
1779988770125,1,Pitching Mound.Delivery,,Loading,pitch.0,435655,-0.6452,-0.1737,0.5768,0.0152,-0.0441,0.1614,0.0,0.0
1779988770125,1,Pitching Mound.Drive,,Loading,pitch.0,436220,1.9544,0.0021,7.8254,2.9574,-10.5272,-1.4345,0.1791,0.0503
1779988770125,1,Pitching Mound.Parent,,Loading,pitch.0,435276,1.3092,-0.1715,8.4021,2.9726,-10.5713,-1.2731,0.0,0.0
1779988770126,1,11.0000004b,Drive,Loading,pitch.0,436221,1.9229,-0.0181,7.733,2.6896,-10.1589,-1.3773,0.1749,0.0463
1779988770126,1,12.00000015,Lower Delivery,Loading,pitch.0,435957,-0.5617,-0.2089,0.5265,-0.0684,-0.0147,-0.0012,0.0,0.0
1779988770126,1,12.00000018,Upper Delivery,Loading,pitch.0,436815,-0.0816,0.0452,0.074,-0.0884,-0.0304,-0.0012,0.0,0.0
1779988770126,1,Pitching Mound.Delivery,,Loading,pitch.0,435656,-0.6433,-0.1637,0.6005,-0.0029,-0.045,0.1608,0.0,0.0
1779988770126,1,Pitching Mound.Drive,,Loading,pitch.0,436221,1.9229,-0.0181,7.733,2.6896,-10.1589,-1.3773,0.1749,0.0463
1779988770126,1,Pitching Mound.Parent,,Loading,pitch.0,435277,1.2796,-0.1818,8.3335,2.6867,-10.204,-1.2165,0.0,0.0
1779988770127,1,11.0000004b,Drive,Loading,pitch.0,436222,1.8977,-0.0368,7.7115,2.5459,-9.9691,-1.3158,0.1721,0.044
1779988770127,1,12.00000015,Lower Delivery,Loading,pitch.0,435958,-0.5165,-0.2069,0.4765,-0.0574,-0.011,-0.0027,0.0,0.0
1779988770127,1,12.00000018,Upper Delivery,Loading,pitch.0,436816,-0.0735,0.0441,0.0352,-0.0884,-0.0304,-0.0012,0.0,0.0
1779988770127,1,Pitching Mound.Delivery,,Loading,pitch.0,435657,-0.59,-0.1628,0.5117,0.0043,-0.0414,0.1467,0.0,0.0
1779988770127,1,Pitching Mound.Drive,,Loading,pitch.0,436222,1.8977,-0.0368,7.7115,2.5459,-9.9691,-1.3158,0.1721,0.044
1779988770127,1,Pitching Mound.Parent,,Loading,pitch.0,435278,1.3077,-0.1996,8.2232,2.5502,-10.0105,-1.1691,0.0,0.0
1779988770128,1,11.0000004b,Drive,Loading,pitch.0,436223,1.8299,-0.0514,7.4395,2.4447,-9.5701,-1.2483,0.1713,0.0437
1779988770128,1,12.00000015,Lower Delivery,Loading,pitch.0,435959,-0.5755,-0.2077,0.5355,-0.0672,-0.0257,-0.0056,0.0,0.0
1779988770128,1,12.00000018,Upper Delivery,Loading,pitch.0,436817,-0.0716,0.0453,0.0326,-0.0884,-0.0304,-0.0012,0.0,0.0
1779988770128,1,Pitching Mound.Delivery,,Loading,pitch.0,435658,-0.6471,-0.1624,0.5681,0.0154,-0.056,0.1646,0.0,0.0
1779988770128,1,Pitching Mound.Drive,,Loading,pitch.0,436223,1.8299,-0.0514,7.4395,2.4447,-9.5701,-1.2483,0.1713,0.0437
1779988770128,1,Pitching Mound.Parent,,Loading,pitch.0,435279,1.1828,-0.2138,8.0076,2.4601,-9.6261,-1.0838,0.0,0.0
1779988770129,1,11.0000004b,Drive,Loading,pitch.0,436224,1.7908,-0.0612,7.4644,2.2569,-9.2923,-1.1884,0.1657,0.0403
1779988770129,1,12.00000015,Lower Delivery,Loading,pitch.0,435960,-0.5225,-0.1679,0.4885,-0.0717,-0.0253,-0.0031,0.0,0.0
1779988770129,1,12.00000018,Upper Delivery,Loading,pitch.0,436818,-0.069,0.0481,0.0291,-0.0884,-0.0304,-0.0012,0.0,0.0
1779988770129,1,Pitching Mound.Delivery,,Loading,pitch.0,435659,-0.5915,-0.1198,0.5176,-0.0039,-0.0557,0.1498,0.0,0.0
1779988770129,1,Pitching Mound.Drive,,Loading,pitch.0,436224,1.7908,-0.0612,7.4644,2.2569,-9.2923,-1.1884,0.1657,0.0403
1779988770129,1,Pitching Mound.Parent,,Loading,pitch.0,435280,1.1993,-0.181,7.9819,2.253,-9.348,-1.0386,0.0,0.0
1779988770130,1,11.0000004b,Drive,Loading,pitch.0,436225,1.7349,-0.0744,7.3201,2.1103,-8.9239,-1.1042,0.1623,0.0384
1779988770130,1,12.00000015,Lower Delivery,Loading,pitch.0,435961,-0.5565,-0.1676,0.5249,-0.0661,-0.0241,-0.0043,0.0,0.0
1779988770130,1,12.00000018,Upper Delivery,Loading,pitch.0,436819,-0.0597,0.052,-0.0001,-0.0884,-0.0304,-0.0012,0.0,0.0
1779988770130,1,Pitching Mound.Delivery,,Loading,pitch.0,435660,-0.6162,-0.1155,0.5248,0.0241,-0.0544,0.1634,0.0,0.0
1779988770130,1,Pitching Mound.Drive,,Loading,pitch.0,436225,1.7349,-0.0744,7.3201,2.1103,-8.9239,-1.1042,0.1623,0.0384
1779988770130,1,Pitching Mound.Parent,,Loading,pitch.0,435281,1.1187,-0.19,7.8449,2.1343,-8.9784,-0.9408,0.0,0.0
1779988770131,1,11.0000004b,Drive,Loading,pitch.0,436226,1.6844,-0.0983,7.1933,1.947,-8.6725,-1.0769,0.1605,0.036
1779988770131,1,12.00000015,Lower Delivery,Loading,pitch.0,435962,-0.507,-0.1591,0.4751,-0.0693,-0.0257,-0.0034,0.0,0.0
1779988770131,1,12.00000018,Upper Delivery,Loading,pitch.0,436820,-0.0573,0.051,-0.0005,-0.0884,-0.0304,-0.0012,0.0,0.0
1779988770131,1,Pitching Mound.Delivery,,Loading,pitch.0,435661,-0.5644,-0.1082,0.4746,0.004,-0.0561,0.1483,0.0,0.0
1779988770131,1,Pitching Mound.Drive,,Loading,pitch.0,436226,1.6844,-0.0983,7.1933,1.947,-8.6725,-1.0769,0.1605,0.036
1779988770131,1,Pitching Mound.Parent,,Loading,pitch.0,435282,1.1201,-0.2065,7.6679,1.951,-8.7287,-0.9286,0.0,0.0
1779988770132,1,11.0000004b,Drive,Loading,pitch.0,436227,1.6166,-0.1401,6.8951,1.813,-8.3802,-1.033,0.1618,0.035
1779988770132,1,12.00000015,Lower Delivery,Loading,pitch.0,435963,-0.5422,-0.1518,0.5156,-0.076,-0.0321,-0.0035,0.0,0.0
1779988770132,1,12.00000018,Upper Delivery,Loading,pitch.0,436821,-0.0497,0.0644,0.0191,-0.0884,-0.0304,-0.0012,0.0,0.0
1779988770132,1,Pitching Mound.Delivery,,Loading,pitch.0,435662,-0.5919,-0.0874,0.5348,0.0044,-0.0625,0.1627,0.0,0.0
1779988770132,1,Pitching Mound.Drive,,Loading,pitch.0,436227,1.6166,-0.1401,6.8951,1.813,-8.3802,-1.033,0.1618,0.035
1779988770132,1,Pitching Mound.Parent,,Loading,pitch.0,435283,1.0247,-0.2275,7.4299,1.8174,-8.4426,-0.8703,0.0,0.0
1779988770133,1,11.0000004b,Drive,Loading,pitch.0,436228,1.5266,-0.1252,6.7271,1.7268,-8.2562,-1.0011,0.1634,0.0342
1779988770133,1,12.00000015,Lower Delivery,Loading,pitch.0,435964,-0.5299,-0.1746,0.4889,-0.0778,-0.0188,-0.0011,0.0,0.0
1779988770133,1,12.00000018,Upper Delivery,Loading,pitch.0,436823,-0.0548,0.0558,0.005,-0.0884,-0.0304,-0.0012,0.0,0.0
1779988770133,1,12.00000018,Upper Delivery,Loading,pitch.0,436822,-0.0524,0.0607,0.0151,-0.0884,-0.0304,-0.0012,0.0,0.0
1779988770133,1,Pitching Mound.Delivery,,Loading,pitch.0,435663,-0.5823,-0.1139,0.504,-0.0051,-0.0492,0.16,0.0,0.0
1779988770133,1,Pitching Mound.Drive,,Loading,pitch.0,436228,1.5266,-0.1252,6.7271,1.7268,-8.2562,-1.0011,0.1634,0.0342
1779988770133,1,Pitching Mound.Parent,,Loading,pitch.0,435284,0.9443,-0.2391,7.2311,1.7217,-8.3054,-0.8411,0.0,0.0
1779988770134,1,11.0000004b,Drive,Loading,pitch.0,436229,1.4441,-0.1557,6.488,1.6003,-8.0727,-1.0103,0.1656,0.0328
1779988770134,1,12.00000015,Lower Delivery,Loading,pitch.0,435965,-0.5699,-0.196,0.5173,-0.0806,-0.0246,-0.0008,0.0,0.0
1779988770134,1,Pitching Mound.Delivery,,Loading,pitch.0,435664,-0.6247,-0.1402,0.5224,0.0053,-0.0549,0.1731,0.0,0.0
1779988770134,1,Pitching Mound.Drive,,Loading,pitch.0,436229,1.4441,-0.1557,6.488,1.6003,-8.0727,-1.0103,0.1656,0.0328
1779988770134,1,Pitching Mound.Parent,,Loading,pitch.0,435285,0.8194,-0.2959,7.0103,1.6056,-8.1276,-0.8372,0.0,0.0
1779988770135,1,11.0000004b,Drive,Loading,pitch.0,436230,1.367,-0.184,6.3571,1.5525,-7.776,-1.0131,0.1628,0.0325
1779988770135,1,12.00000015,Lower Delivery,Loading,pitch.0,435966,-0.5138,-0.1834,0.4426,-0.0823,-0.0236,0.0015,0.0,0.0
1779988770135,1,12.00000018,Upper Delivery,Loading,pitch.0,436824,-0.0455,0.0624,0.026,-0.0884,-0.0304,-0.0012,0.0,0.0
1779988770135,1,Pitching Mound.Delivery,,Loading,pitch.0,435665,-0.5593,-0.1209,0.4686,-0.0291,-0.0539,0.1595,0.0,0.0
1779988770135,1,Pitching Mound.Drive,,Loading,pitch.0,436230,1.367,-0.184,6.3571,1.5525,-7.776,-1.0131,0.1628,0.0325
1779988770135,1,Pitching Mound.Parent,,Loading,pitch.0,435286,0.8077,-0.3049,6.8257,1.5234,-7.83,-0.8536,0.0,0.0
1779988770136,1,11.0000004b,Drive,Loading,pitch.0,436231,1.2849,-0.2018,6.2679,1.5706,-7.5594,-0.9782,0.1606,0.0334
1779988770136,1,12.00000015,Lower Delivery,Loading,pitch.0,435967,-0.5296,-0.1877,0.4627,-0.0768,-0.0306,0.001,0.0,0.0
1779988770136,1,12.00000018,Upper Delivery,Loading,pitch.0,436825,-0.0433,0.0644,0.0447,-0.0884,-0.0304,-0.0012,0.0,0.0
1779988770136,1,Pitching Mound.Delivery,,Loading,pitch.0,435666,-0.5729,-0.1233,0.5074,-0.0231,-0.0609,0.1652,0.0,0.0
1779988770136,1,Pitching Mound.Drive,,Loading,pitch.0,436231,1.2849,-0.2018,6.2679,1.5706,-7.5594,-0.9782,0.1606,0.0334
1779988770136,1,Pitching Mound.Parent,,Loading,pitch.0,435287,0.712,-0.3251,6.7753,1.5475,-7.6204,-0.8131,0.0,0.0
1779988770137,1,11.0000004b,Drive,Loading,pitch.0,436232,1.2155,-0.2191,6.1279,1.5323,-7.3485,-0.9534,0.1596,0.0333
1779988770137,1,12.00000015,Lower Delivery,Loading,pitch.0,435968,-0.5451,-0.1886,0.4711,-0.0692,-0.0202,0.0004,0.0,0.0
1779988770137,1,12.00000018,Upper Delivery,Loading,pitch.0,436827,-0.0382,0.0702,0.0948,-0.0884,-0.0304,-0.0012,0.0,0.0
1779988770137,1,12.00000018,Upper Delivery,Loading,pitch.0,436826,-0.0485,0.0617,0.0437,-0.0884,-0.0304,-0.0012,0.0,0.0
1779988770137,1,Pitching Mound.Delivery,,Loading,pitch.0,435667,-0.5936,-0.1268,0.5148,-0.0123,-0.0506,0.1681,0.0,0.0
1779988770137,1,Pitching Mound.Drive,,Loading,pitch.0,436232,1.2155,-0.2191,6.1279,1.5323,-7.3485,-0.9534,0.1596,0.0333
1779988770137,1,Pitching Mound.Parent,,Loading,pitch.0,435288,0.6219,-0.346,6.6427,1.5201,-7.3991,-0.7853,0.0,0.0
1779988770138,1,11.0000004b,Drive,Loading,pitch.0,436233,1.1231,-0.2646,5.8625,1.5042,-7.0587,-0.9104,0.1603,0.0342
1779988770138,1,12.00000015,Lower Delivery,Loading,pitch.0,435969,-0.5099,-0.1971,0.4427,-0.0707,-0.0186,0.0029,0.0,0.0
1779988770138,1,12.00000018,Upper Delivery,Loading,pitch.0,436828,-0.0218,0.081,0.1198,-0.0884,-0.0304,-0.0012,0.0,0.0
1779988770138,1,Pitching Mound.Delivery,,Loading,pitch.0,435668,-0.5481,-0.1269,0.5374,-0.0408,-0.0489,0.1621,0.0,0.0
1779988770138,1,Pitching Mound.Drive,,Loading,pitch.0,436233,1.1231,-0.2646,5.8625,1.5042,-7.0587,-0.9104,0.1603,0.0342
1779988770138,1,Pitching Mound.Parent,,Loading,pitch.0,435289,0.575,-0.3914,6.4,1.4634,-7.1077,-0.7483,0.0,0.0
1779988770139,1,11.0000004b,Drive,Loading,pitch.0,436234,1.0528,-0.293,5.7593,1.5203,-6.8614,-0.9148,0.1586,0.0351
1779988770139,1,12.00000015,Lower Delivery,Loading,pitch.0,435970,-0.4894,-0.2188,0.4226,-0.0655,-0.0093,0.004,0.0,0.0
1779988770139,1,12.00000018,Upper Delivery,Loading,pitch.0,436829,-0.0027,0.1017,0.1037,-0.0884,-0.0304,-0.0012,0.0,0.0
1779988770139,1,Pitching Mound.Delivery,,Loading,pitch.0,435669,-0.5111,-0.1378,0.5425,-0.0509,-0.0397,0.1618,0.0,0.0
1779988770139,1,Pitching Mound.Drive,,Loading,pitch.0,436234,1.0528,-0.293,5.7593,1.5203,-6.8614,-0.9148,0.1586,0.0351
1779988770139,1,Pitching Mound.Parent,,Loading,pitch.0,435290,0.5416,-0.4308,6.3018,1.4694,-6.9011,-0.753,0.0,0.0
1779988770140,1,11.0000004b,Drive,Loading,pitch.0,436236,0.8992,-0.361,5.4581,1.515,-6.6125,-0.8895,0.1613,0.037
1779988770140,1,11.0000004b,Drive,Loading,pitch.0,436235,0.985,-0.3103,5.6938,1.5716,-6.6488,-0.8651,0.1555,0.0367
1779988770140,1,12.00000015,Lower Delivery,Loading,pitch.0,435971,-0.5095,-0.2206,0.4424,-0.0539,-0.0076,0.0016,0.0,0.0
1779988770140,1,12.00000018,Upper Delivery,Loading,pitch.0,436830,-0.0074,0.0982,0.0887,-0.0884,-0.0304,-0.0012,0.0,0.0
1779988770140,1,Pitching Mound.Delivery,,Loading,pitch.0,435670,-0.5122,-0.1188,0.5461,-0.0271,-0.0379,0.1728,0.0,0.0
1779988770140,1,Pitching Mound.Drive,,Loading,pitch.0,436236,0.8992,-0.361,5.4581,1.515,-6.6125,-0.8895,0.1613,0.037
1779988770140,1,Pitching Mound.Drive,,Loading,pitch.0,436235,0.985,-0.3103,5.6938,1.5716,-6.6488,-0.8651,0.1555,0.0367
1779988770140,1,Pitching Mound.Parent,,Loading,pitch.0,435291,0.4728,-0.4291,6.24,1.5445,-6.6868,-0.6923,0.0,0.0
1779988770141,1,11.0000004b,Drive,Loading,pitch.0,436237,0.8478,-0.3723,5.3275,1.5061,-6.3681,-0.853,0.1591,0.0376
1779988770141,1,12.00000015,Lower Delivery,Loading,pitch.0,435973,-0.5534,-0.2348,0.4788,-0.0493,0.0016,0.0021,0.0,0.0
1779988770141,1,12.00000015,Lower Delivery,Loading,pitch.0,435972,-0.5359,-0.2218,0.4768,-0.056,-0.0056,0.0023,0.0,0.0
1779988770141,1,12.00000018,Upper Delivery,Loading,pitch.0,436831,-0.0021,0.1001,0.0742,-0.0884,-0.0304,-0.0012,0.0,0.0
1779988770141,1,Pitching Mound.Delivery,,Loading,pitch.0,435672,-0.5555,-0.1346,0.553,-0.0001,-0.0288,0.1884,0.0,0.0
1779988770141,1,Pitching Mound.Delivery,,Loading,pitch.0,435671,-0.5433,-0.1237,0.5655,-0.0125,-0.036,0.1808,0.0,0.0
1779988770141,1,Pitching Mound.Drive,,Loading,pitch.0,436237,0.8478,-0.3723,5.3275,1.5061,-6.3681,-0.853,0.1591,0.0376
1779988770141,1,Pitching Mound.Parent,,Loading,pitch.0,435293,0.2923,-0.507,5.8805,1.5059,-6.3969,-0.6646,0.0,0.0
1779988770141,1,Pitching Mound.Parent,,Loading,pitch.0,435292,0.3558,-0.4846,6.0236,1.5026,-6.6485,-0.7087,0.0,0.0
1779988770142,1,12.00000018,Upper Delivery,Loading,pitch.0,436832,-0.0014,0.098,0.0832,-0.0884,-0.0304,-0.0012,0.0,0.0
1779988770143,1,11.0000004b,Drive,Loading,pitch.0,436238,0.7861,-0.3853,5.1968,1.495,-6.2944,-0.8446,0.1612,0.0383
1779988770143,1,12.00000015,Lower Delivery,Loading,pitch.0,435974,-0.5449,-0.2126,0.4795,-0.0342,-0.0061,0.0008,0.0,0.0
1779988770143,1,12.00000018,Upper Delivery,Loading,pitch.0,436833,-0.0017,0.0975,0.0905,-0.0884,-0.0304,-0.0012,0.0,0.0
1779988770143,1,Pitching Mound.Delivery,,Loading,pitch.0,435673,-0.5463,-0.1146,0.5627,0.0122,-0.0365,0.1844,0.0,0.0
1779988770143,1,Pitching Mound.Drive,,Loading,pitch.0,436238,0.7861,-0.3853,5.1968,1.495,-6.2944,-0.8446,0.1612,0.0383
1779988770143,1,Pitching Mound.Parent,,Loading,pitch.0,435294,0.2398,-0.4999,5.7595,1.5072,-6.3309,-0.6602,0.0,0.0
1779988770144,1,11.0000004b,Drive,Loading,pitch.0,436239,0.7423,-0.4285,5.0265,1.5381,-6.258,-0.8414,0.1657,0.0407
1779988770144,1,12.00000015,Lower Delivery,Loading,pitch.0,435975,-0.5497,-0.1943,0.4953,-0.0275,-0.0044,-0.001,0.0,0.0
1779988770144,1,12.00000018,Upper Delivery,Loading,pitch.0,436834,-0.027,0.0733,0.0681,-0.0884,-0.0304,-0.0012,0.0,0.0
1779988770144,1,Pitching Mound.Delivery,,Loading,pitch.0,435674,-0.5513,-0.0968,0.5858,0.0218,-0.0348,0.1841,0.0,0.0
1779988770144,1,Pitching Mound.Drive,,Loading,pitch.0,436239,0.7423,-0.4285,5.0265,1.5381,-6.258,-0.8414,0.1657,0.0407
1779988770144,1,Pitching Mound.Parent,,Loading,pitch.0,435295,0.1909,-0.5252,5.6123,1.5599,-6.2928,-0.6573,0.0,0.0
1779988770145,1,11.0000004b,Drive,Loading,pitch.0,436240,0.7214,-0.4722,4.8776,1.5567,-6.2017,-0.878,0.1693,0.0425
1779988770145,1,12.00000015,Lower Delivery,Loading,pitch.0,435976,-0.5409,-0.2124,0.4793,-0.0247,-0.0056,-0.0006,0.0,0.0
1779988770145,1,12.00000015,Lower Delivery,Loading,pitch.0,435977,-0.5629,-0.2451,0.4929,-0.0146,-0.0111,-0.0024,0.0,0.0
1779988770145,1,12.00000018,Upper Delivery,Loading,pitch.0,436835,-0.0505,0.0589,0.052,-0.0884,-0.0304,-0.0012,0.0,0.0
1779988770145,1,Pitching Mound.Delivery,,Loading,pitch.0,435675,-0.5679,-0.1391,0.5474,0.0267,-0.0359,0.1729,0.0,0.0
1779988770145,1,Pitching Mound.Delivery,,Loading,pitch.0,435676,-0.6134,-0.1862,0.545,0.0469,-0.0415,0.1706,0.0,0.0
1779988770145,1,Pitching Mound.Drive,,Loading,pitch.0,436240,0.7214,-0.4722,4.8776,1.5567,-6.2017,-0.878,0.1693,0.0425
1779988770145,1,Pitching Mound.Parent,,Loading,pitch.0,435296,0.1535,-0.6112,5.4249,1.5834,-6.2376,-0.7051,0.0,0.0
1779988770146,1,11.0000004b,Drive,Loading,pitch.0,436241,0.6834,-0.5062,4.7872,1.4629,-6.3205,-0.8863,0.1758,0.0407
1779988770146,1,12.00000018,Upper Delivery,Loading,pitch.0,436836,-0.0575,0.0512,0.0258,-0.0884,-0.0304,-0.0012,0.0,0.0
1779988770146,1,Pitching Mound.Drive,,Loading,pitch.0,436241,0.6834,-0.5062,4.7872,1.4629,-6.3205,-0.8863,0.1758,0.0407
1779988770146,1,Pitching Mound.Parent,,Loading,pitch.0,435297,0.07,-0.6924,5.3321,1.5099,-6.362,-0.7157,0.0,0.0
1779988770147,1,11.0000004b,Drive,Loading,pitch.0,436242,0.676,-0.5454,4.653,1.5304,-6.261,-0.9007,0.1791,0.0438
1779988770147,1,12.00000015,Lower Delivery,Loading,pitch.0,435979,-0.5526,-0.2409,0.4739,-0.0205,-0.0049,-0.0026,0.0,0.0
1779988770147,1,12.00000015,Lower Delivery,Loading,pitch.0,435978,-0.5467,-0.2464,0.4634,-0.0256,-0.0117,-0.003,0.0,0.0
1779988770147,1,12.00000018,Upper Delivery,Loading,pitch.0,436837,-0.0583,0.05,0.0285,-0.0884,-0.0304,-0.0012,0.0,0.0
1779988770147,1,Pitching Mound.Delivery,,Loading,pitch.0,435677,-0.6042,-0.1952,0.4892,0.0348,-0.0421,0.1621,0.0,0.0
1779988770147,1,Pitching Mound.Delivery,,Loading,pitch.0,435678,-0.6109,-0.1909,0.5023,0.0426,-0.0353,0.1643,0.0,0.0
1779988770147,1,Pitching Mound.Drive,,Loading,pitch.0,436242,0.676,-0.5454,4.653,1.5304,-6.261,-0.9007,0.1791,0.0438
1779988770147,1,Pitching Mound.Parent,,Loading,pitch.0,435298,0.0718,-0.7406,5.1423,1.5652,-6.3031,-0.7385,0.0,0.0
1779988770148,1,11.0000004b,Drive,Loading,pitch.0,436243,0.6652,-0.5777,4.5903,1.4663,-6.2433,-0.894,0.1811,0.0425
1779988770148,1,12.00000018,Upper Delivery,Loading,pitch.0,436838,-0.0601,0.0504,0.0068,-0.0884,-0.0304,-0.0012,0.0,0.0
1779988770148,1,Pitching Mound.Drive,,Loading,pitch.0,436243,0.6652,-0.5777,4.5903,1.4663,-6.2433,-0.894,0.1811,0.0425
1779988770148,1,Pitching Mound.Parent,,Loading,pitch.0,435299,0.0544,-0.7686,5.0927,1.5089,-6.2786,-0.7297,0.0,0.0
1779988770149,1,11.0000004b,Drive,Loading,pitch.0,436244,0.6384,-0.6009,4.5024,1.4867,-6.1839,-0.893,0.1828,0.044
1779988770149,1,12.00000015,Lower Delivery,Loading,pitch.0,435981,-0.5369,-0.24,0.4581,-0.0277,0.0006,-0.0019,0.0,0.0
1779988770149,1,12.00000015,Lower Delivery,Loading,pitch.0,435980,-0.5867,-0.2679,0.5015,-0.0174,-0.0047,-0.0017,0.0,0.0
1779988770149,1,12.00000018,Upper Delivery,Loading,pitch.0,436839,-0.0612,0.0477,0.0124,-0.0884,-0.0304,-0.0012,0.0,0.0
1779988770149,1,Pitching Mound.Delivery,,Loading,pitch.0,435679,-0.6468,-0.2176,0.5083,0.0625,-0.035,0.1761,0.0,0.0
1779988770149,1,Pitching Mound.Delivery,,Loading,pitch.0,435680,-0.5981,-0.1923,0.4705,0.0355,-0.0298,0.1586,0.0,0.0
1779988770149,1,Pitching Mound.Drive,,Loading,pitch.0,436244,0.6384,-0.6009,4.5024,1.4867,-6.1839,-0.893,0.1828,0.044
1779988770149,1,Pitching Mound.Parent,,Loading,pitch.0,435300,-0.0084,-0.8185,5.0107,1.5491,-6.2189,-0.7168,0.0,0.0
1779988770150,1,11.0000004b,Drive,Loading,pitch.0,436245,0.6248,-0.6364,4.3762,1.3462,-6.189,-0.9005,0.1883,0.041
1779988770150,1,11.0000004b,Drive,Loading,pitch.0,436246,0.6131,-0.6517,4.3178,1.3767,-6.1919,-0.8834,0.1909,0.0424
1779988770150,1,12.00000015,Lower Delivery,Loading,pitch.0,435982,-0.5593,-0.2634,0.4753,-0.0206,0.007,-0.0008,0.0,0.0
1779988770150,1,12.00000018,Upper Delivery,Loading,pitch.0,436840,-0.0606,0.0497,0.0057,-0.0884,-0.0304,-0.0012,0.0,0.0
1779988770150,1,Pitching Mound.Delivery,,Loading,pitch.0,435681,-0.62,-0.2137,0.4811,0.0507,-0.0233,0.1676,0.0,0.0
1779988770150,1,Pitching Mound.Drive,,Loading,pitch.0,436245,0.6248,-0.6364,4.3762,1.3462,-6.189,-0.9005,0.1883,0.041
1779988770150,1,Pitching Mound.Drive,,Loading,pitch.0,436246,0.6131,-0.6517,4.3178,1.3767,-6.1919,-0.8834,0.1909,0.0424
1779988770150,1,Pitching Mound.Parent,,Loading,pitch.0,435301,0.0267,-0.8288,4.8466,1.3816,-6.2188,-0.7419,0.0,0.0
1779988770150,1,Pitching Mound.Parent,,Loading,pitch.0,435302,-0.0068,-0.8654,4.7988,1.4274,-6.2152,-0.7158,0.0,0.0
1779988770151,1,12.00000018,Upper Delivery,Loading,pitch.0,436841,-0.0589,0.0562,0.006,-0.0884,-0.0304,-0.0012,0.0,0.0
1779988770152,1,11.0000004b,Drive,Loading,pitch.0,436247,0.581,-0.6932,4.2781,1.3392,-6.1567,-0.8555,0.1916,0.0417
1779988770152,1,12.00000015,Lower Delivery,Loading,pitch.0,435983,-0.5907,-0.313,0.4876,-0.0135,0.0132,-0.0002,0.0,0.0
1779988770152,1,12.00000015,Lower Delivery,Loading,pitch.0,435984,-0.5868,-0.3305,0.4715,-0.008,0.0174,-0.0002,0.0,0.0
1779988770152,1,12.00000018,Upper Delivery,Loading,pitch.0,436842,-0.0575,0.0598,0.0076,-0.0884,-0.0304,-0.0012,0.0,0.0
1779988770152,1,Pitching Mound.Delivery,,Loading,pitch.0,435682,-0.6496,-0.2568,0.4936,0.0619,-0.0172,0.1794,0.0,0.0
1779988770152,1,Pitching Mound.Delivery,,Loading,pitch.0,435683,-0.6443,-0.2706,0.4791,0.0614,-0.013,0.1786,0.0,0.0
1779988770152,1,Pitching Mound.Drive,,Loading,pitch.0,436247,0.581,-0.6932,4.2781,1.3392,-6.1567,-0.8555,0.1916,0.0417
1779988770152,1,Pitching Mound.Parent,,Loading,pitch.0,435303,-0.0686,-0.9501,4.7717,1.4011,-6.1738,-0.676,0.0,0.0
1779988770153,1,11.0000004b,Drive,Loading,pitch.0,436248,0.5437,-0.7432,4.1549,1.3756,-6.0088,-0.841,0.1925,0.0441
1779988770153,1,12.00000015,Lower Delivery,Loading,pitch.0,435985,-0.5926,-0.3328,0.4754,-0.0128,0.0094,-0.0015,0.0,0.0
1779988770153,1,12.00000018,Upper Delivery,Loading,pitch.0,436843,-0.0568,0.0577,0.0037,-0.0884,-0.0304,-0.0012,0.0,0.0
1779988770153,1,Pitching Mound.Delivery,,Loading,pitch.0,435684,-0.6494,-0.2751,0.4791,0.0592,-0.021,0.1795,0.0,0.0
1779988770153,1,Pitching Mound.Drive,,Loading,pitch.0,436248,0.5437,-0.7432,4.1549,1.3756,-6.0088,-0.841,0.1925,0.0441
1779988770153,1,Pitching Mound.Parent,,Loading,pitch.0,435304,-0.1006,-1.0138,4.634,1.437,-6.0218,-0.6625,0.0,0.0
1779988770154,1,11.0000004b,Drive,Loading,pitch.0,436249,0.5018,-0.7749,4.0853,1.4232,-6.02,-0.8458,0.1962,0.0464
1779988770154,1,12.00000015,Lower Delivery,Loading,pitch.0,435986,-0.6181,-0.3259,0.5075,-0.0107,0.0167,0.0005,0.0,0.0
1779988770154,1,12.00000018,Upper Delivery,Loading,pitch.0,436844,-0.0578,0.0581,0.0108,-0.0884,-0.0304,-0.0012,0.0,0.0
1779988770154,1,Pitching Mound.Delivery,,Loading,pitch.0,435685,-0.6759,-0.2679,0.5183,0.0698,-0.0137,0.1898,0.0,0.0
1779988770154,1,Pitching Mound.Drive,,Loading,pitch.0,436249,0.5018,-0.7749,4.0853,1.4232,-6.02,-0.8458,0.1962,0.0464
1779988770154,1,Pitching Mound.Parent,,Loading,pitch.0,435305,-0.1476,-1.05,4.5643,1.4824,-6.041,-0.6663,0.0,0.0
1779988770155,1,11.0000004b,Drive,Loading,pitch.0,436250,0.4594,-0.819,4.0149,1.342,-5.7693,-0.8101,0.1913,0.0445
1779988770155,1,11.0000004b,Drive,Loading,pitch.0,436251,0.41,-0.8617,3.9733,1.3322,-5.8585,-0.8516,0.1963,0.0446
1779988770155,1,12.00000015,Lower Delivery,Loading,pitch.0,435987,-0.591,-0.3569,0.46,-0.0006,0.0184,0.0009,0.0,0.0
1779988770155,1,12.00000018,Upper Delivery,Loading,pitch.0,436845,-0.0594,0.0562,0.0112,-0.0884,-0.0304,-0.0012,0.0,0.0
1779988770155,1,Pitching Mound.Delivery,,Loading,pitch.0,435686,-0.6503,-0.3006,0.4711,0.0637,-0.0119,0.1805,0.0,0.0
1779988770155,1,Pitching Mound.Drive,,Loading,pitch.0,436250,0.4594,-0.819,4.0149,1.342,-5.7693,-0.8101,0.1913,0.0445
1779988770155,1,Pitching Mound.Drive,,Loading,pitch.0,436251,0.41,-0.8617,3.9733,1.3322,-5.8585,-0.8516,0.1963,0.0446
1779988770155,1,Pitching Mound.Parent,,Loading,pitch.0,435306,-0.2164,-1.0868,4.5332,1.4118,-5.783,-0.6203,0.0,0.0
1779988770155,1,Pitching Mound.Parent,,Loading,pitch.0,435307,-0.2404,-1.1623,4.4444,1.3958,-5.8704,-0.6711,0.0,0.0
1779988770156,1,11.0000004b,Drive,Loading,pitch.0,436252,0.3541,-0.8979,3.8896,1.4351,-5.829,-0.8472,0.1995,0.0491
1779988770156,1,12.00000015,Lower Delivery,Loading,pitch.0,435988,-0.6393,-0.3266,0.534,-0.0241,0.0092,0.0006,0.0,0.0
1779988770156,1,12.00000018,Upper Delivery,Loading,pitch.0,436846,-0.0639,0.0519,0.0323,-0.0884,-0.0304,-0.0012,0.0,0.0
1779988770156,1,Pitching Mound.Delivery,,Loading,pitch.0,435687,-0.7032,-0.2747,0.5663,0.0582,-0.0211,0.1951,0.0,0.0
1779988770156,1,Pitching Mound.Drive,,Loading,pitch.0,436252,0.3541,-0.8979,3.8896,1.4351,-5.829,-0.8472,0.1995,0.0491
1779988770156,1,Pitching Mound.Parent,,Loading,pitch.0,435308,-0.3491,-1.1727,4.4559,1.4933,-5.8502,-0.6521,0.0,0.0
1779988770157,1,11.0000004b,Drive,Loading,pitch.0,436253,0.2823,-0.9235,3.8603,1.4268,-5.6287,-0.8749,0.1941,0.0492
1779988770157,1,12.00000015,Lower Delivery,Loading,pitch.0,435989,-0.682,-0.3248,0.595,-0.0349,0.0103,0.0031,0.0,0.0
1779988770157,1,12.00000018,Upper Delivery,Loading,pitch.0,436847,-0.068,0.0532,0.0448,-0.0884,-0.0304,-0.0012,0.0,0.0
1779988770157,1,Pitching Mound.Delivery,,Loading,pitch.0,435688,-0.75,-0.2717,0.6399,0.0638,-0.0201,0.2107,0.0,0.0
1779988770157,1,Pitching Mound.Drive,,Loading,pitch.0,436253,0.2823,-0.9235,3.8603,1.4268,-5.6287,-0.8749,0.1941,0.0492
1779988770157,1,Pitching Mound.Parent,,Loading,pitch.0,435309,-0.4677,-1.1952,4.5002,1.4906,-5.6488,-0.6642,0.0,0.0
1779988770158,1,11.0000004b,Drive,Loading,pitch.0,436254,0.2272,-0.9353,3.6944,1.53,-5.4417,-0.9151,0.1961,0.0551
1779988770158,1,12.00000015,Lower Delivery,Loading,pitch.0,435990,-0.6906,-0.3269,0.595,-0.0324,0.0035,-0.0012,0.0,0.0
1779988770158,1,12.00000018,Upper Delivery,Loading,pitch.0,436848,-0.0669,0.0534,0.049,-0.0884,-0.0304,-0.0012,0.0,0.0
1779988770158,1,Pitching Mound.Delivery,,Loading,pitch.0,435689,-0.7575,-0.2736,0.644,0.0649,-0.0269,0.2097,0.0,0.0
1779988770158,1,Pitching Mound.Drive,,Loading,pitch.0,436254,0.2272,-0.9353,3.6944,1.53,-5.4417,-0.9151,0.1961,0.0551
1779988770158,1,Pitching Mound.Parent,,Loading,pitch.0,435310,-0.5303,-1.2089,4.3384,1.5949,-5.4686,-0.7054,0.0,0.0
1779988770159,1,11.0000004b,Drive,Loading,pitch.0,436255,0.1773,-0.966,3.6181,1.5623,-5.3209,-1.0112,0.1958,0.0575
1779988770159,1,12.00000015,Lower Delivery,Loading,pitch.0,435991,-0.7135,-0.2998,0.6289,-0.0487,-0.0105,-0.0041,0.0,0.0
1779988770159,1,12.00000018,Upper Delivery,Loading,pitch.0,436849,-0.0642,0.0505,0.0448,-0.0884,-0.0304,-0.0012,0.0,0.0
1779988770159,1,Pitching Mound.Delivery,,Loading,pitch.0,435690,-0.7777,-0.2493,0.6736,0.0615,-0.0409,0.2155,0.0,0.0
1779988770159,1,Pitching Mound.Drive,,Loading,pitch.0,436255,0.1773,-0.966,3.6181,1.5623,-5.3209,-1.0112,0.1958,0.0575
1779988770159,1,Pitching Mound.Parent,,Loading,pitch.0,435311,-0.6004,-1.2153,4.2917,1.6238,-5.3618,-0.7957,0.0,0.0
1779988770160,1,11.0000004b,Drive,Loading,pitch.0,436256,0.1345,-0.9631,3.4629,1.6171,-5.0484,-1.0297,0.1941,0.0622
1779988770160,1,12.00000015,Lower Delivery,Loading,pitch.0,435992,-0.6992,-0.2687,0.6093,-0.0633,-0.0219,-0.0045,0.0,0.0
1779988770160,1,12.00000018,Upper Delivery,Loading,pitch.0,436850,-0.065,0.0535,0.0498,-0.0884,-0.0304,-0.0012,0.0,0.0
1779988770160,1,Pitching Mound.Delivery,,Loading,pitch.0,435691,-0.7641,-0.2152,0.659,0.0385,-0.0523,0.2099,0.0,0.0
1779988770160,1,Pitching Mound.Drive,,Loading,pitch.0,436256,0.1345,-0.9631,3.4629,1.6171,-5.0484,-1.0297,0.1941,0.0622
1779988770160,1,Pitching Mound.Parent,,Loading,pitch.0,435312,-0.6296,-1.1784,4.1219,1.6556,-5.1008,-0.8198,0.0,0.0
1779988770161,1,11.0000004b,Drive,Loading,pitch.0,436257,0.0947,-0.9982,3.3561,1.5299,-4.8804,-1.0797,0.1936,0.0607
1779988770161,1,12.00000015,Lower Delivery,Loading,pitch.0,435993,-0.706,-0.2693,0.6095,-0.0714,-0.0258,-0.0039,0.0,0.0
1779988770161,1,12.00000018,Upper Delivery,Loading,pitch.0,436851,-0.0605,0.0498,0.0534,-0.0884,-0.0304,-0.0012,0.0,0.0
1779988770161,1,Pitching Mound.Delivery,,Loading,pitch.0,435692,-0.7665,-0.2195,0.6629,0.0293,-0.0562,0.2144,0.0,0.0
1779988770161,1,Pitching Mound.Drive,,Loading,pitch.0,436257,0.0947,-0.9982,3.3561,1.5299,-4.8804,-1.0797,0.1936,0.0607
1779988770161,1,Pitching Mound.Parent,,Loading,pitch.0,435313,-0.6718,-1.2177,4.019,1.5592,-4.9366,-0.8654,0.0,0.0
1779988770162,1,11.0000004b,Drive,Loading,pitch.0,436258,0.0867,-1.0207,3.2988,1.5166,-4.8976,-1.122,0.1976,0.0612
1779988770162,1,12.00000015,Lower Delivery,Loading,pitch.0,435994,-0.668,-0.237,0.5771,-0.0705,-0.0252,-0.0042,0.0,0.0
1779988770162,1,12.00000018,Upper Delivery,Loading,pitch.0,436852,-0.0644,0.0489,0.0738,-0.0884,-0.0304,-0.0012,0.0,0.0
1779988770162,1,Pitching Mound.Delivery,,Loading,pitch.0,435693,-0.7325,-0.188,0.6509,0.0122,-0.0555,0.1998,0.0,0.0
1779988770162,1,Pitching Mound.Drive,,Loading,pitch.0,436258,0.0867,-1.0207,3.2988,1.5166,-4.8976,-1.122,0.1976,0.0612
1779988770162,1,Pitching Mound.Parent,,Loading,pitch.0,435314,-0.6458,-1.2087,3.9497,1.5288,-4.9531,-0.9222,0.0,0.0
1779988770163,1,11.0000004b,Drive,Loading,pitch.0,436259,0.0707,-1.0244,3.1633,1.4495,-4.8035,-1.1479,0.2022,0.061
1779988770163,1,12.00000015,Lower Delivery,Loading,pitch.0,435995,-0.6424,-0.2551,0.5253,-0.0682,-0.0244,-0.0042,0.0,0.0
1779988770163,1,12.00000018,Upper Delivery,Loading,pitch.0,436853,-0.0639,0.0507,0.0656,-0.0884,-0.0304,-0.0012,0.0,0.0
1779988770163,1,Pitching Mound.Delivery,,Loading,pitch.0,435694,-0.7064,-0.2045,0.5908,-0.0003,-0.0547,0.1913,0.0,0.0
1779988770163,1,Pitching Mound.Drive,,Loading,pitch.0,436259,0.0707,-1.0244,3.1633,1.4495,-4.8035,-1.1479,0.2022,0.061
1779988770163,1,Pitching Mound.Parent,,Loading,pitch.0,435315,-0.6357,-1.2289,3.7541,1.4492,-4.8583,-0.9566,0.0,0.0
1779988770164,1,11.0000004b,Drive,Loading,pitch.0,436260,0.0673,-1.037,3.1462,1.3667,-4.7196,-1.1789,0.1997,0.0578
1779988770164,1,12.00000015,Lower Delivery,Loading,pitch.0,435996,-0.6367,-0.2427,0.5134,-0.0776,-0.0281,-0.0048,0.0,0.0
1779988770164,1,12.00000018,Upper Delivery,Loading,pitch.0,436854,-0.0689,0.0533,0.0573,-0.0884,-0.0304,-0.0012,0.0,0.0
1779988770164,1,Pitching Mound.Delivery,,Loading,pitch.0,435695,-0.7055,-0.1893,0.5707,-0.0109,-0.0585,0.1871,0.0,0.0
1779988770164,1,Pitching Mound.Drive,,Loading,pitch.0,436260,0.0673,-1.037,3.1462,1.3667,-4.7196,-1.1789,0.1997,0.0578
1779988770164,1,Pitching Mound.Parent,,Loading,pitch.0,435316,-0.6382,-1.2264,3.7169,1.3557,-4.7781,-0.9918,0.0,0.0
1779988770165,1,11.0000004b,Drive,Loading,pitch.0,436261,0.0799,-1.072,3.0697,1.3673,-4.9914,-1.2055,0.2165,0.0593
1779988770165,1,12.00000015,Lower Delivery,Loading,pitch.0,435997,-0.6056,-0.2538,0.4672,-0.0834,-0.0202,-0.0028,0.0,0.0
1779988770165,1,12.00000018,Upper Delivery,Loading,pitch.0,436855,-0.0686,0.0513,0.0694,-0.0884,-0.0304,-0.0012,0.0,0.0
1779988770165,1,Pitching Mound.Delivery,,Loading,pitch.0,435696,-0.6742,-0.2024,0.5367,-0.0365,-0.0506,0.1786,0.0,0.0
1779988770165,1,Pitching Mound.Drive,,Loading,pitch.0,436261,0.0799,-1.072,3.0697,1.3673,-4.9914,-1.2055,0.2165,0.0593
1779988770165,1,Pitching Mound.Parent,,Loading,pitch.0,435317,-0.5943,-1.2744,3.6064,1.3308,-5.042,-1.0269,0.0,0.0
1779988770166,1,11.0000004b,Drive,Loading,pitch.0,436262,0.0845,-1.0733,2.9935,1.4298,-5.2035,-1.2269,0.2314,0.0636
1779988770166,1,12.00000015,Lower Delivery,Loading,pitch.0,435998,-0.6116,-0.2601,0.4655,-0.0782,-0.0231,-0.0028,0.0,0.0
1779988770166,1,12.00000018,Upper Delivery,Loading,pitch.0,436856,-0.0683,0.049,0.062,-0.0884,-0.0304,-0.0012,0.0,0.0
1779988770166,1,Pitching Mound.Delivery,,Loading,pitch.0,435697,-0.6799,-0.2111,0.5274,-0.0294,-0.0535,0.1807,0.0,0.0
1779988770166,1,Pitching Mound.Drive,,Loading,pitch.0,436262,0.0845,-1.0733,2.9935,1.4298,-5.2035,-1.2269,0.2314,0.0636
1779988770166,1,Pitching Mound.Parent,,Loading,pitch.0,435318,-0.5954,-1.2844,3.5209,1.4005,-5.257,-1.0462,0.0,0.0
1779988770167,1,11.0000004b,Drive,Loading,pitch.0,436263,0.0867,-1.0805,3.0414,1.4473,-5.1588,-1.2568,0.2258,0.0634
1779988770167,1,12.00000015,Lower Delivery,Loading,pitch.0,435999,-0.5742,-0.3106,0.4185,-0.0683,-0.0133,-0.0039,0.0,0.0
1779988770167,1,12.00000018,Upper Delivery,Loading,pitch.0,436857,-0.0381,0.0796,0.1182,-0.0884,-0.0304,-0.0012,0.0,0.0
1779988770167,1,Pitching Mound.Delivery,,Loading,pitch.0,435698,-0.6123,-0.2311,0.5367,-0.0546,-0.0436,0.1771,0.0,0.0
1779988770167,1,Pitching Mound.Drive,,Loading,pitch.0,436263,0.0867,-1.0805,3.0414,1.4473,-5.1588,-1.2568,0.2258,0.0634
1779988770167,1,Pitching Mound.Parent,,Loading,pitch.0,435319,-0.5256,-1.3116,3.5781,1.3927,-5.2024,-1.0796,0.0,0.0
1779988770168,1,11.0000004b,Drive,Loading,pitch.0,436264,0.1019,-1.1162,3.0398,1.4231,-5.0318,-1.2397,0.2204,0.0623
1779988770168,1,12.00000015,Lower Delivery,Loading,pitch.0,436000,-0.5754,-0.3071,0.4222,-0.0605,-0.0156,-0.0053,0.0,0.0
1779988770168,1,12.00000018,Upper Delivery,Loading,pitch.0,436858,-0.06,0.0633,0.0862,-0.0884,-0.0304,-0.0012,0.0,0.0
1779988770168,1,Pitching Mound.Delivery,,Loading,pitch.0,435699,-0.6354,-0.2438,0.5084,-0.0346,-0.0459,0.1687,0.0,0.0
1779988770168,1,Pitching Mound.Drive,,Loading,pitch.0,436264,0.1019,-1.1162,3.0398,1.4231,-5.0318,-1.2397,0.2204,0.0623
1779988770168,1,Pitching Mound.Parent,,Loading,pitch.0,435320,-0.5335,-1.36,3.5482,1.3885,-5.0778,-1.071,0.0,0.0
1779988770169,1,11.0000004b,Drive,Loading,pitch.0,436265,0.1081,-1.1492,3.0788,1.4161,-5.1372,-1.2287,0.2221,0.0612
1779988770169,1,12.00000015,Lower Delivery,Loading,pitch.0,436001,-0.5986,-0.3218,0.4601,-0.0448,-0.0107,-0.0052,0.0,0.0
1779988770169,1,12.00000018,Upper Delivery,Loading,pitch.0,436859,-0.0563,0.0681,0.0943,-0.0884,-0.0304,-0.0012,0.0,0.0
1779988770169,1,Pitching Mound.Delivery,,Loading,pitch.0,435700,-0.655,-0.2537,0.5544,-0.0088,-0.0411,0.1779,0.0,0.0
1779988770169,1,Pitching Mound.Drive,,Loading,pitch.0,436265,0.1081,-1.1492,3.0788,1.4161,-5.1372,-1.2287,0.2221,0.0612
1779988770169,1,Pitching Mound.Parent,,Loading,pitch.0,435321,-0.5468,-1.4029,3.6332,1.4073,-5.1783,-1.0507,0.0,0.0
1779988770170,1,12.00000015,Lower Delivery,Loading,pitch.0,436002,-0.5697,-0.3505,0.443,-0.0459,-0.0053,-0.0072,0.0,0.0
1779988770170,1,12.00000018,Upper Delivery,Loading,pitch.0,436860,-0.0737,0.0501,0.0538,-0.0884,-0.0304,-0.0012,0.0,0.0
1779988770170,1,Pitching Mound.Delivery,,Loading,pitch.0,435701,-0.6434,-0.3004,0.4967,-0.0019,-0.0357,0.1603,0.0,0.0
1779988770171,1,11.0000004b,Drive,Loading,pitch.0,436266,0.1102,-1.1908,3.0709,1.3863,-5.159,-1.2315,0.2236,0.0601
1779988770171,1,11.0000004b,Drive,Loading,pitch.0,436267,0.1036,-1.228,3.1501,1.3997,-5.2731,-1.2367,0.2228,0.0592
1779988770171,1,12.00000015,Lower Delivery,Loading,pitch.0,436003,-0.5757,-0.3559,0.4606,-0.0425,-0.0034,-0.0061,0.0,0.0
1779988770171,1,12.00000018,Upper Delivery,Loading,pitch.0,436861,-0.0666,0.0528,0.0686,-0.0884,-0.0304,-0.0012,0.0,0.0
1779988770171,1,Pitching Mound.Delivery,,Loading,pitch.0,435702,-0.6423,-0.3031,0.5292,0.0024,-0.0338,0.1658,0.0,0.0
1779988770171,1,Pitching Mound.Drive,,Loading,pitch.0,436266,0.1102,-1.1908,3.0709,1.3863,-5.159,-1.2315,0.2236,0.0601
1779988770171,1,Pitching Mound.Drive,,Loading,pitch.0,436267,0.1036,-1.228,3.1501,1.3997,-5.2731,-1.2367,0.2228,0.0592
1779988770171,1,Pitching Mound.Parent,,Loading,pitch.0,435322,-0.5332,-1.4912,3.5677,1.3843,-5.1947,-1.0712,0.0,0.0
1779988770171,1,Pitching Mound.Parent,,Loading,pitch.0,435323,-0.5387,-1.5311,3.6793,1.4022,-5.3069,-1.0709,0.0,0.0
1779988770172,1,11.0000004b,Drive,Loading,pitch.0,436268,0.0912,-1.2874,3.1448,1.4247,-5.2356,-1.261,0.2216,0.0603
1779988770172,1,12.00000015,Lower Delivery,Loading,pitch.0,436004,-0.5286,-0.3632,0.4359,-0.0514,-0.0086,-0.0061,0.0,0.0
1779988770172,1,12.00000018,Upper Delivery,Loading,pitch.0,436862,-0.0673,0.055,0.074,-0.0884,-0.0304,-0.0012,0.0,0.0
1779988770172,1,Pitching Mound.Delivery,,Loading,pitch.0,435703,-0.5958,-0.3082,0.5099,-0.0167,-0.0389,0.1495,0.0,0.0
1779988770172,1,Pitching Mound.Drive,,Loading,pitch.0,436268,0.0912,-1.2874,3.1448,1.4247,-5.2356,-1.261,0.2216,0.0603
1779988770172,1,Pitching Mound.Parent,,Loading,pitch.0,435324,-0.5047,-1.5956,3.6547,1.408,-5.2746,-1.1115,0.0,0.0
1779988770173,1,12.00000015,Lower Delivery,Loading,pitch.0,436005,-0.5782,-0.3289,0.4826,-0.0525,-0.0076,-0.0067,0.0,0.0
1779988770173,1,12.00000018,Upper Delivery,Loading,pitch.0,436863,-0.0696,0.0579,0.0621,-0.0884,-0.0304,-0.0012,0.0,0.0
1779988770173,1,Pitching Mound.Delivery,,Loading,pitch.0,435704,-0.6478,-0.271,0.5448,0.0021,-0.038,0.1651,0.0,0.0
1779988770174,1,11.0000004b,Drive,Loading,pitch.0,436269,0.0381,-1.3163,3.2052,1.437,-5.173,-1.2451,0.2149,0.0597
1779988770174,1,11.0000004b,Drive,Loading,pitch.0,436270,0.0184,-1.3403,3.1676,1.4632,-5.2003,-1.2789,0.2186,0.0615
1779988770174,1,12.00000015,Lower Delivery,Loading,pitch.0,436006,-0.6197,-0.331,0.5089,-0.0469,-0.0007,-0.0068,0.0,0.0
1779988770174,1,12.00000018,Upper Delivery,Loading,pitch.0,436864,-0.0696,0.0649,0.071,-0.0884,-0.0304,-0.0012,0.0,0.0
1779988770174,1,Pitching Mound.Delivery,,Loading,pitch.0,435705,-0.6893,-0.2662,0.5799,0.0136,-0.0311,0.179,0.0,0.0
1779988770174,1,Pitching Mound.Drive,,Loading,pitch.0,436269,0.0381,-1.3163,3.2052,1.437,-5.173,-1.2451,0.2149,0.0597
1779988770174,1,Pitching Mound.Drive,,Loading,pitch.0,436270,0.0184,-1.3403,3.1676,1.4632,-5.2003,-1.2789,0.2186,0.0615
1779988770174,1,Pitching Mound.Parent,,Loading,pitch.0,435326,-0.6708,-1.6065,3.7475,1.4768,-5.2314,-1.0998,0.0,0.0
1779988770174,1,Pitching Mound.Parent,,Loading,pitch.0,435325,-0.6098,-1.5873,3.7499,1.4391,-5.211,-1.08,0.0,0.0
1779988770175,1,11.0000004b,Drive,Loading,pitch.0,436271,-0.0127,-1.3596,3.2138,1.4946,-5.2367,-1.2813,0.2169,0.0619
1779988770175,1,12.00000015,Lower Delivery,Loading,pitch.0,436007,-0.6398,-0.3383,0.5354,-0.0469,0.008,-0.0071,0.0,0.0
1779988770175,1,12.00000018,Upper Delivery,Loading,pitch.0,436865,-0.0773,0.0981,0.1741,-0.0884,-0.0304,-0.0012,0.0,0.0
1779988770175,1,Pitching Mound.Delivery,,Loading,pitch.0,435706,-0.717,-0.2403,0.7096,-0.0124,-0.0224,0.183,0.0,0.0
1779988770175,1,Pitching Mound.Drive,,Loading,pitch.0,436271,-0.0127,-1.3596,3.2138,1.4946,-5.2367,-1.2813,0.2169,0.0619
1779988770175,1,Pitching Mound.Parent,,Loading,pitch.0,435327,-0.7298,-1.5999,3.9234,1.4822,-5.259,-1.0983,0.0,0.0
1779988770176,1,11.0000004b,Drive,Loading,pitch.0,436272,-0.0498,-1.3941,3.3119,1.5487,-5.3294,-1.2982,0.2142,0.0623
1779988770176,1,12.00000015,Lower Delivery,Loading,pitch.0,436008,-0.6566,-0.3484,0.5487,-0.0397,0.0094,-0.0057,0.0,0.0
1779988770176,1,12.00000018,Upper Delivery,Loading,pitch.0,436866,-0.0706,0.0834,0.1163,-0.0884,-0.0304,-0.0012,0.0,0.0
1779988770176,1,Pitching Mound.Delivery,,Loading,pitch.0,435707,-0.7273,-0.2651,0.6651,0.0189,-0.021,0.1923,0.0,0.0
1779988770176,1,Pitching Mound.Drive,,Loading,pitch.0,436272,-0.0498,-1.3941,3.3119,1.5487,-5.3294,-1.2982,0.2142,0.0623
1779988770176,1,Pitching Mound.Parent,,Loading,pitch.0,435328,-0.7771,-1.6592,3.977,1.5676,-5.3504,-1.1059,0.0,0.0
1779988770177,1,11.0000004b,Drive,Loading,pitch.0,436273,-0.1028,-1.4076,3.3005,1.5493,-5.2224,-1.2915,0.2106,0.0625
1779988770177,1,12.00000015,Lower Delivery,Loading,pitch.0,436009,-0.6574,-0.3269,0.5611,-0.0387,0.0098,-0.0074,0.0,0.0
1779988770177,1,12.00000018,Upper Delivery,Loading,pitch.0,436867,-0.0696,0.0571,0.0467,-0.0884,-0.0304,-0.0012,0.0,0.0
1779988770177,1,Pitching Mound.Delivery,,Loading,pitch.0,435708,-0.727,-0.2698,0.6079,0.0479,-0.0205,0.1912,0.0,0.0
1779988770177,1,Pitching Mound.Drive,,Loading,pitch.0,436273,-0.1028,-1.4076,3.3005,1.5493,-5.2224,-1.2915,0.2106,0.0625
1779988770177,1,Pitching Mound.Parent,,Loading,pitch.0,435329,-0.8298,-1.6773,3.9084,1.5972,-5.2429,-1.1003,0.0,0.0
1779988770178,1,11.0000004b,Drive,Loading,pitch.0,436274,-0.1322,-1.3937,3.2792,1.5048,-5.0037,-1.2655,0.2031,0.0611
1779988770178,1,12.00000015,Lower Delivery,Loading,pitch.0,436010,-0.6705,-0.3358,0.574,-0.0412,0.0106,-0.0073,0.0,0.0
1779988770178,1,12.00000018,Upper Delivery,Loading,pitch.0,436868,-0.0685,0.0642,0.0642,-0.0884,-0.0304,-0.0012,0.0,0.0
1779988770178,1,Pitching Mound.Delivery,,Loading,pitch.0,435709,-0.7391,-0.2716,0.6383,0.0437,-0.0198,0.1962,0.0,0.0
1779988770178,1,Pitching Mound.Drive,,Loading,pitch.0,436274,-0.1322,-1.3937,3.2792,1.5048,-5.0037,-1.2655,0.2031,0.0611
1779988770178,1,Pitching Mound.Parent,,Loading,pitch.0,435330,-0.8712,-1.6653,3.9175,1.5485,-5.0235,-1.0693,0.0,0.0
1779988770179,1,11.0000004b,Drive,Loading,pitch.0,436275,-0.1604,-1.4148,3.3288,1.5409,-4.96,-1.2714,0.1984,0.0616
1779988770179,1,12.00000015,Lower Delivery,Loading,pitch.0,436011,-0.6682,-0.3285,0.5723,-0.046,0.0063,-0.007,0.0,0.0
1779988770179,1,12.00000018,Upper Delivery,Loading,pitch.0,436869,-0.0674,0.0567,0.0448,-0.0884,-0.0304,-0.0012,0.0,0.0
1779988770179,1,Pitching Mound.Delivery,,Loading,pitch.0,435710,-0.7357,-0.2718,0.6171,0.045,-0.0241,0.196,0.0,0.0
1779988770179,1,Pitching Mound.Drive,,Loading,pitch.0,436275,-0.1604,-1.4148,3.3288,1.5409,-4.96,-1.2714,0.1984,0.0616
1779988770179,1,Pitching Mound.Parent,,Loading,pitch.0,435331,-0.8961,-1.6866,3.9458,1.5859,-4.9841,-1.0754,0.0,0.0
1779988770180,1,12.00000015,Lower Delivery,Loading,pitch.0,436012,-0.6947,-0.339,0.5854,-0.0595,-0.0001,-0.0051,0.0,0.0
1779988770180,1,12.00000018,Upper Delivery,Loading,pitch.0,436870,-0.0665,0.0586,0.0389,-0.0884,-0.0304,-0.0012,0.0,0.0
1779988770180,1,Pitching Mound.Delivery,,Loading,pitch.0,435711,-0.7612,-0.2804,0.6243,0.038,-0.0305,0.2073,0.0,0.0
1779988770181,1,11.0000004b,Drive,Loading,pitch.0,436276,-0.172,-1.4106,3.3636,1.5412,-4.9006,-1.2939,0.194,0.061
1779988770181,1,11.0000004b,Drive,Loading,pitch.0,436277,-0.1683,-1.379,3.3254,1.515,-4.7559,-1.292,0.1904,0.0607
1779988770181,1,12.00000015,Lower Delivery,Loading,pitch.0,436013,-0.6879,-0.3368,0.5804,-0.0571,0.0025,-0.0052,0.0,0.0
1779988770181,1,12.00000018,Upper Delivery,Loading,pitch.0,436871,-0.0619,0.058,0.0147,-0.0884,-0.0304,-0.0012,0.0,0.0
1779988770181,1,Pitching Mound.Delivery,,Loading,pitch.0,435712,-0.7498,-0.2789,0.5952,0.0469,-0.0279,0.2064,0.0,0.0
1779988770181,1,Pitching Mound.Drive,,Loading,pitch.0,436276,-0.172,-1.4106,3.3636,1.5412,-4.9006,-1.2939,0.194,0.061
1779988770181,1,Pitching Mound.Drive,,Loading,pitch.0,436277,-0.1683,-1.379,3.3254,1.515,-4.7559,-1.292,0.1904,0.0607
1779988770181,1,Pitching Mound.Parent,,Loading,pitch.0,435332,-0.9331,-1.691,3.9878,1.5792,-4.9311,-1.0867,0.0,0.0
1779988770181,1,Pitching Mound.Parent,,Loading,pitch.0,435333,-0.918,-1.6579,3.9205,1.5619,-4.7838,-1.0856,0.0,0.0
1779988770182,1,11.0000004b,Drive,Loading,pitch.0,436278,-0.175,-1.384,3.3098,1.4623,-4.733,-1.2434,0.1904,0.0588
1779988770182,1,12.00000015,Lower Delivery,Loading,pitch.0,436014,-0.7128,-0.3375,0.6036,-0.0683,-0.0048,-0.0073,0.0,0.0
1779988770182,1,12.00000018,Upper Delivery,Loading,pitch.0,436872,-0.0638,0.0546,0.019,-0.0884,-0.0304,-0.0012,0.0,0.0
1779988770182,1,Pitching Mound.Delivery,,Loading,pitch.0,435713,-0.7766,-0.2828,0.6226,0.0421,-0.0352,0.2122,0.0,0.0
1779988770182,1,Pitching Mound.Drive,,Loading,pitch.0,436278,-0.175,-1.384,3.3098,1.4623,-4.733,-1.2434,0.1904,0.0588
1779988770182,1,Pitching Mound.Parent,,Loading,pitch.0,435334,-0.9516,-1.6668,3.9323,1.5044,-4.7682,-1.0313,0.0,0.0
1779988770183,1,11.0000004b,Drive,Loading,pitch.0,436279,-0.1686,-1.332,3.2554,1.4007,-4.6476,-1.2404,0.1901,0.0573
1779988770183,1,12.00000015,Lower Delivery,Loading,pitch.0,436015,-0.6579,-0.3225,0.5463,-0.0732,-0.004,-0.0068,0.0,0.0
1779988770183,1,12.00000018,Upper Delivery,Loading,pitch.0,436873,-0.07,0.0512,0.0365,-0.0884,-0.0304,-0.0012,0.0,0.0
1779988770183,1,Pitching Mound.Delivery,,Loading,pitch.0,435714,-0.7279,-0.2713,0.5828,0.0118,-0.0344,0.1919,0.0,0.0
1779988770183,1,Pitching Mound.Drive,,Loading,pitch.0,436279,-0.1686,-1.332,3.2554,1.4007,-4.6476,-1.2404,0.1901,0.0573
1779988770183,1,Pitching Mound.Parent,,Loading,pitch.0,435335,-0.8965,-1.6033,3.8382,1.4125,-4.6819,-1.0485,0.0,0.0
1779988770184,1,11.0000004b,Drive,Loading,pitch.0,436280,-0.1706,-1.3134,3.1474,1.3521,-4.6857,-1.233,0.1982,0.0572
1779988770184,1,12.00000015,Lower Delivery,Loading,pitch.0,436016,-0.6402,-0.3421,0.5025,-0.0831,-0.0177,-0.0063,0.0,0.0
1779988770184,1,12.00000018,Upper Delivery,Loading,pitch.0,436874,-0.0725,0.0485,0.0352,-0.0884,-0.0304,-0.0012,0.0,0.0
1779988770184,1,Pitching Mound.Delivery,,Loading,pitch.0,435715,-0.7127,-0.2936,0.5377,-0.0125,-0.048,0.1855,0.0,0.0
1779988770184,1,Pitching Mound.Drive,,Loading,pitch.0,436280,-0.1706,-1.3134,3.1474,1.3521,-4.6857,-1.233,0.1982,0.0572
1779988770184,1,Pitching Mound.Parent,,Loading,pitch.0,435336,-0.8833,-1.607,3.6851,1.3396,-4.7337,-1.0476,0.0,0.0
1779988770185,1,11.0000004b,Drive,Loading,pitch.0,436281,-0.1602,-1.2976,3.0852,1.3372,-4.5673,-1.2045,0.1971,0.0577
1779988770185,1,12.00000015,Lower Delivery,Loading,pitch.0,436017,-0.5951,-0.3078,0.4629,-0.0842,-0.0086,-0.0039,0.0,0.0
1779988770185,1,12.00000018,Upper Delivery,Loading,pitch.0,436875,-0.0702,0.0497,0.0342,-0.0884,-0.0304,-0.0012,0.0,0.0
1779988770185,1,Pitching Mound.Delivery,,Loading,pitch.0,435716,-0.6653,-0.258,0.4971,-0.0268,-0.039,0.1734,0.0,0.0
1779988770185,1,Pitching Mound.Drive,,Loading,pitch.0,436281,-0.1602,-1.2976,3.0852,1.3372,-4.5673,-1.2045,0.1971,0.0577
1779988770185,1,Pitching Mound.Parent,,Loading,pitch.0,435337,-0.8255,-1.5556,3.5824,1.3104,-4.6063,-1.0312,0.0,0.0
1779988770186,1,11.0000004b,Drive,Loading,pitch.0,436282,-0.156,-1.2943,3.11,1.322,-4.5747,-1.1977,0.1958,0.0566
1779988770186,1,12.00000015,Lower Delivery,Loading,pitch.0,436018,-0.5737,-0.3357,0.4246,-0.0771,-0.0213,-0.0066,0.0,0.0
1779988770186,1,12.00000018,Upper Delivery,Loading,pitch.0,436876,-0.0668,0.0546,0.0225,-0.0884,-0.0304,-0.0012,0.0,0.0
1779988770186,1,Pitching Mound.Delivery,,Loading,pitch.0,435717,-0.6405,-0.2811,0.4471,-0.0287,-0.0517,0.1646,0.0,0.0
1779988770186,1,Pitching Mound.Drive,,Loading,pitch.0,436282,-0.156,-1.2943,3.11,1.322,-4.5747,-1.1977,0.1958,0.0566
1779988770186,1,Pitching Mound.Parent,,Loading,pitch.0,435338,-0.7965,-1.5753,3.5571,1.2933,-4.6263,-1.0332,0.0,0.0
1779988770187,1,11.0000004b,Drive,Loading,pitch.0,436283,-0.1475,-1.2861,3.0076,1.2516,-4.4977,-1.1775,0.1991,0.0554
1779988770187,1,12.00000015,Lower Delivery,Loading,pitch.0,436019,-0.5431,-0.3579,0.3768,-0.0642,-0.0175,-0.0081,0.0,0.0
1779988770187,1,12.00000018,Upper Delivery,Loading,pitch.0,436877,-0.0701,0.0474,0.0306,-0.0884,-0.0304,-0.0012,0.0,0.0
1779988770187,1,Pitching Mound.Delivery,,Loading,pitch.0,435718,-0.6131,-0.3106,0.4074,-0.0348,-0.0479,0.1515,0.0,0.0
1779988770187,1,Pitching Mound.Drive,,Loading,pitch.0,436283,-0.1475,-1.2861,3.0076,1.2516,-4.4977,-1.1775,0.1991,0.0554
1779988770187,1,Pitching Mound.Parent,,Loading,pitch.0,435339,-0.7606,-1.5966,3.4151,1.2167,-4.5456,-1.026,0.0,0.0
1779988770188,1,11.0000004b,Drive,Loading,pitch.0,436284,-0.1364,-1.2724,3.0092,1.261,-4.5417,-1.1641,0.2009,0.0558
1779988770188,1,12.00000015,Lower Delivery,Loading,pitch.0,436020,-0.5423,-0.3623,0.3734,-0.0533,-0.0174,-0.0097,0.0,0.0
1779988770188,1,12.00000018,Upper Delivery,Loading,pitch.0,436878,-0.0708,0.0511,0.0345,-0.0884,-0.0304,-0.0012,0.0,0.0
1779988770188,1,Pitching Mound.Delivery,,Loading,pitch.0,435719,-0.6132,-0.3113,0.4079,-0.0264,-0.0477,0.1494,0.0,0.0
1779988770188,1,Pitching Mound.Drive,,Loading,pitch.0,436284,-0.1364,-1.2724,3.0092,1.261,-4.5417,-1.1641,0.2009,0.0558
1779988770188,1,Pitching Mound.Parent,,Loading,pitch.0,435340,-0.7496,-1.5836,3.4171,1.2346,-4.5894,-1.0147,0.0,0.0
1779988770189,1,11.0000004b,Drive,Loading,pitch.0,436285,-0.1247,-1.2704,3.0328,1.2735,-4.6956,-1.1656,0.2061,0.0559
1779988770189,1,12.00000015,Lower Delivery,Loading,pitch.0,436021,-0.5388,-0.3391,0.3769,-0.0515,-0.0141,-0.0104,0.0,0.0
1779988770189,1,12.00000018,Upper Delivery,Loading,pitch.0,436879,-0.0661,0.0613,0.0347,-0.0884,-0.0304,-0.0012,0.0,0.0
1779988770189,1,Pitching Mound.Delivery,,Loading,pitch.0,435720,-0.6049,-0.2778,0.4117,-0.0235,-0.0444,0.1491,0.0,0.0
1779988770189,1,Pitching Mound.Drive,,Loading,pitch.0,436285,-0.1247,-1.2704,3.0328,1.2735,-4.6956,-1.1656,0.2061,0.0559
1779988770189,1,Pitching Mound.Parent,,Loading,pitch.0,435341,-0.7296,-1.5482,3.4445,1.25,-4.74,-1.0165,0.0,0.0
1779988770190,1,11.0000004b,Drive,Loading,pitch.0,436286,-0.1018,-1.2699,2.8993,1.2443,-4.5867,-1.157,0.0,0.0
1779988770190,1,12.00000015,Lower Delivery,Loading,pitch.0,436022,-0.5698,-0.3022,0.449,-0.0378,-0.0078,-0.0108,0.0,0.0
1779988770190,1,12.00000018,Upper Delivery,Loading,pitch.0,436880,-0.0642,0.0621,0.0572,-0.0884,-0.0304,-0.0012,0.0,0.0
1779988770190,1,Pitching Mound.Delivery,,Loading,pitch.0,435721,-0.634,-0.2401,0.5062,0.0071,-0.0381,0.1599,0.0,0.0
1779988770190,1,Pitching Mound.Drive,,Loading,pitch.0,436286,-0.1018,-1.2699,2.8993,1.2443,-4.5867,-1.157,0.0,0.0
1779988770190,1,Pitching Mound.Parent,,Loading,pitch.0,435342,-0.7357,-1.51,3.4055,1.2514,-4.6248,-0.9971,0.0,0.0
1779988770191,1,11.0000004b,Drive,Loading,pitch.0,436287,-0.0845,-1.2922,2.9424,1.2335,-4.7182,-1.1466,0.0,0.0
1779988770191,1,12.00000015,Lower Delivery,Loading,pitch.0,436023,-0.551,-0.2907,0.4238,-0.0338,-0.0133,-0.0129,0.0,0.0
1779988770191,1,12.00000018,Upper Delivery,Loading,pitch.0,436881,-0.0513,0.0694,0.0597,-0.0884,-0.0304,-0.0012,0.0,0.0
1779988770191,1,Pitching Mound.Delivery,,Loading,pitch.0,435722,-0.6023,-0.2212,0.4834,0.0016,-0.0437,0.1558,0.0,0.0
1779988770191,1,Pitching Mound.Drive,,Loading,pitch.0,436287,-0.0845,-1.2922,2.9424,1.2335,-4.7182,-1.1466,0.0,0.0
1779988770191,1,Pitching Mound.Parent,,Loading,pitch.0,435343,-0.6868,-1.5135,3.4258,1.2351,-4.7619,-0.9908,0.0,0.0
1779988770192,1,11.0000004b,Drive,Loading,pitch.0,436288,-0.0765,-1.2713,2.907,1.2396,-4.799,-1.1606,0.0,0.0
1779988770192,1,12.00000015,Lower Delivery,Loading,pitch.0,436024,-0.5776,-0.2691,0.4703,-0.0322,-0.0167,-0.0134,0.0,0.0
1779988770192,1,12.00000018,Upper Delivery,Loading,pitch.0,436882,-0.0552,0.0692,0.0448,-0.0884,-0.0304,-0.0012,0.0,0.0
1779988770192,1,Pitching Mound.Delivery,,Loading,pitch.0,435723,-0.6328,-0.1999,0.5151,0.0241,-0.0471,0.1631,0.0,0.0
1779988770192,1,Pitching Mound.Drive,,Loading,pitch.0,436288,-0.0765,-1.2713,2.907,1.2396,-4.799,-1.1606,0.0,0.0
1779988770192,1,Pitching Mound.Parent,,Loading,pitch.0,435344,-0.7093,-1.4712,3.4221,1.2637,-4.8461,-0.9975,0.0,0.0
1779988770193,1,11.0000004b,Drive,Loading,pitch.0,436289,-0.0721,-1.2795,2.957,1.2487,-4.8065,-1.159,0.0,0.0
1779988770193,1,12.00000015,Lower Delivery,Loading,pitch.0,436025,-0.5742,-0.251,0.4759,-0.032,-0.014,-0.0132,0.0,0.0
1779988770193,1,12.00000018,Upper Delivery,Loading,pitch.0,436883,-0.0548,0.0687,0.042,-0.0884,-0.0304,-0.0012,0.0,0.0
1779988770193,1,Pitching Mound.Delivery,,Loading,pitch.0,435724,-0.629,-0.1823,0.5179,0.0272,-0.0443,0.1623,0.0,0.0
1779988770193,1,Pitching Mound.Drive,,Loading,pitch.0,436289,-0.0721,-1.2795,2.957,1.2487,-4.8065,-1.159,0.0,0.0
1779988770193,1,Pitching Mound.Parent,,Loading,pitch.0,435345,-0.7011,-1.4618,3.4749,1.2759,-4.8508,-0.9968,0.0,0.0
1779988770194,1,11.0000004b,Drive,Loading,pitch.0,436290,-0.0731,-1.2778,2.9477,1.2691,-4.6582,-1.1367,0.0,0.0
1779988770194,1,12.00000015,Lower Delivery,Loading,pitch.0,436026,-0.5525,-0.238,0.4497,-0.0318,-0.0164,-0.0126,0.0,0.0
1779988770194,1,12.00000018,Upper Delivery,Loading,pitch.0,436884,-0.0539,0.0672,0.0227,-0.0884,-0.0304,-0.0012,0.0,0.0
1779988770194,1,Pitching Mound.Delivery,,Loading,pitch.0,435725,-0.6064,-0.1708,0.4724,0.025,-0.0468,0.1557,0.0,0.0
1779988770194,1,Pitching Mound.Drive,,Loading,pitch.0,436290,-0.0731,-1.2778,2.9477,1.2691,-4.6582,-1.1367,0.0,0.0
1779988770194,1,Pitching Mound.Parent,,Loading,pitch.0,435346,-0.6795,-1.4487,3.4201,1.2941,-4.705,-0.981,0.0,0.0
1779988770195,1,11.0000004b,Drive,Loading,pitch.0,436291,-0.0691,-1.2962,2.9537,1.2755,-4.6441,-1.1208,0.0,0.0
1779988770195,1,12.00000015,Lower Delivery,Loading,pitch.0,436027,-0.581,-0.2202,0.4891,-0.0398,-0.0192,-0.0134,0.0,0.0
1779988770195,1,12.00000018,Upper Delivery,Loading,pitch.0,436885,-0.0541,0.0646,0.0162,-0.0884,-0.0304,-0.0012,0.0,0.0
1779988770195,1,Pitching Mound.Delivery,,Loading,pitch.0,435726,-0.635,-0.1556,0.5053,0.0326,-0.0495,0.1646,0.0,0.0
1779988770195,1,Pitching Mound.Drive,,Loading,pitch.0,436291,-0.0691,-1.2962,2.9537,1.2755,-4.6441,-1.1208,0.0,0.0
1779988770195,1,Pitching Mound.Parent,,Loading,pitch.0,435347,-0.7041,-1.4518,3.4591,1.3081,-4.6937,-0.9562,0.0,0.0
1779988770196,1,11.0000004b,Drive,Loading,pitch.0,436292,-0.0705,-1.3264,2.9233,1.2855,-4.6333,-1.1135,0.0,0.0
1779988770196,1,12.00000015,Lower Delivery,Loading,pitch.0,436028,-0.6055,-0.2437,0.5014,-0.0297,-0.016,-0.0118,0.0,0.0
1779988770196,1,12.00000018,Upper Delivery,Loading,pitch.0,436886,-0.0608,0.0571,0.0069,-0.0884,-0.0304,-0.0012,0.0,0.0
1779988770196,1,Pitching Mound.Delivery,,Loading,pitch.0,435727,-0.6663,-0.1866,0.5083,0.0501,-0.0463,0.1722,0.0,0.0
1779988770196,1,Pitching Mound.Drive,,Loading,pitch.0,436292,-0.0705,-1.3264,2.9233,1.2855,-4.6333,-1.1135,0.0,0.0
1779988770196,1,Pitching Mound.Parent,,Loading,pitch.0,435348,-0.7368,-1.513,3.4317,1.3356,-4.6796,-0.9413,0.0,0.0
1779988770197,1,11.0000004b,Drive,Loading,pitch.0,436293,-0.0687,-1.3116,3.0078,1.2604,-4.5708,-1.1151,0.2023,0.0558
1779988770197,1,12.00000015,Lower Delivery,Loading,pitch.0,436029,-0.5891,-0.2155,0.5113,-0.0416,-0.0183,-0.0121,0.0,0.0
1779988770197,1,12.00000018,Upper Delivery,Loading,pitch.0,436887,-0.0598,0.0606,0.0082,-0.0884,-0.0304,-0.0012,0.0,0.0
1779988770197,1,Pitching Mound.Delivery,,Loading,pitch.0,435728,-0.6489,-0.1549,0.5195,0.0411,-0.0487,0.1667,0.0,0.0
1779988770197,1,Pitching Mound.Drive,,Loading,pitch.0,436293,-0.0687,-1.3116,3.0078,1.2604,-4.5708,-1.1151,0.2023,0.0558
1779988770197,1,Pitching Mound.Parent,,Loading,pitch.0,435349,-0.7176,-1.4665,3.5273,1.3015,-4.6195,-0.9484,0.0,0.0
1779988770198,1,11.0000004b,Drive,Loading,pitch.0,436294,-0.0779,-1.3081,3.0836,1.2659,-4.5832,-1.1022,0.1979,0.0547
1779988770198,1,12.00000015,Lower Delivery,Loading,pitch.0,436030,-0.5622,-0.1904,0.4815,-0.0501,-0.0262,-0.0116,0.0,0.0
1779988770198,1,12.00000018,Upper Delivery,Loading,pitch.0,436888,-0.0635,0.0616,0.0192,-0.0884,-0.0304,-0.0012,0.0,0.0
1779988770198,1,Pitching Mound.Delivery,,Loading,pitch.0,435729,-0.6257,-0.1288,0.5007,0.0187,-0.0566,0.1567,0.0,0.0
1779988770198,1,Pitching Mound.Drive,,Loading,pitch.0,436294,-0.0779,-1.3081,3.0836,1.2659,-4.5832,-1.1022,0.1979,0.0547
1779988770198,1,Pitching Mound.Parent,,Loading,pitch.0,435350,-0.7035,-1.4369,3.5842,1.2846,-4.6398,-0.9455,0.0,0.0
1779988770199,1,11.0000004b,Drive,Loading,pitch.0,436295,-0.0871,-1.3033,3.1646,1.269,-4.4578,-1.1172,0.1875,0.0534
1779988770199,1,12.00000015,Lower Delivery,Loading,pitch.0,436031,-0.5571,-0.2043,0.5094,-0.0684,-0.0205,-0.0089,0.0,0.0
1779988770199,1,12.00000018,Upper Delivery,Loading,pitch.0,436889,-0.0613,0.055,0.0083,-0.0884,-0.0304,-0.0012,0.0,0.0
1779988770199,1,Pitching Mound.Delivery,,Loading,pitch.0,435730,-0.6184,-0.1493,0.5177,0.0136,-0.0509,0.1585,0.0,0.0
1779988770199,1,Pitching Mound.Drive,,Loading,pitch.0,436295,-0.0871,-1.3033,3.1646,1.269,-4.4578,-1.1172,0.1875,0.0534
1779988770199,1,Pitching Mound.Parent,,Loading,pitch.0,435351,-0.7055,-1.4526,3.6822,1.2825,-4.5086,-0.9587,0.0,0.0
1779988770200,1,11.0000004b,Drive,Loading,pitch.0,436296,-0.0968,-1.3275,3.1294,1.2041,-4.321,-1.0796,0.1838,0.0512
1779988770200,1,12.00000015,Lower Delivery,Loading,pitch.0,436032,-0.559,-0.2114,0.4949,-0.0707,-0.0304,-0.0092,0.0,0.0
1779988770200,1,12.00000018,Upper Delivery,Loading,pitch.0,436890,-0.064,0.0565,0.0184,-0.0884,-0.0304,-0.0012,0.0,0.0
1779988770200,1,Pitching Mound.Delivery,,Loading,pitch.0,435731,-0.6231,-0.1549,0.5133,0.003,-0.0608,0.1579,0.0,0.0
1779988770200,1,Pitching Mound.Drive,,Loading,pitch.0,436296,-0.0968,-1.3275,3.1294,1.2041,-4.321,-1.0796,0.1838,0.0512
1779988770200,1,Pitching Mound.Parent,,Loading,pitch.0,435352,-0.7199,-1.4824,3.6427,1.2071,-4.3818,-0.9217,0.0,0.0
1779988770201,1,11.0000004b,Drive,Loading,pitch.0,436297,-0.1103,-1.3438,3.2878,1.2146,-4.3176,-1.092,0.1748,0.0492
1779988770201,1,12.00000015,Lower Delivery,Loading,pitch.0,436033,-0.5351,-0.2326,0.4606,-0.061,-0.0214,-0.0081,0.0,0.0
1779988770201,1,12.00000018,Upper Delivery,Loading,pitch.0,436891,-0.0596,0.0623,0.0089,-0.0884,-0.0304,-0.0012,0.0,0.0
1779988770201,1,Pitching Mound.Delivery,,Loading,pitch.0,435732,-0.5947,-0.1703,0.4695,0.0042,-0.0518,0.1524,0.0,0.0
1779988770201,1,Pitching Mound.Drive,,Loading,pitch.0,436297,-0.1103,-1.3438,3.2878,1.2146,-4.3176,-1.092,0.1748,0.0492
1779988770201,1,Pitching Mound.Parent,,Loading,pitch.0,435353,-0.705,-1.5141,3.7573,1.2188,-4.3694,-0.9396,0.0,0.0
1779988770202,1,11.0000004b,Drive,Loading,pitch.0,436298,-0.1355,-1.342,3.1813,1.2039,-4.2431,-1.0783,0.1776,0.0504
1779988770202,1,12.00000015,Lower Delivery,Loading,pitch.0,436034,-0.5526,-0.2472,0.4841,-0.0582,-0.0108,-0.0079,0.0,0.0
1779988770202,1,12.00000018,Upper Delivery,Loading,pitch.0,436892,-0.0676,0.0555,0.0276,-0.0884,-0.0304,-0.0012,0.0,0.0
1779988770202,1,Pitching Mound.Delivery,,Loading,pitch.0,435733,-0.6202,-0.1917,0.5117,0.0086,-0.0412,0.1557,0.0,0.0
1779988770202,1,Pitching Mound.Drive,,Loading,pitch.0,436298,-0.1355,-1.342,3.1813,1.2039,-4.2431,-1.0783,0.1776,0.0504
1779988770202,1,Pitching Mound.Parent,,Loading,pitch.0,435354,-0.7557,-1.5337,3.693,1.2125,-4.2843,-0.9226,0.0,0.0
1779988770203,1,11.0000004b,Drive,Loading,pitch.0,436299,-0.1377,-1.3521,3.233,1.2424,-4.3558,-1.1077,0.1794,0.0512
1779988770203,1,12.00000015,Lower Delivery,Loading,pitch.0,436035,-0.5048,-0.2293,0.4367,-0.0629,-0.0089,-0.0052,0.0,0.0
1779988770203,1,12.00000018,Upper Delivery,Loading,pitch.0,436893,-0.0565,0.0687,0.0382,-0.0884,-0.0304,-0.0012,0.0,0.0
1779988770203,1,Pitching Mound.Delivery,,Loading,pitch.0,435734,-0.5613,-0.1606,0.475,-0.0158,-0.0392,0.146,0.0,0.0
1779988770203,1,Pitching Mound.Drive,,Loading,pitch.0,436299,-0.1377,-1.3521,3.233,1.2424,-4.3558,-1.1077,0.1794,0.0512
1779988770203,1,Pitching Mound.Parent,,Loading,pitch.0,435355,-0.699,-1.5127,3.708,1.2267,-4.3951,-0.9616,0.0,0.0
1779988770204,1,11.0000004b,Drive,Loading,pitch.0,436300,-0.1353,-1.3385,3.2012,1.2299,-4.3267,-1.0988,0.1799,0.0511
1779988770204,1,12.00000015,Lower Delivery,Loading,pitch.0,436036,-0.5421,-0.2437,0.477,-0.0536,-0.0112,-0.0064,0.0,0.0
1779988770204,1,12.00000018,Upper Delivery,Loading,pitch.0,436894,-0.0596,0.069,0.022,-0.0884,-0.0304,-0.0012,0.0,0.0
1779988770204,1,Pitching Mound.Delivery,,Loading,pitch.0,435735,-0.6017,-0.1747,0.4989,0.0128,-0.0416,0.1564,0.0,0.0
1779988770204,1,Pitching Mound.Drive,,Loading,pitch.0,436300,-0.1353,-1.3385,3.2012,1.2299,-4.3267,-1.0988,0.1799,0.0511
1779988770204,1,Pitching Mound.Parent,,Loading,pitch.0,435356,-0.737,-1.5132,3.7001,1.2427,-4.3683,-0.9424,0.0,0.0
1779988770205,1,11.0000004b,Drive,Loading,pitch.0,436301,-0.1394,-1.3257,3.2372,1.2223,-4.3985,-1.0654,0.1809,0.0503
1779988770205,1,12.00000015,Lower Delivery,Loading,pitch.0,436037,-0.5378,-0.2739,0.4705,-0.0493,-0.0113,-0.0066,0.0,0.0
1779988770205,1,12.00000018,Upper Delivery,Loading,pitch.0,436895,-0.052,0.0776,0.0467,-0.0884,-0.0304,-0.0012,0.0,0.0
1779988770205,1,Pitching Mound.Delivery,,Loading,pitch.0,435736,-0.5898,-0.1963,0.5172,0.0064,-0.0417,0.1573,0.0,0.0
1779988770205,1,Pitching Mound.Drive,,Loading,pitch.0,436301,-0.1394,-1.3257,3.2372,1.2223,-4.3985,-1.0654,0.1809,0.0503
1779988770205,1,Pitching Mound.Parent,,Loading,pitch.0,435357,-0.7292,-1.522,3.7545,1.2287,-4.4402,-0.9081,0.0,0.0
1779988770206,1,11.0000004b,Drive,Loading,pitch.0,436302,-0.1427,-1.322,3.1392,1.2197,-4.3257,-1.0698,0.1834,0.0517
1779988770206,1,12.00000015,Lower Delivery,Loading,pitch.0,436038,-0.5803,-0.2677,0.5188,-0.0367,-0.0104,-0.0074,0.0,0.0
1779988770206,1,12.00000018,Upper Delivery,Loading,pitch.0,436896,-0.0434,0.0893,0.0569,-0.0884,-0.0304,-0.0012,0.0,0.0
1779988770206,1,Pitching Mound.Delivery,,Loading,pitch.0,435737,-0.6237,-0.1785,0.5757,0.032,-0.0408,0.1739,0.0,0.0
1779988770206,1,Pitching Mound.Drive,,Loading,pitch.0,436302,-0.1427,-1.322,3.1392,1.2197,-4.3257,-1.0698,0.1834,0.0517
1779988770206,1,Pitching Mound.Parent,,Loading,pitch.0,435358,-0.7664,-1.5005,3.7149,1.2517,-4.3665,-0.8959,0.0,0.0
1779988770207,1,11.0000004b,Drive,Loading,pitch.0,436303,-0.1365,-1.3036,3.132,1.25,-4.4938,-1.0749,0.191,0.0531
1779988770207,1,12.00000015,Lower Delivery,Loading,pitch.0,436039,-0.5561,-0.2596,0.4939,-0.041,-0.0125,-0.0073,0.0,0.0
1779988770207,1,12.00000018,Upper Delivery,Loading,pitch.0,436897,-0.0347,0.0955,0.0831,-0.0884,-0.0304,-0.0012,0.0,0.0
1779988770207,1,Pitching Mound.Delivery,,Loading,pitch.0,435738,-0.5908,-0.1641,0.577,0.0103,-0.0428,0.1688,0.0,0.0
1779988770207,1,Pitching Mound.Drive,,Loading,pitch.0,436303,-0.1365,-1.3036,3.132,1.25,-4.4938,-1.0749,0.191,0.0531
1779988770207,1,Pitching Mound.Parent,,Loading,pitch.0,435359,-0.7273,-1.4677,3.709,1.2603,-4.5366,-0.9061,0.0,0.0
1779988770208,1,11.0000004b,Drive,Loading,pitch.0,436304,-0.131,-1.3209,3.1312,1.3087,-4.6293,-1.0697,0.1968,0.0556
1779988770208,1,12.00000015,Lower Delivery,Loading,pitch.0,436040,-0.5617,-0.2703,0.4735,-0.0514,-0.012,-0.0056,0.0,0.0
1779988770208,1,12.00000018,Upper Delivery,Loading,pitch.0,436898,-0.056,0.0745,0.0523,-0.0884,-0.0304,-0.0012,0.0,0.0
1779988770208,1,Pitching Mound.Delivery,,Loading,pitch.0,435739,-0.6177,-0.1958,0.5258,0.0034,-0.0423,0.1651,0.0,0.0
1779988770208,1,Pitching Mound.Drive,,Loading,pitch.0,436304,-0.131,-1.3209,3.1312,1.3087,-4.6293,-1.0697,0.1968,0.0556
1779988770208,1,Pitching Mound.Parent,,Loading,pitch.0,435360,-0.7487,-1.5166,3.6569,1.3121,-4.6716,-0.9046,0.0,0.0
1779988770209,1,11.0000004b,Drive,Loading,pitch.0,436305,-0.1263,-1.3152,3.093,1.2788,-4.5309,-1.0867,0.195,0.055
1779988770209,1,12.00000015,Lower Delivery,Loading,pitch.0,436041,-0.6077,-0.2924,0.5056,-0.0552,-0.0149,-0.0049,0.0,0.0
1779988770209,1,12.00000018,Upper Delivery,Loading,pitch.0,436899,-0.0437,0.0921,0.0643,-0.0884,-0.0304,-0.0012,0.0,0.0
1779988770209,1,Pitching Mound.Delivery,,Loading,pitch.0,435740,-0.6514,-0.2003,0.5698,0.0065,-0.0453,0.1857,0.0,0.0
1779988770209,1,Pitching Mound.Drive,,Loading,pitch.0,436305,-0.1263,-1.3152,3.093,1.2788,-4.5309,-1.0867,0.195,0.055
1779988770209,1,Pitching Mound.Parent,,Loading,pitch.0,435361,-0.7776,-1.5155,3.6629,1.2853,-4.5762,-0.9009,0.0,0.0
1779988770210,1,11.0000004b,Drive,Loading,pitch.0,436306,-0.1223,-1.2768,3.0056,1.2345,-4.4406,-1.0673,0.1967,0.0547
1779988770210,1,12.00000015,Lower Delivery,Loading,pitch.0,436042,-0.5991,-0.2939,0.4883,-0.0605,-0.0135,-0.0051,0.0,0.0
1779988770210,1,12.00000018,Upper Delivery,Loading,pitch.0,436900,-0.0248,0.1043,0.0903,-0.0884,-0.0304,-0.0012,0.0,0.0
1779988770210,1,Pitching Mound.Delivery,,Loading,pitch.0,435741,-0.6239,-0.1895,0.5786,-0.0135,-0.0439,0.189,0.0,0.0
1779988770210,1,Pitching Mound.Drive,,Loading,pitch.0,436306,-0.1223,-1.2768,3.0056,1.2345,-4.4406,-1.0673,0.1967,0.0547
1779988770210,1,Pitching Mound.Parent,,Loading,pitch.0,435362,-0.7462,-1.4664,3.5842,1.221,-4.4846,-0.8783,0.0,0.0
1779988770211,1,11.0000004b,Drive,Loading,pitch.0,436307,-0.1108,-1.2646,2.9275,1.2099,-4.3275,-1.0666,0.0,0.0
1779988770211,1,12.00000015,Lower Delivery,Loading,pitch.0,436043,-0.5868,-0.3133,0.4635,-0.0585,-0.0121,-0.0051,0.0,0.0
1779988770211,1,12.00000018,Upper Delivery,Loading,pitch.0,436901,-0.0328,0.0921,0.0701,-0.0884,-0.0304,-0.0012,0.0,0.0
1779988770211,1,Pitching Mound.Delivery,,Loading,pitch.0,435742,-0.6197,-0.2212,0.5337,-0.0131,-0.0425,0.1821,0.0,0.0
1779988770211,1,Pitching Mound.Drive,,Loading,pitch.0,436307,-0.1108,-1.2646,2.9275,1.2099,-4.3275,-1.0666,0.0,0.0
1779988770211,1,Pitching Mound.Parent,,Loading,pitch.0,435363,-0.7305,-1.4858,3.4612,1.1967,-4.37,-0.8845,0.0,0.0
1779988770212,1,11.0000004b,Drive,Loading,pitch.0,436308,-0.1087,-1.2706,2.9403,1.2323,-4.2316,-1.0765,0.0,0.0
1779988770212,1,12.00000015,Lower Delivery,Loading,pitch.0,436044,-0.6069,-0.2978,0.4948,-0.0728,-0.0086,-0.001,0.0,0.0
1779988770212,1,12.00000018,Upper Delivery,Loading,pitch.0,436902,-0.0322,0.0883,0.0707,-0.0884,-0.0304,-0.0012,0.0,0.0
1779988770212,1,Pitching Mound.Delivery,,Loading,pitch.0,435743,-0.6391,-0.2094,0.5655,-0.017,-0.0389,0.1932,0.0,0.0
1779988770212,1,Pitching Mound.Drive,,Loading,pitch.0,436308,-0.1087,-1.2706,2.9403,1.2323,-4.2316,-1.0765,0.0,0.0
1779988770212,1,Pitching Mound.Parent,,Loading,pitch.0,435364,-0.7478,-1.48,3.5058,1.2153,-4.2706,-0.8833,0.0,0.0
1779988770213,1,11.0000004b,Drive,Loading,pitch.0,436309,-0.0989,-1.2409,2.9435,1.1851,-4.3043,-1.0691,0.0,0.0
1779988770213,1,12.00000015,Lower Delivery,Loading,pitch.0,436045,-0.5666,-0.2939,0.4489,-0.0772,-0.0117,0.0011,0.0,0.0
1779988770213,1,12.00000018,Upper Delivery,Loading,pitch.0,436903,-0.0421,0.0749,0.0458,-0.0884,-0.0304,-0.0012,0.0,0.0
1779988770213,1,Pitching Mound.Delivery,,Loading,pitch.0,435744,-0.6087,-0.219,0.4947,-0.0286,-0.0421,0.1782,0.0,0.0
1779988770213,1,Pitching Mound.Drive,,Loading,pitch.0,436309,-0.0989,-1.2409,2.9435,1.1851,-4.3043,-1.0691,0.0,0.0
1779988770213,1,Pitching Mound.Parent,,Loading,pitch.0,435365,-0.7077,-1.4599,3.4382,1.1565,-4.3464,-0.8908,0.0,0.0
1779988770214,1,11.0000004b,Drive,Loading,pitch.0,436310,-0.1069,-1.2527,2.9228,1.1875,-4.2986,-1.0702,0.0,0.0
1779988770214,1,12.00000015,Lower Delivery,Loading,pitch.0,436046,-0.5619,-0.3089,0.4353,-0.0747,-0.0148,-0.0003,0.0,0.0
1779988770214,1,12.00000018,Upper Delivery,Loading,pitch.0,436904,-0.0261,0.0856,0.0494,-0.0884,-0.0304,-0.0012,0.0,0.0
1779988770214,1,Pitching Mound.Delivery,,Loading,pitch.0,435745,-0.588,-0.2232,0.4847,-0.0319,-0.0451,0.1807,0.0,0.0
1779988770214,1,Pitching Mound.Drive,,Loading,pitch.0,436310,-0.1069,-1.2527,2.9228,1.1875,-4.2986,-1.0702,0.0,0.0
1779988770214,1,Pitching Mound.Parent,,Loading,pitch.0,435366,-0.695,-1.4759,3.4075,1.1555,-4.3437,-0.8895,0.0,0.0
1779988770215,1,11.0000004b,Drive,Loading,pitch.0,436311,-0.1087,-1.2479,2.9035,1.1971,-4.1989,-1.089,0.0,0.0
1779988770215,1,12.00000015,Lower Delivery,Loading,pitch.0,436047,-0.5473,-0.288,0.4258,-0.0715,-0.0111,0.002,0.0,0.0
1779988770215,1,12.00000018,Upper Delivery,Loading,pitch.0,436905,-0.0288,0.0845,0.0552,-0.0884,-0.0304,-0.0012,0.0,0.0
1779988770215,1,Pitching Mound.Delivery,,Loading,pitch.0,435746,-0.5761,-0.2035,0.4809,-0.0339,-0.0415,0.1771,0.0,0.0
1779988770215,1,Pitching Mound.Drive,,Loading,pitch.0,436311,-0.1087,-1.2479,2.9035,1.1971,-4.1989,-1.089,0.0,0.0
1779988770215,1,Pitching Mound.Parent,,Loading,pitch.0,435367,-0.6848,-1.4513,3.3845,1.1632,-4.2404,-0.9119,0.0,0.0
1779988770216,1,11.0000004b,Drive,Loading,pitch.0,436312,-0.0995,-1.2384,3.0314,1.153,-4.1984,-1.072,0.1844,0.0506
1779988770216,1,12.00000015,Lower Delivery,Loading,pitch.0,436048,-0.5519,-0.2678,0.4395,-0.0672,-0.0125,0.0013,0.0,0.0
1779988770216,1,12.00000018,Upper Delivery,Loading,pitch.0,436906,-0.0546,0.0619,0.0483,-0.0884,-0.0304,-0.0012,0.0,0.0
1779988770216,1,Pitching Mound.Delivery,,Loading,pitch.0,435747,-0.6066,-0.2059,0.4879,-0.0226,-0.0429,0.1692,0.0,0.0
1779988770216,1,Pitching Mound.Drive,,Loading,pitch.0,436312,-0.0995,-1.2384,3.0314,1.153,-4.1984,-1.072,0.1844,0.0506
1779988770216,1,Pitching Mound.Parent,,Loading,pitch.0,435368,-0.7061,-1.4443,3.5193,1.1304,-4.2413,-0.9029,0.0,0.0
1779988770217,1,11.0000004b,Drive,Loading,pitch.0,436313,-0.0992,-1.2544,3.0039,1.1847,-4.218,-1.0787,0.1869,0.0525
1779988770217,1,12.00000015,Lower Delivery,Loading,pitch.0,436049,-0.544,-0.2613,0.4317,-0.0574,-0.0098,-0.0005,0.0,0.0
1779988770217,1,12.00000018,Upper Delivery,Loading,pitch.0,436907,-0.0527,0.0491,0.0001,-0.0884,-0.0304,-0.0012,0.0,0.0
1779988770217,1,Pitching Mound.Delivery,,Loading,pitch.0,435748,-0.5967,-0.2122,0.4318,0.001,-0.0402,0.1653,0.0,0.0
1779988770217,1,Pitching Mound.Drive,,Loading,pitch.0,436313,-0.0992,-1.2544,3.0039,1.1847,-4.218,-1.0787,0.1869,0.0525
1779988770217,1,Pitching Mound.Parent,,Loading,pitch.0,435369,-0.6959,-1.4666,3.4357,1.1857,-4.2582,-0.9134,0.0,0.0
1779988770218,1,11.0000004b,Drive,Loading,pitch.0,436314,-0.1036,-1.2404,2.9493,1.1752,-4.0988,-1.0669,0.0,0.0
1779988770218,1,12.00000015,Lower Delivery,Loading,pitch.0,436050,-0.5622,-0.29,0.461,-0.0528,-0.0036,-0.0002,0.0,0.0
1779988770218,1,12.00000018,Upper Delivery,Loading,pitch.0,436908,-0.0549,0.0488,0.0003,-0.0884,-0.0304,-0.0012,0.0,0.0
1779988770218,1,Pitching Mound.Delivery,,Loading,pitch.0,435749,-0.6171,-0.2411,0.4613,0.0155,-0.034,0.1711,0.0,0.0
1779988770218,1,Pitching Mound.Drive,,Loading,pitch.0,436314,-0.1036,-1.2404,2.9493,1.1752,-4.0988,-1.0669,0.0,0.0
1779988770218,1,Pitching Mound.Parent,,Loading,pitch.0,435370,-0.7207,-1.4816,3.4106,1.1907,-4.1328,-0.8958,0.0,0.0
1779988770219,1,11.0000004b,Drive,Loading,pitch.0,436315,-0.1025,-1.219,2.9544,1.1889,-4.0956,-1.0542,0.0,0.0
1779988770219,1,12.00000015,Lower Delivery,Loading,pitch.0,436051,-0.5395,-0.2748,0.4477,-0.0459,-0.0031,-0.0018,0.0,0.0
1779988770219,1,12.00000018,Upper Delivery,Loading,pitch.0,436909,-0.0523,0.0501,0.0015,-0.0884,-0.0304,-0.0012,0.0,0.0
1779988770219,1,Pitching Mound.Delivery,,Loading,pitch.0,435750,-0.5917,-0.2247,0.4492,0.0174,-0.0335,0.1626,0.0,0.0
1779988770219,1,Pitching Mound.Drive,,Loading,pitch.0,436315,-0.1025,-1.219,2.9544,1.1889,-4.0956,-1.0542,0.0,0.0
1779988770219,1,Pitching Mound.Parent,,Loading,pitch.0,435371,-0.6943,-1.4438,3.4036,1.2063,-4.1291,-0.8916,0.0,0.0
1779988770220,1,11.0000004b,Drive,Loading,pitch.0,436316,-0.107,-1.2367,3.0364,1.2155,-4.2233,-1.077,0.1852,0.0533
1779988770220,1,12.00000015,Lower Delivery,Loading,pitch.0,436052,-0.493,-0.2673,0.406,-0.0333,-0.0099,-0.0039,0.0,0.0
1779988770220,1,12.00000018,Upper Delivery,Loading,pitch.0,436910,-0.0525,0.0464,0.0018,-0.0884,-0.0304,-0.0012,0.0,0.0
1779988770220,1,Pitching Mound.Delivery,,Loading,pitch.0,435751,-0.5454,-0.2209,0.4078,0.0158,-0.0402,0.1446,0.0,0.0
1779988770220,1,Pitching Mound.Drive,,Loading,pitch.0,436316,-0.107,-1.2367,3.0364,1.2155,-4.2233,-1.077,0.1852,0.0533
1779988770220,1,Pitching Mound.Parent,,Loading,pitch.0,435372,-0.6524,-1.4575,3.4442,1.2313,-4.2636,-0.9324,0.0,0.0
1779988770221,1,11.0000004b,Drive,Loading,pitch.0,436317,-0.1164,-1.2514,3.0895,1.2315,-4.2375,-1.0569,0.1826,0.0531
1779988770221,1,12.00000015,Lower Delivery,Loading,pitch.0,436053,-0.5023,-0.2486,0.4196,-0.0371,-0.007,-0.0024,0.0,0.0
1779988770221,1,12.00000018,Upper Delivery,Loading,pitch.0,436911,-0.0528,0.0408,-0.0008,-0.0884,-0.0304,-0.0012,0.0,0.0
1779988770221,1,Pitching Mound.Delivery,,Loading,pitch.0,435752,-0.5551,-0.2079,0.4188,0.0175,-0.0374,0.1492,0.0,0.0
1779988770221,1,Pitching Mound.Drive,,Loading,pitch.0,436317,-0.1164,-1.2514,3.0895,1.2315,-4.2375,-1.0569,0.1826,0.0531
1779988770221,1,Pitching Mound.Parent,,Loading,pitch.0,435373,-0.6714,-1.4593,3.5084,1.249,-4.2749,-0.9077,0.0,0.0
1779988770222,1,11.0000004b,Drive,Loading,pitch.0,436318,-0.1183,-1.2382,3.1062,1.2721,-4.3719,-1.0633,0.1874,0.0545
1779988770222,1,12.00000015,Lower Delivery,Loading,pitch.0,436054,-0.5178,-0.2885,0.4239,-0.0306,-0.0035,-0.0007,0.0,0.0
1779988770222,1,12.00000018,Upper Delivery,Loading,pitch.0,436912,-0.0529,0.041,-0.0003,-0.0884,-0.0304,-0.0012,0.0,0.0
1779988770222,1,Pitching Mound.Delivery,,Loading,pitch.0,435753,-0.5707,-0.2475,0.4237,0.0253,-0.0339,0.1561,0.0,0.0
1779988770222,1,Pitching Mound.Drive,,Loading,pitch.0,436318,-0.1183,-1.2382,3.1062,1.2721,-4.3719,-1.0633,0.1874,0.0545
1779988770222,1,Pitching Mound.Parent,,Loading,pitch.0,435374,-0.689,-1.4857,3.5298,1.2973,-4.4058,-0.9072,0.0,0.0
1779988770223,1,11.0000004b,Drive,Loading,pitch.0,436319,-0.1171,-1.2364,3.0693,1.2433,-4.2561,-1.0549,0.1846,0.0539
1779988770223,1,12.00000015,Lower Delivery,Loading,pitch.0,436055,-0.5135,-0.3196,0.4054,-0.0169,-0.0022,-0.0023,0.0,0.0
1779988770223,1,12.00000018,Upper Delivery,Loading,pitch.0,436913,-0.0533,0.0425,0.0011,-0.0884,-0.0304,-0.0012,0.0,0.0
1779988770223,1,Pitching Mound.Delivery,,Loading,pitch.0,435754,-0.5668,-0.2772,0.4065,0.0322,-0.0326,0.153,0.0,0.0
1779988770223,1,Pitching Mound.Drive,,Loading,pitch.0,436319,-0.1171,-1.2364,3.0693,1.2433,-4.2561,-1.0549,0.1846,0.0539
1779988770223,1,Pitching Mound.Parent,,Loading,pitch.0,435375,-0.6839,-1.5136,3.4758,1.2755,-4.2887,-0.9019,0.0,0.0
1779988770224,1,11.0000004b,Drive,Loading,pitch.0,436320,-0.1364,-1.2526,3.1313,1.2727,-4.255,-1.0648,0.1809,0.0541
1779988770224,1,12.00000015,Lower Delivery,Loading,pitch.0,436056,-0.4993,-0.3218,0.3943,-0.0181,0.007,-0.002,0.0,0.0
1779988770224,1,12.00000018,Upper Delivery,Loading,pitch.0,436914,-0.0597,0.038,0.0098,-0.0884,-0.0304,-0.0012,0.0,0.0
1779988770224,1,Pitching Mound.Delivery,,Loading,pitch.0,435755,-0.559,-0.2837,0.4041,0.0243,-0.0234,0.1463,0.0,0.0
1779988770224,1,Pitching Mound.Drive,,Loading,pitch.0,436320,-0.1364,-1.2526,3.1313,1.2727,-4.255,-1.0648,0.1809,0.0541
1779988770224,1,Pitching Mound.Parent,,Loading,pitch.0,435376,-0.6954,-1.5363,3.5354,1.2969,-4.2784,-0.9185,0.0,0.0
1779988770225,1,11.0000004b,Drive,Loading,pitch.0,436321,-0.13,-1.2269,3.1022,1.2807,-4.2582,-1.0835,0.1827,0.055
1779988770225,1,12.00000015,Lower Delivery,Loading,pitch.0,436057,-0.5104,-0.321,0.3978,-0.0128,-0.0006,-0.003,0.0,0.0
1779988770225,1,12.00000018,Upper Delivery,Loading,pitch.0,436915,-0.056,0.0442,0.0128,-0.0884,-0.0304,-0.0012,0.0,0.0
1779988770225,1,Pitching Mound.Delivery,,Loading,pitch.0,435756,-0.5664,-0.2768,0.4106,0.0297,-0.0309,0.1503,0.0,0.0
1779988770225,1,Pitching Mound.Drive,,Loading,pitch.0,436321,-0.13,-1.2269,3.1022,1.2807,-4.2582,-1.0835,0.1827,0.055
1779988770225,1,Pitching Mound.Parent,,Loading,pitch.0,435377,-0.6964,-1.5037,3.5127,1.3104,-4.2891,-0.9332,0.0,0.0
1779988770226,1,11.0000004b,Drive,Loading,pitch.0,436322,-0.1276,-1.2688,3.0837,1.2809,-4.242,-1.0997,0.1831,0.0553
1779988770226,1,12.00000015,Lower Delivery,Loading,pitch.0,436058,-0.5122,-0.3064,0.4021,-0.0108,0.0049,-0.0015,0.0,0.0
1779988770226,1,12.00000018,Upper Delivery,Loading,pitch.0,436916,-0.0567,0.0469,0.0166,-0.0884,-0.0304,-0.0012,0.0,0.0
1779988770226,1,Pitching Mound.Delivery,,Loading,pitch.0,435757,-0.5689,-0.2594,0.4186,0.0319,-0.0255,0.1521,0.0,0.0
1779988770226,1,Pitching Mound.Drive,,Loading,pitch.0,436322,-0.1276,-1.2688,3.0837,1.2809,-4.242,-1.0997,0.1831,0.0553
1779988770226,1,Pitching Mound.Parent,,Loading,pitch.0,435378,-0.6965,-1.5282,3.5024,1.3128,-4.2675,-0.9476,0.0,0.0
1779988770227,1,11.0000004b,Drive,Loading,pitch.0,436323,-0.1336,-1.2769,3.0452,1.2898,-4.3437,-1.1266,0.1899,0.0564
1779988770227,1,12.00000015,Lower Delivery,Loading,pitch.0,436059,-0.496,-0.2939,0.3856,-0.0186,0.002,-0.0032,0.0,0.0
1779988770227,1,12.00000018,Upper Delivery,Loading,pitch.0,436917,-0.0515,0.0517,0.011,-0.0884,-0.0304,-0.0012,0.0,0.0
1779988770227,1,Pitching Mound.Delivery,,Loading,pitch.0,435758,-0.5474,-0.2421,0.3966,0.0204,-0.0284,0.1468,0.0,0.0
1779988770227,1,Pitching Mound.Drive,,Loading,pitch.0,436323,-0.1336,-1.2769,3.0452,1.2898,-4.3437,-1.1266,0.1899,0.0564
1779988770227,1,Pitching Mound.Parent,,Loading,pitch.0,435379,-0.681,-1.519,3.4418,1.3102,-4.3721,-0.9799,0.0,0.0
1779988770228,1,11.0000004b,Drive,Loading,pitch.0,436324,-0.1442,-1.2766,3.1469,1.2511,-4.4103,-1.1288,0.1866,0.0529
1779988770228,1,12.00000015,Lower Delivery,Loading,pitch.0,436060,-0.5284,-0.3252,0.4037,-0.0243,0.0059,-0.0041,0.0,0.0
1779988770228,1,12.00000018,Upper Delivery,Loading,pitch.0,436918,-0.0553,0.0573,0.0251,-0.0884,-0.0304,-0.0012,0.0,0.0
1779988770228,1,Pitching Mound.Delivery,,Loading,pitch.0,435759,-0.5836,-0.2678,0.4287,0.016,-0.0244,0.1555,0.0,0.0
1779988770228,1,Pitching Mound.Drive,,Loading,pitch.0,436324,-0.1442,-1.2766,3.1469,1.2511,-4.4103,-1.1288,0.1866,0.0529
1779988770228,1,Pitching Mound.Parent,,Loading,pitch.0,435380,-0.7279,-1.5444,3.5756,1.2671,-4.4347,-0.9733,0.0,0.0
1779988770229,1,11.0000004b,Drive,Loading,pitch.0,436325,-0.1271,-1.2532,3.0764,1.2154,-4.4178,-1.1443,0.1912,0.0526
1779988770229,1,11.0000004b,Drive,Loading,pitch.0,436326,-0.1225,-1.2591,2.9645,1.1785,-4.4852,-1.144,0.2014,0.0529
1779988770229,1,12.00000015,Lower Delivery,Loading,pitch.0,436061,-0.5422,-0.3075,0.4191,-0.0281,0.0028,-0.0038,0.0,0.0
1779988770229,1,12.00000018,Upper Delivery,Loading,pitch.0,436919,-0.0477,0.0545,0.0066,-0.0884,-0.0304,-0.0012,0.0,0.0
1779988770229,1,Pitching Mound.Delivery,,Loading,pitch.0,435760,-0.5899,-0.253,0.4257,0.0238,-0.0276,0.1632,0.0,0.0
1779988770229,1,Pitching Mound.Drive,,Loading,pitch.0,436325,-0.1271,-1.2532,3.0764,1.2154,-4.4178,-1.1443,0.1912,0.0526
1779988770229,1,Pitching Mound.Drive,,Loading,pitch.0,436326,-0.1225,-1.2591,2.9645,1.1785,-4.4852,-1.144,0.2014,0.0529
1779988770229,1,Pitching Mound.Parent,,Loading,pitch.0,435381,-0.7171,-1.5062,3.502,1.2392,-4.4454,-0.9812,0.0,0.0
1779988770230,1,12.00000015,Lower Delivery,Loading,pitch.0,436062,-0.5467,-0.3062,0.4312,-0.0376,-0.0005,-0.0053,0.0,0.0
1779988770230,1,12.00000018,Upper Delivery,Loading,pitch.0,436920,-0.0467,0.0539,0.0101,-0.0884,-0.0304,-0.0012,0.0,0.0
1779988770230,1,Pitching Mound.Delivery,,Loading,pitch.0,435761,-0.5934,-0.2523,0.4413,0.0173,-0.0309,0.1635,0.0,0.0
1779988770230,1,Pitching Mound.Parent,,Loading,pitch.0,435382,-0.7159,-1.5114,3.4057,1.1958,-4.5161,-0.9805,0.0,0.0
1779988770231,1,11.0000004b,Drive,Loading,pitch.0,436327,-0.1159,-1.2564,3.0303,1.1704,-4.4697,-1.1584,0.1964,0.0514
1779988770231,1,12.00000015,Lower Delivery,Loading,pitch.0,436063,-0.6049,-0.348,0.4287,-0.0243,-0.0007,-0.006,0.0,0.0
1779988770231,1,12.00000018,Upper Delivery,Loading,pitch.0,436921,-0.0445,0.0545,0.009,-0.0884,-0.0304,-0.0012,0.0,0.0
1779988770231,1,Pitching Mound.Delivery,,Loading,pitch.0,435762,-0.6493,-0.2935,0.4378,0.03,-0.0311,0.1833,0.0,0.0
1779988770231,1,Pitching Mound.Drive,,Loading,pitch.0,436327,-0.1159,-1.2564,3.0303,1.1704,-4.4697,-1.1584,0.1964,0.0514
1779988770231,1,Pitching Mound.Parent,,Loading,pitch.0,435383,-0.7653,-1.5499,3.4681,1.2004,-4.5007,-0.9751,0.0,0.0
1779988770232,1,11.0000004b,Drive,Loading,pitch.0,436328,-0.0973,-1.2639,3.0139,1.1168,-4.4308,-1.1462,0.1957,0.0493
1779988770232,1,12.00000015,Lower Delivery,Loading,pitch.0,436064,-0.6131,-0.3569,0.4325,-0.0229,-0.0005,-0.0068,0.0,0.0
1779988770232,1,12.00000018,Upper Delivery,Loading,pitch.0,436922,-0.045,0.0553,0.0117,-0.0884,-0.0304,-0.0012,0.0,0.0
1779988770232,1,Pitching Mound.Delivery,,Loading,pitch.0,435763,-0.6581,-0.3016,0.4442,0.0318,-0.0309,0.1852,0.0,0.0
1779988770232,1,Pitching Mound.Drive,,Loading,pitch.0,436328,-0.0973,-1.2639,3.0139,1.1168,-4.4308,-1.1462,0.1957,0.0493
1779988770232,1,Pitching Mound.Parent,,Loading,pitch.0,435384,-0.7553,-1.5655,3.4581,1.1486,-4.4617,-0.961,0.0,0.0
1779988770233,1,11.0000004b,Drive,Loading,pitch.0,436329,-0.093,-1.2561,2.9694,1.1391,-4.479,-1.1931,0.2008,0.0511
1779988770233,1,11.0000004b,Drive,Loading,pitch.0,436330,-0.0926,-1.2454,2.9664,1.1255,-4.4706,-1.1683,0.2006,0.0505
1779988770233,1,12.00000015,Lower Delivery,Loading,pitch.0,436065,-0.6108,-0.3234,0.4728,-0.0259,-0.0097,-0.0108,0.0,0.0
1779988770233,1,12.00000018,Upper Delivery,Loading,pitch.0,436923,-0.0454,0.0496,0.0072,-0.0884,-0.0304,-0.0012,0.0,0.0
1779988770233,1,Pitching Mound.Delivery,,Loading,pitch.0,435764,-0.6562,-0.2739,0.48,0.044,-0.04,0.1803,0.0,0.0
1779988770233,1,Pitching Mound.Drive,,Loading,pitch.0,436329,-0.093,-1.2561,2.9694,1.1391,-4.479,-1.1931,0.2008,0.0511
1779988770233,1,Pitching Mound.Drive,,Loading,pitch.0,436330,-0.0926,-1.2454,2.9664,1.1255,-4.4706,-1.1683,0.2006,0.0505
1779988770233,1,Pitching Mound.Parent,,Loading,pitch.0,435385,-0.7492,-1.53,3.4493,1.1832,-4.5191,-1.0128,0.0,0.0
1779988770234,1,12.00000015,Lower Delivery,Loading,pitch.0,436066,-0.5972,-0.3052,0.4587,-0.0353,-0.007,-0.0095,0.0,0.0
1779988770234,1,12.00000018,Upper Delivery,Loading,pitch.0,436924,-0.0462,0.0427,0.0052,-0.0884,-0.0304,-0.0012,0.0,0.0
1779988770234,1,Pitching Mound.Delivery,,Loading,pitch.0,435765,-0.6434,-0.2625,0.464,0.0306,-0.0374,0.1766,0.0,0.0
1779988770234,1,Pitching Mound.Parent,,Loading,pitch.0,435386,-0.736,-1.5079,3.4303,1.1561,-4.508,-0.9917,0.0,0.0
1779988770235,1,11.0000004b,Drive,Loading,pitch.0,436331,-0.0838,-1.2427,3.0352,1.1161,-4.4618,-1.1881,0.1957,0.049
1779988770235,1,12.00000015,Lower Delivery,Loading,pitch.0,436067,-0.5943,-0.294,0.48,-0.037,-0.0126,-0.0107,0.0,0.0
1779988770235,1,12.00000018,Upper Delivery,Loading,pitch.0,436925,-0.0473,0.0465,0.0047,-0.0884,-0.0304,-0.0012,0.0,0.0
1779988770235,1,Pitching Mound.Delivery,,Loading,pitch.0,435766,-0.6416,-0.2475,0.4848,0.0362,-0.043,0.1741,0.0,0.0
1779988770235,1,Pitching Mound.Drive,,Loading,pitch.0,436331,-0.0838,-1.2427,3.0352,1.1161,-4.4618,-1.1881,0.1957,0.049
1779988770235,1,Pitching Mound.Parent,,Loading,pitch.0,435387,-0.7254,-1.4902,3.52,1.1523,-4.5048,-1.014,0.0,0.0
1779988770236,1,11.0000004b,Drive,Loading,pitch.0,436332,-0.0695,-1.2403,3.0343,1.0818,-4.2017,-1.1624,0.1843,0.0475
1779988770236,1,12.00000015,Lower Delivery,Loading,pitch.0,436068,-0.5932,-0.274,0.4986,-0.0297,-0.0118,-0.0119,0.0,0.0
1779988770236,1,12.00000018,Upper Delivery,Loading,pitch.0,436926,-0.0504,0.0461,0.0038,-0.0884,-0.0304,-0.0012,0.0,0.0
1779988770236,1,Pitching Mound.Delivery,,Loading,pitch.0,435767,-0.6436,-0.2279,0.5024,0.0502,-0.0421,0.1715,0.0,0.0
1779988770236,1,Pitching Mound.Drive,,Loading,pitch.0,436332,-0.0695,-1.2403,3.0343,1.0818,-4.2017,-1.1624,0.1843,0.0475
1779988770236,1,Pitching Mound.Parent,,Loading,pitch.0,435388,-0.7131,-1.4683,3.5367,1.132,-4.2438,-0.9909,0.0,0.0
1779988770237,1,11.0000004b,Drive,Loading,pitch.0,436333,-0.0719,-1.2436,2.8958,1.1048,-4.2684,-1.159,0.0,0.0
1779988770237,1,12.00000015,Lower Delivery,Loading,pitch.0,436069,-0.6031,-0.3008,0.5044,-0.0303,-0.0068,-0.0092,0.0,0.0
1779988770237,1,12.00000018,Upper Delivery,Loading,pitch.0,436927,-0.0488,0.0434,0.0011,-0.0884,-0.0304,-0.0012,0.0,0.0
1779988770237,1,Pitching Mound.Delivery,,Loading,pitch.0,435768,-0.6519,-0.2574,0.5055,0.0525,-0.0372,0.1781,0.0,0.0
1779988770237,1,Pitching Mound.Drive,,Loading,pitch.0,436333,-0.0719,-1.2436,2.8958,1.1048,-4.2684,-1.159,0.0,0.0
1779988770237,1,Pitching Mound.Parent,,Loading,pitch.0,435389,-0.7238,-1.501,3.4014,1.1573,-4.3056,-0.981,0.0,0.0
1779988770238,1,11.0000004b,Drive,Loading,pitch.0,436334,-0.0634,-1.235,2.9464,1.0873,-4.2312,-1.1582,0.0,0.0
1779988770238,1,12.00000015,Lower Delivery,Loading,pitch.0,436070,-0.6119,-0.2935,0.5123,-0.0275,-0.0144,-0.0116,0.0,0.0
1779988770238,1,12.00000018,Upper Delivery,Loading,pitch.0,436928,-0.0505,0.0396,-0.0036,-0.0884,-0.0304,-0.0012,0.0,0.0
1779988770238,1,Pitching Mound.Delivery,,Loading,pitch.0,435769,-0.6624,-0.2539,0.5087,0.0596,-0.0447,0.1781,0.0,0.0
1779988770238,1,Pitching Mound.Drive,,Loading,pitch.0,436334,-0.0634,-1.235,2.9464,1.0873,-4.2312,-1.1582,0.0,0.0
1779988770238,1,Pitching Mound.Parent,,Loading,pitch.0,435390,-0.7258,-1.489,3.4551,1.1469,-4.2759,-0.9801,0.0,0.0
1779988770239,1,11.0000004b,Drive,Loading,pitch.0,436335,-0.0663,-1.2289,2.9853,1.1016,-4.1556,-1.1342,0.1853,0.0491
1779988770239,1,12.00000015,Lower Delivery,Loading,pitch.0,436071,-0.6101,-0.2872,0.5134,-0.0282,-0.0163,-0.0123,0.0,0.0
1779988770239,1,12.00000018,Upper Delivery,Loading,pitch.0,436929,-0.0517,0.0391,-0.0032,-0.0884,-0.0304,-0.0012,0.0,0.0
1779988770239,1,Pitching Mound.Delivery,,Loading,pitch.0,435770,-0.6618,-0.2481,0.5102,0.0591,-0.0467,0.1764,0.0,0.0
1779988770239,1,Pitching Mound.Drive,,Loading,pitch.0,436335,-0.0663,-1.2289,2.9853,1.1016,-4.1556,-1.1342,0.1853,0.0491
1779988770239,1,Pitching Mound.Parent,,Loading,pitch.0,435391,-0.7281,-1.4771,3.4955,1.1607,-4.2023,-0.9578,0.0,0.0
1779988770240,1,11.0000004b,Drive,Loading,pitch.0,436336,-0.0683,-1.2363,3.0072,1.1064,-4.0649,-1.1056,0.18,0.049
1779988770240,1,12.00000015,Lower Delivery,Loading,pitch.0,436072,-0.5818,-0.2678,0.4799,-0.037,-0.0226,-0.0128,0.0,0.0
1779988770240,1,12.00000018,Upper Delivery,Loading,pitch.0,436930,-0.054,0.0451,-0.0028,-0.0884,-0.0304,-0.0012,0.0,0.0
1779988770240,1,Pitching Mound.Delivery,,Loading,pitch.0,435771,-0.6358,-0.2227,0.4771,0.0388,-0.053,0.1655,0.0,0.0
1779988770240,1,Pitching Mound.Drive,,Loading,pitch.0,436336,-0.0683,-1.2363,3.0072,1.1064,-4.0649,-1.1056,0.18,0.049
1779988770240,1,Pitching Mound.Parent,,Loading,pitch.0,435392,-0.7041,-1.459,3.4843,1.1452,-4.1179,-0.9401,0.0,0.0
1779988770241,1,11.0000004b,Drive,Loading,pitch.0,436337,-0.075,-1.2382,3.106,1.1534,-4.1596,-1.1119,0.1783,0.0494
1779988770241,1,12.00000015,Lower Delivery,Loading,pitch.0,436073,-0.5941,-0.2874,0.4768,-0.0503,-0.0289,-0.0121,0.0,0.0
1779988770241,1,12.00000018,Upper Delivery,Loading,pitch.0,436931,-0.0568,0.0513,0.0103,-0.0884,-0.0304,-0.0012,0.0,0.0
1779988770241,1,Pitching Mound.Delivery,,Loading,pitch.0,435772,-0.6509,-0.2361,0.4871,0.02,-0.0593,0.1694,0.0,0.0
1779988770241,1,Pitching Mound.Drive,,Loading,pitch.0,436337,-0.075,-1.2382,3.106,1.1534,-4.1596,-1.1119,0.1783,0.0494
1779988770241,1,Pitching Mound.Parent,,Loading,pitch.0,435393,-0.7259,-1.4743,3.5931,1.1734,-4.2189,-0.9425,0.0,0.0
1779988770242,1,11.0000004b,Drive,Loading,pitch.0,436339,-0.0868,-1.2331,2.9873,1.1503,-4.1119,-1.0805,0.1832,0.0513
1779988770242,1,11.0000004b,Drive,Loading,pitch.0,436338,-0.083,-1.2446,3.0042,1.1683,-4.1594,-1.1437,0.1843,0.0518
1779988770242,1,12.00000015,Lower Delivery,Loading,pitch.0,436074,-0.5817,-0.2679,0.4688,-0.0518,-0.0323,-0.0108,0.0,0.0
1779988770242,1,12.00000018,Upper Delivery,Loading,pitch.0,436932,-0.0519,0.0539,0.0021,-0.0884,-0.0304,-0.0012,0.0,0.0
1779988770242,1,Pitching Mound.Delivery,,Loading,pitch.0,435773,-0.6335,-0.2139,0.4709,0.0185,-0.0627,0.1681,0.0,0.0
1779988770242,1,Pitching Mound.Drive,,Loading,pitch.0,436339,-0.0868,-1.2331,2.9873,1.1503,-4.1119,-1.0805,0.1832,0.0513
1779988770242,1,Pitching Mound.Drive,,Loading,pitch.0,436338,-0.083,-1.2446,3.0042,1.1683,-4.1594,-1.1437,0.1843,0.0518
1779988770242,1,Pitching Mound.Parent,,Loading,pitch.0,435394,-0.7165,-1.4585,3.4751,1.1868,-4.2221,-0.9756,0.0,0.0
1779988770243,1,11.0000004b,Drive,Loading,pitch.0,436340,-0.0894,-1.2332,2.9634,1.1572,-4.0372,-1.0698,0.1814,0.052
1779988770243,1,12.00000015,Lower Delivery,Loading,pitch.0,436075,-0.5772,-0.2805,0.4627,-0.0515,-0.0298,-0.0094,0.0,0.0
1779988770243,1,12.00000018,Upper Delivery,Loading,pitch.0,436933,-0.0507,0.0579,0.0032,-0.0884,-0.0304,-0.0012,0.0,0.0
1779988770243,1,Pitching Mound.Delivery,,Loading,pitch.0,435774,-0.6279,-0.2225,0.4659,0.0164,-0.0602,0.1684,0.0,0.0
1779988770243,1,Pitching Mound.Drive,,Loading,pitch.0,436340,-0.0894,-1.2332,2.9634,1.1572,-4.0372,-1.0698,0.1814,0.052
1779988770243,1,Pitching Mound.Parent,,Loading,pitch.0,435395,-0.7148,-1.4556,3.4532,1.1667,-4.172,-0.9121,0.0,0.0
1779988770244,1,11.0000004b,Drive,Loading,pitch.0,436341,-0.1005,-1.2369,2.9939,1.1637,-4.0223,-1.0726,0.1789,0.0517
1779988770244,1,12.00000015,Lower Delivery,Loading,pitch.0,436076,-0.6236,-0.2865,0.5101,-0.0514,-0.0331,-0.01,0.0,0.0
1779988770244,1,12.00000018,Upper Delivery,Loading,pitch.0,436934,-0.0532,0.0619,0.0035,-0.0884,-0.0304,-0.0012,0.0,0.0
1779988770244,1,Pitching Mound.Delivery,,Loading,pitch.0,435775,-0.6767,-0.2247,0.5136,0.0324,-0.0635,0.1827,0.0,0.0
1779988770244,1,Pitching Mound.Drive,,Loading,pitch.0,436341,-0.1005,-1.2369,2.9939,1.1637,-4.0223,-1.0726,0.1789,0.0517
1779988770244,1,Pitching Mound.Parent,,Loading,pitch.0,435396,-0.7661,-1.4578,3.477,1.1896,-4.1006,-0.8871,0.0,0.0
1779988770245,1,11.0000004b,Drive,Loading,pitch.0,436342,-0.1042,-1.2177,2.9553,1.1584,-3.9717,-1.0656,0.0,0.0
1779988770245,1,12.00000015,Lower Delivery,Loading,pitch.0,436077,-0.6392,-0.2986,0.5308,-0.0542,-0.0318,-0.0097,0.0,0.0
1779988770245,1,12.00000018,Upper Delivery,Loading,pitch.0,436935,-0.05,0.0626,0.003,-0.0884,-0.0304,-0.0012,0.0,0.0
1779988770245,1,Pitching Mound.Delivery,,Loading,pitch.0,435776,-0.6892,-0.236,0.5338,0.0369,-0.0622,0.1895,0.0,0.0
1779988770245,1,Pitching Mound.Drive,,Loading,pitch.0,436342,-0.1042,-1.2177,2.9553,1.1584,-3.9717,-1.0656,0.0,0.0
1779988770245,1,Pitching Mound.Parent,,Loading,pitch.0,435397,-0.7898,-1.4728,3.5277,1.2006,-4.0844,-0.8831,0.0,0.0
1779988770246,1,11.0000004b,Drive,Loading,pitch.0,436343,-0.1096,-1.2166,2.9544,1.2197,-4.0783,-1.1011,0.0,0.0
1779988770246,1,12.00000015,Lower Delivery,Loading,pitch.0,436078,-0.622,-0.2853,0.5227,-0.0581,-0.0335,-0.0087,0.0,0.0
1779988770246,1,12.00000018,Upper Delivery,Loading,pitch.0,436936,-0.0495,0.0637,0.0038,-0.0884,-0.0304,-0.0012,0.0,0.0
1779988770246,1,Pitching Mound.Delivery,,Loading,pitch.0,435777,-0.6716,-0.2216,0.5264,0.0299,-0.0639,0.1847,0.0,0.0
1779988770246,1,Pitching Mound.Drive,,Loading,pitch.0,436343,-0.1096,-1.2166,2.9544,1.2197,-4.0783,-1.1011,0.0,0.0
1779988770246,1,Pitching Mound.Parent,,Loading,pitch.0,435398,-0.7758,-1.4393,3.4817,1.1884,-4.0356,-0.8809,0.0,0.0
1779988770247,1,12.00000015,Lower Delivery,Loading,pitch.0,436079,-0.5874,-0.2503,0.5139,-0.042,-0.0258,-0.0086,0.0,0.0
1779988770247,1,12.00000018,Upper Delivery,Loading,pitch.0,436937,-0.0492,0.0632,0.0092,-0.0884,-0.0304,-0.0012,0.0,0.0
1779988770247,1,Pitching Mound.Delivery,,Loading,pitch.0,435778,-0.6366,-0.1871,0.5231,0.0413,-0.0562,0.1732,0.0,0.0
1779988770247,1,Pitching Mound.Parent,,Loading,pitch.0,435399,-0.7461,-1.4037,3.4775,1.2609,-4.1345,-0.9279,0.0,0.0
1779988770248,1,11.0000004b,Drive,Loading,pitch.0,436344,-0.1084,-1.2048,2.9143,1.2279,-4.1531,-1.1322,0.0,0.0
1779988770248,1,12.00000015,Lower Delivery,Loading,pitch.0,436080,-0.5353,-0.2293,0.4747,-0.0433,-0.0274,-0.0077,0.0,0.0
1779988770248,1,12.00000018,Upper Delivery,Loading,pitch.0,436938,-0.0496,0.0614,0.0377,-0.0884,-0.0304,-0.0012,0.0,0.0
1779988770248,1,Pitching Mound.Delivery,,Loading,pitch.0,435779,-0.5849,-0.1679,0.5124,0.0169,-0.0577,0.1562,0.0,0.0
1779988770248,1,Pitching Mound.Drive,,Loading,pitch.0,436344,-0.1084,-1.2048,2.9143,1.2279,-4.1531,-1.1322,0.0,0.0
1779988770248,1,Pitching Mound.Parent,,Loading,pitch.0,435400,-0.6933,-1.3727,3.4268,1.2448,-4.2109,-0.976,0.0,0.0
1779988770249,1,11.0000004b,Drive,Loading,pitch.0,436345,-0.1073,-1.2072,2.9199,1.2228,-4.1564,-1.1424,0.0,0.0
1779988770249,1,11.0000004b,Drive,Loading,pitch.0,436346,-0.1076,-1.2035,2.9404,1.2251,-4.2581,-1.195,0.0,0.0
1779988770249,1,12.00000015,Lower Delivery,Loading,pitch.0,436081,-0.529,-0.2189,0.4765,-0.0325,-0.0159,-0.0054,0.0,0.0
1779988770249,1,12.00000018,Upper Delivery,Loading,pitch.0,436939,-0.0495,0.062,0.0691,-0.0884,-0.0304,-0.0012,0.0,0.0
1779988770249,1,Pitching Mound.Delivery,,Loading,pitch.0,435780,-0.5785,-0.1569,0.5456,0.0177,-0.0463,0.1565,0.0,0.0
1779988770249,1,Pitching Mound.Drive,,Loading,pitch.0,436345,-0.1073,-1.2072,2.9199,1.2228,-4.1564,-1.1424,0.0,0.0
1779988770249,1,Pitching Mound.Drive,,Loading,pitch.0,436346,-0.1076,-1.2035,2.9404,1.2251,-4.2581,-1.195,0.0,0.0
1779988770249,1,Pitching Mound.Parent,,Loading,pitch.0,435401,-0.6858,-1.3641,3.4655,1.2405,-4.2026,-0.9859,0.0,0.0
1779988770250,1,11.0000004b,Drive,Loading,pitch.0,436347,-0.1023,-1.1992,2.8362,1.2072,-4.282,-1.2169,0.0,0.0
1779988770250,1,12.00000015,Lower Delivery,Loading,pitch.0,436082,-0.4847,-0.1978,0.4451,-0.0428,-0.0069,-0.0031,0.0,0.0
1779988770250,1,12.00000018,Upper Delivery,Loading,pitch.0,436940,-0.0512,0.0568,0.0966,-0.0884,-0.0304,-0.0012,0.0,0.0
1779988770250,1,Pitching Mound.Delivery,,Loading,pitch.0,435781,-0.5359,-0.1409,0.5417,-0.0127,-0.0373,0.1431,0.0,0.0
1779988770250,1,Pitching Mound.Drive,,Loading,pitch.0,436347,-0.1023,-1.1992,2.8362,1.2072,-4.282,-1.2169,0.0,0.0
1779988770250,1,Pitching Mound.Parent,,Loading,pitch.0,435402,-0.6435,-1.3444,3.4821,1.2125,-4.2954,-1.0519,0.0,0.0
1779988770251,1,11.0000004b,Drive,Loading,pitch.0,436348,-0.0949,-1.1993,2.8103,1.1926,-4.2563,-1.2182,0.0,0.0
1779988770251,1,12.00000015,Lower Delivery,Loading,pitch.0,436083,-0.4549,-0.2014,0.4162,-0.033,0.0001,-0.0018,0.0,0.0
1779988770251,1,12.00000018,Upper Delivery,Loading,pitch.0,436941,-0.0529,0.0579,0.0906,-0.0884,-0.0304,-0.0012,0.0,0.0
1779988770251,1,Pitching Mound.Delivery,,Loading,pitch.0,435782,-0.5079,-0.1435,0.5068,-0.0107,-0.0303,0.1336,0.0,0.0
1779988770251,1,Pitching Mound.Drive,,Loading,pitch.0,436348,-0.0949,-1.1993,2.8103,1.1926,-4.2563,-1.2182,0.0,0.0
1779988770251,1,Pitching Mound.Parent,,Loading,pitch.0,435403,-0.6101,-1.3427,3.343,1.1965,-4.3123,-1.0833,0.0,0.0
1779988770252,1,11.0000004b,Drive,Loading,pitch.0,436349,-0.0971,-1.1971,2.8405,1.1962,-4.3538,-1.21,0.0,0.0
1779988770252,1,12.00000015,Lower Delivery,Loading,pitch.0,436084,-0.4139,-0.2188,0.358,-0.0224,0.0053,-0.0019,0.0,0.0
1779988770252,1,12.00000018,Upper Delivery,Loading,pitch.0,436942,-0.0529,0.057,0.0859,-0.0884,-0.0304,-0.0012,0.0,0.0
1779988770252,1,Pitching Mound.Delivery,,Loading,pitch.0,435783,-0.4667,-0.1618,0.4439,-0.0182,-0.0251,0.1196,0.0,0.0
1779988770252,1,Pitching Mound.Drive,,Loading,pitch.0,436349,-0.0971,-1.1971,2.8405,1.1962,-4.3538,-1.21,0.0,0.0
1779988770252,1,Pitching Mound.Parent,,Loading,pitch.0,435404,-0.5617,-1.3611,3.2542,1.1744,-4.2814,-1.0986,0.0,0.0
1779988770253,1,11.0000004b,Drive,Loading,pitch.0,436350,-0.1001,-1.1991,2.8671,1.1873,-4.2768,-1.2179,0.0,0.0
1779988770253,1,12.00000015,Lower Delivery,Loading,pitch.0,436085,-0.4121,-0.2303,0.3513,-0.0336,0.0073,0.001,0.0,0.0
1779988770253,1,12.00000018,Upper Delivery,Loading,pitch.0,436943,-0.049,0.0622,0.0721,-0.0884,-0.0304,-0.0012,0.0,0.0
1779988770253,1,Pitching Mound.Delivery,,Loading,pitch.0,435784,-0.4611,-0.1681,0.4234,-0.027,-0.0231,0.1232,0.0,0.0
1779988770253,1,Pitching Mound.Drive,,Loading,pitch.0,436350,-0.1001,-1.1991,2.8671,1.1873,-4.2768,-1.2179,0.0,0.0
1779988770253,1,Pitching Mound.Parent,,Loading,pitch.0,435405,-0.5583,-1.3652,3.264,1.1691,-4.3769,-1.0867,0.0,0.0
1779988770254,1,11.0000004b,Drive,Loading,pitch.0,436351,-0.0957,-1.2052,2.9427,1.2262,-4.4396,-1.2232,0.0,0.0
1779988770254,1,12.00000015,Lower Delivery,Loading,pitch.0,436086,-0.4787,-0.2508,0.4141,-0.0299,0.0025,-0.0026,0.0,0.0
1779988770254,1,12.00000018,Upper Delivery,Loading,pitch.0,436944,-0.0544,0.0632,0.0552,-0.0884,-0.0304,-0.0012,0.0,0.0
1779988770254,1,Pitching Mound.Delivery,,Loading,pitch.0,435785,-0.5331,-0.1876,0.4693,0.0038,-0.0279,0.1405,0.0,0.0
1779988770254,1,Pitching Mound.Drive,,Loading,pitch.0,436351,-0.0957,-1.2052,2.9427,1.2262,-4.4396,-1.2232,0.0,0.0
1779988770254,1,Pitching Mound.Parent,,Loading,pitch.0,435406,-0.6332,-1.3867,3.3364,1.1911,-4.3047,-1.0774,0.0,0.0
1779988770255,1,11.0000004b,Drive,Loading,pitch.0,436352,-0.0959,-1.2005,2.9025,1.2309,-4.4659,-1.2191,0.0,0.0
1779988770255,1,12.00000015,Lower Delivery,Loading,pitch.0,436087,-0.5193,-0.2412,0.4667,-0.0265,-0.0011,-0.0035,0.0,0.0
1779988770255,1,12.00000018,Upper Delivery,Loading,pitch.0,436945,-0.0526,0.0601,0.0634,-0.0884,-0.0304,-0.0012,0.0,0.0
1779988770255,1,Pitching Mound.Delivery,,Loading,pitch.0,435786,-0.5719,-0.1812,0.5301,0.0223,-0.0314,0.154,0.0,0.0
1779988770255,1,Pitching Mound.Drive,,Loading,pitch.0,436352,-0.0959,-1.2005,2.9025,1.2309,-4.4659,-1.2191,0.0,0.0
1779988770255,1,Pitching Mound.Parent,,Loading,pitch.0,435407,-0.6676,-1.3864,3.4729,1.2485,-4.4711,-1.0691,0.0,0.0
1779988770256,1,11.0000004b,Drive,Loading,pitch.0,436353,-0.0884,-1.1927,2.8901,1.1724,-4.4877,-1.1988,0.0,0.0
1779988770256,1,12.00000015,Lower Delivery,Loading,pitch.0,436088,-0.5124,-0.2552,0.4452,-0.0219,-0.0072,-0.0034,0.0,0.0
1779988770256,1,12.00000018,Upper Delivery,Loading,pitch.0,436946,-0.0572,0.063,0.0327,-0.0884,-0.0304,-0.0012,0.0,0.0
1779988770256,1,Pitching Mound.Delivery,,Loading,pitch.0,435787,-0.5696,-0.1922,0.4779,0.03,-0.0376,0.1502,0.0,0.0
1779988770256,1,Pitching Mound.Drive,,Loading,pitch.0,436353,-0.0884,-1.1927,2.8901,1.1724,-4.4877,-1.1988,0.0,0.0
1779988770256,1,Pitching Mound.Parent,,Loading,pitch.0,435408,-0.6655,-1.3927,3.3804,1.261,-4.5035,-1.0689,0.0,0.0
1779988770257,1,11.0000004b,Drive,Loading,pitch.0,436354,-0.0854,-1.1909,2.9031,1.1846,-4.3927,-1.1847,0.0,0.0
1779988770257,1,12.00000015,Lower Delivery,Loading,pitch.0,436089,-0.5576,-0.2563,0.5002,-0.0317,-0.005,-0.0041,0.0,0.0
1779988770257,1,12.00000018,Upper Delivery,Loading,pitch.0,436947,-0.0599,0.063,0.0351,-0.0884,-0.0304,-0.0012,0.0,0.0
1779988770257,1,Pitching Mound.Delivery,,Loading,pitch.0,435788,-0.6175,-0.1933,0.5354,0.0381,-0.0353,0.164,0.0,0.0
1779988770257,1,Pitching Mound.Drive,,Loading,pitch.0,436354,-0.0854,-1.1909,2.9031,1.1846,-4.3927,-1.1847,0.0,0.0
1779988770257,1,Pitching Mound.Parent,,Loading,pitch.0,435409,-0.7058,-1.386,3.4255,1.2105,-4.523,-1.0349,0.0,0.0
1779988770258,1,11.0000004b,Drive,Loading,pitch.0,436355,-0.0744,-1.1767,2.984,1.1567,-4.471,-1.1766,0.1995,0.0516
1779988770258,1,12.00000015,Lower Delivery,Loading,pitch.0,436090,-0.5681,-0.2487,0.5084,-0.0446,-0.0185,-0.007,0.0,0.0
1779988770258,1,12.00000018,Upper Delivery,Loading,pitch.0,436948,-0.0617,0.06,0.0303,-0.0884,-0.0304,-0.0012,0.0,0.0
1779988770258,1,Pitching Mound.Delivery,,Loading,pitch.0,435789,-0.6299,-0.1886,0.5386,0.0296,-0.0489,0.164,0.0,0.0
1779988770258,1,Pitching Mound.Drive,,Loading,pitch.0,436355,-0.0744,-1.1767,2.984,1.1567,-4.471,-1.1766,0.1995,0.0516
1779988770258,1,Pitching Mound.Parent,,Loading,pitch.0,435410,-0.7153,-1.3795,3.4417,1.2142,-4.4416,-1.0207,0.0,0.0
1779988770259,1,11.0000004b,Drive,Loading,pitch.0,436356,-0.0734,-1.1871,3.0031,1.137,-4.3481,-1.1721,0.1927,0.0504
1779988770259,1,12.00000015,Lower Delivery,Loading,pitch.0,436091,-0.5713,-0.2712,0.4976,-0.0471,-0.0196,-0.0072,0.0,0.0
1779988770259,1,12.00000018,Upper Delivery,Loading,pitch.0,436949,-0.0606,0.0596,0.0303,-0.0884,-0.0304,-0.0012,0.0,0.0
1779988770259,1,Pitching Mound.Delivery,,Loading,pitch.0,435790,-0.6319,-0.2116,0.5279,0.0234,-0.0499,0.1653,0.0,0.0
1779988770259,1,Pitching Mound.Drive,,Loading,pitch.0,436356,-0.0734,-1.1871,3.0031,1.137,-4.3481,-1.1721,0.1927,0.0504
1779988770259,1,Pitching Mound.Parent,,Loading,pitch.0,435411,-0.7063,-1.3883,3.5119,1.1801,-4.5209,-1.0113,0.0,0.0
1779988770260,1,11.0000004b,Drive,Loading,pitch.0,436357,-0.0878,-1.1966,2.883,1.168,-4.3494,-1.196,0.0,0.0
1779988770260,1,12.00000015,Lower Delivery,Loading,pitch.0,436092,-0.5737,-0.2481,0.4961,-0.0501,-0.0294,-0.0085,0.0,0.0
1779988770260,1,12.00000018,Upper Delivery,Loading,pitch.0,436950,-0.04,0.0756,0.0872,-0.0884,-0.0304,-0.0012,0.0,0.0
1779988770260,1,Pitching Mound.Delivery,,Loading,pitch.0,435791,-0.6137,-0.1725,0.5833,0.0006,-0.0598,0.1718,0.0,0.0
1779988770260,1,Pitching Mound.Drive,,Loading,pitch.0,436357,-0.0878,-1.1966,2.883,1.168,-4.3494,-1.196,0.0,0.0
1779988770260,1,Pitching Mound.Parent,,Loading,pitch.0,435412,-0.6871,-1.3596,3.5865,1.1375,-4.4079,-1.0003,0.0,0.0
1779988770261,1,11.0000004b,Drive,Loading,pitch.0,436358,-0.0887,-1.1934,2.832,1.1593,-4.2164,-1.1733,0.0,0.0
1779988770261,1,12.00000015,Lower Delivery,Loading,pitch.0,436093,-0.5379,-0.2549,0.4436,-0.0482,-0.0281,-0.0087,0.0,0.0
1779988770261,1,12.00000018,Upper Delivery,Loading,pitch.0,436951,-0.026,0.0839,0.1335,-0.0884,-0.0304,-0.0012,0.0,0.0
1779988770261,1,Pitching Mound.Delivery,,Loading,pitch.0,435792,-0.564,-0.1711,0.5771,-0.0311,-0.0585,0.1642,0.0,0.0
1779988770261,1,Pitching Mound.Drive,,Loading,pitch.0,436358,-0.0887,-1.1934,2.832,1.1593,-4.2164,-1.1733,0.0,0.0
1779988770261,1,Pitching Mound.Parent,,Loading,pitch.0,435413,-0.6518,-1.3677,3.4601,1.1369,-4.4079,-1.0318,0.0,0.0
1779988770262,1,11.0000004b,Drive,Loading,pitch.0,436359,-0.0893,-1.2013,2.8379,1.1373,-4.2128,-1.1585,0.0,0.0
1779988770262,1,12.00000015,Lower Delivery,Loading,pitch.0,436094,-0.5234,-0.2268,0.443,-0.0417,-0.0257,-0.0104,0.0,0.0
1779988770262,1,12.00000018,Upper Delivery,Loading,pitch.0,436952,-0.0205,0.0835,0.159,-0.0884,-0.0304,-0.0012,0.0,0.0
1779988770262,1,12.00000018,Upper Delivery,Loading,pitch.0,436953,-0.0174,0.0912,0.1508,-0.0884,-0.0304,-0.0012,0.0,0.0
1779988770262,1,Pitching Mound.Delivery,,Loading,pitch.0,435793,-0.544,-0.1433,0.602,-0.0335,-0.056,0.1594,0.0,0.0
1779988770262,1,Pitching Mound.Drive,,Loading,pitch.0,436359,-0.0893,-1.2013,2.8379,1.1373,-4.2128,-1.1585,0.0,0.0
1779988770262,1,Pitching Mound.Parent,,Loading,pitch.0,435414,-0.6327,-1.3367,3.434,1.1258,-4.2724,-1.0138,0.0,0.0
1779988770263,1,11.0000004b,Drive,Loading,pitch.0,436360,-0.0755,-1.203,2.8401,1.1034,-4.0682,-1.153,0.0,0.0
1779988770263,1,12.00000015,Lower Delivery,Loading,pitch.0,436095,-0.5257,-0.2225,0.4335,-0.0433,-0.0257,-0.0095,0.0,0.0
1779988770263,1,12.00000015,Lower Delivery,Loading,pitch.0,436096,-0.4624,-0.2329,0.37,-0.0467,-0.0283,-0.0076,0.0,0.0
1779988770263,1,Pitching Mound.Delivery,,Loading,pitch.0,435794,-0.5431,-0.1313,0.5843,-0.0356,-0.0561,0.1621,0.0,0.0
1779988770263,1,Pitching Mound.Drive,,Loading,pitch.0,436360,-0.0755,-1.203,2.8401,1.1034,-4.0682,-1.153,0.0,0.0
1779988770263,1,Pitching Mound.Parent,,Loading,pitch.0,435415,-0.6325,-1.3326,3.4223,1.1018,-4.2688,-0.9964,0.0,0.0
1779988770264,1,11.0000004b,Drive,Loading,pitch.0,436361,-0.0819,-1.1994,2.7936,1.0702,-3.992,-1.1853,0.0,0.0
1779988770264,1,12.00000015,Lower Delivery,Loading,pitch.0,436097,-0.4125,-0.2419,0.3133,-0.0316,-0.0189,-0.0073,0.0,0.0
1779988770264,1,12.00000018,Upper Delivery,Loading,pitch.0,436954,-0.0028,0.1028,0.0931,-0.0884,-0.0304,-0.0012,0.0,0.0
1779988770264,1,Pitching Mound.Delivery,,Loading,pitch.0,435795,-0.4652,-0.1301,0.4632,-0.0409,-0.0587,0.1475,0.0,0.0
1779988770264,1,Pitching Mound.Drive,,Loading,pitch.0,436361,-0.0819,-1.1994,2.7936,1.0702,-3.992,-1.1853,0.0,0.0
1779988770264,1,Pitching Mound.Parent,,Loading,pitch.0,435416,-0.5407,-1.3331,3.3033,1.0625,-4.1268,-1.0055,0.0,0.0
1779988770265,1,11.0000004b,Drive,Loading,pitch.0,436362,-0.0786,-1.1988,2.8442,1.0436,-3.9646,-1.1908,0.0,0.0
1779988770265,1,12.00000015,Lower Delivery,Loading,pitch.0,436098,-0.4033,-0.2589,0.2878,-0.041,-0.0181,-0.0069,0.0,0.0
1779988770265,1,12.00000018,Upper Delivery,Loading,pitch.0,436955,-0.0044,0.1012,0.0704,-0.0884,-0.0304,-0.0012,0.0,0.0
1779988770265,1,12.00000018,Upper Delivery,Loading,pitch.0,436956,-0.0122,0.1032,0.0686,-0.0884,-0.0304,-0.0012,0.0,0.0
1779988770265,1,Pitching Mound.Delivery,,Loading,pitch.0,435796,-0.4169,-0.1407,0.3837,-0.0374,-0.0493,0.1303,0.0,0.0
1779988770265,1,Pitching Mound.Delivery,,Loading,pitch.0,435797,-0.4155,-0.1558,0.3565,-0.0548,-0.0485,0.1249,0.0,0.0
1779988770265,1,Pitching Mound.Drive,,Loading,pitch.0,436362,-0.0786,-1.1988,2.8442,1.0436,-3.9646,-1.1908,0.0,0.0
1779988770265,1,Pitching Mound.Parent,,Loading,pitch.0,435417,-0.4988,-1.3401,3.1773,1.0329,-4.0413,-1.055,0.0,0.0
1779988770265,1,Pitching Mound.Parent,,Loading,pitch.0,435418,-0.4941,-1.3546,3.2007,0.9889,-4.013,-1.0659,0.0,0.0
1779988770266,1,11.0000004b,Drive,Loading,pitch.0,436363,-0.0856,-1.211,2.9283,1.0628,-3.8933,-1.1891,0.0,0.0
1779988770266,1,12.00000015,Lower Delivery,Loading,pitch.0,436099,-0.3951,-0.279,0.2746,-0.0355,-0.0171,-0.0062,0.0,0.0
1779988770266,1,12.00000018,Upper Delivery,Loading,pitch.0,436957,-0.0399,0.0793,0.0543,-0.0884,-0.0304,-0.0012,0.0,0.0
1779988770266,1,Pitching Mound.Delivery,,Loading,pitch.0,435798,-0.435,-0.1997,0.3289,-0.049,-0.0475,0.1134,0.0,0.0
1779988770266,1,Pitching Mound.Drive,,Loading,pitch.0,436363,-0.0856,-1.211,2.9283,1.0628,-3.8933,-1.1891,0.0,0.0
1779988770266,1,Pitching Mound.Parent,,Loading,pitch.0,435419,-0.5206,-1.4107,3.2572,1.0138,-3.9408,-1.0757,0.0,0.0
1779988770267,1,11.0000004b,Drive,Loading,pitch.0,436364,-0.0958,-1.2242,2.933,1.086,-3.9097,-1.1791,0.0,0.0
1779988770267,1,12.00000015,Lower Delivery,Loading,pitch.0,436100,-0.4312,-0.2926,0.3059,-0.0281,-0.0106,-0.007,0.0,0.0
1779988770267,1,12.00000018,Upper Delivery,Loading,pitch.0,436958,-0.0555,0.0634,0.0534,-0.0884,-0.0304,-0.0012,0.0,0.0
1779988770267,1,Pitching Mound.Delivery,,Loading,pitch.0,435799,-0.4868,-0.2291,0.3593,-0.0306,-0.041,0.1196,0.0,0.0
1779988770267,1,Pitching Mound.Drive,,Loading,pitch.0,436364,-0.0958,-1.2242,2.933,1.086,-3.9097,-1.1791,0.0,0.0
1779988770267,1,Pitching Mound.Parent,,Loading,pitch.0,435420,-0.5825,-1.4533,3.2923,1.0554,-3.9507,-1.0595,0.0,0.0
1779988770268,1,11.0000004b,Drive,Loading,pitch.0,436365,-0.101,-1.2256,3.0095,1.124,-4.0223,-1.1863,0.1779,0.0497
1779988770268,1,Pitching Mound.Drive,,Loading,pitch.0,436365,-0.101,-1.2256,3.0095,1.124,-4.0223,-1.1863,0.1779,0.0497
1779988770269,1,11.0000004b,Drive,Loading,pitch.0,436366,-0.1159,-1.2362,3.0298,1.1245,-4.0387,-1.1875,0.1775,0.0494
1779988770269,1,12.00000015,Lower Delivery,Loading,pitch.0,436101,-0.4244,-0.28,0.3099,-0.0283,-0.0096,-0.0058,0.0,0.0
1779988770269,1,12.00000018,Upper Delivery,Loading,pitch.0,436959,-0.0558,0.0632,0.0483,-0.0884,-0.0304,-0.0012,0.0,0.0
1779988770269,1,Pitching Mound.Delivery,,Loading,pitch.0,435800,-0.4802,-0.2168,0.3583,-0.0277,-0.04,0.1184,0.0,0.0
1779988770269,1,Pitching Mound.Drive,,Loading,pitch.0,436366,-0.1159,-1.2362,3.0298,1.1245,-4.0387,-1.1875,0.1775,0.0494
1779988770269,1,Pitching Mound.Parent,,Loading,pitch.0,435421,-0.5811,-1.4424,3.3678,1.0963,-4.0623,-1.0679,0.0,0.0
1779988770270,1,11.0000004b,Drive,Loading,pitch.0,436367,-0.0915,-1.2222,3.0711,1.1548,-4.1329,-1.1969,0.1792,0.0501
1779988770270,1,12.00000015,Lower Delivery,Loading,pitch.0,436102,-0.4207,-0.2876,0.3096,-0.032,-0.013,-0.0067,0.0,0.0
1779988770270,1,12.00000015,Lower Delivery,Loading,pitch.0,436103,-0.4821,-0.3313,0.357,-0.0255,-0.0046,-0.0066,0.0,0.0
1779988770270,1,12.00000018,Upper Delivery,Loading,pitch.0,436960,-0.0582,0.0661,0.0366,-0.0884,-0.0304,-0.0012,0.0,0.0
1779988770270,1,Pitching Mound.Delivery,,Loading,pitch.0,435801,-0.4788,-0.2216,0.3462,-0.0275,-0.0434,0.1153,0.0,0.0
1779988770270,1,Pitching Mound.Drive,,Loading,pitch.0,436367,-0.0915,-1.2222,3.0711,1.1548,-4.1329,-1.1969,0.1792,0.0501
1779988770270,1,Pitching Mound.Parent,,Loading,pitch.0,435422,-0.5948,-1.4577,3.376,1.097,-4.0821,-1.0722,0.0,0.0
1779988770271,1,11.0000004b,Drive,Loading,pitch.0,436368,-0.0891,-1.2402,3.059,1.1467,-4.1985,-1.1881,0.1827,0.0499
1779988770271,1,12.00000018,Upper Delivery,Loading,pitch.0,436961,-0.0606,0.0743,0.0794,-0.0884,-0.0304,-0.0012,0.0,0.0
1779988770271,1,Pitching Mound.Delivery,,Loading,pitch.0,435802,-0.5427,-0.2571,0.4365,-0.0195,-0.035,0.1355,0.0,0.0
1779988770271,1,Pitching Mound.Drive,,Loading,pitch.0,436368,-0.0891,-1.2402,3.059,1.1467,-4.1985,-1.1881,0.1827,0.0499
1779988770271,1,Pitching Mound.Parent,,Loading,pitch.0,435423,-0.6343,-1.4793,3.5076,1.1353,-4.1678,-1.0614,0.0,0.0
1779988770272,1,11.0000004b,Drive,Loading,pitch.0,436369,-0.0971,-1.2239,3.0923,1.1368,-4.165,-1.1964,0.1793,0.0489
1779988770272,1,12.00000015,Lower Delivery,Loading,pitch.0,436104,-0.5388,-0.3257,0.4276,-0.0312,0.0075,-0.0031,0.0,0.0
1779988770272,1,12.00000018,Upper Delivery,Loading,pitch.0,436962,-0.0648,0.0595,0.0515,-0.0884,-0.0304,-0.0012,0.0,0.0
1779988770272,1,Pitching Mound.Delivery,,Loading,pitch.0,435803,-0.6036,-0.2662,0.4791,0.0083,-0.0228,0.1568,0.0,0.0
1779988770272,1,Pitching Mound.Drive,,Loading,pitch.0,436369,-0.0971,-1.2239,3.0923,1.1368,-4.165,-1.1964,0.1793,0.0489
1779988770272,1,Pitching Mound.Parent,,Loading,pitch.0,435424,-0.6928,-1.5064,3.538,1.155,-4.2213,-1.0312,0.0,0.0
1779988770273,1,11.0000004b,Drive,Loading,pitch.0,436370,-0.0895,-1.2108,3.0432,1.1298,-4.1895,-1.2124,0.1833,0.0494
1779988770273,1,12.00000015,Lower Delivery,Loading,pitch.0,436106,-0.6145,-0.3411,0.5093,-0.0422,0.007,0.0017,0.0,0.0
1779988770273,1,12.00000015,Lower Delivery,Loading,pitch.0,436105,-0.5473,-0.3358,0.4295,-0.0347,-0.0017,-0.0015,0.0,0.0
1779988770273,1,12.00000018,Upper Delivery,Loading,pitch.0,436963,-0.0669,0.0615,0.0513,-0.0884,-0.0304,-0.0012,0.0,0.0
1779988770273,1,Pitching Mound.Delivery,,Loading,pitch.0,435804,-0.6143,-0.2742,0.4809,0.0055,-0.0321,0.1607,0.0,0.0
1779988770273,1,Pitching Mound.Drive,,Loading,pitch.0,436370,-0.0895,-1.2108,3.0432,1.1298,-4.1895,-1.2124,0.1833,0.0494
1779988770273,1,Pitching Mound.Parent,,Loading,pitch.0,435425,-0.7114,-1.4981,3.5732,1.1423,-4.1971,-1.0357,0.0,0.0
1779988770274,1,11.0000004b,Drive,Loading,pitch.0,436371,-0.0894,-1.2148,3.1295,1.1702,-4.2999,-1.2118,0.1829,0.0498
1779988770274,1,12.00000015,Lower Delivery,Loading,pitch.0,436107,-0.6139,-0.3418,0.5042,-0.0362,0.0045,-0.0019,0.0,0.0
1779988770274,1,12.00000018,Upper Delivery,Loading,pitch.0,436964,-0.0703,0.0551,0.0498,-0.0884,-0.0304,-0.0012,0.0,0.0
1779988770274,1,Pitching Mound.Delivery,,Loading,pitch.0,435805,-0.6849,-0.286,0.5591,0.0257,-0.0234,0.1855,0.0,0.0
1779988770274,1,Pitching Mound.Drive,,Loading,pitch.0,436371,-0.0894,-1.2148,3.1295,1.1702,-4.2999,-1.2118,0.1829,0.0498
1779988770274,1,Pitching Mound.Parent,,Loading,pitch.0,435426,-0.7744,-1.4968,3.6022,1.1554,-4.2129,-1.027,0.0,0.0
1779988770275,1,11.0000004b,Drive,Loading,pitch.0,436372,-0.0795,-1.2001,3.169,1.1236,-4.3714,-1.1842,0.1836,0.0472
1779988770275,1,12.00000018,Upper Delivery,Loading,pitch.0,436965,-0.0704,0.0673,0.0893,-0.0884,-0.0304,-0.0012,0.0,0.0
1779988770275,1,Pitching Mound.Delivery,,Loading,pitch.0,435806,-0.6842,-0.2745,0.5935,0.0165,-0.0258,0.1817,0.0,0.0
1779988770275,1,Pitching Mound.Drive,,Loading,pitch.0,436372,-0.0795,-1.2001,3.169,1.1236,-4.3714,-1.1842,0.1836,0.0472
1779988770275,1,Pitching Mound.Parent,,Loading,pitch.0,435427,-0.7737,-1.4892,3.723,1.1867,-4.3258,-1.0301,0.0,0.0
1779988770276,1,11.0000004b,Drive,Loading,pitch.0,436373,-0.0716,-1.1736,3.1962,1.1111,-4.3141,-1.1979,0.1797,0.0463
1779988770276,1,12.00000015,Lower Delivery,Loading,pitch.0,436108,-0.6732,-0.3359,0.5772,-0.0436,0.004,0.0013,0.0,0.0
1779988770276,1,12.00000015,Lower Delivery,Loading,pitch.0,436109,-0.6899,-0.2968,0.6074,-0.0489,0.0092,0.0034,0.0,0.0
1779988770276,1,12.00000018,Upper Delivery,Loading,pitch.0,436966,-0.0718,0.0507,0.054,-0.0884,-0.0304,-0.0012,0.0,0.0
1779988770276,1,Pitching Mound.Delivery,,Loading,pitch.0,435807,-0.745,-0.2851,0.6312,0.0459,-0.0263,0.2046,0.0,0.0
1779988770276,1,Pitching Mound.Drive,,Loading,pitch.0,436373,-0.0716,-1.1736,3.1962,1.1111,-4.3141,-1.1979,0.1797,0.0463
1779988770276,1,Pitching Mound.Parent,,Loading,pitch.0,435428,-0.8245,-1.4852,3.8002,1.1695,-4.3978,-0.9796,0.0,0.0
1779988770277,1,11.0000004b,Drive,Loading,pitch.0,436374,-0.0696,-1.165,3.0735,1.0976,-4.2718,-1.1929,0.185,0.0475
1779988770277,1,12.00000015,Lower Delivery,Loading,pitch.0,436110,-0.6963,-0.3034,0.6004,-0.0497,0.0031,0.001,0.0,0.0
1779988770277,1,12.00000018,Upper Delivery,Loading,pitch.0,436967,-0.0707,0.0484,0.0508,-0.0884,-0.0304,-0.0012,0.0,0.0
1779988770277,1,Pitching Mound.Delivery,,Loading,pitch.0,435808,-0.7606,-0.2484,0.6582,0.052,-0.0212,0.2127,0.0,0.0
1779988770277,1,Pitching Mound.Drive,,Loading,pitch.0,436374,-0.0696,-1.165,3.0735,1.0976,-4.2718,-1.1929,0.185,0.0475
1779988770277,1,Pitching Mound.Parent,,Loading,pitch.0,435429,-0.8322,-1.422,3.8544,1.1631,-4.3353,-0.9853,0.0,0.0
1779988770278,1,11.0000004b,Drive,Loading,pitch.0,436375,-0.0612,-1.1548,3.1021,1.0788,-4.2378,-1.1734,0.1819,0.0463
1779988770278,1,12.00000015,Lower Delivery,Loading,pitch.0,436111,-0.7223,-0.3133,0.6002,-0.0595,-0.0087,0.0008,0.0,0.0
1779988770278,1,12.00000018,Upper Delivery,Loading,pitch.0,436968,-0.07,0.1127,0.2268,-0.0884,-0.0304,-0.0012,0.0,0.0
1779988770278,1,12.00000018,Upper Delivery,Loading,pitch.0,436969,-0.1,0.1482,0.391,-0.0884,-0.0304,-0.0012,0.0,0.0
1779988770278,1,Pitching Mound.Delivery,,Loading,pitch.0,435809,-0.7662,-0.1906,0.8272,-0.011,-0.0273,0.2127,0.0,0.0
1779988770278,1,Pitching Mound.Delivery,,Loading,pitch.0,435810,-0.8223,-0.1652,0.9912,-0.0767,-0.039,0.2112,0.0,0.0
1779988770278,1,Pitching Mound.Drive,,Loading,pitch.0,436375,-0.0612,-1.1548,3.1021,1.0788,-4.2378,-1.1734,0.1819,0.0463
1779988770278,1,Pitching Mound.Parent,,Loading,pitch.0,435430,-0.8359,-1.3556,3.9007,1.0865,-4.2991,-0.9802,0.0,0.0
1779988770278,1,Pitching Mound.Parent,,Loading,pitch.0,435431,-0.8835,-1.32,4.0933,1.0021,-4.2769,-0.9622,0.0,0.0
1779988770279,1,11.0000004b,Drive,Loading,pitch.0,436376,-0.0543,-1.1539,3.1548,1.032,-4.1402,-1.1627,0.1747,0.0435
1779988770279,1,12.00000015,Lower Delivery,Loading,pitch.0,436112,-0.7015,-0.3102,0.5848,-0.0462,-0.0068,-0.0011,0.0,0.0
1779988770279,1,Pitching Mound.Drive,,Loading,pitch.0,436376,-0.0543,-1.1539,3.1548,1.032,-4.1402,-1.1627,0.1747,0.0435
1779988770280,1,11.0000004b,Drive,Loading,pitch.0,436377,-0.0487,-1.1524,3.1004,1.028,-4.073,-1.1548,0.1749,0.0441
1779988770280,1,12.00000015,Lower Delivery,Loading,pitch.0,436113,-0.6829,-0.3121,0.5511,-0.0565,-0.0066,-0.0042,0.0,0.0
1779988770280,1,12.00000018,Upper Delivery,Loading,pitch.0,436970,-0.062,0.0792,0.1306,-0.0884,-0.0304,-0.0012,0.0,0.0
1779988770280,1,Pitching Mound.Delivery,,Loading,pitch.0,435811,-0.7636,-0.231,0.7155,0.0198,-0.0372,0.2151,0.0,0.0
1779988770280,1,Pitching Mound.Drive,,Loading,pitch.0,436377,-0.0487,-1.1524,3.1004,1.028,-4.073,-1.1548,0.1749,0.0441
1779988770280,1,Pitching Mound.Parent,,Loading,pitch.0,435432,-0.8179,-1.3849,3.8703,1.0518,-4.1774,-0.9475,0.0,0.0
1779988770281,1,11.0000004b,Drive,Loading,pitch.0,436378,-0.0569,-1.1453,3.1942,1.0374,-3.9169,-1.1496,0.1632,0.0432
1779988770281,1,12.00000015,Lower Delivery,Loading,pitch.0,436114,-0.662,-0.306,0.5138,-0.0575,-0.0202,-0.0075,0.0,0.0
1779988770281,1,12.00000018,Upper Delivery,Loading,pitch.0,436971,-0.0616,0.0611,0.0897,-0.0884,-0.0304,-0.0012,0.0,0.0
1779988770281,1,12.00000018,Upper Delivery,Loading,pitch.0,436972,-0.064,0.0455,0.0519,-0.0884,-0.0304,-0.0012,0.0,0.0
1779988770281,1,Pitching Mound.Delivery,,Loading,pitch.0,435812,-0.7445,-0.2511,0.6407,0.012,-0.037,0.2059,0.0,0.0
1779988770281,1,Pitching Mound.Delivery,,Loading,pitch.0,435813,-0.726,-0.2606,0.5656,0.0112,-0.0506,0.1946,0.0,0.0
1779988770281,1,Pitching Mound.Drive,,Loading,pitch.0,436378,-0.0569,-1.1453,3.1942,1.0374,-3.9169,-1.1496,0.1632,0.0432
1779988770281,1,Pitching Mound.Parent,,Loading,pitch.0,435433,-0.7932,-1.4035,3.7412,1.04,-4.11,-0.949,0.0,0.0
1779988770281,1,Pitching Mound.Parent,,Loading,pitch.0,435434,-0.783,-1.4058,3.7598,1.0486,-3.9675,-0.955,0.0,0.0
1779988770282,1,11.0000004b,Drive,Loading,pitch.0,436379,-0.0565,-1.1398,3.1794,1.0554,-3.9559,-1.1536,0.1656,0.0442
1779988770282,1,12.00000015,Lower Delivery,Loading,pitch.0,436115,-0.5878,-0.306,0.4294,-0.0752,-0.0301,-0.0074,0.0,0.0
1779988770282,1,12.00000018,Upper Delivery,Loading,pitch.0,436973,-0.0605,0.042,0.0465,-0.0884,-0.0304,-0.0012,0.0,0.0
1779988770282,1,Pitching Mound.Delivery,,Loading,pitch.0,435814,-0.6483,-0.264,0.4759,-0.0334,-0.0604,0.1707,0.0,0.0
1779988770282,1,Pitching Mound.Drive,,Loading,pitch.0,436379,-0.0565,-1.1398,3.1794,1.0554,-3.9559,-1.1536,0.1656,0.0442
1779988770282,1,Pitching Mound.Parent,,Loading,pitch.0,435435,-0.7048,-1.4038,3.6553,1.0219,-4.0164,-0.983,0.0,0.0
1779988770283,1,11.0000004b,Drive,Loading,pitch.0,436380,-0.0557,-1.1191,3.228,1.0592,-3.9577,-1.16,0.1632,0.0437
1779988770283,1,12.00000015,Lower Delivery,Loading,pitch.0,436116,-0.5804,-0.3675,0.4019,-0.0665,-0.0237,-0.0075,0.0,0.0
1779988770283,1,12.00000018,Upper Delivery,Loading,pitch.0,436974,-0.0615,0.0408,0.0454,-0.0884,-0.0304,-0.0012,0.0,0.0
1779988770283,1,Pitching Mound.Delivery,,Loading,pitch.0,435815,-0.6419,-0.3267,0.4473,-0.0337,-0.0541,0.1677,0.0,0.0
1779988770283,1,Pitching Mound.Drive,,Loading,pitch.0,436380,-0.0557,-1.1191,3.228,1.0592,-3.9577,-1.16,0.1632,0.0437
1779988770283,1,Pitching Mound.Parent,,Loading,pitch.0,435436,-0.6975,-1.4458,3.6753,1.0255,-4.0117,-0.9923,0.0,0.0
1779988770284,1,11.0000004b,Drive,Loading,pitch.0,436381,-0.064,-1.1375,3.1393,1.0936,-3.8886,-1.1387,0.1649,0.0464
1779988770284,1,12.00000015,Lower Delivery,Loading,pitch.0,436117,-0.5859,-0.3787,0.3925,-0.066,-0.0278,-0.007,0.0,0.0
1779988770284,1,12.00000018,Upper Delivery,Loading,pitch.0,436975,-0.0582,0.0463,0.0337,-0.0884,-0.0304,-0.0012,0.0,0.0
1779988770284,1,Pitching Mound.Delivery,,Loading,pitch.0,435816,-0.6442,-0.3323,0.4262,-0.0324,-0.0582,0.1712,0.0,0.0
1779988770284,1,Pitching Mound.Drive,,Loading,pitch.0,436381,-0.064,-1.1375,3.1393,1.0936,-3.8886,-1.1387,0.1649,0.0464
1779988770284,1,Pitching Mound.Parent,,Loading,pitch.0,435437,-0.7082,-1.4698,3.5655,1.0612,-3.9468,-0.9675,0.0,0.0
1779988770285,1,11.0000004b,Drive,Loading,pitch.0,436382,-0.0661,-1.1553,3.1152,1.0949,-3.8585,-1.1568,0.1649,0.0468
1779988770285,1,12.00000018,Upper Delivery,Loading,pitch.0,436976,-0.0605,0.0483,0.0438,-0.0884,-0.0304,-0.0012,0.0,0.0
1779988770285,1,Pitching Mound.Drive,,Loading,pitch.0,436382,-0.0661,-1.1553,3.1152,1.0949,-3.8585,-1.1568,0.1649,0.0468
1779988770286,1,11.0000004b,Drive,Loading,pitch.0,436383,-0.0798,-1.175,3.0827,1.1232,-3.905,-1.2047,0.1686,0.0485
1779988770286,1,12.00000015,Lower Delivery,Loading,pitch.0,436118,-0.6222,-0.388,0.4274,-0.062,-0.0278,-0.0075,0.0,0.0
1779988770286,1,12.00000015,Lower Delivery,Loading,pitch.0,436119,-0.6384,-0.3606,0.4462,-0.0711,-0.0428,-0.0072,0.0,0.0
1779988770286,1,12.00000018,Upper Delivery,Loading,pitch.0,436977,-0.0625,0.0477,0.0439,-0.0884,-0.0304,-0.0012,0.0,0.0
1779988770286,1,Pitching Mound.Delivery,,Loading,pitch.0,435817,-0.6828,-0.3397,0.4713,-0.0199,-0.0582,0.1823,0.0,0.0
1779988770286,1,Pitching Mound.Delivery,,Loading,pitch.0,435818,-0.701,-0.3129,0.4902,-0.0227,-0.0732,0.1874,0.0,0.0
1779988770286,1,Pitching Mound.Drive,,Loading,pitch.0,436383,-0.0798,-1.175,3.0827,1.1232,-3.905,-1.2047,0.1686,0.0485
1779988770286,1,Pitching Mound.Parent,,Loading,pitch.0,435438,-0.7489,-1.495,3.5865,1.075,-3.9166,-0.9745,0.0,0.0
1779988770286,1,Pitching Mound.Parent,,Loading,pitch.0,435439,-0.7807,-1.4879,3.5728,1.1005,-3.9782,-1.0173,0.0,0.0
1779988770287,1,11.0000004b,Drive,Loading,pitch.0,436384,-0.0713,-1.1865,3.0581,1.0797,-3.9009,-1.1738,0.1698,0.047
1779988770287,1,12.00000018,Upper Delivery,Loading,pitch.0,436978,-0.0638,0.0473,0.0428,-0.0884,-0.0304,-0.0012,0.0,0.0
1779988770287,1,Pitching Mound.Drive,,Loading,pitch.0,436384,-0.0713,-1.1865,3.0581,1.0797,-3.9009,-1.1738,0.1698,0.047
1779988770288,1,11.0000004b,Drive,Loading,pitch.0,436385,-0.0982,-1.2147,3.1841,1.1053,-3.9224,-1.1834,0.164,0.0462
1779988770288,1,12.00000015,Lower Delivery,Loading,pitch.0,436120,-0.6809,-0.3632,0.5145,-0.0594,-0.0315,-0.0063,0.0,0.0
1779988770288,1,12.00000018,Upper Delivery,Loading,pitch.0,436979,-0.0636,0.047,0.0275,-0.0884,-0.0304,-0.0012,0.0,0.0
1779988770288,1,Pitching Mound.Delivery,,Loading,pitch.0,435819,-0.7447,-0.3159,0.5573,0.0126,-0.0618,0.2023,0.0,0.0
1779988770288,1,Pitching Mound.Drive,,Loading,pitch.0,436385,-0.0982,-1.2147,3.1841,1.1053,-3.9224,-1.1834,0.164,0.0462
1779988770288,1,Pitching Mound.Parent,,Loading,pitch.0,435440,-0.8159,-1.5024,3.6154,1.0923,-3.9627,-0.9716,0.0,0.0
1779988770289,1,11.0000004b,Drive,Loading,pitch.0,436386,-0.087,-1.2267,2.9974,1.0701,-3.8822,-1.1705,0.1724,0.0475
1779988770289,1,12.00000015,Lower Delivery,Loading,pitch.0,436122,-0.6403,-0.3537,0.4916,-0.0553,-0.0143,-0.006,0.0,0.0
1779988770289,1,12.00000015,Lower Delivery,Loading,pitch.0,436121,-0.6517,-0.3508,0.4905,-0.0533,-0.0232,-0.0063,0.0,0.0
1779988770289,1,12.00000018,Upper Delivery,Loading,pitch.0,436980,-0.0671,0.0499,0.0445,-0.0884,-0.0304,-0.0012,0.0,0.0
1779988770289,1,Pitching Mound.Delivery,,Loading,pitch.0,435821,-0.7074,-0.3038,0.5362,0.0083,-0.0447,0.1877,0.0,0.0
1779988770289,1,Pitching Mound.Delivery,,Loading,pitch.0,435820,-0.7153,-0.3038,0.5179,0.0158,-0.0536,0.1924,0.0,0.0
1779988770289,1,Pitching Mound.Drive,,Loading,pitch.0,436386,-0.087,-1.2267,2.9974,1.0701,-3.8822,-1.1705,0.1724,0.0475
1779988770289,1,Pitching Mound.Parent,,Loading,pitch.0,435442,-0.7945,-1.5305,3.5335,1.0784,-3.9268,-0.9827,0.0,0.0
1779988770289,1,Pitching Mound.Parent,,Loading,pitch.0,435441,-0.8135,-1.5185,3.702,1.121,-3.976,-0.9909,0.0,0.0
1779988770290,1,11.0000004b,Drive,Loading,pitch.0,436387,-0.0826,-1.2208,2.8792,1.0547,-3.8884,-1.1637,0.0,0.0
1779988770290,1,12.00000015,Lower Delivery,Loading,pitch.0,436123,-0.6548,-0.345,0.5091,-0.0726,-0.0188,-0.005,0.0,0.0
1779988770290,1,12.00000018,Upper Delivery,Loading,pitch.0,436981,-0.0643,0.0491,0.0278,-0.0884,-0.0304,-0.0012,0.0,0.0
1779988770290,1,Pitching Mound.Delivery,,Loading,pitch.0,435822,-0.7191,-0.2959,0.5369,0.0027,-0.0492,0.1946,0.0,0.0
1779988770290,1,Pitching Mound.Drive,,Loading,pitch.0,436387,-0.0826,-1.2208,2.8792,1.0547,-3.8884,-1.1637,0.0,0.0
1779988770290,1,Pitching Mound.Parent,,Loading,pitch.0,435443,-0.8017,-1.5167,3.4161,1.0574,-3.9376,-0.9691,0.0,0.0
1779988770291,1,11.0000004b,Drive,Loading,pitch.0,436388,-0.0825,-1.2083,2.7777,1.0547,-3.848,-1.1592,0.0,0.0
1779988770291,1,12.00000018,Upper Delivery,Loading,pitch.0,436982,-0.063,0.0658,0.0718,-0.0884,-0.0304,-0.0012,0.0,0.0
1779988770291,1,Pitching Mound.Drive,,Loading,pitch.0,436388,-0.0825,-1.2083,2.7777,1.0547,-3.848,-1.1592,0.0,0.0
1779988770292,1,11.0000004b,Drive,Loading,pitch.0,436389,-0.0777,-1.2147,2.829,1.0844,-4.0187,-1.1369,0.0,0.0
1779988770292,1,12.00000015,Lower Delivery,Loading,pitch.0,436124,-0.6165,-0.3248,0.4763,-0.0763,-0.0196,-0.0033,0.0,0.0
1779988770292,1,12.00000015,Lower Delivery,Loading,pitch.0,436125,-0.5762,-0.3337,0.4239,-0.078,-0.0113,-0.004,0.0,0.0
1779988770292,1,12.00000018,Upper Delivery,Loading,pitch.0,436983,-0.0731,0.1156,0.2134,-0.0884,-0.0304,-0.0012,0.0,0.0
1779988770292,1,Pitching Mound.Delivery,,Loading,pitch.0,435823,-0.6796,-0.259,0.5481,-0.0271,-0.0499,0.1837,0.0,0.0
1779988770292,1,Pitching Mound.Delivery,,Loading,pitch.0,435824,-0.6493,-0.2181,0.6373,-0.0948,-0.0417,0.1658,0.0,0.0
1779988770292,1,Pitching Mound.Drive,,Loading,pitch.0,436389,-0.0777,-1.2147,2.829,1.0844,-4.0187,-1.1369,0.0,0.0
1779988770292,1,Pitching Mound.Parent,,Loading,pitch.0,435444,-0.762,-1.4673,3.3258,1.0276,-3.8979,-0.9755,0.0,0.0
1779988770292,1,Pitching Mound.Parent,,Loading,pitch.0,435445,-0.7269,-1.4328,3.4663,0.9896,-4.0604,-0.971,0.0,0.0
1779988770293,1,11.0000004b,Drive,Loading,pitch.0,436390,-0.0659,-1.1987,2.9458,1.0941,-4.0914,-1.1447,0.0,0.0
1779988770293,1,12.00000015,Lower Delivery,Loading,pitch.0,436126,-0.5978,-0.3038,0.4699,-0.0643,-0.0173,-0.0044,0.0,0.0
1779988770293,1,12.00000018,Upper Delivery,Loading,pitch.0,436984,-0.1238,0.1817,0.5256,-0.0884,-0.0304,-0.0012,0.0,0.0
1779988770293,1,Pitching Mound.Delivery,,Loading,pitch.0,435825,-0.7217,-0.1221,0.9955,-0.1717,-0.0477,0.1556,0.0,0.0
1779988770293,1,Pitching Mound.Drive,,Loading,pitch.0,436390,-0.0659,-1.1987,2.9458,1.0941,-4.0914,-1.1447,0.0,0.0
1779988770293,1,Pitching Mound.Parent,,Loading,pitch.0,435446,-0.7875,-1.3208,3.9413,0.9224,-4.1391,-0.9891,0.0,0.0
1779988770294,1,11.0000004b,Drive,Loading,pitch.0,436391,-0.0633,-1.2157,2.9878,1.0629,-4.0894,-1.1161,0.1822,0.0474
1779988770294,1,12.00000015,Lower Delivery,Loading,pitch.0,436127,-0.6035,-0.2888,0.497,-0.0519,-0.0044,-0.0045,0.0,0.0
1779988770294,1,12.00000018,Upper Delivery,Loading,pitch.0,436985,-0.0525,0.1638,0.3452,-0.0884,-0.0304,-0.0012,0.0,0.0
1779988770294,1,Pitching Mound.Delivery,,Loading,pitch.0,435826,-0.656,-0.1249,0.8423,-0.0887,-0.0347,0.1816,0.0,0.0
1779988770294,1,Pitching Mound.Drive,,Loading,pitch.0,436391,-0.0633,-1.2157,2.9878,1.0629,-4.0894,-1.1161,0.1822,0.0474
1779988770294,1,Pitching Mound.Parent,,Loading,pitch.0,435447,-0.7193,-1.3406,3.83,0.9742,-4.1241,-0.9345,0.0,0.0
1779988770295,1,11.0000004b,Drive,Loading,pitch.0,436392,-0.0627,-1.2201,2.9878,1.0414,-4.0711,-1.089,0.1814,0.0464
1779988770295,1,12.00000015,Lower Delivery,Loading,pitch.0,436128,-0.6271,-0.3251,0.5021,-0.0555,-0.008,-0.0046,0.0,0.0
1779988770295,1,12.00000018,Upper Delivery,Loading,pitch.0,436986,-0.0406,0.1564,0.3241,-0.0884,-0.0304,-0.0012,0.0,0.0
1779988770295,1,Pitching Mound.Delivery,,Loading,pitch.0,435827,-0.6677,-0.1687,0.8262,-0.0834,-0.0384,0.1936,0.0,0.0
1779988770295,1,Pitching Mound.Drive,,Loading,pitch.0,436392,-0.0627,-1.2201,2.9878,1.0414,-4.0711,-1.089,0.1814,0.0464
1779988770295,1,Pitching Mound.Parent,,Loading,pitch.0,435448,-0.7304,-1.3888,3.814,0.958,-4.1095,-0.8954,0.0,0.0
1779988770296,1,11.0000004b,Drive,Loading,pitch.0,436393,-0.0615,-1.2012,2.9887,1.0797,-4.0327,-1.0866,0.1796,0.0481
1779988770296,1,12.00000015,Lower Delivery,Loading,pitch.0,436129,-0.6239,-0.331,0.5017,-0.0537,-0.0058,-0.0062,0.0,0.0
1779988770296,1,12.00000018,Upper Delivery,Loading,pitch.0,436987,-0.0443,0.081,0.1035,-0.0884,-0.0304,-0.0012,0.0,0.0
1779988770296,1,Pitching Mound.Delivery,,Loading,pitch.0,435828,-0.6683,-0.25,0.6052,-0.0067,-0.0362,0.1897,0.0,0.0
1779988770296,1,Pitching Mound.Drive,,Loading,pitch.0,436393,-0.0615,-1.2012,2.9887,1.0797,-4.0327,-1.0866,0.1796,0.0481
1779988770296,1,Pitching Mound.Parent,,Loading,pitch.0,435449,-0.7297,-1.4511,3.5939,1.073,-4.0689,-0.8969,0.0,0.0
1779988770297,1,11.0000004b,Drive,Loading,pitch.0,436394,-0.0505,-1.1797,3.0308,1.0651,-4.0927,-1.0909,0.1798,0.0468
1779988770297,1,12.00000018,Upper Delivery,Loading,pitch.0,436988,-0.0483,0.0695,0.0502,-0.0884,-0.0304,-0.0012,0.0,0.0
1779988770297,1,Pitching Mound.Drive,,Loading,pitch.0,436394,-0.0505,-1.1797,3.0308,1.0651,-4.0927,-1.0909,0.1798,0.0468
1779988770298,1,11.0000004b,Drive,Loading,pitch.0,436395,-0.0475,-1.1718,3.1069,1.0633,-3.942,-1.0535,0.1689,0.0456
1779988770298,1,12.00000015,Lower Delivery,Loading,pitch.0,436130,-0.5982,-0.3104,0.4853,-0.0546,-0.0045,-0.0051,0.0,0.0
1779988770298,1,12.00000018,Upper Delivery,Loading,pitch.0,436989,-0.0529,0.0592,-0.0067,-0.0884,-0.0304,-0.0012,0.0,0.0
1779988770298,1,Pitching Mound.Delivery,,Loading,pitch.0,435829,-0.6465,-0.2409,0.5355,0.005,-0.0349,0.1807,0.0,0.0
1779988770298,1,Pitching Mound.Drive,,Loading,pitch.0,436395,-0.0475,-1.1718,3.1069,1.0633,-3.942,-1.0535,0.1689,0.0456
1779988770298,1,Pitching Mound.Parent,,Loading,pitch.0,435450,-0.697,-1.4206,3.5664,1.07,-4.1276,-0.9102,0.0,0.0
1779988770299,1,11.0000004b,Drive,Loading,pitch.0,436396,-0.0458,-1.1596,3.0889,1.0396,-3.8666,-1.0815,0.1666,0.0448
1779988770299,1,12.00000015,Lower Delivery,Loading,pitch.0,436131,-0.6014,-0.3082,0.4891,-0.0342,-0.0127,-0.01,0.0,0.0
1779988770299,1,12.00000018,Upper Delivery,Loading,pitch.0,436990,-0.0409,0.0694,0.0033,-0.0884,-0.0304,-0.0012,0.0,0.0
1779988770299,1,Pitching Mound.Delivery,,Loading,pitch.0,435830,-0.6543,-0.2491,0.4824,0.046,-0.0431,0.1753,0.0,0.0
1779988770299,1,Pitching Mound.Drive,,Loading,pitch.0,436396,-0.0458,-1.1596,3.0889,1.0396,-3.8666,-1.0815,0.1666,0.0448
1779988770299,1,Pitching Mound.Parent,,Loading,pitch.0,435451,-0.7018,-1.4208,3.5893,1.1092,-3.9851,-0.8782,0.0,0.0
1779988770300,1,11.0000004b,Drive,Loading,pitch.0,436397,-0.053,-1.1677,3.2392,1.0575,-3.785,-1.0981,0.1556,0.0435
1779988770300,1,12.00000015,Lower Delivery,Loading,pitch.0,436132,-0.5994,-0.3108,0.4908,-0.0298,-0.0133,-0.0101,0.0,0.0
1779988770300,1,12.00000018,Upper Delivery,Loading,pitch.0,436991,-0.0224,0.0847,0.0354,-0.0884,-0.0304,-0.0012,0.0,0.0
1779988770300,1,Pitching Mound.Delivery,,Loading,pitch.0,435831,-0.6404,-0.2414,0.4941,0.0476,-0.0437,0.1786,0.0,0.0
1779988770300,1,Pitching Mound.Drive,,Loading,pitch.0,436397,-0.053,-1.1677,3.2392,1.0575,-3.785,-1.0981,0.1556,0.0435
1779988770300,1,Pitching Mound.Parent,,Loading,pitch.0,435452,-0.6933,-1.409,3.7333,1.1051,-3.8286,-0.9194,0.0,0.0
1779988770301,1,11.0000004b,Drive,Loading,pitch.0,436398,-0.0476,-1.185,3.2619,1.062,-3.738,-1.1225,0.1526,0.0433
1779988770301,1,12.00000015,Lower Delivery,Loading,pitch.0,436133,-0.5955,-0.3008,0.4913,-0.0182,-0.0103,-0.0096,0.0,0.0
1779988770301,1,12.00000018,Upper Delivery,Loading,pitch.0,436992,-0.0355,0.0765,0.0461,-0.0884,-0.0304,-0.0012,0.0,0.0
1779988770301,1,Pitching Mound.Delivery,,Loading,pitch.0,435832,-0.618,-0.2161,0.5267,0.0485,-0.0406,0.184,0.0,0.0
1779988770301,1,Pitching Mound.Drive,,Loading,pitch.0,436398,-0.0476,-1.185,3.2619,1.062,-3.738,-1.1225,0.1526,0.0433
1779988770301,1,Pitching Mound.Parent,,Loading,pitch.0,435453,-0.6655,-1.4011,3.7886,1.1105,-3.7786,-0.9385,0.0,0.0
1779988770302,1,11.0000004b,Drive,Loading,pitch.0,436399,-0.0487,-1.1836,3.2063,1.0799,-3.6678,-1.0944,0.1523,0.0448
1779988770302,1,12.00000015,Lower Delivery,Loading,pitch.0,436134,-0.562,-0.2773,0.4706,-0.0167,-0.0125,-0.0098,0.0,0.0
1779988770302,1,12.00000018,Upper Delivery,Loading,pitch.0,436993,-0.0435,0.0651,0.0386,-0.0884,-0.0304,-0.0012,0.0,0.0
1779988770302,1,Pitching Mound.Delivery,,Loading,pitch.0,435833,-0.5975,-0.2008,0.5168,0.0392,-0.0429,0.168,0.0,0.0
1779988770302,1,Pitching Mound.Drive,,Loading,pitch.0,436399,-0.0487,-1.1836,3.2063,1.0799,-3.6678,-1.0944,0.1523,0.0448
1779988770302,1,Pitching Mound.Parent,,Loading,pitch.0,435454,-0.6462,-1.3844,3.723,1.1191,-3.7107,-0.9265,0.0,0.0
1779988770303,1,11.0000004b,Drive,Loading,pitch.0,436400,-0.0526,-1.18,2.9916,1.0725,-3.4722,-1.1386,0.1545,0.0477
1779988770303,1,12.00000015,Lower Delivery,Loading,pitch.0,436135,-0.5438,-0.2863,0.4481,-0.0177,-0.0087,-0.0079,0.0,0.0
1779988770303,1,12.00000018,Upper Delivery,Loading,pitch.0,436994,-0.047,0.0584,0.0405,-0.0884,-0.0304,-0.0012,0.0,0.0
1779988770303,1,Pitching Mound.Delivery,,Loading,pitch.0,435834,-0.5873,-0.2213,0.4867,0.0332,-0.039,0.161,0.0,0.0
1779988770303,1,Pitching Mound.Drive,,Loading,pitch.0,436400,-0.0526,-1.18,2.9916,1.0725,-3.4722,-1.1386,0.1545,0.0477
1779988770303,1,Pitching Mound.Parent,,Loading,pitch.0,435455,-0.6399,-1.4013,3.4783,1.1056,-3.5112,-0.9775,0.0,0.0
1779988770304,1,11.0000004b,Drive,Loading,pitch.0,436401,-0.0599,-1.2006,2.9843,1.0857,-3.4712,-1.1244,0.1548,0.0484
1779988770304,1,12.00000015,Lower Delivery,Loading,pitch.0,436136,-0.5514,-0.264,0.467,-0.0217,-0.0071,-0.0079,0.0,0.0
1779988770304,1,12.00000018,Upper Delivery,Loading,pitch.0,436995,-0.0552,0.0506,0.0399,-0.0884,-0.0304,-0.0012,0.0,0.0
1779988770304,1,Pitching Mound.Delivery,,Loading,pitch.0,435835,-0.5984,-0.2057,0.5074,0.035,-0.0375,0.1624,0.0,0.0
1779988770304,1,Pitching Mound.Drive,,Loading,pitch.0,436401,-0.0599,-1.2006,2.9843,1.0857,-3.4712,-1.1244,0.1548,0.0484
1779988770304,1,Pitching Mound.Parent,,Loading,pitch.0,435456,-0.6583,-1.4063,3.4917,1.1206,-3.5087,-0.962,0.0,0.0
1779988770305,1,11.0000004b,Drive,Loading,pitch.0,436402,-0.0452,-1.1967,2.9123,1.0549,-3.4199,-1.1238,0.0,0.0
1779988770305,1,12.00000015,Lower Delivery,Loading,pitch.0,436137,-0.5245,-0.2704,0.4413,-0.0268,-0.0091,-0.0065,0.0,0.0
1779988770305,1,12.00000018,Upper Delivery,Loading,pitch.0,436996,-0.0567,0.0486,0.0333,-0.0884,-0.0304,-0.0012,0.0,0.0
1779988770305,1,Pitching Mound.Delivery,,Loading,pitch.0,435836,-0.5797,-0.2198,0.4812,0.0213,-0.0395,0.1518,0.0,0.0
1779988770305,1,Pitching Mound.Drive,,Loading,pitch.0,436402,-0.0452,-1.1967,2.9123,1.0549,-3.4199,-1.1238,0.0,0.0
1779988770305,1,Pitching Mound.Parent,,Loading,pitch.0,435457,-0.6249,-1.4166,3.3935,1.0762,-3.4594,-0.9719,0.0,0.0
1779988770306,1,11.0000004b,Drive,Loading,pitch.0,436403,-0.0375,-1.1711,2.9815,1.0709,-3.3577,-1.1225,0.1499,0.0478
1779988770306,1,12.00000015,Lower Delivery,Loading,pitch.0,436138,-0.5337,-0.2596,0.458,-0.0387,-0.0115,-0.0047,0.0,0.0
1779988770306,1,12.00000018,Upper Delivery,Loading,pitch.0,436997,-0.0541,0.0529,0.0124,-0.0884,-0.0304,-0.0012,0.0,0.0
1779988770306,1,Pitching Mound.Delivery,,Loading,pitch.0,435837,-0.5904,-0.211,0.4913,0.0174,-0.0418,0.1563,0.0,0.0
1779988770306,1,Pitching Mound.Drive,,Loading,pitch.0,436403,-0.0375,-1.1711,2.9815,1.0709,-3.3577,-1.1225,0.1499,0.0478
1779988770306,1,Pitching Mound.Parent,,Loading,pitch.0,435458,-0.6279,-1.3821,3.4728,1.0882,-3.3995,-0.9662,0.0,0.0
1779988770307,1,11.0000004b,Drive,Loading,pitch.0,436404,-0.0392,-1.1766,3.0104,1.0901,-3.3526,-1.1255,0.1483,0.0482
1779988770307,1,12.00000015,Lower Delivery,Loading,pitch.0,436139,-0.4909,-0.264,0.4141,-0.0459,0.0035,-0.0012,0.0,0.0
1779988770307,1,12.00000018,Upper Delivery,Loading,pitch.0,436998,-0.0564,0.0549,0.0068,-0.0884,-0.0304,-0.0012,0.0,0.0
1779988770307,1,Pitching Mound.Delivery,,Loading,pitch.0,435838,-0.5449,-0.2111,0.4265,0.0023,-0.0269,0.1461,0.0,0.0
1779988770307,1,Pitching Mound.Drive,,Loading,pitch.0,436404,-0.0392,-1.1766,3.0104,1.0901,-3.3526,-1.1255,0.1483,0.0482
1779988770307,1,Pitching Mound.Parent,,Loading,pitch.0,435459,-0.5841,-1.3877,3.4369,1.0924,-3.3794,-0.9794,0.0,0.0
1779988770308,1,11.0000004b,Drive,Loading,pitch.0,436405,-0.0445,-1.1773,2.9858,1.0964,-3.4054,-1.1611,0.1518,0.0489
1779988770308,1,12.00000015,Lower Delivery,Loading,pitch.0,436140,-0.4959,-0.25,0.4318,-0.0613,0.0073,0.0012,0.0,0.0
1779988770308,1,12.00000018,Upper Delivery,Loading,pitch.0,436999,-0.0539,0.0557,-0.001,-0.0884,-0.0304,-0.0012,0.0,0.0
1779988770308,1,Pitching Mound.Delivery,,Loading,pitch.0,435839,-0.5523,-0.1951,0.4386,-0.0052,-0.0231,0.1495,0.0,0.0
1779988770308,1,Pitching Mound.Drive,,Loading,pitch.0,436405,-0.0445,-1.1773,2.9858,1.0964,-3.4054,-1.1611,0.1518,0.0489
1779988770308,1,Pitching Mound.Parent,,Loading,pitch.0,435460,-0.5967,-1.3725,3.4244,1.0912,-3.4285,-1.0117,0.0,0.0
1779988770309,1,11.0000004b,Drive,Loading,pitch.0,436406,-0.0526,-1.1709,3.0121,1.0947,-3.4672,-1.1553,0.1532,0.0484
1779988770309,1,12.00000015,Lower Delivery,Loading,pitch.0,436141,-0.5246,-0.2672,0.4577,-0.0657,0.0055,0.0013,0.0,0.0
1779988770309,1,12.00000018,Upper Delivery,Loading,pitch.0,437000,-0.0533,0.0573,0.0018,-0.0884,-0.0304,-0.0012,0.0,0.0
1779988770309,1,Pitching Mound.Delivery,,Loading,pitch.0,435840,-0.5785,-0.2115,0.4567,0.0019,-0.0249,0.1601,0.0,0.0
1779988770309,1,Pitching Mound.Drive,,Loading,pitch.0,436406,-0.0526,-1.1709,3.0121,1.0947,-3.4672,-1.1553,0.1532,0.0484
1779988770309,1,Pitching Mound.Parent,,Loading,pitch.0,435461,-0.6311,-1.3824,3.4688,1.0966,-3.4921,-0.9952,0.0,0.0
1779988770310,1,11.0000004b,Drive,Loading,pitch.0,436407,-0.0505,-1.1607,2.9779,1.0762,-3.5165,-1.1905,0.1572,0.0481
1779988770310,1,12.00000015,Lower Delivery,Loading,pitch.0,436142,-0.5044,-0.2678,0.432,-0.0605,0.0057,0.0001,0.0,0.0
1779988770310,1,12.00000018,Upper Delivery,Loading,pitch.0,437001,-0.0545,0.0483,-0.0012,-0.0884,-0.0304,-0.0012,0.0,0.0
1779988770310,1,Pitching Mound.Delivery,,Loading,pitch.0,435841,-0.5577,-0.2105,0.4338,-0.0026,-0.0246,0.1523,0.0,0.0
1779988770310,1,Pitching Mound.Drive,,Loading,pitch.0,436407,-0.0505,-1.1607,2.9779,1.0762,-3.5165,-1.1905,0.1572,0.0481
1779988770310,1,Pitching Mound.Parent,,Loading,pitch.0,435462,-0.6082,-1.3713,3.4117,1.0736,-3.5411,-1.0382,0.0,0.0
1779988770311,1,11.0000004b,Drive,Loading,pitch.0,436408,-0.068,-1.1491,2.9875,1.0606,-3.6117,-1.1697,0.1609,0.0473
1779988770311,1,12.00000015,Lower Delivery,Loading,pitch.0,436143,-0.5166,-0.2501,0.4535,-0.067,0.0023,0.0007,0.0,0.0
1779988770311,1,12.00000018,Upper Delivery,Loading,pitch.0,437002,-0.055,0.0476,-0.0045,-0.0884,-0.0304,-0.0012,0.0,0.0
1779988770311,1,Pitching Mound.Delivery,,Loading,pitch.0,435842,-0.5711,-0.2018,0.4523,-0.0007,-0.028,0.1566,0.0,0.0
1779988770311,1,Pitching Mound.Drive,,Loading,pitch.0,436408,-0.068,-1.1491,2.9875,1.0606,-3.6117,-1.1697,0.1609,0.0473
1779988770311,1,Pitching Mound.Parent,,Loading,pitch.0,435463,-0.6391,-1.351,3.4398,1.0598,-3.6398,-1.0132,0.0,0.0
1779988770312,1,11.0000004b,Drive,Loading,pitch.0,436409,-0.0555,-1.1314,3.0743,1.0507,-3.6451,-1.1743,0.1578,0.0455
1779988770312,1,12.00000015,Lower Delivery,Loading,pitch.0,436144,-0.518,-0.3004,0.4321,-0.0443,0.0108,-0.0026,0.0,0.0
1779988770312,1,12.00000018,Upper Delivery,Loading,pitch.0,437003,-0.0608,0.041,0.0072,-0.0884,-0.0304,-0.0012,0.0,0.0
1779988770312,1,Pitching Mound.Delivery,,Loading,pitch.0,435843,-0.5729,-0.2528,0.4275,0.0158,-0.0196,0.1537,0.0,0.0
1779988770312,1,Pitching Mound.Drive,,Loading,pitch.0,436409,-0.0555,-1.1314,3.0743,1.0507,-3.6451,-1.1743,0.1578,0.0455
1779988770312,1,Pitching Mound.Parent,,Loading,pitch.0,435464,-0.6284,-1.3842,3.5018,1.0666,-3.6647,-1.0207,0.0,0.0
1779988770313,1,11.0000004b,Drive,Loading,pitch.0,436410,-0.0556,-1.1484,3.0982,1.0174,-3.7502,-1.1749,0.1611,0.0437
1779988770313,1,12.00000015,Lower Delivery,Loading,pitch.0,436145,-0.5347,-0.3129,0.4411,-0.0281,0.0092,-0.004,0.0,0.0
1779988770313,1,12.00000015,Lower Delivery,Loading,pitch.0,436146,-0.5689,-0.2951,0.4886,-0.033,0.0115,-0.0033,0.0,0.0
1779988770313,1,12.00000018,Upper Delivery,Loading,pitch.0,437004,-0.062,0.0415,0.0148,-0.0884,-0.0304,-0.0012,0.0,0.0
1779988770313,1,Pitching Mound.Delivery,,Loading,pitch.0,435844,-0.5955,-0.2719,0.4483,0.0311,-0.0212,0.1559,0.0,0.0
1779988770313,1,Pitching Mound.Delivery,,Loading,pitch.0,435845,-0.631,-0.2535,0.5034,0.0397,-0.0188,0.1679,0.0,0.0
1779988770313,1,Pitching Mound.Drive,,Loading,pitch.0,436410,-0.0556,-1.1484,3.0982,1.0174,-3.7502,-1.1749,0.1611,0.0437
1779988770313,1,Pitching Mound.Parent,,Loading,pitch.0,435465,-0.6511,-1.4202,3.5466,1.0485,-3.7713,-1.019,0.0,0.0
1779988770314,1,11.0000004b,Drive,Loading,pitch.0,436411,-0.0522,-1.1433,3.2459,1.0499,-3.8707,-1.2116,0.1588,0.0431
1779988770314,1,12.00000018,Upper Delivery,Loading,pitch.0,437005,-0.0653,0.0416,0.0218,-0.0884,-0.0304,-0.0012,0.0,0.0
1779988770314,1,Pitching Mound.Drive,,Loading,pitch.0,436411,-0.0522,-1.1433,3.2459,1.0499,-3.8707,-1.2116,0.1588,0.0431
1779988770314,1,Pitching Mound.Parent,,Loading,pitch.0,435466,-0.6831,-1.3968,3.7493,1.0896,-3.8895,-1.0437,0.0,0.0
1779988770315,1,11.0000004b,Drive,Loading,pitch.0,436412,-0.0527,-1.1347,3.2721,1.0301,-3.892,-1.1662,0.1583,0.0419
1779988770315,1,12.00000015,Lower Delivery,Loading,pitch.0,436147,-0.5382,-0.3085,0.4579,-0.0183,0.0193,-0.0033,0.0,0.0
1779988770315,1,12.00000015,Lower Delivery,Loading,pitch.0,436148,-0.5353,-0.3025,0.4537,-0.009,0.0141,-0.0054,0.0,0.0
1779988770315,1,12.00000018,Upper Delivery,Loading,pitch.0,437006,-0.068,0.041,0.0314,-0.0884,-0.0304,-0.0012,0.0,0.0
1779988770315,1,Pitching Mound.Delivery,,Loading,pitch.0,435846,-0.6034,-0.2669,0.4796,0.0416,-0.011,0.1563,0.0,0.0
1779988770315,1,Pitching Mound.Delivery,,Loading,pitch.0,435847,-0.6033,-0.2615,0.4851,0.0462,-0.0163,0.1523,0.0,0.0
1779988770315,1,Pitching Mound.Drive,,Loading,pitch.0,436412,-0.0527,-1.1347,3.2721,1.0301,-3.892,-1.1662,0.1583,0.0419
1779988770315,1,Pitching Mound.Parent,,Loading,pitch.0,435467,-0.6561,-1.4017,3.7517,1.0718,-3.903,-1.0099,0.0,0.0
1779988770316,1,11.0000004b,Drive,Loading,pitch.0,436413,-0.0605,-1.127,3.2676,1.0476,-3.815,-1.1618,0.1554,0.0427
1779988770316,1,12.00000015,Lower Delivery,Loading,pitch.0,436149,-0.5269,-0.2891,0.4497,-0.0141,0.0181,-0.0062,0.0,0.0
1779988770316,1,12.00000018,Upper Delivery,Loading,pitch.0,437007,-0.0567,0.0559,0.0487,-0.0884,-0.0304,-0.0012,0.0,0.0
1779988770316,1,Pitching Mound.Delivery,,Loading,pitch.0,435848,-0.5836,-0.2331,0.4983,0.0339,-0.0122,0.1525,0.0,0.0
1779988770316,1,Pitching Mound.Drive,,Loading,pitch.0,436413,-0.0605,-1.127,3.2676,1.0476,-3.815,-1.1618,0.1554,0.0427
1779988770316,1,Pitching Mound.Parent,,Loading,pitch.0,435468,-0.6638,-1.3885,3.7527,1.0939,-3.8313,-1.0096,0.0,0.0
1779988770317,1,11.0000004b,Drive,Loading,pitch.0,436414,-0.0609,-1.1215,3.2848,1.0123,-3.9779,-1.1728,0.1612,0.041
1779988770317,1,12.00000018,Upper Delivery,Loading,pitch.0,437008,-0.0654,0.0489,0.0258,-0.0884,-0.0304,-0.0012,0.0,0.0
1779988770317,1,Pitching Mound.Drive,,Loading,pitch.0,436414,-0.0609,-1.1215,3.2848,1.0123,-3.9779,-1.1728,0.1612,0.041
1779988770317,1,Pitching Mound.Parent,,Loading,pitch.0,435469,-0.6446,-1.3546,3.7831,1.0461,-3.9901,-1.0203,0.0,0.0
1779988770318,1,11.0000004b,Drive,Loading,pitch.0,436415,-0.0714,-1.1399,3.2976,1.0375,-3.8991,-1.1568,0.1574,0.0419
1779988770318,1,12.00000015,Lower Delivery,Loading,pitch.0,436150,-0.5917,-0.286,0.5132,-0.0043,0.0154,-0.0076,0.0,0.0
1779988770318,1,12.00000015,Lower Delivery,Loading,pitch.0,436151,-0.5622,-0.258,0.5039,-0.003,0.0136,-0.008,0.0,0.0
1779988770318,1,12.00000018,Upper Delivery,Loading,pitch.0,437009,-0.0667,0.0466,0.0393,-0.0884,-0.0304,-0.0012,0.0,0.0
1779988770318,1,Pitching Mound.Delivery,,Loading,pitch.0,435849,-0.6571,-0.237,0.539,0.0731,-0.015,0.1701,0.0,0.0
1779988770318,1,Pitching Mound.Delivery,,Loading,pitch.0,435850,-0.6289,-0.2114,0.5432,0.0665,-0.0167,0.1593,0.0,0.0
1779988770318,1,Pitching Mound.Drive,,Loading,pitch.0,436415,-0.0714,-1.1399,3.2976,1.0375,-3.8991,-1.1568,0.1574,0.0419
1779988770318,1,Pitching Mound.Parent,,Loading,pitch.0,435470,-0.7285,-1.3769,3.8366,1.1106,-3.914,-0.9867,0.0,0.0
1779988770319,1,11.0000004b,Drive,Loading,pitch.0,436416,-0.0631,-1.1199,3.0916,1.0326,-3.7896,-1.137,0.1632,0.0445
1779988770319,1,12.00000015,Lower Delivery,Loading,pitch.0,436152,-0.5479,-0.2386,0.4943,-0.0044,0.0097,-0.0097,0.0,0.0
1779988770319,1,12.00000018,Upper Delivery,Loading,pitch.0,437010,-0.0655,0.045,0.0387,-0.0884,-0.0304,-0.0012,0.0,0.0
1779988770319,1,Pitching Mound.Delivery,,Loading,pitch.0,435851,-0.6134,-0.1936,0.533,0.0621,-0.0206,0.1531,0.0,0.0
1779988770319,1,Pitching Mound.Drive,,Loading,pitch.0,436416,-0.0631,-1.1199,3.0916,1.0326,-3.7896,-1.137,0.1632,0.0445
1779988770319,1,Pitching Mound.Parent,,Loading,pitch.0,435471,-0.6921,-1.3313,3.6348,1.0991,-3.8063,-0.9777,0.0,0.0
1779988770320,1,11.0000004b,Drive,Loading,pitch.0,436417,-0.0623,-1.1114,3.1306,1.041,-3.7915,-1.1149,0.1612,0.0443
1779988770320,1,12.00000015,Lower Delivery,Loading,pitch.0,436153,-0.589,-0.2912,0.5276,-0.0128,0.0241,-0.0055,0.0,0.0
1779988770320,1,12.00000018,Upper Delivery,Loading,pitch.0,437011,-0.06,0.053,0.0397,-0.0884,-0.0304,-0.0012,0.0,0.0
1779988770320,1,Pitching Mound.Delivery,,Loading,pitch.0,435852,-0.649,-0.2382,0.5674,0.0647,-0.0063,0.1731,0.0,0.0
1779988770320,1,Pitching Mound.Drive,,Loading,pitch.0,436417,-0.0623,-1.1114,3.1306,1.041,-3.7915,-1.1149,0.1612,0.0443
1779988770320,1,Pitching Mound.Parent,,Loading,pitch.0,435472,-0.6756,-1.305,3.6636,1.1031,-3.8122,-0.9618,0.0,0.0
1779988770321,1,11.0000004b,Drive,Loading,pitch.0,436419,-0.0512,-1.1099,2.9959,1.0409,-3.6765,-1.099,0.1634,0.0463
1779988770321,1,11.0000004b,Drive,Loading,pitch.0,436418,-0.0614,-1.122,2.9846,1.0364,-3.7163,-1.0928,0.1658,0.0462
1779988770321,1,12.00000015,Lower Delivery,Loading,pitch.0,436154,-0.6015,-0.2962,0.5366,-0.0059,0.0202,-0.0068,0.0,0.0
1779988770321,1,12.00000018,Upper Delivery,Loading,pitch.0,437012,-0.049,0.0613,0.0675,-0.0884,-0.0304,-0.0012,0.0,0.0
1779988770321,1,Pitching Mound.Delivery,,Loading,pitch.0,435853,-0.6506,-0.2349,0.604,0.0652,-0.0102,0.1799,0.0,0.0
1779988770321,1,Pitching Mound.Drive,,Loading,pitch.0,436419,-0.0512,-1.1099,2.9959,1.0409,-3.6765,-1.099,0.1634,0.0463
1779988770321,1,Pitching Mound.Drive,,Loading,pitch.0,436418,-0.0614,-1.122,2.9846,1.0364,-3.7163,-1.0928,0.1658,0.0462
1779988770321,1,Pitching Mound.Parent,,Loading,pitch.0,435474,-0.7018,-1.3447,3.5999,1.1061,-3.6866,-0.9192,0.0,0.0
1779988770321,1,Pitching Mound.Parent,,Loading,pitch.0,435473,-0.7104,-1.3602,3.552,1.1012,-3.7226,-0.9197,0.0,0.0
1779988770322,1,12.00000015,Lower Delivery,Loading,pitch.0,436155,-0.5712,-0.2931,0.5038,-0.0083,0.0194,-0.006,0.0,0.0
1779988770322,1,12.00000018,Upper Delivery,Loading,pitch.0,437013,-0.0629,0.0456,0.0222,-0.0884,-0.0304,-0.0012,0.0,0.0
1779988770322,1,Pitching Mound.Delivery,,Loading,pitch.0,435854,-0.6341,-0.2475,0.5261,0.0671,-0.0109,0.1656,0.0,0.0
1779988770323,1,11.0000004b,Drive,Loading,pitch.0,436420,-0.0582,-1.1219,3.0021,1.0599,-3.6619,-1.117,0.1624,0.047
1779988770323,1,11.0000004b,Drive,Loading,pitch.0,436421,-0.0516,-1.1146,3.0194,1.0619,-3.7001,-1.1071,0.1631,0.0468
1779988770323,1,12.00000015,Lower Delivery,Loading,pitch.0,436156,-0.5709,-0.2771,0.502,-0.0075,0.0143,-0.0074,0.0,0.0
1779988770323,1,12.00000018,Upper Delivery,Loading,pitch.0,437014,-0.0626,0.0482,0.0238,-0.0884,-0.0304,-0.0012,0.0,0.0
1779988770323,1,Pitching Mound.Delivery,,Loading,pitch.0,435855,-0.6334,-0.2289,0.5258,0.0667,-0.0161,0.1642,0.0,0.0
1779988770323,1,Pitching Mound.Drive,,Loading,pitch.0,436420,-0.0582,-1.1219,3.0021,1.0599,-3.6619,-1.117,0.1624,0.047
1779988770323,1,Pitching Mound.Drive,,Loading,pitch.0,436421,-0.0516,-1.1146,3.0194,1.0619,-3.7001,-1.1071,0.1631,0.0468
1779988770323,1,Pitching Mound.Parent,,Loading,pitch.0,435476,-0.685,-1.3436,3.5452,1.1286,-3.7161,-0.9428,0.0,0.0
1779988770323,1,Pitching Mound.Parent,,Loading,pitch.0,435475,-0.6923,-1.3695,3.5282,1.1271,-3.6728,-0.9514,0.0,0.0
1779988770324,1,11.0000004b,Drive,Loading,pitch.0,436422,-0.0355,-1.1419,2.8444,1.0411,-3.7145,-1.0947,0.0,0.0
1779988770324,1,12.00000015,Lower Delivery,Loading,pitch.0,436157,-0.6001,-0.3191,0.5096,-0.0079,0.0156,-0.006,0.0,0.0
1779988770324,1,12.00000018,Upper Delivery,Loading,pitch.0,437015,-0.0645,0.0468,0.0359,-0.0884,-0.0304,-0.0012,0.0,0.0
1779988770324,1,Pitching Mound.Delivery,,Loading,pitch.0,435856,-0.6646,-0.2723,0.5455,0.0648,-0.0148,0.1749,0.0,0.0
1779988770324,1,Pitching Mound.Drive,,Loading,pitch.0,436422,-0.0355,-1.1419,2.8444,1.0411,-3.7145,-1.0947,0.0,0.0
1779988770324,1,Pitching Mound.Parent,,Loading,pitch.0,435477,-0.7,-1.4142,3.3899,1.1059,-3.7293,-0.9198,0.0,0.0
1779988770325,1,12.00000018,Upper Delivery,Loading,pitch.0,437016,-0.0634,0.047,0.0436,-0.0884,-0.0304,-0.0012,0.0,0.0
1779988770326,1,11.0000004b,Drive,Loading,pitch.0,436423,-0.0303,-1.1465,2.8056,1.0439,-3.801,-1.1209,0.0,0.0
1779988770326,1,12.00000015,Lower Delivery,Loading,pitch.0,436158,-0.5872,-0.3396,0.4753,-0.0106,0.0095,-0.0067,0.0,0.0
1779988770326,1,12.00000015,Lower Delivery,Loading,pitch.0,436159,-0.5905,-0.3302,0.4866,-0.0136,0.0117,-0.0054,0.0,0.0
1779988770326,1,12.00000018,Upper Delivery,Loading,pitch.0,437017,-0.0605,0.0586,0.0352,-0.0884,-0.0304,-0.0012,0.0,0.0
1779988770326,1,Pitching Mound.Delivery,,Loading,pitch.0,435857,-0.6506,-0.2927,0.5188,0.0478,-0.0208,0.1702,0.0,0.0
1779988770326,1,Pitching Mound.Delivery,,Loading,pitch.0,435858,-0.6511,-0.2716,0.5218,0.0515,-0.0187,0.1736,0.0,0.0
1779988770326,1,Pitching Mound.Drive,,Loading,pitch.0,436423,-0.0303,-1.1465,2.8056,1.0439,-3.801,-1.1209,0.0,0.0
1779988770326,1,Pitching Mound.Parent,,Loading,pitch.0,435478,-0.6808,-1.4392,3.3245,1.0917,-3.8218,-0.9507,0.0,0.0
1779988770327,1,11.0000004b,Drive,Loading,pitch.0,436424,-0.0213,-1.1566,2.8447,1.0123,-3.92,-1.1146,0.0,0.0
1779988770327,1,12.00000015,Lower Delivery,Loading,pitch.0,436160,-0.6167,-0.3232,0.5184,-0.0065,0.0075,-0.005,0.0,0.0
1779988770327,1,12.00000018,Upper Delivery,Loading,pitch.0,437018,-0.0547,0.062,0.0247,-0.0884,-0.0304,-0.0012,0.0,0.0
1779988770327,1,Pitching Mound.Delivery,,Loading,pitch.0,435859,-0.6714,-0.2612,0.5431,0.073,-0.0229,0.1849,0.0,0.0
1779988770327,1,Pitching Mound.Drive,,Loading,pitch.0,436424,-0.0213,-1.1566,2.8447,1.0123,-3.92,-1.1146,0.0,0.0
1779988770327,1,Pitching Mound.Parent,,Loading,pitch.0,435479,-0.6724,-1.4282,3.3665,1.0638,-3.9387,-0.941,0.0,0.0
1779988770328,1,11.0000004b,Drive,Loading,pitch.0,436425,-0.0134,-1.1683,2.938,0.9931,-3.9374,-1.125,0.0,0.0
1779988770328,1,11.0000004b,Drive,Loading,pitch.0,436426,-0.0186,-1.1601,3.0359,1.0017,-3.9554,-1.1271,0.1734,0.0439
1779988770328,1,12.00000018,Upper Delivery,Loading,pitch.0,437019,-0.055,0.0595,0.0326,-0.0884,-0.0304,-0.0012,0.0,0.0
1779988770328,1,Pitching Mound.Drive,,Loading,pitch.0,436425,-0.0134,-1.1683,2.938,0.9931,-3.9374,-1.125,0.0,0.0
1779988770328,1,Pitching Mound.Drive,,Loading,pitch.0,436426,-0.0186,-1.1601,3.0359,1.0017,-3.9554,-1.1271,0.1734,0.0439
1779988770328,1,Pitching Mound.Parent,,Loading,pitch.0,435480,-0.6849,-1.4295,3.4811,1.0661,-3.9604,-0.9402,0.0,0.0
1779988770329,1,11.0000004b,Drive,Loading,pitch.0,436427,-0.0216,-1.1874,3.0585,0.9742,-4.012,-1.1376,0.1746,0.0424
1779988770329,1,12.00000015,Lower Delivery,Loading,pitch.0,436161,-0.5664,-0.3163,0.4618,-0.017,-0.0024,-0.0078,0.0,0.0
1779988770329,1,12.00000015,Lower Delivery,Loading,pitch.0,436162,-0.5719,-0.3207,0.4641,-0.0145,0.0005,-0.0073,0.0,0.0
1779988770329,1,12.00000018,Upper Delivery,Loading,pitch.0,437020,-0.0581,0.0585,0.029,-0.0884,-0.0304,-0.0012,0.0,0.0
1779988770329,1,Pitching Mound.Delivery,,Loading,pitch.0,435860,-0.6213,-0.2568,0.4944,0.0405,-0.0328,0.1648,0.0,0.0
1779988770329,1,Pitching Mound.Delivery,,Loading,pitch.0,435861,-0.63,-0.2622,0.4931,0.0451,-0.0298,0.1662,0.0,0.0
1779988770329,1,Pitching Mound.Drive,,Loading,pitch.0,436427,-0.0216,-1.1874,3.0585,0.9742,-4.012,-1.1376,0.1746,0.0424
1779988770329,1,Pitching Mound.Parent,,Loading,pitch.0,435481,-0.6399,-1.4169,3.5303,1.0422,-3.9882,-0.9622,0.0,0.0
1779988770329,1,Pitching Mound.Parent,,Loading,pitch.0,435482,-0.6516,-1.4496,3.5515,1.0193,-4.0418,-0.9714,0.0,0.0
1779988770330,1,11.0000004b,Drive,Loading,pitch.0,436428,-0.0446,-1.1764,3.0838,0.9758,-3.8891,-1.1322,0.1679,0.0421
1779988770330,1,12.00000018,Upper Delivery,Loading,pitch.0,437021,-0.0597,0.0604,0.0356,-0.0884,-0.0304,-0.0012,0.0,0.0
1779988770330,1,Pitching Mound.Drive,,Loading,pitch.0,436428,-0.0446,-1.1764,3.0838,0.9758,-3.8891,-1.1322,0.1679,0.0421
1779988770331,1,11.0000004b,Drive,Loading,pitch.0,436429,-0.0579,-1.175,3.1685,0.9801,-3.7993,-1.1499,0.1596,0.0412
1779988770331,1,12.00000015,Lower Delivery,Loading,pitch.0,436163,-0.5359,-0.3201,0.4223,-0.0154,0.0007,-0.0072,0.0,0.0
1779988770331,1,12.00000015,Lower Delivery,Loading,pitch.0,436164,-0.5656,-0.2925,0.47,-0.0211,-0.0047,-0.0085,0.0,0.0
1779988770331,1,12.00000018,Upper Delivery,Loading,pitch.0,437022,-0.0613,0.0524,0.046,-0.0884,-0.0304,-0.0012,0.0,0.0
1779988770331,1,Pitching Mound.Delivery,,Loading,pitch.0,435862,-0.5956,-0.2597,0.4578,0.0277,-0.0297,0.1535,0.0,0.0
1779988770331,1,Pitching Mound.Delivery,,Loading,pitch.0,435863,-0.6269,-0.2401,0.516,0.0347,-0.0351,0.1618,0.0,0.0
1779988770331,1,Pitching Mound.Drive,,Loading,pitch.0,436429,-0.0579,-1.175,3.1685,0.9801,-3.7993,-1.1499,0.1596,0.0412
1779988770331,1,Pitching Mound.Parent,,Loading,pitch.0,435483,-0.6402,-1.4361,3.5417,1.0035,-3.9188,-0.9787,0.0,0.0
1779988770331,1,Pitching Mound.Parent,,Loading,pitch.0,435484,-0.6848,-1.4151,3.6846,1.0148,-3.8344,-0.9882,0.0,0.0
1779988770332,1,11.0000004b,Drive,Loading,pitch.0,436430,-0.0519,-1.1819,3.1345,0.9896,-3.7118,-1.1559,0.1576,0.042
1779988770332,1,12.00000015,Lower Delivery,Loading,pitch.0,436165,-0.577,-0.2931,0.4827,-0.014,0.0004,-0.0085,0.0,0.0
1779988770332,1,12.00000018,Upper Delivery,Loading,pitch.0,437023,-0.0526,0.1152,0.1911,-0.0884,-0.0304,-0.0012,0.0,0.0
1779988770332,1,Pitching Mound.Delivery,,Loading,pitch.0,435864,-0.6296,-0.1779,0.6739,-0.0032,-0.03,0.1686,0.0,0.0
1779988770332,1,Pitching Mound.Drive,,Loading,pitch.0,436430,-0.0519,-1.1819,3.1345,0.9896,-3.7118,-1.1559,0.1576,0.042
1779988770332,1,Pitching Mound.Parent,,Loading,pitch.0,435485,-0.6815,-1.3597,3.8084,0.9864,-3.7419,-0.9873,0.0,0.0
1779988770333,1,11.0000004b,Drive,Loading,pitch.0,436431,-0.0397,-1.1761,3.1545,1.0161,-3.6837,-1.192,0.1555,0.0429
1779988770333,1,12.00000015,Lower Delivery,Loading,pitch.0,436166,-0.6213,-0.2775,0.5401,-0.0219,-0.0007,-0.0096,0.0,0.0
1779988770333,1,12.00000018,Upper Delivery,Loading,pitch.0,437024,-0.0565,0.0844,0.1128,-0.0884,-0.0304,-0.0012,0.0,0.0
1779988770333,1,Pitching Mound.Delivery,,Loading,pitch.0,435865,-0.6778,-0.1931,0.653,0.035,-0.0311,0.1813,0.0,0.0
1779988770333,1,Pitching Mound.Drive,,Loading,pitch.0,436431,-0.0397,-1.1761,3.1545,1.0161,-3.6837,-1.192,0.1555,0.0429
1779988770333,1,Pitching Mound.Parent,,Loading,pitch.0,435486,-0.7174,-1.3692,3.8074,1.0511,-3.7148,-1.0107,0.0,0.0
1779988770334,1,11.0000004b,Drive,Loading,pitch.0,436432,-0.0599,-1.1686,3.1164,1.0405,-3.607,-1.1851,0.1541,0.0444
1779988770334,1,12.00000015,Lower Delivery,Loading,pitch.0,436167,-0.6595,-0.2752,0.5957,-0.026,0.0035,-0.0102,0.0,0.0
1779988770334,1,12.00000018,Upper Delivery,Loading,pitch.0,437025,-0.0598,0.0617,0.0567,-0.0884,-0.0304,-0.0012,0.0,0.0
1779988770334,1,Pitching Mound.Delivery,,Loading,pitch.0,435866,-0.7193,-0.2135,0.6524,0.0689,-0.0269,0.1925,0.0,0.0
1779988770334,1,Pitching Mound.Drive,,Loading,pitch.0,436432,-0.0599,-1.1686,3.1164,1.0405,-3.607,-1.1851,0.1541,0.0444
1779988770334,1,Pitching Mound.Parent,,Loading,pitch.0,435487,-0.7792,-1.3822,3.7688,1.1095,-3.6339,-0.9926,0.0,0.0
1779988770335,1,11.0000004b,Drive,Loading,pitch.0,436433,-0.0555,-1.1762,3.1175,1.0406,-3.5785,-1.1837,0.1528,0.0444
1779988770335,1,12.00000015,Lower Delivery,Loading,pitch.0,436168,-0.6921,-0.2467,0.6474,-0.0277,0.0008,-0.01,0.0,0.0
1779988770335,1,12.00000018,Upper Delivery,Loading,pitch.0,437026,-0.0556,0.06,0.0484,-0.0884,-0.0304,-0.0012,0.0,0.0
1779988770335,1,Pitching Mound.Delivery,,Loading,pitch.0,435867,-0.7477,-0.1867,0.6957,0.0876,-0.0295,0.2053,0.0,0.0
1779988770335,1,Pitching Mound.Drive,,Loading,pitch.0,436433,-0.0555,-1.1762,3.1175,1.0406,-3.5785,-1.1837,0.1528,0.0444
1779988770335,1,Pitching Mound.Parent,,Loading,pitch.0,435488,-0.8032,-1.3628,3.8132,1.1282,-3.608,-0.9785,0.0,0.0
1779988770336,1,11.0000004b,Drive,Loading,pitch.0,436434,-0.059,-1.1585,3.1453,1.0574,-3.6083,-1.2136,0.1527,0.0448
1779988770336,1,12.00000015,Lower Delivery,Loading,pitch.0,436169,-0.6846,-0.2448,0.6468,-0.0332,-0.0045,-0.009,0.0,0.0
1779988770336,1,12.00000018,Upper Delivery,Loading,pitch.0,437027,-0.0551,0.0603,0.0538,-0.0884,-0.0304,-0.0012,0.0,0.0
1779988770336,1,Pitching Mound.Delivery,,Loading,pitch.0,435868,-0.7396,-0.1845,0.7006,0.0801,-0.0349,0.2038,0.0,0.0
1779988770336,1,Pitching Mound.Drive,,Loading,pitch.0,436434,-0.059,-1.1585,3.1453,1.0574,-3.6083,-1.2136,0.1527,0.0448
1779988770336,1,Pitching Mound.Parent,,Loading,pitch.0,435489,-0.7987,-1.343,3.8459,1.1375,-3.6433,-1.0098,0.0,0.0
1779988770337,1,11.0000004b,Drive,Loading,pitch.0,436435,-0.05,-1.1592,3.1366,1.0587,-3.563,-1.213,0.1512,0.0449
1779988770337,1,12.00000018,Upper Delivery,Loading,pitch.0,437028,-0.0542,0.0612,0.0498,-0.0884,-0.0304,-0.0012,0.0,0.0
1779988770337,1,Pitching Mound.Drive,,Loading,pitch.0,436435,-0.05,-1.1592,3.1366,1.0587,-3.563,-1.213,0.1512,0.0449
1779988770338,1,11.0000004b,Drive,Loading,pitch.0,436436,-0.0447,-1.1648,3.1172,1.061,-3.4988,-1.1951,0.1494,0.0453
1779988770338,1,12.00000015,Lower Delivery,Loading,pitch.0,436170,-0.6901,-0.2413,0.6647,-0.0211,0.003,-0.0082,0.0,0.0
1779988770338,1,12.00000015,Lower Delivery,Loading,pitch.0,436171,-0.7153,-0.2475,0.6872,-0.0337,0.0067,-0.0054,0.0,0.0
1779988770338,1,12.00000018,Upper Delivery,Loading,pitch.0,437029,-0.0533,0.06,0.0555,-0.0884,-0.0304,-0.0012,0.0,0.0
1779988770338,1,Pitching Mound.Delivery,,Loading,pitch.0,435869,-0.7444,-0.1801,0.7146,0.0996,-0.0274,0.2068,0.0,0.0
1779988770338,1,Pitching Mound.Delivery,,Loading,pitch.0,435870,-0.7686,-0.1874,0.7427,0.0927,-0.0236,0.2184,0.0,0.0
1779988770338,1,Pitching Mound.Drive,,Loading,pitch.0,436436,-0.0447,-1.1648,3.1172,1.061,-3.4988,-1.1951,0.1494,0.0453
1779988770338,1,Pitching Mound.Parent,,Loading,pitch.0,435491,-0.8133,-1.3523,3.86,1.1537,-3.5225,-0.9766,0.0,0.0
1779988770338,1,Pitching Mound.Parent,,Loading,pitch.0,435490,-0.7943,-1.3393,3.8512,1.1583,-3.5904,-1.0062,0.0,0.0
1779988770339,1,11.0000004b,Drive,Loading,pitch.0,436437,-0.0402,-1.1545,3.079,1.0305,-3.5511,-1.2373,0.1535,0.0446
1779988770339,1,12.00000015,Lower Delivery,Loading,pitch.0,436172,-0.7195,-0.2443,0.6991,-0.0419,0.0182,0.0002,0.0,0.0
1779988770339,1,12.00000018,Upper Delivery,Loading,pitch.0,437030,-0.0548,0.0604,0.0555,-0.0884,-0.0304,-0.0012,0.0,0.0
1779988770339,1,Pitching Mound.Delivery,,Loading,pitch.0,435871,-0.7744,-0.1839,0.7546,0.0886,-0.0122,0.2249,0.0,0.0
1779988770339,1,Pitching Mound.Drive,,Loading,pitch.0,436437,-0.0402,-1.1545,3.079,1.0305,-3.5511,-1.2373,0.1535,0.0446
1779988770339,1,Pitching Mound.Parent,,Loading,pitch.0,435492,-0.8145,-1.3384,3.8336,1.1191,-3.5633,-1.0124,0.0,0.0
1779988770340,1,11.0000004b,Drive,Loading,pitch.0,436438,-0.0412,-1.176,3.0892,1.0466,-3.6154,-1.2275,0.1558,0.0451
1779988770340,1,12.00000015,Lower Delivery,Loading,pitch.0,436173,-0.7086,-0.2594,0.7008,-0.0519,0.0108,-0.0022,0.0,0.0
1779988770340,1,12.00000018,Upper Delivery,Loading,pitch.0,437031,-0.0555,0.0639,0.0477,-0.0884,-0.0304,-0.0012,0.0,0.0
1779988770340,1,Pitching Mound.Delivery,,Loading,pitch.0,435872,-0.7641,-0.1955,0.7484,0.0818,-0.0196,0.2186,0.0,0.0
1779988770340,1,Pitching Mound.Drive,,Loading,pitch.0,436438,-0.0412,-1.176,3.0892,1.0466,-3.6154,-1.2275,0.1558,0.0451
1779988770340,1,Pitching Mound.Parent,,Loading,pitch.0,435493,-0.8052,-1.3715,3.8376,1.1284,-3.635,-1.0088,0.0,0.0
1779988770341,1,11.0000004b,Drive,Loading,pitch.0,436439,-0.0382,-1.1747,3.0722,1.0442,-3.6987,-1.2325,0.1603,0.0452
1779988770341,1,12.00000015,Lower Delivery,Loading,pitch.0,436174,-0.6665,-0.2738,0.6271,-0.0456,0.0075,-0.0019,0.0,0.0
1779988770341,1,12.00000018,Upper Delivery,Loading,pitch.0,437032,-0.0573,0.0618,0.046,-0.0884,-0.0304,-0.0012,0.0,0.0
1779988770341,1,Pitching Mound.Delivery,,Loading,pitch.0,435873,-0.7239,-0.212,0.6731,0.0636,-0.0228,0.204,0.0,0.0
1779988770341,1,Pitching Mound.Drive,,Loading,pitch.0,436439,-0.0382,-1.1747,3.0722,1.0442,-3.6987,-1.2325,0.1603,0.0452
1779988770341,1,Pitching Mound.Parent,,Loading,pitch.0,435494,-0.7621,-1.3866,3.7454,1.1078,-3.7216,-1.0285,0.0,0.0
1779988770342,1,11.0000004b,Drive,Loading,pitch.0,436440,-0.0325,-1.1659,3.0258,1.029,-3.6885,-1.2195,0.1623,0.0453
1779988770342,1,12.00000015,Lower Delivery,Loading,pitch.0,436175,-0.6338,-0.2727,0.5652,-0.0512,0.0033,-0.0011,0.0,0.0
1779988770342,1,12.00000018,Upper Delivery,Loading,pitch.0,437033,-0.0603,0.0576,0.0382,-0.0884,-0.0304,-0.0012,0.0,0.0
1779988770342,1,Pitching Mound.Delivery,,Loading,pitch.0,435874,-0.6941,-0.2151,0.6034,0.0397,-0.0271,0.1927,0.0,0.0
1779988770342,1,Pitching Mound.Drive,,Loading,pitch.0,436440,-0.0325,-1.1659,3.0258,1.029,-3.6885,-1.2195,0.1623,0.0453
1779988770342,1,Pitching Mound.Parent,,Loading,pitch.0,435495,-0.7266,-1.381,3.6292,1.0686,-3.7156,-1.0268,0.0,0.0
1779988770343,1,11.0000004b,Drive,Loading,pitch.0,436441,-0.0355,-1.1598,3.0143,0.9924,-3.6853,-1.2023,0.1628,0.0438
1779988770343,1,12.00000015,Lower Delivery,Loading,pitch.0,436176,-0.6155,-0.2608,0.5444,-0.0584,0.009,-0.0002,0.0,0.0
1779988770343,1,12.00000018,Upper Delivery,Loading,pitch.0,437034,-0.0571,0.0563,0.0338,-0.0884,-0.0304,-0.0012,0.0,0.0
1779988770343,1,Pitching Mound.Delivery,,Loading,pitch.0,435875,-0.6726,-0.2045,0.5783,0.0269,-0.0214,0.1885,0.0,0.0
1779988770343,1,Pitching Mound.Drive,,Loading,pitch.0,436441,-0.0355,-1.1598,3.0143,0.9924,-3.6853,-1.2023,0.1628,0.0438
1779988770343,1,Pitching Mound.Parent,,Loading,pitch.0,435496,-0.7082,-1.3643,3.5926,1.0193,-3.7066,-1.0138,0.0,0.0
1779988770344,1,11.0000004b,Drive,Loading,pitch.0,436442,-0.0404,-1.1719,3.0248,1.0143,-3.7821,-1.2199,0.1665,0.0446
1779988770344,1,12.00000015,Lower Delivery,Loading,pitch.0,436177,-0.5981,-0.2503,0.5226,-0.0656,0.0077,0.0008,0.0,0.0
1779988770344,1,12.00000018,Upper Delivery,Loading,pitch.0,437035,-0.0614,0.0541,0.0216,-0.0884,-0.0304,-0.0012,0.0,0.0
1779988770344,1,Pitching Mound.Delivery,,Loading,pitch.0,435876,-0.6596,-0.1963,0.5442,0.0164,-0.0227,0.1821,0.0,0.0
1779988770344,1,Pitching Mound.Drive,,Loading,pitch.0,436442,-0.0404,-1.1719,3.0248,1.0143,-3.7821,-1.2199,0.1665,0.0446
1779988770344,1,Pitching Mound.Parent,,Loading,pitch.0,435497,-0.6999,-1.3682,3.569,1.0307,-3.8048,-1.0378,0.0,0.0
1779988770345,1,11.0000004b,Drive,Loading,pitch.0,436443,-0.0424,-1.1672,3.0163,1.0262,-3.7711,-1.2326,0.1664,0.0453
1779988770345,1,12.00000015,Lower Delivery,Loading,pitch.0,436178,-0.5873,-0.2328,0.5092,-0.0614,0.0059,0.0001,0.0,0.0
1779988770345,1,12.00000018,Upper Delivery,Loading,pitch.0,437036,-0.0653,0.0534,0.0244,-0.0884,-0.0304,-0.0012,0.0,0.0
1779988770345,1,Pitching Mound.Delivery,,Loading,pitch.0,435877,-0.6527,-0.1794,0.5337,0.0151,-0.0245,0.1764,0.0,0.0
1779988770345,1,Pitching Mound.Drive,,Loading,pitch.0,436443,-0.0424,-1.1672,3.0163,1.0262,-3.7711,-1.2326,0.1664,0.0453
1779988770345,1,Pitching Mound.Parent,,Loading,pitch.0,435498,-0.6951,-1.3465,3.5499,1.0414,-3.7956,-1.0562,0.0,0.0
1779988770346,1,11.0000004b,Drive,Loading,pitch.0,436444,-0.0287,-1.1744,3.0938,1.028,-3.9209,-1.2392,0.1687,0.0442
1779988770346,1,12.00000015,Lower Delivery,Loading,pitch.0,436179,-0.5788,-0.2367,0.4985,-0.0532,0.0043,-0.0001,0.0,0.0
1779988770346,1,12.00000018,Upper Delivery,Loading,pitch.0,437037,-0.0658,0.0533,0.0359,-0.0884,-0.0304,-0.0012,0.0,0.0
1779988770346,1,Pitching Mound.Delivery,,Loading,pitch.0,435878,-0.6446,-0.1834,0.5343,0.0157,-0.0261,0.1731,0.0,0.0
1779988770346,1,Pitching Mound.Drive,,Loading,pitch.0,436444,-0.0287,-1.1744,3.0938,1.028,-3.9209,-1.2392,0.1687,0.0442
1779988770346,1,Pitching Mound.Parent,,Loading,pitch.0,435499,-0.6733,-1.3578,3.6282,1.0438,-3.947,-1.0661,0.0,0.0
1779988770347,1,11.0000004b,Drive,Loading,pitch.0,436445,-0.0292,-1.1795,3.1411,1.0503,-3.954,-1.2343,0.1676,0.0445
1779988770347,1,12.00000015,Lower Delivery,Loading,pitch.0,436180,-0.6062,-0.2312,0.5446,-0.0551,0.0024,0.0,0.0,0.0
1779988770347,1,12.00000018,Upper Delivery,Loading,pitch.0,437038,-0.0658,0.0515,0.0318,-0.0884,-0.0304,-0.0012,0.0,0.0
1779988770347,1,Pitching Mound.Delivery,,Loading,pitch.0,435879,-0.672,-0.1797,0.5764,0.0309,-0.0279,0.1825,0.0,0.0
1779988770347,1,Pitching Mound.Drive,,Loading,pitch.0,436445,-0.0292,-1.1795,3.1411,1.0503,-3.954,-1.2343,0.1676,0.0445
1779988770347,1,Pitching Mound.Parent,,Loading,pitch.0,435500,-0.7012,-1.3592,3.7175,1.0812,-3.9819,-1.0518,0.0,0.0
1779988770348,1,11.0000004b,Drive,Loading,pitch.0,436446,-0.0426,-1.184,3.1239,1.0351,-3.7912,-1.2047,0.1616,0.0441
1779988770348,1,12.00000015,Lower Delivery,Loading,pitch.0,436181,-0.5752,-0.1869,0.5213,-0.0686,0.0053,0.0013,0.0,0.0
1779988770348,1,12.00000018,Upper Delivery,Loading,pitch.0,437039,-0.0636,0.0492,0.0234,-0.0884,-0.0304,-0.0012,0.0,0.0
1779988770348,1,Pitching Mound.Delivery,,Loading,pitch.0,435880,-0.6388,-0.1378,0.5447,0.0123,-0.0251,0.174,0.0,0.0
1779988770348,1,Pitching Mound.Drive,,Loading,pitch.0,436446,-0.0426,-1.184,3.1239,1.0351,-3.7912,-1.2047,0.1616,0.0441
1779988770348,1,Pitching Mound.Parent,,Loading,pitch.0,435501,-0.6814,-1.3218,3.6686,1.0474,-3.8163,-1.0307,0.0,0.0
1779988770349,1,11.0000004b,Drive,Loading,pitch.0,436447,-0.0466,-1.1841,3.1504,1.0355,-3.7648,-1.2051,0.1591,0.0438
1779988770349,1,12.00000015,Lower Delivery,Loading,pitch.0,436182,-0.5799,-0.1958,0.5232,-0.0613,-0.0026,0.0013,0.0,0.0
1779988770349,1,12.00000018,Upper Delivery,Loading,pitch.0,437040,-0.0535,0.062,0.0418,-0.0884,-0.0304,-0.0012,0.0,0.0
1779988770349,1,Pitching Mound.Delivery,,Loading,pitch.0,435881,-0.6334,-0.1338,0.565,0.014,-0.033,0.1791,0.0,0.0
1779988770349,1,Pitching Mound.Drive,,Loading,pitch.0,436447,-0.0466,-1.1841,3.1504,1.0355,-3.7648,-1.2051,0.1591,0.0438
1779988770349,1,Pitching Mound.Parent,,Loading,pitch.0,435502,-0.68,-1.3179,3.7154,1.0495,-3.7978,-1.026,0.0,0.0
1779988770350,1,11.0000004b,Drive,Loading,pitch.0,436448,-0.052,-1.1824,3.1381,1.0946,-3.8524,-1.2088,0.1634,0.0464
1779988770350,1,12.00000015,Lower Delivery,Loading,pitch.0,436183,-0.5395,-0.1854,0.4695,-0.0728,-0.0114,0.0021,0.0,0.0
1779988770350,1,12.00000018,Upper Delivery,Loading,pitch.0,437041,-0.0651,0.0546,0.043,-0.0884,-0.0304,-0.0012,0.0,0.0
1779988770350,1,Pitching Mound.Delivery,,Loading,pitch.0,435882,-0.6045,-0.1308,0.5126,-0.0162,-0.0417,0.1622,0.0,0.0
1779988770350,1,Pitching Mound.Drive,,Loading,pitch.0,436448,-0.052,-1.1824,3.1381,1.0946,-3.8524,-1.2088,0.1634,0.0464
1779988770350,1,Pitching Mound.Parent,,Loading,pitch.0,435503,-0.6565,-1.3132,3.6506,1.0784,-3.8941,-1.0466,0.0,0.0
1779988770351,1,11.0000004b,Drive,Loading,pitch.0,436449,-0.0586,-1.2026,3.0809,1.1137,-3.8958,-1.2183,0.1683,0.0481
1779988770351,1,12.00000015,Lower Delivery,Loading,pitch.0,436184,-0.5539,-0.1755,0.486,-0.0881,-0.0243,0.0027,0.0,0.0
1779988770351,1,12.00000018,Upper Delivery,Loading,pitch.0,437042,-0.0631,0.0497,0.0439,-0.0884,-0.0304,-0.0012,0.0,0.0
1779988770351,1,Pitching Mound.Delivery,,Loading,pitch.0,435883,-0.6169,-0.1257,0.5299,-0.0261,-0.0546,0.1684,0.0,0.0
1779988770351,1,Pitching Mound.Drive,,Loading,pitch.0,436449,-0.0586,-1.2026,3.0809,1.1137,-3.8958,-1.2183,0.1683,0.0481
1779988770351,1,Pitching Mound.Parent,,Loading,pitch.0,435504,-0.6755,-1.3283,3.6108,1.0876,-3.9505,-1.0499,0.0,0.0
1779988770352,1,11.0000004b,Drive,Loading,pitch.0,436450,-0.0538,-1.1891,3.0761,1.0626,-3.9491,-1.1946,0.1709,0.046
1779988770352,1,12.00000015,Lower Delivery,Loading,pitch.0,436185,-0.5281,-0.1503,0.4595,-0.0836,-0.0267,0.0033,0.0,0.0
1779988770352,1,12.00000018,Upper Delivery,Loading,pitch.0,437043,-0.0591,0.0628,0.055,-0.0884,-0.0304,-0.0012,0.0,0.0
1779988770352,1,Pitching Mound.Delivery,,Loading,pitch.0,435884,-0.5871,-0.0876,0.5145,-0.0344,-0.0571,0.1616,0.0,0.0
1779988770352,1,Pitching Mound.Drive,,Loading,pitch.0,436450,-0.0538,-1.1891,3.0761,1.0626,-3.9491,-1.1946,0.1709,0.046
1779988770352,1,Pitching Mound.Parent,,Loading,pitch.0,435505,-0.641,-1.2767,3.5906,1.0282,-4.0062,-1.033,0.0,0.0
1779988770353,1,11.0000004b,Drive,Loading,pitch.0,436451,-0.0443,-1.1969,3.1096,1.0478,-3.8945,-1.2132,0.1667,0.0449
1779988770353,1,12.00000015,Lower Delivery,Loading,pitch.0,436186,-0.4783,-0.1656,0.3936,-0.0771,-0.0298,0.0004,0.0,0.0
1779988770353,1,12.00000018,Upper Delivery,Loading,pitch.0,437044,-0.0597,0.0721,0.091,-0.0884,-0.0304,-0.0012,0.0,0.0
1779988770353,1,Pitching Mound.Delivery,,Loading,pitch.0,435885,-0.538,-0.0935,0.4846,-0.0625,-0.0602,0.1416,0.0,0.0
1779988770353,1,Pitching Mound.Drive,,Loading,pitch.0,436451,-0.0443,-1.1969,3.1096,1.0478,-3.8945,-1.2132,0.1667,0.0449
1779988770353,1,Pitching Mound.Parent,,Loading,pitch.0,435506,-0.5823,-1.2904,3.5942,0.9853,-3.9547,-1.0716,0.0,0.0
1779988770354,1,11.0000004b,Drive,Loading,pitch.0,436452,-0.0391,-1.1864,3.114,1.0617,-3.8484,-1.1859,0.1645,0.0454
1779988770354,1,12.00000015,Lower Delivery,Loading,pitch.0,436187,-0.4816,-0.1659,0.3999,-0.0833,-0.0296,0.0032,0.0,0.0
1779988770354,1,12.00000018,Upper Delivery,Loading,pitch.0,437045,-0.0517,0.1275,0.2258,-0.0884,-0.0304,-0.0012,0.0,0.0
1779988770354,1,Pitching Mound.Delivery,,Loading,pitch.0,435886,-0.5333,-0.0384,0.6257,-0.1124,-0.06,0.1481,0.0,0.0
1779988770354,1,Pitching Mound.Drive,,Loading,pitch.0,436452,-0.0391,-1.1864,3.114,1.0617,-3.8484,-1.1859,0.1645,0.0454
1779988770354,1,Pitching Mound.Parent,,Loading,pitch.0,435507,-0.5724,-1.2248,3.7397,0.9493,-3.9084,-1.0377,0.0,0.0
1779988770355,1,11.0000004b,Drive,Loading,pitch.0,436453,-0.0443,-1.1832,3.03,1.0474,-3.772,-1.2083,0.1657,0.046
1779988770355,1,12.00000015,Lower Delivery,Loading,pitch.0,436188,-0.4812,-0.1981,0.3918,-0.0622,-0.0221,0.003,0.0,0.0
1779988770355,1,12.00000018,Upper Delivery,Loading,pitch.0,437046,-0.1056,0.1842,0.4973,-0.0884,-0.0304,-0.0012,0.0,0.0
1779988770355,1,Pitching Mound.Delivery,,Loading,pitch.0,435887,-0.5868,-0.0139,0.8891,-0.1864,-0.0525,0.1295,0.0,0.0
1779988770355,1,Pitching Mound.Drive,,Loading,pitch.0,436453,-0.0443,-1.1832,3.03,1.0474,-3.772,-1.2083,0.1657,0.046
1779988770355,1,Pitching Mound.Parent,,Loading,pitch.0,435508,-0.6311,-1.1971,3.9191,0.861,-3.8245,-1.0788,0.0,0.0
1779988770356,1,11.0000004b,Drive,Loading,pitch.0,436454,-0.0381,-1.1718,3.0058,1.0516,-3.7654,-1.1993,0.1668,0.0466
1779988770356,1,12.00000015,Lower Delivery,Loading,pitch.0,436189,-0.5159,-0.2265,0.4282,-0.0591,-0.0203,-0.0021,0.0,0.0
1779988770356,1,12.00000018,Upper Delivery,Loading,pitch.0,437047,-0.1157,0.175,0.4923,-0.0884,-0.0304,-0.0012,0.0,0.0
1779988770356,1,Pitching Mound.Delivery,,Loading,pitch.0,435888,-0.6316,-0.0515,0.9206,-0.1693,-0.0507,0.1327,0.0,0.0
1779988770356,1,Pitching Mound.Drive,,Loading,pitch.0,436454,-0.0381,-1.1718,3.0058,1.0516,-3.7654,-1.1993,0.1668,0.0466
1779988770356,1,Pitching Mound.Parent,,Loading,pitch.0,435509,-0.6698,-1.2234,3.9264,0.8823,-3.8161,-1.0666,0.0,0.0
1779988770357,1,11.0000004b,Drive,Loading,pitch.0,436455,-0.0411,-1.153,2.956,0.9967,-3.7512,-1.192,0.0,0.0
1779988770357,1,12.00000015,Lower Delivery,Loading,pitch.0,436190,-0.5451,-0.2436,0.4647,-0.0615,-0.0138,0.0002,0.0,0.0
1779988770357,1,12.00000018,Upper Delivery,Loading,pitch.0,437048,-0.1211,0.1694,0.479,-0.0884,-0.0304,-0.0012,0.0,0.0
1779988770357,1,Pitching Mound.Delivery,,Loading,pitch.0,435889,-0.6662,-0.0742,0.9437,-0.1547,-0.0442,0.1432,0.0,0.0
1779988770357,1,Pitching Mound.Drive,,Loading,pitch.0,436455,-0.0411,-1.153,2.956,0.9967,-3.7512,-1.192,0.0,0.0
1779988770357,1,Pitching Mound.Parent,,Loading,pitch.0,435510,-0.7073,-1.2272,3.8997,0.842,-3.7954,-1.0489,0.0,0.0
1779988770358,1,11.0000004b,Drive,Loading,pitch.0,436456,-0.0363,-1.1612,2.9675,1.0651,-3.6742,-1.2142,0.1648,0.0478
1779988770358,1,12.00000015,Lower Delivery,Loading,pitch.0,436191,-0.5584,-0.2635,0.4677,-0.0504,-0.0133,-0.0037,0.0,0.0
1779988770358,1,12.00000018,Upper Delivery,Loading,pitch.0,437049,-0.1505,0.1737,0.5475,-0.0884,-0.0304,-0.0012,0.0,0.0
1779988770358,1,Pitching Mound.Delivery,,Loading,pitch.0,435890,-0.7089,-0.0897,1.0152,-0.166,-0.0437,0.1338,0.0,0.0
1779988770358,1,Pitching Mound.Drive,,Loading,pitch.0,436456,-0.0363,-1.1612,2.9675,1.0651,-3.6742,-1.2142,0.1648,0.0478
1779988770358,1,Pitching Mound.Parent,,Loading,pitch.0,435511,-0.7452,-1.2509,3.9827,0.8992,-3.7179,-1.0804,0.0,0.0
1779988770359,1,11.0000004b,Drive,Loading,pitch.0,436457,-0.0222,-1.1485,2.9172,1.0255,-3.6274,-1.1943,0.0,0.0
1779988770359,1,12.00000015,Lower Delivery,Loading,pitch.0,436192,-0.5914,-0.2878,0.5072,-0.0305,-0.0072,-0.0053,0.0,0.0
1779988770359,1,12.00000018,Upper Delivery,Loading,pitch.0,437050,-0.0996,0.1435,0.3568,-0.0884,-0.0304,-0.0012,0.0,0.0
1779988770359,1,Pitching Mound.Delivery,,Loading,pitch.0,435891,-0.691,-0.1443,0.8641,-0.0677,-0.0376,0.1608,0.0,0.0
1779988770359,1,Pitching Mound.Drive,,Loading,pitch.0,436457,-0.0222,-1.1485,2.9172,1.0255,-3.6274,-1.1943,0.0,0.0
1779988770359,1,Pitching Mound.Parent,,Loading,pitch.0,435512,-0.7131,-1.2928,3.7813,0.9578,-3.665,-1.0335,0.0,0.0
1779988770360,1,11.0000004b,Drive,Loading,pitch.0,436458,-0.0049,-1.1132,2.8969,1.0181,-3.615,-1.1886,0.0,0.0
1779988770360,1,12.00000015,Lower Delivery,Loading,pitch.0,436193,-0.5802,-0.2877,0.496,-0.0306,-0.0035,-0.0033,0.0,0.0
1779988770360,1,12.00000018,Upper Delivery,Loading,pitch.0,437051,-0.0872,0.0854,0.1673,-0.0884,-0.0304,-0.0012,0.0,0.0
1779988770360,1,Pitching Mound.Delivery,,Loading,pitch.0,435892,-0.6675,-0.2024,0.6633,-0.0072,-0.0339,0.1631,0.0,0.0
1779988770360,1,Pitching Mound.Drive,,Loading,pitch.0,436458,-0.0049,-1.1132,2.8969,1.0181,-3.615,-1.1886,0.0,0.0
1779988770360,1,Pitching Mound.Parent,,Loading,pitch.0,435513,-0.6724,-1.3155,3.5602,1.0109,-3.6489,-1.0255,0.0,0.0
1779988770361,1,11.0000004b,Drive,Loading,pitch.0,436459,0.0065,-1.0918,2.9269,1.0271,-3.6383,-1.1702,0.0,0.0
1779988770361,1,12.00000015,Lower Delivery,Loading,pitch.0,436194,-0.5966,-0.295,0.5378,-0.036,0.0049,-0.0019,0.0,0.0
1779988770361,1,12.00000018,Upper Delivery,Loading,pitch.0,437052,-0.0658,0.0526,0.0209,-0.0884,-0.0304,-0.0012,0.0,0.0
1779988770361,1,Pitching Mound.Delivery,,Loading,pitch.0,435893,-0.6624,-0.2424,0.5586,0.0514,-0.0254,0.1774,0.0,0.0
1779988770361,1,Pitching Mound.Drive,,Loading,pitch.0,436459,0.0065,-1.0918,2.9269,1.0271,-3.6383,-1.1702,0.0,0.0
1779988770361,1,Pitching Mound.Parent,,Loading,pitch.0,435514,-0.6558,-1.3342,3.4856,1.0785,-3.6637,-0.9929,0.0,0.0
1779988770362,1,11.0000004b,Drive,Loading,pitch.0,436460,0.0424,-1.0278,2.923,1.0419,-3.6665,-1.1878,0.0,0.0
1779988770362,1,12.00000015,Lower Delivery,Loading,pitch.0,436195,-0.5935,-0.3161,0.536,-0.0383,0.0088,-0.0035,0.0,0.0
1779988770362,1,12.00000018,Upper Delivery,Loading,pitch.0,437053,-0.0685,0.0516,0.0305,-0.0884,-0.0304,-0.0012,0.0,0.0
1779988770362,1,Pitching Mound.Delivery,,Loading,pitch.0,435894,-0.6619,-0.2645,0.5665,0.0452,-0.0216,0.1738,0.0,0.0
1779988770362,1,Pitching Mound.Drive,,Loading,pitch.0,436460,0.0424,-1.0278,2.923,1.0419,-3.6665,-1.1878,0.0,0.0
1779988770362,1,Pitching Mound.Parent,,Loading,pitch.0,435515,-0.6195,-1.2923,3.4896,1.0872,-3.6881,-1.0139,0.0,0.0
1779988770363,1,11.0000004b,Drive,Loading,pitch.0,436461,0.0779,-0.992,2.9281,1.0378,-3.7344,-1.2109,0.0,0.0
1779988770363,1,12.00000015,Lower Delivery,Loading,pitch.0,436196,-0.6055,-0.3121,0.5563,-0.0339,0.0084,-0.0034,0.0,0.0
1779988770363,1,12.00000018,Upper Delivery,Loading,pitch.0,437054,-0.0649,0.0559,0.0178,-0.0884,-0.0304,-0.0012,0.0,0.0
1779988770363,1,Pitching Mound.Delivery,,Loading,pitch.0,435895,-0.6704,-0.2562,0.5741,0.0609,-0.022,0.1792,0.0,0.0
1779988770363,1,Pitching Mound.Drive,,Loading,pitch.0,436461,0.0779,-0.992,2.9281,1.0378,-3.7344,-1.2109,0.0,0.0
1779988770363,1,Pitching Mound.Parent,,Loading,pitch.0,435516,-0.5924,-1.2482,3.5022,1.0987,-3.7564,-1.0317,0.0,0.0
1779988770364,1,11.0000004b,Drive,Loading,pitch.0,436462,0.1355,-0.9229,2.9036,1.0413,-3.8894,-1.201,0.0,0.0
1779988770364,1,12.00000015,Lower Delivery,Loading,pitch.0,436197,-0.6148,-0.327,0.5317,-0.0427,0.0107,-0.0022,0.0,0.0
1779988770364,1,12.00000018,Upper Delivery,Loading,pitch.0,437055,-0.0662,0.0551,0.0276,-0.0884,-0.0304,-0.0012,0.0,0.0
1779988770364,1,Pitching Mound.Delivery,,Loading,pitch.0,435896,-0.6809,-0.2718,0.5593,0.0403,-0.0196,0.1832,0.0,0.0
1779988770364,1,Pitching Mound.Drive,,Loading,pitch.0,436462,0.1355,-0.9229,2.9036,1.0413,-3.8894,-1.201,0.0,0.0
1779988770364,1,Pitching Mound.Parent,,Loading,pitch.0,435517,-0.5454,-1.1947,3.4629,1.0816,-3.909,-1.0178,0.0,0.0
1779988770365,1,11.0000004b,Drive,Loading,pitch.0,436463,0.1758,-0.8725,2.9084,1.0864,-4.0017,-1.2186,0.0,0.0
1779988770365,1,12.00000015,Lower Delivery,Loading,pitch.0,436198,-0.6581,-0.3592,0.5469,-0.0327,0.0112,-0.0013,0.0,0.0
1779988770365,1,12.00000018,Upper Delivery,Loading,pitch.0,437056,-0.0659,0.0518,0.026,-0.0884,-0.0304,-0.0012,0.0,0.0
1779988770365,1,Pitching Mound.Delivery,,Loading,pitch.0,435897,-0.724,-0.3073,0.5728,0.056,-0.0192,0.1988,0.0,0.0
1779988770365,1,Pitching Mound.Drive,,Loading,pitch.0,436463,0.1758,-0.8725,2.9084,1.0864,-4.0017,-1.2186,0.0,0.0
1779988770365,1,Pitching Mound.Parent,,Loading,pitch.0,435518,-0.5482,-1.1799,3.4813,1.1424,-4.0209,-1.0198,0.0,0.0
1779988770366,1,11.0000004b,Drive,Loading,pitch.0,436464,0.2337,-0.8339,2.9421,1.1164,-4.1566,-1.1681,0.0,0.0
1779988770366,1,12.00000015,Lower Delivery,Loading,pitch.0,436199,-0.6757,-0.3504,0.5755,-0.0554,0.0005,-0.0031,0.0,0.0
1779988770366,1,12.00000018,Upper Delivery,Loading,pitch.0,437057,-0.0626,0.05,0.0259,-0.0884,-0.0304,-0.0012,0.0,0.0
1779988770366,1,Pitching Mound.Delivery,,Loading,pitch.0,435898,-0.7383,-0.3004,0.6014,0.0431,-0.0298,0.2041,0.0,0.0
1779988770366,1,Pitching Mound.Drive,,Loading,pitch.0,436464,0.2337,-0.8339,2.9421,1.1164,-4.1566,-1.1681,0.0,0.0
1779988770366,1,Pitching Mound.Parent,,Loading,pitch.0,435519,-0.5046,-1.1344,3.5435,1.1596,-4.1864,-0.964,0.0,0.0
1779988770367,1,11.0000004b,Drive,Loading,pitch.0,436465,0.3114,-0.7983,3.0519,1.1894,-4.3822,-1.1359,0.1912,0.0519
1779988770367,1,12.00000015,Lower Delivery,Loading,pitch.0,436200,-0.6697,-0.3439,0.5634,-0.0573,0.0061,-0.0014,0.0,0.0
1779988770367,1,12.00000018,Upper Delivery,Loading,pitch.0,437058,-0.0656,0.0499,0.0376,-0.0884,-0.0304,-0.0012,0.0,0.0
1779988770367,1,Pitching Mound.Delivery,,Loading,pitch.0,435899,-0.7353,-0.294,0.601,0.0331,-0.0243,0.2027,0.0,0.0
1779988770367,1,Pitching Mound.Drive,,Loading,pitch.0,436465,0.3114,-0.7983,3.0519,1.1894,-4.3822,-1.1359,0.1912,0.0519
1779988770367,1,Pitching Mound.Parent,,Loading,pitch.0,435520,-0.4239,-1.0923,3.6529,1.2225,-4.4065,-0.9331,0.0,0.0
1779988770368,1,11.0000004b,Drive,Loading,pitch.0,436466,0.3717,-0.7355,3.1649,1.2693,-4.4875,-1.1009,0.1888,0.0534
1779988770368,1,12.00000015,Lower Delivery,Loading,pitch.0,436201,-0.6996,-0.3363,0.5631,-0.0704,0.0013,-0.0004,0.0,0.0
1779988770368,1,12.00000018,Upper Delivery,Loading,pitch.0,437059,-0.0613,0.0516,0.0255,-0.0884,-0.0304,-0.0012,0.0,0.0
1779988770368,1,Pitching Mound.Delivery,,Loading,pitch.0,435900,-0.7609,-0.2847,0.5886,0.024,-0.0291,0.2154,0.0,0.0
1779988770368,1,Pitching Mound.Drive,,Loading,pitch.0,436466,0.3717,-0.7355,3.1649,1.2693,-4.4875,-1.1009,0.1888,0.0534
1779988770368,1,Pitching Mound.Parent,,Loading,pitch.0,435521,-0.3892,-1.0203,3.7534,1.2934,-4.5166,-0.8855,0.0,0.0
1779988770369,1,11.0000004b,Drive,Loading,pitch.0,436467,0.4005,-0.7339,3.1951,1.2291,-4.3511,-1.0908,0.1813,0.0512
1779988770369,1,12.00000015,Lower Delivery,Loading,pitch.0,436202,-0.6683,-0.3195,0.5249,-0.0743,0.0074,0.0013,0.0,0.0
1779988770369,1,12.00000018,Upper Delivery,Loading,pitch.0,437060,-0.0565,0.0534,0.0304,-0.0884,-0.0304,-0.0012,0.0,0.0
1779988770369,1,Pitching Mound.Delivery,,Loading,pitch.0,435901,-0.7247,-0.2661,0.5553,0.0054,-0.023,0.2081,0.0,0.0
1779988770369,1,Pitching Mound.Drive,,Loading,pitch.0,436467,0.4005,-0.7339,3.1951,1.2291,-4.3511,-1.0908,0.1813,0.0512
1779988770369,1,Pitching Mound.Parent,,Loading,pitch.0,435522,-0.3243,-1.0,3.7504,1.2345,-4.3741,-0.8827,0.0,0.0
1779988770370,1,11.0000004b,Drive,Loading,pitch.0,436468,0.4266,-0.7404,3.3071,1.2796,-4.4286,-1.0821,0.1783,0.0515
1779988770370,1,12.00000015,Lower Delivery,Loading,pitch.0,436203,-0.698,-0.2953,0.5688,-0.0828,0.0014,0.0002,0.0,0.0
1779988770370,1,12.00000018,Upper Delivery,Loading,pitch.0,437061,-0.0541,0.0519,0.0202,-0.0884,-0.0304,-0.0012,0.0,0.0
1779988770370,1,Pitching Mound.Delivery,,Loading,pitch.0,435902,-0.7521,-0.2434,0.5889,0.0153,-0.0289,0.2179,0.0,0.0
1779988770370,1,Pitching Mound.Drive,,Loading,pitch.0,436468,0.4266,-0.7404,3.3071,1.2796,-4.4286,-1.0821,0.1783,0.0515
1779988770370,1,Pitching Mound.Parent,,Loading,pitch.0,435523,-0.3256,-0.9839,3.8961,1.295,-4.4576,-0.8642,0.0,0.0
1779988770371,1,11.0000004b,Drive,Loading,pitch.0,436469,0.4018,-0.7244,3.357,1.281,-4.2359,-1.0753,0.168,0.0508
1779988770371,1,12.00000015,Lower Delivery,Loading,pitch.0,436204,-0.7152,-0.2873,0.5941,-0.0775,-0.008,-0.0028,0.0,0.0
1779988770371,1,12.00000018,Upper Delivery,Loading,pitch.0,437062,-0.0524,0.0551,0.0255,-0.0884,-0.0304,-0.0012,0.0,0.0
1779988770371,1,Pitching Mound.Delivery,,Loading,pitch.0,435903,-0.7675,-0.2322,0.6196,0.0274,-0.0384,0.2213,0.0,0.0
1779988770371,1,Pitching Mound.Drive,,Loading,pitch.0,436469,0.4018,-0.7244,3.357,1.281,-4.2359,-1.0753,0.168,0.0508
1779988770371,1,Pitching Mound.Parent,,Loading,pitch.0,435524,-0.3658,-0.9566,3.9766,1.3084,-4.2743,-0.854,0.0,0.0
1779988770372,1,11.0000004b,Drive,Loading,pitch.0,436470,0.4038,-0.7317,3.3445,1.2588,-4.0256,-1.076,0.1602,0.0501
1779988770372,1,12.00000015,Lower Delivery,Loading,pitch.0,436205,-0.7096,-0.2762,0.5942,-0.0672,-0.0116,-0.0048,0.0,0.0
1779988770372,1,12.00000018,Upper Delivery,Loading,pitch.0,437063,-0.0496,0.0528,0.0133,-0.0884,-0.0304,-0.0012,0.0,0.0
1779988770372,1,Pitching Mound.Delivery,,Loading,pitch.0,435904,-0.7592,-0.2235,0.6075,0.042,-0.0419,0.2184,0.0,0.0
1779988770372,1,Pitching Mound.Drive,,Loading,pitch.0,436470,0.4038,-0.7317,3.3445,1.2588,-4.0256,-1.076,0.1602,0.0501
1779988770372,1,Pitching Mound.Parent,,Loading,pitch.0,435525,-0.3554,-0.9551,3.952,1.3008,-4.0675,-0.8576,0.0,0.0
1779988770373,1,11.0000004b,Drive,Loading,pitch.0,436471,0.3342,-0.7428,3.2662,1.3092,-3.9419,-1.0724,0.1607,0.0534
1779988770373,1,12.00000015,Lower Delivery,Loading,pitch.0,436206,-0.7341,-0.2565,0.6357,-0.0787,-0.0169,-0.0039,0.0,0.0
1779988770373,1,12.00000018,Upper Delivery,Loading,pitch.0,437064,-0.0518,0.0516,0.0171,-0.0884,-0.0304,-0.0012,0.0,0.0
1779988770373,1,Pitching Mound.Delivery,,Loading,pitch.0,435905,-0.7859,-0.2049,0.6528,0.0432,-0.0472,0.2268,0.0,0.0
1779988770373,1,Pitching Mound.Drive,,Loading,pitch.0,436471,0.3342,-0.7428,3.2662,1.3092,-3.9419,-1.0724,0.1607,0.0534
1779988770373,1,Pitching Mound.Parent,,Loading,pitch.0,435526,-0.4517,-0.9477,3.9191,1.3525,-3.9892,-0.8455,0.0,0.0
1779988770374,1,11.0000004b,Drive,Loading,pitch.0,436472,0.3214,-0.7414,3.2731,1.3347,-3.9988,-1.0318,0.1626,0.0543
1779988770374,1,12.00000015,Lower Delivery,Loading,pitch.0,436207,-0.6899,-0.2106,0.5966,-0.0873,-0.0217,-0.0038,0.0,0.0
1779988770374,1,12.00000018,Upper Delivery,Loading,pitch.0,437065,-0.0572,0.0476,0.0231,-0.0884,-0.0304,-0.0012,0.0,0.0
1779988770374,1,Pitching Mound.Delivery,,Loading,pitch.0,435906,-0.7471,-0.163,0.6196,0.0193,-0.0521,0.2101,0.0,0.0
1779988770374,1,Pitching Mound.Drive,,Loading,pitch.0,436472,0.3214,-0.7414,3.2731,1.3347,-3.9988,-1.0318,0.1626,0.0543
1779988770374,1,Pitching Mound.Parent,,Loading,pitch.0,435527,-0.4256,-0.9044,3.8928,1.354,-4.0509,-0.8217,0.0,0.0
1779988770375,1,11.0000004b,Drive,Loading,pitch.0,436473,0.2794,-0.7435,3.1823,1.3446,-3.9404,-1.0328,0.1648,0.0563
1779988770375,1,12.00000015,Lower Delivery,Loading,pitch.0,436208,-0.6572,-0.2058,0.5734,-0.0896,-0.0278,-0.0052,0.0,0.0
1779988770375,1,12.00000018,Upper Delivery,Loading,pitch.0,437066,-0.0596,0.0459,0.0265,-0.0884,-0.0304,-0.0012,0.0,0.0
1779988770375,1,Pitching Mound.Delivery,,Loading,pitch.0,435907,-0.7167,-0.1598,0.5999,0.008,-0.0582,0.1968,0.0,0.0
1779988770375,1,Pitching Mound.Drive,,Loading,pitch.0,436473,0.2794,-0.7435,3.1823,1.3446,-3.9404,-1.0328,0.1648,0.0563
1779988770375,1,Pitching Mound.Parent,,Loading,pitch.0,435528,-0.4373,-0.9033,3.7822,1.3526,-3.9985,-0.836,0.0,0.0
1779988770376,1,11.0000004b,Drive,Loading,pitch.0,436474,0.2823,-0.7161,3.2052,1.3553,-3.8877,-1.0245,0.1615,0.0563
1779988770376,1,12.00000015,Lower Delivery,Loading,pitch.0,436209,-0.6155,-0.1629,0.5521,-0.0963,-0.0386,-0.0067,0.0,0.0
1779988770376,1,12.00000018,Upper Delivery,Loading,pitch.0,437067,-0.0573,0.0519,0.0177,-0.0884,-0.0304,-0.0012,0.0,0.0
1779988770376,1,Pitching Mound.Delivery,,Loading,pitch.0,435908,-0.6728,-0.111,0.5698,-0.003,-0.069,0.1819,0.0,0.0
1779988770376,1,Pitching Mound.Drive,,Loading,pitch.0,436474,0.2823,-0.7161,3.2052,1.3553,-3.8877,-1.0245,0.1615,0.0563
1779988770376,1,Pitching Mound.Parent,,Loading,pitch.0,435529,-0.3905,-0.8271,3.775,1.3523,-3.9567,-0.8426,0.0,0.0
1779988770377,1,11.0000004b,Drive,Loading,pitch.0,436475,0.3181,-0.6617,3.2024,1.3499,-3.9614,-1.0307,0.1647,0.0561
1779988770377,1,12.00000015,Lower Delivery,Loading,pitch.0,436210,-0.5392,-0.1765,0.4556,-0.0816,-0.033,-0.0064,0.0,0.0
1779988770377,1,12.00000018,Upper Delivery,Loading,pitch.0,437068,-0.053,0.0542,0.006,-0.0884,-0.0304,-0.0012,0.0,0.0
1779988770377,1,Pitching Mound.Delivery,,Loading,pitch.0,435909,-0.5922,-0.1224,0.4616,-0.0171,-0.0633,0.1577,0.0,0.0
1779988770377,1,Pitching Mound.Drive,,Loading,pitch.0,436475,0.3181,-0.6617,3.2024,1.3499,-3.9614,-1.0307,0.1647,0.0561
1779988770377,1,Pitching Mound.Parent,,Loading,pitch.0,435530,-0.2741,-0.7841,3.6639,1.3328,-4.0248,-0.873,0.0,0.0
1779988770378,1,11.0000004b,Drive,Loading,pitch.0,436476,0.3336,-0.599,3.1995,1.3717,-3.9792,-1.0677,0.1656,0.0571
1779988770378,1,12.00000015,Lower Delivery,Loading,pitch.0,436211,-0.5422,-0.1655,0.4615,-0.0794,-0.0251,-0.0037,0.0,0.0
1779988770378,1,12.00000018,Upper Delivery,Loading,pitch.0,437069,-0.0547,0.0547,0.0079,-0.0884,-0.0304,-0.0012,0.0,0.0
1779988770378,1,Pitching Mound.Delivery,,Loading,pitch.0,435910,-0.5969,-0.1108,0.4695,-0.0135,-0.0555,0.1609,0.0,0.0
1779988770378,1,Pitching Mound.Drive,,Loading,pitch.0,436476,0.3336,-0.599,3.1995,1.3717,-3.9792,-1.0677,0.1656,0.0571
1779988770378,1,Pitching Mound.Parent,,Loading,pitch.0,435531,-0.2633,-0.7098,3.6689,1.3582,-4.0347,-0.9068,0.0,0.0
1779988770379,1,11.0000004b,Drive,Loading,pitch.0,436477,0.3722,-0.5356,3.1661,1.3232,-4.012,-1.032,0.1687,0.0556
1779988770379,1,12.00000015,Lower Delivery,Loading,pitch.0,436212,-0.4977,-0.175,0.4197,-0.0759,-0.0328,-0.007,0.0,0.0
1779988770379,1,12.00000018,Upper Delivery,Loading,pitch.0,437070,-0.0567,0.0563,0.0235,-0.0884,-0.0304,-0.0012,0.0,0.0
1779988770379,1,Pitching Mound.Delivery,,Loading,pitch.0,435911,-0.5543,-0.1187,0.4432,-0.0296,-0.0632,0.1418,0.0,0.0
1779988770379,1,Pitching Mound.Drive,,Loading,pitch.0,436477,0.3722,-0.5356,3.1661,1.3232,-4.012,-1.032,0.1687,0.0556
1779988770379,1,Pitching Mound.Parent,,Loading,pitch.0,435532,-0.1821,-0.6543,3.6093,1.2936,-4.0751,-0.8902,0.0,0.0
1779988770380,1,11.0000004b,Drive,Loading,pitch.0,436478,0.4345,-0.4732,3.149,1.3922,-4.1671,-1.0033,0.1762,0.0589
1779988770380,1,12.00000015,Lower Delivery,Loading,pitch.0,436213,-0.5027,-0.2029,0.4116,-0.0721,-0.0329,-0.0079,0.0,0.0
1779988770380,1,12.00000018,Upper Delivery,Loading,pitch.0,437071,-0.0577,0.0565,0.0249,-0.0884,-0.0304,-0.0012,0.0,0.0
1779988770380,1,Pitching Mound.Delivery,,Loading,pitch.0,435912,-0.5604,-0.1464,0.4365,-0.029,-0.0633,0.1422,0.0,0.0
1779988770380,1,Pitching Mound.Drive,,Loading,pitch.0,436478,0.4345,-0.4732,3.149,1.3922,-4.1671,-1.0033,0.1762,0.0589
1779988770380,1,Pitching Mound.Parent,,Loading,pitch.0,435533,-0.1259,-0.6196,3.5855,1.3633,-4.2304,-0.8612,0.0,0.0
1779988770381,1,11.0000004b,Drive,Loading,pitch.0,436479,0.5356,-0.416,3.0532,1.399,-4.0778,-0.9626,0.1778,0.061
1779988770381,1,12.00000015,Lower Delivery,Loading,pitch.0,436214,-0.4718,-0.2416,0.3736,-0.0708,-0.0303,-0.0075,0.0,0.0
1779988770381,1,12.00000018,Upper Delivery,Loading,pitch.0,437072,-0.0576,0.0553,0.0249,-0.0884,-0.0304,-0.0012,0.0,0.0
1779988770381,1,Pitching Mound.Delivery,,Loading,pitch.0,435913,-0.5294,-0.1864,0.3984,-0.0406,-0.0607,0.1321,0.0,0.0
1779988770381,1,Pitching Mound.Drive,,Loading,pitch.0,436479,0.5356,-0.416,3.0532,1.399,-4.0778,-0.9626,0.1778,0.061
1779988770381,1,Pitching Mound.Parent,,Loading,pitch.0,435534,0.0062,-0.6024,3.4516,1.3584,-4.1385,-0.8304,0.0,0.0
1779988770382,1,11.0000004b,Drive,Loading,pitch.0,436480,0.6139,-0.3469,3.047,1.4391,-3.9581,-0.8998,0.1729,0.0629
1779988770382,1,12.00000015,Lower Delivery,Loading,pitch.0,436215,-0.4707,-0.2443,0.3714,-0.0617,-0.0249,-0.0065,0.0,0.0
1779988770382,1,12.00000018,Upper Delivery,Loading,pitch.0,437073,-0.0577,0.0599,0.0239,-0.0884,-0.0304,-0.0012,0.0,0.0
1779988770382,1,Pitching Mound.Delivery,,Loading,pitch.0,435914,-0.5283,-0.1844,0.3952,-0.0319,-0.0552,0.1328,0.0,0.0
1779988770382,1,Pitching Mound.Drive,,Loading,pitch.0,436480,0.6139,-0.3469,3.047,1.4391,-3.9581,-0.8998,0.1729,0.0629
1779988770382,1,Pitching Mound.Parent,,Loading,pitch.0,435535,0.0855,-0.5313,3.4422,1.4072,-4.0133,-0.7671,0.0,0.0
1779988770383,1,11.0000004b,Drive,Loading,pitch.0,436481,0.7277,-0.2762,3.4339,1.6149,-3.8977,-0.8148,0.1511,0.0626
1779988770383,1,12.00000015,Lower Delivery,Loading,pitch.0,436216,-0.4474,-0.2847,0.3138,-0.0547,-0.0299,-0.0075,0.0,0.0
1779988770383,1,12.00000018,Upper Delivery,Loading,pitch.0,437074,-0.0583,0.0578,0.0414,-0.0884,-0.0304,-0.0012,0.0,0.0
1779988770383,1,Pitching Mound.Delivery,,Loading,pitch.0,435915,-0.5057,-0.2269,0.3552,-0.0504,-0.0603,0.1236,0.0,0.0
1779988770383,1,Pitching Mound.Drive,,Loading,pitch.0,436481,0.7277,-0.2762,3.4339,1.6149,-3.8977,-0.8148,0.1511,0.0626
1779988770383,1,Pitching Mound.Parent,,Loading,pitch.0,435536,0.2219,-0.5031,3.7891,1.5645,-3.958,-0.6912,0.0,0.0
1779988770384,1,11.0000004b,Drive,Loading,pitch.0,436482,0.8404,-0.1367,3.7807,1.7986,-3.5527,-0.7464,0.1251,0.0633
1779988770384,1,12.00000015,Lower Delivery,Loading,pitch.0,436217,-0.4966,-0.2787,0.3706,-0.0352,-0.0193,-0.0097,0.0,0.0
1779988770384,1,12.00000018,Upper Delivery,Loading,pitch.0,437075,-0.0552,0.058,0.0156,-0.0884,-0.0304,-0.0012,0.0,0.0
1779988770384,1,Pitching Mound.Delivery,,Loading,pitch.0,435916,-0.5518,-0.2207,0.3861,-0.0029,-0.0497,0.1392,0.0,0.0
1779988770384,1,Pitching Mound.Drive,,Loading,pitch.0,436482,0.8404,-0.1367,3.7807,1.7986,-3.5527,-0.7464,0.1251,0.0633
1779988770384,1,Pitching Mound.Parent,,Loading,pitch.0,435537,0.2886,-0.3574,4.1668,1.7957,-3.6023,-0.6072,0.0,0.0
1779988770385,1,11.0000004b,Drive,Loading,pitch.0,436483,0.9584,0.0493,4.4288,1.9742,-3.4893,-0.6073,0.1049,0.0593
1779988770385,1,12.00000015,Lower Delivery,Loading,pitch.0,436218,-0.5525,-0.3132,0.4293,-0.0314,-0.0173,-0.0111,0.0,0.0
1779988770385,1,12.00000018,Upper Delivery,Loading,pitch.0,437076,-0.0579,0.0583,0.0301,-0.0884,-0.0304,-0.0012,0.0,0.0
1779988770385,1,Pitching Mound.Delivery,,Loading,pitch.0,435917,-0.6104,-0.2549,0.4594,0.016,-0.0477,0.1558,0.0,0.0
1779988770385,1,Pitching Mound.Drive,,Loading,pitch.0,436483,0.9584,0.0493,4.4288,1.9742,-3.4893,-0.6073,0.1049,0.0593
1779988770385,1,Pitching Mound.Parent,,Loading,pitch.0,435538,0.348,-0.2056,4.8882,1.9902,-3.537,-0.4515,0.0,0.0
1779988770386,1,11.0000004b,Drive,Loading,pitch.0,436484,0.9956,0.1889,4.836,1.9707,-3.6364,-0.4979,0.1001,0.0542
1779988770386,1,12.00000015,Lower Delivery,Loading,pitch.0,436219,-0.5927,-0.3077,0.4853,-0.0111,-0.0112,-0.0097,0.0,0.0
1779988770386,1,12.00000018,Upper Delivery,Loading,pitch.0,437077,-0.0639,0.0572,0.0385,-0.0884,-0.0304,-0.0012,0.0,0.0
1779988770386,1,Pitching Mound.Delivery,,Loading,pitch.0,435918,-0.6566,-0.2505,0.5238,0.0524,-0.0416,0.1689,0.0,0.0
1779988770386,1,Pitching Mound.Drive,,Loading,pitch.0,436484,0.9956,0.1889,4.836,1.9707,-3.6364,-0.4979,0.1001,0.0542
1779988770386,1,Pitching Mound.Parent,,Loading,pitch.0,435539,0.3389,-0.0617,5.3598,2.0231,-3.678,-0.329,0.0,0.0
1779988770387,1,11.0000004b,Drive,Loading,pitch.0,436485,0.9964,0.2925,4.9642,1.8492,-3.7199,-0.3944,0.0998,0.0496
1779988770387,1,12.00000015,Lower Delivery,Loading,pitch.0,436220,-0.594,-0.3127,0.4927,-0.0053,-0.0084,-0.0088,0.0,0.0
1779988770387,1,12.00000018,Upper Delivery,Loading,pitch.0,437078,-0.0664,0.0534,0.0373,-0.0884,-0.0304,-0.0012,0.0,0.0
1779988770387,1,Pitching Mound.Delivery,,Loading,pitch.0,435919,-0.6604,-0.2593,0.53,0.0612,-0.0388,0.1694,0.0,0.0
1779988770387,1,Pitching Mound.Drive,,Loading,pitch.0,436485,0.9964,0.2925,4.9642,1.8492,-3.7199,-0.3944,0.0998,0.0496
1779988770387,1,Pitching Mound.Parent,,Loading,pitch.0,435540,0.336,0.0332,5.4942,1.9103,-3.7587,-0.2251,0.0,0.0
1779988770388,1,11.0000004b,Drive,Loading,pitch.0,436486,0.9092,0.385,5.1281,1.7241,-3.9329,-0.3004,0.1021,0.0448
1779988770388,1,12.00000015,Lower Delivery,Loading,pitch.0,436221,-0.5834,-0.308,0.4733,-0.0188,-0.012,-0.0069,0.0,0.0
1779988770388,1,12.00000018,Upper Delivery,Loading,pitch.0,437079,-0.0673,0.0527,0.0361,-0.0884,-0.0304,-0.0012,0.0,0.0
1779988770388,1,Pitching Mound.Delivery,,Loading,pitch.0,435920,-0.6507,-0.2552,0.5094,0.0414,-0.0424,0.1674,0.0,0.0
1779988770388,1,Pitching Mound.Drive,,Loading,pitch.0,436486,0.9092,0.385,5.1281,1.7241,-3.9329,-0.3004,0.1021,0.0448
1779988770388,1,Pitching Mound.Parent,,Loading,pitch.0,435541,0.2585,0.1298,5.6375,1.7656,-3.9753,-0.133,0.0,0.0
1779988770389,1,11.0000004b,Drive,Loading,pitch.0,436487,0.788,0.4313,5.1701,1.6385,-3.9287,-0.2429,0.1012,0.0422
1779988770389,1,12.00000015,Lower Delivery,Loading,pitch.0,436222,-0.578,-0.309,0.468,-0.0198,-0.0128,-0.007,0.0,0.0
1779988770389,1,12.00000018,Upper Delivery,Loading,pitch.0,437080,-0.0651,0.0533,0.03,-0.0884,-0.0304,-0.0012,0.0,0.0
1779988770389,1,Pitching Mound.Delivery,,Loading,pitch.0,435921,-0.6431,-0.2556,0.498,0.0408,-0.0431,0.1662,0.0,0.0
1779988770389,1,Pitching Mound.Drive,,Loading,pitch.0,436487,0.788,0.4313,5.1701,1.6385,-3.9287,-0.2429,0.1012,0.0422
1779988770389,1,Pitching Mound.Parent,,Loading,pitch.0,435542,0.1449,0.1757,5.6681,1.6793,-3.9718,-0.0767,0.0,0.0
1779988770390,1,11.0000004b,Drive,Loading,pitch.0,436488,0.6331,0.4716,5.4863,1.4859,-4.1212,-0.1859,0.1,0.0361
1779988770390,1,12.00000015,Lower Delivery,Loading,pitch.0,436223,-0.5704,-0.3105,0.4664,-0.0186,-0.0093,-0.0052,0.0,0.0
1779988770390,1,12.00000018,Upper Delivery,Loading,pitch.0,437081,-0.0636,0.0558,0.0336,-0.0884,-0.0304,-0.0012,0.0,0.0
1779988770390,1,Pitching Mound.Delivery,,Loading,pitch.0,435922,-0.634,-0.2547,0.5001,0.0402,-0.0397,0.1659,0.0,0.0
1779988770390,1,Pitching Mound.Drive,,Loading,pitch.0,436488,0.6331,0.4716,5.4863,1.4859,-4.1212,-0.1859,0.1,0.0361
1779988770390,1,Pitching Mound.Parent,,Loading,pitch.0,435543,-0.0008,0.2169,5.9863,1.5261,-4.1609,-0.02,0.0,0.0
1779988770391,1,11.0000004b,Drive,Loading,pitch.0,436489,0.4836,0.4434,5.6222,1.3268,-4.1938,-0.1565,0.0993,0.0314
1779988770391,1,12.00000015,Lower Delivery,Loading,pitch.0,436224,-0.5396,-0.2989,0.4204,-0.0192,-0.007,-0.0054,0.0,0.0
1779988770391,1,12.00000018,Upper Delivery,Loading,pitch.0,437082,-0.0611,0.0513,0.0324,-0.0884,-0.0304,-0.0012,0.0,0.0
1779988770391,1,Pitching Mound.Delivery,,Loading,pitch.0,435923,-0.6007,-0.2476,0.4528,0.0243,-0.0373,0.1561,0.0,0.0
1779988770391,1,Pitching Mound.Drive,,Loading,pitch.0,436489,0.4836,0.4434,5.6222,1.3268,-4.1938,-0.1565,0.0993,0.0314
1779988770391,1,Pitching Mound.Parent,,Loading,pitch.0,435544,-0.117,0.1958,6.075,1.3511,-4.2311,-0.0004,0.0,0.0
1779988770392,1,11.0000004b,Drive,Loading,pitch.0,436490,0.2899,0.4398,5.758,1.2627,-4.3606,-0.1378,0.1008,0.0292
1779988770392,1,12.00000015,Lower Delivery,Loading,pitch.0,436225,-0.4996,-0.2521,0.3804,-0.0415,-0.0131,-0.0027,0.0,0.0
1779988770392,1,12.00000018,Upper Delivery,Loading,pitch.0,437083,-0.0603,0.0544,0.0349,-0.0884,-0.0304,-0.0012,0.0,0.0
1779988770392,1,Pitching Mound.Delivery,,Loading,pitch.0,435924,-0.5599,-0.1977,0.4153,-0.0124,-0.0434,0.1455,0.0,0.0
1779988770392,1,Pitching Mound.Drive,,Loading,pitch.0,436490,0.2899,0.4398,5.758,1.2627,-4.3606,-0.1378,0.1008,0.0292
1779988770392,1,Pitching Mound.Parent,,Loading,pitch.0,435545,-0.27,0.2421,6.1733,1.2503,-4.4041,0.0077,0.0,0.0
1779988770393,1,11.0000004b,Drive,Loading,pitch.0,436491,0.1285,0.4471,5.9506,1.2027,-4.4044,-0.0913,0.0985,0.0269
1779988770393,1,12.00000015,Lower Delivery,Loading,pitch.0,436226,-0.494,-0.2553,0.3712,-0.0435,-0.0177,-0.0028,0.0,0.0
1779988770393,1,12.00000018,Upper Delivery,Loading,pitch.0,437084,-0.0605,0.0548,0.0457,-0.0884,-0.0304,-0.0012,0.0,0.0
1779988770393,1,Pitching Mound.Delivery,,Loading,pitch.0,435925,-0.5545,-0.2004,0.4169,-0.0213,-0.048,0.1433,0.0,0.0
1779988770393,1,Pitching Mound.Drive,,Loading,pitch.0,436491,0.1285,0.4471,5.9506,1.2027,-4.4044,-0.0913,0.0985,0.0269
1779988770393,1,Pitching Mound.Parent,,Loading,pitch.0,435546,-0.426,0.2467,6.3675,1.1815,-4.4524,0.052,0.0,0.0
1779988770394,1,11.0000004b,Drive,Loading,pitch.0,436492,-0.038,0.4617,6.0404,1.1652,-4.5572,-0.0529,0.1004,0.0257
1779988770394,1,12.00000015,Lower Delivery,Loading,pitch.0,436227,-0.4418,-0.2403,0.3318,-0.0546,-0.0151,0.0,0.0,0.0
1779988770394,1,12.00000018,Upper Delivery,Loading,pitch.0,437085,-0.0609,0.0489,0.0419,-0.0884,-0.0304,-0.0012,0.0,0.0
1779988770394,1,Pitching Mound.Delivery,,Loading,pitch.0,435926,-0.5026,-0.1915,0.3737,-0.0444,-0.0454,0.1283,0.0,0.0
1779988770394,1,Pitching Mound.Drive,,Loading,pitch.0,436492,-0.038,0.4617,6.0404,1.1652,-4.5572,-0.0529,0.1004,0.0257
1779988770394,1,Pitching Mound.Parent,,Loading,pitch.0,435547,-0.5406,0.2703,6.4141,1.1208,-4.6027,0.0754,0.0,0.0
1779988770395,1,11.0000004b,Drive,Loading,pitch.0,436493,-0.1655,0.4465,6.1654,1.1986,-4.6145,-0.0524,0.0996,0.0259
1779988770395,1,12.00000015,Lower Delivery,Loading,pitch.0,436228,-0.4508,-0.2057,0.3615,-0.0664,-0.0161,0.0012,0.0,0.0
1779988770395,1,12.00000018,Upper Delivery,Loading,pitch.0,437086,-0.0616,0.0494,0.0432,-0.0884,-0.0304,-0.0012,0.0,0.0
1779988770395,1,Pitching Mound.Delivery,,Loading,pitch.0,435927,-0.5124,-0.1563,0.4047,-0.0466,-0.0465,0.1324,0.0,0.0
1779988770395,1,Pitching Mound.Drive,,Loading,pitch.0,436493,-0.1655,0.4465,6.1654,1.1986,-4.6145,-0.0524,0.0996,0.0259
1779988770395,1,Pitching Mound.Parent,,Loading,pitch.0,435548,-0.678,0.2902,6.5701,1.1521,-4.661,0.0799,0.0,0.0
1779988770396,1,11.0000004b,Drive,Loading,pitch.0,436494,-0.2933,0.4876,6.3152,1.2315,-4.6726,-0.0472,0.0985,0.026
1779988770396,1,12.00000015,Lower Delivery,Loading,pitch.0,436229,-0.4187,-0.2465,0.3157,-0.0691,-0.0221,-0.0006,0.0,0.0
1779988770396,1,12.00000018,Upper Delivery,Loading,pitch.0,437087,-0.0653,0.0429,0.0414,-0.0884,-0.0304,-0.0012,0.0,0.0
1779988770396,1,Pitching Mound.Delivery,,Loading,pitch.0,435928,-0.484,-0.2036,0.3571,-0.0642,-0.0525,0.1184,0.0,0.0
1779988770396,1,Pitching Mound.Drive,,Loading,pitch.0,436494,-0.2933,0.4876,6.3152,1.2315,-4.6726,-0.0472,0.0985,0.026
1779988770396,1,Pitching Mound.Parent,,Loading,pitch.0,435549,-0.7773,0.284,6.6723,1.1673,-4.7251,0.0712,0.0,0.0
1779988770397,1,11.0000004b,Drive,Loading,pitch.0,436495,-0.3549,0.5563,6.3517,1.4398,-4.6093,-0.0407,0.0966,0.0302
1779988770397,1,12.00000015,Lower Delivery,Loading,pitch.0,436230,-0.4472,-0.2672,0.3382,-0.0656,-0.0223,-0.0009,0.0,0.0
1779988770397,1,12.00000018,Upper Delivery,Loading,pitch.0,437088,-0.0628,0.0413,0.0281,-0.0884,-0.0304,-0.0012,0.0,0.0
1779988770397,1,Pitching Mound.Delivery,,Loading,pitch.0,435929,-0.51,-0.2259,0.3662,-0.0485,-0.0527,0.1286,0.0,0.0
1779988770397,1,Pitching Mound.Drive,,Loading,pitch.0,436495,-0.3549,0.5563,6.3517,1.4398,-4.6093,-0.0407,0.0966,0.0302
1779988770397,1,Pitching Mound.Parent,,Loading,pitch.0,435550,-0.8649,0.3304,6.7179,1.3913,-4.6619,0.0879,0.0,0.0
1779988770398,1,11.0000004b,Drive,Loading,pitch.0,436496,-0.4168,0.658,6.6779,1.5488,-4.642,-0.0492,0.0925,0.0309
1779988770398,1,12.00000015,Lower Delivery,Loading,pitch.0,436231,-0.4502,-0.2813,0.3384,-0.0568,-0.0194,-0.0013,0.0,0.0
1779988770398,1,12.00000018,Upper Delivery,Loading,pitch.0,437090,-0.0606,0.0407,0.0137,-0.0884,-0.0304,-0.0012,0.0,0.0
1779988770398,1,12.00000018,Upper Delivery,Loading,pitch.0,437089,-0.0614,0.0403,0.0254,-0.0884,-0.0304,-0.0012,0.0,0.0
1779988770398,1,Pitching Mound.Delivery,,Loading,pitch.0,435930,-0.5117,-0.241,0.3639,-0.0387,-0.0498,0.1297,0.0,0.0
1779988770398,1,Pitching Mound.Drive,,Loading,pitch.0,436496,-0.4168,0.658,6.6779,1.5488,-4.642,-0.0492,0.0925,0.0309
1779988770398,1,Pitching Mound.Parent,,Loading,pitch.0,435551,-0.9285,0.4171,7.0418,1.5101,-4.6917,0.0805,0.0,0.0
1779988770399,1,11.0000004b,Drive,Loading,pitch.0,436497,-0.4229,0.7642,6.8931,1.6594,-4.7306,-0.0478,0.0914,0.032
1779988770399,1,12.00000015,Lower Delivery,Loading,pitch.0,436232,-0.4358,-0.3307,0.2988,-0.0562,-0.022,-0.0027,0.0,0.0
1779988770399,1,12.00000018,Upper Delivery,Loading,pitch.0,437091,-0.0632,0.042,0.0162,-0.0884,-0.0304,-0.0012,0.0,0.0
1779988770399,1,Pitching Mound.Delivery,,Loading,pitch.0,435931,-0.4964,-0.29,0.3125,-0.0476,-0.0523,0.1236,0.0,0.0
1779988770399,1,Pitching Mound.Drive,,Loading,pitch.0,436497,-0.4229,0.7642,6.8931,1.6594,-4.7306,-0.0478,0.0914,0.032
1779988770399,1,Pitching Mound.Parent,,Loading,pitch.0,435552,-0.9193,0.4742,7.2056,1.6118,-4.7829,0.0759,0.0,0.0
1779988770400,1,11.0000004b,Drive,Loading,pitch.0,436498,-0.4049,0.8891,7.1887,1.9451,-5.011,-0.0375,0.0928,0.036
1779988770400,1,12.00000015,Lower Delivery,Loading,pitch.0,436233,-0.5108,-0.3073,0.3933,-0.0426,-0.0192,-0.0048,0.0,0.0
1779988770400,1,12.00000018,Upper Delivery,Loading,pitch.0,437092,-0.0613,0.0485,0.0189,-0.0884,-0.0304,-0.0012,0.0,0.0
1779988770400,1,Pitching Mound.Delivery,,Loading,pitch.0,435932,-0.574,-0.2653,0.4095,-0.0027,-0.0496,0.1462,0.0,0.0
1779988770400,1,Pitching Mound.Drive,,Loading,pitch.0,436498,-0.4049,0.8891,7.1887,1.9451,-5.011,-0.0375,0.0928,0.036
1779988770400,1,Pitching Mound.Parent,,Loading,pitch.0,435553,-0.9789,0.6239,7.5982,1.9424,-5.0606,0.1087,0.0,0.0
1779988770401,1,11.0000004b,Drive,Loading,pitch.0,436499,-0.3758,1.0105,7.499,2.1814,-5.1307,-0.0309,0.0911,0.0387
1779988770401,1,12.00000015,Lower Delivery,Loading,pitch.0,436234,-0.5021,-0.286,0.388,-0.0461,-0.0213,-0.005,0.0,0.0
1779988770401,1,12.00000018,Upper Delivery,Loading,pitch.0,437093,-0.067,0.0452,0.0185,-0.0884,-0.0304,-0.0012,0.0,0.0
1779988770401,1,Pitching Mound.Delivery,,Loading,pitch.0,435933,-0.5634,-0.2375,0.4069,-0.009,-0.0516,0.1436,0.0,0.0
1779988770401,1,Pitching Mound.Drive,,Loading,pitch.0,436499,-0.3758,1.0105,7.499,2.1814,-5.1307,-0.0309,0.0911,0.0387
1779988770401,1,Pitching Mound.Parent,,Loading,pitch.0,435554,-0.9393,0.773,7.906,2.1724,-5.1823,0.1127,0.0,0.0
1779988770402,1,11.0000004b,Drive,Loading,pitch.0,436500,-0.2899,1.111,7.9103,2.4034,-5.1945,-0.0354,0.0874,0.0404
1779988770402,1,12.00000015,Lower Delivery,Loading,pitch.0,436235,-0.5097,-0.2974,0.4026,-0.0267,-0.0068,-0.0049,0.0,0.0
1779988770402,1,12.00000018,Upper Delivery,Loading,pitch.0,437094,-0.0679,0.0494,0.0247,-0.0884,-0.0304,-0.0012,0.0,0.0
1779988770402,1,Pitching Mound.Delivery,,Loading,pitch.0,435934,-0.5767,-0.2522,0.4211,0.0155,-0.0372,0.1444,0.0,0.0
1779988770402,1,Pitching Mound.Drive,,Loading,pitch.0,436500,-0.2899,1.111,7.9103,2.4034,-5.1945,-0.0354,0.0874,0.0404
1779988770402,1,Pitching Mound.Parent,,Loading,pitch.0,435555,-0.8666,0.8588,8.3314,2.4189,-5.2317,0.109,0.0,0.0
1779988770403,1,11.0000004b,Drive,Loading,pitch.0,436501,-0.1705,1.1894,8.4481,2.7846,-5.3715,-0.0262,0.0846,0.0439
1779988770403,1,12.00000015,Lower Delivery,Loading,pitch.0,436236,-0.5355,-0.3116,0.418,-0.0055,-0.0049,-0.0062,0.0,0.0
1779988770403,1,12.00000018,Upper Delivery,Loading,pitch.0,437095,-0.0632,0.0436,-0.0012,-0.0884,-0.0304,-0.0012,0.0,0.0
1779988770403,1,Pitching Mound.Delivery,,Loading,pitch.0,435935,-0.6034,-0.2622,0.4427,0.0399,-0.0353,0.1516,0.0,0.0
1779988770403,1,Pitching Mound.Drive,,Loading,pitch.0,436501,-0.1705,1.1894,8.4481,2.7846,-5.3715,-0.0262,0.0846,0.0439
1779988770403,1,Pitching Mound.Parent,,Loading,pitch.0,435556,-0.774,0.9272,8.8908,2.8245,-5.4068,0.1254,0.0,0.0
1779988770404,1,11.0000004b,Drive,Loading,pitch.0,436502,-0.0635,1.2167,8.9808,3.1468,-5.5495,-0.0155,0.0823,0.0466
1779988770404,1,12.00000015,Lower Delivery,Loading,pitch.0,436237,-0.5593,-0.3312,0.4332,-0.0073,-0.0031,-0.0062,0.0,0.0
1779988770404,1,12.00000018,Upper Delivery,Loading,pitch.0,437096,-0.0693,0.0435,0.0221,-0.0884,-0.0304,-0.0012,0.0,0.0
1779988770404,1,Pitching Mound.Delivery,,Loading,pitch.0,435936,-0.6226,-0.2876,0.432,0.0521,-0.0335,0.1613,0.0,0.0
1779988770404,1,Pitching Mound.Drive,,Loading,pitch.0,436502,-0.0635,1.2167,8.9808,3.1468,-5.5495,-0.0155,0.0823,0.0466
1779988770404,1,Pitching Mound.Parent,,Loading,pitch.0,435557,-0.686,0.9291,9.4128,3.1989,-5.583,0.1458,0.0,0.0
1779988770405,1,11.0000004b,Drive,Loading,pitch.0,436503,0.0213,1.2563,9.571,3.5299,-5.5663,0.0054,0.0774,0.0491
1779988770405,1,12.00000015,Lower Delivery,Loading,pitch.0,436238,-0.5739,-0.3574,0.4247,-0.0041,-0.0001,-0.0046,0.0,0.0
1779988770405,1,12.00000018,Upper Delivery,Loading,pitch.0,437097,-0.0628,0.0485,0.0086,-0.0884,-0.0304,-0.0012,0.0,0.0
1779988770405,1,Pitching Mound.Delivery,,Loading,pitch.0,435937,-0.6432,-0.3139,0.4468,0.0444,-0.0305,0.1658,0.0,0.0
1779988770405,1,Pitching Mound.Drive,,Loading,pitch.0,436503,0.0213,1.2563,9.571,3.5299,-5.5663,0.0054,0.0774,0.0491
1779988770405,1,Pitching Mound.Parent,,Loading,pitch.0,435558,-0.6219,0.9424,10.0178,3.5744,-5.5968,0.1712,0.0,0.0
1779988770406,1,11.0000004b,Drive,Loading,pitch.0,436504,0.0904,1.2572,10.1105,3.8503,-5.7716,0.1015,0.076,0.0507
1779988770406,1,12.00000015,Lower Delivery,Loading,pitch.0,436239,-0.5917,-0.3751,0.4275,-0.0005,-0.0012,-0.0025,0.0,0.0
1779988770406,1,Pitching Mound.Delivery,,Loading,pitch.0,435938,-0.6545,-0.3266,0.4361,0.0535,-0.0316,0.1761,0.0,0.0
1779988770406,1,Pitching Mound.Drive,,Loading,pitch.0,436504,0.0904,1.2572,10.1105,3.8503,-5.7716,0.1015,0.076,0.0507
1779988770406,1,Pitching Mound.Parent,,Loading,pitch.0,435559,-0.5642,0.9306,10.5466,3.9038,-5.8032,0.2776,0.0,0.0
1779988770407,1,11.0000004b,Drive,Loading,pitch.0,436505,0.1301,1.2571,10.6387,4.156,-5.9039,0.1282,0.0739,0.052
1779988770407,1,12.00000015,Lower Delivery,Loading,pitch.0,436240,-0.5883,-0.3658,0.4042,0.0049,-0.0052,-0.0035,0.0,0.0
1779988770407,1,12.00000018,Upper Delivery,Loading,pitch.0,437098,-0.0559,0.0507,0.0029,-0.0884,-0.0304,-0.0012,0.0,0.0
1779988770407,1,12.00000018,Upper Delivery,Loading,pitch.0,437099,-0.0505,0.0511,-0.0044,-0.0884,-0.0304,-0.0012,0.0,0.0
1779988770407,1,Pitching Mound.Delivery,,Loading,pitch.0,435939,-0.6442,-0.3151,0.4072,0.053,-0.0356,0.1763,0.0,0.0
1779988770407,1,Pitching Mound.Drive,,Loading,pitch.0,436505,0.1301,1.2571,10.6387,4.156,-5.9039,0.1282,0.0739,0.052
1779988770407,1,Pitching Mound.Parent,,Loading,pitch.0,435560,-0.5142,0.942,11.0459,4.209,-5.9395,0.3045,0.0,0.0
1779988770408,1,11.0000004b,Drive,Loading,pitch.0,436506,0.151,1.2277,11.1898,4.3535,-5.9756,0.1452,0.0711,0.0518
1779988770408,1,12.00000015,Lower Delivery,Loading,pitch.0,436241,-0.6233,-0.3842,0.4251,-0.0164,-0.019,-0.0038,0.0,0.0
1779988770408,1,12.00000018,Upper Delivery,Loading,pitch.0,437100,-0.0523,0.0519,0.0133,-0.0884,-0.0304,-0.0012,0.0,0.0
1779988770408,1,Pitching Mound.Delivery,,Loading,pitch.0,435940,-0.6739,-0.3331,0.4207,0.0413,-0.0493,0.1898,0.0,0.0
1779988770408,1,Pitching Mound.Drive,,Loading,pitch.0,436506,0.151,1.2277,11.1898,4.3535,-5.9756,0.1452,0.0711,0.0518
1779988770408,1,Pitching Mound.Parent,,Loading,pitch.0,435561,-0.5229,0.8945,11.6105,4.3947,-6.025,0.335,0.0,0.0
1779988770409,1,11.0000004b,Drive,Loading,pitch.0,436507,0.1793,1.2336,11.7502,4.538,-6.0524,0.189,0.0686,0.0514
1779988770409,1,12.00000015,Lower Delivery,Loading,pitch.0,436242,-0.6792,-0.3843,0.4576,-0.013,-0.0133,-0.0027,0.0,0.0
1779988770409,1,12.00000018,Upper Delivery,Loading,pitch.0,437101,-0.0477,0.0541,0.0118,-0.0884,-0.0304,-0.0012,0.0,0.0
1779988770409,1,Pitching Mound.Delivery,,Loading,pitch.0,435941,-0.7315,-0.3324,0.4709,0.0497,-0.0437,0.2093,0.0,0.0
1779988770409,1,Pitching Mound.Drive,,Loading,pitch.0,436507,0.1793,1.2336,11.7502,4.538,-6.0524,0.189,0.0686,0.0514
1779988770409,1,Pitching Mound.Parent,,Loading,pitch.0,435562,-0.5522,0.9011,12.221,4.5877,-6.0961,0.3983,0.0,0.0
1779988770410,1,11.0000004b,Drive,Loading,pitch.0,436508,0.1676,1.2268,12.2168,4.7883,-5.9475,0.1804,0.0648,0.0522
1779988770410,1,12.00000015,Lower Delivery,Loading,pitch.0,436243,-0.651,-0.3715,0.4739,-0.0046,-0.0071,-0.004,0.0,0.0
1779988770410,1,12.00000018,Upper Delivery,Loading,pitch.0,437102,-0.0448,0.0561,0.0071,-0.0884,-0.0304,-0.0012,0.0,0.0
1779988770410,1,Pitching Mound.Delivery,,Loading,pitch.0,435942,-0.6987,-0.3174,0.4857,0.0641,-0.0375,0.1999,0.0,0.0
1779988770410,1,Pitching Mound.Drive,,Loading,pitch.0,436508,0.1676,1.2268,12.2168,4.7883,-5.9475,0.1804,0.0648,0.0522
1779988770410,1,Pitching Mound.Parent,,Loading,pitch.0,435563,-0.5311,0.9094,12.7025,4.8524,-5.985,0.3803,0.0,0.0
1779988770411,1,11.0000004b,Drive,Loading,pitch.0,436509,0.1807,1.2499,12.6175,5.1268,-5.7381,0.173,0.0605,0.0541
1779988770411,1,12.00000015,Lower Delivery,Loading,pitch.0,436244,-0.6613,-0.3461,0.5338,-0.0038,-0.0097,-0.007,0.0,0.0
1779988770411,1,12.00000018,Upper Delivery,Loading,pitch.0,437103,-0.0519,0.0475,0.0249,-0.0884,-0.0304,-0.0012,0.0,0.0
1779988770411,1,Pitching Mound.Delivery,,Loading,pitch.0,435943,-0.7061,-0.29,0.5409,0.087,-0.04,0.2014,0.0,0.0
1779988770411,1,Pitching Mound.Drive,,Loading,pitch.0,436509,0.1807,1.2499,12.6175,5.1268,-5.7381,0.173,0.0605,0.0541
1779988770411,1,Pitching Mound.Parent,,Loading,pitch.0,435564,-0.5253,0.9599,13.1584,5.2137,-5.7781,0.3744,0.0,0.0
1779988770412,1,11.0000004b,Drive,Loading,pitch.0,436510,0.1827,1.3007,13.0499,5.37,-5.5734,0.1707,0.0569,0.0548
1779988770412,1,12.00000015,Lower Delivery,Loading,pitch.0,436245,-0.6677,-0.3623,0.5411,-0.0013,0.0002,-0.0045,0.0,0.0
1779988770412,1,12.00000018,Upper Delivery,Loading,pitch.0,437104,-0.0501,0.0498,0.01,-0.0884,-0.0304,-0.0012,0.0,0.0
1779988770412,1,Pitching Mound.Delivery,,Loading,pitch.0,435944,-0.7196,-0.3148,0.566,0.0858,-0.0302,0.2037,0.0,0.0
1779988770412,1,Pitching Mound.Drive,,Loading,pitch.0,436510,0.1827,1.3007,13.0499,5.37,-5.5734,0.1707,0.0569,0.0548
1779988770412,1,Pitching Mound.Parent,,Loading,pitch.0,435565,-0.5369,0.9859,13.616,5.4558,-5.6036,0.3744,0.0,0.0
1779988770413,1,11.0000004b,Drive,Loading,pitch.0,436511,0.2047,1.3553,13.5424,5.8195,-5.3682,0.099,0.0528,0.0572
1779988770413,1,12.00000015,Lower Delivery,Loading,pitch.0,436246,-0.6186,-0.3402,0.4949,-0.0117,-0.0106,-0.0052,0.0,0.0
1779988770413,1,12.00000018,Upper Delivery,Loading,pitch.0,437105,-0.0487,0.0506,0.0105,-0.0884,-0.0304,-0.0012,0.0,0.0
1779988770413,1,Pitching Mound.Delivery,,Loading,pitch.0,435945,-0.6687,-0.2904,0.5049,0.0648,-0.041,0.1869,0.0,0.0
1779988770413,1,Pitching Mound.Drive,,Loading,pitch.0,436511,0.2047,1.3553,13.5424,5.8195,-5.3682,0.099,0.0528,0.0572
1779988770413,1,Pitching Mound.Parent,,Loading,pitch.0,435566,-0.464,1.0649,14.0473,5.8842,-5.4092,0.2859,0.0,0.0
1779988770414,1,11.0000004b,Drive,Loading,pitch.0,436512,0.2081,1.4272,13.8697,6.1061,-5.6105,0.1292,0.0539,0.0586
1779988770414,1,12.00000015,Lower Delivery,Loading,pitch.0,436247,-0.5986,-0.2857,0.5002,-0.0354,-0.0135,-0.0044,0.0,0.0
1779988770414,1,12.00000018,Upper Delivery,Loading,pitch.0,437106,-0.0502,0.0468,0.0109,-0.0884,-0.0304,-0.0012,0.0,0.0
1779988770414,1,Pitching Mound.Delivery,,Loading,pitch.0,435946,-0.6473,-0.2351,0.5106,0.0427,-0.0439,0.1814,0.0,0.0
1779988770414,1,Pitching Mound.Drive,,Loading,pitch.0,436512,0.2081,1.4272,13.8697,6.1061,-5.6105,0.1292,0.0539,0.0586
1779988770414,1,Pitching Mound.Parent,,Loading,pitch.0,435567,-0.4391,1.1921,14.3803,6.1488,-5.6544,0.3106,0.0,0.0
1779988770415,1,11.0000004b,Drive,Loading,pitch.0,436513,0.2864,1.5422,14.4595,6.8156,-5.3793,0.0318,0.0495,0.0628
1779988770415,1,12.00000015,Lower Delivery,Loading,pitch.0,436248,-0.5766,-0.2526,0.4898,-0.0371,-0.0134,-0.0047,0.0,0.0
1779988770415,1,12.00000018,Upper Delivery,Loading,pitch.0,437107,-0.0528,0.0526,0.0064,-0.0884,-0.0304,-0.0012,0.0,0.0
1779988770415,1,Pitching Mound.Delivery,,Loading,pitch.0,435947,-0.6268,-0.2058,0.5007,0.0374,-0.0438,0.1731,0.0,0.0
1779988770415,1,Pitching Mound.Drive,,Loading,pitch.0,436513,0.2864,1.5422,14.4595,6.8156,-5.3793,0.0318,0.0495,0.0628
1779988770415,1,Pitching Mound.Parent,,Loading,pitch.0,435568,-0.3405,1.3364,14.9602,6.853,-5.4231,0.2049,0.0,0.0
1779988770416,1,11.0000004b,Drive,Loading,pitch.0,436514,0.3787,1.6575,14.9953,7.3428,-5.562,-0.0098,0.0494,0.0652
1779988770416,1,12.00000015,Lower Delivery,Loading,pitch.0,436249,-0.528,-0.1902,0.4566,-0.0584,-0.0183,-0.005,0.0,0.0
1779988770416,1,12.00000018,Upper Delivery,Loading,pitch.0,437108,-0.0554,0.0562,0.0146,-0.0884,-0.0304,-0.0012,0.0,0.0
1779988770416,1,Pitching Mound.Delivery,,Loading,pitch.0,435948,-0.5807,-0.1375,0.463,0.0063,-0.0487,0.1554,0.0,0.0
1779988770416,1,Pitching Mound.Drive,,Loading,pitch.0,436514,0.3787,1.6575,14.9953,7.3428,-5.562,-0.0098,0.0494,0.0652
1779988770416,1,Pitching Mound.Parent,,Loading,pitch.0,435569,-0.2021,1.52,15.4583,7.3491,-5.6107,0.1456,0.0,0.0
1779988770417,1,11.0000004b,Drive,Loading,pitch.0,436515,0.4993,1.7811,15.7032,8.0098,-5.3856,-0.0468,0.0457,0.0679
1779988770417,1,12.00000015,Lower Delivery,Loading,pitch.0,436250,-0.4774,-0.2155,0.376,-0.0504,-0.027,-0.0062,0.0,0.0
1779988770417,1,Pitching Mound.Delivery,,Loading,pitch.0,435949,-0.5328,-0.1593,0.3906,-0.0159,-0.0574,0.1361,0.0,0.0
1779988770417,1,Pitching Mound.Drive,,Loading,pitch.0,436515,0.4993,1.7811,15.7032,8.0098,-5.3856,-0.0468,0.0457,0.0679
1779988770417,1,Pitching Mound.Parent,,Loading,pitch.0,435570,-0.0336,1.6218,16.0938,7.994,-5.443,0.0893,0.0,0.0
1779988770418,1,11.0000004b,Drive,Loading,pitch.0,436516,0.636,1.8797,16.3089,8.7255,-5.3321,-0.0969,0.0435,0.0712
1779988770418,1,12.00000015,Lower Delivery,Loading,pitch.0,436251,-0.4517,-0.2306,0.3455,-0.0559,-0.0333,-0.008,0.0,0.0
1779988770418,1,12.00000018,Upper Delivery,Loading,pitch.0,437110,-0.0237,0.0849,0.1435,-0.0884,-0.0304,-0.0012,0.0,0.0
1779988770418,1,12.00000018,Upper Delivery,Loading,pitch.0,437109,-0.0527,0.0576,0.0378,-0.0884,-0.0304,-0.0012,0.0,0.0
1779988770418,1,Pitching Mound.Delivery,,Loading,pitch.0,435950,-0.5044,-0.1731,0.3833,-0.0397,-0.0637,0.1265,0.0,0.0
1779988770418,1,Pitching Mound.Drive,,Loading,pitch.0,436516,0.636,1.8797,16.3089,8.7255,-5.3321,-0.0969,0.0435,0.0712
1779988770418,1,Pitching Mound.Parent,,Loading,pitch.0,435571,0.1316,1.7066,16.6922,8.6859,-5.3958,0.0295,0.0,0.0
1779988770419,1,11.0000004b,Drive,Loading,pitch.0,436517,0.7969,1.9817,17.1079,9.6285,-5.0161,-0.1848,0.039,0.0749
1779988770419,1,12.00000015,Lower Delivery,Loading,pitch.0,436252,-0.3916,-0.2265,0.3047,-0.0485,-0.0281,-0.0091,0.0,0.0
1779988770419,1,12.00000018,Upper Delivery,Loading,pitch.0,437111,-0.0249,0.0819,0.1259,-0.0884,-0.0304,-0.0012,0.0,0.0
1779988770419,1,Pitching Mound.Delivery,,Loading,pitch.0,435951,-0.4153,-0.1416,0.4481,-0.082,-0.0585,0.1148,0.0,0.0
1779988770419,1,Pitching Mound.Drive,,Loading,pitch.0,436517,0.7969,1.9817,17.1079,9.6285,-5.0161,-0.1848,0.039,0.0749
1779988770419,1,Pitching Mound.Parent,,Loading,pitch.0,435572,0.3817,1.8401,17.556,9.5464,-5.0746,-0.07,0.0,0.0
1779988770420,1,11.0000004b,Drive,Loading,pitch.0,436518,0.9133,2.0465,17.7391,10.1823,-4.8485,-0.1956,0.0364,0.0764
1779988770420,1,12.00000015,Lower Delivery,Loading,pitch.0,436253,-0.3656,-0.238,0.2673,-0.0456,-0.0192,-0.0077,0.0,0.0
1779988770420,1,12.00000018,Upper Delivery,Loading,pitch.0,437112,-0.0098,0.0973,0.1211,-0.0884,-0.0304,-0.0012,0.0,0.0
1779988770420,1,Pitching Mound.Delivery,,Loading,pitch.0,435952,-0.3905,-0.1561,0.3931,-0.0859,-0.0496,0.1069,0.0,0.0
1779988770420,1,Pitching Mound.Drive,,Loading,pitch.0,436518,0.9133,2.0465,17.7391,10.1823,-4.8485,-0.1956,0.0364,0.0764
1779988770420,1,Pitching Mound.Parent,,Loading,pitch.0,435573,0.5229,1.8905,18.1322,10.0965,-4.898,-0.0887,0.0,0.0
1779988770421,1,11.0000004b,Drive,Loading,pitch.0,436519,1.0482,2.1094,18.3899,10.9181,-4.6028,-0.2092,0.0333,0.079
1779988770421,1,12.00000015,Lower Delivery,Loading,pitch.0,436254,-0.396,-0.21,0.3132,-0.0441,-0.0155,-0.0082,0.0,0.0
1779988770421,1,12.00000018,Upper Delivery,Loading,pitch.0,437113,-0.0057,0.0997,0.0822,-0.0884,-0.0304,-0.0012,0.0,0.0
1779988770421,1,Pitching Mound.Delivery,,Loading,pitch.0,435953,-0.4058,-0.1127,0.4343,-0.0671,-0.0459,0.1219,0.0,0.0
1779988770421,1,Pitching Mound.Drive,,Loading,pitch.0,436519,1.0482,2.1094,18.3899,10.9181,-4.6028,-0.2092,0.0333,0.079
1779988770421,1,Pitching Mound.Parent,,Loading,pitch.0,435574,0.6424,1.9967,18.8241,10.851,-4.6486,-0.0873,0.0,0.0
1779988770422,1,11.0000004b,Drive,Loading,pitch.0,436520,1.2174,2.1644,19.2681,11.8777,-4.2128,-0.3416,0.0291,0.0821
1779988770422,1,12.00000015,Lower Delivery,Loading,pitch.0,436255,-0.4235,-0.2109,0.3496,-0.0383,-0.0151,-0.008,0.0,0.0
1779988770422,1,12.00000018,Upper Delivery,Loading,pitch.0,437114,-0.0198,0.0892,0.0657,-0.0884,-0.0304,-0.0012,0.0,0.0
1779988770422,1,Pitching Mound.Delivery,,Loading,pitch.0,435954,-0.4291,-0.1112,0.4318,-0.0357,-0.0454,0.1329,0.0,0.0
1779988770422,1,Pitching Mound.Drive,,Loading,pitch.0,436520,1.2174,2.1644,19.2681,11.8777,-4.2128,-0.3416,0.0291,0.0821
1779988770422,1,Pitching Mound.Parent,,Loading,pitch.0,435575,0.7883,2.0532,19.6999,11.8419,-4.2582,-0.2087,0.0,0.0
1779988770423,1,11.0000004b,Drive,Loading,pitch.0,436521,1.4583,2.1944,19.8667,12.4966,-4.1506,-0.4646,0.0278,0.0837
1779988770423,1,12.00000015,Lower Delivery,Loading,pitch.0,436256,-0.5057,-0.2155,0.4216,-0.041,-0.0228,-0.0079,0.0,0.0
1779988770423,1,12.00000018,Upper Delivery,Loading,pitch.0,437115,-0.0474,0.066,0.0442,-0.0884,-0.0304,-0.0012,0.0,0.0
1779988770423,1,Pitching Mound.Delivery,,Loading,pitch.0,435955,-0.5255,-0.1263,0.4873,-0.0084,-0.0532,0.1561,0.0,0.0
1779988770423,1,Pitching Mound.Drive,,Loading,pitch.0,436521,1.4583,2.1944,19.8667,12.4966,-4.1506,-0.4646,0.0278,0.0837
1779988770423,1,Pitching Mound.Parent,,Loading,pitch.0,435576,0.9327,2.0681,20.354,12.4882,-4.2038,-0.3085,0.0,0.0
1779988770424,1,11.0000004b,Drive,Loading,pitch.0,436522,1.6634,2.2348,20.744,13.5359,-3.7608,-0.5806,0.0241,0.0869
1779988770424,1,12.00000015,Lower Delivery,Loading,pitch.0,436257,-0.5319,-0.2312,0.4606,-0.0389,-0.0126,-0.0068,0.0,0.0
1779988770424,1,12.00000018,Upper Delivery,Loading,pitch.0,437116,-0.0528,0.0605,0.0774,-0.0884,-0.0304,-0.0012,0.0,0.0
1779988770424,1,Pitching Mound.Delivery,,Loading,pitch.0,435956,-0.5794,-0.1652,0.5049,0.0143,-0.043,0.1567,0.0,0.0
1779988770424,1,Pitching Mound.Drive,,Loading,pitch.0,436522,1.6634,2.2348,20.744,13.5359,-3.7608,-0.5806,0.0241,0.0869
1779988770424,1,Pitching Mound.Parent,,Loading,pitch.0,435577,1.084,2.0696,21.2489,13.5502,-3.8038,-0.4239,0.0,0.0
1779988770425,1,11.0000004b,Drive,Loading,pitch.0,436523,1.8205,2.2216,21.3629,13.9454,-3.7158,-0.6027,0.0232,0.0869
1779988770425,1,12.00000015,Lower Delivery,Loading,pitch.0,436258,-0.5106,-0.2597,0.4042,-0.0341,-0.0134,-0.0074,0.0,0.0
1779988770425,1,12.00000018,Upper Delivery,Loading,pitch.0,437117,-0.054,0.0606,0.0617,-0.0884,-0.0304,-0.0012,0.0,0.0
1779988770425,1,Pitching Mound.Delivery,,Loading,pitch.0,435957,-0.5634,-0.1991,0.4816,-0.0113,-0.0438,0.147,0.0,0.0
1779988770425,1,Pitching Mound.Drive,,Loading,pitch.0,436523,1.8205,2.2216,21.3629,13.9454,-3.7158,-0.6027,0.0232,0.0869
1779988770425,1,Pitching Mound.Parent,,Loading,pitch.0,435578,1.2571,2.0224,21.8445,13.9341,-3.7596,-0.4556,0.0,0.0
1779988770426,1,11.0000004b,Drive,Loading,pitch.0,436524,2.0165,2.168,22.0303,14.2014,-3.705,-0.7136,0.0224,0.0858
1779988770426,1,12.00000015,Lower Delivery,Loading,pitch.0,436259,-0.5446,-0.3277,0.4192,-0.0192,-0.0095,-0.0073,0.0,0.0
1779988770426,1,12.00000018,Upper Delivery,Loading,pitch.0,437118,-0.0461,0.0716,0.0185,-0.0884,-0.0304,-0.0012,0.0,0.0
1779988770426,1,Pitching Mound.Delivery,,Loading,pitch.0,435958,-0.5986,-0.267,0.4809,0.014,-0.0398,0.1583,0.0,0.0
1779988770426,1,Pitching Mound.Drive,,Loading,pitch.0,436524,2.0165,2.168,22.0303,14.2014,-3.705,-0.7136,0.0224,0.0858
1779988770426,1,Pitching Mound.Parent,,Loading,pitch.0,435579,1.4179,1.901,22.5112,14.2153,-3.7449,-0.5553,0.0219,0.0894
1779988770427,1,11.0000004b,Drive,Loading,pitch.0,436525,2.3841,2.1648,23.1153,15.5692,-3.1228,-1.0903,0.018,0.0897
1779988770427,1,12.00000015,Lower Delivery,Loading,pitch.0,436260,-0.571,-0.3197,0.4494,-0.0053,-0.0072,-0.0053,0.0,0.0
1779988770427,1,12.00000018,Upper Delivery,Loading,pitch.0,437119,-0.0451,0.0714,0.0135,-0.0884,-0.0304,-0.0012,0.0,0.0
1779988770427,1,Pitching Mound.Delivery,,Loading,pitch.0,435959,-0.6171,-0.2481,0.4679,0.0529,-0.0376,0.1719,0.0,0.0
1779988770427,1,Pitching Mound.Drive,,Loading,pitch.0,436525,2.3841,2.1648,23.1153,15.5692,-3.1228,-1.0903,0.018,0.0897
1779988770427,1,Pitching Mound.Parent,,Loading,pitch.0,435580,1.767,1.9167,23.5832,15.6221,-3.1604,-0.9184,0.0176,0.0941
1779988770428,1,11.0000004b,Drive,Loading,pitch.0,436526,2.6405,2.062,23.9873,16.1199,-2.7126,-1.3173,0.0151,0.0895
1779988770428,1,12.00000015,Lower Delivery,Loading,pitch.0,436261,-0.5617,-0.3021,0.4434,-0.0169,-0.0068,-0.0041,0.0,0.0
1779988770428,1,12.00000018,Upper Delivery,Loading,pitch.0,437120,-0.0447,0.0659,0.0104,-0.0884,-0.0304,-0.0012,0.0,0.0
1779988770428,1,Pitching Mound.Delivery,,Loading,pitch.0,435960,-0.6068,-0.2306,0.4569,0.041,-0.0372,0.1703,0.0,0.0
1779988770428,1,Pitching Mound.Drive,,Loading,pitch.0,436526,2.6405,2.062,23.9873,16.1199,-2.7126,-1.3173,0.0151,0.0895
1779988770428,1,Pitching Mound.Parent,,Loading,pitch.0,435581,2.0337,1.8314,24.4441,16.1609,-2.7497,-1.1469,0.0148,0.0938
1779988770429,1,11.0000004b,Drive,Loading,pitch.0,436527,2.8287,2.0519,24.7954,16.46,-2.2563,-1.5238,0.0121,0.0884
1779988770429,1,12.00000015,Lower Delivery,Loading,pitch.0,436262,-0.591,-0.2799,0.4765,-0.0159,-0.0094,-0.004,0.0,0.0
1779988770429,1,12.00000018,Upper Delivery,Loading,pitch.0,437121,-0.0426,0.0597,0.007,-0.0884,-0.0304,-0.0012,0.0,0.0
1779988770429,1,Pitching Mound.Delivery,,Loading,pitch.0,435961,-0.6357,-0.214,0.4869,0.0543,-0.0398,0.1805,0.0,0.0
1779988770429,1,Pitching Mound.Drive,,Loading,pitch.0,436527,2.8287,2.0519,24.7954,16.46,-2.2563,-1.5238,0.0121,0.0884
1779988770429,1,Pitching Mound.Parent,,Loading,pitch.0,435582,2.1929,1.8379,25.2823,16.5142,-2.2961,-1.3433,0.0119,0.0929
1779988770430,1,11.0000004b,Drive,Loading,pitch.0,436528,3.0175,2.0314,25.3432,16.6558,-1.9029,-1.6919,0.01,0.0875
1779988770430,1,12.00000015,Lower Delivery,Loading,pitch.0,436263,-0.5874,-0.2894,0.4564,-0.0296,-0.0166,-0.005,0.0,0.0
1779988770430,1,12.00000015,Lower Delivery,Loading,pitch.0,436264,-0.591,-0.2901,0.4574,-0.0387,-0.0136,-0.0055,0.0,0.0
1779988770430,1,12.00000018,Upper Delivery,Loading,pitch.0,437122,-0.0449,0.0569,0.0068,-0.0884,-0.0304,-0.0012,0.0,0.0
1779988770430,1,Pitching Mound.Delivery,,Loading,pitch.0,435963,-0.6359,-0.2333,0.4641,0.0262,-0.044,0.179,0.0,0.0
1779988770430,1,Pitching Mound.Delivery,,Loading,pitch.0,435962,-0.63,-0.2296,0.4634,0.0348,-0.0469,0.179,0.0,0.0
1779988770430,1,Pitching Mound.Drive,,Loading,pitch.0,436528,3.0175,2.0314,25.3432,16.6558,-1.9029,-1.6919,0.01,0.0875
1779988770430,1,Pitching Mound.Parent,,Loading,pitch.0,435583,2.3875,1.8017,25.8066,16.6906,-1.9499,-1.5129,0.0098,0.0918
1779988770431,1,11.0000004b,Drive,Loading,pitch.0,436529,3.1812,2.0218,25.833,16.9154,-1.5613,-1.8308,0.008,0.0872
1779988770431,1,12.00000018,Upper Delivery,Loading,pitch.0,437123,-0.0484,0.0538,0.0159,-0.0884,-0.0304,-0.0012,0.0,0.0
1779988770431,1,Pitching Mound.Drive,,Loading,pitch.0,436529,3.1812,2.0218,25.833,16.9154,-1.5613,-1.8308,0.008,0.0872
1779988770431,1,Pitching Mound.Parent,,Loading,pitch.0,435584,2.5453,1.7886,26.2972,16.9416,-1.6052,-1.6518,0.0079,0.0915
1779988770432,1,11.0000004b,Drive,Loading,pitch.0,436530,3.3449,2.0576,26.2335,17.0994,-1.1746,-1.9761,0.006,0.0868
1779988770432,1,12.00000015,Lower Delivery,Loading,pitch.0,436265,-0.5668,-0.3029,0.4321,-0.0491,-0.0118,-0.0046,0.0,0.0
1779988770432,1,12.00000018,Upper Delivery,Loading,pitch.0,437124,-0.0532,0.0475,0.0134,-0.0884,-0.0304,-0.0012,0.0,0.0
1779988770432,1,Pitching Mound.Delivery,,Loading,pitch.0,435964,-0.6153,-0.2491,0.448,0.0041,-0.0422,0.1705,0.0,0.0
1779988770432,1,Pitching Mound.Drive,,Loading,pitch.0,436530,3.3449,2.0576,26.2335,17.0994,-1.1746,-1.9761,0.006,0.0868
1779988770432,1,Pitching Mound.Parent,,Loading,pitch.0,435585,2.7296,1.8085,26.6815,17.1035,-1.2168,-1.8056,0.0059,0.0906
1779988770433,1,11.0000004b,Drive,Loading,pitch.0,436531,3.5221,2.0688,26.4741,17.1775,-0.9475,-2.1404,0.0048,0.0864
1779988770433,1,12.00000015,Lower Delivery,Loading,pitch.0,436266,-0.6034,-0.3127,0.457,-0.0521,-0.017,-0.0057,0.0,0.0
1779988770433,1,12.00000018,Upper Delivery,Loading,pitch.0,437125,-0.0557,0.0436,0.0076,-0.0884,-0.0304,-0.0012,0.0,0.0
1779988770433,1,Pitching Mound.Delivery,,Loading,pitch.0,435965,-0.6566,-0.2651,0.4703,0.0104,-0.0474,0.1802,0.0,0.0
1779988770433,1,Pitching Mound.Drive,,Loading,pitch.0,436531,3.5221,2.0688,26.4741,17.1775,-0.9475,-2.1404,0.0048,0.0864
1779988770433,1,Pitching Mound.Parent,,Loading,pitch.0,435586,2.8654,1.8037,26.9445,17.1879,-0.9949,-1.9602,0.0047,0.0905
1779988770434,1,11.0000004b,Drive,Loading,pitch.0,436532,3.6544,2.073,26.601,17.1655,-0.6765,-2.2538,0.0034,0.0859
1779988770434,1,11.0000004b,Drive,Loading,pitch.0,436533,3.8053,2.0502,26.4165,17.1089,-0.4884,-2.3851,0.0025,0.0862
1779988770434,1,12.00000015,Lower Delivery,Loading,pitch.0,436267,-0.5958,-0.2917,0.4648,-0.0519,-0.0102,-0.0055,0.0,0.0
1779988770434,1,12.00000018,Upper Delivery,Loading,pitch.0,437126,-0.0565,0.0432,0.0075,-0.0884,-0.0304,-0.0012,0.0,0.0
1779988770434,1,Pitching Mound.Delivery,,Loading,pitch.0,435966,-0.6514,-0.2481,0.4723,0.0152,-0.0406,0.1769,0.0,0.0
1779988770434,1,Pitching Mound.Drive,,Loading,pitch.0,436532,3.6544,2.073,26.601,17.1655,-0.6765,-2.2538,0.0034,0.0859
1779988770434,1,Pitching Mound.Drive,,Loading,pitch.0,436533,3.8053,2.0502,26.4165,17.1089,-0.4884,-2.3851,0.0025,0.0862
1779988770434,1,Pitching Mound.Parent,,Loading,pitch.0,435587,3.0029,1.8249,27.0733,17.1807,-0.7171,-2.0769,0.0033,0.0901
1779988770435,1,12.00000015,Lower Delivery,Loading,pitch.0,436268,-0.5782,-0.2738,0.4556,-0.0639,-0.0239,-0.006,0.0,0.0
1779988770435,1,12.00000018,Upper Delivery,Loading,pitch.0,437127,-0.0535,0.043,-0.0016,-0.0884,-0.0304,-0.0012,0.0,0.0
1779988770435,1,Pitching Mound.Delivery,,Loading,pitch.0,435967,-0.6347,-0.2306,0.4631,0.0,-0.0542,0.1702,0.0,0.0
1779988770435,1,Pitching Mound.Parent,,Loading,pitch.0,435588,3.1705,1.8196,26.8796,17.1089,-0.5426,-2.2149,0.0024,0.0904
1779988770436,1,11.0000004b,Drive,Loading,pitch.0,436535,4.0689,2.0614,26.1963,16.8731,-0.2263,-2.625,0.0011,0.0857
1779988770436,1,11.0000004b,Drive,Loading,pitch.0,436534,3.9461,2.0602,26.3087,17.0091,-0.3534,-2.5135,0.0018,0.0861
1779988770436,1,12.00000015,Lower Delivery,Loading,pitch.0,436269,-0.6271,-0.2994,0.4965,-0.0599,-0.0283,-0.008,0.0,0.0
1779988770436,1,12.00000018,Upper Delivery,Loading,pitch.0,437128,-0.055,0.0423,-0.0018,-0.0884,-0.0304,-0.0012,0.0,0.0
1779988770436,1,Pitching Mound.Delivery,,Loading,pitch.0,435968,-0.6806,-0.2564,0.4949,0.0211,-0.0587,0.1858,0.0,0.0
1779988770436,1,Pitching Mound.Drive,,Loading,pitch.0,436535,4.0689,2.0614,26.1963,16.8731,-0.2263,-2.625,0.0011,0.0857
1779988770436,1,Pitching Mound.Drive,,Loading,pitch.0,436534,3.9461,2.0602,26.3087,17.0091,-0.3534,-2.5135,0.0018,0.0861
1779988770436,1,Pitching Mound.Parent,,Loading,pitch.0,435589,3.2655,1.8039,26.8036,17.0301,-0.4121,-2.3277,0.0018,0.0908
1779988770437,1,11.0000004b,Drive,Loading,pitch.0,436536,4.1843,2.0309,25.9711,16.7721,-0.1971,-2.715,0.001,0.086
1779988770437,1,12.00000015,Lower Delivery,Loading,pitch.0,436270,-0.5955,-0.2563,0.4786,-0.0693,-0.0424,-0.0092,0.0,0.0
1779988770437,1,Pitching Mound.Delivery,,Loading,pitch.0,435969,-0.6505,-0.214,0.4768,0.0057,-0.0728,0.1734,0.0,0.0
1779988770437,1,Pitching Mound.Drive,,Loading,pitch.0,436536,4.1843,2.0309,25.9711,16.7721,-0.1971,-2.715,0.001,0.086
1779988770437,1,Pitching Mound.Parent,,Loading,pitch.0,435590,3.4184,1.8474,26.6732,16.8788,-0.2991,-2.4516,0.0011,0.0903
1779988770438,1,11.0000004b,Drive,Loading,pitch.0,436537,4.2685,2.0104,25.7207,16.672,0.0348,-2.8054,-0.0002,0.0863
1779988770438,1,12.00000015,Lower Delivery,Loading,pitch.0,436272,-0.61,-0.2566,0.5304,-0.0558,-0.035,-0.0083,0.0,0.0
1779988770438,1,12.00000015,Lower Delivery,Loading,pitch.0,436271,-0.5676,-0.2753,0.4414,-0.0674,-0.0352,-0.0084,0.0,0.0
1779988770438,1,12.00000018,Upper Delivery,Loading,pitch.0,437129,-0.0549,0.0439,0.0017,-0.0884,-0.0304,-0.0012,0.0,0.0
1779988770438,1,12.00000018,Upper Delivery,Loading,pitch.0,437130,-0.055,0.0444,0.0038,-0.0884,-0.0304,-0.0012,0.0,0.0
1779988770438,1,Pitching Mound.Delivery,,Loading,pitch.0,435971,-0.665,-0.2122,0.5342,0.0349,-0.0654,0.1792,0.0,0.0
1779988770438,1,Pitching Mound.Delivery,,Loading,pitch.0,435970,-0.6225,-0.2314,0.4431,-0.0062,-0.0656,0.1647,0.0,0.0
1779988770438,1,Pitching Mound.Drive,,Loading,pitch.0,436537,4.2685,2.0104,25.7207,16.672,0.0348,-2.8054,-0.0002,0.0863
1779988770438,1,Pitching Mound.Parent,,Loading,pitch.0,435592,3.6035,1.7982,26.2548,16.7069,-0.0305,-2.6262,-0.0002,0.0914
1779988770438,1,Pitching Mound.Parent,,Loading,pitch.0,435591,3.5618,1.7995,26.4142,16.7659,-0.2627,-2.5503,0.001,0.0902
1779988770439,1,11.0000004b,Drive,Loading,pitch.0,436538,4.3295,1.9297,25.4447,16.6219,0.1531,-2.847,-0.0008,0.087
1779988770439,1,Pitching Mound.Drive,,Loading,pitch.0,436538,4.3295,1.9297,25.4447,16.6219,0.1531,-2.847,-0.0008,0.087
1779988770440,1,11.0000004b,Drive,Loading,pitch.0,436539,4.3901,1.9018,25.2133,16.4961,-0.0204,-2.904,0.0001,0.0871
1779988770440,1,12.00000015,Lower Delivery,Loading,pitch.0,436273,-0.5214,-0.2448,0.443,-0.0494,-0.0283,-0.008,0.0,0.0
1779988770440,1,12.00000015,Lower Delivery,Loading,pitch.0,436274,-0.4815,-0.2349,0.4027,-0.0324,-0.0227,-0.0083,0.0,0.0
1779988770440,1,12.00000018,Upper Delivery,Loading,pitch.0,437131,-0.0532,0.0443,0.0029,-0.0884,-0.0304,-0.0012,0.0,0.0
1779988770440,1,12.00000018,Upper Delivery,Loading,pitch.0,437132,-0.056,0.0446,0.0078,-0.0884,-0.0304,-0.0012,0.0,0.0
1779988770440,1,Pitching Mound.Delivery,,Loading,pitch.0,435972,-0.5746,-0.2005,0.4459,0.0119,-0.0586,0.1499,0.0,0.0
1779988770440,1,Pitching Mound.Delivery,,Loading,pitch.0,435973,-0.5374,-0.1902,0.4104,0.0135,-0.053,0.1351,0.0,0.0
1779988770440,1,Pitching Mound.Drive,,Loading,pitch.0,436539,4.3901,1.9018,25.2133,16.4961,-0.0204,-2.904,0.0001,0.0871
1779988770440,1,Pitching Mound.Parent,,Loading,pitch.0,435593,3.7549,1.7292,25.8906,16.6338,0.0944,-2.6971,-0.0008,0.0912
1779988770440,1,Pitching Mound.Parent,,Loading,pitch.0,435594,3.8527,1.7115,25.6237,16.5097,-0.0734,-2.7689,0.0001,0.0909
1779988770441,1,11.0000004b,Drive,Loading,pitch.0,436540,4.4084,1.8437,24.8331,16.2879,-0.0377,-2.9353,0.0002,0.0873
1779988770441,1,12.00000018,Upper Delivery,Loading,pitch.0,437133,-0.0559,0.0475,0.0139,-0.0884,-0.0304,-0.0012,0.0,0.0
1779988770441,1,Pitching Mound.Drive,,Loading,pitch.0,436540,4.4084,1.8437,24.8331,16.2879,-0.0377,-2.9353,0.0002,0.0873
1779988770442,1,11.0000004b,Drive,Loading,pitch.0,436541,4.3922,1.7492,24.5237,16.0958,-0.015,-2.9566,0.0001,0.0874
1779988770442,1,12.00000015,Lower Delivery,Loading,pitch.0,436275,-0.4561,-0.2416,0.375,-0.0195,-0.0144,-0.0082,0.0,0.0
1779988770442,1,12.00000018,Upper Delivery,Loading,pitch.0,437134,-0.0537,0.0446,0.0097,-0.0884,-0.0304,-0.0012,0.0,0.0
1779988770442,1,Pitching Mound.Delivery,,Loading,pitch.0,435974,-0.512,-0.1942,0.3889,0.0149,-0.0448,0.1267,0.0,0.0
1779988770442,1,Pitching Mound.Drive,,Loading,pitch.0,436541,4.3922,1.7492,24.5237,16.0958,-0.015,-2.9566,0.0001,0.0874
1779988770442,1,Pitching Mound.Parent,,Loading,pitch.0,435595,3.8964,1.6495,25.222,16.3029,-0.0825,-2.8087,0.0002,0.0908
1779988770443,1,11.0000004b,Drive,Loading,pitch.0,436542,4.3637,1.6676,24.1916,15.7793,-0.2838,-2.9412,0.0016,0.0868
1779988770443,1,12.00000015,Lower Delivery,Loading,pitch.0,436276,-0.4489,-0.2173,0.378,-0.011,-0.0068,-0.0061,0.0,0.0
1779988770443,1,12.00000018,Upper Delivery,Loading,pitch.0,437135,-0.0574,0.0445,0.0134,-0.0884,-0.0304,-0.0012,0.0,0.0
1779988770443,1,Pitching Mound.Delivery,,Loading,pitch.0,435975,-0.5026,-0.1727,0.3878,0.0259,-0.0372,0.1271,0.0,0.0
1779988770443,1,Pitching Mound.Drive,,Loading,pitch.0,436542,4.3637,1.6676,24.1916,15.7793,-0.2838,-2.9412,0.0016,0.0868
1779988770443,1,Pitching Mound.Parent,,Loading,pitch.0,435596,3.8896,1.5765,24.9114,16.1217,-0.0522,-2.8295,0.0001,0.091
1779988770444,1,11.0000004b,Drive,Loading,pitch.0,436543,4.2891,1.5941,23.7191,15.4428,-0.4094,-2.9352,0.0023,0.0867
1779988770444,1,12.00000015,Lower Delivery,Loading,pitch.0,436277,-0.4578,-0.2036,0.4009,0.0,-0.0006,-0.0054,0.0,0.0
1779988770444,1,12.00000018,Upper Delivery,Loading,pitch.0,437136,-0.0554,0.0451,0.0057,-0.0884,-0.0304,-0.0012,0.0,0.0
1779988770444,1,Pitching Mound.Delivery,,Loading,pitch.0,435976,-0.5152,-0.1591,0.4143,0.0434,-0.031,0.1295,0.0,0.0
1779988770444,1,Pitching Mound.Drive,,Loading,pitch.0,436543,4.2891,1.5941,23.7191,15.4428,-0.4094,-2.9352,0.0023,0.0867
1779988770444,1,Pitching Mound.Parent,,Loading,pitch.0,435597,3.8486,1.5085,24.6059,15.8227,-0.3148,-2.8117,0.0015,0.0907
1779988770445,1,11.0000004b,Drive,Loading,pitch.0,436544,4.2241,1.5154,23.3871,15.1024,-0.663,-2.8992,0.0038,0.086
1779988770445,1,12.00000015,Lower Delivery,Loading,pitch.0,436278,-0.4729,-0.1837,0.4135,-0.0033,-0.0012,-0.0068,0.0,0.0
1779988770445,1,12.00000018,Upper Delivery,Loading,pitch.0,437137,-0.0574,0.0412,0.0107,-0.0884,-0.0304,-0.0012,0.0,0.0
1779988770445,1,Pitching Mound.Delivery,,Loading,pitch.0,435977,-0.5283,-0.1386,0.4192,0.047,-0.0315,0.1339,0.0,0.0
1779988770445,1,Pitching Mound.Drive,,Loading,pitch.0,436544,4.2241,1.5154,23.3871,15.1024,-0.663,-2.8992,0.0038,0.086
1779988770445,1,Pitching Mound.Parent,,Loading,pitch.0,435598,3.7609,1.4555,24.1383,15.4898,-0.4409,-2.8013,0.0023,0.0909
1779988770446,1,11.0000004b,Drive,Loading,pitch.0,436545,4.1064,1.4521,23.0791,14.8848,-0.6898,-2.8428,0.004,0.0859
1779988770446,1,12.00000015,Lower Delivery,Loading,pitch.0,436279,-0.4991,-0.2024,0.4337,-0.0022,0.0072,-0.0023,0.0,0.0
1779988770446,1,12.00000018,Upper Delivery,Loading,pitch.0,437138,-0.0612,0.0376,0.0139,-0.0884,-0.0304,-0.0012,0.0,0.0
1779988770446,1,Pitching Mound.Delivery,,Loading,pitch.0,435978,-0.5565,-0.1612,0.4444,0.0532,-0.0232,0.1467,0.0,0.0
1779988770446,1,Pitching Mound.Drive,,Loading,pitch.0,436545,4.1064,1.4521,23.0791,14.8848,-0.6898,-2.8428,0.004,0.0859
1779988770446,1,Pitching Mound.Parent,,Loading,pitch.0,435599,3.6676,1.3542,23.8316,15.1557,-0.6862,-2.7525,0.0037,0.0904
1779988770447,1,11.0000004b,Drive,Loading,pitch.0,436546,3.973,1.4008,22.7116,14.6372,-0.6526,-2.8164,0.0038,0.0858
1779988770447,1,12.00000015,Lower Delivery,Loading,pitch.0,436280,-0.5053,-0.1935,0.4381,-0.0105,0.0099,-0.0026,0.0,0.0
1779988770447,1,12.00000018,Upper Delivery,Loading,pitch.0,437139,-0.0578,0.035,0.0078,-0.0884,-0.0304,-0.0012,0.0,0.0
1779988770447,1,Pitching Mound.Delivery,,Loading,pitch.0,435979,-0.5666,-0.1559,0.4521,0.0454,-0.0205,0.1472,0.0,0.0
1779988770447,1,Pitching Mound.Drive,,Loading,pitch.0,436546,3.973,1.4008,22.7116,14.6372,-0.6526,-2.8164,0.0038,0.0858
1779988770447,1,Pitching Mound.Parent,,Loading,pitch.0,435600,3.5398,1.2962,23.5311,14.9302,-0.7103,-2.6956,0.0039,0.0903
1779988770448,1,11.0000004b,Drive,Loading,pitch.0,436547,3.8401,1.3659,22.4773,14.6103,-0.3661,-2.783,0.0022,0.0865
1779988770448,1,12.00000015,Lower Delivery,Loading,pitch.0,436281,-0.5056,-0.2175,0.4319,0.0011,0.013,-0.002,0.0,0.0
1779988770448,1,12.00000018,Upper Delivery,Loading,pitch.0,437140,-0.063,0.0372,0.021,-0.0884,-0.0304,-0.0012,0.0,0.0
1779988770448,1,Pitching Mound.Delivery,,Loading,pitch.0,435980,-0.5634,-0.1825,0.4397,0.0569,-0.0174,0.1491,0.0,0.0
1779988770448,1,Pitching Mound.Drive,,Loading,pitch.0,436547,3.8401,1.3659,22.4773,14.6103,-0.3661,-2.783,0.0022,0.0865
1779988770448,1,Pitching Mound.Parent,,Loading,pitch.0,435601,3.4097,1.2183,23.1513,14.6941,-0.67,-2.6673,0.0038,0.0904
1779988770449,1,11.0000004b,Drive,Loading,pitch.0,436548,3.6478,1.3391,21.9078,13.9764,-0.8508,-2.6446,0.0052,0.0849
1779988770449,1,12.00000015,Lower Delivery,Loading,pitch.0,436282,-0.5423,-0.207,0.4785,-0.0064,0.012,-0.0012,0.0,0.0
1779988770449,1,12.00000018,Upper Delivery,Loading,pitch.0,437141,-0.0641,0.0387,0.0323,-0.0884,-0.0304,-0.0012,0.0,0.0
1779988770449,1,Pitching Mound.Delivery,,Loading,pitch.0,435981,-0.6053,-0.1698,0.4996,0.0608,-0.0183,0.1606,0.0,0.0
1779988770449,1,Pitching Mound.Drive,,Loading,pitch.0,436548,3.6478,1.3391,21.9078,13.9764,-0.8508,-2.6446,0.0052,0.0849
1779988770449,1,Pitching Mound.Parent,,Loading,pitch.0,435602,3.2348,1.196,22.9768,14.6712,-0.3844,-2.6224,0.0021,0.0914
1779988770450,1,11.0000004b,Drive,Loading,pitch.0,436549,3.5004,1.3381,21.7366,13.8061,-0.8196,-2.5581,0.005,0.0846
1779988770450,1,12.00000015,Lower Delivery,Loading,pitch.0,436283,-0.5363,-0.2211,0.4756,-0.0043,0.006,-0.0035,0.0,0.0
1779988770450,1,12.00000018,Upper Delivery,Loading,pitch.0,437142,-0.064,0.0404,0.0356,-0.0884,-0.0304,-0.0012,0.0,0.0
1779988770450,1,Pitching Mound.Delivery,,Loading,pitch.0,435982,-0.6005,-0.1824,0.508,0.058,-0.0244,0.1559,0.0,0.0
1779988770450,1,Pitching Mound.Drive,,Loading,pitch.0,436549,3.5004,1.3381,21.7366,13.8061,-0.8196,-2.5581,0.005,0.0846
1779988770450,1,Pitching Mound.Parent,,Loading,pitch.0,435603,3.0474,1.1567,22.4158,14.0344,-0.8751,-2.4887,0.0051,0.0897
1779988770451,1,11.0000004b,Drive,Loading,pitch.0,436550,3.3406,1.346,21.6922,13.9036,-0.4032,-2.4845,0.0025,0.0853
1779988770451,1,12.00000015,Lower Delivery,Loading,pitch.0,436284,-0.5725,-0.2292,0.5165,-0.019,0.0049,-0.0038,0.0,0.0
1779988770451,1,12.00000018,Upper Delivery,Loading,pitch.0,437143,-0.0649,0.0456,0.0439,-0.0884,-0.0304,-0.0012,0.0,0.0
1779988770451,1,Pitching Mound.Delivery,,Loading,pitch.0,435983,-0.6365,-0.1888,0.5521,0.0561,-0.0254,0.1679,0.0,0.0
1779988770451,1,Pitching Mound.Drive,,Loading,pitch.0,436550,3.3406,1.346,21.6922,13.9036,-0.4032,-2.4845,0.0025,0.0853
1779988770451,1,Pitching Mound.Parent,,Loading,pitch.0,435604,2.8639,1.1493,22.2888,13.8622,-0.8451,-2.3902,0.0049,0.0898
1779988770452,1,11.0000004b,Drive,Loading,pitch.0,436551,3.1356,1.3385,21.2009,13.3358,-0.6944,-2.3178,0.0044,0.0837
1779988770452,1,12.00000015,Lower Delivery,Loading,pitch.0,436285,-0.5971,-0.2575,0.5383,-0.0332,0.0132,0.0004,0.0,0.0
1779988770452,1,12.00000015,Lower Delivery,Loading,pitch.0,436286,-0.6081,-0.2751,0.5449,-0.0295,0.0082,-0.003,0.0,0.0
1779988770452,1,12.00000018,Upper Delivery,Loading,pitch.0,437144,-0.0654,0.0454,0.044,-0.0884,-0.0304,-0.0012,0.0,0.0
1779988770452,1,Pitching Mound.Delivery,,Loading,pitch.0,435984,-0.6621,-0.2119,0.5821,0.0465,-0.0172,0.1801,0.0,0.0
1779988770452,1,Pitching Mound.Delivery,,Loading,pitch.0,435985,-0.6735,-0.2297,0.5889,0.0524,-0.0221,0.1803,0.0,0.0
1779988770452,1,Pitching Mound.Drive,,Loading,pitch.0,436551,3.1356,1.3385,21.2009,13.3358,-0.6944,-2.3178,0.0044,0.0837
1779988770452,1,Pitching Mound.Parent,,Loading,pitch.0,435605,2.6785,1.1341,22.2743,13.9501,-0.4204,-2.3044,0.0024,0.0906
1779988770452,1,Pitching Mound.Parent,,Loading,pitch.0,435606,2.4621,1.1088,21.7898,13.3882,-0.7165,-2.1375,0.0,0.0
1779988770453,1,11.0000004b,Drive,Loading,pitch.0,436552,2.9481,1.3366,20.7485,12.8528,-0.8482,-2.1589,0.0054,0.0825
1779988770453,1,12.00000018,Upper Delivery,Loading,pitch.0,437145,-0.0598,0.0535,0.0699,-0.0884,-0.0304,-0.0012,0.0,0.0
1779988770453,1,Pitching Mound.Drive,,Loading,pitch.0,436552,2.9481,1.3366,20.7485,12.8528,-0.8482,-2.1589,0.0054,0.0825
1779988770454,1,11.0000004b,Drive,Loading,pitch.0,436553,2.7504,1.3389,20.3886,12.5046,-0.9767,-2.0347,0.0064,0.0816
1779988770454,1,12.00000015,Lower Delivery,Loading,pitch.0,436288,-0.6245,-0.3171,0.5289,-0.0323,0.0078,-0.0046,0.0,0.0
1779988770454,1,12.00000015,Lower Delivery,Loading,pitch.0,436287,-0.6043,-0.297,0.5219,-0.0313,0.01,-0.0011,0.0,0.0
1779988770454,1,12.00000018,Upper Delivery,Loading,pitch.0,437146,-0.0533,0.0657,0.1023,-0.0884,-0.0304,-0.0012,0.0,0.0
1779988770454,1,Pitching Mound.Delivery,,Loading,pitch.0,435987,-0.6779,-0.2514,0.6312,0.0244,-0.0226,0.1884,0.0,0.0
1779988770454,1,Pitching Mound.Delivery,,Loading,pitch.0,435986,-0.6641,-0.2435,0.5918,0.034,-0.0204,0.1828,0.0,0.0
1779988770454,1,Pitching Mound.Drive,,Loading,pitch.0,436553,2.7504,1.3389,20.3886,12.5046,-0.9767,-2.0347,0.0064,0.0816
1779988770454,1,Pitching Mound.Parent,,Loading,pitch.0,435608,2.0725,1.0875,21.0199,12.5289,-0.9992,-1.8463,0.0,0.0
1779988770454,1,Pitching Mound.Parent,,Loading,pitch.0,435607,2.284,1.0931,21.3403,12.8868,-0.8686,-1.9761,0.0,0.0
1779988770455,1,11.0000004b,Drive,Loading,pitch.0,436554,2.5567,1.3419,20.0102,12.2517,-1.1459,-1.892,0.0076,0.0815
1779988770455,1,12.00000015,Lower Delivery,Loading,pitch.0,436289,-0.6044,-0.3285,0.4997,-0.0351,0.0016,-0.0052,0.0,0.0
1779988770455,1,12.00000018,Upper Delivery,Loading,pitch.0,437147,-0.0669,0.0515,0.0634,-0.0884,-0.0304,-0.0012,0.0,0.0
1779988770455,1,Pitching Mound.Delivery,,Loading,pitch.0,435988,-0.6713,-0.277,0.563,0.0248,-0.0288,0.1763,0.0,0.0
1779988770455,1,Pitching Mound.Drive,,Loading,pitch.0,436554,2.5567,1.3419,20.0102,12.2517,-1.1459,-1.892,0.0076,0.0815
1779988770455,1,Pitching Mound.Parent,,Loading,pitch.0,435609,1.8854,1.065,20.5732,12.2765,-1.1746,-1.7157,0.0,0.0
1779988770456,1,11.0000004b,Drive,Loading,pitch.0,436555,2.4118,1.3319,19.7729,12.077,-1.4459,-1.7661,0.0097,0.0813
1779988770456,1,12.00000015,Lower Delivery,Loading,pitch.0,436290,-0.6035,-0.3236,0.4983,-0.041,-0.0052,-0.0063,0.0,0.0
1779988770456,1,12.00000018,Upper Delivery,Loading,pitch.0,437148,-0.1067,0.1124,0.3003,-0.0884,-0.0304,-0.0012,0.0,0.0
1779988770456,1,Pitching Mound.Delivery,,Loading,pitch.0,435989,-0.7102,-0.2112,0.7986,-0.062,-0.0356,0.1614,0.0,0.0
1779988770456,1,Pitching Mound.Drive,,Loading,pitch.0,436555,2.4118,1.3319,19.7729,12.077,-1.4459,-1.7661,0.0097,0.0813
1779988770456,1,Pitching Mound.Parent,,Loading,pitch.0,435610,1.7016,1.1207,20.5715,12.015,-1.4816,-1.6046,0.0,0.0
1779988770457,1,11.0000004b,Drive,Loading,pitch.0,436556,2.254,1.3244,19.5034,11.9109,-1.8487,-1.6803,0.0126,0.0813
1779988770457,1,12.00000015,Lower Delivery,Loading,pitch.0,436291,-0.615,-0.3331,0.4965,-0.0445,-0.013,-0.0066,0.0,0.0
1779988770457,1,12.00000018,Upper Delivery,Loading,pitch.0,437149,-0.0662,0.054,0.0505,-0.0884,-0.0304,-0.0012,0.0,0.0
1779988770457,1,Pitching Mound.Delivery,,Loading,pitch.0,435990,-0.6812,-0.2791,0.547,0.0187,-0.0434,0.1788,0.0,0.0
1779988770457,1,Pitching Mound.Drive,,Loading,pitch.0,436556,2.254,1.3244,19.5034,11.9109,-1.8487,-1.6803,0.0126,0.0813
1779988770457,1,Pitching Mound.Parent,,Loading,pitch.0,435611,1.5727,1.0453,20.0504,11.9296,-1.8921,-1.5015,0.0,0.0
1779988770458,1,11.0000004b,Drive,Loading,pitch.0,436557,2.1339,1.2957,19.3529,11.8516,-2.0762,-1.5873,0.0143,0.0815
1779988770458,1,12.00000015,Lower Delivery,Loading,pitch.0,436292,-0.6465,-0.3463,0.5256,-0.042,-0.0105,-0.0078,0.0,0.0
1779988770458,1,12.00000018,Upper Delivery,Loading,pitch.0,437150,-0.0633,0.0504,0.0345,-0.0884,-0.0304,-0.0012,0.0,0.0
1779988770458,1,Pitching Mound.Delivery,,Loading,pitch.0,435991,-0.7098,-0.2959,0.5602,0.0366,-0.0409,0.1893,0.0,0.0
1779988770458,1,Pitching Mound.Drive,,Loading,pitch.0,436557,2.1339,1.2957,19.3529,11.8516,-2.0762,-1.5873,0.0143,0.0815
1779988770458,1,Pitching Mound.Parent,,Loading,pitch.0,435612,1.4241,0.9998,19.913,11.8882,-2.1171,-1.398,0.0,0.0
1779988770459,1,11.0000004b,Drive,Loading,pitch.0,436558,2.029,1.2776,19.2668,11.7854,-2.0721,-1.5041,0.0143,0.0814
1779988770459,1,12.00000015,Lower Delivery,Loading,pitch.0,436293,-0.6253,-0.3599,0.4886,-0.0387,-0.0114,-0.0069,0.0,0.0
1779988770459,1,12.00000018,Upper Delivery,Loading,pitch.0,437151,-0.0648,0.0532,0.0447,-0.0884,-0.0304,-0.0012,0.0,0.0
1779988770459,1,Pitching Mound.Delivery,,Loading,pitch.0,435992,-0.6901,-0.3067,0.5333,0.0239,-0.0418,0.1825,0.0,0.0
1779988770459,1,Pitching Mound.Drive,,Loading,pitch.0,436558,2.029,1.2776,19.2668,11.7854,-2.0721,-1.5041,0.0143,0.0814
1779988770459,1,Pitching Mound.Parent,,Loading,pitch.0,435613,1.3389,0.9709,19.8001,11.8092,-2.1139,-1.3216,0.0,0.0
1779988770460,1,11.0000004b,Drive,Loading,pitch.0,436559,1.8991,1.2571,19.0981,11.5867,-2.174,-1.4634,0.0152,0.0808
1779988770460,1,12.00000015,Lower Delivery,Loading,pitch.0,436294,-0.6145,-0.3546,0.4657,-0.0332,-0.011,-0.0071,0.0,0.0
1779988770460,1,12.00000018,Upper Delivery,Loading,pitch.0,437152,-0.0625,0.0536,0.0357,-0.0884,-0.0304,-0.0012,0.0,0.0
1779988770460,1,Pitching Mound.Delivery,,Loading,pitch.0,435993,-0.6769,-0.301,0.5013,0.0247,-0.0413,0.1794,0.0,0.0
1779988770460,1,Pitching Mound.Drive,,Loading,pitch.0,436559,1.8991,1.2571,19.0981,11.5867,-2.174,-1.4634,0.0152,0.0808
1779988770460,1,Pitching Mound.Parent,,Loading,pitch.0,435614,1.2222,0.9561,19.5994,11.6114,-2.2153,-1.284,0.0,0.0
1779988770461,1,11.0000004b,Drive,Loading,pitch.0,436560,1.7674,1.2126,18.9046,11.4387,-2.3994,-1.4011,0.0169,0.0806
1779988770461,1,12.00000015,Lower Delivery,Loading,pitch.0,436295,-0.6008,-0.3629,0.4385,-0.0218,-0.0075,-0.0074,0.0,0.0
1779988770461,1,12.00000018,Upper Delivery,Loading,pitch.0,437153,-0.0594,0.0548,0.0366,-0.0884,-0.0304,-0.0012,0.0,0.0
1779988770461,1,Pitching Mound.Delivery,,Loading,pitch.0,435994,-0.6602,-0.3081,0.475,0.0265,-0.0379,0.1755,0.0,0.0
1779988770461,1,Pitching Mound.Drive,,Loading,pitch.0,436560,1.7674,1.2126,18.9046,11.4387,-2.3994,-1.4011,0.0169,0.0806
1779988770461,1,Pitching Mound.Parent,,Loading,pitch.0,435615,1.1072,0.9044,19.3796,11.4652,-2.4373,-1.2256,0.0,0.0
1779988770462,1,11.0000004b,Drive,Loading,pitch.0,436561,1.6828,1.1956,18.8152,11.2484,-2.5737,-1.3456,0.0182,0.0796
1779988770462,1,12.00000015,Lower Delivery,Loading,pitch.0,436296,-0.5612,-0.3383,0.4343,-0.0189,-0.0081,-0.0067,0.0,0.0
1779988770462,1,12.00000018,Upper Delivery,Loading,pitch.0,437154,-0.0589,0.0579,0.0397,-0.0884,-0.0304,-0.0012,0.0,0.0
1779988770462,1,Pitching Mound.Delivery,,Loading,pitch.0,435995,-0.6201,-0.2804,0.474,0.0269,-0.0385,0.1628,0.0,0.0
1779988770462,1,Pitching Mound.Drive,,Loading,pitch.0,436561,1.6828,1.1956,18.8152,11.2484,-2.5737,-1.3456,0.0182,0.0796
1779988770462,1,Pitching Mound.Parent,,Loading,pitch.0,435616,1.0627,0.9151,19.2892,11.2753,-2.6122,-1.1828,0.0,0.0
1779988770463,1,11.0000004b,Drive,Loading,pitch.0,436562,1.6014,1.1762,18.7035,11.1089,-2.8226,-1.2999,0.0201,0.0791
1779988770463,1,12.00000015,Lower Delivery,Loading,pitch.0,436297,-0.5613,-0.3087,0.4585,-0.0259,-0.0071,-0.0052,0.0,0.0
1779988770463,1,12.00000018,Upper Delivery,Loading,pitch.0,437155,-0.0579,0.0596,0.0372,-0.0884,-0.0304,-0.0012,0.0,0.0
1779988770463,1,Pitching Mound.Delivery,,Loading,pitch.0,435996,-0.6192,-0.2491,0.4957,0.029,-0.0375,0.1648,0.0,0.0
1779988770463,1,Pitching Mound.Drive,,Loading,pitch.0,436562,1.6014,1.1762,18.7035,11.1089,-2.8226,-1.2999,0.0201,0.0791
1779988770463,1,Pitching Mound.Parent,,Loading,pitch.0,435617,0.9823,0.927,19.1992,11.1379,-2.8601,-1.135,0.0,0.0
1779988770464,1,11.0000004b,Drive,Loading,pitch.0,436563,1.5275,1.1386,18.603,10.9807,-2.9317,-1.2272,0.021,0.0786
1779988770464,1,12.00000015,Lower Delivery,Loading,pitch.0,436298,-0.5547,-0.3108,0.4516,-0.011,-0.0057,-0.0065,0.0,0.0
1779988770464,1,12.00000018,Upper Delivery,Loading,pitch.0,437156,-0.0561,0.0618,0.0352,-0.0884,-0.0304,-0.0012,0.0,0.0
1779988770464,1,Pitching Mound.Delivery,,Loading,pitch.0,435997,-0.6107,-0.249,0.4869,0.0422,-0.0361,0.1618,0.0,0.0
1779988770464,1,Pitching Mound.Drive,,Loading,pitch.0,436563,1.5275,1.1386,18.603,10.9807,-2.9317,-1.2272,0.021,0.0786
1779988770464,1,Pitching Mound.Parent,,Loading,pitch.0,435618,0.9168,0.8896,19.0899,11.0229,-2.9679,-1.0654,0.0,0.0
1779988770465,1,11.0000004b,Drive,Loading,pitch.0,436564,1.4471,1.1361,18.5047,10.7925,-3.0611,-1.1749,0.022,0.0776
1779988770465,1,12.00000015,Lower Delivery,Loading,pitch.0,436299,-0.5403,-0.2915,0.4526,-0.0162,-0.0102,-0.0046,0.0,0.0
1779988770465,1,12.00000018,Upper Delivery,Loading,pitch.0,437157,-0.053,0.0772,0.0672,-0.0884,-0.0304,-0.0012,0.0,0.0
1779988770465,1,Pitching Mound.Delivery,,Loading,pitch.0,435998,-0.5933,-0.2144,0.5198,0.0265,-0.0405,0.1599,0.0,0.0
1779988770465,1,Pitching Mound.Drive,,Loading,pitch.0,436564,1.4471,1.1361,18.5047,10.7925,-3.0611,-1.1749,0.022,0.0776
1779988770465,1,Pitching Mound.Parent,,Loading,pitch.0,435619,0.8538,0.9218,19.0246,10.819,-3.1016,-1.015,0.0,0.0
1779988770466,1,11.0000004b,Drive,Loading,pitch.0,436565,1.366,1.1145,18.2804,10.4662,-3.1831,-1.134,0.0232,0.0762
1779988770466,1,12.00000015,Lower Delivery,Loading,pitch.0,436300,-0.5927,-0.3092,0.4999,-0.011,-0.0138,-0.0038,0.0,0.0
1779988770466,1,12.00000018,Upper Delivery,Loading,pitch.0,437158,-0.0529,0.0665,0.03,-0.0884,-0.0304,-0.0012,0.0,0.0
1779988770466,1,Pitching Mound.Delivery,,Loading,pitch.0,435999,-0.6456,-0.2427,0.5298,0.0604,-0.0441,0.1785,0.0,0.0
1779988770466,1,Pitching Mound.Drive,,Loading,pitch.0,436565,1.366,1.1145,18.2804,10.4662,-3.1831,-1.134,0.0232,0.0762
1779988770466,1,Pitching Mound.Parent,,Loading,pitch.0,435620,0.7204,0.8718,18.8102,10.5267,-3.2272,-0.9555,0.0,0.0
1779988770467,1,11.0000004b,Drive,Loading,pitch.0,436566,1.2987,1.1058,18.0416,10.2849,-3.36,-1.0599,0.0248,0.0759
1779988770467,1,12.00000015,Lower Delivery,Loading,pitch.0,436301,-0.5722,-0.2901,0.4923,-0.0103,-0.012,-0.0019,0.0,0.0
1779988770467,1,12.00000018,Upper Delivery,Loading,pitch.0,437159,-0.0496,0.0665,0.0282,-0.0884,-0.0304,-0.0012,0.0,0.0
1779988770467,1,Pitching Mound.Delivery,,Loading,pitch.0,436000,-0.6218,-0.2235,0.5205,0.0591,-0.0424,0.1746,0.0,0.0
1779988770467,1,Pitching Mound.Drive,,Loading,pitch.0,436566,1.2987,1.1058,18.0416,10.2849,-3.36,-1.0599,0.0248,0.0759
1779988770467,1,Pitching Mound.Parent,,Loading,pitch.0,435621,0.6769,0.8823,18.5621,10.344,-3.4023,-0.8853,0.0,0.0
1779988770468,1,11.0000004b,Drive,Loading,pitch.0,436567,1.2147,1.0981,17.8042,10.0947,-3.5736,-1.0055,0.0267,0.0755
1779988770468,1,12.00000015,Lower Delivery,Loading,pitch.0,436302,-0.4804,-0.2559,0.408,-0.0088,-0.0066,-0.0008,0.0,0.0
1779988770468,1,12.00000018,Upper Delivery,Loading,pitch.0,437160,-0.0505,0.0741,0.0305,-0.0884,-0.0304,-0.0012,0.0,0.0
1779988770468,1,Pitching Mound.Delivery,,Loading,pitch.0,436001,-0.5308,-0.1818,0.4385,0.0312,-0.037,0.1442,0.0,0.0
1779988770468,1,Pitching Mound.Drive,,Loading,pitch.0,436567,1.2147,1.0981,17.8042,10.0947,-3.5736,-1.0055,0.0267,0.0755
1779988770468,1,Pitching Mound.Parent,,Loading,pitch.0,435622,0.6839,0.9163,18.2427,10.1259,-3.6105,-0.8613,0.0,0.0
1779988770469,1,11.0000004b,Drive,Loading,pitch.0,436568,1.1478,1.0794,17.582,9.8007,-3.6506,-0.9328,0.0276,0.0742
1779988770469,1,12.00000015,Lower Delivery,Loading,pitch.0,436303,-0.4512,-0.2385,0.3774,-0.0261,-0.0156,-0.0009,0.0,0.0
1779988770469,1,12.00000018,Upper Delivery,Loading,pitch.0,437161,-0.0521,0.1436,0.2273,-0.0884,-0.0304,-0.0012,0.0,0.0
1779988770469,1,Pitching Mound.Delivery,,Loading,pitch.0,436002,-0.5032,-0.095,0.6047,-0.0635,-0.046,0.1335,0.0,0.0
1779988770469,1,Pitching Mound.Drive,,Loading,pitch.0,436568,1.1478,1.0794,17.582,9.8007,-3.6506,-0.9328,0.0276,0.0742
1779988770469,1,Pitching Mound.Parent,,Loading,pitch.0,435623,0.6446,0.9844,18.1867,9.7372,-3.6966,-0.7992,0.0,0.0
1779988770470,1,11.0000004b,Drive,Loading,pitch.0,436569,1.0763,1.0636,17.3776,9.5527,-3.9077,-0.939,0.0299,0.0732
1779988770470,1,12.00000015,Lower Delivery,Loading,pitch.0,436304,-0.4042,-0.2148,0.3206,-0.0337,-0.0248,-0.0011,0.0,0.0
1779988770470,1,12.00000018,Upper Delivery,Loading,pitch.0,437162,-0.0519,0.0717,0.0186,-0.0884,-0.0304,-0.0012,0.0,0.0
1779988770470,1,Pitching Mound.Delivery,,Loading,pitch.0,436003,-0.4561,-0.1431,0.3392,-0.0194,-0.0551,0.1175,0.0,0.0
1779988770470,1,Pitching Mound.Drive,,Loading,pitch.0,436569,1.0763,1.0636,17.3776,9.5527,-3.9077,-0.939,0.0299,0.0732
1779988770470,1,Pitching Mound.Parent,,Loading,pitch.0,435624,0.6202,0.9205,17.7169,9.5333,-3.9629,-0.8215,0.0,0.0
1779988770471,1,11.0000004b,Drive,Loading,pitch.0,436570,1.028,1.0352,17.1256,9.3124,-4.182,-0.8803,0.0325,0.0724
1779988770471,1,12.00000015,Lower Delivery,Loading,pitch.0,436305,-0.4441,-0.2491,0.3492,-0.0475,-0.0282,-0.0026,0.0,0.0
1779988770471,1,12.00000018,Upper Delivery,Loading,pitch.0,437163,-0.0548,0.0708,0.0298,-0.0884,-0.0304,-0.0012,0.0,0.0
1779988770471,1,Pitching Mound.Delivery,,Loading,pitch.0,436004,-0.4989,-0.1784,0.3789,-0.0273,-0.0585,0.1286,0.0,0.0
1779988770471,1,Pitching Mound.Drive,,Loading,pitch.0,436570,1.028,1.0352,17.1256,9.3124,-4.182,-0.8803,0.0325,0.0724
1779988770471,1,Pitching Mound.Parent,,Loading,pitch.0,435625,0.5291,0.8568,17.5045,9.2851,-4.2406,-0.7518,0.0,0.0
1779988770472,1,11.0000004b,Drive,Loading,pitch.0,436571,0.9431,1.0412,16.8593,9.0917,-4.3592,-0.84,0.0344,0.0718
1779988770472,1,12.00000015,Lower Delivery,Loading,pitch.0,436306,-0.4444,-0.224,0.3617,-0.0568,-0.0308,-0.0023,0.0,0.0
1779988770472,1,12.00000018,Upper Delivery,Loading,pitch.0,437164,-0.055,0.0699,0.0337,-0.0884,-0.0304,-0.0012,0.0,0.0
1779988770472,1,Pitching Mound.Delivery,,Loading,pitch.0,436005,-0.4994,-0.1541,0.3954,-0.0337,-0.0611,0.1289,0.0,0.0
1779988770472,1,Pitching Mound.Drive,,Loading,pitch.0,436571,0.9431,1.0412,16.8593,9.0917,-4.3592,-0.84,0.0344,0.0718
1779988770472,1,Pitching Mound.Parent,,Loading,pitch.0,435626,0.4437,0.8872,17.2548,9.058,-4.4204,-0.7111,0.0,0.0
1779988770473,1,11.0000004b,Drive,Loading,pitch.0,436572,0.8769,1.0241,16.6209,8.8824,-4.4222,-0.8038,0.0354,0.0711
1779988770473,1,12.00000015,Lower Delivery,Loading,pitch.0,436307,-0.4717,-0.2388,0.3856,-0.0523,-0.0204,-0.0011,0.0,0.0
1779988770473,1,12.00000018,Upper Delivery,Loading,pitch.0,437165,-0.0598,0.0669,0.029,-0.0884,-0.0304,-0.0012,0.0,0.0
1779988770473,1,Pitching Mound.Delivery,,Loading,pitch.0,436006,-0.5315,-0.1719,0.4145,-0.0194,-0.0508,0.1377,0.0,0.0
1779988770473,1,Pitching Mound.Drive,,Loading,pitch.0,436572,0.8769,1.0241,16.6209,8.8824,-4.4222,-0.8038,0.0354,0.0711
1779988770473,1,Pitching Mound.Parent,,Loading,pitch.0,435627,0.3453,0.8522,17.0354,8.863,-4.4729,-0.6661,0.0,0.0
1779988770474,1,11.0000004b,Drive,Loading,pitch.0,436573,0.8142,0.9993,16.4505,8.6708,-4.5606,-0.7547,0.0369,0.0702
1779988770474,1,12.00000015,Lower Delivery,Loading,pitch.0,436308,-0.5299,-0.2509,0.4429,-0.0589,-0.0246,0.0001,0.0,0.0
1779988770474,1,12.00000018,Upper Delivery,Loading,pitch.0,437166,-0.0588,0.066,0.025,-0.0884,-0.0304,-0.0012,0.0,0.0
1779988770474,1,Pitching Mound.Delivery,,Loading,pitch.0,436007,-0.5888,-0.1849,0.4678,-0.0051,-0.055,0.159,0.0,0.0
1779988770474,1,Pitching Mound.Drive,,Loading,pitch.0,436573,0.8142,0.9993,16.4505,8.6708,-4.5606,-0.7547,0.0369,0.0702
1779988770474,1,Pitching Mound.Parent,,Loading,pitch.0,435628,0.2255,0.8143,16.9184,8.6657,-4.6156,-0.5957,0.0,0.0
1779988770475,1,11.0000004b,Drive,Loading,pitch.0,436574,0.7633,0.9871,16.2901,8.4265,-4.8741,-0.7508,0.0398,0.0689
1779988770475,1,12.00000015,Lower Delivery,Loading,pitch.0,436309,-0.5243,-0.2557,0.4382,-0.0772,-0.0175,0.0023,0.0,0.0
1779988770475,1,12.00000018,Upper Delivery,Loading,pitch.0,437167,-0.0585,0.0552,0.0166,-0.0884,-0.0304,-0.0012,0.0,0.0
1779988770475,1,Pitching Mound.Delivery,,Loading,pitch.0,436008,-0.5828,-0.2005,0.4548,-0.0223,-0.0479,0.1595,0.0,0.0
1779988770475,1,Pitching Mound.Drive,,Loading,pitch.0,436574,0.7633,0.9871,16.2901,8.4265,-4.8741,-0.7508,0.0398,0.0689
1779988770475,1,Pitching Mound.Parent,,Loading,pitch.0,435629,0.1806,0.7866,16.745,8.4042,-4.922,-0.5913,0.0,0.0
1779988770476,1,11.0000004b,Drive,Loading,pitch.0,436575,0.7023,0.9677,16.0681,8.2185,-5.0416,-0.7546,0.0418,0.0681
1779988770476,1,12.00000015,Lower Delivery,Loading,pitch.0,436310,-0.5564,-0.2688,0.4709,-0.0687,-0.0122,0.0013,0.0,0.0
1779988770476,1,12.00000018,Upper Delivery,Loading,pitch.0,437168,-0.0604,0.054,0.016,-0.0884,-0.0304,-0.0012,0.0,0.0
1779988770476,1,Pitching Mound.Delivery,,Loading,pitch.0,436009,-0.6169,-0.2148,0.4869,-0.0024,-0.0426,0.1687,0.0,0.0
1779988770476,1,Pitching Mound.Drive,,Loading,pitch.0,436575,0.7023,0.9677,16.0681,8.2185,-5.0416,-0.7546,0.0418,0.0681
1779988770476,1,Pitching Mound.Parent,,Loading,pitch.0,435630,0.0855,0.7529,16.555,8.2161,-5.0841,-0.5858,0.0,0.0
1779988770477,1,11.0000004b,Drive,Loading,pitch.0,436576,0.6577,0.9421,15.943,8.1006,-5.1766,-0.7058,0.0432,0.0676
1779988770477,1,12.00000015,Lower Delivery,Loading,pitch.0,436311,-0.5674,-0.2805,0.4774,-0.0598,-0.0074,0.0002,0.0,0.0
1779988770477,1,12.00000018,Upper Delivery,Loading,pitch.0,437169,-0.0592,0.055,0.0047,-0.0884,-0.0304,-0.0012,0.0,0.0
1779988770477,1,Pitching Mound.Delivery,,Loading,pitch.0,436010,-0.6266,-0.2256,0.4821,0.0126,-0.0377,0.1718,0.0,0.0
1779988770477,1,Pitching Mound.Drive,,Loading,pitch.0,436576,0.6577,0.9421,15.943,8.1006,-5.1766,-0.7058,0.0432,0.0676
1779988770477,1,Pitching Mound.Parent,,Loading,pitch.0,435631,0.0311,0.7165,16.4251,8.1131,-5.2144,-0.534,0.0,0.0
1779988770478,1,11.0000004b,Drive,Loading,pitch.0,436577,0.5982,0.917,15.7007,7.9009,-5.2611,-0.6894,0.0446,0.067
1779988770478,1,12.00000015,Lower Delivery,Loading,pitch.0,436312,-0.5865,-0.2849,0.4949,-0.0537,-0.0092,-0.0003,0.0,0.0
1779988770478,1,12.00000018,Upper Delivery,Loading,pitch.0,437170,-0.0623,0.0579,0.008,-0.0884,-0.0304,-0.0012,0.0,0.0
1779988770478,1,Pitching Mound.Delivery,,Loading,pitch.0,436011,-0.6487,-0.2271,0.503,0.0234,-0.0395,0.1767,0.0,0.0
1779988770478,1,Pitching Mound.Drive,,Loading,pitch.0,436577,0.5982,0.917,15.7007,7.9009,-5.2611,-0.6894,0.0446,0.067
1779988770478,1,Pitching Mound.Parent,,Loading,pitch.0,435632,-0.0505,0.6899,16.2037,7.9243,-5.3007,-0.5126,0.0,0.0
1779988770479,1,11.0000004b,Drive,Loading,pitch.0,436578,0.5493,0.9176,15.6054,7.7659,-5.5047,-0.6322,0.047,0.0663
1779988770479,1,12.00000015,Lower Delivery,Loading,pitch.0,436313,-0.6415,-0.3075,0.54,-0.0477,-0.0068,0.0002,0.0,0.0
1779988770479,1,12.00000018,Upper Delivery,Loading,pitch.0,437171,-0.0617,0.0592,0.0099,-0.0884,-0.0304,-0.0012,0.0,0.0
1779988770479,1,Pitching Mound.Delivery,,Loading,pitch.0,436012,-0.7032,-0.2483,0.5499,0.0441,-0.0372,0.1962,0.0,0.0
1779988770479,1,Pitching Mound.Drive,,Loading,pitch.0,436578,0.5493,0.9176,15.6054,7.7659,-5.5047,-0.6322,0.047,0.0663
1779988770479,1,Pitching Mound.Parent,,Loading,pitch.0,435633,-0.1539,0.6693,16.1553,7.8101,-5.5419,-0.436,0.0,0.0
1779988770480,1,11.0000004b,Drive,Loading,pitch.0,436579,0.5136,0.911,15.392,7.628,-5.6894,-0.6129,0.0492,0.066
1779988770480,1,12.00000015,Lower Delivery,Loading,pitch.0,436314,-0.612,-0.2882,0.5146,-0.0444,-0.0043,-0.0013,0.0,0.0
1779988770480,1,12.00000018,Upper Delivery,Loading,pitch.0,437172,-0.0596,0.0573,0.0102,-0.0884,-0.0304,-0.0012,0.0,0.0
1779988770480,1,Pitching Mound.Delivery,,Loading,pitch.0,436013,-0.6717,-0.2309,0.5248,0.0388,-0.0347,0.1854,0.0,0.0
1779988770480,1,Pitching Mound.Drive,,Loading,pitch.0,436579,0.5136,0.911,15.392,7.628,-5.6894,-0.6129,0.0492,0.066
1779988770480,1,Pitching Mound.Parent,,Loading,pitch.0,435634,-0.1581,0.6802,15.9168,7.6668,-5.7241,-0.4276,0.0,0.0
1779988770481,1,11.0000004b,Drive,Loading,pitch.0,436580,0.4905,0.9264,15.2158,7.4483,-5.936,-0.5505,0.0519,0.0652
1779988770481,1,12.00000015,Lower Delivery,Loading,pitch.0,436315,-0.5886,-0.309,0.4797,-0.0361,-0.002,-0.0025,0.0,0.0
1779988770481,1,12.00000018,Upper Delivery,Loading,pitch.0,437173,-0.0633,0.0527,0.0277,-0.0884,-0.0304,-0.0012,0.0,0.0
1779988770481,1,Pitching Mound.Delivery,,Loading,pitch.0,436014,-0.6519,-0.2563,0.5073,0.0292,-0.0324,0.1749,0.0,0.0
1779988770481,1,Pitching Mound.Drive,,Loading,pitch.0,436580,0.4905,0.9264,15.2158,7.4483,-5.936,-0.5505,0.0519,0.0652
1779988770481,1,Pitching Mound.Parent,,Loading,pitch.0,435635,-0.1613,0.6701,15.7231,7.4775,-5.9684,-0.3756,0.0,0.0
1779988770482,1,11.0000004b,Drive,Loading,pitch.0,436581,0.4675,0.9215,15.1132,7.2677,-6.2043,-0.5125,0.0547,0.064
1779988770482,1,12.00000015,Lower Delivery,Loading,pitch.0,436316,-0.5952,-0.2677,0.4868,-0.0338,-0.0063,-0.0042,0.0,0.0
1779988770482,1,12.00000018,Upper Delivery,Loading,pitch.0,437174,-0.0665,0.0533,0.0316,-0.0884,-0.0304,-0.0012,0.0,0.0
1779988770482,1,Pitching Mound.Delivery,,Loading,pitch.0,436015,-0.6617,-0.2144,0.5183,0.0327,-0.0367,0.1743,0.0,0.0
1779988770482,1,Pitching Mound.Drive,,Loading,pitch.0,436581,0.4675,0.9215,15.1132,7.2677,-6.2043,-0.5125,0.0547,0.064
1779988770482,1,Pitching Mound.Parent,,Loading,pitch.0,435636,-0.1942,0.7071,15.6316,7.3003,-6.241,-0.3382,0.0,0.0
1779988770483,1,11.0000004b,Drive,Loading,pitch.0,436582,0.4494,0.9307,15.0592,7.1436,-6.2933,-0.482,0.0556,0.0632
1779988770483,1,12.00000015,Lower Delivery,Loading,pitch.0,436317,-0.6212,-0.2689,0.5273,-0.034,0.0004,-0.0035,0.0,0.0
1779988770483,1,12.00000018,Upper Delivery,Loading,pitch.0,437175,-0.0691,0.0488,0.0273,-0.0884,-0.0304,-0.0012,0.0,0.0
1779988770483,1,Pitching Mound.Delivery,,Loading,pitch.0,436016,-0.6904,-0.2201,0.5546,0.0476,-0.03,0.183,0.0,0.0
1779988770483,1,Pitching Mound.Drive,,Loading,pitch.0,436582,0.4494,0.9307,15.0592,7.1436,-6.2933,-0.482,0.0556,0.0632
1779988770483,1,Pitching Mound.Parent,,Loading,pitch.0,435637,-0.2409,0.7106,15.6138,7.1912,-6.3233,-0.299,0.0,0.0
1779988770484,1,11.0000004b,Drive,Loading,pitch.0,436583,0.4364,0.9424,15.0149,6.9617,-6.571,-0.4468,0.0583,0.0617
1779988770484,1,12.00000015,Lower Delivery,Loading,pitch.0,436318,-0.6028,-0.2752,0.5031,-0.0278,-0.0103,-0.0066,0.0,0.0
1779988770484,1,12.00000018,Upper Delivery,Loading,pitch.0,437176,-0.0661,0.0512,0.0295,-0.0884,-0.0304,-0.0012,0.0,0.0
1779988770484,1,Pitching Mound.Delivery,,Loading,pitch.0,436017,-0.6688,-0.224,0.5325,0.0448,-0.0407,0.1747,0.0,0.0
1779988770484,1,Pitching Mound.Drive,,Loading,pitch.0,436583,0.4364,0.9424,15.0149,6.9617,-6.571,-0.4468,0.0583,0.0617
1779988770484,1,Pitching Mound.Parent,,Loading,pitch.0,435638,-0.2325,0.7183,15.5475,7.0065,-6.6117,-0.2721,0.0,0.0
1779988770485,1,11.0000004b,Drive,Loading,pitch.0,436584,0.4128,0.954,14.8206,6.8638,-6.7091,-0.4306,0.0603,0.0617
1779988770485,1,12.00000015,Lower Delivery,Loading,pitch.0,436319,-0.6291,-0.3032,0.5284,-0.0133,-0.0062,-0.0057,0.0,0.0
1779988770485,1,12.00000018,Upper Delivery,Loading,pitch.0,437177,-0.0682,0.0468,0.0308,-0.0884,-0.0304,-0.0012,0.0,0.0
1779988770485,1,Pitching Mound.Delivery,,Loading,pitch.0,436018,-0.6973,-0.2564,0.5592,0.0675,-0.0366,0.1838,0.0,0.0
1779988770485,1,Pitching Mound.Drive,,Loading,pitch.0,436584,0.4128,0.954,14.8206,6.8638,-6.7091,-0.4306,0.0603,0.0617
1779988770485,1,Pitching Mound.Parent,,Loading,pitch.0,435639,-0.2845,0.6976,15.3799,6.9313,-6.7457,-0.2468,0.0,0.0
1779988770486,1,11.0000004b,Drive,Loading,pitch.0,436585,0.4115,0.9654,14.7965,6.7655,-6.7896,-0.4203,0.0611,0.0609
1779988770486,1,12.00000015,Lower Delivery,Loading,pitch.0,436320,-0.6499,-0.3301,0.5416,-0.0139,-0.0008,-0.0026,0.0,0.0
1779988770486,1,12.00000018,Upper Delivery,Loading,pitch.0,437178,-0.0637,0.0513,0.0248,-0.0884,-0.0304,-0.0012,0.0,0.0
1779988770486,1,Pitching Mound.Delivery,,Loading,pitch.0,436019,-0.7136,-0.2789,0.5665,0.0735,-0.0311,0.1955,0.0,0.0
1779988770486,1,Pitching Mound.Drive,,Loading,pitch.0,436585,0.4115,0.9654,14.7965,6.7655,-6.7896,-0.4203,0.0611,0.0609
1779988770486,1,Pitching Mound.Parent,,Loading,pitch.0,435640,-0.3021,0.6865,15.363,6.8389,-6.8207,-0.2248,0.0,0.0
1779988770487,1,11.0000004b,Drive,Loading,pitch.0,436586,0.3837,0.9765,14.7562,6.7672,-7.0054,-0.3545,0.0632,0.0611
1779988770487,1,12.00000015,Lower Delivery,Loading,pitch.0,436321,-0.668,-0.351,0.5554,-0.0231,0.0057,-0.0017,0.0,0.0
1779988770487,1,12.00000018,Upper Delivery,Loading,pitch.0,437179,-0.0612,0.0519,0.0294,-0.0884,-0.0304,-0.0012,0.0,0.0
1779988770487,1,Pitching Mound.Delivery,,Loading,pitch.0,436020,-0.7291,-0.2992,0.5849,0.0674,-0.0246,0.2034,0.0,0.0
1779988770487,1,Pitching Mound.Drive,,Loading,pitch.0,436586,0.3837,0.9765,14.7562,6.7672,-7.0054,-0.3545,0.0632,0.0611
1779988770487,1,Pitching Mound.Parent,,Loading,pitch.0,435641,-0.3454,0.6773,15.3411,6.8346,-7.03,-0.1512,0.0,0.0
1779988770488,1,11.0000004b,Drive,Loading,pitch.0,436587,0.4034,0.999,14.6239,6.6016,-7.2451,-0.3673,0.066,0.0601
1779988770488,1,12.00000015,Lower Delivery,Loading,pitch.0,436322,-0.677,-0.3287,0.5798,-0.0227,0.0033,-0.0019,0.0,0.0
1779988770488,1,12.00000018,Upper Delivery,Loading,pitch.0,437180,-0.0615,0.0488,0.0238,-0.0884,-0.0304,-0.0012,0.0,0.0
1779988770488,1,Pitching Mound.Delivery,,Loading,pitch.0,436021,-0.7385,-0.28,0.6037,0.078,-0.0271,0.2062,0.0,0.0
1779988770488,1,Pitching Mound.Drive,,Loading,pitch.0,436587,0.4034,0.999,14.6239,6.6016,-7.2451,-0.3673,0.066,0.0601
1779988770488,1,Pitching Mound.Parent,,Loading,pitch.0,435642,-0.3351,0.7191,15.2275,6.6796,-7.2722,-0.1612,0.0,0.0
1779988770489,1,11.0000004b,Drive,Loading,pitch.0,436588,0.4141,0.9913,14.5713,6.5201,-7.3022,-0.344,0.0667,0.0596
1779988770489,1,12.00000015,Lower Delivery,Loading,pitch.0,436323,-0.7098,-0.3293,0.6246,-0.0206,0.0084,-0.0003,0.0,0.0
1779988770489,1,12.00000018,Upper Delivery,Loading,pitch.0,437181,-0.063,0.0546,0.0413,-0.0884,-0.0304,-0.0012,0.0,0.0
1779988770489,1,Pitching Mound.Delivery,,Loading,pitch.0,436022,-0.7728,-0.2747,0.666,0.0893,-0.022,0.2184,0.0,0.0
1779988770489,1,Pitching Mound.Drive,,Loading,pitch.0,436588,0.4141,0.9913,14.5713,6.5201,-7.3022,-0.344,0.0667,0.0596
1779988770489,1,Pitching Mound.Parent,,Loading,pitch.0,435643,-0.3587,0.7165,15.2373,6.6094,-7.3242,-0.1256,0.0,0.0
1779988770490,1,11.0000004b,Drive,Loading,pitch.0,436589,0.4055,0.99,14.521,6.4387,-7.1183,-0.3392,0.0653,0.059
1779988770490,1,12.00000015,Lower Delivery,Loading,pitch.0,436324,-0.7235,-0.358,0.6562,-0.033,0.0028,0.0013,0.0,0.0
1779988770490,1,12.00000018,Upper Delivery,Loading,pitch.0,437182,-0.0596,0.0522,0.0377,-0.0884,-0.0304,-0.0012,0.0,0.0
1779988770490,1,Pitching Mound.Delivery,,Loading,pitch.0,436023,-0.7832,-0.3057,0.6939,0.0889,-0.0276,0.2259,0.0,0.0
1779988770490,1,Pitching Mound.Drive,,Loading,pitch.0,436589,0.4055,0.99,14.521,6.4387,-7.1183,-0.3392,0.0653,0.059
1779988770490,1,Pitching Mound.Parent,,Loading,pitch.0,435644,-0.3777,0.6842,15.2149,6.5276,-7.1459,-0.1134,0.0,0.0
1779988770491,1,11.0000004b,Drive,Loading,pitch.0,436590,0.3821,0.9853,14.4844,6.3993,-7.1597,-0.3659,0.0658,0.0588
1779988770491,1,12.00000015,Lower Delivery,Loading,pitch.0,436325,-0.7264,-0.3344,0.6687,-0.0474,0.0062,0.0071,0.0,0.0
1779988770491,1,12.00000018,Upper Delivery,Loading,pitch.0,437183,-0.0612,0.0487,0.0453,-0.0884,-0.0304,-0.0012,0.0,0.0
1779988770491,1,Pitching Mound.Delivery,,Loading,pitch.0,436024,-0.7876,-0.2857,0.714,0.0763,-0.0241,0.2321,0.0,0.0
1779988770491,1,Pitching Mound.Drive,,Loading,pitch.0,436590,0.3821,0.9853,14.4844,6.3993,-7.1597,-0.3659,0.0658,0.0588
1779988770491,1,Pitching Mound.Parent,,Loading,pitch.0,435645,-0.4055,0.6996,15.1984,6.4756,-7.1838,-0.1339,0.0,0.0
1779988770492,1,11.0000004b,Drive,Loading,pitch.0,436591,0.3775,0.9573,14.4403,6.2591,-7.2403,-0.3582,0.0667,0.0577
1779988770492,1,12.00000015,Lower Delivery,Loading,pitch.0,436326,-0.7788,-0.3391,0.7469,-0.0396,0.0094,0.0054,0.0,0.0
1779988770492,1,12.00000018,Upper Delivery,Loading,pitch.0,437184,-0.0622,0.0454,0.0433,-0.0884,-0.0304,-0.0012,0.0,0.0
1779988770492,1,Pitching Mound.Delivery,,Loading,pitch.0,436025,-0.841,-0.2937,0.7902,0.1113,-0.0209,0.2479,0.0,0.0
1779988770492,1,Pitching Mound.Drive,,Loading,pitch.0,436591,0.3775,0.9573,14.4403,6.2591,-7.2403,-0.3582,0.0667,0.0577
1779988770492,1,Pitching Mound.Parent,,Loading,pitch.0,435646,-0.4636,0.6636,15.2305,6.3704,-7.2612,-0.1103,0.0,0.0
1779988770493,1,11.0000004b,Drive,Loading,pitch.0,436592,0.3574,0.9587,14.4042,6.1666,-7.2328,-0.3656,0.0668,0.057
1779988770493,1,12.00000015,Lower Delivery,Loading,pitch.0,436327,-0.7255,-0.2993,0.6706,-0.0549,0.006,0.0081,0.0,0.0
1779988770493,1,12.00000018,Upper Delivery,Loading,pitch.0,437185,-0.0682,0.0462,0.0494,-0.0884,-0.0304,-0.0012,0.0,0.0
1779988770493,1,Pitching Mound.Delivery,,Loading,pitch.0,436026,-0.7937,-0.2531,0.72,0.0679,-0.0244,0.2303,0.0,0.0
1779988770493,1,Pitching Mound.Drive,,Loading,pitch.0,436592,0.3574,0.9587,14.4042,6.1666,-7.2328,-0.3656,0.0668,0.057
1779988770493,1,Pitching Mound.Parent,,Loading,pitch.0,435647,-0.4363,0.7056,15.1243,6.2345,-7.2572,-0.1353,0.0,0.0
1779988770494,1,11.0000004b,Drive,Loading,pitch.0,436593,0.3425,0.9407,14.3017,6.1222,-7.2772,-0.3559,0.0677,0.057
1779988770494,1,12.00000015,Lower Delivery,Loading,pitch.0,436328,-0.7079,-0.3056,0.6643,-0.0536,0.0025,0.009,0.0,0.0
1779988770494,1,12.00000018,Upper Delivery,Loading,pitch.0,437186,-0.0653,0.0469,0.0522,-0.0884,-0.0304,-0.0012,0.0,0.0
1779988770494,1,Pitching Mound.Delivery,,Loading,pitch.0,436027,-0.7732,-0.2587,0.7165,0.0662,-0.0279,0.2262,0.0,0.0
1779988770494,1,Pitching Mound.Drive,,Loading,pitch.0,436593,0.3425,0.9407,14.3017,6.1222,-7.2772,-0.3559,0.0677,0.057
1779988770494,1,Pitching Mound.Parent,,Loading,pitch.0,435648,-0.4308,0.6821,15.0182,6.1884,-7.3051,-0.1296,0.0,0.0
1779988770495,1,11.0000004b,Drive,Loading,pitch.0,436594,0.3145,0.9235,14.1846,6.0801,-7.2932,-0.377,0.0684,0.0571
1779988770495,1,12.00000015,Lower Delivery,Loading,pitch.0,436329,-0.7191,-0.3081,0.6936,-0.0544,-0.016,0.0038,0.0,0.0
1779988770495,1,12.00000018,Upper Delivery,Loading,pitch.0,437187,-0.0613,0.0747,0.1215,-0.0884,-0.0304,-0.0012,0.0,0.0
1779988770495,1,Pitching Mound.Delivery,,Loading,pitch.0,436028,-0.7805,-0.2333,0.815,0.0517,-0.0464,0.2263,0.0,0.0
1779988770495,1,Pitching Mound.Drive,,Loading,pitch.0,436594,0.3145,0.9235,14.1846,6.0801,-7.2932,-0.377,0.0684,0.0571
1779988770495,1,Pitching Mound.Parent,,Loading,pitch.0,435649,-0.4659,0.6902,14.9997,6.1318,-7.3396,-0.1507,0.0,0.0
1779988770496,1,11.0000004b,Drive,Loading,pitch.0,436595,0.3129,0.8956,14.1043,5.9955,-7.3166,-0.3633,0.0691,0.0566
1779988770496,1,12.00000015,Lower Delivery,Loading,pitch.0,436330,-0.6912,-0.3101,0.673,-0.0595,-0.0104,0.0028,0.0,0.0
1779988770496,1,12.00000018,Upper Delivery,Loading,pitch.0,437188,-0.0663,0.0493,0.0525,-0.0884,-0.0304,-0.0012,0.0,0.0
1779988770496,1,Pitching Mound.Delivery,,Loading,pitch.0,436029,-0.7576,-0.2608,0.7255,0.0631,-0.0408,0.2141,0.0,0.0
1779988770496,1,Pitching Mound.Drive,,Loading,pitch.0,436595,0.3129,0.8956,14.1043,5.9955,-7.3166,-0.3633,0.0691,0.0566
1779988770496,1,Pitching Mound.Parent,,Loading,pitch.0,435650,-0.4447,0.6348,14.8298,6.0586,-7.3574,-0.1492,0.0,0.0
1779988770497,1,11.0000004b,Drive,Loading,pitch.0,436596,0.2706,0.8653,14.0402,5.8679,-7.4072,-0.376,0.0702,0.0556
1779988770497,1,12.00000015,Lower Delivery,Loading,pitch.0,436331,-0.7005,-0.3004,0.704,-0.041,-0.0097,0.0023,0.0,0.0
1779988770497,1,12.00000018,Upper Delivery,Loading,pitch.0,437189,-0.0636,0.0493,0.0452,-0.0884,-0.0304,-0.0012,0.0,0.0
1779988770497,1,Pitching Mound.Delivery,,Loading,pitch.0,436030,-0.764,-0.2511,0.7492,0.0947,-0.0401,0.2176,0.0,0.0
1779988770497,1,Pitching Mound.Drive,,Loading,pitch.0,436596,0.2706,0.8653,14.0402,5.8679,-7.4072,-0.376,0.0702,0.0556
1779988770497,1,Pitching Mound.Parent,,Loading,pitch.0,435651,-0.4934,0.6142,14.7894,5.9626,-7.4473,-0.1584,0.0,0.0
1779988770498,1,11.0000004b,Drive,Loading,pitch.0,436597,0.258,0.8547,13.9344,5.7852,-7.455,-0.3841,0.0712,0.0553
1779988770498,1,12.00000015,Lower Delivery,Loading,pitch.0,436332,-0.7071,-0.3233,0.7615,-0.0362,0.0076,0.0013,0.0,0.0
1779988770498,1,12.00000018,Upper Delivery,Loading,pitch.0,437190,-0.0641,0.0513,0.0456,-0.0884,-0.0304,-0.0012,0.0,0.0
1779988770498,1,Pitching Mound.Delivery,,Loading,pitch.0,436031,-0.7711,-0.2721,0.8071,0.1189,-0.0228,0.2187,0.0,0.0
1779988770498,1,Pitching Mound.Drive,,Loading,pitch.0,436597,0.258,0.8547,13.9344,5.7852,-7.455,-0.3841,0.0712,0.0553
1779988770498,1,Pitching Mound.Parent,,Loading,pitch.0,435652,-0.5132,0.5826,14.7415,5.904,-7.4778,-0.1653,0.0,0.0
1779988770499,1,11.0000004b,Drive,Loading,pitch.0,436598,0.2563,0.8179,13.8413,5.7112,-7.6189,-0.3816,0.0733,0.0549
1779988770499,1,12.00000015,Lower Delivery,Loading,pitch.0,436333,-0.7499,-0.3341,0.8106,-0.0244,0.0095,-0.001,0.0,0.0
1779988770499,1,12.00000018,Upper Delivery,Loading,pitch.0,437191,-0.0627,0.0533,0.0483,-0.0884,-0.0304,-0.0012,0.0,0.0
1779988770499,1,Pitching Mound.Delivery,,Loading,pitch.0,436032,-0.8126,-0.2808,0.8589,0.1465,-0.0208,0.2314,0.0,0.0
1779988770499,1,Pitching Mound.Drive,,Loading,pitch.0,436598,0.2563,0.8179,13.8413,5.7112,-7.6189,-0.3816,0.0733,0.0549
1779988770499,1,Pitching Mound.Parent,,Loading,pitch.0,435653,-0.5563,0.5371,14.7002,5.8577,-7.6397,-0.1502,0.0,0.0
1779988770500,1,11.0000004b,Drive,Loading,pitch.0,436599,0.2348,0.8013,13.8251,5.621,-7.6593,-0.4236,0.0738,0.0541
1779988770500,1,12.00000015,Lower Delivery,Loading,pitch.0,436334,-0.7154,-0.3573,0.7436,-0.0218,0.0064,-0.0027,0.0,0.0
1779988770500,1,12.00000018,Upper Delivery,Loading,pitch.0,437192,-0.0617,0.0489,0.0373,-0.0884,-0.0304,-0.0012,0.0,0.0
1779988770500,1,Pitching Mound.Delivery,,Loading,pitch.0,436033,-0.7771,-0.3085,0.7809,0.13,-0.0239,0.2184,0.0,0.0
1779988770500,1,Pitching Mound.Drive,,Loading,pitch.0,436599,0.2348,0.8013,13.8251,5.621,-7.6593,-0.4236,0.0738,0.0541
1779988770500,1,Pitching Mound.Parent,,Loading,pitch.0,435654,-0.5423,0.4929,14.606,5.751,-7.6833,-0.2052,0.0,0.0
1779988770501,1,11.0000004b,Drive,Loading,pitch.0,436600,0.2199,0.7865,13.7989,5.5307,-7.746,-0.4157,0.0747,0.0534
1779988770501,1,12.00000015,Lower Delivery,Loading,pitch.0,436335,-0.6809,-0.3433,0.6851,-0.022,0.014,-0.0009,0.0,0.0
1779988770501,1,12.00000018,Upper Delivery,Loading,pitch.0,437193,-0.0644,0.0512,0.0455,-0.0884,-0.0304,-0.0012,0.0,0.0
1779988770501,1,Pitching Mound.Delivery,,Loading,pitch.0,436034,-0.7453,-0.2921,0.7306,0.1072,-0.0164,0.2075,0.0,0.0
1779988770501,1,Pitching Mound.Drive,,Loading,pitch.0,436600,0.2199,0.7865,13.7989,5.5307,-7.746,-0.4157,0.0747,0.0534
1779988770501,1,Pitching Mound.Parent,,Loading,pitch.0,435655,-0.5254,0.4944,14.5295,5.6379,-7.7624,-0.2081,0.0,0.0
1779988770502,1,11.0000004b,Drive,Loading,pitch.0,436601,0.2265,0.7749,13.7205,5.3939,-7.847,-0.4162,0.0761,0.0523
1779988770502,1,12.00000015,Lower Delivery,Loading,pitch.0,436336,-0.6667,-0.3568,0.5697,-0.0165,0.0114,-0.0026,0.0,0.0
1779988770502,1,12.00000018,Upper Delivery,Loading,pitch.0,437194,-0.0676,0.0512,0.0498,-0.0884,-0.0304,-0.0012,0.0,0.0
1779988770502,1,Pitching Mound.Delivery,,Loading,pitch.0,436035,-0.7343,-0.3057,0.6194,0.0719,-0.0189,0.1999,0.0,0.0
1779988770502,1,Pitching Mound.Drive,,Loading,pitch.0,436601,0.2265,0.7749,13.7205,5.3939,-7.847,-0.4162,0.0761,0.0523
1779988770502,1,Pitching Mound.Parent,,Loading,pitch.0,435656,-0.5078,0.4692,14.3399,5.4658,-7.8659,-0.2163,0.0,0.0
1779988770503,1,11.0000004b,Drive,Loading,pitch.0,436602,0.2395,0.7552,13.6349,5.2696,-7.9356,-0.4305,0.0775,0.0515
1779988770503,1,12.00000015,Lower Delivery,Loading,pitch.0,436337,-0.6212,-0.3314,0.5316,-0.0166,0.0097,-0.002,0.0,0.0
1779988770503,1,12.00000018,Upper Delivery,Loading,pitch.0,437195,-0.0694,0.0542,0.0493,-0.0884,-0.0304,-0.0012,0.0,0.0
1779988770503,1,Pitching Mound.Delivery,,Loading,pitch.0,436036,-0.6906,-0.2772,0.5809,0.059,-0.0207,0.1844,0.0,0.0
1779988770503,1,Pitching Mound.Drive,,Loading,pitch.0,436602,0.2395,0.7552,13.6349,5.2696,-7.9356,-0.4305,0.0775,0.0515
1779988770503,1,Pitching Mound.Parent,,Loading,pitch.0,435657,-0.4511,0.478,14.2158,5.3286,-7.9563,-0.246,0.0,0.0
1779988770504,1,11.0000004b,Drive,Loading,pitch.0,436603,0.2472,0.7289,13.5383,5.1795,-7.9482,-0.4364,0.0782,0.0509
1779988770504,1,11.0000004b,Drive,Loading,pitch.0,436604,0.2444,0.717,13.44,5.1113,-7.9198,-0.463,0.0784,0.0506
1779988770504,1,12.00000015,Lower Delivery,Loading,pitch.0,436338,-0.6129,-0.3412,0.5108,-0.0269,0.0089,-0.0022,0.0,0.0
1779988770504,1,12.00000018,Upper Delivery,Loading,pitch.0,437196,-0.0702,0.0454,0.0476,-0.0884,-0.0304,-0.0012,0.0,0.0
1779988770504,1,Pitching Mound.Delivery,,Loading,pitch.0,436037,-0.6831,-0.2958,0.5584,0.0423,-0.0214,0.1811,0.0,0.0
1779988770504,1,Pitching Mound.Drive,,Loading,pitch.0,436603,0.2472,0.7289,13.5383,5.1795,-7.9482,-0.4364,0.0782,0.0509
1779988770504,1,Pitching Mound.Drive,,Loading,pitch.0,436604,0.2444,0.717,13.44,5.1113,-7.9198,-0.463,0.0784,0.0506
1779988770504,1,Pitching Mound.Parent,,Loading,pitch.0,435658,-0.4359,0.4331,14.0967,5.2217,-7.9697,-0.2552,0.0,0.0
1779988770505,1,11.0000004b,Drive,Loading,pitch.0,436605,0.2577,0.7177,13.3692,4.9646,-7.9816,-0.4897,0.0795,0.0494
1779988770505,1,12.00000015,Lower Delivery,Loading,pitch.0,436339,-0.6046,-0.3631,0.4899,-0.0169,0.0095,-0.0031,0.0,0.0
1779988770505,1,12.00000018,Upper Delivery,Loading,pitch.0,437197,-0.0715,0.0475,0.0515,-0.0884,-0.0304,-0.0012,0.0,0.0
1779988770505,1,Pitching Mound.Delivery,,Loading,pitch.0,436038,-0.6761,-0.3156,0.5414,0.0438,-0.0209,0.177,0.0,0.0
1779988770505,1,Pitching Mound.Drive,,Loading,pitch.0,436605,0.2577,0.7177,13.3692,4.9646,-7.9816,-0.4897,0.0795,0.0494
1779988770505,1,Pitching Mound.Parent,,Loading,pitch.0,435659,-0.4317,0.4015,13.9814,5.155,-7.9407,-0.2861,0.0,0.0
1779988770506,1,11.0000004b,Drive,Loading,pitch.0,436606,0.2635,0.7094,13.3115,4.9821,-7.8975,-0.4839,0.079,0.0498
1779988770506,1,12.00000015,Lower Delivery,Loading,pitch.0,436340,-0.5592,-0.3556,0.4394,-0.0224,0.0052,-0.0036,0.0,0.0
1779988770506,1,12.00000018,Upper Delivery,Loading,pitch.0,437198,-0.0749,0.0472,0.06,-0.0884,-0.0304,-0.0012,0.0,0.0
1779988770506,1,Pitching Mound.Delivery,,Loading,pitch.0,436039,-0.6341,-0.3084,0.4993,0.0182,-0.0252,0.1598,0.0,0.0
1779988770506,1,Pitching Mound.Drive,,Loading,pitch.0,436606,0.2635,0.7094,13.3115,4.9821,-7.8975,-0.4839,0.079,0.0498
1779988770506,1,Pitching Mound.Parent,,Loading,pitch.0,435660,-0.3764,0.4093,13.8686,4.9827,-8.0069,-0.3299,0.0,0.0
1779988770507,1,12.00000015,Lower Delivery,Loading,pitch.0,436341,-0.5741,-0.3381,0.456,-0.0373,0.0006,-0.0042,0.0,0.0
1779988770507,1,12.00000018,Upper Delivery,Loading,pitch.0,437199,-0.0753,0.0428,0.0582,-0.0884,-0.0304,-0.0012,0.0,0.0
1779988770507,1,Pitching Mound.Delivery,,Loading,pitch.0,436040,-0.6494,-0.2953,0.5142,0.0096,-0.0298,0.1642,0.0,0.0
1779988770507,1,Pitching Mound.Parent,,Loading,pitch.0,435661,-0.3859,0.4141,13.8257,4.9917,-7.9273,-0.3197,0.0,0.0
1779988770508,1,11.0000004b,Drive,Loading,pitch.0,436607,0.2905,0.7036,13.156,4.9328,-7.7691,-0.5484,0.0786,0.0499
1779988770508,1,12.00000015,Lower Delivery,Loading,pitch.0,436342,-0.5947,-0.3284,0.4916,-0.0377,0.0013,-0.0054,0.0,0.0
1779988770508,1,12.00000018,Upper Delivery,Loading,pitch.0,437200,-0.0727,0.0427,0.0402,-0.0884,-0.0304,-0.0012,0.0,0.0
1779988770508,1,Pitching Mound.Delivery,,Loading,pitch.0,436041,-0.6675,-0.2857,0.5319,0.0274,-0.0291,0.1709,0.0,0.0
1779988770508,1,Pitching Mound.Drive,,Loading,pitch.0,436607,0.2905,0.7036,13.156,4.9328,-7.7691,-0.5484,0.0786,0.0499
1779988770508,1,Pitching Mound.Parent,,Loading,pitch.0,435662,-0.377,0.418,13.6879,4.9602,-7.7982,-0.3775,0.0,0.0
1779988770509,1,11.0000004b,Drive,Loading,pitch.0,436608,0.3171,0.6703,13.0906,4.8208,-7.6746,-0.5639,0.078,0.049
1779988770509,1,12.00000015,Lower Delivery,Loading,pitch.0,436343,-0.5585,-0.3237,0.4593,-0.0281,-0.0007,-0.0049,0.0,0.0
1779988770509,1,12.00000018,Upper Delivery,Loading,pitch.0,437201,-0.0724,0.0424,0.0388,-0.0884,-0.0304,-0.0012,0.0,0.0
1779988770509,1,Pitching Mound.Delivery,,Loading,pitch.0,436042,-0.6309,-0.2813,0.4981,0.0266,-0.0311,0.1592,0.0,0.0
1779988770509,1,Pitching Mound.Drive,,Loading,pitch.0,436608,0.3171,0.6703,13.0906,4.8208,-7.6746,-0.5639,0.078,0.049
1779988770509,1,Pitching Mound.Parent,,Loading,pitch.0,435663,-0.3139,0.389,13.5887,4.8474,-7.7057,-0.4047,0.0,0.0
1779988770510,1,11.0000004b,Drive,Loading,pitch.0,436609,0.3338,0.6638,12.8684,4.7676,-7.6585,-0.6007,0.0792,0.0493
1779988770510,1,11.0000004b,Drive,Loading,pitch.0,436610,0.3571,0.6458,12.8135,4.6228,-7.6461,-0.6532,0.0794,0.048
1779988770510,1,12.00000015,Lower Delivery,Loading,pitch.0,436344,-0.6204,-0.3168,0.5902,-0.0345,-0.0047,-0.0053,0.0,0.0
1779988770510,1,12.00000018,Upper Delivery,Loading,pitch.0,437202,-0.071,0.0423,0.0341,-0.0884,-0.0304,-0.0012,0.0,0.0
1779988770510,1,Pitching Mound.Delivery,,Loading,pitch.0,436043,-0.6914,-0.2745,0.6243,0.0663,-0.035,0.1803,0.0,0.0
1779988770510,1,Pitching Mound.Drive,,Loading,pitch.0,436609,0.3338,0.6638,12.8684,4.7676,-7.6585,-0.6007,0.0792,0.0493
1779988770510,1,Pitching Mound.Drive,,Loading,pitch.0,436610,0.3571,0.6458,12.8135,4.6228,-7.6461,-0.6532,0.0794,0.048
1779988770510,1,Pitching Mound.Parent,,Loading,pitch.0,435664,-0.3576,0.3893,13.4927,4.8338,-7.6936,-0.4204,0.0,0.0
1779988770511,1,12.00000015,Lower Delivery,Loading,pitch.0,436345,-0.6924,-0.3114,0.6165,-0.0447,-0.0001,-0.0014,0.0,0.0
1779988770511,1,12.00000018,Upper Delivery,Loading,pitch.0,437203,-0.0643,0.0477,0.042,-0.0884,-0.0304,-0.0012,0.0,0.0
1779988770511,1,Pitching Mound.Delivery,,Loading,pitch.0,436044,-0.7567,-0.2637,0.6586,0.0623,-0.0305,0.2109,0.0,0.0
1779988770511,1,Pitching Mound.Parent,,Loading,pitch.0,435665,-0.3997,0.3821,13.4721,4.685,-7.6765,-0.4423,0.0,0.0
1779988770512,1,11.0000004b,Drive,Loading,pitch.0,436611,0.3906,0.6309,12.5715,4.5885,-7.7051,-0.6532,0.0816,0.0486
1779988770512,1,12.00000015,Lower Delivery,Loading,pitch.0,436346,-0.7357,-0.2795,0.6752,-0.0591,-0.0037,-0.0023,0.0,0.0
1779988770512,1,12.00000018,Upper Delivery,Loading,pitch.0,437204,-0.0666,0.0457,0.041,-0.0884,-0.0304,-0.0012,0.0,0.0
1779988770512,1,Pitching Mound.Delivery,,Loading,pitch.0,436045,-0.8023,-0.2338,0.7162,0.0681,-0.034,0.224,0.0,0.0
1779988770512,1,Pitching Mound.Drive,,Loading,pitch.0,436611,0.3906,0.6309,12.5715,4.5885,-7.7051,-0.6532,0.0816,0.0486
1779988770512,1,Pitching Mound.Parent,,Loading,pitch.0,435666,-0.4117,0.3972,13.2877,4.6567,-7.7392,-0.4292,0.0,0.0
1779988770513,1,11.0000004b,Drive,Loading,pitch.0,436612,0.4076,0.6022,12.3782,4.6122,-7.447,-0.6681,0.0801,0.0496
1779988770513,1,12.00000015,Lower Delivery,Loading,pitch.0,436347,-0.7022,-0.2716,0.6418,-0.0597,-0.0125,-0.0022,0.0,0.0
1779988770513,1,12.00000018,Upper Delivery,Loading,pitch.0,437205,-0.0694,0.0469,0.0384,-0.0884,-0.0304,-0.0012,0.0,0.0
1779988770513,1,Pitching Mound.Delivery,,Loading,pitch.0,436046,-0.7716,-0.2247,0.6802,0.0571,-0.0429,0.2117,0.0,0.0
1779988770513,1,Pitching Mound.Drive,,Loading,pitch.0,436612,0.4076,0.6022,12.3782,4.6122,-7.447,-0.6681,0.0801,0.0496
1779988770513,1,Pitching Mound.Parent,,Loading,pitch.0,435667,-0.364,0.3775,13.0584,4.6692,-7.4899,-0.4564,0.0,0.0
1779988770514,1,11.0000004b,Drive,Loading,pitch.0,436613,0.4186,0.5999,12.2956,4.4829,-7.4737,-0.6873,0.0809,0.0485
1779988770514,1,11.0000004b,Drive,Loading,pitch.0,436614,0.4182,0.5609,12.0965,4.4108,-7.3663,-0.7054,0.0811,0.0485
1779988770514,1,12.00000015,Lower Delivery,Loading,pitch.0,436348,-0.7111,-0.2903,0.6407,-0.0527,-0.0089,-0.0025,0.0,0.0
1779988770514,1,12.00000018,Upper Delivery,Loading,pitch.0,437206,-0.0591,0.0895,0.1391,-0.0884,-0.0304,-0.0012,0.0,0.0
1779988770514,1,Pitching Mound.Delivery,,Loading,pitch.0,436047,-0.7702,-0.2009,0.7798,0.0295,-0.0393,0.218,0.0,0.0
1779988770514,1,Pitching Mound.Drive,,Loading,pitch.0,436613,0.4186,0.5999,12.2956,4.4829,-7.4737,-0.6873,0.0809,0.0485
1779988770514,1,Pitching Mound.Drive,,Loading,pitch.0,436614,0.4182,0.5609,12.0965,4.4108,-7.3663,-0.7054,0.0811,0.0485
1779988770514,1,Pitching Mound.Parent,,Loading,pitch.0,435668,-0.3516,0.3991,13.0754,4.5124,-7.513,-0.4693,0.0,0.0
1779988770515,1,11.0000004b,Drive,Loading,pitch.0,436615,0.4351,0.5359,11.963,4.2788,-7.272,-0.687,0.0809,0.0476
1779988770515,1,12.00000015,Lower Delivery,Loading,pitch.0,436349,-0.7174,-0.2799,0.664,-0.0559,-0.0005,0.0006,0.0,0.0
1779988770515,1,12.00000018,Upper Delivery,Loading,pitch.0,437207,-0.0662,0.0488,0.0452,-0.0884,-0.0304,-0.0012,0.0,0.0
1779988770515,1,Pitching Mound.Delivery,,Loading,pitch.0,436048,-0.7836,-0.2311,0.7093,0.0661,-0.0308,0.2208,0.0,0.0
1779988770515,1,Pitching Mound.Drive,,Loading,pitch.0,436615,0.4351,0.5359,11.963,4.2788,-7.272,-0.687,0.0809,0.0476
1779988770515,1,Pitching Mound.Parent,,Loading,pitch.0,435669,-0.3655,0.3298,12.8058,4.4769,-7.3972,-0.4845,0.0,0.0
1779988770516,1,11.0000004b,Drive,Loading,pitch.0,436616,0.4509,0.5102,11.7685,4.1427,-7.2221,-0.6935,0.0817,0.0469
1779988770516,1,12.00000015,Lower Delivery,Loading,pitch.0,436350,-0.7406,-0.2964,0.6788,-0.0518,-0.0018,-0.0019,0.0,0.0
1779988770516,1,12.00000018,Upper Delivery,Loading,pitch.0,437208,-0.064,0.0475,0.0423,-0.0884,-0.0304,-0.0012,0.0,0.0
1779988770516,1,Pitching Mound.Delivery,,Loading,pitch.0,436049,-0.8046,-0.2489,0.7211,0.0762,-0.0322,0.227,0.0,0.0
1779988770516,1,Pitching Mound.Drive,,Loading,pitch.0,436616,0.4509,0.5102,11.7685,4.1427,-7.2221,-0.6935,0.0817,0.0469
1779988770516,1,Pitching Mound.Parent,,Loading,pitch.0,435670,-0.3696,0.2871,12.684,4.3551,-7.3042,-0.4601,0.0,0.0
1779988770517,1,11.0000004b,Drive,Loading,pitch.0,436617,0.4473,0.4794,11.5545,3.9871,-7.1298,-0.7287,0.0821,0.0459
1779988770517,1,12.00000015,Lower Delivery,Loading,pitch.0,436351,-0.7353,-0.2931,0.6818,-0.0581,-0.0041,-0.0019,0.0,0.0
1779988770517,1,12.00000018,Upper Delivery,Loading,pitch.0,437209,-0.0574,0.046,0.0333,-0.0884,-0.0304,-0.0012,0.0,0.0
1779988770517,1,Pitching Mound.Delivery,,Loading,pitch.0,436050,-0.7927,-0.2472,0.7152,0.074,-0.0345,0.2273,0.0,0.0
1779988770517,1,Pitching Mound.Drive,,Loading,pitch.0,436617,0.4473,0.4794,11.5545,3.9871,-7.1298,-0.7287,0.0821,0.0459
1779988770517,1,Pitching Mound.Parent,,Loading,pitch.0,435671,-0.3418,0.263,12.4837,4.2167,-7.2566,-0.4662,0.0,0.0
1779988770518,1,11.0000004b,Drive,Loading,pitch.0,436618,0.4557,0.4538,11.4143,3.8356,-6.9823,-0.7251,0.0814,0.0447
1779988770518,1,12.00000015,Lower Delivery,Loading,pitch.0,436352,-0.7169,-0.2728,0.6649,-0.0551,-0.0042,-0.0014,0.0,0.0
1779988770518,1,12.00000018,Upper Delivery,Loading,pitch.0,437210,-0.055,0.0436,0.0263,-0.0884,-0.0304,-0.0012,0.0,0.0
1779988770518,1,Pitching Mound.Delivery,,Loading,pitch.0,436051,-0.7719,-0.2292,0.6911,0.0736,-0.0346,0.2225,0.0,0.0
1779988770518,1,Pitching Mound.Drive,,Loading,pitch.0,436618,0.4557,0.4538,11.4143,3.8356,-6.9823,-0.7251,0.0814,0.0447
1779988770518,1,Pitching Mound.Parent,,Loading,pitch.0,435672,-0.3246,0.2502,12.2456,4.0607,-7.1644,-0.5063,0.0,0.0
1779988770519,1,11.0000004b,Drive,Loading,pitch.0,436619,0.4452,0.4075,11.093,3.6548,-6.8085,-0.7671,0.0817,0.0439
1779988770519,1,12.00000015,Lower Delivery,Loading,pitch.0,436353,-0.7358,-0.2759,0.6872,-0.0524,-0.0016,-0.0022,0.0,0.0
1779988770519,1,12.00000018,Upper Delivery,Loading,pitch.0,437211,-0.0513,0.0444,0.0148,-0.0884,-0.0304,-0.0012,0.0,0.0
1779988770519,1,Pitching Mound.Delivery,,Loading,pitch.0,436052,-0.787,-0.2315,0.702,0.0878,-0.0319,0.2294,0.0,0.0
1779988770519,1,Pitching Mound.Drive,,Loading,pitch.0,436619,0.4452,0.4075,11.093,3.6548,-6.8085,-0.7671,0.0817,0.0439
1779988770519,1,Pitching Mound.Parent,,Loading,pitch.0,435673,-0.3314,0.2223,12.1163,3.9234,-7.0142,-0.4957,0.0,0.0
1779988770520,1,11.0000004b,Drive,Loading,pitch.0,436620,0.4728,0.3701,10.8337,3.5077,-6.779,-0.7622,0.0833,0.0431
1779988770520,1,12.00000015,Lower Delivery,Loading,pitch.0,436354,-0.7164,-0.2858,0.6585,-0.0436,0.0055,-0.0033,0.0,0.0
1779988770520,1,12.00000018,Upper Delivery,Loading,pitch.0,437212,-0.0524,0.0415,0.0162,-0.0884,-0.0304,-0.0012,0.0,0.0
1779988770520,1,Pitching Mound.Delivery,,Loading,pitch.0,436053,-0.7688,-0.2442,0.6747,0.0864,-0.0249,0.2213,0.0,0.0
1779988770520,1,Pitching Mound.Drive,,Loading,pitch.0,436620,0.4728,0.3701,10.8337,3.5077,-6.779,-0.7622,0.0833,0.0431
1779988770520,1,Pitching Mound.Parent,,Loading,pitch.0,435674,-0.3236,0.1632,11.7677,3.7412,-6.8334,-0.5459,0.0,0.0
1779988770521,1,11.0000004b,Drive,Loading,pitch.0,436621,0.4815,0.3395,10.7314,3.3239,-6.6411,-0.7634,0.0824,0.0412
1779988770521,1,12.00000015,Lower Delivery,Loading,pitch.0,436355,-0.6678,-0.2587,0.6121,-0.0361,0.0085,-0.0016,0.0,0.0
1779988770521,1,12.00000018,Upper Delivery,Loading,pitch.0,437213,-0.0532,0.0399,0.0105,-0.0884,-0.0304,-0.0012,0.0,0.0
1779988770521,1,Pitching Mound.Delivery,,Loading,pitch.0,436054,-0.721,-0.2187,0.6227,0.0801,-0.0219,0.2062,0.0,0.0
1779988770521,1,Pitching Mound.Drive,,Loading,pitch.0,436621,0.4815,0.3395,10.7314,3.3239,-6.6411,-0.7634,0.0824,0.0412
1779988770521,1,Pitching Mound.Parent,,Loading,pitch.0,435675,-0.2482,0.1514,11.4564,3.5878,-6.8009,-0.556,0.0,0.0
1779988770522,1,11.0000004b,Drive,Loading,pitch.0,436622,0.4906,0.3079,10.4824,3.1727,-6.5299,-0.8132,0.0829,0.0403
1779988770522,1,12.00000015,Lower Delivery,Loading,pitch.0,436356,-0.6487,-0.2657,0.5866,-0.0304,0.0117,-0.005,0.0,0.0
1779988770522,1,12.00000018,Upper Delivery,Loading,pitch.0,437214,-0.0484,0.0427,0.0022,-0.0884,-0.0304,-0.0012,0.0,0.0
1779988770522,1,Pitching Mound.Delivery,,Loading,pitch.0,436055,-0.6971,-0.2231,0.5889,0.0799,-0.0186,0.198,0.0,0.0
1779988770522,1,Pitching Mound.Drive,,Loading,pitch.0,436622,0.4906,0.3079,10.4824,3.1727,-6.5299,-0.8132,0.0829,0.0403
1779988770522,1,Pitching Mound.Parent,,Loading,pitch.0,435676,-0.2156,0.1164,11.3203,3.4039,-6.6597,-0.5654,0.0,0.0
1779988770523,1,11.0000004b,Drive,Loading,pitch.0,436623,0.5039,0.282,10.3514,3.0557,-6.6357,-0.8278,0.0853,0.0393
1779988770523,1,12.00000015,Lower Delivery,Loading,pitch.0,436357,-0.6388,-0.3186,0.5412,-0.0175,0.0159,-0.0034,0.0,0.0
1779988770523,1,12.00000018,Upper Delivery,Loading,pitch.0,437215,-0.048,0.0466,0.0003,-0.0884,-0.0304,-0.0012,0.0,0.0
1779988770523,1,Pitching Mound.Delivery,,Loading,pitch.0,436056,-0.6869,-0.272,0.5415,0.0781,-0.0145,0.1963,0.0,0.0
1779988770523,1,Pitching Mound.Drive,,Loading,pitch.0,436623,0.5039,0.282,10.3514,3.0557,-6.6357,-0.8278,0.0853,0.0393
1779988770523,1,Pitching Mound.Parent,,Loading,pitch.0,435677,-0.1962,0.036,11.0239,3.2508,-6.5444,-0.6168,0.0,0.0
1779988770524,1,11.0000004b,Drive,Loading,pitch.0,436624,0.5297,0.2557,10.0838,2.8926,-6.605,-0.8316,0.0872,0.0382
1779988770524,1,12.00000015,Lower Delivery,Loading,pitch.0,436358,-0.6202,-0.2858,0.5233,-0.0164,0.0149,-0.0039,0.0,0.0
1779988770524,1,12.00000018,Upper Delivery,Loading,pitch.0,437216,-0.0472,0.0504,0.0011,-0.0884,-0.0304,-0.0012,0.0,0.0
1779988770524,1,Pitching Mound.Delivery,,Loading,pitch.0,436057,-0.6674,-0.2354,0.5243,0.0728,-0.0155,0.1897,0.0,0.0
1779988770524,1,Pitching Mound.Drive,,Loading,pitch.0,436624,0.5297,0.2557,10.0838,2.8926,-6.605,-0.8316,0.0872,0.0382
1779988770524,1,Pitching Mound.Parent,,Loading,pitch.0,435678,-0.1635,0.0466,10.8757,3.1284,-6.6512,-0.6381,0.0,0.0
1779988770525,1,11.0000004b,Drive,Loading,pitch.0,436625,0.5413,0.2266,9.7676,2.8492,-6.5373,-0.8466,0.0891,0.0388
1779988770525,1,12.00000015,Lower Delivery,Loading,pitch.0,436359,-0.611,-0.2761,0.5299,-0.0151,0.0125,-0.0038,0.0,0.0
1779988770525,1,12.00000018,Upper Delivery,Loading,pitch.0,437217,-0.0478,0.0496,0.0004,-0.0884,-0.0304,-0.0012,0.0,0.0
1779988770525,1,Pitching Mound.Delivery,,Loading,pitch.0,436058,-0.6588,-0.2265,0.5303,0.0765,-0.0178,0.1865,0.0,0.0
1779988770525,1,Pitching Mound.Drive,,Loading,pitch.0,436625,0.5413,0.2266,9.7676,2.8492,-6.5373,-0.8466,0.0891,0.0388
1779988770525,1,Pitching Mound.Parent,,Loading,pitch.0,435679,-0.1291,0.0292,10.6141,2.9692,-6.6229,-0.6451,0.0,0.0
1779988770526,1,11.0000004b,Drive,Loading,pitch.0,436626,0.5542,0.1973,9.4782,2.7066,-6.5873,-0.8967,0.0925,0.038
1779988770526,1,12.00000015,Lower Delivery,Loading,pitch.0,436360,-0.6328,-0.2933,0.546,-0.0136,0.0087,-0.0043,0.0,0.0
1779988770526,1,12.00000018,Upper Delivery,Loading,pitch.0,437218,-0.0513,0.0482,0.0005,-0.0884,-0.0304,-0.0012,0.0,0.0
1779988770526,1,Pitching Mound.Delivery,,Loading,pitch.0,436059,-0.6841,-0.2451,0.5465,0.0835,-0.0217,0.1922,0.0,0.0
1779988770526,1,Pitching Mound.Drive,,Loading,pitch.0,436626,0.5542,0.1973,9.4782,2.7066,-6.5873,-0.8967,0.0925,0.038
1779988770526,1,Pitching Mound.Parent,,Loading,pitch.0,435680,-0.1428,-0.0186,10.3141,2.9327,-6.559,-0.6544,0.0,0.0
1779988770527,1,11.0000004b,Drive,Loading,pitch.0,436627,0.5661,0.1493,9.2579,2.6256,-6.442,-0.8849,0.0926,0.0378
1779988770527,1,12.00000015,Lower Delivery,Loading,pitch.0,436361,-0.6402,-0.2994,0.5651,-0.013,0.0075,-0.0034,0.0,0.0
1779988770527,1,12.00000018,Upper Delivery,Loading,pitch.0,437219,-0.0553,0.0548,0.0191,-0.0884,-0.0304,-0.0012,0.0,0.0
1779988770527,1,Pitching Mound.Delivery,,Loading,pitch.0,436060,-0.6954,-0.2446,0.5841,0.0843,-0.0229,0.1943,0.0,0.0
1779988770527,1,Pitching Mound.Drive,,Loading,pitch.0,436627,0.5661,0.1493,9.2579,2.6256,-6.442,-0.8849,0.0926,0.0378
1779988770527,1,Pitching Mound.Parent,,Loading,pitch.0,435681,-0.1412,-0.0473,10.0623,2.7909,-6.6101,-0.7024,0.0,0.0
1779988770528,1,11.0000004b,Drive,Loading,pitch.0,436628,0.5805,0.1241,9.0706,2.4695,-6.393,-0.9014,0.0938,0.0362
1779988770528,1,12.00000015,Lower Delivery,Loading,pitch.0,436362,-0.6385,-0.3107,0.5536,-0.0109,0.0095,-0.003,0.0,0.0
1779988770528,1,12.00000018,Upper Delivery,Loading,pitch.0,437220,-0.0574,0.0501,0.0216,-0.0884,-0.0304,-0.0012,0.0,0.0
1779988770528,1,Pitching Mound.Delivery,,Loading,pitch.0,436061,-0.696,-0.2606,0.5752,0.0816,-0.0209,0.1933,0.0,0.0
1779988770528,1,Pitching Mound.Drive,,Loading,pitch.0,436628,0.5805,0.1241,9.0706,2.4695,-6.393,-0.9014,0.0938,0.0362
1779988770528,1,Pitching Mound.Parent,,Loading,pitch.0,435682,-0.1298,-0.1112,9.8331,2.7073,-6.4629,-0.6916,0.0,0.0
1779988770529,1,11.0000004b,Drive,Loading,pitch.0,436629,0.5886,0.093,8.8706,2.3129,-6.3237,-0.9106,0.0949,0.0347
1779988770529,1,12.00000015,Lower Delivery,Loading,pitch.0,436363,-0.6179,-0.2833,0.5626,-0.0262,0.0077,-0.0039,0.0,0.0
1779988770529,1,12.00000018,Upper Delivery,Loading,pitch.0,437221,-0.0595,0.0486,0.0193,-0.0884,-0.0304,-0.0012,0.0,0.0
1779988770529,1,Pitching Mound.Delivery,,Loading,pitch.0,436062,-0.6774,-0.2347,0.5819,0.0702,-0.0227,0.1848,0.0,0.0
1779988770529,1,Pitching Mound.Drive,,Loading,pitch.0,436629,0.5886,0.093,8.8706,2.3129,-6.3237,-0.9106,0.0949,0.0347
1779988770529,1,Pitching Mound.Parent,,Loading,pitch.0,435683,-0.097,-0.1105,9.6525,2.5397,-6.4157,-0.7166,0.0,0.0
1779988770530,1,11.0000004b,Drive,Loading,pitch.0,436630,0.5711,0.084,8.6049,2.2209,-6.1474,-0.9288,0.0951,0.0344
1779988770530,1,12.00000015,Lower Delivery,Loading,pitch.0,436364,-0.6181,-0.3051,0.5681,-0.0182,0.0018,-0.0041,0.0,0.0
1779988770530,1,12.00000018,Upper Delivery,Loading,pitch.0,437222,-0.0583,0.0455,0.0111,-0.0884,-0.0304,-0.0012,0.0,0.0
1779988770530,1,Pitching Mound.Delivery,,Loading,pitch.0,436063,-0.6764,-0.2596,0.5792,0.0828,-0.0285,0.185,0.0,0.0
1779988770530,1,Pitching Mound.Drive,,Loading,pitch.0,436630,0.5711,0.084,8.6049,2.2209,-6.1474,-0.9288,0.0951,0.0344
1779988770530,1,Pitching Mound.Parent,,Loading,pitch.0,435684,-0.0878,-0.1666,9.4498,2.3957,-6.3522,-0.7256,0.0,0.0
1779988770531,1,11.0000004b,Drive,Loading,pitch.0,436631,0.5553,0.0523,8.3975,2.1669,-6.035,-0.9507,0.0957,0.0344
1779988770531,1,12.00000015,Lower Delivery,Loading,pitch.0,436365,-0.6274,-0.2978,0.6174,-0.0286,0.0018,-0.004,0.0,0.0
1779988770531,1,12.00000018,Upper Delivery,Loading,pitch.0,437223,-0.0572,0.0403,0.0017,-0.0884,-0.0304,-0.0012,0.0,0.0
1779988770531,1,Pitching Mound.Delivery,,Loading,pitch.0,436064,-0.6846,-0.2576,0.6191,0.0924,-0.0285,0.1887,0.0,0.0
1779988770531,1,Pitching Mound.Drive,,Loading,pitch.0,436631,0.5553,0.0523,8.3975,2.1669,-6.035,-0.9507,0.0957,0.0344
1779988770531,1,Pitching Mound.Parent,,Loading,pitch.0,435685,-0.1135,-0.1736,9.224,2.3133,-6.1759,-0.7401,0.0,0.0
1779988770532,1,11.0000004b,Drive,Loading,pitch.0,436632,0.5531,0.0053,8.0685,2.0475,-5.844,-0.96,0.0964,0.0338
1779988770532,1,12.00000015,Lower Delivery,Loading,pitch.0,436366,-0.6147,-0.3106,0.58,-0.032,0.0035,-0.0049,0.0,0.0
1779988770532,1,12.00000018,Upper Delivery,Loading,pitch.0,437224,-0.0576,0.0406,0.0058,-0.0884,-0.0304,-0.0012,0.0,0.0
1779988770532,1,Pitching Mound.Delivery,,Loading,pitch.0,436065,-0.6722,-0.2699,0.5859,0.0749,-0.0269,0.1834,0.0,0.0
1779988770532,1,Pitching Mound.Drive,,Loading,pitch.0,436632,0.5531,0.0053,8.0685,2.0475,-5.844,-0.96,0.0964,0.0338
1779988770532,1,Pitching Mound.Parent,,Loading,pitch.0,435686,-0.1169,-0.2176,8.9834,2.2418,-6.0619,-0.7673,0.0,0.0
1779988770533,1,11.0000004b,Drive,Loading,pitch.0,436633,0.5341,-0.0246,7.9201,1.8291,-5.727,-0.9793,0.0963,0.0307
1779988770533,1,12.00000015,Lower Delivery,Loading,pitch.0,436367,-0.5992,-0.3021,0.5265,-0.0328,0.0046,-0.0064,0.0,0.0
1779988770533,1,12.00000018,Upper Delivery,Loading,pitch.0,437225,-0.0579,0.0397,0.0033,-0.0884,-0.0304,-0.0012,0.0,0.0
1779988770533,1,Pitching Mound.Delivery,,Loading,pitch.0,436066,-0.657,-0.2624,0.5299,0.0567,-0.0257,0.1764,0.0,0.0
1779988770533,1,Pitching Mound.Drive,,Loading,pitch.0,436633,0.5341,-0.0246,7.9201,1.8291,-5.727,-0.9793,0.0963,0.0307
1779988770533,1,Pitching Mound.Parent,,Loading,pitch.0,435687,-0.1039,-0.2571,8.5984,2.1042,-5.8697,-0.7836,0.0,0.0
1779988770534,1,11.0000004b,Drive,Loading,pitch.0,436634,0.5241,-0.0795,7.567,1.6878,-5.6778,-0.9736,0.0999,0.0297
1779988770534,1,12.00000015,Lower Delivery,Loading,pitch.0,436368,-0.6051,-0.3123,0.5341,-0.0381,0.002,-0.0068,0.0,0.0
1779988770534,1,12.00000018,Upper Delivery,Loading,pitch.0,437226,-0.0543,0.0405,0.0055,-0.0884,-0.0304,-0.0012,0.0,0.0
1779988770534,1,Pitching Mound.Delivery,,Loading,pitch.0,436067,-0.6594,-0.2718,0.5397,0.0533,-0.0284,0.1792,0.0,0.0
1779988770534,1,Pitching Mound.Drive,,Loading,pitch.0,436634,0.5241,-0.0795,7.567,1.6878,-5.6778,-0.9736,0.0999,0.0297
1779988770534,1,Pitching Mound.Parent,,Loading,pitch.0,435688,-0.1253,-0.2964,8.4598,1.8824,-5.7554,-0.8,0.0,0.0
1779988770535,1,11.0000004b,Drive,Loading,pitch.0,436635,0.4875,-0.1285,7.1797,1.6027,-5.6387,-1.0328,0.1046,0.0297
1779988770535,1,12.00000015,Lower Delivery,Loading,pitch.0,436369,-0.65,-0.3023,0.5792,-0.0338,0.0034,-0.0071,0.0,0.0
1779988770535,1,12.00000018,Upper Delivery,Loading,pitch.0,437227,-0.0578,0.0447,0.0217,-0.0884,-0.0304,-0.0012,0.0,0.0
1779988770535,1,Pitching Mound.Delivery,,Loading,pitch.0,436068,-0.7078,-0.2576,0.6009,0.0674,-0.0269,0.193,0.0,0.0
1779988770535,1,Pitching Mound.Drive,,Loading,pitch.0,436635,0.4875,-0.1285,7.1797,1.6027,-5.6387,-1.0328,0.1046,0.0297
1779988770535,1,Pitching Mound.Parent,,Loading,pitch.0,435689,-0.1838,-0.3371,8.1678,1.7552,-5.7047,-0.7806,0.0,0.0
1779988770536,1,11.0000004b,Drive,Loading,pitch.0,436636,0.4754,-0.1413,7.0169,1.6244,-5.3789,-1.0444,0.1021,0.0308
1779988770536,1,12.00000015,Lower Delivery,Loading,pitch.0,436370,-0.6712,-0.3221,0.5875,-0.033,0.0022,-0.0079,0.0,0.0
1779988770536,1,12.00000018,Upper Delivery,Loading,pitch.0,437228,-0.0566,0.0513,0.0342,-0.0884,-0.0304,-0.0012,0.0,0.0
1779988770536,1,Pitching Mound.Delivery,,Loading,pitch.0,436069,-0.7278,-0.2708,0.6217,0.0667,-0.0281,0.1998,0.0,0.0
1779988770536,1,Pitching Mound.Drive,,Loading,pitch.0,436636,0.4754,-0.1413,7.0169,1.6244,-5.3789,-1.0444,0.1021,0.0308
1779988770536,1,Pitching Mound.Parent,,Loading,pitch.0,435690,-0.2402,-0.3993,7.8014,1.6694,-5.6668,-0.8329,0.0,0.0
1779988770537,1,11.0000004b,Drive,Loading,pitch.0,436637,0.4493,-0.1929,6.7776,1.4715,-5.1216,-1.0624,0.1006,0.0289
1779988770537,1,12.00000015,Lower Delivery,Loading,pitch.0,436371,-0.6346,-0.2786,0.5653,-0.0317,0.0017,-0.0079,0.0,0.0
1779988770537,1,12.00000018,Upper Delivery,Loading,pitch.0,437229,-0.0561,0.0486,0.0243,-0.0884,-0.0304,-0.0012,0.0,0.0
1779988770537,1,Pitching Mound.Delivery,,Loading,pitch.0,436070,-0.6907,-0.2299,0.5895,0.0638,-0.0286,0.1876,0.0,0.0
1779988770537,1,Pitching Mound.Drive,,Loading,pitch.0,436637,0.4493,-0.1929,6.7776,1.4715,-5.1216,-1.0624,0.1006,0.0289
1779988770537,1,Pitching Mound.Parent,,Loading,pitch.0,435691,-0.2153,-0.3712,7.6064,1.6882,-5.4075,-0.8568,0.0,0.0
1779988770538,1,11.0000004b,Drive,Loading,pitch.0,436638,0.4155,-0.188,6.5393,1.4566,-5.1044,-1.0611,0.1039,0.0297
1779988770538,1,12.00000015,Lower Delivery,Loading,pitch.0,436372,-0.609,-0.2476,0.5535,-0.0301,0.0005,-0.0093,0.0,0.0
1779988770538,1,12.00000018,Upper Delivery,Loading,pitch.0,437230,-0.0529,0.043,0.0117,-0.0884,-0.0304,-0.0012,0.0,0.0
1779988770538,1,Pitching Mound.Delivery,,Loading,pitch.0,436071,-0.6619,-0.2046,0.5652,0.0658,-0.0299,0.1786,0.0,0.0
1779988770538,1,Pitching Mound.Drive,,Loading,pitch.0,436638,0.4155,-0.188,6.5393,1.4566,-5.1044,-1.0611,0.1039,0.0297
1779988770538,1,Pitching Mound.Parent,,Loading,pitch.0,435692,-0.2126,-0.3976,7.3428,1.5373,-5.1515,-0.8838,0.0,0.0
1779988770539,1,11.0000004b,Drive,Loading,pitch.0,436639,0.3888,-0.2267,6.2135,1.4316,-5.147,-1.0665,0.1103,0.0307
1779988770539,1,12.00000015,Lower Delivery,Loading,pitch.0,436373,-0.5916,-0.2299,0.5404,-0.0281,0.0044,-0.0079,0.0,0.0
1779988770539,1,12.00000018,Upper Delivery,Loading,pitch.0,437231,-0.0486,0.04,-0.0005,-0.0884,-0.0304,-0.0012,0.0,0.0
1779988770539,1,Pitching Mound.Delivery,,Loading,pitch.0,436072,-0.6402,-0.1899,0.5399,0.0675,-0.026,0.1755,0.0,0.0
1779988770539,1,Pitching Mound.Drive,,Loading,pitch.0,436639,0.3888,-0.2267,6.2135,1.4316,-5.147,-1.0665,0.1103,0.0307
1779988770539,1,Pitching Mound.Parent,,Loading,pitch.0,435693,-0.2247,-0.3779,7.0792,1.5241,-5.1304,-0.8855,0.0,0.0
1779988770540,1,11.0000004b,Drive,Loading,pitch.0,436640,0.376,-0.2664,5.9517,1.3527,-5.0744,-1.0693,0.1135,0.0303
1779988770540,1,12.00000015,Lower Delivery,Loading,pitch.0,436374,-0.5761,-0.24,0.5131,-0.0278,0.0022,-0.0066,0.0,0.0
1779988770540,1,12.00000018,Upper Delivery,Loading,pitch.0,437232,-0.0496,0.045,0.0111,-0.0884,-0.0304,-0.0012,0.0,0.0
1779988770540,1,Pitching Mound.Delivery,,Loading,pitch.0,436073,-0.6257,-0.1949,0.5243,0.0545,-0.0282,0.1712,0.0,0.0
1779988770540,1,Pitching Mound.Drive,,Loading,pitch.0,436640,0.376,-0.2664,5.9517,1.3527,-5.0744,-1.0693,0.1135,0.0303
1779988770540,1,Pitching Mound.Parent,,Loading,pitch.0,435694,-0.2369,-0.4217,6.7377,1.4861,-5.1752,-0.8954,0.0,0.0
1779988770541,1,11.0000004b,Drive,Loading,pitch.0,436641,0.3774,-0.3258,5.7131,1.2385,-5.0282,-1.05,0.1172,0.0289
1779988770541,1,12.00000015,Lower Delivery,Loading,pitch.0,436375,-0.5787,-0.2226,0.5174,-0.0345,-0.0105,-0.0088,0.0,0.0
1779988770541,1,12.00000018,Upper Delivery,Loading,pitch.0,437233,-0.0486,0.0419,0.0069,-0.0884,-0.0304,-0.0012,0.0,0.0
1779988770541,1,12.00000018,Upper Delivery,Loading,pitch.0,437234,-0.0494,0.0442,0.0103,-0.0884,-0.0304,-0.0012,0.0,0.0
1779988770541,1,Pitching Mound.Delivery,,Loading,pitch.0,436074,-0.6273,-0.1807,0.5243,0.0507,-0.0408,0.1702,0.0,0.0
1779988770541,1,Pitching Mound.Drive,,Loading,pitch.0,436641,0.3774,-0.3258,5.7131,1.2385,-5.0282,-1.05,0.1172,0.0289
1779988770541,1,Pitching Mound.Parent,,Loading,pitch.0,435695,-0.2513,-0.447,6.476,1.4034,-5.1152,-0.8991,0.0,0.0
1779988770542,1,11.0000004b,Drive,Loading,pitch.0,436642,0.3727,-0.3871,5.4536,1.1367,-4.9722,-1.0326,0.1214,0.0277
1779988770542,1,12.00000015,Lower Delivery,Loading,pitch.0,436376,-0.5234,-0.2159,0.4565,-0.0493,-0.0193,-0.0093,0.0,0.0
1779988770542,1,Pitching Mound.Delivery,,Loading,pitch.0,436075,-0.5728,-0.1718,0.4668,0.014,-0.0496,0.1507,0.0,0.0
1779988770542,1,Pitching Mound.Drive,,Loading,pitch.0,436642,0.3727,-0.3871,5.4536,1.1367,-4.9722,-1.0326,0.1214,0.0277
1779988770542,1,Pitching Mound.Parent,,Loading,pitch.0,435696,-0.1954,-0.4976,6.1799,1.2526,-5.0778,-0.8993,0.0,0.0
1779988770543,1,11.0000004b,Drive,Loading,pitch.0,436643,0.3438,-0.4436,5.2174,1.1465,-4.9583,-1.0193,0.1265,0.0293
1779988770543,1,12.00000015,Lower Delivery,Loading,pitch.0,436377,-0.4825,-0.2424,0.3984,-0.0391,-0.0213,-0.0075,0.0,0.0
1779988770543,1,12.00000018,Upper Delivery,Loading,pitch.0,437235,-0.0524,0.041,0.0122,-0.0884,-0.0304,-0.0012,0.0,0.0
1779988770543,1,Pitching Mound.Delivery,,Loading,pitch.0,436076,-0.5349,-0.2013,0.4106,0.0038,-0.0517,0.1376,0.0,0.0
1779988770543,1,Pitching Mound.Drive,,Loading,pitch.0,436643,0.3438,-0.4436,5.2174,1.1465,-4.9583,-1.0193,0.1265,0.0293
1779988770543,1,Pitching Mound.Parent,,Loading,pitch.0,435697,-0.1622,-0.5884,5.8642,1.1405,-5.0238,-0.8951,0.0,0.0
1779988770544,1,11.0000004b,Drive,Loading,pitch.0,436644,0.3512,-0.4841,5.1093,1.0969,-4.8701,-1.0045,0.1269,0.0286
1779988770544,1,12.00000015,Lower Delivery,Loading,pitch.0,436378,-0.4734,-0.2556,0.3754,-0.0471,-0.028,-0.0071,0.0,0.0
1779988770544,1,12.00000018,Upper Delivery,Loading,pitch.0,437236,-0.0536,0.0438,0.0181,-0.0884,-0.0304,-0.0012,0.0,0.0
1779988770544,1,12.00000018,Upper Delivery,Loading,pitch.0,437237,-0.0581,0.0403,0.0222,-0.0884,-0.0304,-0.0012,0.0,0.0
1779988770544,1,Pitching Mound.Delivery,,Loading,pitch.0,436077,-0.527,-0.2119,0.3935,-0.014,-0.0584,0.1344,0.0,0.0
1779988770544,1,Pitching Mound.Drive,,Loading,pitch.0,436644,0.3512,-0.4841,5.1093,1.0969,-4.8701,-1.0045,0.1269,0.0286
1779988770544,1,Pitching Mound.Parent,,Loading,pitch.0,435698,-0.1832,-0.6554,5.6109,1.1325,-5.0167,-0.8848,0.0,0.0
1779988770545,1,11.0000004b,Drive,Loading,pitch.0,436645,0.3528,-0.5382,4.9135,0.9958,-4.5588,-0.993,0.1235,0.027
1779988770545,1,12.00000015,Lower Delivery,Loading,pitch.0,436379,-0.4573,-0.2599,0.3559,-0.0558,-0.0287,-0.0068,0.0,0.0
1779988770545,1,Pitching Mound.Delivery,,Loading,pitch.0,436078,-0.5154,-0.2196,0.378,-0.0307,-0.0591,0.1277,0.0,0.0
1779988770545,1,Pitching Mound.Drive,,Loading,pitch.0,436645,0.3528,-0.5382,4.9135,0.9958,-4.5588,-0.993,0.1235,0.027
1779988770545,1,Pitching Mound.Parent,,Loading,pitch.0,435699,-0.1642,-0.7037,5.4874,1.0663,-4.9292,-0.8768,0.0,0.0
1779988770546,1,11.0000004b,Drive,Loading,pitch.0,436646,0.3296,-0.5703,4.8555,0.9033,-4.4966,-0.9847,0.1233,0.0248
1779988770546,1,12.00000015,Lower Delivery,Loading,pitch.0,436380,-0.4285,-0.2609,0.322,-0.0554,-0.0313,-0.0077,0.0,0.0
1779988770546,1,12.00000018,Upper Delivery,Loading,pitch.0,437238,-0.0573,0.0399,0.0221,-0.0884,-0.0304,-0.0012,0.0,0.0
1779988770546,1,12.00000018,Upper Delivery,Loading,pitch.0,437239,-0.0609,0.0393,0.0238,-0.0884,-0.0304,-0.0012,0.0,0.0
1779988770546,1,Pitching Mound.Delivery,,Loading,pitch.0,436079,-0.4858,-0.221,0.3441,-0.0419,-0.0616,0.1173,0.0,0.0
1779988770546,1,Pitching Mound.Drive,,Loading,pitch.0,436646,0.3296,-0.5703,4.8555,0.9033,-4.4966,-0.9847,0.1233,0.0248
1779988770546,1,Pitching Mound.Parent,,Loading,pitch.0,435700,-0.1329,-0.7592,5.2576,0.954,-4.6205,-0.8757,0.0,0.0
1779988770547,1,11.0000004b,Drive,Loading,pitch.0,436647,0.3465,-0.5871,4.6773,0.9162,-4.4597,-0.9677,0.1269,0.0261
1779988770547,1,12.00000015,Lower Delivery,Loading,pitch.0,436381,-0.4122,-0.2371,0.3195,-0.0454,-0.0287,-0.0084,0.0,0.0
1779988770547,1,12.00000018,Upper Delivery,Loading,pitch.0,437240,-0.0584,0.0432,0.0175,-0.0884,-0.0304,-0.0012,0.0,0.0
1779988770547,1,Pitching Mound.Delivery,,Loading,pitch.0,436080,-0.4731,-0.1978,0.3433,-0.0332,-0.0591,0.1098,0.0,0.0
1779988770547,1,Pitching Mound.Drive,,Loading,pitch.0,436647,0.3465,-0.5871,4.6773,0.9162,-4.4597,-0.9677,0.1269,0.0261
1779988770547,1,Pitching Mound.Parent,,Loading,pitch.0,435701,-0.1435,-0.7681,5.1987,0.87,-4.5557,-0.8748,0.0,0.0
1779988770548,1,11.0000004b,Drive,Loading,pitch.0,436648,0.3367,-0.6133,4.5982,0.8948,-4.5084,-0.9641,0.1305,0.0259
1779988770548,1,12.00000015,Lower Delivery,Loading,pitch.0,436382,-0.4529,-0.2543,0.3532,-0.0501,-0.0282,-0.0085,0.0,0.0
1779988770548,1,12.00000018,Upper Delivery,Loading,pitch.0,437241,-0.0629,0.0497,0.029,-0.0884,-0.0304,-0.0012,0.0,0.0
1779988770548,1,Pitching Mound.Delivery,,Loading,pitch.0,436081,-0.5112,-0.2111,0.3707,-0.0244,-0.0585,0.1244,0.0,0.0
1779988770548,1,Pitching Mound.Drive,,Loading,pitch.0,436648,0.3367,-0.6133,4.5982,0.8948,-4.5084,-0.9641,0.1305,0.0259
1779988770548,1,Pitching Mound.Parent,,Loading,pitch.0,435702,-0.1647,-0.7983,5.048,0.8918,-4.5182,-0.8433,0.0,0.0
1779988770549,1,11.0000004b,Drive,Loading,pitch.0,436649,0.3407,-0.6294,4.4517,0.8698,-4.4448,-0.9567,0.1329,0.026
1779988770549,1,12.00000015,Lower Delivery,Loading,pitch.0,436383,-0.4568,-0.2615,0.3615,-0.0438,-0.0268,-0.0096,0.0,0.0
1779988770549,1,12.00000018,Upper Delivery,Loading,pitch.0,437242,-0.0687,0.0494,0.0388,-0.0884,-0.0304,-0.0012,0.0,0.0
1779988770549,1,Pitching Mound.Delivery,,Loading,pitch.0,436082,-0.5197,-0.2118,0.3905,-0.0191,-0.0572,0.1232,0.0,0.0
1779988770549,1,Pitching Mound.Drive,,Loading,pitch.0,436649,0.3407,-0.6294,4.4517,0.8698,-4.4448,-0.9567,0.1329,0.026
1779988770549,1,Pitching Mound.Parent,,Loading,pitch.0,435703,-0.1829,-0.8252,4.9888,0.8757,-4.5655,-0.8409,0.0,0.0
1779988770550,1,11.0000004b,Drive,Loading,pitch.0,436650,0.3016,-0.6381,4.3495,0.8025,-4.3241,-0.9342,0.1324,0.0246
1779988770550,1,12.00000015,Lower Delivery,Loading,pitch.0,436384,-0.5125,-0.2396,0.4368,-0.047,-0.0261,-0.0083,0.0,0.0
1779988770550,1,12.00000018,Upper Delivery,Loading,pitch.0,437243,-0.0664,0.0544,0.0387,-0.0884,-0.0304,-0.0012,0.0,0.0
1779988770550,1,Pitching Mound.Delivery,,Loading,pitch.0,436083,-0.5812,-0.1902,0.4755,0.0,-0.0564,0.1414,0.0,0.0
1779988770550,1,Pitching Mound.Drive,,Loading,pitch.0,436650,0.3016,-0.6381,4.3495,0.8025,-4.3241,-0.9342,0.1324,0.0246
1779988770550,1,Pitching Mound.Parent,,Loading,pitch.0,435704,-0.2405,-0.8196,4.9272,0.8698,-4.5012,-0.8153,0.0,0.0
1779988770551,1,11.0000004b,Drive,Loading,pitch.0,436651,0.3238,-0.6338,4.1467,0.9523,-4.1774,-0.9275,0.1341,0.0306
1779988770551,1,12.00000015,Lower Delivery,Loading,pitch.0,436385,-0.4992,-0.2203,0.4377,-0.0482,-0.0205,-0.0066,0.0,0.0
1779988770551,1,12.00000018,Upper Delivery,Loading,pitch.0,437244,-0.065,0.0599,0.0429,-0.0884,-0.0304,-0.0012,0.0,0.0
1779988770551,1,Pitching Mound.Delivery,,Loading,pitch.0,436084,-0.5656,-0.1659,0.4764,-0.0009,-0.0509,0.1393,0.0,0.0
1779988770551,1,Pitching Mound.Drive,,Loading,pitch.0,436651,0.3238,-0.6338,4.1467,0.9523,-4.1774,-0.9275,0.1341,0.0306
1779988770551,1,Pitching Mound.Parent,,Loading,pitch.0,435705,-0.264,-0.804,4.8258,0.8016,-4.375,-0.7948,0.0,0.0
1779988770552,1,11.0000004b,Drive,Loading,pitch.0,436652,0.3041,-0.6628,4.1223,0.9576,-4.1951,-0.9363,0.1355,0.0309
1779988770552,1,12.00000015,Lower Delivery,Loading,pitch.0,436386,-0.5487,-0.2314,0.5109,-0.0357,-0.0045,-0.0047,0.0,0.0
1779988770552,1,12.00000018,Upper Delivery,Loading,pitch.0,437245,-0.0612,0.0604,0.0338,-0.0884,-0.0304,-0.0012,0.0,0.0
1779988770552,1,Pitching Mound.Delivery,,Loading,pitch.0,436085,-0.6137,-0.1715,0.5538,0.035,-0.0349,0.1585,0.0,0.0
1779988770552,1,Pitching Mound.Drive,,Loading,pitch.0,436652,0.3041,-0.6628,4.1223,0.9576,-4.1951,-0.9363,0.1355,0.0309
1779988770552,1,Pitching Mound.Parent,,Loading,pitch.0,435706,-0.2899,-0.8053,4.7006,0.9874,-4.2123,-0.7689,0.0,0.0
1779988770553,1,11.0000004b,Drive,Loading,pitch.0,436653,0.3009,-0.6732,4.0302,1.0148,-4.0324,-0.8945,0.1332,0.0335
1779988770553,1,12.00000015,Lower Delivery,Loading,pitch.0,436387,-0.5989,-0.2336,0.5757,-0.0355,-0.0081,-0.0052,0.0,0.0
1779988770553,1,12.00000018,Upper Delivery,Loading,pitch.0,437246,-0.0664,0.0554,0.0492,-0.0884,-0.0304,-0.0012,0.0,0.0
1779988770553,1,Pitching Mound.Delivery,,Loading,pitch.0,436086,-0.6601,-0.1732,0.6096,0.0604,-0.0385,0.1764,0.0,0.0
1779988770553,1,Pitching Mound.Drive,,Loading,pitch.0,436653,0.3009,-0.6732,4.0302,1.0148,-4.0324,-0.8945,0.1332,0.0335
1779988770553,1,Pitching Mound.Parent,,Loading,pitch.0,435707,-0.3561,-0.836,4.7319,1.018,-4.2336,-0.7598,0.0,0.0
1779988770554,1,11.0000004b,Drive,Loading,pitch.0,436654,0.3115,-0.6884,3.8146,1.0581,-4.097,-0.8708,0.143,0.0369
1779988770554,1,12.00000015,Lower Delivery,Loading,pitch.0,436388,-0.6118,-0.2462,0.6091,-0.0301,-0.0067,-0.0056,0.0,0.0
1779988770554,1,12.00000018,Upper Delivery,Loading,pitch.0,437247,-0.0672,0.0531,0.0474,-0.0884,-0.0304,-0.0012,0.0,0.0
1779988770554,1,Pitching Mound.Delivery,,Loading,pitch.0,436087,-0.6782,-0.1909,0.6583,0.0719,-0.037,0.1787,0.0,0.0
1779988770554,1,Pitching Mound.Drive,,Loading,pitch.0,436654,0.3115,-0.6884,3.8146,1.0581,-4.097,-0.8708,0.143,0.0369
1779988770554,1,Pitching Mound.Parent,,Loading,pitch.0,435708,-0.3773,-0.8641,4.6884,1.0867,-4.0695,-0.7159,0.0,0.0
1779988770555,1,11.0000004b,Drive,Loading,pitch.0,436655,0.2935,-0.7174,3.6878,1.1634,-3.986,-0.8714,0.1439,0.042
1779988770555,1,12.00000015,Lower Delivery,Loading,pitch.0,436389,-0.6143,-0.236,0.5977,-0.0295,0.0035,-0.0019,0.0,0.0
1779988770555,1,12.00000018,Upper Delivery,Loading,pitch.0,437248,-0.0694,0.0537,0.0526,-0.0884,-0.0304,-0.0012,0.0,0.0
1779988770555,1,Pitching Mound.Delivery,,Loading,pitch.0,436088,-0.6815,-0.1829,0.6452,0.0692,-0.0269,0.183,0.0,0.0
1779988770555,1,Pitching Mound.Drive,,Loading,pitch.0,436655,0.2935,-0.7174,3.6878,1.1634,-3.986,-0.8714,0.1439,0.042
1779988770555,1,Pitching Mound.Parent,,Loading,pitch.0,435709,-0.37,-0.8713,4.4598,1.1273,-4.1239,-0.6879,0.0,0.0
1779988770556,1,11.0000004b,Drive,Loading,pitch.0,436656,0.2512,-0.7225,3.5653,1.2114,-3.9903,-0.8799,0.149,0.0452
1779988770556,1,12.00000015,Lower Delivery,Loading,pitch.0,436390,-0.6317,-0.2577,0.6063,-0.0325,0.0042,-0.0025,0.0,0.0
1779988770556,1,12.00000018,Upper Delivery,Loading,pitch.0,437249,-0.07,0.0476,0.0521,-0.0884,-0.0304,-0.0012,0.0,0.0
1779988770556,1,Pitching Mound.Delivery,,Loading,pitch.0,436089,-0.7012,-0.2039,0.6589,0.0674,-0.0262,0.1874,0.0,0.0
1779988770556,1,Pitching Mound.Drive,,Loading,pitch.0,436656,0.2512,-0.7225,3.5653,1.2114,-3.9903,-0.8799,0.149,0.0452
1779988770556,1,Pitching Mound.Parent,,Loading,pitch.0,435710,-0.4077,-0.9213,4.3467,1.2309,-4.0121,-0.684,0.0,0.0
1779988770557,1,11.0000004b,Drive,Loading,pitch.0,436657,0.2411,-0.759,3.4695,1.3011,-4.1365,-0.893,0.1587,0.0499
1779988770557,1,12.00000015,Lower Delivery,Loading,pitch.0,436391,-0.6535,-0.2826,0.6265,-0.0249,0.009,-0.0012,0.0,0.0
1779988770557,1,12.00000018,Upper Delivery,Loading,pitch.0,437250,-0.0695,0.0457,0.0504,-0.0884,-0.0304,-0.0012,0.0,0.0
1779988770557,1,Pitching Mound.Delivery,,Loading,pitch.0,436090,-0.7235,-0.235,0.6786,0.082,-0.0214,0.196,0.0,0.0
1779988770557,1,Pitching Mound.Drive,,Loading,pitch.0,436657,0.2411,-0.759,3.4695,1.3011,-4.1365,-0.893,0.1587,0.0499
1779988770557,1,Pitching Mound.Parent,,Loading,pitch.0,435711,-0.4723,-0.9575,4.244,1.2934,-4.0117,-0.6839,0.0,0.0
1779988770558,1,11.0000004b,Drive,Loading,pitch.0,436658,0.2373,-0.7638,3.3561,1.4089,-4.0413,-0.8747,0.1603,0.0559
1779988770558,1,12.00000015,Lower Delivery,Loading,pitch.0,436392,-0.6592,-0.2982,0.6077,-0.0258,0.0146,-0.0023,0.0,0.0
1779988770558,1,Pitching Mound.Delivery,,Loading,pitch.0,436091,-0.7287,-0.2525,0.6581,0.0753,-0.0158,0.197,0.0,0.0
1779988770558,1,Pitching Mound.Drive,,Loading,pitch.0,436658,0.2373,-0.7638,3.3561,1.4089,-4.0413,-0.8747,0.1603,0.0559
1779988770558,1,Pitching Mound.Parent,,Loading,pitch.0,435712,-0.4876,-1.0115,4.1276,1.3764,-4.1522,-0.6959,0.0,0.0
1779988770559,1,11.0000004b,Drive,Loading,pitch.0,436659,0.2096,-0.7674,3.1967,1.4788,-3.9684,-0.8861,0.1653,0.0616
1779988770559,1,12.00000015,Lower Delivery,Loading,pitch.0,436393,-0.6174,-0.2888,0.5714,-0.029,0.0155,-0.0013,0.0,0.0
1779988770559,1,12.00000018,Upper Delivery,Loading,pitch.0,437251,-0.0723,0.0417,0.0489,-0.0884,-0.0304,-0.0012,0.0,0.0
1779988770559,1,12.00000018,Upper Delivery,Loading,pitch.0,437252,-0.0669,0.0696,0.1262,-0.0884,-0.0304,-0.0012,0.0,0.0
1779988770559,1,Pitching Mound.Delivery,,Loading,pitch.0,436092,-0.6897,-0.2471,0.6203,0.0603,-0.0149,0.1829,0.0,0.0
1779988770559,1,Pitching Mound.Drive,,Loading,pitch.0,436659,0.2096,-0.7674,3.1967,1.4788,-3.9684,-0.8861,0.1653,0.0616
1779988770559,1,Pitching Mound.Parent,,Loading,pitch.0,435713,-0.4524,-1.0109,3.9764,1.4692,-4.0562,-0.6918,0.0,0.0
1779988770560,1,11.0000004b,Drive,Loading,pitch.0,436660,0.176,-0.76,3.1469,1.517,-4.0024,-0.8616,0.1693,0.0642
1779988770560,1,12.00000015,Lower Delivery,Loading,pitch.0,436394,-0.6061,-0.2745,0.5465,-0.0249,0.0108,-0.0018,0.0,0.0
1779988770560,1,12.00000018,Upper Delivery,Loading,pitch.0,437253,-0.0712,0.0393,0.0502,-0.0884,-0.0304,-0.0012,0.0,0.0
1779988770560,1,Pitching Mound.Delivery,,Loading,pitch.0,436093,-0.6731,-0.2049,0.6727,0.0296,-0.0196,0.1803,0.0,0.0
1779988770560,1,Pitching Mound.Drive,,Loading,pitch.0,436660,0.176,-0.76,3.1469,1.517,-4.0024,-0.8616,0.1693,0.0642
1779988770560,1,Pitching Mound.Parent,,Loading,pitch.0,435714,-0.4634,-0.9724,3.8694,1.5084,-3.988,-0.7058,0.0,0.0
1779988770561,1,11.0000004b,Drive,Loading,pitch.0,436661,0.1677,-0.7733,2.9868,1.5042,-3.9638,-0.8716,0.1767,0.067
1779988770561,1,12.00000015,Lower Delivery,Loading,pitch.0,436395,-0.5967,-0.3225,0.5075,-0.0258,0.0118,-0.0008,0.0,0.0
1779988770561,1,12.00000018,Upper Delivery,Loading,pitch.0,437254,-0.0713,0.0368,0.0525,-0.0884,-0.0304,-0.0012,0.0,0.0
1779988770561,1,Pitching Mound.Delivery,,Loading,pitch.0,436094,-0.6679,-0.2832,0.5577,0.0413,-0.0186,0.1767,0.0,0.0
1779988770561,1,Pitching Mound.Drive,,Loading,pitch.0,436661,0.1677,-0.7733,2.9868,1.5042,-3.9638,-0.8716,0.1767,0.067
1779988770561,1,Pitching Mound.Parent,,Loading,pitch.0,435715,-0.4919,-1.0433,3.7046,1.5583,-4.021,-0.6849,0.0,0.0
1779988770562,1,11.0000004b,Drive,Loading,pitch.0,436662,0.0842,-0.7874,2.9673,1.433,-3.9787,-0.8246,0.1785,0.0643
1779988770562,1,12.00000015,Lower Delivery,Loading,pitch.0,436396,-0.5815,-0.3269,0.4829,-0.0225,0.0086,-0.0018,0.0,0.0
1779988770562,1,12.00000018,Upper Delivery,Loading,pitch.0,437255,-0.0714,0.0416,0.0562,-0.0884,-0.0304,-0.0012,0.0,0.0
1779988770562,1,Pitching Mound.Delivery,,Loading,pitch.0,436095,-0.6528,-0.2901,0.5355,0.0355,-0.0218,0.1704,0.0,0.0
1779988770562,1,Pitching Mound.Drive,,Loading,pitch.0,436662,0.0842,-0.7874,2.9673,1.433,-3.9787,-0.8246,0.1785,0.0643
1779988770562,1,Pitching Mound.Parent,,Loading,pitch.0,435716,-0.4851,-1.0634,3.5223,1.5397,-3.9856,-0.7012,0.0,0.0
1779988770563,1,11.0000004b,Drive,Loading,pitch.0,436663,0.0521,-0.7849,2.8874,1.393,-3.8771,-0.8347,0.0,0.0
1779988770563,1,12.00000015,Lower Delivery,Loading,pitch.0,436397,-0.5159,-0.303,0.4211,-0.0275,0.0045,-0.0016,0.0,0.0
1779988770563,1,12.00000018,Upper Delivery,Loading,pitch.0,437256,-0.071,0.0375,0.0504,-0.0884,-0.0304,-0.0012,0.0,0.0
1779988770563,1,Pitching Mound.Delivery,,Loading,pitch.0,436096,-0.5873,-0.2614,0.4773,0.0082,-0.0259,0.1483,0.0,0.0
1779988770563,1,Pitching Mound.Drive,,Loading,pitch.0,436663,0.0521,-0.7849,2.8874,1.393,-3.8771,-0.8347,0.0,0.0
1779988770563,1,Pitching Mound.Parent,,Loading,pitch.0,435717,-0.5031,-1.0488,3.4446,1.4412,-4.0046,-0.6762,0.0,0.0
1779988770564,1,11.0000004b,Drive,Loading,pitch.0,436664,-0.0296,-0.7865,2.9585,1.298,-3.7519,-0.8151,0.0,0.0
1779988770564,1,12.00000015,Lower Delivery,Loading,pitch.0,436398,-0.5281,-0.3017,0.4343,-0.0251,0.0067,-0.0015,0.0,0.0
1779988770564,1,12.00000018,Upper Delivery,Loading,pitch.0,437257,-0.0721,0.0361,0.0528,-0.0884,-0.0304,-0.0012,0.0,0.0
1779988770564,1,Pitching Mound.Delivery,,Loading,pitch.0,436097,-0.5991,-0.2642,0.4847,0.0171,-0.0237,0.1527,0.0,0.0
1779988770564,1,Pitching Mound.Drive,,Loading,pitch.0,436664,-0.0296,-0.7865,2.9585,1.298,-3.7519,-0.8151,0.0,0.0
1779988770564,1,Pitching Mound.Parent,,Loading,pitch.0,435718,-0.547,-1.0492,3.3722,1.4101,-3.9008,-0.682,0.0,0.0
1779988770565,1,11.0000004b,Drive,Loading,pitch.0,436665,-0.0961,-0.7959,3.278,1.2115,-3.5968,-0.8289,0.1461,0.0492
1779988770565,1,12.00000015,Lower Delivery,Loading,pitch.0,436399,-0.5167,-0.2532,0.446,-0.031,0.0122,-0.0016,0.0,0.0
1779988770565,1,12.00000018,Upper Delivery,Loading,pitch.0,437258,-0.0694,0.0387,0.0517,-0.0884,-0.0304,-0.0012,0.0,0.0
1779988770565,1,Pitching Mound.Delivery,,Loading,pitch.0,436098,-0.5888,-0.2171,0.4988,0.0143,-0.0182,0.1484,0.0,0.0
1779988770565,1,Pitching Mound.Drive,,Loading,pitch.0,436665,-0.0961,-0.7959,3.278,1.2115,-3.5968,-0.8289,0.1461,0.0492
1779988770565,1,Pitching Mound.Parent,,Loading,pitch.0,435719,-0.6184,-1.0036,3.4572,1.3124,-3.7701,-0.6667,0.0,0.0
1779988770566,1,11.0000004b,Drive,Loading,pitch.0,436666,-0.1378,-0.8262,3.2293,1.1533,-3.5584,-0.7953,0.1467,0.0475
1779988770566,1,12.00000015,Lower Delivery,Loading,pitch.0,436400,-0.4962,-0.2781,0.4064,-0.0263,0.0048,-0.0029,0.0,0.0
1779988770566,1,12.00000018,Upper Delivery,Loading,pitch.0,437259,-0.0678,0.0394,0.0432,-0.0884,-0.0304,-0.0012,0.0,0.0
1779988770566,1,Pitching Mound.Delivery,,Loading,pitch.0,436099,-0.5656,-0.2394,0.4581,0.0059,-0.0256,0.141,0.0,0.0
1779988770566,1,Pitching Mound.Drive,,Loading,pitch.0,436666,-0.1378,-0.8262,3.2293,1.1533,-3.5584,-0.7953,0.1467,0.0475
1779988770566,1,Pitching Mound.Parent,,Loading,pitch.0,435720,-0.6617,-1.0352,3.7361,1.2174,-3.6224,-0.6879,0.0,0.0
1779988770567,1,11.0000004b,Drive,Loading,pitch.0,436667,-0.1669,-0.8113,3.1254,1.066,-3.5079,-0.7539,0.1494,0.0454
1779988770567,1,12.00000015,Lower Delivery,Loading,pitch.0,436401,-0.4848,-0.2669,0.3969,-0.0181,0.0044,-0.005,0.0,0.0
1779988770567,1,12.00000018,Upper Delivery,Loading,pitch.0,437260,-0.0649,0.0443,0.0359,-0.0884,-0.0304,-0.0012,0.0,0.0
1779988770567,1,Pitching Mound.Delivery,,Loading,pitch.0,436100,-0.5526,-0.2275,0.4401,0.0138,-0.026,0.1356,0.0,0.0
1779988770567,1,Pitching Mound.Drive,,Loading,pitch.0,436667,-0.1669,-0.8113,3.1254,1.066,-3.5079,-0.7539,0.1494,0.0454
1779988770567,1,Pitching Mound.Parent,,Loading,pitch.0,435721,-0.6904,-1.0537,3.6694,1.1671,-3.5844,-0.6597,0.0,0.0
1779988770568,1,11.0000004b,Drive,Loading,pitch.0,436668,-0.199,-0.7888,2.9974,0.9674,-3.3421,-0.7559,0.1484,0.043
1779988770568,1,12.00000015,Lower Delivery,Loading,pitch.0,436402,-0.5021,-0.2824,0.4103,-0.0302,0.0003,-0.0045,0.0,0.0
1779988770568,1,12.00000018,Upper Delivery,Loading,pitch.0,437261,-0.0655,0.046,0.0368,-0.0884,-0.0304,-0.0012,0.0,0.0
1779988770568,1,Pitching Mound.Delivery,,Loading,pitch.0,436101,-0.567,-0.2381,0.4462,0.0087,-0.0301,0.1429,0.0,0.0
1779988770568,1,Pitching Mound.Drive,,Loading,pitch.0,436668,-0.199,-0.7888,2.9974,0.9674,-3.3421,-0.7559,0.1484,0.043
1779988770568,1,Pitching Mound.Parent,,Loading,pitch.0,435722,-0.7339,-1.0494,3.5716,1.0747,-3.538,-0.611,0.0,0.0
1779988770569,1,11.0000004b,Drive,Loading,pitch.0,436669,-0.2147,-0.7703,2.9852,0.9172,-3.3348,-0.7245,0.1487,0.0409
1779988770569,1,12.00000015,Lower Delivery,Loading,pitch.0,436403,-0.525,-0.2723,0.4408,-0.025,-0.0035,-0.0052,0.0,0.0
1779988770569,1,12.00000018,Upper Delivery,Loading,pitch.0,437262,-0.0621,0.049,0.0267,-0.0884,-0.0304,-0.0012,0.0,0.0
1779988770569,1,Pitching Mound.Delivery,,Loading,pitch.0,436102,-0.5905,-0.2263,0.4776,0.0239,-0.0339,0.1498,0.0,0.0
1779988770569,1,Pitching Mound.Drive,,Loading,pitch.0,436669,-0.2147,-0.7703,2.9852,0.9172,-3.3348,-0.7245,0.1487,0.0409
1779988770569,1,Pitching Mound.Parent,,Loading,pitch.0,435723,-0.7895,-1.0151,3.475,0.9913,-3.376,-0.6061,0.0,0.0
1779988770570,1,11.0000004b,Drive,Loading,pitch.0,436670,-0.2244,-0.7713,2.9646,0.8897,-3.3255,-0.6775,0.1493,0.04
1779988770570,1,12.00000015,Lower Delivery,Loading,pitch.0,436404,-0.5067,-0.2256,0.4394,-0.0274,-0.0065,-0.0062,0.0,0.0
1779988770570,1,12.00000018,Upper Delivery,Loading,pitch.0,437263,-0.0558,0.0534,0.0195,-0.0884,-0.0304,-0.0012,0.0,0.0
1779988770570,1,Pitching Mound.Delivery,,Loading,pitch.0,436103,-0.5688,-0.1766,0.4661,0.0245,-0.0369,0.1437,0.0,0.0
1779988770570,1,Pitching Mound.Drive,,Loading,pitch.0,436670,-0.2244,-0.7713,2.9646,0.8897,-3.3255,-0.6775,0.1493,0.04
1779988770570,1,Pitching Mound.Parent,,Loading,pitch.0,435724,-0.7835,-0.9469,3.4513,0.9417,-3.3716,-0.5807,0.0,0.0
1779988770571,1,11.0000004b,Drive,Loading,pitch.0,436671,-0.235,-0.7604,3.0584,0.8809,-3.1212,-0.6423,0.1359,0.0383
1779988770571,1,12.00000015,Lower Delivery,Loading,pitch.0,436405,-0.5405,-0.232,0.4748,-0.0344,-0.0083,-0.0066,0.0,0.0
1779988770571,1,12.00000018,Upper Delivery,Loading,pitch.0,437264,-0.0576,0.0506,0.0296,-0.0884,-0.0304,-0.0012,0.0,0.0
1779988770571,1,Pitching Mound.Delivery,,Loading,pitch.0,436104,-0.5963,-0.1786,0.4943,0.0321,-0.0386,0.157,0.0,0.0
1779988770571,1,Pitching Mound.Drive,,Loading,pitch.0,436671,-0.235,-0.7604,3.0584,0.8809,-3.1212,-0.6423,0.1359,0.0383
1779988770571,1,Pitching Mound.Parent,,Loading,pitch.0,435725,-0.8207,-0.9499,3.4589,0.9218,-3.3641,-0.5205,0.0,0.0
1779988770572,1,11.0000004b,Drive,Loading,pitch.0,436672,-0.2209,-0.7373,2.9347,0.8799,-3.1006,-0.5654,0.0,0.0
1779988770572,1,12.00000015,Lower Delivery,Loading,pitch.0,436406,-0.5311,-0.2455,0.4567,-0.0351,-0.0061,-0.0073,0.0,0.0
1779988770572,1,12.00000018,Upper Delivery,Loading,pitch.0,437265,-0.0607,0.055,0.0303,-0.0884,-0.0304,-0.0012,0.0,0.0
1779988770572,1,Pitching Mound.Delivery,,Loading,pitch.0,436105,-0.5887,-0.1949,0.4863,0.0218,-0.0365,0.1525,0.0,0.0
1779988770572,1,Pitching Mound.Drive,,Loading,pitch.0,436672,-0.2209,-0.7373,2.9347,0.8799,-3.1006,-0.5654,0.0,0.0
1779988770572,1,Pitching Mound.Parent,,Loading,pitch.0,435726,-0.8237,-0.9553,3.5447,0.9027,-3.1576,-0.4898,0.0,0.0
1779988770573,1,11.0000004b,Drive,Loading,pitch.0,436673,-0.2036,-0.6997,2.7979,0.8567,-2.949,-0.5203,0.0,0.0
1779988770573,1,12.00000015,Lower Delivery,Loading,pitch.0,436407,-0.5004,-0.2507,0.4271,-0.0324,-0.0018,-0.0054,0.0,0.0
1779988770573,1,12.00000018,Upper Delivery,Loading,pitch.0,437266,-0.0568,0.0582,0.0269,-0.0884,-0.0304,-0.0012,0.0,0.0
1779988770573,1,Pitching Mound.Delivery,,Loading,pitch.0,436106,-0.5611,-0.1957,0.4574,0.0142,-0.0322,0.1429,0.0,0.0
1779988770573,1,Pitching Mound.Drive,,Loading,pitch.0,436673,-0.2036,-0.6997,2.7979,0.8567,-2.949,-0.5203,0.0,0.0
1779988770573,1,Pitching Mound.Parent,,Loading,pitch.0,435727,-0.782,-0.9329,3.392,0.8941,-3.1327,-0.4224,0.0,0.0
1779988770574,1,11.0000004b,Drive,Loading,pitch.0,436674,-0.181,-0.6437,2.691,0.8207,-2.8257,-0.4698,0.0,0.0
1779988770574,1,12.00000015,Lower Delivery,Loading,pitch.0,436408,-0.4865,-0.2632,0.408,-0.0276,0.0001,-0.0056,0.0,0.0
1779988770574,1,12.00000018,Upper Delivery,Loading,pitch.0,437267,-0.0577,0.062,0.027,-0.0884,-0.0304,-0.0012,0.0,0.0
1779988770574,1,Pitching Mound.Delivery,,Loading,pitch.0,436107,-0.5433,-0.2049,0.4349,0.0135,-0.0303,0.1393,0.0,0.0
1779988770574,1,Pitching Mound.Drive,,Loading,pitch.0,436674,-0.181,-0.6437,2.691,0.8207,-2.8257,-0.4698,0.0,0.0
1779988770574,1,Pitching Mound.Parent,,Loading,pitch.0,435728,-0.747,-0.9047,3.2328,0.8702,-2.9793,-0.381,0.0,0.0
1779988770575,1,11.0000004b,Drive,Loading,pitch.0,436675,-0.142,-0.5863,2.6645,0.8094,-2.7263,-0.4108,0.0,0.0
1779988770575,1,12.00000015,Lower Delivery,Loading,pitch.0,436409,-0.4498,-0.2904,0.352,-0.0303,0.0002,-0.004,0.0,0.0
1779988770575,1,12.00000018,Upper Delivery,Loading,pitch.0,437268,-0.0557,0.0636,0.0161,-0.0884,-0.0304,-0.0012,0.0,0.0
1779988770575,1,Pitching Mound.Delivery,,Loading,pitch.0,436108,-0.5074,-0.2284,0.379,-0.0082,-0.0302,0.1281,0.0,0.0
1779988770575,1,Pitching Mound.Drive,,Loading,pitch.0,436675,-0.142,-0.5863,2.6645,0.8094,-2.7263,-0.4108,0.0,0.0
1779988770575,1,Pitching Mound.Parent,,Loading,pitch.0,435729,-0.6885,-0.8721,3.0701,0.8125,-2.8559,-0.3417,0.0,0.0
1779988770576,1,11.0000004b,Drive,Loading,pitch.0,436676,-0.0966,-0.5474,2.7397,0.7826,-2.5732,-0.3492,0.0,0.0
1779988770576,1,12.00000015,Lower Delivery,Loading,pitch.0,436410,-0.5106,-0.3045,0.4087,-0.041,0.0037,-0.0039,0.0,0.0
1779988770576,1,12.00000018,Upper Delivery,Loading,pitch.0,437269,-0.0592,0.0594,0.0248,-0.0884,-0.0304,-0.0012,0.0,0.0
1779988770576,1,Pitching Mound.Delivery,,Loading,pitch.0,436109,-0.5663,-0.2409,0.4248,0.0041,-0.0267,0.1496,0.0,0.0
1779988770576,1,Pitching Mound.Drive,,Loading,pitch.0,436676,-0.0966,-0.5474,2.7397,0.7826,-2.5732,-0.3492,0.0,0.0
1779988770576,1,Pitching Mound.Parent,,Loading,pitch.0,435730,-0.7083,-0.8271,3.0894,0.8135,-2.7529,-0.2613,0.0,0.0
1779988770577,1,11.0000004b,Drive,Loading,pitch.0,436677,-0.0675,-0.4728,2.5575,0.7209,-2.3171,-0.2982,0.0,0.0
1779988770577,1,12.00000015,Lower Delivery,Loading,pitch.0,436411,-0.5164,-0.298,0.4151,-0.043,0.0039,-0.003,0.0,0.0
1779988770577,1,12.00000018,Upper Delivery,Loading,pitch.0,437270,-0.0621,0.0591,0.025,-0.0884,-0.0304,-0.0012,0.0,0.0
1779988770577,1,Pitching Mound.Delivery,,Loading,pitch.0,436110,-0.5756,-0.2386,0.4398,0.0013,-0.0265,0.1512,0.0,0.0
1779988770577,1,Pitching Mound.Drive,,Loading,pitch.0,436677,-0.0675,-0.4728,2.5575,0.7209,-2.3171,-0.2982,0.0,0.0
1779988770577,1,Pitching Mound.Parent,,Loading,pitch.0,435731,-0.6722,-0.786,3.1796,0.784,-2.5997,-0.198,0.0,0.0
1779988770578,1,11.0000004b,Drive,Loading,pitch.0,436678,-0.038,-0.4611,2.3238,0.7142,-2.1983,-0.2439,0.0,0.0
1779988770578,1,12.00000015,Lower Delivery,Loading,pitch.0,436412,-0.5317,-0.2652,0.443,-0.0541,0.0006,-0.0036,0.0,0.0
1779988770578,1,12.00000018,Upper Delivery,Loading,pitch.0,437271,-0.0614,0.0568,0.0242,-0.0884,-0.0304,-0.0012,0.0,0.0
1779988770578,1,Pitching Mound.Delivery,,Loading,pitch.0,436111,-0.5937,-0.2061,0.468,-0.0003,-0.0298,0.1548,0.0,0.0
1779988770578,1,Pitching Mound.Drive,,Loading,pitch.0,436678,-0.038,-0.4611,2.3238,0.7142,-2.1983,-0.2439,0.0,0.0
1779988770578,1,Pitching Mound.Parent,,Loading,pitch.0,435732,-0.6612,-0.6789,3.0254,0.7205,-2.3469,-0.1433,0.0,0.0
1779988770579,1,11.0000004b,Drive,Loading,pitch.0,436679,-0.0025,-0.4147,2.3348,0.6498,-2.0002,-0.233,0.0,0.0
1779988770579,1,12.00000015,Lower Delivery,Loading,pitch.0,436413,-0.5475,-0.2283,0.4797,-0.0589,-0.0021,-0.0037,0.0,0.0
1779988770579,1,12.00000018,Upper Delivery,Loading,pitch.0,437272,-0.0626,0.0577,0.0344,-0.0884,-0.0304,-0.0012,0.0,0.0
1779988770579,1,Pitching Mound.Delivery,,Loading,pitch.0,436112,-0.609,-0.1716,0.5038,0.0076,-0.0324,0.1604,0.0,0.0
1779988770579,1,Pitching Mound.Drive,,Loading,pitch.0,436679,-0.0025,-0.4147,2.3348,0.6498,-2.0002,-0.233,0.0,0.0
1779988770579,1,Pitching Mound.Parent,,Loading,pitch.0,435733,-0.647,-0.6326,2.8277,0.7218,-2.2307,-0.0835,0.0,0.0
1779988770580,1,11.0000004b,Drive,Loading,pitch.0,436680,0.0377,-0.3963,2.2442,0.6183,-1.9073,-0.2429,0.0,0.0
1779988770580,1,12.00000015,Lower Delivery,Loading,pitch.0,436414,-0.5453,-0.226,0.4789,-0.0672,-0.0098,-0.0058,0.0,0.0
1779988770580,1,12.00000018,Upper Delivery,Loading,pitch.0,437273,-0.0622,0.0556,0.0331,-0.0884,-0.0304,-0.0012,0.0,0.0
1779988770580,1,Pitching Mound.Delivery,,Loading,pitch.0,436113,-0.6079,-0.1683,0.5133,-0.0044,-0.0402,0.1571,0.0,0.0
1779988770580,1,Pitching Mound.Drive,,Loading,pitch.0,436680,0.0377,-0.3963,2.2442,0.6183,-1.9073,-0.2429,0.0,0.0
1779988770580,1,Pitching Mound.Parent,,Loading,pitch.0,435734,-0.6104,-0.583,2.8481,0.6453,-2.0404,-0.0759,0.0,0.0
1779988770581,1,11.0000004b,Drive,Loading,pitch.0,436681,0.0607,-0.3796,2.1821,0.5736,-1.7295,-0.2539,0.0,0.0
1779988770581,1,12.00000015,Lower Delivery,Loading,pitch.0,436415,-0.5455,-0.2054,0.4861,-0.0701,-0.0138,-0.007,0.0,0.0
1779988770581,1,12.00000018,Upper Delivery,Loading,pitch.0,437274,-0.065,0.0489,0.025,-0.0884,-0.0304,-0.0012,0.0,0.0
1779988770581,1,Pitching Mound.Delivery,,Loading,pitch.0,436114,-0.6077,-0.1498,0.5192,-0.0044,-0.0442,0.1561,0.0,0.0
1779988770581,1,Pitching Mound.Drive,,Loading,pitch.0,436681,0.0607,-0.3796,2.1821,0.5736,-1.7295,-0.2539,0.0,0.0
1779988770581,1,Pitching Mound.Parent,,Loading,pitch.0,435735,-0.57,-0.5461,2.7634,0.6139,-1.9514,-0.0868,0.0,0.0
1779988770582,1,11.0000004b,Drive,Loading,pitch.0,436682,0.0826,-0.3695,2.1062,0.527,-1.6352,-0.2649,0.0,0.0
1779988770582,1,12.00000015,Lower Delivery,Loading,pitch.0,436416,-0.5389,-0.2292,0.4617,-0.0733,-0.018,-0.0068,0.0,0.0
1779988770582,1,12.00000018,Upper Delivery,Loading,pitch.0,437275,-0.0665,0.0532,0.0336,-0.0884,-0.0304,-0.0012,0.0,0.0
1779988770582,1,Pitching Mound.Delivery,,Loading,pitch.0,436115,-0.6039,-0.1803,0.4867,-0.0132,-0.0483,0.1532,0.0,0.0
1779988770582,1,Pitching Mound.Drive,,Loading,pitch.0,436682,0.0826,-0.3695,2.1062,0.527,-1.6352,-0.2649,0.0,0.0
1779988770582,1,Pitching Mound.Parent,,Loading,pitch.0,435736,-0.5432,-0.5599,2.6688,0.5603,-1.7778,-0.1007,0.0,0.0
1779988770583,1,11.0000004b,Drive,Loading,pitch.0,436683,0.0837,-0.3751,2.0877,0.5088,-1.6217,-0.3228,0.0,0.0
1779988770583,1,12.00000015,Lower Delivery,Loading,pitch.0,436417,-0.5051,-0.2071,0.4252,-0.076,-0.0208,-0.0053,0.0,0.0
1779988770583,1,12.00000018,Upper Delivery,Loading,pitch.0,437276,-0.0618,0.0497,0.0275,-0.0884,-0.0304,-0.0012,0.0,0.0
1779988770583,1,Pitching Mound.Delivery,,Loading,pitch.0,436116,-0.5716,-0.1539,0.4588,-0.0312,-0.0512,0.1426,0.0,0.0
1779988770583,1,Pitching Mound.Drive,,Loading,pitch.0,436683,0.0837,-0.3751,2.0877,0.5088,-1.6217,-0.3228,0.0,0.0
1779988770583,1,Pitching Mound.Parent,,Loading,pitch.0,435737,-0.4889,-0.5234,2.565,0.4958,-1.6863,-0.1223,0.0,0.0
1779988770584,1,11.0000004b,Drive,Loading,pitch.0,436684,0.0904,-0.3991,2.1434,0.4816,-1.6563,-0.3758,0.0,0.0
1779988770584,1,12.00000015,Lower Delivery,Loading,pitch.0,436418,-0.508,-0.2204,0.4212,-0.0687,-0.016,-0.0076,0.0,0.0
1779988770584,1,12.00000018,Upper Delivery,Loading,pitch.0,437277,-0.0656,0.0459,0.0394,-0.0884,-0.0304,-0.0012,0.0,0.0
1779988770584,1,Pitching Mound.Delivery,,Loading,pitch.0,436117,-0.5699,-0.1706,0.4487,-0.0232,-0.0464,0.1429,0.0,0.0
1779988770584,1,Pitching Mound.Drive,,Loading,pitch.0,436684,0.0904,-0.3991,2.1434,0.4816,-1.6563,-0.3758,0.0,0.0
1779988770584,1,Pitching Mound.Parent,,Loading,pitch.0,435738,-0.4861,-0.5458,2.5364,0.4856,-1.6681,-0.18,0.0,0.0
1779988770585,1,11.0000004b,Drive,Loading,pitch.0,436685,0.088,-0.4079,2.1485,0.4826,-1.6805,-0.3753,0.0,0.0
1779988770585,1,12.00000015,Lower Delivery,Loading,pitch.0,436419,-0.5192,-0.246,0.4249,-0.0624,-0.0174,-0.0098,0.0,0.0
1779988770585,1,12.00000018,Upper Delivery,Loading,pitch.0,437278,-0.0651,0.0472,0.0406,-0.0884,-0.0304,-0.0012,0.0,0.0
1779988770585,1,Pitching Mound.Delivery,,Loading,pitch.0,436118,-0.5848,-0.2001,0.4643,-0.0197,-0.0477,0.1432,0.0,0.0
1779988770585,1,Pitching Mound.Drive,,Loading,pitch.0,436685,0.088,-0.4079,2.1485,0.4826,-1.6805,-0.3753,0.0,0.0
1779988770585,1,Pitching Mound.Parent,,Loading,pitch.0,435739,-0.4944,-0.5992,2.6077,0.4619,-1.704,-0.2326,0.0,0.0
1779988770586,1,11.0000004b,Drive,Loading,pitch.0,436686,0.0736,-0.4309,2.1073,0.4319,-1.5705,-0.3682,0.0,0.0
1779988770586,1,12.00000015,Lower Delivery,Loading,pitch.0,436420,-0.5222,-0.2093,0.4514,-0.0572,-0.0173,-0.01,0.0,0.0
1779988770586,1,12.00000018,Upper Delivery,Loading,pitch.0,437279,-0.0634,0.0501,0.0419,-0.0884,-0.0304,-0.0012,0.0,0.0
1779988770586,1,Pitching Mound.Delivery,,Loading,pitch.0,436119,-0.5873,-0.1621,0.492,-0.0059,-0.0477,0.1443,0.0,0.0
1779988770586,1,Pitching Mound.Drive,,Loading,pitch.0,436686,0.0736,-0.4309,2.1073,0.4319,-1.5705,-0.3682,0.0,0.0
1779988770586,1,Pitching Mound.Parent,,Loading,pitch.0,435740,-0.4993,-0.57,2.6405,0.4766,-1.7282,-0.231,0.0,0.0
1779988770587,1,11.0000004b,Drive,Loading,pitch.0,436687,0.0585,-0.4288,2.2575,0.4575,-1.7507,-0.4123,0.0,0.0
1779988770587,1,12.00000015,Lower Delivery,Loading,pitch.0,436421,-0.5027,-0.2128,0.4331,-0.0419,-0.0131,-0.0105,0.0,0.0
1779988770587,1,12.00000018,Upper Delivery,Loading,pitch.0,437280,-0.0624,0.0509,0.0492,-0.0884,-0.0304,-0.0012,0.0,0.0
1779988770587,1,Pitching Mound.Delivery,,Loading,pitch.0,436120,-0.5661,-0.1626,0.475,0.0027,-0.0435,0.1377,0.0,0.0
1779988770587,1,Pitching Mound.Drive,,Loading,pitch.0,436687,0.0585,-0.4288,2.2575,0.4575,-1.7507,-0.4123,0.0,0.0
1779988770587,1,Pitching Mound.Parent,,Loading,pitch.0,435741,-0.4925,-0.5935,2.5823,0.4347,-1.614,-0.2305,0.0,0.0
1779988770588,1,11.0000004b,Drive,Loading,pitch.0,436688,0.0329,-0.4365,2.3647,0.4475,-1.7475,-0.3858,0.0,0.0
1779988770588,1,12.00000015,Lower Delivery,Loading,pitch.0,436422,-0.5266,-0.2313,0.4511,-0.027,-0.0086,-0.0103,0.0,0.0
1779988770588,1,12.00000018,Upper Delivery,Loading,pitch.0,437281,-0.0619,0.0661,0.0842,-0.0884,-0.0304,-0.0012,0.0,0.0
1779988770588,1,Pitching Mound.Delivery,,Loading,pitch.0,436121,-0.589,-0.1804,0.5003,0.0213,-0.0389,0.1463,0.0,0.0
1779988770588,1,Pitching Mound.Drive,,Loading,pitch.0,436688,0.0329,-0.4365,2.3647,0.4475,-1.7475,-0.3858,0.0,0.0
1779988770588,1,Pitching Mound.Parent,,Loading,pitch.0,435742,-0.5305,-0.6092,2.7578,0.4788,-1.7897,-0.266,0.0,0.0
1779988770589,1,11.0000004b,Drive,Loading,pitch.0,436689,0.0114,-0.4554,2.3827,0.4216,-1.7558,-0.3649,0.0,0.0
1779988770589,1,12.00000015,Lower Delivery,Loading,pitch.0,436423,-0.5731,-0.2418,0.4924,-0.0247,-0.0069,-0.0094,0.0,0.0
1779988770589,1,12.00000018,Upper Delivery,Loading,pitch.0,437282,-0.0642,0.0665,0.0819,-0.0884,-0.0304,-0.0012,0.0,0.0
1779988770589,1,Pitching Mound.Delivery,,Loading,pitch.0,436122,-0.635,-0.1757,0.5767,0.0257,-0.0373,0.1632,0.0,0.0
1779988770589,1,Pitching Mound.Drive,,Loading,pitch.0,436689,0.0114,-0.4554,2.3827,0.4216,-1.7558,-0.3649,0.0,0.0
1779988770589,1,Pitching Mound.Parent,,Loading,pitch.0,435743,-0.6022,-0.6122,2.9413,0.4732,-1.7848,-0.2226,0.0,0.0
1779988770590,1,11.0000004b,Drive,Loading,pitch.0,436690,-0.0104,-0.4656,2.4538,0.4404,-1.8859,-0.3467,0.0,0.0
1779988770590,1,12.00000015,Lower Delivery,Loading,pitch.0,436424,-0.5705,-0.2758,0.475,-0.0199,-0.0074,-0.0087,0.0,0.0
1779988770590,1,12.00000015,Lower Delivery,Loading,pitch.0,436425,-0.5709,-0.2801,0.4733,-0.0165,-0.0035,-0.0071,0.0,0.0
1779988770590,1,12.00000018,Upper Delivery,Loading,pitch.0,437283,-0.0682,0.0531,0.0533,-0.0884,-0.0304,-0.0012,0.0,0.0
1779988770590,1,Pitching Mound.Delivery,,Loading,pitch.0,436123,-0.6348,-0.2093,0.5569,0.0254,-0.0378,0.1622,0.0,0.0
1779988770590,1,Pitching Mound.Delivery,,Loading,pitch.0,436124,-0.639,-0.227,0.5266,0.038,-0.0339,0.1626,0.0,0.0
1779988770590,1,Pitching Mound.Drive,,Loading,pitch.0,436690,-0.0104,-0.4656,2.4538,0.4404,-1.8859,-0.3467,0.0,0.0
1779988770590,1,Pitching Mound.Parent,,Loading,pitch.0,435744,-0.6234,-0.6647,2.9396,0.447,-1.7936,-0.2027,0.0,0.0
1779988770590,1,Pitching Mound.Parent,,Loading,pitch.0,435745,-0.6494,-0.6926,2.9805,0.4783,-1.9198,-0.1841,0.0,0.0
1779988770591,1,11.0000004b,Drive,Loading,pitch.0,436691,-0.0134,-0.4459,2.4252,0.4255,-1.8031,-0.3036,0.0,0.0
1779988770591,1,12.00000015,Lower Delivery,Loading,pitch.0,436426,-0.5697,-0.2799,0.4748,-0.0142,-0.0025,-0.0067,0.0,0.0
1779988770591,1,12.00000018,Upper Delivery,Loading,pitch.0,437284,-0.067,0.0568,0.0464,-0.0884,-0.0304,-0.0012,0.0,0.0
1779988770591,1,Pitching Mound.Delivery,,Loading,pitch.0,436125,-0.6367,-0.2231,0.5212,0.0431,-0.0329,0.1631,0.0,0.0
1779988770591,1,Pitching Mound.Drive,,Loading,pitch.0,436691,-0.0134,-0.4459,2.4252,0.4255,-1.8031,-0.3036,0.0,0.0
1779988770591,1,Pitching Mound.Parent,,Loading,pitch.0,435746,-0.6502,-0.669,2.9464,0.4686,-1.836,-0.1405,0.0,0.0
1779988770592,1,11.0000004b,Drive,Loading,pitch.0,436692,-0.0207,-0.4371,2.4464,0.4276,-1.7802,-0.2636,0.0,0.0
1779988770592,1,12.00000015,Lower Delivery,Loading,pitch.0,436427,-0.5368,-0.2838,0.429,-0.0175,-0.0034,-0.0067,0.0,0.0
1779988770592,1,12.00000018,Upper Delivery,Loading,pitch.0,437285,-0.0539,0.0753,0.1025,-0.0884,-0.0304,-0.0012,0.0,0.0
1779988770592,1,Pitching Mound.Delivery,,Loading,pitch.0,436126,-0.5908,-0.2085,0.5314,0.0052,-0.0338,0.1563,0.0,0.0
1779988770592,1,Pitching Mound.Drive,,Loading,pitch.0,436692,-0.0207,-0.4371,2.4464,0.4276,-1.7802,-0.2636,0.0,0.0
1779988770592,1,Pitching Mound.Parent,,Loading,pitch.0,435747,-0.6114,-0.6455,2.9778,0.4328,-1.8141,-0.1073,0.0,0.0
1779988770593,1,11.0000004b,Drive,Loading,pitch.0,436693,-0.0249,-0.4228,2.4083,0.4384,-1.8253,-0.248,0.0,0.0
1779988770593,1,12.00000015,Lower Delivery,Loading,pitch.0,436428,-0.562,-0.2975,0.453,-0.011,-0.0005,-0.0053,0.0,0.0
1779988770593,1,12.00000018,Upper Delivery,Loading,pitch.0,437286,-0.0588,0.0668,0.0758,-0.0884,-0.0304,-0.0012,0.0,0.0
1779988770593,1,Pitching Mound.Delivery,,Loading,pitch.0,436127,-0.6208,-0.2307,0.5288,0.0289,-0.0308,0.1646,0.0,0.0
1779988770593,1,Pitching Mound.Drive,,Loading,pitch.0,436693,-0.0249,-0.4228,2.4083,0.4384,-1.8253,-0.248,0.0,0.0
1779988770593,1,Pitching Mound.Parent,,Loading,pitch.0,435748,-0.6456,-0.6535,2.9371,0.4674,-1.8562,-0.0835,0.0,0.0
1779988770594,1,11.0000004b,Drive,Loading,pitch.0,436694,-0.0156,-0.4015,2.4199,0.4418,-1.7842,-0.2337,0.0,0.0
1779988770594,1,12.00000015,Lower Delivery,Loading,pitch.0,436429,-0.5188,-0.289,0.4066,-0.0174,-0.0093,-0.0044,0.0,0.0
1779988770594,1,12.00000018,Upper Delivery,Loading,pitch.0,437287,-0.0633,0.0592,0.062,-0.0884,-0.0304,-0.0012,0.0,0.0
1779988770594,1,Pitching Mound.Delivery,,Loading,pitch.0,436128,-0.5822,-0.2299,0.4686,0.0114,-0.0397,0.1493,0.0,0.0
1779988770594,1,Pitching Mound.Drive,,Loading,pitch.0,436694,-0.0156,-0.4015,2.4199,0.4418,-1.7842,-0.2337,0.0,0.0
1779988770594,1,Pitching Mound.Parent,,Loading,pitch.0,435749,-0.5977,-0.6314,2.8885,0.4532,-1.8239,-0.0844,0.0,0.0
1779988770595,1,11.0000004b,Drive,Loading,pitch.0,436695,-0.0183,-0.3571,2.3752,0.4232,-1.737,-0.2264,0.0,0.0
1779988770595,1,12.00000015,Lower Delivery,Loading,pitch.0,436430,-0.5079,-0.2891,0.4013,-0.0167,-0.0099,-0.0053,0.0,0.0
1779988770595,1,12.00000018,Upper Delivery,Loading,pitch.0,437288,-0.0662,0.0569,0.0538,-0.0884,-0.0304,-0.0012,0.0,0.0
1779988770595,1,Pitching Mound.Delivery,,Loading,pitch.0,436129,-0.5741,-0.2322,0.4551,0.0131,-0.0403,0.1437,0.0,0.0
1779988770595,1,Pitching Mound.Drive,,Loading,pitch.0,436695,-0.0183,-0.3571,2.3752,0.4232,-1.737,-0.2264,0.0,0.0
1779988770595,1,Pitching Mound.Parent,,Loading,pitch.0,435750,-0.5924,-0.5894,2.8303,0.4363,-1.7773,-0.0827,0.0,0.0
1779988770596,1,11.0000004b,Drive,Loading,pitch.0,436696,-0.0095,-0.3409,2.395,0.4365,-1.8512,-0.2557,0.0,0.0
1779988770596,1,12.00000015,Lower Delivery,Loading,pitch.0,436431,-0.5259,-0.2937,0.4175,-0.0083,-0.0039,-0.0052,0.0,0.0
1779988770596,1,12.00000018,Upper Delivery,Loading,pitch.0,437289,-0.0706,0.0533,0.0398,-0.0884,-0.0304,-0.0012,0.0,0.0
1779988770596,1,Pitching Mound.Delivery,,Loading,pitch.0,436130,-0.5965,-0.2404,0.4573,0.0318,-0.0343,0.1484,0.0,0.0
1779988770596,1,Pitching Mound.Drive,,Loading,pitch.0,436696,-0.0095,-0.3409,2.395,0.4365,-1.8512,-0.2557,0.0,0.0
1779988770596,1,Pitching Mound.Parent,,Loading,pitch.0,435751,-0.6061,-0.5812,2.8523,0.4683,-1.8855,-0.1073,0.0,0.0
1779988770597,1,11.0000004b,Drive,Loading,pitch.0,436697,0.0086,-0.3173,2.3959,0.4158,-1.8379,-0.2412,0.0,0.0
1779988770597,1,11.0000004b,Drive,Loading,pitch.0,436698,0.0228,-0.3156,2.324,0.4243,-1.8205,-0.2185,0.0,0.0
1779988770597,1,12.00000015,Lower Delivery,Loading,pitch.0,436432,-0.5386,-0.2917,0.4442,-0.0083,-0.005,-0.0052,0.0,0.0
1779988770597,1,12.00000018,Upper Delivery,Loading,pitch.0,437290,-0.0729,0.0668,0.0915,-0.0884,-0.0304,-0.0012,0.0,0.0
1779988770597,1,Pitching Mound.Delivery,,Loading,pitch.0,436131,-0.6115,-0.2249,0.5356,0.0232,-0.0354,0.1519,0.0,0.0
1779988770597,1,Pitching Mound.Drive,,Loading,pitch.0,436697,0.0086,-0.3173,2.3959,0.4158,-1.8379,-0.2412,0.0,0.0
1779988770597,1,Pitching Mound.Drive,,Loading,pitch.0,436698,0.0228,-0.3156,2.324,0.4243,-1.8205,-0.2185,0.0,0.0
1779988770597,1,Pitching Mound.Parent,,Loading,pitch.0,435752,-0.6029,-0.5422,2.9315,0.439,-1.8733,-0.0892,0.0,0.0
1779988770598,1,12.00000015,Lower Delivery,Loading,pitch.0,436433,-0.589,-0.3044,0.4905,-0.002,0.0009,-0.0029,0.0,0.0
1779988770598,1,12.00000018,Upper Delivery,Loading,pitch.0,437291,-0.0704,0.0509,0.0362,-0.0884,-0.0304,-0.0012,0.0,0.0
1779988770598,1,Pitching Mound.Delivery,,Loading,pitch.0,436132,-0.6594,-0.2535,0.5267,0.0641,-0.0295,0.1722,0.0,0.0
1779988770598,1,Pitching Mound.Parent,,Loading,pitch.0,435753,-0.6366,-0.5692,2.8507,0.4883,-1.85,-0.0463,0.0,0.0
1779988770599,1,11.0000004b,Drive,Loading,pitch.0,436699,0.0423,-0.2974,2.2058,0.462,-1.9354,-0.2497,0.0,0.0
1779988770599,1,12.00000015,Lower Delivery,Loading,pitch.0,436434,-0.5884,-0.2956,0.4955,-0.0047,0.0026,-0.003,0.0,0.0
1779988770599,1,12.00000018,Upper Delivery,Loading,pitch.0,437292,-0.0686,0.0502,0.0369,-0.0884,-0.0304,-0.0012,0.0,0.0
1779988770599,1,Pitching Mound.Delivery,,Loading,pitch.0,436133,-0.657,-0.2454,0.5325,0.0629,-0.0278,0.1725,0.0,0.0
1779988770599,1,Pitching Mound.Drive,,Loading,pitch.0,436699,0.0423,-0.2974,2.2058,0.462,-1.9354,-0.2497,0.0,0.0
1779988770599,1,Pitching Mound.Parent,,Loading,pitch.0,435754,-0.6147,-0.5428,2.7383,0.5248,-1.9631,-0.0772,0.0,0.0
1779988770600,1,11.0000004b,Drive,Loading,pitch.0,436700,0.0761,-0.2717,2.1206,0.4081,-1.8334,-0.2576,0.0,0.0
1779988770600,1,12.00000015,Lower Delivery,Loading,pitch.0,436435,-0.5812,-0.2796,0.5045,-0.0017,0.0042,-0.0034,0.0,0.0
1779988770600,1,12.00000018,Upper Delivery,Loading,pitch.0,437293,-0.0652,0.0522,0.028,-0.0884,-0.0304,-0.0012,0.0,0.0
1779988770600,1,Pitching Mound.Delivery,,Loading,pitch.0,436134,-0.6464,-0.2274,0.5325,0.072,-0.0262,0.1709,0.0,0.0
1779988770600,1,Pitching Mound.Drive,,Loading,pitch.0,436700,0.0761,-0.2717,2.1206,0.4081,-1.8334,-0.2576,0.0,0.0
1779988770600,1,Pitching Mound.Parent,,Loading,pitch.0,435755,-0.5703,-0.4991,2.6531,0.4801,-1.8596,-0.0867,0.0,0.0
1779988770601,1,11.0000004b,Drive,Loading,pitch.0,436701,0.0849,-0.2466,2.0356,0.4275,-1.7847,-0.2586,0.0,0.0
1779988770601,1,12.00000015,Lower Delivery,Loading,pitch.0,436436,-0.5877,-0.2964,0.4915,0.0027,0.0093,-0.003,0.0,0.0
1779988770601,1,12.00000018,Upper Delivery,Loading,pitch.0,437294,-0.0649,0.0537,0.039,-0.0884,-0.0304,-0.0012,0.0,0.0
1779988770601,1,Pitching Mound.Delivery,,Loading,pitch.0,436135,-0.6526,-0.2427,0.5306,0.0682,-0.021,0.1736,0.0,0.0
1779988770601,1,Pitching Mound.Drive,,Loading,pitch.0,436701,0.0849,-0.2466,2.0356,0.4275,-1.7847,-0.2586,0.0,0.0
1779988770601,1,Pitching Mound.Parent,,Loading,pitch.0,435756,-0.5676,-0.4893,2.5661,0.4956,-1.8057,-0.0851,0.0,0.0
1779988770602,1,11.0000004b,Drive,Loading,pitch.0,436702,0.0759,-0.258,1.9502,0.3934,-1.7063,-0.2331,0.0,0.0
1779988770602,1,12.00000018,Upper Delivery,Loading,pitch.0,437295,-0.06,0.0546,0.0527,-0.0884,-0.0304,-0.0012,0.0,0.0
1779988770602,1,Pitching Mound.Drive,,Loading,pitch.0,436702,0.0759,-0.258,1.9502,0.3934,-1.7063,-0.2331,0.0,0.0
1779988770603,1,11.0000004b,Drive,Loading,pitch.0,436703,0.0688,-0.2392,1.8317,0.3822,-1.5762,-0.1959,0.0,0.0
1779988770603,1,12.00000015,Lower Delivery,Loading,pitch.0,436438,-0.5527,-0.3,0.438,0.0039,0.008,-0.0041,0.0,0.0
1779988770603,1,12.00000015,Lower Delivery,Loading,pitch.0,436437,-0.5865,-0.3306,0.4646,0.003,0.0099,-0.0041,0.0,0.0
1779988770603,1,12.00000018,Upper Delivery,Loading,pitch.0,437296,-0.0532,0.0549,0.0301,-0.0884,-0.0304,-0.0012,0.0,0.0
1779988770603,1,Pitching Mound.Delivery,,Loading,pitch.0,436136,-0.6465,-0.276,0.5173,0.0547,-0.0205,0.1737,0.0,0.0
1779988770603,1,Pitching Mound.Delivery,,Loading,pitch.0,436137,-0.6059,-0.245,0.468,0.0543,-0.0224,0.1645,0.0,0.0
1779988770603,1,Pitching Mound.Drive,,Loading,pitch.0,436703,0.0688,-0.2392,1.8317,0.3822,-1.5762,-0.1959,0.0,0.0
1779988770603,1,Pitching Mound.Parent,,Loading,pitch.0,435758,-0.5372,-0.4842,2.2997,0.4365,-1.5986,-0.0314,0.0,0.0
1779988770603,1,Pitching Mound.Parent,,Loading,pitch.0,435757,-0.5705,-0.534,2.4675,0.448,-1.7268,-0.0594,0.0,0.0
1779988770604,1,11.0000004b,Drive,Loading,pitch.0,436704,0.0687,-0.2419,1.8125,0.3599,-1.5187,-0.2111,0.0,0.0
1779988770604,1,12.00000015,Lower Delivery,Loading,pitch.0,436439,-0.591,-0.327,0.4682,-0.007,0.0003,-0.0045,0.0,0.0
1779988770604,1,12.00000018,Upper Delivery,Loading,pitch.0,437297,-0.0584,0.0562,0.0532,-0.0884,-0.0304,-0.0012,0.0,0.0
1779988770604,1,Pitching Mound.Delivery,,Loading,pitch.0,436138,-0.6494,-0.2709,0.5214,0.0457,-0.03,0.1753,0.0,0.0
1779988770604,1,Pitching Mound.Drive,,Loading,pitch.0,436704,0.0687,-0.2419,1.8125,0.3599,-1.5187,-0.2111,0.0,0.0
1779988770604,1,Pitching Mound.Parent,,Loading,pitch.0,435759,-0.5807,-0.5128,2.3339,0.4056,-1.5488,-0.0358,0.0,0.0
1779988770605,1,11.0000004b,Drive,Loading,pitch.0,436705,0.058,-0.2613,1.6917,0.365,-1.4262,-0.1964,0.0,0.0
1779988770605,1,12.00000015,Lower Delivery,Loading,pitch.0,436440,-0.581,-0.3182,0.467,-0.0158,0.0042,-0.0035,0.0,0.0
1779988770605,1,12.00000018,Upper Delivery,Loading,pitch.0,437298,-0.0546,0.0578,0.0368,-0.0884,-0.0304,-0.0012,0.0,0.0
1779988770605,1,Pitching Mound.Delivery,,Loading,pitch.0,436139,-0.6356,-0.2604,0.5038,0.0421,-0.0262,0.1742,0.0,0.0
1779988770605,1,Pitching Mound.Drive,,Loading,pitch.0,436705,0.058,-0.2613,1.6917,0.365,-1.4262,-0.1964,0.0,0.0
1779988770605,1,Pitching Mound.Parent,,Loading,pitch.0,435760,-0.5776,-0.5218,2.1956,0.4072,-1.4524,-0.0222,0.0,0.0
1779988770606,1,11.0000004b,Drive,Loading,pitch.0,436706,0.0622,-0.2615,1.7552,0.3784,-1.4998,-0.2044,0.0,0.0
1779988770606,1,12.00000015,Lower Delivery,Loading,pitch.0,436441,-0.5458,-0.3354,0.4212,-0.0161,0.0016,-0.0042,0.0,0.0
1779988770606,1,12.00000018,Upper Delivery,Loading,pitch.0,437299,-0.0524,0.0578,0.036,-0.0884,-0.0304,-0.0012,0.0,0.0
1779988770606,1,Pitching Mound.Delivery,,Loading,pitch.0,436140,-0.5983,-0.2776,0.4571,0.0265,-0.0288,0.1623,0.0,0.0
1779988770606,1,Pitching Mound.Drive,,Loading,pitch.0,436706,0.0622,-0.2615,1.7552,0.3784,-1.4998,-0.2044,0.0,0.0
1779988770606,1,Pitching Mound.Parent,,Loading,pitch.0,435761,-0.536,-0.5391,2.2123,0.4049,-1.5286,-0.042,0.0,0.0
1779988770607,1,11.0000004b,Drive,Loading,pitch.0,436707,0.0534,-0.2563,1.6506,0.3233,-1.2732,-0.1731,0.0,0.0
1779988770607,1,12.00000015,Lower Delivery,Loading,pitch.0,436442,-0.5115,-0.3101,0.3957,-0.0176,0.0031,-0.0033,0.0,0.0
1779988770607,1,12.00000018,Upper Delivery,Loading,pitch.0,437300,-0.0564,0.0503,0.0381,-0.0884,-0.0304,-0.0012,0.0,0.0
1779988770607,1,Pitching Mound.Delivery,,Loading,pitch.0,436141,-0.5679,-0.2598,0.4338,0.0157,-0.0272,0.1502,0.0,0.0
1779988770607,1,Pitching Mound.Drive,,Loading,pitch.0,436707,0.0534,-0.2563,1.6506,0.3233,-1.2732,-0.1731,0.0,0.0
1779988770607,1,Pitching Mound.Parent,,Loading,pitch.0,435762,-0.5145,-0.516,2.0844,0.339,-1.3004,-0.0229,0.0,0.0
1779988770608,1,11.0000004b,Drive,Loading,pitch.0,436708,0.0422,-0.2521,1.5089,0.3015,-1.0911,-0.1428,0.0,0.0
1779988770608,1,12.00000015,Lower Delivery,Loading,pitch.0,436443,-0.4825,-0.3485,0.3494,-0.0297,0.0001,-0.0033,0.0,0.0
1779988770608,1,12.00000018,Upper Delivery,Loading,pitch.0,437301,-0.0586,0.0506,0.0446,-0.0884,-0.0304,-0.0012,0.0,0.0
1779988770608,1,Pitching Mound.Delivery,,Loading,pitch.0,436142,-0.5411,-0.2979,0.3941,-0.0145,-0.0303,0.1396,0.0,0.0
1779988770608,1,Pitching Mound.Drive,,Loading,pitch.0,436708,0.0422,-0.2521,1.5089,0.3015,-1.0911,-0.1428,0.0,0.0
1779988770608,1,Pitching Mound.Parent,,Loading,pitch.0,435763,-0.4989,-0.55,1.903,0.287,-1.1214,-0.0032,0.0,0.0
1779988770609,1,11.0000004b,Drive,Loading,pitch.0,436709,0.0459,-0.2656,1.5532,0.3224,-1.1581,-0.1588,0.0,0.0
1779988770609,1,12.00000015,Lower Delivery,Loading,pitch.0,436444,-0.4454,-0.3402,0.3218,-0.0409,-0.001,-0.0025,0.0,0.0
1779988770609,1,12.00000018,Upper Delivery,Loading,pitch.0,437302,-0.06,0.0504,0.0438,-0.0884,-0.0304,-0.0012,0.0,0.0
1779988770609,1,Pitching Mound.Delivery,,Loading,pitch.0,436143,-0.5054,-0.2898,0.3657,-0.0347,-0.0314,0.1273,0.0,0.0
1779988770609,1,Pitching Mound.Drive,,Loading,pitch.0,436709,0.0459,-0.2656,1.5532,0.3224,-1.1581,-0.1588,0.0,0.0
1779988770609,1,Pitching Mound.Parent,,Loading,pitch.0,435764,-0.4594,-0.5554,1.9188,0.2876,-1.1895,-0.0315,0.0,0.0
1779988770610,1,11.0000004b,Drive,Loading,pitch.0,436710,0.0501,-0.2769,1.4738,0.3259,-1.1652,-0.1561,0.0,0.0
1779988770610,1,12.00000015,Lower Delivery,Loading,pitch.0,436445,-0.4727,-0.3559,0.3451,-0.0443,0.0054,0.0002,0.0,0.0
1779988770610,1,12.00000018,Upper Delivery,Loading,pitch.0,437303,-0.0578,0.048,0.0348,-0.0884,-0.0304,-0.0012,0.0,0.0
1779988770610,1,Pitching Mound.Delivery,,Loading,pitch.0,436144,-0.5305,-0.3079,0.3799,-0.0271,-0.025,0.1401,0.0,0.0
1779988770610,1,Pitching Mound.Drive,,Loading,pitch.0,436710,0.0501,-0.2769,1.4738,0.3259,-1.1652,-0.1561,0.0,0.0
1779988770610,1,Pitching Mound.Parent,,Loading,pitch.0,435765,-0.4804,-0.5848,1.8537,0.2987,-1.1902,-0.016,0.0,0.0
1779988770611,1,11.0000004b,Drive,Loading,pitch.0,436711,0.0456,-0.2618,1.4502,0.3218,-1.1181,-0.1703,0.0,0.0
1779988770611,1,12.00000015,Lower Delivery,Loading,pitch.0,436446,-0.4334,-0.3713,0.2986,-0.0494,0.0014,-0.0002,0.0,0.0
1779988770611,1,12.00000018,Upper Delivery,Loading,pitch.0,437304,-0.0589,0.0449,0.0377,-0.0884,-0.0304,-0.0012,0.0,0.0
1779988770611,1,Pitching Mound.Delivery,,Loading,pitch.0,436145,-0.4923,-0.3264,0.3363,-0.049,-0.029,0.1259,0.0,0.0
1779988770611,1,Pitching Mound.Drive,,Loading,pitch.0,436711,0.0456,-0.2618,1.4502,0.3218,-1.1181,-0.1703,0.0,0.0
1779988770611,1,Pitching Mound.Parent,,Loading,pitch.0,435766,-0.4468,-0.5883,1.7864,0.2727,-1.1471,-0.0444,0.0,0.0
1779988770612,1,11.0000004b,Drive,Loading,pitch.0,436712,0.0504,-0.2746,1.5192,0.3191,-1.0655,-0.1597,0.0,0.0
1779988770612,1,12.00000015,Lower Delivery,Loading,pitch.0,436447,-0.3979,-0.3615,0.271,-0.0477,0.0125,0.0019,0.0,0.0
1779988770612,1,12.00000018,Upper Delivery,Loading,pitch.0,437305,-0.0618,0.0395,0.0335,-0.0884,-0.0304,-0.0012,0.0,0.0
1779988770612,1,Pitching Mound.Delivery,,Loading,pitch.0,436146,-0.4597,-0.3219,0.3045,-0.0553,-0.0178,0.115,0.0,0.0
1779988770612,1,Pitching Mound.Drive,,Loading,pitch.0,436712,0.0504,-0.2746,1.5192,0.3191,-1.0655,-0.1597,0.0,0.0
1779988770612,1,Pitching Mound.Parent,,Loading,pitch.0,435767,-0.4093,-0.5965,1.8237,0.2638,-1.0833,-0.0447,0.0,0.0
1779988770613,1,11.0000004b,Drive,Loading,pitch.0,436713,0.0592,-0.2663,1.536,0.3034,-1.0046,-0.179,0.0,0.0
1779988770613,1,12.00000015,Lower Delivery,Loading,pitch.0,436448,-0.443,-0.3122,0.3368,-0.0564,0.0026,0.0026,0.0,0.0
1779988770613,1,12.00000018,Upper Delivery,Loading,pitch.0,437306,-0.0648,0.0472,0.0454,-0.0884,-0.0304,-0.0012,0.0,0.0
1779988770613,1,Pitching Mound.Delivery,,Loading,pitch.0,436147,-0.5079,-0.265,0.3822,-0.0456,-0.0277,0.13,0.0,0.0
1779988770613,1,Pitching Mound.Drive,,Loading,pitch.0,436713,0.0592,-0.2663,1.536,0.3034,-1.0046,-0.179,0.0,0.0
1779988770613,1,Pitching Mound.Parent,,Loading,pitch.0,435768,-0.4487,-0.5313,1.9182,0.2578,-1.0323,-0.0491,0.0,0.0
1779988770614,1,11.0000004b,Drive,Loading,pitch.0,436714,0.06,-0.2512,1.4738,0.2841,-0.9586,-0.1901,0.0,0.0
1779988770614,1,12.00000015,Lower Delivery,Loading,pitch.0,436449,-0.4765,-0.3421,0.3718,-0.0489,0.0043,0.001,0.0,0.0
1779988770614,1,12.00000018,Upper Delivery,Loading,pitch.0,437307,-0.0635,0.0479,0.0343,-0.0884,-0.0304,-0.0012,0.0,0.0
1779988770614,1,Pitching Mound.Delivery,,Loading,pitch.0,436148,-0.54,-0.2942,0.4061,-0.0225,-0.0261,0.1402,0.0,0.0
1779988770614,1,Pitching Mound.Drive,,Loading,pitch.0,436714,0.06,-0.2512,1.4738,0.2841,-0.9586,-0.1901,0.0,0.0
1779988770614,1,Pitching Mound.Parent,,Loading,pitch.0,435769,-0.4801,-0.5454,1.8799,0.2616,-0.9847,-0.0499,0.0,0.0
1779988770615,1,11.0000004b,Drive,Loading,pitch.0,436715,0.0638,-0.2351,1.4273,0.2765,-0.9393,-0.1782,0.0,0.0
1779988770615,1,11.0000004b,Drive,Loading,pitch.0,436716,0.0632,-0.2146,1.2374,0.179,-0.6952,-0.1597,0.0,0.0
1779988770615,1,12.00000015,Lower Delivery,Loading,pitch.0,436450,-0.4379,-0.305,0.3545,-0.0331,0.0085,0.0009,0.0,0.0
1779988770615,1,12.00000018,Upper Delivery,Loading,pitch.0,437308,-0.0624,0.0497,0.0224,-0.0884,-0.0304,-0.0012,0.0,0.0
1779988770615,1,Pitching Mound.Delivery,,Loading,pitch.0,436149,-0.5003,-0.2553,0.3769,-0.0086,-0.0218,0.1273,0.0,0.0
1779988770615,1,Pitching Mound.Drive,,Loading,pitch.0,436715,0.0638,-0.2351,1.4273,0.2765,-0.9393,-0.1782,0.0,0.0
1779988770615,1,Pitching Mound.Drive,,Loading,pitch.0,436716,0.0632,-0.2146,1.2374,0.179,-0.6952,-0.1597,0.0,0.0
1779988770615,1,Pitching Mound.Parent,,Loading,pitch.0,435770,-0.4366,-0.4904,1.8042,0.2679,-0.9611,-0.0509,0.0,0.0
1779988770616,1,12.00000015,Lower Delivery,Loading,pitch.0,436451,-0.4834,-0.2868,0.4153,-0.0409,0.0062,0.0019,0.0,0.0
1779988770616,1,12.00000018,Upper Delivery,Loading,pitch.0,437309,-0.0631,0.0512,0.0299,-0.0884,-0.0304,-0.0012,0.0,0.0
1779988770616,1,Pitching Mound.Delivery,,Loading,pitch.0,436150,-0.5465,-0.2355,0.4452,0.0018,-0.0242,0.1436,0.0,0.0
1779988770616,1,Pitching Mound.Parent,,Loading,pitch.0,435771,-0.4833,-0.4502,1.6825,0.1807,-0.7194,-0.0162,0.0,0.0
1779988770617,1,11.0000004b,Drive,Loading,pitch.0,436717,0.0711,-0.2134,1.2877,0.2319,-0.9085,-0.1867,0.0,0.0
1779988770617,1,11.0000004b,Drive,Loading,pitch.0,436718,0.0667,-0.1962,1.2299,0.2051,-0.8528,-0.178,0.0,0.0
1779988770617,1,12.00000015,Lower Delivery,Loading,pitch.0,436452,-0.5107,-0.2928,0.4606,-0.0373,0.0092,0.0005,0.0,0.0
1779988770617,1,12.00000018,Upper Delivery,Loading,pitch.0,437310,-0.063,0.0533,0.0329,-0.0884,-0.0304,-0.0012,0.0,0.0
1779988770617,1,Pitching Mound.Delivery,,Loading,pitch.0,436151,-0.5737,-0.2395,0.4935,0.0198,-0.0211,0.1515,0.0,0.0
1779988770617,1,Pitching Mound.Drive,,Loading,pitch.0,436717,0.0711,-0.2134,1.2877,0.2319,-0.9085,-0.1867,0.0,0.0
1779988770617,1,Pitching Mound.Drive,,Loading,pitch.0,436718,0.0667,-0.1962,1.2299,0.2051,-0.8528,-0.178,0.0,0.0
1779988770617,1,Pitching Mound.Parent,,Loading,pitch.0,435772,-0.5026,-0.4528,1.7812,0.2517,-0.9297,-0.0352,0.0,0.0
1779988770618,1,11.0000004b,Drive,Loading,pitch.0,436719,0.0725,-0.1869,1.3349,0.2083,-0.9183,-0.1991,0.0,0.0
1779988770618,1,12.00000015,Lower Delivery,Loading,pitch.0,436453,-0.5361,-0.287,0.4918,-0.0439,0.008,-0.0007,0.0,0.0
1779988770618,1,12.00000018,Upper Delivery,Loading,pitch.0,437311,-0.0637,0.0568,0.0401,-0.0884,-0.0304,-0.0012,0.0,0.0
1779988770618,1,Pitching Mound.Delivery,,Loading,pitch.0,436152,-0.5998,-0.2303,0.5319,0.0213,-0.0224,0.1587,0.0,0.0
1779988770618,1,Pitching Mound.Drive,,Loading,pitch.0,436719,0.0725,-0.1869,1.3349,0.2083,-0.9183,-0.1991,0.0,0.0
1779988770618,1,Pitching Mound.Parent,,Loading,pitch.0,435773,-0.5331,-0.4264,1.7618,0.2264,-0.8752,-0.0193,0.0,0.0
1779988770619,1,11.0000004b,Drive,Loading,pitch.0,436720,0.0705,-0.1869,1.3243,0.1778,-0.8297,-0.1847,0.0,0.0
1779988770619,1,12.00000015,Lower Delivery,Loading,pitch.0,436454,-0.559,-0.2865,0.4967,-0.0425,-0.0013,-0.0006,0.0,0.0
1779988770619,1,12.00000018,Upper Delivery,Loading,pitch.0,437312,-0.0616,0.0536,0.0163,-0.0884,-0.0304,-0.0012,0.0,0.0
1779988770619,1,Pitching Mound.Delivery,,Loading,pitch.0,436153,-0.6206,-0.2328,0.513,0.0325,-0.0316,0.1673,0.0,0.0
1779988770619,1,Pitching Mound.Drive,,Loading,pitch.0,436720,0.0705,-0.1869,1.3243,0.1778,-0.8297,-0.1847,0.0,0.0
1779988770619,1,Pitching Mound.Parent,,Loading,pitch.0,435774,-0.5481,-0.4197,1.8479,0.2408,-0.9499,-0.0318,0.0,0.0
1779988770620,1,11.0000004b,Drive,Loading,pitch.0,436721,0.0809,-0.1716,1.3845,0.1776,-0.8612,-0.1731,0.0,0.0
1779988770620,1,12.00000015,Lower Delivery,Loading,pitch.0,436455,-0.6111,-0.2632,0.5983,-0.0428,0.0033,0.0011,0.0,0.0
1779988770620,1,12.00000018,Upper Delivery,Loading,pitch.0,437313,-0.0618,0.0534,0.0211,-0.0884,-0.0304,-0.0012,0.0,0.0
1779988770620,1,Pitching Mound.Delivery,,Loading,pitch.0,436154,-0.673,-0.2099,0.6194,0.0651,-0.0271,0.1867,0.0,0.0
1779988770620,1,Pitching Mound.Drive,,Loading,pitch.0,436721,0.0809,-0.1716,1.3845,0.1776,-0.8612,-0.1731,0.0,0.0
1779988770620,1,Pitching Mound.Parent,,Loading,pitch.0,435775,-0.6025,-0.3967,1.9437,0.2429,-0.8567,0.0019,0.0,0.0
1779988770621,1,11.0000004b,Drive,Loading,pitch.0,436722,0.0849,-0.1824,1.5473,0.1788,-0.9596,-0.1593,0.0,0.0
1779988770621,1,12.00000015,Lower Delivery,Loading,pitch.0,436456,-0.618,-0.2246,0.6187,-0.0473,-0.0028,0.0001,0.0,0.0
1779988770621,1,12.00000018,Upper Delivery,Loading,pitch.0,437314,-0.0662,0.0518,0.0355,-0.0884,-0.0304,-0.0012,0.0,0.0
1779988770621,1,Pitching Mound.Delivery,,Loading,pitch.0,436155,-0.6842,-0.1728,0.6542,0.0627,-0.0331,0.1865,0.0,0.0
1779988770621,1,Pitching Mound.Drive,,Loading,pitch.0,436722,0.0849,-0.1824,1.5473,0.1788,-0.9596,-0.1593,0.0,0.0
1779988770621,1,Pitching Mound.Parent,,Loading,pitch.0,435776,-0.6033,-0.3444,2.0387,0.2403,-0.8943,0.0134,0.0,0.0
1779988770622,1,11.0000004b,Drive,Loading,pitch.0,436723,0.0906,-0.1936,1.5571,0.2076,-1.0724,-0.1602,0.0,0.0
1779988770622,1,12.00000015,Lower Delivery,Loading,pitch.0,436457,-0.6445,-0.229,0.6678,-0.0525,-0.0041,0.0005,0.0,0.0
1779988770622,1,12.00000018,Upper Delivery,Loading,pitch.0,437315,-0.0675,0.0545,0.058,-0.0884,-0.0304,-0.0012,0.0,0.0
1779988770622,1,Pitching Mound.Delivery,,Loading,pitch.0,436156,-0.712,-0.1745,0.7258,0.0665,-0.0344,0.1955,0.0,0.0
1779988770622,1,Pitching Mound.Drive,,Loading,pitch.0,436723,0.0906,-0.1936,1.5571,0.2076,-1.0724,-0.1602,0.0,0.0
1779988770622,1,Pitching Mound.Parent,,Loading,pitch.0,435777,-0.6271,-0.3569,2.273,0.2453,-0.9941,0.0362,0.0,0.0
1779988770623,1,11.0000004b,Drive,Loading,pitch.0,436724,0.1003,-0.1924,1.6333,0.1852,-1.106,-0.1439,0.0,0.0
1779988770623,1,12.00000015,Lower Delivery,Loading,pitch.0,436458,-0.6803,-0.2333,0.7331,-0.0526,-0.0011,0.0006,0.0,0.0
1779988770623,1,12.00000018,Upper Delivery,Loading,pitch.0,437316,-0.071,0.0478,0.0511,-0.0884,-0.0304,-0.0012,0.0,0.0
1779988770623,1,Pitching Mound.Delivery,,Loading,pitch.0,436157,-0.7513,-0.1854,0.7842,0.0909,-0.0315,0.2065,0.0,0.0
1779988770623,1,Pitching Mound.Drive,,Loading,pitch.0,436724,0.1003,-0.1924,1.6333,0.1852,-1.106,-0.1439,0.0,0.0
1779988770623,1,Pitching Mound.Parent,,Loading,pitch.0,435778,-0.6607,-0.3791,2.3413,0.2986,-1.104,0.0464,0.0,0.0
1779988770624,1,11.0000004b,Drive,Loading,pitch.0,436725,0.1263,-0.2029,1.7401,0.1946,-1.2598,-0.1477,0.0,0.0
1779988770624,1,12.00000015,Lower Delivery,Loading,pitch.0,436459,-0.7163,-0.2359,0.7702,-0.0666,0.0002,0.0022,0.0,0.0
1779988770624,1,12.00000018,Upper Delivery,Loading,pitch.0,437317,-0.0722,0.1102,0.228,-0.0884,-0.0304,-0.0012,0.0,0.0
1779988770624,1,Pitching Mound.Delivery,,Loading,pitch.0,436158,-0.7885,-0.1256,0.9982,0.0294,-0.0302,0.22,0.0,0.0
1779988770624,1,Pitching Mound.Drive,,Loading,pitch.0,436725,0.1263,-0.2029,1.7401,0.1946,-1.2598,-0.1477,0.0,0.0
1779988770624,1,Pitching Mound.Parent,,Loading,pitch.0,435779,-0.6882,-0.318,2.6314,0.2146,-1.1362,0.0761,0.0,0.0
1779988770625,1,11.0000004b,Drive,Loading,pitch.0,436726,0.111,-0.2062,1.7033,0.2169,-1.2394,-0.15,0.0,0.0
1779988770625,1,12.00000015,Lower Delivery,Loading,pitch.0,436460,-0.6732,-0.2208,0.6949,-0.0792,-0.003,0.0029,0.0,0.0
1779988770625,1,12.00000018,Upper Delivery,Loading,pitch.0,437318,-0.0654,0.07,0.1126,-0.0884,-0.0304,-0.0012,0.0,0.0
1779988770625,1,Pitching Mound.Delivery,,Loading,pitch.0,436159,-0.7386,-0.1508,0.8075,0.0304,-0.0333,0.2083,0.0,0.0
1779988770625,1,Pitching Mound.Drive,,Loading,pitch.0,436726,0.111,-0.2062,1.7033,0.2169,-1.2394,-0.15,0.0,0.0
1779988770625,1,Pitching Mound.Parent,,Loading,pitch.0,435780,-0.6123,-0.3536,2.5476,0.2251,-1.2931,0.0606,0.0,0.0
1779988770626,1,11.0000004b,Drive,Loading,pitch.0,436727,0.1196,-0.1855,1.8638,0.2414,-1.302,-0.1296,0.0,0.0
1779988770626,1,12.00000015,Lower Delivery,Loading,pitch.0,436461,-0.6813,-0.1999,0.6878,-0.0756,-0.003,0.0008,0.0,0.0
1779988770626,1,12.00000018,Upper Delivery,Loading,pitch.0,437319,-0.0688,0.0427,0.0512,-0.0884,-0.0304,-0.0012,0.0,0.0
1779988770626,1,Pitching Mound.Delivery,,Loading,pitch.0,436160,-0.7502,-0.1572,0.7389,0.0525,-0.0334,0.2078,0.0,0.0
1779988770626,1,Pitching Mound.Drive,,Loading,pitch.0,436727,0.1196,-0.1855,1.8638,0.2414,-1.302,-0.1296,0.0,0.0
1779988770626,1,Pitching Mound.Parent,,Loading,pitch.0,435781,-0.6392,-0.3634,2.4422,0.2694,-1.2728,0.0579,0.0,0.0
1779988770627,1,11.0000004b,Drive,Loading,pitch.0,436728,0.1136,-0.1802,1.8412,0.2475,-1.2192,-0.1147,0.0,0.0
1779988770627,1,12.00000015,Lower Delivery,Loading,pitch.0,436462,-0.68,-0.2181,0.6565,-0.0648,0.0022,0.0014,0.0,0.0
1779988770627,1,12.00000018,Upper Delivery,Loading,pitch.0,437320,-0.0648,0.0464,0.0452,-0.0884,-0.0304,-0.0012,0.0,0.0
1779988770627,1,Pitching Mound.Delivery,,Loading,pitch.0,436161,-0.7449,-0.1717,0.7017,0.0546,-0.0282,0.2094,0.0,0.0
1779988770627,1,Pitching Mound.Drive,,Loading,pitch.0,436728,0.1136,-0.1802,1.8412,0.2475,-1.2192,-0.1147,0.0,0.0
1779988770627,1,Pitching Mound.Parent,,Loading,pitch.0,435782,-0.6252,-0.3572,2.5654,0.296,-1.3302,0.0798,0.0,0.0
1779988770628,1,11.0000004b,Drive,Loading,pitch.0,436729,0.1024,-0.1889,1.9252,0.2797,-1.2886,-0.1182,0.0,0.0
1779988770628,1,12.00000015,Lower Delivery,Loading,pitch.0,436463,-0.6716,-0.2137,0.6432,-0.0577,0.0077,0.0026,0.0,0.0
1779988770628,1,12.00000018,Upper Delivery,Loading,pitch.0,437321,-0.0653,0.0411,0.0397,-0.0884,-0.0304,-0.0012,0.0,0.0
1779988770628,1,Pitching Mound.Delivery,,Loading,pitch.0,436162,-0.7369,-0.1726,0.6829,0.0591,-0.0227,0.2076,0.0,0.0
1779988770628,1,Pitching Mound.Drive,,Loading,pitch.0,436729,0.1024,-0.1889,1.9252,0.2797,-1.2886,-0.1182,0.0,0.0
1779988770628,1,Pitching Mound.Parent,,Loading,pitch.0,435783,-0.6233,-0.3528,2.5241,0.3066,-1.2419,0.0929,0.0,0.0
1779988770629,1,11.0000004b,Drive,Loading,pitch.0,436730,0.099,-0.1724,1.9522,0.3025,-1.3871,-0.1437,0.0,0.0
1779988770629,1,12.00000015,Lower Delivery,Loading,pitch.0,436464,-0.5978,-0.191,0.5666,-0.0507,0.0019,0.0019,0.0,0.0
1779988770629,1,12.00000018,Upper Delivery,Loading,pitch.0,437322,-0.0667,0.0387,0.0467,-0.0884,-0.0304,-0.0012,0.0,0.0
1779988770629,1,Pitching Mound.Delivery,,Loading,pitch.0,436163,-0.6645,-0.1523,0.6133,0.0377,-0.0285,0.1813,0.0,0.0
1779988770629,1,Pitching Mound.Drive,,Loading,pitch.0,436730,0.099,-0.1724,1.9522,0.3025,-1.3871,-0.1437,0.0,0.0
1779988770629,1,Pitching Mound.Parent,,Loading,pitch.0,435784,-0.5621,-0.3413,2.5384,0.3173,-1.3171,0.0632,0.0,0.0
1779988770630,1,11.0000004b,Drive,Loading,pitch.0,436731,0.0769,-0.1752,1.8718,0.3466,-1.4854,-0.1444,0.0,0.0
1779988770630,1,12.00000015,Lower Delivery,Loading,pitch.0,436465,-0.5727,-0.1658,0.5506,-0.0652,0.0052,0.0036,0.0,0.0
1779988770630,1,12.00000018,Upper Delivery,Loading,pitch.0,437323,-0.063,0.0546,0.06,-0.0884,-0.0304,-0.0012,0.0,0.0
1779988770630,1,Pitching Mound.Delivery,,Loading,pitch.0,436164,-0.6358,-0.1112,0.6105,0.0133,-0.0252,0.1757,0.0,0.0
1779988770630,1,Pitching Mound.Drive,,Loading,pitch.0,436731,0.0769,-0.1752,1.8718,0.3466,-1.4854,-0.1444,0.0,0.0
1779988770630,1,Pitching Mound.Parent,,Loading,pitch.0,435785,-0.5367,-0.2836,2.5627,0.3158,-1.4123,0.032,0.0,0.0
1779988770631,1,11.0000004b,Drive,Loading,pitch.0,436732,0.0752,-0.1714,1.8244,0.3476,-1.4437,-0.1499,0.0,0.0
1779988770631,1,12.00000015,Lower Delivery,Loading,pitch.0,436466,-0.5459,-0.1877,0.508,-0.0557,0.0076,0.0022,0.0,0.0
1779988770631,1,12.00000018,Upper Delivery,Loading,pitch.0,437324,-0.0604,0.0731,0.1004,-0.0884,-0.0304,-0.0012,0.0,0.0
1779988770631,1,Pitching Mound.Delivery,,Loading,pitch.0,436165,-0.6064,-0.1146,0.6084,-0.0054,-0.0228,0.1661,0.0,0.0
1779988770631,1,Pitching Mound.Drive,,Loading,pitch.0,436732,0.0752,-0.1714,1.8244,0.3476,-1.4437,-0.1499,0.0,0.0
1779988770631,1,Pitching Mound.Parent,,Loading,pitch.0,435786,-0.5294,-0.2899,2.4801,0.3411,-1.5082,0.0217,0.0,0.0
1779988770632,1,11.0000004b,Drive,Loading,pitch.0,436733,0.0822,-0.1798,1.8787,0.3826,-1.5837,-0.1695,0.0,0.0
1779988770632,1,12.00000015,Lower Delivery,Loading,pitch.0,436467,-0.5652,-0.2181,0.5103,-0.0538,0.0096,-0.0011,0.0,0.0
1779988770632,1,12.00000018,Upper Delivery,Loading,pitch.0,437325,-0.0853,0.1248,0.2892,-0.0884,-0.0304,-0.0012,0.0,0.0
1779988770632,1,Pitching Mound.Delivery,,Loading,pitch.0,436166,-0.6505,-0.0933,0.7995,-0.067,-0.0208,0.1609,0.0,0.0
1779988770632,1,Pitching Mound.Drive,,Loading,pitch.0,436733,0.0822,-0.1798,1.8787,0.3826,-1.5837,-0.1695,0.0,0.0
1779988770632,1,Pitching Mound.Parent,,Loading,pitch.0,435787,-0.5752,-0.2647,2.6239,0.2806,-1.4645,0.0109,0.0,0.0
1779988770633,1,11.0000004b,Drive,Loading,pitch.0,436734,0.0782,-0.1462,1.749,0.3685,-1.4832,-0.187,0.0,0.0
1779988770633,1,12.00000015,Lower Delivery,Loading,pitch.0,436468,-0.548,-0.2476,0.4711,-0.0434,0.0065,-0.0004,0.0,0.0
1779988770633,1,12.00000018,Upper Delivery,Loading,pitch.0,437326,-0.143,0.168,0.5249,-0.0884,-0.0304,-0.0012,0.0,0.0
1779988770633,1,Pitching Mound.Delivery,,Loading,pitch.0,436167,-0.691,-0.0795,0.9959,-0.15,-0.0239,0.1361,0.0,0.0
1779988770633,1,Pitching Mound.Drive,,Loading,pitch.0,436734,0.0782,-0.1462,1.749,0.3685,-1.4832,-0.187,0.0,0.0
1779988770633,1,Pitching Mound.Parent,,Loading,pitch.0,435788,-0.6089,-0.2593,2.8746,0.2326,-1.6076,-0.0334,0.0,0.0
1779988770634,1,11.0000004b,Drive,Loading,pitch.0,436735,0.0841,-0.1269,1.6428,0.3825,-1.4237,-0.1847,0.0,0.0
1779988770634,1,12.00000015,Lower Delivery,Loading,pitch.0,436469,-0.53,-0.2583,0.4465,-0.035,0.0071,-0.0019,0.0,0.0
1779988770634,1,12.00000018,Upper Delivery,Loading,pitch.0,437327,-0.087,0.0931,0.2112,-0.0884,-0.0304,-0.0012,0.0,0.0
1779988770634,1,Pitching Mound.Delivery,,Loading,pitch.0,436168,-0.617,-0.1653,0.6576,-0.0434,-0.0233,0.1476,0.0,0.0
1779988770634,1,Pitching Mound.Drive,,Loading,pitch.0,436735,0.0841,-0.1269,1.6428,0.3825,-1.4237,-0.1847,0.0,0.0
1779988770634,1,Pitching Mound.Parent,,Loading,pitch.0,435789,-0.5389,-0.3115,2.4066,0.3251,-1.5065,-0.0394,0.0,0.0
1779988770635,1,11.0000004b,Drive,Loading,pitch.0,436736,0.0823,-0.1168,1.5894,0.3499,-1.3029,-0.1625,0.0,0.0
1779988770635,1,12.00000015,Lower Delivery,Loading,pitch.0,436470,-0.5318,-0.2909,0.4346,-0.0129,0.0018,-0.0059,0.0,0.0
1779988770635,1,12.00000018,Upper Delivery,Loading,pitch.0,437328,-0.063,0.0664,0.0876,-0.0884,-0.0304,-0.0012,0.0,0.0
1779988770635,1,Pitching Mound.Delivery,,Loading,pitch.0,436169,-0.5947,-0.2245,0.5222,0.0167,-0.0286,0.1523,0.0,0.0
1779988770635,1,Pitching Mound.Drive,,Loading,pitch.0,436736,0.0823,-0.1168,1.5894,0.3499,-1.3029,-0.1625,0.0,0.0
1779988770635,1,Pitching Mound.Parent,,Loading,pitch.0,435790,-0.5107,-0.3514,2.165,0.3992,-1.4523,-0.0324,0.0,0.0
1779988770636,1,11.0000004b,Drive,Loading,pitch.0,436737,0.0998,-0.0941,1.6602,0.3031,-1.2922,-0.1485,0.0,0.0
1779988770636,1,12.00000015,Lower Delivery,Loading,pitch.0,436471,-0.5594,-0.3167,0.4508,-0.0094,-0.0005,-0.0045,0.0,0.0
1779988770636,1,12.00000018,Upper Delivery,Loading,pitch.0,437329,-0.0793,0.1279,0.2793,-0.0884,-0.0304,-0.0012,0.0,0.0
1779988770636,1,Pitching Mound.Delivery,,Loading,pitch.0,436170,-0.6387,-0.1888,0.7301,-0.0394,-0.0309,0.1575,0.0,0.0
1779988770636,1,Pitching Mound.Drive,,Loading,pitch.0,436737,0.0998,-0.0941,1.6602,0.3031,-1.2922,-0.1485,0.0,0.0
1779988770636,1,Pitching Mound.Parent,,Loading,pitch.0,435791,-0.5564,-0.3056,2.3195,0.3104,-1.3338,-0.0051,0.0,0.0
1779988770637,1,11.0000004b,Drive,Loading,pitch.0,436738,0.118,-0.0891,1.6437,0.2894,-1.2784,-0.1466,0.0,0.0
1779988770637,1,12.00000015,Lower Delivery,Loading,pitch.0,436472,-0.552,-0.3479,0.4313,-0.0176,-0.0003,-0.0056,0.0,0.0
1779988770637,1,12.00000018,Upper Delivery,Loading,pitch.0,437330,-0.0899,0.117,0.2711,-0.0884,-0.0304,-0.0012,0.0,0.0
1779988770637,1,Pitching Mound.Delivery,,Loading,pitch.0,436171,-0.6419,-0.2309,0.7023,-0.0515,-0.0307,0.1503,0.0,0.0
1779988770637,1,Pitching Mound.Drive,,Loading,pitch.0,436738,0.118,-0.0891,1.6437,0.2894,-1.2784,-0.1466,0.0,0.0
1779988770637,1,Pitching Mound.Parent,,Loading,pitch.0,435792,-0.5239,-0.32,2.346,0.2379,-1.309,0.0037,0.0,0.0
1779988770638,1,11.0000004b,Drive,Loading,pitch.0,436739,0.1378,-0.0752,1.694,0.2732,-1.2157,-0.1288,0.0,0.0
1779988770638,1,12.00000015,Lower Delivery,Loading,pitch.0,436473,-0.5611,-0.3514,0.4286,-0.017,-0.0078,-0.0076,0.0,0.0
1779988770638,1,12.00000018,Upper Delivery,Loading,pitch.0,437331,-0.1093,0.1487,0.4105,-0.0884,-0.0304,-0.0012,0.0,0.0
1779988770638,1,Pitching Mound.Delivery,,Loading,pitch.0,436172,-0.6704,-0.2027,0.839,-0.0992,-0.0382,0.1448,0.0,0.0
1779988770638,1,Pitching Mound.Drive,,Loading,pitch.0,436739,0.1378,-0.0752,1.694,0.2732,-1.2157,-0.1288,0.0,0.0
1779988770638,1,Pitching Mound.Parent,,Loading,pitch.0,435793,-0.5326,-0.2779,2.533,0.1739,-1.2539,0.016,0.0,0.0
1779988770639,1,11.0000004b,Drive,Loading,pitch.0,436740,0.1732,-0.0658,1.8665,0.2615,-1.1775,-0.1165,0.0,0.0
1779988770639,1,12.00000015,Lower Delivery,Loading,pitch.0,436474,-0.5238,-0.3448,0.3902,-0.0194,-0.0083,-0.0078,0.0,0.0
1779988770639,1,12.00000018,Upper Delivery,Loading,pitch.0,437332,-0.1041,0.1348,0.3565,-0.0884,-0.0304,-0.0012,0.0,0.0
1779988770639,1,Pitching Mound.Delivery,,Loading,pitch.0,436173,-0.6278,-0.2101,0.7467,-0.0963,-0.0387,0.1338,0.0,0.0
1779988770639,1,Pitching Mound.Drive,,Loading,pitch.0,436740,0.1732,-0.0658,1.8665,0.2615,-1.1775,-0.1165,0.0,0.0
1779988770639,1,Pitching Mound.Parent,,Loading,pitch.0,435794,-0.4546,-0.2759,2.6132,0.1652,-1.2162,0.0172,0.0,0.0
1779988770640,1,11.0000004b,Drive,Loading,pitch.0,436741,0.1799,-0.0697,1.8474,0.2027,-1.1655,-0.1168,0.0,0.0
1779988770640,1,12.00000015,Lower Delivery,Loading,pitch.0,436475,-0.5404,-0.3347,0.4171,-0.0202,-0.0102,-0.0065,0.0,0.0
1779988770640,1,12.00000018,Upper Delivery,Loading,pitch.0,437333,-0.1858,0.2254,0.7922,-0.0884,-0.0304,-0.0012,0.0,0.0
1779988770640,1,Pitching Mound.Delivery,,Loading,pitch.0,436174,-0.7262,-0.1092,1.2093,-0.2362,-0.0406,0.1129,0.0,0.0
1779988770640,1,Pitching Mound.Drive,,Loading,pitch.0,436741,0.1799,-0.0697,1.8474,0.2027,-1.1655,-0.1168,0.0,0.0
1779988770640,1,Pitching Mound.Parent,,Loading,pitch.0,435795,-0.5462,-0.1789,3.0567,-0.0334,-1.2061,-0.0039,0.0,0.0
1779988770641,1,11.0000004b,Drive,Loading,pitch.0,436742,0.2176,-0.0618,1.9578,0.2048,-1.1728,-0.1085,0.0,0.0
1779988770641,1,12.00000015,Lower Delivery,Loading,pitch.0,436476,-0.5357,-0.3273,0.4256,-0.0258,-0.0043,-0.0035,0.0,0.0
1779988770641,1,12.00000018,Upper Delivery,Loading,pitch.0,437334,-0.2463,0.2505,0.8313,-0.0884,-0.0304,-0.0012,0.0,0.0
1779988770641,1,Pitching Mound.Delivery,,Loading,pitch.0,436175,-0.782,-0.0768,1.2568,-0.2521,-0.0347,0.0937,0.0,0.0
1779988770641,1,Pitching Mound.Drive,,Loading,pitch.0,436742,0.2176,-0.0618,1.9578,0.2048,-1.1728,-0.1085,0.0,0.0
1779988770641,1,Pitching Mound.Parent,,Loading,pitch.0,435796,-0.5644,-0.1386,3.2147,-0.0473,-1.2075,-0.0148,0.0,0.0
1779988770642,1,11.0000004b,Drive,Loading,pitch.0,436743,0.2404,-0.0522,2.0022,0.1841,-1.126,-0.0935,0.0,0.0
1779988770642,1,12.00000015,Lower Delivery,Loading,pitch.0,436477,-0.508,-0.303,0.4121,-0.0375,-0.0001,0.0007,0.0,0.0
1779988770642,1,12.00000018,Upper Delivery,Loading,pitch.0,437335,-0.2242,0.2565,0.8335,-0.0884,-0.0304,-0.0012,0.0,0.0
1779988770642,1,Pitching Mound.Delivery,,Loading,pitch.0,436176,-0.7322,-0.0465,1.2456,-0.2692,-0.0304,0.096,0.0,0.0
1779988770642,1,Pitching Mound.Drive,,Loading,pitch.0,436743,0.2404,-0.0522,2.0022,0.1841,-1.126,-0.0935,0.0,0.0
1779988770642,1,Pitching Mound.Parent,,Loading,pitch.0,435797,-0.4919,-0.0987,3.2479,-0.0851,-1.1564,0.0025,0.0,0.0
1779988770643,1,11.0000004b,Drive,Loading,pitch.0,436744,0.2365,-0.0594,2.0604,0.2075,-1.2644,-0.1237,0.0,0.0
1779988770643,1,12.00000015,Lower Delivery,Loading,pitch.0,436478,-0.5132,-0.2828,0.4285,-0.0527,0.0007,0.0025,0.0,0.0
1779988770643,1,12.00000018,Upper Delivery,Loading,pitch.0,437336,-0.1662,0.2151,0.7149,-0.0884,-0.0304,-0.0012,0.0,0.0
1779988770643,1,Pitching Mound.Delivery,,Loading,pitch.0,436177,-0.6794,-0.0677,1.1434,-0.2384,-0.0296,0.1193,0.0,0.0
1779988770643,1,Pitching Mound.Drive,,Loading,pitch.0,436744,0.2365,-0.0594,2.0604,0.2075,-1.2644,-0.1237,0.0,0.0
1779988770643,1,Pitching Mound.Parent,,Loading,pitch.0,435798,-0.4429,-0.127,3.2039,-0.0309,-1.2941,-0.0044,0.0,0.0
1779988770644,1,11.0000004b,Drive,Loading,pitch.0,436745,0.2227,-0.0701,2.0986,0.2081,-1.3202,-0.1397,0.0,0.0
1779988770644,1,12.00000015,Lower Delivery,Loading,pitch.0,436479,-0.5098,-0.2847,0.4137,-0.0597,-0.0036,0.0014,0.0,0.0
1779988770644,1,12.00000018,Upper Delivery,Loading,pitch.0,437337,-0.0577,0.1219,0.2476,-0.0884,-0.0304,-0.0012,0.0,0.0
1779988770644,1,Pitching Mound.Delivery,,Loading,pitch.0,436178,-0.5675,-0.1628,0.6613,-0.0916,-0.034,0.1539,0.0,0.0
1779988770644,1,Pitching Mound.Drive,,Loading,pitch.0,436745,0.2227,-0.0701,2.0986,0.2081,-1.3202,-0.1397,0.0,0.0
1779988770644,1,Pitching Mound.Parent,,Loading,pitch.0,435799,-0.3448,-0.2328,2.7599,0.1165,-1.3542,0.0143,0.0,0.0
1779988770645,1,11.0000004b,Drive,Loading,pitch.0,436746,0.227,-0.0909,2.114,0.228,-1.3562,-0.1712,0.0,0.0
1779988770645,1,12.00000015,Lower Delivery,Loading,pitch.0,436480,-0.5524,-0.2936,0.4565,-0.0536,-0.006,0.0027,0.0,0.0
1779988770645,1,12.00000018,Upper Delivery,Loading,pitch.0,437338,-0.071,0.1538,0.3605,-0.0884,-0.0304,-0.0012,0.0,0.0
1779988770645,1,Pitching Mound.Delivery,,Loading,pitch.0,436179,-0.6234,-0.1397,0.8169,-0.1093,-0.0364,0.1652,0.0,0.0
1779988770645,1,Pitching Mound.Drive,,Loading,pitch.0,436746,0.227,-0.0909,2.114,0.228,-1.3562,-0.1712,0.0,0.0
1779988770645,1,Pitching Mound.Parent,,Loading,pitch.0,435800,-0.3964,-0.2306,2.9309,0.1187,-1.3926,-0.006,0.0,0.0
1779988770646,1,11.0000004b,Drive,Loading,pitch.0,436747,0.2312,-0.1066,2.2183,0.2337,-1.385,-0.1587,0.0,0.0
1779988770646,1,12.00000015,Lower Delivery,Loading,pitch.0,436481,-0.5346,-0.2722,0.4497,-0.0629,0.0022,0.0037,0.0,0.0
1779988770646,1,12.00000018,Upper Delivery,Loading,pitch.0,437339,-0.0587,0.0851,0.1493,-0.0884,-0.0304,-0.0012,0.0,0.0
1779988770646,1,Pitching Mound.Delivery,,Loading,pitch.0,436180,-0.5933,-0.1871,0.599,-0.0491,-0.0282,0.1643,0.0,0.0
1779988770646,1,Pitching Mound.Drive,,Loading,pitch.0,436747,0.2312,-0.1066,2.2183,0.2337,-1.385,-0.1587,0.0,0.0
1779988770646,1,Pitching Mound.Parent,,Loading,pitch.0,435801,-0.3621,-0.2938,2.8173,0.1846,-1.4132,0.0055,0.0,0.0
1779988770647,1,11.0000004b,Drive,Loading,pitch.0,436748,0.2222,-0.1188,2.1603,0.2738,-1.5208,-0.1786,0.0,0.0
1779988770647,1,12.00000015,Lower Delivery,Loading,pitch.0,436482,-0.5824,-0.2867,0.4882,-0.0673,-0.0027,0.0049,0.0,0.0
1779988770647,1,12.00000018,Upper Delivery,Loading,pitch.0,437340,-0.0658,0.0681,0.1142,-0.0884,-0.0304,-0.0012,0.0,0.0
1779988770647,1,Pitching Mound.Delivery,,Loading,pitch.0,436181,-0.6482,-0.2186,0.6024,-0.0285,-0.0331,0.1794,0.0,0.0
1779988770647,1,Pitching Mound.Drive,,Loading,pitch.0,436748,0.2222,-0.1188,2.1603,0.2738,-1.5208,-0.1786,0.0,0.0
1779988770647,1,Pitching Mound.Parent,,Loading,pitch.0,435802,-0.426,-0.3374,2.7627,0.2453,-1.5539,0.0008,0.0,0.0
1779988770648,1,11.0000004b,Drive,Loading,pitch.0,436749,0.2044,-0.1326,2.121,0.2648,-1.4037,-0.1678,0.0,0.0
1779988770648,1,12.00000015,Lower Delivery,Loading,pitch.0,436483,-0.6226,-0.3142,0.5297,-0.0525,0.0033,0.0019,0.0,0.0
1779988770648,1,12.00000018,Upper Delivery,Loading,pitch.0,437341,-0.115,0.1163,0.3416,-0.0884,-0.0304,-0.0012,0.0,0.0
1779988770648,1,Pitching Mound.Delivery,,Loading,pitch.0,436182,-0.7376,-0.198,0.8713,-0.077,-0.0271,0.1732,0.0,0.0
1779988770648,1,Pitching Mound.Drive,,Loading,pitch.0,436749,0.2044,-0.1326,2.121,0.2648,-1.4037,-0.1678,0.0,0.0
1779988770648,1,Pitching Mound.Parent,,Loading,pitch.0,435803,-0.5332,-0.3306,2.9923,0.1878,-1.4308,0.0055,0.0,0.0
1779988770649,1,11.0000004b,Drive,Loading,pitch.0,436750,0.2069,-0.1383,2.1541,0.2568,-1.4412,-0.1852,0.0,0.0
1779988770649,1,12.00000015,Lower Delivery,Loading,pitch.0,436484,-0.6436,-0.3257,0.5501,-0.0536,-0.0039,0.0024,0.0,0.0
1779988770649,1,12.00000018,Upper Delivery,Loading,pitch.0,437342,-0.1095,0.1183,0.3319,-0.0884,-0.0304,-0.0012,0.0,0.0
1779988770649,1,Pitching Mound.Delivery,,Loading,pitch.0,436183,-0.7531,-0.2074,0.882,-0.0677,-0.0343,0.1828,0.0,0.0
1779988770649,1,Pitching Mound.Drive,,Loading,pitch.0,436750,0.2069,-0.1383,2.1541,0.2568,-1.4412,-0.1852,0.0,0.0
1779988770649,1,Pitching Mound.Parent,,Loading,pitch.0,435804,-0.5462,-0.3457,3.0361,0.1891,-1.4754,-0.0024,0.0,0.0
1779988770650,1,11.0000004b,Drive,Loading,pitch.0,436751,0.1781,-0.1424,2.0835,0.2452,-1.3351,-0.1546,0.0,0.0
1779988770650,1,12.00000015,Lower Delivery,Loading,pitch.0,436485,-0.6781,-0.322,0.588,-0.0486,-0.0034,-0.0016,0.0,0.0
1779988770650,1,12.00000018,Upper Delivery,Loading,pitch.0,437343,-0.0777,0.0867,0.1886,-0.0884,-0.0304,-0.0012,0.0,0.0
1779988770650,1,Pitching Mound.Delivery,,Loading,pitch.0,436184,-0.7558,-0.2353,0.7766,-0.0012,-0.0338,0.2014,0.0,0.0
1779988770650,1,Pitching Mound.Drive,,Loading,pitch.0,436751,0.1781,-0.1424,2.0835,0.2452,-1.3351,-0.1546,0.0,0.0
1779988770650,1,Pitching Mound.Parent,,Loading,pitch.0,435805,-0.5777,-0.3777,2.86,0.244,-1.3688,0.0468,0.0,0.0
1779988770651,1,11.0000004b,Drive,Loading,pitch.0,436752,0.1894,-0.1254,2.1583,0.2657,-1.2351,-0.1447,0.0,0.0
1779988770651,1,12.00000015,Lower Delivery,Loading,pitch.0,436486,-0.6515,-0.3374,0.5484,-0.0483,0.0017,-0.0022,0.0,0.0
1779988770651,1,12.00000018,Upper Delivery,Loading,pitch.0,437344,-0.0989,0.0849,0.2225,-0.0884,-0.0304,-0.0012,0.0,0.0
1779988770651,1,Pitching Mound.Delivery,,Loading,pitch.0,436185,-0.7504,-0.2525,0.7709,-0.0259,-0.0287,0.1845,0.0,0.0
1779988770651,1,Pitching Mound.Drive,,Loading,pitch.0,436752,0.1894,-0.1254,2.1583,0.2657,-1.2351,-0.1447,0.0,0.0
1779988770651,1,Pitching Mound.Parent,,Loading,pitch.0,435806,-0.561,-0.3779,2.9292,0.2398,-1.2638,0.0398,0.0,0.0
1779988770652,1,11.0000004b,Drive,Loading,pitch.0,436753,0.174,-0.1277,1.9647,0.2592,-1.2415,-0.1305,0.0,0.0
1779988770652,1,12.00000015,Lower Delivery,Loading,pitch.0,436487,-0.6089,-0.2916,0.4994,-0.0573,-0.005,-0.0013,0.0,0.0
1779988770652,1,12.00000018,Upper Delivery,Loading,pitch.0,437345,-0.0671,0.06,0.0905,-0.0884,-0.0304,-0.0012,0.0,0.0
1779988770652,1,Pitching Mound.Delivery,,Loading,pitch.0,436186,-0.6761,-0.2315,0.5899,-0.0066,-0.0353,0.1817,0.0,0.0
1779988770652,1,Pitching Mound.Drive,,Loading,pitch.0,436753,0.174,-0.1277,1.9647,0.2592,-1.2415,-0.1305,0.0,0.0
1779988770652,1,Pitching Mound.Parent,,Loading,pitch.0,435807,-0.5021,-0.3592,2.5545,0.2526,-1.2768,0.0513,0.0,0.0
1779988770653,1,11.0000004b,Drive,Loading,pitch.0,436754,0.1516,-0.1224,1.8359,0.2367,-1.2039,-0.1563,0.0,0.0
1779988770653,1,12.00000015,Lower Delivery,Loading,pitch.0,436488,-0.5792,-0.279,0.4595,-0.0619,-0.0098,-0.001,0.0,0.0
1779988770653,1,12.00000018,Upper Delivery,Loading,pitch.0,437346,-0.064,0.0466,0.0355,-0.0884,-0.0304,-0.0012,0.0,0.0
1779988770653,1,Pitching Mound.Delivery,,Loading,pitch.0,436187,-0.6432,-0.2325,0.495,-0.0061,-0.0402,0.173,0.0,0.0
1779988770653,1,Pitching Mound.Drive,,Loading,pitch.0,436754,0.1516,-0.1224,1.8359,0.2367,-1.2039,-0.1563,0.0,0.0
1779988770653,1,Pitching Mound.Parent,,Loading,pitch.0,435808,-0.4916,-0.3549,2.3309,0.2307,-1.2441,0.0167,0.0,0.0
1779988770654,1,11.0000004b,Drive,Loading,pitch.0,436755,0.1503,-0.1099,1.8509,0.2207,-1.1087,-0.1586,0.0,0.0
1779988770654,1,12.00000015,Lower Delivery,Loading,pitch.0,436489,-0.599,-0.2851,0.4795,-0.0629,-0.011,-0.0003,0.0,0.0
1779988770654,1,12.00000018,Upper Delivery,Loading,pitch.0,437347,-0.0643,0.0491,0.0458,-0.0884,-0.0304,-0.0012,0.0,0.0
1779988770654,1,Pitching Mound.Delivery,,Loading,pitch.0,436188,-0.6633,-0.2361,0.5253,-0.0038,-0.0414,0.1803,0.0,0.0
1779988770654,1,Pitching Mound.Drive,,Loading,pitch.0,436755,0.1503,-0.1099,1.8509,0.2207,-1.1087,-0.1586,0.0,0.0
1779988770654,1,Pitching Mound.Parent,,Loading,pitch.0,435809,-0.513,-0.346,2.3762,0.2169,-1.1501,0.0217,0.0,0.0
1779988770655,1,11.0000004b,Drive,Loading,pitch.0,436756,0.1579,-0.1031,1.8713,0.2328,-1.1112,-0.1669,0.0,0.0
1779988770655,1,12.00000015,Lower Delivery,Loading,pitch.0,436490,-0.5872,-0.2892,0.4711,-0.0685,-0.0049,0.0013,0.0,0.0
1779988770655,1,12.00000018,Upper Delivery,Loading,pitch.0,437348,-0.0626,0.0485,0.0421,-0.0884,-0.0304,-0.0012,0.0,0.0
1779988770655,1,Pitching Mound.Delivery,,Loading,pitch.0,436189,-0.6498,-0.2408,0.5132,-0.011,-0.0353,0.1785,0.0,0.0
1779988770655,1,Pitching Mound.Drive,,Loading,pitch.0,436756,0.1579,-0.1031,1.8713,0.2328,-1.1112,-0.1669,0.0,0.0
1779988770655,1,Pitching Mound.Parent,,Loading,pitch.0,435810,-0.4919,-0.3439,2.3845,0.2218,-1.1465,0.0116,0.0,0.0
1779988770656,1,11.0000004b,Drive,Loading,pitch.0,436757,0.1625,-0.087,1.8334,0.2371,-1.2237,-0.1751,0.0,0.0
1779988770656,1,12.00000015,Lower Delivery,Loading,pitch.0,436491,-0.5728,-0.2776,0.4534,-0.0662,-0.0065,0.0003,0.0,0.0
1779988770656,1,12.00000018,Upper Delivery,Loading,pitch.0,437349,-0.0613,0.05,0.0425,-0.0884,-0.0304,-0.0012,0.0,0.0
1779988770656,1,Pitching Mound.Delivery,,Loading,pitch.0,436190,-0.6341,-0.2275,0.4959,-0.0149,-0.0369,0.173,0.0,0.0
1779988770656,1,Pitching Mound.Drive,,Loading,pitch.0,436757,0.1625,-0.087,1.8334,0.2371,-1.2237,-0.1751,0.0,0.0
1779988770656,1,Pitching Mound.Parent,,Loading,pitch.0,435811,-0.4715,-0.3146,2.3293,0.2222,-1.2606,-0.0022,0.0,0.0
1779988770657,1,11.0000004b,Drive,Loading,pitch.0,436758,0.1776,-0.0917,1.712,0.2695,-1.284,-0.2034,0.0,0.0
1779988770657,1,12.00000015,Lower Delivery,Loading,pitch.0,436492,-0.5766,-0.2619,0.4757,-0.0509,-0.0167,-0.0007,0.0,0.0
1779988770657,1,12.00000018,Upper Delivery,Loading,pitch.0,437350,-0.0627,0.0527,0.0461,-0.0884,-0.0304,-0.0012,0.0,0.0
1779988770657,1,Pitching Mound.Delivery,,Loading,pitch.0,436191,-0.6393,-0.2092,0.5218,0.0069,-0.0471,0.1728,0.0,0.0
1779988770657,1,Pitching Mound.Drive,,Loading,pitch.0,436758,0.1776,-0.0917,1.712,0.2695,-1.284,-0.2034,0.0,0.0
1779988770657,1,Pitching Mound.Parent,,Loading,pitch.0,435812,-0.4617,-0.3009,2.2339,0.2763,-1.3311,-0.0306,0.0,0.0
1779988770658,1,11.0000004b,Drive,Loading,pitch.0,436759,0.1736,-0.1017,1.8538,0.2797,-1.2831,-0.2018,0.0,0.0
1779988770658,1,12.00000015,Lower Delivery,Loading,pitch.0,436493,-0.5921,-0.2622,0.5022,-0.035,-0.0173,-0.0057,0.0,0.0
1779988770658,1,12.00000018,Upper Delivery,Loading,pitch.0,437351,-0.0583,0.0832,0.1099,-0.0884,-0.0304,-0.0012,0.0,0.0
1779988770658,1,Pitching Mound.Delivery,,Loading,pitch.0,436192,-0.6504,-0.1789,0.6121,0.01,-0.0477,0.1746,0.0,0.0
1779988770658,1,Pitching Mound.Drive,,Loading,pitch.0,436759,0.1736,-0.1017,1.8538,0.2797,-1.2831,-0.2018,0.0,0.0
1779988770658,1,Pitching Mound.Parent,,Loading,pitch.0,435813,-0.4768,-0.2806,2.4659,0.2897,-1.3308,-0.0272,0.0,0.0
1779988770659,1,11.0000004b,Drive,Loading,pitch.0,436760,0.1928,-0.0996,2.0312,0.2619,-1.3535,-0.1999,0.0,0.0
1779988770659,1,12.00000015,Lower Delivery,Loading,pitch.0,436494,-0.6351,-0.2743,0.5405,-0.0441,-0.0161,-0.0069,0.0,0.0
1779988770659,1,12.00000018,Upper Delivery,Loading,pitch.0,437352,-0.0563,0.0714,0.0683,-0.0884,-0.0304,-0.0012,0.0,0.0
1779988770659,1,Pitching Mound.Delivery,,Loading,pitch.0,436193,-0.6913,-0.2029,0.6088,0.0281,-0.0465,0.1887,0.0,0.0
1779988770659,1,Pitching Mound.Drive,,Loading,pitch.0,436760,0.1928,-0.0996,2.0312,0.2619,-1.3535,-0.1999,0.0,0.0
1779988770659,1,Pitching Mound.Parent,,Loading,pitch.0,435814,-0.4985,-0.3025,2.64,0.29,-1.4,-0.0111,0.0,0.0
1779988770660,1,11.0000004b,Drive,Loading,pitch.0,436761,0.1962,-0.0976,2.047,0.3154,-1.5671,-0.2346,0.0,0.0
1779988770660,1,12.00000015,Lower Delivery,Loading,pitch.0,436495,-0.6145,-0.2948,0.5141,-0.036,-0.0034,-0.0066,0.0,0.0
1779988770660,1,12.00000018,Upper Delivery,Loading,pitch.0,437353,-0.0618,0.051,0.0357,-0.0884,-0.0304,-0.0012,0.0,0.0
1779988770660,1,Pitching Mound.Delivery,,Loading,pitch.0,436194,-0.6764,-0.2438,0.5498,0.0383,-0.0338,0.1802,0.0,0.0
1779988770660,1,Pitching Mound.Drive,,Loading,pitch.0,436761,0.1962,-0.0976,2.047,0.3154,-1.5671,-0.2346,0.0,0.0
1779988770660,1,Pitching Mound.Parent,,Loading,pitch.0,435815,-0.4802,-0.3414,2.5967,0.3538,-1.6008,-0.0544,0.0,0.0
1779988770661,1,11.0000004b,Drive,Loading,pitch.0,436762,0.2143,-0.1198,2.0644,0.2824,-1.5752,-0.2434,0.0,0.0
1779988770661,1,12.00000015,Lower Delivery,Loading,pitch.0,436496,-0.6188,-0.3267,0.4993,-0.0176,-0.0035,-0.0067,0.0,0.0
1779988770661,1,12.00000018,Upper Delivery,Loading,pitch.0,437354,-0.0592,0.0664,0.0725,-0.0884,-0.0304,-0.0012,0.0,0.0
1779988770661,1,Pitching Mound.Delivery,,Loading,pitch.0,436195,-0.678,-0.2603,0.5718,0.0392,-0.0338,0.1824,0.0,0.0
1779988770661,1,Pitching Mound.Drive,,Loading,pitch.0,436762,0.2143,-0.1198,2.0644,0.2824,-1.5752,-0.2434,0.0,0.0
1779988770661,1,Pitching Mound.Parent,,Loading,pitch.0,435816,-0.4638,-0.38,2.6362,0.3216,-1.6091,-0.0611,0.0,0.0
1779988770662,1,11.0000004b,Drive,Loading,pitch.0,436763,0.2085,-0.1374,1.9692,0.3339,-1.6244,-0.2796,0.0,0.0
1779988770662,1,12.00000015,Lower Delivery,Loading,pitch.0,436497,-0.6518,-0.3305,0.5286,-0.0138,-0.0041,-0.0062,0.0,0.0
1779988770662,1,12.00000018,Upper Delivery,Loading,pitch.0,437355,-0.0561,0.0529,0.0301,-0.0884,-0.0304,-0.0012,0.0,0.0
1779988770662,1,Pitching Mound.Delivery,,Loading,pitch.0,436196,-0.7079,-0.2776,0.5588,0.0673,-0.0345,0.1951,0.0,0.0
1779988770662,1,Pitching Mound.Drive,,Loading,pitch.0,436763,0.2085,-0.1374,1.9692,0.3339,-1.6244,-0.2796,0.0,0.0
1779988770662,1,Pitching Mound.Parent,,Loading,pitch.0,435817,-0.4994,-0.415,2.5279,0.4012,-1.6589,-0.0845,0.0,0.0
1779988770663,1,11.0000004b,Drive,Loading,pitch.0,436764,0.2207,-0.1482,2.0539,0.3366,-1.592,-0.2605,0.0,0.0
1779988770663,1,12.00000015,Lower Delivery,Loading,pitch.0,436498,-0.6567,-0.3633,0.5167,-0.0218,0.0003,-0.005,0.0,0.0
1779988770663,1,12.00000018,Upper Delivery,Loading,pitch.0,437356,-0.0547,0.0714,0.0891,-0.0884,-0.0304,-0.0012,0.0,0.0
1779988770663,1,Pitching Mound.Delivery,,Loading,pitch.0,436197,-0.7114,-0.2919,0.6058,0.0352,-0.0301,0.1985,0.0,0.0
1779988770663,1,Pitching Mound.Drive,,Loading,pitch.0,436764,0.2207,-0.1482,2.0539,0.3366,-1.592,-0.2605,0.0,0.0
1779988770663,1,Pitching Mound.Parent,,Loading,pitch.0,435818,-0.4907,-0.4401,2.6597,0.3719,-1.6221,-0.062,0.0,0.0
1779988770664,1,11.0000004b,Drive,Loading,pitch.0,436765,0.2202,-0.1602,2.0775,0.3364,-1.644,-0.2625,0.0,0.0
1779988770664,1,12.00000015,Lower Delivery,Loading,pitch.0,436499,-0.6347,-0.3387,0.5071,-0.0179,-0.0007,-0.0057,0.0,0.0
1779988770664,1,12.00000018,Upper Delivery,Loading,pitch.0,437357,-0.0515,0.0671,0.0722,-0.0884,-0.0304,-0.0012,0.0,0.0
1779988770664,1,Pitching Mound.Delivery,,Loading,pitch.0,436198,-0.6862,-0.2717,0.5793,0.0416,-0.0311,0.1914,0.0,0.0
1779988770664,1,Pitching Mound.Drive,,Loading,pitch.0,436765,0.2202,-0.1602,2.0775,0.3364,-1.644,-0.2625,0.0,0.0
1779988770664,1,Pitching Mound.Parent,,Loading,pitch.0,435819,-0.466,-0.4318,2.6569,0.3779,-1.6751,-0.071,0.0,0.0
1779988770665,1,11.0000004b,Drive,Loading,pitch.0,436766,0.2178,-0.179,1.9902,0.319,-1.6,-0.2508,0.0,0.0
1779988770665,1,12.00000015,Lower Delivery,Loading,pitch.0,436500,-0.6072,-0.3037,0.5041,-0.0254,-0.0025,-0.0065,0.0,0.0
1779988770665,1,12.00000018,Upper Delivery,Loading,pitch.0,437358,-0.0522,0.0726,0.094,-0.0884,-0.0304,-0.0012,0.0,0.0
1779988770665,1,Pitching Mound.Delivery,,Loading,pitch.0,436199,-0.6594,-0.2312,0.598,0.0257,-0.0328,0.1811,0.0,0.0
1779988770665,1,Pitching Mound.Drive,,Loading,pitch.0,436766,0.2178,-0.179,1.9902,0.319,-1.6,-0.2508,0.0,0.0
1779988770665,1,Pitching Mound.Parent,,Loading,pitch.0,435820,-0.4416,-0.4101,2.5883,0.3447,-1.6329,-0.0698,0.0,0.0
1779988770666,1,11.0000004b,Drive,Loading,pitch.0,436767,0.2155,-0.1866,1.98,0.3112,-1.7395,-0.2334,0.0,0.0
1779988770666,1,12.00000015,Lower Delivery,Loading,pitch.0,436501,-0.6181,-0.2979,0.5252,-0.0251,-0.0107,-0.0061,0.0,0.0
1779988770666,1,12.00000018,Upper Delivery,Loading,pitch.0,437359,-0.0505,0.0738,0.0869,-0.0884,-0.0304,-0.0012,0.0,0.0
1779988770666,1,Pitching Mound.Delivery,,Loading,pitch.0,436200,-0.6686,-0.2241,0.6121,0.0356,-0.041,0.1857,0.0,0.0
1779988770666,1,Pitching Mound.Drive,,Loading,pitch.0,436767,0.2155,-0.1866,1.98,0.3112,-1.7395,-0.2334,0.0,0.0
1779988770666,1,Pitching Mound.Parent,,Loading,pitch.0,435821,-0.4531,-0.4107,2.5921,0.3468,-1.7805,-0.0477,0.0,0.0
1779988770667,1,11.0000004b,Drive,Loading,pitch.0,436768,0.1939,-0.1966,1.9608,0.3219,-1.7407,-0.226,0.0,0.0
1779988770667,1,12.00000015,Lower Delivery,Loading,pitch.0,436502,-0.6433,-0.2691,0.567,-0.0438,-0.0163,-0.0066,0.0,0.0
1779988770667,1,12.00000018,Upper Delivery,Loading,pitch.0,437360,-0.0484,0.1783,0.3582,-0.0884,-0.0304,-0.0012,0.0,0.0
1779988770667,1,12.00000018,Upper Delivery,Loading,pitch.0,437361,-0.0541,0.0533,0.0423,-0.0884,-0.0304,-0.0012,0.0,0.0
1779988770667,1,Pitching Mound.Delivery,,Loading,pitch.0,436201,-0.6917,-0.0909,0.9252,-0.0611,-0.0466,0.1945,0.0,0.0
1779988770667,1,Pitching Mound.Drive,,Loading,pitch.0,436768,0.1939,-0.1966,1.9608,0.3219,-1.7407,-0.226,0.0,0.0
1779988770667,1,Pitching Mound.Parent,,Loading,pitch.0,435822,-0.4979,-0.2875,2.886,0.2607,-1.7873,-0.0315,0.0,0.0
1779988770668,1,11.0000004b,Drive,Loading,pitch.0,436769,0.191,-0.1989,1.9253,0.2973,-1.7164,-0.2435,0.0,0.0
1779988770668,1,12.00000015,Lower Delivery,Loading,pitch.0,436503,-0.5999,-0.2289,0.5377,-0.059,-0.0081,-0.0051,0.0,0.0
1779988770668,1,12.00000018,Upper Delivery,Loading,pitch.0,437362,-0.0536,0.0563,0.0409,-0.0884,-0.0304,-0.0012,0.0,0.0
1779988770668,1,Pitching Mound.Delivery,,Loading,pitch.0,436202,-0.654,-0.1756,0.5799,0.021,-0.0385,0.1793,0.0,0.0
1779988770668,1,Pitching Mound.Drive,,Loading,pitch.0,436769,0.191,-0.1989,1.9253,0.2973,-1.7164,-0.2435,0.0,0.0
1779988770668,1,Pitching Mound.Parent,,Loading,pitch.0,435823,-0.463,-0.3745,2.5053,0.3183,-1.7549,-0.0642,0.0,0.0
1779988770669,1,11.0000004b,Drive,Loading,pitch.0,436770,0.1767,-0.1977,1.8543,0.3107,-1.692,-0.222,0.0,0.0
1779988770669,1,12.00000015,Lower Delivery,Loading,pitch.0,436504,-0.5849,-0.2329,0.5215,-0.0602,0.0058,-0.0003,0.0,0.0
1779988770669,1,Pitching Mound.Delivery,,Loading,pitch.0,436203,-0.6385,-0.1766,0.5624,0.0148,-0.0246,0.1791,0.0,0.0
1779988770669,1,Pitching Mound.Drive,,Loading,pitch.0,436770,0.1767,-0.1977,1.8543,0.3107,-1.692,-0.222,0.0,0.0
1779988770669,1,Pitching Mound.Parent,,Loading,pitch.0,435824,-0.4619,-0.3742,2.4166,0.3255,-1.7165,-0.0429,0.0,0.0
1779988770670,1,11.0000004b,Drive,Loading,pitch.0,436771,0.1494,-0.2042,1.7352,0.3244,-1.6183,-0.2605,0.0,0.0
1779988770670,1,12.00000015,Lower Delivery,Loading,pitch.0,436505,-0.5939,-0.1868,0.5578,-0.0636,0.0071,0.0005,0.0,0.0
1779988770670,1,12.00000018,Upper Delivery,Loading,pitch.0,437363,-0.0552,0.0611,0.0445,-0.0884,-0.0304,-0.0012,0.0,0.0
1779988770670,1,12.00000018,Upper Delivery,Loading,pitch.0,437364,-0.0446,0.1349,0.2195,-0.0884,-0.0304,-0.0012,0.0,0.0
1779988770670,1,Pitching Mound.Delivery,,Loading,pitch.0,436204,-0.6491,-0.1257,0.6023,0.0225,-0.0233,0.1825,0.0,0.0
1779988770670,1,Pitching Mound.Drive,,Loading,pitch.0,436771,0.1494,-0.2042,1.7352,0.3244,-1.6183,-0.2605,0.0,0.0
1779988770670,1,Pitching Mound.Parent,,Loading,pitch.0,435825,-0.4997,-0.3299,2.3375,0.3469,-1.6416,-0.078,0.0,0.0
1779988770671,1,11.0000004b,Drive,Loading,pitch.0,436772,0.1514,-0.2096,1.7327,0.3287,-1.6642,-0.2611,0.0,0.0
1779988770671,1,12.00000015,Lower Delivery,Loading,pitch.0,436506,-0.6241,-0.2031,0.5841,-0.0557,0.0079,0.0002,0.0,0.0
1779988770671,1,12.00000018,Upper Delivery,Loading,pitch.0,437365,-0.0484,0.1116,0.1554,-0.0884,-0.0304,-0.0012,0.0,0.0
1779988770671,1,Pitching Mound.Delivery,,Loading,pitch.0,436205,-0.6686,-0.0682,0.8036,-0.0201,-0.0224,0.196,0.0,0.0
1779988770671,1,Pitching Mound.Drive,,Loading,pitch.0,436772,0.1514,-0.2096,1.7327,0.3287,-1.6642,-0.2611,0.0,0.0
1779988770671,1,Pitching Mound.Parent,,Loading,pitch.0,435826,-0.5172,-0.2778,2.5363,0.3086,-1.6866,-0.0651,0.0,0.0
1779988770672,1,11.0000004b,Drive,Loading,pitch.0,436773,0.1108,-0.2186,1.9042,0.371,-1.7704,-0.2787,0.0,0.0
1779988770672,1,12.00000015,Lower Delivery,Loading,pitch.0,436507,-0.6056,-0.2111,0.5719,-0.0508,0.0059,0.0012,0.0,0.0
1779988770672,1,Pitching Mound.Delivery,,Loading,pitch.0,436206,-0.654,-0.0995,0.7273,0.0025,-0.0244,0.1894,0.0,0.0
1779988770672,1,Pitching Mound.Drive,,Loading,pitch.0,436773,0.1108,-0.2186,1.9042,0.371,-1.7704,-0.2787,0.0,0.0
1779988770672,1,Pitching Mound.Parent,,Loading,pitch.0,435827,-0.5432,-0.3182,2.6315,0.3735,-1.7949,-0.0893,0.0,0.0
1779988770673,1,11.0000004b,Drive,Loading,pitch.0,436774,0.1237,-0.2273,1.8933,0.3611,-1.8344,-0.2975,0.0,0.0
1779988770673,1,12.00000015,Lower Delivery,Loading,pitch.0,436508,-0.5673,-0.2192,0.5547,-0.0474,0.0212,0.0019,0.0,0.0
1779988770673,1,12.00000018,Upper Delivery,Loading,pitch.0,437366,-0.0381,0.1567,0.2419,-0.0884,-0.0304,-0.0012,0.0,0.0
1779988770673,1,Pitching Mound.Delivery,,Loading,pitch.0,436207,-0.6054,-0.0624,0.7966,-0.0294,-0.0091,0.1806,0.0,0.0
1779988770673,1,Pitching Mound.Drive,,Loading,pitch.0,436774,0.1237,-0.2273,1.8933,0.3611,-1.8344,-0.2975,0.0,0.0
1779988770673,1,Pitching Mound.Parent,,Loading,pitch.0,435828,-0.4817,-0.2898,2.69,0.3317,-1.8435,-0.117,0.0,0.0
1779988770674,1,11.0000004b,Drive,Loading,pitch.0,436775,0.0748,-0.223,1.9763,0.3703,-1.8741,-0.3049,0.0,0.0
1779988770674,1,12.00000015,Lower Delivery,Loading,pitch.0,436509,-0.5311,-0.2003,0.487,-0.043,0.0171,0.0048,0.0,0.0
1779988770674,1,12.00000018,Upper Delivery,Loading,pitch.0,437367,-0.045,0.1234,0.1516,-0.0884,-0.0304,-0.0012,0.0,0.0
1779988770674,1,12.00000018,Upper Delivery,Loading,pitch.0,437368,-0.0468,0.1329,0.1781,-0.0884,-0.0304,-0.0012,0.0,0.0
1779988770674,1,Pitching Mound.Delivery,,Loading,pitch.0,436208,-0.5761,-0.077,0.6386,-0.0173,-0.0133,0.1689,0.0,0.0
1779988770674,1,Pitching Mound.Drive,,Loading,pitch.0,436775,0.0748,-0.223,1.9763,0.3703,-1.8741,-0.3049,0.0,0.0
1779988770674,1,Pitching Mound.Parent,,Loading,pitch.0,435829,-0.5013,-0.3,2.6149,0.353,-1.8874,-0.136,0.0,0.0
1779988770675,1,11.0000004b,Drive,Loading,pitch.0,436776,0.0632,-0.2561,1.9353,0.3653,-1.8252,-0.3232,0.0,0.0
1779988770675,1,12.00000015,Lower Delivery,Loading,pitch.0,436510,-0.4988,-0.2114,0.4546,-0.0428,0.0232,0.0066,0.0,0.0
1779988770675,1,12.00000018,Upper Delivery,Loading,pitch.0,437369,-0.0501,0.1199,0.1601,-0.0884,-0.0304,-0.0012,0.0,0.0
1779988770675,1,Pitching Mound.Delivery,,Loading,pitch.0,436209,-0.5455,-0.0784,0.6328,-0.0372,-0.0071,0.1591,0.0,0.0
1779988770675,1,Pitching Mound.Drive,,Loading,pitch.0,436776,0.0632,-0.2561,1.9353,0.3653,-1.8252,-0.3232,0.0,0.0
1779988770675,1,Pitching Mound.Parent,,Loading,pitch.0,435830,-0.4823,-0.3345,2.5681,0.3281,-1.8323,-0.1641,0.0,0.0
1779988770676,1,11.0000004b,Drive,Loading,pitch.0,436777,0.0697,-0.2564,2.0153,0.4059,-1.9547,-0.3378,0.0,0.0
1779988770676,1,12.00000015,Lower Delivery,Loading,pitch.0,436511,-0.4962,-0.1949,0.4593,-0.0411,0.0163,0.0048,0.0,0.0
1779988770676,1,Pitching Mound.Delivery,,Loading,pitch.0,436210,-0.5462,-0.075,0.6195,-0.0278,-0.014,0.1553,0.0,0.0
1779988770676,1,Pitching Mound.Drive,,Loading,pitch.0,436777,0.0697,-0.2564,2.0153,0.4059,-1.9547,-0.3378,0.0,0.0
1779988770676,1,Pitching Mound.Parent,,Loading,pitch.0,435831,-0.4765,-0.3315,2.6347,0.3781,-1.9688,-0.1825,0.0,0.0
1779988770677,1,11.0000004b,Drive,Loading,pitch.0,436778,0.0752,-0.2633,2.0942,0.3477,-1.83,-0.3269,0.0,0.0
1779988770677,1,12.00000015,Lower Delivery,Loading,pitch.0,436512,-0.4806,-0.2193,0.4198,-0.0519,0.0123,0.0056,0.0,0.0
1779988770677,1,12.00000018,Upper Delivery,Loading,pitch.0,437370,-0.0556,0.0882,0.0929,-0.0884,-0.0304,-0.0012,0.0,0.0
1779988770677,1,Pitching Mound.Delivery,,Loading,pitch.0,436211,-0.5362,-0.1311,0.5127,-0.0292,-0.0181,0.1488,0.0,0.0
1779988770677,1,Pitching Mound.Drive,,Loading,pitch.0,436778,0.0752,-0.2633,2.0942,0.3477,-1.83,-0.3269,0.0,0.0
1779988770677,1,Pitching Mound.Parent,,Loading,pitch.0,435832,-0.461,-0.3944,2.6069,0.3185,-1.8481,-0.178,0.0,0.0
1779988770678,1,11.0000004b,Drive,Loading,pitch.0,436779,0.0753,-0.2724,2.0614,0.3713,-2.0521,-0.3755,0.0,0.0
1779988770678,1,12.00000015,Lower Delivery,Loading,pitch.0,436513,-0.4666,-0.2161,0.4033,-0.0464,0.0027,0.0034,0.0,0.0
1779988770678,1,12.00000018,Upper Delivery,Loading,pitch.0,437371,-0.0515,0.1056,0.1501,-0.0884,-0.0304,-0.0012,0.0,0.0
1779988770678,1,Pitching Mound.Delivery,,Loading,pitch.0,436212,-0.5181,-0.1105,0.5535,-0.0487,-0.0276,0.1434,0.0,0.0
1779988770678,1,Pitching Mound.Drive,,Loading,pitch.0,436779,0.0753,-0.2724,2.0614,0.3713,-2.0521,-0.3755,0.0,0.0
1779988770678,1,Pitching Mound.Parent,,Loading,pitch.0,435833,-0.4427,-0.3829,2.6149,0.3226,-2.0797,-0.2321,0.0,0.0
1779988770679,1,11.0000004b,Drive,Loading,pitch.0,436780,0.062,-0.2805,2.1459,0.3699,-2.0366,-0.3867,0.0,0.0
1779988770679,1,12.00000015,Lower Delivery,Loading,pitch.0,436514,-0.4916,-0.2271,0.4261,-0.0421,-0.0077,-0.0005,0.0,0.0
1779988770679,1,12.00000018,Upper Delivery,Loading,pitch.0,437373,-0.059,0.0512,0.0307,-0.0884,-0.0304,-0.0012,0.0,0.0
1779988770679,1,12.00000018,Upper Delivery,Loading,pitch.0,437372,-0.0522,0.1088,0.1597,-0.0884,-0.0304,-0.0012,0.0,0.0
1779988770679,1,Pitching Mound.Delivery,,Loading,pitch.0,436213,-0.5438,-0.1183,0.5858,-0.0399,-0.038,0.1477,0.0,0.0
1779988770679,1,Pitching Mound.Drive,,Loading,pitch.0,436780,0.062,-0.2805,2.1459,0.3699,-2.0366,-0.3867,0.0,0.0
1779988770679,1,Pitching Mound.Parent,,Loading,pitch.0,435834,-0.4818,-0.3988,2.7317,0.33,-2.0746,-0.239,0.0,0.0
1779988770680,1,11.0000004b,Drive,Loading,pitch.0,436781,0.059,-0.3114,2.1853,0.3901,-2.1463,-0.401,0.0,0.0
1779988770680,1,12.00000015,Lower Delivery,Loading,pitch.0,436515,-0.4542,-0.1975,0.393,-0.04,-0.0024,0.0002,0.0,0.0
1779988770680,1,Pitching Mound.Delivery,,Loading,pitch.0,436214,-0.5132,-0.1463,0.4237,-0.0052,-0.0328,0.1333,0.0,0.0
1779988770680,1,Pitching Mound.Drive,,Loading,pitch.0,436781,0.059,-0.3114,2.1853,0.3901,-2.1463,-0.401,0.0,0.0
1779988770680,1,Pitching Mound.Parent,,Loading,pitch.0,435835,-0.4542,-0.4577,2.609,0.3849,-2.179,-0.2676,0.0,0.0
1779988770681,1,11.0000004b,Drive,Loading,pitch.0,436782,0.0459,-0.3225,2.246,0.3873,-2.1569,-0.4215,0.0,0.0
1779988770681,1,12.00000015,Lower Delivery,Loading,pitch.0,436516,-0.4427,-0.2514,0.3627,-0.0396,0.005,0.001,0.0,0.0
1779988770681,1,12.00000018,Upper Delivery,Loading,pitch.0,437374,-0.056,0.0502,0.0306,-0.0884,-0.0304,-0.0012,0.0,0.0
1779988770681,1,Pitching Mound.Delivery,,Loading,pitch.0,436215,-0.4987,-0.2012,0.3934,-0.015,-0.0254,0.1313,0.0,0.0
1779988770681,1,Pitching Mound.Drive,,Loading,pitch.0,436782,0.0459,-0.3225,2.246,0.3873,-2.1569,-0.4215,0.0,0.0
1779988770681,1,Pitching Mound.Parent,,Loading,pitch.0,435836,-0.4527,-0.5237,2.6393,0.3723,-2.1823,-0.2902,0.0,0.0
1779988770682,1,11.0000004b,Drive,Loading,pitch.0,436783,0.03,-0.3388,2.3838,0.3924,-2.2023,-0.433,0.0,0.0
1779988770682,1,12.00000015,Lower Delivery,Loading,pitch.0,436517,-0.438,-0.2441,0.3558,-0.045,-0.0028,0.0018,0.0,0.0
1779988770682,1,12.00000018,Upper Delivery,Loading,pitch.0,437375,-0.0566,0.0558,0.0312,-0.0884,-0.0304,-0.0012,0.0,0.0
1779988770682,1,Pitching Mound.Delivery,,Loading,pitch.0,436216,-0.4947,-0.1883,0.387,-0.023,-0.0332,0.1303,0.0,0.0
1779988770682,1,Pitching Mound.Drive,,Loading,pitch.0,436783,0.03,-0.3388,2.3838,0.3924,-2.2023,-0.433,0.0,0.0
1779988770682,1,Pitching Mound.Parent,,Loading,pitch.0,435837,-0.4647,-0.5272,2.7708,0.3695,-2.2355,-0.3027,0.0,0.0
1779988770683,1,11.0000004b,Drive,Loading,pitch.0,436784,0.0186,-0.3677,2.4206,0.403,-2.2571,-0.445,0.0,0.0
1779988770683,1,12.00000015,Lower Delivery,Loading,pitch.0,436518,-0.4308,-0.2457,0.3452,-0.0509,-0.014,-0.0013,0.0,0.0
1779988770683,1,12.00000018,Upper Delivery,Loading,pitch.0,437376,-0.0564,0.0553,0.0291,-0.0884,-0.0304,-0.0012,0.0,0.0
1779988770683,1,Pitching Mound.Delivery,,Loading,pitch.0,436217,-0.4872,-0.1904,0.3743,-0.0317,-0.0444,0.1248,0.0,0.0
1779988770683,1,Pitching Mound.Drive,,Loading,pitch.0,436784,0.0186,-0.3677,2.4206,0.403,-2.2571,-0.445,0.0,0.0
1779988770683,1,Pitching Mound.Parent,,Loading,pitch.0,435838,-0.4686,-0.5581,2.7949,0.3713,-2.3014,-0.3202,0.0,0.0
1779988770684,1,11.0000004b,Drive,Loading,pitch.0,436785,0.0056,-0.3992,2.5079,0.4329,-2.2137,-0.4316,0.0,0.0
1779988770684,1,12.00000015,Lower Delivery,Loading,pitch.0,436519,-0.4688,-0.2783,0.3726,-0.0436,-0.0123,-0.0006,0.0,0.0
1779988770684,1,12.00000018,Upper Delivery,Loading,pitch.0,437377,-0.0588,0.0519,0.0359,-0.0884,-0.0304,-0.0012,0.0,0.0
1779988770684,1,Pitching Mound.Delivery,,Loading,pitch.0,436218,-0.5276,-0.2264,0.4086,-0.0175,-0.0426,0.1376,0.0,0.0
1779988770684,1,Pitching Mound.Drive,,Loading,pitch.0,436785,0.0056,-0.3992,2.5079,0.4329,-2.2137,-0.4316,0.0,0.0
1779988770684,1,Pitching Mound.Parent,,Loading,pitch.0,435839,-0.522,-0.6256,2.9165,0.4154,-2.2564,-0.294,0.0,0.0
1779988770685,1,11.0000004b,Drive,Loading,pitch.0,436786,0.0004,-0.4187,2.6312,0.457,-2.3303,-0.4763,0.0,0.0
1779988770685,1,12.00000015,Lower Delivery,Loading,pitch.0,436520,-0.4804,-0.2633,0.3888,-0.0358,-0.0136,-0.0044,0.0,0.0
1779988770685,1,12.00000018,Upper Delivery,Loading,pitch.0,437378,-0.0589,0.0813,0.1724,-0.0884,-0.0304,-0.0012,0.0,0.0
1779988770685,1,Pitching Mound.Delivery,,Loading,pitch.0,436219,-0.5393,-0.182,0.5613,-0.0505,-0.044,0.1377,0.0,0.0
1779988770685,1,Pitching Mound.Drive,,Loading,pitch.0,436786,0.0004,-0.4187,2.6312,0.457,-2.3303,-0.4763,0.0,0.0
1779988770685,1,Pitching Mound.Parent,,Loading,pitch.0,435840,-0.5389,-0.6006,3.1924,0.4065,-2.3743,-0.3386,0.0,0.0
1779988770686,1,11.0000004b,Drive,Loading,pitch.0,436787,-0.0014,-0.4324,2.6505,0.4638,-2.3543,-0.4825,0.0,0.0
1779988770686,1,12.00000015,Lower Delivery,Loading,pitch.0,436521,-0.4929,-0.2965,0.3819,-0.0383,-0.0156,-0.004,0.0,0.0
1779988770686,1,12.00000018,Upper Delivery,Loading,pitch.0,437379,-0.0572,0.1227,0.3651,-0.0884,-0.0304,-0.0012,0.0,0.0
1779988770686,1,12.00000018,Upper Delivery,Loading,pitch.0,437380,-0.0597,0.0803,0.1884,-0.0884,-0.0304,-0.0012,0.0,0.0
1779988770686,1,Pitching Mound.Delivery,,Loading,pitch.0,436220,-0.5502,-0.1738,0.747,-0.121,-0.0459,0.1429,0.0,0.0
1779988770686,1,Pitching Mound.Drive,,Loading,pitch.0,436787,-0.0014,-0.4324,2.6505,0.4638,-2.3543,-0.4825,0.0,0.0
1779988770686,1,Pitching Mound.Parent,,Loading,pitch.0,435841,-0.5515,-0.6062,3.3975,0.3429,-2.4003,-0.3396,0.0,0.0
1779988770687,1,11.0000004b,Drive,Loading,pitch.0,436788,-0.0123,-0.4441,2.6062,0.4889,-2.5323,-0.5488,0.0,0.0
1779988770687,1,12.00000015,Lower Delivery,Loading,pitch.0,436522,-0.5212,-0.2916,0.4107,-0.0335,-0.0156,-0.0057,0.0,0.0
1779988770687,1,12.00000018,Upper Delivery,Loading,pitch.0,437381,-0.057,0.1278,0.3755,-0.0884,-0.0304,-0.0012,0.0,0.0
1779988770687,1,Pitching Mound.Delivery,,Loading,pitch.0,436221,-0.5809,-0.2112,0.5991,-0.0463,-0.0459,0.15,0.0,0.0
1779988770687,1,Pitching Mound.Drive,,Loading,pitch.0,436788,-0.0123,-0.4441,2.6062,0.4889,-2.5323,-0.5488,0.0,0.0
1779988770687,1,Pitching Mound.Parent,,Loading,pitch.0,435842,-0.5933,-0.6553,3.2052,0.4426,-2.5782,-0.3988,0.0,0.0
1779988770688,1,11.0000004b,Drive,Loading,pitch.0,436789,-0.0106,-0.4438,2.5981,0.4904,-2.5978,-0.6152,0.0,0.0
1779988770688,1,12.00000015,Lower Delivery,Loading,pitch.0,436523,-0.5531,-0.2917,0.4456,-0.0144,-0.0119,-0.0061,0.0,0.0
1779988770688,1,12.00000018,Upper Delivery,Loading,pitch.0,437382,-0.0619,0.0723,0.0977,-0.0884,-0.0304,-0.0012,0.0,0.0
1779988770688,1,Pitching Mound.Delivery,,Loading,pitch.0,436222,-0.6101,-0.1639,0.8211,-0.0789,-0.0423,0.1613,0.0,0.0
1779988770688,1,Pitching Mound.Drive,,Loading,pitch.0,436789,-0.0106,-0.4438,2.5981,0.4904,-2.5978,-0.6152,0.0,0.0
1779988770688,1,Pitching Mound.Parent,,Loading,pitch.0,435843,-0.6207,-0.6077,3.4192,0.4115,-2.6401,-0.4539,0.0,0.0
1779988770689,1,11.0000004b,Drive,Loading,pitch.0,436790,-0.0093,-0.4421,2.6206,0.5027,-2.7337,-0.6332,0.0,0.0
1779988770689,1,12.00000015,Lower Delivery,Loading,pitch.0,436524,-0.5304,-0.2891,0.4251,-0.0124,-0.013,-0.0058,0.0,0.0
1779988770689,1,12.00000018,Upper Delivery,Loading,pitch.0,437383,-0.0565,0.0799,0.1161,-0.0884,-0.0304,-0.0012,0.0,0.0
1779988770689,1,Pitching Mound.Delivery,,Loading,pitch.0,436223,-0.5923,-0.2169,0.5228,0.0105,-0.0434,0.1523,0.0,0.0
1779988770689,1,Pitching Mound.Drive,,Loading,pitch.0,436790,-0.0093,-0.4421,2.6206,0.5027,-2.7337,-0.6332,0.0,0.0
1779988770689,1,Pitching Mound.Parent,,Loading,pitch.0,435844,-0.6016,-0.659,3.1434,0.5132,-2.777,-0.4809,0.0,0.0
1779988770690,1,11.0000004b,Drive,Loading,pitch.0,436791,-0.0011,-0.4379,2.5827,0.5345,-2.8834,-0.6896,0.0,0.0
1779988770690,1,12.00000015,Lower Delivery,Loading,pitch.0,436525,-0.5669,-0.3001,0.4616,-0.0138,-0.0148,-0.0044,0.0,0.0
1779988770690,1,12.00000018,Upper Delivery,Loading,pitch.0,437384,-0.0977,0.1011,0.2563,-0.0884,-0.0304,-0.0012,0.0,0.0
1779988770690,1,Pitching Mound.Delivery,,Loading,pitch.0,436224,-0.6235,-0.2202,0.5777,0.0153,-0.0452,0.1679,0.0,0.0
1779988770690,1,Pitching Mound.Drive,,Loading,pitch.0,436791,-0.0011,-0.4379,2.5827,0.5345,-2.8834,-0.6896,0.0,0.0
1779988770690,1,Pitching Mound.Parent,,Loading,pitch.0,435845,-0.6246,-0.6581,3.1605,0.5498,-2.9285,-0.5217,0.0,0.0
1779988770691,1,11.0000004b,Drive,Loading,pitch.0,436792,0.0314,-0.4268,2.4959,0.5735,-3.1556,-0.7318,0.0,0.0
1779988770691,1,12.00000015,Lower Delivery,Loading,pitch.0,436526,-0.5749,-0.3064,0.4681,-0.0152,-0.0076,-0.0026,0.0,0.0
1779988770691,1,12.00000018,Upper Delivery,Loading,pitch.0,437385,-0.0763,0.0604,0.0901,-0.0884,-0.0304,-0.0012,0.0,0.0
1779988770691,1,Pitching Mound.Delivery,,Loading,pitch.0,436225,-0.6725,-0.2053,0.7244,-0.0315,-0.038,0.1584,0.0,0.0
1779988770691,1,Pitching Mound.Drive,,Loading,pitch.0,436792,0.0314,-0.4268,2.4959,0.5735,-3.1556,-0.7318,0.0,0.0
1779988770691,1,Pitching Mound.Parent,,Loading,pitch.0,435846,-0.6411,-0.6321,3.2202,0.542,-3.1935,-0.5734,0.0,0.0
1779988770692,1,11.0000004b,Drive,Loading,pitch.0,436793,0.0657,-0.4339,2.5558,0.6308,-3.3492,-0.766,0.0,0.0
1779988770692,1,12.00000015,Lower Delivery,Loading,pitch.0,436527,-0.5514,-0.2938,0.4475,-0.0186,-0.0095,-0.0029,0.0,0.0
1779988770692,1,12.00000018,Upper Delivery,Loading,pitch.0,437386,-0.0681,0.0558,0.0503,-0.0884,-0.0304,-0.0012,0.0,0.0
1779988770692,1,Pitching Mound.Delivery,,Loading,pitch.0,436226,-0.6277,-0.2334,0.5376,0.0145,-0.0399,0.1574,0.0,0.0
1779988770692,1,Pitching Mound.Drive,,Loading,pitch.0,436793,0.0657,-0.4339,2.5558,0.6308,-3.3492,-0.766,0.0,0.0
1779988770692,1,Pitching Mound.Parent,,Loading,pitch.0,435847,-0.562,-0.6672,3.0934,0.6454,-3.3891,-0.6086,0.0,0.0
1779988770693,1,11.0000004b,Drive,Loading,pitch.0,436794,0.1108,-0.4309,2.6034,0.698,-3.5022,-0.7814,0.0,0.0
1779988770693,1,11.0000004b,Drive,Loading,pitch.0,436795,0.1717,-0.4109,2.6048,0.7395,-3.6562,-0.8074,0.0,0.0
1779988770693,1,12.00000015,Lower Delivery,Loading,pitch.0,436528,-0.6113,-0.3111,0.4979,-0.0109,-0.0134,-0.0067,0.0,0.0
1779988770693,1,12.00000018,Upper Delivery,Loading,pitch.0,437387,-0.0691,0.0536,0.0567,-0.0884,-0.0304,-0.0012,0.0,0.0
1779988770693,1,Pitching Mound.Delivery,,Loading,pitch.0,436227,-0.6794,-0.2553,0.5483,0.053,-0.0438,0.1768,0.0,0.0
1779988770693,1,Pitching Mound.Drive,,Loading,pitch.0,436794,0.1108,-0.4309,2.6034,0.698,-3.5022,-0.7814,0.0,0.0
1779988770693,1,Pitching Mound.Drive,,Loading,pitch.0,436795,0.1717,-0.4109,2.6048,0.7395,-3.6562,-0.8074,0.0,0.0
1779988770693,1,Pitching Mound.Parent,,Loading,pitch.0,435848,-0.5686,-0.6862,3.1517,0.751,-3.546,-0.6047,0.0,0.0
1779988770694,1,12.00000015,Lower Delivery,Loading,pitch.0,436529,-0.6132,-0.2868,0.5187,-0.0239,-0.0175,-0.0066,0.0,0.0
1779988770694,1,12.00000018,Upper Delivery,Loading,pitch.0,437388,-0.0612,0.0584,0.0644,-0.0884,-0.0304,-0.0012,0.0,0.0
1779988770694,1,Pitching Mound.Delivery,,Loading,pitch.0,436228,-0.6823,-0.2332,0.5754,0.0448,-0.0479,0.1772,0.0,0.0
1779988770694,1,Pitching Mound.Parent,,Loading,pitch.0,435849,-0.5106,-0.6441,3.1802,0.7842,-3.704,-0.6302,0.0,0.0
1779988770695,1,11.0000004b,Drive,Loading,pitch.0,436796,0.1829,-0.4235,2.6046,0.8089,-3.7852,-0.8551,0.0,0.0
1779988770695,1,12.00000015,Lower Delivery,Loading,pitch.0,436531,-0.5497,-0.2783,0.4384,-0.0417,-0.0203,-0.0059,0.0,0.0
1779988770695,1,12.00000015,Lower Delivery,Loading,pitch.0,436530,-0.5659,-0.275,0.4594,-0.0367,-0.0206,-0.0078,0.0,0.0
1779988770695,1,12.00000018,Upper Delivery,Loading,pitch.0,437389,-0.061,0.0596,0.0414,-0.0884,-0.0304,-0.0012,0.0,0.0
1779988770695,1,Pitching Mound.Delivery,,Loading,pitch.0,436230,-0.6107,-0.2187,0.4799,0.0049,-0.0507,0.159,0.0,0.0
1779988770695,1,Pitching Mound.Delivery,,Loading,pitch.0,436229,-0.627,-0.2165,0.5239,0.0093,-0.0509,0.1626,0.0,0.0
1779988770695,1,Pitching Mound.Drive,,Loading,pitch.0,436796,0.1829,-0.4235,2.6046,0.8089,-3.7852,-0.8551,0.0,0.0
1779988770695,1,Pitching Mound.Parent,,Loading,pitch.0,435850,-0.4441,-0.6401,3.1285,0.8182,-3.8361,-0.6925,0.0,0.0
1779988770696,1,11.0000004b,Drive,Loading,pitch.0,436797,0.2353,-0.427,2.5869,0.7933,-3.7238,-0.8609,0.0,0.0
1779988770696,1,11.0000004b,Drive,Loading,pitch.0,436798,0.2766,-0.4439,2.6624,0.7761,-3.696,-0.824,0.0,0.0
1779988770696,1,12.00000018,Upper Delivery,Loading,pitch.0,437390,-0.0565,0.0653,0.0567,-0.0884,-0.0304,-0.0012,0.0,0.0
1779988770696,1,Pitching Mound.Drive,,Loading,pitch.0,436797,0.2353,-0.427,2.5869,0.7933,-3.7238,-0.8609,0.0,0.0
1779988770696,1,Pitching Mound.Drive,,Loading,pitch.0,436798,0.2766,-0.4439,2.6624,0.7761,-3.696,-0.824,0.0,0.0
1779988770696,1,Pitching Mound.Parent,,Loading,pitch.0,435851,-0.3754,-0.6456,3.0667,0.7981,-3.7745,-0.7019,0.0,0.0
1779988770697,1,12.00000015,Lower Delivery,Loading,pitch.0,436532,-0.5577,-0.2513,0.4706,-0.0363,-0.0184,-0.0082,0.0,0.0
1779988770697,1,12.00000015,Lower Delivery,Loading,pitch.0,436533,-0.5342,-0.236,0.4481,-0.0588,-0.0244,-0.0075,0.0,0.0
1779988770697,1,12.00000018,Upper Delivery,Loading,pitch.0,437391,-0.0529,0.0667,0.0529,-0.0884,-0.0304,-0.0012,0.0,0.0
1779988770697,1,Pitching Mound.Delivery,,Loading,pitch.0,436231,-0.6141,-0.186,0.5273,0.016,-0.0487,0.161,0.0,0.0
1779988770697,1,Pitching Mound.Delivery,,Loading,pitch.0,436232,-0.5872,-0.1693,0.501,-0.0128,-0.0547,0.1549,0.0,0.0
1779988770697,1,Pitching Mound.Parent,,Loading,pitch.0,435852,-0.3375,-0.6299,3.1897,0.7921,-3.7447,-0.663,0.0,0.0
1779988770698,1,11.0000004b,Drive,Loading,pitch.0,436799,0.2646,-0.4559,2.7289,0.85,-3.6313,-0.8211,0.0,0.0
1779988770698,1,12.00000018,Upper Delivery,Loading,pitch.0,437392,-0.0506,0.0629,0.0364,-0.0884,-0.0304,-0.0012,0.0,0.0
1779988770698,1,Pitching Mound.Drive,,Loading,pitch.0,436799,0.2646,-0.4559,2.7289,0.85,-3.6313,-0.8211,0.0,0.0
1779988770698,1,Pitching Mound.Parent,,Loading,pitch.0,435853,-0.3225,-0.6252,3.2299,0.8372,-3.686,-0.6662,0.0,0.0
1779988770699,1,11.0000004b,Drive,Loading,pitch.0,436800,0.2729,-0.4784,2.7019,0.8532,-3.5518,-0.8055,0.0,0.0
1779988770699,1,12.00000015,Lower Delivery,Loading,pitch.0,436534,-0.4693,-0.2189,0.3898,-0.0573,-0.016,-0.0081,0.0,0.0
1779988770699,1,12.00000018,Upper Delivery,Loading,pitch.0,437393,-0.0589,0.0503,0.0021,-0.0884,-0.0304,-0.0012,0.0,0.0
1779988770699,1,Pitching Mound.Delivery,,Loading,pitch.0,436233,-0.5199,-0.1559,0.4263,-0.0256,-0.0463,0.1331,0.0,0.0
1779988770699,1,Pitching Mound.Drive,,Loading,pitch.0,436800,0.2729,-0.4784,2.7019,0.8532,-3.5518,-0.8055,0.0,0.0
1779988770699,1,Pitching Mound.Parent,,Loading,pitch.0,435854,-0.247,-0.6343,3.1282,0.8277,-3.5981,-0.6724,0.0,0.0
1779988770700,1,11.0000004b,Drive,Loading,pitch.0,436801,0.2909,-0.4643,2.7437,0.8722,-3.4481,-0.7964,0.0,0.0
1779988770700,1,11.0000004b,Drive,Loading,pitch.0,436802,0.3122,-0.4688,2.7837,0.8372,-3.3487,-0.7764,0.0,0.0
1779988770700,1,12.00000015,Lower Delivery,Loading,pitch.0,436535,-0.4455,-0.2685,0.3322,-0.0547,-0.0137,-0.0077,0.0,0.0
1779988770700,1,12.00000018,Upper Delivery,Loading,pitch.0,437394,-0.0547,0.0565,0.0116,-0.0884,-0.0304,-0.0012,0.0,0.0
1779988770700,1,Pitching Mound.Delivery,,Loading,pitch.0,436234,-0.5044,-0.2182,0.3343,-0.0308,-0.0441,0.1225,0.0,0.0
1779988770700,1,Pitching Mound.Drive,,Loading,pitch.0,436801,0.2909,-0.4643,2.7437,0.8722,-3.4481,-0.7964,0.0,0.0
1779988770700,1,Pitching Mound.Drive,,Loading,pitch.0,436802,0.3122,-0.4688,2.7837,0.8372,-3.3487,-0.7764,0.0,0.0
1779988770700,1,Pitching Mound.Parent,,Loading,pitch.0,435855,-0.2135,-0.6825,3.078,0.8413,-3.4922,-0.6739,0.0,0.0
1779988770701,1,12.00000015,Lower Delivery,Loading,pitch.0,436536,-0.4723,-0.2483,0.3774,-0.042,-0.0103,-0.0075,0.0,0.0
1779988770701,1,12.00000018,Upper Delivery,Loading,pitch.0,437395,-0.0568,0.0514,0.0212,-0.0884,-0.0304,-0.0012,0.0,0.0
1779988770701,1,Pitching Mound.Delivery,,Loading,pitch.0,436235,-0.527,-0.1917,0.389,-0.0059,-0.0407,0.1333,0.0,0.0
1779988770701,1,Pitching Mound.Parent,,Loading,pitch.0,435856,-0.2147,-0.6605,3.1727,0.8313,-3.3893,-0.6431,0.0,0.0
1779988770702,1,11.0000004b,Drive,Loading,pitch.0,436803,0.3207,-0.4819,2.8121,0.8637,-3.3017,-0.8022,0.0,0.0
1779988770702,1,11.0000004b,Drive,Loading,pitch.0,436804,0.3439,-0.4552,2.7968,0.9089,-3.1892,-0.825,0.0,0.0
1779988770702,1,12.00000015,Lower Delivery,Loading,pitch.0,436538,-0.5402,-0.2796,0.4464,-0.0304,-0.0041,-0.0072,0.0,0.0
1779988770702,1,12.00000015,Lower Delivery,Loading,pitch.0,436537,-0.4754,-0.2426,0.3876,-0.0349,-0.0046,-0.0083,0.0,0.0
1779988770702,1,12.00000018,Upper Delivery,Loading,pitch.0,437396,-0.0574,0.0478,0.0158,-0.0884,-0.0304,-0.0012,0.0,0.0
1779988770702,1,Pitching Mound.Delivery,,Loading,pitch.0,436236,-0.5322,-0.1912,0.4088,0.0013,-0.035,0.1328,0.0,0.0
1779988770702,1,Pitching Mound.Delivery,,Loading,pitch.0,436237,-0.5976,-0.2317,0.4621,0.0277,-0.0345,0.1557,0.0,0.0
1779988770702,1,Pitching Mound.Drive,,Loading,pitch.0,436803,0.3207,-0.4819,2.8121,0.8637,-3.3017,-0.8022,0.0,0.0
1779988770702,1,Pitching Mound.Drive,,Loading,pitch.0,436804,0.3439,-0.4552,2.7968,0.9089,-3.1892,-0.825,0.0,0.0
1779988770702,1,Pitching Mound.Parent,,Loading,pitch.0,435857,-0.2115,-0.6731,3.2208,0.865,-3.3367,-0.6694,0.0,0.0
1779988770702,1,Pitching Mound.Parent,,Loading,pitch.0,435858,-0.2537,-0.6869,3.2589,0.9366,-3.2237,-0.6693,0.0,0.0
1779988770703,1,12.00000015,Lower Delivery,Loading,pitch.0,436539,-0.4988,-0.2816,0.4023,-0.0277,0.0002,-0.0075,0.0,0.0
1779988770703,1,12.00000018,Upper Delivery,Loading,pitch.0,437397,-0.0565,0.0509,0.0219,-0.0884,-0.0304,-0.0012,0.0,0.0
1779988770703,1,Pitching Mound.Delivery,,Loading,pitch.0,436238,-0.5554,-0.2307,0.4242,0.0133,-0.0301,0.1417,0.0,0.0
1779988770704,1,11.0000004b,Drive,Loading,pitch.0,436805,0.3816,-0.4305,2.6982,0.9119,-3.0798,-0.8616,0.0,0.0
1779988770704,1,11.0000004b,Drive,Loading,pitch.0,436806,0.4246,-0.4293,2.6446,0.9475,-3.2047,-0.8936,0.0,0.0
1779988770704,1,12.00000015,Lower Delivery,Loading,pitch.0,436540,-0.4538,-0.2904,0.3564,-0.0162,0.0026,-0.0059,0.0,0.0
1779988770704,1,12.00000018,Upper Delivery,Loading,pitch.0,437398,-0.0569,0.0433,0.0118,-0.0884,-0.0304,-0.0012,0.0,0.0
1779988770704,1,Pitching Mound.Delivery,,Loading,pitch.0,436239,-0.5107,-0.2471,0.3682,0.0126,-0.0278,0.1278,0.0,0.0
1779988770704,1,Pitching Mound.Drive,,Loading,pitch.0,436805,0.3816,-0.4305,2.6982,0.9119,-3.0798,-0.8616,0.0,0.0
1779988770704,1,Pitching Mound.Drive,,Loading,pitch.0,436806,0.4246,-0.4293,2.6446,0.9475,-3.2047,-0.8936,0.0,0.0
1779988770704,1,Pitching Mound.Parent,,Loading,pitch.0,435859,-0.1738,-0.6612,3.1224,0.9252,-3.1099,-0.7199,0.0,0.0
1779988770704,1,Pitching Mound.Parent,,Loading,pitch.0,435860,-0.0861,-0.6764,3.0128,0.9601,-3.2325,-0.7658,0.0,0.0
1779988770705,1,12.00000015,Lower Delivery,Loading,pitch.0,436541,-0.4883,-0.2992,0.3954,-0.0182,0.0048,-0.004,0.0,0.0
1779988770705,1,12.00000018,Upper Delivery,Loading,pitch.0,437399,-0.0617,0.0447,0.0286,-0.0884,-0.0304,-0.0012,0.0,0.0
1779988770705,1,Pitching Mound.Delivery,,Loading,pitch.0,436240,-0.55,-0.2545,0.424,0.0181,-0.0256,0.1398,0.0,0.0
1779988770706,1,11.0000004b,Drive,Loading,pitch.0,436807,0.4836,-0.4178,2.5913,1.0181,-3.2502,-0.9676,0.0,0.0
1779988770706,1,11.0000004b,Drive,Loading,pitch.0,436808,0.515,-0.3939,2.4122,1.0461,-3.2867,-1.0046,0.0,0.0
1779988770706,1,12.00000018,Upper Delivery,Loading,pitch.0,437400,-0.059,0.0419,0.0179,-0.0884,-0.0304,-0.0012,0.0,0.0
1779988770706,1,Pitching Mound.Drive,,Loading,pitch.0,436807,0.4836,-0.4178,2.5913,1.0181,-3.2502,-0.9676,0.0,0.0
1779988770706,1,Pitching Mound.Drive,,Loading,pitch.0,436808,0.515,-0.3939,2.4122,1.0461,-3.2867,-1.0046,0.0,0.0
1779988770706,1,Pitching Mound.Parent,,Loading,pitch.0,435861,-0.0664,-0.6723,3.0153,1.0362,-3.2758,-0.8278,0.0,0.0
1779988770707,1,11.0000004b,Drive,Loading,pitch.0,436809,0.5783,-0.3969,2.4683,1.1324,-3.379,-1.0713,0.0,0.0
1779988770707,1,12.00000015,Lower Delivery,Loading,pitch.0,436542,-0.4887,-0.2978,0.3951,-0.0231,0.0032,-0.0036,0.0,0.0
1779988770707,1,12.00000015,Lower Delivery,Loading,pitch.0,436543,-0.5216,-0.2659,0.4471,-0.0422,0.0042,-0.002,0.0,0.0
1779988770707,1,12.00000018,Upper Delivery,Loading,pitch.0,437401,-0.0606,0.044,0.0193,-0.0884,-0.0304,-0.0012,0.0,0.0
1779988770707,1,Pitching Mound.Delivery,,Loading,pitch.0,436241,-0.5477,-0.2559,0.413,0.0168,-0.0271,0.1413,0.0,0.0
1779988770707,1,Pitching Mound.Delivery,,Loading,pitch.0,436242,-0.5822,-0.2218,0.4664,0.0148,-0.0262,0.1535,0.0,0.0
1779988770707,1,Pitching Mound.Drive,,Loading,pitch.0,436809,0.5783,-0.3969,2.4683,1.1324,-3.379,-1.0713,0.0,0.0
1779988770707,1,Pitching Mound.Parent,,Loading,pitch.0,435862,-0.0327,-0.6497,2.8253,1.063,-3.3138,-0.8632,0.0,0.0
1779988770707,1,Pitching Mound.Parent,,Loading,pitch.0,435863,-0.004,-0.6188,2.9347,1.1472,-3.4052,-0.9178,0.0,0.0
1779988770708,1,12.00000018,Upper Delivery,Loading,pitch.0,437402,-0.0576,0.0417,0.0168,-0.0884,-0.0304,-0.0012,0.0,0.0
1779988770709,1,11.0000004b,Drive,Loading,pitch.0,436810,0.6765,-0.413,2.3931,1.1753,-3.5395,-1.0838,0.0,0.0
1779988770709,1,12.00000015,Lower Delivery,Loading,pitch.0,436544,-0.5602,-0.2759,0.4828,-0.0358,0.0002,-0.0027,0.0,0.0
1779988770709,1,12.00000018,Upper Delivery,Loading,pitch.0,437403,-0.0604,0.0413,0.0208,-0.0884,-0.0304,-0.0012,0.0,0.0
1779988770709,1,Pitching Mound.Delivery,,Loading,pitch.0,436243,-0.6178,-0.2343,0.4996,0.0343,-0.0301,0.1669,0.0,0.0
1779988770709,1,Pitching Mound.Drive,,Loading,pitch.0,436810,0.6765,-0.413,2.3931,1.1753,-3.5395,-1.0838,0.0,0.0
1779988770709,1,Pitching Mound.Parent,,Loading,pitch.0,435864,0.0587,-0.6473,2.8926,1.2095,-3.5696,-0.9169,0.0,0.0
1779988770710,1,11.0000004b,Drive,Loading,pitch.0,436812,0.803,-0.4551,2.5965,1.2996,-3.6341,-1.1911,0.0,0.0
1779988770710,1,11.0000004b,Drive,Loading,pitch.0,436811,0.7284,-0.4433,2.5054,1.2688,-3.6256,-1.1654,0.0,0.0
1779988770710,1,12.00000015,Lower Delivery,Loading,pitch.0,436546,-0.6498,-0.2509,0.5907,-0.0465,0.0014,-0.0002,0.0,0.0
1779988770710,1,12.00000015,Lower Delivery,Loading,pitch.0,436545,-0.5737,-0.2456,0.519,-0.0485,0.0052,0.0,0.0,0.0
1779988770710,1,12.00000018,Upper Delivery,Loading,pitch.0,437404,-0.0607,0.0457,0.0243,-0.0884,-0.0304,-0.0012,0.0,0.0
1779988770710,1,Pitching Mound.Delivery,,Loading,pitch.0,436245,-0.7105,-0.2052,0.615,0.0577,-0.029,0.1989,0.0,0.0
1779988770710,1,Pitching Mound.Delivery,,Loading,pitch.0,436244,-0.6341,-0.2043,0.5398,0.0325,-0.0252,0.1734,0.0,0.0
1779988770710,1,Pitching Mound.Drive,,Loading,pitch.0,436812,0.803,-0.4551,2.5965,1.2996,-3.6341,-1.1911,0.0,0.0
1779988770710,1,Pitching Mound.Drive,,Loading,pitch.0,436811,0.7284,-0.4433,2.5054,1.2688,-3.6256,-1.1654,0.0,0.0
1779988770710,1,Pitching Mound.Parent,,Loading,pitch.0,435866,0.0925,-0.6603,3.2115,1.3573,-3.663,-0.9922,0.0,0.0
1779988770710,1,Pitching Mound.Parent,,Loading,pitch.0,435865,0.0943,-0.6476,3.0452,1.3013,-3.6508,-0.992,0.0,0.0
1779988770711,1,11.0000004b,Drive,Loading,pitch.0,436813,0.8672,-0.48,2.7154,1.3981,-3.6822,-1.2265,0.0,0.0
1779988770711,1,12.00000015,Lower Delivery,Loading,pitch.0,436547,-0.6442,-0.2476,0.5857,-0.0518,0.0068,0.0,0.0,0.0
1779988770711,1,12.00000018,Upper Delivery,Loading,pitch.0,437405,-0.0592,0.0429,0.0111,-0.0884,-0.0304,-0.0012,0.0,0.0
1779988770711,1,Pitching Mound.Delivery,,Loading,pitch.0,436246,-0.7034,-0.2047,0.5968,0.0552,-0.0236,0.1977,0.0,0.0
1779988770711,1,Pitching Mound.Drive,,Loading,pitch.0,436813,0.8672,-0.48,2.7154,1.3981,-3.6822,-1.2265,0.0,0.0
1779988770711,1,Pitching Mound.Parent,,Loading,pitch.0,435867,0.1638,-0.6847,3.3122,1.4533,-3.7058,-1.0288,0.0,0.0
1779988770712,1,11.0000004b,Drive,Loading,pitch.0,436814,0.9348,-0.5069,2.8878,1.4543,-3.6137,-1.251,0.0,0.0
1779988770712,1,12.00000015,Lower Delivery,Loading,pitch.0,436548,-0.6621,-0.2267,0.6107,-0.0718,-0.0039,0.0007,0.0,0.0
1779988770712,1,12.00000018,Upper Delivery,Loading,pitch.0,437406,-0.0609,0.0485,0.0276,-0.0884,-0.0304,-0.0012,0.0,0.0
1779988770712,1,Pitching Mound.Delivery,,Loading,pitch.0,436247,-0.7229,-0.1782,0.6383,0.0381,-0.0343,0.2039,0.0,0.0
1779988770712,1,Pitching Mound.Drive,,Loading,pitch.0,436814,0.9348,-0.5069,2.8878,1.4543,-3.6137,-1.251,0.0,0.0
1779988770712,1,Pitching Mound.Parent,,Loading,pitch.0,435868,0.2119,-0.685,3.5262,1.4924,-3.648,-1.047,0.0,0.0
1779988770713,1,11.0000004b,Drive,Loading,pitch.0,436815,0.984,-0.5458,2.9408,1.4075,-3.7351,-1.2975,0.0,0.0
1779988770713,1,12.00000015,Lower Delivery,Loading,pitch.0,436549,-0.6846,-0.2377,0.642,-0.0531,0.0037,0.0002,0.0,0.0
1779988770713,1,12.00000018,Upper Delivery,Loading,pitch.0,437407,-0.0645,0.0469,0.0362,-0.0884,-0.0304,-0.0012,0.0,0.0
1779988770713,1,Pitching Mound.Delivery,,Loading,pitch.0,436248,-0.7491,-0.1908,0.6782,0.0645,-0.0266,0.2098,0.0,0.0
1779988770713,1,Pitching Mound.Drive,,Loading,pitch.0,436815,0.984,-0.5458,2.9408,1.4075,-3.7351,-1.2975,0.0,0.0
1779988770713,1,Pitching Mound.Parent,,Loading,pitch.0,435869,0.2349,-0.7366,3.6191,1.472,-3.7617,-1.0877,0.0,0.0
1779988770714,1,11.0000004b,Drive,Loading,pitch.0,436816,1.0435,-0.5749,3.1849,1.3925,-3.7988,-1.3194,0.1588,0.0582
1779988770714,1,12.00000015,Lower Delivery,Loading,pitch.0,436550,-0.6864,-0.2516,0.6398,-0.0493,0.0096,0.0013,0.0,0.0
1779988770714,1,12.00000018,Upper Delivery,Loading,pitch.0,437408,-0.0677,0.0454,0.0462,-0.0884,-0.0304,-0.0012,0.0,0.0
1779988770714,1,Pitching Mound.Delivery,,Loading,pitch.0,436249,-0.7541,-0.2063,0.686,0.0641,-0.0207,0.2105,0.0,0.0
1779988770714,1,Pitching Mound.Drive,,Loading,pitch.0,436816,1.0435,-0.5749,3.1849,1.3925,-3.7988,-1.3194,0.1588,0.0582
1779988770714,1,Pitching Mound.Parent,,Loading,pitch.0,435870,0.2894,-0.7811,3.8709,1.4566,-3.8195,-1.1089,0.0,0.0
1779988770715,1,11.0000004b,Drive,Loading,pitch.0,436817,1.0964,-0.6047,3.3651,1.4006,-3.8069,-1.3213,0.1506,0.0554
1779988770715,1,12.00000015,Lower Delivery,Loading,pitch.0,436551,-0.7241,-0.2874,0.671,-0.0534,0.0053,-0.002,0.0,0.0
1779988770715,1,12.00000018,Upper Delivery,Loading,pitch.0,437409,-0.0705,0.0467,0.0448,-0.0884,-0.0304,-0.0012,0.0,0.0
1779988770715,1,Pitching Mound.Delivery,,Loading,pitch.0,436250,-0.7945,-0.2407,0.7159,0.0712,-0.0251,0.2191,0.0,0.0
1779988770715,1,Pitching Mound.Drive,,Loading,pitch.0,436817,1.0964,-0.6047,3.3651,1.4006,-3.8069,-1.3213,0.1506,0.0554
1779988770715,1,Pitching Mound.Parent,,Loading,pitch.0,435871,0.3018,-0.8454,4.081,1.4717,-3.832,-1.1023,0.0,0.0
1779988770716,1,11.0000004b,Drive,Loading,pitch.0,436818,1.1466,-0.6358,3.644,1.4251,-3.8867,-1.3045,0.142,0.0521
1779988770716,1,12.00000015,Lower Delivery,Loading,pitch.0,436552,-0.71,-0.3114,0.6324,-0.0506,0.006,-0.0013,0.0,0.0
1779988770716,1,12.00000018,Upper Delivery,Loading,pitch.0,437410,-0.0791,0.1105,0.2348,-0.0884,-0.0304,-0.0012,0.0,0.0
1779988770716,1,Pitching Mound.Delivery,,Loading,pitch.0,436251,-0.7891,-0.2009,0.8671,-0.0038,-0.0244,0.212,0.0,0.0
1779988770716,1,Pitching Mound.Drive,,Loading,pitch.0,436818,1.1466,-0.6358,3.644,1.4251,-3.8867,-1.3045,0.142,0.0521
1779988770716,1,Pitching Mound.Parent,,Loading,pitch.0,435872,0.3575,-0.8367,4.5112,1.4214,-3.9111,-1.0925,0.0,0.0
1779988770717,1,11.0000004b,Drive,Loading,pitch.0,436819,1.1869,-0.6594,3.7836,1.4333,-3.9744,-1.3375,0.1398,0.0504
1779988770717,1,12.00000015,Lower Delivery,Loading,pitch.0,436553,-0.7096,-0.3156,0.6208,-0.0449,0.0021,-0.0023,0.0,0.0
1779988770717,1,12.00000018,Upper Delivery,Loading,pitch.0,437411,-0.1645,0.1941,0.6374,-0.0884,-0.0304,-0.0012,0.0,0.0
1779988770717,1,Pitching Mound.Delivery,,Loading,pitch.0,436252,-0.8741,-0.1215,1.2582,-0.1389,-0.0283,0.1818,0.0,0.0
1779988770717,1,Pitching Mound.Drive,,Loading,pitch.0,436819,1.1869,-0.6594,3.7836,1.4333,-3.9744,-1.3375,0.1398,0.0504
1779988770717,1,Pitching Mound.Parent,,Loading,pitch.0,435873,0.3128,-0.7809,5.0418,1.2944,-4.0027,-1.1557,0.0,0.0
1779988770718,1,11.0000004b,Drive,Loading,pitch.0,436820,1.2148,-0.6639,4.0203,1.5595,-3.8641,-1.3228,0.128,0.0516
1779988770718,1,12.00000015,Lower Delivery,Loading,pitch.0,436554,-0.6858,-0.3177,0.5967,-0.0461,0.0,-0.0032,0.0,0.0
1779988770718,1,12.00000018,Upper Delivery,Loading,pitch.0,437412,-0.1711,0.2126,0.6949,-0.0884,-0.0304,-0.0012,0.0,0.0
1779988770718,1,Pitching Mound.Delivery,,Loading,pitch.0,436253,-0.8569,-0.105,1.2916,-0.1678,-0.0304,0.1706,0.0,0.0
1779988770718,1,Pitching Mound.Drive,,Loading,pitch.0,436820,1.2148,-0.6639,4.0203,1.5595,-3.8641,-1.3228,0.128,0.0516
1779988770718,1,Pitching Mound.Parent,,Loading,pitch.0,435874,0.358,-0.769,5.3119,1.3917,-3.8944,-1.1522,0.0,0.0
1779988770719,1,11.0000004b,Drive,Loading,pitch.0,436821,1.1844,-0.6719,4.2053,1.5852,-3.7972,-1.2718,0.1202,0.0502
1779988770719,1,12.00000015,Lower Delivery,Loading,pitch.0,436555,-0.6748,-0.2685,0.5961,-0.0544,-0.0096,-0.0039,0.0,0.0
1779988770719,1,12.00000018,Upper Delivery,Loading,pitch.0,437413,-0.1334,0.2006,0.5908,-0.0884,-0.0304,-0.0012,0.0,0.0
1779988770719,1,Pitching Mound.Delivery,,Loading,pitch.0,436254,-0.8082,-0.0678,1.1869,-0.141,-0.0399,0.179,0.0,0.0
1779988770719,1,Pitching Mound.Drive,,Loading,pitch.0,436821,1.1844,-0.6719,4.2053,1.5852,-3.7972,-1.2718,0.1202,0.0502
1779988770719,1,Pitching Mound.Parent,,Loading,pitch.0,435875,0.3762,-0.7397,5.3922,1.4442,-3.8371,-1.0928,0.0,0.0
1779988770720,1,11.0000004b,Drive,Loading,pitch.0,436822,1.1208,-0.6617,4.4623,1.6409,-3.7448,-1.1764,0.1117,0.049
1779988770720,1,12.00000015,Lower Delivery,Loading,pitch.0,436556,-0.6126,-0.2765,0.5237,-0.0477,-0.012,-0.0046,0.0,0.0
1779988770720,1,12.00000018,Upper Delivery,Loading,pitch.0,437414,-0.1602,0.2259,0.6893,-0.0884,-0.0304,-0.0012,0.0,0.0
1779988770720,1,Pitching Mound.Delivery,,Loading,pitch.0,436255,-0.7728,-0.0506,1.213,-0.1924,-0.0424,0.148,0.0,0.0
1779988770720,1,Pitching Mound.Drive,,Loading,pitch.0,436822,1.1208,-0.6617,4.4623,1.6409,-3.7448,-1.1764,0.1117,0.049
1779988770720,1,Pitching Mound.Parent,,Loading,pitch.0,435876,0.348,-0.7123,5.6753,1.4486,-3.7872,-1.0283,0.0,0.0
1779988770721,1,11.0000004b,Drive,Loading,pitch.0,436823,1.0163,-0.657,4.6656,1.6727,-3.6788,-1.0754,0.105,0.0477
1779988770721,1,12.00000015,Lower Delivery,Loading,pitch.0,436557,-0.636,-0.2444,0.5623,-0.0481,-0.0181,-0.0049,0.0,0.0
1779988770721,1,12.00000018,Upper Delivery,Loading,pitch.0,437415,-0.1001,0.1634,0.4224,-0.0884,-0.0304,-0.0012,0.0,0.0
1779988770721,1,Pitching Mound.Delivery,,Loading,pitch.0,436256,-0.736,-0.081,0.9847,-0.0889,-0.0485,0.1761,0.0,0.0
1779988770721,1,Pitching Mound.Drive,,Loading,pitch.0,436823,1.0163,-0.657,4.6656,1.6727,-3.6788,-1.0754,0.105,0.0477
1779988770721,1,Pitching Mound.Parent,,Loading,pitch.0,435877,0.2803,-0.738,5.6503,1.5837,-3.7273,-0.8993,0.0,0.0
1779988770722,1,11.0000004b,Drive,Loading,pitch.0,436824,0.9184,-0.6471,4.8106,1.7492,-3.6432,-0.9749,0.1008,0.0484
1779988770722,1,12.00000015,Lower Delivery,Loading,pitch.0,436558,-0.6298,-0.2472,0.5547,-0.0494,-0.0194,-0.0063,0.0,0.0
1779988770722,1,12.00000018,Upper Delivery,Loading,pitch.0,437416,-0.0937,0.1948,0.4866,-0.0884,-0.0304,-0.0012,0.0,0.0
1779988770722,1,Pitching Mound.Delivery,,Loading,pitch.0,436257,-0.7235,-0.0524,1.0413,-0.1147,-0.0498,0.1747,0.0,0.0
1779988770722,1,Pitching Mound.Drive,,Loading,pitch.0,436824,0.9184,-0.6471,4.8106,1.7492,-3.6432,-0.9749,0.1008,0.0484
1779988770722,1,Pitching Mound.Parent,,Loading,pitch.0,435878,0.1949,-0.6995,5.8519,1.6346,-3.693,-0.8002,0.0,0.0
1779988770723,1,11.0000004b,Drive,Loading,pitch.0,436825,0.8081,-0.6108,4.9712,1.8678,-3.7905,-0.8529,0.1015,0.05
1779988770723,1,12.00000015,Lower Delivery,Loading,pitch.0,436559,-0.6282,-0.2562,0.5504,-0.0488,-0.0227,-0.0061,0.0,0.0
1779988770723,1,12.00000018,Upper Delivery,Loading,pitch.0,437417,-0.058,0.1637,0.3167,-0.0884,-0.0304,-0.0012,0.0,0.0
1779988770723,1,Pitching Mound.Delivery,,Loading,pitch.0,436258,-0.6863,-0.0925,0.8671,-0.0577,-0.053,0.1865,0.0,0.0
1779988770723,1,Pitching Mound.Drive,,Loading,pitch.0,436825,0.8081,-0.6108,4.9712,1.8678,-3.7905,-0.8529,0.1015,0.05
1779988770723,1,Pitching Mound.Parent,,Loading,pitch.0,435879,0.1218,-0.7033,5.8383,1.8102,-3.8435,-0.6663,0.0,0.0
1779988770724,1,11.0000004b,Drive,Loading,pitch.0,436826,0.667,-0.5565,5.18,1.911,-3.8027,-0.7091,0.0977,0.0491
1779988770724,1,12.00000015,Lower Delivery,Loading,pitch.0,436560,-0.5959,-0.2588,0.5124,-0.0546,-0.0242,-0.0057,0.0,0.0
1779988770724,1,12.00000018,Upper Delivery,Loading,pitch.0,437418,-0.0492,0.1354,0.2326,-0.0884,-0.0304,-0.0012,0.0,0.0
1779988770724,1,Pitching Mound.Delivery,,Loading,pitch.0,436259,-0.6451,-0.1234,0.7451,-0.0478,-0.0546,0.1789,0.0,0.0
1779988770724,1,Pitching Mound.Drive,,Loading,pitch.0,436826,0.667,-0.5565,5.18,1.911,-3.8027,-0.7091,0.0977,0.0491
1779988770724,1,Pitching Mound.Parent,,Loading,pitch.0,435880,0.022,-0.6799,5.925,1.8632,-3.8573,-0.5302,0.0,0.0
1779988770725,1,11.0000004b,Drive,Loading,pitch.0,436827,0.5037,-0.5267,5.4992,1.9305,-3.9408,-0.6231,0.0954,0.0467
1779988770725,1,12.00000015,Lower Delivery,Loading,pitch.0,436561,-0.6102,-0.2789,0.5225,-0.0455,-0.0196,-0.0061,0.0,0.0
1779988770725,1,12.00000018,Upper Delivery,Loading,pitch.0,437419,-0.0615,0.06,0.0621,-0.0884,-0.0304,-0.0012,0.0,0.0
1779988770725,1,Pitching Mound.Delivery,,Loading,pitch.0,436260,-0.6717,-0.2189,0.5846,0.0226,-0.0499,0.1793,0.0,0.0
1779988770725,1,Pitching Mound.Drive,,Loading,pitch.0,436827,0.5037,-0.5267,5.4992,1.9305,-3.9408,-0.6231,0.0954,0.0467
1779988770725,1,Pitching Mound.Parent,,Loading,pitch.0,435881,-0.168,-0.7456,6.0838,1.9532,-3.9907,-0.4438,0.0,0.0
1779988770726,1,11.0000004b,Drive,Loading,pitch.0,436828,0.3649,-0.4652,5.6746,2.0442,-4.0024,-0.5124,0.0939,0.048
1779988770726,1,12.00000015,Lower Delivery,Loading,pitch.0,436562,-0.5601,-0.2495,0.487,-0.0335,-0.0136,-0.0051,0.0,0.0
1779988770726,1,12.00000018,Upper Delivery,Loading,pitch.0,437420,-0.0591,0.0527,0.0382,-0.0884,-0.0304,-0.0012,0.0,0.0
1779988770726,1,Pitching Mound.Delivery,,Loading,pitch.0,436261,-0.6191,-0.1968,0.5251,0.0307,-0.044,0.164,0.0,0.0
1779988770726,1,Pitching Mound.Drive,,Loading,pitch.0,436828,0.3649,-0.4652,5.6746,2.0442,-4.0024,-0.5124,0.0939,0.048
1779988770726,1,Pitching Mound.Parent,,Loading,pitch.0,435882,-0.2542,-0.662,6.1998,2.0749,-4.0464,-0.3484,0.0,0.0
1779988770727,1,11.0000004b,Drive,Loading,pitch.0,436829,0.1996,-0.4079,5.9672,2.1601,-4.152,-0.4185,0.0926,0.0482
1779988770727,1,12.00000015,Lower Delivery,Loading,pitch.0,436563,-0.5204,-0.2581,0.4518,-0.0319,0.0006,-0.0049,0.0,0.0
1779988770727,1,12.00000018,Upper Delivery,Loading,pitch.0,437421,-0.0617,0.0532,0.0371,-0.0884,-0.0304,-0.0012,0.0,0.0
1779988770727,1,Pitching Mound.Delivery,,Loading,pitch.0,436262,-0.5821,-0.2049,0.4889,0.0208,-0.0298,0.1498,0.0,0.0
1779988770727,1,Pitching Mound.Drive,,Loading,pitch.0,436829,0.1996,-0.4079,5.9672,2.1601,-4.152,-0.4185,0.0926,0.0482
1779988770727,1,Pitching Mound.Parent,,Loading,pitch.0,435883,-0.3825,-0.6129,6.4561,2.1809,-4.1817,-0.2687,0.0,0.0
1779988770728,1,11.0000004b,Drive,Loading,pitch.0,436830,0.0365,-0.3614,6.4991,2.4414,-4.1912,-0.3545,0.0859,0.05
1779988770728,1,12.00000015,Lower Delivery,Loading,pitch.0,436564,-0.5043,-0.258,0.4576,-0.0294,0.0015,-0.0026,0.0,0.0
1779988770728,1,12.00000018,Upper Delivery,Loading,pitch.0,437422,-0.0606,0.0574,0.0386,-0.0884,-0.0304,-0.0012,0.0,0.0
1779988770728,1,Pitching Mound.Delivery,,Loading,pitch.0,436263,-0.5649,-0.2006,0.4962,0.0247,-0.0289,0.147,0.0,0.0
1779988770728,1,Pitching Mound.Drive,,Loading,pitch.0,436830,0.0365,-0.3614,6.4991,2.4414,-4.1912,-0.3545,0.0859,0.05
1779988770728,1,Pitching Mound.Parent,,Loading,pitch.0,435884,-0.5284,-0.5619,6.9953,2.4661,-4.2201,-0.2075,0.0,0.0
1779988770729,1,11.0000004b,Drive,Loading,pitch.0,436831,-0.0995,-0.3561,7.0068,2.777,-4.2945,-0.2909,0.0816,0.0528
1779988770729,1,12.00000015,Lower Delivery,Loading,pitch.0,436565,-0.4997,-0.2861,0.4149,-0.0173,0.0002,-0.0042,0.0,0.0
1779988770729,1,12.00000018,Upper Delivery,Loading,pitch.0,437423,-0.06,0.0562,0.0289,-0.0884,-0.0304,-0.0012,0.0,0.0
1779988770729,1,Pitching Mound.Delivery,,Loading,pitch.0,436264,-0.5597,-0.2299,0.4438,0.0256,-0.0301,0.1441,0.0,0.0
1779988770729,1,Pitching Mound.Drive,,Loading,pitch.0,436831,-0.0995,-0.3561,7.0068,2.777,-4.2945,-0.2909,0.0816,0.0528
1779988770729,1,Pitching Mound.Parent,,Loading,pitch.0,435885,-0.6592,-0.586,7.4506,2.8026,-4.3247,-0.1469,0.0,0.0
1779988770730,1,11.0000004b,Drive,Loading,pitch.0,436832,-0.2344,-0.3055,7.8139,3.1162,-4.259,-0.2345,0.0726,0.0531
1779988770730,1,12.00000015,Lower Delivery,Loading,pitch.0,436566,-0.4468,-0.2979,0.394,-0.0175,0.0032,-0.0024,0.0,0.0
1779988770730,1,12.00000018,Upper Delivery,Loading,pitch.0,437424,-0.0641,0.0535,0.0396,-0.0884,-0.0304,-0.0012,0.0,0.0
1779988770730,1,Pitching Mound.Delivery,,Loading,pitch.0,436265,-0.5109,-0.2444,0.4336,0.0146,-0.0272,0.1265,0.0,0.0
1779988770730,1,Pitching Mound.Drive,,Loading,pitch.0,436832,-0.2344,-0.3055,7.8139,3.1162,-4.259,-0.2345,0.0726,0.0531
1779988770730,1,Pitching Mound.Parent,,Loading,pitch.0,435886,-0.7453,-0.5499,8.2475,3.1308,-4.2862,-0.108,0.0,0.0
1779988770731,1,11.0000004b,Drive,Loading,pitch.0,436833,-0.375,-0.2562,8.7772,3.6811,-4.0403,-0.1282,0.0613,0.0558
1779988770731,1,12.00000015,Lower Delivery,Loading,pitch.0,436567,-0.4269,-0.2845,0.3362,-0.0096,-0.0051,-0.0048,0.0,0.0
1779988770731,1,12.00000018,Upper Delivery,Loading,pitch.0,437425,-0.0647,0.0516,0.0323,-0.0884,-0.0304,-0.0012,0.0,0.0
1779988770731,1,Pitching Mound.Delivery,,Loading,pitch.0,436266,-0.4916,-0.2328,0.3685,0.0053,-0.0355,0.1171,0.0,0.0
1779988770731,1,Pitching Mound.Drive,,Loading,pitch.0,436833,-0.375,-0.2562,8.7772,3.6811,-4.0403,-0.1282,0.0613,0.0558
1779988770731,1,Pitching Mound.Parent,,Loading,pitch.0,435887,-0.8666,-0.489,9.1457,3.6864,-4.0757,-0.011,0.0,0.0
1779988770732,1,11.0000004b,Drive,Loading,pitch.0,436834,-0.4863,-0.2094,9.5836,3.9467,-4.1915,-0.0548,0.0582,0.0548
1779988770732,1,12.00000015,Lower Delivery,Loading,pitch.0,436568,-0.4081,-0.2723,0.3179,-0.0002,-0.007,-0.0042,0.0,0.0
1779988770732,1,12.00000018,Upper Delivery,Loading,pitch.0,437426,-0.0665,0.0486,0.0277,-0.0884,-0.0304,-0.0012,0.0,0.0
1779988770732,1,Pitching Mound.Delivery,,Loading,pitch.0,436267,-0.4745,-0.2237,0.3456,0.0101,-0.0374,0.1107,0.0,0.0
1779988770732,1,Pitching Mound.Drive,,Loading,pitch.0,436834,-0.4863,-0.2094,9.5836,3.9467,-4.1915,-0.0548,0.0582,0.0548
1779988770732,1,Pitching Mound.Parent,,Loading,pitch.0,435888,-0.9608,-0.4331,9.9292,3.9568,-4.2289,0.0559,0.0,0.0
1779988770733,1,11.0000004b,Drive,Loading,pitch.0,436835,-0.6131,-0.2228,10.1857,4.2516,-4.477,-0.0147,0.0585,0.0556
1779988770733,1,12.00000015,Lower Delivery,Loading,pitch.0,436569,-0.4276,-0.2682,0.3392,0.0,-0.0084,-0.005,0.0,0.0
1779988770733,1,12.00000018,Upper Delivery,Loading,pitch.0,437427,-0.0683,0.0472,0.0288,-0.0884,-0.0304,-0.0012,0.0,0.0
1779988770733,1,Pitching Mound.Delivery,,Loading,pitch.0,436268,-0.4958,-0.221,0.368,0.0172,-0.0388,0.116,0.0,0.0
1779988770733,1,Pitching Mound.Drive,,Loading,pitch.0,436835,-0.6131,-0.2228,10.1857,4.2516,-4.477,-0.0147,0.0585,0.0556
1779988770733,1,Pitching Mound.Parent,,Loading,pitch.0,435889,-1.109,-0.4437,10.5537,4.2687,-4.5158,0.1013,0.0,0.0
1779988770734,1,11.0000004b,Drive,Loading,pitch.0,436836,-0.6912,-0.1682,11.0576,4.8317,-4.9765,0.0646,0.0599,0.0582
1779988770734,1,12.00000015,Lower Delivery,Loading,pitch.0,436570,-0.4313,-0.2743,0.3357,0.0084,-0.0059,-0.0054,0.0,0.0
1779988770734,1,12.00000018,Upper Delivery,Loading,pitch.0,437428,-0.065,0.044,0.0196,-0.0884,-0.0304,-0.0012,0.0,0.0
1779988770734,1,Pitching Mound.Delivery,,Loading,pitch.0,436269,-0.4962,-0.2303,0.3553,0.0275,-0.0363,0.1179,0.0,0.0
1779988770734,1,Pitching Mound.Drive,,Loading,pitch.0,436836,-0.6912,-0.1682,11.0576,4.8317,-4.9765,0.0646,0.0599,0.0582
1779988770734,1,Pitching Mound.Parent,,Loading,pitch.0,435890,-1.1874,-0.3985,11.4129,4.8592,-5.0128,0.1825,0.0,0.0
1779988770735,1,11.0000004b,Drive,Loading,pitch.0,436837,-0.8066,-0.1445,11.7279,5.3437,-5.3078,0.1895,0.0602,0.0607
1779988770735,1,12.00000015,Lower Delivery,Loading,pitch.0,436571,-0.4804,-0.2827,0.3812,0.0168,-0.0033,-0.0034,0.0,0.0
1779988770735,1,12.00000018,Upper Delivery,Loading,pitch.0,437429,-0.0643,0.0461,0.0076,-0.0884,-0.0304,-0.0012,0.0,0.0
1779988770735,1,Pitching Mound.Delivery,,Loading,pitch.0,436270,-0.5448,-0.2366,0.3888,0.0554,-0.0337,0.1369,0.0,0.0
1779988770735,1,Pitching Mound.Drive,,Loading,pitch.0,436837,-0.8066,-0.1445,11.7279,5.3437,-5.3078,0.1895,0.0602,0.0607
1779988770735,1,Pitching Mound.Parent,,Loading,pitch.0,435891,-1.3514,-0.3811,12.1168,5.3991,-5.3414,0.3264,0.0,0.0
1779988770736,1,11.0000004b,Drive,Loading,pitch.0,436838,-0.933,-0.0969,12.4956,5.905,-5.579,0.3507,0.0594,0.0629
1779988770736,1,12.00000015,Lower Delivery,Loading,pitch.0,436572,-0.49,-0.2516,0.404,0.0027,-0.0118,-0.0039,0.0,0.0
1779988770736,1,12.00000018,Upper Delivery,Loading,pitch.0,437430,-0.0656,0.0494,0.017,-0.0884,-0.0304,-0.0012,0.0,0.0
1779988770736,1,Pitching Mound.Delivery,,Loading,pitch.0,436271,-0.5556,-0.2023,0.421,0.0459,-0.0421,0.1392,0.0,0.0
1779988770736,1,Pitching Mound.Drive,,Loading,pitch.0,436838,-0.933,-0.0969,12.4956,5.905,-5.579,0.3507,0.0594,0.0629
1779988770736,1,Pitching Mound.Parent,,Loading,pitch.0,435892,-1.4886,-0.2991,12.9165,5.9509,-5.6212,0.4899,0.0,0.0
1779988770737,1,11.0000004b,Drive,Loading,pitch.0,436839,-1.0493,-0.0591,13.2499,6.5559,-5.7175,0.5151,0.0574,0.0659
1779988770737,1,12.00000015,Lower Delivery,Loading,pitch.0,436573,-0.5075,-0.2798,0.4107,-0.0139,-0.0133,-0.0047,0.0,0.0
1779988770737,1,12.00000018,Upper Delivery,Loading,pitch.0,437431,-0.0662,0.0489,0.0133,-0.0884,-0.0304,-0.0012,0.0,0.0
1779988770737,1,Pitching Mound.Delivery,,Loading,pitch.0,436272,-0.5736,-0.231,0.4239,0.0328,-0.0437,0.1442,0.0,0.0
1779988770737,1,Pitching Mound.Drive,,Loading,pitch.0,436839,-1.0493,-0.0591,13.2499,6.5559,-5.7175,0.5151,0.0574,0.0659
1779988770737,1,Pitching Mound.Parent,,Loading,pitch.0,435893,-1.6229,-0.2901,13.6738,6.5887,-5.7611,0.6593,0.0,0.0
1779988770738,1,11.0000004b,Drive,Loading,pitch.0,436840,-1.1886,-0.0091,13.9855,7.0893,-5.8361,0.7465,0.0556,0.0675
1779988770738,1,12.00000015,Lower Delivery,Loading,pitch.0,436574,-0.5557,-0.2744,0.4616,-0.0158,-0.0167,-0.0044,0.0,0.0
1779988770738,1,12.00000018,Upper Delivery,Loading,pitch.0,437432,-0.0632,0.0491,0.0172,-0.0884,-0.0304,-0.0012,0.0,0.0
1779988770738,1,Pitching Mound.Delivery,,Loading,pitch.0,436273,-0.6189,-0.2253,0.4788,0.047,-0.0471,0.1618,0.0,0.0
1779988770738,1,Pitching Mound.Drive,,Loading,pitch.0,436840,-1.1886,-0.0091,13.9855,7.0893,-5.8361,0.7465,0.0556,0.0675
1779988770738,1,Pitching Mound.Parent,,Loading,pitch.0,435894,-1.8075,-0.2344,14.4643,7.1363,-5.8832,0.9084,0.0,0.0
1779988770739,1,11.0000004b,Drive,Loading,pitch.0,436841,-1.3031,0.0203,14.3647,7.4091,-5.8773,0.8998,0.0545,0.0687
1779988770739,1,12.00000015,Lower Delivery,Loading,pitch.0,436575,-0.5772,-0.2971,0.4727,-0.0239,-0.0147,-0.0072,0.0,0.0
1779988770739,1,12.00000018,Upper Delivery,Loading,pitch.0,437433,-0.0607,0.0479,0.0059,-0.0884,-0.0304,-0.0012,0.0,0.0
1779988770739,1,Pitching Mound.Delivery,,Loading,pitch.0,436274,-0.6378,-0.2492,0.4786,0.0464,-0.0451,0.1672,0.0,0.0
1779988770739,1,Pitching Mound.Drive,,Loading,pitch.0,436841,-1.3031,0.0203,14.3647,7.4091,-5.8773,0.8998,0.0545,0.0687
1779988770739,1,Pitching Mound.Parent,,Loading,pitch.0,435895,-1.941,-0.2289,14.8433,7.4555,-5.9224,1.067,0.0,0.0
1779988770740,1,11.0000004b,Drive,Loading,pitch.0,436842,-1.4467,0.098,14.87,7.8897,-6.2258,1.0941,0.0557,0.0706
1779988770740,1,12.00000015,Lower Delivery,Loading,pitch.0,436576,-0.6044,-0.2952,0.5133,-0.0232,-0.0103,-0.0082,0.0,0.0
1779988770740,1,12.00000018,Upper Delivery,Loading,pitch.0,437434,-0.0582,0.0481,-0.0035,-0.0884,-0.0304,-0.0012,0.0,0.0
1779988770740,1,Pitching Mound.Delivery,,Loading,pitch.0,436275,-0.6625,-0.2471,0.5099,0.0641,-0.0406,0.1763,0.0,0.0
1779988770740,1,Pitching Mound.Drive,,Loading,pitch.0,436842,-1.4467,0.098,14.87,7.8897,-6.2258,1.0941,0.0557,0.0706
1779988770740,1,Pitching Mound.Parent,,Loading,pitch.0,435896,-2.1093,-0.1491,15.3798,7.9539,-6.2664,1.2705,0.0,0.0
1779988770741,1,11.0000004b,Drive,Loading,pitch.0,436843,-1.5063,0.2174,16.0303,9.4385,-6.3882,1.2565,0.0531,0.0784
1779988770741,1,12.00000015,Lower Delivery,Loading,pitch.0,436577,-0.5902,-0.2771,0.5095,-0.0334,-0.0097,-0.006,0.0,0.0
1779988770741,1,12.00000018,Upper Delivery,Loading,pitch.0,437435,-0.0565,0.0432,-0.0067,-0.0884,-0.0304,-0.0012,0.0,0.0
1779988770741,1,Pitching Mound.Delivery,,Loading,pitch.0,436276,-0.6466,-0.2339,0.5029,0.0538,-0.04,0.1742,0.0,0.0
1779988770741,1,Pitching Mound.Drive,,Loading,pitch.0,436843,-1.5063,0.2174,16.0303,9.4385,-6.3882,1.2565,0.0531,0.0784
1779988770741,1,Pitching Mound.Parent,,Loading,pitch.0,435897,-2.1529,-0.0165,16.5332,9.4923,-6.4283,1.4307,0.0,0.0
1779988770742,1,11.0000004b,Drive,Loading,pitch.0,436844,-1.6718,0.2626,16.7446,9.9053,-5.8922,1.4544,0.0468,0.0788
1779988770742,1,12.00000015,Lower Delivery,Loading,pitch.0,436578,-0.588,-0.2844,0.5247,-0.0339,-0.0051,-0.0049,0.0,0.0
1779988770742,1,12.00000018,Upper Delivery,Loading,pitch.0,437436,-0.0608,0.0443,0.0129,-0.0884,-0.0304,-0.0012,0.0,0.0
1779988770742,1,Pitching Mound.Delivery,,Loading,pitch.0,436277,-0.6488,-0.2401,0.5376,0.0518,-0.0354,0.1731,0.0,0.0
1779988770742,1,Pitching Mound.Drive,,Loading,pitch.0,436844,-1.6718,0.2626,16.7446,9.9053,-5.8922,1.4544,0.0468,0.0788
1779988770742,1,Pitching Mound.Parent,,Loading,pitch.0,435898,-2.3206,0.0225,17.2822,9.957,-5.9276,1.6275,0.0,0.0
1779988770743,1,11.0000004b,Drive,Loading,pitch.0,436845,-1.8745,0.384,18.5599,11.5094,-6.2439,1.6204,0.0448,0.0826
1779988770743,1,12.00000015,Lower Delivery,Loading,pitch.0,436579,-0.5553,-0.241,0.4886,-0.0489,-0.0084,-0.0039,0.0,0.0
1779988770743,1,12.00000018,Upper Delivery,Loading,pitch.0,437437,-0.0552,0.0448,-0.0004,-0.0884,-0.0304,-0.0012,0.0,0.0
1779988770743,1,Pitching Mound.Delivery,,Loading,pitch.0,436278,-0.6106,-0.1962,0.4882,0.029,-0.0387,0.1649,0.0,0.0
1779988770743,1,Pitching Mound.Drive,,Loading,pitch.0,436845,-1.8745,0.384,18.5599,11.5094,-6.2439,1.6204,0.0448,0.0826
1779988770743,1,Pitching Mound.Parent,,Loading,pitch.0,435899,-2.4851,0.1877,19.0481,11.5384,-6.2827,1.7853,0.0,0.0
1779988770744,1,11.0000004b,Drive,Loading,pitch.0,436846,-2.01,0.4913,19.0967,12.0301,-5.7655,1.7826,0.0402,0.0839
1779988770744,1,12.00000015,Lower Delivery,Loading,pitch.0,436580,-0.5505,-0.2323,0.4879,-0.0453,-0.0114,-0.0051,0.0,0.0
1779988770744,1,12.00000018,Upper Delivery,Loading,pitch.0,437438,-0.055,0.0433,0.0027,-0.0884,-0.0304,-0.0012,0.0,0.0
1779988770744,1,Pitching Mound.Delivery,,Loading,pitch.0,436279,-0.6055,-0.1889,0.4906,0.0313,-0.0418,0.1622,0.0,0.0
1779988770744,1,Pitching Mound.Drive,,Loading,pitch.0,436846,-2.01,0.4913,19.0967,12.0301,-5.7655,1.7826,0.0402,0.0839
1779988770744,1,Pitching Mound.Parent,,Loading,pitch.0,435900,-2.6155,0.3024,19.5873,12.0614,-5.8073,1.9448,0.0,0.0
1779988770745,1,11.0000004b,Drive,Loading,pitch.0,436847,-2.2332,0.5923,20.9794,13.7494,-6.5125,1.9014,0.0413,0.0872
1779988770745,1,12.00000015,Lower Delivery,Loading,pitch.0,436581,-0.4946,-0.1946,0.4387,-0.0475,-0.0201,-0.0059,0.0,0.0
1779988770745,1,12.00000018,Upper Delivery,Loading,pitch.0,437439,-0.0586,0.0399,0.0101,-0.0884,-0.0304,-0.0012,0.0,0.0
1779988770745,1,Pitching Mound.Delivery,,Loading,pitch.0,436280,-0.5531,-0.1547,0.4488,0.0099,-0.0505,0.1411,0.0,0.0
1779988770745,1,Pitching Mound.Drive,,Loading,pitch.0,436847,-2.2332,0.5923,20.9794,13.7494,-6.5125,1.9014,0.0413,0.0872
1779988770745,1,Pitching Mound.Parent,,Loading,pitch.0,435901,-2.7863,0.4377,21.4282,13.7593,-6.563,2.0425,0.0,0.0
1779988770746,1,11.0000004b,Drive,Loading,pitch.0,436848,-2.3945,0.6847,22.4813,14.7251,-6.613,2.0434,0.0392,0.0872
1779988770746,1,12.00000015,Lower Delivery,Loading,pitch.0,436582,-0.4456,-0.1874,0.3769,-0.0567,-0.0275,-0.0064,0.0,0.0
1779988770746,1,12.00000018,Upper Delivery,Loading,pitch.0,437440,-0.0622,0.0403,0.0289,-0.0884,-0.0304,-0.0012,0.0,0.0
1779988770746,1,Pitching Mound.Delivery,,Loading,pitch.0,436281,-0.5078,-0.1472,0.4059,-0.0268,-0.0578,0.1228,0.0,0.0
1779988770746,1,Pitching Mound.Drive,,Loading,pitch.0,436848,-2.3945,0.6847,22.4813,14.7251,-6.613,2.0434,0.0392,0.0872
1779988770746,1,Pitching Mound.Parent,,Loading,pitch.0,435902,-2.9023,0.5375,22.8872,14.6984,-6.6708,2.1661,0.0385,0.0908
1779988770747,1,11.0000004b,Drive,Loading,pitch.0,436849,-2.5467,0.7709,24.186,16.4392,-6.2654,2.024,0.0345,0.0905
1779988770747,1,12.00000015,Lower Delivery,Loading,pitch.0,436583,-0.4569,-0.2001,0.3814,-0.0453,-0.0275,-0.0078,0.0,0.0
1779988770747,1,12.00000018,Upper Delivery,Loading,pitch.0,437441,-0.0643,0.0382,0.0384,-0.0884,-0.0304,-0.0012,0.0,0.0
1779988770747,1,Pitching Mound.Delivery,,Loading,pitch.0,436282,-0.5212,-0.1618,0.4198,-0.0171,-0.0579,0.1244,0.0,0.0
1779988770747,1,Pitching Mound.Drive,,Loading,pitch.0,436849,-2.5467,0.7709,24.186,16.4392,-6.2654,2.024,0.0345,0.0905
1779988770747,1,Pitching Mound.Parent,,Loading,pitch.0,435903,-3.0679,0.6091,24.6058,16.4221,-6.3233,2.1484,0.0339,0.0937
1779988770748,1,11.0000004b,Drive,Loading,pitch.0,436850,-2.6455,0.9218,26.1202,17.7359,-6.7497,1.9002,0.0344,0.0904
1779988770748,1,12.00000015,Lower Delivery,Loading,pitch.0,436584,-0.4732,-0.1841,0.4126,-0.0401,-0.0203,-0.0085,0.0,0.0
1779988770748,1,12.00000018,Upper Delivery,Loading,pitch.0,437442,-0.0618,0.0393,0.0273,-0.0884,-0.0304,-0.0012,0.0,0.0
1779988770748,1,Pitching Mound.Delivery,,Loading,pitch.0,436283,-0.535,-0.1448,0.4399,0.0025,-0.0507,0.1302,0.0,0.0
1779988770748,1,Pitching Mound.Drive,,Loading,pitch.0,436850,-2.6455,0.9218,26.1202,17.7359,-6.7497,1.9002,0.0344,0.0904
1779988770748,1,Pitching Mound.Parent,,Loading,pitch.0,435904,-3.1805,0.7769,26.5602,17.7384,-6.8004,2.0304,0.0338,0.0938
1779988770749,1,11.0000004b,Drive,Loading,pitch.0,436851,-2.6518,1.1014,26.6362,18.9794,-5.7204,1.8578,0.0286,0.0949
1779988770749,1,12.00000015,Lower Delivery,Loading,pitch.0,436585,-0.4094,-0.1727,0.3491,-0.0383,-0.0207,-0.008,0.0,0.0
1779988770749,1,12.00000018,Upper Delivery,Loading,pitch.0,437443,-0.0606,0.0499,0.0218,-0.0884,-0.0304,-0.0012,0.0,0.0
1779988770749,1,Pitching Mound.Delivery,,Loading,pitch.0,436284,-0.47,-0.1227,0.3709,-0.0153,-0.0511,0.1094,0.0,0.0
1779988770749,1,Pitching Mound.Drive,,Loading,pitch.0,436851,-2.6518,1.1014,26.6362,18.9794,-5.7204,1.8578,0.0286,0.0949
1779988770749,1,Pitching Mound.Parent,,Loading,pitch.0,435905,-3.1217,0.9787,27.0071,18.9641,-5.7715,1.9672,0.0282,0.0977
1779988770750,1,11.0000004b,Drive,Loading,pitch.0,436852,-2.6032,1.1914,28.3538,19.7847,-5.149,1.6414,0.0242,0.0929
1779988770750,1,12.00000015,Lower Delivery,Loading,pitch.0,436586,-0.4484,-0.1748,0.3942,-0.0337,-0.0221,-0.0057,0.0,0.0
1779988770750,1,12.00000018,Upper Delivery,Loading,pitch.0,437444,-0.0637,0.0465,0.034,-0.0884,-0.0304,-0.0012,0.0,0.0
1779988770750,1,Pitching Mound.Delivery,,Loading,pitch.0,436285,-0.5121,-0.1283,0.4282,0.0004,-0.0525,0.124,0.0,0.0
1779988770750,1,Pitching Mound.Drive,,Loading,pitch.0,436852,-2.6032,1.1914,28.3538,19.7847,-5.149,1.6414,0.0242,0.0929
1779988770750,1,Pitching Mound.Parent,,Loading,pitch.0,435906,-3.1154,1.0631,28.7819,19.7851,-5.2015,1.7653,0.0238,0.0958
1779988770751,1,11.0000004b,Drive,Loading,pitch.0,436853,-2.5686,1.3292,29.8605,21.1701,-4.6178,1.5598,0.0206,0.0944
1779988770751,1,12.00000015,Lower Delivery,Loading,pitch.0,436587,-0.3757,-0.1803,0.3119,-0.0367,-0.0236,-0.0033,0.0,0.0
1779988770751,1,12.00000018,Upper Delivery,Loading,pitch.0,437445,-0.0678,0.0494,0.0429,-0.0884,-0.0304,-0.0012,0.0,0.0
1779988770751,1,Pitching Mound.Delivery,,Loading,pitch.0,436286,-0.4436,-0.1309,0.3548,-0.0336,-0.054,0.1002,0.0,0.0
1779988770751,1,Pitching Mound.Drive,,Loading,pitch.0,436853,-2.5686,1.3292,29.8605,21.1701,-4.6178,1.5598,0.0206,0.0944
1779988770751,1,Pitching Mound.Parent,,Loading,pitch.0,435907,-3.0122,1.1983,30.2152,21.1365,-4.6718,1.66,0.0203,0.0963
1779988770752,1,11.0000004b,Drive,Loading,pitch.0,436854,-2.4281,1.5144,31.3412,22.2695,-4.9308,1.3173,0.0209,0.0946
1779988770752,1,12.00000015,Lower Delivery,Loading,pitch.0,436588,-0.3979,-0.1619,0.3481,-0.0298,-0.0261,-0.0044,0.0,0.0
1779988770752,1,12.00000018,Upper Delivery,Loading,pitch.0,437446,-0.0688,0.0502,0.0525,-0.0884,-0.0304,-0.0012,0.0,0.0
1779988770752,1,Pitching Mound.Delivery,,Loading,pitch.0,436287,-0.4667,-0.1117,0.4006,-0.0176,-0.0565,0.1063,0.0,0.0
1779988770752,1,Pitching Mound.Drive,,Loading,pitch.0,436854,-2.4281,1.5144,31.3412,22.2695,-4.9308,1.3173,0.0209,0.0946
1779988770752,1,Pitching Mound.Parent,,Loading,pitch.0,435908,-2.8948,1.4028,31.7418,22.2519,-4.9873,1.4236,0.0207,0.0966
1779988770753,1,11.0000004b,Drive,Loading,pitch.0,436855,-2.2965,1.6404,32.7888,23.1824,-4.313,1.2326,0.0175,0.0941
1779988770753,1,12.00000015,Lower Delivery,Loading,pitch.0,436589,-0.4212,-0.1601,0.3776,-0.0342,-0.0239,-0.0046,0.0,0.0
1779988770753,1,12.00000018,Upper Delivery,Loading,pitch.0,437447,-0.0721,0.0493,0.0538,-0.0884,-0.0304,-0.0012,0.0,0.0
1779988770753,1,Pitching Mound.Delivery,,Loading,pitch.0,436288,-0.4933,-0.1108,0.4314,-0.0124,-0.0543,0.1129,0.0,0.0
1779988770753,1,Pitching Mound.Drive,,Loading,pitch.0,436855,-2.2965,1.6404,32.7888,23.1824,-4.313,1.2326,0.0175,0.0941
1779988770753,1,Pitching Mound.Parent,,Loading,pitch.0,435909,-2.7898,1.5296,33.2202,23.1699,-4.3673,1.3455,0.0173,0.0962
1779988770754,1,11.0000004b,Drive,Loading,pitch.0,436856,-2.1618,1.8484,34.126,24.1711,-4.0954,1.0991,0.016,0.0943
1779988770754,1,12.00000015,Lower Delivery,Loading,pitch.0,436590,-0.4782,-0.1847,0.4347,-0.0249,-0.0194,-0.0065,0.0,0.0
1779988770754,1,12.00000018,Upper Delivery,Loading,pitch.0,437448,-0.0711,0.0538,0.0515,-0.0884,-0.0304,-0.0012,0.0,0.0
1779988770754,1,Pitching Mound.Delivery,,Loading,pitch.0,436289,-0.5493,-0.1309,0.4862,0.0171,-0.0498,0.1307,0.0,0.0
1779988770754,1,Pitching Mound.Drive,,Loading,pitch.0,436856,-2.1618,1.8484,34.126,24.1711,-4.0954,1.0991,0.016,0.0943
1779988770754,1,Pitching Mound.Parent,,Loading,pitch.0,435910,-2.7111,1.7175,34.6121,24.1881,-4.1451,1.2298,0.0158,0.0967
1779988770755,1,11.0000004b,Drive,Loading,pitch.0,436857,-1.9369,2.0115,35.7272,25.2313,-3.4861,0.8571,0.013,0.094
1779988770755,1,12.00000015,Lower Delivery,Loading,pitch.0,436591,-0.4625,-0.1788,0.4206,-0.0263,-0.0118,-0.0027,0.0,0.0
1779988770755,1,12.00000018,Upper Delivery,Loading,pitch.0,437449,-0.1082,0.0763,0.192,-0.0884,-0.0304,-0.0012,0.0,0.0
1779988770755,1,Pitching Mound.Delivery,,Loading,pitch.0,436290,-0.5707,-0.1025,0.6126,-0.037,-0.0422,0.1165,0.0,0.0
1779988770755,1,Pitching Mound.Drive,,Loading,pitch.0,436857,-1.9369,2.0115,35.7272,25.2313,-3.4861,0.8571,0.013,0.094
1779988770755,1,Pitching Mound.Parent,,Loading,pitch.0,435911,-2.5076,1.909,36.3398,25.1943,-3.5283,0.9737,0.0128,0.0946
1779988770756,1,11.0000004b,Drive,Loading,pitch.0,436858,-1.614,2.0753,37.4892,26.3437,-3.7228,0.6583,0.0132,0.0935
1779988770756,1,12.00000015,Lower Delivery,Loading,pitch.0,436592,-0.4881,-0.1979,0.4332,-0.0248,-0.0157,-0.0043,0.0,0.0
1779988770756,1,12.00000018,Upper Delivery,Loading,pitch.0,437450,-0.1116,0.086,0.2347,-0.0884,-0.0304,-0.0012,0.0,0.0
1779988770756,1,Pitching Mound.Delivery,,Loading,pitch.0,436291,-0.5997,-0.1118,0.668,-0.0457,-0.0461,0.1225,0.0,0.0
1779988770756,1,Pitching Mound.Drive,,Loading,pitch.0,436858,-1.614,2.0753,37.4892,26.3437,-3.7228,0.6583,0.0132,0.0935
1779988770756,1,Pitching Mound.Parent,,Loading,pitch.0,435912,-2.2138,1.9635,38.1572,26.298,-3.7689,0.7809,0.013,0.0937
1779988770757,1,11.0000004b,Drive,Loading,pitch.0,436859,-1.063,2.2847,38.7321,26.7252,-2.3211,0.0382,0.008,0.0919
1779988770757,1,12.00000015,Lower Delivery,Loading,pitch.0,436593,-0.5281,-0.1979,0.4667,-0.0325,-0.0208,-0.0057,0.0,0.0
1779988770757,1,12.00000018,Upper Delivery,Loading,pitch.0,437451,-0.1604,0.1425,0.4981,-0.0884,-0.0304,-0.0012,0.0,0.0
1779988770757,1,Pitching Mound.Delivery,,Loading,pitch.0,436292,-0.6885,-0.0554,0.9648,-0.1315,-0.0512,0.1181,0.0,0.0
1779988770757,1,Pitching Mound.Drive,,Loading,pitch.0,436859,-1.063,2.2847,38.7321,26.7252,-2.3211,0.0382,0.008,0.0919
1779988770757,1,Pitching Mound.Parent,,Loading,pitch.0,435913,-1.7515,2.2292,39.6969,26.5937,-2.3723,0.1563,0.0078,0.0894
1779988770758,1,11.0000004b,Drive,Loading,pitch.0,436860,-0.9385,2.391,39.5455,27.3498,-1.5341,-0.0405,0.0052,0.0921
1779988770758,1,12.00000015,Lower Delivery,Loading,pitch.0,436594,-0.5731,-0.1826,0.5176,-0.067,-0.022,-0.0053,0.0,0.0
1779988770758,1,12.00000018,Upper Delivery,Loading,pitch.0,437452,-0.1457,0.1382,0.4667,-0.0884,-0.0304,-0.0012,0.0,0.0
1779988770758,1,Pitching Mound.Delivery,,Loading,pitch.0,436293,-0.7187,-0.0444,0.9843,-0.1381,-0.0523,0.1388,0.0,0.0
1779988770758,1,Pitching Mound.Drive,,Loading,pitch.0,436860,-0.9385,2.391,39.5455,27.3498,-1.5341,-0.0405,0.0052,0.0921
1779988770758,1,Pitching Mound.Parent,,Loading,pitch.0,435914,-1.6573,2.3466,40.5297,27.2117,-1.5865,0.0984,0.005,0.0903
1779988770759,1,11.0000004b,Drive,Loading,pitch.0,436861,-0.6486,2.4848,40.916,28.329,-0.6868,-0.3317,0.0022,0.0922
1779988770759,1,12.00000015,Lower Delivery,Loading,pitch.0,436595,-0.5892,-0.2116,0.5034,-0.0661,-0.0287,-0.007,0.0,0.0
1779988770759,1,12.00000018,Upper Delivery,Loading,pitch.0,437453,-0.1812,0.157,0.5915,-0.0884,-0.0304,-0.0012,0.0,0.0
1779988770759,1,Pitching Mound.Delivery,,Loading,pitch.0,436294,-0.7704,-0.0546,1.0949,-0.1844,-0.0591,0.1305,0.0,0.0
1779988770759,1,Pitching Mound.Drive,,Loading,pitch.0,436861,-0.6486,2.4848,40.916,28.329,-0.6868,-0.3317,0.0022,0.0922
1779988770759,1,Pitching Mound.Parent,,Loading,pitch.0,435915,-1.4191,2.4302,42.0109,28.1447,-0.7459,-0.2012,0.0022,0.0891
1779988770760,1,11.0000004b,Drive,Loading,pitch.0,436862,-0.342,2.5534,41.8164,28.77,-0.5614,-0.716,0.0018,0.0916
1779988770760,1,12.00000015,Lower Delivery,Loading,pitch.0,436596,-0.634,-0.2145,0.5329,-0.0577,-0.0277,-0.007,0.0,0.0
1779988770760,1,12.00000018,Upper Delivery,Loading,pitch.0,437454,-0.102,0.1318,0.3575,-0.0884,-0.0304,-0.0012,0.0,0.0
1779988770760,1,Pitching Mound.Delivery,,Loading,pitch.0,436295,-0.736,-0.0828,0.8904,-0.0864,-0.0581,0.1727,0.0,0.0
1779988770760,1,Pitching Mound.Drive,,Loading,pitch.0,436862,-0.342,2.5534,41.8164,28.77,-0.5614,-0.716,0.0018,0.0916
1779988770760,1,Pitching Mound.Parent,,Loading,pitch.0,435916,-1.078,2.4706,42.7068,28.6836,-0.6195,-0.5433,0.0017,0.0911
1779988770761,1,11.0000004b,Drive,Loading,pitch.0,436863,0.2718,2.6615,42.7339,29.9148,-0.6985,-1.2335,0.0022,0.0932
1779988770761,1,12.00000015,Lower Delivery,Loading,pitch.0,436597,-0.5763,-0.2039,0.4846,-0.0588,-0.0222,-0.0049,0.0,0.0
1779988770761,1,12.00000018,Upper Delivery,Loading,pitch.0,437455,-0.075,0.0815,0.1601,-0.0884,-0.0304,-0.0012,0.0,0.0
1779988770761,1,Pitching Mound.Delivery,,Loading,pitch.0,436296,-0.6513,-0.1225,0.6447,-0.0368,-0.0526,0.1643,0.0,0.0
1779988770761,1,Pitching Mound.Drive,,Loading,pitch.0,436863,0.2718,2.6615,42.7339,29.9148,-0.6985,-1.2335,0.0022,0.0932
1779988770761,1,Pitching Mound.Parent,,Loading,pitch.0,435917,-0.3795,2.539,43.3787,29.878,-0.7511,-1.0692,0.0021,0.0944
1779988770762,1,11.0000004b,Drive,Loading,pitch.0,436864,0.489,2.7424,43.5147,30.3786,-0.5753,-1.526,0.0018,0.0929
1779988770762,1,12.00000015,Lower Delivery,Loading,pitch.0,436598,-0.6263,-0.2357,0.5164,-0.063,-0.0233,-0.0055,0.0,0.0
1779988770762,1,12.00000018,Upper Delivery,Loading,pitch.0,437456,-0.0714,0.0401,0.0521,-0.0884,-0.0304,-0.0012,0.0,0.0
1779988770762,1,Pitching Mound.Delivery,,Loading,pitch.0,436297,-0.6977,-0.1955,0.5685,0.0065,-0.0537,0.1819,0.0,0.0
1779988770762,1,Pitching Mound.Drive,,Loading,pitch.0,436864,0.489,2.7424,43.5147,30.3786,-0.5753,-1.526,0.0018,0.0929
1779988770762,1,Pitching Mound.Parent,,Loading,pitch.0,435918,-0.2087,2.5469,44.0832,30.3851,-0.629,-1.344,0.0017,0.0953
1779988770763,1,11.0000004b,Drive,Loading,pitch.0,436865,0.7767,2.8963,44.089,30.9776,0.0355,-1.9758,-0.0001,0.0935
1779988770763,1,12.00000015,Lower Delivery,Loading,pitch.0,436599,-0.676,-0.2493,0.5423,-0.0615,-0.023,-0.0069,0.0,0.0
1779988770763,1,12.00000018,Upper Delivery,Loading,pitch.0,437457,-0.0687,0.0407,0.0459,-0.0884,-0.0304,-0.0012,0.0,0.0
1779988770763,1,Pitching Mound.Delivery,,Loading,pitch.0,436298,-0.7448,-0.2086,0.5882,0.0189,-0.0534,0.1984,0.0,0.0
1779988770763,1,Pitching Mound.Drive,,Loading,pitch.0,436865,0.7767,2.8963,44.089,30.9776,0.0355,-1.9758,-0.0001,0.0935
1779988770763,1,Pitching Mound.Parent,,Loading,pitch.0,435919,0.0319,2.6877,44.6772,30.9966,-0.0179,-1.7774,-0.0001,0.0961
1779988770764,1,11.0000004b,Drive,Loading,pitch.0,436866,0.9622,3.0001,44.5465,31.5204,0.4602,-2.3057,-0.0014,0.0942
1779988770764,1,12.00000015,Lower Delivery,Loading,pitch.0,436600,-0.6855,-0.2303,0.5702,-0.0601,-0.019,-0.0049,0.0,0.0
1779988770764,1,12.00000018,Upper Delivery,Loading,pitch.0,437458,-0.0663,0.0406,0.0348,-0.0884,-0.0304,-0.0012,0.0,0.0
1779988770764,1,Pitching Mound.Delivery,,Loading,pitch.0,436299,-0.7518,-0.1897,0.605,0.0336,-0.0494,0.2044,0.0,0.0
1779988770764,1,Pitching Mound.Drive,,Loading,pitch.0,436866,0.9622,3.0001,44.5465,31.5204,0.4602,-2.3057,-0.0014,0.0942
1779988770764,1,Pitching Mound.Parent,,Loading,pitch.0,435920,0.2104,2.8103,45.1515,31.554,0.4108,-2.1013,-0.0014,0.097
1779988770765,1,11.0000004b,Drive,Loading,pitch.0,436867,1.2815,3.1746,45.1738,32.1794,1.0473,-2.7707,-0.0031,0.0948
1779988770765,1,12.00000015,Lower Delivery,Loading,pitch.0,436601,-0.669,-0.1951,0.5641,-0.0759,-0.0142,-0.0008,0.0,0.0
1779988770765,1,12.00000018,Upper Delivery,Loading,pitch.0,437459,-0.0637,0.0411,0.0305,-0.0884,-0.0304,-0.0012,0.0,0.0
1779988770765,1,Pitching Mound.Delivery,,Loading,pitch.0,436300,-0.7327,-0.154,0.5946,0.0171,-0.0446,0.2038,0.0,0.0
1779988770765,1,Pitching Mound.Drive,,Loading,pitch.0,436867,1.2815,3.1746,45.1738,32.1794,1.0473,-2.7707,-0.0031,0.0948
1779988770765,1,Pitching Mound.Parent,,Loading,pitch.0,435921,0.5488,3.0206,45.7685,32.1966,1.0027,-2.567,-0.003,0.0976
1779988770766,1,11.0000004b,Drive,Loading,pitch.0,436868,1.518,3.3237,45.7584,32.7744,1.2353,-3.121,-0.0036,0.0954
1779988770766,1,12.00000015,Lower Delivery,Loading,pitch.0,436602,-0.6381,-0.2004,0.5357,-0.0727,-0.0216,-0.0025,0.0,0.0
1779988770766,1,12.00000018,Upper Delivery,Loading,pitch.0,437460,-0.0601,0.0379,0.0252,-0.0884,-0.0304,-0.0012,0.0,0.0
1779988770766,1,Pitching Mound.Delivery,,Loading,pitch.0,436301,-0.6982,-0.1625,0.5608,0.0125,-0.052,0.1928,0.0,0.0
1779988770766,1,Pitching Mound.Drive,,Loading,pitch.0,436868,1.518,3.3237,45.7584,32.7744,1.2353,-3.121,-0.0036,0.0954
1779988770766,1,Pitching Mound.Parent,,Loading,pitch.0,435922,0.8198,3.1612,46.3192,32.7869,1.1834,-2.9282,-0.0036,0.0979
1779988770767,1,11.0000004b,Drive,Loading,pitch.0,436869,1.6488,3.4681,46.4266,33.4097,1.8298,-3.4936,-0.0052,0.0958
1779988770767,1,12.00000015,Lower Delivery,Loading,pitch.0,436603,-0.6174,-0.1722,0.5287,-0.076,-0.0186,-0.0007,0.0,0.0
1779988770767,1,12.00000018,Upper Delivery,Loading,pitch.0,437461,-0.0573,0.0394,0.0259,-0.0884,-0.0304,-0.0012,0.0,0.0
1779988770767,1,Pitching Mound.Delivery,,Loading,pitch.0,436302,-0.6748,-0.1328,0.5546,0.0066,-0.049,0.1886,0.0,0.0
1779988770767,1,Pitching Mound.Drive,,Loading,pitch.0,436869,1.6488,3.4681,46.4266,33.4097,1.8298,-3.4936,-0.0052,0.0958
1779988770767,1,Pitching Mound.Parent,,Loading,pitch.0,435923,0.974,3.3353,46.9812,33.4163,1.7808,-3.305,-0.0052,0.0983
1779988770768,1,11.0000004b,Drive,Loading,pitch.0,436870,1.9368,3.6685,47.2063,34.1798,2.3836,-3.9368,-0.0067,0.0964
1779988770768,1,12.00000015,Lower Delivery,Loading,pitch.0,436604,-0.5938,-0.1801,0.5188,-0.0781,-0.0192,0.0023,0.0,0.0
1779988770768,1,12.00000018,Upper Delivery,Loading,pitch.0,437462,-0.0568,0.0412,0.0249,-0.0884,-0.0304,-0.0012,0.0,0.0
1779988770768,1,Pitching Mound.Delivery,,Loading,pitch.0,436303,-0.6506,-0.1389,0.5437,0.0014,-0.0496,0.1837,0.0,0.0
1779988770768,1,Pitching Mound.Drive,,Loading,pitch.0,436870,1.9368,3.6685,47.2063,34.1798,2.3836,-3.9368,-0.0067,0.0964
1779988770768,1,Pitching Mound.Parent,,Loading,pitch.0,435924,1.2863,3.5297,47.75,34.1812,2.3341,-3.7532,-0.0066,0.0988
1779988770769,1,11.0000004b,Drive,Loading,pitch.0,436871,1.9535,3.8739,48.0111,34.6981,3.1897,-4.3385,-0.0088,0.0962
1779988770769,1,12.00000015,Lower Delivery,Loading,pitch.0,436605,-0.5695,-0.1874,0.512,-0.0463,-0.0227,-0.0016,0.0,0.0
1779988770769,1,12.00000018,Upper Delivery,Loading,pitch.0,437463,-0.0558,0.0474,0.0321,-0.0884,-0.0304,-0.0012,0.0,0.0
1779988770769,1,Pitching Mound.Delivery,,Loading,pitch.0,436304,-0.6253,-0.14,0.5441,0.0285,-0.0531,0.1719,0.0,0.0
1779988770769,1,Pitching Mound.Drive,,Loading,pitch.0,436871,1.9535,3.8739,48.0111,34.6981,3.1897,-4.3385,-0.0088,0.0962
1779988770769,1,Pitching Mound.Parent,,Loading,pitch.0,435925,1.3281,3.7339,48.5552,34.7266,3.1366,-4.1666,-0.0087,0.0985
1779988770770,1,11.0000004b,Drive,Loading,pitch.0,436872,2.0798,4.0254,48.3425,34.7016,3.1997,-4.55,-0.0088,0.0956
1779988770770,1,12.00000015,Lower Delivery,Loading,pitch.0,436606,-0.5256,-0.1723,0.4636,-0.0434,-0.0273,-0.0028,0.0,0.0
1779988770770,1,12.00000018,Upper Delivery,Loading,pitch.0,437464,-0.057,0.0509,0.0382,-0.0884,-0.0304,-0.0012,0.0,0.0
1779988770770,1,Pitching Mound.Delivery,,Loading,pitch.0,436305,-0.5826,-0.1213,0.5018,0.0129,-0.0576,0.1553,0.0,0.0
1779988770770,1,Pitching Mound.Drive,,Loading,pitch.0,436872,2.0798,4.0254,48.3425,34.7016,3.1997,-4.55,-0.0088,0.0956
1779988770770,1,Pitching Mound.Parent,,Loading,pitch.0,435926,1.4972,3.904,48.8444,34.7145,3.1421,-4.3946,-0.0087,0.0975
1779988770771,1,11.0000004b,Drive,Loading,pitch.0,436873,2.137,4.2179,49.0895,35.3211,3.9272,-4.8921,-0.0107,0.0958
1779988770771,1,12.00000015,Lower Delivery,Loading,pitch.0,436607,-0.4944,-0.1637,0.429,-0.0591,-0.0341,-0.001,0.0,0.0
1779988770771,1,12.00000018,Upper Delivery,Loading,pitch.0,437465,-0.0573,0.0501,0.0281,-0.0884,-0.0304,-0.0012,0.0,0.0
1779988770771,1,Pitching Mound.Delivery,,Loading,pitch.0,436306,-0.5516,-0.1136,0.4571,-0.0111,-0.0645,0.1464,0.0,0.0
1779988770771,1,Pitching Mound.Drive,,Loading,pitch.0,436873,2.137,4.2179,49.0895,35.3211,3.9272,-4.8921,-0.0107,0.0958
1779988770771,1,Pitching Mound.Parent,,Loading,pitch.0,435927,1.5854,4.1043,49.5466,35.3099,3.8627,-4.7457,-0.0106,0.0977
1779988770772,1,11.0000004b,Drive,Loading,pitch.0,436874,2.1295,4.3626,49.7619,35.72,4.1212,-5.0642,-0.011,0.0956
1779988770772,1,12.00000015,Lower Delivery,Loading,pitch.0,436608,-0.5338,-0.1691,0.4638,-0.0642,-0.0259,-0.0001,0.0,0.0
1779988770772,1,12.00000018,Upper Delivery,Loading,pitch.0,437466,-0.0597,0.0514,0.022,-0.0884,-0.0304,-0.0012,0.0,0.0
1779988770772,1,Pitching Mound.Delivery,,Loading,pitch.0,436307,-0.5934,-0.1177,0.4858,-0.0024,-0.0563,0.1599,0.0,0.0
1779988770772,1,Pitching Mound.Drive,,Loading,pitch.0,436874,2.1295,4.3626,49.7619,35.72,4.1212,-5.0642,-0.011,0.0956
1779988770772,1,Pitching Mound.Parent,,Loading,pitch.0,435928,1.536,4.2449,50.2477,35.7176,4.0649,-4.9044,-0.0109,0.0976
1779988770773,1,11.0000004b,Drive,Loading,pitch.0,436875,2.0578,4.4651,50.5651,36.2235,4.5331,-5.2349,-0.0119,0.0954
1779988770773,1,12.00000015,Lower Delivery,Loading,pitch.0,436609,-0.4942,-0.1557,0.4367,-0.0717,-0.0118,0.0009,0.0,0.0
1779988770773,1,12.00000018,Upper Delivery,Loading,pitch.0,437467,-0.0625,0.0463,0.0316,-0.0884,-0.0304,-0.0012,0.0,0.0
1779988770773,1,Pitching Mound.Delivery,,Loading,pitch.0,436308,-0.5567,-0.1094,0.4682,-0.0224,-0.0422,0.1465,0.0,0.0
1779988770773,1,Pitching Mound.Drive,,Loading,pitch.0,436875,2.0578,4.4651,50.5651,36.2235,4.5331,-5.2349,-0.0119,0.0954
1779988770773,1,Pitching Mound.Parent,,Loading,pitch.0,435929,1.5011,4.3557,51.0334,36.2012,4.4909,-5.0884,-0.0118,0.0972
1779988770774,1,11.0000004b,Drive,Loading,pitch.0,436876,1.9793,4.5647,51.489,37.047,4.4005,-5.3075,-0.0114,0.0958
1779988770774,1,12.00000015,Lower Delivery,Loading,pitch.0,436610,-0.4323,-0.1467,0.3667,-0.0784,-0.0081,0.0027,0.0,0.0
1779988770774,1,12.00000018,Upper Delivery,Loading,pitch.0,437468,-0.0594,0.052,0.0272,-0.0884,-0.0304,-0.0012,0.0,0.0
1779988770774,1,Pitching Mound.Delivery,,Loading,pitch.0,436309,-0.4917,-0.0947,0.3939,-0.0513,-0.0385,0.1283,0.0,0.0
1779988770774,1,Pitching Mound.Drive,,Loading,pitch.0,436876,1.9793,4.5647,51.489,37.047,4.4005,-5.3075,-0.0114,0.0958
1779988770774,1,Pitching Mound.Parent,,Loading,pitch.0,435930,1.4876,4.4699,51.8829,36.9957,4.362,-5.1791,-0.0113,0.0973
1779988770775,1,11.0000004b,Drive,Loading,pitch.0,436877,1.8589,4.6127,51.8344,36.9551,4.2264,-5.3419,-0.0109,0.0949
1779988770775,1,12.00000015,Lower Delivery,Loading,pitch.0,436611,-0.4578,-0.1452,0.4014,-0.0864,-0.0061,0.0021,0.0,0.0
1779988770775,1,12.00000018,Upper Delivery,Loading,pitch.0,437469,-0.0568,0.059,0.0183,-0.0884,-0.0304,-0.0012,0.0,0.0
1779988770775,1,Pitching Mound.Delivery,,Loading,pitch.0,436310,-0.5146,-0.0862,0.4197,-0.0445,-0.0365,0.1373,0.0,0.0
1779988770775,1,Pitching Mound.Drive,,Loading,pitch.0,436877,1.8589,4.6127,51.8344,36.9551,4.2264,-5.3419,-0.0109,0.0949
1779988770775,1,Pitching Mound.Parent,,Loading,pitch.0,435931,1.3443,4.5266,52.2541,36.9106,4.1899,-5.2046,-0.0108,0.0966
1779988770776,1,11.0000004b,Drive,Loading,pitch.0,436878,1.6947,4.667,52.2111,37.1064,4.1812,-5.3637,-0.0107,0.0946
1779988770776,1,12.00000015,Lower Delivery,Loading,pitch.0,436612,-0.4861,-0.1804,0.4356,-0.0751,0.009,0.0009,0.0,0.0
1779988770776,1,12.00000018,Upper Delivery,Loading,pitch.0,437470,-0.0368,0.0767,0.0977,-0.0884,-0.0304,-0.0012,0.0,0.0
1779988770776,1,Pitching Mound.Delivery,,Loading,pitch.0,436311,-0.5228,-0.1036,0.5334,-0.0485,-0.0213,0.1524,0.0,0.0
1779988770776,1,Pitching Mound.Drive,,Loading,pitch.0,436878,1.6947,4.667,52.2111,37.1064,4.1812,-5.3637,-0.0107,0.0946
1779988770776,1,Pitching Mound.Parent,,Loading,pitch.0,435932,1.1719,4.5634,52.7445,37.0579,4.1598,-5.2113,-0.0106,0.0958
1779988770777,1,11.0000004b,Drive,Loading,pitch.0,436879,1.5238,4.7034,52.8205,37.4761,3.9725,-5.3328,-0.01,0.0945
1779988770777,1,12.00000015,Lower Delivery,Loading,pitch.0,436613,-0.5297,-0.1799,0.4808,-0.0803,0.0077,0.0021,0.0,0.0
1779988770777,1,12.00000018,Upper Delivery,Loading,pitch.0,437471,-0.0468,0.0686,0.0885,-0.0884,-0.0304,-0.0012,0.0,0.0
1779988770777,1,Pitching Mound.Delivery,,Loading,pitch.0,436312,-0.5765,-0.1113,0.5694,-0.0353,-0.0227,0.1651,0.0,0.0
1779988770777,1,Pitching Mound.Drive,,Loading,pitch.0,436879,1.5238,4.7034,52.8205,37.4761,3.9725,-5.3328,-0.01,0.0945
1779988770777,1,Pitching Mound.Parent,,Loading,pitch.0,435933,0.9473,4.5921,53.3898,37.4409,3.9498,-5.1677,-0.0099,0.0959
1779988770778,1,11.0000004b,Drive,Loading,pitch.0,436880,1.3469,4.7123,53.3278,37.7354,3.9553,-5.3398,-0.0099,0.0942
1779988770778,1,11.0000004b,Drive,Loading,pitch.0,436881,1.1411,4.7401,53.8435,38.1896,3.5727,-5.3053,-0.0088,0.0944
1779988770778,1,12.00000015,Lower Delivery,Loading,pitch.0,436614,-0.536,-0.1373,0.5012,-0.089,-0.0027,0.0,0.0,0.0
1779988770778,1,12.00000018,Upper Delivery,Loading,pitch.0,437472,-0.0502,0.0682,0.1123,-0.0884,-0.0304,-0.0012,0.0,0.0
1779988770778,1,Pitching Mound.Delivery,,Loading,pitch.0,436313,-0.5862,-0.069,0.6135,-0.0452,-0.033,0.164,0.0,0.0
1779988770778,1,Pitching Mound.Drive,,Loading,pitch.0,436880,1.3469,4.7123,53.3278,37.7354,3.9553,-5.3398,-0.0099,0.0942
1779988770778,1,Pitching Mound.Drive,,Loading,pitch.0,436881,1.1411,4.7401,53.8435,38.1896,3.5727,-5.3053,-0.0088,0.0944
1779988770778,1,Pitching Mound.Parent,,Loading,pitch.0,435934,0.7607,4.6433,53.9413,37.6902,3.9223,-5.1759,-0.0098,0.0956
1779988770779,1,12.00000015,Lower Delivery,Loading,pitch.0,436615,-0.5481,-0.1614,0.5055,-0.0754,0.0007,-0.0015,0.0,0.0
1779988770779,1,12.00000018,Upper Delivery,Loading,pitch.0,437473,-0.0352,0.0838,0.1245,-0.0884,-0.0304,-0.0012,0.0,0.0
1779988770779,1,Pitching Mound.Delivery,,Loading,pitch.0,436314,-0.5833,-0.0776,0.63,-0.0342,-0.0297,0.1717,0.0,0.0
1779988770779,1,Pitching Mound.Parent,,Loading,pitch.0,435935,0.5579,4.6626,54.4736,38.1553,3.543,-5.1336,-0.0087,0.0957
1779988770780,1,11.0000004b,Drive,Loading,pitch.0,436882,0.9225,4.7581,54.1253,38.4884,3.4756,-5.2773,-0.0085,0.0947
1779988770780,1,12.00000015,Lower Delivery,Loading,pitch.0,436616,-0.5399,-0.1675,0.4809,-0.0887,-0.0099,-0.0017,0.0,0.0
1779988770780,1,12.00000018,Upper Delivery,Loading,pitch.0,437474,-0.0478,0.0693,0.1229,-0.0884,-0.0304,-0.0012,0.0,0.0
1779988770780,1,Pitching Mound.Delivery,,Loading,pitch.0,436315,-0.5876,-0.0982,0.6037,-0.0554,-0.0403,0.1644,0.0,0.0
1779988770780,1,Pitching Mound.Drive,,Loading,pitch.0,436882,0.9225,4.7581,54.1253,38.4884,3.4756,-5.2773,-0.0085,0.0947
1779988770780,1,Pitching Mound.Parent,,Loading,pitch.0,435936,0.3349,4.6599,54.7291,38.433,3.4352,-5.1129,-0.0085,0.0958
1779988770781,1,11.0000004b,Drive,Loading,pitch.0,436883,0.7052,4.766,54.381,38.6393,3.5047,-5.2027,-0.0086,0.0946
1779988770781,1,12.00000015,Lower Delivery,Loading,pitch.0,436617,-0.5807,-0.187,0.5075,-0.0908,-0.0215,-0.0026,0.0,0.0
1779988770781,1,12.00000018,Upper Delivery,Loading,pitch.0,437475,-0.0446,0.0733,0.1347,-0.0884,-0.0304,-0.0012,0.0,0.0
1779988770781,1,Pitching Mound.Delivery,,Loading,pitch.0,436316,-0.6253,-0.1137,0.6423,-0.0524,-0.0518,0.1785,0.0,0.0
1779988770781,1,Pitching Mound.Drive,,Loading,pitch.0,436883,0.7052,4.766,54.381,38.6393,3.5047,-5.2027,-0.0086,0.0946
1779988770781,1,Pitching Mound.Parent,,Loading,pitch.0,435937,0.0799,4.6522,55.0232,38.5869,3.4529,-5.0242,-0.0085,0.0958
1779988770782,1,11.0000004b,Drive,Loading,pitch.0,436885,0.2206,4.8167,54.8932,39.2173,2.9431,-5.0139,-0.0071,0.0951
1779988770782,1,11.0000004b,Drive,Loading,pitch.0,436884,0.4461,4.8027,54.8132,39.1295,3.2722,-5.1147,-0.0079,0.095
1779988770782,1,12.00000015,Lower Delivery,Loading,pitch.0,436618,-0.6236,-0.2269,0.5395,-0.0766,-0.0181,-0.0023,0.0,0.0
1779988770782,1,12.00000018,Upper Delivery,Loading,pitch.0,437476,-0.0556,0.0637,0.1365,-0.0884,-0.0304,-0.0012,0.0,0.0
1779988770782,1,Pitching Mound.Delivery,,Loading,pitch.0,436317,-0.6792,-0.1631,0.676,-0.0279,-0.0485,0.1896,0.0,0.0
1779988770782,1,Pitching Mound.Drive,,Loading,pitch.0,436885,0.2206,4.8167,54.8932,39.2173,2.9431,-5.0139,-0.0071,0.0951
1779988770782,1,Pitching Mound.Drive,,Loading,pitch.0,436884,0.4461,4.8027,54.8132,39.1295,3.2722,-5.1147,-0.0079,0.095
1779988770782,1,Pitching Mound.Parent,,Loading,pitch.0,435938,-0.2331,4.6396,55.4892,39.1016,3.2237,-4.9251,-0.0079,0.0963
1779988770783,1,11.0000004b,Drive,Loading,pitch.0,436886,-0.0461,4.8593,55.3202,39.7209,2.5301,-4.8776,-0.0061,0.0956
1779988770783,1,12.00000015,Lower Delivery,Loading,pitch.0,436619,-0.6397,-0.2497,0.5367,-0.0794,-0.0275,-0.0045,0.0,0.0
1779988770783,1,12.00000018,Upper Delivery,Loading,pitch.0,437477,-0.0682,0.0621,0.0645,-0.0884,-0.0304,-0.0012,0.0,0.0
1779988770783,1,Pitching Mound.Delivery,,Loading,pitch.0,436318,-0.7079,-0.1876,0.6012,-0.0072,-0.0579,0.1886,0.0,0.0
1779988770783,1,Pitching Mound.Drive,,Loading,pitch.0,436886,-0.0461,4.8593,55.3202,39.7209,2.5301,-4.8776,-0.0061,0.0956
1779988770783,1,Pitching Mound.Parent,,Loading,pitch.0,435939,-0.4872,4.6291,55.4943,39.2101,2.8853,-4.8253,-0.0071,0.097
1779988770784,1,11.0000004b,Drive,Loading,pitch.0,436887,-0.2787,4.9182,55.5205,40.0365,2.272,-4.7321,-0.0054,0.096
1779988770784,1,12.00000015,Lower Delivery,Loading,pitch.0,436620,-0.6843,-0.258,0.5786,-0.0628,-0.0325,-0.0069,0.0,0.0
1779988770784,1,12.00000018,Upper Delivery,Loading,pitch.0,437478,-0.0641,0.0613,0.0532,-0.0884,-0.0304,-0.0012,0.0,0.0
1779988770784,1,Pitching Mound.Delivery,,Loading,pitch.0,436319,-0.7484,-0.1967,0.6318,0.0274,-0.0629,0.2028,0.0,0.0
1779988770784,1,Pitching Mound.Drive,,Loading,pitch.0,436887,-0.2787,4.9182,55.5205,40.0365,2.272,-4.7321,-0.0054,0.096
1779988770784,1,Pitching Mound.Parent,,Loading,pitch.0,435940,-0.7944,4.6626,55.9521,39.7483,2.4672,-4.6748,-0.006,0.0977
1779988770785,1,12.00000015,Lower Delivery,Loading,pitch.0,436621,-0.7112,-0.27,0.6132,-0.0591,-0.0292,-0.0073,0.0,0.0
1779988770785,1,12.00000018,Upper Delivery,Loading,pitch.0,437479,-0.0603,0.0617,0.086,-0.0884,-0.0304,-0.0012,0.0,0.0
1779988770785,1,Pitching Mound.Delivery,,Loading,pitch.0,436320,-0.7716,-0.2083,0.6991,0.0317,-0.0595,0.2128,0.0,0.0
1779988770785,1,Pitching Mound.Parent,,Loading,pitch.0,435941,-1.0503,4.7099,56.2197,40.0683,2.2124,-4.5193,-0.0054,0.098
1779988770786,1,11.0000004b,Drive,Loading,pitch.0,436888,-0.49,4.9366,55.5472,39.967,2.2743,-4.638,-0.0055,0.0958
1779988770786,1,12.00000015,Lower Delivery,Loading,pitch.0,436622,-0.6643,-0.2787,0.5586,-0.0458,-0.0251,-0.0093,0.0,0.0
1779988770786,1,12.00000018,Upper Delivery,Loading,pitch.0,437480,-0.0527,0.063,0.0896,-0.0884,-0.0304,-0.0012,0.0,0.0
1779988770786,1,Pitching Mound.Delivery,,Loading,pitch.0,436321,-0.717,-0.2157,0.6482,0.0253,-0.0555,0.1974,0.0,0.0
1779988770786,1,Pitching Mound.Drive,,Loading,pitch.0,436888,-0.49,4.9366,55.5472,39.967,2.2743,-4.638,-0.0055,0.0958
1779988770786,1,Pitching Mound.Parent,,Loading,pitch.0,435942,-1.2071,4.721,56.1954,39.9924,2.2188,-4.4405,-0.0054,0.0975
1779988770787,1,11.0000004b,Drive,Loading,pitch.0,436889,-0.7202,4.9628,55.6542,40.0674,1.967,-4.5287,-0.0047,0.0958
1779988770787,1,12.00000015,Lower Delivery,Loading,pitch.0,436623,-0.7267,-0.2955,0.6289,-0.0369,-0.0174,-0.0066,0.0,0.0
1779988770787,1,12.00000018,Upper Delivery,Loading,pitch.0,437481,-0.0596,0.0584,0.0577,-0.0884,-0.0304,-0.0012,0.0,0.0
1779988770787,1,Pitching Mound.Delivery,,Loading,pitch.0,436322,-0.7863,-0.2371,0.6866,0.069,-0.0478,0.219,0.0,0.0
1779988770787,1,Pitching Mound.Drive,,Loading,pitch.0,436889,-0.7202,4.9628,55.6542,40.0674,1.967,-4.5287,-0.0047,0.0958
1779988770787,1,Pitching Mound.Parent,,Loading,pitch.0,435943,-1.5065,4.7257,56.3408,40.1364,1.9192,-4.3097,-0.0046,0.0981
1779988770788,1,11.0000004b,Drive,Loading,pitch.0,436890,-0.9429,4.9911,55.8251,40.1253,1.7568,-4.3722,-0.0042,0.0957
1779988770788,1,12.00000015,Lower Delivery,Loading,pitch.0,436624,-0.7157,-0.3094,0.6111,-0.0272,-0.0125,-0.0071,0.0,0.0
1779988770788,1,12.00000018,Upper Delivery,Loading,pitch.0,437482,-0.06,0.0595,0.0474,-0.0884,-0.0304,-0.0012,0.0,0.0
1779988770788,1,Pitching Mound.Delivery,,Loading,pitch.0,436323,-0.7757,-0.2499,0.6585,0.0761,-0.0429,0.2146,0.0,0.0
1779988770788,1,Pitching Mound.Drive,,Loading,pitch.0,436890,-0.9429,4.9911,55.8251,40.1253,1.7568,-4.3722,-0.0042,0.0957
1779988770788,1,Pitching Mound.Parent,,Loading,pitch.0,435944,-1.7187,4.7412,56.4837,40.2014,1.7139,-4.1576,-0.0041,0.098
1779988770789,1,11.0000004b,Drive,Loading,pitch.0,436891,-1.1727,5.0032,56.0432,40.157,1.3505,-4.2452,-0.0032,0.0954
1779988770789,1,12.00000015,Lower Delivery,Loading,pitch.0,436625,-0.7681,-0.3239,0.6629,-0.021,-0.0132,-0.0084,0.0,0.0
1779988770789,1,12.00000018,Upper Delivery,Loading,pitch.0,437483,-0.0565,0.054,0.0374,-0.0884,-0.0304,-0.0012,0.0,0.0
1779988770789,1,Pitching Mound.Delivery,,Loading,pitch.0,436324,-0.8247,-0.2699,0.7003,0.1033,-0.0436,0.2324,0.0,0.0
1779988770789,1,Pitching Mound.Drive,,Loading,pitch.0,436891,-1.1727,5.0032,56.0432,40.157,1.3505,-4.2452,-0.0032,0.0954
1779988770789,1,Pitching Mound.Parent,,Loading,pitch.0,435945,-1.9974,4.7334,56.7436,40.2603,1.3069,-4.0128,-0.0032,0.098
1779988770790,1,11.0000004b,Drive,Loading,pitch.0,436892,-1.3904,5.0195,56.2981,40.3045,1.2144,-4.147,-0.0029,0.0953
1779988770790,1,12.00000015,Lower Delivery,Loading,pitch.0,436626,-0.7466,-0.3341,0.6451,-0.0191,-0.0143,-0.0081,0.0,0.0
1779988770790,1,12.00000018,Upper Delivery,Loading,pitch.0,437484,-0.0553,0.0565,0.0364,-0.0884,-0.0304,-0.0012,0.0,0.0
1779988770790,1,Pitching Mound.Delivery,,Loading,pitch.0,436325,-0.8019,-0.2776,0.6815,0.0994,-0.0446,0.2257,0.0,0.0
1779988770790,1,Pitching Mound.Drive,,Loading,pitch.0,436892,-1.3904,5.0195,56.2981,40.3045,1.2144,-4.147,-0.0029,0.0953
1779988770790,1,Pitching Mound.Parent,,Loading,pitch.0,435946,-2.1923,4.7419,56.9796,40.404,1.1697,-3.9213,-0.0028,0.0978
1779988770791,1,11.0000004b,Drive,Loading,pitch.0,436893,-1.5735,5.0141,56.4498,40.3836,1.14,-4.0459,-0.0027,0.0952
1779988770791,1,12.00000015,Lower Delivery,Loading,pitch.0,436627,-0.706,-0.34,0.5952,-0.0237,-0.0187,-0.0115,0.0,0.0
1779988770791,1,12.00000018,Upper Delivery,Loading,pitch.0,437485,-0.0587,0.0573,0.042,-0.0884,-0.0304,-0.0012,0.0,0.0
1779988770791,1,Pitching Mound.Delivery,,Loading,pitch.0,436326,-0.7647,-0.2827,0.6372,0.0761,-0.049,0.2074,0.0,0.0
1779988770791,1,Pitching Mound.Drive,,Loading,pitch.0,436893,-1.5735,5.0141,56.4498,40.3836,1.14,-4.0459,-0.0027,0.0952
1779988770791,1,Pitching Mound.Parent,,Loading,pitch.0,435947,-2.3382,4.7314,57.0869,40.4597,1.0909,-3.8385,-0.0027,0.0975
1779988770792,1,11.0000004b,Drive,Loading,pitch.0,436894,-1.7836,5.0054,56.6426,40.5086,1.2325,-3.9747,-0.0029,0.0952
1779988770792,1,12.00000015,Lower Delivery,Loading,pitch.0,436628,-0.6717,-0.3313,0.5643,-0.0388,-0.0185,-0.0068,0.0,0.0
1779988770792,1,12.00000018,Upper Delivery,Loading,pitch.0,437486,-0.046,0.0764,0.0977,-0.0884,-0.0304,-0.0012,0.0,0.0
1779988770792,1,Pitching Mound.Delivery,,Loading,pitch.0,436327,-0.7177,-0.2549,0.662,0.0315,-0.0488,0.2047,0.0,0.0
1779988770792,1,Pitching Mound.Drive,,Loading,pitch.0,436894,-1.7836,5.0054,56.6426,40.5086,1.2325,-3.9747,-0.0029,0.0952
1779988770792,1,Pitching Mound.Parent,,Loading,pitch.0,435948,-2.5013,4.7505,57.3046,40.5401,1.1836,-3.7699,-0.0029,0.0969
1779988770793,1,11.0000004b,Drive,Loading,pitch.0,436895,-1.9351,5.0021,56.7832,40.5992,1.2495,-3.8703,-0.0029,0.0952
1779988770793,1,12.00000015,Lower Delivery,Loading,pitch.0,436629,-0.624,-0.3143,0.5154,-0.0498,-0.0234,-0.0054,0.0,0.0
1779988770793,1,12.00000018,Upper Delivery,Loading,pitch.0,437487,-0.0523,0.0662,0.0678,-0.0884,-0.0304,-0.0012,0.0,0.0
1779988770793,1,Pitching Mound.Delivery,,Loading,pitch.0,436328,-0.6763,-0.2481,0.5832,0.014,-0.0537,0.1878,0.0,0.0
1779988770793,1,Pitching Mound.Drive,,Loading,pitch.0,436895,-1.9351,5.0021,56.7832,40.5992,1.2495,-3.8703,-0.0029,0.0952
1779988770793,1,Pitching Mound.Parent,,Loading,pitch.0,435949,-2.6114,4.754,57.3664,40.6132,1.1958,-3.6825,-0.0029,0.0969
1779988770794,1,11.0000004b,Drive,Loading,pitch.0,436896,-2.0927,5.0058,57.1091,40.8396,1.2772,-3.8327,-0.003,0.0952
1779988770794,1,12.00000015,Lower Delivery,Loading,pitch.0,436630,-0.608,-0.3106,0.5076,-0.0418,-0.0192,-0.0059,0.0,0.0
1779988770794,1,12.00000018,Upper Delivery,Loading,pitch.0,437488,-0.0624,0.0641,0.0473,-0.0884,-0.0304,-0.0012,0.0,0.0
1779988770794,1,Pitching Mound.Delivery,,Loading,pitch.0,436329,-0.6704,-0.2465,0.5548,0.0264,-0.0496,0.1784,0.0,0.0
1779988770794,1,Pitching Mound.Drive,,Loading,pitch.0,436896,-2.0927,5.0058,57.1091,40.8396,1.2772,-3.8327,-0.003,0.0952
1779988770794,1,Pitching Mound.Parent,,Loading,pitch.0,435950,-2.7631,4.7593,57.6639,40.866,1.2276,-3.6543,-0.0029,0.097
1779988770795,1,11.0000004b,Drive,Loading,pitch.0,436897,-2.2557,4.9969,57.3028,40.8305,1.1043,-3.7349,-0.0026,0.0949
1779988770795,1,12.00000015,Lower Delivery,Loading,pitch.0,436631,-0.5729,-0.3071,0.4791,-0.043,-0.0172,-0.0069,0.0,0.0
1779988770795,1,12.00000018,Upper Delivery,Loading,pitch.0,437489,-0.0644,0.0571,0.053,-0.0884,-0.0304,-0.0012,0.0,0.0
1779988770795,1,Pitching Mound.Delivery,,Loading,pitch.0,436330,-0.6373,-0.25,0.5321,0.0135,-0.0476,0.1648,0.0,0.0
1779988770795,1,Pitching Mound.Drive,,Loading,pitch.0,436897,-2.2557,4.9969,57.3028,40.8305,1.1043,-3.7349,-0.0026,0.0949
1779988770795,1,Pitching Mound.Parent,,Loading,pitch.0,435951,-2.8931,4.7468,57.835,40.844,1.0567,-3.5701,-0.0025,0.0965
1779988770796,1,11.0000004b,Drive,Loading,pitch.0,436898,-2.4223,4.9937,57.6596,41.0193,1.0656,-3.6937,-0.0025,0.0947
1779988770796,1,12.00000015,Lower Delivery,Loading,pitch.0,436632,-0.5608,-0.2768,0.4741,-0.0432,-0.0099,-0.0049,0.0,0.0
1779988770796,1,12.00000018,Upper Delivery,Loading,pitch.0,437490,-0.0636,0.0682,0.0753,-0.0884,-0.0304,-0.0012,0.0,0.0
1779988770796,1,Pitching Mound.Delivery,,Loading,pitch.0,436331,-0.6245,-0.2086,0.5494,0.004,-0.0403,0.1629,0.0,0.0
1779988770796,1,Pitching Mound.Drive,,Loading,pitch.0,436898,-2.4223,4.9937,57.6596,41.0193,1.0656,-3.6937,-0.0025,0.0947
1779988770796,1,Pitching Mound.Parent,,Loading,pitch.0,435952,-3.0468,4.7851,58.209,41.0233,1.0253,-3.5308,-0.0024,0.0961
1779988770797,1,11.0000004b,Drive,Loading,pitch.0,436899,-2.5741,5.0193,57.8935,41.1807,0.6541,-3.6517,-0.0015,0.0947
1779988770797,1,11.0000004b,Drive,Loading,pitch.0,436900,-2.7336,5.0417,58.1956,41.2877,0.4134,-3.6301,-0.0009,0.0944
1779988770797,1,12.00000015,Lower Delivery,Loading,pitch.0,436633,-0.5349,-0.2828,0.4471,-0.035,-0.0057,-0.0042,0.0,0.0
1779988770797,1,12.00000018,Upper Delivery,Loading,pitch.0,437491,-0.0567,0.0675,0.0606,-0.0884,-0.0304,-0.0012,0.0,0.0
1779988770797,1,Pitching Mound.Delivery,,Loading,pitch.0,436332,-0.5916,-0.2153,0.5078,0.0081,-0.036,0.1572,0.0,0.0
1779988770797,1,Pitching Mound.Drive,,Loading,pitch.0,436899,-2.5741,5.0193,57.8935,41.1807,0.6541,-3.6517,-0.0015,0.0947
1779988770797,1,Pitching Mound.Drive,,Loading,pitch.0,436900,-2.7336,5.0417,58.1956,41.2877,0.4134,-3.6301,-0.0009,0.0944
1779988770797,1,Pitching Mound.Parent,,Loading,pitch.0,435953,-3.1657,4.804,58.4013,41.1888,0.618,-3.4945,-0.0015,0.0961
1779988770798,1,12.00000015,Lower Delivery,Loading,pitch.0,436634,-0.5086,-0.2799,0.4162,-0.024,-0.0011,-0.0056,0.0,0.0
1779988770798,1,12.00000018,Upper Delivery,Loading,pitch.0,437492,-0.0596,0.0646,0.0389,-0.0884,-0.0304,-0.0012,0.0,0.0
1779988770798,1,Pitching Mound.Delivery,,Loading,pitch.0,436333,-0.5682,-0.2153,0.455,0.0159,-0.0315,0.1458,0.0,0.0
1779988770798,1,Pitching Mound.Parent,,Loading,pitch.0,435954,-3.3018,4.8264,58.6506,41.3036,0.382,-3.4843,-0.0009,0.0959
1779988770799,1,11.0000004b,Drive,Loading,pitch.0,436901,-2.8921,5.0761,58.4193,41.4406,0.2722,-3.6046,-0.0006,0.0944
1779988770799,1,12.00000015,Lower Delivery,Loading,pitch.0,436635,-0.4722,-0.2755,0.3829,-0.0271,-0.0022,-0.0045,0.0,0.0
1779988770799,1,12.00000018,Upper Delivery,Loading,pitch.0,437493,-0.0489,0.0749,0.0541,-0.0884,-0.0304,-0.0012,0.0,0.0
1779988770799,1,Pitching Mound.Delivery,,Loading,pitch.0,436334,-0.5211,-0.2006,0.437,-0.0037,-0.0325,0.1382,0.0,0.0
1779988770799,1,Pitching Mound.Drive,,Loading,pitch.0,436901,-2.8921,5.0761,58.4193,41.4406,0.2722,-3.6046,-0.0006,0.0944
1779988770799,1,Pitching Mound.Parent,,Loading,pitch.0,435955,-3.4132,4.8755,58.8563,41.4369,0.2397,-3.4664,-0.0006,0.0956
1779988770800,1,11.0000004b,Drive,Loading,pitch.0,436902,-3.0518,5.1042,58.7273,41.4994,0.1967,-3.5813,-0.0004,0.0941
1779988770800,1,12.00000015,Lower Delivery,Loading,pitch.0,436636,-0.469,-0.3103,0.3661,-0.0139,-0.001,-0.0064,0.0,0.0
1779988770800,1,12.00000018,Upper Delivery,Loading,pitch.0,437494,-0.0459,0.075,0.0753,-0.0884,-0.0304,-0.0012,0.0,0.0
1779988770800,1,Pitching Mound.Delivery,,Loading,pitch.0,436335,-0.5149,-0.2354,0.4415,-0.0034,-0.0314,0.1363,0.0,0.0
1779988770800,1,Pitching Mound.Drive,,Loading,pitch.0,436902,-3.0518,5.1042,58.7273,41.4994,0.1967,-3.5813,-0.0004,0.0941
1779988770800,1,Pitching Mound.Parent,,Loading,pitch.0,435956,-3.5667,4.8688,59.1688,41.4959,0.1653,-3.445,-0.0004,0.095
1779988770801,1,11.0000004b,Drive,Loading,pitch.0,436903,-3.1948,5.1701,59.0356,41.6917,-0.1656,-3.534,0.0004,0.094
1779988770801,1,12.00000015,Lower Delivery,Loading,pitch.0,436637,-0.4722,-0.3179,0.3646,-0.0109,-0.0039,-0.008,0.0,0.0
1779988770801,1,12.00000018,Upper Delivery,Loading,pitch.0,437495,-0.0488,0.0671,0.0726,-0.0884,-0.0304,-0.0012,0.0,0.0
1779988770801,1,Pitching Mound.Delivery,,Loading,pitch.0,436336,-0.521,-0.2508,0.4372,0.0,-0.0343,0.1347,0.0,0.0
1779988770801,1,Pitching Mound.Drive,,Loading,pitch.0,436903,-3.1948,5.1701,59.0356,41.6917,-0.1656,-3.534,0.0004,0.094
1779988770801,1,Pitching Mound.Parent,,Loading,pitch.0,435957,-3.7158,4.9193,59.4727,41.6917,-0.1999,-3.3993,0.0004,0.095
1779988770802,1,11.0000004b,Drive,Loading,pitch.0,436904,-3.34,5.2532,59.4898,41.9628,-0.3057,-3.5032,0.0007,0.0939
1779988770802,1,12.00000015,Lower Delivery,Loading,pitch.0,436638,-0.4914,-0.3188,0.3888,-0.0076,-0.0023,-0.0081,0.0,0.0
1779988770802,1,12.00000018,Upper Delivery,Loading,pitch.0,437496,-0.0612,0.0463,0.0308,-0.0884,-0.0304,-0.0012,0.0,0.0
1779988770802,1,Pitching Mound.Delivery,,Loading,pitch.0,436337,-0.5526,-0.2724,0.4197,0.0258,-0.0327,0.137,0.0,0.0
1779988770802,1,Pitching Mound.Drive,,Loading,pitch.0,436904,-3.34,5.2532,59.4898,41.9628,-0.3057,-3.5032,0.0007,0.0939
1779988770802,1,Pitching Mound.Parent,,Loading,pitch.0,435958,-3.8926,4.9808,59.9094,41.9886,-0.3383,-3.3662,0.0007,0.0953
1779988770803,1,11.0000004b,Drive,Loading,pitch.0,436905,-3.4941,5.3448,59.8465,42.2046,-0.5982,-3.5037,0.0013,0.0939
1779988770803,1,12.00000015,Lower Delivery,Loading,pitch.0,436639,-0.4815,-0.3,0.3817,-0.0057,-0.0015,-0.0079,0.0,0.0
1779988770803,1,12.00000018,Upper Delivery,Loading,pitch.0,437497,-0.0605,0.0425,0.0211,-0.0884,-0.0304,-0.0012,0.0,0.0
1779988770803,1,Pitching Mound.Delivery,,Loading,pitch.0,436338,-0.5419,-0.2575,0.4028,0.0285,-0.0319,0.134,0.0,0.0
1779988770803,1,Pitching Mound.Drive,,Loading,pitch.0,436905,-3.4941,5.3448,59.8465,42.2046,-0.5982,-3.5037,0.0013,0.0939
1779988770803,1,Pitching Mound.Parent,,Loading,pitch.0,435959,-4.036,5.0873,60.2494,42.2331,-0.6301,-3.3697,0.0013,0.0953
1779988770804,1,11.0000004b,Drive,Loading,pitch.0,436907,-3.773,5.5744,60.9103,42.9841,-1.0284,-3.4927,0.0022,0.0939
1779988770804,1,11.0000004b,Drive,Loading,pitch.0,436906,-3.628,5.4513,60.3595,42.5556,-0.934,-3.5188,0.0021,0.0939
1779988770804,1,12.00000015,Lower Delivery,Loading,pitch.0,436640,-0.5014,-0.3055,0.4246,-0.0173,-0.0059,-0.0072,0.0,0.0
1779988770804,1,12.00000018,Upper Delivery,Loading,pitch.0,437498,-0.0623,0.0403,0.0246,-0.0884,-0.0304,-0.0012,0.0,0.0
1779988770804,1,Pitching Mound.Delivery,,Loading,pitch.0,436339,-0.5636,-0.2653,0.4492,0.0304,-0.0363,0.1409,0.0,0.0
1779988770804,1,Pitching Mound.Drive,,Loading,pitch.0,436907,-3.773,5.5744,60.9103,42.9841,-1.0284,-3.4927,0.0022,0.0939
1779988770804,1,Pitching Mound.Drive,,Loading,pitch.0,436906,-3.628,5.4513,60.3595,42.5556,-0.934,-3.5188,0.0021,0.0939
1779988770804,1,Pitching Mound.Parent,,Loading,pitch.0,435960,-4.1916,5.186,60.8087,42.586,-0.9702,-3.3779,0.002,0.0954
1779988770805,1,11.0000004b,Drive,Loading,pitch.0,436908,-3.8754,5.699,61.4171,43.1523,-1.3331,-3.5328,0.0029,0.0935
1779988770805,1,12.00000015,Lower Delivery,Loading,pitch.0,436641,-0.5076,-0.3035,0.4627,-0.0369,-0.0141,-0.0074,0.0,0.0
1779988770805,1,12.00000018,Upper Delivery,Loading,pitch.0,437499,-0.062,0.04,0.0303,-0.0884,-0.0304,-0.0012,0.0,0.0
1779988770805,1,Pitching Mound.Delivery,,Loading,pitch.0,436340,-0.5695,-0.2635,0.4929,0.0217,-0.0444,0.1429,0.0,0.0
1779988770805,1,Pitching Mound.Drive,,Loading,pitch.0,436908,-3.8754,5.699,61.4171,43.1523,-1.3331,-3.5328,0.0029,0.0935
1779988770805,1,Pitching Mound.Parent,,Loading,pitch.0,435961,-4.3425,5.3109,61.4032,43.0058,-1.0729,-3.3497,0.0022,0.0956
1779988770806,1,11.0000004b,Drive,Loading,pitch.0,436909,-3.9701,5.8333,61.9482,43.5967,-1.5674,-3.5597,0.0034,0.0937
1779988770806,1,12.00000015,Lower Delivery,Loading,pitch.0,436642,-0.5631,-0.2606,0.4811,-0.0606,-0.0241,-0.0048,0.0,0.0
1779988770806,1,12.00000018,Upper Delivery,Loading,pitch.0,437500,-0.06,0.0399,0.0317,-0.0884,-0.0304,-0.0012,0.0,0.0
1779988770806,1,Pitching Mound.Delivery,,Loading,pitch.0,436341,-0.6231,-0.2207,0.5128,0.0039,-0.0545,0.165,0.0,0.0
1779988770806,1,Pitching Mound.Drive,,Loading,pitch.0,436909,-3.9701,5.8333,61.9482,43.5967,-1.5674,-3.5597,0.0034,0.0937
1779988770806,1,Pitching Mound.Parent,,Loading,pitch.0,435962,-4.4985,5.4783,61.9299,43.1562,-1.3876,-3.3678,0.0029,0.0952
1779988770807,1,11.0000004b,Drive,Loading,pitch.0,436910,-4.049,5.9578,62.4167,43.8891,-1.8273,-3.5689,0.0039,0.0936
1779988770807,1,12.00000015,Lower Delivery,Loading,pitch.0,436643,-0.5651,-0.2545,0.4707,-0.0653,-0.0256,-0.0033,0.0,0.0
1779988770807,1,12.00000018,Upper Delivery,Loading,pitch.0,437501,-0.054,0.0405,0.022,-0.0884,-0.0304,-0.0012,0.0,0.0
1779988770807,1,Pitching Mound.Delivery,,Loading,pitch.0,436342,-0.6192,-0.2139,0.4927,-0.0011,-0.056,0.1692,0.0,0.0
1779988770807,1,Pitching Mound.Drive,,Loading,pitch.0,436910,-4.049,5.9578,62.4167,43.8891,-1.8273,-3.5689,0.0039,0.0936
1779988770807,1,Pitching Mound.Parent,,Loading,pitch.0,435963,-4.5892,5.6194,62.4409,43.5956,-1.6235,-3.3904,0.0033,0.0954
1779988770808,1,12.00000015,Lower Delivery,Loading,pitch.0,436644,-0.5863,-0.245,0.5027,-0.0763,-0.0282,-0.0014,0.0,0.0
1779988770808,1,12.00000018,Upper Delivery,Loading,pitch.0,437502,-0.0523,0.0406,0.0137,-0.0884,-0.0304,-0.0012,0.0,0.0
1779988770808,1,Pitching Mound.Delivery,,Loading,pitch.0,436343,-0.6385,-0.2043,0.5164,0.0016,-0.0585,0.1789,0.0,0.0
1779988770808,1,Pitching Mound.Parent,,Loading,pitch.0,435964,-4.6875,5.7535,62.933,43.8907,-1.8858,-3.39,0.0039,0.0955
1779988770809,1,11.0000004b,Drive,Loading,pitch.0,436911,-4.0983,6.0992,63.174,44.4416,-1.633,-3.6506,0.0034,0.0937
1779988770809,1,11.0000004b,Drive,Loading,pitch.0,436912,-4.1264,6.2456,63.7317,44.8715,-1.6116,-3.7377,0.0034,0.0937
1779988770809,1,12.00000015,Lower Delivery,Loading,pitch.0,436645,-0.6157,-0.2081,0.5462,-0.0826,-0.0331,-0.0009,0.0,0.0
1779988770809,1,12.00000015,Lower Delivery,Loading,pitch.0,436646,-0.6746,-0.2443,0.6042,-0.0758,-0.0273,-0.0013,0.0,0.0
1779988770809,1,12.00000018,Upper Delivery,Loading,pitch.0,437503,-0.0493,0.0399,-0.0005,-0.0884,-0.0304,-0.0012,0.0,0.0
1779988770809,1,Pitching Mound.Delivery,,Loading,pitch.0,436344,-0.665,-0.1681,0.5456,0.0149,-0.0635,0.1904,0.0,0.0
1779988770809,1,Pitching Mound.Drive,,Loading,pitch.0,436911,-4.0983,6.0992,63.174,44.4416,-1.633,-3.6506,0.0034,0.0937
1779988770809,1,Pitching Mound.Drive,,Loading,pitch.0,436912,-4.1264,6.2456,63.7317,44.8715,-1.6116,-3.7377,0.0034,0.0937
1779988770809,1,Pitching Mound.Parent,,Loading,pitch.0,435965,-4.7633,5.931,63.7196,44.4566,-1.6964,-3.4602,0.0034,0.0958
1779988770810,1,11.0000004b,Drive,Loading,pitch.0,436913,-4.156,6.3858,64.4208,45.3857,-1.6362,-3.8189,0.0034,0.0938
1779988770810,1,12.00000018,Upper Delivery,Loading,pitch.0,437504,-0.0505,0.0418,0.0004,-0.0884,-0.0304,-0.0012,0.0,0.0
1779988770810,1,Pitching Mound.Delivery,,Loading,pitch.0,436345,-0.7251,-0.2026,0.6046,0.0411,-0.0577,0.2097,0.0,0.0
1779988770810,1,Pitching Mound.Drive,,Loading,pitch.0,436913,-4.156,6.3858,64.4208,45.3857,-1.6362,-3.8189,0.0034,0.0938
1779988770810,1,Pitching Mound.Parent,,Loading,pitch.0,435966,-4.8515,6.043,64.3363,44.9126,-1.6693,-3.528,0.0033,0.096
1779988770811,1,11.0000004b,Drive,Loading,pitch.0,436914,-4.1611,6.5229,65.1692,45.8671,-1.6168,-3.9168,0.0033,0.0937
1779988770811,1,12.00000015,Lower Delivery,Loading,pitch.0,436647,-0.7289,-0.2513,0.6674,-0.0753,-0.0239,-0.0016,0.0,0.0
1779988770811,1,12.00000018,Upper Delivery,Loading,pitch.0,437505,-0.0508,0.0502,0.0059,-0.0884,-0.0304,-0.0012,0.0,0.0
1779988770811,1,Pitching Mound.Delivery,,Loading,pitch.0,436346,-0.7797,-0.2012,0.6733,0.0612,-0.0542,0.2278,0.0,0.0
1779988770811,1,Pitching Mound.Drive,,Loading,pitch.0,436914,-4.1611,6.5229,65.1692,45.8671,-1.6168,-3.9168,0.0033,0.0937
1779988770811,1,Pitching Mound.Parent,,Loading,pitch.0,435967,-4.9357,6.1847,65.0941,45.4469,-1.6905,-3.5911,0.0033,0.0963
1779988770812,1,11.0000004b,Drive,Loading,pitch.0,436915,-4.1789,6.6698,65.9241,46.4657,-1.4278,-4.0213,0.0029,0.0938
1779988770812,1,12.00000015,Lower Delivery,Loading,pitch.0,436648,-0.7524,-0.2364,0.7089,-0.0775,-0.0235,0.0025,0.0,0.0
1779988770812,1,12.00000018,Upper Delivery,Loading,pitch.0,437506,-0.051,0.0472,0.0061,-0.0884,-0.0304,-0.0012,0.0,0.0
1779988770812,1,Pitching Mound.Delivery,,Loading,pitch.0,436347,-0.8033,-0.1891,0.715,0.0731,-0.0539,0.2398,0.0,0.0
1779988770812,1,Pitching Mound.Drive,,Loading,pitch.0,436915,-4.1789,6.6698,65.9241,46.4657,-1.4278,-4.0213,0.0029,0.0938
1779988770812,1,Pitching Mound.Parent,,Loading,pitch.0,435968,-4.9644,6.3338,65.8842,45.9402,-1.6707,-3.677,0.0033,0.0963
1779988770813,1,11.0000004b,Drive,Loading,pitch.0,436916,-4.1862,6.8113,66.6778,46.999,-1.3363,-4.1328,0.0027,0.0938
1779988770813,1,12.00000015,Lower Delivery,Loading,pitch.0,436649,-0.7521,-0.2198,0.7267,-0.0743,-0.0237,0.0017,0.0,0.0
1779988770813,1,12.00000018,Upper Delivery,Loading,pitch.0,437508,-0.0511,0.0569,0.0358,-0.0884,-0.0304,-0.0012,0.0,0.0
1779988770813,1,12.00000018,Upper Delivery,Loading,pitch.0,437507,-0.0494,0.0596,0.0134,-0.0884,-0.0304,-0.0012,0.0,0.0
1779988770813,1,Pitching Mound.Delivery,,Loading,pitch.0,436348,-0.8016,-0.1602,0.7401,0.0798,-0.054,0.2394,0.0,0.0
1779988770813,1,Pitching Mound.Drive,,Loading,pitch.0,436916,-4.1862,6.8113,66.6778,46.999,-1.3363,-4.1328,0.0027,0.0938
1779988770813,1,Pitching Mound.Parent,,Loading,pitch.0,435969,-4.9805,6.5096,66.6642,46.5455,-1.4818,-3.7819,0.0029,0.0964
1779988770814,1,11.0000004b,Drive,Loading,pitch.0,436917,-4.2259,6.9332,67.0817,47.0288,-1.5713,-4.2012,0.0031,0.0933
1779988770814,1,12.00000015,Lower Delivery,Loading,pitch.0,436650,-0.7741,-0.2392,0.7399,-0.0711,-0.0169,0.0014,0.0,0.0
1779988770814,1,12.00000015,Lower Delivery,Loading,pitch.0,436651,-0.7615,-0.2245,0.7433,-0.0597,-0.0096,-0.0009,0.0,0.0
1779988770814,1,Pitching Mound.Delivery,,Loading,pitch.0,436349,-0.8252,-0.1823,0.7757,0.0799,-0.0473,0.246,0.0,0.0
1779988770814,1,Pitching Mound.Drive,,Loading,pitch.0,436917,-4.2259,6.9332,67.0817,47.0288,-1.5713,-4.2012,0.0031,0.0933
1779988770814,1,Pitching Mound.Parent,,Loading,pitch.0,435970,-5.0114,6.6291,67.4535,47.0789,-1.3836,-3.8869,0.0026,0.0963
1779988770815,1,11.0000004b,Drive,Loading,pitch.0,436918,-4.1828,7.0842,68.1657,48.0568,-0.7958,-4.4132,0.0016,0.0939
1779988770815,1,12.00000018,Upper Delivery,Loading,pitch.0,437509,-0.0477,0.0631,0.0295,-0.0884,-0.0304,-0.0012,0.0,0.0
1779988770815,1,Pitching Mound.Delivery,,Loading,pitch.0,436350,-0.8092,-0.1615,0.7728,0.0946,-0.04,0.2405,0.0,0.0
1779988770815,1,Pitching Mound.Drive,,Loading,pitch.0,436918,-4.1828,7.0842,68.1657,48.0568,-0.7958,-4.4132,0.0016,0.0939
1779988770815,1,Pitching Mound.Parent,,Loading,pitch.0,435971,-5.0351,6.7717,67.8545,47.1234,-1.6112,-3.9607,0.0031,0.0958
1779988770816,1,11.0000004b,Drive,Loading,pitch.0,436919,-4.1378,7.2349,69.0471,48.8879,-0.3233,-4.5789,0.0006,0.0943
1779988770816,1,12.00000015,Lower Delivery,Loading,pitch.0,436652,-0.6946,-0.194,0.6849,-0.0625,-0.007,0.0015,0.0,0.0
1779988770816,1,12.00000018,Upper Delivery,Loading,pitch.0,437510,-0.0263,0.0848,0.0941,-0.0884,-0.0304,-0.0012,0.0,0.0
1779988770816,1,12.00000018,Upper Delivery,Loading,pitch.0,437511,-0.0165,0.0951,0.121,-0.0884,-0.0304,-0.0012,0.0,0.0
1779988770816,1,Pitching Mound.Delivery,,Loading,pitch.0,436351,-0.7209,-0.1092,0.779,0.05,-0.0374,0.2276,0.0,0.0
1779988770816,1,Pitching Mound.Drive,,Loading,pitch.0,436919,-4.1378,7.2349,69.0471,48.8879,-0.3233,-4.5789,0.0006,0.0943
1779988770816,1,Pitching Mound.Parent,,Loading,pitch.0,435972,-4.9037,6.975,68.9448,48.1068,-0.8332,-4.1856,0.0015,0.0957
1779988770817,1,11.0000004b,Drive,Loading,pitch.0,436920,-4.1384,7.3483,69.6249,49.0378,-0.3942,-4.6973,0.0008,0.0938
1779988770817,1,12.00000015,Lower Delivery,Loading,pitch.0,436653,-0.6609,-0.1918,0.6502,-0.0561,-0.0035,-0.0003,0.0,0.0
1779988770817,1,12.00000018,Upper Delivery,Loading,pitch.0,437512,-0.0082,0.103,0.1271,-0.0884,-0.0304,-0.0012,0.0,0.0
1779988770817,1,Pitching Mound.Delivery,,Loading,pitch.0,436352,-0.6774,-0.0967,0.7711,0.0354,-0.0339,0.2176,0.0,0.0
1779988770817,1,Pitching Mound.Drive,,Loading,pitch.0,436920,-4.1384,7.3483,69.6249,49.0378,-0.3942,-4.6973,0.0008,0.0938
1779988770817,1,Pitching Mound.Parent,,Loading,pitch.0,435973,-4.8152,7.1382,69.8182,48.9234,-0.3573,-4.3613,0.0006,0.0958
1779988770818,1,11.0000004b,Drive,Loading,pitch.0,436921,-4.1297,7.4767,70.346,49.6931,-0.1929,-4.8264,0.0004,0.094
1779988770818,1,12.00000015,Lower Delivery,Loading,pitch.0,436654,-0.6216,-0.1747,0.6143,-0.0621,-0.0004,0.0018,0.0,0.0
1779988770818,1,12.00000018,Upper Delivery,Loading,pitch.0,437513,-0.005,0.1069,0.1454,-0.0884,-0.0304,-0.0012,0.0,0.0
1779988770818,1,Pitching Mound.Delivery,,Loading,pitch.0,436353,-0.6297,-0.0717,0.7414,0.0152,-0.0308,0.2091,0.0,0.0
1779988770818,1,Pitching Mound.Drive,,Loading,pitch.0,436921,-4.1297,7.4767,70.346,49.6931,-0.1929,-4.8264,0.0004,0.094
1779988770818,1,Pitching Mound.Parent,,Loading,pitch.0,435974,-4.7681,7.2766,70.3663,49.053,-0.425,-4.4882,0.0007,0.0951
1779988770819,1,11.0000004b,Drive,Loading,pitch.0,436922,-4.0894,7.5914,71.2186,50.4627,0.2521,-4.9727,-0.0005,0.0943
1779988770819,1,12.00000015,Lower Delivery,Loading,pitch.0,436655,-0.6178,-0.1682,0.61,-0.0632,-0.0029,-0.0008,0.0,0.0
1779988770819,1,Pitching Mound.Delivery,,Loading,pitch.0,436354,-0.6228,-0.0613,0.7554,0.0064,-0.0333,0.2063,0.0,0.0
1779988770819,1,Pitching Mound.Drive,,Loading,pitch.0,436922,-4.0894,7.5914,71.2186,50.4627,0.2521,-4.9727,-0.0005,0.0943
1779988770819,1,Pitching Mound.Parent,,Loading,pitch.0,435975,-4.7525,7.4154,71.1015,49.6994,-0.2262,-4.6201,0.0004,0.0953
1779988770820,1,11.0000004b,Drive,Loading,pitch.0,436923,-4.062,7.6952,71.9797,51.0405,0.4644,-5.1453,-0.0009,0.0944
1779988770820,1,12.00000015,Lower Delivery,Loading,pitch.0,436657,-0.6169,-0.1736,0.613,-0.0525,-0.0002,-0.0034,0.0,0.0
1779988770820,1,12.00000015,Lower Delivery,Loading,pitch.0,436656,-0.6238,-0.1724,0.6142,-0.0651,-0.0018,-0.0011,0.0,0.0
1779988770820,1,12.00000018,Upper Delivery,Loading,pitch.0,437514,-0.0197,0.0888,0.1429,-0.0884,-0.0304,-0.0012,0.0,0.0
1779988770820,1,Pitching Mound.Delivery,,Loading,pitch.0,436355,-0.6435,-0.0836,0.7571,0.0068,-0.0321,0.2031,0.0,0.0
1779988770820,1,Pitching Mound.Drive,,Loading,pitch.0,436923,-4.062,7.6952,71.9797,51.0405,0.4644,-5.1453,-0.0009,0.0944
1779988770820,1,Pitching Mound.Parent,,Loading,pitch.0,435976,-4.7329,7.5078,71.9757,50.4695,0.22,-4.7696,-0.0005,0.0956
1779988770821,1,11.0000004b,Drive,Loading,pitch.0,436924,-4.0075,7.8156,72.7616,51.6513,0.6658,-5.2662,-0.0012,0.0945
1779988770821,1,12.00000018,Upper Delivery,Loading,pitch.0,437515,-0.0431,0.0644,0.0857,-0.0884,-0.0304,-0.0012,0.0,0.0
1779988770821,1,Pitching Mound.Delivery,,Loading,pitch.0,436356,-0.66,-0.1092,0.6987,0.0384,-0.0306,0.1905,0.0,0.0
1779988770821,1,Pitching Mound.Drive,,Loading,pitch.0,436924,-4.0075,7.8156,72.7616,51.6513,0.6658,-5.2662,-0.0012,0.0945
1779988770821,1,Pitching Mound.Parent,,Loading,pitch.0,435977,-4.722,7.586,72.6784,51.0789,0.4338,-4.9548,-0.0009,0.096
1779988770822,1,11.0000004b,Drive,Loading,pitch.0,436925,-3.9684,7.9206,73.4603,52.0328,0.604,-5.3887,-0.0011,0.0943
1779988770822,1,12.00000015,Lower Delivery,Loading,pitch.0,436658,-0.5723,-0.2177,0.5298,-0.055,0.0015,-0.001,0.0,0.0
1779988770822,1,12.00000015,Lower Delivery,Loading,pitch.0,436659,-0.5762,-0.22,0.531,-0.0493,-0.007,-0.0075,0.0,0.0
1779988770822,1,12.00000018,Upper Delivery,Loading,pitch.0,437516,-0.0451,0.062,0.0961,-0.0884,-0.0304,-0.0012,0.0,0.0
1779988770822,1,12.00000018,Upper Delivery,Loading,pitch.0,437517,-0.0486,0.06,0.0746,-0.0884,-0.0304,-0.0012,0.0,0.0
1779988770822,1,Pitching Mound.Delivery,,Loading,pitch.0,436357,-0.6174,-0.1557,0.6259,0.0041,-0.0289,0.1771,0.0,0.0
1779988770822,1,Pitching Mound.Delivery,,Loading,pitch.0,436358,-0.6248,-0.1599,0.6057,0.0175,-0.0374,0.1706,0.0,0.0
1779988770822,1,Pitching Mound.Drive,,Loading,pitch.0,436925,-3.9684,7.9206,73.4603,52.0328,0.604,-5.3887,-0.0011,0.0943
1779988770822,1,Pitching Mound.Parent,,Loading,pitch.0,435978,-4.6249,7.6599,73.3875,51.6554,0.6369,-5.0891,-0.0012,0.0957
1779988770822,1,Pitching Mound.Parent,,Loading,pitch.0,435979,-4.5932,7.7606,74.066,52.0502,0.5666,-5.2181,-0.0011,0.0956
1779988770823,1,11.0000004b,Drive,Loading,pitch.0,436926,-3.904,8.0685,74.4461,52.9633,0.9987,-5.563,-0.0018,0.0947
1779988770823,1,12.00000018,Upper Delivery,Loading,pitch.0,437518,-0.0529,0.0608,0.0391,-0.0884,-0.0304,-0.0012,0.0,0.0
1779988770823,1,Pitching Mound.Drive,,Loading,pitch.0,436926,-3.904,8.0685,74.4461,52.9633,0.9987,-5.563,-0.0018,0.0947
1779988770824,1,11.0000004b,Drive,Loading,pitch.0,436927,-3.8627,8.15,75.0997,53.2322,0.9174,-5.6372,-0.0016,0.0944
1779988770824,1,12.00000015,Lower Delivery,Loading,pitch.0,436660,-0.569,-0.2423,0.5079,-0.0383,0.0009,-0.0069,0.0,0.0
1779988770824,1,12.00000018,Upper Delivery,Loading,pitch.0,437519,-0.0513,0.0581,0.0193,-0.0884,-0.0304,-0.0012,0.0,0.0
1779988770824,1,Pitching Mound.Delivery,,Loading,pitch.0,436359,-0.6219,-0.1815,0.547,0.0328,-0.0295,0.1674,0.0,0.0
1779988770824,1,Pitching Mound.Drive,,Loading,pitch.0,436927,-3.8627,8.15,75.0997,53.2322,0.9174,-5.6372,-0.0016,0.0944
1779988770824,1,Pitching Mound.Parent,,Loading,pitch.0,435980,-4.5258,7.8871,74.993,52.9961,0.9692,-5.3956,-0.0018,0.0961
1779988770825,1,11.0000004b,Drive,Loading,pitch.0,436928,-3.8035,8.2749,76.1025,54.145,1.408,-5.8205,-0.0025,0.0947
1779988770825,1,12.00000015,Lower Delivery,Loading,pitch.0,436661,-0.581,-0.2556,0.5159,-0.0458,0.0005,-0.0062,0.0,0.0
1779988770825,1,12.00000015,Lower Delivery,Loading,pitch.0,436662,-0.5797,-0.2742,0.4997,-0.038,0.0011,-0.0074,0.0,0.0
1779988770825,1,12.00000018,Upper Delivery,Loading,pitch.0,437520,-0.0538,0.052,0.0116,-0.0884,-0.0304,-0.0012,0.0,0.0
1779988770825,1,Pitching Mound.Delivery,,Loading,pitch.0,436360,-0.6323,-0.1975,0.5352,0.0347,-0.0298,0.1727,0.0,0.0
1779988770825,1,Pitching Mound.Delivery,,Loading,pitch.0,436361,-0.6334,-0.2222,0.5113,0.0396,-0.0293,0.1702,0.0,0.0
1779988770825,1,Pitching Mound.Drive,,Loading,pitch.0,436928,-3.8035,8.2749,76.1025,54.145,1.408,-5.8205,-0.0025,0.0947
1779988770825,1,Pitching Mound.Parent,,Loading,pitch.0,435981,-4.4949,7.9525,75.6349,53.2668,0.8876,-5.4645,-0.0016,0.0959
1779988770825,1,Pitching Mound.Parent,,Loading,pitch.0,435982,-4.4369,8.0527,76.6138,54.1846,1.3787,-5.6502,-0.0024,0.0963
1779988770826,1,11.0000004b,Drive,Loading,pitch.0,436929,-3.7561,8.3914,77.2106,54.9477,1.4362,-5.9369,-0.0025,0.0947
1779988770826,1,12.00000015,Lower Delivery,Loading,pitch.0,436663,-0.5674,-0.2965,0.4805,-0.0375,0.0053,-0.0061,0.0,0.0
1779988770826,1,12.00000018,Upper Delivery,Loading,pitch.0,437521,-0.0553,0.0477,0.0059,-0.0884,-0.0304,-0.0012,0.0,0.0
1779988770826,1,Pitching Mound.Delivery,,Loading,pitch.0,436362,-0.6227,-0.2488,0.4864,0.0355,-0.0251,0.1668,0.0,0.0
1779988770826,1,Pitching Mound.Drive,,Loading,pitch.0,436929,-3.7561,8.3914,77.2106,54.9477,1.4362,-5.9369,-0.0025,0.0947
1779988770826,1,Pitching Mound.Parent,,Loading,pitch.0,435983,-4.3788,8.1426,77.697,54.9831,1.4111,-5.7701,-0.0025,0.0962
1779988770827,1,11.0000004b,Drive,Loading,pitch.0,436930,-3.6931,8.4692,78.1014,55.6206,1.7318,-6.102,-0.003,0.0948
1779988770827,1,12.00000015,Lower Delivery,Loading,pitch.0,436664,-0.5779,-0.3355,0.4704,-0.0194,0.0024,-0.0074,0.0,0.0
1779988770827,1,12.00000018,Upper Delivery,Loading,pitch.0,437522,-0.0556,0.0476,0.0075,-0.0884,-0.0304,-0.0012,0.0,0.0
1779988770827,1,Pitching Mound.Delivery,,Loading,pitch.0,436363,-0.6335,-0.2879,0.4779,0.0496,-0.0279,0.169,0.0,0.0
1779988770827,1,Pitching Mound.Drive,,Loading,pitch.0,436930,-3.6931,8.4692,78.1014,55.6206,1.7318,-6.102,-0.003,0.0948
1779988770827,1,Pitching Mound.Parent,,Loading,pitch.0,435984,-4.3266,8.1813,78.5793,55.6703,1.7038,-5.933,-0.0029,0.0962
1779988770828,1,11.0000004b,Drive,Loading,pitch.0,436931,-3.6299,8.5841,79.2604,56.603,2.1701,-6.2778,-0.0036,0.0951
1779988770828,1,12.00000015,Lower Delivery,Loading,pitch.0,436665,-0.5828,-0.3399,0.4723,-0.0282,-0.0016,-0.0064,0.0,0.0
1779988770828,1,12.00000018,Upper Delivery,Loading,pitch.0,437523,-0.0579,0.0494,0.0129,-0.0884,-0.0304,-0.0012,0.0,0.0
1779988770828,1,Pitching Mound.Delivery,,Loading,pitch.0,436364,-0.6407,-0.2905,0.4851,0.0397,-0.032,0.1708,0.0,0.0
1779988770828,1,Pitching Mound.Drive,,Loading,pitch.0,436931,-3.6299,8.5841,79.2604,56.603,2.1701,-6.2778,-0.0036,0.0951
1779988770828,1,Pitching Mound.Parent,,Loading,pitch.0,435985,-4.2707,8.2936,79.7455,56.6426,2.1381,-6.107,-0.0036,0.0965
1779988770829,1,11.0000004b,Drive,Loading,pitch.0,436932,-3.5839,8.7017,80.2328,57.0878,2.7935,-6.437,-0.0046,0.0947
1779988770829,1,12.00000018,Upper Delivery,Loading,pitch.0,437524,-0.0577,0.0501,0.0156,-0.0884,-0.0304,-0.0012,0.0,0.0
1779988770829,1,Pitching Mound.Drive,,Loading,pitch.0,436932,-3.5839,8.7017,80.2328,57.0878,2.7935,-6.437,-0.0046,0.0947
1779988770830,1,11.0000004b,Drive,Loading,pitch.0,436933,-3.5002,8.8231,81.5312,58.1783,3.8026,-6.6127,-0.0062,0.095
1779988770830,1,12.00000015,Lower Delivery,Loading,pitch.0,436666,-0.5519,-0.3225,0.4487,-0.0258,-0.0133,-0.0077,0.0,0.0
1779988770830,1,12.00000018,Upper Delivery,Loading,pitch.0,437525,-0.0581,0.0494,0.0264,-0.0884,-0.0304,-0.0012,0.0,0.0
1779988770830,1,Pitching Mound.Delivery,,Loading,pitch.0,436365,-0.6097,-0.2724,0.4644,0.0331,-0.0436,0.1591,0.0,0.0
1779988770830,1,Pitching Mound.Drive,,Loading,pitch.0,436933,-3.5002,8.8231,81.5312,58.1783,3.8026,-6.6127,-0.0062,0.095
1779988770830,1,Pitching Mound.Parent,,Loading,pitch.0,435986,-4.1936,8.4293,80.6971,57.1209,2.7499,-6.2779,-0.0046,0.096
1779988770831,1,11.0000004b,Drive,Loading,pitch.0,436934,-3.4734,8.9174,82.3516,58.6097,3.7459,-6.7001,-0.0061,0.0947
1779988770831,1,12.00000015,Lower Delivery,Loading,pitch.0,436667,-0.5116,-0.3015,0.4136,-0.0373,-0.015,-0.0057,0.0,0.0
1779988770831,1,12.00000015,Lower Delivery,Loading,pitch.0,436668,-0.5214,-0.2917,0.4508,-0.0513,-0.0083,-0.0038,0.0,0.0
1779988770831,1,12.00000018,Upper Delivery,Loading,pitch.0,437526,-0.0622,0.0551,0.0229,-0.0884,-0.0304,-0.0012,0.0,0.0
1779988770831,1,Pitching Mound.Delivery,,Loading,pitch.0,436366,-0.5697,-0.2522,0.44,0.006,-0.0454,0.1473,0.0,0.0
1779988770831,1,Pitching Mound.Delivery,,Loading,pitch.0,436367,-0.5837,-0.2366,0.4738,0.0059,-0.0387,0.1511,0.0,0.0
1779988770831,1,Pitching Mound.Drive,,Loading,pitch.0,436934,-3.4734,8.9174,82.3516,58.6097,3.7459,-6.7001,-0.0061,0.0947
1779988770831,1,Pitching Mound.Parent,,Loading,pitch.0,435987,-4.0699,8.5709,81.9712,58.1842,3.7572,-6.4654,-0.0062,0.0961
1779988770831,1,Pitching Mound.Parent,,Loading,pitch.0,435988,-4.0571,8.6808,82.8253,58.6156,3.7072,-6.549,-0.006,0.096
1779988770832,1,11.0000004b,Drive,Loading,pitch.0,436935,-3.4027,8.9841,83.3172,58.9495,4.4491,-6.8564,-0.0071,0.0942
1779988770832,1,12.00000015,Lower Delivery,Loading,pitch.0,436669,-0.534,-0.2375,0.5082,-0.0632,-0.0102,-0.0037,0.0,0.0
1779988770832,1,12.00000018,Upper Delivery,Loading,pitch.0,437527,-0.055,0.059,0.0305,-0.0884,-0.0304,-0.0012,0.0,0.0
1779988770832,1,Pitching Mound.Delivery,,Loading,pitch.0,436368,-0.589,-0.1785,0.5388,0.0109,-0.0406,0.158,0.0,0.0
1779988770832,1,Pitching Mound.Drive,,Loading,pitch.0,436935,-3.4027,8.9841,83.3172,58.9495,4.4491,-6.8564,-0.0071,0.0942
1779988770832,1,Pitching Mound.Parent,,Loading,pitch.0,435989,-3.9917,8.8056,83.8559,58.9604,4.4085,-6.6984,-0.0071,0.0955
1779988770833,1,11.0000004b,Drive,Loading,pitch.0,436936,-3.3041,9.0563,84.3174,59.5046,4.8519,-6.9909,-0.0077,0.094
1779988770833,1,12.00000018,Upper Delivery,Loading,pitch.0,437528,-0.0459,0.0713,0.0783,-0.0884,-0.0304,-0.0012,0.0,0.0
1779988770833,1,Pitching Mound.Drive,,Loading,pitch.0,436936,-3.3041,9.0563,84.3174,59.5046,4.8519,-6.9909,-0.0077,0.094
1779988770834,1,11.0000004b,Drive,Loading,pitch.0,436937,-3.2305,9.1401,85.696,60.6792,5.1052,-7.0819,-0.0079,0.0943
1779988770834,1,12.00000015,Lower Delivery,Loading,pitch.0,436670,-0.5455,-0.2257,0.5096,-0.0578,0.0028,-0.0009,0.0,0.0
1779988770834,1,12.00000018,Upper Delivery,Loading,pitch.0,437529,-0.037,0.0799,0.1114,-0.0884,-0.0304,-0.0012,0.0,0.0
1779988770834,1,Pitching Mound.Delivery,,Loading,pitch.0,436369,-0.5914,-0.1543,0.5879,0.0005,-0.0276,0.1677,0.0,0.0
1779988770834,1,Pitching Mound.Drive,,Loading,pitch.0,436937,-3.2305,9.1401,85.696,60.6792,5.1052,-7.0819,-0.0079,0.0943
1779988770834,1,Pitching Mound.Parent,,Loading,pitch.0,435990,-3.8954,8.902,84.9053,59.5051,4.8244,-6.8232,-0.0076,0.095
1779988770835,1,11.0000004b,Drive,Loading,pitch.0,436938,-3.1265,9.1925,86.4809,60.9471,5.4591,-7.1922,-0.0084,0.0938
1779988770835,1,12.00000015,Lower Delivery,Loading,pitch.0,436671,-0.5149,-0.1901,0.4901,-0.0733,-0.0105,-0.0015,0.0,0.0
1779988770835,1,12.00000018,Upper Delivery,Loading,pitch.0,437530,-0.0519,0.0648,0.0558,-0.0884,-0.0304,-0.0012,0.0,0.0
1779988770835,1,Pitching Mound.Delivery,,Loading,pitch.0,436370,-0.5519,-0.1102,0.6014,-0.0329,-0.0408,0.1598,0.0,0.0
1779988770835,1,Pitching Mound.Drive,,Loading,pitch.0,436938,-3.1265,9.1925,86.4809,60.9471,5.4591,-7.1922,-0.0084,0.0938
1779988770835,1,Pitching Mound.Parent,,Loading,pitch.0,435991,-3.7824,9.03,86.2974,60.6463,5.0644,-6.9221,-0.0079,0.0951
1779988770836,1,11.0000004b,Drive,Loading,pitch.0,436939,-3.0134,9.2374,87.2566,61.5045,5.9832,-7.3448,-0.0091,0.0938
1779988770836,1,12.00000015,Lower Delivery,Loading,pitch.0,436673,-0.4908,-0.1371,0.48,-0.0808,-0.0179,-0.0012,0.0,0.0
1779988770836,1,12.00000015,Lower Delivery,Loading,pitch.0,436672,-0.5062,-0.1444,0.4969,-0.0789,-0.0116,-0.0007,0.0,0.0
1779988770836,1,12.00000018,Upper Delivery,Loading,pitch.0,437531,-0.0461,0.0683,0.098,-0.0884,-0.0304,-0.0012,0.0,0.0
1779988770836,1,Pitching Mound.Delivery,,Loading,pitch.0,436372,-0.5368,-0.0688,0.578,-0.0393,-0.0483,0.1488,0.0,0.0
1779988770836,1,Pitching Mound.Delivery,,Loading,pitch.0,436371,-0.5581,-0.0796,0.5527,-0.0173,-0.0419,0.1526,0.0,0.0
1779988770836,1,Pitching Mound.Drive,,Loading,pitch.0,436939,-3.0134,9.2374,87.2566,61.5045,5.9832,-7.3448,-0.0091,0.0938
1779988770836,1,Pitching Mound.Parent,,Loading,pitch.0,435993,-3.5502,9.1685,87.8346,61.4652,5.9349,-7.196,-0.0091,0.0947
1779988770836,1,Pitching Mound.Parent,,Loading,pitch.0,435992,-3.6846,9.1129,87.0337,60.9298,5.4171,-7.0396,-0.0084,0.0949
1779988770837,1,11.0000004b,Drive,Loading,pitch.0,436940,-2.9438,9.3065,88.616,62.8696,6.2095,-7.4259,-0.0093,0.0944
1779988770837,1,12.00000015,Lower Delivery,Loading,pitch.0,436674,-0.5072,-0.1207,0.5022,-0.0643,-0.0172,-0.0028,0.0,0.0
1779988770837,1,12.00000018,Upper Delivery,Loading,pitch.0,437532,-0.0448,0.0614,0.0732,-0.0884,-0.0304,-0.0012,0.0,0.0
1779988770837,1,Pitching Mound.Delivery,,Loading,pitch.0,436373,-0.552,-0.0593,0.5754,-0.0068,-0.0476,0.1532,0.0,0.0
1779988770837,1,Pitching Mound.Drive,,Loading,pitch.0,436940,-2.9438,9.3065,88.616,62.8696,6.2095,-7.4259,-0.0093,0.0944
1779988770837,1,Pitching Mound.Parent,,Loading,pitch.0,435994,-3.4958,9.2472,89.1914,62.8628,6.1619,-7.2727,-0.0093,0.0955
1779988770838,1,11.0000004b,Drive,Loading,pitch.0,436941,-2.8688,9.3193,89.3428,63.2047,6.6378,-7.5052,-0.0099,0.0942
1779988770838,1,12.00000018,Upper Delivery,Loading,pitch.0,437533,-0.0465,0.0688,0.0606,-0.0884,-0.0304,-0.0012,0.0,0.0
1779988770838,1,Pitching Mound.Drive,,Loading,pitch.0,436941,-2.8688,9.3193,89.3428,63.2047,6.6378,-7.5052,-0.0099,0.0942
1779988770839,1,11.0000004b,Drive,Loading,pitch.0,436942,-2.7945,9.3647,90.257,63.8855,7.0119,-7.5805,-0.0103,0.0942
1779988770839,1,12.00000015,Lower Delivery,Loading,pitch.0,436675,-0.4971,-0.1227,0.4858,-0.0687,-0.0198,-0.0025,0.0,0.0
1779988770839,1,12.00000018,Upper Delivery,Loading,pitch.0,437534,-0.0592,0.0491,0.0049,-0.0884,-0.0304,-0.0012,0.0,0.0
1779988770839,1,Pitching Mound.Delivery,,Loading,pitch.0,436374,-0.5437,-0.0539,0.5465,-0.0125,-0.0501,0.1495,0.0,0.0
1779988770839,1,Pitching Mound.Drive,,Loading,pitch.0,436942,-2.7945,9.3647,90.257,63.8855,7.0119,-7.5805,-0.0103,0.0942
1779988770839,1,Pitching Mound.Parent,,Loading,pitch.0,435995,-3.4124,9.2654,89.8893,63.1922,6.5877,-7.3557,-0.0098,0.0952
1779988770840,1,11.0000004b,Drive,Loading,pitch.0,436943,-2.7225,9.3736,91.0694,64.4608,7.2074,-7.6573,-0.0105,0.0942
1779988770840,1,12.00000015,Lower Delivery,Loading,pitch.0,436676,-0.5343,-0.1259,0.5211,-0.0566,-0.0184,-0.003,0.0,0.0
1779988770840,1,12.00000015,Lower Delivery,Loading,pitch.0,436677,-0.517,-0.143,0.4935,-0.0484,-0.0191,-0.0057,0.0,0.0
1779988770840,1,Pitching Mound.Delivery,,Loading,pitch.0,436375,-0.5935,-0.0767,0.526,0.0305,-0.0487,0.1573,0.0,0.0
1779988770840,1,Pitching Mound.Drive,,Loading,pitch.0,436943,-2.7225,9.3736,91.0694,64.4608,7.2074,-7.6573,-0.0105,0.0942
1779988770840,1,Pitching Mound.Parent,,Loading,pitch.0,435996,-3.3879,9.2879,90.783,63.916,6.9632,-7.4232,-0.0103,0.0956
1779988770841,1,11.0000004b,Drive,Loading,pitch.0,436944,-2.6401,9.3964,92.0187,65.2257,7.4523,-7.7329,-0.0108,0.0944
1779988770841,1,12.00000015,Lower Delivery,Loading,pitch.0,436678,-0.4669,-0.1692,0.4281,-0.0401,-0.0126,-0.005,0.0,0.0
1779988770841,1,12.00000018,Upper Delivery,Loading,pitch.0,437535,-0.0619,0.0503,0.0185,-0.0884,-0.0304,-0.0012,0.0,0.0
1779988770841,1,12.00000018,Upper Delivery,Loading,pitch.0,437536,-0.0628,0.0467,0.0108,-0.0884,-0.0304,-0.0012,0.0,0.0
1779988770841,1,Pitching Mound.Delivery,,Loading,pitch.0,436376,-0.5789,-0.0927,0.512,0.0248,-0.0495,0.1478,0.0,0.0
1779988770841,1,Pitching Mound.Delivery,,Loading,pitch.0,436377,-0.5296,-0.1224,0.439,0.0134,-0.043,0.1312,0.0,0.0
1779988770841,1,Pitching Mound.Drive,,Loading,pitch.0,436944,-2.6401,9.3964,92.0187,65.2257,7.4523,-7.7329,-0.0108,0.0944
1779988770841,1,Pitching Mound.Parent,,Loading,pitch.0,435997,-3.3015,9.2809,91.5814,64.4856,7.1579,-7.5095,-0.0105,0.0955
1779988770841,1,Pitching Mound.Parent,,Loading,pitch.0,435998,-3.1697,9.2739,92.4576,65.2391,7.4093,-7.6017,-0.0107,0.0955
1779988770842,1,11.0000004b,Drive,Loading,pitch.0,436945,-2.6107,9.4155,92.9789,66.022,7.3565,-7.7591,-0.0105,0.0945
1779988770842,1,12.00000015,Lower Delivery,Loading,pitch.0,436679,-0.4125,-0.1541,0.3705,-0.0404,-0.0196,-0.0059,0.0,0.0
1779988770842,1,12.00000018,Upper Delivery,Loading,pitch.0,437537,-0.0678,0.0438,0.0319,-0.0884,-0.0304,-0.0012,0.0,0.0
1779988770842,1,Pitching Mound.Delivery,,Loading,pitch.0,436378,-0.4802,-0.1103,0.4024,-0.0136,-0.05,0.1101,0.0,0.0
1779988770842,1,Pitching Mound.Drive,,Loading,pitch.0,436945,-2.6107,9.4155,92.9789,66.022,7.3565,-7.7591,-0.0105,0.0945
1779988770842,1,Pitching Mound.Parent,,Loading,pitch.0,435999,-3.0909,9.3052,93.3814,66.0084,7.3065,-7.6489,-0.0105,0.0954
1779988770843,1,11.0000004b,Drive,Loading,pitch.0,436946,-2.5066,9.3995,93.4018,66.1434,7.9394,-7.8499,-0.0113,0.0943
1779988770843,1,12.00000015,Lower Delivery,Loading,pitch.0,436680,-0.4648,-0.1815,0.418,-0.0409,-0.019,-0.0057,0.0,0.0
1779988770843,1,12.00000018,Upper Delivery,Loading,pitch.0,437538,-0.0659,0.0449,0.0197,-0.0884,-0.0304,-0.0012,0.0,0.0
1779988770843,1,Pitching Mound.Delivery,,Loading,pitch.0,436379,-0.5307,-0.1366,0.4377,0.0062,-0.0494,0.1287,0.0,0.0
1779988770843,1,Pitching Mound.Drive,,Loading,pitch.0,436946,-2.5066,9.3995,93.4018,66.1434,7.9394,-7.8499,-0.0113,0.0943
1779988770843,1,Pitching Mound.Parent,,Loading,pitch.0,436000,-3.0373,9.2629,93.8395,66.1496,7.8901,-7.7211,-0.0113,0.0953
1779988770844,1,11.0000004b,Drive,Loading,pitch.0,436947,-2.4385,9.44,94.5418,67.3247,8.5597,-7.9393,-0.0121,0.0948
1779988770844,1,12.00000015,Lower Delivery,Loading,pitch.0,436681,-0.4838,-0.1785,0.4412,-0.0372,-0.0183,-0.0057,0.0,0.0
1779988770844,1,12.00000018,Upper Delivery,Loading,pitch.0,437539,-0.0651,0.049,0.0263,-0.0884,-0.0304,-0.0012,0.0,0.0
1779988770844,1,Pitching Mound.Delivery,,Loading,pitch.0,436380,-0.5489,-0.1295,0.4675,0.0155,-0.0487,0.1355,0.0,0.0
1779988770844,1,Pitching Mound.Drive,,Loading,pitch.0,436947,-2.4385,9.44,94.5418,67.3247,8.5597,-7.9393,-0.0121,0.0948
1779988770844,1,Pitching Mound.Parent,,Loading,pitch.0,436001,-2.9874,9.3104,95.0093,67.3402,8.511,-7.8038,-0.012,0.0958
1779988770845,1,11.0000004b,Drive,Loading,pitch.0,436948,-2.4085,9.4546,95.2407,67.9103,8.6645,-7.9655,-0.0121,0.0949
1779988770845,1,12.00000015,Lower Delivery,Loading,pitch.0,436682,-0.5187,-0.2266,0.4545,-0.0277,-0.017,-0.0094,0.0,0.0
1779988770845,1,12.00000018,Upper Delivery,Loading,pitch.0,437540,-0.0722,0.0475,0.0297,-0.0884,-0.0304,-0.0012,0.0,0.0
1779988770845,1,Pitching Mound.Delivery,,Loading,pitch.0,436381,-0.5909,-0.1791,0.4841,0.0283,-0.0473,0.1412,0.0,0.0
1779988770845,1,Pitching Mound.Drive,,Loading,pitch.0,436948,-2.4085,9.4546,95.2407,67.9103,8.6645,-7.9655,-0.0121,0.0949
1779988770845,1,Pitching Mound.Parent,,Loading,pitch.0,436002,-2.9994,9.2755,95.7249,67.9387,8.6172,-7.8242,-0.012,0.096
1779988770846,1,11.0000004b,Drive,Loading,pitch.0,436949,-2.3789,9.4808,95.8724,68.4094,8.8023,-8.0071,-0.0122,0.095
1779988770846,1,12.00000015,Lower Delivery,Loading,pitch.0,436683,-0.5381,-0.2202,0.472,-0.0361,-0.0181,-0.0094,0.0,0.0
1779988770846,1,12.00000018,Upper Delivery,Loading,pitch.0,437541,-0.071,0.0494,0.0273,-0.0884,-0.0304,-0.0012,0.0,0.0
1779988770846,1,Pitching Mound.Delivery,,Loading,pitch.0,436382,-0.6091,-0.1708,0.4993,0.0267,-0.0485,0.1482,0.0,0.0
1779988770846,1,Pitching Mound.Drive,,Loading,pitch.0,436949,-2.3789,9.4808,95.8724,68.4094,8.8023,-8.0071,-0.0122,0.095
1779988770846,1,Pitching Mound.Parent,,Loading,pitch.0,436003,-2.9879,9.31,96.3717,68.4361,8.7538,-7.8589,-0.0122,0.0961
1779988770847,1,11.0000004b,Drive,Loading,pitch.0,436950,-2.3218,9.5105,96.5841,68.9552,9.4599,-8.1027,-0.013,0.095
1779988770847,1,12.00000015,Lower Delivery,Loading,pitch.0,436684,-0.5476,-0.2175,0.492,-0.0305,-0.0173,-0.0102,0.0,0.0
1779988770847,1,12.00000018,Upper Delivery,Loading,pitch.0,437542,-0.0738,0.0488,0.032,-0.0884,-0.0304,-0.0012,0.0,0.0
1779988770847,1,Pitching Mound.Delivery,,Loading,pitch.0,436383,-0.6214,-0.1686,0.524,0.0375,-0.0477,0.1497,0.0,0.0
1779988770847,1,Pitching Mound.Drive,,Loading,pitch.0,436950,-2.3218,9.5105,96.5841,68.9552,9.4599,-8.1027,-0.013,0.095
1779988770847,1,Pitching Mound.Parent,,Loading,pitch.0,436004,-2.9432,9.3418,97.1081,68.9927,9.4122,-7.953,-0.013,0.0961
1779988770848,1,11.0000004b,Drive,Loading,pitch.0,436951,-2.2592,9.5307,97.2745,69.5154,9.9959,-8.221,-0.0137,0.0951
1779988770848,1,12.00000015,Lower Delivery,Loading,pitch.0,436685,-0.5584,-0.2348,0.4894,-0.0388,-0.0188,-0.011,0.0,0.0
1779988770848,1,12.00000018,Upper Delivery,Loading,pitch.0,437543,-0.0719,0.0502,0.0335,-0.0884,-0.0304,-0.0012,0.0,0.0
1779988770848,1,Pitching Mound.Delivery,,Loading,pitch.0,436384,-0.6303,-0.1846,0.5229,0.0278,-0.0492,0.1532,0.0,0.0
1779988770848,1,Pitching Mound.Drive,,Loading,pitch.0,436951,-2.2592,9.5307,97.2745,69.5154,9.9959,-8.221,-0.0137,0.0951
1779988770848,1,Pitching Mound.Parent,,Loading,pitch.0,436005,-2.8895,9.3461,97.7973,69.5432,9.9467,-8.0678,-0.0136,0.0962
1779988770849,1,11.0000004b,Drive,Loading,pitch.0,436952,-2.2237,9.5977,98.0733,70.1978,10.1755,-8.2652,-0.0138,0.0953
1779988770849,1,12.00000015,Lower Delivery,Loading,pitch.0,436686,-0.5603,-0.2698,0.4699,-0.0351,-0.0171,-0.0113,0.0,0.0
1779988770849,1,12.00000018,Upper Delivery,Loading,pitch.0,437544,-0.0687,0.0525,0.0252,-0.0884,-0.0304,-0.0012,0.0,0.0
1779988770849,1,Pitching Mound.Delivery,,Loading,pitch.0,436385,-0.6291,-0.2173,0.4951,0.0278,-0.0475,0.1546,0.0,0.0
1779988770849,1,Pitching Mound.Drive,,Loading,pitch.0,436952,-2.2237,9.5977,98.0733,70.1978,10.1755,-8.2652,-0.0138,0.0953
1779988770849,1,Pitching Mound.Parent,,Loading,pitch.0,436006,-2.8528,9.3804,98.5684,70.2255,10.128,-8.1106,-0.0137,0.0963
1779988770850,1,11.0000004b,Drive,Loading,pitch.0,436953,-2.2081,9.6213,98.7096,70.5835,10.0455,-8.2935,-0.0135,0.0952
1779988770850,1,12.00000015,Lower Delivery,Loading,pitch.0,436687,-0.589,-0.2667,0.5035,-0.0365,-0.0189,-0.01,0.0,0.0
1779988770850,1,12.00000018,Upper Delivery,Loading,pitch.0,437545,-0.0701,0.0562,0.0475,-0.0884,-0.0304,-0.0012,0.0,0.0
1779988770850,1,Pitching Mound.Delivery,,Loading,pitch.0,436386,-0.6591,-0.2105,0.551,0.0302,-0.0493,0.1652,0.0,0.0
1779988770850,1,Pitching Mound.Drive,,Loading,pitch.0,436953,-2.2081,9.6213,98.7096,70.5835,10.0455,-8.2935,-0.0135,0.0952
1779988770850,1,Pitching Mound.Parent,,Loading,pitch.0,436007,-2.8672,9.4108,99.2606,70.6137,9.9962,-8.1283,-0.0135,0.0962
1779988770851,1,11.0000004b,Drive,Loading,pitch.0,436954,-2.1828,9.6675,99.4343,71.133,10.2841,-8.3315,-0.0138,0.0952
1779988770851,1,12.00000015,Lower Delivery,Loading,pitch.0,436688,-0.5701,-0.2709,0.4653,-0.0263,-0.018,-0.0111,0.0,0.0
1779988770851,1,12.00000018,Upper Delivery,Loading,pitch.0,437546,-0.0708,0.0543,0.0312,-0.0884,-0.0304,-0.0012,0.0,0.0
1779988770851,1,Pitching Mound.Delivery,,Loading,pitch.0,436387,-0.6408,-0.2166,0.4964,0.0329,-0.0484,0.1575,0.0,0.0
1779988770851,1,Pitching Mound.Drive,,Loading,pitch.0,436954,-2.1828,9.6675,99.4343,71.133,10.2841,-8.3315,-0.0138,0.0952
1779988770851,1,Pitching Mound.Parent,,Loading,pitch.0,436008,-2.8236,9.4509,99.9307,71.1659,10.2358,-8.174,-0.0137,0.0962
1779988770852,1,11.0000004b,Drive,Loading,pitch.0,436955,-2.1479,9.7375,100.33,71.8554,10.6442,-8.4077,-0.0141,0.0953
1779988770852,1,12.00000015,Lower Delivery,Loading,pitch.0,436689,-0.5947,-0.3016,0.4651,-0.016,-0.0102,-0.0101,0.0,0.0
1779988770852,1,12.00000018,Upper Delivery,Loading,pitch.0,437547,-0.0712,0.0518,0.0342,-0.0884,-0.0304,-0.0012,0.0,0.0
1779988770852,1,Pitching Mound.Delivery,,Loading,pitch.0,436388,-0.6659,-0.2498,0.4993,0.0422,-0.0405,0.1667,0.0,0.0
1779988770852,1,Pitching Mound.Drive,,Loading,pitch.0,436955,-2.1479,9.7375,100.33,71.8554,10.6442,-8.4077,-0.0141,0.0953
1779988770852,1,Pitching Mound.Parent,,Loading,pitch.0,436009,-2.8137,9.4877,100.8294,71.8976,10.6036,-8.241,-0.0141,0.0963
1779988770853,1,11.0000004b,Drive,Loading,pitch.0,436956,-2.159,9.772,100.7732,72.0441,10.5601,-8.3869,-0.014,0.0952
1779988770853,1,12.00000015,Lower Delivery,Loading,pitch.0,436690,-0.6348,-0.3115,0.4903,-0.0095,-0.0074,-0.0071,0.0,0.0
1779988770853,1,12.00000018,Upper Delivery,Loading,pitch.0,437548,-0.0735,0.0492,0.0475,-0.0884,-0.0304,-0.0012,0.0,0.0
1779988770853,1,Pitching Mound.Delivery,,Loading,pitch.0,436389,-0.7083,-0.2623,0.5378,0.0527,-0.0377,0.1826,0.0,0.0
1779988770853,1,Pitching Mound.Drive,,Loading,pitch.0,436956,-2.159,9.772,100.7732,72.0441,10.5601,-8.3869,-0.014,0.0952
1779988770853,1,Pitching Mound.Parent,,Loading,pitch.0,436010,-2.8674,9.5097,101.311,72.0968,10.5224,-8.2044,-0.0139,0.0962
1779988770854,1,11.0000004b,Drive,Loading,pitch.0,436957,-2.1515,9.8042,101.3995,72.4124,10.7985,-8.4587,-0.0142,0.0951
1779988770854,1,12.00000015,Lower Delivery,Loading,pitch.0,436691,-0.6328,-0.2932,0.5139,-0.0143,-0.0055,-0.0064,0.0,0.0
1779988770854,1,12.00000018,Upper Delivery,Loading,pitch.0,437549,-0.071,0.0506,0.045,-0.0884,-0.0304,-0.0012,0.0,0.0
1779988770854,1,Pitching Mound.Delivery,,Loading,pitch.0,436390,-0.7038,-0.2426,0.559,0.0567,-0.0359,0.1834,0.0,0.0
1779988770854,1,Pitching Mound.Drive,,Loading,pitch.0,436957,-2.1515,9.8042,101.3995,72.4124,10.7985,-8.4587,-0.0142,0.0951
1779988770854,1,Pitching Mound.Parent,,Loading,pitch.0,436011,-2.8552,9.5616,101.9584,72.4691,10.7626,-8.2753,-0.0141,0.0961
1779988770855,1,11.0000004b,Drive,Loading,pitch.0,436958,-2.1269,9.8575,102.3249,73.0873,11.2318,-8.5502,-0.0146,0.0951
1779988770855,1,12.00000015,Lower Delivery,Loading,pitch.0,436692,-0.6232,-0.2891,0.513,-0.0122,-0.0041,-0.0055,0.0,0.0
1779988770855,1,12.00000018,Upper Delivery,Loading,pitch.0,437550,-0.0714,0.0492,0.0434,-0.0884,-0.0304,-0.0012,0.0,0.0
1779988770855,1,Pitching Mound.Delivery,,Loading,pitch.0,436391,-0.6945,-0.2399,0.5565,0.0591,-0.0345,0.1809,0.0,0.0
1779988770855,1,Pitching Mound.Drive,,Loading,pitch.0,436958,-2.1269,9.8575,102.3249,73.0873,11.2318,-8.5502,-0.0146,0.0951
1779988770855,1,Pitching Mound.Parent,,Loading,pitch.0,436012,-2.8215,9.6176,102.8814,73.1463,11.1973,-8.3693,-0.0145,0.0961
1779988770856,1,11.0000004b,Drive,Loading,pitch.0,436959,-2.1293,9.8899,102.7541,73.3499,11.1349,-8.5653,-0.0144,0.095
1779988770856,1,12.00000015,Lower Delivery,Loading,pitch.0,436693,-0.6146,-0.2929,0.5099,-0.0112,-0.0032,-0.006,0.0,0.0
1779988770856,1,12.00000018,Upper Delivery,Loading,pitch.0,437551,-0.0712,0.0487,0.044,-0.0884,-0.0304,-0.0012,0.0,0.0
1779988770856,1,Pitching Mound.Delivery,,Loading,pitch.0,436392,-0.6858,-0.2442,0.5539,0.0588,-0.0336,0.1775,0.0,0.0
1779988770856,1,Pitching Mound.Drive,,Loading,pitch.0,436959,-2.1293,9.8899,102.7541,73.3499,11.1349,-8.5653,-0.0144,0.095
1779988770856,1,Pitching Mound.Parent,,Loading,pitch.0,436013,-2.815,9.6457,103.308,73.4087,11.1013,-8.3878,-0.0143,0.0961
1779988770857,1,11.0000004b,Drive,Loading,pitch.0,436960,-2.1204,9.9484,103.5641,73.9383,11.361,-8.6131,-0.0146,0.095
1779988770857,1,12.00000015,Lower Delivery,Loading,pitch.0,436694,-0.5868,-0.2853,0.4863,-0.0059,-0.0023,-0.0061,0.0,0.0
1779988770857,1,12.00000018,Upper Delivery,Loading,pitch.0,437552,-0.0629,0.0589,0.0672,-0.0884,-0.0304,-0.0012,0.0,0.0
1779988770857,1,Pitching Mound.Delivery,,Loading,pitch.0,436393,-0.6496,-0.2264,0.5536,0.0482,-0.0327,0.1708,0.0,0.0
1779988770857,1,Pitching Mound.Drive,,Loading,pitch.0,436960,-2.1204,9.9484,103.5641,73.9383,11.361,-8.6131,-0.0146,0.095
1779988770857,1,Pitching Mound.Parent,,Loading,pitch.0,436014,-2.7701,9.722,104.1177,73.9866,11.3283,-8.4423,-0.0145,0.0959
1779988770858,1,11.0000004b,Drive,Loading,pitch.0,436961,-2.1057,9.9886,104.2001,74.2983,11.5232,-8.6741,-0.0147,0.0949
1779988770858,1,12.00000018,Upper Delivery,Loading,pitch.0,437553,-0.0729,0.0602,0.0697,-0.0884,-0.0304,-0.0012,0.0,0.0
1779988770858,1,Pitching Mound.Drive,,Loading,pitch.0,436961,-2.1057,9.9886,104.2001,74.2983,11.5232,-8.6741,-0.0147,0.0949
1779988770859,1,11.0000004b,Drive,Loading,pitch.0,436962,-2.08,10.035,104.6625,74.5796,11.6324,-8.6994,-0.0148,0.0949
1779988770859,1,12.00000015,Lower Delivery,Loading,pitch.0,436695,-0.5601,-0.2852,0.4571,-0.0183,-0.0019,-0.0055,0.0,0.0
1779988770859,1,12.00000015,Lower Delivery,Loading,pitch.0,436696,-0.5338,-0.2805,0.4357,-0.0304,-0.003,-0.0037,0.0,0.0
1779988770859,1,12.00000018,Upper Delivery,Loading,pitch.0,437554,-0.0894,0.1081,0.2418,-0.0884,-0.0304,-0.0012,0.0,0.0
1779988770859,1,Pitching Mound.Delivery,,Loading,pitch.0,436394,-0.633,-0.2251,0.5268,0.0251,-0.0322,0.1589,0.0,0.0
1779988770859,1,Pitching Mound.Delivery,,Loading,pitch.0,436395,-0.6232,-0.1724,0.6775,-0.0528,-0.0334,0.1461,0.0,0.0
1779988770859,1,Pitching Mound.Drive,,Loading,pitch.0,436962,-2.08,10.035,104.6625,74.5796,11.6324,-8.6994,-0.0148,0.0949
1779988770859,1,Pitching Mound.Parent,,Loading,pitch.0,436015,-2.7387,9.7635,104.7269,74.3233,11.491,-8.5152,-0.0146,0.0957
1779988770859,1,Pitching Mound.Parent,,Loading,pitch.0,436016,-2.7032,9.8626,105.34,74.5268,11.599,-8.5533,-0.0147,0.0949
1779988770860,1,11.0000004b,Drive,Loading,pitch.0,436963,-2.0272,10.0807,105.3952,75.1836,12.0148,-8.7819,-0.0152,0.095
1779988770860,1,12.00000015,Lower Delivery,Loading,pitch.0,436697,-0.4861,-0.2424,0.4085,-0.0443,0.006,0.0,0.0,0.0
1779988770860,1,12.00000018,Upper Delivery,Loading,pitch.0,437555,-0.1215,0.1272,0.3533,-0.0884,-0.0304,-0.0012,0.0,0.0
1779988770860,1,Pitching Mound.Delivery,,Loading,pitch.0,436396,-0.6075,-0.1152,0.7618,-0.1139,-0.0244,0.1228,0.0,0.0
1779988770860,1,Pitching Mound.Drive,,Loading,pitch.0,436963,-2.0272,10.0807,105.3952,75.1836,12.0148,-8.7819,-0.0152,0.095
1779988770860,1,Pitching Mound.Parent,,Loading,pitch.0,436017,-2.6348,9.9655,106.1569,75.0696,11.9904,-8.6591,-0.0151,0.0945
1779988770861,1,11.0000004b,Drive,Loading,pitch.0,436964,-1.9961,10.1197,105.8565,75.3823,12.2097,-8.8383,-0.0154,0.0948
1779988770861,1,12.00000015,Lower Delivery,Loading,pitch.0,436698,-0.4692,-0.2347,0.3882,-0.059,-0.0051,-0.0015,0.0,0.0
1779988770861,1,12.00000018,Upper Delivery,Loading,pitch.0,437556,-0.1271,0.154,0.4315,-0.0884,-0.0304,-0.0012,0.0,0.0
1779988770861,1,Pitching Mound.Delivery,,Loading,pitch.0,436397,-0.5963,-0.0806,0.8197,-0.1621,-0.0355,0.1136,0.0,0.0
1779988770861,1,Pitching Mound.Drive,,Loading,pitch.0,436964,-1.9961,10.1197,105.8565,75.3823,12.2097,-8.8383,-0.0154,0.0948
1779988770861,1,Pitching Mound.Parent,,Loading,pitch.0,436018,-2.5924,10.0391,106.6762,75.2202,12.1742,-8.7248,-0.0152,0.0939
1779988770862,1,11.0000004b,Drive,Loading,pitch.0,436965,-1.9594,10.1645,106.3018,75.6895,12.3528,-8.8891,-0.0155,0.0948
1779988770862,1,12.00000015,Lower Delivery,Loading,pitch.0,436699,-0.4861,-0.2337,0.3917,-0.0688,-0.012,-0.0013,0.0,0.0
1779988770862,1,12.00000018,Upper Delivery,Loading,pitch.0,437557,-0.1619,0.1691,0.5423,-0.0884,-0.0304,-0.0012,0.0,0.0
1779988770862,1,Pitching Mound.Delivery,,Loading,pitch.0,436398,-0.648,-0.0646,0.934,-0.2084,-0.0424,0.1077,0.0,0.0
1779988770862,1,Pitching Mound.Drive,,Loading,pitch.0,436965,-1.9594,10.1645,106.3018,75.6895,12.3528,-8.8891,-0.0155,0.0948
1779988770862,1,Pitching Mound.Parent,,Loading,pitch.0,436019,-2.6074,10.0999,107.2358,75.4811,12.3104,-8.7814,-0.0153,0.0935
1779988770863,1,11.0000004b,Drive,Loading,pitch.0,436966,-1.9169,10.2,106.8816,76.0151,12.679,-8.9741,-0.0158,0.0947
1779988770863,1,12.00000015,Lower Delivery,Loading,pitch.0,436700,-0.4866,-0.2229,0.4154,-0.0649,-0.007,-0.0023,0.0,0.0
1779988770863,1,12.00000018,Upper Delivery,Loading,pitch.0,437558,-0.1598,0.1516,0.4829,-0.0884,-0.0304,-0.0012,0.0,0.0
1779988770863,1,Pitching Mound.Delivery,,Loading,pitch.0,436399,-0.6464,-0.0713,0.8982,-0.1762,-0.0374,0.1076,0.0,0.0
1779988770863,1,Pitching Mound.Drive,,Loading,pitch.0,436966,-1.9169,10.2,106.8816,76.0151,12.679,-8.9741,-0.0158,0.0947
1779988770863,1,Pitching Mound.Parent,,Loading,pitch.0,436020,-2.5633,10.1287,107.7798,75.8389,12.6416,-8.8664,-0.0157,0.0937
1779988770864,1,11.0000004b,Drive,Loading,pitch.0,436967,-1.8233,10.2502,107.5568,76.6212,13.2437,-9.0893,-0.0164,0.0948
1779988770864,1,12.00000015,Lower Delivery,Loading,pitch.0,436701,-0.4798,-0.2173,0.4077,-0.0674,-0.0123,0.0012,0.0,0.0
1779988770864,1,12.00000018,Upper Delivery,Loading,pitch.0,437559,-0.1147,0.1274,0.3098,-0.0884,-0.0304,-0.0012,0.0,0.0
1779988770864,1,Pitching Mound.Delivery,,Loading,pitch.0,436400,-0.5946,-0.0899,0.7175,-0.1225,-0.0427,0.1241,0.0,0.0
1779988770864,1,Pitching Mound.Drive,,Loading,pitch.0,436967,-1.8233,10.2502,107.5568,76.6212,13.2437,-9.0893,-0.0164,0.0948
1779988770864,1,Pitching Mound.Parent,,Loading,pitch.0,436021,-2.4179,10.1603,108.2743,76.4987,13.201,-8.9651,-0.0163,0.0945
1779988770865,1,11.0000004b,Drive,Loading,pitch.0,436968,-1.7969,10.2776,107.8474,76.7225,13.3536,-9.113,-0.0165,0.0947
1779988770865,1,12.00000015,Lower Delivery,Loading,pitch.0,436702,-0.5005,-0.2206,0.4314,-0.059,-0.0176,-0.0019,0.0,0.0
1779988770865,1,12.00000018,Upper Delivery,Loading,pitch.0,437560,-0.0953,0.0931,0.1732,-0.0884,-0.0304,-0.0012,0.0,0.0
1779988770865,1,Pitching Mound.Delivery,,Loading,pitch.0,436401,-0.5959,-0.1274,0.6047,-0.0595,-0.048,0.1346,0.0,0.0
1779988770865,1,Pitching Mound.Drive,,Loading,pitch.0,436968,-1.7969,10.2776,107.8474,76.7225,13.3536,-9.113,-0.0165,0.0947
1779988770865,1,Pitching Mound.Parent,,Loading,pitch.0,436022,-2.3928,10.1502,108.4521,76.663,13.3056,-8.9784,-0.0164,0.095
1779988770866,1,11.0000004b,Drive,Loading,pitch.0,436969,-1.758,10.3149,108.2682,76.795,13.5608,-9.1624,-0.0167,0.0944
1779988770866,1,12.00000015,Lower Delivery,Loading,pitch.0,436703,-0.5028,-0.2005,0.4417,-0.0623,-0.0188,-0.0029,0.0,0.0
1779988770866,1,12.00000018,Upper Delivery,Loading,pitch.0,437561,-0.0655,0.0887,0.099,-0.0884,-0.0304,-0.0012,0.0,0.0
1779988770866,1,Pitching Mound.Delivery,,Loading,pitch.0,436402,-0.5684,-0.1118,0.5407,-0.0341,-0.0492,0.1446,0.0,0.0
1779988770866,1,Pitching Mound.Drive,,Loading,pitch.0,436969,-1.758,10.3149,108.2682,76.795,13.5608,-9.1624,-0.0167,0.0944
1779988770866,1,Pitching Mound.Parent,,Loading,pitch.0,436023,-2.3264,10.2032,108.8089,76.7609,13.5116,-9.0178,-0.0166,0.095
1779988770867,1,11.0000004b,Drive,Loading,pitch.0,436970,-1.6761,10.3683,109.0987,77.4692,14.3521,-9.297,-0.0175,0.0945
1779988770867,1,12.00000015,Lower Delivery,Loading,pitch.0,436704,-0.5153,-0.1881,0.4599,-0.0616,-0.0225,-0.0036,0.0,0.0
1779988770867,1,12.00000018,Upper Delivery,Loading,pitch.0,437562,-0.0658,0.0619,0.0307,-0.0884,-0.0304,-0.0012,0.0,0.0
1779988770867,1,Pitching Mound.Delivery,,Loading,pitch.0,436403,-0.5811,-0.1262,0.4906,-0.004,-0.0529,0.1481,0.0,0.0
1779988770867,1,Pitching Mound.Drive,,Loading,pitch.0,436970,-1.6761,10.3683,109.0987,77.4692,14.3521,-9.297,-0.0175,0.0945
1779988770867,1,Pitching Mound.Parent,,Loading,pitch.0,436024,-2.2572,10.2421,109.5893,77.4652,14.2992,-9.1489,-0.0174,0.0954
1779988770868,1,11.0000004b,Drive,Loading,pitch.0,436971,-1.6434,10.3832,109.4788,77.57,14.5501,-9.3127,-0.0177,0.0943
1779988770868,1,12.00000015,Lower Delivery,Loading,pitch.0,436705,-0.5262,-0.1876,0.4723,-0.0603,-0.019,-0.0007,0.0,0.0
1779988770868,1,12.00000018,Upper Delivery,Loading,pitch.0,437563,-0.0659,0.062,0.0344,-0.0884,-0.0304,-0.0012,0.0,0.0
1779988770868,1,Pitching Mound.Delivery,,Loading,pitch.0,436404,-0.5921,-0.1256,0.5068,0.0002,-0.0494,0.1546,0.0,0.0
1779988770868,1,Pitching Mound.Drive,,Loading,pitch.0,436971,-1.6434,10.3832,109.4788,77.57,14.5501,-9.3127,-0.0177,0.0943
1779988770868,1,Pitching Mound.Parent,,Loading,pitch.0,436025,-2.2355,10.2576,109.9855,77.5703,14.5007,-9.1581,-0.0176,0.0952
1779988770869,1,11.0000004b,Drive,Loading,pitch.0,436972,-1.5886,10.4045,109.7954,77.7698,14.8712,-9.4042,-0.018,0.0943
1779988770869,1,12.00000015,Lower Delivery,Loading,pitch.0,436706,-0.5609,-0.2109,0.5144,-0.0533,-0.0073,0.0007,0.0,0.0
1779988770869,1,12.00000018,Upper Delivery,Loading,pitch.0,437564,-0.0636,0.0611,0.0239,-0.0884,-0.0304,-0.0012,0.0,0.0
1779988770869,1,Pitching Mound.Delivery,,Loading,pitch.0,436405,-0.6245,-0.1498,0.5383,0.0251,-0.0377,0.1686,0.0,0.0
1779988770869,1,Pitching Mound.Drive,,Loading,pitch.0,436972,-1.5886,10.4045,109.7954,77.7698,14.8712,-9.4042,-0.018,0.0943
1779988770869,1,Pitching Mound.Parent,,Loading,pitch.0,436026,-2.2131,10.2547,110.3337,77.7949,14.8336,-9.2356,-0.0179,0.0953
1779988770870,1,11.0000004b,Drive,Loading,pitch.0,436973,-1.5372,10.4233,110.3203,78.1978,15.3964,-9.4863,-0.0186,0.0944
1779988770870,1,12.00000015,Lower Delivery,Loading,pitch.0,436707,-0.5786,-0.1988,0.5487,-0.0486,-0.0052,-0.0014,0.0,0.0
1779988770870,1,12.00000018,Upper Delivery,Loading,pitch.0,437565,-0.0668,0.0574,0.0321,-0.0884,-0.0304,-0.0012,0.0,0.0
1779988770870,1,Pitching Mound.Delivery,,Loading,pitch.0,436406,-0.6455,-0.1414,0.5808,0.0387,-0.0356,0.1714,0.0,0.0
1779988770870,1,Pitching Mound.Drive,,Loading,pitch.0,436973,-1.5372,10.4233,110.3203,78.1978,15.3964,-9.4863,-0.0186,0.0944
1779988770870,1,Pitching Mound.Parent,,Loading,pitch.0,436027,-2.1827,10.2819,110.901,78.2365,15.3608,-9.3149,-0.0185,0.0955
1779988770871,1,11.0000004b,Drive,Loading,pitch.0,436974,-1.492,10.4423,110.9229,78.4774,15.7681,-9.5835,-0.0189,0.0942
1779988770871,1,12.00000015,Lower Delivery,Loading,pitch.0,436708,-0.5717,-0.2101,0.5393,-0.0518,-0.003,0.0007,0.0,0.0
1779988770871,1,12.00000018,Upper Delivery,Loading,pitch.0,437566,-0.0674,0.056,0.0398,-0.0884,-0.0304,-0.0012,0.0,0.0
1779988770871,1,Pitching Mound.Delivery,,Loading,pitch.0,436407,-0.6392,-0.1541,0.5791,0.0297,-0.0333,0.171,0.0,0.0
1779988770871,1,Pitching Mound.Drive,,Loading,pitch.0,436974,-1.492,10.4423,110.9229,78.4774,15.7681,-9.5835,-0.0189,0.0942
1779988770871,1,Pitching Mound.Parent,,Loading,pitch.0,436028,-2.1311,10.2882,111.502,78.5071,15.7348,-9.4124,-0.0188,0.0952
1779988770872,1,11.0000004b,Drive,Loading,pitch.0,436975,-1.4306,10.4437,111.2455,78.5892,15.8666,-9.64,-0.019,0.094
1779988770872,1,12.00000015,Lower Delivery,Loading,pitch.0,436709,-0.5508,-0.1941,0.5181,-0.0606,0.0064,0.0024,0.0,0.0
1779988770872,1,12.00000018,Upper Delivery,Loading,pitch.0,437567,-0.0688,0.0561,0.055,-0.0884,-0.0304,-0.0012,0.0,0.0
1779988770872,1,Pitching Mound.Delivery,,Loading,pitch.0,436408,-0.6196,-0.138,0.5731,0.0085,-0.0239,0.1651,0.0,0.0
1779988770872,1,Pitching Mound.Drive,,Loading,pitch.0,436975,-1.4306,10.4437,111.2455,78.5892,15.8666,-9.64,-0.019,0.094
1779988770872,1,Pitching Mound.Parent,,Loading,pitch.0,436029,-2.0503,10.3058,111.8187,78.5977,15.8426,-9.4749,-0.0189,0.095
1779988770873,1,11.0000004b,Drive,Loading,pitch.0,436976,-1.3913,10.4456,111.6065,78.8414,16.0712,-9.6702,-0.0192,0.094
1779988770873,1,12.00000015,Lower Delivery,Loading,pitch.0,436710,-0.5578,-0.2068,0.5177,-0.0722,0.0061,0.0035,0.0,0.0
1779988770873,1,12.00000018,Upper Delivery,Loading,pitch.0,437568,-0.0662,0.0536,0.0449,-0.0884,-0.0304,-0.0012,0.0,0.0
1779988770873,1,Pitching Mound.Delivery,,Loading,pitch.0,436409,-0.624,-0.1531,0.5626,0.0002,-0.0243,0.1695,0.0,0.0
1779988770873,1,Pitching Mound.Drive,,Loading,pitch.0,436976,-1.3913,10.4456,111.6065,78.8414,16.0712,-9.6702,-0.0192,0.094
1779988770873,1,Pitching Mound.Parent,,Loading,pitch.0,436030,-2.0153,10.2924,112.1691,78.8416,16.0469,-9.5007,-0.0191,0.095
1779988770874,1,11.0000004b,Drive,Loading,pitch.0,436977,-1.3391,10.4473,111.8371,78.9176,16.3342,-9.7271,-0.0194,0.0939
1779988770874,1,12.00000015,Lower Delivery,Loading,pitch.0,436711,-0.5141,-0.1942,0.4491,-0.0777,0.0028,0.0029,0.0,0.0
1779988770874,1,12.00000018,Upper Delivery,Loading,pitch.0,437569,-0.0659,0.0556,0.042,-0.0884,-0.0304,-0.0012,0.0,0.0
1779988770874,1,Pitching Mound.Delivery,,Loading,pitch.0,436410,-0.58,-0.1386,0.491,-0.0276,-0.0276,0.1541,0.0,0.0
1779988770874,1,Pitching Mound.Drive,,Loading,pitch.0,436977,-1.3391,10.4473,111.8371,78.9176,16.3342,-9.7271,-0.0194,0.0939
1779988770874,1,Pitching Mound.Parent,,Loading,pitch.0,436031,-1.9192,10.3087,112.3281,78.89,16.3066,-9.573,-0.0194,0.0948
1779988770875,1,11.0000004b,Drive,Loading,pitch.0,436978,-1.2979,10.4395,112.2308,79.1342,16.4222,-9.7592,-0.0195,0.0939
1779988770875,1,12.00000015,Lower Delivery,Loading,pitch.0,436712,-0.5241,-0.1973,0.4593,-0.0863,0.0027,0.0023,0.0,0.0
1779988770875,1,12.00000018,Upper Delivery,Loading,pitch.0,437570,-0.0689,0.0489,0.0532,-0.0884,-0.0304,-0.0012,0.0,0.0
1779988770875,1,Pitching Mound.Delivery,,Loading,pitch.0,436411,-0.5929,-0.1484,0.5125,-0.0366,-0.0276,0.1558,0.0,0.0
1779988770875,1,Pitching Mound.Drive,,Loading,pitch.0,436978,-1.2979,10.4395,112.2308,79.1342,16.4222,-9.7592,-0.0195,0.0939
1779988770875,1,Pitching Mound.Parent,,Loading,pitch.0,436032,-1.8908,10.2911,112.7434,79.0977,16.3945,-9.6034,-0.0194,0.0947
1779988770876,1,11.0000004b,Drive,Loading,pitch.0,436979,-1.2487,10.4332,112.4708,79.285,16.5756,-9.789,-0.0196,0.0938
1779988770876,1,12.00000015,Lower Delivery,Loading,pitch.0,436713,-0.538,-0.22,0.472,-0.0855,-0.0042,0.0034,0.0,0.0
1779988770876,1,12.00000018,Upper Delivery,Loading,pitch.0,437571,-0.0655,0.0612,0.0737,-0.0884,-0.0304,-0.0012,0.0,0.0
1779988770876,1,Pitching Mound.Delivery,,Loading,pitch.0,436412,-0.6035,-0.1588,0.5457,-0.0385,-0.0346,0.1628,0.0,0.0
1779988770876,1,Pitching Mound.Drive,,Loading,pitch.0,436979,-1.2487,10.4332,112.4708,79.285,16.5756,-9.789,-0.0196,0.0938
1779988770876,1,Pitching Mound.Parent,,Loading,pitch.0,436033,-1.8522,10.2744,113.0165,79.2466,16.541,-9.6262,-0.0195,0.0946
1779988770877,1,11.0000004b,Drive,Loading,pitch.0,436980,-1.2164,10.4275,112.5932,79.4506,16.6382,-9.7906,-0.0197,0.0939
1779988770877,1,12.00000015,Lower Delivery,Loading,pitch.0,436714,-0.5817,-0.238,0.5115,-0.0832,-0.0007,0.0013,0.0,0.0
1779988770877,1,12.00000018,Upper Delivery,Loading,pitch.0,437572,-0.0634,0.0507,0.0435,-0.0884,-0.0304,-0.0012,0.0,0.0
1779988770877,1,Pitching Mound.Delivery,,Loading,pitch.0,436413,-0.6452,-0.1873,0.555,-0.0124,-0.031,0.1764,0.0,0.0
1779988770877,1,Pitching Mound.Drive,,Loading,pitch.0,436980,-1.2164,10.4275,112.5932,79.4506,16.6382,-9.7906,-0.0197,0.0939
1779988770877,1,Pitching Mound.Parent,,Loading,pitch.0,436034,-1.8616,10.2402,113.1482,79.4381,16.6072,-9.6142,-0.0196,0.0949
1779988770878,1,11.0000004b,Drive,Loading,pitch.0,436981,-1.1644,10.415,112.6886,79.5039,16.8074,-9.8355,-0.0199,0.0939
1779988770878,1,12.00000015,Lower Delivery,Loading,pitch.0,436715,-0.586,-0.2533,0.5035,-0.0669,-0.0047,-0.0007,0.0,0.0
1779988770878,1,12.00000018,Upper Delivery,Loading,pitch.0,437573,-0.063,0.0491,0.0425,-0.0884,-0.0304,-0.0012,0.0,0.0
1779988770878,1,Pitching Mound.Delivery,,Loading,pitch.0,436414,-0.6491,-0.2041,0.5459,0.0014,-0.0351,0.1759,0.0,0.0
1779988770878,1,Pitching Mound.Drive,,Loading,pitch.0,436981,-1.1644,10.415,112.6886,79.5039,16.8074,-9.8355,-0.0199,0.0939
1779988770878,1,Pitching Mound.Parent,,Loading,pitch.0,436035,-1.8135,10.2109,113.2346,79.5053,16.7723,-9.6596,-0.0198,0.0949
1779988770879,1,11.0000004b,Drive,Loading,pitch.0,436982,-1.1424,10.4159,113.1455,79.7094,16.9331,-9.8885,-0.0199,0.0938
1779988770879,1,11.0000004b,Drive,Loading,pitch.0,436983,-1.1077,10.3965,113.0097,79.6725,17.0865,-9.8957,-0.0201,0.0939
1779988770879,1,12.00000015,Lower Delivery,Loading,pitch.0,436716,-0.5862,-0.2416,0.5141,-0.0617,-0.0092,-0.0027,0.0,0.0
1779988770879,1,12.00000018,Upper Delivery,Loading,pitch.0,437574,-0.0625,0.0458,0.0408,-0.0884,-0.0304,-0.0012,0.0,0.0
1779988770879,1,Pitching Mound.Delivery,,Loading,pitch.0,436415,-0.6487,-0.1958,0.555,0.0108,-0.0395,0.1741,0.0,0.0
1779988770879,1,Pitching Mound.Drive,,Loading,pitch.0,436982,-1.1424,10.4159,113.1455,79.7094,16.9331,-9.8885,-0.0199,0.0938
1779988770879,1,Pitching Mound.Drive,,Loading,pitch.0,436983,-1.1077,10.3965,113.0097,79.6725,17.0865,-9.8957,-0.0201,0.0939
1779988770879,1,Pitching Mound.Parent,,Loading,pitch.0,436036,-1.7911,10.2201,113.7005,79.7202,16.8935,-9.7144,-0.0198,0.0947
1779988770880,1,12.00000015,Lower Delivery,Loading,pitch.0,436717,-0.5984,-0.2532,0.5101,-0.0661,-0.0125,-0.0049,0.0,0.0
1779988770880,1,12.00000018,Upper Delivery,Loading,pitch.0,437575,-0.0594,0.0491,0.0327,-0.0884,-0.0304,-0.0012,0.0,0.0
1779988770880,1,Pitching Mound.Delivery,,Loading,pitch.0,436416,-0.6579,-0.2041,0.5428,0.0078,-0.0429,0.1772,0.0,0.0
1779988770880,1,Pitching Mound.Parent,,Loading,pitch.0,436037,-1.7656,10.1924,113.5525,79.6802,17.0436,-9.7185,-0.02,0.0948
1779988770881,1,11.0000004b,Drive,Loading,pitch.0,436984,-1.0786,10.375,113.4117,79.9012,17.2771,-9.9134,-0.0203,0.0938
1779988770881,1,12.00000015,Lower Delivery,Loading,pitch.0,436718,-0.6153,-0.2413,0.5487,-0.0586,-0.0117,-0.0037,0.0,0.0
1779988770881,1,12.00000018,Upper Delivery,Loading,pitch.0,437576,-0.0598,0.0484,0.0285,-0.0884,-0.0304,-0.0012,0.0,0.0
1779988770881,1,Pitching Mound.Delivery,,Loading,pitch.0,436417,-0.6751,-0.1928,0.5772,0.0299,-0.042,0.184,0.0,0.0
1779988770881,1,Pitching Mound.Drive,,Loading,pitch.0,436984,-1.0786,10.375,113.4117,79.9012,17.2771,-9.9134,-0.0203,0.0938
1779988770881,1,Pitching Mound.Parent,,Loading,pitch.0,436038,-1.7537,10.1822,113.989,79.931,17.2351,-9.7294,-0.0202,0.0949
1779988770882,1,11.0000004b,Drive,Loading,pitch.0,436985,-1.0565,10.367,113.5145,79.9626,17.3211,-9.9414,-0.0203,0.0938
1779988770882,1,12.00000015,Lower Delivery,Loading,pitch.0,436719,-0.6397,-0.2278,0.5921,-0.0546,-0.0147,-0.0039,0.0,0.0
1779988770882,1,12.00000018,Upper Delivery,Loading,pitch.0,437577,-0.0561,0.0522,0.0187,-0.0884,-0.0304,-0.0012,0.0,0.0
1779988770882,1,Pitching Mound.Delivery,,Loading,pitch.0,436418,-0.6958,-0.1755,0.6108,0.052,-0.045,0.1933,0.0,0.0
1779988770882,1,Pitching Mound.Drive,,Loading,pitch.0,436985,-1.0565,10.367,113.5145,79.9626,17.3211,-9.9414,-0.0203,0.0938
1779988770882,1,Pitching Mound.Parent,,Loading,pitch.0,436039,-1.7523,10.1915,114.1254,80.0146,17.276,-9.7481,-0.0202,0.095
1779988770883,1,11.0000004b,Drive,Loading,pitch.0,436986,-1.0226,10.3296,113.5389,80.0086,17.5131,-9.9447,-0.0205,0.0938
1779988770883,1,11.0000004b,Drive,Loading,pitch.0,436987,-0.9812,10.3152,113.6502,80.073,17.605,-9.991,-0.0206,0.0938
1779988770883,1,12.00000015,Lower Delivery,Loading,pitch.0,436720,-0.6313,-0.2262,0.5858,-0.0492,-0.0129,-0.0036,0.0,0.0
1779988770883,1,12.00000018,Upper Delivery,Loading,pitch.0,437578,-0.0594,0.052,0.0063,-0.0884,-0.0304,-0.0012,0.0,0.0
1779988770883,1,Pitching Mound.Delivery,,Loading,pitch.0,436419,-0.6907,-0.1742,0.5921,0.0595,-0.0433,0.1896,0.0,0.0
1779988770883,1,Pitching Mound.Drive,,Loading,pitch.0,436986,-1.0226,10.3296,113.5389,80.0086,17.5131,-9.9447,-0.0205,0.0938
1779988770883,1,Pitching Mound.Drive,,Loading,pitch.0,436987,-0.9812,10.3152,113.6502,80.073,17.605,-9.991,-0.0206,0.0938
1779988770883,1,Pitching Mound.Parent,,Loading,pitch.0,436040,-1.7133,10.1554,114.131,80.0681,17.4698,-9.7551,-0.0204,0.0951
1779988770884,1,11.0000004b,Drive,Loading,pitch.0,436988,-0.9561,10.3014,113.7229,80.1211,17.7423,-10.0113,-0.0208,0.0938
1779988770884,1,12.00000015,Lower Delivery,Loading,pitch.0,436721,-0.6328,-0.2176,0.6708,-0.0489,-0.0128,-0.0033,0.0,0.0
1779988770884,1,12.00000018,Upper Delivery,Loading,pitch.0,437579,-0.0566,0.0608,0.004,-0.0884,-0.0304,-0.0012,0.0,0.0
1779988770884,1,Pitching Mound.Delivery,,Loading,pitch.0,436420,-0.6894,-0.1568,0.6748,0.0894,-0.0432,0.1914,0.0,0.0
1779988770884,1,Pitching Mound.Drive,,Loading,pitch.0,436988,-0.9561,10.3014,113.7229,80.1211,17.7423,-10.0113,-0.0208,0.0938
1779988770884,1,Pitching Mound.Parent,,Loading,pitch.0,436041,-1.6706,10.1584,114.325,80.1625,17.5618,-9.7996,-0.0205,0.0952
1779988770885,1,11.0000004b,Drive,Loading,pitch.0,436989,-0.9153,10.2821,113.7432,80.1431,17.7101,-10.0547,-0.0207,0.0938
1779988770885,1,12.00000015,Lower Delivery,Loading,pitch.0,436722,-0.6354,-0.2114,0.6481,-0.0434,-0.0061,-0.0048,0.0,0.0
1779988770885,1,12.00000018,Upper Delivery,Loading,pitch.0,437580,-0.0602,0.0585,0.0049,-0.0884,-0.0304,-0.0012,0.0,0.0
1779988770885,1,Pitching Mound.Delivery,,Loading,pitch.0,436421,-0.6957,-0.1528,0.653,0.0869,-0.0365,0.1896,0.0,0.0
1779988770885,1,Pitching Mound.Drive,,Loading,pitch.0,436989,-0.9153,10.2821,113.7432,80.1431,17.7101,-10.0547,-0.0207,0.0938
1779988770885,1,Pitching Mound.Parent,,Loading,pitch.0,436042,-1.6518,10.1485,114.3759,80.208,17.7058,-9.8217,-0.0207,0.0952
1779988770886,1,11.0000004b,Drive,Loading,pitch.0,436990,-0.8663,10.2527,113.8743,80.1873,17.872,-10.0836,-0.0209,0.0937
1779988770886,1,12.00000015,Lower Delivery,Loading,pitch.0,436723,-0.6413,-0.1982,0.6834,-0.0441,-0.0084,-0.004,0.0,0.0
1779988770886,1,12.00000018,Upper Delivery,Loading,pitch.0,437581,-0.0578,0.0583,0.0127,-0.0884,-0.0304,-0.0012,0.0,0.0
1779988770886,1,Pitching Mound.Delivery,,Loading,pitch.0,436422,-0.6991,-0.1399,0.6961,0.0955,-0.0387,0.1932,0.0,0.0
1779988770886,1,Pitching Mound.Drive,,Loading,pitch.0,436990,-0.8663,10.2527,113.8743,80.1873,17.872,-10.0836,-0.0209,0.0937
1779988770886,1,Pitching Mound.Parent,,Loading,pitch.0,436043,-1.6144,10.1423,114.4393,80.2386,17.6714,-9.8615,-0.0206,0.0952
1779988770887,1,11.0000004b,Drive,Loading,pitch.0,436991,-0.8321,10.216,114.0465,80.2029,18.0684,-10.1323,-0.0211,0.0936
1779988770887,1,12.00000015,Lower Delivery,Loading,pitch.0,436724,-0.6168,-0.2231,0.5985,-0.0441,-0.0135,-0.0063,0.0,0.0
1779988770887,1,12.00000018,Upper Delivery,Loading,pitch.0,437582,-0.0544,0.0678,0.0302,-0.0884,-0.0304,-0.0012,0.0,0.0
1779988770887,1,Pitching Mound.Delivery,,Loading,pitch.0,436423,-0.6711,-0.1553,0.6286,0.0608,-0.0438,0.1837,0.0,0.0
1779988770887,1,Pitching Mound.Drive,,Loading,pitch.0,436991,-0.8321,10.216,114.0465,80.2029,18.0684,-10.1323,-0.0211,0.0936
1779988770887,1,Pitching Mound.Parent,,Loading,pitch.0,436044,-1.5374,10.0975,114.5029,80.2481,17.8281,-9.8999,-0.0208,0.0949
1779988770888,1,11.0000004b,Drive,Loading,pitch.0,436992,-0.7997,10.1776,114.2157,80.1645,18.1779,-10.161,-0.0212,0.0934
1779988770888,1,12.00000015,Lower Delivery,Loading,pitch.0,436725,-0.6371,-0.2536,0.5924,-0.0445,-0.0144,-0.0043,0.0,0.0
1779988770888,1,12.00000018,Upper Delivery,Loading,pitch.0,437583,-0.0602,0.0633,0.0087,-0.0884,-0.0304,-0.0012,0.0,0.0
1779988770888,1,Pitching Mound.Delivery,,Loading,pitch.0,436424,-0.6974,-0.1903,0.6012,0.0656,-0.0448,0.1906,0.0,0.0
1779988770888,1,Pitching Mound.Drive,,Loading,pitch.0,436992,-0.7997,10.1776,114.2157,80.1645,18.1779,-10.161,-0.0212,0.0934
1779988770888,1,Pitching Mound.Parent,,Loading,pitch.0,436045,-1.5295,10.0257,114.6476,80.2685,18.0237,-9.9417,-0.021,0.0949
1779988770889,1,11.0000004b,Drive,Loading,pitch.0,436993,-0.7472,10.1329,114.1961,80.1809,18.3458,-10.1941,-0.0214,0.0935
1779988770889,1,12.00000015,Lower Delivery,Loading,pitch.0,436726,-0.6124,-0.2451,0.5506,-0.0458,-0.0222,-0.0043,0.0,0.0
1779988770889,1,12.00000018,Upper Delivery,Loading,pitch.0,437584,-0.0639,0.0602,0.0047,-0.0884,-0.0304,-0.0012,0.0,0.0
1779988770889,1,Pitching Mound.Delivery,,Loading,pitch.0,436425,-0.6763,-0.185,0.5553,0.0514,-0.0526,0.181,0.0,0.0
1779988770889,1,Pitching Mound.Drive,,Loading,pitch.0,436993,-0.7472,10.1329,114.1961,80.1809,18.3458,-10.1941,-0.0214,0.0935
1779988770889,1,Pitching Mound.Parent,,Loading,pitch.0,436046,-1.476,9.9927,114.771,80.2159,18.1253,-9.9799,-0.0211,0.0946
1779988770890,1,11.0000004b,Drive,Loading,pitch.0,436994,-0.695,10.1063,114.324,80.1415,18.3471,-10.2042,-0.0214,0.0933
1779988770890,1,12.00000015,Lower Delivery,Loading,pitch.0,436727,-0.6571,-0.2722,0.5465,-0.051,-0.0243,-0.0026,0.0,0.0
1779988770890,1,12.00000018,Upper Delivery,Loading,pitch.0,437585,-0.0604,0.0627,0.0164,-0.0884,-0.0304,-0.0012,0.0,0.0
1779988770890,1,Pitching Mound.Delivery,,Loading,pitch.0,436426,-0.7175,-0.2095,0.5629,0.0409,-0.0547,0.1991,0.0,0.0
1779988770890,1,Pitching Mound.Drive,,Loading,pitch.0,436994,-0.695,10.1063,114.324,80.1415,18.3471,-10.2042,-0.0214,0.0933
1779988770890,1,Pitching Mound.Parent,,Loading,pitch.0,436047,-1.4647,9.9234,114.759,80.2218,18.2911,-9.9951,-0.0213,0.0946
1779988770891,1,11.0000004b,Drive,Loading,pitch.0,436995,-0.6406,10.0605,114.406,80.1598,18.4419,-10.2401,-0.0215,0.0933
1779988770891,1,12.00000015,Lower Delivery,Loading,pitch.0,436728,-0.6334,-0.2762,0.4885,-0.0411,-0.0184,-0.0016,0.0,0.0
1779988770891,1,12.00000018,Upper Delivery,Loading,pitch.0,437586,-0.0573,0.0675,0.0335,-0.0884,-0.0304,-0.0012,0.0,0.0
1779988770891,1,Pitching Mound.Delivery,,Loading,pitch.0,436427,-0.6906,-0.2087,0.5219,0.0252,-0.0488,0.1931,0.0,0.0
1779988770891,1,Pitching Mound.Drive,,Loading,pitch.0,436995,-0.6406,10.0605,114.406,80.1598,18.4419,-10.2401,-0.0215,0.0933
1779988770891,1,Pitching Mound.Parent,,Loading,pitch.0,436048,-1.3857,9.8976,114.846,80.1667,18.2984,-10.0112,-0.0213,0.0942
1779988770892,1,11.0000004b,Drive,Loading,pitch.0,436996,-0.6161,10.0293,114.4097,80.1286,18.5038,-10.2313,-0.0215,0.0932
1779988770892,1,12.00000015,Lower Delivery,Loading,pitch.0,436729,-0.632,-0.2843,0.4674,-0.0352,-0.0191,-0.0024,0.0,0.0
1779988770892,1,12.00000018,Upper Delivery,Loading,pitch.0,437587,-0.0633,0.0561,0.0086,-0.0884,-0.0304,-0.0012,0.0,0.0
1779988770892,1,Pitching Mound.Delivery,,Loading,pitch.0,436428,-0.6952,-0.2282,0.476,0.0324,-0.0495,0.1898,0.0,0.0
1779988770892,1,Pitching Mound.Drive,,Loading,pitch.0,436996,-0.6161,10.0293,114.4097,80.1286,18.5038,-10.2313,-0.0215,0.0932
1779988770892,1,Pitching Mound.Parent,,Loading,pitch.0,436049,-1.3358,9.8323,114.882,80.1922,18.3924,-10.0503,-0.0214,0.0942
1779988770893,1,11.0000004b,Drive,Loading,pitch.0,436997,-0.5667,9.9942,114.6824,80.1438,18.6766,-10.2818,-0.0217,0.093
1779988770893,1,12.00000015,Lower Delivery,Loading,pitch.0,436730,-0.609,-0.2793,0.4349,-0.0444,-0.0195,-0.0024,0.0,0.0
1779988770893,1,12.00000018,Upper Delivery,Loading,pitch.0,437588,-0.057,0.0606,0.0195,-0.0884,-0.0304,-0.0012,0.0,0.0
1779988770893,1,Pitching Mound.Delivery,,Loading,pitch.0,436429,-0.666,-0.2186,0.4544,0.0084,-0.0499,0.1841,0.0,0.0
1779988770893,1,Pitching Mound.Drive,,Loading,pitch.0,436997,-0.5667,9.9942,114.6824,80.1438,18.6766,-10.2818,-0.0217,0.093
1779988770893,1,Pitching Mound.Parent,,Loading,pitch.0,436050,-1.2821,9.8106,114.8641,80.137,18.4539,-10.0471,-0.0214,0.0941
1779988770894,1,11.0000004b,Drive,Loading,pitch.0,436998,-0.5184,9.9481,114.6323,80.0396,18.6277,-10.2904,-0.0216,0.093
1779988770894,1,12.00000015,Lower Delivery,Loading,pitch.0,436731,-0.6541,-0.2981,0.5006,-0.0483,-0.0212,-0.0031,0.0,0.0
1779988770894,1,12.00000018,Upper Delivery,Loading,pitch.0,437589,-0.062,0.0545,0.009,-0.0884,-0.0304,-0.0012,0.0,0.0
1779988770894,1,Pitching Mound.Delivery,,Loading,pitch.0,436430,-0.7161,-0.2436,0.5096,0.0305,-0.0516,0.197,0.0,0.0
1779988770894,1,Pitching Mound.Drive,,Loading,pitch.0,436998,-0.5184,9.9481,114.6323,80.0396,18.6277,-10.2904,-0.0216,0.093
1779988770894,1,Pitching Mound.Parent,,Loading,pitch.0,436051,-1.2828,9.7506,115.192,80.1743,18.625,-10.0848,-0.0216,0.0941
1779988770895,1,11.0000004b,Drive,Loading,pitch.0,436999,-0.4716,9.8986,114.7856,80.0265,18.6594,-10.2842,-0.0216,0.0928
1779988770895,1,12.00000015,Lower Delivery,Loading,pitch.0,436732,-0.6589,-0.2933,0.5274,-0.0619,-0.0232,-0.0032,0.0,0.0
1779988770895,1,12.00000018,Upper Delivery,Loading,pitch.0,437590,-0.0588,0.0543,0.0046,-0.0884,-0.0304,-0.0012,0.0,0.0
1779988770895,1,Pitching Mound.Delivery,,Loading,pitch.0,436431,-0.7177,-0.239,0.532,0.0275,-0.0536,0.1996,0.0,0.0
1779988770895,1,Pitching Mound.Drive,,Loading,pitch.0,436999,-0.4716,9.8986,114.7856,80.0265,18.6594,-10.2842,-0.0216,0.0928
1779988770895,1,Pitching Mound.Parent,,Loading,pitch.0,436052,-1.2362,9.7091,115.1643,80.0671,18.574,-10.0909,-0.0215,0.0941
1779988770896,1,11.0000004b,Drive,Loading,pitch.0,437000,-0.4322,9.8546,114.8882,80.0531,18.8237,-10.3103,-0.0218,0.0928
1779988770896,1,12.00000015,Lower Delivery,Loading,pitch.0,436733,-0.6276,-0.2841,0.4865,-0.0616,-0.0217,-0.0022,0.0,0.0
1779988770896,1,12.00000018,Upper Delivery,Loading,pitch.0,437591,-0.057,0.0555,0.0065,-0.0884,-0.0304,-0.0012,0.0,0.0
1779988770896,1,Pitching Mound.Delivery,,Loading,pitch.0,436432,-0.6846,-0.2286,0.493,0.0133,-0.0521,0.1907,0.0,0.0
1779988770896,1,Pitching Mound.Drive,,Loading,pitch.0,437000,-0.4322,9.8546,114.8882,80.0531,18.8237,-10.3103,-0.0218,0.0928
1779988770896,1,Pitching Mound.Parent,,Loading,pitch.0,436053,-1.1562,9.67,115.2786,80.0398,18.6073,-10.0935,-0.0215,0.0938
1779988770897,1,11.0000004b,Drive,Loading,pitch.0,437001,-0.3837,9.8035,114.8595,79.9934,18.7185,-10.3237,-0.0217,0.0927
1779988770897,1,12.00000015,Lower Delivery,Loading,pitch.0,436734,-0.6078,-0.2769,0.4408,-0.0609,-0.0265,-0.0023,0.0,0.0
1779988770897,1,12.00000018,Upper Delivery,Loading,pitch.0,437592,-0.0567,0.0576,0.0079,-0.0884,-0.0304,-0.0012,0.0,0.0
1779988770897,1,Pitching Mound.Delivery,,Loading,pitch.0,436433,-0.6645,-0.2194,0.4487,-0.0021,-0.0569,0.1839,0.0,0.0
1779988770897,1,Pitching Mound.Drive,,Loading,pitch.0,437001,-0.3837,9.8035,114.8595,79.9934,18.7185,-10.3237,-0.0217,0.0927
1779988770897,1,Pitching Mound.Parent,,Loading,pitch.0,436054,-1.0967,9.6352,115.3369,80.051,18.7668,-10.1265,-0.0217,0.0937
1779988770898,1,11.0000004b,Drive,Loading,pitch.0,437002,-0.3447,9.7598,114.9456,79.9755,18.6862,-10.3375,-0.0216,0.0926
1779988770898,1,12.00000015,Lower Delivery,Loading,pitch.0,436735,-0.6183,-0.2682,0.4826,-0.0429,-0.0195,-0.0062,0.0,0.0
1779988770898,1,12.00000018,Upper Delivery,Loading,pitch.0,437593,-0.0561,0.061,0.0185,-0.0884,-0.0304,-0.0012,0.0,0.0
1779988770898,1,Pitching Mound.Delivery,,Loading,pitch.0,436434,-0.6744,-0.2073,0.5011,0.0266,-0.0498,0.1837,0.0,0.0
1779988770898,1,Pitching Mound.Drive,,Loading,pitch.0,437002,-0.3447,9.7598,114.9456,79.9755,18.6862,-10.3375,-0.0216,0.0926
1779988770898,1,Pitching Mound.Parent,,Loading,pitch.0,436055,-1.058,9.5963,115.3606,80.0199,18.6687,-10.1399,-0.0216,0.0937
1779988770899,1,12.00000015,Lower Delivery,Loading,pitch.0,436736,-0.5973,-0.2406,0.4783,-0.0408,-0.0134,-0.0071,0.0,0.0
1779988770899,1,12.00000018,Upper Delivery,Loading,pitch.0,437594,-0.0555,0.0609,0.013,-0.0884,-0.0304,-0.0012,0.0,0.0
1779988770899,1,Pitching Mound.Delivery,,Loading,pitch.0,436435,-0.6527,-0.1797,0.4913,0.029,-0.0438,0.1759,0.0,0.0
1779988770899,1,Pitching Mound.Parent,,Loading,pitch.0,436056,-0.9975,9.5801,115.437,80.0045,18.6424,-10.1616,-0.0215,0.0936
1779988770900,1,11.0000004b,Drive,Loading,pitch.0,437003,-0.3117,9.7045,114.8614,79.8606,18.6717,-10.3644,-0.0216,0.0926
1779988770900,1,12.00000015,Lower Delivery,Loading,pitch.0,436737,-0.6451,-0.2632,0.5288,-0.0346,-0.0106,-0.0064,0.0,0.0
1779988770900,1,12.00000018,Upper Delivery,Loading,pitch.0,437595,-0.0535,0.0629,0.0135,-0.0884,-0.0304,-0.0012,0.0,0.0
1779988770900,1,Pitching Mound.Delivery,,Loading,pitch.0,436436,-0.6986,-0.2003,0.5423,0.0522,-0.041,0.1935,0.0,0.0
1779988770900,1,Pitching Mound.Drive,,Loading,pitch.0,437003,-0.3117,9.7045,114.8614,79.8606,18.6717,-10.3644,-0.0216,0.0926
1779988770900,1,Pitching Mound.Parent,,Loading,pitch.0,436057,-1.0103,9.5041,115.4037,79.9128,18.6307,-10.1708,-0.0215,0.0936
1779988770901,1,11.0000004b,Drive,Loading,pitch.0,437004,-0.2817,9.6735,114.7495,79.7791,18.7979,-10.3825,-0.0218,0.0926
1779988770901,1,11.0000004b,Drive,Loading,pitch.0,437005,-0.225,9.6242,114.6909,79.7905,18.5705,-10.3812,-0.0216,0.0926
1779988770901,1,12.00000015,Lower Delivery,Loading,pitch.0,436738,-0.6178,-0.2584,0.5244,-0.0343,-0.0068,-0.0057,0.0,0.0
1779988770901,1,12.00000018,Upper Delivery,Loading,pitch.0,437596,-0.0554,0.0601,0.0114,-0.0884,-0.0304,-0.0012,0.0,0.0
1779988770901,1,Pitching Mound.Delivery,,Loading,pitch.0,436437,-0.6732,-0.1983,0.5358,0.0517,-0.0371,0.1843,0.0,0.0
1779988770901,1,Pitching Mound.Drive,,Loading,pitch.0,437004,-0.2817,9.6735,114.7495,79.7791,18.7979,-10.3825,-0.0218,0.0926
1779988770901,1,Pitching Mound.Drive,,Loading,pitch.0,437005,-0.225,9.6242,114.6909,79.7905,18.5705,-10.3812,-0.0216,0.0926
1779988770901,1,Pitching Mound.Parent,,Loading,pitch.0,436058,-0.955,9.4752,115.2853,79.8309,18.7608,-10.1981,-0.0217,0.0936
1779988770902,1,12.00000015,Lower Delivery,Loading,pitch.0,436739,-0.5895,-0.2424,0.4953,-0.0454,-0.0129,-0.0069,0.0,0.0
1779988770902,1,12.00000018,Upper Delivery,Loading,pitch.0,437597,-0.0565,0.0554,0.0096,-0.0884,-0.0304,-0.0012,0.0,0.0
1779988770902,1,Pitching Mound.Delivery,,Loading,pitch.0,436438,-0.6461,-0.187,0.505,0.0314,-0.0433,0.1731,0.0,0.0
1779988770902,1,Pitching Mound.Parent,,Loading,pitch.0,436059,-0.8711,9.4372,115.1959,79.8218,18.5272,-10.2081,-0.0215,0.0936
1779988770903,1,11.0000004b,Drive,Loading,pitch.0,437006,-0.1771,9.5677,114.6063,79.7359,18.8641,-10.3903,-0.0219,0.0926
1779988770903,1,12.00000015,Lower Delivery,Loading,pitch.0,436740,-0.6445,-0.2475,0.5416,-0.0413,-0.0166,-0.008,0.0,0.0
1779988770903,1,12.00000018,Upper Delivery,Loading,pitch.0,437598,-0.0499,0.0611,0.0338,-0.0884,-0.0304,-0.0012,0.0,0.0
1779988770903,1,Pitching Mound.Delivery,,Loading,pitch.0,436439,-0.6943,-0.1864,0.5754,0.043,-0.0469,0.1929,0.0,0.0
1779988770903,1,Pitching Mound.Drive,,Loading,pitch.0,437006,-0.1771,9.5677,114.6063,79.7359,18.8641,-10.3903,-0.0219,0.0926
1779988770903,1,Pitching Mound.Parent,,Loading,pitch.0,436060,-0.8714,9.3813,115.1817,79.7789,18.8172,-10.1974,-0.0218,0.0937
1779988770904,1,11.0000004b,Drive,Loading,pitch.0,437007,-0.1378,9.511,114.484,79.7249,19.0214,-10.4173,-0.0221,0.0927
1779988770904,1,12.00000015,Lower Delivery,Loading,pitch.0,436741,-0.6158,-0.2274,0.5096,-0.0421,-0.0161,-0.0065,0.0,0.0
1779988770904,1,12.00000018,Upper Delivery,Loading,pitch.0,437599,-0.0595,0.0505,0.0111,-0.0884,-0.0304,-0.0012,0.0,0.0
1779988770904,1,Pitching Mound.Delivery,,Loading,pitch.0,436440,-0.6753,-0.177,0.5207,0.039,-0.0465,0.1814,0.0,0.0
1779988770904,1,Pitching Mound.Drive,,Loading,pitch.0,437007,-0.1378,9.511,114.484,79.7249,19.0214,-10.4173,-0.0221,0.0927
1779988770904,1,Pitching Mound.Parent,,Loading,pitch.0,436061,-0.8132,9.3341,115.0046,79.7639,18.9749,-10.2359,-0.022,0.0938
1779988770905,1,11.0000004b,Drive,Loading,pitch.0,437008,-0.0972,9.4552,114.5412,79.6444,19.0917,-10.4559,-0.0222,0.0926
1779988770905,1,11.0000004b,Drive,Loading,pitch.0,437009,-0.0447,9.4019,114.4342,79.5504,19.1119,-10.4531,-0.0222,0.0925
1779988770905,1,12.00000015,Lower Delivery,Loading,pitch.0,436742,-0.6019,-0.2375,0.5098,-0.041,-0.0229,-0.0068,0.0,0.0
1779988770905,1,12.00000018,Upper Delivery,Loading,pitch.0,437600,-0.0578,0.0497,0.0041,-0.0884,-0.0304,-0.0012,0.0,0.0
1779988770905,1,Pitching Mound.Delivery,,Loading,pitch.0,436441,-0.6597,-0.1878,0.5139,0.0426,-0.0532,0.177,0.0,0.0
1779988770905,1,Pitching Mound.Drive,,Loading,pitch.0,437008,-0.0972,9.4552,114.5412,79.6444,19.0917,-10.4559,-0.0222,0.0926
1779988770905,1,Pitching Mound.Drive,,Loading,pitch.0,437009,-0.0447,9.4019,114.4342,79.5504,19.1119,-10.4531,-0.0222,0.0925
1779988770905,1,Pitching Mound.Parent,,Loading,pitch.0,436062,-0.7569,9.2674,115.0551,79.687,19.0384,-10.2788,-0.0221,0.0936
1779988770906,1,12.00000015,Lower Delivery,Loading,pitch.0,436743,-0.6285,-0.2592,0.5314,-0.0384,-0.0214,-0.0072,0.0,0.0
1779988770906,1,12.00000018,Upper Delivery,Loading,pitch.0,437601,-0.0593,0.0497,0.016,-0.0884,-0.0304,-0.0012,0.0,0.0
1779988770906,1,Pitching Mound.Delivery,,Loading,pitch.0,436442,-0.6878,-0.2095,0.5474,0.0485,-0.0517,0.1851,0.0,0.0
1779988770906,1,Pitching Mound.Parent,,Loading,pitch.0,436063,-0.7325,9.1925,114.9816,79.5989,19.0602,-10.268,-0.0221,0.0936
1779988770907,1,11.0000004b,Drive,Loading,pitch.0,437010,0.017,9.3426,114.5101,79.5132,19.1661,-10.4894,-0.0223,0.0924
1779988770907,1,11.0000004b,Drive,Loading,pitch.0,437011,0.0774,9.2916,114.4719,79.4003,19.3454,-10.5316,-0.0225,0.0923
1779988770907,1,12.00000015,Lower Delivery,Loading,pitch.0,436744,-0.6045,-0.2373,0.5141,-0.0434,-0.0246,-0.0066,0.0,0.0
1779988770907,1,12.00000018,Upper Delivery,Loading,pitch.0,437602,-0.0592,0.0464,0.0181,-0.0884,-0.0304,-0.0012,0.0,0.0
1779988770907,1,Pitching Mound.Delivery,,Loading,pitch.0,436443,-0.6637,-0.1909,0.5322,0.0368,-0.055,0.1776,0.0,0.0
1779988770907,1,Pitching Mound.Drive,,Loading,pitch.0,437010,0.017,9.3426,114.5101,79.5132,19.1661,-10.4894,-0.0223,0.0924
1779988770907,1,Pitching Mound.Drive,,Loading,pitch.0,437011,0.0774,9.2916,114.4719,79.4003,19.3454,-10.5316,-0.0225,0.0923
1779988770907,1,Pitching Mound.Parent,,Loading,pitch.0,436064,-0.6467,9.1517,115.0424,79.55,19.1111,-10.3119,-0.0222,0.0935
1779988770908,1,12.00000015,Lower Delivery,Loading,pitch.0,436745,-0.6,-0.2504,0.5,-0.0436,-0.0241,-0.0074,0.0,0.0
1779988770908,1,12.00000018,Upper Delivery,Loading,pitch.0,437603,-0.0638,0.0456,0.0264,-0.0884,-0.0304,-0.0012,0.0,0.0
1779988770908,1,Pitching Mound.Delivery,,Loading,pitch.0,436444,-0.6639,-0.2048,0.5264,0.029,-0.0545,0.1737,0.0,0.0
1779988770908,1,Pitching Mound.Parent,,Loading,pitch.0,436065,-0.5864,9.0868,114.9983,79.4293,19.2909,-10.3578,-0.0224,0.0933
1779988770909,1,11.0000004b,Drive,Loading,pitch.0,437012,0.1414,9.2307,114.529,79.3217,19.4864,-10.5711,-0.0227,0.0922
1779988770909,1,11.0000004b,Drive,Loading,pitch.0,437013,0.2033,9.1834,114.5288,79.2808,19.8395,-10.5931,-0.0231,0.0922
1779988770909,1,12.00000015,Lower Delivery,Loading,pitch.0,436746,-0.5951,-0.2898,0.4746,-0.0462,-0.024,-0.0061,0.0,0.0
1779988770909,1,12.00000018,Upper Delivery,Loading,pitch.0,437604,-0.0649,0.0423,0.0217,-0.0884,-0.0304,-0.0012,0.0,0.0
1779988770909,1,Pitching Mound.Delivery,,Loading,pitch.0,436445,-0.66,-0.2475,0.4964,0.0195,-0.0543,0.173,0.0,0.0
1779988770909,1,Pitching Mound.Drive,,Loading,pitch.0,437012,0.1414,9.2307,114.529,79.3217,19.4864,-10.5711,-0.0227,0.0922
1779988770909,1,Pitching Mound.Drive,,Loading,pitch.0,437013,0.2033,9.1834,114.5288,79.2808,19.8395,-10.5931,-0.0231,0.0922
1779988770909,1,Pitching Mound.Parent,,Loading,pitch.0,436066,-0.5186,8.9832,115.0254,79.3411,19.4321,-10.3982,-0.0226,0.0931
1779988770910,1,11.0000004b,Drive,Loading,pitch.0,437014,0.2565,9.1375,114.757,79.2483,20.0992,-10.6665,-0.0233,0.0919
1779988770910,1,12.00000015,Lower Delivery,Loading,pitch.0,436747,-0.6048,-0.2856,0.4883,-0.0484,-0.0236,-0.0095,0.0,0.0
1779988770910,1,12.00000018,Upper Delivery,Loading,pitch.0,437605,-0.0645,0.0479,0.0134,-0.0884,-0.0304,-0.0012,0.0,0.0
1779988770910,1,Pitching Mound.Delivery,,Loading,pitch.0,436446,-0.6693,-0.2377,0.5017,0.0247,-0.054,0.173,0.0,0.0
1779988770910,1,Pitching Mound.Drive,,Loading,pitch.0,437014,0.2565,9.1375,114.757,79.2483,20.0992,-10.6665,-0.0233,0.0919
1779988770910,1,Pitching Mound.Parent,,Loading,pitch.0,436067,-0.466,8.9457,115.0305,79.3055,19.7855,-10.4201,-0.023,0.0932
1779988770911,1,11.0000004b,Drive,Loading,pitch.0,437015,0.3214,9.0748,114.7541,79.2171,20.3745,-10.6911,-0.0236,0.0919
1779988770911,1,12.00000015,Lower Delivery,Loading,pitch.0,436748,-0.5635,-0.2597,0.4513,-0.0418,-0.0223,-0.0074,0.0,0.0
1779988770911,1,12.00000018,Upper Delivery,Loading,pitch.0,437606,-0.0635,0.0448,0.0084,-0.0884,-0.0304,-0.0012,0.0,0.0
1779988770911,1,Pitching Mound.Delivery,,Loading,pitch.0,436447,-0.627,-0.2149,0.4597,0.0204,-0.0526,0.1614,0.0,0.0
1779988770911,1,Pitching Mound.Drive,,Loading,pitch.0,437015,0.3214,9.0748,114.7541,79.2171,20.3745,-10.6911,-0.0236,0.0919
1779988770911,1,Pitching Mound.Parent,,Loading,pitch.0,436068,-0.3705,8.9226,115.2167,79.2687,20.0465,-10.5051,-0.0232,0.0929
1779988770912,1,11.0000004b,Drive,Loading,pitch.0,437016,0.3967,9.0231,115.0075,79.0965,20.5524,-10.7176,-0.0238,0.0916
1779988770912,1,12.00000015,Lower Delivery,Loading,pitch.0,436749,-0.5659,-0.2773,0.4544,-0.0399,-0.0192,-0.0085,0.0,0.0
1779988770912,1,12.00000018,Upper Delivery,Loading,pitch.0,437607,-0.0667,0.0477,0.0178,-0.0884,-0.0304,-0.0012,0.0,0.0
1779988770912,1,Pitching Mound.Delivery,,Loading,pitch.0,436448,-0.6326,-0.2296,0.4723,0.0201,-0.0496,0.16,0.0,0.0
1779988770912,1,Pitching Mound.Drive,,Loading,pitch.0,437016,0.3967,9.0231,115.0075,79.0965,20.5524,-10.7176,-0.0238,0.0916
1779988770912,1,Pitching Mound.Parent,,Loading,pitch.0,436069,-0.3112,8.8452,115.2263,79.2373,20.3249,-10.5311,-0.0235,0.0928
1779988770913,1,11.0000004b,Drive,Loading,pitch.0,437017,0.4563,8.9671,114.9664,79.1174,20.6423,-10.7295,-0.0239,0.0916
1779988770913,1,12.00000015,Lower Delivery,Loading,pitch.0,436750,-0.6207,-0.296,0.5228,-0.0425,-0.0161,-0.0076,0.0,0.0
1779988770913,1,12.00000018,Upper Delivery,Loading,pitch.0,437608,-0.0654,0.0506,0.0268,-0.0884,-0.0304,-0.0012,0.0,0.0
1779988770913,1,Pitching Mound.Delivery,,Loading,pitch.0,436449,-0.6861,-0.2453,0.5496,0.0378,-0.0464,0.18,0.0,0.0
1779988770913,1,Pitching Mound.Drive,,Loading,pitch.0,437017,0.4563,8.9671,114.9664,79.1174,20.6423,-10.7295,-0.0239,0.0916
1779988770913,1,Pitching Mound.Parent,,Loading,pitch.0,436070,-0.2894,8.7777,115.5571,79.1343,20.506,-10.5376,-0.0237,0.0926
1779988770914,1,11.0000004b,Drive,Loading,pitch.0,437018,0.5228,8.906,114.8788,79.0146,20.7892,-10.7346,-0.0241,0.0916
1779988770914,1,12.00000015,Lower Delivery,Loading,pitch.0,436751,-0.6126,-0.298,0.4972,-0.0406,-0.0152,-0.0077,0.0,0.0
1779988770914,1,12.00000018,Upper Delivery,Loading,pitch.0,437609,-0.0705,0.0496,0.0384,-0.0884,-0.0304,-0.0012,0.0,0.0
1779988770914,1,Pitching Mound.Delivery,,Loading,pitch.0,436450,-0.6831,-0.2484,0.5356,0.027,-0.0455,0.1754,0.0,0.0
1779988770914,1,Pitching Mound.Drive,,Loading,pitch.0,437018,0.5228,8.906,114.8788,79.0146,20.7892,-10.7346,-0.0241,0.0916
1779988770914,1,Pitching Mound.Parent,,Loading,pitch.0,436071,-0.2268,8.7187,115.502,79.1444,20.5968,-10.5541,-0.0238,0.0925
1779988770915,1,11.0000004b,Drive,Loading,pitch.0,437019,0.5965,8.8525,115.0106,79.1404,20.7436,-10.7351,-0.024,0.0916
1779988770915,1,12.00000015,Lower Delivery,Loading,pitch.0,436752,-0.6355,-0.3261,0.5237,-0.0331,-0.0065,-0.0074,0.0,0.0
1779988770915,1,12.00000018,Upper Delivery,Loading,pitch.0,437610,-0.0723,0.0535,0.0408,-0.0884,-0.0304,-0.0012,0.0,0.0
1779988770915,1,Pitching Mound.Delivery,,Loading,pitch.0,436451,-0.7079,-0.2727,0.5645,0.0427,-0.0368,0.1828,0.0,0.0
1779988770915,1,Pitching Mound.Drive,,Loading,pitch.0,437019,0.5965,8.8525,115.0106,79.1404,20.7436,-10.7351,-0.024,0.0916
1779988770915,1,Pitching Mound.Parent,,Loading,pitch.0,436072,-0.1851,8.6333,115.4432,79.0573,20.7524,-10.5518,-0.024,0.0925
1779988770916,1,11.0000004b,Drive,Loading,pitch.0,437020,0.6429,8.8159,114.9815,79.1502,20.8397,-10.7645,-0.0241,0.0916
1779988770916,1,12.00000015,Lower Delivery,Loading,pitch.0,436753,-0.6529,-0.317,0.5451,-0.0377,-0.0057,-0.0084,0.0,0.0
1779988770916,1,12.00000018,Upper Delivery,Loading,pitch.0,437611,-0.075,0.0514,0.0461,-0.0884,-0.0304,-0.0012,0.0,0.0
1779988770916,1,Pitching Mound.Delivery,,Loading,pitch.0,436452,-0.7279,-0.2656,0.5912,0.0436,-0.036,0.1869,0.0,0.0
1779988770916,1,Pitching Mound.Drive,,Loading,pitch.0,437020,0.6429,8.8159,114.9815,79.1502,20.8397,-10.7645,-0.0241,0.0916
1779988770916,1,Pitching Mound.Parent,,Loading,pitch.0,436073,-0.1314,8.5869,115.6018,79.184,20.7076,-10.5483,-0.0239,0.0926
1779988770917,1,11.0000004b,Drive,Loading,pitch.0,437021,0.7024,8.7724,115.1145,79.2009,20.8286,-10.7763,-0.0241,0.0916
1779988770917,1,12.00000015,Lower Delivery,Loading,pitch.0,436754,-0.6358,-0.292,0.5567,-0.0363,-0.0015,-0.0084,0.0,0.0
1779988770917,1,12.00000018,Upper Delivery,Loading,pitch.0,437612,-0.0766,0.0495,0.0508,-0.0884,-0.0304,-0.0012,0.0,0.0
1779988770917,1,Pitching Mound.Delivery,,Loading,pitch.0,436453,-0.7124,-0.2425,0.6075,0.0474,-0.0319,0.1805,0.0,0.0
1779988770917,1,Pitching Mound.Drive,,Loading,pitch.0,437021,0.7024,8.7724,115.1145,79.2009,20.8286,-10.7763,-0.0241,0.0916
1779988770917,1,Pitching Mound.Parent,,Loading,pitch.0,436074,-0.0695,8.5734,115.589,79.1975,20.8079,-10.584,-0.024,0.0926
1779988770918,1,11.0000004b,Drive,Loading,pitch.0,437022,0.7558,8.741,115.1717,79.2698,20.9915,-10.7632,-0.0243,0.0916
1779988770918,1,12.00000015,Lower Delivery,Loading,pitch.0,436755,-0.651,-0.2987,0.5687,-0.0396,-0.0017,-0.0065,0.0,0.0
1779988770918,1,12.00000018,Upper Delivery,Loading,pitch.0,437613,-0.0775,0.0474,0.0526,-0.0884,-0.0304,-0.0012,0.0,0.0
1779988770918,1,Pitching Mound.Delivery,,Loading,pitch.0,436454,-0.7284,-0.2513,0.6213,0.0475,-0.032,0.1873,0.0,0.0
1779988770918,1,Pitching Mound.Drive,,Loading,pitch.0,437022,0.7558,8.741,115.1717,79.2698,20.9915,-10.7632,-0.0243,0.0916
1779988770918,1,Pitching Mound.Parent,,Loading,pitch.0,436075,-0.0261,8.521,115.7358,79.2483,20.7966,-10.589,-0.024,0.0926
1779988770919,1,11.0000004b,Drive,Loading,pitch.0,437023,0.8031,8.7203,115.4105,79.3028,20.924,-10.7667,-0.0241,0.0915
1779988770919,1,12.00000015,Lower Delivery,Loading,pitch.0,436756,-0.6436,-0.2833,0.5726,-0.0376,-0.0017,-0.0062,0.0,0.0
1779988770919,1,12.00000018,Upper Delivery,Loading,pitch.0,437614,-0.0725,0.07,0.1063,-0.0884,-0.0304,-0.0012,0.0,0.0
1779988770919,1,Pitching Mound.Delivery,,Loading,pitch.0,436455,-0.7161,-0.2133,0.6789,0.0326,-0.0321,0.1868,0.0,0.0
1779988770919,1,Pitching Mound.Drive,,Loading,pitch.0,437023,0.8031,8.7203,115.4105,79.3028,20.924,-10.7667,-0.0241,0.0915
1779988770919,1,Pitching Mound.Parent,,Loading,pitch.0,436076,0.0397,8.5277,115.8506,79.3024,20.9594,-10.5765,-0.0241,0.0925
1779988770920,1,11.0000004b,Drive,Loading,pitch.0,437024,0.8678,8.6663,115.3873,79.3219,20.8802,-10.7666,-0.0241,0.0915
1779988770920,1,12.00000015,Lower Delivery,Loading,pitch.0,436757,-0.6276,-0.2534,0.5609,-0.0406,-0.0007,-0.0054,0.0,0.0
1779988770920,1,12.00000018,Upper Delivery,Loading,pitch.0,437615,-0.0756,0.0875,0.1596,-0.0884,-0.0304,-0.0012,0.0,0.0
1779988770920,1,Pitching Mound.Delivery,,Loading,pitch.0,436456,-0.7032,-0.1659,0.7205,0.0075,-0.0311,0.1811,0.0,0.0
1779988770920,1,Pitching Mound.Drive,,Loading,pitch.0,437024,0.8678,8.6663,115.3873,79.3219,20.8802,-10.7666,-0.0241,0.0915
1779988770920,1,Pitching Mound.Parent,,Loading,pitch.0,436077,0.0998,8.5544,116.131,79.3103,20.8929,-10.5856,-0.024,0.0921
1779988770921,1,11.0000004b,Drive,Loading,pitch.0,437025,0.9237,8.6404,115.5613,79.266,20.7558,-10.7602,-0.0239,0.0913
1779988770921,1,12.00000015,Lower Delivery,Loading,pitch.0,436758,-0.607,-0.2473,0.5465,-0.0369,-0.0048,-0.0042,0.0,0.0
1779988770921,1,12.00000018,Upper Delivery,Loading,pitch.0,437616,-0.0699,0.0729,0.1084,-0.0884,-0.0304,-0.0012,0.0,0.0
1779988770921,1,Pitching Mound.Delivery,,Loading,pitch.0,436457,-0.6769,-0.1745,0.6549,0.0237,-0.0352,0.1772,0.0,0.0
1779988770921,1,Pitching Mound.Drive,,Loading,pitch.0,437025,0.9237,8.6404,115.5613,79.266,20.7558,-10.7602,-0.0239,0.0913
1779988770921,1,Pitching Mound.Parent,,Loading,pitch.0,436078,0.191,8.4918,116.0422,79.3456,20.845,-10.5894,-0.024,0.0923
1779988770922,1,11.0000004b,Drive,Loading,pitch.0,437026,0.983,8.615,115.6498,79.2466,20.6678,-10.7321,-0.0238,0.0912
1779988770922,1,12.00000015,Lower Delivery,Loading,pitch.0,436759,-0.5981,-0.2618,0.5298,-0.0468,-0.0006,-0.0037,0.0,0.0
1779988770922,1,12.00000018,Upper Delivery,Loading,pitch.0,437617,-0.0745,0.0748,0.1206,-0.0884,-0.0304,-0.0012,0.0,0.0
1779988770922,1,Pitching Mound.Delivery,,Loading,pitch.0,436458,-0.6725,-0.187,0.6503,0.0039,-0.031,0.1731,0.0,0.0
1779988770922,1,Pitching Mound.Drive,,Loading,pitch.0,437026,0.983,8.615,115.6498,79.2466,20.6678,-10.7321,-0.0238,0.0912
1779988770922,1,Pitching Mound.Parent,,Loading,pitch.0,436079,0.2512,8.4534,116.2116,79.27,20.7248,-10.5871,-0.0238,0.092
1779988770923,1,11.0000004b,Drive,Loading,pitch.0,437027,1.0065,8.5851,115.546,79.2412,20.7793,-10.7216,-0.0239,0.0913
1779988770923,1,12.00000015,Lower Delivery,Loading,pitch.0,436760,-0.5942,-0.2251,0.5405,-0.053,-0.0072,-0.002,0.0,0.0
1779988770923,1,12.00000018,Upper Delivery,Loading,pitch.0,437618,-0.0657,0.0781,0.1104,-0.0884,-0.0304,-0.0012,0.0,0.0
1779988770923,1,Pitching Mound.Delivery,,Loading,pitch.0,436459,-0.6599,-0.147,0.6509,0.0048,-0.0375,0.1764,0.0,0.0
1779988770923,1,Pitching Mound.Drive,,Loading,pitch.0,437027,1.0065,8.5851,115.546,79.2412,20.7793,-10.7216,-0.0239,0.0913
1779988770923,1,Pitching Mound.Parent,,Loading,pitch.0,436080,0.3231,8.468,116.3008,79.2515,20.6303,-10.5556,-0.0237,0.092
1779988770924,1,11.0000004b,Drive,Loading,pitch.0,437028,1.0431,8.5747,115.7699,79.2551,20.8541,-10.7229,-0.024,0.0911
1779988770924,1,12.00000015,Lower Delivery,Loading,pitch.0,436761,-0.5681,-0.1958,0.5371,-0.0547,-0.0015,0.0009,0.0,0.0
1779988770924,1,12.00000018,Upper Delivery,Loading,pitch.0,437619,-0.0628,0.0655,0.0744,-0.0884,-0.0304,-0.0012,0.0,0.0
1779988770924,1,Pitching Mound.Delivery,,Loading,pitch.0,436460,-0.6309,-0.1303,0.6115,0.0143,-0.0319,0.1715,0.0,0.0
1779988770924,1,Pitching Mound.Drive,,Loading,pitch.0,437028,1.0431,8.5747,115.7699,79.2551,20.8541,-10.7229,-0.024,0.0911
1779988770924,1,Pitching Mound.Parent,,Loading,pitch.0,436081,0.3756,8.4548,116.1575,79.2555,20.7474,-10.5501,-0.0238,0.0922
1779988770925,1,11.0000004b,Drive,Loading,pitch.0,437029,1.0896,8.5586,115.9032,79.3151,20.8846,-10.692,-0.024,0.0911
1779988770925,1,12.00000015,Lower Delivery,Loading,pitch.0,436762,-0.5585,-0.1914,0.5351,-0.0611,0.0001,0.0036,0.0,0.0
1779988770925,1,12.00000018,Upper Delivery,Loading,pitch.0,437620,-0.0612,0.0625,0.0602,-0.0884,-0.0304,-0.0012,0.0,0.0
1779988770925,1,Pitching Mound.Delivery,,Loading,pitch.0,436461,-0.6197,-0.1288,0.5953,0.012,-0.0303,0.1715,0.0,0.0
1779988770925,1,Pitching Mound.Drive,,Loading,pitch.0,437029,1.0896,8.5586,115.9032,79.3151,20.8846,-10.692,-0.024,0.0911
1779988770925,1,Pitching Mound.Parent,,Loading,pitch.0,436082,0.4233,8.4459,116.3653,79.267,20.8238,-10.5515,-0.0239,0.0921
1779988770926,1,11.0000004b,Drive,Loading,pitch.0,437030,1.0973,8.5295,115.6651,79.1515,21.0786,-10.6756,-0.0243,0.0911
1779988770926,1,12.00000015,Lower Delivery,Loading,pitch.0,436763,-0.5464,-0.1622,0.5386,-0.0594,-0.0014,0.0016,0.0,0.0
1779988770926,1,12.00000018,Upper Delivery,Loading,pitch.0,437621,-0.0607,0.0574,0.0397,-0.0884,-0.0304,-0.0012,0.0,0.0
1779988770926,1,Pitching Mound.Delivery,,Loading,pitch.0,436462,-0.6071,-0.1048,0.5783,0.0218,-0.0317,0.1656,0.0,0.0
1779988770926,1,Pitching Mound.Drive,,Loading,pitch.0,437030,1.0973,8.5295,115.6651,79.1515,21.0786,-10.6756,-0.0243,0.0911
1779988770926,1,Pitching Mound.Parent,,Loading,pitch.0,436083,0.4824,8.4537,116.4815,79.3369,20.8528,-10.5265,-0.0239,0.0921
1779988770927,1,11.0000004b,Drive,Loading,pitch.0,437031,1.1206,8.4939,115.6524,79.17,21.022,-10.6062,-0.0242,0.0911
1779988770927,1,12.00000015,Lower Delivery,Loading,pitch.0,436764,-0.5472,-0.1735,0.5324,-0.0544,0.003,0.0016,0.0,0.0
1779988770927,1,12.00000018,Upper Delivery,Loading,pitch.0,437622,-0.0451,0.0736,0.0816,-0.0884,-0.0304,-0.0012,0.0,0.0
1779988770927,1,Pitching Mound.Delivery,,Loading,pitch.0,436463,-0.5923,-0.0999,0.614,0.0105,-0.0274,0.1711,0.0,0.0
1779988770927,1,Pitching Mound.Drive,,Loading,pitch.0,437031,1.1206,8.4939,115.6524,79.17,21.022,-10.6062,-0.0242,0.0911
1779988770927,1,Pitching Mound.Parent,,Loading,pitch.0,436084,0.505,8.4295,116.279,79.162,21.0512,-10.5044,-0.0241,0.0919
1779988770928,1,11.0000004b,Drive,Loading,pitch.0,437032,1.1338,8.4699,115.7976,79.2049,21.1122,-10.5456,-0.0243,0.0911
1779988770928,1,12.00000015,Lower Delivery,Loading,pitch.0,436765,-0.5561,-0.1953,0.5388,-0.053,0.0009,0.0015,0.0,0.0
1779988770928,1,12.00000018,Upper Delivery,Loading,pitch.0,437623,-0.0517,0.0593,0.0376,-0.0884,-0.0304,-0.0012,0.0,0.0
1779988770928,1,Pitching Mound.Delivery,,Loading,pitch.0,436464,-0.6077,-0.1359,0.5764,0.029,-0.0294,0.1718,0.0,0.0
1779988770928,1,Pitching Mound.Drive,,Loading,pitch.0,437032,1.1338,8.4699,115.7976,79.2049,21.1122,-10.5456,-0.0243,0.0911
1779988770928,1,Pitching Mound.Parent,,Loading,pitch.0,436085,0.5261,8.334,116.374,79.2339,21.0827,-10.3738,-0.0242,0.0921
1779988770929,1,11.0000004b,Drive,Loading,pitch.0,437033,1.1618,8.4548,115.6719,79.1929,21.09,-10.496,-0.0243,0.0911
1779988770929,1,12.00000015,Lower Delivery,Loading,pitch.0,436766,-0.545,-0.1851,0.5297,-0.0388,-0.0055,-0.0011,0.0,0.0
1779988770929,1,12.00000018,Upper Delivery,Loading,pitch.0,437624,-0.0525,0.0594,0.0293,-0.0884,-0.0304,-0.0012,0.0,0.0
1779988770929,1,Pitching Mound.Delivery,,Loading,pitch.0,436465,-0.5975,-0.1257,0.559,0.043,-0.0359,0.1652,0.0,0.0
1779988770929,1,Pitching Mound.Drive,,Loading,pitch.0,437033,1.1618,8.4548,115.6719,79.1929,21.09,-10.496,-0.0243,0.0911
1779988770929,1,Pitching Mound.Parent,,Loading,pitch.0,436086,0.5643,8.329,116.231,79.2359,21.0542,-10.3308,-0.0242,0.0922
1779988770930,1,11.0000004b,Drive,Loading,pitch.0,437034,1.179,8.4146,115.6607,79.1769,21.0527,-10.4269,-0.0242,0.0911
1779988770930,1,12.00000015,Lower Delivery,Loading,pitch.0,436767,-0.5218,-0.1841,0.503,-0.0502,-0.011,-0.0011,0.0,0.0
1779988770930,1,12.00000018,Upper Delivery,Loading,pitch.0,437625,-0.0569,0.0549,0.0206,-0.0884,-0.0304,-0.0012,0.0,0.0
1779988770930,1,Pitching Mound.Delivery,,Loading,pitch.0,436466,-0.5787,-0.1292,0.5236,0.0255,-0.0413,0.1558,0.0,0.0
1779988770930,1,Pitching Mound.Drive,,Loading,pitch.0,437034,1.179,8.4146,115.6607,79.1769,21.0527,-10.4269,-0.0242,0.0911
1779988770930,1,Pitching Mound.Parent,,Loading,pitch.0,436087,0.6002,8.2854,116.1842,79.2024,21.0114,-10.2711,-0.0241,0.0921
1779988770931,1,11.0000004b,Drive,Loading,pitch.0,437035,1.1941,8.3941,115.7652,79.208,21.0315,-10.3621,-0.0242,0.0911
1779988770931,1,12.00000015,Lower Delivery,Loading,pitch.0,436768,-0.5038,-0.1947,0.4728,-0.0465,-0.0024,-0.0015,0.0,0.0
1779988770931,1,12.00000018,Upper Delivery,Loading,pitch.0,437626,-0.0512,0.0622,0.029,-0.0884,-0.0304,-0.0012,0.0,0.0
1779988770931,1,Pitching Mound.Delivery,,Loading,pitch.0,436467,-0.555,-0.1325,0.5018,0.016,-0.0328,0.1512,0.0,0.0
1779988770931,1,Pitching Mound.Drive,,Loading,pitch.0,437035,1.1941,8.3941,115.7652,79.208,21.0315,-10.3621,-0.0242,0.0911
1779988770931,1,Pitching Mound.Parent,,Loading,pitch.0,436088,0.6391,8.2616,116.267,79.224,20.9987,-10.2109,-0.0241,0.092
1779988770932,1,11.0000004b,Drive,Loading,pitch.0,437036,1.2245,8.3821,115.7814,79.2333,21.0279,-10.2997,-0.0242,0.0911
1779988770932,1,12.00000015,Lower Delivery,Loading,pitch.0,436769,-0.5204,-0.2018,0.4833,-0.0435,-0.0073,-0.0011,0.0,0.0
1779988770932,1,12.00000018,Upper Delivery,Loading,pitch.0,437627,-0.0593,0.0536,0.0191,-0.0884,-0.0304,-0.0012,0.0,0.0
1779988770932,1,Pitching Mound.Delivery,,Loading,pitch.0,436468,-0.5797,-0.1482,0.5024,0.026,-0.0377,0.1545,0.0,0.0
1779988770932,1,Pitching Mound.Drive,,Loading,pitch.0,437036,1.2245,8.3821,115.7814,79.2333,21.0279,-10.2997,-0.0242,0.0911
1779988770932,1,Pitching Mound.Parent,,Loading,pitch.0,436089,0.6448,8.2339,116.2838,79.2593,20.9902,-10.1452,-0.0241,0.0921
1779988770933,1,11.0000004b,Drive,Loading,pitch.0,437037,1.2341,8.3582,115.7671,79.3139,21.1037,-10.2265,-0.0243,0.0912
1779988770933,1,12.00000015,Lower Delivery,Loading,pitch.0,436770,-0.5365,-0.2091,0.5005,-0.0452,-0.0077,-0.001,0.0,0.0
1779988770933,1,12.00000018,Upper Delivery,Loading,pitch.0,437628,-0.0572,0.0541,0.0057,-0.0884,-0.0304,-0.0012,0.0,0.0
1779988770933,1,Pitching Mound.Delivery,,Loading,pitch.0,436469,-0.5937,-0.155,0.5062,0.0347,-0.0381,0.1608,0.0,0.0
1779988770933,1,Pitching Mound.Drive,,Loading,pitch.0,437037,1.2341,8.3582,115.7671,79.3139,21.1037,-10.2265,-0.0243,0.0912
1779988770933,1,Pitching Mound.Parent,,Loading,pitch.0,436090,0.6404,8.2032,116.2733,79.3486,21.0656,-10.0657,-0.0242,0.0923
1779988770934,1,11.0000004b,Drive,Loading,pitch.0,437038,1.2423,8.3441,115.7577,79.2806,21.0395,-10.1704,-0.0242,0.0912
1779988770934,1,12.00000015,Lower Delivery,Loading,pitch.0,436771,-0.5519,-0.1996,0.5207,-0.0462,-0.005,-0.0023,0.0,0.0
1779988770934,1,12.00000018,Upper Delivery,Loading,pitch.0,437629,-0.0566,0.0523,-0.0039,-0.0884,-0.0304,-0.0012,0.0,0.0
1779988770934,1,Pitching Mound.Delivery,,Loading,pitch.0,436470,-0.6085,-0.1473,0.5167,0.0438,-0.0353,0.1649,0.0,0.0
1779988770934,1,Pitching Mound.Drive,,Loading,pitch.0,437038,1.2423,8.3441,115.7577,79.2806,21.0395,-10.1704,-0.0242,0.0912
1779988770934,1,Pitching Mound.Parent,,Loading,pitch.0,436091,0.6338,8.1968,116.2744,79.3243,21.0041,-10.0055,-0.0241,0.0923
1779988770935,1,11.0000004b,Drive,Loading,pitch.0,437039,1.2589,8.3283,115.6581,79.2269,21.1085,-10.1141,-0.0243,0.0912
1779988770935,1,12.00000015,Lower Delivery,Loading,pitch.0,436772,-0.5222,-0.1805,0.49,-0.0494,-0.001,-0.0041,0.0,0.0
1779988770935,1,12.00000018,Upper Delivery,Loading,pitch.0,437630,-0.058,0.0556,0.0038,-0.0884,-0.0304,-0.0012,0.0,0.0
1779988770935,1,Pitching Mound.Delivery,,Loading,pitch.0,436471,-0.5801,-0.1248,0.4937,0.0275,-0.0314,0.1526,0.0,0.0
1779988770935,1,Pitching Mound.Drive,,Loading,pitch.0,437039,1.2589,8.3283,115.6581,79.2269,21.1085,-10.1141,-0.0243,0.0912
1779988770935,1,Pitching Mound.Parent,,Loading,pitch.0,436092,0.6788,8.2034,116.1518,79.2544,21.0771,-9.9616,-0.0242,0.0922
1779988770936,1,11.0000004b,Drive,Loading,pitch.0,437040,1.2829,8.3155,115.5742,79.1789,21.0556,-10.0443,-0.0243,0.0912
1779988770936,1,12.00000015,Lower Delivery,Loading,pitch.0,436773,-0.5572,-0.2023,0.5139,-0.0479,-0.0055,-0.0058,0.0,0.0
1779988770936,1,12.00000018,Upper Delivery,Loading,pitch.0,437631,-0.0536,0.0597,0.0084,-0.0884,-0.0304,-0.0012,0.0,0.0
1779988770936,1,Pitching Mound.Delivery,,Loading,pitch.0,436472,-0.6108,-0.1426,0.5224,0.0356,-0.0358,0.1642,0.0,0.0
1779988770936,1,Pitching Mound.Drive,,Loading,pitch.0,437040,1.2829,8.3155,115.5742,79.1789,21.0556,-10.0443,-0.0243,0.0912
1779988770936,1,Pitching Mound.Parent,,Loading,pitch.0,436093,0.6721,8.173,116.0966,79.2145,21.0198,-9.8801,-0.0241,0.0923
1779988770937,1,11.0000004b,Drive,Loading,pitch.0,437041,1.2937,8.2979,115.5308,79.3537,21.1292,-9.9514,-0.0243,0.0914
1779988770937,1,12.00000015,Lower Delivery,Loading,pitch.0,436774,-0.5648,-0.1935,0.5322,-0.0629,-0.0083,-0.0023,0.0,0.0
1779988770937,1,12.00000018,Upper Delivery,Loading,pitch.0,437632,-0.0641,0.0572,0.0094,-0.0884,-0.0304,-0.0012,0.0,0.0
1779988770937,1,Pitching Mound.Delivery,,Loading,pitch.0,436473,-0.6289,-0.1363,0.5416,0.0265,-0.0387,0.1668,0.0,0.0
1779988770937,1,Pitching Mound.Drive,,Loading,pitch.0,437041,1.2937,8.2979,115.5308,79.3537,21.1292,-9.9514,-0.0243,0.0914
1779988770937,1,Pitching Mound.Parent,,Loading,pitch.0,436094,0.6648,8.1616,116.0724,79.3802,21.0905,-9.7846,-0.0242,0.0925
1779988770938,1,11.0000004b,Drive,Loading,pitch.0,437042,1.3133,8.2565,115.5607,79.2396,21.1587,-9.878,-0.0244,0.0913
1779988770938,1,12.00000015,Lower Delivery,Loading,pitch.0,436775,-0.5704,-0.2076,0.5297,-0.0629,-0.0038,-0.002,0.0,0.0
1779988770938,1,12.00000018,Upper Delivery,Loading,pitch.0,437633,-0.0622,0.0598,0.0139,-0.0884,-0.0304,-0.0012,0.0,0.0
1779988770938,1,Pitching Mound.Delivery,,Loading,pitch.0,436474,-0.6326,-0.1477,0.5435,0.0241,-0.0341,0.1696,0.0,0.0
1779988770938,1,Pitching Mound.Drive,,Loading,pitch.0,437042,1.3133,8.2565,115.5607,79.2396,21.1587,-9.878,-0.0244,0.0913
1779988770938,1,Pitching Mound.Parent,,Loading,pitch.0,436095,0.6807,8.1088,116.1042,79.2637,21.1246,-9.7085,-0.0243,0.0924
1779988770939,1,11.0000004b,Drive,Loading,pitch.0,437043,1.3195,8.2313,115.5163,79.3633,20.9363,-9.8005,-0.0241,0.0915
1779988770939,1,12.00000015,Lower Delivery,Loading,pitch.0,436776,-0.5893,-0.2027,0.5488,-0.0526,-0.0103,-0.0039,0.0,0.0
1779988770939,1,12.00000018,Upper Delivery,Loading,pitch.0,437634,-0.0638,0.0656,0.0201,-0.0884,-0.0304,-0.0012,0.0,0.0
1779988770939,1,Pitching Mound.Delivery,,Loading,pitch.0,436475,-0.6531,-0.1372,0.5689,0.0388,-0.0406,0.1736,0.0,0.0
1779988770939,1,Pitching Mound.Drive,,Loading,pitch.0,437043,1.3195,8.2313,115.5163,79.3633,20.9363,-9.8005,-0.0241,0.0915
1779988770939,1,Pitching Mound.Parent,,Loading,pitch.0,436096,0.6664,8.0942,116.0852,79.4021,20.8956,-9.6269,-0.024,0.0926
1779988770940,1,11.0000004b,Drive,Loading,pitch.0,437044,1.34,8.1945,115.4885,79.404,20.8042,-9.7189,-0.024,0.0915
1779988770940,1,12.00000015,Lower Delivery,Loading,pitch.0,436777,-0.6149,-0.2265,0.5696,-0.0466,-0.002,-0.0058,0.0,0.0
1779988770940,1,12.00000018,Upper Delivery,Loading,pitch.0,437635,-0.0608,0.0692,0.0334,-0.0884,-0.0304,-0.0012,0.0,0.0
1779988770940,1,Pitching Mound.Delivery,,Loading,pitch.0,436476,-0.6758,-0.1573,0.6031,0.0474,-0.0324,0.1814,0.0,0.0
1779988770940,1,Pitching Mound.Drive,,Loading,pitch.0,437044,1.34,8.1945,115.4885,79.404,20.8042,-9.7189,-0.024,0.0915
1779988770940,1,Pitching Mound.Parent,,Loading,pitch.0,436097,0.6642,8.0372,116.0915,79.4513,20.7718,-9.5374,-0.0239,0.0926
1779988770941,1,11.0000004b,Drive,Loading,pitch.0,437045,1.3696,8.1677,115.5135,79.3311,20.7251,-9.6122,-0.0239,0.0914
1779988770941,1,12.00000015,Lower Delivery,Loading,pitch.0,436778,-0.6724,-0.2461,0.6231,-0.0333,0.0007,-0.0069,0.0,0.0
1779988770941,1,12.00000018,Upper Delivery,Loading,pitch.0,437636,-0.0545,0.0789,0.0767,-0.0884,-0.0304,-0.0012,0.0,0.0
1779988770941,1,Pitching Mound.Delivery,,Loading,pitch.0,436477,-0.727,-0.1671,0.6998,0.0641,-0.0296,0.202,0.0,0.0
1779988770941,1,Pitching Mound.Drive,,Loading,pitch.0,437045,1.3696,8.1677,115.5135,79.3311,20.7251,-9.6122,-0.0239,0.0914
1779988770941,1,Pitching Mound.Parent,,Loading,pitch.0,436098,0.6426,8.0006,116.2133,79.3953,20.6954,-9.4102,-0.0237,0.0925
1779988770942,1,11.0000004b,Drive,Loading,pitch.0,437046,1.3896,8.1242,115.6794,79.3693,20.5617,-9.5003,-0.0237,0.0913
1779988770942,1,12.00000015,Lower Delivery,Loading,pitch.0,436779,-0.6584,-0.2521,0.6011,-0.0294,-0.0054,-0.0082,0.0,0.0
1779988770942,1,12.00000018,Upper Delivery,Loading,pitch.0,437637,-0.058,0.0747,0.0734,-0.0884,-0.0304,-0.0012,0.0,0.0
1779988770942,1,Pitching Mound.Delivery,,Loading,pitch.0,436478,-0.7165,-0.1774,0.6746,0.0616,-0.0358,0.1948,0.0,0.0
1779988770942,1,Pitching Mound.Drive,,Loading,pitch.0,437046,1.3896,8.1242,115.6794,79.3693,20.5617,-9.5003,-0.0237,0.0913
1779988770942,1,Pitching Mound.Parent,,Loading,pitch.0,436099,0.6731,7.9468,116.354,79.4309,20.5259,-9.3055,-0.0235,0.0924
1779988770943,1,11.0000004b,Drive,Loading,pitch.0,437047,1.3898,8.0871,115.6626,79.4698,20.4214,-9.433,-0.0235,0.0915
1779988770943,1,12.00000015,Lower Delivery,Loading,pitch.0,436780,-0.6512,-0.2553,0.5843,-0.0315,-0.0027,-0.0086,0.0,0.0
1779988770943,1,12.00000018,Upper Delivery,Loading,pitch.0,437638,-0.0595,0.0678,0.0659,-0.0884,-0.0304,-0.0012,0.0,0.0
1779988770943,1,Pitching Mound.Delivery,,Loading,pitch.0,436479,-0.7107,-0.1876,0.6503,0.0564,-0.0331,0.1914,0.0,0.0
1779988770943,1,Pitching Mound.Drive,,Loading,pitch.0,437047,1.3898,8.0871,115.6626,79.4698,20.4214,-9.433,-0.0235,0.0915
1779988770943,1,Pitching Mound.Parent,,Loading,pitch.0,436100,0.6791,7.8996,116.3128,79.5262,20.3884,-9.2416,-0.0234,0.0925
1779988770944,1,11.0000004b,Drive,Loading,pitch.0,437048,1.4039,8.0438,115.8163,79.4662,20.478,-9.3599,-0.0235,0.0913
1779988770944,1,12.00000015,Lower Delivery,Loading,pitch.0,436781,-0.6312,-0.2305,0.5478,-0.0336,-0.015,-0.0094,0.0,0.0
1779988770944,1,12.00000018,Upper Delivery,Loading,pitch.0,437639,-0.062,0.0696,0.0833,-0.0884,-0.0304,-0.0012,0.0,0.0
1779988770944,1,Pitching Mound.Delivery,,Loading,pitch.0,436480,-0.6932,-0.1609,0.6311,0.036,-0.0454,0.1829,0.0,0.0
1779988770944,1,Pitching Mound.Drive,,Loading,pitch.0,437048,1.4039,8.0438,115.8163,79.4662,20.478,-9.3599,-0.0235,0.0913
1779988770944,1,Pitching Mound.Parent,,Loading,pitch.0,436101,0.7107,7.8829,116.4474,79.5022,20.4326,-9.177,-0.0234,0.0922
1779988770945,1,11.0000004b,Drive,Loading,pitch.0,437049,1.4297,7.9961,115.8488,79.4107,20.3384,-9.2598,-0.0234,0.0913
1779988770945,1,12.00000015,Lower Delivery,Loading,pitch.0,436782,-0.6375,-0.223,0.5669,-0.0367,-0.0077,-0.0069,0.0,0.0
1779988770945,1,12.00000018,Upper Delivery,Loading,pitch.0,437640,-0.0682,0.0644,0.0688,-0.0884,-0.0304,-0.0012,0.0,0.0
1779988770945,1,Pitching Mound.Delivery,,Loading,pitch.0,436481,-0.7057,-0.1587,0.6358,0.0443,-0.0381,0.1855,0.0,0.0
1779988770945,1,Pitching Mound.Drive,,Loading,pitch.0,437049,1.4297,7.9961,115.8488,79.4107,20.3384,-9.2598,-0.0234,0.0913
1779988770945,1,Pitching Mound.Parent,,Loading,pitch.0,436102,0.724,7.8375,116.4845,79.4551,20.3003,-9.0743,-0.0232,0.0922
1779988770946,1,11.0000004b,Drive,Loading,pitch.0,437050,1.438,7.9547,115.9527,79.4269,20.2841,-9.1668,-0.0233,0.0912
1779988770946,1,12.00000015,Lower Delivery,Loading,pitch.0,436783,-0.657,-0.2453,0.5944,-0.0267,0.0032,-0.0038,0.0,0.0
1779988770946,1,12.00000018,Upper Delivery,Loading,pitch.0,437641,-0.0416,0.0908,0.1452,-0.0884,-0.0304,-0.0012,0.0,0.0
1779988770946,1,Pitching Mound.Delivery,,Loading,pitch.0,436482,-0.6986,-0.1545,0.7396,0.0377,-0.0272,0.2042,0.0,0.0
1779988770946,1,Pitching Mound.Drive,,Loading,pitch.0,437050,1.438,7.9547,115.9527,79.4269,20.2841,-9.1668,-0.0233,0.0912
1779988770946,1,Pitching Mound.Parent,,Loading,pitch.0,436103,0.7394,7.8002,116.6923,79.4646,20.2569,-8.9626,-0.0231,0.0919
1779988770947,1,11.0000004b,Drive,Loading,pitch.0,437051,1.4568,7.9301,115.9595,79.5492,20.1575,-9.1093,-0.0231,0.0913
1779988770947,1,12.00000015,Lower Delivery,Loading,pitch.0,436784,-0.6238,-0.2245,0.559,-0.0273,-0.0052,-0.0055,0.0,0.0
1779988770947,1,12.00000018,Upper Delivery,Loading,pitch.0,437642,-0.044,0.0988,0.178,-0.0884,-0.0304,-0.0012,0.0,0.0
1779988770947,1,Pitching Mound.Delivery,,Loading,pitch.0,436483,-0.6679,-0.1257,0.7369,0.0139,-0.0356,0.1905,0.0,0.0
1779988770947,1,Pitching Mound.Drive,,Loading,pitch.0,437051,1.4568,7.9301,115.9595,79.5492,20.1575,-9.1093,-0.0231,0.0913
1779988770947,1,Pitching Mound.Parent,,Loading,pitch.0,436104,0.789,7.8044,116.6965,79.5631,20.122,-8.9188,-0.023,0.0919
1779988770948,1,11.0000004b,Drive,Loading,pitch.0,437052,1.4566,7.91,115.8677,79.4941,20.1358,-9.0073,-0.0231,0.0913
1779988770948,1,12.00000015,Lower Delivery,Loading,pitch.0,436785,-0.6195,-0.2072,0.5623,-0.0291,-0.0054,-0.0054,0.0,0.0
1779988770948,1,12.00000018,Upper Delivery,Loading,pitch.0,437643,-0.0354,0.0868,0.1361,-0.0884,-0.0304,-0.0012,0.0,0.0
1779988770948,1,Pitching Mound.Delivery,,Loading,pitch.0,436484,-0.6549,-0.1205,0.6984,0.0274,-0.0358,0.192,0.0,0.0
1779988770948,1,Pitching Mound.Drive,,Loading,pitch.0,437052,1.4566,7.91,115.8677,79.4941,20.1358,-9.0073,-0.0231,0.0913
1779988770948,1,Pitching Mound.Parent,,Loading,pitch.0,436105,0.8017,7.7895,116.5662,79.5215,20.1001,-8.8153,-0.023,0.092
1779988770949,1,11.0000004b,Drive,Loading,pitch.0,437053,1.469,7.9114,115.8088,79.5188,19.9454,-8.918,-0.0229,0.0914
1779988770949,1,12.00000015,Lower Delivery,Loading,pitch.0,436786,-0.6286,-0.2071,0.571,-0.0371,-0.0065,-0.0049,0.0,0.0
1779988770949,1,12.00000018,Upper Delivery,Loading,pitch.0,437644,-0.0285,0.0996,0.1214,-0.0884,-0.0304,-0.0012,0.0,0.0
1779988770949,1,Pitching Mound.Delivery,,Loading,pitch.0,436485,-0.6571,-0.1075,0.6924,0.0274,-0.0369,0.198,0.0,0.0
1779988770949,1,Pitching Mound.Drive,,Loading,pitch.0,437053,1.469,7.9114,115.8088,79.5188,19.9454,-8.918,-0.0229,0.0914
1779988770949,1,Pitching Mound.Parent,,Loading,pitch.0,436106,0.8119,7.8039,116.5012,79.5462,19.9085,-8.72,-0.0228,0.0922
1779988770950,1,11.0000004b,Drive,Loading,pitch.0,437054,1.4735,7.895,115.8043,79.4818,19.8268,-8.8603,-0.0228,0.0914
1779988770950,1,12.00000015,Lower Delivery,Loading,pitch.0,436787,-0.6491,-0.1884,0.6018,-0.034,-0.0061,-0.0046,0.0,0.0
1779988770950,1,12.00000018,Upper Delivery,Loading,pitch.0,437645,-0.0363,0.0932,0.1545,-0.0884,-0.0304,-0.0012,0.0,0.0
1779988770950,1,Pitching Mound.Delivery,,Loading,pitch.0,436486,-0.6854,-0.0952,0.7563,0.0297,-0.0365,0.2025,0.0,0.0
1779988770950,1,Pitching Mound.Drive,,Loading,pitch.0,437054,1.4735,7.895,115.8043,79.4818,19.8268,-8.8603,-0.0228,0.0914
1779988770950,1,Pitching Mound.Parent,,Loading,pitch.0,436107,0.7881,7.7998,116.5607,79.5116,19.7903,-8.6578,-0.0226,0.0921
1779988770951,1,11.0000004b,Drive,Loading,pitch.0,437055,1.4658,7.8937,115.7174,79.5022,19.815,-8.794,-0.0228,0.0915
1779988770951,1,12.00000015,Lower Delivery,Loading,pitch.0,436788,-0.6066,-0.1884,0.5423,-0.0418,-0.0139,-0.0056,0.0,0.0
1779988770951,1,12.00000018,Upper Delivery,Loading,pitch.0,437646,-0.0398,0.0821,0.0988,-0.0884,-0.0304,-0.0012,0.0,0.0
1779988770951,1,Pitching Mound.Delivery,,Loading,pitch.0,436487,-0.6464,-0.1063,0.6412,0.0206,-0.0442,0.1859,0.0,0.0
1779988770951,1,Pitching Mound.Drive,,Loading,pitch.0,437055,1.4658,7.8937,115.7174,79.5022,19.815,-8.794,-0.0228,0.0915
1779988770951,1,Pitching Mound.Parent,,Loading,pitch.0,436108,0.8194,7.7874,116.3585,79.5228,19.7708,-8.6082,-0.0227,0.0923
1779988770952,1,11.0000004b,Drive,Loading,pitch.0,437056,1.472,7.8882,115.773,79.5472,19.5449,-8.6871,-0.0225,0.0915
1779988770952,1,12.00000015,Lower Delivery,Loading,pitch.0,436789,-0.5853,-0.1679,0.5363,-0.0512,-0.0117,-0.0051,0.0,0.0
1779988770952,1,12.00000018,Upper Delivery,Loading,pitch.0,437647,-0.0413,0.0849,0.1027,-0.0884,-0.0304,-0.0012,0.0,0.0
1779988770952,1,Pitching Mound.Delivery,,Loading,pitch.0,436488,-0.6267,-0.083,0.639,0.0078,-0.0421,0.1787,0.0,0.0
1779988770952,1,Pitching Mound.Drive,,Loading,pitch.0,437056,1.472,7.8882,115.773,79.5472,19.5449,-8.6871,-0.0225,0.0915
1779988770952,1,Pitching Mound.Parent,,Loading,pitch.0,436109,0.8454,7.8053,116.4121,79.5551,19.5028,-8.5085,-0.0224,0.0922
1779988770953,1,11.0000004b,Drive,Loading,pitch.0,437057,1.472,7.8885,115.6224,79.6635,19.5794,-8.6519,-0.0225,0.0917
1779988770953,1,12.00000015,Lower Delivery,Loading,pitch.0,436790,-0.5863,-0.1546,0.5345,-0.0536,-0.0129,-0.0069,0.0,0.0
1779988770953,1,12.00000018,Upper Delivery,Loading,pitch.0,437648,-0.0484,0.0747,0.0853,-0.0884,-0.0304,-0.0012,0.0,0.0
1779988770953,1,Pitching Mound.Delivery,,Loading,pitch.0,436489,-0.6348,-0.0799,0.6197,0.0108,-0.0432,0.1748,0.0,0.0
1779988770953,1,Pitching Mound.Drive,,Loading,pitch.0,437057,1.472,7.8885,115.6224,79.6635,19.5794,-8.6519,-0.0225,0.0917
1779988770953,1,Pitching Mound.Parent,,Loading,pitch.0,436110,0.8372,7.8086,116.2421,79.6743,19.5361,-8.4771,-0.0224,0.0925
1779988770954,1,11.0000004b,Drive,Loading,pitch.0,437058,1.5031,7.8952,115.7347,79.6556,19.3125,-8.5502,-0.0222,0.0916
1779988770954,1,12.00000015,Lower Delivery,Loading,pitch.0,436791,-0.5719,-0.1889,0.5141,-0.0488,-0.0127,-0.0075,0.0,0.0
1779988770954,1,12.00000018,Upper Delivery,Loading,pitch.0,437649,-0.0087,0.1128,0.1008,-0.0884,-0.0304,-0.0012,0.0,0.0
1779988770954,1,Pitching Mound.Delivery,,Loading,pitch.0,436490,-0.5806,-0.0762,0.6149,0.0034,-0.0431,0.1828,0.0,0.0
1779988770954,1,Pitching Mound.Drive,,Loading,pitch.0,437058,1.5031,7.8952,115.7347,79.6556,19.3125,-8.5502,-0.0222,0.0916
1779988770954,1,Pitching Mound.Parent,,Loading,pitch.0,436111,0.9225,7.8191,116.3496,79.659,19.2694,-8.3674,-0.0221,0.0923
1779988770955,1,11.0000004b,Drive,Loading,pitch.0,437059,1.5124,7.8944,115.6379,79.5983,19.1283,-8.4822,-0.022,0.0916
1779988770955,1,12.00000015,Lower Delivery,Loading,pitch.0,436792,-0.5793,-0.2003,0.5161,-0.0491,-0.0151,-0.008,0.0,0.0
1779988770955,1,12.00000018,Upper Delivery,Loading,pitch.0,437650,-0.0127,0.1042,0.1009,-0.0884,-0.0304,-0.0012,0.0,0.0
1779988770955,1,Pitching Mound.Delivery,,Loading,pitch.0,436491,-0.592,-0.0962,0.6171,0.0037,-0.0454,0.1834,0.0,0.0
1779988770955,1,Pitching Mound.Drive,,Loading,pitch.0,437059,1.5124,7.8944,115.6379,79.5983,19.1283,-8.4822,-0.022,0.0916
1779988770955,1,Pitching Mound.Parent,,Loading,pitch.0,436112,0.9204,7.7982,116.2549,79.6019,19.0829,-8.2988,-0.0219,0.0924
1779988770956,1,11.0000004b,Drive,Loading,pitch.0,437060,1.5225,7.894,115.7928,79.7602,18.957,-8.424,-0.0218,0.0917
1779988770956,1,12.00000015,Lower Delivery,Loading,pitch.0,436793,-0.606,-0.22,0.5393,-0.0534,-0.0178,-0.0082,0.0,0.0
1779988770956,1,12.00000018,Upper Delivery,Loading,pitch.0,437651,0.0055,0.1269,0.1022,-0.0884,-0.0304,-0.0012,0.0,0.0
1779988770956,1,Pitching Mound.Delivery,,Loading,pitch.0,436492,-0.6005,-0.0931,0.6416,0.0068,-0.0482,0.1986,0.0,0.0
1779988770956,1,Pitching Mound.Drive,,Loading,pitch.0,437060,1.5225,7.894,115.7928,79.7602,18.957,-8.424,-0.0218,0.0917
1779988770956,1,Pitching Mound.Parent,,Loading,pitch.0,436113,0.922,7.8009,116.4343,79.767,18.9088,-8.2254,-0.0217,0.0925
1779988770957,1,11.0000004b,Drive,Loading,pitch.0,437061,1.5389,7.9089,115.7682,79.7414,18.791,-8.3384,-0.0216,0.0917
1779988770957,1,12.00000015,Lower Delivery,Loading,pitch.0,436794,-0.5834,-0.2295,0.5097,-0.0576,-0.0178,-0.0087,0.0,0.0
1779988770957,1,12.00000018,Upper Delivery,Loading,pitch.0,437652,-0.0184,0.1051,0.1144,-0.0884,-0.0304,-0.0012,0.0,0.0
1779988770957,1,Pitching Mound.Delivery,,Loading,pitch.0,436493,-0.6018,-0.1244,0.6242,-0.0116,-0.0482,0.1822,0.0,0.0
1779988770957,1,Pitching Mound.Drive,,Loading,pitch.0,437061,1.5389,7.9089,115.7682,79.7414,18.791,-8.3384,-0.0216,0.0917
1779988770957,1,Pitching Mound.Parent,,Loading,pitch.0,436114,0.9371,7.7845,116.3924,79.7299,18.7428,-8.1562,-0.0215,0.0924
1779988770958,1,11.0000004b,Drive,Loading,pitch.0,437062,1.5537,7.9154,115.6189,79.7052,18.6964,-8.2859,-0.0215,0.0918
1779988770958,1,12.00000015,Lower Delivery,Loading,pitch.0,436795,-0.6088,-0.2155,0.5405,-0.0637,-0.0138,-0.0075,0.0,0.0
1779988770958,1,12.00000018,Upper Delivery,Loading,pitch.0,437653,-0.0332,0.0962,0.1318,-0.0884,-0.0304,-0.0012,0.0,0.0
1779988770958,1,Pitching Mound.Delivery,,Loading,pitch.0,436494,-0.6419,-0.1192,0.6723,-0.0131,-0.0442,0.187,0.0,0.0
1779988770958,1,Pitching Mound.Drive,,Loading,pitch.0,437062,1.5537,7.9154,115.6189,79.7052,18.6964,-8.2859,-0.0215,0.0918
1779988770958,1,Pitching Mound.Parent,,Loading,pitch.0,436115,0.9118,7.7962,116.2912,79.6921,18.6521,-8.0989,-0.0214,0.0924
1779988770959,1,11.0000004b,Drive,Loading,pitch.0,437063,1.5534,7.9119,115.7992,79.7905,18.6572,-8.2025,-0.0214,0.0917
1779988770959,1,12.00000015,Lower Delivery,Loading,pitch.0,436796,-0.6181,-0.2055,0.5586,-0.0662,-0.013,-0.0047,0.0,0.0
1779988770959,1,12.00000018,Upper Delivery,Loading,pitch.0,437654,-0.0154,0.1112,0.1407,-0.0884,-0.0304,-0.0012,0.0,0.0
1779988770959,1,Pitching Mound.Delivery,,Loading,pitch.0,436495,-0.6335,-0.0943,0.6993,-0.0125,-0.0434,0.1991,0.0,0.0
1779988770959,1,Pitching Mound.Drive,,Loading,pitch.0,437063,1.5534,7.9119,115.7992,79.7905,18.6572,-8.2025,-0.0214,0.0917
1779988770959,1,Pitching Mound.Parent,,Loading,pitch.0,436116,0.9199,7.8176,116.4985,79.7781,18.6139,-8.0034,-0.0213,0.0924
1779988770960,1,11.0000004b,Drive,Loading,pitch.0,437064,1.5718,7.9076,115.8836,79.7646,18.6576,-8.1419,-0.0214,0.0916
1779988770960,1,12.00000015,Lower Delivery,Loading,pitch.0,436798,-0.6161,-0.1903,0.5537,-0.0555,-0.0198,-0.0093,0.0,0.0
1779988770960,1,12.00000015,Lower Delivery,Loading,pitch.0,436797,-0.6316,-0.1955,0.5683,-0.0626,-0.0258,-0.0072,0.0,0.0
1779988770960,1,12.00000018,Upper Delivery,Loading,pitch.0,437655,0.0034,0.1245,0.1099,-0.0884,-0.0304,-0.0012,0.0,0.0
1779988770960,1,Pitching Mound.Delivery,,Loading,pitch.0,436496,-0.6282,-0.071,0.6782,0.0049,-0.0561,0.2075,0.0,0.0
1779988770960,1,Pitching Mound.Drive,,Loading,pitch.0,437064,1.5718,7.9076,115.8836,79.7646,18.6576,-8.1419,-0.0214,0.0916
1779988770960,1,Pitching Mound.Parent,,Loading,pitch.0,436117,0.9436,7.8366,116.5618,79.7695,18.6014,-7.9344,-0.0213,0.0924
1779988770961,1,11.0000004b,Drive,Loading,pitch.0,437065,1.5576,7.9231,115.7766,79.7518,18.7437,-8.0662,-0.0216,0.0917
1779988770961,1,12.00000015,Lower Delivery,Loading,pitch.0,436799,-0.631,-0.2085,0.5846,-0.0466,-0.0133,-0.0091,0.0,0.0
1779988770961,1,12.00000018,Upper Delivery,Loading,pitch.0,437656,-0.0093,0.11,0.1017,-0.0884,-0.0304,-0.0012,0.0,0.0
1779988770961,1,Pitching Mound.Delivery,,Loading,pitch.0,436497,-0.6254,-0.0803,0.6554,0.0098,-0.0502,0.1958,0.0,0.0
1779988770961,1,Pitching Mound.Drive,,Loading,pitch.0,437065,1.5576,7.9231,115.7766,79.7518,18.7437,-8.0662,-0.0216,0.0917
1779988770961,1,Pitching Mound.Parent,,Loading,pitch.0,436118,0.9322,7.8428,116.432,79.7616,18.6935,-7.8704,-0.0214,0.0925
1779988770962,1,11.0000004b,Drive,Loading,pitch.0,437066,1.5763,7.907,115.8632,79.723,18.5635,-7.9794,-0.0213,0.0916
1779988770962,1,12.00000015,Lower Delivery,Loading,pitch.0,436800,-0.6317,-0.211,0.5865,-0.0499,-0.0106,-0.0091,0.0,0.0
1779988770962,1,12.00000018,Upper Delivery,Loading,pitch.0,437657,-0.0191,0.1105,0.1341,-0.0884,-0.0304,-0.0012,0.0,0.0
1779988770962,1,Pitching Mound.Delivery,,Loading,pitch.0,436498,-0.6501,-0.098,0.7187,0.0182,-0.0436,0.1977,0.0,0.0
1779988770962,1,Pitching Mound.Drive,,Loading,pitch.0,437066,1.5763,7.907,115.8632,79.723,18.5635,-7.9794,-0.0213,0.0916
1779988770962,1,Pitching Mound.Parent,,Loading,pitch.0,436119,0.9262,7.809,116.5819,79.7411,18.5199,-7.7816,-0.0212,0.0924
1779988770963,1,11.0000004b,Drive,Loading,pitch.0,437067,1.5736,7.9239,115.8497,79.7015,18.6959,-7.9212,-0.0215,0.0916
1779988770963,1,12.00000015,Lower Delivery,Loading,pitch.0,436801,-0.6561,-0.2503,0.5908,-0.0506,-0.0145,-0.009,0.0,0.0
1779988770963,1,12.00000018,Upper Delivery,Loading,pitch.0,437658,-0.0292,0.0957,0.1205,-0.0884,-0.0304,-0.0012,0.0,0.0
1779988770963,1,Pitching Mound.Delivery,,Loading,pitch.0,436499,-0.6608,-0.1153,0.707,0.0202,-0.041,0.1945,0.0,0.0
1779988770963,1,Pitching Mound.Drive,,Loading,pitch.0,437067,1.5736,7.9239,115.8497,79.7015,18.6959,-7.9212,-0.0215,0.0916
1779988770963,1,Pitching Mound.Parent,,Loading,pitch.0,436120,0.9128,7.8087,116.5567,79.7217,18.6549,-7.7267,-0.0214,0.0924
1779988770964,1,11.0000004b,Drive,Loading,pitch.0,437068,1.5732,7.9337,115.8586,79.7236,18.7979,-7.8432,-0.0216,0.0916
1779988770964,1,12.00000015,Lower Delivery,Loading,pitch.0,436802,-0.6361,-0.2604,0.555,-0.039,-0.0161,-0.0085,0.0,0.0
1779988770964,1,12.00000018,Upper Delivery,Loading,pitch.0,437659,-0.028,0.0917,0.0929,-0.0884,-0.0304,-0.0012,0.0,0.0
1779988770964,1,Pitching Mound.Delivery,,Loading,pitch.0,436500,-0.6841,-0.1586,0.6836,0.0304,-0.0448,0.2033,0.0,0.0
1779988770964,1,Pitching Mound.Drive,,Loading,pitch.0,437068,1.5732,7.9337,115.8586,79.7236,18.7979,-7.8432,-0.0216,0.0916
1779988770964,1,Pitching Mound.Parent,,Loading,pitch.0,436121,0.8891,7.7751,116.5422,79.754,18.7531,-7.6398,-0.0215,0.0925
1779988770965,1,11.0000004b,Drive,Loading,pitch.0,437069,1.5682,7.9183,115.9156,79.6864,18.6556,-7.7744,-0.0214,0.0915
1779988770965,1,12.00000015,Lower Delivery,Loading,pitch.0,436803,-0.6366,-0.2944,0.5325,-0.0216,-0.005,-0.0079,0.0,0.0
1779988770965,1,12.00000018,Upper Delivery,Loading,pitch.0,437660,-0.0443,0.0721,0.082,-0.0884,-0.0304,-0.0012,0.0,0.0
1779988770965,1,Pitching Mound.Delivery,,Loading,pitch.0,436501,-0.6803,-0.1883,0.637,0.0334,-0.0464,0.1915,0.0,0.0
1779988770965,1,Pitching Mound.Drive,,Loading,pitch.0,437069,1.5682,7.9183,115.9156,79.6864,18.6556,-7.7744,-0.0214,0.0915
1779988770965,1,Pitching Mound.Parent,,Loading,pitch.0,436122,0.8878,7.73,116.5526,79.7198,18.6091,-7.5829,-0.0213,0.0924
1779988770966,1,11.0000004b,Drive,Loading,pitch.0,437070,1.5754,7.9147,115.9177,79.7741,18.6082,-7.6992,-0.0214,0.0916
1779988770966,1,12.00000018,Upper Delivery,Loading,pitch.0,437661,-0.0625,0.0508,0.0381,-0.0884,-0.0304,-0.0012,0.0,0.0
1779988770966,1,Pitching Mound.Delivery,,Loading,pitch.0,436502,-0.6992,-0.2436,0.5706,0.0581,-0.0354,0.1861,0.0,0.0
1779988770966,1,Pitching Mound.Drive,,Loading,pitch.0,437070,1.5754,7.9147,115.9177,79.7741,18.6082,-7.6992,-0.0214,0.0916
1779988770966,1,Pitching Mound.Parent,,Loading,pitch.0,436123,0.8762,7.6711,116.4883,79.8322,18.5728,-7.5131,-0.0213,0.0926
1779988770967,1,11.0000004b,Drive,Loading,pitch.0,437071,1.5813,7.933,115.8393,79.7901,18.6047,-7.6361,-0.0214,0.0917
1779988770967,1,12.00000015,Lower Delivery,Loading,pitch.0,436804,-0.6261,-0.3263,0.5061,-0.0086,0.0086,-0.0066,0.0,0.0
1779988770967,1,12.00000015,Lower Delivery,Loading,pitch.0,436805,-0.61,-0.32,0.4858,-0.0178,0.0028,-0.0059,0.0,0.0
1779988770967,1,12.00000018,Upper Delivery,Loading,pitch.0,437662,-0.0681,0.0426,0.0291,-0.0884,-0.0304,-0.0012,0.0,0.0
1779988770967,1,Pitching Mound.Delivery,,Loading,pitch.0,436503,-0.6942,-0.2837,0.5351,0.0652,-0.0217,0.182,0.0,0.0
1779988770967,1,Pitching Mound.Drive,,Loading,pitch.0,437071,1.5813,7.933,115.8393,79.7901,18.6047,-7.6361,-0.0214,0.0917
1779988770967,1,Pitching Mound.Parent,,Loading,pitch.0,436124,0.8871,7.6493,116.3745,79.8554,18.583,-7.4542,-0.0213,0.0927
1779988770968,1,11.0000004b,Drive,Loading,pitch.0,437072,1.5817,7.9294,115.9163,79.8198,18.5708,-7.5734,-0.0213,0.0917
1779988770968,1,12.00000015,Lower Delivery,Loading,pitch.0,436806,-0.6086,-0.3537,0.4656,-0.0234,0.002,-0.0055,0.0,0.0
1779988770968,1,12.00000018,Upper Delivery,Loading,pitch.0,437663,-0.0678,0.0475,0.0227,-0.0884,-0.0304,-0.0012,0.0,0.0
1779988770968,1,Pitching Mound.Delivery,,Loading,pitch.0,436504,-0.6778,-0.2725,0.5085,0.0513,-0.0276,0.1773,0.0,0.0
1779988770968,1,Pitching Mound.Drive,,Loading,pitch.0,437072,1.5817,7.9294,115.9163,79.8198,18.5708,-7.5734,-0.0213,0.0917
1779988770968,1,Pitching Mound.Parent,,Loading,pitch.0,436125,0.9039,7.6569,116.4248,79.8711,18.5432,-7.3962,-0.0212,0.0926
1779988770969,1,11.0000004b,Drive,Loading,pitch.0,437073,1.6017,7.9139,116.0414,79.847,18.4277,-7.4845,-0.0211,0.0916
1779988770969,1,12.00000015,Lower Delivery,Loading,pitch.0,436807,-0.6456,-0.3997,0.4831,-0.0352,-0.0117,-0.0051,0.0,0.0
1779988770969,1,12.00000018,Upper Delivery,Loading,pitch.0,437664,-0.069,0.0429,0.0184,-0.0884,-0.0304,-0.0012,0.0,0.0
1779988770969,1,Pitching Mound.Delivery,,Loading,pitch.0,436505,-0.6777,-0.3107,0.484,0.0402,-0.0284,0.1767,0.0,0.0
1779988770969,1,Pitching Mound.Drive,,Loading,pitch.0,437073,1.6017,7.9139,116.0414,79.847,18.4277,-7.4845,-0.0211,0.0916
1779988770969,1,Pitching Mound.Parent,,Loading,pitch.0,436126,0.924,7.6031,116.5254,79.8872,18.3993,-7.3078,-0.0211,0.0925
1779988770970,1,11.0000004b,Drive,Loading,pitch.0,437074,1.6095,7.916,116.0315,79.8179,18.2713,-7.4186,-0.021,0.0916
1779988770970,1,12.00000015,Lower Delivery,Loading,pitch.0,436808,-0.6114,-0.3896,0.4554,-0.0214,-0.0009,-0.0026,0.0,0.0
1779988770970,1,12.00000018,Upper Delivery,Loading,pitch.0,437665,-0.0663,0.0358,0.0119,-0.0884,-0.0304,-0.0012,0.0,0.0
1779988770970,1,12.00000018,Upper Delivery,Loading,pitch.0,437666,-0.0643,0.0391,0.0045,-0.0884,-0.0304,-0.0012,0.0,0.0
1779988770970,1,Pitching Mound.Delivery,,Loading,pitch.0,436506,-0.7119,-0.3639,0.495,0.0366,-0.0421,0.1906,0.0,0.0
1779988770970,1,Pitching Mound.Delivery,,Loading,pitch.0,436507,-0.6757,-0.3505,0.4599,0.0435,-0.0312,0.1823,0.0,0.0
1779988770970,1,Pitching Mound.Drive,,Loading,pitch.0,437074,1.6095,7.916,116.0315,79.8179,18.2713,-7.4186,-0.021,0.0916
1779988770970,1,Pitching Mound.Parent,,Loading,pitch.0,436127,0.8976,7.552,116.5265,79.8545,18.2293,-7.228,-0.0209,0.0926
1779988770971,1,11.0000004b,Drive,Loading,pitch.0,437075,1.613,7.9263,116.1534,79.8384,18.1355,-7.3213,-0.0208,0.0915
1779988770971,1,12.00000015,Lower Delivery,Loading,pitch.0,436809,-0.6057,-0.3831,0.4473,-0.035,-0.0155,-0.0055,0.0,0.0
1779988770971,1,Pitching Mound.Drive,,Loading,pitch.0,437075,1.613,7.9263,116.1534,79.8384,18.1355,-7.3213,-0.0208,0.0915
1779988770971,1,Pitching Mound.Parent,,Loading,pitch.0,436128,0.9373,7.5758,116.6133,79.8819,18.1043,-7.1391,-0.0207,0.0925
1779988770972,1,11.0000004b,Drive,Loading,pitch.0,437076,1.6261,7.9134,116.0983,79.9017,18.0808,-7.2616,-0.0207,0.0916
1779988770972,1,11.0000004b,Drive,Loading,pitch.0,437077,1.6289,7.9154,116.0344,79.756,18.0101,-7.1697,-0.0207,0.0915
1779988770972,1,12.00000015,Lower Delivery,Loading,pitch.0,436810,-0.6057,-0.3542,0.4633,-0.0266,-0.0026,-0.0051,0.0,0.0
1779988770972,1,12.00000018,Upper Delivery,Loading,pitch.0,437667,-0.0627,0.0374,0.0036,-0.0884,-0.0304,-0.0012,0.0,0.0
1779988770972,1,12.00000018,Upper Delivery,Loading,pitch.0,437668,-0.0619,0.0374,0.0058,-0.0884,-0.0304,-0.0012,0.0,0.0
1779988770972,1,Pitching Mound.Delivery,,Loading,pitch.0,436508,-0.6684,-0.3457,0.4509,0.0275,-0.0459,0.1779,0.0,0.0
1779988770972,1,Pitching Mound.Delivery,,Loading,pitch.0,436509,-0.6676,-0.3168,0.4691,0.0406,-0.033,0.1786,0.0,0.0
1779988770972,1,Pitching Mound.Drive,,Loading,pitch.0,437076,1.6261,7.9134,116.0983,79.9017,18.0808,-7.2616,-0.0207,0.0916
1779988770972,1,Pitching Mound.Drive,,Loading,pitch.0,437077,1.6289,7.9154,116.0344,79.756,18.0101,-7.1697,-0.0207,0.0915
1779988770972,1,Pitching Mound.Parent,,Loading,pitch.0,436129,0.9577,7.5677,116.5492,79.9291,18.0349,-7.0837,-0.0207,0.0926
1779988770972,1,Pitching Mound.Parent,,Loading,pitch.0,436130,0.9613,7.5986,116.5035,79.7966,17.9771,-6.9911,-0.0206,0.0925
1779988770973,1,12.00000015,Lower Delivery,Loading,pitch.0,436811,-0.6061,-0.3338,0.4722,-0.0203,0.0024,-0.0057,0.0,0.0
1779988770973,1,12.00000018,Upper Delivery,Loading,pitch.0,437669,-0.063,0.0454,0.0107,-0.0884,-0.0304,-0.0012,0.0,0.0
1779988770973,1,Pitching Mound.Delivery,,Loading,pitch.0,436510,-0.669,-0.2884,0.4829,0.0482,-0.028,0.1777,0.0,0.0
1779988770974,1,11.0000004b,Drive,Loading,pitch.0,437078,1.6253,7.9244,115.7669,79.7416,17.8449,-7.0763,-0.0205,0.0917
1779988770974,1,12.00000015,Lower Delivery,Loading,pitch.0,436812,-0.5867,-0.2766,0.4859,-0.0252,-0.0036,-0.0079,0.0,0.0
1779988770974,1,12.00000018,Upper Delivery,Loading,pitch.0,437670,-0.061,0.0454,0.0028,-0.0884,-0.0304,-0.0012,0.0,0.0
1779988770974,1,Pitching Mound.Delivery,,Loading,pitch.0,436511,-0.6477,-0.2312,0.4887,0.0507,-0.034,0.1696,0.0,0.0
1779988770974,1,Pitching Mound.Drive,,Loading,pitch.0,437078,1.6253,7.9244,115.7669,79.7416,17.8449,-7.0763,-0.0205,0.0917
1779988770974,1,Pitching Mound.Parent,,Loading,pitch.0,436131,0.9563,7.6361,116.2498,79.7898,17.8169,-6.8985,-0.0204,0.0927
1779988770975,1,11.0000004b,Drive,Loading,pitch.0,437079,1.6146,7.9114,115.7387,79.6934,17.6548,-7.0021,-0.0203,0.0917
1779988770975,1,12.00000015,Lower Delivery,Loading,pitch.0,436813,-0.5886,-0.2692,0.4997,-0.0186,0.0051,-0.0074,0.0,0.0
1779988770975,1,12.00000018,Upper Delivery,Loading,pitch.0,437671,-0.0597,0.0488,0.0097,-0.0884,-0.0304,-0.0012,0.0,0.0
1779988770975,1,Pitching Mound.Delivery,,Loading,pitch.0,436512,-0.6483,-0.2204,0.5095,0.0596,-0.0253,0.1712,0.0,0.0
1779988770975,1,Pitching Mound.Drive,,Loading,pitch.0,437079,1.6146,7.9114,115.7387,79.6934,17.6548,-7.0021,-0.0203,0.0917
1779988770975,1,Pitching Mound.Parent,,Loading,pitch.0,436132,0.9669,7.6801,116.2274,79.7441,17.6209,-6.8324,-0.0202,0.0927
1779988770976,1,11.0000004b,Drive,Loading,pitch.0,437080,1.6062,7.9308,115.7568,79.6656,17.755,-6.9151,-0.0204,0.0916
1779988770976,1,12.00000015,Lower Delivery,Loading,pitch.0,436814,-0.5585,-0.2629,0.4612,-0.0325,-0.0065,-0.007,0.0,0.0
1779988770976,1,12.00000018,Upper Delivery,Loading,pitch.0,437672,-0.059,0.0513,0.0127,-0.0884,-0.0304,-0.0012,0.0,0.0
1779988770976,1,Pitching Mound.Delivery,,Loading,pitch.0,436513,-0.6175,-0.2116,0.4739,0.0316,-0.0368,0.1616,0.0,0.0
1779988770976,1,Pitching Mound.Drive,,Loading,pitch.0,437080,1.6062,7.9308,115.7568,79.6656,17.755,-6.9151,-0.0204,0.0916
1779988770976,1,Pitching Mound.Parent,,Loading,pitch.0,436133,0.9578,7.7104,116.2662,79.7252,17.7297,-6.7439,-0.0203,0.0927
1779988770977,1,11.0000004b,Drive,Loading,pitch.0,437081,1.6075,7.9242,115.6834,79.5309,17.606,-6.8409,-0.0203,0.0915
1779988770977,1,12.00000015,Lower Delivery,Loading,pitch.0,436815,-0.571,-0.2216,0.4926,-0.0443,-0.0148,-0.0067,0.0,0.0
1779988770977,1,12.00000018,Upper Delivery,Loading,pitch.0,437673,-0.0582,0.0499,0.0095,-0.0884,-0.0304,-0.0012,0.0,0.0
1779988770977,1,Pitching Mound.Delivery,,Loading,pitch.0,436514,-0.6292,-0.1716,0.5021,0.0316,-0.0452,0.1665,0.0,0.0
1779988770977,1,Pitching Mound.Drive,,Loading,pitch.0,437081,1.6075,7.9242,115.6834,79.5309,17.606,-6.8409,-0.0203,0.0915
1779988770977,1,Pitching Mound.Parent,,Loading,pitch.0,436134,0.99,7.7126,116.1574,79.5625,17.5692,-6.6794,-0.0202,0.0925
1779988770978,1,11.0000004b,Drive,Loading,pitch.0,437083,1.5627,7.9217,115.6323,79.5042,17.3339,-6.6519,-0.02,0.0915
1779988770978,1,11.0000004b,Drive,Loading,pitch.0,437082,1.5711,7.9276,115.6891,79.48,17.588,-6.7498,-0.0202,0.0915
1779988770978,1,12.00000015,Lower Delivery,Loading,pitch.0,436816,-0.5914,-0.2175,0.512,-0.0526,-0.0184,-0.006,0.0,0.0
1779988770978,1,12.00000018,Upper Delivery,Loading,pitch.0,437674,-0.0555,0.0505,0.0179,-0.0884,-0.0304,-0.0012,0.0,0.0
1779988770978,1,Pitching Mound.Delivery,,Loading,pitch.0,436515,-0.6469,-0.167,0.5299,0.027,-0.0488,0.175,0.0,0.0
1779988770978,1,Pitching Mound.Drive,,Loading,pitch.0,437083,1.5627,7.9217,115.6323,79.5042,17.3339,-6.6519,-0.02,0.0915
1779988770978,1,Pitching Mound.Drive,,Loading,pitch.0,437082,1.5711,7.9276,115.6891,79.48,17.588,-6.7498,-0.0202,0.0915
1779988770978,1,Pitching Mound.Parent,,Loading,pitch.0,436135,0.9419,7.756,116.1913,79.5115,17.5428,-6.5833,-0.0202,0.0925
1779988770978,1,Pitching Mound.Parent,,Loading,pitch.0,436136,0.9158,7.7547,116.1622,79.5312,17.2851,-6.4769,-0.0199,0.0926
1779988770979,1,11.0000004b,Drive,Loading,pitch.0,437084,1.5324,7.9065,115.4726,79.4536,17.2493,-6.5882,-0.0199,0.0916
1779988770979,1,12.00000015,Lower Delivery,Loading,pitch.0,436817,-0.5873,-0.1937,0.518,-0.0692,-0.0188,-0.0036,0.0,0.0
1779988770979,1,12.00000018,Upper Delivery,Loading,pitch.0,437675,-0.0541,0.0501,0.0234,-0.0884,-0.0304,-0.0012,0.0,0.0
1779988770979,1,Pitching Mound.Delivery,,Loading,pitch.0,436516,-0.6414,-0.1436,0.5415,0.0106,-0.0492,0.1765,0.0,0.0
1779988770979,1,Pitching Mound.Drive,,Loading,pitch.0,437084,1.5324,7.9065,115.4726,79.4536,17.2493,-6.5882,-0.0199,0.0916
1779988770979,1,Pitching Mound.Parent,,Loading,pitch.0,436137,0.891,7.7629,116.0141,79.4642,17.2001,-6.4117,-0.0198,0.0926
1779988770980,1,12.00000015,Lower Delivery,Loading,pitch.0,436818,-0.5203,-0.145,0.4519,-0.0811,-0.0295,-0.0047,0.0,0.0
1779988770981,1,11.0000004b,Drive,Loading,pitch.0,437085,1.5016,7.9194,115.5268,79.4382,17.0582,-6.4968,-0.0197,0.0915
1779988770981,1,11.0000004b,Drive,Loading,pitch.0,437086,1.4723,7.915,115.2676,79.422,16.9849,-6.3728,-0.0196,0.0917
1779988770981,1,12.00000015,Lower Delivery,Loading,pitch.0,436819,-0.5453,-0.1682,0.4706,-0.0773,-0.0328,-0.0081,0.0,0.0
1779988770981,1,12.00000018,Upper Delivery,Loading,pitch.0,437676,-0.0529,0.0508,0.0163,-0.0884,-0.0304,-0.0012,0.0,0.0
1779988770981,1,12.00000018,Upper Delivery,Loading,pitch.0,437677,-0.052,0.0522,0.0105,-0.0884,-0.0304,-0.0012,0.0,0.0
1779988770981,1,Pitching Mound.Delivery,,Loading,pitch.0,436518,-0.5973,-0.1159,0.4811,-0.0092,-0.0631,0.1584,0.0,0.0
1779988770981,1,Pitching Mound.Delivery,,Loading,pitch.0,436517,-0.5732,-0.0941,0.4682,-0.0214,-0.0599,0.153,0.0,0.0
1779988770981,1,Pitching Mound.Drive,,Loading,pitch.0,437085,1.5016,7.9194,115.5268,79.4382,17.0582,-6.4968,-0.0197,0.0915
1779988770981,1,Pitching Mound.Drive,,Loading,pitch.0,437086,1.4723,7.915,115.2676,79.422,16.9849,-6.3728,-0.0196,0.0917
1779988770981,1,Pitching Mound.Parent,,Loading,pitch.0,436139,0.875,7.7991,115.7486,79.4127,16.9218,-6.2144,-0.0195,0.0927
1779988770981,1,Pitching Mound.Parent,,Loading,pitch.0,436138,0.9284,7.8253,115.995,79.4168,16.9984,-6.3438,-0.0196,0.0924
1779988770982,1,11.0000004b,Drive,Loading,pitch.0,437087,1.4446,7.9096,115.3277,79.4226,16.8505,-6.2921,-0.0195,0.0917
1779988770982,1,12.00000015,Lower Delivery,Loading,pitch.0,436820,-0.5478,-0.1443,0.492,-0.0775,-0.0246,-0.0075,0.0,0.0
1779988770982,1,12.00000018,Upper Delivery,Loading,pitch.0,437678,-0.0537,0.0538,0.0257,-0.0884,-0.0304,-0.0012,0.0,0.0
1779988770982,1,Pitching Mound.Delivery,,Loading,pitch.0,436519,-0.6015,-0.0906,0.5177,-0.0073,-0.055,0.1592,0.0,0.0
1779988770982,1,Pitching Mound.Drive,,Loading,pitch.0,437087,1.4446,7.9096,115.3277,79.4226,16.8505,-6.2921,-0.0195,0.0917
1779988770982,1,Pitching Mound.Parent,,Loading,pitch.0,436140,0.8431,7.819,115.8454,79.4153,16.7955,-6.1329,-0.0194,0.0926
1779988770983,1,11.0000004b,Drive,Loading,pitch.0,437088,1.4386,7.8993,115.3012,79.3839,16.7802,-6.2096,-0.0194,0.0917
1779988770983,1,12.00000015,Lower Delivery,Loading,pitch.0,436821,-0.546,-0.1696,0.4858,-0.0688,-0.0294,-0.0108,0.0,0.0
1779988770983,1,12.00000018,Upper Delivery,Loading,pitch.0,437679,-0.051,0.0564,0.0415,-0.0884,-0.0304,-0.0012,0.0,0.0
1779988770983,1,Pitching Mound.Delivery,,Loading,pitch.0,436520,-0.597,-0.1132,0.5273,-0.0061,-0.0597,0.1563,0.0,0.0
1779988770983,1,Pitching Mound.Drive,,Loading,pitch.0,437088,1.4386,7.8993,115.3012,79.3839,16.7802,-6.2096,-0.0194,0.0917
1779988770983,1,Pitching Mound.Parent,,Loading,pitch.0,436141,0.8417,7.7861,115.8285,79.3778,16.7205,-6.0533,-0.0193,0.0925
1779988770984,1,11.0000004b,Drive,Loading,pitch.0,437089,1.4113,7.8884,115.2274,79.2742,16.7075,-6.0969,-0.0193,0.0916
1779988770984,1,12.00000015,Lower Delivery,Loading,pitch.0,436822,-0.5622,-0.1815,0.5005,-0.0741,-0.0244,-0.0087,0.0,0.0
1779988770984,1,12.00000018,Upper Delivery,Loading,pitch.0,437680,-0.0542,0.0591,0.037,-0.0884,-0.0304,-0.0012,0.0,0.0
1779988770984,1,Pitching Mound.Delivery,,Loading,pitch.0,436521,-0.6164,-0.1224,0.5375,-0.0049,-0.0547,0.1628,0.0,0.0
1779988770984,1,Pitching Mound.Drive,,Loading,pitch.0,437089,1.4113,7.8884,115.2274,79.2742,16.7075,-6.0969,-0.0193,0.0916
1779988770984,1,Pitching Mound.Parent,,Loading,pitch.0,436142,0.795,7.7659,115.7649,79.2694,16.6528,-5.9341,-0.0192,0.0925
1779988770985,1,11.0000004b,Drive,Loading,pitch.0,437090,1.3872,7.8957,115.1267,79.1882,16.5245,-5.9813,-0.0191,0.0916
1779988770985,1,12.00000015,Lower Delivery,Loading,pitch.0,436823,-0.5684,-0.2183,0.4886,-0.0685,-0.0186,-0.0067,0.0,0.0
1779988770985,1,12.00000018,Upper Delivery,Loading,pitch.0,437681,-0.0557,0.0588,0.0404,-0.0884,-0.0304,-0.0012,0.0,0.0
1779988770985,1,Pitching Mound.Delivery,,Loading,pitch.0,436522,-0.6241,-0.1596,0.5289,-0.0045,-0.049,0.1665,0.0,0.0
1779988770985,1,Pitching Mound.Drive,,Loading,pitch.0,437090,1.3872,7.8957,115.1267,79.1882,16.5245,-5.9813,-0.0191,0.0916
1779988770985,1,Pitching Mound.Parent,,Loading,pitch.0,436143,0.7631,7.7362,115.6556,79.1837,16.4755,-5.8148,-0.019,0.0925
1779988770986,1,11.0000004b,Drive,Loading,pitch.0,437091,1.3537,7.8677,115.0278,79.1241,16.4166,-5.8381,-0.019,0.0916
1779988770986,1,12.00000015,Lower Delivery,Loading,pitch.0,436824,-0.5603,-0.2115,0.4784,-0.0703,-0.0217,-0.0065,0.0,0.0
1779988770986,1,12.00000018,Upper Delivery,Loading,pitch.0,437682,-0.0555,0.0579,0.0234,-0.0884,-0.0304,-0.0012,0.0,0.0
1779988770986,1,Pitching Mound.Delivery,,Loading,pitch.0,436523,-0.6158,-0.1536,0.5018,-0.004,-0.0521,0.1639,0.0,0.0
1779988770986,1,Pitching Mound.Drive,,Loading,pitch.0,437091,1.3537,7.8677,115.0278,79.1241,16.4166,-5.8381,-0.019,0.0916
1779988770986,1,Pitching Mound.Parent,,Loading,pitch.0,436144,0.7379,7.7141,115.5297,79.1201,16.3645,-5.6742,-0.0189,0.0925
1779988770987,1,11.0000004b,Drive,Loading,pitch.0,437092,1.341,7.863,115.0115,79.0213,16.3627,-5.7378,-0.0189,0.0915
1779988770987,1,12.00000015,Lower Delivery,Loading,pitch.0,436825,-0.5287,-0.2494,0.437,-0.0743,-0.019,-0.0037,0.0,0.0
1779988770987,1,12.00000018,Upper Delivery,Loading,pitch.0,437683,-0.0588,0.0589,0.0368,-0.0884,-0.0304,-0.0012,0.0,0.0
1779988770987,1,Pitching Mound.Delivery,,Loading,pitch.0,436524,-0.5875,-0.1906,0.4738,-0.0266,-0.0494,0.1549,0.0,0.0
1779988770987,1,Pitching Mound.Drive,,Loading,pitch.0,437092,1.341,7.863,115.0115,79.0213,16.3627,-5.7378,-0.0189,0.0915
1779988770987,1,Pitching Mound.Parent,,Loading,pitch.0,436145,0.7536,7.6724,115.4853,78.9947,16.3133,-5.5829,-0.0189,0.0923
1779988770988,1,11.0000004b,Drive,Loading,pitch.0,437093,1.3363,7.8898,114.9909,79.0427,16.1983,-5.6032,-0.0188,0.0915
1779988770988,1,12.00000015,Lower Delivery,Loading,pitch.0,436826,-0.5314,-0.2434,0.4362,-0.0698,-0.0093,-0.0035,0.0,0.0
1779988770988,1,12.00000018,Upper Delivery,Loading,pitch.0,437684,-0.0625,0.0528,0.0331,-0.0884,-0.0304,-0.0012,0.0,0.0
1779988770988,1,Pitching Mound.Delivery,,Loading,pitch.0,436525,-0.5938,-0.1906,0.4694,-0.0212,-0.0397,0.1547,0.0,0.0
1779988770988,1,Pitching Mound.Drive,,Loading,pitch.0,437093,1.3363,7.8898,114.9909,79.0427,16.1983,-5.6032,-0.0188,0.0915
1779988770988,1,Pitching Mound.Parent,,Loading,pitch.0,436146,0.7425,7.6991,115.4602,79.0215,16.1587,-5.4485,-0.0187,0.0923
1779988770989,1,11.0000004b,Drive,Loading,pitch.0,437094,1.3248,7.8881,114.8765,78.8368,16.1871,-5.4807,-0.0188,0.0914
1779988770989,1,12.00000015,Lower Delivery,Loading,pitch.0,436827,-0.5495,-0.2762,0.4332,-0.0633,-0.0071,-0.0061,0.0,0.0
1779988770989,1,12.00000018,Upper Delivery,Loading,pitch.0,437685,-0.0652,0.0557,0.0401,-0.0884,-0.0304,-0.0012,0.0,0.0
1779988770989,1,Pitching Mound.Delivery,,Loading,pitch.0,436526,-0.6147,-0.2205,0.4734,-0.018,-0.0374,0.1574,0.0,0.0
1779988770989,1,Pitching Mound.Drive,,Loading,pitch.0,437094,1.3248,7.8881,114.8765,78.8368,16.1871,-5.4807,-0.0188,0.0914
1779988770989,1,Pitching Mound.Parent,,Loading,pitch.0,436147,0.7101,7.6676,115.3499,78.8188,16.1497,-5.3233,-0.0187,0.0921
1779988770990,1,12.00000015,Lower Delivery,Loading,pitch.0,436828,-0.5171,-0.2747,0.4055,-0.0601,-0.0088,-0.0049,0.0,0.0
1779988770990,1,12.00000018,Upper Delivery,Loading,pitch.0,437686,-0.0652,0.078,0.1083,-0.0884,-0.0304,-0.0012,0.0,0.0
1779988770990,1,Pitching Mound.Delivery,,Loading,pitch.0,436527,-0.5823,-0.1967,0.5138,-0.0474,-0.0392,0.1475,0.0,0.0
1779988770991,1,11.0000004b,Drive,Loading,pitch.0,437095,1.3272,7.9149,114.7917,78.8143,15.9038,-5.3748,-0.0184,0.0914
1779988770991,1,12.00000015,Lower Delivery,Loading,pitch.0,436829,-0.5657,-0.2955,0.4422,-0.0581,-0.0028,-0.0033,0.0,0.0
1779988770991,1,12.00000018,Upper Delivery,Loading,pitch.0,437687,-0.0693,0.0558,0.0566,-0.0884,-0.0304,-0.0012,0.0,0.0
1779988770991,1,Pitching Mound.Delivery,,Loading,pitch.0,436528,-0.6351,-0.2398,0.4989,-0.0153,-0.0331,0.1642,0.0,0.0
1779988770991,1,Pitching Mound.Drive,,Loading,pitch.0,437095,1.3272,7.9149,114.7917,78.8143,15.9038,-5.3748,-0.0184,0.0914
1779988770991,1,Pitching Mound.Parent,,Loading,pitch.0,436148,0.7449,7.7182,115.3056,78.7669,15.8646,-5.2272,-0.0184,0.0919
1779988770992,1,11.0000004b,Drive,Loading,pitch.0,437096,1.329,7.9182,114.6322,78.5434,15.8923,-5.2681,-0.0185,0.0912
1779988770992,1,12.00000015,Lower Delivery,Loading,pitch.0,436830,-0.5389,-0.2582,0.4436,-0.0645,0.0026,-0.0018,0.0,0.0
1779988770992,1,12.00000018,Upper Delivery,Loading,pitch.0,437688,-0.0708,0.0512,0.0535,-0.0884,-0.0304,-0.0012,0.0,0.0
1779988770992,1,Pitching Mound.Delivery,,Loading,pitch.0,436529,-0.6097,-0.207,0.497,-0.0202,-0.0278,0.1561,0.0,0.0
1779988770992,1,Pitching Mound.Drive,,Loading,pitch.0,437096,1.329,7.9182,114.6322,78.5434,15.8923,-5.2681,-0.0185,0.0912
1779988770992,1,Pitching Mound.Parent,,Loading,pitch.0,436149,0.6939,7.6784,115.131,78.5281,15.8592,-5.1038,-0.0184,0.092
1779988770993,1,11.0000004b,Drive,Loading,pitch.0,437097,1.3214,7.947,114.482,78.4737,15.5519,-5.1602,-0.0181,0.0913
1779988770993,1,11.0000004b,Drive,Loading,pitch.0,437098,1.2969,7.984,114.2955,78.2771,15.451,-5.062,-0.018,0.0912
1779988770993,1,12.00000015,Lower Delivery,Loading,pitch.0,436831,-0.5788,-0.2906,0.4695,-0.0488,-0.0037,-0.001,0.0,0.0
1779988770993,1,12.00000018,Upper Delivery,Loading,pitch.0,437689,-0.0699,0.0534,0.0522,-0.0884,-0.0304,-0.0012,0.0,0.0
1779988770993,1,Pitching Mound.Delivery,,Loading,pitch.0,436530,-0.6487,-0.2372,0.5217,0.0047,-0.0341,0.1709,0.0,0.0
1779988770993,1,Pitching Mound.Drive,,Loading,pitch.0,437097,1.3214,7.947,114.482,78.4737,15.5519,-5.1602,-0.0181,0.0913
1779988770993,1,Pitching Mound.Drive,,Loading,pitch.0,437098,1.2969,7.984,114.2955,78.2771,15.451,-5.062,-0.018,0.0912
1779988770993,1,Pitching Mound.Parent,,Loading,pitch.0,436150,0.7117,7.74,114.979,78.4535,15.5241,-5.0041,-0.018,0.092
1779988770993,1,Pitching Mound.Parent,,Loading,pitch.0,436151,0.6482,7.7468,114.8172,78.2818,15.417,-4.8911,-0.0179,0.092
1779988770994,1,12.00000015,Lower Delivery,Loading,pitch.0,436832,-0.5225,-0.2459,0.437,-0.0515,0.0019,0.0013,0.0,0.0
1779988770994,1,12.00000018,Upper Delivery,Loading,pitch.0,437690,-0.0708,0.0552,0.0508,-0.0884,-0.0304,-0.0012,0.0,0.0
1779988770994,1,Pitching Mound.Delivery,,Loading,pitch.0,436531,-0.5933,-0.1908,0.4878,-0.0086,-0.0285,0.1537,0.0,0.0
1779988770995,1,11.0000004b,Drive,Loading,pitch.0,437100,1.2941,8.056,114.1049,78.2026,15.2257,-4.8486,-0.0178,0.0912
1779988770995,1,11.0000004b,Drive,Loading,pitch.0,437099,1.3092,8.0225,114.2524,78.223,15.3553,-4.9563,-0.0179,0.0911
1779988770995,1,12.00000015,Lower Delivery,Loading,pitch.0,436833,-0.5413,-0.2502,0.4463,-0.0438,-0.0096,-0.0021,0.0,0.0
1779988770995,1,12.00000018,Upper Delivery,Loading,pitch.0,437691,-0.0624,0.0596,0.0531,-0.0884,-0.0304,-0.0012,0.0,0.0
1779988770995,1,Pitching Mound.Delivery,,Loading,pitch.0,436532,-0.6037,-0.1905,0.4993,0.0015,-0.04,0.1595,0.0,0.0
1779988770995,1,Pitching Mound.Drive,,Loading,pitch.0,437100,1.2941,8.056,114.1049,78.2026,15.2257,-4.8486,-0.0178,0.0912
1779988770995,1,Pitching Mound.Drive,,Loading,pitch.0,437099,1.3092,8.0225,114.2524,78.223,15.3553,-4.9563,-0.0179,0.0911
1779988770995,1,Pitching Mound.Parent,,Loading,pitch.0,436152,0.7159,7.8317,114.7401,78.2145,15.3268,-4.8025,-0.0178,0.0919
1779988770995,1,Pitching Mound.Parent,,Loading,pitch.0,436153,0.6904,7.8655,114.6042,78.2041,15.1857,-4.6891,-0.0177,0.092
1779988770996,1,11.0000004b,Drive,Loading,pitch.0,437101,1.2953,8.0841,114.0508,78.1191,14.9784,-4.7719,-0.0175,0.0912
1779988770996,1,12.00000015,Lower Delivery,Loading,pitch.0,436834,-0.5096,-0.2181,0.444,-0.0437,0.0004,-0.0019,0.0,0.0
1779988770996,1,12.00000018,Upper Delivery,Loading,pitch.0,437692,-0.0671,0.0544,0.0412,-0.0884,-0.0304,-0.0012,0.0,0.0
1779988770996,1,Pitching Mound.Delivery,,Loading,pitch.0,436533,-0.5767,-0.1637,0.4852,0.0049,-0.03,0.1473,0.0,0.0
1779988770996,1,Pitching Mound.Drive,,Loading,pitch.0,437101,1.2953,8.0841,114.0508,78.1191,14.9784,-4.7719,-0.0175,0.0912
1779988770996,1,Pitching Mound.Parent,,Loading,pitch.0,436154,0.7186,7.9204,114.536,78.124,14.9484,-4.6245,-0.0174,0.092
1779988770997,1,11.0000004b,Drive,Loading,pitch.0,437102,1.298,8.1374,113.887,78.0453,14.8088,-4.6522,-0.0173,0.0912
1779988770997,1,12.00000015,Lower Delivery,Loading,pitch.0,436835,-0.5677,-0.205,0.4917,-0.0438,-0.0014,-0.0026,0.0,0.0
1779988770997,1,12.00000018,Upper Delivery,Loading,pitch.0,437693,-0.0642,0.0541,0.0264,-0.0884,-0.0304,-0.0012,0.0,0.0
1779988770997,1,Pitching Mound.Delivery,,Loading,pitch.0,436534,-0.6319,-0.1509,0.5182,0.0261,-0.0318,0.1674,0.0,0.0
1779988770997,1,Pitching Mound.Drive,,Loading,pitch.0,437102,1.298,8.1374,113.887,78.0453,14.8088,-4.6522,-0.0173,0.0912
1779988770997,1,Pitching Mound.Parent,,Loading,pitch.0,436155,0.6661,7.9866,114.4052,78.0714,14.777,-4.4848,-0.0172,0.0922
1779988770998,1,11.0000004b,Drive,Loading,pitch.0,437103,1.2766,8.1469,113.6679,77.9587,14.5409,-4.5621,-0.017,0.0913
1779988770998,1,12.00000015,Lower Delivery,Loading,pitch.0,436836,-0.5978,-0.2293,0.5156,-0.0243,-0.0048,-0.0056,0.0,0.0
1779988770998,1,12.00000018,Upper Delivery,Loading,pitch.0,437694,-0.0557,0.0588,0.0241,-0.0884,-0.0304,-0.0012,0.0,0.0
1779988770998,1,Pitching Mound.Delivery,,Loading,pitch.0,436535,-0.6535,-0.1705,0.5397,0.0545,-0.0352,0.1775,0.0,0.0
1779988770998,1,Pitching Mound.Drive,,Loading,pitch.0,437103,1.2766,8.1469,113.6679,77.9587,14.5409,-4.5621,-0.017,0.0913
1779988770998,1,Pitching Mound.Parent,,Loading,pitch.0,436156,0.6231,7.9764,114.2075,78.0132,14.5058,-4.3846,-0.0169,0.0923
1779988770999,1,11.0000004b,Drive,Loading,pitch.0,437104,1.2511,8.1686,113.4528,77.7771,14.2804,-4.4499,-0.0168,0.0913
1779988770999,1,12.00000015,Lower Delivery,Loading,pitch.0,436837,-0.5955,-0.2504,0.5015,-0.0341,-0.0083,-0.0056,0.0,0.0
1779988770999,1,12.00000018,Upper Delivery,Loading,pitch.0,437695,-0.0571,0.0523,-0.0002,-0.0884,-0.0304,-0.0012,0.0,0.0
1779988770999,1,Pitching Mound.Delivery,,Loading,pitch.0,436536,-0.6526,-0.198,0.5013,0.0481,-0.0387,0.1763,0.0,0.0
1779988770999,1,Pitching Mound.Drive,,Loading,pitch.0,437104,1.2511,8.1686,113.4528,77.7771,14.2804,-4.4499,-0.0168,0.0913
1779988770999,1,Pitching Mound.Parent,,Loading,pitch.0,436157,0.5986,7.9706,113.9541,77.8251,14.2417,-4.2736,-0.0167,0.0924
1779988771000,1,11.0000004b,Drive,Loading,pitch.0,437105,1.2289,8.1884,113.3612,77.6477,14.2026,-4.3302,-0.0167,0.0912
1779988771000,1,12.00000015,Lower Delivery,Loading,pitch.0,436838,-0.5916,-0.268,0.4782,-0.0266,-0.0065,-0.0054,0.0,0.0
1779988771000,1,12.00000018,Upper Delivery,Loading,pitch.0,437696,-0.0487,0.0643,0.0223,-0.0884,-0.0304,-0.0012,0.0,0.0
1779988771000,1,Pitching Mound.Delivery,,Loading,pitch.0,436537,-0.6403,-0.2037,0.5005,0.04,-0.0369,0.1779,0.0,0.0
1779988771000,1,Pitching Mound.Drive,,Loading,pitch.0,437105,1.2289,8.1884,113.3612,77.6477,14.2026,-4.3302,-0.0167,0.0912
1779988771000,1,Pitching Mound.Parent,,Loading,pitch.0,436158,0.5886,7.9847,113.8617,77.6877,14.1657,-4.1523,-0.0166,0.0921
1779988771001,1,11.0000004b,Drive,Loading,pitch.0,437106,1.195,8.2005,113.1969,77.5368,14.2774,-4.2158,-0.0168,0.0912
1779988771001,1,12.00000015,Lower Delivery,Loading,pitch.0,436839,-0.6298,-0.2681,0.5111,-0.0234,-0.0107,-0.0072,0.0,0.0
1779988771001,1,12.00000018,Upper Delivery,Loading,pitch.0,437697,-0.054,0.0535,0.0012,-0.0884,-0.0304,-0.0012,0.0,0.0
1779988771001,1,Pitching Mound.Delivery,,Loading,pitch.0,436538,-0.6838,-0.2146,0.5123,0.0616,-0.041,0.1873,0.0,0.0
1779988771001,1,Pitching Mound.Drive,,Loading,pitch.0,437106,1.195,8.2005,113.1969,77.5368,14.2774,-4.2158,-0.0168,0.0912
1779988771001,1,Pitching Mound.Parent,,Loading,pitch.0,436159,0.5113,7.986,113.7093,77.5983,14.2364,-4.0285,-0.0167,0.0923
1779988771002,1,11.0000004b,Drive,Loading,pitch.0,437107,1.1708,8.2222,113.1889,77.4641,14.1182,-4.0695,-0.0166,0.0911
1779988771002,1,12.00000015,Lower Delivery,Loading,pitch.0,436840,-0.6238,-0.2544,0.5052,-0.0257,-0.0118,-0.0058,0.0,0.0
1779988771002,1,12.00000018,Upper Delivery,Loading,pitch.0,437698,-0.0528,0.0588,0.0074,-0.0884,-0.0304,-0.0012,0.0,0.0
1779988771002,1,Pitching Mound.Delivery,,Loading,pitch.0,436539,-0.6767,-0.1955,0.5126,0.0552,-0.0422,0.1871,0.0,0.0
1779988771002,1,Pitching Mound.Drive,,Loading,pitch.0,437107,1.1708,8.2222,113.1889,77.4641,14.1182,-4.0695,-0.0166,0.0911
1779988771002,1,Pitching Mound.Parent,,Loading,pitch.0,436160,0.4942,8.0266,113.7015,77.5193,14.076,-3.8824,-0.0165,0.0922
1779988771003,1,11.0000004b,Drive,Loading,pitch.0,437108,1.1479,8.2424,113.1422,77.5187,13.9447,-3.9457,-0.0164,0.0912
1779988771003,1,12.00000015,Lower Delivery,Loading,pitch.0,436841,-0.6541,-0.2778,0.515,-0.0246,-0.0135,-0.0052,0.0,0.0
1779988771003,1,12.00000018,Upper Delivery,Loading,pitch.0,437699,-0.0484,0.0682,0.0295,-0.0884,-0.0304,-0.0012,0.0,0.0
1779988771003,1,Pitching Mound.Delivery,,Loading,pitch.0,436540,-0.7024,-0.2096,0.5444,0.0521,-0.0439,0.1996,0.0,0.0
1779988771003,1,Pitching Mound.Drive,,Loading,pitch.0,437108,1.1479,8.2424,113.1422,77.5187,13.9447,-3.9457,-0.0164,0.0912
1779988771003,1,Pitching Mound.Parent,,Loading,pitch.0,436161,0.4455,8.0328,113.6866,77.5707,13.9008,-3.7461,-0.0163,0.0922
1779988771004,1,11.0000004b,Drive,Loading,pitch.0,437109,1.1327,8.2978,113.0392,77.403,13.7798,-3.8194,-0.0162,0.0912
1779988771004,1,12.00000015,Lower Delivery,Loading,pitch.0,436842,-0.6529,-0.2872,0.525,-0.0301,-0.0089,-0.0065,0.0,0.0
1779988771004,1,12.00000018,Upper Delivery,Loading,pitch.0,437700,-0.0353,0.0783,0.0769,-0.0884,-0.0304,-0.0012,0.0,0.0
1779988771004,1,Pitching Mound.Delivery,,Loading,pitch.0,436541,-0.6882,-0.2089,0.6019,0.0339,-0.0393,0.2023,0.0,0.0
1779988771004,1,Pitching Mound.Drive,,Loading,pitch.0,437109,1.1327,8.2978,113.0392,77.403,13.7798,-3.8194,-0.0162,0.0912
1779988771004,1,Pitching Mound.Parent,,Loading,pitch.0,436162,0.4445,8.089,113.641,77.437,13.7405,-3.6171,-0.0161,0.092
1779988771005,1,11.0000004b,Drive,Loading,pitch.0,437110,1.0942,8.3074,112.8397,77.2632,13.6307,-3.6686,-0.0161,0.0912
1779988771005,1,12.00000015,Lower Delivery,Loading,pitch.0,436843,-0.6988,-0.282,0.563,-0.0378,-0.0162,-0.0067,0.0,0.0
1779988771005,1,12.00000018,Upper Delivery,Loading,pitch.0,437701,-0.0505,0.0688,0.0226,-0.0884,-0.0304,-0.0012,0.0,0.0
1779988771005,1,Pitching Mound.Delivery,,Loading,pitch.0,436542,-0.7494,-0.2132,0.5856,0.0576,-0.0466,0.2125,0.0,0.0
1779988771005,1,Pitching Mound.Drive,,Loading,pitch.0,437110,1.0942,8.3074,112.8397,77.2632,13.6307,-3.6686,-0.0161,0.0912
1779988771005,1,Pitching Mound.Parent,,Loading,pitch.0,436163,0.3449,8.0943,113.4253,77.3208,13.5842,-3.4561,-0.016,0.0923
1779988771006,1,11.0000004b,Drive,Loading,pitch.0,437111,1.0632,8.3252,112.772,77.1939,13.5469,-3.5611,-0.016,0.0911
1779988771006,1,12.00000015,Lower Delivery,Loading,pitch.0,436844,-0.6824,-0.2825,0.5242,-0.0409,-0.0167,-0.0058,0.0,0.0
1779988771006,1,12.00000018,Upper Delivery,Loading,pitch.0,437702,-0.0417,0.0791,0.0527,-0.0884,-0.0304,-0.0012,0.0,0.0
1779988771006,1,Pitching Mound.Delivery,,Loading,pitch.0,436543,-0.7241,-0.2034,0.5769,0.031,-0.0471,0.2108,0.0,0.0
1779988771006,1,Pitching Mound.Drive,,Loading,pitch.0,437111,1.0632,8.3252,112.772,77.1939,13.5469,-3.5611,-0.016,0.0911
1779988771006,1,Pitching Mound.Parent,,Loading,pitch.0,436164,0.3391,8.1219,113.3489,77.225,13.4999,-3.3503,-0.0159,0.0921
1779988771007,1,11.0000004b,Drive,Loading,pitch.0,437112,1.037,8.3414,112.641,77.0766,13.5984,-3.402,-0.0161,0.0911
1779988771007,1,12.00000015,Lower Delivery,Loading,pitch.0,436845,-0.6506,-0.2626,0.5048,-0.0297,-0.0125,-0.0041,0.0,0.0
1779988771007,1,12.00000018,Upper Delivery,Loading,pitch.0,437703,-0.0293,0.0965,0.0679,-0.0884,-0.0304,-0.0012,0.0,0.0
1779988771007,1,Pitching Mound.Delivery,,Loading,pitch.0,436544,-0.6799,-0.1662,0.5728,0.0305,-0.0428,0.206,0.0,0.0
1779988771007,1,Pitching Mound.Drive,,Loading,pitch.0,437112,1.037,8.3414,112.641,77.0766,13.5984,-3.402,-0.0161,0.0911
1779988771007,1,Pitching Mound.Parent,,Loading,pitch.0,436165,0.3571,8.1752,113.2137,77.1071,13.5556,-3.1961,-0.016,0.0919
1779988771008,1,11.0000004b,Drive,Loading,pitch.0,437113,1.0193,8.3554,112.7296,76.9905,13.502,-3.2757,-0.0159,0.0909
1779988771008,1,12.00000015,Lower Delivery,Loading,pitch.0,436846,-0.6331,-0.2725,0.4762,-0.0176,-0.0123,-0.0033,0.0,0.0
1779988771008,1,12.00000018,Upper Delivery,Loading,pitch.0,437704,-0.0508,0.0753,0.026,-0.0884,-0.0304,-0.0012,0.0,0.0
1779988771008,1,Pitching Mound.Delivery,,Loading,pitch.0,436545,-0.684,-0.1972,0.5022,0.0471,-0.0427,0.1934,0.0,0.0
1779988771008,1,Pitching Mound.Drive,,Loading,pitch.0,437113,1.0193,8.3554,112.7296,76.9905,13.502,-3.2757,-0.0159,0.0909
1779988771008,1,Pitching Mound.Parent,,Loading,pitch.0,436166,0.3354,8.1583,113.2318,77.0376,13.4593,-3.0822,-0.0159,0.0919
1779988771009,1,11.0000004b,Drive,Loading,pitch.0,437114,1.009,8.3866,112.7091,76.9523,13.4676,-3.1222,-0.0159,0.0909
1779988771009,1,12.00000015,Lower Delivery,Loading,pitch.0,436847,-0.573,-0.2314,0.4709,-0.018,-0.0062,-0.0008,0.0,0.0
1779988771009,1,12.00000018,Upper Delivery,Loading,pitch.0,437705,-0.0464,0.0832,0.0401,-0.0884,-0.0304,-0.0012,0.0,0.0
1779988771009,1,Pitching Mound.Delivery,,Loading,pitch.0,436546,-0.6194,-0.1482,0.511,0.0401,-0.0366,0.1771,0.0,0.0
1779988771009,1,Pitching Mound.Drive,,Loading,pitch.0,437114,1.009,8.3866,112.7091,76.9523,13.4676,-3.1222,-0.0159,0.0909
1779988771009,1,Pitching Mound.Parent,,Loading,pitch.0,436167,0.3896,8.2385,113.2201,76.9924,13.431,-2.9452,-0.0158,0.0918
1779988771010,1,11.0000004b,Drive,Loading,pitch.0,437115,1.0148,8.4219,112.4684,76.8647,13.1561,-3.0063,-0.0156,0.091
1779988771010,1,12.00000015,Lower Delivery,Loading,pitch.0,436848,-0.5869,-0.2217,0.4916,-0.0106,-0.007,-0.0006,0.0,0.0
1779988771010,1,12.00000018,Upper Delivery,Loading,pitch.0,437706,-0.0282,0.1062,0.098,-0.0884,-0.0304,-0.0012,0.0,0.0
1779988771010,1,Pitching Mound.Delivery,,Loading,pitch.0,436547,-0.6151,-0.1154,0.5895,0.0349,-0.0374,0.1882,0.0,0.0
1779988771010,1,Pitching Mound.Drive,,Loading,pitch.0,437115,1.0148,8.4219,112.4684,76.8647,13.1561,-3.0063,-0.0156,0.091
1779988771010,1,Pitching Mound.Parent,,Loading,pitch.0,436168,0.3997,8.3065,113.0579,76.8996,13.1188,-2.8181,-0.0155,0.0917
1779988771011,1,11.0000004b,Drive,Loading,pitch.0,437116,1.0024,8.4602,112.2523,76.7958,13.0411,-2.868,-0.0155,0.0911
1779988771011,1,12.00000015,Lower Delivery,Loading,pitch.0,436849,-0.5628,-0.2214,0.4704,-0.0189,-0.0066,-0.0003,0.0,0.0
1779988771011,1,12.00000018,Upper Delivery,Loading,pitch.0,437707,-0.0212,0.104,0.0653,-0.0884,-0.0304,-0.0012,0.0,0.0
1779988771011,1,Pitching Mound.Delivery,,Loading,pitch.0,436548,-0.5841,-0.1175,0.5357,0.0305,-0.037,0.1826,0.0,0.0
1779988771011,1,Pitching Mound.Drive,,Loading,pitch.0,437116,1.0024,8.4602,112.2523,76.7958,13.0411,-2.868,-0.0155,0.0911
1779988771011,1,Pitching Mound.Parent,,Loading,pitch.0,436169,0.4183,8.3427,112.788,76.8263,13.0041,-2.6854,-0.0154,0.0919
1779988771012,1,11.0000004b,Drive,Loading,pitch.0,437117,0.9983,8.4801,112.0532,76.6684,12.8804,-2.7356,-0.0153,0.0911
1779988771012,1,12.00000015,Lower Delivery,Loading,pitch.0,436850,-0.5225,-0.2039,0.4398,-0.0175,-0.0138,-0.0022,0.0,0.0
1779988771012,1,12.00000018,Upper Delivery,Loading,pitch.0,437708,-0.0135,0.1119,0.0753,-0.0884,-0.0304,-0.0012,0.0,0.0
1779988771012,1,Pitching Mound.Delivery,,Loading,pitch.0,436549,-0.536,-0.092,0.5151,0.0181,-0.0442,0.1697,0.0,0.0
1779988771012,1,Pitching Mound.Drive,,Loading,pitch.0,437117,0.9983,8.4801,112.0532,76.6684,12.8804,-2.7356,-0.0153,0.0911
1779988771012,1,Pitching Mound.Parent,,Loading,pitch.0,436170,0.4624,8.3881,112.5683,76.6864,12.8363,-2.5659,-0.0152,0.0918
1779988771013,1,11.0000004b,Drive,Loading,pitch.0,437118,0.9922,8.5203,111.9014,76.7206,12.8226,-2.5967,-0.0153,0.0913
1779988771013,1,12.00000015,Lower Delivery,Loading,pitch.0,436851,-0.5481,-0.2416,0.4618,-0.0155,-0.0093,-0.0031,0.0,0.0
1779988771013,1,12.00000018,Upper Delivery,Loading,pitch.0,437709,-0.0217,0.1038,0.0945,-0.0884,-0.0304,-0.0012,0.0,0.0
1779988771013,1,Pitching Mound.Delivery,,Loading,pitch.0,436550,-0.5698,-0.1378,0.5564,0.0211,-0.0397,0.1747,0.0,0.0
1779988771013,1,Pitching Mound.Drive,,Loading,pitch.0,437118,0.9922,8.5203,111.9014,76.7206,12.8226,-2.5967,-0.0153,0.0913
1779988771013,1,Pitching Mound.Parent,,Loading,pitch.0,436171,0.4224,8.3824,112.4577,76.7416,12.7829,-2.422,-0.0152,0.0919
1779988771014,1,11.0000004b,Drive,Loading,pitch.0,437119,1.0061,8.5453,111.6268,76.5702,12.5402,-2.4981,-0.015,0.0913
1779988771014,1,12.00000015,Lower Delivery,Loading,pitch.0,436852,-0.5291,-0.2041,0.4534,-0.0174,-0.0105,-0.005,0.0,0.0
1779988771014,1,12.00000018,Upper Delivery,Loading,pitch.0,437710,-0.0106,0.1083,0.0927,-0.0884,-0.0304,-0.0012,0.0,0.0
1779988771014,1,Pitching Mound.Delivery,,Loading,pitch.0,436551,-0.5397,-0.0958,0.5461,0.0169,-0.0408,0.1701,0.0,0.0
1779988771014,1,Pitching Mound.Drive,,Loading,pitch.0,437119,1.0061,8.5453,111.6268,76.5702,12.5402,-2.4981,-0.015,0.0913
1779988771014,1,Pitching Mound.Parent,,Loading,pitch.0,436172,0.4664,8.4495,112.1728,76.587,12.4993,-2.328,-0.0149,0.092
1779988771015,1,11.0000004b,Drive,Loading,pitch.0,437120,1.0009,8.5723,111.4333,76.5334,12.5413,-2.3688,-0.015,0.0914
1779988771015,1,12.00000015,Lower Delivery,Loading,pitch.0,436853,-0.5271,-0.2111,0.4366,-0.0344,-0.0188,-0.0061,0.0,0.0
1779988771015,1,12.00000018,Upper Delivery,Loading,pitch.0,437711,-0.0096,0.1084,0.0834,-0.0884,-0.0304,-0.0012,0.0,0.0
1779988771015,1,Pitching Mound.Delivery,,Loading,pitch.0,436552,-0.5367,-0.1028,0.52,-0.0026,-0.0491,0.1686,0.0,0.0
1779988771015,1,Pitching Mound.Drive,,Loading,pitch.0,437120,1.0009,8.5723,111.4333,76.5334,12.5413,-2.3688,-0.015,0.0914
1779988771015,1,Pitching Mound.Parent,,Loading,pitch.0,436173,0.4642,8.4695,111.9533,76.5308,12.4921,-2.2002,-0.0149,0.0921
1779988771016,1,11.0000004b,Drive,Loading,pitch.0,437121,1.0088,8.5868,111.3094,76.3904,12.3267,-2.2449,-0.0147,0.0914
1779988771016,1,12.00000015,Lower Delivery,Loading,pitch.0,436854,-0.5296,-0.205,0.4419,-0.0293,-0.0256,-0.0111,0.0,0.0
1779988771016,1,12.00000018,Upper Delivery,Loading,pitch.0,437712,-0.009,0.0996,0.0693,-0.0884,-0.0304,-0.0012,0.0,0.0
1779988771016,1,Pitching Mound.Delivery,,Loading,pitch.0,436553,-0.5386,-0.1055,0.5112,0.009,-0.056,0.1647,0.0,0.0
1779988771016,1,Pitching Mound.Drive,,Loading,pitch.0,437121,1.0088,8.5868,111.3094,76.3904,12.3267,-2.2449,-0.0147,0.0914
1779988771016,1,Pitching Mound.Parent,,Loading,pitch.0,436174,0.4702,8.4814,111.8207,76.3994,12.2707,-2.0802,-0.0147,0.0921
1779988771017,1,11.0000004b,Drive,Loading,pitch.0,437122,1.0292,8.6399,111.1243,76.2577,12.0937,-2.1405,-0.0145,0.0914
1779988771017,1,12.00000015,Lower Delivery,Loading,pitch.0,436855,-0.5276,-0.1652,0.4668,-0.0308,-0.0137,-0.0104,0.0,0.0
1779988771017,1,12.00000018,Upper Delivery,Loading,pitch.0,437713,-0.0324,0.0796,0.0578,-0.0884,-0.0304,-0.0012,0.0,0.0
1779988771017,1,Pitching Mound.Delivery,,Loading,pitch.0,436554,-0.56,-0.0856,0.5246,0.0199,-0.044,0.1568,0.0,0.0
1779988771017,1,Pitching Mound.Drive,,Loading,pitch.0,437122,1.0292,8.6399,111.1243,76.2577,12.0937,-2.1405,-0.0145,0.0914
1779988771017,1,Pitching Mound.Parent,,Loading,pitch.0,436175,0.4692,8.5544,111.6488,76.2776,12.0497,-1.9837,-0.0144,0.0922
1779988771018,1,11.0000004b,Drive,Loading,pitch.0,437123,1.0328,8.6963,110.831,76.1424,11.8793,-2.014,-0.0143,0.0915
1779988771018,1,12.00000015,Lower Delivery,Loading,pitch.0,436856,-0.5398,-0.1979,0.4499,-0.0396,-0.0251,-0.0131,0.0,0.0
1779988771018,1,12.00000018,Upper Delivery,Loading,pitch.0,437714,-0.0464,0.073,0.0862,-0.0884,-0.0304,-0.0012,0.0,0.0
1779988771018,1,Pitching Mound.Delivery,,Loading,pitch.0,436555,-0.5862,-0.1249,0.5362,-0.0043,-0.0555,0.1535,0.0,0.0
1779988771018,1,Pitching Mound.Drive,,Loading,pitch.0,437123,1.0328,8.6963,110.831,76.1424,11.8793,-2.014,-0.0143,0.0915
1779988771018,1,Pitching Mound.Parent,,Loading,pitch.0,436176,0.4466,8.5714,111.3672,76.1382,11.8238,-1.8605,-0.0142,0.0921
1779988771019,1,11.0000004b,Drive,Loading,pitch.0,437124,1.0495,8.7415,110.8055,76.0793,11.6265,-1.8702,-0.014,0.0914
1779988771019,1,12.00000015,Lower Delivery,Loading,pitch.0,436857,-0.525,-0.1738,0.4352,-0.0472,-0.0269,-0.0128,0.0,0.0
1779988771019,1,12.00000018,Upper Delivery,Loading,pitch.0,437715,-0.0439,0.0738,0.0883,-0.0884,-0.0304,-0.0012,0.0,0.0
1779988771019,1,Pitching Mound.Delivery,,Loading,pitch.0,436556,-0.5688,-0.1,0.5235,-0.0177,-0.0573,0.1495,0.0,0.0
1779988771019,1,Pitching Mound.Drive,,Loading,pitch.0,437124,1.0495,8.7415,110.8055,76.0793,11.6265,-1.8702,-0.014,0.0914
1779988771019,1,Pitching Mound.Parent,,Loading,pitch.0,436177,0.4806,8.6415,111.329,76.0616,11.5692,-1.7206,-0.0139,0.092
1779988771020,1,11.0000004b,Drive,Loading,pitch.0,437125,1.0428,8.7849,110.5812,75.963,11.5524,-1.7641,-0.0139,0.0915
1779988771020,1,12.00000015,Lower Delivery,Loading,pitch.0,436858,-0.5075,-0.1868,0.4236,-0.0355,-0.0143,-0.015,0.0,0.0
1779988771020,1,12.00000018,Upper Delivery,Loading,pitch.0,437716,-0.0367,0.0797,0.0811,-0.0884,-0.0304,-0.0012,0.0,0.0
1779988771020,1,Pitching Mound.Delivery,,Loading,pitch.0,436557,-0.5442,-0.1071,0.5047,-0.0075,-0.0447,0.1439,0.0,0.0
1779988771020,1,Pitching Mound.Drive,,Loading,pitch.0,437125,1.0428,8.7849,110.5812,75.963,11.5524,-1.7641,-0.0139,0.0915
1779988771020,1,Pitching Mound.Parent,,Loading,pitch.0,436178,0.4985,8.6779,111.0859,75.9556,11.5077,-1.6202,-0.0138,0.0921
1779988771021,1,11.0000004b,Drive,Loading,pitch.0,437126,1.0468,8.8195,110.6117,75.946,11.3464,-1.62,-0.0137,0.0914
1779988771021,1,12.00000015,Lower Delivery,Loading,pitch.0,436859,-0.5089,-0.1991,0.4279,-0.0322,-0.0082,-0.0129,0.0,0.0
1779988771021,1,12.00000018,Upper Delivery,Loading,pitch.0,437717,-0.036,0.0784,0.04,-0.0884,-0.0304,-0.0012,0.0,0.0
1779988771021,1,Pitching Mound.Delivery,,Loading,pitch.0,436558,-0.5449,-0.1207,0.4679,0.0113,-0.0386,0.1466,0.0,0.0
1779988771021,1,Pitching Mound.Drive,,Loading,pitch.0,437126,1.0468,8.8195,110.6117,75.946,11.3464,-1.62,-0.0137,0.0914
1779988771021,1,Pitching Mound.Parent,,Loading,pitch.0,436179,0.5019,8.6988,111.0796,75.9573,11.3078,-1.4733,-0.0136,0.0922
1779988771022,1,11.0000004b,Drive,Loading,pitch.0,437127,1.0457,8.8654,110.3568,75.8638,11.0896,-1.4539,-0.0134,0.0915
1779988771022,1,12.00000015,Lower Delivery,Loading,pitch.0,436860,-0.5189,-0.2051,0.4331,-0.0376,-0.0099,-0.0134,0.0,0.0
1779988771022,1,12.00000018,Upper Delivery,Loading,pitch.0,437718,-0.0529,0.0632,0.026,-0.0884,-0.0304,-0.0012,0.0,0.0
1779988771022,1,Pitching Mound.Delivery,,Loading,pitch.0,436559,-0.5718,-0.1419,0.4591,0.0125,-0.0403,0.1438,0.0,0.0
1779988771022,1,Pitching Mound.Drive,,Loading,pitch.0,437127,1.0457,8.8654,110.3568,75.8638,11.0896,-1.4539,-0.0134,0.0915
1779988771022,1,Pitching Mound.Parent,,Loading,pitch.0,436180,0.474,8.7235,110.8159,75.8763,11.0493,-1.3101,-0.0133,0.0924
1779988771023,1,11.0000004b,Drive,Loading,pitch.0,437128,1.0444,8.9044,110.2185,75.72,10.7992,-1.3198,-0.013,0.0915
1779988771023,1,12.00000015,Lower Delivery,Loading,pitch.0,436861,-0.5343,-0.2019,0.4542,-0.0336,-0.0113,-0.0127,0.0,0.0
1779988771023,1,12.00000018,Upper Delivery,Loading,pitch.0,437719,-0.0538,0.0654,0.0447,-0.0884,-0.0304,-0.0012,0.0,0.0
1779988771023,1,Pitching Mound.Delivery,,Loading,pitch.0,436560,-0.5881,-0.1366,0.4988,0.0173,-0.0417,0.1495,0.0,0.0
1779988771023,1,Pitching Mound.Drive,,Loading,pitch.0,437128,1.0444,8.9044,110.2185,75.72,10.7992,-1.3198,-0.013,0.0915
1779988771023,1,Pitching Mound.Parent,,Loading,pitch.0,436181,0.4562,8.7679,110.7173,75.7373,10.7575,-1.1704,-0.013,0.0923
1779988771024,1,11.0000004b,Drive,Loading,pitch.0,437129,1.0201,8.949,110.0261,75.664,10.6188,-1.1866,-0.0128,0.0916
1779988771024,1,12.00000015,Lower Delivery,Loading,pitch.0,436862,-0.5525,-0.2431,0.4539,-0.036,-0.0132,-0.012,0.0,0.0
1779988771024,1,12.00000018,Upper Delivery,Loading,pitch.0,437720,-0.0583,0.058,0.0405,-0.0884,-0.0304,-0.0012,0.0,0.0
1779988771024,1,Pitching Mound.Delivery,,Loading,pitch.0,436561,-0.6108,-0.1851,0.4944,0.0162,-0.0436,0.1549,0.0,0.0
1779988771024,1,Pitching Mound.Drive,,Loading,pitch.0,437129,1.0201,8.949,110.0261,75.664,10.6188,-1.1866,-0.0128,0.0916
1779988771024,1,Pitching Mound.Parent,,Loading,pitch.0,436182,0.4093,8.764,110.5206,75.6802,10.5752,-1.0318,-0.0128,0.0924
1779988771025,1,11.0000004b,Drive,Loading,pitch.0,437130,1.0171,8.9944,109.6939,75.5564,10.4553,-1.0692,-0.0127,0.0917
1779988771025,1,12.00000015,Lower Delivery,Loading,pitch.0,436863,-0.5613,-0.2248,0.4814,-0.0364,-0.0131,-0.0123,0.0,0.0
1779988771025,1,12.00000018,Upper Delivery,Loading,pitch.0,437721,-0.0599,0.0559,0.0325,-0.0884,-0.0304,-0.0012,0.0,0.0
1779988771025,1,Pitching Mound.Delivery,,Loading,pitch.0,436562,-0.6212,-0.1689,0.5139,0.0278,-0.0435,0.1569,0.0,0.0
1779988771025,1,Pitching Mound.Drive,,Loading,pitch.0,437130,1.0171,8.9944,109.6939,75.5564,10.4553,-1.0692,-0.0127,0.0917
1779988771025,1,Pitching Mound.Parent,,Loading,pitch.0,436183,0.3959,8.8255,110.2078,75.5843,10.4118,-0.9122,-0.0126,0.0927
1779988771026,1,11.0000004b,Drive,Loading,pitch.0,437131,1.0107,9.0355,109.5249,75.421,10.2553,-0.9077,-0.0125,0.0917
1779988771026,1,12.00000015,Lower Delivery,Loading,pitch.0,436864,-0.5548,-0.2352,0.4703,-0.0381,-0.0167,-0.0133,0.0,0.0
1779988771026,1,12.00000018,Upper Delivery,Loading,pitch.0,437722,-0.0594,0.0573,0.0156,-0.0884,-0.0304,-0.0012,0.0,0.0
1779988771026,1,Pitching Mound.Delivery,,Loading,pitch.0,436563,-0.6142,-0.1779,0.4859,0.0282,-0.047,0.154,0.0,0.0
1779988771026,1,Pitching Mound.Drive,,Loading,pitch.0,437131,1.0107,9.0355,109.5249,75.421,10.2553,-0.9077,-0.0125,0.0917
1779988771026,1,Pitching Mound.Parent,,Loading,pitch.0,436184,0.3965,8.8576,110.0107,75.4492,10.2083,-0.7537,-0.0124,0.0927
1779988771027,1,11.0000004b,Drive,Loading,pitch.0,437132,0.9944,9.0898,109.3118,75.272,10.17,-0.7213,-0.0124,0.0917
1779988771027,1,12.00000015,Lower Delivery,Loading,pitch.0,436865,-0.544,-0.2276,0.4605,-0.0376,-0.0182,-0.0115,0.0,0.0
1779988771027,1,12.00000018,Upper Delivery,Loading,pitch.0,437723,-0.064,0.0545,0.0316,-0.0884,-0.0304,-0.0012,0.0,0.0
1779988771027,1,Pitching Mound.Delivery,,Loading,pitch.0,436564,-0.6081,-0.1731,0.4921,0.0198,-0.0486,0.1505,0.0,0.0
1779988771027,1,Pitching Mound.Drive,,Loading,pitch.0,437132,0.9944,9.0898,109.3118,75.272,10.17,-0.7213,-0.0124,0.0917
1779988771027,1,Pitching Mound.Parent,,Loading,pitch.0,436185,0.3863,8.9167,109.8038,75.2919,10.1214,-0.5707,-0.0123,0.0926
1779988771028,1,11.0000004b,Drive,Loading,pitch.0,437133,0.9806,9.1257,108.9571,75.1461,9.985,-0.5498,-0.0122,0.0918
1779988771028,1,12.00000015,Lower Delivery,Loading,pitch.0,436866,-0.5472,-0.2375,0.4739,-0.0304,-0.0095,-0.0102,0.0,0.0
1779988771028,1,12.00000018,Upper Delivery,Loading,pitch.0,437724,-0.0596,0.0535,0.0168,-0.0884,-0.0304,-0.0012,0.0,0.0
1779988771028,1,Pitching Mound.Delivery,,Loading,pitch.0,436565,-0.6067,-0.184,0.4907,0.0367,-0.0398,0.1543,0.0,0.0
1779988771028,1,Pitching Mound.Drive,,Loading,pitch.0,437133,0.9806,9.1257,108.9571,75.1461,9.985,-0.5498,-0.0122,0.0918
1779988771028,1,Pitching Mound.Parent,,Loading,pitch.0,436186,0.3738,8.9417,109.4477,75.1828,9.9452,-0.3955,-0.0121,0.0928
1779988771029,1,11.0000004b,Drive,Loading,pitch.0,437134,0.9589,9.1629,108.7401,75.1012,9.8365,-0.4109,-0.012,0.0919
1779988771029,1,12.00000015,Lower Delivery,Loading,pitch.0,436867,-0.567,-0.2287,0.4902,-0.0415,-0.0104,-0.0096,0.0,0.0
1779988771029,1,12.00000018,Upper Delivery,Loading,pitch.0,437725,-0.0598,0.0554,0.0221,-0.0884,-0.0304,-0.0012,0.0,0.0
1779988771029,1,Pitching Mound.Delivery,,Loading,pitch.0,436566,-0.6268,-0.1733,0.5123,0.0293,-0.0408,0.1616,0.0,0.0
1779988771029,1,Pitching Mound.Drive,,Loading,pitch.0,437134,0.9589,9.1629,108.7401,75.1012,9.8365,-0.4109,-0.012,0.0919
1779988771029,1,Pitching Mound.Parent,,Loading,pitch.0,436187,0.3321,8.9897,109.2524,75.1305,9.7957,-0.2493,-0.012,0.093
1779988771030,1,11.0000004b,Drive,Loading,pitch.0,437135,0.9386,9.2039,108.4462,74.9665,9.7092,-0.2544,-0.0119,0.092
1779988771030,1,12.00000015,Lower Delivery,Loading,pitch.0,436868,-0.5311,-0.2302,0.4479,-0.0517,-0.0142,-0.0083,0.0,0.0
1779988771030,1,12.00000018,Upper Delivery,Loading,pitch.0,437726,-0.0569,0.0567,0.0209,-0.0884,-0.0304,-0.0012,0.0,0.0
1779988771030,1,Pitching Mound.Delivery,,Loading,pitch.0,436567,-0.588,-0.1735,0.4688,0.0052,-0.0446,0.1518,0.0,0.0
1779988771030,1,Pitching Mound.Drive,,Loading,pitch.0,437135,0.9386,9.2039,108.4462,74.9665,9.7092,-0.2544,-0.0119,0.092
1779988771030,1,Pitching Mound.Parent,,Loading,pitch.0,436188,0.3507,9.0304,108.9151,74.9717,9.6647,-0.1026,-0.0119,0.093
1779988771031,1,11.0000004b,Drive,Loading,pitch.0,437136,0.9498,9.2493,108.1049,74.9224,9.4701,-0.1154,-0.0117,0.0923
1779988771031,1,12.00000015,Lower Delivery,Loading,pitch.0,436869,-0.5394,-0.2097,0.4699,-0.0507,-0.0117,-0.0074,0.0,0.0
1779988771031,1,12.00000018,Upper Delivery,Loading,pitch.0,437727,-0.0562,0.055,0.0268,-0.0884,-0.0304,-0.0012,0.0,0.0
1779988771031,1,Pitching Mound.Delivery,,Loading,pitch.0,436568,-0.5956,-0.1547,0.4968,0.0116,-0.042,0.1557,0.0,0.0
1779988771031,1,Pitching Mound.Drive,,Loading,pitch.0,437136,0.9498,9.2493,108.1049,74.9224,9.4701,-0.1154,-0.0117,0.0923
1779988771031,1,Pitching Mound.Parent,,Loading,pitch.0,436189,0.3542,9.0945,108.6017,74.934,9.428,0.0404,-0.0116,0.0932
1779988771032,1,11.0000004b,Drive,Loading,pitch.0,437137,0.9387,9.2848,107.7337,74.7698,9.18,-0.0726,-0.0113,0.0924
1779988771032,1,12.00000015,Lower Delivery,Loading,pitch.0,436870,-0.5198,-0.2004,0.4597,-0.0495,-0.0112,-0.0083,0.0,0.0
1779988771032,1,12.00000018,Upper Delivery,Loading,pitch.0,437728,-0.053,0.0547,0.0207,-0.0884,-0.0304,-0.0012,0.0,0.0
1779988771032,1,Pitching Mound.Delivery,,Loading,pitch.0,436569,-0.5728,-0.1457,0.4804,0.0114,-0.0416,0.1492,0.0,0.0
1779988771032,1,Pitching Mound.Drive,,Loading,pitch.0,437137,0.9387,9.2848,107.7337,74.7698,9.18,-0.0726,-0.0113,0.0924
1779988771032,1,Pitching Mound.Parent,,Loading,pitch.0,436190,0.3659,9.1391,108.2141,74.7812,9.1384,0.0766,-0.0113,0.0934
1779988771033,1,11.0000004b,Drive,Loading,pitch.0,437138,0.9142,9.3183,107.4886,74.6427,8.9566,0.0538,-0.0111,0.0924
1779988771033,1,12.00000015,Lower Delivery,Loading,pitch.0,436871,-0.5097,-0.1919,0.4491,-0.0504,-0.0151,-0.0072,0.0,0.0
1779988771033,1,12.00000018,Upper Delivery,Loading,pitch.0,437729,-0.0566,0.0526,0.0337,-0.0884,-0.0304,-0.0012,0.0,0.0
1779988771033,1,Pitching Mound.Delivery,,Loading,pitch.0,436570,-0.5663,-0.1393,0.4828,0.0025,-0.0455,0.1457,0.0,0.0
1779988771033,1,Pitching Mound.Drive,,Loading,pitch.0,437138,0.9142,9.3183,107.4886,74.6427,8.9566,0.0538,-0.0111,0.0924
1779988771033,1,Pitching Mound.Parent,,Loading,pitch.0,436191,0.3479,9.179,107.9714,74.6451,8.9112,0.1994,-0.011,0.0933
1779988771034,1,11.0000004b,Drive,Loading,pitch.0,437139,0.8952,9.3615,107.17,74.5995,8.7493,0.1607,-0.0109,0.0927
1779988771034,1,12.00000015,Lower Delivery,Loading,pitch.0,436872,-0.5141,-0.1848,0.454,-0.0571,-0.0129,-0.0067,0.0,0.0
1779988771034,1,12.00000018,Upper Delivery,Loading,pitch.0,437730,-0.0559,0.0568,0.0412,-0.0884,-0.0304,-0.0012,0.0,0.0
1779988771034,1,Pitching Mound.Delivery,,Loading,pitch.0,436571,-0.57,-0.128,0.4953,-0.0051,-0.0433,0.1479,0.0,0.0
1779988771034,1,Pitching Mound.Drive,,Loading,pitch.0,437139,0.8952,9.3615,107.17,74.5995,8.7493,0.1607,-0.0109,0.0927
1779988771034,1,Pitching Mound.Parent,,Loading,pitch.0,436192,0.3252,9.2336,107.6653,74.5943,8.706,0.3086,-0.0108,0.0935
1779988771035,1,11.0000004b,Drive,Loading,pitch.0,437140,0.8892,9.3988,106.9869,74.504,8.5212,0.2967,-0.0106,0.0927
1779988771035,1,12.00000015,Lower Delivery,Loading,pitch.0,436873,-0.4797,-0.178,0.4048,-0.0638,-0.0089,-0.006,0.0,0.0
1779988771035,1,12.00000018,Upper Delivery,Loading,pitch.0,437731,-0.0575,0.0544,0.0342,-0.0884,-0.0304,-0.0012,0.0,0.0
1779988771035,1,Pitching Mound.Delivery,,Loading,pitch.0,436572,-0.5372,-0.1236,0.4391,-0.0261,-0.0393,0.1364,0.0,0.0
1779988771035,1,Pitching Mound.Drive,,Loading,pitch.0,437140,0.8892,9.3988,106.9869,74.504,8.5212,0.2967,-0.0106,0.0927
1779988771035,1,Pitching Mound.Parent,,Loading,pitch.0,436193,0.352,9.2751,107.426,74.4778,8.4819,0.4331,-0.0106,0.0935
1779988771036,1,11.0000004b,Drive,Loading,pitch.0,437141,0.8665,9.4363,106.6463,74.4735,8.2139,0.5513,-0.0103,0.093
1779988771036,1,12.00000015,Lower Delivery,Loading,pitch.0,436874,-0.4777,-0.1679,0.4162,-0.0663,-0.004,-0.0027,0.0,0.0
1779988771036,1,12.00000018,Upper Delivery,Loading,pitch.0,437732,-0.0545,0.059,0.0292,-0.0884,-0.0304,-0.0012,0.0,0.0
1779988771036,1,Pitching Mound.Delivery,,Loading,pitch.0,436573,-0.5322,-0.1089,0.4454,-0.0231,-0.0344,0.14,0.0,0.0
1779988771036,1,Pitching Mound.Drive,,Loading,pitch.0,437141,0.8665,9.4363,106.6463,74.4735,8.2139,0.5513,-0.0103,0.093
1779988771036,1,Pitching Mound.Parent,,Loading,pitch.0,436194,0.3343,9.3274,107.0917,74.4504,8.1795,0.6913,-0.0102,0.0938
1779988771037,1,11.0000004b,Drive,Loading,pitch.0,437142,0.826,9.478,106.5243,74.4648,8.1557,0.8647,-0.0102,0.0931
1779988771037,1,12.00000015,Lower Delivery,Loading,pitch.0,436875,-0.5049,-0.1848,0.4347,-0.0628,-0.0036,-0.0029,0.0,0.0
1779988771037,1,12.00000018,Upper Delivery,Loading,pitch.0,437733,-0.0559,0.0582,0.0241,-0.0884,-0.0304,-0.0012,0.0,0.0
1779988771037,1,Pitching Mound.Delivery,,Loading,pitch.0,436574,-0.5608,-0.1266,0.4588,-0.0115,-0.034,0.1485,0.0,0.0
1779988771037,1,Pitching Mound.Drive,,Loading,pitch.0,437142,0.826,9.478,106.5243,74.4648,8.1557,0.8647,-0.0102,0.0931
1779988771037,1,Pitching Mound.Parent,,Loading,pitch.0,436195,0.2652,9.3514,106.9831,74.4533,8.1217,1.0133,-0.0101,0.094
1779988771038,1,11.0000004b,Drive,Loading,pitch.0,437143,0.7976,9.5103,106.2074,74.4149,8.1902,1.0674,-0.0103,0.0933
1779988771038,1,12.00000015,Lower Delivery,Loading,pitch.0,436876,-0.5635,-0.2221,0.4728,-0.0585,-0.0104,-0.005,0.0,0.0
1779988771038,1,12.00000018,Upper Delivery,Loading,pitch.0,437734,-0.0597,0.0596,0.044,-0.0884,-0.0304,-0.0012,0.0,0.0
1779988771038,1,Pitching Mound.Delivery,,Loading,pitch.0,436575,-0.6232,-0.1625,0.5167,-0.001,-0.0408,0.1651,0.0,0.0
1779988771038,1,Pitching Mound.Drive,,Loading,pitch.0,437143,0.7976,9.5103,106.2074,74.4149,8.1902,1.0674,-0.0103,0.0933
1779988771038,1,Pitching Mound.Parent,,Loading,pitch.0,436196,0.1745,9.3478,106.7241,74.4139,8.1494,1.2325,-0.0102,0.0942
1779988771039,1,11.0000004b,Drive,Loading,pitch.0,437144,0.7762,9.5627,105.8588,74.3937,8.1629,1.2157,-0.0103,0.0936
1779988771039,1,12.00000015,Lower Delivery,Loading,pitch.0,436877,-0.5348,-0.2321,0.4336,-0.0681,-0.0136,-0.0057,0.0,0.0
1779988771039,1,12.00000018,Upper Delivery,Loading,pitch.0,437735,-0.0644,0.0632,0.0489,-0.0884,-0.0304,-0.0012,0.0,0.0
1779988771039,1,Pitching Mound.Delivery,,Loading,pitch.0,436576,-0.5992,-0.169,0.4825,-0.0256,-0.044,0.1531,0.0,0.0
1779988771039,1,Pitching Mound.Drive,,Loading,pitch.0,437144,0.7762,9.5627,105.8588,74.3937,8.1629,1.2157,-0.0103,0.0936
1779988771039,1,Pitching Mound.Parent,,Loading,pitch.0,436197,0.177,9.3937,106.3413,74.3681,8.119,1.3688,-0.0102,0.0944
1779988771040,1,11.0000004b,Drive,Loading,pitch.0,437145,0.7487,9.6166,105.5498,74.3106,8.2361,1.3508,-0.0104,0.0937
1779988771040,1,12.00000015,Lower Delivery,Loading,pitch.0,436878,-0.5653,-0.2692,0.4477,-0.0673,-0.0254,-0.0073,0.0,0.0
1779988771040,1,12.00000018,Upper Delivery,Loading,pitch.0,437736,-0.0482,0.0737,0.0702,-0.0884,-0.0304,-0.0012,0.0,0.0
1779988771040,1,Pitching Mound.Delivery,,Loading,pitch.0,436577,-0.6135,-0.1955,0.5179,-0.0273,-0.0557,0.1673,0.0,0.0
1779988771040,1,Pitching Mound.Drive,,Loading,pitch.0,437145,0.7487,9.6166,105.5498,74.3106,8.2361,1.3508,-0.0104,0.0937
1779988771040,1,Pitching Mound.Parent,,Loading,pitch.0,436198,0.1353,9.4211,106.0677,74.2833,8.1803,1.5181,-0.0103,0.0945
1779988771041,1,11.0000004b,Drive,Loading,pitch.0,437146,0.7044,9.6544,105.5028,74.2803,8.273,1.4886,-0.0104,0.0937
1779988771041,1,12.00000015,Lower Delivery,Loading,pitch.0,436879,-0.5661,-0.2752,0.4461,-0.0557,-0.0188,-0.0114,0.0,0.0
1779988771041,1,12.00000018,Upper Delivery,Loading,pitch.0,437737,-0.0406,0.0796,0.0868,-0.0884,-0.0304,-0.0012,0.0,0.0
1779988771041,1,Pitching Mound.Delivery,,Loading,pitch.0,436578,-0.6067,-0.1955,0.533,-0.0219,-0.0492,0.1661,0.0,0.0
1779988771041,1,Pitching Mound.Drive,,Loading,pitch.0,437146,0.7044,9.6544,105.5028,74.2803,8.273,1.4886,-0.0104,0.0937
1779988771041,1,Pitching Mound.Parent,,Loading,pitch.0,436199,0.0977,9.4589,106.0357,74.2584,8.2238,1.6547,-0.0104,0.0944
1779988771042,1,11.0000004b,Drive,Loading,pitch.0,437147,0.6744,9.7169,105.367,74.2426,8.3089,1.6357,-0.0105,0.0938
1779988771042,1,12.00000015,Lower Delivery,Loading,pitch.0,436880,-0.5767,-0.2832,0.4402,-0.0575,-0.0187,-0.0121,0.0,0.0
1779988771042,1,12.00000018,Upper Delivery,Loading,pitch.0,437738,-0.0413,0.0797,0.0936,-0.0884,-0.0304,-0.0012,0.0,0.0
1779988771042,1,Pitching Mound.Delivery,,Loading,pitch.0,436579,-0.6181,-0.2035,0.5339,-0.028,-0.0491,0.1688,0.0,0.0
1779988771042,1,Pitching Mound.Drive,,Loading,pitch.0,437147,0.6744,9.7169,105.367,74.2426,8.3089,1.6357,-0.0105,0.0938
1779988771042,1,Pitching Mound.Parent,,Loading,pitch.0,436200,0.0563,9.5134,105.9009,74.2146,8.2598,1.8045,-0.0104,0.0944
1779988771043,1,11.0000004b,Drive,Loading,pitch.0,437148,0.6795,9.7634,105.348,74.2141,8.258,1.773,-0.0104,0.0938
1779988771043,1,12.00000015,Lower Delivery,Loading,pitch.0,436881,-0.5817,-0.2773,0.4497,-0.0573,-0.0182,-0.0126,0.0,0.0
1779988771043,1,12.00000018,Upper Delivery,Loading,pitch.0,437739,-0.0397,0.0777,0.0854,-0.0884,-0.0304,-0.0012,0.0,0.0
1779988771043,1,Pitching Mound.Delivery,,Loading,pitch.0,436580,-0.6214,-0.1996,0.5351,-0.0218,-0.0486,0.1705,0.0,0.0
1779988771043,1,Pitching Mound.Drive,,Loading,pitch.0,437148,0.6795,9.7634,105.348,74.2141,8.258,1.773,-0.0104,0.0938
1779988771043,1,Pitching Mound.Parent,,Loading,pitch.0,436201,0.0581,9.5638,105.883,74.1923,8.2094,1.9435,-0.0104,0.0945
1779988771044,1,11.0000004b,Drive,Loading,pitch.0,437149,0.6743,9.8148,105.1653,74.2243,8.3324,1.9181,-0.0105,0.094
1779988771044,1,12.00000015,Lower Delivery,Loading,pitch.0,436882,-0.6095,-0.312,0.4629,-0.0642,-0.0273,-0.0137,0.0,0.0
1779988771044,1,12.00000018,Upper Delivery,Loading,pitch.0,437740,-0.0374,0.0791,0.0925,-0.0884,-0.0304,-0.0012,0.0,0.0
1779988771044,1,Pitching Mound.Delivery,,Loading,pitch.0,436581,-0.6468,-0.2329,0.5554,-0.0266,-0.0577,0.1796,0.0,0.0
1779988771044,1,Pitching Mound.Drive,,Loading,pitch.0,437149,0.6743,9.8148,105.1653,74.2243,8.3324,1.9181,-0.0105,0.094
1779988771044,1,Pitching Mound.Parent,,Loading,pitch.0,436202,0.0274,9.582,105.7207,74.1977,8.2748,2.0977,-0.0105,0.0947
1779988771045,1,11.0000004b,Drive,Loading,pitch.0,437150,0.6654,9.8664,104.9806,74.216,8.3178,2.0882,-0.0105,0.0941
1779988771045,1,12.00000015,Lower Delivery,Loading,pitch.0,436883,-0.6233,-0.3298,0.4717,-0.0571,-0.0199,-0.0137,0.0,0.0
1779988771045,1,12.00000018,Upper Delivery,Loading,pitch.0,437741,-0.0354,0.0784,0.0982,-0.0884,-0.0304,-0.0012,0.0,0.0
1779988771045,1,Pitching Mound.Delivery,,Loading,pitch.0,436582,-0.6587,-0.2514,0.5699,-0.0184,-0.0503,0.185,0.0,0.0
1779988771045,1,Pitching Mound.Drive,,Loading,pitch.0,437150,0.6654,9.8664,104.9806,74.216,8.3178,2.0882,-0.0105,0.0941
1779988771045,1,Pitching Mound.Parent,,Loading,pitch.0,436203,0.0067,9.6149,105.5505,74.1976,8.2675,2.2732,-0.0105,0.0948
1779988771046,1,11.0000004b,Drive,Loading,pitch.0,437151,0.6491,9.9152,105.0002,74.3289,8.2942,2.2418,-0.0105,0.0942
1779988771046,1,12.00000015,Lower Delivery,Loading,pitch.0,436884,-0.6452,-0.3418,0.5055,-0.0526,-0.0178,-0.0121,0.0,0.0
1779988771046,1,12.00000018,Upper Delivery,Loading,pitch.0,437742,-0.0342,0.0725,0.0912,-0.0884,-0.0304,-0.0012,0.0,0.0
1779988771046,1,Pitching Mound.Delivery,,Loading,pitch.0,436583,-0.6793,-0.2693,0.5967,-0.0001,-0.0482,0.1944,0.0,0.0
1779988771046,1,Pitching Mound.Drive,,Loading,pitch.0,437151,0.6491,9.9152,105.0002,74.3289,8.2942,2.2418,-0.0105,0.0942
1779988771046,1,Pitching Mound.Parent,,Loading,pitch.0,436204,-0.0303,9.6459,105.5969,74.3288,8.246,2.4363,-0.0105,0.095
1779988771047,1,11.0000004b,Drive,Loading,pitch.0,437152,0.6262,9.9764,105.0179,74.3792,8.3402,2.4242,-0.0106,0.0943
1779988771047,1,12.00000015,Lower Delivery,Loading,pitch.0,436885,-0.6299,-0.3345,0.477,-0.0681,-0.0279,-0.0132,0.0,0.0
1779988771047,1,12.00000018,Upper Delivery,Loading,pitch.0,437743,-0.0485,0.0667,0.0792,-0.0884,-0.0304,-0.0012,0.0,0.0
1779988771047,1,Pitching Mound.Delivery,,Loading,pitch.0,436584,-0.6783,-0.2678,0.5562,-0.0212,-0.0582,0.1833,0.0,0.0
1779988771047,1,Pitching Mound.Drive,,Loading,pitch.0,437152,0.6262,9.9764,105.0179,74.3792,8.3402,2.4242,-0.0106,0.0943
1779988771047,1,Pitching Mound.Parent,,Loading,pitch.0,436205,-0.0521,9.7085,105.5741,74.358,8.2819,2.6075,-0.0105,0.0951
1779988771048,1,11.0000004b,Drive,Loading,pitch.0,437153,0.631,10.0266,104.9789,74.4463,8.3623,2.5886,-0.0106,0.0944
1779988771048,1,12.00000015,Lower Delivery,Loading,pitch.0,436886,-0.6556,-0.3441,0.5067,-0.0584,-0.0208,-0.0128,0.0,0.0
1779988771048,1,12.00000018,Upper Delivery,Loading,pitch.0,437744,-0.0476,0.0669,0.0404,-0.0884,-0.0304,-0.0012,0.0,0.0
1779988771048,1,Pitching Mound.Delivery,,Loading,pitch.0,436585,-0.7032,-0.2772,0.5471,0.0118,-0.0512,0.1927,0.0,0.0
1779988771048,1,Pitching Mound.Drive,,Loading,pitch.0,437153,0.631,10.0266,104.9789,74.4463,8.3623,2.5886,-0.0106,0.0944
1779988771048,1,Pitching Mound.Parent,,Loading,pitch.0,436206,-0.0722,9.7494,105.5261,74.458,8.3111,2.7813,-0.0105,0.0954
1779988771049,1,11.0000004b,Drive,Loading,pitch.0,437154,0.6165,10.0809,105.0979,74.5833,8.3048,2.7695,-0.0105,0.0945
1779988771049,1,12.00000015,Lower Delivery,Loading,pitch.0,436887,-0.7189,-0.3233,0.6037,-0.0608,-0.0194,-0.0125,0.0,0.0
1779988771049,1,12.00000018,Upper Delivery,Loading,pitch.0,437745,-0.0545,0.0586,0.0218,-0.0884,-0.0304,-0.0012,0.0,0.0
1779988771049,1,Pitching Mound.Delivery,,Loading,pitch.0,436586,-0.7734,-0.2648,0.6255,0.0487,-0.0498,0.2122,0.0,0.0
1779988771049,1,Pitching Mound.Drive,,Loading,pitch.0,437154,0.6165,10.0809,105.0979,74.5833,8.3048,2.7695,-0.0105,0.0945
1779988771049,1,Pitching Mound.Parent,,Loading,pitch.0,436207,-0.1569,9.8162,105.7234,74.632,8.255,2.9817,-0.0105,0.0958
1779988771050,1,11.0000004b,Drive,Loading,pitch.0,437155,0.6073,10.1135,104.962,74.5845,8.3251,2.9202,-0.0106,0.0946
1779988771050,1,12.00000015,Lower Delivery,Loading,pitch.0,436888,-0.713,-0.296,0.6198,-0.0527,-0.0126,-0.0118,0.0,0.0
1779988771050,1,12.00000018,Upper Delivery,Loading,pitch.0,437746,-0.0549,0.0555,0.0289,-0.0884,-0.0304,-0.0012,0.0,0.0
1779988771050,1,Pitching Mound.Delivery,,Loading,pitch.0,436587,-0.7679,-0.2405,0.6487,0.0598,-0.0429,0.2108,0.0,0.0
1779988771050,1,Pitching Mound.Drive,,Loading,pitch.0,437155,0.6073,10.1135,104.962,74.5845,8.3251,2.9202,-0.0106,0.0946
1779988771050,1,Pitching Mound.Parent,,Loading,pitch.0,436208,-0.1607,9.8731,105.6107,74.6444,8.2822,3.131,-0.0105,0.0959
1779988771051,1,11.0000004b,Drive,Loading,pitch.0,437156,0.5759,10.1563,105.1254,74.752,8.1803,3.1263,-0.0104,0.0947
1779988771051,1,12.00000015,Lower Delivery,Loading,pitch.0,436889,-0.6798,-0.278,0.5988,-0.0446,-0.0111,-0.0111,0.0,0.0
1779988771051,1,12.00000018,Upper Delivery,Loading,pitch.0,437747,-0.0553,0.053,0.0576,-0.0884,-0.0304,-0.0012,0.0,0.0
1779988771051,1,Pitching Mound.Delivery,,Loading,pitch.0,436588,-0.7351,-0.225,0.6564,0.051,-0.0415,0.2,0.0,0.0
1779988771051,1,Pitching Mound.Drive,,Loading,pitch.0,437156,0.5759,10.1563,105.1254,74.752,8.1803,3.1263,-0.0104,0.0947
1779988771051,1,Pitching Mound.Parent,,Loading,pitch.0,436209,-0.1592,9.9313,105.7818,74.803,8.1389,3.3263,-0.0103,0.0958
1779988771052,1,11.0000004b,Drive,Loading,pitch.0,437157,0.589,10.206,105.0776,74.8966,8.1539,3.3255,-0.0103,0.0949
1779988771052,1,12.00000015,Lower Delivery,Loading,pitch.0,436890,-0.6859,-0.2809,0.6054,-0.0507,-0.0139,-0.0096,0.0,0.0
1779988771052,1,12.00000018,Upper Delivery,Loading,pitch.0,437748,-0.0577,0.0502,0.0604,-0.0884,-0.0304,-0.0012,0.0,0.0
1779988771052,1,Pitching Mound.Delivery,,Loading,pitch.0,436589,-0.7436,-0.2307,0.6659,0.0463,-0.0442,0.2028,0.0,0.0
1779988771052,1,Pitching Mound.Drive,,Loading,pitch.0,437157,0.589,10.206,105.0776,74.8966,8.1539,3.3255,-0.0103,0.0949
1779988771052,1,Pitching Mound.Parent,,Loading,pitch.0,436210,-0.1547,9.9753,105.7435,74.9429,8.1096,3.5283,-0.0103,0.096
1779988771053,1,11.0000004b,Drive,Loading,pitch.0,437158,0.5735,10.2262,105.1537,75.0318,8.3195,3.4904,-0.0105,0.095
1779988771053,1,12.00000015,Lower Delivery,Loading,pitch.0,436891,-0.7021,-0.2867,0.6237,-0.0488,-0.0135,-0.009,0.0,0.0
1779988771053,1,12.00000018,Upper Delivery,Loading,pitch.0,437749,-0.0568,0.0529,0.0552,-0.0884,-0.0304,-0.0012,0.0,0.0
1779988771053,1,Pitching Mound.Delivery,,Loading,pitch.0,436590,-0.7589,-0.2338,0.6789,0.0561,-0.0438,0.2093,0.0,0.0
1779988771053,1,Pitching Mound.Drive,,Loading,pitch.0,437158,0.5735,10.2262,105.1537,75.0318,8.3195,3.4904,-0.0105,0.095
1779988771053,1,Pitching Mound.Parent,,Loading,pitch.0,436211,-0.1854,9.9924,105.8326,75.088,8.2756,3.6997,-0.0105,0.0962
1779988771054,1,11.0000004b,Drive,Loading,pitch.0,437159,0.5418,10.2742,105.1069,75.0711,8.2529,3.6984,-0.0105,0.0951
1779988771054,1,12.00000015,Lower Delivery,Loading,pitch.0,436892,-0.6778,-0.2682,0.6003,-0.0409,-0.0105,-0.0088,0.0,0.0
1779988771054,1,12.00000018,Upper Delivery,Loading,pitch.0,437750,-0.0541,0.0555,0.0402,-0.0884,-0.0304,-0.0012,0.0,0.0
1779988771054,1,Pitching Mound.Delivery,,Loading,pitch.0,436591,-0.7319,-0.2127,0.6405,0.0611,-0.0409,0.202,0.0,0.0
1779988771054,1,Pitching Mound.Drive,,Loading,pitch.0,437159,0.5418,10.2742,105.1069,75.0711,8.2529,3.6984,-0.0105,0.0951
1779988771054,1,Pitching Mound.Parent,,Loading,pitch.0,436212,-0.1901,10.0615,105.7474,75.1322,8.212,3.9004,-0.0104,0.0963
1779988771055,1,11.0000004b,Drive,Loading,pitch.0,437160,0.5211,10.3129,105.065,75.0955,8.2424,3.8996,-0.0104,0.0952
1779988771055,1,12.00000015,Lower Delivery,Loading,pitch.0,436893,-0.6608,-0.2518,0.5958,-0.0327,-0.0012,-0.0077,0.0,0.0
1779988771055,1,12.00000018,Upper Delivery,Loading,pitch.0,437751,-0.0511,0.0577,0.0284,-0.0884,-0.0304,-0.0012,0.0,0.0
1779988771055,1,Pitching Mound.Delivery,,Loading,pitch.0,436592,-0.7118,-0.1941,0.6241,0.0718,-0.0316,0.1984,0.0,0.0
1779988771055,1,Pitching Mound.Drive,,Loading,pitch.0,437160,0.5211,10.3129,105.065,75.0955,8.2424,3.8996,-0.0104,0.0952
1779988771055,1,Pitching Mound.Parent,,Loading,pitch.0,436213,-0.1907,10.1189,105.6891,75.1673,8.2108,4.098,-0.0104,0.0964
1779988771056,1,11.0000004b,Drive,Loading,pitch.0,437161,0.4999,10.3365,105.2633,75.2811,8.199,4.0712,-0.0104,0.0952
1779988771056,1,12.00000015,Lower Delivery,Loading,pitch.0,436894,-0.6279,-0.2309,0.578,-0.0416,0.0008,-0.0056,0.0,0.0
1779988771056,1,12.00000018,Upper Delivery,Loading,pitch.0,437752,-0.0516,0.0611,0.0276,-0.0884,-0.0304,-0.0012,0.0,0.0
1779988771056,1,Pitching Mound.Delivery,,Loading,pitch.0,436593,-0.6794,-0.1698,0.6056,0.0571,-0.0296,0.1892,0.0,0.0
1779988771056,1,Pitching Mound.Drive,,Loading,pitch.0,437161,0.4999,10.3365,105.2633,75.2811,8.199,4.0712,-0.0104,0.0952
1779988771056,1,Pitching Mound.Parent,,Loading,pitch.0,436214,-0.1795,10.1667,105.8689,75.3382,8.1695,4.2604,-0.0103,0.0964
1779988771057,1,11.0000004b,Drive,Loading,pitch.0,437162,0.4852,10.4038,105.1563,75.4629,8.1139,4.2262,-0.0103,0.0955
1779988771057,1,12.00000015,Lower Delivery,Loading,pitch.0,436895,-0.6162,-0.2167,0.5736,-0.0467,0.0003,-0.0049,0.0,0.0
1779988771057,1,12.00000018,Upper Delivery,Loading,pitch.0,437753,-0.0522,0.0612,0.0382,-0.0884,-0.0304,-0.0012,0.0,0.0
1779988771057,1,Pitching Mound.Delivery,,Loading,pitch.0,436594,-0.6684,-0.1555,0.6117,0.0469,-0.0301,0.1856,0.0,0.0
1779988771057,1,Pitching Mound.Drive,,Loading,pitch.0,437162,0.4852,10.4038,105.1563,75.4629,8.1139,4.2262,-0.0103,0.0955
1779988771057,1,Pitching Mound.Parent,,Loading,pitch.0,436215,-0.1832,10.2483,105.768,75.5098,8.0838,4.4118,-0.0102,0.0967
1779988771058,1,11.0000004b,Drive,Loading,pitch.0,437163,0.4821,10.4381,105.2903,75.6162,7.9384,4.4082,-0.01,0.0956
1779988771058,1,12.00000015,Lower Delivery,Loading,pitch.0,436896,-0.6305,-0.2093,0.5971,-0.0521,0.0051,-0.0042,0.0,0.0
1779988771058,1,12.00000018,Upper Delivery,Loading,pitch.0,437754,-0.0508,0.0586,0.0332,-0.0884,-0.0304,-0.0012,0.0,0.0
1779988771058,1,Pitching Mound.Delivery,,Loading,pitch.0,436595,-0.6814,-0.1507,0.6302,0.0513,-0.0253,0.1917,0.0,0.0
1779988771058,1,Pitching Mound.Drive,,Loading,pitch.0,437163,0.4821,10.4381,105.2903,75.6162,7.9384,4.4082,-0.01,0.0956
1779988771058,1,Pitching Mound.Parent,,Loading,pitch.0,436216,-0.1993,10.2874,105.9206,75.6675,7.9131,4.5999,-0.01,0.0968
1779988771059,1,11.0000004b,Drive,Loading,pitch.0,437164,0.4614,10.4867,105.36,75.7189,7.6612,4.6102,-0.0097,0.0957
1779988771059,1,12.00000015,Lower Delivery,Loading,pitch.0,436897,-0.6372,-0.1922,0.6043,-0.0574,-0.0075,-0.0067,0.0,0.0
1779988771059,1,12.00000018,Upper Delivery,Loading,pitch.0,437755,-0.0549,0.0602,0.0501,-0.0884,-0.0304,-0.0012,0.0,0.0
1779988771059,1,Pitching Mound.Delivery,,Loading,pitch.0,436596,-0.6922,-0.132,0.6544,0.0427,-0.0378,0.19,0.0,0.0
1779988771059,1,Pitching Mound.Drive,,Loading,pitch.0,437164,0.4614,10.4867,105.36,75.7189,7.6612,4.6102,-0.0097,0.0957
1779988771059,1,Pitching Mound.Parent,,Loading,pitch.0,436217,-0.2308,10.3546,106.0144,75.7616,7.6233,4.8003,-0.0096,0.0969
1779988771060,1,11.0000004b,Drive,Loading,pitch.0,437165,0.4609,10.5342,105.2812,75.8471,7.456,4.7905,-0.0094,0.0959
1779988771060,1,12.00000015,Lower Delivery,Loading,pitch.0,436898,-0.601,-0.1823,0.5478,-0.0659,-0.0106,-0.0078,0.0,0.0
1779988771060,1,12.00000018,Upper Delivery,Loading,pitch.0,437756,-0.0554,0.0638,0.0527,-0.0884,-0.0304,-0.0012,0.0,0.0
1779988771060,1,Pitching Mound.Delivery,,Loading,pitch.0,436597,-0.6564,-0.1185,0.6005,0.0141,-0.041,0.1764,0.0,0.0
1779988771060,1,Pitching Mound.Drive,,Loading,pitch.0,437165,0.4609,10.5342,105.2812,75.8471,7.456,4.7905,-0.0094,0.0959
1779988771060,1,Pitching Mound.Parent,,Loading,pitch.0,436218,-0.1955,10.4158,105.8817,75.8612,7.415,4.967,-0.0094,0.097
1779988771061,1,11.0000004b,Drive,Loading,pitch.0,437166,0.4362,10.5996,105.1491,75.951,7.291,4.967,-0.0092,0.0962
1779988771061,1,12.00000015,Lower Delivery,Loading,pitch.0,436899,-0.6126,-0.1901,0.5513,-0.0797,-0.0174,-0.0058,0.0,0.0
1779988771061,1,12.00000018,Upper Delivery,Loading,pitch.0,437757,-0.0543,0.0845,0.114,-0.0884,-0.0304,-0.0012,0.0,0.0
1779988771061,1,Pitching Mound.Delivery,,Loading,pitch.0,436598,-0.667,-0.1056,0.6653,-0.0194,-0.0477,0.1829,0.0,0.0
1779988771061,1,Pitching Mound.Drive,,Loading,pitch.0,437166,0.4362,10.5996,105.1491,75.951,7.291,4.967,-0.0092,0.0962
1779988771061,1,Pitching Mound.Parent,,Loading,pitch.0,436219,-0.2308,10.4941,105.8144,75.9316,7.2433,5.1498,-0.0092,0.097
1779988771062,1,11.0000004b,Drive,Loading,pitch.0,437167,0.4182,10.6459,105.2016,76.065,7.1098,5.1411,-0.009,0.0963
1779988771062,1,12.00000015,Lower Delivery,Loading,pitch.0,436900,-0.6124,-0.1858,0.5432,-0.0814,-0.0245,-0.007,0.0,0.0
1779988771062,1,12.00000018,Upper Delivery,Loading,pitch.0,437758,-0.056,0.0801,0.0954,-0.0884,-0.0304,-0.0012,0.0,0.0
1779988771062,1,Pitching Mound.Delivery,,Loading,pitch.0,436599,-0.6684,-0.1057,0.6387,-0.0175,-0.0548,0.181,0.0,0.0
1779988771062,1,Pitching Mound.Drive,,Loading,pitch.0,437167,0.4182,10.6459,105.2016,76.065,7.1098,5.1411,-0.009,0.0963
1779988771062,1,Pitching Mound.Parent,,Loading,pitch.0,436220,-0.2503,10.5401,105.8403,76.0474,7.055,5.3221,-0.0089,0.0971
1779988771063,1,11.0000004b,Drive,Loading,pitch.0,437168,0.3856,10.6993,105.2176,76.2627,6.9768,5.311,-0.0088,0.0965
1779988771063,1,12.00000015,Lower Delivery,Loading,pitch.0,436901,-0.5979,-0.1963,0.5062,-0.0777,-0.0325,-0.0095,0.0,0.0
1779988771063,1,12.00000018,Upper Delivery,Loading,pitch.0,437759,-0.0558,0.0598,0.045,-0.0884,-0.0304,-0.0012,0.0,0.0
1779988771063,1,Pitching Mound.Delivery,,Loading,pitch.0,436600,-0.6537,-0.1364,0.5513,-0.0093,-0.0629,0.1736,0.0,0.0
1779988771063,1,Pitching Mound.Drive,,Loading,pitch.0,437168,0.3856,10.6993,105.2176,76.2627,6.9768,5.311,-0.0088,0.0965
1779988771063,1,Pitching Mound.Parent,,Loading,pitch.0,436221,-0.2681,10.5629,105.7688,76.2534,6.9139,5.4846,-0.0088,0.0975
1779988771064,1,11.0000004b,Drive,Loading,pitch.0,437169,0.3458,10.7504,105.4251,76.4931,6.7189,5.4903,-0.0085,0.0966
1779988771064,1,12.00000015,Lower Delivery,Loading,pitch.0,436902,-0.6245,-0.2024,0.5267,-0.0753,-0.0361,-0.0107,0.0,0.0
1779988771064,1,12.00000018,Upper Delivery,Loading,pitch.0,437760,-0.0506,0.0618,0.0575,-0.0884,-0.0304,-0.0012,0.0,0.0
1779988771064,1,Pitching Mound.Delivery,,Loading,pitch.0,436601,-0.6751,-0.1407,0.5842,-0.0042,-0.0665,0.1832,0.0,0.0
1779988771064,1,Pitching Mound.Drive,,Loading,pitch.0,437169,0.3458,10.7504,105.4251,76.4931,6.7189,5.4903,-0.0085,0.0966
1779988771064,1,Pitching Mound.Parent,,Loading,pitch.0,436222,-0.3293,10.6097,106.0093,76.4889,6.6524,5.6735,-0.0084,0.0976
1779988771065,1,11.0000004b,Drive,Loading,pitch.0,437170,0.3001,10.7903,105.3992,76.6204,6.6389,5.6751,-0.0084,0.0968
1779988771065,1,12.00000015,Lower Delivery,Loading,pitch.0,436903,-0.5824,-0.2065,0.4869,-0.085,-0.0364,-0.0074,0.0,0.0
1779988771065,1,12.00000018,Upper Delivery,Loading,pitch.0,437761,-0.0551,0.0552,0.0336,-0.0884,-0.0304,-0.0012,0.0,0.0
1779988771065,1,Pitching Mound.Delivery,,Loading,pitch.0,436602,-0.6376,-0.1513,0.5205,-0.0192,-0.0667,0.1706,0.0,0.0
1779988771065,1,Pitching Mound.Drive,,Loading,pitch.0,437170,0.3001,10.7903,105.3992,76.6204,6.6389,5.6751,-0.0084,0.0968
1779988771065,1,Pitching Mound.Parent,,Loading,pitch.0,436223,-0.3374,10.639,105.9197,76.6012,6.5721,5.8457,-0.0083,0.0978
1779988771066,1,11.0000004b,Drive,Loading,pitch.0,437171,0.2655,10.8251,105.5063,76.8807,6.3569,5.8562,-0.008,0.097
1779988771066,1,12.00000015,Lower Delivery,Loading,pitch.0,436904,-0.5724,-0.2076,0.4746,-0.0748,-0.0317,-0.0065,0.0,0.0
1779988771066,1,12.00000018,Upper Delivery,Loading,pitch.0,437762,-0.0306,0.0844,0.112,-0.0884,-0.0304,-0.0012,0.0,0.0
1779988771066,1,Pitching Mound.Delivery,,Loading,pitch.0,436603,-0.6029,-0.1232,0.5866,-0.0398,-0.062,0.1765,0.0,0.0
1779988771066,1,Pitching Mound.Drive,,Loading,pitch.0,437171,0.2655,10.8251,105.5063,76.8807,6.3569,5.8562,-0.008,0.097
1779988771066,1,Pitching Mound.Parent,,Loading,pitch.0,436224,-0.3374,10.7018,106.0929,76.8409,6.2948,6.0327,-0.008,0.0976
1779988771067,1,11.0000004b,Drive,Loading,pitch.0,437172,0.2494,10.8732,105.4837,77.0379,6.14,6.048,-0.0077,0.0972
1779988771067,1,12.00000015,Lower Delivery,Loading,pitch.0,436905,-0.581,-0.2198,0.4651,-0.073,-0.0362,-0.0078,0.0,0.0
1779988771067,1,12.00000018,Upper Delivery,Loading,pitch.0,437763,-0.0325,0.0828,0.1047,-0.0884,-0.0304,-0.0012,0.0,0.0
1779988771067,1,Pitching Mound.Delivery,,Loading,pitch.0,436604,-0.6134,-0.137,0.5698,-0.0388,-0.0666,0.1774,0.0,0.0
1779988771067,1,Pitching Mound.Drive,,Loading,pitch.0,437172,0.2494,10.8732,105.4837,77.0379,6.14,6.048,-0.0077,0.0972
1779988771067,1,Pitching Mound.Parent,,Loading,pitch.0,436225,-0.3641,10.7361,106.0535,76.9991,6.0735,6.2254,-0.0077,0.0979
1779988771068,1,11.0000004b,Drive,Loading,pitch.0,437173,0.1967,10.8939,105.3386,77.1423,6.2097,6.2496,-0.0078,0.0975
1779988771068,1,12.00000015,Lower Delivery,Loading,pitch.0,436906,-0.5574,-0.2078,0.4389,-0.0735,-0.0361,-0.0063,0.0,0.0
1779988771068,1,12.00000018,Upper Delivery,Loading,pitch.0,437764,-0.046,0.0699,0.0669,-0.0884,-0.0304,-0.0012,0.0,0.0
1779988771068,1,Pitching Mound.Delivery,,Loading,pitch.0,436605,-0.6035,-0.1379,0.5057,-0.0353,-0.0665,0.1664,0.0,0.0
1779988771068,1,Pitching Mound.Drive,,Loading,pitch.0,437173,0.1967,10.8939,105.3386,77.1423,6.2097,6.2496,-0.0078,0.0975
1779988771068,1,Pitching Mound.Parent,,Loading,pitch.0,436226,-0.4067,10.756,105.8443,77.107,6.1432,6.416,-0.0078,0.0982
1779988771069,1,11.0000004b,Drive,Loading,pitch.0,437174,0.1562,10.9466,105.3686,77.2797,6.1117,6.3849,-0.0077,0.0976
1779988771069,1,12.00000015,Lower Delivery,Loading,pitch.0,436907,-0.5693,-0.2268,0.4582,-0.0645,-0.0295,-0.0054,0.0,0.0
1779988771069,1,12.00000018,Upper Delivery,Loading,pitch.0,437765,-0.0093,0.1044,0.0865,-0.0884,-0.0304,-0.0012,0.0,0.0
1779988771069,1,Pitching Mound.Delivery,,Loading,pitch.0,436606,-0.5787,-0.1224,0.5447,-0.0265,-0.0599,0.1838,0.0,0.0
1779988771069,1,Pitching Mound.Drive,,Loading,pitch.0,437174,0.1562,10.9466,105.3686,77.2797,6.1117,6.3849,-0.0077,0.0976
1779988771069,1,Pitching Mound.Parent,,Loading,pitch.0,436227,-0.4225,10.8242,105.9133,77.2533,6.0518,6.5687,-0.0077,0.0983
1779988771070,1,11.0000004b,Drive,Loading,pitch.0,437175,0.1395,10.9891,105.3411,77.4871,5.9928,6.5849,-0.0076,0.0979
1779988771070,1,12.00000015,Lower Delivery,Loading,pitch.0,436908,-0.6062,-0.2396,0.4973,-0.0583,-0.0276,-0.0057,0.0,0.0
1779988771070,1,12.00000018,Upper Delivery,Loading,pitch.0,437766,-0.0168,0.0969,0.1004,-0.0884,-0.0304,-0.0012,0.0,0.0
1779988771070,1,Pitching Mound.Delivery,,Loading,pitch.0,436607,-0.6229,-0.1427,0.5978,-0.0117,-0.058,0.1935,0.0,0.0
1779988771070,1,Pitching Mound.Drive,,Loading,pitch.0,437175,0.1395,10.9891,105.3411,77.4871,5.9928,6.5849,-0.0076,0.0979
1779988771070,1,Pitching Mound.Parent,,Loading,pitch.0,436228,-0.4834,10.8464,105.9388,77.4755,5.9349,6.7785,-0.0075,0.0986
1779988771071,1,11.0000004b,Drive,Loading,pitch.0,437176,0.1096,11.0179,105.447,77.6805,5.8711,6.7571,-0.0074,0.0981
1779988771071,1,12.00000015,Lower Delivery,Loading,pitch.0,436909,-0.6186,-0.259,0.4989,-0.0477,-0.0246,-0.0066,0.0,0.0
1779988771071,1,12.00000018,Upper Delivery,Loading,pitch.0,437767,-0.0439,0.0741,0.0665,-0.0884,-0.0304,-0.0012,0.0,0.0
1779988771071,1,Pitching Mound.Delivery,,Loading,pitch.0,436608,-0.6624,-0.1849,0.5654,0.011,-0.0549,0.1876,0.0,0.0
1779988771071,1,Pitching Mound.Drive,,Loading,pitch.0,437176,0.1096,11.0179,105.447,77.6805,5.8711,6.7571,-0.0074,0.0981
1779988771071,1,Pitching Mound.Parent,,Loading,pitch.0,436229,-0.5529,10.833,106.0125,77.6915,5.8162,6.9446,-0.0074,0.0989
1779988771072,1,11.0000004b,Drive,Loading,pitch.0,437177,0.079,11.0559,105.561,77.8436,5.7014,6.9359,-0.0072,0.0982
1779988771072,1,11.0000004b,Drive,Loading,pitch.0,437178,0.0838,11.0892,105.5344,78.0078,5.5811,7.1019,-0.007,0.0984
1779988771072,1,12.00000015,Lower Delivery,Loading,pitch.0,436910,-0.6085,-0.2598,0.4866,-0.0471,-0.0239,-0.0085,0.0,0.0
1779988771072,1,12.00000018,Upper Delivery,Loading,pitch.0,437768,-0.0412,0.0825,0.0843,-0.0884,-0.0304,-0.0012,0.0,0.0
1779988771072,1,Pitching Mound.Delivery,,Loading,pitch.0,436609,-0.6498,-0.1773,0.5708,0.0013,-0.0542,0.1832,0.0,0.0
1779988771072,1,Pitching Mound.Drive,,Loading,pitch.0,437177,0.079,11.0559,105.561,77.8436,5.7014,6.9359,-0.0072,0.0982
1779988771072,1,Pitching Mound.Drive,,Loading,pitch.0,437178,0.0838,11.0892,105.5344,78.0078,5.5811,7.1019,-0.007,0.0984
1779988771072,1,Pitching Mound.Parent,,Loading,pitch.0,436230,-0.5708,10.8785,106.1318,77.8449,5.6471,7.1191,-0.0072,0.0989
1779988771073,1,11.0000004b,Drive,Loading,pitch.0,437179,0.047,11.1262,105.6093,78.2181,5.4312,7.2806,-0.0068,0.0986
1779988771073,1,12.00000015,Lower Delivery,Loading,pitch.0,436911,-0.5793,-0.2829,0.4415,-0.0561,-0.0224,-0.0097,0.0,0.0
1779988771073,1,12.00000018,Upper Delivery,Loading,pitch.0,437769,-0.0467,0.0774,0.0786,-0.0884,-0.0304,-0.0012,0.0,0.0
1779988771073,1,Pitching Mound.Delivery,,Loading,pitch.0,436610,-0.626,-0.2055,0.5201,-0.021,-0.0528,0.1702,0.0,0.0
1779988771073,1,Pitching Mound.Drive,,Loading,pitch.0,437179,0.047,11.1262,105.6093,78.2181,5.4312,7.2806,-0.0068,0.0986
1779988771073,1,Pitching Mound.Parent,,Loading,pitch.0,436231,-0.5422,10.8836,106.0544,77.9868,5.5283,7.272,-0.007,0.0991
1779988771074,1,11.0000004b,Drive,Loading,pitch.0,437180,0.0523,11.1607,105.7942,78.4354,5.2944,7.4306,-0.0067,0.0987
1779988771074,1,12.00000015,Lower Delivery,Loading,pitch.0,436912,-0.5712,-0.3072,0.4289,-0.0467,-0.015,-0.0085,0.0,0.0
1779988771074,1,12.00000018,Upper Delivery,Loading,pitch.0,437770,-0.0517,0.0709,0.0596,-0.0884,-0.0304,-0.0012,0.0,0.0
1779988771074,1,Pitching Mound.Delivery,,Loading,pitch.0,436611,-0.6229,-0.2363,0.4884,-0.0095,-0.0453,0.1669,0.0,0.0
1779988771074,1,Pitching Mound.Drive,,Loading,pitch.0,437180,0.0523,11.1607,105.7942,78.4354,5.2944,7.4306,-0.0067,0.0987
1779988771074,1,Pitching Mound.Parent,,Loading,pitch.0,436232,-0.5759,10.8899,106.0977,78.2086,5.3859,7.4475,-0.0068,0.0993
1779988771075,1,11.0000004b,Drive,Loading,pitch.0,437181,0.0669,11.2115,105.9027,78.6077,5.2595,7.5998,-0.0066,0.0988
1779988771075,1,12.00000015,Lower Delivery,Loading,pitch.0,436913,-0.5754,-0.3241,0.4393,-0.0409,-0.0078,-0.0064,0.0,0.0
1779988771075,1,12.00000018,Upper Delivery,Loading,pitch.0,437771,-0.061,0.0638,0.0432,-0.0884,-0.0304,-0.0012,0.0,0.0
1779988771075,1,Pitching Mound.Delivery,,Loading,pitch.0,436612,-0.6364,-0.2603,0.4825,0.0054,-0.0381,0.1673,0.0,0.0
1779988771075,1,Pitching Mound.Drive,,Loading,pitch.0,437181,0.0669,11.2115,105.9027,78.6077,5.2595,7.5998,-0.0066,0.0988
1779988771075,1,Pitching Mound.Parent,,Loading,pitch.0,436233,-0.5841,10.9005,106.2766,78.4409,5.2563,7.5979,-0.0066,0.0995
1779988771076,1,11.0000004b,Drive,Loading,pitch.0,437182,0.0214,11.2573,105.9915,78.7888,5.2583,7.7469,-0.0066,0.099
1779988771076,1,12.00000015,Lower Delivery,Loading,pitch.0,436914,-0.6057,-0.3456,0.4506,-0.0404,-0.0078,-0.009,0.0,0.0
1779988771076,1,12.00000018,Upper Delivery,Loading,pitch.0,437772,-0.059,0.063,0.0354,-0.0884,-0.0304,-0.0012,0.0,0.0
1779988771076,1,Pitching Mound.Delivery,,Loading,pitch.0,436613,-0.6647,-0.2826,0.4861,0.0124,-0.0381,0.1757,0.0,0.0
1779988771076,1,Pitching Mound.Drive,,Loading,pitch.0,437182,0.0214,11.2573,105.9915,78.7888,5.2583,7.7469,-0.0066,0.099
1779988771076,1,Pitching Mound.Parent,,Loading,pitch.0,436234,-0.5978,10.9289,106.3888,78.62,5.2213,7.7755,-0.0066,0.0997
1779988771077,1,11.0000004b,Drive,Loading,pitch.0,437183,-0.0317,11.3107,106.0014,79.0408,5.1448,7.925,-0.0065,0.0993
1779988771077,1,12.00000015,Lower Delivery,Loading,pitch.0,436915,-0.6079,-0.3332,0.4514,-0.0361,-0.0072,-0.0091,0.0,0.0
1779988771077,1,12.00000018,Upper Delivery,Loading,pitch.0,437773,-0.0566,0.0653,0.031,-0.0884,-0.0304,-0.0012,0.0,0.0
1779988771077,1,Pitching Mound.Delivery,,Loading,pitch.0,436614,-0.6645,-0.2679,0.4824,0.0185,-0.0375,0.1771,0.0,0.0
1779988771077,1,Pitching Mound.Drive,,Loading,pitch.0,437183,-0.0317,11.3107,106.0014,79.0408,5.1448,7.925,-0.0065,0.0993
1779988771077,1,Pitching Mound.Parent,,Loading,pitch.0,436235,-0.6431,10.9894,106.4739,78.8073,5.2207,7.924,-0.0066,0.0999
1779988771078,1,11.0000004b,Drive,Loading,pitch.0,437184,-0.0366,11.3521,106.352,79.2893,4.8495,8.0972,-0.0061,0.0993
1779988771078,1,12.00000015,Lower Delivery,Loading,pitch.0,436916,-0.6234,-0.3608,0.4642,-0.044,-0.0066,-0.0075,0.0,0.0
1779988771078,1,12.00000018,Upper Delivery,Loading,pitch.0,437774,-0.056,0.0602,0.0393,-0.0884,-0.0304,-0.0012,0.0,0.0
1779988771078,1,Pitching Mound.Delivery,,Loading,pitch.0,436615,-0.6794,-0.3006,0.5035,0.0121,-0.0369,0.1842,0.0,0.0
1779988771078,1,Pitching Mound.Drive,,Loading,pitch.0,437184,-0.0366,11.3521,106.352,79.2893,4.8495,8.0972,-0.0061,0.0993
1779988771078,1,Pitching Mound.Parent,,Loading,pitch.0,436236,-0.7111,11.0101,106.5049,79.053,5.1078,8.1092,-0.0064,0.1002
1779988771079,1,11.0000004b,Drive,Loading,pitch.0,437185,-0.0599,11.3751,106.4704,79.5992,4.8287,8.2703,-0.006,0.0995
1779988771079,1,12.00000015,Lower Delivery,Loading,pitch.0,436917,-0.6562,-0.3491,0.5102,-0.0379,-0.007,-0.008,0.0,0.0
1779988771079,1,12.00000018,Upper Delivery,Loading,pitch.0,437775,-0.0574,0.064,0.0288,-0.0884,-0.0304,-0.0012,0.0,0.0
1779988771079,1,Pitching Mound.Delivery,,Loading,pitch.0,436616,-0.7136,-0.285,0.539,0.0374,-0.0374,0.1944,0.0,0.0
1779988771079,1,Pitching Mound.Drive,,Loading,pitch.0,437185,-0.0599,11.3751,106.4704,79.5992,4.8287,8.2703,-0.006,0.0995
1779988771079,1,Pitching Mound.Parent,,Loading,pitch.0,436237,-0.7502,11.0671,106.891,79.3268,4.8122,8.2916,-0.006,0.1003
1779988771080,1,11.0000004b,Drive,Loading,pitch.0,437186,-0.1057,11.4277,106.6417,79.7955,4.7419,8.448,-0.0059,0.0996
1779988771080,1,12.00000015,Lower Delivery,Loading,pitch.0,436918,-0.6243,-0.3411,0.4731,-0.0465,-0.0135,-0.0094,0.0,0.0
1779988771080,1,12.00000018,Upper Delivery,Loading,pitch.0,437776,-0.055,0.0646,0.0293,-0.0884,-0.0304,-0.0012,0.0,0.0
1779988771080,1,Pitching Mound.Delivery,,Loading,pitch.0,436617,-0.6793,-0.2765,0.5023,0.0161,-0.0439,0.1829,0.0,0.0
1779988771080,1,Pitching Mound.Drive,,Loading,pitch.0,437186,-0.1057,11.4277,106.6417,79.7955,4.7419,8.448,-0.0059,0.0996
1779988771080,1,Pitching Mound.Parent,,Loading,pitch.0,436238,-0.7392,11.0986,106.9727,79.6152,4.7849,8.4532,-0.006,0.1005
1779988771081,1,11.0000004b,Drive,Loading,pitch.0,437187,-0.1386,11.4721,106.6807,80.0702,4.7302,8.5969,-0.0059,0.0999
1779988771081,1,12.00000015,Lower Delivery,Loading,pitch.0,436919,-0.6083,-0.3084,0.4769,-0.0412,-0.0117,-0.0078,0.0,0.0
1779988771081,1,12.00000018,Upper Delivery,Loading,pitch.0,437777,-0.0524,0.0619,0.0197,-0.0884,-0.0304,-0.0012,0.0,0.0
1779988771081,1,Pitching Mound.Delivery,,Loading,pitch.0,436618,-0.6607,-0.2466,0.4966,0.0259,-0.0421,0.18,0.0,0.0
1779988771081,1,Pitching Mound.Drive,,Loading,pitch.0,437187,-0.1386,11.4721,106.6807,80.0702,4.7302,8.5969,-0.0059,0.0999
1779988771081,1,Pitching Mound.Parent,,Loading,pitch.0,436239,-0.7664,11.1811,107.1383,79.8214,4.6998,8.628,-0.0059,0.1006
1779988771082,1,11.0000004b,Drive,Loading,pitch.0,437188,-0.1739,11.5039,106.8014,80.4124,4.5523,8.7441,-0.0057,0.1002
1779988771082,1,12.00000015,Lower Delivery,Loading,pitch.0,436920,-0.5831,-0.2813,0.464,-0.0651,-0.017,-0.0046,0.0,0.0
1779988771082,1,12.00000018,Upper Delivery,Loading,pitch.0,437778,-0.0521,0.0606,0.0193,-0.0884,-0.0304,-0.0012,0.0,0.0
1779988771082,1,Pitching Mound.Delivery,,Loading,pitch.0,436619,-0.6352,-0.2207,0.4833,-0.0023,-0.0474,0.1748,0.0,0.0
1779988771082,1,Pitching Mound.Drive,,Loading,pitch.0,437188,-0.1739,11.5039,106.8014,80.4124,4.5523,8.7441,-0.0057,0.1002
1779988771082,1,Pitching Mound.Parent,,Loading,pitch.0,436240,-0.7738,11.2514,107.1639,80.068,4.6829,8.7717,-0.0059,0.1009
1779988771083,1,11.0000004b,Drive,Loading,pitch.0,437189,-0.2111,11.5372,107.0895,80.6697,4.3211,8.9029,-0.0054,0.1003
1779988771083,1,12.00000015,Lower Delivery,Loading,pitch.0,436921,-0.6452,-0.285,0.5445,-0.0544,-0.0132,-0.0045,0.0,0.0
1779988771083,1,12.00000018,Upper Delivery,Loading,pitch.0,437779,-0.0543,0.0567,0.0132,-0.0884,-0.0304,-0.0012,0.0,0.0
1779988771083,1,Pitching Mound.Delivery,,Loading,pitch.0,436620,-0.6995,-0.2282,0.5577,0.0379,-0.0436,0.1952,0.0,0.0
1779988771083,1,Pitching Mound.Drive,,Loading,pitch.0,437189,-0.2111,11.5372,107.0895,80.6697,4.3211,8.9029,-0.0054,0.1003
1779988771083,1,Pitching Mound.Parent,,Loading,pitch.0,436241,-0.8734,11.2756,107.3591,80.4503,4.5087,8.9393,-0.0056,0.1014
1779988771084,1,11.0000004b,Drive,Loading,pitch.0,437190,-0.2432,11.5741,107.1306,80.8112,3.9606,9.0675,-0.0049,0.1004
1779988771084,1,12.00000015,Lower Delivery,Loading,pitch.0,436922,-0.6572,-0.316,0.5702,-0.0509,-0.0157,-0.0041,0.0,0.0
1779988771084,1,12.00000018,Upper Delivery,Loading,pitch.0,437780,-0.0534,0.0552,0.0107,-0.0884,-0.0304,-0.0012,0.0,0.0
1779988771084,1,Pitching Mound.Delivery,,Loading,pitch.0,436621,-0.7106,-0.2609,0.5809,0.0509,-0.046,0.2,0.0,0.0
1779988771084,1,Pitching Mound.Drive,,Loading,pitch.0,437190,-0.2432,11.5741,107.1306,80.8112,3.9606,9.0675,-0.0049,0.1004
1779988771084,1,Pitching Mound.Parent,,Loading,pitch.0,436242,-0.9217,11.2763,107.6704,80.7206,4.2751,9.1029,-0.0053,0.1015
1779988771085,1,12.00000015,Lower Delivery,Loading,pitch.0,436923,-0.6286,-0.3162,0.5452,-0.0535,-0.0036,-0.0022,0.0,0.0
1779988771085,1,12.00000018,Upper Delivery,Loading,pitch.0,437781,-0.0537,0.06,0.0079,-0.0884,-0.0304,-0.0012,0.0,0.0
1779988771085,1,Pitching Mound.Delivery,,Loading,pitch.0,436622,-0.6823,-0.2562,0.5531,0.0408,-0.034,0.192,0.0,0.0
1779988771085,1,Pitching Mound.Parent,,Loading,pitch.0,436243,-0.9255,11.318,107.6837,80.852,3.9267,9.2596,-0.0049,0.1016
1779988771086,1,11.0000004b,Drive,Loading,pitch.0,437192,-0.3144,11.6362,107.126,81.3195,3.3016,9.4154,-0.0041,0.1011
1779988771086,1,11.0000004b,Drive,Loading,pitch.0,437191,-0.2927,11.6065,107.0952,81.0806,3.8524,9.2401,-0.0048,0.1008
1779988771086,1,12.00000015,Lower Delivery,Loading,pitch.0,436924,-0.6067,-0.3223,0.5428,-0.0531,0.0009,-0.0037,0.0,0.0
1779988771086,1,12.00000018,Upper Delivery,Loading,pitch.0,437782,-0.0556,0.0589,0.0183,-0.0884,-0.0304,-0.0012,0.0,0.0
1779988771086,1,Pitching Mound.Delivery,,Loading,pitch.0,436623,-0.6623,-0.2633,0.5611,0.0369,-0.0295,0.1824,0.0,0.0
1779988771086,1,Pitching Mound.Drive,,Loading,pitch.0,437192,-0.3144,11.6362,107.126,81.3195,3.3016,9.4154,-0.0041,0.1011
1779988771086,1,Pitching Mound.Drive,,Loading,pitch.0,437191,-0.2927,11.6065,107.0952,81.0806,3.8524,9.2401,-0.0048,0.1008
1779988771086,1,Pitching Mound.Parent,,Loading,pitch.0,436244,-0.9549,11.3431,107.6562,81.1175,3.8229,9.4225,-0.0048,0.1019
1779988771087,1,11.0000004b,Drive,Loading,pitch.0,437193,-0.3691,11.6648,107.3831,81.6394,2.914,9.5788,-0.0036,0.1012
1779988771087,1,12.00000015,Lower Delivery,Loading,pitch.0,436925,-0.571,-0.3375,0.492,-0.0464,0.0085,-0.0015,0.0,0.0
1779988771087,1,12.00000018,Upper Delivery,Loading,pitch.0,437783,-0.0485,0.0641,0.0393,-0.0884,-0.0304,-0.0012,0.0,0.0
1779988771087,1,Pitching Mound.Delivery,,Loading,pitch.0,436624,-0.6195,-0.2733,0.5313,0.0191,-0.0219,0.175,0.0,0.0
1779988771087,1,Pitching Mound.Drive,,Loading,pitch.0,437193,-0.3691,11.6648,107.3831,81.6394,2.914,9.5788,-0.0036,0.1012
1779988771087,1,Pitching Mound.Parent,,Loading,pitch.0,436245,-0.9339,11.3628,107.6573,81.3386,3.2798,9.5904,-0.0041,0.102
1779988771088,1,11.0000004b,Drive,Loading,pitch.0,437194,-0.4106,11.6998,107.2061,81.717,2.7437,9.7302,-0.0034,0.1015
1779988771088,1,12.00000015,Lower Delivery,Loading,pitch.0,436926,-0.6292,-0.3498,0.536,-0.0401,-0.0016,-0.0026,0.0,0.0
1779988771088,1,12.00000018,Upper Delivery,Loading,pitch.0,437784,-0.0343,0.0801,0.0722,-0.0884,-0.0304,-0.0012,0.0,0.0
1779988771088,1,Pitching Mound.Delivery,,Loading,pitch.0,436625,-0.6635,-0.2697,0.6082,0.0293,-0.032,0.1984,0.0,0.0
1779988771088,1,Pitching Mound.Drive,,Loading,pitch.0,437194,-0.4106,11.6998,107.2061,81.717,2.7437,9.7302,-0.0034,0.1015
1779988771088,1,Pitching Mound.Parent,,Loading,pitch.0,436246,-1.0326,11.3951,107.9913,81.6686,2.882,9.7772,-0.0036,0.1021
1779988771089,1,11.0000004b,Drive,Loading,pitch.0,437195,-0.4611,11.7332,107.1451,81.9643,2.8036,9.8961,-0.0035,0.1018
1779988771089,1,12.00000015,Lower Delivery,Loading,pitch.0,436927,-0.6278,-0.37,0.5287,-0.0316,0.0054,-0.0022,0.0,0.0
1779988771089,1,12.00000018,Upper Delivery,Loading,pitch.0,437785,-0.0154,0.0925,0.0642,-0.0884,-0.0304,-0.0012,0.0,0.0
1779988771089,1,Pitching Mound.Delivery,,Loading,pitch.0,436626,-0.6432,-0.2775,0.593,0.038,-0.025,0.2048,0.0,0.0
1779988771089,1,Pitching Mound.Drive,,Loading,pitch.0,437195,-0.4611,11.7332,107.1451,81.9643,2.8036,9.8961,-0.0035,0.1018
1779988771089,1,Pitching Mound.Parent,,Loading,pitch.0,436247,-1.0538,11.4223,107.7991,81.755,2.7187,9.935,-0.0034,0.1024
1779988771090,1,11.0000004b,Drive,Loading,pitch.0,437196,-0.5099,11.7611,107.1002,82.0879,2.6058,10.0485,-0.0032,0.102
1779988771090,1,12.00000015,Lower Delivery,Loading,pitch.0,436928,-0.6388,-0.3872,0.5169,-0.0249,0.006,-0.0034,0.0,0.0
1779988771090,1,12.00000018,Upper Delivery,Loading,pitch.0,437786,-0.0344,0.0739,0.0537,-0.0884,-0.0304,-0.0012,0.0,0.0
1779988771090,1,Pitching Mound.Delivery,,Loading,pitch.0,436627,-0.6732,-0.3133,0.5706,0.0442,-0.0244,0.2009,0.0,0.0
1779988771090,1,Pitching Mound.Drive,,Loading,pitch.0,437196,-0.5099,11.7611,107.1002,82.0879,2.6058,10.0485,-0.0032,0.102
1779988771090,1,Pitching Mound.Parent,,Loading,pitch.0,436248,-1.1343,11.4199,107.7157,82.0085,2.7792,10.097,-0.0035,0.1028
1779988771091,1,11.0000004b,Drive,Loading,pitch.0,437197,-0.5399,11.7801,107.2193,82.2917,2.4007,10.2046,-0.003,0.1022
1779988771091,1,12.00000015,Lower Delivery,Loading,pitch.0,436929,-0.6339,-0.4049,0.5036,-0.0175,0.0132,0.0004,0.0,0.0
1779988771091,1,12.00000018,Upper Delivery,Loading,pitch.0,437787,-0.0223,0.0847,0.048,-0.0884,-0.0304,-0.0012,0.0,0.0
1779988771091,1,Pitching Mound.Delivery,,Loading,pitch.0,436628,-0.6562,-0.3202,0.5516,0.049,-0.0171,0.2072,0.0,0.0
1779988771091,1,Pitching Mound.Drive,,Loading,pitch.0,437197,-0.5399,11.7801,107.2193,82.2917,2.4007,10.2046,-0.003,0.1022
1779988771091,1,Pitching Mound.Parent,,Loading,pitch.0,436249,-1.1661,11.4409,107.6517,82.1369,2.5887,10.2556,-0.0032,0.103
1779988771092,1,11.0000004b,Drive,Loading,pitch.0,437198,-0.5824,11.7939,107.2373,82.4106,2.3285,10.345,-0.0029,0.1023
1779988771092,1,12.00000015,Lower Delivery,Loading,pitch.0,436930,-0.6234,-0.3659,0.5045,-0.0189,0.004,-0.0021,0.0,0.0
1779988771092,1,12.00000018,Upper Delivery,Loading,pitch.0,437788,-0.0215,0.0897,0.0254,-0.0884,-0.0304,-0.0012,0.0,0.0
1779988771092,1,Pitching Mound.Delivery,,Loading,pitch.0,436629,-0.6449,-0.2762,0.5298,0.0556,-0.0264,0.2013,0.0,0.0
1779988771092,1,Pitching Mound.Drive,,Loading,pitch.0,437198,-0.5824,11.7939,107.2373,82.4106,2.3285,10.345,-0.0029,0.1023
1779988771092,1,Pitching Mound.Parent,,Loading,pitch.0,436250,-1.1848,11.5039,107.7491,82.3473,2.3743,10.406,-0.003,0.1032
1779988771093,1,11.0000004b,Drive,Loading,pitch.0,437199,-0.6118,11.8108,107.2394,82.4364,2.1756,10.5268,-0.0027,0.1023
1779988771093,1,12.00000015,Lower Delivery,Loading,pitch.0,436931,-0.62,-0.3556,0.5071,-0.0157,0.0097,-0.0013,0.0,0.0
1779988771093,1,12.00000018,Upper Delivery,Loading,pitch.0,437789,-0.0391,0.0745,0.047,-0.0884,-0.0304,-0.0012,0.0,0.0
1779988771093,1,Pitching Mound.Delivery,,Loading,pitch.0,436630,-0.6591,-0.2811,0.5541,0.0523,-0.0207,0.195,0.0,0.0
1779988771093,1,Pitching Mound.Drive,,Loading,pitch.0,437199,-0.6118,11.8108,107.2394,82.4364,2.1756,10.5268,-0.0027,0.1023
1779988771093,1,Pitching Mound.Parent,,Loading,pitch.0,436251,-1.2415,11.5128,107.7914,82.463,2.3078,10.54,-0.0029,0.1032
1779988771094,1,11.0000004b,Drive,Loading,pitch.0,437200,-0.6488,11.8215,107.0842,82.5738,2.0218,10.6651,-0.0025,0.1027
1779988771094,1,12.00000015,Lower Delivery,Loading,pitch.0,436932,-0.5876,-0.3339,0.4711,-0.0105,0.0082,-0.0029,0.0,0.0
1779988771094,1,12.00000018,Upper Delivery,Loading,pitch.0,437790,-0.0305,0.0803,0.0477,-0.0884,-0.0304,-0.0012,0.0,0.0
1779988771094,1,Pitching Mound.Delivery,,Loading,pitch.0,436631,-0.6181,-0.2536,0.5188,0.0451,-0.0222,0.1853,0.0,0.0
1779988771094,1,Pitching Mound.Drive,,Loading,pitch.0,437200,-0.6488,11.8215,107.0842,82.5738,2.0218,10.6651,-0.0025,0.1027
1779988771094,1,Pitching Mound.Parent,,Loading,pitch.0,436252,-1.2299,11.5572,107.7582,82.4815,2.1534,10.7121,-0.0027,0.1032
1779988771095,1,11.0000004b,Drive,Loading,pitch.0,437201,-0.697,11.8312,107.1921,82.7076,1.9098,10.8111,-0.0024,0.1027
1779988771095,1,12.00000015,Lower Delivery,Loading,pitch.0,436933,-0.5447,-0.2754,0.452,-0.0166,0.004,-0.0076,0.0,0.0
1779988771095,1,12.00000018,Upper Delivery,Loading,pitch.0,437791,-0.0295,0.0821,0.0604,-0.0884,-0.0304,-0.0012,0.0,0.0
1779988771095,1,Pitching Mound.Delivery,,Loading,pitch.0,436632,-0.5741,-0.1933,0.5125,0.0282,-0.0264,0.1664,0.0,0.0
1779988771095,1,Pitching Mound.Drive,,Loading,pitch.0,437201,-0.697,11.8312,107.1921,82.7076,1.9098,10.8111,-0.0024,0.1027
1779988771095,1,Pitching Mound.Parent,,Loading,pitch.0,436253,-1.223,11.6282,107.5967,82.602,1.9954,10.8315,-0.0025,0.1034
1779988771096,1,11.0000004b,Drive,Loading,pitch.0,437202,-0.7204,11.8442,106.9546,82.7308,1.6239,10.9734,-0.002,0.103
1779988771096,1,12.00000015,Lower Delivery,Loading,pitch.0,436934,-0.5499,-0.2574,0.4628,-0.0204,-0.0028,-0.0069,0.0,0.0
1779988771096,1,12.00000018,Upper Delivery,Loading,pitch.0,437792,-0.0451,0.0706,0.0787,-0.0884,-0.0304,-0.0012,0.0,0.0
1779988771096,1,Pitching Mound.Delivery,,Loading,pitch.0,436633,-0.595,-0.1869,0.5416,0.0219,-0.0332,0.1635,0.0,0.0
1779988771096,1,Pitching Mound.Drive,,Loading,pitch.0,437202,-0.7204,11.8442,106.9546,82.7308,1.6239,10.9734,-0.002,0.103
1779988771096,1,Pitching Mound.Parent,,Loading,pitch.0,436254,-1.2919,11.6444,107.7337,82.7294,1.8766,10.9746,-0.0024,0.1034
1779988771097,1,11.0000004b,Drive,Loading,pitch.0,437203,-0.7625,11.8697,106.8964,82.8558,1.4462,11.068,-0.0018,0.1032
1779988771097,1,12.00000015,Lower Delivery,Loading,pitch.0,436935,-0.5512,-0.2364,0.4694,-0.022,-0.003,-0.0069,0.0,0.0
1779988771097,1,12.00000018,Upper Delivery,Loading,pitch.0,437793,-0.0463,0.0653,0.0852,-0.0884,-0.0304,-0.0012,0.0,0.0
1779988771097,1,Pitching Mound.Delivery,,Loading,pitch.0,436634,-0.5975,-0.1711,0.5546,0.0202,-0.0334,0.1636,0.0,0.0
1779988771097,1,Pitching Mound.Drive,,Loading,pitch.0,437203,-0.7625,11.8697,106.8964,82.8558,1.4462,11.068,-0.0018,0.1032
1779988771097,1,Pitching Mound.Parent,,Loading,pitch.0,436255,-1.3179,11.6731,107.5092,82.751,1.5906,11.137,-0.002,0.1037
1779988771098,1,11.0000004b,Drive,Loading,pitch.0,437204,-0.7676,11.8735,106.9898,82.9329,1.1997,11.2081,-0.0015,0.1032
1779988771098,1,12.00000015,Lower Delivery,Loading,pitch.0,436936,-0.534,-0.2233,0.466,-0.0212,-0.0032,-0.0071,0.0,0.0
1779988771098,1,12.00000018,Upper Delivery,Loading,pitch.0,437794,-0.0551,0.0585,0.0716,-0.0884,-0.0304,-0.0012,0.0,0.0
1779988771098,1,Pitching Mound.Delivery,,Loading,pitch.0,436635,-0.589,-0.1648,0.5376,0.0245,-0.0335,0.1545,0.0,0.0
1779988771098,1,Pitching Mound.Drive,,Loading,pitch.0,437204,-0.7676,11.8735,106.9898,82.9329,1.1997,11.2081,-0.0015,0.1032
1779988771098,1,Pitching Mound.Parent,,Loading,pitch.0,436256,-1.3515,11.7049,107.4341,82.8803,1.4126,11.2225,-0.0018,0.1039
1779988771099,1,11.0000004b,Drive,Loading,pitch.0,437205,-0.7962,11.8789,106.9444,82.9681,1.1012,11.3516,-0.0014,0.1033
1779988771099,1,12.00000015,Lower Delivery,Loading,pitch.0,436937,-0.5375,-0.2372,0.4567,-0.0226,-0.0057,-0.0082,0.0,0.0
1779988771099,1,12.00000018,Upper Delivery,Loading,pitch.0,437795,-0.0635,0.0517,0.0332,-0.0884,-0.0304,-0.0012,0.0,0.0
1779988771099,1,Pitching Mound.Delivery,,Loading,pitch.0,436636,-0.601,-0.1855,0.4899,0.0331,-0.0361,0.1518,0.0,0.0
1779988771099,1,Pitching Mound.Drive,,Loading,pitch.0,437205,-0.7962,11.8789,106.9444,82.9681,1.1012,11.3516,-0.0014,0.1033
1779988771099,1,Pitching Mound.Parent,,Loading,pitch.0,436257,-1.3686,11.688,107.4798,82.9659,1.1637,11.3599,-0.0015,0.1041
1779988771100,1,11.0000004b,Drive,Loading,pitch.0,437206,-0.8356,11.8672,106.8403,83.0603,0.8455,11.4711,-0.0011,0.1035
1779988771100,1,12.00000015,Lower Delivery,Loading,pitch.0,436938,-0.5379,-0.2188,0.4651,-0.0271,-0.0055,-0.0063,0.0,0.0
1779988771100,1,12.00000018,Upper Delivery,Loading,pitch.0,437796,-0.0606,0.0531,0.0067,-0.0884,-0.0304,-0.0012,0.0,0.0
1779988771100,1,Pitching Mound.Delivery,,Loading,pitch.0,436637,-0.5985,-0.1657,0.4718,0.0404,-0.0359,0.1548,0.0,0.0
1779988771100,1,Pitching Mound.Drive,,Loading,pitch.0,437206,-0.8356,11.8672,106.8403,83.0603,0.8455,11.4711,-0.0011,0.1035
1779988771100,1,Pitching Mound.Parent,,Loading,pitch.0,436258,-1.3946,11.7132,107.4162,83.0085,1.0653,11.5064,-0.0014,0.1043
1779988771101,1,11.0000004b,Drive,Loading,pitch.0,437207,-0.8578,11.8887,106.9285,83.1201,0.7121,11.6112,-0.0009,0.1035
1779988771101,1,12.00000015,Lower Delivery,Loading,pitch.0,436939,-0.5435,-0.2395,0.4621,-0.0139,0.0,-0.0065,0.0,0.0
1779988771101,1,12.00000018,Upper Delivery,Loading,pitch.0,437797,-0.0605,0.0544,0.0092,-0.0884,-0.0304,-0.0012,0.0,0.0
1779988771101,1,Pitching Mound.Delivery,,Loading,pitch.0,436638,-0.604,-0.1851,0.4713,0.0517,-0.0303,0.1565,0.0,0.0
1779988771101,1,Pitching Mound.Drive,,Loading,pitch.0,437207,-0.8578,11.8887,106.9285,83.1201,0.7121,11.6112,-0.0009,0.1035
1779988771101,1,Pitching Mound.Parent,,Loading,pitch.0,436259,-1.4396,11.682,107.3116,83.112,0.8152,11.6277,-0.001,0.1045
1779988771102,1,11.0000004b,Drive,Loading,pitch.0,437208,-0.8711,11.9094,106.8034,83.1251,0.4856,11.7415,-0.0006,0.1036
1779988771102,1,12.00000015,Lower Delivery,Loading,pitch.0,436940,-0.5302,-0.214,0.4431,-0.0264,-0.0136,-0.0091,0.0,0.0
1779988771102,1,12.00000018,Upper Delivery,Loading,pitch.0,437798,-0.063,0.0511,0.0166,-0.0884,-0.0304,-0.0012,0.0,0.0
1779988771102,1,Pitching Mound.Delivery,,Loading,pitch.0,436639,-0.5931,-0.1629,0.4597,0.0302,-0.0439,0.1486,0.0,0.0
1779988771102,1,Pitching Mound.Drive,,Loading,pitch.0,437208,-0.8711,11.9094,106.8034,83.1251,0.4856,11.7415,-0.0006,0.1036
1779988771102,1,Pitching Mound.Parent,,Loading,pitch.0,436260,-1.4509,11.7259,107.3882,83.1503,0.6681,11.7598,-0.0009,0.1044
1779988771103,1,11.0000004b,Drive,Loading,pitch.0,437209,-0.8957,11.9403,106.8961,83.1519,0.3009,11.8823,-0.0004,0.1036
1779988771103,1,12.00000015,Lower Delivery,Loading,pitch.0,436941,-0.5222,-0.2305,0.4293,-0.0202,-0.0073,-0.0081,0.0,0.0
1779988771103,1,12.00000018,Upper Delivery,Loading,pitch.0,437799,-0.0601,0.0462,0.0042,-0.0884,-0.0304,-0.0012,0.0,0.0
1779988771103,1,Pitching Mound.Delivery,,Loading,pitch.0,436640,-0.5823,-0.1843,0.4335,0.036,-0.0377,0.1478,0.0,0.0
1779988771103,1,Pitching Mound.Drive,,Loading,pitch.0,437209,-0.8957,11.9403,106.8961,83.1519,0.3009,11.8823,-0.0004,0.1036
1779988771103,1,Pitching Mound.Parent,,Loading,pitch.0,436261,-1.4534,11.725,107.2369,83.1611,0.4479,11.8893,-0.0006,0.1045
1779988771104,1,11.0000004b,Drive,Loading,pitch.0,437210,-0.9134,11.9573,106.7922,83.1714,0.1698,12.0138,-0.0002,0.1037
1779988771104,1,12.00000015,Lower Delivery,Loading,pitch.0,436942,-0.547,-0.2456,0.4518,-0.0126,0.0014,-0.0053,0.0,0.0
1779988771104,1,12.00000018,Upper Delivery,Loading,pitch.0,437800,-0.0632,0.0486,0.0222,-0.0884,-0.0304,-0.0012,0.0,0.0
1779988771104,1,Pitching Mound.Delivery,,Loading,pitch.0,436641,-0.6102,-0.197,0.474,0.0451,-0.0289,0.1579,0.0,0.0
1779988771104,1,Pitching Mound.Drive,,Loading,pitch.0,437210,-0.9134,11.9573,106.7922,83.1714,0.1698,12.0138,-0.0002,0.1037
1779988771104,1,Pitching Mound.Parent,,Loading,pitch.0,436262,-1.5059,11.7433,107.3701,83.1969,0.272,12.0403,-0.0004,0.1045
1779988771105,1,11.0000004b,Drive,Loading,pitch.0,437211,-0.952,11.9869,106.8356,83.1678,0.0591,12.146,-0.0001,0.1036
1779988771105,1,12.00000015,Lower Delivery,Loading,pitch.0,436943,-0.5576,-0.2627,0.4594,-0.0138,-0.0057,-0.005,0.0,0.0
1779988771105,1,12.00000018,Upper Delivery,Loading,pitch.0,437801,-0.061,0.0511,0.0081,-0.0884,-0.0304,-0.0012,0.0,0.0
1779988771105,1,12.00000018,Upper Delivery,Loading,pitch.0,437802,-0.0639,0.0488,0.0173,-0.0884,-0.0304,-0.0012,0.0,0.0
1779988771105,1,Pitching Mound.Delivery,,Loading,pitch.0,436642,-0.6186,-0.2115,0.4676,0.0513,-0.036,0.1627,0.0,0.0
1779988771105,1,Pitching Mound.Drive,,Loading,pitch.0,437211,-0.952,11.9869,106.8356,83.1678,0.0591,12.146,-0.0001,0.1036
1779988771105,1,Pitching Mound.Parent,,Loading,pitch.0,436263,-1.5321,11.7457,107.2598,83.2227,0.1337,12.1765,-0.0002,0.1047
1779988771106,1,11.0000004b,Drive,Loading,pitch.0,437212,-0.9772,12.0006,106.8044,83.199,-0.2857,12.3075,0.0004,0.1037
1779988771106,1,12.00000015,Lower Delivery,Loading,pitch.0,436944,-0.5807,-0.2809,0.4787,-0.0099,-0.007,-0.002,0.0,0.0
1779988771106,1,12.00000015,Lower Delivery,Loading,pitch.0,436945,-0.578,-0.2946,0.4695,-0.0084,-0.0023,-0.0026,0.0,0.0
1779988771106,1,12.00000018,Upper Delivery,Loading,pitch.0,437803,-0.0643,0.0497,0.026,-0.0884,-0.0304,-0.0012,0.0,0.0
1779988771106,1,Pitching Mound.Delivery,,Loading,pitch.0,436643,-0.6446,-0.2321,0.4959,0.0586,-0.0373,0.1725,0.0,0.0
1779988771106,1,Pitching Mound.Delivery,,Loading,pitch.0,436644,-0.6423,-0.2449,0.4956,0.054,-0.0327,0.1708,0.0,0.0
1779988771106,1,Pitching Mound.Drive,,Loading,pitch.0,437212,-0.9772,12.0006,106.8044,83.199,-0.2857,12.3075,0.0004,0.1037
1779988771106,1,Pitching Mound.Parent,,Loading,pitch.0,436264,-1.5966,11.7548,107.3315,83.2264,0.0218,12.3185,-0.0001,0.1046
1779988771106,1,Pitching Mound.Parent,,Loading,pitch.0,436265,-1.6196,11.7557,107.3,83.253,-0.3184,12.4784,0.0004,0.1046
1779988771107,1,11.0000004b,Drive,Loading,pitch.0,437213,-1.0153,12.0286,106.7387,83.1915,-0.4718,12.4625,0.0006,0.1038
1779988771107,1,12.00000015,Lower Delivery,Loading,pitch.0,436946,-0.5943,-0.3228,0.48,-0.0151,0.0026,-0.0026,0.0,0.0
1779988771107,1,Pitching Mound.Drive,,Loading,pitch.0,437213,-1.0153,12.0286,106.7387,83.1915,-0.4718,12.4625,0.0006,0.1038
1779988771108,1,11.0000004b,Drive,Loading,pitch.0,437214,-1.0499,12.0303,106.6384,83.1049,-0.6043,12.6362,0.0008,0.1037
1779988771108,1,12.00000015,Lower Delivery,Loading,pitch.0,436947,-0.563,-0.2902,0.4588,-0.0145,-0.0019,-0.0031,0.0,0.0
1779988771108,1,12.00000018,Upper Delivery,Loading,pitch.0,437804,-0.0616,0.0488,0.0176,-0.0884,-0.0304,-0.0012,0.0,0.0
1779988771108,1,Pitching Mound.Delivery,,Loading,pitch.0,436645,-0.6559,-0.274,0.4977,0.0538,-0.0277,0.1773,0.0,0.0
1779988771108,1,Pitching Mound.Drive,,Loading,pitch.0,437214,-1.0499,12.0303,106.6384,83.1049,-0.6043,12.6362,0.0008,0.1037
1779988771108,1,Pitching Mound.Parent,,Loading,pitch.0,436266,-1.6712,11.7546,107.2364,83.2453,-0.4996,12.6398,0.0006,0.1047
1779988771109,1,11.0000004b,Drive,Loading,pitch.0,437215,-1.0919,12.0601,106.5923,83.0008,-0.992,12.805,0.0012,0.1037
1779988771109,1,12.00000015,Lower Delivery,Loading,pitch.0,436948,-0.5866,-0.3043,0.4773,-0.0126,0.0,-0.0049,0.0,0.0
1779988771109,1,12.00000018,Upper Delivery,Loading,pitch.0,437805,-0.0578,0.0527,0.0019,-0.0884,-0.0304,-0.0012,0.0,0.0
1779988771109,1,Pitching Mound.Delivery,,Loading,pitch.0,436646,-0.6207,-0.2375,0.4607,0.0524,-0.0322,0.1675,0.0,0.0
1779988771109,1,Pitching Mound.Drive,,Loading,pitch.0,437215,-1.0919,12.0601,106.5923,83.0008,-0.992,12.805,0.0012,0.1037
1779988771109,1,Pitching Mound.Parent,,Loading,pitch.0,436267,-1.6707,11.7929,107.0991,83.1574,-0.6365,12.8037,0.0008,0.1048
1779988771110,1,11.0000004b,Drive,Loading,pitch.0,437216,-1.1593,12.0821,106.5186,82.9667,-1.2321,13.0018,0.0015,0.1037
1779988771110,1,12.00000015,Lower Delivery,Loading,pitch.0,436949,-0.5683,-0.2879,0.473,-0.0114,0.0013,-0.005,0.0,0.0
1779988771110,1,12.00000018,Upper Delivery,Loading,pitch.0,437806,-0.056,0.0537,0.0074,-0.0884,-0.0304,-0.0012,0.0,0.0
1779988771110,1,Pitching Mound.Delivery,,Loading,pitch.0,436647,-0.6426,-0.2506,0.4848,0.0588,-0.0303,0.1743,0.0,0.0
1779988771110,1,Pitching Mound.Drive,,Loading,pitch.0,437216,-1.1593,12.0821,106.5186,82.9667,-1.2321,13.0018,0.0015,0.1037
1779988771110,1,Pitching Mound.Parent,,Loading,pitch.0,436268,-1.7345,11.8095,107.0771,83.0596,-1.0223,12.9793,0.0012,0.1047
1779988771111,1,11.0000004b,Drive,Loading,pitch.0,437217,-1.231,12.104,106.3919,82.8515,-1.5572,13.1872,0.0019,0.1037
1779988771111,1,12.00000015,Lower Delivery,Loading,pitch.0,436950,-0.5552,-0.256,0.4739,-0.0042,0.0039,-0.0046,0.0,0.0
1779988771111,1,12.00000018,Upper Delivery,Loading,pitch.0,437807,-0.0539,0.0536,0.0099,-0.0884,-0.0304,-0.0012,0.0,0.0
1779988771111,1,12.00000018,Upper Delivery,Loading,pitch.0,437808,-0.0586,0.0496,0.0168,-0.0884,-0.0304,-0.0012,0.0,0.0
1779988771111,1,Pitching Mound.Delivery,,Loading,pitch.0,436648,-0.6222,-0.2343,0.4828,0.0577,-0.0291,0.1687,0.0,0.0
1779988771111,1,Pitching Mound.Delivery,,Loading,pitch.0,436649,-0.6138,-0.2064,0.4907,0.0628,-0.0265,0.1631,0.0,0.0
1779988771111,1,Pitching Mound.Drive,,Loading,pitch.0,437217,-1.231,12.104,106.3919,82.8515,-1.5572,13.1872,0.0019,0.1037
1779988771111,1,Pitching Mound.Parent,,Loading,pitch.0,436269,-1.7815,11.8478,107.0015,83.0245,-1.2612,13.1705,0.0015,0.1047
1779988771111,1,Pitching Mound.Parent,,Loading,pitch.0,436270,-1.8448,11.8976,106.8826,82.9143,-1.5837,13.3502,0.0019,0.1046
1779988771112,1,11.0000004b,Drive,Loading,pitch.0,437218,-1.3105,12.1193,106.275,82.7899,-1.8196,13.4078,0.0023,0.1037
1779988771112,1,12.00000015,Lower Delivery,Loading,pitch.0,436951,-0.5985,-0.2839,0.5112,-0.008,0.0041,-0.0051,0.0,0.0
1779988771112,1,Pitching Mound.Drive,,Loading,pitch.0,437218,-1.3105,12.1193,106.275,82.7899,-1.8196,13.4078,0.0023,0.1037
1779988771113,1,11.0000004b,Drive,Loading,pitch.0,437219,-1.3776,12.1254,106.2518,82.781,-2.1282,13.5913,0.0027,0.1037
1779988771113,1,12.00000015,Lower Delivery,Loading,pitch.0,436952,-0.619,-0.2733,0.5301,-0.0101,0.0024,-0.0054,0.0,0.0
1779988771113,1,12.00000018,Upper Delivery,Loading,pitch.0,437809,-0.0561,0.0531,0.0258,-0.0884,-0.0304,-0.0012,0.0,0.0
1779988771113,1,Pitching Mound.Delivery,,Loading,pitch.0,436650,-0.6546,-0.2308,0.537,0.0687,-0.0263,0.1782,0.0,0.0
1779988771113,1,Pitching Mound.Drive,,Loading,pitch.0,437219,-1.3776,12.1254,106.2518,82.781,-2.1282,13.5913,0.0027,0.1037
1779988771113,1,Pitching Mound.Parent,,Loading,pitch.0,436271,-1.9651,11.8886,106.812,82.8586,-1.8459,13.586,0.0023,0.1047
1779988771114,1,11.0000004b,Drive,Loading,pitch.0,437220,-1.4685,12.1277,106.0855,82.7391,-2.3643,13.7356,0.003,0.1038
1779988771114,1,12.00000015,Lower Delivery,Loading,pitch.0,436953,-0.6026,-0.2526,0.5299,-0.0095,0.0052,-0.0077,0.0,0.0
1779988771114,1,12.00000018,Upper Delivery,Loading,pitch.0,437810,-0.0551,0.0536,0.0287,-0.0884,-0.0304,-0.0012,0.0,0.0
1779988771114,1,Pitching Mound.Delivery,,Loading,pitch.0,436651,-0.6741,-0.2197,0.5588,0.072,-0.0279,0.1852,0.0,0.0
1779988771114,1,Pitching Mound.Drive,,Loading,pitch.0,437220,-1.4685,12.1277,106.0855,82.7391,-2.3643,13.7356,0.003,0.1038
1779988771114,1,Pitching Mound.Parent,,Loading,pitch.0,436272,-2.0517,11.9058,106.8106,82.853,-2.1561,13.7765,0.0027,0.1048
1779988771115,1,11.0000004b,Drive,Loading,pitch.0,437221,-1.5734,12.1401,105.8652,82.6373,-2.5287,13.9339,0.0032,0.1039
1779988771115,1,12.00000015,Lower Delivery,Loading,pitch.0,436954,-0.5673,-0.2375,0.4973,-0.0176,0.0024,-0.008,0.0,0.0
1779988771115,1,12.00000018,Upper Delivery,Loading,pitch.0,437811,-0.057,0.0516,0.0328,-0.0884,-0.0304,-0.0012,0.0,0.0
1779988771115,1,Pitching Mound.Delivery,,Loading,pitch.0,436652,-0.6596,-0.201,0.5627,0.0711,-0.0251,0.1766,0.0,0.0
1779988771115,1,Pitching Mound.Drive,,Loading,pitch.0,437221,-1.5734,12.1401,105.8652,82.6373,-2.5287,13.9339,0.0032,0.1039
1779988771115,1,Pitching Mound.Parent,,Loading,pitch.0,436273,-2.1281,11.9266,106.6481,82.8102,-2.3894,13.9121,0.003,0.1049
1779988771116,1,11.0000004b,Drive,Loading,pitch.0,437222,-1.6464,12.1639,105.6456,82.4978,-2.9241,14.1363,0.0037,0.104
1779988771116,1,12.00000015,Lower Delivery,Loading,pitch.0,436955,-0.5898,-0.2416,0.5293,-0.0279,0.0015,-0.0078,0.0,0.0
1779988771116,1,12.00000018,Upper Delivery,Loading,pitch.0,437812,-0.0561,0.0542,0.0363,-0.0884,-0.0304,-0.0012,0.0,0.0
1779988771116,1,Pitching Mound.Delivery,,Loading,pitch.0,436653,-0.6234,-0.1833,0.5336,0.0507,-0.028,0.1646,0.0,0.0
1779988771116,1,Pitching Mound.Drive,,Loading,pitch.0,437222,-1.6464,12.1639,105.6456,82.4978,-2.9241,14.1363,0.0037,0.104
1779988771116,1,Pitching Mound.Parent,,Loading,pitch.0,436274,-2.1968,11.9568,106.3988,82.688,-2.5567,14.0985,0.0032,0.1049
1779988771117,1,11.0000004b,Drive,Loading,pitch.0,437223,-1.7415,12.1843,105.631,82.4964,-3.1127,14.3368,0.0039,0.104
1779988771117,1,12.00000015,Lower Delivery,Loading,pitch.0,436956,-0.5582,-0.2023,0.5123,-0.0237,-0.0015,-0.0075,0.0,0.0
1779988771117,1,12.00000018,Upper Delivery,Loading,pitch.0,437813,-0.0581,0.0565,0.04,-0.0884,-0.0304,-0.0012,0.0,0.0
1779988771117,1,Pitching Mound.Delivery,,Loading,pitch.0,436654,-0.6479,-0.1851,0.5692,0.0501,-0.0288,0.1718,0.0,0.0
1779988771117,1,Pitching Mound.Drive,,Loading,pitch.0,437223,-1.7415,12.1843,105.631,82.4964,-3.1127,14.3368,0.0039,0.104
1779988771117,1,Pitching Mound.Parent,,Loading,pitch.0,436275,-2.2943,11.9788,106.2149,82.5479,-2.9529,14.3081,0.0037,0.105
1779988771118,1,11.0000004b,Drive,Loading,pitch.0,437224,-1.8183,12.1905,105.35,82.4244,-3.3221,14.494,0.0042,0.1042
1779988771118,1,12.00000015,Lower Delivery,Loading,pitch.0,436957,-0.5457,-0.1958,0.5039,-0.0164,-0.0059,-0.0053,0.0,0.0
1779988771118,1,12.00000018,Upper Delivery,Loading,pitch.0,437814,-0.0604,0.0549,0.0375,-0.0884,-0.0304,-0.0012,0.0,0.0
1779988771118,1,Pitching Mound.Delivery,,Loading,pitch.0,436655,-0.6185,-0.1474,0.5498,0.0494,-0.0319,0.1606,0.0,0.0
1779988771118,1,Pitching Mound.Drive,,Loading,pitch.0,437224,-1.8183,12.1905,105.35,82.4244,-3.3221,14.494,0.0042,0.1042
1779988771118,1,Pitching Mound.Parent,,Loading,pitch.0,436276,-2.36,12.0369,106.1808,82.5458,-3.1446,14.4974,0.0039,0.105
1779988771119,1,11.0000004b,Drive,Loading,pitch.0,437225,-1.9136,12.2107,105.1167,82.3007,-3.6393,14.703,0.0046,0.1042
1779988771119,1,12.00000015,Lower Delivery,Loading,pitch.0,436958,-0.5833,-0.191,0.5473,-0.017,-0.0084,-0.0066,0.0,0.0
1779988771119,1,12.00000018,Upper Delivery,Loading,pitch.0,437815,-0.0601,0.0519,0.0296,-0.0884,-0.0304,-0.0012,0.0,0.0
1779988771119,1,12.00000018,Upper Delivery,Loading,pitch.0,437816,-0.0627,0.0531,0.035,-0.0884,-0.0304,-0.0012,0.0,0.0
1779988771119,1,Pitching Mound.Delivery,,Loading,pitch.0,436656,-0.6059,-0.1439,0.5335,0.0564,-0.0363,0.1587,0.0,0.0
1779988771119,1,Pitching Mound.Delivery,,Loading,pitch.0,436657,-0.646,-0.1379,0.5823,0.0688,-0.0387,0.1692,0.0,0.0
1779988771119,1,Pitching Mound.Drive,,Loading,pitch.0,437225,-1.9136,12.2107,105.1167,82.3007,-3.6393,14.703,0.0046,0.1042
1779988771119,1,Pitching Mound.Parent,,Loading,pitch.0,436277,-2.4242,12.0466,105.8835,82.4808,-3.3584,14.6526,0.0042,0.1052
1779988771119,1,Pitching Mound.Parent,,Loading,pitch.0,436278,-2.5595,12.0728,105.699,82.3695,-3.6781,14.8722,0.0046,0.1053
1779988771120,1,11.0000004b,Drive,Loading,pitch.0,437226,-1.9994,12.2265,104.879,82.2414,-3.8543,14.8754,0.0049,0.1044
1779988771120,1,12.00000015,Lower Delivery,Loading,pitch.0,436959,-0.5441,-0.1793,0.5116,-0.0188,-0.0075,-0.0057,0.0,0.0
1779988771120,1,Pitching Mound.Drive,,Loading,pitch.0,437226,-1.9994,12.2265,104.879,82.2414,-3.8543,14.8754,0.0049,0.1044
1779988771121,1,11.0000004b,Drive,Loading,pitch.0,437227,-2.0865,12.2463,104.6025,82.0838,-4.3014,15.0399,0.0055,0.1045
1779988771121,1,12.00000015,Lower Delivery,Loading,pitch.0,436960,-0.5429,-0.1692,0.5023,-0.0336,-0.0162,-0.0067,0.0,0.0
1779988771121,1,12.00000018,Upper Delivery,Loading,pitch.0,437817,-0.0629,0.0574,0.0475,-0.0884,-0.0304,-0.0012,0.0,0.0
1779988771121,1,12.00000018,Upper Delivery,Loading,pitch.0,437818,-0.0583,0.0623,0.0428,-0.0884,-0.0304,-0.0012,0.0,0.0
1779988771121,1,Pitching Mound.Delivery,,Loading,pitch.0,436658,-0.6071,-0.1219,0.559,0.0507,-0.0378,0.1567,0.0,0.0
1779988771121,1,Pitching Mound.Delivery,,Loading,pitch.0,436659,-0.6012,-0.1069,0.5451,0.0343,-0.0466,0.1569,0.0,0.0
1779988771121,1,Pitching Mound.Drive,,Loading,pitch.0,437227,-2.0865,12.2463,104.6025,82.0838,-4.3014,15.0399,0.0055,0.1045
1779988771121,1,Pitching Mound.Parent,,Loading,pitch.0,436279,-2.6064,12.1046,105.438,82.2921,-3.8922,15.0322,0.0049,0.1053
1779988771121,1,Pitching Mound.Parent,,Loading,pitch.0,436280,-2.6877,12.1394,105.1476,82.1181,-4.348,15.1968,0.0054,0.1054
1779988771122,1,11.0000004b,Drive,Loading,pitch.0,437228,-2.1541,12.2673,104.3977,81.9892,-4.6252,15.2369,0.0059,0.1046
1779988771122,1,12.00000015,Lower Delivery,Loading,pitch.0,436961,-0.5971,-0.1946,0.5627,-0.036,-0.014,-0.0057,0.0,0.0
1779988771122,1,12.00000018,Upper Delivery,Loading,pitch.0,437819,-0.0441,0.0743,0.0679,-0.0884,-0.0304,-0.0012,0.0,0.0
1779988771122,1,Pitching Mound.Delivery,,Loading,pitch.0,436660,-0.6412,-0.1203,0.6306,0.0439,-0.0444,0.1811,0.0,0.0
1779988771122,1,Pitching Mound.Drive,,Loading,pitch.0,437228,-2.1541,12.2673,104.3977,81.9892,-4.6252,15.2369,0.0059,0.1046
1779988771122,1,Pitching Mound.Parent,,Loading,pitch.0,436281,-2.7954,12.147,105.0283,82.0331,-4.6696,15.418,0.0059,0.1055
1779988771123,1,11.0000004b,Drive,Loading,pitch.0,437229,-2.1994,12.2787,104.2055,81.8099,-5.0848,15.4073,0.0065,0.1045
1779988771123,1,12.00000015,Lower Delivery,Loading,pitch.0,436962,-0.5692,-0.1473,0.5516,-0.0389,-0.0209,-0.0057,0.0,0.0
1779988771123,1,12.00000018,Upper Delivery,Loading,pitch.0,437820,-0.0251,0.0892,0.0394,-0.0884,-0.0304,-0.0012,0.0,0.0
1779988771123,1,Pitching Mound.Delivery,,Loading,pitch.0,436661,-0.5943,-0.058,0.591,0.0468,-0.0512,0.1781,0.0,0.0
1779988771123,1,Pitching Mound.Drive,,Loading,pitch.0,437229,-2.1994,12.2787,104.2055,81.8099,-5.0848,15.4073,0.0065,0.1045
1779988771123,1,Pitching Mound.Parent,,Loading,pitch.0,436282,-2.7937,12.2206,104.7965,81.8567,-5.136,15.5854,0.0065,0.1056
1779988771124,1,11.0000004b,Drive,Loading,pitch.0,437230,-2.28,12.277,103.7608,81.5661,-5.4896,15.6111,0.007,0.1047
1779988771124,1,12.00000018,Upper Delivery,Loading,pitch.0,437821,-0.0135,0.0974,0.0574,-0.0884,-0.0304,-0.0012,0.0,0.0
1779988771124,1,Pitching Mound.Drive,,Loading,pitch.0,437230,-2.28,12.277,103.7608,81.5661,-5.4896,15.6111,0.007,0.1047
1779988771125,1,11.0000004b,Drive,Loading,pitch.0,437231,-2.3474,12.2818,103.4046,81.277,-5.9739,15.7882,0.0077,0.1046
1779988771125,1,12.00000015,Lower Delivery,Loading,pitch.0,436963,-0.58,-0.1414,0.5748,-0.0373,-0.0138,-0.0059,0.0,0.0
1779988771125,1,12.00000018,Upper Delivery,Loading,pitch.0,437822,-0.014,0.0958,0.056,-0.0884,-0.0304,-0.0012,0.0,0.0
1779988771125,1,Pitching Mound.Delivery,,Loading,pitch.0,436662,-0.5935,-0.044,0.6322,0.0502,-0.0442,0.1855,0.0,0.0
1779988771125,1,Pitching Mound.Drive,,Loading,pitch.0,437231,-2.3474,12.2818,103.4046,81.277,-5.9739,15.7882,0.0077,0.1046
1779988771125,1,Pitching Mound.Parent,,Loading,pitch.0,436283,-2.8735,12.2331,104.393,81.6163,-5.5337,15.7966,0.007,0.1057
1779988771126,1,11.0000004b,Drive,Loading,pitch.0,437232,-2.3936,12.3002,103.0027,81.0686,-6.3692,15.9833,0.0082,0.1048
1779988771126,1,12.00000015,Lower Delivery,Loading,pitch.0,436964,-0.5793,-0.1473,0.5538,-0.0419,-0.0221,-0.007,0.0,0.0
1779988771126,1,12.00000018,Upper Delivery,Loading,pitch.0,437823,-0.0054,0.1013,0.018,-0.0884,-0.0304,-0.0012,0.0,0.0
1779988771126,1,Pitching Mound.Delivery,,Loading,pitch.0,436663,-0.5934,-0.0515,0.6098,0.0389,-0.0524,0.184,0.0,0.0
1779988771126,1,Pitching Mound.Drive,,Loading,pitch.0,437232,-2.3936,12.3002,103.0027,81.0686,-6.3692,15.9833,0.0082,0.1048
1779988771126,1,Pitching Mound.Parent,,Loading,pitch.0,436284,-2.9408,12.2303,104.0144,81.3159,-6.0263,15.9722,0.0076,0.1057
1779988771127,1,11.0000004b,Drive,Loading,pitch.0,437233,-2.4436,12.2966,102.8205,80.8444,-6.5697,16.1493,0.0085,0.1047
1779988771127,1,12.00000015,Lower Delivery,Loading,pitch.0,436965,-0.5677,-0.1208,0.5601,-0.0373,-0.0176,-0.0057,0.0,0.0
1779988771127,1,12.00000018,Upper Delivery,Loading,pitch.0,437824,-0.0073,0.0966,0.046,-0.0884,-0.0304,-0.0012,0.0,0.0
1779988771127,1,Pitching Mound.Delivery,,Loading,pitch.0,436664,-0.5731,-0.0195,0.5781,0.0586,-0.048,0.1842,0.0,0.0
1779988771127,1,Pitching Mound.Drive,,Loading,pitch.0,437233,-2.4436,12.2966,102.8205,80.8444,-6.5697,16.1493,0.0085,0.1047
1779988771127,1,Pitching Mound.Parent,,Loading,pitch.0,436285,-2.9667,12.2808,103.5807,81.1273,-6.4171,16.1676,0.0082,0.106
1779988771128,1,11.0000004b,Drive,Loading,pitch.0,437234,-2.5035,12.2939,102.5705,80.6373,-6.8468,16.3374,0.0089,0.1047
1779988771128,1,12.00000015,Lower Delivery,Loading,pitch.0,436966,-0.5199,-0.092,0.5094,-0.0531,-0.0249,-0.006,0.0,0.0
1779988771128,1,12.00000018,Upper Delivery,Loading,pitch.0,437825,-0.0109,0.0931,0.0243,-0.0884,-0.0304,-0.0012,0.0,0.0
1779988771128,1,Pitching Mound.Delivery,,Loading,pitch.0,436665,-0.5271,0.0046,0.5554,0.0161,-0.0553,0.1671,0.0,0.0
1779988771128,1,Pitching Mound.Drive,,Loading,pitch.0,437234,-2.5035,12.2939,102.5705,80.6373,-6.8468,16.3374,0.0089,0.1047
1779988771128,1,Pitching Mound.Parent,,Loading,pitch.0,436286,-2.9707,12.3012,103.3759,80.8604,-6.6249,16.3164,0.0085,0.1056
1779988771129,1,11.0000004b,Drive,Loading,pitch.0,437235,-2.5755,12.3122,102.2755,80.4482,-7.307,16.4989,0.0095,0.1047
1779988771129,1,12.00000015,Lower Delivery,Loading,pitch.0,436967,-0.5526,-0.142,0.5024,-0.0717,-0.0294,-0.0063,0.0,0.0
1779988771129,1,12.00000018,Upper Delivery,Loading,pitch.0,437826,-0.0177,0.091,0.0477,-0.0884,-0.0304,-0.0012,0.0,0.0
1779988771129,1,Pitching Mound.Delivery,,Loading,pitch.0,436666,-0.5635,-0.0489,0.5268,0.0025,-0.0598,0.1767,0.0,0.0
1779988771129,1,Pitching Mound.Drive,,Loading,pitch.0,437235,-2.5755,12.3122,102.2755,80.4482,-7.307,16.4989,0.0095,0.1047
1779988771129,1,Pitching Mound.Parent,,Loading,pitch.0,436287,-3.067,12.245,103.0973,80.6398,-6.9066,16.514,0.0088,0.1057
1779988771130,1,11.0000004b,Drive,Loading,pitch.0,437236,-2.6428,12.3081,101.8721,80.1504,-7.4926,16.6596,0.0098,0.1047
1779988771130,1,12.00000015,Lower Delivery,Loading,pitch.0,436968,-0.5971,-0.1534,0.5309,-0.0722,-0.0303,-0.0072,0.0,0.0
1779988771130,1,12.00000018,Upper Delivery,Loading,pitch.0,437827,-0.0221,0.0892,0.0776,-0.0884,-0.0304,-0.0012,0.0,0.0
1779988771130,1,Pitching Mound.Delivery,,Loading,pitch.0,436667,-0.6148,-0.0623,0.5786,0.0038,-0.0606,0.1885,0.0,0.0
1779988771130,1,Pitching Mound.Drive,,Loading,pitch.0,437236,-2.6428,12.3081,101.8721,80.1504,-7.4926,16.6596,0.0098,0.1047
1779988771130,1,Pitching Mound.Parent,,Loading,pitch.0,436288,-3.1903,12.2499,102.8541,80.452,-7.3676,16.6874,0.0095,0.1057
1779988771131,1,11.0000004b,Drive,Loading,pitch.0,437237,-2.6988,12.3146,101.5528,79.8618,-7.8539,16.8618,0.0103,0.1047
1779988771131,1,12.00000015,Lower Delivery,Loading,pitch.0,436969,-0.569,-0.1378,0.5112,-0.082,-0.0303,-0.0056,0.0,0.0
1779988771131,1,12.00000018,Upper Delivery,Loading,pitch.0,437828,-0.0367,0.0763,0.0485,-0.0884,-0.0304,-0.0012,0.0,0.0
1779988771131,1,Pitching Mound.Delivery,,Loading,pitch.0,436668,-0.5911,-0.0486,0.5888,-0.023,-0.0607,0.1791,0.0,0.0
1779988771131,1,Pitching Mound.Drive,,Loading,pitch.0,437237,-2.6988,12.3146,101.5528,79.8618,-7.8539,16.8618,0.0103,0.1047
1779988771131,1,Pitching Mound.Parent,,Loading,pitch.0,436289,-3.2339,12.2596,102.4609,80.1275,-7.5532,16.8387,0.0097,0.1056
1779988771132,1,11.0000004b,Drive,Loading,pitch.0,437238,-2.7563,12.3207,101.4231,79.6717,-8.134,17.0441,0.0107,0.1046
1779988771132,1,12.00000015,Lower Delivery,Loading,pitch.0,436971,-0.6022,-0.1367,0.5579,-0.0836,-0.0147,-0.0052,0.0,0.0
1779988771132,1,12.00000015,Lower Delivery,Loading,pitch.0,436970,-0.5976,-0.1462,0.5481,-0.079,-0.0246,-0.007,0.0,0.0
1779988771132,1,12.00000018,Upper Delivery,Loading,pitch.0,437829,-0.0478,0.0635,0.0658,-0.0884,-0.0304,-0.0012,0.0,0.0
1779988771132,1,Pitching Mound.Delivery,,Loading,pitch.0,436669,-0.6343,-0.07,0.5965,0.0025,-0.055,0.1824,0.0,0.0
1779988771132,1,Pitching Mound.Delivery,,Loading,pitch.0,436670,-0.65,-0.0732,0.6237,-0.0047,-0.0451,0.1821,0.0,0.0
1779988771132,1,Pitching Mound.Drive,,Loading,pitch.0,437238,-2.7563,12.3207,101.4231,79.6717,-8.134,17.0441,0.0107,0.1046
1779988771132,1,Pitching Mound.Parent,,Loading,pitch.0,436291,-3.4063,12.2475,102.0468,79.667,-8.1791,17.2262,0.0106,0.1056
1779988771132,1,Pitching Mound.Parent,,Loading,pitch.0,436290,-3.333,12.2446,102.1493,79.8643,-7.9088,17.0443,0.0102,0.1057
1779988771133,1,11.0000004b,Drive,Loading,pitch.0,437239,-2.8217,12.324,101.2024,79.4286,-8.5057,17.2057,0.0112,0.1045
1779988771133,1,12.00000018,Upper Delivery,Loading,pitch.0,437830,-0.0452,0.0629,0.0588,-0.0884,-0.0304,-0.0012,0.0,0.0
1779988771133,1,Pitching Mound.Drive,,Loading,pitch.0,437239,-2.8217,12.324,101.2024,79.4286,-8.5057,17.2057,0.0112,0.1045
1779988771134,1,11.0000004b,Drive,Loading,pitch.0,437240,-2.9075,12.3577,101.099,79.2172,-8.6718,17.4088,0.0114,0.1043
1779988771134,1,12.00000015,Lower Delivery,Loading,pitch.0,436972,-0.5964,-0.1437,0.5398,-0.0873,-0.0153,-0.0027,0.0,0.0
1779988771134,1,12.00000018,Upper Delivery,Loading,pitch.0,437831,-0.0511,0.0594,0.0242,-0.0884,-0.0304,-0.0012,0.0,0.0
1779988771134,1,Pitching Mound.Delivery,,Loading,pitch.0,436671,-0.6417,-0.0808,0.5985,-0.0121,-0.0456,0.1835,0.0,0.0
1779988771134,1,Pitching Mound.Drive,,Loading,pitch.0,437240,-2.9075,12.3577,101.099,79.2172,-8.6718,17.4088,0.0114,0.1043
1779988771134,1,Pitching Mound.Parent,,Loading,pitch.0,436292,-3.4634,12.2432,101.801,79.4165,-8.5513,17.3892,0.0111,0.1055
1779988771135,1,11.0000004b,Drive,Loading,pitch.0,437241,-2.9651,12.368,100.8285,79.0589,-9.0869,17.5459,0.012,0.1044
1779988771135,1,12.00000015,Lower Delivery,Loading,pitch.0,436973,-0.6107,-0.168,0.5515,-0.0839,-0.01,-0.0028,0.0,0.0
1779988771135,1,12.00000015,Lower Delivery,Loading,pitch.0,436974,-0.6143,-0.1833,0.5404,-0.076,-0.0068,-0.0031,0.0,0.0
1779988771135,1,12.00000018,Upper Delivery,Loading,pitch.0,437832,-0.0584,0.0448,0.0275,-0.0884,-0.0304,-0.0012,0.0,0.0
1779988771135,1,Pitching Mound.Delivery,,Loading,pitch.0,436672,-0.6619,-0.1086,0.5757,0.007,-0.0404,0.1863,0.0,0.0
1779988771135,1,Pitching Mound.Delivery,,Loading,pitch.0,436673,-0.6727,-0.1386,0.5679,0.01,-0.0372,0.1847,0.0,0.0
1779988771135,1,Pitching Mound.Drive,,Loading,pitch.0,437241,-2.9651,12.368,100.8285,79.0589,-9.0869,17.5459,0.012,0.1044
1779988771135,1,Pitching Mound.Parent,,Loading,pitch.0,436293,-3.5693,12.2491,101.6747,79.2242,-8.7122,17.5951,0.0114,0.1055
1779988771135,1,Pitching Mound.Parent,,Loading,pitch.0,436294,-3.6378,12.2294,101.3965,79.0689,-9.1241,17.7306,0.0119,0.1055
1779988771136,1,11.0000004b,Drive,Loading,pitch.0,437242,-3.0253,12.385,100.6383,78.8778,-9.5277,17.7041,0.0126,0.1043
1779988771136,1,12.00000015,Lower Delivery,Loading,pitch.0,436975,-0.5937,-0.1822,0.5311,-0.0818,-0.0053,-0.0031,0.0,0.0
1779988771136,1,12.00000018,Upper Delivery,Loading,pitch.0,437833,-0.0555,0.0521,0.014,-0.0884,-0.0304,-0.0012,0.0,0.0
1779988771136,1,Pitching Mound.Delivery,,Loading,pitch.0,436674,-0.6492,-0.1302,0.5451,0.0057,-0.0357,0.1787,0.0,0.0
1779988771136,1,Pitching Mound.Drive,,Loading,pitch.0,437242,-3.0253,12.385,100.6383,78.8778,-9.5277,17.7041,0.0126,0.1043
1779988771136,1,Pitching Mound.Parent,,Loading,pitch.0,436295,-3.6745,12.2549,101.1833,78.8835,-9.5634,17.8828,0.0125,0.1055
1779988771137,1,11.0000004b,Drive,Loading,pitch.0,437243,-3.088,12.3909,100.4136,78.6733,-9.8495,17.8768,0.0131,0.1043
1779988771137,1,12.00000015,Lower Delivery,Loading,pitch.0,436976,-0.5755,-0.2215,0.5023,-0.0831,-0.0013,-0.0036,0.0,0.0
1779988771137,1,12.00000018,Upper Delivery,Loading,pitch.0,437834,-0.0554,0.0416,0.0233,-0.0884,-0.0304,-0.0012,0.0,0.0
1779988771137,1,Pitching Mound.Delivery,,Loading,pitch.0,436675,-0.6309,-0.1799,0.5256,-0.0086,-0.0316,0.172,0.0,0.0
1779988771137,1,Pitching Mound.Drive,,Loading,pitch.0,437243,-3.088,12.3909,100.4136,78.6733,-9.8495,17.8768,0.0131,0.1043
1779988771137,1,Pitching Mound.Parent,,Loading,pitch.0,436296,-3.7189,12.211,100.9392,78.6648,-9.8811,18.0488,0.013,0.1054
1779988771138,1,11.0000004b,Drive,Loading,pitch.0,437244,-3.1571,12.4106,99.9936,78.432,-10.4352,18.0236,0.0139,0.1044
1779988771138,1,12.00000015,Lower Delivery,Loading,pitch.0,436977,-0.547,-0.2609,0.4577,-0.0655,0.012,-0.0033,0.0,0.0
1779988771138,1,12.00000018,Upper Delivery,Loading,pitch.0,437835,-0.0547,0.0528,0.0066,-0.0884,-0.0304,-0.0012,0.0,0.0
1779988771138,1,Pitching Mound.Delivery,,Loading,pitch.0,436676,-0.6018,-0.2081,0.4643,-0.0005,-0.0183,0.1629,0.0,0.0
1779988771138,1,Pitching Mound.Drive,,Loading,pitch.0,437244,-3.1571,12.4106,99.9936,78.432,-10.4352,18.0236,0.0139,0.1044
1779988771138,1,Pitching Mound.Parent,,Loading,pitch.0,436297,-3.7588,12.2025,100.4579,78.4315,-10.4536,18.1866,0.0138,0.1055
1779988771139,1,11.0000004b,Drive,Loading,pitch.0,437245,-3.2352,12.4388,99.623,78.1137,-10.9845,18.1896,0.0147,0.1044
1779988771139,1,12.00000015,Lower Delivery,Loading,pitch.0,436978,-0.5306,-0.2412,0.4826,-0.0651,0.0177,-0.0022,0.0,0.0
1779988771139,1,12.00000018,Upper Delivery,Loading,pitch.0,437836,-0.0528,0.0498,0.0203,-0.0884,-0.0304,-0.0012,0.0,0.0
1779988771139,1,Pitching Mound.Delivery,,Loading,pitch.0,436677,-0.5834,-0.1914,0.5028,0.0038,-0.0127,0.159,0.0,0.0
1779988771139,1,Pitching Mound.Drive,,Loading,pitch.0,437245,-3.2352,12.4388,99.623,78.1137,-10.9845,18.1896,0.0147,0.1044
1779988771139,1,Pitching Mound.Parent,,Loading,pitch.0,436298,-3.8186,12.2474,100.1258,78.1175,-10.9972,18.3486,0.0146,0.1054
1779988771140,1,11.0000004b,Drive,Loading,pitch.0,437246,-3.2831,12.4748,99.2691,77.8255,-11.3871,18.3275,0.0153,0.1044
1779988771140,1,12.00000015,Lower Delivery,Loading,pitch.0,436979,-0.5184,-0.2434,0.4695,-0.0692,0.0101,-0.0049,0.0,0.0
1779988771140,1,12.00000018,Upper Delivery,Loading,pitch.0,437837,-0.0535,0.0555,0.0102,-0.0884,-0.0304,-0.0012,0.0,0.0
1779988771140,1,Pitching Mound.Delivery,,Loading,pitch.0,436678,-0.5719,-0.1879,0.4797,-0.0014,-0.0203,0.152,0.0,0.0
1779988771140,1,Pitching Mound.Drive,,Loading,pitch.0,437246,-3.2831,12.4748,99.2691,77.8255,-11.3871,18.3275,0.0153,0.1044
1779988771140,1,Pitching Mound.Parent,,Loading,pitch.0,436299,-3.855,12.2869,99.7488,77.824,-11.4074,18.4795,0.0152,0.1054
1779988771141,1,11.0000004b,Drive,Loading,pitch.0,437247,-3.3292,12.484,99.2,77.7454,-11.7534,18.432,0.0158,0.1043
1779988771141,1,12.00000015,Lower Delivery,Loading,pitch.0,436980,-0.5608,-0.2388,0.5367,-0.0536,0.0108,-0.0044,0.0,0.0
1779988771141,1,12.00000018,Upper Delivery,Loading,pitch.0,437838,-0.0536,0.0553,0.0125,-0.0884,-0.0304,-0.0012,0.0,0.0
1779988771141,1,Pitching Mound.Delivery,,Loading,pitch.0,436679,-0.6144,-0.1835,0.5493,0.0363,-0.0195,0.1669,0.0,0.0
1779988771141,1,Pitching Mound.Drive,,Loading,pitch.0,437247,-3.3292,12.484,99.2,77.7454,-11.7534,18.432,0.0158,0.1043
1779988771141,1,Pitching Mound.Parent,,Loading,pitch.0,436300,-3.9436,12.3005,99.7493,77.7816,-11.773,18.5989,0.0157,0.1055
1779988771142,1,11.0000004b,Drive,Loading,pitch.0,437248,-3.3698,12.5161,98.8241,77.434,-12.2534,18.5806,0.0165,0.1043
1779988771142,1,12.00000015,Lower Delivery,Loading,pitch.0,436981,-0.5725,-0.2463,0.5573,-0.0605,0.0118,-0.0023,0.0,0.0
1779988771142,1,12.00000018,Upper Delivery,Loading,pitch.0,437839,-0.0531,0.0566,0.0019,-0.0884,-0.0304,-0.0012,0.0,0.0
1779988771142,1,Pitching Mound.Delivery,,Loading,pitch.0,436680,-0.6256,-0.1896,0.5591,0.04,-0.0185,0.1731,0.0,0.0
1779988771142,1,Pitching Mound.Drive,,Loading,pitch.0,437248,-3.3698,12.5161,98.8241,77.434,-12.2534,18.5806,0.0165,0.1043
1779988771142,1,Pitching Mound.Parent,,Loading,pitch.0,436301,-3.9954,12.3264,99.3833,77.4739,-12.272,18.7537,0.0164,0.1056
1779988771143,1,11.0000004b,Drive,Loading,pitch.0,437249,-3.4418,12.5322,98.4156,77.107,-12.6342,18.7362,0.0171,0.1043
1779988771143,1,12.00000015,Lower Delivery,Loading,pitch.0,436982,-0.6024,-0.2609,0.5938,-0.0574,0.0089,-0.0022,0.0,0.0
1779988771143,1,12.00000018,Upper Delivery,Loading,pitch.0,437840,-0.052,0.0538,-0.0011,-0.0884,-0.0304,-0.0012,0.0,0.0
1779988771143,1,Pitching Mound.Delivery,,Loading,pitch.0,436681,-0.6544,-0.207,0.5926,0.0565,-0.0215,0.1837,0.0,0.0
1779988771143,1,Pitching Mound.Drive,,Loading,pitch.0,437249,-3.4418,12.5322,98.4156,77.107,-12.6342,18.7362,0.0171,0.1043
1779988771143,1,Pitching Mound.Parent,,Loading,pitch.0,436302,-4.0962,12.3252,99.0082,77.1635,-12.6556,18.92,0.017,0.1057
1779988771144,1,11.0000004b,Drive,Loading,pitch.0,437250,-3.4946,12.5559,98.0284,76.7484,-12.9372,18.8664,0.0176,0.1042
1779988771144,1,12.00000015,Lower Delivery,Loading,pitch.0,436983,-0.5766,-0.2697,0.5317,-0.0616,0.0047,-0.0011,0.0,0.0
1779988771144,1,12.00000018,Upper Delivery,Loading,pitch.0,437841,-0.0517,0.0547,0.0062,-0.0884,-0.0304,-0.0012,0.0,0.0
1779988771144,1,Pitching Mound.Delivery,,Loading,pitch.0,436682,-0.6283,-0.215,0.5378,0.0287,-0.0256,0.1762,0.0,0.0
1779988771144,1,Pitching Mound.Drive,,Loading,pitch.0,437250,-3.4946,12.5559,98.0284,76.7484,-12.9372,18.8664,0.0176,0.1042
1779988771144,1,Pitching Mound.Parent,,Loading,pitch.0,436303,-4.123,12.3409,98.5663,76.7771,-12.9628,19.0426,0.0175,0.1055
1779988771145,1,11.0000004b,Drive,Loading,pitch.0,437251,-3.5383,12.5878,97.7066,76.5361,-13.222,18.9995,0.018,0.1043
1779988771145,1,12.00000015,Lower Delivery,Loading,pitch.0,436984,-0.5714,-0.2368,0.5703,-0.0648,0.0048,-0.0001,0.0,0.0
1779988771145,1,12.00000018,Upper Delivery,Loading,pitch.0,437842,-0.0507,0.0542,0.0132,-0.0884,-0.0304,-0.0012,0.0,0.0
1779988771145,1,Pitching Mound.Delivery,,Loading,pitch.0,436683,-0.6221,-0.1826,0.5835,0.0363,-0.0256,0.1758,0.0,0.0
1779988771145,1,Pitching Mound.Drive,,Loading,pitch.0,437251,-3.5383,12.5878,97.7066,76.5361,-13.222,18.9995,0.018,0.1043
1779988771145,1,Pitching Mound.Parent,,Loading,pitch.0,436304,-4.1604,12.4052,98.2901,76.5724,-13.2476,19.1753,0.0179,0.1056
1779988771146,1,11.0000004b,Drive,Loading,pitch.0,437252,-3.5779,12.6207,97.3393,76.1653,-13.4825,19.1421,0.0184,0.1042
1779988771146,1,12.00000015,Lower Delivery,Loading,pitch.0,436985,-0.5642,-0.2112,0.5284,-0.0726,0.0042,0.0037,0.0,0.0
1779988771146,1,12.00000018,Upper Delivery,Loading,pitch.0,437843,-0.0513,0.0513,0.0027,-0.0884,-0.0304,-0.0012,0.0,0.0
1779988771146,1,Pitching Mound.Delivery,,Loading,pitch.0,436684,-0.6155,-0.1599,0.5311,0.0178,-0.0262,0.1769,0.0,0.0
1779988771146,1,Pitching Mound.Drive,,Loading,pitch.0,437252,-3.5779,12.6207,97.3393,76.1653,-13.4825,19.1421,0.0184,0.1042
1779988771146,1,Pitching Mound.Parent,,Loading,pitch.0,436305,-4.1933,12.4608,97.8704,76.1831,-13.5087,19.319,0.0183,0.1054
1779988771147,1,11.0000004b,Drive,Loading,pitch.0,437253,-3.6147,12.6491,97.0492,75.9317,-13.6697,19.2474,0.0188,0.1042
1779988771147,1,12.00000015,Lower Delivery,Loading,pitch.0,436986,-0.5647,-0.1909,0.5303,-0.0758,0.0053,0.0049,0.0,0.0
1779988771147,1,12.00000018,Upper Delivery,Loading,pitch.0,437844,-0.0515,0.0526,0.0008,-0.0884,-0.0304,-0.0012,0.0,0.0
1779988771147,1,Pitching Mound.Delivery,,Loading,pitch.0,436685,-0.6162,-0.1383,0.531,0.0159,-0.0251,0.1782,0.0,0.0
1779988771147,1,Pitching Mound.Drive,,Loading,pitch.0,437253,-3.6147,12.6491,97.0492,75.9317,-13.6697,19.2474,0.0188,0.1042
1779988771147,1,Pitching Mound.Parent,,Loading,pitch.0,436306,-4.2309,12.5108,97.5802,75.9476,-13.6948,19.4256,0.0186,0.1054
1779988771148,1,11.0000004b,Drive,Loading,pitch.0,437254,-3.6548,12.6738,96.8521,75.6519,-13.7666,19.3727,0.0189,0.104
1779988771148,1,12.00000015,Lower Delivery,Loading,pitch.0,436987,-0.633,-0.2226,0.5772,-0.0759,0.0001,0.0032,0.0,0.0
1779988771148,1,12.00000018,Upper Delivery,Loading,pitch.0,437845,-0.0463,0.0595,0.0189,-0.0884,-0.0304,-0.0012,0.0,0.0
1779988771148,1,Pitching Mound.Delivery,,Loading,pitch.0,436686,-0.6793,-0.1631,0.5961,0.0256,-0.0302,0.2014,0.0,0.0
1779988771148,1,Pitching Mound.Drive,,Loading,pitch.0,437254,-3.6548,12.6738,96.8521,75.6519,-13.7666,19.3727,0.0189,0.104
1779988771148,1,Pitching Mound.Parent,,Loading,pitch.0,436307,-4.3342,12.5107,97.4482,75.6775,-13.7968,19.5741,0.0188,0.1053
1779988771149,1,11.0000004b,Drive,Loading,pitch.0,437255,-3.6908,12.6968,96.5614,75.3964,-13.7148,19.4801,0.0189,0.1039
1779988771149,1,12.00000015,Lower Delivery,Loading,pitch.0,436988,-0.623,-0.2187,0.5619,-0.0951,-0.0037,0.0009,0.0,0.0
1779988771149,1,12.00000018,Upper Delivery,Loading,pitch.0,437846,-0.0525,0.05,0.0003,-0.0884,-0.0304,-0.0012,0.0,0.0
1779988771149,1,Pitching Mound.Delivery,,Loading,pitch.0,436687,-0.6755,-0.1687,0.5621,0.0074,-0.0341,0.1937,0.0,0.0
1779988771149,1,Pitching Mound.Drive,,Loading,pitch.0,437255,-3.6908,12.6968,96.5614,75.3964,-13.7148,19.4801,0.0189,0.1039
1779988771149,1,Pitching Mound.Parent,,Loading,pitch.0,436308,-4.3664,12.5281,97.1235,75.4038,-13.7489,19.6738,0.0188,0.1053
1779988771150,1,11.0000004b,Drive,Loading,pitch.0,437256,-3.6968,12.7264,96.3182,75.1586,-14.0098,19.5845,0.0194,0.1039
1779988771150,1,12.00000015,Lower Delivery,Loading,pitch.0,436989,-0.6505,-0.2482,0.562,-0.0896,0.0004,0.0009,0.0,0.0
1779988771150,1,12.00000018,Upper Delivery,Loading,pitch.0,437847,-0.0513,0.0502,-0.0001,-0.0884,-0.0304,-0.0012,0.0,0.0
1779988771150,1,Pitching Mound.Delivery,,Loading,pitch.0,436688,-0.7018,-0.198,0.5619,0.0131,-0.03,0.2035,0.0,0.0
1779988771150,1,Pitching Mound.Drive,,Loading,pitch.0,437256,-3.6968,12.7264,96.3182,75.1586,-14.0098,19.5845,0.0194,0.1039
1779988771150,1,Pitching Mound.Parent,,Loading,pitch.0,436309,-4.3986,12.5284,96.8801,75.1717,-14.0398,19.788,0.0193,0.1053
1779988771151,1,11.0000004b,Drive,Loading,pitch.0,437257,-3.7485,12.7734,96.0038,74.9541,-14.0872,19.695,0.0195,0.1039
1779988771151,1,12.00000015,Lower Delivery,Loading,pitch.0,436990,-0.6205,-0.2514,0.5115,-0.0906,-0.0101,-0.0001,0.0,0.0
1779988771151,1,12.00000018,Upper Delivery,Loading,pitch.0,437848,-0.0523,0.048,0.0007,-0.0884,-0.0304,-0.0012,0.0,0.0
1779988771151,1,Pitching Mound.Delivery,,Loading,pitch.0,436689,-0.6729,-0.2034,0.5122,-0.0053,-0.0404,0.1919,0.0,0.0
1779988771151,1,Pitching Mound.Drive,,Loading,pitch.0,437257,-3.7485,12.7734,96.0038,74.9541,-14.0872,19.695,0.0195,0.1039
1779988771151,1,Pitching Mound.Parent,,Loading,pitch.0,436310,-4.4214,12.57,96.516,74.9488,-14.1276,19.8869,0.0194,0.1052
1779988771152,1,11.0000004b,Drive,Loading,pitch.0,437258,-3.8048,12.7913,95.7023,74.7266,-14.1268,19.8428,0.0197,0.1039
1779988771152,1,12.00000015,Lower Delivery,Loading,pitch.0,436991,-0.574,-0.2426,0.4685,-0.0894,-0.0132,-0.0012,0.0,0.0
1779988771152,1,12.00000018,Upper Delivery,Loading,pitch.0,437849,-0.0525,0.0538,0.0055,-0.0884,-0.0304,-0.0012,0.0,0.0
1779988771152,1,Pitching Mound.Delivery,,Loading,pitch.0,436690,-0.6265,-0.1889,0.474,-0.0203,-0.0436,0.1749,0.0,0.0
1779988771152,1,Pitching Mound.Drive,,Loading,pitch.0,437258,-3.8048,12.7913,95.7023,74.7266,-14.1268,19.8428,0.0197,0.1039
1779988771152,1,Pitching Mound.Parent,,Loading,pitch.0,436311,-4.4313,12.6024,96.1763,74.7063,-14.1704,20.0177,0.0196,0.1051
1779988771153,1,11.0000004b,Drive,Loading,pitch.0,437259,-3.8372,12.8053,95.4424,74.4675,-14.1987,19.9808,0.0198,0.1039
1779988771153,1,12.00000015,Lower Delivery,Loading,pitch.0,436992,-0.5615,-0.2364,0.4407,-0.0875,-0.0217,-0.0033,0.0,0.0
1779988771153,1,12.00000018,Upper Delivery,Loading,pitch.0,437850,-0.0538,0.0504,0.0039,-0.0884,-0.0304,-0.0012,0.0,0.0
1779988771153,1,Pitching Mound.Delivery,,Loading,pitch.0,436691,-0.6153,-0.186,0.4445,-0.0273,-0.0521,0.1681,0.0,0.0
1779988771153,1,Pitching Mound.Drive,,Loading,pitch.0,437259,-3.8372,12.8053,95.4424,74.4675,-14.1987,19.9808,0.0198,0.1039
1779988771153,1,Pitching Mound.Parent,,Loading,pitch.0,436312,-4.4525,12.6193,95.8869,74.4402,-14.2508,20.1489,0.0197,0.1049
1779988771154,1,11.0000004b,Drive,Loading,pitch.0,437260,-3.8907,12.8309,95.191,74.2171,-14.3441,20.0988,0.0201,0.1038
1779988771154,1,12.00000015,Lower Delivery,Loading,pitch.0,436993,-0.5827,-0.2159,0.4806,-0.0809,-0.0171,-0.0042,0.0,0.0
1779988771154,1,12.00000018,Upper Delivery,Loading,pitch.0,437851,-0.0516,0.0593,0.0048,-0.0884,-0.0304,-0.0012,0.0,0.0
1779988771154,1,Pitching Mound.Delivery,,Loading,pitch.0,436692,-0.6343,-0.1567,0.4854,-0.0075,-0.0475,0.1752,0.0,0.0
1779988771154,1,Pitching Mound.Drive,,Loading,pitch.0,437260,-3.8907,12.8309,95.191,74.2171,-14.3441,20.0988,0.0201,0.1038
1779988771154,1,Pitching Mound.Parent,,Loading,pitch.0,436313,-4.525,12.6742,95.6763,74.2096,-14.3916,20.274,0.02,0.105
1779988771155,1,11.0000004b,Drive,Loading,pitch.0,437261,-3.9203,12.8668,94.7965,73.9586,-14.5868,20.2172,0.0205,0.1039
1779988771155,1,12.00000015,Lower Delivery,Loading,pitch.0,436994,-0.6249,-0.2683,0.5014,-0.0832,-0.0277,-0.0085,0.0,0.0
1779988771155,1,12.00000018,Upper Delivery,Loading,pitch.0,437852,-0.0527,0.0602,0.0173,-0.0884,-0.0304,-0.0012,0.0,0.0
1779988771155,1,Pitching Mound.Delivery,,Loading,pitch.0,436693,-0.6776,-0.2081,0.5186,-0.007,-0.0581,0.1848,0.0,0.0
1779988771155,1,Pitching Mound.Drive,,Loading,pitch.0,437261,-3.9203,12.8668,94.7965,73.9586,-14.5868,20.2172,0.0205,0.1039
1779988771155,1,Pitching Mound.Parent,,Loading,pitch.0,436314,-4.5979,12.6586,95.3151,73.9516,-14.6448,20.402,0.0204,0.105
1779988771156,1,11.0000004b,Drive,Loading,pitch.0,437262,-3.9609,12.885,94.668,73.7454,-14.874,20.3243,0.0209,0.1037
1779988771156,1,12.00000015,Lower Delivery,Loading,pitch.0,436995,-0.605,-0.253,0.4861,-0.0825,-0.0271,-0.0075,0.0,0.0
1779988771156,1,12.00000018,Upper Delivery,Loading,pitch.0,437853,-0.0536,0.0557,0.0559,-0.0884,-0.0304,-0.0012,0.0,0.0
1779988771156,1,Pitching Mound.Delivery,,Loading,pitch.0,436694,-0.6586,-0.1974,0.542,-0.0246,-0.0575,0.1788,0.0,0.0
1779988771156,1,Pitching Mound.Drive,,Loading,pitch.0,437262,-3.9609,12.885,94.668,73.7454,-14.874,20.3243,0.0209,0.1037
1779988771156,1,Pitching Mound.Parent,,Loading,pitch.0,436315,-4.6195,12.6877,95.21,73.7208,-14.9315,20.5031,0.0208,0.1047
1779988771157,1,11.0000004b,Drive,Loading,pitch.0,437263,-4.0308,12.9354,94.3507,73.4695,-15.0107,20.4541,0.0212,0.1037
1779988771157,1,12.00000015,Lower Delivery,Loading,pitch.0,436996,-0.579,-0.2518,0.4739,-0.0846,-0.0255,-0.0067,0.0,0.0
1779988771157,1,12.00000018,Upper Delivery,Loading,pitch.0,437854,-0.0452,0.0643,0.0877,-0.0884,-0.0304,-0.0012,0.0,0.0
1779988771157,1,Pitching Mound.Delivery,,Loading,pitch.0,436695,-0.6242,-0.1874,0.5616,-0.0417,-0.0559,0.1736,0.0,0.0
1779988771157,1,Pitching Mound.Drive,,Loading,pitch.0,437263,-4.0308,12.9354,94.3507,73.4695,-15.0107,20.4541,0.0212,0.1037
1779988771157,1,Pitching Mound.Parent,,Loading,pitch.0,436316,-4.6549,12.748,94.9123,73.4279,-15.0666,20.6277,0.0211,0.1044
1779988771158,1,11.0000004b,Drive,Loading,pitch.0,437265,-4.1117,13.01,94.0103,73.08,-15.4974,20.7063,0.0219,0.1035
1779988771158,1,11.0000004b,Drive,Loading,pitch.0,437264,-4.0613,12.9608,94.1925,73.2996,-15.2661,20.5947,0.0216,0.1036
1779988771158,1,12.00000015,Lower Delivery,Loading,pitch.0,436997,-0.5613,-0.2519,0.4481,-0.0821,-0.0269,-0.0061,0.0,0.0
1779988771158,1,12.00000018,Upper Delivery,Loading,pitch.0,437855,-0.0452,0.0722,0.083,-0.0884,-0.0304,-0.0012,0.0,0.0
1779988771158,1,Pitching Mound.Delivery,,Loading,pitch.0,436696,-0.6065,-0.1797,0.5311,-0.0463,-0.0573,0.1682,0.0,0.0
1779988771158,1,Pitching Mound.Drive,,Loading,pitch.0,437265,-4.1117,13.01,94.0103,73.08,-15.4974,20.7063,0.0219,0.1035
1779988771158,1,Pitching Mound.Drive,,Loading,pitch.0,437264,-4.0613,12.9608,94.1925,73.2996,-15.2661,20.5947,0.0216,0.1036
1779988771158,1,Pitching Mound.Parent,,Loading,pitch.0,436317,-4.6679,12.781,94.7236,73.2533,-15.3234,20.7628,0.0215,0.1043
1779988771159,1,12.00000015,Lower Delivery,Loading,pitch.0,436998,-0.5796,-0.2369,0.4835,-0.0747,-0.0163,-0.0073,0.0,0.0
1779988771159,1,12.00000018,Upper Delivery,Loading,pitch.0,437856,-0.0435,0.071,0.1138,-0.0884,-0.0304,-0.0012,0.0,0.0
1779988771159,1,Pitching Mound.Delivery,,Loading,pitch.0,436697,-0.6231,-0.1659,0.5973,-0.0374,-0.0466,0.1738,0.0,0.0
1779988771159,1,Pitching Mound.Parent,,Loading,pitch.0,436318,-4.7348,12.8441,94.6076,73.0427,-15.5441,20.8801,0.0218,0.1042
1779988771160,1,11.0000004b,Drive,Loading,pitch.0,437266,-4.1603,13.0335,93.7907,72.8088,-15.6112,20.8487,0.0222,0.1033
1779988771160,1,12.00000015,Lower Delivery,Loading,pitch.0,436999,-0.5953,-0.2434,0.493,-0.0651,-0.0186,-0.0074,0.0,0.0
1779988771160,1,12.00000018,Upper Delivery,Loading,pitch.0,437857,-0.0401,0.0741,0.1047,-0.0884,-0.0304,-0.0012,0.0,0.0
1779988771160,1,Pitching Mound.Delivery,,Loading,pitch.0,436698,-0.6354,-0.1693,0.5977,-0.0214,-0.0489,0.1802,0.0,0.0
1779988771160,1,Pitching Mound.Drive,,Loading,pitch.0,437266,-4.1603,13.0335,93.7907,72.8088,-15.6112,20.8487,0.0222,0.1033
1779988771160,1,Pitching Mound.Parent,,Loading,pitch.0,436319,-4.7956,12.8642,94.3884,72.7874,-15.6601,21.0289,0.022,0.1041
1779988771161,1,11.0000004b,Drive,Loading,pitch.0,437267,-4.2208,13.0681,93.6197,72.5757,-15.7398,21.0059,0.0224,0.1032
1779988771161,1,12.00000015,Lower Delivery,Loading,pitch.0,437000,-0.5993,-0.2109,0.5323,-0.0748,-0.0194,-0.005,0.0,0.0
1779988771161,1,12.00000018,Upper Delivery,Loading,pitch.0,437858,-0.033,0.0794,0.0922,-0.0884,-0.0304,-0.0012,0.0,0.0
1779988771161,1,Pitching Mound.Delivery,,Loading,pitch.0,436699,-0.6322,-0.1316,0.6245,-0.0135,-0.0498,0.1864,0.0,0.0
1779988771161,1,Pitching Mound.Drive,,Loading,pitch.0,437267,-4.2208,13.0681,93.6197,72.5757,-15.7398,21.0059,0.0224,0.1032
1779988771161,1,Pitching Mound.Parent,,Loading,pitch.0,436320,-4.8531,12.9365,94.2442,72.5622,-15.7896,21.1922,0.0222,0.1041
1779988771162,1,11.0000004b,Drive,Loading,pitch.0,437268,-4.2555,13.113,93.5265,72.314,-15.9609,21.1472,0.0227,0.1029
1779988771162,1,12.00000015,Lower Delivery,Loading,pitch.0,437001,-0.598,-0.2087,0.5428,-0.0738,-0.0071,-0.0013,0.0,0.0
1779988771162,1,12.00000018,Upper Delivery,Loading,pitch.0,437859,-0.0358,0.0758,0.0503,-0.0884,-0.0304,-0.0012,0.0,0.0
1779988771162,1,Pitching Mound.Delivery,,Loading,pitch.0,436700,-0.6338,-0.133,0.5932,0.0053,-0.0375,0.1886,0.0,0.0
1779988771162,1,Pitching Mound.Drive,,Loading,pitch.0,437268,-4.2555,13.113,93.5265,72.314,-15.9609,21.1472,0.0227,0.1029
1779988771162,1,Pitching Mound.Parent,,Loading,pitch.0,436321,-4.8892,12.9801,94.1197,72.3193,-15.9984,21.3358,0.0226,0.1041
1779988771163,1,11.0000004b,Drive,Loading,pitch.0,437269,-4.3192,13.1595,93.262,72.0234,-16.149,21.2886,0.0231,0.1028
1779988771163,1,12.00000015,Lower Delivery,Loading,pitch.0,437002,-0.5907,-0.2017,0.5242,-0.0739,-0.0195,-0.0025,0.0,0.0
1779988771163,1,12.00000018,Upper Delivery,Loading,pitch.0,437860,-0.0467,0.0689,0.0515,-0.0884,-0.0304,-0.0012,0.0,0.0
1779988771163,1,Pitching Mound.Delivery,,Loading,pitch.0,436701,-0.6374,-0.1327,0.5758,-0.0015,-0.0499,0.1812,0.0,0.0
1779988771163,1,Pitching Mound.Drive,,Loading,pitch.0,437269,-4.3192,13.1595,93.262,72.0234,-16.149,21.2886,0.0231,0.1028
1779988771163,1,Pitching Mound.Parent,,Loading,pitch.0,436322,-4.9566,13.0268,93.8378,72.0219,-16.1989,21.4698,0.0229,0.1039
1779988771164,1,11.0000004b,Drive,Loading,pitch.0,437270,-4.3794,13.1986,93.0888,71.8201,-16.3335,21.4088,0.0234,0.1027
1779988771164,1,12.00000015,Lower Delivery,Loading,pitch.0,437003,-0.6046,-0.2217,0.5509,-0.0737,-0.0203,-0.0046,0.0,0.0
1779988771164,1,12.00000018,Upper Delivery,Loading,pitch.0,437861,-0.0598,0.0633,0.0497,-0.0884,-0.0304,-0.0012,0.0,0.0
1779988771164,1,Pitching Mound.Delivery,,Loading,pitch.0,436702,-0.6643,-0.1584,0.6005,0.0083,-0.0507,0.1794,0.0,0.0
1779988771164,1,Pitching Mound.Drive,,Loading,pitch.0,437270,-4.3794,13.1986,93.0888,71.8201,-16.3335,21.4088,0.0234,0.1027
1779988771164,1,Pitching Mound.Parent,,Loading,pitch.0,436323,-5.0437,13.0402,93.6893,71.8284,-16.3841,21.5882,0.0232,0.1039
1779988771165,1,11.0000004b,Drive,Loading,pitch.0,437271,-4.4271,13.2248,92.8609,71.5441,-16.6081,21.586,0.0238,0.1026
1779988771165,1,12.00000015,Lower Delivery,Loading,pitch.0,437004,-0.5931,-0.2187,0.5405,-0.073,-0.0219,-0.0053,0.0,0.0
1779988771165,1,12.00000018,Upper Delivery,Loading,pitch.0,437862,-0.0698,0.0545,0.0351,-0.0884,-0.0304,-0.0012,0.0,0.0
1779988771165,1,Pitching Mound.Delivery,,Loading,pitch.0,436703,-0.6629,-0.1642,0.5756,0.0104,-0.0522,0.1714,0.0,0.0
1779988771165,1,Pitching Mound.Drive,,Loading,pitch.0,437271,-4.4271,13.2248,92.8609,71.5441,-16.6081,21.586,0.0238,0.1026
1779988771165,1,Pitching Mound.Parent,,Loading,pitch.0,436324,-5.09,13.0606,93.4365,71.5545,-16.6604,21.7574,0.0237,0.1038
1779988771166,1,11.0000004b,Drive,Loading,pitch.0,437272,-4.5013,13.2773,92.6285,71.3381,-16.8665,21.7134,0.0242,0.1025
1779988771166,1,12.00000015,Lower Delivery,Loading,pitch.0,437005,-0.5863,-0.221,0.5322,-0.0691,-0.0201,-0.0041,0.0,0.0
1779988771166,1,12.00000018,Upper Delivery,Loading,pitch.0,437863,-0.0694,0.052,0.037,-0.0884,-0.0304,-0.0012,0.0,0.0
1779988771166,1,Pitching Mound.Delivery,,Loading,pitch.0,436704,-0.6558,-0.1691,0.5692,0.0109,-0.0505,0.1704,0.0,0.0
1779988771166,1,Pitching Mound.Drive,,Loading,pitch.0,437272,-4.5013,13.2773,92.6285,71.3381,-16.8665,21.7134,0.0242,0.1025
1779988771166,1,Pitching Mound.Parent,,Loading,pitch.0,436325,-5.157,13.1082,93.1977,71.349,-16.917,21.8838,0.0241,0.1037
1779988771167,1,11.0000004b,Drive,Loading,pitch.0,437273,-4.5537,13.2983,92.4751,71.0111,-17.0061,21.8284,0.0245,0.1022
1779988771167,1,12.00000015,Lower Delivery,Loading,pitch.0,437006,-0.6007,-0.2161,0.5548,-0.0643,-0.0246,-0.0036,0.0,0.0
1779988771167,1,12.00000018,Upper Delivery,Loading,pitch.0,437864,-0.0705,0.0466,0.0465,-0.0884,-0.0304,-0.0012,0.0,0.0
1779988771167,1,Pitching Mound.Delivery,,Loading,pitch.0,436705,-0.6712,-0.1695,0.6013,0.0201,-0.055,0.1754,0.0,0.0
1779988771167,1,Pitching Mound.Drive,,Loading,pitch.0,437273,-4.5537,13.2983,92.4751,71.0111,-17.0061,21.8284,0.0245,0.1022
1779988771167,1,Pitching Mound.Parent,,Loading,pitch.0,436326,-5.2249,13.1288,93.0764,71.0313,-17.0611,22.0039,0.0243,0.1034
1779988771168,1,11.0000004b,Drive,Loading,pitch.0,437274,-4.6135,13.3352,92.2322,70.8212,-17.3062,21.9525,0.025,0.1022
1779988771168,1,11.0000004b,Drive,Loading,pitch.0,437275,-4.6706,13.3533,92.101,70.4779,-17.3678,22.1012,0.0251,0.1019
1779988771168,1,12.00000015,Lower Delivery,Loading,pitch.0,437007,-0.6194,-0.2283,0.5691,-0.0622,-0.0258,-0.0043,0.0,0.0
1779988771168,1,12.00000018,Upper Delivery,Loading,pitch.0,437865,-0.0717,0.0385,0.0465,-0.0884,-0.0304,-0.0012,0.0,0.0
1779988771168,1,Pitching Mound.Delivery,,Loading,pitch.0,436706,-0.6911,-0.1898,0.6156,0.0271,-0.0562,0.1807,0.0,0.0
1779988771168,1,Pitching Mound.Drive,,Loading,pitch.0,437274,-4.6135,13.3352,92.2322,70.8212,-17.3062,21.9525,0.025,0.1022
1779988771168,1,Pitching Mound.Drive,,Loading,pitch.0,437275,-4.6706,13.3533,92.101,70.4779,-17.3678,22.1012,0.0251,0.1019
1779988771168,1,Pitching Mound.Parent,,Loading,pitch.0,436327,-5.3046,13.1454,92.8478,70.8483,-17.3624,22.1332,0.0248,0.1035
1779988771169,1,12.00000015,Lower Delivery,Loading,pitch.0,437008,-0.655,-0.2486,0.6042,-0.0591,-0.0189,-0.004,0.0,0.0
1779988771169,1,12.00000018,Upper Delivery,Loading,pitch.0,437866,-0.0683,0.0399,0.0427,-0.0884,-0.0304,-0.0012,0.0,0.0
1779988771169,1,Pitching Mound.Delivery,,Loading,pitch.0,436707,-0.7233,-0.2087,0.647,0.0435,-0.0493,0.1943,0.0,0.0
1779988771169,1,Pitching Mound.Parent,,Loading,pitch.0,436328,-5.3939,13.1446,92.748,70.5213,-17.4171,22.2955,0.0249,0.1032
1779988771170,1,11.0000004b,Drive,Loading,pitch.0,437276,-4.7275,13.3761,91.8508,70.2464,-17.6583,22.2337,0.0256,0.1018
1779988771170,1,12.00000015,Lower Delivery,Loading,pitch.0,437009,-0.643,-0.2079,0.6074,-0.0722,-0.0239,-0.0032,0.0,0.0
1779988771170,1,12.00000018,Upper Delivery,Loading,pitch.0,437867,-0.0706,0.0428,0.0458,-0.0884,-0.0304,-0.0012,0.0,0.0
1779988771170,1,Pitching Mound.Delivery,,Loading,pitch.0,436708,-0.7136,-0.1651,0.6532,0.0304,-0.0543,0.1902,0.0,0.0
1779988771170,1,Pitching Mound.Drive,,Loading,pitch.0,437276,-4.7275,13.3761,91.8508,70.2464,-17.6583,22.2337,0.0256,0.1018
1779988771170,1,Pitching Mound.Parent,,Loading,pitch.0,436329,-5.4411,13.211,92.504,70.2769,-17.7126,22.4239,0.0254,0.1032
1779988771171,1,11.0000004b,Drive,Loading,pitch.0,437277,-4.7927,13.4097,91.6452,69.9952,-17.8769,22.3753,0.026,0.1017
1779988771171,1,11.0000004b,Drive,Loading,pitch.0,437278,-4.8273,13.4187,91.5473,69.7443,-18.044,22.538,0.0262,0.1014
1779988771171,1,12.00000015,Lower Delivery,Loading,pitch.0,437010,-0.6413,-0.2067,0.6069,-0.0723,-0.0286,-0.0056,0.0,0.0
1779988771171,1,12.00000018,Upper Delivery,Loading,pitch.0,437868,-0.0662,0.0406,0.0396,-0.0884,-0.0304,-0.0012,0.0,0.0
1779988771171,1,Pitching Mound.Delivery,,Loading,pitch.0,436709,-0.7075,-0.1662,0.6465,0.0322,-0.0589,0.1887,0.0,0.0
1779988771171,1,Pitching Mound.Drive,,Loading,pitch.0,437277,-4.7927,13.4097,91.6452,69.9952,-17.8769,22.3753,0.026,0.1017
1779988771171,1,Pitching Mound.Drive,,Loading,pitch.0,437278,-4.8273,13.4187,91.5473,69.7443,-18.044,22.538,0.0262,0.1014
1779988771171,1,Pitching Mound.Parent,,Loading,pitch.0,436330,-5.5002,13.2435,92.2917,70.0274,-17.9358,22.564,0.0258,0.1031
1779988771172,1,11.0000004b,Drive,Loading,pitch.0,437279,-4.8854,13.4473,91.2766,69.5007,-18.1364,22.6592,0.0265,0.1014
1779988771172,1,12.00000015,Lower Delivery,Loading,pitch.0,437011,-0.6689,-0.2284,0.6231,-0.0725,-0.0322,-0.0083,0.0,0.0
1779988771172,1,12.00000018,Upper Delivery,Loading,pitch.0,437869,-0.0634,0.0424,0.0383,-0.0884,-0.0304,-0.0012,0.0,0.0
1779988771172,1,Pitching Mound.Delivery,,Loading,pitch.0,436710,-0.7323,-0.186,0.6614,0.038,-0.0625,0.1963,0.0,0.0
1779988771172,1,Pitching Mound.Drive,,Loading,pitch.0,437279,-4.8854,13.4473,91.2766,69.5007,-18.1364,22.6592,0.0265,0.1014
1779988771172,1,Pitching Mound.Parent,,Loading,pitch.0,436331,-5.5596,13.2327,92.2088,69.7823,-18.1065,22.7343,0.0261,0.1029
1779988771173,1,11.0000004b,Drive,Loading,pitch.0,437280,-4.943,13.4482,90.9932,69.2103,-18.2513,22.7745,0.0267,0.1013
1779988771173,1,12.00000015,Lower Delivery,Loading,pitch.0,437012,-0.7051,-0.2329,0.656,-0.0756,-0.0324,-0.0092,0.0,0.0
1779988771173,1,12.00000018,Upper Delivery,Loading,pitch.0,437870,-0.0631,0.0431,0.0402,-0.0884,-0.0304,-0.0012,0.0,0.0
1779988771173,1,Pitching Mound.Delivery,,Loading,pitch.0,436711,-0.7682,-0.1898,0.6962,0.0455,-0.0627,0.2079,0.0,0.0
1779988771173,1,Pitching Mound.Drive,,Loading,pitch.0,437280,-4.943,13.4482,90.9932,69.2103,-18.2513,22.7745,0.0267,0.1013
1779988771173,1,Pitching Mound.Parent,,Loading,pitch.0,436332,-5.6536,13.2575,91.9728,69.5461,-18.1991,22.8671,0.0263,0.1029
1779988771174,1,11.0000004b,Drive,Loading,pitch.0,437281,-4.9911,13.464,90.8385,68.9314,-18.5003,22.9078,0.0271,0.101
1779988771174,1,12.00000015,Lower Delivery,Loading,pitch.0,437013,-0.6882,-0.2392,0.6309,-0.0735,-0.0236,-0.0104,0.0,0.0
1779988771174,1,12.00000018,Upper Delivery,Loading,pitch.0,437871,-0.0569,0.046,0.0208,-0.0884,-0.0304,-0.0012,0.0,0.0
1779988771174,1,Pitching Mound.Delivery,,Loading,pitch.0,436712,-0.7451,-0.1932,0.6517,0.0456,-0.054,0.2031,0.0,0.0
1779988771174,1,Pitching Mound.Drive,,Loading,pitch.0,437281,-4.9911,13.464,90.8385,68.9314,-18.5003,22.9078,0.0271,0.101
1779988771174,1,Pitching Mound.Parent,,Loading,pitch.0,436333,-5.6881,13.2551,91.6449,69.2559,-18.3053,22.9776,0.0265,0.1028
1779988771175,1,11.0000004b,Drive,Loading,pitch.0,437282,-5.0302,13.4952,90.5896,68.7705,-18.7523,23.0623,0.0276,0.1011
1779988771175,1,12.00000015,Lower Delivery,Loading,pitch.0,437014,-0.6966,-0.2425,0.6218,-0.0614,-0.0185,-0.0111,0.0,0.0
1779988771175,1,12.00000018,Upper Delivery,Loading,pitch.0,437872,-0.0552,0.0546,0.0126,-0.0884,-0.0304,-0.0012,0.0,0.0
1779988771175,1,Pitching Mound.Delivery,,Loading,pitch.0,436713,-0.7518,-0.1879,0.6344,0.0573,-0.0489,0.2058,0.0,0.0
1779988771175,1,Pitching Mound.Drive,,Loading,pitch.0,437282,-5.0302,13.4952,90.5896,68.7705,-18.7523,23.0623,0.0276,0.1011
1779988771175,1,Pitching Mound.Parent,,Loading,pitch.0,436334,-5.7429,13.2761,91.473,68.9887,-18.5492,23.1136,0.0269,0.1026
1779988771176,1,11.0000004b,Drive,Loading,pitch.0,437283,-5.0661,13.507,90.4287,68.493,-18.8977,23.1722,0.0278,0.1008
1779988771176,1,12.00000015,Lower Delivery,Loading,pitch.0,437015,-0.6683,-0.2568,0.5786,-0.0564,-0.0172,-0.0126,0.0,0.0
1779988771176,1,12.00000018,Upper Delivery,Loading,pitch.0,437873,-0.0576,0.0545,0.0125,-0.0884,-0.0304,-0.0012,0.0,0.0
1779988771176,1,Pitching Mound.Delivery,,Loading,pitch.0,436714,-0.7258,-0.2023,0.5911,0.0477,-0.0475,0.1939,0.0,0.0
1779988771176,1,Pitching Mound.Drive,,Loading,pitch.0,437283,-5.0661,13.507,90.4287,68.493,-18.8977,23.1722,0.0278,0.1008
1779988771176,1,Pitching Mound.Parent,,Loading,pitch.0,436335,-5.7561,13.2929,91.1807,68.8182,-18.7999,23.2561,0.0274,0.1025
1779988771177,1,11.0000004b,Drive,Loading,pitch.0,437284,-5.0993,13.5155,90.27,68.3041,-19.1769,23.3267,0.0283,0.1007
1779988771177,1,12.00000015,Lower Delivery,Loading,pitch.0,437016,-0.6927,-0.2871,0.5875,-0.0482,-0.0018,-0.0125,0.0,0.0
1779988771177,1,12.00000018,Upper Delivery,Loading,pitch.0,437874,-0.0543,0.0585,0.0121,-0.0884,-0.0304,-0.0012,0.0,0.0
1779988771177,1,Pitching Mound.Delivery,,Loading,pitch.0,436715,-0.747,-0.2286,0.5996,0.0591,-0.0321,0.2034,0.0,0.0
1779988771177,1,Pitching Mound.Drive,,Loading,pitch.0,437284,-5.0993,13.5155,90.27,68.3041,-19.1769,23.3267,0.0283,0.1007
1779988771177,1,Pitching Mound.Parent,,Loading,pitch.0,436336,-5.8131,13.2783,91.0283,68.552,-18.9299,23.3756,0.0276,0.1023
1779988771178,1,11.0000004b,Drive,Loading,pitch.0,437285,-5.1496,13.5295,90.0634,68.0978,-19.2669,23.4466,0.0285,0.1007
1779988771178,1,12.00000015,Lower Delivery,Loading,pitch.0,437017,-0.6259,-0.2735,0.5135,-0.0468,-0.0117,-0.0131,0.0,0.0
1779988771178,1,12.00000018,Upper Delivery,Loading,pitch.0,437875,-0.0556,0.0554,0.0084,-0.0884,-0.0304,-0.0012,0.0,0.0
1779988771178,1,Pitching Mound.Delivery,,Loading,pitch.0,436716,-0.6815,-0.2181,0.5218,0.0366,-0.042,0.1796,0.0,0.0
1779988771178,1,Pitching Mound.Drive,,Loading,pitch.0,437285,-5.1496,13.5295,90.0634,68.0978,-19.2669,23.4466,0.0285,0.1007
1779988771178,1,Pitching Mound.Parent,,Loading,pitch.0,436337,-5.7808,13.2974,90.7919,68.3407,-19.2189,23.5063,0.0281,0.102
1779988771179,1,11.0000004b,Drive,Loading,pitch.0,437286,-5.1894,13.5614,89.9954,67.9841,-19.4906,23.5753,0.0288,0.1006
1779988771179,1,12.00000015,Lower Delivery,Loading,pitch.0,437018,-0.5967,-0.2698,0.452,-0.0501,-0.0147,-0.0139,0.0,0.0
1779988771179,1,12.00000018,Upper Delivery,Loading,pitch.0,437876,-0.0539,0.0619,0.011,-0.0884,-0.0304,-0.0012,0.0,0.0
1779988771179,1,Pitching Mound.Delivery,,Loading,pitch.0,436717,-0.6506,-0.2079,0.463,0.0115,-0.0451,0.1694,0.0,0.0
1779988771179,1,Pitching Mound.Drive,,Loading,pitch.0,437286,-5.1894,13.5614,89.9954,67.9841,-19.4906,23.5753,0.0288,0.1006
1779988771179,1,Pitching Mound.Parent,,Loading,pitch.0,436338,-5.8002,13.3216,90.5264,68.1093,-19.312,23.6161,0.0283,0.1018
1779988771180,1,11.0000004b,Drive,Loading,pitch.0,437287,-5.2357,13.5718,89.9437,67.7962,-19.5724,23.7034,0.029,0.1003
1779988771180,1,12.00000015,Lower Delivery,Loading,pitch.0,437019,-0.5495,-0.2502,0.3906,-0.0518,-0.0144,-0.0131,0.0,0.0
1779988771180,1,12.00000018,Upper Delivery,Loading,pitch.0,437877,-0.0506,0.0658,0.0175,-0.0884,-0.0304,-0.0012,0.0,0.0
1779988771180,1,Pitching Mound.Delivery,,Loading,pitch.0,436718,-0.6,-0.1844,0.4081,-0.0133,-0.0448,0.1553,0.0,0.0
1779988771180,1,Pitching Mound.Drive,,Loading,pitch.0,437287,-5.2357,13.5718,89.9437,67.7962,-19.5724,23.7034,0.029,0.1003
1779988771180,1,Pitching Mound.Parent,,Loading,pitch.0,436339,-5.7895,13.377,90.4035,67.9708,-19.5354,23.7306,0.0287,0.1015
1779988771181,1,11.0000004b,Drive,Loading,pitch.0,437288,-5.2939,13.5794,89.8396,67.5837,-19.5889,23.8312,0.029,0.1001
1779988771181,1,12.00000015,Lower Delivery,Loading,pitch.0,437020,-0.567,-0.2398,0.4305,-0.0293,-0.0063,-0.0133,0.0,0.0
1779988771181,1,12.00000018,Upper Delivery,Loading,pitch.0,437878,-0.0498,0.069,0.0233,-0.0884,-0.0304,-0.0012,0.0,0.0
1779988771181,1,Pitching Mound.Delivery,,Loading,pitch.0,436719,-0.6168,-0.1708,0.4538,0.0208,-0.0367,0.1613,0.0,0.0
1779988771181,1,Pitching Mound.Drive,,Loading,pitch.0,437288,-5.2939,13.5794,89.8396,67.5837,-19.5889,23.8312,0.029,0.1001
1779988771181,1,Pitching Mound.Parent,,Loading,pitch.0,436340,-5.8525,13.401,90.3975,67.817,-19.6091,23.8647,0.0288,0.1014
1779988771182,1,11.0000004b,Drive,Loading,pitch.0,437289,-5.3381,13.5951,89.621,67.4799,-19.6313,23.9412,0.0292,0.1002
1779988771182,1,12.00000015,Lower Delivery,Loading,pitch.0,437021,-0.5596,-0.2649,0.4179,-0.0394,-0.009,-0.0112,0.0,0.0
1779988771182,1,12.00000018,Upper Delivery,Loading,pitch.0,437879,-0.0451,0.0712,0.0387,-0.0884,-0.0304,-0.0012,0.0,0.0
1779988771182,1,Pitching Mound.Delivery,,Loading,pitch.0,436720,-0.6047,-0.1937,0.4566,0.0012,-0.0393,0.1626,0.0,0.0
1779988771182,1,Pitching Mound.Drive,,Loading,pitch.0,437289,-5.3381,13.5951,89.621,67.4799,-19.6313,23.9412,0.0292,0.1002
1779988771182,1,Pitching Mound.Parent,,Loading,pitch.0,436341,-5.8986,13.3857,90.2962,67.5849,-19.6282,23.9937,0.0289,0.1011
1779988771183,1,11.0000004b,Drive,Loading,pitch.0,437290,-5.3973,13.6166,89.4765,67.2921,-19.6201,24.0631,0.0292,0.1001
1779988771183,1,12.00000015,Lower Delivery,Loading,pitch.0,437022,-0.5569,-0.278,0.4281,-0.0374,-0.005,-0.011,0.0,0.0
1779988771183,1,12.00000018,Upper Delivery,Loading,pitch.0,437880,-0.0444,0.0693,0.0825,-0.0884,-0.0304,-0.0012,0.0,0.0
1779988771183,1,Pitching Mound.Delivery,,Loading,pitch.0,436721,-0.6013,-0.2087,0.5106,-0.0083,-0.0353,0.1621,0.0,0.0
1779988771183,1,Pitching Mound.Drive,,Loading,pitch.0,437290,-5.3973,13.6166,89.4765,67.2921,-19.6201,24.0631,0.0292,0.1001
1779988771183,1,Pitching Mound.Parent,,Loading,pitch.0,436342,-5.9394,13.3863,90.1316,67.4716,-19.6666,24.1033,0.029,0.101
1779988771184,1,11.0000004b,Drive,Loading,pitch.0,437291,-5.4476,13.6195,89.4148,67.0958,-19.7675,24.2089,0.0294,0.0999
1779988771184,1,12.00000015,Lower Delivery,Loading,pitch.0,437023,-0.5512,-0.2843,0.4197,-0.041,-0.0057,-0.0109,0.0,0.0
1779988771184,1,12.00000018,Upper Delivery,Loading,pitch.0,437881,-0.0364,0.0717,0.1143,-0.0884,-0.0304,-0.0012,0.0,0.0
1779988771184,1,Pitching Mound.Delivery,,Loading,pitch.0,436722,-0.5876,-0.2126,0.534,-0.0255,-0.0361,0.163,0.0,0.0
1779988771184,1,Pitching Mound.Drive,,Loading,pitch.0,437291,-5.4476,13.6195,89.4148,67.0958,-19.7675,24.2089,0.0294,0.0999
1779988771184,1,Pitching Mound.Parent,,Loading,pitch.0,436343,-5.9849,13.404,90.0105,67.2665,-19.6562,24.2261,0.029,0.1007
1779988771185,1,11.0000004b,Drive,Loading,pitch.0,437292,-5.5035,13.6221,89.1891,66.887,-19.84,24.3065,0.0296,0.0998
1779988771185,1,12.00000015,Lower Delivery,Loading,pitch.0,437024,-0.5464,-0.2858,0.4104,-0.0334,-0.002,-0.0106,0.0,0.0
1779988771185,1,12.00000018,Upper Delivery,Loading,pitch.0,437882,-0.021,0.087,0.1293,-0.0884,-0.0304,-0.0012,0.0,0.0
1779988771185,1,Pitching Mound.Delivery,,Loading,pitch.0,436723,-0.5674,-0.1988,0.5397,-0.0262,-0.0324,0.1668,0.0,0.0
1779988771185,1,Pitching Mound.Drive,,Loading,pitch.0,437292,-5.5035,13.6221,89.1891,66.887,-19.84,24.3065,0.0296,0.0998
1779988771185,1,Pitching Mound.Parent,,Loading,pitch.0,436344,-6.015,13.4207,89.9545,67.0696,-19.7999,24.3757,0.0293,0.1004
1779988771186,1,11.0000004b,Drive,Loading,pitch.0,437293,-5.5635,13.6115,89.1038,66.7012,-19.9195,24.4124,0.0298,0.0997
1779988771186,1,12.00000015,Lower Delivery,Loading,pitch.0,437025,-0.548,-0.2843,0.4168,-0.0464,-0.0117,-0.0126,0.0,0.0
1779988771186,1,12.00000018,Upper Delivery,Loading,pitch.0,437883,-0.0203,0.0882,0.1388,-0.0884,-0.0304,-0.0012,0.0,0.0
1779988771186,1,Pitching Mound.Delivery,,Loading,pitch.0,436724,-0.5683,-0.1961,0.5556,-0.0402,-0.0421,0.1657,0.0,0.0
1779988771186,1,Pitching Mound.Drive,,Loading,pitch.0,437293,-5.5635,13.6115,89.1038,66.7012,-19.9195,24.4124,0.0298,0.0997
1779988771186,1,Pitching Mound.Parent,,Loading,pitch.0,436345,-6.0718,13.426,89.7446,66.8468,-19.8821,24.4722,0.0294,0.1003
1779988771187,1,11.0000004b,Drive,Loading,pitch.0,437294,-5.6193,13.6142,88.8244,66.5321,-19.9637,24.5102,0.0299,0.0997
1779988771187,1,12.00000015,Lower Delivery,Loading,pitch.0,437026,-0.5111,-0.2833,0.38,-0.0429,-0.0139,-0.0118,0.0,0.0
1779988771187,1,12.00000018,Upper Delivery,Loading,pitch.0,437884,-0.0075,0.0955,0.1434,-0.0884,-0.0304,-0.0012,0.0,0.0
1779988771187,1,Pitching Mound.Delivery,,Loading,pitch.0,436725,-0.5186,-0.1878,0.5234,-0.0508,-0.0442,0.1582,0.0,0.0
1779988771187,1,Pitching Mound.Drive,,Loading,pitch.0,437294,-5.6193,13.6142,88.8244,66.5321,-19.9637,24.5102,0.0299,0.0997
1779988771187,1,Pitching Mound.Parent,,Loading,pitch.0,436346,-6.0821,13.4237,89.6272,66.6504,-19.9637,24.5706,0.0296,0.1
1779988771188,1,11.0000004b,Drive,Loading,pitch.0,437295,-5.6613,13.6086,88.7217,66.348,-19.9679,24.6292,0.03,0.0996
1779988771188,1,12.00000015,Lower Delivery,Loading,pitch.0,437027,-0.5451,-0.2797,0.4256,-0.0446,-0.0122,-0.0121,0.0,0.0
1779988771188,1,12.00000018,Upper Delivery,Loading,pitch.0,437885,-0.0312,0.0726,0.1428,-0.0884,-0.0304,-0.0012,0.0,0.0
1779988771188,1,Pitching Mound.Delivery,,Loading,pitch.0,436726,-0.5763,-0.2072,0.5684,-0.0367,-0.0426,0.1614,0.0,0.0
1779988771188,1,Pitching Mound.Drive,,Loading,pitch.0,437295,-5.6613,13.6086,88.7217,66.348,-19.9679,24.6292,0.03,0.0996
1779988771188,1,Pitching Mound.Parent,,Loading,pitch.0,436347,-6.1956,13.407,89.3928,66.4954,-20.0063,24.6717,0.0297,0.1002
1779988771189,1,11.0000004b,Drive,Loading,pitch.0,437296,-5.7175,13.6024,88.4219,66.1728,-19.8791,24.7254,0.0299,0.0996
1779988771189,1,12.00000015,Lower Delivery,Loading,pitch.0,437028,-0.5837,-0.2856,0.4787,-0.0379,-0.005,-0.0112,0.0,0.0
1779988771189,1,12.00000018,Upper Delivery,Loading,pitch.0,437886,-0.0207,0.0829,0.1285,-0.0884,-0.0304,-0.0012,0.0,0.0
1779988771189,1,Pitching Mound.Delivery,,Loading,pitch.0,436727,-0.6045,-0.2027,0.6072,-0.0072,-0.0354,0.179,0.0,0.0
1779988771189,1,Pitching Mound.Drive,,Loading,pitch.0,437296,-5.7175,13.6024,88.4219,66.1728,-19.8791,24.7254,0.0299,0.0996
1779988771189,1,Pitching Mound.Parent,,Loading,pitch.0,436348,-6.2658,13.4059,89.3289,66.3407,-20.0032,24.8082,0.0298,0.1002
1779988771190,1,11.0000004b,Drive,Loading,pitch.0,437297,-5.749,13.5897,88.241,65.98,-20.095,24.8394,0.0303,0.0995
1779988771190,1,12.00000015,Lower Delivery,Loading,pitch.0,437029,-0.6285,-0.2519,0.5511,-0.0538,-0.0125,-0.0117,0.0,0.0
1779988771190,1,12.00000018,Upper Delivery,Loading,pitch.0,437887,0.0179,0.1231,0.1383,-0.0884,-0.0304,-0.0012,0.0,0.0
1779988771190,1,Pitching Mound.Delivery,,Loading,pitch.0,436728,-0.6106,-0.1288,0.6894,-0.0018,-0.0429,0.2068,0.0,0.0
1779988771190,1,Pitching Mound.Drive,,Loading,pitch.0,437297,-5.749,13.5897,88.241,65.98,-20.095,24.8394,0.0303,0.0995
1779988771190,1,Pitching Mound.Parent,,Loading,pitch.0,436349,-6.3281,13.4736,89.1113,66.1709,-19.9219,24.9323,0.0297,0.1004
1779988771191,1,11.0000004b,Drive,Loading,pitch.0,437298,-5.7902,13.5855,88.1378,65.7673,-20.1128,24.9327,0.0304,0.0993
1779988771191,1,12.00000015,Lower Delivery,Loading,pitch.0,437030,-0.648,-0.2656,0.565,-0.0563,-0.0122,-0.0112,0.0,0.0
1779988771191,1,12.00000018,Upper Delivery,Loading,pitch.0,437888,0.0096,0.1203,0.1409,-0.0884,-0.0304,-0.0012,0.0,0.0
1779988771191,1,Pitching Mound.Delivery,,Loading,pitch.0,436729,-0.6384,-0.1454,0.7059,-0.0005,-0.0425,0.2112,0.0,0.0
1779988771191,1,Pitching Mound.Drive,,Loading,pitch.0,437298,-5.7902,13.5855,88.1378,65.7673,-20.1128,24.9327,0.0304,0.0993
1779988771191,1,Pitching Mound.Parent,,Loading,pitch.0,436350,-6.3874,13.4443,88.9468,65.9795,-20.1375,25.0506,0.0301,0.1004
1779988771192,1,11.0000004b,Drive,Loading,pitch.0,437299,-5.8255,13.5952,87.9588,65.6945,-20.3282,25.032,0.0308,0.0994
1779988771192,1,12.00000015,Lower Delivery,Loading,pitch.0,437031,-0.6559,-0.2634,0.5667,-0.0601,-0.017,-0.0112,0.0,0.0
1779988771192,1,12.00000018,Upper Delivery,Loading,pitch.0,437889,0.0285,0.1416,0.1256,-0.0884,-0.0304,-0.0012,0.0,0.0
1779988771192,1,Pitching Mound.Delivery,,Loading,pitch.0,436730,-0.6274,-0.1218,0.6922,0.0015,-0.0474,0.2202,0.0,0.0
1779988771192,1,Pitching Mound.Drive,,Loading,pitch.0,437299,-5.8255,13.5952,87.9588,65.6945,-20.3282,25.032,0.0308,0.0994
1779988771192,1,Pitching Mound.Parent,,Loading,pitch.0,436351,-6.4175,13.4637,88.8301,65.7689,-20.1601,25.153,0.0301,0.1003
1779988771193,1,11.0000004b,Drive,Loading,pitch.0,437300,-5.8847,13.5937,87.7417,65.4438,-20.3741,25.1376,0.0309,0.0993
1779988771193,1,12.00000015,Lower Delivery,Loading,pitch.0,437032,-0.6462,-0.2636,0.5461,-0.0542,-0.0149,-0.01,0.0,0.0
1779988771193,1,12.00000018,Upper Delivery,Loading,pitch.0,437890,0.0229,0.1363,0.1187,-0.0884,-0.0304,-0.0012,0.0,0.0
1779988771193,1,Pitching Mound.Delivery,,Loading,pitch.0,436731,-0.6234,-0.1273,0.6647,0.0028,-0.0452,0.2164,0.0,0.0
1779988771193,1,Pitching Mound.Drive,,Loading,pitch.0,437300,-5.8847,13.5937,87.7417,65.4438,-20.3741,25.1376,0.0309,0.0993
1779988771193,1,Pitching Mound.Parent,,Loading,pitch.0,436352,-6.4489,13.4679,88.6236,65.6973,-20.3734,25.2483,0.0305,0.1003
1779988771194,1,11.0000004b,Drive,Loading,pitch.0,437301,-5.9146,13.5659,87.4475,65.2927,-20.5016,25.2115,0.0312,0.0994
1779988771194,1,12.00000015,Lower Delivery,Loading,pitch.0,437033,-0.6583,-0.2717,0.5549,-0.0478,-0.015,-0.0097,0.0,0.0
1779988771194,1,12.00000018,Upper Delivery,Loading,pitch.0,437891,0.0158,0.1362,0.1202,-0.0884,-0.0304,-0.0012,0.0,0.0
1779988771194,1,Pitching Mound.Delivery,,Loading,pitch.0,436732,-0.6425,-0.1355,0.6752,0.0116,-0.0454,0.2183,0.0,0.0
1779988771194,1,Pitching Mound.Drive,,Loading,pitch.0,437301,-5.9146,13.5659,87.4475,65.2927,-20.5016,25.2115,0.0312,0.0994
1779988771194,1,Pitching Mound.Parent,,Loading,pitch.0,436353,-6.5272,13.4582,88.4169,65.4554,-20.4195,25.356,0.0307,0.1002
1779988771195,1,11.0000004b,Drive,Loading,pitch.0,437302,-5.9331,13.5497,87.2116,65.0757,-20.7853,25.309,0.0317,0.0993
1779988771195,1,12.00000015,Lower Delivery,Loading,pitch.0,437034,-0.6082,-0.2933,0.4922,-0.0415,-0.0075,-0.0109,0.0,0.0
1779988771195,1,12.00000018,Upper Delivery,Loading,pitch.0,437892,0.0128,0.1314,0.0879,-0.0884,-0.0304,-0.0012,0.0,0.0
1779988771195,1,Pitching Mound.Delivery,,Loading,pitch.0,436733,-0.5954,-0.1619,0.5801,0.0076,-0.0379,0.1991,0.0,0.0
1779988771195,1,Pitching Mound.Drive,,Loading,pitch.0,437302,-5.9331,13.5497,87.2116,65.0757,-20.7853,25.309,0.0317,0.0993
1779988771195,1,Pitching Mound.Parent,,Loading,pitch.0,436354,-6.51,13.404,88.0276,65.3003,-20.5395,25.4106,0.031,0.1003
1779988771196,1,11.0000004b,Drive,Loading,pitch.0,437303,-5.9679,13.5419,87.062,64.9256,-20.9066,25.3793,0.032,0.0993
1779988771196,1,12.00000015,Lower Delivery,Loading,pitch.0,437035,-0.6244,-0.2943,0.484,-0.04,-0.0134,-0.0096,0.0,0.0
1779988771196,1,12.00000018,Upper Delivery,Loading,pitch.0,437893,0.0035,0.121,0.0684,-0.0884,-0.0304,-0.0012,0.0,0.0
1779988771196,1,Pitching Mound.Delivery,,Loading,pitch.0,436734,-0.621,-0.1733,0.5524,0.0129,-0.0437,0.2027,0.0,0.0
1779988771196,1,Pitching Mound.Drive,,Loading,pitch.0,437303,-5.9679,13.5419,87.062,64.9256,-20.9066,25.3793,0.032,0.0993
1779988771196,1,Pitching Mound.Parent,,Loading,pitch.0,436355,-6.554,13.3765,87.764,65.0886,-20.829,25.5117,0.0315,0.1003
1779988771197,1,11.0000004b,Drive,Loading,pitch.0,437304,-6.0084,13.5364,86.9088,64.6851,-21.0754,25.4584,0.0323,0.0991
1779988771197,1,12.00000015,Lower Delivery,Loading,pitch.0,437036,-0.6435,-0.3406,0.5026,-0.0344,-0.0048,-0.0098,0.0,0.0
1779988771197,1,12.00000018,Upper Delivery,Loading,pitch.0,437894,-0.0001,0.1165,0.1156,-0.0884,-0.0304,-0.0012,0.0,0.0
1779988771197,1,Pitching Mound.Delivery,,Loading,pitch.0,436735,-0.6436,-0.2241,0.6182,0.0087,-0.0352,0.2078,0.0,0.0
1779988771197,1,Pitching Mound.Drive,,Loading,pitch.0,437304,-6.0084,13.5364,86.9088,64.6851,-21.0754,25.4584,0.0323,0.0991
1779988771197,1,Pitching Mound.Parent,,Loading,pitch.0,436356,-6.6116,13.3179,87.6802,64.9343,-20.9418,25.5871,0.0317,0.1001
1779988771198,1,11.0000004b,Drive,Loading,pitch.0,437305,-6.0527,13.527,86.8011,64.4246,-21.1899,25.5772,0.0325,0.0988
1779988771198,1,12.00000015,Lower Delivery,Loading,pitch.0,437037,-0.6809,-0.3716,0.474,-0.0357,-0.0054,-0.0085,0.0,0.0
1779988771198,1,12.00000018,Upper Delivery,Loading,pitch.0,437895,-0.0334,0.0876,0.0333,-0.0884,-0.0304,-0.0012,0.0,0.0
1779988771198,1,Pitching Mound.Delivery,,Loading,pitch.0,436736,-0.7143,-0.284,0.5072,0.0258,-0.0357,0.2105,0.0,0.0
1779988771198,1,Pitching Mound.Drive,,Loading,pitch.0,437305,-6.0527,13.527,86.8011,64.4246,-21.1899,25.5772,0.0325,0.0988
1779988771198,1,Pitching Mound.Parent,,Loading,pitch.0,436357,-6.7227,13.2524,87.4161,64.7109,-21.1111,25.6689,0.0321,0.1002
1779988771199,1,11.0000004b,Drive,Loading,pitch.0,437306,-6.0911,13.5076,86.7317,64.2878,-21.2458,25.6224,0.0326,0.0987
1779988771199,1,12.00000015,Lower Delivery,Loading,pitch.0,437038,-0.6491,-0.346,0.4674,-0.0288,-0.0054,-0.0091,0.0,0.0
1779988771199,1,12.00000018,Upper Delivery,Loading,pitch.0,437896,-0.0367,0.0858,0.0423,-0.0884,-0.0304,-0.0012,0.0,0.0
1779988771199,1,Pitching Mound.Delivery,,Loading,pitch.0,436737,-0.6858,-0.2602,0.5098,0.0274,-0.0358,0.1979,0.0,0.0
1779988771199,1,Pitching Mound.Drive,,Loading,pitch.0,437306,-6.0911,13.5076,86.7317,64.2878,-21.2458,25.6224,0.0326,0.0987
1779988771199,1,Pitching Mound.Parent,,Loading,pitch.0,436358,-6.7385,13.2667,87.3109,64.452,-21.2256,25.775,0.0323,0.0999
1779988771200,1,11.0000004b,Drive,Loading,pitch.0,437307,-6.1153,13.4808,86.5836,64.0566,-21.4434,25.6978,0.033,0.0985
1779988771200,1,12.00000015,Lower Delivery,Loading,pitch.0,437039,-0.6668,-0.3423,0.4725,-0.0346,-0.0023,-0.0076,0.0,0.0
1779988771200,1,12.00000018,Upper Delivery,Loading,pitch.0,437897,-0.0441,0.0785,0.013,-0.0884,-0.0304,-0.0012,0.0,0.0
1779988771200,1,Pitching Mound.Delivery,,Loading,pitch.0,436738,-0.711,-0.2638,0.4855,0.0333,-0.0326,0.2029,0.0,0.0
1779988771200,1,Pitching Mound.Drive,,Loading,pitch.0,437307,-6.1153,13.4808,86.5836,64.0566,-21.4434,25.6978,0.033,0.0985
1779988771200,1,Pitching Mound.Parent,,Loading,pitch.0,436359,-6.8021,13.2438,87.2171,64.321,-21.2784,25.8253,0.0324,0.0999
1779988771201,1,11.0000004b,Drive,Loading,pitch.0,437308,-6.1676,13.4818,86.4181,63.8742,-21.4909,25.78,0.0331,0.0984
1779988771201,1,12.00000015,Lower Delivery,Loading,pitch.0,437040,-0.6373,-0.3525,0.4214,-0.033,-0.0004,-0.006,0.0,0.0
1779988771201,1,12.00000018,Upper Delivery,Loading,pitch.0,437898,-0.0583,0.0598,0.0168,-0.0884,-0.0304,-0.0012,0.0,0.0
1779988771201,1,Pitching Mound.Delivery,,Loading,pitch.0,436739,-0.6956,-0.2927,0.4382,0.0162,-0.0307,0.1896,0.0,0.0
1779988771201,1,Pitching Mound.Drive,,Loading,pitch.0,437308,-6.1676,13.4818,86.4181,63.8742,-21.4909,25.78,0.0331,0.0984
1779988771201,1,Pitching Mound.Parent,,Loading,pitch.0,436360,-6.8109,13.1881,87.0219,64.0728,-21.4741,25.8874,0.0328,0.0996
1779988771202,1,11.0000004b,Drive,Loading,pitch.0,437309,-6.196,13.4483,86.2344,63.6286,-21.5633,25.8486,0.0333,0.0982
1779988771202,1,12.00000015,Lower Delivery,Loading,pitch.0,437041,-0.6364,-0.362,0.4011,-0.0343,-0.0035,-0.0052,0.0,0.0
1779988771202,1,12.00000018,Upper Delivery,Loading,pitch.0,437899,-0.0424,0.0718,0.0244,-0.0884,-0.0304,-0.0012,0.0,0.0
1779988771202,1,Pitching Mound.Delivery,,Loading,pitch.0,436740,-0.6787,-0.2902,0.4256,0.0054,-0.0339,0.1956,0.0,0.0
1779988771202,1,Pitching Mound.Drive,,Loading,pitch.0,437309,-6.196,13.4483,86.2344,63.6286,-21.5633,25.8486,0.0333,0.0982
1779988771202,1,Pitching Mound.Parent,,Loading,pitch.0,436361,-6.8464,13.1916,86.8437,63.8796,-21.5248,25.9756,0.0329,0.0994
1779988771203,1,11.0000004b,Drive,Loading,pitch.0,437310,-6.2251,13.4269,86.2749,63.4638,-21.6422,25.9042,0.0334,0.0979
1779988771203,1,12.00000015,Lower Delivery,Loading,pitch.0,437042,-0.6383,-0.3461,0.4269,-0.0305,-0.003,-0.0046,0.0,0.0
1779988771203,1,12.00000018,Upper Delivery,Loading,pitch.0,437900,-0.0477,0.0661,0.0416,-0.0884,-0.0304,-0.0012,0.0,0.0
1779988771203,1,Pitching Mound.Delivery,,Loading,pitch.0,436741,-0.686,-0.28,0.4686,0.0121,-0.0334,0.195,0.0,0.0
1779988771203,1,Pitching Mound.Drive,,Loading,pitch.0,437310,-6.2251,13.4269,86.2749,63.4638,-21.6422,25.9042,0.0334,0.0979
1779988771203,1,Pitching Mound.Parent,,Loading,pitch.0,436362,-6.882,13.1683,86.703,63.6407,-21.5967,26.0436,0.0331,0.0992
1779988771204,1,11.0000004b,Drive,Loading,pitch.0,437311,-6.2732,13.4133,86.1896,63.2334,-21.6224,25.9793,0.0334,0.0977
1779988771204,1,12.00000015,Lower Delivery,Loading,pitch.0,437043,-0.6242,-0.334,0.4528,-0.0412,-0.0038,-0.0049,0.0,0.0
1779988771204,1,12.00000018,Upper Delivery,Loading,pitch.0,437901,-0.0536,0.0622,0.0205,-0.0884,-0.0304,-0.0012,0.0,0.0
1779988771204,1,Pitching Mound.Delivery,,Loading,pitch.0,436742,-0.6778,-0.2718,0.4733,0.0174,-0.0341,0.1879,0.0,0.0
1779988771204,1,Pitching Mound.Drive,,Loading,pitch.0,437311,-6.2732,13.4133,86.1896,63.2334,-21.6224,25.9793,0.0334,0.0977
1779988771204,1,Pitching Mound.Parent,,Loading,pitch.0,436363,-6.9029,13.1552,86.7482,63.4812,-21.6764,26.092,0.0332,0.0991
1779988771205,1,11.0000004b,Drive,Loading,pitch.0,437312,-6.3381,13.3895,86.3094,63.0516,-21.4873,26.0542,0.0331,0.0973
1779988771205,1,12.00000015,Lower Delivery,Loading,pitch.0,437044,-0.5789,-0.3162,0.4253,-0.0413,-0.0074,-0.0059,0.0,0.0
1779988771205,1,12.00000018,Upper Delivery,Loading,pitch.0,437902,-0.0474,0.0708,0.0391,-0.0884,-0.0304,-0.0012,0.0,0.0
1779988771205,1,Pitching Mound.Delivery,,Loading,pitch.0,436743,-0.6263,-0.2454,0.4644,0.0016,-0.0378,0.1737,0.0,0.0
1779988771205,1,Pitching Mound.Drive,,Loading,pitch.0,437312,-6.3381,13.3895,86.3094,63.0516,-21.4873,26.0542,0.0331,0.0973
1779988771205,1,Pitching Mound.Parent,,Loading,pitch.0,436364,-6.8995,13.1679,86.654,63.235,-21.6602,26.153,0.0332,0.0987
1779988771206,1,11.0000004b,Drive,Loading,pitch.0,437313,-6.3774,13.3627,86.0928,62.8793,-21.533,26.1305,0.0333,0.0972
1779988771206,1,12.00000015,Lower Delivery,Loading,pitch.0,437045,-0.584,-0.2986,0.4613,-0.0413,-0.0067,-0.0056,0.0,0.0
1779988771206,1,12.00000018,Upper Delivery,Loading,pitch.0,437903,-0.0541,0.0628,0.0168,-0.0884,-0.0304,-0.0012,0.0,0.0
1779988771206,1,Pitching Mound.Delivery,,Loading,pitch.0,436744,-0.638,-0.2358,0.4781,0.0214,-0.037,0.1734,0.0,0.0
1779988771206,1,Pitching Mound.Drive,,Loading,pitch.0,437313,-6.3774,13.3627,86.0928,62.8793,-21.533,26.1305,0.0333,0.0972
1779988771206,1,Pitching Mound.Parent,,Loading,pitch.0,436365,-6.9761,13.1537,86.7875,63.073,-21.5244,26.2276,0.033,0.0985
1779988771207,1,11.0000004b,Drive,Loading,pitch.0,437314,-6.4164,13.348,85.9332,62.7149,-21.5082,26.1866,0.0333,0.0972
1779988771207,1,12.00000015,Lower Delivery,Loading,pitch.0,437046,-0.6085,-0.313,0.5017,-0.0305,0.0016,-0.0054,0.0,0.0
1779988771207,1,12.00000018,Upper Delivery,Loading,pitch.0,437904,-0.0549,0.0602,0.0089,-0.0884,-0.0304,-0.0012,0.0,0.0
1779988771207,1,Pitching Mound.Delivery,,Loading,pitch.0,436745,-0.6634,-0.2529,0.5106,0.0487,-0.0287,0.1816,0.0,0.0
1779988771207,1,Pitching Mound.Drive,,Loading,pitch.0,437314,-6.4164,13.348,85.9332,62.7149,-21.5082,26.1866,0.0333,0.0972
1779988771207,1,Pitching Mound.Parent,,Loading,pitch.0,436366,-7.0407,13.1098,86.6034,62.928,-21.5618,26.3121,0.0331,0.0986
1779988771208,1,11.0000004b,Drive,Loading,pitch.0,437315,-6.4581,13.3286,85.6435,62.5143,-21.3931,26.2532,0.0333,0.0972
1779988771208,1,12.00000015,Lower Delivery,Loading,pitch.0,437047,-0.6103,-0.2897,0.517,-0.0305,0.0007,-0.0055,0.0,0.0
1779988771208,1,12.00000018,Upper Delivery,Loading,pitch.0,437905,-0.0578,0.0611,0.0134,-0.0884,-0.0304,-0.0012,0.0,0.0
1779988771208,1,Pitching Mound.Delivery,,Loading,pitch.0,436746,-0.6681,-0.2286,0.5304,0.0524,-0.0297,0.1811,0.0,0.0
1779988771208,1,Pitching Mound.Drive,,Loading,pitch.0,437315,-6.4581,13.3286,85.6435,62.5143,-21.3931,26.2532,0.0333,0.0972
1779988771208,1,Pitching Mound.Parent,,Loading,pitch.0,436367,-7.0844,13.1193,86.4636,62.7673,-21.5379,26.3678,0.0331,0.0985
1779988771209,1,11.0000004b,Drive,Loading,pitch.0,437316,-6.5103,13.3065,85.4044,62.396,-21.4082,26.306,0.0334,0.0973
1779988771209,1,12.00000015,Lower Delivery,Loading,pitch.0,437048,-0.5887,-0.2977,0.4988,-0.024,0.0054,-0.004,0.0,0.0
1779988771209,1,12.00000018,Upper Delivery,Loading,pitch.0,437906,-0.0586,0.0577,0.0082,-0.0884,-0.0304,-0.0012,0.0,0.0
1779988771209,1,Pitching Mound.Delivery,,Loading,pitch.0,436747,-0.6473,-0.24,0.507,0.0544,-0.025,0.175,0.0,0.0
1779988771209,1,Pitching Mound.Drive,,Loading,pitch.0,437316,-6.5103,13.3065,85.4044,62.396,-21.4082,26.306,0.0334,0.0973
1779988771209,1,Pitching Mound.Parent,,Loading,pitch.0,436368,-7.1054,13.0886,86.1505,62.5687,-21.4181,26.4282,0.0331,0.0985
1779988771210,1,11.0000004b,Drive,Loading,pitch.0,437317,-6.5467,13.3012,85.15,62.2114,-21.52,26.3875,0.0336,0.0973
1779988771210,1,12.00000015,Lower Delivery,Loading,pitch.0,437049,-0.6436,-0.3308,0.5414,-0.0186,0.0043,-0.0046,0.0,0.0
1779988771210,1,12.00000018,Upper Delivery,Loading,pitch.0,437907,-0.062,0.0498,0.001,-0.0884,-0.0304,-0.0012,0.0,0.0
1779988771210,1,Pitching Mound.Delivery,,Loading,pitch.0,436748,-0.7056,-0.2809,0.5424,0.0768,-0.0261,0.1919,0.0,0.0
1779988771210,1,Pitching Mound.Drive,,Loading,pitch.0,437317,-6.5467,13.3012,85.15,62.2114,-21.52,26.3875,0.0336,0.0973
1779988771210,1,Pitching Mound.Parent,,Loading,pitch.0,436369,-7.2159,13.0256,85.9468,62.4728,-21.4344,26.4979,0.0332,0.0988
1779988771211,1,11.0000004b,Drive,Loading,pitch.0,437318,-6.5907,13.2943,84.9692,62.0767,-21.4935,26.4674,0.0337,0.0973
1779988771211,1,12.00000015,Lower Delivery,Loading,pitch.0,437050,-0.6114,-0.3371,0.4953,-0.0177,0.0097,-0.0031,0.0,0.0
1779988771211,1,12.00000018,Upper Delivery,Loading,pitch.0,437908,-0.0654,0.0526,0.0083,-0.0884,-0.0304,-0.0012,0.0,0.0
1779988771211,1,Pitching Mound.Delivery,,Loading,pitch.0,436749,-0.6768,-0.2845,0.5037,0.0596,-0.0206,0.1813,0.0,0.0
1779988771211,1,Pitching Mound.Drive,,Loading,pitch.0,437318,-6.5907,13.2943,84.9692,62.0767,-21.4935,26.4674,0.0337,0.0973
1779988771211,1,Pitching Mound.Parent,,Loading,pitch.0,436370,-7.2235,13.0168,85.6537,62.2709,-21.5406,26.5688,0.0334,0.0986
1779988771212,1,11.0000004b,Drive,Loading,pitch.0,437319,-6.6249,13.2812,84.801,61.8146,-21.4678,26.5264,0.0337,0.097
1779988771212,1,12.00000015,Lower Delivery,Loading,pitch.0,437051,-0.6412,-0.3745,0.508,-0.0189,0.0106,-0.0041,0.0,0.0
1779988771212,1,12.00000018,Upper Delivery,Loading,pitch.0,437909,-0.0645,0.0552,0.0063,-0.0884,-0.0304,-0.0012,0.0,0.0
1779988771212,1,Pitching Mound.Delivery,,Loading,pitch.0,436750,-0.7057,-0.3193,0.5143,0.0633,-0.0197,0.1908,0.0,0.0
1779988771212,1,Pitching Mound.Drive,,Loading,pitch.0,437319,-6.6249,13.2812,84.801,61.8146,-21.4678,26.5264,0.0337,0.097
1779988771212,1,Pitching Mound.Parent,,Loading,pitch.0,436371,-7.2964,12.975,85.4836,62.14,-21.5132,26.6582,0.0335,0.0987
1779988771213,1,11.0000004b,Drive,Loading,pitch.0,437320,-6.6811,13.2854,84.589,61.6621,-21.4952,26.5708,0.0338,0.097
1779988771213,1,12.00000015,Lower Delivery,Loading,pitch.0,437052,-0.6672,-0.3963,0.5298,-0.0147,0.0142,-0.0013,0.0,0.0
1779988771213,1,12.00000018,Upper Delivery,Loading,pitch.0,437910,-0.0693,0.0527,0.0158,-0.0884,-0.0304,-0.0012,0.0,0.0
1779988771213,1,Pitching Mound.Delivery,,Loading,pitch.0,436751,-0.7365,-0.3437,0.5456,0.0717,-0.0162,0.2008,0.0,0.0
1779988771213,1,Pitching Mound.Drive,,Loading,pitch.0,437320,-6.6811,13.2854,84.589,61.6621,-21.4952,26.5708,0.0338,0.097
1779988771213,1,Pitching Mound.Parent,,Loading,pitch.0,436372,-7.4176,12.9417,85.1346,61.7338,-21.5114,26.7716,0.0336,0.0985
1779988771214,1,11.0000004b,Drive,Loading,pitch.0,437321,-6.7137,13.2828,84.408,61.53,-21.4916,26.6499,0.0339,0.097
1779988771214,1,12.00000015,Lower Delivery,Loading,pitch.0,437053,-0.6791,-0.3831,0.5439,-0.026,0.0093,-0.0021,0.0,0.0
1779988771214,1,12.00000018,Upper Delivery,Loading,pitch.0,437911,-0.0699,0.0496,0.0164,-0.0884,-0.0304,-0.0012,0.0,0.0
1779988771214,1,Pitching Mound.Delivery,,Loading,pitch.0,436752,-0.749,-0.3335,0.5603,0.065,-0.0211,0.2038,0.0,0.0
1779988771214,1,Pitching Mound.Drive,,Loading,pitch.0,437321,-6.7137,13.2828,84.408,61.53,-21.4916,26.6499,0.0339,0.097
1779988771214,1,Pitching Mound.Parent,,Loading,pitch.0,436373,-7.4627,12.9492,84.9683,61.595,-21.5127,26.8537,0.0337,0.0985
1779988771215,1,11.0000004b,Drive,Loading,pitch.0,437322,-6.7557,13.3076,84.1538,61.4789,-21.6585,26.6839,0.0343,0.0973
1779988771215,1,12.00000015,Lower Delivery,Loading,pitch.0,437054,-0.6475,-0.3687,0.5228,-0.0247,0.0051,-0.0025,0.0,0.0
1779988771215,1,12.00000018,Upper Delivery,Loading,pitch.0,437912,-0.0617,0.0553,0.0314,-0.0884,-0.0304,-0.0012,0.0,0.0
1779988771215,1,Pitching Mound.Delivery,,Loading,pitch.0,436753,-0.7092,-0.3135,0.5542,0.054,-0.0252,0.1954,0.0,0.0
1779988771215,1,Pitching Mound.Drive,,Loading,pitch.0,437322,-6.7557,13.3076,84.1538,61.4789,-21.6585,26.6839,0.0343,0.0973
1779988771215,1,Pitching Mound.Parent,,Loading,pitch.0,436374,-7.4648,12.9942,84.708,61.5329,-21.6838,26.8793,0.034,0.0986
1779988771216,1,11.0000004b,Drive,Loading,pitch.0,437323,-6.7798,13.3086,83.9942,61.3682,-21.8115,26.737,0.0346,0.0973
1779988771216,1,12.00000015,Lower Delivery,Loading,pitch.0,437055,-0.6023,-0.3166,0.4875,-0.0272,0.0015,-0.005,0.0,0.0
1779988771216,1,12.00000018,Upper Delivery,Loading,pitch.0,437913,-0.066,0.0504,0.0191,-0.0884,-0.0304,-0.0012,0.0,0.0
1779988771216,1,Pitching Mound.Delivery,,Loading,pitch.0,436754,-0.6683,-0.2661,0.5066,0.0437,-0.0289,0.1761,0.0,0.0
1779988771216,1,Pitching Mound.Drive,,Loading,pitch.0,437323,-6.7798,13.3086,83.9942,61.3682,-21.8115,26.737,0.0346,0.0973
1779988771216,1,Pitching Mound.Parent,,Loading,pitch.0,436375,-7.4481,13.0425,84.5007,61.4119,-21.8404,26.9132,0.0344,0.0986
1779988771217,1,11.0000004b,Drive,Loading,pitch.0,437324,-6.8208,13.3187,83.8217,61.2094,-21.6356,26.7918,0.0344,0.0972
1779988771217,1,12.00000015,Lower Delivery,Loading,pitch.0,437056,-0.5869,-0.2792,0.4958,-0.0284,0.0046,-0.007,0.0,0.0
1779988771217,1,12.00000018,Upper Delivery,Loading,pitch.0,437914,-0.0224,0.0968,0.1172,-0.0884,-0.0304,-0.0012,0.0,0.0
1779988771217,1,Pitching Mound.Delivery,,Loading,pitch.0,436755,-0.6093,-0.1824,0.613,0.012,-0.0258,0.1837,0.0,0.0
1779988771217,1,Pitching Mound.Drive,,Loading,pitch.0,437324,-6.8208,13.3187,83.8217,61.2094,-21.6356,26.7918,0.0344,0.0972
1779988771217,1,Pitching Mound.Parent,,Loading,pitch.0,436376,-7.4301,13.1363,84.4348,61.2214,-21.6614,26.9755,0.0341,0.098
1779988771218,1,11.0000004b,Drive,Loading,pitch.0,437325,-6.8488,13.2861,83.689,61.0331,-21.6338,26.7989,0.0344,0.0971
1779988771218,1,12.00000015,Lower Delivery,Loading,pitch.0,437057,-0.5672,-0.2784,0.478,-0.0331,0.0011,-0.0072,0.0,0.0
1779988771218,1,12.00000018,Upper Delivery,Loading,pitch.0,437915,-0.0311,0.0916,0.1304,-0.0884,-0.0304,-0.0012,0.0,0.0
1779988771218,1,Pitching Mound.Delivery,,Loading,pitch.0,436756,-0.5982,-0.1867,0.6083,-0.0033,-0.0292,0.1739,0.0,0.0
1779988771218,1,Pitching Mound.Drive,,Loading,pitch.0,437325,-6.8488,13.2861,83.689,61.0331,-21.6338,26.7989,0.0344,0.0971
1779988771218,1,Pitching Mound.Parent,,Loading,pitch.0,436377,-7.4471,13.0994,84.2973,61.0298,-21.663,26.9728,0.0342,0.0978
1779988771219,1,11.0000004b,Drive,Loading,pitch.0,437326,-6.8816,13.2941,83.5144,60.921,-21.6746,26.8371,0.0346,0.0971
1779988771219,1,12.00000015,Lower Delivery,Loading,pitch.0,437058,-0.5629,-0.2602,0.4791,-0.0398,0.0012,-0.0084,0.0,0.0
1779988771219,1,12.00000018,Upper Delivery,Loading,pitch.0,437916,-0.0167,0.1028,0.1094,-0.0884,-0.0304,-0.0012,0.0,0.0
1779988771219,1,Pitching Mound.Delivery,,Loading,pitch.0,436757,-0.5796,-0.1573,0.5885,-0.0025,-0.0292,0.1761,0.0,0.0
1779988771219,1,Pitching Mound.Drive,,Loading,pitch.0,437326,-6.8816,13.2941,83.5144,60.921,-21.6746,26.8371,0.0346,0.0971
1779988771219,1,Pitching Mound.Parent,,Loading,pitch.0,436378,-7.4612,13.1368,84.1029,60.9185,-21.7038,27.0132,0.0343,0.0979
1779988771220,1,11.0000004b,Drive,Loading,pitch.0,437327,-6.9264,13.2685,83.3661,60.7247,-21.5842,26.8803,0.0345,0.097
1779988771220,1,12.00000015,Lower Delivery,Loading,pitch.0,437059,-0.5796,-0.2701,0.4961,-0.0391,-0.0015,-0.0072,0.0,0.0
1779988771220,1,12.00000018,Upper Delivery,Loading,pitch.0,437917,-0.0094,0.1065,0.1126,-0.0884,-0.0304,-0.0012,0.0,0.0
1779988771220,1,Pitching Mound.Delivery,,Loading,pitch.0,436758,-0.589,-0.1635,0.6087,0.0029,-0.0319,0.1854,0.0,0.0
1779988771220,1,Pitching Mound.Drive,,Loading,pitch.0,437327,-6.9264,13.2685,83.3661,60.7247,-21.5842,26.8803,0.0345,0.097
1779988771220,1,Pitching Mound.Parent,,Loading,pitch.0,436379,-7.5154,13.105,83.9748,60.7276,-21.6161,27.0658,0.0342,0.0978
1779988771221,1,11.0000004b,Drive,Loading,pitch.0,437328,-6.9634,13.2579,83.1722,60.559,-21.4517,26.9025,0.0343,0.0969
1779988771221,1,12.00000015,Lower Delivery,Loading,pitch.0,437060,-0.59,-0.2285,0.5382,-0.0464,0.0053,-0.0059,0.0,0.0
1779988771221,1,12.00000018,Upper Delivery,Loading,pitch.0,437918,-0.0087,0.1093,0.1308,-0.0884,-0.0304,-0.0012,0.0,0.0
1779988771221,1,Pitching Mound.Delivery,,Loading,pitch.0,436759,-0.5987,-0.1192,0.669,0.0038,-0.025,0.1905,0.0,0.0
1779988771221,1,Pitching Mound.Drive,,Loading,pitch.0,437328,-6.9634,13.2579,83.1722,60.559,-21.4517,26.9025,0.0343,0.0969
1779988771221,1,Pitching Mound.Parent,,Loading,pitch.0,436380,-7.5621,13.1387,83.8412,60.5628,-21.4768,27.093,0.0341,0.0978
1779988771222,1,11.0000004b,Drive,Loading,pitch.0,437329,-7.001,13.2285,83.0912,60.3551,-21.4305,26.8847,0.0343,0.0967
1779988771222,1,12.00000015,Lower Delivery,Loading,pitch.0,437061,-0.6064,-0.2327,0.5599,-0.0423,0.0065,-0.0064,0.0,0.0
1779988771222,1,12.00000018,Upper Delivery,Loading,pitch.0,437919,-0.0273,0.0911,0.122,-0.0884,-0.0304,-0.0012,0.0,0.0
1779988771222,1,Pitching Mound.Delivery,,Loading,pitch.0,436760,-0.6337,-0.1416,0.6819,0.0182,-0.0238,0.1893,0.0,0.0
1779988771222,1,Pitching Mound.Drive,,Loading,pitch.0,437329,-7.001,13.2285,83.0912,60.3551,-21.4305,26.8847,0.0343,0.0967
1779988771222,1,Pitching Mound.Parent,,Loading,pitch.0,436381,-7.6347,13.0869,83.7731,60.3733,-21.4543,27.074,0.0341,0.0977
1779988771223,1,11.0000004b,Drive,Loading,pitch.0,437330,-7.0364,13.1887,82.9374,60.1994,-21.3712,26.8908,0.0343,0.0966
1779988771223,1,12.00000015,Lower Delivery,Loading,pitch.0,437062,-0.6119,-0.2401,0.5551,-0.0384,0.0068,-0.0036,0.0,0.0
1779988771223,1,12.00000018,Upper Delivery,Loading,pitch.0,437920,-0.0479,0.0678,0.0879,-0.0884,-0.0304,-0.0012,0.0,0.0
1779988771223,1,Pitching Mound.Delivery,,Loading,pitch.0,436761,-0.6598,-0.1723,0.643,0.0321,-0.0236,0.187,0.0,0.0
1779988771223,1,Pitching Mound.Drive,,Loading,pitch.0,437330,-7.0364,13.1887,82.9374,60.1994,-21.3712,26.8908,0.0343,0.0966
1779988771223,1,Pitching Mound.Parent,,Loading,pitch.0,436382,-7.6962,13.0164,83.5805,60.2315,-21.3948,27.0778,0.034,0.0978
1779988771224,1,11.0000004b,Drive,Loading,pitch.0,437331,-7.0768,13.1658,82.7288,60.0301,-21.1673,26.9226,0.0341,0.0966
1779988771224,1,12.00000015,Lower Delivery,Loading,pitch.0,437063,-0.6702,-0.2667,0.6045,-0.0334,0.0064,-0.0029,0.0,0.0
1779988771224,1,12.00000018,Upper Delivery,Loading,pitch.0,437921,-0.0557,0.059,0.1038,-0.0884,-0.0304,-0.0012,0.0,0.0
1779988771224,1,Pitching Mound.Delivery,,Loading,pitch.0,436762,-0.7259,-0.2078,0.7083,0.0485,-0.024,0.2048,0.0,0.0
1779988771224,1,Pitching Mound.Drive,,Loading,pitch.0,437331,-7.0768,13.1658,82.7288,60.0301,-21.1673,26.9226,0.0341,0.0966
1779988771224,1,Pitching Mound.Parent,,Loading,pitch.0,436383,-7.8027,12.958,83.437,60.0785,-21.1913,27.1274,0.0338,0.0978
1779988771225,1,11.0000004b,Drive,Loading,pitch.0,437332,-7.1173,13.1367,82.5851,59.8428,-21.0808,26.9415,0.034,0.0965
1779988771225,1,12.00000015,Lower Delivery,Loading,pitch.0,437064,-0.6495,-0.2671,0.5803,-0.036,0.0083,-0.002,0.0,0.0
1779988771225,1,12.00000018,Upper Delivery,Loading,pitch.0,437922,-0.0489,0.0631,0.123,-0.0884,-0.0304,-0.0012,0.0,0.0
1779988771225,1,Pitching Mound.Delivery,,Loading,pitch.0,436763,-0.6984,-0.2041,0.7032,0.0312,-0.022,0.201,0.0,0.0
1779988771225,1,Pitching Mound.Drive,,Loading,pitch.0,437332,-7.1173,13.1367,82.5851,59.8428,-21.0808,26.9415,0.034,0.0965
1779988771225,1,Pitching Mound.Parent,,Loading,pitch.0,436384,-7.8157,12.9327,83.2884,59.874,-21.1029,27.1426,0.0337,0.0975
1779988771226,1,11.0000004b,Drive,Loading,pitch.0,437333,-7.1461,13.1127,82.5015,59.6431,-21.1469,26.9639,0.0341,0.0962
1779988771226,1,12.00000015,Lower Delivery,Loading,pitch.0,437065,-0.6326,-0.2728,0.5567,-0.0377,0.0028,-0.0038,0.0,0.0
1779988771226,1,12.00000018,Upper Delivery,Loading,pitch.0,437923,-0.052,0.0671,0.1252,-0.0884,-0.0304,-0.0012,0.0,0.0
1779988771226,1,Pitching Mound.Delivery,,Loading,pitch.0,436764,-0.6846,-0.2057,0.682,0.0207,-0.0276,0.1924,0.0,0.0
1779988771226,1,Pitching Mound.Drive,,Loading,pitch.0,437333,-7.1461,13.1127,82.5015,59.6431,-21.1469,26.9639,0.0341,0.0962
1779988771226,1,Pitching Mound.Parent,,Loading,pitch.0,436385,-7.8307,12.9069,83.1835,59.6638,-21.1744,27.1563,0.0338,0.0972
1779988771227,1,11.0000004b,Drive,Loading,pitch.0,437334,-7.1681,13.0767,82.371,59.4593,-21.1632,26.9534,0.0342,0.0961
1779988771227,1,12.00000015,Lower Delivery,Loading,pitch.0,437066,-0.6401,-0.2512,0.585,-0.0377,0.0069,-0.0043,0.0,0.0
1779988771227,1,12.00000018,Upper Delivery,Loading,pitch.0,437924,-0.0369,0.085,0.1284,-0.0884,-0.0304,-0.0012,0.0,0.0
1779988771227,1,Pitching Mound.Delivery,,Loading,pitch.0,436765,-0.6769,-0.1663,0.7134,0.0292,-0.0235,0.1995,0.0,0.0
1779988771227,1,Pitching Mound.Drive,,Loading,pitch.0,437334,-7.1681,13.0767,82.371,59.4593,-21.1632,26.9534,0.0342,0.0961
1779988771227,1,Pitching Mound.Parent,,Loading,pitch.0,436386,-7.845,12.9105,83.0843,59.4885,-21.1867,27.153,0.0339,0.0971
1779988771228,1,11.0000004b,Drive,Loading,pitch.0,437335,-7.1991,13.0502,82.1877,59.3443,-21.0976,26.9724,0.0342,0.0961
1779988771228,1,12.00000015,Lower Delivery,Loading,pitch.0,437067,-0.6386,-0.2572,0.5784,-0.0421,-0.0052,-0.0099,0.0,0.0
1779988771228,1,12.00000018,Upper Delivery,Loading,pitch.0,437925,-0.031,0.089,0.1309,-0.0884,-0.0304,-0.0012,0.0,0.0
1779988771228,1,Pitching Mound.Delivery,,Loading,pitch.0,436766,-0.6696,-0.1682,0.7093,0.0217,-0.0355,0.1955,0.0,0.0
1779988771228,1,Pitching Mound.Drive,,Loading,pitch.0,437335,-7.1991,13.0502,82.1877,59.3443,-21.0976,26.9724,0.0342,0.0961
1779988771228,1,Pitching Mound.Parent,,Loading,pitch.0,436387,-7.8687,12.882,82.897,59.366,-21.1331,27.1679,0.0339,0.0971
1779988771229,1,11.0000004b,Drive,Loading,pitch.0,437336,-7.22,13.0346,81.9951,59.1772,-21.1537,26.9605,0.0343,0.0961
1779988771229,1,12.00000015,Lower Delivery,Loading,pitch.0,437068,-0.6325,-0.2381,0.579,-0.0389,-0.0007,-0.0103,0.0,0.0
1779988771229,1,12.00000018,Upper Delivery,Loading,pitch.0,437926,-0.0325,0.0885,0.1335,-0.0884,-0.0304,-0.0012,0.0,0.0
1779988771229,1,Pitching Mound.Delivery,,Loading,pitch.0,436767,-0.665,-0.1496,0.7125,0.0242,-0.0311,0.1925,0.0,0.0
1779988771229,1,Pitching Mound.Drive,,Loading,pitch.0,437336,-7.22,13.0346,81.9951,59.1772,-21.1537,26.9605,0.0343,0.0961
1779988771229,1,Pitching Mound.Parent,,Loading,pitch.0,436388,-7.885,12.885,82.7076,59.2013,-21.1848,27.153,0.034,0.0971
1779988771230,1,11.0000004b,Drive,Loading,pitch.0,437337,-7.2531,13.0077,81.824,59.171,-21.0675,26.9832,0.0343,0.0963
1779988771230,1,12.00000015,Lower Delivery,Loading,pitch.0,437069,-0.6347,-0.2005,0.6246,-0.0472,-0.0055,-0.01,0.0,0.0
1779988771230,1,12.00000018,Upper Delivery,Loading,pitch.0,437927,-0.038,0.0847,0.1228,-0.0884,-0.0304,-0.0012,0.0,0.0
1779988771230,1,Pitching Mound.Delivery,,Loading,pitch.0,436768,-0.6727,-0.1158,0.7474,0.0351,-0.0359,0.1916,0.0,0.0
1779988771230,1,Pitching Mound.Drive,,Loading,pitch.0,437337,-7.2531,13.0077,81.824,59.171,-21.0675,26.9832,0.0343,0.0963
1779988771230,1,Pitching Mound.Parent,,Loading,pitch.0,436389,-7.9258,12.892,82.5714,59.2061,-21.1034,27.1748,0.034,0.0975
1779988771231,1,11.0000004b,Drive,Loading,pitch.0,437338,-7.2716,12.9918,81.6815,58.9853,-20.9012,26.9828,0.0341,0.0961
1779988771231,1,12.00000015,Lower Delivery,Loading,pitch.0,437070,-0.668,-0.2074,0.6409,-0.0593,-0.0093,-0.0103,0.0,0.0
1779988771231,1,12.00000018,Upper Delivery,Loading,pitch.0,437928,-0.0408,0.0852,0.1349,-0.0884,-0.0304,-0.0012,0.0,0.0
1779988771231,1,Pitching Mound.Delivery,,Loading,pitch.0,436769,-0.7088,-0.1222,0.7758,0.0244,-0.0397,0.2018,0.0,0.0
1779988771231,1,Pitching Mound.Drive,,Loading,pitch.0,437338,-7.2716,12.9918,81.6815,58.9853,-20.9012,26.9828,0.0341,0.0961
1779988771231,1,Pitching Mound.Parent,,Loading,pitch.0,436390,-7.9804,12.8696,82.4573,59.0097,-20.9408,27.1846,0.0337,0.0973
1779988771232,1,11.0000004b,Drive,Loading,pitch.0,437339,-7.2994,12.9834,81.4728,58.8455,-20.8916,27.0236,0.0341,0.0962
1779988771232,1,12.00000015,Lower Delivery,Loading,pitch.0,437071,-0.6283,-0.1988,0.5871,-0.0571,-0.0148,-0.0112,0.0,0.0
1779988771232,1,12.00000018,Upper Delivery,Loading,pitch.0,437929,-0.0339,0.0868,0.1099,-0.0884,-0.0304,-0.0012,0.0,0.0
1779988771232,1,Pitching Mound.Delivery,,Loading,pitch.0,436770,-0.6622,-0.112,0.697,0.0167,-0.0452,0.1897,0.0,0.0
1779988771232,1,Pitching Mound.Drive,,Loading,pitch.0,437339,-7.2994,12.9834,81.4728,58.8455,-20.8916,27.0236,0.0341,0.0962
1779988771232,1,Pitching Mound.Parent,,Loading,pitch.0,436391,-7.9616,12.8714,82.1698,58.8622,-20.9369,27.2132,0.0338,0.0973
1779988771233,1,11.0000004b,Drive,Loading,pitch.0,437340,-7.3117,12.9687,81.3868,58.7539,-20.7631,27.0249,0.034,0.0961
1779988771233,1,12.00000015,Lower Delivery,Loading,pitch.0,437072,-0.6672,-0.2059,0.6384,-0.0531,-0.0074,-0.0097,0.0,0.0
1779988771233,1,12.00000018,Upper Delivery,Loading,pitch.0,437930,-0.0475,0.0736,0.0824,-0.0884,-0.0304,-0.0012,0.0,0.0
1779988771233,1,Pitching Mound.Delivery,,Loading,pitch.0,436771,-0.7147,-0.1323,0.7208,0.0476,-0.0377,0.1998,0.0,0.0
1779988771233,1,Pitching Mound.Drive,,Loading,pitch.0,437340,-7.3117,12.9687,81.3868,58.7539,-20.7631,27.0249,0.034,0.0961
1779988771233,1,Pitching Mound.Parent,,Loading,pitch.0,436392,-8.0264,12.8364,82.1076,58.8015,-20.8008,27.2247,0.0337,0.0976
1779988771234,1,11.0000004b,Drive,Loading,pitch.0,437341,-7.3266,12.955,81.1518,58.6867,-20.7087,27.0534,0.034,0.0963
1779988771234,1,12.00000015,Lower Delivery,Loading,pitch.0,437073,-0.6404,-0.1758,0.623,-0.0671,-0.0181,-0.0123,0.0,0.0
1779988771234,1,12.00000018,Upper Delivery,Loading,pitch.0,437931,-0.0419,0.0769,0.1013,-0.0884,-0.0304,-0.0012,0.0,0.0
1779988771234,1,Pitching Mound.Delivery,,Loading,pitch.0,436772,-0.6823,-0.0989,0.7244,0.0219,-0.0485,0.19,0.0,0.0
1779988771234,1,Pitching Mound.Drive,,Loading,pitch.0,437341,-7.3266,12.955,81.1518,58.6867,-20.7087,27.0534,0.034,0.0963
1779988771234,1,Pitching Mound.Parent,,Loading,pitch.0,436393,-8.0089,12.8561,81.8761,58.7086,-20.7571,27.2434,0.0337,0.0976
1779988771235,1,11.0000004b,Drive,Loading,pitch.0,437342,-7.3331,12.9398,81.0195,58.5112,-20.6776,27.0438,0.034,0.0961
1779988771235,1,12.00000015,Lower Delivery,Loading,pitch.0,437074,-0.6053,-0.1772,0.5753,-0.0667,-0.0216,-0.0127,0.0,0.0
1779988771235,1,12.00000018,Upper Delivery,Loading,pitch.0,437932,-0.0322,0.0782,0.0671,-0.0884,-0.0304,-0.0012,0.0,0.0
1779988771235,1,Pitching Mound.Delivery,,Loading,pitch.0,436773,-0.6374,-0.099,0.6424,0.0178,-0.052,0.1809,0.0,0.0
1779988771235,1,Pitching Mound.Drive,,Loading,pitch.0,437342,-7.3331,12.9398,81.0195,58.5112,-20.6776,27.0438,0.034,0.0961
1779988771235,1,Pitching Mound.Parent,,Loading,pitch.0,436394,-7.9705,12.8409,81.6619,58.5289,-20.7296,27.2247,0.0337,0.0975
1779988771236,1,11.0000004b,Drive,Loading,pitch.0,437343,-7.3395,12.9284,80.8212,58.481,-20.4594,27.032,0.0337,0.0963
1779988771236,1,12.00000015,Lower Delivery,Loading,pitch.0,437075,-0.6124,-0.1747,0.5741,-0.0656,-0.0265,-0.0136,0.0,0.0
1779988771236,1,12.00000018,Upper Delivery,Loading,pitch.0,437933,-0.0371,0.0776,0.065,-0.0884,-0.0304,-0.0012,0.0,0.0
1779988771236,1,Pitching Mound.Delivery,,Loading,pitch.0,436774,-0.6495,-0.0971,0.6391,0.0191,-0.0569,0.1808,0.0,0.0
1779988771236,1,Pitching Mound.Drive,,Loading,pitch.0,437343,-7.3395,12.9284,80.8212,58.481,-20.4594,27.032,0.0337,0.0963
1779988771236,1,Pitching Mound.Parent,,Loading,pitch.0,436395,-7.9891,12.8313,81.4603,58.5002,-20.5163,27.2129,0.0334,0.0977
1779988771237,1,11.0000004b,Drive,Loading,pitch.0,437344,-7.3589,12.9154,80.6028,58.2878,-20.3292,27.0103,0.0336,0.0963
1779988771237,1,12.00000015,Lower Delivery,Loading,pitch.0,437076,-0.5787,-0.139,0.548,-0.0667,-0.0293,-0.0137,0.0,0.0
1779988771237,1,12.00000018,Upper Delivery,Loading,pitch.0,437934,-0.0537,0.0584,0.0025,-0.0884,-0.0304,-0.0012,0.0,0.0
1779988771237,1,Pitching Mound.Delivery,,Loading,pitch.0,436775,-0.6324,-0.0807,0.5505,0.0304,-0.0597,0.1636,0.0,0.0
1779988771237,1,Pitching Mound.Drive,,Loading,pitch.0,437344,-7.3589,12.9154,80.6028,58.2878,-20.3292,27.0103,0.0336,0.0963
1779988771237,1,Pitching Mound.Parent,,Loading,pitch.0,436396,-7.9913,12.8347,81.1533,58.3182,-20.3889,27.174,0.0333,0.0979
1779988771238,1,11.0000004b,Drive,Loading,pitch.0,437345,-7.3714,12.911,80.4447,58.1381,-20.2204,27.021,0.0335,0.0962
1779988771238,1,12.00000015,Lower Delivery,Loading,pitch.0,437077,-0.5828,-0.1497,0.5419,-0.0611,-0.0277,-0.0143,0.0,0.0
1779988771238,1,12.00000018,Upper Delivery,Loading,pitch.0,437935,-0.0513,0.0621,0.0063,-0.0884,-0.0304,-0.0012,0.0,0.0
1779988771238,1,Pitching Mound.Delivery,,Loading,pitch.0,436776,-0.634,-0.0876,0.5482,0.0326,-0.0581,0.1652,0.0,0.0
1779988771238,1,Pitching Mound.Drive,,Loading,pitch.0,437345,-7.3714,12.911,80.4447,58.1381,-20.2204,27.021,0.0335,0.0962
1779988771238,1,Pitching Mound.Parent,,Loading,pitch.0,436397,-8.0055,12.8234,80.9929,58.1707,-20.2785,27.1862,0.0332,0.0978
1779988771239,1,11.0000004b,Drive,Loading,pitch.0,437346,-7.3796,12.9271,80.377,58.0428,-20.1092,26.9996,0.0333,0.0961
1779988771239,1,12.00000015,Lower Delivery,Loading,pitch.0,437078,-0.5557,-0.1595,0.5183,-0.0657,-0.0278,-0.0109,0.0,0.0
1779988771239,1,12.00000018,Upper Delivery,Loading,pitch.0,437936,-0.0569,0.0595,0.0053,-0.0884,-0.0304,-0.0012,0.0,0.0
1779988771239,1,Pitching Mound.Delivery,,Loading,pitch.0,436777,-0.6126,-0.1,0.5236,0.0203,-0.0581,0.1575,0.0,0.0
1779988771239,1,Pitching Mound.Drive,,Loading,pitch.0,437346,-7.3796,12.9271,80.377,58.0428,-20.1092,26.9996,0.0333,0.0961
1779988771239,1,Pitching Mound.Parent,,Loading,pitch.0,436398,-7.9922,12.8271,80.9006,58.0631,-20.1673,27.1571,0.0331,0.0977
1779988771240,1,11.0000004b,Drive,Loading,pitch.0,437347,-7.371,12.928,80.1443,57.813,-20.0354,27.0046,0.0333,0.096
1779988771240,1,12.00000015,Lower Delivery,Loading,pitch.0,437079,-0.5679,-0.1629,0.5167,-0.0714,-0.0233,-0.0109,0.0,0.0
1779988771240,1,12.00000018,Upper Delivery,Loading,pitch.0,437937,-0.059,0.0575,0.0029,-0.0884,-0.0304,-0.0012,0.0,0.0
1779988771240,1,Pitching Mound.Delivery,,Loading,pitch.0,436778,-0.6269,-0.1055,0.5197,0.0149,-0.0537,0.1609,0.0,0.0
1779988771240,1,Pitching Mound.Drive,,Loading,pitch.0,437347,-7.371,12.928,80.1443,57.813,-20.0354,27.0046,0.0333,0.096
1779988771240,1,Pitching Mound.Parent,,Loading,pitch.0,436399,-7.9978,12.8226,80.664,57.8279,-20.0891,27.1654,0.0331,0.0976
1779988771241,1,11.0000004b,Drive,Loading,pitch.0,437348,-7.364,12.9308,80.0229,57.6427,-19.9459,26.9916,0.0332,0.0959
1779988771241,1,12.00000015,Lower Delivery,Loading,pitch.0,437080,-0.5499,-0.1637,0.5048,-0.0672,-0.0178,-0.0092,0.0,0.0
1779988771241,1,12.00000018,Upper Delivery,Loading,pitch.0,437938,-0.0609,0.0563,0.0059,-0.0884,-0.0304,-0.0012,0.0,0.0
1779988771241,1,Pitching Mound.Delivery,,Loading,pitch.0,436779,-0.6108,-0.1074,0.5107,0.014,-0.0482,0.1559,0.0,0.0
1779988771241,1,Pitching Mound.Drive,,Loading,pitch.0,437348,-7.364,12.9308,80.0229,57.6427,-19.9459,26.9916,0.0332,0.0959
1779988771241,1,Pitching Mound.Parent,,Loading,pitch.0,436400,-7.9747,12.8234,80.5335,57.6567,-19.9942,27.1475,0.033,0.0974
1779988771242,1,11.0000004b,Drive,Loading,pitch.0,437349,-7.3556,12.9357,79.7884,57.5431,-19.8763,26.9925,0.0332,0.096
1779988771242,1,12.00000015,Lower Delivery,Loading,pitch.0,437081,-0.5303,-0.1753,0.452,-0.0756,-0.0075,-0.0048,0.0,0.0
1779988771242,1,12.00000018,Upper Delivery,Loading,pitch.0,437939,-0.0649,0.0607,0.0149,-0.0884,-0.0304,-0.0012,0.0,0.0
1779988771242,1,Pitching Mound.Delivery,,Loading,pitch.0,436780,-0.5952,-0.1146,0.4669,-0.0153,-0.0378,0.1523,0.0,0.0
1779988771242,1,Pitching Mound.Drive,,Loading,pitch.0,437349,-7.3556,12.9357,79.7884,57.5431,-19.8763,26.9925,0.0332,0.096
1779988771242,1,Pitching Mound.Parent,,Loading,pitch.0,436401,-7.9509,12.8211,80.2553,57.5278,-19.9141,27.1448,0.033,0.0973
1779988771243,1,11.0000004b,Drive,Loading,pitch.0,437350,-7.3527,12.9371,79.6774,57.3268,-19.8729,26.9497,0.0332,0.0958
1779988771243,1,12.00000015,Lower Delivery,Loading,pitch.0,437082,-0.4835,-0.176,0.4161,-0.0692,0.0039,-0.0027,0.0,0.0
1779988771243,1,12.00000018,Upper Delivery,Loading,pitch.0,437940,-0.0705,0.0561,0.0269,-0.0884,-0.0304,-0.0012,0.0,0.0
1779988771243,1,Pitching Mound.Delivery,,Loading,pitch.0,436781,-0.554,-0.1199,0.4429,-0.0253,-0.0265,0.1365,0.0,0.0
1779988771243,1,Pitching Mound.Drive,,Loading,pitch.0,437350,-7.3527,12.9371,79.6774,57.3268,-19.8729,26.9497,0.0332,0.0958
1779988771243,1,Pitching Mound.Parent,,Loading,pitch.0,436402,-7.9067,12.8172,80.1203,57.3015,-19.8994,27.0862,0.033,0.0969
1779988771244,1,11.0000004b,Drive,Loading,pitch.0,437351,-7.3683,12.9468,79.5293,57.1376,-19.7479,26.9352,0.0331,0.0956
1779988771244,1,12.00000015,Lower Delivery,Loading,pitch.0,437083,-0.5193,-0.2222,0.4427,-0.0737,-0.0009,-0.0037,0.0,0.0
1779988771244,1,12.00000018,Upper Delivery,Loading,pitch.0,437941,-0.0691,0.0543,0.0169,-0.0884,-0.0304,-0.0012,0.0,0.0
1779988771244,1,Pitching Mound.Delivery,,Loading,pitch.0,436782,-0.5884,-0.1679,0.4596,-0.0174,-0.0313,0.1482,0.0,0.0
1779988771244,1,Pitching Mound.Drive,,Loading,pitch.0,437351,-7.3683,12.9468,79.5293,57.1376,-19.7479,26.9352,0.0331,0.0956
1779988771244,1,Pitching Mound.Parent,,Loading,pitch.0,436403,-7.9567,12.7789,79.9889,57.1203,-19.7792,27.0833,0.0329,0.0969
1779988771245,1,11.0000004b,Drive,Loading,pitch.0,437352,-7.3655,12.9653,79.3504,56.9766,-19.6176,26.9205,0.0329,0.0956
1779988771245,1,12.00000015,Lower Delivery,Loading,pitch.0,437084,-0.5654,-0.2365,0.4939,-0.0635,0.0018,-0.0027,0.0,0.0
1779988771245,1,12.00000018,Upper Delivery,Loading,pitch.0,437942,-0.0684,0.0561,0.02,-0.0884,-0.0304,-0.0012,0.0,0.0
1779988771245,1,Pitching Mound.Delivery,,Loading,pitch.0,436783,-0.6338,-0.1804,0.5139,0.0093,-0.0286,0.1651,0.0,0.0
1779988771245,1,Pitching Mound.Drive,,Loading,pitch.0,437352,-7.3655,12.9653,79.3504,56.9766,-19.6176,26.9205,0.0329,0.0956
1779988771245,1,Pitching Mound.Parent,,Loading,pitch.0,436404,-7.9994,12.7849,79.8643,56.9859,-19.6462,27.0856,0.0327,0.097
1779988771246,1,11.0000004b,Drive,Loading,pitch.0,437353,-7.3515,12.972,79.1756,56.887,-19.5548,26.9143,0.0329,0.0957
1779988771246,1,12.00000015,Lower Delivery,Loading,pitch.0,437085,-0.5991,-0.249,0.5345,-0.0669,0.003,-0.0041,0.0,0.0
1779988771246,1,12.00000018,Upper Delivery,Loading,pitch.0,437943,-0.0671,0.0557,0.0255,-0.0884,-0.0304,-0.0012,0.0,0.0
1779988771246,1,Pitching Mound.Delivery,,Loading,pitch.0,436784,-0.6662,-0.1933,0.56,0.0178,-0.0273,0.1756,0.0,0.0
1779988771246,1,Pitching Mound.Drive,,Loading,pitch.0,437353,-7.3515,12.972,79.1756,56.887,-19.5548,26.9143,0.0329,0.0957
1779988771246,1,Pitching Mound.Parent,,Loading,pitch.0,436405,-8.0177,12.7788,79.7356,56.9048,-19.5822,27.0899,0.0326,0.0971
1779988771247,1,11.0000004b,Drive,Loading,pitch.0,437354,-7.3277,13.0254,79.0885,56.8566,-19.4442,26.8888,0.0327,0.0957
1779988771247,1,12.00000015,Lower Delivery,Loading,pitch.0,437086,-0.6299,-0.2807,0.5591,-0.0594,-0.0019,-0.0049,0.0,0.0
1779988771247,1,12.00000018,Upper Delivery,Loading,pitch.0,437944,-0.0655,0.056,0.022,-0.0884,-0.0304,-0.0012,0.0,0.0
1779988771247,1,Pitching Mound.Delivery,,Loading,pitch.0,436785,-0.6954,-0.2247,0.5811,0.0348,-0.0323,0.1858,0.0,0.0
1779988771247,1,Pitching Mound.Drive,,Loading,pitch.0,437354,-7.3277,13.0254,79.0885,56.8566,-19.4442,26.8888,0.0327,0.0957
1779988771247,1,Pitching Mound.Parent,,Loading,pitch.0,436406,-8.0231,12.8007,79.6696,56.8915,-19.4765,27.0746,0.0325,0.0973
1779988771248,1,11.0000004b,Drive,Loading,pitch.0,437355,-7.3311,13.0197,78.9925,56.7632,-19.3339,26.8661,0.0326,0.0957
1779988771248,1,12.00000015,Lower Delivery,Loading,pitch.0,437087,-0.6715,-0.2805,0.6493,-0.0568,0.0066,-0.0039,0.0,0.0
1779988771248,1,12.00000018,Upper Delivery,Loading,pitch.0,437945,-0.0652,0.056,0.028,-0.0884,-0.0304,-0.0012,0.0,0.0
1779988771248,1,Pitching Mound.Delivery,,Loading,pitch.0,436786,-0.7368,-0.2245,0.6773,0.066,-0.0238,0.201,0.0,0.0
1779988771248,1,Pitching Mound.Drive,,Loading,pitch.0,437355,-7.3311,13.0197,78.9925,56.7632,-19.3339,26.8661,0.0326,0.0957
1779988771248,1,Pitching Mound.Parent,,Loading,pitch.0,436407,-8.0679,12.7952,79.6698,56.8293,-19.3577,27.0671,0.0323,0.0975
1779988771249,1,11.0000004b,Drive,Loading,pitch.0,437356,-7.327,13.0491,78.8767,56.6746,-19.1665,26.8636,0.0323,0.0957
1779988771249,1,12.00000015,Lower Delivery,Loading,pitch.0,437088,-0.6789,-0.3056,0.6274,-0.0486,0.0064,-0.0029,0.0,0.0
1779988771249,1,12.00000018,Upper Delivery,Loading,pitch.0,437946,-0.0632,0.054,0.0288,-0.0884,-0.0304,-0.0012,0.0,0.0
1779988771249,1,Pitching Mound.Delivery,,Loading,pitch.0,436787,-0.7421,-0.2515,0.6561,0.0666,-0.0239,0.2052,0.0,0.0
1779988771249,1,Pitching Mound.Drive,,Loading,pitch.0,437356,-7.327,13.0491,78.8767,56.6746,-19.1665,26.8636,0.0323,0.0957
1779988771249,1,Pitching Mound.Parent,,Loading,pitch.0,436408,-8.0691,12.7975,79.5328,56.7412,-19.1904,27.0688,0.0321,0.0974
1779988771250,1,11.0000004b,Drive,Loading,pitch.0,437357,-7.3196,13.0718,78.7694,56.5832,-19.0688,26.8266,0.0322,0.0956
1779988771250,1,12.00000015,Lower Delivery,Loading,pitch.0,437089,-0.657,-0.2752,0.5862,-0.0363,0.0093,-0.0026,0.0,0.0
1779988771250,1,12.00000018,Upper Delivery,Loading,pitch.0,437947,-0.0648,0.0553,0.0356,-0.0884,-0.0304,-0.0012,0.0,0.0
1779988771250,1,Pitching Mound.Delivery,,Loading,pitch.0,436788,-0.7218,-0.2199,0.6218,0.0626,-0.0211,0.1975,0.0,0.0
1779988771250,1,Pitching Mound.Drive,,Loading,pitch.0,437357,-7.3196,13.0718,78.7694,56.5832,-19.0688,26.8266,0.0322,0.0956
1779988771250,1,Pitching Mound.Parent,,Loading,pitch.0,436409,-8.0414,12.8519,79.3912,56.6458,-19.0899,27.0241,0.032,0.0972
1779988771251,1,11.0000004b,Drive,Loading,pitch.0,437358,-7.3221,13.0913,78.7456,56.5063,-18.9529,26.8324,0.032,0.0955
1779988771251,1,12.00000015,Lower Delivery,Loading,pitch.0,437090,-0.6516,-0.3081,0.5536,-0.027,0.0008,-0.0043,0.0,0.0
1779988771251,1,12.00000018,Upper Delivery,Loading,pitch.0,437948,-0.0616,0.0589,0.0076,-0.0884,-0.0304,-0.0012,0.0,0.0
1779988771251,1,Pitching Mound.Delivery,,Loading,pitch.0,436789,-0.7132,-0.2492,0.5612,0.0703,-0.0295,0.1951,0.0,0.0
1779988771251,1,Pitching Mound.Drive,,Loading,pitch.0,437358,-7.3221,13.0913,78.7456,56.5063,-18.9529,26.8324,0.032,0.0955
1779988771251,1,Pitching Mound.Parent,,Loading,pitch.0,436410,-8.0353,12.8421,79.3068,56.5766,-18.9824,27.0275,0.0318,0.0972
1779988771252,1,11.0000004b,Drive,Loading,pitch.0,437359,-7.3246,13.0981,78.6757,56.4118,-18.806,26.8002,0.0318,0.0955
1779988771252,1,12.00000015,Lower Delivery,Loading,pitch.0,437091,-0.6832,-0.3258,0.5774,-0.0251,0.0104,-0.0031,0.0,0.0
1779988771252,1,12.00000018,Upper Delivery,Loading,pitch.0,437949,-0.0656,0.0583,0.0213,-0.0884,-0.0304,-0.0012,0.0,0.0
1779988771252,1,Pitching Mound.Delivery,,Loading,pitch.0,436790,-0.7489,-0.2675,0.5987,0.0757,-0.02,0.2057,0.0,0.0
1779988771252,1,Pitching Mound.Drive,,Loading,pitch.0,437359,-7.3246,13.0981,78.6757,56.4118,-18.806,26.8002,0.0318,0.0955
1779988771252,1,Pitching Mound.Parent,,Loading,pitch.0,436411,-8.0735,12.8306,79.2743,56.4875,-18.826,27.0059,0.0316,0.0971
1779988771253,1,11.0000004b,Drive,Loading,pitch.0,437360,-7.3407,13.117,78.5645,56.2981,-18.7487,26.7659,0.0318,0.0954
1779988771253,1,12.00000015,Lower Delivery,Loading,pitch.0,437092,-0.6482,-0.3148,0.5389,-0.0222,0.0081,-0.0023,0.0,0.0
1779988771253,1,12.00000018,Upper Delivery,Loading,pitch.0,437950,-0.0632,0.058,0.0226,-0.0884,-0.0304,-0.0012,0.0,0.0
1779988771253,1,Pitching Mound.Delivery,,Loading,pitch.0,436791,-0.7114,-0.2567,0.5615,0.065,-0.0222,0.1954,0.0,0.0
1779988771253,1,Pitching Mound.Drive,,Loading,pitch.0,437360,-7.3407,13.117,78.5645,56.2981,-18.7487,26.7659,0.0318,0.0954
1779988771253,1,Pitching Mound.Parent,,Loading,pitch.0,436412,-8.0521,12.8603,79.1259,56.3631,-18.7709,26.9613,0.0315,0.0969
1779988771254,1,11.0000004b,Drive,Loading,pitch.0,437361,-7.3462,13.1044,78.4855,56.206,-18.5603,26.7413,0.0315,0.0953
1779988771254,1,12.00000015,Lower Delivery,Loading,pitch.0,437093,-0.6827,-0.3334,0.556,-0.0263,0.0061,-0.0037,0.0,0.0
1779988771254,1,12.00000018,Upper Delivery,Loading,pitch.0,437951,-0.0609,0.0593,0.0111,-0.0884,-0.0304,-0.0012,0.0,0.0
1779988771254,1,Pitching Mound.Delivery,,Loading,pitch.0,436792,-0.7436,-0.2742,0.5671,0.0706,-0.0242,0.2066,0.0,0.0
1779988771254,1,Pitching Mound.Drive,,Loading,pitch.0,437361,-7.3462,13.1044,78.4855,56.206,-18.5603,26.7413,0.0315,0.0953
1779988771254,1,Pitching Mound.Parent,,Loading,pitch.0,436413,-8.0898,12.8303,79.0526,56.2766,-18.5846,26.9478,0.0313,0.097
1779988771255,1,11.0000004b,Drive,Loading,pitch.0,437362,-7.3386,13.1147,78.4457,56.1778,-18.5076,26.7249,0.0314,0.0953
1779988771255,1,12.00000015,Lower Delivery,Loading,pitch.0,437094,-0.653,-0.3406,0.5262,-0.0202,0.0047,-0.0033,0.0,0.0
1779988771255,1,12.00000018,Upper Delivery,Loading,pitch.0,437952,-0.054,0.0659,0.035,-0.0884,-0.0304,-0.0012,0.0,0.0
1779988771255,1,12.00000018,Upper Delivery,Loading,pitch.0,437953,-0.0471,0.0695,0.0443,-0.0884,-0.0304,-0.0012,0.0,0.0
1779988771255,1,Pitching Mound.Delivery,,Loading,pitch.0,436793,-0.707,-0.2746,0.5612,0.0585,-0.0256,0.1992,0.0,0.0
1779988771255,1,Pitching Mound.Drive,,Loading,pitch.0,437362,-7.3386,13.1147,78.4457,56.1778,-18.5076,26.7249,0.0314,0.0953
1779988771255,1,Pitching Mound.Parent,,Loading,pitch.0,436414,-8.0456,12.84,79.0068,56.2362,-18.5332,26.924,0.0312,0.0968
1779988771256,1,11.0000004b,Drive,Loading,pitch.0,437363,-7.3771,13.1267,78.327,56.0938,-18.3803,26.6914,0.0312,0.0953
1779988771256,1,12.00000015,Lower Delivery,Loading,pitch.0,437095,-0.6345,-0.3314,0.5053,-0.0202,0.0022,-0.003,0.0,0.0
1779988771256,1,Pitching Mound.Delivery,,Loading,pitch.0,436794,-0.6817,-0.2619,0.5497,0.0482,-0.0282,0.1955,0.0,0.0
1779988771256,1,Pitching Mound.Drive,,Loading,pitch.0,437363,-7.3771,13.1267,78.327,56.0938,-18.3803,26.6914,0.0312,0.0953
1779988771256,1,Pitching Mound.Parent,,Loading,pitch.0,436415,-8.0587,12.8648,78.8767,56.142,-18.4085,26.8869,0.031,0.0967
1779988771257,1,11.0000004b,Drive,Loading,pitch.0,437364,-7.3721,13.1208,78.2051,55.8911,-18.3752,26.6369,0.0313,0.0951
1779988771257,1,12.00000015,Lower Delivery,Loading,pitch.0,437096,-0.615,-0.3393,0.4837,-0.0283,-0.0089,-0.0024,0.0,0.0
1779988771257,1,12.00000018,Upper Delivery,Loading,pitch.0,437954,-0.0331,0.0859,0.0773,-0.0884,-0.0304,-0.0012,0.0,0.0
1779988771257,1,Pitching Mound.Delivery,,Loading,pitch.0,436795,-0.6482,-0.2535,0.5611,0.0215,-0.0393,0.1942,0.0,0.0
1779988771257,1,Pitching Mound.Drive,,Loading,pitch.0,437364,-7.3721,13.1208,78.2051,55.8911,-18.3752,26.6369,0.0313,0.0951
1779988771257,1,Pitching Mound.Parent,,Loading,pitch.0,436416,-8.0203,12.8673,78.7662,55.9127,-18.4145,26.8311,0.0311,0.0962
1779988771258,1,11.0000004b,Drive,Loading,pitch.0,437365,-7.3812,13.1346,78.1033,55.7165,-18.2393,26.6125,0.0311,0.095
1779988771258,1,12.00000015,Lower Delivery,Loading,pitch.0,437097,-0.5951,-0.3445,0.4546,-0.0239,-0.003,-0.0019,0.0,0.0
1779988771258,1,12.00000018,Upper Delivery,Loading,pitch.0,437956,-0.0241,0.092,0.0624,-0.0884,-0.0304,-0.0012,0.0,0.0
1779988771258,1,12.00000018,Upper Delivery,Loading,pitch.0,437955,-0.0376,0.085,0.0702,-0.0884,-0.0304,-0.0012,0.0,0.0
1779988771258,1,Pitching Mound.Delivery,,Loading,pitch.0,436796,-0.6327,-0.2595,0.5249,0.0184,-0.0334,0.1864,0.0,0.0
1779988771258,1,Pitching Mound.Drive,,Loading,pitch.0,437365,-7.3812,13.1346,78.1033,55.7165,-18.2393,26.6125,0.0311,0.095
1779988771258,1,Pitching Mound.Parent,,Loading,pitch.0,436417,-8.0139,12.8751,78.6282,55.7349,-18.2727,26.799,0.0309,0.096
1779988771259,1,11.0000004b,Drive,Loading,pitch.0,437366,-7.3763,13.1318,77.9195,55.5379,-18.1785,26.5762,0.0311,0.0949
1779988771259,1,12.00000015,Lower Delivery,Loading,pitch.0,437098,-0.6186,-0.3442,0.4758,-0.029,-0.0027,-0.003,0.0,0.0
1779988771259,1,12.00000018,Upper Delivery,Loading,pitch.0,437957,-0.0156,0.1017,0.07,-0.0884,-0.0304,-0.0012,0.0,0.0
1779988771259,1,Pitching Mound.Delivery,,Loading,pitch.0,436797,-0.6427,-0.2521,0.5382,0.0232,-0.033,0.1979,0.0,0.0
1779988771259,1,Pitching Mound.Drive,,Loading,pitch.0,437366,-7.3763,13.1318,77.9195,55.5379,-18.1785,26.5762,0.0311,0.0949
1779988771259,1,Pitching Mound.Parent,,Loading,pitch.0,436418,-8.0189,12.8796,78.4577,55.5611,-18.2115,26.7741,0.0308,0.096
1779988771260,1,11.0000004b,Drive,Loading,pitch.0,437367,-7.3856,13.1247,77.7235,55.4462,-18.0257,26.5387,0.0309,0.095
1779988771260,1,12.00000015,Lower Delivery,Loading,pitch.0,437099,-0.6035,-0.3469,0.4634,-0.0363,-0.0096,-0.0046,0.0,0.0
1779988771260,1,12.00000018,Upper Delivery,Loading,pitch.0,437958,-0.0145,0.1056,0.0908,-0.0884,-0.0304,-0.0012,0.0,0.0
1779988771260,1,Pitching Mound.Delivery,,Loading,pitch.0,436798,-0.6191,-0.2452,0.5334,0.0091,-0.04,0.1941,0.0,0.0
1779988771260,1,Pitching Mound.Drive,,Loading,pitch.0,437367,-7.3856,13.1247,77.7235,55.4462,-18.0257,26.5387,0.0309,0.095
1779988771260,1,Pitching Mound.Parent,,Loading,pitch.0,436419,-8.0047,12.8795,78.2568,55.4553,-18.0657,26.7328,0.0307,0.096
1779988771261,1,11.0000004b,Drive,Loading,pitch.0,437368,-7.3951,13.1456,77.5789,55.3029,-17.9495,26.4975,0.0308,0.0949
1779988771261,1,12.00000015,Lower Delivery,Loading,pitch.0,437100,-0.5724,-0.3456,0.4305,-0.0235,0.0019,-0.0034,0.0,0.0
1779988771261,1,Pitching Mound.Delivery,,Loading,pitch.0,436799,-0.5869,-0.24,0.5213,0.0037,-0.0285,0.185,0.0,0.0
1779988771261,1,Pitching Mound.Drive,,Loading,pitch.0,437368,-7.3951,13.1456,77.5789,55.3029,-17.9495,26.4975,0.0308,0.0949
1779988771261,1,Pitching Mound.Parent,,Loading,pitch.0,436420,-7.982,12.9056,78.1002,55.3065,-17.978,26.6825,0.0306,0.0957
1779988771262,1,11.0000004b,Drive,Loading,pitch.0,437369,-7.3673,13.1471,77.3481,55.0921,-17.9255,26.4246,0.0309,0.0948
1779988771262,1,12.00000015,Lower Delivery,Loading,pitch.0,437101,-0.5832,-0.3551,0.4483,-0.0241,0.0081,-0.0001,0.0,0.0
1779988771262,1,12.00000018,Upper Delivery,Loading,pitch.0,437959,-0.0156,0.1012,0.122,-0.0884,-0.0304,-0.0012,0.0,0.0
1779988771262,1,12.00000018,Upper Delivery,Loading,pitch.0,437960,-0.0104,0.102,0.1014,-0.0884,-0.0304,-0.0012,0.0,0.0
1779988771262,1,Pitching Mound.Delivery,,Loading,pitch.0,436800,-0.5987,-0.2539,0.5703,-0.0015,-0.0222,0.1917,0.0,0.0
1779988771262,1,Pitching Mound.Drive,,Loading,pitch.0,437369,-7.3673,13.1471,77.3481,55.0921,-17.9255,26.4246,0.0309,0.0948
1779988771262,1,Pitching Mound.Parent,,Loading,pitch.0,436421,-7.9661,12.8932,77.9185,55.0905,-17.9477,26.6163,0.0306,0.0956
1779988771263,1,11.0000004b,Drive,Loading,pitch.0,437370,-7.3537,13.1623,77.1151,54.9551,-17.951,26.4107,0.031,0.0949
1779988771263,1,12.00000015,Lower Delivery,Loading,pitch.0,437102,-0.5788,-0.2965,0.4686,-0.0201,0.0025,-0.002,0.0,0.0
1779988771263,1,12.00000015,Lower Delivery,Loading,pitch.0,437103,-0.5939,-0.2878,0.5015,-0.0313,0.0062,0.0009,0.0,0.0
1779988771263,1,12.00000018,Upper Delivery,Loading,pitch.0,437961,-0.017,0.0981,0.1308,-0.0884,-0.0304,-0.0012,0.0,0.0
1779988771263,1,Pitching Mound.Delivery,,Loading,pitch.0,436801,-0.5892,-0.1945,0.57,0.0164,-0.0279,0.1901,0.0,0.0
1779988771263,1,Pitching Mound.Delivery,,Loading,pitch.0,436802,-0.6109,-0.1898,0.6323,0.0064,-0.0242,0.1958,0.0,0.0
1779988771263,1,Pitching Mound.Drive,,Loading,pitch.0,437370,-7.3537,13.1623,77.1151,54.9551,-17.951,26.4107,0.031,0.0949
1779988771263,1,Pitching Mound.Parent,,Loading,pitch.0,436422,-7.943,12.9679,77.6851,54.9715,-17.9789,26.6007,0.0308,0.0958
1779988771264,1,11.0000004b,Drive,Loading,pitch.0,437371,-7.3174,13.1765,76.9069,54.8521,-17.855,26.3726,0.0309,0.095
1779988771264,1,12.00000018,Upper Delivery,Loading,pitch.0,437962,-0.0246,0.089,0.1259,-0.0884,-0.0304,-0.0012,0.0,0.0
1779988771264,1,Pitching Mound.Drive,,Loading,pitch.0,437371,-7.3174,13.1765,76.9069,54.8521,-17.855,26.3726,0.0309,0.095
1779988771264,1,Pitching Mound.Parent,,Loading,pitch.0,436423,-7.9283,12.9868,77.5392,54.8585,-17.8792,26.5684,0.0307,0.0958
1779988771265,1,11.0000004b,Drive,Loading,pitch.0,437372,-7.2941,13.1929,76.7251,54.6577,-17.8595,26.3427,0.031,0.0948
1779988771265,1,12.00000015,Lower Delivery,Loading,pitch.0,437104,-0.5876,-0.2695,0.5025,-0.022,0.0082,0.0006,0.0,0.0
1779988771265,1,12.00000018,Upper Delivery,Loading,pitch.0,437963,-0.0258,0.0851,0.1221,-0.0884,-0.0304,-0.0012,0.0,0.0
1779988771265,1,Pitching Mound.Delivery,,Loading,pitch.0,436803,-0.6122,-0.1805,0.6285,0.0177,-0.0222,0.1908,0.0,0.0
1779988771265,1,Pitching Mound.Drive,,Loading,pitch.0,437372,-7.2941,13.1929,76.7251,54.6577,-17.8595,26.3427,0.031,0.0948
1779988771265,1,Pitching Mound.Parent,,Loading,pitch.0,436424,-7.9063,13.0124,77.3535,54.6754,-17.8817,26.5335,0.0307,0.0957
1779988771266,1,11.0000004b,Drive,Loading,pitch.0,437373,-7.2679,13.2222,76.5313,54.5341,-17.8081,26.3233,0.031,0.0949
1779988771266,1,12.00000015,Lower Delivery,Loading,pitch.0,437105,-0.6479,-0.239,0.5825,-0.033,0.0047,0.0,0.0,0.0
1779988771266,1,12.00000018,Upper Delivery,Loading,pitch.0,437964,-0.0465,0.0661,0.0906,-0.0884,-0.0304,-0.0012,0.0,0.0
1779988771266,1,Pitching Mound.Delivery,,Loading,pitch.0,436804,-0.6737,-0.1539,0.7046,0.0352,-0.0257,0.2103,0.0,0.0
1779988771266,1,Pitching Mound.Drive,,Loading,pitch.0,437373,-7.2679,13.2222,76.5313,54.5341,-17.8081,26.3233,0.031,0.0949
1779988771266,1,Pitching Mound.Parent,,Loading,pitch.0,436425,-7.9416,13.0683,77.2359,54.5693,-17.8338,26.5336,0.0307,0.096
1779988771267,1,11.0000004b,Drive,Loading,pitch.0,437374,-7.251,13.2361,76.3779,54.4609,-17.7844,26.2819,0.031,0.0949
1779988771267,1,11.0000004b,Drive,Loading,pitch.0,437375,-7.2388,13.2244,76.2143,54.2313,-17.7014,26.2643,0.0309,0.0947
1779988771267,1,12.00000015,Lower Delivery,Loading,pitch.0,437106,-0.6536,-0.2072,0.6091,-0.0314,-0.0001,-0.0025,0.0,0.0
1779988771267,1,12.00000018,Upper Delivery,Loading,pitch.0,437965,-0.0421,0.0726,0.106,-0.0884,-0.0304,-0.0012,0.0,0.0
1779988771267,1,Pitching Mound.Delivery,,Loading,pitch.0,436805,-0.7001,-0.1411,0.6998,0.0565,-0.0305,0.2027,0.0,0.0
1779988771267,1,Pitching Mound.Drive,,Loading,pitch.0,437374,-7.251,13.2361,76.3779,54.4609,-17.7844,26.2819,0.031,0.0949
1779988771267,1,Pitching Mound.Drive,,Loading,pitch.0,437375,-7.2388,13.2244,76.2143,54.2313,-17.7014,26.2643,0.0309,0.0947
1779988771267,1,Pitching Mound.Parent,,Loading,pitch.0,436426,-7.9511,13.0949,77.0777,54.5174,-17.8148,26.4847,0.0307,0.0964
1779988771268,1,11.0000004b,Drive,Loading,pitch.0,437376,-7.2243,13.261,76.0425,54.1355,-17.8002,26.2568,0.0312,0.0948
1779988771268,1,12.00000015,Lower Delivery,Loading,pitch.0,437107,-0.6976,-0.2258,0.6421,-0.0418,-0.0096,-0.0028,0.0,0.0
1779988771268,1,12.00000015,Lower Delivery,Loading,pitch.0,437108,-0.6934,-0.2024,0.6314,-0.056,-0.0186,-0.0043,0.0,0.0
1779988771268,1,12.00000018,Upper Delivery,Loading,pitch.0,437966,-0.0335,0.0778,0.1241,-0.0884,-0.0304,-0.0012,0.0,0.0
1779988771268,1,Pitching Mound.Delivery,,Loading,pitch.0,436806,-0.7397,-0.1532,0.7481,0.0521,-0.04,0.2189,0.0,0.0
1779988771268,1,Pitching Mound.Delivery,,Loading,pitch.0,436807,-0.7269,-0.1246,0.7555,0.0282,-0.049,0.2189,0.0,0.0
1779988771268,1,Pitching Mound.Drive,,Loading,pitch.0,437376,-7.2243,13.261,76.0425,54.1355,-17.8002,26.2568,0.0312,0.0948
1779988771268,1,Pitching Mound.Parent,,Loading,pitch.0,436427,-7.9784,13.0711,76.9624,54.2833,-17.7414,26.4832,0.0306,0.0962
1779988771268,1,Pitching Mound.Parent,,Loading,pitch.0,436428,-7.9512,13.1364,76.798,54.1636,-17.8492,26.4756,0.0309,0.0961
1779988771269,1,11.0000004b,Drive,Loading,pitch.0,437377,-7.2049,13.2789,75.8875,54.0058,-17.6713,26.2021,0.031,0.0947
1779988771269,1,12.00000018,Upper Delivery,Loading,pitch.0,437967,-0.0347,0.0869,0.157,-0.0884,-0.0304,-0.0012,0.0,0.0
1779988771269,1,Pitching Mound.Drive,,Loading,pitch.0,437377,-7.2049,13.2789,75.8875,54.0058,-17.6713,26.2021,0.031,0.0947
1779988771270,1,12.00000015,Lower Delivery,Loading,pitch.0,437109,-0.6967,-0.1898,0.6387,-0.0532,-0.0194,-0.0057,0.0,0.0
1779988771270,1,Pitching Mound.Delivery,,Loading,pitch.0,436808,-0.7314,-0.1029,0.7957,0.0222,-0.0497,0.2182,0.0,0.0
1779988771270,1,Pitching Mound.Parent,,Loading,pitch.0,436429,-7.9363,13.176,76.6833,54.028,-17.7211,26.4203,0.0307,0.0959
1779988771271,1,11.0000004b,Drive,Loading,pitch.0,437378,-7.2058,13.2897,75.7103,53.8397,-17.5954,26.188,0.0309,0.0947
1779988771271,1,12.00000015,Lower Delivery,Loading,pitch.0,437110,-0.7092,-0.2155,0.6338,-0.0484,-0.019,-0.0067,0.0,0.0
1779988771271,1,12.00000015,Lower Delivery,Loading,pitch.0,437111,-0.6868,-0.1896,0.6166,-0.0568,-0.0298,-0.0097,0.0,0.0
1779988771271,1,12.00000018,Upper Delivery,Loading,pitch.0,437968,-0.0483,0.0708,0.0938,-0.0884,-0.0304,-0.0012,0.0,0.0
1779988771271,1,12.00000018,Upper Delivery,Loading,pitch.0,437969,-0.057,0.0613,0.0576,-0.0884,-0.0304,-0.0012,0.0,0.0
1779988771271,1,Pitching Mound.Delivery,,Loading,pitch.0,436809,-0.7575,-0.1447,0.7276,0.0469,-0.0493,0.2168,0.0,0.0
1779988771271,1,Pitching Mound.Delivery,,Loading,pitch.0,436810,-0.7438,-0.1283,0.6742,0.0449,-0.0601,0.2032,0.0,0.0
1779988771271,1,Pitching Mound.Drive,,Loading,pitch.0,437378,-7.2058,13.2897,75.7103,53.8397,-17.5954,26.188,0.0309,0.0947
1779988771271,1,Pitching Mound.Parent,,Loading,pitch.0,436430,-7.9633,13.145,76.4379,53.8866,-17.6447,26.4048,0.0306,0.0962
1779988771272,1,11.0000004b,Drive,Loading,pitch.0,437379,-7.1837,13.2841,75.6634,53.638,-17.6637,26.1546,0.0311,0.0944
1779988771272,1,12.00000015,Lower Delivery,Loading,pitch.0,437112,-0.6571,-0.1912,0.5519,-0.067,-0.0361,-0.0102,0.0,0.0
1779988771272,1,12.00000018,Upper Delivery,Loading,pitch.0,437970,-0.0583,0.059,0.055,-0.0884,-0.0304,-0.0012,0.0,0.0
1779988771272,1,Pitching Mound.Delivery,,Loading,pitch.0,436811,-0.7154,-0.1322,0.6069,0.0136,-0.0665,0.1922,0.0,0.0
1779988771272,1,Pitching Mound.Drive,,Loading,pitch.0,437379,-7.1837,13.2841,75.6634,53.638,-17.6637,26.1546,0.0311,0.0944
1779988771272,1,Pitching Mound.Parent,,Loading,pitch.0,436431,-7.9276,13.1558,76.3376,53.6829,-17.7238,26.3578,0.0308,0.096
1779988771273,1,11.0000004b,Drive,Loading,pitch.0,437381,-7.1744,13.2602,75.3004,53.334,-17.3356,26.0795,0.0306,0.0943
1779988771273,1,11.0000004b,Drive,Loading,pitch.0,437380,-7.1791,13.2638,75.5181,53.4714,-17.5252,26.138,0.0309,0.0943
1779988771273,1,12.00000018,Upper Delivery,Loading,pitch.0,437971,-0.0627,0.0575,0.0453,-0.0884,-0.0304,-0.0012,0.0,0.0
1779988771273,1,Pitching Mound.Drive,,Loading,pitch.0,437381,-7.1744,13.2602,75.3004,53.334,-17.3356,26.0795,0.0306,0.0943
1779988771273,1,Pitching Mound.Drive,,Loading,pitch.0,437380,-7.1791,13.2638,75.5181,53.4714,-17.5252,26.138,0.0309,0.0943
1779988771273,1,Pitching Mound.Parent,,Loading,pitch.0,436432,-7.8946,13.1316,76.125,53.485,-17.5917,26.3302,0.0306,0.0957
1779988771274,1,12.00000015,Lower Delivery,Loading,pitch.0,437114,-0.6541,-0.2289,0.5247,-0.0574,-0.0372,-0.0106,0.0,0.0
1779988771274,1,12.00000015,Lower Delivery,Loading,pitch.0,437113,-0.6916,-0.2207,0.5795,-0.0684,-0.0357,-0.0108,0.0,0.0
1779988771274,1,12.00000018,Upper Delivery,Loading,pitch.0,437972,-0.0568,0.0672,0.1028,-0.0884,-0.0304,-0.0012,0.0,0.0
1779988771274,1,Pitching Mound.Delivery,,Loading,pitch.0,436813,-0.7109,-0.1617,0.6276,-0.0023,-0.0676,0.1913,0.0,0.0
1779988771274,1,Pitching Mound.Delivery,,Loading,pitch.0,436812,-0.7544,-0.1633,0.6249,0.0249,-0.0661,0.2018,0.0,0.0
1779988771274,1,Pitching Mound.Parent,,Loading,pitch.0,436433,-7.9287,13.0969,75.9253,53.3588,-17.4017,26.2813,0.0304,0.0959
1779988771275,1,11.0000004b,Drive,Loading,pitch.0,437382,-7.185,13.2702,75.1387,53.1951,-17.2601,26.0438,0.0306,0.0942
1779988771275,1,12.00000018,Upper Delivery,Loading,pitch.0,437973,-0.0485,0.068,0.0813,-0.0884,-0.0304,-0.0012,0.0,0.0
1779988771275,1,Pitching Mound.Drive,,Loading,pitch.0,437382,-7.185,13.2702,75.1387,53.1951,-17.2601,26.0438,0.0306,0.0942
1779988771275,1,Pitching Mound.Parent,,Loading,pitch.0,436434,-7.8959,13.1085,75.7663,53.1929,-17.3277,26.2351,0.0303,0.0954
1779988771276,1,11.0000004b,Drive,Loading,pitch.0,437383,-7.1929,13.2609,75.0119,53.051,-17.2396,25.9922,0.0306,0.0942
1779988771276,1,11.0000004b,Drive,Loading,pitch.0,437384,-7.1759,13.2565,74.8338,52.9727,-17.2123,25.9389,0.0306,0.0942
1779988771276,1,12.00000015,Lower Delivery,Loading,pitch.0,437115,-0.6319,-0.2106,0.5109,-0.0766,-0.0399,-0.0102,0.0,0.0
1779988771276,1,12.00000015,Lower Delivery,Loading,pitch.0,437116,-0.5689,-0.1733,0.463,-0.0838,-0.0366,-0.0076,0.0,0.0
1779988771276,1,12.00000018,Upper Delivery,Loading,pitch.0,437974,-0.0519,0.0622,0.0731,-0.0884,-0.0304,-0.0012,0.0,0.0
1779988771276,1,Pitching Mound.Delivery,,Loading,pitch.0,436815,-0.6208,-0.1111,0.5361,-0.0396,-0.067,0.167,0.0,0.0
1779988771276,1,Pitching Mound.Delivery,,Loading,pitch.0,436814,-0.6804,-0.1427,0.5922,-0.0189,-0.0703,0.1869,0.0,0.0
1779988771276,1,Pitching Mound.Drive,,Loading,pitch.0,437383,-7.1929,13.2609,75.0119,53.051,-17.2396,25.9922,0.0306,0.0942
1779988771276,1,Pitching Mound.Drive,,Loading,pitch.0,437384,-7.1759,13.2565,74.8338,52.9727,-17.2123,25.9389,0.0306,0.0942
1779988771276,1,Pitching Mound.Parent,,Loading,pitch.0,436436,-7.7967,13.1454,75.3699,52.933,-17.2793,26.1058,0.0304,0.0953
1779988771276,1,Pitching Mound.Parent,,Loading,pitch.0,436435,-7.8734,13.1183,75.6041,53.0321,-17.3099,26.1791,0.0304,0.0953
1779988771277,1,11.0000004b,Drive,Loading,pitch.0,437385,-7.1871,13.2468,74.6475,52.8348,-17.1795,25.8729,0.0306,0.0942
1779988771277,1,12.00000015,Lower Delivery,Loading,pitch.0,437117,-0.5566,-0.188,0.4457,-0.0698,-0.0342,-0.0089,0.0,0.0
1779988771277,1,12.00000018,Upper Delivery,Loading,pitch.0,437975,-0.0479,0.0663,0.066,-0.0884,-0.0304,-0.0012,0.0,0.0
1779988771277,1,Pitching Mound.Delivery,,Loading,pitch.0,436816,-0.6045,-0.1217,0.5117,-0.029,-0.0646,0.1628,0.0,0.0
1779988771277,1,Pitching Mound.Drive,,Loading,pitch.0,437385,-7.1871,13.2468,74.6475,52.8348,-17.1795,25.8729,0.0306,0.0942
1779988771277,1,Pitching Mound.Parent,,Loading,pitch.0,436437,-7.7917,13.1251,75.1592,52.8058,-17.2441,26.0357,0.0304,0.0953
1779988771278,1,11.0000004b,Drive,Loading,pitch.0,437386,-7.2083,13.2334,74.4025,52.7095,-17.0309,25.8151,0.0305,0.0943
1779988771278,1,12.00000015,Lower Delivery,Loading,pitch.0,437118,-0.5669,-0.1864,0.4494,-0.0714,-0.0409,-0.0104,0.0,0.0
1779988771278,1,12.00000018,Upper Delivery,Loading,pitch.0,437976,-0.058,0.0568,0.0287,-0.0884,-0.0304,-0.0012,0.0,0.0
1779988771278,1,Pitching Mound.Delivery,,Loading,pitch.0,436817,-0.6249,-0.1296,0.4781,-0.0167,-0.0712,0.1614,0.0,0.0
1779988771278,1,Pitching Mound.Drive,,Loading,pitch.0,437386,-7.2083,13.2334,74.4025,52.7095,-17.0309,25.8151,0.0305,0.0943
1779988771278,1,Pitching Mound.Parent,,Loading,pitch.0,436438,-7.8332,13.1038,74.8806,52.6928,-17.1022,25.9765,0.0303,0.0956
1779988771279,1,11.0000004b,Drive,Loading,pitch.0,437387,-7.2132,13.2038,74.2241,52.52,-16.9647,25.7581,0.0304,0.0942
1779988771279,1,12.00000018,Upper Delivery,Loading,pitch.0,437977,-0.0637,0.0525,0.0135,-0.0884,-0.0304,-0.0012,0.0,0.0
1779988771279,1,Pitching Mound.Drive,,Loading,pitch.0,437387,-7.2132,13.2038,74.2241,52.52,-16.9647,25.7581,0.0304,0.0942
1779988771280,1,11.0000004b,Drive,Loading,pitch.0,437388,-7.2274,13.1971,73.9271,52.3383,-16.9401,25.6965,0.0305,0.0943
1779988771280,1,12.00000015,Lower Delivery,Loading,pitch.0,437119,-0.5473,-0.1932,0.404,-0.061,-0.0376,-0.0107,0.0,0.0
1779988771280,1,12.00000015,Lower Delivery,Loading,pitch.0,437120,-0.5472,-0.1832,0.4149,-0.0589,-0.0342,-0.0114,0.0,0.0
1779988771280,1,12.00000018,Upper Delivery,Loading,pitch.0,437978,-0.0611,0.0515,0.0017,-0.0884,-0.0304,-0.0012,0.0,0.0
1779988771280,1,Pitching Mound.Delivery,,Loading,pitch.0,436818,-0.6109,-0.1407,0.4175,-0.0166,-0.0679,0.1525,0.0,0.0
1779988771280,1,Pitching Mound.Delivery,,Loading,pitch.0,436819,-0.6083,-0.1316,0.4166,-0.0068,-0.0645,0.1526,0.0,0.0
1779988771280,1,Pitching Mound.Drive,,Loading,pitch.0,437388,-7.2274,13.1971,73.9271,52.3383,-16.9401,25.6965,0.0305,0.0943
1779988771280,1,Pitching Mound.Parent,,Loading,pitch.0,436439,-7.8241,13.0631,74.6416,52.5034,-17.0326,25.9106,0.0303,0.0955
1779988771280,1,Pitching Mound.Parent,,Loading,pitch.0,436440,-7.8357,13.0655,74.3438,52.3315,-17.0046,25.8492,0.0303,0.0956
1779988771281,1,11.0000004b,Drive,Loading,pitch.0,437389,-7.2293,13.1978,73.7536,52.2425,-16.799,25.6619,0.0303,0.0943
1779988771281,1,12.00000015,Lower Delivery,Loading,pitch.0,437121,-0.5262,-0.2028,0.3896,-0.0658,-0.0245,-0.0101,0.0,0.0
1779988771281,1,12.00000018,Upper Delivery,Loading,pitch.0,437979,-0.0595,0.0598,0.0144,-0.0884,-0.0304,-0.0012,0.0,0.0
1779988771281,1,Pitching Mound.Delivery,,Loading,pitch.0,436820,-0.5857,-0.143,0.404,-0.0266,-0.0549,0.1474,0.0,0.0
1779988771281,1,Pitching Mound.Drive,,Loading,pitch.0,437389,-7.2293,13.1978,73.7536,52.2425,-16.799,25.6619,0.0303,0.0943
1779988771281,1,Pitching Mound.Parent,,Loading,pitch.0,436441,-7.815,13.0549,74.1576,52.2159,-16.8539,25.8093,0.0302,0.0955
1779988771282,1,11.0000004b,Drive,Loading,pitch.0,437390,-7.2414,13.1816,73.6512,52.0547,-16.7702,25.619,0.0303,0.0941
1779988771282,1,12.00000015,Lower Delivery,Loading,pitch.0,437122,-0.5457,-0.2091,0.4118,-0.0553,-0.0192,-0.0091,0.0,0.0
1779988771282,1,12.00000018,Upper Delivery,Loading,pitch.0,437980,-0.065,0.0508,0.0209,-0.0884,-0.0304,-0.0012,0.0,0.0
1779988771282,1,Pitching Mound.Delivery,,Loading,pitch.0,436821,-0.6107,-0.1583,0.4327,-0.0107,-0.0496,0.1531,0.0,0.0
1779988771282,1,Pitching Mound.Drive,,Loading,pitch.0,437390,-7.2414,13.1816,73.6512,52.0547,-16.7702,25.619,0.0303,0.0941
1779988771282,1,Pitching Mound.Parent,,Loading,pitch.0,436442,-7.8522,13.0233,74.0838,52.044,-16.8198,25.7721,0.0301,0.0953
1779988771283,1,11.0000004b,Drive,Loading,pitch.0,437391,-7.2572,13.1986,73.4348,51.898,-16.7108,25.5195,0.0303,0.0941
1779988771283,1,12.00000015,Lower Delivery,Loading,pitch.0,437123,-0.5394,-0.203,0.4323,-0.0398,-0.0142,-0.0088,0.0,0.0
1779988771283,1,12.00000018,Upper Delivery,Loading,pitch.0,437981,-0.0615,0.049,0.0031,-0.0884,-0.0304,-0.0012,0.0,0.0
1779988771283,1,Pitching Mound.Delivery,,Loading,pitch.0,436822,-0.6009,-0.154,0.4354,0.0177,-0.0446,0.1524,0.0,0.0
1779988771283,1,Pitching Mound.Drive,,Loading,pitch.0,437391,-7.2572,13.1986,73.4348,51.898,-16.7108,25.5195,0.0303,0.0941
1779988771283,1,Pitching Mound.Parent,,Loading,pitch.0,436443,-7.8581,13.0446,73.8701,51.9158,-16.7554,25.6719,0.0301,0.0955
1779988771284,1,11.0000004b,Drive,Loading,pitch.0,437392,-7.2521,13.1896,73.2936,51.6818,-16.6656,25.4447,0.0303,0.0939
1779988771284,1,12.00000018,Upper Delivery,Loading,pitch.0,437982,-0.067,0.047,0.0169,-0.0884,-0.0304,-0.0012,0.0,0.0
1779988771284,1,Pitching Mound.Drive,,Loading,pitch.0,437392,-7.2521,13.1896,73.2936,51.6818,-16.6656,25.4447,0.0303,0.0939
1779988771285,1,11.0000004b,Drive,Loading,pitch.0,437393,-7.2399,13.1692,73.0734,51.4271,-16.5976,25.3968,0.0302,0.0937
1779988771285,1,12.00000015,Lower Delivery,Loading,pitch.0,437124,-0.5228,-0.1735,0.4279,-0.0395,-0.0183,-0.0075,0.0,0.0
1779988771285,1,12.00000018,Upper Delivery,Loading,pitch.0,437983,-0.0659,0.0435,0.0038,-0.0884,-0.0304,-0.0012,0.0,0.0
1779988771285,1,Pitching Mound.Delivery,,Loading,pitch.0,436823,-0.5898,-0.1265,0.4449,0.0119,-0.0487,0.1462,0.0,0.0
1779988771285,1,Pitching Mound.Drive,,Loading,pitch.0,437393,-7.2399,13.1692,73.0734,51.4271,-16.5976,25.3968,0.0302,0.0937
1779988771285,1,Pitching Mound.Parent,,Loading,pitch.0,436444,-7.8419,13.0631,73.7385,51.6937,-16.7143,25.5909,0.0301,0.0952
1779988771286,1,11.0000004b,Drive,Loading,pitch.0,437394,-7.2476,13.148,72.897,51.2622,-16.4542,25.3385,0.03,0.0936
1779988771286,1,12.00000015,Lower Delivery,Loading,pitch.0,437125,-0.4527,-0.1561,0.3595,-0.037,-0.0137,-0.0097,0.0,0.0
1779988771286,1,12.00000018,Upper Delivery,Loading,pitch.0,437984,-0.0641,0.0464,0.0087,-0.0884,-0.0304,-0.0012,0.0,0.0
1779988771286,1,Pitching Mound.Delivery,,Loading,pitch.0,436824,-0.5186,-0.1127,0.3633,-0.0044,-0.0441,0.1206,0.0,0.0
1779988771286,1,Pitching Mound.Drive,,Loading,pitch.0,437394,-7.2476,13.148,72.897,51.2622,-16.4542,25.3385,0.03,0.0936
1779988771286,1,Pitching Mound.Parent,,Loading,pitch.0,436445,-7.7585,13.0565,73.4367,51.4228,-16.6417,25.5174,0.0301,0.0949
1779988771287,1,11.0000004b,Drive,Loading,pitch.0,437395,-7.2509,13.1244,72.6764,51.075,-16.2587,25.2777,0.0298,0.0936
1779988771287,1,12.00000015,Lower Delivery,Loading,pitch.0,437126,-0.5003,-0.2,0.3995,-0.0309,-0.0111,-0.0082,0.0,0.0
1779988771287,1,12.00000018,Upper Delivery,Loading,pitch.0,437985,-0.0587,0.0591,0.0409,-0.0884,-0.0304,-0.0012,0.0,0.0
1779988771287,1,Pitching Mound.Delivery,,Loading,pitch.0,436825,-0.5644,-0.1536,0.4082,0.0136,-0.0415,0.139,0.0,0.0
1779988771287,1,Pitching Mound.Drive,,Loading,pitch.0,437395,-7.2509,13.1244,72.6764,51.075,-16.2587,25.2777,0.0298,0.0936
1779988771287,1,Pitching Mound.Parent,,Loading,pitch.0,436446,-7.812,12.9944,73.3052,51.2758,-16.4957,25.4775,0.0299,0.0949
1779988771288,1,11.0000004b,Drive,Loading,pitch.0,437396,-7.2292,13.1185,72.4967,50.9854,-16.2424,25.2229,0.0298,0.0936
1779988771288,1,12.00000015,Lower Delivery,Loading,pitch.0,437127,-0.4903,-0.2294,0.357,-0.0345,-0.0107,-0.0106,0.0,0.0
1779988771288,1,12.00000018,Upper Delivery,Loading,pitch.0,437986,-0.0645,0.0524,0.0296,-0.0884,-0.0304,-0.0012,0.0,0.0
1779988771288,1,Pitching Mound.Delivery,,Loading,pitch.0,436826,-0.549,-0.1703,0.3979,-0.0153,-0.041,0.1349,0.0,0.0
1779988771288,1,Pitching Mound.Drive,,Loading,pitch.0,437396,-7.2292,13.1185,72.4967,50.9854,-16.2424,25.2229,0.0298,0.0936
1779988771288,1,Pitching Mound.Parent,,Loading,pitch.0,436447,-7.7999,12.9541,73.0742,51.0596,-16.2997,25.4125,0.0296,0.0945
1779988771289,1,11.0000004b,Drive,Loading,pitch.0,437397,-7.2159,13.1191,72.3821,50.905,-16.2066,25.1411,0.0298,0.0936
1779988771289,1,12.00000015,Lower Delivery,Loading,pitch.0,437128,-0.5163,-0.2258,0.3808,-0.0313,-0.0115,-0.0099,0.0,0.0
1779988771289,1,12.00000018,Upper Delivery,Loading,pitch.0,437987,-0.0605,0.0565,0.0218,-0.0884,-0.0304,-0.0012,0.0,0.0
1779988771289,1,Pitching Mound.Delivery,,Loading,pitch.0,436827,-0.5808,-0.1734,0.4105,-0.0002,-0.0418,0.1425,0.0,0.0
1779988771289,1,Pitching Mound.Drive,,Loading,pitch.0,437397,-7.2159,13.1191,72.3821,50.905,-16.2066,25.1411,0.0298,0.0936
1779988771289,1,Pitching Mound.Parent,,Loading,pitch.0,436448,-7.8099,12.9451,72.9072,50.9852,-16.2843,25.3654,0.0297,0.0947
1779988771290,1,11.0000004b,Drive,Loading,pitch.0,437398,-7.2009,13.1082,72.1661,50.8213,-15.9698,25.04,0.0295,0.0938
1779988771290,1,12.00000015,Lower Delivery,Loading,pitch.0,437129,-0.5255,-0.2081,0.4099,-0.0328,-0.0182,-0.0108,0.0,0.0
1779988771290,1,12.00000018,Upper Delivery,Loading,pitch.0,437988,-0.0658,0.0599,0.0453,-0.0884,-0.0304,-0.0012,0.0,0.0
1779988771290,1,Pitching Mound.Delivery,,Loading,pitch.0,436828,-0.586,-0.1517,0.4317,0.0108,-0.0486,0.1461,0.0,0.0
1779988771290,1,Pitching Mound.Drive,,Loading,pitch.0,437398,-7.2009,13.1082,72.1661,50.8213,-15.9698,25.04,0.0295,0.0938
1779988771290,1,Pitching Mound.Parent,,Loading,pitch.0,436449,-7.8019,12.9675,72.8138,50.9158,-16.2552,25.2871,0.0296,0.0949
1779988771291,1,11.0000004b,Drive,Loading,pitch.0,437399,-7.1897,13.0951,72.0038,50.738,-15.9703,24.9486,0.0295,0.0938
1779988771291,1,12.00000015,Lower Delivery,Loading,pitch.0,437130,-0.5457,-0.2429,0.428,-0.037,-0.0112,-0.0091,0.0,0.0
1779988771291,1,12.00000018,Upper Delivery,Loading,pitch.0,437989,-0.0618,0.0684,0.0845,-0.0884,-0.0304,-0.0012,0.0,0.0
1779988771291,1,Pitching Mound.Delivery,,Loading,pitch.0,436829,-0.6115,-0.183,0.4733,0.0047,-0.0416,0.1528,0.0,0.0
1779988771291,1,Pitching Mound.Drive,,Loading,pitch.0,437399,-7.1897,13.0951,72.0038,50.738,-15.9703,24.9486,0.0295,0.0938
1779988771291,1,Pitching Mound.Parent,,Loading,pitch.0,436450,-7.8124,12.9252,72.6394,50.826,-16.0114,25.1929,0.0293,0.0949
1779988771292,1,11.0000004b,Drive,Loading,pitch.0,437400,-7.1721,13.0648,71.813,50.5929,-15.902,24.8875,0.0295,0.0938
1779988771292,1,12.00000015,Lower Delivery,Loading,pitch.0,437131,-0.582,-0.2253,0.4886,-0.0372,-0.0117,-0.0086,0.0,0.0
1779988771292,1,12.00000018,Upper Delivery,Loading,pitch.0,437990,-0.0551,0.0677,0.0919,-0.0884,-0.0304,-0.0012,0.0,0.0
1779988771292,1,Pitching Mound.Delivery,,Loading,pitch.0,436830,-0.6438,-0.1569,0.5732,0.0119,-0.0421,0.1671,0.0,0.0
1779988771292,1,Pitching Mound.Drive,,Loading,pitch.0,437400,-7.1721,13.0648,71.813,50.5929,-15.902,24.8875,0.0295,0.0938
1779988771292,1,Pitching Mound.Parent,,Loading,pitch.0,436451,-7.8335,12.9381,72.577,50.7499,-16.0124,25.1157,0.0293,0.095
1779988771293,1,11.0000004b,Drive,Loading,pitch.0,437401,-7.1639,13.0485,71.6682,50.5336,-15.804,24.81,0.0294,0.0939
1779988771293,1,12.00000015,Lower Delivery,Loading,pitch.0,437132,-0.5981,-0.2441,0.5003,-0.0443,-0.0183,-0.008,0.0,0.0
1779988771293,1,12.00000018,Upper Delivery,Loading,pitch.0,437991,-0.0643,0.061,0.0753,-0.0884,-0.0304,-0.0012,0.0,0.0
1779988771293,1,Pitching Mound.Delivery,,Loading,pitch.0,436831,-0.6532,-0.1764,0.5922,0.0062,-0.0487,0.1755,0.0,0.0
1779988771293,1,Pitching Mound.Drive,,Loading,pitch.0,437401,-7.1639,13.0485,71.6682,50.5336,-15.804,24.81,0.0294,0.0939
1779988771293,1,Pitching Mound.Parent,,Loading,pitch.0,436452,-7.8253,12.8884,72.4052,50.5991,-15.9507,25.063,0.0292,0.0949
1779988771294,1,11.0000004b,Drive,Loading,pitch.0,437402,-7.1434,13.0185,71.4667,50.4852,-15.8329,24.7478,0.0295,0.094
1779988771294,1,12.00000015,Lower Delivery,Loading,pitch.0,437134,-0.6438,-0.2571,0.561,-0.0496,-0.0113,-0.0074,0.0,0.0
1779988771294,1,12.00000015,Lower Delivery,Loading,pitch.0,437133,-0.5993,-0.2397,0.5035,-0.0471,-0.0185,-0.0068,0.0,0.0
1779988771294,1,12.00000018,Upper Delivery,Loading,pitch.0,437992,-0.0569,0.0657,0.06,-0.0884,-0.0304,-0.0012,0.0,0.0
1779988771294,1,Pitching Mound.Delivery,,Loading,pitch.0,436832,-0.6635,-0.1787,0.5788,0.0102,-0.0489,0.1739,0.0,0.0
1779988771294,1,Pitching Mound.Delivery,,Loading,pitch.0,436833,-0.7007,-0.1914,0.6209,0.0323,-0.0416,0.1909,0.0,0.0
1779988771294,1,Pitching Mound.Drive,,Loading,pitch.0,437402,-7.1434,13.0185,71.4667,50.4852,-15.8329,24.7478,0.0295,0.094
1779988771294,1,Pitching Mound.Parent,,Loading,pitch.0,436453,-7.8274,12.8698,72.247,50.5438,-15.8529,24.9839,0.0291,0.0951
1779988771294,1,Pitching Mound.Parent,,Loading,pitch.0,436454,-7.8441,12.8271,72.0876,50.5176,-15.8745,24.9387,0.0292,0.0956
1779988771295,1,11.0000004b,Drive,Loading,pitch.0,437403,-7.1142,13.0159,71.3495,50.3757,-15.9154,24.6951,0.0297,0.094
1779988771295,1,12.00000018,Upper Delivery,Loading,pitch.0,437993,-0.0609,0.0606,0.0348,-0.0884,-0.0304,-0.0012,0.0,0.0
1779988771295,1,Pitching Mound.Drive,,Loading,pitch.0,437403,-7.1142,13.0159,71.3495,50.3757,-15.9154,24.6951,0.0297,0.094
1779988771296,1,11.0000004b,Drive,Loading,pitch.0,437404,-7.0984,12.9924,71.1506,50.2364,-15.7766,24.6235,0.0295,0.094
1779988771296,1,12.00000015,Lower Delivery,Loading,pitch.0,437135,-0.6403,-0.293,0.5303,-0.0389,-0.0094,-0.0095,0.0,0.0
1779988771296,1,12.00000018,Upper Delivery,Loading,pitch.0,437994,-0.0619,0.0661,0.0386,-0.0884,-0.0304,-0.0012,0.0,0.0
1779988771296,1,Pitching Mound.Delivery,,Loading,pitch.0,436834,-0.7012,-0.2325,0.5651,0.0412,-0.0397,0.1863,0.0,0.0
1779988771296,1,Pitching Mound.Drive,,Loading,pitch.0,437404,-7.0984,12.9924,71.1506,50.2364,-15.7766,24.6235,0.0295,0.094
1779988771296,1,Pitching Mound.Parent,,Loading,pitch.0,436455,-7.8154,12.7834,71.9146,50.4169,-15.9551,24.8814,0.0295,0.0956
1779988771297,1,11.0000004b,Drive,Loading,pitch.0,437405,-7.0727,12.9688,71.0434,50.1001,-15.7798,24.5601,0.0296,0.0939
1779988771297,1,12.00000015,Lower Delivery,Loading,pitch.0,437136,-0.6537,-0.2881,0.5589,-0.0295,0.0005,-0.0077,0.0,0.0
1779988771297,1,12.00000018,Upper Delivery,Loading,pitch.0,437995,-0.0616,0.0614,0.0317,-0.0884,-0.0304,-0.0012,0.0,0.0
1779988771297,1,Pitching Mound.Delivery,,Loading,pitch.0,436835,-0.7156,-0.222,0.5975,0.0591,-0.0299,0.1923,0.0,0.0
1779988771297,1,Pitching Mound.Drive,,Loading,pitch.0,437405,-7.0727,12.9688,71.0434,50.1001,-15.7798,24.5601,0.0296,0.0939
1779988771297,1,Pitching Mound.Parent,,Loading,pitch.0,436456,-7.8139,12.7704,71.7481,50.2955,-15.8065,24.8158,0.0293,0.0957
1779988771298,1,11.0000004b,Drive,Loading,pitch.0,437406,-7.0849,12.9567,70.8749,50.0351,-15.792,24.508,0.0297,0.094
1779988771298,1,12.00000015,Lower Delivery,Loading,pitch.0,437137,-0.6956,-0.2897,0.6035,-0.0229,0.0107,-0.0063,0.0,0.0
1779988771298,1,12.00000015,Lower Delivery,Loading,pitch.0,437138,-0.6927,-0.2972,0.5986,-0.0161,0.0118,-0.005,0.0,0.0
1779988771298,1,12.00000018,Upper Delivery,Loading,pitch.0,437996,-0.0625,0.0617,0.0394,-0.0884,-0.0304,-0.0012,0.0,0.0
1779988771298,1,Pitching Mound.Delivery,,Loading,pitch.0,436836,-0.7572,-0.2282,0.6352,0.0831,-0.0197,0.2081,0.0,0.0
1779988771298,1,Pitching Mound.Delivery,,Loading,pitch.0,436837,-0.7552,-0.2355,0.638,0.0856,-0.0186,0.208,0.0,0.0
1779988771298,1,Pitching Mound.Drive,,Loading,pitch.0,437406,-7.0849,12.9567,70.8749,50.0351,-15.792,24.508,0.0297,0.094
1779988771298,1,Pitching Mound.Parent,,Loading,pitch.0,436457,-7.83,12.7406,71.6786,50.1832,-15.7994,24.7682,0.0293,0.0958
1779988771298,1,Pitching Mound.Parent,,Loading,pitch.0,436458,-7.8402,12.7212,71.5129,50.1207,-15.8106,24.716,0.0294,0.0958
1779988771299,1,11.0000004b,Drive,Loading,pitch.0,437407,-7.0749,12.9306,70.7981,49.8954,-15.785,24.4365,0.0297,0.0938
1779988771299,1,12.00000018,Upper Delivery,Loading,pitch.0,437997,-0.0566,0.0673,0.0841,-0.0884,-0.0304,-0.0012,0.0,0.0
1779988771299,1,Pitching Mound.Drive,,Loading,pitch.0,437407,-7.0749,12.9306,70.7981,49.8954,-15.785,24.4365,0.0297,0.0938
1779988771300,1,11.0000004b,Drive,Loading,pitch.0,437408,-7.0753,12.9168,70.6945,49.8444,-15.6876,24.3721,0.0295,0.0939
1779988771300,1,12.00000015,Lower Delivery,Loading,pitch.0,437139,-0.6728,-0.2961,0.5725,-0.0174,0.0067,-0.0027,0.0,0.0
1779988771300,1,12.00000018,Upper Delivery,Loading,pitch.0,437998,-0.0269,0.0899,0.0848,-0.0884,-0.0304,-0.0012,0.0,0.0
1779988771300,1,Pitching Mound.Delivery,,Loading,pitch.0,436838,-0.7295,-0.2288,0.6566,0.0603,-0.0237,0.2056,0.0,0.0
1779988771300,1,Pitching Mound.Drive,,Loading,pitch.0,437408,-7.0753,12.9168,70.6945,49.8444,-15.6876,24.3721,0.0295,0.0939
1779988771300,1,Pitching Mound.Parent,,Loading,pitch.0,436459,-7.8044,12.7018,71.4547,49.9557,-15.8087,24.6421,0.0294,0.0953
1779988771301,1,11.0000004b,Drive,Loading,pitch.0,437409,-7.0698,12.8876,70.5691,49.6907,-15.6716,24.3116,0.0296,0.0937
1779988771301,1,12.00000015,Lower Delivery,Loading,pitch.0,437140,-0.6618,-0.3141,0.5547,-0.0266,0.0081,0.0005,0.0,0.0
1779988771301,1,12.00000015,Lower Delivery,Loading,pitch.0,437141,-0.6395,-0.2993,0.5292,-0.0237,0.0009,-0.002,0.0,0.0
1779988771301,1,12.00000018,Upper Delivery,Loading,pitch.0,437999,-0.0131,0.1016,0.0842,-0.0884,-0.0304,-0.0012,0.0,0.0
1779988771301,1,Pitching Mound.Delivery,,Loading,pitch.0,436839,-0.6887,-0.2242,0.6395,0.0448,-0.0223,0.2151,0.0,0.0
1779988771301,1,Pitching Mound.Delivery,,Loading,pitch.0,436840,-0.6526,-0.1977,0.6134,0.0392,-0.0295,0.2098,0.0,0.0
1779988771301,1,Pitching Mound.Drive,,Loading,pitch.0,437409,-7.0698,12.8876,70.5691,49.6907,-15.6716,24.3116,0.0296,0.0937
1779988771301,1,Pitching Mound.Parent,,Loading,pitch.0,436460,-7.764,12.6925,71.334,49.8892,-15.71,24.5873,0.0293,0.0953
1779988771301,1,Pitching Mound.Parent,,Loading,pitch.0,436461,-7.7225,12.6899,71.1826,49.7299,-15.7011,24.5214,0.0293,0.0951
1779988771302,1,11.0000004b,Drive,Loading,pitch.0,437410,-7.0814,12.8857,70.5101,49.6429,-15.6567,24.2525,0.0296,0.0937
1779988771302,1,12.00000018,Upper Delivery,Loading,pitch.0,438000,-0.0125,0.1035,0.0977,-0.0884,-0.0304,-0.0012,0.0,0.0
1779988771302,1,Pitching Mound.Drive,,Loading,pitch.0,437410,-7.0814,12.8857,70.5101,49.6429,-15.6567,24.2525,0.0296,0.0937
1779988771303,1,11.0000004b,Drive,Loading,pitch.0,437411,-7.0776,12.8679,70.3971,49.6057,-15.5231,24.1601,0.0294,0.0938
1779988771303,1,12.00000015,Lower Delivery,Loading,pitch.0,437142,-0.6292,-0.2773,0.5364,-0.0172,0.009,-0.0035,0.0,0.0
1779988771303,1,12.00000018,Upper Delivery,Loading,pitch.0,438001,-0.0204,0.0951,0.0805,-0.0884,-0.0304,-0.0012,0.0,0.0
1779988771303,1,Pitching Mound.Delivery,,Loading,pitch.0,436841,-0.6418,-0.1737,0.6341,0.0436,-0.0213,0.205,0.0,0.0
1779988771303,1,Pitching Mound.Drive,,Loading,pitch.0,437411,-7.0776,12.8679,70.3971,49.6057,-15.5231,24.1601,0.0294,0.0938
1779988771303,1,Pitching Mound.Parent,,Loading,pitch.0,436462,-7.7232,12.712,71.1442,49.6864,-15.6781,24.4575,0.0293,0.095
1779988771304,1,11.0000004b,Drive,Loading,pitch.0,437412,-7.0877,12.8445,70.294,49.5731,-15.4831,24.1041,0.0293,0.0939
1779988771304,1,12.00000015,Lower Delivery,Loading,pitch.0,437144,-0.6778,-0.2746,0.5712,-0.0354,-0.0083,-0.0044,0.0,0.0
1779988771304,1,12.00000015,Lower Delivery,Loading,pitch.0,437143,-0.6568,-0.2633,0.5786,-0.0296,-0.0005,-0.0027,0.0,0.0
1779988771304,1,12.00000018,Upper Delivery,Loading,pitch.0,438002,-0.0176,0.0963,0.08,-0.0884,-0.0304,-0.0012,0.0,0.0
1779988771304,1,Pitching Mound.Delivery,,Loading,pitch.0,436842,-0.6772,-0.1682,0.6591,0.0514,-0.0309,0.2125,0.0,0.0
1779988771304,1,Pitching Mound.Delivery,,Loading,pitch.0,436843,-0.6954,-0.1783,0.6512,0.0432,-0.0387,0.2188,0.0,0.0
1779988771304,1,Pitching Mound.Drive,,Loading,pitch.0,437412,-7.0877,12.8445,70.294,49.5731,-15.4831,24.1041,0.0293,0.0939
1779988771304,1,Pitching Mound.Parent,,Loading,pitch.0,436464,-7.7831,12.6662,70.9453,49.6163,-15.5217,24.3229,0.0291,0.0954
1779988771304,1,Pitching Mound.Parent,,Loading,pitch.0,436463,-7.7547,12.6998,71.0562,49.6571,-15.554,24.3726,0.0291,0.0953
1779988771305,1,11.0000004b,Drive,Loading,pitch.0,437413,-7.1142,12.8244,70.186,49.45,-15.2549,24.0273,0.0289,0.0938
1779988771305,1,12.00000015,Lower Delivery,Loading,pitch.0,437145,-0.7109,-0.2937,0.5962,-0.0382,-0.0159,-0.0057,0.0,0.0
1779988771305,1,12.00000018,Upper Delivery,Loading,pitch.0,438003,-0.015,0.0979,0.0624,-0.0884,-0.0304,-0.0012,0.0,0.0
1779988771305,1,Pitching Mound.Delivery,,Loading,pitch.0,436844,-0.7259,-0.1958,0.6586,0.0549,-0.0463,0.2297,0.0,0.0
1779988771305,1,Pitching Mound.Drive,,Loading,pitch.0,437413,-7.1142,12.8244,70.186,49.45,-15.2549,24.0273,0.0289,0.0938
1779988771305,1,Pitching Mound.Parent,,Loading,pitch.0,436465,-7.84,12.6286,70.8445,49.5049,-15.3012,24.257,0.0287,0.0955
1779988771306,1,11.0000004b,Drive,Loading,pitch.0,437414,-7.1246,12.8189,70.0357,49.4277,-15.1978,23.8897,0.0289,0.094
1779988771306,1,12.00000018,Upper Delivery,Loading,pitch.0,438004,-0.0004,0.1087,0.066,-0.0884,-0.0304,-0.0012,0.0,0.0
1779988771306,1,Pitching Mound.Drive,,Loading,pitch.0,437414,-7.1246,12.8189,70.0357,49.4277,-15.1978,23.8897,0.0289,0.094
1779988771307,1,11.0000004b,Drive,Loading,pitch.0,437415,-7.1419,12.785,69.8878,49.2832,-15.0981,23.7886,0.0288,0.0939
1779988771307,1,12.00000015,Lower Delivery,Loading,pitch.0,437146,-0.6921,-0.284,0.6083,-0.0447,-0.0247,-0.0082,0.0,0.0
1779988771307,1,12.00000018,Upper Delivery,Loading,pitch.0,438005,-0.018,0.0879,0.0294,-0.0884,-0.0304,-0.0012,0.0,0.0
1779988771307,1,Pitching Mound.Delivery,,Loading,pitch.0,436845,-0.6925,-0.1753,0.6743,0.0513,-0.055,0.2257,0.0,0.0
1779988771307,1,Pitching Mound.Drive,,Loading,pitch.0,437415,-7.1419,12.785,69.8878,49.2832,-15.0981,23.7886,0.0288,0.0939
1779988771307,1,Pitching Mound.Parent,,Loading,pitch.0,436466,-7.817,12.6436,70.71,49.479,-15.2529,24.1154,0.0286,0.0957
1779988771308,1,11.0000004b,Drive,Loading,pitch.0,437416,-7.1523,12.7806,69.7995,49.3746,-14.9944,23.7129,0.0286,0.0942
1779988771308,1,12.00000015,Lower Delivery,Loading,pitch.0,437147,-0.6401,-0.2785,0.5217,-0.0486,-0.0301,-0.0071,0.0,0.0
1779988771308,1,12.00000015,Lower Delivery,Loading,pitch.0,437148,-0.5952,-0.2441,0.4806,-0.0595,-0.0371,-0.0093,0.0,0.0
1779988771308,1,12.00000018,Upper Delivery,Loading,pitch.0,438006,-0.03,0.0823,0.0327,-0.0884,-0.0304,-0.0012,0.0,0.0
1779988771308,1,Pitching Mound.Delivery,,Loading,pitch.0,436846,-0.6581,-0.1906,0.5511,0.0304,-0.0604,0.2032,0.0,0.0
1779988771308,1,Pitching Mound.Delivery,,Loading,pitch.0,436847,-0.6252,-0.1618,0.5134,0.0044,-0.0674,0.1817,0.0,0.0
1779988771308,1,Pitching Mound.Drive,,Loading,pitch.0,437416,-7.1523,12.7806,69.7995,49.3746,-14.9944,23.7129,0.0286,0.0942
1779988771308,1,Pitching Mound.Parent,,Loading,pitch.0,436467,-7.8,12.5945,70.4389,49.3136,-15.1585,23.9918,0.0285,0.0955
1779988771308,1,Pitching Mound.Parent,,Loading,pitch.0,436468,-7.7776,12.6188,70.3128,49.379,-15.0618,23.8946,0.0284,0.0956
1779988771309,1,11.0000004b,Drive,Loading,pitch.0,437417,-7.1334,12.7524,69.7406,49.2329,-14.9094,23.6094,0.0285,0.094
1779988771309,1,12.00000015,Lower Delivery,Loading,pitch.0,437149,-0.5489,-0.2374,0.4455,-0.0547,-0.0299,-0.0084,0.0,0.0
1779988771309,1,12.00000018,Upper Delivery,Loading,pitch.0,438007,-0.0418,0.0716,-0.0044,-0.0884,-0.0304,-0.0012,0.0,0.0
1779988771309,1,Pitching Mound.Delivery,,Loading,pitch.0,436848,-0.5907,-0.1657,0.4411,0.0099,-0.0603,0.1628,0.0,0.0
1779988771309,1,Pitching Mound.Drive,,Loading,pitch.0,437417,-7.1334,12.7524,69.7406,49.2329,-14.9094,23.6094,0.0285,0.094
1779988771309,1,Pitching Mound.Parent,,Loading,pitch.0,436469,-7.7241,12.5867,70.1817,49.2427,-14.9696,23.7721,0.0283,0.0956
1779988771310,1,11.0000004b,Drive,Loading,pitch.0,437418,-7.1465,12.7178,69.6549,49.1484,-14.8118,23.5283,0.0283,0.0939
1779988771310,1,12.00000018,Upper Delivery,Loading,pitch.0,438008,-0.0589,0.0574,0.0047,-0.0884,-0.0304,-0.0012,0.0,0.0
1779988771310,1,Pitching Mound.Drive,,Loading,pitch.0,437418,-7.1465,12.7178,69.6549,49.1484,-14.8118,23.5283,0.0283,0.0939
1779988771311,1,11.0000004b,Drive,Loading,pitch.0,437419,-7.1353,12.6833,69.4968,49.1139,-14.6898,23.392,0.0281,0.0941
1779988771311,1,12.00000015,Lower Delivery,Loading,pitch.0,437151,-0.4936,-0.2109,0.3887,-0.0704,-0.0408,-0.0071,0.0,0.0
1779988771311,1,12.00000015,Lower Delivery,Loading,pitch.0,437150,-0.5261,-0.2271,0.4164,-0.0707,-0.0426,-0.0071,0.0,0.0
1779988771311,1,12.00000018,Upper Delivery,Loading,pitch.0,438009,-0.0465,0.0723,0.0043,-0.0884,-0.0304,-0.0012,0.0,0.0
1779988771311,1,Pitching Mound.Delivery,,Loading,pitch.0,436849,-0.585,-0.1697,0.4211,-0.0191,-0.073,0.1505,0.0,0.0
1779988771311,1,Pitching Mound.Delivery,,Loading,pitch.0,436850,-0.5402,-0.1386,0.393,-0.028,-0.0711,0.1437,0.0,0.0
1779988771311,1,Pitching Mound.Drive,,Loading,pitch.0,437419,-7.1353,12.6833,69.4968,49.1139,-14.6898,23.392,0.0281,0.0941
1779988771311,1,Pitching Mound.Parent,,Loading,pitch.0,436470,-7.7316,12.5481,70.0759,49.1293,-14.8847,23.6788,0.0281,0.0954
1779988771311,1,Pitching Mound.Parent,,Loading,pitch.0,436471,-7.6754,12.5447,69.8898,49.0859,-14.7609,23.5357,0.028,0.0954
1779988771312,1,11.0000004b,Drive,Loading,pitch.0,437420,-7.1217,12.6711,69.3929,49.1427,-14.56,23.2789,0.0279,0.0943
1779988771312,1,12.00000015,Lower Delivery,Loading,pitch.0,437152,-0.5161,-0.1921,0.4301,-0.0714,-0.0369,-0.0065,0.0,0.0
1779988771312,1,12.00000018,Upper Delivery,Loading,pitch.0,438010,-0.054,0.0624,0.0195,-0.0884,-0.0304,-0.0012,0.0,0.0
1779988771312,1,Pitching Mound.Delivery,,Loading,pitch.0,436851,-0.5702,-0.1298,0.4496,-0.0202,-0.0673,0.1494,0.0,0.0
1779988771312,1,Pitching Mound.Drive,,Loading,pitch.0,437420,-7.1217,12.6711,69.3929,49.1427,-14.56,23.2789,0.0279,0.0943
1779988771312,1,Pitching Mound.Parent,,Loading,pitch.0,436472,-7.6919,12.5413,69.8425,49.1225,-14.6272,23.4284,0.0278,0.0957
1779988771313,1,11.0000004b,Drive,Loading,pitch.0,437421,-7.1104,12.6369,69.3484,49.1426,-14.4723,23.17,0.0278,0.0943
1779988771313,1,12.00000015,Lower Delivery,Loading,pitch.0,437153,-0.4972,-0.1776,0.4319,-0.0679,-0.0369,-0.0067,0.0,0.0
1779988771313,1,12.00000018,Upper Delivery,Loading,pitch.0,438011,-0.0363,0.0797,0.0238,-0.0884,-0.0304,-0.0012,0.0,0.0
1779988771313,1,Pitching Mound.Delivery,,Loading,pitch.0,436852,-0.5335,-0.0979,0.4557,-0.0175,-0.0673,0.1489,0.0,0.0
1779988771313,1,Pitching Mound.Drive,,Loading,pitch.0,437421,-7.1104,12.6369,69.3484,49.1426,-14.4723,23.17,0.0278,0.0943
1779988771313,1,Pitching Mound.Parent,,Loading,pitch.0,436473,-7.6439,12.539,69.8041,49.1251,-14.5396,23.3189,0.0276,0.0957
1779988771314,1,11.0000004b,Drive,Loading,pitch.0,437422,-7.1044,12.6133,69.2807,49.2688,-14.3732,23.0448,0.0276,0.0947
1779988771314,1,12.00000015,Lower Delivery,Loading,pitch.0,437154,-0.4847,-0.1846,0.4037,-0.0708,-0.038,-0.0069,0.0,0.0
1779988771314,1,12.00000018,Upper Delivery,Loading,pitch.0,438012,-0.0384,0.0782,0.0515,-0.0884,-0.0304,-0.0012,0.0,0.0
1779988771314,1,Pitching Mound.Delivery,,Loading,pitch.0,436853,-0.523,-0.1064,0.4551,-0.0394,-0.0683,0.1436,0.0,0.0
1779988771314,1,Pitching Mound.Drive,,Loading,pitch.0,437422,-7.1044,12.6133,69.2807,49.2688,-14.3732,23.0448,0.0276,0.0947
1779988771314,1,Pitching Mound.Parent,,Loading,pitch.0,436474,-7.6275,12.5069,69.7359,49.2294,-14.4415,23.1884,0.0274,0.0958
1779988771315,1,11.0000004b,Drive,Loading,pitch.0,437423,-7.0845,12.5764,69.1675,49.3293,-14.1974,22.9149,0.0273,0.0949
1779988771315,1,12.00000015,Lower Delivery,Loading,pitch.0,437155,-0.4542,-0.2017,0.3744,-0.0695,-0.0279,-0.0078,0.0,0.0
1779988771315,1,12.00000018,Upper Delivery,Loading,pitch.0,438013,-0.0413,0.0763,0.0589,-0.0884,-0.0304,-0.0012,0.0,0.0
1779988771315,1,Pitching Mound.Delivery,,Loading,pitch.0,436854,-0.4955,-0.1254,0.4333,-0.0506,-0.0582,0.1314,0.0,0.0
1779988771315,1,Pitching Mound.Drive,,Loading,pitch.0,437423,-7.0845,12.5764,69.1675,49.3293,-14.1974,22.9149,0.0273,0.0949
1779988771315,1,Pitching Mound.Parent,,Loading,pitch.0,436475,-7.58,12.451,69.6008,49.2786,-14.2556,23.0463,0.0272,0.0959
1779988771316,1,11.0000004b,Drive,Loading,pitch.0,437424,-7.0551,12.5484,69.1787,49.5075,-14.151,22.8004,0.0272,0.0953
1779988771316,1,12.00000015,Lower Delivery,Loading,pitch.0,437156,-0.4256,-0.1987,0.3402,-0.0633,-0.0249,-0.0088,0.0,0.0
1779988771316,1,12.00000018,Upper Delivery,Loading,pitch.0,438014,-0.0496,0.0716,0.059,-0.0884,-0.0304,-0.0012,0.0,0.0
1779988771316,1,Pitching Mound.Delivery,,Loading,pitch.0,436855,-0.4752,-0.1271,0.3993,-0.0561,-0.0552,0.1179,0.0,0.0
1779988771316,1,Pitching Mound.Drive,,Loading,pitch.0,437424,-7.0551,12.5484,69.1787,49.5075,-14.151,22.8004,0.0272,0.0953
1779988771316,1,Pitching Mound.Parent,,Loading,pitch.0,436476,-7.5303,12.4213,69.578,49.4514,-14.2062,22.9183,0.0271,0.0961
1779988771317,1,11.0000004b,Drive,Loading,pitch.0,437425,-7.0294,12.5045,69.1327,49.5224,-13.9905,22.7143,0.0269,0.0954
1779988771317,1,12.00000015,Lower Delivery,Loading,pitch.0,437157,-0.4668,-0.1826,0.3872,-0.0502,-0.0291,-0.0114,0.0,0.0
1779988771317,1,12.00000018,Upper Delivery,Loading,pitch.0,438015,-0.0469,0.0724,0.0526,-0.0884,-0.0304,-0.0012,0.0,0.0
1779988771317,1,Pitching Mound.Delivery,,Loading,pitch.0,436856,-0.5137,-0.1102,0.4398,-0.0248,-0.0595,0.1302,0.0,0.0
1779988771317,1,Pitching Mound.Drive,,Loading,pitch.0,437425,-7.0294,12.5045,69.1327,49.5224,-13.9905,22.7143,0.0269,0.0954
1779988771317,1,Pitching Mound.Parent,,Loading,pitch.0,436477,-7.5431,12.3943,69.5725,49.4976,-14.05,22.8445,0.0268,0.0964
1779988771318,1,11.0000004b,Drive,Loading,pitch.0,437426,-6.993,12.4714,69.1199,49.5867,-13.9227,22.5491,0.0268,0.0955
1779988771318,1,12.00000015,Lower Delivery,Loading,pitch.0,437158,-0.4921,-0.2004,0.4138,-0.0547,-0.025,-0.0096,0.0,0.0
1779988771318,1,12.00000018,Upper Delivery,Loading,pitch.0,438016,-0.0429,0.0768,0.0884,-0.0884,-0.0304,-0.0012,0.0,0.0
1779988771318,1,Pitching Mound.Delivery,,Loading,pitch.0,436857,-0.535,-0.1236,0.5022,-0.0324,-0.0554,0.1419,0.0,0.0
1779988771318,1,Pitching Mound.Drive,,Loading,pitch.0,437426,-6.993,12.4714,69.1199,49.5867,-13.9227,22.5491,0.0268,0.0955
1779988771318,1,Pitching Mound.Parent,,Loading,pitch.0,436478,-7.528,12.3478,69.6221,49.5543,-13.9781,22.691,0.0266,0.0964
1779988771319,1,11.0000004b,Drive,Loading,pitch.0,437427,-6.9492,12.4471,69.0866,49.7089,-13.7359,22.416,0.0265,0.0958
1779988771319,1,12.00000015,Lower Delivery,Loading,pitch.0,437159,-0.4815,-0.1985,0.4066,-0.0509,-0.0297,-0.0108,0.0,0.0
1779988771319,1,12.00000018,Upper Delivery,Loading,pitch.0,438017,-0.029,0.0919,0.1084,-0.0884,-0.0304,-0.0012,0.0,0.0
1779988771319,1,Pitching Mound.Delivery,,Loading,pitch.0,436858,-0.5105,-0.1066,0.5151,-0.0379,-0.0601,0.1418,0.0,0.0
1779988771319,1,Pitching Mound.Drive,,Loading,pitch.0,437427,-6.9492,12.4471,69.0866,49.7089,-13.7359,22.416,0.0265,0.0958
1779988771319,1,Pitching Mound.Parent,,Loading,pitch.0,436479,-7.4597,12.3405,69.6016,49.671,-13.796,22.5579,0.0263,0.0965
1779988771320,1,11.0000004b,Drive,Loading,pitch.0,437428,-6.9253,12.3993,68.9744,49.761,-13.6034,22.2551,0.0263,0.096
1779988771320,1,12.00000015,Lower Delivery,Loading,pitch.0,437160,-0.4297,-0.2489,0.331,-0.0442,-0.0297,-0.0109,0.0,0.0
1779988771320,1,12.00000018,Upper Delivery,Loading,pitch.0,438018,-0.0368,0.0906,0.122,-0.0884,-0.0304,-0.0012,0.0,0.0
1779988771320,1,Pitching Mound.Delivery,,Loading,pitch.0,436859,-0.4665,-0.1583,0.453,-0.0615,-0.0601,0.1214,0.0,0.0
1779988771320,1,Pitching Mound.Drive,,Loading,pitch.0,437428,-6.9253,12.3993,68.9744,49.761,-13.6034,22.2551,0.0263,0.096
1779988771320,1,Pitching Mound.Parent,,Loading,pitch.0,436480,-7.3918,12.241,69.4274,49.6996,-13.6635,22.3765,0.0261,0.0964
1779988771321,1,11.0000004b,Drive,Loading,pitch.0,437429,-6.8704,12.3689,68.9243,49.8101,-13.4796,22.1243,0.026,0.0962
1779988771321,1,12.00000015,Lower Delivery,Loading,pitch.0,437161,-0.4463,-0.2465,0.3268,-0.0421,-0.0299,-0.0122,0.0,0.0
1779988771321,1,12.00000018,Upper Delivery,Loading,pitch.0,438019,-0.0439,0.0835,0.092,-0.0884,-0.0304,-0.0012,0.0,0.0
1779988771321,1,Pitching Mound.Delivery,,Loading,pitch.0,436860,-0.4902,-0.163,0.4187,-0.0506,-0.0603,0.1234,0.0,0.0
1779988771321,1,Pitching Mound.Drive,,Loading,pitch.0,437429,-6.8704,12.3689,68.9243,49.8101,-13.4796,22.1243,0.026,0.0962
1779988771321,1,Pitching Mound.Parent,,Loading,pitch.0,436481,-7.3605,12.2059,69.3431,49.7595,-13.5399,22.2477,0.0259,0.0968
1779988771322,1,11.0000004b,Drive,Loading,pitch.0,437430,-6.8176,12.3115,68.8728,49.7727,-13.4227,21.9666,0.0259,0.0962
1779988771322,1,12.00000015,Lower Delivery,Loading,pitch.0,437162,-0.4568,-0.2465,0.3461,-0.04,-0.0217,-0.0118,0.0,0.0
1779988771322,1,12.00000018,Upper Delivery,Loading,pitch.0,438020,-0.0429,0.0801,0.0775,-0.0884,-0.0304,-0.0012,0.0,0.0
1779988771322,1,Pitching Mound.Delivery,,Loading,pitch.0,436861,-0.4997,-0.1665,0.4236,-0.0371,-0.0521,0.1277,0.0,0.0
1779988771322,1,Pitching Mound.Drive,,Loading,pitch.0,437430,-6.8176,12.3115,68.8728,49.7727,-13.4227,21.9666,0.0259,0.0962
1779988771322,1,Pitching Mound.Parent,,Loading,pitch.0,436482,-7.3173,12.145,69.2964,49.7357,-13.4748,22.0943,0.0258,0.0969
1779988771323,1,11.0000004b,Drive,Loading,pitch.0,437431,-6.7589,12.267,68.8011,49.766,-13.4193,21.8407,0.026,0.0963
1779988771323,1,12.00000015,Lower Delivery,Loading,pitch.0,437163,-0.492,-0.2732,0.3798,-0.0374,-0.0174,-0.0115,0.0,0.0
1779988771323,1,12.00000018,Upper Delivery,Loading,pitch.0,438021,-0.0351,0.0921,0.1232,-0.0884,-0.0304,-0.0012,0.0,0.0
1779988771323,1,Pitching Mound.Delivery,,Loading,pitch.0,436862,-0.5271,-0.1812,0.503,-0.0386,-0.0478,0.1427,0.0,0.0
1779988771323,1,Pitching Mound.Drive,,Loading,pitch.0,437431,-6.7589,12.267,68.8011,49.766,-13.4193,21.8407,0.026,0.0963
1779988771323,1,Pitching Mound.Parent,,Loading,pitch.0,436483,-7.2859,12.0858,69.3041,49.7274,-13.467,21.9833,0.0258,0.0969
1779988771324,1,11.0000004b,Drive,Loading,pitch.0,437432,-6.7035,12.221,68.6492,49.7216,-13.325,21.6967,0.0258,0.0964
1779988771324,1,12.00000015,Lower Delivery,Loading,pitch.0,437164,-0.4324,-0.2578,0.3116,-0.042,-0.0148,-0.0115,0.0,0.0
1779988771324,1,12.00000018,Upper Delivery,Loading,pitch.0,438022,-0.0574,0.0599,0.035,-0.0884,-0.0304,-0.0012,0.0,0.0
1779988771324,1,Pitching Mound.Delivery,,Loading,pitch.0,436863,-0.4898,-0.1979,0.3466,-0.0363,-0.0452,0.1148,0.0,0.0
1779988771324,1,Pitching Mound.Drive,,Loading,pitch.0,437432,-6.7035,12.221,68.6492,49.7216,-13.325,21.6967,0.0258,0.0964
1779988771324,1,Pitching Mound.Parent,,Loading,pitch.0,436484,-7.1933,12.0231,68.9959,49.6853,-13.3701,21.8115,0.0257,0.0973
1779988771325,1,11.0000004b,Drive,Loading,pitch.0,437433,-6.6472,12.1802,68.6111,49.681,-13.215,21.5746,0.0256,0.0964
1779988771325,1,12.00000015,Lower Delivery,Loading,pitch.0,437165,-0.4603,-0.2246,0.369,-0.0257,-0.0042,-0.012,0.0,0.0
1779988771325,1,12.00000018,Upper Delivery,Loading,pitch.0,438023,-0.0478,0.0722,0.0443,-0.0884,-0.0304,-0.0012,0.0,0.0
1779988771325,1,Pitching Mound.Delivery,,Loading,pitch.0,436864,-0.5081,-0.1524,0.4133,-0.0036,-0.0346,0.127,0.0,0.0
1779988771325,1,Pitching Mound.Drive,,Loading,pitch.0,437433,-6.6472,12.1802,68.6111,49.681,-13.215,21.5746,0.0256,0.0964
1779988771325,1,Pitching Mound.Parent,,Loading,pitch.0,436485,-7.1553,12.0278,69.0244,49.6774,-13.2496,21.7016,0.0255,0.0974
1779988771326,1,11.0000004b,Drive,Loading,pitch.0,437434,-6.5857,12.1405,68.6049,49.6051,-13.1832,21.4306,0.0256,0.0963
1779988771326,1,12.00000015,Lower Delivery,Loading,pitch.0,437166,-0.5078,-0.2047,0.4269,-0.0344,-0.0094,-0.0129,0.0,0.0
1779988771326,1,12.00000018,Upper Delivery,Loading,pitch.0,438024,-0.0518,0.0635,0.0212,-0.0884,-0.0304,-0.0012,0.0,0.0
1779988771326,1,Pitching Mound.Delivery,,Loading,pitch.0,436865,-0.5596,-0.1412,0.4481,0.0152,-0.0398,0.1409,0.0,0.0
1779988771326,1,Pitching Mound.Drive,,Loading,pitch.0,437434,-6.5857,12.1405,68.6049,49.6051,-13.1832,21.4306,0.0256,0.0963
1779988771326,1,Pitching Mound.Parent,,Loading,pitch.0,436486,-7.1453,11.9993,69.0529,49.6203,-13.2229,21.5715,0.0254,0.0976
1779988771327,1,11.0000004b,Drive,Loading,pitch.0,437435,-6.5255,12.0947,68.4647,49.6392,-13.007,21.2966,0.0253,0.0965
1779988771327,1,12.00000015,Lower Delivery,Loading,pitch.0,437167,-0.5582,-0.2086,0.4909,-0.0337,-0.0056,-0.0136,0.0,0.0
1779988771327,1,12.00000018,Upper Delivery,Loading,pitch.0,438025,-0.0256,0.0938,0.103,-0.0884,-0.0304,-0.0012,0.0,0.0
1779988771327,1,Pitching Mound.Delivery,,Loading,pitch.0,436866,-0.5838,-0.1148,0.5939,0.0098,-0.036,0.1663,0.0,0.0
1779988771327,1,Pitching Mound.Drive,,Loading,pitch.0,437435,-6.5255,12.0947,68.4647,49.6392,-13.007,21.2966,0.0253,0.0965
1779988771327,1,Pitching Mound.Parent,,Loading,pitch.0,436487,-7.1093,11.9799,69.0586,49.649,-13.043,21.4629,0.0251,0.0976
1779988771328,1,11.0000004b,Drive,Loading,pitch.0,437436,-6.4694,12.0682,68.3964,49.6811,-12.9542,21.1398,0.0252,0.0967
1779988771328,1,12.00000015,Lower Delivery,Loading,pitch.0,437168,-0.5989,-0.2199,0.5347,-0.0307,-0.0008,-0.0106,0.0,0.0
1779988771328,1,12.00000018,Upper Delivery,Loading,pitch.0,438026,-0.0255,0.0881,0.0949,-0.0884,-0.0304,-0.0012,0.0,0.0
1779988771328,1,Pitching Mound.Delivery,,Loading,pitch.0,436867,-0.6244,-0.1318,0.6297,0.0304,-0.0312,0.1831,0.0,0.0
1779988771328,1,Pitching Mound.Drive,,Loading,pitch.0,437436,-6.4694,12.0682,68.3964,49.6811,-12.9542,21.1398,0.0252,0.0967
1779988771328,1,Pitching Mound.Parent,,Loading,pitch.0,436488,-7.0938,11.9364,69.0261,49.7115,-12.9854,21.3229,0.025,0.098
1779988771329,1,11.0000004b,Drive,Loading,pitch.0,437437,-6.4114,12.0195,68.2975,49.8195,-12.7707,20.9816,0.0249,0.0971
1779988771329,1,12.00000015,Lower Delivery,Loading,pitch.0,437169,-0.597,-0.197,0.5497,-0.028,0.0008,-0.0104,0.0,0.0
1779988771329,1,12.00000018,Upper Delivery,Loading,pitch.0,438027,-0.0399,0.0715,0.0509,-0.0884,-0.0304,-0.0012,0.0,0.0
1779988771329,1,Pitching Mound.Delivery,,Loading,pitch.0,436868,-0.6369,-0.1256,0.6006,0.0532,-0.0295,0.1778,0.0,0.0
1779988771329,1,Pitching Mound.Drive,,Loading,pitch.0,437437,-6.4114,12.0195,68.2975,49.8195,-12.7707,20.9816,0.0249,0.0971
1779988771329,1,Pitching Mound.Parent,,Loading,pitch.0,436489,-7.0483,11.894,68.8981,49.8727,-12.8002,21.1594,0.0247,0.0987
1779988771330,1,11.0000004b,Drive,Loading,pitch.0,437438,-6.3478,11.9707,68.1673,49.8526,-12.7375,20.8534,0.0249,0.0974
1779988771330,1,12.00000015,Lower Delivery,Loading,pitch.0,437170,-0.5868,-0.1839,0.5554,-0.0287,-0.0007,-0.0084,0.0,0.0
1779988771330,1,12.00000018,Upper Delivery,Loading,pitch.0,438028,-0.0376,0.071,0.0477,-0.0884,-0.0304,-0.0012,0.0,0.0
1779988771330,1,Pitching Mound.Delivery,,Loading,pitch.0,436869,-0.6244,-0.1129,0.6032,0.0555,-0.0311,0.1771,0.0,0.0
1779988771330,1,Pitching Mound.Drive,,Loading,pitch.0,437438,-6.3478,11.9707,68.1673,49.8526,-12.7375,20.8534,0.0249,0.0974
1779988771330,1,Pitching Mound.Parent,,Loading,pitch.0,436490,-6.9723,11.8578,68.7704,49.9081,-12.7685,21.0305,0.0247,0.099
1779988771331,1,11.0000004b,Drive,Loading,pitch.0,437439,-6.278,11.9559,68.109,50.0203,-12.6367,20.7284,0.0247,0.0978
1779988771331,1,12.00000015,Lower Delivery,Loading,pitch.0,437171,-0.5959,-0.1809,0.5658,-0.0308,0.01,-0.0049,0.0,0.0
1779988771331,1,12.00000018,Upper Delivery,Loading,pitch.0,438029,-0.0458,0.0632,0.0282,-0.0884,-0.0304,-0.0012,0.0,0.0
1779988771331,1,Pitching Mound.Delivery,,Loading,pitch.0,436870,-0.6417,-0.1177,0.594,0.0637,-0.0204,0.1809,0.0,0.0
1779988771331,1,Pitching Mound.Drive,,Loading,pitch.0,437439,-6.278,11.9559,68.109,50.0203,-12.6367,20.7284,0.0247,0.0978
1779988771331,1,Pitching Mound.Parent,,Loading,pitch.0,436491,-6.9197,11.8382,68.703,50.0839,-12.657,20.9093,0.0245,0.0996
1779988771332,1,11.0000004b,Drive,Loading,pitch.0,437440,-6.2041,11.9355,68.065,50.073,-12.5114,20.5822,0.0245,0.0979
1779988771332,1,12.00000015,Lower Delivery,Loading,pitch.0,437172,-0.5631,-0.1816,0.5198,-0.0157,0.0236,-0.0032,0.0,0.0
1779988771332,1,12.00000018,Upper Delivery,Loading,pitch.0,438030,-0.0446,0.0665,0.0276,-0.0884,-0.0304,-0.0012,0.0,0.0
1779988771332,1,Pitching Mound.Delivery,,Loading,pitch.0,436871,-0.6077,-0.1151,0.5475,0.0632,-0.0067,0.1719,0.0,0.0
1779988771332,1,Pitching Mound.Drive,,Loading,pitch.0,437440,-6.2041,11.9355,68.065,50.073,-12.5114,20.5822,0.0245,0.0979
1779988771332,1,Pitching Mound.Parent,,Loading,pitch.0,436492,-6.8118,11.8204,68.6124,50.1363,-12.5182,20.754,0.0243,0.0996
1779988771333,1,11.0000004b,Drive,Loading,pitch.0,437441,-6.1454,11.9132,68.0144,50.1729,-12.3119,20.4278,0.0241,0.0982
1779988771333,1,12.00000015,Lower Delivery,Loading,pitch.0,437173,-0.5768,-0.194,0.5419,-0.0204,0.0244,-0.0027,0.0,0.0
1779988771333,1,12.00000018,Upper Delivery,Loading,pitch.0,438031,-0.0433,0.0642,0.0215,-0.0884,-0.0304,-0.0012,0.0,0.0
1779988771333,1,Pitching Mound.Delivery,,Loading,pitch.0,436872,-0.6201,-0.1298,0.5634,0.0681,-0.006,0.1775,0.0,0.0
1779988771333,1,Pitching Mound.Drive,,Loading,pitch.0,437441,-6.1454,11.9132,68.0144,50.1729,-12.3119,20.4278,0.0241,0.0982
1779988771333,1,Pitching Mound.Parent,,Loading,pitch.0,436493,-6.7655,11.7834,68.5777,50.241,-12.3178,20.6053,0.0239,0.1
1779988771334,1,11.0000004b,Drive,Loading,pitch.0,437442,-6.0767,11.8786,67.907,50.2932,-12.2522,20.2738,0.024,0.0986
1779988771334,1,12.00000015,Lower Delivery,Loading,pitch.0,437174,-0.5163,-0.2065,0.4633,-0.0196,0.0171,-0.0022,0.0,0.0
1779988771334,1,12.00000018,Upper Delivery,Loading,pitch.0,438032,-0.0421,0.0678,0.0414,-0.0884,-0.0304,-0.0012,0.0,0.0
1779988771334,1,Pitching Mound.Delivery,,Loading,pitch.0,436873,-0.5585,-0.1387,0.5048,0.0355,-0.0132,0.1578,0.0,0.0
1779988771334,1,Pitching Mound.Drive,,Loading,pitch.0,437442,-6.0767,11.8786,67.907,50.2932,-12.2522,20.2738,0.024,0.0986
1779988771334,1,Pitching Mound.Parent,,Loading,pitch.0,436494,-6.6351,11.74,68.4117,50.3287,-12.2654,20.4316,0.0238,0.1
1779988771335,1,11.0000004b,Drive,Loading,pitch.0,437443,-5.9962,11.8543,67.8609,50.291,-12.1519,20.1173,0.0238,0.0987
1779988771335,1,12.00000015,Lower Delivery,Loading,pitch.0,437175,-0.5139,-0.2462,0.4401,-0.0153,0.0154,0.0002,0.0,0.0
1779988771335,1,12.00000018,Upper Delivery,Loading,pitch.0,438033,-0.0481,0.0627,0.0174,-0.0884,-0.0304,-0.0012,0.0,0.0
1779988771335,1,Pitching Mound.Delivery,,Loading,pitch.0,436874,-0.562,-0.1836,0.4575,0.04,-0.0149,0.1574,0.0,0.0
1779988771335,1,Pitching Mound.Drive,,Loading,pitch.0,437443,-5.9962,11.8543,67.8609,50.291,-12.1519,20.1173,0.0238,0.0987
1779988771335,1,Pitching Mound.Parent,,Loading,pitch.0,436495,-6.5582,11.6708,68.3184,50.3311,-12.1668,20.2747,0.0237,0.1001
1779988771336,1,11.0000004b,Drive,Loading,pitch.0,437444,-5.9296,11.8234,67.6816,50.4141,-12.004,19.9678,0.0236,0.0992
1779988771336,1,12.00000015,Lower Delivery,Loading,pitch.0,437176,-0.5209,-0.281,0.4251,-0.0201,0.0062,-0.0015,0.0,0.0
1779988771336,1,12.00000018,Upper Delivery,Loading,pitch.0,438034,-0.0518,0.0605,0.0158,-0.0884,-0.0304,-0.0012,0.0,0.0
1779988771336,1,Pitching Mound.Delivery,,Loading,pitch.0,436875,-0.5727,-0.2205,0.441,0.0307,-0.0242,0.1568,0.0,0.0
1779988771336,1,Pitching Mound.Drive,,Loading,pitch.0,437444,-5.9296,11.8234,67.6816,50.4141,-12.004,19.9678,0.0236,0.0992
1779988771336,1,Pitching Mound.Parent,,Loading,pitch.0,436496,-6.5023,11.6029,68.1226,50.4448,-12.0282,20.1246,0.0235,0.1006
1779988771337,1,11.0000004b,Drive,Loading,pitch.0,437445,-5.8556,11.794,67.6785,50.4511,-11.9431,19.8219,0.0235,0.0992
1779988771337,1,12.00000015,Lower Delivery,Loading,pitch.0,437177,-0.4892,-0.2962,0.3811,-0.0156,0.0037,-0.0022,0.0,0.0
1779988771337,1,12.00000018,Upper Delivery,Loading,pitch.0,438035,-0.0492,0.0663,0.0214,-0.0884,-0.0304,-0.0012,0.0,0.0
1779988771337,1,Pitching Mound.Delivery,,Loading,pitch.0,436876,-0.5384,-0.23,0.4025,0.0183,-0.0267,0.1462,0.0,0.0
1779988771337,1,Pitching Mound.Drive,,Loading,pitch.0,437445,-5.8556,11.794,67.6785,50.4511,-11.9431,19.8219,0.0235,0.0992
1779988771337,1,Pitching Mound.Parent,,Loading,pitch.0,436497,-6.394,11.564,68.081,50.4694,-11.9697,19.968,0.0234,0.1004
1779988771338,1,11.0000004b,Drive,Loading,pitch.0,437446,-5.7955,11.7813,67.607,50.5174,-11.9189,19.6865,0.0235,0.0995
1779988771338,1,11.0000004b,Drive,Loading,pitch.0,437447,-5.7092,11.7394,67.5506,50.5391,-12.0156,19.5817,0.0237,0.0996
1779988771338,1,12.00000015,Lower Delivery,Loading,pitch.0,437178,-0.4834,-0.31,0.3653,-0.0096,0.009,-0.0021,0.0,0.0
1779988771338,1,12.00000018,Upper Delivery,Loading,pitch.0,438036,-0.0565,0.0581,0.0165,-0.0884,-0.0304,-0.0012,0.0,0.0
1779988771338,1,Pitching Mound.Delivery,,Loading,pitch.0,436877,-0.5399,-0.2519,0.3818,0.0206,-0.0213,0.1418,0.0,0.0
1779988771338,1,Pitching Mound.Drive,,Loading,pitch.0,437446,-5.7955,11.7813,67.607,50.5174,-11.9189,19.6865,0.0235,0.0995
1779988771338,1,Pitching Mound.Drive,,Loading,pitch.0,437447,-5.7092,11.7394,67.5506,50.5391,-12.0156,19.5817,0.0237,0.0996
1779988771338,1,Pitching Mound.Parent,,Loading,pitch.0,436498,-6.3354,11.5294,67.9888,50.538,-11.9403,19.8283,0.0233,0.1007
1779988771339,1,12.00000015,Lower Delivery,Loading,pitch.0,437179,-0.4779,-0.2669,0.3846,-0.028,-0.0081,-0.0048,0.0,0.0
1779988771339,1,12.00000018,Upper Delivery,Loading,pitch.0,438037,-0.052,0.0582,0.0004,-0.0884,-0.0304,-0.0012,0.0,0.0
1779988771339,1,Pitching Mound.Delivery,,Loading,pitch.0,436878,-0.5299,-0.2087,0.3849,0.0142,-0.0384,0.1388,0.0,0.0
1779988771339,1,Pitching Mound.Parent,,Loading,pitch.0,436499,-6.2391,11.5307,67.9355,50.5533,-12.054,19.7205,0.0235,0.101
1779988771340,1,11.0000004b,Drive,Loading,pitch.0,437448,-5.6459,11.7308,67.3862,50.6692,-11.9083,19.4404,0.0235,0.1001
1779988771340,1,12.00000015,Lower Delivery,Loading,pitch.0,437180,-0.4783,-0.248,0.3869,-0.0328,-0.009,-0.0058,0.0,0.0
1779988771340,1,12.00000018,Upper Delivery,Loading,pitch.0,438038,-0.0542,0.0606,0.0135,-0.0884,-0.0304,-0.0012,0.0,0.0
1779988771340,1,Pitching Mound.Delivery,,Loading,pitch.0,436879,-0.5325,-0.1874,0.4005,0.0058,-0.0394,0.1372,0.0,0.0
1779988771340,1,Pitching Mound.Drive,,Loading,pitch.0,437448,-5.6459,11.7308,67.3862,50.6692,-11.9083,19.4404,0.0235,0.1001
1779988771340,1,Pitching Mound.Parent,,Loading,pitch.0,436500,-6.1785,11.5434,67.7866,50.6751,-11.9477,19.5776,0.0234,0.1014
1779988771341,1,11.0000004b,Drive,Loading,pitch.0,437450,-5.486,11.7006,67.3516,50.7941,-11.9767,19.2215,0.0237,0.1004
1779988771341,1,11.0000004b,Drive,Loading,pitch.0,437449,-5.5694,11.7052,67.3758,50.6648,-12.0145,19.3342,0.0237,0.1001
1779988771341,1,12.00000015,Lower Delivery,Loading,pitch.0,437181,-0.4812,-0.2442,0.3939,-0.0453,-0.0085,-0.0073,0.0,0.0
1779988771341,1,12.00000018,Upper Delivery,Loading,pitch.0,438039,-0.0551,0.0565,0.0142,-0.0884,-0.0304,-0.0012,0.0,0.0
1779988771341,1,Pitching Mound.Delivery,,Loading,pitch.0,436880,-0.5362,-0.1878,0.4081,-0.0045,-0.0389,0.1364,0.0,0.0
1779988771341,1,Pitching Mound.Drive,,Loading,pitch.0,437450,-5.486,11.7006,67.3516,50.7941,-11.9767,19.2215,0.0237,0.1004
1779988771341,1,Pitching Mound.Drive,,Loading,pitch.0,437449,-5.5694,11.7052,67.3758,50.6648,-12.0145,19.3342,0.0237,0.1001
1779988771341,1,Pitching Mound.Parent,,Loading,pitch.0,436501,-6.1056,11.5175,67.7839,50.6603,-12.0534,19.4706,0.0236,0.1014
1779988771342,1,11.0000004b,Drive,Loading,pitch.0,437451,-5.4133,11.6719,67.3263,50.8099,-12.0995,19.0995,0.0239,0.1005
1779988771342,1,12.00000015,Lower Delivery,Loading,pitch.0,437182,-0.4895,-0.2267,0.3993,-0.0515,-0.0111,-0.0084,0.0,0.0
1779988771342,1,12.00000018,Upper Delivery,Loading,pitch.0,438040,-0.0566,0.055,-0.0021,-0.0884,-0.0304,-0.0012,0.0,0.0
1779988771342,1,Pitching Mound.Delivery,,Loading,pitch.0,436881,-0.5461,-0.1717,0.3972,-0.0034,-0.0415,0.1376,0.0,0.0
1779988771342,1,Pitching Mound.Drive,,Loading,pitch.0,437451,-5.4133,11.6719,67.3263,50.8099,-12.0995,19.0995,0.0239,0.1005
1779988771342,1,Pitching Mound.Parent,,Loading,pitch.0,436502,-6.0321,11.5289,67.7488,50.7908,-12.0182,19.3591,0.0235,0.1018
1779988771343,1,11.0000004b,Drive,Loading,pitch.0,437452,-5.3397,11.6535,67.333,50.8516,-12.0812,18.9827,0.0239,0.1005
1779988771343,1,12.00000015,Lower Delivery,Loading,pitch.0,437183,-0.514,-0.2311,0.4188,-0.0557,-0.0229,-0.0102,0.0,0.0
1779988771343,1,12.00000018,Upper Delivery,Loading,pitch.0,438041,-0.0579,0.0513,0.0005,-0.0884,-0.0304,-0.0012,0.0,0.0
1779988771343,1,Pitching Mound.Delivery,,Loading,pitch.0,436882,-0.5719,-0.1799,0.4193,-0.0019,-0.0533,0.1437,0.0,0.0
1779988771343,1,Pitching Mound.Drive,,Loading,pitch.0,437452,-5.3397,11.6535,67.333,50.8516,-12.0812,18.9827,0.0239,0.1005
1779988771343,1,Pitching Mound.Parent,,Loading,pitch.0,436503,-5.9852,11.492,67.7456,50.808,-12.1528,19.2432,0.0238,0.1019
1779988771344,1,11.0000004b,Drive,Loading,pitch.0,437453,-5.2775,11.6399,67.3081,50.8527,-12.1331,18.8803,0.024,0.1006
1779988771344,1,12.00000015,Lower Delivery,Loading,pitch.0,437184,-0.4877,-0.195,0.4015,-0.0579,-0.0156,-0.0084,0.0,0.0
1779988771344,1,12.00000018,Upper Delivery,Loading,pitch.0,438042,-0.0548,0.0604,0.0044,-0.0884,-0.0304,-0.0012,0.0,0.0
1779988771344,1,Pitching Mound.Delivery,,Loading,pitch.0,436883,-0.5425,-0.1346,0.4059,-0.0112,-0.046,0.1376,0.0,0.0
1779988771344,1,Pitching Mound.Drive,,Loading,pitch.0,437453,-5.2775,11.6399,67.3081,50.8527,-12.1331,18.8803,0.024,0.1006
1779988771344,1,Pitching Mound.Parent,,Loading,pitch.0,436504,-5.8822,11.5189,67.7389,50.8404,-12.1272,19.1202,0.0237,0.1019
1779988771345,1,11.0000004b,Drive,Loading,pitch.0,437454,-5.2035,11.6239,67.313,51.0225,-12.1239,18.7248,0.024,0.1009
1779988771345,1,12.00000015,Lower Delivery,Loading,pitch.0,437185,-0.5316,-0.1615,0.4628,-0.0622,-0.0246,-0.0088,0.0,0.0
1779988771345,1,12.00000018,Upper Delivery,Loading,pitch.0,438043,-0.0555,0.0581,0.0068,-0.0884,-0.0304,-0.0012,0.0,0.0
1779988771345,1,Pitching Mound.Delivery,,Loading,pitch.0,436884,-0.5872,-0.1034,0.4696,0.0045,-0.055,0.1519,0.0,0.0
1779988771345,1,Pitching Mound.Drive,,Loading,pitch.0,437454,-5.2035,11.6239,67.313,51.0225,-12.1239,18.7248,0.024,0.1009
1779988771345,1,Pitching Mound.Parent,,Loading,pitch.0,436505,-5.8646,11.5364,67.7777,50.8572,-12.1881,19.0322,0.0238,0.1022
1779988771346,1,11.0000004b,Drive,Loading,pitch.0,437455,-5.1489,11.6243,67.3536,51.0443,-12.2015,18.6199,0.0241,0.1009
1779988771346,1,12.00000015,Lower Delivery,Loading,pitch.0,437186,-0.5593,-0.1642,0.5051,-0.0613,-0.0298,-0.0117,0.0,0.0
1779988771346,1,12.00000018,Upper Delivery,Loading,pitch.0,438044,-0.0546,0.0601,-0.001,-0.0884,-0.0304,-0.0012,0.0,0.0
1779988771346,1,Pitching Mound.Delivery,,Loading,pitch.0,436885,-0.6139,-0.1041,0.5041,0.0224,-0.0602,0.1587,0.0,0.0
1779988771346,1,Pitching Mound.Drive,,Loading,pitch.0,437455,-5.1489,11.6243,67.3536,51.0443,-12.2015,18.6199,0.0241,0.1009
1779988771346,1,Pitching Mound.Parent,,Loading,pitch.0,436506,-5.8174,11.5198,67.8171,51.0449,-12.184,18.8835,0.0238,0.1027
1779988771347,1,11.0000004b,Drive,Loading,pitch.0,437456,-5.102,11.6205,67.2639,51.1603,-12.249,18.5199,0.0242,0.1013
1779988771347,1,12.00000015,Lower Delivery,Loading,pitch.0,437187,-0.55,-0.1627,0.4976,-0.0528,-0.0179,-0.0121,0.0,0.0
1779988771347,1,12.00000018,Upper Delivery,Loading,pitch.0,438045,-0.0521,0.0599,-0.0012,-0.0884,-0.0304,-0.0012,0.0,0.0
1779988771347,1,Pitching Mound.Delivery,,Loading,pitch.0,436886,-0.6021,-0.1028,0.4964,0.0285,-0.0483,0.156,0.0,0.0
1779988771347,1,Pitching Mound.Drive,,Loading,pitch.0,437456,-5.102,11.6205,67.2639,51.1603,-12.249,18.5199,0.0242,0.1013
1779988771347,1,Pitching Mound.Parent,,Loading,pitch.0,436507,-5.751,11.5214,67.8499,51.0728,-12.2498,18.7759,0.0239,0.1027
1779988771348,1,11.0000004b,Drive,Loading,pitch.0,437457,-5.0406,11.6232,67.2728,51.377,-12.1757,18.4184,0.0241,0.1017
1779988771348,1,12.00000015,Lower Delivery,Loading,pitch.0,437188,-0.5364,-0.1514,0.5012,-0.0568,-0.018,-0.0103,0.0,0.0
1779988771348,1,12.00000018,Upper Delivery,Loading,pitch.0,438046,-0.0504,0.0618,0.0039,-0.0884,-0.0304,-0.0012,0.0,0.0
1779988771348,1,Pitching Mound.Delivery,,Loading,pitch.0,436887,-0.5868,-0.0895,0.505,0.0239,-0.0484,0.1538,0.0,0.0
1779988771348,1,Pitching Mound.Drive,,Loading,pitch.0,437457,-5.0406,11.6232,67.2728,51.377,-12.1757,18.4184,0.0241,0.1017
1779988771348,1,Pitching Mound.Parent,,Loading,pitch.0,436508,-5.6888,11.531,67.769,51.1841,-12.2974,18.6737,0.0241,0.103
1779988771349,1,11.0000004b,Drive,Loading,pitch.0,437458,-5.0173,11.618,67.2765,51.3459,-12.2014,18.3012,0.0241,0.1016
1779988771349,1,12.00000015,Lower Delivery,Loading,pitch.0,437189,-0.5338,-0.1563,0.505,-0.0616,-0.0242,-0.0094,0.0,0.0
1779988771349,1,12.00000018,Upper Delivery,Loading,pitch.0,438047,-0.0516,0.062,0.0044,-0.0884,-0.0304,-0.0012,0.0,0.0
1779988771349,1,Pitching Mound.Delivery,,Loading,pitch.0,436888,-0.5854,-0.0943,0.5094,0.0202,-0.0546,0.1534,0.0,0.0
1779988771349,1,Pitching Mound.Drive,,Loading,pitch.0,437458,-5.0173,11.618,67.2765,51.3459,-12.2014,18.3012,0.0241,0.1016
1779988771349,1,Pitching Mound.Parent,,Loading,pitch.0,436509,-5.626,11.5289,67.7822,51.3973,-12.2303,18.5718,0.0239,0.1034
1779988771350,1,11.0000004b,Drive,Loading,pitch.0,437459,-4.9805,11.5969,67.2219,51.4005,-12.2576,18.2165,0.0243,0.1018
1779988771350,1,12.00000015,Lower Delivery,Loading,pitch.0,437190,-0.4876,-0.1393,0.4564,-0.0605,-0.0258,-0.0085,0.0,0.0
1779988771350,1,12.00000018,Upper Delivery,Loading,pitch.0,438048,-0.0511,0.0625,0.0064,-0.0884,-0.0304,-0.0012,0.0,0.0
1779988771350,1,Pitching Mound.Delivery,,Loading,pitch.0,436889,-0.5388,-0.0767,0.4628,0.0041,-0.0561,0.1388,0.0,0.0
1779988771350,1,Pitching Mound.Drive,,Loading,pitch.0,437459,-4.9805,11.5969,67.2219,51.4005,-12.2576,18.2165,0.0243,0.1018
1779988771350,1,Pitching Mound.Parent,,Loading,pitch.0,436510,-5.5561,11.5413,67.7393,51.35,-12.2575,18.44,0.024,0.1032
1779988771351,1,11.0000004b,Drive,Loading,pitch.0,437460,-4.9584,11.6031,67.288,51.3825,-12.2764,18.1103,0.0243,0.1017
1779988771351,1,12.00000015,Lower Delivery,Loading,pitch.0,437191,-0.4689,-0.1858,0.4237,-0.0491,-0.0089,-0.0072,0.0,0.0
1779988771351,1,12.00000018,Upper Delivery,Loading,pitch.0,438049,-0.0524,0.0616,0.0018,-0.0884,-0.0304,-0.0012,0.0,0.0
1779988771351,1,Pitching Mound.Delivery,,Loading,pitch.0,436890,-0.5213,-0.1242,0.4255,0.0059,-0.0393,0.1332,0.0,0.0
1779988771351,1,Pitching Mound.Drive,,Loading,pitch.0,437460,-4.9584,11.6031,67.288,51.3825,-12.2764,18.1103,0.0243,0.1017
1779988771351,1,Pitching Mound.Parent,,Loading,pitch.0,436511,-5.5018,11.4726,67.6474,51.4064,-12.2969,18.3497,0.0241,0.1033
1779988771352,1,11.0000004b,Drive,Loading,pitch.0,437461,-4.9165,11.5878,67.1059,51.3167,-12.392,18.0272,0.0246,0.1018
1779988771352,1,12.00000015,Lower Delivery,Loading,pitch.0,437192,-0.4727,-0.1895,0.4122,-0.0466,-0.0067,-0.007,0.0,0.0
1779988771352,1,12.00000018,Upper Delivery,Loading,pitch.0,438050,-0.0543,0.0625,0.0042,-0.0884,-0.0304,-0.0012,0.0,0.0
1779988771352,1,Pitching Mound.Delivery,,Loading,pitch.0,436891,-0.527,-0.127,0.4164,0.0038,-0.0371,0.1341,0.0,0.0
1779988771352,1,Pitching Mound.Drive,,Loading,pitch.0,437461,-4.9165,11.5878,67.1059,51.3167,-12.392,18.0272,0.0246,0.1018
1779988771352,1,Pitching Mound.Parent,,Loading,pitch.0,436512,-5.4854,11.4761,67.7044,51.3863,-12.3135,18.2444,0.0241,0.1031
1779988771353,1,11.0000004b,Drive,Loading,pitch.0,437462,-4.8767,11.5753,67.0661,51.2833,-12.465,17.9563,0.0247,0.1018
1779988771353,1,12.00000015,Lower Delivery,Loading,pitch.0,437193,-0.4994,-0.1915,0.456,-0.0505,-0.0064,-0.0074,0.0,0.0
1779988771353,1,12.00000018,Upper Delivery,Loading,pitch.0,438051,-0.0545,0.0617,0.0055,-0.0884,-0.0304,-0.0012,0.0,0.0
1779988771353,1,Pitching Mound.Delivery,,Loading,pitch.0,436892,-0.5539,-0.1298,0.4615,0.0143,-0.0368,0.1427,0.0,0.0
1779988771353,1,Pitching Mound.Drive,,Loading,pitch.0,437462,-4.8767,11.5753,67.0661,51.2833,-12.465,17.9563,0.0247,0.1018
1779988771353,1,Pitching Mound.Parent,,Loading,pitch.0,436513,-5.4704,11.458,67.5674,51.331,-12.4288,18.1699,0.0244,0.1034
1779988771354,1,11.0000004b,Drive,Loading,pitch.0,437463,-4.8451,11.5688,67.0807,51.2907,-12.5621,17.8544,0.0249,0.1018
1779988771354,1,12.00000015,Lower Delivery,Loading,pitch.0,437194,-0.4786,-0.2028,0.4279,-0.0471,0.0042,-0.0061,0.0,0.0
1779988771354,1,12.00000018,Upper Delivery,Loading,pitch.0,438052,-0.0563,0.0606,0.0046,-0.0884,-0.0304,-0.0012,0.0,0.0
1779988771354,1,Pitching Mound.Delivery,,Loading,pitch.0,436893,-0.5349,-0.1421,0.4325,0.0085,-0.0262,0.1363,0.0,0.0
1779988771354,1,Pitching Mound.Drive,,Loading,pitch.0,437463,-4.8451,11.5688,67.0807,51.2907,-12.5621,17.8544,0.0249,0.1018
1779988771354,1,Pitching Mound.Parent,,Loading,pitch.0,436514,-5.4116,11.4332,67.4986,51.2918,-12.4912,18.0926,0.0246,0.1033
1779988771355,1,11.0000004b,Drive,Loading,pitch.0,437464,-4.8,11.558,66.983,51.2386,-12.5727,17.7918,0.025,0.1018
1779988771355,1,12.00000015,Lower Delivery,Loading,pitch.0,437195,-0.4964,-0.2214,0.4309,-0.0518,0.0004,-0.0082,0.0,0.0
1779988771355,1,12.00000018,Upper Delivery,Loading,pitch.0,438053,-0.0545,0.0615,0.0064,-0.0884,-0.0304,-0.0012,0.0,0.0
1779988771355,1,Pitching Mound.Delivery,,Loading,pitch.0,436894,-0.5508,-0.1599,0.4373,0.0042,-0.03,0.1408,0.0,0.0
1779988771355,1,Pitching Mound.Drive,,Loading,pitch.0,437464,-4.8,11.558,66.983,51.2386,-12.5727,17.7918,0.025,0.1018
1779988771355,1,Pitching Mound.Parent,,Loading,pitch.0,436515,-5.3959,11.4089,67.518,51.2949,-12.5921,17.9952,0.0248,0.1033
1779988771356,1,11.0000004b,Drive,Loading,pitch.0,437465,-4.7665,11.5489,67.0005,51.2228,-12.6793,17.6974,0.0252,0.1018
1779988771356,1,12.00000015,Lower Delivery,Loading,pitch.0,437196,-0.5044,-0.2461,0.4296,-0.0345,-0.0006,-0.0097,0.0,0.0
1779988771356,1,12.00000018,Upper Delivery,Loading,pitch.0,438054,-0.0568,0.0643,0.0123,-0.0884,-0.0304,-0.0012,0.0,0.0
1779988771356,1,Pitching Mound.Delivery,,Loading,pitch.0,436895,-0.5612,-0.1818,0.4419,0.019,-0.031,0.1413,0.0,0.0
1779988771356,1,Pitching Mound.Drive,,Loading,pitch.0,437465,-4.7665,11.5489,67.0005,51.2228,-12.6793,17.6974,0.0252,0.1018
1779988771356,1,Pitching Mound.Parent,,Loading,pitch.0,436516,-5.3611,11.3762,67.4249,51.2576,-12.6036,17.9331,0.0248,0.1033
1779988771357,1,12.00000015,Lower Delivery,Loading,pitch.0,437197,-0.5007,-0.246,0.4281,-0.0331,0.0017,-0.0089,0.0,0.0
1779988771357,1,12.00000018,Upper Delivery,Loading,pitch.0,438055,-0.0487,0.0716,0.0461,-0.0884,-0.0304,-0.0012,0.0,0.0
1779988771357,1,Pitching Mound.Delivery,,Loading,pitch.0,436896,-0.5494,-0.1744,0.4742,0.0084,-0.0287,0.1436,0.0,0.0
1779988771357,1,Pitching Mound.Parent,,Loading,pitch.0,436517,-5.3159,11.3745,67.4747,51.2312,-12.708,17.841,0.025,0.103
1779988771358,1,11.0000004b,Drive,Loading,pitch.0,437466,-4.7227,11.5577,66.8936,51.2039,-12.7441,17.6507,0.0254,0.1019
1779988771358,1,11.0000004b,Drive,Loading,pitch.0,437467,-4.6614,11.5685,66.9779,51.2109,-12.7934,17.5402,0.0254,0.1018
1779988771358,1,12.00000015,Lower Delivery,Loading,pitch.0,437198,-0.4917,-0.222,0.4172,-0.0313,-0.0007,-0.0068,0.0,0.0
1779988771358,1,12.00000018,Upper Delivery,Loading,pitch.0,438056,-0.0571,0.0599,0.0248,-0.0884,-0.0304,-0.0012,0.0,0.0
1779988771358,1,Pitching Mound.Delivery,,Loading,pitch.0,436897,-0.5488,-0.1621,0.4419,0.0138,-0.0311,0.1398,0.0,0.0
1779988771358,1,Pitching Mound.Drive,,Loading,pitch.0,437466,-4.7227,11.5577,66.8936,51.2039,-12.7441,17.6507,0.0254,0.1019
1779988771358,1,Pitching Mound.Drive,,Loading,pitch.0,437467,-4.6614,11.5685,66.9779,51.2109,-12.7934,17.5402,0.0254,0.1018
1779988771358,1,Pitching Mound.Parent,,Loading,pitch.0,436518,-5.2715,11.3955,67.3355,51.2177,-12.7752,17.7904,0.0252,0.1032
1779988771359,1,11.0000004b,Drive,Loading,pitch.0,437468,-4.5962,11.5612,66.8831,51.1288,-12.9556,17.4393,0.0258,0.1018
1779988771359,1,12.00000015,Lower Delivery,Loading,pitch.0,437199,-0.4992,-0.2383,0.4249,-0.0355,0.0033,-0.0061,0.0,0.0
1779988771359,1,12.00000018,Upper Delivery,Loading,pitch.0,438057,-0.052,0.0691,0.066,-0.0884,-0.0304,-0.0012,0.0,0.0
1779988771359,1,Pitching Mound.Delivery,,Loading,pitch.0,436898,-0.5512,-0.1693,0.4909,-0.0018,-0.0271,0.1448,0.0,0.0
1779988771359,1,Pitching Mound.Drive,,Loading,pitch.0,437468,-4.5962,11.5612,66.8831,51.1288,-12.9556,17.4393,0.0258,0.1018
1779988771359,1,Pitching Mound.Parent,,Loading,pitch.0,436519,-5.2127,11.3992,67.4688,51.2091,-12.8205,17.685,0.0252,0.1029
1779988771360,1,11.0000004b,Drive,Loading,pitch.0,437469,-4.5409,11.5565,66.8244,51.1157,-12.9871,17.378,0.0259,0.1018
1779988771360,1,12.00000015,Lower Delivery,Loading,pitch.0,437200,-0.5354,-0.2511,0.4597,-0.0221,0.0055,-0.0048,0.0,0.0
1779988771360,1,12.00000018,Upper Delivery,Loading,pitch.0,438058,-0.0526,0.0654,0.0716,-0.0884,-0.0304,-0.0012,0.0,0.0
1779988771360,1,Pitching Mound.Delivery,,Loading,pitch.0,436899,-0.5879,-0.1857,0.5313,0.0215,-0.0248,0.1582,0.0,0.0
1779988771360,1,Pitching Mound.Drive,,Loading,pitch.0,437469,-4.5409,11.5565,66.8244,51.1157,-12.9871,17.378,0.0259,0.1018
1779988771360,1,Pitching Mound.Parent,,Loading,pitch.0,436520,-5.1842,11.3755,67.4143,51.1502,-12.9804,17.5974,0.0256,0.1029
1779988771361,1,11.0000004b,Drive,Loading,pitch.0,437470,-4.4817,11.5523,66.7955,51.0578,-13.0443,17.2886,0.026,0.1018
1779988771361,1,12.00000015,Lower Delivery,Loading,pitch.0,437201,-0.5524,-0.2583,0.4704,-0.0153,0.0016,-0.006,0.0,0.0
1779988771361,1,12.00000018,Upper Delivery,Loading,pitch.0,438059,-0.0467,0.0691,0.0797,-0.0884,-0.0304,-0.0012,0.0,0.0
1779988771361,1,Pitching Mound.Delivery,,Loading,pitch.0,436900,-0.5991,-0.1892,0.5501,0.0291,-0.0288,0.1647,0.0,0.0
1779988771361,1,Pitching Mound.Drive,,Loading,pitch.0,437470,-4.4817,11.5523,66.7955,51.0578,-13.0443,17.2886,0.026,0.1018
1779988771361,1,Pitching Mound.Parent,,Loading,pitch.0,436521,-5.14,11.3672,67.3745,51.1448,-13.0159,17.5428,0.0257,0.103
1779988771362,1,11.0000004b,Drive,Loading,pitch.0,437471,-4.4222,11.5533,66.7525,50.9332,-13.0184,17.222,0.026,0.1016
1779988771362,1,12.00000015,Lower Delivery,Loading,pitch.0,437202,-0.6049,-0.2501,0.5293,-0.0139,0.0042,-0.0065,0.0,0.0
1779988771362,1,12.00000018,Upper Delivery,Loading,pitch.0,438060,-0.0564,0.0569,0.0402,-0.0884,-0.0304,-0.0012,0.0,0.0
1779988771362,1,Pitching Mound.Delivery,,Loading,pitch.0,436901,-0.6612,-0.1932,0.5694,0.0641,-0.0261,0.1788,0.0,0.0
1779988771362,1,Pitching Mound.Drive,,Loading,pitch.0,437471,-4.4222,11.5533,66.7525,50.9332,-13.0184,17.222,0.026,0.1016
1779988771362,1,Pitching Mound.Parent,,Loading,pitch.0,436522,-5.1429,11.3591,67.365,51.1219,-13.0704,17.4673,0.0258,0.1034
1779988771363,1,12.00000015,Lower Delivery,Loading,pitch.0,437203,-0.6116,-0.2599,0.5279,-0.0183,0.0003,-0.0056,0.0,0.0
1779988771363,1,12.00000018,Upper Delivery,Loading,pitch.0,438061,-0.0546,0.0597,0.0189,-0.0884,-0.0304,-0.0012,0.0,0.0
1779988771363,1,Pitching Mound.Delivery,,Loading,pitch.0,436902,-0.6663,-0.2002,0.5468,0.0664,-0.0301,0.1826,0.0,0.0
1779988771363,1,Pitching Mound.Parent,,Loading,pitch.0,436523,-5.0885,11.3531,67.2992,50.9995,-13.0485,17.4046,0.0258,0.1033
1779988771364,1,11.0000004b,Drive,Loading,pitch.0,437472,-4.3713,11.5398,66.6849,50.9272,-13.0571,17.1224,0.0261,0.1017
1779988771364,1,12.00000015,Lower Delivery,Loading,pitch.0,437204,-0.6081,-0.2583,0.5338,-0.0189,-0.0011,-0.0038,0.0,0.0
1779988771364,1,12.00000018,Upper Delivery,Loading,pitch.0,438062,-0.0558,0.0593,0.0038,-0.0884,-0.0304,-0.0012,0.0,0.0
1779988771364,1,Pitching Mound.Delivery,,Loading,pitch.0,436903,-0.6639,-0.1989,0.5375,0.073,-0.0315,0.1828,0.0,0.0
1779988771364,1,Pitching Mound.Drive,,Loading,pitch.0,437472,-4.3713,11.5398,66.6849,50.9272,-13.0571,17.1224,0.0261,0.1017
1779988771364,1,Pitching Mound.Parent,,Loading,pitch.0,436524,-5.0352,11.3409,67.2224,51.0002,-13.0885,17.3052,0.0259,0.1035
1779988771365,1,11.0000004b,Drive,Loading,pitch.0,437473,-4.3185,11.5387,66.6236,50.885,-13.1591,17.0662,0.0263,0.1017
1779988771365,1,12.00000015,Lower Delivery,Loading,pitch.0,437205,-0.6589,-0.2885,0.5829,-0.0243,0.0018,-0.0024,0.0,0.0
1779988771365,1,12.00000018,Upper Delivery,Loading,pitch.0,438063,-0.0544,0.0566,0.0022,-0.0884,-0.0304,-0.0012,0.0,0.0
1779988771365,1,Pitching Mound.Delivery,,Loading,pitch.0,436904,-0.7133,-0.2319,0.5851,0.0848,-0.0285,0.2019,0.0,0.0
1779988771365,1,Pitching Mound.Drive,,Loading,pitch.0,437473,-4.3185,11.5387,66.6236,50.885,-13.1591,17.0662,0.0263,0.1017
1779988771365,1,Pitching Mound.Parent,,Loading,pitch.0,436525,-5.0318,11.3068,67.2087,50.9698,-13.1876,17.2681,0.0261,0.1037
1779988771366,1,11.0000004b,Drive,Loading,pitch.0,437475,-4.2497,11.4939,66.3564,50.7531,-13.0998,16.9639,0.0263,0.1018
1779988771366,1,11.0000004b,Drive,Loading,pitch.0,437474,-4.2842,11.519,66.5246,50.8827,-13.0008,17.0254,0.026,0.1018
1779988771366,1,12.00000015,Lower Delivery,Loading,pitch.0,437206,-0.659,-0.2945,0.575,-0.0321,-0.0038,-0.0015,0.0,0.0
1779988771366,1,12.00000018,Upper Delivery,Loading,pitch.0,438064,-0.0549,0.0607,0.0251,-0.0884,-0.0304,-0.0012,0.0,0.0
1779988771366,1,Pitching Mound.Delivery,,Loading,pitch.0,436905,-0.7139,-0.2338,0.6001,0.0664,-0.0341,0.2027,0.0,0.0
1779988771366,1,Pitching Mound.Drive,,Loading,pitch.0,437475,-4.2497,11.4939,66.3564,50.7531,-13.0998,16.9639,0.0263,0.1018
1779988771366,1,Pitching Mound.Drive,,Loading,pitch.0,437474,-4.2842,11.519,66.5246,50.8827,-13.0008,17.0254,0.026,0.1018
1779988771366,1,Pitching Mound.Parent,,Loading,pitch.0,436526,-4.9981,11.2851,67.1248,50.9491,-13.0349,17.2281,0.0258,0.1037
1779988771367,1,12.00000015,Lower Delivery,Loading,pitch.0,437207,-0.717,-0.2533,0.6585,-0.0411,-0.0027,-0.0021,0.0,0.0
1779988771367,1,12.00000018,Upper Delivery,Loading,pitch.0,438065,-0.0547,0.0595,0.0147,-0.0884,-0.0304,-0.0012,0.0,0.0
1779988771367,1,Pitching Mound.Delivery,,Loading,pitch.0,436906,-0.7718,-0.1937,0.6733,0.0895,-0.0331,0.2219,0.0,0.0
1779988771367,1,Pitching Mound.Parent,,Loading,pitch.0,436527,-5.0215,11.3002,67.0297,50.8426,-13.1329,17.1858,0.026,0.1041
1779988771368,1,11.0000004b,Drive,Loading,pitch.0,437476,-4.2232,11.4758,66.1988,50.7946,-13.1162,16.8856,0.0264,0.1021
1779988771368,1,11.0000004b,Drive,Loading,pitch.0,437477,-4.2065,11.4552,66.1705,50.7384,-13.1256,16.8425,0.0264,0.1021
1779988771368,1,12.00000015,Lower Delivery,Loading,pitch.0,437208,-0.6924,-0.2624,0.6281,-0.0444,-0.0075,-0.0036,0.0,0.0
1779988771368,1,12.00000018,Upper Delivery,Loading,pitch.0,438066,-0.0554,0.0542,0.034,-0.0884,-0.0304,-0.0012,0.0,0.0
1779988771368,1,Pitching Mound.Delivery,,Loading,pitch.0,436907,-0.7479,-0.2082,0.6621,0.0693,-0.0379,0.2117,0.0,0.0
1779988771368,1,Pitching Mound.Drive,,Loading,pitch.0,437476,-4.2232,11.4758,66.1988,50.7946,-13.1162,16.8856,0.0264,0.1021
1779988771368,1,Pitching Mound.Drive,,Loading,pitch.0,437477,-4.2065,11.4552,66.1705,50.7384,-13.1256,16.8425,0.0264,0.1021
1779988771368,1,Pitching Mound.Parent,,Loading,pitch.0,436528,-4.9711,11.2677,66.8609,50.8639,-13.1541,17.0974,0.0261,0.1042
1779988771369,1,12.00000015,Lower Delivery,Loading,pitch.0,437209,-0.6846,-0.2533,0.6174,-0.0564,-0.0109,-0.0026,0.0,0.0
1779988771369,1,12.00000018,Upper Delivery,Loading,pitch.0,438067,-0.0544,0.0569,0.0546,-0.0884,-0.0304,-0.0012,0.0,0.0
1779988771369,1,Pitching Mound.Delivery,,Loading,pitch.0,436908,-0.7391,-0.1964,0.6719,0.0466,-0.0412,0.2105,0.0,0.0
1779988771369,1,Pitching Mound.Parent,,Loading,pitch.0,436529,-4.9455,11.2588,66.8424,50.785,-13.1669,17.053,0.0261,0.1039
1779988771370,1,11.0000004b,Drive,Loading,pitch.0,437478,-4.1927,11.4445,65.9317,50.6351,-13.0915,16.8216,0.0264,0.1022
1779988771370,1,11.0000004b,Drive,Loading,pitch.0,437479,-4.1905,11.4248,65.8402,50.5843,-13.0577,16.8089,0.0264,0.1023
1779988771370,1,12.00000015,Lower Delivery,Loading,pitch.0,437210,-0.7167,-0.2661,0.6555,-0.0516,-0.0071,-0.0026,0.0,0.0
1779988771370,1,12.00000018,Upper Delivery,Loading,pitch.0,438068,-0.0569,0.0571,0.0425,-0.0884,-0.0304,-0.0012,0.0,0.0
1779988771370,1,Pitching Mound.Delivery,,Loading,pitch.0,436909,-0.7736,-0.209,0.698,0.0685,-0.0374,0.2205,0.0,0.0
1779988771370,1,Pitching Mound.Drive,,Loading,pitch.0,437478,-4.1927,11.4445,65.9317,50.6351,-13.0915,16.8216,0.0264,0.1022
1779988771370,1,Pitching Mound.Drive,,Loading,pitch.0,437479,-4.1905,11.4248,65.8402,50.5843,-13.0577,16.8089,0.0264,0.1023
1779988771370,1,Pitching Mound.Parent,,Loading,pitch.0,436530,-4.9663,11.2356,66.6297,50.7036,-13.129,17.0421,0.0262,0.1043
1779988771371,1,11.0000004b,Drive,Loading,pitch.0,437480,-4.1733,11.4185,65.8063,50.518,-13.0964,16.7555,0.0265,0.1022
1779988771371,1,12.00000015,Lower Delivery,Loading,pitch.0,437211,-0.6572,-0.2391,0.6043,-0.0547,-0.0137,-0.0046,0.0,0.0
1779988771371,1,12.00000018,Upper Delivery,Loading,pitch.0,438069,-0.0554,0.0587,0.0266,-0.0884,-0.0304,-0.0012,0.0,0.0
1779988771371,1,Pitching Mound.Delivery,,Loading,pitch.0,436910,-0.7126,-0.1803,0.6309,0.0533,-0.044,0.1988,0.0,0.0
1779988771371,1,Pitching Mound.Drive,,Loading,pitch.0,437480,-4.1733,11.4185,65.8063,50.518,-13.0964,16.7555,0.0265,0.1022
1779988771371,1,Pitching Mound.Parent,,Loading,pitch.0,436531,-4.9031,11.2445,66.4711,50.6376,-13.1018,17.0077,0.0262,0.1043
1779988771372,1,11.0000004b,Drive,Loading,pitch.0,437481,-4.1801,11.4285,65.6772,50.4688,-13.2949,16.7107,0.0269,0.1023
1779988771372,1,12.00000015,Lower Delivery,Loading,pitch.0,437212,-0.6077,-0.23,0.5512,-0.0476,-0.0172,-0.0052,0.0,0.0
1779988771372,1,12.00000018,Upper Delivery,Loading,pitch.0,438070,-0.0468,0.0663,0.0468,-0.0884,-0.0304,-0.0012,0.0,0.0
1779988771372,1,Pitching Mound.Delivery,,Loading,pitch.0,436911,-0.6545,-0.1637,0.5979,0.0355,-0.0475,0.1843,0.0,0.0
1779988771372,1,Pitching Mound.Drive,,Loading,pitch.0,437481,-4.1801,11.4285,65.6772,50.4688,-13.2949,16.7107,0.0269,0.1023
1779988771372,1,Pitching Mound.Parent,,Loading,pitch.0,436532,-4.8278,11.2548,66.4043,50.5535,-13.1439,16.9398,0.0263,0.1039
1779988771373,1,11.0000004b,Drive,Loading,pitch.0,437482,-4.1897,11.4142,65.5632,50.4004,-13.2943,16.6618,0.027,0.1023
1779988771373,1,12.00000015,Lower Delivery,Loading,pitch.0,437213,-0.5745,-0.2256,0.5189,-0.0514,-0.0117,-0.0045,0.0,0.0
1779988771373,1,12.00000018,Upper Delivery,Loading,pitch.0,438071,-0.0438,0.0691,0.0509,-0.0884,-0.0304,-0.0012,0.0,0.0
1779988771373,1,Pitching Mound.Delivery,,Loading,pitch.0,436912,-0.6184,-0.1565,0.5698,0.0193,-0.042,0.1747,0.0,0.0
1779988771373,1,Pitching Mound.Drive,,Loading,pitch.0,437482,-4.1897,11.4142,65.5632,50.4004,-13.2943,16.6618,0.027,0.1023
1779988771373,1,Pitching Mound.Parent,,Loading,pitch.0,436533,-4.7985,11.272,66.247,50.4882,-13.3369,16.8854,0.0267,0.1038
1779988771374,1,11.0000004b,Drive,Loading,pitch.0,437483,-4.1962,11.4145,65.598,50.2923,-13.3805,16.6149,0.0272,0.1021
1779988771374,1,12.00000015,Lower Delivery,Loading,pitch.0,437214,-0.5707,-0.2261,0.501,-0.0438,-0.0027,-0.006,0.0,0.0
1779988771374,1,12.00000018,Upper Delivery,Loading,pitch.0,438072,-0.0371,0.0764,0.0565,-0.0884,-0.0304,-0.0012,0.0,0.0
1779988771374,1,Pitching Mound.Delivery,,Loading,pitch.0,436913,-0.6078,-0.1497,0.5576,0.019,-0.0331,0.1743,0.0,0.0
1779988771374,1,Pitching Mound.Drive,,Loading,pitch.0,437483,-4.1962,11.4145,65.598,50.2923,-13.3805,16.6149,0.0272,0.1021
1779988771374,1,Pitching Mound.Parent,,Loading,pitch.0,436534,-4.7975,11.2645,66.1208,50.4194,-13.3274,16.8361,0.0268,0.1038
1779988771375,1,11.0000004b,Drive,Loading,pitch.0,437484,-4.1886,11.4081,65.5434,50.2167,-13.3536,16.5752,0.0271,0.102
1779988771375,1,12.00000015,Lower Delivery,Loading,pitch.0,437215,-0.584,-0.2107,0.5296,-0.0469,-0.0047,-0.0073,0.0,0.0
1779988771375,1,12.00000018,Upper Delivery,Loading,pitch.0,438073,-0.0524,0.0618,0.0595,-0.0884,-0.0304,-0.0012,0.0,0.0
1779988771375,1,Pitching Mound.Delivery,,Loading,pitch.0,436914,-0.6364,-0.1489,0.5891,0.0246,-0.035,0.1722,0.0,0.0
1779988771375,1,Pitching Mound.Drive,,Loading,pitch.0,437484,-4.1886,11.4081,65.5434,50.2167,-13.3536,16.5752,0.0271,0.102
1779988771375,1,Pitching Mound.Parent,,Loading,pitch.0,436535,-4.8326,11.2656,66.187,50.3169,-13.4156,16.787,0.0269,0.1036
1779988771376,1,11.0000004b,Drive,Loading,pitch.0,437485,-4.1961,11.4315,65.5475,50.215,-13.3647,16.5539,0.0271,0.102
1779988771376,1,12.00000015,Lower Delivery,Loading,pitch.0,437216,-0.5713,-0.2155,0.5027,-0.0232,-0.0054,-0.0085,0.0,0.0
1779988771376,1,12.00000018,Upper Delivery,Loading,pitch.0,438074,-0.0575,0.0606,0.054,-0.0884,-0.0304,-0.0012,0.0,0.0
1779988771376,1,Pitching Mound.Delivery,,Loading,pitch.0,436915,-0.6288,-0.1549,0.5567,0.041,-0.0358,0.165,0.0,0.0
1779988771376,1,Pitching Mound.Drive,,Loading,pitch.0,437485,-4.1961,11.4315,65.5475,50.215,-13.3647,16.5539,0.0271,0.102
1779988771376,1,Pitching Mound.Parent,,Loading,pitch.0,436536,-4.8174,11.2532,66.1,50.2577,-13.3894,16.7402,0.0269,0.1034
1779988771377,1,11.0000004b,Drive,Loading,pitch.0,437486,-4.2084,11.4259,65.4134,50.1177,-13.3162,16.4916,0.0271,0.102
1779988771377,1,12.00000015,Lower Delivery,Loading,pitch.0,437217,-0.5602,-0.2172,0.46,-0.0311,-0.0013,-0.0073,0.0,0.0
1779988771377,1,12.00000018,Upper Delivery,Loading,pitch.0,438075,-0.0616,0.0509,0.0377,-0.0884,-0.0304,-0.0012,0.0,0.0
1779988771377,1,Pitching Mound.Delivery,,Loading,pitch.0,436916,-0.6218,-0.1664,0.4977,0.0241,-0.0317,0.161,0.0,0.0
1779988771377,1,Pitching Mound.Drive,,Loading,pitch.0,437486,-4.2084,11.4259,65.4134,50.1177,-13.3162,16.4916,0.0271,0.102
1779988771377,1,Pitching Mound.Parent,,Loading,pitch.0,436537,-4.8179,11.2651,66.0452,50.239,-13.3964,16.7148,0.0269,0.1034
1779988771378,1,11.0000004b,Drive,Loading,pitch.0,437487,-4.2052,11.4376,65.4447,50.0947,-13.2466,16.4728,0.0269,0.1019
1779988771378,1,12.00000015,Lower Delivery,Loading,pitch.0,437218,-0.5727,-0.2031,0.4155,-0.0393,0.0076,-0.0041,0.0,0.0
1779988771378,1,12.00000018,Upper Delivery,Loading,pitch.0,438076,-0.0606,0.0571,0.0354,-0.0884,-0.0304,-0.0012,0.0,0.0
1779988771378,1,Pitching Mound.Delivery,,Loading,pitch.0,436917,-0.6333,-0.146,0.451,0.0016,-0.0228,0.1688,0.0,0.0
1779988771378,1,Pitching Mound.Drive,,Loading,pitch.0,437487,-4.2052,11.4376,65.4447,50.0947,-13.2466,16.4728,0.0269,0.1019
1779988771378,1,Pitching Mound.Parent,,Loading,pitch.0,436538,-4.8418,11.2798,65.8644,50.1193,-13.339,16.6605,0.0269,0.1033
1779988771379,1,11.0000004b,Drive,Loading,pitch.0,437488,-4.196,11.4405,65.3941,50.0227,-13.2474,16.3887,0.027,0.1018
1779988771379,1,12.00000015,Lower Delivery,Loading,pitch.0,437219,-0.5506,-0.1955,0.4013,-0.044,-0.002,-0.0026,0.0,0.0
1779988771379,1,12.00000018,Upper Delivery,Loading,pitch.0,438077,-0.0605,0.0561,0.0343,-0.0884,-0.0304,-0.0012,0.0,0.0
1779988771379,1,Pitching Mound.Delivery,,Loading,pitch.0,436918,-0.6111,-0.1394,0.4356,-0.0075,-0.0324,0.1628,0.0,0.0
1779988771379,1,Pitching Mound.Drive,,Loading,pitch.0,437488,-4.196,11.4405,65.3941,50.0227,-13.2474,16.3887,0.027,0.1018
1779988771379,1,Pitching Mound.Parent,,Loading,pitch.0,436539,-4.8163,11.2982,65.8803,50.0871,-13.279,16.6357,0.0268,0.1031
1779988771380,1,11.0000004b,Drive,Loading,pitch.0,437489,-4.2014,11.4309,65.2543,50.0834,-13.1089,16.3126,0.0267,0.1022
1779988771380,1,12.00000015,Lower Delivery,Loading,pitch.0,437220,-0.5432,-0.2077,0.4103,-0.0516,0.0007,-0.0025,0.0,0.0
1779988771380,1,12.00000018,Upper Delivery,Loading,pitch.0,438078,-0.0579,0.0634,0.0248,-0.0884,-0.0304,-0.0012,0.0,0.0
1779988771380,1,Pitching Mound.Delivery,,Loading,pitch.0,436919,-0.6011,-0.1443,0.4351,-0.0089,-0.0296,0.1613,0.0,0.0
1779988771380,1,Pitching Mound.Drive,,Loading,pitch.0,437489,-4.2014,11.4309,65.2543,50.0834,-13.1089,16.3126,0.0267,0.1022
1779988771380,1,Pitching Mound.Parent,,Loading,pitch.0,436540,-4.7971,11.2962,65.8292,50.0138,-13.2771,16.55,0.0268,0.1032
1779988771381,1,11.0000004b,Drive,Loading,pitch.0,437490,-4.1668,11.4227,65.1895,50.0201,-13.1686,16.262,0.0269,0.1021
1779988771381,1,12.00000015,Lower Delivery,Loading,pitch.0,437221,-0.5396,-0.2063,0.4489,-0.05,0.0023,-0.0021,0.0,0.0
1779988771381,1,12.00000018,Upper Delivery,Loading,pitch.0,438079,-0.0593,0.0661,0.0413,-0.0884,-0.0304,-0.0012,0.0,0.0
1779988771381,1,Pitching Mound.Delivery,,Loading,pitch.0,436920,-0.5989,-0.1402,0.4902,0.0002,-0.0281,0.16,0.0,0.0
1779988771381,1,Pitching Mound.Drive,,Loading,pitch.0,437490,-4.1668,11.4227,65.1895,50.0201,-13.1686,16.262,0.0269,0.1021
1779988771381,1,Pitching Mound.Parent,,Loading,pitch.0,436541,-4.8003,11.2907,65.7445,50.0835,-13.137,16.4726,0.0265,0.1035
1779988771382,1,11.0000004b,Drive,Loading,pitch.0,437491,-4.1607,11.4408,65.0687,49.9718,-13.0791,16.1954,0.0268,0.1022
1779988771382,1,12.00000015,Lower Delivery,Loading,pitch.0,437222,-0.5805,-0.2091,0.5167,-0.0474,-0.0074,-0.0049,0.0,0.0
1779988771382,1,12.00000018,Upper Delivery,Loading,pitch.0,438080,-0.0623,0.0628,0.0463,-0.0884,-0.0304,-0.0012,0.0,0.0
1779988771382,1,Pitching Mound.Delivery,,Loading,pitch.0,436921,-0.6428,-0.1463,0.563,0.0242,-0.0378,0.17,0.0,0.0
1779988771382,1,Pitching Mound.Drive,,Loading,pitch.0,437491,-4.1607,11.4408,65.0687,49.9718,-13.0791,16.1954,0.0268,0.1022
1779988771382,1,Pitching Mound.Parent,,Loading,pitch.0,436542,-4.8096,11.2765,65.7525,50.0443,-13.2064,16.4321,0.0267,0.1037
1779988771383,1,11.0000004b,Drive,Loading,pitch.0,437492,-4.1152,11.4224,64.9315,49.9346,-12.9869,16.1673,0.0266,0.1024
1779988771383,1,12.00000015,Lower Delivery,Loading,pitch.0,437223,-0.5898,-0.1946,0.5523,-0.0525,-0.011,-0.0051,0.0,0.0
1779988771383,1,12.00000018,Upper Delivery,Loading,pitch.0,438081,-0.0667,0.0613,0.0493,-0.0884,-0.0304,-0.0012,0.0,0.0
1779988771383,1,Pitching Mound.Delivery,,Loading,pitch.0,436922,-0.6565,-0.1333,0.6016,0.0302,-0.0414,0.1716,0.0,0.0
1779988771383,1,Pitching Mound.Drive,,Loading,pitch.0,437492,-4.1152,11.4224,64.9315,49.9346,-12.9869,16.1673,0.0266,0.1024
1779988771383,1,Pitching Mound.Parent,,Loading,pitch.0,436543,-4.8172,11.3075,65.6702,50.002,-13.1206,16.367,0.0265,0.1039
1779988771384,1,11.0000004b,Drive,Loading,pitch.0,437493,-4.0726,11.4163,64.7582,49.926,-12.9427,16.0982,0.0266,0.1026
1779988771384,1,12.00000015,Lower Delivery,Loading,pitch.0,437224,-0.607,-0.2059,0.5511,-0.0507,-0.0202,-0.0076,0.0,0.0
1779988771384,1,12.00000018,Upper Delivery,Loading,pitch.0,438082,-0.068,0.0604,0.0566,-0.0884,-0.0304,-0.0012,0.0,0.0
1779988771384,1,Pitching Mound.Delivery,,Loading,pitch.0,436923,-0.675,-0.1455,0.6077,0.029,-0.0505,0.1744,0.0,0.0
1779988771384,1,Pitching Mound.Drive,,Loading,pitch.0,437493,-4.0726,11.4163,64.7582,49.926,-12.9427,16.0982,0.0266,0.1026
1779988771384,1,Pitching Mound.Parent,,Loading,pitch.0,436544,-4.7902,11.2769,65.5392,49.9636,-13.0374,16.3417,0.0264,0.104
1779988771385,1,11.0000004b,Drive,Loading,pitch.0,437494,-4.0137,11.4326,64.681,49.9785,-12.8704,16.0672,0.0265,0.1029
1779988771385,1,12.00000015,Lower Delivery,Loading,pitch.0,437225,-0.6042,-0.2227,0.525,-0.0582,-0.0202,-0.0064,0.0,0.0
1779988771385,1,12.00000018,Upper Delivery,Loading,pitch.0,438083,-0.0675,0.0523,0.0513,-0.0884,-0.0304,-0.0012,0.0,0.0
1779988771385,1,Pitching Mound.Delivery,,Loading,pitch.0,436924,-0.6717,-0.1704,0.5763,0.0145,-0.0506,0.1749,0.0,0.0
1779988771385,1,Pitching Mound.Drive,,Loading,pitch.0,437494,-4.0137,11.4326,64.681,49.9785,-12.8704,16.0672,0.0265,0.1029
1779988771385,1,Pitching Mound.Parent,,Loading,pitch.0,436545,-4.7443,11.2459,65.3344,49.9405,-12.9934,16.2732,0.0264,0.1042
1779988771386,1,11.0000004b,Drive,Loading,pitch.0,437495,-3.9543,11.4153,64.6088,50.0764,-12.8408,15.9859,0.0265,0.1032
1779988771386,1,12.00000015,Lower Delivery,Loading,pitch.0,437226,-0.5976,-0.2245,0.5163,-0.056,-0.0203,-0.0061,0.0,0.0
1779988771386,1,12.00000018,Upper Delivery,Loading,pitch.0,438084,-0.0598,0.0609,0.0372,-0.0884,-0.0304,-0.0012,0.0,0.0
1779988771386,1,Pitching Mound.Delivery,,Loading,pitch.0,436925,-0.6574,-0.1636,0.5535,0.0185,-0.0506,0.1756,0.0,0.0
1779988771386,1,Pitching Mound.Drive,,Loading,pitch.0,437495,-3.9543,11.4153,64.6088,50.0764,-12.8408,15.9859,0.0265,0.1032
1779988771386,1,Pitching Mound.Parent,,Loading,pitch.0,436546,-4.6711,11.269,65.2345,49.997,-12.921,16.2428,0.0263,0.1045
1779988771387,1,11.0000004b,Drive,Loading,pitch.0,437496,-3.8974,11.4135,64.5643,50.1862,-12.7747,15.9241,0.0263,0.1035
1779988771387,1,12.00000015,Lower Delivery,Loading,pitch.0,437227,-0.591,-0.2146,0.4977,-0.0789,-0.0302,-0.0047,0.0,0.0
1779988771387,1,12.00000018,Upper Delivery,Loading,pitch.0,438085,-0.0605,0.0578,0.0257,-0.0884,-0.0304,-0.0012,0.0,0.0
1779988771387,1,Pitching Mound.Delivery,,Loading,pitch.0,436926,-0.6515,-0.1568,0.5234,-0.0067,-0.0606,0.1745,0.0,0.0
1779988771387,1,Pitching Mound.Drive,,Loading,pitch.0,437496,-3.8974,11.4135,64.5643,50.1862,-12.7747,15.9241,0.0263,0.1035
1779988771387,1,Pitching Mound.Parent,,Loading,pitch.0,436547,-4.6059,11.2585,65.1322,50.0697,-12.9014,16.1604,0.0262,0.1048
1779988771388,1,11.0000004b,Drive,Loading,pitch.0,437497,-3.8168,11.414,64.617,50.246,-13.0149,15.8425,0.0268,0.1035
1779988771388,1,12.00000015,Lower Delivery,Loading,pitch.0,437228,-0.5959,-0.2451,0.4848,-0.0611,-0.029,-0.0079,0.0,0.0
1779988771388,1,12.00000018,Upper Delivery,Loading,pitch.0,438087,-0.0618,0.0535,0.0268,-0.0884,-0.0304,-0.0012,0.0,0.0
1779988771388,1,12.00000018,Upper Delivery,Loading,pitch.0,438086,-0.0607,0.0557,0.0313,-0.0884,-0.0304,-0.0012,0.0,0.0
1779988771388,1,Pitching Mound.Delivery,,Loading,pitch.0,436927,-0.6566,-0.1894,0.516,0.0048,-0.0594,0.1728,0.0,0.0
1779988771388,1,Pitching Mound.Drive,,Loading,pitch.0,437497,-3.8168,11.414,64.617,50.246,-13.0149,15.8425,0.0268,0.1035
1779988771388,1,Pitching Mound.Parent,,Loading,pitch.0,436548,-4.554,11.2241,65.0803,50.191,-12.834,16.0969,0.0261,0.105
1779988771389,1,11.0000004b,Drive,Loading,pitch.0,437498,-3.7255,11.3929,64.6674,50.2819,-12.9561,15.7906,0.0267,0.1035
1779988771389,1,12.00000015,Lower Delivery,Loading,pitch.0,437229,-0.5663,-0.2332,0.4524,-0.063,-0.0298,-0.0067,0.0,0.0
1779988771389,1,Pitching Mound.Delivery,,Loading,pitch.0,436928,-0.6281,-0.1797,0.4792,-0.0067,-0.0602,0.1636,0.0,0.0
1779988771389,1,Pitching Mound.Drive,,Loading,pitch.0,437498,-3.7255,11.3929,64.6674,50.2819,-12.9561,15.7906,0.0267,0.1035
1779988771389,1,Pitching Mound.Parent,,Loading,pitch.0,436549,-4.4449,11.2343,65.0962,50.2394,-13.075,16.0062,0.0266,0.105
1779988771390,1,11.0000004b,Drive,Loading,pitch.0,437499,-3.6483,11.3864,64.6992,50.417,-12.8377,15.7255,0.0264,0.1037
1779988771390,1,12.00000015,Lower Delivery,Loading,pitch.0,437230,-0.6104,-0.271,0.4778,-0.0722,-0.0319,-0.0098,0.0,0.0
1779988771390,1,12.00000018,Upper Delivery,Loading,pitch.0,438088,-0.0617,0.054,0.018,-0.0884,-0.0304,-0.0012,0.0,0.0
1779988771390,1,Pitching Mound.Delivery,,Loading,pitch.0,436929,-0.6722,-0.217,0.4957,-0.0042,-0.0623,0.1756,0.0,0.0
1779988771390,1,Pitching Mound.Drive,,Loading,pitch.0,437499,-3.6483,11.3864,64.6992,50.417,-12.8377,15.7255,0.0264,0.1037
1779988771390,1,Pitching Mound.Parent,,Loading,pitch.0,436550,-4.3977,11.1759,65.1631,50.2777,-13.0184,15.9662,0.0265,0.1051
1779988771391,1,11.0000004b,Drive,Loading,pitch.0,437500,-3.5676,11.3987,64.6732,50.4549,-12.9206,15.6539,0.0266,0.1039
1779988771391,1,12.00000015,Lower Delivery,Loading,pitch.0,437231,-0.6065,-0.262,0.469,-0.0784,-0.0358,-0.0077,0.0,0.0
1779988771391,1,12.00000018,Upper Delivery,Loading,pitch.0,438089,-0.0611,0.0508,0.0148,-0.0884,-0.0304,-0.0012,0.0,0.0
1779988771391,1,Pitching Mound.Delivery,,Loading,pitch.0,436930,-0.6676,-0.2112,0.4838,-0.0124,-0.0661,0.1765,0.0,0.0
1779988771391,1,Pitching Mound.Drive,,Loading,pitch.0,437500,-3.5676,11.3987,64.6732,50.4549,-12.9206,15.6539,0.0266,0.1039
1779988771391,1,Pitching Mound.Parent,,Loading,pitch.0,436551,-4.3158,11.1752,65.183,50.4047,-12.9039,15.902,0.0262,0.1053
1779988771392,1,11.0000004b,Drive,Loading,pitch.0,437501,-3.4976,11.3864,64.7671,50.5608,-12.7412,15.58,0.0262,0.1039
1779988771392,1,12.00000015,Lower Delivery,Loading,pitch.0,437233,-0.5654,-0.218,0.448,-0.0705,-0.0336,-0.0065,0.0,0.0
1779988771392,1,12.00000015,Lower Delivery,Loading,pitch.0,437232,-0.5872,-0.2666,0.4477,-0.0813,-0.0375,-0.0089,0.0,0.0
1779988771392,1,12.00000018,Upper Delivery,Loading,pitch.0,438090,-0.0582,0.0527,0.0057,-0.0884,-0.0304,-0.0012,0.0,0.0
1779988771392,1,12.00000018,Upper Delivery,Loading,pitch.0,438091,-0.0564,0.0509,0.0003,-0.0884,-0.0304,-0.0012,0.0,0.0
1779988771392,1,Pitching Mound.Delivery,,Loading,pitch.0,436932,-0.6218,-0.1671,0.4483,-0.0066,-0.064,0.1654,0.0,0.0
1779988771392,1,Pitching Mound.Delivery,,Loading,pitch.0,436931,-0.6454,-0.2139,0.4534,-0.0194,-0.0679,0.1698,0.0,0.0
1779988771392,1,Pitching Mound.Drive,,Loading,pitch.0,437501,-3.4976,11.3864,64.7671,50.5608,-12.7412,15.58,0.0262,0.1039
1779988771392,1,Pitching Mound.Parent,,Loading,pitch.0,436553,-4.1194,11.2193,65.2154,50.5542,-12.8051,15.7454,0.026,0.1055
1779988771392,1,Pitching Mound.Parent,,Loading,pitch.0,436552,-4.2129,11.1848,65.1266,50.4355,-12.9884,15.8237,0.0264,0.1054
1779988771393,1,11.0000004b,Drive,Loading,pitch.0,437502,-3.4227,11.3564,64.8887,50.5764,-12.7407,15.4788,0.0261,0.1038
1779988771393,1,12.00000015,Lower Delivery,Loading,pitch.0,437234,-0.4976,-0.2608,0.363,-0.0819,-0.0374,-0.0045,0.0,0.0
1779988771393,1,12.00000018,Upper Delivery,Loading,pitch.0,438092,-0.051,0.0558,0.0182,-0.0884,-0.0304,-0.0012,0.0,0.0
1779988771393,1,Pitching Mound.Delivery,,Loading,pitch.0,436933,-0.5485,-0.205,0.3812,-0.053,-0.0678,0.1462,0.0,0.0
1779988771393,1,Pitching Mound.Drive,,Loading,pitch.0,437502,-3.4227,11.3564,64.8887,50.5764,-12.7407,15.4788,0.0261,0.1038
1779988771393,1,Pitching Mound.Parent,,Loading,pitch.0,436554,-3.9712,11.1514,65.2699,50.5234,-12.8085,15.625,0.026,0.105
1779988771394,1,11.0000004b,Drive,Loading,pitch.0,437503,-3.3647,11.3594,64.8565,50.665,-12.6183,15.3792,0.0259,0.104
1779988771394,1,12.00000015,Lower Delivery,Loading,pitch.0,437235,-0.4786,-0.259,0.3554,-0.0667,-0.0243,-0.0068,0.0,0.0
1779988771394,1,12.00000018,Upper Delivery,Loading,pitch.0,438093,-0.06,0.0469,-0.0004,-0.0884,-0.0304,-0.0012,0.0,0.0
1779988771394,1,Pitching Mound.Delivery,,Loading,pitch.0,436934,-0.5387,-0.2121,0.355,-0.034,-0.0547,0.1344,0.0,0.0
1779988771394,1,Pitching Mound.Drive,,Loading,pitch.0,437503,-3.3647,11.3594,64.8565,50.665,-12.6183,15.3792,0.0259,0.104
1779988771394,1,Pitching Mound.Parent,,Loading,pitch.0,436555,-3.9034,11.1473,65.2115,50.6309,-12.673,15.5136,0.0258,0.1053
1779988771395,1,11.0000004b,Drive,Loading,pitch.0,437504,-3.2974,11.3408,64.9866,50.7472,-12.5255,15.338,0.0257,0.104
1779988771395,1,12.00000015,Lower Delivery,Loading,pitch.0,437236,-0.513,-0.241,0.4089,-0.0574,-0.0261,-0.0095,0.0,0.0
1779988771395,1,12.00000018,Upper Delivery,Loading,pitch.0,438094,-0.0602,0.0468,0.0143,-0.0884,-0.0304,-0.0012,0.0,0.0
1779988771395,1,Pitching Mound.Delivery,,Loading,pitch.0,436935,-0.5732,-0.1943,0.4232,-0.0116,-0.0565,0.1432,0.0,0.0
1779988771395,1,Pitching Mound.Drive,,Loading,pitch.0,437504,-3.2974,11.3408,64.9866,50.7472,-12.5255,15.338,0.0257,0.104
1779988771395,1,Pitching Mound.Parent,,Loading,pitch.0,436556,-3.8706,11.1466,65.4098,50.7356,-12.582,15.4812,0.0255,0.1053
1779988771396,1,11.0000004b,Drive,Loading,pitch.0,437505,-3.243,11.3286,65.0799,50.7641,-12.4664,15.269,0.0255,0.1038
1779988771396,1,Pitching Mound.Drive,,Loading,pitch.0,437505,-3.243,11.3286,65.0799,50.7641,-12.4664,15.269,0.0255,0.1038
1779988771397,1,11.0000004b,Drive,Loading,pitch.0,437506,-3.1866,11.348,65.1969,50.8662,-12.4236,15.2046,0.0254,0.1039
1779988771397,1,12.00000015,Lower Delivery,Loading,pitch.0,437237,-0.5335,-0.2528,0.4206,-0.0632,-0.0265,-0.0095,0.0,0.0
1779988771397,1,12.00000018,Upper Delivery,Loading,pitch.0,438095,-0.0569,0.0459,0.0065,-0.0884,-0.0304,-0.0012,0.0,0.0
1779988771397,1,Pitching Mound.Delivery,,Loading,pitch.0,436936,-0.5903,-0.207,0.427,-0.0107,-0.0569,0.1514,0.0,0.0
1779988771397,1,Pitching Mound.Drive,,Loading,pitch.0,437506,-3.1866,11.348,65.1969,50.8662,-12.4236,15.2046,0.0254,0.1039
1779988771397,1,Pitching Mound.Parent,,Loading,pitch.0,436557,-3.8333,11.1216,65.507,50.7534,-12.5233,15.4204,0.0253,0.1053
1779988771398,1,11.0000004b,Drive,Loading,pitch.0,437507,-3.1335,11.3383,65.2479,50.9352,-12.355,15.1394,0.0252,0.1039
1779988771398,1,12.00000015,Lower Delivery,Loading,pitch.0,437238,-0.532,-0.2772,0.4038,-0.0406,-0.021,-0.0118,0.0,0.0
1779988771398,1,12.00000018,Upper Delivery,Loading,pitch.0,438096,-0.0542,0.0421,-0.0035,-0.0884,-0.0304,-0.0012,0.0,0.0
1779988771398,1,12.00000018,Upper Delivery,Loading,pitch.0,438097,-0.0542,0.0403,-0.002,-0.0884,-0.0304,-0.0012,0.0,0.0
1779988771398,1,Pitching Mound.Delivery,,Loading,pitch.0,436937,-0.5862,-0.2351,0.4003,0.0096,-0.0514,0.1495,0.0,0.0
1779988771398,1,Pitching Mound.Drive,,Loading,pitch.0,437507,-3.1335,11.3383,65.2479,50.9352,-12.355,15.1394,0.0252,0.1039
1779988771398,1,Pitching Mound.Parent,,Loading,pitch.0,436558,-3.7728,11.1129,65.5972,50.8758,-12.475,15.3541,0.0252,0.1053
1779988771399,1,11.0000004b,Drive,Loading,pitch.0,437508,-3.0895,11.3288,65.4109,51.1022,-12.3099,15.0839,0.0251,0.104
1779988771399,1,12.00000015,Lower Delivery,Loading,pitch.0,437239,-0.5422,-0.2921,0.4113,-0.039,-0.0217,-0.0078,0.0,0.0
1779988771399,1,12.00000018,Upper Delivery,Loading,pitch.0,438098,-0.0527,0.0445,0.0055,-0.0884,-0.0304,-0.0012,0.0,0.0
1779988771399,1,Pitching Mound.Delivery,,Loading,pitch.0,436938,-0.5964,-0.2518,0.4093,0.0131,-0.0521,0.157,0.0,0.0
1779988771399,1,Pitching Mound.Drive,,Loading,pitch.0,437508,-3.0895,11.3288,65.4109,51.1022,-12.3099,15.0839,0.0251,0.104
1779988771399,1,Pitching Mound.Parent,,Loading,pitch.0,436559,-3.7299,11.0865,65.6572,50.9484,-12.4071,15.2963,0.0251,0.1054
1779988771400,1,11.0000004b,Drive,Loading,pitch.0,437509,-3.0494,11.3301,65.5213,51.2019,-12.201,15.0407,0.0248,0.104
1779988771400,1,12.00000015,Lower Delivery,Loading,pitch.0,437241,-0.5983,-0.2979,0.4881,-0.0324,-0.0141,-0.0039,0.0,0.0
1779988771400,1,12.00000015,Lower Delivery,Loading,pitch.0,437240,-0.5705,-0.3167,0.4454,-0.0359,-0.0175,-0.0073,0.0,0.0
1779988771400,1,12.00000018,Upper Delivery,Loading,pitch.0,438099,-0.0529,0.0448,0.0114,-0.0884,-0.0304,-0.0012,0.0,0.0
1779988771400,1,Pitching Mound.Delivery,,Loading,pitch.0,436940,-0.6511,-0.2532,0.4995,0.0413,-0.0445,0.1804,0.0,0.0
1779988771400,1,Pitching Mound.Delivery,,Loading,pitch.0,436939,-0.6232,-0.2722,0.4509,0.0253,-0.0479,0.1675,0.0,0.0
1779988771400,1,Pitching Mound.Drive,,Loading,pitch.0,437509,-3.0494,11.3301,65.5213,51.2019,-12.201,15.0407,0.0248,0.104
1779988771400,1,Pitching Mound.Parent,,Loading,pitch.0,436560,-3.7126,11.0565,65.8618,51.1275,-12.3578,15.2514,0.0249,0.1056
1779988771400,1,Pitching Mound.Parent,,Loading,pitch.0,436561,-3.7005,11.0769,66.0208,51.2432,-12.2454,15.2211,0.0246,0.1057
1779988771401,1,11.0000004b,Drive,Loading,pitch.0,437510,-3.0226,11.335,65.6796,51.3417,-12.1814,14.9541,0.0247,0.1041
1779988771401,1,12.00000015,Lower Delivery,Loading,pitch.0,437242,-0.5935,-0.2993,0.496,-0.0155,-0.0008,-0.0042,0.0,0.0
1779988771401,1,12.00000018,Upper Delivery,Loading,pitch.0,438100,-0.0544,0.0454,0.0189,-0.0884,-0.0304,-0.0012,0.0,0.0
1779988771401,1,Pitching Mound.Delivery,,Loading,pitch.0,436941,-0.6479,-0.2539,0.5149,0.0584,-0.0312,0.1779,0.0,0.0
1779988771401,1,Pitching Mound.Drive,,Loading,pitch.0,437510,-3.0226,11.335,65.6796,51.3417,-12.1814,14.9541,0.0247,0.1041
1779988771401,1,Pitching Mound.Parent,,Loading,pitch.0,436562,-3.6705,11.0811,66.1946,51.4,-12.2125,15.132,0.0245,0.1057
1779988771402,1,11.0000004b,Drive,Loading,pitch.0,437511,-2.9884,11.3233,65.7604,51.5442,-12.0626,14.9024,0.0244,0.1043
1779988771402,1,12.00000018,Upper Delivery,Loading,pitch.0,438101,-0.0597,0.0412,0.0267,-0.0884,-0.0304,-0.0012,0.0,0.0
1779988771402,1,Pitching Mound.Drive,,Loading,pitch.0,437511,-2.9884,11.3233,65.7604,51.5442,-12.0626,14.9024,0.0244,0.1043
1779988771403,1,11.0000004b,Drive,Loading,pitch.0,437512,-2.9561,11.3276,65.8194,51.6652,-11.9699,14.8257,0.0242,0.1045
1779988771403,1,12.00000015,Lower Delivery,Loading,pitch.0,437243,-0.5673,-0.2962,0.475,-0.0111,0.0021,-0.0056,0.0,0.0
1779988771403,1,12.00000015,Lower Delivery,Loading,pitch.0,437244,-0.5441,-0.2944,0.4502,-0.0198,0.0007,-0.0077,0.0,0.0
1779988771403,1,Pitching Mound.Delivery,,Loading,pitch.0,436942,-0.627,-0.255,0.5017,0.0529,-0.0283,0.1658,0.0,0.0
1779988771403,1,Pitching Mound.Drive,,Loading,pitch.0,437512,-2.9561,11.3276,65.8194,51.6652,-11.9699,14.8257,0.0242,0.1045
1779988771403,1,Pitching Mound.Parent,,Loading,pitch.0,436563,-3.6154,11.0683,66.2621,51.5971,-12.0908,15.0682,0.0242,0.1059
1779988771404,1,11.0000004b,Drive,Loading,pitch.0,437513,-2.9382,11.3418,66.051,51.9488,-11.8544,14.7916,0.0239,0.1047
1779988771404,1,12.00000018,Upper Delivery,Loading,pitch.0,438102,-0.0599,0.0438,0.025,-0.0884,-0.0304,-0.0012,0.0,0.0
1779988771404,1,Pitching Mound.Delivery,,Loading,pitch.0,436943,-0.604,-0.2506,0.4752,0.0364,-0.0297,0.1558,0.0,0.0
1779988771404,1,Pitching Mound.Drive,,Loading,pitch.0,437513,-2.9382,11.3418,66.051,51.9488,-11.8544,14.7916,0.0239,0.1047
1779988771404,1,Pitching Mound.Parent,,Loading,pitch.0,436564,-3.5601,11.077,66.2946,51.7016,-11.9995,14.9815,0.024,0.1059
1779988771405,1,11.0000004b,Drive,Loading,pitch.0,437514,-2.888,11.3091,66.2245,52.1219,-11.7718,14.7932,0.0237,0.1048
1779988771405,1,12.00000015,Lower Delivery,Loading,pitch.0,437245,-0.5694,-0.2893,0.4748,-0.0174,0.0002,-0.0078,0.0,0.0
1779988771405,1,12.00000015,Lower Delivery,Loading,pitch.0,437246,-0.597,-0.2739,0.5104,-0.0089,-0.0021,-0.0088,0.0,0.0
1779988771405,1,12.00000018,Upper Delivery,Loading,pitch.0,438104,-0.0638,0.0432,0.0255,-0.0884,-0.0304,-0.0012,0.0,0.0
1779988771405,1,12.00000018,Upper Delivery,Loading,pitch.0,438103,-0.0624,0.0436,0.0281,-0.0884,-0.0304,-0.0012,0.0,0.0
1779988771405,1,Pitching Mound.Delivery,,Loading,pitch.0,436944,-0.6318,-0.2457,0.5029,0.0461,-0.0301,0.1634,0.0,0.0
1779988771405,1,Pitching Mound.Delivery,,Loading,pitch.0,436945,-0.6608,-0.2307,0.5359,0.0676,-0.0325,0.1713,0.0,0.0
1779988771405,1,Pitching Mound.Drive,,Loading,pitch.0,437514,-2.888,11.3091,66.2245,52.1219,-11.7718,14.7932,0.0237,0.1048
1779988771405,1,Pitching Mound.Parent,,Loading,pitch.0,436565,-3.57,11.096,66.5539,51.9949,-11.8846,14.9549,0.0237,0.1062
1779988771405,1,Pitching Mound.Parent,,Loading,pitch.0,436566,-3.5489,11.0784,66.7604,52.1895,-11.8043,14.9645,0.0235,0.1064
1779988771406,1,11.0000004b,Drive,Loading,pitch.0,437515,-2.8625,11.3052,66.3769,52.2968,-11.6742,14.7263,0.0234,0.1049
1779988771406,1,12.00000015,Lower Delivery,Loading,pitch.0,437247,-0.5822,-0.2797,0.4947,-0.0115,-0.0017,-0.0079,0.0,0.0
1779988771406,1,Pitching Mound.Drive,,Loading,pitch.0,437515,-2.8625,11.3052,66.3769,52.2968,-11.6742,14.7263,0.0234,0.1049
1779988771407,1,11.0000004b,Drive,Loading,pitch.0,437516,-2.8141,11.303,66.4257,52.4717,-11.7083,14.6695,0.0235,0.1052
1779988771407,1,12.00000015,Lower Delivery,Loading,pitch.0,437248,-0.5964,-0.2886,0.499,-0.0196,-0.0051,-0.009,0.0,0.0
1779988771407,1,12.00000018,Upper Delivery,Loading,pitch.0,438105,-0.0633,0.0459,0.0221,-0.0884,-0.0304,-0.0012,0.0,0.0
1779988771407,1,12.00000018,Upper Delivery,Loading,pitch.0,438106,-0.0684,0.0437,0.0222,-0.0884,-0.0304,-0.0012,0.0,0.0
1779988771407,1,Pitching Mound.Delivery,,Loading,pitch.0,436946,-0.6455,-0.2338,0.5168,0.0608,-0.0321,0.1673,0.0,0.0
1779988771407,1,Pitching Mound.Delivery,,Loading,pitch.0,436947,-0.6648,-0.2449,0.5213,0.0542,-0.0355,0.1693,0.0,0.0
1779988771407,1,Pitching Mound.Drive,,Loading,pitch.0,437516,-2.8141,11.303,66.4257,52.4717,-11.7083,14.6695,0.0235,0.1052
1779988771407,1,Pitching Mound.Parent,,Loading,pitch.0,436567,-3.508,11.0714,66.8937,52.3576,-11.7063,14.8936,0.0232,0.1065
1779988771407,1,Pitching Mound.Parent,,Loading,pitch.0,436568,-3.479,11.0581,66.947,52.5259,-11.7438,14.8389,0.0233,0.1068
1779988771408,1,11.0000004b,Drive,Loading,pitch.0,437517,-2.7734,11.2776,66.5399,52.5851,-11.5729,14.6672,0.0232,0.1052
1779988771408,1,12.00000015,Lower Delivery,Loading,pitch.0,437249,-0.6018,-0.2837,0.5032,-0.0259,-0.0063,-0.0093,0.0,0.0
1779988771408,1,12.00000018,Upper Delivery,Loading,pitch.0,438107,-0.0705,0.0468,0.0351,-0.0884,-0.0304,-0.0012,0.0,0.0
1779988771408,1,Pitching Mound.Delivery,,Loading,pitch.0,436948,-0.6722,-0.2368,0.5383,0.0449,-0.0366,0.1701,0.0,0.0
1779988771408,1,Pitching Mound.Drive,,Loading,pitch.0,437517,-2.7734,11.2776,66.5399,52.5851,-11.5729,14.6672,0.0232,0.1052
1779988771408,1,Pitching Mound.Parent,,Loading,pitch.0,436569,-3.4456,11.0407,67.0782,52.6299,-11.6095,14.8373,0.023,0.1067
1779988771409,1,11.0000004b,Drive,Loading,pitch.0,437518,-2.7122,11.2626,66.7846,52.7395,-11.476,14.6082,0.0229,0.1051
1779988771409,1,12.00000015,Lower Delivery,Loading,pitch.0,437250,-0.5927,-0.2556,0.5,-0.0365,-0.0085,-0.0092,0.0,0.0
1779988771409,1,12.00000018,Upper Delivery,Loading,pitch.0,438108,-0.0626,0.0506,0.0282,-0.0884,-0.0304,-0.0012,0.0,0.0
1779988771409,1,Pitching Mound.Delivery,,Loading,pitch.0,436949,-0.6552,-0.2049,0.5282,0.0355,-0.0389,0.1698,0.0,0.0
1779988771409,1,Pitching Mound.Drive,,Loading,pitch.0,437518,-2.7122,11.2626,66.7846,52.7395,-11.476,14.6082,0.0229,0.1051
1779988771409,1,Pitching Mound.Parent,,Loading,pitch.0,436570,-3.3674,11.0577,67.3128,52.775,-11.5149,14.7781,0.0227,0.1067
1779988771410,1,11.0000004b,Drive,Loading,pitch.0,437519,-2.6519,11.2386,66.8257,52.8124,-11.4455,14.5681,0.0228,0.1052
1779988771410,1,12.00000015,Lower Delivery,Loading,pitch.0,437251,-0.6196,-0.2697,0.5322,-0.0334,-0.0107,-0.0088,0.0,0.0
1779988771410,1,12.00000018,Upper Delivery,Loading,pitch.0,438109,-0.0676,0.0467,0.0252,-0.0884,-0.0304,-0.0012,0.0,0.0
1779988771410,1,Pitching Mound.Delivery,,Loading,pitch.0,436950,-0.6872,-0.2229,0.5573,0.0507,-0.0411,0.1777,0.0,0.0
1779988771410,1,Pitching Mound.Drive,,Loading,pitch.0,437519,-2.6519,11.2386,66.8257,52.8124,-11.4455,14.5681,0.0228,0.1052
1779988771410,1,Pitching Mound.Parent,,Loading,pitch.0,436571,-3.339,11.0156,67.383,52.8631,-11.4866,14.7458,0.0226,0.1069
1779988771411,1,11.0000004b,Drive,Loading,pitch.0,437520,-2.586,11.2055,66.9744,52.9654,-11.4396,14.5454,0.0227,0.1053
1779988771411,1,12.00000015,Lower Delivery,Loading,pitch.0,437252,-0.6301,-0.2745,0.5386,-0.0403,-0.0116,-0.0085,0.0,0.0
1779988771411,1,12.00000018,Upper Delivery,Loading,pitch.0,438110,-0.0641,0.0495,0.0287,-0.0884,-0.0304,-0.0012,0.0,0.0
1779988771411,1,Pitching Mound.Delivery,,Loading,pitch.0,436951,-0.6942,-0.225,0.5674,0.0447,-0.0419,0.1828,0.0,0.0
1779988771411,1,Pitching Mound.Drive,,Loading,pitch.0,437520,-2.586,11.2055,66.9744,52.9654,-11.4396,14.5454,0.0227,0.1053
1779988771411,1,Pitching Mound.Parent,,Loading,pitch.0,436572,-3.2801,10.9805,67.5418,53.0101,-11.4816,14.7282,0.0225,0.107
1779988771412,1,11.0000004b,Drive,Loading,pitch.0,437521,-2.5044,11.1989,67.2157,53.1125,-11.3598,14.5276,0.0225,0.1052
1779988771412,1,12.00000015,Lower Delivery,Loading,pitch.0,437253,-0.5925,-0.2812,0.4804,-0.0494,-0.0167,-0.0082,0.0,0.0
1779988771412,1,12.00000018,Upper Delivery,Loading,pitch.0,438111,-0.0614,0.0556,0.021,-0.0884,-0.0304,-0.0012,0.0,0.0
1779988771412,1,Pitching Mound.Delivery,,Loading,pitch.0,436952,-0.6539,-0.2256,0.5014,0.0184,-0.0471,0.1712,0.0,0.0
1779988771412,1,Pitching Mound.Drive,,Loading,pitch.0,437521,-2.5044,11.1989,67.2157,53.1125,-11.3598,14.5276,0.0225,0.1052
1779988771412,1,Pitching Mound.Parent,,Loading,pitch.0,436573,-3.1583,10.9733,67.7171,53.1308,-11.4069,14.6988,0.0223,0.1067
1779988771413,1,11.0000004b,Drive,Loading,pitch.0,437522,-2.4332,11.1959,67.4382,53.2959,-11.4173,14.4598,0.0225,0.1052
1779988771413,1,12.00000015,Lower Delivery,Loading,pitch.0,437254,-0.5629,-0.2888,0.4558,-0.0525,-0.0083,-0.0065,0.0,0.0
1779988771413,1,Pitching Mound.Drive,,Loading,pitch.0,437522,-2.4332,11.1959,67.4382,53.2959,-11.4173,14.4598,0.0225,0.1052
1779988771414,1,11.0000004b,Drive,Loading,pitch.0,437523,-2.3582,11.1788,67.6585,53.5136,-11.3982,14.4368,0.0224,0.1053
1779988771414,1,12.00000015,Lower Delivery,Loading,pitch.0,437255,-0.6032,-0.3167,0.4726,-0.0546,-0.0138,-0.0072,0.0,0.0
1779988771414,1,12.00000018,Upper Delivery,Loading,pitch.0,438112,-0.0649,0.0522,0.0244,-0.0884,-0.0304,-0.0012,0.0,0.0
1779988771414,1,12.00000018,Upper Delivery,Loading,pitch.0,438113,-0.0621,0.0564,0.0373,-0.0884,-0.0304,-0.0012,0.0,0.0
1779988771414,1,Pitching Mound.Delivery,,Loading,pitch.0,436953,-0.6279,-0.2366,0.4803,0.0058,-0.0386,0.1616,0.0,0.0
1779988771414,1,Pitching Mound.Delivery,,Loading,pitch.0,436954,-0.6654,-0.2603,0.5099,0.0051,-0.0441,0.1755,0.0,0.0
1779988771414,1,Pitching Mound.Drive,,Loading,pitch.0,437523,-2.3582,11.1788,67.6585,53.5136,-11.3982,14.4368,0.0224,0.1053
1779988771414,1,Pitching Mound.Parent,,Loading,pitch.0,436575,-3.0236,10.9185,68.1684,53.5187,-11.4424,14.6124,0.0223,0.1067
1779988771414,1,Pitching Mound.Parent,,Loading,pitch.0,436574,-3.061,10.9594,67.9185,53.3017,-11.456,14.6214,0.0224,0.1066
1779988771415,1,11.0000004b,Drive,Loading,pitch.0,437524,-2.2635,11.1776,67.8434,53.661,-11.4904,14.371,0.0225,0.1053
1779988771415,1,12.00000015,Lower Delivery,Loading,pitch.0,437256,-0.5783,-0.307,0.4612,-0.0514,-0.0191,-0.0086,0.0,0.0
1779988771415,1,12.00000018,Upper Delivery,Loading,pitch.0,438114,-0.0598,0.0561,0.0388,-0.0884,-0.0304,-0.0012,0.0,0.0
1779988771415,1,Pitching Mound.Delivery,,Loading,pitch.0,436955,-0.6381,-0.2509,0.5,0.0038,-0.0495,0.1665,0.0,0.0
1779988771415,1,Pitching Mound.Drive,,Loading,pitch.0,437524,-2.2635,11.1776,67.8434,53.661,-11.4904,14.371,0.0225,0.1053
1779988771415,1,Pitching Mound.Parent,,Loading,pitch.0,436576,-2.9016,10.9267,68.3434,53.6649,-11.5399,14.5375,0.0224,0.1066
1779988771416,1,11.0000004b,Drive,Loading,pitch.0,437525,-2.1769,11.1636,68.0123,53.7463,-11.4851,14.3237,0.0225,0.1052
1779988771416,1,12.00000015,Lower Delivery,Loading,pitch.0,437257,-0.5124,-0.2976,0.4038,-0.0639,-0.0131,-0.004,0.0,0.0
1779988771416,1,12.00000018,Upper Delivery,Loading,pitch.0,438115,-0.0594,0.0566,0.0363,-0.0884,-0.0304,-0.0012,0.0,0.0
1779988771416,1,Pitching Mound.Delivery,,Loading,pitch.0,436956,-0.5718,-0.241,0.4401,-0.0273,-0.0434,0.1489,0.0,0.0
1779988771416,1,Pitching Mound.Drive,,Loading,pitch.0,437525,-2.1769,11.1636,68.0123,53.7463,-11.4851,14.3237,0.0225,0.1052
1779988771416,1,Pitching Mound.Parent,,Loading,pitch.0,436577,-2.7487,10.9226,68.4524,53.719,-11.5286,14.4726,0.0223,0.1064
1779988771417,1,11.0000004b,Drive,Loading,pitch.0,437526,-2.1119,11.1772,68.315,53.9606,-11.5376,14.2849,0.0225,0.1052
1779988771417,1,12.00000015,Lower Delivery,Loading,pitch.0,437258,-0.5275,-0.3091,0.4239,-0.0489,-0.0118,-0.0069,0.0,0.0
1779988771417,1,12.00000018,Upper Delivery,Loading,pitch.0,438116,-0.0572,0.0559,0.038,-0.0884,-0.0304,-0.0012,0.0,0.0
1779988771417,1,Pitching Mound.Delivery,,Loading,pitch.0,436957,-0.5847,-0.2532,0.4619,-0.0061,-0.0422,0.1518,0.0,0.0
1779988771417,1,Pitching Mound.Drive,,Loading,pitch.0,437526,-2.1119,11.1772,68.315,53.9606,-11.5376,14.2849,0.0225,0.1052
1779988771417,1,Pitching Mound.Parent,,Loading,pitch.0,436578,-2.6965,10.924,68.7769,53.9546,-11.5798,14.4366,0.0223,0.1064
1779988771418,1,11.0000004b,Drive,Loading,pitch.0,437527,-2.0338,11.1655,68.5517,54.0814,-11.6478,14.2438,0.0226,0.105
1779988771418,1,Pitching Mound.Drive,,Loading,pitch.0,437527,-2.0338,11.1655,68.5517,54.0814,-11.6478,14.2438,0.0226,0.105
1779988771419,1,11.0000004b,Drive,Loading,pitch.0,437528,-1.9702,11.1741,68.8189,54.3354,-11.6375,14.2132,0.0225,0.1051
1779988771419,1,12.00000015,Lower Delivery,Loading,pitch.0,437259,-0.5457,-0.3243,0.4254,-0.0335,-0.017,-0.0072,0.0,0.0
1779988771419,1,12.00000018,Upper Delivery,Loading,pitch.0,438117,-0.0552,0.0577,0.0283,-0.0884,-0.0304,-0.0012,0.0,0.0
1779988771419,1,12.00000018,Upper Delivery,Loading,pitch.0,438118,-0.0535,0.0583,0.0222,-0.0884,-0.0304,-0.0012,0.0,0.0
1779988771419,1,Pitching Mound.Delivery,,Loading,pitch.0,436958,-0.6009,-0.2666,0.4536,0.0132,-0.0474,0.1584,0.0,0.0
1779988771419,1,Pitching Mound.Drive,,Loading,pitch.0,437528,-1.9702,11.1741,68.8189,54.3354,-11.6375,14.2132,0.0225,0.1051
1779988771419,1,Pitching Mound.Parent,,Loading,pitch.0,436579,-2.6347,10.8988,69.0053,54.0946,-11.6952,14.4022,0.0225,0.1063
1779988771420,1,11.0000004b,Drive,Loading,pitch.0,437529,-1.8988,11.1961,69.1615,54.5404,-11.725,14.1834,0.0226,0.105
1779988771420,1,12.00000015,Lower Delivery,Loading,pitch.0,437260,-0.5086,-0.3432,0.3777,-0.0309,-0.0201,-0.0045,0.0,0.0
1779988771420,1,12.00000015,Lower Delivery,Loading,pitch.0,437261,-0.5191,-0.3584,0.3835,-0.0257,-0.0248,-0.0011,0.0,0.0
1779988771420,1,12.00000018,Upper Delivery,Loading,pitch.0,438119,-0.0571,0.0597,0.0322,-0.0884,-0.0304,-0.0012,0.0,0.0
1779988771420,1,Pitching Mound.Delivery,,Loading,pitch.0,436959,-0.5621,-0.2848,0.3999,0.0016,-0.0505,0.149,0.0,0.0
1779988771420,1,Pitching Mound.Delivery,,Loading,pitch.0,436960,-0.5761,-0.2987,0.4157,0.0054,-0.0551,0.1547,0.0,0.0
1779988771420,1,Pitching Mound.Drive,,Loading,pitch.0,437529,-1.8988,11.1961,69.1615,54.5404,-11.725,14.1834,0.0226,0.105
1779988771420,1,Pitching Mound.Parent,,Loading,pitch.0,436580,-2.5323,10.8893,69.2188,54.337,-11.6879,14.3623,0.0224,0.1062
1779988771420,1,Pitching Mound.Parent,,Loading,pitch.0,436581,-2.4749,10.8975,69.5772,54.5458,-11.7801,14.3381,0.0224,0.1061
1779988771421,1,11.0000004b,Drive,Loading,pitch.0,437530,-1.83,11.2163,69.3676,54.7182,-11.8743,14.164,0.0228,0.105
1779988771421,1,12.00000018,Upper Delivery,Loading,pitch.0,438120,-0.0549,0.0581,0.0328,-0.0884,-0.0304,-0.0012,0.0,0.0
1779988771421,1,Pitching Mound.Drive,,Loading,pitch.0,437530,-1.83,11.2163,69.3676,54.7182,-11.8743,14.164,0.0228,0.105
1779988771422,1,11.0000004b,Drive,Loading,pitch.0,437531,-1.7694,11.2521,69.6254,54.8377,-11.9782,14.1669,0.0229,0.1049
1779988771422,1,12.00000015,Lower Delivery,Loading,pitch.0,437262,-0.5498,-0.3735,0.4086,-0.0296,-0.0214,-0.0003,0.0,0.0
1779988771422,1,12.00000015,Lower Delivery,Loading,pitch.0,437263,-0.556,-0.3839,0.4041,-0.0194,-0.0135,-0.0011,0.0,0.0
1779988771422,1,12.00000018,Upper Delivery,Loading,pitch.0,438121,-0.0555,0.0541,0.0374,-0.0884,-0.0304,-0.0012,0.0,0.0
1779988771422,1,Pitching Mound.Delivery,,Loading,pitch.0,436961,-0.6047,-0.3154,0.4414,0.0098,-0.0518,0.1668,0.0,0.0
1779988771422,1,Pitching Mound.Delivery,,Loading,pitch.0,436962,-0.6115,-0.3298,0.4415,0.0169,-0.0439,0.1679,0.0,0.0
1779988771422,1,Pitching Mound.Drive,,Loading,pitch.0,437531,-1.7694,11.2521,69.6254,54.8377,-11.9782,14.1669,0.0229,0.1049
1779988771422,1,Pitching Mound.Parent,,Loading,pitch.0,436582,-2.4347,10.9009,69.809,54.7281,-11.926,14.3308,0.0226,0.1062
1779988771422,1,Pitching Mound.Parent,,Loading,pitch.0,436583,-2.3808,10.9224,70.0669,54.8546,-12.0221,14.3347,0.0228,0.106
1779988771423,1,11.0000004b,Drive,Loading,pitch.0,437532,-1.7119,11.2802,69.7493,54.9299,-12.092,14.1335,0.0231,0.1048
1779988771423,1,12.00000015,Lower Delivery,Loading,pitch.0,437264,-0.5882,-0.384,0.4384,-0.0063,0.0028,-0.0002,0.0,0.0
1779988771423,1,12.00000018,Upper Delivery,Loading,pitch.0,438122,-0.0539,0.0605,0.0201,-0.0884,-0.0304,-0.0012,0.0,0.0
1779988771423,1,Pitching Mound.Delivery,,Loading,pitch.0,436963,-0.6421,-0.3234,0.4585,0.0476,-0.0275,0.1802,0.0,0.0
1779988771423,1,Pitching Mound.Drive,,Loading,pitch.0,437532,-1.7119,11.2802,69.7493,54.9299,-12.092,14.1335,0.0231,0.1048
1779988771423,1,Pitching Mound.Parent,,Loading,pitch.0,436584,-2.354,10.9567,70.2078,54.9774,-12.1196,14.3137,0.0229,0.1062
1779988771424,1,11.0000004b,Drive,Loading,pitch.0,437533,-1.6674,11.2917,70.0449,55.0865,-12.2378,14.1262,0.0233,0.1047
1779988771424,1,12.00000015,Lower Delivery,Loading,pitch.0,437265,-0.6073,-0.3825,0.4573,-0.0093,-0.0004,-0.0007,0.0,0.0
1779988771424,1,12.00000018,Upper Delivery,Loading,pitch.0,438123,-0.0547,0.0625,0.022,-0.0884,-0.0304,-0.0012,0.0,0.0
1779988771424,1,Pitching Mound.Delivery,,Loading,pitch.0,436964,-0.6621,-0.32,0.4793,0.0503,-0.0307,0.186,0.0,0.0
1779988771424,1,Pitching Mound.Drive,,Loading,pitch.0,437533,-1.6674,11.2917,70.0449,55.0865,-12.2378,14.1262,0.0233,0.1047
1779988771424,1,Pitching Mound.Parent,,Loading,pitch.0,436585,-2.3295,10.9717,70.5241,55.1368,-12.2686,14.3122,0.0231,0.1061
1779988771425,1,11.0000004b,Drive,Loading,pitch.0,437534,-1.6261,11.3294,70.21,55.1844,-12.3698,14.1135,0.0235,0.1046
1779988771425,1,12.00000015,Lower Delivery,Loading,pitch.0,437266,-0.6243,-0.414,0.4582,-0.0109,-0.0018,0.0001,0.0,0.0
1779988771425,1,12.00000018,Upper Delivery,Loading,pitch.0,438124,-0.0551,0.0598,0.0164,-0.0884,-0.0304,-0.0012,0.0,0.0
1779988771425,1,Pitching Mound.Delivery,,Loading,pitch.0,436965,-0.6794,-0.3542,0.4746,0.0509,-0.0322,0.1924,0.0,0.0
1779988771425,1,Pitching Mound.Drive,,Loading,pitch.0,437534,-1.6261,11.3294,70.21,55.1844,-12.3698,14.1135,0.0235,0.1046
1779988771425,1,Pitching Mound.Parent,,Loading,pitch.0,436586,-2.3054,10.9752,70.6846,55.2353,-12.4019,14.3059,0.0233,0.1061
1779988771426,1,11.0000004b,Drive,Loading,pitch.0,437535,-1.5932,11.3648,70.4944,55.3788,-12.4178,14.0988,0.0235,0.1046
1779988771426,1,12.00000015,Lower Delivery,Loading,pitch.0,437267,-0.6005,-0.4054,0.4386,-0.0052,0.0052,-0.002,0.0,0.0
1779988771426,1,12.00000018,Upper Delivery,Loading,pitch.0,438125,-0.0578,0.0594,0.0285,-0.0884,-0.0304,-0.0012,0.0,0.0
1779988771426,1,Pitching Mound.Delivery,,Loading,pitch.0,436966,-0.6582,-0.346,0.4671,0.0458,-0.0252,0.1813,0.0,0.0
1779988771426,1,Pitching Mound.Drive,,Loading,pitch.0,437535,-1.5932,11.3648,70.4944,55.3788,-12.4178,14.0988,0.0235,0.1046
1779988771426,1,Pitching Mound.Parent,,Loading,pitch.0,436587,-2.2514,11.0188,70.9615,55.4247,-12.443,14.2802,0.0233,0.1059
1779988771427,1,11.0000004b,Drive,Loading,pitch.0,437536,-1.5446,11.4149,70.7213,55.4221,-12.5432,14.0858,0.0236,0.1043
1779988771427,1,12.00000015,Lower Delivery,Loading,pitch.0,437268,-0.6654,-0.3898,0.5104,-0.0135,0.0073,-0.003,0.0,0.0
1779988771427,1,12.00000018,Upper Delivery,Loading,pitch.0,438126,-0.0573,0.0582,0.0288,-0.0884,-0.0304,-0.0012,0.0,0.0
1779988771427,1,Pitching Mound.Delivery,,Loading,pitch.0,436967,-0.7226,-0.3316,0.5392,0.0619,-0.0231,0.2026,0.0,0.0
1779988771427,1,Pitching Mound.Drive,,Loading,pitch.0,437536,-1.5446,11.4149,70.7213,55.4221,-12.5432,14.0858,0.0236,0.1043
1779988771427,1,Pitching Mound.Parent,,Loading,pitch.0,436588,-2.2672,11.0833,71.2605,55.484,-12.5663,14.2884,0.0234,0.1058
1779988771428,1,11.0000004b,Drive,Loading,pitch.0,437537,-1.5049,11.4439,70.9409,55.6044,-12.5676,14.0531,0.0236,0.1043
1779988771428,1,12.00000015,Lower Delivery,Loading,pitch.0,437269,-0.6383,-0.3875,0.4854,-0.0109,0.005,-0.0047,0.0,0.0
1779988771428,1,12.00000018,Upper Delivery,Loading,pitch.0,438127,-0.0617,0.0538,0.0327,-0.0884,-0.0304,-0.0012,0.0,0.0
1779988771428,1,Pitching Mound.Delivery,,Loading,pitch.0,436968,-0.7,-0.3338,0.5181,0.0547,-0.0253,0.1901,0.0,0.0
1779988771428,1,Pitching Mound.Drive,,Loading,pitch.0,437537,-1.5049,11.4439,70.9409,55.6044,-12.5676,14.0531,0.0236,0.1043
1779988771428,1,Pitching Mound.Parent,,Loading,pitch.0,436589,-2.2049,11.1101,71.459,55.6591,-12.5929,14.2432,0.0234,0.1057
1779988771429,1,11.0000004b,Drive,Loading,pitch.0,437538,-1.4538,11.4879,71.1504,55.6836,-12.8204,14.0448,0.024,0.1042
1779988771429,1,12.00000015,Lower Delivery,Loading,pitch.0,437270,-0.6403,-0.3722,0.4953,-0.0176,0.0102,-0.0054,0.0,0.0
1779988771429,1,12.00000018,Upper Delivery,Loading,pitch.0,438128,-0.0606,0.0584,0.0495,-0.0884,-0.0304,-0.0012,0.0,0.0
1779988771429,1,Pitching Mound.Delivery,,Loading,pitch.0,436969,-0.7009,-0.3139,0.5448,0.0456,-0.0202,0.1905,0.0,0.0
1779988771429,1,Pitching Mound.Drive,,Loading,pitch.0,437538,-1.4538,11.4879,71.1504,55.6836,-12.8204,14.0448,0.024,0.1042
1779988771429,1,Pitching Mound.Parent,,Loading,pitch.0,436590,-2.1547,11.174,71.6951,55.7293,-12.8406,14.2353,0.0238,0.1055
1779988771430,1,11.0000004b,Drive,Loading,pitch.0,437539,-1.4034,11.5286,71.3596,55.7913,-12.7784,14.0157,0.0238,0.1041
1779988771430,1,12.00000015,Lower Delivery,Loading,pitch.0,437271,-0.6358,-0.3552,0.504,-0.0175,0.0134,-0.0047,0.0,0.0
1779988771430,1,12.00000018,Upper Delivery,Loading,pitch.0,438129,-0.0547,0.0624,0.0676,-0.0884,-0.0304,-0.0012,0.0,0.0
1779988771430,1,Pitching Mound.Delivery,,Loading,pitch.0,436970,-0.6905,-0.2928,0.5716,0.0425,-0.017,0.1917,0.0,0.0
1779988771430,1,Pitching Mound.Drive,,Loading,pitch.0,437539,-1.4034,11.5286,71.3596,55.7913,-12.7784,14.0157,0.0238,0.1041
1779988771430,1,Pitching Mound.Parent,,Loading,pitch.0,436591,-2.0939,11.2357,71.9312,55.8337,-12.7953,14.2074,0.0236,0.1053
1779988771431,1,11.0000004b,Drive,Loading,pitch.0,437540,-1.3736,11.5696,71.5069,55.9153,-12.9195,13.9555,0.0241,0.1041
1779988771431,1,12.00000015,Lower Delivery,Loading,pitch.0,437272,-0.6401,-0.3483,0.5128,-0.0267,0.0105,-0.0057,0.0,0.0
1779988771431,1,12.00000018,Upper Delivery,Loading,pitch.0,438130,-0.056,0.0614,0.0559,-0.0884,-0.0304,-0.0012,0.0,0.0
1779988771431,1,Pitching Mound.Delivery,,Loading,pitch.0,436971,-0.6961,-0.2868,0.5687,0.0402,-0.0198,0.1917,0.0,0.0
1779988771431,1,Pitching Mound.Drive,,Loading,pitch.0,437540,-1.3736,11.5696,71.5069,55.9153,-12.9195,13.9555,0.0241,0.1041
1779988771431,1,Pitching Mound.Parent,,Loading,pitch.0,436592,-2.0697,11.2828,72.0756,55.9556,-12.9393,14.1472,0.0239,0.1054
1779988771432,1,11.0000004b,Drive,Loading,pitch.0,437541,-1.3243,11.6051,71.729,56.0186,-13.0604,13.953,0.0242,0.104
1779988771432,1,12.00000015,Lower Delivery,Loading,pitch.0,437273,-0.6143,-0.3487,0.4939,-0.0352,0.0069,-0.0048,0.0,0.0
1779988771432,1,12.00000018,Upper Delivery,Loading,pitch.0,438131,-0.0601,0.0549,0.0564,-0.0884,-0.0304,-0.0012,0.0,0.0
1779988771432,1,Pitching Mound.Delivery,,Loading,pitch.0,436972,-0.6744,-0.2938,0.5502,0.0252,-0.0234,0.1824,0.0,0.0
1779988771432,1,Pitching Mound.Drive,,Loading,pitch.0,437541,-1.3243,11.6051,71.729,56.0186,-13.0604,13.953,0.0242,0.104
1779988771432,1,Pitching Mound.Parent,,Loading,pitch.0,436593,-1.9987,11.3113,72.2792,56.0438,-13.0838,14.1354,0.0241,0.1052
1779988771433,1,11.0000004b,Drive,Loading,pitch.0,437542,-1.2773,11.6423,71.7846,56.041,-13.2243,13.9383,0.0245,0.1039
1779988771433,1,12.00000015,Lower Delivery,Loading,pitch.0,437274,-0.5546,-0.3259,0.4405,-0.0353,0.001,-0.0063,0.0,0.0
1779988771433,1,12.00000018,Upper Delivery,Loading,pitch.0,438132,-0.0645,0.0549,0.0477,-0.0884,-0.0304,-0.0012,0.0,0.0
1779988771433,1,Pitching Mound.Delivery,,Loading,pitch.0,436973,-0.6191,-0.271,0.4882,0.0098,-0.0293,0.1591,0.0,0.0
1779988771433,1,Pitching Mound.Drive,,Loading,pitch.0,437542,-1.2773,11.6423,71.7846,56.041,-13.2243,13.9383,0.0245,0.1039
1779988771433,1,Pitching Mound.Parent,,Loading,pitch.0,436594,-1.8964,11.3713,72.2728,56.0508,-13.2537,14.0974,0.0244,0.1051
1779988771434,1,11.0000004b,Drive,Loading,pitch.0,437543,-1.2264,11.7012,71.9985,56.1324,-13.4532,13.9182,0.0249,0.1038
1779988771434,1,12.00000015,Lower Delivery,Loading,pitch.0,437275,-0.5262,-0.3317,0.4092,-0.0463,-0.0184,-0.0083,0.0,0.0
1779988771434,1,12.00000018,Upper Delivery,Loading,pitch.0,438133,-0.0617,0.0555,0.0416,-0.0884,-0.0304,-0.0012,0.0,0.0
1779988771434,1,Pitching Mound.Delivery,,Loading,pitch.0,436974,-0.5879,-0.2762,0.4509,-0.0097,-0.0488,0.1485,0.0,0.0
1779988771434,1,Pitching Mound.Drive,,Loading,pitch.0,437543,-1.2264,11.7012,71.9985,56.1324,-13.4532,13.9182,0.0249,0.1038
1779988771434,1,Pitching Mound.Parent,,Loading,pitch.0,436595,-1.8143,11.425,72.4493,56.1226,-13.5019,14.0667,0.0247,0.1049
1779988771435,1,11.0000004b,Drive,Loading,pitch.0,437544,-1.1622,11.7584,72.0982,56.1062,-13.6566,13.8841,0.0252,0.1036
1779988771435,1,12.00000015,Lower Delivery,Loading,pitch.0,437276,-0.5302,-0.3053,0.4212,-0.0603,-0.0256,-0.0076,0.0,0.0
1779988771435,1,12.00000018,Upper Delivery,Loading,pitch.0,438134,-0.0599,0.0545,0.0157,-0.0884,-0.0304,-0.0012,0.0,0.0
1779988771435,1,Pitching Mound.Delivery,,Loading,pitch.0,436975,-0.59,-0.2507,0.4369,-0.0108,-0.056,0.1511,0.0,0.0
1779988771435,1,Pitching Mound.Drive,,Loading,pitch.0,437544,-1.1622,11.7584,72.0982,56.1062,-13.6566,13.8841,0.0252,0.1036
1779988771435,1,Pitching Mound.Parent,,Loading,pitch.0,436596,-1.7523,11.5076,72.5351,56.0954,-13.7126,14.0352,0.0251,0.1049
1779988771436,1,11.0000004b,Drive,Loading,pitch.0,437545,-1.1283,11.8112,72.2714,56.1826,-13.8021,13.8852,0.0254,0.1035
1779988771436,1,12.00000015,Lower Delivery,Loading,pitch.0,437277,-0.4961,-0.2828,0.3986,-0.0716,-0.0229,-0.0053,0.0,0.0
1779988771436,1,12.00000018,Upper Delivery,Loading,pitch.0,438135,-0.0555,0.0559,0.016,-0.0884,-0.0304,-0.0012,0.0,0.0
1779988771436,1,Pitching Mound.Delivery,,Loading,pitch.0,436976,-0.5515,-0.2269,0.4145,-0.0299,-0.0533,0.1433,0.0,0.0
1779988771436,1,Pitching Mound.Drive,,Loading,pitch.0,437545,-1.1283,11.8112,72.2714,56.1826,-13.8021,13.8852,0.0254,0.1035
1779988771436,1,Pitching Mound.Parent,,Loading,pitch.0,436597,-1.6798,11.5843,72.686,56.1527,-13.8554,14.0285,0.0253,0.1047
1779988771437,1,11.0000004b,Drive,Loading,pitch.0,437546,-1.0722,11.8701,72.4162,56.2054,-14.1698,13.8659,0.026,0.1033
1779988771437,1,12.00000015,Lower Delivery,Loading,pitch.0,437278,-0.5346,-0.3049,0.4284,-0.0728,-0.0278,-0.0045,0.0,0.0
1779988771437,1,12.00000018,Upper Delivery,Loading,pitch.0,438136,-0.0579,0.0604,0.0211,-0.0884,-0.0304,-0.0012,0.0,0.0
1779988771437,1,Pitching Mound.Delivery,,Loading,pitch.0,436977,-0.5925,-0.2445,0.4495,-0.0227,-0.0582,0.1564,0.0,0.0
1779988771437,1,Pitching Mound.Drive,,Loading,pitch.0,437546,-1.0722,11.8701,72.4162,56.2054,-14.1698,13.8659,0.026,0.1033
1779988771437,1,Pitching Mound.Parent,,Loading,pitch.0,436598,-1.6647,11.6256,72.8657,56.1827,-14.228,14.0222,0.0259,0.1046
1779988771438,1,11.0000004b,Drive,Loading,pitch.0,437548,-0.9956,12.0019,72.7698,56.3391,-14.5814,13.8389,0.0267,0.1031
1779988771438,1,11.0000004b,Drive,Loading,pitch.0,437547,-1.0377,11.9196,72.6861,56.3431,-14.2822,13.8609,0.0262,0.1032
1779988771438,1,12.00000015,Lower Delivery,Loading,pitch.0,437279,-0.5023,-0.2814,0.4201,-0.0714,-0.019,-0.0029,0.0,0.0
1779988771438,1,12.00000018,Upper Delivery,Loading,pitch.0,438137,-0.059,0.0617,0.0353,-0.0884,-0.0304,-0.0012,0.0,0.0
1779988771438,1,Pitching Mound.Delivery,,Loading,pitch.0,436978,-0.5613,-0.2197,0.4554,-0.0289,-0.0494,0.1466,0.0,0.0
1779988771438,1,Pitching Mound.Drive,,Loading,pitch.0,437548,-0.9956,12.0019,72.7698,56.3391,-14.5814,13.8389,0.0267,0.1031
1779988771438,1,Pitching Mound.Drive,,Loading,pitch.0,437547,-1.0377,11.9196,72.6861,56.3431,-14.2822,13.8609,0.0262,0.1032
1779988771438,1,Pitching Mound.Parent,,Loading,pitch.0,436599,-1.599,11.6998,73.1415,56.3142,-14.3316,14.0075,0.026,0.1043
1779988771439,1,11.0000004b,Drive,Loading,pitch.0,437549,-0.9368,12.0719,72.9961,56.3347,-14.9087,13.8571,0.0272,0.1027
1779988771439,1,12.00000015,Lower Delivery,Loading,pitch.0,437280,-0.5711,-0.2961,0.4927,-0.0603,-0.0188,-0.0046,0.0,0.0
1779988771439,1,12.00000018,Upper Delivery,Loading,pitch.0,438138,-0.0656,0.0573,0.0252,-0.0884,-0.0304,-0.0012,0.0,0.0
1779988771439,1,Pitching Mound.Delivery,,Loading,pitch.0,436979,-0.6367,-0.2388,0.518,0.0103,-0.0492,0.1661,0.0,0.0
1779988771439,1,Pitching Mound.Drive,,Loading,pitch.0,437549,-0.9368,12.0719,72.9961,56.3347,-14.9087,13.8571,0.0272,0.1027
1779988771439,1,Pitching Mound.Parent,,Loading,pitch.0,436600,-1.6323,11.7631,73.2877,56.3494,-14.6306,14.005,0.0265,0.1045
1779988771440,1,11.0000004b,Drive,Loading,pitch.0,437550,-0.9077,12.1493,73.0451,56.3363,-15.1487,13.8337,0.0276,0.1027
1779988771440,1,12.00000015,Lower Delivery,Loading,pitch.0,437281,-0.558,-0.2937,0.4781,-0.0577,-0.0132,-0.0052,0.0,0.0
1779988771440,1,12.00000018,Upper Delivery,Loading,pitch.0,438139,-0.0665,0.0543,0.0247,-0.0884,-0.0304,-0.0012,0.0,0.0
1779988771440,1,Pitching Mound.Delivery,,Loading,pitch.0,436980,-0.6245,-0.2394,0.5029,0.0081,-0.0436,0.1607,0.0,0.0
1779988771440,1,Pitching Mound.Drive,,Loading,pitch.0,437550,-0.9077,12.1493,73.0451,56.3363,-15.1487,13.8337,0.0276,0.1027
1779988771440,1,Pitching Mound.Parent,,Loading,pitch.0,436601,-1.5613,11.8325,73.499,56.3428,-14.9522,14.0179,0.027,0.1041
1779988771441,1,11.0000004b,Drive,Loading,pitch.0,437551,-0.8643,12.2217,73.2978,56.4365,-15.3674,13.811,0.0279,0.1025
1779988771441,1,12.00000015,Lower Delivery,Loading,pitch.0,437282,-0.6031,-0.2975,0.5101,-0.0654,-0.0249,-0.0079,0.0,0.0
1779988771441,1,12.00000018,Upper Delivery,Loading,pitch.0,438140,-0.0692,0.0535,0.0265,-0.0884,-0.0304,-0.0012,0.0,0.0
1779988771441,1,Pitching Mound.Delivery,,Loading,pitch.0,436981,-0.6723,-0.2441,0.5366,0.0106,-0.0553,0.1725,0.0,0.0
1779988771441,1,Pitching Mound.Drive,,Loading,pitch.0,437551,-0.8643,12.2217,73.2978,56.4365,-15.3674,13.811,0.0279,0.1025
1779988771441,1,Pitching Mound.Parent,,Loading,pitch.0,436602,-1.58,11.9052,73.5818,56.347,-15.204,14.0062,0.0274,0.1042
1779988771442,1,11.0000004b,Drive,Loading,pitch.0,437552,-0.8192,12.2963,73.4704,56.3576,-15.79,13.8287,0.0286,0.1021
1779988771442,1,12.00000015,Lower Delivery,Loading,pitch.0,437283,-0.6117,-0.292,0.5195,-0.0519,-0.0135,-0.0082,0.0,0.0
1779988771442,1,12.00000018,Upper Delivery,Loading,pitch.0,438141,-0.0654,0.0519,0.0199,-0.0884,-0.0304,-0.0012,0.0,0.0
1779988771442,1,Pitching Mound.Delivery,,Loading,pitch.0,436982,-0.6771,-0.2401,0.5394,0.0296,-0.0438,0.1763,0.0,0.0
1779988771442,1,Pitching Mound.Drive,,Loading,pitch.0,437552,-0.8192,12.2963,73.4704,56.3576,-15.79,13.8287,0.0286,0.1021
1779988771442,1,Pitching Mound.Parent,,Loading,pitch.0,436603,-1.5414,11.9816,73.8371,56.4661,-15.4112,13.9873,0.0277,0.1041
1779988771443,1,11.0000004b,Drive,Loading,pitch.0,437553,-0.7761,12.365,73.6633,56.3386,-16.0381,13.7904,0.029,0.1018
1779988771443,1,12.00000015,Lower Delivery,Loading,pitch.0,437284,-0.6378,-0.3197,0.5076,-0.0488,-0.0104,-0.008,0.0,0.0
1779988771443,1,12.00000018,Upper Delivery,Loading,pitch.0,438142,-0.0634,0.052,0.0181,-0.0884,-0.0304,-0.0012,0.0,0.0
1779988771443,1,Pitching Mound.Delivery,,Loading,pitch.0,436983,-0.7012,-0.2677,0.5257,0.0292,-0.0408,0.1861,0.0,0.0
1779988771443,1,Pitching Mound.Drive,,Loading,pitch.0,437553,-0.7761,12.365,73.6633,56.3386,-16.0381,13.7904,0.029,0.1018
1779988771443,1,Pitching Mound.Parent,,Loading,pitch.0,436604,-1.5203,12.0286,73.9961,56.3868,-15.8308,14.0148,0.0284,0.1036
1779988771444,1,11.0000004b,Drive,Loading,pitch.0,437554,-0.7313,12.4575,73.8729,56.3709,-16.3078,13.8367,0.0294,0.1016
1779988771444,1,12.00000015,Lower Delivery,Loading,pitch.0,437285,-0.6333,-0.3097,0.5244,-0.0547,-0.0245,-0.0119,0.0,0.0
1779988771444,1,12.00000018,Upper Delivery,Loading,pitch.0,438143,-0.0667,0.0502,0.0283,-0.0884,-0.0304,-0.0012,0.0,0.0
1779988771444,1,Pitching Mound.Delivery,,Loading,pitch.0,436984,-0.7,-0.2595,0.5527,0.0256,-0.0549,0.1796,0.0,0.0
1779988771444,1,Pitching Mound.Drive,,Loading,pitch.0,437554,-0.7313,12.4575,73.8729,56.3709,-16.3078,13.8367,0.0294,0.1016
1779988771444,1,Pitching Mound.Parent,,Loading,pitch.0,436605,-1.4761,12.1055,74.216,56.3642,-16.0929,13.97,0.0288,0.1033
1779988771445,1,11.0000004b,Drive,Loading,pitch.0,437555,-0.6844,12.5318,74.0566,56.3088,-16.7542,13.8232,0.0301,0.1012
1779988771445,1,12.00000015,Lower Delivery,Loading,pitch.0,437286,-0.6581,-0.2812,0.5746,-0.0467,-0.0132,-0.0116,0.0,0.0
1779988771445,1,12.00000018,Upper Delivery,Loading,pitch.0,438144,-0.0689,0.0504,0.0385,-0.0884,-0.0304,-0.0012,0.0,0.0
1779988771445,1,Pitching Mound.Delivery,,Loading,pitch.0,436985,-0.727,-0.2308,0.613,0.0472,-0.0436,0.1876,0.0,0.0
1779988771445,1,Pitching Mound.Drive,,Loading,pitch.0,437555,-0.6844,12.5318,74.0566,56.3088,-16.7542,13.8232,0.0301,0.1012
1779988771445,1,Pitching Mound.Parent,,Loading,pitch.0,436606,-1.4583,12.2267,74.4859,56.4181,-16.3514,14.0243,0.0291,0.1032
1779988771446,1,11.0000004b,Drive,Loading,pitch.0,437556,-0.6308,12.6287,74.2821,56.2825,-17.0842,13.8194,0.0306,0.1009
1779988771446,1,12.00000015,Lower Delivery,Loading,pitch.0,437287,-0.6322,-0.2613,0.5497,-0.0481,-0.0157,-0.0124,0.0,0.0
1779988771446,1,12.00000018,Upper Delivery,Loading,pitch.0,438145,-0.0688,0.0515,0.0354,-0.0884,-0.0304,-0.0012,0.0,0.0
1779988771446,1,Pitching Mound.Delivery,,Loading,pitch.0,436986,-0.701,-0.2098,0.5851,0.0384,-0.0461,0.1779,0.0,0.0
1779988771446,1,Pitching Mound.Drive,,Loading,pitch.0,437556,-0.6308,12.6287,74.2821,56.2825,-17.0842,13.8194,0.0306,0.1009
1779988771446,1,Pitching Mound.Parent,,Loading,pitch.0,436607,-1.3854,12.322,74.6417,56.3473,-16.8003,14.0011,0.0299,0.1028
1779988771447,1,11.0000004b,Drive,Loading,pitch.0,437557,-0.5873,12.7231,74.4397,56.2403,-17.357,13.8739,0.031,0.1006
1779988771447,1,12.00000015,Lower Delivery,Loading,pitch.0,437288,-0.6273,-0.2711,0.5302,-0.0516,-0.0161,-0.0121,0.0,0.0
1779988771447,1,12.00000018,Upper Delivery,Loading,pitch.0,438146,-0.0726,0.0572,0.0441,-0.0884,-0.0304,-0.0012,0.0,0.0
1779988771447,1,Pitching Mound.Delivery,,Loading,pitch.0,436987,-0.6999,-0.2139,0.5743,0.0253,-0.0464,0.1753,0.0,0.0
1779988771447,1,Pitching Mound.Drive,,Loading,pitch.0,437557,-0.5873,12.7231,74.4397,56.2403,-17.357,13.8739,0.031,0.1006
1779988771447,1,Pitching Mound.Parent,,Loading,pitch.0,436608,-1.3307,12.4148,74.8563,56.3078,-17.1307,13.9947,0.0304,0.1023
1779988771448,1,11.0000004b,Drive,Loading,pitch.0,437558,-0.5561,12.8327,74.6426,56.1755,-17.6679,13.8759,0.0315,0.1002
1779988771448,1,12.00000015,Lower Delivery,Loading,pitch.0,437289,-0.6155,-0.275,0.5293,-0.038,-0.0091,-0.0124,0.0,0.0
1779988771448,1,12.00000018,Upper Delivery,Loading,pitch.0,438147,-0.0614,0.063,0.0527,-0.0884,-0.0304,-0.0012,0.0,0.0
1779988771448,1,Pitching Mound.Delivery,,Loading,pitch.0,436988,-0.6769,-0.2121,0.582,0.0357,-0.0395,0.1748,0.0,0.0
1779988771448,1,Pitching Mound.Drive,,Loading,pitch.0,437558,-0.5561,12.8327,74.6426,56.1755,-17.6679,13.8759,0.0315,0.1002
1779988771448,1,Pitching Mound.Parent,,Loading,pitch.0,436609,-1.2642,12.511,75.0217,56.2759,-17.3966,14.0487,0.0308,0.102
1779988771449,1,11.0000004b,Drive,Loading,pitch.0,437559,-0.5263,12.9203,74.8734,56.103,-18.0955,13.9109,0.0322,0.0998
1779988771449,1,12.00000015,Lower Delivery,Loading,pitch.0,437290,-0.614,-0.2696,0.5274,-0.0361,-0.0129,-0.012,0.0,0.0
1779988771449,1,12.00000018,Upper Delivery,Loading,pitch.0,438148,-0.0607,0.0666,0.0612,-0.0884,-0.0304,-0.0012,0.0,0.0
1779988771449,1,Pitching Mound.Delivery,,Loading,pitch.0,436989,-0.6747,-0.203,0.5886,0.0341,-0.0432,0.1749,0.0,0.0
1779988771449,1,Pitching Mound.Drive,,Loading,pitch.0,437559,-0.5263,12.9203,74.8734,56.103,-18.0955,13.9109,0.0322,0.0998
1779988771449,1,Pitching Mound.Parent,,Loading,pitch.0,436610,-1.2308,12.6297,75.2311,56.2096,-17.7112,14.0509,0.0313,0.1015
1779988771450,1,11.0000004b,Drive,Loading,pitch.0,437560,-0.4924,13.0326,75.1346,55.9879,-18.3919,13.9296,0.0326,0.0992
1779988771450,1,12.00000015,Lower Delivery,Loading,pitch.0,437291,-0.6445,-0.2697,0.5597,-0.0318,-0.0033,-0.0119,0.0,0.0
1779988771450,1,12.00000018,Upper Delivery,Loading,pitch.0,438149,-0.0602,0.0657,0.0597,-0.0884,-0.0304,-0.0012,0.0,0.0
1779988771450,1,Pitching Mound.Delivery,,Loading,pitch.0,436990,-0.7047,-0.2039,0.6194,0.0498,-0.0336,0.1855,0.0,0.0
1779988771450,1,Pitching Mound.Drive,,Loading,pitch.0,437560,-0.4924,13.0326,75.1346,55.9879,-18.3919,13.9296,0.0326,0.0992
1779988771450,1,Pitching Mound.Parent,,Loading,pitch.0,436611,-1.231,12.7163,75.4927,56.1529,-18.1292,14.0964,0.0319,0.1012
1779988771451,1,11.0000004b,Drive,Loading,pitch.0,437561,-0.4494,13.1298,75.3548,55.8828,-18.7751,13.9695,0.0332,0.0987
1779988771451,1,12.00000015,Lower Delivery,Loading,pitch.0,437292,-0.6516,-0.2683,0.5738,-0.0409,-0.0068,-0.0112,0.0,0.0
1779988771451,1,12.00000018,Upper Delivery,Loading,pitch.0,438150,-0.0741,0.0557,0.0425,-0.0884,-0.0304,-0.0012,0.0,0.0
1779988771451,1,Pitching Mound.Delivery,,Loading,pitch.0,436991,-0.7257,-0.2126,0.6163,0.0514,-0.0372,0.184,0.0,0.0
1779988771451,1,Pitching Mound.Drive,,Loading,pitch.0,437561,-0.4494,13.1298,75.3548,55.8828,-18.7751,13.9695,0.0332,0.0987
1779988771451,1,Pitching Mound.Parent,,Loading,pitch.0,436612,-1.218,12.82,75.7509,56.0393,-18.4291,14.1135,0.0323,0.1008
1779988771452,1,11.0000004b,Drive,Loading,pitch.0,437562,-0.4221,13.227,75.5625,55.7968,-19.1552,14.0017,0.0337,0.0983
1779988771452,1,12.00000015,Lower Delivery,Loading,pitch.0,437293,-0.6473,-0.2435,0.5806,-0.0379,-0.001,-0.0099,0.0,0.0
1779988771452,1,12.00000018,Upper Delivery,Loading,pitch.0,438151,-0.0583,0.0674,0.0705,-0.0884,-0.0304,-0.0012,0.0,0.0
1779988771452,1,Pitching Mound.Delivery,,Loading,pitch.0,436992,-0.7056,-0.1761,0.6511,0.0471,-0.0314,0.1891,0.0,0.0
1779988771452,1,Pitching Mound.Drive,,Loading,pitch.0,437562,-0.4221,13.227,75.5625,55.7968,-19.1552,14.0017,0.0337,0.0983
1779988771452,1,Pitching Mound.Parent,,Loading,pitch.0,436613,-1.1549,12.9537,76.0059,55.9299,-18.8065,14.1587,0.0329,0.1002
1779988771453,1,11.0000004b,Drive,Loading,pitch.0,437563,-0.4159,13.3379,75.7812,55.7001,-19.5257,14.0165,0.0343,0.0979
1779988771453,1,12.00000015,Lower Delivery,Loading,pitch.0,437294,-0.6093,-0.2213,0.5575,-0.0438,-0.0079,-0.0097,0.0,0.0
1779988771453,1,12.00000018,Upper Delivery,Loading,pitch.0,438152,-0.0562,0.0694,0.0663,-0.0884,-0.0304,-0.0012,0.0,0.0
1779988771453,1,Pitching Mound.Delivery,,Loading,pitch.0,436993,-0.6655,-0.1518,0.6237,0.0348,-0.0383,0.1772,0.0,0.0
1779988771453,1,Pitching Mound.Drive,,Loading,pitch.0,437563,-0.4159,13.3379,75.7812,55.7001,-19.5257,14.0165,0.0343,0.0979
1779988771453,1,Pitching Mound.Parent,,Loading,pitch.0,436614,-1.0815,13.186,76.405,55.7349,-19.564,14.1937,0.034,0.0992
1779988771454,1,11.0000004b,Drive,Loading,pitch.0,437564,-0.3941,13.4506,75.8902,55.559,-20.1627,14.0653,0.0354,0.0975
1779988771454,1,12.00000015,Lower Delivery,Loading,pitch.0,437295,-0.6301,-0.2125,0.5844,-0.0409,-0.001,-0.0077,0.0,0.0
1779988771454,1,12.00000018,Upper Delivery,Loading,pitch.0,438153,-0.0508,0.0798,0.0888,-0.0884,-0.0304,-0.0012,0.0,0.0
1779988771454,1,Pitching Mound.Delivery,,Loading,pitch.0,436994,-0.6809,-0.1327,0.6732,0.0393,-0.0314,0.188,0.0,0.0
1779988771454,1,Pitching Mound.Drive,,Loading,pitch.0,437564,-0.3941,13.4506,75.8902,55.559,-20.1627,14.0653,0.0354,0.0975
1779988771454,1,Pitching Mound.Parent,,Loading,pitch.0,436615,-1.0751,13.3179,76.5634,55.5983,-20.194,14.2533,0.0351,0.0988
1779988771455,1,11.0000004b,Drive,Loading,pitch.0,437565,-0.3836,13.5645,76.1039,55.4628,-20.4615,14.0596,0.0358,0.097
1779988771455,1,12.00000015,Lower Delivery,Loading,pitch.0,437296,-0.6587,-0.2257,0.6031,-0.0433,-0.0015,-0.0076,0.0,0.0
1779988771455,1,12.00000018,Upper Delivery,Loading,pitch.0,438154,-0.0392,0.0916,0.1042,-0.0884,-0.0304,-0.0012,0.0,0.0
1779988771455,1,Pitching Mound.Delivery,,Loading,pitch.0,436995,-0.6979,-0.1341,0.7073,0.038,-0.0319,0.2018,0.0,0.0
1779988771455,1,Pitching Mound.Drive,,Loading,pitch.0,437565,-0.3836,13.5645,76.1039,55.4628,-20.4615,14.0596,0.0358,0.097
1779988771455,1,Pitching Mound.Parent,,Loading,pitch.0,436616,-1.0815,13.4304,76.8111,55.5008,-20.4934,14.2614,0.0355,0.0983
1779988771456,1,11.0000004b,Drive,Loading,pitch.0,437566,-0.3901,13.6697,76.2601,55.3459,-20.7377,14.0745,0.0362,0.0966
1779988771456,1,12.00000015,Lower Delivery,Loading,pitch.0,437297,-0.6536,-0.2315,0.6035,-0.046,-0.0065,-0.004,0.0,0.0
1779988771456,1,12.00000018,Upper Delivery,Loading,pitch.0,438155,-0.0452,0.0854,0.0765,-0.0884,-0.0304,-0.0012,0.0,0.0
1779988771456,1,Pitching Mound.Delivery,,Loading,pitch.0,436996,-0.6988,-0.1462,0.68,0.0448,-0.0369,0.2017,0.0,0.0
1779988771456,1,Pitching Mound.Drive,,Loading,pitch.0,437566,-0.3901,13.6697,76.2601,55.3459,-20.7377,14.0745,0.0362,0.0966
1779988771456,1,Pitching Mound.Parent,,Loading,pitch.0,436617,-1.0889,13.5235,76.9401,55.3907,-20.7745,14.2761,0.0359,0.0981
1779988771457,1,11.0000004b,Drive,Loading,pitch.0,437567,-0.3902,13.7844,76.3819,55.3051,-21.2673,14.0873,0.0371,0.0964
1779988771457,1,12.00000015,Lower Delivery,Loading,pitch.0,437298,-0.6572,-0.2068,0.6099,-0.0565,-0.0118,-0.0039,0.0,0.0
1779988771457,1,12.00000018,Upper Delivery,Loading,pitch.0,438156,-0.0369,0.096,0.1036,-0.0884,-0.0304,-0.0012,0.0,0.0
1779988771457,1,Pitching Mound.Delivery,,Loading,pitch.0,436997,-0.6941,-0.1108,0.7136,0.0273,-0.0421,0.2058,0.0,0.0
1779988771457,1,Pitching Mound.Drive,,Loading,pitch.0,437567,-0.3902,13.7844,76.3819,55.3051,-21.2673,14.0873,0.0371,0.0964
1779988771457,1,Pitching Mound.Parent,,Loading,pitch.0,436618,-1.0842,13.6736,77.0955,55.3323,-21.3094,14.2931,0.0367,0.0977
1779988771458,1,11.0000004b,Drive,Loading,pitch.0,437568,-0.3928,13.8919,76.5891,55.2116,-21.8572,14.0597,0.038,0.096
1779988771458,1,12.00000015,Lower Delivery,Loading,pitch.0,437299,-0.6421,-0.2132,0.5932,-0.0594,-0.0132,-0.0004,0.0,0.0
1779988771458,1,12.00000018,Upper Delivery,Loading,pitch.0,438157,-0.0368,0.0939,0.0809,-0.0884,-0.0304,-0.0012,0.0,0.0
1779988771458,1,Pitching Mound.Delivery,,Loading,pitch.0,436998,-0.6788,-0.1193,0.6741,0.0264,-0.0436,0.2043,0.0,0.0
1779988771458,1,Pitching Mound.Drive,,Loading,pitch.0,437568,-0.3928,13.8919,76.5891,55.2116,-21.8572,14.0597,0.038,0.096
1779988771458,1,Pitching Mound.Parent,,Loading,pitch.0,436619,-1.0717,13.7727,77.2632,55.238,-21.9008,14.264,0.0377,0.0974
1779988771459,1,11.0000004b,Drive,Loading,pitch.0,437569,-0.3831,13.9918,76.7414,55.1549,-22.3983,14.0792,0.0389,0.0957
1779988771459,1,12.00000015,Lower Delivery,Loading,pitch.0,437300,-0.6185,-0.2046,0.5601,-0.0621,-0.0131,-0.0025,0.0,0.0
1779988771459,1,12.00000018,Upper Delivery,Loading,pitch.0,438158,-0.029,0.1042,0.0993,-0.0884,-0.0304,-0.0012,0.0,0.0
1779988771459,1,Pitching Mound.Delivery,,Loading,pitch.0,436999,-0.6476,-0.1004,0.6594,0.0062,-0.0435,0.1968,0.0,0.0
1779988771459,1,Pitching Mound.Drive,,Loading,pitch.0,437569,-0.3831,13.9918,76.7414,55.1549,-22.3983,14.0792,0.0389,0.0957
1779988771459,1,Pitching Mound.Parent,,Loading,pitch.0,436620,-1.0307,13.8915,77.4008,55.1611,-22.4418,14.276,0.0385,0.0969
1779988771460,1,11.0000004b,Drive,Loading,pitch.0,437570,-0.3821,14.0948,76.9484,55.0387,-22.8406,14.1028,0.0395,0.0952
1779988771460,1,12.00000015,Lower Delivery,Loading,pitch.0,437301,-0.5716,-0.2009,0.5193,-0.0698,-0.0094,-0.0017,0.0,0.0
1779988771460,1,12.00000018,Upper Delivery,Loading,pitch.0,438159,-0.0324,0.1,0.0892,-0.0884,-0.0304,-0.0012,0.0,0.0
1779988771460,1,Pitching Mound.Delivery,,Loading,pitch.0,437000,-0.604,-0.101,0.6085,-0.0119,-0.0397,0.1804,0.0,0.0
1779988771460,1,Pitching Mound.Drive,,Loading,pitch.0,437570,-0.3821,14.0948,76.9484,55.0387,-22.8406,14.1028,0.0395,0.0952
1779988771460,1,Pitching Mound.Parent,,Loading,pitch.0,436621,-0.986,13.9938,77.5569,55.0268,-22.8803,14.2832,0.0392,0.0964
1779988771461,1,11.0000004b,Drive,Loading,pitch.0,437571,-0.3587,14.1924,77.0589,54.8429,-23.2036,14.1414,0.0401,0.0947
1779988771461,1,12.00000015,Lower Delivery,Loading,pitch.0,437302,-0.538,-0.2155,0.4688,-0.0713,-0.0064,0.0002,0.0,0.0
1779988771461,1,12.00000018,Upper Delivery,Loading,pitch.0,438160,-0.0327,0.0945,0.0968,-0.0884,-0.0304,-0.0012,0.0,0.0
1779988771461,1,Pitching Mound.Delivery,,Loading,pitch.0,437001,-0.5706,-0.121,0.5657,-0.0331,-0.0368,0.1708,0.0,0.0
1779988771461,1,Pitching Mound.Drive,,Loading,pitch.0,437571,-0.3587,14.1924,77.0589,54.8429,-23.2036,14.1414,0.0401,0.0947
1779988771461,1,Pitching Mound.Parent,,Loading,pitch.0,436622,-0.9293,14.0714,77.6245,54.8098,-23.2404,14.3122,0.0398,0.0957
1779988771462,1,11.0000004b,Drive,Loading,pitch.0,437572,-0.3664,14.3043,77.1053,54.7208,-23.6079,14.1708,0.0408,0.0945
1779988771462,1,12.00000015,Lower Delivery,Loading,pitch.0,437303,-0.5505,-0.2419,0.4703,-0.0583,0.001,-0.0006,0.0,0.0
1779988771462,1,12.00000018,Upper Delivery,Loading,pitch.0,438161,-0.0471,0.0824,0.0484,-0.0884,-0.0304,-0.0012,0.0,0.0
1779988771462,1,Pitching Mound.Delivery,,Loading,pitch.0,437002,-0.5976,-0.1595,0.5186,-0.0032,-0.0293,0.1693,0.0,0.0
1779988771462,1,Pitching Mound.Drive,,Loading,pitch.0,437572,-0.3664,14.3043,77.1053,54.7208,-23.6079,14.1708,0.0408,0.0945
1779988771462,1,Pitching Mound.Parent,,Loading,pitch.0,436623,-0.964,14.1448,77.6239,54.7177,-23.6372,14.3401,0.0405,0.0957
1779988771463,1,11.0000004b,Drive,Loading,pitch.0,437573,-0.3584,14.4078,77.2281,54.5509,-23.8375,14.1936,0.0411,0.094
1779988771463,1,12.00000015,Lower Delivery,Loading,pitch.0,437304,-0.5035,-0.2023,0.4284,-0.0586,0.0055,-0.0022,0.0,0.0
1779988771463,1,12.00000018,Upper Delivery,Loading,pitch.0,438162,-0.057,0.0701,0.0076,-0.0884,-0.0304,-0.0012,0.0,0.0
1779988771463,1,Pitching Mound.Delivery,,Loading,pitch.0,437003,-0.5605,-0.1323,0.436,-0.0039,-0.0249,0.1484,0.0,0.0
1779988771463,1,Pitching Mound.Drive,,Loading,pitch.0,437573,-0.3584,14.4078,77.2281,54.5509,-23.8375,14.1936,0.0411,0.094
1779988771463,1,Pitching Mound.Parent,,Loading,pitch.0,436624,-0.9188,14.2755,77.6641,54.5471,-23.8623,14.342,0.0409,0.0954
1779988771464,1,11.0000004b,Drive,Loading,pitch.0,437574,-0.334,14.514,77.2893,54.4481,-24.1676,14.2302,0.0416,0.0938
1779988771464,1,12.00000015,Lower Delivery,Loading,pitch.0,437305,-0.497,-0.2295,0.4111,-0.0622,0.0102,0.0008,0.0,0.0
1779988771464,1,12.00000018,Upper Delivery,Loading,pitch.0,438163,-0.0585,0.0685,0.0001,-0.0884,-0.0304,-0.0012,0.0,0.0
1779988771464,1,Pitching Mound.Delivery,,Loading,pitch.0,437004,-0.5556,-0.161,0.4112,-0.0109,-0.0201,0.1487,0.0,0.0
1779988771464,1,Pitching Mound.Drive,,Loading,pitch.0,437574,-0.334,14.514,77.2893,54.4481,-24.1676,14.2302,0.0416,0.0938
1779988771464,1,Pitching Mound.Parent,,Loading,pitch.0,436625,-0.8895,14.353,77.7004,54.4373,-24.1878,14.3789,0.0414,0.0951
1779988771465,1,11.0000004b,Drive,Loading,pitch.0,437575,-0.3059,14.6072,77.4616,54.3552,-24.5041,14.2794,0.0421,0.0934
1779988771465,1,12.00000015,Lower Delivery,Loading,pitch.0,437306,-0.4628,-0.2363,0.3775,-0.0657,0.0144,0.0012,0.0,0.0
1779988771465,1,12.00000018,Upper Delivery,Loading,pitch.0,438164,-0.0518,0.0705,0.0217,-0.0884,-0.0304,-0.0012,0.0,0.0
1779988771465,1,Pitching Mound.Delivery,,Loading,pitch.0,437005,-0.5146,-0.1657,0.3992,-0.0331,-0.016,0.1397,0.0,0.0
1779988771465,1,Pitching Mound.Drive,,Loading,pitch.0,437575,-0.3059,14.6072,77.4616,54.3552,-24.5041,14.2794,0.0421,0.0934
1779988771465,1,Pitching Mound.Parent,,Loading,pitch.0,436626,-0.8205,14.4415,77.8608,54.3222,-24.5201,14.4191,0.0419,0.0945
1779988771466,1,11.0000004b,Drive,Loading,pitch.0,437576,-0.2826,14.6847,77.5719,54.2046,-24.8361,14.3378,0.0426,0.093
1779988771466,1,12.00000015,Lower Delivery,Loading,pitch.0,437307,-0.4868,-0.2439,0.3914,-0.0706,0.01,0.0004,0.0,0.0
1779988771466,1,12.00000018,Upper Delivery,Loading,pitch.0,438165,-0.0513,0.068,0.0179,-0.0884,-0.0304,-0.0012,0.0,0.0
1779988771466,1,Pitching Mound.Delivery,,Loading,pitch.0,437006,-0.5381,-0.176,0.4093,-0.032,-0.0204,0.1473,0.0,0.0
1779988771466,1,Pitching Mound.Drive,,Loading,pitch.0,437576,-0.2826,14.6847,77.5719,54.2046,-24.8361,14.3378,0.0426,0.093
1779988771466,1,Pitching Mound.Parent,,Loading,pitch.0,436627,-0.8207,14.5088,77.9812,54.1726,-24.8564,14.4851,0.0424,0.0942
1779988771467,1,11.0000004b,Drive,Loading,pitch.0,437577,-0.2501,14.7893,77.6521,54.1038,-25.188,14.3893,0.0432,0.0928
1779988771467,1,12.00000015,Lower Delivery,Loading,pitch.0,437308,-0.4657,-0.2754,0.3735,-0.0559,0.0161,-0.0019,0.0,0.0
1779988771467,1,12.00000018,Upper Delivery,Loading,pitch.0,438166,-0.0517,0.0672,0.0236,-0.0884,-0.0304,-0.0012,0.0,0.0
1779988771467,1,Pitching Mound.Delivery,,Loading,pitch.0,437007,-0.5174,-0.2082,0.3971,-0.0253,-0.0143,0.1376,0.0,0.0
1779988771467,1,Pitching Mound.Drive,,Loading,pitch.0,437577,-0.2501,14.7893,77.6521,54.1038,-25.188,14.3893,0.0432,0.0928
1779988771467,1,Pitching Mound.Parent,,Loading,pitch.0,436628,-0.7675,14.581,78.0492,54.0785,-25.2023,14.5269,0.043,0.0938
1779988771468,1,11.0000004b,Drive,Loading,pitch.0,437578,-0.2416,14.8753,77.6744,53.9401,-25.6216,14.4412,0.0439,0.0924
1779988771468,1,12.00000015,Lower Delivery,Loading,pitch.0,437309,-0.4805,-0.2706,0.3933,-0.0588,0.0017,-0.0032,0.0,0.0
1779988771468,1,12.00000018,Upper Delivery,Loading,pitch.0,438167,-0.0636,0.0506,0.0269,-0.0884,-0.0304,-0.0012,0.0,0.0
1779988771468,1,Pitching Mound.Delivery,,Loading,pitch.0,437008,-0.5442,-0.22,0.4202,-0.0226,-0.0287,0.1374,0.0,0.0
1779988771468,1,Pitching Mound.Drive,,Loading,pitch.0,437578,-0.2416,14.8753,77.6744,53.9401,-25.6216,14.4412,0.0439,0.0924
1779988771468,1,Pitching Mound.Parent,,Loading,pitch.0,436629,-0.7858,14.6553,78.0946,53.9175,-25.6503,14.5786,0.0437,0.0935
1779988771469,1,11.0000004b,Drive,Loading,pitch.0,437579,-0.2181,14.9523,77.7547,53.8115,-25.9551,14.4988,0.0444,0.0921
1779988771469,1,12.00000015,Lower Delivery,Loading,pitch.0,437310,-0.466,-0.2443,0.3889,-0.0711,0.001,-0.0017,0.0,0.0
1779988771469,1,12.00000018,Upper Delivery,Loading,pitch.0,438168,-0.0655,0.0557,0.0407,-0.0884,-0.0304,-0.0012,0.0,0.0
1779988771469,1,Pitching Mound.Delivery,,Loading,pitch.0,437009,-0.5315,-0.1887,0.4296,-0.0411,-0.0294,0.1333,0.0,0.0
1779988771469,1,Pitching Mound.Drive,,Loading,pitch.0,437579,-0.2181,14.9523,77.7547,53.8115,-25.9551,14.4988,0.0444,0.0921
1779988771469,1,Pitching Mound.Parent,,Loading,pitch.0,436630,-0.7496,14.7637,78.1843,53.7704,-25.9845,14.6321,0.0442,0.0931
1779988771470,1,11.0000004b,Drive,Loading,pitch.0,437580,-0.2089,15.0557,77.9684,53.8336,-26.2132,14.545,0.0448,0.0919
1779988771470,1,12.00000015,Lower Delivery,Loading,pitch.0,437311,-0.5369,-0.2461,0.467,-0.068,-0.0059,-0.0022,0.0,0.0
1779988771470,1,12.00000018,Upper Delivery,Loading,pitch.0,438169,-0.0561,0.125,0.2351,-0.0884,-0.0304,-0.0012,0.0,0.0
1779988771470,1,Pitching Mound.Delivery,,Loading,pitch.0,437010,-0.593,-0.1211,0.7022,-0.0775,-0.0362,0.1601,0.0,0.0
1779988771470,1,Pitching Mound.Drive,,Loading,pitch.0,437580,-0.2089,15.0557,77.9684,53.8336,-26.2132,14.545,0.0448,0.0919
1779988771470,1,Pitching Mound.Parent,,Loading,pitch.0,436631,-0.8019,14.9347,78.6706,53.756,-26.2495,14.7052,0.0444,0.0921
1779988771471,1,11.0000004b,Drive,Loading,pitch.0,437581,-0.1994,15.1596,78.0436,53.6223,-26.639,14.5698,0.0454,0.0915
1779988771471,1,12.00000015,Lower Delivery,Loading,pitch.0,437312,-0.5169,-0.268,0.4231,-0.0587,-0.023,-0.0053,0.0,0.0
1779988771471,1,12.00000018,Upper Delivery,Loading,pitch.0,438170,-0.0529,0.1088,0.1662,-0.0884,-0.0304,-0.0012,0.0,0.0
1779988771471,1,Pitching Mound.Delivery,,Loading,pitch.0,437011,-0.5698,-0.1592,0.5893,-0.0597,-0.0534,0.1512,0.0,0.0
1779988771471,1,Pitching Mound.Drive,,Loading,pitch.0,437581,-0.1994,15.1596,78.0436,53.6223,-26.639,14.5698,0.0454,0.0915
1779988771471,1,Pitching Mound.Parent,,Loading,pitch.0,436632,-0.7692,15.0004,78.6329,53.5626,-26.6924,14.721,0.0451,0.0919
1779988771472,1,11.0000004b,Drive,Loading,pitch.0,437582,-0.2194,15.2726,78.2177,53.5971,-26.9278,14.5938,0.0458,0.0912
1779988771472,1,12.00000015,Lower Delivery,Loading,pitch.0,437313,-0.5722,-0.267,0.4872,-0.0574,-0.0233,-0.0061,0.0,0.0
1779988771472,1,12.00000018,Upper Delivery,Loading,pitch.0,438171,-0.0512,0.0714,0.0867,-0.0884,-0.0304,-0.0012,0.0,0.0
1779988771472,1,Pitching Mound.Delivery,,Loading,pitch.0,437012,-0.6233,-0.1956,0.574,-0.0096,-0.0537,0.1699,0.0,0.0
1779988771472,1,Pitching Mound.Drive,,Loading,pitch.0,437582,-0.2194,15.2726,78.2177,53.5971,-26.9278,14.5938,0.0458,0.0912
1779988771472,1,Pitching Mound.Parent,,Loading,pitch.0,436633,-0.8427,15.077,78.7916,53.5875,-26.9815,14.7636,0.0455,0.0923
1779988771473,1,11.0000004b,Drive,Loading,pitch.0,437583,-0.225,15.3757,78.4597,53.5926,-27.2312,14.6421,0.0462,0.0909
1779988771473,1,12.00000015,Lower Delivery,Loading,pitch.0,437314,-0.6219,-0.256,0.5541,-0.0511,-0.0155,-0.0048,0.0,0.0
1779988771473,1,12.00000018,Upper Delivery,Loading,pitch.0,438172,-0.053,0.0674,0.0684,-0.0884,-0.0304,-0.0012,0.0,0.0
1779988771473,1,Pitching Mound.Delivery,,Loading,pitch.0,437013,-0.6749,-0.1887,0.6225,0.0256,-0.0459,0.1875,0.0,0.0
1779988771473,1,Pitching Mound.Drive,,Loading,pitch.0,437583,-0.225,15.3757,78.4597,53.5926,-27.2312,14.6421,0.0462,0.0909
1779988771473,1,Pitching Mound.Parent,,Loading,pitch.0,436634,-0.8999,15.1871,79.0822,53.6182,-27.277,14.8295,0.0458,0.0923
1779988771474,1,11.0000004b,Drive,Loading,pitch.0,437584,-0.2375,15.4597,78.69,53.4975,-27.558,14.6599,0.0466,0.0905
1779988771474,1,12.00000015,Lower Delivery,Loading,pitch.0,437315,-0.6804,-0.2767,0.5958,-0.0573,-0.0115,-0.0039,0.0,0.0
1779988771474,1,12.00000018,Upper Delivery,Loading,pitch.0,438173,-0.0593,0.0544,0.0488,-0.0884,-0.0304,-0.0012,0.0,0.0
1779988771474,1,Pitching Mound.Delivery,,Loading,pitch.0,437014,-0.7396,-0.2223,0.6446,0.0403,-0.0419,0.2061,0.0,0.0
1779988771474,1,Pitching Mound.Drive,,Loading,pitch.0,437584,-0.2375,15.4597,78.69,53.4975,-27.558,14.6599,0.0466,0.0905
1779988771474,1,Pitching Mound.Parent,,Loading,pitch.0,436635,-0.9772,15.2375,79.3346,53.5378,-27.5999,14.8659,0.0462,0.0921
1779988771475,1,11.0000004b,Drive,Loading,pitch.0,437585,-0.2685,15.5725,78.8247,53.3847,-27.8982,14.675,0.0471,0.0902
1779988771475,1,12.00000015,Lower Delivery,Loading,pitch.0,437316,-0.7197,-0.3045,0.6137,-0.0602,-0.0129,-0.0031,0.0,0.0
1779988771475,1,12.00000018,Upper Delivery,Loading,pitch.0,438174,-0.0575,0.0574,0.045,-0.0884,-0.0304,-0.0012,0.0,0.0
1779988771475,1,Pitching Mound.Delivery,,Loading,pitch.0,437015,-0.7772,-0.2471,0.6587,0.0448,-0.0432,0.2208,0.0,0.0
1779988771475,1,Pitching Mound.Drive,,Loading,pitch.0,437585,-0.2685,15.5725,78.8247,53.3847,-27.8982,14.675,0.0471,0.0902
1779988771475,1,Pitching Mound.Parent,,Loading,pitch.0,436636,-1.0457,15.3254,79.4833,53.4295,-27.9414,14.8958,0.0467,0.0918
1779988771476,1,11.0000004b,Drive,Loading,pitch.0,437586,-0.3015,15.6906,79.0581,53.3735,-28.2036,14.6856,0.0475,0.0899
1779988771476,1,12.00000015,Lower Delivery,Loading,pitch.0,437317,-0.7402,-0.3153,0.6144,-0.0605,-0.0098,-0.0024,0.0,0.0
1779988771476,1,12.00000018,Upper Delivery,Loading,pitch.0,438175,-0.0601,0.059,0.0453,-0.0884,-0.0304,-0.0012,0.0,0.0
1779988771476,1,Pitching Mound.Delivery,,Loading,pitch.0,437016,-0.8003,-0.2563,0.6597,0.0446,-0.0402,0.2276,0.0,0.0
1779988771476,1,Pitching Mound.Drive,,Loading,pitch.0,437586,-0.3015,15.6906,79.0581,53.3735,-28.2036,14.6856,0.0475,0.0899
1779988771476,1,Pitching Mound.Parent,,Loading,pitch.0,436637,-1.1018,15.4343,79.7178,53.4181,-28.2438,14.9132,0.0471,0.0916
1779988771477,1,11.0000004b,Drive,Loading,pitch.0,437587,-0.3545,15.7938,79.2364,53.3415,-28.5437,14.6946,0.048,0.0896
1779988771477,1,12.00000015,Lower Delivery,Loading,pitch.0,437318,-0.7748,-0.3187,0.6668,-0.0632,-0.0042,-0.0014,0.0,0.0
1779988771477,1,12.00000018,Upper Delivery,Loading,pitch.0,438176,-0.0605,0.0613,0.0448,-0.0884,-0.0304,-0.0012,0.0,0.0
1779988771477,1,Pitching Mound.Delivery,,Loading,pitch.0,437017,-0.8353,-0.2573,0.7116,0.0599,-0.0346,0.2402,0.0,0.0
1779988771477,1,Pitching Mound.Drive,,Loading,pitch.0,437587,-0.3545,15.7938,79.2364,53.3415,-28.5437,14.6946,0.048,0.0896
1779988771477,1,Pitching Mound.Parent,,Loading,pitch.0,436638,-1.1898,15.5365,79.948,53.4014,-28.5783,14.9348,0.0475,0.0915
1779988771478,1,11.0000004b,Drive,Loading,pitch.0,437588,-0.376,15.8937,79.4225,53.2455,-28.9201,14.7314,0.0485,0.0892
1779988771478,1,12.00000015,Lower Delivery,Loading,pitch.0,437319,-0.766,-0.2976,0.6776,-0.0629,-0.0072,-0.0031,0.0,0.0
1779988771478,1,12.00000018,Upper Delivery,Loading,pitch.0,438177,-0.0582,0.0596,0.0278,-0.0884,-0.0304,-0.0012,0.0,0.0
1779988771478,1,Pitching Mound.Delivery,,Loading,pitch.0,437018,-0.8242,-0.2381,0.7055,0.0697,-0.0376,0.2364,0.0,0.0
1779988771478,1,Pitching Mound.Drive,,Loading,pitch.0,437588,-0.376,15.8937,79.4225,53.2455,-28.9201,14.7314,0.0485,0.0892
1779988771478,1,Pitching Mound.Parent,,Loading,pitch.0,436639,-1.2002,15.6556,80.1279,53.3152,-28.9577,14.9677,0.048,0.0912
1779988771479,1,11.0000004b,Drive,Loading,pitch.0,437589,-0.4246,15.9854,79.6693,53.1877,-29.1612,14.7498,0.0487,0.0889
1779988771479,1,12.00000015,Lower Delivery,Loading,pitch.0,437320,-0.7473,-0.277,0.6708,-0.0506,-0.0019,-0.0041,0.0,0.0
1779988771479,1,12.00000018,Upper Delivery,Loading,pitch.0,438178,-0.0601,0.0599,0.0275,-0.0884,-0.0304,-0.0012,0.0,0.0
1779988771479,1,Pitching Mound.Delivery,,Loading,pitch.0,437019,-0.8074,-0.2172,0.6983,0.0798,-0.0322,0.2283,0.0,0.0
1779988771479,1,Pitching Mound.Drive,,Loading,pitch.0,437589,-0.4246,15.9854,79.6693,53.1877,-29.1612,14.7498,0.0487,0.0889
1779988771479,1,Pitching Mound.Parent,,Loading,pitch.0,436640,-1.232,15.7682,80.3676,53.2675,-29.1935,14.9781,0.0483,0.0908
1779988771480,1,11.0000004b,Drive,Loading,pitch.0,437590,-0.4661,16.0957,79.9254,53.193,-29.4789,14.7911,0.0491,0.0886
1779988771480,1,12.00000015,Lower Delivery,Loading,pitch.0,437321,-0.7977,-0.3229,0.7047,-0.0538,-0.0118,-0.0063,0.0,0.0
1779988771480,1,12.00000018,Upper Delivery,Loading,pitch.0,438179,-0.0548,0.0567,0.0052,-0.0884,-0.0304,-0.0012,0.0,0.0
1779988771480,1,Pitching Mound.Delivery,,Loading,pitch.0,437020,-0.8524,-0.2662,0.7099,0.0957,-0.0422,0.2451,0.0,0.0
1779988771480,1,Pitching Mound.Drive,,Loading,pitch.0,437590,-0.4661,16.0957,79.9254,53.193,-29.4789,14.7911,0.0491,0.0886
1779988771480,1,Pitching Mound.Parent,,Loading,pitch.0,436641,-1.3185,15.8295,80.6353,53.2887,-29.5211,15.0362,0.0487,0.0908
1779988771481,1,11.0000004b,Drive,Loading,pitch.0,437591,-0.5004,16.2031,80.1196,53.1619,-29.7574,14.8273,0.0494,0.0883
1779988771481,1,12.00000015,Lower Delivery,Loading,pitch.0,437322,-0.7386,-0.3086,0.648,-0.0453,-0.0063,-0.0074,0.0,0.0
1779988771481,1,12.00000018,Upper Delivery,Loading,pitch.0,438180,-0.0563,0.059,0.0043,-0.0884,-0.0304,-0.0012,0.0,0.0
1779988771481,1,Pitching Mound.Delivery,,Loading,pitch.0,437021,-0.7948,-0.2496,0.6524,0.0852,-0.0367,0.2233,0.0,0.0
1779988771481,1,Pitching Mound.Drive,,Loading,pitch.0,437591,-0.5004,16.2031,80.1196,53.1619,-29.7574,14.8273,0.0494,0.0883
1779988771481,1,Pitching Mound.Parent,,Loading,pitch.0,436642,-1.2952,15.9535,80.772,53.247,-29.7941,15.0506,0.049,0.0903
1779988771482,1,11.0000004b,Drive,Loading,pitch.0,437592,-0.5405,16.2971,80.2227,53.0325,-30.1163,14.8448,0.05,0.088
1779988771482,1,12.00000015,Lower Delivery,Loading,pitch.0,437323,-0.7448,-0.2924,0.6615,-0.0539,-0.0114,-0.007,0.0,0.0
1779988771482,1,12.00000018,Upper Delivery,Loading,pitch.0,438181,-0.0558,0.0581,0.0005,-0.0884,-0.0304,-0.0012,0.0,0.0
1779988771482,1,Pitching Mound.Delivery,,Loading,pitch.0,437022,-0.8006,-0.2344,0.662,0.0824,-0.0417,0.2261,0.0,0.0
1779988771482,1,Pitching Mound.Drive,,Loading,pitch.0,437592,-0.5405,16.2971,80.2227,53.0325,-30.1163,14.8448,0.05,0.088
1779988771482,1,Pitching Mound.Parent,,Loading,pitch.0,436643,-1.3411,16.0628,80.8848,53.115,-30.1581,15.071,0.0496,0.0901
1779988771483,1,11.0000004b,Drive,Loading,pitch.0,437593,-0.5581,16.3688,80.3199,52.9132,-30.4181,14.8601,0.0504,0.0877
1779988771483,1,12.00000015,Lower Delivery,Loading,pitch.0,437324,-0.6705,-0.2328,0.6088,-0.0523,-0.0133,-0.0062,0.0,0.0
1779988771483,1,12.00000018,Upper Delivery,Loading,pitch.0,438182,-0.0559,0.0609,0.0039,-0.0884,-0.0304,-0.0012,0.0,0.0
1779988771483,1,Pitching Mound.Delivery,,Loading,pitch.0,437023,-0.7264,-0.1718,0.6126,0.0649,-0.0437,0.2016,0.0,0.0
1779988771483,1,Pitching Mound.Drive,,Loading,pitch.0,437593,-0.5581,16.3688,80.3199,52.9132,-30.4181,14.8601,0.0504,0.0877
1779988771483,1,Pitching Mound.Parent,,Loading,pitch.0,436644,-1.2844,16.1969,80.9325,52.9781,-30.4618,15.0617,0.05,0.0896
1779988771484,1,11.0000004b,Drive,Loading,pitch.0,437594,-0.578,16.4532,80.406,52.8133,-30.7613,14.8908,0.0509,0.0874
1779988771484,1,12.00000015,Lower Delivery,Loading,pitch.0,437325,-0.6219,-0.213,0.5529,-0.0543,-0.0169,-0.007,0.0,0.0
1779988771484,1,12.00000018,Upper Delivery,Loading,pitch.0,438183,-0.058,0.0623,0.0071,-0.0884,-0.0304,-0.0012,0.0,0.0
1779988771484,1,Pitching Mound.Delivery,,Loading,pitch.0,437024,-0.6799,-0.1507,0.56,0.0429,-0.0472,0.1835,0.0,0.0
1779988771484,1,Pitching Mound.Drive,,Loading,pitch.0,437594,-0.578,16.4532,80.406,52.8133,-30.7613,14.8908,0.0509,0.0874
1779988771484,1,Pitching Mound.Parent,,Loading,pitch.0,436645,-1.2579,16.3025,80.966,52.8562,-30.8085,15.0743,0.0506,0.0891
1779988771485,1,11.0000004b,Drive,Loading,pitch.0,437595,-0.5826,16.5416,80.4916,52.7672,-30.9397,14.9229,0.0512,0.0873
1779988771485,1,12.00000015,Lower Delivery,Loading,pitch.0,437326,-0.555,-0.2042,0.5042,-0.0449,-0.0065,-0.0033,0.0,0.0
1779988771485,1,12.00000018,Upper Delivery,Loading,pitch.0,438184,-0.0567,0.0606,0.0033,-0.0884,-0.0304,-0.0012,0.0,0.0
1779988771485,1,Pitching Mound.Delivery,,Loading,pitch.0,437025,-0.6117,-0.1436,0.5075,0.037,-0.0369,0.1649,0.0,0.0
1779988771485,1,Pitching Mound.Drive,,Loading,pitch.0,437595,-0.5826,16.5416,80.4916,52.7672,-30.9397,14.9229,0.0512,0.0873
1779988771485,1,Pitching Mound.Parent,,Loading,pitch.0,436646,-1.1943,16.398,80.9991,52.8042,-30.9766,15.0878,0.0509,0.0888
1779988771486,1,11.0000004b,Drive,Loading,pitch.0,437596,-0.5693,16.6174,80.6207,52.6766,-31.1716,14.9603,0.0515,0.087
1779988771486,1,12.00000015,Lower Delivery,Loading,pitch.0,437327,-0.5164,-0.1966,0.4713,-0.0566,0.0059,0.0001,0.0,0.0
1779988771486,1,12.00000018,Upper Delivery,Loading,pitch.0,438185,-0.0557,0.0618,0.0059,-0.0884,-0.0304,-0.0012,0.0,0.0
1779988771486,1,Pitching Mound.Delivery,,Loading,pitch.0,437026,-0.5721,-0.1347,0.4772,0.0132,-0.0245,0.1555,0.0,0.0
1779988771486,1,Pitching Mound.Drive,,Loading,pitch.0,437596,-0.5693,16.6174,80.6207,52.6766,-31.1716,14.9603,0.0515,0.087
1779988771486,1,Pitching Mound.Parent,,Loading,pitch.0,436647,-1.1413,16.4826,81.0979,52.6899,-31.1961,15.1158,0.0512,0.0884
1779988771487,1,11.0000004b,Drive,Loading,pitch.0,437597,-0.5472,16.7136,80.7868,52.6538,-31.3797,14.9771,0.0517,0.0868
1779988771487,1,12.00000015,Lower Delivery,Loading,pitch.0,437328,-0.4726,-0.2085,0.4025,-0.0573,0.0051,0.002,0.0,0.0
1779988771487,1,12.00000018,Upper Delivery,Loading,pitch.0,438186,-0.0527,0.0606,0.0063,-0.0884,-0.0304,-0.0012,0.0,0.0
1779988771487,1,Pitching Mound.Delivery,,Loading,pitch.0,437027,-0.5253,-0.1478,0.4088,-0.0109,-0.0253,0.1435,0.0,0.0
1779988771487,1,Pitching Mound.Drive,,Loading,pitch.0,437597,-0.5472,16.7136,80.7868,52.6538,-31.3797,14.9771,0.0517,0.0868
1779988771487,1,Pitching Mound.Parent,,Loading,pitch.0,436648,-1.0726,16.5658,81.1956,52.6429,-31.405,15.1206,0.0514,0.088
1779988771488,1,11.0000004b,Drive,Loading,pitch.0,437598,-0.5094,16.8013,80.9808,52.6386,-31.6748,15.0018,0.0521,0.0865
1779988771488,1,12.00000015,Lower Delivery,Loading,pitch.0,437329,-0.4477,-0.2032,0.3776,-0.0629,0.0094,0.0048,0.0,0.0
1779988771488,1,12.00000018,Upper Delivery,Loading,pitch.0,438187,-0.0544,0.0567,0.0197,-0.0884,-0.0304,-0.0012,0.0,0.0
1779988771488,1,Pitching Mound.Delivery,,Loading,pitch.0,437028,-0.5021,-0.1465,0.3973,-0.0296,-0.021,0.1373,0.0,0.0
1779988771488,1,Pitching Mound.Drive,,Loading,pitch.0,437598,-0.5094,16.8013,80.9808,52.6386,-31.6748,15.0018,0.0521,0.0865
1779988771488,1,Pitching Mound.Parent,,Loading,pitch.0,436649,-1.0115,16.6547,81.3781,52.609,-31.6958,15.1391,0.0518,0.0876
1779988771489,1,11.0000004b,Drive,Loading,pitch.0,437599,-0.4613,16.8845,81.1289,52.5221,-31.9772,15.0197,0.0525,0.0862
1779988771489,1,12.00000015,Lower Delivery,Loading,pitch.0,437330,-0.4604,-0.2526,0.3638,-0.055,0.0108,0.0048,0.0,0.0
1779988771489,1,12.00000018,Upper Delivery,Loading,pitch.0,438188,-0.0482,0.0683,0.0146,-0.0884,-0.0304,-0.0012,0.0,0.0
1779988771489,1,Pitching Mound.Delivery,,Loading,pitch.0,437029,-0.5086,-0.1843,0.3784,-0.0246,-0.0196,0.1437,0.0,0.0
1779988771489,1,Pitching Mound.Drive,,Loading,pitch.0,437599,-0.4613,16.8845,81.1289,52.5221,-31.9772,15.0197,0.0525,0.0862
1779988771489,1,Pitching Mound.Parent,,Loading,pitch.0,436650,-0.9699,16.7002,81.5073,52.4975,-31.9968,15.1634,0.0522,0.0872
1779988771490,1,11.0000004b,Drive,Loading,pitch.0,437600,-0.4312,16.9616,81.3855,52.5557,-32.2099,15.0374,0.0527,0.086
1779988771490,1,12.00000015,Lower Delivery,Loading,pitch.0,437331,-0.4498,-0.2591,0.3427,-0.0625,0.0103,0.0052,0.0,0.0
1779988771490,1,12.00000018,Upper Delivery,Loading,pitch.0,438189,-0.034,0.0856,0.0521,-0.0884,-0.0304,-0.0012,0.0,0.0
1779988771490,1,Pitching Mound.Delivery,,Loading,pitch.0,437030,-0.4838,-0.1735,0.3948,-0.052,-0.02,0.1453,0.0,0.0
1779988771490,1,Pitching Mound.Drive,,Loading,pitch.0,437600,-0.4312,16.9616,81.3855,52.5557,-32.2099,15.0374,0.0527,0.086
1779988771490,1,Pitching Mound.Parent,,Loading,pitch.0,436651,-0.915,16.7882,81.7803,52.5036,-32.2299,15.1828,0.0524,0.0868
1779988771491,1,11.0000004b,Drive,Loading,pitch.0,437601,-0.4046,17.0502,81.5308,52.632,-32.3787,15.043,0.0529,0.0859
1779988771491,1,12.00000015,Lower Delivery,Loading,pitch.0,437332,-0.496,-0.2641,0.3977,-0.0578,0.0022,0.0022,0.0,0.0
1779988771491,1,12.00000018,Upper Delivery,Loading,pitch.0,438190,-0.0401,0.0784,0.0412,-0.0884,-0.0304,-0.0012,0.0,0.0
1779988771491,1,Pitching Mound.Delivery,,Loading,pitch.0,437031,-0.5362,-0.1856,0.4389,-0.0249,-0.0281,0.156,0.0,0.0
1779988771491,1,Pitching Mound.Drive,,Loading,pitch.0,437601,-0.4046,17.0502,81.5308,52.632,-32.3787,15.043,0.0529,0.0859
1779988771491,1,Pitching Mound.Parent,,Loading,pitch.0,436652,-0.9407,16.8645,81.9697,52.6071,-32.4068,15.199,0.0526,0.087
1779988771492,1,11.0000004b,Drive,Loading,pitch.0,437602,-0.37,17.1233,81.7085,52.7273,-32.5862,15.046,0.0531,0.0859
1779988771492,1,12.00000015,Lower Delivery,Loading,pitch.0,437333,-0.5178,-0.2707,0.4164,-0.0534,0.0081,0.003,0.0,0.0
1779988771492,1,12.00000018,Upper Delivery,Loading,pitch.0,438191,-0.0518,0.0644,0.0073,-0.0884,-0.0304,-0.0012,0.0,0.0
1779988771492,1,Pitching Mound.Delivery,,Loading,pitch.0,437032,-0.5696,-0.2062,0.4237,-0.0027,-0.0222,0.1602,0.0,0.0
1779988771492,1,Pitching Mound.Drive,,Loading,pitch.0,437602,-0.37,17.1233,81.7085,52.7273,-32.5862,15.046,0.0531,0.0859
1779988771492,1,Pitching Mound.Parent,,Loading,pitch.0,436653,-0.9396,16.9171,82.1322,52.7247,-32.6084,15.2062,0.0528,0.0872
1779988771493,1,11.0000004b,Drive,Loading,pitch.0,437603,-0.3185,17.1843,81.8511,52.8071,-32.88,15.0629,0.0535,0.0859
1779988771493,1,12.00000015,Lower Delivery,Loading,pitch.0,437334,-0.5439,-0.2758,0.4589,-0.0448,0.0104,0.0005,0.0,0.0
1779988771493,1,12.00000018,Upper Delivery,Loading,pitch.0,438192,-0.0549,0.0605,0.0122,-0.0884,-0.0304,-0.0012,0.0,0.0
1779988771493,1,Pitching Mound.Delivery,,Loading,pitch.0,437033,-0.5988,-0.2153,0.4711,0.0187,-0.02,0.1656,0.0,0.0
1779988771493,1,Pitching Mound.Drive,,Loading,pitch.0,437603,-0.3185,17.1843,81.8511,52.8071,-32.88,15.0629,0.0535,0.0859
1779988771493,1,Pitching Mound.Parent,,Loading,pitch.0,436654,-0.9173,16.969,82.3223,52.8258,-32.8999,15.2285,0.0532,0.0872
1779988771494,1,11.0000004b,Drive,Loading,pitch.0,437604,-0.2856,17.2362,82.0955,52.832,-33.0771,15.078,0.0536,0.0857
1779988771494,1,12.00000015,Lower Delivery,Loading,pitch.0,437335,-0.5738,-0.2966,0.4702,-0.0475,0.0077,-0.0002,0.0,0.0
1779988771494,1,12.00000018,Upper Delivery,Loading,pitch.0,438193,-0.0564,0.0547,0.0084,-0.0884,-0.0304,-0.0012,0.0,0.0
1779988771494,1,Pitching Mound.Delivery,,Loading,pitch.0,437034,-0.6302,-0.2419,0.4786,0.0212,-0.0227,0.1745,0.0,0.0
1779988771494,1,Pitching Mound.Drive,,Loading,pitch.0,437604,-0.2856,17.2362,82.0955,52.832,-33.0771,15.078,0.0536,0.0857
1779988771494,1,Pitching Mound.Parent,,Loading,pitch.0,436655,-0.9158,16.9943,82.5741,52.8532,-33.0998,15.2525,0.0533,0.0871
1779988771495,1,11.0000004b,Drive,Loading,pitch.0,437605,-0.2728,17.297,82.2659,52.9264,-33.3405,15.0769,0.054,0.0856
1779988771495,1,12.00000015,Lower Delivery,Loading,pitch.0,437336,-0.5987,-0.301,0.4818,-0.0457,-0.0024,-0.0026,0.0,0.0
1779988771495,1,12.00000018,Upper Delivery,Loading,pitch.0,438194,-0.0542,0.0594,0.0066,-0.0884,-0.0304,-0.0012,0.0,0.0
1779988771495,1,Pitching Mound.Delivery,,Loading,pitch.0,437035,-0.6529,-0.2416,0.4884,0.0276,-0.0328,0.1813,0.0,0.0
1779988771495,1,Pitching Mound.Drive,,Loading,pitch.0,437605,-0.2728,17.297,82.2659,52.9264,-33.3405,15.0769,0.054,0.0856
1779988771495,1,Pitching Mound.Parent,,Loading,pitch.0,436656,-0.9258,17.0554,82.7543,52.9539,-33.3733,15.2582,0.0536,0.0871
1779988771496,1,11.0000004b,Drive,Loading,pitch.0,437606,-0.2508,17.3609,82.5025,53.0953,-33.656,15.0566,0.0543,0.0857
1779988771496,1,12.00000015,Lower Delivery,Loading,pitch.0,437337,-0.5822,-0.3121,0.4587,-0.042,-0.0051,-0.0038,0.0,0.0
1779988771496,1,12.00000018,Upper Delivery,Loading,pitch.0,438195,-0.0543,0.0545,0.0008,-0.0884,-0.0304,-0.0012,0.0,0.0
1779988771496,1,Pitching Mound.Delivery,,Loading,pitch.0,437036,-0.6365,-0.2576,0.4594,0.0254,-0.0355,0.1745,0.0,0.0
1779988771496,1,Pitching Mound.Drive,,Loading,pitch.0,437606,-0.2508,17.3609,82.5025,53.0953,-33.656,15.0566,0.0543,0.0857
1779988771496,1,Pitching Mound.Parent,,Loading,pitch.0,436657,-0.8873,17.1033,82.962,53.1206,-33.6915,15.2311,0.054,0.0871
1779988771497,1,11.0000004b,Drive,Loading,pitch.0,437607,-0.2192,17.4134,82.7685,53.1111,-34.0061,15.0733,0.0547,0.0854
1779988771497,1,12.00000015,Lower Delivery,Loading,pitch.0,437338,-0.6107,-0.3136,0.5043,-0.0455,-0.0052,-0.0021,0.0,0.0
1779988771497,1,12.00000018,Upper Delivery,Loading,pitch.0,438196,-0.0519,0.0616,0.0028,-0.0884,-0.0304,-0.0012,0.0,0.0
1779988771497,1,Pitching Mound.Delivery,,Loading,pitch.0,437037,-0.6627,-0.252,0.5071,0.0366,-0.0356,0.1867,0.0,0.0
1779988771497,1,Pitching Mound.Drive,,Loading,pitch.0,437607,-0.2192,17.4134,82.7685,53.1111,-34.0061,15.0733,0.0547,0.0854
1779988771497,1,Pitching Mound.Parent,,Loading,pitch.0,436658,-0.8819,17.1614,83.2756,53.1477,-34.0417,15.26,0.0544,0.087
1779988771498,1,11.0000004b,Drive,Loading,pitch.0,437608,-0.2203,17.4732,83.0085,53.2151,-34.2227,15.0448,0.0549,0.0853
1779988771498,1,12.00000015,Lower Delivery,Loading,pitch.0,437339,-0.6308,-0.2618,0.563,-0.048,0.0015,-0.0037,0.0,0.0
1779988771498,1,12.00000018,Upper Delivery,Loading,pitch.0,438197,-0.0542,0.0613,0.0192,-0.0884,-0.0304,-0.0012,0.0,0.0
1779988771498,1,Pitching Mound.Delivery,,Loading,pitch.0,437038,-0.685,-0.2005,0.5822,0.0485,-0.0289,0.1911,0.0,0.0
1779988771498,1,Pitching Mound.Drive,,Loading,pitch.0,437608,-0.2203,17.4732,83.0085,53.2151,-34.2227,15.0448,0.0549,0.0853
1779988771498,1,Pitching Mound.Parent,,Loading,pitch.0,436659,-0.9053,17.2727,83.5908,53.2636,-34.2515,15.2359,0.0545,0.087
1779988771499,1,11.0000004b,Drive,Loading,pitch.0,437609,-0.2158,17.5451,83.3736,53.4335,-34.5607,15.0984,0.0552,0.0853
1779988771499,1,12.00000015,Lower Delivery,Loading,pitch.0,437340,-0.6262,-0.2628,0.5597,-0.0443,0.0029,-0.0038,0.0,0.0
1779988771499,1,12.00000018,Upper Delivery,Loading,pitch.0,438198,-0.0562,0.0569,0.0344,-0.0884,-0.0304,-0.0012,0.0,0.0
1779988771499,1,Pitching Mound.Delivery,,Loading,pitch.0,437039,-0.6824,-0.2058,0.5941,0.0459,-0.0274,0.1888,0.0,0.0
1779988771499,1,Pitching Mound.Drive,,Loading,pitch.0,437609,-0.2158,17.5451,83.3736,53.4335,-34.5607,15.0984,0.0552,0.0853
1779988771499,1,Pitching Mound.Parent,,Loading,pitch.0,436660,-0.8983,17.3393,83.9677,53.4794,-34.5881,15.2872,0.0548,0.0868
1779988771500,1,11.0000004b,Drive,Loading,pitch.0,437610,-0.1936,17.6036,83.6367,53.6338,-34.9506,15.0831,0.0556,0.0854
1779988771500,1,12.00000015,Lower Delivery,Loading,pitch.0,437341,-0.5796,-0.2162,0.5128,-0.0535,-0.0131,-0.0058,0.0,0.0
1779988771500,1,12.00000018,Upper Delivery,Loading,pitch.0,438199,-0.0527,0.065,0.0207,-0.0884,-0.0304,-0.0012,0.0,0.0
1779988771500,1,Pitching Mound.Delivery,,Loading,pitch.0,437040,-0.6322,-0.1512,0.5335,0.0255,-0.0435,0.1721,0.0,0.0
1779988771500,1,Pitching Mound.Drive,,Loading,pitch.0,437610,-0.1936,17.6036,83.6367,53.6338,-34.9506,15.0831,0.0556,0.0854
1779988771500,1,Pitching Mound.Parent,,Loading,pitch.0,436661,-0.8258,17.4524,84.1702,53.6593,-34.9941,15.2552,0.0553,0.0868
1779988771501,1,11.0000004b,Drive,Loading,pitch.0,437611,-0.1944,17.6757,84.0642,53.8043,-35.1703,15.1029,0.0557,0.0852
1779988771501,1,12.00000015,Lower Delivery,Loading,pitch.0,437342,-0.5616,-0.2188,0.5001,-0.0432,-0.009,-0.0071,0.0,0.0
1779988771501,1,12.00000018,Upper Delivery,Loading,pitch.0,438200,-0.0497,0.0678,0.0422,-0.0884,-0.0304,-0.0012,0.0,0.0
1779988771501,1,Pitching Mound.Delivery,,Loading,pitch.0,437041,-0.6113,-0.1509,0.5423,0.0242,-0.0394,0.1657,0.0,0.0
1779988771501,1,Pitching Mound.Drive,,Loading,pitch.0,437611,-0.1944,17.6757,84.0642,53.8043,-35.1703,15.1029,0.0557,0.0852
1779988771501,1,Pitching Mound.Parent,,Loading,pitch.0,436662,-0.8057,17.5248,84.6066,53.8285,-35.2097,15.2686,0.0553,0.0865
1779988771502,1,11.0000004b,Drive,Loading,pitch.0,437612,-0.1874,17.7676,84.4389,54.0617,-35.4529,15.1158,0.0559,0.0852
1779988771502,1,12.00000015,Lower Delivery,Loading,pitch.0,437343,-0.5328,-0.2194,0.4754,-0.039,-0.0067,-0.0071,0.0,0.0
1779988771502,1,12.00000018,Upper Delivery,Loading,pitch.0,438201,-0.0463,0.0724,0.0669,-0.0884,-0.0304,-0.0012,0.0,0.0
1779988771502,1,Pitching Mound.Delivery,,Loading,pitch.0,437042,-0.5791,-0.147,0.5422,0.0115,-0.0371,0.1571,0.0,0.0
1779988771502,1,Pitching Mound.Drive,,Loading,pitch.0,437612,-0.1874,17.7676,84.4389,54.0617,-35.4529,15.1158,0.0559,0.0852
1779988771502,1,Pitching Mound.Parent,,Loading,pitch.0,436663,-0.7665,17.6205,84.9811,54.0732,-35.49,15.2729,0.0555,0.0863
1779988771503,1,11.0000004b,Drive,Loading,pitch.0,437613,-0.1759,17.8452,84.7272,54.1974,-35.7609,15.1016,0.0562,0.0852
1779988771503,1,12.00000015,Lower Delivery,Loading,pitch.0,437344,-0.5386,-0.2327,0.4573,-0.0422,-0.0147,-0.0088,0.0,0.0
1779988771503,1,12.00000018,Upper Delivery,Loading,pitch.0,438202,-0.0351,0.0892,0.1178,-0.0884,-0.0304,-0.0012,0.0,0.0
1779988771503,1,Pitching Mound.Delivery,,Loading,pitch.0,437043,-0.5737,-0.1435,0.5751,-0.0151,-0.0451,0.1612,0.0,0.0
1779988771503,1,Pitching Mound.Drive,,Loading,pitch.0,437613,-0.1759,17.8452,84.7272,54.1974,-35.7609,15.1016,0.0562,0.0852
1779988771503,1,Pitching Mound.Parent,,Loading,pitch.0,436664,-0.7497,17.7017,85.3023,54.1823,-35.806,15.2628,0.0558,0.0859
1779988771504,1,11.0000004b,Drive,Loading,pitch.0,437614,-0.1739,17.9408,85.0667,54.4018,-36.0987,15.0979,0.0565,0.0851
1779988771504,1,12.00000015,Lower Delivery,Loading,pitch.0,437345,-0.5244,-0.2233,0.4427,-0.0416,-0.0021,-0.0072,0.0,0.0
1779988771504,1,12.00000018,Upper Delivery,Loading,pitch.0,438203,-0.0468,0.0714,0.081,-0.0884,-0.0304,-0.0012,0.0,0.0
1779988771504,1,Pitching Mound.Delivery,,Loading,pitch.0,437044,-0.5712,-0.1519,0.5237,-0.007,-0.0325,0.154,0.0,0.0
1779988771504,1,Pitching Mound.Drive,,Loading,pitch.0,437614,-0.1739,17.9408,85.0667,54.4018,-36.0987,15.0979,0.0565,0.0851
1779988771504,1,Pitching Mound.Parent,,Loading,pitch.0,436665,-0.7451,17.7889,85.5905,54.3948,-36.1312,15.2519,0.0561,0.0861
1779988771505,1,11.0000004b,Drive,Loading,pitch.0,437615,-0.1479,18.0374,85.442,54.5677,-36.4384,15.127,0.0568,0.085
1779988771505,1,12.00000015,Lower Delivery,Loading,pitch.0,437346,-0.5003,-0.2253,0.4259,-0.0378,-0.0004,-0.0064,0.0,0.0
1779988771505,1,12.00000018,Upper Delivery,Loading,pitch.0,438204,-0.0354,0.0816,0.1239,-0.0884,-0.0304,-0.0012,0.0,0.0
1779988771505,1,Pitching Mound.Delivery,,Loading,pitch.0,437045,-0.5357,-0.1437,0.5498,-0.0235,-0.0308,0.1505,0.0,0.0
1779988771505,1,Pitching Mound.Drive,,Loading,pitch.0,437615,-0.1479,18.0374,85.442,54.5677,-36.4384,15.127,0.0568,0.085
1779988771505,1,Pitching Mound.Parent,,Loading,pitch.0,436666,-0.6836,17.8937,85.9918,54.5442,-36.4692,15.2775,0.0564,0.0857
1779988771506,1,11.0000004b,Drive,Loading,pitch.0,437616,-0.1305,18.147,85.7464,54.6741,-36.6567,15.1432,0.0569,0.0849
1779988771506,1,12.00000015,Lower Delivery,Loading,pitch.0,437347,-0.5212,-0.2264,0.4446,-0.0481,0.0068,-0.0053,0.0,0.0
1779988771506,1,12.00000018,Upper Delivery,Loading,pitch.0,438205,-0.0319,0.0838,0.0966,-0.0884,-0.0304,-0.0012,0.0,0.0
1779988771506,1,Pitching Mound.Delivery,,Loading,pitch.0,437046,-0.5532,-0.1426,0.5413,-0.0181,-0.0236,0.1599,0.0,0.0
1779988771506,1,Pitching Mound.Drive,,Loading,pitch.0,437616,-0.1305,18.147,85.7464,54.6741,-36.6567,15.1432,0.0569,0.0849
1779988771506,1,Pitching Mound.Parent,,Loading,pitch.0,436667,-0.6837,18.0044,86.2876,54.656,-36.6803,15.3031,0.0566,0.0857
1779988771507,1,11.0000004b,Drive,Loading,pitch.0,437617,-0.1245,18.2512,86.1728,54.9862,-37.0695,15.1769,0.0573,0.0849
1779988771507,1,12.00000015,Lower Delivery,Loading,pitch.0,437348,-0.5349,-0.2462,0.4497,-0.0519,0.0083,-0.004,0.0,0.0
1779988771507,1,12.00000018,Upper Delivery,Loading,pitch.0,438206,-0.0417,0.0769,0.066,-0.0884,-0.0304,-0.0012,0.0,0.0
1779988771507,1,Pitching Mound.Delivery,,Loading,pitch.0,437047,-0.5767,-0.1693,0.5157,-0.0098,-0.0221,0.1625,0.0,0.0
1779988771507,1,Pitching Mound.Drive,,Loading,pitch.0,437617,-0.1245,18.2512,86.1728,54.9862,-37.0695,15.1769,0.0573,0.0849
1779988771507,1,Pitching Mound.Parent,,Loading,pitch.0,436668,-0.7012,18.0819,86.6885,54.9764,-37.0915,15.3394,0.0569,0.0859
1779988771508,1,11.0000004b,Drive,Loading,pitch.0,437618,-0.0972,18.3613,86.5604,55.1946,-37.4038,15.1761,0.0575,0.0849
1779988771508,1,12.00000015,Lower Delivery,Loading,pitch.0,437349,-0.538,-0.2542,0.4237,-0.0383,0.0031,-0.0046,0.0,0.0
1779988771508,1,12.00000018,Upper Delivery,Loading,pitch.0,438207,-0.0558,0.0615,0.0127,-0.0884,-0.0304,-0.0012,0.0,0.0
1779988771508,1,Pitching Mound.Delivery,,Loading,pitch.0,437048,-0.5938,-0.1927,0.4363,0.013,-0.0273,0.1582,0.0,0.0
1779988771508,1,Pitching Mound.Drive,,Loading,pitch.0,437618,-0.0972,18.3613,86.5604,55.1946,-37.4038,15.1761,0.0575,0.0849
1779988771508,1,Pitching Mound.Parent,,Loading,pitch.0,436669,-0.691,18.1686,86.9968,55.2077,-37.4311,15.3343,0.0572,0.0861
1779988771509,1,11.0000004b,Drive,Loading,pitch.0,437619,-0.0822,18.4719,86.8929,55.4761,-37.7045,15.1795,0.0578,0.085
1779988771509,1,12.00000015,Lower Delivery,Loading,pitch.0,437350,-0.5226,-0.2529,0.4181,-0.0328,0.0059,-0.0046,0.0,0.0
1779988771509,1,12.00000018,Upper Delivery,Loading,pitch.0,438208,-0.0567,0.0534,0.0043,-0.0884,-0.0304,-0.0012,0.0,0.0
1779988771509,1,Pitching Mound.Delivery,,Loading,pitch.0,437049,-0.5793,-0.1995,0.4224,0.0195,-0.0244,0.1526,0.0,0.0
1779988771509,1,Pitching Mound.Drive,,Loading,pitch.0,437619,-0.0822,18.4719,86.8929,55.4761,-37.7045,15.1795,0.0578,0.085
1779988771509,1,Pitching Mound.Parent,,Loading,pitch.0,436670,-0.6615,18.2723,87.3153,55.4956,-37.7289,15.3321,0.0575,0.0862
1779988771510,1,11.0000004b,Drive,Loading,pitch.0,437620,-0.0608,18.5685,87.2824,55.6069,-37.9831,15.1753,0.0579,0.0848
1779988771510,1,12.00000015,Lower Delivery,Loading,pitch.0,437351,-0.548,-0.2636,0.438,-0.0248,-0.0052,-0.0063,0.0,0.0
1779988771510,1,12.00000018,Upper Delivery,Loading,pitch.0,438209,-0.0576,0.0526,0.0001,-0.0884,-0.0304,-0.0012,0.0,0.0
1779988771510,1,Pitching Mound.Delivery,,Loading,pitch.0,437050,-0.6056,-0.211,0.438,0.0357,-0.0356,0.1593,0.0,0.0
1779988771510,1,Pitching Mound.Drive,,Loading,pitch.0,437620,-0.0608,18.5685,87.2824,55.6069,-37.9831,15.1753,0.0579,0.0848
1779988771510,1,Pitching Mound.Parent,,Loading,pitch.0,436671,-0.6664,18.3575,87.7204,55.6426,-38.0187,15.3346,0.0576,0.0861
1779988771511,1,11.0000004b,Drive,Loading,pitch.0,437621,-0.0463,18.6638,87.6669,55.7496,-38.1755,15.1739,0.058,0.0847
1779988771511,1,12.00000015,Lower Delivery,Loading,pitch.0,437352,-0.5768,-0.2479,0.4931,-0.0295,0.0013,-0.0052,0.0,0.0
1779988771511,1,12.00000018,Upper Delivery,Loading,pitch.0,438210,-0.058,0.052,0.0024,-0.0884,-0.0304,-0.0012,0.0,0.0
1779988771511,1,Pitching Mound.Delivery,,Loading,pitch.0,437051,-0.6348,-0.1959,0.4955,0.049,-0.0291,0.17,0.0,0.0
1779988771511,1,Pitching Mound.Drive,,Loading,pitch.0,437621,-0.0463,18.6638,87.6669,55.7496,-38.1755,15.1739,0.058,0.0847
1779988771511,1,Pitching Mound.Parent,,Loading,pitch.0,436672,-0.6811,18.4679,88.1625,55.7986,-38.2046,15.3439,0.0576,0.0861
1779988771512,1,11.0000004b,Drive,Loading,pitch.0,437622,-0.0129,18.7508,88.0491,55.8809,-38.6337,15.1584,0.0584,0.0845
1779988771512,1,12.00000015,Lower Delivery,Loading,pitch.0,437353,-0.6126,-0.2641,0.511,-0.0311,-0.011,-0.0068,0.0,0.0
1779988771512,1,12.00000015,Lower Delivery,Loading,pitch.0,437354,-0.6249,-0.2429,0.5261,-0.039,-0.0159,-0.008,0.0,0.0
1779988771512,1,12.00000018,Upper Delivery,Loading,pitch.0,438211,-0.0575,0.0498,-0.0028,-0.0884,-0.0304,-0.0012,0.0,0.0
1779988771512,1,Pitching Mound.Delivery,,Loading,pitch.0,437052,-0.6701,-0.2142,0.5082,0.0552,-0.0414,0.1807,0.0,0.0
1779988771512,1,Pitching Mound.Drive,,Loading,pitch.0,437622,-0.0129,18.7508,88.0491,55.8809,-38.6337,15.1584,0.0584,0.0845
1779988771512,1,Pitching Mound.Parent,,Loading,pitch.0,436673,-0.683,18.5366,88.5573,55.9361,-38.6751,15.3391,0.0581,0.086
1779988771513,1,11.0000004b,Drive,Loading,pitch.0,437623,0.001,18.8376,88.5232,56.0962,-38.9808,15.1839,0.0586,0.0844
1779988771513,1,12.00000015,Lower Delivery,Loading,pitch.0,437355,-0.6538,-0.2376,0.5673,-0.0265,-0.0031,-0.0092,0.0,0.0
1779988771513,1,12.00000018,Upper Delivery,Loading,pitch.0,438212,-0.0559,0.0534,-0.0006,-0.0884,-0.0304,-0.0012,0.0,0.0
1779988771513,1,Pitching Mound.Delivery,,Loading,pitch.0,437053,-0.6808,-0.1895,0.5255,0.0518,-0.0463,0.1843,0.0,0.0
1779988771513,1,Pitching Mound.Drive,,Loading,pitch.0,437623,0.001,18.8376,88.5232,56.0962,-38.9808,15.1839,0.0586,0.0844
1779988771513,1,Pitching Mound.Parent,,Loading,pitch.0,436674,-0.6798,18.6481,89.0487,56.148,-39.0271,15.3682,0.0583,0.0859
1779988771514,1,11.0000004b,Drive,Loading,pitch.0,437624,0.038,18.9135,89.0401,56.3866,-39.3984,15.2039,0.0589,0.0843
1779988771514,1,12.00000018,Upper Delivery,Loading,pitch.0,438213,-0.0583,0.0543,0.0054,-0.0884,-0.0304,-0.0012,0.0,0.0
1779988771514,1,Pitching Mound.Delivery,,Loading,pitch.0,437054,-0.7121,-0.1833,0.5726,0.0762,-0.0335,0.1921,0.0,0.0
1779988771514,1,Pitching Mound.Drive,,Loading,pitch.0,437624,0.038,18.9135,89.0401,56.3866,-39.3984,15.2039,0.0589,0.0843
1779988771514,1,Pitching Mound.Parent,,Loading,pitch.0,436675,-0.674,18.7301,89.6128,56.4628,-39.4318,15.3961,0.0585,0.0859
1779988771515,1,11.0000004b,Drive,Loading,pitch.0,437625,0.0728,19.0023,89.5025,56.5651,-39.6733,15.186,0.059,0.0841
1779988771515,1,12.00000015,Lower Delivery,Loading,pitch.0,437356,-0.625,-0.2424,0.5437,-0.0234,-0.0085,-0.0114,0.0,0.0
1779988771515,1,12.00000015,Lower Delivery,Loading,pitch.0,437357,-0.6419,-0.2187,0.5741,-0.027,-0.0087,-0.0102,0.0,0.0
1779988771515,1,12.00000018,Upper Delivery,Loading,pitch.0,438214,-0.0424,0.0728,0.0567,-0.0884,-0.0304,-0.0012,0.0,0.0
1779988771515,1,Pitching Mound.Delivery,,Loading,pitch.0,437055,-0.6674,-0.1696,0.6004,0.0538,-0.0389,0.1854,0.0,0.0
1779988771515,1,Pitching Mound.Drive,,Loading,pitch.0,437625,0.0728,19.0023,89.5025,56.5651,-39.6733,15.186,0.059,0.0841
1779988771515,1,Pitching Mound.Parent,,Loading,pitch.0,436676,-0.5946,18.8327,90.1029,56.6189,-39.7122,15.3714,0.0586,0.0854
1779988771516,1,11.0000004b,Drive,Loading,pitch.0,437626,0.0628,19.0986,89.9614,56.8206,-39.9759,15.1644,0.0592,0.0841
1779988771516,1,12.00000018,Upper Delivery,Loading,pitch.0,438215,-0.0434,0.0721,0.0628,-0.0884,-0.0304,-0.0012,0.0,0.0
1779988771516,1,Pitching Mound.Delivery,,Loading,pitch.0,437056,-0.6853,-0.1466,0.637,0.0585,-0.039,0.192,0.0,0.0
1779988771516,1,Pitching Mound.Drive,,Loading,pitch.0,437626,0.0628,19.0986,89.9614,56.8206,-39.9759,15.1644,0.0592,0.0841
1779988771516,1,Pitching Mound.Parent,,Loading,pitch.0,436677,-0.6225,18.952,90.5984,56.8792,-40.0149,15.3565,0.0587,0.0854
1779988771517,1,11.0000004b,Drive,Loading,pitch.0,437627,0.0938,19.1816,90.542,57.0323,-40.4495,15.1586,0.0595,0.0839
1779988771517,1,12.00000015,Lower Delivery,Loading,pitch.0,437358,-0.6048,-0.1965,0.5443,-0.0273,-0.0075,-0.0099,0.0,0.0
1779988771517,1,12.00000018,Upper Delivery,Loading,pitch.0,438216,-0.045,0.0691,0.0825,-0.0884,-0.0304,-0.0012,0.0,0.0
1779988771517,1,Pitching Mound.Delivery,,Loading,pitch.0,437057,-0.6498,-0.1274,0.6267,0.0413,-0.0379,0.1793,0.0,0.0
1779988771517,1,Pitching Mound.Drive,,Loading,pitch.0,437627,0.0938,19.1816,90.542,57.0323,-40.4495,15.1586,0.0595,0.0839
1779988771517,1,Pitching Mound.Parent,,Loading,pitch.0,436678,-0.556,19.0542,91.1688,57.0736,-40.4874,15.3378,0.0591,0.085
1779988771518,1,11.0000004b,Drive,Loading,pitch.0,437628,0.1157,19.2676,90.9865,57.2516,-40.7508,15.1623,0.0596,0.0838
1779988771518,1,12.00000015,Lower Delivery,Loading,pitch.0,437359,-0.5971,-0.2174,0.524,-0.0318,-0.0097,-0.0095,0.0,0.0
1779988771518,1,12.00000015,Lower Delivery,Loading,pitch.0,437360,-0.596,-0.1883,0.5349,-0.0326,-0.0057,-0.0103,0.0,0.0
1779988771518,1,12.00000018,Upper Delivery,Loading,pitch.0,438217,-0.0438,0.0763,0.0715,-0.0884,-0.0304,-0.0012,0.0,0.0
1779988771518,1,Pitching Mound.Delivery,,Loading,pitch.0,437058,-0.641,-0.1411,0.5955,0.0337,-0.0401,0.1774,0.0,0.0
1779988771518,1,Pitching Mound.Drive,,Loading,pitch.0,437628,0.1157,19.2676,90.9865,57.2516,-40.7508,15.1623,0.0596,0.0838
1779988771518,1,Pitching Mound.Parent,,Loading,pitch.0,436679,-0.5253,19.1265,91.5821,57.2853,-40.7909,15.3398,0.0592,0.0849
1779988771519,1,11.0000004b,Drive,Loading,pitch.0,437629,0.151,19.366,91.4022,57.4615,-41.0651,15.1537,0.0598,0.0837
1779988771519,1,12.00000015,Lower Delivery,Loading,pitch.0,437361,-0.5832,-0.1731,0.5384,-0.0375,-0.0091,-0.0096,0.0,0.0
1779988771519,1,12.00000018,Upper Delivery,Loading,pitch.0,438218,-0.0265,0.0913,0.1191,-0.0884,-0.0304,-0.0012,0.0,0.0
1779988771519,1,Pitching Mound.Delivery,,Loading,pitch.0,437059,-0.6225,-0.0971,0.654,0.0204,-0.0361,0.1821,0.0,0.0
1779988771519,1,Pitching Mound.Drive,,Loading,pitch.0,437629,0.151,19.366,91.4022,57.4615,-41.0651,15.1537,0.0598,0.0837
1779988771519,1,Pitching Mound.Parent,,Loading,pitch.0,436680,-0.4716,19.2689,92.0562,57.4819,-41.1012,15.3359,0.0594,0.0846
1779988771520,1,11.0000004b,Drive,Loading,pitch.0,437630,0.1755,19.4464,91.88,57.6282,-41.4004,15.1361,0.06,0.0835
1779988771520,1,12.00000015,Lower Delivery,Loading,pitch.0,437362,-0.6128,-0.1768,0.5711,-0.0471,-0.0122,-0.0069,0.0,0.0
1779988771520,1,12.00000018,Upper Delivery,Loading,pitch.0,438219,-0.0337,0.0836,0.1101,-0.0884,-0.0304,-0.0012,0.0,0.0
1779988771520,1,Pitching Mound.Delivery,,Loading,pitch.0,437060,-0.6169,-0.0894,0.6486,0.0198,-0.0395,0.1761,0.0,0.0
1779988771520,1,Pitching Mound.Drive,,Loading,pitch.0,437630,0.1755,19.4464,91.88,57.6282,-41.4004,15.1361,0.06,0.0835
1779988771520,1,Pitching Mound.Parent,,Loading,pitch.0,436681,-0.4413,19.357,92.5286,57.648,-41.4398,15.3122,0.0596,0.0845
1779988771521,1,11.0000004b,Drive,Loading,pitch.0,437631,0.2166,19.5573,92.2744,57.7836,-41.6951,15.1279,0.0602,0.0834
1779988771521,1,12.00000015,Lower Delivery,Loading,pitch.0,437363,-0.5896,-0.1808,0.5409,-0.0548,-0.0088,-0.0064,0.0,0.0
1779988771521,1,12.00000018,Upper Delivery,Loading,pitch.0,438220,-0.0278,0.0927,0.146,-0.0884,-0.0304,-0.0012,0.0,0.0
1779988771521,1,Pitching Mound.Delivery,,Loading,pitch.0,437061,-0.6407,-0.0841,0.7171,0.0091,-0.0426,0.1908,0.0,0.0
1779988771521,1,Pitching Mound.Drive,,Loading,pitch.0,437631,0.2166,19.5573,92.2744,57.7836,-41.6951,15.1279,0.0602,0.0834
1779988771521,1,Pitching Mound.Parent,,Loading,pitch.0,436682,-0.424,19.4731,92.9915,57.7926,-41.7377,15.3186,0.0597,0.0843
1779988771522,1,11.0000004b,Drive,Loading,pitch.0,437632,0.2689,19.6595,92.7405,57.9843,-41.9355,15.16,0.0602,0.0832
1779988771522,1,12.00000018,Upper Delivery,Loading,pitch.0,438221,-0.017,0.0953,0.1398,-0.0884,-0.0304,-0.0012,0.0,0.0
1779988771522,1,Pitching Mound.Delivery,,Loading,pitch.0,437062,-0.6066,-0.0855,0.6807,-0.0068,-0.0392,0.1871,0.0,0.0
1779988771522,1,Pitching Mound.Drive,,Loading,pitch.0,437632,0.2689,19.6595,92.7405,57.9843,-41.9355,15.16,0.0602,0.0832
1779988771522,1,Pitching Mound.Parent,,Loading,pitch.0,436683,-0.3377,19.574,93.4212,57.9775,-41.9747,15.347,0.0598,0.0841
1779988771523,1,11.0000004b,Drive,Loading,pitch.0,437633,0.3091,19.7958,93.2491,58.1211,-42.1835,15.1402,0.0602,0.083
1779988771523,1,12.00000015,Lower Delivery,Loading,pitch.0,437364,-0.5758,-0.1535,0.5379,-0.0533,-0.0102,-0.0082,0.0,0.0
1779988771523,1,12.00000018,Upper Delivery,Loading,pitch.0,438222,-0.0285,0.0869,0.138,-0.0884,-0.0304,-0.0012,0.0,0.0
1779988771523,1,Pitching Mound.Delivery,,Loading,pitch.0,437063,-0.6043,-0.0666,0.6759,-0.0057,-0.0406,0.1767,0.0,0.0
1779988771523,1,Pitching Mound.Drive,,Loading,pitch.0,437633,0.3091,19.7958,93.2491,58.1211,-42.1835,15.1402,0.0602,0.083
1779988771523,1,Pitching Mound.Parent,,Loading,pitch.0,436684,-0.2952,19.7292,93.925,58.1153,-42.2242,15.3169,0.0598,0.0838
1779988771524,1,11.0000004b,Drive,Loading,pitch.0,437634,0.3331,19.9029,93.6545,58.2196,-42.3768,15.1565,0.0602,0.0828
1779988771524,1,12.00000015,Lower Delivery,Loading,pitch.0,437366,-0.5803,-0.1948,0.533,-0.0688,-0.0188,-0.0085,0.0,0.0
1779988771524,1,12.00000015,Lower Delivery,Loading,pitch.0,437365,-0.604,-0.1693,0.5682,-0.0615,-0.0123,-0.0102,0.0,0.0
1779988771524,1,12.00000018,Upper Delivery,Loading,pitch.0,438223,-0.0257,0.0791,0.122,-0.0884,-0.0304,-0.0012,0.0,0.0
1779988771524,1,Pitching Mound.Delivery,,Loading,pitch.0,437064,-0.6298,-0.0901,0.6902,0.0018,-0.0427,0.1852,0.0,0.0
1779988771524,1,Pitching Mound.Drive,,Loading,pitch.0,437634,0.3331,19.9029,93.6545,58.2196,-42.3768,15.1565,0.0602,0.0828
1779988771524,1,Pitching Mound.Parent,,Loading,pitch.0,436685,-0.2967,19.8128,94.3447,58.2213,-42.4195,15.3417,0.0598,0.0838
1779988771525,1,11.0000004b,Drive,Loading,pitch.0,437635,0.3405,20.0476,94.1211,58.4282,-42.6699,15.1622,0.0604,0.0826
1779988771525,1,12.00000015,Lower Delivery,Loading,pitch.0,437367,-0.6132,-0.1898,0.5649,-0.0682,-0.0129,-0.0076,0.0,0.0
1779988771525,1,12.00000018,Upper Delivery,Loading,pitch.0,438224,-0.0415,0.0711,0.0971,-0.0884,-0.0304,-0.0012,0.0,0.0
1779988771525,1,Pitching Mound.Delivery,,Loading,pitch.0,437065,-0.6218,-0.1236,0.6301,-0.009,-0.0491,0.1735,0.0,0.0
1779988771525,1,Pitching Mound.Drive,,Loading,pitch.0,437635,0.3405,20.0476,94.1211,58.4282,-42.6699,15.1622,0.0604,0.0826
1779988771525,1,Pitching Mound.Parent,,Loading,pitch.0,436686,-0.2813,19.924,94.7512,58.4192,-42.719,15.3357,0.06,0.0837
1779988771526,1,11.0000004b,Drive,Loading,pitch.0,437636,0.3421,20.1689,94.4954,58.5665,-43.0664,15.2195,0.0607,0.0825
1779988771526,1,12.00000015,Lower Delivery,Loading,pitch.0,437368,-0.5987,-0.2043,0.5302,-0.0624,-0.0145,-0.0098,0.0,0.0
1779988771526,1,12.00000018,Upper Delivery,Loading,pitch.0,438225,-0.0484,0.0687,0.0491,-0.0884,-0.0304,-0.0012,0.0,0.0
1779988771526,1,Pitching Mound.Delivery,,Loading,pitch.0,437066,-0.6616,-0.1212,0.614,0.0189,-0.0432,0.1833,0.0,0.0
1779988771526,1,Pitching Mound.Drive,,Loading,pitch.0,437636,0.3421,20.1689,94.4954,58.5665,-43.0664,15.2195,0.0607,0.0825
1779988771526,1,Pitching Mound.Parent,,Loading,pitch.0,436687,-0.3195,20.0478,95.1094,58.5854,-43.1097,15.4028,0.0603,0.0838
1779988771527,1,11.0000004b,Drive,Loading,pitch.0,437637,0.347,20.3034,94.9275,58.6456,-43.3037,15.2744,0.0607,0.0822
1779988771527,1,12.00000015,Lower Delivery,Loading,pitch.0,437369,-0.6115,-0.2198,0.5449,-0.0589,-0.0141,-0.0117,0.0,0.0
1779988771527,1,12.00000018,Upper Delivery,Loading,pitch.0,438226,-0.0401,0.0757,0.1033,-0.0884,-0.0304,-0.0012,0.0,0.0
1779988771527,1,Pitching Mound.Delivery,,Loading,pitch.0,437067,-0.6388,-0.1286,0.6335,-0.0056,-0.0449,0.1789,0.0,0.0
1779988771527,1,Pitching Mound.Drive,,Loading,pitch.0,437637,0.347,20.3034,94.9275,58.6456,-43.3037,15.2744,0.0607,0.0822
1779988771527,1,Pitching Mound.Parent,,Loading,pitch.0,436688,-0.2919,20.1748,95.5611,58.6399,-43.3486,15.4533,0.0603,0.0832
1779988771528,1,11.0000004b,Drive,Loading,pitch.0,437638,0.328,20.4646,95.2038,58.8018,-43.5742,15.3452,0.0609,0.0822
1779988771528,1,11.0000004b,Drive,Loading,pitch.0,437639,0.287,20.6163,95.5975,58.9783,-43.8589,15.4135,0.0611,0.0821
1779988771528,1,12.00000018,Upper Delivery,Loading,pitch.0,438227,-0.0388,0.0786,0.1044,-0.0884,-0.0304,-0.0012,0.0,0.0
1779988771528,1,Pitching Mound.Delivery,,Loading,pitch.0,437068,-0.6503,-0.1412,0.6493,0.0026,-0.0444,0.1818,0.0,0.0
1779988771528,1,Pitching Mound.Drive,,Loading,pitch.0,437638,0.328,20.4646,95.2038,58.8018,-43.5742,15.3452,0.0609,0.0822
1779988771528,1,Pitching Mound.Drive,,Loading,pitch.0,437639,0.287,20.6163,95.5975,58.9783,-43.8589,15.4135,0.0611,0.0821
1779988771528,1,Pitching Mound.Parent,,Loading,pitch.0,436689,-0.3223,20.3234,95.853,58.8043,-43.6187,15.527,0.0605,0.0832
1779988771529,1,12.00000015,Lower Delivery,Loading,pitch.0,437370,-0.6171,-0.2276,0.5616,-0.0654,-0.0233,-0.0093,0.0,0.0
1779988771529,1,12.00000018,Upper Delivery,Loading,pitch.0,438228,-0.0375,0.0752,0.1,-0.0884,-0.0304,-0.0012,0.0,0.0
1779988771529,1,Pitching Mound.Delivery,,Loading,pitch.0,437069,-0.6546,-0.1524,0.6616,0.0031,-0.0536,0.1865,0.0,0.0
1779988771529,1,Pitching Mound.Parent,,Loading,pitch.0,436690,-0.3676,20.4639,96.2591,58.9815,-43.9126,15.6001,0.0607,0.0832
1779988771530,1,11.0000004b,Drive,Loading,pitch.0,437640,0.1978,20.7604,96.1228,59.1602,-44.2894,15.5183,0.0613,0.0819
1779988771530,1,11.0000004b,Drive,Loading,pitch.0,437641,0.1565,20.9148,96.4876,59.2921,-44.6682,15.5995,0.0616,0.0818
1779988771530,1,12.00000015,Lower Delivery,Loading,pitch.0,437371,-0.6241,-0.2454,0.5752,-0.0505,-0.0122,-0.0079,0.0,0.0
1779988771530,1,12.00000015,Lower Delivery,Loading,pitch.0,437372,-0.6498,-0.25,0.6006,-0.0597,-0.0186,-0.0081,0.0,0.0
1779988771530,1,12.00000018,Upper Delivery,Loading,pitch.0,438229,-0.0413,0.0762,0.0931,-0.0884,-0.0304,-0.0012,0.0,0.0
1779988771530,1,Pitching Mound.Delivery,,Loading,pitch.0,437070,-0.6654,-0.1692,0.6682,0.0251,-0.0425,0.189,0.0,0.0
1779988771530,1,Pitching Mound.Drive,,Loading,pitch.0,437640,0.1978,20.7604,96.1228,59.1602,-44.2894,15.5183,0.0613,0.0819
1779988771530,1,Pitching Mound.Drive,,Loading,pitch.0,437641,0.1565,20.9148,96.4876,59.2921,-44.6682,15.5995,0.0616,0.0818
1779988771530,1,Pitching Mound.Parent,,Loading,pitch.0,436691,-0.4676,20.5912,96.791,59.1852,-44.3319,15.7074,0.0609,0.0831
1779988771531,1,12.00000018,Upper Delivery,Loading,pitch.0,438230,-0.0511,0.0702,0.1063,-0.0884,-0.0304,-0.0012,0.0,0.0
1779988771531,1,Pitching Mound.Delivery,,Loading,pitch.0,437071,-0.7009,-0.1798,0.7069,0.02,-0.049,0.1942,0.0,0.0
1779988771531,1,Pitching Mound.Parent,,Loading,pitch.0,436692,-0.5444,20.735,97.1945,59.3121,-44.7172,15.7938,0.0612,0.0829
1779988771532,1,11.0000004b,Drive,Loading,pitch.0,437642,0.0954,21.0912,96.944,59.501,-45.0196,15.6792,0.0618,0.0817
1779988771532,1,11.0000004b,Drive,Loading,pitch.0,437643,0.0326,21.2448,97.4255,59.7524,-45.4168,15.7571,0.0621,0.0816
1779988771532,1,12.00000015,Lower Delivery,Loading,pitch.0,437373,-0.6834,-0.2592,0.6293,-0.0558,-0.0252,-0.0102,0.0,0.0
1779988771532,1,12.00000015,Lower Delivery,Loading,pitch.0,437374,-0.6706,-0.2809,0.5679,-0.0529,-0.0188,-0.0075,0.0,0.0
1779988771532,1,12.00000018,Upper Delivery,Loading,pitch.0,438231,-0.052,0.0653,0.0887,-0.0884,-0.0304,-0.0012,0.0,0.0
1779988771532,1,Pitching Mound.Delivery,,Loading,pitch.0,437072,-0.7354,-0.1938,0.718,0.0396,-0.0556,0.2033,0.0,0.0
1779988771532,1,Pitching Mound.Drive,,Loading,pitch.0,437642,0.0954,21.0912,96.944,59.501,-45.0196,15.6792,0.0618,0.0817
1779988771532,1,Pitching Mound.Drive,,Loading,pitch.0,437643,0.0326,21.2448,97.4255,59.7524,-45.4168,15.7571,0.0621,0.0816
1779988771532,1,Pitching Mound.Parent,,Loading,pitch.0,436693,-0.64,20.8973,97.662,59.5406,-45.0753,15.8825,0.0614,0.083
1779988771533,1,11.0000004b,Drive,Loading,pitch.0,437644,-0.0298,21.3956,97.8687,59.8404,-45.6831,15.8689,0.0621,0.0814
1779988771533,1,12.00000015,Lower Delivery,Loading,pitch.0,437375,-0.6782,-0.2749,0.5852,-0.0618,-0.0181,-0.007,0.0,0.0
1779988771533,1,12.00000018,Upper Delivery,Loading,pitch.0,438232,-0.0672,0.0517,0.0715,-0.0884,-0.0304,-0.0012,0.0,0.0
1779988771533,1,Pitching Mound.Delivery,,Loading,pitch.0,437073,-0.7378,-0.2292,0.6394,0.0275,-0.0492,0.1964,0.0,0.0
1779988771533,1,Pitching Mound.Drive,,Loading,pitch.0,437644,-0.0298,21.3956,97.8687,59.8404,-45.6831,15.8689,0.0621,0.0814
1779988771533,1,Pitching Mound.Parent,,Loading,pitch.0,436694,-0.7052,21.0156,98.0649,59.7799,-45.466,15.9536,0.0617,0.0828
1779988771534,1,11.0000004b,Drive,Loading,pitch.0,437645,-0.0978,21.5475,98.3274,60.0643,-46.0575,15.9605,0.0624,0.0813
1779988771534,1,12.00000018,Upper Delivery,Loading,pitch.0,438233,-0.0664,0.0718,0.1241,-0.0884,-0.0304,-0.0012,0.0,0.0
1779988771534,1,Pitching Mound.Delivery,,Loading,pitch.0,437074,-0.7446,-0.2031,0.7093,0.0066,-0.0485,0.1998,0.0,0.0
1779988771534,1,Pitching Mound.Drive,,Loading,pitch.0,437645,-0.0978,21.5475,98.3274,60.0643,-46.0575,15.9605,0.0624,0.0813
1779988771534,1,Pitching Mound.Parent,,Loading,pitch.0,436695,-0.7745,21.1925,98.5779,59.847,-45.7316,16.0688,0.0617,0.0824
1779988771535,1,12.00000015,Lower Delivery,Loading,pitch.0,437376,-0.6165,-0.2351,0.5574,-0.0632,-0.0098,-0.0044,0.0,0.0
1779988771535,1,12.00000015,Lower Delivery,Loading,pitch.0,437377,-0.6259,-0.2336,0.5464,-0.0681,-0.01,-0.0049,0.0,0.0
1779988771535,1,12.00000018,Upper Delivery,Loading,pitch.0,438234,-0.0743,0.0622,0.1089,-0.0884,-0.0304,-0.0012,0.0,0.0
1779988771535,1,Pitching Mound.Delivery,,Loading,pitch.0,437075,-0.6908,-0.1728,0.6663,0.0009,-0.0401,0.1788,0.0,0.0
1779988771535,1,Pitching Mound.Parent,,Loading,pitch.0,436696,-0.7886,21.3747,98.9937,60.0652,-46.0977,16.1392,0.0619,0.0823
1779988771536,1,11.0000004b,Drive,Loading,pitch.0,437646,-0.1613,21.6974,98.8092,60.3093,-46.4185,16.0495,0.0625,0.0813
1779988771536,1,11.0000004b,Drive,Loading,pitch.0,437647,-0.2207,21.8519,99.1436,60.5302,-46.7718,16.1222,0.0628,0.0813
1779988771536,1,12.00000018,Upper Delivery,Loading,pitch.0,438236,-0.0983,0.1011,0.2491,-0.0884,-0.0304,-0.0012,0.0,0.0
1779988771536,1,12.00000018,Upper Delivery,Loading,pitch.0,438235,-0.1152,0.0923,0.2695,-0.0884,-0.0304,-0.0012,0.0,0.0
1779988771536,1,Pitching Mound.Delivery,,Loading,pitch.0,437076,-0.7411,-0.1413,0.8159,-0.0623,-0.0403,0.1675,0.0,0.0
1779988771536,1,Pitching Mound.Drive,,Loading,pitch.0,437646,-0.1613,21.6974,98.8092,60.3093,-46.4185,16.0495,0.0625,0.0813
1779988771536,1,Pitching Mound.Drive,,Loading,pitch.0,437647,-0.2207,21.8519,99.1436,60.5302,-46.7718,16.1222,0.0628,0.0813
1779988771536,1,Pitching Mound.Parent,,Loading,pitch.0,436697,-0.9024,21.5561,99.6251,60.247,-46.4588,16.2171,0.062,0.0815
1779988771537,1,11.0000004b,Drive,Loading,pitch.0,437648,-0.2743,22.0073,99.5793,60.8007,-47.0649,16.2072,0.0629,0.0813
1779988771537,1,12.00000015,Lower Delivery,Loading,pitch.0,437378,-0.613,-0.222,0.5482,-0.0738,-0.0128,-0.0048,0.0,0.0
1779988771537,1,12.00000015,Lower Delivery,Loading,pitch.0,437379,-0.5855,-0.2605,0.536,-0.0676,-0.0111,-0.0038,0.0,0.0
1779988771537,1,Pitching Mound.Delivery,,Loading,pitch.0,437077,-0.7113,-0.1209,0.7973,-0.0605,-0.0432,0.169,0.0,0.0
1779988771537,1,Pitching Mound.Drive,,Loading,pitch.0,437648,-0.2743,22.0073,99.5793,60.8007,-47.0649,16.2072,0.0629,0.0813
1779988771537,1,Pitching Mound.Parent,,Loading,pitch.0,436698,-0.932,21.731,99.9409,60.4697,-46.815,16.2913,0.0623,0.0816
1779988771538,1,11.0000004b,Drive,Loading,pitch.0,437649,-0.3208,22.1661,99.9178,60.9626,-47.2649,16.2565,0.063,0.0812
1779988771538,1,12.00000018,Upper Delivery,Loading,pitch.0,438237,-0.0642,0.0626,0.0832,-0.0884,-0.0304,-0.0012,0.0,0.0
1779988771538,1,Pitching Mound.Delivery,,Loading,pitch.0,437078,-0.6497,-0.1979,0.6192,-0.002,-0.0414,0.1722,0.0,0.0
1779988771538,1,Pitching Mound.Drive,,Loading,pitch.0,437649,-0.3208,22.1661,99.9178,60.9626,-47.2649,16.2565,0.063,0.0812
1779988771538,1,Pitching Mound.Parent,,Loading,pitch.0,436699,-0.9241,21.8094,100.1985,60.7986,-47.1063,16.3795,0.0625,0.0823
1779988771539,1,11.0000004b,Drive,Loading,pitch.0,437650,-0.3582,22.3211,100.2775,61.1517,-47.6247,16.3338,0.0632,0.0812
1779988771539,1,12.00000015,Lower Delivery,Loading,pitch.0,437380,-0.604,-0.2321,0.6214,-0.0726,-0.008,-0.0026,0.0,0.0
1779988771539,1,12.00000018,Upper Delivery,Loading,pitch.0,438238,-0.0552,0.0922,0.1717,-0.0884,-0.0304,-0.0012,0.0,0.0
1779988771539,1,12.00000018,Upper Delivery,Loading,pitch.0,438239,-0.0405,0.0797,0.1219,-0.0884,-0.0304,-0.0012,0.0,0.0
1779988771539,1,Pitching Mound.Delivery,,Loading,pitch.0,437079,-0.6591,-0.1399,0.7932,-0.008,-0.0384,0.1828,0.0,0.0
1779988771539,1,Pitching Mound.Drive,,Loading,pitch.0,437650,-0.3582,22.3211,100.2775,61.1517,-47.6247,16.3338,0.0632,0.0812
1779988771539,1,Pitching Mound.Parent,,Loading,pitch.0,436700,-0.9799,22.0262,100.711,60.9546,-47.3032,16.4393,0.0625,0.0821
1779988771540,1,11.0000004b,Drive,Loading,pitch.0,437651,-0.3934,22.4715,100.5954,61.3393,-47.9344,16.4262,0.0634,0.0812
1779988771540,1,12.00000015,Lower Delivery,Loading,pitch.0,437381,-0.5761,-0.1932,0.5211,-0.0775,-0.0008,-0.0035,0.0,0.0
1779988771540,1,12.00000015,Lower Delivery,Loading,pitch.0,437382,-0.5998,-0.2036,0.5349,-0.0754,0.0013,-0.0038,0.0,0.0
1779988771540,1,12.00000018,Upper Delivery,Loading,pitch.0,438240,-0.0473,0.0686,0.1008,-0.0884,-0.0304,-0.0012,0.0,0.0
1779988771540,1,Pitching Mound.Delivery,,Loading,pitch.0,437080,-0.6166,-0.1134,0.6431,-0.0301,-0.0311,0.1774,0.0,0.0
1779988771540,1,Pitching Mound.Delivery,,Loading,pitch.0,437081,-0.6472,-0.135,0.6358,-0.0162,-0.0291,0.1829,0.0,0.0
1779988771540,1,Pitching Mound.Drive,,Loading,pitch.0,437651,-0.3934,22.4715,100.5954,61.3393,-47.9344,16.4262,0.0634,0.0812
1779988771540,1,Pitching Mound.Parent,,Loading,pitch.0,436702,-1.0406,22.3365,101.2311,61.3232,-47.9634,16.6091,0.063,0.0821
1779988771540,1,Pitching Mound.Parent,,Loading,pitch.0,436701,-0.9748,22.2077,100.9206,61.1215,-47.6558,16.5113,0.0628,0.082
1779988771541,1,11.0000004b,Drive,Loading,pitch.0,437652,-0.4161,22.6232,100.9617,61.5959,-48.3872,16.496,0.0638,0.0812
1779988771541,1,12.00000015,Lower Delivery,Loading,pitch.0,437383,-0.5997,-0.2403,0.5182,-0.0723,-0.0062,-0.0049,0.0,0.0
1779988771541,1,12.00000018,Upper Delivery,Loading,pitch.0,438241,-0.0429,0.0736,0.0856,-0.0884,-0.0304,-0.0012,0.0,0.0
1779988771541,1,Pitching Mound.Delivery,,Loading,pitch.0,437082,-0.6425,-0.1667,0.6038,-0.0136,-0.0366,0.1832,0.0,0.0
1779988771541,1,Pitching Mound.Drive,,Loading,pitch.0,437652,-0.4161,22.6232,100.9617,61.5959,-48.3872,16.496,0.0638,0.0812
1779988771541,1,Pitching Mound.Parent,,Loading,pitch.0,436703,-1.0586,22.4564,101.5655,61.5823,-48.4238,16.6792,0.0634,0.0822
1779988771542,1,12.00000015,Lower Delivery,Loading,pitch.0,437384,-0.6293,-0.247,0.5331,-0.0659,-0.0044,-0.0044,0.0,0.0
1779988771542,1,12.00000018,Upper Delivery,Loading,pitch.0,438242,-0.0568,0.0665,0.0969,-0.0884,-0.0304,-0.0012,0.0,0.0
1779988771542,1,Pitching Mound.Delivery,,Loading,pitch.0,437083,-0.6861,-0.1804,0.6301,-0.006,-0.0347,0.1891,0.0,0.0
1779988771543,1,12.00000015,Lower Delivery,Loading,pitch.0,437385,-0.6448,-0.262,0.5514,-0.0538,-0.0045,-0.0044,0.0,0.0
1779988771543,1,12.00000018,Upper Delivery,Loading,pitch.0,438243,-0.06,0.0589,0.0626,-0.0884,-0.0304,-0.0012,0.0,0.0
1779988771543,1,Pitching Mound.Delivery,,Loading,pitch.0,437084,-0.7049,-0.2031,0.614,0.0241,-0.0348,0.1932,0.0,0.0
1779988771544,1,11.0000004b,Drive,Loading,pitch.0,437653,-0.454,22.757,101.3033,61.8576,-48.7398,16.57,0.0641,0.0813
1779988771544,1,11.0000004b,Drive,Loading,pitch.0,437654,-0.4809,22.9023,101.5549,62.0888,-49.0904,16.6568,0.0644,0.0814
1779988771544,1,12.00000015,Lower Delivery,Loading,pitch.0,437386,-0.6316,-0.2791,0.5198,-0.039,-0.01,-0.0075,0.0,0.0
1779988771544,1,12.00000018,Upper Delivery,Loading,pitch.0,438244,-0.0627,0.0521,0.0722,-0.0884,-0.0304,-0.0012,0.0,0.0
1779988771544,1,Pitching Mound.Delivery,,Loading,pitch.0,437085,-0.6943,-0.2269,0.592,0.0249,-0.0404,0.1847,0.0,0.0
1779988771544,1,Pitching Mound.Drive,,Loading,pitch.0,437653,-0.454,22.757,101.3033,61.8576,-48.7398,16.57,0.0641,0.0813
1779988771544,1,Pitching Mound.Drive,,Loading,pitch.0,437654,-0.4809,22.9023,101.5549,62.0888,-49.0904,16.6568,0.0644,0.0814
1779988771544,1,Pitching Mound.Parent,,Loading,pitch.0,436704,-1.1588,22.5539,101.9172,61.8817,-48.7747,16.7632,0.0637,0.0824
1779988771544,1,Pitching Mound.Parent,,Loading,pitch.0,436705,-1.1752,22.6753,102.1469,62.1137,-49.1308,16.8416,0.064,0.0824
1779988771545,1,11.0000004b,Drive,Loading,pitch.0,437655,-0.4987,23.0483,101.9053,62.2463,-49.5266,16.7527,0.0647,0.0813
1779988771545,1,12.00000015,Lower Delivery,Loading,pitch.0,437387,-0.6406,-0.3031,0.4884,-0.0353,-0.0172,-0.0067,0.0,0.0
1779988771545,1,12.00000018,Upper Delivery,Loading,pitch.0,438245,-0.0609,0.0567,0.0538,-0.0884,-0.0304,-0.0012,0.0,0.0
1779988771545,1,Pitching Mound.Delivery,,Loading,pitch.0,437086,-0.7015,-0.2464,0.5422,0.0241,-0.0476,0.1892,0.0,0.0
1779988771545,1,Pitching Mound.Drive,,Loading,pitch.0,437655,-0.4987,23.0483,101.9053,62.2463,-49.5266,16.7527,0.0647,0.0813
1779988771545,1,Pitching Mound.Parent,,Loading,pitch.0,436706,-1.2002,22.8019,102.4475,62.2705,-49.5741,16.9419,0.0644,0.0823
1779988771546,1,11.0000004b,Drive,Loading,pitch.0,437656,-0.5173,23.2007,102.1313,62.4258,-49.9266,16.8412,0.0651,0.0814
1779988771546,1,12.00000015,Lower Delivery,Loading,pitch.0,437388,-0.6577,-0.3049,0.487,-0.0246,-0.013,-0.006,0.0,0.0
1779988771546,1,12.00000018,Upper Delivery,Loading,pitch.0,438246,-0.0633,0.0603,0.0464,-0.0884,-0.0304,-0.0012,0.0,0.0
1779988771546,1,Pitching Mound.Delivery,,Loading,pitch.0,437087,-0.721,-0.2447,0.5335,0.0369,-0.0433,0.1949,0.0,0.0
1779988771546,1,Pitching Mound.Drive,,Loading,pitch.0,437656,-0.5173,23.2007,102.1313,62.4258,-49.9266,16.8412,0.0651,0.0814
1779988771546,1,Pitching Mound.Parent,,Loading,pitch.0,436707,-1.2384,22.956,102.6648,62.4627,-49.9699,17.0361,0.0647,0.0824
1779988771547,1,11.0000004b,Drive,Loading,pitch.0,437657,-0.536,23.3472,102.431,62.5,-50.1958,16.9279,0.0652,0.0812
1779988771547,1,12.00000015,Lower Delivery,Loading,pitch.0,437389,-0.6125,-0.2903,0.4669,-0.0284,-0.0126,-0.0068,0.0,0.0
1779988771547,1,12.00000018,Upper Delivery,Loading,pitch.0,438247,-0.0616,0.0594,0.0361,-0.0884,-0.0304,-0.0012,0.0,0.0
1779988771547,1,Pitching Mound.Delivery,,Loading,pitch.0,437088,-0.6741,-0.2308,0.503,0.0297,-0.043,0.1793,0.0,0.0
1779988771547,1,Pitching Mound.Drive,,Loading,pitch.0,437657,-0.536,23.3472,102.431,62.5,-50.1958,16.9279,0.0652,0.0812
1779988771547,1,Pitching Mound.Parent,,Loading,pitch.0,436708,-1.2101,23.1163,102.9339,62.5298,-50.2388,17.1072,0.0649,0.0823
1779988771548,1,11.0000004b,Drive,Loading,pitch.0,437658,-0.5661,23.4732,102.7542,62.5725,-50.4818,17.0476,0.0654,0.0811
1779988771548,1,12.00000015,Lower Delivery,Loading,pitch.0,437390,-0.5618,-0.2446,0.4632,-0.0226,-0.0115,-0.0069,0.0,0.0
1779988771548,1,12.00000018,Upper Delivery,Loading,pitch.0,438248,-0.0606,0.0519,0.0126,-0.0884,-0.0304,-0.0012,0.0,0.0
1779988771548,1,Pitching Mound.Delivery,,Loading,pitch.0,437089,-0.6225,-0.1927,0.4758,0.0423,-0.0418,0.1623,0.0,0.0
1779988771548,1,Pitching Mound.Drive,,Loading,pitch.0,437658,-0.5661,23.4732,102.7542,62.5725,-50.4818,17.0476,0.0654,0.0811
1779988771548,1,Pitching Mound.Parent,,Loading,pitch.0,436709,-1.1885,23.2805,103.23,62.6147,-50.5236,17.2099,0.0651,0.0822
1779988771549,1,11.0000004b,Drive,Loading,pitch.0,437659,-0.5932,23.5982,103.0619,62.6733,-50.7895,17.1289,0.0656,0.081
1779988771549,1,12.00000015,Lower Delivery,Loading,pitch.0,437391,-0.5243,-0.2379,0.4305,-0.0351,-0.0255,-0.0076,0.0,0.0
1779988771549,1,12.00000018,Upper Delivery,Loading,pitch.0,438249,-0.058,0.054,0.0132,-0.0884,-0.0304,-0.0012,0.0,0.0
1779988771549,1,Pitching Mound.Delivery,,Loading,pitch.0,437090,-0.5823,-0.1839,0.4437,0.0184,-0.0558,0.1497,0.0,0.0
1779988771549,1,Pitching Mound.Drive,,Loading,pitch.0,437659,-0.5932,23.5982,103.0619,62.6733,-50.7895,17.1289,0.0656,0.081
1779988771549,1,Pitching Mound.Parent,,Loading,pitch.0,436710,-1.1755,23.4143,103.5056,62.6917,-50.8454,17.2787,0.0653,0.082
1779988771550,1,11.0000004b,Drive,Loading,pitch.0,437660,-0.6315,23.7411,103.3493,62.8025,-50.9621,17.1888,0.0656,0.0809
1779988771550,1,12.00000015,Lower Delivery,Loading,pitch.0,437392,-0.4873,-0.2167,0.4025,-0.0343,-0.0265,-0.0074,0.0,0.0
1779988771550,1,12.00000018,Upper Delivery,Loading,pitch.0,438250,-0.0604,0.0601,0.0121,-0.0884,-0.0304,-0.0012,0.0,0.0
1779988771550,1,Pitching Mound.Delivery,,Loading,pitch.0,437091,-0.5477,-0.1567,0.4146,0.0101,-0.0569,0.1365,0.0,0.0
1779988771550,1,Pitching Mound.Drive,,Loading,pitch.0,437660,-0.6315,23.7411,103.3493,62.8025,-50.9621,17.1888,0.0656,0.0809
1779988771550,1,Pitching Mound.Parent,,Loading,pitch.0,436711,-1.1793,23.5845,103.7639,62.8125,-51.019,17.3254,0.0654,0.0819
1779988771551,1,12.00000015,Lower Delivery,Loading,pitch.0,437393,-0.4753,-0.2041,0.3952,-0.044,-0.0222,-0.0075,0.0,0.0
1779988771551,1,12.00000018,Upper Delivery,Loading,pitch.0,438251,-0.059,0.0582,0.0083,-0.0884,-0.0304,-0.0012,0.0,0.0
1779988771551,1,Pitching Mound.Delivery,,Loading,pitch.0,437092,-0.5343,-0.1459,0.4035,-0.0009,-0.0525,0.1328,0.0,0.0
1779988771552,1,11.0000004b,Drive,Loading,pitch.0,437661,-0.6528,23.8678,103.6567,62.9243,-51.2444,17.2983,0.0658,0.0808
1779988771552,1,11.0000004b,Drive,Loading,pitch.0,437662,-0.6919,24.0065,103.8897,63.076,-51.4205,17.35,0.0659,0.0808
1779988771552,1,12.00000015,Lower Delivery,Loading,pitch.0,437394,-0.4533,-0.1832,0.3833,-0.0436,-0.0216,-0.007,0.0,0.0
1779988771552,1,12.00000018,Upper Delivery,Loading,pitch.0,438252,-0.0569,0.0562,0.0074,-0.0884,-0.0304,-0.0012,0.0,0.0
1779988771552,1,Pitching Mound.Delivery,,Loading,pitch.0,437093,-0.5102,-0.1271,0.3908,-0.0041,-0.052,0.1266,0.0,0.0
1779988771552,1,Pitching Mound.Drive,,Loading,pitch.0,437661,-0.6528,23.8678,103.6567,62.9243,-51.2444,17.2983,0.0658,0.0808
1779988771552,1,Pitching Mound.Drive,,Loading,pitch.0,437662,-0.6919,24.0065,103.8897,63.076,-51.4205,17.35,0.0659,0.0808
1779988771552,1,Pitching Mound.Parent,,Loading,pitch.0,436712,-1.187,23.7218,104.0602,62.9234,-51.2969,17.4311,0.0656,0.0818
1779988771552,1,Pitching Mound.Parent,,Loading,pitch.0,436713,-1.2022,23.8794,104.2805,63.0718,-51.4725,17.4766,0.0656,0.0818
1779988771553,1,11.0000004b,Drive,Loading,pitch.0,437663,-0.7285,24.1322,104.1375,63.093,-51.6743,17.432,0.0661,0.0807
1779988771553,1,12.00000015,Lower Delivery,Loading,pitch.0,437395,-0.4979,-0.1804,0.4423,-0.0518,-0.0131,-0.0086,0.0,0.0
1779988771553,1,Pitching Mound.Drive,,Loading,pitch.0,437663,-0.7285,24.1322,104.1375,63.093,-51.6743,17.432,0.0661,0.0807
1779988771554,1,11.0000004b,Drive,Loading,pitch.0,437664,-0.7408,24.2701,104.4446,63.1323,-51.9846,17.499,0.0663,0.0805
1779988771554,1,12.00000015,Lower Delivery,Loading,pitch.0,437396,-0.4712,-0.1657,0.4146,-0.065,-0.0228,-0.0072,0.0,0.0
1779988771554,1,12.00000018,Upper Delivery,Loading,pitch.0,438253,-0.0573,0.0508,0.0093,-0.0884,-0.0304,-0.0012,0.0,0.0
1779988771554,1,Pitching Mound.Delivery,,Loading,pitch.0,437094,-0.5552,-0.1296,0.4516,0.0071,-0.0435,0.14,0.0,0.0
1779988771554,1,Pitching Mound.Drive,,Loading,pitch.0,437664,-0.7408,24.2701,104.4446,63.1323,-51.9846,17.499,0.0663,0.0805
1779988771554,1,Pitching Mound.Parent,,Loading,pitch.0,436714,-1.2838,24.0026,104.5891,63.1001,-51.7178,17.572,0.0658,0.0817
1779988771555,1,11.0000004b,Drive,Loading,pitch.0,437665,-0.7915,24.3979,104.6894,63.2269,-52.085,17.5747,0.0662,0.0804
1779988771555,1,12.00000015,Lower Delivery,Loading,pitch.0,437397,-0.4865,-0.1744,0.4422,-0.0698,-0.0249,-0.0071,0.0,0.0
1779988771555,1,12.00000018,Upper Delivery,Loading,pitch.0,438255,-0.0607,0.0503,0.0165,-0.0884,-0.0304,-0.0012,0.0,0.0
1779988771555,1,12.00000018,Upper Delivery,Loading,pitch.0,438254,-0.0601,0.0501,0.0246,-0.0884,-0.0304,-0.0012,0.0,0.0
1779988771555,1,Pitching Mound.Delivery,,Loading,pitch.0,437096,-0.5472,-0.1241,0.4587,-0.0134,-0.0553,0.1364,0.0,0.0
1779988771555,1,Pitching Mound.Delivery,,Loading,pitch.0,437095,-0.5314,-0.1156,0.4392,-0.0208,-0.0532,0.1314,0.0,0.0
1779988771555,1,Pitching Mound.Drive,,Loading,pitch.0,437665,-0.7915,24.3979,104.6894,63.2269,-52.085,17.5747,0.0662,0.0804
1779988771555,1,Pitching Mound.Parent,,Loading,pitch.0,436716,-1.3387,24.2738,105.1481,63.2135,-52.1403,17.7112,0.0659,0.0814
1779988771555,1,Pitching Mound.Parent,,Loading,pitch.0,436715,-1.2721,24.1545,104.8839,63.1116,-52.0377,17.6304,0.066,0.0814
1779988771556,1,11.0000004b,Drive,Loading,pitch.0,437666,-0.8013,24.5079,104.9578,63.2518,-52.2115,17.6577,0.0662,0.0802
1779988771556,1,12.00000015,Lower Delivery,Loading,pitch.0,437398,-0.5054,-0.1737,0.4753,-0.0647,-0.0142,-0.009,0.0,0.0
1779988771556,1,12.00000018,Upper Delivery,Loading,pitch.0,438256,-0.0589,0.0497,0.0134,-0.0884,-0.0304,-0.0012,0.0,0.0
1779988771556,1,Pitching Mound.Delivery,,Loading,pitch.0,437097,-0.5643,-0.124,0.4887,0.004,-0.0446,0.1416,0.0,0.0
1779988771556,1,Pitching Mound.Drive,,Loading,pitch.0,437666,-0.8013,24.5079,104.9578,63.2518,-52.2115,17.6577,0.0662,0.0802
1779988771556,1,Pitching Mound.Parent,,Loading,pitch.0,436717,-1.3656,24.3839,105.4465,63.2557,-52.256,17.7993,0.0659,0.0813
1779988771557,1,11.0000004b,Drive,Loading,pitch.0,437667,-0.8254,24.6233,105.2546,63.3205,-52.4512,17.7332,0.0663,0.0801
1779988771557,1,12.00000015,Lower Delivery,Loading,pitch.0,437399,-0.5317,-0.1838,0.4863,-0.0608,-0.0141,-0.0078,0.0,0.0
1779988771557,1,12.00000018,Upper Delivery,Loading,pitch.0,438257,-0.0592,0.0514,0.012,-0.0884,-0.0304,-0.0012,0.0,0.0
1779988771557,1,Pitching Mound.Delivery,,Loading,pitch.0,437098,-0.5909,-0.1324,0.4983,0.012,-0.0445,0.1516,0.0,0.0
1779988771557,1,Pitching Mound.Drive,,Loading,pitch.0,437667,-0.8254,24.6233,105.2546,63.3205,-52.4512,17.7332,0.0663,0.0801
1779988771557,1,Pitching Mound.Parent,,Loading,pitch.0,436718,-1.4163,24.4909,105.7529,63.3325,-52.4957,17.8848,0.066,0.0812
1779988771558,1,11.0000004b,Drive,Loading,pitch.0,437668,-0.8417,24.753,105.5413,63.4121,-52.7292,17.8292,0.0665,0.08
1779988771558,1,12.00000015,Lower Delivery,Loading,pitch.0,437400,-0.5344,-0.2037,0.476,-0.0572,-0.0118,-0.0103,0.0,0.0
1779988771558,1,12.00000018,Upper Delivery,Loading,pitch.0,438258,-0.0488,0.0621,0.0353,-0.0884,-0.0304,-0.0012,0.0,0.0
1779988771558,1,Pitching Mound.Delivery,,Loading,pitch.0,437099,-0.5831,-0.1416,0.5113,0.0043,-0.0422,0.1536,0.0,0.0
1779988771558,1,Pitching Mound.Drive,,Loading,pitch.0,437668,-0.8417,24.753,105.5413,63.4121,-52.7292,17.8292,0.0665,0.08
1779988771558,1,Pitching Mound.Parent,,Loading,pitch.0,436719,-1.4248,24.6114,106.0525,63.4164,-52.7714,17.9828,0.0662,0.081
1779988771559,1,11.0000004b,Drive,Loading,pitch.0,437669,-0.8496,24.8963,105.8125,63.6512,-53.0708,17.9151,0.0668,0.0801
1779988771559,1,12.00000015,Lower Delivery,Loading,pitch.0,437401,-0.5294,-0.2132,0.4622,-0.0521,-0.0075,-0.0103,0.0,0.0
1779988771559,1,12.00000018,Upper Delivery,Loading,pitch.0,438259,-0.0312,0.0841,0.0843,-0.0884,-0.0304,-0.0012,0.0,0.0
1779988771559,1,Pitching Mound.Delivery,,Loading,pitch.0,437100,-0.5606,-0.1292,0.5465,-0.0119,-0.0378,0.1578,0.0,0.0
1779988771559,1,Pitching Mound.Drive,,Loading,pitch.0,437669,-0.8496,24.8963,105.8125,63.6512,-53.0708,17.9151,0.0668,0.0801
1779988771559,1,Pitching Mound.Parent,,Loading,pitch.0,436720,-1.4102,24.7671,106.359,63.6393,-53.1086,18.0729,0.0664,0.0809
1779988771560,1,11.0000004b,Drive,Loading,pitch.0,437670,-0.8643,25.0377,106.04,63.6499,-53.2357,17.9858,0.0668,0.0799
1779988771560,1,12.00000015,Lower Delivery,Loading,pitch.0,437402,-0.5225,-0.2437,0.4364,-0.0457,-0.0025,-0.0101,0.0,0.0
1779988771560,1,12.00000018,Upper Delivery,Loading,pitch.0,438260,-0.0223,0.0988,0.0872,-0.0884,-0.0304,-0.0012,0.0,0.0
1779988771560,1,Pitching Mound.Delivery,,Loading,pitch.0,437101,-0.5448,-0.1449,0.5237,-0.0154,-0.0329,0.1587,0.0,0.0
1779988771560,1,Pitching Mound.Drive,,Loading,pitch.0,437670,-0.8643,25.0377,106.04,63.6499,-53.2357,17.9858,0.0668,0.0799
1779988771560,1,Pitching Mound.Parent,,Loading,pitch.0,436721,-1.409,24.8928,106.5637,63.6346,-53.2686,18.1446,0.0665,0.0806
1779988771561,1,11.0000004b,Drive,Loading,pitch.0,437671,-0.8855,25.1545,106.2622,63.7079,-53.5835,18.0928,0.0671,0.0798
1779988771561,1,12.00000015,Lower Delivery,Loading,pitch.0,437403,-0.5144,-0.2711,0.4059,-0.0361,0.004,-0.0094,0.0,0.0
1779988771561,1,12.00000018,Upper Delivery,Loading,pitch.0,438261,-0.0139,0.1081,0.0927,-0.0884,-0.0304,-0.0012,0.0,0.0
1779988771561,1,Pitching Mound.Delivery,,Loading,pitch.0,437102,-0.5283,-0.163,0.4987,-0.018,-0.0263,0.1596,0.0,0.0
1779988771561,1,Pitching Mound.Drive,,Loading,pitch.0,437671,-0.8855,25.1545,106.2622,63.7079,-53.5835,18.0928,0.0671,0.0798
1779988771561,1,Pitching Mound.Parent,,Loading,pitch.0,436722,-1.4137,24.9915,106.7609,63.6899,-53.6099,18.2524,0.0668,0.0804
1779988771562,1,11.0000004b,Drive,Loading,pitch.0,437672,-0.9118,25.2934,106.5222,63.8208,-53.8669,18.2065,0.0673,0.0798
1779988771562,1,12.00000015,Lower Delivery,Loading,pitch.0,437404,-0.5271,-0.2564,0.4347,-0.0365,0.008,-0.0071,0.0,0.0
1779988771562,1,12.00000018,Upper Delivery,Loading,pitch.0,438262,-0.0153,0.104,0.093,-0.0884,-0.0304,-0.0012,0.0,0.0
1779988771562,1,Pitching Mound.Delivery,,Loading,pitch.0,437103,-0.5424,-0.1523,0.5277,-0.0087,-0.0224,0.1657,0.0,0.0
1779988771562,1,Pitching Mound.Drive,,Loading,pitch.0,437672,-0.9118,25.2934,106.5222,63.8208,-53.8669,18.2065,0.0673,0.0798
1779988771562,1,Pitching Mound.Parent,,Loading,pitch.0,436723,-1.4542,25.1411,107.0499,63.8121,-53.8892,18.3722,0.067,0.0805
1779988771563,1,11.0000004b,Drive,Loading,pitch.0,437673,-0.9431,25.4394,106.7574,63.7833,-54.0149,18.3308,0.0674,0.0795
1779988771563,1,12.00000015,Lower Delivery,Loading,pitch.0,437405,-0.5666,-0.2826,0.4637,-0.0379,0.0047,-0.0075,0.0,0.0
1779988771563,1,12.00000018,Upper Delivery,Loading,pitch.0,438263,-0.0296,0.0918,0.0906,-0.0884,-0.0304,-0.0012,0.0,0.0
1779988771563,1,Pitching Mound.Delivery,,Loading,pitch.0,437104,-0.5961,-0.1908,0.5543,0.0006,-0.0257,0.1739,0.0,0.0
1779988771563,1,Pitching Mound.Drive,,Loading,pitch.0,437673,-0.9431,25.4394,106.7574,63.7833,-54.0149,18.3308,0.0674,0.0795
1779988771563,1,Pitching Mound.Parent,,Loading,pitch.0,436724,-1.5393,25.2486,107.3117,63.7839,-54.0406,18.5048,0.067,0.0803
1779988771564,1,11.0000004b,Drive,Loading,pitch.0,437674,-0.9839,25.5813,107.0682,63.9411,-54.3076,18.4685,0.0675,0.0795
1779988771564,1,12.00000015,Lower Delivery,Loading,pitch.0,437406,-0.5126,-0.2621,0.4069,-0.0368,0.0016,-0.0087,0.0,0.0
1779988771564,1,12.00000018,Upper Delivery,Loading,pitch.0,438264,-0.0427,0.0794,0.1039,-0.0884,-0.0304,-0.0012,0.0,0.0
1779988771564,1,Pitching Mound.Delivery,,Loading,pitch.0,437105,-0.5553,-0.1827,0.5108,-0.0222,-0.0287,0.1499,0.0,0.0
1779988771564,1,Pitching Mound.Drive,,Loading,pitch.0,437674,-0.9839,25.5813,107.0682,63.9411,-54.3076,18.4685,0.0675,0.0795
1779988771564,1,Pitching Mound.Parent,,Loading,pitch.0,436725,-1.5392,25.3986,107.579,63.9189,-54.3363,18.6183,0.0672,0.0801
1779988771565,1,11.0000004b,Drive,Loading,pitch.0,437675,-1.0563,25.7202,107.2989,64.0777,-54.5797,18.5718,0.0677,0.0795
1779988771565,1,12.00000015,Lower Delivery,Loading,pitch.0,437407,-0.5097,-0.2782,0.4031,-0.0336,0.0067,-0.0066,0.0,0.0
1779988771565,1,12.00000018,Upper Delivery,Loading,pitch.0,438265,-0.054,0.068,0.0825,-0.0884,-0.0304,-0.0012,0.0,0.0
1779988771565,1,Pitching Mound.Delivery,,Loading,pitch.0,437106,-0.5637,-0.2103,0.4856,-0.0129,-0.0236,0.1471,0.0,0.0
1779988771565,1,Pitching Mound.Drive,,Loading,pitch.0,437675,-1.0563,25.7202,107.2989,64.0777,-54.5797,18.5718,0.0677,0.0795
1779988771565,1,Pitching Mound.Parent,,Loading,pitch.0,436726,-1.62,25.5099,107.7845,64.0647,-54.6033,18.7189,0.0674,0.0802
1779988771566,1,11.0000004b,Drive,Loading,pitch.0,437676,-1.1055,25.8745,107.61,64.1486,-54.8347,18.7003,0.0678,0.0794
1779988771566,1,12.00000015,Lower Delivery,Loading,pitch.0,437408,-0.5188,-0.2808,0.4094,-0.0345,-0.0013,-0.0061,0.0,0.0
1779988771566,1,12.00000018,Upper Delivery,Loading,pitch.0,438266,-0.0616,0.0636,0.0154,-0.0884,-0.0304,-0.0012,0.0,0.0
1779988771566,1,Pitching Mound.Delivery,,Loading,pitch.0,437107,-0.5803,-0.2172,0.4248,0.0111,-0.0317,0.1482,0.0,0.0
1779988771566,1,Pitching Mound.Drive,,Loading,pitch.0,437676,-1.1055,25.8745,107.61,64.1486,-54.8347,18.7003,0.0678,0.0794
1779988771566,1,Pitching Mound.Parent,,Loading,pitch.0,436727,-1.6859,25.6573,108.0348,64.1597,-54.8664,18.8485,0.0676,0.0803
1779988771567,1,11.0000004b,Drive,Loading,pitch.0,437677,-1.1645,26.0455,107.7978,64.3011,-55.2692,18.8223,0.0683,0.0794
1779988771567,1,12.00000015,Lower Delivery,Loading,pitch.0,437409,-0.5283,-0.2537,0.428,-0.0409,-0.0117,-0.0116,0.0,0.0
1779988771567,1,12.00000018,Upper Delivery,Loading,pitch.0,438267,-0.0614,0.0623,0.0446,-0.0884,-0.0304,-0.0012,0.0,0.0
1779988771567,1,Pitching Mound.Delivery,,Loading,pitch.0,437108,-0.5897,-0.1914,0.4726,0.0011,-0.0421,0.1459,0.0,0.0
1779988771567,1,Pitching Mound.Drive,,Loading,pitch.0,437677,-1.1645,26.0455,107.7978,64.3011,-55.2692,18.8223,0.0683,0.0794
1779988771567,1,Pitching Mound.Parent,,Loading,pitch.0,436728,-1.7543,25.8541,108.2703,64.3022,-55.3112,18.9682,0.068,0.0803
1779988771568,1,11.0000004b,Drive,Loading,pitch.0,437678,-1.2401,26.1908,108.1075,64.4988,-55.4908,18.944,0.0683,0.0794
1779988771568,1,12.00000015,Lower Delivery,Loading,pitch.0,437410,-0.5181,-0.2469,0.418,-0.0465,-0.0186,-0.0126,0.0,0.0
1779988771568,1,12.00000018,Upper Delivery,Loading,pitch.0,438268,-0.0612,0.0637,0.0449,-0.0884,-0.0304,-0.0012,0.0,0.0
1779988771568,1,Pitching Mound.Delivery,,Loading,pitch.0,437109,-0.5793,-0.1832,0.4629,-0.008,-0.0489,0.1415,0.0,0.0
1779988771568,1,Pitching Mound.Drive,,Loading,pitch.0,437678,-1.2401,26.1908,108.1075,64.4988,-55.4908,18.944,0.0683,0.0794
1779988771568,1,Pitching Mound.Parent,,Loading,pitch.0,436729,-1.8194,26.0076,108.5704,64.4908,-55.5397,19.0855,0.068,0.0803
1779988771569,1,11.0000004b,Drive,Loading,pitch.0,437679,-1.3272,26.3312,108.4249,64.5346,-55.7469,19.0789,0.0684,0.0792
1779988771569,1,12.00000015,Lower Delivery,Loading,pitch.0,437411,-0.5328,-0.2615,0.4312,-0.0476,-0.0176,-0.0125,0.0,0.0
1779988771569,1,12.00000018,Upper Delivery,Loading,pitch.0,438269,-0.062,0.0588,0.0495,-0.0884,-0.0304,-0.0012,0.0,0.0
1779988771569,1,Pitching Mound.Delivery,,Loading,pitch.0,437110,-0.5948,-0.2026,0.4807,-0.0061,-0.048,0.1464,0.0,0.0
1779988771569,1,Pitching Mound.Drive,,Loading,pitch.0,437679,-1.3272,26.3312,108.4249,64.5346,-55.7469,19.0789,0.0684,0.0792
1779988771569,1,Pitching Mound.Parent,,Loading,pitch.0,436730,-1.922,26.1286,108.9056,64.5284,-55.7949,19.2253,0.0681,0.0801
1779988771570,1,11.0000004b,Drive,Loading,pitch.0,437680,-1.4068,26.473,108.7173,64.6902,-56.0449,19.2181,0.0686,0.0792
1779988771570,1,12.00000015,Lower Delivery,Loading,pitch.0,437412,-0.5596,-0.2267,0.4556,-0.0527,-0.0213,-0.0134,0.0,0.0
1779988771570,1,12.00000018,Upper Delivery,Loading,pitch.0,438270,-0.0639,0.0561,0.0759,-0.0884,-0.0304,-0.0012,0.0,0.0
1779988771570,1,Pitching Mound.Delivery,,Loading,pitch.0,437111,-0.6235,-0.1705,0.5315,-0.012,-0.0517,0.1539,0.0,0.0
1779988771570,1,Pitching Mound.Drive,,Loading,pitch.0,437680,-1.4068,26.473,108.7173,64.6902,-56.0449,19.2181,0.0686,0.0792
1779988771570,1,Pitching Mound.Parent,,Loading,pitch.0,436731,-2.0303,26.3025,109.2488,64.6783,-56.0966,19.372,0.0683,0.08
1779988771571,1,11.0000004b,Drive,Loading,pitch.0,437681,-1.4777,26.6278,108.9238,64.7998,-56.4386,19.3804,0.069,0.0792
1779988771571,1,12.00000015,Lower Delivery,Loading,pitch.0,437413,-0.6031,-0.2398,0.5011,-0.0565,-0.0167,-0.0122,0.0,0.0
1779988771571,1,12.00000018,Upper Delivery,Loading,pitch.0,438271,-0.0643,0.0564,0.0688,-0.0884,-0.0304,-0.0012,0.0,0.0
1779988771571,1,Pitching Mound.Delivery,,Loading,pitch.0,437112,-0.6674,-0.1834,0.5699,0.0022,-0.0471,0.1698,0.0,0.0
1779988771571,1,Pitching Mound.Drive,,Loading,pitch.0,437681,-1.4777,26.6278,108.9238,64.7998,-56.4386,19.3804,0.069,0.0792
1779988771571,1,Pitching Mound.Parent,,Loading,pitch.0,436732,-2.1451,26.4444,109.4937,64.802,-56.4857,19.5503,0.0686,0.0801
1779988771572,1,11.0000004b,Drive,Loading,pitch.0,437682,-1.557,26.7676,109.2371,64.9268,-56.5829,19.5188,0.069,0.0791
1779988771572,1,12.00000015,Lower Delivery,Loading,pitch.0,437414,-0.6026,-0.2152,0.5001,-0.061,-0.0208,-0.0096,0.0,0.0
1779988771572,1,12.00000018,Upper Delivery,Loading,pitch.0,438272,-0.0632,0.0488,0.1116,-0.0884,-0.0304,-0.0012,0.0,0.0
1779988771572,1,Pitching Mound.Delivery,,Loading,pitch.0,437113,-0.6658,-0.1664,0.6117,-0.0172,-0.0512,0.1726,0.0,0.0
1779988771572,1,Pitching Mound.Drive,,Loading,pitch.0,437682,-1.557,26.7676,109.2371,64.9268,-56.5829,19.5188,0.069,0.0791
1779988771572,1,Pitching Mound.Parent,,Loading,pitch.0,436733,-2.2228,26.6012,109.8489,64.9095,-56.6341,19.6915,0.0686,0.0799
1779988771573,1,11.0000004b,Drive,Loading,pitch.0,437683,-1.669,26.8905,109.6395,65.003,-56.8893,19.6366,0.0691,0.0789
1779988771573,1,12.00000015,Lower Delivery,Loading,pitch.0,437415,-0.6483,-0.2329,0.5602,-0.0573,-0.0181,-0.0095,0.0,0.0
1779988771573,1,12.00000018,Upper Delivery,Loading,pitch.0,438273,-0.0665,0.0483,0.1058,-0.0884,-0.0304,-0.0012,0.0,0.0
1779988771573,1,Pitching Mound.Delivery,,Loading,pitch.0,437114,-0.7148,-0.1846,0.666,0.0088,-0.0484,0.1872,0.0,0.0
1779988771573,1,Pitching Mound.Drive,,Loading,pitch.0,437683,-1.669,26.8905,109.6395,65.003,-56.8893,19.6366,0.0691,0.0789
1779988771573,1,Pitching Mound.Parent,,Loading,pitch.0,436734,-2.3838,26.7059,110.3055,65.0118,-56.9377,19.8238,0.0687,0.0799
1779988771574,1,11.0000004b,Drive,Loading,pitch.0,437684,-1.7445,27.0466,109.9356,65.3073,-57.3259,19.7583,0.0694,0.0791
1779988771574,1,12.00000015,Lower Delivery,Loading,pitch.0,437416,-0.6265,-0.1802,0.5509,-0.0669,-0.0121,-0.0078,0.0,0.0
1779988771574,1,12.00000018,Upper Delivery,Loading,pitch.0,438274,-0.0635,0.0472,0.0963,-0.0884,-0.0304,-0.0012,0.0,0.0
1779988771574,1,Pitching Mound.Delivery,,Loading,pitch.0,437115,-0.6899,-0.133,0.6471,-0.0006,-0.0425,0.1824,0.0,0.0
1779988771574,1,Pitching Mound.Drive,,Loading,pitch.0,437684,-1.7445,27.0466,109.9356,65.3073,-57.3259,19.7583,0.0694,0.0791
1779988771574,1,Pitching Mound.Parent,,Loading,pitch.0,436735,-2.4344,26.9137,110.5827,65.3066,-57.3684,19.9407,0.069,0.08
1779988771575,1,11.0000004b,Drive,Loading,pitch.0,437685,-1.8087,27.1909,110.2626,65.5125,-57.7194,19.8927,0.0697,0.0791
1779988771575,1,12.00000015,Lower Delivery,Loading,pitch.0,437417,-0.6715,-0.209,0.6172,-0.0692,-0.0103,-0.0054,0.0,0.0
1779988771575,1,12.00000018,Upper Delivery,Loading,pitch.0,438275,-0.0636,0.0472,0.0964,-0.0884,-0.0304,-0.0012,0.0,0.0
1779988771575,1,Pitching Mound.Delivery,,Loading,pitch.0,437116,-0.7351,-0.1618,0.7136,0.0196,-0.0407,0.2001,0.0,0.0
1779988771575,1,Pitching Mound.Drive,,Loading,pitch.0,437685,-1.8087,27.1909,110.2626,65.5125,-57.7194,19.8927,0.0697,0.0791
1779988771575,1,Pitching Mound.Parent,,Loading,pitch.0,436736,-2.5438,27.0291,110.9762,65.5321,-57.76,20.0928,0.0692,0.0802
1779988771576,1,11.0000004b,Drive,Loading,pitch.0,437686,-1.893,27.329,110.5228,65.6507,-58.0634,20.0221,0.0699,0.0791
1779988771576,1,12.00000015,Lower Delivery,Loading,pitch.0,437418,-0.6322,-0.2066,0.5856,-0.069,-0.0135,-0.0062,0.0,0.0
1779988771576,1,12.00000018,Upper Delivery,Loading,pitch.0,438276,-0.0636,0.0496,0.0881,-0.0884,-0.0304,-0.0012,0.0,0.0
1779988771576,1,Pitching Mound.Delivery,,Loading,pitch.0,437117,-0.6959,-0.1569,0.6737,0.0118,-0.0438,0.1859,0.0,0.0
1779988771576,1,Pitching Mound.Drive,,Loading,pitch.0,437686,-1.893,27.329,110.5228,65.6507,-58.0634,20.0221,0.0699,0.0791
1779988771576,1,Pitching Mound.Parent,,Loading,pitch.0,436737,-2.5889,27.172,111.1965,65.6625,-58.1073,20.208,0.0695,0.0801
1779988771577,1,11.0000004b,Drive,Loading,pitch.0,437687,-1.9801,27.4392,110.8764,65.6623,-58.3947,20.1477,0.0701,0.0788
1779988771577,1,12.00000015,Lower Delivery,Loading,pitch.0,437419,-0.6429,-0.2194,0.6105,-0.0589,-0.0025,-0.0033,0.0,0.0
1779988771577,1,12.00000018,Upper Delivery,Loading,pitch.0,438277,-0.0661,0.0496,0.0798,-0.0884,-0.0304,-0.0012,0.0,0.0
1779988771577,1,Pitching Mound.Delivery,,Loading,pitch.0,437118,-0.709,-0.1698,0.6902,0.0332,-0.0328,0.1917,0.0,0.0
1779988771577,1,Pitching Mound.Drive,,Loading,pitch.0,437687,-1.9801,27.4392,110.8764,65.6623,-58.3947,20.1477,0.0701,0.0788
1779988771577,1,Pitching Mound.Parent,,Loading,pitch.0,436738,-2.6891,27.2694,111.5666,65.6954,-58.4276,20.3394,0.0697,0.08
1779988771578,1,11.0000004b,Drive,Loading,pitch.0,437688,-2.0665,27.5614,111.1313,65.6869,-58.5103,20.2833,0.0701,0.0787
1779988771578,1,12.00000015,Lower Delivery,Loading,pitch.0,437420,-0.636,-0.2584,0.5862,-0.042,0.0057,-0.003,0.0,0.0
1779988771578,1,12.00000018,Upper Delivery,Loading,pitch.0,438278,-0.0681,0.0496,0.0613,-0.0884,-0.0304,-0.0012,0.0,0.0
1779988771578,1,Pitching Mound.Delivery,,Loading,pitch.0,437119,-0.704,-0.2088,0.6475,0.0481,-0.0246,0.1889,0.0,0.0
1779988771578,1,Pitching Mound.Drive,,Loading,pitch.0,437688,-2.0665,27.5614,111.1313,65.6869,-58.5103,20.2833,0.0701,0.0787
1779988771578,1,Pitching Mound.Parent,,Loading,pitch.0,436739,-2.7705,27.3526,111.7787,65.7351,-58.535,20.4722,0.0697,0.0798
1779988771579,1,11.0000004b,Drive,Loading,pitch.0,437689,-2.1604,27.6801,111.3879,65.6946,-58.7472,20.4015,0.0702,0.0785
1779988771579,1,12.00000015,Lower Delivery,Loading,pitch.0,437421,-0.6699,-0.2618,0.6257,-0.0466,0.0078,-0.0034,0.0,0.0
1779988771579,1,12.00000018,Upper Delivery,Loading,pitch.0,438279,-0.0703,0.0524,0.0554,-0.0884,-0.0304,-0.0012,0.0,0.0
1779988771579,1,Pitching Mound.Delivery,,Loading,pitch.0,437120,-0.7402,-0.2094,0.6811,0.059,-0.0226,0.1992,0.0,0.0
1779988771579,1,Pitching Mound.Drive,,Loading,pitch.0,437689,-2.1604,27.6801,111.3879,65.6946,-58.7472,20.4015,0.0702,0.0785
1779988771579,1,Pitching Mound.Parent,,Loading,pitch.0,436740,-2.9006,27.4707,112.0689,65.7536,-58.7697,20.6007,0.0698,0.0798
1779988771580,1,11.0000004b,Drive,Loading,pitch.0,437690,-2.2456,27.7936,111.555,65.7695,-58.95,20.5342,0.0703,0.0785
1779988771580,1,12.00000015,Lower Delivery,Loading,pitch.0,437422,-0.7019,-0.2891,0.6459,-0.0306,0.0083,-0.0042,0.0,0.0
1779988771580,1,12.00000018,Upper Delivery,Loading,pitch.0,438280,-0.0725,0.0493,0.0551,-0.0884,-0.0304,-0.0012,0.0,0.0
1779988771580,1,Pitching Mound.Delivery,,Loading,pitch.0,437121,-0.7744,-0.2399,0.701,0.0819,-0.0221,0.2086,0.0,0.0
1779988771580,1,Pitching Mound.Drive,,Loading,pitch.0,437690,-2.2456,27.7936,111.555,65.7695,-58.95,20.5342,0.0703,0.0785
1779988771580,1,Pitching Mound.Parent,,Loading,pitch.0,436741,-3.02,27.5538,112.2561,65.8514,-58.9721,20.7429,0.0699,0.0798
1779988771581,1,11.0000004b,Drive,Loading,pitch.0,437691,-2.3374,27.9045,111.7083,65.7122,-59.0955,20.6615,0.0704,0.0783
1779988771581,1,12.00000015,Lower Delivery,Loading,pitch.0,437423,-0.6742,-0.3127,0.5975,-0.0105,0.0134,-0.0053,0.0,0.0
1779988771581,1,12.00000018,Upper Delivery,Loading,pitch.0,438281,-0.0663,0.0562,0.0496,-0.0884,-0.0304,-0.0012,0.0,0.0
1779988771581,1,Pitching Mound.Delivery,,Loading,pitch.0,437122,-0.7405,-0.2565,0.6472,0.0874,-0.017,0.2002,0.0,0.0
1779988771581,1,Pitching Mound.Drive,,Loading,pitch.0,437691,-2.3374,27.9045,111.7083,65.7122,-59.0955,20.6615,0.0704,0.0783
1779988771581,1,Pitching Mound.Parent,,Loading,pitch.0,436742,-3.0778,27.648,112.3555,65.7997,-59.1125,20.8617,0.07,0.0795
1779988771582,1,11.0000004b,Drive,Loading,pitch.0,437692,-2.4394,28.0101,112.0101,65.7379,-59.4004,20.7918,0.0706,0.0781
1779988771582,1,12.00000015,Lower Delivery,Loading,pitch.0,437424,-0.6331,-0.2998,0.5516,-0.0059,0.0088,-0.0059,0.0,0.0
1779988771582,1,12.00000018,Upper Delivery,Loading,pitch.0,438282,-0.0661,0.0521,0.0485,-0.0884,-0.0304,-0.0012,0.0,0.0
1779988771582,1,Pitching Mound.Delivery,,Loading,pitch.0,437123,-0.6991,-0.2477,0.6002,0.0768,-0.0216,0.1856,0.0,0.0
1779988771582,1,Pitching Mound.Drive,,Loading,pitch.0,437692,-2.4394,28.0101,112.0101,65.7379,-59.4004,20.7918,0.0706,0.0781
1779988771582,1,Pitching Mound.Parent,,Loading,pitch.0,436743,-3.1385,27.7624,112.6102,65.8147,-59.422,20.9774,0.0702,0.0792
1779988771583,1,11.0000004b,Drive,Loading,pitch.0,437693,-2.5265,28.1352,112.2111,65.9075,-59.7894,20.945,0.0709,0.0782
1779988771583,1,12.00000015,Lower Delivery,Loading,pitch.0,437425,-0.6324,-0.3053,0.5459,-0.0064,-0.0004,-0.0041,0.0,0.0
1779988771583,1,12.00000018,Upper Delivery,Loading,pitch.0,438283,-0.0672,0.0511,0.0312,-0.0884,-0.0304,-0.0012,0.0,0.0
1779988771583,1,Pitching Mound.Delivery,,Loading,pitch.0,437124,-0.6997,-0.2542,0.5771,0.0802,-0.0307,0.1869,0.0,0.0
1779988771583,1,Pitching Mound.Drive,,Loading,pitch.0,437693,-2.5265,28.1352,112.2111,65.9075,-59.7894,20.945,0.0709,0.0782
1779988771583,1,Pitching Mound.Parent,,Loading,pitch.0,436744,-3.2262,27.881,112.7881,65.9877,-59.8201,21.1319,0.0706,0.0793
1779988771584,1,11.0000004b,Drive,Loading,pitch.0,437694,-2.6335,28.2474,112.3232,65.9409,-59.9325,21.1181,0.071,0.0782
1779988771584,1,12.00000015,Lower Delivery,Loading,pitch.0,437426,-0.6383,-0.3021,0.549,-0.0011,0.0107,-0.0057,0.0,0.0
1779988771584,1,12.00000018,Upper Delivery,Loading,pitch.0,438284,-0.062,0.0495,0.0531,-0.0884,-0.0304,-0.0012,0.0,0.0
1779988771584,1,Pitching Mound.Delivery,,Loading,pitch.0,437125,-0.7003,-0.2526,0.6021,0.0791,-0.0197,0.189,0.0,0.0
1779988771584,1,Pitching Mound.Drive,,Loading,pitch.0,437694,-2.6335,28.2474,112.3232,65.9409,-59.9325,21.1181,0.071,0.0782
1779988771584,1,Pitching Mound.Parent,,Loading,pitch.0,436745,-3.3338,27.9949,112.9253,66.02,-59.9522,21.3071,0.0707,0.0792
1779988771585,1,11.0000004b,Drive,Loading,pitch.0,437695,-2.7541,28.3712,112.6069,66.0959,-60.2009,21.3278,0.0712,0.0781
1779988771585,1,12.00000015,Lower Delivery,Loading,pitch.0,437427,-0.6506,-0.3186,0.5576,-0.0057,0.0093,-0.0056,0.0,0.0
1779988771585,1,12.00000018,Upper Delivery,Loading,pitch.0,438285,-0.057,0.0523,0.0876,-0.0884,-0.0304,-0.0012,0.0,0.0
1779988771585,1,Pitching Mound.Delivery,,Loading,pitch.0,437126,-0.7076,-0.2663,0.6453,0.0658,-0.0211,0.1951,0.0,0.0
1779988771585,1,Pitching Mound.Drive,,Loading,pitch.0,437695,-2.7541,28.3712,112.6069,66.0959,-60.2009,21.3278,0.0712,0.0781
1779988771585,1,Pitching Mound.Parent,,Loading,pitch.0,436746,-3.4618,28.1048,113.2522,66.1617,-60.222,21.5229,0.0708,0.0791
1779988771586,1,11.0000004b,Drive,Loading,pitch.0,437696,-2.8743,28.4964,112.817,66.1073,-60.4349,21.4897,0.0713,0.078
1779988771586,1,12.00000015,Lower Delivery,Loading,pitch.0,437428,-0.5978,-0.2731,0.5016,-0.0099,0.005,-0.0046,0.0,0.0
1779988771586,1,12.00000018,Upper Delivery,Loading,pitch.0,438286,-0.0449,0.0635,0.0759,-0.0884,-0.0304,-0.0012,0.0,0.0
1779988771586,1,Pitching Mound.Delivery,,Loading,pitch.0,437127,-0.6426,-0.2096,0.5775,0.0465,-0.0254,0.1822,0.0,0.0
1779988771586,1,Pitching Mound.Drive,,Loading,pitch.0,437696,-2.8743,28.4964,112.817,66.1073,-60.4349,21.4897,0.0713,0.078
1779988771586,1,Pitching Mound.Parent,,Loading,pitch.0,436747,-3.517,28.2868,113.3945,66.1538,-60.4603,21.6718,0.071,0.0789
1779988771587,1,11.0000004b,Drive,Loading,pitch.0,437697,-2.9965,28.6334,113.0409,66.1537,-60.6061,21.6938,0.0714,0.0779
1779988771587,1,12.00000015,Lower Delivery,Loading,pitch.0,437429,-0.6509,-0.2644,0.5323,-0.0207,-0.0077,-0.0068,0.0,0.0
1779988771587,1,12.00000018,Upper Delivery,Loading,pitch.0,438287,-0.0432,0.0644,0.1002,-0.0884,-0.0304,-0.0012,0.0,0.0
1779988771587,1,Pitching Mound.Delivery,,Loading,pitch.0,437128,-0.6941,-0.2,0.6325,0.0379,-0.0381,0.1987,0.0,0.0
1779988771587,1,Pitching Mound.Drive,,Loading,pitch.0,437697,-2.9965,28.6334,113.0409,66.1537,-60.6061,21.6938,0.0714,0.0779
1779988771587,1,Pitching Mound.Parent,,Loading,pitch.0,436748,-3.6905,28.4334,113.6734,66.1916,-60.6442,21.8924,0.071,0.0788
1779988771588,1,11.0000004b,Drive,Loading,pitch.0,437698,-3.1348,28.7735,113.2293,66.2613,-60.8364,21.8585,0.0715,0.0779
1779988771588,1,12.00000015,Lower Delivery,Loading,pitch.0,437430,-0.6957,-0.2812,0.541,-0.0282,-0.015,-0.0094,0.0,0.0
1779988771588,1,12.00000018,Upper Delivery,Loading,pitch.0,438288,-0.0412,0.0659,0.1038,-0.0884,-0.0304,-0.0012,0.0,0.0
1779988771588,1,Pitching Mound.Delivery,,Loading,pitch.0,437129,-0.7369,-0.2153,0.6448,0.032,-0.0454,0.212,0.0,0.0
1779988771588,1,Pitching Mound.Drive,,Loading,pitch.0,437698,-3.1348,28.7735,113.2293,66.2613,-60.8364,21.8585,0.0715,0.0779
1779988771588,1,Pitching Mound.Parent,,Loading,pitch.0,436749,-3.8717,28.5582,113.8741,66.2933,-60.8818,22.0705,0.0711,0.0788
1779988771589,1,11.0000004b,Drive,Loading,pitch.0,437699,-3.2532,28.9018,113.4333,66.3874,-60.992,22.0511,0.0716,0.0779
1779988771589,1,12.00000015,Lower Delivery,Loading,pitch.0,437431,-0.6844,-0.2492,0.5237,-0.0501,-0.0257,-0.0107,0.0,0.0
1779988771589,1,12.00000018,Upper Delivery,Loading,pitch.0,438289,-0.0231,0.084,0.0967,-0.0884,-0.0304,-0.0012,0.0,0.0
1779988771589,1,Pitching Mound.Delivery,,Loading,pitch.0,437130,-0.7075,-0.1652,0.6204,0.0067,-0.056,0.2129,0.0,0.0
1779988771589,1,Pitching Mound.Drive,,Loading,pitch.0,437699,-3.2532,28.9018,113.4333,66.3874,-60.992,22.0511,0.0716,0.0779
1779988771589,1,Pitching Mound.Parent,,Loading,pitch.0,436750,-3.9607,28.7366,114.0537,66.3941,-61.048,22.2639,0.0712,0.0788
1779988771590,1,11.0000004b,Drive,Loading,pitch.0,437700,-3.3912,29.0219,113.6795,66.4674,-61.13,22.2041,0.0716,0.0778
1779988771590,1,12.00000015,Lower Delivery,Loading,pitch.0,437432,-0.6522,-0.2258,0.5125,-0.0605,-0.0295,-0.0124,0.0,0.0
1779988771590,1,12.00000018,Upper Delivery,Loading,pitch.0,438290,-0.022,0.0824,0.0954,-0.0884,-0.0304,-0.0012,0.0,0.0
1779988771590,1,Pitching Mound.Delivery,,Loading,pitch.0,437131,-0.6742,-0.1433,0.6079,-0.0071,-0.0599,0.2007,0.0,0.0
1779988771590,1,Pitching Mound.Drive,,Loading,pitch.0,437700,-3.3912,29.0219,113.6795,66.4674,-61.13,22.2041,0.0716,0.0778
1779988771590,1,Pitching Mound.Parent,,Loading,pitch.0,436751,-4.0655,28.8786,114.2874,66.4604,-61.1898,22.4048,0.0712,0.0787
1779988771591,1,11.0000004b,Drive,Loading,pitch.0,437701,-3.5151,29.1574,113.8832,66.5899,-61.2794,22.3883,0.0716,0.0778
1779988771591,1,12.00000015,Lower Delivery,Loading,pitch.0,437433,-0.6551,-0.2123,0.5257,-0.0696,-0.0295,-0.0116,0.0,0.0
1779988771591,1,12.00000018,Upper Delivery,Loading,pitch.0,438291,-0.0336,0.0762,0.118,-0.0884,-0.0304,-0.0012,0.0,0.0
1779988771591,1,Pitching Mound.Delivery,,Loading,pitch.0,437132,-0.6887,-0.136,0.6437,-0.0193,-0.0599,0.1985,0.0,0.0
1779988771591,1,Pitching Mound.Drive,,Loading,pitch.0,437701,-3.5151,29.1574,113.8832,66.5899,-61.2794,22.3883,0.0716,0.0778
1779988771591,1,Pitching Mound.Parent,,Loading,pitch.0,436752,-4.2038,29.0214,114.5269,66.5706,-61.3393,22.5868,0.0712,0.0786
1779988771592,1,11.0000004b,Drive,Loading,pitch.0,437702,-3.6386,29.3043,114.1344,66.7455,-61.368,22.5287,0.0716,0.0779
1779988771592,1,12.00000015,Lower Delivery,Loading,pitch.0,437434,-0.6654,-0.1934,0.5355,-0.0799,-0.0301,-0.0113,0.0,0.0
1779988771592,1,12.00000018,Upper Delivery,Loading,pitch.0,438292,-0.0148,0.0967,0.1003,-0.0884,-0.0304,-0.0012,0.0,0.0
1779988771592,1,Pitching Mound.Delivery,,Loading,pitch.0,437133,-0.6802,-0.0967,0.6358,-0.0203,-0.0605,0.2088,0.0,0.0
1779988771592,1,Pitching Mound.Drive,,Loading,pitch.0,437702,-3.6386,29.3043,114.1344,66.7455,-61.368,22.5287,0.0716,0.0779
1779988771592,1,Pitching Mound.Parent,,Loading,pitch.0,436753,-4.3188,29.2076,114.7701,66.7252,-61.4284,22.7374,0.0712,0.0787
1779988771593,1,11.0000004b,Drive,Loading,pitch.0,437703,-3.7677,29.4242,114.4229,66.8417,-61.4173,22.6826,0.0715,0.0778
1779988771593,1,12.00000015,Lower Delivery,Loading,pitch.0,437435,-0.6551,-0.2147,0.5228,-0.0776,-0.0337,-0.013,0.0,0.0
1779988771593,1,12.00000018,Upper Delivery,Loading,pitch.0,438293,-0.0356,0.0853,0.1169,-0.0884,-0.0304,-0.0012,0.0,0.0
1779988771593,1,Pitching Mound.Delivery,,Loading,pitch.0,437134,-0.6907,-0.1294,0.6397,-0.028,-0.0641,0.1964,0.0,0.0
1779988771593,1,Pitching Mound.Drive,,Loading,pitch.0,437703,-3.7677,29.4242,114.4229,66.8417,-61.4173,22.6826,0.0715,0.0778
1779988771593,1,Pitching Mound.Parent,,Loading,pitch.0,436754,-4.4584,29.2947,115.0626,66.8137,-61.4813,22.879,0.0711,0.0785
1779988771594,1,11.0000004b,Drive,Loading,pitch.0,437704,-3.8697,29.5551,114.6594,66.8546,-61.4715,22.8228,0.0714,0.0776
1779988771594,1,12.00000015,Lower Delivery,Loading,pitch.0,437436,-0.6284,-0.183,0.5098,-0.0841,-0.0287,-0.0107,0.0,0.0
1779988771594,1,12.00000018,Upper Delivery,Loading,pitch.0,438294,-0.0175,0.0947,0.1079,-0.0884,-0.0304,-0.0012,0.0,0.0
1779988771594,1,Pitching Mound.Delivery,,Loading,pitch.0,437135,-0.6459,-0.0883,0.6177,-0.0358,-0.0591,0.1958,0.0,0.0
1779988771594,1,Pitching Mound.Drive,,Loading,pitch.0,437704,-3.8697,29.5551,114.6594,66.8546,-61.4715,22.8228,0.0714,0.0776
1779988771594,1,Pitching Mound.Parent,,Loading,pitch.0,436755,-4.5155,29.4667,115.2771,66.8188,-61.5306,23.0186,0.071,0.0784
1779988771595,1,11.0000004b,Drive,Loading,pitch.0,437705,-3.9717,29.6627,114.9191,66.9534,-61.6377,22.9346,0.0714,0.0776
1779988771595,1,12.00000015,Lower Delivery,Loading,pitch.0,437437,-0.5945,-0.1757,0.4777,-0.0908,-0.0248,-0.0092,0.0,0.0
1779988771595,1,12.00000018,Upper Delivery,Loading,pitch.0,438295,-0.0172,0.1023,0.1045,-0.0884,-0.0304,-0.0012,0.0,0.0
1779988771595,1,Pitching Mound.Delivery,,Loading,pitch.0,437136,-0.6117,-0.0734,0.5822,-0.0523,-0.0552,0.1858,0.0,0.0
1779988771595,1,Pitching Mound.Drive,,Loading,pitch.0,437705,-3.9717,29.6627,114.9191,66.9534,-61.6377,22.9346,0.0714,0.0776
1779988771595,1,Pitching Mound.Parent,,Loading,pitch.0,436756,-4.5834,29.5893,115.5013,66.9011,-61.6929,23.1205,0.071,0.0783
1779988771596,1,11.0000004b,Drive,Loading,pitch.0,437706,-4.0374,29.7826,115.1727,67.0473,-61.8577,23.055,0.0715,0.0775
1779988771596,1,12.00000015,Lower Delivery,Loading,pitch.0,437438,-0.5615,-0.2142,0.4209,-0.0621,-0.0263,-0.0132,0.0,0.0
1779988771596,1,12.00000018,Upper Delivery,Loading,pitch.0,438296,-0.0085,0.1126,0.0851,-0.0884,-0.0304,-0.0012,0.0,0.0
1779988771596,1,Pitching Mound.Delivery,,Loading,pitch.0,437137,-0.57,-0.1016,0.5061,-0.0363,-0.0567,0.1736,0.0,0.0
1779988771596,1,Pitching Mound.Drive,,Loading,pitch.0,437706,-4.0374,29.7826,115.1727,67.0473,-61.8577,23.055,0.0715,0.0775
1779988771596,1,Pitching Mound.Parent,,Loading,pitch.0,436757,-4.6073,29.681,115.6787,67.011,-61.9144,23.2286,0.0712,0.0781
1779988771597,1,11.0000004b,Drive,Loading,pitch.0,437707,-4.1291,29.8979,115.4752,67.2197,-62.0458,23.2187,0.0715,0.0775
1779988771597,1,12.00000015,Lower Delivery,Loading,pitch.0,437439,-0.5585,-0.2218,0.4179,-0.0647,-0.0242,-0.0129,0.0,0.0
1779988771597,1,12.00000018,Upper Delivery,Loading,pitch.0,438297,-0.0085,0.1155,0.1046,-0.0884,-0.0304,-0.0012,0.0,0.0
1779988771597,1,Pitching Mound.Delivery,,Loading,pitch.0,437138,-0.567,-0.1063,0.5225,-0.0465,-0.0546,0.173,0.0,0.0
1779988771597,1,Pitching Mound.Drive,,Loading,pitch.0,437707,-4.1291,29.8979,115.4752,67.2197,-62.0458,23.2187,0.0715,0.0775
1779988771597,1,Pitching Mound.Parent,,Loading,pitch.0,436758,-4.6961,29.7916,115.9978,67.1732,-62.1003,23.3917,0.0712,0.0781
1779988771598,1,11.0000004b,Drive,Loading,pitch.0,437708,-4.1794,29.9955,115.7732,67.3413,-62.2313,23.3474,0.0716,0.0774
1779988771598,1,12.00000015,Lower Delivery,Loading,pitch.0,437440,-0.5154,-0.2199,0.3809,-0.0623,-0.0196,-0.0104,0.0,0.0
1779988771598,1,12.00000018,Upper Delivery,Loading,pitch.0,438298,-0.0172,0.1057,0.1164,-0.0884,-0.0304,-0.0012,0.0,0.0
1779988771598,1,Pitching Mound.Delivery,,Loading,pitch.0,437139,-0.5326,-0.1143,0.4973,-0.0607,-0.05,0.1578,0.0,0.0
1779988771598,1,Pitching Mound.Drive,,Loading,pitch.0,437708,-4.1794,29.9955,115.7732,67.3413,-62.2313,23.3474,0.0716,0.0774
1779988771598,1,Pitching Mound.Parent,,Loading,pitch.0,436759,-4.712,29.8812,116.2706,67.2806,-62.2813,23.5052,0.0713,0.0779
1779988771599,1,11.0000004b,Drive,Loading,pitch.0,437709,-4.2354,30.0976,116.0434,67.4958,-62.4209,23.4662,0.0716,0.0774
1779988771599,1,12.00000015,Lower Delivery,Loading,pitch.0,437441,-0.4666,-0.2332,0.3292,-0.0759,-0.0124,-0.0073,0.0,0.0
1779988771599,1,12.00000018,Upper Delivery,Loading,pitch.0,438299,-0.0143,0.1073,0.1334,-0.0884,-0.0304,-0.0012,0.0,0.0
1779988771599,1,Pitching Mound.Delivery,,Loading,pitch.0,437140,-0.4808,-0.1259,0.4626,-0.0977,-0.0427,0.1453,0.0,0.0
1779988771599,1,Pitching Mound.Drive,,Loading,pitch.0,437709,-4.2354,30.0976,116.0434,67.4958,-62.4209,23.4662,0.0716,0.0774
1779988771599,1,Pitching Mound.Parent,,Loading,pitch.0,436760,-4.7162,29.9717,116.5061,67.398,-62.4636,23.6114,0.0713,0.0777
1779988771600,1,11.0000004b,Drive,Loading,pitch.0,437710,-4.277,30.2149,116.2642,67.5954,-62.5641,23.5738,0.0716,0.0774
1779988771600,1,12.00000015,Lower Delivery,Loading,pitch.0,437442,-0.5025,-0.2346,0.3677,-0.078,-0.0154,-0.0072,0.0,0.0
1779988771600,1,12.00000018,Upper Delivery,Loading,pitch.0,438300,-0.0274,0.0941,0.1114,-0.0884,-0.0304,-0.0012,0.0,0.0
1779988771600,1,Pitching Mound.Delivery,,Loading,pitch.0,437141,-0.5299,-0.1405,0.4791,-0.0792,-0.0458,0.1531,0.0,0.0
1779988771600,1,Pitching Mound.Drive,,Loading,pitch.0,437710,-4.277,30.2149,116.2642,67.5954,-62.5641,23.5738,0.0716,0.0774
1779988771600,1,Pitching Mound.Parent,,Loading,pitch.0,436761,-4.807,30.0745,116.7433,67.5162,-62.6099,23.727,0.0713,0.0778
1779988771601,1,11.0000004b,Drive,Loading,pitch.0,437711,-4.317,30.3489,116.4997,67.7164,-62.616,23.6688,0.0716,0.0774
1779988771601,1,12.00000015,Lower Delivery,Loading,pitch.0,437443,-0.4585,-0.237,0.3073,-0.0729,-0.0102,-0.0059,0.0,0.0
1779988771601,1,12.00000018,Upper Delivery,Loading,pitch.0,438301,-0.0519,0.0666,0.0313,-0.0884,-0.0304,-0.0012,0.0,0.0
1779988771601,1,Pitching Mound.Delivery,,Loading,pitch.0,437142,-0.5104,-0.1704,0.3386,-0.0674,-0.0405,0.1312,0.0,0.0
1779988771601,1,Pitching Mound.Drive,,Loading,pitch.0,437711,-4.317,30.3489,116.4997,67.7164,-62.616,23.6688,0.0716,0.0774
1779988771601,1,Pitching Mound.Parent,,Loading,pitch.0,436762,-4.8274,30.1785,116.8383,67.649,-62.6565,23.7999,0.0713,0.078
1779988771602,1,11.0000004b,Drive,Loading,pitch.0,437712,-4.3645,30.4601,116.6948,67.8373,-62.7358,23.7843,0.0716,0.0774
1779988771602,1,12.00000015,Lower Delivery,Loading,pitch.0,437444,-0.4018,-0.2302,0.2546,-0.0753,-0.0049,-0.0045,0.0,0.0
1779988771602,1,12.00000018,Upper Delivery,Loading,pitch.0,438302,-0.0516,0.0626,0.0323,-0.0884,-0.0304,-0.0012,0.0,0.0
1779988771602,1,Pitching Mound.Delivery,,Loading,pitch.0,437143,-0.4534,-0.1676,0.2869,-0.0881,-0.0352,0.1133,0.0,0.0
1779988771602,1,Pitching Mound.Drive,,Loading,pitch.0,437712,-4.3645,30.4601,116.6948,67.8373,-62.7358,23.7843,0.0716,0.0774
1779988771602,1,Pitching Mound.Parent,,Loading,pitch.0,436763,-4.8179,30.2925,116.9817,67.7492,-62.771,23.8976,0.0714,0.0778
1779988771603,1,11.0000004b,Drive,Loading,pitch.0,437713,-4.3983,30.5688,116.9986,67.9663,-62.9627,23.9283,0.0716,0.0773
1779988771603,1,12.00000015,Lower Delivery,Loading,pitch.0,437445,-0.4123,-0.2099,0.2678,-0.0698,-0.0054,-0.0056,0.0,0.0
1779988771603,1,12.00000018,Upper Delivery,Loading,pitch.0,438303,-0.0556,0.0574,0.0089,-0.0884,-0.0304,-0.0012,0.0,0.0
1779988771603,1,Pitching Mound.Delivery,,Loading,pitch.0,437144,-0.4679,-0.1525,0.2766,-0.0701,-0.0358,0.1145,0.0,0.0
1779988771603,1,Pitching Mound.Drive,,Loading,pitch.0,437713,-4.3983,30.5688,116.9986,67.9663,-62.9627,23.9283,0.0716,0.0773
1779988771603,1,Pitching Mound.Parent,,Loading,pitch.0,436764,-4.8662,30.4162,117.2752,67.8962,-62.9985,24.0428,0.0715,0.0779
1779988771604,1,11.0000004b,Drive,Loading,pitch.0,437714,-4.4433,30.6972,117.1131,68.1829,-62.9863,24.0195,0.0716,0.0775
1779988771604,1,12.00000015,Lower Delivery,Loading,pitch.0,437446,-0.4307,-0.22,0.2921,-0.0623,-0.0073,-0.0055,0.0,0.0
1779988771604,1,12.00000018,Upper Delivery,Loading,pitch.0,438304,-0.0569,0.0554,0.0113,-0.0884,-0.0304,-0.0012,0.0,0.0
1779988771604,1,Pitching Mound.Delivery,,Loading,pitch.0,437145,-0.4876,-0.1646,0.3034,-0.0552,-0.0376,0.1204,0.0,0.0
1779988771604,1,Pitching Mound.Drive,,Loading,pitch.0,437714,-4.4433,30.6972,117.1131,68.1829,-62.9863,24.0195,0.0716,0.0775
1779988771604,1,Pitching Mound.Parent,,Loading,pitch.0,436765,-4.931,30.5325,117.4165,68.1277,-63.024,24.1399,0.0714,0.0781
1779988771605,1,11.0000004b,Drive,Loading,pitch.0,437715,-4.4983,30.8252,117.3522,68.2872,-63.084,24.1229,0.0716,0.0775
1779988771605,1,12.00000015,Lower Delivery,Loading,pitch.0,437447,-0.428,-0.2225,0.2996,-0.0554,0.0001,-0.0061,0.0,0.0
1779988771605,1,12.00000018,Upper Delivery,Loading,pitch.0,438305,-0.0574,0.0545,0.0004,-0.0884,-0.0304,-0.0012,0.0,0.0
1779988771605,1,Pitching Mound.Delivery,,Loading,pitch.0,437146,-0.4854,-0.1681,0.3,-0.0421,-0.0302,0.1187,0.0,0.0
1779988771605,1,Pitching Mound.Drive,,Loading,pitch.0,437715,-4.4983,30.8252,117.3522,68.2872,-63.084,24.1229,0.0716,0.0775
1779988771605,1,Pitching Mound.Parent,,Loading,pitch.0,436766,-4.9838,30.6571,117.6522,68.2452,-63.1142,24.2416,0.0714,0.0781
1779988771606,1,11.0000004b,Drive,Loading,pitch.0,437716,-4.522,30.9407,117.5266,68.545,-63.0858,24.2177,0.0715,0.0776
1779988771606,1,12.00000015,Lower Delivery,Loading,pitch.0,437448,-0.4046,-0.2262,0.2708,-0.0559,0.0045,-0.0039,0.0,0.0
1779988771606,1,12.00000018,Upper Delivery,Loading,pitch.0,438306,-0.0628,0.0521,0.0009,-0.0884,-0.0304,-0.0012,0.0,0.0
1779988771606,1,Pitching Mound.Delivery,,Loading,pitch.0,437147,-0.4674,-0.1741,0.2717,-0.0525,-0.0258,0.1111,0.0,0.0
1779988771606,1,Pitching Mound.Drive,,Loading,pitch.0,437716,-4.522,30.9407,117.5266,68.545,-63.0858,24.2177,0.0715,0.0776
1779988771606,1,Pitching Mound.Parent,,Loading,pitch.0,436767,-4.9894,30.7665,117.7983,68.4925,-63.1116,24.3288,0.0713,0.0782
1779988771607,1,11.0000004b,Drive,Loading,pitch.0,437717,-4.5718,31.0714,117.798,68.7173,-63.2374,24.3272,0.0715,0.0777
1779988771607,1,12.00000015,Lower Delivery,Loading,pitch.0,437449,-0.4402,-0.2324,0.319,-0.0563,0.0092,-0.0027,0.0,0.0
1779988771607,1,12.00000018,Upper Delivery,Loading,pitch.0,438307,-0.0663,0.0481,0.0055,-0.0884,-0.0304,-0.0012,0.0,0.0
1779988771607,1,Pitching Mound.Delivery,,Loading,pitch.0,437148,-0.5065,-0.1843,0.3246,-0.0381,-0.0212,0.1232,0.0,0.0
1779988771607,1,Pitching Mound.Drive,,Loading,pitch.0,437717,-4.5718,31.0714,117.798,68.7173,-63.2374,24.3272,0.0715,0.0777
1779988771607,1,Pitching Mound.Parent,,Loading,pitch.0,436768,-5.0783,30.8871,118.1225,68.6792,-63.2586,24.4503,0.0713,0.0783
1779988771608,1,11.0000004b,Drive,Loading,pitch.0,437718,-4.6048,31.2073,117.9598,69.0132,-63.2445,24.3979,0.0714,0.0779
1779988771608,1,12.00000015,Lower Delivery,Loading,pitch.0,437450,-0.4902,-0.2334,0.3902,-0.0581,0.0135,-0.0005,0.0,0.0
1779988771608,1,12.00000018,Upper Delivery,Loading,pitch.0,438308,-0.0654,0.0467,0.0076,-0.0884,-0.0304,-0.0012,0.0,0.0
1779988771608,1,Pitching Mound.Delivery,,Loading,pitch.0,437149,-0.5556,-0.1867,0.3978,-0.0164,-0.0169,0.1427,0.0,0.0
1779988771608,1,Pitching Mound.Drive,,Loading,pitch.0,437718,-4.6048,31.2073,117.9598,69.0132,-63.2445,24.3979,0.0714,0.0779
1779988771608,1,Pitching Mound.Parent,,Loading,pitch.0,436769,-5.1604,31.0206,118.3576,68.9968,-63.2614,24.5405,0.0711,0.0787
1779988771609,1,11.0000004b,Drive,Loading,pitch.0,437719,-4.6469,31.3302,118.2602,69.1953,-63.3286,24.4874,0.0713,0.0779
1779988771609,1,12.00000015,Lower Delivery,Loading,pitch.0,437451,-0.5448,-0.2533,0.425,-0.0488,0.0116,-0.0007,0.0,0.0
1779988771609,1,12.00000018,Upper Delivery,Loading,pitch.0,438309,-0.0641,0.0543,0.0104,-0.0884,-0.0304,-0.0012,0.0,0.0
1779988771609,1,Pitching Mound.Delivery,,Loading,pitch.0,437150,-0.609,-0.199,0.4354,0.0038,-0.0187,0.1616,0.0,0.0
1779988771609,1,Pitching Mound.Drive,,Loading,pitch.0,437719,-4.6469,31.3302,118.2602,69.1953,-63.3286,24.4874,0.0713,0.0779
1779988771609,1,Pitching Mound.Parent,,Loading,pitch.0,436770,-5.2559,31.1313,118.6957,69.1991,-63.3474,24.6489,0.071,0.0788
1779988771610,1,11.0000004b,Drive,Loading,pitch.0,437720,-4.6953,31.4365,118.501,69.4254,-63.2321,24.5675,0.071,0.078
1779988771610,1,12.00000015,Lower Delivery,Loading,pitch.0,437452,-0.5274,-0.2395,0.4232,-0.0391,0.0119,-0.001,0.0,0.0
1779988771610,1,12.00000018,Upper Delivery,Loading,pitch.0,438310,-0.0634,0.0599,0.0132,-0.0884,-0.0304,-0.0012,0.0,0.0
1779988771610,1,Pitching Mound.Delivery,,Loading,pitch.0,437151,-0.5908,-0.1795,0.4364,0.012,-0.0185,0.1556,0.0,0.0
1779988771610,1,Pitching Mound.Drive,,Loading,pitch.0,437720,-4.6953,31.4365,118.501,69.4254,-63.2321,24.5675,0.071,0.078
1779988771610,1,Pitching Mound.Parent,,Loading,pitch.0,436771,-5.2861,31.2569,118.9374,69.4374,-63.2506,24.7231,0.0708,0.0789
1779988771611,1,11.0000004b,Drive,Loading,pitch.0,437721,-4.7254,31.5407,118.8652,69.6418,-63.3527,24.673,0.071,0.078
1779988771611,1,12.00000015,Lower Delivery,Loading,pitch.0,437453,-0.4989,-0.2053,0.4016,-0.0519,0.0208,-0.0002,0.0,0.0
1779988771611,1,12.00000018,Upper Delivery,Loading,pitch.0,438311,-0.0638,0.0625,0.0202,-0.0884,-0.0304,-0.0012,0.0,0.0
1779988771611,1,Pitching Mound.Delivery,,Loading,pitch.0,437152,-0.5627,-0.1428,0.4218,-0.0106,-0.0096,0.1466,0.0,0.0
1779988771611,1,Pitching Mound.Drive,,Loading,pitch.0,437721,-4.7254,31.5407,118.8652,69.6418,-63.3527,24.673,0.071,0.078
1779988771611,1,Pitching Mound.Parent,,Loading,pitch.0,436772,-5.2881,31.3979,119.287,69.6312,-63.3622,24.8196,0.0707,0.0788
1779988771612,1,11.0000004b,Drive,Loading,pitch.0,437722,-4.768,31.633,119.165,69.835,-63.3694,24.7561,0.0708,0.078
1779988771612,1,12.00000015,Lower Delivery,Loading,pitch.0,437454,-0.5294,-0.2282,0.4321,-0.0488,0.0214,-0.0024,0.0,0.0
1779988771612,1,12.00000018,Upper Delivery,Loading,pitch.0,438312,-0.0622,0.0648,0.0408,-0.0884,-0.0304,-0.0012,0.0,0.0
1779988771612,1,Pitching Mound.Delivery,,Loading,pitch.0,437153,-0.5916,-0.1634,0.4729,-0.0041,-0.009,0.1553,0.0,0.0
1779988771612,1,Pitching Mound.Drive,,Loading,pitch.0,437722,-4.768,31.633,119.165,69.835,-63.3694,24.7561,0.0708,0.078
1779988771612,1,Pitching Mound.Parent,,Loading,pitch.0,436773,-5.3596,31.4696,119.6379,69.8309,-63.3784,24.9114,0.0705,0.0788
1779988771613,1,11.0000004b,Drive,Loading,pitch.0,437723,-4.8143,31.7323,119.5023,70.1151,-63.3521,24.7863,0.0706,0.0781
1779988771613,1,12.00000015,Lower Delivery,Loading,pitch.0,437455,-0.5684,-0.2269,0.4478,-0.0474,0.013,-0.0028,0.0,0.0
1779988771613,1,12.00000018,Upper Delivery,Loading,pitch.0,438313,-0.0562,0.0698,0.0716,-0.0884,-0.0304,-0.0012,0.0,0.0
1779988771613,1,Pitching Mound.Delivery,,Loading,pitch.0,437154,-0.6246,-0.1571,0.5194,-0.0079,-0.0174,0.1701,0.0,0.0
1779988771613,1,Pitching Mound.Drive,,Loading,pitch.0,437723,-4.8143,31.7323,119.5023,70.1151,-63.3521,24.7863,0.0706,0.0781
1779988771613,1,Pitching Mound.Parent,,Loading,pitch.0,436774,-5.4389,31.5753,120.0217,70.1072,-63.3695,24.9564,0.0703,0.0788
1779988771614,1,11.0000004b,Drive,Loading,pitch.0,437724,-4.8448,31.8381,119.8109,70.4102,-63.3755,24.8585,0.0704,0.0782
1779988771614,1,12.00000015,Lower Delivery,Loading,pitch.0,437456,-0.6165,-0.2315,0.5189,-0.0491,0.0068,-0.0039,0.0,0.0
1779988771614,1,12.00000018,Upper Delivery,Loading,pitch.0,438314,-0.0477,0.0768,0.0809,-0.0884,-0.0304,-0.0012,0.0,0.0
1779988771614,1,Pitching Mound.Delivery,,Loading,pitch.0,437155,-0.6642,-0.1547,0.5998,0.0115,-0.0236,0.1884,0.0,0.0
1779988771614,1,Pitching Mound.Drive,,Loading,pitch.0,437724,-4.8448,31.8381,119.8109,70.4102,-63.3755,24.8585,0.0704,0.0782
1779988771614,1,Pitching Mound.Parent,,Loading,pitch.0,436775,-5.5091,31.6834,120.4107,70.4217,-63.3991,25.0468,0.0701,0.0791
1779988771615,1,11.0000004b,Drive,Loading,pitch.0,437725,-4.8775,31.9396,120.2238,70.691,-63.4795,24.9321,0.0703,0.0783
1779988771615,1,12.00000015,Lower Delivery,Loading,pitch.0,437457,-0.5801,-0.1912,0.5074,-0.0572,0.0077,-0.0026,0.0,0.0
1779988771615,1,12.00000018,Upper Delivery,Loading,pitch.0,438315,-0.0432,0.0827,0.0996,-0.0884,-0.0304,-0.0012,0.0,0.0
1779988771615,1,Pitching Mound.Delivery,,Loading,pitch.0,437156,-0.6233,-0.1085,0.607,-0.0069,-0.0226,0.1788,0.0,0.0
1779988771615,1,Pitching Mound.Drive,,Loading,pitch.0,437725,-4.8775,31.9396,120.2238,70.691,-63.4795,24.9321,0.0703,0.0783
1779988771615,1,Pitching Mound.Parent,,Loading,pitch.0,436776,-5.5008,31.8312,120.8308,70.6841,-63.5021,25.1109,0.0699,0.079
1779988771616,1,11.0000004b,Drive,Loading,pitch.0,437726,-4.9245,32.0324,120.5337,70.9956,-63.4039,24.9747,0.07,0.0784
1779988771616,1,12.00000015,Lower Delivery,Loading,pitch.0,437458,-0.624,-0.205,0.558,-0.0486,0.0006,-0.0045,0.0,0.0
1779988771616,1,12.00000018,Upper Delivery,Loading,pitch.0,438316,-0.0472,0.0784,0.0852,-0.0884,-0.0304,-0.0012,0.0,0.0
1779988771616,1,Pitching Mound.Delivery,,Loading,pitch.0,437157,-0.6712,-0.1266,0.6431,0.0238,-0.0298,0.1904,0.0,0.0
1779988771616,1,Pitching Mound.Drive,,Loading,pitch.0,437726,-4.9245,32.0324,120.5337,70.9956,-63.4039,24.9747,0.07,0.0784
1779988771616,1,Pitching Mound.Parent,,Loading,pitch.0,436777,-5.5958,31.9058,121.1768,71.0193,-63.4337,25.1651,0.0697,0.0793
1779988771617,1,11.0000004b,Drive,Loading,pitch.0,437727,-4.9564,32.1279,120.8928,71.2224,-63.4144,25.0114,0.0698,0.0784
1779988771617,1,12.00000015,Lower Delivery,Loading,pitch.0,437459,-0.649,-0.2197,0.562,-0.0497,-0.0088,-0.0077,0.0,0.0
1779988771617,1,12.00000018,Upper Delivery,Loading,pitch.0,438317,-0.0371,0.0821,0.0871,-0.0884,-0.0304,-0.0012,0.0,0.0
1779988771617,1,Pitching Mound.Delivery,,Loading,pitch.0,437158,-0.6861,-0.1376,0.6491,0.0234,-0.0392,0.1992,0.0,0.0
1779988771617,1,Pitching Mound.Drive,,Loading,pitch.0,437727,-4.9564,32.1279,120.8928,71.2224,-63.4144,25.0114,0.0698,0.0784
1779988771617,1,Pitching Mound.Parent,,Loading,pitch.0,436778,-5.6425,31.9903,121.5419,71.2458,-63.4536,25.2106,0.0695,0.0793
1779988771618,1,11.0000004b,Drive,Loading,pitch.0,437728,-4.9635,32.2204,121.0932,71.3855,-63.3362,25.0308,0.0696,0.0785
1779988771618,1,12.00000015,Lower Delivery,Loading,pitch.0,437460,-0.6651,-0.2309,0.5817,-0.0443,-0.012,-0.0096,0.0,0.0
1779988771618,1,12.00000018,Upper Delivery,Loading,pitch.0,438318,-0.0461,0.0746,0.0923,-0.0884,-0.0304,-0.0012,0.0,0.0
1779988771618,1,Pitching Mound.Delivery,,Loading,pitch.0,437159,-0.7112,-0.1563,0.674,0.0338,-0.0423,0.1996,0.0,0.0
1779988771618,1,Pitching Mound.Drive,,Loading,pitch.0,437728,-4.9635,32.2204,121.0932,71.3855,-63.3362,25.0308,0.0696,0.0785
1779988771618,1,Pitching Mound.Parent,,Loading,pitch.0,436779,-5.6747,32.0641,121.7672,71.4193,-63.3785,25.2304,0.0692,0.0794
1779988771619,1,11.0000004b,Drive,Loading,pitch.0,437729,-4.9589,32.3058,121.4094,71.6265,-63.3552,25.0386,0.0695,0.0785
1779988771619,1,12.00000015,Lower Delivery,Loading,pitch.0,437461,-0.6587,-0.2344,0.5595,-0.0416,-0.0149,-0.0092,0.0,0.0
1779988771619,1,12.00000018,Upper Delivery,Loading,pitch.0,438319,-0.0609,0.0586,0.0668,-0.0884,-0.0304,-0.0012,0.0,0.0
1779988771619,1,Pitching Mound.Delivery,,Loading,pitch.0,437160,-0.7196,-0.1758,0.6263,0.0375,-0.0453,0.1929,0.0,0.0
1779988771619,1,Pitching Mound.Drive,,Loading,pitch.0,437729,-4.9589,32.3058,121.4094,71.6265,-63.3552,25.0386,0.0695,0.0785
1779988771619,1,Pitching Mound.Parent,,Loading,pitch.0,436780,-5.6785,32.13,122.0356,71.664,-63.4005,25.2315,0.0691,0.0795
1779988771620,1,11.0000004b,Drive,Loading,pitch.0,437730,-4.9614,32.3856,121.7595,71.9133,-63.3077,25.0768,0.0692,0.0786
1779988771620,1,12.00000015,Lower Delivery,Loading,pitch.0,437462,-0.6697,-0.2581,0.5621,-0.0316,-0.0097,-0.0066,0.0,0.0
1779988771620,1,12.00000018,Upper Delivery,Loading,pitch.0,438320,-0.0467,0.0739,0.1149,-0.0884,-0.0304,-0.0012,0.0,0.0
1779988771620,1,Pitching Mound.Delivery,,Loading,pitch.0,437161,-0.7164,-0.1842,0.677,0.0321,-0.0401,0.204,0.0,0.0
1779988771620,1,Pitching Mound.Drive,,Loading,pitch.0,437730,-4.9614,32.3856,121.7595,71.9133,-63.3077,25.0768,0.0692,0.0786
1779988771620,1,Pitching Mound.Parent,,Loading,pitch.0,436781,-5.6779,32.2014,122.4364,71.9454,-63.3478,25.2809,0.0688,0.0794
1779988771621,1,11.0000004b,Drive,Loading,pitch.0,437731,-4.9488,32.493,122.0828,72.1722,-63.2991,25.1308,0.069,0.0787
1779988771621,1,12.00000015,Lower Delivery,Loading,pitch.0,437463,-0.643,-0.2768,0.5191,-0.0294,-0.0002,-0.0043,0.0,0.0
1779988771621,1,12.00000018,Upper Delivery,Loading,pitch.0,438321,-0.0461,0.0733,0.102,-0.0884,-0.0304,-0.0012,0.0,0.0
1779988771621,1,Pitching Mound.Delivery,,Loading,pitch.0,437162,-0.689,-0.2035,0.6211,0.024,-0.0306,0.1974,0.0,0.0
1779988771621,1,Pitching Mound.Drive,,Loading,pitch.0,437731,-4.9488,32.493,122.0828,72.1722,-63.2991,25.1308,0.069,0.0787
1779988771621,1,Pitching Mound.Parent,,Loading,pitch.0,436782,-5.6378,32.2896,122.7039,72.1962,-63.3297,25.3282,0.0687,0.0795
1779988771622,1,11.0000004b,Drive,Loading,pitch.0,437733,-4.9166,32.6386,122.6873,72.6799,-63.3592,25.1387,0.0688,0.0789
1779988771622,1,11.0000004b,Drive,Loading,pitch.0,437732,-4.9302,32.5687,122.3671,72.4251,-63.2772,25.135,0.0688,0.0788
1779988771622,1,12.00000015,Lower Delivery,Loading,pitch.0,437464,-0.681,-0.3246,0.4966,-0.0272,-0.0018,-0.003,0.0,0.0
1779988771622,1,12.00000018,Upper Delivery,Loading,pitch.0,438322,-0.0572,0.0605,0.0663,-0.0884,-0.0304,-0.0012,0.0,0.0
1779988771622,1,Pitching Mound.Delivery,,Loading,pitch.0,437163,-0.7382,-0.2641,0.5629,0.0307,-0.0322,0.2079,0.0,0.0
1779988771622,1,Pitching Mound.Drive,,Loading,pitch.0,437733,-4.9166,32.6386,122.6873,72.6799,-63.3592,25.1387,0.0688,0.0789
1779988771622,1,Pitching Mound.Drive,,Loading,pitch.0,437732,-4.9302,32.5687,122.3671,72.4251,-63.2772,25.135,0.0688,0.0788
1779988771622,1,Pitching Mound.Parent,,Loading,pitch.0,436783,-5.6684,32.3046,122.93,72.4558,-63.3094,25.3428,0.0685,0.0796
1779988771623,1,12.00000015,Lower Delivery,Loading,pitch.0,437465,-0.7241,-0.3392,0.5082,-0.0458,-0.0129,-0.0036,0.0,0.0
1779988771623,1,12.00000018,Upper Delivery,Loading,pitch.0,438323,-0.0535,0.0636,0.0567,-0.0884,-0.0304,-0.0012,0.0,0.0
1779988771623,1,Pitching Mound.Delivery,,Loading,pitch.0,437164,-0.7776,-0.2756,0.5649,0.0193,-0.0432,0.2232,0.0,0.0
1779988771623,1,Pitching Mound.Parent,,Loading,pitch.0,436784,-5.6942,32.363,123.2522,72.6992,-63.4024,25.3619,0.0684,0.0797
1779988771624,1,11.0000004b,Drive,Loading,pitch.0,437734,-4.8917,32.7155,122.9222,72.8433,-63.2901,25.1449,0.0685,0.0789
1779988771624,1,12.00000015,Lower Delivery,Loading,pitch.0,437466,-0.6825,-0.3547,0.4873,-0.0435,-0.0089,-0.0039,0.0,0.0
1779988771624,1,12.00000018,Upper Delivery,Loading,pitch.0,438324,-0.051,0.0631,0.1044,-0.0884,-0.0304,-0.0012,0.0,0.0
1779988771624,1,Pitching Mound.Delivery,,Loading,pitch.0,437165,-0.7334,-0.2915,0.5917,-0.0017,-0.0393,0.2096,0.0,0.0
1779988771624,1,Pitching Mound.Drive,,Loading,pitch.0,437734,-4.8917,32.7155,122.9222,72.8433,-63.2901,25.1449,0.0685,0.0789
1779988771624,1,Pitching Mound.Parent,,Loading,pitch.0,436785,-5.6251,32.4239,123.5139,72.8416,-63.3294,25.3545,0.0682,0.0796
1779988771625,1,11.0000004b,Drive,Loading,pitch.0,437735,-4.8558,32.7747,123.1784,73.0362,-63.3984,25.1593,0.0685,0.0789
1779988771625,1,12.00000015,Lower Delivery,Loading,pitch.0,437467,-0.6617,-0.3511,0.4759,-0.0429,-0.0085,-0.0052,0.0,0.0
1779988771625,1,12.00000018,Upper Delivery,Loading,pitch.0,438325,-0.0506,0.0635,0.0791,-0.0884,-0.0304,-0.0012,0.0,0.0
1779988771625,1,Pitching Mound.Delivery,,Loading,pitch.0,437166,-0.7123,-0.2876,0.555,0.0037,-0.0388,0.2013,0.0,0.0
1779988771625,1,Pitching Mound.Drive,,Loading,pitch.0,437735,-4.8558,32.7747,123.1784,73.0362,-63.3984,25.1593,0.0685,0.0789
1779988771625,1,Pitching Mound.Parent,,Loading,pitch.0,436786,-5.5682,32.4871,123.7334,73.0399,-63.4372,25.3607,0.0682,0.0797
1779988771626,1,11.0000004b,Drive,Loading,pitch.0,437736,-4.8127,32.857,123.3859,73.1483,-63.4117,25.1484,0.0684,0.0789
1779988771626,1,12.00000015,Lower Delivery,Loading,pitch.0,437468,-0.6442,-0.3382,0.4512,-0.0446,-0.0097,-0.0054,0.0,0.0
1779988771626,1,12.00000018,Upper Delivery,Loading,pitch.0,438326,-0.0372,0.0762,0.0791,-0.0884,-0.0304,-0.0012,0.0,0.0
1779988771626,1,Pitching Mound.Delivery,,Loading,pitch.0,437167,-0.6815,-0.262,0.5302,-0.0064,-0.04,0.1997,0.0,0.0
1779988771626,1,Pitching Mound.Drive,,Loading,pitch.0,437736,-4.8127,32.857,123.3859,73.1483,-63.4117,25.1484,0.0684,0.0789
1779988771626,1,Pitching Mound.Parent,,Loading,pitch.0,436787,-5.4942,32.595,123.9162,73.1418,-63.4517,25.3481,0.0681,0.0796
1779988771627,1,11.0000004b,Drive,Loading,pitch.0,437737,-4.7948,32.9216,123.6127,73.2791,-63.4166,25.1729,0.0683,0.0789
1779988771627,1,11.0000004b,Drive,Loading,pitch.0,437738,-4.79,33.0051,123.8254,73.3679,-63.456,25.1677,0.0682,0.0789
1779988771627,1,12.00000015,Lower Delivery,Loading,pitch.0,437469,-0.628,-0.3289,0.4428,-0.0538,-0.0121,-0.007,0.0,0.0
1779988771627,1,12.00000018,Upper Delivery,Loading,pitch.0,438327,-0.0487,0.065,0.0835,-0.0884,-0.0304,-0.0012,0.0,0.0
1779988771627,1,Pitching Mound.Delivery,,Loading,pitch.0,437168,-0.6767,-0.264,0.5263,-0.02,-0.0425,0.1888,0.0,0.0
1779988771627,1,Pitching Mound.Drive,,Loading,pitch.0,437737,-4.7948,32.9216,123.6127,73.2791,-63.4166,25.1729,0.0683,0.0789
1779988771627,1,Pitching Mound.Drive,,Loading,pitch.0,437738,-4.79,33.0051,123.8254,73.3679,-63.456,25.1677,0.0682,0.0789
1779988771627,1,Pitching Mound.Parent,,Loading,pitch.0,436788,-5.4715,32.6577,124.1391,73.259,-63.4591,25.3617,0.068,0.0796
1779988771628,1,11.0000004b,Drive,Loading,pitch.0,437739,-4.7866,33.0816,124.0744,73.5602,-63.5389,25.1716,0.0682,0.0789
1779988771628,1,12.00000015,Lower Delivery,Loading,pitch.0,437470,-0.5914,-0.3051,0.4135,-0.0492,-0.0121,-0.0091,0.0,0.0
1779988771628,1,12.00000018,Upper Delivery,Loading,pitch.0,438328,-0.0387,0.0723,0.0746,-0.0884,-0.0304,-0.0012,0.0,0.0
1779988771628,1,Pitching Mound.Delivery,,Loading,pitch.0,437169,-0.6301,-0.2328,0.4881,-0.0224,-0.0424,0.1777,0.0,0.0
1779988771628,1,Pitching Mound.Drive,,Loading,pitch.0,437739,-4.7866,33.0816,124.0744,73.5602,-63.5389,25.1716,0.0682,0.0789
1779988771628,1,Pitching Mound.Parent,,Loading,pitch.0,436789,-5.4201,32.7723,124.3135,73.3456,-63.4984,25.3453,0.068,0.0795
1779988771629,1,11.0000004b,Drive,Loading,pitch.0,437740,-4.779,33.155,124.3458,73.7017,-63.6755,25.1968,0.0682,0.0789
1779988771629,1,12.00000015,Lower Delivery,Loading,pitch.0,437471,-0.5745,-0.3014,0.4121,-0.035,-0.0076,-0.0101,0.0,0.0
1779988771629,1,12.00000018,Upper Delivery,Loading,pitch.0,438329,-0.05,0.0639,0.0862,-0.0884,-0.0304,-0.0012,0.0,0.0
1779988771629,1,Pitching Mound.Delivery,,Loading,pitch.0,437170,-0.6245,-0.2375,0.4983,-0.0126,-0.0379,0.1671,0.0,0.0
1779988771629,1,Pitching Mound.Drive,,Loading,pitch.0,437740,-4.779,33.155,124.3458,73.7017,-63.6755,25.1968,0.0682,0.0789
1779988771629,1,Pitching Mound.Parent,,Loading,pitch.0,436790,-5.4111,32.8441,124.5727,73.5475,-63.5768,25.3387,0.0679,0.0795
1779988771630,1,11.0000004b,Drive,Loading,pitch.0,437741,-4.7816,33.2346,124.5354,73.8308,-63.8119,25.1777,0.0682,0.0789
1779988771630,1,12.00000015,Lower Delivery,Loading,pitch.0,437472,-0.5816,-0.2757,0.4567,-0.0342,-0.0051,-0.0104,0.0,0.0
1779988771630,1,12.00000018,Upper Delivery,Loading,pitch.0,438330,-0.06,0.061,0.0767,-0.0884,-0.0304,-0.0012,0.0,0.0
1779988771630,1,Pitching Mound.Delivery,,Loading,pitch.0,437171,-0.6416,-0.2147,0.5333,0.0066,-0.0354,0.1657,0.0,0.0
1779988771630,1,Pitching Mound.Drive,,Loading,pitch.0,437741,-4.7816,33.2346,124.5354,73.8308,-63.8119,25.1777,0.0682,0.0789
1779988771630,1,Pitching Mound.Parent,,Loading,pitch.0,436791,-5.4206,32.9402,124.8792,73.7083,-63.7109,25.3625,0.0679,0.0796
1779988771631,1,11.0000004b,Drive,Loading,pitch.0,437742,-4.8131,33.3104,124.6946,73.9933,-63.7083,25.1957,0.068,0.079
1779988771631,1,12.00000015,Lower Delivery,Loading,pitch.0,437473,-0.5585,-0.2373,0.4553,-0.0474,-0.014,-0.0115,0.0,0.0
1779988771631,1,12.00000018,Upper Delivery,Loading,pitch.0,438331,-0.0677,0.055,0.0743,-0.0884,-0.0304,-0.0012,0.0,0.0
1779988771631,1,Pitching Mound.Delivery,,Loading,pitch.0,437172,-0.6262,-0.1823,0.5296,-0.0062,-0.0444,0.1542,0.0,0.0
1779988771631,1,Pitching Mound.Drive,,Loading,pitch.0,437742,-4.8131,33.3104,124.6946,73.9933,-63.7083,25.1957,0.068,0.079
1779988771631,1,Pitching Mound.Parent,,Loading,pitch.0,436792,-5.4079,33.0523,125.065,73.8246,-63.8563,25.3318,0.0679,0.0796
1779988771632,1,11.0000004b,Drive,Loading,pitch.0,437743,-4.847,33.3675,124.8873,74.1011,-63.6937,25.2001,0.0679,0.079
1779988771632,1,12.00000015,Lower Delivery,Loading,pitch.0,437474,-0.5396,-0.232,0.4384,-0.0565,-0.0232,-0.0129,0.0,0.0
1779988771632,1,12.00000018,Upper Delivery,Loading,pitch.0,438332,-0.0624,0.0584,0.0934,-0.0884,-0.0304,-0.0012,0.0,0.0
1779988771632,1,Pitching Mound.Delivery,,Loading,pitch.0,437173,-0.602,-0.1735,0.5318,-0.0276,-0.0536,0.1481,0.0,0.0
1779988771632,1,Pitching Mound.Drive,,Loading,pitch.0,437743,-4.847,33.3675,124.8873,74.1011,-63.6937,25.2001,0.0679,0.079
1779988771632,1,Pitching Mound.Parent,,Loading,pitch.0,436793,-5.4151,33.1369,125.2264,73.9657,-63.7619,25.3439,0.0677,0.0796
1779988771633,1,11.0000004b,Drive,Loading,pitch.0,437744,-4.8988,33.4571,125.0924,74.3022,-63.6972,25.2142,0.0678,0.0791
1779988771633,1,12.00000015,Lower Delivery,Loading,pitch.0,437475,-0.5587,-0.2523,0.4426,-0.0367,-0.01,-0.0112,0.0,0.0
1779988771633,1,12.00000018,Upper Delivery,Loading,pitch.0,438333,-0.0607,0.0675,0.0876,-0.0884,-0.0304,-0.0012,0.0,0.0
1779988771633,1,Pitching Mound.Delivery,,Loading,pitch.0,437174,-0.6194,-0.1848,0.5302,-0.0044,-0.0404,0.1569,0.0,0.0
1779988771633,1,Pitching Mound.Drive,,Loading,pitch.0,437744,-4.8988,33.4571,125.0924,74.3022,-63.6972,25.2142,0.0678,0.0791
1779988771633,1,Pitching Mound.Parent,,Loading,pitch.0,436794,-5.4664,33.1827,125.4175,74.0967,-63.7341,25.357,0.0676,0.0796
1779988771634,1,11.0000004b,Drive,Loading,pitch.0,437745,-4.9471,33.5196,125.3315,74.4571,-63.5774,25.2393,0.0675,0.0791
1779988771634,1,12.00000015,Lower Delivery,Loading,pitch.0,437476,-0.5861,-0.2594,0.4908,-0.0227,0.0001,-0.0094,0.0,0.0
1779988771634,1,12.00000018,Upper Delivery,Loading,pitch.0,438334,-0.0559,0.0926,0.1665,-0.0884,-0.0304,-0.0012,0.0,0.0
1779988771634,1,Pitching Mound.Delivery,,Loading,pitch.0,437175,-0.6419,-0.1669,0.6573,-0.0008,-0.0303,0.1696,0.0,0.0
1779988771634,1,Pitching Mound.Drive,,Loading,pitch.0,437745,-4.9471,33.5196,125.3315,74.4571,-63.5774,25.2393,0.0675,0.0791
1779988771634,1,Pitching Mound.Parent,,Loading,pitch.0,436795,-5.5408,33.2903,125.7497,74.3015,-63.7275,25.3839,0.0674,0.0795
1779988771635,1,11.0000004b,Drive,Loading,pitch.0,437746,-5.0047,33.6013,125.5356,74.5619,-63.4678,25.2613,0.0673,0.0791
1779988771635,1,12.00000015,Lower Delivery,Loading,pitch.0,437477,-0.5679,-0.2678,0.4628,-0.0302,0.0013,-0.0086,0.0,0.0
1779988771635,1,12.00000018,Upper Delivery,Loading,pitch.0,438335,-0.0677,0.0607,0.0895,-0.0884,-0.0304,-0.0012,0.0,0.0
1779988771635,1,Pitching Mound.Delivery,,Loading,pitch.0,437176,-0.6356,-0.2071,0.5523,0.0083,-0.029,0.1603,0.0,0.0
1779988771635,1,Pitching Mound.Drive,,Loading,pitch.0,437746,-5.0047,33.6013,125.5356,74.5619,-63.4678,25.2613,0.0673,0.0791
1779988771635,1,Pitching Mound.Parent,,Loading,pitch.0,436796,-5.5826,33.3125,125.8837,74.4654,-63.6064,25.3996,0.0672,0.0797
1779988771636,1,11.0000004b,Drive,Loading,pitch.0,437747,-5.0807,33.6717,125.7807,74.7868,-63.4318,25.3125,0.0671,0.0792
1779988771636,1,12.00000015,Lower Delivery,Loading,pitch.0,437478,-0.5803,-0.2594,0.4822,-0.0261,0.0023,-0.0089,0.0,0.0
1779988771636,1,12.00000018,Upper Delivery,Loading,pitch.0,438336,-0.0459,0.0829,0.1476,-0.0884,-0.0304,-0.0012,0.0,0.0
1779988771636,1,Pitching Mound.Delivery,,Loading,pitch.0,437177,-0.6262,-0.1764,0.6299,-0.0007,-0.0281,0.1716,0.0,0.0
1779988771636,1,Pitching Mound.Drive,,Loading,pitch.0,437747,-5.0807,33.6717,125.7807,74.7868,-63.4318,25.3125,0.0671,0.0792
1779988771636,1,Pitching Mound.Parent,,Loading,pitch.0,436797,-5.6309,33.4249,126.1655,74.5612,-63.4959,25.4329,0.067,0.0796
1779988771637,1,11.0000004b,Drive,Loading,pitch.0,437748,-5.1472,33.7441,125.9918,74.9247,-63.4736,25.3393,0.0671,0.0792
1779988771637,1,12.00000015,Lower Delivery,Loading,pitch.0,437479,-0.5678,-0.2636,0.4728,-0.0293,0.0017,-0.0083,0.0,0.0
1779988771637,1,12.00000018,Upper Delivery,Loading,pitch.0,438337,-0.0236,0.1036,0.1553,-0.0884,-0.0304,-0.0012,0.0,0.0
1779988771637,1,Pitching Mound.Delivery,,Loading,pitch.0,437178,-0.5914,-0.16,0.6281,-0.0097,-0.0287,0.1755,0.0,0.0
1779988771637,1,Pitching Mound.Drive,,Loading,pitch.0,437748,-5.1472,33.7441,125.9918,74.9247,-63.4736,25.3393,0.0671,0.0792
1779988771637,1,Pitching Mound.Parent,,Loading,pitch.0,436798,-5.6722,33.5117,126.4088,74.777,-63.4605,25.488,0.0668,0.0796
1779988771638,1,12.00000015,Lower Delivery,Loading,pitch.0,437480,-0.5469,-0.2508,0.4677,-0.0252,0.0012,-0.0071,0.0,0.0
1779988771638,1,12.00000018,Upper Delivery,Loading,pitch.0,438338,-0.026,0.1042,0.1663,-0.0884,-0.0304,-0.0012,0.0,0.0
1779988771638,1,Pitching Mound.Delivery,,Loading,pitch.0,437179,-0.5729,-0.1466,0.634,-0.0111,-0.0291,0.1689,0.0,0.0
1779988771638,1,Pitching Mound.Parent,,Loading,pitch.0,436799,-5.7201,33.5974,126.6258,74.9136,-63.5028,25.5082,0.0667,0.0796
1779988771639,1,11.0000004b,Drive,Loading,pitch.0,437750,-5.2796,33.8792,126.4573,75.0403,-63.2746,25.4325,0.0666,0.079
1779988771639,1,11.0000004b,Drive,Loading,pitch.0,437749,-5.218,33.8156,126.203,74.9849,-63.3022,25.3896,0.0668,0.0791
1779988771639,1,12.00000015,Lower Delivery,Loading,pitch.0,437481,-0.5884,-0.2618,0.5064,-0.0276,0.001,-0.0079,0.0,0.0
1779988771639,1,12.00000018,Upper Delivery,Loading,pitch.0,438339,-0.0376,0.0998,0.171,-0.0884,-0.0304,-0.0012,0.0,0.0
1779988771639,1,Pitching Mound.Delivery,,Loading,pitch.0,437180,-0.6261,-0.162,0.6774,-0.002,-0.0293,0.1782,0.0,0.0
1779988771639,1,Pitching Mound.Drive,,Loading,pitch.0,437750,-5.2796,33.8792,126.4573,75.0403,-63.2746,25.4325,0.0666,0.079
1779988771639,1,Pitching Mound.Drive,,Loading,pitch.0,437749,-5.218,33.8156,126.203,74.9849,-63.3022,25.3896,0.0668,0.0791
1779988771639,1,Pitching Mound.Parent,,Loading,pitch.0,436800,-5.8441,33.6536,126.8804,74.983,-63.3315,25.5678,0.0664,0.0796
1779988771640,1,11.0000004b,Drive,Loading,pitch.0,437751,-5.3593,33.9849,126.6079,75.1983,-63.2328,25.4551,0.0665,0.0791
1779988771640,1,12.00000015,Lower Delivery,Loading,pitch.0,437482,-0.5921,-0.2523,0.5054,-0.0496,-0.0124,-0.009,0.0,0.0
1779988771640,1,12.00000018,Upper Delivery,Loading,pitch.0,438340,-0.0248,0.1087,0.1502,-0.0884,-0.0304,-0.0012,0.0,0.0
1779988771640,1,Pitching Mound.Delivery,,Loading,pitch.0,437181,-0.6169,-0.1436,0.6556,-0.0172,-0.0428,0.1827,0.0,0.0
1779988771640,1,Pitching Mound.Drive,,Loading,pitch.0,437751,-5.3593,33.9849,126.6079,75.1983,-63.2328,25.4551,0.0665,0.0791
1779988771640,1,Pitching Mound.Parent,,Loading,pitch.0,436801,-5.8965,33.7357,127.1129,75.0232,-63.3174,25.6152,0.0663,0.0795
1779988771641,1,11.0000004b,Drive,Loading,pitch.0,437752,-5.414,34.0833,126.8558,75.237,-63.1432,25.5113,0.0663,0.079
1779988771641,1,12.00000015,Lower Delivery,Loading,pitch.0,437483,-0.5906,-0.2272,0.5216,-0.0462,-0.0102,-0.0084,0.0,0.0
1779988771641,1,12.00000018,Upper Delivery,Loading,pitch.0,438341,-0.0084,0.1223,0.1148,-0.0884,-0.0304,-0.0012,0.0,0.0
1779988771641,1,Pitching Mound.Delivery,,Loading,pitch.0,437182,-0.599,-0.1049,0.6364,0.0038,-0.0406,0.1883,0.0,0.0
1779988771641,1,Pitching Mound.Drive,,Loading,pitch.0,437752,-5.414,34.0833,126.8558,75.237,-63.1432,25.5113,0.0663,0.079
1779988771641,1,Pitching Mound.Parent,,Loading,pitch.0,436802,-5.9582,33.8801,127.2443,75.2021,-63.2734,25.6434,0.0662,0.0798
1779988771642,1,11.0000004b,Drive,Loading,pitch.0,437753,-5.4666,34.2045,126.9773,75.3312,-63.144,25.5497,0.0662,0.079
1779988771642,1,12.00000015,Lower Delivery,Loading,pitch.0,437484,-0.5926,-0.2513,0.5155,-0.0485,-0.0123,-0.007,0.0,0.0
1779988771642,1,12.00000018,Upper Delivery,Loading,pitch.0,438342,-0.0171,0.1198,0.1218,-0.0884,-0.0304,-0.0012,0.0,0.0
1779988771642,1,Pitching Mound.Delivery,,Loading,pitch.0,437183,-0.6098,-0.1315,0.6372,-0.003,-0.0427,0.1875,0.0,0.0
1779988771642,1,Pitching Mound.Drive,,Loading,pitch.0,437753,-5.4666,34.2045,126.9773,75.3312,-63.144,25.5497,0.0662,0.079
1779988771642,1,Pitching Mound.Parent,,Loading,pitch.0,436803,-6.0238,33.9518,127.493,75.234,-63.1859,25.6988,0.0659,0.0796
1779988771643,1,11.0000004b,Drive,Loading,pitch.0,437754,-5.5033,34.3268,127.1306,75.3553,-63.2908,25.5639,0.0663,0.0789
1779988771643,1,12.00000015,Lower Delivery,Loading,pitch.0,437485,-0.5933,-0.2409,0.514,-0.0563,-0.0207,-0.0096,0.0,0.0
1779988771643,1,12.00000018,Upper Delivery,Loading,pitch.0,438343,-0.0277,0.1105,0.1124,-0.0884,-0.0304,-0.0012,0.0,0.0
1779988771643,1,Pitching Mound.Delivery,,Loading,pitch.0,437184,-0.621,-0.1304,0.6264,-0.0081,-0.051,0.1815,0.0,0.0
1779988771643,1,Pitching Mound.Drive,,Loading,pitch.0,437754,-5.5033,34.3268,127.1306,75.3553,-63.2908,25.5639,0.0663,0.0789
1779988771643,1,Pitching Mound.Parent,,Loading,pitch.0,436804,-6.0877,34.0741,127.6037,75.3231,-63.195,25.7312,0.0659,0.0797
1779988771644,1,11.0000004b,Drive,Loading,pitch.0,437755,-5.544,34.4445,127.2754,75.3297,-63.1489,25.6202,0.0661,0.0788
1779988771644,1,12.00000015,Lower Delivery,Loading,pitch.0,437486,-0.617,-0.2404,0.5432,-0.0678,-0.0156,-0.0089,0.0,0.0
1779988771644,1,12.00000018,Upper Delivery,Loading,pitch.0,438344,-0.0229,0.1099,0.1089,-0.0884,-0.0304,-0.0012,0.0,0.0
1779988771644,1,Pitching Mound.Delivery,,Loading,pitch.0,437185,-0.6399,-0.1305,0.652,-0.0085,-0.046,0.1919,0.0,0.0
1779988771644,1,Pitching Mound.Drive,,Loading,pitch.0,437755,-5.544,34.4445,127.2754,75.3297,-63.1489,25.6202,0.0661,0.0788
1779988771644,1,Pitching Mound.Parent,,Loading,pitch.0,436805,-6.1432,34.1963,127.7826,75.3468,-63.3368,25.7558,0.0659,0.0797
1779988771645,1,11.0000004b,Drive,Loading,pitch.0,437756,-5.5978,34.611,127.38,75.4029,-63.1497,25.668,0.066,0.0788
1779988771645,1,12.00000015,Lower Delivery,Loading,pitch.0,437487,-0.614,-0.2301,0.5276,-0.0726,-0.0228,-0.009,0.0,0.0
1779988771645,1,12.00000018,Upper Delivery,Loading,pitch.0,438345,-0.0468,0.0906,0.0514,-0.0884,-0.0304,-0.0012,0.0,0.0
1779988771645,1,Pitching Mound.Delivery,,Loading,pitch.0,437186,-0.6608,-0.1395,0.579,0.0009,-0.0532,0.1827,0.0,0.0
1779988771645,1,Pitching Mound.Drive,,Loading,pitch.0,437756,-5.5978,34.611,127.38,75.4029,-63.1497,25.668,0.066,0.0788
1779988771645,1,Pitching Mound.Parent,,Loading,pitch.0,436806,-6.2048,34.305,127.8544,75.3307,-63.2021,25.8028,0.0658,0.0797
1779988771646,1,11.0000004b,Drive,Loading,pitch.0,437757,-5.6301,34.7721,127.4894,75.4608,-63.2641,25.6929,0.0661,0.0788
1779988771646,1,12.00000015,Lower Delivery,Loading,pitch.0,437488,-0.6104,-0.209,0.5281,-0.0696,-0.0167,-0.0086,0.0,0.0
1779988771646,1,12.00000018,Upper Delivery,Loading,pitch.0,438346,-0.0597,0.0804,0.0032,-0.0884,-0.0304,-0.0012,0.0,0.0
1779988771646,1,Pitching Mound.Delivery,,Loading,pitch.0,437187,-0.6701,-0.1286,0.5313,0.0206,-0.0471,0.1774,0.0,0.0
1779988771646,1,Pitching Mound.Drive,,Loading,pitch.0,437757,-5.6301,34.7721,127.4894,75.4608,-63.2641,25.6929,0.0661,0.0788
1779988771646,1,Pitching Mound.Parent,,Loading,pitch.0,436807,-6.268,34.4825,127.9113,75.4234,-63.1967,25.8454,0.0657,0.0799
1779988771647,1,11.0000004b,Drive,Loading,pitch.0,437758,-5.6681,34.9461,127.6784,75.6032,-63.2041,25.7594,0.0659,0.0788
1779988771647,1,12.00000015,Lower Delivery,Loading,pitch.0,437489,-0.637,-0.2158,0.5518,-0.0791,-0.0228,-0.0054,0.0,0.0
1779988771647,1,12.00000018,Upper Delivery,Loading,pitch.0,438347,-0.0571,0.0834,0.0009,-0.0884,-0.0304,-0.0012,0.0,0.0
1779988771647,1,Pitching Mound.Delivery,,Loading,pitch.0,437188,-0.6941,-0.1324,0.5526,0.0199,-0.0532,0.1906,0.0,0.0
1779988771647,1,Pitching Mound.Drive,,Loading,pitch.0,437758,-5.6681,34.9461,127.6784,75.6032,-63.2041,25.7594,0.0659,0.0788
1779988771647,1,Pitching Mound.Parent,,Loading,pitch.0,436808,-6.3242,34.6397,128.0421,75.4806,-63.3172,25.8835,0.0658,0.0799
1779988771648,1,11.0000004b,Drive,Loading,pitch.0,437759,-5.6974,35.1381,127.7433,75.6178,-63.108,25.8008,0.0658,0.0788
1779988771648,1,12.00000015,Lower Delivery,Loading,pitch.0,437490,-0.6349,-0.2148,0.5473,-0.0804,-0.0297,-0.0045,0.0,0.0
1779988771648,1,12.00000018,Upper Delivery,Loading,pitch.0,438348,-0.0589,0.0695,-0.0076,-0.0884,-0.0304,-0.0012,0.0,0.0
1779988771648,1,Pitching Mound.Delivery,,Loading,pitch.0,437189,-0.6938,-0.1453,0.5398,0.02,-0.0601,0.1901,0.0,0.0
1779988771648,1,Pitching Mound.Drive,,Loading,pitch.0,437759,-5.6974,35.1381,127.7433,75.6178,-63.108,25.8008,0.0658,0.0788
1779988771648,1,Pitching Mound.Parent,,Loading,pitch.0,436809,-6.3619,34.8008,128.2181,75.6231,-63.2642,25.9495,0.0656,0.08
1779988771649,1,12.00000015,Lower Delivery,Loading,pitch.0,437491,-0.6363,-0.2339,0.5315,-0.0676,-0.0191,-0.0037,0.0,0.0
1779988771649,1,12.00000018,Upper Delivery,Loading,pitch.0,438349,-0.0589,0.061,-0.0113,-0.0884,-0.0304,-0.0012,0.0,0.0
1779988771649,1,Pitching Mound.Delivery,,Loading,pitch.0,437190,-0.6953,-0.1728,0.5202,0.0286,-0.0495,0.1914,0.0,0.0
1779988771649,1,Pitching Mound.Parent,,Loading,pitch.0,436810,-6.3927,34.9652,128.2635,75.6464,-63.1575,25.9922,0.0655,0.0799
1779988771650,1,11.0000004b,Drive,Loading,pitch.0,437760,-5.7249,35.3357,127.9784,75.8194,-63.1925,25.8902,0.0657,0.0789
1779988771650,1,11.0000004b,Drive,Loading,pitch.0,437761,-5.7495,35.5373,128.2289,75.9796,-63.0847,25.9712,0.0655,0.0789
1779988771650,1,12.00000015,Lower Delivery,Loading,pitch.0,437492,-0.6417,-0.266,0.499,-0.0679,-0.0156,-0.0042,0.0,0.0
1779988771650,1,12.00000018,Upper Delivery,Loading,pitch.0,438350,-0.0594,0.0601,-0.0091,-0.0884,-0.0304,-0.0012,0.0,0.0
1779988771650,1,Pitching Mound.Delivery,,Loading,pitch.0,437191,-0.7011,-0.2059,0.4898,0.0165,-0.046,0.1926,0.0,0.0
1779988771650,1,Pitching Mound.Drive,,Loading,pitch.0,437760,-5.7249,35.3357,127.9784,75.8194,-63.1925,25.8902,0.0657,0.0789
1779988771650,1,Pitching Mound.Drive,,Loading,pitch.0,437761,-5.7495,35.5373,128.2289,75.9796,-63.0847,25.9712,0.0655,0.0789
1779988771650,1,Pitching Mound.Parent,,Loading,pitch.0,436811,-6.4259,35.1298,128.4683,75.836,-63.2384,26.0827,0.0655,0.0799
1779988771651,1,12.00000015,Lower Delivery,Loading,pitch.0,437493,-0.645,-0.2799,0.5141,-0.0457,-0.0033,-0.0029,0.0,0.0
1779988771651,1,12.00000018,Upper Delivery,Loading,pitch.0,438351,-0.0609,0.0594,-0.0048,-0.0884,-0.0304,-0.0012,0.0,0.0
1779988771651,1,Pitching Mound.Delivery,,Loading,pitch.0,437192,-0.7059,-0.2205,0.5093,0.0423,-0.0336,0.1945,0.0,0.0
1779988771651,1,Pitching Mound.Parent,,Loading,pitch.0,436812,-6.4554,35.3169,128.7382,76.0219,-63.1183,26.1658,0.0652,0.0799
1779988771652,1,11.0000004b,Drive,Loading,pitch.0,437762,-5.7935,35.7015,128.4321,76.1091,-63.1716,26.0643,0.0655,0.0789
1779988771652,1,11.0000004b,Drive,Loading,pitch.0,437763,-5.8266,35.8898,128.675,76.3922,-63.2306,26.1223,0.0654,0.079
1779988771652,1,12.00000015,Lower Delivery,Loading,pitch.0,437494,-0.6539,-0.2681,0.5451,-0.0454,-0.0064,-0.0047,0.0,0.0
1779988771652,1,12.00000015,Lower Delivery,Loading,pitch.0,437495,-0.6032,-0.2282,0.5158,-0.0411,0.0037,-0.0039,0.0,0.0
1779988771652,1,12.00000018,Upper Delivery,Loading,pitch.0,438352,-0.0567,0.0683,0.0417,-0.0884,-0.0304,-0.0012,0.0,0.0
1779988771652,1,Pitching Mound.Delivery,,Loading,pitch.0,437193,-0.7106,-0.1998,0.5868,0.0374,-0.0368,0.1972,0.0,0.0
1779988771652,1,Pitching Mound.Drive,,Loading,pitch.0,437762,-5.7935,35.7015,128.4321,76.1091,-63.1716,26.0643,0.0655,0.0789
1779988771652,1,Pitching Mound.Drive,,Loading,pitch.0,437763,-5.8266,35.8898,128.675,76.3922,-63.2306,26.1223,0.0654,0.079
1779988771652,1,Pitching Mound.Parent,,Loading,pitch.0,436813,-6.5041,35.5017,129.0189,76.1465,-63.2084,26.2615,0.0652,0.0799
1779988771653,1,11.0000004b,Drive,Loading,pitch.0,437764,-5.8784,36.0546,128.904,76.5158,-63.18,26.2487,0.0653,0.079
1779988771653,1,12.00000015,Lower Delivery,Loading,pitch.0,437496,-0.6274,-0.2284,0.5334,-0.0317,0.0136,-0.0019,0.0,0.0
1779988771653,1,12.00000018,Upper Delivery,Loading,pitch.0,438353,-0.0557,0.0672,0.0372,-0.0884,-0.0304,-0.0012,0.0,0.0
1779988771653,1,Pitching Mound.Delivery,,Loading,pitch.0,437194,-0.6589,-0.161,0.553,0.0333,-0.0267,0.1811,0.0,0.0
1779988771653,1,Pitching Mound.Drive,,Loading,pitch.0,437764,-5.8784,36.0546,128.904,76.5158,-63.18,26.2487,0.0653,0.079
1779988771653,1,Pitching Mound.Parent,,Loading,pitch.0,436814,-6.4855,35.7289,129.228,76.4255,-63.2572,26.3033,0.0651,0.08
1779988771654,1,11.0000004b,Drive,Loading,pitch.0,437765,-5.9361,36.2193,129.2789,76.7744,-63.1675,26.3569,0.065,0.0791
1779988771654,1,12.00000018,Upper Delivery,Loading,pitch.0,438354,-0.0563,0.0685,0.0366,-0.0884,-0.0304,-0.0012,0.0,0.0
1779988771654,1,Pitching Mound.Delivery,,Loading,pitch.0,437195,-0.6837,-0.1599,0.5701,0.0488,-0.0167,0.1911,0.0,0.0
1779988771654,1,Pitching Mound.Drive,,Loading,pitch.0,437765,-5.9361,36.2193,129.2789,76.7744,-63.1675,26.3569,0.065,0.0791
1779988771654,1,Pitching Mound.Parent,,Loading,pitch.0,436815,-6.5622,35.8947,129.4741,76.5646,-63.1967,26.4399,0.065,0.08
1779988771655,1,11.0000004b,Drive,Loading,pitch.0,437766,-5.9792,36.3577,129.5332,76.9443,-63.1344,26.453,0.0649,0.0791
1779988771655,1,12.00000015,Lower Delivery,Loading,pitch.0,437498,-0.6382,-0.207,0.5711,-0.0523,0.0092,-0.0006,0.0,0.0
1779988771655,1,12.00000015,Lower Delivery,Loading,pitch.0,437497,-0.6237,-0.1991,0.5595,-0.0427,0.0051,-0.0022,0.0,0.0
1779988771655,1,12.00000018,Upper Delivery,Loading,pitch.0,438355,-0.0408,0.0875,0.0786,-0.0884,-0.0304,-0.0012,0.0,0.0
1779988771655,1,Pitching Mound.Delivery,,Loading,pitch.0,437196,-0.6646,-0.1116,0.6381,0.0325,-0.0253,0.1948,0.0,0.0
1779988771655,1,Pitching Mound.Drive,,Loading,pitch.0,437766,-5.9792,36.3577,129.5332,76.9443,-63.1344,26.453,0.0649,0.0791
1779988771655,1,Pitching Mound.Parent,,Loading,pitch.0,436816,-6.6006,36.1076,129.917,76.8069,-63.1927,26.5517,0.0647,0.0799
1779988771656,1,11.0000004b,Drive,Loading,pitch.0,437767,-6.0495,36.4744,129.8576,77.1167,-63.0864,26.555,0.0647,0.0791
1779988771656,1,12.00000018,Upper Delivery,Loading,pitch.0,438356,-0.0162,0.1149,0.0982,-0.0884,-0.0304,-0.0012,0.0,0.0
1779988771656,1,Pitching Mound.Delivery,,Loading,pitch.0,437197,-0.6544,-0.0921,0.6692,0.0202,-0.0212,0.2097,0.0,0.0
1779988771656,1,Pitching Mound.Drive,,Loading,pitch.0,437767,-6.0495,36.4744,129.8576,77.1167,-63.0864,26.555,0.0647,0.0791
1779988771656,1,Pitching Mound.Parent,,Loading,pitch.0,436817,-6.6336,36.2656,130.2024,76.9645,-63.1557,26.6626,0.0646,0.0799
1779988771657,1,11.0000004b,Drive,Loading,pitch.0,437768,-6.1081,36.5946,130.1513,77.2642,-62.9893,26.6749,0.0644,0.079
1779988771657,1,12.00000015,Lower Delivery,Loading,pitch.0,437499,-0.6285,-0.1833,0.5658,-0.0619,0.0066,0.0002,0.0,0.0
1779988771657,1,12.00000018,Upper Delivery,Loading,pitch.0,438357,-0.0363,0.0926,0.1001,-0.0884,-0.0304,-0.0012,0.0,0.0
1779988771657,1,Pitching Mound.Delivery,,Loading,pitch.0,437198,-0.6648,-0.0907,0.666,0.008,-0.0238,0.2004,0.0,0.0
1779988771657,1,Pitching Mound.Drive,,Loading,pitch.0,437768,-6.1081,36.5946,130.1513,77.2642,-62.9893,26.6749,0.0644,0.079
1779988771657,1,Pitching Mound.Parent,,Loading,pitch.0,436818,-6.7143,36.3837,130.5235,77.1248,-63.1102,26.7554,0.0643,0.0799
1779988771658,1,11.0000004b,Drive,Loading,pitch.0,437769,-6.1802,36.7036,130.4402,77.4447,-63.0361,26.7669,0.0643,0.079
1779988771658,1,12.00000015,Lower Delivery,Loading,pitch.0,437500,-0.6071,-0.1851,0.541,-0.0493,0.0049,-0.0018,0.0,0.0
1779988771658,1,12.00000018,Upper Delivery,Loading,pitch.0,438358,-0.0433,0.0843,0.0642,-0.0884,-0.0304,-0.0012,0.0,0.0
1779988771658,1,Pitching Mound.Delivery,,Loading,pitch.0,437199,-0.6504,-0.1008,0.6052,0.0244,-0.0255,0.1886,0.0,0.0
1779988771658,1,Pitching Mound.Drive,,Loading,pitch.0,437769,-6.1802,36.7036,130.4402,77.4447,-63.0361,26.7669,0.0643,0.079
1779988771658,1,Pitching Mound.Parent,,Loading,pitch.0,436819,-6.7584,36.4938,130.7565,77.2887,-63.0148,26.8635,0.0641,0.0799
1779988771659,1,11.0000004b,Drive,Loading,pitch.0,437770,-6.2478,36.8099,130.787,77.6741,-62.9181,26.9068,0.064,0.0791
1779988771659,1,12.00000015,Lower Delivery,Loading,pitch.0,437501,-0.5949,-0.1884,0.5314,-0.051,-0.002,-0.0036,0.0,0.0
1779988771659,1,12.00000015,Lower Delivery,Loading,pitch.0,437502,-0.5915,-0.1887,0.5314,-0.0483,-0.0043,-0.0041,0.0,0.0
1779988771659,1,12.00000018,Upper Delivery,Loading,pitch.0,438359,-0.0413,0.0882,0.0729,-0.0884,-0.0304,-0.0012,0.0,0.0
1779988771659,1,Pitching Mound.Delivery,,Loading,pitch.0,437200,-0.6361,-0.1002,0.6044,0.0165,-0.0324,0.1834,0.0,0.0
1779988771659,1,Pitching Mound.Drive,,Loading,pitch.0,437770,-6.2478,36.8099,130.787,77.6741,-62.9181,26.9068,0.064,0.0791
1779988771659,1,Pitching Mound.Parent,,Loading,pitch.0,436820,-6.8164,36.6034,131.0446,77.4612,-63.0684,26.9503,0.064,0.0799
1779988771660,1,11.0000004b,Drive,Loading,pitch.0,437771,-6.2818,36.9126,131.0204,77.8467,-62.9056,27.0148,0.0639,0.0791
1779988771660,1,12.00000015,Lower Delivery,Loading,pitch.0,437503,-0.56,-0.199,0.4937,-0.0473,-0.0161,-0.0046,0.0,0.0
1779988771660,1,12.00000018,Upper Delivery,Loading,pitch.0,438360,-0.0412,0.0868,0.0831,-0.0884,-0.0304,-0.0012,0.0,0.0
1779988771660,1,Pitching Mound.Delivery,,Loading,pitch.0,437201,-0.6327,-0.1019,0.6144,0.0158,-0.0347,0.1819,0.0,0.0
1779988771660,1,Pitching Mound.Drive,,Loading,pitch.0,437771,-6.2818,36.9126,131.0204,77.8467,-62.9056,27.0148,0.0639,0.0791
1779988771660,1,Pitching Mound.Parent,,Loading,pitch.0,436821,-6.8805,36.708,131.4014,77.6898,-62.9528,27.0887,0.0637,0.0799
1779988771661,1,11.0000004b,Drive,Loading,pitch.0,437772,-6.3382,37.0026,131.3126,78.0625,-62.9128,27.0822,0.0638,0.0791
1779988771661,1,12.00000015,Lower Delivery,Loading,pitch.0,437504,-0.5784,-0.2323,0.4909,-0.0622,-0.0246,-0.0053,0.0,0.0
1779988771661,1,12.00000018,Upper Delivery,Loading,pitch.0,438361,-0.0475,0.0796,0.0678,-0.0884,-0.0304,-0.0012,0.0,0.0
1779988771661,1,Pitching Mound.Delivery,,Loading,pitch.0,437202,-0.6075,-0.1194,0.5615,0.0092,-0.0464,0.1685,0.0,0.0
1779988771661,1,Pitching Mound.Drive,,Loading,pitch.0,437772,-6.3382,37.0026,131.3126,78.0625,-62.9128,27.0822,0.0638,0.0791
1779988771661,1,Pitching Mound.Parent,,Loading,pitch.0,436822,-6.8893,36.7932,131.5819,77.8559,-62.952,27.1833,0.0636,0.0799
1779988771662,1,11.0000004b,Drive,Loading,pitch.0,437773,-6.3788,37.102,131.6478,78.256,-62.8303,27.2037,0.0635,0.0791
1779988771662,1,12.00000015,Lower Delivery,Loading,pitch.0,437505,-0.6024,-0.2644,0.5056,-0.0519,-0.0167,-0.0032,0.0,0.0
1779988771662,1,12.00000018,Upper Delivery,Loading,pitch.0,438362,-0.052,0.0765,0.0326,-0.0884,-0.0304,-0.0012,0.0,0.0
1779988771662,1,Pitching Mound.Delivery,,Loading,pitch.0,437203,-0.6305,-0.1558,0.5235,0.0053,-0.055,0.1725,0.0,0.0
1779988771662,1,Pitching Mound.Drive,,Loading,pitch.0,437773,-6.3788,37.102,131.6478,78.256,-62.8303,27.2037,0.0635,0.0791
1779988771662,1,Pitching Mound.Parent,,Loading,pitch.0,436823,-6.9687,36.8468,131.8361,78.0678,-62.9677,27.2547,0.0635,0.08
1779988771663,1,11.0000004b,Drive,Loading,pitch.0,437774,-6.395,37.2027,131.9192,78.4839,-62.8281,27.3156,0.0634,0.0792
1779988771663,1,12.00000018,Upper Delivery,Loading,pitch.0,438363,-0.0593,0.0689,0.0048,-0.0884,-0.0304,-0.0012,0.0,0.0
1779988771663,1,Pitching Mound.Delivery,,Loading,pitch.0,437204,-0.6617,-0.1955,0.5104,0.0299,-0.047,0.1802,0.0,0.0
1779988771663,1,Pitching Mound.Drive,,Loading,pitch.0,437774,-6.395,37.2027,131.9192,78.4839,-62.8281,27.3156,0.0634,0.0792
1779988771663,1,Pitching Mound.Parent,,Loading,pitch.0,436824,-7.0406,36.9066,132.1582,78.286,-62.8773,27.3839,0.0633,0.0801
1779988771664,1,11.0000004b,Drive,Loading,pitch.0,437775,-6.4027,37.3026,132.2547,78.701,-62.7978,27.4321,0.0632,0.0792
1779988771664,1,12.00000015,Lower Delivery,Loading,pitch.0,437507,-0.5993,-0.2563,0.4947,-0.0594,-0.0145,-0.0043,0.0,0.0
1779988771664,1,12.00000015,Lower Delivery,Loading,pitch.0,437506,-0.6363,-0.282,0.5113,-0.0524,-0.0194,-0.0035,0.0,0.0
1779988771664,1,12.00000018,Upper Delivery,Loading,pitch.0,438364,-0.06,0.0673,0.0172,-0.0884,-0.0304,-0.0012,0.0,0.0
1779988771664,1,Pitching Mound.Delivery,,Loading,pitch.0,437205,-0.6963,-0.2147,0.5284,0.0272,-0.0498,0.1912,0.0,0.0
1779988771664,1,Pitching Mound.Drive,,Loading,pitch.0,437775,-6.4027,37.3026,132.2547,78.701,-62.7978,27.4321,0.0632,0.0792
1779988771664,1,Pitching Mound.Parent,,Loading,pitch.0,436825,-7.0913,36.9881,132.4477,78.5111,-62.8779,27.5068,0.0632,0.0802
1779988771665,1,11.0000004b,Drive,Loading,pitch.0,437776,-6.4226,37.4003,132.5047,78.8346,-62.8158,27.5796,0.0631,0.0792
1779988771665,1,12.00000015,Lower Delivery,Loading,pitch.0,437508,-0.6038,-0.2621,0.5217,-0.0556,-0.0091,-0.0025,0.0,0.0
1779988771665,1,12.00000018,Upper Delivery,Loading,pitch.0,438365,-0.0606,0.0692,-0.0031,-0.0884,-0.0304,-0.0012,0.0,0.0
1779988771665,1,Pitching Mound.Delivery,,Loading,pitch.0,437206,-0.6599,-0.1871,0.4917,0.0214,-0.0449,0.1777,0.0,0.0
1779988771665,1,Pitching Mound.Drive,,Loading,pitch.0,437776,-6.4226,37.4003,132.5047,78.8346,-62.8158,27.5796,0.0631,0.0792
1779988771665,1,Pitching Mound.Parent,,Loading,pitch.0,436826,-7.0626,37.1155,132.7463,78.7225,-62.8427,27.6097,0.063,0.0802
1779988771666,1,11.0000004b,Drive,Loading,pitch.0,437777,-6.3985,37.528,132.8045,79.1315,-62.6574,27.6959,0.0628,0.0793
1779988771666,1,12.00000015,Lower Delivery,Loading,pitch.0,437509,-0.5968,-0.234,0.5367,-0.0556,0.0031,0.001,0.0,0.0
1779988771666,1,12.00000018,Upper Delivery,Loading,pitch.0,438366,-0.0618,0.0581,-0.0097,-0.0884,-0.0304,-0.0012,0.0,0.0
1779988771666,1,Pitching Mound.Delivery,,Loading,pitch.0,437207,-0.6656,-0.2041,0.5119,0.0367,-0.0394,0.1806,0.0,0.0
1779988771666,1,Pitching Mound.Drive,,Loading,pitch.0,437777,-6.3985,37.528,132.8045,79.1315,-62.6574,27.6959,0.0628,0.0793
1779988771666,1,Pitching Mound.Parent,,Loading,pitch.0,436827,-7.0882,37.1962,133.0166,78.8713,-62.8552,27.7603,0.0629,0.0803
1779988771667,1,11.0000004b,Drive,Loading,pitch.0,437778,-6.3949,37.6445,133.1275,79.3775,-62.5601,27.8402,0.0626,0.0794
1779988771667,1,12.00000015,Lower Delivery,Loading,pitch.0,437510,-0.575,-0.2331,0.524,-0.0648,-0.0015,0.0007,0.0,0.0
1779988771667,1,12.00000018,Upper Delivery,Loading,pitch.0,438367,-0.0599,0.0598,0.0035,-0.0884,-0.0304,-0.0012,0.0,0.0
1779988771667,1,Pitching Mound.Delivery,,Loading,pitch.0,437208,-0.6567,-0.1742,0.5402,0.0373,-0.0273,0.1823,0.0,0.0
1779988771667,1,Pitching Mound.Drive,,Loading,pitch.0,437778,-6.3949,37.6445,133.1275,79.3775,-62.5601,27.8402,0.0626,0.0794
1779988771667,1,Pitching Mound.Parent,,Loading,pitch.0,436828,-7.0552,37.3538,133.3447,79.1688,-62.6847,27.8782,0.0626,0.0804
1779988771668,1,11.0000004b,Drive,Loading,pitch.0,437779,-6.3923,37.76,133.3311,79.6224,-62.608,27.9681,0.0625,0.0795
1779988771668,1,12.00000018,Upper Delivery,Loading,pitch.0,438368,-0.0584,0.0594,0.0119,-0.0884,-0.0304,-0.0012,0.0,0.0
1779988771668,1,Pitching Mound.Delivery,,Loading,pitch.0,437209,-0.6334,-0.1737,0.5358,0.0209,-0.0318,0.1751,0.0,0.0
1779988771668,1,Pitching Mound.Drive,,Loading,pitch.0,437779,-6.3923,37.76,133.3311,79.6224,-62.608,27.9681,0.0625,0.0795
1779988771668,1,Pitching Mound.Parent,,Loading,pitch.0,436829,-7.0283,37.4709,133.6633,79.3984,-62.592,28.0153,0.0623,0.0804
1779988771669,1,11.0000004b,Drive,Loading,pitch.0,437780,-6.3769,37.8684,133.5526,79.8642,-62.5105,28.0926,0.0623,0.0796
1779988771669,1,12.00000015,Lower Delivery,Loading,pitch.0,437511,-0.6261,-0.2189,0.5918,-0.0619,-0.0055,-0.0015,0.0,0.0
1779988771669,1,12.00000018,Upper Delivery,Loading,pitch.0,438369,-0.0629,0.0516,-0.0016,-0.0884,-0.0304,-0.0012,0.0,0.0
1779988771669,1,Pitching Mound.Delivery,,Loading,pitch.0,437210,-0.689,-0.1673,0.5902,0.0515,-0.0359,0.1887,0.0,0.0
1779988771669,1,Pitching Mound.Drive,,Loading,pitch.0,437780,-6.3769,37.8684,133.5526,79.8642,-62.5105,28.0926,0.0623,0.0796
1779988771669,1,Pitching Mound.Parent,,Loading,pitch.0,436830,-7.0813,37.5927,133.9213,79.6739,-62.6439,28.1569,0.0622,0.0807
1779988771670,1,11.0000004b,Drive,Loading,pitch.0,437781,-6.3752,37.958,133.778,80.0569,-62.4688,28.2165,0.0622,0.0797
1779988771670,1,12.00000015,Lower Delivery,Loading,pitch.0,437512,-0.6553,-0.2086,0.6299,-0.069,-0.007,-0.0005,0.0,0.0
1779988771670,1,12.00000018,Upper Delivery,Loading,pitch.0,438370,-0.0661,0.047,-0.0062,-0.0884,-0.0304,-0.0012,0.0,0.0
1779988771670,1,Pitching Mound.Delivery,,Loading,pitch.0,437211,-0.7213,-0.1616,0.6237,0.0589,-0.0374,0.1986,0.0,0.0
1779988771670,1,Pitching Mound.Drive,,Loading,pitch.0,437781,-6.3752,37.958,133.778,80.0569,-62.4688,28.2165,0.0622,0.0797
1779988771670,1,Pitching Mound.Parent,,Loading,pitch.0,436831,-7.0982,37.7068,134.1764,79.923,-62.5479,28.2912,0.062,0.0809
1779988771671,1,11.0000004b,Drive,Loading,pitch.0,437782,-6.3707,38.0573,134.0193,80.2771,-62.4599,28.3716,0.062,0.0797
1779988771671,1,12.00000015,Lower Delivery,Loading,pitch.0,437513,-0.6518,-0.2086,0.6249,-0.0683,-0.0109,-0.0024,0.0,0.0
1779988771671,1,12.00000018,Upper Delivery,Loading,pitch.0,438371,-0.0656,0.049,-0.0014,-0.0884,-0.0304,-0.0012,0.0,0.0
1779988771671,1,Pitching Mound.Delivery,,Loading,pitch.0,437212,-0.7174,-0.1595,0.6235,0.0562,-0.0412,0.1957,0.0,0.0
1779988771671,1,Pitching Mound.Drive,,Loading,pitch.0,437782,-6.3707,38.0573,134.0193,80.2771,-62.4599,28.3716,0.062,0.0797
1779988771671,1,Pitching Mound.Parent,,Loading,pitch.0,436832,-7.0926,37.7984,134.4015,80.1131,-62.51,28.4123,0.0619,0.0809
1779988771672,1,11.0000004b,Drive,Loading,pitch.0,437783,-6.3631,38.1416,134.1916,80.441,-62.2543,28.479,0.0618,0.0798
1779988771672,1,12.00000015,Lower Delivery,Loading,pitch.0,437514,-0.6238,-0.1765,0.611,-0.0675,-0.0086,-0.0032,0.0,0.0
1779988771672,1,12.00000018,Upper Delivery,Loading,pitch.0,438372,-0.0643,0.0506,0.0136,-0.0884,-0.0304,-0.0012,0.0,0.0
1779988771672,1,Pitching Mound.Delivery,,Loading,pitch.0,437213,-0.6881,-0.1258,0.6246,0.0472,-0.0389,0.1858,0.0,0.0
1779988771672,1,Pitching Mound.Drive,,Loading,pitch.0,437783,-6.3631,38.1416,134.1916,80.441,-62.2543,28.479,0.0618,0.0798
1779988771672,1,Pitching Mound.Parent,,Loading,pitch.0,436833,-7.0588,37.9314,134.644,80.3243,-62.4988,28.5574,0.0618,0.0809
1779988771673,1,11.0000004b,Drive,Loading,pitch.0,437784,-6.3586,38.2534,134.3578,80.6994,-62.2071,28.5923,0.0616,0.08
1779988771673,1,12.00000015,Lower Delivery,Loading,pitch.0,437515,-0.5986,-0.1682,0.5916,-0.0646,-0.0098,-0.004,0.0,0.0
1779988771673,1,12.00000018,Upper Delivery,Loading,pitch.0,438373,-0.0621,0.0522,0.0236,-0.0884,-0.0304,-0.0012,0.0,0.0
1779988771673,1,Pitching Mound.Delivery,,Loading,pitch.0,437214,-0.6607,-0.116,0.6152,0.0401,-0.0402,0.1772,0.0,0.0
1779988771673,1,Pitching Mound.Drive,,Loading,pitch.0,437784,-6.3586,38.2534,134.3578,80.6994,-62.2071,28.5923,0.0616,0.08
1779988771673,1,Pitching Mound.Parent,,Loading,pitch.0,436834,-7.0238,38.0256,134.8069,80.4812,-62.2944,28.6562,0.0615,0.0809
1779988771674,1,11.0000004b,Drive,Loading,pitch.0,437785,-6.363,38.3339,134.5966,80.8833,-62.1033,28.7809,0.0614,0.08
1779988771674,1,12.00000015,Lower Delivery,Loading,pitch.0,437516,-0.5919,-0.1559,0.5742,-0.0754,-0.025,-0.0072,0.0,0.0
1779988771674,1,12.00000018,Upper Delivery,Loading,pitch.0,438374,-0.0569,0.0559,0.0448,-0.0884,-0.0304,-0.0012,0.0,0.0
1779988771674,1,Pitching Mound.Delivery,,Loading,pitch.0,437215,-0.6487,-0.1,0.619,0.0162,-0.0553,0.1735,0.0,0.0
1779988771674,1,Pitching Mound.Drive,,Loading,pitch.0,437785,-6.363,38.3339,134.5966,80.8833,-62.1033,28.7809,0.0614,0.08
1779988771674,1,Pitching Mound.Parent,,Loading,pitch.0,436835,-7.0073,38.1534,134.9768,80.7156,-62.2624,28.7658,0.0614,0.0809
1779988771675,1,11.0000004b,Drive,Loading,pitch.0,437786,-6.3744,38.4304,134.8774,81.1288,-62.0757,28.8978,0.0613,0.0801
1779988771675,1,12.00000015,Lower Delivery,Loading,pitch.0,437517,-0.5402,-0.1585,0.5164,-0.0693,-0.0209,-0.0084,0.0,0.0
1779988771675,1,12.00000018,Upper Delivery,Loading,pitch.0,438375,-0.0585,0.0557,0.0411,-0.0884,-0.0304,-0.0012,0.0,0.0
1779988771675,1,Pitching Mound.Delivery,,Loading,pitch.0,437216,-0.5987,-0.1028,0.5575,0.0039,-0.0513,0.1542,0.0,0.0
1779988771675,1,Pitching Mound.Drive,,Loading,pitch.0,437786,-6.3744,38.4304,134.8774,81.1288,-62.0757,28.8978,0.0613,0.0801
1779988771675,1,Pitching Mound.Parent,,Loading,pitch.0,436836,-6.9617,38.2312,135.1541,80.8872,-62.1546,28.9351,0.0612,0.0809
1779988771676,1,11.0000004b,Drive,Loading,pitch.0,437787,-6.4074,38.5338,135.038,81.272,-62.0622,29.0498,0.0612,0.0801
1779988771676,1,12.00000015,Lower Delivery,Loading,pitch.0,437518,-0.5577,-0.1543,0.5287,-0.0765,-0.0267,-0.009,0.0,0.0
1779988771676,1,12.00000018,Upper Delivery,Loading,pitch.0,438376,-0.0589,0.0509,0.0493,-0.0884,-0.0304,-0.0012,0.0,0.0
1779988771676,1,Pitching Mound.Delivery,,Loading,pitch.0,437217,-0.6167,-0.1034,0.578,-0.0018,-0.0571,0.1593,0.0,0.0
1779988771676,1,Pitching Mound.Drive,,Loading,pitch.0,437787,-6.4074,38.5338,135.038,81.272,-62.0622,29.0498,0.0612,0.0801
1779988771676,1,Pitching Mound.Parent,,Loading,pitch.0,436837,-6.991,38.3271,135.4553,81.1269,-62.1328,29.0572,0.061,0.0809
1779988771677,1,11.0000004b,Drive,Loading,pitch.0,437788,-6.4376,38.606,135.261,81.3681,-62.2415,29.239,0.0613,0.0801
1779988771677,1,12.00000015,Lower Delivery,Loading,pitch.0,437519,-0.5767,-0.1561,0.5366,-0.073,-0.0225,-0.0085,0.0,0.0
1779988771677,1,12.00000018,Upper Delivery,Loading,pitch.0,438377,-0.0576,0.0545,0.021,-0.0884,-0.0304,-0.0012,0.0,0.0
1779988771677,1,12.00000018,Upper Delivery,Loading,pitch.0,438378,-0.0489,0.0619,0.0673,-0.0884,-0.0304,-0.0012,0.0,0.0
1779988771677,1,Pitching Mound.Delivery,,Loading,pitch.0,437218,-0.6343,-0.1016,0.5576,0.014,-0.0529,0.1668,0.0,0.0
1779988771677,1,Pitching Mound.Drive,,Loading,pitch.0,437788,-6.4376,38.606,135.261,81.3681,-62.2415,29.239,0.0613,0.0801
1779988771677,1,Pitching Mound.Parent,,Loading,pitch.0,436838,-7.0417,38.4322,135.5956,81.2859,-62.1151,29.2165,0.0609,0.0811
1779988771678,1,11.0000004b,Drive,Loading,pitch.0,437789,-6.4837,38.6941,135.4542,81.5226,-62.166,29.4032,0.0611,0.0801
1779988771678,1,12.00000015,Lower Delivery,Loading,pitch.0,437520,-0.6069,-0.1779,0.5527,-0.0724,-0.0212,-0.01,0.0,0.0
1779988771678,1,12.00000015,Lower Delivery,Loading,pitch.0,437521,-0.6446,-0.1853,0.5885,-0.0749,-0.024,-0.0113,0.0,0.0
1779988771678,1,Pitching Mound.Delivery,,Loading,pitch.0,437219,-0.6558,-0.116,0.62,0.0043,-0.0516,0.1786,0.0,0.0
1779988771678,1,Pitching Mound.Drive,,Loading,pitch.0,437789,-6.4837,38.6941,135.4542,81.5226,-62.166,29.4032,0.0611,0.0801
1779988771678,1,Pitching Mound.Parent,,Loading,pitch.0,436839,-7.0934,38.49,135.881,81.3724,-62.2931,29.4176,0.061,0.0809
1779988771679,1,11.0000004b,Drive,Loading,pitch.0,437790,-6.532,38.8121,135.7231,81.6576,-62.2755,29.5776,0.0611,0.0801
1779988771679,1,12.00000015,Lower Delivery,Loading,pitch.0,437522,-0.6415,-0.2095,0.5682,-0.071,-0.0219,-0.0128,0.0,0.0
1779988771679,1,12.00000018,Upper Delivery,Loading,pitch.0,438379,-0.0423,0.0671,0.0716,-0.0884,-0.0304,-0.0012,0.0,0.0
1779988771679,1,12.00000018,Upper Delivery,Loading,pitch.0,438380,-0.0351,0.079,0.0976,-0.0884,-0.0304,-0.0012,0.0,0.0
1779988771679,1,Pitching Mound.Delivery,,Loading,pitch.0,437220,-0.687,-0.1182,0.6601,0.0125,-0.0543,0.1923,0.0,0.0
1779988771679,1,Pitching Mound.Delivery,,Loading,pitch.0,437221,-0.6766,-0.1304,0.6658,0.0006,-0.0523,0.1921,0.0,0.0
1779988771679,1,Pitching Mound.Drive,,Loading,pitch.0,437790,-6.532,38.8121,135.7231,81.6576,-62.2755,29.5776,0.0611,0.0801
1779988771679,1,Pitching Mound.Parent,,Loading,pitch.0,436840,-7.1706,38.5759,136.1143,81.5351,-62.2203,29.5955,0.0608,0.081
1779988771679,1,Pitching Mound.Parent,,Loading,pitch.0,436841,-7.2085,38.6817,136.389,81.6582,-62.3279,29.7697,0.0608,0.0809
1779988771680,1,11.0000004b,Drive,Loading,pitch.0,437791,-6.5867,38.9013,135.9363,81.6738,-62.2501,29.7889,0.061,0.08
1779988771680,1,12.00000018,Upper Delivery,Loading,pitch.0,438381,-0.0368,0.0741,0.0752,-0.0884,-0.0304,-0.0012,0.0,0.0
1779988771680,1,Pitching Mound.Drive,,Loading,pitch.0,437791,-6.5867,38.9013,135.9363,81.6738,-62.2501,29.7889,0.061,0.08
1779988771681,1,11.0000004b,Drive,Loading,pitch.0,437792,-6.6549,39.0095,136.133,81.7613,-62.2366,30.017,0.0609,0.08
1779988771681,1,12.00000015,Lower Delivery,Loading,pitch.0,437523,-0.6207,-0.2128,0.5366,-0.0647,-0.0182,-0.0107,0.0,0.0
1779988771681,1,12.00000015,Lower Delivery,Loading,pitch.0,437524,-0.5959,-0.2171,0.5054,-0.0598,-0.0216,-0.0109,0.0,0.0
1779988771681,1,Pitching Mound.Delivery,,Loading,pitch.0,437222,-0.6575,-0.1387,0.6118,0.0038,-0.0486,0.1866,0.0,0.0
1779988771681,1,Pitching Mound.Drive,,Loading,pitch.0,437792,-6.6549,39.0095,136.133,81.7613,-62.2366,30.017,0.0609,0.08
1779988771681,1,Pitching Mound.Parent,,Loading,pitch.0,436842,-7.2443,38.7626,136.5481,81.6777,-62.2987,29.9755,0.0607,0.0808
1779988771682,1,11.0000004b,Drive,Loading,pitch.0,437793,-6.7251,39.1293,136.3192,81.9152,-62.3233,30.2057,0.0609,0.08
1779988771682,1,12.00000015,Lower Delivery,Loading,pitch.0,437525,-0.6239,-0.224,0.5395,-0.0587,-0.01,-0.0074,0.0,0.0
1779988771682,1,12.00000018,Upper Delivery,Loading,pitch.0,438382,-0.0281,0.0843,0.0608,-0.0884,-0.0304,-0.0012,0.0,0.0
1779988771682,1,12.00000018,Upper Delivery,Loading,pitch.0,438383,-0.0352,0.0807,0.0485,-0.0884,-0.0304,-0.0012,0.0,0.0
1779988771682,1,Pitching Mound.Delivery,,Loading,pitch.0,437223,-0.6239,-0.1329,0.5661,0.003,-0.052,0.1809,0.0,0.0
1779988771682,1,Pitching Mound.Delivery,,Loading,pitch.0,437224,-0.6591,-0.1433,0.5879,0.0199,-0.0404,0.1915,0.0,0.0
1779988771682,1,Pitching Mound.Drive,,Loading,pitch.0,437793,-6.7251,39.1293,136.3192,81.9152,-62.3233,30.2057,0.0609,0.08
1779988771682,1,Pitching Mound.Parent,,Loading,pitch.0,436843,-7.2788,38.8766,136.6991,81.7643,-62.2886,30.1979,0.0606,0.0807
1779988771682,1,Pitching Mound.Parent,,Loading,pitch.0,436844,-7.3842,38.9859,136.9071,81.9351,-62.3637,30.3973,0.0606,0.0809
1779988771683,1,11.0000004b,Drive,Loading,pitch.0,437794,-6.8023,39.2298,136.4028,81.9194,-62.2066,30.3931,0.0607,0.08
1779988771683,1,12.00000015,Lower Delivery,Loading,pitch.0,437526,-0.6355,-0.2522,0.5383,-0.0592,-0.0105,-0.0087,0.0,0.0
1779988771683,1,12.00000018,Upper Delivery,Loading,pitch.0,438384,-0.0387,0.0801,0.0679,-0.0884,-0.0304,-0.0012,0.0,0.0
1779988771683,1,Pitching Mound.Delivery,,Loading,pitch.0,437225,-0.6742,-0.1721,0.6061,0.0124,-0.0408,0.193,0.0,0.0
1779988771683,1,Pitching Mound.Drive,,Loading,pitch.0,437794,-6.8023,39.2298,136.4028,81.9194,-62.2066,30.3931,0.0607,0.08
1779988771683,1,Pitching Mound.Parent,,Loading,pitch.0,436845,-7.4765,39.0577,137.009,81.9318,-62.2475,30.5861,0.0604,0.0808
1779988771684,1,11.0000004b,Drive,Loading,pitch.0,437795,-6.8968,39.3198,136.4487,82.0653,-62.2682,30.6022,0.0608,0.0801
1779988771684,1,12.00000015,Lower Delivery,Loading,pitch.0,437527,-0.6523,-0.2745,0.508,-0.0518,0.0015,-0.0086,0.0,0.0
1779988771684,1,Pitching Mound.Drive,,Loading,pitch.0,437795,-6.8968,39.3198,136.4487,82.0653,-62.2682,30.6022,0.0608,0.0801
1779988771685,1,11.0000004b,Drive,Loading,pitch.0,437796,-6.9559,39.4301,136.5915,82.1689,-62.221,30.7695,0.0606,0.0801
1779988771685,1,12.00000015,Lower Delivery,Loading,pitch.0,437528,-0.689,-0.2609,0.5126,-0.0475,0.0038,-0.0068,0.0,0.0
1779988771685,1,12.00000018,Upper Delivery,Loading,pitch.0,438385,-0.0389,0.083,0.0536,-0.0884,-0.0304,-0.0012,0.0,0.0
1779988771685,1,Pitching Mound.Delivery,,Loading,pitch.0,437226,-0.6912,-0.1915,0.5616,0.0143,-0.0289,0.1988,0.0,0.0
1779988771685,1,Pitching Mound.Drive,,Loading,pitch.0,437796,-6.9559,39.4301,136.5915,82.1689,-62.221,30.7695,0.0606,0.0801
1779988771685,1,Pitching Mound.Parent,,Loading,pitch.0,436846,-7.588,39.1283,137.0103,82.0796,-62.2971,30.801,0.0605,0.0809
1779988771686,1,11.0000004b,Drive,Loading,pitch.0,437797,-6.9955,39.5207,136.6516,82.2389,-62.2745,30.9809,0.0607,0.0801
1779988771686,1,12.00000015,Lower Delivery,Loading,pitch.0,437529,-0.6837,-0.2914,0.4857,-0.0461,-0.0019,-0.0054,0.0,0.0
1779988771686,1,12.00000018,Upper Delivery,Loading,pitch.0,438386,-0.0501,0.0743,0.0511,-0.0884,-0.0304,-0.0012,0.0,0.0
1779988771686,1,12.00000018,Upper Delivery,Loading,pitch.0,438387,-0.0382,0.0861,0.0494,-0.0884,-0.0304,-0.0012,0.0,0.0
1779988771686,1,Pitching Mound.Delivery,,Loading,pitch.0,437227,-0.7391,-0.1867,0.5637,0.0211,-0.0265,0.2093,0.0,0.0
1779988771686,1,Pitching Mound.Delivery,,Loading,pitch.0,437228,-0.7219,-0.2053,0.5351,0.0139,-0.0322,0.2128,0.0,0.0
1779988771686,1,Pitching Mound.Drive,,Loading,pitch.0,437797,-6.9955,39.5207,136.6516,82.2389,-62.2745,30.9809,0.0607,0.0801
1779988771686,1,Pitching Mound.Parent,,Loading,pitch.0,436847,-7.695,39.2434,137.1553,82.1899,-62.2475,30.9788,0.0604,0.0809
1779988771686,1,Pitching Mound.Parent,,Loading,pitch.0,436848,-7.7173,39.3154,137.1867,82.2528,-62.3067,31.1937,0.0604,0.0809
1779988771687,1,11.0000004b,Drive,Loading,pitch.0,437798,-7.0544,39.616,136.7342,82.3546,-61.9764,31.1447,0.0603,0.0802
1779988771687,1,12.00000015,Lower Delivery,Loading,pitch.0,437530,-0.6874,-0.2789,0.5193,-0.0424,0.0002,-0.0053,0.0,0.0
1779988771687,1,12.00000018,Upper Delivery,Loading,pitch.0,438388,-0.0164,0.102,0.0347,-0.0884,-0.0304,-0.0012,0.0,0.0
1779988771687,1,Pitching Mound.Delivery,,Loading,pitch.0,437229,-0.7038,-0.1769,0.554,0.034,-0.0301,0.2216,0.0,0.0
1779988771687,1,Pitching Mound.Drive,,Loading,pitch.0,437798,-7.0544,39.616,136.7342,82.3546,-61.9764,31.1447,0.0603,0.0802
1779988771687,1,Pitching Mound.Parent,,Loading,pitch.0,436849,-7.7582,39.4391,137.2882,82.3886,-62.0065,31.3663,0.0601,0.0811
1779988771688,1,11.0000004b,Drive,Loading,pitch.0,437799,-7.0939,39.688,136.824,82.4753,-62.0731,31.3056,0.0604,0.0802
1779988771688,1,12.00000015,Lower Delivery,Loading,pitch.0,437531,-0.6623,-0.271,0.5248,-0.053,-0.0094,-0.0048,0.0,0.0
1779988771688,1,Pitching Mound.Drive,,Loading,pitch.0,437799,-7.0939,39.688,136.824,82.4753,-62.0731,31.3056,0.0604,0.0802
1779988771689,1,11.0000004b,Drive,Loading,pitch.0,437800,-7.1309,39.7677,136.8628,82.6182,-61.9191,31.4669,0.0602,0.0804
1779988771689,1,12.00000015,Lower Delivery,Loading,pitch.0,437532,-0.6652,-0.2765,0.4853,-0.0455,-0.0094,-0.0052,0.0,0.0
1779988771689,1,12.00000018,Upper Delivery,Loading,pitch.0,438389,-0.0382,0.0861,0.0353,-0.0884,-0.0304,-0.0012,0.0,0.0
1779988771689,1,Pitching Mound.Delivery,,Loading,pitch.0,437230,-0.7005,-0.185,0.5601,0.025,-0.0398,0.2062,0.0,0.0
1779988771689,1,Pitching Mound.Drive,,Loading,pitch.0,437800,-7.1309,39.7677,136.8628,82.6182,-61.9191,31.4669,0.0602,0.0804
1779988771689,1,Pitching Mound.Parent,,Loading,pitch.0,436850,-7.7945,39.503,137.3841,82.5003,-62.1129,31.5117,0.0601,0.0811
1779988771690,1,11.0000004b,Drive,Loading,pitch.0,437801,-7.1567,39.8322,136.7415,82.6851,-61.85,31.6355,0.0602,0.0805
1779988771690,1,12.00000015,Lower Delivery,Loading,pitch.0,437533,-0.6865,-0.2582,0.539,-0.0443,0.0028,-0.002,0.0,0.0
1779988771690,1,12.00000018,Upper Delivery,Loading,pitch.0,438390,-0.0411,0.0861,0.0428,-0.0884,-0.0304,-0.0012,0.0,0.0
1779988771690,1,Pitching Mound.Delivery,,Loading,pitch.0,437231,-0.7063,-0.1904,0.5281,0.0166,-0.0398,0.2058,0.0,0.0
1779988771690,1,Pitching Mound.Drive,,Loading,pitch.0,437801,-7.1567,39.8322,136.7415,82.6851,-61.85,31.6355,0.0602,0.0805
1779988771690,1,Pitching Mound.Parent,,Loading,pitch.0,436851,-7.8371,39.5774,137.3909,82.6349,-61.9588,31.6727,0.06,0.0811
1779988771691,1,11.0000004b,Drive,Loading,pitch.0,437802,-7.165,39.897,136.7921,82.7424,-61.8491,31.8024,0.0602,0.0805
1779988771691,1,12.00000015,Lower Delivery,Loading,pitch.0,437534,-0.7149,-0.3004,0.5364,-0.0323,-0.0007,-0.0033,0.0,0.0
1779988771691,1,12.00000018,Upper Delivery,Loading,pitch.0,438391,-0.0212,0.1025,0.0265,-0.0884,-0.0304,-0.0012,0.0,0.0
1779988771691,1,12.00000018,Upper Delivery,Loading,pitch.0,438392,-0.0353,0.0932,0.0483,-0.0884,-0.0304,-0.0012,0.0,0.0
1779988771691,1,Pitching Mound.Delivery,,Loading,pitch.0,437232,-0.7077,-0.1557,0.5655,0.0415,-0.0275,0.2231,0.0,0.0
1779988771691,1,Pitching Mound.Delivery,,Loading,pitch.0,437233,-0.7502,-0.2073,0.5848,0.0453,-0.0311,0.2266,0.0,0.0
1779988771691,1,Pitching Mound.Drive,,Loading,pitch.0,437802,-7.165,39.897,136.7921,82.7424,-61.8491,31.8024,0.0602,0.0805
1779988771691,1,Pitching Mound.Parent,,Loading,pitch.0,436852,-7.8644,39.6764,137.307,82.7267,-61.8775,31.8586,0.06,0.0814
1779988771691,1,Pitching Mound.Parent,,Loading,pitch.0,436853,-7.9153,39.6897,137.3769,82.7877,-61.8802,32.029,0.0599,0.0814
1779988771692,1,11.0000004b,Drive,Loading,pitch.0,437803,-7.2003,39.9586,136.8129,82.8226,-61.8476,31.97,0.0602,0.0806
1779988771692,1,12.00000015,Lower Delivery,Loading,pitch.0,437535,-0.7672,-0.3278,0.5526,-0.0328,-0.0008,-0.0032,0.0,0.0
1779988771692,1,12.00000018,Upper Delivery,Loading,pitch.0,438393,-0.0237,0.1011,0.0665,-0.0884,-0.0304,-0.0012,0.0,0.0
1779988771692,1,Pitching Mound.Delivery,,Loading,pitch.0,437234,-0.7909,-0.2267,0.6191,0.0441,-0.0311,0.2484,0.0,0.0
1779988771692,1,Pitching Mound.Drive,,Loading,pitch.0,437803,-7.2003,39.9586,136.8129,82.8226,-61.8476,31.97,0.0602,0.0806
1779988771692,1,Pitching Mound.Parent,,Loading,pitch.0,436854,-7.9912,39.7319,137.4321,82.8667,-61.8787,32.2185,0.0599,0.0814
1779988771693,1,11.0000004b,Drive,Loading,pitch.0,437804,-7.2084,40.006,136.8571,82.7978,-61.8647,32.143,0.0602,0.0805
1779988771693,1,12.00000015,Lower Delivery,Loading,pitch.0,437536,-0.749,-0.3324,0.5429,-0.0371,-0.0106,-0.0019,0.0,0.0
1779988771693,1,12.00000018,Upper Delivery,Loading,pitch.0,438394,-0.0282,0.0924,0.0917,-0.0884,-0.0304,-0.0012,0.0,0.0
1779988771693,1,Pitching Mound.Delivery,,Loading,pitch.0,437235,-0.7773,-0.24,0.6346,0.0279,-0.041,0.242,0.0,0.0
1779988771693,1,Pitching Mound.Drive,,Loading,pitch.0,437804,-7.2084,40.006,136.8571,82.7978,-61.8647,32.143,0.0602,0.0805
1779988771693,1,Pitching Mound.Parent,,Loading,pitch.0,436855,-7.9856,39.766,137.4916,82.8257,-61.9057,32.385,0.0599,0.0813
1779988771694,1,11.0000004b,Drive,Loading,pitch.0,437805,-7.2457,40.0609,136.876,82.9173,-61.896,32.3282,0.0602,0.0806
1779988771694,1,12.00000015,Lower Delivery,Loading,pitch.0,437537,-0.7326,-0.3004,0.5894,-0.0325,-0.0034,-0.0011,0.0,0.0
1779988771694,1,12.00000018,Upper Delivery,Loading,pitch.0,438395,-0.0201,0.1052,0.0641,-0.0884,-0.0304,-0.0012,0.0,0.0
1779988771694,1,Pitching Mound.Delivery,,Loading,pitch.0,437236,-0.7528,-0.1953,0.6535,0.0577,-0.0337,0.2399,0.0,0.0
1779988771694,1,Pitching Mound.Drive,,Loading,pitch.0,437805,-7.2457,40.0609,136.876,82.9173,-61.896,32.3282,0.0602,0.0806
1779988771694,1,Pitching Mound.Parent,,Loading,pitch.0,436856,-7.9985,39.8657,137.5295,82.975,-61.9297,32.5681,0.0599,0.0816
1779988771695,1,11.0000004b,Drive,Loading,pitch.0,437806,-7.2652,40.1281,136.9399,82.9219,-61.9064,32.517,0.0602,0.0806
1779988771695,1,12.00000015,Lower Delivery,Loading,pitch.0,437538,-0.7113,-0.324,0.5587,-0.0371,-0.0005,0.0014,0.0,0.0
1779988771695,1,Pitching Mound.Drive,,Loading,pitch.0,437806,-7.2652,40.1281,136.9399,82.9219,-61.9064,32.517,0.0602,0.0806
1779988771696,1,11.0000004b,Drive,Loading,pitch.0,437807,-7.2945,40.1892,136.9219,82.999,-62.0385,32.7027,0.0603,0.0807
1779988771696,1,12.00000015,Lower Delivery,Loading,pitch.0,437539,-0.6835,-0.337,0.5262,-0.0346,-0.0043,-0.0005,0.0,0.0
1779988771696,1,12.00000018,Upper Delivery,Loading,pitch.0,438397,-0.0545,0.0732,0.0385,-0.0884,-0.0304,-0.0012,0.0,0.0
1779988771696,1,12.00000018,Upper Delivery,Loading,pitch.0,438396,-0.0363,0.0887,0.0907,-0.0884,-0.0304,-0.0012,0.0,0.0
1779988771696,1,Pitching Mound.Delivery,,Loading,pitch.0,437238,-0.738,-0.2638,0.5646,0.0429,-0.0347,0.2121,0.0,0.0
1779988771696,1,Pitching Mound.Delivery,,Loading,pitch.0,437237,-0.7476,-0.2353,0.6494,0.0337,-0.0308,0.2297,0.0,0.0
1779988771696,1,Pitching Mound.Drive,,Loading,pitch.0,437807,-7.2945,40.1892,136.9219,82.999,-62.0385,32.7027,0.0603,0.0807
1779988771696,1,Pitching Mound.Parent,,Loading,pitch.0,436858,-8.0325,39.9254,137.4865,83.0418,-62.0732,32.9148,0.0601,0.0816
1779988771696,1,Pitching Mound.Parent,,Loading,pitch.0,436857,-8.0129,39.8928,137.5893,82.9555,-61.9372,32.7467,0.0599,0.0814
1779988771697,1,11.0000004b,Drive,Loading,pitch.0,437808,-7.3344,40.258,136.9359,82.9586,-62.0318,32.8797,0.0603,0.0807
1779988771697,1,12.00000015,Lower Delivery,Loading,pitch.0,437540,-0.7356,-0.3753,0.5351,-0.0301,-0.012,-0.0029,0.0,0.0
1779988771697,1,Pitching Mound.Drive,,Loading,pitch.0,437808,-7.3344,40.258,136.9359,82.9586,-62.0318,32.8797,0.0603,0.0807
1779988771698,1,11.0000004b,Drive,Loading,pitch.0,437809,-7.3733,40.3346,137.0002,82.9352,-62.3531,33.0985,0.0606,0.0806
1779988771698,1,12.00000015,Lower Delivery,Loading,pitch.0,437541,-0.7725,-0.4153,0.5746,-0.024,0.0081,-0.0007,0.0,0.0
1779988771698,1,12.00000018,Upper Delivery,Loading,pitch.0,438398,-0.0395,0.0861,0.0829,-0.0884,-0.0304,-0.0012,0.0,0.0
1779988771698,1,12.00000018,Upper Delivery,Loading,pitch.0,438399,-0.0435,0.0845,0.0636,-0.0884,-0.0304,-0.0012,0.0,0.0
1779988771698,1,Pitching Mound.Delivery,,Loading,pitch.0,437239,-0.7752,-0.2892,0.618,0.0353,-0.0424,0.2326,0.0,0.0
1779988771698,1,Pitching Mound.Delivery,,Loading,pitch.0,437240,-0.816,-0.3309,0.6382,0.0613,-0.0223,0.2459,0.0,0.0
1779988771698,1,Pitching Mound.Drive,,Loading,pitch.0,437809,-7.3733,40.3346,137.0002,82.9352,-62.3531,33.0985,0.0606,0.0806
1779988771698,1,Pitching Mound.Parent,,Loading,pitch.0,436859,-8.1096,39.9688,137.5538,82.9939,-62.0742,33.1123,0.06,0.0814
1779988771698,1,Pitching Mound.Parent,,Loading,pitch.0,436860,-8.1894,40.0038,137.6384,82.9966,-62.3754,33.3445,0.0603,0.0815
1779988771699,1,11.0000004b,Drive,Loading,pitch.0,437810,-7.4223,40.4361,137.0889,83.01,-62.3938,33.3027,0.0606,0.0806
1779988771699,1,12.00000015,Lower Delivery,Loading,pitch.0,437542,-0.7781,-0.4143,0.5729,-0.0226,0.002,-0.0015,0.0,0.0
1779988771699,1,12.00000018,Upper Delivery,Loading,pitch.0,438400,-0.0347,0.0891,0.058,-0.0884,-0.0304,-0.0012,0.0,0.0
1779988771699,1,Pitching Mound.Delivery,,Loading,pitch.0,437241,-0.8127,-0.3252,0.6309,0.0641,-0.0284,0.25,0.0,0.0
1779988771699,1,Pitching Mound.Drive,,Loading,pitch.0,437810,-7.4223,40.4361,137.0889,83.01,-62.3938,33.3027,0.0606,0.0806
1779988771699,1,Pitching Mound.Parent,,Loading,pitch.0,436861,-8.235,40.1109,137.7198,83.0741,-62.4222,33.5527,0.0603,0.0815
1779988771700,1,11.0000004b,Drive,Loading,pitch.0,437811,-7.493,40.5215,137.1155,83.0166,-62.5829,33.5175,0.0608,0.0806
1779988771700,1,12.00000015,Lower Delivery,Loading,pitch.0,437543,-0.8482,-0.4054,0.6116,-0.0271,0.0016,-0.0033,0.0,0.0
1779988771700,1,12.00000018,Upper Delivery,Loading,pitch.0,438401,-0.0324,0.0852,0.0632,-0.0884,-0.0304,-0.0012,0.0,0.0
1779988771700,1,Pitching Mound.Delivery,,Loading,pitch.0,437242,-0.8806,-0.3202,0.6748,0.071,-0.0288,0.2728,0.0,0.0
1779988771700,1,Pitching Mound.Drive,,Loading,pitch.0,437811,-7.493,40.5215,137.1155,83.0166,-62.5829,33.5175,0.0608,0.0806
1779988771700,1,Pitching Mound.Parent,,Loading,pitch.0,436862,-8.3736,40.2013,137.7904,83.0875,-62.6117,33.7904,0.0605,0.0816
1779988771701,1,11.0000004b,Drive,Loading,pitch.0,437812,-7.5566,40.619,137.2698,83.1249,-62.7866,33.7575,0.0609,0.0806
1779988771701,1,12.00000015,Lower Delivery,Loading,pitch.0,437544,-0.7981,-0.4225,0.5345,-0.0242,0.0021,-0.0025,0.0,0.0
1779988771701,1,12.00000018,Upper Delivery,Loading,pitch.0,438402,-0.0336,0.0873,0.0574,-0.0884,-0.0304,-0.0012,0.0,0.0
1779988771701,1,Pitching Mound.Delivery,,Loading,pitch.0,437243,-0.8318,-0.3352,0.5919,0.0496,-0.0283,0.2562,0.0,0.0
1779988771701,1,Pitching Mound.Drive,,Loading,pitch.0,437812,-7.5566,40.619,137.2698,83.1249,-62.7866,33.7575,0.0609,0.0806
1779988771701,1,Pitching Mound.Parent,,Loading,pitch.0,436863,-8.3883,40.2838,137.8617,83.1745,-62.8149,34.0137,0.0606,0.0814
1779988771702,1,11.0000004b,Drive,Loading,pitch.0,437813,-7.632,40.7228,137.3169,83.1926,-62.7561,33.983,0.0608,0.0807
1779988771702,1,12.00000015,Lower Delivery,Loading,pitch.0,437545,-0.7657,-0.4233,0.5286,-0.0263,0.0011,-0.0043,0.0,0.0
1779988771702,1,12.00000018,Upper Delivery,Loading,pitch.0,438403,-0.0306,0.0872,0.095,-0.0884,-0.0304,-0.0012,0.0,0.0
1779988771702,1,Pitching Mound.Delivery,,Loading,pitch.0,437244,-0.7964,-0.3362,0.6236,0.0328,-0.0293,0.2444,0.0,0.0
1779988771702,1,Pitching Mound.Drive,,Loading,pitch.0,437813,-7.632,40.7228,137.3169,83.1926,-62.7561,33.983,0.0608,0.0807
1779988771702,1,Pitching Mound.Parent,,Loading,pitch.0,436864,-8.4284,40.3867,137.9405,83.2253,-62.7854,34.2274,0.0606,0.0814
1779988771703,1,11.0000004b,Drive,Loading,pitch.0,437814,-7.7211,40.8424,137.3006,83.1822,-62.934,34.2096,0.061,0.0807
1779988771703,1,12.00000015,Lower Delivery,Loading,pitch.0,437546,-0.6919,-0.3982,0.5186,-0.0151,0.0049,-0.0039,0.0,0.0
1779988771703,1,12.00000018,Upper Delivery,Loading,pitch.0,438404,-0.0234,0.0944,0.0888,-0.0884,-0.0304,-0.0012,0.0,0.0
1779988771703,1,Pitching Mound.Delivery,,Loading,pitch.0,437245,-0.7154,-0.3038,0.6073,0.0427,-0.0255,0.2222,0.0,0.0
1779988771703,1,Pitching Mound.Drive,,Loading,pitch.0,437814,-7.7211,40.8424,137.3006,83.1822,-62.934,34.2096,0.061,0.0807
1779988771703,1,Pitching Mound.Parent,,Loading,pitch.0,436865,-8.4365,40.5386,137.9079,83.2249,-62.9595,34.4317,0.0608,0.0814
1779988771704,1,11.0000004b,Drive,Loading,pitch.0,437815,-7.813,40.9603,137.4083,83.265,-63.1294,34.4465,0.0612,0.0807
1779988771704,1,12.00000015,Lower Delivery,Loading,pitch.0,437547,-0.7188,-0.3847,0.5541,-0.0146,0.0037,-0.0051,0.0,0.0
1779988771704,1,12.00000018,Upper Delivery,Loading,pitch.0,438405,-0.0331,0.0884,0.0856,-0.0884,-0.0304,-0.0012,0.0,0.0
1779988771704,1,Pitching Mound.Delivery,,Loading,pitch.0,437246,-0.7519,-0.2962,0.6397,0.0563,-0.0267,0.2269,0.0,0.0
1779988771704,1,Pitching Mound.Drive,,Loading,pitch.0,437815,-7.813,40.9603,137.4083,83.265,-63.1294,34.4465,0.0612,0.0807
1779988771704,1,Pitching Mound.Parent,,Loading,pitch.0,436866,-8.5649,40.6641,138.048,83.3213,-63.1561,34.6734,0.0609,0.0815
1779988771705,1,11.0000004b,Drive,Loading,pitch.0,437816,-7.8909,41.079,137.4085,83.3012,-63.4818,34.668,0.0615,0.0807
1779988771705,1,11.0000004b,Drive,Loading,pitch.0,437817,-7.9851,41.1937,137.5154,83.4016,-63.5902,34.9319,0.0616,0.0807
1779988771705,1,12.00000015,Lower Delivery,Loading,pitch.0,437548,-0.7074,-0.4093,0.479,-0.0245,-0.0126,-0.0081,0.0,0.0
1779988771705,1,12.00000018,Upper Delivery,Loading,pitch.0,438406,-0.0221,0.0973,0.1328,-0.0884,-0.0304,-0.0012,0.0,0.0
1779988771705,1,Pitching Mound.Delivery,,Loading,pitch.0,437247,-0.7295,-0.312,0.6119,0.0048,-0.043,0.2237,0.0,0.0
1779988771705,1,Pitching Mound.Drive,,Loading,pitch.0,437816,-7.8909,41.079,137.4085,83.3012,-63.4818,34.668,0.0615,0.0807
1779988771705,1,Pitching Mound.Drive,,Loading,pitch.0,437817,-7.9851,41.1937,137.5154,83.4016,-63.5902,34.9319,0.0616,0.0807
1779988771705,1,Pitching Mound.Parent,,Loading,pitch.0,436867,-8.6204,40.7669,138.0204,83.306,-63.5248,34.8917,0.0612,0.0812
1779988771706,1,12.00000015,Lower Delivery,Loading,pitch.0,437549,-0.6961,-0.3456,0.5469,-0.0266,-0.0058,-0.0087,0.0,0.0
1779988771706,1,12.00000018,Upper Delivery,Loading,pitch.0,438407,-0.0296,0.0905,0.1385,-0.0884,-0.0304,-0.0012,0.0,0.0
1779988771706,1,Pitching Mound.Delivery,,Loading,pitch.0,437248,-0.7257,-0.2551,0.6854,0.0239,-0.0362,0.2167,0.0,0.0
1779988771706,1,Pitching Mound.Parent,,Loading,pitch.0,436868,-8.7108,40.9386,138.2008,83.4255,-63.6264,35.1486,0.0613,0.0813
1779988771707,1,11.0000004b,Drive,Loading,pitch.0,437818,-8.0855,41.3132,137.6636,83.438,-63.9249,35.2053,0.0618,0.0807
1779988771707,1,12.00000015,Lower Delivery,Loading,pitch.0,437550,-0.6584,-0.2977,0.5511,-0.0271,-0.0049,-0.0079,0.0,0.0
1779988771707,1,12.00000018,Upper Delivery,Loading,pitch.0,438408,-0.0208,0.1039,0.1501,-0.0884,-0.0304,-0.0012,0.0,0.0
1779988771707,1,Pitching Mound.Delivery,,Loading,pitch.0,437249,-0.6792,-0.1938,0.7012,0.0208,-0.0353,0.2077,0.0,0.0
1779988771707,1,Pitching Mound.Drive,,Loading,pitch.0,437818,-8.0855,41.3132,137.6636,83.438,-63.9249,35.2053,0.0618,0.0807
1779988771707,1,Pitching Mound.Parent,,Loading,pitch.0,436869,-8.7647,41.1193,138.3649,83.4588,-63.9602,35.413,0.0615,0.0813
1779988771708,1,11.0000004b,Drive,Loading,pitch.0,437819,-8.1945,41.4395,137.7076,83.3972,-63.9325,35.4671,0.0618,0.0806
1779988771708,1,11.0000004b,Drive,Loading,pitch.0,437820,-8.3053,41.569,137.7755,83.5637,-64.1465,35.7138,0.062,0.0807
1779988771708,1,12.00000015,Lower Delivery,Loading,pitch.0,437551,-0.6291,-0.2834,0.5382,-0.0255,-0.0036,-0.0089,0.0,0.0
1779988771708,1,12.00000018,Upper Delivery,Loading,pitch.0,438409,-0.0281,0.1054,0.1288,-0.0884,-0.0304,-0.0012,0.0,0.0
1779988771708,1,Pitching Mound.Delivery,,Loading,pitch.0,437250,-0.6572,-0.178,0.6671,0.0253,-0.034,0.1943,0.0,0.0
1779988771708,1,Pitching Mound.Drive,,Loading,pitch.0,437819,-8.1945,41.4395,137.7076,83.3972,-63.9325,35.4671,0.0618,0.0806
1779988771708,1,Pitching Mound.Drive,,Loading,pitch.0,437820,-8.3053,41.569,137.7755,83.5637,-64.1465,35.7138,0.062,0.0807
1779988771708,1,Pitching Mound.Parent,,Loading,pitch.0,436870,-8.8516,41.2615,138.3747,83.4225,-63.9665,35.6613,0.0615,0.0812
1779988771709,1,11.0000004b,Drive,Loading,pitch.0,437821,-8.3912,41.7168,137.8651,83.5676,-64.3192,35.9622,0.0621,0.0807
1779988771709,1,12.00000015,Lower Delivery,Loading,pitch.0,437552,-0.5634,-0.2559,0.4646,-0.0268,-0.0085,-0.0095,0.0,0.0
1779988771709,1,12.00000018,Upper Delivery,Loading,pitch.0,438410,-0.049,0.0859,0.092,-0.0884,-0.0304,-0.0012,0.0,0.0
1779988771709,1,Pitching Mound.Delivery,,Loading,pitch.0,437251,-0.6123,-0.17,0.5566,0.0116,-0.0389,0.1642,0.0,0.0
1779988771709,1,Pitching Mound.Drive,,Loading,pitch.0,437821,-8.3912,41.7168,137.8651,83.5676,-64.3192,35.9622,0.0621,0.0807
1779988771709,1,Pitching Mound.Parent,,Loading,pitch.0,436871,-8.9177,41.399,138.3321,83.5753,-64.1854,35.878,0.0617,0.0813
1779988771710,1,11.0000004b,Drive,Loading,pitch.0,437822,-8.4875,41.8354,137.9445,83.5499,-64.5615,36.2122,0.0623,0.0806
1779988771710,1,12.00000015,Lower Delivery,Loading,pitch.0,437553,-0.5784,-0.2341,0.4956,-0.0252,-0.0099,-0.0096,0.0,0.0
1779988771710,1,12.00000018,Upper Delivery,Loading,pitch.0,438411,-0.0533,0.073,0.0759,-0.0884,-0.0304,-0.0012,0.0,0.0
1779988771710,1,Pitching Mound.Delivery,,Loading,pitch.0,437252,-0.6317,-0.161,0.5715,0.0291,-0.0403,0.1677,0.0,0.0
1779988771710,1,Pitching Mound.Drive,,Loading,pitch.0,437822,-8.4875,41.8354,137.9445,83.5499,-64.5615,36.2122,0.0623,0.0806
1779988771710,1,Pitching Mound.Parent,,Loading,pitch.0,436872,-9.0229,41.5557,138.4366,83.5967,-64.3595,36.1299,0.0619,0.0814
1779988771711,1,11.0000004b,Drive,Loading,pitch.0,437823,-8.5723,41.9807,138.0586,83.6416,-64.7515,36.4481,0.0624,0.0807
1779988771711,1,12.00000015,Lower Delivery,Loading,pitch.0,437554,-0.5499,-0.2277,0.4668,-0.019,-0.0091,-0.0093,0.0,0.0
1779988771711,1,12.00000018,Upper Delivery,Loading,pitch.0,438412,-0.0609,0.0619,0.0441,-0.0884,-0.0304,-0.0012,0.0,0.0
1779988771711,1,Pitching Mound.Delivery,,Loading,pitch.0,437253,-0.6108,-0.1658,0.5109,0.0364,-0.0394,0.1557,0.0,0.0
1779988771711,1,Pitching Mound.Drive,,Loading,pitch.0,437823,-8.5723,41.9807,138.0586,83.6416,-64.7515,36.4481,0.0624,0.0807
1779988771711,1,Pitching Mound.Parent,,Loading,pitch.0,436873,-9.0983,41.6696,138.4555,83.5863,-64.6009,36.3679,0.0621,0.0814
1779988771712,1,12.00000015,Lower Delivery,Loading,pitch.0,437555,-0.5356,-0.2117,0.4484,-0.0156,-0.007,-0.0108,0.0,0.0
1779988771712,1,12.00000018,Upper Delivery,Loading,pitch.0,438413,-0.0633,0.0608,0.0701,-0.0884,-0.0304,-0.0012,0.0,0.0
1779988771712,1,Pitching Mound.Delivery,,Loading,pitch.0,437254,-0.5989,-0.1509,0.5185,0.0246,-0.0374,0.1486,0.0,0.0
1779988771712,1,Pitching Mound.Parent,,Loading,pitch.0,436874,-9.1712,41.8298,138.5772,83.6662,-64.7888,36.5966,0.0622,0.0813
1779988771713,1,11.0000004b,Drive,Loading,pitch.0,437824,-8.6314,42.1258,138.1591,83.6788,-65.0323,36.653,0.0627,0.0806
1779988771713,1,12.00000015,Lower Delivery,Loading,pitch.0,437556,-0.5817,-0.2354,0.4818,-0.0256,-0.0103,-0.0115,0.0,0.0
1779988771713,1,12.00000018,Upper Delivery,Loading,pitch.0,438414,-0.0781,0.0514,0.0557,-0.0884,-0.0304,-0.0012,0.0,0.0
1779988771713,1,Pitching Mound.Delivery,,Loading,pitch.0,437255,-0.6599,-0.184,0.5375,0.0309,-0.0407,0.1585,0.0,0.0
1779988771713,1,Pitching Mound.Drive,,Loading,pitch.0,437824,-8.6314,42.1258,138.1591,83.6788,-65.0323,36.653,0.0627,0.0806
1779988771713,1,Pitching Mound.Parent,,Loading,pitch.0,436875,-9.2913,41.9418,138.6967,83.7097,-65.073,36.8115,0.0624,0.0814
1779988771714,1,11.0000004b,Drive,Loading,pitch.0,437825,-8.7292,42.2685,138.3103,83.7388,-65.0858,36.8473,0.0626,0.0806
1779988771714,1,12.00000015,Lower Delivery,Loading,pitch.0,437557,-0.5779,-0.2305,0.4763,-0.0376,-0.013,-0.0119,0.0,0.0
1779988771714,1,12.00000018,Upper Delivery,Loading,pitch.0,438415,-0.0817,0.0472,0.043,-0.0884,-0.0304,-0.0012,0.0,0.0
1779988771714,1,Pitching Mound.Delivery,,Loading,pitch.0,437256,-0.6596,-0.1833,0.5193,0.0213,-0.0434,0.1556,0.0,0.0
1779988771714,1,Pitching Mound.Drive,,Loading,pitch.0,437825,-8.7292,42.2685,138.3103,83.7388,-65.0858,36.8473,0.0626,0.0806
1779988771714,1,Pitching Mound.Parent,,Loading,pitch.0,436876,-9.3888,42.0852,138.8295,83.7601,-65.1292,37.0029,0.0624,0.0814
1779988771715,1,11.0000004b,Drive,Loading,pitch.0,437826,-8.7894,42.401,138.396,83.7875,-65.1527,37.0332,0.0627,0.0806
1779988771715,1,12.00000015,Lower Delivery,Loading,pitch.0,437558,-0.5831,-0.2603,0.4814,-0.0362,-0.0055,-0.0099,0.0,0.0
1779988771715,1,Pitching Mound.Drive,,Loading,pitch.0,437826,-8.7894,42.401,138.396,83.7875,-65.1527,37.0332,0.0627,0.0806
1779988771716,1,11.0000004b,Drive,Loading,pitch.0,437827,-8.8319,42.5249,138.4245,83.7921,-65.2411,37.1884,0.0627,0.0806
1779988771716,1,12.00000015,Lower Delivery,Loading,pitch.0,437559,-0.5972,-0.263,0.4986,-0.0358,-0.0099,-0.009,0.0,0.0
1779988771716,1,12.00000018,Upper Delivery,Loading,pitch.0,438416,-0.0772,0.0521,0.0538,-0.0884,-0.0304,-0.0012,0.0,0.0
1779988771716,1,12.00000018,Upper Delivery,Loading,pitch.0,438417,-0.0741,0.0531,0.0515,-0.0884,-0.0304,-0.0012,0.0,0.0
1779988771716,1,Pitching Mound.Delivery,,Loading,pitch.0,437257,-0.6603,-0.2082,0.5351,0.0208,-0.0359,0.1609,0.0,0.0
1779988771716,1,Pitching Mound.Delivery,,Loading,pitch.0,437258,-0.6713,-0.2099,0.5501,0.0279,-0.0403,0.1677,0.0,0.0
1779988771716,1,Pitching Mound.Drive,,Loading,pitch.0,437827,-8.8319,42.5249,138.4245,83.7921,-65.2411,37.1884,0.0627,0.0806
1779988771716,1,Pitching Mound.Parent,,Loading,pitch.0,436877,-9.4497,42.1928,138.9311,83.8083,-65.1885,37.1941,0.0624,0.0813
1779988771716,1,Pitching Mound.Parent,,Loading,pitch.0,436878,-9.5032,42.315,138.9746,83.8199,-65.2814,37.3561,0.0625,0.0814
1779988771717,1,11.0000004b,Drive,Loading,pitch.0,437828,-8.8534,42.6627,138.4769,83.8195,-65.1791,37.3178,0.0627,0.0806
1779988771717,1,12.00000015,Lower Delivery,Loading,pitch.0,437560,-0.6187,-0.2853,0.5143,-0.0373,-0.0143,-0.0063,0.0,0.0
1779988771717,1,12.00000018,Upper Delivery,Loading,pitch.0,438418,-0.0763,0.054,0.0534,-0.0884,-0.0304,-0.0012,0.0,0.0
1779988771717,1,Pitching Mound.Delivery,,Loading,pitch.0,437259,-0.6951,-0.2313,0.5677,0.0311,-0.0446,0.177,0.0,0.0
1779988771717,1,Pitching Mound.Drive,,Loading,pitch.0,437828,-8.8534,42.6627,138.4769,83.8195,-65.1791,37.3178,0.0627,0.0806
1779988771717,1,Pitching Mound.Parent,,Loading,pitch.0,436879,-9.5485,42.4314,139.0445,83.8506,-65.2237,37.4948,0.0624,0.0814
1779988771718,1,11.0000004b,Drive,Loading,pitch.0,437829,-8.8744,42.7868,138.4657,83.8597,-65.2916,37.4495,0.0628,0.0806
1779988771718,1,12.00000015,Lower Delivery,Loading,pitch.0,437561,-0.6594,-0.304,0.5433,-0.0385,-0.01,-0.0049,0.0,0.0
1779988771718,1,12.00000018,Upper Delivery,Loading,pitch.0,438419,-0.0708,0.0552,0.0464,-0.0884,-0.0304,-0.0012,0.0,0.0
1779988771718,1,Pitching Mound.Delivery,,Loading,pitch.0,437260,-0.7302,-0.2488,0.5898,0.0421,-0.0404,0.1941,0.0,0.0
1779988771718,1,Pitching Mound.Drive,,Loading,pitch.0,437829,-8.8744,42.7868,138.4657,83.8597,-65.2916,37.4495,0.0628,0.0806
1779988771718,1,Pitching Mound.Parent,,Loading,pitch.0,436880,-9.6046,42.538,139.0555,83.9018,-65.332,37.6436,0.0625,0.0815
1779988771719,1,11.0000004b,Drive,Loading,pitch.0,437830,-8.8697,42.9016,138.3747,83.8406,-65.46,37.5965,0.063,0.0807
1779988771719,1,12.00000015,Lower Delivery,Loading,pitch.0,437562,-0.7163,-0.3229,0.6014,-0.0347,-0.0093,-0.0036,0.0,0.0
1779988771719,1,12.00000018,Upper Delivery,Loading,pitch.0,438420,-0.0686,0.0493,0.0325,-0.0884,-0.0304,-0.0012,0.0,0.0
1779988771719,1,Pitching Mound.Delivery,,Loading,pitch.0,437261,-0.7849,-0.2736,0.6339,0.0704,-0.0397,0.2155,0.0,0.0
1779988771719,1,Pitching Mound.Drive,,Loading,pitch.0,437830,-8.8697,42.9016,138.3747,83.8406,-65.46,37.5965,0.063,0.0807
1779988771719,1,Pitching Mound.Parent,,Loading,pitch.0,436881,-9.6547,42.6281,139.0086,83.9109,-65.4997,37.812,0.0627,0.0817
1779988771720,1,11.0000004b,Drive,Loading,pitch.0,437831,-8.8484,43.0306,138.4432,83.7921,-65.4338,37.7301,0.0629,0.0806
1779988771720,1,12.00000015,Lower Delivery,Loading,pitch.0,437563,-0.71,-0.3098,0.6003,-0.0371,-0.0081,-0.0064,0.0,0.0
1779988771720,1,12.00000018,Upper Delivery,Loading,pitch.0,438421,-0.0699,0.0545,0.0305,-0.0884,-0.0304,-0.0012,0.0,0.0
1779988771720,1,Pitching Mound.Delivery,,Loading,pitch.0,437262,-0.7799,-0.2553,0.6308,0.0683,-0.0384,0.21,0.0,0.0
1779988771720,1,Pitching Mound.Drive,,Loading,pitch.0,437831,-8.8484,43.0306,138.4432,83.7921,-65.4338,37.7301,0.0629,0.0806
1779988771720,1,Pitching Mound.Parent,,Loading,pitch.0,436882,-9.6283,42.7753,139.074,83.8604,-65.4722,37.9401,0.0626,0.0816
1779988771721,1,11.0000004b,Drive,Loading,pitch.0,437832,-8.8351,43.1654,138.402,83.8271,-65.4729,37.8828,0.063,0.0806
1779988771721,1,12.00000015,Lower Delivery,Loading,pitch.0,437564,-0.7238,-0.3421,0.6065,-0.0332,-0.0023,-0.0074,0.0,0.0
1779988771721,1,12.00000018,Upper Delivery,Loading,pitch.0,438422,-0.07,0.0546,0.0188,-0.0884,-0.0304,-0.0012,0.0,0.0
1779988771721,1,Pitching Mound.Delivery,,Loading,pitch.0,437263,-0.7937,-0.2875,0.6252,0.0783,-0.0326,0.2137,0.0,0.0
1779988771721,1,Pitching Mound.Drive,,Loading,pitch.0,437832,-8.8351,43.1654,138.402,83.8271,-65.4729,37.8828,0.063,0.0806
1779988771721,1,Pitching Mound.Parent,,Loading,pitch.0,436883,-9.6289,42.8778,139.0272,83.9053,-65.5056,38.0965,0.0627,0.0817
1779988771722,1,11.0000004b,Drive,Loading,pitch.0,437833,-8.8079,43.2981,138.4069,83.8581,-65.5292,38.0817,0.063,0.0807
1779988771722,1,12.00000015,Lower Delivery,Loading,pitch.0,437565,-0.6772,-0.3026,0.5624,-0.0475,-0.017,-0.0076,0.0,0.0
1779988771722,1,12.00000018,Upper Delivery,Loading,pitch.0,438423,-0.0633,0.054,0.0384,-0.0884,-0.0304,-0.0012,0.0,0.0
1779988771722,1,Pitching Mound.Delivery,,Loading,pitch.0,437264,-0.7405,-0.2486,0.6008,0.0423,-0.0474,0.2,0.0,0.0
1779988771722,1,Pitching Mound.Drive,,Loading,pitch.0,437833,-8.8079,43.2981,138.4069,83.8581,-65.5292,38.0817,0.063,0.0807
1779988771722,1,Pitching Mound.Parent,,Loading,pitch.0,436884,-9.5485,43.0495,139.0076,83.9004,-65.5766,38.2816,0.0628,0.0816
1779988771723,1,11.0000004b,Drive,Loading,pitch.0,437834,-8.7749,43.4253,138.3919,83.8796,-65.6862,38.249,0.0632,0.0807
1779988771723,1,12.00000015,Lower Delivery,Loading,pitch.0,437566,-0.7258,-0.344,0.6031,-0.0513,-0.0212,-0.0063,0.0,0.0
1779988771723,1,12.00000018,Upper Delivery,Loading,pitch.0,438424,-0.0636,0.0494,0.0306,-0.0884,-0.0304,-0.0012,0.0,0.0
1779988771723,1,Pitching Mound.Delivery,,Loading,pitch.0,437265,-0.7894,-0.2946,0.6337,0.055,-0.0515,0.2177,0.0,0.0
1779988771723,1,Pitching Mound.Drive,,Loading,pitch.0,437834,-8.7749,43.4253,138.3919,83.8796,-65.6862,38.249,0.0632,0.0807
1779988771723,1,Pitching Mound.Parent,,Loading,pitch.0,436885,-9.5643,43.1307,139.0256,83.9347,-65.7377,38.4667,0.0629,0.0817
1779988771724,1,11.0000004b,Drive,Loading,pitch.0,437835,-8.737,43.5409,138.4138,83.8832,-65.7488,38.4559,0.0632,0.0807
1779988771724,1,12.00000015,Lower Delivery,Loading,pitch.0,437567,-0.7312,-0.3317,0.5961,-0.0583,-0.0219,-0.0068,0.0,0.0
1779988771724,1,12.00000018,Upper Delivery,Loading,pitch.0,438425,-0.0631,0.0467,0.0542,-0.0884,-0.0304,-0.0012,0.0,0.0
1779988771724,1,Pitching Mound.Delivery,,Loading,pitch.0,437266,-0.7943,-0.2849,0.6503,0.0376,-0.0523,0.2192,0.0,0.0
1779988771724,1,Pitching Mound.Drive,,Loading,pitch.0,437835,-8.737,43.5409,138.4138,83.8832,-65.7488,38.4559,0.0632,0.0807
1779988771724,1,Pitching Mound.Parent,,Loading,pitch.0,436886,-9.5313,43.2559,139.0641,83.9208,-65.8011,38.675,0.0629,0.0816
1779988771725,1,11.0000004b,Drive,Loading,pitch.0,437836,-8.7062,43.648,138.3551,83.8387,-65.8862,38.6356,0.0634,0.0807
1779988771725,1,12.00000015,Lower Delivery,Loading,pitch.0,437568,-0.7051,-0.3111,0.6029,-0.0544,-0.0156,-0.0069,0.0,0.0
1779988771725,1,12.00000018,Upper Delivery,Loading,pitch.0,438426,-0.0551,0.0573,0.0805,-0.0884,-0.0304,-0.0012,0.0,0.0
1779988771725,1,Pitching Mound.Delivery,,Loading,pitch.0,437267,-0.7601,-0.2538,0.6834,0.0349,-0.046,0.2129,0.0,0.0
1779988771725,1,Pitching Mound.Drive,,Loading,pitch.0,437836,-8.7062,43.648,138.3551,83.8387,-65.8862,38.6356,0.0634,0.0807
1779988771725,1,Pitching Mound.Parent,,Loading,pitch.0,436887,-9.4663,43.3942,139.0385,83.8736,-65.9322,38.8485,0.0631,0.0816
1779988771726,1,11.0000004b,Drive,Loading,pitch.0,437837,-8.6929,43.7419,138.3263,83.7897,-65.958,38.8088,0.0635,0.0806
1779988771726,1,12.00000015,Lower Delivery,Loading,pitch.0,437569,-0.6771,-0.293,0.5817,-0.0629,-0.0223,-0.0074,0.0,0.0
1779988771726,1,12.00000018,Upper Delivery,Loading,pitch.0,438427,-0.0484,0.062,0.1027,-0.0884,-0.0304,-0.0012,0.0,0.0
1779988771726,1,Pitching Mound.Delivery,,Loading,pitch.0,437268,-0.7255,-0.231,0.6844,0.0115,-0.0527,0.2051,0.0,0.0
1779988771726,1,Pitching Mound.Drive,,Loading,pitch.0,437837,-8.6929,43.7419,138.3263,83.7897,-65.958,38.8088,0.0635,0.0806
1779988771726,1,Pitching Mound.Parent,,Loading,pitch.0,436888,-9.4185,43.5109,139.0107,83.8012,-66.0106,39.0139,0.0632,0.0814
1779988771727,1,11.0000004b,Drive,Loading,pitch.0,437838,-8.677,43.8275,138.3523,83.8384,-66.1424,39.0101,0.0636,0.0807
1779988771727,1,12.00000015,Lower Delivery,Loading,pitch.0,437570,-0.6995,-0.271,0.6279,-0.0693,-0.0093,-0.0042,0.0,0.0
1779988771727,1,12.00000018,Upper Delivery,Loading,pitch.0,438428,-0.0584,0.0533,0.0609,-0.0884,-0.0304,-0.0012,0.0,0.0
1779988771727,1,Pitching Mound.Delivery,,Loading,pitch.0,437269,-0.7579,-0.2177,0.6888,0.0352,-0.0397,0.2126,0.0,0.0
1779988771727,1,Pitching Mound.Drive,,Loading,pitch.0,437838,-8.677,43.8275,138.3523,83.8384,-66.1424,39.0101,0.0636,0.0807
1779988771727,1,Pitching Mound.Parent,,Loading,pitch.0,436889,-9.4348,43.6099,139.0411,83.8735,-66.182,39.2227,0.0633,0.0817
1779988771728,1,11.0000004b,Drive,Loading,pitch.0,437839,-8.6911,43.8914,138.3984,83.8131,-66.2984,39.1459,0.0638,0.0806
1779988771728,1,12.00000015,Lower Delivery,Loading,pitch.0,437571,-0.686,-0.2372,0.6299,-0.0825,-0.0046,-0.0013,0.0,0.0
1779988771728,1,12.00000018,Upper Delivery,Loading,pitch.0,438429,-0.0565,0.0534,0.0555,-0.0884,-0.0304,-0.0012,0.0,0.0
1779988771728,1,Pitching Mound.Delivery,,Loading,pitch.0,437270,-0.7425,-0.1838,0.6854,0.0244,-0.0349,0.2116,0.0,0.0
1779988771728,1,Pitching Mound.Drive,,Loading,pitch.0,437839,-8.6911,43.8914,138.3984,83.8131,-66.2984,39.1459,0.0638,0.0806
1779988771728,1,Pitching Mound.Parent,,Loading,pitch.0,436890,-9.4336,43.7076,139.0838,83.8376,-66.3333,39.3575,0.0635,0.0816
1779988771729,1,11.0000004b,Drive,Loading,pitch.0,437840,-8.6961,43.9388,138.3599,83.8388,-66.416,39.2987,0.0639,0.0807
1779988771729,1,12.00000015,Lower Delivery,Loading,pitch.0,437572,-0.6951,-0.2482,0.6251,-0.0801,-0.0011,-0.0027,0.0,0.0
1779988771729,1,12.00000018,Upper Delivery,Loading,pitch.0,438430,-0.0605,0.057,0.0464,-0.0884,-0.0304,-0.0012,0.0,0.0
1779988771729,1,Pitching Mound.Delivery,,Loading,pitch.0,437271,-0.7557,-0.1912,0.6715,0.0283,-0.0315,0.2119,0.0,0.0
1779988771729,1,Pitching Mound.Drive,,Loading,pitch.0,437840,-8.6961,43.9388,138.3599,83.8388,-66.416,39.2987,0.0639,0.0807
1779988771729,1,Pitching Mound.Parent,,Loading,pitch.0,436891,-9.4518,43.7477,139.0313,83.8671,-66.4474,39.5106,0.0636,0.0817
1779988771730,1,11.0000004b,Drive,Loading,pitch.0,437841,-8.7061,43.9755,138.4204,83.8892,-66.5094,39.452,0.064,0.0807
1779988771730,1,12.00000015,Lower Delivery,Loading,pitch.0,437573,-0.6832,-0.2516,0.5928,-0.0884,-0.0069,-0.0029,0.0,0.0
1779988771730,1,12.00000018,Upper Delivery,Loading,pitch.0,438431,-0.0624,0.0593,0.0257,-0.0884,-0.0304,-0.0012,0.0,0.0
1779988771730,1,Pitching Mound.Delivery,,Loading,pitch.0,437272,-0.7456,-0.1923,0.6185,0.016,-0.0373,0.207,0.0,0.0
1779988771730,1,Pitching Mound.Drive,,Loading,pitch.0,437841,-8.7061,43.9755,138.4204,83.8892,-66.5094,39.452,0.064,0.0807
1779988771730,1,Pitching Mound.Parent,,Loading,pitch.0,436892,-9.4517,43.7833,139.0389,83.9053,-66.5467,39.6589,0.0637,0.0817
1779988771731,1,11.0000004b,Drive,Loading,pitch.0,437842,-8.7381,43.9954,138.3161,83.8549,-66.739,39.618,0.0642,0.0807
1779988771731,1,11.0000004b,Drive,Loading,pitch.0,437843,-8.7531,44.0025,138.2882,83.834,-66.8589,39.7143,0.0644,0.0807
1779988771731,1,12.00000015,Lower Delivery,Loading,pitch.0,437574,-0.6593,-0.2473,0.5607,-0.0848,-0.0001,-0.0019,0.0,0.0
1779988771731,1,12.00000018,Upper Delivery,Loading,pitch.0,438432,-0.0616,0.0635,0.0181,-0.0884,-0.0304,-0.0012,0.0,0.0
1779988771731,1,Pitching Mound.Delivery,,Loading,pitch.0,437273,-0.7208,-0.1838,0.5788,0.0113,-0.0305,0.2001,0.0,0.0
1779988771731,1,Pitching Mound.Drive,,Loading,pitch.0,437842,-8.7381,43.9954,138.3161,83.8549,-66.739,39.618,0.0642,0.0807
1779988771731,1,Pitching Mound.Drive,,Loading,pitch.0,437843,-8.7531,44.0025,138.2882,83.834,-66.8589,39.7143,0.0644,0.0807
1779988771731,1,Pitching Mound.Parent,,Loading,pitch.0,436893,-9.459,43.8115,138.8949,83.8662,-66.7695,39.8181,0.064,0.0817
1779988771732,1,11.0000004b,Drive,Loading,pitch.0,437844,-8.7683,44.0177,138.2537,83.8544,-66.8676,39.8268,0.0644,0.0807
1779988771732,1,12.00000015,Lower Delivery,Loading,pitch.0,437575,-0.6429,-0.2519,0.5243,-0.0755,0.0009,-0.0025,0.0,0.0
1779988771732,1,12.00000018,Upper Delivery,Loading,pitch.0,438433,-0.0653,0.0597,0.0258,-0.0884,-0.0304,-0.0012,0.0,0.0
1779988771732,1,Pitching Mound.Delivery,,Loading,pitch.0,437274,-0.7082,-0.1923,0.55,0.0057,-0.0294,0.1927,0.0,0.0
1779988771732,1,Pitching Mound.Drive,,Loading,pitch.0,437844,-8.7683,44.0177,138.2537,83.8544,-66.8676,39.8268,0.0644,0.0807
1779988771732,1,Pitching Mound.Parent,,Loading,pitch.0,436894,-9.4612,43.8102,138.8382,83.8396,-66.8883,39.907,0.0641,0.0816
1779988771733,1,11.0000004b,Drive,Loading,pitch.0,437845,-8.7647,44.0537,138.149,83.8413,-67.0213,39.9797,0.0646,0.0808
1779988771733,1,12.00000015,Lower Delivery,Loading,pitch.0,437576,-0.6602,-0.2743,0.5027,-0.0824,-0.0077,-0.002,0.0,0.0
1779988771733,1,12.00000018,Upper Delivery,Loading,pitch.0,438434,-0.0618,0.0626,0.0383,-0.0884,-0.0304,-0.0012,0.0,0.0
1779988771733,1,Pitching Mound.Delivery,,Loading,pitch.0,437275,-0.722,-0.2117,0.541,-0.0128,-0.0381,0.2003,0.0,0.0
1779988771733,1,Pitching Mound.Drive,,Loading,pitch.0,437845,-8.7647,44.0537,138.149,83.8413,-67.0213,39.9797,0.0646,0.0808
1779988771733,1,Pitching Mound.Parent,,Loading,pitch.0,436895,-9.4903,43.806,138.7947,83.8416,-66.9057,40.0271,0.0641,0.0816
1779988771734,1,11.0000004b,Drive,Loading,pitch.0,437846,-8.7812,44.0753,138.0531,83.8957,-67.1025,40.0997,0.0647,0.0809
1779988771734,1,12.00000015,Lower Delivery,Loading,pitch.0,437577,-0.6425,-0.2651,0.4646,-0.0654,-0.0031,-0.0022,0.0,0.0
1779988771734,1,12.00000018,Upper Delivery,Loading,pitch.0,438435,-0.0592,0.0639,0.0497,-0.0884,-0.0304,-0.0012,0.0,0.0
1779988771734,1,Pitching Mound.Delivery,,Loading,pitch.0,437276,-0.7017,-0.2012,0.5143,-0.0127,-0.0334,0.195,0.0,0.0
1779988771734,1,Pitching Mound.Drive,,Loading,pitch.0,437846,-8.7812,44.0753,138.0531,83.8957,-67.1025,40.0997,0.0647,0.0809
1779988771734,1,Pitching Mound.Parent,,Loading,pitch.0,436896,-9.4664,43.8524,138.6633,83.8286,-67.0548,40.1747,0.0643,0.0815
1779988771735,1,11.0000004b,Drive,Loading,pitch.0,437847,-8.7521,44.1051,137.9267,83.8623,-67.1728,40.2296,0.0648,0.0809
1779988771735,1,12.00000015,Lower Delivery,Loading,pitch.0,437578,-0.6335,-0.2758,0.4486,-0.0693,-0.0141,-0.005,0.0,0.0
1779988771735,1,12.00000018,Upper Delivery,Loading,pitch.0,438436,-0.0422,0.0745,0.0948,-0.0884,-0.0304,-0.0012,0.0,0.0
1779988771735,1,Pitching Mound.Delivery,,Loading,pitch.0,437277,-0.6758,-0.2013,0.5433,-0.0374,-0.0445,0.1948,0.0,0.0
1779988771735,1,Pitching Mound.Drive,,Loading,pitch.0,437847,-8.7521,44.1051,137.9267,83.8623,-67.1728,40.2296,0.0648,0.0809
1779988771735,1,Pitching Mound.Parent,,Loading,pitch.0,436897,-9.457,43.874,138.5964,83.8583,-67.147,40.2946,0.0645,0.0815
1779988771736,1,11.0000004b,Drive,Loading,pitch.0,437848,-8.7314,44.1358,137.7825,83.9518,-67.2617,40.3718,0.065,0.0811
1779988771736,1,12.00000015,Lower Delivery,Loading,pitch.0,437579,-0.6187,-0.2609,0.4214,-0.0686,-0.0218,-0.006,0.0,0.0
1779988771736,1,12.00000018,Upper Delivery,Loading,pitch.0,438437,-0.0589,0.0626,0.0464,-0.0884,-0.0304,-0.0012,0.0,0.0
1779988771736,1,Pitching Mound.Delivery,,Loading,pitch.0,437278,-0.6776,-0.1983,0.4678,-0.0295,-0.0522,0.1831,0.0,0.0
1779988771736,1,Pitching Mound.Drive,,Loading,pitch.0,437848,-8.7314,44.1358,137.7825,83.9518,-67.2617,40.3718,0.065,0.0811
1779988771736,1,Pitching Mound.Parent,,Loading,pitch.0,436898,-9.4297,43.9068,138.3945,83.8328,-67.225,40.4127,0.0646,0.0816
1779988771737,1,11.0000004b,Drive,Loading,pitch.0,437849,-8.6978,44.1958,137.6219,83.9421,-67.2646,40.5193,0.0651,0.0812
1779988771737,1,12.00000015,Lower Delivery,Loading,pitch.0,437580,-0.6075,-0.2657,0.4572,-0.0703,-0.0273,-0.0053,0.0,0.0
1779988771737,1,12.00000018,Upper Delivery,Loading,pitch.0,438438,-0.0508,0.0681,0.0776,-0.0884,-0.0304,-0.0012,0.0,0.0
1779988771737,1,Pitching Mound.Delivery,,Loading,pitch.0,437279,-0.6583,-0.1976,0.5348,-0.0296,-0.0576,0.1828,0.0,0.0
1779988771737,1,Pitching Mound.Drive,,Loading,pitch.0,437849,-8.6978,44.1958,137.6219,83.9421,-67.2646,40.5193,0.0651,0.0812
1779988771737,1,Pitching Mound.Parent,,Loading,pitch.0,436899,-9.3897,43.9382,138.3173,83.9222,-67.3194,40.5546,0.0647,0.0817
1779988771738,1,11.0000004b,Drive,Loading,pitch.0,437850,-8.6571,44.2272,137.4959,83.9569,-67.4183,40.6651,0.0653,0.0813
1779988771738,1,12.00000015,Lower Delivery,Loading,pitch.0,437581,-0.5691,-0.2668,0.4308,-0.0783,-0.0349,-0.0049,0.0,0.0
1779988771738,1,12.00000018,Upper Delivery,Loading,pitch.0,438439,-0.057,0.0671,0.0498,-0.0884,-0.0304,-0.0012,0.0,0.0
1779988771738,1,Pitching Mound.Delivery,,Loading,pitch.0,437280,-0.6262,-0.1996,0.4806,-0.0372,-0.0652,0.168,0.0,0.0
1779988771738,1,Pitching Mound.Drive,,Loading,pitch.0,437850,-8.6571,44.2272,137.4959,83.9569,-67.4183,40.6651,0.0653,0.0813
1779988771738,1,Pitching Mound.Parent,,Loading,pitch.0,436900,-9.324,43.9961,138.1025,83.905,-67.3298,40.6873,0.0648,0.0819
1779988771739,1,11.0000004b,Drive,Loading,pitch.0,437851,-8.5998,44.3066,137.3347,84.0284,-67.4511,40.7712,0.0654,0.0815
1779988771739,1,12.00000015,Lower Delivery,Loading,pitch.0,437582,-0.576,-0.2754,0.4493,-0.0724,-0.0264,-0.0059,0.0,0.0
1779988771739,1,12.00000018,Upper Delivery,Loading,pitch.0,438440,-0.0581,0.0649,0.0581,-0.0884,-0.0304,-0.0012,0.0,0.0
1779988771739,1,Pitching Mound.Delivery,,Loading,pitch.0,437281,-0.6341,-0.2105,0.5074,-0.0278,-0.0567,0.169,0.0,0.0
1779988771739,1,Pitching Mound.Drive,,Loading,pitch.0,437851,-8.5998,44.3066,137.3347,84.0284,-67.4511,40.7712,0.0654,0.0815
1779988771739,1,Pitching Mound.Parent,,Loading,pitch.0,436901,-9.2912,44.0166,138.0033,83.9291,-67.475,40.8341,0.065,0.082
1779988771740,1,11.0000004b,Drive,Loading,pitch.0,437852,-8.5385,44.3615,137.179,84.093,-67.4618,40.8727,0.0655,0.0816
1779988771740,1,12.00000015,Lower Delivery,Loading,pitch.0,437583,-0.5792,-0.2797,0.4353,-0.0749,-0.0298,-0.0042,0.0,0.0
1779988771740,1,12.00000018,Upper Delivery,Loading,pitch.0,438441,-0.0468,0.0742,0.0722,-0.0884,-0.0304,-0.0012,0.0,0.0
1779988771740,1,Pitching Mound.Delivery,,Loading,pitch.0,437282,-0.626,-0.2056,0.5075,-0.0398,-0.0601,0.1756,0.0,0.0
1779988771740,1,Pitching Mound.Drive,,Loading,pitch.0,437852,-8.5385,44.3615,137.179,84.093,-67.4618,40.8727,0.0655,0.0816
1779988771740,1,Pitching Mound.Parent,,Loading,pitch.0,436902,-9.2258,44.1011,137.8422,83.9886,-67.5112,40.9469,0.0651,0.0821
1779988771741,1,11.0000004b,Drive,Loading,pitch.0,437853,-8.475,44.4178,137.0222,84.1237,-67.4746,40.9614,0.0656,0.0817
1779988771741,1,12.00000015,Lower Delivery,Loading,pitch.0,437584,-0.614,-0.2696,0.4832,-0.0695,-0.027,-0.0043,0.0,0.0
1779988771741,1,12.00000018,Upper Delivery,Loading,pitch.0,438442,-0.0512,0.068,0.0843,-0.0884,-0.0304,-0.0012,0.0,0.0
1779988771741,1,Pitching Mound.Delivery,,Loading,pitch.0,437283,-0.6652,-0.2016,0.5676,-0.0222,-0.0574,0.1859,0.0,0.0
1779988771741,1,Pitching Mound.Drive,,Loading,pitch.0,437853,-8.475,44.4178,137.0222,84.1237,-67.4746,40.9614,0.0656,0.0817
1779988771741,1,Pitching Mound.Parent,,Loading,pitch.0,436903,-9.2037,44.1599,137.7465,84.0708,-67.5192,41.0586,0.0652,0.0823
1779988771742,1,11.0000004b,Drive,Loading,pitch.0,437854,-8.4302,44.4547,136.7788,84.0365,-67.5051,41.0538,0.0657,0.0818
1779988771742,1,12.00000015,Lower Delivery,Loading,pitch.0,437585,-0.6219,-0.284,0.4756,-0.0758,-0.0282,-0.0055,0.0,0.0
1779988771742,1,12.00000018,Upper Delivery,Loading,pitch.0,438443,-0.0448,0.0721,0.0773,-0.0884,-0.0304,-0.0012,0.0,0.0
1779988771742,1,Pitching Mound.Delivery,,Loading,pitch.0,437284,-0.6667,-0.2119,0.5529,-0.0287,-0.0586,0.1896,0.0,0.0
1779988771742,1,Pitching Mound.Drive,,Loading,pitch.0,437854,-8.4302,44.4547,136.7788,84.0365,-67.5051,41.0538,0.0657,0.0818
1779988771742,1,Pitching Mound.Parent,,Loading,pitch.0,436904,-9.1417,44.206,137.5751,84.0951,-67.5332,41.151,0.0653,0.0824
1779988771743,1,11.0000004b,Drive,Loading,pitch.0,437855,-8.3729,44.4926,136.6481,84.0399,-67.5909,41.1381,0.0658,0.0819
1779988771743,1,12.00000015,Lower Delivery,Loading,pitch.0,437586,-0.6391,-0.284,0.5194,-0.0637,-0.0223,-0.0047,0.0,0.0
1779988771743,1,12.00000018,Upper Delivery,Loading,pitch.0,438444,-0.0365,0.0803,0.0727,-0.0884,-0.0304,-0.0012,0.0,0.0
1779988771743,1,Pitching Mound.Delivery,,Loading,pitch.0,437285,-0.6756,-0.2038,0.5921,-0.0002,-0.0527,0.199,0.0,0.0
1779988771743,1,Pitching Mound.Drive,,Loading,pitch.0,437855,-8.3729,44.4926,136.6481,84.0399,-67.5909,41.1381,0.0658,0.0819
1779988771743,1,Pitching Mound.Parent,,Loading,pitch.0,436905,-9.1058,44.2509,137.3709,84.0364,-67.5578,41.2528,0.0654,0.0825
1779988771744,1,11.0000004b,Drive,Loading,pitch.0,437856,-8.3393,44.5268,136.5181,83.9535,-67.531,41.1633,0.0659,0.0819
1779988771744,1,12.00000015,Lower Delivery,Loading,pitch.0,437587,-0.6703,-0.2893,0.5777,-0.0582,-0.0108,-0.0064,0.0,0.0
1779988771744,1,12.00000018,Upper Delivery,Loading,pitch.0,438445,-0.0351,0.08,0.0709,-0.0884,-0.0304,-0.0012,0.0,0.0
1779988771744,1,Pitching Mound.Delivery,,Loading,pitch.0,437286,-0.7054,-0.2093,0.6486,0.0257,-0.0412,0.2083,0.0,0.0
1779988771744,1,Pitching Mound.Drive,,Loading,pitch.0,437856,-8.3393,44.5268,136.5181,83.9535,-67.531,41.1633,0.0659,0.0819
1779988771744,1,Pitching Mound.Parent,,Loading,pitch.0,436906,-9.0783,44.2833,137.2967,84.0657,-67.6321,41.3465,0.0655,0.0827
1779988771745,1,11.0000004b,Drive,Loading,pitch.0,437857,-8.2886,44.5465,136.3713,83.8834,-67.6232,41.2421,0.066,0.0819
1779988771745,1,12.00000015,Lower Delivery,Loading,pitch.0,437588,-0.6575,-0.2733,0.5652,-0.0664,-0.0187,-0.0075,0.0,0.0
1779988771745,1,12.00000018,Upper Delivery,Loading,pitch.0,438446,-0.0392,0.0766,0.06,-0.0884,-0.0304,-0.0012,0.0,0.0
1779988771745,1,Pitching Mound.Delivery,,Loading,pitch.0,437287,-0.6966,-0.1967,0.6252,0.0171,-0.0491,0.2015,0.0,0.0
1779988771745,1,Pitching Mound.Drive,,Loading,pitch.0,437857,-8.2886,44.5465,136.3713,83.8834,-67.6232,41.2421,0.066,0.0819
1779988771745,1,Pitching Mound.Parent,,Loading,pitch.0,436907,-9.0359,44.3301,137.1433,83.9706,-67.58,41.3648,0.0656,0.0827
1779988771746,1,11.0000004b,Drive,Loading,pitch.0,437858,-8.2637,44.5758,136.1678,83.9198,-67.5698,41.3179,0.0661,0.082
1779988771746,1,12.00000015,Lower Delivery,Loading,pitch.0,437589,-0.6549,-0.245,0.5728,-0.0686,-0.0182,-0.005,0.0,0.0
1779988771746,1,12.00000018,Upper Delivery,Loading,pitch.0,438447,-0.0334,0.0817,0.0461,-0.0884,-0.0304,-0.0012,0.0,0.0
1779988771746,1,Pitching Mound.Delivery,,Loading,pitch.0,437288,-0.6883,-0.1632,0.6189,0.0221,-0.0485,0.2051,0.0,0.0
1779988771746,1,Pitching Mound.Drive,,Loading,pitch.0,437858,-8.2637,44.5758,136.1678,83.9198,-67.5698,41.3179,0.0661,0.082
1779988771746,1,Pitching Mound.Parent,,Loading,pitch.0,436908,-8.9769,44.3833,136.9903,83.9055,-67.6717,41.4472,0.0657,0.0828
1779988771747,1,11.0000004b,Drive,Loading,pitch.0,437859,-8.2447,44.5909,136.0172,83.9053,-67.478,41.3844,0.066,0.0821
1779988771747,1,12.00000015,Lower Delivery,Loading,pitch.0,437590,-0.6666,-0.2314,0.5789,-0.0782,-0.0192,-0.0034,0.0,0.0
1779988771747,1,12.00000018,Upper Delivery,Loading,pitch.0,438448,-0.0297,0.0808,0.0764,-0.0884,-0.0304,-0.0012,0.0,0.0
1779988771747,1,Pitching Mound.Delivery,,Loading,pitch.0,437289,-0.6963,-0.1506,0.6553,0.0043,-0.0496,0.2119,0.0,0.0
1779988771747,1,Pitching Mound.Drive,,Loading,pitch.0,437859,-8.2447,44.5909,136.0172,83.9053,-67.478,41.3844,0.066,0.0821
1779988771747,1,Pitching Mound.Parent,,Loading,pitch.0,436909,-8.96,44.4251,136.8231,83.9241,-67.6194,41.5298,0.0657,0.0829
1779988771748,1,11.0000004b,Drive,Loading,pitch.0,437860,-8.2174,44.6121,135.8301,83.8619,-67.4929,41.4386,0.0661,0.0822
1779988771748,1,12.00000015,Lower Delivery,Loading,pitch.0,437591,-0.6633,-0.2174,0.5875,-0.0782,-0.0141,-0.0037,0.0,0.0
1779988771748,1,12.00000018,Upper Delivery,Loading,pitch.0,438449,-0.0444,0.0688,0.0818,-0.0884,-0.0304,-0.0012,0.0,0.0
1779988771748,1,Pitching Mound.Delivery,,Loading,pitch.0,437290,-0.7078,-0.1487,0.6693,0.0053,-0.0445,0.2055,0.0,0.0
1779988771748,1,Pitching Mound.Drive,,Loading,pitch.0,437860,-8.2174,44.6121,135.8301,83.8619,-67.4929,41.4386,0.0661,0.0822
1779988771748,1,Pitching Mound.Parent,,Loading,pitch.0,436910,-8.9524,44.4422,136.6865,83.9106,-67.5225,41.5899,0.0657,0.083
1779988771749,1,11.0000004b,Drive,Loading,pitch.0,437861,-8.2008,44.6165,135.5784,83.755,-67.5195,41.519,0.0663,0.0822
1779988771749,1,12.00000015,Lower Delivery,Loading,pitch.0,437592,-0.6667,-0.236,0.5897,-0.0682,-0.0135,-0.0028,0.0,0.0
1779988771749,1,12.00000018,Upper Delivery,Loading,pitch.0,438450,-0.0342,0.0773,0.0745,-0.0884,-0.0304,-0.0012,0.0,0.0
1779988771749,1,Pitching Mound.Delivery,,Loading,pitch.0,437291,-0.701,-0.1587,0.6642,0.0186,-0.0439,0.2111,0.0,0.0
1779988771749,1,Pitching Mound.Drive,,Loading,pitch.0,437861,-8.2008,44.6165,135.5784,83.755,-67.5195,41.519,0.0663,0.0822
1779988771749,1,Pitching Mound.Parent,,Loading,pitch.0,436911,-8.9184,44.4534,136.4943,83.8805,-67.5368,41.6497,0.0658,0.0831
1779988771750,1,11.0000004b,Drive,Loading,pitch.0,437862,-8.1922,44.6246,135.3802,83.689,-67.6301,41.5728,0.0665,0.0823
1779988771750,1,12.00000015,Lower Delivery,Loading,pitch.0,437593,-0.6665,-0.2352,0.5741,-0.0752,-0.02,-0.0062,0.0,0.0
1779988771750,1,12.00000018,Upper Delivery,Loading,pitch.0,438451,-0.0359,0.0789,0.0663,-0.0884,-0.0304,-0.0012,0.0,0.0
1779988771750,1,Pitching Mound.Delivery,,Loading,pitch.0,437292,-0.7024,-0.1563,0.6404,0.009,-0.0504,0.207,0.0,0.0
1779988771750,1,Pitching Mound.Drive,,Loading,pitch.0,437862,-8.1922,44.6246,135.3802,83.689,-67.6301,41.5728,0.0665,0.0823
1779988771750,1,Pitching Mound.Parent,,Loading,pitch.0,436912,-8.9032,44.4602,136.2188,83.764,-67.5699,41.726,0.066,0.0831
1779988771751,1,11.0000004b,Drive,Loading,pitch.0,437863,-8.1789,44.6373,135.2086,83.7161,-67.7654,41.6685,0.0667,0.0824
1779988771751,1,12.00000015,Lower Delivery,Loading,pitch.0,437594,-0.6747,-0.2157,0.5954,-0.0799,-0.0169,-0.0058,0.0,0.0
1779988771751,1,12.00000018,Upper Delivery,Loading,pitch.0,438452,-0.0492,0.0649,0.0445,-0.0884,-0.0304,-0.0012,0.0,0.0
1779988771751,1,Pitching Mound.Delivery,,Loading,pitch.0,437293,-0.7239,-0.1508,0.6398,0.0191,-0.0473,0.2057,0.0,0.0
1779988771751,1,Pitching Mound.Drive,,Loading,pitch.0,437863,-8.1789,44.6373,135.2086,83.7161,-67.7654,41.6685,0.0667,0.0824
1779988771751,1,Pitching Mound.Parent,,Loading,pitch.0,436913,-8.9161,44.4738,136.02,83.7081,-67.6773,41.7785,0.0662,0.0833
1779988771752,1,11.0000004b,Drive,Loading,pitch.0,437864,-8.1618,44.6589,134.9537,83.6506,-67.8968,41.751,0.067,0.0825
1779988771752,1,12.00000015,Lower Delivery,Loading,pitch.0,437595,-0.6617,-0.2429,0.5767,-0.071,-0.008,-0.0048,0.0,0.0
1779988771752,1,12.00000018,Upper Delivery,Loading,pitch.0,438453,-0.0532,0.0632,0.0309,-0.0884,-0.0304,-0.0012,0.0,0.0
1779988771752,1,Pitching Mound.Delivery,,Loading,pitch.0,437294,-0.7149,-0.1796,0.6077,0.0262,-0.0384,0.2009,0.0,0.0
1779988771752,1,Pitching Mound.Drive,,Loading,pitch.0,437864,-8.1618,44.6589,134.9537,83.6506,-67.8968,41.751,0.067,0.0825
1779988771752,1,Pitching Mound.Parent,,Loading,pitch.0,436914,-8.8938,44.4577,135.8163,83.7424,-67.8038,41.8694,0.0664,0.0834
1779988771753,1,11.0000004b,Drive,Loading,pitch.0,437865,-8.1307,44.675,134.7667,83.6184,-67.8596,41.8328,0.067,0.0826
1779988771753,1,12.00000015,Lower Delivery,Loading,pitch.0,437596,-0.6744,-0.231,0.5679,-0.0721,-0.0077,-0.0037,0.0,0.0
1779988771753,1,12.00000018,Upper Delivery,Loading,pitch.0,438454,-0.0664,0.0449,-0.0087,-0.0884,-0.0304,-0.0012,0.0,0.0
1779988771753,1,Pitching Mound.Delivery,,Loading,pitch.0,437295,-0.7409,-0.1861,0.5592,0.0356,-0.0381,0.2018,0.0,0.0
1779988771753,1,Pitching Mound.Drive,,Loading,pitch.0,437865,-8.1307,44.675,134.7667,83.6184,-67.8596,41.8328,0.067,0.0826
1779988771753,1,Pitching Mound.Parent,,Loading,pitch.0,436915,-8.9027,44.4728,135.5129,83.6862,-67.9349,41.9528,0.0667,0.0836
1779988771754,1,11.0000004b,Drive,Loading,pitch.0,437866,-8.1173,44.6913,134.474,83.5609,-67.8234,41.8885,0.0671,0.0827
1779988771754,1,12.00000015,Lower Delivery,Loading,pitch.0,437597,-0.6665,-0.2356,0.5179,-0.0698,-0.0101,-0.0057,0.0,0.0
1779988771754,1,12.00000018,Upper Delivery,Loading,pitch.0,438455,-0.0625,0.0525,-0.0029,-0.0884,-0.0304,-0.0012,0.0,0.0
1779988771754,1,Pitching Mound.Delivery,,Loading,pitch.0,437296,-0.729,-0.1831,0.515,0.0189,-0.0405,0.1985,0.0,0.0
1779988771754,1,Pitching Mound.Drive,,Loading,pitch.0,437866,-8.1173,44.6913,134.474,83.5609,-67.8234,41.8885,0.0671,0.0827
1779988771754,1,Pitching Mound.Parent,,Loading,pitch.0,436916,-8.8597,44.4919,135.2817,83.6373,-67.9001,42.0313,0.0668,0.0836
1779988771755,1,11.0000004b,Drive,Loading,pitch.0,437867,-8.0989,44.7019,134.2747,83.518,-67.9529,41.9888,0.0674,0.0828
1779988771755,1,12.00000015,Lower Delivery,Loading,pitch.0,437598,-0.6643,-0.2434,0.4787,-0.0628,-0.0028,-0.0041,0.0,0.0
1779988771755,1,12.00000018,Upper Delivery,Loading,pitch.0,438456,-0.0595,0.0525,-0.0026,-0.0884,-0.0304,-0.0012,0.0,0.0
1779988771755,1,Pitching Mound.Delivery,,Loading,pitch.0,437297,-0.7238,-0.191,0.4761,0.0125,-0.0332,0.2003,0.0,0.0
1779988771755,1,Pitching Mound.Drive,,Loading,pitch.0,437867,-8.0989,44.7019,134.2747,83.518,-67.9529,41.9888,0.0674,0.0828
1779988771755,1,Pitching Mound.Parent,,Loading,pitch.0,436917,-8.8411,44.5003,134.9501,83.5734,-67.8566,42.0888,0.0669,0.0836
1779988771756,1,11.0000004b,Drive,Loading,pitch.0,437868,-8.0767,44.7237,133.9965,83.4726,-68.0854,42.0455,0.0676,0.0829
1779988771756,1,12.00000015,Lower Delivery,Loading,pitch.0,437599,-0.6589,-0.2642,0.429,-0.059,-0.0091,-0.003,0.0,0.0
1779988771756,1,12.00000018,Upper Delivery,Loading,pitch.0,438457,-0.0587,0.0568,0.0023,-0.0884,-0.0304,-0.0012,0.0,0.0
1779988771756,1,Pitching Mound.Delivery,,Loading,pitch.0,437298,-0.7176,-0.2074,0.4313,-0.0023,-0.0394,0.1999,0.0,0.0
1779988771756,1,Pitching Mound.Drive,,Loading,pitch.0,437868,-8.0767,44.7237,133.9965,83.4726,-68.0854,42.0455,0.0676,0.0829
1779988771756,1,Pitching Mound.Parent,,Loading,pitch.0,436918,-8.8165,44.4944,134.706,83.5157,-67.9924,42.1886,0.0672,0.0836
1779988771757,1,11.0000004b,Drive,Loading,pitch.0,437869,-8.0421,44.7348,133.6842,83.2682,-68.0995,42.0766,0.0678,0.0829
1779988771757,1,12.00000015,Lower Delivery,Loading,pitch.0,437600,-0.6565,-0.291,0.4432,-0.0504,0.0004,0.0001,0.0,0.0
1779988771757,1,12.00000018,Upper Delivery,Loading,pitch.0,438458,-0.0591,0.0605,0.0101,-0.0884,-0.0304,-0.0012,0.0,0.0
1779988771757,1,Pitching Mound.Delivery,,Loading,pitch.0,437299,-0.7156,-0.2305,0.4532,0.0085,-0.0299,0.202,0.0,0.0
1779988771757,1,Pitching Mound.Drive,,Loading,pitch.0,437869,-8.0421,44.7348,133.6842,83.2682,-68.0995,42.0766,0.0678,0.0829
1779988771757,1,Pitching Mound.Parent,,Loading,pitch.0,436919,-8.7923,44.4933,134.4497,83.4811,-68.1153,42.2475,0.0674,0.0837
1779988771758,1,11.0000004b,Drive,Loading,pitch.0,437870,-7.9978,44.7586,133.3421,83.1744,-68.0648,42.0952,0.068,0.083
1779988771758,1,12.00000015,Lower Delivery,Loading,pitch.0,437601,-0.6485,-0.2859,0.4698,-0.0563,-0.0066,0.0,0.0,0.0
1779988771758,1,12.00000018,Upper Delivery,Loading,pitch.0,438459,-0.0602,0.0622,0.0202,-0.0884,-0.0304,-0.0012,0.0,0.0
1779988771758,1,Pitching Mound.Delivery,,Loading,pitch.0,437300,-0.7087,-0.2236,0.49,0.0082,-0.0369,0.1988,0.0,0.0
1779988771758,1,Pitching Mound.Drive,,Loading,pitch.0,437870,-7.9978,44.7586,133.3421,83.1744,-68.0648,42.0952,0.068,0.083
1779988771758,1,Pitching Mound.Parent,,Loading,pitch.0,436920,-8.7508,44.5112,134.1742,83.2764,-68.1365,42.2754,0.0676,0.0838
1779988771759,1,11.0000004b,Drive,Loading,pitch.0,437871,-7.9631,44.78,133.0633,83.0608,-68.0397,42.1528,0.0681,0.0831
1779988771759,1,12.00000015,Lower Delivery,Loading,pitch.0,437602,-0.6668,-0.2283,0.4846,-0.0659,-0.0104,0.0018,0.0,0.0
1779988771759,1,12.00000018,Upper Delivery,Loading,pitch.0,438460,-0.0585,0.0625,0.0373,-0.0884,-0.0304,-0.0012,0.0,0.0
1779988771759,1,Pitching Mound.Delivery,,Loading,pitch.0,437301,-0.7254,-0.1658,0.5219,-0.0022,-0.0408,0.2074,0.0,0.0
1779988771759,1,Pitching Mound.Drive,,Loading,pitch.0,437871,-7.9631,44.78,133.0633,83.0608,-68.0397,42.1528,0.0681,0.0831
1779988771759,1,Pitching Mound.Parent,,Loading,pitch.0,436921,-8.7232,44.5929,133.864,83.1722,-68.1056,42.3026,0.0677,0.0839
1779988771760,1,11.0000004b,Drive,Loading,pitch.0,437872,-7.923,44.7747,132.8139,83.0181,-67.9664,42.185,0.0681,0.0832
1779988771760,1,12.00000015,Lower Delivery,Loading,pitch.0,437603,-0.6598,-0.2563,0.489,-0.063,-0.0046,0.0008,0.0,0.0
1779988771760,1,12.00000018,Upper Delivery,Loading,pitch.0,438461,-0.0608,0.0602,0.0461,-0.0884,-0.0304,-0.0012,0.0,0.0
1779988771760,1,Pitching Mound.Delivery,,Loading,pitch.0,437302,-0.7206,-0.1961,0.5352,-0.0008,-0.035,0.2032,0.0,0.0
1779988771760,1,Pitching Mound.Drive,,Loading,pitch.0,437872,-7.923,44.7747,132.8139,83.0181,-67.9664,42.185,0.0681,0.0832
1779988771760,1,Pitching Mound.Parent,,Loading,pitch.0,436922,-8.6837,44.5838,133.5984,83.0599,-68.0747,42.3561,0.0678,0.0839
1779988771761,1,11.0000004b,Drive,Loading,pitch.0,437873,-7.8929,44.7673,132.495,82.9034,-67.9586,42.2382,0.0683,0.0833
1779988771761,1,12.00000015,Lower Delivery,Loading,pitch.0,437604,-0.6222,-0.2126,0.472,-0.0667,-0.0076,0.0021,0.0,0.0
1779988771761,1,12.00000018,Upper Delivery,Loading,pitch.0,438462,-0.0628,0.0574,0.0489,-0.0884,-0.0304,-0.0012,0.0,0.0
1779988771761,1,Pitching Mound.Delivery,,Loading,pitch.0,437303,-0.685,-0.1552,0.5209,-0.0113,-0.038,0.1911,0.0,0.0
1779988771761,1,Pitching Mound.Drive,,Loading,pitch.0,437873,-7.8929,44.7673,132.495,82.9034,-67.9586,42.2382,0.0683,0.0833
1779988771761,1,Pitching Mound.Parent,,Loading,pitch.0,436923,-8.6081,44.6196,133.3348,83.0069,-68.0044,42.3761,0.0679,0.084
1779988771762,1,11.0000004b,Drive,Loading,pitch.0,437874,-7.8461,44.7532,132.2139,82.8078,-67.8418,42.2542,0.0683,0.0834
1779988771762,1,12.00000015,Lower Delivery,Loading,pitch.0,437605,-0.6716,-0.2322,0.5043,-0.06,0.0001,-0.0006,0.0,0.0
1779988771762,1,12.00000018,Upper Delivery,Loading,pitch.0,438463,-0.0643,0.0564,0.048,-0.0884,-0.0304,-0.0012,0.0,0.0
1779988771762,1,Pitching Mound.Delivery,,Loading,pitch.0,437304,-0.7359,-0.1758,0.5522,0.0068,-0.0303,0.2048,0.0,0.0
1779988771762,1,Pitching Mound.Drive,,Loading,pitch.0,437874,-7.8461,44.7532,132.2139,82.8078,-67.8418,42.2542,0.0683,0.0834
1779988771762,1,Pitching Mound.Parent,,Loading,pitch.0,436924,-8.6288,44.5915,133.0472,82.9102,-67.9888,42.4429,0.068,0.0841
1779988771763,1,11.0000004b,Drive,Loading,pitch.0,437875,-7.7968,44.7494,131.9424,82.6734,-67.9011,42.3178,0.0685,0.0834
1779988771763,1,12.00000015,Lower Delivery,Loading,pitch.0,437606,-0.721,-0.2726,0.5346,-0.0574,-0.0011,-0.001,0.0,0.0
1779988771763,1,12.00000018,Upper Delivery,Loading,pitch.0,438464,-0.0665,0.056,0.0382,-0.0884,-0.0304,-0.0012,0.0,0.0
1779988771763,1,Pitching Mound.Delivery,,Loading,pitch.0,437305,-0.7875,-0.2166,0.5728,0.023,-0.0315,0.2204,0.0,0.0
1779988771763,1,Pitching Mound.Drive,,Loading,pitch.0,437875,-7.7968,44.7494,131.9424,82.6734,-67.9011,42.3178,0.0685,0.0834
1779988771763,1,Pitching Mound.Parent,,Loading,pitch.0,436925,-8.6336,44.5366,132.7867,82.8308,-67.8733,42.4746,0.068,0.0843
1779988771764,1,11.0000004b,Drive,Loading,pitch.0,437876,-7.7645,44.7253,131.6086,82.6207,-67.8116,42.3512,0.0686,0.0836
1779988771764,1,12.00000015,Lower Delivery,Loading,pitch.0,437607,-0.7185,-0.2576,0.5367,-0.0543,0.0139,0.0016,0.0,0.0
1779988771764,1,12.00000018,Upper Delivery,Loading,pitch.0,438465,-0.0576,0.0632,0.03,-0.0884,-0.0304,-0.0012,0.0,0.0
1779988771764,1,Pitching Mound.Delivery,,Loading,pitch.0,437306,-0.776,-0.1944,0.5667,0.0295,-0.0165,0.2251,0.0,0.0
1779988771764,1,Pitching Mound.Drive,,Loading,pitch.0,437876,-7.7645,44.7253,131.6086,82.6207,-67.8116,42.3512,0.0686,0.0836
1779988771764,1,Pitching Mound.Parent,,Loading,pitch.0,436926,-8.5728,44.5549,132.5091,82.7029,-67.9176,42.5429,0.0682,0.0844
1779988771765,1,11.0000004b,Drive,Loading,pitch.0,437877,-7.7475,44.6954,131.3336,82.5022,-67.6408,42.3877,0.0686,0.0836
1779988771765,1,12.00000015,Lower Delivery,Loading,pitch.0,437608,-0.7573,-0.2919,0.5736,-0.0523,0.0103,0.0009,0.0,0.0
1779988771765,1,12.00000018,Upper Delivery,Loading,pitch.0,438466,-0.0635,0.06,0.0797,-0.0884,-0.0304,-0.0012,0.0,0.0
1779988771765,1,Pitching Mound.Delivery,,Loading,pitch.0,437307,-0.8209,-0.2319,0.6533,0.0273,-0.0201,0.2356,0.0,0.0
1779988771765,1,Pitching Mound.Drive,,Loading,pitch.0,437877,-7.7475,44.6954,131.3336,82.5022,-67.6408,42.3877,0.0686,0.0836
1779988771765,1,Pitching Mound.Parent,,Loading,pitch.0,436927,-8.5854,44.4934,132.2619,82.648,-67.8317,42.5868,0.0683,0.0844
1779988771766,1,11.0000004b,Drive,Loading,pitch.0,437878,-7.7198,44.6638,131.1377,82.5114,-67.6137,42.4018,0.0686,0.0838
1779988771766,1,12.00000015,Lower Delivery,Loading,pitch.0,437609,-0.7545,-0.2765,0.5748,-0.0535,0.0091,0.0004,0.0,0.0
1779988771766,1,12.00000018,Upper Delivery,Loading,pitch.0,438467,-0.0624,0.0646,0.0893,-0.0884,-0.0304,-0.0012,0.0,0.0
1779988771766,1,Pitching Mound.Delivery,,Loading,pitch.0,437308,-0.8169,-0.2119,0.6641,0.0232,-0.0213,0.2345,0.0,0.0
1779988771766,1,Pitching Mound.Drive,,Loading,pitch.0,437878,-7.7198,44.6638,131.1377,82.5114,-67.6137,42.4018,0.0686,0.0838
1779988771766,1,Pitching Mound.Parent,,Loading,pitch.0,436928,-8.5643,44.4835,131.9977,82.5254,-67.662,42.6222,0.0682,0.0845
1779988771767,1,11.0000004b,Drive,Loading,pitch.0,437879,-7.6932,44.6345,130.9414,82.4845,-67.4477,42.4331,0.0686,0.0839
1779988771767,1,12.00000015,Lower Delivery,Loading,pitch.0,437610,-0.7939,-0.2503,0.6232,-0.0569,0.0171,0.0002,0.0,0.0
1779988771767,1,12.00000018,Upper Delivery,Loading,pitch.0,438468,-0.0518,0.0751,0.0739,-0.0884,-0.0304,-0.0012,0.0,0.0
1779988771767,1,Pitching Mound.Delivery,,Loading,pitch.0,437309,-0.8457,-0.1751,0.6972,0.0415,-0.0132,0.2513,0.0,0.0
1779988771767,1,Pitching Mound.Drive,,Loading,pitch.0,437879,-7.6932,44.6345,130.9414,82.4845,-67.4477,42.4331,0.0686,0.0839
1779988771767,1,Pitching Mound.Parent,,Loading,pitch.0,436929,-8.5655,44.4887,131.8349,82.5529,-67.6269,42.6532,0.0683,0.0847
1779988771768,1,11.0000004b,Drive,Loading,pitch.0,437880,-7.6864,44.6071,130.7315,82.3934,-67.41,42.4686,0.0686,0.0839
1779988771768,1,12.00000015,Lower Delivery,Loading,pitch.0,437611,-0.7648,-0.2733,0.5627,-0.054,0.0121,-0.0014,0.0,0.0
1779988771768,1,12.00000018,Upper Delivery,Loading,pitch.0,438469,-0.0432,0.0811,0.0897,-0.0884,-0.0304,-0.0012,0.0,0.0
1779988771768,1,Pitching Mound.Delivery,,Loading,pitch.0,437310,-0.808,-0.1921,0.6524,0.0185,-0.0182,0.2427,0.0,0.0
1779988771768,1,Pitching Mound.Drive,,Loading,pitch.0,437880,-7.6864,44.6071,130.7315,82.3934,-67.41,42.4686,0.0686,0.0839
1779988771768,1,Pitching Mound.Parent,,Loading,pitch.0,436930,-8.5012,44.4424,131.5938,82.5029,-67.4659,42.6759,0.0682,0.0847
1779988771769,1,11.0000004b,Drive,Loading,pitch.0,437881,-7.6854,44.5596,130.462,82.3027,-67.3601,42.5296,0.0687,0.084
1779988771769,1,12.00000015,Lower Delivery,Loading,pitch.0,437612,-0.7891,-0.2777,0.5996,-0.0528,0.0069,-0.0025,0.0,0.0
1779988771769,1,12.00000018,Upper Delivery,Loading,pitch.0,438470,-0.0193,0.1003,0.0859,-0.0884,-0.0304,-0.0012,0.0,0.0
1779988771769,1,Pitching Mound.Delivery,,Loading,pitch.0,437311,-0.8084,-0.1774,0.6854,0.0335,-0.0234,0.258,0.0,0.0
1779988771769,1,Pitching Mound.Drive,,Loading,pitch.0,437881,-7.6854,44.5596,130.462,82.3027,-67.3601,42.5296,0.0687,0.084
1779988771769,1,Pitching Mound.Parent,,Loading,pitch.0,436931,-8.4948,44.4297,131.4169,82.4269,-67.4335,42.7266,0.0683,0.0848
1779988771770,1,11.0000004b,Drive,Loading,pitch.0,437882,-7.6859,44.5202,130.176,82.2435,-67.2795,42.5307,0.0688,0.0841
1779988771770,1,12.00000015,Lower Delivery,Loading,pitch.0,437613,-0.7763,-0.2894,0.6056,-0.0527,0.0059,-0.0044,0.0,0.0
1779988771770,1,12.00000018,Upper Delivery,Loading,pitch.0,438471,-0.0303,0.0941,0.1046,-0.0884,-0.0304,-0.0012,0.0,0.0
1779988771770,1,Pitching Mound.Delivery,,Loading,pitch.0,437312,-0.8065,-0.1953,0.7102,0.0293,-0.0245,0.2481,0.0,0.0
1779988771770,1,Pitching Mound.Drive,,Loading,pitch.0,437882,-7.6859,44.5202,130.176,82.2435,-67.2795,42.5307,0.0688,0.0841
1779988771770,1,Pitching Mound.Parent,,Loading,pitch.0,436932,-8.4919,44.3643,131.1722,82.332,-67.3845,42.7776,0.0684,0.0848
1779988771771,1,11.0000004b,Drive,Loading,pitch.0,437883,-7.6697,44.4705,129.8559,82.1127,-67.1395,42.5406,0.0688,0.0842
1779988771771,1,12.00000015,Lower Delivery,Loading,pitch.0,437614,-0.782,-0.2561,0.6084,-0.0563,-0.0067,-0.0042,0.0,0.0
1779988771771,1,12.00000018,Upper Delivery,Loading,pitch.0,438472,-0.0249,0.0955,0.089,-0.0884,-0.0304,-0.0012,0.0,0.0
1779988771771,1,Pitching Mound.Delivery,,Loading,pitch.0,437313,-0.8069,-0.1606,0.6974,0.0319,-0.0371,0.252,0.0,0.0
1779988771771,1,Pitching Mound.Drive,,Loading,pitch.0,437883,-7.6697,44.4705,129.8559,82.1127,-67.1395,42.5406,0.0688,0.0842
1779988771771,1,Pitching Mound.Parent,,Loading,pitch.0,436933,-8.4928,44.3596,130.8734,82.2754,-67.3165,42.7827,0.0684,0.085
1779988771772,1,11.0000004b,Drive,Loading,pitch.0,437884,-7.6808,44.4295,129.4772,82.0705,-67.0565,42.5448,0.0689,0.0844
1779988771772,1,12.00000015,Lower Delivery,Loading,pitch.0,437615,-0.7533,-0.266,0.597,-0.051,-0.0173,-0.0059,0.0,0.0
1779988771772,1,12.00000018,Upper Delivery,Loading,pitch.0,438473,-0.0149,0.1004,0.0905,-0.0884,-0.0304,-0.0012,0.0,0.0
1779988771772,1,Pitching Mound.Delivery,,Loading,pitch.0,437314,-0.7682,-0.1656,0.6875,0.0329,-0.0477,0.244,0.0,0.0
1779988771772,1,Pitching Mound.Drive,,Loading,pitch.0,437884,-7.6808,44.4295,129.4772,82.0705,-67.0565,42.5448,0.0689,0.0844
1779988771772,1,Pitching Mound.Parent,,Loading,pitch.0,436934,-8.449,44.2639,130.1646,82.1034,-67.1042,42.7888,0.0686,0.0853
1779988771773,1,11.0000004b,Drive,Loading,pitch.0,437885,-7.7047,44.3878,129.1673,81.9863,-66.9753,42.5477,0.069,0.0845
1779988771773,1,12.00000015,Lower Delivery,Loading,pitch.0,437616,-0.7669,-0.2955,0.5879,-0.0604,-0.0224,-0.0057,0.0,0.0
1779988771773,1,12.00000018,Upper Delivery,Loading,pitch.0,438474,-0.0233,0.0878,0.0885,-0.0884,-0.0304,-0.0012,0.0,0.0
1779988771773,1,Pitching Mound.Delivery,,Loading,pitch.0,437315,-0.7902,-0.2077,0.6764,0.021,-0.0528,0.2459,0.0,0.0
1779988771773,1,Pitching Mound.Drive,,Loading,pitch.0,437885,-7.7047,44.3878,129.1673,81.9863,-66.9753,42.5477,0.069,0.0845
1779988771773,1,Pitching Mound.Parent,,Loading,pitch.0,436935,-8.4949,44.1801,129.8438,82.0073,-67.0281,42.7937,0.0687,0.0854
1779988771774,1,11.0000004b,Drive,Loading,pitch.0,437886,-7.7029,44.3303,128.8461,81.8969,-66.9008,42.5365,0.0691,0.0846
1779988771774,1,12.00000015,Lower Delivery,Loading,pitch.0,437617,-0.7096,-0.2591,0.5496,-0.0719,-0.0261,-0.0058,0.0,0.0
1779988771774,1,12.00000018,Upper Delivery,Loading,pitch.0,438475,-0.042,0.0734,0.1066,-0.0884,-0.0304,-0.0012,0.0,0.0
1779988771774,1,Pitching Mound.Delivery,,Loading,pitch.0,437316,-0.7516,-0.1856,0.6562,-0.0096,-0.0565,0.22,0.0,0.0
1779988771774,1,Pitching Mound.Drive,,Loading,pitch.0,437886,-7.7029,44.3303,128.8461,81.8969,-66.9008,42.5365,0.0691,0.0846
1779988771774,1,Pitching Mound.Parent,,Loading,pitch.0,436936,-8.4545,44.1447,129.5023,81.8872,-66.9573,42.7565,0.0688,0.0854
1779988771775,1,11.0000004b,Drive,Loading,pitch.0,437887,-7.6852,44.2412,128.5288,81.7231,-66.8227,42.5642,0.0692,0.0846
1779988771775,1,12.00000015,Lower Delivery,Loading,pitch.0,437618,-0.6731,-0.2672,0.546,-0.0767,-0.0374,-0.0083,0.0,0.0
1779988771775,1,12.00000018,Upper Delivery,Loading,pitch.0,438476,-0.0334,0.0761,0.1034,-0.0884,-0.0304,-0.0012,0.0,0.0
1779988771775,1,Pitching Mound.Delivery,,Loading,pitch.0,437317,-0.7066,-0.1911,0.6494,-0.0145,-0.0677,0.208,0.0,0.0
1779988771775,1,Pitching Mound.Drive,,Loading,pitch.0,437887,-7.6852,44.2412,128.5288,81.7231,-66.8227,42.5642,0.0692,0.0846
1779988771775,1,Pitching Mound.Parent,,Loading,pitch.0,436937,-8.3917,44.0502,129.1782,81.7085,-66.8904,42.7721,0.0689,0.0854
1779988771776,1,11.0000004b,Drive,Loading,pitch.0,437888,-7.6867,44.1732,128.2085,81.6456,-66.7427,42.5352,0.0693,0.0848
1779988771776,1,12.00000015,Lower Delivery,Loading,pitch.0,437619,-0.6186,-0.257,0.4708,-0.0698,-0.0335,-0.0081,0.0,0.0
1779988771776,1,12.00000018,Upper Delivery,Loading,pitch.0,438477,-0.0522,0.0575,0.104,-0.0884,-0.0304,-0.0012,0.0,0.0
1779988771776,1,Pitching Mound.Delivery,,Loading,pitch.0,437318,-0.6708,-0.1995,0.5748,-0.0335,-0.0639,0.1833,0.0,0.0
1779988771776,1,Pitching Mound.Drive,,Loading,pitch.0,437888,-7.6867,44.1732,128.2085,81.6456,-66.7427,42.5352,0.0693,0.0848
1779988771776,1,Pitching Mound.Parent,,Loading,pitch.0,436938,-8.3575,43.9737,128.7833,81.6122,-66.8066,42.7185,0.069,0.0854
1779988771777,1,11.0000004b,Drive,Loading,pitch.0,437889,-7.6836,44.092,127.9018,81.5512,-66.7351,42.5449,0.0695,0.0849
1779988771777,1,12.00000015,Lower Delivery,Loading,pitch.0,437620,-0.6241,-0.2706,0.4614,-0.0711,-0.0375,-0.0081,0.0,0.0
1779988771777,1,12.00000018,Upper Delivery,Loading,pitch.0,438478,-0.0436,0.0652,0.1007,-0.0884,-0.0304,-0.0012,0.0,0.0
1779988771777,1,Pitching Mound.Delivery,,Loading,pitch.0,437319,-0.6677,-0.2054,0.562,-0.0368,-0.0679,0.188,0.0,0.0
1779988771777,1,Pitching Mound.Drive,,Loading,pitch.0,437889,-7.6836,44.092,127.9018,81.5512,-66.7351,42.5449,0.0695,0.0849
1779988771777,1,Pitching Mound.Parent,,Loading,pitch.0,436939,-8.3512,43.8866,128.4639,81.5144,-66.803,42.7329,0.0692,0.0855
1779988771778,1,11.0000004b,Drive,Loading,pitch.0,437890,-7.6861,44.0181,127.5358,81.4828,-66.6217,42.5264,0.0695,0.0851
1779988771778,1,12.00000015,Lower Delivery,Loading,pitch.0,437621,-0.6673,-0.2796,0.4808,-0.076,-0.0393,-0.0089,0.0,0.0
1779988771778,1,12.00000018,Upper Delivery,Loading,pitch.0,438479,-0.0612,0.0493,0.0722,-0.0884,-0.0304,-0.0012,0.0,0.0
1779988771778,1,Pitching Mound.Delivery,,Loading,pitch.0,437320,-0.7285,-0.2303,0.553,-0.0254,-0.0696,0.196,0.0,0.0
1779988771778,1,Pitching Mound.Drive,,Loading,pitch.0,437890,-7.6861,44.0181,127.5358,81.4828,-66.6217,42.5264,0.0695,0.0851
1779988771778,1,Pitching Mound.Parent,,Loading,pitch.0,436940,-8.4146,43.7878,128.0888,81.4574,-66.6913,42.7224,0.0692,0.0858
1779988771779,1,11.0000004b,Drive,Loading,pitch.0,437891,-7.6739,43.917,127.1711,81.3952,-66.2755,42.4979,0.0694,0.0852
1779988771779,1,12.00000015,Lower Delivery,Loading,pitch.0,437622,-0.6577,-0.2631,0.5358,-0.0607,-0.0243,-0.0085,0.0,0.0
1779988771779,1,12.00000018,Upper Delivery,Loading,pitch.0,438480,-0.0504,0.0583,0.0588,-0.0884,-0.0304,-0.0012,0.0,0.0
1779988771779,1,Pitching Mound.Delivery,,Loading,pitch.0,437321,-0.7081,-0.2047,0.5946,0.0131,-0.0547,0.1967,0.0,0.0
1779988771779,1,Pitching Mound.Drive,,Loading,pitch.0,437891,-7.6739,43.917,127.1711,81.3952,-66.2755,42.4979,0.0694,0.0852
1779988771779,1,Pitching Mound.Parent,,Loading,pitch.0,436941,-8.382,43.7123,127.7658,81.4083,-66.3301,42.6946,0.0691,0.0861
1779988771780,1,11.0000004b,Drive,Loading,pitch.0,437892,-7.6362,43.8345,126.8874,81.3462,-66.1902,42.4558,0.0694,0.0853
1779988771780,1,12.00000015,Lower Delivery,Loading,pitch.0,437623,-0.5868,-0.2942,0.4289,-0.0522,-0.02,-0.0083,0.0,0.0
1779988771780,1,12.00000018,Upper Delivery,Loading,pitch.0,438481,-0.0549,0.055,0.0572,-0.0884,-0.0304,-0.0012,0.0,0.0
1779988771780,1,Pitching Mound.Delivery,,Loading,pitch.0,437322,-0.6416,-0.2393,0.4861,-0.0142,-0.0504,0.1713,0.0,0.0
1779988771780,1,Pitching Mound.Drive,,Loading,pitch.0,437892,-7.6362,43.8345,126.8874,81.3462,-66.1902,42.4558,0.0694,0.0853
1779988771780,1,Pitching Mound.Parent,,Loading,pitch.0,436942,-8.2779,43.5952,127.3735,81.3321,-66.2406,42.6271,0.0692,0.086
1779988771781,1,11.0000004b,Drive,Loading,pitch.0,437893,-7.6115,43.7062,126.485,81.2444,-65.9749,42.4292,0.0694,0.0855
1779988771781,1,12.00000015,Lower Delivery,Loading,pitch.0,437624,-0.6231,-0.3206,0.4292,-0.0523,-0.0164,-0.0088,0.0,0.0
1779988771781,1,12.00000018,Upper Delivery,Loading,pitch.0,438482,-0.0513,0.061,0.0449,-0.0884,-0.0304,-0.0012,0.0,0.0
1779988771781,1,Pitching Mound.Delivery,,Loading,pitch.0,437323,-0.6744,-0.2596,0.4741,-0.01,-0.0468,0.1844,0.0,0.0
1779988771781,1,Pitching Mound.Drive,,Loading,pitch.0,437893,-7.6115,43.7062,126.485,81.2444,-65.9749,42.4292,0.0694,0.0855
1779988771781,1,Pitching Mound.Parent,,Loading,pitch.0,436943,-8.286,43.4466,126.9591,81.2343,-66.0216,42.6136,0.0692,0.0862
1779988771782,1,11.0000004b,Drive,Loading,pitch.0,437894,-7.5806,43.5955,126.2342,81.1952,-65.8245,42.3753,0.0694,0.0856
1779988771782,1,12.00000015,Lower Delivery,Loading,pitch.0,437625,-0.6524,-0.3193,0.4711,-0.0454,-0.0117,-0.0087,0.0,0.0
1779988771782,1,12.00000018,Upper Delivery,Loading,pitch.0,438483,-0.0477,0.0659,0.0647,-0.0884,-0.0304,-0.0012,0.0,0.0
1779988771782,1,Pitching Mound.Delivery,,Loading,pitch.0,437324,-0.7001,-0.2534,0.5358,0.0044,-0.042,0.1957,0.0,0.0
1779988771782,1,Pitching Mound.Drive,,Loading,pitch.0,437894,-7.5806,43.5955,126.2342,81.1952,-65.8245,42.3753,0.0694,0.0856
1779988771782,1,Pitching Mound.Parent,,Loading,pitch.0,436944,-8.2807,43.3421,126.77,81.1996,-65.8665,42.571,0.0691,0.0864
1779988771783,1,11.0000004b,Drive,Loading,pitch.0,437895,-7.5365,43.4706,125.9033,81.1187,-65.6791,42.3243,0.0694,0.0858
1779988771783,1,12.00000015,Lower Delivery,Loading,pitch.0,437626,-0.6478,-0.3123,0.4347,-0.054,-0.0214,-0.0109,0.0,0.0
1779988771783,1,12.00000018,Upper Delivery,Loading,pitch.0,438484,-0.0529,0.0603,0.0452,-0.0884,-0.0304,-0.0012,0.0,0.0
1779988771783,1,Pitching Mound.Delivery,,Loading,pitch.0,437325,-0.7007,-0.252,0.4799,-0.0099,-0.0518,0.1902,0.0,0.0
1779988771783,1,Pitching Mound.Drive,,Loading,pitch.0,437895,-7.5365,43.4706,125.9033,81.1187,-65.6791,42.3243,0.0694,0.0858
1779988771783,1,Pitching Mound.Parent,,Loading,pitch.0,436945,-8.2372,43.2186,126.3832,81.1088,-65.7309,42.5145,0.0692,0.0865
1779988771784,1,11.0000004b,Drive,Loading,pitch.0,437896,-7.485,43.348,125.5331,81.0245,-65.4566,42.2912,0.0694,0.0859
1779988771784,1,12.00000015,Lower Delivery,Loading,pitch.0,437627,-0.5731,-0.2627,0.3975,-0.0662,-0.0218,-0.0083,0.0,0.0
1779988771784,1,12.00000018,Upper Delivery,Loading,pitch.0,438485,-0.0434,0.0741,0.0571,-0.0884,-0.0304,-0.0012,0.0,0.0
1779988771784,1,Pitching Mound.Delivery,,Loading,pitch.0,437326,-0.6165,-0.1886,0.4545,-0.0388,-0.0522,0.1706,0.0,0.0
1779988771784,1,Pitching Mound.Drive,,Loading,pitch.0,437896,-7.485,43.348,125.5331,81.0245,-65.4566,42.2912,0.0694,0.0859
1779988771784,1,Pitching Mound.Parent,,Loading,pitch.0,436946,-8.1015,43.1595,125.9876,80.9857,-65.5088,42.4618,0.0692,0.0865
1779988771785,1,11.0000004b,Drive,Loading,pitch.0,437897,-7.4579,43.2216,125.1557,80.9538,-65.3024,42.2114,0.0695,0.0861
1779988771785,1,12.00000015,Lower Delivery,Loading,pitch.0,437628,-0.5519,-0.2433,0.4258,-0.0642,-0.0209,-0.0072,0.0,0.0
1779988771785,1,12.00000018,Upper Delivery,Loading,pitch.0,438486,-0.0555,0.0647,0.0365,-0.0884,-0.0304,-0.0012,0.0,0.0
1779988771785,1,Pitching Mound.Delivery,,Loading,pitch.0,437327,-0.6074,-0.1786,0.4623,-0.0202,-0.0513,0.1604,0.0,0.0
1779988771785,1,Pitching Mound.Drive,,Loading,pitch.0,437897,-7.4579,43.2216,125.1557,80.9538,-65.3024,42.2114,0.0695,0.0861
1779988771785,1,Pitching Mound.Parent,,Loading,pitch.0,436947,-8.0652,43.043,125.618,80.9336,-65.3537,42.3718,0.0692,0.0868
1779988771786,1,11.0000004b,Drive,Loading,pitch.0,437898,-7.4091,43.0832,124.808,80.8778,-65.0792,42.1509,0.0694,0.0863
1779988771786,1,12.00000015,Lower Delivery,Loading,pitch.0,437629,-0.5427,-0.2078,0.4332,-0.0759,-0.0212,-0.0071,0.0,0.0
1779988771786,1,12.00000018,Upper Delivery,Loading,pitch.0,438487,-0.0491,0.0733,0.0316,-0.0884,-0.0304,-0.0012,0.0,0.0
1779988771786,1,Pitching Mound.Delivery,,Loading,pitch.0,437328,-0.5918,-0.1345,0.4648,-0.0277,-0.0516,0.1595,0.0,0.0
1779988771786,1,Pitching Mound.Drive,,Loading,pitch.0,437898,-7.4091,43.0832,124.808,80.8778,-65.0792,42.1509,0.0694,0.0863
1779988771786,1,Pitching Mound.Parent,,Loading,pitch.0,436948,-8.0009,42.9487,125.2728,80.8501,-65.1308,42.3104,0.0692,0.087
1779988771787,1,11.0000004b,Drive,Loading,pitch.0,437899,-7.3757,42.9412,124.4409,80.8363,-65.0141,42.0969,0.0696,0.0865
1779988771787,1,12.00000015,Lower Delivery,Loading,pitch.0,437630,-0.571,-0.185,0.4707,-0.0855,-0.0273,-0.0092,0.0,0.0
1779988771787,1,12.00000018,Upper Delivery,Loading,pitch.0,438488,-0.0497,0.076,0.0338,-0.0884,-0.0304,-0.0012,0.0,0.0
1779988771787,1,Pitching Mound.Delivery,,Loading,pitch.0,437329,-0.6207,-0.1091,0.5045,-0.0253,-0.0577,0.1669,0.0,0.0
1779988771787,1,Pitching Mound.Drive,,Loading,pitch.0,437899,-7.3757,42.9412,124.4409,80.8363,-65.0141,42.0969,0.0696,0.0865
1779988771787,1,Pitching Mound.Parent,,Loading,pitch.0,436949,-7.9964,42.8321,124.9453,80.811,-65.0718,42.2638,0.0693,0.0873
1779988771788,1,11.0000004b,Drive,Loading,pitch.0,437900,-7.3102,42.8094,124.0591,80.787,-64.7746,42.0049,0.0695,0.0867
1779988771788,1,12.00000015,Lower Delivery,Loading,pitch.0,437631,-0.4883,-0.1746,0.3886,-0.0905,-0.0402,-0.01,0.0,0.0
1779988771788,1,12.00000018,Upper Delivery,Loading,pitch.0,438489,-0.0613,0.0588,0.0127,-0.0884,-0.0304,-0.0012,0.0,0.0
1779988771788,1,Pitching Mound.Delivery,,Loading,pitch.0,437330,-0.5496,-0.1158,0.4013,-0.051,-0.0706,0.134,0.0,0.0
1779988771788,1,Pitching Mound.Drive,,Loading,pitch.0,437900,-7.3102,42.8094,124.0591,80.787,-64.7746,42.0049,0.0695,0.0867
1779988771788,1,Pitching Mound.Parent,,Loading,pitch.0,436950,-7.8598,42.6936,124.4604,80.736,-64.8452,42.139,0.0693,0.0874
1779988771789,1,11.0000004b,Drive,Loading,pitch.0,437901,-7.2625,42.6749,123.7714,80.7952,-64.6291,41.9326,0.0695,0.0869
1779988771789,1,12.00000015,Lower Delivery,Loading,pitch.0,437632,-0.5711,-0.1957,0.4791,-0.0864,-0.0405,-0.0116,0.0,0.0
1779988771789,1,12.00000018,Upper Delivery,Loading,pitch.0,438490,-0.0639,0.0581,0.0,-0.0884,-0.0304,-0.0012,0.0,0.0
1779988771789,1,Pitching Mound.Delivery,,Loading,pitch.0,437331,-0.635,-0.1376,0.4792,-0.0118,-0.0709,0.1596,0.0,0.0
1779988771789,1,Pitching Mound.Drive,,Loading,pitch.0,437901,-7.2625,42.6749,123.7714,80.7952,-64.6291,41.9326,0.0695,0.0869
1779988771789,1,Pitching Mound.Parent,,Loading,pitch.0,436951,-7.8975,42.5373,124.2506,80.7834,-64.7,42.0922,0.0692,0.0879
1779988771790,1,11.0000004b,Drive,Loading,pitch.0,437902,-7.2339,42.5523,123.3293,80.7156,-64.1718,41.823,0.0693,0.0871
1779988771790,1,12.00000015,Lower Delivery,Loading,pitch.0,437633,-0.5415,-0.1847,0.4639,-0.0955,-0.0488,-0.0096,0.0,0.0
1779988771790,1,12.00000018,Upper Delivery,Loading,pitch.0,438491,-0.0624,0.0545,0.0024,-0.0884,-0.0304,-0.0012,0.0,0.0
1779988771790,1,Pitching Mound.Delivery,,Loading,pitch.0,437332,-0.604,-0.1302,0.4662,-0.0269,-0.0792,0.1521,0.0,0.0
1779988771790,1,Pitching Mound.Drive,,Loading,pitch.0,437902,-7.2339,42.5523,123.3293,80.7156,-64.1718,41.823,0.0693,0.0871
1779988771790,1,Pitching Mound.Parent,,Loading,pitch.0,436952,-7.8379,42.4221,123.7956,80.6886,-64.2509,41.9751,0.069,0.0881
1779988771791,1,11.0000004b,Drive,Loading,pitch.0,437903,-7.1871,42.4199,122.9923,80.5821,-64.0018,41.7088,0.0693,0.0872
1779988771791,1,12.00000015,Lower Delivery,Loading,pitch.0,437634,-0.615,-0.193,0.5432,-0.0958,-0.0394,-0.0098,0.0,0.0
1779988771791,1,12.00000018,Upper Delivery,Loading,pitch.0,438492,-0.0641,0.055,0.0027,-0.0884,-0.0304,-0.0012,0.0,0.0
1779988771791,1,Pitching Mound.Delivery,,Loading,pitch.0,437333,-0.6791,-0.1379,0.5458,-0.0004,-0.0698,0.1763,0.0,0.0
1779988771791,1,Pitching Mound.Drive,,Loading,pitch.0,437903,-7.1871,42.4199,122.9923,80.5821,-64.0018,41.7088,0.0693,0.0872
1779988771791,1,Pitching Mound.Parent,,Loading,pitch.0,436953,-7.8662,42.282,123.5381,80.5817,-64.0716,41.8851,0.069,0.0883
1779988771792,1,11.0000004b,Drive,Loading,pitch.0,437904,-7.1465,42.2951,122.6505,80.5267,-63.6017,41.583,0.069,0.0874
1779988771792,1,12.00000015,Lower Delivery,Loading,pitch.0,437635,-0.5963,-0.1929,0.5311,-0.0919,-0.0347,-0.0109,0.0,0.0
1779988771792,1,12.00000018,Upper Delivery,Loading,pitch.0,438493,-0.0746,0.0552,0.0312,-0.0884,-0.0304,-0.0012,0.0,0.0
1779988771792,1,Pitching Mound.Delivery,,Loading,pitch.0,437334,-0.671,-0.1377,0.5623,-0.0103,-0.0651,0.1653,0.0,0.0
1779988771792,1,Pitching Mound.Drive,,Loading,pitch.0,437904,-7.1465,42.2951,122.6505,80.5267,-63.6017,41.583,0.069,0.0874
1779988771792,1,Pitching Mound.Parent,,Loading,pitch.0,436954,-7.8175,42.1574,123.2128,80.5165,-63.6668,41.7483,0.0687,0.0884
1779988771793,1,11.0000004b,Drive,Loading,pitch.0,437905,-7.0982,42.1485,122.2936,80.4164,-63.3919,41.4499,0.069,0.0875
1779988771793,1,12.00000015,Lower Delivery,Loading,pitch.0,437636,-0.6275,-0.2368,0.5518,-0.0766,-0.0268,-0.0087,0.0,0.0
1779988771793,1,12.00000018,Upper Delivery,Loading,pitch.0,438494,-0.0721,0.053,0.0281,-0.0884,-0.0304,-0.0012,0.0,0.0
1779988771793,1,Pitching Mound.Delivery,,Loading,pitch.0,437335,-0.6996,-0.1837,0.5799,0.0131,-0.0571,0.179,0.0,0.0
1779988771793,1,Pitching Mound.Drive,,Loading,pitch.0,437905,-7.0982,42.1485,122.2936,80.4164,-63.3919,41.4499,0.069,0.0875
1779988771793,1,Pitching Mound.Parent,,Loading,pitch.0,436955,-7.7979,41.9648,122.8735,80.4295,-63.449,41.6289,0.0687,0.0886
1779988771794,1,11.0000004b,Drive,Loading,pitch.0,437906,-7.042,42.0301,122.0569,80.3752,-63.1729,41.3323,0.0689,0.0877
1779988771794,1,12.00000015,Lower Delivery,Loading,pitch.0,437637,-0.634,-0.2295,0.5761,-0.0662,-0.0105,-0.0056,0.0,0.0
1779988771794,1,12.00000015,Lower Delivery,Loading,pitch.0,437638,-0.6435,-0.2446,0.5697,-0.0674,-0.0128,-0.0058,0.0,0.0
1779988771794,1,12.00000018,Upper Delivery,Loading,pitch.0,438495,-0.0758,0.0519,0.042,-0.0884,-0.0304,-0.0012,0.0,0.0
1779988771794,1,Pitching Mound.Delivery,,Loading,pitch.0,437336,-0.7098,-0.1776,0.6181,0.027,-0.0409,0.183,0.0,0.0
1779988771794,1,Pitching Mound.Drive,,Loading,pitch.0,437906,-7.042,42.0301,122.0569,80.3752,-63.1729,41.3323,0.0689,0.0877
1779988771794,1,Pitching Mound.Parent,,Loading,pitch.0,436956,-7.7518,41.8525,122.6749,80.4021,-63.2138,41.5152,0.0686,0.0887
1779988771795,1,11.0000004b,Drive,Loading,pitch.0,437907,-6.9876,41.9002,121.7208,80.2906,-62.7895,41.1599,0.0687,0.0878
1779988771795,1,12.00000015,Lower Delivery,Loading,pitch.0,437639,-0.6755,-0.3063,0.5717,-0.0486,0.002,-0.0054,0.0,0.0
1779988771795,1,12.00000018,Upper Delivery,Loading,pitch.0,438496,-0.0771,0.0521,0.0451,-0.0884,-0.0304,-0.0012,0.0,0.0
1779988771795,1,Pitching Mound.Delivery,,Loading,pitch.0,437337,-0.7206,-0.1925,0.6148,0.0225,-0.0432,0.1856,0.0,0.0
1779988771795,1,Pitching Mound.Drive,,Loading,pitch.0,437907,-6.9876,41.9002,121.7208,80.2906,-62.7895,41.1599,0.0687,0.0878
1779988771795,1,Pitching Mound.Parent,,Loading,pitch.0,436957,-7.7082,41.7077,122.3356,80.3131,-62.8327,41.3455,0.0683,0.0888
1779988771796,1,11.0000004b,Drive,Loading,pitch.0,437908,-6.928,41.7674,121.4503,80.293,-62.4592,41.0312,0.0685,0.088
1779988771796,1,12.00000015,Lower Delivery,Loading,pitch.0,437640,-0.6903,-0.3131,0.583,-0.0508,-0.0014,-0.0055,0.0,0.0
1779988771796,1,12.00000018,Upper Delivery,Loading,pitch.0,438497,-0.0799,0.0495,0.0518,-0.0884,-0.0304,-0.0012,0.0,0.0
1779988771796,1,Pitching Mound.Delivery,,Loading,pitch.0,437338,-0.7554,-0.2568,0.6235,0.0398,-0.0284,0.1959,0.0,0.0
1779988771796,1,Pitching Mound.Drive,,Loading,pitch.0,437908,-6.928,41.7674,121.4503,80.293,-62.4592,41.0312,0.0685,0.088
1779988771796,1,Pitching Mound.Parent,,Loading,pitch.0,436958,-7.6834,41.5105,122.0737,80.3329,-62.4876,41.2271,0.0681,0.089
1779988771797,1,11.0000004b,Drive,Loading,pitch.0,437909,-6.8643,41.6342,121.195,80.3482,-62.238,40.88,0.0684,0.0883
1779988771797,1,12.00000015,Lower Delivery,Loading,pitch.0,437641,-0.6708,-0.3109,0.5545,-0.0546,-0.0089,-0.0079,0.0,0.0
1779988771797,1,12.00000018,Upper Delivery,Loading,pitch.0,438498,-0.0765,0.0508,0.0519,-0.0884,-0.0304,-0.0012,0.0,0.0
1779988771797,1,Pitching Mound.Delivery,,Loading,pitch.0,437339,-0.7668,-0.2623,0.6349,0.0414,-0.0318,0.2019,0.0,0.0
1779988771797,1,Pitching Mound.Drive,,Loading,pitch.0,437909,-6.8643,41.6342,121.195,80.3482,-62.238,40.88,0.0684,0.0883
1779988771797,1,Pitching Mound.Parent,,Loading,pitch.0,436959,-7.6311,41.3719,121.8299,80.3896,-62.2698,41.0819,0.068,0.0893
1779988771798,1,11.0000004b,Drive,Loading,pitch.0,437910,-6.7842,41.4865,120.918,80.4445,-61.9072,40.7119,0.0682,0.0886
1779988771798,1,12.00000018,Upper Delivery,Loading,pitch.0,438499,-0.0722,0.0602,0.0871,-0.0884,-0.0304,-0.0012,0.0,0.0
1779988771798,1,Pitching Mound.Delivery,,Loading,pitch.0,437340,-0.7431,-0.2507,0.6416,0.0159,-0.0392,0.1944,0.0,0.0
1779988771798,1,Pitching Mound.Drive,,Loading,pitch.0,437910,-6.7842,41.4865,120.918,80.4445,-61.9072,40.7119,0.0682,0.0886
1779988771798,1,Pitching Mound.Parent,,Loading,pitch.0,436960,-7.5272,41.2359,121.5596,80.4604,-61.9465,40.9063,0.0678,0.0894
1779988771799,1,11.0000004b,Drive,Loading,pitch.0,437911,-6.7056,41.3142,120.599,80.3857,-61.6066,40.5682,0.068,0.0887
1779988771799,1,12.00000015,Lower Delivery,Loading,pitch.0,437642,-0.6769,-0.2941,0.5439,-0.0506,-0.0059,-0.0072,0.0,0.0
1779988771799,1,12.00000015,Lower Delivery,Loading,pitch.0,437643,-0.6708,-0.2817,0.5234,-0.0595,-0.0166,-0.0097,0.0,0.0
1779988771799,1,12.00000018,Upper Delivery,Loading,pitch.0,438500,-0.2302,0.1749,0.8172,-0.0884,-0.0304,-0.0012,0.0,0.0
1779988771799,1,Pitching Mound.Delivery,,Loading,pitch.0,437341,-0.9072,-0.1192,1.361,-0.2319,-0.0363,0.1435,0.0,0.0
1779988771799,1,Pitching Mound.Drive,,Loading,pitch.0,437911,-6.7056,41.3142,120.599,80.3857,-61.6066,40.5682,0.068,0.0887
1779988771799,1,Pitching Mound.Parent,,Loading,pitch.0,436961,-7.6127,41.195,121.9601,80.1538,-61.6429,40.7117,0.0672,0.087
1779988771800,1,11.0000004b,Drive,Loading,pitch.0,437912,-6.597,41.129,120.1507,80.2465,-61.2621,40.3806,0.0679,0.0889
1779988771800,1,12.00000018,Upper Delivery,Loading,pitch.0,438501,-0.1049,0.066,0.1465,-0.0884,-0.0304,-0.0012,0.0,0.0
1779988771800,1,Pitching Mound.Delivery,,Loading,pitch.0,437342,-0.7757,-0.2158,0.6699,-0.0197,-0.047,0.1815,0.0,0.0
1779988771800,1,Pitching Mound.Drive,,Loading,pitch.0,437912,-6.597,41.129,120.1507,80.2465,-61.2621,40.3806,0.0679,0.0889
1779988771800,1,Pitching Mound.Parent,,Loading,pitch.0,436962,-7.3727,40.9132,120.8206,80.2268,-61.309,40.5621,0.0675,0.0895
1779988771801,1,11.0000004b,Drive,Loading,pitch.0,437913,-6.4814,40.968,119.8563,80.257,-61.0088,40.189,0.0678,0.0891
1779988771801,1,12.00000015,Lower Delivery,Loading,pitch.0,437644,-0.6967,-0.2978,0.5515,-0.0588,-0.018,-0.0107,0.0,0.0
1779988771801,1,12.00000018,Upper Delivery,Loading,pitch.0,438502,-0.0763,0.0607,0.0757,-0.0884,-0.0304,-0.0012,0.0,0.0
1779988771801,1,Pitching Mound.Delivery,,Loading,pitch.0,437343,-0.773,-0.2371,0.6272,0.0146,-0.0483,0.199,0.0,0.0
1779988771801,1,Pitching Mound.Drive,,Loading,pitch.0,437913,-6.4814,40.968,119.8563,80.257,-61.0088,40.189,0.0678,0.0891
1779988771801,1,Pitching Mound.Parent,,Loading,pitch.0,436963,-7.2543,40.7308,120.4835,80.2716,-61.0572,40.388,0.0674,0.09
1779988771802,1,11.0000004b,Drive,Loading,pitch.0,437914,-6.3546,40.7708,119.6034,80.3168,-60.6473,40.0336,0.0675,0.0894
1779988771802,1,12.00000015,Lower Delivery,Loading,pitch.0,437645,-0.6628,-0.2972,0.5369,-0.058,-0.0217,-0.0102,0.0,0.0
1779988771802,1,12.00000018,Upper Delivery,Loading,pitch.0,438503,-0.0489,0.0791,0.1051,-0.0884,-0.0304,-0.0012,0.0,0.0
1779988771802,1,Pitching Mound.Delivery,,Loading,pitch.0,437344,-0.7117,-0.2182,0.642,0.0004,-0.0521,0.1974,0.0,0.0
1779988771802,1,Pitching Mound.Drive,,Loading,pitch.0,437914,-6.3546,40.7708,119.6034,80.3168,-60.6473,40.0336,0.0675,0.0894
1779988771802,1,Pitching Mound.Parent,,Loading,pitch.0,436964,-7.0663,40.5526,120.2454,80.3172,-60.6994,40.231,0.0671,0.0901
1779988771803,1,11.0000004b,Drive,Loading,pitch.0,437915,-6.2525,40.605,119.2525,80.3205,-60.4132,39.8454,0.0674,0.0897
1779988771803,1,12.00000015,Lower Delivery,Loading,pitch.0,437646,-0.678,-0.2833,0.5632,-0.0582,-0.0214,-0.0097,0.0,0.0
1779988771803,1,12.00000015,Lower Delivery,Loading,pitch.0,437647,-0.664,-0.2588,0.5843,-0.0624,-0.027,-0.0126,0.0,0.0
1779988771803,1,12.00000018,Upper Delivery,Loading,pitch.0,438504,-0.049,0.0813,0.0787,-0.0884,-0.0304,-0.0012,0.0,0.0
1779988771803,1,Pitching Mound.Delivery,,Loading,pitch.0,437345,-0.7269,-0.202,0.6419,0.0182,-0.0518,0.2029,0.0,0.0
1779988771803,1,Pitching Mound.Drive,,Loading,pitch.0,437915,-6.2525,40.605,119.2525,80.3205,-60.4132,39.8454,0.0674,0.0897
1779988771803,1,Pitching Mound.Parent,,Loading,pitch.0,436965,-6.9795,40.403,119.8944,80.3387,-60.465,40.0483,0.0671,0.0906
1779988771804,1,11.0000004b,Drive,Loading,pitch.0,437916,-6.1036,40.4263,118.8516,80.2571,-60.2696,39.6015,0.0675,0.0899
1779988771804,1,12.00000015,Lower Delivery,Loading,pitch.0,437648,-0.6807,-0.258,0.5957,-0.064,-0.0262,-0.0113,0.0,0.0
1779988771804,1,12.00000018,Upper Delivery,Loading,pitch.0,438505,-0.0475,0.0869,0.0939,-0.0884,-0.0304,-0.0012,0.0,0.0
1779988771804,1,Pitching Mound.Delivery,,Loading,pitch.0,437346,-0.7116,-0.1719,0.6782,0.0159,-0.0574,0.1958,0.0,0.0
1779988771804,1,Pitching Mound.Drive,,Loading,pitch.0,437916,-6.1036,40.4263,118.8516,80.2571,-60.2696,39.6015,0.0675,0.0899
1779988771804,1,Pitching Mound.Parent,,Loading,pitch.0,436966,-6.8152,40.2544,119.5298,80.2731,-60.327,39.7973,0.0671,0.0908
1779988771805,1,11.0000004b,Drive,Loading,pitch.0,437917,-5.9547,40.2546,118.6575,80.2853,-59.9814,39.3904,0.0673,0.0901
1779988771805,1,12.00000018,Upper Delivery,Loading,pitch.0,438506,-0.026,0.093,0.0819,-0.0884,-0.0304,-0.0012,0.0,0.0
1779988771805,1,Pitching Mound.Delivery,,Loading,pitch.0,437347,-0.7066,-0.165,0.6776,0.0224,-0.0566,0.2101,0.0,0.0
1779988771805,1,Pitching Mound.Drive,,Loading,pitch.0,437917,-5.9547,40.2546,118.6575,80.2853,-59.9814,39.3904,0.0673,0.0901
1779988771805,1,Pitching Mound.Parent,,Loading,pitch.0,436967,-6.6613,40.0896,119.3351,80.3077,-60.038,39.6005,0.0669,0.091
1779988771806,1,11.0000004b,Drive,Loading,pitch.0,437918,-5.8079,40.0789,118.303,80.2296,-59.5589,39.1455,0.067,0.0903
1779988771806,1,12.00000015,Lower Delivery,Loading,pitch.0,437649,-0.6512,-0.2446,0.5803,-0.0612,-0.02,-0.01,0.0,0.0
1779988771806,1,12.00000015,Lower Delivery,Loading,pitch.0,437650,-0.5972,-0.2185,0.5315,-0.0581,-0.0203,-0.0071,0.0,0.0
1779988771806,1,12.00000018,Upper Delivery,Loading,pitch.0,438507,-0.0115,0.103,0.0942,-0.0884,-0.0304,-0.0012,0.0,0.0
1779988771806,1,Pitching Mound.Delivery,,Loading,pitch.0,437348,-0.6628,-0.1416,0.6745,0.0157,-0.0504,0.2063,0.0,0.0
1779988771806,1,Pitching Mound.Drive,,Loading,pitch.0,437918,-5.8079,40.0789,118.303,80.2296,-59.5589,39.1455,0.067,0.0903
1779988771806,1,Pitching Mound.Parent,,Loading,pitch.0,436968,-6.4707,39.9373,118.9776,80.2453,-59.6093,39.3518,0.0666,0.0912
1779988771807,1,11.0000004b,Drive,Loading,pitch.0,437919,-5.6723,39.9285,117.8684,80.0288,-59.3483,38.8552,0.067,0.0904
1779988771807,1,12.00000015,Lower Delivery,Loading,pitch.0,437651,-0.6099,-0.2129,0.5398,-0.0487,-0.0168,-0.0071,0.0,0.0
1779988771807,1,12.00000018,Upper Delivery,Loading,pitch.0,438508,-0.012,0.1059,0.1027,-0.0884,-0.0304,-0.0012,0.0,0.0
1779988771807,1,Pitching Mound.Delivery,,Loading,pitch.0,437349,-0.6092,-0.1126,0.6342,-0.0006,-0.0507,0.1907,0.0,0.0
1779988771807,1,Pitching Mound.Drive,,Loading,pitch.0,437919,-5.6723,39.9285,117.8684,80.0288,-59.3483,38.8552,0.067,0.0904
1779988771807,1,Pitching Mound.Parent,,Loading,pitch.0,436969,-6.2815,39.8159,118.5027,80.0281,-59.3989,39.0458,0.0667,0.0911
1779988771808,1,11.0000004b,Drive,Loading,pitch.0,437920,-5.5105,39.7571,117.5446,80.011,-59.1958,38.6059,0.067,0.0906
1779988771808,1,12.00000015,Lower Delivery,Loading,pitch.0,437652,-0.6295,-0.2033,0.5646,-0.0295,-0.0097,-0.0077,0.0,0.0
1779988771808,1,12.00000018,Upper Delivery,Loading,pitch.0,438509,-0.0085,0.1079,0.1133,-0.0884,-0.0304,-0.0012,0.0,0.0
1779988771808,1,Pitching Mound.Delivery,,Loading,pitch.0,437350,-0.6183,-0.1049,0.6531,0.008,-0.0472,0.1962,0.0,0.0
1779988771808,1,Pitching Mound.Drive,,Loading,pitch.0,437920,-5.5105,39.7571,117.5446,80.011,-59.1958,38.6059,0.067,0.0906
1779988771808,1,Pitching Mound.Parent,,Loading,pitch.0,436970,-6.1289,39.6522,118.1977,80.019,-59.243,38.8021,0.0667,0.0913
1779988771809,1,11.0000004b,Drive,Loading,pitch.0,437921,-5.3567,39.6108,117.4032,80.0857,-58.9571,38.3647,0.0669,0.0908
1779988771809,1,12.00000015,Lower Delivery,Loading,pitch.0,437653,-0.6115,-0.2113,0.553,-0.0307,-0.0119,-0.0054,0.0,0.0
1779988771809,1,12.00000018,Upper Delivery,Loading,pitch.0,438510,-0.0207,0.1055,0.1518,-0.0884,-0.0304,-0.0012,0.0,0.0
1779988771809,1,Pitching Mound.Delivery,,Loading,pitch.0,437351,-0.6502,-0.0977,0.7164,0.0225,-0.0401,0.1981,0.0,0.0
1779988771809,1,Pitching Mound.Drive,,Loading,pitch.0,437921,-5.3567,39.6108,117.4032,80.0857,-58.9571,38.3647,0.0669,0.0908
1779988771809,1,Pitching Mound.Parent,,Loading,pitch.0,436971,-6.0069,39.513,118.1196,80.1082,-58.9972,38.5628,0.0664,0.0914
1779988771810,1,11.0000004b,Drive,Loading,pitch.0,437922,-5.1891,39.457,117.0255,79.9607,-58.7776,38.0771,0.0669,0.091
1779988771810,1,12.00000015,Lower Delivery,Loading,pitch.0,437654,-0.606,-0.2061,0.5495,-0.0347,-0.0124,-0.0041,0.0,0.0
1779988771810,1,12.00000018,Upper Delivery,Loading,pitch.0,438511,-0.026,0.0964,0.1278,-0.0884,-0.0304,-0.0012,0.0,0.0
1779988771810,1,Pitching Mound.Delivery,,Loading,pitch.0,437352,-0.6374,-0.1149,0.6809,0.0255,-0.0423,0.1925,0.0,0.0
1779988771810,1,Pitching Mound.Drive,,Loading,pitch.0,437922,-5.1891,39.457,117.0255,79.9607,-58.7776,38.0771,0.0669,0.091
1779988771810,1,Pitching Mound.Parent,,Loading,pitch.0,436972,-5.8266,39.3421,117.7063,79.9862,-58.8199,38.2696,0.0665,0.0917
1779988771811,1,11.0000004b,Drive,Loading,pitch.0,437923,-5.0271,39.3136,116.6662,79.9481,-58.4566,37.7905,0.0667,0.0912
1779988771811,1,11.0000004b,Drive,Loading,pitch.0,437924,-4.8943,39.1683,116.4269,79.9756,-58.4181,37.5436,0.0668,0.0914
1779988771811,1,12.00000015,Lower Delivery,Loading,pitch.0,437655,-0.6032,-0.223,0.5303,-0.0257,-0.0141,-0.006,0.0,0.0
1779988771811,1,12.00000018,Upper Delivery,Loading,pitch.0,438512,-0.031,0.0925,0.1575,-0.0884,-0.0304,-0.0012,0.0,0.0
1779988771811,1,Pitching Mound.Delivery,,Loading,pitch.0,437353,-0.637,-0.1136,0.707,0.0102,-0.0427,0.1903,0.0,0.0
1779988771811,1,Pitching Mound.Drive,,Loading,pitch.0,437923,-5.0271,39.3136,116.6662,79.9481,-58.4566,37.7905,0.0667,0.0912
1779988771811,1,Pitching Mound.Drive,,Loading,pitch.0,437924,-4.8943,39.1683,116.4269,79.9756,-58.4181,37.5436,0.0668,0.0914
1779988771811,1,Pitching Mound.Parent,,Loading,pitch.0,436973,-5.6641,39.2,117.3732,79.9584,-58.4993,37.9807,0.0663,0.0918
1779988771812,1,12.00000015,Lower Delivery,Loading,pitch.0,437656,-0.6348,-0.2586,0.5348,-0.0254,-0.0114,-0.0046,0.0,0.0
1779988771812,1,12.00000018,Upper Delivery,Loading,pitch.0,438513,-0.0308,0.0915,0.1463,-0.0884,-0.0304,-0.0012,0.0,0.0
1779988771812,1,Pitching Mound.Delivery,,Loading,pitch.0,437354,-0.634,-0.1316,0.6766,0.0165,-0.0444,0.1874,0.0,0.0
1779988771812,1,Pitching Mound.Parent,,Loading,pitch.0,436974,-5.5284,39.0368,117.1034,79.992,-58.4625,37.731,0.0664,0.092
1779988771813,1,11.0000004b,Drive,Loading,pitch.0,437925,-4.7419,39.0276,115.9012,79.7658,-58.0207,37.1897,0.0666,0.0916
1779988771813,1,11.0000004b,Drive,Loading,pitch.0,437926,-4.5846,38.8741,115.4824,79.5977,-57.629,36.8855,0.0664,0.0918
1779988771813,1,12.00000015,Lower Delivery,Loading,pitch.0,437657,-0.6305,-0.2855,0.5162,-0.0241,-0.0026,-0.0026,0.0,0.0
1779988771813,1,12.00000018,Upper Delivery,Loading,pitch.0,438514,-0.0292,0.0957,0.1346,-0.0884,-0.0304,-0.0012,0.0,0.0
1779988771813,1,Pitching Mound.Delivery,,Loading,pitch.0,437355,-0.664,-0.1628,0.6693,0.0223,-0.0418,0.2001,0.0,0.0
1779988771813,1,Pitching Mound.Drive,,Loading,pitch.0,437925,-4.7419,39.0276,115.9012,79.7658,-58.0207,37.1897,0.0666,0.0916
1779988771813,1,Pitching Mound.Drive,,Loading,pitch.0,437926,-4.5846,38.8741,115.4824,79.5977,-57.629,36.8855,0.0664,0.0918
1779988771813,1,Pitching Mound.Parent,,Loading,pitch.0,436975,-5.4059,38.8648,116.5705,79.7882,-58.0625,37.3898,0.0663,0.0923
1779988771814,1,11.0000004b,Drive,Loading,pitch.0,437927,-4.4242,38.7225,115.0523,79.4983,-57.3112,36.6298,0.0663,0.092
1779988771814,1,12.00000015,Lower Delivery,Loading,pitch.0,437658,-0.6767,-0.3106,0.5431,-0.0165,-0.0024,-0.0039,0.0,0.0
1779988771814,1,12.00000018,Upper Delivery,Loading,pitch.0,438515,-0.0269,0.096,0.1072,-0.0884,-0.0304,-0.0012,0.0,0.0
1779988771814,1,Pitching Mound.Delivery,,Loading,pitch.0,437356,-0.6574,-0.1895,0.6234,0.0266,-0.033,0.2015,0.0,0.0
1779988771814,1,Pitching Mound.Drive,,Loading,pitch.0,437927,-4.4242,38.7225,115.0523,79.4983,-57.3112,36.6298,0.0663,0.092
1779988771814,1,Pitching Mound.Parent,,Loading,pitch.0,436976,-5.242,38.6846,116.1058,79.6244,-57.662,37.087,0.0661,0.0925
1779988771815,1,11.0000004b,Drive,Loading,pitch.0,437928,-4.2766,38.5535,114.513,79.2417,-57.0443,36.3128,0.0663,0.0921
1779988771815,1,12.00000015,Lower Delivery,Loading,pitch.0,437659,-0.6937,-0.3699,0.5279,-0.0139,0.0051,-0.0023,0.0,0.0
1779988771815,1,12.00000018,Upper Delivery,Loading,pitch.0,438516,-0.0244,0.0964,0.0977,-0.0884,-0.0304,-0.0012,0.0,0.0
1779988771815,1,Pitching Mound.Delivery,,Loading,pitch.0,437357,-0.7011,-0.2142,0.6407,0.0465,-0.0328,0.2167,0.0,0.0
1779988771815,1,Pitching Mound.Drive,,Loading,pitch.0,437928,-4.2766,38.5535,114.513,79.2417,-57.0443,36.3128,0.0663,0.0921
1779988771815,1,Pitching Mound.Parent,,Loading,pitch.0,436977,-5.1253,38.5082,115.693,79.5449,-57.344,36.8465,0.0659,0.0928
1779988771816,1,11.0000004b,Drive,Loading,pitch.0,437929,-4.1019,38.3887,114.0085,78.9517,-56.7165,36.0007,0.0662,0.0922
1779988771816,1,12.00000015,Lower Delivery,Loading,pitch.0,437660,-0.6908,-0.3638,0.5234,-0.0188,0.0051,-0.0035,0.0,0.0
1779988771816,1,12.00000018,Upper Delivery,Loading,pitch.0,438517,-0.0329,0.0945,0.0826,-0.0884,-0.0304,-0.0012,0.0,0.0
1779988771816,1,Pitching Mound.Delivery,,Loading,pitch.0,437358,-0.7265,-0.2754,0.6105,0.0491,-0.0253,0.2211,0.0,0.0
1779988771816,1,Pitching Mound.Drive,,Loading,pitch.0,437929,-4.1019,38.3887,114.0085,78.9517,-56.7165,36.0007,0.0662,0.0922
1779988771816,1,Pitching Mound.Parent,,Loading,pitch.0,436978,-5.0031,38.2781,115.1235,79.2908,-57.0695,36.534,0.066,0.0929
1779988771817,1,11.0000004b,Drive,Loading,pitch.0,437930,-3.9629,38.2654,113.9266,79.1935,-56.8218,35.7647,0.0664,0.0925
1779988771817,1,12.00000015,Lower Delivery,Loading,pitch.0,437661,-0.691,-0.3756,0.5139,-0.0274,0.0004,-0.005,0.0,0.0
1779988771817,1,12.00000018,Upper Delivery,Loading,pitch.0,438518,-0.0465,0.0778,0.0634,-0.0884,-0.0304,-0.0012,0.0,0.0
1779988771817,1,Pitching Mound.Delivery,,Loading,pitch.0,437359,-0.7372,-0.286,0.5868,0.0492,-0.0253,0.2143,0.0,0.0
1779988771817,1,Pitching Mound.Drive,,Loading,pitch.0,437930,-3.9629,38.2654,113.9266,79.1935,-56.8218,35.7647,0.0664,0.0925
1779988771817,1,Pitching Mound.Parent,,Loading,pitch.0,436979,-4.8391,38.1027,114.5953,79.0009,-56.7418,36.215,0.0659,0.0931
1779988771818,1,11.0000004b,Drive,Loading,pitch.0,437931,-3.801,38.0918,113.2422,78.6768,-56.46,35.4169,0.0664,0.0925
1779988771818,1,12.00000015,Lower Delivery,Loading,pitch.0,437662,-0.6578,-0.4052,0.4622,-0.026,0.0018,-0.0023,0.0,0.0
1779988771818,1,12.00000018,Upper Delivery,Loading,pitch.0,438519,-0.0467,0.0739,0.0558,-0.0884,-0.0304,-0.0012,0.0,0.0
1779988771818,1,Pitching Mound.Delivery,,Loading,pitch.0,437360,-0.7377,-0.3017,0.5697,0.04,-0.0299,0.2128,0.0,0.0
1779988771818,1,Pitching Mound.Drive,,Loading,pitch.0,437931,-3.801,38.0918,113.2422,78.6768,-56.46,35.4169,0.0664,0.0925
1779988771818,1,Pitching Mound.Parent,,Loading,pitch.0,436980,-4.7006,37.9636,114.4964,79.2335,-56.8517,35.9776,0.0661,0.0934
1779988771819,1,11.0000004b,Drive,Loading,pitch.0,437932,-3.6466,37.936,112.8252,78.4946,-56.3085,35.1267,0.0664,0.0926
1779988771819,1,12.00000015,Lower Delivery,Loading,pitch.0,437663,-0.6984,-0.4177,0.5129,-0.0314,0.0026,-0.003,0.0,0.0
1779988771819,1,12.00000018,Upper Delivery,Loading,pitch.0,438520,-0.0534,0.0692,0.0402,-0.0884,-0.0304,-0.0012,0.0,0.0
1779988771819,1,Pitching Mound.Delivery,,Loading,pitch.0,437361,-0.7112,-0.336,0.5024,0.0291,-0.0286,0.202,0.0,0.0
1779988771819,1,Pitching Mound.Drive,,Loading,pitch.0,437932,-3.6466,37.936,112.8252,78.4946,-56.3085,35.1267,0.0664,0.0926
1779988771819,1,Pitching Mound.Parent,,Loading,pitch.0,436981,-4.5122,37.7558,113.7446,78.7059,-56.4885,35.619,0.0661,0.0933
1779988771820,1,11.0000004b,Drive,Loading,pitch.0,437933,-3.5203,37.8228,112.861,78.8009,-56.5647,34.9744,0.0667,0.093
1779988771820,1,12.00000015,Lower Delivery,Loading,pitch.0,437664,-0.662,-0.3932,0.4938,-0.0306,-0.0008,-0.0034,0.0,0.0
1779988771820,1,12.00000018,Upper Delivery,Loading,pitch.0,438521,-0.046,0.0736,0.0594,-0.0884,-0.0304,-0.0012,0.0,0.0
1779988771820,1,12.00000018,Upper Delivery,Loading,pitch.0,438522,-0.0491,0.072,0.0466,-0.0884,-0.0304,-0.0012,0.0,0.0
1779988771820,1,Pitching Mound.Delivery,,Loading,pitch.0,437363,-0.7111,-0.3213,0.5405,0.033,-0.0312,0.2038,0.0,0.0
1779988771820,1,Pitching Mound.Delivery,,Loading,pitch.0,437362,-0.7444,-0.344,0.5723,0.0345,-0.0278,0.2176,0.0,0.0
1779988771820,1,Pitching Mound.Drive,,Loading,pitch.0,437933,-3.5203,37.8228,112.861,78.8009,-56.5647,34.9744,0.0667,0.093
1779988771820,1,Pitching Mound.Parent,,Loading,pitch.0,436982,-4.3911,37.592,113.3975,78.529,-56.3363,35.3444,0.0661,0.0935
1779988771820,1,Pitching Mound.Parent,,Loading,pitch.0,436983,-4.2314,37.5016,113.4015,78.8339,-56.5958,35.1782,0.0664,0.0938
1779988771821,1,11.0000004b,Drive,Loading,pitch.0,437934,-3.3711,37.683,112.4843,78.6266,-56.3969,34.6887,0.0667,0.0931
1779988771821,1,12.00000015,Lower Delivery,Loading,pitch.0,437665,-0.6086,-0.3603,0.4405,-0.0394,-0.014,-0.0052,0.0,0.0
1779988771821,1,12.00000018,Upper Delivery,Loading,pitch.0,438523,-0.0439,0.0761,0.0578,-0.0884,-0.0304,-0.0012,0.0,0.0
1779988771821,1,Pitching Mound.Delivery,,Loading,pitch.0,437364,-0.6524,-0.2842,0.4983,0.0024,-0.0444,0.1856,0.0,0.0
1779988771821,1,Pitching Mound.Drive,,Loading,pitch.0,437934,-3.3711,37.683,112.4843,78.6266,-56.3969,34.6887,0.0667,0.0931
1779988771821,1,Pitching Mound.Parent,,Loading,pitch.0,436984,-4.0236,37.3988,112.9826,78.629,-56.4412,34.8743,0.0665,0.0938
1779988771822,1,11.0000004b,Drive,Loading,pitch.0,437935,-3.24,37.5471,112.3036,78.738,-56.4046,34.4807,0.0669,0.0933
1779988771822,1,12.00000015,Lower Delivery,Loading,pitch.0,437666,-0.6116,-0.3555,0.4683,-0.0406,-0.0146,-0.0043,0.0,0.0
1779988771822,1,Pitching Mound.Drive,,Loading,pitch.0,437935,-3.24,37.5471,112.3036,78.738,-56.4046,34.4807,0.0669,0.0933
1779988771823,1,11.0000004b,Drive,Loading,pitch.0,437936,-3.1144,37.383,111.7416,78.3223,-56.2108,34.1338,0.067,0.0933
1779988771823,1,12.00000015,Lower Delivery,Loading,pitch.0,437667,-0.5925,-0.3208,0.4638,-0.0464,-0.026,-0.0059,0.0,0.0
1779988771823,1,12.00000018,Upper Delivery,Loading,pitch.0,438524,-0.0524,0.0641,0.0258,-0.0884,-0.0304,-0.0012,0.0,0.0
1779988771823,1,Pitching Mound.Delivery,,Loading,pitch.0,437365,-0.664,-0.2914,0.4941,0.0215,-0.045,0.1846,0.0,0.0
1779988771823,1,Pitching Mound.Drive,,Loading,pitch.0,437936,-3.1144,37.383,111.7416,78.3223,-56.2108,34.1338,0.067,0.0933
1779988771823,1,Pitching Mound.Parent,,Loading,pitch.0,436985,-3.904,37.2557,112.7977,78.7595,-56.4496,34.6653,0.0666,0.0943
1779988771824,1,11.0000004b,Drive,Loading,pitch.0,437937,-2.9694,37.2263,111.4037,78.0761,-56.216,33.8933,0.0672,0.0933
1779988771824,1,12.00000015,Lower Delivery,Loading,pitch.0,437668,-0.5804,-0.3111,0.4717,-0.0471,-0.0236,-0.0044,0.0,0.0
1779988771824,1,12.00000018,Upper Delivery,Loading,pitch.0,438525,-0.0461,0.0708,0.0419,-0.0884,-0.0304,-0.0012,0.0,0.0
1779988771824,1,12.00000018,Upper Delivery,Loading,pitch.0,438526,-0.0335,0.0903,0.0852,-0.0884,-0.0304,-0.0012,0.0,0.0
1779988771824,1,Pitching Mound.Delivery,,Loading,pitch.0,437366,-0.6386,-0.25,0.5057,0.0087,-0.0563,0.1787,0.0,0.0
1779988771824,1,Pitching Mound.Delivery,,Loading,pitch.0,437367,-0.614,-0.2208,0.5569,-0.004,-0.054,0.1803,0.0,0.0
1779988771824,1,Pitching Mound.Drive,,Loading,pitch.0,437937,-2.9694,37.2263,111.4037,78.0761,-56.216,33.8933,0.0672,0.0933
1779988771824,1,Pitching Mound.Parent,,Loading,pitch.0,436986,-3.753,37.133,112.2474,78.331,-56.2672,34.3125,0.0667,0.0942
1779988771824,1,Pitching Mound.Parent,,Loading,pitch.0,436987,-3.5833,37.0055,111.9606,78.0721,-56.2701,34.0737,0.0668,0.094
1779988771825,1,11.0000004b,Drive,Loading,pitch.0,437938,-2.8548,37.1106,111.2552,78.1602,-56.2977,33.6415,0.0674,0.0935
1779988771825,1,12.00000015,Lower Delivery,Loading,pitch.0,437669,-0.5733,-0.2647,0.4878,-0.0571,-0.0251,-0.0036,0.0,0.0
1779988771825,1,Pitching Mound.Drive,,Loading,pitch.0,437938,-2.8548,37.1106,111.2552,78.1602,-56.2977,33.6415,0.0674,0.0935
1779988771826,1,11.0000004b,Drive,Loading,pitch.0,437939,-2.7286,36.9516,110.8807,77.9246,-56.2453,33.3884,0.0675,0.0936
1779988771826,1,12.00000015,Lower Delivery,Loading,pitch.0,437670,-0.5608,-0.2432,0.4859,-0.0574,-0.0303,-0.0058,0.0,0.0
1779988771826,1,12.00000018,Upper Delivery,Loading,pitch.0,438527,-0.0186,0.1096,0.1133,-0.0884,-0.0304,-0.0012,0.0,0.0
1779988771826,1,Pitching Mound.Delivery,,Loading,pitch.0,437368,-0.592,-0.1551,0.6011,-0.0181,-0.0555,0.1838,0.0,0.0
1779988771826,1,Pitching Mound.Drive,,Loading,pitch.0,437939,-2.7286,36.9516,110.8807,77.9246,-56.2453,33.3884,0.0675,0.0936
1779988771826,1,Pitching Mound.Parent,,Loading,pitch.0,436988,-3.4467,36.9556,111.8562,78.142,-56.3531,33.8253,0.067,0.0942
1779988771827,1,11.0000004b,Drive,Loading,pitch.0,437940,-2.6214,36.7706,110.4961,77.7159,-56.1752,33.1445,0.0677,0.0936
1779988771827,1,12.00000015,Lower Delivery,Loading,pitch.0,437671,-0.5719,-0.248,0.4957,-0.05,-0.0279,-0.0057,0.0,0.0
1779988771827,1,12.00000018,Upper Delivery,Loading,pitch.0,438528,-0.0327,0.0944,0.0946,-0.0884,-0.0304,-0.0012,0.0,0.0
1779988771827,1,Pitching Mound.Delivery,,Loading,pitch.0,437369,-0.5936,-0.1488,0.5805,-0.0127,-0.0607,0.1725,0.0,0.0
1779988771827,1,Pitching Mound.Drive,,Loading,pitch.0,437940,-2.6214,36.7706,110.4961,77.7159,-56.1752,33.1445,0.0677,0.0936
1779988771827,1,Pitching Mound.Parent,,Loading,pitch.0,436989,-3.3222,36.8028,111.4612,77.9118,-56.306,33.5609,0.0672,0.0943
1779988771828,1,12.00000015,Lower Delivery,Loading,pitch.0,437672,-0.6128,-0.267,0.5343,-0.0587,-0.0225,-0.0053,0.0,0.0
1779988771828,1,12.00000018,Upper Delivery,Loading,pitch.0,438529,-0.0152,0.1075,0.1389,-0.0884,-0.0304,-0.0012,0.0,0.0
1779988771828,1,Pitching Mound.Delivery,,Loading,pitch.0,437370,-0.5871,-0.1405,0.6346,-0.017,-0.0583,0.1824,0.0,0.0
1779988771828,1,Pitching Mound.Parent,,Loading,pitch.0,436990,-3.2085,36.63,111.1307,77.6989,-56.2335,33.3269,0.0673,0.0942
1779988771829,1,11.0000004b,Drive,Loading,pitch.0,437941,-2.4982,36.5954,110.0058,77.2471,-55.9776,32.8535,0.0677,0.0935
1779988771829,1,11.0000004b,Drive,Loading,pitch.0,437942,-2.4017,36.4432,109.7073,77.1977,-56.0426,32.6419,0.068,0.0937
1779988771829,1,12.00000015,Lower Delivery,Loading,pitch.0,437673,-0.6083,-0.2756,0.5234,-0.0559,-0.0312,-0.0053,0.0,0.0
1779988771829,1,12.00000018,Upper Delivery,Loading,pitch.0,438530,-0.0202,0.1078,0.1104,-0.0884,-0.0304,-0.0012,0.0,0.0
1779988771829,1,Pitching Mound.Delivery,,Loading,pitch.0,437371,-0.633,-0.1591,0.6447,-0.0029,-0.0529,0.195,0.0,0.0
1779988771829,1,Pitching Mound.Drive,,Loading,pitch.0,437941,-2.4982,36.5954,110.0058,77.2471,-55.9776,32.8535,0.0677,0.0935
1779988771829,1,Pitching Mound.Drive,,Loading,pitch.0,437942,-2.4017,36.4432,109.7073,77.1977,-56.0426,32.6419,0.068,0.0937
1779988771829,1,Pitching Mound.Parent,,Loading,pitch.0,436991,-3.1312,36.4363,110.6505,77.2442,-56.0305,33.0485,0.0673,0.0942
1779988771830,1,11.0000004b,Drive,Loading,pitch.0,437943,-2.2854,36.2531,109.0958,76.6258,-55.8161,32.3709,0.0681,0.0935
1779988771830,1,12.00000015,Lower Delivery,Loading,pitch.0,437674,-0.6098,-0.304,0.5026,-0.052,-0.0292,-0.0036,0.0,0.0
1779988771830,1,12.00000018,Upper Delivery,Loading,pitch.0,438531,-0.0164,0.1052,0.1237,-0.0884,-0.0304,-0.0012,0.0,0.0
1779988771830,1,12.00000018,Upper Delivery,Loading,pitch.0,438532,-0.0255,0.1004,0.141,-0.0884,-0.0304,-0.0012,0.0,0.0
1779988771830,1,Pitching Mound.Delivery,,Loading,pitch.0,437372,-0.6246,-0.1704,0.6471,-0.0084,-0.0616,0.1947,0.0,0.0
1779988771830,1,Pitching Mound.Delivery,,Loading,pitch.0,437373,-0.6353,-0.2036,0.6436,-0.0175,-0.0596,0.1939,0.0,0.0
1779988771830,1,Pitching Mound.Drive,,Loading,pitch.0,437943,-2.2854,36.2531,109.0958,76.6258,-55.8161,32.3709,0.0681,0.0935
1779988771830,1,Pitching Mound.Parent,,Loading,pitch.0,436992,-3.0264,36.2729,110.3544,77.1893,-56.1041,32.8366,0.0676,0.0944
1779988771830,1,Pitching Mound.Parent,,Loading,pitch.0,436993,-2.9207,36.0495,109.7393,76.6084,-55.8757,32.5647,0.0677,0.0941
1779988771831,1,11.0000004b,Drive,Loading,pitch.0,437944,-2.1809,36.1329,108.9529,76.651,-56.06,32.2166,0.0685,0.0937
1779988771831,1,12.00000015,Lower Delivery,Loading,pitch.0,437675,-0.647,-0.3365,0.5046,-0.0438,-0.0241,-0.0038,0.0,0.0
1779988771831,1,Pitching Mound.Drive,,Loading,pitch.0,437944,-2.1809,36.1329,108.9529,76.651,-56.06,32.2166,0.0685,0.0937
1779988771832,1,12.00000015,Lower Delivery,Loading,pitch.0,437676,-0.6425,-0.3313,0.5194,-0.0445,-0.017,0.0005,0.0,0.0
1779988771832,1,12.00000018,Upper Delivery,Loading,pitch.0,438533,-0.0463,0.08,0.1001,-0.0884,-0.0304,-0.0012,0.0,0.0
1779988771832,1,12.00000018,Upper Delivery,Loading,pitch.0,438534,-0.052,0.0719,0.0873,-0.0884,-0.0304,-0.0012,0.0,0.0
1779988771832,1,Pitching Mound.Delivery,,Loading,pitch.0,437374,-0.6933,-0.2565,0.6047,0.0054,-0.0545,0.1993,0.0,0.0
1779988771832,1,Pitching Mound.Delivery,,Loading,pitch.0,437375,-0.6946,-0.2593,0.6067,0.0141,-0.0473,0.2001,0.0,0.0
1779988771832,1,Pitching Mound.Parent,,Loading,pitch.0,436994,-2.8742,35.8764,109.5576,76.6564,-56.1145,32.4159,0.0681,0.0944
1779988771833,1,11.0000004b,Drive,Loading,pitch.0,437945,-2.103,36.0095,108.5635,76.4873,-56.004,32.0419,0.0687,0.0938
1779988771833,1,12.00000015,Lower Delivery,Loading,pitch.0,437677,-0.648,-0.3431,0.5306,-0.0381,-0.0095,-0.0006,0.0,0.0
1779988771833,1,12.00000018,Upper Delivery,Loading,pitch.0,438535,-0.0477,0.0708,0.0784,-0.0884,-0.0304,-0.0012,0.0,0.0
1779988771833,1,Pitching Mound.Delivery,,Loading,pitch.0,437376,-0.6958,-0.2723,0.609,0.0273,-0.0399,0.2023,0.0,0.0
1779988771833,1,Pitching Mound.Drive,,Loading,pitch.0,437945,-2.103,36.0095,108.5635,76.4873,-56.004,32.0419,0.0687,0.0938
1779988771833,1,Pitching Mound.Parent,,Loading,pitch.0,436995,-2.7976,35.7502,109.1702,76.5014,-56.0513,32.2419,0.0683,0.0946
1779988771834,1,11.0000004b,Drive,Loading,pitch.0,437946,-2.0093,35.8583,108.1489,76.1259,-56.0072,31.8615,0.0689,0.0937
1779988771834,1,12.00000015,Lower Delivery,Loading,pitch.0,437678,-0.6788,-0.3417,0.5435,-0.036,-0.0135,-0.0028,0.0,0.0
1779988771834,1,12.00000018,Upper Delivery,Loading,pitch.0,438536,-0.0644,0.0586,0.0359,-0.0884,-0.0304,-0.0012,0.0,0.0
1779988771834,1,Pitching Mound.Delivery,,Loading,pitch.0,437377,-0.7432,-0.2831,0.5793,0.0482,-0.0439,0.2048,0.0,0.0
1779988771834,1,Pitching Mound.Drive,,Loading,pitch.0,437946,-2.0093,35.8583,108.1489,76.1259,-56.0072,31.8615,0.0689,0.0937
1779988771834,1,Pitching Mound.Parent,,Loading,pitch.0,436996,-2.705,35.586,108.758,76.1531,-56.0471,32.0637,0.0686,0.0946
1779988771835,1,11.0000004b,Drive,Loading,pitch.0,437947,-1.9312,35.741,107.7495,75.8809,-56.0147,31.7143,0.0692,0.0938
1779988771835,1,12.00000015,Lower Delivery,Loading,pitch.0,437679,-0.7053,-0.3493,0.6046,-0.0368,-0.0039,-0.0015,0.0,0.0
1779988771835,1,12.00000018,Upper Delivery,Loading,pitch.0,438537,-0.0648,0.0536,0.0446,-0.0884,-0.0304,-0.0012,0.0,0.0
1779988771835,1,Pitching Mound.Delivery,,Loading,pitch.0,437378,-0.7701,-0.2957,0.6492,0.0652,-0.0343,0.215,0.0,0.0
1779988771835,1,Pitching Mound.Drive,,Loading,pitch.0,437947,-1.9312,35.741,107.7495,75.8809,-56.0147,31.7143,0.0692,0.0938
1779988771835,1,Pitching Mound.Parent,,Loading,pitch.0,436997,-2.6744,35.4579,108.3288,75.9291,-56.0586,31.9192,0.0688,0.0948
1779988771836,1,11.0000004b,Drive,Loading,pitch.0,437948,-1.8681,35.61,107.3446,75.6136,-56.0393,31.5644,0.0695,0.0938
1779988771836,1,12.00000015,Lower Delivery,Loading,pitch.0,437680,-0.6869,-0.334,0.6045,-0.0309,-0.0057,-0.0023,0.0,0.0
1779988771836,1,12.00000018,Upper Delivery,Loading,pitch.0,438538,-0.0642,0.0592,0.026,-0.0884,-0.0304,-0.0012,0.0,0.0
1779988771836,1,Pitching Mound.Delivery,,Loading,pitch.0,437379,-0.7511,-0.2748,0.6305,0.0774,-0.0361,0.2082,0.0,0.0
1779988771836,1,Pitching Mound.Drive,,Loading,pitch.0,437948,-1.8681,35.61,107.3446,75.6136,-56.0393,31.5644,0.0695,0.0938
1779988771836,1,Pitching Mound.Parent,,Loading,pitch.0,436998,-2.6382,35.3143,107.9938,75.6788,-56.0735,31.7794,0.0691,0.095
1779988771837,1,11.0000004b,Drive,Loading,pitch.0,437950,-1.7176,35.387,106.5694,75.1212,-56.268,31.3055,0.0703,0.0938
1779988771837,1,11.0000004b,Drive,Loading,pitch.0,437949,-1.7967,35.497,106.9339,75.3575,-56.0727,31.4068,0.0698,0.0938
1779988771837,1,12.00000015,Lower Delivery,Loading,pitch.0,437681,-0.6941,-0.3377,0.6174,-0.0309,0.0082,-0.0003,0.0,0.0
1779988771837,1,12.00000018,Upper Delivery,Loading,pitch.0,438539,-0.0662,0.0571,0.0316,-0.0884,-0.0304,-0.0012,0.0,0.0
1779988771837,1,Pitching Mound.Delivery,,Loading,pitch.0,437380,-0.7603,-0.2805,0.649,0.08,-0.0222,0.212,0.0,0.0
1779988771837,1,Pitching Mound.Drive,,Loading,pitch.0,437950,-1.7176,35.387,106.5694,75.1212,-56.268,31.3055,0.0703,0.0938
1779988771837,1,Pitching Mound.Drive,,Loading,pitch.0,437949,-1.7967,35.497,106.9339,75.3575,-56.0727,31.4068,0.0698,0.0938
1779988771837,1,Pitching Mound.Parent,,Loading,pitch.0,437000,-2.4778,35.1065,107.2184,75.2012,-56.2902,31.5175,0.0699,0.0951
1779988771837,1,Pitching Mound.Parent,,Loading,pitch.0,436999,-2.5478,35.2222,107.5644,75.4349,-56.1088,31.6151,0.0694,0.0951
1779988771838,1,11.0000004b,Drive,Loading,pitch.0,437951,-1.662,35.287,106.1135,74.7781,-56.2952,31.1715,0.0706,0.0938
1779988771838,1,12.00000015,Lower Delivery,Loading,pitch.0,437682,-0.6987,-0.3105,0.6461,-0.0324,0.0139,0.002,0.0,0.0
1779988771838,1,12.00000018,Upper Delivery,Loading,pitch.0,438540,-0.0664,0.056,0.0194,-0.0884,-0.0304,-0.0012,0.0,0.0
1779988771838,1,Pitching Mound.Delivery,,Loading,pitch.0,437381,-0.7652,-0.2545,0.6655,0.0923,-0.0164,0.2158,0.0,0.0
1779988771838,1,Pitching Mound.Drive,,Loading,pitch.0,437951,-1.662,35.287,106.1135,74.7781,-56.2952,31.1715,0.0706,0.0938
1779988771838,1,Pitching Mound.Parent,,Loading,pitch.0,437001,-2.4271,35.0326,106.779,74.8704,-56.3116,31.3873,0.0702,0.0952
1779988771839,1,11.0000004b,Drive,Loading,pitch.0,437952,-1.6085,35.1351,105.6411,74.3268,-56.2819,31.0578,0.0709,0.0937
1779988771839,1,12.00000015,Lower Delivery,Loading,pitch.0,437683,-0.6521,-0.2896,0.5783,-0.0367,0.0091,0.0022,0.0,0.0
1779988771839,1,12.00000018,Upper Delivery,Loading,pitch.0,438541,-0.0621,0.0545,0.0054,-0.0884,-0.0304,-0.0012,0.0,0.0
1779988771839,1,Pitching Mound.Delivery,,Loading,pitch.0,437382,-0.7142,-0.2351,0.5837,0.0698,-0.0213,0.2016,0.0,0.0
1779988771839,1,Pitching Mound.Drive,,Loading,pitch.0,437952,-1.6085,35.1351,105.6411,74.3268,-56.2819,31.0578,0.0709,0.0937
1779988771839,1,Pitching Mound.Parent,,Loading,pitch.0,437002,-2.3227,34.9,106.2248,74.3966,-56.3032,31.2594,0.0705,0.095
1779988771840,1,12.00000015,Lower Delivery,Loading,pitch.0,437684,-0.5929,-0.2449,0.5369,-0.0404,0.0168,0.0011,0.0,0.0
1779988771841,1,11.0000004b,Drive,Loading,pitch.0,437953,-1.5502,35.0048,105.1837,74.0003,-56.3449,30.9157,0.0713,0.0937
1779988771841,1,11.0000004b,Drive,Loading,pitch.0,437954,-1.5277,34.8627,104.8368,73.7643,-56.4146,30.8066,0.0716,0.0937
1779988771841,1,12.00000015,Lower Delivery,Loading,pitch.0,437685,-0.556,-0.22,0.5107,-0.0451,0.0117,0.0001,0.0,0.0
1779988771841,1,12.00000018,Upper Delivery,Loading,pitch.0,438542,-0.0639,0.0636,0.0511,-0.0884,-0.0304,-0.0012,0.0,0.0
1779988771841,1,12.00000018,Upper Delivery,Loading,pitch.0,438543,-0.0396,0.0851,0.0836,-0.0884,-0.0304,-0.0012,0.0,0.0
1779988771841,1,Pitching Mound.Delivery,,Loading,pitch.0,437383,-0.6569,-0.1813,0.588,0.0364,-0.0136,0.1798,0.0,0.0
1779988771841,1,Pitching Mound.Delivery,,Loading,pitch.0,437384,-0.5956,-0.1348,0.5943,0.0118,-0.0186,0.1745,0.0,0.0
1779988771841,1,Pitching Mound.Drive,,Loading,pitch.0,437953,-1.5502,35.0048,105.1837,74.0003,-56.3449,30.9157,0.0713,0.0937
1779988771841,1,Pitching Mound.Drive,,Loading,pitch.0,437954,-1.5277,34.8627,104.8368,73.7643,-56.4146,30.8066,0.0716,0.0937
1779988771841,1,Pitching Mound.Parent,,Loading,pitch.0,437003,-2.2071,34.8235,105.7717,74.0367,-56.3585,31.0955,0.0709,0.0947
1779988771841,1,Pitching Mound.Parent,,Loading,pitch.0,437004,-2.1233,34.7279,105.4311,73.7761,-56.4332,30.981,0.0712,0.0945
1779988771842,1,11.0000004b,Drive,Loading,pitch.0,437955,-1.4852,34.7026,104.4126,73.4201,-56.6159,30.6967,0.0722,0.0936
1779988771842,1,12.00000015,Lower Delivery,Loading,pitch.0,437686,-0.5487,-0.2032,0.5122,-0.0531,0.0016,-0.0014,0.0,0.0
1779988771842,1,Pitching Mound.Drive,,Loading,pitch.0,437955,-1.4852,34.7026,104.4126,73.4201,-56.6159,30.6967,0.0722,0.0936
1779988771843,1,11.0000004b,Drive,Loading,pitch.0,437956,-1.4586,34.5424,104.0191,73.1377,-56.7852,30.5865,0.0727,0.0936
1779988771843,1,12.00000015,Lower Delivery,Loading,pitch.0,437687,-0.5497,-0.1884,0.5236,-0.0622,-0.0025,-0.0024,0.0,0.0
1779988771843,1,12.00000018,Upper Delivery,Loading,pitch.0,438544,-0.0288,0.0973,0.097,-0.0884,-0.0304,-0.0012,0.0,0.0
1779988771843,1,12.00000018,Upper Delivery,Loading,pitch.0,438545,-0.0244,0.101,0.1028,-0.0884,-0.0304,-0.0012,0.0,0.0
1779988771843,1,Pitching Mound.Delivery,,Loading,pitch.0,437385,-0.5775,-0.1059,0.6092,-0.0003,-0.0287,0.1742,0.0,0.0
1779988771843,1,Pitching Mound.Delivery,,Loading,pitch.0,437386,-0.5741,-0.0873,0.6264,-0.0076,-0.0328,0.175,0.0,0.0
1779988771843,1,Pitching Mound.Drive,,Loading,pitch.0,437956,-1.4586,34.5424,104.0191,73.1377,-56.7852,30.5865,0.0727,0.0936
1779988771843,1,Pitching Mound.Parent,,Loading,pitch.0,437005,-2.0627,34.5967,105.0219,73.4198,-56.6446,30.8709,0.0718,0.0944
1779988771843,1,Pitching Mound.Parent,,Loading,pitch.0,437006,-2.0327,34.4551,104.6455,73.1301,-56.818,30.7615,0.0722,0.0944
1779988771844,1,11.0000004b,Drive,Loading,pitch.0,437957,-1.4345,34.3747,103.6589,72.9377,-56.9713,30.4739,0.0732,0.0937
1779988771844,1,12.00000015,Lower Delivery,Loading,pitch.0,437688,-0.5573,-0.2019,0.5253,-0.0687,-0.0058,-0.0017,0.0,0.0
1779988771844,1,12.00000018,Upper Delivery,Loading,pitch.0,438546,-0.0147,0.1067,0.1098,-0.0884,-0.0304,-0.0012,0.0,0.0
1779988771844,1,Pitching Mound.Delivery,,Loading,pitch.0,437387,-0.572,-0.0952,0.635,-0.0158,-0.0361,0.1816,0.0,0.0
1779988771844,1,Pitching Mound.Drive,,Loading,pitch.0,437957,-1.4345,34.3747,103.6589,72.9377,-56.9713,30.4739,0.0732,0.0937
1779988771844,1,Pitching Mound.Parent,,Loading,pitch.0,437007,-2.0065,34.2795,104.2939,72.9218,-57.0074,30.6555,0.0727,0.0945
1779988771845,1,11.0000004b,Drive,Loading,pitch.0,437958,-1.4029,34.1788,103.2526,72.5692,-57.2464,30.3443,0.0738,0.0936
1779988771845,1,12.00000015,Lower Delivery,Loading,pitch.0,437689,-0.5584,-0.1784,0.5353,-0.0693,-0.0031,0.0016,0.0,0.0
1779988771845,1,12.00000018,Upper Delivery,Loading,pitch.0,438547,-0.0054,0.1178,0.1013,-0.0884,-0.0304,-0.0012,0.0,0.0
1779988771845,1,Pitching Mound.Delivery,,Loading,pitch.0,437388,-0.5638,-0.0606,0.6366,-0.0101,-0.0335,0.1884,0.0,0.0
1779988771845,1,Pitching Mound.Drive,,Loading,pitch.0,437958,-1.4029,34.1788,103.2526,72.5692,-57.2464,30.3443,0.0738,0.0936
1779988771845,1,Pitching Mound.Parent,,Loading,pitch.0,437008,-1.9667,34.1182,103.8892,72.5591,-57.2799,30.5327,0.0734,0.0944
1779988771846,1,11.0000004b,Drive,Loading,pitch.0,437959,-1.3627,34.0153,102.918,72.2303,-57.3784,30.2272,0.0742,0.0934
1779988771846,1,12.00000015,Lower Delivery,Loading,pitch.0,437690,-0.5513,-0.1521,0.5376,-0.0753,-0.0067,0.0001,0.0,0.0
1779988771846,1,12.00000018,Upper Delivery,Loading,pitch.0,438548,-0.0198,0.1014,0.1072,-0.0884,-0.0304,-0.0012,0.0,0.0
1779988771846,1,Pitching Mound.Delivery,,Loading,pitch.0,437389,-0.5712,-0.0507,0.6448,-0.0173,-0.0371,0.1796,0.0,0.0
1779988771846,1,Pitching Mound.Drive,,Loading,pitch.0,437959,-1.3627,34.0153,102.918,72.2303,-57.3784,30.2272,0.0742,0.0934
1779988771846,1,Pitching Mound.Parent,,Loading,pitch.0,437009,-1.9338,33.9646,103.5628,72.213,-57.4155,30.4068,0.0738,0.0943
1779988771847,1,11.0000004b,Drive,Loading,pitch.0,437960,-1.342,33.8464,102.5326,71.9038,-57.6398,30.1101,0.0748,0.0934
1779988771847,1,12.00000015,Lower Delivery,Loading,pitch.0,437691,-0.5568,-0.1635,0.5341,-0.0751,-0.0086,-0.0018,0.0,0.0
1779988771847,1,12.00000018,Upper Delivery,Loading,pitch.0,438549,-0.0022,0.1149,0.117,-0.0884,-0.0304,-0.0012,0.0,0.0
1779988771847,1,Pitching Mound.Delivery,,Loading,pitch.0,437390,-0.559,-0.0486,0.6511,-0.0216,-0.039,0.1855,0.0,0.0
1779988771847,1,Pitching Mound.Drive,,Loading,pitch.0,437960,-1.342,33.8464,102.5326,71.9038,-57.6398,30.1101,0.0748,0.0934
1779988771847,1,Pitching Mound.Parent,,Loading,pitch.0,437010,-1.901,33.7979,103.1837,71.8821,-57.6788,30.2956,0.0744,0.0941
1779988771848,1,11.0000004b,Drive,Loading,pitch.0,437961,-1.3141,33.6911,102.2171,71.635,-57.7844,30.0027,0.0753,0.0933
1779988771848,1,12.00000018,Upper Delivery,Loading,pitch.0,438550,-0.0071,0.1066,0.1213,-0.0884,-0.0304,-0.0012,0.0,0.0
1779988771848,1,Pitching Mound.Drive,,Loading,pitch.0,437961,-1.3141,33.6911,102.2171,71.635,-57.7844,30.0027,0.0753,0.0933
1779988771849,1,11.0000004b,Drive,Loading,pitch.0,437962,-1.276,33.5327,101.8911,71.3251,-58.0647,29.9188,0.0759,0.0932
1779988771849,1,12.00000015,Lower Delivery,Loading,pitch.0,437692,-0.5328,-0.139,0.5247,-0.0811,-0.0062,-0.0034,0.0,0.0
1779988771849,1,12.00000015,Lower Delivery,Loading,pitch.0,437693,-0.5027,-0.1331,0.4838,-0.0791,-0.0117,-0.005,0.0,0.0
1779988771849,1,12.00000018,Upper Delivery,Loading,pitch.0,438551,-0.0148,0.0967,0.0944,-0.0884,-0.0304,-0.0012,0.0,0.0
1779988771849,1,Pitching Mound.Delivery,,Loading,pitch.0,437391,-0.54,-0.0324,0.6461,-0.0323,-0.0365,0.1742,0.0,0.0
1779988771849,1,Pitching Mound.Delivery,,Loading,pitch.0,437392,-0.5175,-0.0364,0.5783,-0.035,-0.0421,0.1597,0.0,0.0
1779988771849,1,Pitching Mound.Drive,,Loading,pitch.0,437962,-1.276,33.5327,101.8911,71.3251,-58.0647,29.9188,0.0759,0.0932
1779988771849,1,Pitching Mound.Parent,,Loading,pitch.0,437011,-1.8541,33.6587,102.8632,71.6027,-57.8209,30.1769,0.0748,0.094
1779988771849,1,Pitching Mound.Parent,,Loading,pitch.0,437012,-1.7936,33.4963,102.4694,71.2901,-58.1068,30.0785,0.0754,0.094
1779988771850,1,11.0000004b,Drive,Loading,pitch.0,437963,-1.2284,33.3974,101.5933,71.0344,-58.3459,29.8305,0.0765,0.0931
1779988771850,1,12.00000018,Upper Delivery,Loading,pitch.0,438552,-0.0216,0.0966,0.1079,-0.0884,-0.0304,-0.0012,0.0,0.0
1779988771850,1,Pitching Mound.Drive,,Loading,pitch.0,437963,-1.2284,33.3974,101.5933,71.0344,-58.3459,29.8305,0.0765,0.0931
1779988771851,1,11.0000004b,Drive,Loading,pitch.0,437964,-1.188,33.2731,101.2784,70.7342,-58.6974,29.7758,0.0772,0.093
1779988771851,1,12.00000015,Lower Delivery,Loading,pitch.0,437694,-0.4973,-0.1257,0.4698,-0.0723,-0.0151,-0.0077,0.0,0.0
1779988771851,1,12.00000015,Lower Delivery,Loading,pitch.0,437695,-0.4986,-0.1282,0.462,-0.0742,-0.0245,-0.0111,0.0,0.0
1779988771851,1,12.00000018,Upper Delivery,Loading,pitch.0,438553,-0.0561,0.0642,0.0772,-0.0884,-0.0304,-0.0012,0.0,0.0
1779988771851,1,Pitching Mound.Delivery,,Loading,pitch.0,437393,-0.5189,-0.0291,0.5778,-0.0377,-0.0455,0.1529,0.0,0.0
1779988771851,1,Pitching Mound.Delivery,,Loading,pitch.0,437394,-0.5547,-0.0641,0.5392,-0.0317,-0.0549,0.1381,0.0,0.0
1779988771851,1,Pitching Mound.Drive,,Loading,pitch.0,437964,-1.188,33.2731,101.2784,70.7342,-58.6974,29.7758,0.0772,0.093
1779988771851,1,Pitching Mound.Parent,,Loading,pitch.0,437013,-1.7473,33.3683,102.1711,70.9968,-58.3914,29.9834,0.076,0.0938
1779988771851,1,Pitching Mound.Parent,,Loading,pitch.0,437014,-1.7427,33.209,101.8176,70.7025,-58.7522,29.9139,0.0767,0.0938
1779988771852,1,11.0000004b,Drive,Loading,pitch.0,437965,-1.1441,33.1509,100.982,70.3732,-58.8956,29.7281,0.0776,0.0928
1779988771852,1,12.00000015,Lower Delivery,Loading,pitch.0,437696,-0.4877,-0.1305,0.4359,-0.0739,-0.0351,-0.0133,0.0,0.0
1779988771852,1,12.00000018,Upper Delivery,Loading,pitch.0,438554,-0.0535,0.0646,0.04,-0.0884,-0.0304,-0.0012,0.0,0.0
1779988771852,1,Pitching Mound.Delivery,,Loading,pitch.0,437395,-0.5413,-0.0659,0.4759,-0.0277,-0.0655,0.1332,0.0,0.0
1779988771852,1,Pitching Mound.Drive,,Loading,pitch.0,437965,-1.1441,33.1509,100.982,70.3732,-58.8956,29.7281,0.0776,0.0928
1779988771852,1,Pitching Mound.Parent,,Loading,pitch.0,437015,-1.6853,33.085,101.4579,70.3455,-58.9611,29.8613,0.0773,0.0937
1779988771853,1,11.0000004b,Drive,Loading,pitch.0,437966,-1.1009,33.0347,100.675,70.0662,-59.1821,29.6983,0.0783,0.0927
1779988771853,1,12.00000015,Lower Delivery,Loading,pitch.0,437697,-0.4861,-0.1388,0.4305,-0.0706,-0.0257,-0.0123,0.0,0.0
1779988771853,1,12.00000018,Upper Delivery,Loading,pitch.0,438555,-0.0587,0.0597,0.0361,-0.0884,-0.0304,-0.0012,0.0,0.0
1779988771853,1,Pitching Mound.Delivery,,Loading,pitch.0,437396,-0.5449,-0.079,0.4666,-0.0249,-0.056,0.1318,0.0,0.0
1779988771853,1,Pitching Mound.Drive,,Loading,pitch.0,437966,-1.1009,33.0347,100.675,70.0662,-59.1821,29.6983,0.0783,0.0927
1779988771853,1,Pitching Mound.Parent,,Loading,pitch.0,437016,-1.6458,32.9556,101.1416,70.0413,-59.2381,29.8301,0.0779,0.0936
1779988771854,1,11.0000004b,Drive,Loading,pitch.0,437967,-1.0543,32.9398,100.4086,69.7491,-59.4196,29.6738,0.0788,0.0925
1779988771854,1,12.00000015,Lower Delivery,Loading,pitch.0,437698,-0.4835,-0.1443,0.4214,-0.0802,-0.0369,-0.0123,0.0,0.0
1779988771854,1,12.00000018,Upper Delivery,Loading,pitch.0,438556,-0.0643,0.0567,0.0468,-0.0884,-0.0304,-0.0012,0.0,0.0
1779988771854,1,Pitching Mound.Delivery,,Loading,pitch.0,437397,-0.5478,-0.0876,0.4683,-0.0412,-0.0673,0.1291,0.0,0.0
1779988771854,1,Pitching Mound.Drive,,Loading,pitch.0,437967,-1.0543,32.9398,100.4086,69.7491,-59.4196,29.6738,0.0788,0.0925
1779988771854,1,Pitching Mound.Parent,,Loading,pitch.0,437017,-1.6021,32.8522,100.8768,69.7079,-59.4868,29.8028,0.0784,0.0933
1779988771855,1,11.0000004b,Drive,Loading,pitch.0,437968,-1.0272,32.8207,100.1234,69.4419,-59.7617,29.6393,0.0795,0.0923
1779988771855,1,12.00000015,Lower Delivery,Loading,pitch.0,437699,-0.491,-0.151,0.4198,-0.0844,-0.0393,-0.0131,0.0,0.0
1779988771855,1,12.00000018,Upper Delivery,Loading,pitch.0,438557,-0.0581,0.055,0.0494,-0.0884,-0.0304,-0.0012,0.0,0.0
1779988771855,1,Pitching Mound.Delivery,,Loading,pitch.0,437398,-0.5491,-0.096,0.4693,-0.0469,-0.0696,0.1329,0.0,0.0
1779988771855,1,Pitching Mound.Drive,,Loading,pitch.0,437968,-1.0272,32.8207,100.1234,69.4419,-59.7617,29.6393,0.0795,0.0923
1779988771855,1,Pitching Mound.Parent,,Loading,pitch.0,437018,-1.5763,32.7246,100.5926,69.3951,-59.8314,29.7723,0.0791,0.0932
1779988771856,1,11.0000004b,Drive,Loading,pitch.0,437969,-1.019,32.7101,99.7223,69.1343,-60.0131,29.6305,0.0801,0.0923
1779988771856,1,12.00000015,Lower Delivery,Loading,pitch.0,437700,-0.4788,-0.1655,0.3881,-0.086,-0.0328,-0.0121,0.0,0.0
1779988771856,1,12.00000018,Upper Delivery,Loading,pitch.0,438558,-0.0564,0.0613,0.0806,-0.0884,-0.0304,-0.0012,0.0,0.0
1779988771856,1,Pitching Mound.Delivery,,Loading,pitch.0,437399,-0.5351,-0.1041,0.4687,-0.0698,-0.0631,0.1303,0.0,0.0
1779988771856,1,Pitching Mound.Drive,,Loading,pitch.0,437969,-1.019,32.7101,99.7223,69.1343,-60.0131,29.6305,0.0801,0.0923
1779988771856,1,Pitching Mound.Parent,,Loading,pitch.0,437019,-1.5541,32.606,100.191,69.0645,-60.0762,29.7608,0.0797,0.0929
1779988771857,1,11.0000004b,Drive,Loading,pitch.0,437970,-1.0051,32.5801,99.4304,68.8486,-60.4347,29.5916,0.0809,0.0922
1779988771857,1,12.00000015,Lower Delivery,Loading,pitch.0,437701,-0.4992,-0.1934,0.3988,-0.0808,-0.0333,-0.0109,0.0,0.0
1779988771857,1,12.00000018,Upper Delivery,Loading,pitch.0,438559,-0.0408,0.0752,0.125,-0.0884,-0.0304,-0.0012,0.0,0.0
1779988771857,1,Pitching Mound.Delivery,,Loading,pitch.0,437400,-0.54,-0.1182,0.5238,-0.076,-0.0637,0.1438,0.0,0.0
1779988771857,1,Pitching Mound.Drive,,Loading,pitch.0,437970,-1.0051,32.5801,99.4304,68.8486,-60.4347,29.5916,0.0809,0.0922
1779988771857,1,Pitching Mound.Parent,,Loading,pitch.0,437020,-1.5452,32.4619,99.9542,68.7726,-60.4983,29.7354,0.0805,0.0926
1779988771858,1,11.0000004b,Drive,Loading,pitch.0,437971,-0.9982,32.4482,99.141,68.5078,-60.7606,29.5582,0.0816,0.092
1779988771858,1,12.00000015,Lower Delivery,Loading,pitch.0,437702,-0.5322,-0.2149,0.4241,-0.088,-0.0355,-0.01,0.0,0.0
1779988771858,1,12.00000018,Upper Delivery,Loading,pitch.0,438560,-0.0414,0.0677,0.0869,-0.0884,-0.0304,-0.0012,0.0,0.0
1779988771858,1,Pitching Mound.Delivery,,Loading,pitch.0,437401,-0.5736,-0.1472,0.511,-0.0617,-0.0659,0.1556,0.0,0.0
1779988771858,1,Pitching Mound.Drive,,Loading,pitch.0,437971,-0.9982,32.4482,99.141,68.5078,-60.7606,29.5582,0.0816,0.092
1779988771858,1,Pitching Mound.Parent,,Loading,pitch.0,437021,-1.5719,32.3011,99.652,68.4461,-60.8265,29.7138,0.0812,0.0927
1779988771859,1,11.0000004b,Drive,Loading,pitch.0,437972,-1.0177,32.3247,98.8864,68.283,-60.9256,29.4804,0.082,0.0919
1779988771859,1,12.00000015,Lower Delivery,Loading,pitch.0,437703,-0.5413,-0.2409,0.4223,-0.0911,-0.0328,-0.0074,0.0,0.0
1779988771859,1,12.00000018,Upper Delivery,Loading,pitch.0,438561,-0.0535,0.0496,0.0104,-0.0884,-0.0304,-0.0012,0.0,0.0
1779988771859,1,Pitching Mound.Delivery,,Loading,pitch.0,437402,-0.5948,-0.1913,0.4327,-0.0394,-0.0632,0.1573,0.0,0.0
1779988771859,1,Pitching Mound.Drive,,Loading,pitch.0,437972,-1.0177,32.3247,98.8864,68.283,-60.9256,29.4804,0.082,0.0919
1779988771859,1,Pitching Mound.Parent,,Loading,pitch.0,437022,-1.6125,32.1334,99.3192,68.2436,-60.9887,29.6376,0.0817,0.0929
1779988771860,1,11.0000004b,Drive,Loading,pitch.0,437973,-1.0442,32.1754,98.5183,67.8312,-61.2789,29.4614,0.0828,0.0917
1779988771860,1,12.00000015,Lower Delivery,Loading,pitch.0,437704,-0.5767,-0.2367,0.4648,-0.0955,-0.0317,-0.0088,0.0,0.0
1779988771860,1,12.00000018,Upper Delivery,Loading,pitch.0,438562,-0.0421,0.0664,0.0774,-0.0884,-0.0304,-0.0012,0.0,0.0
1779988771860,1,Pitching Mound.Delivery,,Loading,pitch.0,437403,-0.6188,-0.1703,0.5422,-0.0521,-0.0621,0.1718,0.0,0.0
1779988771860,1,Pitching Mound.Drive,,Loading,pitch.0,437973,-1.0442,32.1754,98.5183,67.8312,-61.2789,29.4614,0.0828,0.0917
1779988771860,1,Pitching Mound.Parent,,Loading,pitch.0,437023,-1.663,32.0052,99.0605,67.7791,-61.341,29.6332,0.0824,0.0925
1779988771861,1,11.0000004b,Drive,Loading,pitch.0,437974,-1.0666,32.0466,98.1599,67.5063,-61.6752,29.4234,0.0836,0.0916
1779988771861,1,12.00000015,Lower Delivery,Loading,pitch.0,437705,-0.5944,-0.25,0.4636,-0.0878,-0.0308,-0.0093,0.0,0.0
1779988771861,1,12.00000018,Upper Delivery,Loading,pitch.0,438563,-0.0432,0.0656,0.0543,-0.0884,-0.0304,-0.0012,0.0,0.0
1779988771861,1,Pitching Mound.Delivery,,Loading,pitch.0,437404,-0.6376,-0.1844,0.518,-0.037,-0.0612,0.1769,0.0,0.0
1779988771861,1,Pitching Mound.Drive,,Loading,pitch.0,437974,-1.0666,32.0466,98.1599,67.5063,-61.6752,29.4234,0.0836,0.0916
1779988771861,1,Pitching Mound.Parent,,Loading,pitch.0,437024,-1.7042,31.8622,98.6779,67.4693,-61.7365,29.6003,0.0832,0.0925
1779988771862,1,11.0000004b,Drive,Loading,pitch.0,437975,-1.1222,31.9013,97.7811,67.2093,-61.9307,29.4204,0.0843,0.0915
1779988771862,1,12.00000015,Lower Delivery,Loading,pitch.0,437706,-0.5651,-0.2571,0.4246,-0.0855,-0.0321,-0.0086,0.0,0.0
1779988771862,1,12.00000018,Upper Delivery,Loading,pitch.0,438564,-0.0482,0.0543,0.0175,-0.0884,-0.0304,-0.0012,0.0,0.0
1779988771862,1,Pitching Mound.Delivery,,Loading,pitch.0,437405,-0.6133,-0.2028,0.4421,-0.0354,-0.0625,0.166,0.0,0.0
1779988771862,1,Pitching Mound.Drive,,Loading,pitch.0,437975,-1.1222,31.9013,97.7811,67.2093,-61.9307,29.4204,0.0843,0.0915
1779988771862,1,Pitching Mound.Parent,,Loading,pitch.0,437025,-1.7356,31.6985,98.2233,67.1739,-61.9932,29.5863,0.0839,0.0925
1779988771863,1,11.0000004b,Drive,Loading,pitch.0,437976,-1.1532,31.8007,97.5215,67.1099,-62.1179,29.384,0.0848,0.0916
1779988771863,1,12.00000015,Lower Delivery,Loading,pitch.0,437707,-0.5611,-0.2783,0.3873,-0.0776,-0.033,-0.0077,0.0,0.0
1779988771863,1,12.00000018,Upper Delivery,Loading,pitch.0,438565,-0.0569,0.0507,0.0062,-0.0884,-0.0304,-0.0012,0.0,0.0
1779988771863,1,Pitching Mound.Delivery,,Loading,pitch.0,437406,-0.6179,-0.2275,0.3935,-0.0364,-0.0634,0.1626,0.0,0.0
1779988771863,1,Pitching Mound.Drive,,Loading,pitch.0,437976,-1.1532,31.8007,97.5215,67.1099,-62.1179,29.384,0.0848,0.0916
1779988771863,1,Pitching Mound.Parent,,Loading,pitch.0,437026,-1.7711,31.5732,97.915,67.0735,-62.1813,29.5466,0.0845,0.0926
1779988771864,1,11.0000004b,Drive,Loading,pitch.0,437977,-1.2065,31.6846,97.1548,66.8173,-62.3873,29.3848,0.0855,0.0916
1779988771864,1,12.00000015,Lower Delivery,Loading,pitch.0,437708,-0.5954,-0.2624,0.4159,-0.0732,-0.0313,-0.008,0.0,0.0
1779988771864,1,12.00000018,Upper Delivery,Loading,pitch.0,438566,-0.0228,0.0875,0.0819,-0.0884,-0.0304,-0.0012,0.0,0.0
1779988771864,1,Pitching Mound.Delivery,,Loading,pitch.0,437407,-0.6182,-0.1749,0.4978,-0.048,-0.0617,0.1855,0.0,0.0
1779988771864,1,Pitching Mound.Drive,,Loading,pitch.0,437977,-1.2065,31.6846,97.1548,66.8173,-62.3873,29.3848,0.0855,0.0916
1779988771864,1,Pitching Mound.Parent,,Loading,pitch.0,437027,-1.8247,31.5097,97.6525,66.7693,-62.449,29.5702,0.0851,0.0923
1779988771865,1,11.0000004b,Drive,Loading,pitch.0,437978,-1.2461,31.5661,96.8065,66.5239,-62.6824,29.4082,0.0862,0.0915
1779988771865,1,12.00000015,Lower Delivery,Loading,pitch.0,437709,-0.587,-0.2325,0.4514,-0.0581,-0.0149,-0.0056,0.0,0.0
1779988771865,1,12.00000018,Upper Delivery,Loading,pitch.0,438567,-0.0066,0.1014,0.056,-0.0884,-0.0304,-0.0012,0.0,0.0
1779988771865,1,Pitching Mound.Delivery,,Loading,pitch.0,437408,-0.5936,-0.1311,0.5074,-0.012,-0.0453,0.1906,0.0,0.0
1779988771865,1,Pitching Mound.Drive,,Loading,pitch.0,437978,-1.2461,31.5661,96.8065,66.5239,-62.6824,29.4082,0.0862,0.0915
1779988771865,1,Pitching Mound.Parent,,Loading,pitch.0,437028,-1.8397,31.435,97.314,66.5119,-62.7277,29.5988,0.0858,0.0924
1779988771866,1,11.0000004b,Drive,Loading,pitch.0,437979,-1.2966,31.478,96.3295,66.0592,-62.9734,29.4158,0.087,0.0913
1779988771866,1,12.00000015,Lower Delivery,Loading,pitch.0,437710,-0.5928,-0.2153,0.4949,-0.0619,-0.0128,-0.0082,0.0,0.0
1779988771866,1,12.00000018,Upper Delivery,Loading,pitch.0,438568,-0.0101,0.1016,0.0546,-0.0884,-0.0304,-0.0012,0.0,0.0
1779988771866,1,Pitching Mound.Delivery,,Loading,pitch.0,437409,-0.6029,-0.1138,0.5495,-0.0006,-0.0432,0.1888,0.0,0.0
1779988771866,1,Pitching Mound.Drive,,Loading,pitch.0,437979,-1.2966,31.478,96.3295,66.0592,-62.9734,29.4158,0.087,0.0913
1779988771866,1,Pitching Mound.Parent,,Loading,pitch.0,437029,-1.8996,31.3643,96.879,66.0587,-63.0166,29.6045,0.0865,0.0923
1779988771867,1,11.0000004b,Drive,Loading,pitch.0,437980,-1.3104,31.4164,96.1396,65.7506,-63.1506,29.3593,0.0874,0.091
1779988771867,1,12.00000015,Lower Delivery,Loading,pitch.0,437711,-0.5831,-0.2078,0.4996,-0.0548,-0.0052,-0.0071,0.0,0.0
1779988771867,1,12.00000018,Upper Delivery,Loading,pitch.0,438569,-0.0317,0.0821,0.0686,-0.0884,-0.0304,-0.0012,0.0,0.0
1779988771867,1,Pitching Mound.Delivery,,Loading,pitch.0,437410,-0.6148,-0.1257,0.5681,0.0034,-0.0355,0.1791,0.0,0.0
1779988771867,1,Pitching Mound.Drive,,Loading,pitch.0,437980,-1.3104,31.4164,96.1396,65.7506,-63.1506,29.3593,0.0874,0.091
1779988771867,1,Pitching Mound.Parent,,Loading,pitch.0,437030,-1.9252,31.2907,96.7078,65.754,-63.1861,29.5384,0.0869,0.092
1779988771868,1,11.0000004b,Drive,Loading,pitch.0,437981,-1.3244,31.3678,95.8223,65.4798,-63.3698,29.3307,0.088,0.091
1779988771868,1,12.00000015,Lower Delivery,Loading,pitch.0,437712,-0.5971,-0.2113,0.5297,-0.0376,-0.0019,-0.0082,0.0,0.0
1779988771868,1,12.00000018,Upper Delivery,Loading,pitch.0,438570,-0.0397,0.0768,0.0684,-0.0884,-0.0304,-0.0012,0.0,0.0
1779988771868,1,Pitching Mound.Delivery,,Loading,pitch.0,437411,-0.6368,-0.1345,0.598,0.0308,-0.0322,0.1801,0.0,0.0
1779988771868,1,Pitching Mound.Drive,,Loading,pitch.0,437981,-1.3244,31.3678,95.8223,65.4798,-63.3698,29.3307,0.088,0.091
1779988771868,1,Pitching Mound.Parent,,Loading,pitch.0,437031,-1.9612,31.2333,96.4203,65.5106,-63.4021,29.5108,0.0875,0.092
1779988771869,1,11.0000004b,Drive,Loading,pitch.0,437982,-1.3039,31.3229,95.4601,65.0486,-63.7826,29.2638,0.089,0.0907
1779988771869,1,12.00000015,Lower Delivery,Loading,pitch.0,437713,-0.6042,-0.2057,0.5507,-0.0183,0.0069,-0.0089,0.0,0.0
1779988771869,1,12.00000018,Upper Delivery,Loading,pitch.0,438571,-0.0472,0.0682,0.0464,-0.0884,-0.0304,-0.0012,0.0,0.0
1779988771869,1,Pitching Mound.Delivery,,Loading,pitch.0,437412,-0.6514,-0.1376,0.5971,0.0648,-0.0234,0.1793,0.0,0.0
1779988771869,1,Pitching Mound.Drive,,Loading,pitch.0,437982,-1.3039,31.3229,95.4601,65.0486,-63.7826,29.2638,0.089,0.0907
1779988771869,1,Pitching Mound.Parent,,Loading,pitch.0,437032,-1.9553,31.1854,96.0572,65.1134,-63.806,29.4431,0.0884,0.0919
1779988771870,1,11.0000004b,Drive,Loading,pitch.0,437983,-1.2922,31.2785,95.0841,64.5829,-64.052,29.2018,0.0897,0.0904
1779988771870,1,12.00000015,Lower Delivery,Loading,pitch.0,437714,-0.628,-0.2238,0.5773,-0.0179,0.0119,-0.0055,0.0,0.0
1779988771870,1,12.00000018,Upper Delivery,Loading,pitch.0,438572,-0.0591,0.0558,-0.0002,-0.0884,-0.0304,-0.0012,0.0,0.0
1779988771870,1,Pitching Mound.Delivery,,Loading,pitch.0,437413,-0.6871,-0.168,0.5771,0.09,-0.0184,0.1867,0.0,0.0
1779988771870,1,Pitching Mound.Drive,,Loading,pitch.0,437983,-1.2922,31.2785,95.0841,64.5829,-64.052,29.2018,0.0897,0.0904
1779988771870,1,Pitching Mound.Parent,,Loading,pitch.0,437033,-1.9792,31.1105,95.6611,64.673,-64.0704,29.3885,0.0891,0.0919
1779988771871,1,11.0000004b,Drive,Loading,pitch.0,437984,-1.2594,31.2576,94.7043,64.176,-64.2389,29.0983,0.0903,0.0902
1779988771871,1,12.00000015,Lower Delivery,Loading,pitch.0,437715,-0.6232,-0.2585,0.5569,-0.0086,0.0211,-0.0027,0.0,0.0
1779988771871,1,12.00000018,Upper Delivery,Loading,pitch.0,438573,-0.0576,0.0564,0.0057,-0.0884,-0.0304,-0.0012,0.0,0.0
1779988771871,1,Pitching Mound.Delivery,,Loading,pitch.0,437414,-0.6808,-0.2021,0.5626,0.0905,-0.0093,0.1884,0.0,0.0
1779988771871,1,Pitching Mound.Drive,,Loading,pitch.0,437984,-1.2594,31.2576,94.7043,64.176,-64.2389,29.0983,0.0903,0.0902
1779988771871,1,Pitching Mound.Parent,,Loading,pitch.0,437034,-1.9402,31.0555,95.2669,64.2665,-64.2482,29.2867,0.0898,0.0916
1779988771872,1,11.0000004b,Drive,Loading,pitch.0,437985,-1.2085,31.2167,94.334,63.7658,-64.4487,28.9863,0.091,0.09
1779988771872,1,12.00000015,Lower Delivery,Loading,pitch.0,437716,-0.5918,-0.2766,0.5171,-0.0097,0.0266,0.0001,0.0,0.0
1779988771872,1,12.00000018,Upper Delivery,Loading,pitch.0,438574,-0.0536,0.0658,0.0199,-0.0884,-0.0304,-0.0012,0.0,0.0
1779988771872,1,Pitching Mound.Delivery,,Loading,pitch.0,437415,-0.6454,-0.2108,0.5371,0.071,-0.0038,0.1819,0.0,0.0
1779988771872,1,Pitching Mound.Drive,,Loading,pitch.0,437985,-1.2085,31.2167,94.334,63.7658,-64.4487,28.9863,0.091,0.09
1779988771872,1,Pitching Mound.Parent,,Loading,pitch.0,437035,-1.8539,31.0059,94.8711,63.8368,-64.4525,29.1683,0.0904,0.0913
1779988771873,1,11.0000004b,Drive,Loading,pitch.0,437986,-1.1297,31.1645,93.9871,63.2561,-64.7742,28.8475,0.0917,0.0896
1779988771873,1,12.00000015,Lower Delivery,Loading,pitch.0,437717,-0.5795,-0.2607,0.5125,-0.0121,0.0225,0.001,0.0,0.0
1779988771873,1,12.00000018,Upper Delivery,Loading,pitch.0,438575,-0.0368,0.086,0.0856,-0.0884,-0.0304,-0.0012,0.0,0.0
1779988771873,1,Pitching Mound.Delivery,,Loading,pitch.0,437416,-0.6162,-0.1747,0.5981,0.0447,-0.0078,0.1843,0.0,0.0
1779988771873,1,Pitching Mound.Drive,,Loading,pitch.0,437986,-1.1297,31.1645,93.9871,63.2561,-64.7742,28.8475,0.0917,0.0896
1779988771873,1,Pitching Mound.Parent,,Loading,pitch.0,437036,-1.7459,30.9898,94.5853,63.3008,-64.7821,29.0318,0.0912,0.0906
1779988771874,1,11.0000004b,Drive,Loading,pitch.0,437987,-1.0545,31.1383,93.7169,62.9568,-64.9737,28.7144,0.0923,0.0894
1779988771874,1,12.00000015,Lower Delivery,Loading,pitch.0,437718,-0.6117,-0.2853,0.5296,-0.0201,0.0213,0.0022,0.0,0.0
1779988771874,1,12.00000018,Upper Delivery,Loading,pitch.0,438576,-0.0299,0.0938,0.094,-0.0884,-0.0304,-0.0012,0.0,0.0
1779988771874,1,Pitching Mound.Delivery,,Loading,pitch.0,437417,-0.6415,-0.1915,0.6236,0.0397,-0.0091,0.1988,0.0,0.0
1779988771874,1,Pitching Mound.Drive,,Loading,pitch.0,437987,-1.0545,31.1383,93.7169,62.9568,-64.9737,28.7144,0.0923,0.0894
1779988771874,1,Pitching Mound.Parent,,Loading,pitch.0,437037,-1.6961,30.9469,94.3405,62.9965,-64.9828,28.9133,0.0917,0.0904
1779988771875,1,11.0000004b,Drive,Loading,pitch.0,437988,-0.9398,31.1174,93.4203,62.5275,-65.2988,28.5677,0.0931,0.0891
1779988771875,1,12.00000015,Lower Delivery,Loading,pitch.0,437719,-0.6023,-0.3201,0.5064,-0.0255,0.0154,0.0025,0.0,0.0
1779988771875,1,12.00000018,Upper Delivery,Loading,pitch.0,438577,-0.0214,0.1008,0.1027,-0.0884,-0.0304,-0.0012,0.0,0.0
1779988771875,1,Pitching Mound.Delivery,,Loading,pitch.0,437418,-0.6237,-0.2193,0.609,0.0234,-0.015,0.1988,0.0,0.0
1779988771875,1,Pitching Mound.Drive,,Loading,pitch.0,437988,-0.9398,31.1174,93.4203,62.5275,-65.2988,28.5677,0.0931,0.0891
1779988771875,1,Pitching Mound.Parent,,Loading,pitch.0,437038,-1.5636,30.8981,94.0293,62.5508,-65.3137,28.7665,0.0925,0.09
1779988771876,1,11.0000004b,Drive,Loading,pitch.0,437989,-0.8197,31.0603,92.915,61.8473,-65.3405,28.3922,0.0936,0.0886
1779988771876,1,12.00000015,Lower Delivery,Loading,pitch.0,437720,-0.5918,-0.3157,0.496,-0.0288,0.0151,0.0018,0.0,0.0
1779988771876,1,12.00000018,Upper Delivery,Loading,pitch.0,438578,-0.0333,0.0825,0.0886,-0.0884,-0.0304,-0.0012,0.0,0.0
1779988771876,1,Pitching Mound.Delivery,,Loading,pitch.0,437419,-0.6251,-0.2332,0.5846,0.0213,-0.0152,0.1905,0.0,0.0
1779988771876,1,Pitching Mound.Drive,,Loading,pitch.0,437989,-0.8197,31.0603,92.915,61.8473,-65.3405,28.3922,0.0936,0.0886
1779988771876,1,Pitching Mound.Parent,,Loading,pitch.0,437039,-1.4448,30.8271,93.4995,61.8686,-65.3558,28.5827,0.093,0.0895
1779988771877,1,11.0000004b,Drive,Loading,pitch.0,437990,-0.6875,30.9803,92.0816,60.7284,-65.1627,28.1112,0.0942,0.0878
1779988771877,1,12.00000015,Lower Delivery,Loading,pitch.0,437721,-0.5752,-0.283,0.488,-0.0307,0.0174,-0.0008,0.0,0.0
1779988771877,1,12.00000018,Upper Delivery,Loading,pitch.0,438579,-0.034,0.0798,0.0838,-0.0884,-0.0304,-0.0012,0.0,0.0
1779988771877,1,Pitching Mound.Delivery,,Loading,pitch.0,437420,-0.6091,-0.2032,0.5718,0.0184,-0.013,0.182,0.0,0.0
1779988771877,1,Pitching Mound.Drive,,Loading,pitch.0,437990,-0.6875,30.9803,92.0816,60.7284,-65.1627,28.1112,0.0942,0.0878
1779988771877,1,Pitching Mound.Parent,,Loading,pitch.0,437040,-1.2967,30.7771,92.6534,60.7469,-65.1757,28.2932,0.0936,0.0887
1779988771878,1,11.0000004b,Drive,Loading,pitch.0,437991,-0.5719,30.9361,91.3175,59.7678,-65.3121,27.9246,0.0952,0.0871
1779988771878,1,12.00000015,Lower Delivery,Loading,pitch.0,437722,-0.5353,-0.2462,0.4636,-0.0405,0.0176,-0.001,0.0,0.0
1779988771878,1,12.00000018,Upper Delivery,Loading,pitch.0,438580,-0.0366,0.075,0.0725,-0.0884,-0.0304,-0.0012,0.0,0.0
1779988771878,1,Pitching Mound.Delivery,,Loading,pitch.0,437421,-0.572,-0.1712,0.536,0.0041,-0.0128,0.1673,0.0,0.0
1779988771878,1,Pitching Mound.Drive,,Loading,pitch.0,437991,-0.5719,30.9361,91.3175,59.7678,-65.3121,27.9246,0.0952,0.0871
1779988771878,1,Pitching Mound.Parent,,Loading,pitch.0,437041,-1.1439,30.765,91.8535,59.7719,-65.3248,28.0919,0.0947,0.0881
1779988771879,1,11.0000004b,Drive,Loading,pitch.0,437992,-0.4262,30.8899,90.8577,59.1951,-65.395,27.7054,0.0958,0.0867
1779988771879,1,12.00000015,Lower Delivery,Loading,pitch.0,437723,-0.5147,-0.2444,0.4235,-0.042,0.0097,-0.0027,0.0,0.0
1779988771879,1,12.00000018,Upper Delivery,Loading,pitch.0,438581,-0.0273,0.0859,0.0843,-0.0884,-0.0304,-0.0012,0.0,0.0
1779988771879,1,Pitching Mound.Delivery,,Loading,pitch.0,437422,-0.542,-0.1585,0.5078,-0.015,-0.0207,0.1618,0.0,0.0
1779988771879,1,Pitching Mound.Drive,,Loading,pitch.0,437992,-0.4262,30.8899,90.8577,59.1951,-65.395,27.7054,0.0958,0.0867
1779988771879,1,Pitching Mound.Parent,,Loading,pitch.0,437042,-0.9682,30.7314,91.3655,59.1801,-65.4156,27.8672,0.0953,0.0875
1779988771880,1,11.0000004b,Drive,Loading,pitch.0,437993,-0.3256,30.8426,90.2281,58.5486,-65.4538,27.4844,0.0966,0.0864
1779988771880,1,12.00000015,Lower Delivery,Loading,pitch.0,437724,-0.5078,-0.2277,0.4191,-0.0538,0.0143,0.0002,0.0,0.0
1779988771880,1,12.00000018,Upper Delivery,Loading,pitch.0,438582,-0.0042,0.112,0.0954,-0.0884,-0.0304,-0.0012,0.0,0.0
1779988771880,1,Pitching Mound.Delivery,,Loading,pitch.0,437423,-0.5121,-0.1158,0.5145,-0.0321,-0.0161,0.1702,0.0,0.0
1779988771880,1,Pitching Mound.Drive,,Loading,pitch.0,437993,-0.3256,30.8426,90.2281,58.5486,-65.4538,27.4844,0.0966,0.0864
1779988771880,1,Pitching Mound.Parent,,Loading,pitch.0,437043,-0.8376,30.7268,90.7426,58.5165,-65.4699,27.6546,0.096,0.0871
1779988771881,1,11.0000004b,Drive,Loading,pitch.0,437994,-0.2426,30.7793,89.672,58.0064,-65.3169,27.3004,0.097,0.0861
1779988771881,1,12.00000015,Lower Delivery,Loading,pitch.0,437725,-0.5169,-0.2552,0.4152,-0.0661,0.0111,0.0008,0.0,0.0
1779988771881,1,12.00000018,Upper Delivery,Loading,pitch.0,438583,-0.0085,0.1025,0.1013,-0.0884,-0.0304,-0.0012,0.0,0.0
1779988771881,1,Pitching Mound.Delivery,,Loading,pitch.0,437424,-0.5255,-0.1527,0.5166,-0.0477,-0.0193,0.1725,0.0,0.0
1779988771881,1,Pitching Mound.Drive,,Loading,pitch.0,437994,-0.2426,30.7793,89.672,58.0064,-65.3169,27.3004,0.097,0.0861
1779988771881,1,Pitching Mound.Parent,,Loading,pitch.0,437044,-0.768,30.6266,90.1885,57.9587,-65.3362,27.4729,0.0964,0.0868
1779988771882,1,11.0000004b,Drive,Loading,pitch.0,437995,-0.1488,30.6575,88.872,57.0469,-65.2251,27.0965,0.0977,0.0855
1779988771882,1,12.00000015,Lower Delivery,Loading,pitch.0,437726,-0.4929,-0.2241,0.4133,-0.0667,0.0111,0.0001,0.0,0.0
1779988771882,1,12.00000018,Upper Delivery,Loading,pitch.0,438584,-0.0019,0.108,0.1127,-0.0884,-0.0304,-0.0012,0.0,0.0
1779988771882,1,Pitching Mound.Delivery,,Loading,pitch.0,437425,-0.4947,-0.1161,0.526,-0.0529,-0.0193,0.1658,0.0,0.0
1779988771882,1,Pitching Mound.Drive,,Loading,pitch.0,437995,-0.1488,30.6575,88.872,57.0469,-65.2251,27.0965,0.0977,0.0855
1779988771882,1,Pitching Mound.Parent,,Loading,pitch.0,437045,-0.6435,30.5414,89.398,56.9941,-65.2444,27.2623,0.0971,0.0861
1779988771883,1,11.0000004b,Drive,Loading,pitch.0,437996,-0.102,30.5272,88.279,56.4583,-65.08,26.8973,0.0981,0.0851
1779988771883,1,12.00000015,Lower Delivery,Loading,pitch.0,437727,-0.4968,-0.2239,0.3972,-0.0615,0.0006,-0.0029,0.0,0.0
1779988771883,1,12.00000018,Upper Delivery,Loading,pitch.0,438585,-0.0295,0.0769,0.1248,-0.0884,-0.0304,-0.0012,0.0,0.0
1779988771883,1,Pitching Mound.Delivery,,Loading,pitch.0,437426,-0.5263,-0.1469,0.522,-0.0572,-0.0298,0.1548,0.0,0.0
1779988771883,1,Pitching Mound.Drive,,Loading,pitch.0,437996,-0.102,30.5272,88.279,56.4583,-65.08,26.8973,0.0981,0.0851
1779988771883,1,Pitching Mound.Parent,,Loading,pitch.0,437046,-0.6282,30.3802,88.801,56.401,-65.1098,27.0521,0.0976,0.0857
1779988771884,1,11.0000004b,Drive,Loading,pitch.0,437997,-0.0809,30.4191,88.0111,56.344,-65.3009,26.7894,0.0988,0.0852
1779988771884,1,12.00000015,Lower Delivery,Loading,pitch.0,437728,-0.5418,-0.2182,0.442,-0.0466,-0.0036,-0.0041,0.0,0.0
1779988771884,1,12.00000018,Upper Delivery,Loading,pitch.0,438586,-0.038,0.0655,0.1017,-0.0884,-0.0304,-0.0012,0.0,0.0
1779988771884,1,Pitching Mound.Delivery,,Loading,pitch.0,437427,-0.5798,-0.1527,0.5438,-0.0193,-0.034,0.166,0.0,0.0
1779988771884,1,Pitching Mound.Drive,,Loading,pitch.0,437997,-0.0809,30.4191,88.0111,56.344,-65.3009,26.7894,0.0988,0.0852
1779988771884,1,Pitching Mound.Parent,,Loading,pitch.0,437047,-0.6607,30.2663,88.5549,56.3247,-65.3349,26.9554,0.0982,0.086
1779988771885,1,11.0000004b,Drive,Loading,pitch.0,437998,-0.064,30.2174,87.4174,55.7274,-65.0012,26.5573,0.099,0.0849
1779988771885,1,12.00000015,Lower Delivery,Loading,pitch.0,437729,-0.4913,-0.1913,0.405,-0.0492,0.0006,-0.0025,0.0,0.0
1779988771885,1,12.00000018,Upper Delivery,Loading,pitch.0,438587,-0.0466,0.0582,0.083,-0.0884,-0.0304,-0.0012,0.0,0.0
1779988771885,1,Pitching Mound.Delivery,,Loading,pitch.0,437428,-0.5379,-0.1331,0.488,-0.0281,-0.0298,0.1475,0.0,0.0
1779988771885,1,Pitching Mound.Drive,,Loading,pitch.0,437998,-0.064,30.2174,87.4174,55.7274,-65.0012,26.5573,0.099,0.0849
1779988771885,1,Pitching Mound.Parent,,Loading,pitch.0,437048,-0.6019,30.0843,87.9054,55.6993,-65.031,26.7048,0.0984,0.0856
1779988771886,1,11.0000004b,Drive,Loading,pitch.0,437999,-0.0537,30.0332,87.0419,55.492,-65.1136,26.3808,0.0996,0.0849
1779988771886,1,12.00000015,Lower Delivery,Loading,pitch.0,437730,-0.5763,-0.2421,0.4871,-0.0259,0.0057,-0.0033,0.0,0.0
1779988771886,1,12.00000018,Upper Delivery,Loading,pitch.0,438588,-0.0516,0.0585,0.076,-0.0884,-0.0304,-0.0012,0.0,0.0
1779988771886,1,Pitching Mound.Delivery,,Loading,pitch.0,437429,-0.6279,-0.1837,0.563,0.0255,-0.0246,0.1739,0.0,0.0
1779988771886,1,Pitching Mound.Drive,,Loading,pitch.0,437999,-0.0537,30.0332,87.0419,55.492,-65.1136,26.3808,0.0996,0.0849
1779988771886,1,Pitching Mound.Parent,,Loading,pitch.0,437049,-0.6815,29.8495,87.605,55.5176,-65.1383,26.5547,0.0989,0.0859
1779988771887,1,11.0000004b,Drive,Loading,pitch.0,438000,-0.0652,29.7971,86.5019,55.1622,-64.9481,26.137,0.1,0.0849
1779988771887,1,12.00000015,Lower Delivery,Loading,pitch.0,437731,-0.5861,-0.2578,0.4965,-0.0169,0.017,-0.0019,0.0,0.0
1779988771887,1,12.00000018,Upper Delivery,Loading,pitch.0,438589,-0.057,0.04,0.0869,-0.0884,-0.0304,-0.0012,0.0,0.0
1779988771887,1,Pitching Mound.Delivery,,Loading,pitch.0,437430,-0.6431,-0.2178,0.5834,0.034,-0.0134,0.1768,0.0,0.0
1779988771887,1,Pitching Mound.Drive,,Loading,pitch.0,438000,-0.0652,29.7971,86.5019,55.1622,-64.9481,26.137,0.1,0.0849
1779988771887,1,Pitching Mound.Parent,,Loading,pitch.0,437050,-0.7084,29.5793,87.0853,55.1962,-64.9615,26.3138,0.0993,0.0859
1779988771888,1,11.0000004b,Drive,Loading,pitch.0,438001,-0.0639,29.5031,85.9825,54.7423,-64.8304,25.8939,0.1004,0.0848
1779988771888,1,12.00000015,Lower Delivery,Loading,pitch.0,437732,-0.6031,-0.2887,0.5033,-0.013,0.0174,-0.0008,0.0,0.0
1779988771888,1,12.00000018,Upper Delivery,Loading,pitch.0,438590,-0.0574,0.0437,0.0839,-0.0884,-0.0304,-0.0012,0.0,0.0
1779988771888,1,Pitching Mound.Delivery,,Loading,pitch.0,437431,-0.6605,-0.245,0.5872,0.0412,-0.0129,0.1836,0.0,0.0
1779988771888,1,Pitching Mound.Drive,,Loading,pitch.0,438001,-0.0639,29.5031,85.9825,54.7423,-64.8304,25.8939,0.1004,0.0848
1779988771888,1,Pitching Mound.Parent,,Loading,pitch.0,437051,-0.7244,29.2581,86.5697,54.7836,-64.8434,26.0775,0.0997,0.0858
1779988771889,1,11.0000004b,Drive,Loading,pitch.0,438002,-0.0504,29.2268,85.5595,54.4637,-64.9849,25.6651,0.1011,0.0847
1779988771889,1,12.00000015,Lower Delivery,Loading,pitch.0,437733,-0.6217,-0.3039,0.5159,-0.013,0.0147,0.0002,0.0,0.0
1779988771889,1,12.00000018,Upper Delivery,Loading,pitch.0,438591,-0.0575,0.0388,0.1123,-0.0884,-0.0304,-0.0012,0.0,0.0
1779988771889,1,Pitching Mound.Delivery,,Loading,pitch.0,437432,-0.6792,-0.2652,0.6283,0.0358,-0.0156,0.1908,0.0,0.0
1779988771889,1,Pitching Mound.Drive,,Loading,pitch.0,438002,-0.0504,29.2268,85.5595,54.4637,-64.9849,25.6651,0.1011,0.0847
1779988771889,1,Pitching Mound.Parent,,Loading,pitch.0,437052,-0.7296,28.9617,86.1878,54.4996,-65.0005,25.8559,0.1004,0.0857
1779988771890,1,11.0000004b,Drive,Loading,pitch.0,438003,-0.0347,28.9624,85.4106,54.1551,-65.479,25.4754,0.1021,0.0844
1779988771890,1,12.00000015,Lower Delivery,Loading,pitch.0,437734,-0.6076,-0.3025,0.488,-0.0204,0.0156,-0.0009,0.0,0.0
1779988771890,1,12.00000018,Upper Delivery,Loading,pitch.0,438592,-0.056,0.0416,0.0939,-0.0884,-0.0304,-0.0012,0.0,0.0
1779988771890,1,Pitching Mound.Delivery,,Loading,pitch.0,437433,-0.6636,-0.2609,0.5819,0.0252,-0.0148,0.1854,0.0,0.0
1779988771890,1,Pitching Mound.Drive,,Loading,pitch.0,438003,-0.0347,28.9624,85.4106,54.1551,-65.479,25.4754,0.1021,0.0844
1779988771890,1,Pitching Mound.Parent,,Loading,pitch.0,437053,-0.6983,28.7015,85.9925,54.1803,-65.4938,25.6608,0.1014,0.0854
1779988771891,1,11.0000004b,Drive,Loading,pitch.0,438004,-0.0483,28.5959,84.7776,53.9495,-65.0376,25.1536,0.1021,0.0847
1779988771891,1,12.00000015,Lower Delivery,Loading,pitch.0,437735,-0.5993,-0.3055,0.4875,-0.0117,0.0161,-0.0004,0.0,0.0
1779988771891,1,12.00000018,Upper Delivery,Loading,pitch.0,438593,-0.0589,0.0202,0.1568,-0.0884,-0.0304,-0.0012,0.0,0.0
1779988771891,1,Pitching Mound.Delivery,,Loading,pitch.0,437434,-0.6582,-0.2854,0.6443,0.0123,-0.0142,0.1821,0.0,0.0
1779988771891,1,Pitching Mound.Drive,,Loading,pitch.0,438004,-0.0483,28.5959,84.7776,53.9495,-65.0376,25.1536,0.1021,0.0847
1779988771891,1,Pitching Mound.Parent,,Loading,pitch.0,437054,-0.7065,28.3105,85.4219,53.9618,-65.0518,25.3357,0.1014,0.0854
1779988771892,1,11.0000004b,Drive,Loading,pitch.0,438005,-0.037,28.3033,84.4302,53.7306,-65.2158,24.9529,0.1028,0.0847
1779988771892,1,12.00000015,Lower Delivery,Loading,pitch.0,437736,-0.5884,-0.2816,0.4874,-0.0194,0.0134,-0.0026,0.0,0.0
1779988771892,1,12.00000018,Upper Delivery,Loading,pitch.0,438594,-0.0594,0.0294,0.1213,-0.0884,-0.0304,-0.0012,0.0,0.0
1779988771892,1,Pitching Mound.Delivery,,Loading,pitch.0,437435,-0.6478,-0.2522,0.6087,0.0168,-0.0169,0.1761,0.0,0.0
1779988771892,1,Pitching Mound.Drive,,Loading,pitch.0,438005,-0.037,28.3033,84.4302,53.7306,-65.2158,24.9529,0.1028,0.0847
1779988771892,1,Pitching Mound.Parent,,Loading,pitch.0,437055,-0.6847,28.0512,85.0389,53.7474,-65.2327,25.129,0.1021,0.0856
1779988771893,1,11.0000004b,Drive,Loading,pitch.0,438006,-0.0281,28.0154,84.02,53.6513,-65.1757,24.7309,0.1033,0.085
1779988771893,1,12.00000015,Lower Delivery,Loading,pitch.0,437737,-0.6322,-0.2899,0.4806,-0.0196,0.0027,-0.0038,0.0,0.0
1779988771893,1,12.00000018,Upper Delivery,Loading,pitch.0,438595,-0.055,0.0388,0.0976,-0.0884,-0.0304,-0.0012,0.0,0.0
1779988771893,1,Pitching Mound.Delivery,,Loading,pitch.0,437436,-0.6872,-0.2511,0.5782,0.0222,-0.0277,0.1913,0.0,0.0
1779988771893,1,Pitching Mound.Drive,,Loading,pitch.0,438006,-0.0281,28.0154,84.02,53.6513,-65.1757,24.7309,0.1033,0.085
1779988771893,1,Pitching Mound.Parent,,Loading,pitch.0,437056,-0.7153,27.7642,84.5982,53.6735,-65.2034,24.9221,0.1026,0.086
1779988771894,1,11.0000004b,Drive,Loading,pitch.0,438007,-0.0163,27.691,83.606,53.5648,-64.9649,24.4506,0.1034,0.0853
1779988771894,1,12.00000015,Lower Delivery,Loading,pitch.0,437738,-0.6112,-0.2881,0.4607,-0.0203,0.0017,-0.0048,0.0,0.0
1779988771894,1,12.00000018,Upper Delivery,Loading,pitch.0,438596,-0.0577,0.0256,0.1282,-0.0884,-0.0304,-0.0012,0.0,0.0
1779988771894,1,Pitching Mound.Delivery,,Loading,pitch.0,437437,-0.6689,-0.2624,0.5889,0.0044,-0.0286,0.1822,0.0,0.0
1779988771894,1,Pitching Mound.Drive,,Loading,pitch.0,438007,-0.0163,27.691,83.606,53.5648,-64.9649,24.4506,0.1034,0.0853
1779988771894,1,Pitching Mound.Parent,,Loading,pitch.0,437057,-0.6852,27.4286,84.1949,53.5691,-64.9935,24.6327,0.1027,0.086
1779988771895,1,11.0000004b,Drive,Loading,pitch.0,438008,0.0003,27.3528,83.0615,53.6238,-64.5204,24.1478,0.1034,0.0859
1779988771895,1,12.00000015,Lower Delivery,Loading,pitch.0,437739,-0.5984,-0.2708,0.4949,-0.0199,0.0086,-0.0047,0.0,0.0
1779988771895,1,12.00000018,Upper Delivery,Loading,pitch.0,438597,-0.0559,0.0361,0.0919,-0.0884,-0.0304,-0.0012,0.0,0.0
1779988771895,1,Pitching Mound.Delivery,,Loading,pitch.0,437438,-0.6542,-0.2347,0.5868,0.0288,-0.0218,0.1786,0.0,0.0
1779988771895,1,Pitching Mound.Drive,,Loading,pitch.0,438008,0.0003,27.3528,83.0615,53.6238,-64.5204,24.1478,0.1034,0.0859
1779988771895,1,Pitching Mound.Parent,,Loading,pitch.0,437058,-0.654,27.1182,83.6483,53.6526,-64.5422,24.3263,0.1027,0.087
1779988771896,1,11.0000004b,Drive,Loading,pitch.0,438009,0.0522,27.0569,82.681,53.6451,-64.455,23.9141,0.1038,0.0864
1779988771896,1,12.00000015,Lower Delivery,Loading,pitch.0,437740,-0.6012,-0.266,0.4967,-0.0276,0.0046,-0.0048,0.0,0.0
1779988771896,1,12.00000018,Upper Delivery,Loading,pitch.0,438598,-0.0559,0.042,0.0875,-0.0884,-0.0304,-0.0012,0.0,0.0
1779988771896,1,Pitching Mound.Delivery,,Loading,pitch.0,437439,-0.6571,-0.224,0.5842,0.0231,-0.0258,0.1794,0.0,0.0
1779988771896,1,Pitching Mound.Drive,,Loading,pitch.0,438009,0.0522,27.0569,82.681,53.6451,-64.455,23.9141,0.1038,0.0864
1779988771896,1,Pitching Mound.Parent,,Loading,pitch.0,437059,-0.6049,26.8329,83.2652,53.6682,-64.4807,24.0935,0.1031,0.0874
1779988771897,1,11.0000004b,Drive,Loading,pitch.0,438010,0.0902,26.7572,82.1318,53.545,-64.3171,23.7082,0.1043,0.0868
1779988771897,1,12.00000015,Lower Delivery,Loading,pitch.0,437741,-0.5569,-0.2274,0.4645,-0.032,-0.0033,-0.0086,0.0,0.0
1779988771897,1,12.00000018,Upper Delivery,Loading,pitch.0,438599,-0.057,0.031,0.1044,-0.0884,-0.0304,-0.0012,0.0,0.0
1779988771897,1,Pitching Mound.Delivery,,Loading,pitch.0,437440,-0.6138,-0.1964,0.5689,0.0021,-0.0337,0.1602,0.0,0.0
1779988771897,1,Pitching Mound.Drive,,Loading,pitch.0,438010,0.0902,26.7572,82.1318,53.545,-64.3171,23.7082,0.1043,0.0868
1779988771897,1,Pitching Mound.Parent,,Loading,pitch.0,437060,-0.5236,26.5607,82.7007,53.5471,-64.3507,23.8684,0.1035,0.0877
1779988771898,1,11.0000004b,Drive,Loading,pitch.0,438011,0.1197,26.4185,82.2956,53.6094,-64.7074,23.4639,0.1047,0.0867
1779988771898,1,12.00000015,Lower Delivery,Loading,pitch.0,437742,-0.5719,-0.222,0.4849,-0.0306,-0.0078,-0.0097,0.0,0.0
1779988771898,1,12.00000018,Upper Delivery,Loading,pitch.0,438600,-0.056,0.0459,0.0623,-0.0884,-0.0304,-0.0012,0.0,0.0
1779988771898,1,Pitching Mound.Delivery,,Loading,pitch.0,437441,-0.6278,-0.1762,0.5472,0.0247,-0.0382,0.1645,0.0,0.0
1779988771898,1,Pitching Mound.Drive,,Loading,pitch.0,438011,0.1197,26.4185,82.2956,53.6094,-64.7074,23.4639,0.1047,0.0867
1779988771898,1,Pitching Mound.Parent,,Loading,pitch.0,437061,-0.5081,26.2423,82.8428,53.634,-64.7456,23.6285,0.104,0.0879
1779988771899,1,11.0000004b,Drive,Loading,pitch.0,438012,0.1765,26.1817,81.786,53.7225,-64.3455,23.283,0.1047,0.0874
1779988771899,1,12.00000015,Lower Delivery,Loading,pitch.0,437743,-0.5577,-0.1882,0.4723,-0.041,-0.0079,-0.0105,0.0,0.0
1779988771899,1,12.00000018,Upper Delivery,Loading,pitch.0,438601,-0.0475,0.0537,0.078,-0.0884,-0.0304,-0.0012,0.0,0.0
1779988771899,1,Pitching Mound.Delivery,,Loading,pitch.0,437442,-0.6052,-0.1345,0.5503,0.0047,-0.0382,0.1617,0.0,0.0
1779988771899,1,Pitching Mound.Drive,,Loading,pitch.0,438012,0.1765,26.1817,81.786,53.7225,-64.3455,23.283,0.1047,0.0874
1779988771899,1,Pitching Mound.Parent,,Loading,pitch.0,437062,-0.4287,26.0473,82.3362,53.7272,-64.3837,23.4447,0.104,0.0885
1779988771900,1,11.0000004b,Drive,Loading,pitch.0,438013,0.2312,25.7657,81.3039,53.6917,-64.0714,22.8237,0.1049,0.0879
1779988771900,1,12.00000015,Lower Delivery,Loading,pitch.0,437744,-0.5662,-0.1926,0.483,-0.0456,-0.0123,-0.0111,0.0,0.0
1779988771900,1,12.00000018,Upper Delivery,Loading,pitch.0,438602,-0.0407,0.0633,0.0922,-0.0884,-0.0304,-0.0012,0.0,0.0
1779988771900,1,Pitching Mound.Delivery,,Loading,pitch.0,437443,-0.6069,-0.1293,0.5752,-0.0011,-0.0427,0.1664,0.0,0.0
1779988771900,1,Pitching Mound.Drive,,Loading,pitch.0,438013,0.2312,25.7657,81.3039,53.6917,-64.0714,22.8237,0.1049,0.0879
1779988771900,1,Pitching Mound.Parent,,Loading,pitch.0,437063,-0.3757,25.6364,81.8791,53.6906,-64.114,22.9901,0.1042,0.0889
1779988771901,1,11.0000004b,Drive,Loading,pitch.0,438014,0.3084,25.3026,80.8286,53.695,-63.7757,22.2764,0.105,0.0884
1779988771901,1,11.0000004b,Drive,Loading,pitch.0,438015,0.4028,24.9635,80.4609,53.8164,-63.897,21.949,0.1057,0.089
1779988771901,1,12.00000015,Lower Delivery,Loading,pitch.0,437745,-0.562,-0.1839,0.4876,-0.0486,-0.0176,-0.0116,0.0,0.0
1779988771901,1,12.00000018,Upper Delivery,Loading,pitch.0,438603,-0.0515,0.0552,0.0798,-0.0884,-0.0304,-0.0012,0.0,0.0
1779988771901,1,Pitching Mound.Delivery,,Loading,pitch.0,437444,-0.6136,-0.1287,0.5674,0.0017,-0.048,0.1608,0.0,0.0
1779988771901,1,Pitching Mound.Drive,,Loading,pitch.0,438014,0.3084,25.3026,80.8286,53.695,-63.7757,22.2764,0.105,0.0884
1779988771901,1,Pitching Mound.Drive,,Loading,pitch.0,438015,0.4028,24.9635,80.4609,53.8164,-63.897,21.949,0.1057,0.089
1779988771901,1,Pitching Mound.Parent,,Loading,pitch.0,437064,-0.3052,25.1739,81.396,53.6966,-63.8237,22.4372,0.1043,0.0895
1779988771902,1,12.00000015,Lower Delivery,Loading,pitch.0,437746,-0.5777,-0.2032,0.5028,-0.0454,-0.0089,-0.0103,0.0,0.0
1779988771902,1,12.00000018,Upper Delivery,Loading,pitch.0,438604,-0.0524,0.0577,0.0592,-0.0884,-0.0304,-0.0012,0.0,0.0
1779988771902,1,Pitching Mound.Delivery,,Loading,pitch.0,437445,-0.6301,-0.1455,0.5619,0.0171,-0.0393,0.167,0.0,0.0
1779988771902,1,Pitching Mound.Parent,,Loading,pitch.0,437065,-0.2273,24.818,81.0228,53.8335,-63.9363,22.1161,0.105,0.0903
1779988771903,1,11.0000004b,Drive,Loading,pitch.0,438016,0.5281,24.5032,79.9117,53.4969,-63.4938,21.3379,0.1058,0.0891
1779988771903,1,12.00000015,Lower Delivery,Loading,pitch.0,437747,-0.5549,-0.1704,0.5068,-0.0464,-0.0154,-0.0077,0.0,0.0
1779988771903,1,12.00000018,Upper Delivery,Loading,pitch.0,438605,-0.033,0.0828,0.1208,-0.0884,-0.0304,-0.0012,0.0,0.0
1779988771903,1,Pitching Mound.Delivery,,Loading,pitch.0,437446,-0.5879,-0.0876,0.6276,-0.0035,-0.0458,0.1685,0.0,0.0
1779988771903,1,Pitching Mound.Drive,,Loading,pitch.0,438016,0.5281,24.5032,79.9117,53.4969,-63.4938,21.3379,0.1058,0.0891
1779988771903,1,Pitching Mound.Parent,,Loading,pitch.0,437066,-0.0599,24.4157,80.5392,53.4934,-63.5396,21.5064,0.105,0.0901
1779988771904,1,11.0000004b,Drive,Loading,pitch.0,438017,0.6209,24.0946,79.334,53.3534,-63.1077,20.8706,0.1059,0.0895
1779988771904,1,11.0000004b,Drive,Loading,pitch.0,438018,0.723,23.6063,78.8914,53.3708,-62.7505,20.2423,0.1059,0.0901
1779988771904,1,12.00000015,Lower Delivery,Loading,pitch.0,437748,-0.5572,-0.1876,0.5137,-0.0514,-0.0171,-0.0079,0.0,0.0
1779988771904,1,12.00000018,Upper Delivery,Loading,pitch.0,438606,-0.0414,0.076,0.0934,-0.0884,-0.0304,-0.0012,0.0,0.0
1779988771904,1,Pitching Mound.Delivery,,Loading,pitch.0,437447,-0.5985,-0.1116,0.607,0.0032,-0.0475,0.1663,0.0,0.0
1779988771904,1,Pitching Mound.Drive,,Loading,pitch.0,438017,0.6209,24.0946,79.334,53.3534,-63.1077,20.8706,0.1059,0.0895
1779988771904,1,Pitching Mound.Drive,,Loading,pitch.0,438018,0.723,23.6063,78.8914,53.3708,-62.7505,20.2423,0.1059,0.0901
1779988771904,1,Pitching Mound.Parent,,Loading,pitch.0,437067,0.0224,23.9831,79.9411,53.3565,-63.1552,21.0369,0.1051,0.0906
1779988771905,1,12.00000015,Lower Delivery,Loading,pitch.0,437749,-0.5819,-0.1823,0.5491,-0.0554,-0.0149,-0.0091,0.0,0.0
1779988771905,1,12.00000018,Upper Delivery,Loading,pitch.0,438607,-0.0351,0.0857,0.1074,-0.0884,-0.0304,-0.0012,0.0,0.0
1779988771905,1,Pitching Mound.Delivery,,Loading,pitch.0,437448,-0.617,-0.0966,0.6565,0.0065,-0.0453,0.1756,0.0,0.0
1779988771905,1,Pitching Mound.Parent,,Loading,pitch.0,437068,0.106,23.5097,79.5478,53.3773,-62.7959,20.4179,0.105,0.0912
1779988771906,1,11.0000004b,Drive,Loading,pitch.0,438019,0.8671,23.1396,78.5255,53.3619,-63.0872,19.6537,0.107,0.0905
1779988771906,1,12.00000015,Lower Delivery,Loading,pitch.0,437750,-0.5586,-0.1987,0.5086,-0.054,-0.0107,-0.0073,0.0,0.0
1779988771906,1,12.00000018,Upper Delivery,Loading,pitch.0,438608,-0.0484,0.0669,0.0678,-0.0884,-0.0304,-0.0012,0.0,0.0
1779988771906,1,Pitching Mound.Delivery,,Loading,pitch.0,437449,-0.6069,-0.1317,0.5764,0.0075,-0.0411,0.165,0.0,0.0
1779988771906,1,Pitching Mound.Drive,,Loading,pitch.0,438019,0.8671,23.1396,78.5255,53.3619,-63.0872,19.6537,0.107,0.0905
1779988771906,1,Pitching Mound.Parent,,Loading,pitch.0,437069,0.2601,23.0078,79.1019,53.3694,-63.1283,19.8187,0.1062,0.0917
1779988771907,1,11.0000004b,Drive,Loading,pitch.0,438020,1.0024,22.7102,77.5308,52.8297,-62.4243,19.1269,0.1072,0.0907
1779988771907,1,12.00000015,Lower Delivery,Loading,pitch.0,437751,-0.5547,-0.2347,0.4956,-0.0511,-0.0092,-0.0063,0.0,0.0
1779988771907,1,12.00000018,Upper Delivery,Loading,pitch.0,438609,-0.0398,0.0786,0.0848,-0.0884,-0.0304,-0.0012,0.0,0.0
1779988771907,1,Pitching Mound.Delivery,,Loading,pitch.0,437450,-0.5946,-0.1561,0.5804,0.0002,-0.0395,0.1676,0.0,0.0
1779988771907,1,Pitching Mound.Drive,,Loading,pitch.0,438020,1.0024,22.7102,77.5308,52.8297,-62.4243,19.1269,0.1072,0.0907
1779988771907,1,Pitching Mound.Parent,,Loading,pitch.0,437070,0.4078,22.5541,78.1112,52.8299,-62.4638,19.2945,0.1064,0.0918
1779988771908,1,11.0000004b,Drive,Loading,pitch.0,438021,1.1164,22.3399,77.0138,52.8383,-62.0607,18.7272,0.1073,0.0913
1779988771908,1,12.00000015,Lower Delivery,Loading,pitch.0,437752,-0.5435,-0.2303,0.4896,-0.0497,-0.0079,-0.0054,0.0,0.0
1779988771908,1,12.00000018,Upper Delivery,Loading,pitch.0,438610,-0.0345,0.0874,0.0786,-0.0884,-0.0304,-0.0012,0.0,0.0
1779988771908,1,Pitching Mound.Delivery,,Loading,pitch.0,437451,-0.578,-0.1429,0.5682,0.0016,-0.0383,0.1665,0.0,0.0
1779988771908,1,Pitching Mound.Drive,,Loading,pitch.0,438021,1.1164,22.3399,77.0138,52.8383,-62.0607,18.7272,0.1073,0.0913
1779988771908,1,Pitching Mound.Parent,,Loading,pitch.0,437071,0.5384,22.1969,77.5821,52.8399,-62.099,18.8937,0.1065,0.0925
1779988771909,1,11.0000004b,Drive,Loading,pitch.0,438022,1.233,21.8031,76.0196,52.5632,-61.2537,18.0808,0.1073,0.092
1779988771909,1,12.00000015,Lower Delivery,Loading,pitch.0,437753,-0.5482,-0.2537,0.4844,-0.0469,-0.0061,-0.0055,0.0,0.0
1779988771909,1,12.00000018,Upper Delivery,Loading,pitch.0,438611,-0.0314,0.0879,0.0921,-0.0884,-0.0304,-0.0012,0.0,0.0
1779988771909,1,Pitching Mound.Delivery,,Loading,pitch.0,437452,-0.5796,-0.1659,0.5765,-0.0018,-0.0364,0.169,0.0,0.0
1779988771909,1,Pitching Mound.Drive,,Loading,pitch.0,438022,1.233,21.8031,76.0196,52.5632,-61.2537,18.0808,0.1073,0.092
1779988771909,1,Pitching Mound.Parent,,Loading,pitch.0,437072,0.6534,21.6372,76.5961,52.5614,-61.2901,18.2498,0.1065,0.0931
1779988771910,1,11.0000004b,Drive,Loading,pitch.0,438023,1.3427,21.4294,75.6587,52.1934,-61.4179,17.6717,0.1081,0.0918
1779988771910,1,12.00000015,Lower Delivery,Loading,pitch.0,437754,-0.5563,-0.3152,0.4566,-0.0415,-0.0045,-0.0037,0.0,0.0
1779988771910,1,12.00000018,Upper Delivery,Loading,pitch.0,438612,-0.031,0.088,0.0916,-0.0884,-0.0304,-0.0012,0.0,0.0
1779988771910,1,Pitching Mound.Delivery,,Loading,pitch.0,437453,-0.5873,-0.2272,0.5482,-0.0057,-0.0349,0.1737,0.0,0.0
1779988771910,1,Pitching Mound.Drive,,Loading,pitch.0,438023,1.3427,21.4294,75.6587,52.1934,-61.4179,17.6717,0.1081,0.0918
1779988771910,1,Pitching Mound.Parent,,Loading,pitch.0,437073,0.7554,21.2022,76.2069,52.1877,-61.4528,17.8454,0.1073,0.0928
1779988771911,1,11.0000004b,Drive,Loading,pitch.0,438024,1.4012,21.0079,75.1172,52.1238,-60.7144,17.243,0.1076,0.0924
1779988771911,1,11.0000004b,Drive,Loading,pitch.0,438025,1.4853,20.5657,74.47,51.849,-60.4654,16.7454,0.1081,0.0927
1779988771911,1,12.00000015,Lower Delivery,Loading,pitch.0,437755,-0.5733,-0.3163,0.4767,-0.0498,-0.0096,-0.0038,0.0,0.0
1779988771911,1,12.00000018,Upper Delivery,Loading,pitch.0,438613,-0.036,0.082,0.0624,-0.0884,-0.0304,-0.0012,0.0,0.0
1779988771911,1,Pitching Mound.Delivery,,Loading,pitch.0,437454,-0.6093,-0.2343,0.5392,0.0027,-0.0399,0.1777,0.0,0.0
1779988771911,1,Pitching Mound.Drive,,Loading,pitch.0,438024,1.4012,21.0079,75.1172,52.1238,-60.7144,17.243,0.1076,0.0924
1779988771911,1,Pitching Mound.Drive,,Loading,pitch.0,438025,1.4853,20.5657,74.47,51.849,-60.4654,16.7454,0.1081,0.0927
1779988771911,1,Pitching Mound.Parent,,Loading,pitch.0,437074,0.7918,20.7736,75.6563,52.1265,-60.7543,17.4206,0.1068,0.0936
1779988771912,1,11.0000004b,Drive,Loading,pitch.0,438026,1.5289,20.1164,73.7998,51.9012,-59.808,16.2287,0.1079,0.0936
1779988771912,1,12.00000015,Lower Delivery,Loading,pitch.0,437756,-0.498,-0.3248,0.3892,-0.0424,-0.0061,-0.001,0.0,0.0
1779988771912,1,12.00000018,Upper Delivery,Loading,pitch.0,438614,-0.0345,0.0869,0.0887,-0.0884,-0.0304,-0.0012,0.0,0.0
1779988771912,1,Pitching Mound.Delivery,,Loading,pitch.0,437455,-0.5325,-0.2379,0.4779,-0.0286,-0.0364,0.1554,0.0,0.0
1779988771912,1,Pitching Mound.Drive,,Loading,pitch.0,438026,1.5289,20.1164,73.7998,51.9012,-59.808,16.2287,0.1079,0.0936
1779988771912,1,Pitching Mound.Parent,,Loading,pitch.0,437075,0.9528,20.3278,74.9479,51.8205,-60.5018,16.9008,0.1074,0.0935
1779988771913,1,11.0000004b,Drive,Loading,pitch.0,438027,1.5706,19.6822,73.1487,51.8876,-59.5168,15.7471,0.1083,0.0944
1779988771913,1,12.00000015,Lower Delivery,Loading,pitch.0,437757,-0.5054,-0.3019,0.4092,-0.046,-0.0087,-0.0029,0.0,0.0
1779988771913,1,12.00000018,Upper Delivery,Loading,pitch.0,438615,-0.0326,0.0863,0.1008,-0.0884,-0.0304,-0.0012,0.0,0.0
1779988771913,1,Pitching Mound.Delivery,,Loading,pitch.0,437456,-0.538,-0.2156,0.51,-0.0294,-0.0391,0.1567,0.0,0.0
1779988771913,1,Pitching Mound.Drive,,Loading,pitch.0,438027,1.5706,19.6822,73.1487,51.8876,-59.5168,15.7471,0.1083,0.0944
1779988771913,1,Pitching Mound.Parent,,Loading,pitch.0,437076,0.991,19.9008,74.3098,51.8718,-59.8471,16.3854,0.1071,0.0944
1779988771914,1,11.0000004b,Drive,Loading,pitch.0,438028,1.6051,19.273,72.9094,52.0448,-59.9061,15.3183,0.1094,0.095
1779988771914,1,12.00000015,Lower Delivery,Loading,pitch.0,437758,-0.5066,-0.3303,0.3953,-0.0361,-0.0012,-0.0011,0.0,0.0
1779988771914,1,12.00000018,Upper Delivery,Loading,pitch.0,438616,-0.0261,0.0883,0.1287,-0.0884,-0.0304,-0.0012,0.0,0.0
1779988771914,1,Pitching Mound.Delivery,,Loading,pitch.0,437457,-0.5326,-0.242,0.524,-0.0339,-0.0316,0.161,0.0,0.0
1779988771914,1,Pitching Mound.Drive,,Loading,pitch.0,438028,1.6051,19.273,72.9094,52.0448,-59.9061,15.3183,0.1094,0.095
1779988771914,1,Pitching Mound.Parent,,Loading,pitch.0,437077,1.0379,19.4402,73.6727,51.8538,-59.5484,15.9081,0.1075,0.095
1779988771915,1,11.0000004b,Drive,Loading,pitch.0,438029,1.6304,18.8674,72.2944,51.9188,-59.2851,14.9302,0.1092,0.0956
1779988771915,1,12.00000015,Lower Delivery,Loading,pitch.0,437759,-0.5048,-0.2831,0.4022,-0.0415,-0.0103,-0.0047,0.0,0.0
1779988771915,1,12.00000018,Upper Delivery,Loading,pitch.0,438617,-0.0345,0.0815,0.0923,-0.0884,-0.0304,-0.0012,0.0,0.0
1779988771915,1,Pitching Mound.Delivery,,Loading,pitch.0,437458,-0.5393,-0.2016,0.4944,-0.0245,-0.0406,0.154,0.0,0.0
1779988771915,1,Pitching Mound.Drive,,Loading,pitch.0,438029,1.6304,18.8674,72.2944,51.9188,-59.2851,14.9302,0.1092,0.0956
1779988771915,1,Pitching Mound.Parent,,Loading,pitch.0,437078,1.0658,19.0714,73.4039,52.0203,-59.9467,15.4724,0.1086,0.0958
1779988771916,1,11.0000004b,Drive,Loading,pitch.0,438030,1.6472,18.4825,72.3167,52.1074,-59.7398,14.5447,0.11,0.0959
1779988771916,1,12.00000015,Lower Delivery,Loading,pitch.0,437760,-0.4466,-0.2634,0.3505,-0.0331,-0.0093,-0.0039,0.0,0.0
1779988771916,1,12.00000018,Upper Delivery,Loading,pitch.0,438618,-0.0357,0.0765,0.0586,-0.0884,-0.0304,-0.0012,0.0,0.0
1779988771916,1,Pitching Mound.Delivery,,Loading,pitch.0,437459,-0.4822,-0.1869,0.409,-0.0222,-0.0397,0.1346,0.0,0.0
1779988771916,1,Pitching Mound.Drive,,Loading,pitch.0,438030,1.6472,18.4825,72.3167,52.1074,-59.7398,14.5447,0.11,0.0959
1779988771916,1,Pitching Mound.Parent,,Loading,pitch.0,437079,1.1482,18.6804,72.7034,51.8965,-59.3248,15.0649,0.1086,0.0964
1779988771917,1,11.0000004b,Drive,Loading,pitch.0,438031,1.7432,18.0554,71.1638,51.8468,-59.675,14.0665,0.1116,0.097
1779988771917,1,12.00000015,Lower Delivery,Loading,pitch.0,437761,-0.4358,-0.2169,0.3599,-0.0303,-0.0066,-0.004,0.0,0.0
1779988771917,1,12.00000018,Upper Delivery,Loading,pitch.0,438619,-0.0423,0.0745,0.0502,-0.0884,-0.0304,-0.0012,0.0,0.0
1779988771917,1,Pitching Mound.Delivery,,Loading,pitch.0,437460,-0.4781,-0.1424,0.4101,-0.0134,-0.037,0.1286,0.0,0.0
1779988771917,1,Pitching Mound.Drive,,Loading,pitch.0,438031,1.7432,18.0554,71.1638,51.8468,-59.675,14.0665,0.1116,0.097
1779988771917,1,Pitching Mound.Parent,,Loading,pitch.0,437080,1.1691,18.3402,72.7267,52.094,-59.7767,14.6733,0.1094,0.0968
1779988771918,1,11.0000004b,Drive,Loading,pitch.0,438032,1.7301,17.6239,70.8119,51.8678,-59.0455,13.5513,0.111,0.0975
1779988771918,1,12.00000015,Lower Delivery,Loading,pitch.0,437762,-0.4049,-0.1876,0.3362,-0.0306,-0.0065,-0.0071,0.0,0.0
1779988771918,1,12.00000018,Upper Delivery,Loading,pitch.0,438620,-0.0538,0.0486,0.0005,-0.0884,-0.0304,-0.0012,0.0,0.0
1779988771918,1,Pitching Mound.Delivery,,Loading,pitch.0,437461,-0.4587,-0.1389,0.3367,-0.0048,-0.0369,0.1111,0.0,0.0
1779988771918,1,Pitching Mound.Drive,,Loading,pitch.0,438032,1.7301,17.6239,70.8119,51.8678,-59.0455,13.5513,0.111,0.0975
1779988771918,1,Pitching Mound.Parent,,Loading,pitch.0,437081,1.2845,17.9164,71.5005,51.842,-59.7119,14.1776,0.1111,0.0981
1779988771919,1,11.0000004b,Drive,Loading,pitch.0,438033,1.7788,17.0732,69.6265,51.6025,-58.2585,12.9238,0.1114,0.0987
1779988771919,1,12.00000015,Lower Delivery,Loading,pitch.0,437763,-0.4091,-0.1581,0.3557,-0.0375,-0.016,-0.0122,0.0,0.0
1779988771919,1,12.00000018,Upper Delivery,Loading,pitch.0,438621,-0.0544,0.0506,0.0013,-0.0884,-0.0304,-0.0012,0.0,0.0
1779988771919,1,Pitching Mound.Delivery,,Loading,pitch.0,437462,-0.4635,-0.1075,0.357,-0.0053,-0.0463,0.1073,0.0,0.0
1779988771919,1,Pitching Mound.Drive,,Loading,pitch.0,438033,1.7788,17.0732,69.6265,51.6025,-58.2585,12.9238,0.1114,0.0987
1779988771919,1,Pitching Mound.Parent,,Loading,pitch.0,437082,1.2666,17.5164,71.169,51.8624,-59.0918,13.6586,0.1104,0.0987
1779988771920,1,11.0000004b,Drive,Loading,pitch.0,438034,1.8142,16.6956,69.6385,51.6531,-58.876,12.521,0.1126,0.0987
1779988771920,1,12.00000015,Lower Delivery,Loading,pitch.0,437764,-0.3826,-0.2035,0.3007,-0.0306,-0.0138,-0.0122,0.0,0.0
1779988771920,1,12.00000018,Upper Delivery,Loading,pitch.0,438622,-0.056,0.0531,-0.0018,-0.0884,-0.0304,-0.0012,0.0,0.0
1779988771920,1,Pitching Mound.Delivery,,Loading,pitch.0,437463,-0.4386,-0.1503,0.2989,-0.0161,-0.0442,0.0977,0.0,0.0
1779988771920,1,Pitching Mound.Drive,,Loading,pitch.0,438034,1.8142,16.6956,69.6385,51.6531,-58.876,12.521,0.1126,0.0987
1779988771920,1,Pitching Mound.Parent,,Loading,pitch.0,437083,1.3402,16.9228,69.9254,51.5864,-58.3027,13.0215,0.1109,0.0997
1779988771921,1,11.0000004b,Drive,Loading,pitch.0,438035,1.8383,16.2052,68.2504,51.3527,-57.6666,11.8358,0.1125,0.1002
1779988771921,1,12.00000015,Lower Delivery,Loading,pitch.0,437765,-0.396,-0.1772,0.3238,-0.0482,-0.0292,-0.0105,0.0,0.0
1779988771921,1,12.00000018,Upper Delivery,Loading,pitch.0,438623,-0.0549,0.0558,0.0009,-0.0884,-0.0304,-0.0012,0.0,0.0
1779988771921,1,Pitching Mound.Delivery,,Loading,pitch.0,437464,-0.451,-0.1214,0.3247,-0.0268,-0.0596,0.1043,0.0,0.0
1779988771921,1,Pitching Mound.Drive,,Loading,pitch.0,438035,1.8383,16.2052,68.2504,51.3527,-57.6666,11.8358,0.1125,0.1002
1779988771921,1,Pitching Mound.Parent,,Loading,pitch.0,437084,1.3632,16.5742,69.9633,51.6263,-58.9356,12.6253,0.112,0.0999
1779988771922,1,11.0000004b,Drive,Loading,pitch.0,438036,1.8564,15.8748,68.3618,51.4381,-58.0499,11.4815,0.113,0.1002
1779988771922,1,12.00000015,Lower Delivery,Loading,pitch.0,437766,-0.3909,-0.1923,0.312,-0.0349,-0.0168,-0.0097,0.0,0.0
1779988771922,1,12.00000018,Upper Delivery,Loading,pitch.0,438624,-0.0566,0.056,0.0167,-0.0884,-0.0304,-0.0012,0.0,0.0
1779988771922,1,Pitching Mound.Delivery,,Loading,pitch.0,437465,-0.4476,-0.1363,0.3287,-0.0229,-0.0471,0.1028,0.0,0.0
1779988771922,1,Pitching Mound.Drive,,Loading,pitch.0,438036,1.8564,15.8748,68.3618,51.4381,-58.0499,11.4815,0.113,0.1002
1779988771922,1,Pitching Mound.Parent,,Loading,pitch.0,437085,1.3908,16.0688,68.5791,51.3298,-57.7137,11.9385,0.1119,0.1012
1779988771923,1,11.0000004b,Drive,Loading,pitch.0,438037,1.9553,15.3975,67.7714,51.3227,-58.4836,10.8383,0.1149,0.1008
1779988771923,1,12.00000015,Lower Delivery,Loading,pitch.0,437767,-0.4162,-0.2176,0.3281,-0.0441,-0.0291,-0.0115,0.0,0.0
1779988771923,1,12.00000018,Upper Delivery,Loading,pitch.0,438625,-0.0506,0.0633,0.0218,-0.0884,-0.0304,-0.0012,0.0,0.0
1779988771923,1,Pitching Mound.Delivery,,Loading,pitch.0,437466,-0.4669,-0.1543,0.3499,-0.0283,-0.0594,0.1117,0.0,0.0
1779988771923,1,Pitching Mound.Drive,,Loading,pitch.0,438037,1.9553,15.3975,67.7714,51.3227,-58.4836,10.8383,0.1149,0.1008
1779988771923,1,Pitching Mound.Parent,,Loading,pitch.0,437086,1.3895,15.7205,68.7117,51.4098,-58.1093,11.5932,0.1125,0.1012
1779988771924,1,11.0000004b,Drive,Loading,pitch.0,438038,1.952,15.1055,67.5529,51.3525,-57.7356,10.4374,0.1138,0.1012
1779988771924,1,12.00000015,Lower Delivery,Loading,pitch.0,437768,-0.4706,-0.2444,0.3715,-0.0362,-0.023,-0.0088,0.0,0.0
1779988771924,1,12.00000018,Upper Delivery,Loading,pitch.0,438626,-0.051,0.0648,0.04,-0.0884,-0.0304,-0.0012,0.0,0.0
1779988771924,1,Pitching Mound.Delivery,,Loading,pitch.0,437467,-0.5216,-0.1796,0.4115,-0.0119,-0.0534,0.1326,0.0,0.0
1779988771924,1,Pitching Mound.Drive,,Loading,pitch.0,438038,1.952,15.1055,67.5529,51.3525,-57.7356,10.4374,0.1138,0.1012
1779988771924,1,Pitching Mound.Parent,,Loading,pitch.0,437087,1.4336,15.2178,68.1828,51.3108,-58.5369,10.9709,0.1142,0.1019
1779988771925,1,11.0000004b,Drive,Loading,pitch.0,438039,2.0474,14.7327,66.7202,51.2814,-57.3702,9.8798,0.1145,0.1023
1779988771925,1,12.00000015,Lower Delivery,Loading,pitch.0,437769,-0.5044,-0.2623,0.3997,-0.0373,-0.0228,-0.0086,0.0,0.0
1779988771925,1,12.00000018,Upper Delivery,Loading,pitch.0,438627,-0.0562,0.0633,0.0014,-0.0884,-0.0304,-0.0012,0.0,0.0
1779988771925,1,Pitching Mound.Delivery,,Loading,pitch.0,437468,-0.5607,-0.199,0.401,0.0097,-0.0531,0.1426,0.0,0.0
1779988771925,1,Pitching Mound.Drive,,Loading,pitch.0,438039,2.0474,14.7327,66.7202,51.2814,-57.3702,9.8798,0.1145,0.1023
1779988771925,1,Pitching Mound.Parent,,Loading,pitch.0,437088,1.3913,14.9065,67.9539,51.3622,-57.7887,10.58,0.1131,0.1026
1779988771926,1,11.0000004b,Drive,Loading,pitch.0,438040,2.0933,14.4092,66.6748,51.3783,-57.1583,9.4564,0.1141,0.1026
1779988771926,1,12.00000015,Lower Delivery,Loading,pitch.0,437770,-0.511,-0.287,0.3923,-0.0498,-0.0297,-0.0075,0.0,0.0
1779988771926,1,12.00000018,Upper Delivery,Loading,pitch.0,438628,-0.0364,0.083,0.084,-0.0884,-0.0304,-0.0012,0.0,0.0
1779988771926,1,Pitching Mound.Delivery,,Loading,pitch.0,437469,-0.5474,-0.2041,0.4763,-0.0333,-0.06,0.1526,0.0,0.0
1779988771926,1,Pitching Mound.Drive,,Loading,pitch.0,438040,2.0933,14.4092,66.6748,51.3783,-57.1583,9.4564,0.1141,0.1026
1779988771926,1,Pitching Mound.Parent,,Loading,pitch.0,437089,1.5,14.5286,67.1965,51.2481,-57.4303,10.0324,0.1137,0.1032
1779988771927,1,11.0000004b,Drive,Loading,pitch.0,438041,2.1755,14.008,65.8865,51.2759,-56.373,8.834,0.1139,0.1036
1779988771927,1,12.00000015,Lower Delivery,Loading,pitch.0,437771,-0.566,-0.3189,0.4196,-0.0649,-0.0338,-0.0085,0.0,0.0
1779988771927,1,12.00000018,Upper Delivery,Loading,pitch.0,438629,-0.0348,0.0865,0.1081,-0.0884,-0.0304,-0.0012,0.0,0.0
1779988771927,1,Pitching Mound.Delivery,,Loading,pitch.0,437470,-0.6008,-0.2324,0.5277,-0.0474,-0.0641,0.1709,0.0,0.0
1779988771927,1,Pitching Mound.Drive,,Loading,pitch.0,438041,2.1755,14.008,65.8865,51.2759,-56.373,8.834,0.1139,0.1036
1779988771927,1,Pitching Mound.Parent,,Loading,pitch.0,437090,1.4924,14.1768,67.2025,51.3309,-57.2224,9.6273,0.1132,0.1034
1779988771928,1,11.0000004b,Drive,Loading,pitch.0,438042,2.2785,13.6804,65.6241,51.2632,-56.6028,8.3438,0.1148,0.104
1779988771928,1,12.00000015,Lower Delivery,Loading,pitch.0,437772,-0.5837,-0.3436,0.415,-0.0676,-0.0328,-0.0083,0.0,0.0
1779988771928,1,12.00000018,Upper Delivery,Loading,pitch.0,438630,-0.0341,0.0812,0.1123,-0.0884,-0.0304,-0.0012,0.0,0.0
1779988771928,1,Pitching Mound.Delivery,,Loading,pitch.0,437471,-0.6179,-0.2624,0.5274,-0.053,-0.0632,0.1774,0.0,0.0
1779988771928,1,Pitching Mound.Drive,,Loading,pitch.0,438042,2.2785,13.6804,65.6241,51.2632,-56.6028,8.3438,0.1148,0.104
1779988771928,1,Pitching Mound.Parent,,Loading,pitch.0,437091,1.5577,13.7456,66.4138,51.2229,-56.4362,9.0114,0.113,0.1043
1779988771929,1,11.0000004b,Drive,Loading,pitch.0,438043,2.3905,13.352,65.2783,51.2146,-56.3062,7.8589,0.1148,0.1044
1779988771929,1,12.00000015,Lower Delivery,Loading,pitch.0,437773,-0.6344,-0.3598,0.4549,-0.0737,-0.0332,-0.0067,0.0,0.0
1779988771929,1,12.00000018,Upper Delivery,Loading,pitch.0,438631,-0.0401,0.078,0.1061,-0.0884,-0.0304,-0.0012,0.0,0.0
1779988771929,1,Pitching Mound.Delivery,,Loading,pitch.0,437472,-0.6745,-0.2818,0.5609,-0.0435,-0.0636,0.1941,0.0,0.0
1779988771929,1,Pitching Mound.Drive,,Loading,pitch.0,438043,2.3905,13.352,65.2783,51.2146,-56.3062,7.8589,0.1148,0.1044
1779988771929,1,Pitching Mound.Parent,,Loading,pitch.0,437092,1.604,13.3985,66.185,51.2198,-56.6664,8.5379,0.1139,0.1049
1779988771930,1,11.0000004b,Drive,Loading,pitch.0,438044,2.5481,12.9018,64.3414,50.9089,-55.3031,7.0558,0.1144,0.1053
1779988771930,1,12.00000015,Lower Delivery,Loading,pitch.0,437774,-0.6267,-0.3593,0.4194,-0.0714,-0.0378,-0.0056,0.0,0.0
1779988771930,1,12.00000018,Upper Delivery,Loading,pitch.0,438632,-0.0476,0.0698,0.059,-0.0884,-0.0304,-0.0012,0.0,0.0
1779988771930,1,Pitching Mound.Delivery,,Loading,pitch.0,437473,-0.6742,-0.2895,0.4783,-0.0372,-0.0682,0.1901,0.0,0.0
1779988771930,1,Pitching Mound.Drive,,Loading,pitch.0,438044,2.5481,12.9018,64.3414,50.9089,-55.3031,7.0558,0.1144,0.1053
1779988771930,1,Pitching Mound.Parent,,Loading,pitch.0,437093,1.7163,13.0626,65.7566,51.1774,-56.3744,8.049,0.114,0.1055
1779988771931,1,11.0000004b,Drive,Loading,pitch.0,438045,2.6821,12.6417,64.229,50.9968,-55.9455,6.6928,0.116,0.1057
1779988771931,1,12.00000015,Lower Delivery,Loading,pitch.0,437775,-0.6351,-0.3218,0.4585,-0.0783,-0.0362,-0.0037,0.0,0.0
1779988771931,1,12.00000018,Upper Delivery,Loading,pitch.0,438633,-0.0544,0.0656,0.0442,-0.0884,-0.0304,-0.0012,0.0,0.0
1779988771931,1,Pitching Mound.Delivery,,Loading,pitch.0,437474,-0.6895,-0.2561,0.5027,-0.0258,-0.0666,0.1926,0.0,0.0
1779988771931,1,Pitching Mound.Drive,,Loading,pitch.0,438045,2.6821,12.6417,64.229,50.9968,-55.9455,6.6928,0.116,0.1057
1779988771931,1,Pitching Mound.Parent,,Loading,pitch.0,437094,1.8586,12.6457,64.8441,50.8831,-55.3697,7.2484,0.1135,0.1067
1779988771932,1,11.0000004b,Drive,Loading,pitch.0,438046,2.7743,12.2032,64.2851,51.3821,-56.0059,6.0267,0.116,0.1064
1779988771932,1,12.00000015,Lower Delivery,Loading,pitch.0,437776,-0.6911,-0.3409,0.499,-0.0661,-0.0197,-0.0059,0.0,0.0
1779988771932,1,12.00000018,Upper Delivery,Loading,pitch.0,438634,-0.063,0.0529,0.0003,-0.0884,-0.0304,-0.0012,0.0,0.0
1779988771932,1,Pitching Mound.Delivery,,Loading,pitch.0,437475,-0.754,-0.288,0.4992,0.0151,-0.0501,0.2065,0.0,0.0
1779988771932,1,Pitching Mound.Drive,,Loading,pitch.0,438046,2.7743,12.2032,64.2851,51.3821,-56.0059,6.0267,0.116,0.1064
1779988771932,1,Pitching Mound.Parent,,Loading,pitch.0,437095,1.928,12.3537,64.7283,51.0119,-55.9956,6.8993,0.1151,0.1075
1779988771933,1,11.0000004b,Drive,Loading,pitch.0,438047,3.0644,11.7595,62.9671,50.5029,-55.4354,5.2098,0.1172,0.1068
1779988771933,1,12.00000015,Lower Delivery,Loading,pitch.0,437777,-0.668,-0.3298,0.4716,-0.0614,-0.0196,-0.0056,0.0,0.0
1779988771933,1,12.00000018,Upper Delivery,Loading,pitch.0,438635,-0.0555,0.0653,0.0407,-0.0884,-0.0304,-0.0012,0.0,0.0
1779988771933,1,Pitching Mound.Delivery,,Loading,pitch.0,437476,-0.7234,-0.2645,0.5123,-0.0033,-0.05,0.2015,0.0,0.0
1779988771933,1,Pitching Mound.Drive,,Loading,pitch.0,438047,3.0644,11.7595,62.9671,50.5029,-55.4354,5.2098,0.1172,0.1068
1779988771933,1,Pitching Mound.Parent,,Loading,pitch.0,437096,2.0509,11.9387,64.7974,51.3788,-56.0559,6.2282,0.1151,0.1078
1779988771934,1,11.0000004b,Drive,Loading,pitch.0,438048,3.1293,11.5029,63.0481,50.8454,-54.7611,4.8313,0.1156,0.1074
1779988771934,1,12.00000015,Lower Delivery,Loading,pitch.0,437778,-0.6678,-0.3288,0.4876,-0.0484,-0.0074,-0.0049,0.0,0.0
1779988771934,1,12.00000018,Upper Delivery,Loading,pitch.0,438636,-0.0633,0.0581,0.0204,-0.0884,-0.0304,-0.0012,0.0,0.0
1779988771934,1,Pitching Mound.Delivery,,Loading,pitch.0,437477,-0.7311,-0.2707,0.508,0.0221,-0.0378,0.1994,0.0,0.0
1779988771934,1,Pitching Mound.Drive,,Loading,pitch.0,438048,3.1293,11.5029,63.0481,50.8454,-54.7611,4.8313,0.1156,0.1074
1779988771934,1,Pitching Mound.Parent,,Loading,pitch.0,437097,2.3333,11.4888,63.4751,50.525,-55.4731,5.4092,0.1163,0.1084
1779988771935,1,11.0000004b,Drive,Loading,pitch.0,438049,3.3376,10.9987,62.7873,50.6953,-54.8657,3.9977,0.1163,0.1075
1779988771935,1,12.00000015,Lower Delivery,Loading,pitch.0,437779,-0.6618,-0.3254,0.4777,-0.0401,-0.0083,-0.0037,0.0,0.0
1779988771935,1,12.00000018,Upper Delivery,Loading,pitch.0,438637,-0.0554,0.0633,0.0259,-0.0884,-0.0304,-0.0012,0.0,0.0
1779988771935,1,Pitching Mound.Delivery,,Loading,pitch.0,437478,-0.7172,-0.2621,0.5036,0.0251,-0.0386,0.2012,0.0,0.0
1779988771935,1,Pitching Mound.Drive,,Loading,pitch.0,438049,3.3376,10.9987,62.7873,50.6953,-54.8657,3.9977,0.1163,0.1075
1779988771935,1,Pitching Mound.Parent,,Loading,pitch.0,437098,2.4121,11.2407,63.5517,50.8706,-54.7997,5.0325,0.1147,0.1089
1779988771936,1,11.0000004b,Drive,Loading,pitch.0,438050,3.4303,10.7249,62.6158,50.9106,-54.3755,3.5659,0.1156,0.1082
1779988771936,1,12.00000015,Lower Delivery,Loading,pitch.0,437780,-0.6671,-0.3356,0.4534,-0.0288,-0.0016,-0.0044,0.0,0.0
1779988771936,1,12.00000018,Upper Delivery,Loading,pitch.0,438638,-0.0607,0.0554,0.0177,-0.0884,-0.0304,-0.0012,0.0,0.0
1779988771936,1,Pitching Mound.Delivery,,Loading,pitch.0,437479,-0.7277,-0.2802,0.4711,0.031,-0.032,0.2006,0.0,0.0
1779988771936,1,Pitching Mound.Drive,,Loading,pitch.0,438050,3.4303,10.7249,62.6158,50.9106,-54.3755,3.5659,0.1156,0.1082
1779988771936,1,Pitching Mound.Parent,,Loading,pitch.0,437099,2.6099,10.7184,63.2585,50.7264,-54.8977,4.1982,0.1155,0.109
1779988771937,1,11.0000004b,Drive,Loading,pitch.0,438051,3.611,10.4436,62.3386,50.7486,-54.3149,3.1825,0.116,0.1084
1779988771937,1,12.00000015,Lower Delivery,Loading,pitch.0,437781,-0.6088,-0.3242,0.4409,-0.0145,0.0068,-0.0033,0.0,0.0
1779988771937,1,12.00000018,Upper Delivery,Loading,pitch.0,438639,-0.0607,0.0569,0.0219,-0.0884,-0.0304,-0.0012,0.0,0.0
1779988771937,1,Pitching Mound.Delivery,,Loading,pitch.0,437480,-0.6695,-0.2674,0.4627,0.0396,-0.0236,0.1819,0.0,0.0
1779988771937,1,Pitching Mound.Drive,,Loading,pitch.0,438051,3.611,10.4436,62.3386,50.7486,-54.3149,3.1825,0.116,0.1084
1779988771937,1,Pitching Mound.Parent,,Loading,pitch.0,437100,2.7608,10.4575,63.0786,50.9502,-54.3991,3.7478,0.1148,0.1097
1779988771938,1,11.0000004b,Drive,Loading,pitch.0,438052,3.7732,10.022,62.5574,50.956,-54.8527,2.4783,0.1167,0.1084
1779988771938,1,12.00000015,Lower Delivery,Loading,pitch.0,437782,-0.5431,-0.2868,0.403,-0.0125,0.0017,-0.0039,0.0,0.0
1779988771938,1,12.00000018,Upper Delivery,Loading,pitch.0,438640,-0.0559,0.0549,0.0133,-0.0884,-0.0304,-0.0012,0.0,0.0
1779988771938,1,Pitching Mound.Delivery,,Loading,pitch.0,437481,-0.599,-0.2319,0.4162,0.0317,-0.0287,0.1605,0.0,0.0
1779988771938,1,Pitching Mound.Drive,,Loading,pitch.0,438052,3.7732,10.022,62.5574,50.956,-54.8527,2.4783,0.1167,0.1084
1779988771938,1,Pitching Mound.Parent,,Loading,pitch.0,437101,3.012,10.2118,62.7548,50.7803,-54.3436,3.3431,0.1152,0.1098
1779988771939,1,11.0000004b,Drive,Loading,pitch.0,438053,3.881,9.8033,62.5134,51.0966,-54.4921,2.2265,0.116,0.1088
1779988771939,1,12.00000015,Lower Delivery,Loading,pitch.0,437783,-0.5012,-0.2465,0.3975,-0.0072,0.0028,-0.0028,0.0,0.0
1779988771939,1,12.00000018,Upper Delivery,Loading,pitch.0,438641,-0.0517,0.0629,0.0086,-0.0884,-0.0304,-0.0012,0.0,0.0
1779988771939,1,Pitching Mound.Delivery,,Loading,pitch.0,437482,-0.5529,-0.1836,0.4061,0.0367,-0.0276,0.1488,0.0,0.0
1779988771939,1,Pitching Mound.Drive,,Loading,pitch.0,438053,3.881,9.8033,62.5134,51.0966,-54.4921,2.2265,0.116,0.1088
1779988771939,1,Pitching Mound.Parent,,Loading,pitch.0,437102,3.2203,9.8384,62.9635,50.9928,-54.8803,2.6271,0.116,0.1098
1779988771940,1,11.0000004b,Drive,Loading,pitch.0,438054,3.9752,9.478,62.3904,51.3334,-54.0756,1.6751,0.1154,0.1095
1779988771940,1,12.00000015,Lower Delivery,Loading,pitch.0,437784,-0.5325,-0.2463,0.4197,-0.0103,-0.0008,-0.0043,0.0,0.0
1779988771940,1,12.00000018,Upper Delivery,Loading,pitch.0,438642,-0.0515,0.063,0.0263,-0.0884,-0.0304,-0.0012,0.0,0.0
1779988771940,1,Pitching Mound.Delivery,,Loading,pitch.0,437483,-0.584,-0.1833,0.446,0.0351,-0.0312,0.1581,0.0,0.0
1779988771940,1,Pitching Mound.Drive,,Loading,pitch.0,438054,3.9752,9.478,62.3904,51.3334,-54.0756,1.6751,0.1154,0.1095
1779988771940,1,Pitching Mound.Parent,,Loading,pitch.0,437103,3.2971,9.62,62.9594,51.1317,-54.5233,2.3846,0.1152,0.1102
1779988771941,1,11.0000004b,Drive,Loading,pitch.0,438055,4.1385,9.2493,61.6829,51.0899,-53.9192,1.3806,0.1164,0.1103
1779988771941,1,12.00000015,Lower Delivery,Loading,pitch.0,437785,-0.5361,-0.2666,0.4287,-0.0165,-0.0042,-0.004,0.0,0.0
1779988771941,1,12.00000018,Upper Delivery,Loading,pitch.0,438643,-0.0433,0.0651,0.0338,-0.0884,-0.0304,-0.0012,0.0,0.0
1779988771941,1,Pitching Mound.Delivery,,Loading,pitch.0,437484,-0.5794,-0.2015,0.4626,0.0294,-0.0346,0.1624,0.0,0.0
1779988771941,1,Pitching Mound.Drive,,Loading,pitch.0,438055,4.1385,9.2493,61.6829,51.0899,-53.9192,1.3806,0.1164,0.1103
1779988771941,1,Pitching Mound.Parent,,Loading,pitch.0,437104,3.3958,9.2765,62.853,51.3628,-54.1102,1.8375,0.1145,0.1109
1779988771942,1,11.0000004b,Drive,Loading,pitch.0,438056,4.2725,8.8444,61.7009,51.176,-54.6645,0.7621,0.1179,0.1104
1779988771942,1,12.00000015,Lower Delivery,Loading,pitch.0,437786,-0.5179,-0.2295,0.4319,-0.0172,-0.0023,-0.0038,0.0,0.0
1779988771942,1,12.00000018,Upper Delivery,Loading,pitch.0,438644,-0.0448,0.0653,0.0224,-0.0884,-0.0304,-0.0012,0.0,0.0
1779988771942,1,Pitching Mound.Delivery,,Loading,pitch.0,437485,-0.5628,-0.1642,0.4543,0.0337,-0.0327,0.1559,0.0,0.0
1779988771942,1,Pitching Mound.Drive,,Loading,pitch.0,438056,4.2725,8.8444,61.7009,51.176,-54.6645,0.7621,0.1179,0.1104
1779988771942,1,Pitching Mound.Parent,,Loading,pitch.0,437105,3.5757,9.0851,62.1372,51.1236,-53.9519,1.5365,0.1155,0.1117
1779988771943,1,11.0000004b,Drive,Loading,pitch.0,438057,4.3749,8.617,61.5499,51.0893,-55.157,0.5963,0.1193,0.1105
1779988771943,1,12.00000015,Lower Delivery,Loading,pitch.0,437787,-0.4959,-0.202,0.4137,-0.0371,-0.0023,-0.003,0.0,0.0
1779988771943,1,12.00000018,Upper Delivery,Loading,pitch.0,438645,-0.0362,0.0736,0.0391,-0.0884,-0.0304,-0.0012,0.0,0.0
1779988771943,1,Pitching Mound.Delivery,,Loading,pitch.0,437486,-0.5321,-0.1284,0.4528,0.0019,-0.0327,0.1521,0.0,0.0
1779988771943,1,Pitching Mound.Drive,,Loading,pitch.0,438057,4.3749,8.617,61.5499,51.0893,-55.157,0.5963,0.1193,0.1105
1779988771943,1,Pitching Mound.Parent,,Loading,pitch.0,437106,3.7404,8.716,62.1536,51.1779,-54.6972,0.9142,0.1171,0.1117
1779988771944,1,11.0000004b,Drive,Loading,pitch.0,438058,4.4477,8.2333,61.303,50.962,-55.1146,0.0359,0.1197,0.1107
1779988771944,1,12.00000015,Lower Delivery,Loading,pitch.0,437788,-0.5079,-0.199,0.4308,-0.0366,-0.0018,-0.0045,0.0,0.0
1779988771944,1,12.00000018,Upper Delivery,Loading,pitch.0,438646,-0.043,0.065,0.0267,-0.0884,-0.0304,-0.0012,0.0,0.0
1779988771944,1,Pitching Mound.Delivery,,Loading,pitch.0,437487,-0.5509,-0.134,0.4575,0.0124,-0.0322,0.1524,0.0,0.0
1779988771944,1,Pitching Mound.Drive,,Loading,pitch.0,438058,4.4477,8.2333,61.303,50.962,-55.1146,0.0359,0.1197,0.1107
1779988771944,1,Pitching Mound.Parent,,Loading,pitch.0,437107,3.824,8.4829,62.0074,51.1017,-55.1892,0.7487,0.1184,0.1119
1779988771945,1,11.0000004b,Drive,Loading,pitch.0,438059,4.4977,8.0152,60.8157,50.6904,-54.5492,-0.4334,0.1194,0.111
1779988771945,1,12.00000015,Lower Delivery,Loading,pitch.0,437789,-0.4847,-0.1908,0.4099,-0.0513,0.0012,-0.0031,0.0,0.0
1779988771945,1,12.00000018,Upper Delivery,Loading,pitch.0,438647,-0.0454,0.0619,0.0163,-0.0884,-0.0304,-0.0012,0.0,0.0
1779988771945,1,Pitching Mound.Delivery,,Loading,pitch.0,437488,-0.5301,-0.1289,0.4261,-0.0059,-0.0291,0.145,0.0,0.0
1779988771945,1,Pitching Mound.Drive,,Loading,pitch.0,438059,4.4977,8.0152,60.8157,50.6904,-54.5492,-0.4334,0.1194,0.111
1779988771945,1,Pitching Mound.Parent,,Loading,pitch.0,437108,3.9175,8.1044,61.7291,50.9561,-55.1437,0.181,0.1189,0.1121
1779988771946,1,11.0000004b,Drive,Loading,pitch.0,438060,4.6229,7.7695,60.4771,50.4522,-55.4819,-0.9629,0.1221,0.1111
1779988771946,1,12.00000015,Lower Delivery,Loading,pitch.0,437790,-0.5099,-0.1849,0.4439,-0.0433,-0.0049,-0.0038,0.0,0.0
1779988771946,1,12.00000018,Upper Delivery,Loading,pitch.0,438648,-0.0508,0.0533,-0.0004,-0.0884,-0.0304,-0.0012,0.0,0.0
1779988771946,1,Pitching Mound.Delivery,,Loading,pitch.0,437489,-0.5607,-0.1316,0.4435,0.0194,-0.0353,0.151,0.0,0.0
1779988771946,1,Pitching Mound.Drive,,Loading,pitch.0,438060,4.6229,7.7695,60.4771,50.4522,-55.4819,-0.9629,0.1221,0.1111
1779988771946,1,Pitching Mound.Parent,,Loading,pitch.0,437109,3.937,7.8836,61.2592,50.7098,-54.5844,-0.2824,0.1185,0.1126
1779988771947,1,11.0000004b,Drive,Loading,pitch.0,438061,4.6762,7.5468,60.3806,50.3695,-55.5994,-1.3061,0.1226,0.1111
1779988771947,1,12.00000015,Lower Delivery,Loading,pitch.0,437791,-0.5507,-0.1913,0.4933,-0.0356,-0.0034,-0.0062,0.0,0.0
1779988771947,1,12.00000018,Upper Delivery,Loading,pitch.0,438649,-0.0525,0.0546,0.006,-0.0884,-0.0304,-0.0012,0.0,0.0
1779988771947,1,Pitching Mound.Delivery,,Loading,pitch.0,437490,-0.6032,-0.1366,0.4993,0.0417,-0.0338,0.1619,0.0,0.0
1779988771947,1,Pitching Mound.Drive,,Loading,pitch.0,438061,4.6762,7.5468,60.3806,50.3695,-55.5994,-1.3061,0.1226,0.1111
1779988771947,1,Pitching Mound.Parent,,Loading,pitch.0,437110,4.0197,7.6329,60.9764,50.4939,-55.5157,-0.8009,0.1211,0.1129
1779988771948,1,11.0000004b,Drive,Loading,pitch.0,438062,4.7085,7.2131,60.2706,50.3053,-55.3543,-1.8919,0.1223,0.1111
1779988771948,1,12.00000015,Lower Delivery,Loading,pitch.0,437792,-0.5219,-0.1614,0.4742,-0.0386,-0.0041,-0.0067,0.0,0.0
1779988771948,1,12.00000018,Upper Delivery,Loading,pitch.0,438650,-0.0505,0.0617,0.0195,-0.0884,-0.0304,-0.0012,0.0,0.0
1779988771948,1,Pitching Mound.Delivery,,Loading,pitch.0,437491,-0.5724,-0.0998,0.4938,0.0276,-0.0345,0.1523,0.0,0.0
1779988771948,1,Pitching Mound.Drive,,Loading,pitch.0,438062,4.7085,7.2131,60.2706,50.3053,-55.3543,-1.8919,0.1223,0.1111
1779988771948,1,Pitching Mound.Parent,,Loading,pitch.0,437111,4.1037,7.4471,60.8743,50.397,-55.6338,-1.1538,0.1216,0.1127
1779988771949,1,11.0000004b,Drive,Loading,pitch.0,438063,4.8379,6.9231,59.4852,49.9294,-55.3124,-2.2996,0.1238,0.1117
1779988771949,1,12.00000015,Lower Delivery,Loading,pitch.0,437793,-0.5382,-0.164,0.4864,-0.0403,0.0018,-0.0056,0.0,0.0
1779988771949,1,12.00000018,Upper Delivery,Loading,pitch.0,438651,-0.0254,0.0904,0.0884,-0.0884,-0.0304,-0.0012,0.0,0.0
1779988771949,1,Pitching Mound.Delivery,,Loading,pitch.0,437492,-0.5636,-0.0736,0.5748,0.0066,-0.0286,0.1675,0.0,0.0
1779988771949,1,Pitching Mound.Drive,,Loading,pitch.0,438063,4.8379,6.9231,59.4852,49.9294,-55.3124,-2.2996,0.1238,0.1117
1779988771949,1,Pitching Mound.Parent,,Loading,pitch.0,437112,4.1449,7.1395,60.8453,50.3119,-55.3828,-1.7244,0.1211,0.1123
1779988771950,1,11.0000004b,Drive,Loading,pitch.0,438064,4.8624,6.6415,59.4703,49.889,-54.8013,-2.8615,0.1227,0.1117
1779988771950,1,12.00000015,Lower Delivery,Loading,pitch.0,437794,-0.5809,-0.1496,0.5608,-0.0366,-0.007,-0.0099,0.0,0.0
1779988771950,1,12.00000018,Upper Delivery,Loading,pitch.0,438652,-0.0222,0.0933,0.0663,-0.0884,-0.0304,-0.0012,0.0,0.0
1779988771950,1,Pitching Mound.Delivery,,Loading,pitch.0,437493,-0.6031,-0.0563,0.6272,0.0432,-0.0374,0.1789,0.0,0.0
1779988771950,1,Pitching Mound.Drive,,Loading,pitch.0,438064,4.8624,6.6415,59.4703,49.889,-54.8013,-2.8615,0.1227,0.1117
1779988771950,1,Pitching Mound.Parent,,Loading,pitch.0,437113,4.2348,6.8668,60.1123,49.9726,-55.3497,-2.1208,0.1225,0.1134
1779988771951,1,11.0000004b,Drive,Loading,pitch.0,438065,5.0018,6.2748,59.4377,49.8815,-55.1947,-3.4922,0.1236,0.1117
1779988771951,1,12.00000015,Lower Delivery,Loading,pitch.0,437795,-0.5912,-0.1671,0.558,-0.036,-0.0028,-0.0086,0.0,0.0
1779988771951,1,12.00000018,Upper Delivery,Loading,pitch.0,438653,-0.0202,0.097,0.0557,-0.0884,-0.0304,-0.0012,0.0,0.0
1779988771951,1,Pitching Mound.Delivery,,Loading,pitch.0,437494,-0.6114,-0.0701,0.6138,0.0464,-0.0331,0.1844,0.0,0.0
1779988771951,1,Pitching Mound.Drive,,Loading,pitch.0,438065,5.0018,6.2748,59.4377,49.8815,-55.1947,-3.4922,0.1236,0.1117
1779988771951,1,Pitching Mound.Parent,,Loading,pitch.0,437114,4.2511,6.5714,60.084,49.9354,-54.8344,-2.6771,0.1214,0.1134
1779988771952,1,11.0000004b,Drive,Loading,pitch.0,438066,5.1045,5.9312,59.1045,49.5082,-54.6632,-4.0454,0.1231,0.1115
1779988771952,1,12.00000015,Lower Delivery,Loading,pitch.0,437796,-0.582,-0.178,0.5388,-0.036,0.0028,-0.0078,0.0,0.0
1779988771952,1,12.00000018,Upper Delivery,Loading,pitch.0,438654,-0.0109,0.1011,0.0426,-0.0884,-0.0304,-0.0012,0.0,0.0
1779988771952,1,Pitching Mound.Delivery,,Loading,pitch.0,437495,-0.5929,-0.0769,0.5814,0.0444,-0.0275,0.1852,0.0,0.0
1779988771952,1,Pitching Mound.Drive,,Loading,pitch.0,438066,5.1045,5.9312,59.1045,49.5082,-54.6632,-4.0454,0.1231,0.1115
1779988771952,1,Pitching Mound.Parent,,Loading,pitch.0,437115,4.4089,6.1979,60.0192,49.9259,-55.2223,-3.307,0.1224,0.1135
1779988771953,1,11.0000004b,Drive,Loading,pitch.0,438067,5.1806,5.4724,59.8237,49.8077,-54.4159,-4.8126,0.1211,0.1108
1779988771953,1,12.00000015,Lower Delivery,Loading,pitch.0,437797,-0.6021,-0.1837,0.5547,-0.0434,0.0009,-0.0092,0.0,0.0
1779988771953,1,12.00000018,Upper Delivery,Loading,pitch.0,438655,-0.0479,0.0647,0.0469,-0.0884,-0.0304,-0.0012,0.0,0.0
1779988771953,1,Pitching Mound.Delivery,,Loading,pitch.0,437496,-0.65,-0.119,0.6015,0.0409,-0.0295,0.1781,0.0,0.0
1779988771953,1,Pitching Mound.Drive,,Loading,pitch.0,438067,5.1806,5.4724,59.8237,49.8077,-54.4159,-4.8126,0.1211,0.1108
1779988771953,1,Pitching Mound.Parent,,Loading,pitch.0,437116,4.4545,5.8121,59.706,49.5491,-54.6927,-3.8673,0.1219,0.1133
1779988771954,1,11.0000004b,Drive,Loading,pitch.0,438068,5.3986,5.0528,59.9291,49.601,-55.5012,-5.4868,0.1233,0.1102
1779988771954,1,12.00000015,Lower Delivery,Loading,pitch.0,437798,-0.6565,-0.1866,0.6317,-0.0525,0.0044,-0.0079,0.0,0.0
1779988771954,1,12.00000018,Upper Delivery,Loading,pitch.0,438656,-0.0571,0.0584,0.0575,-0.0884,-0.0304,-0.0012,0.0,0.0
1779988771954,1,Pitching Mound.Delivery,,Loading,pitch.0,437497,-0.7136,-0.1282,0.6891,0.0543,-0.026,0.1947,0.0,0.0
1779988771954,1,Pitching Mound.Drive,,Loading,pitch.0,438068,5.3986,5.0528,59.9291,49.601,-55.5012,-5.4868,0.1233,0.1102
1779988771954,1,Pitching Mound.Parent,,Loading,pitch.0,437117,4.467,5.3442,60.5129,49.862,-54.4419,-4.6178,0.1197,0.1128
1779988771955,1,11.0000004b,Drive,Loading,pitch.0,438069,5.528,4.7579,60.2885,49.9604,-54.8135,-6.1298,0.121,0.1103
1779988771955,1,12.00000015,Lower Delivery,Loading,pitch.0,437799,-0.6385,-0.1769,0.6203,-0.0496,0.0032,-0.0076,0.0,0.0
1779988771955,1,12.00000018,Upper Delivery,Loading,pitch.0,438657,-0.0544,0.0625,0.0515,-0.0884,-0.0304,-0.0012,0.0,0.0
1779988771955,1,Pitching Mound.Delivery,,Loading,pitch.0,437498,-0.6928,-0.1143,0.6718,0.0554,-0.0272,0.1898,0.0,0.0
1779988771955,1,Pitching Mound.Drive,,Loading,pitch.0,438069,5.528,4.7579,60.2885,49.9604,-54.8135,-6.1298,0.121,0.1103
1779988771955,1,Pitching Mound.Parent,,Loading,pitch.0,437118,4.7057,4.9385,60.6009,49.6564,-55.5284,-5.297,0.1219,0.1122
1779988771956,1,11.0000004b,Drive,Loading,pitch.0,438070,5.7815,4.4765,59.3109,49.284,-54.8394,-6.5977,0.1231,0.1106
1779988771956,1,12.00000015,Lower Delivery,Loading,pitch.0,437800,-0.6384,-0.1783,0.6119,-0.0537,0.0018,-0.0097,0.0,0.0
1779988771956,1,12.00000018,Upper Delivery,Loading,pitch.0,438658,-0.0557,0.0653,0.0328,-0.0884,-0.0304,-0.0012,0.0,0.0
1779988771956,1,12.00000018,Upper Delivery,Loading,pitch.0,438659,-0.0548,0.0718,0.0119,-0.0884,-0.0304,-0.0012,0.0,0.0
1779988771956,1,Pitching Mound.Delivery,,Loading,pitch.0,437499,-0.6941,-0.1129,0.6448,0.0549,-0.0286,0.1872,0.0,0.0
1779988771956,1,Pitching Mound.Drive,,Loading,pitch.0,438070,5.7815,4.4765,59.3109,49.284,-54.8394,-6.5977,0.1231,0.1106
1779988771956,1,Pitching Mound.Parent,,Loading,pitch.0,437119,4.8339,4.645,60.9332,50.0153,-54.8421,-5.9426,0.1198,0.1124
1779988771957,1,11.0000004b,Drive,Loading,pitch.0,438071,6.0469,3.9788,59.042,49.2265,-55.4221,-7.3193,0.125,0.111
1779988771957,1,12.00000015,Lower Delivery,Loading,pitch.0,437801,-0.6424,-0.1608,0.6211,-0.0511,0.0056,-0.0076,0.0,0.0
1779988771957,1,12.00000018,Upper Delivery,Loading,pitch.0,438660,-0.0519,0.0688,0.0203,-0.0884,-0.0304,-0.0012,0.0,0.0
1779988771957,1,Pitching Mound.Delivery,,Loading,pitch.0,437500,-0.6972,-0.089,0.633,0.0677,-0.0248,0.191,0.0,0.0
1779988771957,1,Pitching Mound.Drive,,Loading,pitch.0,438071,6.0469,3.9788,59.042,49.2265,-55.4221,-7.3193,0.125,0.111
1779988771957,1,Pitching Mound.Parent,,Loading,pitch.0,437120,5.0843,4.3874,59.9439,49.3517,-54.8642,-6.4067,0.1218,0.1129
1779988771958,1,11.0000004b,Drive,Loading,pitch.0,438072,6.1486,3.4869,59.8927,49.7773,-55.3578,-7.9927,0.123,0.1106
1779988771958,1,12.00000015,Lower Delivery,Loading,pitch.0,437802,-0.6506,-0.1873,0.6099,-0.0428,0.0075,-0.0077,0.0,0.0
1779988771958,1,12.00000018,Upper Delivery,Loading,pitch.0,438661,-0.0508,0.0713,0.0051,-0.0884,-0.0304,-0.0012,0.0,0.0
1779988771958,1,Pitching Mound.Delivery,,Loading,pitch.0,437501,-0.7025,-0.1185,0.6301,0.0694,-0.0229,0.1947,0.0,0.0
1779988771958,1,Pitching Mound.Drive,,Loading,pitch.0,438072,6.1486,3.4869,59.8927,49.7773,-55.3578,-7.9927,0.123,0.1106
1779988771958,1,Pitching Mound.Parent,,Loading,pitch.0,437121,5.3444,3.8602,59.6722,49.2959,-55.445,-7.1246,0.1236,0.1132
1779988771959,1,11.0000004b,Drive,Loading,pitch.0,438073,6.4023,3.1047,60.2746,49.777,-56.5707,-8.6563,0.1249,0.1099
1779988771959,1,12.00000015,Lower Delivery,Loading,pitch.0,437803,-0.6503,-0.2083,0.6149,-0.0522,0.0019,-0.0064,0.0,0.0
1779988771959,1,12.00000015,Lower Delivery,Loading,pitch.0,437804,-0.6385,-0.2094,0.5959,-0.0491,0.0014,-0.0064,0.0,0.0
1779988771959,1,12.00000018,Upper Delivery,Loading,pitch.0,438662,-0.0508,0.0669,0.0014,-0.0884,-0.0304,-0.0012,0.0,0.0
1779988771959,1,Pitching Mound.Delivery,,Loading,pitch.0,437502,-0.7011,-0.137,0.62,0.0668,-0.0285,0.1963,0.0,0.0
1779988771959,1,Pitching Mound.Delivery,,Loading,pitch.0,437503,-0.6892,-0.1425,0.5973,0.0647,-0.029,0.1922,0.0,0.0
1779988771959,1,Pitching Mound.Drive,,Loading,pitch.0,438073,6.4023,3.1047,60.2746,49.777,-56.5707,-8.6563,0.1249,0.1099
1779988771959,1,Pitching Mound.Parent,,Loading,pitch.0,437122,5.4475,3.3499,60.5127,49.8441,-55.3863,-7.7964,0.1218,0.1129
1779988771959,1,Pitching Mound.Parent,,Loading,pitch.0,437123,5.7131,2.9622,60.8719,49.8417,-56.5997,-8.4641,0.1237,0.1122
1779988771960,1,11.0000004b,Drive,Loading,pitch.0,438074,6.602,2.701,60.1118,49.86,-56.0768,-9.2408,0.1242,0.1104
1779988771960,1,Pitching Mound.Drive,,Loading,pitch.0,438074,6.602,2.701,60.1118,49.86,-56.0768,-9.2408,0.1242,0.1104
1779988771961,1,11.0000004b,Drive,Loading,pitch.0,438075,6.8643,2.238,60.0859,49.4624,-56.272,-10.0619,0.1247,0.1096
1779988771961,1,12.00000015,Lower Delivery,Loading,pitch.0,437805,-0.6294,-0.2038,0.585,-0.0526,-0.0043,-0.0056,0.0,0.0
1779988771961,1,12.00000018,Upper Delivery,Loading,pitch.0,438663,-0.0503,0.0684,0.0038,-0.0884,-0.0304,-0.0012,0.0,0.0
1779988771961,1,Pitching Mound.Delivery,,Loading,pitch.0,437504,-0.6796,-0.1353,0.5888,0.0566,-0.0347,0.1901,0.0,0.0
1779988771961,1,Pitching Mound.Drive,,Loading,pitch.0,438075,6.8643,2.238,60.0859,49.4624,-56.272,-10.0619,0.1247,0.1096
1779988771961,1,Pitching Mound.Parent,,Loading,pitch.0,437124,5.9224,2.5657,60.7006,49.9166,-56.1115,-9.0507,0.123,0.1126
1779988771962,1,11.0000004b,Drive,Loading,pitch.0,438076,7.1037,1.8083,59.2314,49.0076,-55.4898,-10.6579,0.1247,0.1101
1779988771962,1,12.00000015,Lower Delivery,Loading,pitch.0,437806,-0.5997,-0.2004,0.5521,-0.0551,-0.0123,-0.0075,0.0,0.0
1779988771962,1,12.00000018,Upper Delivery,Loading,pitch.0,438664,-0.0481,0.0718,0.0045,-0.0884,-0.0304,-0.0012,0.0,0.0
1779988771962,1,Pitching Mound.Delivery,,Loading,pitch.0,437505,-0.6478,-0.1286,0.5566,0.0428,-0.0427,0.1789,0.0,0.0
1779988771962,1,Pitching Mound.Drive,,Loading,pitch.0,438076,7.1037,1.8083,59.2314,49.0076,-55.4898,-10.6579,0.1247,0.1101
1779988771962,1,Pitching Mound.Parent,,Loading,pitch.0,437125,6.2165,2.1094,60.6425,49.5052,-56.3146,-9.883,0.1235,0.1117
1779988771963,1,11.0000004b,Drive,Loading,pitch.0,438077,7.2938,1.424,58.6953,49.0792,-54.859,-11.4128,0.1244,0.1113
1779988771963,1,12.00000015,Lower Delivery,Loading,pitch.0,437807,-0.5982,-0.2278,0.5343,-0.0429,-0.0088,-0.005,0.0,0.0
1779988771963,1,12.00000018,Upper Delivery,Loading,pitch.0,438665,-0.046,0.0667,0.0148,-0.0884,-0.0304,-0.0012,0.0,0.0
1779988771963,1,Pitching Mound.Delivery,,Loading,pitch.0,437506,-0.6442,-0.1611,0.5491,0.0454,-0.0391,0.1816,0.0,0.0
1779988771963,1,Pitching Mound.Drive,,Loading,pitch.0,438077,7.2938,1.424,58.6953,49.0792,-54.859,-11.4128,0.1244,0.1113
1779988771963,1,Pitching Mound.Parent,,Loading,pitch.0,437126,6.4595,1.6473,59.7804,49.0529,-55.5289,-10.4763,0.1236,0.1121
1779988771964,1,11.0000004b,Drive,Loading,pitch.0,438078,7.5134,1.0559,58.5812,49.1254,-54.876,-11.9672,0.1247,0.1116
1779988771964,1,12.00000015,Lower Delivery,Loading,pitch.0,437808,-0.5627,-0.1789,0.5226,-0.0408,0.005,-0.003,0.0,0.0
1779988771964,1,12.00000015,Lower Delivery,Loading,pitch.0,437809,-0.5347,-0.1798,0.4907,-0.035,0.0094,-0.0026,0.0,0.0
1779988771964,1,12.00000018,Upper Delivery,Loading,pitch.0,438666,-0.05,0.0598,0.0019,-0.0884,-0.0304,-0.0012,0.0,0.0
1779988771964,1,12.00000018,Upper Delivery,Loading,pitch.0,438667,-0.044,0.0622,0.0175,-0.0884,-0.0304,-0.0012,0.0,0.0
1779988771964,1,Pitching Mound.Delivery,,Loading,pitch.0,437507,-0.6126,-0.1191,0.5244,0.0478,-0.0254,0.1701,0.0,0.0
1779988771964,1,Pitching Mound.Delivery,,Loading,pitch.0,437508,-0.5787,-0.1177,0.5082,0.0376,-0.021,0.1631,0.0,0.0
1779988771964,1,Pitching Mound.Drive,,Loading,pitch.0,438078,7.5134,1.0559,58.5812,49.1254,-54.876,-11.9672,0.1247,0.1116
1779988771964,1,Pitching Mound.Parent,,Loading,pitch.0,437127,6.6812,1.3049,59.2198,49.127,-54.8844,-11.2427,0.1233,0.1133
1779988771964,1,Pitching Mound.Parent,,Loading,pitch.0,437128,6.9347,0.9382,59.0894,49.1629,-54.897,-11.8041,0.1236,0.1134
1779988771965,1,11.0000004b,Drive,Loading,pitch.0,438079,7.7373,0.5684,57.959,48.646,-54.0338,-12.7944,0.1241,0.1117
1779988771965,1,12.00000018,Upper Delivery,Loading,pitch.0,438668,-0.0533,0.049,0.0101,-0.0884,-0.0304,-0.0012,0.0,0.0
1779988771965,1,Pitching Mound.Drive,,Loading,pitch.0,438079,7.7373,0.5684,57.959,48.646,-54.0338,-12.7944,0.1241,0.1117
1779988771966,1,11.0000004b,Drive,Loading,pitch.0,438080,7.9092,0.2848,57.1911,48.4109,-53.158,-13.4309,0.1237,0.1127
1779988771966,1,12.00000015,Lower Delivery,Loading,pitch.0,437810,-0.4705,-0.1764,0.4244,-0.0477,-0.0021,-0.002,0.0,0.0
1779988771966,1,12.00000018,Upper Delivery,Loading,pitch.0,438669,-0.0522,0.0523,0.0105,-0.0884,-0.0304,-0.0012,0.0,0.0
1779988771966,1,Pitching Mound.Delivery,,Loading,pitch.0,437509,-0.5239,-0.1274,0.4345,0.0048,-0.0324,0.1387,0.0,0.0
1779988771966,1,Pitching Mound.Drive,,Loading,pitch.0,438080,7.9092,0.2848,57.1911,48.4109,-53.158,-13.4309,0.1237,0.1127
1779988771966,1,Pitching Mound.Parent,,Loading,pitch.0,437129,7.2134,0.4411,58.3935,48.6507,-54.0663,-12.6557,0.1232,0.1133
1779988771967,1,11.0000004b,Drive,Loading,pitch.0,438081,8.1392,-0.1794,56.8955,48.2848,-52.6098,-14.2757,0.1231,0.113
1779988771967,1,12.00000015,Lower Delivery,Loading,pitch.0,437811,-0.4576,-0.1656,0.4161,-0.0377,0.0074,-0.0007,0.0,0.0
1779988771967,1,12.00000018,Upper Delivery,Loading,pitch.0,438670,-0.0483,0.0675,-0.0059,-0.0884,-0.0304,-0.0012,0.0,0.0
1779988771967,1,Pitching Mound.Delivery,,Loading,pitch.0,437510,-0.5098,-0.1133,0.4266,0.0118,-0.0229,0.136,0.0,0.0
1779988771967,1,Pitching Mound.Drive,,Loading,pitch.0,438081,8.1392,-0.1794,56.8955,48.2848,-52.6098,-14.2757,0.1231,0.113
1779988771967,1,Pitching Mound.Parent,,Loading,pitch.0,437130,7.3994,0.1715,57.6177,48.4227,-53.1809,-13.2949,0.1228,0.1142
1779988771968,1,11.0000004b,Drive,Loading,pitch.0,438082,8.4707,-0.6945,56.8842,48.2374,-53.1204,-15.1769,0.1243,0.1129
1779988771968,1,12.00000015,Lower Delivery,Loading,pitch.0,437812,-0.449,-0.1805,0.3977,-0.0416,0.0089,-0.0019,0.0,0.0
1779988771968,1,12.00000018,Upper Delivery,Loading,pitch.0,438671,-0.0484,0.0683,-0.0081,-0.0884,-0.0304,-0.0012,0.0,0.0
1779988771968,1,Pitching Mound.Delivery,,Loading,pitch.0,437511,-0.4973,-0.113,0.3918,0.0072,-0.0214,0.1331,0.0,0.0
1779988771968,1,Pitching Mound.Drive,,Loading,pitch.0,438082,8.4707,-0.6945,56.8842,48.2374,-53.1204,-15.1769,0.1243,0.1129
1779988771968,1,Pitching Mound.Parent,,Loading,pitch.0,437131,7.6419,-0.2924,57.2873,48.292,-52.6313,-14.1426,0.1223,0.1146
1779988771969,1,11.0000004b,Drive,Loading,pitch.0,438083,8.6389,-1.0219,55.7406,47.6449,-52.1851,-15.7838,0.1246,0.1138
1779988771969,1,12.00000015,Lower Delivery,Loading,pitch.0,437813,-0.3946,-0.1625,0.3403,-0.06,0.0112,-0.0002,0.0,0.0
1779988771969,1,12.00000018,Upper Delivery,Loading,pitch.0,438672,-0.0432,0.0794,0.0056,-0.0884,-0.0304,-0.0012,0.0,0.0
1779988771969,1,Pitching Mound.Delivery,,Loading,pitch.0,437512,-0.443,-0.0942,0.3322,-0.0299,-0.0192,0.1163,0.0,0.0
1779988771969,1,Pitching Mound.Drive,,Loading,pitch.0,438083,8.6389,-1.0219,55.7406,47.6449,-52.1851,-15.7838,0.1246,0.1138
1779988771969,1,Pitching Mound.Parent,,Loading,pitch.0,437132,8.0278,-0.7887,57.2164,48.2075,-53.1396,-15.0606,0.1236,0.1143
1779988771970,1,11.0000004b,Drive,Loading,pitch.0,438084,8.8841,-1.5512,55.5115,47.7967,-51.8438,-16.7434,0.1243,0.1146
1779988771970,1,12.00000015,Lower Delivery,Loading,pitch.0,437815,-0.2626,-0.1262,0.2165,-0.0306,0.0209,0.0005,0.0,0.0
1779988771970,1,12.00000015,Lower Delivery,Loading,pitch.0,437814,-0.3351,-0.1477,0.2728,-0.0624,0.0136,-0.0011,0.0,0.0
1779988771970,1,Pitching Mound.Delivery,,Loading,pitch.0,437513,-0.3784,-0.0683,0.2784,-0.0599,-0.0168,0.097,0.0,0.0
1779988771970,1,Pitching Mound.Drive,,Loading,pitch.0,438084,8.8841,-1.5512,55.5115,47.7967,-51.8438,-16.7434,0.1243,0.1146
1779988771970,1,Pitching Mound.Parent,,Loading,pitch.0,437133,8.2605,-1.0901,56.019,47.585,-52.2019,-15.6868,0.124,0.1148
1779988771971,1,11.0000004b,Drive,Loading,pitch.0,438085,9.1237,-1.8571,54.9521,47.4609,-51.9829,-17.3414,0.1259,0.115
1779988771971,1,12.00000018,Upper Delivery,Loading,pitch.0,438673,-0.0403,0.0845,0.0278,-0.0884,-0.0304,-0.0012,0.0,0.0
1779988771971,1,12.00000018,Upper Delivery,Loading,pitch.0,438674,-0.0392,0.0962,0.122,-0.0884,-0.0304,-0.0012,0.0,0.0
1779988771971,1,Pitching Mound.Delivery,,Loading,pitch.0,437514,-0.3029,-0.0417,0.2443,-0.0547,-0.0095,0.0749,0.0,0.0
1779988771971,1,Pitching Mound.Drive,,Loading,pitch.0,438085,9.1237,-1.8571,54.9521,47.4609,-51.9829,-17.3414,0.1259,0.115
1779988771971,1,Pitching Mound.Parent,,Loading,pitch.0,437134,8.5812,-1.593,55.7558,47.742,-51.8533,-16.6685,0.1238,0.1153
1779988771972,1,11.0000004b,Drive,Loading,pitch.0,438086,9.3473,-2.3771,54.3903,47.3066,-51.7673,-18.3784,0.1267,0.1158
1779988771972,1,12.00000015,Lower Delivery,Loading,pitch.0,437816,-0.3006,-0.202,0.2393,-0.0401,-0.0063,0.0008,0.0,0.0
1779988771972,1,12.00000018,Upper Delivery,Loading,pitch.0,438675,-0.0358,0.1232,0.1359,-0.0884,-0.0304,-0.0012,0.0,0.0
1779988771972,1,Pitching Mound.Delivery,,Loading,pitch.0,437515,-0.3397,-0.1058,0.3613,-0.0886,-0.0367,0.0885,0.0,0.0
1779988771972,1,Pitching Mound.Drive,,Loading,pitch.0,438086,9.3473,-2.3771,54.3903,47.3066,-51.7673,-18.3784,0.1267,0.1158
1779988771972,1,Pitching Mound.Parent,,Loading,pitch.0,437135,8.784,-1.9629,55.3134,47.3723,-52.0197,-17.2529,0.1251,0.1149
1779988771973,1,11.0000004b,Drive,Loading,pitch.0,438087,9.5287,-2.8348,53.8408,47.2274,-51.0912,-19.084,0.1263,0.1168
1779988771973,1,12.00000015,Lower Delivery,Loading,pitch.0,437817,-0.3066,-0.2388,0.2134,0.004,0.0247,-0.0016,0.0,0.0
1779988771973,1,12.00000015,Lower Delivery,Loading,pitch.0,437818,-0.3747,-0.3142,0.2443,-0.007,0.0271,-0.0045,0.0,0.0
1779988771973,1,12.00000018,Upper Delivery,Loading,pitch.0,438676,-0.0351,0.1398,0.1573,-0.0884,-0.0304,-0.0012,0.0,0.0
1779988771973,1,Pitching Mound.Delivery,,Loading,pitch.0,437516,-0.3425,-0.1156,0.3493,-0.058,-0.0057,0.0892,0.0,0.0
1779988771973,1,Pitching Mound.Delivery,,Loading,pitch.0,437517,-0.4098,-0.1744,0.4017,-0.0658,-0.0033,0.1098,0.0,0.0
1779988771973,1,Pitching Mound.Drive,,Loading,pitch.0,438087,9.5287,-2.8348,53.8408,47.2274,-51.0912,-19.084,0.1263,0.1168
1779988771973,1,Pitching Mound.Parent,,Loading,pitch.0,437136,9.0048,-2.4927,54.7396,47.2486,-51.773,-18.2891,0.1259,0.1155
1779988771973,1,Pitching Mound.Parent,,Loading,pitch.0,437137,9.1189,-3.0092,54.2425,47.1616,-51.0945,-18.9742,0.1254,0.1165
1779988771974,1,11.0000004b,Drive,Loading,pitch.0,438088,9.7918,-3.2404,53.5965,47.0369,-51.598,-19.8135,0.1282,0.1168
1779988771974,1,12.00000015,Lower Delivery,Loading,pitch.0,437819,-0.08,-0.1175,0.0065,0.0349,0.0024,-0.0057,0.0,0.0
1779988771974,1,12.00000018,Upper Delivery,Loading,pitch.0,438677,-0.0228,0.1887,0.0494,-0.105,-0.0207,0.1844,0.0,0.0
1779988771974,1,Pitching Mound.Delivery,,Loading,pitch.0,437518,-0.1028,0.0711,0.0559,-0.0847,-0.0182,0.1981,0.0,0.0
1779988771974,1,Pitching Mound.Drive,,Loading,pitch.0,438088,9.7918,-3.2404,53.5965,47.0369,-51.598,-19.8135,0.1282,0.1168
1779988771974,1,Pitching Mound.Parent,,Loading,pitch.0,437138,9.689,-3.1693,53.6524,46.9523,-51.6162,-19.6154,0.128,0.1164
1779988771975,1,11.0000004b,Drive,Loading,pitch.0,438089,10.006,-3.6232,52.7124,46.4683,-51.2405,-20.4399,0.1294,0.1174
1779988771975,1,12.00000018,Upper Delivery,Loading,pitch.0,438678,-0.0365,0.0876,-1.1987,-0.1638,0.0136,0.8398,0.0,0.0
1779988771975,1,Pitching Mound.Drive,,Loading,pitch.0,438089,10.006,-3.6232,52.7124,46.4683,-51.2405,-20.4399,0.1294,0.1174
1779988771976,1,11.0000004b,Drive,Loading,pitch.0,438090,10.1222,-4.0775,52.1223,46.264,-50.1127,-21.1269,0.128,0.1182
1779988771976,1,12.00000015,Lower Delivery,Loading,pitch.0,437820,-0.1283,-0.3085,0.061,-0.172,1.5876,-0.0124,0.0,0.0
1779988771976,1,12.00000018,Upper Delivery,Loading,pitch.0,438679,-0.0235,0.1718,-1.294,-0.1868,0.027,1.096,0.0,0.0
1779988771976,1,Pitching Mound.Delivery,,Loading,pitch.0,437519,-0.1648,-0.2209,-1.1378,0.0925,1.6011,0.8586,0.0,0.0
1779988771976,1,Pitching Mound.Drive,,Loading,pitch.0,438090,10.1222,-4.0775,52.1223,46.264,-50.1127,-21.1269,0.128,0.1182
1779988771976,1,Pitching Mound.Parent,,Loading,pitch.0,437139,9.8412,-3.8441,51.5747,46.5608,-49.6394,-19.5813,0.1323,0.1283
1779988771977,1,11.0000004b,Drive,Loading,pitch.0,438091,10.4236,-4.3702,51.5493,45.5343,-49.4691,-21.6999,0.1278,0.1176
1779988771977,1,12.00000015,Lower Delivery,Loading,pitch.0,437821,-1.438,-1.8175,6.2314,-19.7434,3.7382,-2.293,-0.0799,-0.327
1779988771977,1,12.00000018,Upper Delivery,Loading,pitch.0,438680,-0.1097,0.0586,0.0076,-0.2093,0.0401,1.3469,0.0,0.0
1779988771977,1,Pitching Mound.Delivery,,Loading,pitch.0,437520,-1.4615,-1.6456,4.9374,-17.3715,3.7651,-0.7161,0.0,0.0
1779988771977,1,Pitching Mound.Drive,,Loading,pitch.0,438091,10.4236,-4.3702,51.5493,45.5343,-49.4691,-21.6999,0.1278,0.1176
1779988771977,1,Pitching Mound.Parent,,Loading,pitch.0,437140,8.6607,-5.7231,57.0597,28.8925,-46.3476,-21.843,0.1082,0.1171
1779988771978,1,Pitching Mound.Delivery,,Loading,pitch.0,437521,-1.5909,-2.1519,10.9293,-26.5156,5.9118,-1.0175,0.0,0.0
1779988771978,2,11.0000004b,Drive,Delivery,pitch.1,438092,10.6428,-4.7175,51.0003,45.0768,-48.6592,-22.3097,0.127,0.1177
1779988771978,2,12.00000015,Lower Delivery,Delivery,pitch.1,437822,-1.4813,-2.2105,10.9217,-30.0171,5.8717,-2.8307,-0.0716,-0.327
1779988771978,2,12.00000018,Upper Delivery,Delivery,pitch.1,438681,-0.6245,-0.456,-0.069,-0.2452,0.061,1.7473,0.0,0.0
1779988771978,2,Pitching Mound.Drive,,Delivery,pitch.1,438092,10.6428,-4.7175,51.0003,45.0768,-48.6592,-22.3097,0.127,0.1177
1779988771978,2,Pitching Mound.Parent,,Delivery,pitch.1,437141,8.8327,-6.5221,62.4786,19.0187,-43.5573,-22.7174,0.0929,0.0992
1779988771979,2,11.0000004b,Drive,Delivery,pitch.1,438093,10.8298,-4.7823,50.137,44.5951,-48.445,-22.4191,0.1286,0.1184
1779988771979,2,12.00000015,Lower Delivery,Delivery,pitch.1,437823,-2.8919,-4.052,17.1114,-44.6253,5.0626,-4.8139,-0.0394,-0.327
1779988771979,2,12.00000018,Upper Delivery,Delivery,pitch.1,438682,-1.2057,-1.1272,2.5244,-0.2953,0.0902,2.306,0.0,0.0
1779988771979,2,Pitching Mound.Delivery,,Delivery,pitch.1,437522,-3.5164,-4.508,17.0424,-39.0291,5.1236,-2.2957,0.0,0.0
1779988771979,2,Pitching Mound.Drive,,Delivery,pitch.1,438093,10.8298,-4.7823,50.137,44.5951,-48.445,-22.4191,0.1286,0.1184
1779988771979,2,Pitching Mound.Parent,,Delivery,pitch.1,437142,7.1263,-9.2255,68.0427,6.0477,-43.5357,-24.6054,0.0853,0.0918
1779988771980,2,11.0000004b,Drive,Delivery,pitch.1,438094,10.9536,-5.0066,49.5233,43.9373,-47.5579,-22.752,0.1278,0.1181
1779988771980,2,12.00000015,Lower Delivery,Delivery,pitch.1,437824,-4.4109,-6.7974,21.9342,-49.296,4.4877,-7.2038,-0.0272,-0.2992
1779988771980,2,12.00000018,Upper Delivery,Delivery,pitch.1,438683,-1.5481,-1.5623,3.5498,2.0986,-0.0692,2.9331,0.0026,0.0787
1779988771980,2,Pitching Mound.Delivery,,Delivery,pitch.1,437523,-5.6166,-7.9246,24.4586,-42.992,4.5779,-3.808,-0.0244,0.0015
1779988771980,2,Pitching Mound.Drive,,Delivery,pitch.1,438094,10.9536,-5.0066,49.5233,43.9373,-47.5579,-22.752,0.1278,0.1181
1779988771980,2,Pitching Mound.Parent,,Delivery,pitch.1,437143,5.2132,-12.7069,74.5956,1.6032,-43.8672,-26.2271,0.0784,0.0801
1779988771981,2,11.0000004b,Drive,Delivery,pitch.1,438095,11.1674,-5.1396,49.0812,43.7017,-47.239,-23.0891,0.1281,0.1185
1779988771981,2,12.00000015,Lower Delivery,Delivery,pitch.1,437825,-7.0839,-10.8337,22.6595,-54.4772,7.5467,-11.1233,-0.0443,-0.3201
1779988771981,2,12.00000015,Lower Delivery,Delivery,pitch.1,437826,-7.9263,-13.3228,28.1902,-61.3451,7.1991,-12.0116,-0.034,-0.2897
1779988771981,2,12.00000018,Upper Delivery,Delivery,pitch.1,438684,-1.3822,-2.2788,3.5529,4.5607,2.5806,2.6277,-0.0967,0.1709
1779988771981,2,Pitching Mound.Delivery,,Delivery,pitch.1,437524,-8.632,-12.3961,26.2093,-45.8813,7.4776,-6.308,-0.038,-0.0182
1779988771981,2,Pitching Mound.Delivery,,Delivery,pitch.1,437525,-9.3086,-15.6016,31.7431,-48.4078,9.7797,-7.1589,-0.041,0.0257
1779988771981,2,Pitching Mound.Drive,,Delivery,pitch.1,438095,11.1674,-5.1396,49.0812,43.7017,-47.239,-23.0891,0.1281,0.1185
1779988771981,2,Pitching Mound.Parent,,Delivery,pitch.1,437144,2.3217,-17.4027,75.7326,-1.944,-40.0803,-29.0601,0.0705,0.071
1779988771981,2,Pitching Mound.Parent,,Delivery,pitch.1,437145,1.8588,-20.7412,80.8243,-4.7061,-37.4593,-30.248,0.0617,0.0821
1779988771982,2,11.0000004b,Drive,Delivery,pitch.1,438096,11.3525,-5.2616,48.168,42.7889,-46.5222,-23.4438,0.1286,0.1183
1779988771982,2,12.00000015,Lower Delivery,Delivery,pitch.1,437827,-9.819,-16.8978,35.0722,-64.855,4.891,-13.561,-0.0186,-0.2462
1779988771982,2,12.00000018,Upper Delivery,Delivery,pitch.1,438685,-1.1493,-2.0298,4.5832,3.4285,0.8569,1.7833,-0.0249,0.0996
1779988771982,2,Pitching Mound.Delivery,,Delivery,pitch.1,437526,-10.9683,-18.9276,39.6554,-51.0602,5.7478,-8.8299,-0.0193,0.0552
1779988771982,2,Pitching Mound.Drive,,Delivery,pitch.1,438096,11.3525,-5.2616,48.168,42.7889,-46.5222,-23.4438,0.1286,0.1183
1779988771982,2,Pitching Mound.Parent,,Delivery,pitch.1,437146,0.3841,-24.1892,87.8233,-8.2713,-40.7744,-32.2737,0.0618,0.0898
1779988771983,2,11.0000004b,Drive,Delivery,pitch.1,438097,11.4887,-5.3812,47.6893,42.6045,-46.1782,-23.6488,0.1289,0.1189
1779988771983,2,12.00000015,Lower Delivery,Delivery,pitch.1,437828,-11.6127,-21.6299,43.5023,-65.3481,7.7124,-13.093,-0.0236,-0.2
1779988771983,2,Pitching Mound.Drive,,Delivery,pitch.1,438097,11.4887,-5.3812,47.6893,42.6045,-46.1782,-23.6488,0.1289,0.1189
1779988771984,2,11.0000004b,Drive,Delivery,pitch.1,438098,11.5952,-5.4667,46.9215,42.1357,-45.5145,-23.889,0.1291,0.1195
1779988771984,2,12.00000015,Lower Delivery,Delivery,pitch.1,437829,-12.5298,-27.5836,44.4587,-65.4318,-0.8533,-11.0154,0.0026,-0.1959
1779988771984,2,12.00000018,Upper Delivery,Delivery,pitch.1,438686,-0.9796,-2.6825,3.186,0.9174,0.204,0.9007,-0.0085,0.0383
1779988771984,2,12.00000018,Upper Delivery,Delivery,pitch.1,438687,-0.9469,-3.219,2.9779,-0.0515,-0.9966,0.4011,0.0446,-0.0023
1779988771984,2,Pitching Mound.Delivery,,Delivery,pitch.1,437528,-13.4767,-30.8026,47.4366,-51.3798,-1.8499,-6.676,0.0052,0.1135
1779988771984,2,Pitching Mound.Delivery,,Delivery,pitch.1,437527,-12.5923,-24.3123,46.6883,-50.7232,7.9164,-8.5771,-0.0226,0.1099
1779988771984,2,Pitching Mound.Drive,,Delivery,pitch.1,438098,11.5952,-5.4667,46.9215,42.1357,-45.5145,-23.889,0.1291,0.1195
1779988771984,2,Pitching Mound.Parent,,Delivery,pitch.1,437148,-1.8815,-36.2693,94.3581,-9.2442,-47.3644,-30.5651,0.0668,0.1165
1779988771984,2,Pitching Mound.Parent,,Delivery,pitch.1,437147,-1.1036,-29.6935,94.3776,-8.1187,-38.2617,-32.2259,0.054,0.1145
1779988771985,2,11.0000004b,Drive,Delivery,pitch.1,438099,11.7055,-5.5606,46.2462,41.5589,-44.9548,-24.1285,0.1294,0.1196
1779988771985,2,12.00000015,Lower Delivery,Delivery,pitch.1,437830,-14.6265,-32.332,46.6072,-57.0878,-7.9172,-8.8388,0.0226,-0.1631
1779988771985,2,12.00000018,Upper Delivery,Delivery,pitch.1,438688,-1.0393,-4.1459,4.266,-1.3767,-1.0292,-0.5052,0.0321,-0.043
1779988771985,2,Pitching Mound.Delivery,,Delivery,pitch.1,437529,-15.6658,-36.4779,50.8731,-44.0686,-8.9463,-4.7244,0.0234,0.13
1779988771985,2,Pitching Mound.Drive,,Delivery,pitch.1,438099,11.7055,-5.5606,46.2462,41.5589,-44.9548,-24.1285,0.1294,0.1196
1779988771985,2,Pitching Mound.Parent,,Delivery,pitch.1,437149,-3.9603,-42.0385,97.1193,-2.5097,-53.9011,-28.8529,0.0739,0.1251
1779988771986,2,11.0000004b,Drive,Delivery,pitch.1,438100,11.7788,-5.654,45.8105,41.2823,-44.5099,-24.2818,0.1293,0.12
1779988771986,2,12.00000015,Lower Delivery,Delivery,pitch.1,437831,-16.2946,-36.1928,43.7658,-49.5265,-3.9246,-7.0697,0.0119,-0.1507
1779988771986,2,12.00000018,Upper Delivery,Delivery,pitch.1,438689,-1.0284,-4.3161,4.3463,-2.5912,-2.3661,-1.1264,0.0725,-0.0794
1779988771986,2,Pitching Mound.Delivery,,Delivery,pitch.1,437530,-17.3229,-40.5089,48.112,-38.7151,-6.2907,-3.0056,0.0174,0.1344
1779988771986,2,Pitching Mound.Drive,,Delivery,pitch.1,438100,11.7788,-5.654,45.8105,41.2823,-44.5099,-24.2818,0.1293,0.12
1779988771986,2,Pitching Mound.Parent,,Delivery,pitch.1,437150,-5.5441,-46.1628,93.9225,2.5672,-50.8006,-27.2874,0.072,0.1273
1779988771987,2,11.0000004b,Drive,Delivery,pitch.1,438101,11.8341,-5.7633,45.2454,40.8498,-44.1354,-24.4305,0.1299,0.1202
1779988771987,2,12.00000015,Lower Delivery,Delivery,pitch.1,437832,-17.2111,-38.9245,42.5503,-37.2488,-1.1151,-6.7723,0.0035,-0.1165
1779988771987,2,12.00000018,Upper Delivery,Delivery,pitch.1,438690,-0.9068,-4.4033,4.8465,-2.1534,-2.6363,-1.2586,0.0724,-0.0592
1779988771987,2,Pitching Mound.Delivery,,Delivery,pitch.1,437531,-18.1179,-43.3278,47.3968,-26.5829,-3.7514,-2.4875,0.0105,0.1598
1779988771987,2,Pitching Mound.Drive,,Delivery,pitch.1,438101,11.8341,-5.7633,45.2454,40.8498,-44.1354,-24.4305,0.1299,0.1202
1779988771987,2,Pitching Mound.Parent,,Delivery,pitch.1,437151,-6.2838,-49.0911,92.6422,14.2669,-47.8868,-26.918,0.0688,0.1405
1779988771988,2,11.0000004b,Drive,Delivery,pitch.1,438102,11.9093,-5.8609,44.6896,40.4785,-43.5988,-24.5898,0.1299,0.1206
1779988771988,2,12.00000015,Lower Delivery,Delivery,pitch.1,437833,-17.5061,-39.9991,44.8353,-31.6939,1.806,-7.7454,-0.0054,-0.0941
1779988771988,2,12.00000018,Upper Delivery,Delivery,pitch.1,438691,-0.8033,-3.9161,4.4047,-3.7122,-2.6954,-1.4949,0.0815,-0.1122
1779988771988,2,Pitching Mound.Delivery,,Delivery,pitch.1,437532,-18.3094,-43.9152,49.24,-21.6597,-0.8894,-3.5613,0.0024,0.1834
1779988771988,2,Pitching Mound.Drive,,Delivery,pitch.1,438102,11.9093,-5.8609,44.6896,40.4785,-43.5988,-24.5898,0.1299,0.1206
1779988771988,2,Pitching Mound.Parent,,Delivery,pitch.1,437152,-6.4001,-49.7761,93.9296,18.8188,-44.4882,-28.1511,0.0631,0.1535
1779988771989,2,11.0000004b,Drive,Delivery,pitch.1,438103,11.939,-5.9359,43.9748,39.7222,-42.8792,-24.7344,0.1298,0.1203
1779988771989,2,12.00000015,Lower Delivery,Delivery,pitch.1,437834,-17.1395,-40.2057,47.0961,-36.3443,1.6545,-9.0994,-0.0047,-0.1027
1779988771989,2,12.00000018,Upper Delivery,Delivery,pitch.1,438692,-0.7822,-3.7838,3.9161,-3.2702,-2.7264,-1.2662,0.0927,-0.1112
1779988771989,2,Pitching Mound.Delivery,,Delivery,pitch.1,437533,-17.9217,-43.9895,51.0122,-24.9333,-1.0719,-4.8041,0.0028,0.1844
1779988771989,2,Pitching Mound.Drive,,Delivery,pitch.1,438103,11.939,-5.9359,43.9748,39.7222,-42.8792,-24.7344,0.1298,0.1203
1779988771989,2,Pitching Mound.Parent,,Delivery,pitch.1,437153,-5.9827,-49.9254,94.9871,14.7889,-43.9511,-29.5386,0.0616,0.1547
1779988771990,2,11.0000004b,Drive,Delivery,pitch.1,438104,11.9649,-5.9866,43.71,39.4142,-42.7358,-24.7614,0.1302,0.12
1779988771990,2,12.00000015,Lower Delivery,Delivery,pitch.1,437835,-16.1203,-38.8242,47.4866,-36.3555,0.0638,-11.182,-0.0002,-0.1019
1779988771990,2,12.00000018,Upper Delivery,Delivery,pitch.1,438693,-0.7744,-3.4209,3.4292,-2.9817,-2.276,-1.1952,0.0884,-0.1158
1779988771990,2,Pitching Mound.Delivery,,Delivery,pitch.1,437534,-16.8946,-42.2451,50.9158,-24.3577,-2.2122,-7.1596,0.0058,0.1913
1779988771990,2,Pitching Mound.Drive,,Delivery,pitch.1,438104,11.9649,-5.9866,43.71,39.4142,-42.7358,-24.7614,0.1302,0.12
1779988771990,2,Pitching Mound.Parent,,Delivery,pitch.1,437154,-4.9297,-48.2317,94.6257,15.0564,-44.9479,-31.921,0.0632,0.1584
1779988771991,2,11.0000004b,Drive,Delivery,pitch.1,438105,11.9995,-6.0221,43.1825,38.7047,-42.3507,-24.7846,0.1306,0.1193
1779988771991,2,12.00000015,Lower Delivery,Delivery,pitch.1,437836,-14.9282,-36.5947,49.3283,-39.1896,-0.1656,-12.763,0.0004,-0.1058
1779988771991,2,12.00000018,Upper Delivery,Delivery,pitch.1,438694,-0.7692,-3.262,1.4822,-0.6525,-0.5667,-0.7138,0.0,0.0
1779988771991,2,Pitching Mound.Delivery,,Delivery,pitch.1,437535,-15.6974,-39.8567,50.8106,-23.5744,-0.7323,-8.6627,0.0004,0.2175
1779988771991,2,Pitching Mound.Drive,,Delivery,pitch.1,438105,11.9995,-6.0221,43.1825,38.7047,-42.3507,-24.7846,0.1306,0.1193
1779988771991,2,Pitching Mound.Parent,,Delivery,pitch.1,437155,-3.6979,-45.8788,93.9931,15.1303,-43.083,-33.4473,0.0602,0.1724
1779988771992,2,11.0000004b,Drive,Delivery,pitch.1,438106,11.9761,-6.0181,42.7976,38.2454,-41.9245,-24.7176,0.1304,0.119
1779988771992,2,12.00000015,Lower Delivery,Delivery,pitch.1,437837,-14.1285,-33.7646,49.8974,-45.6714,-1.9523,-13.4206,0.0052,-0.1219
1779988771992,2,12.00000018,Upper Delivery,Delivery,pitch.1,438695,-0.7166,-3.1824,1.217,-0.0884,-0.0304,-0.0012,0.0,0.0
1779988771992,2,Pitching Mound.Delivery,,Delivery,pitch.1,437536,-14.8451,-36.947,51.1143,-29.2084,-1.9827,-8.8617,0.0051,0.2049
1779988771992,2,Pitching Mound.Drive,,Delivery,pitch.1,438106,11.9761,-6.0181,42.7976,38.2454,-41.9245,-24.7176,0.1304,0.119
1779988771992,2,Pitching Mound.Parent,,Delivery,pitch.1,437156,-2.869,-42.965,93.912,9.037,-43.9072,-33.5793,0.0622,0.1657
1779988771993,2,11.0000004b,Drive,Delivery,pitch.1,438107,11.9591,-5.9686,42.1802,37.757,-41.048,-24.5596,0.1296,0.1192
1779988771993,2,12.00000015,Lower Delivery,Delivery,pitch.1,437838,-13.0561,-30.6647,48.8469,-52.2434,-2.358,-13.3618,0.0064,-0.1424
1779988771993,2,12.00000018,Upper Delivery,Delivery,pitch.1,438696,-0.3369,-2.4491,1.6215,-0.0884,-0.0304,-0.0012,0.0,0.0
1779988771993,2,Pitching Mound.Delivery,,Delivery,pitch.1,437537,-13.393,-33.1138,50.4684,-36.2752,-2.3883,-9.0384,0.0062,0.1803
1779988771993,2,Pitching Mound.Drive,,Delivery,pitch.1,438107,11.9591,-5.9686,42.1802,37.757,-41.048,-24.5596,0.1296,0.1192
1779988771993,2,Pitching Mound.Parent,,Delivery,pitch.1,437157,-1.4339,-39.0824,92.6486,1.4818,-43.4363,-33.598,0.0624,0.1525
1779988771994,2,11.0000004b,Drive,Delivery,pitch.1,438108,11.9035,-5.8672,41.4041,37.2656,-39.9677,-24.3164,0.1285,0.1198
1779988771994,2,12.00000015,Lower Delivery,Delivery,pitch.1,437839,-11.8839,-28.1116,47.4539,-61.8161,0.7302,-12.1811,-0.002,-0.1734
1779988771994,2,12.00000018,Upper Delivery,Delivery,pitch.1,438697,-0.2402,-1.4916,0.7389,-0.0884,-0.0304,-0.0012,0.0,0.0
1779988771994,2,Pitching Mound.Delivery,,Delivery,pitch.1,437538,-12.124,-29.6032,48.1928,-46.0213,0.6998,-8.2234,-0.002,0.1588
1779988771994,2,Pitching Mound.Drive,,Delivery,pitch.1,438108,11.9035,-5.8672,41.4041,37.2656,-39.9677,-24.3164,0.1285,0.1198
1779988771994,2,Pitching Mound.Parent,,Delivery,pitch.1,437158,-0.2205,-35.4704,89.597,-8.7557,-39.2679,-32.5398,0.0583,0.1408
1779988771995,2,11.0000004b,Drive,Delivery,pitch.1,438109,11.8949,-5.7188,41.0087,36.7582,-39.6568,-24.1935,0.1287,0.1193
1779988771995,2,12.00000015,Lower Delivery,Delivery,pitch.1,437840,-10.2964,-26.1755,41.7066,-63.903,6.5444,-9.5515,-0.0209,-0.204
1779988771995,2,12.00000018,Upper Delivery,Delivery,pitch.1,438698,-0.0307,-0.3992,0.1141,-0.0884,-0.0304,-0.0012,0.0,0.0
1779988771995,2,Pitching Mound.Delivery,,Delivery,pitch.1,437539,-10.3271,-26.5747,41.8206,-49.85,6.5141,-6.0623,-0.0208,0.1347
1779988771995,2,Pitching Mound.Drive,,Delivery,pitch.1,438109,11.8949,-5.7188,41.0087,36.7582,-39.6568,-24.1935,0.1287,0.1193
1779988771995,2,Pitching Mound.Parent,,Delivery,pitch.1,437159,1.5678,-32.2936,82.8293,-13.0918,-33.1427,-30.2558,0.0532,0.1271
1779988771996,2,11.0000004b,Drive,Delivery,pitch.1,438110,11.8431,-5.4777,40.3872,36.101,-38.6872,-23.9885,0.1275,0.119
1779988771996,2,12.00000015,Lower Delivery,Delivery,pitch.1,437841,-10.1426,-25.1163,37.8327,-67.0522,6.8672,-8.7725,-0.0242,-0.2359
1779988771996,2,12.00000018,Upper Delivery,Delivery,pitch.1,438699,-0.0116,-0.1962,0.0839,-0.0884,-0.0304,-0.0012,0.0,0.0
1779988771996,2,Pitching Mound.Delivery,,Delivery,pitch.1,437540,-10.1542,-25.3125,37.9167,-54.306,6.8368,-5.3291,-0.0241,0.1031
1779988771996,2,Pitching Mound.Drive,,Delivery,pitch.1,438110,11.8431,-5.4777,40.3872,36.101,-38.6872,-23.9885,0.1275,0.119
1779988771996,2,Pitching Mound.Parent,,Delivery,pitch.1,437160,1.6889,-30.7902,78.3039,-18.205,-31.8504,-29.3176,0.0541,0.1113
1779988771997,2,11.0000004b,Drive,Delivery,pitch.1,438111,11.8012,-5.2325,39.9666,35.6683,-38.1065,-23.8325,0.1269,0.1188
1779988771997,2,12.00000015,Lower Delivery,Delivery,pitch.1,437842,-9.5853,-24.9405,39.5721,-70.2894,4.9151,-7.5979,-0.0165,-0.2365
1779988771997,2,12.00000018,Upper Delivery,Delivery,pitch.1,438700,-0.0032,0.0059,0.0546,-0.0884,-0.0304,-0.0012,0.0,0.0
1779988771997,2,Pitching Mound.Delivery,,Delivery,pitch.1,437541,-9.5885,-24.9345,39.6267,-56.9418,4.8847,-4.3412,-0.0165,0.1029
1779988771997,2,Pitching Mound.Drive,,Delivery,pitch.1,438111,11.8012,-5.2325,39.9666,35.6683,-38.1065,-23.8325,0.1269,0.1188
1779988771997,2,Pitching Mound.Parent,,Delivery,pitch.1,437161,2.2127,-30.167,79.5933,-21.2736,-33.2218,-28.1737,0.0555,0.1109
1779988771998,2,11.0000004b,Drive,Delivery,pitch.1,438112,11.795,-5.022,39.4086,34.9431,-37.2897,-23.7536,0.126,0.118
1779988771998,2,12.00000015,Lower Delivery,Delivery,pitch.1,437843,-9.0359,-25.8219,44.9583,-75.7929,1.2172,-7.0869,-0.0036,-0.2244
1779988771998,2,12.00000018,Upper Delivery,Delivery,pitch.1,438701,0.1024,0.1122,0.3143,-0.0884,-0.0304,-0.0012,0.0,0.0
1779988771998,2,Pitching Mound.Delivery,,Delivery,pitch.1,437542,-8.9335,-25.7097,45.2725,-60.7023,1.1868,-3.9811,-0.0036,0.1124
1779988771998,2,Pitching Mound.Drive,,Delivery,pitch.1,438112,11.795,-5.022,39.4086,34.9431,-37.2897,-23.7536,0.126,0.118
1779988771998,2,Pitching Mound.Parent,,Delivery,pitch.1,437162,2.8615,-30.7317,84.6812,-25.7593,-36.1028,-27.7347,0.0567,0.115
1779988771999,2,11.0000004b,Drive,Delivery,pitch.1,438113,11.7532,-4.8572,38.6991,34.2665,-36.2797,-23.6467,0.1248,0.1179
1779988771999,2,12.00000015,Lower Delivery,Delivery,pitch.1,437844,-8.885,-28.2107,48.3254,-74.8906,-0.9462,-7.7517,0.0026,-0.2063
1779988771999,2,12.00000018,Upper Delivery,Delivery,pitch.1,438702,0.0912,0.0153,0.2515,-0.0884,-0.0304,-0.0012,0.0,0.0
1779988771999,2,Pitching Mound.Delivery,,Delivery,pitch.1,437543,-8.7938,-28.1954,48.5769,-58.6339,-0.9766,-4.701,0.0026,0.1312
1779988771999,2,Pitching Mound.Drive,,Delivery,pitch.1,438113,11.7532,-4.8572,38.6991,34.2665,-36.2797,-23.6467,0.1248,0.1179
1779988771999,2,Pitching Mound.Parent,,Delivery,pitch.1,437163,2.9594,-33.0526,87.276,-24.3673,-37.2563,-28.3476,0.0568,0.1253
1779988772000,2,11.0000004b,Drive,Delivery,pitch.1,438114,11.7651,-4.774,37.9304,33.2591,-35.367,-23.6687,0.1241,0.1167
1779988772000,2,12.00000015,Lower Delivery,Delivery,pitch.1,437845,-9.7717,-32.8366,51.292,-70.8305,0.2234,-8.6818,-0.0006,-0.1838
1779988772000,2,12.00000018,Upper Delivery,Delivery,pitch.1,438703,0.7261,-1.3478,1.8345,-0.0884,-0.0304,-0.0012,0.0,0.0
1779988772000,2,Pitching Mound.Delivery,,Delivery,pitch.1,437544,-9.0456,-34.1844,53.1265,-54.1033,0.193,-5.1138,-0.0006,0.139
1779988772000,2,Pitching Mound.Drive,,Delivery,pitch.1,438114,11.7651,-4.774,37.9304,33.2591,-35.367,-23.6687,0.1241,0.1167
1779988772000,2,Pitching Mound.Parent,,Delivery,pitch.1,437164,2.7195,-38.9584,91.0569,-20.8441,-35.174,-28.7825,0.0514,0.1297
1779988772001,2,11.0000004b,Drive,Delivery,pitch.1,438115,11.7373,-4.7282,37.308,32.5881,-34.5266,-23.62,0.1232,0.1163
1779988772001,2,12.00000015,Lower Delivery,Delivery,pitch.1,437846,-10.2632,-39.9453,57.1676,-66.1955,11.1558,-12.3358,-0.026,-0.1542
1779988772001,2,12.00000018,Upper Delivery,Delivery,pitch.1,438704,0.6062,-3.7231,6.3598,7.5659,3.5118,0.0299,-0.0735,0.1584
1779988772001,2,Pitching Mound.Delivery,,Delivery,pitch.1,437545,-9.6569,-43.6684,63.5274,-41.3549,14.6676,-8.6103,-0.0307,0.1491
1779988772001,2,Pitching Mound.Drive,,Delivery,pitch.1,438115,11.7373,-4.7282,37.308,32.5881,-34.5266,-23.62,0.1232,0.1163
1779988772001,2,Pitching Mound.Parent,,Delivery,pitch.1,437165,2.0804,-48.3966,100.8354,-8.7668,-19.859,-32.2303,0.0262,0.1369
1779988772002,2,11.0000004b,Drive,Delivery,pitch.1,438117,11.6614,-4.6792,36.0995,31.0855,-32.9219,-23.4446,0.1214,0.1146
1779988772002,2,11.0000004b,Drive,Delivery,pitch.1,438116,11.716,-4.6814,36.8961,32.0712,-33.7972,-23.5026,0.1219,0.1157
1779988772002,2,12.00000015,Lower Delivery,Delivery,pitch.1,437847,-12.1166,-44.4869,53.5971,-60.386,3.2901,-10.8298,-0.0082,-0.15
1779988772002,2,12.00000018,Upper Delivery,Delivery,pitch.1,438705,0.7876,-5.6474,12.1966,46.6687,9.9683,5.1754,-0.1088,0.327
1779988772002,2,Pitching Mound.Delivery,,Delivery,pitch.1,437546,-11.3291,-50.1343,65.7938,0.3589,13.2584,-1.267,-0.0268,0.1524
1779988772002,2,Pitching Mound.Drive,,Delivery,pitch.1,438117,11.6614,-4.6792,36.0995,31.0855,-32.9219,-23.4446,0.1214,0.1146
1779988772002,2,Pitching Mound.Drive,,Delivery,pitch.1,438116,11.716,-4.6814,36.8961,32.0712,-33.7972,-23.5026,0.1219,0.1157
1779988772002,2,Pitching Mound.Parent,,Delivery,pitch.1,437166,0.3869,-54.8157,102.6899,32.4301,-20.5388,-24.7696,0.0266,0.1392
1779988772003,2,12.00000015,Lower Delivery,Delivery,pitch.1,437848,-13.9527,-52.0604,62.4802,-74.7432,18.8634,-12.7627,-0.0402,-0.1593
1779988772003,2,12.00000018,Upper Delivery,Delivery,pitch.1,438706,-0.0898,-8.6294,17.4643,72.5639,8.6867,10.864,-0.0662,0.327
1779988772003,2,Pitching Mound.Delivery,,Delivery,pitch.1,437547,-14.0426,-60.6898,79.9445,13.1262,27.5501,2.8147,-0.0459,0.1384
1779988772003,2,Pitching Mound.Parent,,Delivery,pitch.1,437167,-2.3811,-65.369,116.044,44.2116,-5.3718,-20.6299,0.0062,0.131
1779988772004,2,11.0000004b,Drive,Delivery,pitch.1,438118,11.5911,-4.7184,35.4551,30.509,-32.0254,-23.2854,0.1202,0.1146
1779988772004,2,12.00000015,Lower Delivery,Delivery,pitch.1,437849,-16.0174,-56.3579,64.9255,-64.6234,13.8572,-9.8593,-0.0284,-0.1325
1779988772004,2,12.00000018,Upper Delivery,Delivery,pitch.1,438707,-1.3373,-11.1402,25.0586,98.015,9.0386,14.8948,-0.048,0.327
1779988772004,2,Pitching Mound.Delivery,,Delivery,pitch.1,437548,-17.3548,-67.4981,89.984,46.9463,22.8958,10.0267,-0.0339,0.1461
1779988772004,2,Pitching Mound.Drive,,Delivery,pitch.1,438118,11.5911,-4.7184,35.4551,30.509,-32.0254,-23.2854,0.1202,0.1146
1779988772004,2,Pitching Mound.Parent,,Delivery,pitch.1,437168,-5.7637,-72.2165,125.4391,77.4553,-9.1297,-13.2587,0.0097,0.1372
1779988772005,2,11.0000004b,Drive,Delivery,pitch.1,438119,11.494,-4.7815,34.5784,29.6539,-31.0519,-23.0506,0.1196,0.1142
1779988772005,2,12.00000015,Lower Delivery,Delivery,pitch.1,437850,-18.5557,-61.3116,68.5036,-60.4758,17.0815,-8.9825,-0.0332,-0.1175
1779988772005,2,12.00000018,Upper Delivery,Delivery,pitch.1,438708,-1.2125,-13.2135,31.7291,117.9407,19.6667,19.8719,-0.0825,0.327
1779988772005,2,Pitching Mound.Delivery,,Delivery,pitch.1,437549,-19.7682,-74.5251,100.2327,69.9682,36.7483,16.7861,-0.0488,0.1479
1779988772005,2,Pitching Mound.Drive,,Delivery,pitch.1,438119,11.494,-4.7815,34.5784,29.6539,-31.0519,-23.0506,0.1196,0.1142
1779988772005,2,Pitching Mound.Parent,,Delivery,pitch.1,437169,-8.2741,-79.3066,134.8112,99.6221,5.6964,-6.2645,-0.0056,0.1393
1779988772006,2,11.0000004b,Drive,Delivery,pitch.1,438120,11.3364,-4.8764,33.5978,28.6788,-30.4515,-22.7396,0.1207,0.1136
1779988772006,2,11.0000004b,Drive,Delivery,pitch.1,438121,11.1951,-5.0118,32.8242,27.7876,-30.1072,-22.4118,0.1221,0.1127
1779988772006,2,12.00000015,Lower Delivery,Delivery,pitch.1,437851,-20.0634,-65.1825,71.5905,-50.8649,8.6138,-8.0421,-0.016,-0.0946
1779988772006,2,12.00000018,Upper Delivery,Delivery,pitch.1,438709,-1.0088,-16.0722,38.8588,139.1712,29.7572,21.5863,-0.1019,0.327
1779988772006,2,Pitching Mound.Delivery,,Delivery,pitch.1,437550,-21.0722,-81.2547,110.4493,99.4351,38.3709,20.0227,-0.0462,0.1545
1779988772006,2,Pitching Mound.Drive,,Delivery,pitch.1,438120,11.3364,-4.8764,33.5978,28.6788,-30.4515,-22.7396,0.1207,0.1136
1779988772006,2,Pitching Mound.Drive,,Delivery,pitch.1,438121,11.1951,-5.0118,32.8242,27.7876,-30.1072,-22.4118,0.1221,0.1127
1779988772006,2,Pitching Mound.Parent,,Delivery,pitch.1,437170,-9.7359,-86.1311,144.047,128.1139,7.9194,-2.7169,-0.0073,0.145
1779988772007,2,11.0000004b,Drive,Delivery,pitch.1,438122,10.9993,-5.1049,31.6318,27.0794,-28.785,-21.9415,0.1211,0.114
1779988772007,2,12.00000015,Lower Delivery,Delivery,pitch.1,437852,-22.1871,-68.5855,68.8733,-58.6847,12.6685,-8.5559,-0.0245,-0.1134
1779988772007,2,12.00000018,Upper Delivery,Delivery,pitch.1,438710,0.1897,-19.3254,45.763,165.0154,44.2794,21.9455,-0.1288,0.327
1779988772007,2,Pitching Mound.Delivery,,Delivery,pitch.1,437551,-21.9974,-87.9109,114.6363,114.1882,56.9479,20.9978,-0.0661,0.1309
1779988772007,2,Pitching Mound.Drive,,Delivery,pitch.1,438122,10.9993,-5.1049,31.6318,27.0794,-28.785,-21.9415,0.1211,0.114
1779988772007,2,Pitching Mound.Parent,,Delivery,pitch.1,437171,-10.8023,-92.9227,147.4605,141.9758,26.8406,-1.414,-0.0242,0.1269
1779988772008,2,12.00000015,Lower Delivery,Delivery,pitch.1,437853,-22.4746,-70.299,68.9199,-64.8749,8.6909,-7.0072,-0.0168,-0.1253
1779988772008,2,12.00000018,Upper Delivery,Delivery,pitch.1,438711,1.3972,-22.7241,50.8666,202.5855,44.9407,19.9967,-0.1176,0.327
1779988772008,2,Pitching Mound.Delivery,,Delivery,pitch.1,437552,-21.0774,-93.0231,119.7865,143.8488,53.6316,21.1059,-0.0596,0.118
1779988772008,2,Pitching Mound.Parent,,Delivery,pitch.1,437172,-10.0782,-98.128,151.4183,170.9282,24.8467,-0.8356,-0.0218,0.1172
1779988772009,2,11.0000004b,Drive,Delivery,pitch.1,438123,10.6891,-5.1814,30.7195,26.2206,-28.5048,-21.5643,0.1235,0.1136
1779988772009,2,11.0000004b,Drive,Delivery,pitch.1,438124,10.3616,-5.1735,29.4341,25.5299,-27.937,-21.2044,0.1264,0.1155
1779988772009,2,12.00000015,Lower Delivery,Delivery,pitch.1,437854,-23.1774,-71.1993,75.1869,-85.7815,18.6753,-6.8794,-0.0331,-0.1519
1779988772009,2,12.00000018,Upper Delivery,Delivery,pitch.1,438712,3.3309,-25.4106,54.5838,225.8038,46.123,15.973,-0.1125,0.327
1779988772009,2,Pitching Mound.Delivery,,Delivery,pitch.1,437553,-19.8464,-96.6099,129.7707,147.0273,64.7984,18.1064,-0.0665,0.1035
1779988772009,2,Pitching Mound.Drive,,Delivery,pitch.1,438123,10.6891,-5.1814,30.7195,26.2206,-28.5048,-21.5643,0.1235,0.1136
1779988772009,2,Pitching Mound.Drive,,Delivery,pitch.1,438124,10.3616,-5.1735,29.4341,25.5299,-27.937,-21.2044,0.1264,0.1155
1779988772009,2,Pitching Mound.Parent,,Delivery,pitch.1,437173,-9.1574,-101.7913,160.4902,173.2479,36.2936,-3.4579,-0.0301,0.1055
1779988772010,2,11.0000004b,Drive,Delivery,pitch.1,438125,10.0017,-5.1201,28.5083,25.081,-27.196,-20.9205,0.127,0.1171
1779988772010,2,12.00000015,Lower Delivery,Delivery,pitch.1,437855,-24.2703,-72.9526,80.4402,-117.7063,21.7957,-6.8939,-0.0361,-0.1948
1779988772010,2,12.00000018,Upper Delivery,Delivery,pitch.1,438713,5.1963,-28.8545,61.3268,249.8471,55.7621,8.6203,-0.121,0.327
1779988772010,2,Pitching Mound.Delivery,,Delivery,pitch.1,437554,-19.074,-101.8071,141.7671,138.6393,77.5577,11.745,-0.0728,0.0768
1779988772010,2,Pitching Mound.Drive,,Delivery,pitch.1,438125,10.0017,-5.1201,28.5083,25.081,-27.196,-20.9205,0.127,0.1171
1779988772010,2,Pitching Mound.Parent,,Delivery,pitch.1,437174,-8.7123,-106.9806,171.2012,164.1692,49.6207,-9.4594,-0.0386,0.0834
1779988772011,2,11.0000004b,Drive,Delivery,pitch.1,438126,9.619,-5.0391,27.5194,24.5713,-26.9186,-20.6396,0.1302,0.1189
1779988772011,2,12.00000015,Lower Delivery,Delivery,pitch.1,437856,-25.0154,-73.4874,90.6468,-159.4997,35.8726,-6.2153,-0.0527,-0.2342
1779988772011,2,12.00000018,Upper Delivery,Delivery,pitch.1,438714,6.6592,-32.5693,67.7557,264.1202,64.668,-4.9329,-0.1271,0.327
1779988772011,2,Pitching Mound.Delivery,,Delivery,pitch.1,437555,-18.3562,-106.0567,158.4026,112.4035,100.5406,-0.3788,-0.0845,0.055
1779988772011,2,Pitching Mound.Drive,,Delivery,pitch.1,438126,9.619,-5.0391,27.5194,24.5713,-26.9186,-20.6396,0.1302,0.1189
1779988772011,2,Pitching Mound.Parent,,Delivery,pitch.1,437175,-8.3545,-111.1768,186.9109,137.4845,73.3446,-21.2993,-0.0522,0.0644
1779988772012,2,12.00000015,Lower Delivery,Delivery,pitch.1,437857,-28.2116,-78.9873,102.2094,-189.1805,37.9889,-7.6627,-0.0495,-0.2464
1779988772012,2,12.00000018,Upper Delivery,Delivery,pitch.1,438715,9.4616,-34.6677,79.0753,272.3049,86.5005,-17.7458,-0.1456,0.327
1779988772012,2,Pitching Mound.Delivery,,Delivery,pitch.1,437556,-18.7499,-113.655,181.2846,90.99,124.4894,-12.5996,-0.0914,0.0471
1779988772012,2,Pitching Mound.Parent,,Delivery,pitch.1,437176,-9.131,-118.6941,208.804,115.5613,97.5708,-33.2392,-0.0622,0.0566
1779988772013,2,11.0000004b,Drive,Delivery,pitch.1,438127,9.1481,-4.969,26.6219,24.1911,-26.2648,-20.2259,0.1313,0.121
1779988772013,2,12.00000015,Lower Delivery,Delivery,pitch.1,437858,-28.7221,-84.2875,115.4188,-210.6346,38.0917,-5.1198,-0.0439,-0.243
1779988772013,2,12.00000018,Upper Delivery,Delivery,pitch.1,438716,12.2804,-36.4659,96.3694,285.5257,94.3802,-35.0154,-0.1304,0.327
1779988772013,2,Pitching Mound.Delivery,,Delivery,pitch.1,437557,-16.4417,-120.7534,211.7882,81.3679,132.4719,-26.1945,-0.0833,0.047
1779988772013,2,Pitching Mound.Drive,,Delivery,pitch.1,438127,9.1481,-4.969,26.6219,24.1911,-26.2648,-20.2259,0.1313,0.121
1779988772013,2,Pitching Mound.Parent,,Delivery,pitch.1,437177,-7.2936,-125.7224,238.4102,105.559,106.2071,-46.4203,-0.0593,0.0552
1779988772014,2,11.0000004b,Drive,Delivery,pitch.1,438128,8.7945,-4.927,25.9358,23.7648,-25.9212,-19.8694,0.1331,0.122
1779988772014,2,11.0000004b,Drive,Delivery,pitch.1,438129,8.4433,-4.9075,25.3669,23.3688,-25.3789,-19.5339,0.1332,0.1226
1779988772014,2,12.00000015,Lower Delivery,Delivery,pitch.1,437859,-28.904,-87.8817,128.1472,-217.1882,44.1057,-2.3917,-0.0458,-0.2256
1779988772014,2,12.00000018,Upper Delivery,Delivery,pitch.1,438717,14.8189,-39.1704,112.3491,301.7222,113.1484,-54.1236,-0.1341,0.327
1779988772014,2,Pitching Mound.Delivery,,Delivery,pitch.1,437558,-14.0851,-127.0522,240.4962,89.9054,157.2541,-41.6495,-0.087,0.0549
1779988772014,2,Pitching Mound.Drive,,Delivery,pitch.1,438128,8.7945,-4.927,25.9358,23.7648,-25.9212,-19.8694,0.1331,0.122
1779988772014,2,Pitching Mound.Drive,,Delivery,pitch.1,438129,8.4433,-4.9075,25.3669,23.3688,-25.3789,-19.5339,0.1332,0.1226
1779988772014,2,Pitching Mound.Parent,,Delivery,pitch.1,437178,-5.2906,-131.9792,266.432,113.6702,131.3329,-61.5189,-0.0656,0.0614
1779988772015,2,11.0000004b,Drive,Delivery,pitch.1,438130,8.057,-4.9326,24.6612,22.8532,-25.1887,-19.1404,0.136,0.1234
1779988772015,2,12.00000015,Lower Delivery,Delivery,pitch.1,437860,-26.9985,-88.9367,139.7138,-242.8452,58.1392,-0.4331,-0.0554,-0.2314
1779988772015,2,12.00000018,Upper Delivery,Delivery,pitch.1,438718,17.0273,-40.4689,116.6986,307.4482,130.967,-65.0083,-0.1494,0.327
1779988772015,2,Pitching Mound.Delivery,,Delivery,pitch.1,437559,-9.9712,-129.4056,256.4124,72.4281,189.1062,-50.4726,-0.0982,0.0533
1779988772015,2,Pitching Mound.Drive,,Delivery,pitch.1,438130,8.057,-4.9326,24.6612,22.8532,-25.1887,-19.1404,0.136,0.1234
1779988772015,2,Pitching Mound.Parent,,Delivery,pitch.1,437179,-1.528,-134.3131,281.7793,95.7968,163.7273,-70.0065,-0.0774,0.0595
1779988772016,2,11.0000004b,Drive,Delivery,pitch.1,438131,7.807,-4.9318,24.5336,22.8987,-25.4143,-18.9022,0.1379,0.1243
1779988772016,2,12.00000015,Lower Delivery,Delivery,pitch.1,437861,-23.5137,-85.2823,147.7597,-254.7101,73.8913,3.0112,-0.0666,-0.2295
1779988772016,2,12.00000018,Upper Delivery,Delivery,pitch.1,438719,20.6409,-37.4328,128.7903,311.892,130.2465,-70.1142,-0.1346,0.3224
1779988772016,2,Pitching Mound.Delivery,,Delivery,pitch.1,437560,-2.8728,-122.7151,276.55,63.6315,204.1378,-52.0905,-0.0983,0.0508
1779988772016,2,Pitching Mound.Drive,,Delivery,pitch.1,438131,7.807,-4.9318,24.5336,22.8987,-25.4143,-18.9022,0.1379,0.1243
1779988772016,2,Pitching Mound.Parent,,Delivery,pitch.1,437180,5.1842,-127.6477,301.2111,86.4847,178.9492,-71.2309,-0.0791,0.0568
1779988772017,2,11.0000004b,Drive,Delivery,pitch.1,438132,7.5075,-4.9144,24.4204,22.9801,-25.5353,-18.606,0.1392,0.1253
1779988772017,2,12.00000015,Lower Delivery,Delivery,pitch.1,437862,-17.5444,-81.6264,148.5309,-257.0922,60.603,13.7276,-0.0543,-0.2304
1779988772017,2,12.00000018,Upper Delivery,Delivery,pitch.1,438720,23.3321,-31.9181,134.1614,276.3078,123.8224,-68.7107,-0.1229,0.2742
1779988772017,2,Pitching Mound.Delivery,,Delivery,pitch.1,437561,5.7877,-113.5445,282.6924,24.1012,184.4254,-41.0851,-0.0869,0.0263
1779988772017,2,Pitching Mound.Drive,,Delivery,pitch.1,438132,7.5075,-4.9144,24.4204,22.9801,-25.5353,-18.606,0.1392,0.1253
1779988772017,2,Pitching Mound.Parent,,Delivery,pitch.1,437181,13.5947,-118.4762,307.2259,46.9999,159.0111,-59.9872,-0.0689,0.0342
1779988772018,2,11.0000004b,Drive,Delivery,pitch.1,438133,7.1802,-4.9094,23.9986,22.9039,-25.7278,-18.2908,0.1427,0.1271
1779988772018,2,12.00000015,Lower Delivery,Delivery,pitch.1,437863,-11.3772,-80.8944,163.6112,-264.9164,85.2665,24.4215,-0.0694,-0.2156
1779988772018,2,12.00000018,Upper Delivery,Delivery,pitch.1,438721,25.4252,-27.087,118.3421,228.6806,95.1183,-60.3882,-0.107,0.2573
1779988772018,2,Pitching Mound.Delivery,,Delivery,pitch.1,437562,14.0479,-107.9814,281.9533,-20.8443,180.3847,-23.4538,-0.0852,0.0375
1779988772018,2,Pitching Mound.Drive,,Delivery,pitch.1,438133,7.1802,-4.9094,23.9986,22.9039,-25.7278,-18.2908,0.1427,0.1271
1779988772018,2,Pitching Mound.Parent,,Delivery,pitch.1,437182,21.5554,-112.8957,306.3737,2.1358,154.8494,-42.0598,-0.0673,0.0445
1779988772019,2,12.00000015,Lower Delivery,Delivery,pitch.1,437864,-2.3632,-76.0393,158.0037,-264.5291,81.7924,46.2731,-0.0689,-0.2229
1779988772019,2,12.00000018,Upper Delivery,Delivery,pitch.1,438722,24.8011,-22.3134,103.2436,195.236,85.1912,-48.4069,-0.1098,0.2517
1779988772019,2,Pitching Mound.Delivery,,Delivery,pitch.1,437563,22.4379,-98.3527,261.2474,-50.6746,166.9835,7.102,-0.0851,0.036
1779988772019,2,Pitching Mound.Parent,,Delivery,pitch.1,437183,29.6181,-103.2621,285.246,-27.7707,141.2558,-11.1888,-0.0659,0.0436
1779988772020,2,11.0000004b,Drive,Delivery,pitch.1,438134,6.8833,-4.9314,23.5516,22.5874,-25.7681,-17.9482,0.1457,0.1277
1779988772020,2,11.0000004b,Drive,Delivery,pitch.1,438135,6.6406,-4.9179,23.0909,22.354,-25.4516,-17.6312,0.1467,0.1289
1779988772020,2,12.00000015,Lower Delivery,Delivery,pitch.1,437865,4.3804,-71.5967,172.0352,-258.1736,101.1093,59.9136,-0.0782,-0.1998
1779988772020,2,12.00000018,Upper Delivery,Delivery,pitch.1,438723,26.9784,-16.5936,106.6847,171.7951,74.272,-37.0449,-0.0927,0.2144
1779988772020,2,Pitching Mound.Delivery,,Delivery,pitch.1,437564,31.3588,-88.1903,278.7199,-64.1594,175.3812,30.552,-0.0838,0.0385
1779988772020,2,Pitching Mound.Drive,,Delivery,pitch.1,438134,6.8833,-4.9314,23.5516,22.5874,-25.7681,-17.9482,0.1457,0.1277
1779988772020,2,Pitching Mound.Drive,,Delivery,pitch.1,438135,6.6406,-4.9179,23.0909,22.354,-25.4516,-17.6312,0.1467,0.1289
1779988772020,2,Pitching Mound.Parent,,Delivery,pitch.1,437184,38.242,-93.1217,302.2715,-41.572,149.6132,12.6038,-0.0659,0.0454
1779988772021,2,11.0000004b,Drive,Delivery,pitch.1,438136,6.4822,-4.8273,22.9332,22.243,-24.7128,-17.3078,0.1435,0.1291
1779988772021,2,12.00000015,Lower Delivery,Delivery,pitch.1,437866,11.6067,-68.6462,174.6903,-258.6165,94.4356,75.6134,-0.072,-0.1971
1779988772021,2,12.00000018,Upper Delivery,Delivery,pitch.1,438724,31.3431,-15.1854,97.6728,156.5193,67.9321,-27.5247,-0.0926,0.2133
1779988772021,2,Pitching Mound.Delivery,,Delivery,pitch.1,437565,42.9498,-83.8316,272.3631,-75.9113,162.3677,54.799,-0.0794,0.0462
1779988772021,2,Pitching Mound.Drive,,Delivery,pitch.1,438136,6.4822,-4.8273,22.9332,22.243,-24.7128,-17.3078,0.1435,0.1291
1779988772021,2,Pitching Mound.Parent,,Delivery,pitch.1,437185,49.5905,-88.7495,295.454,-53.5573,136.9161,37.1678,-0.0617,0.0527
1779988772022,2,11.0000004b,Drive,Delivery,pitch.1,438137,6.3401,-4.5927,22.9313,22.1539,-23.504,-16.8561,0.1365,0.1286
1779988772022,2,12.00000015,Lower Delivery,Delivery,pitch.1,437867,18.9045,-67.4414,184.2945,-258.0584,100.0028,84.7764,-0.0722,-0.1864
1779988772022,2,12.00000018,Upper Delivery,Delivery,pitch.1,438725,35.822,-13.921,99.582,132.9388,51.428,-20.5459,-0.0688,0.1777
1779988772022,2,Pitching Mound.Delivery,,Delivery,pitch.1,437566,54.7266,-81.3624,283.8766,-96.3174,151.4308,69.9825,-0.071,0.0428
1779988772022,2,Pitching Mound.Drive,,Delivery,pitch.1,438137,6.3401,-4.5927,22.9313,22.1539,-23.504,-16.8561,0.1365,0.1286
1779988772022,2,Pitching Mound.Parent,,Delivery,pitch.1,437186,61.2088,-86.1897,306.8098,-74.0744,126.718,52.6747,-0.055,0.0492
1779988772023,2,11.0000004b,Drive,Delivery,pitch.1,438138,6.2586,-4.3368,22.6984,21.983,-22.4616,-16.4597,0.1317,0.1289
1779988772023,2,12.00000015,Lower Delivery,Delivery,pitch.1,437868,25.2522,-69.5053,179.7582,-256.7755,119.1636,86.0712,-0.0883,-0.1902
1779988772023,2,12.00000018,Upper Delivery,Delivery,pitch.1,438726,35.5493,-14.1137,100.8999,129.5739,44.6322,-13.3067,-0.0589,0.171
1779988772023,2,Pitching Mound.Delivery,,Delivery,pitch.1,437567,60.8015,-83.619,280.6581,-100.3898,163.7958,76.2656,-0.0777,0.0352
1779988772023,2,Pitching Mound.Drive,,Delivery,pitch.1,438138,6.2586,-4.3368,22.6984,21.983,-22.4616,-16.4597,0.1317,0.1289
1779988772023,2,Pitching Mound.Parent,,Delivery,pitch.1,437187,67.1415,-88.2117,303.5894,-78.2359,140.2918,59.4094,-0.0615,0.0423
1779988772024,2,11.0000004b,Drive,Delivery,pitch.1,438139,6.2344,-4.0931,22.4378,21.755,-20.9307,-15.9983,0.1242,0.1291
1779988772024,2,12.00000015,Lower Delivery,Delivery,pitch.1,437869,28.7659,-71.057,178.6036,-253.7835,122.6284,79.6805,-0.0914,-0.1892
1779988772024,2,12.00000018,Upper Delivery,Delivery,pitch.1,438727,32.6235,-14.6846,90.4879,128.1242,38.9949,-8.2871,-0.0574,0.1885
1779988772024,2,Pitching Mound.Delivery,,Delivery,pitch.1,437568,61.3894,-85.7416,269.0915,-95.6999,161.6233,72.705,-0.08,0.0492
1779988772024,2,Pitching Mound.Drive,,Delivery,pitch.1,438139,6.2344,-4.0931,22.4378,21.755,-20.9307,-15.9983,0.1242,0.1291
1779988772024,2,Pitching Mound.Parent,,Delivery,pitch.1,437188,67.648,-90.0784,291.7898,-73.717,139.1616,56.2454,-0.0635,0.0554
1779988772025,2,11.0000004b,Drive,Delivery,pitch.1,438140,6.3677,-3.9606,22.3499,21.4382,-20.9533,-15.9123,0.1248,0.1277
1779988772025,2,12.00000015,Lower Delivery,Delivery,pitch.1,437870,31.5608,-73.6922,180.701,-246.4308,114.8334,65.8996,-0.0846,-0.1816
1779988772025,2,12.00000018,Upper Delivery,Delivery,pitch.1,438728,31.1787,-14.7026,82.888,129.2354,43.5983,-4.1691,-0.07,0.2076
1779988772025,2,Pitching Mound.Delivery,,Delivery,pitch.1,437569,62.7395,-88.3948,263.589,-83.9391,158.4317,61.6006,-0.08,0.067
1779988772025,2,Pitching Mound.Drive,,Delivery,pitch.1,438140,6.3677,-3.9606,22.3499,21.4382,-20.9533,-15.9123,0.1248,0.1277
1779988772025,2,Pitching Mound.Parent,,Delivery,pitch.1,437189,69.1072,-92.3555,285.9389,-62.5008,137.4784,45.6883,-0.064,0.0717
1779988772026,2,11.0000004b,Drive,Delivery,pitch.1,438141,6.5051,-3.8449,22.1304,21.0549,-20.1529,-15.6558,0.1212,0.1267
1779988772026,2,12.00000015,Lower Delivery,Delivery,pitch.1,437871,32.2125,-74.1096,184.1523,-251.5094,110.0919,58.2352,-0.0796,-0.1818
1779988772026,2,12.00000018,Upper Delivery,Delivery,pitch.1,438729,26.7339,-15.9821,75.2425,130.5704,41.509,0.4275,-0.0734,0.231
1779988772026,2,Pitching Mound.Delivery,,Delivery,pitch.1,437570,58.9464,-90.0917,259.3947,-83.9097,151.6009,56.7999,-0.0778,0.0807
1779988772026,2,Pitching Mound.Drive,,Delivery,pitch.1,438141,6.5051,-3.8449,22.1304,21.0549,-20.1529,-15.6558,0.1212,0.1267
1779988772026,2,Pitching Mound.Parent,,Delivery,pitch.1,437190,65.4514,-93.9366,281.5252,-62.8547,131.448,41.1441,-0.0622,0.0843
1779988772027,2,11.0000004b,Drive,Delivery,pitch.1,438142,6.7054,-3.7321,21.9693,20.4942,-19.9451,-15.4668,0.1209,0.1242
1779988772027,2,12.00000015,Lower Delivery,Delivery,pitch.1,437872,30.9596,-74.9977,188.147,-257.5862,106.4703,50.7495,-0.0753,-0.1823
1779988772027,2,12.00000018,Upper Delivery,Delivery,pitch.1,438730,21.2237,-18.775,70.8312,129.5047,41.7667,3.9827,-0.0785,0.2434
1779988772027,2,Pitching Mound.Delivery,,Delivery,pitch.1,437571,52.1833,-93.7727,258.9782,-88.1941,148.2369,51.422,-0.0762,0.0882
1779988772027,2,Pitching Mound.Drive,,Delivery,pitch.1,438142,6.7054,-3.7321,21.9693,20.4942,-19.9451,-15.4668,0.1209,0.1242
1779988772027,2,Pitching Mound.Parent,,Delivery,pitch.1,437191,58.8887,-97.5048,280.9475,-67.6999,128.2918,35.9552,-0.0608,0.091
1779988772028,2,11.0000004b,Drive,Delivery,pitch.1,438143,6.9187,-3.627,21.8794,20.0452,-20.0208,-15.2197,0.1218,0.122
1779988772028,2,12.00000015,Lower Delivery,Delivery,pitch.1,437873,28.2103,-76.5381,188.3255,-256.2814,102.3108,45.2598,-0.0723,-0.1812
1779988772028,2,12.00000018,Upper Delivery,Delivery,pitch.1,438731,16.5049,-21.0824,60.9053,130.7087,45.4401,7.4982,-0.0993,0.2857
1779988772028,2,Pitching Mound.Delivery,,Delivery,pitch.1,437572,44.7152,-97.6206,249.2309,-82.2498,147.7509,48.7782,-0.0789,0.1068
1779988772028,2,Pitching Mound.Drive,,Delivery,pitch.1,438143,6.9187,-3.627,21.8794,20.0452,-20.0208,-15.2197,0.1218,0.122
1779988772028,2,Pitching Mound.Parent,,Delivery,pitch.1,437192,51.6338,-101.2476,271.1103,-62.2046,127.7301,33.5585,-0.0627,0.108
1779988772029,2,11.0000004b,Drive,Delivery,pitch.1,438144,7.1157,-3.5417,21.6182,19.5763,-19.3461,-14.8253,0.1191,0.1206
1779988772029,2,12.00000015,Lower Delivery,Delivery,pitch.1,437874,25.2097,-77.6997,187.0752,-250.6894,99.3064,39.621,-0.0707,-0.1784
1779988772029,2,12.00000018,Upper Delivery,Delivery,pitch.1,438732,11.4013,-20.8698,42.7902,142.1212,54.4141,9.8597,-0.1693,0.327
1779988772029,2,Pitching Mound.Delivery,,Delivery,pitch.1,437573,36.6109,-98.5695,229.8654,-59.5113,153.7206,44.7859,-0.089,0.1291
1779988772029,2,Pitching Mound.Drive,,Delivery,pitch.1,438144,7.1157,-3.5417,21.6182,19.5763,-19.3461,-14.8253,0.1191,0.1206
1779988772029,2,Pitching Mound.Parent,,Delivery,pitch.1,437193,43.7266,-102.1112,251.4835,-39.935,134.3745,29.9605,-0.0711,0.1284
1779988772030,2,11.0000004b,Drive,Delivery,pitch.1,438145,7.3076,-3.4981,21.2951,18.9991,-19.1981,-14.5179,0.12,0.1188
1779988772030,2,12.00000015,Lower Delivery,Delivery,pitch.1,437875,22.5828,-77.8706,177.3228,-240.9122,94.7793,33.9283,-0.0712,-0.1809
1779988772030,2,12.00000018,Upper Delivery,Delivery,pitch.1,438733,7.4075,-20.7661,39.8368,158.0001,53.3894,12.0536,-0.1784,0.327
1779988772030,2,Pitching Mound.Delivery,,Delivery,pitch.1,437574,29.9903,-98.6366,217.1597,-36.1668,148.1687,40.8223,-0.0908,0.1276
1779988772030,2,Pitching Mound.Drive,,Delivery,pitch.1,438145,7.3076,-3.4981,21.2951,18.9991,-19.1981,-14.5179,0.12,0.1188
1779988772030,2,Pitching Mound.Parent,,Delivery,pitch.1,437194,37.2979,-102.1348,238.4547,-17.1677,128.9705,26.3044,-0.072,0.1268
1779988772031,2,11.0000004b,Drive,Delivery,pitch.1,438146,7.4,-3.4728,21.0365,18.6998,-18.4765,-14.1537,0.1169,0.1183
1779988772031,2,12.00000015,Lower Delivery,Delivery,pitch.1,437876,18.7341,-77.009,167.9505,-226.6477,89.8665,28.5341,-0.0712,-0.1797
1779988772031,2,12.00000018,Upper Delivery,Delivery,pitch.1,438734,2.307,-22.0834,29.0182,141.7523,52.4443,14.7176,-0.2406,0.327
1779988772031,2,Pitching Mound.Delivery,,Delivery,pitch.1,437575,21.0411,-99.0924,196.9688,-37.6584,142.3109,37.6665,-0.0962,0.1348
1779988772031,2,Pitching Mound.Drive,,Delivery,pitch.1,438146,7.4,-3.4728,21.0365,18.6998,-18.4765,-14.1537,0.1169,0.1183
1779988772031,2,Pitching Mound.Parent,,Delivery,pitch.1,437195,28.4411,-102.5651,218.0053,-18.9586,123.8343,23.5128,-0.0756,0.1332
1779988772032,2,11.0000004b,Drive,Delivery,pitch.1,438147,7.4536,-3.4639,20.8916,18.5548,-17.6358,-13.8369,0.1124,0.1182
1779988772032,2,12.00000015,Lower Delivery,Delivery,pitch.1,437877,14.5275,-76.202,156.3355,-204.4499,82.5324,24.7507,-0.0703,-0.1741
1779988772032,2,12.00000018,Upper Delivery,Delivery,pitch.1,438735,-0.9511,-20.3822,26.4373,110.4149,30.6261,17.4586,-0.1542,0.327
1779988772032,2,Pitching Mound.Delivery,,Delivery,pitch.1,437576,13.5763,-96.5842,182.7728,-49.8697,113.1585,36.9466,-0.0824,0.14
1779988772032,2,Pitching Mound.Drive,,Delivery,pitch.1,438147,7.4536,-3.4639,20.8916,18.5548,-17.6358,-13.8369,0.1124,0.1182
1779988772032,2,Pitching Mound.Parent,,Delivery,pitch.1,437196,21.0299,-100.0481,203.6644,-31.3148,95.5226,23.1097,-0.0624,0.1378
1779988772033,2,11.0000004b,Drive,Delivery,pitch.1,438148,7.4299,-3.4212,20.6488,18.129,-16.6842,-13.4001,0.1076,0.1169
1779988772033,2,12.00000015,Lower Delivery,Delivery,pitch.1,437878,10.595,-75.4676,151.9642,-177.6663,73.3119,23.9872,-0.0642,-0.1556
1779988772033,2,12.00000018,Upper Delivery,Delivery,pitch.1,438736,-6.4511,-21.2999,21.0255,85.78,-0.3766,18.6656,0.0024,0.327
1779988772033,2,Pitching Mound.Delivery,,Delivery,pitch.1,437577,4.1439,-96.7676,172.9897,-47.3671,72.9353,36.8572,-0.0561,0.1604
1779988772033,2,Pitching Mound.Drive,,Delivery,pitch.1,438148,7.4299,-3.4212,20.6488,18.129,-16.6842,-13.4001,0.1076,0.1169
1779988772033,2,Pitching Mound.Parent,,Delivery,pitch.1,437197,11.5738,-100.1888,193.6385,-29.2381,56.2511,23.4571,-0.0387,0.1557
1779988772034,2,11.0000004b,Drive,Delivery,pitch.1,438149,7.2558,-3.3873,20.2875,17.2459,-15.7637,-12.8117,0.1034,0.1132
1779988772034,2,12.00000015,Lower Delivery,Delivery,pitch.1,437879,5.7112,-75.5724,141.8869,-154.2468,63.1908,25.1991,-0.0593,-0.1447
1779988772034,2,12.00000018,Upper Delivery,Delivery,pitch.1,438737,-7.535,-19.2155,14.8119,68.1516,-4.8548,16.0637,0.0436,0.327
1779988772034,2,Pitching Mound.Delivery,,Delivery,pitch.1,437578,-1.8237,-94.7879,156.6988,-42.8898,58.336,36.7591,-0.0496,0.1756
1779988772034,2,Pitching Mound.Drive,,Delivery,pitch.1,438149,7.2558,-3.3873,20.2875,17.2459,-15.7637,-12.8117,0.1034,0.1132
1779988772034,2,Pitching Mound.Parent,,Delivery,pitch.1,437198,5.4321,-98.1753,176.9863,-25.6439,42.5724,23.9473,-0.032,0.1684
1779988772035,2,11.0000004b,Drive,Delivery,pitch.1,438150,6.9882,-3.3195,19.6336,16.7144,-15.2658,-12.5174,0.1035,0.1133
1779988772035,2,12.00000015,Lower Delivery,Delivery,pitch.1,437880,0.0108,-76.4687,132.092,-137.4598,51.2918,28.9787,-0.0517,-0.1385
1779988772035,2,12.00000018,Upper Delivery,Delivery,pitch.1,438738,-4.9884,-16.8608,11.606,41.4079,-5.5697,11.7256,0.0639,0.327
1779988772035,2,Pitching Mound.Delivery,,Delivery,pitch.1,437579,-4.9777,-93.3295,143.6981,-55.0866,45.7221,39.0046,-0.0424,0.1841
1779988772035,2,Pitching Mound.Drive,,Delivery,pitch.1,438150,6.9882,-3.3195,19.6336,16.7144,-15.2658,-12.5174,0.1035,0.1133
1779988772035,2,Pitching Mound.Parent,,Delivery,pitch.1,437199,2.0105,-96.649,163.3317,-38.3721,30.4563,26.4871,-0.0248,0.1756
1779988772036,2,11.0000004b,Drive,Delivery,pitch.1,438151,6.3129,-3.1133,18.5644,16.253,-15.083,-12.2725,0.1082,0.1166
1779988772036,2,12.00000015,Lower Delivery,Delivery,pitch.1,437881,-5.8931,-76.0489,124.7642,-127.8411,51.0041,31.8451,-0.0544,-0.1364
1779988772036,2,12.00000018,Upper Delivery,Delivery,pitch.1,438739,-2.1345,-15.4496,9.0024,25.5798,-10.4745,11.2616,0.1549,0.327
1779988772036,2,Pitching Mound.Delivery,,Delivery,pitch.1,437580,-8.0276,-91.4985,133.7666,-62.9023,40.5296,44.3846,-0.0403,0.189
1779988772036,2,Pitching Mound.Drive,,Delivery,pitch.1,438151,6.3129,-3.1133,18.5644,16.253,-15.083,-12.2725,0.1082,0.1166
1779988772036,2,Pitching Mound.Parent,,Delivery,pitch.1,437200,-1.7147,-94.6118,152.331,-46.6493,25.4466,32.112,-0.0222,0.1802
1779988772037,2,11.0000004b,Drive,Delivery,pitch.1,438152,5.5384,-2.9344,18.3692,15.5992,-14.0515,-11.8583,0.1018,0.1131
1779988772037,2,12.00000015,Lower Delivery,Delivery,pitch.1,437882,-11.4955,-77.3581,117.3241,-128.2359,54.666,34.1749,-0.062,-0.1455
1779988772037,2,12.00000018,Upper Delivery,Delivery,pitch.1,438740,-2.4152,-14.8759,7.1333,19.2132,-11.1832,9.0713,0.2087,0.327
1779988772037,2,Pitching Mound.Delivery,,Delivery,pitch.1,437581,-13.9107,-92.234,124.4574,-71.5578,43.4828,46.3335,-0.0465,0.1826
1779988772037,2,Pitching Mound.Drive,,Delivery,pitch.1,438152,5.5384,-2.9344,18.3692,15.5992,-14.0515,-11.8583,0.1018,0.1131
1779988772037,2,Pitching Mound.Parent,,Delivery,pitch.1,437201,-8.3723,-95.1684,142.8266,-55.9587,29.4313,34.4752,-0.0274,0.1737
1779988772038,2,11.0000004b,Drive,Delivery,pitch.1,438153,4.5599,-2.7169,17.8966,14.755,-13.6656,-11.485,0.1017,0.1098
1779988772038,2,12.00000015,Lower Delivery,Delivery,pitch.1,437883,-16.7138,-78.9418,106.632,-131.7122,61.7587,33.7384,-0.0771,-0.1644
1779988772038,2,12.00000018,Upper Delivery,Delivery,pitch.1,438741,-2.6706,-14.8556,6.0511,29.5758,-17.1719,11.572,0.3016,0.327
1779988772038,2,Pitching Mound.Delivery,,Delivery,pitch.1,437582,-19.3843,-93.7974,112.6831,-67.9389,44.5868,50.0851,-0.0568,0.1654
1779988772038,2,Pitching Mound.Drive,,Delivery,pitch.1,438153,4.5599,-2.7169,17.8966,14.755,-13.6656,-11.485,0.1017,0.1098
1779988772038,2,Pitching Mound.Parent,,Delivery,pitch.1,437202,-14.8244,-96.5143,130.5797,-53.184,30.9213,38.6001,-0.0351,0.1578
1779988772039,2,11.0000004b,Drive,Delivery,pitch.1,438154,3.781,-2.3455,17.142,15.2235,-13.7004,-11.2917,0.1064,0.1182
1779988772039,2,12.00000015,Lower Delivery,Delivery,pitch.1,437884,-20.2584,-78.8394,104.5384,-132.7468,65.3647,30.8624,-0.0832,-0.1691
1779988772039,2,12.00000018,Upper Delivery,Delivery,pitch.1,438742,-2.9256,-15.4042,5.3404,41.7172,-12.315,14.9174,0.3016,0.327
1779988772039,2,Pitching Mound.Delivery,,Delivery,pitch.1,437583,-23.184,-94.2436,109.8788,-57.3022,53.0497,51.673,-0.0645,0.162
1779988772039,2,Pitching Mound.Drive,,Delivery,pitch.1,438154,3.781,-2.3455,17.142,15.2235,-13.7004,-11.2917,0.1064,0.1182
1779988772039,2,Pitching Mound.Parent,,Delivery,pitch.1,437203,-19.403,-96.5891,127.0208,-42.0787,39.3492,40.3812,-0.0415,0.1561
1779988772040,2,11.0000004b,Drive,Delivery,pitch.1,438155,3.054,-2.2624,17.4439,15.0977,-13.9284,-11.187,0.1063,0.1152
1779988772040,2,12.00000015,Lower Delivery,Delivery,pitch.1,437885,-22.686,-78.5738,102.6968,-136.0074,62.6614,25.5184,-0.0812,-0.1763
1779988772040,2,12.00000018,Upper Delivery,Delivery,pitch.1,438743,-3.4595,-16.396,4.3681,50.5082,-12.068,19.5203,0.3016,0.327
1779988772040,2,Pitching Mound.Delivery,,Delivery,pitch.1,437584,-26.1454,-94.9699,107.065,-52.0674,50.5933,51.5758,-0.0656,0.1565
1779988772040,2,Pitching Mound.Drive,,Delivery,pitch.1,438155,3.054,-2.2624,17.4439,15.0977,-13.9284,-11.187,0.1063,0.1152
1779988772040,2,Pitching Mound.Parent,,Delivery,pitch.1,437204,-23.0914,-97.2323,124.5089,-36.9697,36.6649,40.3888,-0.0415,0.1507
1779988772041,2,11.0000004b,Drive,Delivery,pitch.1,438156,2.5437,-2.1032,16.6962,15.2425,-14.1356,-11.3359,0.1127,0.1215
1779988772041,2,12.00000015,Lower Delivery,Delivery,pitch.1,437886,-24.2453,-78.5806,100.3609,-136.1996,58.2045,18.0548,-0.0772,-0.1807
1779988772041,2,12.00000018,Upper Delivery,Delivery,pitch.1,438744,-2.9465,-13.0985,2.6268,19.7989,-24.0048,22.9164,0.0,0.0
1779988772041,2,Pitching Mound.Delivery,,Delivery,pitch.1,437585,-27.1919,-91.6791,102.9877,-83.171,34.1997,48.2128,-0.0752,0.1466
1779988772041,2,Pitching Mound.Drive,,Delivery,pitch.1,438156,2.5437,-2.1032,16.6962,15.2425,-14.1356,-11.3359,0.1127,0.1215
1779988772041,2,Pitching Mound.Parent,,Delivery,pitch.1,437205,-24.6482,-93.7823,119.6839,-67.9285,20.0641,36.8769,-0.049,0.1431
1779988772042,2,11.0000004b,Drive,Delivery,pitch.1,438157,2.0091,-1.9386,16.061,15.2501,-14.3908,-11.2516,0.1193,0.1264
1779988772042,2,12.00000015,Lower Delivery,Delivery,pitch.1,437887,-24.7508,-79.275,98.7537,-135.2139,47.5417,9.7122,-0.0641,-0.1823
1779988772042,2,12.00000018,Upper Delivery,Delivery,pitch.1,438745,-3.9712,-18.8615,8.619,35.1931,-10.9652,26.4794,0.1694,0.327
1779988772042,2,Pitching Mound.Delivery,,Delivery,pitch.1,437586,-28.722,-98.1365,107.3727,-69.375,36.5765,43.2567,-0.0453,0.144
1779988772042,2,Pitching Mound.Drive,,Delivery,pitch.1,438157,2.0091,-1.9386,16.061,15.2501,-14.3908,-11.2516,0.1193,0.1264
1779988772042,2,Pitching Mound.Parent,,Delivery,pitch.1,437206,-26.7129,-100.0752,123.4337,-54.1249,22.1857,32.005,-0.0239,0.1417
1779988772043,2,11.0000004b,Drive,Delivery,pitch.1,438158,1.6939,-1.8064,15.5243,14.9379,-14.3443,-11.1095,0.123,0.1281
1779988772043,2,12.00000015,Lower Delivery,Delivery,pitch.1,437888,-23.6951,-77.602,94.6129,-130.256,41.7527,3.506,-0.0587,-0.1833
1779988772043,2,12.00000018,Upper Delivery,Delivery,pitch.1,438746,-5.451,-19.7975,14.2985,31.7433,-1.682,25.4934,0.0157,0.2955
1779988772043,2,Pitching Mound.Delivery,,Delivery,pitch.1,437587,-29.1461,-97.3995,108.9114,-71.2058,40.0707,35.2025,-0.049,0.1303
1779988772043,2,Pitching Mound.Drive,,Delivery,pitch.1,438158,1.6939,-1.8064,15.5243,14.9379,-14.3443,-11.1095,0.123,0.1281
1779988772043,2,Pitching Mound.Parent,,Delivery,pitch.1,437207,-27.4522,-99.206,124.4357,-56.268,25.7264,24.093,-0.0275,0.13
1779988772044,2,11.0000004b,Drive,Delivery,pitch.1,438159,1.4995,-1.7153,15.3258,14.5501,-14.4333,-10.9193,0.1254,0.1264
1779988772044,2,12.00000015,Lower Delivery,Delivery,pitch.1,437889,-22.2918,-76.021,92.3354,-123.0697,35.1348,-1.3724,-0.0507,-0.1774
1779988772044,2,12.00000018,Upper Delivery,Delivery,pitch.1,438747,-6.4561,-12.7726,24.3593,28.5919,8.9023,22.2144,-0.0487,0.1563
1779988772044,2,Pitching Mound.Delivery,,Delivery,pitch.1,437588,-28.7479,-88.7935,116.6947,-71.3659,44.0371,26.2261,-0.0502,0.0903
1779988772044,2,Pitching Mound.Drive,,Delivery,pitch.1,438159,1.4995,-1.7153,15.3258,14.5501,-14.4333,-10.9193,0.1254,0.1264
1779988772044,2,Pitching Mound.Parent,,Delivery,pitch.1,437208,-27.2484,-90.5089,132.0205,-56.8159,29.6038,15.3067,-0.0299,0.0945
1779988772045,2,11.0000004b,Drive,Delivery,pitch.1,438160,1.3903,-1.664,15.0847,14.2979,-14.3236,-10.7521,0.1264,0.1262
1779988772045,2,12.00000015,Lower Delivery,Delivery,pitch.1,437890,-21.0764,-73.3369,88.5392,-115.9523,30.8279,-2.2825,-0.0464,-0.1743
1779988772045,2,12.00000018,Upper Delivery,Delivery,pitch.1,438748,-4.2146,-11.0408,17.5893,41.9801,9.4975,16.6223,-0.0719,0.3177
1779988772045,2,Pitching Mound.Delivery,,Delivery,pitch.1,437589,-25.291,-84.3777,106.1285,-49.8493,40.3254,20.0728,-0.0506,0.1345
1779988772045,2,Pitching Mound.Drive,,Delivery,pitch.1,438160,1.3903,-1.664,15.0847,14.2979,-14.3236,-10.7521,0.1264,0.1262
1779988772045,2,Pitching Mound.Parent,,Delivery,pitch.1,437209,-23.9007,-86.0417,121.2131,-35.5515,26.0017,9.3207,-0.0286,0.1335
1779988772046,2,11.0000004b,Drive,Delivery,pitch.1,438161,1.2949,-1.6117,14.8909,13.9186,-14.2039,-10.4898,0.127,0.1244
1779988772046,2,12.00000015,Lower Delivery,Delivery,pitch.1,437891,-19.1918,-71.79,85.9521,-109.9403,27.0117,-1.744,-0.0418,-0.1703
1779988772046,2,12.00000018,Upper Delivery,Delivery,pitch.1,438749,-0.8844,-8.7019,10.6704,23.488,13.9267,9.9966,-0.1738,0.293
1779988772046,2,Pitching Mound.Delivery,,Delivery,pitch.1,437590,-20.0762,-80.4918,96.6225,-60.8565,40.9384,14.4771,-0.0564,0.1458
1779988772046,2,Pitching Mound.Drive,,Delivery,pitch.1,438161,1.2949,-1.6117,14.8909,13.9186,-14.2039,-10.4898,0.127,0.1244
1779988772046,2,Pitching Mound.Parent,,Delivery,pitch.1,437210,-18.7813,-82.1035,111.5134,-46.9379,26.7344,3.9873,-0.0319,0.1429
1779988772047,2,11.0000004b,Drive,Delivery,pitch.1,438162,1.2877,-1.5681,14.6915,13.6504,-13.871,-10.1212,0.1257,0.1237
1779988772047,2,12.00000015,Lower Delivery,Delivery,pitch.1,437892,-18.1503,-70.4588,85.4954,-103.8743,20.9703,-0.3134,-0.0327,-0.1617
1779988772047,2,12.00000018,Upper Delivery,Delivery,pitch.1,438750,-2.7922,-9.4822,10.9693,23.9652,9.3459,5.8806,-0.1134,0.2909
1779988772047,2,Pitching Mound.Delivery,,Delivery,pitch.1,437591,-20.9425,-79.941,96.4646,-54.5702,30.3163,10.789,-0.0418,0.1524
1779988772047,2,Pitching Mound.Drive,,Delivery,pitch.1,438162,1.2877,-1.5681,14.6915,13.6504,-13.871,-10.1212,0.1257,0.1237
1779988772047,2,Pitching Mound.Parent,,Delivery,pitch.1,437211,-19.6548,-81.5091,111.1561,-40.9199,16.4453,0.6678,-0.0197,0.1486
1779988772048,2,11.0000004b,Drive,Delivery,pitch.1,438163,1.3489,-1.5181,14.1637,13.6042,-13.7998,-9.8087,0.1297,0.1279
1779988772048,2,12.00000015,Lower Delivery,Delivery,pitch.1,437893,-16.8851,-70.6984,84.4721,-94.5053,27.0689,3.9713,-0.0427,-0.1489
1779988772048,2,12.00000018,Upper Delivery,Delivery,pitch.1,438751,-2.6655,-9.4084,9.5176,18.8485,12.0533,2.1172,-0.1686,0.2636
1779988772048,2,Pitching Mound.Delivery,,Delivery,pitch.1,437592,-19.5506,-80.1068,93.9897,-50.1723,39.1222,10.9232,-0.0554,0.164
1779988772048,2,Pitching Mound.Drive,,Delivery,pitch.1,438163,1.3489,-1.5181,14.1637,13.6042,-13.7998,-9.8087,0.1297,0.1279
1779988772048,2,Pitching Mound.Parent,,Delivery,pitch.1,437212,-18.2017,-81.625,108.1534,-36.5681,25.3224,1.1145,-0.0312,0.1593
1779988772049,2,11.0000004b,Drive,Delivery,pitch.1,438164,1.5893,-1.4722,13.8779,13.7336,-13.2315,-9.3416,0.1269,0.1317
1779988772049,2,12.00000015,Lower Delivery,Delivery,pitch.1,437894,-15.6547,-71.3242,86.5361,-91.5177,29.927,8.1346,-0.046,-0.1408
1779988772049,2,12.00000018,Upper Delivery,Delivery,pitch.1,438752,-2.6681,-8.5208,13.3427,3.6132,5.1632,0.0276,-0.0515,0.0361
1779988772049,2,Pitching Mound.Delivery,,Delivery,pitch.1,437593,-18.3227,-79.8449,99.8788,-63.0187,35.0902,12.5777,-0.0468,0.132
1779988772049,2,Pitching Mound.Drive,,Delivery,pitch.1,438164,1.5893,-1.4722,13.8779,13.7336,-13.2315,-9.3416,0.1269,0.1317
1779988772049,2,Pitching Mound.Parent,,Delivery,pitch.1,437213,-16.7334,-81.3171,113.7567,-49.2851,21.8587,3.2361,-0.0256,0.132
1779988772050,2,11.0000004b,Drive,Delivery,pitch.1,438165,1.7776,-1.4636,13.4884,13.6843,-12.4641,-8.8741,0.123,0.1351
1779988772050,2,12.00000015,Lower Delivery,Delivery,pitch.1,437895,-13.7946,-70.7178,86.8681,-93.1609,32.1162,11.8767,-0.0492,-0.1428
1779988772050,2,12.00000018,Upper Delivery,Delivery,pitch.1,438753,-0.2466,-5.611,11.1329,-0.0884,-0.0304,-0.0012,0.0004,-0.0011
1779988772050,2,Pitching Mound.Delivery,,Delivery,pitch.1,437594,-14.0412,-76.3288,98.001,-67.4993,32.0858,16.4819,-0.0436,0.1361
1779988772050,2,Pitching Mound.Drive,,Delivery,pitch.1,438165,1.7776,-1.4636,13.4884,13.6843,-12.4641,-8.8741,0.123,0.1351
1779988772050,2,Pitching Mound.Parent,,Delivery,pitch.1,437214,-12.2636,-77.7924,111.4894,-53.815,19.6217,7.6077,-0.0234,0.136
1779988772051,2,11.0000004b,Drive,Delivery,pitch.1,438166,2.0548,-1.4854,12.8031,12.9777,-12.1739,-8.4839,0.1266,0.1349
1779988772051,2,12.00000015,Lower Delivery,Delivery,pitch.1,437896,-12.4618,-69.0216,87.6252,-96.9044,32.4259,14.5687,-0.0493,-0.1472
1779988772051,2,12.00000018,Upper Delivery,Delivery,pitch.1,438754,1.3928,-3.748,17.4011,-0.0884,-0.0304,-0.0012,0.0002,-0.0007
1779988772051,2,Pitching Mound.Delivery,,Delivery,pitch.1,437595,-11.069,-72.7697,105.0263,-73.1166,32.3956,19.2781,-0.0411,0.1044
1779988772051,2,Pitching Mound.Drive,,Delivery,pitch.1,438166,2.0548,-1.4854,12.8031,12.9777,-12.1739,-8.4839,0.1266,0.1349
1779988772051,2,Pitching Mound.Parent,,Delivery,pitch.1,437215,-9.0142,-74.2551,117.8295,-60.1389,20.2217,10.7942,-0.0228,0.1077
1779988772052,2,11.0000004b,Drive,Delivery,pitch.1,438167,2.3954,-1.4896,12.4463,12.7726,-11.6225,-7.9907,0.1243,0.1366
1779988772052,2,12.00000015,Lower Delivery,Delivery,pitch.1,437897,-11.0335,-67.6196,89.9215,-101.8241,31.8229,15.6676,-0.0471,-0.1507
1779988772052,2,12.00000018,Upper Delivery,Delivery,pitch.1,438755,3.4079,-2.2451,21.7755,4.186,-3.7401,1.2128,0.0229,0.0256
1779988772052,2,Pitching Mound.Delivery,,Delivery,pitch.1,437596,-7.6256,-69.8647,111.6971,-74.4684,28.0828,21.7905,-0.0335,0.0911
1779988772052,2,Pitching Mound.Drive,,Delivery,pitch.1,438167,2.3954,-1.4896,12.4463,12.7726,-11.6225,-7.9907,0.1243,0.1366
1779988772052,2,Pitching Mound.Parent,,Delivery,pitch.1,437216,-5.2302,-71.3543,124.1434,-61.6958,16.4603,13.7998,-0.0177,0.0956
1779988772053,2,11.0000004b,Drive,Delivery,pitch.1,438168,2.7049,-1.4081,11.7314,13.0193,-11.6564,-7.4066,0.1323,0.1477
1779988772053,2,12.00000015,Lower Delivery,Delivery,pitch.1,437898,-9.7066,-65.486,93.3183,-107.7474,32.8235,16.0705,-0.0468,-0.1537
1779988772053,2,12.00000018,Upper Delivery,Delivery,pitch.1,438756,4.486,-1.4869,28.3355,2.5237,-1.025,2.4333,0.0048,0.0119
1779988772053,2,Pitching Mound.Delivery,,Delivery,pitch.1,437597,-5.2206,-66.973,121.6539,-83.1295,31.7985,23.3293,-0.0348,0.0665
1779988772053,2,Pitching Mound.Drive,,Delivery,pitch.1,438168,2.7049,-1.4081,11.7314,13.0193,-11.6564,-7.4066,0.1323,0.1477
1779988772053,2,Pitching Mound.Parent,,Delivery,pitch.1,437217,-2.5157,-68.381,133.3853,-70.1102,20.1421,15.9227,-0.0201,0.0736
1779988772054,2,11.0000004b,Drive,Delivery,pitch.1,438169,2.8792,-1.3345,11.1721,12.6172,-11.1126,-6.9367,0.1324,0.1503
1779988772054,2,12.00000015,Lower Delivery,Delivery,pitch.1,437899,-9.1667,-63.9249,93.7117,-110.6711,32.2881,15.2939,-0.0459,-0.1572
1779988772054,2,12.00000018,Upper Delivery,Delivery,pitch.1,438757,6.3799,-1.2423,30.4326,14.2832,1.3386,0.1411,-0.0059,0.0625
1779988772054,2,Pitching Mound.Delivery,,Delivery,pitch.1,437598,-2.7868,-65.1671,124.1444,-74.873,33.6267,20.7208,-0.0361,0.0699
1779988772054,2,Pitching Mound.Drive,,Delivery,pitch.1,438169,2.8792,-1.3345,11.1721,12.6172,-11.1126,-6.9367,0.1324,0.1503
1779988772054,2,Pitching Mound.Parent,,Delivery,pitch.1,437218,0.0924,-66.5016,135.3164,-62.2558,22.5141,13.7841,-0.0221,0.0766
1779988772055,2,11.0000004b,Drive,Delivery,pitch.1,438170,2.9765,-1.2436,11.0243,11.9616,-10.9943,-6.5002,0.1328,0.1444
1779988772055,2,12.00000015,Lower Delivery,Delivery,pitch.1,437900,-8.8107,-62.8908,91.8716,-110.3861,32.9848,13.7414,-0.0478,-0.16
1779988772055,2,12.00000018,Upper Delivery,Delivery,pitch.1,438758,7.9726,-2.4656,34.6415,28.1571,2.7487,-3.642,-0.0106,0.1082
1779988772055,2,Pitching Mound.Delivery,,Delivery,pitch.1,437599,-0.8381,-65.3563,126.5131,-62.7708,35.7334,15.8058,-0.0376,0.0673
1779988772055,2,Pitching Mound.Drive,,Delivery,pitch.1,438170,2.9765,-1.2436,11.0243,11.9616,-10.9943,-6.5002,0.1328,0.1444
1779988772055,2,Pitching Mound.Parent,,Delivery,pitch.1,437219,2.1384,-66.5999,137.5374,-50.8092,24.7392,9.3056,-0.0239,0.0735
1779988772056,2,11.0000004b,Drive,Delivery,pitch.1,438171,3.0368,-1.1238,10.8152,11.3813,-10.8657,-6.1334,0.1337,0.1401
1779988772056,2,12.00000015,Lower Delivery,Delivery,pitch.1,437901,-8.4126,-61.8466,92.7694,-105.0751,34.7289,12.7332,-0.0498,-0.1508
1779988772056,2,12.00000018,Upper Delivery,Delivery,pitch.1,438759,9.7163,-1.3256,35.5325,38.6666,8.5421,-3.6056,-0.032,0.1449
1779988772056,2,Pitching Mound.Delivery,,Delivery,pitch.1,437600,1.3037,-63.1723,128.302,-46.9479,43.271,15.2914,-0.0449,0.0828
1779988772056,2,Pitching Mound.Drive,,Delivery,pitch.1,438171,3.0368,-1.1238,10.8152,11.3813,-10.8657,-6.1334,0.1337,0.1401
1779988772056,2,Pitching Mound.Parent,,Delivery,pitch.1,437220,4.3405,-64.2961,139.1171,-35.5667,32.4052,9.158,-0.031,0.0872
1779988772057,2,11.0000004b,Drive,Delivery,pitch.1,438172,3.0221,-1.0032,10.4403,10.914,-10.4954,-5.8564,0.1338,0.1392
1779988772057,2,12.00000015,Lower Delivery,Delivery,pitch.1,437902,-7.8553,-61.0097,93.2356,-97.8351,34.1361,12.2008,-0.0487,-0.1397
1779988772057,2,12.00000018,Upper Delivery,Delivery,pitch.1,438760,9.4747,-1.837,36.6366,55.5798,12.2246,-1.7098,-0.0444,0.202
1779988772057,2,Pitching Mound.Delivery,,Delivery,pitch.1,437601,1.6195,-62.8467,129.8722,-23.0117,46.3607,16.3833,-0.0475,0.1049
1779988772057,2,Pitching Mound.Drive,,Delivery,pitch.1,438172,3.0221,-1.0032,10.4403,10.914,-10.4954,-5.8564,0.1338,0.1392
1779988772057,2,Pitching Mound.Parent,,Delivery,pitch.1,437221,4.6416,-63.8499,140.3125,-12.0977,35.8653,10.5269,-0.034,0.1074
1779988772058,2,11.0000004b,Drive,Delivery,pitch.1,438173,2.9052,-0.9065,10.1643,10.4513,-9.0564,-5.4679,0.1186,0.1369
1779988772058,2,12.00000015,Lower Delivery,Delivery,pitch.1,437903,-7.2495,-60.3858,94.2262,-93.2593,36.2066,13.8925,-0.0512,-0.1318
1779988772058,2,12.00000018,Upper Delivery,Delivery,pitch.1,438761,9.3527,-2.0687,31.3333,66.9805,11.7732,1.567,-0.05,0.2846
1779988772058,2,Pitching Mound.Delivery,,Delivery,pitch.1,437602,2.1032,-62.4546,125.5595,-4.8953,47.9797,21.1043,-0.0509,0.1424
1779988772058,2,Pitching Mound.Drive,,Delivery,pitch.1,438173,2.9052,-0.9065,10.1643,10.4513,-9.0564,-5.4679,0.1186,0.1369
1779988772058,2,Pitching Mound.Parent,,Delivery,pitch.1,437222,5.0084,-63.361,135.7238,5.556,38.9233,15.6363,-0.0382,0.142
1779988772059,2,11.0000004b,Drive,Delivery,pitch.1,438174,2.7946,-0.7797,9.7483,9.9045,-8.4956,-5.3028,0.116,0.1353
1779988772059,2,12.00000015,Lower Delivery,Delivery,pitch.1,437904,-6.2546,-59.9201,93.6005,-89.7488,37.7403,15.7914,-0.0537,-0.1276
1779988772059,2,12.00000018,Upper Delivery,Delivery,pitch.1,438762,8.61,-2.3222,25.7446,63.5113,6.789,3.7824,-0.0351,0.327
1779988772059,2,Pitching Mound.Delivery,,Delivery,pitch.1,437603,2.3554,-62.2424,119.3451,-3.1665,44.5293,24.6278,-0.0497,0.1637
1779988772059,2,Pitching Mound.Drive,,Delivery,pitch.1,438174,2.7946,-0.7797,9.7483,9.9045,-8.4956,-5.3028,0.116,0.1353
1779988772059,2,Pitching Mound.Parent,,Delivery,pitch.1,437223,5.15,-63.022,129.0934,6.738,36.0337,19.325,-0.0372,0.1616
1779988772060,2,11.0000004b,Drive,Delivery,pitch.1,438175,2.5957,-0.6745,9.3474,9.055,-7.5908,-5.1431,0.1081,0.129
1779988772060,2,12.00000015,Lower Delivery,Delivery,pitch.1,437905,-5.7204,-60.1684,95.4263,-89.4056,40.4348,18.1108,-0.0564,-0.1247
1779988772060,2,12.00000018,Upper Delivery,Delivery,pitch.1,438763,6.9872,-3.1989,18.6538,60.8824,2.045,6.3893,-0.0146,0.327
1779988772060,2,Pitching Mound.Delivery,,Delivery,pitch.1,437604,1.2668,-63.3674,114.0802,-2.4206,42.4799,28.8207,-0.0496,0.178
1779988772060,2,Pitching Mound.Drive,,Delivery,pitch.1,438175,2.5957,-0.6745,9.3474,9.055,-7.5908,-5.1431,0.1081,0.129
1779988772060,2,Pitching Mound.Parent,,Delivery,pitch.1,437224,3.8625,-64.0419,123.4276,6.6344,34.8891,23.6777,-0.0376,0.1742
1779988772061,2,11.0000004b,Drive,Delivery,pitch.1,438176,2.3019,-0.5675,8.9554,8.2473,-6.4397,-5.0374,0.0957,0.1226
1779988772061,2,12.00000015,Lower Delivery,Delivery,pitch.1,437906,-5.4641,-60.4771,94.8934,-86.1194,41.5157,22.2509,-0.0582,-0.1208
1779988772061,2,12.00000018,Upper Delivery,Delivery,pitch.1,438764,4.8578,-3.1572,13.8141,54.5653,3.3848,8.454,-0.0326,0.327
1779988772061,2,Pitching Mound.Delivery,,Delivery,pitch.1,437605,-0.6063,-63.6343,108.7075,-3.9872,44.9005,34.2143,-0.055,0.1897
1779988772061,2,Pitching Mound.Drive,,Delivery,pitch.1,438176,2.3019,-0.5675,8.9554,8.2473,-6.4397,-5.0374,0.0957,0.1226
1779988772061,2,Pitching Mound.Parent,,Delivery,pitch.1,437225,1.6956,-64.2018,117.6629,4.2601,38.4609,29.1769,-0.0435,0.1846
1779988772062,2,11.0000004b,Drive,Delivery,pitch.1,438177,1.9849,-0.4543,8.8326,7.8406,-5.3629,-4.8687,0.0808,0.1182
1779988772062,2,12.00000015,Lower Delivery,Delivery,pitch.1,437907,-4.4503,-61.293,91.0182,-90.6935,44.3597,25.2848,-0.0649,-0.1327
1779988772062,2,12.00000018,Upper Delivery,Delivery,pitch.1,438765,2.7744,-3.4657,14.8682,40.9686,0.2465,9.9242,-0.0022,0.327
1779988772062,2,Pitching Mound.Delivery,,Delivery,pitch.1,437606,-1.6759,-64.7587,105.8864,-23.834,44.6062,37.6654,-0.0561,0.1764
1779988772062,2,Pitching Mound.Drive,,Delivery,pitch.1,438177,1.9849,-0.4543,8.8326,7.8406,-5.3629,-4.8687,0.0808,0.1182
1779988772062,2,Pitching Mound.Parent,,Delivery,pitch.1,437226,0.309,-65.213,114.719,-15.9934,39.2433,32.7967,-0.0455,0.1719
1779988772063,2,11.0000004b,Drive,Delivery,pitch.1,438178,1.6207,-0.3203,8.5946,6.8237,-4.4986,-4.7558,0.0697,0.1057
1779988772063,2,12.00000015,Lower Delivery,Delivery,pitch.1,437908,-3.4883,-62.8744,89.513,-99.7205,53.8571,28.1623,-0.0801,-0.1483
1779988772063,2,12.00000018,Upper Delivery,Delivery,pitch.1,438766,-0.587,-5.158,8.5357,22.2281,-0.7261,9.0177,0.0113,0.327
1779988772063,2,Pitching Mound.Delivery,,Delivery,pitch.1,437607,-4.0753,-68.0323,98.0487,-49.9602,53.131,38.1664,-0.0721,0.1739
1779988772063,2,Pitching Mound.Drive,,Delivery,pitch.1,438178,1.6207,-0.3203,8.5946,6.8237,-4.4986,-4.7558,0.0697,0.1057
1779988772063,2,Pitching Mound.Parent,,Delivery,pitch.1,437227,-2.4546,-68.3527,106.6433,-43.1365,48.6324,33.4106,-0.0607,0.1684
1779988772064,2,11.0000004b,Drive,Delivery,pitch.1,438179,1.269,-0.1797,8.4021,6.7182,-3.5017,-4.6193,0.0555,0.1064
1779988772064,2,12.00000015,Lower Delivery,Delivery,pitch.1,437909,-2.4695,-64.479,86.6558,-108.0732,61.2028,30.7408,-0.094,-0.166
1779988772064,2,12.00000018,Upper Delivery,Delivery,pitch.1,438767,-1.0492,-7.3874,5.5656,17.3613,-6.8494,9.5024,0.1638,0.327
1779988772064,2,Pitching Mound.Delivery,,Delivery,pitch.1,437608,-3.5188,-71.8664,92.2214,-63.1413,54.3534,40.7262,-0.0785,0.1627
1779988772064,2,Pitching Mound.Drive,,Delivery,pitch.1,438179,1.269,-0.1797,8.4021,6.7182,-3.5017,-4.6193,0.0555,0.1064
1779988772064,2,Pitching Mound.Parent,,Delivery,pitch.1,437228,-2.2498,-72.0461,100.6235,-56.4231,50.8517,36.1069,-0.0673,0.158
1779988772065,2,11.0000004b,Drive,Delivery,pitch.1,438180,0.9463,-0.0416,8.0399,6.1825,-3.1823,-4.3961,0.0527,0.1024
1779988772065,2,12.00000015,Lower Delivery,Delivery,pitch.1,437910,-2.1558,-67.0449,86.7206,-114.8311,67.2664,32.6067,-0.1033,-0.1763
1779988772065,2,12.00000018,Upper Delivery,Delivery,pitch.1,438768,-1.7709,-9.2255,6.5804,20.915,-8.0436,10.6896,0.1627,0.327
1779988772065,2,Pitching Mound.Delivery,,Delivery,pitch.1,437609,-3.9267,-76.2704,93.301,-66.6685,59.2229,43.4272,-0.0845,0.1513
1779988772065,2,Pitching Mound.Drive,,Delivery,pitch.1,438180,0.9463,-0.0416,8.0399,6.1825,-3.1823,-4.3961,0.0527,0.1024
1779988772065,2,Pitching Mound.Parent,,Delivery,pitch.1,437229,-2.9804,-76.312,101.3409,-60.486,56.0406,39.0311,-0.0736,0.1474
1779988772066,2,11.0000004b,Drive,Delivery,pitch.1,438181,0.6353,0.1034,7.7998,5.872,-2.9402,-4.0928,0.0502,0.1002
1779988772066,2,12.00000015,Lower Delivery,Delivery,pitch.1,437911,-2.4406,-70.6752,86.6914,-123.6909,71.5429,33.2109,-0.1099,-0.1899
1779988772066,2,12.00000018,Upper Delivery,Delivery,pitch.1,438769,-0.9281,-10.5597,5.9867,27.014,-2.5714,12.9759,0.0572,0.327
1779988772066,2,Pitching Mound.Delivery,,Delivery,pitch.1,437610,-3.3687,-81.2349,92.6781,-69.2373,68.9715,46.701,-0.0991,0.1395
1779988772066,2,Pitching Mound.Drive,,Delivery,pitch.1,438181,0.6353,0.1034,7.7998,5.872,-2.9402,-4.0928,0.0502,0.1002
1779988772066,2,Pitching Mound.Parent,,Delivery,pitch.1,437230,-2.7335,-81.1316,100.4779,-63.3653,66.0313,42.6082,-0.0875,0.1365
1779988772067,2,11.0000004b,Drive,Delivery,pitch.1,438182,0.3238,0.241,7.4324,5.1878,-3.1593,-3.7022,0.0566,0.0929
1779988772067,2,12.00000015,Lower Delivery,Delivery,pitch.1,437912,-2.3586,-73.6394,85.6978,-128.4458,78.3925,33.5984,-0.1218,-0.1995
1779988772067,2,12.00000018,Upper Delivery,Delivery,pitch.1,438770,-2.1558,-12.8884,7.6804,42.4602,0.8144,14.7892,-0.0141,0.327
1779988772067,2,Pitching Mound.Delivery,,Delivery,pitch.1,437611,-4.5144,-86.5279,93.3782,-59.4597,79.2069,48.4566,-0.1129,0.1278
1779988772067,2,Pitching Mound.Drive,,Delivery,pitch.1,438182,0.3238,0.241,7.4324,5.1878,-3.1593,-3.7022,0.0566,0.0929
1779988772067,2,Pitching Mound.Parent,,Delivery,pitch.1,437231,-4.1906,-86.2869,100.8106,-54.2719,76.0476,44.7544,-0.1004,0.1253
1779988772068,2,11.0000004b,Drive,Delivery,pitch.1,438183,0.0824,0.3131,7.1469,4.7262,-3.3825,-3.3556,0.063,0.088
1779988772068,2,12.00000015,Lower Delivery,Delivery,pitch.1,437913,-2.6197,-76.0309,85.3362,-129.9303,80.6348,34.8536,-0.1258,-0.2027
1779988772068,2,12.00000018,Upper Delivery,Delivery,pitch.1,438771,-3.0741,-14.9881,9.9065,55.9973,4.6573,14.3072,-0.0626,0.327
1779988772068,2,Pitching Mound.Delivery,,Delivery,pitch.1,437612,-5.6937,-91.019,95.2427,-48.2869,85.2921,49.0063,-0.1192,0.1217
1779988772068,2,Pitching Mound.Drive,,Delivery,pitch.1,438183,0.0824,0.3131,7.1469,4.7262,-3.3825,-3.3556,0.063,0.088
1779988772068,2,Pitching Mound.Parent,,Delivery,pitch.1,437232,-5.6113,-90.7058,102.3896,-43.5607,81.9096,45.6507,-0.1065,0.1193
1779988772069,2,11.0000004b,Drive,Delivery,pitch.1,438184,-0.038,0.3486,7.0101,4.5555,-3.3433,-3.1531,0.0635,0.0865
1779988772069,2,12.00000015,Lower Delivery,Delivery,pitch.1,437914,-2.7367,-80.4638,85.2472,-137.4852,83.6226,34.3087,-0.1306,-0.2147
1779988772069,2,12.00000018,Upper Delivery,Delivery,pitch.1,438772,-3.4821,-15.5787,15.8994,68.0695,0.7396,15.4449,-0.0062,0.327
1779988772069,2,Pitching Mound.Delivery,,Delivery,pitch.1,437613,-6.2188,-96.0425,101.1466,-45.8375,84.3622,49.5002,-0.111,0.1036
1779988772069,2,Pitching Mound.Drive,,Delivery,pitch.1,438184,-0.038,0.3486,7.0101,4.5555,-3.3433,-3.1531,0.0635,0.0865
1779988772069,2,Pitching Mound.Parent,,Delivery,pitch.1,437233,-6.2568,-95.694,108.1567,-41.282,81.0189,46.3471,-0.0997,0.1025
1779988772070,2,11.0000004b,Drive,Delivery,pitch.1,438185,-0.119,0.3177,6.7904,4.455,-3.158,-2.998,0.0619,0.0873
1779988772070,2,12.00000015,Lower Delivery,Delivery,pitch.1,437915,-3.4818,-82.212,82.9043,-138.913,79.3137,32.6008,-0.1274,-0.2231
1779988772070,2,12.00000018,Upper Delivery,Delivery,pitch.1,438773,-4.3251,-15.761,20.0515,81.5254,4.5661,13.51,-0.0303,0.327
1779988772070,2,Pitching Mound.Delivery,,Delivery,pitch.1,437614,-7.8069,-97.973,102.9558,-36.0176,83.8798,45.8241,-0.1085,0.0916
1779988772070,2,Pitching Mound.Drive,,Delivery,pitch.1,438185,-0.119,0.3177,6.7904,4.455,-3.158,-2.998,0.0619,0.0873
1779988772070,2,Pitching Mound.Parent,,Delivery,pitch.1,437234,-7.9259,-97.6552,109.7462,-31.5626,80.7218,42.826,-0.0979,0.0914
1779988772071,2,11.0000004b,Drive,Delivery,pitch.1,438186,-0.1406,0.2651,6.6338,4.4513,-2.836,-2.9873,0.0569,0.0893
1779988772071,2,12.00000015,Lower Delivery,Delivery,pitch.1,437916,-3.9701,-83.3847,84.583,-143.6402,78.9786,28.2683,-0.1243,-0.2261
1779988772071,2,12.00000018,Upper Delivery,Delivery,pitch.1,438774,-4.3821,-16.685,22.2967,83.3743,7.0344,10.8332,-0.042,0.327
1779988772071,2,Pitching Mound.Delivery,,Delivery,pitch.1,437615,-8.3523,-100.0696,106.8797,-39.0886,86.0129,38.9615,-0.1071,0.0874
1779988772071,2,Pitching Mound.Drive,,Delivery,pitch.1,438186,-0.1406,0.2651,6.6338,4.4513,-2.836,-2.9873,0.0569,0.0893
1779988772071,2,Pitching Mound.Parent,,Delivery,pitch.1,437235,-8.4929,-99.8046,113.5135,-34.6373,83.177,35.9741,-0.0975,0.0876
1779988772072,2,11.0000004b,Drive,Delivery,pitch.1,438187,-0.2311,0.1555,5.7526,3.1783,-3.1149,-2.713,0.0721,0.0736
1779988772072,2,12.00000015,Lower Delivery,Delivery,pitch.1,437917,-4.2539,-83.1197,87.3149,-145.5098,71.6211,23.9008,-0.1092,-0.2219
1779988772072,2,12.00000018,Upper Delivery,Delivery,pitch.1,438775,-3.636,-16.2677,23.6094,86.5345,11.6928,7.3468,-0.0659,0.327
1779988772072,2,Pitching Mound.Delivery,,Delivery,pitch.1,437616,-7.8898,-99.3874,110.9244,-37.3155,83.3139,31.4577,-0.1,0.0902
1779988772072,2,Pitching Mound.Drive,,Delivery,pitch.1,438187,-0.2311,0.1555,5.7526,3.1783,-3.1149,-2.713,0.0721,0.0736
1779988772072,2,Pitching Mound.Parent,,Delivery,pitch.1,437236,-8.1209,-99.2319,116.677,-34.1371,80.199,28.7446,-0.0915,0.0894
1779988772073,2,11.0000004b,Drive,Delivery,pitch.1,438188,-0.2205,0.0851,5.6284,2.8879,-2.8129,-2.7323,0.0665,0.0683
1779988772073,2,12.00000015,Lower Delivery,Delivery,pitch.1,437918,-6.101,-81.4106,89.7033,-150.2859,63.2863,20.9601,-0.0939,-0.223
1779988772073,2,12.00000018,Upper Delivery,Delivery,pitch.1,438776,-1.4536,-18.6594,24.0106,90.4843,10.4986,3.9882,-0.0582,0.327
1779988772073,2,Pitching Mound.Delivery,,Delivery,pitch.1,437617,-7.5546,-100.07,113.7138,-37.4661,73.7849,26.5284,-0.0864,0.0895
1779988772073,2,Pitching Mound.Drive,,Delivery,pitch.1,438188,-0.2205,0.0851,5.6284,2.8879,-2.8129,-2.7323,0.0665,0.0683
1779988772073,2,Pitching Mound.Parent,,Delivery,pitch.1,437237,-7.7751,-99.9849,119.3423,-34.5781,70.9721,23.7961,-0.0792,0.0885
1779988772074,2,11.0000004b,Drive,Delivery,pitch.1,438189,-0.2656,-0.0711,5.0973,2.3037,-2.9945,-2.6795,0.0782,0.0602
1779988772074,2,12.00000015,Lower Delivery,Delivery,pitch.1,437919,-6.3428,-80.3753,100.2154,-151.8612,66.9071,20.051,-0.0889,-0.2017
1779988772074,2,12.00000018,Upper Delivery,Delivery,pitch.1,438777,0.8995,-19.1071,24.5582,96.0882,17.2471,-1.8661,-0.0935,0.327
1779988772074,2,Pitching Mound.Delivery,,Delivery,pitch.1,437618,-5.4433,-99.4824,124.7737,-30.0495,84.1542,20.6473,-0.0898,0.1085
1779988772074,2,Pitching Mound.Drive,,Delivery,pitch.1,438189,-0.2656,-0.0711,5.0973,2.3037,-2.9945,-2.6795,0.0782,0.0602
1779988772074,2,Pitching Mound.Parent,,Delivery,pitch.1,437238,-5.7089,-99.5534,129.871,-27.7458,81.1597,17.9678,-0.0832,0.1066
1779988772075,2,11.0000004b,Drive,Delivery,pitch.1,438190,-0.2888,-0.2386,4.6592,2.1158,-3.2473,-2.7491,0.0928,0.0605
1779988772075,2,12.00000015,Lower Delivery,Delivery,pitch.1,437920,-7.4368,-79.7265,108.8443,-157.5432,65.4553,21.2773,-0.0801,-0.1927
1779988772075,2,12.00000018,Upper Delivery,Delivery,pitch.1,438778,1.6504,-19.4567,28.4807,108.6288,24.4789,-6.1129,-0.1144,0.327
1779988772075,2,Pitching Mound.Delivery,,Delivery,pitch.1,437619,-5.7864,-99.1832,137.325,-21.5908,89.9342,18.2541,-0.0872,0.1141
1779988772075,2,Pitching Mound.Drive,,Delivery,pitch.1,438190,-0.2888,-0.2386,4.6592,2.1158,-3.2473,-2.7491,0.0928,0.0605
1779988772075,2,Pitching Mound.Parent,,Delivery,pitch.1,437239,-6.0752,-99.4218,141.9842,-19.4749,86.6869,15.505,-0.0813,0.1123
1779988772076,2,11.0000004b,Drive,Delivery,pitch.1,438191,-0.3011,-0.39,4.1861,1.684,-3.1723,-2.7339,0.1009,0.0536
1779988772076,2,12.00000015,Lower Delivery,Delivery,pitch.1,437921,-6.7201,-77.9645,123.953,-162.9855,66.5004,23.4973,-0.0714,-0.175
1779988772076,2,12.00000018,Upper Delivery,Delivery,pitch.1,438779,2.7785,-18.1687,33.5377,101.5878,27.0999,-8.9389,-0.1076,0.327
1779988772076,2,Pitching Mound.Delivery,,Delivery,pitch.1,437620,-3.9415,-96.1332,157.4907,-30.6565,93.6003,17.7879,-0.0791,0.1271
1779988772076,2,Pitching Mound.Drive,,Delivery,pitch.1,438191,-0.3011,-0.39,4.1861,1.684,-3.1723,-2.7339,0.1009,0.0536
1779988772076,2,Pitching Mound.Parent,,Delivery,pitch.1,437240,-4.2426,-96.5232,161.6768,-28.9725,90.4279,15.054,-0.0745,0.1252
1779988772077,2,11.0000004b,Drive,Delivery,pitch.1,438192,-0.0647,-0.3209,3.9262,2.2116,-4.4477,-2.5918,0.1508,0.075
1779988772077,2,12.00000015,Lower Delivery,Delivery,pitch.1,437922,-5.9065,-76.1651,127.9163,-175.2127,69.2876,25.9539,-0.0721,-0.1824
1779988772077,2,12.00000018,Upper Delivery,Delivery,pitch.1,438780,3.1773,-16.9325,44.4277,99.2167,32.5022,-10.0224,-0.0974,0.2973
1779988772077,2,Pitching Mound.Delivery,,Delivery,pitch.1,437621,-2.7292,-93.0976,172.3439,-47.6099,101.7898,19.02,-0.0786,0.106
1779988772077,2,Pitching Mound.Drive,,Delivery,pitch.1,438192,-0.0647,-0.3209,3.9262,2.2116,-4.4477,-2.5918,0.1508,0.075
1779988772077,2,Pitching Mound.Parent,,Delivery,pitch.1,437241,-2.7939,-93.4185,176.2701,-45.3982,97.3421,16.4282,-0.0735,0.1053
1779988772078,2,11.0000004b,Drive,Delivery,pitch.1,438193,-0.0104,-0.2604,3.261,2.186,-5.0807,-2.4012,0.2074,0.0892
1779988772078,2,12.00000015,Lower Delivery,Delivery,pitch.1,437923,-4.3249,-73.606,134.2624,-184.9204,71.5844,30.0091,-0.071,-0.1834
1779988772078,2,12.00000018,Upper Delivery,Delivery,pitch.1,438781,2.9564,-14.8706,48.8602,97.038,33.4163,-10.6639,-0.091,0.2644
1779988772078,2,Pitching Mound.Delivery,,Delivery,pitch.1,437622,-1.3685,-88.4766,183.1226,-58.8457,105.0007,21.8209,-0.0763,0.0947
1779988772078,2,Pitching Mound.Drive,,Delivery,pitch.1,438193,-0.0104,-0.2604,3.261,2.186,-5.0807,-2.4012,0.2074,0.0892
1779988772078,2,Pitching Mound.Parent,,Delivery,pitch.1,437242,-1.3788,-88.737,186.3836,-56.6597,99.92,19.4197,-0.0714,0.0946
1779988772079,2,11.0000004b,Drive,Delivery,pitch.1,438194,0.1282,-0.088,1.8044,2.4547,-3.8728,-2.2047,0.0,0.0
1779988772079,2,12.00000015,Lower Delivery,Delivery,pitch.1,437924,-3.3792,-70.6232,134.8205,-196.2375,73.4365,33.2538,-0.0725,-0.1938
1779988772079,2,12.00000018,Upper Delivery,Delivery,pitch.1,438782,3.8477,-11.939,48.2418,96.6895,26.0584,-9.8313,-0.0719,0.2668
1779988772079,2,Pitching Mound.Delivery,,Delivery,pitch.1,437623,0.4685,-82.5622,183.0623,-70.1113,99.4949,25.8796,-0.0724,0.0884
1779988772079,2,Pitching Mound.Drive,,Delivery,pitch.1,438194,0.1282,-0.088,1.8044,2.4547,-3.8728,-2.2047,0.0,0.0
1779988772079,2,Pitching Mound.Parent,,Delivery,pitch.1,437243,0.5967,-82.6503,184.8668,-67.6566,95.6221,23.6749,-0.0716,0.0875
1779988772080,2,11.0000004b,Drive,Delivery,pitch.1,438195,0.1317,-0.0517,3.3173,2.2578,-3.2761,-2.1094,0.1315,0.0906
1779988772080,2,12.00000015,Lower Delivery,Delivery,pitch.1,437925,-2.191,-68.2841,137.3127,-204.8274,76.9835,37.8436,-0.0746,-0.1986
1779988772080,2,12.00000018,Upper Delivery,Delivery,pitch.1,438784,5.413,-7.8283,48.2982,82.1963,26.0167,-6.4104,-0.0717,0.2266
1779988772080,2,12.00000018,Upper Delivery,Delivery,pitch.1,438783,4.5696,-9.6474,48.1845,88.244,24.2483,-8.4212,-0.067,0.2438
1779988772080,2,Pitching Mound.Delivery,,Delivery,pitch.1,437624,2.3786,-77.9315,185.4973,-86.2798,101.2318,31.721,-0.0727,0.0797
1779988772080,2,Pitching Mound.Drive,,Delivery,pitch.1,438195,0.1317,-0.0517,3.3173,2.2578,-3.2761,-2.1094,0.1315,0.0906
1779988772080,2,Pitching Mound.Parent,,Delivery,pitch.1,437244,2.5103,-77.9832,188.8146,-84.022,97.9557,29.6116,-0.0691,0.0799
1779988772081,2,11.0000004b,Drive,Delivery,pitch.1,438196,0.0658,-0.0071,3.4579,1.9291,-3.1408,-2.029,0.1209,0.0743
1779988772081,2,12.00000015,Lower Delivery,Delivery,pitch.1,437926,-0.8036,-67.069,143.1522,-205.8766,79.2226,41.2572,-0.0737,-0.1915
1779988772081,2,Pitching Mound.Delivery,,Delivery,pitch.1,437625,4.6094,-74.8973,191.4504,-91.43,105.2393,36.9605,-0.0732,0.0825
1779988772081,2,Pitching Mound.Drive,,Delivery,pitch.1,438196,0.0658,-0.0071,3.4579,1.9291,-3.1408,-2.029,0.1209,0.0743
1779988772081,2,Pitching Mound.Parent,,Delivery,pitch.1,437245,4.6751,-74.9044,194.9082,-89.5009,102.0985,34.9314,-0.0697,0.0823
1779988772082,2,11.0000004b,Drive,Delivery,pitch.1,438197,0.0868,-0.0343,2.9496,1.2751,-2.5434,-2.1431,0.0,0.0
1779988772082,2,12.00000015,Lower Delivery,Delivery,pitch.1,437927,0.5269,-66.5056,145.2784,-205.011,80.8396,43.8803,-0.0741,-0.1879
1779988772082,2,12.00000018,Upper Delivery,Delivery,pitch.1,438785,5.6909,-6.3772,50.7738,86.2243,20.7263,-3.2601,-0.0543,0.2261
1779988772082,2,12.00000018,Upper Delivery,Delivery,pitch.1,438786,6.119,-4.8837,50.2034,83.2642,17.8545,-1.2404,-0.0473,0.2208
1779988772082,2,Pitching Mound.Delivery,,Delivery,pitch.1,437626,6.2178,-72.8828,196.0522,-86.6551,101.5659,42.3759,-0.069,0.0832
1779988772082,2,Pitching Mound.Drive,,Delivery,pitch.1,438197,0.0868,-0.0343,2.9496,1.2751,-2.5434,-2.1431,0.0,0.0
1779988772082,2,Pitching Mound.Parent,,Delivery,pitch.1,437246,6.3047,-72.9171,199.0018,-85.38,99.0225,40.2328,-0.0679,0.082
1779988772083,2,11.0000004b,Drive,Delivery,pitch.1,438198,0.1448,-0.0614,2.7775,1.1694,-2.3196,-2.3177,0.0,0.0
1779988772083,2,12.00000015,Lower Delivery,Delivery,pitch.1,437928,1.6293,-66.4715,149.9199,-199.4731,81.768,45.6182,-0.0726,-0.1771
1779988772083,2,12.00000018,Upper Delivery,Delivery,pitch.1,438787,5.7047,-3.801,48.2108,83.2634,17.8623,1.7858,-0.0493,0.2299
1779988772083,2,Pitching Mound.Delivery,,Delivery,pitch.1,437627,7.7483,-71.3551,200.1233,-82.3053,99.6225,45.9043,-0.0663,0.0921
1779988772083,2,Pitching Mound.Drive,,Delivery,pitch.1,438198,0.1448,-0.0614,2.7775,1.1694,-2.3196,-2.3177,0.0,0.0
1779988772083,2,Pitching Mound.Parent,,Delivery,pitch.1,437247,7.8931,-71.4165,202.9008,-81.1359,97.3029,43.5866,-0.0654,0.0908
1779988772084,2,11.0000004b,Drive,Delivery,pitch.1,438199,0.2017,-0.0424,2.6513,1.0239,-1.9645,-2.4053,0.0,0.0
1779988772084,2,12.00000015,Lower Delivery,Delivery,pitch.1,437929,2.6718,-66.8194,149.6282,-195.1418,80.7089,46.3824,-0.0718,-0.1736
1779988772084,2,12.00000018,Upper Delivery,Delivery,pitch.1,438788,6.3762,-3.534,49.4642,83.0782,18.4652,3.7633,-0.0497,0.2236
1779988772084,2,Pitching Mound.Delivery,,Delivery,pitch.1,437628,8.3765,-70.6204,197.839,-77.3965,98.5712,49.1994,-0.0663,0.099
1779988772084,2,Pitching Mound.Drive,,Delivery,pitch.1,438199,0.2017,-0.0424,2.6513,1.0239,-1.9645,-2.4053,0.0,0.0
1779988772084,2,Pitching Mound.Parent,,Delivery,pitch.1,437248,8.5783,-70.6628,200.4903,-76.3726,96.6068,46.7941,-0.0655,0.0977
1779988772085,2,11.0000004b,Drive,Delivery,pitch.1,438200,0.2807,0.0007,1.5539,0.8267,-1.1566,-2.4156,0.0,0.0
1779988772085,2,12.00000015,Lower Delivery,Delivery,pitch.1,437930,3.6093,-67.2952,149.4181,-188.9533,80.9329,45.5352,-0.0721,-0.1684
1779988772085,2,12.00000018,Upper Delivery,Delivery,pitch.1,438789,5.4172,-3.5401,48.2411,86.4837,24.4886,4.8206,-0.0676,0.2387
1779988772085,2,Pitching Mound.Delivery,,Delivery,pitch.1,437629,9.9855,-70.8292,198.8822,-71.8907,99.3981,50.2392,-0.0665,0.1
1779988772085,2,Pitching Mound.Drive,,Delivery,pitch.1,438200,0.2807,0.0007,1.5539,0.8267,-1.1566,-2.4156,0.0,0.0
1779988772085,2,Pitching Mound.Parent,,Delivery,pitch.1,437249,10.2662,-70.8284,200.4361,-71.064,98.2415,47.8236,-0.066,0.0992
1779988772086,2,11.0000004b,Drive,Delivery,pitch.1,438201,0.308,0.0434,1.1755,0.6806,-0.6255,-2.4773,0.0,0.0
1779988772086,2,12.00000015,Lower Delivery,Delivery,pitch.1,437931,4.1754,-68.5858,147.7864,-179.8061,78.5589,43.7433,-0.0708,-0.162
1779988772086,2,12.00000018,Upper Delivery,Delivery,pitch.1,438790,5.9406,-4.4841,45.998,88.4811,26.5164,5.467,-0.0767,0.2561
1779988772086,2,Pitching Mound.Delivery,,Delivery,pitch.1,437630,9.5926,-72.126,196.0275,-59.477,103.0476,48.9861,-0.07,0.1093
1779988772086,2,Pitching Mound.Drive,,Delivery,pitch.1,438201,0.308,0.0434,1.1755,0.6806,-0.6255,-2.4773,0.0,0.0
1779988772086,2,Pitching Mound.Parent,,Delivery,pitch.1,437250,9.9006,-72.0825,197.2029,-58.7965,102.422,46.5088,-0.0696,0.1086
1779988772087,2,11.0000004b,Drive,Delivery,pitch.1,438202,0.4115,0.069,1.1366,0.6086,-0.7064,-2.5576,0.0,0.0
1779988772087,2,12.00000015,Lower Delivery,Delivery,pitch.1,437932,4.6509,-68.9226,146.6211,-176.8575,78.4147,41.2523,-0.0712,-0.1606
1779988772087,2,12.00000018,Upper Delivery,Delivery,pitch.1,438791,6.3684,-5.7219,45.3633,96.7418,29.6833,5.8843,-0.0871,0.2839
1779988772087,2,Pitching Mound.Delivery,,Delivery,pitch.1,437631,10.5915,-73.4067,192.619,-54.1645,104.9311,47.1577,-0.0725,0.1165
1779988772087,2,Pitching Mound.Drive,,Delivery,pitch.1,438202,0.4115,0.069,1.1366,0.6086,-0.7064,-2.5576,0.0,0.0
1779988772087,2,Pitching Mound.Parent,,Delivery,pitch.1,437251,11.0029,-73.3377,193.7557,-53.5559,104.2247,44.6001,-0.0721,0.1158
1779988772088,2,11.0000004b,Drive,Delivery,pitch.1,438203,0.5223,0.09,1.291,0.6555,-0.7404,-2.6333,0.0,0.0
1779988772088,2,12.00000015,Lower Delivery,Delivery,pitch.1,437933,5.2588,-69.7961,145.692,-175.8688,80.7895,39.1643,-0.0738,-0.1607
1779988772088,2,12.00000018,Upper Delivery,Delivery,pitch.1,438792,6.5769,-7.0804,46.6587,101.4646,32.7774,5.0257,-0.0935,0.2895
1779988772088,2,Pitching Mound.Delivery,,Delivery,pitch.1,437632,11.6272,-75.5179,191.0552,-45.0153,110.4728,45.4258,-0.077,0.1234
1779988772088,2,Pitching Mound.Drive,,Delivery,pitch.1,438203,0.5223,0.09,1.291,0.6555,-0.7404,-2.6333,0.0,0.0
1779988772088,2,Pitching Mound.Parent,,Delivery,pitch.1,437252,12.1495,-75.428,192.3462,-44.3598,109.7325,42.7925,-0.0765,0.1226
1779988772089,2,11.0000004b,Drive,Delivery,pitch.1,438204,0.6028,0.0738,1.6406,0.6905,-1.1105,-2.6685,0.0,0.0
1779988772089,2,12.00000015,Lower Delivery,Delivery,pitch.1,437934,5.1252,-70.4431,142.9206,-175.0694,79.5133,37.041,-0.0741,-0.1631
1779988772089,2,12.00000018,Upper Delivery,Delivery,pitch.1,438793,5.5248,-8.0993,51.5218,102.8018,33.9514,3.0296,-0.0877,0.2656
1779988772089,2,Pitching Mound.Delivery,,Delivery,pitch.1,437633,11.7021,-77.5235,189.5792,-40.8758,112.2907,42.5603,-0.0789,0.121
1779988772089,2,Pitching Mound.Drive,,Delivery,pitch.1,438204,0.6028,0.0738,1.6406,0.6905,-1.1105,-2.6685,0.0,0.0
1779988772089,2,Pitching Mound.Parent,,Delivery,pitch.1,437253,12.3048,-77.4497,191.2198,-40.1853,111.1802,39.8918,-0.0782,0.1199
1779988772090,2,11.0000004b,Drive,Delivery,pitch.1,438205,0.6454,0.0317,1.9248,0.7573,-1.5124,-2.6651,0.0,0.0
1779988772090,2,12.00000015,Lower Delivery,Delivery,pitch.1,437935,5.0361,-71.2913,138.3947,-175.1956,77.4665,36.2432,-0.0745,-0.1685
1779988772090,2,12.00000018,Upper Delivery,Delivery,pitch.1,438794,6.0039,-9.5349,49.0209,105.4048,37.8855,0.7312,-0.1029,0.2863
1779988772090,2,Pitching Mound.Delivery,,Delivery,pitch.1,437634,10.5608,-79.3906,189.9166,-42.857,111.4179,39.439,-0.0781,0.1048
1779988772090,2,Pitching Mound.Drive,,Delivery,pitch.1,438205,0.6454,0.0317,1.9248,0.7573,-1.5124,-2.6651,0.0,0.0
1779988772090,2,Pitching Mound.Parent,,Delivery,pitch.1,437254,11.2062,-79.359,191.8413,-42.0997,109.9055,36.7739,-0.0773,0.1037
1779988772091,2,11.0000004b,Drive,Delivery,pitch.1,438206,0.6899,-0.0408,2.0351,0.8434,-1.8909,-2.5999,0.0,0.0
1779988772091,2,12.00000015,Lower Delivery,Delivery,pitch.1,437936,4.6884,-71.4091,136.4203,-178.5232,80.5404,35.7625,-0.0786,-0.1742
1779988772091,2,12.00000018,Upper Delivery,Delivery,pitch.1,438795,5.7579,-10.3353,42.5239,111.6858,39.7894,-0.1397,-0.1246,0.327
1779988772091,2,Pitching Mound.Delivery,,Delivery,pitch.1,437635,10.6922,-80.944,185.4411,-43.4026,118.4259,36.941,-0.085,0.1078
1779988772091,2,Pitching Mound.Drive,,Delivery,pitch.1,438206,0.6899,-0.0408,2.0351,0.8434,-1.8909,-2.5999,0.0,0.0
1779988772091,2,Pitching Mound.Parent,,Delivery,pitch.1,437255,11.3821,-80.9848,187.4762,-42.5592,116.535,34.3411,-0.0841,0.1066
1779988772092,2,11.0000004b,Drive,Delivery,pitch.1,438207,0.6796,-0.1125,2.0738,0.986,-2.3868,-2.497,0.0,0.0
1779988772092,2,12.00000015,Lower Delivery,Delivery,pitch.1,437937,4.1638,-71.1328,132.8127,-180.5513,81.4028,36.4569,-0.0816,-0.181
1779988772092,2,Pitching Mound.Delivery,,Delivery,pitch.1,437636,9.9217,-81.4681,175.3367,-38.1673,121.1922,36.8592,-0.092,0.1173
1779988772092,2,Pitching Mound.Drive,,Delivery,pitch.1,438207,0.6796,-0.1125,2.0738,0.986,-2.3868,-2.497,0.0,0.0
1779988772092,2,Pitching Mound.Parent,,Delivery,pitch.1,437256,10.6013,-81.5806,177.4105,-37.1813,118.8055,34.3622,-0.0909,0.1159
1779988772093,2,11.0000004b,Drive,Delivery,pitch.1,438208,0.6752,-0.1931,2.0425,1.1199,-3.019,-2.4126,0.0,0.0
1779988772093,2,12.00000015,Lower Delivery,Delivery,pitch.1,437938,3.6744,-70.1428,129.2237,-179.0048,83.0309,38.2644,-0.0855,-0.1844
1779988772093,2,12.00000018,Upper Delivery,Delivery,pitch.1,438796,2.9309,-12.3516,30.1224,118.2866,37.8596,-3.532,-0.1673,0.327
1779988772093,2,12.00000018,Upper Delivery,Delivery,pitch.1,438797,3.1606,-12.0698,25.8137,116.0064,36.9643,-4.4147,-0.1906,0.327
1779988772093,2,Pitching Mound.Delivery,,Delivery,pitch.1,437637,6.6053,-82.4945,159.346,-27.0238,120.8905,34.4796,-0.101,0.1237
1779988772093,2,Pitching Mound.Drive,,Delivery,pitch.1,438208,0.6752,-0.1931,2.0425,1.1199,-3.019,-2.4126,0.0,0.0
1779988772093,2,Pitching Mound.Parent,,Delivery,pitch.1,437257,7.2805,-82.6875,161.3886,-25.9039,117.8715,32.067,-0.0997,0.1222
1779988772094,2,11.0000004b,Drive,Delivery,pitch.1,438209,0.6354,-0.2716,2.1069,1.1962,-3.471,-2.3344,0.0,0.0
1779988772094,2,12.00000015,Lower Delivery,Delivery,pitch.1,437939,2.349,-68.0671,124.1296,-174.8646,84.4215,40.3765,-0.0905,-0.1875
1779988772094,2,12.00000018,Upper Delivery,Delivery,pitch.1,438798,2.0317,-11.8054,23.0984,111.8351,37.6352,-5.33,-0.2169,0.327
1779988772094,2,Pitching Mound.Delivery,,Delivery,pitch.1,437638,5.5096,-80.137,149.9433,-25.4308,121.3859,36.2377,-0.1078,0.124
1779988772094,2,Pitching Mound.Drive,,Delivery,pitch.1,438209,0.6354,-0.2716,2.1069,1.1962,-3.471,-2.3344,0.0,0.0
1779988772094,2,Pitching Mound.Parent,,Delivery,pitch.1,437258,6.145,-80.4086,152.0502,-24.2345,117.9148,33.9033,-0.1063,0.1223
1779988772095,2,11.0000004b,Drive,Delivery,pitch.1,438210,0.5391,-0.3291,2.2248,1.3113,-3.8817,-2.2798,0.0,0.0
1779988772095,2,12.00000015,Lower Delivery,Delivery,pitch.1,437940,2.1572,-66.5482,121.0246,-171.739,84.9992,41.3012,-0.0935,-0.1889
1779988772095,2,12.00000018,Upper Delivery,Delivery,pitch.1,438799,0.4371,-13.0595,22.4621,110.5947,40.1664,-7.0497,-0.2381,0.327
1779988772095,2,Pitching Mound.Delivery,,Delivery,pitch.1,437639,4.1889,-78.3536,144.123,-26.6091,122.6344,35.9286,-0.1133,0.1248
1779988772095,2,Pitching Mound.Drive,,Delivery,pitch.1,438210,0.5391,-0.3291,2.2248,1.3113,-3.8817,-2.2798,0.0,0.0
1779988772095,2,Pitching Mound.Parent,,Delivery,pitch.1,437259,4.7281,-78.6827,146.3478,-25.2977,118.7527,33.6487,-0.1116,0.1229
1779988772096,2,11.0000004b,Drive,Delivery,pitch.1,438211,0.4091,-0.3725,2.5207,1.3712,-4.2603,-2.2355,0.0,0.0
1779988772096,2,12.00000015,Lower Delivery,Delivery,pitch.1,437941,1.5913,-65.1919,119.3202,-165.8458,87.2035,42.3282,-0.0973,-0.185
1779988772096,2,12.00000018,Upper Delivery,Delivery,pitch.1,438800,0.0954,-12.924,21.0237,116.0059,34.1157,-6.7554,-0.216,0.327
1779988772096,2,Pitching Mound.Delivery,,Delivery,pitch.1,437640,2.0284,-78.2515,141.7823,-22.3194,127.3699,34.886,-0.1196,0.1284
1779988772096,2,Pitching Mound.Drive,,Delivery,pitch.1,438211,0.4091,-0.3725,2.5207,1.3712,-4.2603,-2.2355,0.0,0.0
1779988772096,2,Pitching Mound.Parent,,Delivery,pitch.1,437260,2.4376,-78.624,144.303,-20.9481,123.1096,32.6506,-0.1175,0.1261
1779988772097,2,11.0000004b,Drive,Delivery,pitch.1,438212,0.2237,-0.3623,2.8404,1.4583,-4.4897,-2.2338,0.0,0.0
1779988772097,2,12.00000015,Lower Delivery,Delivery,pitch.1,437942,1.2105,-63.1506,115.9309,-159.8199,85.8455,43.1444,-0.0986,-0.1835
1779988772097,2,12.00000018,Upper Delivery,Delivery,pitch.1,438801,-0.3155,-14.1422,21.6774,114.1207,31.8935,-6.9299,-0.1959,0.327
1779988772097,2,Pitching Mound.Delivery,,Delivery,pitch.1,437641,1.3059,-76.0747,136.9546,-11.5455,119.9612,36.0099,-0.1166,0.1305
1779988772097,2,Pitching Mound.Drive,,Delivery,pitch.1,438212,0.2237,-0.3623,2.8404,1.4583,-4.4897,-2.2338,0.0,0.0
1779988772097,2,Pitching Mound.Parent,,Delivery,pitch.1,437261,1.5297,-76.437,139.795,-10.0873,115.4714,33.7761,-0.1142,0.1278
1779988772098,2,11.0000004b,Drive,Delivery,pitch.1,438213,0.0474,-0.3329,3.0694,1.4629,-4.6078,-2.218,0.1999,0.0634
1779988772098,2,12.00000015,Lower Delivery,Delivery,pitch.1,437943,1.6344,-63.0138,115.2348,-153.3428,89.2127,43.0811,-0.1031,-0.1772
1779988772098,2,12.00000018,Upper Delivery,Delivery,pitch.1,438802,-0.0717,-14.6377,21.6517,113.2672,33.4337,-5.1061,-0.2056,0.327
1779988772098,2,Pitching Mound.Delivery,,Delivery,pitch.1,437642,1.3189,-77.1561,136.9122,-7.4126,121.1063,35.4882,-0.1178,0.135
1779988772098,2,Pitching Mound.Drive,,Delivery,pitch.1,438213,0.0474,-0.3329,3.0694,1.4629,-4.6078,-2.218,0.1999,0.0634
1779988772098,2,Pitching Mound.Parent,,Delivery,pitch.1,437262,1.3663,-77.489,139.9816,-5.9497,116.4985,33.2703,-0.1108,0.1334
1779988772099,2,11.0000004b,Drive,Delivery,pitch.1,438214,-0.0571,-0.3083,3.195,1.4201,-4.5076,-2.2065,0.1878,0.0592
1779988772099,2,12.00000015,Lower Delivery,Delivery,pitch.1,437944,1.7201,-60.8769,112.1866,-152.6456,86.4964,43.7211,-0.1026,-0.1811
1779988772099,2,12.00000018,Upper Delivery,Delivery,pitch.1,438803,0.3019,-13.1519,19.9939,108.0578,30.113,-5.3015,-0.2005,0.327
1779988772099,2,Pitching Mound.Delivery,,Delivery,pitch.1,437643,1.6484,-75.5146,133.8383,-8.5966,119.9302,38.0058,-0.1193,0.1311
1779988772099,2,Pitching Mound.Drive,,Delivery,pitch.1,438214,-0.0571,-0.3083,3.195,1.4201,-4.5076,-2.2065,0.1878,0.0592
1779988772099,2,Pitching Mound.Parent,,Delivery,pitch.1,437263,1.5914,-75.823,137.0333,-7.1765,115.4226,35.7993,-0.1121,0.1294
1779988772100,2,11.0000004b,Drive,Delivery,pitch.1,438215,-0.143,-0.2719,3.2709,1.3616,-4.3038,-2.2397,0.1752,0.0554
1779988772100,2,12.00000015,Lower Delivery,Delivery,pitch.1,437946,2.42,-59.1891,108.8821,-150.4852,80.6392,41.8367,-0.0986,-0.184
1779988772100,2,12.00000015,Lower Delivery,Delivery,pitch.1,437945,2.0378,-60.2555,111.085,-148.6942,85.9936,42.7991,-0.1031,-0.1782
1779988772100,2,12.00000018,Upper Delivery,Delivery,pitch.1,438804,-0.3104,-12.6973,19.3032,108.0705,27.7593,-4.5564,-0.1914,0.327
1779988772100,2,Pitching Mound.Delivery,,Delivery,pitch.1,437645,2.1096,-71.8863,128.1853,-11.9578,108.3985,36.3519,-0.1126,0.1306
1779988772100,2,Pitching Mound.Delivery,,Delivery,pitch.1,437644,2.3397,-73.4075,131.0789,-9.6655,116.1066,36.9073,-0.1179,0.1351
1779988772100,2,Pitching Mound.Drive,,Delivery,pitch.1,438215,-0.143,-0.2719,3.2709,1.3616,-4.3038,-2.2397,0.1752,0.0554
1779988772100,2,Pitching Mound.Parent,,Delivery,pitch.1,437264,2.1967,-73.6794,134.3499,-8.3038,111.8028,34.6676,-0.1108,0.1332
1779988772101,2,11.0000004b,Drive,Delivery,pitch.1,438216,-0.2741,-0.2545,3.1879,1.3,-3.871,-2.2512,0.1617,0.0543
1779988772101,2,12.00000015,Lower Delivery,Delivery,pitch.1,437947,2.9083,-58.592,107.9395,-151.2549,79.3809,39.7955,-0.0979,-0.1866
1779988772101,2,Pitching Mound.Drive,,Delivery,pitch.1,438216,-0.2741,-0.2545,3.1879,1.3,-3.871,-2.2512,0.1617,0.0543
1779988772101,2,Pitching Mound.Parent,,Delivery,pitch.1,437265,1.8355,-72.1409,131.3732,-10.6579,104.5275,34.1008,-0.1059,0.1287
1779988772102,2,11.0000004b,Drive,Delivery,pitch.1,438217,-0.3465,-0.1756,3.0182,1.2849,-3.7952,-2.2861,0.1674,0.0567
1779988772102,2,12.00000015,Lower Delivery,Delivery,pitch.1,437948,4.0163,-58.5519,107.9377,-153.0861,75.2804,38.3393,-0.0928,-0.1888
1779988772102,2,12.00000018,Upper Delivery,Delivery,pitch.1,438806,1.6541,-12.5314,20.9413,107.7283,32.341,-3.783,-0.2056,0.327
1779988772102,2,12.00000018,Upper Delivery,Delivery,pitch.1,438805,1.6294,-11.7076,20.002,110.6375,29.4269,-4.7295,-0.1959,0.327
1779988772102,2,Pitching Mound.Delivery,,Delivery,pitch.1,437647,5.6704,-71.0833,128.879,-15.7791,107.6215,33.7532,-0.1112,0.1245
1779988772102,2,Pitching Mound.Delivery,,Delivery,pitch.1,437646,4.5377,-70.2996,127.9414,-10.7187,108.8078,34.6311,-0.1132,0.1274
1779988772102,2,Pitching Mound.Drive,,Delivery,pitch.1,438217,-0.3465,-0.1756,3.0182,1.2849,-3.7952,-2.2861,0.1674,0.0567
1779988772102,2,Pitching Mound.Parent,,Delivery,pitch.1,437266,4.1913,-70.4753,130.9596,-9.4338,105.0126,32.345,-0.1068,0.1258
1779988772103,2,11.0000004b,Drive,Delivery,pitch.1,438218,-0.3977,-0.1305,2.9154,1.3893,-3.8462,-2.3416,0.0,0.0
1779988772103,2,12.00000018,Upper Delivery,Delivery,pitch.1,438807,3.7575,-11.3443,29.3839,112.6408,41.8388,-4.2861,-0.1896,0.327
1779988772103,2,Pitching Mound.Drive,,Delivery,pitch.1,438218,-0.3977,-0.1305,2.9154,1.3893,-3.8462,-2.3416,0.0,0.0
1779988772103,2,Pitching Mound.Parent,,Delivery,pitch.1,437267,5.2727,-71.2137,131.7944,-14.3897,103.7753,31.4116,-0.1087,0.1218
1779988772104,2,11.0000004b,Drive,Delivery,pitch.1,438219,-0.4105,-0.0893,2.7241,1.3655,-3.6778,-2.384,0.0,0.0
1779988772104,2,11.0000004b,Drive,Delivery,pitch.1,438220,-0.3591,-0.0653,2.5998,1.4813,-3.7339,-2.4304,0.0,0.0
1779988772104,2,12.00000015,Lower Delivery,Delivery,pitch.1,437949,4.8632,-58.7572,108.5073,-155.3233,72.0558,37.3255,-0.0884,-0.1906
1779988772104,2,12.00000018,Upper Delivery,Delivery,pitch.1,438808,4.3226,-9.4898,36.462,108.1797,33.7844,-5.3472,-0.1234,0.327
1779988772104,2,Pitching Mound.Delivery,,Delivery,pitch.1,437648,8.6207,-70.1015,137.8912,-15.7805,113.8946,32.6634,-0.11,0.1148
1779988772104,2,Pitching Mound.Drive,,Delivery,pitch.1,438219,-0.4105,-0.0893,2.7241,1.3655,-3.6778,-2.384,0.0,0.0
1779988772104,2,Pitching Mound.Drive,,Delivery,pitch.1,438220,-0.3591,-0.0653,2.5998,1.4813,-3.7339,-2.4304,0.0,0.0
1779988772104,2,Pitching Mound.Parent,,Delivery,pitch.1,437268,8.2102,-70.1908,140.6153,-14.415,110.2167,30.2794,-0.1078,0.1126
1779988772105,2,12.00000015,Lower Delivery,Delivery,pitch.1,437950,4.9443,-58.1024,108.0965,-156.6339,72.0544,36.385,-0.0887,-0.1929
1779988772105,2,12.00000015,Lower Delivery,Delivery,pitch.1,437951,5.2501,-57.3812,107.8022,-161.7277,70.3992,36.1168,-0.0869,-0.1997
1779988772105,2,12.00000018,Upper Delivery,Delivery,pitch.1,438809,4.9455,-8.2546,38.3525,104.7897,26.5281,-6.1281,-0.0921,0.327
1779988772105,2,Pitching Mound.Delivery,,Delivery,pitch.1,437649,9.2669,-67.5922,144.5585,-24.0985,105.8388,30.8265,-0.0975,0.1067
1779988772105,2,Pitching Mound.Delivery,,Delivery,pitch.1,437650,10.1956,-65.6357,146.1547,-33.3251,96.9273,29.8851,-0.0883,0.1001
1779988772105,2,Pitching Mound.Parent,,Delivery,pitch.1,437269,8.9077,-67.6576,147.1583,-22.6172,102.1049,28.3961,-0.0957,0.1048
1779988772106,2,11.0000004b,Drive,Delivery,pitch.1,438221,-0.22,-0.0248,2.1488,1.6194,-3.5896,-2.447,0.0,0.0
1779988772106,2,12.00000015,Lower Delivery,Delivery,pitch.1,437952,5.461,-56.691,108.2457,-162.4828,71.6909,35.6308,-0.0882,-0.1998
1779988772106,2,12.00000018,Upper Delivery,Delivery,pitch.1,438810,5.1198,-6.9985,36.8974,101.3662,23.7565,-6.0144,-0.0857,0.327
1779988772106,2,Pitching Mound.Delivery,,Delivery,pitch.1,437651,10.5809,-63.6895,145.1431,-36.8582,95.4474,29.5004,-0.0875,0.1012
1779988772106,2,Pitching Mound.Drive,,Delivery,pitch.1,438221,-0.22,-0.0248,2.1488,1.6194,-3.5896,-2.447,0.0,0.0
1779988772106,2,Pitching Mound.Parent,,Delivery,pitch.1,437270,9.9756,-65.6606,148.3035,-31.7058,93.3376,27.4381,-0.087,0.0986
1779988772107,2,11.0000004b,Drive,Delivery,pitch.1,438222,-0.0705,0.0071,1.9794,1.6295,-3.4422,-2.4498,0.0,0.0
1779988772107,2,11.0000004b,Drive,Delivery,pitch.1,438223,0.0401,0.0107,2.064,1.5905,-3.3503,-2.4086,0.0,0.0
1779988772107,2,12.00000018,Upper Delivery,Delivery,pitch.1,438811,5.8017,-6.4119,38.7689,97.3936,23.7387,-5.6636,-0.0815,0.327
1779988772107,2,Pitching Mound.Drive,,Delivery,pitch.1,438222,-0.0705,0.0071,1.9794,1.6295,-3.4422,-2.4498,0.0,0.0
1779988772107,2,Pitching Mound.Drive,,Delivery,pitch.1,438223,0.0401,0.0107,2.064,1.5905,-3.3503,-2.4086,0.0,0.0
1779988772107,2,Pitching Mound.Parent,,Delivery,pitch.1,437271,10.5104,-63.6824,147.1225,-35.2287,92.0052,27.0506,-0.0864,0.0999
1779988772108,2,12.00000015,Lower Delivery,Delivery,pitch.1,437953,5.1249,-56.2447,108.7381,-167.2811,71.5747,36.222,-0.0876,-0.2048
1779988772108,2,12.00000015,Lower Delivery,Delivery,pitch.1,437954,5.1568,-54.6519,107.991,-171.689,72.4859,36.0591,-0.0894,-0.2117
1779988772108,2,12.00000018,Upper Delivery,Delivery,pitch.1,438812,6.0724,-5.8429,43.1436,103.2869,26.3687,-5.8228,-0.0814,0.3187
1779988772108,2,Pitching Mound.Delivery,,Delivery,pitch.1,437652,10.9266,-62.6566,147.507,-46.0979,95.3135,30.7885,-0.086,0.0963
1779988772108,2,Pitching Mound.Delivery,,Delivery,pitch.1,437653,11.2292,-60.4948,151.1346,-46.3541,98.8546,30.5475,-0.0871,0.0856
1779988772108,2,Pitching Mound.Parent,,Delivery,pitch.1,437272,10.9667,-62.6459,149.571,-44.5074,91.9631,28.3799,-0.0848,0.0949
1779988772109,2,11.0000004b,Drive,Delivery,pitch.1,438224,0.0839,-0.003,1.9343,1.6071,-2.9626,-2.3821,0.0,0.0
1779988772109,2,11.0000004b,Drive,Delivery,pitch.1,438225,0.1702,-0.0162,1.7308,1.5657,-3.0648,-2.3456,0.0,0.0
1779988772109,2,12.00000018,Upper Delivery,Delivery,pitch.1,438813,6.4505,-4.6885,42.9891,95.2214,26.0216,-5.4272,-0.0806,0.2949
1779988772109,2,Pitching Mound.Drive,,Delivery,pitch.1,438224,0.0839,-0.003,1.9343,1.6071,-2.9626,-2.3821,0.0,0.0
1779988772109,2,Pitching Mound.Drive,,Delivery,pitch.1,438225,0.1702,-0.0162,1.7308,1.5657,-3.0648,-2.3456,0.0,0.0
1779988772109,2,Pitching Mound.Parent,,Delivery,pitch.1,437273,11.3131,-60.4978,153.0688,-44.747,95.892,28.1655,-0.086,0.0845
1779988772110,2,11.0000004b,Drive,Delivery,pitch.1,438226,0.2669,-0.0464,1.5919,1.4361,-3.1178,-2.3065,0.0,0.0
1779988772110,2,12.00000015,Lower Delivery,Delivery,pitch.1,437955,4.6392,-53.1368,108.5015,-175.2823,73.0495,35.9299,-0.0896,-0.2151
1779988772110,2,12.00000015,Lower Delivery,Delivery,pitch.1,437956,4.2144,-51.3974,106.6887,-179.9857,74.9289,36.2285,-0.0935,-0.2246
1779988772110,2,12.00000018,Upper Delivery,Delivery,pitch.1,438814,6.6737,-4.3917,45.2341,95.5196,27.1877,-5.325,-0.08,0.2811
1779988772110,2,Pitching Mound.Delivery,,Delivery,pitch.1,437654,11.0898,-57.8253,151.4907,-57.7867,99.0711,31.1186,-0.0871,0.0767
1779988772110,2,Pitching Mound.Delivery,,Delivery,pitch.1,437655,10.8881,-55.7891,151.9228,-63.5715,102.1166,31.7397,-0.0895,0.0635
1779988772110,2,Pitching Mound.Drive,,Delivery,pitch.1,438226,0.2669,-0.0464,1.5919,1.4361,-3.1178,-2.3065,0.0,0.0
1779988772110,2,Pitching Mound.Parent,,Delivery,pitch.1,437274,11.26,-57.8414,153.2215,-56.221,96.0063,28.773,-0.0861,0.0758
1779988772110,2,Pitching Mound.Parent,,Delivery,pitch.1,437275,11.155,-55.8355,153.5147,-62.1354,98.9988,29.4331,-0.0886,0.0629
1779988772111,2,11.0000004b,Drive,Delivery,pitch.1,438227,0.405,-0.0868,1.4519,1.299,-2.983,-2.2911,0.0,0.0
1779988772111,2,12.00000015,Lower Delivery,Delivery,pitch.1,437957,4.0502,-49.3956,105.985,-181.3231,71.9938,35.9099,-0.0904,-0.2278
1779988772111,2,12.00000018,Upper Delivery,Delivery,pitch.1,438815,6.5572,-4.2705,46.4869,96.3178,27.5266,-5.2287,-0.0788,0.2758
1779988772111,2,Pitching Mound.Delivery,,Delivery,pitch.1,437656,10.6074,-53.6661,152.4718,-64.7759,99.5204,31.5336,-0.0869,0.0585
1779988772111,2,Pitching Mound.Drive,,Delivery,pitch.1,438227,0.405,-0.0868,1.4519,1.299,-2.983,-2.2911,0.0,0.0
1779988772111,2,Pitching Mound.Parent,,Delivery,pitch.1,437276,11.0124,-53.7529,153.9238,-63.4769,96.5375,29.2425,-0.0861,0.0579
1779988772112,2,11.0000004b,Drive,Delivery,pitch.1,438228,0.5032,-0.1498,1.2087,1.2122,-3.1257,-2.2725,0.0,0.0
1779988772112,2,12.00000015,Lower Delivery,Delivery,pitch.1,437958,3.5001,-47.4754,103.8197,-182.6948,71.9884,35.462,-0.0923,-0.2343
1779988772112,2,12.00000018,Upper Delivery,Delivery,pitch.1,438816,6.6291,-4.1482,50.1518,100.041,29.0148,-5.2069,-0.077,0.2656
1779988772112,2,Pitching Mound.Delivery,,Delivery,pitch.1,437657,10.1292,-51.6236,153.9715,-64.4066,101.0031,31.319,-0.0873,0.047
1779988772112,2,Pitching Mound.Drive,,Delivery,pitch.1,438228,0.5032,-0.1498,1.2087,1.2122,-3.1257,-2.2725,0.0,0.0
1779988772112,2,Pitching Mound.Parent,,Delivery,pitch.1,437277,10.6324,-51.7734,155.1801,-63.1945,97.8775,29.0464,-0.0866,0.0467
1779988772113,2,11.0000004b,Drive,Delivery,pitch.1,438229,0.5634,-0.183,1.1471,1.052,-3.1803,-2.2733,0.0,0.0
1779988772113,2,12.00000015,Lower Delivery,Delivery,pitch.1,437959,3.0656,-46.4506,104.3836,-183.3672,70.0906,35.8621,-0.0894,-0.2339
1779988772113,2,12.00000018,Upper Delivery,Delivery,pitch.1,438817,6.1615,-4.2931,54.027,104.0269,28.2596,-5.1501,-0.0696,0.2563
1779988772113,2,Pitching Mound.Delivery,,Delivery,pitch.1,437658,9.2271,-50.7437,158.4106,-62.2191,98.3503,31.7646,-0.0827,0.0414
1779988772113,2,Pitching Mound.Drive,,Delivery,pitch.1,438229,0.5634,-0.183,1.1471,1.052,-3.1803,-2.2733,0.0,0.0
1779988772113,2,Pitching Mound.Parent,,Delivery,pitch.1,437278,9.7905,-50.9267,159.5578,-61.1671,95.17,29.4913,-0.0821,0.0411
1779988772114,2,11.0000004b,Drive,Delivery,pitch.1,438230,0.5856,-0.2088,1.1049,0.9478,-3.2244,-2.2814,0.0,0.0
1779988772114,2,12.00000018,Upper Delivery,Delivery,pitch.1,438818,6.192,-4.3385,58.674,112.8857,32.156,-5.1542,-0.073,0.2561
1779988772114,2,Pitching Mound.Drive,,Delivery,pitch.1,438230,0.5856,-0.2088,1.1049,0.9478,-3.2244,-2.2814,0.0,0.0
1779988772115,2,11.0000004b,Drive,Delivery,pitch.1,438231,0.5509,-0.198,1.2447,0.9237,-3.2605,-2.3113,0.0,0.0
1779988772115,2,12.00000015,Lower Delivery,Delivery,pitch.1,437960,2.7914,-44.8989,103.2353,-185.4937,70.859,35.0989,-0.0914,-0.2392
1779988772115,2,12.00000018,Upper Delivery,Delivery,pitch.1,438819,5.7776,-5.0377,64.5369,119.175,33.4386,-5.4611,-0.069,0.2458
1779988772115,2,Pitching Mound.Delivery,,Delivery,pitch.1,437659,8.9834,-49.2374,161.9093,-57.4572,103.015,31.1009,-0.0847,0.0339
1779988772115,2,Pitching Mound.Drive,,Delivery,pitch.1,438231,0.5509,-0.198,1.2447,0.9237,-3.2605,-2.3113,0.0,0.0
1779988772115,2,Pitching Mound.Parent,,Delivery,pitch.1,437279,9.569,-49.4461,163.0142,-56.5093,99.7906,28.8196,-0.0841,0.0336
1779988772116,2,12.00000015,Lower Delivery,Delivery,pitch.1,437961,2.3881,-44.1077,104.4614,-184.502,69.7148,34.7375,-0.0888,-0.2351
1779988772116,2,12.00000018,Upper Delivery,Delivery,pitch.1,438820,5.4411,-5.7136,67.0705,135.5726,45.0684,-5.7171,-0.0895,0.2691
1779988772116,2,Pitching Mound.Delivery,,Delivery,pitch.1,437660,8.1657,-49.1454,168.9984,-51.7527,103.1534,30.4288,-0.0813,0.0289
1779988772116,2,Pitching Mound.Parent,,Delivery,pitch.1,437280,8.7167,-49.3434,170.2431,-50.829,99.8929,28.1174,-0.0807,0.0287
1779988772117,2,11.0000004b,Drive,Delivery,pitch.1,438232,0.5025,-0.1782,1.3342,0.976,-3.1904,-2.3382,0.0,0.0
1779988772117,2,11.0000004b,Drive,Delivery,pitch.1,438233,0.4414,-0.1485,1.5096,0.9784,-3.2571,-2.3559,0.0,0.0
1779988772117,2,12.00000015,Lower Delivery,Delivery,pitch.1,437962,2.4525,-43.3801,103.4952,-185.6732,69.7811,35.0487,-0.0898,-0.2388
1779988772117,2,12.00000018,Upper Delivery,Delivery,pitch.1,438821,5.3631,-6.6637,69.2144,143.5486,43.0904,-6.0213,-0.0829,0.2761
1779988772117,2,Pitching Mound.Delivery,,Delivery,pitch.1,437661,7.8936,-49.0937,170.5657,-37.7162,114.8495,30.3477,-0.0896,0.0335
1779988772117,2,Pitching Mound.Drive,,Delivery,pitch.1,438232,0.5025,-0.1782,1.3342,0.976,-3.1904,-2.3382,0.0,0.0
1779988772117,2,Pitching Mound.Drive,,Delivery,pitch.1,438233,0.4414,-0.1485,1.5096,0.9784,-3.2571,-2.3559,0.0,0.0
1779988772117,2,Pitching Mound.Parent,,Delivery,pitch.1,437281,8.3961,-49.2719,171.8999,-36.7403,111.6591,28.0095,-0.0889,0.0332
1779988772118,2,11.0000004b,Drive,Delivery,pitch.1,438234,0.3274,-0.1019,1.8742,1.006,-3.1248,-2.3317,0.0,0.0
1779988772118,2,12.00000015,Lower Delivery,Delivery,pitch.1,437964,3.1797,-43.3495,103.0039,-182.1146,72.212,34.8433,-0.0933,-0.2354
1779988772118,2,12.00000015,Lower Delivery,Delivery,pitch.1,437963,2.8831,-43.2098,103.4782,-184.4146,69.9279,35.1397,-0.09,-0.2373
1779988772118,2,12.00000018,Upper Delivery,Delivery,pitch.1,438822,5.2916,-6.6756,63.6613,137.0817,42.5888,-5.7955,-0.0891,0.2867
1779988772118,2,Pitching Mound.Delivery,,Delivery,pitch.1,437663,8.4714,-50.0251,166.6652,-31.6564,114.8008,29.7658,-0.0917,0.0443
1779988772118,2,Pitching Mound.Delivery,,Delivery,pitch.1,437662,8.2462,-49.8735,172.6926,-29.2163,113.0183,29.9616,-0.0871,0.036
1779988772118,2,Pitching Mound.Drive,,Delivery,pitch.1,438234,0.3274,-0.1019,1.8742,1.006,-3.1248,-2.3317,0.0,0.0
1779988772118,2,Pitching Mound.Parent,,Delivery,pitch.1,437282,8.6876,-50.022,174.2022,-28.2379,109.7612,27.6057,-0.0864,0.0356
1779988772118,2,Pitching Mound.Parent,,Delivery,pitch.1,437283,8.7988,-50.127,168.5395,-30.6504,111.676,27.4341,-0.0907,0.0438
1779988772119,2,11.0000004b,Drive,Delivery,pitch.1,438235,0.2152,-0.0561,1.8968,1.025,-3.0653,-2.3488,0.0,0.0
1779988772119,2,12.00000018,Upper Delivery,Delivery,pitch.1,438823,5.15,-7.0261,60.6144,137.9256,45.3731,-6.2468,-0.0997,0.3029
1779988772119,2,Pitching Mound.Drive,,Delivery,pitch.1,438235,0.2152,-0.0561,1.8968,1.025,-3.0653,-2.3488,0.0,0.0
1779988772120,2,11.0000004b,Drive,Delivery,pitch.1,438236,0.1281,-0.0072,1.9309,1.0206,-2.9545,-2.3623,0.0,0.0
1779988772120,2,12.00000015,Lower Delivery,Delivery,pitch.1,437965,3.6523,-43.4423,102.0842,-177.6365,75.1941,34.3385,-0.0981,-0.2317
1779988772120,2,12.00000015,Lower Delivery,Delivery,pitch.1,437966,4.9318,-43.9292,102.1045,-176.7132,76.2734,34.447,-0.0994,-0.2304
1779988772120,2,12.00000018,Upper Delivery,Delivery,pitch.1,438824,5.4316,-7.6488,58.0342,139.7585,48.8888,-6.8237,-0.1121,0.3206
1779988772120,2,Pitching Mound.Delivery,,Delivery,pitch.1,437664,8.8022,-50.4683,162.6986,-25.6112,120.5672,28.6009,-0.0987,0.0542
1779988772120,2,Pitching Mound.Delivery,,Delivery,pitch.1,437665,10.3634,-51.578,160.1387,-21.9708,125.1621,27.7933,-0.1041,0.0628
1779988772120,2,Pitching Mound.Drive,,Delivery,pitch.1,438236,0.1281,-0.0072,1.9309,1.0206,-2.9545,-2.3623,0.0,0.0
1779988772120,2,Pitching Mound.Parent,,Delivery,pitch.1,437284,9.0175,-50.5245,164.5954,-24.5862,117.5019,26.2521,-0.0975,0.0535
1779988772120,2,Pitching Mound.Parent,,Delivery,pitch.1,437285,10.4915,-51.5851,162.0696,-20.9502,122.2076,25.431,-0.1028,0.0621
1779988772121,2,11.0000004b,Drive,Delivery,pitch.1,438237,0.0886,0.0151,1.9893,1.0094,-2.8343,-2.3628,0.0,0.0
1779988772121,2,12.00000018,Upper Delivery,Delivery,pitch.1,438825,4.7632,-7.7385,50.8996,142.2661,50.9825,-6.9804,-0.1333,0.327
1779988772121,2,Pitching Mound.Drive,,Delivery,pitch.1,438237,0.0886,0.0151,1.9893,1.0094,-2.8343,-2.3628,0.0,0.0
1779988772122,2,11.0000004b,Drive,Delivery,pitch.1,438238,0.0311,0.0121,2.0944,1.0146,-2.7481,-2.308,0.0,0.0
1779988772122,2,12.00000015,Lower Delivery,Delivery,pitch.1,437967,5.3737,-44.5619,101.4476,-173.6722,78.4025,33.7345,-0.1029,-0.2279
1779988772122,2,12.00000015,Lower Delivery,Delivery,pitch.1,437968,6.7093,-44.6084,100.7802,-176.7143,80.5957,33.6362,-0.1065,-0.2334
1779988772122,2,12.00000018,Upper Delivery,Delivery,pitch.1,438826,3.6887,-7.9824,44.9771,145.8253,54.6112,-7.5745,-0.1616,0.327
1779988772122,2,Pitching Mound.Delivery,,Delivery,pitch.1,437666,10.1369,-52.3004,152.3473,-14.2198,129.385,26.5465,-0.1131,0.0703
1779988772122,2,Pitching Mound.Delivery,,Delivery,pitch.1,437667,10.398,-52.5908,145.7573,-11.916,135.2069,25.0347,-0.1235,0.0697
1779988772122,2,Pitching Mound.Drive,,Delivery,pitch.1,438238,0.0311,0.0121,2.0944,1.0146,-2.7481,-2.308,0.0,0.0
1779988772122,2,Pitching Mound.Parent,,Delivery,pitch.1,437286,10.2255,-52.2853,154.3366,-13.2105,126.5507,24.1837,-0.1116,0.0694
1779988772122,2,Pitching Mound.Parent,,Delivery,pitch.1,437287,10.429,-52.5787,147.8516,-10.9014,132.4588,22.7267,-0.1217,0.0687
1779988772123,2,11.0000004b,Drive,Delivery,pitch.1,438239,-0.0087,0.007,1.9991,0.9934,-2.7041,-2.2851,0.0,0.0
1779988772123,2,12.00000018,Upper Delivery,Delivery,pitch.1,438827,3.2859,-8.7549,37.1132,142.5002,55.9589,-7.786,-0.2007,0.327
1779988772123,2,Pitching Mound.Drive,,Delivery,pitch.1,438239,-0.0087,0.007,1.9991,0.9934,-2.7041,-2.2851,0.0,0.0
1779988772124,2,11.0000004b,Drive,Delivery,pitch.1,438240,-0.0108,0.0144,2.0374,1.0157,-2.7051,-2.2484,0.0,0.0
1779988772124,2,12.00000015,Lower Delivery,Delivery,pitch.1,437969,6.9275,-44.7524,99.6189,-174.7011,81.0167,33.2172,-0.1083,-0.2335
1779988772124,2,12.00000015,Lower Delivery,Delivery,pitch.1,437970,7.5178,-44.5162,99.1313,-172.205,82.1567,32.9314,-0.1103,-0.2313
1779988772124,2,12.00000018,Upper Delivery,Delivery,pitch.1,438828,2.7993,-9.5079,34.526,144.8427,55.3153,-7.8081,-0.2133,0.327
1779988772124,2,Pitching Mound.Delivery,,Delivery,pitch.1,437668,10.2134,-53.5073,136.7321,-10.949,136.9757,24.1931,-0.1334,0.0741
1779988772124,2,Pitching Mound.Delivery,,Delivery,pitch.1,437669,10.3171,-54.0241,133.6572,-5.3965,137.4719,23.519,-0.1369,0.0773
1779988772124,2,Pitching Mound.Drive,,Delivery,pitch.1,438240,-0.0108,0.0144,2.0374,1.0157,-2.7051,-2.2484,0.0,0.0
1779988772124,2,Pitching Mound.Parent,,Delivery,pitch.1,437288,10.2048,-53.5004,138.7312,-9.9556,134.2715,21.908,-0.1314,0.073
1779988772124,2,Pitching Mound.Parent,,Delivery,pitch.1,437289,10.3063,-54.0097,135.6946,-4.3808,134.7668,21.2706,-0.1349,0.0761
1779988772125,2,11.0000004b,Drive,Delivery,pitch.1,438241,-0.0338,0.0162,2.0594,0.997,-2.6103,-2.2164,0.0,0.0
1779988772125,2,12.00000015,Lower Delivery,Delivery,pitch.1,437971,7.7455,-44.1212,98.1996,-170.6815,82.0235,32.2214,-0.1112,-0.2314
1779988772125,2,12.00000018,Upper Delivery,Delivery,pitch.1,438829,2.6858,-10.0761,32.4896,145.2608,56.7819,-7.9003,-0.2327,0.327
1779988772125,2,Pitching Mound.Delivery,,Delivery,pitch.1,437670,10.4313,-54.1973,130.6892,-3.0793,138.8054,22.6008,-0.1414,0.0784
1779988772125,2,Pitching Mound.Drive,,Delivery,pitch.1,438241,-0.0338,0.0162,2.0594,0.997,-2.6103,-2.2164,0.0,0.0
1779988772125,2,Pitching Mound.Parent,,Delivery,pitch.1,437290,10.3975,-54.1812,132.7486,-2.0823,136.1951,20.3844,-0.1392,0.0772
1779988772126,2,11.0000004b,Drive,Delivery,pitch.1,438242,-0.0156,0.0182,2.0257,0.9661,-2.4742,-2.1773,0.0,0.0
1779988772126,2,12.00000018,Upper Delivery,Delivery,pitch.1,438830,2.9046,-10.0279,29.7178,140.9593,53.0154,-7.7288,-0.2375,0.327
1779988772126,2,Pitching Mound.Drive,,Delivery,pitch.1,438242,-0.0156,0.0182,2.0257,0.9661,-2.4742,-2.1773,0.0,0.0
1779988772127,2,11.0000004b,Drive,Delivery,pitch.1,438243,0.0061,0.0148,1.9206,0.9322,-2.5991,-2.1625,0.0,0.0
1779988772127,2,12.00000015,Lower Delivery,Delivery,pitch.1,437972,7.6984,-42.9373,98.1682,-170.8237,80.3776,31.7675,-0.109,-0.2317
1779988772127,2,12.00000018,Upper Delivery,Delivery,pitch.1,438831,3.2878,-9.757,29.1057,137.7684,52.5563,-6.9714,-0.2404,0.327
1779988772127,2,Pitching Mound.Delivery,,Delivery,pitch.1,437671,10.603,-52.9652,127.8861,-6.5913,133.393,22.4088,-0.1389,0.0802
1779988772127,2,Pitching Mound.Drive,,Delivery,pitch.1,438243,0.0061,0.0148,1.9206,0.9322,-2.5991,-2.1625,0.0,0.0
1779988772127,2,Pitching Mound.Parent,,Delivery,pitch.1,437291,10.5874,-52.947,129.9118,-5.6252,130.9188,20.2315,-0.1367,0.0789
1779988772128,2,11.0000004b,Drive,Delivery,pitch.1,438244,0.0337,0.0087,1.8429,1.0218,-2.6828,-2.1843,0.0,0.0
1779988772128,2,12.00000015,Lower Delivery,Delivery,pitch.1,437973,7.7926,-42.0385,97.578,-168.9247,76.0281,31.4438,-0.1037,-0.2305
1779988772128,2,12.00000015,Lower Delivery,Delivery,pitch.1,437974,7.5128,-40.4533,96.6607,-166.7165,74.831,31.132,-0.1031,-0.2296
1779988772128,2,12.00000018,Upper Delivery,Delivery,pitch.1,438832,3.5586,-9.043,29.6725,134.5807,52.4382,-6.2861,-0.2353,0.327
1779988772128,2,Pitching Mound.Delivery,,Delivery,pitch.1,437672,11.0804,-51.7955,126.6837,-7.8757,128.5843,22.9408,-0.1351,0.0814
1779988772128,2,Pitching Mound.Delivery,,Delivery,pitch.1,437673,11.0715,-49.4963,126.3331,-9.3597,127.2692,23.5014,-0.1341,0.0814
1779988772128,2,Pitching Mound.Drive,,Delivery,pitch.1,438244,0.0337,0.0087,1.8429,1.0218,-2.6828,-2.1843,0.0,0.0
1779988772128,2,Pitching Mound.Parent,,Delivery,pitch.1,437292,11.0865,-51.7806,128.6043,-6.9435,125.9852,20.7783,-0.1331,0.0802
1779988772128,2,Pitching Mound.Parent,,Delivery,pitch.1,437293,11.1052,-49.4876,128.176,-8.3379,124.5864,21.3172,-0.1322,0.0802
1779988772129,2,11.0000004b,Drive,Delivery,pitch.1,438245,0.085,0.0117,1.7686,1.0437,-2.6345,-2.1932,0.0,0.0
1779988772129,2,12.00000015,Lower Delivery,Delivery,pitch.1,437975,6.7053,-39.2222,95.2382,-162.9148,68.6196,31.1244,-0.0959,-0.2277
1779988772129,2,12.00000018,Upper Delivery,Delivery,pitch.1,438833,4.0536,-8.7608,28.9836,129.4381,50.4308,-5.2042,-0.2316,0.327
1779988772129,2,Pitching Mound.Delivery,,Delivery,pitch.1,437674,10.7589,-47.983,124.2217,-10.9502,119.0504,25.0187,-0.1276,0.083
1779988772129,2,Pitching Mound.Drive,,Delivery,pitch.1,438245,0.085,0.0117,1.7686,1.0437,-2.6345,-2.1932,0.0,0.0
1779988772129,2,Pitching Mound.Parent,,Delivery,pitch.1,437294,10.8439,-47.9713,125.9903,-9.9065,116.4159,22.8256,-0.1258,0.0819
1779988772130,2,11.0000004b,Drive,Delivery,pitch.1,438246,0.1435,0.0088,1.781,1.1646,-2.6933,-2.1375,0.0,0.0
1779988772130,2,12.00000018,Upper Delivery,Delivery,pitch.1,438834,4.3618,-7.8926,35.1489,125.7666,49.9287,-3.939,-0.1891,0.327
1779988772130,2,Pitching Mound.Drive,,Delivery,pitch.1,438246,0.1435,0.0088,1.781,1.1646,-2.6933,-2.1375,0.0,0.0
1779988772131,2,11.0000004b,Drive,Delivery,pitch.1,438247,0.1909,0.0041,1.7131,1.1412,-2.5913,-2.1196,0.0,0.0
1779988772131,2,12.00000015,Lower Delivery,Delivery,pitch.1,437976,6.0911,-38.2032,95.0874,-163.9358,64.6483,30.9404,-0.0905,-0.2295
1779988772131,2,12.00000015,Lower Delivery,Delivery,pitch.1,437977,5.1514,-36.3455,90.519,-159.8813,61.0591,30.5189,-0.0898,-0.2351
1779988772131,2,12.00000018,Upper Delivery,Delivery,pitch.1,438835,4.8229,-6.3532,40.7243,113.9434,42.9787,-2.9909,-0.1405,0.327
1779988772131,2,Pitching Mound.Delivery,,Delivery,pitch.1,437675,10.4529,-46.0958,130.2363,-17.7901,114.577,26.4135,-0.1171,0.0772
1779988772131,2,Pitching Mound.Delivery,,Delivery,pitch.1,437676,9.9743,-42.6987,131.2433,-29.0077,104.0378,27.4163,-0.1055,0.0683
1779988772131,2,Pitching Mound.Drive,,Delivery,pitch.1,438247,0.1909,0.0041,1.7131,1.1412,-2.5913,-2.1196,0.0,0.0
1779988772131,2,Pitching Mound.Parent,,Delivery,pitch.1,437296,10.1652,-42.6946,132.9564,-27.8665,101.4465,25.2967,-0.1042,0.0674
1779988772131,2,Pitching Mound.Parent,,Delivery,pitch.1,437295,10.5963,-46.087,132.0173,-16.6254,111.8837,24.2761,-0.1155,0.0761
1779988772132,2,11.0000004b,Drive,Delivery,pitch.1,438248,0.2153,-0.0146,1.7297,1.1258,-2.734,-2.1209,0.0,0.0
1779988772132,2,12.00000018,Upper Delivery,Delivery,pitch.1,438836,4.3656,-5.8866,42.8696,114.8667,41.2914,-2.0077,-0.1282,0.327
1779988772132,2,Pitching Mound.Drive,,Delivery,pitch.1,438248,0.2153,-0.0146,1.7297,1.1258,-2.734,-2.1209,0.0,0.0
1779988772133,2,11.0000004b,Drive,Delivery,pitch.1,438249,0.2138,-0.0196,1.6421,1.0546,-2.5643,-2.1155,0.0,0.0
1779988772133,2,12.00000015,Lower Delivery,Delivery,pitch.1,437979,3.7966,-34.1646,86.0598,-154.4807,57.51,28.5519,-0.089,-0.239
1779988772133,2,12.00000015,Lower Delivery,Delivery,pitch.1,437978,4.5664,-35.3453,89.7655,-158.1848,56.9597,29.8571,-0.0845,-0.2346
1779988772133,2,12.00000018,Upper Delivery,Delivery,pitch.1,438837,3.7722,-5.286,46.9235,106.3119,35.111,-1.4309,-0.0996,0.3016
1779988772133,2,Pitching Mound.Delivery,,Delivery,pitch.1,437677,8.932,-41.2319,132.6351,-27.3734,98.2511,27.7812,-0.0986,0.0671
1779988772133,2,Pitching Mound.Delivery,,Delivery,pitch.1,437678,7.5688,-39.4507,132.9833,-34.8625,92.621,27.1127,-0.0927,0.0518
1779988772133,2,Pitching Mound.Drive,,Delivery,pitch.1,438249,0.2138,-0.0196,1.6421,1.0546,-2.5643,-2.1155,0.0,0.0
1779988772133,2,Pitching Mound.Parent,,Delivery,pitch.1,437298,7.7826,-39.4703,134.6254,-33.8079,90.0567,24.9972,-0.0916,0.0512
1779988772133,2,Pitching Mound.Parent,,Delivery,pitch.1,437297,9.1473,-41.2465,134.3648,-26.2476,95.5171,25.6603,-0.0973,0.0663
1779988772134,2,11.0000004b,Drive,Delivery,pitch.1,438250,0.2403,-0.036,1.6591,1.0944,-2.5964,-2.1391,0.0,0.0
1779988772134,2,12.00000015,Lower Delivery,Delivery,pitch.1,437980,3.3962,-33.1408,85.5834,-153.2653,57.0272,27.2172,-0.0887,-0.2384
1779988772134,2,12.00000018,Upper Delivery,Delivery,pitch.1,438838,3.347,-4.594,46.822,101.6546,30.118,-0.5057,-0.0856,0.289
1779988772134,2,Pitching Mound.Delivery,,Delivery,pitch.1,437679,6.7431,-37.7348,132.4054,-38.4318,87.1451,26.6948,-0.0876,0.0476
1779988772134,2,Pitching Mound.Drive,,Delivery,pitch.1,438250,0.2403,-0.036,1.6591,1.0944,-2.5964,-2.1391,0.0,0.0
1779988772134,2,Pitching Mound.Parent,,Delivery,pitch.1,437299,6.9834,-37.7708,134.0645,-37.3374,84.5488,24.5557,-0.0865,0.0471
1779988772135,2,11.0000004b,Drive,Delivery,pitch.1,438251,0.2414,-0.0505,1.6943,1.0081,-2.6331,-2.1726,0.0,0.0
1779988772135,2,12.00000015,Lower Delivery,Delivery,pitch.1,437981,2.9448,-31.8406,83.2262,-149.0804,57.6826,25.7295,-0.0923,-0.2385
1779988772135,2,12.00000018,Upper Delivery,Delivery,pitch.1,438839,2.7518,-4.1308,45.608,99.4079,28.0897,-0.8443,-0.082,0.2902
1779988772135,2,Pitching Mound.Delivery,,Delivery,pitch.1,437680,5.6966,-35.9714,128.8342,-36.8823,85.7723,24.8196,-0.0886,0.0479
1779988772135,2,Pitching Mound.Drive,,Delivery,pitch.1,438251,0.2414,-0.0505,1.6943,1.0081,-2.6331,-2.1726,0.0,0.0
1779988772135,2,Pitching Mound.Parent,,Delivery,pitch.1,437300,5.938,-36.0218,130.5284,-35.8742,83.1391,22.647,-0.0875,0.0473
1779988772136,2,11.0000004b,Drive,Delivery,pitch.1,438252,0.2279,-0.0532,1.7475,0.9902,-2.6254,-2.1855,0.0,0.0
1779988772136,2,12.00000018,Upper Delivery,Delivery,pitch.1,438840,2.4329,-3.5272,43.1258,99.7968,29.2373,-0.6458,-0.0903,0.3081
1779988772136,2,Pitching Mound.Drive,,Delivery,pitch.1,438252,0.2279,-0.0532,1.7475,0.9902,-2.6254,-2.1855,0.0,0.0
1779988772137,2,11.0000004b,Drive,Delivery,pitch.1,438253,0.2128,-0.0377,1.7205,0.9854,-2.61,-2.1893,0.0,0.0
1779988772137,2,12.00000015,Lower Delivery,Delivery,pitch.1,437982,2.4693,-31.0692,83.4854,-148.8572,55.5006,24.123,-0.0885,-0.2374
1779988772137,2,12.00000015,Lower Delivery,Delivery,pitch.1,437983,2.2487,-29.9707,83.2058,-147.4616,56.9231,22.9929,-0.0911,-0.2359
1779988772137,2,12.00000018,Upper Delivery,Delivery,pitch.1,438841,1.7967,-2.7432,40.7978,96.0062,27.5705,-1.0503,-0.09,0.3133
1779988772137,2,Pitching Mound.Delivery,,Delivery,pitch.1,437681,4.9021,-34.5964,126.6112,-35.3382,84.7379,23.4649,-0.0891,0.0568
1779988772137,2,Pitching Mound.Delivery,,Delivery,pitch.1,437682,4.0454,-32.7139,124.0036,-37.0366,84.4936,21.7889,-0.0907,0.061
1779988772137,2,Pitching Mound.Drive,,Delivery,pitch.1,438253,0.2128,-0.0377,1.7205,0.9854,-2.61,-2.1893,0.0,0.0
1779988772137,2,Pitching Mound.Parent,,Delivery,pitch.1,437301,5.13,-34.6496,128.3587,-34.348,82.1125,21.2794,-0.0879,0.056
1779988772137,2,Pitching Mound.Parent,,Delivery,pitch.1,437302,4.2582,-32.7516,125.7242,-36.0513,81.8836,19.5996,-0.0895,0.0602
1779988772138,2,11.0000004b,Drive,Delivery,pitch.1,438254,0.1952,-0.0239,1.6674,1.0189,-2.6082,-2.2429,0.0,0.0
1779988772138,2,12.00000015,Lower Delivery,Delivery,pitch.1,437984,1.8065,-29.5534,82.4341,-147.5515,57.1358,21.4449,-0.0923,-0.2383
1779988772138,2,12.00000018,Upper Delivery,Delivery,pitch.1,438842,1.4902,-2.4437,43.9751,98.0452,28.8763,-1.6717,-0.0874,0.2968
1779988772138,2,Pitching Mound.Delivery,,Delivery,pitch.1,437683,3.2967,-31.9971,126.4092,-36.4302,86.012,19.6656,-0.0906,0.0513
1779988772138,2,Pitching Mound.Drive,,Delivery,pitch.1,438254,0.1952,-0.0239,1.6674,1.0189,-2.6082,-2.2429,0.0,0.0
1779988772138,2,Pitching Mound.Parent,,Delivery,pitch.1,437303,3.4919,-32.021,128.0766,-35.4113,83.4039,17.4227,-0.0894,0.0506
1779988772139,2,11.0000004b,Drive,Delivery,pitch.1,438255,0.1733,-0.0087,1.5878,0.9134,-2.6601,-2.2531,0.0,0.0
1779988772139,2,12.00000015,Lower Delivery,Delivery,pitch.1,437985,1.5964,-28.5514,82.1838,-145.4841,56.6936,20.0933,-0.0918,-0.2357
1779988772139,2,12.00000018,Upper Delivery,Delivery,pitch.1,438843,1.2238,-2.155,47.3136,99.6402,30.6325,-2.1197,-0.0862,0.2804
1779988772139,2,Pitching Mound.Delivery,,Delivery,pitch.1,437684,2.8202,-30.7065,129.4973,-33.988,87.3262,17.8469,-0.0898,0.0444
1779988772139,2,Pitching Mound.Drive,,Delivery,pitch.1,438255,0.1733,-0.0087,1.5878,0.9134,-2.6601,-2.2531,0.0,0.0
1779988772139,2,Pitching Mound.Parent,,Delivery,pitch.1,437304,2.9935,-30.7152,131.0852,-33.0746,84.666,15.5938,-0.0887,0.0439
1779988772140,2,11.0000004b,Drive,Delivery,pitch.1,438256,0.1389,-0.0031,1.6434,0.88,-2.7705,-2.2632,0.0,0.0
1779988772140,2,12.00000015,Lower Delivery,Delivery,pitch.1,437986,1.258,-27.5727,81.1012,-144.7264,56.7758,18.5716,-0.0932,-0.2376
1779988772140,2,12.00000018,Upper Delivery,Delivery,pitch.1,438844,1.0095,-2.0463,46.612,100.3834,32.762,-2.65,-0.0936,0.2867
1779988772140,2,Pitching Mound.Delivery,,Delivery,pitch.1,437685,2.2675,-29.619,127.7132,-32.6167,89.5378,15.8371,-0.0933,0.0456
1779988772140,2,Pitching Mound.Drive,,Delivery,pitch.1,438256,0.1389,-0.0031,1.6434,0.88,-2.7705,-2.2632,0.0,0.0
1779988772140,2,Pitching Mound.Parent,,Delivery,pitch.1,437305,2.4064,-29.6221,129.3567,-31.7367,86.7673,13.5739,-0.0921,0.045
1779988772141,2,11.0000004b,Drive,Delivery,pitch.1,438257,0.1127,0.0082,1.5675,0.8702,-2.5621,-2.2933,0.0,0.0
1779988772141,2,12.00000015,Lower Delivery,Delivery,pitch.1,437987,1.0827,-26.4789,79.8294,-142.1784,57.6718,17.6438,-0.0962,-0.2371
1779988772141,2,12.00000018,Upper Delivery,Delivery,pitch.1,438845,0.9603,-2.3605,51.8761,108.1266,34.1886,-3.1546,-0.0877,0.2775
1779988772141,2,Pitching Mound.Delivery,,Delivery,pitch.1,437686,2.0431,-28.8394,131.7055,-24.5476,91.8605,14.4476,-0.0929,0.0377
1779988772141,2,Pitching Mound.Drive,,Delivery,pitch.1,438257,0.1127,0.0082,1.5675,0.8702,-2.5621,-2.2933,0.0,0.0
1779988772141,2,Pitching Mound.Parent,,Delivery,pitch.1,437306,2.1558,-28.8312,133.273,-23.6774,89.2984,12.1543,-0.0918,0.0373
1779988772142,2,11.0000004b,Drive,Delivery,pitch.1,438258,0.0737,0.0128,1.5503,0.8742,-2.5121,-2.3039,0.0,0.0
1779988772142,2,12.00000015,Lower Delivery,Delivery,pitch.1,437988,0.8015,-25.347,79.337,-141.7428,56.2892,16.2332,-0.0945,-0.2378
1779988772142,2,12.00000018,Upper Delivery,Delivery,pitch.1,438846,0.9812,-2.5059,55.0634,111.9843,35.2668,-3.1821,-0.0853,0.2707
1779988772142,2,Pitching Mound.Delivery,,Delivery,pitch.1,437687,1.7827,-27.8529,134.4004,-21.5055,91.556,13.1121,-0.0907,0.0319
1779988772142,2,Pitching Mound.Drive,,Delivery,pitch.1,438258,0.0737,0.0128,1.5503,0.8742,-2.5121,-2.3039,0.0,0.0
1779988772142,2,Pitching Mound.Parent,,Delivery,pitch.1,437307,1.8564,-27.8401,135.9507,-20.6313,89.0439,10.8082,-0.0897,0.0316
1779988772143,2,11.0000004b,Drive,Delivery,pitch.1,438259,0.0319,0.0193,1.6095,0.8969,-2.3729,-2.2959,0.0,0.0
1779988772143,2,12.00000015,Lower Delivery,Delivery,pitch.1,437989,0.8094,-24.3871,76.9855,-140.5205,55.3199,14.9305,-0.0957,-0.243
1779988772143,2,12.00000018,Upper Delivery,Delivery,pitch.1,438847,0.4726,-2.3094,53.7462,111.528,34.5987,-3.0983,-0.0857,0.2763
1779988772143,2,Pitching Mound.Delivery,,Delivery,pitch.1,437688,1.282,-26.6965,130.7317,-21.0911,89.9186,11.7177,-0.0916,0.0309
1779988772143,2,Pitching Mound.Drive,,Delivery,pitch.1,438259,0.0319,0.0193,1.6095,0.8969,-2.3729,-2.2959,0.0,0.0
1779988772143,2,Pitching Mound.Parent,,Delivery,pitch.1,437308,1.314,-26.6772,132.3412,-20.1942,87.5457,9.4218,-0.0905,0.0305
1779988772144,2,11.0000004b,Drive,Delivery,pitch.1,438260,0.0109,0.0162,1.7134,0.8927,-2.519,-2.298,0.0,0.0
1779988772144,2,12.00000015,Lower Delivery,Delivery,pitch.1,437990,0.9704,-23.6422,76.3916,-139.7045,54.8626,14.3127,-0.0956,-0.2435
1779988772144,2,12.00000018,Upper Delivery,Delivery,pitch.1,438848,0.9289,-2.7422,55.3669,116.8025,35.371,-2.9045,-0.085,0.2808
1779988772144,2,Pitching Mound.Delivery,,Delivery,pitch.1,437689,1.8993,-26.3844,131.7585,-15.7536,90.2336,11.394,-0.0912,0.0311
1779988772144,2,Pitching Mound.Drive,,Delivery,pitch.1,438260,0.0109,0.0162,1.7134,0.8927,-2.519,-2.298,0.0,0.0
1779988772144,2,Pitching Mound.Parent,,Delivery,pitch.1,437309,1.9102,-26.3683,133.4719,-14.861,87.7146,9.0961,-0.09,0.0307
1779988772145,2,11.0000004b,Drive,Delivery,pitch.1,438261,0.005,0.0186,1.7682,0.8698,-2.3388,-2.3284,0.0,0.0
1779988772145,2,12.00000015,Lower Delivery,Delivery,pitch.1,437991,0.9742,-23.0215,74.9479,-138.6255,55.5233,13.7752,-0.0986,-0.2462
1779988772145,2,12.00000018,Upper Delivery,Delivery,pitch.1,438849,1.0169,-2.6499,54.9259,117.7952,37.4962,-2.7086,-0.0909,0.2855
1779988772145,2,Pitching Mound.Delivery,,Delivery,pitch.1,437690,1.991,-25.6715,129.8738,-14.0228,93.0195,11.0811,-0.0953,0.0311
1779988772145,2,Pitching Mound.Drive,,Delivery,pitch.1,438261,0.005,0.0186,1.7682,0.8698,-2.3388,-2.3284,0.0,0.0
1779988772145,2,Pitching Mound.Parent,,Delivery,pitch.1,437310,1.9961,-25.6529,131.6419,-13.153,90.6807,8.7527,-0.0941,0.0306
1779988772146,2,11.0000004b,Drive,Delivery,pitch.1,438262,0.0026,0.0264,1.9059,0.93,-2.4191,-2.3285,0.0,0.0
1779988772146,2,12.00000015,Lower Delivery,Delivery,pitch.1,437992,1.0167,-22.1372,73.6065,-138.4858,55.1482,13.0999,-0.0997,-0.2505
1779988772146,2,12.00000018,Upper Delivery,Delivery,pitch.1,438850,1.2045,-2.7137,52.2795,114.7334,37.1924,-1.6525,-0.0947,0.2922
1779988772146,2,Pitching Mound.Delivery,,Delivery,pitch.1,437691,2.2212,-24.8509,125.886,-16.5012,92.3406,11.5112,-0.0977,0.0325
1779988772146,2,Pitching Mound.Drive,,Delivery,pitch.1,438262,0.0026,0.0264,1.9059,0.93,-2.4191,-2.3285,0.0,0.0
1779988772146,2,Pitching Mound.Parent,,Delivery,pitch.1,437311,2.2237,-24.8245,127.7919,-15.5712,89.9215,9.1827,-0.0962,0.032
1779988772147,2,11.0000004b,Drive,Delivery,pitch.1,438263,0.0123,0.0224,1.936,0.9264,-2.3534,-2.3036,0.0,0.0
1779988772147,2,12.00000015,Lower Delivery,Delivery,pitch.1,437993,0.9278,-21.4137,71.3301,-137.175,54.5166,12.5264,-0.1017,-0.256
1779988772147,2,12.00000018,Upper Delivery,Delivery,pitch.1,438851,1.613,-3.1888,54.7446,120.6272,38.2342,-0.7558,-0.093,0.2933
1779988772147,2,Pitching Mound.Delivery,,Delivery,pitch.1,437692,2.5408,-24.6025,126.0747,-10.9087,92.7508,12.0036,-0.0979,0.0273
1779988772147,2,Pitching Mound.Drive,,Delivery,pitch.1,438263,0.0123,0.0224,1.936,0.9264,-2.3534,-2.3036,0.0,0.0
1779988772147,2,Pitching Mound.Parent,,Delivery,pitch.1,437312,2.5531,-24.5802,128.0107,-9.9823,90.3974,9.7,-0.0965,0.0268
1779988772148,2,11.0000004b,Drive,Delivery,pitch.1,438264,0.0436,0.0184,1.99,0.9372,-2.4597,-2.2545,0.0,0.0
1779988772148,2,12.00000015,Lower Delivery,Delivery,pitch.1,437994,0.9226,-20.8999,69.7191,-136.2811,53.8372,12.0215,-0.1028,-0.2602
1779988772148,2,12.00000018,Upper Delivery,Delivery,pitch.1,438852,1.3991,-3.0717,51.564,119.5268,42.2409,1.0503,-0.1091,0.3086
1779988772148,2,Pitching Mound.Delivery,,Delivery,pitch.1,437693,2.3217,-23.9716,121.2831,-10.5816,96.0781,13.2338,-0.1055,0.0325
1779988772148,2,Pitching Mound.Drive,,Delivery,pitch.1,438264,0.0436,0.0184,1.99,0.9372,-2.4597,-2.2545,0.0,0.0
1779988772148,2,Pitching Mound.Parent,,Delivery,pitch.1,437313,2.3653,-23.9532,123.2731,-9.6443,93.6184,10.9793,-0.1038,0.032
1779988772149,2,11.0000004b,Drive,Delivery,pitch.1,438265,0.056,0.0167,2.0453,0.9883,-2.3629,-2.2326,0.0,0.0
1779988772149,2,12.00000015,Lower Delivery,Delivery,pitch.1,437995,0.8436,-20.6028,67.931,-133.9433,53.2423,11.6665,-0.1043,-0.2625
1779988772149,2,12.00000018,Upper Delivery,Delivery,pitch.1,438853,1.8142,-3.1466,50.8565,123.9695,45.6099,1.4466,-0.1194,0.3245
1779988772149,2,Pitching Mound.Delivery,,Delivery,pitch.1,437694,2.6579,-23.7493,118.7874,-4.1685,98.8522,13.4432,-0.1108,0.0377
1779988772149,2,Pitching Mound.Drive,,Delivery,pitch.1,438265,0.056,0.0167,2.0453,0.9883,-2.3629,-2.2326,0.0,0.0
1779988772149,2,Pitching Mound.Parent,,Delivery,pitch.1,437314,2.7139,-23.7327,120.8328,-3.1802,96.4893,11.2106,-0.1089,0.0371
1779988772150,2,11.0000004b,Drive,Delivery,pitch.1,438266,0.0793,0.0061,2.0686,1.0181,-2.5944,-2.2278,0.0,0.0
1779988772150,2,12.00000015,Lower Delivery,Delivery,pitch.1,437996,0.7623,-20.2271,66.0451,-132.1495,51.7722,11.1073,-0.1044,-0.2664
1779988772150,2,12.00000018,Upper Delivery,Delivery,pitch.1,438854,1.827,-3.2023,49.2144,123.2348,46.7324,2.2089,-0.1264,0.327
1779988772150,2,Pitching Mound.Delivery,,Delivery,pitch.1,437695,2.5893,-23.4294,115.2595,-3.1923,98.5046,13.6782,-0.1138,0.0366
1779988772150,2,Pitching Mound.Drive,,Delivery,pitch.1,438266,0.0793,0.0061,2.0686,1.0181,-2.5944,-2.2278,0.0,0.0
1779988772150,2,Pitching Mound.Parent,,Delivery,pitch.1,437315,2.6685,-23.4233,117.3281,-2.1742,95.9102,11.4504,-0.1118,0.036
1779988772151,2,11.0000004b,Drive,Delivery,pitch.1,438267,0.1081,-0.0037,2.0258,1.0165,-2.5661,-2.2349,0.0,0.0
1779988772151,2,12.00000015,Lower Delivery,Delivery,pitch.1,437997,0.72,-20.1878,65.9252,-132.0249,51.1403,10.8598,-0.1033,-0.2666
1779988772151,2,12.00000018,Upper Delivery,Delivery,pitch.1,438855,1.8328,-3.235,49.1104,123.8108,49.0435,3.5599,-0.1329,0.327
1779988772151,2,Pitching Mound.Delivery,,Delivery,pitch.1,437696,2.5528,-23.4227,115.0356,-2.497,100.1838,14.798,-0.1159,0.0365
1779988772151,2,Pitching Mound.Drive,,Delivery,pitch.1,438267,0.1081,-0.0037,2.0258,1.0165,-2.5661,-2.2349,0.0,0.0
1779988772151,2,Pitching Mound.Parent,,Delivery,pitch.1,437316,2.6609,-23.4265,117.0614,-1.4805,97.6177,12.5631,-0.1139,0.0359
1779988772152,2,11.0000004b,Drive,Delivery,pitch.1,438268,0.1407,-0.0296,2.0031,1.027,-2.634,-2.2117,0.0,0.0
1779988772152,2,12.00000015,Lower Delivery,Delivery,pitch.1,437998,0.6414,-20.0052,64.7728,-131.2087,50.7874,10.6551,-0.1044,-0.2697
1779988772152,2,12.00000018,Upper Delivery,Delivery,pitch.1,438856,1.9522,-3.3029,51.6805,127.8267,50.2888,4.2883,-0.1295,0.327
1779988772152,2,Pitching Mound.Delivery,,Delivery,pitch.1,437697,2.5935,-23.3082,116.4534,1.0694,101.0762,15.389,-0.1155,0.0334
1779988772152,2,Pitching Mound.Drive,,Delivery,pitch.1,438268,0.1407,-0.0296,2.0031,1.027,-2.634,-2.2117,0.0,0.0
1779988772152,2,Pitching Mound.Parent,,Delivery,pitch.1,437317,2.7342,-23.3378,118.4564,2.0965,98.4422,13.1773,-0.1136,0.0328
1779988772153,2,11.0000004b,Drive,Delivery,pitch.1,438269,0.1675,-0.0454,1.9332,1.0807,-2.7398,-2.2368,0.0,0.0
1779988772153,2,12.00000015,Lower Delivery,Delivery,pitch.1,437999,0.548,-19.8806,63.9172,-130.0693,50.4802,10.3679,-0.1051,-0.2709
1779988772153,2,12.00000018,Upper Delivery,Delivery,pitch.1,438857,1.9244,-3.4363,51.1919,128.9376,49.0107,4.4527,-0.1275,0.327
1779988772153,2,Pitching Mound.Delivery,,Delivery,pitch.1,437698,2.4724,-23.3169,115.1091,3.1949,99.4909,15.2886,-0.1151,0.0326
1779988772153,2,Pitching Mound.Drive,,Delivery,pitch.1,438269,0.1675,-0.0454,1.9332,1.0807,-2.7398,-2.2368,0.0,0.0
1779988772153,2,Pitching Mound.Parent,,Delivery,pitch.1,437318,2.64,-23.3623,117.0423,4.2756,96.7511,13.0518,-0.1132,0.0321
1779988772154,2,11.0000004b,Drive,Delivery,pitch.1,438270,0.2173,-0.0635,1.5158,1.1207,-2.9743,-2.2544,0.0,0.0
1779988772154,2,12.00000015,Lower Delivery,Delivery,pitch.1,438000,0.4695,-19.799,63.0104,-128.6337,49.4383,10.1019,-0.1045,-0.2718
1779988772154,2,12.00000018,Upper Delivery,Delivery,pitch.1,438858,2.0994,-3.5212,51.1371,130.6981,50.1234,4.299,-0.1305,0.327
1779988772154,2,Pitching Mound.Delivery,,Delivery,pitch.1,437699,2.569,-23.3202,114.1475,6.1013,99.5617,14.9551,-0.1161,0.0318
1779988772154,2,Pitching Mound.Drive,,Delivery,pitch.1,438270,0.2173,-0.0635,1.5158,1.1207,-2.9743,-2.2544,0.0,0.0
1779988772154,2,Pitching Mound.Parent,,Delivery,pitch.1,437319,2.7863,-23.3837,115.6633,7.222,96.5874,12.7006,-0.1146,0.0314
1779988772155,2,11.0000004b,Drive,Delivery,pitch.1,438271,0.2289,-0.059,1.4924,1.0948,-2.8133,-2.2255,0.0,0.0
1779988772155,2,12.00000015,Lower Delivery,Delivery,pitch.1,438001,0.3494,-19.6664,61.993,-126.8027,48.5146,9.7393,-0.1042,-0.2723
1779988772155,2,12.00000018,Upper Delivery,Delivery,pitch.1,438859,1.8641,-3.4352,51.803,128.0212,46.6968,4.4784,-0.12,0.327
1779988772155,2,Pitching Mound.Delivery,,Delivery,pitch.1,437700,2.2135,-23.1016,113.796,4.6831,95.2115,14.7327,-0.1114,0.031
1779988772155,2,Pitching Mound.Drive,,Delivery,pitch.1,438271,0.2289,-0.059,1.4924,1.0948,-2.8133,-2.2255,0.0,0.0
1779988772155,2,Pitching Mound.Parent,,Delivery,pitch.1,437320,2.4424,-23.1606,115.2884,5.778,92.3982,12.5072,-0.1099,0.0306
1779988772156,2,11.0000004b,Drive,Delivery,pitch.1,438272,0.2279,-0.0622,1.5426,1.07,-2.8631,-2.1952,0.0,0.0
1779988772156,2,12.00000015,Lower Delivery,Delivery,pitch.1,438002,0.2401,-19.6241,61.63,-125.9072,48.1442,9.4741,-0.104,-0.272
1779988772156,2,12.00000018,Upper Delivery,Delivery,pitch.1,438860,1.3333,-3.2643,49.0313,125.8775,44.2221,3.9616,-0.1201,0.327
1779988772156,2,Pitching Mound.Delivery,,Delivery,pitch.1,437701,1.5734,-22.8884,110.6613,4.2539,92.3663,13.8074,-0.1111,0.0321
1779988772156,2,Pitching Mound.Drive,,Delivery,pitch.1,438272,0.2279,-0.0622,1.5426,1.07,-2.8631,-2.1952,0.0,0.0
1779988772156,2,Pitching Mound.Parent,,Delivery,pitch.1,437321,1.8013,-22.9506,112.204,5.3238,89.5032,11.6122,-0.1096,0.0317
1779988772157,2,11.0000004b,Drive,Delivery,pitch.1,438273,0.2371,-0.0532,1.4205,1.0687,-2.854,-2.2005,0.0,0.0
1779988772157,2,12.00000015,Lower Delivery,Delivery,pitch.1,438003,0.1333,-19.5915,61.5044,-125.0584,47.9592,9.2066,-0.1038,-0.2707
1779988772157,2,12.00000018,Upper Delivery,Delivery,pitch.1,438861,1.3113,-3.3573,50.2318,129.6471,43.8252,4.0386,-0.1161,0.327
1779988772157,2,Pitching Mound.Delivery,,Delivery,pitch.1,437702,1.4446,-22.9489,111.7362,8.4214,91.7844,13.6457,-0.1094,0.0323
1779988772157,2,Pitching Mound.Drive,,Delivery,pitch.1,438273,0.2371,-0.0532,1.4205,1.0687,-2.854,-2.2005,0.0,0.0
1779988772157,2,Pitching Mound.Parent,,Delivery,pitch.1,437322,1.6817,-23.002,113.1568,9.4901,88.9304,11.4452,-0.108,0.0319
1779988772158,2,11.0000004b,Drive,Delivery,pitch.1,438274,0.2154,-0.0478,1.4026,0.9988,-2.7898,-2.2251,0.0,0.0
1779988772158,2,12.00000015,Lower Delivery,Delivery,pitch.1,438004,0.0317,-19.6087,61.1878,-123.6701,47.1586,8.7238,-0.1026,-0.2691
1779988772158,2,12.00000018,Upper Delivery,Delivery,pitch.1,438862,0.8728,-2.9272,51.7338,125.8937,44.3442,3.6397,-0.1141,0.324
1779988772158,2,Pitching Mound.Delivery,,Delivery,pitch.1,437703,0.9045,-22.536,112.9217,5.438,91.5028,12.6495,-0.1079,0.0311
1779988772158,2,Pitching Mound.Drive,,Delivery,pitch.1,438274,0.2154,-0.0478,1.4026,0.9988,-2.7898,-2.2251,0.0,0.0
1779988772158,2,Pitching Mound.Parent,,Delivery,pitch.1,437323,1.1199,-22.5838,114.3243,6.4369,88.713,10.4244,-0.1066,0.0307
1779988772159,2,11.0000004b,Drive,Delivery,pitch.1,438275,0.2136,-0.0346,1.3647,1.0558,-2.7316,-2.2407,0.0,0.0
1779988772159,2,12.00000015,Lower Delivery,Delivery,pitch.1,438005,-0.0536,-19.2358,59.1803,-121.1465,45.7153,8.2106,-0.1028,-0.2725
1779988772159,2,12.00000018,Upper Delivery,Delivery,pitch.1,438863,0.6867,-2.9132,49.2654,124.015,40.6905,3.555,-0.11,0.327
1779988772159,2,Pitching Mound.Delivery,,Delivery,pitch.1,437704,0.633,-22.149,108.4458,6.2395,86.4059,12.0173,-0.1061,0.0309
1779988772159,2,Pitching Mound.Drive,,Delivery,pitch.1,438275,0.2136,-0.0346,1.3647,1.0558,-2.7316,-2.2407,0.0,0.0
1779988772159,2,Pitching Mound.Parent,,Delivery,pitch.1,437324,0.8467,-22.1836,109.8104,7.2953,83.6742,9.7765,-0.1048,0.0305
1779988772160,2,11.0000004b,Drive,Delivery,pitch.1,438276,0.2069,-0.0065,1.3342,0.9558,-2.5157,-2.2453,0.0,0.0
1779988772160,2,12.00000015,Lower Delivery,Delivery,pitch.1,438006,-0.0891,-18.8871,59.9162,-123.7919,46.6284,8.033,-0.1036,-0.2751
1779988772160,2,12.00000018,Upper Delivery,Delivery,pitch.1,438864,0.4432,-2.7104,51.0424,122.3686,40.0216,3.7198,-0.1044,0.3192
1779988772160,2,Pitching Mound.Delivery,,Delivery,pitch.1,437705,0.3541,-21.5975,110.9586,1.5938,86.6501,11.9338,-0.104,0.0255
1779988772160,2,Pitching Mound.Drive,,Delivery,pitch.1,438276,0.2069,-0.0065,1.3342,0.9558,-2.5157,-2.2453,0.0,0.0
1779988772160,2,Pitching Mound.Parent,,Delivery,pitch.1,437325,0.561,-21.604,112.2928,2.5496,84.1344,9.6884,-0.1027,0.0252
1779988772161,2,11.0000004b,Drive,Delivery,pitch.1,438277,0.2029,0.0006,1.4338,0.9301,-2.4915,-2.2347,0.0,0.0
1779988772161,2,12.00000015,Lower Delivery,Delivery,pitch.1,438007,-0.1298,-18.4404,58.8424,-122.4563,46.1873,7.6621,-0.1045,-0.277
1779988772161,2,12.00000018,Upper Delivery,Delivery,pitch.1,438865,-0.0521,-2.2632,49.7066,118.4863,36.0842,3.5582,-0.0966,0.3173
1779988772161,2,Pitching Mound.Delivery,,Delivery,pitch.1,437706,-0.1819,-20.7037,108.5491,-0.8639,82.2715,11.2468,-0.1009,0.0237
1779988772161,2,Pitching Mound.Drive,,Delivery,pitch.1,438277,0.2029,0.0006,1.4338,0.9301,-2.4915,-2.2347,0.0,0.0
1779988772161,2,Pitching Mound.Parent,,Delivery,pitch.1,437326,0.021,-20.7031,109.9829,0.0662,79.7801,9.0121,-0.0996,0.0234
1779988772162,2,11.0000004b,Drive,Delivery,pitch.1,438278,0.1779,-0.0021,1.5174,0.8898,-2.5493,-2.272,0.0,0.0
1779988772162,2,12.00000015,Lower Delivery,Delivery,pitch.1,438008,-0.1773,-17.8454,58.629,-123.0222,45.9682,7.5337,-0.1044,-0.2793
1779988772162,2,12.00000018,Upper Delivery,Delivery,pitch.1,438866,-0.5615,-2.2825,54.8448,121.5383,37.7622,3.6008,-0.0917,0.295
1779988772162,2,Pitching Mound.Delivery,,Delivery,pitch.1,437707,-0.7389,-20.128,113.4737,-0.1973,83.7304,11.0039,-0.0982,0.0096
1779988772162,2,Pitching Mound.Drive,,Delivery,pitch.1,438278,0.1779,-0.0021,1.5174,0.8898,-2.5493,-2.272,0.0,0.0
1779988772162,2,Pitching Mound.Parent,,Delivery,pitch.1,437327,-0.561,-20.1301,114.9911,0.6925,81.181,8.7318,-0.0969,0.0095
1779988772163,2,11.0000004b,Drive,Delivery,pitch.1,438279,0.1324,-0.0008,1.5304,0.8532,-2.7239,-2.2891,0.0,0.0
1779988772163,2,12.00000015,Lower Delivery,Delivery,pitch.1,438009,-0.1365,-17.5527,59.279,-123.7544,46.1278,7.2647,-0.1036,-0.2779
1779988772163,2,12.00000018,Upper Delivery,Delivery,pitch.1,438867,-1.0773,-1.7445,54.8395,119.1168,36.9063,4.0118,-0.0896,0.2892
1779988772163,2,Pitching Mound.Delivery,,Delivery,pitch.1,437708,-1.2139,-19.2972,114.1185,-3.1282,83.0341,10.9566,-0.0969,0.0078
1779988772163,2,Pitching Mound.Drive,,Delivery,pitch.1,438279,0.1324,-0.0008,1.5304,0.8532,-2.7239,-2.2891,0.0,0.0
1779988772163,2,Pitching Mound.Parent,,Delivery,pitch.1,437328,-1.0815,-19.298,115.6489,-2.275,80.3102,8.6675,-0.0956,0.0077
1779988772164,2,11.0000004b,Drive,Delivery,pitch.1,438280,0.0773,0.0072,1.6011,0.842,-2.6668,-2.3116,0.0,0.0
1779988772164,2,12.00000015,Lower Delivery,Delivery,pitch.1,438010,-0.0731,-17.1345,58.9527,-124.579,46.749,7.1267,-0.1056,-0.2813
1779988772164,2,12.00000018,Upper Delivery,Delivery,pitch.1,438868,-1.3636,-1.637,54.8481,122.2806,36.5067,4.317,-0.0886,0.2968
1779988772164,2,Pitching Mound.Delivery,,Delivery,pitch.1,437709,-1.4368,-18.7715,113.8008,-0.9029,83.2556,11.0049,-0.0974,0.0096
1779988772164,2,Pitching Mound.Drive,,Delivery,pitch.1,438280,0.0773,0.0072,1.6011,0.842,-2.6668,-2.3116,0.0,0.0
1779988772164,2,Pitching Mound.Parent,,Delivery,pitch.1,437329,-1.3594,-18.7643,115.4019,-0.0609,80.5888,8.6934,-0.096,0.0094
1779988772165,2,11.0000004b,Drive,Delivery,pitch.1,438281,0.0424,0.0118,1.7411,0.8589,-2.7974,-2.2694,0.0,0.0
1779988772165,2,12.00000015,Lower Delivery,Delivery,pitch.1,438011,-0.0148,-16.7011,58.6084,-126.3769,46.5633,6.6421,-0.1058,-0.2871
1779988772165,2,12.00000018,Upper Delivery,Delivery,pitch.1,438869,-1.9216,-1.3111,54.3508,119.4472,34.5926,4.6562,-0.0847,0.2926
1779988772165,2,Pitching Mound.Delivery,,Delivery,pitch.1,437710,-1.9365,-18.0122,112.9592,-5.4821,81.1559,10.65,-0.0956,0.0046
1779988772165,2,Pitching Mound.Drive,,Delivery,pitch.1,438281,0.0424,0.0118,1.7411,0.8589,-2.7974,-2.2694,0.0,0.0
1779988772165,2,Pitching Mound.Parent,,Delivery,pitch.1,437330,-1.894,-18.0004,114.7003,-4.6232,78.3585,8.3806,-0.0942,0.0046
1779988772166,2,11.0000004b,Drive,Delivery,pitch.1,438282,0.0282,0.0106,1.8392,0.9305,-2.9801,-2.2866,0.0,0.0
1779988772166,2,12.00000015,Lower Delivery,Delivery,pitch.1,438012,0.0615,-16.3986,59.0356,-127.2947,48.0038,6.7345,-0.1083,-0.2871
1779988772166,2,12.00000018,Upper Delivery,Delivery,pitch.1,438870,-2.1608,-1.4056,57.2162,122.4308,38.3218,5.0739,-0.0892,0.2849
1779988772166,2,Pitching Mound.Delivery,,Delivery,pitch.1,437711,-2.0993,-17.8042,116.2518,-4.2453,86.3256,11.0528,-0.0989,-0.0002
1779988772166,2,Pitching Mound.Drive,,Delivery,pitch.1,438282,0.0282,0.0106,1.8392,0.9305,-2.9801,-2.2866,0.0,0.0
1779988772166,2,Pitching Mound.Parent,,Delivery,pitch.1,437331,-2.0711,-17.7936,118.091,-3.3148,83.3455,8.7662,-0.0973,-0.0002
1779988772167,2,11.0000004b,Drive,Delivery,pitch.1,438283,0.0151,0.0101,1.8407,0.9738,-3.139,-2.3249,0.0,0.0
1779988772167,2,12.00000015,Lower Delivery,Delivery,pitch.1,438013,0.1012,-15.9419,58.9072,-128.7964,48.1226,6.4135,-0.1088,-0.2911
1779988772167,2,12.00000018,Upper Delivery,Delivery,pitch.1,438871,-2.2665,-1.4811,57.7763,123.5038,37.1672,5.8405,-0.0856,0.2846
1779988772167,2,Pitching Mound.Delivery,,Delivery,pitch.1,437712,-2.1654,-17.4229,116.6835,-4.908,85.2898,11.449,-0.0973,-0.0027
1779988772167,2,Pitching Mound.Drive,,Delivery,pitch.1,438283,0.0151,0.0101,1.8407,0.9738,-3.139,-2.3249,0.0,0.0
1779988772167,2,Pitching Mound.Parent,,Delivery,pitch.1,437332,-2.1503,-17.4128,118.5241,-3.9342,82.1508,9.1242,-0.0958,-0.0027
1779988772168,2,11.0000004b,Drive,Delivery,pitch.1,438284,-0.0055,0.0123,1.949,0.9696,-2.9415,-2.3168,0.0,0.0
1779988772168,2,12.00000015,Lower Delivery,Delivery,pitch.1,438014,0.1116,-15.5269,58.3555,-129.9635,47.8181,5.922,-0.1091,-0.2965
1779988772168,2,12.00000018,Upper Delivery,Delivery,pitch.1,438872,-2.536,-1.5584,58.4224,125.9376,38.2898,6.5284,-0.0873,0.287
1779988772168,2,Pitching Mound.Delivery,,Delivery,pitch.1,437713,-2.4244,-17.0853,116.7779,-4.0486,86.1078,11.5502,-0.0982,-0.0048
1779988772168,2,Pitching Mound.Drive,,Delivery,pitch.1,438284,-0.0055,0.0123,1.949,0.9696,-2.9415,-2.3168,0.0,0.0
1779988772168,2,Pitching Mound.Parent,,Delivery,pitch.1,437333,-2.4299,-17.0731,118.727,-3.079,83.1663,9.2334,-0.0966,-0.0047
1779988772169,2,11.0000004b,Drive,Delivery,pitch.1,438285,-0.0127,0.0107,2.0466,1.015,-2.95,-2.2965,0.0,0.0
1779988772169,2,12.00000015,Lower Delivery,Delivery,pitch.1,438015,0.0919,-15.2321,58.2638,-130.8372,48.0627,5.7303,-0.1098,-0.299
1779988772169,2,12.00000018,Upper Delivery,Delivery,pitch.1,438873,-2.5334,-1.6952,59.0366,126.124,39.0924,6.3297,-0.0882,0.2844
1779988772169,2,Pitching Mound.Delivery,,Delivery,pitch.1,437714,-2.4415,-16.9273,117.3004,-4.9759,87.155,11.1674,-0.0989,-0.0076
1779988772169,2,Pitching Mound.Drive,,Delivery,pitch.1,438285,-0.0127,0.0107,2.0466,1.015,-2.95,-2.2965,0.0,0.0
1779988772169,2,Pitching Mound.Parent,,Delivery,pitch.1,437334,-2.4542,-16.9166,119.347,-3.9609,84.2051,8.8709,-0.0972,-0.0075
1779988772170,2,11.0000004b,Drive,Delivery,pitch.1,438286,-0.0005,0.0112,2.05,1.0065,-3.0616,-2.3133,0.0,0.0
1779988772170,2,12.00000015,Lower Delivery,Delivery,pitch.1,438016,0.083,-14.8174,58.1,-131.3626,48.6451,5.5588,-0.1115,-0.301
1779988772170,2,12.00000018,Upper Delivery,Delivery,pitch.1,438874,-2.5515,-1.7681,60.0776,127.0232,38.9985,6.5736,-0.0864,0.2815
1779988772170,2,Pitching Mound.Delivery,,Delivery,pitch.1,437715,-2.4684,-16.5856,118.1776,-5.0118,87.6436,11.2366,-0.0987,-0.0106
1779988772170,2,Pitching Mound.Drive,,Delivery,pitch.1,438286,-0.0005,0.0112,2.05,1.0065,-3.0616,-2.3133,0.0,0.0
1779988772170,2,Pitching Mound.Parent,,Delivery,pitch.1,437335,-2.4689,-16.5743,120.2276,-4.0053,84.5819,8.9233,-0.097,-0.0104
1779988772171,2,11.0000004b,Drive,Delivery,pitch.1,438287,0.01,0.0041,2.1768,1.055,-3.192,-2.3478,0.0,0.0
1779988772171,2,12.00000015,Lower Delivery,Delivery,pitch.1,438017,0.0022,-14.4578,57.1659,-131.3285,48.3445,5.1042,-0.1126,-0.3058
1779988772171,2,12.00000018,Upper Delivery,Delivery,pitch.1,438875,-2.5408,-1.7748,60.852,128.9391,39.7584,7.4168,-0.087,0.2821
1779988772171,2,Pitching Mound.Delivery,,Delivery,pitch.1,437716,-2.5386,-16.2326,118.0179,-3.6427,88.103,11.6564,-0.0994,-0.0133
1779988772171,2,Pitching Mound.Drive,,Delivery,pitch.1,438287,0.01,0.0041,2.1768,1.055,-3.192,-2.3478,0.0,0.0
1779988772171,2,Pitching Mound.Parent,,Delivery,pitch.1,437336,-2.5286,-16.2285,120.1947,-2.5877,84.911,9.3086,-0.0976,-0.0131
1779988772172,2,11.0000004b,Drive,Delivery,pitch.1,438288,0.0411,0.0091,2.1125,1.0403,-3.1058,-2.3102,0.0,0.0
1779988772172,2,12.00000015,Lower Delivery,Delivery,pitch.1,438018,-0.082,-14.2215,56.6509,-131.2912,47.5874,5.0179,-0.1118,-0.3085
1779988772172,2,12.00000018,Upper Delivery,Delivery,pitch.1,438876,-2.449,-1.9681,59.6683,132.9011,40.9917,7.9261,-0.0915,0.2965
1779988772172,2,Pitching Mound.Delivery,,Delivery,pitch.1,437717,-2.531,-16.1896,116.3192,0.5839,88.5791,12.1393,-0.1014,-0.007
1779988772172,2,Pitching Mound.Drive,,Delivery,pitch.1,438288,0.0411,0.0091,2.1125,1.0403,-3.1058,-2.3102,0.0,0.0
1779988772172,2,Pitching Mound.Parent,,Delivery,pitch.1,437337,-2.4898,-16.1806,118.4317,1.6242,85.4732,9.8291,-0.0996,-0.0069
1779988772173,2,11.0000004b,Drive,Delivery,pitch.1,438289,0.0817,0.0074,2.0784,1.0219,-3.0374,-2.2997,0.0,0.0
1779988772173,2,12.00000015,Lower Delivery,Delivery,pitch.1,438019,-0.1806,-14.0602,56.9257,-130.7124,47.7679,4.9368,-0.1117,-0.3057
1779988772173,2,12.00000018,Upper Delivery,Delivery,pitch.1,438877,-2.2591,-2.2473,59.6985,132.6655,42.6768,8.8532,-0.0952,0.2958
1779988772173,2,Pitching Mound.Delivery,,Delivery,pitch.1,437718,-2.4397,-16.3074,116.6242,1.0103,90.4447,13.0834,-0.1032,-0.0059
1779988772173,2,Pitching Mound.Drive,,Delivery,pitch.1,438289,0.0817,0.0074,2.0784,1.0219,-3.0374,-2.2997,0.0,0.0
1779988772173,2,Pitching Mound.Parent,,Delivery,pitch.1,437338,-2.358,-16.3,118.7025,2.0321,87.4073,10.7837,-0.1014,-0.0058
1779988772174,2,11.0000004b,Drive,Delivery,pitch.1,438290,0.1197,-0.0079,2.0439,1.0301,-2.8967,-2.2923,0.0,0.0
1779988772174,2,12.00000015,Lower Delivery,Delivery,pitch.1,438020,-0.1138,-13.7509,56.7637,-130.1378,48.0612,4.4778,-0.1127,-0.3052
1779988772174,2,12.00000018,Upper Delivery,Delivery,pitch.1,438878,-2.2939,-2.1489,58.833,131.6202,40.9333,9.5233,-0.0926,0.2978
1779988772174,2,Pitching Mound.Delivery,,Delivery,pitch.1,437719,-2.4077,-15.8998,115.5966,0.7788,88.9945,13.2598,-0.1025,-0.0044
1779988772174,2,Pitching Mound.Drive,,Delivery,pitch.1,438290,0.1197,-0.0079,2.0439,1.0301,-2.8967,-2.2923,0.0,0.0
1779988772174,2,Pitching Mound.Parent,,Delivery,pitch.1,437339,-2.288,-15.9077,117.6405,1.809,86.0978,10.9675,-0.1007,-0.0043
1779988772175,2,11.0000004b,Drive,Delivery,pitch.1,438291,0.1654,-0.0362,1.8893,1.0598,-2.853,-2.2869,0.0,0.0
1779988772175,2,12.00000015,Lower Delivery,Delivery,pitch.1,438021,-0.1363,-13.2839,56.2905,-128.5978,47.2629,4.1572,-0.1118,-0.3041
1779988772175,2,12.00000018,Upper Delivery,Delivery,pitch.1,438879,-2.1847,-2.4627,58.9257,134.4014,44.1518,9.6504,-0.0997,0.3036
1779988772175,2,Pitching Mound.Delivery,,Delivery,pitch.1,437720,-2.321,-15.7465,115.2161,4.9076,91.4146,13.1111,-0.1056,-0.0011
1779988772175,2,Pitching Mound.Drive,,Delivery,pitch.1,438291,0.1654,-0.0362,1.8893,1.0598,-2.853,-2.2869,0.0,0.0
1779988772175,2,Pitching Mound.Parent,,Delivery,pitch.1,437340,-2.1556,-15.7828,117.1054,5.9675,88.5616,10.8242,-0.1039,-0.0011
1779988772176,2,11.0000004b,Drive,Delivery,pitch.1,438292,0.2097,-0.0566,1.7867,1.0183,-2.7237,-2.2732,0.0,0.0
1779988772176,2,12.00000015,Lower Delivery,Delivery,pitch.1,438022,0.232,-12.861,54.506,-125.515,45.1479,3.4462,-0.1103,-0.3066
1779988772176,2,12.00000018,Upper Delivery,Delivery,pitch.1,438880,-2.2259,-2.7552,58.6921,138.3515,44.863,9.9991,-0.1018,0.3138
1779988772176,2,Pitching Mound.Delivery,,Delivery,pitch.1,437721,-1.9939,-15.6162,113.1982,11.4132,90.0109,12.6095,-0.1059,0.0025
1779988772176,2,Pitching Mound.Drive,,Delivery,pitch.1,438292,0.2097,-0.0566,1.7867,1.0183,-2.7237,-2.2732,0.0,0.0
1779988772176,2,Pitching Mound.Parent,,Delivery,pitch.1,437341,-1.7841,-15.6728,114.9849,12.4315,87.2872,10.3363,-0.1042,0.0025
1779988772177,2,11.0000004b,Drive,Delivery,pitch.1,438293,0.2485,-0.0607,1.5957,0.9829,-2.6598,-2.2598,0.0,0.0
1779988772177,2,12.00000015,Lower Delivery,Delivery,pitch.1,438023,0.2673,-12.4456,54.4743,-123.6361,44.3076,3.4227,-0.1083,-0.3021
1779988772177,2,12.00000018,Upper Delivery,Delivery,pitch.1,438881,-2.3257,-2.5617,58.8075,138.7897,44.2396,10.7557,-0.1001,0.3142
1779988772177,2,Pitching Mound.Delivery,,Delivery,pitch.1,437722,-2.0584,-15.0072,113.2818,13.6803,88.5472,13.2968,-0.1041,0.0048
1779988772177,2,Pitching Mound.Drive,,Delivery,pitch.1,438293,0.2485,-0.0607,1.5957,0.9829,-2.6598,-2.2598,0.0,0.0
1779988772177,2,Pitching Mound.Parent,,Delivery,pitch.1,437342,-1.8099,-15.0679,114.8775,14.6632,85.8874,11.037,-0.1026,0.0047
1779988772178,2,11.0000004b,Drive,Delivery,pitch.1,438294,0.2694,-0.0577,1.6057,0.969,-2.6034,-2.2159,0.0,0.0
1779988772178,2,12.00000015,Lower Delivery,Delivery,pitch.1,438024,0.3872,-11.9815,54.0574,-121.2559,43.5609,3.5704,-0.1073,-0.2986
1779988772178,2,12.00000018,Upper Delivery,Delivery,pitch.1,438882,-2.8036,-2.3333,59.7053,138.8513,44.4847,11.0926,-0.0992,0.3096
1779988772178,2,Pitching Mound.Delivery,,Delivery,pitch.1,437723,-2.4164,-14.3148,113.7627,15.6751,88.0456,13.5782,-0.103,0.0037
1779988772178,2,Pitching Mound.Drive,,Delivery,pitch.1,438294,0.2694,-0.0577,1.6057,0.969,-2.6034,-2.2159,0.0,0.0
1779988772178,2,Pitching Mound.Parent,,Delivery,pitch.1,437343,-2.1471,-14.3726,115.3684,16.6441,85.4423,11.3623,-0.1016,0.0037
1779988772179,2,11.0000004b,Drive,Delivery,pitch.1,438295,0.287,-0.069,1.5365,0.905,-2.6261,-2.1809,0.0,0.0
1779988772179,2,12.00000015,Lower Delivery,Delivery,pitch.1,438025,0.587,-11.4925,53.3565,-118.4943,42.0564,3.4607,-0.1049,-0.2956
1779988772179,2,12.00000018,Upper Delivery,Delivery,pitch.1,438883,-2.9686,-2.0501,58.7478,136.9103,44.0037,11.5469,-0.0997,0.3103
1779988772179,2,Pitching Mound.Delivery,,Delivery,pitch.1,437724,-2.3816,-13.5426,112.1043,16.5829,86.06,13.7987,-0.1022,0.0055
1779988772179,2,Pitching Mound.Drive,,Delivery,pitch.1,438295,0.287,-0.069,1.5365,0.905,-2.6261,-2.1809,0.0,0.0
1779988772179,2,Pitching Mound.Parent,,Delivery,pitch.1,437344,-2.0946,-13.6116,113.6408,17.488,83.4339,11.6178,-0.1008,0.0054
1779988772180,2,11.0000004b,Drive,Delivery,pitch.1,438296,0.2712,-0.0548,1.5453,0.8708,-2.4818,-2.1442,0.0,0.0
1779988772180,2,12.00000015,Lower Delivery,Delivery,pitch.1,438026,0.8435,-11.0023,52.6406,-115.7622,40.7641,3.4591,-0.1031,-0.2928
1779988772180,2,12.00000018,Upper Delivery,Delivery,pitch.1,438884,-3.2157,-2.0262,58.4462,135.1721,43.4938,11.8177,-0.0991,0.3079
1779988772180,2,Pitching Mound.Delivery,,Delivery,pitch.1,437725,-2.3722,-13.0285,111.0868,17.436,84.2579,13.8967,-0.101,0.0055
1779988772180,2,Pitching Mound.Drive,,Delivery,pitch.1,438296,0.2712,-0.0548,1.5453,0.8708,-2.4818,-2.1442,0.0,0.0
1779988772180,2,Pitching Mound.Parent,,Delivery,pitch.1,437345,-2.101,-13.0833,112.6321,18.3067,81.7761,11.7525,-0.0996,0.0054
1779988772181,2,11.0000004b,Drive,Delivery,pitch.1,438297,0.2475,-0.0465,1.5568,0.8782,-2.582,-2.1616,0.0,0.0
1779988772181,2,12.00000015,Lower Delivery,Delivery,pitch.1,438027,1.1304,-10.5805,52.1775,-112.9084,39.97,3.6533,-0.102,-0.2881
1779988772181,2,12.00000018,Upper Delivery,Delivery,pitch.1,438885,-3.4419,-1.8385,58.9911,135.1436,45.0599,11.8841,-0.1017,0.305
1779988772181,2,Pitching Mound.Delivery,,Delivery,pitch.1,437726,-2.3115,-12.419,111.1687,19.9186,85.0298,13.9828,-0.1018,0.0058
1779988772181,2,Pitching Mound.Drive,,Delivery,pitch.1,438297,0.2475,-0.0465,1.5568,0.8782,-2.582,-2.1616,0.0,0.0
1779988772181,2,Pitching Mound.Parent,,Delivery,pitch.1,437346,-2.064,-12.4655,112.7254,20.7967,82.4478,11.8212,-0.1004,0.0057
1779988772182,2,11.0000004b,Drive,Delivery,pitch.1,438298,0.2112,-0.0109,1.5217,0.8497,-2.516,-2.147,0.0,0.0
1779988772182,2,12.00000015,Lower Delivery,Delivery,pitch.1,438028,1.3646,-10.184,51.8623,-111.3765,39.6185,3.865,-0.1017,-0.2859
1779988772182,2,12.00000018,Upper Delivery,Delivery,pitch.1,438886,-3.5673,-1.7769,59.4073,136.9342,46.453,12.3059,-0.1041,0.3069
1779988772182,2,Pitching Mound.Delivery,,Delivery,pitch.1,437727,-2.2026,-11.9609,111.2696,22.9924,86.0714,14.494,-0.103,0.0075
1779988772182,2,Pitching Mound.Drive,,Delivery,pitch.1,438298,0.2112,-0.0109,1.5217,0.8497,-2.516,-2.147,0.0,0.0
1779988772182,2,Pitching Mound.Parent,,Delivery,pitch.1,437347,-1.9915,-11.9718,112.7913,23.8421,83.5555,12.347,-0.1016,0.0074
1779988772183,2,11.0000004b,Drive,Delivery,pitch.1,438299,0.1814,0.009,1.5215,0.8854,-2.4536,-2.154,0.0,0.0
1779988772183,2,12.00000015,Lower Delivery,Delivery,pitch.1,438029,1.4846,-9.7839,51.3734,-109.7323,38.6849,3.7164,-0.1002,-0.2844
1779988772183,2,12.00000018,Upper Delivery,Delivery,pitch.1,438887,-3.6745,-1.6989,59.9702,139.1869,46.6757,12.745,-0.1036,0.309
1779988772183,2,Pitching Mound.Delivery,,Delivery,pitch.1,437728,-2.1899,-11.4828,111.3437,26.5316,85.3605,14.7072,-0.1021,0.009
1779988772183,2,Pitching Mound.Drive,,Delivery,pitch.1,438299,0.1814,0.009,1.5215,0.8854,-2.4536,-2.154,0.0,0.0
1779988772183,2,Pitching Mound.Parent,,Delivery,pitch.1,437348,-2.0085,-11.4737,112.8651,27.4171,82.9069,12.5533,-0.1007,0.0088
1779988772184,2,11.0000004b,Drive,Delivery,pitch.1,438300,0.1914,0.0058,1.5467,0.9121,-2.5596,-2.1761,0.0,0.0
1779988772184,2,12.00000015,Lower Delivery,Delivery,pitch.1,438030,1.6482,-9.4167,50.475,-108.2894,37.5594,3.8275,-0.0991,-0.2856
1779988772184,2,12.00000018,Upper Delivery,Delivery,pitch.1,438888,-4.04,-1.5111,60.1405,138.3262,47.0013,13.0444,-0.104,0.3062
1779988772184,2,Pitching Mound.Delivery,,Delivery,pitch.1,437729,-2.3918,-10.9278,110.6156,26.7506,84.5608,14.9379,-0.1018,0.0064
1779988772184,2,Pitching Mound.Drive,,Delivery,pitch.1,438300,0.1914,0.0058,1.5467,0.9121,-2.5596,-2.1761,0.0,0.0
1779988772184,2,Pitching Mound.Parent,,Delivery,pitch.1,437349,-2.2004,-10.9219,112.1622,27.6627,82.0011,12.7618,-0.1004,0.0064
1779988772185,2,11.0000004b,Drive,Delivery,pitch.1,438301,0.1326,0.0022,1.6879,0.9012,-2.5884,-2.1897,0.0,0.0
1779988772185,2,12.00000015,Lower Delivery,Delivery,pitch.1,438031,1.7957,-9.0625,49.7348,-107.37,37.4393,3.8048,-0.1002,-0.2874
1779988772185,2,12.00000018,Upper Delivery,Delivery,pitch.1,438889,-4.3538,-1.6944,61.1178,144.5261,47.2017,13.407,-0.1028,0.3148
1779988772185,2,Pitching Mound.Delivery,,Delivery,pitch.1,437730,-2.5581,-10.7569,110.8527,33.2859,84.6409,15.121,-0.1016,0.0097
1779988772185,2,Pitching Mound.Drive,,Delivery,pitch.1,438301,0.1326,0.0022,1.6879,0.9012,-2.5884,-2.1897,0.0,0.0
1779988772185,2,Pitching Mound.Parent,,Delivery,pitch.1,437350,-2.4255,-10.7547,112.5406,34.1871,82.0525,12.9313,-0.1001,0.0096
1779988772186,2,11.0000004b,Drive,Delivery,pitch.1,438302,0.1078,-0.0008,1.6964,0.9005,-2.5865,-2.2243,0.0,0.0
1779988772186,2,12.00000015,Lower Delivery,Delivery,pitch.1,438032,1.9353,-8.8146,48.499,-106.0475,37.8462,4.1281,-0.1039,-0.2911
1779988772186,2,12.00000018,Upper Delivery,Delivery,pitch.1,438890,-4.7934,-1.5185,60.001,139.4792,45.5491,13.5505,-0.1011,0.3095
1779988772186,2,Pitching Mound.Delivery,,Delivery,pitch.1,437731,-2.8581,-10.333,108.5,29.521,83.3953,15.3908,-0.1023,0.005
1779988772186,2,Pitching Mound.Drive,,Delivery,pitch.1,438302,0.1078,-0.0008,1.6964,0.9005,-2.5865,-2.2243,0.0,0.0
1779988772186,2,Pitching Mound.Parent,,Delivery,pitch.1,437351,-2.7503,-10.3339,110.1964,30.4215,80.8088,13.1665,-0.1007,0.0049
1779988772187,2,11.0000004b,Drive,Delivery,pitch.1,438303,0.0621,-0.0077,1.7605,0.9105,-2.5784,-2.2521,0.0,0.0
1779988772187,2,12.00000015,Lower Delivery,Delivery,pitch.1,438033,2.01,-8.3849,46.6639,-107.0745,37.6902,4.1472,-0.1075,-0.3055
1779988772187,2,12.00000018,Upper Delivery,Delivery,pitch.1,438891,-5.3934,-1.3241,59.3883,135.0721,44.6654,14.3698,-0.1001,0.3028
1779988772187,2,Pitching Mound.Delivery,,Delivery,pitch.1,437732,-3.3834,-9.709,106.0522,23.6714,82.3556,15.9999,-0.1034,-0.0056
1779988772187,2,Pitching Mound.Drive,,Delivery,pitch.1,438303,0.0621,-0.0077,1.7605,0.9105,-2.5784,-2.2521,0.0,0.0
1779988772187,2,Pitching Mound.Parent,,Delivery,pitch.1,437352,-3.3213,-9.7167,107.8127,24.5819,79.7773,13.7478,-0.1017,-0.0056
1779988772188,2,11.0000004b,Drive,Delivery,pitch.1,438304,0.0526,-0.013,1.8365,0.9742,-2.7225,-2.2727,0.0,0.0
1779988772188,2,12.00000015,Lower Delivery,Delivery,pitch.1,438034,2.1458,-8.106,47.9482,-107.3406,37.9707,4.2596,-0.1054,-0.298
1779988772188,2,12.00000018,Upper Delivery,Delivery,pitch.1,438892,-5.5582,-1.1601,55.757,129.7575,42.6065,14.1228,-0.1017,0.3098
1779988772188,2,Pitching Mound.Delivery,,Delivery,pitch.1,437733,-3.4123,-9.2661,103.7052,19.7619,80.5772,15.763,-0.1034,0.0032
1779988772188,2,Pitching Mound.Drive,,Delivery,pitch.1,438304,0.0526,-0.013,1.8365,0.9742,-2.7225,-2.2727,0.0,0.0
1779988772188,2,Pitching Mound.Parent,,Delivery,pitch.1,437353,-3.3597,-9.2791,105.5417,20.7361,77.8547,13.4903,-0.1016,0.0031
1779988772189,2,11.0000004b,Drive,Delivery,pitch.1,438305,0.025,-0.0134,1.8707,1.0074,-2.9197,-2.3214,0.0,0.0
1779988772189,2,12.00000015,Lower Delivery,Delivery,pitch.1,438035,2.2531,-7.8318,48.2176,-107.4896,37.7399,4.568,-0.1042,-0.2968
1779988772189,2,12.00000018,Upper Delivery,Delivery,pitch.1,438893,-5.9461,-1.3042,56.7979,129.3994,41.5782,14.1416,-0.0975,0.3033
1779988772189,2,Pitching Mound.Delivery,,Delivery,pitch.1,437734,-3.693,-9.1361,105.0156,18.9924,79.3181,15.9219,-0.1006,0.0
1779988772189,2,Pitching Mound.Drive,,Delivery,pitch.1,438305,0.025,-0.0134,1.8707,1.0074,-2.9197,-2.3214,0.0,0.0
1779988772189,2,Pitching Mound.Parent,,Delivery,pitch.1,437354,-3.668,-9.1495,106.8863,19.9998,76.3984,13.6005,-0.0988,0.0
1779988772190,2,11.0000004b,Drive,Delivery,pitch.1,438306,0.0191,-0.0081,1.9635,1.0093,-2.9889,-2.321,0.0,0.0
1779988772190,2,12.00000015,Lower Delivery,Delivery,pitch.1,438036,2.4516,-7.5173,49.1726,-107.571,37.1788,4.7298,-0.1007,-0.2912
1779988772190,2,12.00000018,Upper Delivery,Delivery,pitch.1,438894,-6.125,-1.4569,56.6138,130.486,41.8811,14.5666,-0.0985,0.3068
1779988772190,2,Pitching Mound.Delivery,,Delivery,pitch.1,437735,-3.6734,-8.9743,105.7864,20.385,79.06,16.3804,-0.0995,0.0049
1779988772190,2,Pitching Mound.Drive,,Delivery,pitch.1,438306,0.0191,-0.0081,1.9635,1.0093,-2.9889,-2.321,0.0,0.0
1779988772190,2,Pitching Mound.Parent,,Delivery,pitch.1,437355,-3.6543,-8.9824,107.7499,21.3943,76.0711,14.0594,-0.0977,0.0048
1779988772191,2,11.0000004b,Drive,Delivery,pitch.1,438307,-0.0112,-0.0172,2.0118,1.0075,-2.9157,-2.3368,0.0,0.0
1779988772191,2,12.00000015,Lower Delivery,Delivery,pitch.1,438037,2.557,-7.1849,47.8596,-105.6676,37.7725,5.2613,-0.1051,-0.2939
1779988772191,2,12.00000018,Upper Delivery,Delivery,pitch.1,438895,-6.061,-1.8834,59.6846,142.1475,43.9634,15.4465,-0.0981,0.3171
1779988772191,2,Pitching Mound.Delivery,,Delivery,pitch.1,437736,-3.5041,-9.0683,107.5442,32.4594,81.7359,17.7776,-0.1012,0.0078
1779988772191,2,Pitching Mound.Drive,,Delivery,pitch.1,438307,-0.0112,-0.0172,2.0118,1.0075,-2.9157,-2.3368,0.0,0.0
1779988772191,2,Pitching Mound.Parent,,Delivery,pitch.1,437356,-3.5152,-9.0854,109.556,33.4669,78.8202,15.4409,-0.0993,0.0076
1779988772192,2,11.0000004b,Drive,Delivery,pitch.1,438308,0.0014,-0.0175,2.0393,1.0645,-3.0414,-2.3026,0.0,0.0
1779988772192,2,12.00000015,Lower Delivery,Delivery,pitch.1,438038,2.9827,-7.0326,49.2967,-107.2298,37.683,5.9658,-0.1018,-0.2896
1779988772192,2,12.00000018,Upper Delivery,Delivery,pitch.1,438896,-6.2034,-1.9453,59.1745,133.978,42.0619,15.6084,-0.0946,0.3014
1779988772192,2,Pitching Mound.Delivery,,Delivery,pitch.1,437737,-3.2207,-8.9779,108.4712,23.3897,79.7449,18.451,-0.0979,0.0019
1779988772192,2,Pitching Mound.Drive,,Delivery,pitch.1,438308,0.0014,-0.0175,2.0393,1.0645,-3.0414,-2.3026,0.0,0.0
1779988772192,2,Pitching Mound.Parent,,Delivery,pitch.1,437357,-3.2193,-8.9954,110.5104,24.4542,76.7036,16.1484,-0.0961,0.0018
1779988772193,2,11.0000004b,Drive,Delivery,pitch.1,438309,0.023,-0.0163,2.0824,1.0757,-3.1175,-2.2839,0.0,0.0
1779988772193,2,12.00000015,Lower Delivery,Delivery,pitch.1,438039,3.2509,-6.961,49.4289,-108.888,37.7969,6.5178,-0.1018,-0.2933
1779988772193,2,12.00000018,Upper Delivery,Delivery,pitch.1,438897,-6.2865,-2.2857,60.1669,137.286,42.9223,16.1791,-0.095,0.3038
1779988772193,2,Pitching Mound.Delivery,,Delivery,pitch.1,437738,-3.0356,-9.2466,109.5958,24.7471,80.7193,19.4542,-0.0981,0.0012
1779988772193,2,Pitching Mound.Drive,,Delivery,pitch.1,438309,0.023,-0.0163,2.0824,1.0757,-3.1175,-2.2839,0.0,0.0
1779988772193,2,Pitching Mound.Parent,,Delivery,pitch.1,437358,-3.0126,-9.263,111.6782,25.8228,77.6018,17.1703,-0.0962,0.0012
1779988772194,2,11.0000004b,Drive,Delivery,pitch.1,438310,0.0505,-0.021,2.1179,1.1519,-3.1949,-2.2825,0.0,0.0
1779988772194,2,12.00000015,Lower Delivery,Delivery,pitch.1,438040,3.6411,-6.5102,49.8733,-111.2518,40.8048,7.8506,-0.1089,-0.297
1779988772194,2,12.00000018,Upper Delivery,Delivery,pitch.1,438898,-6.1741,-2.5537,59.0033,133.999,41.0827,16.1348,-0.0927,0.3023
1779988772194,2,Pitching Mound.Delivery,,Delivery,pitch.1,437739,-2.5329,-9.0639,108.8766,19.643,81.8875,20.6483,-0.1001,-0.0007
1779988772194,2,Pitching Mound.Drive,,Delivery,pitch.1,438310,0.0505,-0.021,2.1179,1.1519,-3.1949,-2.2825,0.0,0.0
1779988772194,2,Pitching Mound.Parent,,Delivery,pitch.1,437359,-2.4825,-9.0849,110.9946,20.7949,78.6927,18.3658,-0.0982,-0.0007
1779988772195,2,11.0000004b,Drive,Delivery,pitch.1,438311,0.0601,-0.023,2.0747,1.1988,-3.288,-2.2664,0.0,0.0
1779988772195,2,12.00000015,Lower Delivery,Delivery,pitch.1,438041,3.9212,-6.4011,50.8195,-113.1414,42.5869,8.738,-0.1116,-0.2964
1779988772195,2,12.00000018,Upper Delivery,Delivery,pitch.1,438899,-6.2335,-2.7994,59.7308,134.81,41.292,16.4802,-0.092,0.3005
1779988772195,2,Pitching Mound.Delivery,,Delivery,pitch.1,437740,-2.3123,-9.2005,110.5503,18.6387,83.8788,21.7656,-0.101,-0.0013
1779988772195,2,Pitching Mound.Drive,,Delivery,pitch.1,438311,0.0601,-0.023,2.0747,1.1988,-3.288,-2.2664,0.0,0.0
1779988772195,2,Pitching Mound.Parent,,Delivery,pitch.1,437360,-2.2522,-9.2235,112.625,19.8375,80.5908,19.4991,-0.0991,-0.0013
1779988772196,2,11.0000004b,Drive,Delivery,pitch.1,438312,0.0695,-0.0338,1.9588,1.1469,-3.0791,-2.2338,0.0,0.0
1779988772196,2,12.00000015,Lower Delivery,Delivery,pitch.1,438042,4.3481,-6.2086,50.944,-114.0932,43.2653,9.7686,-0.1131,-0.2981
1779988772196,2,12.00000018,Upper Delivery,Delivery,pitch.1,438900,-6.1743,-3.0629,60.2452,134.5911,40.9756,16.7091,-0.0905,0.2974
1779988772196,2,Pitching Mound.Delivery,,Delivery,pitch.1,437741,-1.8263,-9.2715,111.1892,17.3355,84.2409,22.9001,-0.1009,-0.0039
1779988772196,2,Pitching Mound.Drive,,Delivery,pitch.1,438312,0.0695,-0.0338,1.9588,1.1469,-3.0791,-2.2338,0.0,0.0
1779988772196,2,Pitching Mound.Parent,,Delivery,pitch.1,437361,-1.7568,-9.3053,113.148,18.4824,81.1618,20.6663,-0.0991,-0.0038
1779988772197,2,11.0000004b,Drive,Delivery,pitch.1,438313,0.0916,-0.0406,1.9112,1.1138,-3.1677,-2.2441,0.0,0.0
1779988772197,2,11.0000004b,Drive,Delivery,pitch.1,438314,0.0968,-0.0169,1.8949,1.0651,-3.1045,-2.2001,0.0,0.0
1779988772197,2,12.00000015,Lower Delivery,Delivery,pitch.1,438043,4.6555,-6.1034,52.4045,-117.2347,45.5447,10.7848,-0.1157,-0.2978
1779988772197,2,12.00000018,Upper Delivery,Delivery,pitch.1,438901,-6.192,-3.3766,61.0823,134.7879,40.9932,17.0605,-0.0893,0.2938
1779988772197,2,Pitching Mound.Delivery,,Delivery,pitch.1,437742,-1.5365,-9.48,113.4867,14.6027,86.538,24.1571,-0.1015,-0.0054
1779988772197,2,Pitching Mound.Drive,,Delivery,pitch.1,438313,0.0916,-0.0406,1.9112,1.1138,-3.1677,-2.2441,0.0,0.0
1779988772197,2,Pitching Mound.Drive,,Delivery,pitch.1,438314,0.0968,-0.0169,1.8949,1.0651,-3.1045,-2.2001,0.0,0.0
1779988772197,2,Pitching Mound.Parent,,Delivery,pitch.1,437362,-1.4449,-9.5206,115.398,15.7165,83.3703,21.913,-0.0998,-0.0053
1779988772198,2,11.0000004b,Drive,Delivery,pitch.1,438315,0.1167,-0.0107,1.8192,0.8997,-2.7977,-2.193,0.0,0.0
1779988772198,2,12.00000015,Lower Delivery,Delivery,pitch.1,438044,5.0823,-6.0575,52.6692,-118.5964,45.9325,11.7924,-0.1161,-0.2998
1779988772198,2,12.00000018,Upper Delivery,Delivery,pitch.1,438902,-6.113,-3.7523,61.6247,137.3311,41.429,17.5877,-0.0895,0.2967
1779988772198,2,Pitching Mound.Delivery,,Delivery,pitch.1,437743,-1.0307,-9.8098,114.294,15.6898,87.3615,25.5737,-0.1018,-0.0048
1779988772198,2,Pitching Mound.Drive,,Delivery,pitch.1,438315,0.1167,-0.0107,1.8192,0.8997,-2.7977,-2.193,0.0,0.0
1779988772198,2,Pitching Mound.Parent,,Delivery,pitch.1,437363,-0.9339,-9.8267,116.1888,16.755,84.257,23.3736,-0.1001,-0.0047
1779988772199,2,11.0000004b,Drive,Delivery,pitch.1,438316,0.1477,0.0005,1.711,0.8207,-2.6971,-2.1961,0.0,0.0
1779988772199,2,12.00000015,Lower Delivery,Delivery,pitch.1,438045,5.5084,-6.0705,51.9627,-119.1283,45.1846,12.7744,-0.1158,-0.3052
1779988772199,2,12.00000018,Upper Delivery,Delivery,pitch.1,438903,-5.9954,-4.2065,63.0244,144.4585,42.9709,18.1274,-0.0908,0.3051
1779988772199,2,Pitching Mound.Delivery,,Delivery,pitch.1,437744,-0.4871,-10.277,114.9872,21.5692,88.1555,26.9904,-0.1021,-0.0034
1779988772199,2,Pitching Mound.Drive,,Delivery,pitch.1,438316,0.1477,0.0005,1.711,0.8207,-2.6971,-2.1961,0.0,0.0
1779988772199,2,Pitching Mound.Parent,,Delivery,pitch.1,437364,-0.3704,-10.2877,116.8064,22.4689,85.3578,24.7974,-0.1005,-0.0033
1779988772200,2,11.0000004b,Drive,Delivery,pitch.1,438317,0.1639,0.002,1.6483,0.829,-2.7885,-2.2135,0.0,0.0
1779988772200,2,12.00000015,Lower Delivery,Delivery,pitch.1,438046,6.0281,-6.0065,54.3121,-122.3312,46.5824,13.8338,-0.1142,-0.2999
1779988772200,2,12.00000018,Upper Delivery,Delivery,pitch.1,438904,-5.6213,-4.4944,62.7374,145.3212,44.0051,18.7158,-0.0934,0.3084
1779988772200,2,Pitching Mound.Delivery,,Delivery,pitch.1,437745,0.4068,-10.5009,117.0496,20.1254,90.5875,28.5889,-0.103,0.0017
1779988772200,2,Pitching Mound.Drive,,Delivery,pitch.1,438317,0.1639,0.002,1.6483,0.829,-2.7885,-2.2135,0.0,0.0
1779988772200,2,Pitching Mound.Parent,,Delivery,pitch.1,437365,0.5545,-10.5004,118.7606,20.9461,87.8904,26.3928,-0.1015,0.0017
1779988772201,2,11.0000004b,Drive,Delivery,pitch.1,438318,0.1549,0.0024,1.6096,0.8413,-2.9784,-2.2457,0.0,0.0
1779988772201,2,12.00000015,Lower Delivery,Delivery,pitch.1,438047,6.8767,-5.9657,53.2516,-122.4003,46.5844,14.8204,-0.1165,-0.306
1779988772201,2,12.00000018,Upper Delivery,Delivery,pitch.1,438905,-5.656,-4.7646,64.1464,145.6115,44.5716,18.8783,-0.0925,0.3022
1779988772201,2,Pitching Mound.Delivery,,Delivery,pitch.1,437746,1.2207,-10.7303,117.398,19.507,91.156,29.4376,-0.1034,-0.0052
1779988772201,2,Pitching Mound.Drive,,Delivery,pitch.1,438318,0.1549,0.0024,1.6096,0.8413,-2.9784,-2.2457,0.0,0.0
1779988772201,2,Pitching Mound.Parent,,Delivery,pitch.1,437366,1.3846,-10.7282,119.0463,20.3359,88.3676,27.2241,-0.1019,-0.0052
1779988772202,2,11.0000004b,Drive,Delivery,pitch.1,438319,0.156,-0.0013,1.6397,0.7925,-2.9034,-2.2639,0.0,0.0
1779988772202,2,12.00000015,Lower Delivery,Delivery,pitch.1,438048,7.4811,-5.9856,54.2939,-124.4766,48.6281,15.9312,-0.1192,-0.3052
1779988772202,2,12.00000018,Upper Delivery,Delivery,pitch.1,438906,-5.6462,-5.3132,67.7783,152.4286,47.5247,19.0746,-0.0933,0.2994
1779988772202,2,Pitching Mound.Delivery,,Delivery,pitch.1,437747,1.8349,-11.2988,122.0722,23.3673,96.1528,30.5425,-0.1049,-0.0071
1779988772202,2,Pitching Mound.Drive,,Delivery,pitch.1,438319,0.156,-0.0013,1.6397,0.7925,-2.9034,-2.2639,0.0,0.0
1779988772202,2,Pitching Mound.Parent,,Delivery,pitch.1,437367,1.9898,-11.2964,123.6818,24.2087,93.1744,28.2968,-0.1035,-0.007
1779988772203,2,11.0000004b,Drive,Delivery,pitch.1,438320,0.1465,0.0001,1.6648,0.8029,-2.8521,-2.2441,0.0,0.0
1779988772203,2,12.00000015,Lower Delivery,Delivery,pitch.1,438049,8.2839,-6.2408,55.4059,-125.522,49.2126,17.2878,-0.1182,-0.3016
1779988772203,2,12.00000018,Upper Delivery,Delivery,pitch.1,438907,-5.3554,-5.3802,64.5425,144.8785,44.6874,19.6802,-0.0922,0.2988
1779988772203,2,Pitching Mound.Delivery,,Delivery,pitch.1,437748,2.9285,-11.621,119.9485,16.2501,93.8999,32.3307,-0.1042,-0.0044
1779988772203,2,Pitching Mound.Drive,,Delivery,pitch.1,438320,0.1465,0.0001,1.6648,0.8029,-2.8521,-2.2441,0.0,0.0
1779988772203,2,Pitching Mound.Parent,,Delivery,pitch.1,437368,3.0845,-11.6223,121.5882,17.0425,90.9965,30.0667,-0.1028,-0.0044
1779988772204,2,11.0000004b,Drive,Delivery,pitch.1,438321,0.1211,0.003,1.7838,0.8264,-2.9033,-2.2264,0.0,0.0
1779988772204,2,12.00000015,Lower Delivery,Delivery,pitch.1,438050,8.8086,-6.4755,55.3166,-124.854,48.8587,18.4491,-0.1176,-0.3005
1779988772204,2,12.00000018,Upper Delivery,Delivery,pitch.1,438908,-5.3914,-5.4602,64.5416,143.5962,45.8419,20.1216,-0.0946,0.2962
1779988772204,2,Pitching Mound.Delivery,,Delivery,pitch.1,437749,3.4172,-11.9357,119.8582,15.6058,94.7007,33.7426,-0.1052,-0.0054
1779988772204,2,Pitching Mound.Drive,,Delivery,pitch.1,438321,0.1211,0.003,1.7838,0.8264,-2.9033,-2.2264,0.0,0.0
1779988772204,2,Pitching Mound.Parent,,Delivery,pitch.1,437369,3.5638,-11.9356,121.523,16.4087,91.8486,31.4985,-0.1037,-0.0053
1779988772205,2,11.0000004b,Drive,Delivery,pitch.1,438322,0.1066,0.0008,1.6721,0.8081,-2.8245,-2.265,0.0,0.0
1779988772205,2,12.00000015,Lower Delivery,Delivery,pitch.1,438051,9.5774,-6.6095,55.4249,-126.0014,50.2259,19.4681,-0.1206,-0.3026
1779988772205,2,12.00000018,Upper Delivery,Delivery,pitch.1,438909,-5.4865,-6.092,64.8558,146.9229,46.7457,20.1261,-0.096,0.3016
1779988772205,2,Pitching Mound.Delivery,,Delivery,pitch.1,437750,4.0909,-12.7015,120.2807,17.715,96.9716,34.4725,-0.1073,-0.0035
1779988772205,2,Pitching Mound.Drive,,Delivery,pitch.1,438322,0.1066,0.0008,1.6721,0.8081,-2.8245,-2.265,0.0,0.0
1779988772205,2,Pitching Mound.Parent,,Delivery,pitch.1,437370,4.212,-12.6985,122.0645,18.5415,94.0683,32.2461,-0.1058,-0.0035
1779988772206,2,11.0000004b,Drive,Delivery,pitch.1,438323,0.0963,0.0,1.7641,0.8325,-2.8475,-2.2665,0.0,0.0
1779988772206,2,12.00000015,Lower Delivery,Delivery,pitch.1,438052,10.2746,-7.0597,55.1067,-126.12,49.8034,20.564,-0.1203,-0.3047
1779988772206,2,12.00000018,Upper Delivery,Delivery,pitch.1,438910,-5.4526,-6.1967,64.2034,145.6909,46.3201,20.7428,-0.096,0.3021
1779988772206,2,Pitching Mound.Delivery,,Delivery,pitch.1,437751,4.822,-13.2564,119.3102,16.478,96.1235,35.9596,-0.1073,-0.0041
1779988772206,2,Pitching Mound.Drive,,Delivery,pitch.1,438323,0.0963,0.0,1.7641,0.8325,-2.8475,-2.2665,0.0,0.0
1779988772206,2,Pitching Mound.Parent,,Delivery,pitch.1,437371,4.9286,-13.2556,120.9823,17.2861,93.2989,33.6946,-0.1058,-0.004
1779988772207,2,11.0000004b,Drive,Delivery,pitch.1,438324,0.089,0.0015,1.8293,0.9094,-2.9132,-2.3027,0.0,0.0
1779988772207,2,12.00000015,Lower Delivery,Delivery,pitch.1,438053,10.7987,-7.2455,55.6553,-127.2316,51.1329,21.6099,-0.1223,-0.3043
1779988772207,2,12.00000018,Upper Delivery,Delivery,pitch.1,438911,-5.3835,-6.6345,62.7848,145.7131,46.1672,21.0468,-0.0979,0.309
1779988772207,2,Pitching Mound.Delivery,,Delivery,pitch.1,437752,5.4152,-13.8799,118.44,16.0575,97.3002,37.1546,-0.1094,0.0003
1779988772207,2,Pitching Mound.Drive,,Delivery,pitch.1,438324,0.089,0.0015,1.8293,0.9094,-2.9132,-2.3027,0.0,0.0
1779988772207,2,Pitching Mound.Parent,,Delivery,pitch.1,437372,5.5115,-13.8799,120.2042,16.8899,94.4527,34.8882,-0.1078,0.0003
1779988772208,2,11.0000004b,Drive,Delivery,pitch.1,438325,0.0821,0.0139,1.8159,0.908,-2.8471,-2.2889,0.0,0.0
1779988772208,2,12.00000015,Lower Delivery,Delivery,pitch.1,438054,11.4283,-7.678,56.7317,-128.0728,51.4757,22.447,-0.1208,-0.3005
1779988772208,2,12.00000018,Upper Delivery,Delivery,pitch.1,438912,-5.474,-6.7644,62.768,143.9347,46.041,21.5734,-0.0977,0.3053
1779988772208,2,Pitching Mound.Delivery,,Delivery,pitch.1,437753,5.9544,-14.4425,119.4997,13.8096,97.5167,38.2737,-0.1086,0.0005
1779988772208,2,Pitching Mound.Drive,,Delivery,pitch.1,438325,0.0821,0.0139,1.8159,0.908,-2.8471,-2.2889,0.0,0.0
1779988772208,2,Pitching Mound.Parent,,Delivery,pitch.1,437373,6.0433,-14.441,121.329,14.719,94.6036,35.971,-0.107,0.0005
1779988772209,2,11.0000004b,Drive,Delivery,pitch.1,438326,0.0798,0.014,1.7824,0.9487,-2.7523,-2.2995,0.0,0.0
1779988772209,2,12.00000015,Lower Delivery,Delivery,pitch.1,438055,12.0746,-8.1833,56.2404,-127.1301,51.7393,24.0804,-0.1225,-0.3009
1779988772209,2,12.00000018,Upper Delivery,Delivery,pitch.1,438913,-5.5822,-6.9394,62.8184,144.2868,45.999,21.8366,-0.0975,0.3058
1779988772209,2,Pitching Mound.Delivery,,Delivery,pitch.1,437754,6.4925,-15.1227,119.0588,14.9202,97.7383,39.9137,-0.1093,0.0004
1779988772209,2,Pitching Mound.Drive,,Delivery,pitch.1,438326,0.0798,0.014,1.7824,0.9487,-2.7523,-2.2995,0.0,0.0
1779988772209,2,Pitching Mound.Parent,,Delivery,pitch.1,437374,6.5746,-15.1089,120.8747,15.8282,94.8913,37.6248,-0.1076,0.0004
1779988772210,2,11.0000004b,Drive,Delivery,pitch.1,438327,0.0709,0.0171,1.814,0.9336,-2.6376,-2.3065,0.0,0.0
1779988772210,2,12.00000015,Lower Delivery,Delivery,pitch.1,438056,12.3917,-8.739,57.8431,-129.8465,53.7412,25.108,-0.1237,-0.2988
1779988772210,2,12.00000018,Upper Delivery,Delivery,pitch.1,438914,-5.6209,-7.0994,62.6427,142.5702,46.3182,22.1746,-0.0984,0.303
1779988772210,2,Pitching Mound.Delivery,,Delivery,pitch.1,437755,6.7708,-15.8383,120.4858,11.0919,100.0594,41.1583,-0.1106,0.0005
1779988772210,2,Pitching Mound.Drive,,Delivery,pitch.1,438327,0.0709,0.0171,1.814,0.9336,-2.6376,-2.3065,0.0,0.0
1779988772210,2,Pitching Mound.Parent,,Delivery,pitch.1,437375,6.8506,-15.8244,122.2682,12.0405,97.3072,38.8588,-0.1089,0.0005
1779988772211,2,11.0000004b,Drive,Delivery,pitch.1,438328,0.0816,0.0163,1.7868,0.9354,-2.5602,-2.2911,0.0,0.0
1779988772211,2,12.00000015,Lower Delivery,Delivery,pitch.1,438057,12.914,-9.2349,57.5824,-128.7788,52.3293,26.3959,-0.121,-0.2977
1779988772211,2,12.00000018,Upper Delivery,Delivery,pitch.1,438915,-5.7659,-7.5103,62.8444,143.8141,45.8257,22.65,-0.0971,0.3047
1779988772211,2,Pitching Mound.Delivery,,Delivery,pitch.1,437756,7.1482,-16.7452,120.4268,13.2462,98.155,42.6948,-0.1085,0.0018
1779988772211,2,Pitching Mound.Drive,,Delivery,pitch.1,438328,0.0816,0.0163,1.7868,0.9354,-2.5602,-2.2911,0.0,0.0
1779988772211,2,Pitching Mound.Parent,,Delivery,pitch.1,437376,7.2191,-16.7281,122.2408,14.1798,95.5174,40.3882,-0.1069,0.0017
1779988772212,2,11.0000004b,Drive,Delivery,pitch.1,438329,0.0804,0.01,1.8819,0.9505,-2.5458,-2.279,0.0,0.0
1779988772212,2,12.00000015,Lower Delivery,Delivery,pitch.1,438058,13.1545,-9.807,59.4932,-131.8565,55.1362,27.5726,-0.1234,-0.2951
1779988772212,2,12.00000018,Upper Delivery,Delivery,pitch.1,438916,-5.8626,-7.7135,63.0226,143.8761,45.5678,23.0978,-0.0963,0.3039
1779988772212,2,Pitching Mound.Delivery,,Delivery,pitch.1,437757,7.2919,-17.5206,122.5159,10.8196,100.704,44.2046,-0.1094,0.0033
1779988772212,2,Pitching Mound.Drive,,Delivery,pitch.1,438329,0.0804,0.01,1.8819,0.9505,-2.5458,-2.279,0.0,0.0
1779988772212,2,Pitching Mound.Parent,,Delivery,pitch.1,437377,7.3735,-17.5042,124.3026,11.7551,98.1438,41.9134,-0.1079,0.0032
1779988772213,2,11.0000004b,Drive,Delivery,pitch.1,438330,0.092,0.0083,1.8934,0.9869,-2.4783,-2.2624,0.0,0.0
1779988772213,2,12.00000015,Lower Delivery,Delivery,pitch.1,438059,13.5128,-10.3229,60.0518,-132.0271,55.9893,28.75,-0.1241,-0.2927
1779988772213,2,12.00000018,Upper Delivery,Delivery,pitch.1,438917,-6.049,-8.0932,63.2571,144.7944,45.1611,23.7241,-0.095,0.3047
1779988772213,2,Pitching Mound.Delivery,,Delivery,pitch.1,437758,7.4638,-18.4161,123.3089,11.6775,101.1505,45.8231,-0.1092,0.0049
1779988772213,2,Pitching Mound.Drive,,Delivery,pitch.1,438330,0.092,0.0083,1.8934,0.9869,-2.4783,-2.2624,0.0,0.0
1779988772213,2,Pitching Mound.Parent,,Delivery,pitch.1,437378,7.5442,-18.4061,125.1908,12.628,98.6047,43.5441,-0.1076,0.0049
1779988772214,2,11.0000004b,Drive,Delivery,pitch.1,438331,0.1088,0.0069,1.7673,0.9528,-2.4909,-2.2294,0.0,0.0
1779988772214,2,12.00000015,Lower Delivery,Delivery,pitch.1,438060,13.8382,-10.7494,60.3988,-132.2186,56.1535,29.7632,-0.1238,-0.2914
1779988772214,2,12.00000018,Upper Delivery,Delivery,pitch.1,438918,-6.2101,-8.5449,63.6932,145.5068,44.5951,24.2953,-0.0932,0.3041
1779988772214,2,Pitching Mound.Delivery,,Delivery,pitch.1,437759,7.6281,-19.2943,124.092,12.1681,100.7486,47.242,-0.1081,0.0052
1779988772214,2,Pitching Mound.Drive,,Delivery,pitch.1,438331,0.1088,0.0069,1.7673,0.9528,-2.4909,-2.2294,0.0,0.0
1779988772214,2,Pitching Mound.Parent,,Delivery,pitch.1,437379,7.7201,-19.286,125.9855,13.155,98.2703,44.9796,-0.1065,0.0052
1779988772215,2,11.0000004b,Drive,Delivery,pitch.1,438332,0.1224,0.0042,1.6931,0.9708,-2.5539,-2.2436,0.0,0.0
1779988772215,2,12.00000015,Lower Delivery,Delivery,pitch.1,438061,14.1408,-11.275,62.2296,-136.241,57.8437,30.856,-0.1237,-0.2915
1779988772215,2,12.00000018,Upper Delivery,Delivery,pitch.1,438919,-6.4177,-8.8572,63.8871,146.1562,43.8702,24.7563,-0.0914,0.3046
1779988772215,2,Pitching Mound.Delivery,,Delivery,pitch.1,437760,7.7231,-20.1322,126.1168,9.3517,101.7139,48.6224,-0.1074,0.006
1779988772215,2,Pitching Mound.Drive,,Delivery,pitch.1,438332,0.1224,0.0042,1.6931,0.9708,-2.5539,-2.2436,0.0,0.0
1779988772215,2,Pitching Mound.Parent,,Delivery,pitch.1,437380,7.8319,-20.1253,127.8841,10.3045,99.223,46.393,-0.1059,0.0059
1779988772216,2,11.0000004b,Drive,Delivery,pitch.1,438333,0.1244,-0.003,1.734,0.9721,-2.6147,-2.22,0.0,0.0
1779988772216,2,12.00000015,Lower Delivery,Delivery,pitch.1,438062,14.2341,-11.7856,64.5525,-140.1569,61.0957,31.7508,-0.126,-0.289
1779988772216,2,12.00000018,Upper Delivery,Delivery,pitch.1,438920,-6.5522,-9.2524,62.5534,145.2354,43.6945,25.0827,-0.093,0.3091
1779988772216,2,Pitching Mound.Delivery,,Delivery,pitch.1,437761,7.6819,-21.0379,127.106,5.7581,104.7902,49.7661,-0.1098,0.0107
1779988772216,2,Pitching Mound.Drive,,Delivery,pitch.1,438333,0.1244,-0.003,1.734,0.9721,-2.6147,-2.22,0.0,0.0
1779988772216,2,Pitching Mound.Parent,,Delivery,pitch.1,437381,7.8042,-21.0338,128.7991,6.7289,102.2363,47.5226,-0.1083,0.0105
1779988772217,2,11.0000004b,Drive,Delivery,pitch.1,438334,0.135,-0.0066,1.6457,0.8799,-2.5778,-2.2025,0.0,0.0
1779988772217,2,12.00000015,Lower Delivery,Delivery,pitch.1,438063,14.3362,-12.5117,66.2985,-143.3733,62.5041,32.853,-0.1255,-0.2879
1779988772217,2,12.00000018,Upper Delivery,Delivery,pitch.1,438921,-6.5994,-9.4955,62.0445,144.431,43.3093,25.3154,-0.0929,0.3099
1779988772217,2,Pitching Mound.Delivery,,Delivery,pitch.1,437762,7.7368,-22.0072,128.343,2.5041,105.8134,51.0503,-0.1098,0.0124
1779988772217,2,Pitching Mound.Drive,,Delivery,pitch.1,438334,0.135,-0.0066,1.6457,0.8799,-2.5778,-2.2025,0.0,0.0
1779988772217,2,Pitching Mound.Parent,,Delivery,pitch.1,437382,7.8612,-22.0101,130.0771,3.4762,103.1987,48.8303,-0.1083,0.0122
1779988772218,2,11.0000004b,Drive,Delivery,pitch.1,438335,0.1363,-0.0161,1.5897,0.8454,-2.6327,-2.1865,0.0,0.0
1779988772218,2,12.00000015,Lower Delivery,Delivery,pitch.1,438064,14.8626,-13.1067,67.8579,-146.0097,64.3577,34.1546,-0.1263,-0.2864
1779988772218,2,12.00000018,Upper Delivery,Delivery,pitch.1,438922,-6.7135,-9.9078,62.7682,146.1669,42.7264,25.8042,-0.0906,0.31
1779988772218,2,Pitching Mound.Delivery,,Delivery,pitch.1,437763,8.1491,-23.0145,130.6261,1.8878,107.0842,52.6229,-0.1091,0.0134
1779988772218,2,Pitching Mound.Drive,,Delivery,pitch.1,438335,0.1363,-0.0161,1.5897,0.8454,-2.6327,-2.1865,0.0,0.0
1779988772218,2,Pitching Mound.Parent,,Delivery,pitch.1,437383,8.284,-23.021,132.2718,2.7677,104.5064,50.4204,-0.1078,0.0132
1779988772219,2,11.0000004b,Drive,Delivery,pitch.1,438336,0.1311,-0.0216,1.5755,0.8326,-2.6607,-2.1707,0.0,0.0
1779988772219,2,12.00000015,Lower Delivery,Delivery,pitch.1,438065,15.2505,-13.971,67.8851,-147.8771,64.9205,35.2196,-0.1273,-0.29
1779988772219,2,12.00000018,Upper Delivery,Delivery,pitch.1,438923,-6.7346,-10.1732,62.4413,146.0766,43.0338,26.1149,-0.0917,0.3114
1779988772219,2,Pitching Mound.Delivery,,Delivery,pitch.1,437764,8.5159,-24.1443,130.3263,0.0503,107.9543,53.8596,-0.1103,0.0124
1779988772219,2,Pitching Mound.Drive,,Delivery,pitch.1,438336,0.1311,-0.0216,1.5755,0.8326,-2.6607,-2.1707,0.0,0.0
1779988772219,2,Pitching Mound.Parent,,Delivery,pitch.1,437384,8.6522,-24.1604,131.9161,0.8957,105.3217,51.6731,-0.1089,0.0122
1779988772220,2,11.0000004b,Drive,Delivery,pitch.1,438337,0.1222,-0.0281,1.5562,0.8425,-2.7694,-2.1683,0.0,0.0
1779988772220,2,12.00000015,Lower Delivery,Delivery,pitch.1,438066,15.484,-14.6797,69.3325,-151.9477,68.7726,36.114,-0.1321,-0.2918
1779988772220,2,12.00000018,Upper Delivery,Delivery,pitch.1,438924,-6.722,-10.3915,62.5312,145.9937,42.7593,26.2706,-0.091,0.3108
1779988772220,2,Pitching Mound.Delivery,,Delivery,pitch.1,437765,8.762,-25.0713,131.8637,-3.6416,111.5319,54.8346,-0.1126,0.0115
1779988772220,2,Pitching Mound.Drive,,Delivery,pitch.1,438337,0.1222,-0.0281,1.5562,0.8425,-2.7694,-2.1683,0.0,0.0
1779988772220,2,Pitching Mound.Parent,,Delivery,pitch.1,437385,8.893,-25.0929,133.4392,-2.809,108.8712,52.6638,-0.1113,0.0114
1779988772221,2,11.0000004b,Drive,Delivery,pitch.1,438338,0.1075,-0.0295,1.6388,0.8446,-2.7863,-2.1807,0.0,0.0
1779988772221,2,12.00000015,Lower Delivery,Delivery,pitch.1,438067,15.7312,-15.5489,70.3395,-155.8079,70.105,36.9338,-0.1327,-0.2949
1779988772221,2,12.00000018,Upper Delivery,Delivery,pitch.1,438925,-6.7226,-10.6046,62.6337,146.0559,43.1144,26.4817,-0.0916,0.3104
1779988772221,2,12.00000018,Upper Delivery,Delivery,pitch.1,438926,-6.713,-10.7869,62.3464,146.1506,42.8945,26.673,-0.0916,0.3121
1779988772221,2,Pitching Mound.Delivery,,Delivery,pitch.1,437766,9.0086,-26.1535,132.9731,-7.132,113.2194,55.7812,-0.1134,0.0099
1779988772221,2,Pitching Mound.Drive,,Delivery,pitch.1,438338,0.1075,-0.0295,1.6388,0.8446,-2.7863,-2.1807,0.0,0.0
1779988772221,2,Pitching Mound.Parent,,Delivery,pitch.1,437386,9.1308,-26.1816,134.5293,-6.2895,110.4499,53.6129,-0.112,0.0098
1779988772222,2,11.0000004b,Drive,Delivery,pitch.1,438339,0.1001,-0.0357,1.5776,0.8189,-2.7568,-2.1885,0.0,0.0
1779988772222,2,12.00000015,Lower Delivery,Delivery,pitch.1,438068,16.0719,-16.17,71.7739,-158.6868,72.2939,38.1192,-0.1341,-0.2943
1779988772222,2,Pitching Mound.Delivery,,Delivery,pitch.1,437767,9.3589,-26.957,134.1203,-9.3309,115.1884,57.0453,-0.1143,0.0115
1779988772222,2,Pitching Mound.Drive,,Delivery,pitch.1,438339,0.1001,-0.0357,1.5776,0.8189,-2.7568,-2.1885,0.0,0.0
1779988772222,2,Pitching Mound.Parent,,Delivery,pitch.1,437387,9.4664,-26.9865,135.759,-8.4864,112.4021,54.8647,-0.113,0.0113
1779988772223,2,11.0000004b,Drive,Delivery,pitch.1,438340,0.0869,-0.0193,1.5885,0.8131,-2.5702,-2.212,0.0,0.0
1779988772223,2,12.00000015,Lower Delivery,Delivery,pitch.1,438069,16.3527,-16.7601,72.7956,-161.3016,73.1363,38.8064,-0.1338,-0.295
1779988772223,2,12.00000018,Upper Delivery,Delivery,pitch.1,438927,-6.742,-10.9809,62.9639,147.61,43.1624,26.9435,-0.0913,0.3121
1779988772223,2,Pitching Mound.Delivery,,Delivery,pitch.1,437768,9.6107,-27.741,135.7595,-10.3489,116.2986,57.8977,-0.114,0.0112
1779988772223,2,Pitching Mound.Drive,,Delivery,pitch.1,438340,0.0869,-0.0193,1.5885,0.8131,-2.5702,-2.212,0.0,0.0
1779988772223,2,Pitching Mound.Parent,,Delivery,pitch.1,437388,9.7108,-27.7768,137.3371,-9.53,113.5418,55.7092,-0.1127,0.0111
1779988772224,2,11.0000004b,Drive,Delivery,pitch.1,438341,0.0561,-0.0152,1.5912,0.7539,-2.4583,-2.2353,0.0,0.0
1779988772224,2,12.00000015,Lower Delivery,Delivery,pitch.1,438070,16.699,-17.5773,74.4911,-163.6391,74.9849,40.0578,-0.134,-0.2924
1779988772224,2,12.00000018,Upper Delivery,Delivery,pitch.1,438928,-6.7323,-11.1675,63.3461,148.0177,43.6149,27.2293,-0.0917,0.3111
1779988772224,2,Pitching Mound.Delivery,,Delivery,pitch.1,437769,9.9668,-28.7448,137.8372,-11.8322,118.5998,59.3204,-0.1145,0.0124
1779988772224,2,Pitching Mound.Drive,,Delivery,pitch.1,438341,0.0561,-0.0152,1.5912,0.7539,-2.4583,-2.2353,0.0,0.0
1779988772224,2,Pitching Mound.Parent,,Delivery,pitch.1,437389,10.0536,-28.7641,139.4257,-11.0191,116.0296,57.1084,-0.1132,0.0123
1779988772225,2,11.0000004b,Drive,Delivery,pitch.1,438342,0.0558,-0.0139,1.6249,0.7727,-2.5488,-2.2703,0.0,0.0
1779988772225,2,12.00000015,Lower Delivery,Delivery,pitch.1,438071,17.0172,-18.498,76.8235,-165.7608,76.2321,41.1162,-0.1321,-0.2872
1779988772225,2,12.00000018,Upper Delivery,Delivery,pitch.1,438929,-6.7094,-11.3724,63.5948,149.0509,43.57,27.6528,-0.0912,0.312
1779988772225,2,Pitching Mound.Delivery,,Delivery,pitch.1,437770,10.3079,-29.8704,140.4182,-12.2122,119.802,60.702,-0.1136,0.0162
1779988772225,2,Pitching Mound.Drive,,Delivery,pitch.1,438342,0.0558,-0.0139,1.6249,0.7727,-2.5488,-2.2703,0.0,0.0
1779988772225,2,Pitching Mound.Parent,,Delivery,pitch.1,437390,10.364,-29.8856,142.0094,-11.4583,117.3438,58.4667,-0.1123,0.016
1779988772226,2,11.0000004b,Drive,Delivery,pitch.1,438343,0.0448,-0.0152,1.5965,0.8029,-2.552,-2.3139,0.0,0.0
1779988772226,2,12.00000015,Lower Delivery,Delivery,pitch.1,438072,17.3334,-19.159,78.2638,-168.6691,77.4851,41.9987,-0.1318,-0.2869
1779988772226,2,12.00000018,Upper Delivery,Delivery,pitch.1,438930,-6.7282,-11.5389,63.9506,149.8307,43.7132,27.9838,-0.091,0.3119
1779988772226,2,Pitching Mound.Delivery,,Delivery,pitch.1,437771,10.6052,-30.6979,142.2144,-13.9719,121.1983,61.8016,-0.1135,0.0166
1779988772226,2,Pitching Mound.Drive,,Delivery,pitch.1,438343,0.0448,-0.0152,1.5965,0.8029,-2.552,-2.3139,0.0,0.0
1779988772226,2,Pitching Mound.Parent,,Delivery,pitch.1,437391,10.661,-30.7117,143.8392,-13.1992,118.6496,59.5312,-0.1122,0.0164
1779988772227,2,11.0000004b,Drive,Delivery,pitch.1,438344,0.0404,-0.0177,1.6726,0.8553,-2.6907,-2.3277,0.0,0.0
1779988772227,2,12.00000015,Lower Delivery,Delivery,pitch.1,438073,17.5353,-20.0233,80.8826,-170.9998,79.1553,42.9207,-0.1303,-0.2815
1779988772227,2,12.00000018,Upper Delivery,Delivery,pitch.1,438932,-6.7576,-11.8495,65.2729,151.892,43.9602,28.7733,-0.0897,0.3098
1779988772227,2,12.00000018,Upper Delivery,Delivery,pitch.1,438931,-6.6857,-11.7279,64.4041,150.4619,43.599,28.5117,-0.0901,0.311
1779988772227,2,Pitching Mound.Delivery,,Delivery,pitch.1,437772,10.8496,-31.7513,145.2867,-14.9352,122.7544,63.1973,-0.1125,0.0197
1779988772227,2,Pitching Mound.Drive,,Delivery,pitch.1,438344,0.0404,-0.0177,1.6726,0.8553,-2.6907,-2.3277,0.0,0.0
1779988772227,2,Pitching Mound.Parent,,Delivery,pitch.1,437392,10.8944,-31.7664,146.8832,-14.1322,120.2024,60.8833,-0.1113,0.0195
1779988772228,2,11.0000004b,Drive,Delivery,pitch.1,438345,0.0547,-0.0139,1.694,0.8302,-2.5457,-2.3125,0.0,0.0
1779988772228,2,12.00000015,Lower Delivery,Delivery,pitch.1,438074,17.8309,-20.6753,82.645,-171.3351,80.3948,43.583,-0.1295,-0.276
1779988772228,2,12.00000018,Upper Delivery,Delivery,pitch.1,438933,-6.7702,-12.0423,65.3717,152.4678,43.9524,29.3505,-0.0895,0.3105
1779988772228,2,Pitching Mound.Delivery,,Delivery,pitch.1,437773,11.0733,-32.5248,147.9179,-13.5366,124.3551,63.9962,-0.1119,0.0224
1779988772228,2,Pitching Mound.Drive,,Delivery,pitch.1,438345,0.0547,-0.0139,1.694,0.8302,-2.5457,-2.3125,0.0,0.0
1779988772228,2,Pitching Mound.Parent,,Delivery,pitch.1,437393,11.1137,-32.5425,149.5906,-12.6813,121.6644,61.6685,-0.1107,0.0222
1779988772229,2,11.0000004b,Drive,Delivery,pitch.1,438346,0.0495,-0.0164,1.7795,0.8723,-2.6338,-2.3281,0.0,0.0
1779988772229,2,12.00000015,Lower Delivery,Delivery,pitch.1,438075,18.1269,-21.3479,82.7934,-172.0838,82.0549,44.886,-0.1319,-0.2767
1779988772229,2,12.00000018,Upper Delivery,Delivery,pitch.1,438934,-6.761,-12.2998,65.7678,155.427,44.1653,29.9515,-0.0894,0.3146
1779988772229,2,Pitching Mound.Delivery,,Delivery,pitch.1,437774,11.3567,-33.3902,148.1651,-13.6926,126.0073,65.7715,-0.1132,0.0224
1779988772229,2,Pitching Mound.Drive,,Delivery,pitch.1,438346,0.0495,-0.0164,1.7795,0.8723,-2.6338,-2.3281,0.0,0.0
1779988772229,2,Pitching Mound.Parent,,Delivery,pitch.1,437394,11.4114,-33.4041,149.859,-12.8625,123.4616,63.459,-0.1119,0.0221
1779988772230,2,11.0000004b,Drive,Delivery,pitch.1,438347,0.0637,-0.0201,1.7925,0.8897,-2.705,-2.3412,0.0,0.0
1779988772230,2,12.00000015,Lower Delivery,Delivery,pitch.1,438076,18.2813,-22.0752,86.7836,-174.2253,85.9821,45.996,-0.1319,-0.2673
1779988772230,2,12.00000018,Upper Delivery,Delivery,pitch.1,438935,-6.7741,-12.4665,65.9119,156.7406,44.8398,30.2933,-0.0906,0.3166
1779988772230,2,Pitching Mound.Delivery,,Delivery,pitch.1,437775,11.5203,-34.375,152.5514,-11.653,130.1474,67.4331,-0.1136,0.0304
1779988772230,2,Pitching Mound.Drive,,Delivery,pitch.1,438347,0.0637,-0.0201,1.7925,0.8897,-2.705,-2.3412,0.0,0.0
1779988772230,2,Pitching Mound.Parent,,Delivery,pitch.1,437395,11.5697,-34.3914,154.3309,-10.7807,127.5135,65.105,-0.1123,0.0301
1779988772231,2,11.0000004b,Drive,Delivery,pitch.1,438348,0.0729,-0.03,1.8206,0.9681,-2.7087,-2.3301,0.0,0.0
1779988772231,2,12.00000015,Lower Delivery,Delivery,pitch.1,438077,18.4539,-22.8626,88.5139,-174.9286,87.6865,47.0259,-0.1319,-0.2631
1779988772231,2,Pitching Mound.Delivery,,Delivery,pitch.1,437776,11.6798,-35.3291,154.4258,-10.5034,132.5263,68.7417,-0.1142,0.0341
1779988772231,2,Pitching Mound.Drive,,Delivery,pitch.1,438348,0.0729,-0.03,1.8206,0.9681,-2.7087,-2.3301,0.0,0.0
1779988772231,2,Pitching Mound.Parent,,Delivery,pitch.1,437396,11.7435,-35.3492,156.2183,-9.6137,129.8212,66.4004,-0.1129,0.0337
1779988772232,2,11.0000004b,Drive,Delivery,pitch.1,438349,0.0769,-0.0264,1.8967,0.8974,-2.6821,-2.2688,0.0,0.0
1779988772232,2,12.00000015,Lower Delivery,Delivery,pitch.1,438078,18.7731,-23.5285,90.016,-176.7972,89.5943,48.3479,-0.1325,-0.2615
1779988772232,2,12.00000018,Upper Delivery,Delivery,pitch.1,438936,-6.7907,-12.643,65.7868,157.8766,45.1425,30.9483,-0.0914,0.3195
1779988772232,2,12.00000018,Upper Delivery,Delivery,pitch.1,438937,-6.896,-12.7963,66.2541,159.2089,45.6915,31.2338,-0.0918,0.3199
1779988772232,2,Pitching Mound.Delivery,,Delivery,pitch.1,437777,11.9824,-36.1715,155.8028,-10.6827,134.7369,70.6044,-0.1151,0.0367
1779988772232,2,Pitching Mound.Drive,,Delivery,pitch.1,438349,0.0769,-0.0264,1.8967,0.8974,-2.6821,-2.2688,0.0,0.0
1779988772232,2,Pitching Mound.Parent,,Delivery,pitch.1,437397,12.0553,-36.2015,157.6234,-9.7146,132.0282,68.2744,-0.1138,0.0363
1779988772233,2,11.0000004b,Drive,Delivery,pitch.1,438350,0.0887,-0.0448,1.8877,0.8928,-2.7191,-2.2905,0.0,0.0
1779988772233,2,12.00000015,Lower Delivery,Delivery,pitch.1,438079,18.8957,-24.1264,91.7159,-178.3249,91.9334,49.1134,-0.1334,-0.2588
1779988772233,2,12.00000018,Upper Delivery,Delivery,pitch.1,438938,-6.9802,-12.9208,66.4793,159.7662,46.0638,31.587,-0.0922,0.3199
1779988772233,2,Pitching Mound.Delivery,,Delivery,pitch.1,437778,11.9998,-36.9227,157.9699,-10.459,137.625,71.578,-0.116,0.0387
1779988772233,2,Pitching Mound.Drive,,Delivery,pitch.1,438350,0.0887,-0.0448,1.8877,0.8928,-2.7191,-2.2905,0.0,0.0
1779988772233,2,Pitching Mound.Parent,,Delivery,pitch.1,437398,12.0766,-36.9491,159.8666,-9.5616,134.9429,69.3092,-0.1146,0.0382
1779988772234,2,11.0000004b,Drive,Delivery,pitch.1,438351,0.1136,-0.0503,1.8355,0.8802,-2.7971,-2.2418,0.0,0.0
1779988772234,2,12.00000015,Lower Delivery,Delivery,pitch.1,438080,19.0535,-24.8291,95.089,-181.9188,95.1468,49.9956,-0.1332,-0.2547
1779988772234,2,12.00000018,Upper Delivery,Delivery,pitch.1,438939,-7.0604,-13.0455,66.5588,160.1304,46.4749,31.8832,-0.093,0.3203
1779988772234,2,Pitching Mound.Delivery,,Delivery,pitch.1,437779,12.0733,-37.7498,161.5683,-12.4253,141.2105,72.7311,-0.1164,0.042
1779988772234,2,Pitching Mound.Drive,,Delivery,pitch.1,438351,0.1136,-0.0503,1.8355,0.8802,-2.7971,-2.2418,0.0,0.0
1779988772234,2,Pitching Mound.Parent,,Delivery,pitch.1,437399,12.162,-37.7946,163.456,-11.5325,138.4914,70.4406,-0.115,0.0415
1779988772235,2,11.0000004b,Drive,Delivery,pitch.1,438352,0.1112,-0.0649,1.9182,0.9362,-2.8635,-2.2258,0.0,0.0
1779988772235,2,12.00000015,Lower Delivery,Delivery,pitch.1,438081,19.2635,-25.6196,96.2114,-181.0675,94.9427,51.1414,-0.1314,-0.2505
1779988772235,2,12.00000018,Upper Delivery,Delivery,pitch.1,438940,-7.1873,-13.173,66.7551,160.7817,46.6609,32.1967,-0.0931,0.3206
1779988772235,2,Pitching Mound.Delivery,,Delivery,pitch.1,437780,12.2031,-38.665,162.7703,-10.8552,141.4176,74.0745,-0.1157,0.0448
1779988772235,2,Pitching Mound.Drive,,Delivery,pitch.1,438352,0.1112,-0.0649,1.9182,0.9362,-2.8635,-2.2258,0.0,0.0
1779988772235,2,Pitching Mound.Parent,,Delivery,pitch.1,437400,12.3167,-38.7154,164.6058,-9.975,138.6205,71.8327,-0.1144,0.0443
1779988772236,2,11.0000004b,Drive,Delivery,pitch.1,438353,0.1178,-0.0716,1.8928,0.8958,-2.9183,-2.1973,0.0,0.0
1779988772236,2,12.00000015,Lower Delivery,Delivery,pitch.1,438082,19.4608,-26.1309,97.8731,-185.0707,97.1204,51.8067,-0.1321,-0.2517
1779988772236,2,12.00000018,Upper Delivery,Delivery,pitch.1,438941,-7.3288,-13.244,66.7907,160.6135,46.4833,32.5214,-0.0927,0.3201
1779988772236,2,Pitching Mound.Delivery,,Delivery,pitch.1,437781,12.2735,-39.3039,164.6282,-13.7089,143.7813,74.943,-0.1163,0.0446
1779988772236,2,Pitching Mound.Drive,,Delivery,pitch.1,438353,0.1178,-0.0716,1.8928,0.8958,-2.9183,-2.1973,0.0,0.0
1779988772236,2,Pitching Mound.Parent,,Delivery,pitch.1,437401,12.3846,-39.3688,166.5465,-12.7727,140.9177,72.7172,-0.1149,0.0441
1779988772237,2,11.0000004b,Drive,Delivery,pitch.1,438354,0.13,-0.0871,1.8603,0.8167,-2.9018,-2.1553,0.0,0.0
1779988772237,2,12.00000015,Lower Delivery,Delivery,pitch.1,438083,19.5693,-26.7986,99.5044,-185.974,98.5907,52.5894,-0.1319,-0.2488
1779988772237,2,Pitching Mound.Delivery,,Delivery,pitch.1,437782,12.2405,-40.0427,166.2951,-14.2378,145.074,75.9654,-0.1161,0.0466
1779988772237,2,Pitching Mound.Drive,,Delivery,pitch.1,438354,0.13,-0.0871,1.8603,0.8167,-2.9018,-2.1553,0.0,0.0
1779988772237,2,Pitching Mound.Parent,,Delivery,pitch.1,437402,12.3583,-40.1143,168.1878,-13.342,142.1557,73.7681,-0.1148,0.0461
1779988772238,2,11.0000004b,Drive,Delivery,pitch.1,438355,0.1414,-0.1165,1.7984,0.8733,-3.0811,-2.167,0.0,0.0
1779988772238,2,12.00000015,Lower Delivery,Delivery,pitch.1,438084,19.7671,-27.3929,100.7635,-190.2265,98.7349,52.9884,-0.1304,-0.2513
1779988772238,2,12.00000018,Upper Delivery,Delivery,pitch.1,438942,-7.467,-13.3759,66.9027,160.0151,46.6291,32.8635,-0.0928,0.3184
1779988772238,2,12.00000018,Upper Delivery,Delivery,pitch.1,438943,-7.6397,-13.4921,67.1195,160.1082,46.5645,33.2053,-0.0924,0.3176
1779988772238,2,Pitching Mound.Delivery,,Delivery,pitch.1,437783,12.3001,-40.7688,167.6662,-18.6987,145.364,76.5923,-0.1154,0.0447
1779988772238,2,Pitching Mound.Drive,,Delivery,pitch.1,438355,0.1414,-0.1165,1.7984,0.8733,-3.0811,-2.167,0.0,0.0
1779988772238,2,Pitching Mound.Parent,,Delivery,pitch.1,437403,12.4301,-40.8559,169.5265,-17.882,142.4621,74.437,-0.1142,0.0442
1779988772239,2,11.0000004b,Drive,Delivery,pitch.1,438356,0.139,-0.125,1.6635,0.8974,-2.9934,-2.1799,0.0,0.0
1779988772239,2,12.00000015,Lower Delivery,Delivery,pitch.1,438085,19.8039,-28.1968,102.7481,-191.0681,99.3789,53.3784,-0.1288,-0.2476
1779988772239,2,12.00000018,Upper Delivery,Delivery,pitch.1,438944,-7.7573,-13.5559,66.9037,159.1205,46.7103,33.448,-0.0929,0.3166
1779988772239,2,Pitching Mound.Delivery,,Delivery,pitch.1,437784,12.1642,-41.689,169.8676,-18.8461,145.9433,77.2529,-0.1144,0.047
1779988772239,2,Pitching Mound.Drive,,Delivery,pitch.1,438356,0.139,-0.125,1.6635,0.8974,-2.9934,-2.1799,0.0,0.0
1779988772239,2,Pitching Mound.Parent,,Delivery,pitch.1,437404,12.3056,-41.8055,171.6661,-17.9728,142.8622,75.0859,-0.1132,0.0466
1779988772240,2,11.0000004b,Drive,Delivery,pitch.1,438357,0.1398,-0.1418,1.6478,0.8836,-2.895,-2.1893,0.0,0.0
1779988772240,2,12.00000015,Lower Delivery,Delivery,pitch.1,438086,19.7891,-28.8522,103.3424,-192.0197,99.568,53.6757,-0.1283,-0.2474
1779988772240,2,12.00000018,Upper Delivery,Delivery,pitch.1,438945,-7.8992,-13.5894,66.9854,159.204,45.7733,33.5994,-0.091,0.3164
1779988772240,2,Pitching Mound.Delivery,,Delivery,pitch.1,437785,12.0319,-42.4081,170.2461,-20.5101,146.2783,77.7579,-0.1144,0.047
1779988772240,2,Pitching Mound.Drive,,Delivery,pitch.1,438357,0.1398,-0.1418,1.6478,0.8836,-2.895,-2.1893,0.0,0.0
1779988772240,2,Pitching Mound.Parent,,Delivery,pitch.1,437405,12.1708,-42.5331,171.9095,-19.6127,143.2849,75.5781,-0.1133,0.0466
1779988772241,2,11.0000004b,Drive,Delivery,pitch.1,438358,0.1302,-0.1319,1.6878,0.8123,-2.6307,-2.1872,0.0,0.0
1779988772241,2,12.00000015,Lower Delivery,Delivery,pitch.1,438087,19.7543,-29.271,104.7887,-193.7288,100.8334,53.8509,-0.1281,-0.2461
1779988772241,2,12.00000018,Upper Delivery,Delivery,pitch.1,438946,-8.1142,-13.6479,67.1475,158.8115,45.5857,34.0184,-0.0904,0.3149
1779988772241,2,Pitching Mound.Delivery,,Delivery,pitch.1,437786,11.8551,-42.8604,171.774,-21.6717,146.6067,78.0481,-0.1136,0.0481
1779988772241,2,Pitching Mound.Drive,,Delivery,pitch.1,438358,0.1302,-0.1319,1.6878,0.8123,-2.6307,-2.1872,0.0,0.0
1779988772241,2,Pitching Mound.Parent,,Delivery,pitch.1,437406,11.9949,-43.0022,173.4218,-20.7881,143.7117,75.8588,-0.1125,0.0476
1779988772242,2,11.0000004b,Drive,Delivery,pitch.1,438359,0.1355,-0.1398,1.5843,0.799,-2.7146,-2.2008,0.0,0.0
1779988772242,2,12.00000015,Lower Delivery,Delivery,pitch.1,438088,19.767,-29.9109,105.594,-195.4822,100.903,54.0099,-0.1272,-0.2465
1779988772242,2,12.00000018,Upper Delivery,Delivery,pitch.1,438947,-8.2711,-13.6394,67.3572,158.765,45.028,34.1282,-0.089,0.3138
1779988772242,2,Pitching Mound.Delivery,,Delivery,pitch.1,437787,11.6528,-43.5588,172.7415,-23.5989,146.4886,78.5487,-0.1129,0.0474
1779988772242,2,Pitching Mound.Drive,,Delivery,pitch.1,438359,0.1355,-0.1398,1.5843,0.799,-2.7146,-2.2008,0.0,0.0
1779988772242,2,Pitching Mound.Parent,,Delivery,pitch.1,437407,11.783,-43.6907,174.4292,-22.7866,143.858,76.3614,-0.1118,0.047
1779988772243,2,11.0000004b,Drive,Delivery,pitch.1,438360,0.1235,-0.1324,1.7696,0.8469,-2.6164,-2.2281,0.0,0.0
1779988772243,2,12.00000015,Lower Delivery,Delivery,pitch.1,438089,19.7099,-30.3718,106.7702,-195.8119,101.6553,54.1903,-0.1267,-0.2441
1779988772243,2,12.00000015,Lower Delivery,Delivery,pitch.1,438090,19.7018,-30.7949,107.9242,-196.4092,103.3973,54.3611,-0.1275,-0.2423
1779988772243,2,12.00000018,Upper Delivery,Delivery,pitch.1,438948,-8.3618,-13.5943,66.854,157.7311,45.1204,34.1621,-0.0898,0.3141
1779988772243,2,Pitching Mound.Delivery,,Delivery,pitch.1,437788,11.4388,-44.0112,174.1274,-23.6464,146.6833,78.805,-0.1121,0.0486
1779988772243,2,Pitching Mound.Delivery,,Delivery,pitch.1,437789,11.3399,-44.3892,174.7781,-24.7142,148.5177,78.9815,-0.1131,0.0504
1779988772243,2,Pitching Mound.Drive,,Delivery,pitch.1,438360,0.1235,-0.1324,1.7696,0.8469,-2.6164,-2.2281,0.0,0.0
1779988772243,2,Pitching Mound.Parent,,Delivery,pitch.1,437408,11.5743,-44.151,175.7116,-22.8474,143.9687,76.6043,-0.1111,0.0482
1779988772243,2,Pitching Mound.Parent,,Delivery,pitch.1,437409,11.4635,-44.5216,176.5477,-23.8673,145.9013,76.7534,-0.112,0.0499
1779988772244,2,11.0000004b,Drive,Delivery,pitch.1,438361,0.1062,-0.13,1.7213,0.8215,-2.6808,-2.2775,0.0,0.0
1779988772244,2,12.00000015,Lower Delivery,Delivery,pitch.1,438091,19.7215,-31.1165,108.3987,-198.0982,104.3272,54.4295,-0.1281,-0.2433
1779988772244,2,12.00000018,Upper Delivery,Delivery,pitch.1,438949,-8.5591,-13.5519,67.4373,158.7998,44.3375,34.3204,-0.0875,0.3135
1779988772244,2,Pitching Mound.Delivery,,Delivery,pitch.1,437790,11.1624,-44.6684,175.836,-25.3716,148.6647,79.1345,-0.1126,0.0495
1779988772244,2,Pitching Mound.Drive,,Delivery,pitch.1,438361,0.1062,-0.13,1.7213,0.8215,-2.6808,-2.2775,0.0,0.0
1779988772244,2,Pitching Mound.Parent,,Delivery,pitch.1,437410,11.2685,-44.7984,177.5573,-24.5501,145.9839,76.857,-0.1115,0.049
1779988772245,2,11.0000004b,Drive,Delivery,pitch.1,438362,0.0937,-0.1319,1.7023,0.804,-2.7667,-2.2821,0.0,0.0
1779988772245,2,12.00000018,Upper Delivery,Delivery,pitch.1,438950,-8.6344,-13.4453,67.348,158.3867,44.317,34.3028,-0.0876,0.3131
1779988772245,2,Pitching Mound.Drive,,Delivery,pitch.1,438362,0.0937,-0.1319,1.7023,0.804,-2.7667,-2.2821,0.0,0.0
1779988772246,2,11.0000004b,Drive,Delivery,pitch.1,438363,0.0988,-0.1217,1.7187,0.787,-2.5649,-2.2742,0.0,0.0
1779988772246,2,12.00000015,Lower Delivery,Delivery,pitch.1,438092,19.7796,-31.3819,108.7059,-199.7437,104.9215,54.4504,-0.1285,-0.2446
1779988772246,2,12.00000015,Lower Delivery,Delivery,pitch.1,438093,19.818,-31.6081,108.8811,-200.6913,105.1871,54.5117,-0.1286,-0.2454
1779988772246,2,12.00000018,Upper Delivery,Delivery,pitch.1,438951,-8.7181,-13.3284,67.4745,158.8352,44.3616,34.3826,-0.0875,0.3134
1779988772246,2,Pitching Mound.Delivery,,Delivery,pitch.1,437792,11.1,-44.9365,176.3556,-27.7779,149.5487,79.1921,-0.1129,0.0482
1779988772246,2,Pitching Mound.Delivery,,Delivery,pitch.1,437791,11.1451,-44.8272,176.0538,-27.2953,149.2385,79.0925,-0.1129,0.0486
1779988772246,2,Pitching Mound.Drive,,Delivery,pitch.1,438363,0.0988,-0.1217,1.7187,0.787,-2.5649,-2.2742,0.0,0.0
1779988772246,2,Pitching Mound.Parent,,Delivery,pitch.1,437412,11.1988,-45.0582,178.0743,-26.9909,146.9838,76.9178,-0.1118,0.0478
1779988772246,2,Pitching Mound.Parent,,Delivery,pitch.1,437411,11.2388,-44.9591,177.7561,-26.4913,146.4718,76.8104,-0.1118,0.0481
1779988772247,2,11.0000004b,Drive,Delivery,pitch.1,438364,0.0847,-0.0918,1.7023,0.7448,-2.4062,-2.2735,0.0,0.0
1779988772247,2,12.00000015,Lower Delivery,Delivery,pitch.1,438094,19.8848,-31.8305,109.0122,-201.2972,105.3442,54.4704,-0.1286,-0.2458
1779988772247,2,12.00000018,Upper Delivery,Delivery,pitch.1,438952,-8.7836,-13.2039,67.457,159.0126,44.3299,34.4477,-0.0875,0.3138
1779988772247,2,Pitching Mound.Delivery,,Delivery,pitch.1,437793,11.1011,-45.0345,176.4692,-28.1558,149.6741,79.1708,-0.1129,0.0482
1779988772247,2,Pitching Mound.Drive,,Delivery,pitch.1,438364,0.0847,-0.0918,1.7023,0.7448,-2.4062,-2.2735,0.0,0.0
1779988772247,2,Pitching Mound.Parent,,Delivery,pitch.1,437413,11.1858,-45.1263,178.1715,-27.411,147.2679,76.8973,-0.1118,0.0477
1779988772248,2,11.0000004b,Drive,Delivery,pitch.1,438365,0.0975,-0.0773,1.7218,0.7437,-2.3663,-2.2505,0.0,0.0
1779988772248,2,12.00000018,Upper Delivery,Delivery,pitch.1,438953,-8.8504,-13.0667,67.5661,159.2964,44.4184,34.4418,-0.0875,0.3139
1779988772248,2,Pitching Mound.Drive,,Delivery,pitch.1,438365,0.0975,-0.0773,1.7218,0.7437,-2.3663,-2.2505,0.0,0.0
1779988772249,2,11.0000004b,Drive,Delivery,pitch.1,438366,0.0968,-0.057,1.7249,0.7101,-2.3238,-2.268,0.0,0.0
1779988772249,2,12.00000015,Lower Delivery,Delivery,pitch.1,438096,20.0057,-31.9806,108.9128,-202.1655,105.9598,54.4294,-0.1295,-0.2471
1779988772249,2,12.00000015,Lower Delivery,Delivery,pitch.1,438095,19.9461,-31.9415,109.0319,-201.7098,105.6129,54.4913,-0.129,-0.2463
1779988772249,2,12.00000018,Upper Delivery,Delivery,pitch.1,438954,-8.9056,-12.9062,67.5624,159.3719,44.3849,34.4552,-0.0875,0.314
1779988772249,2,Pitching Mound.Delivery,,Delivery,pitch.1,437794,11.0957,-45.0082,176.598,-28.315,150.0313,79.1423,-0.1131,0.0479
1779988772249,2,Pitching Mound.Delivery,,Delivery,pitch.1,437795,11.1002,-44.8869,176.4752,-28.7344,150.3447,79.0547,-0.1134,0.0474
1779988772249,2,Pitching Mound.Drive,,Delivery,pitch.1,438366,0.0968,-0.057,1.7249,0.7101,-2.3238,-2.268,0.0,0.0
1779988772249,2,Pitching Mound.Parent,,Delivery,pitch.1,437414,11.1932,-45.0854,178.3198,-27.5713,147.665,76.8919,-0.112,0.0474
1779988772249,2,Pitching Mound.Parent,,Delivery,pitch.1,437415,11.197,-44.9439,178.2001,-28.0243,148.0209,76.7867,-0.1123,0.0469
1779988772250,2,11.0000004b,Drive,Delivery,pitch.1,438367,0.0899,-0.0568,1.7758,0.709,-2.3749,-2.2671,0.0,0.0
1779988772250,2,12.00000018,Upper Delivery,Delivery,pitch.1,438955,-8.945,-12.7256,67.7479,159.7058,44.4298,34.5105,-0.0873,0.3138
1779988772250,2,Pitching Mound.Drive,,Delivery,pitch.1,438367,0.0899,-0.0568,1.7758,0.709,-2.3749,-2.2671,0.0,0.0
1779988772251,2,11.0000004b,Drive,Delivery,pitch.1,438368,0.0787,-0.0576,1.8321,0.7257,-2.5693,-2.2785,0.0,0.0
1779988772251,2,12.00000015,Lower Delivery,Delivery,pitch.1,438097,20.0375,-31.9538,108.8331,-202.7865,106.3345,54.3449,-0.1301,-0.2481
1779988772251,2,12.00000018,Upper Delivery,Delivery,pitch.1,438956,-8.9887,-12.5203,67.875,160.4535,44.6943,34.6273,-0.0877,0.3147
1779988772251,2,Pitching Mound.Delivery,,Delivery,pitch.1,437796,11.0925,-44.6795,176.581,-29.1118,150.7643,79.0014,-0.1137,0.0466
1779988772251,2,Pitching Mound.Drive,,Delivery,pitch.1,438368,0.0787,-0.0576,1.8321,0.7257,-2.5693,-2.2785,0.0,0.0
1779988772251,2,Pitching Mound.Parent,,Delivery,pitch.1,437416,11.1824,-44.7363,178.3568,-28.4028,148.3894,76.7343,-0.1125,0.0462
1779988772252,2,11.0000004b,Drive,Delivery,pitch.1,438369,0.0748,-0.0572,1.7779,0.7111,-2.5163,-2.2864,0.0,0.0
1779988772252,2,12.00000015,Lower Delivery,Delivery,pitch.1,438098,20.0872,-31.8358,108.644,-203.2697,106.3579,54.2593,-0.1303,-0.2491
1779988772252,2,12.00000018,Upper Delivery,Delivery,pitch.1,438957,-9.0636,-12.3257,68.4082,161.3119,45.2183,34.7567,-0.088,0.3139
1779988772252,2,Pitching Mound.Delivery,,Delivery,pitch.1,437797,11.0985,-44.3561,176.519,-28.9547,151.0522,79.0008,-0.1139,0.0462
1779988772252,2,Pitching Mound.Drive,,Delivery,pitch.1,438369,0.0748,-0.0572,1.7779,0.7111,-2.5163,-2.2864,0.0,0.0
1779988772252,2,Pitching Mound.Parent,,Delivery,pitch.1,437417,11.1772,-44.4137,178.3512,-28.229,148.4829,76.7223,-0.1128,0.0458
1779988772253,2,11.0000004b,Drive,Delivery,pitch.1,438370,0.0756,-0.0484,1.8083,0.7199,-2.6454,-2.2572,0.0,0.0
1779988772253,2,12.00000015,Lower Delivery,Delivery,pitch.1,438099,20.1256,-31.6144,108.3864,-203.9983,106.896,54.0733,-0.1313,-0.2506
1779988772253,2,12.00000018,Upper Delivery,Delivery,pitch.1,438958,-9.0753,-12.1284,68.4874,161.5246,44.9549,34.764,-0.0874,0.314
1779988772253,2,Pitching Mound.Delivery,,Delivery,pitch.1,437798,11.0621,-43.9401,176.7946,-29.0938,152.1143,78.9057,-0.1145,0.0447
1779988772253,2,Pitching Mound.Drive,,Delivery,pitch.1,438370,0.0756,-0.0484,1.8083,0.7199,-2.6454,-2.2572,0.0,0.0
1779988772253,2,Pitching Mound.Parent,,Delivery,pitch.1,437418,11.1368,-43.9973,178.5725,-28.3827,149.598,76.6192,-0.1134,0.0443
1779988772254,2,11.0000004b,Drive,Delivery,pitch.1,438371,0.0797,-0.0565,1.8085,0.7408,-2.7972,-2.2909,0.0,0.0
1779988772254,2,12.00000015,Lower Delivery,Delivery,pitch.1,438100,20.1645,-31.359,108.2831,-204.4963,107.3226,53.8935,-0.1319,-0.2514
1779988772254,2,12.00000015,Lower Delivery,Delivery,pitch.1,438101,20.1391,-30.9478,107.898,-204.864,106.4492,53.5986,-0.1313,-0.2528
1779988772254,2,12.00000018,Upper Delivery,Delivery,pitch.1,438959,-9.1451,-11.9543,68.9351,161.8134,45.1677,34.7936,-0.0872,0.3125
1779988772254,2,Pitching Mound.Delivery,,Delivery,pitch.1,437799,11.0893,-43.4874,176.7705,-29.4411,152.2775,78.716,-0.1147,0.0442
1779988772254,2,Pitching Mound.Delivery,,Delivery,pitch.1,437800,10.994,-42.9022,176.8331,-29.8032,151.617,78.4356,-0.1141,0.0425
1779988772254,2,Pitching Mound.Drive,,Delivery,pitch.1,438371,0.0797,-0.0565,1.8085,0.7408,-2.7972,-2.2909,0.0,0.0
1779988772254,2,Pitching Mound.Parent,,Delivery,pitch.1,437419,11.1649,-43.5358,178.5788,-28.7212,149.6321,76.4588,-0.1135,0.0437
1779988772254,2,Pitching Mound.Parent,,Delivery,pitch.1,437420,11.0737,-42.9586,178.6416,-29.0624,148.8198,76.1447,-0.113,0.0421
1779988772255,2,11.0000004b,Drive,Delivery,pitch.1,438372,0.1045,-0.064,1.7999,0.7412,-2.8365,-2.2545,0.0,0.0
1779988772255,2,12.00000015,Lower Delivery,Delivery,pitch.1,438102,20.1282,-30.6322,107.8913,-205.1306,107.1629,53.3472,-0.1322,-0.2531
1779988772255,2,12.00000018,Upper Delivery,Delivery,pitch.1,438960,-9.2583,-11.7806,69.7236,162.2929,45.909,34.899,-0.0877,0.3099
1779988772255,2,Pitching Mound.Delivery,,Delivery,pitch.1,437801,10.87,-42.4128,177.615,-29.8606,153.0719,78.2548,-0.1147,0.041
1779988772255,2,Pitching Mound.Drive,,Delivery,pitch.1,438372,0.1045,-0.064,1.7999,0.7412,-2.8365,-2.2545,0.0,0.0
1779988772255,2,Pitching Mound.Parent,,Delivery,pitch.1,437421,10.9745,-42.4768,179.4149,-29.1194,150.2354,76.0003,-0.1136,0.0405
1779988772256,2,11.0000004b,Drive,Delivery,pitch.1,438373,0.1085,-0.0524,1.8018,0.7161,-2.6906,-2.2316,0.0,0.0
1779988772256,2,12.00000015,Lower Delivery,Delivery,pitch.1,438103,20.1436,-30.0989,107.7317,-205.9474,107.3583,52.926,-0.1327,-0.2545
1779988772256,2,12.00000018,Upper Delivery,Delivery,pitch.1,438961,-9.337,-11.5941,70.2129,162.3661,46.2475,34.9019,-0.0877,0.3079
1779988772256,2,Pitching Mound.Delivery,,Delivery,pitch.1,437802,10.8066,-41.693,177.9447,-30.8248,153.6058,77.8045,-0.1149,0.0391
1779988772256,2,Pitching Mound.Drive,,Delivery,pitch.1,438373,0.1085,-0.0524,1.8018,0.7161,-2.6906,-2.2316,0.0,0.0
1779988772256,2,Pitching Mound.Parent,,Delivery,pitch.1,437422,10.9151,-41.7454,179.7465,-30.1087,150.9152,75.5729,-0.1138,0.0387
1779988772257,2,11.0000004b,Drive,Delivery,pitch.1,438374,0.1144,-0.0406,1.8046,0.7155,-2.6875,-2.2175,0.0,0.0
1779988772257,2,12.00000015,Lower Delivery,Delivery,pitch.1,438104,20.0893,-29.5578,107.3726,-205.5833,106.6228,52.6667,-0.1322,-0.2549
1779988772257,2,12.00000018,Upper Delivery,Delivery,pitch.1,438962,-9.3701,-11.3832,69.8481,161.4974,45.512,34.8391,-0.0867,0.3078
1779988772257,2,Pitching Mound.Delivery,,Delivery,pitch.1,437803,10.7192,-40.941,177.2207,-31.3275,152.1349,77.4896,-0.1143,0.0389
1779988772257,2,Pitching Mound.Drive,,Delivery,pitch.1,438374,0.1144,-0.0406,1.8046,0.7155,-2.6875,-2.2175,0.0,0.0
1779988772257,2,Pitching Mound.Parent,,Delivery,pitch.1,437423,10.8336,-40.9817,179.0253,-30.6119,149.4474,75.2721,-0.1131,0.0385
1779988772258,2,11.0000004b,Drive,Delivery,pitch.1,438375,0.1193,-0.0561,1.8005,0.7057,-2.6193,-2.2105,0.0,0.0
1779988772258,2,12.00000015,Lower Delivery,Delivery,pitch.1,438105,20.0959,-29.1859,107.3654,-205.5417,106.4986,52.4723,-0.1321,-0.2549
1779988772258,2,12.00000018,Upper Delivery,Delivery,pitch.1,438963,-9.4906,-11.2586,70.1868,161.5494,45.7618,34.893,-0.0868,0.3064
1779988772258,2,Pitching Mound.Delivery,,Delivery,pitch.1,437804,10.6053,-40.4445,177.5522,-31.3517,152.2604,77.3059,-0.1142,0.0382
1779988772258,2,Pitching Mound.Drive,,Delivery,pitch.1,438375,0.1193,-0.0561,1.8005,0.7057,-2.6193,-2.2105,0.0,0.0
1779988772258,2,Pitching Mound.Parent,,Delivery,pitch.1,437424,10.7246,-40.5007,179.3527,-30.646,149.6411,75.0954,-0.113,0.0378
1779988772259,2,11.0000004b,Drive,Delivery,pitch.1,438376,0.1195,-0.0451,1.7688,0.6852,-2.5213,-2.1966,0.0,0.0
1779988772259,2,12.00000015,Lower Delivery,Delivery,pitch.1,438106,20.0505,-28.5924,107.049,-205.0298,105.8877,52.15,-0.1317,-0.255
1779988772259,2,12.00000018,Upper Delivery,Delivery,pitch.1,438964,-9.5951,-11.0889,70.0824,161.1517,45.7533,34.8853,-0.0869,0.3061
1779988772259,2,Pitching Mound.Delivery,,Delivery,pitch.1,437805,10.4554,-39.6813,177.1314,-31.3095,151.641,76.9558,-0.114,0.038
1779988772259,2,Pitching Mound.Drive,,Delivery,pitch.1,438376,0.1195,-0.0451,1.7688,0.6852,-2.5213,-2.1966,0.0,0.0
1779988772259,2,Pitching Mound.Parent,,Delivery,pitch.1,437425,10.5749,-39.7263,178.9002,-30.6244,149.1197,74.7592,-0.1128,0.0376
1779988772260,2,11.0000004b,Drive,Delivery,pitch.1,438377,0.1252,-0.0472,1.748,0.6928,-2.485,-2.164,0.0,0.0
1779988772260,2,12.00000015,Lower Delivery,Delivery,pitch.1,438107,19.9999,-27.863,106.0694,-205.0445,105.8085,51.9324,-0.1328,-0.2574
1779988772260,2,12.00000018,Upper Delivery,Delivery,pitch.1,438965,-9.6886,-10.9298,69.9731,160.8058,45.7047,34.8964,-0.087,0.3059
1779988772260,2,Pitching Mound.Delivery,,Delivery,pitch.1,437806,10.3113,-38.7928,176.0425,-31.966,151.5132,76.7347,-0.1146,0.0363
1779988772260,2,Pitching Mound.Drive,,Delivery,pitch.1,438377,0.1252,-0.0472,1.748,0.6928,-2.485,-2.164,0.0,0.0
1779988772260,2,Pitching Mound.Parent,,Delivery,pitch.1,437426,10.4365,-38.8399,177.7906,-31.2732,149.0282,74.5707,-0.1135,0.0359
1779988772261,2,11.0000004b,Drive,Delivery,pitch.1,438378,0.1228,-0.0411,1.7428,0.7026,-2.4462,-2.1495,0.0,0.0
1779988772261,2,12.00000015,Lower Delivery,Delivery,pitch.1,438108,20.0279,-27.3286,104.8673,-205.1847,105.257,51.7024,-0.1336,-0.2605
1779988772261,2,12.00000018,Upper Delivery,Delivery,pitch.1,438966,-9.7986,-10.7468,69.7119,159.7538,45.4825,34.8849,-0.0869,0.3051
1779988772261,2,Pitching Mound.Delivery,,Delivery,pitch.1,437807,10.2293,-38.0754,174.5792,-33.478,150.7395,76.4463,-0.1149,0.0338
1779988772261,2,Pitching Mound.Drive,,Delivery,pitch.1,438378,0.1228,-0.0411,1.7428,0.7026,-2.4462,-2.1495,0.0,0.0
1779988772261,2,Pitching Mound.Parent,,Delivery,pitch.1,437427,10.3521,-38.1165,176.322,-32.7755,148.2934,74.2968,-0.1138,0.0335
1779988772262,2,11.0000004b,Drive,Delivery,pitch.1,438379,0.1118,-0.0375,1.7325,0.6849,-2.3441,-2.1498,0.0,0.0
1779988772262,2,12.00000015,Lower Delivery,Delivery,pitch.1,438109,20.0775,-26.4845,103.7922,-205.6366,104.2379,51.1472,-0.1337,-0.2638
1779988772262,2,12.00000018,Upper Delivery,Delivery,pitch.1,438967,-9.8889,-10.563,69.5342,159.0263,45.092,34.836,-0.0863,0.3045
1779988772262,2,Pitching Mound.Delivery,,Delivery,pitch.1,437808,10.1886,-37.0475,173.3264,-34.9626,149.3299,75.7946,-0.1147,0.0314
1779988772262,2,Pitching Mound.Drive,,Delivery,pitch.1,438379,0.1118,-0.0375,1.7325,0.6849,-2.3441,-2.1498,0.0,0.0
1779988772262,2,Pitching Mound.Parent,,Delivery,pitch.1,437428,10.3003,-37.085,175.0589,-34.2777,146.9858,73.6448,-0.1136,0.0311
1779988772263,2,11.0000004b,Drive,Delivery,pitch.1,438380,0.1203,-0.0563,1.7165,0.6931,-2.3149,-2.149,0.0,0.0
1779988772263,2,12.00000015,Lower Delivery,Delivery,pitch.1,438110,19.9991,-26.0461,103.4618,-203.1499,103.1907,50.8569,-0.1328,-0.2614
1779988772263,2,12.00000018,Upper Delivery,Delivery,pitch.1,438968,-9.9814,-10.3868,69.185,158.127,44.6131,34.8493,-0.0858,0.3043
1779988772263,2,Pitching Mound.Delivery,,Delivery,pitch.1,437809,10.0177,-36.4329,172.6468,-33.3688,147.8038,75.5128,-0.114,0.0328
1779988772263,2,Pitching Mound.Drive,,Delivery,pitch.1,438380,0.1203,-0.0563,1.7165,0.6931,-2.3149,-2.149,0.0,0.0
1779988772263,2,Pitching Mound.Parent,,Delivery,pitch.1,437429,10.138,-36.4892,174.3634,-32.6756,145.4889,73.3638,-0.1128,0.0325
1779988772264,2,11.0000004b,Drive,Delivery,pitch.1,438381,0.112,-0.0559,1.7056,0.6865,-2.1908,-2.1558,0.0,0.0
1779988772264,2,12.00000015,Lower Delivery,Delivery,pitch.1,438111,20.0294,-25.2769,102.3627,-203.0351,102.1479,50.1023,-0.1328,-0.2641
1779988772264,2,12.00000018,Upper Delivery,Delivery,pitch.1,438969,-10.0986,-10.1968,68.6243,157.1747,44.2228,34.8216,-0.0858,0.3049
1779988772264,2,Pitching Mound.Delivery,,Delivery,pitch.1,437810,9.9309,-35.4737,170.987,-34.3893,146.3706,74.6803,-0.114,0.0314
1779988772264,2,Pitching Mound.Drive,,Delivery,pitch.1,438381,0.112,-0.0559,1.7056,0.6865,-2.1908,-2.1558,0.0,0.0
1779988772264,2,Pitching Mound.Parent,,Delivery,pitch.1,437430,10.0429,-35.5296,172.6925,-33.7028,144.1799,72.5245,-0.1128,0.0311
1779988772265,2,11.0000004b,Drive,Delivery,pitch.1,438382,0.1116,-0.0538,1.7313,0.6938,-2.1932,-2.1458,0.0,0.0
1779988772265,2,12.00000015,Lower Delivery,Delivery,pitch.1,438112,20.0527,-24.6297,102.2612,-202.6144,102.2151,49.6889,-0.1331,-0.2638
1779988772265,2,12.00000018,Upper Delivery,Delivery,pitch.1,438970,-10.2276,-9.991,68.153,156.0611,43.914,34.8066,-0.0858,0.3048
1779988772265,2,Pitching Mound.Delivery,,Delivery,pitch.1,437811,9.8251,-34.6207,170.4142,-34.9565,146.1291,74.2002,-0.1142,0.0317
1779988772265,2,Pitching Mound.Drive,,Delivery,pitch.1,438382,0.1116,-0.0538,1.7313,0.6938,-2.1932,-2.1458,0.0,0.0
1779988772265,2,Pitching Mound.Parent,,Delivery,pitch.1,437431,9.9367,-34.6745,172.1456,-34.2627,143.9358,72.0544,-0.113,0.0314
1779988772266,2,11.0000004b,Drive,Delivery,pitch.1,438383,0.1033,-0.0547,1.7047,0.6665,-2.1222,-2.1509,0.0,0.0
1779988772266,2,12.00000015,Lower Delivery,Delivery,pitch.1,438113,20.0797,-23.7564,100.5431,-200.2983,99.6764,49.0574,-0.132,-0.2652
1779988772266,2,12.00000018,Upper Delivery,Delivery,pitch.1,438971,-10.3666,-9.7538,67.3226,154.5733,43.2978,34.7839,-0.0856,0.3057
1779988772266,2,Pitching Mound.Delivery,,Delivery,pitch.1,437812,9.7131,-33.5102,167.8657,-34.4301,142.9741,73.4896,-0.1134,0.031
1779988772266,2,Pitching Mound.Drive,,Delivery,pitch.1,438383,0.1033,-0.0547,1.7047,0.6665,-2.1222,-2.1509,0.0,0.0
1779988772266,2,Pitching Mound.Parent,,Delivery,pitch.1,437432,9.8164,-33.5649,169.5704,-33.7636,140.852,71.3387,-0.1122,0.0307
1779988772267,2,11.0000004b,Drive,Delivery,pitch.1,438384,0.0856,-0.0654,1.6998,0.6742,-2.2858,-2.1902,0.0,0.0
1779988772267,2,12.00000015,Lower Delivery,Delivery,pitch.1,438114,20.0572,-22.9927,100.0765,-199.0105,97.9582,48.4359,-0.1303,-0.2647
1779988772267,2,12.00000018,Upper Delivery,Delivery,pitch.1,438972,-10.5043,-9.5239,66.6388,153.1741,42.8958,34.8036,-0.0857,0.306
1779988772267,2,Pitching Mound.Delivery,,Delivery,pitch.1,437813,9.5529,-32.5167,166.7152,-34.4676,140.854,72.8486,-0.1125,0.0316
1779988772267,2,Pitching Mound.Drive,,Delivery,pitch.1,438384,0.0856,-0.0654,1.6998,0.6742,-2.2858,-2.1902,0.0,0.0
1779988772267,2,Pitching Mound.Parent,,Delivery,pitch.1,437433,9.6384,-32.582,168.415,-33.7934,138.5682,70.6584,-0.1113,0.0313
1779988772268,2,11.0000004b,Drive,Delivery,pitch.1,438385,0.094,-0.0825,1.6339,0.6958,-2.416,-2.199,0.0,0.0
1779988772268,2,12.00000015,Lower Delivery,Delivery,pitch.1,438115,20.1484,-22.0905,99.5829,-197.4785,97.993,48.0084,-0.131,-0.264
1779988772268,2,12.00000018,Upper Delivery,Delivery,pitch.1,438973,-10.6277,-9.2727,66.0657,152.0208,42.3726,34.7945,-0.0854,0.3063
1779988772268,2,Pitching Mound.Delivery,,Delivery,pitch.1,437814,9.5207,-31.3632,165.6486,-34.0619,140.3656,72.339,-0.1128,0.0323
1779988772268,2,Pitching Mound.Drive,,Delivery,pitch.1,438385,0.094,-0.0825,1.6339,0.6958,-2.416,-2.199,0.0,0.0
1779988772268,2,Pitching Mound.Parent,,Delivery,pitch.1,437434,9.6147,-31.4457,167.2825,-33.3661,137.9496,70.1401,-0.1117,0.0319
1779988772269,2,11.0000004b,Drive,Delivery,pitch.1,438386,0.1062,-0.0765,1.6366,0.6923,-2.5988,-2.2478,0.0,0.0
1779988772269,2,12.00000015,Lower Delivery,Delivery,pitch.1,438116,20.0564,-21.5407,98.2128,-194.6937,96.0495,47.0681,-0.1302,-0.2639
1779988772269,2,12.00000018,Upper Delivery,Delivery,pitch.1,438974,-10.7431,-9.0522,65.8669,151.5911,42.2202,34.8338,-0.0853,0.3064
1779988772269,2,Pitching Mound.Delivery,,Delivery,pitch.1,437815,9.3133,-30.5929,164.0797,-32.105,138.2698,71.4302,-0.1122,0.0321
1779988772269,2,Pitching Mound.Drive,,Delivery,pitch.1,438386,0.1062,-0.0765,1.6366,0.6923,-2.5988,-2.2478,0.0,0.0
1779988772269,2,Pitching Mound.Parent,,Delivery,pitch.1,437435,9.4195,-30.6694,165.7163,-31.4127,135.6709,69.1824,-0.1111,0.0317
1779988772270,2,11.0000004b,Drive,Delivery,pitch.1,438387,0.0975,-0.0822,1.6511,0.7361,-2.7067,-2.2769,0.0,0.0
1779988772270,2,12.00000015,Lower Delivery,Delivery,pitch.1,438117,19.9446,-20.5425,97.2563,-192.0808,95.428,46.4633,-0.1306,-0.2629
1779988772270,2,12.00000018,Upper Delivery,Delivery,pitch.1,438975,-10.8635,-8.8293,66.0134,151.2573,41.9795,34.8694,-0.0847,0.305
1779988772270,2,Pitching Mound.Delivery,,Delivery,pitch.1,437816,9.0811,-29.3718,163.2697,-30.2009,137.4075,70.8579,-0.112,0.0318
1779988772270,2,Pitching Mound.Drive,,Delivery,pitch.1,438387,0.0975,-0.0822,1.6511,0.7361,-2.7067,-2.2769,0.0,0.0
1779988772270,2,Pitching Mound.Parent,,Delivery,pitch.1,437436,9.1786,-29.454,164.9208,-29.4648,134.7009,68.581,-0.1109,0.0315
1779988772271,2,11.0000004b,Drive,Delivery,pitch.1,438388,0.115,-0.0932,1.5872,0.7289,-2.8402,-2.2805,0.0,0.0
1779988772271,2,12.00000015,Lower Delivery,Delivery,pitch.1,438118,20.1337,-19.939,97.4442,-194.7646,96.665,46.0816,-0.1321,-0.2661
1779988772271,2,12.00000018,Upper Delivery,Delivery,pitch.1,438976,-10.9754,-8.6168,66.1285,150.8973,41.5618,34.9409,-0.0837,0.3038
1779988772271,2,Pitching Mound.Delivery,,Delivery,pitch.1,437817,9.1583,-28.5558,163.5727,-33.2199,138.2268,70.4454,-0.1125,0.0294
1779988772271,2,Pitching Mound.Drive,,Delivery,pitch.1,438388,0.115,-0.0932,1.5872,0.7289,-2.8402,-2.2805,0.0,0.0
1779988772271,2,Pitching Mound.Parent,,Delivery,pitch.1,437437,9.2733,-28.649,165.1599,-32.4911,135.3866,68.1649,-0.1114,0.0291
1779988772272,2,11.0000004b,Drive,Delivery,pitch.1,438389,0.1259,-0.0915,1.6292,0.745,-3.0094,-2.315,0.0,0.0
1779988772272,2,12.00000015,Lower Delivery,Delivery,pitch.1,438119,19.8454,-18.9868,95.8432,-191.4564,96.04,44.549,-0.1334,-0.2659
1779988772272,2,12.00000018,Upper Delivery,Delivery,pitch.1,438977,-11.1138,-8.4073,66.4146,150.7248,41.3927,35.0177,-0.083,0.3021
1779988772272,2,Pitching Mound.Delivery,,Delivery,pitch.1,437818,8.7316,-27.3941,162.2578,-30.7259,137.4327,69.0406,-0.1128,0.0282
1779988772272,2,Pitching Mound.Drive,,Delivery,pitch.1,438389,0.1259,-0.0915,1.6292,0.745,-3.0094,-2.315,0.0,0.0
1779988772272,2,Pitching Mound.Parent,,Delivery,pitch.1,437438,8.8575,-27.4856,163.887,-29.9809,134.4233,66.7256,-0.1116,0.028
1779988772273,2,11.0000004b,Drive,Delivery,pitch.1,438390,0.1094,-0.0782,1.8015,0.7193,-2.8716,-2.2672,0.0,0.0
1779988772273,2,12.00000015,Lower Delivery,Delivery,pitch.1,438120,19.8308,-18.3609,94.4847,-188.0816,93.8815,44.2135,-0.1323,-0.265
1779988772273,2,12.00000018,Upper Delivery,Delivery,pitch.1,438978,-11.2435,-8.1841,66.5855,151.0443,41.3769,35.1837,-0.0827,0.302
1779988772273,2,Pitching Mound.Delivery,,Delivery,pitch.1,437819,8.5874,-26.5451,161.0702,-27.5516,135.2584,68.8319,-0.1118,0.0283
1779988772273,2,Pitching Mound.Drive,,Delivery,pitch.1,438390,0.1094,-0.0782,1.8015,0.7193,-2.8716,-2.2672,0.0,0.0
1779988772273,2,Pitching Mound.Parent,,Delivery,pitch.1,437439,8.6968,-26.6232,162.8717,-26.8323,132.3868,66.5647,-0.1106,0.028
1779988772274,2,11.0000004b,Drive,Delivery,pitch.1,438391,0.1188,-0.0646,1.7684,0.7252,-2.9005,-2.249,0.0,0.0
1779988772274,2,12.00000015,Lower Delivery,Delivery,pitch.1,438121,19.7311,-17.5732,93.6868,-187.4877,93.4056,43.4378,-0.1327,-0.2664
1779988772274,2,12.00000018,Upper Delivery,Delivery,pitch.1,438979,-11.3736,-7.98,66.8493,150.7913,41.0859,35.2975,-0.0818,0.3003
1779988772274,2,Pitching Mound.Delivery,,Delivery,pitch.1,437820,8.3575,-25.5533,160.5362,-27.5717,134.4915,68.1597,-0.1115,0.0264
1779988772274,2,Pitching Mound.Drive,,Delivery,pitch.1,438391,0.1188,-0.0646,1.7684,0.7252,-2.9005,-2.249,0.0,0.0
1779988772274,2,Pitching Mound.Parent,,Delivery,pitch.1,437440,8.4763,-25.6178,162.3046,-26.8465,131.5911,65.9107,-0.1103,0.0261
1779988772275,2,11.0000004b,Drive,Delivery,pitch.1,438392,0.1219,-0.0901,1.8177,0.7438,-3.0743,-2.2677,0.0,0.0
1779988772275,2,12.00000015,Lower Delivery,Delivery,pitch.1,438122,19.7516,-16.8301,92.1806,-185.3432,91.3164,42.6632,-0.1319,-0.2677
1779988772275,2,12.00000018,Upper Delivery,Delivery,pitch.1,438980,-11.5278,-7.7572,67.062,150.9336,41.0545,35.4814,-0.0815,0.2996
1779988772275,2,Pitching Mound.Delivery,,Delivery,pitch.1,437821,8.2238,-24.5874,159.2427,-25.8693,132.3709,67.5096,-0.1107,0.0249
1779988772275,2,Pitching Mound.Drive,,Delivery,pitch.1,438392,0.1219,-0.0901,1.8177,0.7438,-3.0743,-2.2677,0.0,0.0
1779988772275,2,Pitching Mound.Parent,,Delivery,pitch.1,437441,8.3457,-24.6774,161.0604,-25.1255,129.2966,65.2419,-0.1094,0.0246
1779988772276,2,11.0000004b,Drive,Delivery,pitch.1,438393,0.1247,-0.0898,1.6932,0.7259,-2.9278,-2.2996,0.0,0.0
1779988772276,2,12.00000015,Lower Delivery,Delivery,pitch.1,438123,19.6567,-16.1408,91.2995,-183.8264,91.0951,42.2262,-0.1328,-0.268
1779988772276,2,12.00000018,Upper Delivery,Delivery,pitch.1,438981,-11.7098,-7.5493,67.3028,150.7665,40.8758,35.606,-0.0809,0.2982
1779988772276,2,Pitching Mound.Delivery,,Delivery,pitch.1,437822,7.9468,-23.6901,158.6023,-24.901,131.9709,67.1676,-0.1108,0.0237
1779988772276,2,Pitching Mound.Drive,,Delivery,pitch.1,438393,0.1247,-0.0898,1.6932,0.7259,-2.9278,-2.2996,0.0,0.0
1779988772276,2,Pitching Mound.Parent,,Delivery,pitch.1,437442,8.0715,-23.78,160.2955,-24.175,129.0431,64.868,-0.1096,0.0234
1779988772277,2,11.0000004b,Drive,Delivery,pitch.1,438394,0.1286,-0.0942,1.7073,0.7378,-2.9129,-2.2651,0.0,0.0
1779988772277,2,12.00000015,Lower Delivery,Delivery,pitch.1,438124,19.6023,-15.428,90.6707,-182.4016,90.4131,41.7176,-0.1327,-0.2678
1779988772277,2,12.00000018,Upper Delivery,Delivery,pitch.1,438982,-11.886,-7.337,67.3404,150.4006,40.8274,35.7432,-0.0807,0.2973
1779988772277,2,Pitching Mound.Delivery,,Delivery,pitch.1,437823,7.7163,-22.765,158.0111,-24.0687,131.2405,66.7548,-0.1106,0.0232
1779988772277,2,Pitching Mound.Drive,,Delivery,pitch.1,438394,0.1286,-0.0942,1.7073,0.7378,-2.9129,-2.2651,0.0,0.0
1779988772277,2,Pitching Mound.Parent,,Delivery,pitch.1,437443,7.8449,-22.8593,159.7184,-23.331,128.3275,64.4897,-0.1094,0.023
1779988772278,2,11.0000004b,Drive,Delivery,pitch.1,438395,0.1234,-0.0787,1.6528,0.7247,-2.8207,-2.2615,0.0,0.0
1779988772278,2,12.00000015,Lower Delivery,Delivery,pitch.1,438125,19.4629,-14.5906,88.0295,-179.8895,88.652,40.8707,-0.1341,-0.272
1779988772278,2,12.00000018,Upper Delivery,Delivery,pitch.1,438983,-12.0917,-7.1374,67.5317,150.395,40.8254,35.9547,-0.0805,0.2965
1779988772278,2,Pitching Mound.Delivery,,Delivery,pitch.1,437824,7.3713,-21.7279,155.5612,-22.5253,129.4774,66.0969,-0.1108,0.0196
1779988772278,2,Pitching Mound.Drive,,Delivery,pitch.1,438395,0.1234,-0.0787,1.6528,0.7247,-2.8207,-2.2615,0.0,0.0
1779988772278,2,Pitching Mound.Parent,,Delivery,pitch.1,437444,7.4947,-21.8066,157.214,-21.8006,126.6567,63.8354,-0.1096,0.0194
1779988772279,2,11.0000004b,Drive,Delivery,pitch.1,438396,0.1229,-0.0754,1.6992,0.6985,-2.6125,-2.2526,0.0,0.0
1779988772279,2,11.0000004b,Drive,Delivery,pitch.1,438397,0.1139,-0.0611,1.6916,0.7018,-2.5901,-2.2482,0.0,0.0
1779988772279,2,12.00000015,Lower Delivery,Delivery,pitch.1,438126,19.4807,-13.895,85.4973,-177.292,85.5272,40.3859,-0.1332,-0.2761
1779988772279,2,12.00000018,Upper Delivery,Delivery,pitch.1,438984,-12.3345,-6.9701,67.744,150.392,41.2386,36.2122,-0.081,0.2955
1779988772279,2,Pitching Mound.Delivery,,Delivery,pitch.1,437825,7.1462,-20.8651,153.2414,-20.8639,126.7658,65.781,-0.1101,0.016
1779988772279,2,Pitching Mound.Drive,,Delivery,pitch.1,438396,0.1229,-0.0754,1.6992,0.6985,-2.6125,-2.2526,0.0,0.0
1779988772279,2,Pitching Mound.Drive,,Delivery,pitch.1,438397,0.1139,-0.0611,1.6916,0.7018,-2.5901,-2.2482,0.0,0.0
1779988772279,2,Pitching Mound.Parent,,Delivery,pitch.1,437445,7.2691,-20.9405,154.9406,-20.1654,124.1534,63.5284,-0.1089,0.0158
1779988772280,2,12.00000015,Lower Delivery,Delivery,pitch.1,438127,19.3595,-13.1061,84.2663,-177.6518,85.792,39.6562,-0.1355,-0.2807
1779988772280,2,12.00000018,Upper Delivery,Delivery,pitch.1,438985,-12.5391,-6.7235,67.4992,150.2455,40.7739,36.4545,-0.0804,0.2963
1779988772280,2,Pitching Mound.Delivery,,Delivery,pitch.1,437826,6.8204,-19.8295,151.7655,-21.7055,126.5659,65.2652,-0.111,0.0135
1779988772280,2,Pitching Mound.Parent,,Delivery,pitch.1,437446,6.9343,-19.8907,153.4572,-21.0036,123.9758,63.017,-0.1098,0.0134
1779988772281,2,11.0000004b,Drive,Delivery,pitch.1,438399,0.1037,-0.0436,1.5581,0.6765,-2.3664,-2.2302,0.0,0.0
1779988772281,2,11.0000004b,Drive,Delivery,pitch.1,438398,0.1192,-0.0692,1.611,0.689,-2.5257,-2.2352,0.0,0.0
1779988772281,2,12.00000015,Lower Delivery,Delivery,pitch.1,438128,19.3409,-12.4206,82.4332,-175.4291,83.0658,39.1341,-0.1341,-0.2833
1779988772281,2,Pitching Mound.Drive,,Delivery,pitch.1,438399,0.1037,-0.0436,1.5581,0.6765,-2.3664,-2.2302,0.0,0.0
1779988772281,2,Pitching Mound.Drive,,Delivery,pitch.1,438398,0.1192,-0.0692,1.611,0.689,-2.5257,-2.2352,0.0,0.0
1779988772282,2,11.0000004b,Drive,Delivery,pitch.1,438400,0.1005,-0.0534,1.5453,0.6764,-2.356,-2.2127,0.0,0.0
1779988772282,2,12.00000015,Lower Delivery,Delivery,pitch.1,438129,19.1696,-11.8764,81.2611,-173.1167,81.529,38.47,-0.1336,-0.2836
1779988772282,2,12.00000018,Upper Delivery,Delivery,pitch.1,438986,-12.8146,-6.5751,67.8011,150.3071,41.2352,36.8318,-0.081,0.2951
1779988772282,2,Pitching Mound.Delivery,,Delivery,pitch.1,437827,6.5263,-18.9957,150.2343,-20.1471,124.301,65.0331,-0.1101,0.0109
1779988772282,2,Pitching Mound.Drive,,Delivery,pitch.1,438400,0.1005,-0.0534,1.5453,0.6764,-2.356,-2.2127,0.0,0.0
1779988772282,2,Pitching Mound.Parent,,Delivery,pitch.1,437447,6.63,-19.0392,151.7925,-19.4706,121.9345,62.8029,-0.109,0.0107
1779988772283,2,11.0000004b,Drive,Delivery,pitch.1,438401,0.0975,-0.0839,1.5851,0.6927,-2.4227,-2.2528,0.0,0.0
1779988772283,2,12.00000015,Lower Delivery,Delivery,pitch.1,438130,19.1001,-11.1372,80.0782,-171.0477,79.1896,37.8021,-0.1317,-0.2844
1779988772283,2,12.00000018,Upper Delivery,Delivery,pitch.1,438987,-13.0454,-6.3875,67.6799,150.3272,41.3418,37.1886,-0.0813,0.2957
1779988772283,2,Pitching Mound.Delivery,,Delivery,pitch.1,437828,6.1242,-18.2639,148.9409,-18.1719,122.8708,64.7055,-0.1098,0.0106
1779988772283,2,Pitching Mound.Drive,,Delivery,pitch.1,438401,0.0975,-0.0839,1.5851,0.6927,-2.4227,-2.2528,0.0,0.0
1779988772283,2,Pitching Mound.Parent,,Delivery,pitch.1,437448,6.2247,-18.3174,150.4862,-17.4955,120.5149,62.4928,-0.1087,0.0105
1779988772284,2,11.0000004b,Drive,Delivery,pitch.1,438402,0.0903,-0.0669,1.6243,0.682,-2.3813,-2.2769,0.0,0.0
1779988772284,2,12.00000015,Lower Delivery,Delivery,pitch.1,438131,18.745,-10.5585,79.2087,-169.3434,78.3172,37.047,-0.1316,-0.2846
1779988772284,2,12.00000018,Upper Delivery,Delivery,pitch.1,438988,-13.2751,-6.2699,67.5131,150.5054,41.2218,37.5224,-0.0813,0.2968
1779988772284,2,Pitching Mound.Delivery,,Delivery,pitch.1,437829,5.8251,-17.4071,147.5913,-16.2702,120.4114,64.3169,-0.1086,0.0104
1779988772284,2,Pitching Mound.Drive,,Delivery,pitch.1,438402,0.0903,-0.0669,1.6243,0.682,-2.3813,-2.2769,0.0,0.0
1779988772284,2,Pitching Mound.Parent,,Delivery,pitch.1,437449,5.9225,-17.491,149.1764,-15.5775,117.9887,62.0641,-0.1075,0.0103
1779988772285,2,12.00000015,Lower Delivery,Delivery,pitch.1,438132,18.6454,-9.9352,78.5637,-167.2406,77.4337,36.4739,-0.1312,-0.2834
1779988772285,2,12.00000018,Upper Delivery,Delivery,pitch.1,438989,-13.4867,-6.1401,67.4272,150.3592,41.3545,37.8436,-0.0816,0.2969
1779988772285,2,Pitching Mound.Delivery,,Delivery,pitch.1,437830,5.1587,-16.0753,145.991,-13.095,118.7883,63.3926,-0.1083,0.0105
1779988772285,2,Pitching Mound.Parent,,Delivery,pitch.1,437450,5.2491,-16.1422,147.6153,-12.413,116.407,61.1157,-0.1071,0.0104
1779988772286,2,11.0000004b,Drive,Delivery,pitch.1,438403,0.0798,-0.0648,1.6059,0.7217,-2.5756,-2.2801,0.0,0.0
1779988772286,2,11.0000004b,Drive,Delivery,pitch.1,438404,0.0852,-0.0834,1.6292,0.7972,-2.7881,-2.3026,0.0,0.0
1779988772286,2,12.00000015,Lower Delivery,Delivery,pitch.1,438133,18.5869,-9.206,79.2198,-167.5525,76.2903,35.7923,-0.1282,-0.2816
1779988772286,2,12.00000018,Upper Delivery,Delivery,pitch.1,438990,-13.6664,-6.0288,67.165,150.3651,41.3108,38.1985,-0.0819,0.298
1779988772286,2,Pitching Mound.Delivery,,Delivery,pitch.1,437831,4.9204,-15.2348,146.3849,-13.0888,117.6011,63.0247,-0.107,0.0124
1779988772286,2,Pitching Mound.Drive,,Delivery,pitch.1,438403,0.0798,-0.0648,1.6059,0.7217,-2.5756,-2.2801,0.0,0.0
1779988772286,2,Pitching Mound.Drive,,Delivery,pitch.1,438404,0.0852,-0.0834,1.6292,0.7972,-2.7881,-2.3026,0.0,0.0
1779988772286,2,Pitching Mound.Parent,,Delivery,pitch.1,437451,5.0002,-15.2996,147.9908,-12.3671,115.0255,60.7446,-0.1058,0.0122
1779988772287,2,11.0000004b,Drive,Delivery,pitch.1,438405,0.0957,-0.0843,1.6225,0.8148,-2.7778,-2.3061,0.0,0.0
1779988772287,2,12.00000015,Lower Delivery,Delivery,pitch.1,438134,18.5639,-8.6935,78.2786,-163.9671,74.3196,35.2302,-0.1264,-0.2789
1779988772287,2,12.00000018,Upper Delivery,Delivery,pitch.1,438991,-13.8836,-5.9347,67.0453,150.1413,41.2033,38.528,-0.0818,0.2981
1779988772287,2,Pitching Mound.Delivery,,Delivery,pitch.1,437832,4.6803,-14.6282,145.3238,-10.0064,115.5229,62.7261,-0.1058,0.0136
1779988772287,2,Pitching Mound.Drive,,Delivery,pitch.1,438405,0.0957,-0.0843,1.6225,0.8148,-2.7778,-2.3061,0.0,0.0
1779988772287,2,Pitching Mound.Parent,,Delivery,pitch.1,437452,4.7654,-14.7116,146.9531,-9.2093,112.7348,60.4234,-0.1047,0.0135
1779988772288,2,11.0000004b,Drive,Delivery,pitch.1,438406,0.0988,-0.0887,1.6762,0.8288,-2.8926,-2.3013,0.0,0.0
1779988772288,2,12.00000015,Lower Delivery,Delivery,pitch.1,438135,18.5327,-8.1016,77.5371,-160.9604,72.0762,34.8819,-0.1238,-0.2764
1779988772288,2,12.00000018,Upper Delivery,Delivery,pitch.1,438992,-14.0794,-5.8599,66.9112,149.9817,40.9892,38.8907,-0.0816,0.2984
1779988772288,2,Pitching Mound.Delivery,,Delivery,pitch.1,437833,4.4532,-13.9615,144.4483,-7.3659,113.0654,62.6845,-0.1042,0.0149
1779988772288,2,Pitching Mound.Drive,,Delivery,pitch.1,438406,0.0988,-0.0887,1.6762,0.8288,-2.8926,-2.3013,0.0,0.0
1779988772288,2,Pitching Mound.Parent,,Delivery,pitch.1,437453,4.549,-14.0457,146.0708,-6.5511,110.2876,60.3785,-0.103,0.0147
1779988772289,2,11.0000004b,Drive,Delivery,pitch.1,438407,0.0978,-0.0845,1.6473,0.8388,-2.9742,-2.3249,0.0,0.0
1779988772289,2,12.00000015,Lower Delivery,Delivery,pitch.1,438136,18.4781,-7.6613,76.4498,-158.8215,70.4267,34.4034,-0.1226,-0.2766
1779988772289,2,12.00000018,Upper Delivery,Delivery,pitch.1,438993,-14.2556,-5.8304,67.0976,150.5324,41.1498,39.2601,-0.0816,0.2987
1779988772289,2,Pitching Mound.Delivery,,Delivery,pitch.1,437834,4.2225,-13.4917,143.5473,-5.1093,111.5765,62.534,-0.1035,0.0145
1779988772289,2,Pitching Mound.Drive,,Delivery,pitch.1,438407,0.0978,-0.0845,1.6473,0.8388,-2.9742,-2.3249,0.0,0.0
1779988772289,2,Pitching Mound.Parent,,Delivery,pitch.1,437454,4.3213,-13.5803,145.2236,-4.2805,108.6839,60.2327,-0.1023,0.0143
1779988772290,2,11.0000004b,Drive,Delivery,pitch.1,438408,0.0849,-0.0891,1.6177,0.8273,-3.007,-2.2968,0.0,0.0
1779988772290,2,12.00000015,Lower Delivery,Delivery,pitch.1,438137,18.4176,-7.0672,76.3718,-157.6374,68.5045,34.0217,-0.1194,-0.2748
1779988772290,2,12.00000018,Upper Delivery,Delivery,pitch.1,438994,-14.4518,-5.8046,66.7977,150.5708,40.9908,39.5613,-0.0817,0.3001
1779988772290,2,Pitching Mound.Delivery,,Delivery,pitch.1,437835,3.9658,-12.8718,143.1696,-3.8114,109.4953,62.4074,-0.1018,0.0162
1779988772290,2,Pitching Mound.Drive,,Delivery,pitch.1,438408,0.0849,-0.0891,1.6177,0.8273,-3.007,-2.2968,0.0,0.0
1779988772290,2,Pitching Mound.Parent,,Delivery,pitch.1,437455,4.0636,-12.9563,144.8169,-2.9726,106.5211,60.0825,-0.1007,0.016
1779988772291,2,11.0000004b,Drive,Delivery,pitch.1,438409,0.0919,-0.1041,1.7154,0.8691,-3.1071,-2.3324,0.0,0.0
1779988772291,2,12.00000015,Lower Delivery,Delivery,pitch.1,438138,18.4418,-6.4774,76.497,-156.0814,66.8348,33.4978,-0.1163,-0.2716
1779988772291,2,12.00000018,Upper Delivery,Delivery,pitch.1,438995,-14.63,-5.7494,66.3051,150.762,41.0659,39.9446,-0.0825,0.3027
1779988772291,2,Pitching Mound.Delivery,,Delivery,pitch.1,437836,3.8119,-12.2268,142.8021,-1.8542,107.9007,62.1979,-0.1006,0.0193
1779988772291,2,Pitching Mound.Drive,,Delivery,pitch.1,438409,0.0919,-0.1041,1.7154,0.8691,-3.1071,-2.3324,0.0,0.0
1779988772291,2,Pitching Mound.Parent,,Delivery,pitch.1,437456,3.8967,-12.3159,144.4198,-1.0268,104.8937,59.9011,-0.0995,0.0191
1779988772292,2,11.0000004b,Drive,Delivery,pitch.1,438410,0.0843,-0.0872,1.7144,0.8967,-3.0634,-2.3288,0.0,0.0
1779988772292,2,12.00000015,Lower Delivery,Delivery,pitch.1,438139,18.567,-5.9443,76.5233,-155.3347,66.2653,33.3043,-0.1153,-0.2702
1779988772292,2,12.00000018,Upper Delivery,Delivery,pitch.1,438996,-14.8016,-5.6823,66.417,150.9577,41.0722,40.2379,-0.0823,0.3026
1779988772292,2,Pitching Mound.Delivery,,Delivery,pitch.1,437837,3.7655,-11.6266,142.9404,-0.9409,107.3375,62.1969,-0.1,0.02
1779988772292,2,Pitching Mound.Drive,,Delivery,pitch.1,438410,0.0843,-0.0872,1.7144,0.8967,-3.0634,-2.3288,0.0,0.0
1779988772292,2,Pitching Mound.Parent,,Delivery,pitch.1,437457,3.8574,-11.7308,144.6557,-0.0717,104.2303,59.8644,-0.0988,0.0197
1779988772293,2,12.00000015,Lower Delivery,Delivery,pitch.1,438140,18.7171,-5.559,76.5042,-153.8335,65.6,33.159,-0.1142,-0.2677
1779988772293,2,12.00000018,Upper Delivery,Delivery,pitch.1,438997,-15.0052,-5.6506,66.8681,151.6149,41.3691,40.5711,-0.0824,0.3018
1779988772293,2,Pitching Mound.Delivery,,Delivery,pitch.1,437838,3.7118,-11.2095,143.3724,1.0577,106.9692,62.2645,-0.0993,0.0208
1779988772293,2,Pitching Mound.Parent,,Delivery,pitch.1,437458,3.7961,-11.2967,145.0868,1.9544,103.9058,59.9357,-0.0982,0.0205
1779988772294,2,11.0000004b,Drive,Delivery,pitch.1,438411,0.0873,-0.0807,1.7264,0.8234,-2.8901,-2.3194,0.0,0.0
1779988772294,2,11.0000004b,Drive,Delivery,pitch.1,438412,0.0926,-0.0739,1.6486,0.8466,-2.8813,-2.3125,0.0,0.0
1779988772294,2,12.00000015,Lower Delivery,Delivery,pitch.1,438141,18.7968,-5.0931,76.0103,-150.9076,63.8097,32.8917,-0.1118,-0.2643
1779988772294,2,12.00000018,Upper Delivery,Delivery,pitch.1,438998,-15.182,-5.586,66.811,151.6275,41.3148,40.8699,-0.0823,0.3021
1779988772294,2,Pitching Mound.Delivery,,Delivery,pitch.1,437839,3.6149,-10.6791,142.8213,3.8476,105.1246,62.2088,-0.098,0.0226
1779988772294,2,Pitching Mound.Drive,,Delivery,pitch.1,438411,0.0873,-0.0807,1.7264,0.8234,-2.8901,-2.3194,0.0,0.0
1779988772294,2,Pitching Mound.Drive,,Delivery,pitch.1,438412,0.0926,-0.0739,1.6486,0.8466,-2.8813,-2.3125,0.0,0.0
1779988772294,2,Pitching Mound.Parent,,Delivery,pitch.1,437459,3.7022,-10.7598,144.5477,4.671,102.2344,59.8894,-0.0968,0.0223
1779988772295,2,11.0000004b,Drive,Delivery,pitch.1,438413,0.0908,-0.083,1.6218,0.8469,-2.9614,-2.3026,0.0,0.0
1779988772295,2,12.00000015,Lower Delivery,Delivery,pitch.1,438142,18.7256,-4.6111,75.5048,-150.4354,63.371,32.6692,-0.1117,-0.2652
1779988772295,2,12.00000018,Upper Delivery,Delivery,pitch.1,438999,-15.3549,-5.5126,66.8871,151.7973,41.345,41.1194,-0.0823,0.3021
1779988772295,2,Pitching Mound.Delivery,,Delivery,pitch.1,437840,3.3707,-10.1237,142.3919,4.2919,104.716,62.2012,-0.0979,0.0219
1779988772295,2,Pitching Mound.Drive,,Delivery,pitch.1,438413,0.0908,-0.083,1.6218,0.8469,-2.9614,-2.3026,0.0,0.0
1779988772295,2,Pitching Mound.Parent,,Delivery,pitch.1,437460,3.4633,-10.1976,144.0406,5.1385,101.8347,59.8887,-0.0968,0.0216
1779988772296,2,11.0000004b,Drive,Delivery,pitch.1,438414,0.0956,-0.0816,1.5795,0.8196,-2.8883,-2.321,0.0,0.0
1779988772296,2,12.00000015,Lower Delivery,Delivery,pitch.1,438143,18.8467,-4.1575,74.711,-148.8216,61.9565,32.2612,-0.1104,-0.2652
1779988772296,2,12.00000018,Upper Delivery,Delivery,pitch.1,439000,-15.4848,-5.4406,66.8247,151.8328,41.1722,41.4208,-0.082,0.3025
1779988772296,2,Pitching Mound.Delivery,,Delivery,pitch.1,437841,3.3619,-9.5981,141.5357,5.6925,103.1287,62.0092,-0.097,0.0218
1779988772296,2,Pitching Mound.Drive,,Delivery,pitch.1,438414,0.0956,-0.0816,1.5795,0.8196,-2.8883,-2.321,0.0,0.0
1779988772296,2,Pitching Mound.Parent,,Delivery,pitch.1,437461,3.4528,-9.6811,143.1575,6.5393,100.1673,59.7067,-0.0959,0.0215
1779988772297,2,11.0000004b,Drive,Delivery,pitch.1,438415,0.0913,-0.0768,1.5502,0.7859,-2.8626,-2.3272,0.0,0.0
1779988772297,2,12.00000015,Lower Delivery,Delivery,pitch.1,438144,18.785,-3.6304,74.1914,-149.3493,63.0126,32.122,-0.1131,-0.268
1779988772297,2,12.00000018,Upper Delivery,Delivery,pitch.1,439001,-15.6517,-5.3746,66.7923,151.7223,41.1392,41.6755,-0.082,0.3024
1779988772297,2,Pitching Mound.Delivery,,Delivery,pitch.1,437842,3.1333,-9.0049,140.9837,4.8886,104.1518,62.089,-0.0983,0.0201
1779988772297,2,Pitching Mound.Drive,,Delivery,pitch.1,438415,0.0913,-0.0768,1.5502,0.7859,-2.8626,-2.3272,0.0,0.0
1779988772297,2,Pitching Mound.Parent,,Delivery,pitch.1,437462,3.2289,-9.0865,142.5632,5.7083,101.2635,59.7679,-0.0973,0.0199
1779988772298,2,11.0000004b,Drive,Delivery,pitch.1,438416,0.0987,-0.0779,1.4661,0.7816,-2.741,-2.334,0.0,0.0
1779988772298,2,12.00000015,Lower Delivery,Delivery,pitch.1,438145,18.8842,-3.338,72.8942,-147.0583,60.9705,31.5106,-0.1114,-0.2686
1779988772298,2,12.00000018,Upper Delivery,Delivery,pitch.1,439002,-15.7983,-5.3,66.8558,151.7668,41.0916,41.9951,-0.0818,0.3022
1779988772298,2,Pitching Mound.Delivery,,Delivery,pitch.1,437843,3.086,-8.6379,139.75,6.7615,102.0621,61.7136,-0.0972,0.0192
1779988772298,2,Pitching Mound.Drive,,Delivery,pitch.1,438416,0.0987,-0.0779,1.4661,0.7816,-2.741,-2.334,0.0,0.0
1779988772298,2,Pitching Mound.Parent,,Delivery,pitch.1,437463,3.1773,-8.7147,141.3002,7.5474,99.1995,59.3865,-0.0962,0.019
1779988772299,2,11.0000004b,Drive,Delivery,pitch.1,438417,0.0942,-0.0675,1.4287,0.7552,-2.5625,-2.3013,0.0,0.0
1779988772299,2,12.00000015,Lower Delivery,Delivery,pitch.1,438146,18.7812,-2.9763,72.2652,-147.7158,61.0805,30.9545,-0.1125,-0.2721
1779988772299,2,12.00000018,Upper Delivery,Delivery,pitch.1,439003,-15.9256,-5.2602,67.0157,152.2115,41.0941,42.3685,-0.0816,0.3024
1779988772299,2,Pitching Mound.Delivery,,Delivery,pitch.1,437844,2.8556,-8.2364,139.2809,6.2806,102.1746,61.5227,-0.0977,0.0171
1779988772299,2,Pitching Mound.Drive,,Delivery,pitch.1,438417,0.0942,-0.0675,1.4287,0.7552,-2.5625,-2.3013,0.0,0.0
1779988772299,2,Pitching Mound.Parent,,Delivery,pitch.1,437464,2.9543,-8.3144,140.747,7.0622,99.4337,59.1887,-0.0966,0.0169
1779988772300,2,12.00000015,Lower Delivery,Delivery,pitch.1,438147,18.7833,-2.6589,71.8515,-146.7409,60.8627,30.7425,-0.1128,-0.2719
1779988772300,2,12.00000018,Upper Delivery,Delivery,pitch.1,439004,-16.1015,-5.2254,67.0096,151.7544,40.7015,42.7143,-0.0809,0.3015
1779988772300,2,Pitching Mound.Delivery,,Delivery,pitch.1,437845,2.6819,-7.8843,138.861,6.6597,101.5642,61.5959,-0.0974,0.0167
1779988772300,2,Pitching Mound.Parent,,Delivery,pitch.1,437465,2.7761,-7.9518,140.2897,7.4149,99.0017,59.2946,-0.0964,0.0165
1779988772301,2,11.0000004b,Drive,Delivery,pitch.1,438418,0.1021,-0.0463,1.4244,0.7518,-2.4479,-2.3216,0.0,0.0
1779988772301,2,12.00000015,Lower Delivery,Delivery,pitch.1,438148,18.8384,-2.348,71.2359,-146.0151,61.072,30.5389,-0.1141,-0.2729
1779988772301,2,12.00000018,Upper Delivery,Delivery,pitch.1,439005,-16.2486,-5.1732,67.0048,151.3856,40.3828,43.1082,-0.0802,0.3008
1779988772301,2,Pitching Mound.Delivery,,Delivery,pitch.1,437846,2.5897,-7.5212,138.2407,6.809,101.4548,61.7176,-0.0977,0.0156
1779988772301,2,Pitching Mound.Drive,,Delivery,pitch.1,438418,0.1021,-0.0463,1.4244,0.7518,-2.4479,-2.3216,0.0,0.0
1779988772301,2,Pitching Mound.Parent,,Delivery,pitch.1,437466,2.6918,-7.5675,139.6651,7.5608,99.0069,59.396,-0.0967,0.0154
1779988772302,2,11.0000004b,Drive,Delivery,pitch.1,438419,0.0935,-0.0532,1.4165,0.7311,-2.3935,-2.3103,0.0,0.0
1779988772302,2,12.00000015,Lower Delivery,Delivery,pitch.1,438149,18.9323,-2.0499,71.372,-145.2082,60.8495,30.2481,-0.1135,-0.2709
1779988772302,2,12.00000018,Upper Delivery,Delivery,pitch.1,439006,-16.4304,-5.1255,67.1681,151.5833,40.4022,43.4954,-0.0801,0.3004
1779988772302,2,Pitching Mound.Delivery,,Delivery,pitch.1,437847,2.5019,-7.1754,138.5401,7.8044,101.2517,61.7202,-0.0973,0.0164
1779988772302,2,Pitching Mound.Drive,,Delivery,pitch.1,438419,0.0935,-0.0532,1.4165,0.7311,-2.3935,-2.3103,0.0,0.0
1779988772302,2,Pitching Mound.Parent,,Delivery,pitch.1,437467,2.5954,-7.2286,139.9566,8.5356,98.8581,59.4099,-0.0963,0.0163
1779988772303,2,11.0000004b,Drive,Delivery,pitch.1,438420,0.1049,-0.0334,1.4095,0.6778,-2.2536,-2.2454,0.0,0.0
1779988772303,2,12.00000015,Lower Delivery,Delivery,pitch.1,438150,18.8178,-1.7198,71.087,-145.5318,60.8311,29.9667,-0.1139,-0.2725
1779988772303,2,12.00000018,Upper Delivery,Delivery,pitch.1,439007,-16.6194,-5.1089,67.2399,151.5201,40.1811,43.9467,-0.0796,0.3
1779988772303,2,Pitching Mound.Delivery,,Delivery,pitch.1,437848,2.1985,-6.8287,138.3269,7.2963,101.0122,61.8647,-0.0972,0.0152
1779988772303,2,Pitching Mound.Drive,,Delivery,pitch.1,438420,0.1049,-0.0334,1.4095,0.6778,-2.2536,-2.2454,0.0,0.0
1779988772303,2,Pitching Mound.Parent,,Delivery,pitch.1,437468,2.3034,-6.8621,139.7364,7.9741,98.7586,59.6193,-0.0962,0.0151
1779988772304,2,11.0000004b,Drive,Delivery,pitch.1,438422,0.1122,-0.0566,1.3547,0.6803,-2.2805,-2.2466,0.0,0.0
1779988772304,2,11.0000004b,Drive,Delivery,pitch.1,438421,0.1039,-0.0504,1.4073,0.6785,-2.3111,-2.2624,0.0,0.0
1779988772304,2,12.00000015,Lower Delivery,Delivery,pitch.1,438151,18.8584,-1.4968,71.1031,-145.6303,60.8026,29.8389,-0.1138,-0.2727
1779988772304,2,12.00000018,Upper Delivery,Delivery,pitch.1,439008,-16.8177,-5.0654,66.9264,150.5023,39.6357,44.3993,-0.0788,0.2994
1779988772304,2,Pitching Mound.Delivery,,Delivery,pitch.1,437849,2.0407,-6.5622,138.0295,6.2921,100.4383,62.1083,-0.0969,0.015
1779988772304,2,Pitching Mound.Drive,,Delivery,pitch.1,438422,0.1122,-0.0566,1.3547,0.6803,-2.2805,-2.2466,0.0,0.0
1779988772304,2,Pitching Mound.Drive,,Delivery,pitch.1,438421,0.1039,-0.0504,1.4073,0.6785,-2.3111,-2.2624,0.0,0.0
1779988772304,2,Pitching Mound.Parent,,Delivery,pitch.1,437469,2.1446,-6.6126,139.4368,6.9705,98.1272,59.8459,-0.0959,0.0148
1779988772305,2,12.00000015,Lower Delivery,Delivery,pitch.1,438152,18.9273,-1.291,70.7047,-143.4362,59.6077,29.6697,-0.1122,-0.2701
1779988772305,2,12.00000018,Upper Delivery,Delivery,pitch.1,439009,-17.0156,-5.0613,67.1482,150.5983,39.619,44.8339,-0.0785,0.2986
1779988772305,2,Pitching Mound.Delivery,,Delivery,pitch.1,437850,1.9117,-6.3523,137.853,8.3712,99.2267,62.283,-0.0958,0.0157
1779988772305,2,Pitching Mound.Parent,,Delivery,pitch.1,437470,2.0239,-6.4089,139.2077,9.0515,96.9462,60.0365,-0.0949,0.0155
1779988772306,2,11.0000004b,Drive,Delivery,pitch.1,438423,0.1141,-0.0361,1.3454,0.6772,-2.1772,-2.2196,0.0,0.0
1779988772306,2,12.00000015,Lower Delivery,Delivery,pitch.1,438153,18.9543,-1.0952,70.5306,-142.6181,59.3172,29.6256,-0.112,-0.2692
1779988772306,2,12.00000018,Upper Delivery,Delivery,pitch.1,439010,-17.2154,-5.084,67.3505,150.8422,39.6209,45.2747,-0.0783,0.2982
1779988772306,2,Pitching Mound.Delivery,,Delivery,pitch.1,437851,1.7389,-6.1792,137.8811,9.3053,98.9381,62.6026,-0.0955,0.0158
1779988772306,2,Pitching Mound.Drive,,Delivery,pitch.1,438423,0.1141,-0.0361,1.3454,0.6772,-2.1772,-2.2196,0.0,0.0
1779988772306,2,Pitching Mound.Parent,,Delivery,pitch.1,437471,1.853,-6.2154,139.2265,9.9825,96.7609,60.3831,-0.0946,0.0156
1779988772307,2,11.0000004b,Drive,Delivery,pitch.1,438424,0.1037,-0.0304,1.3011,0.6466,-2.1671,-2.2129,0.0,0.0
1779988772307,2,12.00000015,Lower Delivery,Delivery,pitch.1,438154,19.0477,-0.8819,70.6971,-142.4194,59.4499,29.5705,-0.1119,-0.2682
1779988772307,2,12.00000018,Upper Delivery,Delivery,pitch.1,439011,-17.4019,-5.1327,67.4155,150.243,39.5395,45.6696,-0.0781,0.2967
1779988772307,2,Pitching Mound.Delivery,,Delivery,pitch.1,437852,1.6459,-6.0145,138.1126,8.9393,98.9894,62.8472,-0.0954,0.0156
1779988772307,2,Pitching Mound.Drive,,Delivery,pitch.1,438424,0.1037,-0.0304,1.3011,0.6466,-2.1671,-2.2129,0.0,0.0
1779988772307,2,Pitching Mound.Parent,,Delivery,pitch.1,437472,1.7496,-6.045,139.4138,9.586,96.8224,60.6343,-0.0945,0.0155
1779988772308,2,11.0000004b,Drive,Delivery,pitch.1,438425,0.1052,-0.0192,1.2878,0.6668,-2.1541,-2.2252,0.0,0.0
1779988772308,2,11.0000004b,Drive,Delivery,pitch.1,438426,0.091,-0.0262,1.3263,0.6723,-2.1894,-2.2288,0.0,0.0
1779988772308,2,12.00000015,Lower Delivery,Delivery,pitch.1,438155,19.0239,-0.7373,70.4444,-141.8683,59.1556,29.5731,-0.1118,-0.2681
1779988772308,2,12.00000018,Upper Delivery,Delivery,pitch.1,439012,-17.5875,-5.195,67.8506,151.4309,39.8023,46.0522,-0.0781,0.2971
1779988772308,2,Pitching Mound.Delivery,,Delivery,pitch.1,437853,1.4364,-5.9323,138.2949,10.4445,98.9579,63.1775,-0.0953,0.0156
1779988772308,2,Pitching Mound.Drive,,Delivery,pitch.1,438425,0.1052,-0.0192,1.2878,0.6668,-2.1541,-2.2252,0.0,0.0
1779988772308,2,Pitching Mound.Drive,,Delivery,pitch.1,438426,0.091,-0.0262,1.3263,0.6723,-2.1894,-2.2288,0.0,0.0
1779988772308,2,Pitching Mound.Parent,,Delivery,pitch.1,437473,1.5416,-5.9515,139.5828,11.1113,96.8038,60.9522,-0.0944,0.0154
1779988772309,2,12.00000015,Lower Delivery,Delivery,pitch.1,438156,18.9836,-0.5962,70.1426,-141.2399,58.8434,29.461,-0.1117,-0.2681
1779988772309,2,12.00000018,Upper Delivery,Delivery,pitch.1,439013,-17.7863,-5.2446,67.7012,150.9772,39.6522,46.3678,-0.078,0.2969
1779988772309,2,Pitching Mound.Delivery,,Delivery,pitch.1,437854,1.1973,-5.8408,137.8438,10.5674,98.4956,63.327,-0.0951,0.0154
1779988772309,2,Pitching Mound.Parent,,Delivery,pitch.1,437474,1.2883,-5.867,139.1701,11.2396,96.3062,61.0982,-0.0942,0.0153
1779988772310,2,11.0000004b,Drive,Delivery,pitch.1,438427,0.1002,-0.0354,1.3152,0.7174,-2.1458,-2.2284,0.0,0.0
1779988772310,2,12.00000015,Lower Delivery,Delivery,pitch.1,438157,19.008,-0.462,70.0165,-140.4081,58.4406,29.3637,-0.1111,-0.267
1779988772310,2,12.00000018,Upper Delivery,Delivery,pitch.1,439014,-17.9345,-5.2876,67.5495,150.7466,39.4143,46.6744,-0.0777,0.2971
1779988772310,2,Pitching Mound.Delivery,,Delivery,pitch.1,437855,1.0735,-5.7496,137.566,11.1772,97.855,63.4777,-0.0947,0.0161
1779988772310,2,Pitching Mound.Drive,,Delivery,pitch.1,438427,0.1002,-0.0354,1.3152,0.7174,-2.1458,-2.2284,0.0,0.0
1779988772310,2,Pitching Mound.Parent,,Delivery,pitch.1,437475,1.1736,-5.7849,138.8812,11.8946,95.7092,61.2492,-0.0938,0.0159
1779988772311,2,11.0000004b,Drive,Delivery,pitch.1,438428,0.0926,-0.0179,1.3323,0.7056,-2.0373,-2.2331,0.0,0.0
1779988772311,2,11.0000004b,Drive,Delivery,pitch.1,438429,0.0933,-0.0355,1.3226,0.7405,-2.0874,-2.2075,0.0,0.0
1779988772311,2,12.00000015,Lower Delivery,Delivery,pitch.1,438158,19.0138,-0.3373,69.8904,-139.5172,57.9611,29.2891,-0.1104,-0.2658
1779988772311,2,12.00000018,Upper Delivery,Delivery,pitch.1,439015,-18.1066,-5.3469,67.492,150.8952,39.1935,46.9383,-0.0773,0.2976
1779988772311,2,Pitching Mound.Delivery,,Delivery,pitch.1,437856,0.9071,-5.6842,137.3824,12.1935,97.1546,63.6064,-0.0941,0.017
1779988772311,2,Pitching Mound.Drive,,Delivery,pitch.1,438428,0.0926,-0.0179,1.3323,0.7056,-2.0373,-2.2331,0.0,0.0
1779988772311,2,Pitching Mound.Drive,,Delivery,pitch.1,438429,0.0933,-0.0355,1.3226,0.7405,-2.0874,-2.2075,0.0,0.0
1779988772311,2,Pitching Mound.Parent,,Delivery,pitch.1,437476,0.9997,-5.7021,138.7147,12.8992,95.1174,61.3733,-0.0932,0.0168
1779988772312,2,12.00000015,Lower Delivery,Delivery,pitch.1,438159,18.9674,-0.2225,69.8448,-138.8544,57.6878,29.1686,-0.11,-0.2647
1779988772312,2,12.00000018,Upper Delivery,Delivery,pitch.1,439016,-18.2643,-5.3925,67.2642,150.4957,38.8923,47.1471,-0.077,0.2979
1779988772312,2,Pitching Mound.Delivery,,Delivery,pitch.1,437857,0.703,-5.6151,137.109,12.5188,96.5801,63.6569,-0.0938,0.0177
1779988772312,2,Pitching Mound.Parent,,Delivery,pitch.1,437477,0.7964,-5.6506,138.4315,13.2593,94.4927,61.4494,-0.0929,0.0175
1779988772313,2,11.0000004b,Drive,Delivery,pitch.1,438431,0.0786,-0.0344,1.3507,0.7768,-2.0125,-2.2408,0.0,0.0
1779988772313,2,11.0000004b,Drive,Delivery,pitch.1,438430,0.0907,-0.0194,1.3399,0.7003,-2.1862,-2.267,0.0,0.0
1779988772313,2,12.00000015,Lower Delivery,Delivery,pitch.1,438160,18.9789,-0.1521,69.8427,-138.0971,57.3677,29.0611,-0.1093,-0.2632
1779988772313,2,12.00000018,Upper Delivery,Delivery,pitch.1,439017,-18.3747,-5.4341,67.1717,150.822,38.6481,47.4548,-0.0766,0.2989
1779988772313,2,Pitching Mound.Delivery,,Delivery,pitch.1,437858,0.6042,-5.5862,137.0144,13.633,96.0158,63.8156,-0.0933,0.019
1779988772313,2,Pitching Mound.Drive,,Delivery,pitch.1,438431,0.0786,-0.0344,1.3507,0.7768,-2.0125,-2.2408,0.0,0.0
1779988772313,2,Pitching Mound.Drive,,Delivery,pitch.1,438430,0.0907,-0.0194,1.3399,0.7003,-2.1862,-2.267,0.0,0.0
1779988772313,2,Pitching Mound.Parent,,Delivery,pitch.1,437478,0.6949,-5.6056,138.3543,14.3333,93.8296,61.5486,-0.0924,0.0188
1779988772314,2,11.0000004b,Drive,Delivery,pitch.1,438432,0.0598,-0.0125,1.3263,0.7596,-1.9404,-2.2425,0.0,0.0
1779988772314,2,12.00000015,Lower Delivery,Delivery,pitch.1,438161,18.9856,-0.0672,69.9104,-137.4599,57.2787,28.918,-0.1091,-0.2618
1779988772314,2,12.00000018,Upper Delivery,Delivery,pitch.1,439018,-18.4812,-5.4967,66.953,150.335,38.5123,47.6785,-0.0766,0.2989
1779988772314,2,Pitching Mound.Delivery,,Delivery,pitch.1,437859,0.5044,-5.564,136.8634,13.8806,95.791,63.8578,-0.0932,0.0199
1779988772314,2,Pitching Mound.Drive,,Delivery,pitch.1,438432,0.0598,-0.0125,1.3263,0.7596,-1.9404,-2.2425,0.0,0.0
1779988772314,2,Pitching Mound.Parent,,Delivery,pitch.1,437479,0.5829,-5.5983,138.2141,14.6574,93.7785,61.617,-0.0923,0.0197
1779988772315,2,11.0000004b,Drive,Delivery,pitch.1,438433,0.0628,-0.0206,1.3754,0.7793,-2.0383,-2.2633,0.0,0.0
1779988772315,2,12.00000015,Lower Delivery,Delivery,pitch.1,438162,18.9502,-0.0283,69.8479,-136.714,56.9073,28.7422,-0.1085,-0.2606
1779988772315,2,12.00000018,Upper Delivery,Delivery,pitch.1,439019,-18.6037,-5.5307,66.9382,149.7427,38.3363,47.7918,-0.0762,0.2978
1779988772315,2,Pitching Mound.Delivery,,Delivery,pitch.1,437860,0.3465,-5.559,136.7861,14.018,95.2436,63.7656,-0.0927,0.0199
1779988772315,2,Pitching Mound.Drive,,Delivery,pitch.1,438433,0.0628,-0.0206,1.3754,0.7793,-2.0383,-2.2633,0.0,0.0
1779988772315,2,Pitching Mound.Parent,,Delivery,pitch.1,437480,0.4063,-5.5715,138.1125,14.7775,93.3033,61.5231,-0.0918,0.0197
1779988772316,2,11.0000004b,Drive,Delivery,pitch.1,438434,0.0526,-0.0181,1.4492,0.7177,-2.1145,-2.2955,0.0,0.0
1779988772316,2,12.00000015,Lower Delivery,Delivery,pitch.1,438163,18.9591,-0.0016,69.9209,-136.1824,56.7061,28.5528,-0.108,-0.2593
1779988772316,2,12.00000018,Upper Delivery,Delivery,pitch.1,439020,-18.6752,-5.5732,66.8091,149.4803,38.1586,47.98,-0.076,0.2979
1779988772316,2,Pitching Mound.Delivery,,Delivery,pitch.1,437861,0.284,-5.5748,136.73,14.3559,94.8647,63.7371,-0.0924,0.0207
1779988772316,2,Pitching Mound.Drive,,Delivery,pitch.1,438434,0.0526,-0.0181,1.4492,0.7177,-2.1145,-2.2955,0.0,0.0
1779988772316,2,Pitching Mound.Parent,,Delivery,pitch.1,437481,0.3468,-5.5954,138.1054,15.1352,92.8264,61.4738,-0.0914,0.0205
1779988772317,2,11.0000004b,Drive,Delivery,pitch.1,438435,0.0464,-0.0255,1.4751,0.6971,-2.1409,-2.2586,0.0,0.0
1779988772317,2,12.00000015,Lower Delivery,Delivery,pitch.1,438164,18.8971,-0.0061,69.7751,-135.6412,56.4148,28.4891,-0.1076,-0.2588
1779988772317,2,12.00000018,Upper Delivery,Delivery,pitch.1,439021,-18.6993,-5.5646,66.6179,149.0917,37.7778,48.1398,-0.0755,0.2979
1779988772317,2,Pitching Mound.Delivery,,Delivery,pitch.1,437862,0.1979,-5.5707,136.393,14.524,94.1926,63.8461,-0.0919,0.021
1779988772317,2,Pitching Mound.Drive,,Delivery,pitch.1,438435,0.0464,-0.0255,1.4751,0.6971,-2.1409,-2.2586,0.0,0.0
1779988772317,2,Pitching Mound.Parent,,Delivery,pitch.1,437482,0.2505,-5.5889,137.8421,15.2417,92.0781,61.5506,-0.091,0.0208
1779988772318,2,11.0000004b,Drive,Delivery,pitch.1,438436,0.0386,-0.0216,1.472,0.6804,-2.0519,-2.2283,0.0,0.0
1779988772318,2,12.00000015,Lower Delivery,Delivery,pitch.1,438165,18.8274,-0.0006,69.6847,-135.2907,56.3571,28.3369,-0.1077,-0.2585
1779988772318,2,12.00000018,Upper Delivery,Delivery,pitch.1,439022,-18.7356,-5.5712,66.6882,149.046,37.6595,48.3462,-0.0752,0.2975
1779988772318,2,Pitching Mound.Delivery,,Delivery,pitch.1,437863,0.0917,-5.5719,136.3729,14.7741,94.0166,63.9117,-0.0918,0.0209
1779988772318,2,Pitching Mound.Drive,,Delivery,pitch.1,438436,0.0386,-0.0216,1.472,0.6804,-2.0519,-2.2283,0.0,0.0
1779988772318,2,Pitching Mound.Parent,,Delivery,pitch.1,437483,0.1382,-5.5974,137.848,15.4712,91.8757,61.6531,-0.0908,0.0207
1779988772319,2,11.0000004b,Drive,Delivery,pitch.1,438437,0.0412,-0.016,1.454,0.6471,-1.9686,-2.2379,0.0,0.0
1779988772319,2,12.00000015,Lower Delivery,Delivery,pitch.1,438166,18.8282,0.002,69.635,-134.8017,56.195,28.2317,-0.1074,-0.2577
1779988772319,2,12.00000018,Upper Delivery,Delivery,pitch.1,439023,-18.745,-5.5951,66.6539,149.0742,37.5494,48.5426,-0.075,0.2977
1779988772319,2,Pitching Mound.Delivery,,Delivery,pitch.1,437864,0.0832,-5.5931,136.289,15.286,93.7443,63.9994,-0.0916,0.0214
1779988772319,2,Pitching Mound.Drive,,Delivery,pitch.1,438437,0.0412,-0.016,1.454,0.6471,-1.9686,-2.2379,0.0,0.0
1779988772319,2,Pitching Mound.Parent,,Delivery,pitch.1,437484,0.1218,-5.6147,137.761,15.9664,91.6924,61.7712,-0.0906,0.0211
1779988772320,2,11.0000004b,Drive,Delivery,pitch.1,438438,0.0495,-0.0206,1.4511,0.6648,-2.0425,-2.2656,0.0,0.0
1779988772320,2,12.00000015,Lower Delivery,Delivery,pitch.1,438167,18.8309,-0.0074,69.4578,-134.3667,55.9712,28.0883,-0.1073,-0.2575
1779988772320,2,12.00000018,Upper Delivery,Delivery,pitch.1,439024,-18.7208,-5.6169,66.5269,148.8339,37.2441,48.7636,-0.0745,0.2978
1779988772320,2,Pitching Mound.Delivery,,Delivery,pitch.1,437865,0.1101,-5.6243,135.9848,15.4637,93.2153,64.0844,-0.0913,0.0215
1779988772320,2,Pitching Mound.Drive,,Delivery,pitch.1,438438,0.0495,-0.0206,1.4511,0.6648,-2.0425,-2.2656,0.0,0.0
1779988772320,2,Pitching Mound.Parent,,Delivery,pitch.1,437485,0.1513,-5.6403,137.4388,16.1108,91.2467,61.8464,-0.0903,0.0213
1779988772321,2,11.0000004b,Drive,Delivery,pitch.1,438439,0.0486,-0.0242,1.5107,0.6763,-2.2264,-2.2781,0.0,0.0
1779988772321,2,12.00000015,Lower Delivery,Delivery,pitch.1,438168,18.7394,-0.0118,69.0859,-133.9384,55.7253,28.0477,-0.1074,-0.2581
1779988772321,2,12.00000018,Upper Delivery,Delivery,pitch.1,439025,-18.7424,-5.6402,66.4227,148.2,37.1658,48.9406,-0.0745,0.297
1779988772321,2,Pitching Mound.Delivery,,Delivery,pitch.1,437866,-0.0031,-5.652,135.5086,15.1671,92.8911,64.2445,-0.0913,0.0207
1779988772321,2,Pitching Mound.Drive,,Delivery,pitch.1,438439,0.0486,-0.0242,1.5107,0.6763,-2.2264,-2.2781,0.0,0.0
1779988772321,2,Pitching Mound.Parent,,Delivery,pitch.1,437486,0.0464,-5.6726,136.9597,15.8319,90.8486,61.9789,-0.0903,0.0205
1779988772322,2,11.0000004b,Drive,Delivery,pitch.1,438440,0.0487,-0.0211,1.5241,0.6561,-2.1685,-2.259,0.0,0.0
1779988772322,2,12.00000015,Lower Delivery,Delivery,pitch.1,438169,18.6717,-0.0089,68.9802,-133.8735,55.6057,27.9497,-0.1073,-0.2584
1779988772322,2,12.00000018,Upper Delivery,Delivery,pitch.1,439026,-18.7237,-5.6737,66.1595,147.9011,37.0564,49.2147,-0.0746,0.2976
1779988772322,2,Pitching Mound.Delivery,,Delivery,pitch.1,437867,-0.052,-5.6826,135.1397,14.9866,92.662,64.45,-0.0913,0.0209
1779988772322,2,Pitching Mound.Drive,,Delivery,pitch.1,438440,0.0487,-0.0211,1.5241,0.6561,-2.1685,-2.259,0.0,0.0
1779988772322,2,Pitching Mound.Parent,,Delivery,pitch.1,437487,-0.0034,-5.7068,136.6504,15.6629,90.4356,62.1719,-0.0903,0.0207
1779988772323,2,11.0000004b,Drive,Delivery,pitch.1,438441,0.0511,-0.0291,1.5598,0.6782,-2.2759,-2.2895,0.0,0.0
1779988772323,2,12.00000015,Lower Delivery,Delivery,pitch.1,438170,18.6477,-0.0399,68.6524,-133.5338,55.463,27.8598,-0.1076,-0.2589
1779988772323,2,12.00000018,Upper Delivery,Delivery,pitch.1,439027,-18.7296,-5.6971,66.0836,147.595,36.9566,49.4569,-0.0745,0.2973
1779988772323,2,Pitching Mound.Delivery,,Delivery,pitch.1,437868,-0.0819,-5.7371,134.736,14.9345,92.4197,64.6084,-0.0913,0.0204
1779988772323,2,Pitching Mound.Drive,,Delivery,pitch.1,438441,0.0511,-0.0291,1.5598,0.6782,-2.2759,-2.2895,0.0,0.0
1779988772323,2,Pitching Mound.Parent,,Delivery,pitch.1,437488,-0.0332,-5.7581,136.2601,15.5906,90.2512,62.3494,-0.0903,0.0201
1779988772324,2,11.0000004b,Drive,Delivery,pitch.1,438442,0.063,-0.0249,1.5478,0.6772,-2.2671,-2.2711,0.0,0.0
1779988772324,2,12.00000015,Lower Delivery,Delivery,pitch.1,438171,18.5921,-0.0315,68.4683,-133.5484,55.5227,27.7829,-0.108,-0.2597
1779988772324,2,12.00000018,Upper Delivery,Delivery,pitch.1,439028,-18.7446,-5.7243,65.9939,147.5355,36.7664,49.6876,-0.0742,0.2976
1779988772324,2,Pitching Mound.Delivery,,Delivery,pitch.1,437869,-0.1525,-5.7558,134.4622,14.8284,92.2891,64.7761,-0.0914,0.0201
1779988772324,2,Pitching Mound.Drive,,Delivery,pitch.1,438442,0.063,-0.0249,1.5478,0.6772,-2.2671,-2.2711,0.0,0.0
1779988772324,2,Pitching Mound.Parent,,Delivery,pitch.1,437489,-0.1014,-5.7849,136.022,15.5066,90.0132,62.4866,-0.0903,0.0199
1779988772325,2,11.0000004b,Drive,Delivery,pitch.1,438443,0.0739,-0.0343,1.5488,0.6867,-2.3889,-2.3042,0.0,0.0
1779988772325,2,12.00000015,Lower Delivery,Delivery,pitch.1,438172,18.5199,-0.0411,68.1945,-133.4781,55.3889,27.706,-0.1081,-0.2606
1779988772325,2,12.00000018,Upper Delivery,Delivery,pitch.1,439029,-18.7831,-5.7616,65.9951,147.6788,36.3348,49.9752,-0.0733,0.2979
1779988772325,2,Pitching Mound.Delivery,,Delivery,pitch.1,437870,-0.2632,-5.8027,134.1896,14.9485,91.7237,64.9981,-0.091,0.0197
1779988772325,2,Pitching Mound.Drive,,Delivery,pitch.1,438443,0.0739,-0.0343,1.5488,0.6867,-2.3889,-2.3042,0.0,0.0
1779988772325,2,Pitching Mound.Parent,,Delivery,pitch.1,437490,-0.2002,-5.8276,135.7374,15.6257,89.4566,62.727,-0.09,0.0194
1779988772326,2,11.0000004b,Drive,Delivery,pitch.1,438444,0.0814,-0.0242,1.5401,0.6736,-2.332,-2.3096,0.0,0.0
1779988772326,2,12.00000015,Lower Delivery,Delivery,pitch.1,438173,18.4631,-0.0255,67.9482,-133.4771,55.4677,27.5269,-0.1087,-0.2615
1779988772326,2,12.00000018,Upper Delivery,Delivery,pitch.1,439030,-18.8547,-5.7776,65.8183,147.191,36.2238,50.2834,-0.0733,0.2977
1779988772326,2,Pitching Mound.Delivery,,Delivery,pitch.1,437871,-0.3916,-5.8031,133.7665,14.4381,91.6915,65.1222,-0.0913,0.0191
1779988772326,2,Pitching Mound.Drive,,Delivery,pitch.1,438444,0.0814,-0.0242,1.5401,0.6736,-2.332,-2.3096,0.0,0.0
1779988772326,2,Pitching Mound.Parent,,Delivery,pitch.1,437491,-0.3177,-5.8374,135.3153,15.1248,89.3026,62.818,-0.0902,0.0188
1779988772327,2,11.0000004b,Drive,Delivery,pitch.1,438445,0.1017,-0.0404,1.4769,0.6741,-2.3582,-2.3183,0.0,0.0
1779988772327,2,12.00000015,Lower Delivery,Delivery,pitch.1,438174,18.3351,-0.0043,67.7819,-133.809,55.8241,27.3555,-0.1096,-0.2628
1779988772327,2,12.00000018,Upper Delivery,Delivery,pitch.1,439031,-18.9023,-5.7648,65.6304,146.7068,35.781,50.5622,-0.0726,0.2976
1779988772327,2,Pitching Mound.Delivery,,Delivery,pitch.1,437872,-0.5673,-5.769,133.4124,13.6293,91.605,65.257,-0.0914,0.0184
1779988772327,2,Pitching Mound.Drive,,Delivery,pitch.1,438445,0.1017,-0.0404,1.4769,0.6741,-2.3582,-2.3183,0.0,0.0
1779988772327,2,Pitching Mound.Parent,,Delivery,pitch.1,437492,-0.4859,-5.7933,134.9524,14.3029,89.273,62.9474,-0.0904,0.0181
1779988772328,2,11.0000004b,Drive,Delivery,pitch.1,438446,0.1054,-0.0313,1.505,0.6728,-2.2578,-2.3239,0.0,0.0
1779988772328,2,12.00000015,Lower Delivery,Delivery,pitch.1,438175,18.224,0.0293,67.4898,-133.737,55.9162,27.1407,-0.1103,-0.2638
1779988772328,2,12.00000018,Upper Delivery,Delivery,pitch.1,439032,-19.0226,-5.7764,65.6468,146.4697,35.9344,50.8304,-0.0729,0.297
1779988772328,2,Pitching Mound.Delivery,,Delivery,pitch.1,437873,-0.7986,-5.7471,133.1366,13.3593,91.8506,65.3072,-0.0918,0.0174
1779988772328,2,Pitching Mound.Drive,,Delivery,pitch.1,438446,0.1054,-0.0313,1.505,0.6728,-2.2578,-2.3239,0.0,0.0
1779988772328,2,Pitching Mound.Parent,,Delivery,pitch.1,437493,-0.6969,-5.7875,134.6135,14.0334,89.4924,62.9889,-0.0908,0.0172
1779988772329,2,11.0000004b,Drive,Delivery,pitch.1,438447,0.1243,-0.048,1.4265,0.6963,-2.3294,-2.341,0.0,0.0
1779988772329,2,12.00000015,Lower Delivery,Delivery,pitch.1,438176,18.1023,0.0518,67.1252,-133.6041,55.9132,26.8763,-0.1109,-0.265
1779988772329,2,12.00000018,Upper Delivery,Delivery,pitch.1,439033,-19.1502,-5.8069,65.4859,145.9254,35.7364,51.0427,-0.0726,0.2967
1779988772329,2,Pitching Mound.Delivery,,Delivery,pitch.1,437874,-1.0479,-5.7551,132.6111,12.8786,91.6496,65.2532,-0.092,0.0166
1779988772329,2,Pitching Mound.Drive,,Delivery,pitch.1,438447,0.1243,-0.048,1.4265,0.6963,-2.3294,-2.341,0.0,0.0
1779988772329,2,Pitching Mound.Parent,,Delivery,pitch.1,437494,-0.9425,-5.7864,134.1162,13.5514,89.3919,62.9293,-0.091,0.0164
1779988772330,2,11.0000004b,Drive,Delivery,pitch.1,438448,0.113,-0.0496,1.4965,0.7091,-2.4611,-2.3485,0.0,0.0
1779988772330,2,12.00000015,Lower Delivery,Delivery,pitch.1,438177,17.934,0.076,66.7601,-133.6053,56.0195,26.6397,-0.1117,-0.2664
1779988772330,2,12.00000018,Upper Delivery,Delivery,pitch.1,439034,-19.2562,-5.8216,65.348,145.6958,35.4248,51.2873,-0.0722,0.2968
1779988772330,2,Pitching Mound.Delivery,,Delivery,pitch.1,437875,-1.3222,-5.7456,132.1081,12.5707,91.4443,65.2822,-0.0921,0.0158
1779988772330,2,Pitching Mound.Drive,,Delivery,pitch.1,438448,0.113,-0.0496,1.4965,0.7091,-2.4611,-2.3485,0.0,0.0
1779988772330,2,Pitching Mound.Parent,,Delivery,pitch.1,437495,-1.2092,-5.7952,133.6046,13.2798,88.9832,62.9337,-0.0911,0.0156
1779988772331,2,11.0000004b,Drive,Delivery,pitch.1,438449,0.1184,-0.0438,1.4497,0.7034,-2.4088,-2.3334,0.0,0.0
1779988772331,2,12.00000015,Lower Delivery,Delivery,pitch.1,438178,17.7718,0.1145,66.4474,-133.6167,55.9999,26.4196,-0.1122,-0.2677
1779988772331,2,12.00000018,Upper Delivery,Delivery,pitch.1,439035,-19.4113,-5.8368,65.105,144.4444,35.3045,51.5301,-0.0722,0.2954
1779988772331,2,Pitching Mound.Delivery,,Delivery,pitch.1,437876,-1.6396,-5.7222,131.5524,11.284,91.3044,65.3075,-0.0924,0.0144
1779988772331,2,Pitching Mound.Drive,,Delivery,pitch.1,438449,0.1184,-0.0438,1.4497,0.7034,-2.4088,-2.3334,0.0,0.0
1779988772331,2,Pitching Mound.Parent,,Delivery,pitch.1,437496,-1.5212,-5.766,133.0021,11.9874,88.8956,62.974,-0.0914,0.0143
1779988772332,2,11.0000004b,Drive,Delivery,pitch.1,438450,0.1347,-0.0649,1.3671,0.6985,-2.4199,-2.3179,0.0,0.0
1779988772332,2,12.00000015,Lower Delivery,Delivery,pitch.1,438179,17.6432,0.1401,66.1795,-133.3619,55.9221,26.1417,-0.1125,-0.2683
1779988772332,2,12.00000018,Upper Delivery,Delivery,pitch.1,439036,-19.5208,-5.8923,65.0413,144.6652,35.3212,51.765,-0.0723,0.2961
1779988772332,2,Pitching Mound.Delivery,,Delivery,pitch.1,437877,-1.8776,-5.7522,131.2209,11.6903,91.2433,65.2709,-0.0926,0.0144
1779988772332,2,Pitching Mound.Drive,,Delivery,pitch.1,438450,0.1347,-0.0649,1.3671,0.6985,-2.4199,-2.3179,0.0,0.0
1779988772332,2,Pitching Mound.Parent,,Delivery,pitch.1,437497,-1.7429,-5.8171,132.588,12.3888,88.8234,62.953,-0.0916,0.0143
1779988772333,2,11.0000004b,Drive,Delivery,pitch.1,438451,0.1326,-0.0751,1.3762,0.718,-2.5318,-2.2824,0.0,0.0
1779988772333,2,12.00000015,Lower Delivery,Delivery,pitch.1,438180,17.4927,0.1842,65.9779,-133.335,55.8244,25.8721,-0.1126,-0.269
1779988772333,2,12.00000018,Upper Delivery,Delivery,pitch.1,439037,-19.6248,-5.9587,64.9613,144.8335,35.5412,52.0203,-0.0728,0.2968
1779988772333,2,Pitching Mound.Delivery,,Delivery,pitch.1,437878,-2.1321,-5.7745,130.9392,11.8442,91.3656,65.2725,-0.0929,0.0143
1779988772333,2,Pitching Mound.Drive,,Delivery,pitch.1,438451,0.1326,-0.0751,1.3762,0.718,-2.5318,-2.2824,0.0,0.0
1779988772333,2,Pitching Mound.Parent,,Delivery,pitch.1,437498,-1.9995,-5.8496,132.3154,12.5622,88.8338,62.9901,-0.0919,0.0142
1779988772334,2,11.0000004b,Drive,Delivery,pitch.1,438452,0.1284,-0.0801,1.3903,0.7104,-2.4256,-2.3072,0.0,0.0
1779988772334,2,12.00000015,Lower Delivery,Delivery,pitch.1,438181,17.4009,0.2266,65.9745,-133.254,55.8527,25.6204,-0.1127,-0.2689
1779988772334,2,12.00000018,Upper Delivery,Delivery,pitch.1,439038,-19.7233,-5.99,64.5197,143.6882,34.869,52.1891,-0.0719,0.2965
1779988772334,2,Pitching Mound.Delivery,,Delivery,pitch.1,437879,-2.3224,-5.7634,130.4942,10.9289,90.7217,65.1872,-0.0926,0.0144
1779988772334,2,Pitching Mound.Drive,,Delivery,pitch.1,438452,0.1284,-0.0801,1.3903,0.7104,-2.4256,-2.3072,0.0,0.0
1779988772334,2,Pitching Mound.Parent,,Delivery,pitch.1,437499,-2.194,-5.8434,131.8845,11.6393,88.2961,62.8801,-0.0916,0.0143
1779988772335,2,11.0000004b,Drive,Delivery,pitch.1,438453,0.1226,-0.0761,1.4007,0.7232,-2.4357,-2.3178,0.0,0.0
1779988772335,2,12.00000015,Lower Delivery,Delivery,pitch.1,438182,17.2439,0.2656,65.8449,-132.9112,55.6828,25.3328,-0.1126,-0.2687
1779988772335,2,12.00000018,Upper Delivery,Delivery,pitch.1,439039,-19.8503,-6.0332,64.4304,143.1197,34.8192,52.3859,-0.0719,0.2957
1779988772335,2,Pitching Mound.Delivery,,Delivery,pitch.1,437880,-2.6064,-5.7676,130.2753,10.6895,90.5021,65.1067,-0.0925,0.0141
1779988772335,2,Pitching Mound.Drive,,Delivery,pitch.1,438453,0.1226,-0.0761,1.4007,0.7232,-2.4357,-2.3178,0.0,0.0
1779988772335,2,Pitching Mound.Parent,,Delivery,pitch.1,437500,-2.4838,-5.8437,131.676,11.4126,88.0664,62.7889,-0.0915,0.014
1779988772336,2,11.0000004b,Drive,Delivery,pitch.1,438454,0.0999,-0.0722,1.462,0.7019,-2.3036,-2.2912,0.0,0.0
1779988772336,2,12.00000015,Lower Delivery,Delivery,pitch.1,438183,17.1043,0.2883,65.7536,-132.5571,55.4736,25.0543,-0.1123,-0.2684
1779988772336,2,12.00000018,Upper Delivery,Delivery,pitch.1,439040,-19.9257,-6.1248,63.9587,142.6413,34.3268,52.532,-0.0714,0.2969
1779988772336,2,Pitching Mound.Delivery,,Delivery,pitch.1,437881,-2.8214,-5.8365,129.7124,10.6945,89.8004,64.9961,-0.0922,0.0151
1779988772336,2,Pitching Mound.Drive,,Delivery,pitch.1,438454,0.0999,-0.0722,1.462,0.7019,-2.3036,-2.2912,0.0,0.0
1779988772336,2,Pitching Mound.Parent,,Delivery,pitch.1,437501,-2.7215,-5.9087,131.1744,11.3963,87.4968,62.7048,-0.0911,0.0149
1779988772337,2,11.0000004b,Drive,Delivery,pitch.1,438455,0.095,-0.0821,1.4738,0.7287,-2.4307,-2.3006,0.0,0.0
1779988772337,2,12.00000015,Lower Delivery,Delivery,pitch.1,438184,17.0123,0.3028,65.9164,-132.5375,55.5035,24.7661,-0.1121,-0.2677
1779988772337,2,12.00000018,Upper Delivery,Delivery,pitch.1,439041,-19.9911,-6.1298,63.5338,140.8082,33.7557,52.7384,-0.0707,0.295
1779988772337,2,Pitching Mound.Delivery,,Delivery,pitch.1,437882,-2.9787,-5.8269,129.4501,9.0807,89.2592,64.9233,-0.0918,0.0148
1779988772337,2,Pitching Mound.Drive,,Delivery,pitch.1,438455,0.095,-0.0821,1.4738,0.7287,-2.4307,-2.3006,0.0,0.0
1779988772337,2,Pitching Mound.Parent,,Delivery,pitch.1,437502,-2.8837,-5.909,130.9239,9.8095,86.8285,62.6227,-0.0908,0.0146
1779988772338,2,11.0000004b,Drive,Delivery,pitch.1,438456,0.0882,-0.0579,1.5211,0.7228,-2.2567,-2.2613,0.0,0.0
1779988772338,2,12.00000015,Lower Delivery,Delivery,pitch.1,438185,16.8664,0.2662,65.7701,-132.2016,55.3934,24.5413,-0.1121,-0.2676
1779988772338,2,12.00000018,Upper Delivery,Delivery,pitch.1,439042,-20.0426,-6.209,63.4555,141.0104,33.9075,52.881,-0.0711,0.2958
1779988772338,2,Pitching Mound.Delivery,,Delivery,pitch.1,437883,-3.1762,-5.9429,129.2256,9.5958,89.3009,64.8733,-0.092,0.0152
1779988772338,2,Pitching Mound.Drive,,Delivery,pitch.1,438456,0.0882,-0.0579,1.5211,0.7228,-2.2567,-2.2613,0.0,0.0
1779988772338,2,Pitching Mound.Parent,,Delivery,pitch.1,437503,-3.088,-6.0007,130.7467,10.3186,87.0441,62.6119,-0.0909,0.015
1779988772339,2,11.0000004b,Drive,Delivery,pitch.1,438457,0.0919,-0.0721,1.4837,0.8151,-2.2673,-2.2538,0.0,0.0
1779988772339,2,12.00000015,Lower Delivery,Delivery,pitch.1,438186,16.8216,0.2418,65.8609,-131.5262,55.086,24.2564,-0.1113,-0.2659
1779988772339,2,12.00000018,Upper Delivery,Delivery,pitch.1,439043,-20.0953,-6.3021,63.3322,140.8832,34.0388,53.0439,-0.0716,0.2961
1779988772339,2,Pitching Mound.Delivery,,Delivery,pitch.1,437884,-3.2737,-6.0603,129.1931,10.2168,89.1248,64.7485,-0.0918,0.0163
1779988772339,2,Pitching Mound.Drive,,Delivery,pitch.1,438457,0.0919,-0.0721,1.4837,0.8151,-2.2673,-2.2538,0.0,0.0
1779988772339,2,Pitching Mound.Parent,,Delivery,pitch.1,437504,-3.1817,-6.1324,130.6768,11.0319,86.8575,62.4947,-0.0908,0.0161
1779988772340,2,11.0000004b,Drive,Delivery,pitch.1,438458,0.0776,-0.0864,1.549,0.7615,-2.4397,-2.2575,0.0,0.0
1779988772340,2,12.00000015,Lower Delivery,Delivery,pitch.1,438187,16.6951,0.2216,65.911,-131.1741,54.9201,23.9793,-0.1109,-0.2649
1779988772340,2,12.00000018,Upper Delivery,Delivery,pitch.1,439044,-20.1021,-6.2966,63.1524,140.3817,33.6213,53.2163,-0.0709,0.2959
1779988772340,2,Pitching Mound.Delivery,,Delivery,pitch.1,437885,-3.407,-6.075,129.0634,10.1455,88.5414,64.6845,-0.0913,0.0168
1779988772340,2,Pitching Mound.Drive,,Delivery,pitch.1,438458,0.0776,-0.0864,1.549,0.7615,-2.4397,-2.2575,0.0,0.0
1779988772340,2,Pitching Mound.Parent,,Delivery,pitch.1,437505,-3.3294,-6.1614,130.6124,10.907,86.1016,62.427,-0.0902,0.0166
1779988772341,2,11.0000004b,Drive,Delivery,pitch.1,438459,0.0708,-0.0971,1.6144,0.8076,-2.5122,-2.2576,0.0,0.0
1779988772341,2,12.00000015,Lower Delivery,Delivery,pitch.1,438188,16.5138,0.1603,65.6707,-130.506,54.4955,23.6524,-0.1105,-0.2646
1779988772341,2,12.00000018,Upper Delivery,Delivery,pitch.1,439045,-20.095,-6.3205,63.0188,140.0042,33.4855,53.4467,-0.0707,0.2958
1779988772341,2,Pitching Mound.Delivery,,Delivery,pitch.1,437886,-3.5812,-6.1602,128.6895,10.3999,87.9811,64.652,-0.091,0.0168
1779988772341,2,Pitching Mound.Drive,,Delivery,pitch.1,438459,0.0708,-0.0971,1.6144,0.8076,-2.5122,-2.2576,0.0,0.0
1779988772341,2,Pitching Mound.Parent,,Delivery,pitch.1,437506,-3.5104,-6.2573,130.3039,11.2076,85.4689,62.3945,-0.0899,0.0166
1779988772342,2,11.0000004b,Drive,Delivery,pitch.1,438460,0.0726,-0.1036,1.633,0.8108,-2.6925,-2.3246,0.0,0.0
1779988772342,2,12.00000015,Lower Delivery,Delivery,pitch.1,438189,16.316,0.1341,65.4163,-129.7732,54.1802,23.3921,-0.1103,-0.2641
1779988772342,2,12.00000018,Upper Delivery,Delivery,pitch.1,439046,-20.1019,-6.3421,62.935,139.6262,33.3709,53.5724,-0.0706,0.2954
1779988772342,2,Pitching Mound.Delivery,,Delivery,pitch.1,437887,-3.7859,-6.208,128.3513,10.6966,87.5511,64.5825,-0.0908,0.0168
1779988772342,2,Pitching Mound.Drive,,Delivery,pitch.1,438460,0.0726,-0.1036,1.633,0.8108,-2.6925,-2.3246,0.0,0.0
1779988772342,2,Pitching Mound.Parent,,Delivery,pitch.1,437507,-3.7133,-6.3116,129.9843,11.5074,84.8587,62.2579,-0.0897,0.0166
1779988772343,2,11.0000004b,Drive,Delivery,pitch.1,438461,0.0524,-0.0924,1.7163,0.9152,-2.6998,-2.2956,0.0,0.0
1779988772343,2,12.00000015,Lower Delivery,Delivery,pitch.1,438190,16.1343,0.0763,65.1398,-129.1658,53.8385,23.0958,-0.11,-0.264
1779988772343,2,12.00000018,Upper Delivery,Delivery,pitch.1,439047,-20.0775,-6.3127,62.8104,139.2691,33.1137,53.7461,-0.0702,0.2952
1779988772343,2,Pitching Mound.Delivery,,Delivery,pitch.1,437888,-3.9432,-6.2364,127.9502,10.8953,86.9522,64.5299,-0.0905,0.0167
1779988772343,2,Pitching Mound.Drive,,Delivery,pitch.1,438461,0.0524,-0.0924,1.7163,0.9152,-2.6998,-2.2956,0.0,0.0
1779988772343,2,Pitching Mound.Parent,,Delivery,pitch.1,437508,-3.8908,-6.3288,129.6665,11.8105,84.2524,62.2343,-0.0893,0.0165
1779988772344,2,11.0000004b,Drive,Delivery,pitch.1,438462,0.0612,-0.096,1.7196,0.8699,-2.7225,-2.318,0.0,0.0
1779988772344,2,12.00000015,Lower Delivery,Delivery,pitch.1,438191,15.8861,0.0501,64.9693,-128.7933,53.7143,22.8011,-0.1101,-0.2639
1779988772344,2,12.00000018,Upper Delivery,Delivery,pitch.1,439048,-20.0583,-6.3351,62.6757,138.6279,32.7764,53.8703,-0.0696,0.2945
1779988772344,2,Pitching Mound.Delivery,,Delivery,pitch.1,437889,-4.1722,-6.285,127.6449,10.6144,86.4907,64.4503,-0.0902,0.0164
1779988772344,2,Pitching Mound.Drive,,Delivery,pitch.1,438462,0.0612,-0.096,1.7196,0.8699,-2.7225,-2.318,0.0,0.0
1779988772344,2,Pitching Mound.Parent,,Delivery,pitch.1,437509,-4.1109,-6.381,129.3646,11.4843,83.7682,62.1323,-0.089,0.0161
1779988772345,2,11.0000004b,Drive,Delivery,pitch.1,438463,0.058,-0.0978,1.7191,0.849,-2.8077,-2.3211,0.0,0.0
1779988772345,2,12.00000015,Lower Delivery,Delivery,pitch.1,438192,15.6866,0.0221,64.736,-128.5811,53.6613,22.5069,-0.1104,-0.2644
1779988772345,2,12.00000018,Upper Delivery,Delivery,pitch.1,439049,-20.0278,-6.3282,62.5649,138.5313,32.7136,54.0318,-0.0696,0.2948
1779988772345,2,Pitching Mound.Delivery,,Delivery,pitch.1,437890,-4.3412,-6.3061,127.301,10.6884,86.3749,64.3958,-0.0903,0.0162
1779988772345,2,Pitching Mound.Drive,,Delivery,pitch.1,438463,0.058,-0.0978,1.7191,0.849,-2.8077,-2.3211,0.0,0.0
1779988772345,2,Pitching Mound.Parent,,Delivery,pitch.1,437510,-4.2832,-6.4039,129.0201,11.5374,83.5672,62.0747,-0.0891,0.016
1779988772346,2,11.0000004b,Drive,Delivery,pitch.1,438464,0.0575,-0.0829,1.6822,0.8617,-2.7434,-2.3126,0.0,0.0
1779988772346,2,12.00000015,Lower Delivery,Delivery,pitch.1,438193,15.5114,-0.0111,64.4812,-128.1702,53.3964,22.2139,-0.1102,-0.2646
1779988772346,2,12.00000018,Upper Delivery,Delivery,pitch.1,439050,-20.0102,-6.3012,62.4732,138.4851,32.5565,54.2062,-0.0694,0.2951
1779988772346,2,Pitching Mound.Delivery,,Delivery,pitch.1,437891,-4.4987,-6.3124,126.9544,10.9976,85.9529,64.3428,-0.0901,0.0162
1779988772346,2,Pitching Mound.Drive,,Delivery,pitch.1,438464,0.0575,-0.0829,1.6822,0.8617,-2.7434,-2.3126,0.0,0.0
1779988772346,2,Pitching Mound.Parent,,Delivery,pitch.1,437511,-4.4412,-6.3953,128.6366,11.8593,83.2095,62.0303,-0.089,0.016
1779988772347,2,11.0000004b,Drive,Delivery,pitch.1,438465,0.0671,-0.093,1.6774,0.8405,-2.7751,-2.3187,0.0,0.0
1779988772347,2,12.00000015,Lower Delivery,Delivery,pitch.1,438194,15.3603,-0.0268,64.2599,-127.7386,53.2715,21.9465,-0.1104,-0.2646
1779988772347,2,12.00000018,Upper Delivery,Delivery,pitch.1,439051,-19.9823,-6.2767,62.3606,137.7376,32.5526,54.2817,-0.0695,0.294
1779988772347,2,12.00000018,Upper Delivery,Delivery,pitch.1,439052,-19.9951,-6.2829,62.2599,137.3362,32.4861,54.3915,-0.0695,0.2937
1779988772347,2,Pitching Mound.Delivery,,Delivery,pitch.1,437892,-4.6221,-6.3035,126.6205,10.6448,85.8241,64.2118,-0.0902,0.0156
1779988772347,2,Pitching Mound.Drive,,Delivery,pitch.1,438465,0.0671,-0.093,1.6774,0.8405,-2.7751,-2.3187,0.0,0.0
1779988772347,2,Pitching Mound.Parent,,Delivery,pitch.1,437512,-4.555,-6.3965,128.2979,11.4853,83.049,61.8931,-0.0891,0.0154
1779988772348,2,11.0000004b,Drive,Delivery,pitch.1,438466,0.0707,-0.1036,1.692,0.8409,-2.9172,-2.3125,0.0,0.0
1779988772348,2,12.00000015,Lower Delivery,Delivery,pitch.1,438195,15.1268,-0.0076,64.0448,-127.8985,53.4526,21.6971,-0.1111,-0.2659
1779988772348,2,Pitching Mound.Delivery,,Delivery,pitch.1,437893,-4.8683,-6.2905,126.3047,10.0446,85.9387,64.1472,-0.0906,0.0148
1779988772348,2,Pitching Mound.Drive,,Delivery,pitch.1,438466,0.0707,-0.1036,1.692,0.8409,-2.9172,-2.3125,0.0,0.0
1779988772348,2,Pitching Mound.Parent,,Delivery,pitch.1,437513,-4.7976,-6.3941,127.9967,10.8855,83.0215,61.8347,-0.0894,0.0146
1779988772349,2,11.0000004b,Drive,Delivery,pitch.1,438467,0.0668,-0.105,1.6446,0.8306,-2.9611,-2.3227,0.0,0.0
1779988772349,2,12.00000015,Lower Delivery,Delivery,pitch.1,438196,14.9701,0.0678,64.0098,-128.3966,53.6351,21.4296,-0.1116,-0.267
1779988772349,2,12.00000018,Upper Delivery,Delivery,pitch.1,439053,-19.994,-6.2761,62.0701,137.1409,32.2984,54.4915,-0.0693,0.2941
1779988772349,2,Pitching Mound.Delivery,,Delivery,pitch.1,437894,-5.0239,-6.2084,126.0799,9.4038,85.9335,64.0333,-0.0907,0.0145
1779988772349,2,Pitching Mound.Drive,,Delivery,pitch.1,438467,0.0668,-0.105,1.6446,0.8306,-2.9611,-2.3227,0.0,0.0
1779988772349,2,Pitching Mound.Parent,,Delivery,pitch.1,437514,-4.9571,-6.3134,127.7244,10.2344,82.9724,61.7106,-0.0896,0.0143
1779988772350,2,11.0000004b,Drive,Delivery,pitch.1,438468,0.0689,-0.0929,1.5727,0.7583,-2.7436,-2.3233,0.0,0.0
1779988772350,2,12.00000015,Lower Delivery,Delivery,pitch.1,438197,14.7769,0.0756,63.7897,-128.459,53.6046,21.1606,-0.1119,-0.2681
1779988772350,2,12.00000018,Upper Delivery,Delivery,pitch.1,439054,-20.0283,-6.2112,61.8706,136.5219,31.988,54.538,-0.0688,0.2938
1779988772350,2,Pitching Mound.Delivery,,Delivery,pitch.1,437895,-5.2514,-6.1356,125.6604,8.7153,85.5926,63.8648,-0.0907,0.0137
1779988772350,2,Pitching Mound.Drive,,Delivery,pitch.1,438468,0.0689,-0.0929,1.5727,0.7583,-2.7436,-2.3233,0.0,0.0
1779988772350,2,Pitching Mound.Parent,,Delivery,pitch.1,437515,-5.1825,-6.2284,127.2331,9.4737,82.849,61.5415,-0.0896,0.0136
1779988772351,2,11.0000004b,Drive,Delivery,pitch.1,438469,0.0795,-0.0889,1.5735,0.7505,-2.6782,-2.3311,0.0,0.0
1779988772351,2,12.00000015,Lower Delivery,Delivery,pitch.1,438198,14.655,0.1141,63.1256,-127.0786,52.9875,20.8534,-0.1117,-0.268
1779988772351,2,12.00000018,Upper Delivery,Delivery,pitch.1,439055,-20.0731,-6.2097,61.6986,135.7912,31.7703,54.6123,-0.0686,0.293
1779988772351,2,Pitching Mound.Delivery,,Delivery,pitch.1,437896,-5.4181,-6.0957,124.8242,9.1978,84.7578,63.6582,-0.0904,0.0132
1779988772351,2,Pitching Mound.Drive,,Delivery,pitch.1,438469,0.0795,-0.0889,1.5735,0.7505,-2.6782,-2.3311,0.0,0.0
1779988772351,2,Pitching Mound.Parent,,Delivery,pitch.1,437516,-5.3387,-6.1846,126.3977,9.9483,82.0796,61.3271,-0.0893,0.013
1779988772352,2,11.0000004b,Drive,Delivery,pitch.1,438470,0.0776,-0.0867,1.5192,0.7265,-2.6069,-2.3149,0.0,0.0
1779988772352,2,12.00000015,Lower Delivery,Delivery,pitch.1,438199,14.5438,0.1676,63.1203,-128.1736,53.5204,20.6196,-0.1129,-0.2703
1779988772352,2,12.00000018,Upper Delivery,Delivery,pitch.1,439056,-20.145,-6.1938,61.5745,135.4893,31.6136,54.6201,-0.0684,0.2929
1779988772352,2,Pitching Mound.Delivery,,Delivery,pitch.1,437897,-5.6012,-6.0262,124.6948,7.8413,85.134,63.4455,-0.0909,0.012
1779988772352,2,Pitching Mound.Drive,,Delivery,pitch.1,438470,0.0776,-0.0867,1.5192,0.7265,-2.6069,-2.3149,0.0,0.0
1779988772352,2,Pitching Mound.Parent,,Delivery,pitch.1,437517,-5.5236,-6.1128,126.214,8.5678,82.5271,61.1306,-0.0898,0.0119
1779988772353,2,11.0000004b,Drive,Delivery,pitch.1,438471,0.0774,-0.0712,1.5089,0.7149,-2.4537,-2.2979,0.0,0.0
1779988772353,2,12.00000015,Lower Delivery,Delivery,pitch.1,438200,14.3901,0.2262,62.899,-128.6157,53.5727,20.3933,-0.1134,-0.2722
1779988772353,2,12.00000018,Upper Delivery,Delivery,pitch.1,439057,-20.2184,-6.1806,61.422,135.0049,31.2429,54.6569,-0.0677,0.2926
1779988772353,2,Pitching Mound.Delivery,,Delivery,pitch.1,437898,-5.8283,-5.9544,124.321,6.8913,84.8156,63.2832,-0.0908,0.0109
1779988772353,2,Pitching Mound.Drive,,Delivery,pitch.1,438471,0.0774,-0.0712,1.5089,0.7149,-2.4537,-2.2979,0.0,0.0
1779988772353,2,Pitching Mound.Parent,,Delivery,pitch.1,437518,-5.7509,-6.0256,125.8298,7.6063,82.3619,60.9853,-0.0897,0.0108
1779988772354,2,11.0000004b,Drive,Delivery,pitch.1,438472,0.0828,-0.0924,1.4845,0.7204,-2.5019,-2.312,0.0,0.0
1779988772354,2,12.00000015,Lower Delivery,Delivery,pitch.1,438201,14.2899,0.2731,62.3994,-127.8404,53.1381,20.0898,-0.1134,-0.2727
1779988772354,2,12.00000018,Upper Delivery,Delivery,pitch.1,439058,-20.303,-6.1811,61.3373,134.6227,31.1015,54.69,-0.0675,0.2922
1779988772354,2,Pitching Mound.Delivery,,Delivery,pitch.1,437899,-6.0131,-5.908,123.7367,7.1434,84.2397,63.0182,-0.0906,0.0102
1779988772354,2,Pitching Mound.Drive,,Delivery,pitch.1,438472,0.0828,-0.0924,1.4845,0.7204,-2.5019,-2.312,0.0,0.0
1779988772354,2,Pitching Mound.Parent,,Delivery,pitch.1,437519,-5.9303,-6.0004,125.2213,7.8639,81.7378,60.7062,-0.0896,0.0101
1779988772355,2,11.0000004b,Drive,Delivery,pitch.1,438473,0.0734,-0.0766,1.5221,0.7207,-2.4932,-2.3264,0.0,0.0
1779988772355,2,12.00000015,Lower Delivery,Delivery,pitch.1,438202,14.1539,0.3764,62.498,-129.1671,53.6398,19.9098,-0.1143,-0.2751
1779988772355,2,12.00000018,Upper Delivery,Delivery,pitch.1,439059,-20.3647,-6.1039,61.2811,134.2444,30.9344,54.721,-0.0672,0.2916
1779988772355,2,Pitching Mound.Delivery,,Delivery,pitch.1,437900,-6.2108,-5.7275,123.7792,5.4911,84.5742,62.8945,-0.091,0.0088
1779988772355,2,Pitching Mound.Drive,,Delivery,pitch.1,438473,0.0734,-0.0766,1.5221,0.7207,-2.4932,-2.3264,0.0,0.0
1779988772355,2,Pitching Mound.Parent,,Delivery,pitch.1,437520,-6.1374,-5.8041,125.3013,6.2118,82.081,60.5681,-0.0899,0.0087
1779988772356,2,11.0000004b,Drive,Delivery,pitch.1,438474,0.0809,-0.0839,1.4888,0.7387,-2.459,-2.3391,0.0,0.0
1779988772356,2,12.00000015,Lower Delivery,Delivery,pitch.1,438203,14.0697,0.4122,61.9683,-128.3531,53.0167,19.6619,-0.1139,-0.2757
1779988772356,2,12.00000018,Upper Delivery,Delivery,pitch.1,439060,-20.4319,-6.1104,61.1597,134.4234,30.8035,54.7905,-0.0671,0.2926
1779988772356,2,Pitching Mound.Delivery,,Delivery,pitch.1,437901,-6.3622,-5.6982,123.1279,6.3451,83.8202,62.7219,-0.0906,0.0088
1779988772356,2,Pitching Mound.Drive,,Delivery,pitch.1,438474,0.0809,-0.0839,1.4888,0.7387,-2.459,-2.3391,0.0,0.0
1779988772356,2,Pitching Mound.Parent,,Delivery,pitch.1,437521,-6.2813,-5.7821,124.6168,7.0839,81.3612,60.3828,-0.0895,0.0087
1779988772357,2,11.0000004b,Drive,Delivery,pitch.1,438475,0.0879,-0.0965,1.5365,0.747,-2.6722,-2.3577,0.0,0.0
1779988772357,2,12.00000015,Lower Delivery,Delivery,pitch.1,438204,13.9617,0.4812,61.5214,-127.4609,52.3513,19.4417,-0.1133,-0.2758
1779988772357,2,12.00000018,Upper Delivery,Delivery,pitch.1,439061,-20.4554,-6.082,60.9802,133.6355,30.5072,54.9023,-0.0666,0.2917
1779988772357,2,Pitching Mound.Delivery,,Delivery,pitch.1,437902,-6.4937,-5.6008,122.5016,6.3587,82.8586,62.6421,-0.09,0.0082
1779988772357,2,Pitching Mound.Drive,,Delivery,pitch.1,438475,0.0879,-0.0965,1.5365,0.747,-2.6722,-2.3577,0.0,0.0
1779988772357,2,Pitching Mound.Parent,,Delivery,pitch.1,437522,-6.4059,-5.6973,124.0381,7.1056,80.1864,60.2844,-0.0889,0.0081
1779988772358,2,11.0000004b,Drive,Delivery,pitch.1,438476,0.0795,-0.0993,1.5118,0.7592,-2.6321,-2.3507,0.0,0.0
1779988772358,2,12.00000015,Lower Delivery,Delivery,pitch.1,438205,13.9225,0.5056,61.1959,-126.9997,51.8815,19.2068,-0.1129,-0.2763
1779988772358,2,12.00000018,Upper Delivery,Delivery,pitch.1,439062,-20.5021,-6.0716,60.8939,133.2585,30.2965,54.9702,-0.0662,0.2913
1779988772358,2,Pitching Mound.Delivery,,Delivery,pitch.1,437903,-6.5796,-5.566,122.0898,6.3615,82.178,62.4725,-0.0896,0.0077
1779988772358,2,Pitching Mound.Drive,,Delivery,pitch.1,438476,0.0795,-0.0993,1.5118,0.7592,-2.6321,-2.3507,0.0,0.0
1779988772358,2,Pitching Mound.Parent,,Delivery,pitch.1,437523,-6.5001,-5.6653,123.6016,7.1207,79.5459,60.1218,-0.0885,0.0076
1779988772359,2,11.0000004b,Drive,Delivery,pitch.1,438477,0.0776,-0.0943,1.5559,0.7713,-2.6969,-2.3896,0.0,0.0
1779988772359,2,12.00000015,Lower Delivery,Delivery,pitch.1,438206,13.8709,0.5648,61.0871,-126.7385,51.7325,18.9822,-0.1127,-0.2762
1779988772359,2,12.00000018,Upper Delivery,Delivery,pitch.1,439063,-20.5227,-6.0831,60.8224,133.0206,30.3598,55.0194,-0.0665,0.2912
1779988772359,2,Pitching Mound.Delivery,,Delivery,pitch.1,437904,-6.6518,-5.5183,121.9095,6.372,82.0924,62.3077,-0.0896,0.0076
1779988772359,2,Pitching Mound.Drive,,Delivery,pitch.1,438477,0.0776,-0.0943,1.5559,0.7713,-2.6969,-2.3896,0.0,0.0
1779988772359,2,Pitching Mound.Parent,,Delivery,pitch.1,437524,-6.5742,-5.6126,123.4654,7.1433,79.3955,59.9181,-0.0885,0.0075
1779988772360,2,11.0000004b,Drive,Delivery,pitch.1,438478,0.0801,-0.0958,1.5556,0.7738,-2.6729,-2.382,0.0,0.0
1779988772360,2,12.00000015,Lower Delivery,Delivery,pitch.1,438207,13.841,0.5897,60.9331,-126.4466,51.5015,18.7883,-0.1125,-0.2763
1779988772360,2,12.00000018,Upper Delivery,Delivery,pitch.1,439064,-20.5141,-6.0497,60.6793,132.5329,30.3145,55.0767,-0.0665,0.2908
1779988772360,2,Pitching Mound.Delivery,,Delivery,pitch.1,437905,-6.6732,-5.4599,121.6124,6.1726,81.8159,62.1842,-0.0896,0.0074
1779988772360,2,Pitching Mound.Drive,,Delivery,pitch.1,438478,0.0801,-0.0958,1.5556,0.7738,-2.6729,-2.382,0.0,0.0
1779988772360,2,Pitching Mound.Parent,,Delivery,pitch.1,437525,-6.5931,-5.5557,123.168,6.9464,79.143,59.8022,-0.0884,0.0073
1779988772361,2,11.0000004b,Drive,Delivery,pitch.1,438479,0.0836,-0.1105,1.5837,0.8783,-2.9296,-2.3834,0.0,0.0
1779988772361,2,12.00000015,Lower Delivery,Delivery,pitch.1,438208,13.7513,0.6233,60.7623,-126.141,51.2775,18.6296,-0.1123,-0.2764
1779988772361,2,12.00000018,Upper Delivery,Delivery,pitch.1,439066,-20.521,-6.068,60.5019,132.0322,30.3405,55.2011,-0.0668,0.2905
1779988772361,2,12.00000018,Upper Delivery,Delivery,pitch.1,439065,-20.5133,-6.0508,60.5311,132.1794,30.1115,55.1431,-0.0662,0.2907
1779988772361,2,Pitching Mound.Delivery,,Delivery,pitch.1,437906,-6.7621,-5.4274,121.2935,6.117,81.3891,62.1228,-0.0893,0.0073
1779988772361,2,Pitching Mound.Drive,,Delivery,pitch.1,438479,0.0836,-0.1105,1.5837,0.8783,-2.9296,-2.3834,0.0,0.0
1779988772361,2,Pitching Mound.Parent,,Delivery,pitch.1,437526,-6.6784,-5.5379,122.8771,6.9954,78.4595,59.7394,-0.0882,0.0072
1779988772362,2,11.0000004b,Drive,Delivery,pitch.1,438480,0.0792,-0.1096,1.5341,0.8693,-2.8032,-2.37,0.0,0.0
1779988772362,2,12.00000015,Lower Delivery,Delivery,pitch.1,438209,13.732,0.6414,60.5643,-125.3881,50.7352,18.4083,-0.1115,-0.2756
1779988772362,2,Pitching Mound.Delivery,,Delivery,pitch.1,437907,-6.789,-5.4267,121.0662,6.6652,81.0757,61.9633,-0.0892,0.0075
1779988772362,2,Pitching Mound.Drive,,Delivery,pitch.1,438480,0.0792,-0.1096,1.5341,0.8693,-2.8032,-2.37,0.0,0.0
1779988772362,2,Pitching Mound.Parent,,Delivery,pitch.1,437527,-6.7098,-5.5362,122.6004,7.5345,78.2726,59.5934,-0.088,0.0074
1779988772363,2,11.0000004b,Drive,Delivery,pitch.1,438481,0.0958,-0.151,1.4573,0.8333,-3.0216,-2.423,0.0,0.0
1779988772363,2,12.00000015,Lower Delivery,Delivery,pitch.1,438210,13.6724,0.6479,60.4017,-124.6514,50.3242,18.2637,-0.1109,-0.2747
1779988772363,2,12.00000018,Upper Delivery,Delivery,pitch.1,439067,-20.5044,-6.0608,60.4253,132.0309,30.299,55.336,-0.0668,0.2909
1779988772363,2,12.00000018,Upper Delivery,Delivery,pitch.1,439068,-20.5048,-6.0498,60.3412,132.0399,30.4849,55.3651,-0.0673,0.2913
1779988772363,2,Pitching Mound.Delivery,,Delivery,pitch.1,437908,-6.8319,-5.4129,120.827,7.3714,80.6233,61.9796,-0.0888,0.0081
1779988772363,2,Pitching Mound.Drive,,Delivery,pitch.1,438481,0.0958,-0.151,1.4573,0.8333,-3.0216,-2.423,0.0,0.0
1779988772363,2,Pitching Mound.Parent,,Delivery,pitch.1,437528,-6.7361,-5.5639,122.2844,8.2047,77.6017,59.5566,-0.0878,0.008
1779988772364,2,11.0000004b,Drive,Delivery,pitch.1,438482,0.0885,-0.1333,1.4415,0.7953,-2.8391,-2.3989,0.0,0.0
1779988772364,2,12.00000015,Lower Delivery,Delivery,pitch.1,438211,13.5685,0.6713,60.2593,-123.9145,49.9701,18.1098,-0.1104,-0.2738
1779988772364,2,12.00000018,Upper Delivery,Delivery,pitch.1,439069,-20.5107,-6.0494,60.2471,131.9568,30.6049,55.4273,-0.0676,0.2916
1779988772364,2,Pitching Mound.Delivery,,Delivery,pitch.1,437909,-6.9363,-5.3785,120.6005,8.0975,80.455,61.89,-0.0888,0.0087
1779988772364,2,Pitching Mound.Drive,,Delivery,pitch.1,438482,0.0885,-0.1333,1.4415,0.7953,-2.8391,-2.3989,0.0,0.0
1779988772364,2,Pitching Mound.Parent,,Delivery,pitch.1,437529,-6.8478,-5.5118,122.042,8.8928,77.6159,59.4911,-0.0878,0.0086
1779988772365,2,11.0000004b,Drive,Delivery,pitch.1,438483,0.1165,-0.1354,1.4357,0.7604,-2.6451,-2.3476,0.0,0.0
1779988772365,2,12.00000015,Lower Delivery,Delivery,pitch.1,438212,13.4992,0.7001,60.0057,-122.7808,49.3612,17.9387,-0.1095,-0.2724
1779988772365,2,12.00000018,Upper Delivery,Delivery,pitch.1,439070,-20.5112,-5.9979,60.1072,131.3963,30.392,55.5267,-0.0673,0.291
1779988772365,2,Pitching Mound.Delivery,,Delivery,pitch.1,437910,-7.0114,-5.3493,120.2528,9.0939,79.9661,61.8026,-0.0885,0.0095
1779988772365,2,Pitching Mound.Drive,,Delivery,pitch.1,438483,0.1165,-0.1354,1.4357,0.7604,-2.6451,-2.3476,0.0,0.0
1779988772365,2,Pitching Mound.Parent,,Delivery,pitch.1,437530,-6.895,-5.4847,121.6884,9.8543,77.321,59.455,-0.0875,0.0094
1779988772366,2,11.0000004b,Drive,Delivery,pitch.1,438484,0.1128,-0.1369,1.4219,0.7383,-2.5213,-2.3202,0.0,0.0
1779988772366,2,12.00000015,Lower Delivery,Delivery,pitch.1,438213,13.367,0.6804,59.7178,-121.8783,48.8291,17.8388,-0.1089,-0.2717
1779988772366,2,12.00000018,Upper Delivery,Delivery,pitch.1,439071,-20.5147,-5.8957,59.9962,130.9655,30.095,55.5251,-0.0668,0.2906
1779988772366,2,Pitching Mound.Delivery,,Delivery,pitch.1,437911,-7.1442,-5.3174,119.8251,9.3856,79.2211,61.8469,-0.088,0.0095
1779988772366,2,Pitching Mound.Drive,,Delivery,pitch.1,438484,0.1128,-0.1369,1.4219,0.7383,-2.5213,-2.3202,0.0,0.0
1779988772366,2,Pitching Mound.Parent,,Delivery,pitch.1,437531,-7.0314,-5.4544,121.247,10.1239,76.6999,59.5267,-0.087,0.0094
1779988772367,2,11.0000004b,Drive,Delivery,pitch.1,438485,0.111,-0.1224,1.372,0.7322,-2.3401,-2.3453,0.0,0.0
1779988772367,2,12.00000015,Lower Delivery,Delivery,pitch.1,438214,13.3148,0.7007,59.4429,-120.9837,48.3957,17.648,-0.1084,-0.271
1779988772367,2,12.00000018,Upper Delivery,Delivery,pitch.1,439072,-20.557,-5.8377,59.9319,130.7576,30.1467,55.5609,-0.067,0.2905
1779988772367,2,Pitching Mound.Delivery,,Delivery,pitch.1,437912,-7.1999,-5.195,119.4391,9.7936,78.4907,61.6711,-0.0875,0.0096
1779988772367,2,Pitching Mound.Drive,,Delivery,pitch.1,438485,0.111,-0.1224,1.372,0.7322,-2.3401,-2.3453,0.0,0.0
1779988772367,2,Pitching Mound.Parent,,Delivery,pitch.1,437532,-7.0889,-5.3174,120.8111,10.5258,76.1506,59.3258,-0.0865,0.0094
1779988772368,2,11.0000004b,Drive,Delivery,pitch.1,438486,0.1031,-0.1213,1.4375,0.7199,-2.1559,-2.3212,0.0,0.0
1779988772368,2,12.00000015,Lower Delivery,Delivery,pitch.1,438215,13.1701,0.702,59.3345,-120.7536,48.3424,17.5452,-0.1085,-0.2709
1779988772368,2,12.00000018,Upper Delivery,Delivery,pitch.1,439073,-20.6031,-5.7463,60.003,130.8781,30.2262,55.5382,-0.0671,0.2904
1779988772368,2,Pitching Mound.Delivery,,Delivery,pitch.1,437913,-7.3869,-5.1357,119.2664,9.8009,78.4891,61.6388,-0.0876,0.0095
1779988772368,2,Pitching Mound.Drive,,Delivery,pitch.1,438486,0.1031,-0.1213,1.4375,0.7199,-2.1559,-2.3212,0.0,0.0
1779988772368,2,Pitching Mound.Parent,,Delivery,pitch.1,437533,-7.2838,-5.257,120.7039,10.5208,76.3331,59.3176,-0.0866,0.0094
1779988772369,2,11.0000004b,Drive,Delivery,pitch.1,438487,0.0979,-0.1067,1.4136,0.7108,-2.1862,-2.2943,0.0,0.0
1779988772369,2,12.00000015,Lower Delivery,Delivery,pitch.1,438216,13.0032,0.7195,59.2868,-121.2935,48.7705,17.4721,-0.1095,-0.2724
1779988772369,2,12.00000018,Upper Delivery,Delivery,pitch.1,439074,-20.6403,-5.6122,59.882,130.8356,29.8459,55.545,-0.0664,0.2909
1779988772369,2,Pitching Mound.Delivery,,Delivery,pitch.1,437914,-7.5999,-5.0268,119.2898,9.3411,78.9967,61.5842,-0.0882,0.0087
1779988772369,2,Pitching Mound.Drive,,Delivery,pitch.1,438487,0.0979,-0.1067,1.4136,0.7108,-2.1862,-2.2943,0.0,0.0
1779988772369,2,Pitching Mound.Parent,,Delivery,pitch.1,437534,-7.502,-5.1334,120.7034,10.0519,76.8105,59.2899,-0.0871,0.0086
1779988772370,2,11.0000004b,Drive,Delivery,pitch.1,438488,0.1117,-0.1028,1.3789,0.7099,-2.0961,-2.2888,0.0,0.0
1779988772370,2,12.00000015,Lower Delivery,Delivery,pitch.1,438217,12.9226,0.693,58.4302,-118.3263,47.2871,17.2547,-0.1077,-0.2696
1779988772370,2,12.00000015,Lower Delivery,Delivery,pitch.1,438218,12.7464,0.7174,58.0257,-117.588,46.97,17.1405,-0.1078,-0.2698
1779988772370,2,12.00000018,Upper Delivery,Delivery,pitch.1,439075,-20.7009,-5.4998,59.9968,130.8284,29.9234,55.5878,-0.0664,0.2903
1779988772370,2,Pitching Mound.Delivery,,Delivery,pitch.1,437915,-7.7177,-4.9193,118.3123,12.0157,77.133,61.3883,-0.0868,0.0099
1779988772370,2,Pitching Mound.Delivery,,Delivery,pitch.1,437916,-7.9545,-4.7824,118.0225,12.5702,76.8934,61.3562,-0.0867,0.0093
1779988772370,2,Pitching Mound.Drive,,Delivery,pitch.1,438488,0.1117,-0.1028,1.3789,0.7099,-2.0961,-2.2888,0.0,0.0
1779988772370,2,Pitching Mound.Parent,,Delivery,pitch.1,437535,-7.606,-5.0221,119.6912,12.7256,75.0369,59.0995,-0.0858,0.0098
1779988772371,2,11.0000004b,Drive,Delivery,pitch.1,438489,0.1139,-0.1173,1.3831,0.7007,-2.1063,-2.2974,0.0,0.0
1779988772371,2,12.00000015,Lower Delivery,Delivery,pitch.1,438219,12.6614,0.7529,57.6918,-117.5711,46.9504,17.038,-0.1083,-0.2713
1779988772371,2,12.00000018,Upper Delivery,Delivery,pitch.1,439076,-20.7361,-5.3376,59.989,130.1451,29.6972,55.6024,-0.0659,0.2888
1779988772371,2,Pitching Mound.Delivery,,Delivery,pitch.1,437917,-8.0747,-4.5848,117.6808,11.793,76.6476,61.2852,-0.0867,0.0076
1779988772371,2,Pitching Mound.Drive,,Delivery,pitch.1,438489,0.1139,-0.1173,1.3831,0.7007,-2.1063,-2.2974,0.0,0.0
1779988772371,2,Pitching Mound.Parent,,Delivery,pitch.1,437536,-7.8406,-4.8997,119.4056,13.2709,74.7871,59.0589,-0.0857,0.0091
1779988772372,2,11.0000004b,Drive,Delivery,pitch.1,438490,0.1272,-0.1029,1.3371,0.7008,-1.9824,-2.3219,0.0,0.0
1779988772372,2,12.00000015,Lower Delivery,Delivery,pitch.1,438220,12.5126,0.7667,56.9625,-116.0205,46.222,16.9057,-0.108,-0.2712
1779988772372,2,12.00000018,Upper Delivery,Delivery,pitch.1,439077,-20.8019,-5.2028,60.0254,129.7568,29.603,55.5166,-0.0657,0.2878
1779988772372,2,Pitching Mound.Delivery,,Delivery,pitch.1,437918,-8.2893,-4.4362,116.9879,12.6949,75.825,61.0954,-0.0863,0.0067
1779988772372,2,Pitching Mound.Drive,,Delivery,pitch.1,438490,0.1272,-0.1029,1.3371,0.7008,-1.9824,-2.3219,0.0,0.0
1779988772372,2,Pitching Mound.Parent,,Delivery,pitch.1,437537,-7.9476,-4.6877,119.0178,12.4938,74.6652,58.9633,-0.0857,0.0075
1779988772373,2,11.0000004b,Drive,Delivery,pitch.1,438491,0.1245,-0.0981,1.3519,0.694,-1.9841,-2.3035,0.0,0.0
1779988772373,2,12.00000015,Lower Delivery,Delivery,pitch.1,438221,12.3635,0.8312,56.7013,-116.2419,46.4106,16.8206,-0.109,-0.2729
1779988772373,2,12.00000018,Upper Delivery,Delivery,pitch.1,439078,-20.8652,-5.0317,60.0302,129.3449,29.3643,55.5086,-0.0651,0.2868
1779988772373,2,Pitching Mound.Delivery,,Delivery,pitch.1,437919,-8.5017,-4.2005,116.7315,11.9711,75.7749,61.0314,-0.0864,0.0052
1779988772373,2,Pitching Mound.Drive,,Delivery,pitch.1,438491,0.1245,-0.0981,1.3519,0.694,-1.9841,-2.3035,0.0,0.0
1779988772373,2,Pitching Mound.Parent,,Delivery,pitch.1,437538,-8.1648,-4.5343,118.3398,13.3889,73.8409,58.7919,-0.0853,0.0067
1779988772374,2,11.0000004b,Drive,Delivery,pitch.1,438492,0.1098,-0.0639,1.3844,0.668,-1.9024,-2.2642,0.0,0.0
1779988772374,2,12.00000018,Upper Delivery,Delivery,pitch.1,439079,-20.9373,-4.8586,60.1277,129.1545,29.2567,55.4289,-0.0648,0.286
1779988772374,2,Pitching Mound.Drive,,Delivery,pitch.1,438492,0.1098,-0.0639,1.3844,0.668,-1.9024,-2.2642,0.0,0.0
1779988772374,2,Pitching Mound.Parent,,Delivery,pitch.1,437539,-8.3919,-4.2643,118.116,12.6391,73.8725,58.7672,-0.0854,0.0052
1779988772375,2,11.0000004b,Drive,Delivery,pitch.1,438493,0.1085,-0.0783,1.4192,0.683,-2.1092,-2.2791,0.0,0.0
1779988772375,2,11.0000004b,Drive,Delivery,pitch.1,438494,0.1024,-0.0722,1.4313,0.6884,-2.0213,-2.295,0.0,0.0
1779988772375,2,12.00000015,Lower Delivery,Delivery,pitch.1,438222,12.3185,0.875,56.1441,-115.1769,45.7458,16.7495,-0.1085,-0.2731
1779988772375,2,12.00000018,Upper Delivery,Delivery,pitch.1,439080,-21.026,-4.7183,60.2931,128.4205,29.442,55.3602,-0.065,0.2836
1779988772375,2,Pitching Mound.Delivery,,Delivery,pitch.1,437920,-8.6188,-3.9836,116.2718,12.6231,75.0025,60.8714,-0.0859,0.0044
1779988772375,2,Pitching Mound.Drive,,Delivery,pitch.1,438493,0.1085,-0.0783,1.4192,0.683,-2.1092,-2.2791,0.0,0.0
1779988772375,2,Pitching Mound.Drive,,Delivery,pitch.1,438494,0.1024,-0.0722,1.4313,0.6884,-2.0213,-2.295,0.0,0.0
1779988772375,2,Pitching Mound.Parent,,Delivery,pitch.1,437540,-8.5103,-4.062,117.691,13.3062,72.8933,58.5923,-0.0848,0.0043
1779988772376,2,12.00000015,Lower Delivery,Delivery,pitch.1,438223,12.2307,0.9352,55.8169,-115.1564,45.7561,16.6874,-0.1091,-0.2747
1779988772376,2,12.00000018,Upper Delivery,Delivery,pitch.1,439081,-21.1072,-4.5685,60.4337,128.2856,29.8129,55.312,-0.0657,0.2826
1779988772376,2,Pitching Mound.Delivery,,Delivery,pitch.1,437921,-8.7954,-3.7831,116.11,11.7422,75.198,60.7402,-0.0862,0.0021
1779988772376,2,Pitching Mound.Parent,,Delivery,pitch.1,437541,-8.6929,-3.8554,117.5413,12.4306,73.1767,58.4452,-0.0852,0.0021
1779988772377,2,11.0000004b,Drive,Delivery,pitch.1,438495,0.0969,-0.088,1.4867,0.7112,-2.2148,-2.3171,0.0,0.0
1779988772377,2,11.0000004b,Drive,Delivery,pitch.1,438496,0.0835,-0.0846,1.5179,0.7325,-2.2014,-2.2821,0.0,0.0
1779988772377,2,12.00000015,Lower Delivery,Delivery,pitch.1,438224,12.1296,1.0143,55.3285,-114.6999,45.3845,16.6364,-0.1092,-0.276
1779988772377,2,12.00000015,Lower Delivery,Delivery,pitch.1,438225,12.0935,1.0752,54.5966,-112.9305,44.4778,16.5575,-0.1085,-0.2754
1779988772377,2,12.00000018,Upper Delivery,Delivery,pitch.1,439082,-21.2009,-4.4427,60.6062,128.4555,29.8493,55.2343,-0.0656,0.2822
1779988772377,2,Pitching Mound.Delivery,,Delivery,pitch.1,437923,-9.1074,-3.3676,115.2028,13.4817,74.327,60.4718,-0.0859,0.0002
1779988772377,2,Pitching Mound.Delivery,,Delivery,pitch.1,437922,-8.9777,-3.5542,115.7622,11.8499,75.1975,60.6478,-0.0865,0.0006
1779988772377,2,Pitching Mound.Drive,,Delivery,pitch.1,438495,0.0969,-0.088,1.4867,0.7112,-2.2148,-2.3171,0.0,0.0
1779988772377,2,Pitching Mound.Drive,,Delivery,pitch.1,438496,0.0835,-0.0846,1.5179,0.7325,-2.2014,-2.2821,0.0,0.0
1779988772377,2,Pitching Mound.Parent,,Delivery,pitch.1,437543,-9.024,-3.4522,116.7207,14.2142,72.1256,58.1896,-0.0848,0.0002
1779988772377,2,Pitching Mound.Parent,,Delivery,pitch.1,437542,-8.8808,-3.6423,117.2489,12.5611,72.9827,58.3308,-0.0854,0.0006
1779988772378,2,12.00000018,Upper Delivery,Delivery,pitch.1,439083,-21.2777,-4.2988,60.7982,128.4398,30.6809,55.2409,-0.0672,0.2812
1779988772379,2,11.0000004b,Drive,Delivery,pitch.1,438498,0.0736,-0.1308,1.5205,0.76,-2.4016,-2.3144,0.0,0.0
1779988772379,2,11.0000004b,Drive,Delivery,pitch.1,438497,0.0648,-0.1185,1.5416,0.7336,-2.3736,-2.2968,0.0,0.0
1779988772379,2,12.00000015,Lower Delivery,Delivery,pitch.1,438226,12.1006,1.1343,54.1436,-112.4117,43.8941,16.4687,-0.1079,-0.2764
1779988772379,2,12.00000018,Upper Delivery,Delivery,pitch.1,439084,-21.3029,-4.1286,60.8512,128.2031,30.6402,55.1782,-0.067,0.2805
1779988772379,2,Pitching Mound.Delivery,,Delivery,pitch.1,437924,-9.1771,-3.1645,114.9418,13.7655,74.575,60.361,-0.0864,-0.0011
1779988772379,2,Pitching Mound.Drive,,Delivery,pitch.1,438498,0.0736,-0.1308,1.5205,0.76,-2.4016,-2.3144,0.0,0.0
1779988772379,2,Pitching Mound.Drive,,Delivery,pitch.1,438497,0.0648,-0.1185,1.5416,0.7336,-2.3736,-2.2968,0.0,0.0
1779988772379,2,Pitching Mound.Parent,,Delivery,pitch.1,437544,-9.1123,-3.283,116.4834,14.4991,72.2015,58.0642,-0.0852,-0.0011
1779988772380,2,11.0000004b,Drive,Delivery,pitch.1,438499,0.0666,-0.1248,1.5393,0.757,-2.34,-2.3062,0.0,0.0
1779988772380,2,12.00000015,Lower Delivery,Delivery,pitch.1,438228,12.0856,1.274,53.0072,-110.2969,42.7419,16.2568,-0.1073,-0.277
1779988772380,2,12.00000015,Lower Delivery,Delivery,pitch.1,438227,12.0639,1.2054,53.5645,-111.325,43.3423,16.3772,-0.1077,-0.2767
1779988772380,2,12.00000018,Upper Delivery,Delivery,pitch.1,439085,-21.3516,-3.9905,61.0741,128.1073,31.1207,55.1803,-0.0678,0.2792
1779988772380,2,Pitching Mound.Delivery,,Delivery,pitch.1,437925,-9.239,-2.9232,114.4157,14.4006,73.9825,60.2107,-0.0861,-0.002
1779988772380,2,Pitching Mound.Delivery,,Delivery,pitch.1,437926,-9.266,-2.7165,114.0813,15.0677,73.8626,60.0685,-0.0862,-0.0033
1779988772380,2,Pitching Mound.Drive,,Delivery,pitch.1,438499,0.0666,-0.1248,1.5393,0.757,-2.34,-2.3062,0.0,0.0
1779988772380,2,Pitching Mound.Parent,,Delivery,pitch.1,437545,-9.1654,-3.054,115.9363,15.1606,71.5809,57.8963,-0.085,-0.002
1779988772380,2,Pitching Mound.Parent,,Delivery,pitch.1,437546,-9.1994,-2.8413,115.6205,15.8247,71.5226,57.7622,-0.085,-0.0032
1779988772381,2,12.00000018,Upper Delivery,Delivery,pitch.1,439086,-21.3851,-3.8493,61.1136,128.1696,31.4387,55.1725,-0.0685,0.2792
1779988772382,2,11.0000004b,Drive,Delivery,pitch.1,438501,0.05,-0.1201,1.6016,0.7707,-2.4432,-2.3112,0.0,0.0
1779988772382,2,11.0000004b,Drive,Delivery,pitch.1,438500,0.0597,-0.1134,1.5566,0.748,-2.3976,-2.3214,0.0,0.0
1779988772382,2,12.00000015,Lower Delivery,Delivery,pitch.1,438229,12.0745,1.3496,52.8203,-110.5335,42.9769,16.2487,-0.1083,-0.2786
1779988772382,2,12.00000018,Upper Delivery,Delivery,pitch.1,439087,-21.4289,-3.7406,61.2674,128.5193,31.851,55.1086,-0.0692,0.2793
1779988772382,2,Pitching Mound.Delivery,,Delivery,pitch.1,437927,-9.3106,-2.4997,113.9339,14.8163,74.4156,60.045,-0.087,-0.0041
1779988772382,2,Pitching Mound.Drive,,Delivery,pitch.1,438501,0.05,-0.1201,1.6016,0.7707,-2.4432,-2.3112,0.0,0.0
1779988772382,2,Pitching Mound.Drive,,Delivery,pitch.1,438500,0.0597,-0.1134,1.5566,0.748,-2.3976,-2.3214,0.0,0.0
1779988772382,2,Pitching Mound.Parent,,Delivery,pitch.1,437547,-9.2509,-2.6131,115.4905,15.5643,72.0179,57.7236,-0.0858,-0.0041
1779988772383,2,12.00000015,Lower Delivery,Delivery,pitch.1,438231,11.8913,1.3619,51.3753,-107.7769,41.4357,16.1849,-0.1074,-0.2793
1779988772383,2,12.00000015,Lower Delivery,Delivery,pitch.1,438230,11.9707,1.3327,51.9016,-108.5238,42.0194,16.1676,-0.1078,-0.2784
1779988772383,2,12.00000018,Upper Delivery,Delivery,pitch.1,439088,-21.4458,-3.6407,61.2792,128.87,31.8653,55.0447,-0.0692,0.28
1779988772383,2,Pitching Mound.Delivery,,Delivery,pitch.1,437929,-9.5545,-2.2788,112.6546,17.7259,73.301,59.895,-0.0866,-0.005
1779988772383,2,Pitching Mound.Delivery,,Delivery,pitch.1,437928,-9.4582,-2.4079,113.1689,16.8111,73.8704,59.9204,-0.0869,-0.0046
1779988772383,2,Pitching Mound.Parent,,Delivery,pitch.1,437548,-9.4082,-2.528,114.7705,17.5818,71.4272,57.6092,-0.0857,-0.0046
1779988772384,2,11.0000004b,Drive,Delivery,pitch.1,438502,0.0597,-0.1286,1.585,0.7681,-2.5711,-2.3118,0.0,0.0
1779988772384,2,11.0000004b,Drive,Delivery,pitch.1,438503,0.0701,-0.1214,1.5417,0.7875,-2.5541,-2.354,0.0,0.0
1779988772384,2,12.00000015,Lower Delivery,Delivery,pitch.1,438232,11.8455,1.4502,50.8163,-106.4582,40.8786,16.1141,-0.1071,-0.2789
1779988772384,2,12.00000018,Upper Delivery,Delivery,pitch.1,439089,-21.48,-3.5378,61.3743,129.0945,32.001,54.9451,-0.0694,0.28
1779988772384,2,Pitching Mound.Delivery,,Delivery,pitch.1,437930,-9.6345,-2.0876,112.1906,19.0466,72.8796,59.7285,-0.0865,-0.0051
1779988772384,2,Pitching Mound.Drive,,Delivery,pitch.1,438502,0.0597,-0.1286,1.585,0.7681,-2.5711,-2.3118,0.0,0.0
1779988772384,2,Pitching Mound.Drive,,Delivery,pitch.1,438503,0.0701,-0.1214,1.5417,0.7875,-2.5541,-2.354,0.0,0.0
1779988772384,2,Pitching Mound.Parent,,Delivery,pitch.1,437549,-9.4948,-2.4074,114.2395,18.4939,70.7299,57.5832,-0.0854,-0.0049
1779988772384,2,Pitching Mound.Parent,,Delivery,pitch.1,437550,-9.5644,-2.2089,113.7323,19.834,70.3255,57.3745,-0.0853,-0.0051
1779988772385,2,12.00000018,Upper Delivery,Delivery,pitch.1,439090,-21.4998,-3.4339,61.4848,129.7643,32.3445,54.9148,-0.07,0.281
1779988772386,2,11.0000004b,Drive,Delivery,pitch.1,438504,0.0558,-0.1231,1.5539,0.7927,-2.5001,-2.3663,0.0,0.0
1779988772386,2,11.0000004b,Drive,Delivery,pitch.1,438505,0.0453,-0.1015,1.5452,0.7744,-2.5123,-2.3539,0.0,0.0
1779988772386,2,12.00000015,Lower Delivery,Delivery,pitch.1,438233,11.7757,1.4803,50.2288,-105.149,40.2682,16.1357,-0.1067,-0.2787
1779988772386,2,12.00000018,Upper Delivery,Delivery,pitch.1,439091,-21.5123,-3.31,61.6821,130.1778,32.2317,54.8247,-0.0696,0.281
1779988772386,2,Pitching Mound.Delivery,,Delivery,pitch.1,437931,-9.7241,-1.9536,111.7136,20.7882,72.6127,59.7368,-0.0865,-0.0049
1779988772386,2,Pitching Mound.Drive,,Delivery,pitch.1,438504,0.0558,-0.1231,1.5539,0.7927,-2.5001,-2.3663,0.0,0.0
1779988772386,2,Pitching Mound.Drive,,Delivery,pitch.1,438505,0.0453,-0.1015,1.5452,0.7744,-2.5123,-2.3539,0.0,0.0
1779988772386,2,Pitching Mound.Parent,,Delivery,pitch.1,437551,-9.6683,-2.0767,113.2675,21.5809,70.1126,57.3705,-0.0853,-0.0049
1779988772387,2,11.0000004b,Drive,Delivery,pitch.1,438506,0.0352,-0.0825,1.5246,0.7917,-2.5289,-2.3626,0.0,0.0
1779988772387,2,12.00000015,Lower Delivery,Delivery,pitch.1,438234,11.6937,1.5716,49.8195,-104.7703,40.293,16.2243,-0.1077,-0.28
1779988772387,2,12.00000015,Lower Delivery,Delivery,pitch.1,438235,11.5926,1.5733,48.9554,-102.6234,39.0544,16.258,-0.1062,-0.2791
1779988772387,2,12.00000018,Upper Delivery,Delivery,pitch.1,439092,-21.5486,-3.2273,61.8597,130.6471,32.4632,54.7365,-0.0699,0.2812
1779988772387,2,Pitching Mound.Delivery,,Delivery,pitch.1,437932,-9.8187,-1.7384,111.5016,21.3742,72.5246,59.759,-0.0866,-0.0058
1779988772387,2,Pitching Mound.Delivery,,Delivery,pitch.1,437933,-9.956,-1.6539,110.8151,23.6362,71.5176,59.7265,-0.0859,-0.0059
1779988772387,2,Pitching Mound.Drive,,Delivery,pitch.1,438506,0.0352,-0.0825,1.5246,0.7917,-2.5289,-2.3626,0.0,0.0
1779988772387,2,Pitching Mound.Parent,,Delivery,pitch.1,437552,-9.7733,-1.8399,113.0468,22.1486,70.0123,57.4052,-0.0854,-0.0058
1779988772387,2,Pitching Mound.Parent,,Delivery,pitch.1,437553,-9.9207,-1.7364,112.3397,24.4279,68.9888,57.3639,-0.0848,-0.0058
1779988772388,2,11.0000004b,Drive,Delivery,pitch.1,438507,0.0468,-0.074,1.4536,0.7743,-2.5087,-2.3627,0.0,0.0
1779988772388,2,12.00000018,Upper Delivery,Delivery,pitch.1,439093,-21.5393,-3.1066,61.9686,131.1925,32.7644,54.694,-0.0704,0.2818
1779988772388,2,Pitching Mound.Drive,,Delivery,pitch.1,438507,0.0468,-0.074,1.4536,0.7743,-2.5087,-2.3627,0.0,0.0
1779988772389,2,11.0000004b,Drive,Delivery,pitch.1,438508,0.0467,-0.0716,1.4343,0.7493,-2.3196,-2.3212,0.0,0.0
1779988772389,2,12.00000015,Lower Delivery,Delivery,pitch.1,438236,11.5782,1.6231,48.5895,-102.2594,38.562,16.3939,-0.1057,-0.2802
1779988772389,2,12.00000018,Upper Delivery,Delivery,pitch.1,439094,-21.5538,-2.9958,62.2035,131.64,32.6473,54.5443,-0.0699,0.2817
1779988772389,2,Pitching Mound.Delivery,,Delivery,pitch.1,437934,-9.9611,-1.4835,110.5581,24.3842,71.3264,59.828,-0.0859,-0.0063
1779988772389,2,Pitching Mound.Drive,,Delivery,pitch.1,438508,0.0467,-0.0716,1.4343,0.7493,-2.3196,-2.3212,0.0,0.0
1779988772389,2,Pitching Mound.Parent,,Delivery,pitch.1,437554,-9.9143,-1.5575,112.0117,25.1585,68.8177,57.4653,-0.0848,-0.0062
1779988772390,2,11.0000004b,Drive,Delivery,pitch.1,438509,0.0352,-0.0725,1.4451,0.7501,-2.3913,-2.3236,0.0,0.0
1779988772390,2,12.00000015,Lower Delivery,Delivery,pitch.1,438237,11.4763,1.6932,48.0014,-100.9388,38.3262,16.4766,-0.1063,-0.2799
1779988772390,2,12.00000015,Lower Delivery,Delivery,pitch.1,438238,11.4469,1.7314,47.6106,-100.2116,37.7641,16.5912,-0.1056,-0.2802
1779988772390,2,12.00000018,Upper Delivery,Delivery,pitch.1,439095,-21.5971,-2.8695,62.4635,132.0574,32.4007,54.4485,-0.0691,0.2815
1779988772390,2,Pitching Mound.Delivery,,Delivery,pitch.1,437935,-10.0774,-1.3026,110.2049,25.8725,70.9735,59.7906,-0.0857,-0.0067
1779988772390,2,Pitching Mound.Delivery,,Delivery,pitch.1,437936,-10.1502,-1.1381,110.0741,26.7958,70.1649,59.8047,-0.0849,-0.0074
1779988772390,2,Pitching Mound.Drive,,Delivery,pitch.1,438509,0.0352,-0.0725,1.4451,0.7501,-2.3913,-2.3236,0.0,0.0
1779988772390,2,Pitching Mound.Parent,,Delivery,pitch.1,437555,-10.0307,-1.3741,111.6393,26.6218,68.6539,57.4695,-0.0846,-0.0066
1779988772390,2,Pitching Mound.Parent,,Delivery,pitch.1,437556,-10.115,-1.2106,111.5191,27.5458,67.7736,57.4811,-0.0838,-0.0073
1779988772391,2,11.0000004b,Drive,Delivery,pitch.1,438510,0.0363,-0.0653,1.4563,0.7353,-2.4286,-2.3498,0.0,0.0
1779988772391,2,12.00000015,Lower Delivery,Delivery,pitch.1,438239,11.3925,1.7631,47.2348,-99.7248,37.5727,16.764,-0.1059,-0.2811
1779988772391,2,12.00000018,Upper Delivery,Delivery,pitch.1,439096,-21.6411,-2.772,62.7719,132.4487,32.1621,54.3986,-0.0682,0.2809
1779988772391,2,Pitching Mound.Delivery,,Delivery,pitch.1,437937,-10.2485,-1.0089,110.0067,27.4412,69.7348,59.9312,-0.0844,-0.0084
1779988772391,2,Pitching Mound.Drive,,Delivery,pitch.1,438510,0.0363,-0.0653,1.4563,0.7353,-2.4286,-2.3498,0.0,0.0
1779988772391,2,Pitching Mound.Parent,,Delivery,pitch.1,437557,-10.2123,-1.0743,111.463,28.1766,67.3062,57.5814,-0.0833,-0.0083
1779988772392,2,11.0000004b,Drive,Delivery,pitch.1,438511,0.0409,-0.0701,1.4763,0.7536,-2.624,-2.3488,0.0,0.0
1779988772392,2,12.00000018,Upper Delivery,Delivery,pitch.1,439097,-21.6558,-2.6773,62.9163,132.6529,31.6915,54.294,-0.0671,0.2807
1779988772392,2,Pitching Mound.Drive,,Delivery,pitch.1,438511,0.0409,-0.0701,1.4763,0.7536,-2.624,-2.3488,0.0,0.0
1779988772393,2,11.0000004b,Drive,Delivery,pitch.1,438512,0.0429,-0.0624,1.5261,0.7476,-2.5403,-2.3199,0.0,0.0
1779988772393,2,12.00000015,Lower Delivery,Delivery,pitch.1,438240,11.3371,1.7922,46.8248,-98.9628,37.3274,16.9238,-0.1061,-0.2814
1779988772393,2,12.00000018,Upper Delivery,Delivery,pitch.1,439098,-21.6889,-2.5838,63.1165,132.7785,32.0071,54.2591,-0.0675,0.2801
1779988772393,2,Pitching Mound.Delivery,,Delivery,pitch.1,437938,-10.3186,-0.8851,109.741,28.219,69.0189,60.0002,-0.0837,-0.009
1779988772393,2,Pitching Mound.Drive,,Delivery,pitch.1,438512,0.0429,-0.0624,1.5261,0.7476,-2.5403,-2.3199,0.0,0.0
1779988772393,2,Pitching Mound.Parent,,Delivery,pitch.1,437558,-10.2777,-0.9552,111.2174,28.9726,66.3949,57.6514,-0.0826,-0.0089
1779988772394,2,11.0000004b,Drive,Delivery,pitch.1,438513,0.0368,-0.0706,1.5524,0.787,-2.7341,-2.3267,0.0,0.0
1779988772394,2,12.00000015,Lower Delivery,Delivery,pitch.1,438241,11.3434,1.7766,46.366,-97.4379,36.3493,17.0,-0.1044,-0.2798
1779988772394,2,12.00000018,Upper Delivery,Delivery,pitch.1,439099,-21.6954,-2.4965,63.1169,132.8059,31.8559,54.2134,-0.0672,0.2801
1779988772394,2,Pitching Mound.Delivery,,Delivery,pitch.1,437939,-10.3456,-0.8072,109.4825,29.6454,68.3565,60.0281,-0.0831,-0.009
1779988772394,2,Pitching Mound.Drive,,Delivery,pitch.1,438513,0.0368,-0.0706,1.5524,0.787,-2.7341,-2.3267,0.0,0.0
1779988772394,2,Pitching Mound.Parent,,Delivery,pitch.1,437559,-10.3027,-0.8696,111.0086,30.393,65.8162,57.7082,-0.082,-0.0089
1779988772395,2,11.0000004b,Drive,Delivery,pitch.1,438514,0.0451,-0.0675,1.5886,0.8346,-2.778,-2.3059,0.0,0.0
1779988772395,2,12.00000015,Lower Delivery,Delivery,pitch.1,438243,11.3788,1.7866,45.4615,-94.5697,35.2085,17.3385,-0.1031,-0.2769
1779988772395,2,12.00000015,Lower Delivery,Delivery,pitch.1,438242,11.3167,1.8266,46.0498,-96.835,36.3489,17.1245,-0.1051,-0.2799
1779988772395,2,12.00000018,Upper Delivery,Delivery,pitch.1,439100,-21.6869,-2.4328,63.1346,132.9324,32.015,54.196,-0.0675,0.2803
1779988772395,2,Pitching Mound.Delivery,,Delivery,pitch.1,437941,-10.3081,-0.6462,108.5962,32.3538,67.2234,60.2922,-0.0824,-0.0083
1779988772395,2,Pitching Mound.Delivery,,Delivery,pitch.1,437940,-10.3787,-0.6698,109.1667,30.1681,68.2048,60.1138,-0.0832,-0.0093
1779988772395,2,Pitching Mound.Drive,,Delivery,pitch.1,438514,0.0451,-0.0675,1.5886,0.8346,-2.778,-2.3059,0.0,0.0
1779988772395,2,Pitching Mound.Parent,,Delivery,pitch.1,437561,-10.263,-0.7137,110.1847,33.1884,64.4454,57.9863,-0.0812,-0.0082
1779988772395,2,Pitching Mound.Parent,,Delivery,pitch.1,437560,-10.3418,-0.7404,110.7191,30.9551,65.4707,57.787,-0.082,-0.0092
1779988772396,2,11.0000004b,Drive,Delivery,pitch.1,438515,0.0541,-0.0573,1.6693,0.8088,-2.8548,-2.2722,0.0,0.0
1779988772396,2,12.00000015,Lower Delivery,Delivery,pitch.1,438244,11.4803,1.7983,45.0466,-93.1087,34.8594,17.4831,-0.103,-0.2752
1779988772396,2,12.00000018,Upper Delivery,Delivery,pitch.1,439101,-21.6933,-2.3665,63.1564,132.9555,32.2887,54.115,-0.0681,0.2803
1779988772396,2,Pitching Mound.Delivery,,Delivery,pitch.1,437942,-10.213,-0.5682,108.2029,33.6895,67.1481,60.3191,-0.0826,-0.0079
1779988772396,2,Pitching Mound.Drive,,Delivery,pitch.1,438515,0.0541,-0.0573,1.6693,0.8088,-2.8548,-2.2722,0.0,0.0
1779988772396,2,Pitching Mound.Parent,,Delivery,pitch.1,437562,-10.1589,-0.6255,109.8722,34.4983,64.2933,58.0469,-0.0814,-0.0078
1779988772397,2,11.0000004b,Drive,Delivery,pitch.1,438516,0.0578,-0.0832,1.6306,0.8485,-3.1114,-2.3099,0.0,0.0
1779988772397,2,12.00000015,Lower Delivery,Delivery,pitch.1,438245,11.6199,1.8962,45.4542,-94.6474,35.7001,17.6795,-0.1046,-0.2772
1779988772397,2,12.00000018,Upper Delivery,Delivery,pitch.1,439102,-21.6787,-2.329,63.1965,133.1028,32.604,54.0911,-0.0687,0.2804
1779988772397,2,Pitching Mound.Delivery,,Delivery,pitch.1,437943,-10.0587,-0.4328,108.6506,32.423,68.3042,60.4491,-0.0837,-0.0084
1779988772397,2,Pitching Mound.Drive,,Delivery,pitch.1,438516,0.0578,-0.0832,1.6306,0.8485,-3.1114,-2.3099,0.0,0.0
1779988772397,2,Pitching Mound.Parent,,Delivery,pitch.1,437563,-10.001,-0.516,110.2812,33.2716,65.1927,58.1392,-0.0825,-0.0083
1779988772398,2,11.0000004b,Drive,Delivery,pitch.1,438517,0.0682,-0.0819,1.6389,0.8282,-2.9887,-2.2651,0.0,0.0
1779988772398,2,12.00000015,Lower Delivery,Delivery,pitch.1,438246,11.769,1.923,45.121,-93.1899,35.42,17.9448,-0.1045,-0.275
1779988772398,2,12.00000018,Upper Delivery,Delivery,pitch.1,439103,-21.6266,-2.2599,63.1066,133.2135,32.8375,53.9715,-0.0693,0.281
1779988772398,2,Pitching Mound.Delivery,,Delivery,pitch.1,437944,-9.8576,-0.3369,108.2276,33.9085,68.2574,60.5617,-0.084,-0.0073
1779988772398,2,Pitching Mound.Drive,,Delivery,pitch.1,438517,0.0682,-0.0819,1.6389,0.8282,-2.9887,-2.2651,0.0,0.0
1779988772398,2,Pitching Mound.Parent,,Delivery,pitch.1,437564,-9.7894,-0.4188,109.8665,34.7367,65.2688,58.2966,-0.0827,-0.0072
1779988772399,2,11.0000004b,Drive,Delivery,pitch.1,438518,0.0617,-0.0744,1.6133,0.8246,-2.9744,-2.2595,0.0,0.0
1779988772399,2,12.00000015,Lower Delivery,Delivery,pitch.1,438247,11.9512,1.9796,44.7545,-92.7128,34.8911,18.1255,-0.1038,-0.2758
1779988772399,2,12.00000018,Upper Delivery,Delivery,pitch.1,439104,-21.5898,-2.183,63.0926,133.423,32.6788,53.8565,-0.069,0.2815
1779988772399,2,Pitching Mound.Delivery,,Delivery,pitch.1,437945,-9.6385,-0.2034,107.8471,34.4753,67.5699,60.5781,-0.0834,-0.0076
1779988772399,2,Pitching Mound.Drive,,Delivery,pitch.1,438518,0.0617,-0.0744,1.6133,0.8246,-2.9744,-2.2595,0.0,0.0
1779988772399,2,Pitching Mound.Parent,,Delivery,pitch.1,437565,-9.5769,-0.2777,109.4604,35.2999,64.5955,58.3186,-0.0822,-0.0074
1779988772400,2,11.0000004b,Drive,Delivery,pitch.1,438519,0.0615,-0.0817,1.6861,0.827,-3.017,-2.2792,0.0,0.0
1779988772400,2,12.00000015,Lower Delivery,Delivery,pitch.1,438248,12.2115,2.0915,44.4423,-90.7172,34.6415,18.3073,-0.1038,-0.2717
1779988772400,2,12.00000018,Upper Delivery,Delivery,pitch.1,439105,-21.5573,-2.1812,63.3099,133.8375,33.006,53.7062,-0.0694,0.2814
1779988772400,2,Pitching Mound.Delivery,,Delivery,pitch.1,437946,-9.3458,-0.0898,107.7522,36.7053,67.6475,60.532,-0.0836,-0.0063
1779988772400,2,Pitching Mound.Drive,,Delivery,pitch.1,438519,0.0615,-0.0817,1.6861,0.827,-3.017,-2.2792,0.0,0.0
1779988772400,2,Pitching Mound.Parent,,Delivery,pitch.1,437566,-9.2843,-0.1715,109.4383,37.5323,64.6305,58.2528,-0.0823,-0.0062
1779988772401,2,11.0000004b,Drive,Delivery,pitch.1,438520,0.0586,-0.0759,1.6459,0.7786,-2.8914,-2.2645,0.0,0.0
1779988772401,2,12.00000015,Lower Delivery,Delivery,pitch.1,438249,12.3153,2.0865,43.9956,-89.9845,34.5203,18.4454,-0.1045,-0.2723
1779988772401,2,12.00000018,Upper Delivery,Delivery,pitch.1,439106,-21.5183,-2.147,63.3576,134.1576,33.3368,53.5376,-0.07,0.2819
1779988772401,2,Pitching Mound.Delivery,,Delivery,pitch.1,437947,-9.203,-0.0605,107.3532,37.5901,67.8571,60.4795,-0.0841,-0.0065
1779988772401,2,Pitching Mound.Drive,,Delivery,pitch.1,438520,0.0586,-0.0759,1.6459,0.7786,-2.8914,-2.2645,0.0,0.0
1779988772401,2,Pitching Mound.Parent,,Delivery,pitch.1,437567,-9.1444,-0.1364,108.9991,38.3687,64.9657,58.215,-0.0829,-0.0064
1779988772402,2,11.0000004b,Drive,Delivery,pitch.1,438521,0.0502,-0.0739,1.6986,0.7852,-2.964,-2.2551,0.0,0.0
1779988772402,2,12.00000015,Lower Delivery,Delivery,pitch.1,438250,12.3445,2.0962,43.6028,-89.7969,34.3249,18.5364,-0.1048,-0.2742
1779988772402,2,12.00000018,Upper Delivery,Delivery,pitch.1,439107,-21.441,-2.1278,63.5036,134.8437,33.4564,53.3547,-0.0701,0.2827
1779988772402,2,Pitching Mound.Delivery,,Delivery,pitch.1,437948,-9.0965,-0.0316,107.1063,38.2805,67.7813,60.404,-0.0842,-0.0072
1779988772402,2,Pitching Mound.Drive,,Delivery,pitch.1,438521,0.0502,-0.0739,1.6986,0.7852,-2.964,-2.2551,0.0,0.0
1779988772402,2,Pitching Mound.Parent,,Delivery,pitch.1,437568,-9.0463,-0.1055,108.8049,39.0658,64.8173,58.1489,-0.0829,-0.0071
1779988772403,2,11.0000004b,Drive,Delivery,pitch.1,438522,0.0476,-0.0884,1.6942,0.7598,-2.7585,-2.2383,0.0,0.0
1779988772403,2,12.00000015,Lower Delivery,Delivery,pitch.1,438251,12.528,2.1903,43.1096,-87.2582,33.3214,18.5178,-0.1029,-0.2695
1779988772403,2,12.00000018,Upper Delivery,Delivery,pitch.1,439108,-21.3774,-2.057,63.5869,135.4456,33.6317,53.0846,-0.0704,0.2836
1779988772403,2,Pitching Mound.Delivery,,Delivery,pitch.1,437949,-8.8494,0.1332,106.6965,41.2252,66.9531,60.0745,-0.0835,-0.0051
1779988772403,2,Pitching Mound.Drive,,Delivery,pitch.1,438522,0.0476,-0.0884,1.6942,0.7598,-2.7585,-2.2383,0.0,0.0
1779988772403,2,Pitching Mound.Parent,,Delivery,pitch.1,437569,-8.8018,0.0449,108.3907,41.9849,64.1946,57.8363,-0.0822,-0.005
1779988772404,2,11.0000004b,Drive,Delivery,pitch.1,438523,0.0446,-0.0843,1.6593,0.7405,-2.6404,-2.2297,0.0,0.0
1779988772404,2,12.00000015,Lower Delivery,Delivery,pitch.1,438252,12.6076,2.2261,42.7307,-86.9217,33.1133,18.708,-0.1032,-0.2708
1779988772404,2,12.00000018,Upper Delivery,Delivery,pitch.1,439109,-21.3201,-2.0262,63.8068,136.1298,33.2138,52.7946,-0.0693,0.284
1779988772404,2,Pitching Mound.Delivery,,Delivery,pitch.1,437950,-8.7125,0.1999,106.5375,42.0423,66.3272,59.9671,-0.0829,-0.0058
1779988772404,2,Pitching Mound.Drive,,Delivery,pitch.1,438523,0.0446,-0.0843,1.6593,0.7405,-2.6404,-2.2297,0.0,0.0
1779988772404,2,Pitching Mound.Parent,,Delivery,pitch.1,437570,-8.6679,0.1156,108.1968,42.7828,63.6868,57.7375,-0.0816,-0.0057
1779988772405,2,11.0000004b,Drive,Delivery,pitch.1,438524,0.0433,-0.0838,1.6723,0.7317,-2.6042,-2.2168,0.0,0.0
1779988772405,2,12.00000015,Lower Delivery,Delivery,pitch.1,438253,12.6791,2.2898,42.3579,-85.8054,32.973,18.7069,-0.1036,-0.2697
1779988772405,2,12.00000018,Upper Delivery,Delivery,pitch.1,439110,-21.2511,-1.9636,63.8923,136.7969,33.4073,52.5151,-0.0696,0.285
1779988772405,2,Pitching Mound.Delivery,,Delivery,pitch.1,437951,-8.5721,0.3262,106.2503,43.6698,66.3803,59.6857,-0.0832,-0.005
1779988772405,2,Pitching Mound.Drive,,Delivery,pitch.1,438524,0.0433,-0.0838,1.6723,0.7317,-2.6042,-2.2168,0.0,0.0
1779988772405,2,Pitching Mound.Parent,,Delivery,pitch.1,437571,-8.5288,0.2424,107.9225,44.4015,63.7761,57.4689,-0.0819,-0.0049
1779988772406,2,11.0000004b,Drive,Delivery,pitch.1,438525,0.0401,-0.0944,1.6669,0.7395,-2.6754,-2.2515,0.0,0.0
1779988772406,2,12.00000015,Lower Delivery,Delivery,pitch.1,438254,12.7275,2.2871,41.5157,-83.3123,31.6401,18.7036,-0.1015,-0.2672
1779988772406,2,12.00000018,Upper Delivery,Delivery,pitch.1,439111,-21.1882,-1.8941,63.9415,137.0754,33.4343,52.2314,-0.0696,0.2854
1779988772406,2,Pitching Mound.Delivery,,Delivery,pitch.1,437952,-8.4607,0.3929,105.4572,46.1383,65.0744,59.4036,-0.0821,-0.0044
1779988772406,2,Pitching Mound.Drive,,Delivery,pitch.1,438525,0.0401,-0.0944,1.6669,0.7395,-2.6754,-2.2515,0.0,0.0
1779988772406,2,Pitching Mound.Parent,,Delivery,pitch.1,437572,-8.4206,0.2985,107.1241,46.8778,62.399,57.1521,-0.0809,-0.0044
1779988772407,2,11.0000004b,Drive,Delivery,pitch.1,438526,0.0458,-0.1253,1.6235,0.7334,-2.7178,-2.2574,0.0,0.0
1779988772407,2,12.00000015,Lower Delivery,Delivery,pitch.1,438255,12.695,2.2848,40.9066,-82.3567,30.929,18.7728,-0.1007,-0.268
1779988772407,2,12.00000018,Upper Delivery,Delivery,pitch.1,439112,-21.104,-1.7966,64.0344,137.4844,33.4005,51.9479,-0.0694,0.2858
1779988772407,2,Pitching Mound.Delivery,,Delivery,pitch.1,437953,-8.409,0.4882,104.941,47.2643,64.3295,59.2291,-0.0816,-0.005
1779988772407,2,Pitching Mound.Drive,,Delivery,pitch.1,438526,0.0458,-0.1253,1.6235,0.7334,-2.7178,-2.2574,0.0,0.0
1779988772407,2,Pitching Mound.Parent,,Delivery,pitch.1,437573,-8.3632,0.3629,106.5645,47.9976,61.6117,56.9717,-0.0804,-0.0049
1779988772408,2,11.0000004b,Drive,Delivery,pitch.1,438527,0.0492,-0.1178,1.6539,0.7263,-2.8109,-2.2604,0.0,0.0
1779988772408,2,12.00000015,Lower Delivery,Delivery,pitch.1,438256,12.811,2.223,40.1105,-80.2724,29.6926,18.8405,-0.0986,-0.2664
1779988772408,2,12.00000018,Upper Delivery,Delivery,pitch.1,439113,-21.0472,-1.7265,64.0388,137.7642,33.3578,51.6439,-0.0693,0.2864
1779988772408,2,Pitching Mound.Delivery,,Delivery,pitch.1,437954,-8.2361,0.4966,104.1493,49.3563,63.0504,58.9726,-0.0806,-0.0046
1779988772408,2,Pitching Mound.Drive,,Delivery,pitch.1,438527,0.0492,-0.1178,1.6539,0.7263,-2.8109,-2.2604,0.0,0.0
1779988772408,2,Pitching Mound.Parent,,Delivery,pitch.1,437574,-8.1869,0.3788,105.8031,50.0825,60.2396,56.7122,-0.0793,-0.0046
1779988772409,2,11.0000004b,Drive,Delivery,pitch.1,438528,0.0593,-0.1516,1.6136,0.7389,-2.8077,-2.2996,0.0,0.0
1779988772409,2,12.00000015,Lower Delivery,Delivery,pitch.1,438257,12.9695,2.3173,40.1922,-81.8063,30.8313,18.9505,-0.1021,-0.271
1779988772409,2,12.00000018,Upper Delivery,Delivery,pitch.1,439114,-21.0031,-1.6272,64.1473,138.2703,33.4623,51.341,-0.0694,0.287
1779988772409,2,Pitching Mound.Delivery,,Delivery,pitch.1,437955,-8.0336,0.6901,104.3395,48.3193,64.2936,58.7408,-0.082,-0.006
1779988772409,2,Pitching Mound.Drive,,Delivery,pitch.1,438528,0.0593,-0.1516,1.6136,0.7389,-2.8077,-2.2996,0.0,0.0
1779988772409,2,Pitching Mound.Parent,,Delivery,pitch.1,437575,-7.9743,0.5385,105.9531,49.0582,61.4858,56.4412,-0.0808,-0.0059
1779988772410,2,11.0000004b,Drive,Delivery,pitch.1,438529,0.0574,-0.1627,1.6015,0.7426,-2.892,-2.327,0.0,0.0
1779988772410,2,12.00000015,Lower Delivery,Delivery,pitch.1,438258,12.9897,2.3515,40.0263,-81.9361,31.0307,19.12,-0.1032,-0.2725
1779988772410,2,12.00000018,Upper Delivery,Delivery,pitch.1,439115,-20.9235,-1.5124,64.1187,138.3637,33.3534,51.0604,-0.0693,0.2873
1779988772410,2,Pitching Mound.Delivery,,Delivery,pitch.1,437956,-7.9337,0.8391,104.1449,48.2362,64.384,58.6499,-0.0823,-0.0065
1779988772410,2,Pitching Mound.Drive,,Delivery,pitch.1,438529,0.0574,-0.1627,1.6015,0.7426,-2.892,-2.327,0.0,0.0
1779988772410,2,Pitching Mound.Parent,,Delivery,pitch.1,437576,-7.8763,0.6764,105.7464,48.9787,61.492,56.3229,-0.0811,-0.0064
1779988772411,2,11.0000004b,Drive,Delivery,pitch.1,438530,0.0517,-0.1475,1.6101,0.7112,-2.8209,-2.302,0.0,0.0
1779988772411,2,12.00000015,Lower Delivery,Delivery,pitch.1,438259,13.0917,2.4283,39.6872,-81.5166,30.7212,19.334,-0.1031,-0.2734
1779988772411,2,12.00000018,Upper Delivery,Delivery,pitch.1,439116,-20.8394,-1.4103,64.1485,138.8144,33.4613,50.8068,-0.0694,0.2881
1779988772411,2,Pitching Mound.Delivery,,Delivery,pitch.1,437957,-7.7477,1.018,103.8357,48.981,64.1825,58.6042,-0.0823,-0.0066
1779988772411,2,Pitching Mound.Drive,,Delivery,pitch.1,438530,0.0517,-0.1475,1.6101,0.7112,-2.8209,-2.302,0.0,0.0
1779988772411,2,Pitching Mound.Parent,,Delivery,pitch.1,437577,-7.696,0.8705,105.4458,49.6922,61.3616,56.3023,-0.081,-0.0065
1779988772412,2,11.0000004b,Drive,Delivery,pitch.1,438531,0.0573,-0.1591,1.6188,0.7253,-2.8909,-2.3491,0.0,0.0
1779988772412,2,12.00000015,Lower Delivery,Delivery,pitch.1,438260,13.2001,2.4903,39.5458,-81.4208,30.8154,19.5547,-0.1037,-0.2741
1779988772412,2,12.00000018,Upper Delivery,Delivery,pitch.1,439117,-20.7781,-1.3102,64.1567,139.0906,33.5045,50.5119,-0.0695,0.2886
1779988772412,2,Pitching Mound.Delivery,,Delivery,pitch.1,437958,-7.578,1.1801,103.7025,49.3021,64.3199,58.5141,-0.0826,-0.0067
1779988772412,2,Pitching Mound.Drive,,Delivery,pitch.1,438531,0.0573,-0.1591,1.6188,0.7253,-2.8909,-2.3491,0.0,0.0
1779988772412,2,Pitching Mound.Parent,,Delivery,pitch.1,437578,-7.5207,1.0211,105.3212,50.0274,61.429,56.1649,-0.0813,-0.0066
1779988772413,2,11.0000004b,Drive,Delivery,pitch.1,438532,0.0603,-0.182,1.6403,0.737,-2.9562,-2.3424,0.0,0.0
1779988772413,2,12.00000015,Lower Delivery,Delivery,pitch.1,438261,13.2899,2.5296,39.3075,-80.8474,30.6514,19.7533,-0.1038,-0.2738
1779988772413,2,12.00000018,Upper Delivery,Delivery,pitch.1,439118,-20.7047,-1.2415,64.2773,139.3353,34.0982,50.195,-0.0706,0.2886
1779988772413,2,Pitching Mound.Delivery,,Delivery,pitch.1,437959,-7.4149,1.288,103.5848,49.9982,64.7495,58.3901,-0.0832,-0.0068
1779988772413,2,Pitching Mound.Drive,,Delivery,pitch.1,438532,0.0603,-0.182,1.6403,0.737,-2.9562,-2.3424,0.0,0.0
1779988772413,2,Pitching Mound.Parent,,Delivery,pitch.1,437579,-7.3546,1.1061,105.225,50.7352,61.7933,56.0477,-0.0819,-0.0067
1779988772414,2,11.0000004b,Drive,Delivery,pitch.1,438533,0.0622,-0.1667,1.6551,0.7165,-2.7845,-2.3441,0.0,0.0
1779988772414,2,12.00000015,Lower Delivery,Delivery,pitch.1,438262,13.5283,2.6102,39.241,-80.7257,30.7892,19.9652,-0.1045,-0.2739
1779988772414,2,12.00000018,Upper Delivery,Delivery,pitch.1,439119,-20.6231,-1.2587,64.3237,139.6803,34.5815,49.8841,-0.0716,0.2891
1779988772414,2,Pitching Mound.Delivery,,Delivery,pitch.1,437960,-7.0948,1.3515,103.5648,50.4265,65.3707,58.2379,-0.084,-0.0066
1779988772414,2,Pitching Mound.Drive,,Delivery,pitch.1,438533,0.0622,-0.1667,1.6551,0.7165,-2.7845,-2.3441,0.0,0.0
1779988772414,2,Pitching Mound.Parent,,Delivery,pitch.1,437580,-7.0326,1.1848,105.2199,51.1429,62.5861,55.8937,-0.0827,-0.0065
1779988772415,2,11.0000004b,Drive,Delivery,pitch.1,438534,0.0586,-0.169,1.7086,0.7236,-2.6951,-2.3564,0.0,0.0
1779988772415,2,12.00000015,Lower Delivery,Delivery,pitch.1,438263,13.5726,2.6643,38.9422,-79.9802,30.53,20.174,-0.1044,-0.2734
1779988772415,2,12.00000018,Upper Delivery,Delivery,pitch.1,439120,-20.4924,-1.2365,64.1035,139.8795,34.4243,49.5818,-0.0715,0.2905
1779988772415,2,Pitching Mound.Delivery,,Delivery,pitch.1,437961,-6.9198,1.4278,103.0457,51.3445,64.9543,58.1737,-0.0839,-0.0056
1779988772415,2,Pitching Mound.Drive,,Delivery,pitch.1,438534,0.0586,-0.169,1.7086,0.7236,-2.6951,-2.3564,0.0,0.0
1779988772415,2,Pitching Mound.Parent,,Delivery,pitch.1,437581,-6.8612,1.2588,104.7543,52.0681,62.2592,55.8173,-0.0825,-0.0055
1779988772416,2,11.0000004b,Drive,Delivery,pitch.1,438535,0.0689,-0.1559,1.7293,0.7196,-2.7352,-2.3659,0.0,0.0
1779988772416,2,12.00000015,Lower Delivery,Delivery,pitch.1,438264,13.5916,2.715,38.6817,-78.9044,29.9809,20.4104,-0.1032,-0.2716
1779988772416,2,12.00000018,Upper Delivery,Delivery,pitch.1,439121,-20.3667,-1.239,63.9912,140.1335,34.7471,49.333,-0.0723,0.2915
1779988772416,2,Pitching Mound.Delivery,,Delivery,pitch.1,437962,-6.7752,1.4759,102.6729,52.6238,64.728,58.1976,-0.0839,-0.0044
1779988772416,2,Pitching Mound.Drive,,Delivery,pitch.1,438535,0.0689,-0.1559,1.7293,0.7196,-2.7352,-2.3659,0.0,0.0
1779988772416,2,Pitching Mound.Parent,,Delivery,pitch.1,437582,-6.7063,1.32,104.4022,53.3434,61.9928,55.8317,-0.0825,-0.0043
1779988772417,2,11.0000004b,Drive,Delivery,pitch.1,438536,0.0544,-0.1671,1.7718,0.7505,-2.7405,-2.3464,0.0,0.0
1779988772417,2,12.00000015,Lower Delivery,Delivery,pitch.1,438265,13.6442,2.7349,38.363,-77.7167,29.4714,20.5556,-0.1023,-0.2697
1779988772417,2,12.00000018,Upper Delivery,Delivery,pitch.1,439122,-20.2425,-1.2665,63.854,140.358,35.0237,48.9859,-0.073,0.2926
1779988772417,2,Pitching Mound.Delivery,,Delivery,pitch.1,437963,-6.5983,1.4684,102.217,53.9744,64.495,58.02,-0.084,-0.0032
1779988772417,2,Pitching Mound.Drive,,Delivery,pitch.1,438536,0.0544,-0.1671,1.7718,0.7505,-2.7405,-2.3464,0.0,0.0
1779988772417,2,Pitching Mound.Parent,,Delivery,pitch.1,437583,-6.5439,1.3013,103.9888,54.7249,61.7545,55.6736,-0.0826,-0.0032
1779988772418,2,11.0000004b,Drive,Delivery,pitch.1,438537,0.0719,-0.1631,1.704,0.7481,-2.6183,-2.3465,0.0,0.0
1779988772418,2,12.00000015,Lower Delivery,Delivery,pitch.1,438266,13.7233,2.7765,37.9573,-76.7081,28.9861,20.7213,-0.1017,-0.269
1779988772418,2,12.00000018,Upper Delivery,Delivery,pitch.1,439123,-20.1037,-1.3007,63.6527,140.3473,34.9145,48.666,-0.073,0.2935
1779988772418,2,Pitching Mound.Delivery,,Delivery,pitch.1,437964,-6.3804,1.4758,101.61,54.9028,63.9006,57.8861,-0.0837,-0.0026
1779988772418,2,Pitching Mound.Drive,,Delivery,pitch.1,438537,0.0719,-0.1631,1.704,0.7481,-2.6183,-2.3465,0.0,0.0
1779988772418,2,Pitching Mound.Parent,,Delivery,pitch.1,437584,-6.3085,1.3127,103.3139,55.6509,61.2823,55.5396,-0.0823,-0.0026
1779988772419,2,11.0000004b,Drive,Delivery,pitch.1,438538,0.0744,-0.1516,1.6657,0.7491,-2.5333,-2.3863,0.0,0.0
1779988772419,2,12.00000015,Lower Delivery,Delivery,pitch.1,438267,13.705,2.7963,37.5657,-75.8504,28.8719,20.8691,-0.1023,-0.2688
1779988772419,2,12.00000018,Upper Delivery,Delivery,pitch.1,439124,-19.9552,-1.416,63.6031,140.6846,34.9081,48.3698,-0.0731,0.2945
1779988772419,2,Pitching Mound.Delivery,,Delivery,pitch.1,437965,-6.2502,1.3803,101.1688,55.9815,63.7801,57.7944,-0.0839,-0.0022
1779988772419,2,Pitching Mound.Drive,,Delivery,pitch.1,438538,0.0744,-0.1516,1.6657,0.7491,-2.5333,-2.3863,0.0,0.0
1779988772419,2,Pitching Mound.Parent,,Delivery,pitch.1,437585,-6.1758,1.2287,102.8344,56.7306,61.2467,55.4081,-0.0826,-0.0022
1779988772420,2,11.0000004b,Drive,Delivery,pitch.1,438539,0.0774,-0.1302,1.6697,0.7484,-2.4417,-2.3618,0.0,0.0
1779988772420,2,12.00000015,Lower Delivery,Delivery,pitch.1,438268,13.6931,2.8226,37.1859,-74.8214,28.4221,20.9618,-0.1018,-0.2679
1779988772420,2,12.00000018,Upper Delivery,Delivery,pitch.1,439125,-19.8042,-1.505,63.4825,140.4664,34.5215,48.0791,-0.0724,0.2946
1779988772420,2,Pitching Mound.Delivery,,Delivery,pitch.1,437966,-6.1111,1.3176,100.6684,56.7041,62.9435,57.6518,-0.0832,-0.002
1779988772420,2,Pitching Mound.Drive,,Delivery,pitch.1,438539,0.0774,-0.1302,1.6697,0.7484,-2.4417,-2.3618,0.0,0.0
1779988772420,2,Pitching Mound.Parent,,Delivery,pitch.1,437586,-6.0337,1.1874,102.3381,57.4525,60.5018,55.29,-0.0819,-0.002
1779988772421,2,11.0000004b,Drive,Delivery,pitch.1,438540,0.067,-0.1349,1.7057,0.7699,-2.4224,-2.3499,0.0,0.0
1779988772421,2,12.00000015,Lower Delivery,Delivery,pitch.1,438269,13.8875,2.849,36.9631,-74.2809,28.3239,21.0151,-0.102,-0.2675
1779988772421,2,12.00000018,Upper Delivery,Delivery,pitch.1,439126,-19.6735,-1.6157,63.3254,140.5016,34.7499,47.7664,-0.0731,0.2954
1779988772421,2,Pitching Mound.Delivery,,Delivery,pitch.1,437967,-5.786,1.2334,100.2884,57.2574,63.0738,57.3707,-0.0837,-0.0015
1779988772421,2,Pitching Mound.Drive,,Delivery,pitch.1,438540,0.067,-0.1349,1.7057,0.7699,-2.4224,-2.3499,0.0,0.0
1779988772421,2,Pitching Mound.Parent,,Delivery,pitch.1,437587,-5.7191,1.0985,101.9942,58.0273,60.6513,55.0208,-0.0823,-0.0014
1779988772422,2,11.0000004b,Drive,Delivery,pitch.1,438541,0.0778,-0.1684,1.6641,0.7841,-2.6017,-2.3874,0.0,0.0
1779988772422,2,12.00000015,Lower Delivery,Delivery,pitch.1,438270,13.9235,2.8415,36.5783,-73.5128,27.8076,21.1163,-0.1012,-0.2676
1779988772422,2,12.00000018,Upper Delivery,Delivery,pitch.1,439127,-19.5401,-1.6963,63.1684,140.1506,34.4989,47.4563,-0.0727,0.2954
1779988772422,2,Pitching Mound.Delivery,,Delivery,pitch.1,437968,-5.6166,1.1451,99.7467,57.5972,62.3065,57.195,-0.0832,-0.0017
1779988772422,2,Pitching Mound.Drive,,Delivery,pitch.1,438541,0.0778,-0.1684,1.6641,0.7841,-2.6017,-2.3874,0.0,0.0
1779988772422,2,Pitching Mound.Parent,,Delivery,pitch.1,437588,-5.5388,0.9767,101.4107,58.3813,59.7048,54.8076,-0.0818,-0.0017
1779988772423,2,11.0000004b,Drive,Delivery,pitch.1,438542,0.0717,-0.1291,1.6065,0.7562,-2.4476,-2.3529,0.0,0.0
1779988772423,2,12.00000015,Lower Delivery,Delivery,pitch.1,438271,13.849,2.8143,36.1766,-72.6502,27.211,21.1918,-0.1001,-0.2673
1779988772423,2,12.00000018,Upper Delivery,Delivery,pitch.1,439128,-19.4076,-1.7642,63.2696,140.2176,34.6786,47.1761,-0.073,0.295
1779988772423,2,Pitching Mound.Delivery,,Delivery,pitch.1,437969,-5.5587,1.0501,99.4461,58.3558,61.8896,57.0606,-0.0829,-0.0022
1779988772423,2,Pitching Mound.Drive,,Delivery,pitch.1,438542,0.0717,-0.1291,1.6065,0.7562,-2.4476,-2.3529,0.0,0.0
1779988772423,2,Pitching Mound.Parent,,Delivery,pitch.1,437589,-5.487,0.921,101.0527,59.112,59.442,54.7078,-0.0815,-0.0021
1779988772424,2,11.0000004b,Drive,Delivery,pitch.1,438543,0.0765,-0.1132,1.5436,0.7588,-2.4488,-2.3642,0.0,0.0
1779988772424,2,12.00000015,Lower Delivery,Delivery,pitch.1,438272,13.9035,2.7902,35.9885,-72.5062,27.2518,21.2981,-0.1008,-0.2682
1779988772424,2,12.00000018,Upper Delivery,Delivery,pitch.1,439129,-19.2717,-1.7601,62.9868,140.0678,34.497,46.9325,-0.0729,0.296
1779988772424,2,Pitching Mound.Delivery,,Delivery,pitch.1,437970,-5.3683,1.0301,98.9753,58.3821,61.7488,56.951,-0.0831,-0.0019
1779988772424,2,Pitching Mound.Drive,,Delivery,pitch.1,438543,0.0765,-0.1132,1.5436,0.7588,-2.4488,-2.3642,0.0,0.0
1779988772424,2,Pitching Mound.Parent,,Delivery,pitch.1,437590,-5.2917,0.9169,100.5189,59.1409,59.3,54.5868,-0.0818,-0.0018
1779988772425,2,11.0000004b,Drive,Delivery,pitch.1,438544,0.0838,-0.1342,1.5078,0.765,-2.5751,-2.3942,0.0,0.0
1779988772425,2,12.00000015,Lower Delivery,Delivery,pitch.1,438273,13.9206,2.7463,35.756,-72.1218,27.0262,21.4317,-0.1006,-0.2685
1779988772425,2,12.00000018,Upper Delivery,Delivery,pitch.1,439130,-19.1515,-1.7879,62.9894,140.1075,34.5425,46.6558,-0.073,0.2961
1779988772425,2,Pitching Mound.Delivery,,Delivery,pitch.1,437971,-5.231,0.9583,98.7454,58.7264,61.5687,56.843,-0.083,-0.0021
1779988772425,2,Pitching Mound.Drive,,Delivery,pitch.1,438544,0.0838,-0.1342,1.5078,0.765,-2.5751,-2.3942,0.0,0.0
1779988772425,2,Pitching Mound.Parent,,Delivery,pitch.1,437591,-5.1472,0.8241,100.2532,59.4915,58.9936,54.4488,-0.0818,-0.0021
1779988772426,2,11.0000004b,Drive,Delivery,pitch.1,438545,0.0782,-0.1202,1.4198,0.7697,-2.6207,-2.3825,0.0,0.0
1779988772426,2,12.00000015,Lower Delivery,Delivery,pitch.1,438274,13.9899,2.696,35.6268,-71.3826,26.5056,21.5781,-0.099,-0.2667
1779988772426,2,12.00000018,Upper Delivery,Delivery,pitch.1,439131,-19.0724,-1.8077,63.1044,140.1396,34.6792,46.391,-0.0732,0.2956
1779988772426,2,Pitching Mound.Delivery,,Delivery,pitch.1,437972,-5.0825,0.8883,98.7312,59.4146,61.1848,56.7279,-0.0825,-0.0019
1779988772426,2,Pitching Mound.Drive,,Delivery,pitch.1,438545,0.0782,-0.1202,1.4198,0.7697,-2.6207,-2.3825,0.0,0.0
1779988772426,2,Pitching Mound.Parent,,Delivery,pitch.1,437592,-5.0043,0.7681,100.151,60.1842,58.564,54.3454,-0.0813,-0.0019
1779988772427,2,11.0000004b,Drive,Delivery,pitch.1,438546,0.0866,-0.1453,1.4243,0.7758,-2.5952,-2.408,0.0,0.0
1779988772427,2,12.00000015,Lower Delivery,Delivery,pitch.1,438275,14.1028,2.6428,35.4052,-70.8473,26.2024,21.7495,-0.0985,-0.2664
1779988772427,2,12.00000018,Upper Delivery,Delivery,pitch.1,439132,-18.9975,-1.8049,63.339,140.2027,34.7427,46.1044,-0.073,0.2947
1779988772427,2,Pitching Mound.Delivery,,Delivery,pitch.1,437973,-4.8948,0.8379,98.7442,59.8578,60.9451,56.5999,-0.0822,-0.0027
1779988772427,2,Pitching Mound.Drive,,Delivery,pitch.1,438546,0.0866,-0.1453,1.4243,0.7758,-2.5952,-2.408,0.0,0.0
1779988772427,2,Pitching Mound.Parent,,Delivery,pitch.1,437593,-4.8082,0.6926,100.1685,60.6337,58.3499,54.1919,-0.081,-0.0026
1779988772428,2,11.0000004b,Drive,Delivery,pitch.1,438547,0.0775,-0.1326,1.4353,0.7756,-2.6423,-2.4317,0.0,0.0
1779988772428,2,12.00000015,Lower Delivery,Delivery,pitch.1,438276,14.112,2.5976,35.2195,-69.9937,25.5798,21.9449,-0.0967,-0.2646
1779988772428,2,12.00000018,Upper Delivery,Delivery,pitch.1,439133,-18.9167,-1.7676,63.3492,140.3003,34.8352,45.887,-0.0732,0.2948
1779988772428,2,Pitching Mound.Delivery,,Delivery,pitch.1,437974,-4.8048,0.8299,98.5686,60.7425,60.415,56.6022,-0.0816,-0.0021
1779988772428,2,Pitching Mound.Drive,,Delivery,pitch.1,438547,0.0775,-0.1326,1.4353,0.7756,-2.6423,-2.4317,0.0,0.0
1779988772428,2,Pitching Mound.Parent,,Delivery,pitch.1,437594,-4.7273,0.6974,100.0039,61.5181,57.7727,54.1705,-0.0804,-0.002
1779988772429,2,11.0000004b,Drive,Delivery,pitch.1,438548,0.0716,-0.1413,1.4474,0.7742,-2.5886,-2.4223,0.0,0.0
1779988772429,2,12.00000015,Lower Delivery,Delivery,pitch.1,438277,14.1743,2.5568,35.2698,-69.1972,25.3697,22.1659,-0.0958,-0.2612
1779988772429,2,12.00000018,Upper Delivery,Delivery,pitch.1,439134,-18.8466,-1.7147,63.4624,140.6448,35.1389,45.6089,-0.0737,0.295
1779988772429,2,Pitching Mound.Delivery,,Delivery,pitch.1,437975,-4.6724,0.8421,98.7322,61.8621,60.5086,56.5477,-0.0816,-0.0007
1779988772429,2,Pitching Mound.Drive,,Delivery,pitch.1,438548,0.0716,-0.1413,1.4474,0.7742,-2.5886,-2.4223,0.0,0.0
1779988772429,2,Pitching Mound.Parent,,Delivery,pitch.1,437595,-4.6008,0.7009,100.1796,62.6363,57.92,54.1254,-0.0804,-0.0007
1779988772430,2,11.0000004b,Drive,Delivery,pitch.1,438549,0.0568,-0.1477,1.4523,0.7781,-2.5645,-2.4191,0.0,0.0
1779988772430,2,12.00000015,Lower Delivery,Delivery,pitch.1,438278,14.2188,2.5071,35.1996,-68.9247,25.311,22.3115,-0.0957,-0.2607
1779988772430,2,12.00000018,Upper Delivery,Delivery,pitch.1,439135,-18.783,-1.6443,63.446,140.7963,35.2897,45.2559,-0.074,0.2954
1779988772430,2,Pitching Mound.Delivery,,Delivery,pitch.1,437976,-4.5642,0.8628,98.6456,62.2679,60.6008,56.3468,-0.0818,-0.0004
1779988772430,2,Pitching Mound.Drive,,Delivery,pitch.1,438549,0.0568,-0.1477,1.4523,0.7781,-2.5645,-2.4191,0.0,0.0
1779988772430,2,Pitching Mound.Parent,,Delivery,pitch.1,437596,-4.5074,0.7152,100.0978,63.0459,58.0363,53.9278,-0.0806,-0.0004
1779988772431,2,11.0000004b,Drive,Delivery,pitch.1,438550,0.0504,-0.1661,1.43,0.803,-2.8428,-2.4053,0.0,0.0
1779988772431,2,12.00000015,Lower Delivery,Delivery,pitch.1,438279,14.1997,2.435,35.0631,-68.7435,25.3114,22.5649,-0.0961,-0.261
1779988772431,2,12.00000018,Upper Delivery,Delivery,pitch.1,439136,-18.7116,-1.5634,63.6141,141.0246,35.5064,44.9921,-0.0743,0.2951
1779988772431,2,Pitching Mound.Delivery,,Delivery,pitch.1,437977,-4.5119,0.8716,98.6772,62.5737,60.8178,56.3672,-0.0821,-0.0009
1779988772431,2,Pitching Mound.Drive,,Delivery,pitch.1,438550,0.0504,-0.1661,1.43,0.803,-2.8428,-2.4053,0.0,0.0
1779988772431,2,Pitching Mound.Parent,,Delivery,pitch.1,437597,-4.4615,0.7055,100.1072,63.3767,57.975,53.9619,-0.0809,-0.0008
1779988772432,2,11.0000004b,Drive,Delivery,pitch.1,438551,0.047,-0.1471,1.4382,0.7791,-2.7815,-2.386,0.0,0.0
1779988772432,2,12.00000015,Lower Delivery,Delivery,pitch.1,438280,14.2526,2.3782,34.7204,-67.5527,25.056,22.7779,-0.0961,-0.259
1779988772432,2,12.00000018,Upper Delivery,Delivery,pitch.1,439137,-18.6367,-1.4669,63.5482,141.0464,35.5828,44.6337,-0.0745,0.2955
1779988772432,2,Pitching Mound.Delivery,,Delivery,pitch.1,437978,-4.3841,0.9114,98.2685,63.6923,60.6388,56.2292,-0.0821,-0.0002
1779988772432,2,Pitching Mound.Drive,,Delivery,pitch.1,438551,0.047,-0.1471,1.4382,0.7791,-2.7815,-2.386,0.0,0.0
1779988772432,2,Pitching Mound.Parent,,Delivery,pitch.1,437598,-4.3371,0.7643,99.7067,64.4714,57.8573,53.8432,-0.081,-0.0002
1779988772433,2,11.0000004b,Drive,Delivery,pitch.1,438552,0.0302,-0.1256,1.4916,0.7582,-2.6637,-2.3984,0.0,0.0
1779988772433,2,12.00000015,Lower Delivery,Delivery,pitch.1,438281,14.3507,2.3734,34.6794,-68.0675,25.49,22.974,-0.0979,-0.2613
1779988772433,2,12.00000018,Upper Delivery,Delivery,pitch.1,439138,-18.5202,-1.3904,63.4577,141.1413,35.8606,44.2896,-0.0752,0.2961
1779988772433,2,Pitching Mound.Delivery,,Delivery,pitch.1,437979,-4.1695,0.983,98.1372,63.2893,61.3505,56.0875,-0.0832,-0.0006
1779988772433,2,Pitching Mound.Drive,,Delivery,pitch.1,438552,0.0302,-0.1256,1.4916,0.7582,-2.6637,-2.3984,0.0,0.0
1779988772433,2,Pitching Mound.Parent,,Delivery,pitch.1,437599,-4.1393,0.8574,99.6287,64.0475,58.6868,53.6891,-0.082,-0.0006
1779988772434,2,11.0000004b,Drive,Delivery,pitch.1,438553,0.0326,-0.1248,1.4869,0.7731,-2.6958,-2.3808,0.0,0.0
1779988772434,2,12.00000015,Lower Delivery,Delivery,pitch.1,438282,14.4433,2.3826,34.5199,-67.8769,25.587,23.1259,-0.0987,-0.2618
1779988772434,2,12.00000018,Upper Delivery,Delivery,pitch.1,439139,-18.4224,-1.3523,63.5056,141.3953,35.972,43.9158,-0.0754,0.2964
1779988772434,2,Pitching Mound.Delivery,,Delivery,pitch.1,437980,-3.9791,1.0303,98.0255,63.6634,61.559,55.8673,-0.0836,-0.0007
1779988772434,2,Pitching Mound.Drive,,Delivery,pitch.1,438553,0.0326,-0.1248,1.4869,0.7731,-2.6958,-2.3808,0.0,0.0
1779988772434,2,Pitching Mound.Parent,,Delivery,pitch.1,437600,-3.9466,0.9055,99.5124,64.4364,58.8632,53.4865,-0.0824,-0.0007
1779988772435,2,11.0000004b,Drive,Delivery,pitch.1,438554,0.0458,-0.1159,1.4565,0.7459,-2.6647,-2.3908,0.0,0.0
1779988772435,2,12.00000015,Lower Delivery,Delivery,pitch.1,438283,14.5955,2.4023,34.3653,-67.6809,25.6627,23.3146,-0.0994,-0.2622
1779988772435,2,12.00000018,Upper Delivery,Delivery,pitch.1,439140,-18.3072,-1.3183,63.4619,141.3679,36.1325,43.5859,-0.0758,0.2966
1779988772435,2,Pitching Mound.Delivery,,Delivery,pitch.1,437981,-3.7117,1.084,97.8273,63.7941,61.7952,55.7136,-0.0841,-0.0008
1779988772435,2,Pitching Mound.Drive,,Delivery,pitch.1,438554,0.0458,-0.1159,1.4565,0.7459,-2.6647,-2.3908,0.0,0.0
1779988772435,2,Pitching Mound.Parent,,Delivery,pitch.1,437601,-3.6659,0.9681,99.2838,64.54,59.1305,53.3228,-0.0829,-0.0008
1779988772436,2,11.0000004b,Drive,Delivery,pitch.1,438555,0.0288,-0.1045,1.5255,0.7212,-2.6614,-2.3702,0.0,0.0
1779988772436,2,12.00000015,Lower Delivery,Delivery,pitch.1,438284,14.6282,2.4184,34.2153,-67.4883,25.7244,23.425,-0.1001,-0.2626
1779988772436,2,12.00000018,Upper Delivery,Delivery,pitch.1,439141,-18.2053,-1.3213,63.2766,141.4793,36.2087,43.1755,-0.0762,0.2977
1779988772436,2,Pitching Mound.Delivery,,Delivery,pitch.1,437982,-3.5771,1.0971,97.492,64.1101,61.9331,55.4371,-0.0846,-0.0003
1779988772436,2,Pitching Mound.Drive,,Delivery,pitch.1,438555,0.0288,-0.1045,1.5255,0.7212,-2.6614,-2.3702,0.0,0.0
1779988772436,2,Pitching Mound.Parent,,Delivery,pitch.1,437602,-3.5483,0.9926,99.0175,64.8313,59.2717,53.0669,-0.0833,-0.0003
1779988772437,2,11.0000004b,Drive,Delivery,pitch.1,438556,0.0275,-0.098,1.5074,0.7376,-2.7801,-2.3941,0.0,0.0
1779988772437,2,12.00000015,Lower Delivery,Delivery,pitch.1,438285,14.7983,2.4584,34.1076,-67.2383,25.7345,23.5399,-0.1004,-0.2624
1779988772437,2,12.00000018,Upper Delivery,Delivery,pitch.1,439142,-18.0835,-1.3591,63.3701,141.6489,36.4922,42.8383,-0.0767,0.2976
1779988772437,2,Pitching Mound.Delivery,,Delivery,pitch.1,437983,-3.2852,1.0993,97.4777,64.4614,62.2267,55.1983,-0.085,-0.0004
1779988772437,2,Pitching Mound.Drive,,Delivery,pitch.1,438556,0.0275,-0.098,1.5074,0.7376,-2.7801,-2.3941,0.0,0.0
1779988772437,2,Pitching Mound.Parent,,Delivery,pitch.1,437603,-3.2577,1.0013,98.985,65.199,59.4466,52.8042,-0.0837,-0.0004
1779988772438,2,11.0000004b,Drive,Delivery,pitch.1,438557,0.0331,-0.0922,1.5748,0.7462,-2.8861,-2.3922,0.0,0.0
1779988772438,2,12.00000015,Lower Delivery,Delivery,pitch.1,438286,14.7882,2.4478,34.0255,-67.3082,25.9393,23.6689,-0.1015,-0.2633
1779988772438,2,12.00000018,Upper Delivery,Delivery,pitch.1,439143,-17.9523,-1.3966,63.3445,141.8436,36.7875,42.547,-0.0773,0.2981
1779988772438,2,Pitching Mound.Delivery,,Delivery,pitch.1,437984,-3.1641,1.0512,97.37,64.567,62.7268,55.0841,-0.0858,-0.0005
1779988772438,2,Pitching Mound.Drive,,Delivery,pitch.1,438557,0.0331,-0.0922,1.5748,0.7462,-2.8861,-2.3922,0.0,0.0
1779988772438,2,Pitching Mound.Parent,,Delivery,pitch.1,437604,-3.131,0.959,98.9448,65.3132,59.8408,52.6919,-0.0844,-0.0005
1779988772439,2,11.0000004b,Drive,Delivery,pitch.1,438558,0.0258,-0.0911,1.5762,0.7194,-2.7719,-2.3782,0.0,0.0
1779988772439,2,12.00000015,Lower Delivery,Delivery,pitch.1,438287,14.8637,2.4475,33.8502,-67.386,26.0264,23.8159,-0.1024,-0.265
1779988772439,2,12.00000018,Upper Delivery,Delivery,pitch.1,439144,-17.8291,-1.4626,63.3058,142.1608,36.9707,42.3221,-0.0777,0.299
1779988772439,2,Pitching Mound.Delivery,,Delivery,pitch.1,437985,-2.9654,0.9849,97.1561,64.7599,62.997,55.0225,-0.0863,-0.0006
1779988772439,2,Pitching Mound.Drive,,Delivery,pitch.1,438558,0.0258,-0.0911,1.5762,0.7194,-2.7719,-2.3782,0.0,0.0
1779988772439,2,Pitching Mound.Parent,,Delivery,pitch.1,437605,-2.9396,0.8938,98.7323,65.4794,60.2251,52.6443,-0.0849,-0.0006
1779988772440,2,11.0000004b,Drive,Delivery,pitch.1,438559,0.0324,-0.0712,1.5345,0.7165,-2.722,-2.3993,0.0,0.0
1779988772440,2,12.00000015,Lower Delivery,Delivery,pitch.1,438288,14.8473,2.4186,33.5627,-66.8675,25.6515,23.903,-0.1017,-0.2652
1779988772440,2,12.00000018,Upper Delivery,Delivery,pitch.1,439145,-17.6869,-1.5224,63.1833,141.9673,37.0522,42.195,-0.0781,0.2991
1779988772440,2,Pitching Mound.Delivery,,Delivery,pitch.1,437986,-2.8396,0.8961,96.746,65.0287,62.7037,55.0363,-0.0863,-0.0008
1779988772440,2,Pitching Mound.Drive,,Delivery,pitch.1,438559,0.0324,-0.0712,1.5345,0.7165,-2.722,-2.3993,0.0,0.0
1779988772440,2,Pitching Mound.Parent,,Delivery,pitch.1,437606,-2.8072,0.8249,98.2805,65.7452,59.9818,52.6371,-0.0849,-0.0007
1779988772441,2,11.0000004b,Drive,Delivery,pitch.1,438560,0.0365,-0.0814,1.5233,0.7074,-2.7676,-2.403,0.0,0.0
1779988772441,2,12.00000015,Lower Delivery,Delivery,pitch.1,438289,14.838,2.3776,33.4646,-66.6588,25.5883,24.0411,-0.1018,-0.2652
1779988772441,2,12.00000018,Upper Delivery,Delivery,pitch.1,439146,-17.5698,-1.6292,63.2782,142.3579,37.2815,42.1623,-0.0784,0.2995
1779988772441,2,Pitching Mound.Delivery,,Delivery,pitch.1,437987,-2.7318,0.7484,96.7429,65.5624,62.8698,55.1848,-0.0865,-0.0006
1779988772441,2,Pitching Mound.Drive,,Delivery,pitch.1,438560,0.0365,-0.0814,1.5233,0.7074,-2.7676,-2.403,0.0,0.0
1779988772441,2,Pitching Mound.Parent,,Delivery,pitch.1,437607,-2.6953,0.6671,98.2662,66.2698,60.1022,52.7818,-0.0852,-0.0006
1779988772442,2,11.0000004b,Drive,Delivery,pitch.1,438561,0.0421,-0.0835,1.6147,0.7017,-2.6782,-2.4363,0.0,0.0
1779988772442,2,12.00000015,Lower Delivery,Delivery,pitch.1,438290,14.9385,2.3268,33.4483,-65.7249,25.1029,24.1717,-0.0999,-0.2616
1779988772442,2,12.00000018,Upper Delivery,Delivery,pitch.1,439147,-17.4553,-1.7064,63.0888,142.3301,37.3873,42.1157,-0.0789,0.3003
1779988772442,2,Pitching Mound.Delivery,,Delivery,pitch.1,437988,-2.5168,0.6203,96.5372,66.5275,62.4902,55.2736,-0.0862,0.0012
1779988772442,2,Pitching Mound.Drive,,Delivery,pitch.1,438561,0.0421,-0.0835,1.6147,0.7017,-2.6782,-2.4363,0.0,0.0
1779988772442,2,Pitching Mound.Parent,,Delivery,pitch.1,437608,-2.4747,0.5369,98.1519,67.2292,59.812,52.8372,-0.0848,0.0012
1779988772443,2,11.0000004b,Drive,Delivery,pitch.1,438562,0.0487,-0.0901,1.5508,0.7051,-2.5426,-2.4035,0.0,0.0
1779988772443,2,12.00000015,Lower Delivery,Delivery,pitch.1,438291,14.9622,2.2826,33.4906,-65.7992,25.0732,24.319,-0.0997,-0.2616
1779988772443,2,12.00000018,Upper Delivery,Delivery,pitch.1,439148,-17.38,-1.7965,63.2495,142.6728,37.595,42.1309,-0.0791,0.3003
1779988772443,2,Pitching Mound.Delivery,,Delivery,pitch.1,437989,-2.4178,0.486,96.7401,66.7555,62.6682,55.4535,-0.0862,0.0012
1779988772443,2,Pitching Mound.Drive,,Delivery,pitch.1,438562,0.0487,-0.0901,1.5508,0.7051,-2.5426,-2.4035,0.0,0.0
1779988772443,2,Pitching Mound.Parent,,Delivery,pitch.1,437609,-2.3691,0.396,98.2909,67.4607,60.1256,53.0499,-0.0849,0.0012
1779988772444,2,11.0000004b,Drive,Delivery,pitch.1,438563,0.0534,-0.1057,1.4903,0.7124,-2.7985,-2.395,0.0,0.0
1779988772444,2,12.00000015,Lower Delivery,Delivery,pitch.1,438292,15.056,2.2301,33.6717,-65.7691,25.2006,24.4737,-0.0996,-0.26
1779988772444,2,12.00000018,Upper Delivery,Delivery,pitch.1,439149,-17.3429,-1.9311,63.5172,143.0822,37.7475,42.1423,-0.0791,0.2999
1779988772444,2,Pitching Mound.Delivery,,Delivery,pitch.1,437990,-2.2868,0.299,97.1889,67.1657,62.9482,55.6003,-0.0862,0.0015
1779988772444,2,Pitching Mound.Drive,,Delivery,pitch.1,438563,0.0534,-0.1057,1.4903,0.7124,-2.7985,-2.395,0.0,0.0
1779988772444,2,Pitching Mound.Parent,,Delivery,pitch.1,437610,-2.2334,0.1933,98.6792,67.8781,60.1497,53.2053,-0.0849,0.0015
1779988772445,2,11.0000004b,Drive,Delivery,pitch.1,438564,0.056,-0.1152,1.5164,0.7182,-2.6822,-2.3848,0.0,0.0
1779988772445,2,12.00000015,Lower Delivery,Delivery,pitch.1,438293,15.0224,2.1137,33.6862,-65.61,25.2031,24.6514,-0.0996,-0.2593
1779988772445,2,12.00000018,Upper Delivery,Delivery,pitch.1,439150,-17.2651,-1.9979,63.4464,142.982,37.8312,42.1465,-0.0794,0.3
1779988772445,2,Pitching Mound.Delivery,,Delivery,pitch.1,437991,-2.2426,0.1158,97.1326,67.2535,63.0343,55.8202,-0.0864,0.0019
1779988772445,2,Pitching Mound.Drive,,Delivery,pitch.1,438564,0.056,-0.1152,1.5164,0.7182,-2.6822,-2.3848,0.0,0.0
1779988772445,2,Pitching Mound.Parent,,Delivery,pitch.1,437611,-2.1866,0.0006,98.649,67.9717,60.3521,53.4354,-0.0851,0.0018
1779988772446,2,11.0000004b,Drive,Delivery,pitch.1,438565,0.0377,-0.1257,1.5467,0.6996,-2.6207,-2.3582,0.0,0.0
1779988772446,2,12.00000015,Lower Delivery,Delivery,pitch.1,438294,15.1035,2.05,33.7957,-65.7037,25.3147,24.8662,-0.0997,-0.2588
1779988772446,2,12.00000018,Upper Delivery,Delivery,pitch.1,439151,-17.217,-2.0697,63.5179,143.2569,37.9617,42.1694,-0.0796,0.3003
1779988772446,2,Pitching Mound.Delivery,,Delivery,pitch.1,437992,-2.1135,-0.0198,97.3136,67.4476,63.2764,56.0467,-0.0866,0.0022
1779988772446,2,Pitching Mound.Drive,,Delivery,pitch.1,438565,0.0377,-0.1257,1.5467,0.6996,-2.6207,-2.3582,0.0,0.0
1779988772446,2,Pitching Mound.Parent,,Delivery,pitch.1,437612,-2.0758,-0.1455,98.8603,68.1472,60.6557,53.6885,-0.0852,0.0022
1779988772447,2,11.0000004b,Drive,Delivery,pitch.1,438566,0.0546,-0.1293,1.4602,0.7154,-2.5947,-2.3649,0.0,0.0
1779988772447,2,12.00000015,Lower Delivery,Delivery,pitch.1,438295,15.1432,1.9424,33.9806,-65.8927,25.5658,25.0648,-0.1002,-0.2582
1779988772447,2,12.00000018,Upper Delivery,Delivery,pitch.1,439152,-17.1908,-2.1542,63.724,143.9497,38.3374,42.2076,-0.0801,0.3007
1779988772447,2,Pitching Mound.Delivery,,Delivery,pitch.1,437993,-2.0475,-0.2119,97.7046,67.9443,63.9032,56.2789,-0.0871,0.0029
1779988772447,2,Pitching Mound.Drive,,Delivery,pitch.1,438566,0.0546,-0.1293,1.4602,0.7154,-2.5947,-2.3649,0.0,0.0
1779988772447,2,Pitching Mound.Parent,,Delivery,pitch.1,437613,-1.9929,-0.3412,99.1648,68.6597,61.3084,53.9139,-0.0858,0.0028
1779988772448,2,11.0000004b,Drive,Delivery,pitch.1,438567,0.0615,-0.1379,1.4716,0.7157,-2.5235,-2.3672,0.0,0.0
1779988772448,2,12.00000015,Lower Delivery,Delivery,pitch.1,438296,15.1191,1.8589,34.0005,-65.9698,25.6076,25.2285,-0.1003,-0.2583
1779988772448,2,12.00000018,Upper Delivery,Delivery,pitch.1,439153,-17.2076,-2.2378,63.9803,144.1597,38.4582,42.1232,-0.08,0.3
1779988772448,2,Pitching Mound.Delivery,,Delivery,pitch.1,437994,-2.0885,-0.3789,97.9807,67.9968,64.0657,56.3606,-0.087,0.0022
1779988772448,2,Pitching Mound.Drive,,Delivery,pitch.1,438567,0.0615,-0.1379,1.4716,0.7157,-2.5235,-2.3672,0.0,0.0
1779988772448,2,Pitching Mound.Parent,,Delivery,pitch.1,437614,-2.0269,-0.5168,99.4524,68.7125,61.5422,53.9934,-0.0858,0.0022
1779988772449,2,11.0000004b,Drive,Delivery,pitch.1,438568,0.0638,-0.1345,1.3863,0.7048,-2.4254,-2.3346,0.0,0.0
1779988772449,2,12.00000015,Lower Delivery,Delivery,pitch.1,438297,15.2217,1.7998,34.0562,-66.4646,25.9001,25.4354,-0.1012,-0.2598
1779988772449,2,12.00000018,Upper Delivery,Delivery,pitch.1,439154,-17.2337,-2.2869,64.1907,144.2306,38.4941,42.0864,-0.0798,0.2991
1779988772449,2,Pitching Mound.Delivery,,Delivery,pitch.1,437995,-2.012,-0.487,98.2468,67.5203,64.3942,56.4871,-0.0873,0.0011
1779988772449,2,Pitching Mound.Drive,,Delivery,pitch.1,438568,0.0638,-0.1345,1.3863,0.7048,-2.4254,-2.3346,0.0,0.0
1779988772449,2,Pitching Mound.Parent,,Delivery,pitch.1,437615,-1.9482,-0.6215,99.6332,68.2251,61.9688,54.1525,-0.086,0.0011
1779988772450,2,11.0000004b,Drive,Delivery,pitch.1,438569,0.0661,-0.1223,1.3839,0.6907,-2.3891,-2.3157,0.0,0.0
1779988772450,2,12.00000015,Lower Delivery,Delivery,pitch.1,438298,15.2405,1.7082,34.08,-66.5325,26.0296,25.5872,-0.1017,-0.2599
1779988772450,2,12.00000018,Upper Delivery,Delivery,pitch.1,439155,-17.2742,-2.3581,64.4358,144.6309,38.6062,42.0376,-0.0798,0.2988
1779988772450,2,Pitching Mound.Delivery,,Delivery,pitch.1,437996,-2.0337,-0.6499,98.5159,67.7774,64.6358,56.5698,-0.0873,0.0008
1779988772450,2,Pitching Mound.Drive,,Delivery,pitch.1,438569,0.0661,-0.1223,1.3839,0.6907,-2.3891,-2.3157,0.0,0.0
1779988772450,2,Pitching Mound.Parent,,Delivery,pitch.1,437616,-1.9676,-0.7722,99.8998,68.4681,62.2467,54.2541,-0.0861,0.0008
1779988772451,2,11.0000004b,Drive,Delivery,pitch.1,438570,0.0749,-0.1172,1.3871,0.7007,-2.4756,-2.3187,0.0,0.0
1779988772451,2,12.00000015,Lower Delivery,Delivery,pitch.1,438299,15.2292,1.6722,34.2183,-67.0336,26.3016,25.7287,-0.1023,-0.2608
1779988772451,2,12.00000018,Upper Delivery,Delivery,pitch.1,439156,-17.3525,-2.4231,64.9587,145.5617,38.9933,41.9265,-0.0799,0.2983
1779988772451,2,Pitching Mound.Delivery,,Delivery,pitch.1,437997,-2.1233,-0.7509,99.177,68.0764,65.2949,56.5774,-0.0876,0.0
1779988772451,2,Pitching Mound.Drive,,Delivery,pitch.1,438570,0.0749,-0.1172,1.3871,0.7007,-2.4756,-2.3187,0.0,0.0
1779988772451,2,Pitching Mound.Parent,,Delivery,pitch.1,437617,-2.0484,-0.8681,100.5641,68.777,62.8193,54.2588,-0.0864,0.0
1779988772452,2,11.0000004b,Drive,Delivery,pitch.1,438571,0.0609,-0.1099,1.4898,0.7113,-2.5382,-2.3117,0.0,0.0
1779988772452,2,12.00000015,Lower Delivery,Delivery,pitch.1,438300,15.2779,1.6326,34.3358,-67.2295,26.3585,25.8609,-0.1022,-0.2607
1779988772452,2,12.00000018,Upper Delivery,Delivery,pitch.1,439157,-17.3984,-2.469,65.1681,146.0526,39.1166,41.9101,-0.0799,0.2984
1779988772452,2,Pitching Mound.Delivery,,Delivery,pitch.1,437998,-2.1204,-0.8364,99.5039,68.3401,65.4751,56.6611,-0.0876,0.0001
1779988772452,2,Pitching Mound.Drive,,Delivery,pitch.1,438571,0.0609,-0.1099,1.4898,0.7113,-2.5382,-2.3117,0.0,0.0
1779988772452,2,Pitching Mound.Parent,,Delivery,pitch.1,437618,-2.0595,-0.9463,100.9937,69.0515,62.9369,54.3494,-0.0863,0.0001
1779988772453,2,11.0000004b,Drive,Delivery,pitch.1,438572,0.0774,-0.1191,1.4638,0.7138,-2.563,-2.325,0.0,0.0
1779988772453,2,12.00000015,Lower Delivery,Delivery,pitch.1,438301,15.3543,1.6139,34.3753,-67.5794,26.6605,25.9696,-0.1032,-0.2617
1779988772453,2,12.00000018,Upper Delivery,Delivery,pitch.1,439158,-17.4542,-2.5352,65.526,146.6714,39.3538,41.9111,-0.08,0.298
1779988772453,2,Pitching Mound.Delivery,,Delivery,pitch.1,437999,-2.1,-0.9213,99.9013,68.5008,66.0143,56.7258,-0.088,-0.0006
1779988772453,2,Pitching Mound.Drive,,Delivery,pitch.1,438572,0.0774,-0.1191,1.4638,0.7138,-2.563,-2.325,0.0,0.0
1779988772453,2,Pitching Mound.Parent,,Delivery,pitch.1,437619,-2.0226,-1.0404,101.365,69.2146,63.4512,54.4007,-0.0867,-0.0006
1779988772454,2,11.0000004b,Drive,Delivery,pitch.1,438573,0.0713,-0.1046,1.4205,0.7287,-2.6911,-2.3167,0.0,0.0
1779988772454,2,12.00000015,Lower Delivery,Delivery,pitch.1,438302,15.3107,1.5748,34.4119,-67.6781,26.6756,26.1058,-0.1032,-0.2618
1779988772454,2,12.00000018,Upper Delivery,Delivery,pitch.1,439159,-17.4586,-2.5888,65.5987,146.9774,39.4262,41.8913,-0.08,0.2983
1779988772454,2,Pitching Mound.Delivery,,Delivery,pitch.1,438000,-2.1479,-1.014,100.0106,68.6958,66.1017,56.8556,-0.088,-0.0005
1779988772454,2,Pitching Mound.Drive,,Delivery,pitch.1,438573,0.0713,-0.1046,1.4205,0.7287,-2.6911,-2.3167,0.0,0.0
1779988772454,2,Pitching Mound.Parent,,Delivery,pitch.1,437620,-2.0766,-1.1186,101.4311,69.4245,63.4106,54.5389,-0.0868,-0.0005
1779988772455,2,11.0000004b,Drive,Delivery,pitch.1,438574,0.0774,-0.1036,1.4075,0.7361,-2.5509,-2.3236,0.0,0.0
1779988772455,2,12.00000015,Lower Delivery,Delivery,pitch.1,438303,15.4506,1.5847,34.451,-67.9066,26.7579,26.3284,-0.1034,-0.2624
1779988772455,2,12.00000018,Upper Delivery,Delivery,pitch.1,439160,-17.4809,-2.6131,65.7203,147.2612,39.4899,42.033,-0.08,0.2983
1779988772455,2,Pitching Mound.Delivery,,Delivery,pitch.1,438001,-2.0302,-1.0284,100.1713,68.7231,66.2479,57.1647,-0.088,-0.0007
1779988772455,2,Pitching Mound.Drive,,Delivery,pitch.1,438574,0.0774,-0.1036,1.4075,0.7361,-2.5509,-2.3236,0.0,0.0
1779988772455,2,Pitching Mound.Parent,,Delivery,pitch.1,437621,-1.9529,-1.132,101.5788,69.4592,63.697,54.8411,-0.0868,-0.0007
1779988772456,2,11.0000004b,Drive,Delivery,pitch.1,438575,0.0532,-0.094,1.4661,0.7375,-2.6089,-2.3601,0.0,0.0
1779988772456,2,12.00000015,Lower Delivery,Delivery,pitch.1,438304,15.5628,1.5714,34.6458,-68.2169,26.855,26.452,-0.1032,-0.2621
1779988772456,2,12.00000018,Upper Delivery,Delivery,pitch.1,439161,-17.538,-2.6983,66.0926,147.8472,39.5609,42.2033,-0.0797,0.2978
1779988772456,2,Pitching Mound.Delivery,,Delivery,pitch.1,438002,-1.9752,-1.1269,100.7383,68.9384,66.4159,57.4011,-0.0878,-0.0009
1779988772456,2,Pitching Mound.Drive,,Delivery,pitch.1,438575,0.0532,-0.094,1.4661,0.7375,-2.6089,-2.3601,0.0,0.0
1779988772456,2,Pitching Mound.Parent,,Delivery,pitch.1,437622,-1.922,-1.2209,102.2044,69.6759,63.8069,55.041,-0.0865,-0.0009
1779988772457,2,11.0000004b,Drive,Delivery,pitch.1,438576,0.0533,-0.1044,1.4633,0.7605,-2.6818,-2.3529,0.0,0.0
1779988772457,2,12.00000015,Lower Delivery,Delivery,pitch.1,438305,15.6425,1.5496,34.827,-68.7146,27.0762,26.6058,-0.1035,-0.2627
1779988772457,2,12.00000018,Upper Delivery,Delivery,pitch.1,439162,-17.5364,-2.7633,66.0816,148.354,39.5322,42.363,-0.0796,0.2989
1779988772457,2,Pitching Mound.Delivery,,Delivery,pitch.1,438003,-1.8938,-1.2137,100.9086,69.0129,66.6084,57.688,-0.0879,-0.0002
1779988772457,2,Pitching Mound.Drive,,Delivery,pitch.1,438576,0.0533,-0.1044,1.4633,0.7605,-2.6818,-2.3529,0.0,0.0
1779988772457,2,Pitching Mound.Parent,,Delivery,pitch.1,437623,-1.8405,-1.3181,102.3719,69.7734,63.9266,55.3351,-0.0866,-0.0002
1779988772458,2,11.0000004b,Drive,Delivery,pitch.1,438577,0.0429,-0.0854,1.5246,0.7701,-2.7755,-2.3567,0.0,0.0
1779988772458,2,12.00000015,Lower Delivery,Delivery,pitch.1,438306,15.6997,1.5389,35.0626,-69.1569,27.2731,26.7378,-0.1036,-0.2626
1779988772458,2,12.00000018,Upper Delivery,Delivery,pitch.1,439163,-17.5334,-2.8681,66.2782,148.8391,39.5095,42.6218,-0.0794,0.299
1779988772458,2,Pitching Mound.Delivery,,Delivery,pitch.1,438004,-1.8337,-1.3291,101.3408,69.069,66.7825,58.0604,-0.0877,-0.0001
1779988772458,2,Pitching Mound.Drive,,Delivery,pitch.1,438577,0.0429,-0.0854,1.5246,0.7701,-2.7755,-2.3567,0.0,0.0
1779988772458,2,Pitching Mound.Parent,,Delivery,pitch.1,437624,-1.7908,-1.4146,102.8654,69.839,64.007,55.7037,-0.0864,-0.0001
1779988772459,2,11.0000004b,Drive,Delivery,pitch.1,438578,0.0359,-0.0791,1.5301,0.7516,-2.6019,-2.358,0.0,0.0
1779988772459,2,12.00000015,Lower Delivery,Delivery,pitch.1,438307,15.8473,1.5026,35.2189,-69.7078,27.437,26.8326,-0.1037,-0.2635
1779988772459,2,12.00000018,Upper Delivery,Delivery,pitch.1,439164,-17.5221,-2.9764,66.443,149.1475,39.5733,42.8866,-0.0793,0.2988
1779988772459,2,Pitching Mound.Delivery,,Delivery,pitch.1,438005,-1.6748,-1.4739,101.6618,68.8236,67.0103,58.3736,-0.0878,-0.0004
1779988772459,2,Pitching Mound.Drive,,Delivery,pitch.1,438578,0.0359,-0.0791,1.5301,0.7516,-2.6019,-2.358,0.0,0.0
1779988772459,2,Pitching Mound.Parent,,Delivery,pitch.1,437625,-1.6389,-1.553,103.192,69.5752,64.4084,56.0156,-0.0864,-0.0004
1779988772460,2,11.0000004b,Drive,Delivery,pitch.1,438579,0.0354,-0.0904,1.5374,0.7398,-2.5626,-2.3587,0.0,0.0
1779988772460,2,12.00000015,Lower Delivery,Delivery,pitch.1,438308,15.8691,1.4298,35.4385,-70.3417,27.4571,26.9115,-0.1031,-0.2642
1779988772460,2,12.00000018,Upper Delivery,Delivery,pitch.1,439165,-17.5251,-3.0917,66.5958,149.436,39.5606,43.1257,-0.0791,0.2987
1779988772460,2,Pitching Mound.Delivery,,Delivery,pitch.1,438006,-1.6559,-1.6619,102.0343,68.5008,67.0176,58.6832,-0.0874,-0.0006
1779988772460,2,Pitching Mound.Drive,,Delivery,pitch.1,438579,0.0354,-0.0904,1.5374,0.7398,-2.5626,-2.3587,0.0,0.0
1779988772460,2,Pitching Mound.Parent,,Delivery,pitch.1,437626,-1.6205,-1.7523,103.5716,69.2407,64.455,56.3245,-0.0861,-0.0006
1779988772461,2,11.0000004b,Drive,Delivery,pitch.1,438580,0.0243,-0.0863,1.5943,0.7516,-2.5874,-2.3496,0.0,0.0
1779988772461,2,12.00000015,Lower Delivery,Delivery,pitch.1,438309,15.9166,1.3732,35.6998,-71.5717,27.7494,26.9997,-0.1035,-0.2669
1779988772461,2,12.00000018,Upper Delivery,Delivery,pitch.1,439166,-17.5125,-3.1838,66.7408,149.5445,39.4476,43.3641,-0.0787,0.2983
1779988772461,2,Pitching Mound.Delivery,,Delivery,pitch.1,438007,-1.5959,-1.8107,102.4406,67.4189,67.197,58.9979,-0.0873,-0.0017
1779988772461,2,Pitching Mound.Drive,,Delivery,pitch.1,438580,0.0243,-0.0863,1.5943,0.7516,-2.5874,-2.3496,0.0,0.0
1779988772461,2,Pitching Mound.Parent,,Delivery,pitch.1,437627,-1.5715,-1.8969,104.0349,68.1705,64.6096,56.6483,-0.086,-0.0017
1779988772462,2,11.0000004b,Drive,Delivery,pitch.1,438581,0.045,-0.1177,1.5011,0.7592,-2.6105,-2.3439,0.0,0.0
1779988772462,2,12.00000015,Lower Delivery,Delivery,pitch.1,438310,15.9994,1.2745,35.8495,-71.9569,27.99,27.0886,-0.1039,-0.2672
1779988772462,2,12.00000018,Upper Delivery,Delivery,pitch.1,439167,-17.5007,-3.2744,66.7863,149.6603,39.3147,43.6115,-0.0784,0.2983
1779988772462,2,Pitching Mound.Delivery,,Delivery,pitch.1,438008,-1.5013,-2.0,102.6358,67.1849,67.3048,59.31,-0.0873,-0.0017
1779988772462,2,Pitching Mound.Drive,,Delivery,pitch.1,438581,0.045,-0.1177,1.5011,0.7592,-2.6105,-2.3439,0.0,0.0
1779988772462,2,Pitching Mound.Parent,,Delivery,pitch.1,437628,-1.4563,-2.1177,104.137,67.9441,64.6943,56.9661,-0.086,-0.0017
1779988772463,2,11.0000004b,Drive,Delivery,pitch.1,438582,0.0576,-0.1167,1.4937,0.8061,-2.7521,-2.3586,0.0,0.0
1779988772463,2,12.00000015,Lower Delivery,Delivery,pitch.1,438311,16.0366,1.1999,35.887,-72.5259,28.1493,27.1298,-0.1044,-0.269
1779988772463,2,12.00000018,Upper Delivery,Delivery,pitch.1,439168,-17.5216,-3.3895,67.0858,149.8146,39.3872,43.8425,-0.0782,0.2973
1779988772463,2,Pitching Mound.Delivery,,Delivery,pitch.1,438009,-1.485,-2.1896,102.9727,66.6811,67.5365,59.5626,-0.0873,-0.0031
1779988772463,2,Pitching Mound.Drive,,Delivery,pitch.1,438582,0.0576,-0.1167,1.4937,0.8061,-2.7521,-2.3586,0.0,0.0
1779988772463,2,Pitching Mound.Parent,,Delivery,pitch.1,437629,-1.4274,-2.3063,104.4665,67.4872,64.7844,57.204,-0.0861,-0.003
1779988772464,2,11.0000004b,Drive,Delivery,pitch.1,438583,0.0508,-0.09,1.5675,0.754,-2.4977,-2.3369,0.0,0.0
1779988772464,2,12.00000015,Lower Delivery,Delivery,pitch.1,438312,15.8601,1.0618,36.0064,-73.1016,28.2122,27.1209,-0.1043,-0.2703
1779988772464,2,12.00000018,Upper Delivery,Delivery,pitch.1,439169,-17.533,-3.4882,67.3222,150.4433,39.5168,44.0207,-0.0781,0.2975
1779988772464,2,Pitching Mound.Delivery,,Delivery,pitch.1,438010,-1.6729,-2.4264,103.3285,66.6944,67.7289,59.788,-0.0873,-0.0034
1779988772464,2,Pitching Mound.Drive,,Delivery,pitch.1,438583,0.0508,-0.09,1.5675,0.754,-2.4977,-2.3369,0.0,0.0
1779988772464,2,Pitching Mound.Parent,,Delivery,pitch.1,437630,-1.6221,-2.5164,104.896,67.4484,65.2312,57.4511,-0.086,-0.0033
1779988772465,2,11.0000004b,Drive,Delivery,pitch.1,438584,0.0433,-0.0891,1.6278,0.7515,-2.625,-2.3714,0.0,0.0
1779988772465,2,12.00000015,Lower Delivery,Delivery,pitch.1,438313,15.66,0.8887,35.9185,-73.9458,28.2663,27.0091,-0.1048,-0.2741
1779988772465,2,12.00000018,Upper Delivery,Delivery,pitch.1,439170,-17.5949,-3.5956,67.5419,150.8755,39.5215,44.2147,-0.0779,0.2974
1779988772465,2,Pitching Mound.Delivery,,Delivery,pitch.1,438011,-1.9349,-2.7068,103.4604,66.1777,67.7878,59.9171,-0.0872,-0.0049
1779988772465,2,Pitching Mound.Drive,,Delivery,pitch.1,438584,0.0433,-0.0891,1.6278,0.7515,-2.625,-2.3714,0.0,0.0
1779988772465,2,Pitching Mound.Parent,,Delivery,pitch.1,437631,-1.8916,-2.796,105.0882,66.9293,65.1628,57.5457,-0.0859,-0.0049
1779988772466,2,11.0000004b,Drive,Delivery,pitch.1,438585,0.0427,-0.0898,1.6518,0.7541,-2.6824,-2.3352,0.0,0.0
1779988772466,2,12.00000015,Lower Delivery,Delivery,pitch.1,438314,15.4911,0.757,36.0265,-74.7248,28.3964,26.8953,-0.1049,-0.2761
1779988772466,2,12.00000018,Upper Delivery,Delivery,pitch.1,439171,-17.6164,-3.6886,67.7092,151.3354,39.6098,44.378,-0.0779,0.2976
1779988772466,2,Pitching Mound.Delivery,,Delivery,pitch.1,438012,-2.1254,-2.9316,103.7357,65.8385,68.0062,60.0168,-0.0873,-0.0055
1779988772466,2,Pitching Mound.Drive,,Delivery,pitch.1,438585,0.0427,-0.0898,1.6518,0.7541,-2.6824,-2.3352,0.0,0.0
1779988772466,2,Pitching Mound.Parent,,Delivery,pitch.1,437632,-2.0826,-3.0215,105.3875,66.5926,65.3238,57.6816,-0.0859,-0.0054
1779988772467,2,11.0000004b,Drive,Delivery,pitch.1,438586,0.052,-0.0683,1.6131,0.7235,-2.5253,-2.3152,0.0,0.0
1779988772467,2,12.00000015,Lower Delivery,Delivery,pitch.1,438315,15.2118,0.6119,36.0658,-75.3473,28.2428,26.7341,-0.1043,-0.2781
1779988772467,2,12.00000018,Upper Delivery,Delivery,pitch.1,439172,-17.6836,-3.7839,68.0904,151.8417,39.8462,44.5359,-0.0779,0.2969
1779988772467,2,Pitching Mound.Delivery,,Delivery,pitch.1,438013,-2.4718,-3.172,104.1561,65.606,68.089,60.0856,-0.087,-0.0068
1779988772467,2,Pitching Mound.Drive,,Delivery,pitch.1,438586,0.052,-0.0683,1.6131,0.7235,-2.5253,-2.3152,0.0,0.0
1779988772467,2,Pitching Mound.Parent,,Delivery,pitch.1,437633,-2.4198,-3.2403,105.7692,66.3295,65.5636,57.7703,-0.0857,-0.0067
1779988772468,2,11.0000004b,Drive,Delivery,pitch.1,438587,0.0571,-0.0848,1.6572,0.8034,-2.6401,-2.3339,0.0,0.0
1779988772468,2,12.00000015,Lower Delivery,Delivery,pitch.1,438316,15.0925,0.5221,35.9594,-75.9661,28.2074,26.5694,-0.1044,-0.2812
1779988772468,2,12.00000018,Upper Delivery,Delivery,pitch.1,439173,-17.7823,-3.8153,68.3011,151.8907,39.7546,44.6524,-0.0775,0.2961
1779988772468,2,Pitching Mound.Delivery,,Delivery,pitch.1,438014,-2.6898,-3.2932,104.2605,64.9284,67.962,60.0444,-0.0868,-0.0085
1779988772468,2,Pitching Mound.Drive,,Delivery,pitch.1,438587,0.0571,-0.0848,1.6572,0.8034,-2.6401,-2.3339,0.0,0.0
1779988772468,2,Pitching Mound.Parent,,Delivery,pitch.1,437634,-2.6327,-3.378,105.9176,65.7318,65.3219,57.7105,-0.0854,-0.0084
1779988772469,2,11.0000004b,Drive,Delivery,pitch.1,438588,0.0553,-0.0957,1.6318,0.7398,-2.5465,-2.3156,0.0,0.0
1779988772469,2,12.00000015,Lower Delivery,Delivery,pitch.1,438317,14.8781,0.4361,35.8883,-76.7139,28.4362,26.3913,-0.1055,-0.2846
1779988772469,2,12.00000018,Upper Delivery,Delivery,pitch.1,439174,-17.8649,-3.8537,68.5489,152.3856,39.8648,44.8125,-0.0774,0.2959
1779988772469,2,Pitching Mound.Delivery,,Delivery,pitch.1,438015,-2.9868,-3.4176,104.4372,64.5672,68.301,60.0712,-0.0871,-0.0099
1779988772469,2,Pitching Mound.Drive,,Delivery,pitch.1,438588,0.0553,-0.0957,1.6318,0.7398,-2.5465,-2.3156,0.0,0.0
1779988772469,2,Pitching Mound.Parent,,Delivery,pitch.1,437635,-2.9315,-3.5133,106.069,65.307,65.7544,57.7556,-0.0857,-0.0097
1779988772470,2,11.0000004b,Drive,Delivery,pitch.1,438589,0.0629,-0.1028,1.6262,0.7984,-2.5999,-2.3005,0.0,0.0
1779988772470,2,12.00000015,Lower Delivery,Delivery,pitch.1,438318,14.6868,0.3033,35.813,-76.3481,28.0837,26.1857,-0.1044,-0.2838
1779988772470,2,12.00000018,Upper Delivery,Delivery,pitch.1,439175,-17.9957,-3.9001,68.7208,152.7542,39.9417,45.0358,-0.0774,0.2959
1779988772470,2,Pitching Mound.Delivery,,Delivery,pitch.1,438016,-3.3089,-3.5967,104.5339,65.2175,68.0254,60.1094,-0.0866,-0.0097
1779988772470,2,Pitching Mound.Drive,,Delivery,pitch.1,438589,0.0629,-0.1028,1.6262,0.7984,-2.5999,-2.3005,0.0,0.0
1779988772470,2,Pitching Mound.Parent,,Delivery,pitch.1,437636,-3.246,-3.6995,106.1601,66.0159,65.4255,57.8089,-0.0853,-0.0096
1779988772471,2,11.0000004b,Drive,Delivery,pitch.1,438590,0.0525,-0.1163,1.6865,0.7496,-2.7887,-2.3085,0.0,0.0
1779988772471,2,12.00000015,Lower Delivery,Delivery,pitch.1,438319,14.3806,0.2301,35.7647,-76.7514,28.1265,26.021,-0.1047,-0.2857
1779988772471,2,12.00000018,Upper Delivery,Delivery,pitch.1,439176,-18.096,-3.9207,68.9649,153.1941,40.1256,45.2294,-0.0775,0.2957
1779988772471,2,Pitching Mound.Delivery,,Delivery,pitch.1,438017,-3.7154,-3.6906,104.7296,65.1546,68.2521,60.2083,-0.0868,-0.0106
1779988772471,2,Pitching Mound.Drive,,Delivery,pitch.1,438590,0.0525,-0.1163,1.6865,0.7496,-2.7887,-2.3085,0.0,0.0
1779988772471,2,Pitching Mound.Parent,,Delivery,pitch.1,437637,-3.6628,-3.8069,106.416,65.9043,65.4635,57.8998,-0.0854,-0.0104
1779988772472,2,11.0000004b,Drive,Delivery,pitch.1,438591,0.0622,-0.1379,1.5935,0.7541,-2.8565,-2.3254,0.0,0.0
1779988772472,2,12.00000015,Lower Delivery,Delivery,pitch.1,438320,13.9595,0.0655,35.6563,-77.5284,28.2265,25.8195,-0.1054,-0.2895
1779988772472,2,12.00000018,Upper Delivery,Delivery,pitch.1,439177,-18.2008,-3.9826,69.3502,154.1705,40.378,45.4919,-0.0775,0.296
1779988772472,2,Pitching Mound.Delivery,,Delivery,pitch.1,438018,-4.2413,-3.9171,105.0064,65.1862,68.6045,60.3769,-0.087,-0.0119
1779988772472,2,Pitching Mound.Drive,,Delivery,pitch.1,438591,0.0622,-0.1379,1.5935,0.7541,-2.8565,-2.3254,0.0,0.0
1779988772472,2,Pitching Mound.Parent,,Delivery,pitch.1,437638,-4.1791,-4.0549,106.5999,65.9403,65.748,58.0515,-0.0857,-0.0118
1779988772473,2,11.0000004b,Drive,Delivery,pitch.1,438592,0.0565,-0.1353,1.5966,0.7405,-2.855,-2.3195,0.0,0.0
1779988772473,2,12.00000015,Lower Delivery,Delivery,pitch.1,438321,13.4964,-0.1308,35.6886,-78.5224,28.4145,25.5653,-0.106,-0.2929
1779988772473,2,12.00000018,Upper Delivery,Delivery,pitch.1,439178,-18.3129,-4.0392,69.6689,154.3176,40.4864,45.7158,-0.0774,0.2949
1779988772473,2,Pitching Mound.Delivery,,Delivery,pitch.1,438019,-4.8165,-4.17,105.3576,64.2419,68.9009,60.466,-0.0871,-0.0139
1779988772473,2,Pitching Mound.Drive,,Delivery,pitch.1,438592,0.0565,-0.1353,1.5966,0.7405,-2.855,-2.3195,0.0,0.0
1779988772473,2,Pitching Mound.Parent,,Delivery,pitch.1,437639,-4.76,-4.3053,106.9541,64.9824,66.0459,58.1464,-0.0858,-0.0137
1779988772474,2,11.0000004b,Drive,Delivery,pitch.1,438593,0.0582,-0.1597,1.6164,0.759,-2.835,-2.2917,0.0,0.0
1779988772474,2,12.00000015,Lower Delivery,Delivery,pitch.1,438322,13.4055,-0.2464,35.6795,-77.6162,28.0377,25.4656,-0.1046,-0.2896
1779988772474,2,12.00000018,Upper Delivery,Delivery,pitch.1,439179,-18.4429,-4.0803,69.757,154.4458,40.5193,45.9468,-0.0773,0.2948
1779988772474,2,Pitching Mound.Delivery,,Delivery,pitch.1,438020,-5.0374,-4.3267,105.4366,65.2432,68.557,60.5839,-0.0866,-0.0129
1779988772474,2,Pitching Mound.Drive,,Delivery,pitch.1,438593,0.0582,-0.1597,1.6164,0.759,-2.835,-2.2917,0.0,0.0
1779988772474,2,Pitching Mound.Parent,,Delivery,pitch.1,437640,-4.9792,-4.4864,107.053,66.0022,65.722,58.2922,-0.0853,-0.0127
1779988772475,2,11.0000004b,Drive,Delivery,pitch.1,438594,0.0661,-0.2003,1.5247,0.7813,-2.8521,-2.2838,0.0,0.0
1779988772475,2,12.00000015,Lower Delivery,Delivery,pitch.1,438323,12.6847,-0.5403,36.2836,-79.3509,28.9167,25.2626,-0.1061,-0.2911
1779988772475,2,12.00000018,Upper Delivery,Delivery,pitch.1,439180,-18.5613,-4.1684,70.1971,154.7441,40.7874,46.1883,-0.0774,0.2935
1779988772475,2,Pitching Mound.Delivery,,Delivery,pitch.1,438021,-5.8766,-4.7086,106.4806,63.8626,69.7041,60.8273,-0.0871,-0.014
1779988772475,2,Pitching Mound.Drive,,Delivery,pitch.1,438594,0.0661,-0.2003,1.5247,0.7813,-2.8521,-2.2838,0.0,0.0
1779988772475,2,Pitching Mound.Parent,,Delivery,pitch.1,437641,-5.8106,-4.9089,108.0054,64.6439,66.852,58.5435,-0.0859,-0.0138
1779988772476,2,11.0000004b,Drive,Delivery,pitch.1,438595,0.0736,-0.1952,1.4568,0.7918,-2.934,-2.2893,0.0,0.0
1779988772476,2,12.00000015,Lower Delivery,Delivery,pitch.1,438324,12.3712,-0.7013,36.4799,-79.6835,29.0799,25.0929,-0.1061,-0.2908
1779988772476,2,12.00000018,Upper Delivery,Delivery,pitch.1,439181,-18.6458,-4.2274,70.3138,155.1394,40.7992,46.4287,-0.0772,0.2937
1779988772476,2,Pitching Mound.Delivery,,Delivery,pitch.1,438022,-6.2747,-4.9288,106.7937,63.9524,69.8791,60.9758,-0.0871,-0.0137
1779988772476,2,Pitching Mound.Drive,,Delivery,pitch.1,438595,0.0736,-0.1952,1.4568,0.7918,-2.934,-2.2893,0.0,0.0
1779988772476,2,Pitching Mound.Parent,,Delivery,pitch.1,437642,-6.2011,-5.1239,108.2505,64.7442,66.9452,58.6866,-0.0859,-0.0135
1779988772477,2,11.0000004b,Drive,Delivery,pitch.1,438596,0.0612,-0.1874,1.4639,0.7739,-2.9001,-2.3165,0.0,0.0
1779988772477,2,12.00000015,Lower Delivery,Delivery,pitch.1,438325,11.8503,-0.959,37.3266,-81.0519,29.7256,24.9225,-0.106,-0.2891
1779988772477,2,12.00000018,Upper Delivery,Delivery,pitch.1,439182,-18.7302,-4.3139,70.4548,155.3226,40.869,46.608,-0.0772,0.2935
1779988772477,2,Pitching Mound.Delivery,,Delivery,pitch.1,438023,-6.8799,-5.2728,107.7814,63.0071,70.5946,61.1332,-0.0872,-0.0128
1779988772477,2,Pitching Mound.Drive,,Delivery,pitch.1,438596,0.0612,-0.1874,1.4639,0.7739,-2.9001,-2.3165,0.0,0.0
1779988772477,2,Pitching Mound.Parent,,Delivery,pitch.1,437643,-6.8186,-5.4602,109.2453,63.781,67.6945,58.8167,-0.086,-0.0126
1779988772478,2,11.0000004b,Drive,Delivery,pitch.1,438597,0.0564,-0.2009,1.4894,0.8104,-2.9423,-2.3082,0.0,0.0
1779988772478,2,12.00000015,Lower Delivery,Delivery,pitch.1,438326,11.7058,-1.1205,37.4631,-81.6878,30.0733,24.7645,-0.1069,-0.2903
1779988772478,2,12.00000018,Upper Delivery,Delivery,pitch.1,439183,-18.7709,-4.3921,70.3283,155.2253,40.6969,46.7581,-0.077,0.2938
1779988772478,2,Pitching Mound.Delivery,,Delivery,pitch.1,438024,-7.065,-5.5126,107.7914,62.3634,70.7702,61.1605,-0.0874,-0.0128
1779988772478,2,Pitching Mound.Drive,,Delivery,pitch.1,438597,0.0564,-0.2009,1.4894,0.8104,-2.9423,-2.3082,0.0,0.0
1779988772478,2,Pitching Mound.Parent,,Delivery,pitch.1,437644,-7.0086,-5.7135,109.2808,63.1738,67.8279,58.8523,-0.0862,-0.0127
1779988772479,2,11.0000004b,Drive,Delivery,pitch.1,438598,0.0616,-0.1788,1.4574,0.8062,-2.9195,-2.325,0.0,0.0
1779988772479,2,11.0000004b,Drive,Delivery,pitch.1,438599,0.06,-0.18,1.4822,0.8015,-3.1131,-2.3417,0.0,0.0
1779988772479,2,12.00000015,Lower Delivery,Delivery,pitch.1,438327,11.5144,-1.2756,37.6474,-82.4956,30.625,24.7611,-0.1083,-0.2917
1779988772479,2,12.00000018,Upper Delivery,Delivery,pitch.1,439184,-18.7836,-4.5004,70.2823,155.5826,40.4479,46.9281,-0.0766,0.2947
1779988772479,2,Pitching Mound.Delivery,,Delivery,pitch.1,438025,-7.2692,-5.776,107.9296,61.9912,71.0729,61.3879,-0.0877,-0.0127
1779988772479,2,Pitching Mound.Drive,,Delivery,pitch.1,438598,0.0616,-0.1788,1.4574,0.8062,-2.9195,-2.325,0.0,0.0
1779988772479,2,Pitching Mound.Drive,,Delivery,pitch.1,438599,0.06,-0.18,1.4822,0.8015,-3.1131,-2.3417,0.0,0.0
1779988772479,2,Pitching Mound.Parent,,Delivery,pitch.1,437645,-7.2076,-5.9548,109.387,62.7974,68.1535,59.0629,-0.0865,-0.0125
1779988772480,2,11.0000004b,Drive,Delivery,pitch.1,438600,0.0663,-0.1679,1.4369,0.7815,-3.0712,-2.3059,0.0,0.0
1779988772480,2,12.00000015,Lower Delivery,Delivery,pitch.1,438328,11.4906,-1.3899,37.7007,-82.8137,30.9681,24.7275,-0.1094,-0.2924
1779988772480,2,12.00000018,Upper Delivery,Delivery,pitch.1,439185,-18.8068,-4.6336,70.4007,155.6262,40.3525,46.9861,-0.0763,0.2943
1779988772480,2,Pitching Mound.Delivery,,Delivery,pitch.1,438026,-7.3162,-6.0235,108.1014,61.6944,71.3206,61.4125,-0.0878,-0.0132
1779988772480,2,Pitching Mound.Drive,,Delivery,pitch.1,438600,0.0663,-0.1679,1.4369,0.7815,-3.0712,-2.3059,0.0,0.0
1779988772480,2,Pitching Mound.Parent,,Delivery,pitch.1,437646,-7.2562,-6.2035,109.5835,62.496,68.2075,59.0708,-0.0866,-0.013
1779988772481,2,11.0000004b,Drive,Delivery,pitch.1,438601,0.0624,-0.1435,1.4311,0.789,-3.0135,-2.3002,0.0,0.0
1779988772481,2,12.00000015,Lower Delivery,Delivery,pitch.1,438329,11.4015,-1.4966,37.8803,-83.7873,31.6047,24.7471,-0.1111,-0.2945
1779988772481,2,12.00000018,Upper Delivery,Delivery,pitch.1,439186,-18.7933,-4.7736,70.5238,155.4715,40.1751,47.0211,-0.0758,0.2935
1779988772481,2,Pitching Mound.Delivery,,Delivery,pitch.1,438027,-7.3917,-6.2702,108.4041,60.5854,71.7799,61.502,-0.0882,-0.0144
1779988772481,2,Pitching Mound.Drive,,Delivery,pitch.1,438601,0.0624,-0.1435,1.4311,0.789,-3.0135,-2.3002,0.0,0.0
1779988772481,2,Pitching Mound.Parent,,Delivery,pitch.1,437647,-7.3254,-6.4381,109.841,61.3668,68.7087,59.1961,-0.087,-0.0142
1779988772482,2,11.0000004b,Drive,Delivery,pitch.1,438602,0.0526,-0.1367,1.4901,0.7904,-3.0306,-2.3087,0.0,0.0
1779988772482,2,12.00000015,Lower Delivery,Delivery,pitch.1,438330,11.3939,-1.5919,38.091,-84.3397,31.9814,24.793,-0.1118,-0.2948
1779988772482,2,12.00000018,Upper Delivery,Delivery,pitch.1,439187,-18.7507,-4.9187,70.516,155.4191,39.8136,47.0644,-0.0752,0.2934
1779988772482,2,Pitching Mound.Delivery,,Delivery,pitch.1,438028,-7.3567,-6.5105,108.607,60.0549,71.795,61.6083,-0.088,-0.0144
1779988772482,2,Pitching Mound.Drive,,Delivery,pitch.1,438602,0.0526,-0.1367,1.4901,0.7904,-3.0306,-2.3087,0.0,0.0
1779988772482,2,Pitching Mound.Parent,,Delivery,pitch.1,437648,-7.2943,-6.6541,110.0381,60.8439,68.7815,59.3081,-0.0869,-0.0142
1779988772483,2,11.0000004b,Drive,Delivery,pitch.1,438603,0.0343,-0.1259,1.45,0.772,-2.919,-2.3219,0.0,0.0
1779988772483,2,12.00000015,Lower Delivery,Delivery,pitch.1,438331,11.3993,-1.6488,38.2602,-84.8478,32.2687,24.8673,-0.1123,-0.2952
1779988772483,2,12.00000018,Upper Delivery,Delivery,pitch.1,439188,-18.7132,-5.1034,70.7453,155.6932,39.879,46.9913,-0.075,0.293
1779988772483,2,12.00000018,Upper Delivery,Delivery,pitch.1,439189,-18.6431,-5.2258,70.6971,155.8595,39.6131,46.9798,-0.0746,0.2935
1779988772483,2,Pitching Mound.Delivery,,Delivery,pitch.1,438029,-7.3139,-6.7523,109.0056,59.8005,72.1477,61.6204,-0.0881,-0.0148
1779988772483,2,Pitching Mound.Drive,,Delivery,pitch.1,438603,0.0343,-0.1259,1.45,0.772,-2.919,-2.3219,0.0,0.0
1779988772483,2,Pitching Mound.Parent,,Delivery,pitch.1,437649,-7.2613,-6.8889,110.4957,60.5909,69.1171,59.3117,-0.0869,-0.0146
1779988772484,2,11.0000004b,Drive,Delivery,pitch.1,438604,0.0304,-0.104,1.5113,0.7723,-2.9621,-2.3417,0.0,0.0
1779988772484,2,12.00000015,Lower Delivery,Delivery,pitch.1,438332,11.4257,-1.7477,38.4343,-85.2792,32.4939,24.943,-0.1126,-0.2954
1779988772484,2,Pitching Mound.Delivery,,Delivery,pitch.1,438030,-7.2174,-6.9735,109.1314,59.611,72.107,61.6995,-0.088,-0.0144
1779988772484,2,Pitching Mound.Drive,,Delivery,pitch.1,438604,0.0304,-0.104,1.5113,0.7723,-2.9621,-2.3417,0.0,0.0
1779988772484,2,Pitching Mound.Parent,,Delivery,pitch.1,437650,-7.1831,-7.0994,110.5814,60.383,69.188,59.3776,-0.0868,-0.0142
1779988772485,2,11.0000004b,Drive,Delivery,pitch.1,438605,0.0281,-0.1061,1.5097,0.7374,-2.9069,-2.3407,0.0,0.0
1779988772485,2,12.00000015,Lower Delivery,Delivery,pitch.1,438333,11.4953,-1.8227,38.618,-85.6836,32.739,25.1273,-0.1129,-0.2954
1779988772485,2,12.00000018,Upper Delivery,Delivery,pitch.1,439190,-18.5629,-5.3896,70.8851,156.093,39.4956,46.9526,-0.0742,0.2932
1779988772485,2,Pitching Mound.Delivery,,Delivery,pitch.1,438031,-7.0676,-7.2123,109.5031,59.4385,72.2346,61.8601,-0.0878,-0.0146
1779988772485,2,Pitching Mound.Drive,,Delivery,pitch.1,438605,0.0281,-0.1061,1.5097,0.7374,-2.9069,-2.3407,0.0,0.0
1779988772485,2,Pitching Mound.Parent,,Delivery,pitch.1,437651,-7.0373,-7.3162,111.0144,60.2108,69.2725,59.5184,-0.0866,-0.0144
1779988772486,2,11.0000004b,Drive,Delivery,pitch.1,438606,0.0279,-0.1125,1.5493,0.7551,-2.8556,-2.3473,0.0,0.0
1779988772486,2,12.00000015,Lower Delivery,Delivery,pitch.1,438334,11.6985,-1.9159,38.6519,-85.5644,32.7641,25.3319,-0.1128,-0.2947
1779988772486,2,12.00000018,Upper Delivery,Delivery,pitch.1,439191,-18.4594,-5.5494,70.8195,156.1897,39.3152,46.8695,-0.0739,0.2936
1779988772486,2,12.00000018,Upper Delivery,Delivery,pitch.1,439192,-18.3573,-5.6627,70.8581,156.2243,39.2767,46.8256,-0.0738,0.2935
1779988772486,2,Pitching Mound.Delivery,,Delivery,pitch.1,438032,-6.7609,-7.4653,109.4714,59.6882,72.0793,61.9476,-0.0877,-0.014
1779988772486,2,Pitching Mound.Drive,,Delivery,pitch.1,438606,0.0279,-0.1125,1.5493,0.7551,-2.8556,-2.3473,0.0,0.0
1779988772486,2,Pitching Mound.Parent,,Delivery,pitch.1,437652,-6.7328,-7.5713,110.9811,60.4256,69.1723,59.6069,-0.0865,-0.0138
1779988772487,2,11.0000004b,Drive,Delivery,pitch.1,438607,0.0352,-0.1016,1.5241,0.7416,-2.7075,-2.3453,0.0,0.0
1779988772487,2,12.00000015,Lower Delivery,Delivery,pitch.1,438335,11.6946,-2.0214,39.0506,-88.4483,34.173,25.747,-0.1165,-0.3015
1779988772487,2,Pitching Mound.Delivery,,Delivery,pitch.1,438033,-6.6627,-7.6841,109.9086,56.9615,73.4498,62.355,-0.089,-0.0163
1779988772487,2,Pitching Mound.Drive,,Delivery,pitch.1,438607,0.0352,-0.1016,1.5241,0.7416,-2.7075,-2.3453,0.0,0.0
1779988772487,2,Pitching Mound.Parent,,Delivery,pitch.1,437653,-6.6348,-7.7966,111.4579,57.7166,70.5942,60.0077,-0.0877,-0.0161
1779988772488,2,11.0000004b,Drive,Delivery,pitch.1,438608,0.0565,-0.1095,1.5405,0.7402,-2.6298,-2.349,0.0,0.0
1779988772488,2,12.00000015,Lower Delivery,Delivery,pitch.1,438336,11.9855,-2.0904,39.1309,-88.0564,33.7745,26.0469,-0.1149,-0.2996
1779988772488,2,12.00000018,Upper Delivery,Delivery,pitch.1,439193,-18.2286,-5.7662,70.8059,156.2758,39.1573,46.7193,-0.0736,0.2938
1779988772488,2,Pitching Mound.Delivery,,Delivery,pitch.1,438034,-6.2431,-7.8567,109.9368,57.4499,72.9319,62.4933,-0.0883,-0.0154
1779988772488,2,Pitching Mound.Drive,,Delivery,pitch.1,438608,0.0565,-0.1095,1.5405,0.7402,-2.6298,-2.349,0.0,0.0
1779988772488,2,Pitching Mound.Parent,,Delivery,pitch.1,437654,-6.2079,-7.9582,111.4609,58.1915,70.2244,60.148,-0.0871,-0.0151
1779988772489,2,11.0000004b,Drive,Delivery,pitch.1,438609,0.0586,-0.1042,1.545,0.7305,-2.5897,-2.3359,0.0,0.0
1779988772489,2,12.00000015,Lower Delivery,Delivery,pitch.1,438337,12.3537,-2.2101,39.1508,-87.0867,32.6843,26.5518,-0.1111,-0.2961
1779988772489,2,12.00000018,Upper Delivery,Delivery,pitch.1,439194,-18.1491,-5.8682,70.7948,156.5459,39.1035,46.6763,-0.0735,0.2944
1779988772489,2,Pitching Mound.Delivery,,Delivery,pitch.1,438035,-5.7955,-8.0784,109.9455,58.7002,71.7879,62.8572,-0.0869,-0.0138
1779988772489,2,Pitching Mound.Drive,,Delivery,pitch.1,438609,0.0586,-0.1042,1.545,0.7305,-2.5897,-2.3359,0.0,0.0
1779988772489,2,Pitching Mound.Parent,,Delivery,pitch.1,437655,-5.739,-8.1879,111.486,59.4404,69.158,60.5082,-0.0857,-0.0136
1779988772490,2,11.0000004b,Drive,Delivery,pitch.1,438610,0.0547,-0.093,1.5582,0.72,-2.3884,-2.3198,0.0,0.0
1779988772490,2,12.00000015,Lower Delivery,Delivery,pitch.1,438338,12.3777,-2.3021,39.536,-89.0333,33.8507,26.8047,-0.114,-0.2998
1779988772490,2,12.00000018,Upper Delivery,Delivery,pitch.1,439195,-18.0367,-5.942,70.672,156.4892,38.9438,46.6467,-0.0734,0.2948
1779988772490,2,12.00000018,Upper Delivery,Delivery,pitch.1,439196,-17.9376,-6.0031,70.5446,156.6168,38.9266,46.6159,-0.0735,0.2956
1779988772490,2,Pitching Mound.Delivery,,Delivery,pitch.1,438036,-5.659,-8.2441,110.208,56.8696,72.7945,63.1105,-0.0879,-0.0146
1779988772490,2,Pitching Mound.Drive,,Delivery,pitch.1,438610,0.0547,-0.093,1.5582,0.72,-2.3884,-2.3198,0.0,0.0
1779988772490,2,Pitching Mound.Parent,,Delivery,pitch.1,437656,-5.6003,-8.3484,111.753,57.6002,70.2048,60.7746,-0.0867,-0.0144
1779988772491,2,11.0000004b,Drive,Delivery,pitch.1,438611,0.0396,-0.1203,1.6277,0.7622,-2.5919,-2.3424,0.0,0.0
1779988772491,2,12.00000015,Lower Delivery,Delivery,pitch.1,438339,12.5445,-2.4234,39.6249,-89.9353,34.4416,27.1922,-0.1157,-0.3022
1779988772491,2,Pitching Mound.Delivery,,Delivery,pitch.1,438037,-5.3932,-8.4265,110.1695,56.1688,73.3682,63.4442,-0.0887,-0.0148
1779988772491,2,Pitching Mound.Drive,,Delivery,pitch.1,438611,0.0396,-0.1203,1.6277,0.7622,-2.5919,-2.3424,0.0,0.0
1779988772491,2,Pitching Mound.Parent,,Delivery,pitch.1,437657,-5.3385,-8.5195,111.7277,56.8888,70.9798,61.1244,-0.0874,-0.0146
1779988772492,2,11.0000004b,Drive,Delivery,pitch.1,438612,0.0292,-0.1324,1.6064,0.7723,-2.684,-2.34,0.0,0.0
1779988772492,2,12.00000015,Lower Delivery,Delivery,pitch.1,438340,12.8235,-2.5391,39.7037,-89.4004,34.1444,27.5486,-0.1145,-0.2998
1779988772492,2,12.00000018,Upper Delivery,Delivery,pitch.1,439197,-17.847,-6.0602,70.6468,157.0033,39.0703,46.611,-0.0736,0.2959
1779988772492,2,Pitching Mound.Delivery,,Delivery,pitch.1,438038,-5.0235,-8.5993,110.3505,57.0823,73.2147,63.7316,-0.0883,-0.0138
1779988772492,2,Pitching Mound.Drive,,Delivery,pitch.1,438612,0.0292,-0.1324,1.6064,0.7723,-2.684,-2.34,0.0,0.0
1779988772492,2,Pitching Mound.Parent,,Delivery,pitch.1,437658,-4.984,-8.7197,111.9782,57.8445,70.6228,61.3892,-0.087,-0.0136
1779988772493,2,11.0000004b,Drive,Delivery,pitch.1,438613,0.0439,-0.1395,1.6216,0.7489,-2.6209,-2.3334,0.0,0.0
1779988772493,2,12.00000015,Lower Delivery,Delivery,pitch.1,438341,13.0715,-2.6683,40.1245,-90.2837,34.6836,27.9598,-0.1151,-0.2995
1779988772493,2,12.00000018,Upper Delivery,Delivery,pitch.1,439198,-17.7801,-6.1098,70.787,157.476,39.2062,46.5874,-0.0737,0.2962
1779988772493,2,Pitching Mound.Delivery,,Delivery,pitch.1,438039,-4.7086,-8.7782,110.9115,56.767,73.8898,64.0576,-0.0887,-0.0133
1779988772493,2,Pitching Mound.Drive,,Delivery,pitch.1,438613,0.0439,-0.1395,1.6216,0.7489,-2.6209,-2.3334,0.0,0.0
1779988772493,2,Pitching Mound.Parent,,Delivery,pitch.1,437659,-4.6794,-8.9105,112.518,57.5393,71.2058,61.7176,-0.0874,-0.0132
1779988772494,2,11.0000004b,Drive,Delivery,pitch.1,438614,0.0437,-0.1166,1.6204,0.7307,-2.6201,-2.287,0.0,0.0
1779988772494,2,12.00000015,Lower Delivery,Delivery,pitch.1,438342,13.401,-2.8115,40.2469,-89.6042,34.4675,28.2657,-0.114,-0.2964
1779988772494,2,12.00000018,Upper Delivery,Delivery,pitch.1,439199,-17.7068,-6.1241,70.8907,157.4063,39.3007,46.5497,-0.0738,0.2956
1779988772494,2,Pitching Mound.Delivery,,Delivery,pitch.1,438040,-4.3059,-8.9355,111.1376,57.3832,73.7681,64.2388,-0.0884,-0.0125
1779988772494,2,Pitching Mound.Drive,,Delivery,pitch.1,438614,0.0437,-0.1166,1.6204,0.7307,-2.6201,-2.287,0.0,0.0
1779988772494,2,Pitching Mound.Parent,,Delivery,pitch.1,437660,-4.2619,-9.0751,112.7592,58.1321,71.1472,61.9054,-0.0871,-0.0124
1779988772495,2,11.0000004b,Drive,Delivery,pitch.1,438615,0.0569,-0.129,1.5345,0.7524,-2.7205,-2.2951,0.0,0.0
1779988772495,2,12.00000015,Lower Delivery,Delivery,pitch.1,438343,13.4412,-2.9235,40.8129,-92.3318,35.8889,28.6934,-0.1171,-0.3012
1779988772495,2,12.00000018,Upper Delivery,Delivery,pitch.1,439200,-17.6867,-6.1718,70.8857,157.6345,39.3653,46.5234,-0.0739,0.296
1779988772495,2,Pitching Mound.Delivery,,Delivery,pitch.1,438041,-4.2455,-9.0953,111.6986,55.0779,75.2542,64.6333,-0.0897,-0.0137
1779988772495,2,Pitching Mound.Drive,,Delivery,pitch.1,438615,0.0569,-0.129,1.5345,0.7524,-2.7205,-2.2951,0.0,0.0
1779988772495,2,Pitching Mound.Parent,,Delivery,pitch.1,437661,-4.2019,-9.2119,113.319,55.8086,72.634,62.3463,-0.0884,-0.0135
1779988772496,2,11.0000004b,Drive,Delivery,pitch.1,438616,0.0453,-0.1261,1.6054,0.748,-2.7819,-2.2992,0.0,0.0
1779988772496,2,12.00000015,Lower Delivery,Delivery,pitch.1,438344,13.6023,-3.0346,41.0996,-92.3945,35.8449,29.0728,-0.1161,-0.2993
1779988772496,2,12.00000018,Upper Delivery,Delivery,pitch.1,439201,-17.6098,-6.1844,70.8815,158.1966,39.365,46.4987,-0.0739,0.2971
1779988772496,2,Pitching Mound.Delivery,,Delivery,pitch.1,438042,-4.0075,-9.2189,111.9811,55.6762,75.2098,64.9594,-0.0894,-0.0122
1779988772496,2,Pitching Mound.Drive,,Delivery,pitch.1,438616,0.0453,-0.1261,1.6054,0.748,-2.7819,-2.2992,0.0,0.0
1779988772496,2,Pitching Mound.Parent,,Delivery,pitch.1,437662,-3.9505,-9.3479,113.5156,56.4286,72.4893,62.6644,-0.0882,-0.012
1779988772497,2,11.0000004b,Drive,Delivery,pitch.1,438617,0.0607,-0.1679,1.5399,0.7755,-2.9549,-2.3261,0.0,0.0
1779988772497,2,12.00000015,Lower Delivery,Delivery,pitch.1,438345,13.771,-3.1575,41.54,-92.3359,35.7589,29.4069,-0.1146,-0.2959
1779988772497,2,12.00000018,Upper Delivery,Delivery,pitch.1,439202,-17.6067,-6.1658,70.8304,157.9276,39.3177,46.4224,-0.0739,0.2968
1779988772497,2,Pitching Mound.Delivery,,Delivery,pitch.1,438043,-3.8358,-9.3233,112.3705,55.6329,75.0766,65.1609,-0.0889,-0.0109
1779988772497,2,Pitching Mound.Drive,,Delivery,pitch.1,438617,0.0607,-0.1679,1.5399,0.7755,-2.9549,-2.3261,0.0,0.0
1779988772497,2,Pitching Mound.Parent,,Delivery,pitch.1,437663,-3.7904,-9.4494,113.9759,56.381,72.2946,62.8617,-0.0877,-0.0108
1779988772498,2,11.0000004b,Drive,Delivery,pitch.1,438618,0.0391,-0.1726,1.6993,0.7546,-2.9151,-2.3191,0.0,0.0
1779988772498,2,12.00000015,Lower Delivery,Delivery,pitch.1,438346,13.82,-3.2886,42.0757,-92.9776,36.0701,29.731,-0.1141,-0.2942
1779988772498,2,12.00000018,Upper Delivery,Delivery,pitch.1,439203,-17.5717,-6.2301,70.9397,158.5716,39.4152,46.417,-0.074,0.2976
1779988772498,2,Pitching Mound.Delivery,,Delivery,pitch.1,438044,-3.7517,-9.5187,113.0154,55.7802,75.4853,65.4748,-0.0889,-0.0096
1779988772498,2,Pitching Mound.Drive,,Delivery,pitch.1,438618,0.0391,-0.1726,1.6993,0.7546,-2.9151,-2.3191,0.0,0.0
1779988772498,2,Pitching Mound.Parent,,Delivery,pitch.1,437664,-3.691,-9.6866,114.5553,56.5557,72.5304,63.1487,-0.0877,-0.0094
1779988772499,2,11.0000004b,Drive,Delivery,pitch.1,438619,0.0326,-0.1675,1.6923,0.7431,-2.8201,-2.3032,0.0,0.0
1779988772499,2,12.00000015,Lower Delivery,Delivery,pitch.1,438347,14.0156,-3.3861,42.1064,-92.288,35.6696,29.9464,-0.1128,-0.2918
1779988772499,2,12.00000018,Upper Delivery,Delivery,pitch.1,439204,-17.6074,-6.2498,70.9426,158.3121,39.4372,46.3804,-0.074,0.2971
1779988772499,2,12.00000018,Upper Delivery,Delivery,pitch.1,439205,-17.6081,-6.2646,71.092,158.5772,39.5073,46.3883,-0.074,0.297
1779988772499,2,Pitching Mound.Delivery,,Delivery,pitch.1,438045,-3.5918,-9.6359,113.049,56.2198,75.1068,65.575,-0.0884,-0.009
1779988772499,2,Pitching Mound.Drive,,Delivery,pitch.1,438619,0.0326,-0.1675,1.6923,0.7431,-2.8201,-2.3032,0.0,0.0
1779988772499,2,Pitching Mound.Parent,,Delivery,pitch.1,437665,-3.5527,-9.8084,114.7483,56.9744,72.1917,63.2558,-0.0871,-0.0088
1779988772500,2,11.0000004b,Drive,Delivery,pitch.1,438620,0.0366,-0.2042,1.6437,0.7744,-2.9711,-2.3529,0.0,0.0
1779988772500,2,12.00000015,Lower Delivery,Delivery,pitch.1,438348,14.0648,-3.4646,42.5905,-93.2128,36.1099,30.2024,-0.1129,-0.2914
1779988772500,2,12.00000018,Upper Delivery,Delivery,pitch.1,439206,-17.6151,-6.2787,71.0137,158.2065,39.4889,46.338,-0.074,0.2966
1779988772500,2,Pitching Mound.Delivery,,Delivery,pitch.1,438046,-3.5434,-9.7292,113.6825,55.674,75.6172,65.822,-0.0886,-0.0087
1779988772500,2,Pitching Mound.Drive,,Delivery,pitch.1,438620,0.0366,-0.2042,1.6437,0.7744,-2.9711,-2.3529,0.0,0.0
1779988772500,2,Pitching Mound.Parent,,Delivery,pitch.1,437666,-3.5107,-9.8967,115.3748,56.4171,72.7971,63.5188,-0.0873,-0.0086
1779988772501,2,11.0000004b,Drive,Delivery,pitch.1,438621,0.0303,-0.185,1.7313,0.7527,-2.9145,-2.3247,0.0,0.0
1779988772501,2,12.00000015,Lower Delivery,Delivery,pitch.1,438349,14.1191,-3.5216,42.9993,-94.3239,36.7305,30.4348,-0.1137,-0.292
1779988772501,2,12.00000018,Upper Delivery,Delivery,pitch.1,439207,-17.6509,-6.2811,70.8701,157.8561,39.3528,46.2729,-0.0739,0.2965
1779988772501,2,Pitching Mound.Delivery,,Delivery,pitch.1,438047,-3.496,-9.8003,114.013,54.3577,76.2194,65.9832,-0.089,-0.0089
1779988772501,2,Pitching Mound.Drive,,Delivery,pitch.1,438621,0.0303,-0.185,1.7313,0.7527,-2.9145,-2.3247,0.0,0.0
1779988772501,2,Pitching Mound.Parent,,Delivery,pitch.1,437667,-3.4594,-10.0045,115.6567,55.1321,73.2483,63.6302,-0.0877,-0.0088
1779988772502,2,11.0000004b,Drive,Delivery,pitch.1,438622,0.0405,-0.1832,1.6788,0.7388,-2.8667,-2.3384,0.0,0.0
1779988772502,2,12.00000015,Lower Delivery,Delivery,pitch.1,438350,14.1405,-3.5475,43.232,-94.8486,36.8404,30.6076,-0.1134,-0.2921
1779988772502,2,12.00000018,Upper Delivery,Delivery,pitch.1,439208,-17.6541,-6.2952,70.8423,157.5773,39.2584,46.2388,-0.0738,0.2961
1779988772502,2,Pitching Mound.Delivery,,Delivery,pitch.1,438048,-3.5105,-9.8287,114.1021,53.6105,76.1932,66.0714,-0.0889,-0.0088
1779988772502,2,Pitching Mound.Drive,,Delivery,pitch.1,438622,0.0405,-0.1832,1.6788,0.7388,-2.8667,-2.3384,0.0,0.0
1779988772502,2,Pitching Mound.Parent,,Delivery,pitch.1,437668,-3.4802,-10.0137,115.8334,54.3633,73.2787,63.7468,-0.0876,-0.0087
1779988772503,2,11.0000004b,Drive,Delivery,pitch.1,438623,0.0515,-0.1849,1.6869,0.7359,-2.7599,-2.3368,0.0,0.0
1779988772503,2,12.00000015,Lower Delivery,Delivery,pitch.1,438351,14.1133,-3.6307,43.6612,-95.301,36.8545,30.7851,-0.1124,-0.2906
1779988772503,2,12.00000015,Lower Delivery,Delivery,pitch.1,438352,14.1036,-3.6433,43.8648,-95.6493,37.1633,30.9835,-0.1128,-0.2903
1779988772503,2,Pitching Mound.Delivery,,Delivery,pitch.1,438049,-3.5409,-9.9259,114.5035,53.0347,76.1129,66.2229,-0.0885,-0.0083
1779988772503,2,Pitching Mound.Drive,,Delivery,pitch.1,438623,0.0515,-0.1849,1.6869,0.7359,-2.7599,-2.3368,0.0,0.0
1779988772503,2,Pitching Mound.Parent,,Delivery,pitch.1,437669,-3.5004,-10.1091,116.1824,53.7736,73.2462,63.8845,-0.0872,-0.0082
1779988772504,2,11.0000004b,Drive,Delivery,pitch.1,438624,0.0395,-0.1798,1.742,0.7179,-2.6712,-2.3367,0.0,0.0
1779988772504,2,12.00000018,Upper Delivery,Delivery,pitch.1,439209,-17.6933,-6.3184,70.9005,157.473,39.3328,46.2218,-0.0739,0.2957
1779988772504,2,12.00000018,Upper Delivery,Delivery,pitch.1,439210,-17.6945,-6.3136,70.8489,157.3175,39.1689,46.2212,-0.0736,0.2956
1779988772504,2,Pitching Mound.Delivery,,Delivery,pitch.1,438050,-3.5896,-9.9617,114.7653,52.6316,76.4961,66.3943,-0.0887,-0.0084
1779988772504,2,Pitching Mound.Drive,,Delivery,pitch.1,438624,0.0395,-0.1798,1.742,0.7179,-2.6712,-2.3367,0.0,0.0
1779988772504,2,Pitching Mound.Parent,,Delivery,pitch.1,437670,-3.5382,-10.1465,116.4521,53.3674,73.7363,64.0575,-0.0874,-0.0083
1779988772505,2,11.0000004b,Drive,Delivery,pitch.1,438625,0.0325,-0.1937,1.7724,0.7193,-2.7423,-2.3895,0.0,0.0
1779988772505,2,12.00000015,Lower Delivery,Delivery,pitch.1,438353,14.0001,-3.6843,44.0607,-96.0893,37.2989,31.1259,-0.1127,-0.2903
1779988772505,2,12.00000018,Upper Delivery,Delivery,pitch.1,439211,-17.684,-6.3365,70.9213,157.3679,39.2336,46.1644,-0.0736,0.2954
1779988772505,2,Pitching Mound.Delivery,,Delivery,pitch.1,438051,-3.6944,-9.9978,114.9096,52.1202,76.4678,66.5709,-0.0886,-0.0083
1779988772505,2,Pitching Mound.Drive,,Delivery,pitch.1,438625,0.0325,-0.1937,1.7724,0.7193,-2.7423,-2.3895,0.0,0.0
1779988772505,2,Pitching Mound.Parent,,Delivery,pitch.1,437671,-3.655,-10.1776,116.6517,52.838,73.7966,64.2342,-0.0873,-0.0082
1779988772506,2,11.0000004b,Drive,Delivery,pitch.1,438626,0.02,-0.197,1.7473,0.7167,-2.5403,-2.3709,0.0,0.0
1779988772506,2,12.00000015,Lower Delivery,Delivery,pitch.1,438354,13.979,-3.7152,44.1891,-96.2326,37.5478,31.2254,-0.1131,-0.2899
1779988772506,2,12.00000015,Lower Delivery,Delivery,pitch.1,438355,13.8943,-3.7681,44.3866,-96.635,37.5599,31.3034,-0.1127,-0.2898
1779988772506,2,12.00000018,Upper Delivery,Delivery,pitch.1,439212,-17.7117,-6.3397,71.012,157.3772,39.3563,46.1595,-0.0738,0.295
1779988772506,2,Pitching Mound.Delivery,,Delivery,pitch.1,438052,-3.7049,-10.0517,115.1104,52.0464,76.7814,66.6243,-0.0888,-0.0083
1779988772506,2,Pitching Mound.Delivery,,Delivery,pitch.1,438053,-3.8173,-10.1078,115.3986,51.6895,76.9162,66.7169,-0.0887,-0.0084
1779988772506,2,Pitching Mound.Drive,,Delivery,pitch.1,438626,0.02,-0.197,1.7473,0.7167,-2.5403,-2.3709,0.0,0.0
1779988772506,2,Pitching Mound.Parent,,Delivery,pitch.1,437672,-3.6725,-10.2455,116.8828,52.7657,74.0391,64.2349,-0.0875,-0.0081
1779988772506,2,Pitching Mound.Parent,,Delivery,pitch.1,437673,-3.7973,-10.3048,117.1459,52.4062,74.3759,64.346,-0.0874,-0.0082
1779988772507,2,11.0000004b,Drive,Delivery,pitch.1,438627,0.0114,-0.1918,1.7247,0.7257,-2.5115,-2.3632,0.0,0.0
1779988772507,2,12.00000018,Upper Delivery,Delivery,pitch.1,439213,-17.6924,-6.3652,71.115,157.6891,39.6776,46.139,-0.0743,0.2952
1779988772507,2,Pitching Mound.Drive,,Delivery,pitch.1,438627,0.0114,-0.1918,1.7247,0.7257,-2.5115,-2.3632,0.0,0.0
1779988772508,2,11.0000004b,Drive,Delivery,pitch.1,438628,0.0134,-0.1521,1.7029,0.7012,-2.3963,-2.3151,0.0,0.0
1779988772508,2,12.00000015,Lower Delivery,Delivery,pitch.1,438356,13.8537,-3.8382,44.4676,-96.9907,37.6491,31.4253,-0.1127,-0.2904
1779988772508,2,12.00000018,Upper Delivery,Delivery,pitch.1,439214,-17.678,-6.3699,71.084,157.3809,39.5968,46.1189,-0.0742,0.2947
1779988772508,2,Pitching Mound.Delivery,,Delivery,pitch.1,438054,-3.8387,-10.2033,115.5826,51.6382,77.3267,66.8386,-0.0891,-0.0085
1779988772508,2,Pitching Mound.Drive,,Delivery,pitch.1,438628,0.0134,-0.1521,1.7029,0.7012,-2.3963,-2.3151,0.0,0.0
1779988772508,2,Pitching Mound.Parent,,Delivery,pitch.1,437674,-3.8273,-10.3952,117.3073,52.3639,74.8152,64.4754,-0.0878,-0.0083
1779988772509,2,11.0000004b,Drive,Delivery,pitch.1,438629,0.016,-0.165,1.6191,0.7058,-2.4963,-2.3032,0.0,0.0
1779988772509,2,12.00000015,Lower Delivery,Delivery,pitch.1,438357,13.7772,-3.8936,44.5262,-97.1469,37.8727,31.4879,-0.1132,-0.2905
1779988772509,2,12.00000018,Upper Delivery,Delivery,pitch.1,439215,-17.6137,-6.3642,71.0413,157.4439,39.5201,46.0291,-0.0741,0.295
1779988772509,2,Pitching Mound.Delivery,,Delivery,pitch.1,438055,-3.9008,-10.2635,115.6102,51.2043,77.4695,66.9121,-0.0892,-0.0087
1779988772509,2,Pitching Mound.Drive,,Delivery,pitch.1,438629,0.016,-0.165,1.6191,0.7058,-2.4963,-2.3032,0.0,0.0
1779988772509,2,Pitching Mound.Parent,,Delivery,pitch.1,437675,-3.8874,-10.4156,117.313,51.9055,75.0732,64.5969,-0.0879,-0.0086
1779988772510,2,11.0000004b,Drive,Delivery,pitch.1,438630,0.0106,-0.1624,1.6619,0.7203,-2.5242,-2.3011,0.0,0.0
1779988772510,2,12.00000015,Lower Delivery,Delivery,pitch.1,438358,13.7063,-3.9648,44.6371,-97.6907,38.142,31.6212,-0.1138,-0.2914
1779988772510,2,12.00000015,Lower Delivery,Delivery,pitch.1,438359,13.6946,-4.0298,44.8198,-97.9997,38.3147,31.7219,-0.1138,-0.2911
1779988772510,2,12.00000018,Upper Delivery,Delivery,pitch.1,439216,-17.5754,-6.3931,70.9657,157.7026,39.3968,45.9673,-0.0739,0.2958
1779988772510,2,Pitching Mound.Delivery,,Delivery,pitch.1,438056,-3.9074,-10.329,115.6784,50.7758,77.6621,67.0014,-0.0894,-0.0088
1779988772510,2,Pitching Mound.Delivery,,Delivery,pitch.1,438057,-3.8808,-10.4229,115.7856,50.8132,77.7115,67.0575,-0.0894,-0.0081
1779988772510,2,Pitching Mound.Drive,,Delivery,pitch.1,438630,0.0106,-0.1624,1.6619,0.7203,-2.5242,-2.3011,0.0,0.0
1779988772510,2,Pitching Mound.Parent,,Delivery,pitch.1,437676,-3.8914,-10.494,117.2975,51.4815,75.1658,64.6983,-0.0881,-0.0087
1779988772510,2,Pitching Mound.Parent,,Delivery,pitch.1,437677,-3.8702,-10.5853,117.4474,51.5336,75.1873,64.7563,-0.0881,-0.008
1779988772511,2,11.0000004b,Drive,Delivery,pitch.1,438631,0.0132,-0.139,1.5477,0.701,-2.5199,-2.2867,0.0,0.0
1779988772511,2,12.00000018,Upper Delivery,Delivery,pitch.1,439217,-17.5325,-6.4362,71.0639,158.1591,39.5505,45.9365,-0.0741,0.2963
1779988772511,2,Pitching Mound.Drive,,Delivery,pitch.1,438631,0.0132,-0.139,1.5477,0.701,-2.5199,-2.2867,0.0,0.0
1779988772512,2,11.0000004b,Drive,Delivery,pitch.1,438632,0.0268,-0.1698,1.5462,0.7287,-2.6108,-2.2896,0.0,0.0
1779988772512,2,12.00000015,Lower Delivery,Delivery,pitch.1,438361,13.6549,-4.1303,44.9437,-98.7704,38.7567,31.9318,-0.1148,-0.2926
1779988772512,2,12.00000015,Lower Delivery,Delivery,pitch.1,438360,13.6959,-4.087,44.9565,-98.2648,38.504,31.8059,-0.114,-0.291
1779988772512,2,12.00000018,Upper Delivery,Delivery,pitch.1,439218,-17.4761,-6.4697,71.2711,158.3949,39.8293,45.8697,-0.0744,0.2959
1779988772512,2,Pitching Mound.Delivery,,Delivery,pitch.1,438059,-3.8212,-10.6,116.2147,50.6732,78.586,67.217,-0.09,-0.0087
1779988772512,2,Pitching Mound.Delivery,,Delivery,pitch.1,438058,-3.8366,-10.5232,116.0204,51.0178,78.0545,67.1248,-0.0896,-0.0078
1779988772512,2,Pitching Mound.Drive,,Delivery,pitch.1,438632,0.0268,-0.1698,1.5462,0.7287,-2.6108,-2.2896,0.0,0.0
1779988772512,2,Pitching Mound.Parent,,Delivery,pitch.1,437679,-3.7944,-10.7697,117.7609,51.402,75.9753,64.9274,-0.0888,-0.0086
1779988772512,2,Pitching Mound.Parent,,Delivery,pitch.1,437678,-3.8234,-10.6622,117.5681,51.7188,75.5345,64.8381,-0.0884,-0.0077
1779988772513,2,11.0000004b,Drive,Delivery,pitch.1,438633,0.0355,-0.1689,1.535,0.734,-2.6451,-2.2992,0.0,0.0
1779988772513,2,12.00000015,Lower Delivery,Delivery,pitch.1,438362,13.6633,-4.18,45.172,-99.552,39.155,32.0398,-0.1154,-0.2934
1779988772513,2,12.00000018,Upper Delivery,Delivery,pitch.1,439219,-17.4144,-6.5023,71.1685,158.518,39.8661,45.7399,-0.0746,0.2965
1779988772513,2,Pitching Mound.Delivery,,Delivery,pitch.1,438060,-3.7511,-10.6823,116.3405,50.1271,79.0211,67.2132,-0.0904,-0.0085
1779988772513,2,Pitching Mound.Drive,,Delivery,pitch.1,438633,0.0355,-0.1689,1.535,0.734,-2.6451,-2.2992,0.0,0.0
1779988772513,2,Pitching Mound.Parent,,Delivery,pitch.1,437680,-3.7156,-10.8512,117.8755,50.8611,76.376,64.914,-0.0892,-0.0084
1779988772514,2,11.0000004b,Drive,Delivery,pitch.1,438634,0.0343,-0.1592,1.5165,0.7277,-2.5366,-2.2782,0.0,0.0
1779988772514,2,12.00000015,Lower Delivery,Delivery,pitch.1,438363,13.7191,-4.2102,45.0406,-99.6001,39.2653,32.176,-0.1161,-0.2944
1779988772514,2,12.00000018,Upper Delivery,Delivery,pitch.1,439220,-17.3249,-6.5426,71.1812,158.524,39.8148,45.636,-0.0745,0.2965
1779988772514,2,Pitching Mound.Delivery,,Delivery,pitch.1,438061,-3.6057,-10.7528,116.2218,50.0361,79.0801,67.257,-0.0906,-0.009
1779988772514,2,Pitching Mound.Drive,,Delivery,pitch.1,438634,0.0343,-0.1592,1.5165,0.7277,-2.5366,-2.2782,0.0,0.0
1779988772514,2,Pitching Mound.Parent,,Delivery,pitch.1,437681,-3.5714,-10.9121,117.7383,50.7638,76.5435,64.9788,-0.0894,-0.0089
1779988772515,2,11.0000004b,Drive,Delivery,pitch.1,438635,0.0473,-0.1752,1.473,0.7349,-2.6208,-2.2786,0.0,0.0
1779988772515,2,12.00000015,Lower Delivery,Delivery,pitch.1,438364,13.8472,-4.2734,45.3208,-100.1694,39.6553,32.2892,-0.1165,-0.2942
1779988772515,2,12.00000018,Upper Delivery,Delivery,pitch.1,439221,-17.2242,-6.5903,71.1318,158.6193,39.882,45.547,-0.0746,0.2969
1779988772515,2,Pitching Mound.Delivery,,Delivery,pitch.1,438062,-3.3771,-10.8638,116.4526,49.6741,79.5373,67.2719,-0.0909,-0.0085
1779988772515,2,Pitching Mound.Drive,,Delivery,pitch.1,438635,0.0473,-0.1752,1.473,0.7349,-2.6208,-2.2786,0.0,0.0
1779988772515,2,Pitching Mound.Parent,,Delivery,pitch.1,437682,-3.3298,-11.039,117.9256,50.409,76.9165,64.9933,-0.0898,-0.0084
1779988772516,2,11.0000004b,Drive,Delivery,pitch.1,438636,0.065,-0.1877,1.4858,0.7667,-2.7075,-2.2876,0.0,0.0
1779988772516,2,12.00000015,Lower Delivery,Delivery,pitch.1,438365,13.8906,-4.3033,45.3475,-100.3282,39.586,32.4395,-0.1162,-0.2945
1779988772516,2,12.00000018,Upper Delivery,Delivery,pitch.1,439222,-17.1627,-6.5831,71.0422,158.4889,39.7445,45.4299,-0.0745,0.297
1779988772516,2,Pitching Mound.Delivery,,Delivery,pitch.1,438063,-3.2721,-10.8865,116.3898,49.4245,79.3306,67.3113,-0.0907,-0.0085
1779988772516,2,Pitching Mound.Drive,,Delivery,pitch.1,438636,0.065,-0.1877,1.4858,0.7667,-2.7075,-2.2876,0.0,0.0
1779988772516,2,Pitching Mound.Parent,,Delivery,pitch.1,437683,-3.2071,-11.0742,117.8756,50.1912,76.6231,65.0236,-0.0896,-0.0084
1779988772517,2,11.0000004b,Drive,Delivery,pitch.1,438637,0.0672,-0.1872,1.5169,0.7447,-2.8152,-2.262,0.0,0.0
1779988772517,2,12.00000015,Lower Delivery,Delivery,pitch.1,438366,14.0345,-4.3428,45.5775,-100.5074,39.8483,32.571,-0.1164,-0.2936
1779988772517,2,12.00000018,Upper Delivery,Delivery,pitch.1,439223,-17.083,-6.6108,70.9427,158.311,39.5639,45.3157,-0.0742,0.2971
1779988772517,2,Pitching Mound.Delivery,,Delivery,pitch.1,438064,-3.0485,-10.9535,116.5202,49.1794,79.4122,67.3068,-0.0907,-0.008
1779988772517,2,Pitching Mound.Drive,,Delivery,pitch.1,438637,0.0672,-0.1872,1.5169,0.7447,-2.8152,-2.262,0.0,0.0
1779988772517,2,Pitching Mound.Parent,,Delivery,pitch.1,437684,-2.9813,-11.1407,118.0371,49.9241,76.597,65.0447,-0.0896,-0.0079
1779988772518,2,11.0000004b,Drive,Delivery,pitch.1,438638,0.0531,-0.1718,1.5499,0.7307,-2.9001,-2.2694,0.0,0.0
1779988772518,2,12.00000015,Lower Delivery,Delivery,pitch.1,438367,14.1963,-4.3728,45.7154,-100.5778,39.9713,32.7177,-0.1164,-0.2929
1779988772518,2,12.00000018,Upper Delivery,Delivery,pitch.1,439224,-17.0447,-6.6309,70.8125,157.9988,39.342,45.1553,-0.074,0.297
1779988772518,2,Pitching Mound.Delivery,,Delivery,pitch.1,438065,-2.8484,-11.0037,116.5278,48.888,79.3133,67.2511,-0.0906,-0.0076
1779988772518,2,Pitching Mound.Drive,,Delivery,pitch.1,438638,0.0531,-0.1718,1.5499,0.7307,-2.9001,-2.2694,0.0,0.0
1779988772518,2,Pitching Mound.Parent,,Delivery,pitch.1,437685,-2.7952,-11.1755,118.0778,49.6186,76.4132,64.9817,-0.0894,-0.0075
1779988772519,2,11.0000004b,Drive,Delivery,pitch.1,438639,0.0427,-0.1871,1.6419,0.7491,-2.9097,-2.2869,0.0,0.0
1779988772519,2,12.00000015,Lower Delivery,Delivery,pitch.1,438368,14.3252,-4.3992,45.9256,-100.8034,40.1761,32.8771,-0.1165,-0.2922
1779988772519,2,12.00000018,Upper Delivery,Delivery,pitch.1,439225,-16.955,-6.6622,70.7703,158.0865,39.4577,45.0588,-0.0742,0.2974
1779988772519,2,Pitching Mound.Delivery,,Delivery,pitch.1,438066,-2.6297,-11.0615,116.6959,48.8358,79.6338,67.3006,-0.0908,-0.007
1779988772519,2,Pitching Mound.Drive,,Delivery,pitch.1,438639,0.0427,-0.1871,1.6419,0.7491,-2.9097,-2.2869,0.0,0.0
1779988772519,2,Pitching Mound.Parent,,Delivery,pitch.1,437686,-2.5871,-11.2486,118.3377,49.5849,76.7242,65.0137,-0.0896,-0.0069
1779988772520,2,11.0000004b,Drive,Delivery,pitch.1,438640,0.0423,-0.1659,1.6562,0.752,-2.9715,-2.3301,0.0,0.0
1779988772520,2,12.00000015,Lower Delivery,Delivery,pitch.1,438369,14.3948,-4.4365,46.1743,-100.6838,40.063,33.0853,-0.1155,-0.2903
1779988772520,2,12.00000018,Upper Delivery,Delivery,pitch.1,439226,-16.8946,-6.7019,70.7972,158.4368,39.5949,44.9677,-0.0745,0.2979
1779988772520,2,Pitching Mound.Delivery,,Delivery,pitch.1,438067,-2.4998,-11.1384,116.9715,49.3811,79.6578,67.4146,-0.0907,-0.0058
1779988772520,2,Pitching Mound.Drive,,Delivery,pitch.1,438640,0.0423,-0.1659,1.6562,0.752,-2.9715,-2.3301,0.0,0.0
1779988772520,2,Pitching Mound.Parent,,Delivery,pitch.1,437687,-2.4574,-11.3043,118.6277,50.1332,76.6864,65.0845,-0.0894,-0.0058
1779988772521,2,11.0000004b,Drive,Delivery,pitch.1,438641,0.0526,-0.1756,1.5717,0.7456,-3.0189,-2.3037,0.0,0.0
1779988772521,2,12.00000015,Lower Delivery,Delivery,pitch.1,438370,14.5315,-4.4542,46.1654,-100.5781,39.8884,33.2491,-0.115,-0.29
1779988772521,2,12.00000018,Upper Delivery,Delivery,pitch.1,439227,-16.8342,-6.6897,70.762,158.4051,39.6166,44.8497,-0.0745,0.298
1779988772521,2,Pitching Mound.Delivery,,Delivery,pitch.1,438068,-2.3027,-11.1439,116.9275,49.4641,79.5051,67.4345,-0.0905,-0.0057
1779988772521,2,Pitching Mound.Drive,,Delivery,pitch.1,438641,0.0526,-0.1756,1.5717,0.7456,-3.0189,-2.3037,0.0,0.0
1779988772521,2,Pitching Mound.Parent,,Delivery,pitch.1,437688,-2.2501,-11.3194,118.4992,50.2097,76.4862,65.1308,-0.0893,-0.0056
1779988772522,2,11.0000004b,Drive,Delivery,pitch.1,438642,0.0536,-0.1809,1.6449,0.7641,-3.0629,-2.3225,0.0,0.0
1779988772522,2,12.00000015,Lower Delivery,Delivery,pitch.1,438371,14.668,-4.5051,46.4605,-100.4992,39.9612,33.4358,-0.1145,-0.288
1779988772522,2,12.00000018,Upper Delivery,Delivery,pitch.1,439228,-16.7832,-6.6864,70.5499,157.9787,39.5347,44.7475,-0.0746,0.2981
1779988772522,2,Pitching Mound.Delivery,,Delivery,pitch.1,438069,-2.1152,-11.1915,117.0104,49.289,79.4959,67.4899,-0.0904,-0.0046
1779988772522,2,Pitching Mound.Drive,,Delivery,pitch.1,438642,0.0536,-0.1809,1.6449,0.7641,-3.0629,-2.3225,0.0,0.0
1779988772522,2,Pitching Mound.Parent,,Delivery,pitch.1,437689,-2.0616,-11.3724,118.6553,50.0531,76.433,65.1674,-0.0892,-0.0045
1779988772523,2,11.0000004b,Drive,Delivery,pitch.1,438643,0.0593,-0.1685,1.6633,0.7306,-2.8916,-2.3279,0.0,0.0
1779988772523,2,12.00000015,Lower Delivery,Delivery,pitch.1,438372,14.8969,-4.5433,46.5717,-100.3899,40.0775,33.5509,-0.1146,-0.287
1779988772523,2,12.00000018,Upper Delivery,Delivery,pitch.1,439229,-16.7395,-6.6811,70.4037,157.6642,39.4127,44.6504,-0.0745,0.2981
1779988772523,2,Pitching Mound.Delivery,,Delivery,pitch.1,438070,-1.8426,-11.2244,116.9754,49.1714,79.4902,67.4449,-0.0905,-0.0041
1779988772523,2,Pitching Mound.Drive,,Delivery,pitch.1,438643,0.0593,-0.1685,1.6633,0.7306,-2.8916,-2.3279,0.0,0.0
1779988772523,2,Pitching Mound.Parent,,Delivery,pitch.1,437690,-1.7832,-11.393,118.6387,49.902,76.5986,65.117,-0.0892,-0.004
1779988772524,2,11.0000004b,Drive,Delivery,pitch.1,438644,0.0607,-0.1907,1.6284,0.7391,-2.8664,-2.3091,0.0,0.0
1779988772524,2,12.00000015,Lower Delivery,Delivery,pitch.1,438373,14.9302,-4.5489,46.6596,-100.0488,39.9263,33.7198,-0.1139,-0.2855
1779988772524,2,12.00000018,Upper Delivery,Delivery,pitch.1,439230,-16.7257,-6.6829,70.4249,157.2942,39.4683,44.556,-0.0746,0.2973
1779988772524,2,Pitching Mound.Delivery,,Delivery,pitch.1,438071,-1.7956,-11.2318,117.0844,49.1652,79.3946,67.5128,-0.0903,-0.0039
1779988772524,2,Pitching Mound.Drive,,Delivery,pitch.1,438644,0.0607,-0.1907,1.6284,0.7391,-2.8664,-2.3091,0.0,0.0
1779988772524,2,Pitching Mound.Parent,,Delivery,pitch.1,437691,-1.7348,-11.4226,118.7129,49.9043,76.5282,65.2037,-0.089,-0.0039
1779988772525,2,11.0000004b,Drive,Delivery,pitch.1,438645,0.0544,-0.1898,1.627,0.7344,-2.8609,-2.3412,0.0,0.0
1779988772525,2,12.00000015,Lower Delivery,Delivery,pitch.1,438374,15.0069,-4.5445,46.7191,-100.1138,39.9006,33.9087,-0.1137,-0.2853
1779988772525,2,12.00000018,Upper Delivery,Delivery,pitch.1,439231,-16.6541,-6.643,70.0788,156.5979,39.2707,44.4639,-0.0746,0.2975
1779988772525,2,Pitching Mound.Delivery,,Delivery,pitch.1,438072,-1.6472,-11.1875,116.7979,48.5418,79.1713,67.6079,-0.0902,-0.0036
1779988772525,2,Pitching Mound.Drive,,Delivery,pitch.1,438645,0.0544,-0.1898,1.627,0.7344,-2.8609,-2.3412,0.0,0.0
1779988772525,2,Pitching Mound.Parent,,Delivery,pitch.1,437692,-1.5928,-11.3773,118.425,49.2762,76.3104,65.2667,-0.089,-0.0036
1779988772526,2,11.0000004b,Drive,Delivery,pitch.1,438646,0.0419,-0.1721,1.709,0.7516,-2.9126,-2.3553,0.0,0.0
1779988772526,2,12.00000015,Lower Delivery,Delivery,pitch.1,438375,15.0985,-4.5443,46.7776,-100.0112,39.8971,34.0817,-0.1135,-0.2846
1779988772526,2,12.00000018,Upper Delivery,Delivery,pitch.1,439232,-16.6217,-6.656,70.0658,156.6597,39.3921,44.3957,-0.0748,0.2977
1779988772526,2,Pitching Mound.Delivery,,Delivery,pitch.1,438073,-1.5232,-11.2003,116.8434,48.7305,79.2892,67.6925,-0.0903,-0.0032
1779988772526,2,Pitching Mound.Drive,,Delivery,pitch.1,438646,0.0419,-0.1721,1.709,0.7516,-2.9126,-2.3553,0.0,0.0
1779988772526,2,Pitching Mound.Parent,,Delivery,pitch.1,437693,-1.4813,-11.3724,118.5524,49.4821,76.3765,65.3371,-0.089,-0.0032
1779988772527,2,11.0000004b,Drive,Delivery,pitch.1,438647,0.0537,-0.1898,1.6773,0.7616,-3.0193,-2.3488,0.0,0.0
1779988772527,2,12.00000015,Lower Delivery,Delivery,pitch.1,438376,15.2268,-4.5405,46.8398,-99.7732,40.0037,34.184,-0.1137,-0.2836
1779988772527,2,12.00000018,Upper Delivery,Delivery,pitch.1,439233,-16.5734,-6.6512,69.8503,156.2234,39.2369,44.3203,-0.0748,0.2977
1779988772527,2,Pitching Mound.Delivery,,Delivery,pitch.1,438074,-1.3467,-11.1918,116.69,48.6267,79.2406,67.6923,-0.0904,-0.0026
1779988772527,2,Pitching Mound.Drive,,Delivery,pitch.1,438647,0.0537,-0.1898,1.6773,0.7616,-3.0193,-2.3488,0.0,0.0
1779988772527,2,Pitching Mound.Parent,,Delivery,pitch.1,437694,-1.293,-11.3816,118.3673,49.3883,76.2214,65.3435,-0.0891,-0.0026
1779988772528,2,11.0000004b,Drive,Delivery,pitch.1,438648,0.0474,-0.2027,1.799,0.7548,-3.0069,-2.3373,0.0,0.0
1779988772528,2,12.00000015,Lower Delivery,Delivery,pitch.1,438377,15.2987,-4.5532,46.8443,-99.8977,40.2681,34.3525,-0.1144,-0.2839
1779988772528,2,12.00000018,Upper Delivery,Delivery,pitch.1,439234,-16.5253,-6.641,69.6788,155.9395,39.317,44.2372,-0.0751,0.2979
1779988772528,2,Pitching Mound.Delivery,,Delivery,pitch.1,438075,-1.2265,-11.1942,116.5232,48.2781,79.5851,67.7695,-0.0909,-0.0026
1779988772528,2,Pitching Mound.Drive,,Delivery,pitch.1,438648,0.0474,-0.2027,1.799,0.7548,-3.0069,-2.3373,0.0,0.0
1779988772528,2,Pitching Mound.Parent,,Delivery,pitch.1,437695,-1.1792,-11.3969,118.3222,49.0329,76.5782,65.4322,-0.0895,-0.0026
1779988772529,2,11.0000004b,Drive,Delivery,pitch.1,438649,0.0606,-0.1967,1.6611,0.7317,-2.8099,-2.3564,0.0,0.0
1779988772529,2,12.00000015,Lower Delivery,Delivery,pitch.1,438378,15.3309,-4.5407,46.9305,-99.9296,40.3454,34.5036,-0.1144,-0.2835
1779988772529,2,12.00000018,Upper Delivery,Delivery,pitch.1,439235,-16.4816,-6.6481,69.6387,155.8808,39.2794,44.1654,-0.0751,0.298
1779988772529,2,Pitching Mound.Delivery,,Delivery,pitch.1,438076,-1.1507,-11.1888,116.5692,48.2304,79.6248,67.8528,-0.0909,-0.0023
1779988772529,2,Pitching Mound.Drive,,Delivery,pitch.1,438649,0.0606,-0.1967,1.6611,0.7317,-2.8099,-2.3564,0.0,0.0
1779988772529,2,Pitching Mound.Parent,,Delivery,pitch.1,437696,-1.0901,-11.3856,118.2303,48.9622,76.8149,65.4964,-0.0897,-0.0023
1779988772530,2,11.0000004b,Drive,Delivery,pitch.1,438650,0.0704,-0.21,1.5966,0.7398,-2.9135,-2.362,0.0,0.0
1779988772530,2,12.00000015,Lower Delivery,Delivery,pitch.1,438379,15.277,-4.5407,47.1904,-99.9715,40.1923,34.6723,-0.1134,-0.282
1779988772530,2,12.00000018,Upper Delivery,Delivery,pitch.1,439236,-16.4328,-6.6224,69.3342,155.4568,38.9928,44.1173,-0.0749,0.2985
1779988772530,2,Pitching Mound.Delivery,,Delivery,pitch.1,438077,-1.1558,-11.1631,116.5246,47.9564,79.1851,68.0083,-0.0905,-0.0012
1779988772530,2,Pitching Mound.Drive,,Delivery,pitch.1,438650,0.0704,-0.21,1.5966,0.7398,-2.9135,-2.362,0.0,0.0
1779988772530,2,Pitching Mound.Parent,,Delivery,pitch.1,437697,-1.0854,-11.3731,118.1212,48.6962,76.2716,65.6462,-0.0892,-0.0012
1779988772531,2,11.0000004b,Drive,Delivery,pitch.1,438651,0.0651,-0.2444,1.6439,0.765,-2.8468,-2.3565,0.0,0.0
1779988772531,2,12.00000015,Lower Delivery,Delivery,pitch.1,438380,15.4166,-4.5818,47.4557,-99.8964,40.3227,34.7971,-0.1131,-0.2802
1779988772531,2,12.00000018,Upper Delivery,Delivery,pitch.1,439237,-16.3741,-6.6193,69.0809,155.1401,38.8681,43.9991,-0.0749,0.299
1779988772531,2,Pitching Mound.Delivery,,Delivery,pitch.1,438078,-0.9574,-11.2012,116.5365,47.8911,79.1907,67.9874,-0.0905,0.0
1779988772531,2,Pitching Mound.Drive,,Delivery,pitch.1,438651,0.0651,-0.2444,1.6439,0.765,-2.8468,-2.3565,0.0,0.0
1779988772531,2,Pitching Mound.Parent,,Delivery,pitch.1,437698,-0.8924,-11.4456,118.1804,48.6561,76.3439,65.6308,-0.0892,0.0
1779988772532,2,11.0000004b,Drive,Delivery,pitch.1,438652,0.0645,-0.2431,1.4836,0.7672,-2.7977,-2.3597,0.0,0.0
1779988772532,2,12.00000015,Lower Delivery,Delivery,pitch.1,438381,15.4018,-4.5715,47.5906,-99.93,40.3078,34.9613,-0.1128,-0.2795
1779988772532,2,12.00000018,Upper Delivery,Delivery,pitch.1,439238,-16.3199,-6.6137,68.8562,154.7839,38.909,43.8773,-0.0752,0.2993
1779988772532,2,Pitching Mound.Delivery,,Delivery,pitch.1,438079,-0.9181,-11.1852,116.4467,47.6236,79.2168,68.0532,-0.0906,0.0006
1779988772532,2,Pitching Mound.Drive,,Delivery,pitch.1,438652,0.0645,-0.2431,1.4836,0.7672,-2.7977,-2.3597,0.0,0.0
1779988772532,2,Pitching Mound.Parent,,Delivery,pitch.1,437699,-0.8536,-11.4282,117.9303,48.3908,76.4191,65.6936,-0.0894,0.0006
1779988772533,2,11.0000004b,Drive,Delivery,pitch.1,438653,0.06,-0.2367,1.4562,0.7598,-2.7533,-2.3553,0.0,0.0
1779988772533,2,12.00000015,Lower Delivery,Delivery,pitch.1,438382,15.4752,-4.5812,47.8073,-100.3093,40.6354,35.13,-0.1132,-0.2793
1779988772533,2,12.00000018,Upper Delivery,Delivery,pitch.1,439239,-16.2746,-6.6504,69.0235,155.8086,39.1701,43.8428,-0.0755,0.3005
1779988772533,2,Pitching Mound.Delivery,,Delivery,pitch.1,438080,-0.7994,-11.2315,116.8308,48.2858,79.8054,68.1778,-0.0909,0.0015
1779988772533,2,Pitching Mound.Drive,,Delivery,pitch.1,438653,0.06,-0.2367,1.4562,0.7598,-2.7533,-2.3553,0.0,0.0
1779988772533,2,Pitching Mound.Parent,,Delivery,pitch.1,437700,-0.7395,-11.4683,118.287,49.0455,77.0522,65.8224,-0.0898,0.0015
1779988772534,2,11.0000004b,Drive,Delivery,pitch.1,438654,0.0522,-0.2338,1.4857,0.7551,-2.627,-2.3156,0.0,0.0
1779988772534,2,12.00000015,Lower Delivery,Delivery,pitch.1,438383,15.4125,-4.5579,47.9809,-100.4906,40.6237,35.238,-0.1127,-0.2788
1779988772534,2,12.00000018,Upper Delivery,Delivery,pitch.1,439240,-16.25,-6.657,68.7951,155.433,38.9792,43.7302,-0.0754,0.3008
1779988772534,2,Pitching Mound.Delivery,,Delivery,pitch.1,438081,-0.8375,-11.2149,116.776,47.8657,79.6029,68.2029,-0.0907,0.002
1779988772534,2,Pitching Mound.Drive,,Delivery,pitch.1,438654,0.0522,-0.2338,1.4857,0.7551,-2.627,-2.3156,0.0,0.0
1779988772534,2,Pitching Mound.Parent,,Delivery,pitch.1,437701,-0.7853,-11.4487,118.2616,48.6208,76.976,65.8873,-0.0896,0.002
1779988772535,2,11.0000004b,Drive,Delivery,pitch.1,438655,0.0732,-0.2481,1.4267,0.7754,-2.8401,-2.3774,0.0,0.0
1779988772535,2,12.00000015,Lower Delivery,Delivery,pitch.1,438384,15.5052,-4.5861,48.1204,-100.5512,40.6482,35.3487,-0.1125,-0.2782
1779988772535,2,12.00000018,Upper Delivery,Delivery,pitch.1,439241,-16.1789,-6.6784,68.9043,155.4066,39.072,43.6549,-0.0755,0.3003
1779988772535,2,Pitching Mound.Delivery,,Delivery,pitch.1,438082,-0.6737,-11.2645,117.0247,47.7889,79.7202,68.2309,-0.0907,0.002
1779988772535,2,Pitching Mound.Drive,,Delivery,pitch.1,438655,0.0732,-0.2481,1.4267,0.7754,-2.8401,-2.3774,0.0,0.0
1779988772535,2,Pitching Mound.Parent,,Delivery,pitch.1,437702,-0.6005,-11.5126,118.4514,48.5642,76.8801,65.8536,-0.0896,0.002
1779988772536,2,11.0000004b,Drive,Delivery,pitch.1,438656,0.0751,-0.2545,1.4726,0.7833,-2.9278,-2.3894,0.0,0.0
1779988772536,2,12.00000015,Lower Delivery,Delivery,pitch.1,438385,15.4763,-4.5842,48.3872,-101.0491,40.8036,35.5073,-0.1123,-0.278
1779988772536,2,12.00000018,Upper Delivery,Delivery,pitch.1,439242,-16.1619,-6.6944,68.9169,155.3595,38.992,43.6145,-0.0753,0.3001
1779988772536,2,Pitching Mound.Delivery,,Delivery,pitch.1,438083,-0.6855,-11.2785,117.3041,47.3303,79.7956,68.3648,-0.0906,0.0021
1779988772536,2,Pitching Mound.Drive,,Delivery,pitch.1,438656,0.0751,-0.2545,1.4726,0.7833,-2.9278,-2.3894,0.0,0.0
1779988772536,2,Pitching Mound.Parent,,Delivery,pitch.1,437703,-0.6104,-11.5331,118.7767,48.1136,76.8678,65.9754,-0.0894,0.0021
1779988772537,2,11.0000004b,Drive,Delivery,pitch.1,438657,0.0792,-0.2505,1.4177,0.7794,-2.7626,-2.3712,0.0,0.0
1779988772537,2,12.00000015,Lower Delivery,Delivery,pitch.1,438386,15.4871,-4.6013,48.5307,-100.9358,40.9011,35.5932,-0.1122,-0.2769
1779988772537,2,12.00000018,Upper Delivery,Delivery,pitch.1,439243,-16.1342,-6.7008,68.824,155.0523,38.9104,43.556,-0.0753,0.2999
1779988772537,2,Pitching Mound.Delivery,,Delivery,pitch.1,438084,-0.6471,-11.3021,117.3546,47.2167,79.8115,68.398,-0.0905,0.0026
1779988772537,2,Pitching Mound.Drive,,Delivery,pitch.1,438657,0.0792,-0.2505,1.4177,0.7794,-2.7626,-2.3712,0.0,0.0
1779988772537,2,Pitching Mound.Parent,,Delivery,pitch.1,437704,-0.5679,-11.5526,118.7724,47.9962,77.0489,66.0268,-0.0895,0.0026
1779988772538,2,11.0000004b,Drive,Delivery,pitch.1,438658,0.0699,-0.2427,1.4369,0.7715,-2.5475,-2.3881,0.0,0.0
1779988772538,2,12.00000015,Lower Delivery,Delivery,pitch.1,438387,15.5283,-4.6127,48.6753,-101.1889,40.9196,35.7335,-0.1119,-0.2768
1779988772538,2,12.00000018,Upper Delivery,Delivery,pitch.1,439244,-16.0798,-6.7464,68.8734,154.8287,38.8663,43.5191,-0.0751,0.2993
1779988772538,2,Pitching Mound.Delivery,,Delivery,pitch.1,438085,-0.5515,-11.3591,117.5487,46.7724,79.7859,68.5059,-0.0904,0.0023
1779988772538,2,Pitching Mound.Drive,,Delivery,pitch.1,438658,0.0699,-0.2427,1.4369,0.7715,-2.5475,-2.3881,0.0,0.0
1779988772538,2,Pitching Mound.Parent,,Delivery,pitch.1,437705,-0.4816,-11.6018,118.9856,47.5438,77.2384,66.1177,-0.0893,0.0023
1779988772539,2,11.0000004b,Drive,Delivery,pitch.1,438659,0.0791,-0.2325,1.4291,0.7609,-2.4212,-2.4004,0.0,0.0
1779988772539,2,12.00000015,Lower Delivery,Delivery,pitch.1,438388,15.5705,-4.6436,48.8214,-101.1424,40.8894,35.8205,-0.1115,-0.2758
1779988772539,2,12.00000018,Upper Delivery,Delivery,pitch.1,439245,-16.0563,-6.7538,69.0175,154.8329,38.9515,43.4709,-0.0751,0.2987
1779988772539,2,Pitching Mound.Delivery,,Delivery,pitch.1,438086,-0.4858,-11.3974,117.8389,46.8239,79.8409,68.5383,-0.0902,0.0024
1779988772539,2,Pitching Mound.Drive,,Delivery,pitch.1,438659,0.0791,-0.2325,1.4291,0.7609,-2.4212,-2.4004,0.0,0.0
1779988772539,2,Pitching Mound.Parent,,Delivery,pitch.1,437706,-0.4067,-11.6298,119.268,47.5848,77.4197,66.1379,-0.0891,0.0024
1779988772540,2,11.0000004b,Drive,Delivery,pitch.1,438660,0.0673,-0.2078,1.4874,0.7513,-2.4215,-2.3634,0.0,0.0
1779988772540,2,12.00000015,Lower Delivery,Delivery,pitch.1,438389,15.6916,-4.66,48.942,-101.4259,41.061,35.919,-0.1117,-0.2759
1779988772540,2,12.00000018,Upper Delivery,Delivery,pitch.1,439246,-16.0318,-6.7972,69.1449,154.449,38.893,43.416,-0.0749,0.2974
1779988772540,2,Pitching Mound.Delivery,,Delivery,pitch.1,438087,-0.3403,-11.4572,118.0869,46.1541,79.954,68.549,-0.0901,0.0016
1779988772540,2,Pitching Mound.Drive,,Delivery,pitch.1,438660,0.0673,-0.2078,1.4874,0.7513,-2.4215,-2.3634,0.0,0.0
1779988772540,2,Pitching Mound.Parent,,Delivery,pitch.1,437707,-0.273,-11.665,119.5744,46.9054,77.5325,66.1856,-0.089,0.0016
1779988772541,2,11.0000004b,Drive,Delivery,pitch.1,438661,0.074,-0.2079,1.5242,0.7448,-2.3184,-2.3674,0.0,0.0
1779988772541,2,12.00000015,Lower Delivery,Delivery,pitch.1,438390,15.8742,-4.6967,49.1339,-101.5937,41.2961,36.025,-0.1119,-0.2753
1779988772541,2,12.00000018,Upper Delivery,Delivery,pitch.1,439247,-15.9955,-6.832,69.0794,154.3585,39.0041,43.3925,-0.0752,0.2975
1779988772541,2,Pitching Mound.Delivery,,Delivery,pitch.1,438088,-0.1213,-11.5287,118.2133,45.9833,80.3003,68.5819,-0.0904,0.0021
1779988772541,2,Pitching Mound.Drive,,Delivery,pitch.1,438661,0.074,-0.2079,1.5242,0.7448,-2.3184,-2.3674,0.0,0.0
1779988772541,2,Pitching Mound.Parent,,Delivery,pitch.1,437708,-0.0474,-11.7366,119.7375,46.7281,77.9819,66.2145,-0.0893,0.002
1779988772542,2,11.0000004b,Drive,Delivery,pitch.1,438662,0.0744,-0.1878,1.5665,0.7387,-2.2405,-2.3439,0.0,0.0
1779988772542,2,12.00000015,Lower Delivery,Delivery,pitch.1,438391,16.0478,-4.7005,49.0884,-101.5309,41.3102,36.1447,-0.112,-0.2754
1779988772542,2,12.00000018,Upper Delivery,Delivery,pitch.1,439248,-15.9752,-6.8787,68.9561,154.001,38.7948,43.3131,-0.0749,0.2973
1779988772542,2,Pitching Mound.Delivery,,Delivery,pitch.1,438089,0.0726,-11.5792,118.0445,45.7151,80.105,68.57,-0.0903,0.0019
1779988772542,2,Pitching Mound.Drive,,Delivery,pitch.1,438662,0.0744,-0.1878,1.5665,0.7387,-2.2405,-2.3439,0.0,0.0
1779988772542,2,Pitching Mound.Parent,,Delivery,pitch.1,437709,0.147,-11.7671,119.611,46.4538,77.8646,66.2261,-0.0892,0.0019
1779988772543,2,11.0000004b,Drive,Delivery,pitch.1,438663,0.0641,-0.1634,1.5419,0.695,-2.0974,-2.3266,0.0,0.0
1779988772543,2,12.00000015,Lower Delivery,Delivery,pitch.1,438392,16.2127,-4.7329,49.023,-101.5387,41.5956,36.2425,-0.113,-0.2757
1779988772543,2,12.00000018,Upper Delivery,Delivery,pitch.1,439249,-15.9486,-6.9072,68.7141,153.5591,38.7076,43.2543,-0.075,0.2975
1779988772543,2,Pitching Mound.Delivery,,Delivery,pitch.1,438090,0.2641,-11.6401,117.737,45.3255,80.3031,68.562,-0.0908,0.002
1779988772543,2,Pitching Mound.Drive,,Delivery,pitch.1,438663,0.0641,-0.1634,1.5419,0.695,-2.0974,-2.3266,0.0,0.0
1779988772543,2,Pitching Mound.Parent,,Delivery,pitch.1,437710,0.3282,-11.8034,119.2789,46.0204,78.2057,66.2353,-0.0896,0.0019
1779988772544,2,11.0000004b,Drive,Delivery,pitch.1,438664,0.0728,-0.1875,1.6069,0.715,-2.1794,-2.3572,0.0,0.0
1779988772544,2,12.00000015,Lower Delivery,Delivery,pitch.1,438393,16.366,-4.7936,49.1338,-101.8051,41.6128,36.3979,-0.1127,-0.2758
1779988772544,2,12.00000018,Upper Delivery,Delivery,pitch.1,439250,-15.9114,-6.921,68.5507,153.2304,38.5573,43.2081,-0.0749,0.2976
1779988772544,2,Pitching Mound.Delivery,,Delivery,pitch.1,438091,0.4545,-11.7146,117.6846,44.8236,80.1701,68.6317,-0.0907,0.0021
1779988772544,2,Pitching Mound.Drive,,Delivery,pitch.1,438664,0.0728,-0.1875,1.6069,0.715,-2.1794,-2.3572,0.0,0.0
1779988772544,2,Pitching Mound.Parent,,Delivery,pitch.1,437711,0.5273,-11.9021,119.2914,45.5386,77.9907,66.2745,-0.0895,0.002
1779988772545,2,11.0000004b,Drive,Delivery,pitch.1,438665,0.0723,-0.1749,1.5255,0.7418,-2.2193,-2.3407,0.0,0.0
1779988772545,2,12.00000015,Lower Delivery,Delivery,pitch.1,438394,16.4946,-4.8176,49.1784,-101.6089,41.5717,36.5397,-0.1125,-0.2751
1779988772545,2,12.00000018,Upper Delivery,Delivery,pitch.1,439251,-15.8631,-6.9758,68.4101,152.9031,38.5376,43.1162,-0.075,0.2976
1779988772545,2,Pitching Mound.Delivery,,Delivery,pitch.1,438092,0.6315,-11.7934,117.5885,44.7554,80.1093,68.6543,-0.0907,0.0025
1779988772545,2,Pitching Mound.Drive,,Delivery,pitch.1,438665,0.0723,-0.1749,1.5255,0.7418,-2.2193,-2.3407,0.0,0.0
1779988772545,2,Pitching Mound.Parent,,Delivery,pitch.1,437712,0.7038,-11.9683,119.114,45.4972,77.89,66.3136,-0.0895,0.0024
1779988772546,2,11.0000004b,Drive,Delivery,pitch.1,438666,0.0686,-0.1634,1.5319,0.7126,-2.1582,-2.3245,0.0,0.0
1779988772546,2,12.00000015,Lower Delivery,Delivery,pitch.1,438395,16.6362,-4.8833,49.2577,-101.6807,41.5522,36.7072,-0.1123,-0.2748
1779988772546,2,12.00000018,Upper Delivery,Delivery,pitch.1,439252,-15.8316,-7.0154,68.3365,152.9412,38.4653,43.0534,-0.0749,0.2979
1779988772546,2,Pitching Mound.Delivery,,Delivery,pitch.1,438093,0.8046,-11.8987,117.5942,44.7737,80.0175,68.7215,-0.0906,0.0029
1779988772546,2,Pitching Mound.Drive,,Delivery,pitch.1,438666,0.0686,-0.1634,1.5319,0.7126,-2.1582,-2.3245,0.0,0.0
1779988772546,2,Pitching Mound.Parent,,Delivery,pitch.1,437713,0.8732,-12.0621,119.1261,45.4863,77.8593,66.3971,-0.0894,0.0028
1779988772547,2,11.0000004b,Drive,Delivery,pitch.1,438667,0.0747,-0.1519,1.5161,0.6901,-2.0831,-2.3154,0.0,0.0
1779988772547,2,12.00000015,Lower Delivery,Delivery,pitch.1,438396,16.7651,-4.9227,49.2769,-101.8717,41.5076,36.8788,-0.1121,-0.2752
1779988772547,2,12.00000018,Upper Delivery,Delivery,pitch.1,439253,-15.7875,-7.0348,68.0766,152.4919,38.3131,43.0294,-0.0749,0.2982
1779988772547,2,Pitching Mound.Delivery,,Delivery,pitch.1,438094,0.9775,-11.9575,117.3536,44.2282,79.8207,68.8404,-0.0905,0.003
1779988772547,2,Pitching Mound.Drive,,Delivery,pitch.1,438667,0.0747,-0.1519,1.5161,0.6901,-2.0831,-2.3154,0.0,0.0
1779988772547,2,Pitching Mound.Parent,,Delivery,pitch.1,437714,1.0523,-12.1094,118.8697,44.9183,77.7375,66.5249,-0.0894,0.0029
1779988772548,2,11.0000004b,Drive,Delivery,pitch.1,438668,0.0743,-0.2,1.4927,0.7161,-2.3176,-2.3171,0.0,0.0
1779988772548,2,12.00000015,Lower Delivery,Delivery,pitch.1,438397,16.854,-4.9756,49.3321,-101.6117,41.4912,37.0398,-0.112,-0.2742
1779988772548,2,12.00000018,Upper Delivery,Delivery,pitch.1,439254,-15.7444,-7.0455,67.9968,152.1247,38.2738,42.8956,-0.0749,0.2978
1779988772548,2,Pitching Mound.Delivery,,Delivery,pitch.1,438095,1.1095,-12.0211,117.3288,44.167,79.765,68.852,-0.0905,0.0032
1779988772548,2,Pitching Mound.Drive,,Delivery,pitch.1,438668,0.0743,-0.2,1.4927,0.7161,-2.3176,-2.3171,0.0,0.0
1779988772548,2,Pitching Mound.Parent,,Delivery,pitch.1,437715,1.1839,-12.2211,118.8215,44.8831,77.4474,66.5349,-0.0894,0.0032
1779988772549,2,11.0000004b,Drive,Delivery,pitch.1,438669,0.0704,-0.1806,1.4806,0.7251,-2.3385,-2.2877,0.0,0.0
1779988772549,2,12.00000015,Lower Delivery,Delivery,pitch.1,438398,16.8549,-5.0155,49.4912,-101.7462,41.433,37.2466,-0.1115,-0.2737
1779988772549,2,12.00000018,Upper Delivery,Delivery,pitch.1,439255,-15.728,-7.0452,67.8174,151.8817,38.2652,42.8191,-0.0751,0.2981
1779988772549,2,Pitching Mound.Delivery,,Delivery,pitch.1,438096,1.1269,-12.0607,117.3085,43.9047,79.6983,68.9875,-0.0904,0.0038
1779988772549,2,Pitching Mound.Drive,,Delivery,pitch.1,438669,0.0704,-0.1806,1.4806,0.7251,-2.3385,-2.2877,0.0,0.0
1779988772549,2,Pitching Mound.Parent,,Delivery,pitch.1,437716,1.1973,-12.2412,118.7891,44.6298,77.3598,66.6999,-0.0893,0.0037
1779988772550,2,11.0000004b,Drive,Delivery,pitch.1,438670,0.0517,-0.1931,1.498,0.7298,-2.504,-2.2828,0.0,0.0
1779988772550,2,12.00000015,Lower Delivery,Delivery,pitch.1,438399,16.8848,-5.0365,49.6398,-101.9043,41.4749,37.4131,-0.1112,-0.2733
1779988772550,2,12.00000018,Upper Delivery,Delivery,pitch.1,439256,-15.6731,-7.0719,67.6406,151.8397,38.0895,42.7793,-0.075,0.2988
1779988772550,2,Pitching Mound.Delivery,,Delivery,pitch.1,438097,1.2117,-12.1085,117.2805,43.8151,79.5643,69.1227,-0.0903,0.0045
1779988772550,2,Pitching Mound.Drive,,Delivery,pitch.1,438670,0.0517,-0.1931,1.498,0.7298,-2.504,-2.2828,0.0,0.0
1779988772550,2,Pitching Mound.Parent,,Delivery,pitch.1,437717,1.2634,-12.3015,118.7785,44.5449,77.0604,66.8399,-0.0892,0.0044
1779988772551,2,11.0000004b,Drive,Delivery,pitch.1,438671,0.0564,-0.2005,1.5126,0.7344,-2.3939,-2.2913,0.0,0.0
1779988772551,2,12.00000015,Lower Delivery,Delivery,pitch.1,438400,16.9283,-5.0678,49.7542,-101.9915,41.5394,37.5909,-0.1111,-0.2729
1779988772551,2,12.00000018,Upper Delivery,Delivery,pitch.1,439257,-15.6364,-7.0756,67.4101,151.2653,37.782,42.6508,-0.0746,0.2987
1779988772551,2,Pitching Mound.Delivery,,Delivery,pitch.1,438098,1.2919,-12.1434,117.1644,43.2707,79.3214,69.1697,-0.0901,0.0048
1779988772551,2,Pitching Mound.Drive,,Delivery,pitch.1,438671,0.0564,-0.2005,1.5126,0.7344,-2.3939,-2.2913,0.0,0.0
1779988772551,2,Pitching Mound.Parent,,Delivery,pitch.1,437718,1.3483,-12.3439,118.677,44.0051,76.9275,66.8784,-0.089,0.0047
1779988772552,2,11.0000004b,Drive,Delivery,pitch.1,438672,0.0519,-0.2083,1.5297,0.7575,-2.4711,-2.3063,0.0,0.0
1779988772552,2,12.00000015,Lower Delivery,Delivery,pitch.1,438401,16.9309,-5.0854,49.8894,-102.4306,41.6385,37.6955,-0.1111,-0.2733
1779988772552,2,12.00000018,Upper Delivery,Delivery,pitch.1,439258,-15.5955,-7.0988,67.5202,151.8047,38.211,42.655,-0.0753,0.2993
1779988772552,2,Pitching Mound.Delivery,,Delivery,pitch.1,438099,1.3355,-12.1842,117.4096,43.3796,79.8495,69.2916,-0.0905,0.0049
1779988772552,2,Pitching Mound.Drive,,Delivery,pitch.1,438672,0.0519,-0.2083,1.5297,0.7575,-2.4711,-2.3063,0.0,0.0
1779988772552,2,Pitching Mound.Parent,,Delivery,pitch.1,437719,1.3874,-12.3925,118.9393,44.1371,77.3784,66.9853,-0.0894,0.0049
1779988772553,2,11.0000004b,Drive,Delivery,pitch.1,438673,0.0617,-0.2206,1.4953,0.7661,-2.6573,-2.2787,0.0,0.0
1779988772553,2,12.00000015,Lower Delivery,Delivery,pitch.1,438402,16.9736,-5.106,50.0269,-102.3898,41.6466,37.8284,-0.1108,-0.2725
1779988772553,2,12.00000018,Upper Delivery,Delivery,pitch.1,439259,-15.5457,-7.0766,67.41,151.7488,38.1221,42.6323,-0.0753,0.2997
1779988772553,2,Pitching Mound.Delivery,,Delivery,pitch.1,438100,1.4279,-12.1826,117.4369,43.4487,79.7687,69.4042,-0.0904,0.0056
1779988772553,2,Pitching Mound.Drive,,Delivery,pitch.1,438673,0.0617,-0.2206,1.4953,0.7661,-2.6573,-2.2787,0.0,0.0
1779988772553,2,Pitching Mound.Parent,,Delivery,pitch.1,437720,1.4896,-12.4032,118.9322,44.2148,77.1114,67.1255,-0.0893,0.0056
1779988772554,2,11.0000004b,Drive,Delivery,pitch.1,438674,0.056,-0.2191,1.5008,0.7703,-2.6835,-2.3182,0.0,0.0
1779988772554,2,12.00000015,Lower Delivery,Delivery,pitch.1,438403,16.9541,-5.1479,50.1361,-102.1606,41.4141,37.9481,-0.11,-0.2713
1779988772554,2,12.00000018,Upper Delivery,Delivery,pitch.1,439260,-15.5013,-7.1014,67.3756,151.6165,38.1995,42.5313,-0.0755,0.2996
1779988772554,2,Pitching Mound.Delivery,,Delivery,pitch.1,438101,1.4529,-12.2493,117.5117,43.5945,79.6136,69.4445,-0.0902,0.0061
1779988772554,2,Pitching Mound.Drive,,Delivery,pitch.1,438674,0.056,-0.2191,1.5008,0.7703,-2.6835,-2.3182,0.0,0.0
1779988772554,2,Pitching Mound.Parent,,Delivery,pitch.1,437721,1.5089,-12.4685,119.0125,44.3648,76.9301,67.1263,-0.0891,0.0061
1779988772555,2,11.0000004b,Drive,Delivery,pitch.1,438675,0.058,-0.2174,1.4821,0.7619,-2.5644,-2.2991,0.0,0.0
1779988772555,2,12.00000015,Lower Delivery,Delivery,pitch.1,438404,17.0222,-5.1578,50.2111,-102.2237,41.4352,38.0799,-0.1099,-0.271
1779988772555,2,12.00000018,Upper Delivery,Delivery,pitch.1,439261,-15.4426,-7.1184,67.4427,151.9358,38.2151,42.4824,-0.0754,0.2999
1779988772555,2,Pitching Mound.Delivery,,Delivery,pitch.1,438102,1.5796,-12.2762,117.6538,43.8534,79.6503,69.5243,-0.0901,0.0065
1779988772555,2,Pitching Mound.Drive,,Delivery,pitch.1,438675,0.058,-0.2174,1.4821,0.7619,-2.5644,-2.2991,0.0,0.0
1779988772555,2,Pitching Mound.Parent,,Delivery,pitch.1,437722,1.6376,-12.4936,119.1358,44.6153,77.0859,67.2252,-0.089,0.0064
1779988772556,2,11.0000004b,Drive,Delivery,pitch.1,438676,0.0538,-0.2096,1.4991,0.7437,-2.5463,-2.3206,0.0,0.0
1779988772556,2,12.00000015,Lower Delivery,Delivery,pitch.1,438405,17.071,-5.1751,50.3294,-102.4633,41.5406,38.2368,-0.1099,-0.271
1779988772556,2,12.00000018,Upper Delivery,Delivery,pitch.1,439262,-15.4199,-7.1022,67.1951,151.8028,38.1649,42.4327,-0.0756,0.3008
1779988772556,2,Pitching Mound.Delivery,,Delivery,pitch.1,438103,1.6511,-12.2773,117.5244,43.6052,79.7055,69.6226,-0.0903,0.0071
1779988772556,2,Pitching Mound.Drive,,Delivery,pitch.1,438676,0.0538,-0.2096,1.4991,0.7437,-2.5463,-2.3206,0.0,0.0
1779988772556,2,Pitching Mound.Parent,,Delivery,pitch.1,437723,1.705,-12.4869,119.0235,44.3489,77.1592,67.302,-0.0892,0.007
1779988772557,2,11.0000004b,Drive,Delivery,pitch.1,438677,0.0536,-0.1997,1.5818,0.7271,-2.3871,-2.315,0.0,0.0
1779988772557,2,12.00000015,Lower Delivery,Delivery,pitch.1,438406,17.1754,-5.1999,50.406,-101.8301,41.5242,38.3365,-0.1097,-0.2689
1779988772557,2,12.00000018,Upper Delivery,Delivery,pitch.1,439263,-15.3569,-7.0982,67.0335,151.8815,38.2987,42.3842,-0.0761,0.3016
1779988772557,2,Pitching Mound.Delivery,,Delivery,pitch.1,438104,1.8186,-12.2981,117.4394,44.398,79.8229,69.6598,-0.0905,0.0086
1779988772557,2,Pitching Mound.Drive,,Delivery,pitch.1,438677,0.0536,-0.1997,1.5818,0.7271,-2.3871,-2.315,0.0,0.0
1779988772557,2,Pitching Mound.Parent,,Delivery,pitch.1,437724,1.8721,-12.4978,119.0213,45.1251,77.4357,67.3447,-0.0893,0.0085
1779988772558,2,11.0000004b,Drive,Delivery,pitch.1,438678,0.0516,-0.2016,1.6151,0.7289,-2.3707,-2.3121,0.0,0.0
1779988772558,2,12.00000015,Lower Delivery,Delivery,pitch.1,438407,17.2136,-5.2001,50.4676,-101.7388,41.5359,38.4994,-0.1096,-0.2684
1779988772558,2,12.00000018,Upper Delivery,Delivery,pitch.1,439264,-15.3185,-7.0983,67.0712,152.2173,38.4884,42.3505,-0.0764,0.3021
1779988772558,2,Pitching Mound.Delivery,,Delivery,pitch.1,438105,1.8952,-12.2984,117.5388,44.8333,80.0243,69.789,-0.0906,0.0091
1779988772558,2,Pitching Mound.Drive,,Delivery,pitch.1,438678,0.0516,-0.2016,1.6151,0.7289,-2.3707,-2.3121,0.0,0.0
1779988772558,2,Pitching Mound.Parent,,Delivery,pitch.1,437725,1.9468,-12.5,119.1539,45.5622,77.6536,67.4768,-0.0894,0.009
1779988772559,2,11.0000004b,Drive,Delivery,pitch.1,438679,0.0577,-0.1785,1.6014,0.7032,-2.2994,-2.2719,0.0,0.0
1779988772559,2,12.00000015,Lower Delivery,Delivery,pitch.1,438408,17.3302,-5.2291,50.5759,-101.9877,41.8092,38.6017,-0.1101,-0.2685
1779988772559,2,12.00000018,Upper Delivery,Delivery,pitch.1,439265,-15.2655,-7.1277,66.925,152.0463,38.4727,42.2837,-0.0765,0.3025
1779988772559,2,Pitching Mound.Delivery,,Delivery,pitch.1,438106,2.0647,-12.3568,117.501,44.5,80.2819,69.8029,-0.091,0.0094
1779988772559,2,Pitching Mound.Drive,,Delivery,pitch.1,438679,0.0577,-0.1785,1.6014,0.7032,-2.2994,-2.2719,0.0,0.0
1779988772559,2,Pitching Mound.Parent,,Delivery,pitch.1,437726,2.1223,-12.5354,119.1023,45.2032,77.9825,67.531,-0.0897,0.0093
1779988772560,2,11.0000004b,Drive,Delivery,pitch.1,438680,0.0608,-0.1764,1.5506,0.7147,-2.3227,-2.2935,0.0,0.0
1779988772560,2,12.00000015,Lower Delivery,Delivery,pitch.1,438409,17.4218,-5.2652,50.7434,-101.9745,41.7631,38.7193,-0.1096,-0.2675
1779988772560,2,12.00000018,Upper Delivery,Delivery,pitch.1,439266,-15.2187,-7.1578,66.8581,151.9916,38.5762,42.2495,-0.0768,0.3026
1779988772560,2,Pitching Mound.Delivery,,Delivery,pitch.1,438107,2.2032,-12.423,117.6015,44.5381,80.3394,69.871,-0.0909,0.01
1779988772560,2,Pitching Mound.Drive,,Delivery,pitch.1,438680,0.0608,-0.1764,1.5506,0.7147,-2.3227,-2.2935,0.0,0.0
1779988772560,2,Pitching Mound.Parent,,Delivery,pitch.1,437727,2.2639,-12.5994,119.1521,45.2528,78.0167,67.5775,-0.0898,0.0099
1779988772561,2,11.0000004b,Drive,Delivery,pitch.1,438681,0.079,-0.2177,1.5307,0.7605,-2.5538,-2.3443,0.0,0.0
1779988772561,2,12.00000015,Lower Delivery,Delivery,pitch.1,438410,17.4639,-5.2672,50.7288,-102.1043,41.8555,38.9186,-0.1098,-0.268
1779988772561,2,12.00000018,Upper Delivery,Delivery,pitch.1,439267,-15.2162,-7.1765,66.8792,151.7499,38.5394,42.159,-0.0767,0.3021
1779988772561,2,Pitching Mound.Delivery,,Delivery,pitch.1,438108,2.2477,-12.4437,117.608,44.1544,80.395,69.9664,-0.091,0.0095
1779988772561,2,Pitching Mound.Drive,,Delivery,pitch.1,438681,0.079,-0.2177,1.5307,0.7605,-2.5538,-2.3443,0.0,0.0
1779988772561,2,Pitching Mound.Parent,,Delivery,pitch.1,437728,2.3267,-12.6614,119.1387,44.9149,77.8411,67.6221,-0.0898,0.0094
1779988772562,2,11.0000004b,Drive,Delivery,pitch.1,438682,0.0665,-0.1842,1.5506,0.7581,-2.5961,-2.3373,0.0,0.0
1779988772562,2,12.00000015,Lower Delivery,Delivery,pitch.1,438411,17.55,-5.2805,50.7936,-101.7515,41.7146,39.0335,-0.1093,-0.2667
1779988772562,2,12.00000018,Upper Delivery,Delivery,pitch.1,439268,-15.1698,-7.2087,66.8298,152.1454,38.8559,42.1533,-0.0774,0.3031
1779988772562,2,Pitching Mound.Delivery,,Delivery,pitch.1,438109,2.3802,-12.4892,117.6234,44.9415,80.5705,70.0621,-0.0912,0.0107
1779988772562,2,Pitching Mound.Drive,,Delivery,pitch.1,438682,0.0665,-0.1842,1.5506,0.7581,-2.5961,-2.3373,0.0,0.0
1779988772562,2,Pitching Mound.Parent,,Delivery,pitch.1,437729,2.4467,-12.6734,119.174,45.6997,77.9745,67.7248,-0.09,0.0105
1779988772563,2,11.0000004b,Drive,Delivery,pitch.1,438683,0.0523,-0.1762,1.6829,0.7284,-2.45,-2.3207,0.0,0.0
1779988772563,2,12.00000015,Lower Delivery,Delivery,pitch.1,438412,17.6224,-5.2867,50.9081,-101.8581,41.7902,39.2037,-0.1093,-0.2664
1779988772563,2,12.00000018,Upper Delivery,Delivery,pitch.1,439269,-15.1446,-7.2313,66.69,151.3117,38.3455,42.0393,-0.0765,0.3021
1779988772563,2,Pitching Mound.Delivery,,Delivery,pitch.1,438110,2.4778,-12.5179,117.5981,44.0878,80.1358,70.1022,-0.0907,0.0104
1779988772563,2,Pitching Mound.Drive,,Delivery,pitch.1,438683,0.0523,-0.1762,1.6829,0.7284,-2.45,-2.3207,0.0,0.0
1779988772563,2,Pitching Mound.Parent,,Delivery,pitch.1,437730,2.5301,-12.6942,119.281,44.8162,77.6858,67.7815,-0.0894,0.0102
1779988772564,2,11.0000004b,Drive,Delivery,pitch.1,438684,0.0484,-0.192,1.7508,0.7373,-2.4725,-2.3343,0.0,0.0
1779988772564,2,12.00000015,Lower Delivery,Delivery,pitch.1,438413,17.6484,-5.2798,51.0248,-102.0564,41.843,39.3463,-0.1092,-0.2663
1779988772564,2,12.00000018,Upper Delivery,Delivery,pitch.1,439270,-15.1095,-7.2846,66.5603,151.337,38.5444,41.996,-0.0771,0.3027
1779988772564,2,Pitching Mound.Delivery,,Delivery,pitch.1,438111,2.539,-12.5644,117.5851,43.9985,80.3875,70.2046,-0.091,0.0109
1779988772564,2,Pitching Mound.Drive,,Delivery,pitch.1,438684,0.0484,-0.192,1.7508,0.7373,-2.4725,-2.3343,0.0,0.0
1779988772564,2,Pitching Mound.Parent,,Delivery,pitch.1,437731,2.5873,-12.7564,119.3359,44.7358,77.9149,67.8703,-0.0897,0.0107
1779988772565,2,11.0000004b,Drive,Delivery,pitch.1,438685,0.0512,-0.174,1.7012,0.7363,-2.4316,-2.335,0.0,0.0
1779988772565,2,12.00000015,Lower Delivery,Delivery,pitch.1,438414,17.7149,-5.2923,51.1488,-101.983,41.8913,39.4627,-0.109,-0.2654
1779988772565,2,12.00000018,Upper Delivery,Delivery,pitch.1,439271,-15.0689,-7.3061,66.301,150.6061,38.207,41.9021,-0.0767,0.3024
1779988772565,2,Pitching Mound.Delivery,,Delivery,pitch.1,438112,2.646,-12.5984,117.4498,43.4713,80.0983,70.2183,-0.0908,0.0113
1779988772565,2,Pitching Mound.Drive,,Delivery,pitch.1,438685,0.0512,-0.174,1.7012,0.7363,-2.4316,-2.335,0.0,0.0
1779988772565,2,Pitching Mound.Parent,,Delivery,pitch.1,437732,2.6972,-12.7724,119.151,44.2076,77.6667,67.8833,-0.0895,0.0111
1779988772566,2,11.0000004b,Drive,Delivery,pitch.1,438686,0.0481,-0.1766,1.746,0.7534,-2.5829,-2.3179,0.0,0.0
1779988772566,2,12.00000015,Lower Delivery,Delivery,pitch.1,438415,17.8031,-5.2932,51.0724,-101.8204,42.0768,39.5918,-0.1097,-0.2654
1779988772566,2,12.00000018,Upper Delivery,Delivery,pitch.1,439272,-15.0615,-7.3162,66.1526,150.117,38.1358,41.8239,-0.0767,0.3021
1779988772566,2,Pitching Mound.Delivery,,Delivery,pitch.1,438113,2.7416,-12.6094,117.225,43.1693,80.2126,70.2417,-0.0911,0.0111
1779988772566,2,Pitching Mound.Drive,,Delivery,pitch.1,438686,0.0481,-0.1766,1.746,0.7534,-2.5829,-2.3179,0.0,0.0
1779988772566,2,Pitching Mound.Parent,,Delivery,pitch.1,437733,2.7897,-12.786,118.9709,43.9227,77.6297,67.9238,-0.0898,0.0109
1779988772567,2,11.0000004b,Drive,Delivery,pitch.1,438687,0.0423,-0.1641,1.7217,0.7236,-2.4305,-2.3173,0.0,0.0
1779988772567,2,12.00000015,Lower Delivery,Delivery,pitch.1,438416,17.8978,-5.3139,51.1614,-102.1049,42.1271,39.6984,-0.1096,-0.2657
1779988772567,2,12.00000018,Upper Delivery,Delivery,pitch.1,439273,-15.0195,-7.3489,65.9434,149.5362,37.9916,41.7614,-0.0767,0.3019
1779988772567,2,Pitching Mound.Delivery,,Delivery,pitch.1,438114,2.8784,-12.6628,117.1049,42.4054,80.1187,70.2679,-0.0911,0.011
1779988772567,2,Pitching Mound.Drive,,Delivery,pitch.1,438687,0.0423,-0.1641,1.7217,0.7236,-2.4305,-2.3173,0.0,0.0
1779988772567,2,Pitching Mound.Parent,,Delivery,pitch.1,437734,2.9207,-12.8268,118.8266,43.129,77.6882,67.9506,-0.0898,0.0108
1779988772568,2,11.0000004b,Drive,Delivery,pitch.1,438688,0.039,-0.1818,1.7615,0.737,-2.5805,-2.3222,0.0,0.0
1779988772568,2,12.00000015,Lower Delivery,Delivery,pitch.1,438417,17.9505,-5.3063,51.2082,-102.0427,42.1533,39.8353,-0.1096,-0.2653
1779988772568,2,12.00000018,Upper Delivery,Delivery,pitch.1,439274,-15.0116,-7.359,65.7791,148.9906,37.7509,41.6926,-0.0764,0.3015
1779988772568,2,Pitching Mound.Delivery,,Delivery,pitch.1,438115,2.9389,-12.6654,116.9873,41.9938,79.9042,70.3208,-0.0909,0.0111
1779988772568,2,Pitching Mound.Drive,,Delivery,pitch.1,438688,0.039,-0.1818,1.7615,0.737,-2.5805,-2.3222,0.0,0.0
1779988772568,2,Pitching Mound.Parent,,Delivery,pitch.1,437735,2.9779,-12.8472,118.7488,42.7308,77.3238,67.9986,-0.0896,0.0109
1779988772569,2,11.0000004b,Drive,Delivery,pitch.1,438689,0.0435,-0.1765,1.7558,0.7361,-2.627,-2.3322,0.0,0.0
1779988772569,2,12.00000015,Lower Delivery,Delivery,pitch.1,438418,18.0531,-5.3154,51.2158,-102.1706,42.2596,39.9492,-0.1098,-0.2656
1779988772569,2,12.00000018,Upper Delivery,Delivery,pitch.1,439275,-14.9826,-7.3509,65.4263,148.1259,37.4201,41.6627,-0.0761,0.3014
1779988772569,2,Pitching Mound.Delivery,,Delivery,pitch.1,438116,3.0704,-12.6663,116.6421,41.1237,79.6796,70.3797,-0.0909,0.011
1779988772569,2,Pitching Mound.Drive,,Delivery,pitch.1,438689,0.0435,-0.1765,1.7558,0.7361,-2.627,-2.3322,0.0,0.0
1779988772569,2,Pitching Mound.Parent,,Delivery,pitch.1,437736,3.1139,-12.8428,118.3979,41.8598,77.0526,68.0475,-0.0896,0.0109
1779988772570,2,11.0000004b,Drive,Delivery,pitch.1,438690,0.0402,-0.179,1.7239,0.7293,-2.521,-2.3548,0.0,0.0
1779988772570,2,12.00000015,Lower Delivery,Delivery,pitch.1,438419,18.1021,-5.3193,51.3113,-101.939,42.2032,40.058,-0.1095,-0.2645
1779988772570,2,12.00000018,Upper Delivery,Delivery,pitch.1,439276,-14.9579,-7.365,65.4412,147.9291,37.3253,41.6388,-0.0759,0.3009
1779988772570,2,Pitching Mound.Delivery,,Delivery,pitch.1,438117,3.1442,-12.6843,116.7525,41.1859,79.5285,70.4565,-0.0907,0.0113
1779988772570,2,Pitching Mound.Drive,,Delivery,pitch.1,438690,0.0402,-0.179,1.7239,0.7293,-2.521,-2.3548,0.0,0.0
1779988772570,2,Pitching Mound.Parent,,Delivery,pitch.1,437737,3.1844,-12.8633,118.4764,41.9152,77.0074,68.1017,-0.0894,0.0111
1779988772571,2,11.0000004b,Drive,Delivery,pitch.1,438691,0.0512,-0.1836,1.6584,0.7265,-2.5516,-2.3769,0.0,0.0
1779988772571,2,11.0000004b,Drive,Delivery,pitch.1,438692,0.042,-0.1707,1.7726,0.6988,-2.5639,-2.3723,0.0,0.0
1779988772571,2,12.00000015,Lower Delivery,Delivery,pitch.1,438420,18.1826,-5.3099,51.4437,-102.0699,42.2365,40.2195,-0.1093,-0.2641
1779988772571,2,12.00000018,Upper Delivery,Delivery,pitch.1,439277,-14.9176,-7.3578,65.1617,147.4383,37.13,41.6034,-0.0759,0.3012
1779988772571,2,Pitching Mound.Delivery,,Delivery,pitch.1,438118,3.2651,-12.6677,116.6054,40.7043,79.3665,70.5688,-0.0906,0.0118
1779988772571,2,Pitching Mound.Drive,,Delivery,pitch.1,438691,0.0512,-0.1836,1.6584,0.7265,-2.5516,-2.3769,0.0,0.0
1779988772571,2,Pitching Mound.Drive,,Delivery,pitch.1,438692,0.042,-0.1707,1.7726,0.6988,-2.5639,-2.3723,0.0,0.0
1779988772571,2,Pitching Mound.Parent,,Delivery,pitch.1,437738,3.3163,-12.8514,118.2637,41.4308,76.8149,68.192,-0.0893,0.0116
1779988772572,2,12.00000015,Lower Delivery,Delivery,pitch.1,438421,18.2788,-5.3037,51.4602,-101.868,42.2707,40.327,-0.1094,-0.2635
1779988772572,2,12.00000018,Upper Delivery,Delivery,pitch.1,439278,-14.8699,-7.36,65.2314,147.5638,37.2237,41.591,-0.076,0.3012
1779988772572,2,Pitching Mound.Delivery,,Delivery,pitch.1,438119,3.409,-12.6637,116.6916,41.0135,79.4943,70.6475,-0.0907,0.012
1779988772572,2,Pitching Mound.Parent,,Delivery,pitch.1,437739,3.451,-12.8344,118.4642,41.7123,76.9305,68.2752,-0.0893,0.0118
1779988772573,2,11.0000004b,Drive,Delivery,pitch.1,438693,0.0415,-0.1768,1.5491,0.7149,-2.6522,-2.4191,0.0,0.0
1779988772573,2,12.00000015,Lower Delivery,Delivery,pitch.1,438422,18.4118,-5.3102,51.4467,-102.2643,42.5304,40.4331,-0.1101,-0.2646
1779988772573,2,12.00000018,Upper Delivery,Delivery,pitch.1,439279,-14.8435,-7.3778,65.1666,147.265,37.1219,41.5737,-0.0758,0.3008
1779988772573,2,Pitching Mound.Delivery,,Delivery,pitch.1,438120,3.5683,-12.688,116.6133,40.336,79.6523,70.7,-0.0909,0.0114
1779988772573,2,Pitching Mound.Drive,,Delivery,pitch.1,438693,0.0415,-0.1768,1.5491,0.7149,-2.6522,-2.4191,0.0,0.0
1779988772573,2,Pitching Mound.Parent,,Delivery,pitch.1,437740,3.6098,-12.8648,118.1624,41.051,77.0,68.2809,-0.0897,0.0112
1779988772574,2,11.0000004b,Drive,Delivery,pitch.1,438694,0.0485,-0.1896,1.5658,0.7333,-2.6231,-2.4111,0.0,0.0
1779988772574,2,11.0000004b,Drive,Delivery,pitch.1,438695,0.0476,-0.1772,1.3798,0.7425,-2.5092,-2.3829,0.0,0.0
1779988772574,2,12.00000015,Lower Delivery,Delivery,pitch.1,438423,18.501,-5.3027,51.4376,-102.2963,42.8636,40.5393,-0.1109,-0.2648
1779988772574,2,12.00000018,Upper Delivery,Delivery,pitch.1,439280,-14.8076,-7.3849,65.1254,147.0862,37.1292,41.5404,-0.0759,0.3007
1779988772574,2,Pitching Mound.Delivery,,Delivery,pitch.1,438121,3.6933,-12.6877,116.563,40.136,79.9928,70.7548,-0.0914,0.0112
1779988772574,2,Pitching Mound.Drive,,Delivery,pitch.1,438694,0.0485,-0.1896,1.5658,0.7333,-2.6231,-2.4111,0.0,0.0
1779988772574,2,Pitching Mound.Drive,,Delivery,pitch.1,438695,0.0476,-0.1772,1.3798,0.7425,-2.5092,-2.3829,0.0,0.0
1779988772574,2,Pitching Mound.Parent,,Delivery,pitch.1,437741,3.7418,-12.8772,118.1288,40.8694,77.3697,68.3437,-0.0901,0.0111
1779988772575,2,11.0000004b,Drive,Delivery,pitch.1,438696,0.0423,-0.1714,1.3908,0.7322,-2.5412,-2.3654,0.0,0.0
1779988772575,2,12.00000015,Lower Delivery,Delivery,pitch.1,438424,18.6558,-5.3095,51.4666,-102.1542,42.9315,40.6622,-0.111,-0.2642
1779988772575,2,12.00000018,Upper Delivery,Delivery,pitch.1,439281,-14.7845,-7.4231,65.0302,147.0998,37.0127,41.5203,-0.0758,0.3011
1779988772575,2,Pitching Mound.Delivery,,Delivery,pitch.1,438122,3.8714,-12.7326,116.4968,40.334,79.9443,70.8128,-0.0914,0.0118
1779988772575,2,Pitching Mound.Drive,,Delivery,pitch.1,438696,0.0423,-0.1714,1.3908,0.7322,-2.5412,-2.3654,0.0,0.0
1779988772575,2,Pitching Mound.Parent,,Delivery,pitch.1,437742,3.919,-12.9098,117.8767,41.0765,77.435,68.4299,-0.0903,0.0116
1779988772576,2,11.0000004b,Drive,Delivery,pitch.1,438697,0.0339,-0.1686,1.3692,0.745,-2.5097,-2.3552,0.0,0.0
1779988772576,2,12.00000015,Lower Delivery,Delivery,pitch.1,438425,18.772,-5.2965,51.4416,-102.045,42.9812,40.7755,-0.1112,-0.2641
1779988772576,2,12.00000018,Upper Delivery,Delivery,pitch.1,439282,-14.7663,-7.4361,65.0178,146.9174,37.0853,41.4784,-0.0759,0.3008
1779988772576,2,Pitching Mound.Delivery,,Delivery,pitch.1,438123,4.0057,-12.7327,116.4594,40.2565,80.0666,70.8509,-0.0915,0.0117
1779988772576,2,Pitching Mound.Drive,,Delivery,pitch.1,438697,0.0339,-0.1686,1.3692,0.745,-2.5097,-2.3552,0.0,0.0
1779988772576,2,Pitching Mound.Parent,,Delivery,pitch.1,437743,4.0481,-12.9041,117.8501,40.9886,77.5254,68.4855,-0.0904,0.0115
1779988772577,2,11.0000004b,Drive,Delivery,pitch.1,438698,0.0386,-0.1679,1.4265,0.7564,-2.5509,-2.3606,0.0,0.0
1779988772577,2,12.00000015,Lower Delivery,Delivery,pitch.1,438426,18.9347,-5.2765,51.4788,-102.2186,43.2695,40.8878,-0.1119,-0.2643
1779988772577,2,12.00000018,Upper Delivery,Delivery,pitch.1,439283,-14.7349,-7.4535,64.7112,146.226,36.9095,41.4737,-0.0759,0.3008
1779988772577,2,Pitching Mound.Delivery,,Delivery,pitch.1,438124,4.1998,-12.7301,116.19,39.5084,80.179,70.9138,-0.0919,0.0117
1779988772577,2,Pitching Mound.Drive,,Delivery,pitch.1,438698,0.0386,-0.1679,1.4265,0.7564,-2.5509,-2.3606,0.0,0.0
1779988772577,2,Pitching Mound.Parent,,Delivery,pitch.1,437744,4.2338,-12.8987,117.5592,40.2534,77.6693,68.5586,-0.0908,0.0116
1779988772578,2,11.0000004b,Drive,Delivery,pitch.1,438699,0.0405,-0.1944,1.4747,0.7713,-2.6698,-2.3852,0.0,0.0
1779988772578,2,12.00000015,Lower Delivery,Delivery,pitch.1,438427,19.0515,-5.2674,51.3904,-101.7605,43.3008,40.9664,-0.1122,-0.2636
1779988772578,2,12.00000018,Upper Delivery,Delivery,pitch.1,439284,-14.7163,-7.4859,64.4257,145.8334,36.7155,41.3553,-0.0759,0.3013
1779988772578,2,Pitching Mound.Delivery,,Delivery,pitch.1,438125,4.3351,-12.7532,115.8161,39.6409,80.0164,70.8406,-0.092,0.0124
1779988772578,2,Pitching Mound.Drive,,Delivery,pitch.1,438699,0.0405,-0.1944,1.4747,0.7713,-2.6698,-2.3852,0.0,0.0
1779988772578,2,Pitching Mound.Parent,,Delivery,pitch.1,437745,4.3738,-12.9211,117.2426,40.3973,77.4654,68.4801,-0.0909,0.0122
1779988772579,2,11.0000004b,Drive,Delivery,pitch.1,438700,0.0304,-0.1875,1.5152,0.7668,-2.6861,-2.3565,0.0,0.0
1779988772579,2,12.00000015,Lower Delivery,Delivery,pitch.1,438428,19.1118,-5.2447,51.376,-101.8383,43.3339,41.112,-0.1123,-0.2639
1779988772579,2,12.00000018,Upper Delivery,Delivery,pitch.1,439285,-14.7014,-7.5426,64.459,145.6355,36.6227,41.311,-0.0756,0.3008
1779988772579,2,Pitching Mound.Delivery,,Delivery,pitch.1,438126,4.4104,-12.7873,115.835,39.3489,79.9567,70.9265,-0.0919,0.0119
1779988772579,2,Pitching Mound.Drive,,Delivery,pitch.1,438700,0.0304,-0.1875,1.5152,0.7668,-2.6861,-2.3565,0.0,0.0
1779988772579,2,Pitching Mound.Parent,,Delivery,pitch.1,437746,4.451,-12.9818,117.3098,40.1203,77.2869,68.5413,-0.0907,0.0118
1779988772580,2,11.0000004b,Drive,Delivery,pitch.1,438701,0.0288,-0.1715,1.5677,0.7565,-2.5465,-2.3325,0.0,0.0
1779988772580,2,12.00000015,Lower Delivery,Delivery,pitch.1,438429,19.1465,-5.218,51.4259,-101.8267,43.3678,41.1739,-0.1123,-0.2636
1779988772580,2,12.00000018,Upper Delivery,Delivery,pitch.1,439286,-14.6936,-7.5936,64.3755,145.2231,36.589,41.2551,-0.0757,0.3003
1779988772580,2,Pitching Mound.Delivery,,Delivery,pitch.1,438127,4.4529,-12.8116,115.8014,38.9935,79.9568,70.9234,-0.0919,0.0119
1779988772580,2,Pitching Mound.Drive,,Delivery,pitch.1,438701,0.0288,-0.1715,1.5677,0.7565,-2.5465,-2.3325,0.0,0.0
1779988772580,2,Pitching Mound.Parent,,Delivery,pitch.1,437747,4.4833,-12.9991,117.3165,39.7602,77.2707,68.5668,-0.0907,0.0117
1779988772581,2,11.0000004b,Drive,Delivery,pitch.1,438702,0.0268,-0.1793,1.6076,0.7423,-2.5082,-2.3303,0.0,0.0
1779988772581,2,12.00000015,Lower Delivery,Delivery,pitch.1,438430,19.1568,-5.2045,51.4319,-101.8753,43.4627,41.2675,-0.1125,-0.2637
1779988772581,2,12.00000018,Upper Delivery,Delivery,pitch.1,439287,-14.6884,-7.6249,64.0806,144.7962,36.4781,41.1239,-0.0758,0.3008
1779988772581,2,Pitching Mound.Delivery,,Delivery,pitch.1,438128,4.4683,-12.8294,115.5125,38.6203,79.9408,70.884,-0.0921,0.0122
1779988772581,2,Pitching Mound.Drive,,Delivery,pitch.1,438702,0.0268,-0.1793,1.6076,0.7423,-2.5082,-2.3303,0.0,0.0
1779988772581,2,Pitching Mound.Parent,,Delivery,pitch.1,437748,4.4972,-13.0009,117.0802,39.3768,77.3944,68.5515,-0.0909,0.0121
1779988772582,2,11.0000004b,Drive,Delivery,pitch.1,438703,0.028,-0.1706,1.5789,0.7344,-2.47,-2.3225,0.0,0.0
1779988772582,2,12.00000015,Lower Delivery,Delivery,pitch.1,438431,19.1811,-5.216,51.517,-102.0903,43.6023,41.3501,-0.1127,-0.2638
1779988772582,2,12.00000018,Upper Delivery,Delivery,pitch.1,439288,-14.6758,-7.6469,63.886,144.2949,36.2299,41.0553,-0.0755,0.3007
1779988772582,2,Pitching Mound.Delivery,,Delivery,pitch.1,438129,4.5052,-12.8629,115.403,37.9991,79.8322,70.8941,-0.0921,0.0122
1779988772582,2,Pitching Mound.Drive,,Delivery,pitch.1,438703,0.028,-0.1706,1.5789,0.7344,-2.47,-2.3225,0.0,0.0
1779988772582,2,Pitching Mound.Parent,,Delivery,pitch.1,437749,4.532,-13.0422,117.0106,38.7413,77.324,68.5638,-0.0908,0.0121
1779988772583,2,12.00000015,Lower Delivery,Delivery,pitch.1,438432,19.2594,-5.2231,51.6308,-102.0412,43.5699,41.4249,-0.1123,-0.2631
1779988772583,2,12.00000018,Upper Delivery,Delivery,pitch.1,439289,-14.6588,-7.6926,63.7429,143.9698,36.2708,40.9858,-0.0758,0.3007
1779988772583,2,Pitching Mound.Delivery,,Delivery,pitch.1,438130,4.6006,-12.9157,115.3737,37.8105,79.8407,70.8785,-0.0921,0.0127
1779988772583,2,Pitching Mound.Parent,,Delivery,pitch.1,437750,4.6285,-13.0863,116.9526,38.5449,77.3707,68.5561,-0.0909,0.0125
1779988772584,2,11.0000004b,Drive,Delivery,pitch.1,438704,0.0383,-0.1697,1.6262,0.723,-2.4028,-2.2987,0.0,0.0
1779988772584,2,11.0000004b,Drive,Delivery,pitch.1,438705,0.0381,-0.1815,1.6965,0.7346,-2.4687,-2.3264,0.0,0.0
1779988772584,2,12.00000015,Lower Delivery,Delivery,pitch.1,438433,19.3047,-5.225,51.7615,-102.0732,43.4769,41.465,-0.1118,-0.2625
1779988772584,2,12.00000018,Upper Delivery,Delivery,pitch.1,439290,-14.6303,-7.7175,63.6654,144.1596,36.36,40.9612,-0.076,0.3014
1779988772584,2,Pitching Mound.Delivery,,Delivery,pitch.1,438131,4.6744,-12.9426,115.4269,38.0391,79.8369,70.8883,-0.0921,0.0135
1779988772584,2,Pitching Mound.Drive,,Delivery,pitch.1,438704,0.0383,-0.1697,1.6262,0.723,-2.4028,-2.2987,0.0,0.0
1779988772584,2,Pitching Mound.Drive,,Delivery,pitch.1,438705,0.0381,-0.1815,1.6965,0.7346,-2.4687,-2.3264,0.0,0.0
1779988772584,2,Pitching Mound.Parent,,Delivery,pitch.1,437751,4.7127,-13.1123,117.0531,38.762,77.4341,68.5896,-0.0908,0.0133
1779988772585,2,11.0000004b,Drive,Delivery,pitch.1,438706,0.034,-0.1599,1.7415,0.7032,-2.435,-2.3192,0.0,0.0
1779988772585,2,12.00000015,Lower Delivery,Delivery,pitch.1,438434,19.3758,-5.234,51.8886,-102.6032,43.6063,41.5407,-0.1119,-0.2632
1779988772585,2,12.00000018,Upper Delivery,Delivery,pitch.1,439291,-14.6058,-7.7076,63.4232,143.5964,36.2263,40.9305,-0.076,0.3014
1779988772585,2,Pitching Mound.Delivery,,Delivery,pitch.1,438132,4.7701,-12.9416,115.3118,37.0714,79.8326,70.9174,-0.0922,0.0133
1779988772585,2,Pitching Mound.Drive,,Delivery,pitch.1,438706,0.034,-0.1599,1.7415,0.7032,-2.435,-2.3192,0.0,0.0
1779988772585,2,Pitching Mound.Parent,,Delivery,pitch.1,437752,4.8082,-13.1231,117.0083,37.806,77.3639,68.591,-0.0908,0.0131
1779988772586,2,11.0000004b,Drive,Delivery,pitch.1,438707,0.0444,-0.1619,1.7089,0.7063,-2.3438,-2.327,0.0,0.0
1779988772586,2,12.00000015,Lower Delivery,Delivery,pitch.1,438435,19.4611,-5.2219,51.9423,-102.6041,43.5441,41.635,-0.1116,-0.263
1779988772586,2,12.00000018,Upper Delivery,Delivery,pitch.1,439292,-14.5535,-7.7348,63.1692,143.3052,36.1848,40.8853,-0.0763,0.302
1779988772586,2,Pitching Mound.Delivery,,Delivery,pitch.1,438133,4.9076,-12.9567,115.1115,36.8839,79.7289,70.9553,-0.0922,0.0139
1779988772586,2,Pitching Mound.Drive,,Delivery,pitch.1,438707,0.0444,-0.1619,1.7089,0.7063,-2.3438,-2.327,0.0,0.0
1779988772586,2,Pitching Mound.Parent,,Delivery,pitch.1,437753,4.9416,-13.1166,116.853,37.5871,77.2939,68.6361,-0.0908,0.0137
1779988772587,2,11.0000004b,Drive,Delivery,pitch.1,438708,0.0281,-0.1577,1.7264,0.7265,-2.4651,-2.361,0.0,0.0
1779988772587,2,12.00000015,Lower Delivery,Delivery,pitch.1,438436,19.6049,-5.243,51.9817,-102.9148,43.7842,41.7201,-0.1121,-0.2636
1779988772587,2,12.00000018,Upper Delivery,Delivery,pitch.1,439293,-14.5289,-7.7385,62.9979,143.1391,36.0216,40.9216,-0.0761,0.3025
1779988772587,2,Pitching Mound.Delivery,,Delivery,pitch.1,438134,5.076,-12.9815,114.9796,36.4788,79.8058,71.0363,-0.0924,0.014
1779988772587,2,Pitching Mound.Drive,,Delivery,pitch.1,438708,0.0281,-0.1577,1.7264,0.7265,-2.4651,-2.361,0.0,0.0
1779988772587,2,Pitching Mound.Parent,,Delivery,pitch.1,437754,5.1204,-13.1434,116.6885,37.1851,77.462,68.7093,-0.091,0.0138
1779988772588,2,11.0000004b,Drive,Delivery,pitch.1,438709,0.0354,-0.1562,1.7238,0.7205,-2.5379,-2.3984,0.0,0.0
1779988772588,2,12.00000015,Lower Delivery,Delivery,pitch.1,438437,19.6168,-5.2578,52.1284,-103.2796,43.7571,41.7918,-0.1117,-0.2638
1779988772588,2,12.00000018,Upper Delivery,Delivery,pitch.1,439294,-14.4926,-7.7554,62.9843,143.2862,36.0405,40.9424,-0.0762,0.3029
1779988772588,2,Pitching Mound.Delivery,,Delivery,pitch.1,438135,5.1242,-13.0131,115.1127,36.3156,79.7977,71.137,-0.0923,0.0142
1779988772588,2,Pitching Mound.Drive,,Delivery,pitch.1,438709,0.0354,-0.1562,1.7238,0.7205,-2.5379,-2.3984,0.0,0.0
1779988772588,2,Pitching Mound.Parent,,Delivery,pitch.1,437755,5.1523,-13.1709,116.8391,37.0421,77.3326,68.776,-0.0909,0.014
1779988772589,2,11.0000004b,Drive,Delivery,pitch.1,438710,0.0441,-0.1428,1.6674,0.7085,-2.3292,-2.3781,0.0,0.0
1779988772589,2,12.00000015,Lower Delivery,Delivery,pitch.1,438438,19.7672,-5.2661,52.1139,-103.7674,43.9738,41.9444,-0.1123,-0.2651
1779988772589,2,12.00000018,Upper Delivery,Delivery,pitch.1,439295,-14.4446,-7.7474,62.691,142.9534,35.996,40.921,-0.0764,0.3036
1779988772589,2,Pitching Mound.Delivery,,Delivery,pitch.1,438136,5.3227,-13.0135,114.8049,35.5897,79.9698,71.2334,-0.0927,0.0141
1779988772589,2,Pitching Mound.Drive,,Delivery,pitch.1,438710,0.0441,-0.1428,1.6674,0.7085,-2.3292,-2.3781,0.0,0.0
1779988772589,2,Pitching Mound.Parent,,Delivery,pitch.1,437756,5.3581,-13.1696,116.5288,36.3103,77.4319,68.835,-0.0914,0.0139
1779988772590,2,11.0000004b,Drive,Delivery,pitch.1,438711,0.0488,-0.1633,1.6845,0.7228,-2.3834,-2.3692,0.0,0.0
1779988772590,2,12.00000015,Lower Delivery,Delivery,pitch.1,438439,19.8796,-5.2642,52.0853,-103.8623,44.0586,42.0817,-0.1126,-0.2655
1779988772590,2,12.00000018,Upper Delivery,Delivery,pitch.1,439296,-14.4119,-7.7289,62.3959,142.5127,35.6988,40.9234,-0.0762,0.3041
1779988772590,2,Pitching Mound.Delivery,,Delivery,pitch.1,438137,5.4677,-12.9932,114.4812,35.1448,79.7573,71.3459,-0.0927,0.0143
1779988772590,2,Pitching Mound.Drive,,Delivery,pitch.1,438711,0.0488,-0.1633,1.6845,0.7228,-2.3834,-2.3692,0.0,0.0
1779988772590,2,Pitching Mound.Parent,,Delivery,pitch.1,437757,5.5119,-13.136,116.1485,35.8532,77.4281,68.9678,-0.0914,0.0141
1779988772591,2,11.0000004b,Drive,Delivery,pitch.1,438712,0.0544,-0.168,1.6939,0.7118,-2.4778,-2.3974,0.0,0.0
1779988772591,2,12.00000015,Lower Delivery,Delivery,pitch.1,438440,20.0162,-5.2848,52.103,-103.6714,44.116,42.1604,-0.1127,-0.2649
1779988772591,2,12.00000018,Upper Delivery,Delivery,pitch.1,439297,-14.3717,-7.7261,62.1605,142.0719,35.5965,40.9206,-0.0762,0.3043
1779988772591,2,Pitching Mound.Delivery,,Delivery,pitch.1,438138,5.6445,-13.0108,114.2634,34.981,79.7125,71.3891,-0.0929,0.0148
1779988772591,2,Pitching Mound.Drive,,Delivery,pitch.1,438712,0.0544,-0.168,1.6939,0.7118,-2.4778,-2.3974,0.0,0.0
1779988772591,2,Pitching Mound.Parent,,Delivery,pitch.1,437758,5.6932,-13.1742,115.9479,35.7037,77.3291,69.0199,-0.0915,0.0146
1779988772592,2,11.0000004b,Drive,Delivery,pitch.1,438713,0.0431,-0.1432,1.7654,0.7194,-2.4234,-2.3945,0.0,0.0
1779988772592,2,12.00000015,Lower Delivery,Delivery,pitch.1,438441,20.1563,-5.2977,52.1075,-103.7886,44.1523,42.2836,-0.1128,-0.2652
1779988772592,2,12.00000018,Upper Delivery,Delivery,pitch.1,439298,-14.3591,-7.7122,61.7554,141.4255,35.4565,40.8822,-0.0764,0.3049
1779988772592,2,Pitching Mound.Delivery,,Delivery,pitch.1,438139,5.7972,-13.0099,113.8629,34.3566,79.6088,71.4306,-0.0931,0.0152
1779988772592,2,Pitching Mound.Drive,,Delivery,pitch.1,438713,0.0431,-0.1432,1.7654,0.7194,-2.4234,-2.3945,0.0,0.0
1779988772592,2,Pitching Mound.Parent,,Delivery,pitch.1,437759,5.8516,-13.1779,115.5568,35.0685,77.131,69.0332,-0.0917,0.015
1779988772593,2,11.0000004b,Drive,Delivery,pitch.1,438714,0.051,-0.1777,1.7276,0.7215,-2.3769,-2.3871,0.0,0.0
1779988772593,2,12.00000015,Lower Delivery,Delivery,pitch.1,438442,20.1704,-5.2874,52.1528,-103.7968,44.0477,42.3379,-0.1124,-0.265
1779988772593,2,12.00000018,Upper Delivery,Delivery,pitch.1,439299,-14.3462,-7.7005,61.5041,140.997,35.3582,40.9068,-0.0765,0.3052
1779988772593,2,Pitching Mound.Delivery,,Delivery,pitch.1,438140,5.8242,-12.9879,113.6569,34.0208,79.4059,71.509,-0.093,0.0156
1779988772593,2,Pitching Mound.Drive,,Delivery,pitch.1,438714,0.051,-0.1777,1.7276,0.7215,-2.3769,-2.3871,0.0,0.0
1779988772593,2,Pitching Mound.Parent,,Delivery,pitch.1,437760,5.8673,-13.131,115.4222,34.7402,76.9825,69.1145,-0.0916,0.0154
1779988772594,2,11.0000004b,Drive,Delivery,pitch.1,438715,0.0456,-0.1568,1.7851,0.6999,-2.2731,-2.4032,0.0,0.0
1779988772594,2,12.00000015,Lower Delivery,Delivery,pitch.1,438443,20.1901,-5.2896,52.1881,-103.8606,44.2114,42.461,-0.1128,-0.2649
1779988772594,2,12.00000018,Upper Delivery,Delivery,pitch.1,439300,-14.3258,-7.6841,61.3648,140.7914,35.2342,40.8688,-0.0764,0.3054
1779988772594,2,Pitching Mound.Delivery,,Delivery,pitch.1,438141,5.8643,-12.9737,113.5529,33.8108,79.4455,71.5944,-0.0931,0.0158
1779988772594,2,Pitching Mound.Drive,,Delivery,pitch.1,438715,0.0456,-0.1568,1.7851,0.6999,-2.2731,-2.4032,0.0,0.0
1779988772594,2,Pitching Mound.Parent,,Delivery,pitch.1,437761,5.9153,-13.1514,115.2805,34.5323,77.0686,69.2073,-0.0917,0.0156
1779988772595,2,11.0000004b,Drive,Delivery,pitch.1,438716,0.061,-0.2038,1.8168,0.7542,-2.6589,-2.4116,0.0,0.0
1779988772595,2,12.00000015,Lower Delivery,Delivery,pitch.1,438444,20.2815,-5.3138,52.2873,-103.8772,44.4126,42.5519,-0.1131,-0.2645
1779988772595,2,12.00000018,Upper Delivery,Delivery,pitch.1,439301,-14.3293,-7.7218,61.3268,140.582,35.2583,40.8579,-0.0765,0.3052
1779988772595,2,Pitching Mound.Delivery,,Delivery,pitch.1,438142,5.9522,-13.0356,113.6141,33.6314,79.6709,71.6422,-0.0934,0.016
1779988772595,2,Pitching Mound.Drive,,Delivery,pitch.1,438716,0.061,-0.2038,1.8168,0.7542,-2.6589,-2.4116,0.0,0.0
1779988772595,2,Pitching Mound.Parent,,Delivery,pitch.1,437762,5.9977,-13.1924,115.3992,34.3313,77.3978,69.2389,-0.0919,0.0157
1779988772596,2,11.0000004b,Drive,Delivery,pitch.1,438717,0.0519,-0.1829,1.8957,0.7514,-2.5001,-2.4111,0.0,0.0
1779988772596,2,12.00000015,Lower Delivery,Delivery,pitch.1,438445,20.3181,-5.3423,52.3075,-103.7831,44.4944,42.6132,-0.1132,-0.2641
1779988772596,2,12.00000018,Upper Delivery,Delivery,pitch.1,439302,-14.3246,-7.7677,61.2002,140.4263,35.2309,40.8438,-0.0766,0.3055
1779988772596,2,Pitching Mound.Delivery,,Delivery,pitch.1,438143,5.9935,-13.11,113.5077,33.6197,79.7253,71.6784,-0.0935,0.0163
1779988772596,2,Pitching Mound.Drive,,Delivery,pitch.1,438717,0.0519,-0.1829,1.8957,0.7514,-2.5001,-2.4111,0.0,0.0
1779988772596,2,Pitching Mound.Parent,,Delivery,pitch.1,437763,6.0545,-13.3138,115.3245,34.3738,77.0664,69.2669,-0.092,0.0161
1779988772597,2,11.0000004b,Drive,Delivery,pitch.1,438718,0.0392,-0.2094,1.9614,0.7682,-2.6733,-2.3863,0.0,0.0
1779988772597,2,12.00000015,Lower Delivery,Delivery,pitch.1,438446,20.3315,-5.3541,52.3174,-103.8759,44.5155,42.6843,-0.1133,-0.2643
1779988772597,2,12.00000018,Upper Delivery,Delivery,pitch.1,439303,-14.3372,-7.7599,61.2348,140.2201,35.3,40.873,-0.0767,0.3048
1779988772597,2,Pitching Mound.Delivery,,Delivery,pitch.1,438144,5.9943,-13.114,113.5521,33.3122,79.8155,71.77,-0.0936,0.0159
1779988772597,2,Pitching Mound.Drive,,Delivery,pitch.1,438718,0.0392,-0.2094,1.9614,0.7682,-2.6733,-2.3863,0.0,0.0
1779988772597,2,Pitching Mound.Parent,,Delivery,pitch.1,437764,6.0462,-13.2969,115.4479,34.0636,77.3154,69.3589,-0.092,0.0156
1779988772598,2,11.0000004b,Drive,Delivery,pitch.1,438719,0.0487,-0.2388,1.9492,0.7787,-2.7598,-2.4039,0.0,0.0
1779988772598,2,12.00000015,Lower Delivery,Delivery,pitch.1,438447,20.3708,-5.3806,52.467,-103.647,44.5593,42.7339,-0.1131,-0.263
1779988772598,2,12.00000018,Upper Delivery,Delivery,pitch.1,439304,-14.3312,-7.7635,60.9404,139.8522,35.163,40.8352,-0.0768,0.3055
1779988772598,2,Pitching Mound.Delivery,,Delivery,pitch.1,438145,6.0396,-13.1441,113.4074,33.3242,79.7223,71.7704,-0.0936,0.0171
1779988772598,2,Pitching Mound.Drive,,Delivery,pitch.1,438719,0.0487,-0.2388,1.9492,0.7787,-2.7598,-2.4039,0.0,0.0
1779988772598,2,Pitching Mound.Parent,,Delivery,pitch.1,437765,6.0787,-13.3535,115.3688,34.0925,77.0489,69.3841,-0.092,0.0168
1779988772599,2,11.0000004b,Drive,Delivery,pitch.1,438720,0.0503,-0.2062,1.9389,0.7783,-2.6112,-2.361,0.0,0.0
1779988772599,2,12.00000015,Lower Delivery,Delivery,pitch.1,438448,20.3409,-5.384,52.6151,-103.8365,44.6587,42.7257,-0.113,-0.2627
1779988772599,2,12.00000018,Upper Delivery,Delivery,pitch.1,439305,-14.3259,-7.7749,60.8201,139.3443,34.9816,40.8226,-0.0766,0.305
1779988772599,2,Pitching Mound.Delivery,,Delivery,pitch.1,438146,6.015,-13.159,113.4352,32.7181,79.6403,71.7616,-0.0935,0.0171
1779988772599,2,Pitching Mound.Drive,,Delivery,pitch.1,438720,0.0503,-0.2062,1.9389,0.7783,-2.6112,-2.361,0.0,0.0
1779988772599,2,Pitching Mound.Parent,,Delivery,pitch.1,437766,6.0637,-13.3977,115.3843,33.4968,76.8805,69.3578,-0.0919,0.0168
1779988772600,2,11.0000004b,Drive,Delivery,pitch.1,438721,0.0356,-0.2031,2.0006,0.7624,-2.616,-2.3442,0.0,0.0
1779988772600,2,12.00000015,Lower Delivery,Delivery,pitch.1,438449,20.3847,-5.4231,52.7098,-103.8622,44.7004,42.7846,-0.1129,-0.2623
1779988772600,2,12.00000018,Upper Delivery,Delivery,pitch.1,439306,-14.3247,-7.7832,60.5742,138.7981,34.7152,40.815,-0.0763,0.305
1779988772600,2,Pitching Mound.Delivery,,Delivery,pitch.1,438147,6.0599,-13.2063,113.284,32.262,79.4156,71.7984,-0.0933,0.0175
1779988772600,2,Pitching Mound.Drive,,Delivery,pitch.1,438721,0.0356,-0.2031,2.0006,0.7624,-2.616,-2.3442,0.0,0.0
1779988772600,2,Pitching Mound.Parent,,Delivery,pitch.1,437767,6.1102,-13.4125,115.2229,33.0402,76.8044,69.4374,-0.0918,0.0172
1779988772601,2,11.0000004b,Drive,Delivery,pitch.1,438722,0.0468,-0.1998,1.9422,0.7682,-2.5214,-2.3703,0.0,0.0
1779988772601,2,12.00000015,Lower Delivery,Delivery,pitch.1,438450,20.433,-5.4549,52.7806,-103.5451,44.8398,42.8014,-0.1131,-0.2612
1779988772601,2,12.00000018,Upper Delivery,Delivery,pitch.1,439307,-14.3297,-7.8051,60.5723,138.7001,34.6526,40.86,-0.0762,0.3048
1779988772601,2,Pitching Mound.Delivery,,Delivery,pitch.1,438148,6.1033,-13.26,113.3529,32.5058,79.4924,71.8421,-0.0934,0.0179
1779988772601,2,Pitching Mound.Drive,,Delivery,pitch.1,438722,0.0468,-0.1998,1.9422,0.7682,-2.5214,-2.3703,0.0,0.0
1779988772601,2,Pitching Mound.Parent,,Delivery,pitch.1,437768,6.1389,-13.4631,115.3534,33.2683,76.8764,69.4979,-0.0917,0.0176
1779988772602,2,11.0000004b,Drive,Delivery,pitch.1,438723,0.0503,-0.1801,1.9,0.7715,-2.5404,-2.3713,0.0,0.0
1779988772602,2,12.00000015,Lower Delivery,Delivery,pitch.1,438451,20.3792,-5.468,52.8481,-103.9919,44.9004,42.8209,-0.1131,-0.262
1779988772602,2,12.00000018,Upper Delivery,Delivery,pitch.1,439308,-14.3148,-7.8199,60.3992,138.414,34.5256,40.8744,-0.0761,0.3051
1779988772602,2,Pitching Mound.Delivery,,Delivery,pitch.1,438149,6.0645,-13.2879,113.2473,31.8548,79.426,71.8994,-0.0934,0.0178
1779988772602,2,Pitching Mound.Drive,,Delivery,pitch.1,438723,0.0503,-0.1801,1.9,0.7715,-2.5404,-2.3713,0.0,0.0
1779988772602,2,Pitching Mound.Parent,,Delivery,pitch.1,437769,6.1112,-13.4877,115.1895,32.623,76.9046,69.5291,-0.0918,0.0175
1779988772603,2,11.0000004b,Drive,Delivery,pitch.1,438724,0.0554,-0.2139,1.8764,0.7851,-2.6504,-2.3771,0.0,0.0
1779988772603,2,12.00000015,Lower Delivery,Delivery,pitch.1,438452,20.4139,-5.4848,52.9238,-104.1283,45.0424,42.8849,-0.1133,-0.2619
1779988772603,2,12.00000018,Upper Delivery,Delivery,pitch.1,439309,-14.2914,-7.8469,60.0986,137.861,34.2699,40.8933,-0.0759,0.3054
1779988772603,2,Pitching Mound.Delivery,,Delivery,pitch.1,438150,6.1226,-13.3318,113.0224,31.2932,79.3124,71.9783,-0.0934,0.0181
1779988772603,2,Pitching Mound.Drive,,Delivery,pitch.1,438724,0.0554,-0.2139,1.8764,0.7851,-2.6504,-2.3771,0.0,0.0
1779988772603,2,Pitching Mound.Parent,,Delivery,pitch.1,437770,6.1728,-13.5119,114.9224,32.0647,76.772,69.607,-0.0919,0.0178
1779988772604,2,11.0000004b,Drive,Delivery,pitch.1,438725,0.0425,-0.1839,1.8849,0.7533,-2.4879,-2.3744,0.0,0.0
1779988772604,2,12.00000015,Lower Delivery,Delivery,pitch.1,438453,20.3962,-5.4991,53.0212,-104.4563,45.1354,42.9575,-0.1133,-0.2623
1779988772604,2,12.00000018,Upper Delivery,Delivery,pitch.1,439310,-14.2889,-7.8802,60.0051,137.4956,33.9788,40.903,-0.0754,0.305
1779988772604,2,Pitching Mound.Delivery,,Delivery,pitch.1,438151,6.1074,-13.3793,113.0263,30.6648,79.1142,72.0676,-0.0932,0.0179
1779988772604,2,Pitching Mound.Drive,,Delivery,pitch.1,438725,0.0425,-0.1839,1.8849,0.7533,-2.4879,-2.3744,0.0,0.0
1779988772604,2,Pitching Mound.Parent,,Delivery,pitch.1,437771,6.1628,-13.5932,114.9027,31.45,76.4638,69.6905,-0.0917,0.0176
1779988772605,2,11.0000004b,Drive,Delivery,pitch.1,438726,0.0486,-0.1852,1.7865,0.7228,-2.4106,-2.3363,0.0,0.0
1779988772605,2,12.00000015,Lower Delivery,Delivery,pitch.1,438454,20.4234,-5.5296,53.0902,-104.4068,45.0752,42.9849,-0.113,-0.2618
1779988772605,2,12.00000018,Upper Delivery,Delivery,pitch.1,439311,-14.2645,-7.8871,59.864,137.1226,33.7018,40.9406,-0.0749,0.3049
1779988772605,2,Pitching Mound.Delivery,,Delivery,pitch.1,438152,6.1588,-13.4167,112.9542,30.4127,78.777,72.1316,-0.0928,0.0182
1779988772605,2,Pitching Mound.Drive,,Delivery,pitch.1,438726,0.0486,-0.1852,1.7865,0.7228,-2.4106,-2.3363,0.0,0.0
1779988772605,2,Pitching Mound.Parent,,Delivery,pitch.1,437772,6.2013,-13.6006,114.839,31.166,76.2891,69.7572,-0.0913,0.0179
1779988772606,2,11.0000004b,Drive,Delivery,pitch.1,438727,0.0485,-0.1765,1.7403,0.6792,-2.2855,-2.3354,0.0,0.0
1779988772606,2,12.00000015,Lower Delivery,Delivery,pitch.1,438455,20.3874,-5.5697,53.181,-104.9291,45.2441,43.0421,-0.1133,-0.2627
1779988772606,2,12.00000018,Upper Delivery,Delivery,pitch.1,439312,-14.2531,-7.9291,59.7572,137.0696,33.6933,40.9742,-0.0751,0.3054
1779988772606,2,Pitching Mound.Delivery,,Delivery,pitch.1,438153,6.1342,-13.4988,112.9382,29.9045,78.9374,72.2386,-0.093,0.0181
1779988772606,2,Pitching Mound.Drive,,Delivery,pitch.1,438727,0.0485,-0.1765,1.7403,0.6792,-2.2855,-2.3354,0.0,0.0
1779988772606,2,Pitching Mound.Parent,,Delivery,pitch.1,437773,6.1828,-13.684,114.7247,30.6273,76.5268,69.9022,-0.0916,0.0178
1779988772607,2,11.0000004b,Drive,Delivery,pitch.1,438728,0.0497,-0.1745,1.6992,0.6851,-2.2298,-2.3235,0.0,0.0
1779988772607,2,12.00000015,Lower Delivery,Delivery,pitch.1,438456,20.3805,-5.6026,53.1478,-105.0059,45.4036,43.1369,-0.1137,-0.263
1779988772607,2,12.00000018,Upper Delivery,Delivery,pitch.1,439313,-14.2459,-7.9395,59.6579,136.8562,33.6566,40.9655,-0.0751,0.3054
1779988772607,2,Pitching Mound.Delivery,,Delivery,pitch.1,438154,6.1346,-13.5421,112.8058,29.6369,79.0603,72.3294,-0.0933,0.018
1779988772607,2,Pitching Mound.Drive,,Delivery,pitch.1,438728,0.0497,-0.1745,1.6992,0.6851,-2.2298,-2.3235,0.0,0.0
1779988772607,2,Pitching Mound.Parent,,Delivery,pitch.1,437774,6.1831,-13.7186,114.546,30.3161,76.7747,69.994,-0.0919,0.0177
1779988772608,2,11.0000004b,Drive,Delivery,pitch.1,438729,0.0498,-0.1875,1.7561,0.6861,-2.2664,-2.3326,0.0,0.0
1779988772608,2,12.00000015,Lower Delivery,Delivery,pitch.1,438457,20.3369,-5.6453,53.331,-105.6016,45.4795,43.1841,-0.1135,-0.2636
1779988772608,2,12.00000018,Upper Delivery,Delivery,pitch.1,439314,-14.2298,-7.9655,59.4338,136.5728,33.505,41.0152,-0.075,0.3059
1779988772608,2,Pitching Mound.Delivery,,Delivery,pitch.1,438155,6.1071,-13.6108,112.7648,28.8962,78.9845,72.4467,-0.0932,0.0182
1779988772608,2,Pitching Mound.Drive,,Delivery,pitch.1,438729,0.0498,-0.1875,1.7561,0.6861,-2.2664,-2.3326,0.0,0.0
1779988772608,2,Pitching Mound.Parent,,Delivery,pitch.1,437775,6.1568,-13.7853,114.464,29.5813,76.7547,70.1232,-0.0919,0.0179
1779988772609,2,11.0000004b,Drive,Delivery,pitch.1,438730,0.0516,-0.1853,1.7266,0.6882,-2.235,-2.3475,0.0,0.0
1779988772609,2,12.00000015,Lower Delivery,Delivery,pitch.1,438458,20.3483,-5.684,53.3942,-105.9274,45.5922,43.2433,-0.1137,-0.2641
1779988772609,2,12.00000018,Upper Delivery,Delivery,pitch.1,439315,-14.2071,-8.004,59.258,136.1658,33.3431,41.0301,-0.0749,0.3059
1779988772609,2,Pitching Mound.Delivery,,Delivery,pitch.1,438156,6.1411,-13.6879,112.6522,28.2447,78.9353,72.5246,-0.0933,0.018
1779988772609,2,Pitching Mound.Drive,,Delivery,pitch.1,438730,0.0516,-0.1853,1.7266,0.6882,-2.235,-2.3475,0.0,0.0
1779988772609,2,Pitching Mound.Parent,,Delivery,pitch.1,437776,6.1909,-13.8754,114.4083,28.9308,76.6689,70.1919,-0.0919,0.0178
1779988772610,2,11.0000004b,Drive,Delivery,pitch.1,438731,0.0388,-0.2016,1.7999,0.6867,-2.2989,-2.3654,0.0,0.0
1779988772610,2,12.00000015,Lower Delivery,Delivery,pitch.1,438459,20.4015,-5.7343,53.4518,-105.8565,45.7687,43.3425,-0.114,-0.2636
1779988772610,2,12.00000018,Upper Delivery,Delivery,pitch.1,439316,-14.1929,-8.0308,59.259,136.1835,33.3486,41.0287,-0.0749,0.3059
1779988772610,2,Pitching Mound.Delivery,,Delivery,pitch.1,438157,6.2086,-13.7651,112.7108,28.3525,79.1173,72.6091,-0.0934,0.0183
1779988772610,2,Pitching Mound.Drive,,Delivery,pitch.1,438731,0.0388,-0.2016,1.7999,0.6867,-2.2989,-2.3654,0.0,0.0
1779988772610,2,Pitching Mound.Parent,,Delivery,pitch.1,437777,6.2602,-13.9504,114.4374,29.0408,76.8823,70.2616,-0.092,0.018
1779988772611,2,11.0000004b,Drive,Delivery,pitch.1,438732,0.0307,-0.22,1.8537,0.7084,-2.5227,-2.3836,0.0,0.0
1779988772611,2,12.00000015,Lower Delivery,Delivery,pitch.1,438460,20.3848,-5.7811,53.5574,-106.1332,45.9475,43.4033,-0.1142,-0.2638
1779988772611,2,12.00000018,Upper Delivery,Delivery,pitch.1,439317,-14.2036,-8.0602,58.9811,135.7611,33.2031,41.0468,-0.0749,0.3064
1779988772611,2,Pitching Mound.Delivery,,Delivery,pitch.1,438158,6.1813,-13.8413,112.5385,27.7839,79.1506,72.6901,-0.0936,0.0187
1779988772611,2,Pitching Mound.Drive,,Delivery,pitch.1,438732,0.0307,-0.22,1.8537,0.7084,-2.5227,-2.3836,0.0,0.0
1779988772611,2,Pitching Mound.Parent,,Delivery,pitch.1,437778,6.22,-14.0429,114.3384,28.4706,76.8517,70.3246,-0.0922,0.0184
1779988772612,2,11.0000004b,Drive,Delivery,pitch.1,438733,0.0206,-0.2185,1.907,0.7326,-2.6224,-2.3848,0.0,0.0
1779988772612,2,12.00000015,Lower Delivery,Delivery,pitch.1,438461,20.3516,-5.818,53.6681,-106.6126,46.0612,43.5196,-0.1143,-0.2645
1779988772612,2,12.00000018,Upper Delivery,Delivery,pitch.1,439318,-14.1818,-8.0561,58.7709,135.3904,33.0486,41.0991,-0.0749,0.3067
1779988772612,2,Pitching Mound.Delivery,,Delivery,pitch.1,438159,6.1698,-13.8741,112.439,27.0428,79.1098,72.8773,-0.0937,0.0186
1779988772612,2,Pitching Mound.Drive,,Delivery,pitch.1,438733,0.0206,-0.2185,1.907,0.7326,-2.6224,-2.3848,0.0,0.0
1779988772612,2,Pitching Mound.Parent,,Delivery,pitch.1,437779,6.2005,-14.094,114.2927,27.7512,76.587,70.4937,-0.0921,0.0183
1779988772613,2,11.0000004b,Drive,Delivery,pitch.1,438734,0.0307,-0.2163,1.9233,0.7311,-2.5891,-2.3686,0.0,0.0
1779988772613,2,12.00000015,Lower Delivery,Delivery,pitch.1,438462,20.4128,-5.8856,53.6808,-106.2811,46.1567,43.5855,-0.1145,-0.2636
1779988772613,2,12.00000018,Upper Delivery,Delivery,pitch.1,439319,-14.166,-8.0793,58.6697,135.3067,33.0211,41.1222,-0.0749,0.307
1779988772613,2,Pitching Mound.Delivery,,Delivery,pitch.1,438160,6.2468,-13.9649,112.3505,27.3294,79.1778,72.9509,-0.0938,0.0193
1779988772613,2,Pitching Mound.Drive,,Delivery,pitch.1,438734,0.0307,-0.2163,1.9233,0.7311,-2.5891,-2.3686,0.0,0.0
1779988772613,2,Pitching Mound.Parent,,Delivery,pitch.1,437780,6.2673,-14.1834,114.2575,28.0619,76.5554,70.5662,-0.0923,0.019
1779988772614,2,11.0000004b,Drive,Delivery,pitch.1,438735,0.022,-0.2207,1.9874,0.7496,-2.7862,-2.4064,0.0,0.0
1779988772614,2,12.00000015,Lower Delivery,Delivery,pitch.1,438463,20.4717,-5.9286,53.7933,-106.3607,46.2849,43.6304,-0.1145,-0.2632
1779988772614,2,12.00000018,Upper Delivery,Delivery,pitch.1,439320,-14.1492,-8.1033,58.5052,135.1733,32.9912,41.0976,-0.0751,0.3076
1779988772614,2,Pitching Mound.Delivery,,Delivery,pitch.1,438161,6.3225,-14.0319,112.2985,27.2105,79.2761,72.9569,-0.094,0.0199
1779988772614,2,Pitching Mound.Drive,,Delivery,pitch.1,438735,0.022,-0.2207,1.9874,0.7496,-2.7862,-2.4064,0.0,0.0
1779988772614,2,Pitching Mound.Parent,,Delivery,pitch.1,437781,6.3532,-14.2483,114.2218,27.9416,76.687,70.5883,-0.0924,0.0196
1779988772615,2,11.0000004b,Drive,Delivery,pitch.1,438736,0.0228,-0.2452,1.921,0.7835,-2.9094,-2.4014,0.0,0.0
1779988772615,2,12.00000015,Lower Delivery,Delivery,pitch.1,438464,20.5034,-5.9859,53.7981,-106.6659,46.3796,43.6699,-0.1148,-0.264
1779988772615,2,12.00000018,Upper Delivery,Delivery,pitch.1,439321,-14.1571,-8.1228,58.3843,135.1073,32.8849,41.1804,-0.075,0.3081
1779988772615,2,Pitching Mound.Delivery,,Delivery,pitch.1,438162,6.3463,-14.1087,112.1824,26.8822,79.2646,73.0658,-0.0941,0.0199
1779988772615,2,Pitching Mound.Drive,,Delivery,pitch.1,438736,0.0228,-0.2452,1.921,0.7835,-2.9094,-2.4014,0.0,0.0
1779988772615,2,Pitching Mound.Parent,,Delivery,pitch.1,437782,6.3683,-14.3294,114.1698,27.6317,76.4783,70.6594,-0.0924,0.0195
1779988772616,2,11.0000004b,Drive,Delivery,pitch.1,438737,0.0206,-0.207,2.0004,0.7736,-2.9361,-2.4261,0.0,0.0
1779988772616,2,12.00000015,Lower Delivery,Delivery,pitch.1,438465,20.5258,-6.0122,53.7927,-106.6712,46.2808,43.7633,-0.1145,-0.264
1779988772616,2,12.00000018,Upper Delivery,Delivery,pitch.1,439322,-14.1294,-8.133,58.0912,134.3847,32.833,41.1736,-0.0752,0.308
1779988772616,2,Pitching Mound.Delivery,,Delivery,pitch.1,438163,6.3964,-14.1451,111.8839,26.252,79.1138,73.1541,-0.0941,0.0199
1779988772616,2,Pitching Mound.Drive,,Delivery,pitch.1,438737,0.0206,-0.207,2.0004,0.7736,-2.9361,-2.4261,0.0,0.0
1779988772616,2,Pitching Mound.Parent,,Delivery,pitch.1,437783,6.4192,-14.3903,113.805,27.0354,76.2044,70.7527,-0.0925,0.0196
1779988772617,2,11.0000004b,Drive,Delivery,pitch.1,438738,0.0322,-0.2228,1.93,0.8093,-2.9471,-2.4376,0.0,0.0
1779988772617,2,12.00000015,Lower Delivery,Delivery,pitch.1,438466,20.5257,-6.0739,53.8672,-106.8156,46.3836,43.7986,-0.1146,-0.264
1779988772617,2,12.00000018,Upper Delivery,Delivery,pitch.1,439323,-14.1131,-8.114,57.9757,134.001,32.6143,41.1988,-0.0749,0.3077
1779988772617,2,Pitching Mound.Delivery,,Delivery,pitch.1,438164,6.4125,-14.188,111.8429,25.7885,78.9979,73.2202,-0.094,0.0199
1779988772617,2,Pitching Mound.Drive,,Delivery,pitch.1,438738,0.0322,-0.2228,1.93,0.8093,-2.9471,-2.4376,0.0,0.0
1779988772617,2,Pitching Mound.Parent,,Delivery,pitch.1,437784,6.4332,-14.395,113.8434,26.5622,76.0618,70.7941,-0.0924,0.0195
1779988772618,2,11.0000004b,Drive,Delivery,pitch.1,438739,0.0253,-0.2136,1.9703,0.7782,-2.6932,-2.3845,0.0,0.0
1779988772618,2,12.00000015,Lower Delivery,Delivery,pitch.1,438467,20.5281,-6.117,54.0515,-107.068,46.3704,43.859,-0.1142,-0.2637
1779988772618,2,12.00000018,Upper Delivery,Delivery,pitch.1,439324,-14.1198,-8.1331,57.886,134.006,32.4131,41.2719,-0.0745,0.3082
1779988772618,2,Pitching Mound.Delivery,,Delivery,pitch.1,438165,6.4083,-14.2502,111.9375,25.6343,78.7835,73.3506,-0.0937,0.0204
1779988772618,2,Pitching Mound.Drive,,Delivery,pitch.1,438739,0.0253,-0.2136,1.9703,0.7782,-2.6932,-2.3845,0.0,0.0
1779988772618,2,Pitching Mound.Parent,,Delivery,pitch.1,437785,6.4406,-14.473,113.8676,26.4436,75.8364,70.913,-0.0921,0.02
1779988772619,2,11.0000004b,Drive,Delivery,pitch.1,438740,0.017,-0.1824,1.9074,0.7488,-2.4777,-2.3416,0.0,0.0
1779988772619,2,12.00000015,Lower Delivery,Delivery,pitch.1,438468,20.5755,-6.1627,53.9348,-106.6658,46.4212,43.9622,-0.1146,-0.2633
1779988772619,2,12.00000018,Upper Delivery,Delivery,pitch.1,439325,-14.1005,-8.1757,57.8136,133.7125,32.4715,41.2544,-0.0748,0.3079
1779988772619,2,Pitching Mound.Delivery,,Delivery,pitch.1,438166,6.475,-14.3385,111.7484,25.7279,78.8927,73.4268,-0.094,0.0204
1779988772619,2,Pitching Mound.Drive,,Delivery,pitch.1,438740,0.017,-0.1824,1.9074,0.7488,-2.4777,-2.3416,0.0,0.0
1779988772619,2,Pitching Mound.Parent,,Delivery,pitch.1,437786,6.5003,-14.552,113.7187,26.5061,76.1995,71.0423,-0.0924,0.0201
1779988772620,2,11.0000004b,Drive,Delivery,pitch.1,438741,0.0137,-0.1787,1.9385,0.7572,-2.4184,-2.3466,0.0,0.0
1779988772620,2,12.00000015,Lower Delivery,Delivery,pitch.1,438469,20.5973,-6.2326,54.0929,-106.8479,46.3732,44.0293,-0.1141,-0.263
1779988772620,2,12.00000018,Upper Delivery,Delivery,pitch.1,439326,-14.0715,-8.1983,57.7909,133.6121,32.5446,41.2884,-0.075,0.3078
1779988772620,2,Pitching Mound.Delivery,,Delivery,pitch.1,438167,6.5258,-14.4309,111.8838,25.5069,78.9178,73.5303,-0.0939,0.0206
1779988772620,2,Pitching Mound.Drive,,Delivery,pitch.1,438741,0.0137,-0.1787,1.9385,0.7572,-2.4184,-2.3466,0.0,0.0
1779988772620,2,Pitching Mound.Parent,,Delivery,pitch.1,437787,6.5428,-14.6133,113.7912,26.2557,76.4401,71.1887,-0.0923,0.0203
1779988772621,2,11.0000004b,Drive,Delivery,pitch.1,438742,0.0255,-0.1745,1.912,0.7727,-2.4902,-2.3551,0.0,0.0
1779988772621,2,12.00000015,Lower Delivery,Delivery,pitch.1,438470,20.6021,-6.3045,54.1614,-107.3804,46.5426,44.0646,-0.1144,-0.2639
1779988772621,2,12.00000018,Upper Delivery,Delivery,pitch.1,439327,-14.0787,-8.2293,57.7099,133.1499,32.4215,41.3322,-0.0748,0.3072
1779988772621,2,Pitching Mound.Delivery,,Delivery,pitch.1,438168,6.5233,-14.5338,111.8713,24.563,78.9641,73.6053,-0.094,0.0199
1779988772621,2,Pitching Mound.Drive,,Delivery,pitch.1,438742,0.0255,-0.1745,1.912,0.7727,-2.4902,-2.3551,0.0,0.0
1779988772621,2,Pitching Mound.Parent,,Delivery,pitch.1,437788,6.537,-14.7125,113.8099,25.3203,76.5457,71.2587,-0.0924,0.0195
1779988772622,2,11.0000004b,Drive,Delivery,pitch.1,438743,0.0319,-0.1695,1.9152,0.8208,-2.4806,-2.3647,0.0,0.0
1779988772622,2,12.00000015,Lower Delivery,Delivery,pitch.1,438471,20.636,-6.3739,54.3326,-107.2481,46.3676,44.0024,-0.1136,-0.2628
1779988772622,2,12.00000018,Upper Delivery,Delivery,pitch.1,439328,-14.0738,-8.2445,57.691,132.8925,32.3595,41.3424,-0.0747,0.3067
1779988772622,2,Pitching Mound.Delivery,,Delivery,pitch.1,438169,6.5621,-14.6185,112.0235,24.5026,78.7272,73.5434,-0.0936,0.0203
1779988772622,2,Pitching Mound.Drive,,Delivery,pitch.1,438743,0.0319,-0.1695,1.9152,0.8208,-2.4806,-2.3647,0.0,0.0
1779988772622,2,Pitching Mound.Parent,,Delivery,pitch.1,437789,6.5876,-14.793,113.9355,25.2754,76.237,71.1883,-0.092,0.0199
1779988772623,2,11.0000004b,Drive,Delivery,pitch.1,438744,0.0315,-0.1785,1.8302,0.8119,-2.2921,-2.3066,0.0,0.0
1779988772623,2,12.00000015,Lower Delivery,Delivery,pitch.1,438472,20.5958,-6.4411,54.3034,-107.3209,46.4729,44.0726,-0.1139,-0.2631
1779988772623,2,12.00000018,Upper Delivery,Delivery,pitch.1,439329,-14.0875,-8.2822,57.6679,132.7794,32.2434,41.3412,-0.0744,0.3065
1779988772623,2,Pitching Mound.Delivery,,Delivery,pitch.1,438170,6.5082,-14.7233,111.9712,24.3146,78.7163,73.6215,-0.0936,0.0201
1779988772623,2,Pitching Mound.Drive,,Delivery,pitch.1,438744,0.0315,-0.1785,1.8302,0.8119,-2.2921,-2.3066,0.0,0.0
1779988772623,2,Pitching Mound.Parent,,Delivery,pitch.1,437790,6.5402,-14.8928,113.8864,25.1354,76.2358,71.2568,-0.092,0.0197
1779988772624,2,11.0000004b,Drive,Delivery,pitch.1,438745,0.0153,-0.1926,1.824,0.7247,-2.3605,-2.3326,0.0,0.0
1779988772624,2,12.00000015,Lower Delivery,Delivery,pitch.1,438473,20.5686,-6.4929,54.4677,-107.557,46.4961,44.102,-0.1136,-0.2629
1779988772624,2,12.00000015,Lower Delivery,Delivery,pitch.1,438474,20.5215,-6.5833,54.5383,-107.6587,46.6197,44.1625,-0.1138,-0.2628
1779988772624,2,12.00000018,Upper Delivery,Delivery,pitch.1,439330,-14.1055,-8.3043,57.6196,132.211,32.0,41.3631,-0.0739,0.3055
1779988772624,2,Pitching Mound.Delivery,,Delivery,pitch.1,438171,6.4632,-14.7972,112.0873,23.5824,78.4961,73.6759,-0.0932,0.0197
1779988772624,2,Pitching Mound.Drive,,Delivery,pitch.1,438745,0.0153,-0.1926,1.824,0.7247,-2.3605,-2.3326,0.0,0.0
1779988772624,2,Pitching Mound.Parent,,Delivery,pitch.1,437791,6.4947,-14.9757,113.9175,24.3943,76.204,71.3693,-0.0917,0.0194
1779988772625,2,11.0000004b,Drive,Delivery,pitch.1,438746,0.0218,-0.1947,1.7753,0.7339,-2.325,-2.3241,0.0,0.0
1779988772625,2,12.00000018,Upper Delivery,Delivery,pitch.1,439331,-14.1157,-8.2859,57.4266,131.9606,31.7946,41.4266,-0.0737,0.3059
1779988772625,2,Pitching Mound.Delivery,,Delivery,pitch.1,438172,6.4058,-14.8691,111.9649,23.3199,78.4143,73.8124,-0.0932,0.0201
1779988772625,2,Pitching Mound.Drive,,Delivery,pitch.1,438746,0.0218,-0.1947,1.7753,0.7339,-2.325,-2.3241,0.0,0.0
1779988772625,2,Pitching Mound.Parent,,Delivery,pitch.1,437792,6.4211,-15.0618,113.7889,24.0446,76.0538,71.4798,-0.0917,0.0198
1779988772626,2,11.0000004b,Drive,Delivery,pitch.1,438747,0.0455,-0.2026,1.7139,0.7089,-2.1298,-2.3187,0.0,0.0
1779988772626,2,12.00000015,Lower Delivery,Delivery,pitch.1,438475,20.4865,-6.6437,54.6948,-107.8473,46.6839,44.1675,-0.1136,-0.2625
1779988772626,2,12.00000018,Upper Delivery,Delivery,pitch.1,439332,-14.1257,-8.2772,57.3225,131.6646,31.7716,41.4412,-0.0738,0.3058
1779988772626,2,Pitching Mound.Delivery,,Delivery,pitch.1,438173,6.3608,-14.9209,112.0174,22.9238,78.4555,73.8406,-0.0932,0.0203
1779988772626,2,Pitching Mound.Drive,,Delivery,pitch.1,438747,0.0455,-0.2026,1.7139,0.7089,-2.1298,-2.3187,0.0,0.0
1779988772626,2,Pitching Mound.Parent,,Delivery,pitch.1,437793,6.3825,-15.1156,113.7927,23.6577,76.1305,71.5164,-0.0918,0.02
1779988772627,2,11.0000004b,Drive,Delivery,pitch.1,438748,0.0323,-0.1843,1.6969,0.6802,-2.0474,-2.2967,0.0,0.0
1779988772627,2,12.00000015,Lower Delivery,Delivery,pitch.1,438476,20.4887,-6.7296,54.8195,-108.1222,46.7139,44.1528,-0.1134,-0.2626
1779988772627,2,12.00000018,Upper Delivery,Delivery,pitch.1,439333,-14.153,-8.2715,57.1256,131.2037,31.4631,41.4135,-0.0733,0.3058
1779988772627,2,12.00000018,Upper Delivery,Delivery,pitch.1,439334,-14.1569,-8.2829,57.0706,131.0219,31.4082,41.4608,-0.0733,0.3056
1779988772627,2,Pitching Mound.Delivery,,Delivery,pitch.1,438174,6.3357,-15.0011,111.945,22.2974,78.177,73.7881,-0.093,0.0204
1779988772627,2,Pitching Mound.Drive,,Delivery,pitch.1,438748,0.0323,-0.1843,1.6969,0.6802,-2.0474,-2.2967,0.0,0.0
1779988772627,2,Pitching Mound.Parent,,Delivery,pitch.1,437794,6.3812,-15.2037,113.659,23.0063,76.0472,71.4694,-0.0916,0.0201
1779988772628,2,11.0000004b,Drive,Delivery,pitch.1,438749,0.0326,-0.1936,1.6268,0.6739,-2.0379,-2.2983,0.0,0.0
1779988772628,2,12.00000015,Lower Delivery,Delivery,pitch.1,438477,20.4604,-6.8029,54.838,-107.928,46.5252,44.1463,-0.1129,-0.262
1779988772628,2,12.00000018,Upper Delivery,Delivery,pitch.1,439335,-14.1858,-8.2862,56.9531,130.6358,31.3689,41.5006,-0.0733,0.3054
1779988772628,2,Pitching Mound.Delivery,,Delivery,pitch.1,438175,6.3035,-15.0858,111.9085,22.3348,77.9334,73.8372,-0.0927,0.0207
1779988772628,2,Pitching Mound.Drive,,Delivery,pitch.1,438749,0.0326,-0.1936,1.6268,0.6739,-2.0379,-2.2983,0.0,0.0
1779988772628,2,Pitching Mound.Parent,,Delivery,pitch.1,437795,6.3358,-15.2701,113.6055,23.015,75.886,71.5405,-0.0913,0.0204
1779988772629,2,11.0000004b,Drive,Delivery,pitch.1,438750,0.0414,-0.2236,1.6132,0.6923,-2.2427,-2.3255,0.0,0.0
1779988772629,2,12.00000015,Lower Delivery,Delivery,pitch.1,438478,20.4215,-6.8994,54.921,-108.0767,46.5782,44.1187,-0.1129,-0.262
1779988772629,2,Pitching Mound.Delivery,,Delivery,pitch.1,438176,6.2357,-15.1856,111.8741,21.8682,77.9471,73.8529,-0.0928,0.0207
1779988772629,2,Pitching Mound.Drive,,Delivery,pitch.1,438750,0.0414,-0.2236,1.6132,0.6923,-2.2427,-2.3255,0.0,0.0
1779988772629,2,Pitching Mound.Parent,,Delivery,pitch.1,437796,6.2682,-15.3792,113.5008,22.5421,75.9092,71.5546,-0.0914,0.0204
1779988772630,2,11.0000004b,Drive,Delivery,pitch.1,438751,0.0485,-0.2241,1.5835,0.6937,-2.2637,-2.3241,0.0,0.0
1779988772630,2,12.00000015,Lower Delivery,Delivery,pitch.1,438479,20.3208,-6.9649,55.099,-108.8039,46.563,44.1005,-0.1125,-0.2629
1779988772630,2,12.00000018,Upper Delivery,Delivery,pitch.1,439336,-14.1788,-8.2572,56.5804,130.2647,31.1344,41.5141,-0.0733,0.3065
1779988772630,2,12.00000018,Upper Delivery,Delivery,pitch.1,439337,-14.2146,-8.2562,56.5426,130.0494,30.971,41.5024,-0.0729,0.3062
1779988772630,2,Pitching Mound.Delivery,,Delivery,pitch.1,438177,6.1421,-15.2221,111.6795,20.9571,77.6973,73.8847,-0.0926,0.0211
1779988772630,2,Pitching Mound.Drive,,Delivery,pitch.1,438751,0.0485,-0.2241,1.5835,0.6937,-2.2637,-2.3241,0.0,0.0
1779988772630,2,Pitching Mound.Parent,,Delivery,pitch.1,437797,6.1835,-15.4457,113.2926,21.6494,75.4547,71.5592,-0.0913,0.0208
1779988772631,2,11.0000004b,Drive,Delivery,pitch.1,438752,0.0451,-0.249,1.5835,0.7171,-2.4,-2.3593,0.0,0.0
1779988772631,2,12.00000015,Lower Delivery,Delivery,pitch.1,438480,20.2544,-7.023,55.1174,-108.8811,46.644,44.1243,-0.1127,-0.263
1779988772631,2,12.00000018,Upper Delivery,Delivery,pitch.1,439338,-14.2268,-8.2533,56.4021,129.6596,30.8602,41.5245,-0.0728,0.306
1779988772631,2,Pitching Mound.Delivery,,Delivery,pitch.1,438178,6.0398,-15.2792,111.66,20.6837,77.615,73.9072,-0.0925,0.0209
1779988772631,2,Pitching Mound.Drive,,Delivery,pitch.1,438752,0.0451,-0.249,1.5835,0.7171,-2.4,-2.3593,0.0,0.0
1779988772631,2,Pitching Mound.Parent,,Delivery,pitch.1,437798,6.0883,-15.5033,113.2434,21.3774,75.3513,71.5832,-0.0912,0.0206
1779988772632,2,11.0000004b,Drive,Delivery,pitch.1,438753,0.035,-0.2423,1.6284,0.7293,-2.477,-2.3723,0.0,0.0
1779988772632,2,12.00000015,Lower Delivery,Delivery,pitch.1,438482,20.0988,-7.1492,55.1693,-109.2715,46.7258,44.0952,-0.1128,-0.2637
1779988772632,2,12.00000015,Lower Delivery,Delivery,pitch.1,438481,20.1655,-7.0776,55.1904,-109.1362,46.7328,44.121,-0.1127,-0.2633
1779988772632,2,12.00000018,Upper Delivery,Delivery,pitch.1,439339,-14.208,-8.2433,56.2313,129.6019,30.9451,41.5174,-0.0733,0.3068
1779988772632,2,Pitching Mound.Delivery,,Delivery,pitch.1,438180,5.8908,-15.3925,111.4005,19.9694,77.671,73.9483,-0.0928,0.0211
1779988772632,2,Pitching Mound.Delivery,,Delivery,pitch.1,438179,5.9387,-15.3309,111.5925,20.1114,77.593,73.952,-0.0926,0.0208
1779988772632,2,Pitching Mound.Drive,,Delivery,pitch.1,438753,0.035,-0.2423,1.6284,0.7293,-2.477,-2.3723,0.0,0.0
1779988772632,2,Pitching Mound.Parent,,Delivery,pitch.1,437800,5.9258,-15.6348,113.029,20.6987,75.194,71.576,-0.0915,0.0208
1779988772632,2,Pitching Mound.Parent,,Delivery,pitch.1,437799,5.9838,-15.5799,113.1761,20.8285,75.193,71.5928,-0.0913,0.0205
1779988772633,2,11.0000004b,Drive,Delivery,pitch.1,438754,0.0407,-0.2243,1.648,0.7227,-2.3582,-2.3754,0.0,0.0
1779988772633,2,12.00000015,Lower Delivery,Delivery,pitch.1,438483,20.1053,-7.2165,55.1825,-109.2627,46.7424,44.0779,-0.1128,-0.2636
1779988772633,2,12.00000018,Upper Delivery,Delivery,pitch.1,439340,-14.2283,-8.2407,56.0807,129.1457,30.7041,41.5083,-0.0729,0.3066
1779988772633,2,Pitching Mound.Delivery,,Delivery,pitch.1,438181,5.877,-15.4572,111.2632,19.5776,77.4465,73.9129,-0.0927,0.021
1779988772633,2,Pitching Mound.Drive,,Delivery,pitch.1,438754,0.0407,-0.2243,1.648,0.7227,-2.3582,-2.3754,0.0,0.0
1779988772633,2,Pitching Mound.Parent,,Delivery,pitch.1,437801,5.9177,-15.6815,112.9112,20.3003,75.0883,71.5375,-0.0913,0.0207
1779988772634,2,11.0000004b,Drive,Delivery,pitch.1,438755,0.0387,-0.2372,1.5963,0.7347,-2.473,-2.3669,0.0,0.0
1779988772634,2,12.00000015,Lower Delivery,Delivery,pitch.1,438484,20.092,-7.265,55.2076,-109.2689,46.7179,44.0954,-0.1127,-0.2635
1779988772634,2,12.00000018,Upper Delivery,Delivery,pitch.1,439341,-14.2213,-8.2434,56.0568,129.1474,30.6791,41.5124,-0.0729,0.3067
1779988772634,2,Pitching Mound.Delivery,,Delivery,pitch.1,438182,5.8707,-15.5083,111.2644,19.5897,77.397,73.9413,-0.0926,0.0212
1779988772634,2,Pitching Mound.Drive,,Delivery,pitch.1,438755,0.0387,-0.2372,1.5963,0.7347,-2.473,-2.3669,0.0,0.0
1779988772634,2,Pitching Mound.Parent,,Delivery,pitch.1,437802,5.9094,-15.7455,112.8608,20.3244,74.9241,71.5743,-0.0913,0.0209
1779988772635,2,11.0000004b,Drive,Delivery,pitch.1,438756,0.0379,-0.2231,1.6154,0.7365,-2.5783,-2.3402,0.0,0.0
1779988772635,2,12.00000015,Lower Delivery,Delivery,pitch.1,438485,19.9924,-7.2889,55.1024,-109.2061,46.5941,44.0763,-0.1126,-0.2638
1779988772635,2,12.00000018,Upper Delivery,Delivery,pitch.1,439342,-14.2109,-8.2385,55.9145,128.8069,30.4942,41.5375,-0.0726,0.3067
1779988772635,2,Pitching Mound.Delivery,,Delivery,pitch.1,438183,5.7815,-15.5274,111.0169,19.3247,77.0884,73.9847,-0.0924,0.021
1779988772635,2,Pitching Mound.Drive,,Delivery,pitch.1,438756,0.0379,-0.2231,1.6154,0.7365,-2.5783,-2.3402,0.0,0.0
1779988772635,2,Pitching Mound.Parent,,Delivery,pitch.1,437803,5.8194,-15.7505,112.6323,20.0612,74.51,71.6444,-0.0911,0.0207
1779988772636,2,11.0000004b,Drive,Delivery,pitch.1,438757,0.0459,-0.2527,1.6467,0.7714,-2.7507,-2.3567,0.0,0.0
1779988772636,2,12.00000015,Lower Delivery,Delivery,pitch.1,438486,20.0116,-7.3264,55.0495,-109.1538,46.6953,44.0531,-0.1129,-0.264
1779988772636,2,Pitching Mound.Drive,,Delivery,pitch.1,438757,0.0459,-0.2527,1.6467,0.7714,-2.7507,-2.3567,0.0,0.0
1779988772637,2,11.0000004b,Drive,Delivery,pitch.1,438758,0.0396,-0.253,1.7306,0.7778,-2.835,-2.3673,0.0,0.0
1779988772637,2,12.00000015,Lower Delivery,Delivery,pitch.1,438487,20.0073,-7.3432,54.919,-108.9978,46.642,44.0027,-0.1131,-0.2642
1779988772637,2,12.00000018,Upper Delivery,Delivery,pitch.1,439343,-14.1855,-8.2335,55.6766,128.4169,30.3199,41.4872,-0.0725,0.3071
1779988772637,2,Pitching Mound.Delivery,,Delivery,pitch.1,438184,5.8261,-15.5599,110.7261,19.0499,77.0152,73.9133,-0.0926,0.0212
1779988772637,2,Pitching Mound.Drive,,Delivery,pitch.1,438758,0.0396,-0.253,1.7306,0.7778,-2.835,-2.3673,0.0,0.0
1779988772637,2,Pitching Mound.Parent,,Delivery,pitch.1,437804,5.872,-15.8126,112.3728,19.8213,74.2645,71.5565,-0.0912,0.0209
1779988772638,2,11.0000004b,Drive,Delivery,pitch.1,438759,0.0403,-0.2719,1.7296,0.7804,-2.7365,-2.3791,0.0,0.0
1779988772638,2,12.00000015,Lower Delivery,Delivery,pitch.1,438488,19.979,-7.3788,54.8442,-108.9361,46.8898,44.0184,-0.1138,-0.2644
1779988772638,2,12.00000018,Upper Delivery,Delivery,pitch.1,439344,-14.1947,-8.2479,55.7196,128.1612,30.2923,41.4831,-0.0724,0.3062
1779988772638,2,Pitching Mound.Delivery,,Delivery,pitch.1,438185,5.8126,-15.5911,110.6386,18.8912,76.9342,73.8571,-0.0926,0.0206
1779988772638,2,Pitching Mound.Drive,,Delivery,pitch.1,438759,0.0403,-0.2719,1.7296,0.7804,-2.7365,-2.3791,0.0,0.0
1779988772638,2,Pitching Mound.Parent,,Delivery,pitch.1,437805,5.8522,-15.8441,112.3692,19.6689,74.0993,71.4899,-0.0911,0.0203
1779988772639,2,11.0000004b,Drive,Delivery,pitch.1,438760,0.0451,-0.2736,1.7745,0.8032,-2.89,-2.3848,0.0,0.0
1779988772639,2,12.00000015,Lower Delivery,Delivery,pitch.1,438489,19.9543,-7.367,54.8523,-109.0422,46.6963,43.9796,-0.1133,-0.2646
1779988772639,2,12.00000018,Upper Delivery,Delivery,pitch.1,439345,-14.1876,-8.2558,55.517,128.0372,30.3205,41.4348,-0.0727,0.307
1779988772639,2,Pitching Mound.Delivery,,Delivery,pitch.1,438186,5.7915,-15.6346,110.3612,18.8723,77.2103,73.8366,-0.0931,0.021
1779988772639,2,Pitching Mound.Drive,,Delivery,pitch.1,438760,0.0451,-0.2736,1.7745,0.8032,-2.89,-2.3848,0.0,0.0
1779988772639,2,Pitching Mound.Parent,,Delivery,pitch.1,437806,5.8318,-15.9065,112.0908,19.6526,74.4738,71.4574,-0.0917,0.0206
1779988772640,2,11.0000004b,Drive,Delivery,pitch.1,438761,0.0228,-0.241,1.8173,0.7985,-2.81,-2.3806,0.0,0.0
1779988772640,2,12.00000015,Lower Delivery,Delivery,pitch.1,438490,19.9297,-7.3691,54.8484,-108.9152,46.6925,43.9013,-0.1133,-0.2644
1779988772640,2,12.00000018,Upper Delivery,Delivery,pitch.1,439346,-14.2049,-8.2384,55.4999,127.9546,30.1677,41.4049,-0.0724,0.3069
1779988772640,2,12.00000018,Upper Delivery,Delivery,pitch.1,439347,-14.1704,-8.2521,55.4468,127.8008,30.0561,41.3968,-0.0722,0.3068
1779988772640,2,Pitching Mound.Delivery,,Delivery,pitch.1,438187,5.7495,-15.6054,110.3522,18.6923,76.864,73.7704,-0.0927,0.0208
1779988772640,2,Pitching Mound.Delivery,,Delivery,pitch.1,438188,5.7593,-15.6212,110.2953,18.6821,76.7486,73.7042,-0.0926,0.021
1779988772640,2,Pitching Mound.Drive,,Delivery,pitch.1,438761,0.0228,-0.241,1.8173,0.7985,-2.81,-2.3806,0.0,0.0
1779988772640,2,Pitching Mound.Parent,,Delivery,pitch.1,437807,5.7946,-15.879,112.1267,19.4955,73.974,71.3856,-0.0913,0.0205
1779988772640,2,Pitching Mound.Parent,,Delivery,pitch.1,437808,5.7821,-15.8622,112.1126,19.4806,73.9386,71.3236,-0.0911,0.0206
1779988772641,2,11.0000004b,Drive,Delivery,pitch.1,438762,0.0256,-0.2349,1.8398,0.7963,-2.7942,-2.3795,0.0,0.0
1779988772641,2,12.00000015,Lower Delivery,Delivery,pitch.1,438491,19.9548,-7.3791,54.8417,-108.8746,46.6713,43.8739,-0.1133,-0.2643
1779988772641,2,Pitching Mound.Drive,,Delivery,pitch.1,438762,0.0256,-0.2349,1.8398,0.7963,-2.7942,-2.3795,0.0,0.0
1779988772642,2,11.0000004b,Drive,Delivery,pitch.1,438763,0.0315,-0.2378,1.8402,0.7969,-2.8371,-2.3692,0.0,0.0
1779988772642,2,12.00000015,Lower Delivery,Delivery,pitch.1,438492,19.8864,-7.3985,54.9767,-109.1801,46.5588,43.796,-0.1127,-0.2644
1779988772642,2,12.00000018,Upper Delivery,Delivery,pitch.1,439349,-14.1333,-8.2464,55.2514,127.6741,29.8292,41.3878,-0.0719,0.3076
1779988772642,2,12.00000018,Upper Delivery,Delivery,pitch.1,439348,-14.1663,-8.2353,55.3268,127.847,29.936,41.3854,-0.072,0.3076
1779988772642,2,Pitching Mound.Delivery,,Delivery,pitch.1,438189,5.7884,-15.6144,110.1685,18.8075,76.6073,73.6581,-0.0926,0.0214
1779988772642,2,Pitching Mound.Delivery,,Delivery,pitch.1,438190,5.7532,-15.6449,110.228,18.4006,76.388,73.6171,-0.0923,0.0215
1779988772642,2,Pitching Mound.Drive,,Delivery,pitch.1,438763,0.0315,-0.2378,1.8402,0.7969,-2.8371,-2.3692,0.0,0.0
1779988772642,2,Pitching Mound.Parent,,Delivery,pitch.1,437809,5.814,-15.8493,112.0083,19.6038,73.8132,71.2786,-0.0911,0.0211
1779988772642,2,Pitching Mound.Parent,,Delivery,pitch.1,437810,5.7847,-15.8828,112.0682,19.1975,73.5509,71.2479,-0.0907,0.0211
1779988772643,2,11.0000004b,Drive,Delivery,pitch.1,438764,0.028,-0.2522,1.7219,0.7856,-2.7923,-2.3455,0.0,0.0
1779988772643,2,12.00000015,Lower Delivery,Delivery,pitch.1,438493,19.8665,-7.4176,55.1127,-109.5971,46.5904,43.8067,-0.1125,-0.2647
1779988772643,2,12.00000018,Upper Delivery,Delivery,pitch.1,439350,-14.1326,-8.2597,55.2611,127.7219,29.893,41.393,-0.072,0.3077
1779988772643,2,Pitching Mound.Delivery,,Delivery,pitch.1,438191,5.7339,-15.6773,110.3738,18.0744,76.4834,73.6399,-0.0923,0.0214
1779988772643,2,Pitching Mound.Drive,,Delivery,pitch.1,438764,0.028,-0.2522,1.7219,0.7856,-2.7923,-2.3455,0.0,0.0
1779988772643,2,Pitching Mound.Parent,,Delivery,pitch.1,437811,5.7619,-15.9296,112.0957,18.86,73.6911,71.2944,-0.0908,0.0211
1779988772644,2,11.0000004b,Drive,Delivery,pitch.1,438765,0.0177,-0.2505,1.7755,0.7864,-2.7552,-2.3604,0.0,0.0
1779988772644,2,12.00000015,Lower Delivery,Delivery,pitch.1,438494,19.8167,-7.4246,55.1799,-109.7651,46.5631,43.7791,-0.1123,-0.2648
1779988772644,2,12.00000018,Upper Delivery,Delivery,pitch.1,439351,-14.0923,-8.2644,55.3386,127.9995,30.0588,41.4343,-0.0723,0.3079
1779988772644,2,Pitching Mound.Delivery,,Delivery,pitch.1,438192,5.7244,-15.689,110.5185,18.1804,76.6218,73.6844,-0.0923,0.0215
1779988772644,2,Pitching Mound.Drive,,Delivery,pitch.1,438765,0.0177,-0.2505,1.7755,0.7864,-2.7552,-2.3604,0.0,0.0
1779988772644,2,Pitching Mound.Parent,,Delivery,pitch.1,437812,5.742,-15.9395,112.294,18.9669,73.8667,71.324,-0.0908,0.0211
1779988772645,2,11.0000004b,Drive,Delivery,pitch.1,438766,0.0293,-0.2652,1.8389,0.8033,-2.7645,-2.3691,0.0,0.0
1779988772645,2,12.00000015,Lower Delivery,Delivery,pitch.1,438495,19.8077,-7.4264,55.2312,-110.001,46.6885,43.7897,-0.1125,-0.2651
1779988772645,2,12.00000018,Upper Delivery,Delivery,pitch.1,439352,-14.0792,-8.2953,55.2103,127.8062,30.2322,41.4431,-0.0729,0.3082
1779988772645,2,Pitching Mound.Delivery,,Delivery,pitch.1,438193,5.7285,-15.7217,110.4415,17.8123,76.9208,73.7113,-0.0927,0.0215
1779988772645,2,Pitching Mound.Drive,,Delivery,pitch.1,438766,0.0293,-0.2652,1.8389,0.8033,-2.7645,-2.3691,0.0,0.0
1779988772645,2,Pitching Mound.Parent,,Delivery,pitch.1,437813,5.7579,-15.9869,112.2804,18.6156,74.1563,71.3422,-0.0912,0.0212
1779988772646,2,11.0000004b,Drive,Delivery,pitch.1,438767,0.0239,-0.2374,1.852,0.8019,-2.5752,-2.3749,0.0,0.0
1779988772646,2,12.00000015,Lower Delivery,Delivery,pitch.1,438496,19.8161,-7.469,55.2527,-110.0153,46.7,43.7121,-0.1125,-0.2651
1779988772646,2,12.00000018,Upper Delivery,Delivery,pitch.1,439353,-14.0682,-8.3119,55.093,127.8636,30.075,41.474,-0.0727,0.309
1779988772646,2,Pitching Mound.Delivery,,Delivery,pitch.1,438194,5.7479,-15.7809,110.3458,17.9026,76.775,73.6654,-0.0926,0.022
1779988772646,2,Pitching Mound.Drive,,Delivery,pitch.1,438767,0.0239,-0.2374,1.852,0.8019,-2.5752,-2.3749,0.0,0.0
1779988772646,2,Pitching Mound.Parent,,Delivery,pitch.1,437814,5.7718,-16.0183,112.1978,18.7045,74.1998,71.2905,-0.0911,0.0217
1779988772647,2,11.0000004b,Drive,Delivery,pitch.1,438768,0.0169,-0.2214,1.8272,0.7806,-2.649,-2.3852,0.0,0.0
1779988772647,2,12.00000015,Lower Delivery,Delivery,pitch.1,438497,19.8069,-7.4649,55.2865,-110.2291,46.7734,43.6626,-0.1126,-0.2654
1779988772647,2,12.00000018,Upper Delivery,Delivery,pitch.1,439354,-14.0578,-8.333,55.149,127.9542,30.1833,41.4989,-0.0729,0.3089
1779988772647,2,Pitching Mound.Delivery,,Delivery,pitch.1,438195,5.749,-15.7979,110.4355,17.7718,76.9566,73.6475,-0.0928,0.0218
1779988772647,2,Pitching Mound.Drive,,Delivery,pitch.1,438768,0.0169,-0.2214,1.8272,0.7806,-2.649,-2.3852,0.0,0.0
1779988772647,2,Pitching Mound.Parent,,Delivery,pitch.1,437815,5.7659,-16.0193,112.2627,18.5524,74.3076,71.2623,-0.0913,0.0214
1779988772648,2,11.0000004b,Drive,Delivery,pitch.1,438769,0.026,-0.2214,1.8904,0.8045,-2.6904,-2.3704,0.0,0.0
1779988772648,2,12.00000015,Lower Delivery,Delivery,pitch.1,438498,19.78,-7.4821,55.3851,-110.308,46.725,43.6473,-0.1123,-0.2651
1779988772648,2,12.00000018,Upper Delivery,Delivery,pitch.1,439355,-14.055,-8.3359,55.1063,128.154,30.3105,41.5412,-0.0732,0.3096
1779988772648,2,Pitching Mound.Delivery,,Delivery,pitch.1,438196,5.725,-15.818,110.4914,17.9408,77.0355,73.6846,-0.0928,0.0224
1779988772648,2,Pitching Mound.Drive,,Delivery,pitch.1,438769,0.026,-0.2214,1.8904,0.8045,-2.6904,-2.3704,0.0,0.0
1779988772648,2,Pitching Mound.Parent,,Delivery,pitch.1,437816,5.751,-16.0394,112.3818,18.7452,74.3451,71.3142,-0.0913,0.022
1779988772649,2,11.0000004b,Drive,Delivery,pitch.1,438770,0.0256,-0.1963,1.813,0.7807,-2.6557,-2.3497,0.0,0.0
1779988772649,2,12.00000015,Lower Delivery,Delivery,pitch.1,438499,19.7356,-7.4716,55.3221,-110.2554,46.6647,43.6172,-0.1123,-0.2653
1779988772649,2,12.00000018,Upper Delivery,Delivery,pitch.1,439356,-14.0245,-8.3283,55.0352,128.0905,30.3476,41.5286,-0.0734,0.3098
1779988772649,2,Pitching Mound.Delivery,,Delivery,pitch.1,438197,5.7111,-15.7999,110.3572,17.9326,77.0123,73.6674,-0.0929,0.0224
1779988772649,2,Pitching Mound.Drive,,Delivery,pitch.1,438770,0.0256,-0.1963,1.813,0.7807,-2.6557,-2.3497,0.0,0.0
1779988772649,2,Pitching Mound.Parent,,Delivery,pitch.1,437817,5.7367,-15.9962,112.1703,18.7133,74.3566,71.3176,-0.0914,0.022
1779988772650,2,11.0000004b,Drive,Delivery,pitch.1,438771,0.0275,-0.1669,1.7892,0.7838,-2.5382,-2.3416,0.0,0.0
1779988772650,2,12.00000015,Lower Delivery,Delivery,pitch.1,438500,19.8028,-7.5002,55.3256,-110.0499,46.6758,43.5149,-0.1123,-0.2648
1779988772650,2,12.00000018,Upper Delivery,Delivery,pitch.1,439357,-14.0281,-8.331,54.9681,127.8769,30.1657,41.5167,-0.0731,0.3097
1779988772650,2,Pitching Mound.Delivery,,Delivery,pitch.1,438198,5.7746,-15.8313,110.2936,17.9485,76.8415,73.5292,-0.0927,0.0226
1779988772650,2,Pitching Mound.Drive,,Delivery,pitch.1,438771,0.0275,-0.1669,1.7892,0.7838,-2.5382,-2.3416,0.0,0.0
1779988772650,2,Pitching Mound.Parent,,Delivery,pitch.1,437818,5.8021,-15.9982,112.0828,18.7324,74.3033,71.1876,-0.0913,0.0223
1779988772651,2,11.0000004b,Drive,Delivery,pitch.1,438772,0.0396,-0.2025,1.7666,0.7861,-2.5855,-2.3581,0.0,0.0
1779988772651,2,12.00000015,Lower Delivery,Delivery,pitch.1,438501,19.7757,-7.502,55.3126,-109.9789,46.5228,43.4596,-0.112,-0.2647
1779988772651,2,12.00000018,Upper Delivery,Delivery,pitch.1,439358,-14.0378,-8.3288,54.89,127.6751,30.1107,41.5569,-0.073,0.3097
1779988772651,2,Pitching Mound.Delivery,,Delivery,pitch.1,438199,5.7379,-15.8308,110.2026,17.8399,76.6336,73.5199,-0.0926,0.0227
1779988772651,2,Pitching Mound.Drive,,Delivery,pitch.1,438772,0.0396,-0.2025,1.7666,0.7861,-2.5855,-2.3581,0.0,0.0
1779988772651,2,Pitching Mound.Parent,,Delivery,pitch.1,437819,5.7775,-16.0334,111.9692,18.626,74.0481,71.1618,-0.0911,0.0223
1779988772652,2,11.0000004b,Drive,Delivery,pitch.1,438773,0.0302,-0.1937,1.7927,0.7579,-2.6511,-2.3983,0.0,0.0
1779988772652,2,12.00000015,Lower Delivery,Delivery,pitch.1,438502,19.7466,-7.504,55.1691,-109.5749,46.537,43.4176,-0.1123,-0.2644
1779988772652,2,12.00000018,Upper Delivery,Delivery,pitch.1,439359,-14.0354,-8.3579,54.707,127.6098,30.1538,41.5955,-0.0734,0.3105
1779988772652,2,Pitching Mound.Delivery,,Delivery,pitch.1,438200,5.7112,-15.8619,109.8762,18.192,76.6908,73.5272,-0.0929,0.0233
1779988772652,2,Pitching Mound.Drive,,Delivery,pitch.1,438773,0.0302,-0.1937,1.7927,0.7579,-2.6511,-2.3983,0.0,0.0
1779988772652,2,Pitching Mound.Parent,,Delivery,pitch.1,437820,5.7414,-16.0556,111.6689,18.9499,74.0397,71.1289,-0.0914,0.0229
1779988772653,2,11.0000004b,Drive,Delivery,pitch.1,438774,0.0444,-0.2098,1.8015,0.7772,-2.643,-2.4082,0.0,0.0
1779988772653,2,12.00000015,Lower Delivery,Delivery,pitch.1,438503,19.7193,-7.509,55.1908,-109.3943,46.4821,43.4052,-0.1121,-0.2639
1779988772653,2,12.00000018,Upper Delivery,Delivery,pitch.1,439360,-14.0214,-8.3521,54.6119,127.5745,30.0075,41.614,-0.0731,0.311
1779988772653,2,Pitching Mound.Delivery,,Delivery,pitch.1,438201,5.6979,-15.8611,109.8028,18.377,76.4896,73.5473,-0.0927,0.0238
1779988772653,2,Pitching Mound.Drive,,Delivery,pitch.1,438774,0.0444,-0.2098,1.8015,0.7772,-2.643,-2.4082,0.0,0.0
1779988772653,2,Pitching Mound.Parent,,Delivery,pitch.1,437821,5.7423,-16.0709,111.6043,19.1542,73.8466,71.1391,-0.0912,0.0234
1779988772654,2,11.0000004b,Drive,Delivery,pitch.1,438775,0.0438,-0.2166,1.8694,0.8124,-2.6674,-2.4045,0.0,0.0
1779988772654,2,12.00000015,Lower Delivery,Delivery,pitch.1,438504,19.7574,-7.5152,55.1068,-108.8061,46.3639,43.3096,-0.112,-0.2629
1779988772654,2,12.00000018,Upper Delivery,Delivery,pitch.1,439361,-14.0188,-8.3879,54.5028,127.408,30.0203,41.618,-0.0733,0.3112
1779988772654,2,Pitching Mound.Delivery,,Delivery,pitch.1,438202,5.7386,-15.9031,109.6097,18.8072,76.3842,73.4437,-0.0928,0.0245
1779988772654,2,Pitching Mound.Drive,,Delivery,pitch.1,438775,0.0438,-0.2166,1.8694,0.8124,-2.6674,-2.4045,0.0,0.0
1779988772654,2,Pitching Mound.Parent,,Delivery,pitch.1,437822,5.7824,-16.1197,111.4791,19.6196,73.7168,71.0392,-0.0912,0.0241
1779988772655,2,11.0000004b,Drive,Delivery,pitch.1,438776,0.0336,-0.2083,1.863,0.8079,-2.7323,-2.3638,0.0,0.0
1779988772655,2,12.00000015,Lower Delivery,Delivery,pitch.1,438505,19.6576,-7.5341,55.1625,-109.078,46.4494,43.2337,-0.1121,-0.2632
1779988772655,2,12.00000018,Upper Delivery,Delivery,pitch.1,439362,-14.0142,-8.3633,54.3144,126.9523,29.5976,41.576,-0.0725,0.3112
1779988772655,2,Pitching Mound.Delivery,,Delivery,pitch.1,438203,5.6433,-15.8974,109.4769,18.1627,76.047,73.3614,-0.0925,0.0244
1779988772655,2,Pitching Mound.Drive,,Delivery,pitch.1,438776,0.0336,-0.2083,1.863,0.8079,-2.7323,-2.3638,0.0,0.0
1779988772655,2,Pitching Mound.Parent,,Delivery,pitch.1,437823,5.677,-16.1057,111.3399,18.9706,73.3147,70.9976,-0.0909,0.024
1779988772656,2,11.0000004b,Drive,Delivery,pitch.1,438777,0.0201,-0.2016,1.8383,0.7939,-2.6873,-2.4088,0.0,0.0
1779988772656,2,12.00000015,Lower Delivery,Delivery,pitch.1,438506,19.6002,-7.5533,55.2949,-109.504,46.4667,43.2039,-0.1119,-0.2636
1779988772656,2,12.00000018,Upper Delivery,Delivery,pitch.1,439363,-14.0009,-8.3725,54.3139,126.7405,29.3691,41.5627,-0.072,0.3107
1779988772656,2,Pitching Mound.Delivery,,Delivery,pitch.1,438204,5.5993,-15.9259,109.6088,17.57,75.8358,73.3423,-0.0921,0.024
1779988772656,2,Pitching Mound.Drive,,Delivery,pitch.1,438777,0.0201,-0.2016,1.8383,0.7939,-2.6873,-2.4088,0.0,0.0
1779988772656,2,Pitching Mound.Parent,,Delivery,pitch.1,437824,5.6194,-16.1275,111.447,18.3639,73.1486,70.9334,-0.0906,0.0236
1779988772657,2,11.0000004b,Drive,Delivery,pitch.1,438778,0.0217,-0.1966,1.8253,0.7967,-2.66,-2.4131,0.0,0.0
1779988772657,2,12.00000015,Lower Delivery,Delivery,pitch.1,438507,19.5154,-7.5711,55.3006,-109.2576,46.3982,43.1945,-0.1117,-0.263
1779988772657,2,12.00000018,Upper Delivery,Delivery,pitch.1,439364,-13.9719,-8.3779,54.2534,126.3898,29.322,41.5288,-0.072,0.3101
1779988772657,2,Pitching Mound.Delivery,,Delivery,pitch.1,438205,5.5434,-15.9491,109.554,17.4883,75.7202,73.3376,-0.092,0.0241
1779988772657,2,Pitching Mound.Drive,,Delivery,pitch.1,438778,0.0217,-0.1966,1.8253,0.7967,-2.66,-2.4131,0.0,0.0
1779988772657,2,Pitching Mound.Parent,,Delivery,pitch.1,437825,5.5652,-16.1457,111.3793,18.285,73.0602,70.9245,-0.0905,0.0237
1779988772658,2,11.0000004b,Drive,Delivery,pitch.1,438779,0.0178,-0.1908,1.8452,0.8343,-2.4697,-2.3869,0.0,0.0
1779988772658,2,12.00000015,Lower Delivery,Delivery,pitch.1,438508,19.4184,-7.5824,55.4092,-109.9361,46.4898,43.1756,-0.1117,-0.2641
1779988772658,2,12.00000018,Upper Delivery,Delivery,pitch.1,439365,-13.978,-8.3929,54.1161,126.3123,29.1174,41.5297,-0.0716,0.3107
1779988772658,2,Pitching Mound.Delivery,,Delivery,pitch.1,438206,5.4404,-15.9753,109.5253,16.8159,75.6072,73.3506,-0.0919,0.0239
1779988772658,2,Pitching Mound.Drive,,Delivery,pitch.1,438779,0.0178,-0.1908,1.8452,0.8343,-2.4697,-2.3869,0.0,0.0
1779988772658,2,Pitching Mound.Parent,,Delivery,pitch.1,437826,5.4582,-16.1661,111.3705,17.6502,73.1375,70.9636,-0.0904,0.0235
1779988772659,2,11.0000004b,Drive,Delivery,pitch.1,438780,0.0176,-0.1964,1.7535,0.7979,-2.5279,-2.397,0.0,0.0
1779988772659,2,12.00000015,Lower Delivery,Delivery,pitch.1,438509,19.3557,-7.5825,55.3801,-109.7792,46.4192,43.1614,-0.1116,-0.2639
1779988772659,2,12.00000018,Upper Delivery,Delivery,pitch.1,439366,-13.9581,-8.3936,54.0787,126.2994,29.2119,41.5504,-0.0719,0.3109
1779988772659,2,Pitching Mound.Delivery,,Delivery,pitch.1,438207,5.3976,-15.9762,109.4587,16.9627,75.6311,73.3851,-0.092,0.0241
1779988772659,2,Pitching Mound.Drive,,Delivery,pitch.1,438780,0.0176,-0.1964,1.7535,0.7979,-2.5279,-2.397,0.0,0.0
1779988772659,2,Pitching Mound.Parent,,Delivery,pitch.1,437827,5.4152,-16.1725,111.2123,17.7606,73.1032,70.9881,-0.0905,0.0238
1779988772660,2,11.0000004b,Drive,Delivery,pitch.1,438781,0.0015,-0.2128,1.9191,0.8161,-2.6142,-2.4105,0.0,0.0
1779988772660,2,12.00000015,Lower Delivery,Delivery,pitch.1,438510,19.3516,-7.5935,55.3781,-109.7587,46.4974,43.1591,-0.1118,-0.2639
1779988772660,2,12.00000018,Upper Delivery,Delivery,pitch.1,439367,-13.9278,-8.3857,53.85,125.6195,28.6694,41.4645,-0.0709,0.3106
1779988772660,2,Pitching Mound.Delivery,,Delivery,pitch.1,438208,5.4238,-15.9792,109.2281,16.3803,75.1668,73.3086,-0.0916,0.0241
1779988772660,2,Pitching Mound.Drive,,Delivery,pitch.1,438781,0.0015,-0.2128,1.9191,0.8161,-2.6142,-2.4105,0.0,0.0
1779988772660,2,Pitching Mound.Parent,,Delivery,pitch.1,437828,5.4253,-16.1919,111.1472,17.1964,72.5526,70.8981,-0.09,0.0237
1779988772661,2,11.0000004b,Drive,Delivery,pitch.1,438782,-0.0012,-0.1859,1.9256,0.7935,-2.642,-2.4298,0.0,0.0
1779988772661,2,12.00000015,Lower Delivery,Delivery,pitch.1,438511,19.3159,-7.5743,55.3879,-109.6889,46.3157,43.1892,-0.1113,-0.2636
1779988772661,2,12.00000018,Upper Delivery,Delivery,pitch.1,439368,-13.9035,-8.4084,53.7588,125.5887,28.8084,41.4577,-0.0713,0.311
1779988772661,2,Pitching Mound.Delivery,,Delivery,pitch.1,438209,5.4124,-15.9827,109.1467,16.4537,75.1241,73.3524,-0.0916,0.0245
1779988772661,2,Pitching Mound.Drive,,Delivery,pitch.1,438782,-0.0012,-0.1859,1.9256,0.7935,-2.642,-2.4298,0.0,0.0
1779988772661,2,Pitching Mound.Parent,,Delivery,pitch.1,437829,5.4112,-16.1686,111.0723,17.2472,72.4821,70.9225,-0.09,0.024
1779988772662,2,11.0000004b,Drive,Delivery,pitch.1,438783,-0.0005,-0.1832,1.9373,0.7903,-2.7157,-2.425,0.0,0.0
1779988772662,2,12.00000015,Lower Delivery,Delivery,pitch.1,438512,19.3109,-7.5774,55.3793,-109.8613,46.5387,43.2437,-0.1119,-0.2641
1779988772662,2,12.00000018,Upper Delivery,Delivery,pitch.1,439369,-13.8796,-8.4185,53.7295,124.9886,28.6902,41.3335,-0.0711,0.3097
1779988772662,2,Pitching Mound.Delivery,,Delivery,pitch.1,438210,5.4314,-15.9959,109.1088,15.6882,75.2289,73.2924,-0.0918,0.0236
1779988772662,2,Pitching Mound.Drive,,Delivery,pitch.1,438783,-0.0005,-0.1832,1.9373,0.7903,-2.7157,-2.425,0.0,0.0
1779988772662,2,Pitching Mound.Parent,,Delivery,pitch.1,437830,5.4309,-16.1791,111.0461,16.4785,72.5132,70.8674,-0.0902,0.0232
1779988772663,2,11.0000004b,Drive,Delivery,pitch.1,438784,0.0013,-0.1742,1.8459,0.804,-2.5964,-2.3883,0.0,0.0
1779988772663,2,12.00000018,Upper Delivery,Delivery,pitch.1,439370,-13.8598,-8.4221,53.722,124.8097,28.5036,41.2872,-0.0706,0.3093
1779988772663,2,Pitching Mound.Drive,,Delivery,pitch.1,438784,0.0013,-0.1742,1.8459,0.804,-2.5964,-2.3883,0.0,0.0
1779988772664,2,11.0000004b,Drive,Delivery,pitch.1,438785,-0.0083,-0.1701,1.8378,0.7829,-2.6118,-2.3797,0.0,0.0
1779988772664,2,12.00000015,Lower Delivery,Delivery,pitch.1,438513,19.3309,-7.6012,55.4205,-110.0059,46.8722,43.2126,-0.1126,-0.2642
1779988772664,2,12.00000018,Upper Delivery,Delivery,pitch.1,439371,-13.8298,-8.4271,53.6924,124.9979,28.7281,41.2267,-0.0712,0.3099
1779988772664,2,Pitching Mound.Delivery,,Delivery,pitch.1,438211,5.4712,-16.0233,109.1425,15.3813,75.3758,73.2149,-0.0919,0.0233
1779988772664,2,Pitching Mound.Drive,,Delivery,pitch.1,438785,-0.0083,-0.1701,1.8378,0.7829,-2.6118,-2.3797,0.0,0.0
1779988772664,2,Pitching Mound.Parent,,Delivery,pitch.1,437831,5.4629,-16.1934,110.9803,16.1642,72.764,70.8352,-0.0904,0.023
1779988772665,2,11.0000004b,Drive,Delivery,pitch.1,438786,-0.0091,-0.1748,1.8004,0.778,-2.6778,-2.3901,0.0,0.0
1779988772665,2,12.00000015,Lower Delivery,Delivery,pitch.1,438514,19.2835,-7.6033,55.518,-110.1468,46.8426,43.2074,-0.1123,-0.2641
1779988772665,2,12.00000018,Upper Delivery,Delivery,pitch.1,439372,-13.8186,-8.4319,53.5003,124.8402,28.708,41.1312,-0.0714,0.3106
1779988772665,2,Pitching Mound.Delivery,,Delivery,pitch.1,438212,5.4537,-16.0304,109.2104,15.4718,75.5707,73.1755,-0.0921,0.0238
1779988772665,2,Pitching Mound.Drive,,Delivery,pitch.1,438786,-0.0091,-0.1748,1.8004,0.778,-2.6778,-2.3901,0.0,0.0
1779988772665,2,Pitching Mound.Parent,,Delivery,pitch.1,437832,5.4446,-16.2052,111.0108,16.2497,72.8929,70.7854,-0.0906,0.0234
1779988772666,2,11.0000004b,Drive,Delivery,pitch.1,438787,-0.0093,-0.1772,1.7165,0.7745,-2.6199,-2.3997,0.0,0.0
1779988772666,2,12.00000015,Lower Delivery,Delivery,pitch.1,438515,19.2808,-7.6267,55.5497,-110.1876,46.9479,43.2305,-0.1125,-0.2641
1779988772666,2,12.00000018,Upper Delivery,Delivery,pitch.1,439373,-13.7802,-8.4304,53.4,124.7152,28.741,41.1172,-0.0717,0.3109
1779988772666,2,Pitching Mound.Delivery,,Delivery,pitch.1,438213,5.4622,-16.0587,109.05,15.3494,75.656,73.1079,-0.0924,0.0243
1779988772666,2,Pitching Mound.Drive,,Delivery,pitch.1,438787,-0.0093,-0.1772,1.7165,0.7745,-2.6199,-2.3997,0.0,0.0
1779988772666,2,Pitching Mound.Parent,,Delivery,pitch.1,437833,5.4529,-16.2359,110.7665,16.1238,73.0361,70.7082,-0.0909,0.0239
1779988772667,2,11.0000004b,Drive,Delivery,pitch.1,438788,-0.011,-0.1798,1.7477,0.7542,-2.5469,-2.3743,0.0,0.0
1779988772667,2,11.0000004b,Drive,Delivery,pitch.1,438789,-0.0086,-0.1936,1.7451,0.7739,-2.6158,-2.3882,0.0,0.0
1779988772667,2,12.00000015,Lower Delivery,Delivery,pitch.1,438516,19.2826,-7.6239,55.5569,-110.2077,47.1605,43.2552,-0.113,-0.2641
1779988772667,2,12.00000018,Upper Delivery,Delivery,pitch.1,439374,-13.7521,-8.4106,53.342,124.5775,28.6879,41.0754,-0.0716,0.3109
1779988772667,2,Pitching Mound.Delivery,,Delivery,pitch.1,438214,5.5025,-16.0543,108.9569,15.2408,75.9015,73.131,-0.0927,0.0245
1779988772667,2,Pitching Mound.Drive,,Delivery,pitch.1,438788,-0.011,-0.1798,1.7477,0.7542,-2.5469,-2.3743,0.0,0.0
1779988772667,2,Pitching Mound.Drive,,Delivery,pitch.1,438789,-0.0086,-0.1936,1.7451,0.7739,-2.6158,-2.3882,0.0,0.0
1779988772667,2,Pitching Mound.Parent,,Delivery,pitch.1,437834,5.4914,-16.2341,110.7046,15.995,73.3546,70.7567,-0.0913,0.0241
1779988772668,2,12.00000015,Lower Delivery,Delivery,pitch.1,438517,19.3627,-7.6376,55.5455,-109.7404,47.0984,43.2415,-0.1129,-0.263
1779988772668,2,12.00000018,Upper Delivery,Delivery,pitch.1,439375,-13.7286,-8.4016,53.3299,124.5458,28.7528,40.995,-0.0718,0.3109
1779988772668,2,Pitching Mound.Delivery,,Delivery,pitch.1,438215,5.6107,-16.0482,108.8875,15.5862,75.7863,73.0579,-0.0927,0.025
1779988772668,2,Pitching Mound.Parent,,Delivery,pitch.1,437835,5.6021,-16.2418,110.6326,16.3601,73.1705,70.6697,-0.0912,0.0246
1779988772669,2,11.0000004b,Drive,Delivery,pitch.1,438790,-0.007,-0.1951,1.7233,0.7603,-2.6517,-2.3931,0.0,0.0
1779988772669,2,11.0000004b,Drive,Delivery,pitch.1,438791,0.0066,-0.1968,1.6984,0.7547,-2.6131,-2.3939,0.0,0.0
1779988772669,2,12.00000015,Lower Delivery,Delivery,pitch.1,438518,19.393,-7.6386,55.7257,-110.2471,47.2274,43.2375,-0.1128,-0.2634
1779988772669,2,12.00000018,Upper Delivery,Delivery,pitch.1,439376,-13.6651,-8.3826,53.1247,124.2771,28.6666,40.9213,-0.0718,0.3114
1779988772669,2,Pitching Mound.Delivery,,Delivery,pitch.1,438216,5.6644,-16.0402,109.0556,15.1133,75.9802,72.9711,-0.0928,0.0249
1779988772669,2,Pitching Mound.Drive,,Delivery,pitch.1,438790,-0.007,-0.1951,1.7233,0.7603,-2.6517,-2.3931,0.0,0.0
1779988772669,2,Pitching Mound.Drive,,Delivery,pitch.1,438791,0.0066,-0.1968,1.6984,0.7547,-2.6131,-2.3939,0.0,0.0
1779988772669,2,Pitching Mound.Parent,,Delivery,pitch.1,437836,5.6574,-16.2353,110.7789,15.8736,73.3285,70.578,-0.0913,0.0245
1779988772670,2,11.0000004b,Drive,Delivery,pitch.1,438792,0.0097,-0.1781,1.6994,0.7649,-2.3272,-2.3405,0.0,0.0
1779988772670,2,12.00000015,Lower Delivery,Delivery,pitch.1,438519,19.4261,-7.6243,55.7914,-110.1961,47.2884,43.2298,-0.1128,-0.2629
1779988772670,2,12.00000018,Upper Delivery,Delivery,pitch.1,439377,-13.6242,-8.3735,53.0071,123.845,28.4865,40.862,-0.0715,0.311
1779988772670,2,Pitching Mound.Delivery,,Delivery,pitch.1,438217,5.7611,-16.0069,108.9161,14.9876,75.955,72.9001,-0.0928,0.0255
1779988772670,2,Pitching Mound.Drive,,Delivery,pitch.1,438792,0.0097,-0.1781,1.6994,0.7649,-2.3272,-2.3405,0.0,0.0
1779988772670,2,Pitching Mound.Parent,,Delivery,pitch.1,437837,5.7677,-16.2038,110.6145,15.7423,73.3418,70.5063,-0.0914,0.0251
1779988772671,2,11.0000004b,Drive,Delivery,pitch.1,438793,0.0187,-0.1684,1.6891,0.7773,-2.2022,-2.3467,0.0,0.0
1779988772671,2,12.00000015,Lower Delivery,Delivery,pitch.1,438520,19.4672,-7.6501,55.9544,-110.5817,47.5294,43.3013,-0.1131,-0.2631
1779988772671,2,12.00000015,Lower Delivery,Delivery,pitch.1,438521,19.5022,-7.6596,56.0392,-110.404,47.4713,43.3059,-0.1128,-0.2623
1779988772671,2,12.00000018,Upper Delivery,Delivery,pitch.1,439378,-13.6084,-8.3693,52.8732,123.7498,28.4585,40.8181,-0.0717,0.3116
1779988772671,2,Pitching Mound.Delivery,,Delivery,pitch.1,438218,5.843,-16.0236,108.9615,14.2654,76.0158,72.9122,-0.0929,0.0254
1779988772671,2,Pitching Mound.Delivery,,Delivery,pitch.1,438219,5.8938,-16.0289,108.9124,14.4222,75.9298,72.8663,-0.0928,0.0262
1779988772671,2,Pitching Mound.Drive,,Delivery,pitch.1,438793,0.0187,-0.1684,1.6891,0.7773,-2.2022,-2.3467,0.0,0.0
1779988772671,2,Pitching Mound.Parent,,Delivery,pitch.1,437838,5.8527,-16.2017,110.6609,15.0303,73.6886,70.5717,-0.0914,0.025
1779988772671,2,Pitching Mound.Parent,,Delivery,pitch.1,437839,5.9125,-16.1973,110.6015,15.1996,73.7276,70.5197,-0.0914,0.0258
1779988772672,2,11.0000004b,Drive,Delivery,pitch.1,438794,0.0281,-0.1737,1.6649,0.7902,-2.3622,-2.347,0.0,0.0
1779988772672,2,12.00000015,Lower Delivery,Delivery,pitch.1,438522,19.5401,-7.659,56.2369,-110.9671,47.6543,43.3213,-0.1128,-0.2627
1779988772672,2,12.00000018,Upper Delivery,Delivery,pitch.1,439379,-13.5786,-8.347,52.7829,123.3923,28.3771,40.7613,-0.0716,0.3112
1779988772672,2,Pitching Mound.Delivery,,Delivery,pitch.1,438220,5.9614,-16.006,109.0198,13.5996,76.0314,72.8222,-0.0928,0.0259
1779988772672,2,Pitching Mound.Drive,,Delivery,pitch.1,438794,0.0281,-0.1737,1.6649,0.7902,-2.3622,-2.347,0.0,0.0
1779988772672,2,Pitching Mound.Parent,,Delivery,pitch.1,437840,5.9896,-16.1797,110.6846,14.3898,73.6693,70.4752,-0.0914,0.0256
1779988772673,2,11.0000004b,Drive,Delivery,pitch.1,438795,0.0537,-0.1666,1.6528,0.8013,-2.2385,-2.3399,0.0,0.0
1779988772673,2,12.00000015,Lower Delivery,Delivery,pitch.1,438523,19.5581,-7.6574,56.3537,-111.4603,47.731,43.3964,-0.1128,-0.2633
1779988772673,2,12.00000018,Upper Delivery,Delivery,pitch.1,439380,-13.5531,-8.3416,52.7412,123.169,28.326,40.6961,-0.0715,0.3109
1779988772673,2,Pitching Mound.Delivery,,Delivery,pitch.1,438221,6.005,-15.999,109.0948,12.9369,76.057,72.8347,-0.0928,0.0255
1779988772673,2,Pitching Mound.Drive,,Delivery,pitch.1,438795,0.0537,-0.1666,1.6528,0.8013,-2.2385,-2.3399,0.0,0.0
1779988772673,2,Pitching Mound.Parent,,Delivery,pitch.1,437841,6.0588,-16.1656,110.7477,13.7383,73.8184,70.4948,-0.0914,0.0252
1779988772674,2,11.0000004b,Drive,Delivery,pitch.1,438796,0.057,-0.1665,1.7204,0.8067,-2.4138,-2.3518,0.0,0.0
1779988772674,2,12.00000018,Upper Delivery,Delivery,pitch.1,439381,-13.5338,-8.3408,52.4937,122.5093,27.9886,40.6062,-0.071,0.3107
1779988772674,2,Pitching Mound.Drive,,Delivery,pitch.1,438796,0.057,-0.1665,1.7204,0.8067,-2.4138,-2.3518,0.0,0.0
1779988772675,2,11.0000004b,Drive,Delivery,pitch.1,438797,0.0506,-0.1643,1.6695,0.7543,-2.361,-2.3256,0.0,0.0
1779988772675,2,12.00000015,Lower Delivery,Delivery,pitch.1,438524,19.677,-7.6557,56.2983,-111.242,47.8595,43.4674,-0.1132,-0.2631
1779988772675,2,12.00000015,Lower Delivery,Delivery,pitch.1,438525,19.7682,-7.6433,56.376,-111.6917,48.1952,43.4986,-0.1138,-0.2638
1779988772675,2,12.00000018,Upper Delivery,Delivery,pitch.1,439382,-13.5391,-8.3437,52.4387,122.2419,27.6616,40.5429,-0.0702,0.3103
1779988772675,2,Pitching Mound.Delivery,,Delivery,pitch.1,438222,6.1432,-15.9964,108.792,12.5609,75.8481,72.7819,-0.0928,0.0257
1779988772675,2,Pitching Mound.Delivery,,Delivery,pitch.1,438223,6.2291,-15.987,108.8147,11.8889,75.8567,72.717,-0.0928,0.0252
1779988772675,2,Pitching Mound.Drive,,Delivery,pitch.1,438797,0.0506,-0.1643,1.6695,0.7543,-2.361,-2.3256,0.0,0.0
1779988772675,2,Pitching Mound.Parent,,Delivery,pitch.1,437842,6.2002,-16.1629,110.5124,13.3676,73.4344,70.4301,-0.0914,0.0253
1779988772675,2,Pitching Mound.Parent,,Delivery,pitch.1,437843,6.2797,-16.1513,110.4843,12.6432,73.4957,70.3914,-0.0914,0.0248
1779988772676,2,11.0000004b,Drive,Delivery,pitch.1,438798,0.0476,-0.164,1.7072,0.7717,-2.3342,-2.3105,0.0,0.0
1779988772676,2,12.00000015,Lower Delivery,Delivery,pitch.1,438526,19.8408,-7.6309,56.4241,-111.6638,48.2253,43.526,-0.1138,-0.2635
1779988772676,2,Pitching Mound.Drive,,Delivery,pitch.1,438798,0.0476,-0.164,1.7072,0.7717,-2.3342,-2.3105,0.0,0.0
1779988772677,2,11.0000004b,Drive,Delivery,pitch.1,438799,0.0499,-0.1748,1.6881,0.7857,-2.4023,-2.3034,0.0,0.0
1779988772677,2,12.00000018,Upper Delivery,Delivery,pitch.1,439383,-13.4767,-8.3229,52.3969,121.772,27.5569,40.4933,-0.07,0.3094
1779988772677,2,Pitching Mound.Delivery,,Delivery,pitch.1,438224,6.3641,-15.9539,108.821,11.4775,75.7822,72.6914,-0.0927,0.0249
1779988772677,2,Pitching Mound.Drive,,Delivery,pitch.1,438799,0.0499,-0.1748,1.6881,0.7857,-2.4023,-2.3034,0.0,0.0
1779988772677,2,Pitching Mound.Parent,,Delivery,pitch.1,437844,6.4117,-16.1178,110.5283,12.2492,73.448,70.3809,-0.0913,0.0246
1779988772678,2,11.0000004b,Drive,Delivery,pitch.1,438800,0.0521,-0.1722,1.6516,0.7493,-2.3545,-2.2858,0.0,0.0
1779988772678,2,12.00000015,Lower Delivery,Delivery,pitch.1,438527,19.8773,-7.6282,56.619,-111.8361,48.3163,43.5534,-0.1136,-0.263
1779988772678,2,12.00000015,Lower Delivery,Delivery,pitch.1,438528,19.8703,-7.6205,56.7986,-112.1028,48.5272,43.6029,-0.1137,-0.2628
1779988772678,2,12.00000018,Upper Delivery,Delivery,pitch.1,439384,-13.4528,-8.3421,52.5683,122.2953,27.7037,40.4848,-0.0702,0.3097
1779988772678,2,Pitching Mound.Delivery,,Delivery,pitch.1,438225,6.4245,-15.9704,109.1873,11.8365,76.02,72.706,-0.0927,0.0254
1779988772678,2,Pitching Mound.Drive,,Delivery,pitch.1,438800,0.0521,-0.1722,1.6516,0.7493,-2.3545,-2.2858,0.0,0.0
1779988772678,2,Pitching Mound.Parent,,Delivery,pitch.1,437845,6.4744,-16.1452,110.8754,12.6222,73.6176,70.4025,-0.0913,0.025
1779988772679,2,11.0000004b,Drive,Delivery,pitch.1,438801,0.0592,-0.1914,1.6952,0.7325,-2.3834,-2.2981,0.0,0.0
1779988772679,2,12.00000015,Lower Delivery,Delivery,pitch.1,438529,19.9264,-7.6118,56.8641,-112.358,48.5626,43.6133,-0.1137,-0.263
1779988772679,2,12.00000018,Upper Delivery,Delivery,pitch.1,439385,-13.4326,-8.3564,52.5185,122.2271,27.7613,40.3857,-0.0704,0.3098
1779988772679,2,Pitching Mound.Delivery,,Delivery,pitch.1,438226,6.4378,-15.9769,109.3171,11.5796,76.2885,72.6657,-0.0929,0.0256
1779988772679,2,Pitching Mound.Drive,,Delivery,pitch.1,438801,0.0592,-0.1914,1.6952,0.7325,-2.3834,-2.2981,0.0,0.0
1779988772679,2,Pitching Mound.Parent,,Delivery,pitch.1,437846,6.4899,-16.1491,110.9686,12.3289,73.934,70.3799,-0.0915,0.0253
1779988772680,2,11.0000004b,Drive,Delivery,pitch.1,438802,0.0493,-0.1943,1.785,0.7268,-2.4358,-2.2823,0.0,0.0
1779988772680,2,12.00000015,Lower Delivery,Delivery,pitch.1,438530,19.8729,-7.6002,57.0369,-112.9481,48.8413,43.6702,-0.114,-0.2636
1779988772680,2,12.00000018,Upper Delivery,Delivery,pitch.1,439386,-13.4242,-8.3646,52.5178,122.0822,27.6795,40.3536,-0.0702,0.3095
1779988772680,2,Pitching Mound.Delivery,,Delivery,pitch.1,438227,6.5022,-15.9765,109.3819,11.2019,76.2421,72.6278,-0.0928,0.0253
1779988772680,2,Pitching Mound.Drive,,Delivery,pitch.1,438802,0.0493,-0.1943,1.785,0.7268,-2.4358,-2.2823,0.0,0.0
1779988772680,2,Pitching Mound.Parent,,Delivery,pitch.1,437847,6.5614,-16.1678,111.0771,11.9345,73.8588,70.3297,-0.0914,0.025
1779988772681,2,11.0000004b,Drive,Delivery,pitch.1,438803,0.0535,-0.2167,1.771,0.7318,-2.5168,-2.3216,0.0,0.0
1779988772681,2,12.00000015,Lower Delivery,Delivery,pitch.1,438531,19.914,-7.5947,57.0544,-112.6304,48.7555,43.6405,-0.1138,-0.2628
1779988772681,2,12.00000018,Upper Delivery,Delivery,pitch.1,439387,-13.3803,-8.3771,52.5602,121.8042,27.5342,40.2972,-0.0697,0.3085
1779988772681,2,Pitching Mound.Delivery,,Delivery,pitch.1,438228,6.5336,-15.9718,109.6146,10.7018,76.2897,72.6176,-0.0927,0.0251
1779988772681,2,Pitching Mound.Drive,,Delivery,pitch.1,438803,0.0535,-0.2167,1.771,0.7318,-2.5168,-2.3216,0.0,0.0
1779988772681,2,Pitching Mound.Parent,,Delivery,pitch.1,437848,6.583,-16.1662,111.3996,11.4286,73.8539,70.3354,-0.0912,0.0247
1779988772682,2,11.0000004b,Drive,Delivery,pitch.1,438804,0.0488,-0.2253,1.7785,0.7286,-2.5933,-2.3256,0.0,0.0
1779988772682,2,12.00000015,Lower Delivery,Delivery,pitch.1,438532,19.9181,-7.5932,57.2764,-113.2426,48.9737,43.6656,-0.1138,-0.2632
1779988772682,2,12.00000018,Upper Delivery,Delivery,pitch.1,439388,-13.3765,-8.4023,52.4923,121.857,27.5865,40.2419,-0.07,0.309
1779988772682,2,Pitching Mound.Delivery,,Delivery,pitch.1,438229,6.5416,-15.9955,109.7688,10.2409,76.5602,72.5873,-0.0929,0.0253
1779988772682,2,Pitching Mound.Drive,,Delivery,pitch.1,438804,0.0488,-0.2253,1.7785,0.7286,-2.5933,-2.3256,0.0,0.0
1779988772682,2,Pitching Mound.Parent,,Delivery,pitch.1,437849,6.5904,-16.2208,111.5473,10.9696,73.967,70.2617,-0.0914,0.0249
1779988772683,2,11.0000004b,Drive,Delivery,pitch.1,438805,0.0348,-0.2526,1.7575,0.725,-2.4307,-2.3092,0.0,0.0
1779988772683,2,12.00000015,Lower Delivery,Delivery,pitch.1,438533,19.9368,-7.5905,57.3257,-112.9215,48.9469,43.7052,-0.1137,-0.2622
1779988772683,2,12.00000018,Upper Delivery,Delivery,pitch.1,439389,-13.3321,-8.4168,52.5547,122.333,27.9097,40.2142,-0.0707,0.3099
1779988772683,2,Pitching Mound.Delivery,,Delivery,pitch.1,438230,6.6047,-16.0074,109.8805,11.0336,76.8567,72.6079,-0.0931,0.0262
1779988772683,2,Pitching Mound.Drive,,Delivery,pitch.1,438805,0.0348,-0.2526,1.7575,0.725,-2.4307,-2.3092,0.0,0.0
1779988772683,2,Pitching Mound.Parent,,Delivery,pitch.1,437850,6.6395,-16.26,111.6379,11.7587,74.426,70.2987,-0.0917,0.0258
1779988772684,2,11.0000004b,Drive,Delivery,pitch.1,438806,0.0427,-0.26,1.7718,0.7445,-2.5763,-2.3386,0.0,0.0
1779988772684,2,12.00000015,Lower Delivery,Delivery,pitch.1,438534,19.9323,-7.5925,57.428,-113.1418,49.0805,43.7081,-0.1138,-0.2623
1779988772684,2,12.00000018,Upper Delivery,Delivery,pitch.1,439390,-13.3153,-8.404,52.4949,122.0853,27.8837,40.169,-0.0707,0.3096
1779988772684,2,Pitching Mound.Delivery,,Delivery,pitch.1,438231,6.617,-15.9965,109.9229,10.6207,76.9642,72.5729,-0.0932,0.0261
1779988772684,2,Pitching Mound.Drive,,Delivery,pitch.1,438806,0.0427,-0.26,1.7718,0.7445,-2.5763,-2.3386,0.0,0.0
1779988772684,2,Pitching Mound.Parent,,Delivery,pitch.1,437851,6.6597,-16.2565,111.6946,11.3653,74.3879,70.2343,-0.0917,0.0257
1779988772685,2,11.0000004b,Drive,Delivery,pitch.1,438807,0.0346,-0.2686,1.767,0.7478,-2.4713,-2.3228,0.0,0.0
1779988772685,2,12.00000015,Lower Delivery,Delivery,pitch.1,438535,19.8581,-7.5693,57.5446,-113.1236,48.959,43.6938,-0.1133,-0.2617
1779988772685,2,12.00000018,Upper Delivery,Delivery,pitch.1,439391,-13.3132,-8.4282,52.4362,122.203,27.9554,40.1313,-0.071,0.3103
1779988772685,2,Pitching Mound.Delivery,,Delivery,pitch.1,438232,6.5449,-15.9974,109.9808,10.8162,76.9144,72.5468,-0.0931,0.0268
1779988772685,2,Pitching Mound.Drive,,Delivery,pitch.1,438807,0.0346,-0.2686,1.767,0.7478,-2.4713,-2.3228,0.0,0.0
1779988772685,2,Pitching Mound.Parent,,Delivery,pitch.1,437852,6.5796,-16.266,111.7478,11.564,74.4431,70.224,-0.0916,0.0264
1779988772686,2,11.0000004b,Drive,Delivery,pitch.1,438808,0.0474,-0.2595,1.7274,0.7412,-2.3882,-2.3527,0.0,0.0
1779988772686,2,12.00000015,Lower Delivery,Delivery,pitch.1,438536,19.8483,-7.5629,57.6103,-113.3128,49.0552,43.7361,-0.1134,-0.2618
1779988772686,2,12.00000018,Upper Delivery,Delivery,pitch.1,439392,-13.2862,-8.3951,52.3611,121.9085,28.0452,40.0487,-0.0713,0.31
1779988772686,2,Pitching Mound.Delivery,,Delivery,pitch.1,438233,6.5621,-15.958,109.9714,10.3804,77.1004,72.519,-0.0933,0.0266
1779988772686,2,Pitching Mound.Drive,,Delivery,pitch.1,438808,0.0474,-0.2595,1.7274,0.7412,-2.3882,-2.3527,0.0,0.0
1779988772686,2,Pitching Mound.Parent,,Delivery,pitch.1,437853,6.6095,-16.2176,111.6988,11.1217,74.7122,70.1663,-0.0919,0.0262
1779988772687,2,11.0000004b,Drive,Delivery,pitch.1,438809,0.0411,-0.2579,1.7627,0.7465,-2.2606,-2.3435,0.0,0.0
1779988772687,2,12.00000015,Lower Delivery,Delivery,pitch.1,438537,19.8779,-7.5548,57.6405,-113.1296,49.1013,43.7245,-0.1134,-0.2613
1779988772687,2,12.00000018,Upper Delivery,Delivery,pitch.1,439393,-13.2507,-8.4107,52.3398,121.8511,27.9967,40.0044,-0.0712,0.3099
1779988772687,2,Pitching Mound.Delivery,,Delivery,pitch.1,438234,6.6271,-15.9654,109.9802,10.5237,77.098,72.4651,-0.0933,0.0269
1779988772687,2,Pitching Mound.Drive,,Delivery,pitch.1,438809,0.0411,-0.2579,1.7627,0.7465,-2.2606,-2.3435,0.0,0.0
1779988772687,2,Pitching Mound.Parent,,Delivery,pitch.1,437854,6.6682,-16.2234,111.743,11.2702,74.8374,70.1217,-0.0919,0.0265
1779988772688,2,11.0000004b,Drive,Delivery,pitch.1,438810,0.056,-0.2558,1.7394,0.7387,-2.3413,-2.3533,0.0,0.0
1779988772688,2,12.00000015,Lower Delivery,Delivery,pitch.1,438538,19.8938,-7.5366,57.6918,-113.1622,49.2249,43.7182,-0.1136,-0.2611
1779988772688,2,12.00000018,Upper Delivery,Delivery,pitch.1,439394,-13.2423,-8.4141,52.1853,121.7354,27.9663,39.9664,-0.0713,0.3106
1779988772688,2,Pitching Mound.Delivery,,Delivery,pitch.1,438235,6.6515,-15.9506,109.8771,10.4455,77.1912,72.4183,-0.0935,0.0274
1779988772688,2,Pitching Mound.Drive,,Delivery,pitch.1,438810,0.056,-0.2558,1.7394,0.7387,-2.3413,-2.3533,0.0,0.0
1779988772688,2,Pitching Mound.Parent,,Delivery,pitch.1,437855,6.7075,-16.2065,111.6166,11.1841,74.8499,70.0649,-0.0921,0.027
1779988772689,2,11.0000004b,Drive,Delivery,pitch.1,438811,0.0689,-0.2613,1.7382,0.7437,-2.3215,-2.3728,0.0,0.0
1779988772689,2,12.00000015,Lower Delivery,Delivery,pitch.1,438539,19.9432,-7.5202,57.6096,-112.9067,49.3476,43.692,-0.114,-0.2609
1779988772689,2,12.00000018,Upper Delivery,Delivery,pitch.1,439395,-13.2213,-8.3918,52.0454,121.0744,27.8067,39.8807,-0.0711,0.3097
1779988772689,2,Pitching Mound.Delivery,,Delivery,pitch.1,438236,6.7219,-15.912,109.655,10.0596,77.1543,72.2967,-0.0937,0.0272
1779988772689,2,Pitching Mound.Drive,,Delivery,pitch.1,438811,0.0689,-0.2613,1.7382,0.7437,-2.3215,-2.3728,0.0,0.0
1779988772689,2,Pitching Mound.Parent,,Delivery,pitch.1,437856,6.7908,-16.1733,111.3933,10.8033,74.8328,69.9239,-0.0922,0.0267
1779988772690,2,11.0000004b,Drive,Delivery,pitch.1,438812,0.0666,-0.2727,1.7628,0.7237,-2.2776,-2.3416,0.0,0.0
1779988772690,2,12.00000015,Lower Delivery,Delivery,pitch.1,438540,19.9818,-7.5041,57.7607,-113.2955,49.647,43.7231,-0.1144,-0.2611
1779988772690,2,12.00000018,Upper Delivery,Delivery,pitch.1,439396,-13.1785,-8.4175,51.9751,121.0597,27.7567,39.8481,-0.0711,0.3101
1779988772690,2,Pitching Mound.Delivery,,Delivery,pitch.1,438237,6.8033,-15.9216,109.7358,9.7313,77.4038,72.2968,-0.0939,0.0273
1779988772690,2,Pitching Mound.Drive,,Delivery,pitch.1,438812,0.0666,-0.2727,1.7628,0.7237,-2.2776,-2.3416,0.0,0.0
1779988772690,2,Pitching Mound.Parent,,Delivery,pitch.1,437857,6.8699,-16.1943,111.4986,10.455,75.1262,69.9551,-0.0924,0.0269
1779988772691,2,11.0000004b,Drive,Delivery,pitch.1,438813,0.0701,-0.2513,1.7267,0.7693,-2.245,-2.332,0.0,0.0
1779988772691,2,12.00000015,Lower Delivery,Delivery,pitch.1,438541,20.03,-7.4855,57.7966,-113.1985,49.6747,43.7113,-0.1144,-0.2607
1779988772691,2,12.00000018,Upper Delivery,Delivery,pitch.1,439397,-13.1475,-8.4417,51.7452,120.7681,27.7666,39.7717,-0.0714,0.3107
1779988772691,2,Pitching Mound.Delivery,,Delivery,pitch.1,438238,6.8825,-15.9272,109.5418,9.6271,77.4413,72.2026,-0.0941,0.028
1779988772691,2,Pitching Mound.Drive,,Delivery,pitch.1,438813,0.0701,-0.2513,1.7267,0.7693,-2.245,-2.332,0.0,0.0
1779988772691,2,Pitching Mound.Parent,,Delivery,pitch.1,437858,6.9526,-16.1785,111.2685,10.3964,75.1962,69.8706,-0.0927,0.0275
1779988772692,2,11.0000004b,Drive,Delivery,pitch.1,438814,0.0524,-0.2249,1.7157,0.7138,-2.1923,-2.3232,0.0,0.0
1779988772692,2,12.00000015,Lower Delivery,Delivery,pitch.1,438542,20.0615,-7.443,57.8175,-113.2376,50.0615,43.6697,-0.1153,-0.2607
1779988772692,2,12.00000018,Upper Delivery,Delivery,pitch.1,439398,-13.1096,-8.4286,51.6604,120.6051,27.8847,39.6757,-0.0719,0.3108
1779988772692,2,Pitching Mound.Delivery,,Delivery,pitch.1,438239,6.9519,-15.8717,109.4779,9.4609,77.9461,72.0672,-0.0948,0.0281
1779988772692,2,Pitching Mound.Drive,,Delivery,pitch.1,438814,0.0524,-0.2249,1.7157,0.7138,-2.1923,-2.3232,0.0,0.0
1779988772692,2,Pitching Mound.Parent,,Delivery,pitch.1,437859,7.0043,-16.0966,111.1936,10.1747,75.7539,69.744,-0.0933,0.0276
1779988772693,2,11.0000004b,Drive,Delivery,pitch.1,438815,0.0391,-0.2217,1.778,0.7189,-2.1512,-2.3361,0.0,0.0
1779988772693,2,12.00000015,Lower Delivery,Delivery,pitch.1,438543,20.0987,-7.4018,57.8628,-113.349,50.0534,43.6786,-0.1152,-0.2608
1779988772693,2,12.00000018,Upper Delivery,Delivery,pitch.1,439399,-13.0262,-8.4046,51.3388,120.1019,27.799,39.6281,-0.0721,0.3114
1779988772693,2,Pitching Mound.Delivery,,Delivery,pitch.1,438240,7.0725,-15.8063,109.2015,8.9711,77.8524,72.0442,-0.0949,0.0285
1779988772693,2,Pitching Mound.Drive,,Delivery,pitch.1,438815,0.0391,-0.2217,1.778,0.7189,-2.1512,-2.3361,0.0,0.0
1779988772693,2,Pitching Mound.Parent,,Delivery,pitch.1,437860,7.1116,-16.028,110.9795,9.69,75.7012,69.7081,-0.0934,0.0281
1779988772694,2,11.0000004b,Drive,Delivery,pitch.1,438816,0.0365,-0.2004,1.7807,0.7619,-2.2271,-2.3498,0.0,0.0
1779988772694,2,12.00000015,Lower Delivery,Delivery,pitch.1,438544,20.1523,-7.3593,57.8815,-113.193,50.206,43.6496,-0.1155,-0.2603
1779988772694,2,12.00000018,Upper Delivery,Delivery,pitch.1,439400,-12.9604,-8.4246,51.2591,119.9346,27.777,39.5399,-0.0721,0.3115
1779988772694,2,Pitching Mound.Delivery,,Delivery,pitch.1,438241,7.1919,-15.7838,109.1406,8.9932,77.983,71.9312,-0.0951,0.0289
1779988772694,2,Pitching Mound.Drive,,Delivery,pitch.1,438816,0.0365,-0.2004,1.7807,0.7619,-2.2271,-2.3498,0.0,0.0
1779988772694,2,Pitching Mound.Parent,,Delivery,pitch.1,437861,7.2284,-15.9843,110.9213,9.7551,75.7559,69.5815,-0.0936,0.0284
1779988772695,2,11.0000004b,Drive,Delivery,pitch.1,438817,0.0297,-0.1937,1.7838,0.6952,-2.1842,-2.3223,0.0,0.0
1779988772695,2,12.00000015,Lower Delivery,Delivery,pitch.1,438545,20.1735,-7.3215,57.9599,-113.4198,50.3536,43.6013,-0.1157,-0.2605
1779988772695,2,12.00000018,Upper Delivery,Delivery,pitch.1,439401,-12.9271,-8.4089,51.0809,119.4856,27.6878,39.4524,-0.0722,0.3114
1779988772695,2,Pitching Mound.Delivery,,Delivery,pitch.1,438242,7.2464,-15.7304,109.0407,8.4047,78.0414,71.7995,-0.0953,0.0289
1779988772695,2,Pitching Mound.Drive,,Delivery,pitch.1,438817,0.0297,-0.1937,1.7838,0.6952,-2.1842,-2.3223,0.0,0.0
1779988772695,2,Pitching Mound.Parent,,Delivery,pitch.1,437862,7.2762,-15.9241,110.8246,9.0999,75.8572,69.4772,-0.0937,0.0284
1779988772696,2,11.0000004b,Drive,Delivery,pitch.1,438818,0.0159,-0.1887,1.8071,0.7125,-2.2243,-2.315,0.0,0.0
1779988772696,2,12.00000015,Lower Delivery,Delivery,pitch.1,438546,20.219,-7.2899,58.0931,-113.9223,50.5951,43.5929,-0.1159,-0.2611
1779988772696,2,12.00000018,Upper Delivery,Delivery,pitch.1,439402,-12.8791,-8.3929,50.834,118.8587,27.4591,39.3484,-0.0719,0.3113
1779988772696,2,Pitching Mound.Delivery,,Delivery,pitch.1,438243,7.3399,-15.6828,108.9271,7.4046,78.0542,71.688,-0.0954,0.0287
1779988772696,2,Pitching Mound.Drive,,Delivery,pitch.1,438818,0.0159,-0.1887,1.8071,0.7125,-2.2243,-2.315,0.0,0.0
1779988772696,2,Pitching Mound.Parent,,Delivery,pitch.1,437863,7.3558,-15.8715,110.7342,8.1171,75.8299,69.373,-0.0938,0.0282
1779988772697,2,11.0000004b,Drive,Delivery,pitch.1,438819,0.0155,-0.1914,1.8192,0.7106,-2.3731,-2.295,0.0,0.0
1779988772697,2,12.00000015,Lower Delivery,Delivery,pitch.1,438547,20.1964,-7.2484,58.1951,-113.9963,50.6341,43.6119,-0.1158,-0.2608
1779988772697,2,12.00000018,Upper Delivery,Delivery,pitch.1,439403,-12.8629,-8.373,50.6928,118.1724,27.2543,39.1721,-0.0716,0.3103
1779988772697,2,Pitching Mound.Delivery,,Delivery,pitch.1,438244,7.3335,-15.6214,108.8878,6.7269,77.8884,71.5439,-0.0952,0.0285
1779988772697,2,Pitching Mound.Drive,,Delivery,pitch.1,438819,0.0155,-0.1914,1.8192,0.7106,-2.3731,-2.295,0.0,0.0
1779988772697,2,Pitching Mound.Parent,,Delivery,pitch.1,437864,7.349,-15.8128,110.707,7.4375,75.5153,69.2489,-0.0937,0.0281
1779988772698,2,11.0000004b,Drive,Delivery,pitch.1,438820,0.0277,-0.1979,1.7166,0.7112,-2.2723,-2.3168,0.0,0.0
1779988772698,2,12.00000015,Lower Delivery,Delivery,pitch.1,438548,20.2233,-7.1917,58.2593,-113.9088,50.6034,43.603,-0.1156,-0.2603
1779988772698,2,12.00000018,Upper Delivery,Delivery,pitch.1,439404,-12.8343,-8.3372,50.4171,117.5767,26.9647,39.0846,-0.0712,0.3105
1779988772698,2,Pitching Mound.Delivery,,Delivery,pitch.1,438245,7.389,-15.5289,108.6764,6.3342,77.5681,71.4479,-0.095,0.029
1779988772698,2,Pitching Mound.Drive,,Delivery,pitch.1,438820,0.0277,-0.1979,1.7166,0.7112,-2.2723,-2.3168,0.0,0.0
1779988772698,2,Pitching Mound.Parent,,Delivery,pitch.1,437865,7.4167,-15.7268,110.393,7.0454,75.2958,69.1312,-0.0935,0.0286
1779988772699,2,11.0000004b,Drive,Delivery,pitch.1,438821,0.0079,-0.1918,1.8068,0.7022,-2.3655,-2.3115,0.0,0.0
1779988772699,2,12.00000015,Lower Delivery,Delivery,pitch.1,438549,20.2434,-7.1567,58.3362,-114.0004,50.4815,43.6021,-0.1152,-0.2602
1779988772699,2,12.00000018,Upper Delivery,Delivery,pitch.1,439405,-12.8052,-8.3141,50.1576,116.8131,26.6967,38.9654,-0.0709,0.31
1779988772699,2,Pitching Mound.Delivery,,Delivery,pitch.1,438246,7.4381,-15.4708,108.4938,5.5934,77.1782,71.331,-0.0947,0.0291
1779988772699,2,Pitching Mound.Drive,,Delivery,pitch.1,438821,0.0079,-0.1918,1.8068,0.7022,-2.3655,-2.3115,0.0,0.0
1779988772699,2,Pitching Mound.Parent,,Delivery,pitch.1,437866,7.4461,-15.6627,110.3006,6.2956,74.8127,69.0194,-0.0932,0.0286
1779988772700,2,11.0000004b,Drive,Delivery,pitch.1,438822,0.0055,-0.193,1.7216,0.7291,-2.4674,-2.3397,0.0,0.0
1779988772700,2,12.00000015,Lower Delivery,Delivery,pitch.1,438550,20.2434,-7.111,58.4224,-114.1099,50.4494,43.619,-0.115,-0.26
1779988772700,2,12.00000018,Upper Delivery,Delivery,pitch.1,439406,-12.7651,-8.2721,49.984,116.2068,26.5474,38.8458,-0.0707,0.3095
1779988772700,2,Pitching Mound.Delivery,,Delivery,pitch.1,438247,7.4783,-15.3831,108.4064,4.9659,76.9969,71.2419,-0.0946,0.029
1779988772700,2,Pitching Mound.Drive,,Delivery,pitch.1,438822,0.0055,-0.193,1.7216,0.7291,-2.4674,-2.3397,0.0,0.0
1779988772700,2,Pitching Mound.Parent,,Delivery,pitch.1,437867,7.4837,-15.576,110.1279,5.695,74.5295,68.9022,-0.0931,0.0286
1779988772701,2,11.0000004b,Drive,Delivery,pitch.1,438823,0.0041,-0.1839,1.7574,0.7014,-2.4881,-2.336,0.0,0.0
1779988772701,2,12.00000015,Lower Delivery,Delivery,pitch.1,438551,20.251,-7.0555,58.515,-114.1423,50.4645,43.6556,-0.1148,-0.2597
1779988772701,2,12.00000018,Upper Delivery,Delivery,pitch.1,439407,-12.7274,-8.2161,49.6036,114.956,26.2086,38.7411,-0.0703,0.3085
1779988772701,2,Pitching Mound.Delivery,,Delivery,pitch.1,438248,7.5237,-15.2716,108.1186,3.8435,76.6731,71.184,-0.0944,0.029
1779988772701,2,Pitching Mound.Drive,,Delivery,pitch.1,438823,0.0041,-0.1839,1.7574,0.7014,-2.4881,-2.336,0.0,0.0
1779988772701,2,Pitching Mound.Parent,,Delivery,pitch.1,437868,7.5277,-15.4555,109.876,4.5449,74.185,68.848,-0.0929,0.0286
1779988772702,2,11.0000004b,Drive,Delivery,pitch.1,438824,0.0032,-0.1884,1.7114,0.7296,-2.432,-2.3301,0.0,0.0
1779988772702,2,12.00000015,Lower Delivery,Delivery,pitch.1,438552,20.2439,-6.9871,58.5216,-114.1313,50.3942,43.6903,-0.1146,-0.2596
1779988772702,2,12.00000018,Upper Delivery,Delivery,pitch.1,439408,-12.6988,-8.1938,49.3431,114.2891,26.0393,38.627,-0.0703,0.3084
1779988772702,2,Pitching Mound.Delivery,,Delivery,pitch.1,438249,7.5451,-15.1809,107.8647,3.2785,76.4335,71.1168,-0.0943,0.0291
1779988772702,2,Pitching Mound.Drive,,Delivery,pitch.1,438824,0.0032,-0.1884,1.7114,0.7296,-2.432,-2.3301,0.0,0.0
1779988772702,2,Pitching Mound.Parent,,Delivery,pitch.1,437869,7.5483,-15.3693,109.5761,4.0081,74.0015,68.7867,-0.0929,0.0287
1779988772703,2,11.0000004b,Drive,Delivery,pitch.1,438825,0.0228,-0.1809,1.6971,0.7015,-2.3835,-2.341,0.0,0.0
1779988772703,2,12.00000015,Lower Delivery,Delivery,pitch.1,438553,20.3349,-6.9418,58.5595,-114.0283,50.389,43.7411,-0.1146,-0.2592
1779988772703,2,12.00000018,Upper Delivery,Delivery,pitch.1,439409,-12.6696,-8.1538,49.1487,113.5546,25.907,38.5575,-0.0702,0.3076
1779988772703,2,Pitching Mound.Delivery,,Delivery,pitch.1,438250,7.6653,-15.0955,107.7083,2.7259,76.296,71.0771,-0.0943,0.0291
1779988772703,2,Pitching Mound.Drive,,Delivery,pitch.1,438825,0.0228,-0.1809,1.6971,0.7015,-2.3835,-2.341,0.0,0.0
1779988772703,2,Pitching Mound.Parent,,Delivery,pitch.1,437870,7.6881,-15.2764,109.4054,3.4274,73.9125,68.7361,-0.0928,0.0287
1779988772704,2,11.0000004b,Drive,Delivery,pitch.1,438826,0.0203,-0.1648,1.6778,0.697,-2.1929,-2.3059,0.0,0.0
1779988772704,2,12.00000015,Lower Delivery,Delivery,pitch.1,438554,20.3898,-6.9019,58.615,-114.1763,50.6065,43.6989,-0.1149,-0.2593
1779988772704,2,12.00000018,Upper Delivery,Delivery,pitch.1,439410,-12.6469,-8.1318,48.953,112.9738,25.7604,38.423,-0.0701,0.3072
1779988772704,2,Pitching Mound.Delivery,,Delivery,pitch.1,438251,7.7429,-15.0337,107.568,2.0826,76.367,70.8895,-0.0945,0.0291
1779988772704,2,Pitching Mound.Drive,,Delivery,pitch.1,438826,0.0203,-0.1648,1.6778,0.697,-2.1929,-2.3059,0.0,0.0
1779988772704,2,Pitching Mound.Parent,,Delivery,pitch.1,437871,7.7632,-15.1985,109.2458,2.7796,74.1741,68.5836,-0.0931,0.0286
1779988772705,2,11.0000004b,Drive,Delivery,pitch.1,438827,0.0378,-0.179,1.6573,0.6721,-2.1405,-2.275,0.0,0.0
1779988772705,2,12.00000015,Lower Delivery,Delivery,pitch.1,438555,20.453,-6.8364,58.5959,-114.1736,50.6422,43.7354,-0.1151,-0.2594
1779988772705,2,12.00000018,Upper Delivery,Delivery,pitch.1,439411,-12.6171,-8.1214,48.8002,112.6615,25.8096,38.3545,-0.0704,0.3073
1779988772705,2,Pitching Mound.Delivery,,Delivery,pitch.1,438252,7.8359,-14.9577,107.3961,1.8184,76.4518,70.8461,-0.0948,0.0291
1779988772705,2,Pitching Mound.Drive,,Delivery,pitch.1,438827,0.0378,-0.179,1.6573,0.6721,-2.1405,-2.275,0.0,0.0
1779988772705,2,Pitching Mound.Parent,,Delivery,pitch.1,437872,7.8736,-15.1367,109.0534,2.4906,74.3113,68.5711,-0.0933,0.0287
1779988772706,2,11.0000004b,Drive,Delivery,pitch.1,438828,0.0347,-0.1727,1.6586,0.6684,-2.1037,-2.2735,0.0,0.0
1779988772706,2,12.00000015,Lower Delivery,Delivery,pitch.1,438556,20.5335,-6.7856,58.5614,-114.0849,50.7751,43.762,-0.1154,-0.2593
1779988772706,2,12.00000018,Upper Delivery,Delivery,pitch.1,439412,-12.5872,-8.0895,48.4787,112.0815,25.4169,38.2725,-0.0698,0.3078
1779988772706,2,Pitching Mound.Delivery,,Delivery,pitch.1,438253,7.9463,-14.8751,107.0402,1.4247,76.1921,70.7734,-0.0948,0.0295
1779988772706,2,Pitching Mound.Drive,,Delivery,pitch.1,438828,0.0347,-0.1727,1.6586,0.6684,-2.1037,-2.2735,0.0,0.0
1779988772706,2,Pitching Mound.Parent,,Delivery,pitch.1,437873,7.981,-15.0479,108.6987,2.0931,74.0883,68.4999,-0.0933,0.0291
1779988772707,2,11.0000004b,Drive,Delivery,pitch.1,438829,0.022,-0.1625,1.6921,0.6512,-2.2672,-2.3055,0.0,0.0
1779988772707,2,12.00000015,Lower Delivery,Delivery,pitch.1,438557,20.5597,-6.7132,58.5788,-113.9838,50.7306,43.7657,-0.1153,-0.259
1779988772707,2,12.00000018,Upper Delivery,Delivery,pitch.1,439413,-12.524,-8.0625,48.3297,111.7715,25.5302,38.2174,-0.0703,0.3079
1779988772707,2,Pitching Mound.Delivery,,Delivery,pitch.1,438254,8.0357,-14.7758,106.9085,1.2723,76.2608,70.7345,-0.095,0.0298
1779988772707,2,Pitching Mound.Drive,,Delivery,pitch.1,438829,0.022,-0.1625,1.6921,0.6512,-2.2672,-2.3055,0.0,0.0
1779988772707,2,Pitching Mound.Parent,,Delivery,pitch.1,437874,8.0576,-14.9383,108.6005,1.9236,73.9936,68.429,-0.0935,0.0294
1779988772708,2,11.0000004b,Drive,Delivery,pitch.1,438830,0.0267,-0.1667,1.7777,0.6593,-2.2866,-2.3435,0.0,0.0
1779988772708,2,12.00000015,Lower Delivery,Delivery,pitch.1,438558,20.6335,-6.6715,58.5803,-114.1209,50.9658,43.7553,-0.1158,-0.2593
1779988772708,2,12.00000018,Upper Delivery,Delivery,pitch.1,439414,-12.4805,-8.0443,48.0687,111.0596,25.3071,38.1604,-0.0701,0.3076
1779988772708,2,Pitching Mound.Delivery,,Delivery,pitch.1,438255,8.153,-14.7158,106.649,0.5127,76.2729,70.6569,-0.0952,0.0297
1779988772708,2,Pitching Mound.Drive,,Delivery,pitch.1,438830,0.0267,-0.1667,1.7777,0.6593,-2.2866,-2.3435,0.0,0.0
1779988772708,2,Pitching Mound.Parent,,Delivery,pitch.1,437875,8.1797,-14.8825,108.4268,1.1719,73.9863,68.3134,-0.0936,0.0292
1779988772709,2,11.0000004b,Drive,Delivery,pitch.1,438831,0.0203,-0.1453,1.8045,0.6384,-2.2095,-2.3442,0.0,0.0
1779988772709,2,12.00000015,Lower Delivery,Delivery,pitch.1,438559,20.6726,-6.6313,58.5546,-113.9753,51.0626,43.7159,-0.1161,-0.2591
1779988772709,2,12.00000018,Upper Delivery,Delivery,pitch.1,439415,-12.46,-8.0154,47.952,110.3608,25.2805,38.0192,-0.0702,0.3064
1779988772709,2,Pitching Mound.Delivery,,Delivery,pitch.1,438256,8.2126,-14.6467,106.5066,-0.0096,76.3431,70.4701,-0.0954,0.0293
1779988772709,2,Pitching Mound.Drive,,Delivery,pitch.1,438831,0.0203,-0.1453,1.8045,0.6384,-2.2095,-2.3442,0.0,0.0
1779988772709,2,Pitching Mound.Parent,,Delivery,pitch.1,437876,8.2329,-14.792,108.3111,0.6288,74.1336,68.1259,-0.0938,0.0288
1779988772710,2,11.0000004b,Drive,Delivery,pitch.1,438832,0.047,-0.1689,1.7595,0.6851,-2.3137,-2.3708,0.0,0.0
1779988772710,2,12.00000015,Lower Delivery,Delivery,pitch.1,438560,20.7079,-6.5654,58.4594,-113.6871,51.1288,43.6662,-0.1164,-0.2589
1779988772710,2,12.00000018,Upper Delivery,Delivery,pitch.1,439416,-12.4261,-7.986,47.6674,109.7278,25.0133,37.9457,-0.0699,0.3065
1779988772710,2,Pitching Mound.Delivery,,Delivery,pitch.1,438257,8.2818,-14.5513,106.1268,-0.29,76.1421,70.3464,-0.0955,0.0296
1779988772710,2,Pitching Mound.Drive,,Delivery,pitch.1,438832,0.047,-0.1689,1.7595,0.6851,-2.3137,-2.3708,0.0,0.0
1779988772710,2,Pitching Mound.Parent,,Delivery,pitch.1,437877,8.3287,-14.7203,107.8863,0.3951,73.8284,67.9755,-0.094,0.0291
1779988772711,2,11.0000004b,Drive,Delivery,pitch.1,438833,0.041,-0.17,1.723,0.6848,-2.2556,-2.3638,0.0,0.0
1779988772711,2,12.00000015,Lower Delivery,Delivery,pitch.1,438561,20.7133,-6.4926,58.4754,-113.535,51.1437,43.5946,-0.1164,-0.2585
1779988772711,2,12.00000018,Upper Delivery,Delivery,pitch.1,439417,-12.3825,-7.9277,47.5608,109.291,25.1411,37.8447,-0.0704,0.3059
1779988772711,2,Pitching Mound.Delivery,,Delivery,pitch.1,438258,8.3308,-14.4203,106.0362,-0.533,76.2849,70.1867,-0.0958,0.0297
1779988772711,2,Pitching Mound.Drive,,Delivery,pitch.1,438833,0.041,-0.17,1.723,0.6848,-2.2556,-2.3638,0.0,0.0
1779988772711,2,Pitching Mound.Parent,,Delivery,pitch.1,437878,8.3718,-14.5903,107.7592,0.1518,74.0292,67.8229,-0.0942,0.0292
1779988772712,2,11.0000004b,Drive,Delivery,pitch.1,438834,0.0476,-0.1601,1.6942,0.6824,-2.2135,-2.3543,0.0,0.0
1779988772712,2,12.00000015,Lower Delivery,Delivery,pitch.1,438562,20.7714,-6.4464,58.3927,-113.432,51.2493,43.5597,-0.1168,-0.2586
1779988772712,2,12.00000018,Upper Delivery,Delivery,pitch.1,439418,-12.3566,-7.9186,47.3572,109.1182,24.8023,37.7704,-0.0697,0.3067
1779988772712,2,Pitching Mound.Delivery,,Delivery,pitch.1,438259,8.4149,-14.3651,105.75,-0.5618,76.0516,70.0665,-0.0957,0.03
1779988772712,2,Pitching Mound.Drive,,Delivery,pitch.1,438834,0.0476,-0.1601,1.6942,0.6824,-2.2135,-2.3543,0.0,0.0
1779988772712,2,Pitching Mound.Parent,,Delivery,pitch.1,437879,8.4625,-14.5252,107.4442,0.1206,73.8382,67.7122,-0.0942,0.0296
1779988772713,2,11.0000004b,Drive,Delivery,pitch.1,438835,0.0512,-0.184,1.7594,0.7086,-2.4564,-2.3963,0.0,0.0
1779988772713,2,12.00000015,Lower Delivery,Delivery,pitch.1,438563,20.7861,-6.3867,58.4942,-113.3018,51.1986,43.5203,-0.1165,-0.2579
1779988772713,2,12.00000018,Upper Delivery,Delivery,pitch.1,439419,-12.3279,-7.8721,47.2908,108.8038,24.7483,37.6978,-0.0697,0.3063
1779988772713,2,Pitching Mound.Delivery,,Delivery,pitch.1,438260,8.4582,-14.2588,105.7851,-0.6889,75.9469,69.9594,-0.0956,0.0303
1779988772713,2,Pitching Mound.Drive,,Delivery,pitch.1,438835,0.0512,-0.184,1.7594,0.7086,-2.4564,-2.3963,0.0,0.0
1779988772713,2,Pitching Mound.Parent,,Delivery,pitch.1,437880,8.5094,-14.4428,107.5444,0.0197,73.4906,67.5631,-0.094,0.0299
1779988772714,2,11.0000004b,Drive,Delivery,pitch.1,438836,0.0367,-0.1858,1.7964,0.7398,-2.4375,-2.385,0.0,0.0
1779988772714,2,12.00000015,Lower Delivery,Delivery,pitch.1,438564,20.7307,-6.3305,58.3709,-113.4362,51.315,43.4241,-0.117,-0.2587
1779988772714,2,12.00000018,Upper Delivery,Delivery,pitch.1,439420,-12.2862,-7.8326,47.0567,108.1904,24.5903,37.6366,-0.0696,0.3061
1779988772714,2,Pitching Mound.Delivery,,Delivery,pitch.1,438261,8.4445,-14.1631,105.4275,-1.399,75.9053,69.8349,-0.0958,0.0299
1779988772714,2,Pitching Mound.Drive,,Delivery,pitch.1,438836,0.0367,-0.1858,1.7964,0.7398,-2.4375,-2.385,0.0,0.0
1779988772714,2,Pitching Mound.Parent,,Delivery,pitch.1,437881,8.4812,-14.3489,107.2239,-0.6591,73.4678,67.4499,-0.0942,0.0294
1779988772715,2,11.0000004b,Drive,Delivery,pitch.1,438837,0.0342,-0.198,1.7817,0.7193,-2.5368,-2.4197,0.0,0.0
1779988772715,2,12.00000015,Lower Delivery,Delivery,pitch.1,438565,20.793,-6.2648,58.3168,-113.0103,51.3069,43.3552,-0.1171,-0.258
1779988772715,2,12.00000018,Upper Delivery,Delivery,pitch.1,439421,-12.2525,-7.7887,46.8777,107.7298,24.4655,37.5578,-0.0695,0.3059
1779988772715,2,Pitching Mound.Delivery,,Delivery,pitch.1,438262,8.5405,-14.0535,105.1946,-1.3912,75.7724,69.6775,-0.0959,0.0303
1779988772715,2,Pitching Mound.Drive,,Delivery,pitch.1,438837,0.0342,-0.198,1.7817,0.7193,-2.5368,-2.4197,0.0,0.0
1779988772715,2,Pitching Mound.Parent,,Delivery,pitch.1,437882,8.5747,-14.2515,106.9762,-0.6719,73.2356,67.2578,-0.0943,0.0298
1779988772716,2,11.0000004b,Drive,Delivery,pitch.1,438838,0.0457,-0.1986,1.7547,0.7474,-2.5329,-2.4602,0.0,0.0
1779988772716,2,12.00000015,Lower Delivery,Delivery,pitch.1,438566,20.8397,-6.2204,58.2343,-112.6878,51.3662,43.2231,-0.1174,-0.2576
1779988772716,2,12.00000018,Upper Delivery,Delivery,pitch.1,439422,-12.2284,-7.7786,46.6155,107.0741,24.2391,37.4864,-0.0692,0.3058
1779988772716,2,Pitching Mound.Delivery,,Delivery,pitch.1,438263,8.6112,-13.999,104.8499,-1.6633,75.6053,69.4664,-0.096,0.0305
1779988772716,2,Pitching Mound.Drive,,Delivery,pitch.1,438838,0.0457,-0.1986,1.7547,0.7474,-2.5329,-2.4602,0.0,0.0
1779988772716,2,Pitching Mound.Parent,,Delivery,pitch.1,437883,8.6569,-14.1976,106.6046,-0.9159,73.0724,67.0062,-0.0944,0.03
1779988772717,2,11.0000004b,Drive,Delivery,pitch.1,438839,0.0403,-0.1844,1.7055,0.7209,-2.5338,-2.4374,0.0,0.0
1779988772717,2,12.00000015,Lower Delivery,Delivery,pitch.1,438567,20.788,-6.1321,58.132,-112.4733,51.2664,43.1834,-0.1174,-0.2576
1779988772717,2,12.00000018,Upper Delivery,Delivery,pitch.1,439423,-12.1822,-7.7537,46.4094,106.4951,24.306,37.3914,-0.0697,0.3055
1779988772717,2,Pitching Mound.Delivery,,Delivery,pitch.1,438264,8.6058,-13.8858,104.5414,-1.9926,75.5724,69.365,-0.0962,0.0305
1779988772717,2,Pitching Mound.Drive,,Delivery,pitch.1,438839,0.0403,-0.1844,1.7055,0.7209,-2.5338,-2.4374,0.0,0.0
1779988772717,2,Pitching Mound.Parent,,Delivery,pitch.1,437884,8.6461,-14.0703,106.2469,-1.2717,73.0386,66.9275,-0.0947,0.03
1779988772718,2,11.0000004b,Drive,Delivery,pitch.1,438840,0.0493,-0.1666,1.6917,0.7329,-2.3591,-2.4058,0.0,0.0
1779988772718,2,12.00000015,Lower Delivery,Delivery,pitch.1,438568,20.8678,-6.0948,58.0609,-112.3308,51.3914,43.1058,-0.1178,-0.2576
1779988772718,2,12.00000018,Upper Delivery,Delivery,pitch.1,439424,-12.1561,-7.75,46.3725,106.2863,24.2841,37.3486,-0.0697,0.3051
1779988772718,2,Pitching Mound.Delivery,,Delivery,pitch.1,438265,8.7117,-13.8448,104.4334,-2.0704,75.6755,69.2263,-0.0965,0.0303
1779988772718,2,Pitching Mound.Drive,,Delivery,pitch.1,438840,0.0493,-0.1666,1.6917,0.7329,-2.3591,-2.4058,0.0,0.0
1779988772718,2,Pitching Mound.Parent,,Delivery,pitch.1,437885,8.761,-14.0114,106.1252,-1.3376,73.3164,66.8205,-0.0949,0.0299
1779988772719,2,11.0000004b,Drive,Delivery,pitch.1,438841,0.0475,-0.1694,1.6828,0.7589,-2.4436,-2.3827,0.0,0.0
1779988772719,2,12.00000015,Lower Delivery,Delivery,pitch.1,438569,20.7702,-6.0336,58.0639,-112.57,51.3921,43.0602,-0.1178,-0.2581
1779988772719,2,12.00000018,Upper Delivery,Delivery,pitch.1,439425,-12.0923,-7.7467,46.1658,106.1133,24.2247,37.2441,-0.0699,0.306
1779988772719,2,Pitching Mound.Delivery,,Delivery,pitch.1,438266,8.678,-13.7803,104.2296,-2.4113,75.6168,69.1311,-0.0966,0.0306
1779988772719,2,Pitching Mound.Drive,,Delivery,pitch.1,438841,0.0475,-0.1694,1.6828,0.7589,-2.4436,-2.3827,0.0,0.0
1779988772719,2,Pitching Mound.Parent,,Delivery,pitch.1,437886,8.7255,-13.9497,105.9124,-1.6525,73.1732,66.7483,-0.095,0.0301
1779988772720,2,11.0000004b,Drive,Delivery,pitch.1,438842,0.0307,-0.1956,1.7415,0.7214,-2.3704,-2.393,0.0,0.0
1779988772720,2,12.00000015,Lower Delivery,Delivery,pitch.1,438570,20.8099,-5.9906,58.1225,-112.5332,51.5532,42.9663,-0.1181,-0.2578
1779988772720,2,12.00000018,Upper Delivery,Delivery,pitch.1,439426,-12.065,-7.7234,46.0479,105.6684,23.9526,37.171,-0.0692,0.3055
1779988772720,2,Pitching Mound.Delivery,,Delivery,pitch.1,438267,8.7449,-13.714,104.1704,-2.7595,75.5058,68.9599,-0.0965,0.0306
1779988772720,2,Pitching Mound.Drive,,Delivery,pitch.1,438842,0.0307,-0.1956,1.7415,0.7214,-2.3704,-2.393,0.0,0.0
1779988772720,2,Pitching Mound.Parent,,Delivery,pitch.1,437887,8.7756,-13.9095,105.912,-2.0381,73.1353,66.5669,-0.0949,0.0301
1779988772721,2,11.0000004b,Drive,Delivery,pitch.1,438843,0.0166,-0.2015,1.7669,0.7185,-2.4063,-2.3476,0.0,0.0
1779988772721,2,12.00000015,Lower Delivery,Delivery,pitch.1,438571,20.7297,-5.9639,58.288,-112.7957,51.5361,42.9644,-0.1177,-0.2576
1779988772721,2,12.00000018,Upper Delivery,Delivery,pitch.1,439427,-12.0241,-7.6795,45.8315,105.0135,23.6299,37.0614,-0.0686,0.305
1779988772721,2,Pitching Mound.Delivery,,Delivery,pitch.1,438268,8.7056,-13.6434,104.1195,-3.5471,75.166,68.8895,-0.0961,0.0307
1779988772721,2,Pitching Mound.Drive,,Delivery,pitch.1,438843,0.0166,-0.2015,1.7669,0.7185,-2.4063,-2.3476,0.0,0.0
1779988772721,2,Pitching Mound.Parent,,Delivery,pitch.1,437888,8.7222,-13.8449,105.8865,-2.8286,72.7597,66.5419,-0.0945,0.0302
1779988772722,2,11.0000004b,Drive,Delivery,pitch.1,438844,0.0296,-0.1872,1.743,0.723,-2.4356,-2.3554,0.0,0.0
1779988772722,2,12.00000015,Lower Delivery,Delivery,pitch.1,438572,20.7388,-5.9372,58.3366,-112.4458,51.4588,42.8844,-0.1174,-0.2566
1779988772722,2,12.00000018,Upper Delivery,Delivery,pitch.1,439428,-11.986,-7.7079,45.6829,104.7803,23.4884,36.9206,-0.0684,0.3053
1779988772722,2,Pitching Mound.Delivery,,Delivery,pitch.1,438269,8.7528,-13.6451,104.0194,-3.3633,74.9472,68.6785,-0.0959,0.0315
1779988772722,2,Pitching Mound.Drive,,Delivery,pitch.1,438844,0.0296,-0.1872,1.743,0.723,-2.4356,-2.3554,0.0,0.0
1779988772722,2,Pitching Mound.Parent,,Delivery,pitch.1,437889,8.7825,-13.8323,105.7625,-2.6403,72.5116,66.3231,-0.0943,0.031
1779988772723,2,11.0000004b,Drive,Delivery,pitch.1,438845,0.021,-0.2129,1.7985,0.7151,-2.4879,-2.3343,0.0,0.0
1779988772723,2,12.00000015,Lower Delivery,Delivery,pitch.1,438573,20.6192,-5.8985,58.4898,-112.448,51.4955,42.8095,-0.1172,-0.2559
1779988772723,2,12.00000018,Upper Delivery,Delivery,pitch.1,439429,-11.9441,-7.6977,45.65,104.4701,23.4724,36.8282,-0.0685,0.3047
1779988772723,2,Pitching Mound.Delivery,,Delivery,pitch.1,438270,8.6751,-13.5962,104.1398,-3.6124,74.9679,68.5663,-0.0958,0.0317
1779988772723,2,Pitching Mound.Drive,,Delivery,pitch.1,438845,0.021,-0.2129,1.7985,0.7151,-2.4879,-2.3343,0.0,0.0
1779988772723,2,Pitching Mound.Parent,,Delivery,pitch.1,437890,8.696,-13.8091,105.9383,-2.8973,72.48,66.232,-0.0942,0.0312
1779988772724,2,11.0000004b,Drive,Delivery,pitch.1,438846,0.0184,-0.1892,1.7711,0.7194,-2.392,-2.3006,0.0,0.0
1779988772724,2,12.00000015,Lower Delivery,Delivery,pitch.1,438574,20.5202,-5.8741,58.5913,-112.3612,51.3908,42.769,-0.1168,-0.2553
1779988772724,2,12.00000018,Upper Delivery,Delivery,pitch.1,439430,-11.886,-7.723,45.452,104.4652,23.4325,36.7372,-0.0686,0.306
1779988772724,2,Pitching Mound.Delivery,,Delivery,pitch.1,438271,8.6342,-13.5971,104.0432,-3.4287,74.8233,68.4881,-0.0957,0.0328
1779988772724,2,Pitching Mound.Drive,,Delivery,pitch.1,438846,0.0184,-0.1892,1.7711,0.7194,-2.392,-2.3006,0.0,0.0
1779988772724,2,Pitching Mound.Parent,,Delivery,pitch.1,437891,8.6526,-13.7863,105.8143,-2.7093,72.4313,66.1875,-0.0941,0.0323
1779988772725,2,11.0000004b,Drive,Delivery,pitch.1,438847,0.0373,-0.2118,1.7629,0.7185,-2.4907,-2.3156,0.0,0.0
1779988772725,2,12.00000015,Lower Delivery,Delivery,pitch.1,438575,20.5895,-5.8407,58.7253,-112.2578,51.5164,42.7432,-0.1168,-0.2545
1779988772725,2,12.00000018,Upper Delivery,Delivery,pitch.1,439431,-11.8806,-7.7704,45.2709,104.2025,23.3863,36.6105,-0.0688,0.3064
1779988772725,2,Pitching Mound.Delivery,,Delivery,pitch.1,438272,8.7089,-13.6112,103.9962,-3.4808,74.9026,68.3139,-0.0959,0.0337
1779988772725,2,Pitching Mound.Drive,,Delivery,pitch.1,438847,0.0373,-0.2118,1.7629,0.7185,-2.4907,-2.3156,0.0,0.0
1779988772725,2,Pitching Mound.Parent,,Delivery,pitch.1,437892,8.7462,-13.823,105.7591,-2.7624,72.412,65.9982,-0.0943,0.0331
1779988772726,2,11.0000004b,Drive,Delivery,pitch.1,438848,0.0465,-0.2264,1.7524,0.7297,-2.4536,-2.2994,0.0,0.0
1779988772726,2,12.00000015,Lower Delivery,Delivery,pitch.1,438576,20.5905,-5.8264,58.709,-112.3334,51.752,42.7474,-0.1174,-0.2547
1779988772726,2,12.00000018,Upper Delivery,Delivery,pitch.1,439432,-11.8705,-7.8197,45.2713,104.0574,23.3832,36.4875,-0.0688,0.306
1779988772726,2,Pitching Mound.Delivery,,Delivery,pitch.1,438273,8.7201,-13.6461,103.9803,-3.7071,75.1352,68.1981,-0.0962,0.0333
1779988772726,2,Pitching Mound.Drive,,Delivery,pitch.1,438848,0.0465,-0.2264,1.7524,0.7297,-2.4536,-2.2994,0.0,0.0
1779988772726,2,Pitching Mound.Parent,,Delivery,pitch.1,437893,8.7666,-13.8725,105.7327,-2.9774,72.6816,65.8988,-0.0946,0.0328
1779988772727,2,11.0000004b,Drive,Delivery,pitch.1,438849,0.0395,-0.2254,1.8398,0.7363,-2.6466,-2.3138,0.0,0.0
1779988772727,2,12.00000015,Lower Delivery,Delivery,pitch.1,438577,20.5352,-5.8196,58.8222,-112.6039,51.9335,42.7428,-0.1175,-0.2548
1779988772727,2,12.00000018,Upper Delivery,Delivery,pitch.1,439433,-11.8303,-7.8273,45.1105,103.8981,23.2815,36.393,-0.0687,0.3066
1779988772727,2,Pitching Mound.Delivery,,Delivery,pitch.1,438274,8.7049,-13.6469,103.9327,-4.0438,75.215,68.1315,-0.0963,0.0337
1779988772727,2,Pitching Mound.Drive,,Delivery,pitch.1,438849,0.0395,-0.2254,1.8398,0.7363,-2.6466,-2.3138,0.0,0.0
1779988772727,2,Pitching Mound.Parent,,Delivery,pitch.1,437894,8.7443,-13.8724,105.7726,-3.3075,72.5684,65.8178,-0.0947,0.0331
1779988772728,2,11.0000004b,Drive,Delivery,pitch.1,438850,0.0459,-0.2423,1.8722,0.734,-2.7754,-2.3137,0.0,0.0
1779988772728,2,12.00000015,Lower Delivery,Delivery,pitch.1,438578,20.6047,-5.7947,58.8311,-112.4145,52.2137,42.6875,-0.1182,-0.2544
1779988772728,2,12.00000018,Upper Delivery,Delivery,pitch.1,439434,-11.8066,-7.8303,45.0041,103.4695,23.0152,36.2594,-0.0681,0.3061
1779988772728,2,Pitching Mound.Delivery,,Delivery,pitch.1,438275,8.7981,-13.6251,103.8353,-4.2438,75.2289,67.9271,-0.0965,0.0338
1779988772728,2,Pitching Mound.Drive,,Delivery,pitch.1,438850,0.0459,-0.2423,1.8722,0.734,-2.7754,-2.3137,0.0,0.0
1779988772728,2,Pitching Mound.Parent,,Delivery,pitch.1,437895,8.8439,-13.8674,105.7075,-3.5098,72.4534,65.6134,-0.0947,0.0332
1779988772729,2,11.0000004b,Drive,Delivery,pitch.1,438851,0.0385,-0.2601,1.7857,0.7378,-2.7456,-2.3057,0.0,0.0
1779988772729,2,12.00000015,Lower Delivery,Delivery,pitch.1,438579,20.6402,-5.7653,58.8454,-112.0949,52.1991,42.6377,-0.1181,-0.2536
1779988772729,2,12.00000018,Upper Delivery,Delivery,pitch.1,439435,-11.7821,-7.8314,44.7246,103.0303,22.9822,36.1884,-0.0684,0.3067
1779988772729,2,Pitching Mound.Delivery,,Delivery,pitch.1,438276,8.8581,-13.5967,103.57,-4.2635,75.1813,67.8025,-0.0966,0.0347
1779988772729,2,Pitching Mound.Drive,,Delivery,pitch.1,438851,0.0385,-0.2601,1.7857,0.7378,-2.7456,-2.3057,0.0,0.0
1779988772729,2,Pitching Mound.Parent,,Delivery,pitch.1,437896,8.8966,-13.8568,105.3556,-3.5257,72.4357,65.4968,-0.095,0.0341
1779988772730,2,11.0000004b,Drive,Delivery,pitch.1,438852,0.0428,-0.2564,1.8136,0.7291,-2.7533,-2.3415,0.0,0.0
1779988772730,2,12.00000015,Lower Delivery,Delivery,pitch.1,438580,20.6868,-5.7429,58.801,-111.98,52.2354,42.6065,-0.1183,-0.2535
1779988772730,2,12.00000018,Upper Delivery,Delivery,pitch.1,439436,-11.7137,-7.8405,44.488,102.4061,22.839,36.0976,-0.0683,0.3064
1779988772730,2,Pitching Mound.Delivery,,Delivery,pitch.1,438277,8.9732,-13.5834,103.289,-4.7075,75.0744,67.6879,-0.0968,0.0348
1779988772730,2,Pitching Mound.Drive,,Delivery,pitch.1,438852,0.0428,-0.2564,1.8136,0.7291,-2.7533,-2.3415,0.0,0.0
1779988772730,2,Pitching Mound.Parent,,Delivery,pitch.1,437897,9.0159,-13.8398,105.1026,-3.9785,72.3211,65.3464,-0.0951,0.0342
1779988772731,2,11.0000004b,Drive,Delivery,pitch.1,438853,0.0427,-0.2543,1.7435,0.7465,-2.9256,-2.3423,0.0,0.0
1779988772731,2,12.00000015,Lower Delivery,Delivery,pitch.1,438581,20.6649,-5.7367,58.7869,-112.2022,52.4614,42.5759,-0.1188,-0.2541
1779988772731,2,12.00000018,Upper Delivery,Delivery,pitch.1,439437,-11.6717,-7.8395,44.3722,101.9619,22.7802,35.9985,-0.0683,0.3059
1779988772731,2,Pitching Mound.Delivery,,Delivery,pitch.1,438278,8.9932,-13.5762,103.1591,-5.3393,75.2416,67.58,-0.0971,0.0343
1779988772731,2,Pitching Mound.Drive,,Delivery,pitch.1,438853,0.0427,-0.2543,1.7435,0.7465,-2.9256,-2.3423,0.0,0.0
1779988772731,2,Pitching Mound.Parent,,Delivery,pitch.1,437898,9.0359,-13.8306,104.9026,-4.5928,72.316,65.2377,-0.0955,0.0337
1779988772732,2,11.0000004b,Drive,Delivery,pitch.1,438854,0.038,-0.2505,1.7195,0.7521,-2.9813,-2.4025,0.0,0.0
1779988772732,2,12.00000015,Lower Delivery,Delivery,pitch.1,438582,20.6094,-5.7158,58.8385,-112.5013,52.6355,42.5516,-0.1191,-0.2545
1779988772732,2,12.00000018,Upper Delivery,Delivery,pitch.1,439438,-11.6115,-7.8239,44.1713,101.458,22.627,35.9278,-0.0682,0.3058
1779988772732,2,Pitching Mound.Delivery,,Delivery,pitch.1,438279,8.9979,-13.5397,103.0098,-6.0565,75.2624,67.5243,-0.0973,0.0341
1779988772732,2,Pitching Mound.Drive,,Delivery,pitch.1,438854,0.038,-0.2505,1.7195,0.7521,-2.9813,-2.4025,0.0,0.0
1779988772732,2,Pitching Mound.Parent,,Delivery,pitch.1,437899,9.0359,-13.7902,104.7293,-5.3043,72.2811,65.1219,-0.0957,0.0336
1779988772733,2,11.0000004b,Drive,Delivery,pitch.1,438855,0.0343,-0.2386,1.7678,0.7315,-2.7928,-2.4201,0.0,0.0
1779988772733,2,12.00000015,Lower Delivery,Delivery,pitch.1,438583,20.6191,-5.7395,58.905,-112.497,52.7431,42.5685,-0.1192,-0.2542
1779988772733,2,12.00000018,Upper Delivery,Delivery,pitch.1,439439,-11.5562,-7.776,43.7787,100.4216,22.324,35.7969,-0.0679,0.3054
1779988772733,2,Pitching Mound.Delivery,,Delivery,pitch.1,438280,9.0629,-13.5155,102.6836,-6.9324,75.0671,67.4258,-0.0973,0.0344
1779988772733,2,Pitching Mound.Drive,,Delivery,pitch.1,438855,0.0343,-0.2386,1.7678,0.7315,-2.7928,-2.4201,0.0,0.0
1779988772733,2,Pitching Mound.Parent,,Delivery,pitch.1,437900,9.0972,-13.7542,104.4515,-6.2009,72.2743,65.0057,-0.0957,0.0338
1779988772734,2,11.0000004b,Drive,Delivery,pitch.1,438856,0.0219,-0.2242,1.7861,0.7489,-2.8198,-2.4423,0.0,0.0
1779988772734,2,12.00000015,Lower Delivery,Delivery,pitch.1,438584,20.6052,-5.7435,58.9112,-112.511,52.9784,42.5283,-0.1197,-0.2543
1779988772734,2,12.00000018,Upper Delivery,Delivery,pitch.1,439440,-11.5185,-7.7563,43.6052,99.8694,22.0151,35.7501,-0.0672,0.3049
1779988772734,2,Pitching Mound.Delivery,,Delivery,pitch.1,438281,9.0866,-13.4998,102.5163,-7.4376,74.9935,67.3563,-0.0974,0.0343
1779988772734,2,Pitching Mound.Drive,,Delivery,pitch.1,438856,0.0219,-0.2242,1.7861,0.7489,-2.8198,-2.4423,0.0,0.0
1779988772734,2,Pitching Mound.Parent,,Delivery,pitch.1,437901,9.1086,-13.7241,104.3024,-6.6887,72.1737,64.914,-0.0957,0.0338
1779988772735,2,11.0000004b,Drive,Delivery,pitch.1,438857,0.0148,-0.2269,1.8402,0.7463,-2.8073,-2.4675,0.0,0.0
1779988772735,2,12.00000015,Lower Delivery,Delivery,pitch.1,438585,20.6261,-5.768,59.134,-112.8453,53.0353,42.5024,-0.1194,-0.254
1779988772735,2,12.00000018,Upper Delivery,Delivery,pitch.1,439441,-11.4957,-7.7032,43.4603,98.9806,21.6605,35.6251,-0.0664,0.3032
1779988772735,2,Pitching Mound.Delivery,,Delivery,pitch.1,438282,9.1305,-13.4712,102.5943,-8.5356,74.6958,67.2061,-0.0969,0.034
1779988772735,2,Pitching Mound.Drive,,Delivery,pitch.1,438857,0.0148,-0.2269,1.8402,0.7463,-2.8073,-2.4675,0.0,0.0
1779988772735,2,Pitching Mound.Parent,,Delivery,pitch.1,437902,9.1453,-13.6981,104.4346,-7.7893,71.8885,64.7386,-0.0952,0.0334
1779988772736,2,11.0000004b,Drive,Delivery,pitch.1,438858,0.0091,-0.2267,1.8401,0.7281,-2.7093,-2.4435,0.0,0.0
1779988772736,2,12.00000015,Lower Delivery,Delivery,pitch.1,438586,20.5732,-5.7635,59.1323,-112.8856,53.1019,42.4624,-0.1196,-0.2541
1779988772736,2,12.00000018,Upper Delivery,Delivery,pitch.1,439442,-11.4165,-7.6646,43.1437,98.2944,21.3132,35.5524,-0.0658,0.3033
1779988772736,2,Pitching Mound.Delivery,,Delivery,pitch.1,438283,9.1567,-13.4281,102.276,-9.1551,74.4152,67.1384,-0.0969,0.0342
1779988772736,2,Pitching Mound.Drive,,Delivery,pitch.1,438858,0.0091,-0.2267,1.8401,0.7281,-2.7093,-2.4435,0.0,0.0
1779988772736,2,Pitching Mound.Parent,,Delivery,pitch.1,437903,9.1659,-13.6548,104.1161,-8.427,71.7058,64.6948,-0.0952,0.0336
1779988772737,2,11.0000004b,Drive,Delivery,pitch.1,438859,0.0099,-0.2003,1.7999,0.7154,-2.5169,-2.4203,0.0,0.0
1779988772737,2,12.00000015,Lower Delivery,Delivery,pitch.1,438587,20.4889,-5.7813,59.3119,-112.9357,53.0008,42.4101,-0.119,-0.2535
1779988772737,2,12.00000018,Upper Delivery,Delivery,pitch.1,439443,-11.3759,-7.6141,42.9421,97.8261,21.0454,35.4992,-0.0652,0.3033
1779988772737,2,Pitching Mound.Delivery,,Delivery,pitch.1,438284,9.113,-13.3953,102.254,-9.5439,74.0462,67.0752,-0.0964,0.0348
1779988772737,2,Pitching Mound.Drive,,Delivery,pitch.1,438859,0.0099,-0.2003,1.7999,0.7154,-2.5169,-2.4203,0.0,0.0
1779988772737,2,Pitching Mound.Parent,,Delivery,pitch.1,437904,9.1229,-13.5956,104.0538,-8.8284,71.5293,64.6549,-0.0947,0.0342
1779988772738,2,11.0000004b,Drive,Delivery,pitch.1,438860,0.0186,-0.2177,1.7816,0.7504,-2.6075,-2.4343,0.0,0.0
1779988772738,2,12.00000015,Lower Delivery,Delivery,pitch.1,438588,20.4639,-5.786,59.3239,-112.7113,53.0628,42.4138,-0.1191,-0.2529
1779988772738,2,12.00000018,Upper Delivery,Delivery,pitch.1,439444,-11.3551,-7.6133,42.9039,97.9315,21.2339,35.4525,-0.0659,0.3039
1779988772738,2,Pitching Mound.Delivery,,Delivery,pitch.1,438285,9.1088,-13.3993,102.2278,-9.197,74.2967,67.0478,-0.0968,0.0354
1779988772738,2,Pitching Mound.Drive,,Delivery,pitch.1,438860,0.0186,-0.2177,1.7816,0.7504,-2.6075,-2.4343,0.0,0.0
1779988772738,2,Pitching Mound.Parent,,Delivery,pitch.1,437905,9.1274,-13.617,104.0094,-8.4466,71.6892,64.6135,-0.0951,0.0348
1779988772739,2,11.0000004b,Drive,Delivery,pitch.1,438861,0.0223,-0.2106,1.7408,0.7019,-2.364,-2.4109,0.0,0.0
1779988772739,2,12.00000015,Lower Delivery,Delivery,pitch.1,438589,20.3416,-5.7913,59.4326,-112.9943,53.0776,42.3928,-0.1189,-0.2531
1779988772739,2,12.00000018,Upper Delivery,Delivery,pitch.1,439445,-11.3567,-7.6143,42.8017,97.3787,21.0333,35.3926,-0.0654,0.3029
1779988772739,2,Pitching Mound.Delivery,,Delivery,pitch.1,438286,8.9849,-13.4057,102.2342,-9.961,74.1109,67.008,-0.0965,0.035
1779988772739,2,Pitching Mound.Drive,,Delivery,pitch.1,438861,0.0223,-0.2106,1.7408,0.7019,-2.364,-2.4109,0.0,0.0
1779988772739,2,Pitching Mound.Parent,,Delivery,pitch.1,437906,9.0071,-13.6163,103.975,-9.2591,71.7469,64.5971,-0.0949,0.0344
1779988772740,2,11.0000004b,Drive,Delivery,pitch.1,438863,0.0292,-0.2218,1.7643,0.7433,-2.4527,-2.4184,0.0,0.0
1779988772740,2,11.0000004b,Drive,Delivery,pitch.1,438862,0.0204,-0.2327,1.7774,0.7244,-2.5295,-2.4153,0.0,0.0
1779988772740,2,12.00000015,Lower Delivery,Delivery,pitch.1,438590,20.2986,-5.8137,59.538,-113.2384,53.3584,42.3583,-0.1193,-0.2532
1779988772740,2,12.00000018,Upper Delivery,Delivery,pitch.1,439446,-11.3006,-7.5731,42.474,96.9306,20.9563,35.3265,-0.0657,0.3038
1779988772740,2,Pitching Mound.Delivery,,Delivery,pitch.1,438287,8.998,-13.3868,102.012,-10.506,74.3147,66.9412,-0.097,0.0356
1779988772740,2,Pitching Mound.Drive,,Delivery,pitch.1,438863,0.0292,-0.2218,1.7643,0.7433,-2.4527,-2.4184,0.0,0.0
1779988772740,2,Pitching Mound.Drive,,Delivery,pitch.1,438862,0.0204,-0.2327,1.7774,0.7244,-2.5295,-2.4153,0.0,0.0
1779988772740,2,Pitching Mound.Parent,,Delivery,pitch.1,437907,9.0184,-13.6195,103.7894,-9.7816,71.7851,64.5259,-0.0953,0.035
1779988772741,2,12.00000015,Lower Delivery,Delivery,pitch.1,438591,20.3237,-5.8119,59.6387,-113.0422,53.4688,42.3427,-0.1194,-0.2523
1779988772741,2,12.00000018,Upper Delivery,Delivery,pitch.1,439447,-11.3073,-7.5645,42.4112,96.847,21.0265,35.2862,-0.066,0.304
1779988772741,2,Pitching Mound.Delivery,,Delivery,pitch.1,438288,9.0163,-13.3764,102.0499,-10.3378,74.4953,66.8743,-0.0972,0.0363
1779988772741,2,Pitching Mound.Parent,,Delivery,pitch.1,437908,9.0455,-13.5982,103.8142,-9.5946,72.0426,64.4559,-0.0955,0.0357
1779988772742,2,11.0000004b,Drive,Delivery,pitch.1,438864,0.0104,-0.2306,1.8025,0.7365,-2.5047,-2.4048,0.0,0.0
1779988772742,2,12.00000015,Lower Delivery,Delivery,pitch.1,438592,20.225,-5.8109,59.6221,-112.7974,53.435,42.3169,-0.1193,-0.2519
1779988772742,2,12.00000018,Upper Delivery,Delivery,pitch.1,439448,-11.3039,-7.5593,42.245,96.378,20.7921,35.2613,-0.0655,0.3037
1779988772742,2,Pitching Mound.Delivery,,Delivery,pitch.1,438289,8.9211,-13.3702,101.8671,-10.5111,74.2272,66.8583,-0.097,0.0365
1779988772742,2,Pitching Mound.Drive,,Delivery,pitch.1,438864,0.0104,-0.2306,1.8025,0.7365,-2.5047,-2.4048,0.0,0.0
1779988772742,2,Pitching Mound.Parent,,Delivery,pitch.1,437909,8.9316,-13.6008,103.6696,-9.7746,71.7225,64.4536,-0.0953,0.0359
1779988772743,2,11.0000004b,Drive,Delivery,pitch.1,438865,0.0183,-0.2403,1.8033,0.7451,-2.5479,-2.3972,0.0,0.0
1779988772743,2,11.0000004b,Drive,Delivery,pitch.1,438866,0.0316,-0.2457,1.7569,0.763,-2.6244,-2.3875,0.0,0.0
1779988772743,2,12.00000015,Lower Delivery,Delivery,pitch.1,438593,20.1993,-5.8138,59.7352,-112.7461,53.4442,42.2727,-0.1191,-0.2513
1779988772743,2,12.00000018,Upper Delivery,Delivery,pitch.1,439449,-11.292,-7.5408,42.1374,95.9862,20.6355,35.1739,-0.0652,0.3033
1779988772743,2,Pitching Mound.Delivery,,Delivery,pitch.1,438290,8.9073,-13.3546,101.8726,-10.7766,74.0797,66.7396,-0.0968,0.0368
1779988772743,2,Pitching Mound.Drive,,Delivery,pitch.1,438865,0.0183,-0.2403,1.8033,0.7451,-2.5479,-2.3972,0.0,0.0
1779988772743,2,Pitching Mound.Drive,,Delivery,pitch.1,438866,0.0316,-0.2457,1.7569,0.763,-2.6244,-2.3875,0.0,0.0
1779988772743,2,Pitching Mound.Parent,,Delivery,pitch.1,437910,8.9257,-13.5949,103.6759,-10.0315,71.5318,64.3423,-0.0951,0.0362
1779988772744,2,12.00000015,Lower Delivery,Delivery,pitch.1,438594,20.1877,-5.8005,59.7201,-112.7627,53.484,42.2002,-0.1192,-0.2514
1779988772744,2,12.00000018,Upper Delivery,Delivery,pitch.1,439450,-11.2694,-7.5406,42.0542,95.9356,20.6049,35.1489,-0.0652,0.3037
1779988772744,2,Pitching Mound.Delivery,,Delivery,pitch.1,438291,8.9183,-13.3411,101.7744,-10.8207,74.089,66.6538,-0.0969,0.037
1779988772744,2,Pitching Mound.Parent,,Delivery,pitch.1,437911,8.9499,-13.5868,103.5313,-10.0577,71.4645,64.2662,-0.0953,0.0364
1779988772745,2,11.0000004b,Drive,Delivery,pitch.1,438867,0.0543,-0.2459,1.6801,0.7538,-2.6946,-2.3888,0.0,0.0
1779988772745,2,12.00000015,Lower Delivery,Delivery,pitch.1,438595,20.1939,-5.7837,59.7595,-112.5923,53.4998,42.1689,-0.1192,-0.2508
1779988772745,2,12.00000018,Upper Delivery,Delivery,pitch.1,439451,-11.2526,-7.523,41.9189,95.5401,20.4997,35.1054,-0.0651,0.3034
1779988772745,2,Pitching Mound.Delivery,,Delivery,pitch.1,438292,8.9414,-13.3067,101.6784,-10.9864,73.9995,66.5825,-0.0969,0.0373
1779988772745,2,Pitching Mound.Drive,,Delivery,pitch.1,438867,0.0543,-0.2459,1.6801,0.7538,-2.6946,-2.3888,0.0,0.0
1779988772745,2,Pitching Mound.Parent,,Delivery,pitch.1,437912,8.9956,-13.5526,103.3585,-10.2326,71.3049,64.1936,-0.0953,0.0367
1779988772746,2,11.0000004b,Drive,Delivery,pitch.1,438868,0.0488,-0.2516,1.6964,0.7521,-2.6489,-2.3751,0.0,0.0
1779988772746,2,12.00000015,Lower Delivery,Delivery,pitch.1,438596,20.1812,-5.7758,59.8253,-112.6796,53.7287,42.0612,-0.1196,-0.2507
1779988772746,2,12.00000018,Upper Delivery,Delivery,pitch.1,439452,-11.255,-7.5172,41.7007,95.2764,20.4549,35.0451,-0.0653,0.3042
1779988772746,2,Pitching Mound.Delivery,,Delivery,pitch.1,438293,8.9262,-13.293,101.5259,-11.2409,74.1836,66.418,-0.0973,0.0379
1779988772746,2,Pitching Mound.Drive,,Delivery,pitch.1,438868,0.0488,-0.2516,1.6964,0.7521,-2.6489,-2.3751,0.0,0.0
1779988772746,2,Pitching Mound.Parent,,Delivery,pitch.1,437913,8.975,-13.5446,103.2224,-10.4888,71.5347,64.0428,-0.0957,0.0373
1779988772747,2,11.0000004b,Drive,Delivery,pitch.1,438869,0.0534,-0.2302,1.6691,0.7489,-2.7017,-2.3817,0.0,0.0
1779988772747,2,12.00000015,Lower Delivery,Delivery,pitch.1,438597,20.1451,-5.7701,60.06,-113.076,54.0044,42.0001,-0.1197,-0.2506
1779988772747,2,12.00000018,Upper Delivery,Delivery,pitch.1,439453,-11.2408,-7.5033,41.6573,94.8318,20.2733,34.9937,-0.0648,0.3031
1779988772747,2,Pitching Mound.Delivery,,Delivery,pitch.1,438294,8.9044,-13.2734,101.7173,-11.9873,74.2777,66.3226,-0.0972,0.0376
1779988772747,2,Pitching Mound.Drive,,Delivery,pitch.1,438869,0.0534,-0.2302,1.6691,0.7489,-2.7017,-2.3817,0.0,0.0
1779988772747,2,Pitching Mound.Parent,,Delivery,pitch.1,437914,8.9577,-13.5036,103.3864,-11.2384,71.5759,63.9409,-0.0956,0.037
1779988772748,2,11.0000004b,Drive,Delivery,pitch.1,438870,0.0548,-0.2358,1.683,0.7336,-2.6436,-2.3835,0.0,0.0
1779988772748,2,12.00000015,Lower Delivery,Delivery,pitch.1,438598,20.1389,-5.7544,60.0486,-112.9879,54.0165,41.9181,-0.1198,-0.2505
1779988772748,2,12.00000018,Upper Delivery,Delivery,pitch.1,439454,-11.2427,-7.5484,41.4937,94.3671,20.2667,34.9304,-0.065,0.3028
1779988772748,2,Pitching Mound.Delivery,,Delivery,pitch.1,438295,8.8962,-13.3027,101.5423,-12.3121,74.2833,66.1787,-0.0974,0.0377
1779988772748,2,Pitching Mound.Drive,,Delivery,pitch.1,438870,0.0548,-0.2358,1.683,0.7336,-2.6436,-2.3835,0.0,0.0
1779988772748,2,Pitching Mound.Parent,,Delivery,pitch.1,437915,8.951,-13.5385,103.2253,-11.5785,71.6396,63.7952,-0.0958,0.0371
1779988772749,2,11.0000004b,Drive,Delivery,pitch.1,438871,0.05,-0.2307,1.7591,0.7516,-2.6911,-2.401,0.0,0.0
1779988772749,2,12.00000015,Lower Delivery,Delivery,pitch.1,438599,20.0774,-5.7532,60.1612,-113.4572,54.2641,41.8553,-0.1201,-0.2511
1779988772749,2,12.00000018,Upper Delivery,Delivery,pitch.1,439455,-11.216,-7.5112,41.2935,93.3664,19.6359,34.8433,-0.0633,0.301
1779988772749,2,Pitching Mound.Delivery,,Delivery,pitch.1,438296,8.8614,-13.2644,101.4546,-13.6758,73.9,66.0588,-0.097,0.0369
1779988772749,2,Pitching Mound.Drive,,Delivery,pitch.1,438871,0.05,-0.2307,1.7591,0.7516,-2.6911,-2.401,0.0,0.0
1779988772749,2,Pitching Mound.Parent,,Delivery,pitch.1,437916,8.9114,-13.495,103.2138,-12.9241,71.209,63.6578,-0.0953,0.0362
1779988772750,2,11.0000004b,Drive,Delivery,pitch.1,438872,0.0557,-0.2242,1.7196,0.7474,-2.6256,-2.3856,0.0,0.0
1779988772750,2,12.00000015,Lower Delivery,Delivery,pitch.1,438600,20.0407,-5.7474,60.3278,-113.7449,54.5033,41.7319,-0.1203,-0.251
1779988772750,2,12.00000018,Upper Delivery,Delivery,pitch.1,439456,-11.2108,-7.5266,41.1516,93.0029,19.6072,34.8095,-0.0634,0.3009
1779988772750,2,Pitching Mound.Delivery,,Delivery,pitch.1,438297,8.8299,-13.274,101.4794,-14.222,74.1105,65.9158,-0.0972,0.037
1779988772750,2,Pitching Mound.Drive,,Delivery,pitch.1,438872,0.0557,-0.2242,1.7196,0.7474,-2.6256,-2.3856,0.0,0.0
1779988772750,2,Pitching Mound.Parent,,Delivery,pitch.1,437917,8.8856,-13.4982,103.199,-13.4746,71.4849,63.5302,-0.0956,0.0364
1779988772751,2,11.0000004b,Drive,Delivery,pitch.1,438873,0.0571,-0.2091,1.6866,0.7262,-2.4034,-2.3813,0.0,0.0
1779988772751,2,11.0000004b,Drive,Delivery,pitch.1,438874,0.0588,-0.2076,1.6725,0.7518,-2.4255,-2.3665,0.0,0.0
1779988772751,2,12.00000015,Lower Delivery,Delivery,pitch.1,438601,19.9225,-5.7327,60.4313,-113.945,54.5498,41.6421,-0.1202,-0.251
1779988772751,2,12.00000018,Upper Delivery,Delivery,pitch.1,439457,-11.1899,-7.5509,41.0091,92.704,19.3663,34.7946,-0.0629,0.3009
1779988772751,2,Pitching Mound.Delivery,,Delivery,pitch.1,438298,8.7326,-13.2837,101.4404,-14.6375,73.9161,65.8585,-0.097,0.0372
1779988772751,2,Pitching Mound.Drive,,Delivery,pitch.1,438873,0.0571,-0.2091,1.6866,0.7262,-2.4034,-2.3813,0.0,0.0
1779988772751,2,Pitching Mound.Drive,,Delivery,pitch.1,438874,0.0588,-0.2076,1.6725,0.7518,-2.4255,-2.3665,0.0,0.0
1779988772751,2,Pitching Mound.Parent,,Delivery,pitch.1,437918,8.7897,-13.4927,103.1271,-13.9113,71.5128,63.4772,-0.0954,0.0366
1779988772752,2,11.0000004b,Drive,Delivery,pitch.1,438875,0.0634,-0.2174,1.6915,0.7246,-2.3349,-2.3842,0.0,0.0
1779988772752,2,12.00000015,Lower Delivery,Delivery,pitch.1,438602,19.8769,-5.7328,60.599,-114.2571,54.7875,41.515,-0.1204,-0.251
1779988772752,2,12.00000018,Upper Delivery,Delivery,pitch.1,439458,-11.1474,-7.5763,40.9068,92.4643,19.3628,34.7554,-0.063,0.3009
1779988772752,2,Pitching Mound.Delivery,,Delivery,pitch.1,438299,8.7295,-13.309,101.5058,-15.0975,74.1503,65.7221,-0.0973,0.0374
1779988772752,2,Pitching Mound.Drive,,Delivery,pitch.1,438875,0.0634,-0.2174,1.6915,0.7246,-2.3349,-2.3842,0.0,0.0
1779988772752,2,Pitching Mound.Parent,,Delivery,pitch.1,437919,8.7883,-13.5167,103.1783,-14.3457,71.7248,63.3556,-0.0957,0.0368
1779988772753,2,12.00000015,Lower Delivery,Delivery,pitch.1,438603,19.7913,-5.7118,60.6535,-114.4538,54.7946,41.425,-0.1203,-0.2512
1779988772753,2,12.00000018,Upper Delivery,Delivery,pitch.1,439459,-11.1286,-7.5324,40.6771,91.4515,18.8157,34.7164,-0.0616,0.2993
1779988772753,2,Pitching Mound.Delivery,,Delivery,pitch.1,438300,8.6628,-13.2442,101.3306,-16.2104,73.6104,65.6287,-0.0967,0.0368
1779988772753,2,Pitching Mound.Parent,,Delivery,pitch.1,437920,8.7262,-13.4615,103.0221,-15.4858,71.2755,63.2445,-0.0951,0.0362
1779988772754,2,11.0000004b,Drive,Delivery,pitch.1,438876,0.0556,-0.1996,1.6816,0.7119,-2.2361,-2.3212,0.0,0.0
1779988772754,2,11.0000004b,Drive,Delivery,pitch.1,438877,0.032,-0.228,1.7258,0.7275,-2.2954,-2.3667,0.0,0.0
1779988772754,2,12.00000015,Lower Delivery,Delivery,pitch.1,438604,19.7358,-5.716,60.7677,-114.8959,55.0952,41.2935,-0.1207,-0.2517
1779988772754,2,12.00000018,Upper Delivery,Delivery,pitch.1,439460,-11.1204,-7.5329,40.6481,91.6136,18.917,34.7035,-0.062,0.3
1779988772754,2,Pitching Mound.Delivery,,Delivery,pitch.1,438301,8.6154,-13.2489,101.4157,-16.4416,74.0122,65.5059,-0.0972,0.0369
1779988772754,2,Pitching Mound.Drive,,Delivery,pitch.1,438876,0.0556,-0.1996,1.6816,0.7119,-2.2361,-2.3212,0.0,0.0
1779988772754,2,Pitching Mound.Drive,,Delivery,pitch.1,438877,0.032,-0.228,1.7258,0.7275,-2.2954,-2.3667,0.0,0.0
1779988772754,2,Pitching Mound.Parent,,Delivery,pitch.1,437921,8.671,-13.4485,103.0974,-15.7297,71.7761,63.1847,-0.0956,0.0363
1779988772755,2,11.0000004b,Drive,Delivery,pitch.1,438878,0.0428,-0.2371,1.7439,0.8192,-2.4374,-2.3704,0.0,0.0
1779988772755,2,12.00000015,Lower Delivery,Delivery,pitch.1,438605,19.6826,-5.7159,60.812,-115.2177,55.2255,41.2138,-0.1209,-0.2522
1779988772755,2,12.00000018,Upper Delivery,Delivery,pitch.1,439461,-11.0968,-7.5274,40.5447,91.1954,18.8273,34.6924,-0.0618,0.2994
1779988772755,2,Pitching Mound.Delivery,,Delivery,pitch.1,438302,8.5858,-13.2433,101.3567,-17.1314,74.0529,65.4412,-0.0973,0.0364
1779988772755,2,Pitching Mound.Drive,,Delivery,pitch.1,438878,0.0428,-0.2371,1.7439,0.8192,-2.4374,-2.3704,0.0,0.0
1779988772755,2,Pitching Mound.Parent,,Delivery,pitch.1,437922,8.6178,-13.4713,103.0826,-16.4039,71.7575,63.0745,-0.0956,0.0358
1779988772756,2,11.0000004b,Drive,Delivery,pitch.1,438879,0.0201,-0.2337,1.7846,0.7723,-2.4357,-2.3702,0.0,0.0
1779988772756,2,12.00000015,Lower Delivery,Delivery,pitch.1,438606,19.5245,-5.7278,60.9904,-115.4927,55.3426,41.102,-0.1208,-0.2521
1779988772756,2,12.00000018,Upper Delivery,Delivery,pitch.1,439462,-11.0857,-7.5496,40.459,91.419,19.0,34.7403,-0.0625,0.3008
1779988772756,2,Pitching Mound.Delivery,,Delivery,pitch.1,438303,8.4388,-13.2774,101.4494,-17.093,74.3426,65.4348,-0.0976,0.0372
1779988772756,2,Pitching Mound.Drive,,Delivery,pitch.1,438879,0.0201,-0.2337,1.7846,0.7723,-2.4357,-2.3702,0.0,0.0
1779988772756,2,Pitching Mound.Parent,,Delivery,pitch.1,437923,8.4817,-13.5145,103.1933,-16.2738,71.9052,63.0644,-0.0959,0.0366
1779988772757,2,11.0000004b,Drive,Delivery,pitch.1,438880,0.0409,-0.2239,1.6781,0.7989,-2.1654,-2.3386,0.0,0.0
1779988772757,2,12.00000015,Lower Delivery,Delivery,pitch.1,438607,19.471,-5.7277,60.9796,-115.4842,55.4038,40.9738,-0.121,-0.2521
1779988772757,2,12.00000018,Upper Delivery,Delivery,pitch.1,439463,-11.0286,-7.5624,40.3082,91.5446,19.0157,34.732,-0.0628,0.3023
1779988772757,2,Pitching Mound.Delivery,,Delivery,pitch.1,438304,8.4425,-13.2901,101.2878,-16.9112,74.4195,65.336,-0.0978,0.0379
1779988772757,2,Pitching Mound.Drive,,Delivery,pitch.1,438880,0.0409,-0.2239,1.6781,0.7989,-2.1654,-2.3386,0.0,0.0
1779988772757,2,Pitching Mound.Parent,,Delivery,pitch.1,437924,8.4626,-13.5237,103.0724,-16.1389,71.9838,62.9658,-0.0961,0.0373
1779988772758,2,11.0000004b,Drive,Delivery,pitch.1,438881,0.0285,-0.2304,1.7018,0.7446,-2.2559,-2.3432,0.0,0.0
1779988772758,2,12.00000015,Lower Delivery,Delivery,pitch.1,438608,19.4207,-5.7344,61.0306,-115.5181,55.5042,40.8925,-0.1211,-0.252
1779988772758,2,12.00000018,Upper Delivery,Delivery,pitch.1,439464,-11.0033,-7.5359,40.1657,91.0111,18.9638,34.6467,-0.0629,0.3017
1779988772758,2,Pitching Mound.Delivery,,Delivery,pitch.1,438305,8.4175,-13.2703,101.1963,-17.4128,74.468,65.1951,-0.098,0.0379
1779988772758,2,Pitching Mound.Drive,,Delivery,pitch.1,438881,0.0285,-0.2304,1.7018,0.7446,-2.2559,-2.3432,0.0,0.0
1779988772758,2,Pitching Mound.Parent,,Delivery,pitch.1,437925,8.4583,-13.4942,102.8743,-16.614,72.3026,62.8565,-0.0964,0.0372
1779988772759,2,11.0000004b,Drive,Delivery,pitch.1,438882,0.0433,-0.2163,1.678,0.7484,-2.3403,-2.347,0.0,0.0
1779988772759,2,12.00000015,Lower Delivery,Delivery,pitch.1,438609,19.3526,-5.7371,61.1237,-115.7107,55.8753,40.7888,-0.1217,-0.252
1779988772759,2,12.00000018,Upper Delivery,Delivery,pitch.1,439465,-10.9599,-7.5305,40.0593,91.0718,18.9208,34.6139,-0.0629,0.3027
1779988772759,2,Pitching Mound.Delivery,,Delivery,pitch.1,438306,8.3927,-13.2676,101.183,-17.477,74.7961,65.0965,-0.0984,0.0384
1779988772759,2,Pitching Mound.Drive,,Delivery,pitch.1,438882,0.0433,-0.2163,1.678,0.7484,-2.3403,-2.347,0.0,0.0
1779988772759,2,Pitching Mound.Parent,,Delivery,pitch.1,437926,8.4212,-13.4979,102.8847,-16.7324,72.5402,62.7533,-0.0968,0.0377
1779988772760,2,12.00000015,Lower Delivery,Delivery,pitch.1,438610,19.3214,-5.7331,61.1177,-115.3755,55.9302,40.6853,-0.1218,-0.2513
1779988772760,2,12.00000018,Upper Delivery,Delivery,pitch.1,439466,-10.936,-7.5467,40.0243,91.1272,19.0151,34.5572,-0.0632,0.3031
1779988772760,2,Pitching Mound.Delivery,,Delivery,pitch.1,438307,8.3854,-13.2798,101.142,-17.0766,74.9452,64.955,-0.0986,0.039
1779988772760,2,Pitching Mound.Parent,,Delivery,pitch.1,437927,8.4288,-13.4961,102.82,-16.3281,72.6049,62.608,-0.097,0.0384
1779988772761,2,11.0000004b,Drive,Delivery,pitch.1,438883,0.0379,-0.2087,1.6759,0.7277,-2.2566,-2.3337,0.0,0.0
1779988772761,2,11.0000004b,Drive,Delivery,pitch.1,438884,0.035,-0.235,1.6982,0.771,-2.3166,-2.3312,0.0,0.0
1779988772761,2,12.00000015,Lower Delivery,Delivery,pitch.1,438611,19.2046,-5.7145,61.09,-115.6953,55.9974,40.6387,-0.122,-0.2521
1779988772761,2,12.00000018,Upper Delivery,Delivery,pitch.1,439467,-10.922,-7.515,39.8468,90.5952,18.9,34.4007,-0.0631,0.3027
1779988772761,2,Pitching Mound.Delivery,,Delivery,pitch.1,438308,8.2826,-13.2295,100.9368,-17.8774,74.8975,64.7964,-0.0988,0.0385
1779988772761,2,Pitching Mound.Drive,,Delivery,pitch.1,438883,0.0379,-0.2087,1.6759,0.7277,-2.2566,-2.3337,0.0,0.0
1779988772761,2,Pitching Mound.Drive,,Delivery,pitch.1,438884,0.035,-0.235,1.6982,0.771,-2.3166,-2.3312,0.0,0.0
1779988772761,2,Pitching Mound.Parent,,Delivery,pitch.1,437928,8.3205,-13.4382,102.6126,-17.1497,72.6409,62.4627,-0.0972,0.0378
1779988772762,2,11.0000004b,Drive,Delivery,pitch.1,438885,0.046,-0.2188,1.666,0.7054,-2.2207,-2.3169,0.0,0.0
1779988772762,2,12.00000015,Lower Delivery,Delivery,pitch.1,438612,19.2306,-5.7066,60.9815,-115.3246,55.9971,40.4903,-0.1222,-0.2518
1779988772762,2,12.00000018,Upper Delivery,Delivery,pitch.1,439468,-10.8825,-7.4997,39.729,90.5666,19.03,34.3371,-0.0638,0.3035
1779988772762,2,12.00000018,Upper Delivery,Delivery,pitch.1,439469,-10.8521,-7.4692,39.5712,89.9488,18.6929,34.2341,-0.0629,0.3026
1779988772762,2,Pitching Mound.Delivery,,Delivery,pitch.1,438309,8.3481,-13.2064,100.7105,-17.5322,75.0271,64.589,-0.0992,0.039
1779988772762,2,Pitching Mound.Drive,,Delivery,pitch.1,438885,0.046,-0.2188,1.666,0.7054,-2.2207,-2.3169,0.0,0.0
1779988772762,2,Pitching Mound.Parent,,Delivery,pitch.1,437929,8.3831,-13.4413,102.4086,-16.7612,72.7105,62.2578,-0.0975,0.0384
1779988772763,2,11.0000004b,Drive,Delivery,pitch.1,438886,0.0425,-0.2141,1.6733,0.7322,-2.2516,-2.3171,0.0,0.0
1779988772763,2,12.00000015,Lower Delivery,Delivery,pitch.1,438613,19.1396,-5.6648,60.9609,-115.5107,56.1143,40.3823,-0.1225,-0.2523
1779988772763,2,Pitching Mound.Delivery,,Delivery,pitch.1,438310,8.2874,-13.1341,100.532,-18.2894,74.8072,64.4193,-0.0991,0.0385
1779988772763,2,Pitching Mound.Drive,,Delivery,pitch.1,438886,0.0425,-0.2141,1.6733,0.7322,-2.2516,-2.3171,0.0,0.0
1779988772763,2,Pitching Mound.Parent,,Delivery,pitch.1,437930,8.3334,-13.3529,102.198,-17.584,72.5865,62.1024,-0.0974,0.0379
1779988772764,2,11.0000004b,Drive,Delivery,pitch.1,438887,0.0514,-0.1991,1.7389,0.7026,-2.2094,-2.3292,0.0,0.0
1779988772764,2,12.00000015,Lower Delivery,Delivery,pitch.1,438614,19.1083,-5.6282,60.8676,-115.2391,56.0678,40.2753,-0.1226,-0.252
1779988772764,2,12.00000018,Upper Delivery,Delivery,pitch.1,439470,-10.8018,-7.4664,39.5454,89.7327,18.8946,34.1367,-0.0636,0.3021
1779988772764,2,12.00000018,Upper Delivery,Delivery,pitch.1,439471,-10.7676,-7.4366,39.3656,89.1805,18.6894,34.0182,-0.0632,0.3016
1779988772764,2,Pitching Mound.Delivery,,Delivery,pitch.1,438311,8.3065,-13.0945,100.413,-18.2569,74.9624,64.2426,-0.0994,0.0384
1779988772764,2,Pitching Mound.Drive,,Delivery,pitch.1,438887,0.0514,-0.1991,1.7389,0.7026,-2.2094,-2.3292,0.0,0.0
1779988772764,2,Pitching Mound.Parent,,Delivery,pitch.1,437931,8.349,-13.3086,102.0863,-17.5247,72.7108,61.9255,-0.0978,0.0378
1779988772765,2,11.0000004b,Drive,Delivery,pitch.1,438888,0.0576,-0.1961,1.6668,0.6688,-2.2997,-2.2872,0.0,0.0
1779988772765,2,12.00000015,Lower Delivery,Delivery,pitch.1,438615,19.0738,-5.5693,60.7991,-115.2761,56.2352,40.1303,-0.1231,-0.2524
1779988772765,2,Pitching Mound.Delivery,,Delivery,pitch.1,438312,8.3062,-13.006,100.1647,-18.8082,74.9246,64.0024,-0.0996,0.0381
1779988772765,2,Pitching Mound.Drive,,Delivery,pitch.1,438888,0.0576,-0.1961,1.6668,0.6688,-2.2997,-2.2872,0.0,0.0
1779988772765,2,Pitching Mound.Parent,,Delivery,pitch.1,437932,8.3575,-13.205,101.9036,-18.1056,72.7152,61.6732,-0.0979,0.0374
1779988772766,2,11.0000004b,Drive,Delivery,pitch.1,438889,0.0457,-0.214,1.6874,0.6511,-2.3675,-2.314,0.0,0.0
1779988772766,2,12.00000015,Lower Delivery,Delivery,pitch.1,438616,19.0627,-5.5157,60.6212,-114.9809,56.2495,39.9333,-0.1235,-0.2525
1779988772766,2,12.00000018,Upper Delivery,Delivery,pitch.1,439472,-10.705,-7.3848,39.0674,87.9503,18.2422,33.8545,-0.0622,0.2997
1779988772766,2,Pitching Mound.Delivery,,Delivery,pitch.1,438313,8.3577,-12.9004,99.6886,-19.7023,74.4916,63.6668,-0.0995,0.0374
1779988772766,2,Pitching Mound.Drive,,Delivery,pitch.1,438889,0.0457,-0.214,1.6874,0.6511,-2.3675,-2.314,0.0,0.0
1779988772766,2,Pitching Mound.Parent,,Delivery,pitch.1,437933,8.4153,-13.0966,101.3554,-19.0335,72.1919,61.3796,-0.0978,0.0368
1779988772767,2,11.0000004b,Drive,Delivery,pitch.1,438890,0.0565,-0.19,1.7391,0.6393,-2.4107,-2.3173,0.0,0.0
1779988772767,2,12.00000015,Lower Delivery,Delivery,pitch.1,438617,19.0685,-5.4438,60.6661,-114.8707,56.1276,39.7914,-0.1232,-0.2521
1779988772767,2,12.00000018,Upper Delivery,Delivery,pitch.1,439473,-10.6656,-7.3288,38.8598,87.0755,17.7526,33.6896,-0.0608,0.2983
1779988772767,2,12.00000018,Upper Delivery,Delivery,pitch.1,439474,-10.6365,-7.2702,38.7619,86.4421,17.6516,33.5738,-0.0606,0.2969
1779988772767,2,Pitching Mound.Delivery,,Delivery,pitch.1,438314,8.4029,-12.7725,99.5258,-20.3811,73.8802,63.3714,-0.0988,0.0373
1779988772767,2,Pitching Mound.Drive,,Delivery,pitch.1,438890,0.0565,-0.19,1.7391,0.6393,-2.4107,-2.3173,0.0,0.0
1779988772767,2,Pitching Mound.Parent,,Delivery,pitch.1,437934,8.4485,-12.9865,101.2132,-19.7299,71.5127,61.0574,-0.0972,0.0367
1779988772768,2,11.0000004b,Drive,Delivery,pitch.1,438891,0.0313,-0.1793,1.8412,0.628,-2.4492,-2.3221,0.0,0.0
1779988772768,2,12.00000015,Lower Delivery,Delivery,pitch.1,438618,19.015,-5.384,60.6102,-115.0049,56.0036,39.6839,-0.123,-0.2526
1779988772768,2,12.00000018,Upper Delivery,Delivery,pitch.1,439475,-10.586,-7.2503,38.6036,86.0185,17.4599,33.5061,-0.0602,0.2966
1779988772768,2,Pitching Mound.Delivery,,Delivery,pitch.1,438315,8.3785,-12.6542,99.3721,-21.1344,73.6552,63.1762,-0.0987,0.0365
1779988772768,2,Pitching Mound.Drive,,Delivery,pitch.1,438891,0.0313,-0.1793,1.8412,0.628,-2.4492,-2.3221,0.0,0.0
1779988772768,2,Pitching Mound.Parent,,Delivery,pitch.1,437935,8.4349,-12.8442,101.1112,-20.495,71.2445,60.8589,-0.097,0.0359
1779988772769,2,11.0000004b,Drive,Delivery,pitch.1,438892,0.0587,-0.1873,1.7886,0.6737,-2.4353,-2.3511,0.0,0.0
1779988772769,2,12.00000015,Lower Delivery,Delivery,pitch.1,438619,18.963,-5.3174,60.3836,-114.9777,55.8783,39.5196,-0.1232,-0.2535
1779988772769,2,12.00000018,Upper Delivery,Delivery,pitch.1,439476,-10.5196,-7.1704,38.3392,85.2432,17.1872,33.4331,-0.0597,0.296
1779988772769,2,Pitching Mound.Delivery,,Delivery,pitch.1,438316,8.3769,-12.5678,98.9872,-21.5541,73.3381,62.979,-0.0986,0.0359
1779988772769,2,Pitching Mound.Drive,,Delivery,pitch.1,438892,0.0587,-0.1873,1.7886,0.6737,-2.4353,-2.3511,0.0,0.0
1779988772769,2,Pitching Mound.Parent,,Delivery,pitch.1,437936,8.4082,-12.747,100.8284,-20.9261,70.8889,60.6569,-0.0968,0.0352
1779988772770,2,11.0000004b,Drive,Delivery,pitch.1,438893,0.0487,-0.175,1.8047,0.6558,-2.395,-2.3535,0.0,0.0
1779988772770,2,12.00000015,Lower Delivery,Delivery,pitch.1,438620,18.9562,-5.2449,60.4606,-114.6522,55.7541,39.3464,-0.1228,-0.2525
1779988772770,2,12.00000018,Upper Delivery,Delivery,pitch.1,439477,-10.4748,-7.1136,38.0113,84.4166,16.9358,33.3152,-0.0593,0.2957
1779988772770,2,Pitching Mound.Delivery,,Delivery,pitch.1,438317,8.4367,-12.4153,98.7998,-21.8878,72.9414,62.7578,-0.0983,0.0365
1779988772770,2,Pitching Mound.Drive,,Delivery,pitch.1,438893,0.0487,-0.175,1.8047,0.6558,-2.395,-2.3535,0.0,0.0
1779988772770,2,Pitching Mound.Parent,,Delivery,pitch.1,437937,8.4953,-12.6026,100.5885,-21.2141,70.506,60.4066,-0.0965,0.0359
1779988772771,2,11.0000004b,Drive,Delivery,pitch.1,438894,0.0352,-0.168,1.7908,0.6422,-2.2888,-2.346,0.0,0.0
1779988772771,2,12.00000015,Lower Delivery,Delivery,pitch.1,438621,18.9037,-5.1582,60.2852,-114.4327,55.686,39.1341,-0.123,-0.2527
1779988772771,2,12.00000018,Upper Delivery,Delivery,pitch.1,439478,-10.4566,-7.0582,37.781,83.8805,16.8,33.2115,-0.0592,0.2956
1779988772771,2,Pitching Mound.Delivery,,Delivery,pitch.1,438318,8.4288,-12.2718,98.2964,-22.443,72.6218,62.4606,-0.0984,0.0364
1779988772771,2,Pitching Mound.Drive,,Delivery,pitch.1,438894,0.0352,-0.168,1.7908,0.6422,-2.2888,-2.346,0.0,0.0
1779988772771,2,Pitching Mound.Parent,,Delivery,pitch.1,437938,8.4775,-12.4469,100.1012,-21.7872,70.2268,60.1071,-0.0966,0.0357
1779988772772,2,11.0000004b,Drive,Delivery,pitch.1,438895,0.0487,-0.1577,1.7484,0.6321,-2.1727,-2.3546,0.0,0.0
1779988772772,2,12.00000015,Lower Delivery,Delivery,pitch.1,438622,18.8667,-5.074,60.1403,-114.0557,55.4902,38.9902,-0.1228,-0.2525
1779988772772,2,12.00000018,Upper Delivery,Delivery,pitch.1,439479,-10.4458,-7.0322,37.5095,83.0978,16.5384,33.096,-0.0587,0.2949
1779988772772,2,Pitching Mound.Delivery,,Delivery,pitch.1,438319,8.4101,-12.1323,97.9213,-22.573,72.2902,62.2317,-0.0983,0.0366
1779988772772,2,Pitching Mound.Drive,,Delivery,pitch.1,438895,0.0487,-0.1577,1.7484,0.6321,-2.1727,-2.3546,0.0,0.0
1779988772772,2,Pitching Mound.Parent,,Delivery,pitch.1,437939,8.4453,-12.3003,99.7122,-21.9308,70.0014,59.8857,-0.0965,0.036
1779988772773,2,11.0000004b,Drive,Delivery,pitch.1,438896,0.0428,-0.1814,1.7057,0.6882,-2.3914,-2.3757,0.0,0.0
1779988772773,2,12.00000015,Lower Delivery,Delivery,pitch.1,438623,18.8145,-4.9779,60.1455,-114.1244,55.5193,38.7701,-0.1229,-0.2526
1779988772773,2,12.00000018,Upper Delivery,Delivery,pitch.1,439480,-10.4462,-7.0215,37.3224,82.8499,16.4568,32.9612,-0.0587,0.2955
1779988772773,2,Pitching Mound.Delivery,,Delivery,pitch.1,438320,8.3688,-12.0102,97.655,-23.3303,72.0578,61.9176,-0.0982,0.0365
1779988772773,2,Pitching Mound.Drive,,Delivery,pitch.1,438896,0.0428,-0.1814,1.7057,0.6882,-2.3914,-2.3757,0.0,0.0
1779988772773,2,Pitching Mound.Parent,,Delivery,pitch.1,437940,8.4174,-12.1679,99.4034,-22.6982,69.885,59.563,-0.0965,0.0359
1779988772774,2,11.0000004b,Drive,Delivery,pitch.1,438897,0.05,-0.177,1.6561,0.6635,-2.2499,-2.3643,0.0,0.0
1779988772774,2,12.00000015,Lower Delivery,Delivery,pitch.1,438624,18.7799,-4.8943,59.9812,-113.8961,55.3679,38.5688,-0.1229,-0.2528
1779988772774,2,Pitching Mound.Delivery,,Delivery,pitch.1,438321,8.3337,-11.9157,97.3036,-23.3422,71.8247,61.5931,-0.0983,0.0367
1779988772774,2,Pitching Mound.Drive,,Delivery,pitch.1,438897,0.05,-0.177,1.6561,0.6635,-2.2499,-2.3643,0.0,0.0
1779988772774,2,Pitching Mound.Parent,,Delivery,pitch.1,437941,8.3765,-12.0971,99.0093,-22.654,69.4334,59.2174,-0.0966,0.0361
1779988772775,2,11.0000004b,Drive,Delivery,pitch.1,438898,0.0515,-0.194,1.6414,0.6875,-2.2188,-2.3868,0.0,0.0
1779988772775,2,12.00000015,Lower Delivery,Delivery,pitch.1,438625,18.7316,-4.8179,59.6254,-113.4549,55.3844,38.3842,-0.1237,-0.2533
1779988772775,2,12.00000018,Upper Delivery,Delivery,pitch.1,439481,-10.4288,-6.994,37.1312,82.6184,16.4579,32.8741,-0.059,0.2962
1779988772775,2,Pitching Mound.Delivery,,Delivery,pitch.1,438322,8.3028,-11.8119,96.7566,-23.1884,71.8423,61.3437,-0.0988,0.0366
1779988772775,2,Pitching Mound.Drive,,Delivery,pitch.1,438898,0.0515,-0.194,1.6414,0.6875,-2.2188,-2.3868,0.0,0.0
1779988772775,2,Pitching Mound.Parent,,Delivery,pitch.1,437942,8.3528,-11.9889,98.4127,-22.525,69.5924,58.9794,-0.0972,0.036
1779988772776,2,11.0000004b,Drive,Delivery,pitch.1,438899,0.0299,-0.1776,1.6914,0.6694,-2.2085,-2.3702,0.0,0.0
1779988772776,2,12.00000015,Lower Delivery,Delivery,pitch.1,438627,18.6137,-4.6602,59.1911,-112.7533,55.2682,38.0453,-0.1243,-0.2536
1779988772776,2,12.00000015,Lower Delivery,Delivery,pitch.1,438626,18.6929,-4.741,59.471,-113.1455,55.357,38.2166,-0.1239,-0.2533
1779988772776,2,12.00000018,Upper Delivery,Delivery,pitch.1,439482,-10.4027,-6.9267,36.9851,82.5819,16.499,32.7963,-0.0594,0.2973
1779988772776,2,Pitching Mound.Delivery,,Delivery,pitch.1,438323,8.2901,-11.6677,96.4561,-22.9184,71.856,61.1204,-0.0992,0.0371
1779988772776,2,Pitching Mound.Drive,,Delivery,pitch.1,438899,0.0299,-0.1776,1.6914,0.6694,-2.2085,-2.3702,0.0,0.0
1779988772776,2,Pitching Mound.Parent,,Delivery,pitch.1,437943,8.3416,-11.8617,98.0975,-22.231,69.6372,58.7336,-0.0975,0.0365
1779988772777,2,12.00000018,Upper Delivery,Delivery,pitch.1,439483,-10.3635,-6.8925,36.6697,81.8782,16.3075,32.6581,-0.0592,0.2973
1779988772777,2,12.00000018,Upper Delivery,Delivery,pitch.1,439484,-10.3441,-6.8486,36.4496,81.2102,16.218,32.5362,-0.0592,0.2966
1779988772777,2,Pitching Mound.Delivery,,Delivery,pitch.1,438324,8.2501,-11.5526,95.8608,-23.2178,71.5758,60.8511,-0.0994,0.037
1779988772777,2,Pitching Mound.Parent,,Delivery,pitch.1,437944,8.28,-11.7302,97.5522,-22.5484,69.3672,58.4809,-0.0977,0.0364
1779988772778,2,11.0000004b,Drive,Delivery,pitch.1,438900,0.0379,-0.172,1.6662,0.687,-2.1544,-2.4019,0.0,0.0
1779988772778,2,11.0000004b,Drive,Delivery,pitch.1,438901,0.034,-0.1741,1.6402,0.68,-2.0673,-2.4092,0.0,0.0
1779988772778,2,12.00000015,Lower Delivery,Delivery,pitch.1,438628,18.5704,-4.5653,59.0349,-112.787,55.3371,37.8389,-0.1248,-0.2543
1779988772778,2,Pitching Mound.Delivery,,Delivery,pitch.1,438325,8.2263,-11.4139,95.4845,-23.8978,71.5551,60.5441,-0.0998,0.0364
1779988772778,2,Pitching Mound.Drive,,Delivery,pitch.1,438900,0.0379,-0.172,1.6662,0.687,-2.1544,-2.4019,0.0,0.0
1779988772778,2,Pitching Mound.Drive,,Delivery,pitch.1,438901,0.034,-0.1741,1.6402,0.68,-2.0673,-2.4092,0.0,0.0
1779988772778,2,Pitching Mound.Parent,,Delivery,pitch.1,437945,8.2642,-11.5859,97.1507,-23.2108,69.4008,58.1422,-0.0981,0.0358
1779988772779,2,11.0000004b,Drive,Delivery,pitch.1,438902,0.027,-0.1969,1.6829,0.6943,-2.1362,-2.4151,0.0,0.0
1779988772779,2,12.00000015,Lower Delivery,Delivery,pitch.1,438629,18.5594,-4.4428,58.8715,-112.241,55.0724,37.6637,-0.1245,-0.2538
1779988772779,2,12.00000018,Upper Delivery,Delivery,pitch.1,439485,-10.3177,-6.8049,36.2013,81.0218,16.1254,32.4239,-0.0593,0.298
1779988772779,2,12.00000018,Upper Delivery,Delivery,pitch.1,439486,-10.2665,-6.7673,35.7999,80.1388,15.7967,32.2734,-0.0587,0.298
1779988772779,2,Pitching Mound.Delivery,,Delivery,pitch.1,438326,8.2417,-11.2477,95.0728,-23.5113,71.1978,60.2694,-0.0997,0.0374
1779988772779,2,Pitching Mound.Drive,,Delivery,pitch.1,438902,0.027,-0.1969,1.6829,0.6943,-2.1362,-2.4151,0.0,0.0
1779988772779,2,Pitching Mound.Parent,,Delivery,pitch.1,437946,8.2757,-11.4218,96.713,-22.8313,69.1305,57.8602,-0.098,0.0367
1779988772780,2,12.00000015,Lower Delivery,Delivery,pitch.1,438630,18.5018,-4.3721,58.4615,-111.674,55.0651,37.4575,-0.1254,-0.2543
1779988772780,2,12.00000015,Lower Delivery,Delivery,pitch.1,438631,18.4325,-4.3287,58.3157,-111.4592,54.9225,37.2628,-0.1254,-0.2544
1779988772780,2,12.00000018,Upper Delivery,Delivery,pitch.1,439487,-10.2484,-6.7229,35.4804,79.548,15.6404,32.1066,-0.0587,0.2985
1779988772780,2,Pitching Mound.Delivery,,Delivery,pitch.1,438327,8.2352,-11.1394,94.2613,-23.8302,70.8618,59.9497,-0.1001,0.0372
1779988772780,2,Pitching Mound.Delivery,,Delivery,pitch.1,438328,8.1841,-11.0516,93.7961,-24.1471,70.5629,59.6179,-0.1002,0.0375
1779988772780,2,Pitching Mound.Parent,,Delivery,pitch.1,437947,8.2622,-11.3364,95.9442,-23.1359,68.7256,57.5345,-0.0983,0.0366
1779988772781,2,11.0000004b,Drive,Delivery,pitch.1,438903,0.0267,-0.1786,1.6855,0.7049,-2.2569,-2.4031,0.0,0.0
1779988772781,2,11.0000004b,Drive,Delivery,pitch.1,438904,0.0375,-0.1801,1.6732,0.6788,-2.1121,-2.3705,0.0,0.0
1779988772781,2,12.00000015,Lower Delivery,Delivery,pitch.1,438632,18.3943,-4.2933,58.2935,-111.1666,54.6904,37.0789,-0.1249,-0.2539
1779988772781,2,12.00000018,Upper Delivery,Delivery,pitch.1,439488,-10.1537,-6.7215,35.2275,79.4293,15.6173,31.9894,-0.059,0.3002
1779988772781,2,Pitching Mound.Delivery,,Delivery,pitch.1,438329,8.2406,-11.0149,93.5209,-23.8949,70.3076,59.3619,-0.1001,0.0387
1779988772781,2,Pitching Mound.Drive,,Delivery,pitch.1,438903,0.0267,-0.1786,1.6855,0.7049,-2.2569,-2.4031,0.0,0.0
1779988772781,2,Pitching Mound.Drive,,Delivery,pitch.1,438904,0.0375,-0.1801,1.6732,0.6788,-2.1121,-2.3705,0.0,0.0
1779988772781,2,Pitching Mound.Parent,,Delivery,pitch.1,437948,8.2108,-11.2302,95.4817,-23.4423,68.306,57.2148,-0.0984,0.0368
1779988772781,2,Pitching Mound.Parent,,Delivery,pitch.1,437949,8.2781,-11.1949,95.1942,-23.2161,68.1956,56.9914,-0.0983,0.038
1779988772782,2,11.0000004b,Drive,Delivery,pitch.1,438905,0.0348,-0.1699,1.71,0.6875,-2.2253,-2.3748,0.0,0.0
1779988772782,2,12.00000015,Lower Delivery,Delivery,pitch.1,438633,18.3432,-4.2548,58.0579,-110.8847,54.5964,36.8541,-0.1252,-0.2543
1779988772782,2,12.00000018,Upper Delivery,Delivery,pitch.1,439489,-10.0757,-6.7203,34.8473,78.6156,15.3977,31.8014,-0.0588,0.3003
1779988772782,2,Pitching Mound.Delivery,,Delivery,pitch.1,438330,8.2675,-10.9751,92.9052,-24.3775,69.9941,58.9931,-0.1003,0.0387
1779988772782,2,Pitching Mound.Drive,,Delivery,pitch.1,438905,0.0348,-0.1699,1.71,0.6875,-2.2253,-2.3748,0.0,0.0
1779988772782,2,Pitching Mound.Parent,,Delivery,pitch.1,437950,8.3023,-11.145,94.6152,-23.6901,67.7688,56.6183,-0.0985,0.038
1779988772783,2,11.0000004b,Drive,Delivery,pitch.1,438906,0.0101,-0.1849,1.8157,0.6776,-2.2668,-2.3733,0.0,0.0
1779988772783,2,12.00000015,Lower Delivery,Delivery,pitch.1,438634,18.2846,-4.212,57.5163,-109.7073,54.1674,36.6804,-0.1254,-0.2539
1779988772783,2,Pitching Mound.Drive,,Delivery,pitch.1,438906,0.0101,-0.1849,1.8157,0.6776,-2.2668,-2.3733,0.0,0.0
1779988772784,2,11.0000004b,Drive,Delivery,pitch.1,438907,0.0018,-0.1896,1.8511,0.6768,-2.2944,-2.3991,0.0,0.0
1779988772784,2,12.00000015,Lower Delivery,Delivery,pitch.1,438635,18.2377,-4.1983,57.2103,-109.3373,53.9994,36.4869,-0.1257,-0.2544
1779988772784,2,12.00000018,Upper Delivery,Delivery,pitch.1,439490,-10.01,-6.7387,34.6324,78.361,15.364,31.6656,-0.0591,0.3012
1779988772784,2,12.00000018,Upper Delivery,Delivery,pitch.1,439491,-9.9357,-6.7362,34.2022,77.2775,15.1896,31.5207,-0.0591,0.3008
1779988772784,2,Pitching Mound.Delivery,,Delivery,pitch.1,438331,8.2746,-10.9506,92.1487,-23.5658,69.5314,58.7258,-0.1005,0.0391
1779988772784,2,Pitching Mound.Delivery,,Delivery,pitch.1,438332,8.302,-10.9346,91.4124,-24.2371,69.1891,58.4286,-0.1008,0.0389
1779988772784,2,Pitching Mound.Drive,,Delivery,pitch.1,438907,0.0018,-0.1896,1.8511,0.6768,-2.2944,-2.3991,0.0,0.0
1779988772784,2,Pitching Mound.Parent,,Delivery,pitch.1,437951,8.2847,-11.1356,93.9644,-22.8883,67.2646,56.3525,-0.0985,0.0384
1779988772784,2,Pitching Mound.Parent,,Delivery,pitch.1,437952,8.3038,-11.1242,93.2635,-23.5603,66.8947,56.0296,-0.0988,0.0381
1779988772785,2,11.0000004b,Drive,Delivery,pitch.1,438908,0.0055,-0.2037,1.8724,0.6926,-2.4797,-2.41,0.0,0.0
1779988772785,2,12.00000015,Lower Delivery,Delivery,pitch.1,438636,18.1883,-4.1847,56.8692,-108.641,53.8242,36.2811,-0.126,-0.2543
1779988772785,2,12.00000018,Upper Delivery,Delivery,pitch.1,439492,-9.8668,-6.6939,33.7945,76.5037,14.8153,31.3612,-0.0584,0.3014
1779988772785,2,Pitching Mound.Delivery,,Delivery,pitch.1,438333,8.3215,-10.8787,90.6636,-24.2919,68.6394,58.1036,-0.1008,0.0393
1779988772785,2,Pitching Mound.Drive,,Delivery,pitch.1,438908,0.0055,-0.2037,1.8724,0.6926,-2.4797,-2.41,0.0,0.0
1779988772785,2,Pitching Mound.Parent,,Delivery,pitch.1,437953,8.3271,-11.0824,92.536,-23.5993,66.1597,55.6936,-0.0987,0.0385
1779988772786,2,11.0000004b,Drive,Delivery,pitch.1,438909,0.0167,-0.196,1.8536,0.687,-2.4456,-2.4116,0.0,0.0
1779988772786,2,12.00000015,Lower Delivery,Delivery,pitch.1,438637,18.1196,-4.1551,56.4048,-108.2273,53.6986,36.1128,-0.1267,-0.2554
1779988772786,2,12.00000018,Upper Delivery,Delivery,pitch.1,439493,-9.7545,-6.6737,33.3193,75.529,14.6123,31.1754,-0.0584,0.3018
1779988772786,2,Pitching Mound.Delivery,,Delivery,pitch.1,438334,8.3652,-10.8288,89.7241,-24.8492,68.3109,57.811,-0.1014,0.039
1779988772786,2,Pitching Mound.Drive,,Delivery,pitch.1,438909,0.0167,-0.196,1.8536,0.687,-2.4456,-2.4116,0.0,0.0
1779988772786,2,Pitching Mound.Parent,,Delivery,pitch.1,437954,8.3819,-11.0248,91.5777,-24.1622,65.8653,55.3995,-0.0993,0.0382
1779988772787,2,11.0000004b,Drive,Delivery,pitch.1,438910,0.0043,-0.2223,1.9325,0.7131,-2.6169,-2.4056,0.0,0.0
1779988772787,2,12.00000015,Lower Delivery,Delivery,pitch.1,438638,18.0829,-4.1317,56.3342,-107.9092,53.8404,35.958,-0.1272,-0.255
1779988772787,2,12.00000018,Upper Delivery,Delivery,pitch.1,439494,-9.6705,-6.5887,32.9038,74.6214,14.3212,31.0246,-0.0579,0.3019
1779988772787,2,Pitching Mound.Delivery,,Delivery,pitch.1,438335,8.4124,-10.7204,89.238,-25.3215,68.1616,57.5464,-0.1017,0.0396
1779988772787,2,Pitching Mound.Drive,,Delivery,pitch.1,438910,0.0043,-0.2223,1.9325,0.7131,-2.6169,-2.4056,0.0,0.0
1779988772787,2,Pitching Mound.Parent,,Delivery,pitch.1,437955,8.4167,-10.9427,91.1705,-24.6084,65.5448,55.1408,-0.0995,0.0388
1779988772788,2,11.0000004b,Drive,Delivery,pitch.1,438911,0.0322,-0.2116,1.8251,0.6791,-2.4161,-2.3688,0.0,0.0
1779988772788,2,12.00000015,Lower Delivery,Delivery,pitch.1,438639,18.046,-4.1302,56.1525,-107.4052,53.7983,35.7991,-0.1275,-0.2546
1779988772788,2,12.00000018,Upper Delivery,Delivery,pitch.1,439495,-9.5784,-6.5374,32.572,73.8066,14.0888,30.821,-0.0576,0.3017
1779988772788,2,Pitching Mound.Delivery,,Delivery,pitch.1,438336,8.4677,-10.6676,88.7244,-25.5812,67.8871,57.2278,-0.1019,0.0399
1779988772788,2,Pitching Mound.Drive,,Delivery,pitch.1,438911,0.0322,-0.2116,1.8251,0.6791,-2.4161,-2.3688,0.0,0.0
1779988772788,2,Pitching Mound.Parent,,Delivery,pitch.1,437956,8.4999,-10.8792,90.5495,-24.902,65.4709,54.859,-0.0998,0.0391
1779988772789,2,11.0000004b,Drive,Delivery,pitch.1,438912,0.0042,-0.226,1.9108,0.7046,-2.5679,-2.3619,0.0,0.0
1779988772789,2,12.00000015,Lower Delivery,Delivery,pitch.1,438640,18.0155,-4.1154,55.9071,-107.2361,53.862,35.6392,-0.1283,-0.2554
1779988772789,2,12.00000018,Upper Delivery,Delivery,pitch.1,439496,-9.4624,-6.4439,32.2208,73.1256,13.7309,30.6551,-0.0567,0.3021
1779988772789,2,Pitching Mound.Delivery,,Delivery,pitch.1,438337,8.5531,-10.5593,88.1279,-26.0571,67.5929,56.9518,-0.1021,0.0399
1779988772789,2,Pitching Mound.Drive,,Delivery,pitch.1,438912,0.0042,-0.226,1.9108,0.7046,-2.5679,-2.3619,0.0,0.0
1779988772789,2,Pitching Mound.Parent,,Delivery,pitch.1,437957,8.5573,-10.7853,90.0387,-25.3525,65.0249,54.5899,-0.0999,0.039
1779988772790,2,11.0000004b,Drive,Delivery,pitch.1,438913,0.0085,-0.236,1.9293,0.7141,-2.6425,-2.3981,0.0,0.0
1779988772790,2,12.00000015,Lower Delivery,Delivery,pitch.1,438641,17.9944,-4.1222,55.8541,-106.7853,54.0181,35.5322,-0.1288,-0.2545
1779988772790,2,12.00000018,Upper Delivery,Delivery,pitch.1,439497,-9.39,-6.3995,31.6836,72.3713,13.4785,30.5152,-0.0566,0.3041
1779988772790,2,Pitching Mound.Delivery,,Delivery,pitch.1,438338,8.6044,-10.5218,87.5376,-26.196,67.4966,56.7367,-0.1026,0.0415
1779988772790,2,Pitching Mound.Drive,,Delivery,pitch.1,438913,0.0085,-0.236,1.9293,0.7141,-2.6425,-2.3981,0.0,0.0
1779988772790,2,Pitching Mound.Parent,,Delivery,pitch.1,437958,8.6129,-10.7578,89.4669,-25.4819,64.8541,54.3386,-0.1004,0.0406
1779988772791,2,11.0000004b,Drive,Delivery,pitch.1,438914,0.0064,-0.2301,1.8721,0.7322,-2.6886,-2.3942,0.0,0.0
1779988772791,2,12.00000015,Lower Delivery,Delivery,pitch.1,438642,17.991,-4.1303,55.9545,-106.3809,54.0397,35.4101,-0.1286,-0.2531
1779988772791,2,12.00000018,Upper Delivery,Delivery,pitch.1,439498,-9.3223,-6.354,31.353,71.9336,13.3917,30.4136,-0.0569,0.3054
1779988772791,2,Pitching Mound.Delivery,,Delivery,pitch.1,438339,8.6687,-10.4843,87.3075,-26.0828,67.4313,56.5372,-0.1028,0.0433
1779988772791,2,Pitching Mound.Drive,,Delivery,pitch.1,438914,0.0064,-0.2301,1.8721,0.7322,-2.6886,-2.3942,0.0,0.0
1779988772791,2,Pitching Mound.Parent,,Delivery,pitch.1,437959,8.6751,-10.7145,89.1795,-25.3506,64.7428,54.143,-0.1007,0.0424
1779988772792,2,11.0000004b,Drive,Delivery,pitch.1,438915,-0.0022,-0.215,1.8525,0.7432,-2.8801,-2.4266,0.0,0.0
1779988772792,2,12.00000015,Lower Delivery,Delivery,pitch.1,438643,17.9601,-4.1493,55.9694,-106.3439,54.1741,35.2415,-0.1289,-0.2529
1779988772792,2,12.00000018,Upper Delivery,Delivery,pitch.1,439499,-9.2526,-6.2559,30.9658,71.2297,13.0364,30.2701,-0.056,0.3062
1779988772792,2,Pitching Mound.Delivery,,Delivery,pitch.1,438340,8.7075,-10.4053,86.9353,-26.613,67.2105,56.2592,-0.1029,0.044
1779988772792,2,Pitching Mound.Drive,,Delivery,pitch.1,438915,-0.0022,-0.215,1.8525,0.7432,-2.8801,-2.4266,0.0,0.0
1779988772792,2,Pitching Mound.Parent,,Delivery,pitch.1,437960,8.7053,-10.6203,88.7878,-25.8698,64.3304,53.8326,-0.1008,0.0431
1779988772793,2,11.0000004b,Drive,Delivery,pitch.1,438916,0.0186,-0.2367,1.7933,0.7509,-2.9219,-2.4283,0.0,0.0
1779988772793,2,12.00000015,Lower Delivery,Delivery,pitch.1,438644,17.9601,-4.1839,55.9297,-106.3716,54.3639,35.1414,-0.1294,-0.2532
1779988772793,2,12.00000018,Upper Delivery,Delivery,pitch.1,439500,-9.2064,-6.214,30.7341,70.701,12.8522,30.1314,-0.0557,0.3062
1779988772793,2,Pitching Mound.Delivery,,Delivery,pitch.1,438341,8.7538,-10.3979,86.6638,-27.1041,67.2161,56.0362,-0.1033,0.0441
1779988772793,2,Pitching Mound.Drive,,Delivery,pitch.1,438916,0.0186,-0.2367,1.7933,0.7509,-2.9219,-2.4283,0.0,0.0
1779988772793,2,Pitching Mound.Parent,,Delivery,pitch.1,437961,8.7724,-10.6346,88.4571,-26.3531,64.2943,53.6079,-0.1012,0.0432
1779988772794,2,11.0000004b,Drive,Delivery,pitch.1,438917,0.0202,-0.225,1.7458,0.7665,-3.0102,-2.4272,0.0,0.0
1779988772794,2,12.00000015,Lower Delivery,Delivery,pitch.1,438645,17.9851,-4.2084,56.3251,-106.7473,54.5496,35.047,-0.1289,-0.2523
1779988772794,2,12.00000018,Upper Delivery,Delivery,pitch.1,439501,-9.141,-6.1965,30.5016,70.22,12.871,30.0427,-0.0562,0.3065
1779988772794,2,Pitching Mound.Delivery,,Delivery,pitch.1,438342,8.8441,-10.4049,86.8268,-27.7473,67.4206,55.8668,-0.1034,0.0451
1779988772794,2,Pitching Mound.Drive,,Delivery,pitch.1,438917,0.0202,-0.225,1.7458,0.7665,-3.0102,-2.4272,0.0,0.0
1779988772794,2,Pitching Mound.Parent,,Delivery,pitch.1,437962,8.8643,-10.6298,88.5725,-26.9808,64.4104,53.4396,-0.1013,0.0442
1779988772795,2,11.0000004b,Drive,Delivery,pitch.1,438918,0.0228,-0.2223,1.7384,0.7619,-3.0146,-2.3915,0.0,0.0
1779988772795,2,12.00000015,Lower Delivery,Delivery,pitch.1,438646,17.9478,-4.2347,56.0834,-106.7671,54.8341,34.9614,-0.1302,-0.2534
1779988772795,2,12.00000018,Upper Delivery,Delivery,pitch.1,439502,-9.1129,-6.2015,30.3334,69.8281,12.5526,29.9366,-0.0551,0.3065
1779988772795,2,Pitching Mound.Delivery,,Delivery,pitch.1,438343,8.8349,-10.4362,86.4167,-28.184,67.3866,55.6974,-0.1038,0.0444
1779988772795,2,Pitching Mound.Drive,,Delivery,pitch.1,438918,0.0228,-0.2223,1.7384,0.7619,-3.0146,-2.3915,0.0,0.0
1779988772795,2,Pitching Mound.Parent,,Delivery,pitch.1,437963,8.8577,-10.6585,88.1552,-27.4221,64.372,53.3059,-0.1018,0.0435
1779988772796,2,11.0000004b,Drive,Delivery,pitch.1,438919,0.0212,-0.2064,1.6869,0.7411,-2.7556,-2.3713,0.0,0.0
1779988772796,2,12.00000015,Lower Delivery,Delivery,pitch.1,438647,17.9518,-4.2709,56.2546,-106.8133,54.9906,34.8918,-0.1301,-0.2528
1779988772796,2,12.00000018,Upper Delivery,Delivery,pitch.1,439503,-9.1116,-6.2255,30.2147,69.5184,12.3931,29.817,-0.0546,0.3063
1779988772796,2,Pitching Mound.Delivery,,Delivery,pitch.1,438344,8.8403,-10.4964,86.4693,-28.4414,67.3837,55.5072,-0.1037,0.045
1779988772796,2,Pitching Mound.Drive,,Delivery,pitch.1,438919,0.0212,-0.2064,1.6869,0.7411,-2.7556,-2.3713,0.0,0.0
1779988772796,2,Pitching Mound.Parent,,Delivery,pitch.1,437964,8.8614,-10.7029,88.1562,-27.7003,64.6282,53.1359,-0.1018,0.0441
1779988772797,2,11.0000004b,Drive,Delivery,pitch.1,438920,0.01,-0.2188,1.7029,0.753,-2.8755,-2.3805,0.0,0.0
1779988772797,2,12.00000015,Lower Delivery,Delivery,pitch.1,438648,17.9427,-4.3008,56.5066,-106.952,55.0667,34.7577,-0.1297,-0.252
1779988772797,2,12.00000018,Upper Delivery,Delivery,pitch.1,439504,-9.1033,-6.2283,30.1283,69.1932,12.2988,29.7421,-0.0543,0.3057
1779988772797,2,Pitching Mound.Delivery,,Delivery,pitch.1,438345,8.8394,-10.5292,86.6349,-28.7902,67.3655,55.3041,-0.1035,0.0455
1779988772797,2,Pitching Mound.Drive,,Delivery,pitch.1,438920,0.01,-0.2188,1.7029,0.753,-2.8755,-2.3805,0.0,0.0
1779988772797,2,Pitching Mound.Parent,,Delivery,pitch.1,437965,8.8494,-10.748,88.3379,-28.0372,64.4899,52.9237,-0.1015,0.0446
1779988772798,2,11.0000004b,Drive,Delivery,pitch.1,438921,0.0283,-0.2057,1.6508,0.7397,-2.8779,-2.3916,0.0,0.0
1779988772798,2,12.00000015,Lower Delivery,Delivery,pitch.1,438649,17.9213,-4.3613,56.7925,-107.0578,55.1222,34.6273,-0.1292,-0.251
1779988772798,2,12.00000018,Upper Delivery,Delivery,pitch.1,439505,-9.0877,-6.2672,30.3482,68.8428,12.0623,29.6321,-0.0529,0.302
1779988772798,2,Pitching Mound.Delivery,,Delivery,pitch.1,438346,8.8336,-10.6285,87.1407,-29.2239,67.1845,55.0763,-0.1026,0.0448
1779988772798,2,Pitching Mound.Drive,,Delivery,pitch.1,438921,0.0283,-0.2057,1.6508,0.7397,-2.8779,-2.3916,0.0,0.0
1779988772798,2,Pitching Mound.Parent,,Delivery,pitch.1,437966,8.8619,-10.8341,88.7915,-28.4843,64.3066,52.6847,-0.1007,0.044
1779988772799,2,11.0000004b,Drive,Delivery,pitch.1,438922,0.0185,-0.2481,1.6704,0.7381,-2.9679,-2.407,0.0,0.0
1779988772799,2,12.00000015,Lower Delivery,Delivery,pitch.1,438650,17.8917,-4.3995,56.7671,-107.0789,55.2021,34.5084,-0.1295,-0.2511
1779988772799,2,12.00000018,Upper Delivery,Delivery,pitch.1,439506,-9.0395,-6.2473,30.0803,68.0427,11.7982,29.5203,-0.0522,0.3011
1779988772799,2,Pitching Mound.Delivery,,Delivery,pitch.1,438347,8.8522,-10.6467,86.8474,-29.9627,67.0003,54.8721,-0.1027,0.0446
1779988772799,2,Pitching Mound.Drive,,Delivery,pitch.1,438922,0.0185,-0.2481,1.6704,0.7381,-2.9679,-2.407,0.0,0.0
1779988772799,2,Pitching Mound.Parent,,Delivery,pitch.1,437967,8.8707,-10.8948,88.5178,-29.2246,64.0324,52.4651,-0.1008,0.0438
1779988772800,2,11.0000004b,Drive,Delivery,pitch.1,438923,0.0258,-0.219,1.6763,0.7401,-2.857,-2.3847,0.0,0.0
1779988772800,2,12.00000015,Lower Delivery,Delivery,pitch.1,438651,17.8585,-4.4758,56.7468,-107.3141,55.4926,34.4081,-0.1302,-0.2518
1779988772800,2,12.00000018,Upper Delivery,Delivery,pitch.1,439507,-9.0162,-6.2111,29.8456,67.4946,11.7474,29.4524,-0.0524,0.3011
1779988772800,2,Pitching Mound.Delivery,,Delivery,pitch.1,438348,8.8423,-10.6869,86.5924,-30.6731,67.24,54.723,-0.1034,0.0444
1779988772800,2,Pitching Mound.Drive,,Delivery,pitch.1,438923,0.0258,-0.219,1.6763,0.7401,-2.857,-2.3847,0.0,0.0
1779988772800,2,Pitching Mound.Parent,,Delivery,pitch.1,437968,8.8681,-10.9059,88.2688,-29.933,64.383,52.3384,-0.1014,0.0436
1779988772801,2,11.0000004b,Drive,Delivery,pitch.1,438924,0.0257,-0.2425,1.6565,0.7114,-2.7769,-2.3648,0.0,0.0
1779988772801,2,12.00000015,Lower Delivery,Delivery,pitch.1,438652,17.8329,-4.5102,56.8607,-107.2809,55.458,34.2183,-0.1298,-0.2512
1779988772801,2,12.00000018,Upper Delivery,Delivery,pitch.1,439508,-8.9962,-6.1779,29.7514,67.1058,11.4588,29.2826,-0.0513,0.3003
1779988772801,2,Pitching Mound.Delivery,,Delivery,pitch.1,438349,8.8367,-10.6881,86.6121,-30.958,66.9169,54.3789,-0.1029,0.0447
1779988772801,2,Pitching Mound.Drive,,Delivery,pitch.1,438924,0.0257,-0.2425,1.6565,0.7114,-2.7769,-2.3648,0.0,0.0
1779988772801,2,Pitching Mound.Parent,,Delivery,pitch.1,437969,8.8624,-10.9306,88.2686,-30.2466,64.1399,52.0142,-0.1009,0.0438
1779988772802,2,11.0000004b,Drive,Delivery,pitch.1,438925,0.0175,-0.2613,1.7195,0.7323,-2.8524,-2.3877,0.0,0.0
1779988772802,2,12.00000018,Upper Delivery,Delivery,pitch.1,439509,-8.9574,-6.2084,29.62,66.6103,11.4094,29.1375,-0.0513,0.2994
1779988772802,2,Pitching Mound.Drive,,Delivery,pitch.1,438925,0.0175,-0.2613,1.7195,0.7323,-2.8524,-2.3877,0.0,0.0
1779988772803,2,11.0000004b,Drive,Delivery,pitch.1,438926,0.0459,-0.2751,1.7309,0.7377,-2.8748,-2.3714,0.0,0.0
1779988772803,2,12.00000015,Lower Delivery,Delivery,pitch.1,438653,17.8203,-4.5279,56.5601,-107.2963,55.6918,34.093,-0.1311,-0.2525
1779988772803,2,12.00000015,Lower Delivery,Delivery,pitch.1,438654,17.7852,-4.5248,56.5867,-107.4966,55.8931,34.0076,-0.1315,-0.2529
1779988772803,2,12.00000018,Upper Delivery,Delivery,pitch.1,439510,-8.9389,-6.191,29.5699,66.2465,11.4127,29.0134,-0.0514,0.2982
1779988772803,2,Pitching Mound.Delivery,,Delivery,pitch.1,438350,8.8629,-10.7363,86.18,-31.5264,67.1011,54.1261,-0.1037,0.0434
1779988772803,2,Pitching Mound.Delivery,,Delivery,pitch.1,438351,8.8463,-10.7157,86.1566,-32.0644,67.3057,53.9348,-0.104,0.0429
1779988772803,2,Pitching Mound.Drive,,Delivery,pitch.1,438926,0.0459,-0.2751,1.7309,0.7377,-2.8748,-2.3714,0.0,0.0
1779988772803,2,Pitching Mound.Parent,,Delivery,pitch.1,437970,8.8804,-10.9976,87.8996,-30.7941,64.2487,51.7384,-0.1016,0.0426
1779988772803,2,Pitching Mound.Parent,,Delivery,pitch.1,437971,8.8922,-10.9908,87.8876,-31.3267,64.4309,51.5634,-0.102,0.042
1779988772804,2,11.0000004b,Drive,Delivery,pitch.1,438927,0.0342,-0.281,1.7498,0.7301,-2.8349,-2.3899,0.0,0.0
1779988772804,2,12.00000015,Lower Delivery,Delivery,pitch.1,438655,17.7523,-4.5305,56.4885,-107.1028,55.7396,33.8664,-0.1314,-0.2524
1779988772804,2,12.00000018,Upper Delivery,Delivery,pitch.1,439511,-8.8651,-6.1101,29.0168,65.6255,11.17,28.8873,-0.0512,0.3011
1779988772804,2,Pitching Mound.Delivery,,Delivery,pitch.1,438352,8.8872,-10.6406,85.5053,-32.1369,66.9095,53.7039,-0.1042,0.0447
1779988772804,2,Pitching Mound.Drive,,Delivery,pitch.1,438927,0.0342,-0.281,1.7498,0.7301,-2.8349,-2.3899,0.0,0.0
1779988772804,2,Pitching Mound.Parent,,Delivery,pitch.1,437972,8.9214,-10.9215,87.2552,-31.4068,64.0747,51.3139,-0.1021,0.0438
1779988772805,2,11.0000004b,Drive,Delivery,pitch.1,438928,0.0219,-0.2748,1.7661,0.7254,-2.7896,-2.3617,0.0,0.0
1779988772805,2,12.00000015,Lower Delivery,Delivery,pitch.1,438656,17.7053,-4.5382,56.5336,-106.9334,55.9179,33.7093,-0.1317,-0.2518
1779988772805,2,12.00000018,Upper Delivery,Delivery,pitch.1,439512,-8.7821,-6.0612,28.7487,65.1853,10.9876,28.8086,-0.0509,0.3019
1779988772805,2,Pitching Mound.Delivery,,Delivery,pitch.1,438353,8.9232,-10.5993,85.2824,-32.3013,66.9055,53.5122,-0.1044,0.0456
1779988772805,2,Pitching Mound.Drive,,Delivery,pitch.1,438928,0.0219,-0.2748,1.7661,0.7254,-2.7896,-2.3617,0.0,0.0
1779988772805,2,Pitching Mound.Parent,,Delivery,pitch.1,437973,8.9452,-10.8741,87.0485,-31.5759,64.1159,51.1505,-0.1023,0.0447
1779988772806,2,11.0000004b,Drive,Delivery,pitch.1,438929,0.0183,-0.2768,1.8008,0.7168,-2.857,-2.362,0.0,0.0
1779988772806,2,12.00000015,Lower Delivery,Delivery,pitch.1,438657,17.666,-4.556,56.556,-106.7333,56.0071,33.5242,-0.1318,-0.2512
1779988772806,2,12.00000018,Upper Delivery,Delivery,pitch.1,439513,-8.7119,-6.0109,28.544,64.6029,11.0243,28.7051,-0.0514,0.3013
1779988772806,2,Pitching Mound.Delivery,,Delivery,pitch.1,438354,8.9541,-10.5669,85.1001,-32.6063,67.0315,53.2608,-0.1049,0.046
1779988772806,2,Pitching Mound.Drive,,Delivery,pitch.1,438929,0.0183,-0.2768,1.8008,0.7168,-2.857,-2.362,0.0,0.0
1779988772806,2,Pitching Mound.Parent,,Delivery,pitch.1,437974,8.9724,-10.8436,86.9009,-31.8895,64.1744,50.8989,-0.1027,0.0451
1779988772807,2,11.0000004b,Drive,Delivery,pitch.1,438930,0.014,-0.272,1.8258,0.7181,-2.8449,-2.3515,0.0,0.0
1779988772807,2,12.00000015,Lower Delivery,Delivery,pitch.1,438658,17.6234,-4.5416,56.6028,-106.6783,56.1374,33.3871,-0.132,-0.2509
1779988772807,2,12.00000018,Upper Delivery,Delivery,pitch.1,439514,-8.6459,-5.966,28.3035,64.18,10.8464,28.6182,-0.051,0.3019
1779988772807,2,Pitching Mound.Delivery,,Delivery,pitch.1,438355,8.9775,-10.5075,84.9063,-32.8765,66.9838,53.0738,-0.105,0.0467
1779988772807,2,Pitching Mound.Drive,,Delivery,pitch.1,438930,0.014,-0.272,1.8258,0.7181,-2.8449,-2.3515,0.0,0.0
1779988772807,2,Pitching Mound.Parent,,Delivery,pitch.1,437975,8.9914,-10.7795,86.7322,-32.1585,64.1389,50.7222,-0.1028,0.0457
1779988772808,2,11.0000004b,Drive,Delivery,pitch.1,438931,0.0342,-0.2688,1.8082,0.7219,-2.8252,-2.3491,0.0,0.0
1779988772808,2,12.00000015,Lower Delivery,Delivery,pitch.1,438659,17.5679,-4.5446,56.5326,-106.7579,56.4272,33.2511,-0.1329,-0.2514
1779988772808,2,12.00000018,Upper Delivery,Delivery,pitch.1,439515,-8.6313,-5.9758,28.1999,63.7993,10.8558,28.5297,-0.0512,0.3012
1779988772808,2,Pitching Mound.Delivery,,Delivery,pitch.1,438356,8.9366,-10.5205,84.7325,-33.3255,67.283,52.8731,-0.1057,0.0462
1779988772808,2,Pitching Mound.Drive,,Delivery,pitch.1,438931,0.0342,-0.2688,1.8082,0.7219,-2.8252,-2.3491,0.0,0.0
1779988772808,2,Pitching Mound.Parent,,Delivery,pitch.1,437976,8.9708,-10.7893,86.5407,-32.6036,64.4578,50.524,-0.1035,0.0452
1779988772809,2,11.0000004b,Drive,Delivery,pitch.1,438932,0.0345,-0.2312,1.825,0.703,-2.6033,-2.3281,0.0,0.0
1779988772809,2,12.00000015,Lower Delivery,Delivery,pitch.1,438660,17.5296,-4.562,56.4774,-106.8258,56.7061,33.1265,-0.1337,-0.2518
1779988772809,2,12.00000018,Upper Delivery,Delivery,pitch.1,439516,-8.5489,-5.8944,27.8973,63.1905,10.7078,28.5172,-0.0511,0.3015
1779988772809,2,Pitching Mound.Delivery,,Delivery,pitch.1,438357,8.9807,-10.4564,84.3747,-33.9181,67.414,52.777,-0.1064,0.0463
1779988772809,2,Pitching Mound.Drive,,Delivery,pitch.1,438932,0.0345,-0.2312,1.825,0.703,-2.6033,-2.3281,0.0,0.0
1779988772809,2,Pitching Mound.Parent,,Delivery,pitch.1,437977,9.0152,-10.6876,86.1997,-33.2151,64.8107,50.449,-0.1041,0.0453
1779988772810,2,11.0000004b,Drive,Delivery,pitch.1,438933,0.0232,-0.2199,1.819,0.6955,-2.5534,-2.3345,0.0,0.0
1779988772810,2,12.00000015,Lower Delivery,Delivery,pitch.1,438661,17.4705,-4.5879,56.709,-107.2968,56.8909,33.0155,-0.1336,-0.2519
1779988772810,2,12.00000018,Upper Delivery,Delivery,pitch.1,439517,-8.5042,-5.8764,27.7744,62.8415,10.5555,28.4973,-0.0506,0.3012
1779988772810,2,Pitching Mound.Delivery,,Delivery,pitch.1,438358,8.9662,-10.4644,84.4834,-34.6177,67.4463,52.6814,-0.1063,0.0464
1779988772810,2,Pitching Mound.Drive,,Delivery,pitch.1,438933,0.0232,-0.2199,1.819,0.6955,-2.5534,-2.3345,0.0,0.0
1779988772810,2,Pitching Mound.Parent,,Delivery,pitch.1,437978,8.9894,-10.6843,86.3025,-33.9222,64.8929,50.3468,-0.104,0.0454
1779988772811,2,11.0000004b,Drive,Delivery,pitch.1,438934,0.0272,-0.2238,1.8303,0.7033,-2.5885,-2.3329,0.0,0.0
1779988772811,2,12.00000015,Lower Delivery,Delivery,pitch.1,438662,17.4237,-4.6259,57.0253,-107.5331,57.0279,32.8692,-0.1331,-0.251
1779988772811,2,12.00000018,Upper Delivery,Delivery,pitch.1,439518,-8.4624,-5.8678,27.5409,62.3196,10.2368,28.3899,-0.0495,0.3012
1779988772811,2,Pitching Mound.Delivery,,Delivery,pitch.1,438359,8.9613,-10.4938,84.5662,-35.1888,67.2647,52.4578,-0.1059,0.0474
1779988772811,2,Pitching Mound.Drive,,Delivery,pitch.1,438934,0.0272,-0.2238,1.8303,0.7033,-2.5885,-2.3329,0.0,0.0
1779988772811,2,Pitching Mound.Parent,,Delivery,pitch.1,437979,8.9884,-10.7176,86.3965,-34.4855,64.6762,50.1248,-0.1036,0.0464
1779988772812,2,11.0000004b,Drive,Delivery,pitch.1,438935,0.021,-0.2198,1.8504,0.6981,-2.5118,-2.3597,0.0,0.0
1779988772812,2,12.00000015,Lower Delivery,Delivery,pitch.1,438663,17.3857,-4.6381,57.2793,-107.972,57.1978,32.7196,-0.1329,-0.2509
1779988772812,2,12.00000018,Upper Delivery,Delivery,pitch.1,439519,-8.4461,-5.8547,27.4669,61.9865,10.0082,28.3194,-0.0485,0.3004
1779988772812,2,Pitching Mound.Delivery,,Delivery,pitch.1,438360,8.9396,-10.4927,84.7462,-35.8493,67.206,52.2562,-0.1056,0.0474
1779988772812,2,Pitching Mound.Drive,,Delivery,pitch.1,438935,0.021,-0.2198,1.8504,0.6981,-2.5118,-2.3597,0.0,0.0
1779988772812,2,Pitching Mound.Parent,,Delivery,pitch.1,437980,8.9605,-10.7125,86.5967,-35.1512,64.6942,49.8964,-0.1033,0.0464
1779988772813,2,11.0000004b,Drive,Delivery,pitch.1,438936,0.0253,-0.2083,1.7971,0.7072,-2.5007,-2.3509,0.0,0.0
1779988772813,2,12.00000015,Lower Delivery,Delivery,pitch.1,438664,17.318,-4.7023,57.611,-108.4229,57.4704,32.5994,-0.1328,-0.2505
1779988772813,2,12.00000018,Upper Delivery,Delivery,pitch.1,439520,-8.3724,-5.797,27.1577,61.5697,9.9397,28.3322,-0.0487,0.3018
1779988772813,2,Pitching Mound.Delivery,,Delivery,pitch.1,438361,8.9456,-10.4993,84.7688,-36.4991,67.4101,52.1969,-0.1059,0.0486
1779988772813,2,Pitching Mound.Drive,,Delivery,pitch.1,438936,0.0253,-0.2083,1.7971,0.7072,-2.5007,-2.3509,0.0,0.0
1779988772813,2,Pitching Mound.Parent,,Delivery,pitch.1,437981,8.9709,-10.7076,86.5659,-35.7919,64.9094,49.8459,-0.1037,0.0476
1779988772814,2,11.0000004b,Drive,Delivery,pitch.1,438937,0.0157,-0.2042,1.7714,0.7096,-2.4915,-2.3641,0.0,0.0
1779988772814,2,12.00000015,Lower Delivery,Delivery,pitch.1,438665,17.2591,-4.7521,57.947,-108.8556,57.8128,32.4382,-0.1328,-0.2501
1779988772814,2,12.00000018,Upper Delivery,Delivery,pitch.1,439521,-8.3707,-5.8325,27.1539,61.2862,9.7383,28.2889,-0.0477,0.3005
1779988772814,2,Pitching Mound.Delivery,,Delivery,pitch.1,438362,8.8884,-10.5846,85.1008,-37.0997,67.5511,52.013,-0.1057,0.0486
1779988772814,2,Pitching Mound.Drive,,Delivery,pitch.1,438937,0.0157,-0.2042,1.7714,0.7096,-2.4915,-2.3641,0.0,0.0
1779988772814,2,Pitching Mound.Parent,,Delivery,pitch.1,437982,8.9041,-10.7889,86.8722,-36.3901,65.0596,49.6488,-0.1035,0.0476
1779988772815,2,11.0000004b,Drive,Delivery,pitch.1,438938,0.0046,-0.1723,1.8269,0.6781,-2.2944,-2.3299,0.0,0.0
1779988772815,2,12.00000015,Lower Delivery,Delivery,pitch.1,438666,17.1935,-4.8072,58.0211,-109.2355,58.0697,32.2956,-0.1332,-0.2506
1779988772815,2,12.00000018,Upper Delivery,Delivery,pitch.1,439522,-8.3528,-5.8379,27.0347,61.1077,9.4204,28.2431,-0.0464,0.3009
1779988772815,2,Pitching Mound.Delivery,,Delivery,pitch.1,438363,8.8407,-10.6451,85.0558,-37.5924,67.4901,51.853,-0.1056,0.0485
1779988772815,2,Pitching Mound.Drive,,Delivery,pitch.1,438938,0.0046,-0.1723,1.8269,0.6781,-2.2944,-2.3299,0.0,0.0
1779988772815,2,Pitching Mound.Parent,,Delivery,pitch.1,437983,8.8453,-10.8174,86.8827,-36.9143,65.1957,49.5231,-0.1034,0.0475
1779988772816,2,11.0000004b,Drive,Delivery,pitch.1,438939,0.0106,-0.1878,1.7849,0.7063,-2.3735,-2.3804,0.0,0.0
1779988772816,2,12.00000015,Lower Delivery,Delivery,pitch.1,438667,17.1422,-4.8845,58.3996,-109.7491,58.4413,32.1637,-0.1332,-0.2502
1779988772816,2,12.00000018,Upper Delivery,Delivery,pitch.1,439523,-8.3337,-5.8376,27.0074,60.9103,9.1945,28.2363,-0.0453,0.3002
1779988772816,2,Pitching Mound.Delivery,,Delivery,pitch.1,438364,8.8084,-10.7221,85.407,-38.1654,67.6358,51.7382,-0.1054,0.0488
1779988772816,2,Pitching Mound.Drive,,Delivery,pitch.1,438939,0.0106,-0.1878,1.7849,0.7063,-2.3735,-2.3804,0.0,0.0
1779988772816,2,Pitching Mound.Parent,,Delivery,pitch.1,437984,8.819,-10.9099,87.192,-37.4591,65.2623,49.3578,-0.1033,0.0478
1779988772817,2,11.0000004b,Drive,Delivery,pitch.1,438940,-0.0024,-0.2016,1.8171,0.6945,-2.3492,-2.3869,0.0,0.0
1779988772817,2,12.00000015,Lower Delivery,Delivery,pitch.1,438668,17.0641,-4.946,58.3953,-110.0741,58.6785,32.0274,-0.1338,-0.2509
1779988772817,2,12.00000018,Upper Delivery,Delivery,pitch.1,439524,-8.3084,-5.8294,26.8521,60.607,8.9791,28.1751,-0.0445,0.3005
1779988772817,2,Pitching Mound.Delivery,,Delivery,pitch.1,438365,8.7557,-10.7753,85.2474,-38.7423,67.6576,51.5758,-0.1057,0.0486
1779988772817,2,Pitching Mound.Drive,,Delivery,pitch.1,438940,-0.0024,-0.2016,1.8171,0.6945,-2.3492,-2.3869,0.0,0.0
1779988772817,2,Pitching Mound.Parent,,Delivery,pitch.1,437985,8.7533,-10.9769,87.0645,-38.0479,65.3084,49.189,-0.1035,0.0475
1779988772818,2,11.0000004b,Drive,Delivery,pitch.1,438941,-0.0198,-0.1825,1.8282,0.7041,-2.3536,-2.3935,0.0,0.0
1779988772818,2,12.00000015,Lower Delivery,Delivery,pitch.1,438669,16.978,-5.0331,58.5243,-110.4445,58.9951,31.8405,-0.1342,-0.2512
1779988772818,2,12.00000018,Upper Delivery,Delivery,pitch.1,439525,-8.2825,-5.8614,26.8973,60.5332,9.0895,28.1465,-0.045,0.2996
1779988772818,2,Pitching Mound.Delivery,,Delivery,pitch.1,438366,8.6954,-10.8945,85.4215,-39.1581,68.0846,51.3983,-0.1061,0.0481
1779988772818,2,Pitching Mound.Drive,,Delivery,pitch.1,438941,-0.0198,-0.1825,1.8282,0.7041,-2.3536,-2.3935,0.0,0.0
1779988772818,2,Pitching Mound.Parent,,Delivery,pitch.1,437986,8.6756,-11.0769,87.2497,-38.454,65.731,49.0049,-0.1039,0.0471
1779988772819,2,11.0000004b,Drive,Delivery,pitch.1,438942,-0.0085,-0.173,1.8304,0.6655,-2.354,-2.3813,0.0,0.0
1779988772819,2,12.00000015,Lower Delivery,Delivery,pitch.1,438670,16.8963,-5.0945,58.6462,-110.6679,59.2633,31.7163,-0.1345,-0.2512
1779988772819,2,12.00000018,Upper Delivery,Delivery,pitch.1,439526,-8.25,-5.8647,26.8041,60.4281,8.9061,28.1394,-0.0442,0.3001
1779988772819,2,Pitching Mound.Delivery,,Delivery,pitch.1,438367,8.6463,-10.9592,85.4503,-39.4135,68.1694,51.3059,-0.1062,0.0484
1779988772819,2,Pitching Mound.Drive,,Delivery,pitch.1,438942,-0.0085,-0.173,1.8304,0.6655,-2.354,-2.3813,0.0,0.0
1779988772819,2,Pitching Mound.Parent,,Delivery,pitch.1,437987,8.6379,-11.1322,87.2807,-38.748,65.8154,48.9246,-0.104,0.0474
1779988772820,2,11.0000004b,Drive,Delivery,pitch.1,438943,-0.0205,-0.1892,1.8028,0.6723,-2.3177,-2.3742,0.0,0.0
1779988772820,2,12.00000015,Lower Delivery,Delivery,pitch.1,438671,16.8456,-5.1712,59.0616,-111.2029,59.57,31.5689,-0.1343,-0.2507
1779988772820,2,12.00000018,Upper Delivery,Delivery,pitch.1,439527,-8.2283,-5.9277,26.7482,60.1527,8.7264,28.1019,-0.0434,0.2994
1779988772820,2,Pitching Mound.Delivery,,Delivery,pitch.1,438368,8.6173,-11.0989,85.8098,-40.0636,68.2965,51.1457,-0.106,0.0488
1779988772820,2,Pitching Mound.Drive,,Delivery,pitch.1,438943,-0.0205,-0.1892,1.8028,0.6723,-2.3177,-2.3742,0.0,0.0
1779988772820,2,Pitching Mound.Parent,,Delivery,pitch.1,437988,8.5968,-11.2881,87.6126,-39.3913,65.9788,48.7715,-0.1038,0.0478
1779988772821,2,11.0000004b,Drive,Delivery,pitch.1,438944,-0.0205,-0.2043,1.7941,0.6713,-2.4173,-2.3869,0.0,0.0
1779988772821,2,12.00000015,Lower Delivery,Delivery,pitch.1,438672,16.7763,-5.2034,59.1841,-111.5239,59.8388,31.3496,-0.1346,-0.2509
1779988772821,2,12.00000018,Upper Delivery,Delivery,pitch.1,439528,-8.2183,-5.9729,26.7889,60.2053,8.7405,28.0768,-0.0434,0.2992
1779988772821,2,Pitching Mound.Delivery,,Delivery,pitch.1,438369,8.5581,-11.1762,85.973,-40.3042,68.5794,50.9283,-0.1062,0.0486
1779988772821,2,Pitching Mound.Drive,,Delivery,pitch.1,438944,-0.0205,-0.2043,1.7941,0.6713,-2.4173,-2.3869,0.0,0.0
1779988772821,2,Pitching Mound.Parent,,Delivery,pitch.1,437989,8.5376,-11.3805,87.7671,-39.633,66.1621,48.5414,-0.104,0.0477
1779988772822,2,11.0000004b,Drive,Delivery,pitch.1,438945,-0.0336,-0.2261,1.8444,0.6608,-2.4179,-2.3608,0.0,0.0
1779988772822,2,12.00000015,Lower Delivery,Delivery,pitch.1,438673,16.727,-5.2469,59.4944,-111.9392,60.1351,31.1233,-0.1346,-0.2505
1779988772822,2,12.00000018,Upper Delivery,Delivery,pitch.1,439529,-8.1952,-6.0296,26.8496,60.1865,8.7666,28.1007,-0.0435,0.2984
1779988772822,2,Pitching Mound.Delivery,,Delivery,pitch.1,438370,8.5318,-11.2765,86.344,-40.6535,68.9017,50.7504,-0.1062,0.0488
1779988772822,2,Pitching Mound.Drive,,Delivery,pitch.1,438945,-0.0336,-0.2261,1.8444,0.6608,-2.4179,-2.3608,0.0,0.0
1779988772822,2,Pitching Mound.Parent,,Delivery,pitch.1,437990,8.4981,-11.5026,88.1885,-39.9927,66.4838,48.3896,-0.104,0.0477
1779988772823,2,11.0000004b,Drive,Delivery,pitch.1,438946,-0.0251,-0.2218,1.8093,0.6704,-2.3928,-2.3557,0.0,0.0
1779988772823,2,12.00000015,Lower Delivery,Delivery,pitch.1,438674,16.6676,-5.2723,59.6983,-112.3083,60.6561,30.955,-0.1353,-0.2504
1779988772823,2,12.00000018,Upper Delivery,Delivery,pitch.1,439530,-8.1637,-6.0091,26.6523,59.9064,8.7208,28.0789,-0.0436,0.2992
1779988772823,2,Pitching Mound.Delivery,,Delivery,pitch.1,438371,8.5038,-11.2814,86.3506,-41.1662,69.3769,50.5912,-0.107,0.0493
1779988772823,2,Pitching Mound.Drive,,Delivery,pitch.1,438946,-0.0251,-0.2218,1.8093,0.6704,-2.3928,-2.3557,0.0,0.0
1779988772823,2,Pitching Mound.Parent,,Delivery,pitch.1,437991,8.4787,-11.5032,88.1598,-40.4958,66.9841,48.2355,-0.1048,0.0483
1779988772824,2,11.0000004b,Drive,Delivery,pitch.1,438947,-0.0283,-0.2155,1.8642,0.6576,-2.3376,-2.3337,0.0,0.0
1779988772824,2,12.00000015,Lower Delivery,Delivery,pitch.1,438675,16.6083,-5.2884,60.0611,-112.7296,61.1569,30.7285,-0.1356,-0.2499
1779988772824,2,12.00000018,Upper Delivery,Delivery,pitch.1,439531,-8.1692,-6.117,26.7557,60.0836,8.8254,28.0245,-0.0439,0.299
1779988772824,2,Pitching Mound.Delivery,,Delivery,pitch.1,438372,8.4391,-11.4054,86.8168,-41.3222,69.9824,50.3286,-0.1073,0.0497
1779988772824,2,Pitching Mound.Drive,,Delivery,pitch.1,438947,-0.0283,-0.2155,1.8642,0.6576,-2.3376,-2.3337,0.0,0.0
1779988772824,2,Pitching Mound.Parent,,Delivery,pitch.1,437992,8.4108,-11.6208,88.681,-40.6646,67.6448,47.9949,-0.1051,0.0487
1779988772825,2,11.0000004b,Drive,Delivery,pitch.1,438948,-0.0179,-0.2122,1.7985,0.677,-2.312,-2.3541,0.0,0.0
1779988772825,2,12.00000015,Lower Delivery,Delivery,pitch.1,438676,16.5421,-5.2732,60.412,-113.1554,61.5352,30.5691,-0.1356,-0.2494
1779988772825,2,12.00000018,Upper Delivery,Delivery,pitch.1,439532,-8.106,-6.0955,26.6378,59.7786,8.6784,27.9587,-0.0434,0.2988
1779988772825,2,Pitching Mound.Delivery,,Delivery,pitch.1,438373,8.4361,-11.3687,87.0499,-41.8936,70.2135,50.1475,-0.1074,0.0503
1779988772825,2,Pitching Mound.Drive,,Delivery,pitch.1,438948,-0.0179,-0.2122,1.7985,0.677,-2.312,-2.3541,0.0,0.0
1779988772825,2,Pitching Mound.Parent,,Delivery,pitch.1,437993,8.4182,-11.5809,88.8484,-41.2167,67.9015,47.7934,-0.1052,0.0493
1779988772826,2,11.0000004b,Drive,Delivery,pitch.1,438949,-0.0196,-0.2051,1.8382,0.6743,-2.3468,-2.3768,0.0,0.0
1779988772826,2,12.00000015,Lower Delivery,Delivery,pitch.1,438677,16.5149,-5.291,60.7545,-113.5246,61.8551,30.3721,-0.1355,-0.2488
1779988772826,2,12.00000018,Upper Delivery,Delivery,pitch.1,439533,-8.1102,-6.1205,26.5048,59.5842,8.65,27.9165,-0.0434,0.2993
1779988772826,2,Pitching Mound.Delivery,,Delivery,pitch.1,438374,8.4047,-11.4115,87.2592,-42.2955,70.5051,49.9161,-0.1076,0.0512
1779988772826,2,Pitching Mound.Drive,,Delivery,pitch.1,438949,-0.0196,-0.2051,1.8382,0.6743,-2.3468,-2.3768,0.0,0.0
1779988772826,2,Pitching Mound.Parent,,Delivery,pitch.1,437994,8.3851,-11.6165,89.0974,-41.6212,68.1583,47.5392,-0.1053,0.0501
1779988772827,2,11.0000004b,Drive,Delivery,pitch.1,438950,0.0017,-0.2243,1.8028,0.6909,-2.4029,-2.3498,0.0,0.0
1779988772827,2,12.00000015,Lower Delivery,Delivery,pitch.1,438678,16.4436,-5.294,61.1394,-113.8384,62.2247,30.1962,-0.1355,-0.2479
1779988772827,2,12.00000018,Upper Delivery,Delivery,pitch.1,439534,-8.0961,-6.1103,26.4193,59.4208,8.6122,27.8612,-0.0434,0.2994
1779988772827,2,Pitching Mound.Delivery,,Delivery,pitch.1,438375,8.3474,-11.4043,87.5586,-42.6128,70.8368,49.7139,-0.1077,0.0521
1779988772827,2,Pitching Mound.Drive,,Delivery,pitch.1,438950,0.0017,-0.2243,1.8028,0.6909,-2.4029,-2.3498,0.0,0.0
1779988772827,2,Pitching Mound.Parent,,Delivery,pitch.1,437995,8.3492,-11.6286,89.3614,-41.9219,68.4339,47.3641,-0.1055,0.051
1779988772828,2,11.0000004b,Drive,Delivery,pitch.1,438951,0.0045,-0.2119,1.7779,0.6825,-2.4038,-2.3377,0.0,0.0
1779988772828,2,12.00000015,Lower Delivery,Delivery,pitch.1,438679,16.3705,-5.2902,61.4223,-114.1017,62.5328,29.9954,-0.1355,-0.2473
1779988772828,2,12.00000018,Upper Delivery,Delivery,pitch.1,439535,-8.0771,-6.114,26.3151,59.2245,8.476,27.7696,-0.0429,0.2996
1779988772828,2,Pitching Mound.Delivery,,Delivery,pitch.1,438376,8.2933,-11.4042,87.7373,-42.9408,71.0088,49.4528,-0.1077,0.0528
1779988772828,2,Pitching Mound.Drive,,Delivery,pitch.1,438951,0.0045,-0.2119,1.7779,0.6825,-2.4038,-2.3377,0.0,0.0
1779988772828,2,Pitching Mound.Parent,,Delivery,pitch.1,437996,8.2978,-11.6161,89.5152,-42.2583,68.605,47.1151,-0.1056,0.0517
1779988772829,2,11.0000004b,Drive,Delivery,pitch.1,438952,0.008,-0.2249,1.7812,0.6799,-2.398,-2.3583,0.0,0.0
1779988772829,2,12.00000015,Lower Delivery,Delivery,pitch.1,438680,16.33,-5.2946,61.6386,-114.5861,62.8673,29.8336,-0.1358,-0.2475
1779988772829,2,12.00000018,Upper Delivery,Delivery,pitch.1,439536,-8.0757,-6.0919,26.1894,58.9822,8.4061,27.6796,-0.0427,0.2998
1779988772829,2,Pitching Mound.Delivery,,Delivery,pitch.1,438377,8.2543,-11.3865,87.828,-43.5512,71.2735,49.2152,-0.108,0.0529
1779988772829,2,Pitching Mound.Drive,,Delivery,pitch.1,438952,0.008,-0.2249,1.7812,0.6799,-2.398,-2.3583,0.0,0.0
1779988772829,2,Pitching Mound.Parent,,Delivery,pitch.1,437997,8.2623,-11.6114,89.6092,-42.8713,68.8754,46.857,-0.1059,0.0519
1779988772830,2,11.0000004b,Drive,Delivery,pitch.1,438953,0.0213,-0.2258,1.78,0.7283,-2.5257,-2.3867,0.0,0.0
1779988772830,2,12.00000015,Lower Delivery,Delivery,pitch.1,438681,16.2708,-5.2944,61.8715,-114.9823,63.2376,29.703,-0.1361,-0.2474
1779988772830,2,12.00000018,Upper Delivery,Delivery,pitch.1,439537,-8.0635,-6.0593,26.1026,58.9427,8.4808,27.597,-0.0433,0.3006
1779988772830,2,Pitching Mound.Delivery,,Delivery,pitch.1,438378,8.2074,-11.3538,87.974,-43.8781,71.7185,49.0264,-0.1085,0.0534
1779988772830,2,Pitching Mound.Drive,,Delivery,pitch.1,438953,0.0213,-0.2258,1.78,0.7283,-2.5257,-2.3867,0.0,0.0
1779988772830,2,Pitching Mound.Parent,,Delivery,pitch.1,437998,8.2287,-11.5796,89.754,-43.1498,69.1928,46.6398,-0.1064,0.0524
1779988772831,2,11.0000004b,Drive,Delivery,pitch.1,438954,0.0372,-0.2032,1.7579,0.7264,-2.5058,-2.4001,0.0,0.0
1779988772831,2,12.00000015,Lower Delivery,Delivery,pitch.1,438682,16.2296,-5.3036,61.9775,-115.3028,63.6305,29.5153,-0.1367,-0.2477
1779988772831,2,12.00000018,Upper Delivery,Delivery,pitch.1,439538,-8.054,-5.9755,25.9999,58.3477,8.2751,27.5095,-0.0424,0.2988
1779988772831,2,Pitching Mound.Delivery,,Delivery,pitch.1,438379,8.1756,-11.2791,87.9773,-44.7227,71.9056,48.7684,-0.1088,0.0529
1779988772831,2,Pitching Mound.Drive,,Delivery,pitch.1,438954,0.0372,-0.2032,1.7579,0.7264,-2.5058,-2.4001,0.0,0.0
1779988772831,2,Pitching Mound.Parent,,Delivery,pitch.1,437999,8.2127,-11.4823,89.7353,-43.9963,69.3998,46.3683,-0.1067,0.0518
1779988772832,2,11.0000004b,Drive,Delivery,pitch.1,438955,0.0284,-0.2214,1.762,0.7233,-2.4827,-2.4321,0.0,0.0
1779988772832,2,12.00000015,Lower Delivery,Delivery,pitch.1,438683,16.1697,-5.3167,62.254,-115.6894,63.9171,29.3942,-0.1367,-0.2474
1779988772832,2,12.00000018,Upper Delivery,Delivery,pitch.1,439539,-8.0584,-5.9185,25.8205,57.8947,8.1036,27.3918,-0.0418,0.2985
1779988772832,2,Pitching Mound.Delivery,,Delivery,pitch.1,438380,8.1113,-11.2352,88.0745,-45.4073,72.0208,48.5484,-0.1089,0.0533
1779988772832,2,Pitching Mound.Drive,,Delivery,pitch.1,438955,0.0284,-0.2214,1.762,0.7233,-2.4827,-2.4321,0.0,0.0
1779988772832,2,Pitching Mound.Parent,,Delivery,pitch.1,438000,8.1398,-11.4566,89.8365,-44.684,69.538,46.1163,-0.1067,0.0522
1779988772833,2,11.0000004b,Drive,Delivery,pitch.1,438956,0.0352,-0.2187,1.7402,0.7279,-2.4239,-2.4257,0.0,0.0
1779988772833,2,12.00000015,Lower Delivery,Delivery,pitch.1,438684,16.1102,-5.3273,62.5284,-115.9948,64.0825,29.281,-0.1364,-0.247
1779988772833,2,12.00000018,Upper Delivery,Delivery,pitch.1,439540,-8.0169,-5.8359,25.6569,57.5779,7.907,27.3099,-0.041,0.2988
1779988772833,2,Pitching Mound.Delivery,,Delivery,pitch.1,438381,8.0933,-11.1633,88.1853,-45.8806,71.9895,48.3877,-0.1087,0.054
1779988772833,2,Pitching Mound.Drive,,Delivery,pitch.1,438956,0.0352,-0.2187,1.7402,0.7279,-2.4239,-2.4257,0.0,0.0
1779988772833,2,Pitching Mound.Parent,,Delivery,pitch.1,438001,8.1285,-11.382,89.9255,-45.1527,69.5656,45.962,-0.1066,0.0529
1779988772834,2,11.0000004b,Drive,Delivery,pitch.1,438957,0.0266,-0.2292,1.7423,0.7176,-2.4009,-2.4263,0.0,0.0
1779988772834,2,12.00000015,Lower Delivery,Delivery,pitch.1,438685,16.0742,-5.3161,62.7369,-116.2477,64.3438,29.1452,-0.1365,-0.2467
1779988772834,2,12.00000018,Upper Delivery,Delivery,pitch.1,439541,-7.9876,-5.7899,25.5297,57.485,7.9372,27.3018,-0.0414,0.2998
1779988772834,2,Pitching Mound.Delivery,,Delivery,pitch.1,438382,8.0866,-11.106,88.2666,-46.1123,72.2809,48.2659,-0.109,0.0547
1779988772834,2,Pitching Mound.Drive,,Delivery,pitch.1,438957,0.0266,-0.2292,1.7423,0.7176,-2.4009,-2.4263,0.0,0.0
1779988772834,2,Pitching Mound.Parent,,Delivery,pitch.1,438002,8.1132,-11.3352,90.0089,-45.3946,69.88,45.8396,-0.1069,0.0536
1779988772835,2,11.0000004b,Drive,Delivery,pitch.1,438958,0.0328,-0.2185,1.7236,0.6884,-2.374,-2.4217,0.0,0.0
1779988772835,2,12.00000015,Lower Delivery,Delivery,pitch.1,438686,16.0341,-5.345,62.9213,-116.711,64.6859,29.0274,-0.1369,-0.2469
1779988772835,2,12.00000018,Upper Delivery,Delivery,pitch.1,439542,-7.9768,-5.7293,25.3694,57.2406,7.9144,27.2162,-0.0415,0.3004
1779988772835,2,Pitching Mound.Delivery,,Delivery,pitch.1,438383,8.0573,-11.0743,88.2907,-46.7028,72.6003,48.0799,-0.1095,0.0549
1779988772835,2,Pitching Mound.Drive,,Delivery,pitch.1,438958,0.0328,-0.2185,1.7236,0.6884,-2.374,-2.4217,0.0,0.0
1779988772835,2,Pitching Mound.Parent,,Delivery,pitch.1,438003,8.0901,-11.2929,90.0143,-46.0144,70.2263,45.6581,-0.1074,0.0539
1779988772836,2,11.0000004b,Drive,Delivery,pitch.1,438959,0.028,-0.2486,1.7386,0.6987,-2.4526,-2.4212,0.0,0.0
1779988772836,2,12.00000015,Lower Delivery,Delivery,pitch.1,438687,15.9712,-5.3411,63.1055,-117.1766,65.1109,28.8568,-0.1374,-0.2472
1779988772836,2,12.00000018,Upper Delivery,Delivery,pitch.1,439543,-7.9315,-5.6105,25.0867,56.4327,7.5134,27.0934,-0.0399,0.2995
1779988772836,2,Pitching Mound.Delivery,,Delivery,pitch.1,438384,8.0398,-10.9517,88.1922,-47.8175,72.6243,47.8233,-0.1096,0.0549
1779988772836,2,Pitching Mound.Drive,,Delivery,pitch.1,438959,0.028,-0.2486,1.7386,0.6987,-2.4526,-2.4212,0.0,0.0
1779988772836,2,Pitching Mound.Parent,,Delivery,pitch.1,438004,8.0677,-11.2003,89.9307,-47.1188,70.1717,45.4021,-0.1075,0.0538
1779988772837,2,11.0000004b,Drive,Delivery,pitch.1,438960,0.0313,-0.2519,1.7407,0.7138,-2.543,-2.428,0.0,0.0
1779988772837,2,12.00000015,Lower Delivery,Delivery,pitch.1,438688,15.9185,-5.3619,63.3016,-117.4203,65.3747,28.7237,-0.1375,-0.2469
1779988772837,2,12.00000018,Upper Delivery,Delivery,pitch.1,439544,-7.89,-5.5727,24.9041,56.1671,7.5561,27.0628,-0.0404,0.3002
1779988772837,2,Pitching Mound.Delivery,,Delivery,pitch.1,438385,8.0285,-10.9346,88.2058,-48.1981,72.9308,47.6917,-0.1101,0.0556
1779988772837,2,Pitching Mound.Drive,,Delivery,pitch.1,438960,0.0313,-0.2519,1.7407,0.7138,-2.543,-2.428,0.0,0.0
1779988772837,2,Pitching Mound.Parent,,Delivery,pitch.1,438005,8.0598,-11.1864,89.9464,-47.4843,70.3878,45.2637,-0.1079,0.0545
1779988772838,2,11.0000004b,Drive,Delivery,pitch.1,438961,0.0096,-0.2382,1.8044,0.6923,-2.447,-2.4317,0.0,0.0
1779988772838,2,12.00000015,Lower Delivery,Delivery,pitch.1,438689,15.8729,-5.3637,63.5578,-117.7804,65.597,28.5856,-0.1374,-0.2467
1779988772838,2,12.00000018,Upper Delivery,Delivery,pitch.1,439545,-7.8422,-5.517,24.6774,55.7439,7.3814,26.9717,-0.0398,0.3007
1779988772838,2,Pitching Mound.Delivery,,Delivery,pitch.1,438386,8.0307,-10.8807,88.2352,-48.8172,72.9784,47.4941,-0.1101,0.0562
1779988772838,2,Pitching Mound.Drive,,Delivery,pitch.1,438961,0.0096,-0.2382,1.8044,0.6923,-2.447,-2.4317,0.0,0.0
1779988772838,2,Pitching Mound.Parent,,Delivery,pitch.1,438006,8.0403,-11.1189,90.0396,-48.1249,70.5314,45.0624,-0.1079,0.0551
1779988772839,2,11.0000004b,Drive,Delivery,pitch.1,438962,0.0368,-0.2646,1.7515,0.6956,-2.3271,-2.4162,0.0,0.0
1779988772839,2,12.00000015,Lower Delivery,Delivery,pitch.1,438690,15.8113,-5.3905,63.7861,-117.9125,65.7653,28.4732,-0.1373,-0.2461
1779988772839,2,12.00000018,Upper Delivery,Delivery,pitch.1,439546,-7.7694,-5.4681,24.4917,55.3185,7.2933,26.918,-0.0396,0.3007
1779988772839,2,Pitching Mound.Delivery,,Delivery,pitch.1,438387,8.0418,-10.8586,88.2778,-49.2339,73.0586,47.3738,-0.1102,0.0569
1779988772839,2,Pitching Mound.Drive,,Delivery,pitch.1,438962,0.0368,-0.2646,1.7515,0.6956,-2.3271,-2.4162,0.0,0.0
1779988772839,2,Pitching Mound.Parent,,Delivery,pitch.1,438007,8.0787,-11.1231,90.0293,-48.5383,70.7315,44.9576,-0.108,0.0558
1779988772840,2,11.0000004b,Drive,Delivery,pitch.1,438964,0.0049,-0.252,1.8274,0.7125,-2.4846,-2.3776,0.0,0.0
1779988772840,2,11.0000004b,Drive,Delivery,pitch.1,438963,0.0112,-0.2632,1.8268,0.7212,-2.4751,-2.4058,0.0,0.0
1779988772840,2,12.00000015,Lower Delivery,Delivery,pitch.1,438691,15.7388,-5.3668,64.0008,-117.9329,66.0574,28.3429,-0.1374,-0.2453
1779988772840,2,12.00000018,Upper Delivery,Delivery,pitch.1,439547,-7.7329,-5.4327,24.2811,54.9,6.9136,26.8031,-0.0379,0.301
1779988772840,2,Pitching Mound.Delivery,,Delivery,pitch.1,438388,8.0059,-10.7995,88.2818,-49.5282,72.971,47.1656,-0.11,0.0579
1779988772840,2,Pitching Mound.Drive,,Delivery,pitch.1,438964,0.0049,-0.252,1.8274,0.7125,-2.4846,-2.3776,0.0,0.0
1779988772840,2,Pitching Mound.Drive,,Delivery,pitch.1,438963,0.0112,-0.2632,1.8268,0.7212,-2.4751,-2.4058,0.0,0.0
1779988772840,2,Pitching Mound.Parent,,Delivery,pitch.1,438008,8.0171,-11.0627,90.1086,-48.807,70.4959,44.7598,-0.1078,0.0567
1779988772841,2,12.00000015,Lower Delivery,Delivery,pitch.1,438692,15.6853,-5.3693,64.2884,-118.2495,66.4846,28.2385,-0.1377,-0.2449
1779988772841,2,12.00000018,Upper Delivery,Delivery,pitch.1,439548,-7.6962,-5.405,24.3765,54.2723,6.6702,26.7028,-0.0364,0.2964
1779988772841,2,Pitching Mound.Delivery,,Delivery,pitch.1,438389,7.9892,-10.7743,88.6649,-50.4072,73.1548,46.9915,-0.1098,0.057
1779988772841,2,Pitching Mound.Parent,,Delivery,pitch.1,438009,7.9941,-11.0263,90.4923,-49.6946,70.6702,44.6139,-0.1076,0.0558
1779988772842,2,11.0000004b,Drive,Delivery,pitch.1,438965,0.009,-0.2223,1.8221,0.6846,-2.4244,-2.3623,0.0,0.0
1779988772842,2,12.00000015,Lower Delivery,Delivery,pitch.1,438693,15.6527,-5.3463,64.5397,-118.4799,66.8142,28.129,-0.1378,-0.2444
1779988772842,2,12.00000018,Upper Delivery,Delivery,pitch.1,439549,-7.6411,-5.3869,24.3647,54.1103,6.7066,26.6509,-0.0366,0.2957
1779988772842,2,Pitching Mound.Delivery,,Delivery,pitch.1,438390,8.0116,-10.7332,88.9043,-50.7101,73.5208,46.86,-0.1101,0.0573
1779988772842,2,Pitching Mound.Drive,,Delivery,pitch.1,438965,0.009,-0.2223,1.8221,0.6846,-2.4244,-2.3623,0.0,0.0
1779988772842,2,Pitching Mound.Parent,,Delivery,pitch.1,438010,8.0207,-10.9555,90.7264,-50.0255,71.0964,44.4976,-0.1079,0.0561
1779988772843,2,11.0000004b,Drive,Delivery,pitch.1,438966,0.0057,-0.2197,1.8163,0.7034,-2.3733,-2.35,0.0,0.0
1779988772843,2,11.0000004b,Drive,Delivery,pitch.1,438967,0.0091,-0.2558,1.826,0.7118,-2.5351,-2.3463,0.0,0.0
1779988772843,2,12.00000015,Lower Delivery,Delivery,pitch.1,438694,15.6347,-5.3577,64.7527,-118.8151,67.1145,28.0573,-0.138,-0.2443
1779988772843,2,12.00000018,Upper Delivery,Delivery,pitch.1,439550,-7.5952,-5.3839,24.3407,53.6254,6.7083,26.5484,-0.0367,0.2933
1779988772843,2,Pitching Mound.Delivery,,Delivery,pitch.1,438391,8.0395,-10.7416,89.0934,-51.4496,73.8229,46.7076,-0.1103,0.0568
1779988772843,2,Pitching Mound.Drive,,Delivery,pitch.1,438966,0.0057,-0.2197,1.8163,0.7034,-2.3733,-2.35,0.0,0.0
1779988772843,2,Pitching Mound.Drive,,Delivery,pitch.1,438967,0.0091,-0.2558,1.826,0.7118,-2.5351,-2.3463,0.0,0.0
1779988772843,2,Pitching Mound.Parent,,Delivery,pitch.1,438011,8.0452,-10.9613,90.9097,-50.7462,71.4495,44.3576,-0.1081,0.0557
1779988772844,2,11.0000004b,Drive,Delivery,pitch.1,438968,0.015,-0.26,1.8133,0.7079,-2.4386,-2.3191,0.0,0.0
1779988772844,2,12.00000015,Lower Delivery,Delivery,pitch.1,438695,15.5957,-5.3664,65.038,-118.9964,67.2993,27.9684,-0.1378,-0.2436
1779988772844,2,12.00000018,Upper Delivery,Delivery,pitch.1,439551,-7.5814,-5.3677,24.4311,53.1741,6.543,26.4399,-0.0357,0.2898
1779988772844,2,Pitching Mound.Delivery,,Delivery,pitch.1,438392,8.0143,-10.7341,89.4692,-52.016,73.8423,46.528,-0.1099,0.0564
1779988772844,2,Pitching Mound.Drive,,Delivery,pitch.1,438968,0.015,-0.26,1.8133,0.7079,-2.4386,-2.3191,0.0,0.0
1779988772844,2,Pitching Mound.Parent,,Delivery,pitch.1,438012,8.0294,-10.9941,91.2825,-51.308,71.4037,44.2089,-0.1077,0.0553
1779988772845,2,12.00000018,Upper Delivery,Delivery,pitch.1,439552,-7.5245,-5.4088,24.2831,52.7994,6.383,26.3371,-0.035,0.2895
1779988772846,2,11.0000004b,Drive,Delivery,pitch.1,438969,0.0078,-0.2673,1.8064,0.7428,-2.5093,-2.3181,0.0,0.0
1779988772846,2,11.0000004b,Drive,Delivery,pitch.1,438970,0.0079,-0.2559,1.8051,0.7276,-2.3657,-2.3022,0.0,0.0
1779988772846,2,12.00000015,Lower Delivery,Delivery,pitch.1,438696,15.5422,-5.3926,65.0536,-119.1102,67.6898,27.879,-0.1385,-0.2438
1779988772846,2,12.00000018,Upper Delivery,Delivery,pitch.1,439553,-7.4665,-5.3837,24.2435,52.5089,6.2171,26.3025,-0.0341,0.2883
1779988772846,2,Pitching Mound.Delivery,,Delivery,pitch.1,438393,8.0178,-10.8014,89.3367,-52.4488,74.0728,46.3734,-0.1104,0.0564
1779988772846,2,Pitching Mound.Drive,,Delivery,pitch.1,438969,0.0078,-0.2673,1.8064,0.7428,-2.5093,-2.3181,0.0,0.0
1779988772846,2,Pitching Mound.Drive,,Delivery,pitch.1,438970,0.0079,-0.2559,1.8051,0.7276,-2.3657,-2.3022,0.0,0.0
1779988772846,2,Pitching Mound.Parent,,Delivery,pitch.1,438013,8.0256,-11.0687,91.1431,-51.706,71.5635,44.0553,-0.1082,0.0552
1779988772847,2,12.00000015,Lower Delivery,Delivery,pitch.1,438697,15.505,-5.4093,65.176,-119.1518,67.7408,27.7917,-0.1384,-0.2434
1779988772847,2,12.00000015,Lower Delivery,Delivery,pitch.1,438698,15.4821,-5.471,65.3275,-119.358,68.0815,27.7075,-0.1387,-0.2432
1779988772847,2,12.00000018,Upper Delivery,Delivery,pitch.1,439554,-7.4438,-5.3899,24.1558,52.3861,6.1758,26.1786,-0.034,0.2887
1779988772847,2,Pitching Mound.Delivery,,Delivery,pitch.1,438394,8.0386,-10.7929,89.4196,-52.7259,73.9579,46.2839,-0.1101,0.0564
1779988772847,2,Pitching Mound.Delivery,,Delivery,pitch.1,438395,8.0384,-10.861,89.4833,-52.9735,74.2573,46.0913,-0.1105,0.0568
1779988772847,2,Pitching Mound.Parent,,Delivery,pitch.1,438014,8.0465,-11.0488,91.2247,-51.9983,71.5922,43.9817,-0.1079,0.0553
1779988772848,2,11.0000004b,Drive,Delivery,pitch.1,438972,0.0363,-0.2554,1.7289,0.7664,-2.5686,-2.3193,0.0,0.0
1779988772848,2,11.0000004b,Drive,Delivery,pitch.1,438971,0.0339,-0.2715,1.7477,0.739,-2.3773,-2.3053,0.0,0.0
1779988772848,2,12.00000015,Lower Delivery,Delivery,pitch.1,438699,15.4554,-5.5339,65.5276,-119.8491,68.3769,27.6578,-0.1389,-0.2435
1779988772848,2,12.00000018,Upper Delivery,Delivery,pitch.1,439555,-7.3622,-5.3421,23.8817,51.952,6.0513,26.0891,-0.0337,0.2896
1779988772848,2,Pitching Mound.Delivery,,Delivery,pitch.1,438396,8.0932,-10.876,89.4092,-53.7375,74.4282,45.9889,-0.1108,0.0573
1779988772848,2,Pitching Mound.Drive,,Delivery,pitch.1,438972,0.0363,-0.2554,1.7289,0.7664,-2.5686,-2.3193,0.0,0.0
1779988772848,2,Pitching Mound.Drive,,Delivery,pitch.1,438971,0.0339,-0.2715,1.7477,0.739,-2.3773,-2.3053,0.0,0.0
1779988772848,2,Pitching Mound.Parent,,Delivery,pitch.1,438015,8.0723,-11.1325,91.231,-52.2345,71.88,43.786,-0.1084,0.0557
1779988772848,2,Pitching Mound.Parent,,Delivery,pitch.1,438016,8.1295,-11.1315,91.1381,-52.9711,71.8595,43.6695,-0.1087,0.0562
1779988772849,2,11.0000004b,Drive,Delivery,pitch.1,438973,0.0278,-0.2624,1.7745,0.7751,-2.5447,-2.3422,0.0,0.0
1779988772849,2,12.00000015,Lower Delivery,Delivery,pitch.1,438700,15.4305,-5.5942,65.5535,-120.1127,68.7303,27.5462,-0.1396,-0.2439
1779988772849,2,12.00000018,Upper Delivery,Delivery,pitch.1,439556,-7.3542,-5.3011,23.721,51.8525,5.9848,25.9672,-0.0336,0.291
1779988772849,2,Pitching Mound.Delivery,,Delivery,pitch.1,438397,8.0762,-10.8953,89.2745,-54.0372,74.7151,45.7665,-0.1114,0.0575
1779988772849,2,Pitching Mound.Drive,,Delivery,pitch.1,438973,0.0278,-0.2624,1.7745,0.7751,-2.5447,-2.3422,0.0,0.0
1779988772849,2,Pitching Mound.Parent,,Delivery,pitch.1,438017,8.1041,-11.1577,91.049,-53.262,72.1704,43.4243,-0.1092,0.0564
1779988772850,2,11.0000004b,Drive,Delivery,pitch.1,438974,0.0354,-0.268,1.7476,0.7717,-2.5304,-2.3384,0.0,0.0
1779988772850,2,12.00000015,Lower Delivery,Delivery,pitch.1,438701,15.4102,-5.668,65.6933,-120.4136,69.0947,27.4896,-0.14,-0.244
1779988772850,2,12.00000018,Upper Delivery,Delivery,pitch.1,439557,-7.2987,-5.2913,23.4831,51.6204,6.0385,25.885,-0.0342,0.2926
1779988772850,2,Pitching Mound.Delivery,,Delivery,pitch.1,438398,8.1115,-10.9593,89.1764,-54.4417,75.1333,45.6536,-0.1122,0.0582
1779988772850,2,Pitching Mound.Drive,,Delivery,pitch.1,438974,0.0354,-0.268,1.7476,0.7717,-2.5304,-2.3384,0.0,0.0
1779988772850,2,Pitching Mound.Parent,,Delivery,pitch.1,438018,8.1469,-11.2273,90.9239,-53.67,72.6029,43.3152,-0.11,0.0571
1779988772851,2,11.0000004b,Drive,Delivery,pitch.1,438975,0.0376,-0.2819,1.7644,0.7782,-2.6198,-2.3312,0.0,0.0
1779988772851,2,12.00000015,Lower Delivery,Delivery,pitch.1,438702,15.4061,-5.7599,65.8254,-120.7257,69.5158,27.4025,-0.1406,-0.2442
1779988772851,2,12.00000018,Upper Delivery,Delivery,pitch.1,439558,-7.2505,-5.2564,23.2555,51.327,6.008,25.7386,-0.0344,0.2938
1779988772851,2,Pitching Mound.Delivery,,Delivery,pitch.1,438399,8.1557,-11.0162,89.0808,-54.9249,75.5237,45.4379,-0.1129,0.0588
1779988772851,2,Pitching Mound.Drive,,Delivery,pitch.1,438975,0.0376,-0.2819,1.7644,0.7782,-2.6198,-2.3312,0.0,0.0
1779988772851,2,Pitching Mound.Parent,,Delivery,pitch.1,438019,8.1933,-11.2981,90.8452,-54.1468,72.9039,43.1067,-0.1107,0.0576
1779988772852,2,11.0000004b,Drive,Delivery,pitch.1,438976,0.0331,-0.2808,1.781,0.7889,-2.5643,-2.3264,0.0,0.0
1779988772852,2,12.00000015,Lower Delivery,Delivery,pitch.1,438703,15.3958,-5.8628,66.3561,-121.5433,69.9898,27.301,-0.1404,-0.2438
1779988772852,2,12.00000018,Upper Delivery,Delivery,pitch.1,439559,-7.1956,-5.2329,23.1473,51.0805,6.0624,25.6222,-0.0349,0.2938
1779988772852,2,Pitching Mound.Delivery,,Delivery,pitch.1,438400,8.2002,-11.0956,89.5034,-55.7719,76.0522,45.2422,-0.1131,0.0593
1779988772852,2,Pitching Mound.Drive,,Delivery,pitch.1,438976,0.0331,-0.2808,1.781,0.7889,-2.5643,-2.3264,0.0,0.0
1779988772852,2,Pitching Mound.Parent,,Delivery,pitch.1,438020,8.2333,-11.3764,91.2843,-54.9829,73.4878,42.9158,-0.1109,0.0582
1779988772853,2,11.0000004b,Drive,Delivery,pitch.1,438977,0.0409,-0.2754,1.7921,0.7954,-2.7398,-2.3746,0.0,0.0
1779988772853,2,12.00000015,Lower Delivery,Delivery,pitch.1,438704,15.3677,-5.9686,66.3524,-121.7067,70.072,27.2449,-0.1406,-0.2442
1779988772853,2,12.00000018,Upper Delivery,Delivery,pitch.1,439560,-7.2063,-5.2308,22.8374,50.94,5.8744,25.5059,-0.0342,0.2969
1779988772853,2,Pitching Mound.Delivery,,Delivery,pitch.1,438401,8.1614,-11.1994,89.1898,-55.9716,75.9463,45.0756,-0.1134,0.0603
1779988772853,2,Pitching Mound.Drive,,Delivery,pitch.1,438977,0.0409,-0.2754,1.7921,0.7954,-2.7398,-2.3746,0.0,0.0
1779988772853,2,Pitching Mound.Parent,,Delivery,pitch.1,438021,8.2023,-11.4748,90.9819,-55.1762,73.2066,42.701,-0.1111,0.0591
1779988772854,2,11.0000004b,Drive,Delivery,pitch.1,438978,0.0354,-0.2535,1.7581,0.7851,-2.6507,-2.3554,0.0,0.0
1779988772854,2,12.00000015,Lower Delivery,Delivery,pitch.1,438705,15.3271,-6.0423,66.5144,-122.0238,70.5517,27.1982,-0.1412,-0.2442
1779988772854,2,12.00000018,Upper Delivery,Delivery,pitch.1,439561,-7.1801,-5.2136,22.752,51.0814,5.9379,25.4252,-0.0347,0.2989
1779988772854,2,Pitching Mound.Delivery,,Delivery,pitch.1,438402,8.1471,-11.2559,89.2664,-56.0633,76.4895,44.9709,-0.1141,0.0609
1779988772854,2,Pitching Mound.Drive,,Delivery,pitch.1,438978,0.0354,-0.2535,1.7581,0.7851,-2.6507,-2.3554,0.0,0.0
1779988772854,2,Pitching Mound.Parent,,Delivery,pitch.1,438022,8.1824,-11.5094,91.0244,-55.2781,73.8388,42.6155,-0.1119,0.0597
1779988772855,2,11.0000004b,Drive,Delivery,pitch.1,438979,0.0317,-0.272,1.7843,0.7913,-2.7651,-2.3806,0.0,0.0
1779988772855,2,12.00000015,Lower Delivery,Delivery,pitch.1,438706,15.2836,-6.1323,67.0093,-122.6489,71.1361,27.128,-0.1413,-0.2437
1779988772855,2,12.00000018,Upper Delivery,Delivery,pitch.1,439562,-7.1349,-5.1679,22.4384,50.9638,6.0746,25.3163,-0.036,0.3024
1779988772855,2,Pitching Mound.Delivery,,Delivery,pitch.1,438403,8.1487,-11.3002,89.4477,-56.531,77.2107,44.822,-0.1149,0.0627
1779988772855,2,Pitching Mound.Drive,,Delivery,pitch.1,438979,0.0317,-0.272,1.7843,0.7913,-2.7651,-2.3806,0.0,0.0
1779988772855,2,Pitching Mound.Parent,,Delivery,pitch.1,438023,8.1804,-11.5722,91.2321,-55.7396,74.4456,42.4414,-0.1127,0.0615
1779988772856,2,11.0000004b,Drive,Delivery,pitch.1,438980,0.0321,-0.2624,1.7869,0.7764,-2.6915,-2.4062,0.0,0.0
1779988772856,2,12.00000015,Lower Delivery,Delivery,pitch.1,438707,15.2861,-6.2012,67.4446,-123.2911,71.6989,27.0866,-0.1415,-0.2434
1779988772856,2,12.00000018,Upper Delivery,Delivery,pitch.1,439563,-7.1107,-5.1079,22.4585,50.902,6.1236,25.2033,-0.0363,0.3017
1779988772856,2,Pitching Mound.Delivery,,Delivery,pitch.1,438404,8.1754,-11.3091,89.9031,-57.0939,77.8225,44.675,-0.1152,0.0629
1779988772856,2,Pitching Mound.Drive,,Delivery,pitch.1,438980,0.0321,-0.2624,1.7869,0.7764,-2.6915,-2.4062,0.0,0.0
1779988772856,2,Pitching Mound.Parent,,Delivery,pitch.1,438024,8.2075,-11.5716,91.69,-56.3174,75.131,42.2688,-0.113,0.0617
1779988772857,2,11.0000004b,Drive,Delivery,pitch.1,438981,0.0354,-0.2533,1.7843,0.763,-2.751,-2.4099,0.0,0.0
1779988772857,2,12.00000015,Lower Delivery,Delivery,pitch.1,438708,15.2621,-6.2685,67.8803,-123.4643,72.1479,27.0987,-0.1415,-0.2421
1779988772857,2,12.00000018,Upper Delivery,Delivery,pitch.1,439564,-7.1003,-5.0402,22.4525,50.6096,6.142,25.0852,-0.0364,0.3001
1779988772857,2,Pitching Mound.Delivery,,Delivery,pitch.1,438405,8.1617,-11.3087,90.3329,-57.4093,78.2898,44.5807,-0.1154,0.0636
1779988772857,2,Pitching Mound.Drive,,Delivery,pitch.1,438981,0.0354,-0.2533,1.7843,0.763,-2.751,-2.4099,0.0,0.0
1779988772857,2,Pitching Mound.Parent,,Delivery,pitch.1,438025,8.1971,-11.5619,92.1172,-56.6463,75.5388,42.1708,-0.1131,0.0624
1779988772858,2,11.0000004b,Drive,Delivery,pitch.1,438982,0.0277,-0.249,1.7866,0.7176,-2.5312,-2.3889,0.0,0.0
1779988772858,2,12.00000015,Lower Delivery,Delivery,pitch.1,438709,15.2342,-6.2824,68.1732,-123.8687,72.4201,27.0892,-0.1414,-0.2419
1779988772858,2,12.00000018,Upper Delivery,Delivery,pitch.1,439565,-7.0631,-5.0447,22.3949,50.4773,6.274,25.0493,-0.0373,0.3001
1779988772858,2,Pitching Mound.Delivery,,Delivery,pitch.1,438406,8.1711,-11.3271,90.5682,-57.8268,78.6941,44.5574,-0.1157,0.064
1779988772858,2,Pitching Mound.Drive,,Delivery,pitch.1,438982,0.0277,-0.249,1.7866,0.7176,-2.5312,-2.3889,0.0,0.0
1779988772858,2,Pitching Mound.Parent,,Delivery,pitch.1,438026,8.1987,-11.5761,92.3548,-57.1092,76.1629,42.1685,-0.1134,0.0627
1779988772859,2,11.0000004b,Drive,Delivery,pitch.1,438983,0.019,-0.2442,1.8183,0.6932,-2.3989,-2.3754,0.0,0.0
1779988772859,2,12.00000015,Lower Delivery,Delivery,pitch.1,438710,15.1959,-6.2963,68.397,-124.0616,72.7925,27.0839,-0.1417,-0.2415
1779988772859,2,12.00000018,Upper Delivery,Delivery,pitch.1,439566,-7.0595,-5.0086,22.4183,50.3028,6.2025,24.9363,-0.0368,0.2987
1779988772859,2,Pitching Mound.Delivery,,Delivery,pitch.1,438407,8.1364,-11.305,90.8152,-58.126,78.995,44.4533,-0.1158,0.064
1779988772859,2,Pitching Mound.Drive,,Delivery,pitch.1,438983,0.019,-0.2442,1.8183,0.6932,-2.3989,-2.3754,0.0,0.0
1779988772859,2,Pitching Mound.Parent,,Delivery,pitch.1,438027,8.1554,-11.5491,92.6335,-57.4329,76.5961,42.0779,-0.1135,0.0628
1779988772860,2,11.0000004b,Drive,Delivery,pitch.1,438984,-0.0021,-0.2112,1.8559,0.6665,-2.3097,-2.3707,0.0,0.0
1779988772860,2,12.00000015,Lower Delivery,Delivery,pitch.1,438711,15.1624,-6.2938,68.6816,-124.489,73.2085,27.0648,-0.1419,-0.2413
1779988772860,2,12.00000018,Upper Delivery,Delivery,pitch.1,439567,-7.0095,-4.9908,22.4026,50.0817,6.1946,24.8408,-0.0368,0.2976
1779988772860,2,Pitching Mound.Delivery,,Delivery,pitch.1,438408,8.1529,-11.2846,91.0842,-58.6723,79.4032,44.3671,-0.1161,0.064
1779988772860,2,Pitching Mound.Drive,,Delivery,pitch.1,438984,-0.0021,-0.2112,1.8559,0.6665,-2.3097,-2.3707,0.0,0.0
1779988772860,2,Pitching Mound.Parent,,Delivery,pitch.1,438028,8.1508,-11.4958,92.9401,-58.0058,77.0934,41.9964,-0.1137,0.0627
1779988772861,2,11.0000004b,Drive,Delivery,pitch.1,438985,-0.0131,-0.2023,1.8966,0.657,-2.2748,-2.4003,0.0,0.0
1779988772861,2,12.00000015,Lower Delivery,Delivery,pitch.1,438712,15.1238,-6.2975,68.8181,-124.6738,73.4692,27.0831,-0.1421,-0.2412
1779988772861,2,12.00000018,Upper Delivery,Delivery,pitch.1,439568,-6.9955,-4.9419,22.177,49.9246,6.0756,24.7407,-0.0365,0.2997
1779988772861,2,Pitching Mound.Delivery,,Delivery,pitch.1,438409,8.1282,-11.2394,90.9951,-58.8912,79.5448,44.3031,-0.1164,0.0649
1779988772861,2,Pitching Mound.Drive,,Delivery,pitch.1,438985,-0.0131,-0.2023,1.8966,0.657,-2.2748,-2.4003,0.0,0.0
1779988772861,2,Pitching Mound.Parent,,Delivery,pitch.1,438029,8.1151,-11.4417,92.8917,-58.2341,77.27,41.9029,-0.114,0.0636
1779988772862,2,11.0000004b,Drive,Delivery,pitch.1,438986,-0.0209,-0.2042,1.9071,0.6398,-2.0504,-2.3578,0.0,0.0
1779988772862,2,12.00000015,Lower Delivery,Delivery,pitch.1,438713,15.1197,-6.2759,69.2214,-125.2321,73.8484,27.0496,-0.142,-0.2408
1779988772862,2,12.00000018,Upper Delivery,Delivery,pitch.1,439569,-6.9366,-4.8644,22.0472,49.4683,5.947,24.5883,-0.0359,0.2987
1779988772862,2,Pitching Mound.Delivery,,Delivery,pitch.1,438410,8.1832,-11.1404,91.2686,-59.7245,79.7954,44.1387,-0.1164,0.0652
1779988772862,2,Pitching Mound.Drive,,Delivery,pitch.1,438986,-0.0209,-0.2042,1.9071,0.6398,-2.0504,-2.3578,0.0,0.0
1779988772862,2,Pitching Mound.Parent,,Delivery,pitch.1,438030,8.1622,-11.3446,93.1757,-59.0846,77.745,41.7808,-0.114,0.0639
1779988772863,2,11.0000004b,Drive,Delivery,pitch.1,438987,-0.0205,-0.192,2.0188,0.6376,-2.0687,-2.3605,0.0,0.0
1779988772863,2,12.00000015,Lower Delivery,Delivery,pitch.1,438714,15.0873,-6.2719,69.6099,-125.5034,74.3754,27.0727,-0.1422,-0.24
1779988772863,2,12.00000018,Upper Delivery,Delivery,pitch.1,439570,-6.9312,-4.8299,22.1728,49.5459,5.683,24.4593,-0.0341,0.2975
1779988772863,2,Pitching Mound.Delivery,,Delivery,pitch.1,438411,8.1561,-11.1019,91.7828,-59.8289,80.0583,44.0457,-0.1161,0.0656
1779988772863,2,Pitching Mound.Drive,,Delivery,pitch.1,438987,-0.0205,-0.192,2.0188,0.6376,-2.0687,-2.3605,0.0,0.0
1779988772863,2,Pitching Mound.Parent,,Delivery,pitch.1,438031,8.1356,-11.2938,93.8016,-59.1913,77.9896,41.6853,-0.1136,0.0641
1779988772864,2,11.0000004b,Drive,Delivery,pitch.1,438988,-0.0127,-0.1995,1.993,0.6382,-2.0426,-2.3638,0.0,0.0
1779988772864,2,12.00000015,Lower Delivery,Delivery,pitch.1,438715,15.0737,-6.2505,69.9222,-125.7983,74.6911,27.0983,-0.1422,-0.2395
1779988772864,2,12.00000018,Upper Delivery,Delivery,pitch.1,439571,-6.873,-4.8453,22.2757,49.4178,5.5977,24.3335,-0.0335,0.2953
1779988772864,2,Pitching Mound.Delivery,,Delivery,pitch.1,438412,8.2008,-11.0958,92.1979,-60.1807,80.2888,43.9699,-0.1159,0.0654
1779988772864,2,Pitching Mound.Drive,,Delivery,pitch.1,438988,-0.0127,-0.1995,1.993,0.6382,-2.0426,-2.3638,0.0,0.0
1779988772864,2,Pitching Mound.Parent,,Delivery,pitch.1,438032,8.1881,-11.2953,94.1909,-59.5425,78.2461,41.606,-0.1135,0.064
1779988772865,2,11.0000004b,Drive,Delivery,pitch.1,438989,-0.0273,-0.1964,2.0368,0.6579,-2.0826,-2.3705,0.0,0.0
1779988772865,2,12.00000015,Lower Delivery,Delivery,pitch.1,438716,15.089,-6.2696,70.2187,-126.1514,75.2087,27.0758,-0.1426,-0.2392
1779988772865,2,12.00000018,Upper Delivery,Delivery,pitch.1,439572,-6.8814,-4.8241,22.383,48.899,5.4264,24.1699,-0.0323,0.2908
1779988772865,2,Pitching Mound.Delivery,,Delivery,pitch.1,438413,8.2077,-11.0938,92.6018,-60.9882,80.6351,43.7758,-0.1159,0.0646
1779988772865,2,Pitching Mound.Drive,,Delivery,pitch.1,438989,-0.0273,-0.1964,2.0368,0.6579,-2.0826,-2.3705,0.0,0.0
1779988772865,2,Pitching Mound.Parent,,Delivery,pitch.1,438033,8.1804,-11.2902,94.6386,-60.3303,78.5525,41.4053,-0.1134,0.0632
1779988772866,2,11.0000004b,Drive,Delivery,pitch.1,438990,-0.0055,-0.1809,1.8951,0.6134,-1.8592,-2.3201,0.0,0.0
1779988772866,2,12.00000015,Lower Delivery,Delivery,pitch.1,438717,15.0899,-6.2847,70.3869,-126.399,75.494,27.1413,-0.1428,-0.2391
1779988772866,2,12.00000018,Upper Delivery,Delivery,pitch.1,439573,-6.8546,-4.8359,22.4115,48.5673,5.264,24.0461,-0.0313,0.2885
1779988772866,2,Pitching Mound.Delivery,,Delivery,pitch.1,438414,8.2353,-11.1206,92.7984,-61.5201,80.758,43.7263,-0.1159,0.0641
1779988772866,2,Pitching Mound.Drive,,Delivery,pitch.1,438990,-0.0055,-0.1809,1.8951,0.6134,-1.8592,-2.3201,0.0,0.0
1779988772866,2,Pitching Mound.Parent,,Delivery,pitch.1,438034,8.2298,-11.3015,94.6936,-60.9067,78.8987,41.4062,-0.1135,0.0628
1779988772867,2,11.0000004b,Drive,Delivery,pitch.1,438991,-0.0284,-0.2023,1.9535,0.6533,-2.0237,-2.3262,0.0,0.0
1779988772867,2,12.00000015,Lower Delivery,Delivery,pitch.1,438718,15.1217,-6.3147,70.7124,-126.8908,76.0236,27.0896,-0.1431,-0.2389
1779988772867,2,12.00000018,Upper Delivery,Delivery,pitch.1,439574,-6.8114,-4.8581,22.4578,48.3573,5.3149,23.9239,-0.0315,0.2867
1779988772867,2,Pitching Mound.Delivery,,Delivery,pitch.1,438415,8.3103,-11.1728,93.1702,-62.127,81.3386,43.5562,-0.1162,0.0639
1779988772867,2,Pitching Mound.Drive,,Delivery,pitch.1,438991,-0.0284,-0.2023,1.9535,0.6533,-2.0237,-2.3262,0.0,0.0
1779988772867,2,Pitching Mound.Parent,,Delivery,pitch.1,438035,8.2819,-11.3751,95.1237,-61.4737,79.3149,41.2299,-0.1138,0.0626
1779988772868,2,11.0000004b,Drive,Delivery,pitch.1,438992,-0.0167,-0.2089,1.9321,0.6909,-2.029,-2.3238,0.0,0.0
1779988772868,2,12.00000015,Lower Delivery,Delivery,pitch.1,438719,15.1525,-6.3533,70.921,-127.0222,76.3345,27.1112,-0.1433,-0.2384
1779988772868,2,12.00000018,Upper Delivery,Delivery,pitch.1,439575,-6.7847,-4.8723,22.3791,48.1021,5.0231,23.792,-0.0299,0.2861
1779988772868,2,Pitching Mound.Delivery,,Delivery,pitch.1,438416,8.3678,-11.2256,93.3001,-62.4158,81.3577,43.4446,-0.1161,0.0643
1779988772868,2,Pitching Mound.Drive,,Delivery,pitch.1,438992,-0.0167,-0.2089,1.9321,0.6909,-2.029,-2.3238,0.0,0.0
1779988772868,2,Pitching Mound.Parent,,Delivery,pitch.1,438036,8.351,-11.4345,95.2322,-61.7249,79.3287,41.1208,-0.1137,0.063
1779988772869,2,11.0000004b,Drive,Delivery,pitch.1,438993,-0.0028,-0.2275,1.8836,0.726,-2.2388,-2.3239,0.0,0.0
1779988772869,2,12.00000015,Lower Delivery,Delivery,pitch.1,438720,15.1763,-6.4196,71.2614,-127.5439,76.8666,27.1487,-0.1436,-0.2383
1779988772869,2,12.00000018,Upper Delivery,Delivery,pitch.1,439576,-6.7348,-4.8645,22.1928,48.1361,5.0359,23.7232,-0.0302,0.2888
1779988772869,2,Pitching Mound.Delivery,,Delivery,pitch.1,438417,8.4415,-11.284,93.4542,-62.7244,81.9025,43.4221,-0.1167,0.0654
1779988772869,2,Pitching Mound.Drive,,Delivery,pitch.1,438993,-0.0028,-0.2275,1.8836,0.726,-2.2388,-2.3239,0.0,0.0
1779988772869,2,Pitching Mound.Parent,,Delivery,pitch.1,438037,8.4387,-11.5115,95.3378,-61.9984,79.6638,41.0982,-0.1144,0.0641
1779988772870,2,11.0000004b,Drive,Delivery,pitch.1,438994,-0.0068,-0.2121,1.881,0.6945,-2.2783,-2.3352,0.0,0.0
1779988772870,2,12.00000015,Lower Delivery,Delivery,pitch.1,438721,15.2134,-6.4661,71.5331,-127.7494,77.2695,27.1596,-0.1438,-0.2377
1779988772870,2,12.00000018,Upper Delivery,Delivery,pitch.1,439577,-6.7162,-4.8876,22.1912,48.0121,4.9965,23.621,-0.03,0.288
1779988772870,2,Pitching Mound.Delivery,,Delivery,pitch.1,438418,8.4972,-11.3537,93.7244,-62.9611,82.2659,43.3246,-0.1169,0.0657
1779988772870,2,Pitching Mound.Drive,,Delivery,pitch.1,438994,-0.0068,-0.2121,1.881,0.6945,-2.2783,-2.3352,0.0,0.0
1779988772870,2,Pitching Mound.Parent,,Delivery,pitch.1,438038,8.4904,-11.5658,95.6054,-62.2666,79.9876,40.9893,-0.1146,0.0644
1779988772871,2,11.0000004b,Drive,Delivery,pitch.1,438995,-0.0043,-0.2403,1.8817,0.7285,-2.5785,-2.3447,0.0,0.0
1779988772871,2,12.00000015,Lower Delivery,Delivery,pitch.1,438722,15.2276,-6.5416,72.1609,-128.34,77.7964,27.1791,-0.1435,-0.2368
1779988772871,2,12.00000018,Upper Delivery,Delivery,pitch.1,439578,-6.6691,-4.9184,22.236,48.1916,5.0626,23.499,-0.0303,0.2885
1779988772871,2,Pitching Mound.Delivery,,Delivery,pitch.1,438419,8.5585,-11.4599,94.3969,-63.1739,82.859,43.2333,-0.1169,0.0668
1779988772871,2,Pitching Mound.Drive,,Delivery,pitch.1,438995,-0.0043,-0.2403,1.8817,0.7285,-2.5785,-2.3447,0.0,0.0
1779988772871,2,Pitching Mound.Parent,,Delivery,pitch.1,438039,8.5542,-11.7003,96.2786,-62.4454,80.2806,40.8886,-0.1146,0.0655
1779988772872,2,11.0000004b,Drive,Delivery,pitch.1,438996,-0.0106,-0.2388,1.8862,0.7235,-2.7338,-2.3514,0.0,0.0
1779988772872,2,12.00000015,Lower Delivery,Delivery,pitch.1,438723,15.254,-6.6038,72.5775,-128.647,78.2477,27.2405,-0.1435,-0.236
1779988772872,2,12.00000018,Upper Delivery,Delivery,pitch.1,439579,-6.6221,-4.9788,22.0585,48.0986,4.993,23.4244,-0.0301,0.2903
1779988772872,2,Pitching Mound.Delivery,,Delivery,pitch.1,438420,8.6319,-11.5826,94.636,-63.3719,83.2407,43.227,-0.1171,0.0682
1779988772872,2,Pitching Mound.Drive,,Delivery,pitch.1,438996,-0.0106,-0.2388,1.8862,0.7235,-2.7338,-2.3514,0.0,0.0
1779988772872,2,Pitching Mound.Parent,,Delivery,pitch.1,438040,8.6213,-11.8214,96.5222,-62.6484,80.507,40.8756,-0.1148,0.0669
1779988772873,2,11.0000004b,Drive,Delivery,pitch.1,438997,0.01,-0.2487,1.8307,0.7288,-2.6893,-2.3915,0.0,0.0
1779988772873,2,12.00000015,Lower Delivery,Delivery,pitch.1,438724,15.2628,-6.6717,72.9915,-128.868,78.7092,27.3033,-0.1436,-0.235
1779988772873,2,12.00000018,Upper Delivery,Delivery,pitch.1,439580,-6.5908,-5.0234,21.8644,48.399,5.2098,23.3448,-0.0317,0.2947
1779988772873,2,Pitching Mound.Delivery,,Delivery,pitch.1,438421,8.672,-11.6952,94.8559,-63.0857,83.919,43.2179,-0.1178,0.0703
1779988772873,2,Pitching Mound.Drive,,Delivery,pitch.1,438997,0.01,-0.2487,1.8307,0.7288,-2.6893,-2.3915,0.0,0.0
1779988772873,2,Pitching Mound.Parent,,Delivery,pitch.1,438041,8.6819,-11.9438,96.6866,-62.3569,81.2296,40.8264,-0.1155,0.069
1779988772874,2,11.0000004b,Drive,Delivery,pitch.1,438998,0.0001,-0.2592,1.8185,0.7258,-2.6141,-2.3879,0.0,0.0
1779988772874,2,12.00000015,Lower Delivery,Delivery,pitch.1,438725,15.2845,-6.7352,73.5006,-129.4256,78.9853,27.3655,-0.1431,-0.2344
1779988772874,2,12.00000018,Upper Delivery,Delivery,pitch.1,439581,-6.519,-5.0313,21.7715,48.4365,5.4773,23.29,-0.0335,0.2962
1779988772874,2,Pitching Mound.Delivery,,Delivery,pitch.1,438422,8.7655,-11.7664,95.2721,-63.4012,84.4626,43.2423,-0.118,0.0714
1779988772874,2,Pitching Mound.Drive,,Delivery,pitch.1,438998,0.0001,-0.2592,1.8185,0.7258,-2.6141,-2.3879,0.0,0.0
1779988772874,2,Pitching Mound.Parent,,Delivery,pitch.1,438042,8.7655,-12.0257,97.0906,-62.6753,81.8485,40.8544,-0.1158,0.0701
1779988772875,2,11.0000004b,Drive,Delivery,pitch.1,438999,-0.0089,-0.2754,1.8513,0.724,-2.7587,-2.3924,0.0,0.0
1779988772875,2,12.00000015,Lower Delivery,Delivery,pitch.1,438726,15.2988,-6.7804,73.8221,-129.8575,79.4294,27.428,-0.1432,-0.2342
1779988772875,2,12.00000018,Upper Delivery,Delivery,pitch.1,439582,-6.5153,-5.0529,21.7542,48.3745,5.4121,23.178,-0.0331,0.296
1779988772875,2,Pitching Mound.Delivery,,Delivery,pitch.1,438423,8.7835,-11.8333,95.5763,-63.7799,84.8416,43.1892,-0.1182,0.0717
1779988772875,2,Pitching Mound.Drive,,Delivery,pitch.1,438999,-0.0089,-0.2754,1.8513,0.724,-2.7587,-2.3924,0.0,0.0
1779988772875,2,Pitching Mound.Parent,,Delivery,pitch.1,438043,8.7746,-12.1088,97.4276,-63.0559,82.0829,40.7969,-0.1159,0.0704
1779988772876,2,11.0000004b,Drive,Delivery,pitch.1,439000,-0.0062,-0.2629,1.8262,0.7139,-2.7983,-2.3656,0.0,0.0
1779988772876,2,12.00000015,Lower Delivery,Delivery,pitch.1,438727,15.2987,-6.8258,74.1705,-130.1241,79.8752,27.5254,-0.1434,-0.2336
1779988772876,2,12.00000018,Upper Delivery,Delivery,pitch.1,439583,-6.4356,-5.0269,21.7198,48.3086,5.4776,23.1323,-0.0336,0.2961
1779988772876,2,Pitching Mound.Delivery,,Delivery,pitch.1,438424,8.863,-11.8527,95.8903,-63.9823,85.3528,43.2681,-0.1185,0.0724
1779988772876,2,Pitching Mound.Drive,,Delivery,pitch.1,439000,-0.0062,-0.2629,1.8262,0.7139,-2.7983,-2.3656,0.0,0.0
1779988772876,2,Pitching Mound.Parent,,Delivery,pitch.1,438044,8.8569,-12.1156,97.7164,-63.2685,82.5546,40.9025,-0.1163,0.071
1779988772877,2,11.0000004b,Drive,Delivery,pitch.1,439001,-0.0238,-0.2608,1.9213,0.745,-3.005,-2.4209,0.0,0.0
1779988772877,2,12.00000015,Lower Delivery,Delivery,pitch.1,438728,15.3255,-6.8637,74.4637,-130.464,80.2765,27.6096,-0.1435,-0.2332
1779988772877,2,12.00000018,Upper Delivery,Delivery,pitch.1,439584,-6.4016,-5.0087,21.6322,48.1743,5.4283,23.0121,-0.0334,0.2965
1779988772877,2,Pitching Mound.Delivery,,Delivery,pitch.1,438425,8.9239,-11.8724,96.0958,-64.3271,85.7048,43.2345,-0.1187,0.0729
1779988772877,2,Pitching Mound.Drive,,Delivery,pitch.1,439001,-0.0238,-0.2608,1.9213,0.745,-3.005,-2.4209,0.0,0.0
1779988772877,2,Pitching Mound.Parent,,Delivery,pitch.1,438045,8.9001,-12.1332,98.0171,-63.582,82.6998,40.8136,-0.1164,0.0715
1779988772878,2,11.0000004b,Drive,Delivery,pitch.1,439002,-0.0245,-0.2539,1.9093,0.7454,-2.9934,-2.4122,0.0,0.0
1779988772878,2,12.00000015,Lower Delivery,Delivery,pitch.1,438729,15.3435,-6.9065,74.7767,-130.8534,80.6338,27.736,-0.1436,-0.233
1779988772878,2,12.00000018,Upper Delivery,Delivery,pitch.1,439585,-6.3583,-4.9953,21.3926,47.9685,5.2604,22.8964,-0.0327,0.2985
1779988772878,2,Pitching Mound.Delivery,,Delivery,pitch.1,438426,8.9853,-11.9018,96.1693,-64.7343,85.8942,43.2538,-0.1189,0.074
1779988772878,2,Pitching Mound.Drive,,Delivery,pitch.1,439002,-0.0245,-0.2539,1.9093,0.7454,-2.9934,-2.4122,0.0,0.0
1779988772878,2,Pitching Mound.Parent,,Delivery,pitch.1,438046,8.9607,-12.1557,98.0785,-63.9889,82.9009,40.8417,-0.1166,0.0726
1779988772879,2,11.0000004b,Drive,Delivery,pitch.1,439003,-0.0209,-0.2537,1.9602,0.7485,-3.0448,-2.3987,0.0,0.0
1779988772879,2,12.00000015,Lower Delivery,Delivery,pitch.1,438730,15.3406,-6.9408,75.047,-131.2655,80.9464,27.7995,-0.1436,-0.2329
1779988772879,2,12.00000018,Upper Delivery,Delivery,pitch.1,439586,-6.3452,-4.9898,21.5298,47.7902,5.2069,22.8125,-0.0322,0.2955
1779988772879,2,Pitching Mound.Delivery,,Delivery,pitch.1,438427,8.9954,-11.9307,96.5768,-65.2794,86.1533,43.2388,-0.1188,0.0733
1779988772879,2,Pitching Mound.Drive,,Delivery,pitch.1,439003,-0.0209,-0.2537,1.9602,0.7485,-3.0448,-2.3987,0.0,0.0
1779988772879,2,Pitching Mound.Parent,,Delivery,pitch.1,438047,8.9745,-12.1844,98.537,-64.531,83.1084,40.8401,-0.1164,0.0719
1779988772880,2,11.0000004b,Drive,Delivery,pitch.1,439004,-0.0378,-0.2563,1.9531,0.7538,-3.0307,-2.4243,0.0,0.0
1779988772880,2,12.00000015,Lower Delivery,Delivery,pitch.1,438731,15.3631,-6.9887,75.4609,-131.8378,81.4714,27.8757,-0.1437,-0.2326
1779988772880,2,12.00000018,Upper Delivery,Delivery,pitch.1,439587,-6.293,-5.0178,21.5444,47.6892,5.3271,22.7255,-0.0329,0.2947
1779988772880,2,Pitching Mound.Delivery,,Delivery,pitch.1,438428,9.0702,-12.0065,97.0053,-65.817,86.7985,43.2381,-0.1191,0.0735
1779988772880,2,Pitching Mound.Drive,,Delivery,pitch.1,439004,-0.0378,-0.2563,1.9531,0.7538,-3.0307,-2.4243,0.0,0.0
1779988772880,2,Pitching Mound.Parent,,Delivery,pitch.1,438048,9.0323,-12.2628,98.9583,-65.0632,83.7678,40.8139,-0.1168,0.072
1779988772881,2,11.0000004b,Drive,Delivery,pitch.1,439005,-0.0261,-0.2625,1.9444,0.7586,-3.0082,-2.3897,0.0,0.0
1779988772881,2,12.00000015,Lower Delivery,Delivery,pitch.1,438732,15.3563,-7.0273,75.8213,-132.3145,81.975,27.9273,-0.1439,-0.2323
1779988772881,2,12.00000018,Upper Delivery,Delivery,pitch.1,439588,-6.2908,-4.9668,21.4384,47.1127,4.8719,22.6085,-0.0303,0.2926
1779988772881,2,Pitching Mound.Delivery,,Delivery,pitch.1,438429,9.0654,-11.994,97.2596,-66.7117,86.8469,43.1757,-0.1189,0.0735
1779988772881,2,Pitching Mound.Drive,,Delivery,pitch.1,439005,-0.0261,-0.2625,1.9444,0.7586,-3.0082,-2.3897,0.0,0.0
1779988772881,2,Pitching Mound.Parent,,Delivery,pitch.1,438049,9.0393,-12.2565,99.204,-65.9531,83.8386,40.7861,-0.1165,0.072
1779988772882,2,11.0000004b,Drive,Delivery,pitch.1,439006,-0.0195,-0.2634,1.948,0.724,-2.8697,-2.3634,0.0,0.0
1779988772882,2,12.00000015,Lower Delivery,Delivery,pitch.1,438733,15.3913,-7.0581,76.058,-132.7159,82.4792,28.0287,-0.1444,-0.2323
1779988772882,2,12.00000018,Upper Delivery,Delivery,pitch.1,439589,-6.2597,-4.8892,21.1714,46.317,4.6373,22.4973,-0.0292,0.2912
1779988772882,2,Pitching Mound.Delivery,,Delivery,pitch.1,438430,9.1316,-11.9472,97.2294,-67.7374,87.1165,43.1646,-0.1193,0.0736
1779988772882,2,Pitching Mound.Drive,,Delivery,pitch.1,439006,-0.0195,-0.2634,1.948,0.724,-2.8697,-2.3634,0.0,0.0
1779988772882,2,Pitching Mound.Parent,,Delivery,pitch.1,438050,9.1121,-12.2106,99.1774,-67.0134,84.2468,40.8012,-0.1169,0.0722
1779988772883,2,11.0000004b,Drive,Delivery,pitch.1,439007,-0.0095,-0.2882,1.8501,0.708,-2.6132,-2.3439,0.0,0.0
1779988772883,2,12.00000015,Lower Delivery,Delivery,pitch.1,438734,15.4254,-7.0655,76.3639,-133.0232,82.9227,28.0601,-0.1446,-0.2319
1779988772883,2,12.00000018,Upper Delivery,Delivery,pitch.1,439590,-6.2075,-4.8462,21.111,46.0459,4.5802,22.4538,-0.0289,0.2904
1779988772883,2,Pitching Mound.Delivery,,Delivery,pitch.1,438431,9.218,-11.9117,97.4749,-68.1914,87.5029,43.1588,-0.1195,0.0739
1779988772883,2,Pitching Mound.Drive,,Delivery,pitch.1,439007,-0.0095,-0.2882,1.8501,0.708,-2.6132,-2.3439,0.0,0.0
1779988772883,2,Pitching Mound.Parent,,Delivery,pitch.1,438051,9.2085,-12.1998,99.325,-67.4833,84.8897,40.8149,-0.1173,0.0726
1779988772884,2,11.0000004b,Drive,Delivery,pitch.1,439008,-0.0222,-0.2796,1.9184,0.7069,-2.7258,-2.3425,0.0,0.0
1779988772884,2,12.00000015,Lower Delivery,Delivery,pitch.1,438735,15.4529,-7.081,76.663,-133.6148,83.416,28.0965,-0.1449,-0.232
1779988772884,2,12.00000018,Upper Delivery,Delivery,pitch.1,439591,-6.1995,-4.8237,21.0658,45.6795,4.5216,22.3674,-0.0286,0.2887
1779988772884,2,Pitching Mound.Delivery,,Delivery,pitch.1,438432,9.2534,-11.9046,97.7288,-69.0322,87.9376,43.1021,-0.1198,0.0736
1779988772884,2,Pitching Mound.Drive,,Delivery,pitch.1,439008,-0.0222,-0.2796,1.9184,0.7069,-2.7258,-2.3425,0.0,0.0
1779988772884,2,Pitching Mound.Parent,,Delivery,pitch.1,438052,9.2313,-12.1843,99.6472,-68.3254,85.2119,40.7596,-0.1175,0.0722
1779988772885,2,11.0000004b,Drive,Delivery,pitch.1,439009,-0.0195,-0.2629,1.8909,0.6773,-2.6848,-2.3252,0.0,0.0
1779988772885,2,12.00000015,Lower Delivery,Delivery,pitch.1,438736,15.4574,-7.1004,77.0002,-133.9903,83.952,28.147,-0.1451,-0.2317
1779988772885,2,12.00000018,Upper Delivery,Delivery,pitch.1,439592,-6.2001,-4.7878,20.8594,45.4103,4.2393,22.3386,-0.0271,0.2898
1779988772885,2,Pitching Mound.Delivery,,Delivery,pitch.1,438433,9.2573,-11.8882,97.8597,-69.4921,88.1913,43.122,-0.12,0.0746
1779988772885,2,Pitching Mound.Drive,,Delivery,pitch.1,439009,-0.0195,-0.2629,1.8909,0.6773,-2.6848,-2.3252,0.0,0.0
1779988772885,2,Pitching Mound.Parent,,Delivery,pitch.1,438053,9.2378,-12.1511,99.7505,-68.8149,85.5065,40.7968,-0.1177,0.0731
1779988772886,2,11.0000004b,Drive,Delivery,pitch.1,439010,-0.021,-0.2829,1.8176,0.6936,-2.7543,-2.3349,0.0,0.0
1779988772886,2,12.00000015,Lower Delivery,Delivery,pitch.1,438737,15.5022,-7.1203,77.1956,-134.3379,84.4211,28.1217,-0.1456,-0.2317
1779988772886,2,12.00000018,Upper Delivery,Delivery,pitch.1,439593,-6.1553,-4.7522,20.6478,45.1022,4.2204,22.2191,-0.0272,0.2908
1779988772886,2,Pitching Mound.Delivery,,Delivery,pitch.1,438434,9.3469,-11.8725,97.8434,-70.0095,88.6414,42.9772,-0.1206,0.0751
1779988772886,2,Pitching Mound.Drive,,Delivery,pitch.1,439010,-0.021,-0.2829,1.8176,0.6936,-2.7543,-2.3349,0.0,0.0
1779988772886,2,Pitching Mound.Parent,,Delivery,pitch.1,438054,9.3259,-12.1553,99.661,-69.3159,85.8871,40.6423,-0.1184,0.0737
1779988772887,2,11.0000004b,Drive,Delivery,pitch.1,439011,-0.0278,-0.2951,1.833,0.6881,-2.5714,-2.325,0.0,0.0
1779988772887,2,12.00000015,Lower Delivery,Delivery,pitch.1,438738,15.5311,-7.132,77.5581,-134.8653,84.8688,28.1199,-0.1457,-0.2315
1779988772887,2,12.00000018,Upper Delivery,Delivery,pitch.1,439594,-6.1359,-4.7557,20.4337,44.8398,4.1205,22.0957,-0.0268,0.2921
1779988772887,2,Pitching Mound.Delivery,,Delivery,pitch.1,438435,9.3952,-11.8877,97.9918,-70.6032,88.9893,42.8488,-0.1209,0.0759
1779988772887,2,Pitching Mound.Drive,,Delivery,pitch.1,439011,-0.0278,-0.2951,1.833,0.6881,-2.5714,-2.325,0.0,0.0
1779988772887,2,Pitching Mound.Parent,,Delivery,pitch.1,438055,9.3674,-12.1829,99.8248,-69.9152,86.4179,40.5238,-0.1187,0.0745
1779988772888,2,11.0000004b,Drive,Delivery,pitch.1,439012,-0.0272,-0.2785,1.8515,0.7024,-2.6179,-2.338,0.0,0.0
1779988772888,2,12.00000015,Lower Delivery,Delivery,pitch.1,438739,15.5551,-7.1337,77.6772,-135.0563,85.2992,28.1595,-0.1462,-0.2315
1779988772888,2,12.00000018,Upper Delivery,Delivery,pitch.1,439595,-6.1104,-4.7567,20.4206,44.7913,4.3637,22.0766,-0.0284,0.292
1779988772888,2,Pitching Mound.Delivery,,Delivery,pitch.1,438436,9.4447,-11.8904,98.0978,-70.7977,89.6629,42.8699,-0.1217,0.0759
1779988772888,2,Pitching Mound.Drive,,Delivery,pitch.1,439012,-0.0272,-0.2785,1.8515,0.7024,-2.6179,-2.338,0.0,0.0
1779988772888,2,Pitching Mound.Parent,,Delivery,pitch.1,438056,9.4175,-12.1689,99.9493,-70.0953,87.045,40.5319,-0.1194,0.0745
1779988772889,2,11.0000004b,Drive,Delivery,pitch.1,439013,-0.0161,-0.3035,1.8619,0.7268,-2.7673,-2.3474,0.0,0.0
1779988772889,2,12.00000015,Lower Delivery,Delivery,pitch.1,438740,15.5695,-7.1638,77.9945,-135.4049,85.6215,28.1893,-0.1461,-0.2311
1779988772889,2,12.00000018,Upper Delivery,Delivery,pitch.1,439596,-6.0792,-4.7085,20.485,44.4152,4.3721,22.037,-0.0284,0.2886
1779988772889,2,Pitching Mound.Delivery,,Delivery,pitch.1,438437,9.4903,-11.8722,98.4796,-71.4365,89.9936,42.8657,-0.1217,0.0755
1779988772889,2,Pitching Mound.Drive,,Delivery,pitch.1,439013,-0.0161,-0.3035,1.8619,0.7268,-2.7673,-2.3474,0.0,0.0
1779988772889,2,Pitching Mound.Parent,,Delivery,pitch.1,438057,9.4741,-12.1757,100.3415,-70.7097,87.2263,40.5183,-0.1194,0.0741
1779988772890,2,11.0000004b,Drive,Delivery,pitch.1,439014,-0.0143,-0.3043,1.8678,0.727,-2.7441,-2.3853,0.0,0.0
1779988772890,2,12.00000015,Lower Delivery,Delivery,pitch.1,438741,15.6174,-7.1747,78.1148,-135.5235,85.8395,28.1631,-0.1463,-0.231
1779988772890,2,12.00000018,Upper Delivery,Delivery,pitch.1,439597,-6.0603,-4.6761,20.4411,44.4095,4.4362,21.9966,-0.0289,0.2892
1779988772890,2,Pitching Mound.Delivery,,Delivery,pitch.1,438438,9.5571,-11.8508,98.5559,-71.5049,90.2757,42.7893,-0.1219,0.0759
1779988772890,2,Pitching Mound.Drive,,Delivery,pitch.1,439014,-0.0143,-0.3043,1.8678,0.727,-2.7441,-2.3853,0.0,0.0
1779988772890,2,Pitching Mound.Parent,,Delivery,pitch.1,438058,9.5428,-12.1551,100.4236,-70.778,87.5316,40.404,-0.1197,0.0745
1779988772891,2,11.0000004b,Drive,Delivery,pitch.1,439015,-0.0043,-0.309,1.8794,0.74,-2.7979,-2.3814,0.0,0.0
1779988772891,2,12.00000015,Lower Delivery,Delivery,pitch.1,438742,15.612,-7.1607,78.2034,-135.5867,85.9007,28.1893,-0.1462,-0.2308
1779988772891,2,12.00000018,Upper Delivery,Delivery,pitch.1,439598,-6.0379,-4.6567,20.2251,44.0705,4.4074,21.917,-0.029,0.2901
1779988772891,2,Pitching Mound.Delivery,,Delivery,pitch.1,438439,9.5741,-11.8174,98.4286,-71.8035,90.308,42.7454,-0.1221,0.0765
1779988772891,2,Pitching Mound.Drive,,Delivery,pitch.1,439015,-0.0043,-0.309,1.8794,0.74,-2.7979,-2.3814,0.0,0.0
1779988772891,2,Pitching Mound.Parent,,Delivery,pitch.1,438059,9.5698,-12.1264,100.308,-71.0635,87.5101,40.3639,-0.1199,0.0751
1779988772892,2,11.0000004b,Drive,Delivery,pitch.1,439016,0.0005,-0.2952,1.8782,0.731,-2.5884,-2.3748,0.0,0.0
1779988772892,2,12.00000015,Lower Delivery,Delivery,pitch.1,438743,15.637,-7.171,78.1988,-135.6507,86.0212,28.2166,-0.1464,-0.2309
1779988772892,2,12.00000018,Upper Delivery,Delivery,pitch.1,439599,-5.9804,-4.6247,20.3543,43.9872,4.5615,21.8632,-0.0298,0.2877
1779988772892,2,Pitching Mound.Delivery,,Delivery,pitch.1,438440,9.6566,-11.7957,98.5532,-71.9963,90.5827,42.7299,-0.1224,0.0757
1779988772892,2,Pitching Mound.Drive,,Delivery,pitch.1,439016,0.0005,-0.2952,1.8782,0.731,-2.5884,-2.3748,0.0,0.0
1779988772892,2,Pitching Mound.Parent,,Delivery,pitch.1,438060,9.6571,-12.091,100.4314,-71.2653,87.9943,40.3551,-0.1201,0.0743
1779988772893,2,11.0000004b,Drive,Delivery,pitch.1,439017,0.0095,-0.2861,1.8718,0.7578,-2.6504,-2.3997,0.0,0.0
1779988772893,2,12.00000015,Lower Delivery,Delivery,pitch.1,438744,15.621,-7.1693,78.6223,-136.1131,86.4954,28.1808,-0.1465,-0.2305
1779988772893,2,12.00000018,Upper Delivery,Delivery,pitch.1,439600,-5.9453,-4.6576,20.4413,43.9104,4.7099,21.8456,-0.0307,0.286
1779988772893,2,Pitching Mound.Delivery,,Delivery,pitch.1,438441,9.6757,-11.8269,99.0636,-72.4211,91.2053,42.6939,-0.1226,0.0758
1779988772893,2,Pitching Mound.Drive,,Delivery,pitch.1,439017,0.0095,-0.2861,1.8718,0.7578,-2.6504,-2.3997,0.0,0.0
1779988772893,2,Pitching Mound.Parent,,Delivery,pitch.1,438061,9.6852,-12.113,100.9354,-71.6633,88.5549,40.2943,-0.1203,0.0744
1779988772894,2,11.0000004b,Drive,Delivery,pitch.1,439018,0.0146,-0.2908,1.8927,0.7781,-2.799,-2.3966,0.0,0.0
1779988772894,2,12.00000015,Lower Delivery,Delivery,pitch.1,438745,15.6206,-7.1784,78.8626,-136.4247,86.8031,28.1855,-0.1465,-0.2303
1779988772894,2,12.00000018,Upper Delivery,Delivery,pitch.1,439601,-5.9058,-4.6539,20.5686,43.7154,4.7212,21.8082,-0.0306,0.2829
1779988772894,2,Pitching Mound.Delivery,,Delivery,pitch.1,438442,9.7148,-11.8323,99.4312,-72.8894,91.5243,42.6747,-0.1225,0.0752
1779988772894,2,Pitching Mound.Drive,,Delivery,pitch.1,439018,0.0146,-0.2908,1.8927,0.7781,-2.799,-2.3966,0.0,0.0
1779988772894,2,Pitching Mound.Parent,,Delivery,pitch.1,438062,9.7294,-12.1231,101.3239,-72.1112,88.7253,40.2781,-0.1203,0.0738
1779988772895,2,11.0000004b,Drive,Delivery,pitch.1,439019,0.0244,-0.2751,1.9231,0.7783,-2.8255,-2.4167,0.0,0.0
1779988772895,2,12.00000015,Lower Delivery,Delivery,pitch.1,438746,15.625,-7.1949,79.0328,-136.6393,87.0912,28.1627,-0.1467,-0.2302
1779988772895,2,12.00000018,Upper Delivery,Delivery,pitch.1,439602,-5.8652,-4.6122,20.628,43.499,4.7305,21.7763,-0.0305,0.2807
1779988772895,2,Pitching Mound.Delivery,,Delivery,pitch.1,438443,9.7598,-11.8071,99.6608,-73.2826,91.8217,42.6323,-0.1227,0.0748
1779988772895,2,Pitching Mound.Drive,,Delivery,pitch.1,439019,0.0244,-0.2751,1.9231,0.7783,-2.8255,-2.4167,0.0,0.0
1779988772895,2,Pitching Mound.Parent,,Delivery,pitch.1,438063,9.7841,-12.0823,101.5839,-72.5044,88.9962,40.2156,-0.1203,0.0734
1779988772896,2,11.0000004b,Drive,Delivery,pitch.1,439020,0.018,-0.2762,1.9319,0.8173,-2.9279,-2.4167,0.0,0.0
1779988772896,2,12.00000015,Lower Delivery,Delivery,pitch.1,438747,15.6012,-7.2222,79.1482,-136.9477,87.2949,28.1918,-0.1468,-0.2303
1779988772896,2,12.00000018,Upper Delivery,Delivery,pitch.1,439603,-5.8404,-4.6559,20.4483,43.3646,4.7499,21.7269,-0.0309,0.2823
1779988772896,2,Pitching Mound.Delivery,,Delivery,pitch.1,438444,9.7608,-11.878,99.5964,-73.6251,92.0448,42.6286,-0.123,0.0753
1779988772896,2,Pitching Mound.Drive,,Delivery,pitch.1,439020,0.018,-0.2762,1.9319,0.8173,-2.9279,-2.4167,0.0,0.0
1779988772896,2,Pitching Mound.Parent,,Delivery,pitch.1,438064,9.7788,-12.1543,101.5284,-72.8078,89.1168,40.2119,-0.1207,0.0739
1779988772897,2,11.0000004b,Drive,Delivery,pitch.1,439021,0.0176,-0.2878,1.9087,0.8317,-2.7709,-2.4053,0.0,0.0
1779988772897,2,12.00000015,Lower Delivery,Delivery,pitch.1,438748,15.6053,-7.2413,79.6147,-137.2066,87.4583,28.18,-0.1462,-0.2294
1779988772897,2,12.00000018,Upper Delivery,Delivery,pitch.1,439604,-5.8197,-4.6769,20.3627,43.3631,4.6516,21.6947,-0.0304,0.2835
1779988772897,2,Pitching Mound.Delivery,,Delivery,pitch.1,438445,9.7856,-11.9182,99.9774,-73.6978,92.1099,42.5902,-0.1227,0.0765
1779988772897,2,Pitching Mound.Drive,,Delivery,pitch.1,439021,0.0176,-0.2878,1.9087,0.8317,-2.7709,-2.4053,0.0,0.0
1779988772897,2,Pitching Mound.Parent,,Delivery,pitch.1,438065,9.8032,-12.2059,101.8861,-72.8661,89.3389,40.1849,-0.1204,0.0751
1779988772898,2,11.0000004b,Drive,Delivery,pitch.1,439022,0.0002,-0.2535,1.949,0.8194,-2.7501,-2.4096,0.0,0.0
1779988772898,2,12.00000015,Lower Delivery,Delivery,pitch.1,438749,15.6094,-7.2528,79.6743,-137.3565,87.8039,28.1979,-0.1467,-0.2295
1779988772898,2,12.00000018,Upper Delivery,Delivery,pitch.1,439605,-5.8571,-4.6923,20.5949,43.3479,4.6189,21.67,-0.0299,0.2802
1779988772898,2,Pitching Mound.Delivery,,Delivery,pitch.1,438446,9.7523,-11.9451,100.2691,-73.9216,92.4228,42.5693,-0.1227,0.0755
1779988772898,2,Pitching Mound.Drive,,Delivery,pitch.1,439022,0.0002,-0.2535,1.949,0.8194,-2.7501,-2.4096,0.0,0.0
1779988772898,2,Pitching Mound.Parent,,Delivery,pitch.1,438066,9.7524,-12.1985,102.2181,-73.1022,89.6727,40.1597,-0.1204,0.0741
1779988772899,2,11.0000004b,Drive,Delivery,pitch.1,439023,-0.0034,-0.259,1.8678,0.7691,-2.7041,-2.4258,0.0,0.0
1779988772899,2,12.00000015,Lower Delivery,Delivery,pitch.1,438750,15.5981,-7.2873,80.0145,-137.8517,88.3469,28.2353,-0.147,-0.2294
1779988772899,2,12.00000018,Upper Delivery,Delivery,pitch.1,439606,-5.8328,-4.7049,20.4382,43.6211,4.6776,21.7003,-0.0305,0.2841
1779988772899,2,Pitching Mound.Delivery,,Delivery,pitch.1,438447,9.7654,-11.9922,100.4527,-73.9746,93.0245,42.6491,-0.1233,0.0768
1779988772899,2,Pitching Mound.Drive,,Delivery,pitch.1,439023,-0.0034,-0.259,1.8678,0.7691,-2.7041,-2.4258,0.0,0.0
1779988772899,2,Pitching Mound.Parent,,Delivery,pitch.1,438067,9.762,-12.2511,102.3205,-73.2055,90.3204,40.2233,-0.121,0.0754
1779988772900,2,11.0000004b,Drive,Delivery,pitch.1,439024,-0.0197,-0.2311,1.9165,0.7712,-2.7593,-2.4502,0.0,0.0
1779988772900,2,12.00000015,Lower Delivery,Delivery,pitch.1,438751,15.5987,-7.3171,80.3723,-138.3299,88.7727,28.1947,-0.147,-0.2291
1779988772900,2,12.00000018,Upper Delivery,Delivery,pitch.1,439607,-5.86,-4.6985,20.4933,43.2838,4.4064,21.6522,-0.0286,0.2812
1779988772900,2,Pitching Mound.Delivery,,Delivery,pitch.1,438448,9.7387,-12.0156,100.8655,-74.6873,93.1792,42.551,-0.123,0.0764
1779988772900,2,Pitching Mound.Drive,,Delivery,pitch.1,439024,-0.0197,-0.2311,1.9165,0.7712,-2.7593,-2.4502,0.0,0.0
1779988772900,2,Pitching Mound.Parent,,Delivery,pitch.1,438068,9.7189,-12.2467,102.782,-73.9161,90.4198,40.1008,-0.1207,0.075
1779988772901,2,11.0000004b,Drive,Delivery,pitch.1,439025,-0.0024,-0.2267,1.8574,0.7647,-2.7197,-2.4121,0.0,0.0
1779988772901,2,12.00000015,Lower Delivery,Delivery,pitch.1,438752,15.6168,-7.3403,80.4793,-138.6541,89.1163,28.2305,-0.1474,-0.2294
1779988772901,2,12.00000018,Upper Delivery,Delivery,pitch.1,439608,-5.8513,-4.7005,20.4275,43.2845,4.2682,21.5938,-0.0278,0.2821
1779988772901,2,Pitching Mound.Delivery,,Delivery,pitch.1,438449,9.7655,-12.0407,100.9068,-74.952,93.3844,42.5251,-0.1232,0.0765
1779988772901,2,Pitching Mound.Drive,,Delivery,pitch.1,439025,-0.0024,-0.2267,1.8574,0.7647,-2.7197,-2.4121,0.0,0.0
1779988772901,2,Pitching Mound.Parent,,Delivery,pitch.1,438069,9.7632,-12.2674,102.7642,-74.1873,90.6648,40.113,-0.121,0.0751
1779988772902,2,11.0000004b,Drive,Delivery,pitch.1,439026,-0.0112,-0.206,1.8753,0.7487,-2.589,-2.439,0.0,0.0
1779988772902,2,12.00000015,Lower Delivery,Delivery,pitch.1,438753,15.6182,-7.3718,80.6257,-139.0264,89.431,28.205,-0.1477,-0.2296
1779988772902,2,12.00000018,Upper Delivery,Delivery,pitch.1,439609,-5.8982,-4.7159,20.3505,43.2497,4.1969,21.5593,-0.0275,0.2829
1779988772902,2,Pitching Mound.Delivery,,Delivery,pitch.1,438450,9.72,-12.0878,100.9762,-75.2831,93.628,42.4487,-0.1234,0.0767
1779988772902,2,Pitching Mound.Drive,,Delivery,pitch.1,439026,-0.0112,-0.206,1.8753,0.7487,-2.589,-2.439,0.0,0.0
1779988772902,2,Pitching Mound.Parent,,Delivery,pitch.1,438070,9.7088,-12.2938,102.8514,-74.5344,91.039,40.0097,-0.1212,0.0753
1779988772903,2,11.0000004b,Drive,Delivery,pitch.1,439027,-0.0185,-0.1716,1.8408,0.7298,-2.4922,-2.4114,0.0,0.0
1779988772903,2,12.00000015,Lower Delivery,Delivery,pitch.1,438754,15.6032,-7.3782,80.8556,-139.2903,89.6488,28.1471,-0.1476,-0.2293
1779988772903,2,12.00000018,Upper Delivery,Delivery,pitch.1,439610,-5.8876,-4.7262,20.3425,43.1342,4.1842,21.4962,-0.0274,0.2823
1779988772903,2,Pitching Mound.Delivery,,Delivery,pitch.1,438451,9.7157,-12.1044,101.1981,-75.5816,93.8331,42.3364,-0.1234,0.0768
1779988772903,2,Pitching Mound.Drive,,Delivery,pitch.1,439027,-0.0185,-0.1716,1.8408,0.7298,-2.4922,-2.4114,0.0,0.0
1779988772903,2,Pitching Mound.Parent,,Delivery,pitch.1,438071,9.6972,-12.276,103.0389,-74.8518,91.3409,39.925,-0.1212,0.0754
1779988772904,2,11.0000004b,Drive,Delivery,pitch.1,439028,-0.0266,-0.1747,1.8139,0.7543,-2.5011,-2.4246,0.0,0.0
1779988772904,2,12.00000015,Lower Delivery,Delivery,pitch.1,438755,15.6224,-7.3946,80.9694,-139.5113,89.6506,28.1122,-0.1474,-0.2294
1779988772904,2,12.00000018,Upper Delivery,Delivery,pitch.1,439611,-5.8914,-4.7334,20.3784,43.2516,4.0483,21.4633,-0.0264,0.2826
1779988772904,2,Pitching Mound.Delivery,,Delivery,pitch.1,438452,9.731,-12.1281,101.3478,-75.6588,93.6989,42.2608,-0.1231,0.0768
1779988772904,2,Pitching Mound.Drive,,Delivery,pitch.1,439028,-0.0266,-0.1747,1.8139,0.7543,-2.5011,-2.4246,0.0,0.0
1779988772904,2,Pitching Mound.Parent,,Delivery,pitch.1,438072,9.7044,-12.3027,103.1617,-74.9045,91.1978,39.8362,-0.1209,0.0755
1779988772905,2,11.0000004b,Drive,Delivery,pitch.1,439029,-0.0389,-0.1787,1.842,0.7492,-2.3595,-2.4356,0.0,0.0
1779988772905,2,12.00000015,Lower Delivery,Delivery,pitch.1,438756,15.599,-7.3912,81.0066,-139.6679,89.8919,28.0915,-0.1477,-0.2295
1779988772905,2,12.00000018,Upper Delivery,Delivery,pitch.1,439612,-5.8686,-4.7384,20.4247,43.1937,4.1558,21.4247,-0.0271,0.2815
1779988772905,2,Pitching Mound.Delivery,,Delivery,pitch.1,438453,9.7304,-12.1296,101.4313,-75.8764,94.0477,42.2172,-0.1234,0.0765
1779988772905,2,Pitching Mound.Drive,,Delivery,pitch.1,439029,-0.0389,-0.1787,1.842,0.7492,-2.3595,-2.4356,0.0,0.0
1779988772905,2,Pitching Mound.Parent,,Delivery,pitch.1,438073,9.6915,-12.3083,103.2733,-75.1272,91.6882,39.7817,-0.1212,0.0751
1779988772906,2,11.0000004b,Drive,Delivery,pitch.1,439030,-0.0315,-0.19,1.7617,0.7357,-2.2488,-2.4089,0.0,0.0
1779988772906,2,12.00000015,Lower Delivery,Delivery,pitch.1,438757,15.5911,-7.3889,81.2585,-139.8912,90.1214,28.0564,-0.1476,-0.2292
1779988772906,2,12.00000018,Upper Delivery,Delivery,pitch.1,439613,-5.8713,-4.707,20.2647,43.094,4.2212,21.4064,-0.0277,0.2831
1779988772906,2,Pitching Mound.Delivery,,Delivery,pitch.1,438454,9.7198,-12.0958,101.5232,-76.0594,94.3426,42.1656,-0.1237,0.0773
1779988772906,2,Pitching Mound.Drive,,Delivery,pitch.1,439030,-0.0315,-0.19,1.7617,0.7357,-2.2488,-2.4089,0.0,0.0
1779988772906,2,Pitching Mound.Parent,,Delivery,pitch.1,438074,9.6883,-12.2858,103.2849,-75.3236,92.0938,39.7567,-0.1216,0.076
1779988772907,2,11.0000004b,Drive,Delivery,pitch.1,439031,-0.0127,-0.1983,1.7645,0.7256,-2.2971,-2.4206,0.0,0.0
1779988772907,2,12.00000015,Lower Delivery,Delivery,pitch.1,438758,15.5717,-7.3634,81.2701,-139.8625,90.2119,28.01,-0.1478,-0.2291
1779988772907,2,12.00000018,Upper Delivery,Delivery,pitch.1,439614,-5.8817,-4.6763,20.3618,43.1722,4.1947,21.3351,-0.0274,0.2823
1779988772907,2,Pitching Mound.Delivery,,Delivery,pitch.1,438455,9.69,-12.0397,101.6319,-75.9815,94.4066,42.0509,-0.1237,0.0771
1779988772907,2,Pitching Mound.Drive,,Delivery,pitch.1,439031,-0.0127,-0.1983,1.7645,0.7256,-2.2971,-2.4206,0.0,0.0
1779988772907,2,Pitching Mound.Parent,,Delivery,pitch.1,438075,9.6773,-12.238,103.3965,-75.2559,92.1095,39.6303,-0.1216,0.0758
1779988772908,2,11.0000004b,Drive,Delivery,pitch.1,439032,-0.0105,-0.1984,1.7763,0.7139,-2.3577,-2.4027,0.0,0.0
1779988772908,2,12.00000015,Lower Delivery,Delivery,pitch.1,438759,15.5732,-7.3307,81.2483,-139.9208,90.353,28.0001,-0.148,-0.2293
1779988772908,2,12.00000018,Upper Delivery,Delivery,pitch.1,439615,-5.8646,-4.6358,20.2851,43.0201,4.1994,21.35,-0.0276,0.2823
1779988772908,2,Pitching Mound.Delivery,,Delivery,pitch.1,438456,9.7086,-11.9664,101.5333,-76.1732,94.5525,42.0612,-0.124,0.0771
1779988772908,2,Pitching Mound.Drive,,Delivery,pitch.1,439032,-0.0105,-0.1984,1.7763,0.7139,-2.3577,-2.4027,0.0,0.0
1779988772908,2,Pitching Mound.Parent,,Delivery,pitch.1,438076,9.6981,-12.1648,103.3097,-75.4593,92.1948,39.6585,-0.1218,0.0758
1779988772909,2,11.0000004b,Drive,Delivery,pitch.1,439033,-0.0003,-0.2075,1.7342,0.7273,-2.4277,-2.3743,0.0,0.0
1779988772909,2,12.00000015,Lower Delivery,Delivery,pitch.1,438760,15.5375,-7.2875,81.4991,-140.3033,90.4253,27.9538,-0.1477,-0.2292
1779988772909,2,12.00000018,Upper Delivery,Delivery,pitch.1,439616,-5.8358,-4.5717,20.3696,42.6547,4.2524,21.325,-0.0278,0.2788
1779988772909,2,12.00000018,Upper Delivery,Delivery,pitch.1,439617,-5.8138,-4.5149,20.409,42.3913,4.156,21.2898,-0.0271,0.2765
1779988772909,2,Pitching Mound.Delivery,,Delivery,pitch.1,438457,9.7017,-11.8591,101.8688,-76.8646,94.6777,42.0119,-0.1237,0.0764
1779988772909,2,Pitching Mound.Drive,,Delivery,pitch.1,439033,-0.0003,-0.2075,1.7342,0.7273,-2.4277,-2.3743,0.0,0.0
1779988772909,2,Pitching Mound.Parent,,Delivery,pitch.1,438077,9.7014,-12.0666,103.603,-76.1374,92.25,39.6376,-0.1217,0.0751
1779988772910,2,11.0000004b,Drive,Delivery,pitch.1,439034,0.0089,-0.2302,1.7685,0.7291,-2.5376,-2.3947,0.0,0.0
1779988772910,2,12.00000015,Lower Delivery,Delivery,pitch.1,438761,15.5648,-7.2458,81.4365,-140.2011,90.4082,27.9522,-0.1478,-0.2292
1779988772910,2,Pitching Mound.Delivery,,Delivery,pitch.1,438458,9.751,-11.7607,101.8455,-77.0605,94.5642,41.9733,-0.1236,0.0759
1779988772910,2,Pitching Mound.Drive,,Delivery,pitch.1,439034,0.0089,-0.2302,1.7685,0.7291,-2.5376,-2.3947,0.0,0.0
1779988772910,2,Pitching Mound.Parent,,Delivery,pitch.1,438078,9.7599,-11.9909,103.614,-76.3314,92.0266,39.5786,-0.1215,0.0746
1779988772911,2,11.0000004b,Drive,Delivery,pitch.1,439035,-0.0238,-0.2516,1.7548,0.7321,-2.4267,-2.3731,0.0,0.0
1779988772911,2,12.00000015,Lower Delivery,Delivery,pitch.1,438762,15.5339,-7.1965,81.3451,-140.0698,90.5185,27.8799,-0.1481,-0.2292
1779988772911,2,12.00000018,Upper Delivery,Delivery,pitch.1,439618,-5.7817,-4.4963,20.276,42.6093,4.2667,21.2593,-0.028,0.2798
1779988772911,2,Pitching Mound.Delivery,,Delivery,pitch.1,438459,9.7522,-11.6928,101.6211,-76.697,94.7852,41.8919,-0.1242,0.0766
1779988772911,2,Pitching Mound.Drive,,Delivery,pitch.1,439035,-0.0238,-0.2516,1.7548,0.7321,-2.4267,-2.3731,0.0,0.0
1779988772911,2,Pitching Mound.Parent,,Delivery,pitch.1,438079,9.7284,-11.9444,103.3759,-75.9649,92.3586,39.5188,-0.1221,0.0753
1779988772912,2,11.0000004b,Drive,Delivery,pitch.1,439036,-0.0253,-0.2621,1.7519,0.7204,-2.3697,-2.3864,0.0,0.0
1779988772912,2,12.00000015,Lower Delivery,Delivery,pitch.1,438763,15.5593,-7.1422,81.3743,-140.2142,90.6999,27.8086,-0.1484,-0.2294
1779988772912,2,12.00000018,Upper Delivery,Delivery,pitch.1,439619,-5.7714,-4.4692,20.3264,42.7038,4.3156,21.2881,-0.0283,0.2797
1779988772912,2,Pitching Mound.Delivery,,Delivery,pitch.1,438460,9.7879,-11.6114,101.7006,-76.7541,95.0156,41.8443,-0.1244,0.0764
1779988772912,2,Pitching Mound.Drive,,Delivery,pitch.1,439036,-0.0253,-0.2621,1.7519,0.7204,-2.3697,-2.3864,0.0,0.0
1779988772912,2,Pitching Mound.Parent,,Delivery,pitch.1,438080,9.7626,-11.8734,103.4525,-76.0337,92.6458,39.458,-0.1223,0.0752
1779988772913,2,11.0000004b,Drive,Delivery,pitch.1,439037,-0.0254,-0.2395,1.7785,0.7173,-2.4231,-2.3515,0.0,0.0
1779988772913,2,12.00000015,Lower Delivery,Delivery,pitch.1,438764,15.5602,-7.0994,81.8023,-140.6453,91.1212,27.765,-0.1483,-0.2289
1779988772913,2,12.00000018,Upper Delivery,Delivery,pitch.1,439620,-5.7271,-4.3673,20.2732,42.2925,4.1112,21.2662,-0.027,0.2777
1779988772913,2,Pitching Mound.Delivery,,Delivery,pitch.1,438461,9.8331,-11.4668,102.0755,-77.433,95.2324,41.7936,-0.1242,0.0767
1779988772913,2,Pitching Mound.Drive,,Delivery,pitch.1,439037,-0.0254,-0.2395,1.7785,0.7173,-2.4231,-2.3515,0.0,0.0
1779988772913,2,Pitching Mound.Parent,,Delivery,pitch.1,438081,9.8077,-11.7062,103.854,-76.7156,92.8093,39.442,-0.1221,0.0754
1779988772914,2,11.0000004b,Drive,Delivery,pitch.1,439038,-0.0309,-0.2517,1.7985,0.7315,-2.5021,-2.362,0.0,0.0
1779988772914,2,12.00000015,Lower Delivery,Delivery,pitch.1,438765,15.5803,-7.0642,81.8194,-140.83,91.4771,27.7006,-0.1488,-0.2291
1779988772914,2,12.00000018,Upper Delivery,Delivery,pitch.1,439621,-5.7643,-4.3837,20.2922,42.2422,4.037,21.3052,-0.0265,0.2771
1779988772914,2,Pitching Mound.Delivery,,Delivery,pitch.1,438462,9.8161,-11.4479,102.1116,-77.6686,95.5141,41.7486,-0.1245,0.0763
1779988772914,2,Pitching Mound.Drive,,Delivery,pitch.1,439038,-0.0309,-0.2517,1.7985,0.7315,-2.5021,-2.362,0.0,0.0
1779988772914,2,Pitching Mound.Parent,,Delivery,pitch.1,438082,9.7852,-11.6996,103.91,-76.9371,93.012,39.3866,-0.1224,0.075
1779988772915,2,11.0000004b,Drive,Delivery,pitch.1,439039,-0.0209,-0.2551,1.7705,0.7409,-2.41,-2.3643,0.0,0.0
1779988772915,2,12.00000015,Lower Delivery,Delivery,pitch.1,438766,15.5864,-7.0289,81.9803,-141.0217,91.6465,27.6626,-0.1488,-0.229
1779988772915,2,12.00000018,Upper Delivery,Delivery,pitch.1,439623,-5.7534,-4.3298,20.2689,41.956,3.833,21.327,-0.0252,0.2756
1779988772915,2,12.00000018,Upper Delivery,Delivery,pitch.1,439622,-5.7439,-4.3716,20.2621,42.1001,4.0206,21.3193,-0.0264,0.2766
1779988772915,2,Pitching Mound.Delivery,,Delivery,pitch.1,438463,9.8425,-11.4004,102.2424,-77.9374,95.6671,41.7296,-0.1246,0.0764
1779988772915,2,Pitching Mound.Drive,,Delivery,pitch.1,439039,-0.0209,-0.2551,1.7705,0.7409,-2.41,-2.3643,0.0,0.0
1779988772915,2,Pitching Mound.Parent,,Delivery,pitch.1,438083,9.8216,-11.6556,104.0129,-77.1966,93.2571,39.3653,-0.1224,0.0751
1779988772916,2,11.0000004b,Drive,Delivery,pitch.1,439040,-0.0554,-0.2539,1.8882,0.7381,-2.6786,-2.397,0.0,0.0
1779988772916,2,12.00000015,Lower Delivery,Delivery,pitch.1,438767,15.6131,-7.0005,82.3807,-141.4204,91.9633,27.5306,-0.1486,-0.2285
1779988772916,2,12.00000018,Upper Delivery,Delivery,pitch.1,439624,-5.7245,-4.3317,20.3307,41.9446,3.85,21.3965,-0.0252,0.2747
1779988772916,2,Pitching Mound.Delivery,,Delivery,pitch.1,438464,9.8597,-11.3303,102.6496,-78.3464,95.7963,41.593,-0.1242,0.0767
1779988772916,2,Pitching Mound.Drive,,Delivery,pitch.1,439040,-0.0554,-0.2539,1.8882,0.7381,-2.6786,-2.397,0.0,0.0
1779988772916,2,Pitching Mound.Parent,,Delivery,pitch.1,438084,9.8043,-11.5842,104.5378,-77.6083,93.1177,39.196,-0.122,0.0753
1779988772917,2,11.0000004b,Drive,Delivery,pitch.1,439041,-0.0615,-0.2706,1.9715,0.7673,-2.8016,-2.4107,0.0,0.0
1779988772917,2,12.00000015,Lower Delivery,Delivery,pitch.1,438768,15.607,-6.9777,82.5431,-141.7194,92.1819,27.4077,-0.1487,-0.2286
1779988772917,2,Pitching Mound.Delivery,,Delivery,pitch.1,438465,9.8825,-11.3094,102.8739,-78.6225,96.032,41.5514,-0.1243,0.0765
1779988772917,2,Pitching Mound.Drive,,Delivery,pitch.1,439041,-0.0615,-0.2706,1.9715,0.7673,-2.8016,-2.4107,0.0,0.0
1779988772917,2,Pitching Mound.Parent,,Delivery,pitch.1,438085,9.8209,-11.58,104.8454,-77.8552,93.2304,39.1408,-0.1219,0.0751
1779988772918,2,11.0000004b,Drive,Delivery,pitch.1,439042,-0.054,-0.2821,1.9064,0.7837,-2.731,-2.4264,0.0,0.0
1779988772918,2,12.00000015,Lower Delivery,Delivery,pitch.1,438769,15.6018,-6.9538,82.6543,-141.8388,92.2983,27.2646,-0.1487,-0.2285
1779988772918,2,12.00000018,Upper Delivery,Delivery,pitch.1,439625,-5.7618,-4.3407,20.2765,42.0147,3.7784,21.3637,-0.0248,0.2759
1779988772918,2,Pitching Mound.Delivery,,Delivery,pitch.1,438466,9.8399,-11.2946,102.9308,-78.6156,96.0767,41.3647,-0.1243,0.0769
1779988772918,2,Pitching Mound.Drive,,Delivery,pitch.1,439042,-0.054,-0.2821,1.9064,0.7837,-2.731,-2.4264,0.0,0.0
1779988772918,2,Pitching Mound.Parent,,Delivery,pitch.1,438086,9.786,-11.5767,104.8372,-77.8319,93.3457,38.9383,-0.122,0.0755
1779988772919,2,11.0000004b,Drive,Delivery,pitch.1,439043,-0.0612,-0.2839,1.9029,0.7443,-2.7025,-2.4013,0.0,0.0
1779988772919,2,12.00000015,Lower Delivery,Delivery,pitch.1,438770,15.5686,-6.9212,82.7877,-142.087,92.6225,27.1259,-0.1489,-0.2285
1779988772919,2,12.00000018,Upper Delivery,Delivery,pitch.1,439626,-5.7849,-4.3719,20.2212,42.2063,3.6975,21.3451,-0.0243,0.2779
1779988772919,2,Pitching Mound.Delivery,,Delivery,pitch.1,438467,9.7837,-11.2931,103.0089,-78.6081,96.3201,41.2108,-0.1245,0.0774
1779988772919,2,Pitching Mound.Drive,,Delivery,pitch.1,439043,-0.0612,-0.2839,1.9029,0.7443,-2.7025,-2.4013,0.0,0.0
1779988772919,2,Pitching Mound.Parent,,Delivery,pitch.1,438087,9.7224,-11.577,104.9118,-77.8638,93.6175,38.8095,-0.1222,0.076
1779988772920,2,11.0000004b,Drive,Delivery,pitch.1,439044,-0.07,-0.2725,1.9136,0.7308,-2.6484,-2.3819,0.0,0.0
1779988772920,2,12.00000015,Lower Delivery,Delivery,pitch.1,438771,15.5467,-6.9118,83.0061,-142.2449,92.8452,26.9875,-0.1489,-0.2281
1779988772920,2,12.00000018,Upper Delivery,Delivery,pitch.1,439627,-5.8203,-4.411,19.922,42.4276,3.7272,21.2891,-0.0249,0.2835
1779988772920,2,12.00000018,Upper Delivery,Delivery,pitch.1,439628,-5.871,-4.4183,19.76,42.1696,3.5278,21.2721,-0.0238,0.2841
1779988772920,2,Pitching Mound.Delivery,,Delivery,pitch.1,438468,9.7264,-11.3228,102.9281,-78.3687,96.5724,41.0118,-0.1249,0.0793
1779988772920,2,Pitching Mound.Drive,,Delivery,pitch.1,439044,-0.07,-0.2725,1.9136,0.7308,-2.6484,-2.3819,0.0,0.0
1779988772920,2,Pitching Mound.Parent,,Delivery,pitch.1,438088,9.6563,-11.5953,104.8417,-77.6379,93.9241,38.6299,-0.1226,0.0778
1779988772921,2,11.0000004b,Drive,Delivery,pitch.1,439045,-0.0839,-0.3061,1.969,0.7309,-2.6127,-2.4192,0.0,0.0
1779988772921,2,12.00000015,Lower Delivery,Delivery,pitch.1,438772,15.4915,-6.8907,83.2512,-142.5129,93.145,26.7893,-0.1489,-0.2279
1779988772921,2,12.00000018,Upper Delivery,Delivery,pitch.1,439629,-5.8896,-4.4722,19.9296,42.3711,3.7583,21.2032,-0.0251,0.283
1779988772921,2,Pitching Mound.Delivery,,Delivery,pitch.1,438469,9.6206,-11.309,103.0112,-78.7563,96.6728,40.7982,-0.1249,0.0799
1779988772921,2,Pitching Mound.Drive,,Delivery,pitch.1,439045,-0.0839,-0.3061,1.969,0.7309,-2.6127,-2.4192,0.0,0.0
1779988772921,2,Pitching Mound.Parent,,Delivery,pitch.1,438089,9.5367,-11.6151,104.9802,-78.0254,94.0601,38.379,-0.1226,0.0784
1779988772922,2,11.0000004b,Drive,Delivery,pitch.1,439046,-0.0593,-0.3115,1.9559,0.7357,-2.6747,-2.418,0.0,0.0
1779988772922,2,12.00000015,Lower Delivery,Delivery,pitch.1,438773,15.4593,-6.8692,83.4811,-142.8484,93.3482,26.6615,-0.1489,-0.2278
1779988772922,2,12.00000018,Upper Delivery,Delivery,pitch.1,439630,-5.8939,-4.4995,19.7522,42.2873,3.7069,21.1642,-0.025,0.285
1779988772922,2,Pitching Mound.Delivery,,Delivery,pitch.1,438470,9.5697,-11.3414,103.4107,-78.8697,97.1065,40.606,-0.125,0.0796
1779988772922,2,Pitching Mound.Drive,,Delivery,pitch.1,439046,-0.0593,-0.3115,1.9559,0.7357,-2.6747,-2.418,0.0,0.0
1779988772922,2,Pitching Mound.Parent,,Delivery,pitch.1,438090,9.5104,-11.6529,105.3666,-78.1341,94.4318,38.188,-0.1227,0.0781
1779988772923,2,11.0000004b,Drive,Delivery,pitch.1,439047,-0.0716,-0.3154,1.9711,0.7457,-2.6264,-2.3786,0.0,0.0
1779988772923,2,12.00000015,Lower Delivery,Delivery,pitch.1,438774,15.3895,-6.8338,83.5439,-142.899,93.5889,26.5156,-0.1491,-0.2277
1779988772923,2,12.00000018,Upper Delivery,Delivery,pitch.1,439631,-5.9349,-4.4919,19.7131,42.0521,3.6581,21.096,-0.0247,0.284
1779988772923,2,Pitching Mound.Delivery,,Delivery,pitch.1,438471,9.4956,-11.3333,103.2961,-78.9226,97.2958,40.4435,-0.1254,0.0803
1779988772923,2,Pitching Mound.Drive,,Delivery,pitch.1,439047,-0.0716,-0.3154,1.9711,0.7457,-2.6264,-2.3786,0.0,0.0
1779988772923,2,Pitching Mound.Parent,,Delivery,pitch.1,438091,9.424,-11.6487,105.2671,-78.1769,94.6694,38.0649,-0.123,0.0788
1779988772924,2,11.0000004b,Drive,Delivery,pitch.1,439048,-0.0498,-0.3156,1.989,0.7396,-2.5754,-2.3768,0.0,0.0
1779988772924,2,12.00000015,Lower Delivery,Delivery,pitch.1,438775,15.3175,-6.7843,83.6429,-143.0751,93.6073,26.4164,-0.149,-0.2277
1779988772924,2,12.00000018,Upper Delivery,Delivery,pitch.1,439632,-5.9168,-4.455,19.7053,41.8975,3.6709,21.0239,-0.0248,0.2831
1779988772924,2,Pitching Mound.Delivery,,Delivery,pitch.1,438472,9.3826,-11.2762,103.356,-79.2869,97.2654,40.2866,-0.1253,0.0802
1779988772924,2,Pitching Mound.Drive,,Delivery,pitch.1,439048,-0.0498,-0.3156,1.989,0.7396,-2.5754,-2.3768,0.0,0.0
1779988772924,2,Pitching Mound.Parent,,Delivery,pitch.1,438092,9.3328,-11.5918,105.345,-78.5473,94.69,37.9098,-0.1229,0.0787
1779988772925,2,11.0000004b,Drive,Delivery,pitch.1,439049,-0.0406,-0.3063,1.9171,0.7298,-2.4782,-2.3321,0.0,0.0
1779988772925,2,11.0000004b,Drive,Delivery,pitch.1,439050,-0.0309,-0.3062,1.896,0.7434,-2.6101,-2.3762,0.0,0.0
1779988772925,2,12.00000015,Lower Delivery,Delivery,pitch.1,438776,15.2716,-6.7933,83.7666,-143.2987,93.8696,26.2444,-0.1492,-0.2277
1779988772925,2,12.00000018,Upper Delivery,Delivery,pitch.1,439633,-5.9157,-4.4344,19.8294,41.7751,3.5945,20.8959,-0.0241,0.2805
1779988772925,2,Pitching Mound.Delivery,,Delivery,pitch.1,438473,9.3548,-11.2483,103.4719,-79.6203,97.5405,40.0642,-0.1255,0.08
1779988772925,2,Pitching Mound.Drive,,Delivery,pitch.1,439049,-0.0406,-0.3063,1.9171,0.7298,-2.4782,-2.3321,0.0,0.0
1779988772925,2,Pitching Mound.Drive,,Delivery,pitch.1,439050,-0.0309,-0.3062,1.896,0.7434,-2.6101,-2.3762,0.0,0.0
1779988772925,2,Pitching Mound.Parent,,Delivery,pitch.1,438093,9.3142,-11.5546,105.389,-78.8906,95.0623,37.7322,-0.1232,0.0786
1779988772926,2,12.00000015,Lower Delivery,Delivery,pitch.1,438777,15.198,-6.7724,83.8012,-143.213,93.8316,26.0889,-0.1491,-0.2275
1779988772926,2,12.00000018,Upper Delivery,Delivery,pitch.1,439634,-5.8875,-4.3845,19.8936,41.5276,3.6801,20.8547,-0.0246,0.2779
1779988772926,2,Pitching Mound.Delivery,,Delivery,pitch.1,438474,9.2823,-11.2068,103.6306,-79.6875,97.4261,39.8061,-0.1252,0.0796
1779988772926,2,Pitching Mound.Parent,,Delivery,pitch.1,438094,9.2514,-11.513,105.5266,-78.9441,94.816,37.4299,-0.1229,0.0781
1779988772927,2,11.0000004b,Drive,Delivery,pitch.1,439051,-0.0247,-0.3086,1.8718,0.7552,-2.6507,-2.3573,0.0,0.0
1779988772927,2,12.00000015,Lower Delivery,Delivery,pitch.1,438778,15.1619,-6.7506,83.8022,-143.3199,94.0437,25.9245,-0.1494,-0.2277
1779988772927,2,12.00000018,Upper Delivery,Delivery,pitch.1,439635,-5.8763,-4.3407,19.6705,41.0419,3.3582,20.7164,-0.0227,0.2778
1779988772927,2,Pitching Mound.Delivery,,Delivery,pitch.1,438475,9.2744,-11.1351,103.6958,-80.0633,97.7238,39.6224,-0.1255,0.0789
1779988772927,2,Pitching Mound.Drive,,Delivery,pitch.1,439051,-0.0247,-0.3086,1.8718,0.7552,-2.6507,-2.3573,0.0,0.0
1779988772927,2,Pitching Mound.Parent,,Delivery,pitch.1,438095,9.2497,-11.4437,105.5676,-79.3081,95.0731,37.2651,-0.1232,0.0775
1779988772928,2,11.0000004b,Drive,Delivery,pitch.1,439052,-0.0322,-0.2808,1.8418,0.7295,-2.713,-2.3527,0.0,0.0
1779988772928,2,11.0000004b,Drive,Delivery,pitch.1,439053,-0.0252,-0.2606,1.8624,0.7209,-2.6494,-2.3398,0.0,0.0
1779988772928,2,12.00000015,Lower Delivery,Delivery,pitch.1,438779,15.1028,-6.7298,83.8336,-143.6184,94.29,25.7503,-0.1497,-0.2281
1779988772928,2,12.00000018,Upper Delivery,Delivery,pitch.1,439636,-5.8174,-4.2522,19.6679,40.7314,3.4328,20.648,-0.0232,0.2757
1779988772928,2,Pitching Mound.Delivery,,Delivery,pitch.1,438476,9.2265,-11.0705,103.5041,-80.7611,97.6482,39.3339,-0.1256,0.0788
1779988772928,2,Pitching Mound.Drive,,Delivery,pitch.1,439052,-0.0322,-0.2808,1.8418,0.7295,-2.713,-2.3527,0.0,0.0
1779988772928,2,Pitching Mound.Drive,,Delivery,pitch.1,439053,-0.0252,-0.2606,1.8624,0.7209,-2.6494,-2.3398,0.0,0.0
1779988772928,2,Pitching Mound.Parent,,Delivery,pitch.1,438096,9.1943,-11.3513,105.3459,-80.0316,94.9351,36.9811,-0.1234,0.0775
1779988772929,2,11.0000004b,Drive,Delivery,pitch.1,439054,-0.0299,-0.248,1.9337,0.7072,-2.6212,-2.3437,0.0,0.0
1779988772929,2,12.00000015,Lower Delivery,Delivery,pitch.1,438780,15.0753,-6.7491,84.0741,-143.7208,94.4927,25.6194,-0.1496,-0.2276
1779988772929,2,12.00000018,Upper Delivery,Delivery,pitch.1,439637,-5.7862,-4.2558,19.6042,40.7995,3.5282,20.5742,-0.024,0.2771
1779988772929,2,Pitching Mound.Delivery,,Delivery,pitch.1,438477,9.2579,-11.0013,103.7421,-81.0913,97.9255,39.1638,-0.1257,0.0789
1779988772929,2,Pitching Mound.Drive,,Delivery,pitch.1,439054,-0.0299,-0.248,1.9337,0.7072,-2.6212,-2.3437,0.0,0.0
1779988772929,2,Pitching Mound.Parent,,Delivery,pitch.1,438097,9.2327,-11.2619,105.6045,-80.3704,95.2761,36.824,-0.1234,0.0775
1779988772930,2,11.0000004b,Drive,Delivery,pitch.1,439055,-0.0244,-0.2316,1.8896,0.7168,-2.5675,-2.3717,0.0,0.0
1779988772930,2,12.00000015,Lower Delivery,Delivery,pitch.1,438782,14.9408,-6.7274,84.1645,-143.9957,94.7627,25.2979,-0.1499,-0.2278
1779988772930,2,12.00000015,Lower Delivery,Delivery,pitch.1,438781,15.0139,-6.7338,84.0835,-143.63,94.5732,25.446,-0.1497,-0.2274
1779988772930,2,12.00000018,Upper Delivery,Delivery,pitch.1,439638,-5.7816,-4.2043,19.7346,40.5955,3.5053,20.4921,-0.0236,0.2739
1779988772930,2,Pitching Mound.Delivery,,Delivery,pitch.1,438479,9.1592,-10.9316,103.899,-81.4941,98.268,38.7444,-0.1259,0.0784
1779988772930,2,Pitching Mound.Delivery,,Delivery,pitch.1,438478,9.2277,-10.9896,103.6877,-80.9075,98.1014,38.9481,-0.126,0.0794
1779988772930,2,Pitching Mound.Drive,,Delivery,pitch.1,439055,-0.0244,-0.2316,1.8896,0.7168,-2.5675,-2.3717,0.0,0.0
1779988772930,2,Pitching Mound.Parent,,Delivery,pitch.1,438099,9.1348,-11.1633,105.7886,-80.7773,95.7004,36.3727,-0.1237,0.077
1779988772930,2,Pitching Mound.Parent,,Delivery,pitch.1,438098,9.1977,-11.2376,105.6214,-80.2003,95.4802,36.6045,-0.1236,0.078
1779988772931,2,11.0000004b,Drive,Delivery,pitch.1,439056,-0.0044,-0.2374,1.7764,0.7091,-2.5527,-2.3616,0.0,0.0
1779988772931,2,12.00000018,Upper Delivery,Delivery,pitch.1,439639,-5.7515,-4.1409,19.7114,40.5698,3.4731,20.381,-0.0235,0.274
1779988772931,2,Pitching Mound.Drive,,Delivery,pitch.1,439056,-0.0044,-0.2374,1.7764,0.7091,-2.5527,-2.3616,0.0,0.0
1779988772932,2,12.00000015,Lower Delivery,Delivery,pitch.1,438783,14.9134,-6.7289,84.2205,-144.0318,95.0557,25.1288,-0.1503,-0.2277
1779988772932,2,12.00000018,Upper Delivery,Delivery,pitch.1,439640,-5.731,-4.0386,19.4483,39.988,3.1056,20.2865,-0.0213,0.2737
1779988772932,2,Pitching Mound.Delivery,,Delivery,pitch.1,438480,9.1618,-10.8698,103.9319,-81.5289,98.5288,38.4837,-0.1262,0.0785
1779988772932,2,Pitching Mound.Parent,,Delivery,pitch.1,438100,9.1574,-11.1072,105.7083,-80.8198,95.9761,36.1222,-0.1241,0.0772
1779988772933,2,11.0000004b,Drive,Delivery,pitch.1,439057,-0.0067,-0.2569,1.7733,0.7274,-2.7284,-2.39,0.0,0.0
1779988772933,2,11.0000004b,Drive,Delivery,pitch.1,439058,0.0185,-0.2661,1.7432,0.7231,-2.7766,-2.407,0.0,0.0
1779988772933,2,12.00000015,Lower Delivery,Delivery,pitch.1,438784,14.8401,-6.7221,84.2868,-144.1113,95.2601,24.9631,-0.1505,-0.2276
1779988772933,2,12.00000018,Upper Delivery,Delivery,pitch.1,439641,-5.6975,-4.0311,19.3274,39.8397,3.0657,20.11,-0.0211,0.2744
1779988772933,2,Pitching Mound.Delivery,,Delivery,pitch.1,438481,9.1091,-10.7607,103.7351,-82.0782,98.3657,38.2555,-0.1262,0.0789
1779988772933,2,Pitching Mound.Drive,,Delivery,pitch.1,439057,-0.0067,-0.2569,1.7733,0.7274,-2.7284,-2.39,0.0,0.0
1779988772933,2,Pitching Mound.Drive,,Delivery,pitch.1,439058,0.0185,-0.2661,1.7432,0.7231,-2.7766,-2.407,0.0,0.0
1779988772933,2,Pitching Mound.Parent,,Delivery,pitch.1,438101,9.1025,-11.0175,105.5083,-81.3508,95.6373,35.8655,-0.1241,0.0776
1779988772934,2,11.0000004b,Drive,Delivery,pitch.1,439059,0.0043,-0.2861,1.6898,0.7286,-2.816,-2.393,0.0,0.0
1779988772934,2,12.00000015,Lower Delivery,Delivery,pitch.1,438785,14.8208,-6.7044,84.5178,-144.5583,95.7166,24.8094,-0.1508,-0.2277
1779988772934,2,12.00000018,Upper Delivery,Delivery,pitch.1,439642,-5.6687,-3.9975,19.2405,39.6991,3.1361,19.996,-0.0217,0.2747
1779988772934,2,Pitching Mound.Delivery,,Delivery,pitch.1,438482,9.1233,-10.7355,103.8452,-82.5538,98.7823,37.9431,-0.1266,0.0792
1779988772934,2,Pitching Mound.Drive,,Delivery,pitch.1,439059,0.0043,-0.2861,1.6898,0.7286,-2.816,-2.393,0.0,0.0
1779988772934,2,Pitching Mound.Parent,,Delivery,pitch.1,438102,9.1418,-11.0016,105.5884,-81.8307,96.0057,35.5361,-0.1245,0.0779
1779988772935,2,12.00000015,Lower Delivery,Delivery,pitch.1,438786,14.793,-6.6632,84.6538,-144.7699,95.8443,24.5917,-0.1507,-0.2277
1779988772935,2,12.00000018,Upper Delivery,Delivery,pitch.1,439643,-5.6598,-4.0148,19.0462,39.6542,3.0296,19.8489,-0.0212,0.2772
1779988772935,2,Pitching Mound.Delivery,,Delivery,pitch.1,438483,9.1244,-10.6607,103.8943,-82.8303,98.9804,37.6307,-0.1268,0.0794
1779988772935,2,Pitching Mound.Parent,,Delivery,pitch.1,438103,9.1287,-10.9467,105.5841,-82.1017,96.1643,35.2377,-0.1248,0.0782
1779988772936,2,11.0000004b,Drive,Delivery,pitch.1,439060,0.0141,-0.2694,1.6467,0.7114,-2.6522,-2.3636,0.0,0.0
1779988772936,2,11.0000004b,Drive,Delivery,pitch.1,439061,0.0166,-0.2594,1.7575,0.7074,-2.6438,-2.3408,0.0,0.0
1779988772936,2,12.00000015,Lower Delivery,Delivery,pitch.1,438787,14.7512,-6.6273,84.8034,-144.771,95.926,24.4715,-0.1506,-0.2273
1779988772936,2,12.00000018,Upper Delivery,Delivery,pitch.1,439644,-5.6277,-3.9906,18.7308,39.3029,2.9014,19.8013,-0.0206,0.2793
1779988772936,2,Pitching Mound.Delivery,,Delivery,pitch.1,438484,9.0914,-10.6421,103.8496,-82.7594,98.9555,37.3807,-0.1269,0.0805
1779988772936,2,Pitching Mound.Drive,,Delivery,pitch.1,439060,0.0141,-0.2694,1.6467,0.7114,-2.6522,-2.3636,0.0,0.0
1779988772936,2,Pitching Mound.Drive,,Delivery,pitch.1,439061,0.0166,-0.2594,1.7575,0.7074,-2.6438,-2.3408,0.0,0.0
1779988772936,2,Pitching Mound.Parent,,Delivery,pitch.1,438104,9.1055,-10.9115,105.4963,-82.048,96.3033,35.0171,-0.1249,0.0793
1779988772937,2,11.0000004b,Drive,Delivery,pitch.1,439062,0.0182,-0.2767,1.7689,0.7423,-2.7761,-2.4028,0.0,0.0
1779988772937,2,12.00000015,Lower Delivery,Delivery,pitch.1,438788,14.734,-6.5999,85.0316,-144.9383,96.2182,24.355,-0.1506,-0.2269
1779988772937,2,12.00000018,Upper Delivery,Delivery,pitch.1,439645,-5.5974,-3.9476,18.5166,38.9417,2.7619,19.6576,-0.0199,0.28
1779988772937,2,Pitching Mound.Delivery,,Delivery,pitch.1,438485,9.1063,-10.5905,103.7624,-83.0932,99.1196,37.2332,-0.1272,0.0817
1779988772937,2,Pitching Mound.Drive,,Delivery,pitch.1,439062,0.0182,-0.2767,1.7689,0.7423,-2.7761,-2.4028,0.0,0.0
1779988772937,2,Pitching Mound.Parent,,Delivery,pitch.1,438105,9.1229,-10.8498,105.5199,-82.3858,96.4758,34.8924,-0.1251,0.0804
1779988772938,2,11.0000004b,Drive,Delivery,pitch.1,439063,0.006,-0.2543,1.7987,0.7041,-2.4882,-2.3498,0.0,0.0
1779988772938,2,12.00000015,Lower Delivery,Delivery,pitch.1,438789,14.6942,-6.56,85.2512,-145.0086,96.2124,24.1744,-0.1502,-0.2264
1779988772938,2,12.00000018,Upper Delivery,Delivery,pitch.1,439646,-5.5279,-3.9149,18.517,38.615,2.6337,19.5308,-0.0189,0.2776
1779988772938,2,Pitching Mound.Delivery,,Delivery,pitch.1,438486,9.0968,-10.5076,103.7678,-83.3771,98.9743,36.9329,-0.127,0.0826
1779988772938,2,Pitching Mound.Drive,,Delivery,pitch.1,439063,0.006,-0.2543,1.7987,0.7041,-2.4882,-2.3498,0.0,0.0
1779988772938,2,Pitching Mound.Parent,,Delivery,pitch.1,438106,9.115,-10.7843,105.5367,-82.6347,96.1982,34.5301,-0.1248,0.0812
1779988772939,2,11.0000004b,Drive,Delivery,pitch.1,439064,0.018,-0.2591,1.7779,0.7158,-2.7045,-2.3613,0.0,0.0
1779988772939,2,12.00000015,Lower Delivery,Delivery,pitch.1,438790,14.67,-6.5404,85.3393,-144.8241,96.4942,24.0725,-0.1505,-0.2259
1779988772939,2,12.00000018,Upper Delivery,Delivery,pitch.1,439647,-5.4869,-3.9209,18.253,38.1758,2.4104,19.4142,-0.0176,0.2784
1779988772939,2,Pitching Mound.Delivery,,Delivery,pitch.1,438487,9.142,-10.4553,103.8563,-83.4895,99.1279,36.736,-0.1271,0.0826
1779988772939,2,Pitching Mound.Drive,,Delivery,pitch.1,439064,0.018,-0.2591,1.7779,0.7158,-2.7045,-2.3613,0.0,0.0
1779988772939,2,Pitching Mound.Parent,,Delivery,pitch.1,438107,9.1481,-10.7096,105.655,-82.7854,96.6397,34.3862,-0.1249,0.0812
1779988772940,2,11.0000004b,Drive,Delivery,pitch.1,439065,0.0257,-0.2368,1.7702,0.7199,-2.7126,-2.3647,0.0,0.0
1779988772940,2,12.00000015,Lower Delivery,Delivery,pitch.1,438791,14.5977,-6.5179,85.4254,-144.8675,96.4539,23.9272,-0.1503,-0.2258
1779988772940,2,12.00000018,Upper Delivery,Delivery,pitch.1,439648,-5.431,-3.8737,18.0587,37.8979,2.4636,19.2955,-0.0182,0.2794
1779988772940,2,Pitching Mound.Delivery,,Delivery,pitch.1,438488,9.1109,-10.4388,103.6784,-83.8531,98.8644,36.5126,-0.1269,0.0833
1779988772940,2,Pitching Mound.Drive,,Delivery,pitch.1,439065,0.0257,-0.2368,1.7702,0.7199,-2.7126,-2.3647,0.0,0.0
1779988772940,2,Pitching Mound.Parent,,Delivery,pitch.1,438108,9.1289,-10.6979,105.4563,-83.1373,96.1599,34.1513,-0.1248,0.0819
1779988772941,2,11.0000004b,Drive,Delivery,pitch.1,439066,0.0077,-0.2505,1.7944,0.7239,-2.7605,-2.386,0.0,0.0
1779988772941,2,12.00000015,Lower Delivery,Delivery,pitch.1,438793,14.463,-6.5166,85.6501,-144.7506,96.7877,23.6157,-0.1504,-0.225
1779988772941,2,12.00000015,Lower Delivery,Delivery,pitch.1,438792,14.5359,-6.51,85.5716,-144.9221,96.7112,23.7603,-0.1505,-0.2255
1779988772941,2,12.00000018,Upper Delivery,Delivery,pitch.1,439649,-5.3648,-3.8171,17.9029,37.292,2.3117,19.157,-0.0172,0.2773
1779988772941,2,Pitching Mound.Delivery,,Delivery,pitch.1,438490,9.0982,-10.3337,103.553,-84.4246,99.0994,36.0313,-0.1274,0.0843
1779988772941,2,Pitching Mound.Delivery,,Delivery,pitch.1,438489,9.105,-10.3838,103.6303,-84.0698,99.1749,36.267,-0.1274,0.084
1779988772941,2,Pitching Mound.Drive,,Delivery,pitch.1,439066,0.0077,-0.2505,1.7944,0.7239,-2.7605,-2.386,0.0,0.0
1779988772941,2,Pitching Mound.Parent,,Delivery,pitch.1,438110,9.1059,-10.5842,105.3473,-83.7007,96.3389,33.6453,-0.1252,0.0829
1779988772941,2,Pitching Mound.Parent,,Delivery,pitch.1,438109,9.1307,-10.6205,105.4005,-83.3499,96.4623,33.9024,-0.1253,0.0826
1779988772942,2,11.0000004b,Drive,Delivery,pitch.1,439067,0.009,-0.2305,1.8415,0.723,-2.785,-2.391,0.0,0.0
1779988772942,2,12.00000015,Lower Delivery,Delivery,pitch.1,438794,14.3951,-6.5158,85.6897,-144.3798,96.9318,23.5186,-0.1506,-0.2243
1779988772942,2,12.00000018,Upper Delivery,Delivery,pitch.1,439650,-5.3256,-3.8109,17.7404,37.1304,2.3814,19.0208,-0.0179,0.2786
1779988772942,2,Pitching Mound.Delivery,,Delivery,pitch.1,438491,9.0694,-10.3267,103.43,-84.1466,99.3131,35.8344,-0.1278,0.0853
1779988772942,2,Pitching Mound.Drive,,Delivery,pitch.1,439067,0.009,-0.2305,1.8415,0.723,-2.785,-2.391,0.0,0.0
1779988772942,2,Pitching Mound.Parent,,Delivery,pitch.1,438111,9.0785,-10.5572,105.2716,-83.4236,96.5281,33.4434,-0.1256,0.0838
1779988772943,2,11.0000004b,Drive,Delivery,pitch.1,439068,0.0029,-0.2248,1.8204,0.7046,-2.7509,-2.3827,0.0,0.0
1779988772943,2,12.00000015,Lower Delivery,Delivery,pitch.1,438795,14.3208,-6.5504,85.8348,-144.6069,97.2022,23.3629,-0.1508,-0.2243
1779988772943,2,12.00000018,Upper Delivery,Delivery,pitch.1,439651,-5.2926,-3.8101,17.9586,36.9301,2.3492,18.9236,-0.0174,0.2738
1779988772943,2,Pitching Mound.Delivery,,Delivery,pitch.1,438492,9.0282,-10.3605,103.7934,-84.5989,99.5513,35.618,-0.1277,0.0842
1779988772943,2,Pitching Mound.Drive,,Delivery,pitch.1,439068,0.0029,-0.2248,1.8204,0.7046,-2.7509,-2.3827,0.0,0.0
1779988772943,2,Pitching Mound.Parent,,Delivery,pitch.1,438112,9.0312,-10.5853,105.6138,-83.8943,96.8004,33.2352,-0.1255,0.0828
1779988772944,2,11.0000004b,Drive,Delivery,pitch.1,439069,-0.0007,-0.2083,1.8899,0.719,-2.7983,-2.4081,0.0,0.0
1779988772944,2,12.00000015,Lower Delivery,Delivery,pitch.1,438796,14.2307,-6.5746,85.8991,-144.9071,97.3814,23.1608,-0.1509,-0.2246
1779988772944,2,12.00000018,Upper Delivery,Delivery,pitch.1,439652,-5.2586,-3.7419,17.6435,36.3207,2.1097,18.7957,-0.0159,0.2741
1779988772944,2,Pitching Mound.Delivery,,Delivery,pitch.1,438493,8.9721,-10.3164,103.5426,-85.3795,99.4911,35.3301,-0.1279,0.0845
1779988772944,2,Pitching Mound.Drive,,Delivery,pitch.1,439069,-0.0007,-0.2083,1.8899,0.719,-2.7983,-2.4081,0.0,0.0
1779988772944,2,Pitching Mound.Parent,,Delivery,pitch.1,438113,8.9714,-10.5247,105.4325,-84.6605,96.6928,32.922,-0.1256,0.083
1779988772945,2,12.00000015,Lower Delivery,Delivery,pitch.1,438797,14.1418,-6.6017,85.9681,-144.9821,97.6554,22.9981,-0.1512,-0.2245
1779988772945,2,12.00000018,Upper Delivery,Delivery,pitch.1,439653,-5.2055,-3.7251,17.6292,35.8846,2.1405,18.693,-0.0162,0.271
1779988772945,2,Pitching Mound.Delivery,,Delivery,pitch.1,438494,8.9362,-10.3268,103.5973,-85.8623,99.7959,35.113,-0.1282,0.0841
1779988772946,2,11.0000004b,Drive,Delivery,pitch.1,439071,0.0025,-0.2265,1.8193,0.6911,-2.761,-2.4001,0.0,0.0
1779988772946,2,11.0000004b,Drive,Delivery,pitch.1,439070,0.0011,-0.2211,1.8557,0.7239,-2.8608,-2.4097,0.0,0.0
1779988772946,2,12.00000015,Lower Delivery,Delivery,pitch.1,438798,14.0552,-6.6152,86.0743,-145.1382,97.8157,22.8228,-0.1513,-0.2245
1779988772946,2,12.00000018,Upper Delivery,Delivery,pitch.1,439654,-5.1667,-3.6898,17.6373,35.6822,2.1978,18.575,-0.0166,0.2693
1779988772946,2,Pitching Mound.Delivery,,Delivery,pitch.1,438495,8.8885,-10.305,103.7116,-86.1874,100.0135,34.8622,-0.1284,0.0839
1779988772946,2,Pitching Mound.Drive,,Delivery,pitch.1,439071,0.0025,-0.2265,1.8193,0.6911,-2.761,-2.4001,0.0,0.0
1779988772946,2,Pitching Mound.Drive,,Delivery,pitch.1,439070,0.0011,-0.2211,1.8557,0.7239,-2.8608,-2.4097,0.0,0.0
1779988772946,2,Pitching Mound.Parent,,Delivery,pitch.1,438115,8.8911,-10.5315,105.5309,-85.4963,97.2525,32.4622,-0.1262,0.0824
1779988772946,2,Pitching Mound.Parent,,Delivery,pitch.1,438114,8.9373,-10.5479,105.453,-85.1383,96.935,32.7033,-0.126,0.0826
1779988772947,2,11.0000004b,Drive,Delivery,pitch.1,439072,0.0173,-0.2348,1.7847,0.7014,-2.685,-2.4035,0.0,0.0
1779988772947,2,12.00000018,Upper Delivery,Delivery,pitch.1,439655,-5.1345,-3.6879,17.5072,35.2159,2.1694,18.4502,-0.0165,0.2678
1779988772947,2,Pitching Mound.Drive,,Delivery,pitch.1,439072,0.0173,-0.2348,1.7847,0.7014,-2.685,-2.4035,0.0,0.0
1779988772948,2,11.0000004b,Drive,Delivery,pitch.1,439073,0.0228,-0.253,1.7764,0.701,-2.7459,-2.3907,0.0,0.0
1779988772948,2,12.00000015,Lower Delivery,Delivery,pitch.1,438799,13.9868,-6.6502,86.0611,-145.2678,97.9258,22.6706,-0.1515,-0.2247
1779988772948,2,12.00000015,Lower Delivery,Delivery,pitch.1,438800,13.8899,-6.6748,86.1517,-145.4746,98.1677,22.4782,-0.1517,-0.2248
1779988772948,2,12.00000018,Upper Delivery,Delivery,pitch.1,439656,-5.095,-3.6571,17.5032,34.8669,2.1927,18.322,-0.0167,0.2652
1779988772948,2,Pitching Mound.Delivery,,Delivery,pitch.1,438496,8.8523,-10.3381,103.5684,-86.7436,100.0952,34.6195,-0.1287,0.0836
1779988772948,2,Pitching Mound.Delivery,,Delivery,pitch.1,438497,8.7949,-10.3319,103.6549,-87.2673,100.3604,34.3454,-0.1289,0.0831
1779988772948,2,Pitching Mound.Drive,,Delivery,pitch.1,439073,0.0228,-0.253,1.7764,0.701,-2.7459,-2.3907,0.0,0.0
1779988772948,2,Pitching Mound.Parent,,Delivery,pitch.1,438116,8.8696,-10.5729,105.3531,-86.0422,97.4102,32.216,-0.1265,0.0822
1779988772948,2,Pitching Mound.Parent,,Delivery,pitch.1,438117,8.8177,-10.5849,105.4314,-86.5663,97.6145,31.9547,-0.1267,0.0817
1779988772949,2,11.0000004b,Drive,Delivery,pitch.1,439074,0.0269,-0.2597,1.7234,0.7156,-2.7773,-2.4003,0.0,0.0
1779988772949,2,12.00000015,Lower Delivery,Delivery,pitch.1,438801,13.807,-6.6845,86.3865,-145.7635,98.497,22.3202,-0.1518,-0.2246
1779988772949,2,12.00000018,Upper Delivery,Delivery,pitch.1,439657,-5.0508,-3.5891,17.2031,34.5004,2.1789,18.2042,-0.0169,0.267
1779988772949,2,Pitching Mound.Delivery,,Delivery,pitch.1,438498,8.7562,-10.2736,103.5895,-87.7407,100.6759,34.1127,-0.1294,0.0841
1779988772949,2,Pitching Mound.Drive,,Delivery,pitch.1,439074,0.0269,-0.2597,1.7234,0.7156,-2.7773,-2.4003,0.0,0.0
1779988772949,2,Pitching Mound.Parent,,Delivery,pitch.1,438118,8.7831,-10.5334,105.3129,-87.0251,97.8986,31.7125,-0.1273,0.0827
1779988772950,2,11.0000004b,Drive,Delivery,pitch.1,439075,-0.0115,-0.2625,1.8158,0.7354,-2.8846,-2.4188,0.0,0.0
1779988772950,2,12.00000015,Lower Delivery,Delivery,pitch.1,438802,13.7206,-6.7249,86.5534,-145.5518,98.7366,22.1067,-0.1519,-0.2239
1779988772950,2,12.00000018,Upper Delivery,Delivery,pitch.1,439658,-4.9915,-3.5468,16.858,34.2253,2.0801,18.0907,-0.0164,0.2703
1779988772950,2,Pitching Mound.Delivery,,Delivery,pitch.1,438499,8.7291,-10.2718,103.4114,-87.6301,100.8167,33.8353,-0.1298,0.0858
1779988772950,2,Pitching Mound.Drive,,Delivery,pitch.1,439075,-0.0115,-0.2625,1.8158,0.7354,-2.8846,-2.4188,0.0,0.0
1779988772950,2,Pitching Mound.Parent,,Delivery,pitch.1,438119,8.7176,-10.5343,105.2272,-86.8947,97.9321,31.4165,-0.1275,0.0843
1779988772951,2,11.0000004b,Drive,Delivery,pitch.1,439076,-0.0134,-0.28,1.7768,0.7455,-2.8138,-2.3769,0.0,0.0
1779988772951,2,12.00000015,Lower Delivery,Delivery,pitch.1,438803,13.6251,-6.7417,86.6763,-145.5593,98.9502,21.9699,-0.152,-0.2236
1779988772951,2,12.00000018,Upper Delivery,Delivery,pitch.1,439659,-4.9746,-3.5353,16.6505,33.9373,1.9185,17.9014,-0.0153,0.2713
1779988772951,2,Pitching Mound.Delivery,,Delivery,pitch.1,438500,8.6506,-10.277,103.3268,-87.8132,100.8687,33.5474,-0.13,0.0866
1779988772951,2,Pitching Mound.Drive,,Delivery,pitch.1,439076,-0.0134,-0.28,1.7768,0.7455,-2.8138,-2.3769,0.0,0.0
1779988772951,2,Pitching Mound.Parent,,Delivery,pitch.1,438120,8.6372,-10.557,105.1036,-87.0677,98.055,31.1705,-0.1278,0.0851
1779988772952,2,11.0000004b,Drive,Delivery,pitch.1,439077,-0.0003,-0.2808,1.8249,0.7316,-2.7128,-2.3478,0.0,0.0
1779988772952,2,12.00000015,Lower Delivery,Delivery,pitch.1,438804,13.5686,-6.7477,86.8838,-145.7346,99.1983,21.8086,-0.152,-0.2233
1779988772952,2,12.00000018,Upper Delivery,Delivery,pitch.1,439660,-4.9144,-3.5009,16.1653,33.4003,1.6623,17.799,-0.0137,0.2751
1779988772952,2,Pitching Mound.Delivery,,Delivery,pitch.1,438501,8.6542,-10.2486,103.0491,-88.29,100.8606,33.3234,-0.1303,0.0882
1779988772952,2,Pitching Mound.Drive,,Delivery,pitch.1,439077,-0.0003,-0.2808,1.8249,0.7316,-2.7128,-2.3478,0.0,0.0
1779988772952,2,Pitching Mound.Parent,,Delivery,pitch.1,438121,8.6539,-10.5294,104.874,-87.5583,98.1478,30.9756,-0.128,0.0867
1779988772953,2,11.0000004b,Drive,Delivery,pitch.1,439078,-0.0255,-0.2856,1.8146,0.7472,-2.7365,-2.3846,0.0,0.0
1779988772953,2,12.00000015,Lower Delivery,Delivery,pitch.1,438805,13.4753,-6.7625,86.7204,-145.4781,99.4345,21.6543,-0.1526,-0.2233
1779988772953,2,12.00000018,Upper Delivery,Delivery,pitch.1,439661,-4.8865,-3.4769,16.0045,33.2299,1.6175,17.6571,-0.0135,0.2764
1779988772953,2,Pitching Mound.Delivery,,Delivery,pitch.1,438502,8.5889,-10.2393,102.7249,-88.2048,101.052,33.0684,-0.131,0.0886
1779988772953,2,Pitching Mound.Drive,,Delivery,pitch.1,439078,-0.0255,-0.2856,1.8146,0.7472,-2.7365,-2.3846,0.0,0.0
1779988772953,2,Pitching Mound.Parent,,Delivery,pitch.1,438122,8.5633,-10.5249,104.5394,-87.4577,98.3155,30.6838,-0.1287,0.087
1779988772954,2,11.0000004b,Drive,Delivery,pitch.1,439079,0.005,-0.2998,1.7774,0.7828,-2.6821,-2.3984,0.0,0.0
1779988772954,2,12.00000015,Lower Delivery,Delivery,pitch.1,438806,13.4085,-6.7807,86.8372,-144.9774,99.4948,21.5661,-0.1525,-0.2223
1779988772954,2,12.00000018,Upper Delivery,Delivery,pitch.1,439662,-4.8409,-3.4927,16.057,33.1711,1.7563,17.4944,-0.0146,0.275
1779988772954,2,Pitching Mound.Delivery,,Delivery,pitch.1,438503,8.5676,-10.2734,102.8941,-87.741,101.251,32.8557,-0.131,0.0892
1779988772954,2,Pitching Mound.Drive,,Delivery,pitch.1,439079,0.005,-0.2998,1.7774,0.7828,-2.6821,-2.3984,0.0,0.0
1779988772954,2,Pitching Mound.Parent,,Delivery,pitch.1,438123,8.5726,-10.5732,104.6715,-86.9582,98.5689,30.4573,-0.1288,0.0877
1779988772955,2,11.0000004b,Drive,Delivery,pitch.1,439080,-0.0089,-0.3037,1.7794,0.7698,-2.7009,-2.3686,0.0,0.0
1779988772955,2,12.00000015,Lower Delivery,Delivery,pitch.1,438807,13.3688,-6.7691,87.0181,-144.8013,99.6647,21.4058,-0.1525,-0.2215
1779988772955,2,12.00000018,Upper Delivery,Delivery,pitch.1,439663,-4.7806,-3.4885,16.1313,33.0888,1.8002,17.3521,-0.0149,0.2731
1779988772955,2,Pitching Mound.Delivery,,Delivery,pitch.1,438504,8.5883,-10.2576,103.1494,-87.6109,101.4649,32.5872,-0.131,0.0895
1779988772955,2,Pitching Mound.Drive,,Delivery,pitch.1,439080,-0.0089,-0.3037,1.7794,0.7698,-2.7009,-2.3686,0.0,0.0
1779988772955,2,Pitching Mound.Parent,,Delivery,pitch.1,438124,8.5794,-10.5613,104.9289,-86.8411,98.764,30.2185,-0.1287,0.088
1779988772956,2,11.0000004b,Drive,Delivery,pitch.1,439081,-0.0047,-0.2918,1.7334,0.7436,-2.5462,-2.3281,0.0,0.0
1779988772956,2,12.00000015,Lower Delivery,Delivery,pitch.1,438808,13.3077,-6.7719,86.9474,-144.3458,99.8106,21.3251,-0.1528,-0.221
1779988772956,2,12.00000018,Upper Delivery,Delivery,pitch.1,439664,-4.738,-3.4966,15.8897,33.0072,1.7582,17.1786,-0.0147,0.2765
1779988772956,2,Pitching Mound.Delivery,,Delivery,pitch.1,438505,8.5697,-10.2685,102.8371,-87.1789,101.5688,32.3682,-0.1315,0.0908
1779988772956,2,Pitching Mound.Drive,,Delivery,pitch.1,439081,-0.0047,-0.2918,1.7334,0.7436,-2.5462,-2.3281,0.0,0.0
1779988772956,2,Pitching Mound.Parent,,Delivery,pitch.1,438125,8.5651,-10.5603,104.5704,-86.4353,99.0226,30.0401,-0.1293,0.0893
1779988772957,2,11.0000004b,Drive,Delivery,pitch.1,439082,0.0065,-0.2757,1.7304,0.7506,-2.5138,-2.3487,0.0,0.0
1779988772957,2,12.00000015,Lower Delivery,Delivery,pitch.1,438809,13.2612,-6.7977,86.9454,-144.3932,99.8847,21.2276,-0.1529,-0.2211
1779988772957,2,12.00000018,Upper Delivery,Delivery,pitch.1,439665,-4.6914,-3.4954,16.0058,32.9535,1.8098,17.0561,-0.0151,0.2741
1779988772957,2,Pitching Mound.Delivery,,Delivery,pitch.1,438506,8.5698,-10.2931,102.9512,-87.3203,101.6944,32.1798,-0.1315,0.0902
1779988772957,2,Pitching Mound.Drive,,Delivery,pitch.1,439082,0.0065,-0.2757,1.7304,0.7506,-2.5138,-2.3487,0.0,0.0
1779988772957,2,Pitching Mound.Parent,,Delivery,pitch.1,438126,8.5764,-10.5688,104.6816,-86.5697,99.1806,29.8311,-0.1293,0.0887
1779988772958,2,11.0000004b,Drive,Delivery,pitch.1,439083,0.0154,-0.2813,1.75,0.7511,-2.5759,-2.3639,0.0,0.0
1779988772958,2,12.00000015,Lower Delivery,Delivery,pitch.1,438810,13.2185,-6.8081,87.0479,-144.24,99.882,21.1105,-0.1528,-0.2206
1779988772958,2,12.00000018,Upper Delivery,Delivery,pitch.1,439666,-4.6248,-3.522,16.1966,32.8498,1.9043,16.8954,-0.0157,0.27
1779988772958,2,Pitching Mound.Delivery,,Delivery,pitch.1,438507,8.5937,-10.3302,103.2445,-87.3007,101.7863,31.9391,-0.1312,0.0897
1779988772958,2,Pitching Mound.Drive,,Delivery,pitch.1,439083,0.0154,-0.2813,1.75,0.7511,-2.5759,-2.3639,0.0,0.0
1779988772958,2,Pitching Mound.Parent,,Delivery,pitch.1,438127,8.6091,-10.6115,104.9944,-86.5496,99.2105,29.5752,-0.1291,0.0882
1779988772959,2,11.0000004b,Drive,Delivery,pitch.1,439084,-0.0121,-0.2549,1.7845,0.7695,-2.619,-2.3798,0.0,0.0
1779988772959,2,12.00000015,Lower Delivery,Delivery,pitch.1,438811,13.1749,-6.8426,86.9549,-144.0529,100.0278,21.059,-0.1531,-0.2205
1779988772959,2,12.00000018,Upper Delivery,Delivery,pitch.1,439667,-4.5524,-3.5279,16.1439,32.5827,1.8662,16.7609,-0.0154,0.2687
1779988772959,2,Pitching Mound.Delivery,,Delivery,pitch.1,438508,8.6225,-10.3705,103.0988,-87.3945,101.894,31.7926,-0.1316,0.0896
1779988772959,2,Pitching Mound.Drive,,Delivery,pitch.1,439084,-0.0121,-0.2549,1.7845,0.7695,-2.619,-2.3798,0.0,0.0
1779988772959,2,Pitching Mound.Parent,,Delivery,pitch.1,438128,8.6103,-10.6254,104.8833,-86.625,99.275,29.4127,-0.1293,0.0881
1779988772960,2,11.0000004b,Drive,Delivery,pitch.1,439085,0.0125,-0.2258,1.7228,0.7406,-2.4748,-2.3718,0.0,0.0
1779988772960,2,12.00000015,Lower Delivery,Delivery,pitch.1,438812,13.1638,-6.8679,86.964,-143.9005,99.9727,20.9849,-0.153,-0.2203
1779988772960,2,12.00000018,Upper Delivery,Delivery,pitch.1,439668,-4.5023,-3.5309,15.9432,32.306,1.734,16.559,-0.0145,0.2698
1779988772960,2,Pitching Mound.Delivery,,Delivery,pitch.1,438509,8.6615,-10.3988,102.9072,-87.4475,101.7067,31.5374,-0.1316,0.0903
1779988772960,2,Pitching Mound.Drive,,Delivery,pitch.1,439085,0.0125,-0.2258,1.7228,0.7406,-2.4748,-2.3718,0.0,0.0
1779988772960,2,Pitching Mound.Parent,,Delivery,pitch.1,438129,8.674,-10.6246,104.63,-86.7069,99.2319,29.1656,-0.1294,0.0888
1779988772961,2,11.0000004b,Drive,Delivery,pitch.1,439086,0.0313,-0.2336,1.6821,0.7325,-2.4683,-2.3747,0.0,0.0
1779988772961,2,12.00000015,Lower Delivery,Delivery,pitch.1,438813,13.1209,-6.9294,86.8797,-143.8126,99.867,20.9482,-0.153,-0.2204
1779988772961,2,12.00000018,Upper Delivery,Delivery,pitch.1,439669,-4.4599,-3.5648,16.0416,32.1355,1.7743,16.4643,-0.0147,0.2667
1779988772961,2,Pitching Mound.Delivery,,Delivery,pitch.1,438510,8.661,-10.4942,102.9214,-87.5921,101.6414,31.435,-0.1315,0.0896
1779988772961,2,Pitching Mound.Drive,,Delivery,pitch.1,439086,0.0313,-0.2336,1.6821,0.7325,-2.4683,-2.3747,0.0,0.0
1779988772961,2,Pitching Mound.Parent,,Delivery,pitch.1,438130,8.6924,-10.7278,104.6035,-86.8596,99.173,29.0603,-0.1294,0.0881
1779988772962,2,11.0000004b,Drive,Delivery,pitch.1,439087,0.0103,-0.207,1.6831,0.7181,-2.5402,-2.3867,0.0,0.0
1779988772962,2,12.00000015,Lower Delivery,Delivery,pitch.1,438814,13.0916,-6.951,86.7714,-143.9319,99.72,20.9,-0.153,-0.2208
1779988772962,2,12.00000018,Upper Delivery,Delivery,pitch.1,439670,-4.3826,-3.5519,15.9032,31.8291,1.6303,16.2904,-0.0136,0.2664
1779988772962,2,Pitching Mound.Delivery,,Delivery,pitch.1,438511,8.709,-10.5028,102.6746,-88.0076,101.3503,31.2492,-0.1314,0.0893
1779988772962,2,Pitching Mound.Drive,,Delivery,pitch.1,439087,0.0103,-0.207,1.6831,0.7181,-2.5402,-2.3867,0.0,0.0
1779988772962,2,Pitching Mound.Parent,,Delivery,pitch.1,438131,8.7193,-10.7098,104.3577,-87.2896,98.8101,28.8624,-0.1293,0.0879
1779988772963,2,11.0000004b,Drive,Delivery,pitch.1,439088,0.0013,-0.2321,1.694,0.7323,-2.6744,-2.3834,0.0,0.0
1779988772963,2,12.00000015,Lower Delivery,Delivery,pitch.1,438815,13.0721,-6.9718,86.7248,-143.7988,99.5956,20.882,-0.1529,-0.2207
1779988772963,2,12.00000018,Upper Delivery,Delivery,pitch.1,439671,-4.3181,-3.506,15.8367,31.5774,1.5835,16.1296,-0.0133,0.2654
1779988772963,2,Pitching Mound.Delivery,,Delivery,pitch.1,438512,8.754,-10.4779,102.5615,-88.1195,101.179,31.0989,-0.1313,0.0893
1779988772963,2,Pitching Mound.Drive,,Delivery,pitch.1,439088,0.0013,-0.2321,1.694,0.7323,-2.6744,-2.3834,0.0,0.0
1779988772963,2,Pitching Mound.Parent,,Delivery,pitch.1,438132,8.7553,-10.71,104.2555,-87.3872,98.5047,28.7155,-0.1292,0.0879
1779988772964,2,11.0000004b,Drive,Delivery,pitch.1,439089,0.0041,-0.2182,1.6769,0.7105,-2.6197,-2.3348,0.0,0.0
1779988772964,2,12.00000015,Lower Delivery,Delivery,pitch.1,438816,13.0578,-6.9945,86.6675,-143.7265,99.591,20.8342,-0.153,-0.2208
1779988772964,2,12.00000018,Upper Delivery,Delivery,pitch.1,439672,-4.2385,-3.4531,15.5453,30.8786,1.2839,15.9568,-0.011,0.2644
1779988772964,2,Pitching Mound.Delivery,,Delivery,pitch.1,438513,8.8193,-10.4476,102.2128,-88.6663,100.875,30.9103,-0.1314,0.0896
1779988772964,2,Pitching Mound.Drive,,Delivery,pitch.1,439089,0.0041,-0.2182,1.6769,0.7105,-2.6197,-2.3348,0.0,0.0
1779988772964,2,Pitching Mound.Parent,,Delivery,pitch.1,438133,8.8234,-10.6658,103.8897,-87.9559,98.2553,28.5755,-0.1293,0.0882
1779988772965,2,11.0000004b,Drive,Delivery,pitch.1,439090,0.0014,-0.2097,1.6567,0.7017,-2.5969,-2.3335,0.0,0.0
1779988772965,2,12.00000015,Lower Delivery,Delivery,pitch.1,438817,13.0529,-7.0277,86.5683,-143.5561,99.6719,20.8119,-0.1533,-0.2208
1779988772965,2,12.00000018,Upper Delivery,Delivery,pitch.1,439673,-4.1743,-3.3909,15.2155,30.291,1.1376,15.7807,-0.01,0.265
1779988772965,2,Pitching Mound.Delivery,,Delivery,pitch.1,438514,8.8786,-10.4186,101.7838,-89.0051,100.8095,30.7353,-0.1319,0.0902
1779988772965,2,Pitching Mound.Drive,,Delivery,pitch.1,439090,0.0014,-0.2097,1.6567,0.7017,-2.5969,-2.3335,0.0,0.0
1779988772965,2,Pitching Mound.Parent,,Delivery,pitch.1,438134,8.88,-10.6283,103.4406,-88.3034,98.2126,28.4019,-0.1297,0.0888
1779988772966,2,11.0000004b,Drive,Delivery,pitch.1,439091,0.0054,-0.1959,1.6545,0.7014,-2.6411,-2.3288,0.0,0.0
1779988772966,2,12.00000015,Lower Delivery,Delivery,pitch.1,438818,13.0099,-7.0764,86.2558,-143.5022,99.6579,20.7638,-0.1538,-0.2215
1779988772966,2,12.00000018,Upper Delivery,Delivery,pitch.1,439674,-4.0736,-3.3501,14.9804,29.9714,1.0528,15.6317,-0.0094,0.2663
1779988772966,2,Pitching Mound.Delivery,,Delivery,pitch.1,438515,8.9363,-10.4265,101.2362,-89.2971,100.7107,30.5872,-0.1324,0.0901
1779988772966,2,Pitching Mound.Drive,,Delivery,pitch.1,439091,0.0054,-0.1959,1.6545,0.7014,-2.6411,-2.3288,0.0,0.0
1779988772966,2,Pitching Mound.Parent,,Delivery,pitch.1,438135,8.9417,-10.6224,102.8907,-88.5957,98.0695,28.2584,-0.1303,0.0886
1779988772967,2,11.0000004b,Drive,Delivery,pitch.1,439092,-0.0054,-0.2199,1.711,0.7264,-2.6048,-2.3292,0.0,0.0
1779988772967,2,12.00000015,Lower Delivery,Delivery,pitch.1,438819,12.9788,-7.1184,86.1541,-143.3771,99.567,20.765,-0.1539,-0.2215
1779988772967,2,12.00000018,Upper Delivery,Delivery,pitch.1,439675,-4.0147,-3.262,14.5236,29.4382,0.8771,15.4681,-0.008,0.2698
1779988772967,2,Pitching Mound.Delivery,,Delivery,pitch.1,438516,8.9641,-10.3804,100.6777,-89.5846,100.4442,30.4552,-0.1328,0.0912
1779988772967,2,Pitching Mound.Drive,,Delivery,pitch.1,439092,-0.0054,-0.2199,1.711,0.7264,-2.6048,-2.3292,0.0,0.0
1779988772967,2,Pitching Mound.Parent,,Delivery,pitch.1,438136,8.9587,-10.6003,102.3887,-88.8582,97.8393,28.126,-0.1306,0.0897
1779988772968,2,11.0000004b,Drive,Delivery,pitch.1,439093,-0.0294,-0.2376,1.6877,0.7055,-2.5241,-2.3051,0.0,0.0
1779988772968,2,12.00000015,Lower Delivery,Delivery,pitch.1,438820,12.9559,-7.1589,86.2027,-143.195,99.5623,20.74,-0.1538,-0.2211
1779988772968,2,12.00000018,Upper Delivery,Delivery,pitch.1,439676,-3.9349,-3.2195,14.4523,29.1034,0.8472,15.2625,-0.0078,0.2681
1779988772968,2,Pitching Mound.Delivery,,Delivery,pitch.1,438517,9.0211,-10.3784,100.655,-89.6964,100.4094,30.2596,-0.1328,0.0915
1779988772968,2,Pitching Mound.Drive,,Delivery,pitch.1,439093,-0.0294,-0.2376,1.6877,0.7055,-2.5241,-2.3051,0.0,0.0
1779988772968,2,Pitching Mound.Parent,,Delivery,pitch.1,438137,8.9916,-10.616,102.3427,-88.991,97.8853,27.9545,-0.1306,0.09
1779988772969,2,11.0000004b,Drive,Delivery,pitch.1,439094,-0.0273,-0.2401,1.6763,0.696,-2.4267,-2.292,0.0,0.0
1779988772969,2,12.00000015,Lower Delivery,Delivery,pitch.1,438821,12.908,-7.2134,85.9902,-142.9761,99.6099,20.689,-0.1542,-0.2214
1779988772969,2,12.00000018,Upper Delivery,Delivery,pitch.1,439677,-3.8741,-3.1269,13.991,28.7785,0.6231,15.1098,-0.0059,0.2738
1779988772969,2,Pitching Mound.Delivery,,Delivery,pitch.1,438518,9.0339,-10.3403,99.9813,-89.7178,100.233,30.0929,-0.1335,0.0928
1779988772969,2,Pitching Mound.Drive,,Delivery,pitch.1,439094,-0.0273,-0.2401,1.6763,0.696,-2.4267,-2.292,0.0,0.0
1779988772969,2,Pitching Mound.Parent,,Delivery,pitch.1,438138,9.0066,-10.5803,101.6575,-89.0218,97.8063,27.8008,-0.1313,0.0913
1779988772970,2,11.0000004b,Drive,Delivery,pitch.1,439095,-0.0161,-0.2741,1.7137,0.7031,-2.5175,-2.2762,0.0,0.0
1779988772970,2,12.00000015,Lower Delivery,Delivery,pitch.1,438822,12.8882,-7.2429,85.8993,-142.6042,99.6208,20.645,-0.1544,-0.221
1779988772970,2,12.00000018,Upper Delivery,Delivery,pitch.1,439678,-3.7933,-3.0732,13.8287,28.3283,0.573,14.8682,-0.0055,0.2727
1779988772970,2,Pitching Mound.Delivery,,Delivery,pitch.1,438519,9.0949,-10.3161,99.728,-89.7719,100.1937,29.8416,-0.1337,0.0932
1779988772970,2,Pitching Mound.Drive,,Delivery,pitch.1,439095,-0.0161,-0.2741,1.7137,0.7031,-2.5175,-2.2762,0.0,0.0
1779988772970,2,Pitching Mound.Parent,,Delivery,pitch.1,438139,9.0789,-10.5902,101.4417,-89.0688,97.6762,27.5654,-0.1315,0.0916
1779988772971,2,11.0000004b,Drive,Delivery,pitch.1,439096,-0.0206,-0.2593,1.7129,0.6892,-2.2458,-2.2549,0.0,0.0
1779988772971,2,12.00000015,Lower Delivery,Delivery,pitch.1,438823,12.8558,-7.2788,85.8648,-142.2469,99.5615,20.5703,-0.1544,-0.2205
1779988772971,2,12.00000018,Upper Delivery,Delivery,pitch.1,439679,-3.7289,-3.0308,13.5678,27.9372,0.5369,14.696,-0.0053,0.2741
1779988772971,2,Pitching Mound.Delivery,,Delivery,pitch.1,438520,9.1269,-10.3096,99.4326,-89.7287,100.0983,29.6275,-0.134,0.0942
1779988772971,2,Pitching Mound.Drive,,Delivery,pitch.1,439096,-0.0206,-0.2593,1.7129,0.6892,-2.2458,-2.2549,0.0,0.0
1779988772971,2,Pitching Mound.Parent,,Delivery,pitch.1,438140,9.1063,-10.569,101.1455,-89.0395,97.8525,27.3726,-0.1317,0.0926
1779988772972,2,11.0000004b,Drive,Delivery,pitch.1,439097,-0.0164,-0.2751,1.7706,0.6891,-2.299,-2.251,0.0,0.0
1779988772972,2,12.00000015,Lower Delivery,Delivery,pitch.1,438824,12.8172,-7.3066,85.9422,-142.1745,99.6383,20.4742,-0.1543,-0.2202
1779988772972,2,12.00000018,Upper Delivery,Delivery,pitch.1,439680,-3.6607,-2.9937,13.5406,27.7553,0.5493,14.5239,-0.0054,0.2729
1779988772972,2,Pitching Mound.Delivery,,Delivery,pitch.1,438521,9.1565,-10.3003,99.4828,-89.8027,100.1875,29.3956,-0.1341,0.0943
1779988772972,2,Pitching Mound.Drive,,Delivery,pitch.1,439097,-0.0164,-0.2751,1.7706,0.6891,-2.299,-2.251,0.0,0.0
1779988772972,2,Pitching Mound.Parent,,Delivery,pitch.1,438141,9.1401,-10.5754,101.2533,-89.1136,97.8885,27.1446,-0.1317,0.0927
1779988772973,2,11.0000004b,Drive,Delivery,pitch.1,439098,-0.0081,-0.2793,1.7855,0.6664,-2.1679,-2.2265,0.0,0.0
1779988772973,2,12.00000015,Lower Delivery,Delivery,pitch.1,438825,12.7811,-7.3544,85.8229,-141.7981,99.6777,20.3812,-0.1546,-0.22
1779988772973,2,12.00000018,Upper Delivery,Delivery,pitch.1,439681,-3.6222,-2.9759,13.6073,27.6768,0.6906,14.3326,-0.0068,0.2708
1779988772973,2,Pitching Mound.Delivery,,Delivery,pitch.1,438522,9.1589,-10.3303,99.4303,-89.5679,100.3683,29.1367,-0.1344,0.0941
1779988772973,2,Pitching Mound.Drive,,Delivery,pitch.1,439098,-0.0081,-0.2793,1.7855,0.6664,-2.1679,-2.2265,0.0,0.0
1779988772973,2,Pitching Mound.Parent,,Delivery,pitch.1,438142,9.1508,-10.6096,101.2158,-88.9016,98.2005,26.9102,-0.132,0.0925
1779988772974,2,11.0000004b,Drive,Delivery,pitch.1,439099,0.0029,-0.2715,1.7547,0.649,-1.944,-2.2115,0.0,0.0
1779988772974,2,12.00000015,Lower Delivery,Delivery,pitch.1,438826,12.7197,-7.4003,85.808,-141.4218,99.663,20.2837,-0.1546,-0.2194
1779988772974,2,12.00000018,Upper Delivery,Delivery,pitch.1,439682,-3.5865,-2.9657,13.6661,27.6253,0.5753,14.2306,-0.0056,0.2691
1779988772974,2,Pitching Mound.Delivery,,Delivery,pitch.1,438523,9.1332,-10.3661,99.474,-89.2683,100.2383,28.9702,-0.1342,0.0943
1779988772974,2,Pitching Mound.Drive,,Delivery,pitch.1,439099,0.0029,-0.2715,1.7547,0.649,-1.944,-2.2115,0.0,0.0
1779988772974,2,Pitching Mound.Parent,,Delivery,pitch.1,438143,9.1361,-10.6376,101.2288,-88.6193,98.2943,26.7587,-0.1318,0.0926
1779988772975,2,11.0000004b,Drive,Delivery,pitch.1,439100,0.0015,-0.2677,1.74,0.6506,-2.0398,-2.2482,0.0,0.0
1779988772975,2,12.00000015,Lower Delivery,Delivery,pitch.1,438827,12.6696,-7.3979,85.9354,-141.4418,99.7337,20.2625,-0.1545,-0.2191
1779988772975,2,12.00000018,Upper Delivery,Delivery,pitch.1,439683,-3.5678,-2.9778,13.7438,27.5646,0.5869,14.0876,-0.0057,0.267
1779988772975,2,Pitching Mound.Delivery,,Delivery,pitch.1,438524,9.1018,-10.3757,99.6793,-89.332,100.3206,28.8293,-0.134,0.0942
1779988772975,2,Pitching Mound.Drive,,Delivery,pitch.1,439100,0.0015,-0.2677,1.74,0.6506,-2.0398,-2.2482,0.0,0.0
1779988772975,2,Pitching Mound.Parent,,Delivery,pitch.1,438144,9.1033,-10.6433,101.4192,-88.6814,98.2808,26.5812,-0.1317,0.0925
1779988772976,2,11.0000004b,Drive,Delivery,pitch.1,439101,-0.0063,-0.2627,1.7943,0.6326,-2.0517,-2.2554,0.0,0.0
1779988772976,2,12.00000015,Lower Delivery,Delivery,pitch.1,438828,12.6173,-7.3599,86.0449,-141.453,100.0063,20.1701,-0.1547,-0.2189
1779988772976,2,12.00000018,Upper Delivery,Delivery,pitch.1,439684,-3.5365,-2.9549,13.7922,27.4527,0.6,13.9358,-0.0058,0.265
1779988772976,2,Pitching Mound.Delivery,,Delivery,pitch.1,438525,9.0808,-10.3148,99.837,-89.4344,100.6064,28.6136,-0.1342,0.094
1779988772976,2,Pitching Mound.Drive,,Delivery,pitch.1,439101,-0.0063,-0.2627,1.7943,0.6326,-2.0517,-2.2554,0.0,0.0
1779988772976,2,Pitching Mound.Parent,,Delivery,pitch.1,438145,9.0745,-10.5775,101.6313,-88.8018,98.5546,26.3582,-0.1318,0.0924
1779988772977,2,11.0000004b,Drive,Delivery,pitch.1,439102,-0.0186,-0.2323,1.8573,0.6426,-1.9883,-2.2664,0.0,0.0
1779988772977,2,12.00000015,Lower Delivery,Delivery,pitch.1,438829,12.5688,-7.3593,86.188,-141.1059,99.9775,20.127,-0.1544,-0.218
1779988772977,2,12.00000018,Upper Delivery,Delivery,pitch.1,439685,-3.5135,-2.9181,13.7176,27.2567,0.4519,13.8894,-0.0044,0.2645
1779988772977,2,Pitching Mound.Delivery,,Delivery,pitch.1,438526,9.0553,-10.2775,99.9056,-89.2093,100.4294,28.5484,-0.1338,0.0949
1779988772977,2,Pitching Mound.Drive,,Delivery,pitch.1,439102,-0.0186,-0.2323,1.8573,0.6426,-1.9883,-2.2664,0.0,0.0
1779988772977,2,Pitching Mound.Parent,,Delivery,pitch.1,438146,9.0367,-10.5098,101.7629,-88.5667,98.4411,26.282,-0.1314,0.0932
1779988772978,2,11.0000004b,Drive,Delivery,pitch.1,439103,-0.0061,-0.2355,1.7854,0.6414,-2.066,-2.278,0.0,0.0
1779988772978,2,12.00000015,Lower Delivery,Delivery,pitch.1,438830,12.552,-7.3561,86.0884,-140.6009,100.0162,20.0534,-0.1547,-0.2174
1779988772978,2,12.00000018,Upper Delivery,Delivery,pitch.1,439686,-3.488,-2.9113,13.7364,27.0586,0.5044,13.8327,-0.0049,0.2622
1779988772978,2,Pitching Mound.Delivery,,Delivery,pitch.1,438527,9.064,-10.2674,99.8248,-88.9426,100.5206,28.4326,-0.1341,0.095
1779988772978,2,Pitching Mound.Drive,,Delivery,pitch.1,439103,-0.0061,-0.2355,1.7854,0.6414,-2.066,-2.278,0.0,0.0
1779988772978,2,Pitching Mound.Parent,,Delivery,pitch.1,438147,9.0579,-10.5029,101.6102,-88.3012,98.4546,26.1546,-0.1317,0.0933
1779988772979,2,11.0000004b,Drive,Delivery,pitch.1,439104,0.0147,-0.2641,1.7441,0.6556,-2.1175,-2.31,0.0,0.0
1779988772979,2,12.00000015,Lower Delivery,Delivery,pitch.1,438831,12.5091,-7.3267,86.0439,-140.2784,100.0345,19.9939,-0.1548,-0.217
1779988772979,2,12.00000018,Upper Delivery,Delivery,pitch.1,439687,-3.4598,-2.9264,13.7257,27.0655,0.4958,13.7587,-0.0048,0.2625
1779988772979,2,Pitching Mound.Delivery,,Delivery,pitch.1,438528,9.0493,-10.2531,99.7696,-88.6247,100.5303,28.3232,-0.1341,0.0954
1779988772979,2,Pitching Mound.Drive,,Delivery,pitch.1,439104,0.0147,-0.2641,1.7441,0.6556,-2.1175,-2.31,0.0,0.0
1779988772979,2,Pitching Mound.Parent,,Delivery,pitch.1,438148,9.064,-10.5172,101.5137,-87.9691,98.4128,26.0132,-0.1318,0.0937
1779988772980,2,11.0000004b,Drive,Delivery,pitch.1,439105,0.0284,-0.2709,1.7416,0.6718,-2.3371,-2.316,0.0,0.0
1779988772980,2,12.00000015,Lower Delivery,Delivery,pitch.1,438832,12.4721,-7.2945,86.0491,-140.0673,100.0745,19.9769,-0.1548,-0.2167
1779988772980,2,12.00000018,Upper Delivery,Delivery,pitch.1,439688,-3.4303,-2.8836,13.5993,26.8756,0.5835,13.6993,-0.0057,0.2631
1779988772980,2,Pitching Mound.Delivery,,Delivery,pitch.1,438529,9.0418,-10.1781,99.6484,-88.5588,100.658,28.2694,-0.1345,0.096
1779988772980,2,Pitching Mound.Drive,,Delivery,pitch.1,439105,0.0284,-0.2709,1.7416,0.6718,-2.3371,-2.316,0.0,0.0
1779988772980,2,Pitching Mound.Parent,,Delivery,pitch.1,438149,9.0703,-10.449,101.39,-87.887,98.3209,25.9534,-0.1322,0.0943
1779988772981,2,11.0000004b,Drive,Delivery,pitch.1,439106,0.0136,-0.256,1.7969,0.6688,-2.2077,-2.3169,0.0,0.0
1779988772981,2,12.00000015,Lower Delivery,Delivery,pitch.1,438833,12.455,-7.2802,86.1623,-139.9383,100.0532,19.9398,-0.1546,-0.2162
1779988772981,2,12.00000018,Upper Delivery,Delivery,pitch.1,439689,-3.4201,-2.8945,13.711,26.8725,0.5784,13.6665,-0.0056,0.2609
1779988772981,2,Pitching Mound.Delivery,,Delivery,pitch.1,438530,9.0348,-10.1746,99.8733,-88.4324,100.6315,28.2087,-0.1341,0.0959
1779988772981,2,Pitching Mound.Drive,,Delivery,pitch.1,439106,0.0136,-0.256,1.7969,0.6688,-2.2077,-2.3169,0.0,0.0
1779988772981,2,Pitching Mound.Parent,,Delivery,pitch.1,438150,9.0484,-10.4306,101.6702,-87.7636,98.4239,25.8918,-0.1318,0.0942
1779988772982,2,11.0000004b,Drive,Delivery,pitch.1,439107,0.0196,-0.2441,1.7429,0.6535,-2.24,-2.3173,0.0,0.0
1779988772982,2,12.00000015,Lower Delivery,Delivery,pitch.1,438834,12.4186,-7.3047,86.2494,-139.9331,100.1647,19.9159,-0.1546,-0.216
1779988772982,2,12.00000018,Upper Delivery,Delivery,pitch.1,439690,-3.4123,-2.9043,13.5363,26.9406,0.5968,13.6548,-0.0059,0.265
1779988772982,2,Pitching Mound.Delivery,,Delivery,pitch.1,438531,9.0062,-10.2091,99.7857,-88.27,100.7614,28.1882,-0.1344,0.097
1779988772982,2,Pitching Mound.Drive,,Delivery,pitch.1,439107,0.0196,-0.2441,1.7429,0.6535,-2.24,-2.3173,0.0,0.0
1779988772982,2,Pitching Mound.Parent,,Delivery,pitch.1,438151,9.0258,-10.4532,101.5286,-87.6165,98.5214,25.8709,-0.1321,0.0953
1779988772983,2,11.0000004b,Drive,Delivery,pitch.1,439108,0.02,-0.2491,1.7476,0.6439,-2.3415,-2.3089,0.0,0.0
1779988772983,2,12.00000015,Lower Delivery,Delivery,pitch.1,438835,12.3875,-7.3184,86.2149,-139.7382,100.2802,19.8287,-0.1548,-0.2158
1779988772983,2,12.00000018,Upper Delivery,Delivery,pitch.1,439691,-3.4007,-2.8684,13.4392,26.6557,0.5724,13.5863,-0.0057,0.264
1779988772983,2,Pitching Mound.Delivery,,Delivery,pitch.1,438532,8.9868,-10.1868,99.6541,-88.3387,100.8526,28.047,-0.1347,0.0972
1779988772983,2,Pitching Mound.Drive,,Delivery,pitch.1,439108,0.02,-0.2491,1.7476,0.6439,-2.3415,-2.3089,0.0,0.0
1779988772983,2,Pitching Mound.Parent,,Delivery,pitch.1,438152,9.0067,-10.4358,101.4017,-87.6948,98.5112,25.738,-0.1324,0.0956
1779988772984,2,11.0000004b,Drive,Delivery,pitch.1,439109,0.0207,-0.2529,1.7746,0.6877,-2.4753,-2.3399,0.0,0.0
1779988772984,2,12.00000015,Lower Delivery,Delivery,pitch.1,438836,12.3851,-7.3199,86.1946,-139.2821,100.245,19.8229,-0.1548,-0.2151
1779988772984,2,12.00000018,Upper Delivery,Delivery,pitch.1,439692,-3.3952,-2.853,13.3599,26.3165,0.4405,13.5427,-0.0044,0.2622
1779988772984,2,Pitching Mound.Delivery,,Delivery,pitch.1,438533,8.9899,-10.1729,99.5544,-88.2018,100.6855,28.0003,-0.1346,0.0977
1779988772984,2,Pitching Mound.Drive,,Delivery,pitch.1,439109,0.0207,-0.2529,1.7746,0.6877,-2.4753,-2.3399,0.0,0.0
1779988772984,2,Pitching Mound.Parent,,Delivery,pitch.1,438153,9.0105,-10.4258,101.329,-87.5141,98.2102,25.6603,-0.1323,0.096
1779988772985,2,11.0000004b,Drive,Delivery,pitch.1,439110,0.0159,-0.2643,1.7258,0.689,-2.1654,-2.3072,0.0,0.0
1779988772985,2,12.00000015,Lower Delivery,Delivery,pitch.1,438837,12.364,-7.3348,86.2918,-139.1298,100.2208,19.7089,-0.1546,-0.2146
1779988772985,2,12.00000018,Upper Delivery,Delivery,pitch.1,439693,-3.4056,-2.8658,13.3408,26.5286,0.5613,13.477,-0.0056,0.2647
1779988772985,2,Pitching Mound.Delivery,,Delivery,pitch.1,438534,8.9584,-10.2006,99.6326,-87.7978,100.7821,27.8242,-0.1347,0.0985
1779988772985,2,Pitching Mound.Drive,,Delivery,pitch.1,439110,0.0159,-0.2643,1.7258,0.689,-2.1654,-2.3072,0.0,0.0
1779988772985,2,Pitching Mound.Parent,,Delivery,pitch.1,438154,8.9742,-10.4649,101.3585,-87.1088,98.6167,25.517,-0.1324,0.0968
1779988772986,2,11.0000004b,Drive,Delivery,pitch.1,439111,-0.0073,-0.2653,1.7572,0.6973,-2.2205,-2.3191,0.0,0.0
1779988772986,2,12.00000015,Lower Delivery,Delivery,pitch.1,438838,12.3525,-7.3565,86.3725,-139.0737,100.1564,19.6697,-0.1544,-0.2144
1779988772986,2,12.00000018,Upper Delivery,Delivery,pitch.1,439694,-3.391,-2.8867,13.377,26.6662,0.619,13.4348,-0.0062,0.2654
1779988772986,2,Pitching Mound.Delivery,,Delivery,pitch.1,438535,8.9615,-10.2432,99.7495,-87.589,100.7754,27.7517,-0.1345,0.0988
1779988772986,2,Pitching Mound.Drive,,Delivery,pitch.1,439111,-0.0073,-0.2653,1.7572,0.6973,-2.2205,-2.3191,0.0,0.0
1779988772986,2,Pitching Mound.Parent,,Delivery,pitch.1,438155,8.9542,-10.5085,101.5067,-86.8918,98.5549,25.4326,-0.1322,0.0971
1779988772987,2,11.0000004b,Drive,Delivery,pitch.1,439112,0.019,-0.2529,1.6914,0.7003,-2.2007,-2.2974,0.0,0.0
1779988772987,2,12.00000015,Lower Delivery,Delivery,pitch.1,438839,12.349,-7.4219,86.3603,-139.0621,100.0807,19.5731,-0.1543,-0.2144
1779988772987,2,12.00000018,Upper Delivery,Delivery,pitch.1,439695,-3.3913,-2.8784,13.4085,26.7638,0.6696,13.3613,-0.0066,0.2657
1779988772987,2,Pitching Mound.Delivery,,Delivery,pitch.1,438536,8.9577,-10.3003,99.7688,-87.4947,100.7503,27.5827,-0.1344,0.0988
1779988772987,2,Pitching Mound.Drive,,Delivery,pitch.1,439112,0.019,-0.2529,1.6914,0.7003,-2.2007,-2.2974,0.0,0.0
1779988772987,2,Pitching Mound.Parent,,Delivery,pitch.1,438156,8.9766,-10.5532,101.4602,-86.7944,98.5496,25.2853,-0.1322,0.0971
1779988772988,2,11.0000004b,Drive,Delivery,pitch.1,439113,0.0085,-0.2695,1.7202,0.6955,-2.2622,-2.2916,0.0,0.0
1779988772988,2,12.00000015,Lower Delivery,Delivery,pitch.1,438840,12.3198,-7.45,86.2989,-138.9759,100.1889,19.5417,-0.1546,-0.2144
1779988772988,2,12.00000018,Upper Delivery,Delivery,pitch.1,439696,-3.4,-2.9487,13.3824,26.7106,0.7455,13.2831,-0.0074,0.2657
1779988772988,2,Pitching Mound.Delivery,,Delivery,pitch.1,438537,8.9197,-10.3987,99.6813,-87.4737,100.9344,27.48,-0.1348,0.0988
1779988772988,2,Pitching Mound.Drive,,Delivery,pitch.1,439113,0.0085,-0.2695,1.7202,0.6955,-2.2622,-2.2916,0.0,0.0
1779988772988,2,Pitching Mound.Parent,,Delivery,pitch.1,438157,8.9282,-10.6682,101.4015,-86.7782,98.6722,25.1884,-0.1325,0.0971
1779988772989,2,11.0000004b,Drive,Delivery,pitch.1,439114,-0.0013,-0.2855,1.7361,0.7243,-2.2451,-2.304,0.0,0.0
1779988772989,2,12.00000015,Lower Delivery,Delivery,pitch.1,438841,12.3047,-7.4845,86.5485,-139.2472,100.225,19.4867,-0.1542,-0.2142
1779988772989,2,12.00000018,Upper Delivery,Delivery,pitch.1,439697,-3.3766,-2.9617,13.3651,26.8145,0.8073,13.1973,-0.008,0.2671
1779988772989,2,Pitching Mound.Delivery,,Delivery,pitch.1,438538,8.9281,-10.4462,99.9136,-87.5503,101.0323,27.3523,-0.1346,0.0992
1779988772989,2,Pitching Mound.Drive,,Delivery,pitch.1,439114,-0.0013,-0.2855,1.7361,0.7243,-2.2451,-2.304,0.0,0.0
1779988772989,2,Pitching Mound.Parent,,Delivery,pitch.1,438158,8.9268,-10.7317,101.6498,-86.826,98.7872,25.0484,-0.1323,0.0975
1779988772990,2,11.0000004b,Drive,Delivery,pitch.1,439115,-0.033,-0.2601,1.7806,0.6926,-2.1583,-2.2874,0.0,0.0
1779988772990,2,12.00000015,Lower Delivery,Delivery,pitch.1,438842,12.269,-7.5145,86.7399,-139.3636,100.2033,19.4148,-0.1538,-0.2139
1779988772990,2,12.00000018,Upper Delivery,Delivery,pitch.1,439698,-3.366,-2.9261,13.3315,26.652,0.841,13.1043,-0.0084,0.2661
1779988772990,2,Pitching Mound.Delivery,,Delivery,pitch.1,438539,8.9031,-10.4406,100.0713,-87.7527,101.0443,27.2032,-0.1344,0.0995
1779988772990,2,Pitching Mound.Drive,,Delivery,pitch.1,439115,-0.033,-0.2601,1.7806,0.6926,-2.1583,-2.2874,0.0,0.0
1779988772990,2,Pitching Mound.Parent,,Delivery,pitch.1,438159,8.8701,-10.7007,101.8519,-87.06,98.8861,24.9158,-0.1321,0.0977
1779988772991,2,11.0000004b,Drive,Delivery,pitch.1,439116,-0.0366,-0.2628,1.7648,0.7248,-2.2011,-2.3523,0.0,0.0
1779988772991,2,12.00000015,Lower Delivery,Delivery,pitch.1,438843,12.2363,-7.5648,86.8939,-139.4963,100.0427,19.374,-0.1533,-0.2137
1779988772991,2,12.00000018,Upper Delivery,Delivery,pitch.1,439699,-3.3138,-2.9405,13.2528,26.4208,0.8481,13.0662,-0.0085,0.2654
1779988772991,2,Pitching Mound.Delivery,,Delivery,pitch.1,438540,8.9225,-10.5053,100.1467,-88.0375,100.8907,27.1532,-0.1341,0.0997
1779988772991,2,Pitching Mound.Drive,,Delivery,pitch.1,439116,-0.0366,-0.2628,1.7648,0.7248,-2.2011,-2.3523,0.0,0.0
1779988772991,2,Pitching Mound.Parent,,Delivery,pitch.1,438160,8.8859,-10.7681,101.9115,-87.3127,98.6896,24.8009,-0.1318,0.098
1779988772992,2,11.0000004b,Drive,Delivery,pitch.1,439117,-0.0294,-0.2691,1.7434,0.7029,-2.182,-2.343,0.0,0.0
1779988772992,2,12.00000015,Lower Delivery,Delivery,pitch.1,438844,12.239,-7.5562,86.8029,-139.8892,100.3432,19.3084,-0.1539,-0.2145
1779988772992,2,12.00000018,Upper Delivery,Delivery,pitch.1,439700,-3.3075,-2.9196,13.1252,26.3411,0.8131,13.0026,-0.0082,0.2672
1779988772992,2,Pitching Mound.Delivery,,Delivery,pitch.1,438541,8.9316,-10.4758,99.9281,-88.4977,101.1564,27.0252,-0.1348,0.0994
1779988772992,2,Pitching Mound.Drive,,Delivery,pitch.1,439117,-0.0294,-0.2691,1.7434,0.7029,-2.182,-2.343,0.0,0.0
1779988772992,2,Pitching Mound.Parent,,Delivery,pitch.1,438161,8.9021,-10.745,101.6715,-87.7947,98.9744,24.6822,-0.1325,0.0977
1779988772993,2,11.0000004b,Drive,Delivery,pitch.1,439118,-0.0493,-0.2733,1.8148,0.7186,-2.2908,-2.3689,0.0,0.0
1779988772993,2,12.00000015,Lower Delivery,Delivery,pitch.1,438845,12.2164,-7.5503,86.8148,-140.0816,100.498,19.3159,-0.1541,-0.2148
1779988772993,2,12.00000018,Upper Delivery,Delivery,pitch.1,439701,-3.2767,-2.8909,13.2606,26.1019,0.8701,12.9308,-0.0087,0.262
1779988772993,2,Pitching Mound.Delivery,,Delivery,pitch.1,438542,8.9397,-10.4412,100.0754,-88.9713,101.3681,26.979,-0.1348,0.0983
1779988772993,2,Pitching Mound.Drive,,Delivery,pitch.1,439118,-0.0493,-0.2733,1.8148,0.7186,-2.2908,-2.3689,0.0,0.0
1779988772993,2,Pitching Mound.Parent,,Delivery,pitch.1,438162,8.8904,-10.7145,101.8902,-88.2527,99.0773,24.6101,-0.1324,0.0965
1779988772994,2,11.0000004b,Drive,Delivery,pitch.1,439119,-0.0349,-0.2604,1.7747,0.7085,-2.0891,-2.3768,0.0,0.0
1779988772994,2,12.00000015,Lower Delivery,Delivery,pitch.1,438846,12.2252,-7.5362,86.8614,-140.0069,100.3782,19.2848,-0.1538,-0.2146
1779988772994,2,12.00000018,Upper Delivery,Delivery,pitch.1,439702,-3.2561,-2.8835,13.3085,26.1876,0.8091,12.8887,-0.0081,0.262
1779988772994,2,Pitching Mound.Delivery,,Delivery,pitch.1,438543,8.9691,-10.4197,100.17,-88.8113,101.1873,26.9099,-0.1345,0.0984
1779988772994,2,Pitching Mound.Drive,,Delivery,pitch.1,439119,-0.0349,-0.2604,1.7747,0.7085,-2.0891,-2.3768,0.0,0.0
1779988772994,2,Pitching Mound.Parent,,Delivery,pitch.1,438163,8.9342,-10.6802,101.9447,-88.1028,99.0982,24.5332,-0.1321,0.0967
1779988772995,2,11.0000004b,Drive,Delivery,pitch.1,439120,-0.0612,-0.2707,1.8795,0.7089,-2.1606,-2.4088,0.0,0.0
1779988772995,2,12.00000015,Lower Delivery,Delivery,pitch.1,438847,12.1895,-7.5269,86.8927,-139.9102,100.5289,19.3015,-0.154,-0.2144
1779988772995,2,12.00000018,Upper Delivery,Delivery,pitch.1,439703,-3.2626,-2.8441,13.3152,26.1846,0.8544,12.815,-0.0085,0.2618
1779988772995,2,Pitching Mound.Delivery,,Delivery,pitch.1,438544,8.927,-10.371,100.2079,-88.7092,101.3833,26.8628,-0.1347,0.0986
1779988772995,2,Pitching Mound.Drive,,Delivery,pitch.1,439120,-0.0612,-0.2707,1.8795,0.7089,-2.1606,-2.4088,0.0,0.0
1779988772995,2,Pitching Mound.Parent,,Delivery,pitch.1,438164,8.8658,-10.6418,102.0874,-88.0003,99.2227,24.454,-0.1322,0.0967
1779988772996,2,11.0000004b,Drive,Delivery,pitch.1,439121,-0.0389,-0.2874,1.881,0.7204,-2.4381,-2.428,0.0,0.0
1779988772996,2,12.00000015,Lower Delivery,Delivery,pitch.1,438848,12.1564,-7.506,86.9645,-139.9483,100.5521,19.3194,-0.1539,-0.2142
1779988772996,2,12.00000018,Upper Delivery,Delivery,pitch.1,439704,-3.2464,-2.8618,13.2875,26.3002,0.9086,12.7522,-0.0091,0.2635
1779988772996,2,Pitching Mound.Delivery,,Delivery,pitch.1,438545,8.91,-10.3678,100.252,-88.598,101.4608,26.8347,-0.1347,0.099
1779988772996,2,Pitching Mound.Drive,,Delivery,pitch.1,439121,-0.0389,-0.2874,1.881,0.7204,-2.4381,-2.428,0.0,0.0
1779988772996,2,Pitching Mound.Parent,,Delivery,pitch.1,438165,8.8712,-10.6551,102.133,-87.8776,99.0226,24.4067,-0.1323,0.0971
1779988772997,2,11.0000004b,Drive,Delivery,pitch.1,439122,-0.0346,-0.2775,1.8917,0.7177,-2.4204,-2.3968,0.0,0.0
1779988772997,2,12.00000015,Lower Delivery,Delivery,pitch.1,438849,12.1102,-7.4543,86.9834,-139.6175,100.5828,19.339,-0.1539,-0.2137
1779988772997,2,12.00000018,Upper Delivery,Delivery,pitch.1,439705,-3.2207,-2.8226,13.1059,26.4559,0.9626,12.7022,-0.0098,0.2687
1779988772997,2,Pitching Mound.Delivery,,Delivery,pitch.1,438546,8.8896,-10.2769,100.0893,-88.0433,101.5454,26.8287,-0.1351,0.1004
1779988772997,2,Pitching Mound.Drive,,Delivery,pitch.1,439122,-0.0346,-0.2775,1.8917,0.7177,-2.4204,-2.3968,0.0,0.0
1779988772997,2,Pitching Mound.Parent,,Delivery,pitch.1,438166,8.8549,-10.5545,101.981,-87.3255,99.125,24.4318,-0.1326,0.0986
1779988772998,2,11.0000004b,Drive,Delivery,pitch.1,439123,-0.0662,-0.2783,1.9216,0.7148,-2.2998,-2.4063,0.0,0.0
1779988772998,2,12.00000015,Lower Delivery,Delivery,pitch.1,438850,12.106,-7.4036,87.196,-139.6034,100.6339,19.3618,-0.1536,-0.2131
1779988772998,2,12.00000018,Upper Delivery,Delivery,pitch.1,439706,-3.1996,-2.8146,13.1314,26.3366,0.9461,12.6473,-0.0096,0.267
1779988772998,2,Pitching Mound.Delivery,,Delivery,pitch.1,438547,8.9063,-10.2182,100.3274,-88.0847,101.58,26.8052,-0.1348,0.1007
1779988772998,2,Pitching Mound.Drive,,Delivery,pitch.1,439123,-0.0662,-0.2783,1.9216,0.7148,-2.2998,-2.4063,0.0,0.0
1779988772998,2,Pitching Mound.Parent,,Delivery,pitch.1,438167,8.8402,-10.4965,102.2491,-87.3699,99.2802,24.3989,-0.1323,0.0988
1779988772999,2,11.0000004b,Drive,Delivery,pitch.1,439124,-0.0241,-0.283,1.8507,0.7101,-2.2456,-2.414,0.0,0.0
1779988772999,2,12.00000015,Lower Delivery,Delivery,pitch.1,438851,12.1016,-7.3374,87.1191,-139.6902,100.8967,19.3508,-0.1542,-0.2135
1779988772999,2,12.00000018,Upper Delivery,Delivery,pitch.1,439707,-3.194,-2.8104,12.7428,26.5894,0.878,12.585,-0.0092,0.2778
1779988772999,2,Pitching Mound.Delivery,,Delivery,pitch.1,438548,8.9076,-10.1478,99.8619,-87.8129,101.7747,26.7353,-0.1357,0.1025
1779988772999,2,Pitching Mound.Drive,,Delivery,pitch.1,439124,-0.0241,-0.283,1.8507,0.7101,-2.2456,-2.414,0.0,0.0
1779988772999,2,Pitching Mound.Parent,,Delivery,pitch.1,438168,8.8835,-10.4307,101.7126,-87.1028,99.5291,24.3212,-0.1332,0.1006
1779988773000,2,11.0000004b,Drive,Delivery,pitch.1,439125,-0.0399,-0.2985,1.9265,0.7193,-2.3978,-2.4565,0.0,0.0
1779988773000,2,12.00000015,Lower Delivery,Delivery,pitch.1,438852,12.0744,-7.2778,87.2329,-139.6001,101.1074,19.3805,-0.1543,-0.213
1779988773000,2,12.00000018,Upper Delivery,Delivery,pitch.1,439708,-3.2037,-2.7874,12.6004,26.4315,0.8687,12.5202,-0.0092,0.2793
1779988773000,2,Pitching Mound.Delivery,,Delivery,pitch.1,438549,8.8708,-10.0652,99.8334,-87.7936,101.9761,26.7061,-0.136,0.1033
1779988773000,2,Pitching Mound.Drive,,Delivery,pitch.1,439125,-0.0399,-0.2985,1.9265,0.7193,-2.3978,-2.4565,0.0,0.0
1779988773000,2,Pitching Mound.Parent,,Delivery,pitch.1,438169,8.8308,-10.3637,101.7598,-87.0743,99.5783,24.2496,-0.1334,0.1013
1779988773001,2,11.0000004b,Drive,Delivery,pitch.1,439126,-0.0066,-0.3021,1.7991,0.7288,-2.3574,-2.4261,0.0,0.0
1779988773001,2,12.00000015,Lower Delivery,Delivery,pitch.1,438853,12.1124,-7.2335,87.3895,-139.4931,101.4035,19.3765,-0.1545,-0.2125
1779988773001,2,12.00000018,Upper Delivery,Delivery,pitch.1,439709,-3.2054,-2.7833,12.5234,26.5105,0.8804,12.5019,-0.0094,0.2818
1779988773001,2,Pitching Mound.Delivery,,Delivery,pitch.1,438550,8.907,-10.0167,99.9129,-87.5282,102.2838,26.6704,-0.1363,0.1042
1779988773001,2,Pitching Mound.Drive,,Delivery,pitch.1,439126,-0.0066,-0.3021,1.7991,0.7288,-2.3574,-2.4261,0.0,0.0
1779988773001,2,Pitching Mound.Parent,,Delivery,pitch.1,438170,8.9004,-10.3188,101.712,-86.7994,99.9265,24.2443,-0.1339,0.1024
1779988773002,2,11.0000004b,Drive,Delivery,pitch.1,439127,-0.0026,-0.3041,1.8663,0.7329,-2.4311,-2.4003,0.0,0.0
1779988773002,2,12.00000015,Lower Delivery,Delivery,pitch.1,438854,12.1151,-7.1946,87.4155,-139.6429,101.6941,19.3643,-0.1549,-0.2127
1779988773002,2,12.00000018,Upper Delivery,Delivery,pitch.1,439710,-3.1748,-2.7288,12.7555,26.4019,0.8963,12.468,-0.0094,0.2756
1779988773002,2,Pitching Mound.Delivery,,Delivery,pitch.1,438551,8.9402,-9.9233,100.1709,-87.8566,102.5903,26.6337,-0.1363,0.1029
1779988773002,2,Pitching Mound.Drive,,Delivery,pitch.1,439127,-0.0026,-0.3041,1.8663,0.7329,-2.4311,-2.4003,0.0,0.0
1779988773002,2,Pitching Mound.Parent,,Delivery,pitch.1,438171,8.9376,-10.2274,102.0373,-87.1237,100.1592,24.2334,-0.1338,0.101
1779988773003,2,11.0000004b,Drive,Delivery,pitch.1,439128,-0.0151,-0.3223,1.8173,0.7594,-2.6144,-2.4345,0.0,0.0
1779988773003,2,12.00000015,Lower Delivery,Delivery,pitch.1,438855,12.1402,-7.1813,87.6852,-139.9859,101.7983,19.3124,-0.1546,-0.2125
1779988773003,2,12.00000018,Upper Delivery,Delivery,pitch.1,439711,-3.1808,-2.7015,12.5617,26.3889,0.96,12.4487,-0.0102,0.2797
1779988773003,2,Pitching Mound.Delivery,,Delivery,pitch.1,438552,8.9594,-9.8828,100.2469,-88.055,102.7583,26.5519,-0.1365,0.1039
1779988773003,2,Pitching Mound.Drive,,Delivery,pitch.1,439128,-0.0151,-0.3223,1.8173,0.7594,-2.6144,-2.4345,0.0,0.0
1779988773003,2,Pitching Mound.Parent,,Delivery,pitch.1,438172,8.9444,-10.2051,102.0642,-87.2956,100.1439,24.1174,-0.134,0.1021
1779988773004,2,11.0000004b,Drive,Delivery,pitch.1,439129,-0.0105,-0.3224,1.7677,0.7549,-2.7278,-2.4249,0.0,0.0
1779988773004,2,12.00000015,Lower Delivery,Delivery,pitch.1,438856,12.1532,-7.1651,87.4976,-140.216,102.0658,19.2624,-0.1553,-0.2133
1779988773004,2,12.00000018,Upper Delivery,Delivery,pitch.1,439712,-3.1937,-2.6812,12.683,26.3645,0.8486,12.3987,-0.0089,0.2767
1779988773004,2,Pitching Mound.Delivery,,Delivery,pitch.1,438553,8.9595,-9.8463,100.1806,-88.4145,102.9144,26.4432,-0.1368,0.1026
1779988773004,2,Pitching Mound.Drive,,Delivery,pitch.1,439129,-0.0105,-0.3224,1.7677,0.7549,-2.7278,-2.4249,0.0,0.0
1779988773004,2,Pitching Mound.Parent,,Delivery,pitch.1,438173,8.949,-10.1688,101.9483,-87.6597,100.1866,24.0183,-0.1344,0.1008
1779988773005,2,11.0000004b,Drive,Delivery,pitch.1,439130,-0.0075,-0.341,1.7784,0.7489,-2.8225,-2.4338,0.0,0.0
1779988773005,2,12.00000015,Lower Delivery,Delivery,pitch.1,438857,12.1434,-7.1516,87.5637,-140.5143,102.3727,19.228,-0.1556,-0.2136
1779988773005,2,12.00000018,Upper Delivery,Delivery,pitch.1,439713,-3.174,-2.6828,12.4589,26.2589,0.8277,12.4127,-0.0088,0.2806
1779988773005,2,Pitching Mound.Delivery,,Delivery,pitch.1,438554,8.9693,-9.8343,100.0226,-88.7199,103.2004,26.4328,-0.1374,0.1032
1779988773005,2,Pitching Mound.Drive,,Delivery,pitch.1,439130,-0.0075,-0.341,1.7784,0.7489,-2.8225,-2.4338,0.0,0.0
1779988773005,2,Pitching Mound.Parent,,Delivery,pitch.1,438174,8.9618,-10.1753,101.8011,-87.971,100.3779,23.999,-0.135,0.1014
1779988773006,2,11.0000004b,Drive,Delivery,pitch.1,439131,-0.0044,-0.3025,1.7711,0.7348,-2.8624,-2.4188,0.0,0.0
1779988773006,2,12.00000015,Lower Delivery,Delivery,pitch.1,438858,12.1699,-7.1379,87.6683,-140.5902,102.2942,19.1879,-0.1553,-0.2135
1779988773006,2,12.00000018,Upper Delivery,Delivery,pitch.1,439714,-3.1716,-2.6506,12.4612,25.8942,0.6914,12.3846,-0.0074,0.2766
1779988773006,2,Pitching Mound.Delivery,,Delivery,pitch.1,438555,8.9983,-9.7885,100.1294,-89.1256,102.9855,26.3564,-0.1369,0.1029
1779988773006,2,Pitching Mound.Drive,,Delivery,pitch.1,439131,-0.0044,-0.3025,1.7711,0.7348,-2.8624,-2.4188,0.0,0.0
1779988773006,2,Pitching Mound.Parent,,Delivery,pitch.1,438175,8.9939,-10.091,101.9005,-88.3908,100.1231,23.9376,-0.1345,0.1011
1779988773007,2,11.0000004b,Drive,Delivery,pitch.1,439132,0.0107,-0.3006,1.7518,0.7291,-2.8395,-2.4022,0.0,0.0
1779988773007,2,12.00000015,Lower Delivery,Delivery,pitch.1,438859,12.2038,-7.1353,87.8809,-140.5347,102.4687,19.1407,-0.1552,-0.2129
1779988773007,2,12.00000018,Upper Delivery,Delivery,pitch.1,439715,-3.1467,-2.6074,12.1805,25.5911,0.4724,12.3805,-0.0052,0.2797
1779988773007,2,Pitching Mound.Delivery,,Delivery,pitch.1,438556,9.0571,-9.7426,100.0614,-89.2055,102.9411,26.302,-0.137,0.1043
1779988773007,2,Pitching Mound.Drive,,Delivery,pitch.1,439132,0.0107,-0.3006,1.7518,0.7291,-2.8395,-2.4022,0.0,0.0
1779988773007,2,Pitching Mound.Parent,,Delivery,pitch.1,438176,9.0678,-10.0432,101.8132,-88.4764,100.1016,23.8998,-0.1346,0.1025
1779988773008,2,11.0000004b,Drive,Delivery,pitch.1,439133,0.0015,-0.292,1.8002,0.7248,-2.8005,-2.4142,0.0,0.0
1779988773008,2,12.00000015,Lower Delivery,Delivery,pitch.1,438860,12.222,-7.1426,88.0832,-140.4493,102.4749,19.1337,-0.1549,-0.2123
1779988773008,2,12.00000018,Upper Delivery,Delivery,pitch.1,439716,-3.1447,-2.6142,12.1035,25.5699,0.4171,12.3997,-0.0046,0.2812
1779988773008,2,Pitching Mound.Delivery,,Delivery,pitch.1,438557,9.0773,-9.7568,100.1867,-89.0463,102.892,26.3088,-0.1367,0.1052
1779988773008,2,Pitching Mound.Drive,,Delivery,pitch.1,439133,0.0015,-0.292,1.8002,0.7248,-2.8005,-2.4142,0.0,0.0
1779988773008,2,Pitching Mound.Parent,,Delivery,pitch.1,438177,9.0788,-10.0488,101.9869,-88.3215,100.0915,23.8945,-0.1343,0.1033
1779988773009,2,11.0000004b,Drive,Delivery,pitch.1,439134,0.0295,-0.2943,1.7766,0.7289,-2.7798,-2.3902,0.0,0.0
1779988773009,2,12.00000015,Lower Delivery,Delivery,pitch.1,438861,12.1968,-7.1311,88.1393,-140.2239,102.3757,19.1649,-0.1546,-0.2118
1779988773009,2,12.00000018,Upper Delivery,Delivery,pitch.1,439717,-3.1796,-2.6358,12.1467,25.7068,0.394,12.3916,-0.0043,0.2817
1779988773009,2,Pitching Mound.Delivery,,Delivery,pitch.1,438558,9.0172,-9.7669,100.2859,-88.6796,102.7697,26.3285,-0.1364,0.1056
1779988773009,2,Pitching Mound.Drive,,Delivery,pitch.1,439134,0.0295,-0.2943,1.7766,0.7289,-2.7798,-2.3902,0.0,0.0
1779988773009,2,Pitching Mound.Parent,,Delivery,pitch.1,438178,9.0467,-10.0612,102.0625,-87.9506,99.9899,23.9383,-0.134,0.1038
1779988773010,2,11.0000004b,Drive,Delivery,pitch.1,439135,0.0316,-0.2869,1.7443,0.7442,-2.9062,-2.4209,0.0,0.0
1779988773010,2,12.00000015,Lower Delivery,Delivery,pitch.1,438862,12.1881,-7.1484,88.4265,-140.0131,102.4126,19.1548,-0.1542,-0.2108
1779988773010,2,12.00000018,Upper Delivery,Delivery,pitch.1,439718,-3.171,-2.6757,12.2925,25.7793,0.4966,12.413,-0.0054,0.2792
1779988773010,2,Pitching Mound.Delivery,,Delivery,pitch.1,438559,9.0171,-9.824,100.719,-88.3482,102.9093,26.3457,-0.136,0.106
1779988773010,2,Pitching Mound.Drive,,Delivery,pitch.1,439135,0.0316,-0.2869,1.7443,0.7442,-2.9062,-2.4209,0.0,0.0
1779988773010,2,Pitching Mound.Parent,,Delivery,pitch.1,438179,9.0488,-10.111,102.4634,-87.604,100.003,23.9248,-0.1337,0.1042
1779988773011,2,11.0000004b,Drive,Delivery,pitch.1,439136,0.0344,-0.2753,1.7217,0.7134,-2.8485,-2.3858,0.0,0.0
1779988773011,2,12.00000015,Lower Delivery,Delivery,pitch.1,438863,12.1853,-7.1248,88.5797,-139.9803,102.3211,19.1492,-0.1538,-0.2104
1779988773011,2,12.00000018,Upper Delivery,Delivery,pitch.1,439719,-3.1426,-2.6828,12.3275,25.6001,0.4959,12.427,-0.0054,0.2765
1779988773011,2,Pitching Mound.Delivery,,Delivery,pitch.1,438560,9.0427,-9.8075,100.9072,-88.4544,102.817,26.3647,-0.1356,0.106
1779988773011,2,Pitching Mound.Drive,,Delivery,pitch.1,439136,0.0344,-0.2753,1.7217,0.7134,-2.8485,-2.3858,0.0,0.0
1779988773011,2,Pitching Mound.Parent,,Delivery,pitch.1,438180,9.0771,-10.0828,102.6288,-87.741,99.9685,23.9789,-0.1334,0.1042
1779988773012,2,11.0000004b,Drive,Delivery,pitch.1,439137,0.0163,-0.2734,1.7932,0.7327,-2.7181,-2.4223,0.0,0.0
1779988773012,2,12.00000015,Lower Delivery,Delivery,pitch.1,438864,12.1475,-7.1086,88.5307,-139.6492,102.2779,19.1204,-0.1538,-0.21
1779988773012,2,12.00000018,Upper Delivery,Delivery,pitch.1,439720,-3.1453,-2.6998,12.5049,25.5138,0.5686,12.3959,-0.0061,0.2716
1779988773012,2,Pitching Mound.Delivery,,Delivery,pitch.1,438561,9.0022,-9.8084,101.0356,-88.2866,102.8465,26.3168,-0.1355,0.1055
1779988773012,2,Pitching Mound.Drive,,Delivery,pitch.1,439137,0.0163,-0.2734,1.7932,0.7327,-2.7181,-2.4223,0.0,0.0
1779988773012,2,Pitching Mound.Parent,,Delivery,pitch.1,438181,9.0185,-10.0818,102.8287,-87.5539,100.1283,23.8945,-0.1332,0.1036
1779988773013,2,11.0000004b,Drive,Delivery,pitch.1,439138,0.0154,-0.3073,1.8312,0.7627,-2.8483,-2.43,0.0,0.0
1779988773013,2,12.00000015,Lower Delivery,Delivery,pitch.1,438865,12.1651,-7.0903,88.7803,-139.7598,102.3967,19.1678,-0.1535,-0.2096
1779988773013,2,12.00000018,Upper Delivery,Delivery,pitch.1,439721,-3.1971,-2.7977,12.6707,25.4577,0.505,12.3407,-0.0053,0.2675
1779988773013,2,Pitching Mound.Delivery,,Delivery,pitch.1,438562,8.9679,-9.888,101.451,-88.4248,102.9016,26.2853,-0.135,0.1051
1779988773013,2,Pitching Mound.Drive,,Delivery,pitch.1,439138,0.0154,-0.3073,1.8312,0.7627,-2.8483,-2.43,0.0,0.0
1779988773013,2,Pitching Mound.Parent,,Delivery,pitch.1,438182,8.9833,-10.1953,103.2822,-87.6621,100.0533,23.8553,-0.1326,0.1032
1779988773014,2,11.0000004b,Drive,Delivery,pitch.1,439139,0.0347,-0.2854,1.7725,0.7596,-2.71,-2.4317,0.0,0.0
1779988773014,2,12.00000015,Lower Delivery,Delivery,pitch.1,438866,12.1308,-7.0852,88.7737,-139.4078,102.2801,19.1496,-0.1534,-0.2091
1779988773014,2,12.00000018,Upper Delivery,Delivery,pitch.1,439722,-3.193,-2.7844,12.7924,25.5271,0.4864,12.3283,-0.0051,0.2657
1779988773014,2,Pitching Mound.Delivery,,Delivery,pitch.1,438563,8.9378,-9.8696,101.566,-88.0471,102.7664,26.2678,-0.1347,0.1051
1779988773014,2,Pitching Mound.Drive,,Delivery,pitch.1,439139,0.0347,-0.2854,1.7725,0.7596,-2.71,-2.4317,0.0,0.0
1779988773014,2,Pitching Mound.Parent,,Delivery,pitch.1,438183,8.9725,-10.155,103.3385,-87.2874,100.0564,23.8361,-0.1324,0.1033
1779988773015,2,11.0000004b,Drive,Delivery,pitch.1,439140,0.0272,-0.3085,1.7746,0.7802,-2.763,-2.4476,0.0,0.0
1779988773015,2,12.00000015,Lower Delivery,Delivery,pitch.1,438867,12.1128,-7.0548,89.0491,-139.4039,102.4374,19.1519,-0.1531,-0.2084
1779988773015,2,12.00000018,Upper Delivery,Delivery,pitch.1,439723,-3.1964,-2.7888,12.767,25.4297,0.525,12.3051,-0.0055,0.2652
1779988773015,2,Pitching Mound.Delivery,,Delivery,pitch.1,438564,8.9164,-9.8435,101.8161,-88.0383,102.9624,26.2519,-0.1346,0.1057
1779988773015,2,Pitching Mound.Drive,,Delivery,pitch.1,439140,0.0272,-0.3085,1.7746,0.7802,-2.763,-2.4476,0.0,0.0
1779988773015,2,Pitching Mound.Parent,,Delivery,pitch.1,438184,8.9436,-10.152,103.5907,-87.2581,100.1994,23.8042,-0.1323,0.1039
1779988773016,2,11.0000004b,Drive,Delivery,pitch.1,439141,0.0168,-0.2993,1.8154,0.7803,-2.6826,-2.4504,0.0,0.0
1779988773016,2,12.00000015,Lower Delivery,Delivery,pitch.1,438868,12.1138,-7.0387,88.9927,-139.6543,102.6302,19.0682,-0.1535,-0.2089
1779988773016,2,12.00000018,Upper Delivery,Delivery,pitch.1,439724,-3.1879,-2.7519,12.7051,25.3596,0.4863,12.2764,-0.0051,0.2657
1779988773016,2,Pitching Mound.Delivery,,Delivery,pitch.1,438565,8.9259,-9.7906,101.6978,-88.3569,103.1165,26.142,-0.135,0.1054
1779988773016,2,Pitching Mound.Drive,,Delivery,pitch.1,439141,0.0168,-0.2993,1.8154,0.7803,-2.6826,-2.4504,0.0,0.0
1779988773016,2,Pitching Mound.Parent,,Delivery,pitch.1,438185,8.9427,-10.0899,103.5131,-87.5766,100.4339,23.6916,-0.1326,0.1036
1779988773017,2,11.0000004b,Drive,Delivery,pitch.1,439142,0.022,-0.3039,1.7856,0.7542,-2.4791,-2.4551,0.0,0.0
1779988773017,2,12.00000015,Lower Delivery,Delivery,pitch.1,438869,12.1136,-7.0109,89.0073,-139.7533,102.8731,19.0475,-0.1539,-0.209
1779988773017,2,12.00000018,Upper Delivery,Delivery,pitch.1,439725,-3.2097,-2.7507,12.7149,25.5601,0.5677,12.2906,-0.0059,0.2676
1779988773017,2,Pitching Mound.Delivery,,Delivery,pitch.1,438566,8.9039,-9.7615,101.7221,-88.2537,103.4408,26.1282,-0.1354,0.1056
1779988773017,2,Pitching Mound.Drive,,Delivery,pitch.1,439142,0.022,-0.3039,1.7856,0.7542,-2.4791,-2.4551,0.0,0.0
1779988773017,2,Pitching Mound.Parent,,Delivery,pitch.1,438186,8.9259,-10.0654,103.5077,-87.4995,100.9617,23.6731,-0.133,0.1037
1779988773018,2,11.0000004b,Drive,Delivery,pitch.1,439143,-0.0127,-0.2967,1.8571,0.7585,-2.6496,-2.4626,0.0,0.0
1779988773018,2,12.00000015,Lower Delivery,Delivery,pitch.1,438870,12.0738,-6.9922,89.3137,-140.1571,103.0672,18.9912,-0.1536,-0.2089
1779988773018,2,12.00000018,Upper Delivery,Delivery,pitch.1,439726,-3.206,-2.7106,12.3567,25.2843,0.5631,12.2564,-0.0061,0.2724
1779988773018,2,Pitching Mound.Delivery,,Delivery,pitch.1,438567,8.8678,-9.7029,101.6704,-88.7074,103.6303,26.0525,-0.1357,0.1069
1779988773018,2,Pitching Mound.Drive,,Delivery,pitch.1,439143,-0.0127,-0.2967,1.8571,0.7585,-2.6496,-2.4626,0.0,0.0
1779988773018,2,Pitching Mound.Parent,,Delivery,pitch.1,438187,8.8551,-9.9996,103.5275,-87.9489,100.9807,23.5898,-0.1333,0.105
1779988773019,2,11.0000004b,Drive,Delivery,pitch.1,439144,0.0083,-0.2902,1.7475,0.7544,-2.5454,-2.4414,0.0,0.0
1779988773019,2,12.00000015,Lower Delivery,Delivery,pitch.1,438871,12.0763,-6.9678,89.5218,-140.5371,103.1572,18.8895,-0.1534,-0.209
1779988773019,2,12.00000018,Upper Delivery,Delivery,pitch.1,439727,-3.1878,-2.677,12.3148,25.3566,0.6412,12.2054,-0.0069,0.2741
1779988773019,2,Pitching Mound.Delivery,,Delivery,pitch.1,438568,8.8885,-9.6448,101.8366,-88.9301,103.7985,25.9051,-0.1357,0.1072
1779988773019,2,Pitching Mound.Drive,,Delivery,pitch.1,439144,0.0083,-0.2902,1.7475,0.7544,-2.5454,-2.4414,0.0,0.0
1779988773019,2,Pitching Mound.Parent,,Delivery,pitch.1,438188,8.8968,-9.935,103.5841,-88.1758,101.2531,23.4637,-0.1334,0.1054
1779988773020,2,11.0000004b,Drive,Delivery,pitch.1,439145,-0.0172,-0.2742,1.7336,0.7353,-2.4944,-2.4173,0.0,0.0
1779988773020,2,12.00000015,Lower Delivery,Delivery,pitch.1,438872,12.0714,-6.9737,89.64,-141.08,103.4354,18.8197,-0.1536,-0.2095
1779988773020,2,12.00000018,Upper Delivery,Delivery,pitch.1,439728,-3.1688,-2.6342,12.0391,25.2097,0.69,12.1832,-0.0076,0.2788
1779988773020,2,Pitching Mound.Delivery,,Delivery,pitch.1,438569,8.9027,-9.6079,101.6791,-89.486,104.1254,25.8212,-0.1363,0.1078
1779988773020,2,Pitching Mound.Drive,,Delivery,pitch.1,439145,-0.0172,-0.2742,1.7336,0.7353,-2.4944,-2.4173,0.0,0.0
1779988773020,2,Pitching Mound.Parent,,Delivery,pitch.1,438189,8.8855,-9.8821,103.4127,-88.7507,101.631,23.4038,-0.134,0.106
1779988773021,2,11.0000004b,Drive,Delivery,pitch.1,439146,-0.0248,-0.278,1.7796,0.7154,-2.4408,-2.3918,0.0,0.0
1779988773021,2,12.00000015,Lower Delivery,Delivery,pitch.1,438873,12.0336,-6.9378,89.655,-141.2835,103.4728,18.7434,-0.1536,-0.2098
1779988773021,2,12.00000018,Upper Delivery,Delivery,pitch.1,439729,-3.1756,-2.6003,12.2236,25.549,0.6692,12.156,-0.0073,0.2783
1779988773021,2,Pitching Mound.Delivery,,Delivery,pitch.1,438570,8.858,-9.5381,101.8786,-89.4078,104.142,25.7283,-0.1361,0.1072
1779988773021,2,Pitching Mound.Drive,,Delivery,pitch.1,439146,-0.0248,-0.278,1.7796,0.7154,-2.4408,-2.3918,0.0,0.0
1779988773021,2,Pitching Mound.Parent,,Delivery,pitch.1,438190,8.8332,-9.8161,103.6582,-88.6924,101.7012,23.3364,-0.1337,0.1053
1779988773022,2,11.0000004b,Drive,Delivery,pitch.1,439147,-0.0311,-0.2689,1.7563,0.7253,-2.374,-2.3791,0.0,0.0
1779988773022,2,12.00000015,Lower Delivery,Delivery,pitch.1,438874,12.0401,-6.9251,89.7153,-141.5888,103.7733,18.6913,-0.154,-0.2101
1779988773022,2,12.00000018,Upper Delivery,Delivery,pitch.1,439730,-3.1738,-2.5904,12.2284,25.6199,0.7124,12.1656,-0.0078,0.2789
1779988773022,2,Pitching Mound.Delivery,,Delivery,pitch.1,438571,8.8663,-9.5155,101.9436,-89.6234,104.4857,25.6842,-0.1364,0.107
1779988773022,2,Pitching Mound.Drive,,Delivery,pitch.1,439147,-0.0311,-0.2689,1.7563,0.7253,-2.374,-2.3791,0.0,0.0
1779988773022,2,Pitching Mound.Parent,,Delivery,pitch.1,438191,8.8352,-9.7844,103.6999,-88.898,102.1117,23.3051,-0.1341,0.1052
1779988773023,2,11.0000004b,Drive,Delivery,pitch.1,439148,-0.0379,-0.2395,1.7653,0.6869,-2.2771,-2.3726,0.0,0.0
1779988773023,2,12.00000015,Lower Delivery,Delivery,pitch.1,438875,12.0064,-6.9207,89.8629,-141.9067,103.6822,18.6408,-0.1536,-0.2102
1779988773023,2,12.00000018,Upper Delivery,Delivery,pitch.1,439731,-3.2026,-2.5724,12.151,25.7986,0.627,12.1439,-0.0069,0.2827
1779988773023,2,Pitching Mound.Delivery,,Delivery,pitch.1,438572,8.8038,-9.4932,102.0139,-89.686,104.3092,25.6136,-0.1361,0.1075
1779988773023,2,Pitching Mound.Drive,,Delivery,pitch.1,439148,-0.0379,-0.2395,1.7653,0.6869,-2.2771,-2.3726,0.0,0.0
1779988773023,2,Pitching Mound.Parent,,Delivery,pitch.1,438192,8.7659,-9.7326,103.7792,-88.9991,102.0321,23.241,-0.1338,0.1057
1779988773024,2,11.0000004b,Drive,Delivery,pitch.1,439149,-0.0517,-0.2368,1.791,0.6952,-2.3482,-2.3595,0.0,0.0
1779988773024,2,12.00000015,Lower Delivery,Delivery,pitch.1,438876,12.0061,-6.8965,89.9966,-141.9099,103.7229,18.5846,-0.1534,-0.2099
1779988773024,2,12.00000018,Upper Delivery,Delivery,pitch.1,439732,-3.1857,-2.5653,12.2259,26.0222,0.5829,12.151,-0.0063,0.2834
1779988773024,2,Pitching Mound.Delivery,,Delivery,pitch.1,438573,8.8204,-9.4618,102.2225,-89.4457,104.3058,25.5703,-0.1358,0.1077
1779988773024,2,Pitching Mound.Drive,,Delivery,pitch.1,439149,-0.0517,-0.2368,1.791,0.6952,-2.3482,-2.3595,0.0,0.0
1779988773024,2,Pitching Mound.Parent,,Delivery,pitch.1,438193,8.7687,-9.6986,104.0135,-88.7505,101.9576,23.2108,-0.1335,0.1059
1779988773025,2,11.0000004b,Drive,Delivery,pitch.1,439150,-0.0911,-0.2463,1.8745,0.6946,-2.3992,-2.3505,0.0,0.0
1779988773025,2,12.00000015,Lower Delivery,Delivery,pitch.1,438877,11.9927,-6.8768,90.0996,-142.0171,103.8887,18.5337,-0.1535,-0.2098
1779988773025,2,12.00000018,Upper Delivery,Delivery,pitch.1,439733,-3.1831,-2.6104,12.5199,26.3041,0.7525,12.1612,-0.008,0.2797
1779988773025,2,Pitching Mound.Delivery,,Delivery,pitch.1,438574,8.8097,-9.4871,102.6195,-89.3359,104.6412,25.5351,-0.1358,0.1069
1779988773025,2,Pitching Mound.Drive,,Delivery,pitch.1,439150,-0.0911,-0.2463,1.8745,0.6946,-2.3992,-2.3505,0.0,0.0
1779988773025,2,Pitching Mound.Parent,,Delivery,pitch.1,438194,8.7186,-9.7334,104.494,-88.6413,102.242,23.1846,-0.1333,0.105
1779988773026,2,11.0000004b,Drive,Delivery,pitch.1,439151,-0.0844,-0.2182,1.8566,0.6933,-2.4148,-2.3261,0.0,0.0
1779988773026,2,12.00000015,Lower Delivery,Delivery,pitch.1,438878,11.9855,-6.8355,90.2268,-142.2382,103.8545,18.5223,-0.1532,-0.2099
1779988773026,2,12.00000018,Upper Delivery,Delivery,pitch.1,439734,-3.1843,-2.5893,12.6678,26.3014,0.6946,12.1833,-0.0073,0.2764
1779988773026,2,Pitching Mound.Delivery,,Delivery,pitch.1,438575,8.8012,-9.4248,102.8945,-89.5668,104.5491,25.5479,-0.1353,0.1063
1779988773026,2,Pitching Mound.Drive,,Delivery,pitch.1,439151,-0.0844,-0.2182,1.8566,0.6933,-2.4148,-2.3261,0.0,0.0
1779988773026,2,Pitching Mound.Parent,,Delivery,pitch.1,438195,8.7168,-9.643,104.7512,-88.8735,102.1343,23.2218,-0.1329,0.1044
1779988773027,2,11.0000004b,Drive,Delivery,pitch.1,439152,-0.0873,-0.2114,1.8639,0.6953,-2.4283,-2.359,0.0,0.0
1779988773027,2,12.00000015,Lower Delivery,Delivery,pitch.1,438879,11.9501,-6.8391,90.2956,-142.1946,103.8045,18.4629,-0.153,-0.2096
1779988773027,2,12.00000018,Upper Delivery,Delivery,pitch.1,439735,-3.2011,-2.5799,12.927,26.3585,0.7506,12.1713,-0.0077,0.2715
1779988773027,2,Pitching Mound.Delivery,,Delivery,pitch.1,438576,8.749,-9.419,103.2226,-89.5307,104.5551,25.4827,-0.1348,0.1054
1779988773027,2,Pitching Mound.Drive,,Delivery,pitch.1,439152,-0.0873,-0.2114,1.8639,0.6953,-2.4283,-2.359,0.0,0.0
1779988773027,2,Pitching Mound.Parent,,Delivery,pitch.1,438196,8.6617,-9.6304,105.0865,-88.8354,102.1268,23.1237,-0.1325,0.1036
1779988773028,2,11.0000004b,Drive,Delivery,pitch.1,439153,-0.0736,-0.1801,1.8057,0.6712,-2.2435,-2.3032,0.0,0.0
1779988773028,2,12.00000015,Lower Delivery,Delivery,pitch.1,438880,11.9348,-6.8076,90.3504,-141.6849,103.6842,18.4164,-0.1528,-0.2088
1779988773028,2,12.00000018,Upper Delivery,Delivery,pitch.1,439736,-3.1663,-2.6057,12.8085,26.6219,0.8358,12.1632,-0.0087,0.2767
1779988773028,2,Pitching Mound.Delivery,,Delivery,pitch.1,438577,8.7685,-9.4133,103.1589,-88.6988,104.52,25.4451,-0.1349,0.1071
1779988773028,2,Pitching Mound.Drive,,Delivery,pitch.1,439153,-0.0736,-0.1801,1.8057,0.6712,-2.2435,-2.3032,0.0,0.0
1779988773028,2,Pitching Mound.Parent,,Delivery,pitch.1,438197,8.6949,-9.5935,104.9646,-88.0276,102.2765,23.1419,-0.1326,0.1052
1779988773029,2,11.0000004b,Drive,Delivery,pitch.1,439154,-0.0759,-0.1959,1.8854,0.708,-2.3407,-2.3277,0.0,0.0
1779988773029,2,12.00000015,Lower Delivery,Delivery,pitch.1,438881,11.9452,-6.7671,90.3652,-141.7167,103.8595,18.4277,-0.153,-0.2088
1779988773029,2,12.00000018,Upper Delivery,Delivery,pitch.1,439737,-3.1645,-2.6009,12.9675,26.5261,0.9341,12.1264,-0.0096,0.2723
1779988773029,2,Pitching Mound.Delivery,,Delivery,pitch.1,438578,8.7807,-9.368,103.3327,-88.8754,104.7936,25.4168,-0.135,0.1063
1779988773029,2,Pitching Mound.Drive,,Delivery,pitch.1,439154,-0.0759,-0.1959,1.8854,0.708,-2.3407,-2.3277,0.0,0.0
1779988773029,2,Pitching Mound.Parent,,Delivery,pitch.1,438198,8.7049,-9.5639,105.2181,-88.1674,102.4529,23.0891,-0.1326,0.1044
1779988773030,2,11.0000004b,Drive,Delivery,pitch.1,439155,-0.0833,-0.185,1.9717,0.6842,-2.289,-2.3364,0.0,0.0
1779988773030,2,12.00000015,Lower Delivery,Delivery,pitch.1,438882,11.9304,-6.7379,90.456,-141.7681,103.9654,18.402,-0.153,-0.2086
1779988773030,2,12.00000018,Upper Delivery,Delivery,pitch.1,439738,-3.1716,-2.6077,13.0376,26.6831,0.8411,12.1757,-0.0086,0.2725
1779988773030,2,Pitching Mound.Delivery,,Delivery,pitch.1,438579,8.7588,-9.3456,103.4936,-88.7628,104.8065,25.443,-0.1348,0.1063
1779988773030,2,Pitching Mound.Drive,,Delivery,pitch.1,439155,-0.0833,-0.185,1.9717,0.6842,-2.289,-2.3364,0.0,0.0
1779988773030,2,Pitching Mound.Parent,,Delivery,pitch.1,438199,8.6754,-9.5307,105.4653,-88.0785,102.5175,23.1066,-0.1323,0.1043
1779988773031,2,11.0000004b,Drive,Delivery,pitch.1,439156,-0.0562,-0.1854,1.9246,0.6776,-2.3386,-2.3454,0.0,0.0
1779988773031,2,11.0000004b,Drive,Delivery,pitch.1,439157,-0.0659,-0.1565,1.8818,0.6751,-2.2879,-2.333,0.0,0.0
1779988773031,2,12.00000015,Lower Delivery,Delivery,pitch.1,438883,11.9152,-6.7217,90.4692,-141.5194,103.8719,18.418,-0.1528,-0.2082
1779988773031,2,12.00000018,Upper Delivery,Delivery,pitch.1,439739,-3.1612,-2.6241,12.6683,27.102,0.9462,12.1891,-0.0099,0.2848
1779988773031,2,Pitching Mound.Delivery,,Delivery,pitch.1,438580,8.754,-9.3458,103.1375,-87.9652,104.8181,25.4811,-0.1353,0.1088
1779988773031,2,Pitching Mound.Drive,,Delivery,pitch.1,439156,-0.0562,-0.1854,1.9246,0.6776,-2.3386,-2.3454,0.0,0.0
1779988773031,2,Pitching Mound.Drive,,Delivery,pitch.1,439157,-0.0659,-0.1565,1.8818,0.6751,-2.2879,-2.333,0.0,0.0
1779988773031,2,Pitching Mound.Parent,,Delivery,pitch.1,438200,8.6977,-9.5312,105.0621,-87.2876,102.4795,23.1357,-0.1328,0.1068
1779988773032,2,11.0000004b,Drive,Delivery,pitch.1,439158,-0.0593,-0.1519,1.885,0.6562,-2.2554,-2.3122,0.0,0.0
1779988773032,2,12.00000015,Lower Delivery,Delivery,pitch.1,438884,11.8902,-6.6944,90.5539,-141.5091,103.9827,18.3846,-0.1529,-0.208
1779988773032,2,12.00000018,Upper Delivery,Delivery,pitch.1,439740,-3.1386,-2.6325,12.7494,27.2708,0.9295,12.2203,-0.0097,0.2848
1779988773032,2,Pitching Mound.Delivery,,Delivery,pitch.1,438581,8.7515,-9.3269,103.3034,-87.7847,104.9121,25.4952,-0.1352,0.1089
1779988773032,2,Pitching Mound.Drive,,Delivery,pitch.1,439158,-0.0593,-0.1519,1.885,0.6562,-2.2554,-2.3122,0.0,0.0
1779988773032,2,Pitching Mound.Parent,,Delivery,pitch.1,438201,8.6856,-9.4834,105.1851,-87.1096,102.6242,23.1622,-0.1328,0.1069
1779988773033,2,11.0000004b,Drive,Delivery,pitch.1,439159,-0.0385,-0.168,1.7944,0.6773,-2.2526,-2.3124,0.0,0.0
1779988773033,2,12.00000015,Lower Delivery,Delivery,pitch.1,438885,11.889,-6.6727,90.581,-141.8679,104.1154,18.4031,-0.153,-0.2085
1779988773033,2,12.00000018,Upper Delivery,Delivery,pitch.1,439741,-3.1125,-2.6256,12.84,27.2127,0.9084,12.1921,-0.0094,0.2821
1779988773033,2,Pitching Mound.Delivery,,Delivery,pitch.1,438582,8.7765,-9.2983,103.421,-88.2232,105.0238,25.4947,-0.1352,0.108
1779988773033,2,Pitching Mound.Drive,,Delivery,pitch.1,439159,-0.0385,-0.168,1.7944,0.6773,-2.2526,-2.3124,0.0,0.0
1779988773033,2,Pitching Mound.Parent,,Delivery,pitch.1,438202,8.7172,-9.4502,105.306,-87.5671,102.7684,23.1825,-0.1328,0.1061
1779988773034,2,11.0000004b,Drive,Delivery,pitch.1,439160,-0.0458,-0.1813,1.8364,0.6826,-2.4125,-2.2996,0.0,0.0
1779988773034,2,12.00000015,Lower Delivery,Delivery,pitch.1,438886,11.8704,-6.6341,90.6887,-141.8267,104.2873,18.3875,-0.1531,-0.2082
1779988773034,2,12.00000018,Upper Delivery,Delivery,pitch.1,439742,-3.1484,-2.6536,12.5996,27.532,0.9368,12.2098,-0.0099,0.2909
1779988773034,2,Pitching Mound.Delivery,,Delivery,pitch.1,438583,8.722,-9.2877,103.2882,-87.7444,105.224,25.4909,-0.1356,0.1097
1779988773034,2,Pitching Mound.Drive,,Delivery,pitch.1,439160,-0.0458,-0.1813,1.8364,0.6826,-2.4125,-2.2996,0.0,0.0
1779988773034,2,Pitching Mound.Parent,,Delivery,pitch.1,438203,8.6835,-9.4557,105.0827,-87.0672,102.9715,23.1785,-0.1333,0.1079
1779988773035,2,11.0000004b,Drive,Delivery,pitch.1,439161,-0.0447,-0.1881,1.8187,0.6914,-2.3102,-2.3199,0.0,0.0
1779988773035,2,12.00000015,Lower Delivery,Delivery,pitch.1,438887,11.8561,-6.6098,90.7441,-142.1662,104.4817,18.3762,-0.1533,-0.2086
1779988773035,2,12.00000018,Upper Delivery,Delivery,pitch.1,439743,-3.1472,-2.6444,12.6506,27.5847,0.9686,12.2166,-0.0102,0.2903
1779988773035,2,Pitching Mound.Delivery,,Delivery,pitch.1,438584,8.7089,-9.2542,103.3947,-88.0297,105.4503,25.4917,-0.1358,0.1093
1779988773035,2,Pitching Mound.Drive,,Delivery,pitch.1,439161,-0.0447,-0.1881,1.8187,0.6914,-2.3102,-2.3199,0.0,0.0
1779988773035,2,Pitching Mound.Parent,,Delivery,pitch.1,438204,8.6631,-9.4354,105.2312,-87.3471,103.0378,23.1922,-0.1334,0.1074
1779988773036,2,11.0000004b,Drive,Delivery,pitch.1,439162,-0.0184,-0.2205,1.7695,0.708,-2.3932,-2.3349,0.0,0.0
1779988773036,2,12.00000015,Lower Delivery,Delivery,pitch.1,438888,11.8249,-6.5992,90.7673,-142.0458,104.4835,18.3513,-0.1532,-0.2083
1779988773036,2,12.00000018,Upper Delivery,Delivery,pitch.1,439744,-3.1623,-2.633,12.4064,27.7176,0.8941,12.1834,-0.0096,0.2974
1779988773036,2,Pitching Mound.Delivery,,Delivery,pitch.1,438585,8.6626,-9.2322,103.1737,-87.6855,105.3776,25.4391,-0.136,0.1107
1779988773036,2,Pitching Mound.Drive,,Delivery,pitch.1,439162,-0.0184,-0.2205,1.7695,0.708,-2.3932,-2.3349,0.0,0.0
1779988773036,2,Pitching Mound.Parent,,Delivery,pitch.1,438205,8.6179,-9.4203,104.9925,-86.9942,103.0674,23.1192,-0.1336,0.1088
1779988773037,2,11.0000004b,Drive,Delivery,pitch.1,439163,-0.0009,-0.2386,1.708,0.6945,-2.3633,-2.3315,0.0,0.0
1779988773037,2,12.00000015,Lower Delivery,Delivery,pitch.1,438889,11.8229,-6.5825,90.8081,-142.1517,104.5246,18.3461,-0.1532,-0.2084
1779988773037,2,12.00000018,Upper Delivery,Delivery,pitch.1,439745,-3.1673,-2.6677,12.051,27.6763,0.9354,12.141,-0.0103,0.3057
1779988773037,2,Pitching Mound.Delivery,,Delivery,pitch.1,438586,8.6556,-9.2502,102.8591,-87.698,105.46,25.3904,-0.1365,0.1122
1779988773037,2,Pitching Mound.Drive,,Delivery,pitch.1,439163,-0.0009,-0.2386,1.708,0.6945,-2.3633,-2.3315,0.0,0.0
1779988773037,2,Pitching Mound.Parent,,Delivery,pitch.1,438206,8.6372,-9.4707,104.6287,-86.99,103.0669,23.0555,-0.1342,0.1103
1779988773038,2,11.0000004b,Drive,Delivery,pitch.1,439164,-0.0227,-0.259,1.7543,0.7124,-2.475,-2.3469,0.0,0.0
1779988773038,2,12.00000015,Lower Delivery,Delivery,pitch.1,438890,11.808,-6.578,90.9362,-142.461,104.8412,18.361,-0.1535,-0.2086
1779988773038,2,12.00000018,Upper Delivery,Delivery,pitch.1,439746,-3.1943,-2.6543,12.1984,27.721,0.716,12.1177,-0.0078,0.3025
1779988773038,2,Pitching Mound.Delivery,,Delivery,pitch.1,438587,8.6137,-9.2323,103.1346,-87.9691,105.5572,25.3779,-0.1363,0.1115
1779988773038,2,Pitching Mound.Drive,,Delivery,pitch.1,439164,-0.0227,-0.259,1.7543,0.7124,-2.475,-2.3469,0.0,0.0
1779988773038,2,Pitching Mound.Parent,,Delivery,pitch.1,438207,8.6128,-9.4709,104.8426,-87.2746,103.1939,23.0464,-0.134,0.1096
1779988773039,2,11.0000004b,Drive,Delivery,pitch.1,439165,-0.0195,-0.2526,1.7576,0.6998,-2.4643,-2.3445,0.0,0.0
1779988773039,2,12.00000015,Lower Delivery,Delivery,pitch.1,438891,11.8036,-6.5707,91.0685,-142.8453,104.9618,18.3285,-0.1534,-0.2088
1779988773039,2,12.00000018,Upper Delivery,Delivery,pitch.1,439747,-3.185,-2.6215,11.9838,27.566,0.6607,12.0697,-0.0073,0.3062
1779988773039,2,Pitching Mound.Delivery,,Delivery,pitch.1,438588,8.6186,-9.1922,103.0524,-88.3905,105.6225,25.3021,-0.1364,0.112
1779988773039,2,Pitching Mound.Drive,,Delivery,pitch.1,439165,-0.0195,-0.2526,1.7576,0.6998,-2.4643,-2.3445,0.0,0.0
1779988773039,2,Pitching Mound.Parent,,Delivery,pitch.1,438208,8.5959,-9.4512,104.8066,-87.6781,103.1475,22.9552,-0.1342,0.1101
1779988773040,2,11.0000004b,Drive,Delivery,pitch.1,439166,-0.015,-0.266,1.7269,0.7114,-2.4692,-2.3598,0.0,0.0
1779988773040,2,12.00000015,Lower Delivery,Delivery,pitch.1,438892,11.8116,-6.5568,91.1885,-143.0539,104.946,18.3074,-0.1532,-0.2088
1779988773040,2,12.00000018,Upper Delivery,Delivery,pitch.1,439748,-3.171,-2.5968,11.7458,27.7361,0.5457,12.0434,-0.0062,0.3144
1779988773040,2,Pitching Mound.Delivery,,Delivery,pitch.1,438589,8.6406,-9.1536,102.9343,-88.3074,105.4917,25.2568,-0.1364,0.1133
1779988773040,2,Pitching Mound.Drive,,Delivery,pitch.1,439166,-0.015,-0.266,1.7269,0.7114,-2.4692,-2.3598,0.0,0.0
1779988773040,2,Pitching Mound.Parent,,Delivery,pitch.1,438209,8.6211,-9.4062,104.6919,-87.6075,103.0274,22.9123,-0.1341,0.1114
1779988773041,2,11.0000004b,Drive,Delivery,pitch.1,439167,-0.0103,-0.2793,1.7907,0.7356,-2.5952,-2.3843,0.0,0.0
1779988773041,2,12.00000015,Lower Delivery,Delivery,pitch.1,438893,11.814,-6.5483,91.2436,-143.2684,105.2659,18.3173,-0.1536,-0.209
1779988773041,2,12.00000018,Upper Delivery,Delivery,pitch.1,439749,-3.1973,-2.6285,11.6497,27.6022,0.6094,12.0206,-0.007,0.3154
1779988773041,2,Pitching Mound.Delivery,,Delivery,pitch.1,438590,8.6166,-9.1767,102.8932,-88.6042,105.8753,25.234,-0.137,0.1134
1779988773041,2,Pitching Mound.Drive,,Delivery,pitch.1,439167,-0.0103,-0.2793,1.7907,0.7356,-2.5952,-2.3843,0.0,0.0
1779988773041,2,Pitching Mound.Parent,,Delivery,pitch.1,438210,8.6017,-9.4427,104.6202,-87.8928,103.406,22.8742,-0.1347,0.1115
1779988773042,2,11.0000004b,Drive,Delivery,pitch.1,439168,-0.0114,-0.2986,1.8214,0.7341,-2.6179,-2.3947,0.0,0.0
1779988773042,2,12.00000015,Lower Delivery,Delivery,pitch.1,438894,11.819,-6.5398,91.3313,-143.2936,105.7472,18.3273,-0.1541,-0.2089
1779988773042,2,12.00000018,Upper Delivery,Delivery,pitch.1,439750,-3.1804,-2.601,11.4462,27.7668,0.7383,12.0171,-0.0086,0.3229
1779988773042,2,Pitching Mound.Delivery,,Delivery,pitch.1,438591,8.6386,-9.1408,102.7775,-88.3658,106.4856,25.2446,-0.1379,0.1146
1779988773042,2,Pitching Mound.Drive,,Delivery,pitch.1,439168,-0.0114,-0.2986,1.8214,0.7341,-2.6179,-2.3947,0.0,0.0
1779988773042,2,Pitching Mound.Parent,,Delivery,pitch.1,438211,8.6283,-9.4201,104.5682,-87.6302,103.8904,22.8603,-0.1356,0.1127
1779988773043,2,11.0000004b,Drive,Delivery,pitch.1,439169,0.0011,-0.3117,1.8373,0.7585,-2.7152,-2.4165,0.0,0.0
1779988773043,2,12.00000015,Lower Delivery,Delivery,pitch.1,438895,11.8076,-6.555,91.412,-143.6559,105.4859,18.3524,-0.1536,-0.2092
1779988773043,2,12.00000018,Upper Delivery,Delivery,pitch.1,439751,-3.1537,-2.6012,11.3212,27.5054,0.7385,11.9181,-0.0087,0.3234
1779988773043,2,Pitching Mound.Delivery,,Delivery,pitch.1,438592,8.6539,-9.1563,102.7332,-88.9197,106.2244,25.1837,-0.1377,0.1145
1779988773043,2,Pitching Mound.Drive,,Delivery,pitch.1,439169,0.0011,-0.3117,1.8373,0.7585,-2.7152,-2.4165,0.0,0.0
1779988773043,2,Pitching Mound.Parent,,Delivery,pitch.1,438212,8.6425,-9.4549,104.5546,-88.1856,103.6064,22.789,-0.1353,0.1126
1779988773044,2,11.0000004b,Drive,Delivery,pitch.1,439170,-0.006,-0.2853,1.8346,0.7593,-2.628,-2.441,0.0,0.0
1779988773044,2,12.00000015,Lower Delivery,Delivery,pitch.1,438896,11.8034,-6.5593,91.5164,-143.8172,105.4416,18.3814,-0.1534,-0.2092
1779988773044,2,12.00000018,Upper Delivery,Delivery,pitch.1,439752,-3.1412,-2.5852,11.5208,27.6924,0.7427,11.9469,-0.0086,0.32
1779988773044,2,12.00000018,Upper Delivery,Delivery,pitch.1,439753,-3.1164,-2.5714,11.6243,27.7728,0.7293,11.911,-0.0084,0.3181
1779988773044,2,Pitching Mound.Delivery,,Delivery,pitch.1,438593,8.6622,-9.1445,103.0372,-88.9262,106.1844,25.2471,-0.1372,0.1139
1779988773044,2,Pitching Mound.Drive,,Delivery,pitch.1,439170,-0.006,-0.2853,1.8346,0.7593,-2.628,-2.441,0.0,0.0
1779988773044,2,Pitching Mound.Parent,,Delivery,pitch.1,438213,8.6633,-9.4562,104.8745,-88.1677,103.4692,22.8306,-0.1348,0.1119
1779988773045,2,11.0000004b,Drive,Delivery,pitch.1,439171,-0.0357,-0.2758,1.8922,0.7623,-2.6332,-2.4716,0.0,0.0
1779988773045,2,12.00000015,Lower Delivery,Delivery,pitch.1,438897,11.828,-6.5864,91.6184,-143.8938,105.6522,18.3959,-0.1535,-0.2091
1779988773045,2,Pitching Mound.Delivery,,Delivery,pitch.1,438594,8.7116,-9.1577,103.2427,-88.923,106.3815,25.2258,-0.1372,0.1137
1779988773045,2,Pitching Mound.Drive,,Delivery,pitch.1,439171,-0.0357,-0.2758,1.8922,0.7623,-2.6332,-2.4716,0.0,0.0
1779988773045,2,Pitching Mound.Parent,,Delivery,pitch.1,438214,8.7056,-9.443,105.0773,-88.1637,103.7535,22.7848,-0.1348,0.1117
1779988773046,2,11.0000004b,Drive,Delivery,pitch.1,439172,-0.0139,-0.2848,1.8782,0.764,-2.7443,-2.4596,0.0,0.0
1779988773046,2,12.00000015,Lower Delivery,Delivery,pitch.1,438898,11.8149,-6.5855,91.7372,-144.0906,105.74,18.4264,-0.1534,-0.2091
1779988773046,2,12.00000018,Upper Delivery,Delivery,pitch.1,439754,-3.1064,-2.5527,11.585,27.8973,0.7456,11.9086,-0.0086,0.3206
1779988773046,2,12.00000018,Upper Delivery,Delivery,pitch.1,439755,-3.0829,-2.5425,12.0231,27.8156,0.6019,11.9282,-0.0067,0.308
1779988773046,2,Pitching Mound.Delivery,,Delivery,pitch.1,438595,8.7085,-9.1382,103.3222,-88.9415,106.4856,25.2617,-0.1372,0.114
1779988773046,2,Pitching Mound.Drive,,Delivery,pitch.1,439172,-0.0139,-0.2848,1.8782,0.764,-2.7443,-2.4596,0.0,0.0
1779988773046,2,Pitching Mound.Parent,,Delivery,pitch.1,438215,8.6727,-9.4141,105.2144,-88.1792,103.8524,22.7901,-0.1347,0.112
1779988773047,2,11.0000004b,Drive,Delivery,pitch.1,439173,-0.0534,-0.2672,1.9513,0.7527,-2.6441,-2.4451,0.0,0.0
1779988773047,2,12.00000015,Lower Delivery,Delivery,pitch.1,438899,11.8373,-6.5873,91.8895,-144.4299,106.1681,18.4984,-0.1538,-0.2092
1779988773047,2,12.00000018,Upper Delivery,Delivery,pitch.1,439756,-3.0785,-2.5403,11.6139,28.3437,0.6698,11.9031,-0.0077,0.3249
1779988773047,2,Pitching Mound.Delivery,,Delivery,pitch.1,438596,8.7544,-9.1298,103.9126,-89.4597,106.7699,25.3537,-0.1368,0.1119
1779988773047,2,Pitching Mound.Drive,,Delivery,pitch.1,439173,-0.0534,-0.2672,1.9513,0.7527,-2.6441,-2.4451,0.0,0.0
1779988773047,2,Pitching Mound.Parent,,Delivery,pitch.1,438216,8.7405,-9.4146,105.7908,-88.6957,104.0256,22.8941,-0.1344,0.1099
1779988773048,2,11.0000004b,Drive,Delivery,pitch.1,439174,-0.0466,-0.2502,1.9786,0.7485,-2.4832,-2.4531,0.0,0.0
1779988773048,2,12.00000015,Lower Delivery,Delivery,pitch.1,438900,11.8353,-6.6011,92.0208,-144.8195,106.2956,18.5444,-0.1538,-0.2095
1779988773048,2,12.00000015,Lower Delivery,Delivery,pitch.1,438901,11.8685,-6.6081,92.1664,-144.9565,106.5842,18.625,-0.154,-0.2094
1779988773048,2,Pitching Mound.Delivery,,Delivery,pitch.1,438597,8.7568,-9.1414,103.6347,-89.1375,106.9654,25.3768,-0.1374,0.1142
1779988773048,2,Pitching Mound.Drive,,Delivery,pitch.1,439174,-0.0466,-0.2502,1.9786,0.7485,-2.4832,-2.4531,0.0,0.0
1779988773048,2,Pitching Mound.Parent,,Delivery,pitch.1,438217,8.7034,-9.4086,105.586,-88.3848,104.3213,22.9317,-0.1349,0.1121
1779988773049,2,11.0000004b,Drive,Delivery,pitch.1,439175,-0.0455,-0.2563,1.9659,0.7415,-2.4937,-2.4527,0.0,0.0
1779988773049,2,12.00000015,Lower Delivery,Delivery,pitch.1,438902,11.8672,-6.6158,92.3545,-145.2803,106.9217,18.656,-0.1541,-0.2094
1779988773049,2,12.00000018,Upper Delivery,Delivery,pitch.1,439757,-3.0617,-2.5057,11.7071,28.652,0.7017,11.8397,-0.008,0.3258
1779988773049,2,12.00000018,Upper Delivery,Delivery,pitch.1,439758,-3.0797,-2.5256,11.7883,29.0876,0.7404,11.7752,-0.0084,0.327
1779988773049,2,Pitching Mound.Delivery,,Delivery,pitch.1,438598,8.8068,-9.1138,103.8735,-88.9483,107.2859,25.3884,-0.1375,0.1143
1779988773049,2,Pitching Mound.Delivery,,Delivery,pitch.1,438599,8.7875,-9.1413,104.1428,-88.8002,107.6621,25.3493,-0.1376,0.1143
1779988773049,2,Pitching Mound.Drive,,Delivery,pitch.1,439175,-0.0455,-0.2563,1.9659,0.7415,-2.4937,-2.4527,0.0,0.0
1779988773049,2,Pitching Mound.Parent,,Delivery,pitch.1,438218,8.7601,-9.364,105.8521,-88.1998,104.8026,22.9353,-0.1349,0.1122
1779988773049,2,Pitching Mound.Parent,,Delivery,pitch.1,438219,8.742,-9.3976,106.1087,-88.0587,105.1684,22.8965,-0.1351,0.1122
1779988773050,2,11.0000004b,Drive,Delivery,pitch.1,439176,-0.0483,-0.2489,1.9026,0.7185,-2.3528,-2.4205,0.0,0.0
1779988773050,2,12.00000015,Lower Delivery,Delivery,pitch.1,438903,11.8711,-6.6315,92.4505,-145.6721,107.0162,18.673,-0.1541,-0.2098
1779988773050,2,12.00000018,Upper Delivery,Delivery,pitch.1,439759,-3.0546,-2.5311,11.9826,29.1437,0.7628,11.7172,-0.0085,0.3238
1779988773050,2,Pitching Mound.Delivery,,Delivery,pitch.1,438600,8.8165,-9.1625,104.4331,-89.1693,107.779,25.3155,-0.1374,0.1134
1779988773050,2,Pitching Mound.Drive,,Delivery,pitch.1,439176,-0.0483,-0.2489,1.9026,0.7185,-2.3528,-2.4205,0.0,0.0
1779988773050,2,Pitching Mound.Parent,,Delivery,pitch.1,438220,8.7683,-9.4114,106.3357,-88.4508,105.4262,22.895,-0.1349,0.1114
1779988773051,2,11.0000004b,Drive,Delivery,pitch.1,439177,-0.0565,-0.2443,1.9623,0.703,-2.4016,-2.4017,0.0,0.0
1779988773051,2,12.00000018,Upper Delivery,Delivery,pitch.1,439760,-3.038,-2.4843,11.9671,29.3509,0.7212,11.7042,-0.008,0.3265
1779988773051,2,Pitching Mound.Drive,,Delivery,pitch.1,439177,-0.0565,-0.2443,1.9623,0.703,-2.4016,-2.4017,0.0,0.0
1779988773052,2,11.0000004b,Drive,Delivery,pitch.1,439178,-0.0559,-0.2439,1.8239,0.7009,-2.3591,-2.3888,0.0,0.0
1779988773052,2,12.00000015,Lower Delivery,Delivery,pitch.1,438904,11.8784,-6.6395,92.7309,-145.9909,107.1529,18.6949,-0.1538,-0.2096
1779988773052,2,12.00000018,Upper Delivery,Delivery,pitch.1,439761,-3.0245,-2.4882,11.8988,29.5512,0.8377,11.6795,-0.0094,0.327
1779988773052,2,Pitching Mound.Delivery,,Delivery,pitch.1,438601,8.8404,-9.1238,104.698,-89.1803,107.8741,25.3275,-0.1372,0.114
1779988773052,2,Pitching Mound.Drive,,Delivery,pitch.1,439178,-0.0559,-0.2439,1.8239,0.7009,-2.3591,-2.3888,0.0,0.0
1779988773052,2,Pitching Mound.Parent,,Delivery,pitch.1,438221,8.7839,-9.3681,106.6603,-88.4773,105.4725,22.9259,-0.1346,0.1119
1779988773053,2,11.0000004b,Drive,Delivery,pitch.1,439179,-0.0731,-0.2404,1.9264,0.661,-2.2964,-2.3751,0.0,0.0
1779988773053,2,12.00000015,Lower Delivery,Delivery,pitch.1,438905,11.9127,-6.6464,92.882,-146.4207,107.2255,18.766,-0.1537,-0.2099
1779988773053,2,12.00000015,Lower Delivery,Delivery,pitch.1,438906,11.9163,-6.661,93.0862,-146.8815,107.6183,18.7789,-0.1539,-0.2101
1779988773053,2,12.00000018,Upper Delivery,Delivery,pitch.1,439762,-3.0315,-2.4676,12.0272,29.6683,0.8527,11.614,-0.0094,0.327
1779988773053,2,Pitching Mound.Delivery,,Delivery,pitch.1,438602,8.8881,-9.1346,104.7808,-89.3353,108.0631,25.3668,-0.1373,0.1139
1779988773053,2,Pitching Mound.Delivery,,Delivery,pitch.1,438603,8.8847,-9.1285,105.1134,-89.6532,108.4709,25.3107,-0.1374,0.1136
1779988773053,2,Pitching Mound.Drive,,Delivery,pitch.1,439179,-0.0731,-0.2404,1.9264,0.661,-2.2964,-2.3751,0.0,0.0
1779988773053,2,Pitching Mound.Parent,,Delivery,pitch.1,438222,8.8322,-9.3785,106.6047,-88.6344,105.704,22.978,-0.1349,0.1119
1779988773053,2,Pitching Mound.Parent,,Delivery,pitch.1,438223,8.8117,-9.3689,107.0398,-88.9922,106.1746,22.9356,-0.1349,0.1115
1779988773054,2,11.0000004b,Drive,Delivery,pitch.1,439180,-0.0503,-0.2287,1.8431,0.6778,-2.3181,-2.3586,0.0,0.0
1779988773054,2,12.00000015,Lower Delivery,Delivery,pitch.1,438907,11.9391,-6.6827,93.2228,-147.3014,107.9593,18.8317,-0.1542,-0.2104
1779988773054,2,Pitching Mound.Drive,,Delivery,pitch.1,439180,-0.0503,-0.2287,1.8431,0.6778,-2.3181,-2.3586,0.0,0.0
1779988773055,2,11.0000004b,Drive,Delivery,pitch.1,439181,-0.0567,-0.2559,1.7775,0.6643,-2.2678,-2.3395,0.0,0.0
1779988773055,2,12.00000015,Lower Delivery,Delivery,pitch.1,438908,11.9347,-6.6637,93.3863,-147.4938,108.4263,18.8539,-0.1546,-0.2103
1779988773055,2,12.00000018,Upper Delivery,Delivery,pitch.1,439763,-3.0049,-2.4106,12.2451,29.7978,0.8505,11.5841,-0.0092,0.324
1779988773055,2,Pitching Mound.Delivery,,Delivery,pitch.1,438604,8.9343,-9.0933,105.4679,-89.9711,108.8098,25.3348,-0.1373,0.1127
1779988773055,2,Pitching Mound.Drive,,Delivery,pitch.1,439181,-0.0567,-0.2559,1.7775,0.6643,-2.2678,-2.3395,0.0,0.0
1779988773055,2,Pitching Mound.Parent,,Delivery,pitch.1,438224,8.8839,-9.322,107.311,-89.2934,106.4916,22.9762,-0.135,0.1108
1779988773056,2,11.0000004b,Drive,Delivery,pitch.1,439182,-0.0523,-0.2627,1.7619,0.6708,-2.2504,-2.34,0.0,0.0
1779988773056,2,12.00000015,Lower Delivery,Delivery,pitch.1,438909,11.9507,-6.694,93.6427,-147.6978,108.5421,18.8824,-0.1543,-0.21
1779988773056,2,12.00000018,Upper Delivery,Delivery,pitch.1,439764,-3.0128,-2.3684,12.1027,29.9527,0.8799,11.5401,-0.0097,0.327
1779988773056,2,12.00000018,Upper Delivery,Delivery,pitch.1,439765,-3.0154,-2.3688,12.152,30.0404,0.9674,11.4805,-0.0106,0.327
1779988773056,2,Pitching Mound.Delivery,,Delivery,pitch.1,438606,8.9353,-9.0629,105.7947,-89.9505,109.5095,25.2744,-0.1378,0.1136
1779988773056,2,Pitching Mound.Delivery,,Delivery,pitch.1,438605,8.9219,-9.0321,105.4889,-89.9047,109.3062,25.3118,-0.1379,0.1134
1779988773056,2,Pitching Mound.Drive,,Delivery,pitch.1,439182,-0.0523,-0.2627,1.7619,0.6708,-2.2504,-2.34,0.0,0.0
1779988773056,2,Pitching Mound.Parent,,Delivery,pitch.1,438226,8.8831,-9.3256,107.5566,-89.2797,107.2591,22.9344,-0.1355,0.1117
1779988773056,2,Pitching Mound.Parent,,Delivery,pitch.1,438225,8.8652,-9.2881,107.2664,-89.2405,107.0384,22.9723,-0.1357,0.1115
1779988773057,2,11.0000004b,Drive,Delivery,pitch.1,439183,-0.0429,-0.2837,1.7532,0.706,-2.3802,-2.3086,0.0,0.0
1779988773057,2,12.00000015,Lower Delivery,Delivery,pitch.1,438910,11.9728,-6.6601,93.8509,-147.7774,108.6164,18.8464,-0.1541,-0.2096
1779988773057,2,Pitching Mound.Drive,,Delivery,pitch.1,439183,-0.0429,-0.2837,1.7532,0.706,-2.3802,-2.3086,0.0,0.0
1779988773058,2,11.0000004b,Drive,Delivery,pitch.1,439184,-0.01,-0.2854,1.6829,0.7029,-2.4777,-2.3506,0.0,0.0
1779988773058,2,12.00000015,Lower Delivery,Delivery,pitch.1,438911,11.9785,-6.6662,93.9695,-147.9807,108.7759,18.8829,-0.1541,-0.2096
1779988773058,2,12.00000018,Upper Delivery,Delivery,pitch.1,439766,-3.0141,-2.3505,12.1326,30.0832,1.0219,11.497,-0.0112,0.327
1779988773058,2,12.00000018,Upper Delivery,Delivery,pitch.1,439767,-3.0167,-2.3073,12.1382,30.1681,1.0064,11.4851,-0.011,0.327
1779988773058,2,Pitching Mound.Delivery,,Delivery,pitch.1,438607,8.9587,-9.0107,105.9834,-89.91,109.6383,25.2479,-0.1377,0.114
1779988773058,2,Pitching Mound.Delivery,,Delivery,pitch.1,438608,8.9618,-8.9735,106.1077,-89.99,109.7824,25.2696,-0.1377,0.114
1779988773058,2,Pitching Mound.Drive,,Delivery,pitch.1,439184,-0.01,-0.2854,1.6829,0.7029,-2.4777,-2.3506,0.0,0.0
1779988773058,2,Pitching Mound.Parent,,Delivery,pitch.1,438227,8.9158,-9.2944,107.7366,-89.204,107.2582,22.9393,-0.1355,0.1121
1779988773058,2,Pitching Mound.Parent,,Delivery,pitch.1,438228,8.9519,-9.2589,107.7905,-89.2871,107.3047,22.9191,-0.1356,0.1122
1779988773059,2,11.0000004b,Drive,Delivery,pitch.1,439185,-0.0051,-0.3245,1.6967,0.7435,-2.7295,-2.3435,0.0,0.0
1779988773059,2,12.00000015,Lower Delivery,Delivery,pitch.1,438912,11.9872,-6.6479,94.2264,-148.0249,108.9259,18.8428,-0.1539,-0.2091
1779988773059,2,Pitching Mound.Drive,,Delivery,pitch.1,439185,-0.0051,-0.3245,1.6967,0.7435,-2.7295,-2.3435,0.0,0.0
1779988773060,2,11.0000004b,Drive,Delivery,pitch.1,439186,0.008,-0.3347,1.7353,0.7524,-2.7809,-2.3264,0.0,0.0
1779988773060,2,12.00000015,Lower Delivery,Delivery,pitch.1,438913,12.0127,-6.587,94.3412,-148.0738,109.3384,18.8868,-0.1543,-0.209
1779988773060,2,12.00000018,Upper Delivery,Delivery,pitch.1,439768,-2.999,-2.2838,12.0901,30.05,0.9967,11.4388,-0.011,0.327
1779988773060,2,12.00000018,Upper Delivery,Delivery,pitch.1,439769,-2.9932,-2.2448,12.1829,30.0555,0.8948,11.4161,-0.0098,0.327
1779988773060,2,Pitching Mound.Delivery,,Delivery,pitch.1,438609,8.9883,-8.9317,106.3165,-90.0486,109.9226,25.1863,-0.1376,0.1145
1779988773060,2,Pitching Mound.Delivery,,Delivery,pitch.1,438610,9.0195,-8.8318,106.5241,-90.0845,110.2332,25.2009,-0.1378,0.1146
1779988773060,2,Pitching Mound.Drive,,Delivery,pitch.1,439186,0.008,-0.3347,1.7353,0.7524,-2.7809,-2.3264,0.0,0.0
1779988773060,2,Pitching Mound.Parent,,Delivery,pitch.1,438229,8.9832,-9.2562,108.0132,-89.3052,107.1931,22.8428,-0.1355,0.1127
1779988773060,2,Pitching Mound.Parent,,Delivery,pitch.1,438230,9.0275,-9.1665,108.2594,-89.332,107.4523,22.8744,-0.1356,0.1127
1779988773061,2,11.0000004b,Drive,Delivery,pitch.1,439187,-0.0079,-0.3399,1.8005,0.741,-2.743,-2.2983,0.0,0.0
1779988773061,2,12.00000015,Lower Delivery,Delivery,pitch.1,438914,11.9837,-6.5628,94.5862,-148.414,109.4857,18.9004,-0.1541,-0.2089
1779988773061,2,12.00000018,Upper Delivery,Delivery,pitch.1,439770,-3.0154,-2.2204,12.1763,30.3422,1.02,11.4133,-0.0112,0.327
1779988773061,2,Pitching Mound.Delivery,,Delivery,pitch.1,438611,8.9683,-8.7832,106.7625,-90.0524,110.5057,25.214,-0.1378,0.1147
1779988773061,2,Pitching Mound.Drive,,Delivery,pitch.1,439187,-0.0079,-0.3399,1.8005,0.741,-2.743,-2.2983,0.0,0.0
1779988773061,2,Pitching Mound.Parent,,Delivery,pitch.1,438231,8.9604,-9.1231,108.563,-89.3114,107.7626,22.9157,-0.1355,0.1128
1779988773062,2,11.0000004b,Drive,Delivery,pitch.1,439188,0.0036,-0.3359,1.7753,0.7363,-2.6714,-2.3045,0.0,0.0
1779988773062,2,12.00000015,Lower Delivery,Delivery,pitch.1,438915,11.9971,-6.5363,94.7034,-148.907,109.7267,18.8704,-0.1542,-0.2093
1779988773062,2,Pitching Mound.Drive,,Delivery,pitch.1,439188,0.0036,-0.3359,1.7753,0.7363,-2.6714,-2.3045,0.0,0.0
1779988773063,2,11.0000004b,Drive,Delivery,pitch.1,439189,-0.002,-0.3307,1.8433,0.754,-2.9465,-2.3423,0.0,0.0
1779988773063,2,12.00000015,Lower Delivery,Delivery,pitch.1,438916,12.0034,-6.5058,94.9221,-149.0714,109.8965,18.8428,-0.1541,-0.2091
1779988773063,2,12.00000018,Upper Delivery,Delivery,pitch.1,439771,-3.0353,-2.2177,12.4194,30.4264,1.0509,11.3893,-0.0113,0.3262
1779988773063,2,12.00000018,Upper Delivery,Delivery,pitch.1,439772,-3.0295,-2.1846,12.1929,30.2148,0.9906,11.3865,-0.0108,0.327
1779988773063,2,Pitching Mound.Delivery,,Delivery,pitch.1,438612,8.9618,-8.754,107.1228,-90.504,110.7776,25.1487,-0.1377,0.1139
1779988773063,2,Pitching Mound.Delivery,,Delivery,pitch.1,438613,8.9739,-8.6904,107.1151,-90.7287,110.8871,25.1181,-0.1378,0.1145
1779988773063,2,Pitching Mound.Drive,,Delivery,pitch.1,439189,-0.002,-0.3307,1.8433,0.754,-2.9465,-2.3423,0.0,0.0
1779988773063,2,Pitching Mound.Parent,,Delivery,pitch.1,438232,8.9654,-9.0899,108.898,-89.7677,108.1062,22.8442,-0.1354,0.1121
1779988773063,2,Pitching Mound.Parent,,Delivery,pitch.1,438233,8.9719,-9.0211,108.9584,-89.9747,107.9405,22.7758,-0.1355,0.1126
1779988773064,2,11.0000004b,Drive,Delivery,pitch.1,439190,-0.0027,-0.3085,1.8856,0.7557,-2.965,-2.3671,0.0,0.0
1779988773064,2,12.00000015,Lower Delivery,Delivery,pitch.1,438917,12.031,-6.4835,95.0868,-149.5641,110.4185,18.8342,-0.1546,-0.2094
1779988773064,2,12.00000018,Upper Delivery,Delivery,pitch.1,439773,-3.0294,-2.1934,12.1965,30.3282,1.0511,11.3807,-0.0115,0.327
1779988773064,2,Pitching Mound.Delivery,,Delivery,pitch.1,438614,9.0016,-8.6768,107.2833,-91.0532,111.4696,25.0944,-0.1383,0.1143
1779988773064,2,Pitching Mound.Drive,,Delivery,pitch.1,439190,-0.0027,-0.3085,1.8856,0.7557,-2.965,-2.3671,0.0,0.0
1779988773064,2,Pitching Mound.Parent,,Delivery,pitch.1,438234,8.9989,-8.9853,109.1689,-90.2974,108.5046,22.7272,-0.1359,0.1123
1779988773065,2,11.0000004b,Drive,Delivery,pitch.1,439191,-0.0031,-0.3024,1.8594,0.7426,-3.0213,-2.3531,0.0,0.0
1779988773065,2,12.00000015,Lower Delivery,Delivery,pitch.1,438918,12.0155,-6.4572,95.2861,-149.938,110.586,18.7736,-0.1545,-0.2095
1779988773065,2,12.00000018,Upper Delivery,Delivery,pitch.1,439774,-3.0389,-2.1917,12.2602,30.322,1.0885,11.3769,-0.0118,0.327
1779988773065,2,Pitching Mound.Delivery,,Delivery,pitch.1,438615,8.9765,-8.6489,107.5463,-91.3872,111.6744,25.032,-0.1382,0.1142
1779988773065,2,Pitching Mound.Drive,,Delivery,pitch.1,439191,-0.0031,-0.3024,1.8594,0.7426,-3.0213,-2.3531,0.0,0.0
1779988773065,2,Pitching Mound.Parent,,Delivery,pitch.1,438235,8.9734,-8.9512,109.4057,-90.6446,108.6531,22.6789,-0.1359,0.1122
1779988773066,2,11.0000004b,Drive,Delivery,pitch.1,439192,-0.0163,-0.2861,1.8702,0.723,-3.0011,-2.3451,0.0,0.0
1779988773066,2,12.00000018,Upper Delivery,Delivery,pitch.1,439775,-3.0351,-2.196,12.3698,30.3271,1.163,11.3475,-0.0125,0.3264
1779988773066,2,Pitching Mound.Drive,,Delivery,pitch.1,439192,-0.0163,-0.2861,1.8702,0.723,-3.0011,-2.3451,0.0,0.0
1779988773067,2,11.0000004b,Drive,Delivery,pitch.1,439193,-0.0152,-0.3045,1.8911,0.725,-3.1028,-2.3812,0.0,0.0
1779988773067,2,12.00000015,Lower Delivery,Delivery,pitch.1,438919,11.9906,-6.4386,95.5013,-150.4416,110.6509,18.7727,-0.1542,-0.2097
1779988773067,2,12.00000018,Upper Delivery,Delivery,pitch.1,439776,-3.0219,-2.1813,12.0806,30.1526,1.0836,11.3215,-0.0119,0.327
1779988773067,2,Pitching Mound.Delivery,,Delivery,pitch.1,438616,8.9555,-8.6345,107.8711,-91.8498,111.8139,25.0114,-0.138,0.1138
1779988773067,2,Pitching Mound.Drive,,Delivery,pitch.1,439193,-0.0152,-0.3045,1.8911,0.725,-3.1028,-2.3812,0.0,0.0
1779988773067,2,Pitching Mound.Parent,,Delivery,pitch.1,438236,8.9392,-8.9206,109.7413,-91.1268,108.8128,22.6663,-0.1356,0.1118
1779988773068,2,11.0000004b,Drive,Delivery,pitch.1,439194,-0.0209,-0.2902,1.8571,0.7207,-3.0957,-2.3939,0.0,0.0
1779988773068,2,12.00000015,Lower Delivery,Delivery,pitch.1,438920,12.0027,-6.404,95.6462,-150.7983,111.1482,18.8184,-0.1547,-0.2099
1779988773068,2,12.00000018,Upper Delivery,Delivery,pitch.1,439777,-3.037,-2.1794,12.283,30.2578,0.9644,11.3541,-0.0105,0.327
1779988773068,2,Pitching Mound.Delivery,,Delivery,pitch.1,438617,8.9808,-8.5852,107.7269,-92.2335,112.2318,25.0315,-0.1387,0.1141
1779988773068,2,Pitching Mound.Drive,,Delivery,pitch.1,439194,-0.0209,-0.2902,1.8571,0.7207,-3.0957,-2.3939,0.0,0.0
1779988773068,2,Pitching Mound.Parent,,Delivery,pitch.1,438237,8.9657,-8.8898,109.618,-91.5085,109.129,22.6504,-0.1363,0.1121
1779988773069,2,11.0000004b,Drive,Delivery,pitch.1,439195,-0.041,-0.2862,1.9497,0.7076,-3.1093,-2.4121,0.0,0.0
1779988773069,2,12.00000015,Lower Delivery,Delivery,pitch.1,438921,11.9719,-6.4073,95.8087,-151.0508,111.3727,18.8572,-0.1548,-0.2099
1779988773069,2,12.00000018,Upper Delivery,Delivery,pitch.1,439778,-3.0531,-2.174,12.3006,30.4918,1.1457,11.3303,-0.0124,0.327
1779988773069,2,Pitching Mound.Delivery,,Delivery,pitch.1,438618,8.9349,-8.5867,108.0917,-92.3943,112.3371,25.1083,-0.1384,0.1139
1779988773069,2,Pitching Mound.Drive,,Delivery,pitch.1,439195,-0.041,-0.2862,1.9497,0.7076,-3.1093,-2.4121,0.0,0.0
1779988773069,2,Pitching Mound.Parent,,Delivery,pitch.1,438238,8.9141,-8.8769,109.9488,-91.6737,109.2414,22.7143,-0.136,0.1119
1779988773070,2,11.0000004b,Drive,Delivery,pitch.1,439196,-0.0345,-0.2767,1.8751,0.6955,-2.9798,-2.3973,0.0,0.0
1779988773070,2,12.00000015,Lower Delivery,Delivery,pitch.1,438923,11.936,-6.4051,96.2488,-151.3481,112.0391,18.8428,-0.155,-0.2093
1779988773070,2,12.00000015,Lower Delivery,Delivery,pitch.1,438922,11.957,-6.3844,96.0005,-150.9796,111.6541,18.891,-0.1548,-0.2094
1779988773070,2,12.00000018,Upper Delivery,Delivery,pitch.1,439779,-3.0511,-2.1642,12.1005,30.1252,0.8945,11.3675,-0.0098,0.327
1779988773070,2,Pitching Mound.Delivery,,Delivery,pitch.1,438620,8.8849,-8.5692,108.3493,-92.6125,112.9335,25.1147,-0.1388,0.1146
1779988773070,2,Pitching Mound.Delivery,,Delivery,pitch.1,438619,8.9039,-8.5583,108.3011,-92.0298,112.7998,25.1178,-0.1387,0.1143
1779988773070,2,Pitching Mound.Drive,,Delivery,pitch.1,439196,-0.0345,-0.2767,1.8751,0.6955,-2.9798,-2.3973,0.0,0.0
1779988773070,2,Pitching Mound.Parent,,Delivery,pitch.1,438240,8.8504,-8.8459,110.2245,-91.9169,109.9538,22.7174,-0.1364,0.1127
1779988773070,2,Pitching Mound.Parent,,Delivery,pitch.1,438239,8.8629,-8.8446,110.2508,-91.3222,109.6904,22.7057,-0.1362,0.1123
1779988773071,2,11.0000004b,Drive,Delivery,pitch.1,439197,-0.0225,-0.2779,1.807,0.6912,-2.8468,-2.4055,0.0,0.0
1779988773071,2,12.00000015,Lower Delivery,Delivery,pitch.1,438924,11.9056,-6.4072,96.5163,-151.5683,112.0663,18.8313,-0.1546,-0.2091
1779988773071,2,12.00000018,Upper Delivery,Delivery,pitch.1,439780,-3.0672,-2.1715,12.0989,30.4082,1.0773,11.3371,-0.0119,0.327
1779988773071,2,Pitching Mound.Delivery,,Delivery,pitch.1,438621,8.8384,-8.5788,108.6152,-92.4581,113.1436,25.0777,-0.1387,0.1149
1779988773071,2,Pitching Mound.Drive,,Delivery,pitch.1,439197,-0.0225,-0.2779,1.807,0.6912,-2.8468,-2.4055,0.0,0.0
1779988773071,2,Pitching Mound.Parent,,Delivery,pitch.1,438241,8.8159,-8.8566,110.4222,-91.7669,110.2968,22.6723,-0.1364,0.113
1779988773072,2,11.0000004b,Drive,Delivery,pitch.1,439198,-0.0297,-0.2881,1.8584,0.7123,-2.8883,-2.4379,0.0,0.0
1779988773072,2,12.00000015,Lower Delivery,Delivery,pitch.1,438925,11.8794,-6.4056,96.8609,-151.6084,112.3407,18.7932,-0.1544,-0.2084
1779988773072,2,12.00000018,Upper Delivery,Delivery,pitch.1,439781,-3.0427,-2.1689,12.1913,30.4869,1.1792,11.3376,-0.0129,0.327
1779988773072,2,Pitching Mound.Delivery,,Delivery,pitch.1,438622,8.8367,-8.5745,109.0522,-92.3338,113.5199,25.0573,-0.1386,0.1155
1779988773072,2,Pitching Mound.Drive,,Delivery,pitch.1,439198,-0.0297,-0.2881,1.8584,0.7123,-2.8883,-2.4379,0.0,0.0
1779988773072,2,Pitching Mound.Parent,,Delivery,pitch.1,438242,8.807,-8.8626,110.9106,-91.6215,110.6317,22.6194,-0.1363,0.1135
1779988773073,2,11.0000004b,Drive,Delivery,pitch.1,439199,-0.0219,-0.2842,1.8807,0.7407,-2.8591,-2.4492,0.0,0.0
1779988773073,2,12.00000015,Lower Delivery,Delivery,pitch.1,438926,11.8407,-6.4174,97.1473,-151.778,112.2507,18.7716,-0.1538,-0.208
1779988773073,2,12.00000018,Upper Delivery,Delivery,pitch.1,439782,-3.0442,-2.1823,12.4512,30.7455,1.2219,11.3661,-0.0131,0.327
1779988773073,2,Pitching Mound.Delivery,,Delivery,pitch.1,438623,8.7964,-8.5997,109.5985,-92.2358,113.4726,25.0768,-0.1378,0.1155
1779988773073,2,Pitching Mound.Drive,,Delivery,pitch.1,439199,-0.0219,-0.2842,1.8807,0.7407,-2.8591,-2.4492,0.0,0.0
1779988773073,2,Pitching Mound.Parent,,Delivery,pitch.1,438243,8.7745,-8.8839,111.4792,-91.4951,110.6135,22.6276,-0.1355,0.1136
1779988773074,2,11.0000004b,Drive,Delivery,pitch.1,439200,-0.0365,-0.2969,1.8812,0.7456,-2.766,-2.4536,0.0,0.0
1779988773074,2,12.00000015,Lower Delivery,Delivery,pitch.1,438927,11.8044,-6.4122,97.2813,-151.7773,112.5869,18.7747,-0.1541,-0.2077
1779988773074,2,12.00000018,Upper Delivery,Delivery,pitch.1,439783,-3.0308,-2.1724,12.48,30.7125,1.2406,11.3211,-0.0132,0.327
1779988773074,2,Pitching Mound.Delivery,,Delivery,pitch.1,438624,8.7736,-8.5846,109.7612,-92.2323,113.8275,25.0518,-0.1381,0.1158
1779988773074,2,Pitching Mound.Drive,,Delivery,pitch.1,439200,-0.0365,-0.2969,1.8812,0.7456,-2.766,-2.4536,0.0,0.0
1779988773074,2,Pitching Mound.Parent,,Delivery,pitch.1,438244,8.7371,-8.8815,111.6424,-91.4867,111.0615,22.5982,-0.1357,0.1138
1779988773075,2,11.0000004b,Drive,Delivery,pitch.1,439201,-0.0289,-0.2997,1.8888,0.7196,-2.6499,-2.4528,0.0,0.0
1779988773075,2,12.00000018,Upper Delivery,Delivery,pitch.1,439784,-3.0343,-2.1537,12.645,30.7751,1.2474,11.3211,-0.0131,0.324
1779988773075,2,Pitching Mound.Drive,,Delivery,pitch.1,439201,-0.0289,-0.2997,1.8888,0.7196,-2.6499,-2.4528,0.0,0.0
1779988773076,2,11.0000004b,Drive,Delivery,pitch.1,439202,-0.0171,-0.2887,1.8574,0.7218,-2.4325,-2.438,0.0,0.0
1779988773076,2,12.00000015,Lower Delivery,Delivery,pitch.1,438928,11.7563,-6.4196,97.5086,-152.1612,112.5773,18.7105,-0.1537,-0.2077
1779988773076,2,12.00000018,Upper Delivery,Delivery,pitch.1,439785,-3.0078,-2.1455,12.8316,30.8952,1.313,11.3642,-0.0136,0.3205
1779988773076,2,Pitching Mound.Delivery,,Delivery,pitch.1,438625,8.722,-8.5732,110.1536,-92.5324,113.8247,25.0028,-0.1376,0.1152
1779988773076,2,Pitching Mound.Drive,,Delivery,pitch.1,439202,-0.0171,-0.2887,1.8574,0.7218,-2.4325,-2.438,0.0,0.0
1779988773076,2,Pitching Mound.Parent,,Delivery,pitch.1,438245,8.6931,-8.8729,112.0424,-91.8129,111.1749,22.55,-0.1352,0.1133
1779988773077,2,11.0000004b,Drive,Delivery,pitch.1,439203,-0.0369,-0.2951,1.9136,0.733,-2.3882,-2.4299,0.0,0.0
1779988773077,2,12.00000015,Lower Delivery,Delivery,pitch.1,438929,11.7279,-6.4094,97.7295,-152.3748,112.7866,18.6646,-0.1536,-0.2076
1779988773077,2,12.00000018,Upper Delivery,Delivery,pitch.1,439786,-3.0535,-2.1453,12.9245,31.0024,1.2245,11.3898,-0.0126,0.3193
1779988773077,2,Pitching Mound.Delivery,,Delivery,pitch.1,438626,8.7201,-8.555,110.5611,-92.6143,114.0996,25.0186,-0.1374,0.1148
1779988773077,2,Pitching Mound.Drive,,Delivery,pitch.1,439203,-0.0369,-0.2951,1.9136,0.733,-2.3882,-2.4299,0.0,0.0
1779988773077,2,Pitching Mound.Parent,,Delivery,pitch.1,438246,8.703,-8.8436,112.4185,-91.8926,111.6671,22.5806,-0.1351,0.1129
1779988773078,2,11.0000004b,Drive,Delivery,pitch.1,439204,-0.0306,-0.2855,1.8906,0.7372,-2.3637,-2.4296,0.0,0.0
1779988773078,2,12.00000015,Lower Delivery,Delivery,pitch.1,438930,11.7081,-6.4364,97.7935,-152.9292,113.1172,18.6346,-0.154,-0.2082
1779988773078,2,12.00000015,Lower Delivery,Delivery,pitch.1,438931,11.6815,-6.4518,97.9386,-153.4907,113.3477,18.5732,-0.1541,-0.2086
1779988773078,2,12.00000018,Upper Delivery,Delivery,pitch.1,439787,-3.0571,-2.1349,12.7772,30.6159,1.1823,11.4065,-0.0123,0.319
1779988773078,2,Pitching Mound.Delivery,,Delivery,pitch.1,438627,8.6546,-8.5817,110.718,-93.0713,114.3417,25.0054,-0.1375,0.114
1779988773078,2,Pitching Mound.Delivery,,Delivery,pitch.1,438628,8.6244,-8.5867,110.7158,-93.92,114.53,24.9686,-0.1377,0.1138
1779988773078,2,Pitching Mound.Drive,,Delivery,pitch.1,439204,-0.0306,-0.2855,1.8906,0.7372,-2.3637,-2.4296,0.0,0.0
1779988773078,2,Pitching Mound.Parent,,Delivery,pitch.1,438247,8.6177,-8.8768,112.6316,-92.3383,111.9535,22.5755,-0.1351,0.1121
1779988773078,2,Pitching Mound.Parent,,Delivery,pitch.1,438248,8.5938,-8.8721,112.6064,-93.1827,112.1663,22.539,-0.1354,0.1119
1779988773079,2,11.0000004b,Drive,Delivery,pitch.1,439205,-0.0416,-0.2881,1.8416,0.7366,-2.2859,-2.4085,0.0,0.0
1779988773079,2,12.00000015,Lower Delivery,Delivery,pitch.1,438932,11.6497,-6.4552,98.0774,-153.989,113.7825,18.5346,-0.1544,-0.209
1779988773079,2,12.00000018,Upper Delivery,Delivery,pitch.1,439788,-3.0418,-2.105,12.9992,30.8069,1.2446,11.4241,-0.0127,0.3155
1779988773079,2,Pitching Mound.Delivery,,Delivery,pitch.1,438629,8.6079,-8.5601,111.0766,-94.2555,115.0271,24.9635,-0.1379,0.1128
1779988773079,2,Pitching Mound.Drive,,Delivery,pitch.1,439205,-0.0416,-0.2881,1.8416,0.7366,-2.2859,-2.4085,0.0,0.0
1779988773079,2,Pitching Mound.Parent,,Delivery,pitch.1,438249,8.5662,-8.8482,112.9183,-93.5189,112.7412,22.555,-0.1356,0.1109
1779988773080,2,11.0000004b,Drive,Delivery,pitch.1,439206,-0.0534,-0.2901,1.8648,0.7723,-2.3036,-2.4064,0.0,0.0
1779988773080,2,12.00000018,Upper Delivery,Delivery,pitch.1,439789,-3.0534,-2.088,12.9857,30.7416,1.2168,11.4527,-0.0125,0.3152
1779988773080,2,Pitching Mound.Drive,,Delivery,pitch.1,439206,-0.0534,-0.2901,1.8648,0.7723,-2.3036,-2.4064,0.0,0.0
1779988773081,2,11.0000004b,Drive,Delivery,pitch.1,439207,-0.0603,-0.2856,1.895,0.7432,-2.3446,-2.3862,0.0,0.0
1779988773081,2,12.00000015,Lower Delivery,Delivery,pitch.1,438933,11.5911,-6.4464,98.2004,-154.7389,114.0959,18.5235,-0.1547,-0.2098
1779988773081,2,12.00000015,Lower Delivery,Delivery,pitch.1,438934,11.5663,-6.4354,98.2897,-155.3179,114.4369,18.494,-0.155,-0.2104
1779988773081,2,12.00000018,Upper Delivery,Delivery,pitch.1,439790,-3.0664,-2.0838,13.011,31.0538,1.3288,11.4508,-0.0136,0.3177
1779988773081,2,Pitching Mound.Delivery,,Delivery,pitch.1,438630,8.5377,-8.5344,111.1861,-95.0243,115.3127,24.9971,-0.1381,0.1121
1779988773081,2,Pitching Mound.Delivery,,Delivery,pitch.1,438631,8.4999,-8.5192,111.3007,-95.2694,115.7657,24.9696,-0.1385,0.1119
1779988773081,2,Pitching Mound.Drive,,Delivery,pitch.1,439207,-0.0603,-0.2856,1.895,0.7432,-2.3446,-2.3862,0.0,0.0
1779988773081,2,Pitching Mound.Parent,,Delivery,pitch.1,438250,8.4843,-8.8245,113.0509,-94.252,113.0091,22.5907,-0.1358,0.1103
1779988773081,2,Pitching Mound.Parent,,Delivery,pitch.1,438251,8.4396,-8.8048,113.1957,-94.5262,113.4211,22.5834,-0.1362,0.11
1779988773082,2,11.0000004b,Drive,Delivery,pitch.1,439208,-0.0582,-0.2618,1.8826,0.7244,-2.2208,-2.3584,0.0,0.0
1779988773082,2,12.00000018,Upper Delivery,Delivery,pitch.1,439791,-3.0959,-2.0633,12.9734,30.9767,1.2298,11.4342,-0.0126,0.3179
1779988773082,2,Pitching Mound.Drive,,Delivery,pitch.1,439208,-0.0582,-0.2618,1.8826,0.7244,-2.2208,-2.3584,0.0,0.0
1779988773083,2,11.0000004b,Drive,Delivery,pitch.1,439209,-0.0506,-0.282,1.7793,0.7544,-2.3269,-2.4047,0.0,0.0
1779988773083,2,12.00000015,Lower Delivery,Delivery,pitch.1,438935,11.5395,-6.4176,98.3456,-155.779,114.9264,18.4294,-0.1556,-0.2109
1779988773083,2,12.00000015,Lower Delivery,Delivery,pitch.1,438936,11.5052,-6.4041,98.4532,-155.8184,115.3564,18.4044,-0.156,-0.2107
1779988773083,2,12.00000018,Upper Delivery,Delivery,pitch.1,439792,-3.0948,-2.0558,12.6635,30.8522,1.0888,11.4357,-0.0114,0.3243
1779988773083,2,Pitching Mound.Delivery,,Delivery,pitch.1,438632,8.4436,-8.481,111.319,-95.7757,116.1562,24.8875,-0.1389,0.1115
1779988773083,2,Pitching Mound.Delivery,,Delivery,pitch.1,438633,8.4104,-8.4599,111.1166,-95.7977,116.4452,24.8762,-0.1395,0.1128
1779988773083,2,Pitching Mound.Drive,,Delivery,pitch.1,439209,-0.0506,-0.282,1.7793,0.7544,-2.3269,-2.4047,0.0,0.0
1779988773083,2,Pitching Mound.Parent,,Delivery,pitch.1,438252,8.3854,-8.7427,113.2016,-95.0513,113.9355,22.5291,-0.1366,0.1096
1779988773083,2,Pitching Mound.Parent,,Delivery,pitch.1,438253,8.3598,-8.7419,112.8959,-95.0434,114.1183,22.4715,-0.1373,0.111
1779988773084,2,11.0000004b,Drive,Delivery,pitch.1,439210,-0.0352,-0.2569,1.7048,0.7424,-2.2316,-2.3689,0.0,0.0
1779988773084,2,12.00000015,Lower Delivery,Delivery,pitch.1,438937,11.4839,-6.3885,98.6358,-156.196,116.0157,18.3758,-0.1566,-0.2108
1779988773084,2,12.00000018,Upper Delivery,Delivery,pitch.1,439793,-3.106,-2.0445,12.6551,30.6267,1.0886,11.4204,-0.0115,0.3222
1779988773084,2,Pitching Mound.Delivery,,Delivery,pitch.1,438634,8.3779,-8.433,111.2909,-96.3359,117.1043,24.8356,-0.1401,0.1125
1779988773084,2,Pitching Mound.Drive,,Delivery,pitch.1,439210,-0.0352,-0.2569,1.7048,0.7424,-2.2316,-2.3689,0.0,0.0
1779988773084,2,Pitching Mound.Parent,,Delivery,pitch.1,438254,8.3426,-8.6899,112.9957,-95.5935,114.8727,22.4667,-0.138,0.1108
1779988773085,2,11.0000004b,Drive,Delivery,pitch.1,439211,-0.0289,-0.259,1.6837,0.7139,-2.1934,-2.3647,0.0,0.0
1779988773085,2,12.00000015,Lower Delivery,Delivery,pitch.1,438938,11.4395,-6.3585,98.7686,-156.4656,116.2217,18.2875,-0.1567,-0.2109
1779988773085,2,12.00000018,Upper Delivery,Delivery,pitch.1,439794,-3.0961,-2.0147,12.6711,30.6226,1.1038,11.4319,-0.0116,0.3217
1779988773085,2,Pitching Mound.Delivery,,Delivery,pitch.1,438635,8.3434,-8.3732,111.4397,-96.5698,117.3255,24.7773,-0.1402,0.1123
1779988773085,2,Pitching Mound.Drive,,Delivery,pitch.1,439211,-0.0289,-0.259,1.6837,0.7139,-2.1934,-2.3647,0.0,0.0
1779988773085,2,Pitching Mound.Parent,,Delivery,pitch.1,438255,8.3145,-8.6321,113.1234,-95.8559,115.1321,22.4126,-0.1381,0.1107
1779988773086,2,11.0000004b,Drive,Delivery,pitch.1,439212,-0.0286,-0.2812,1.7109,0.7595,-2.3679,-2.4,0.0,0.0
1779988773086,2,12.00000015,Lower Delivery,Delivery,pitch.1,438939,11.41,-6.3638,99.0043,-156.8712,116.3857,18.2505,-0.1565,-0.2109
1779988773086,2,12.00000018,Upper Delivery,Delivery,pitch.1,439795,-3.093,-1.9976,12.3699,30.4273,1.1948,11.423,-0.0129,0.327
1779988773086,2,Pitching Mound.Delivery,,Delivery,pitch.1,438636,8.3171,-8.3614,111.3742,-96.9883,117.5806,24.7424,-0.1405,0.1133
1779988773086,2,Pitching Mound.Drive,,Delivery,pitch.1,439212,-0.0286,-0.2812,1.7109,0.7595,-2.3679,-2.4,0.0,0.0
1779988773086,2,Pitching Mound.Parent,,Delivery,pitch.1,438256,8.2884,-8.6426,113.0852,-96.2287,115.2127,22.3425,-0.1384,0.1116
1779988773087,2,11.0000004b,Drive,Delivery,pitch.1,439213,-0.0408,-0.27,1.6907,0.7466,-2.3189,-2.3928,0.0,0.0
1779988773087,2,12.00000015,Lower Delivery,Delivery,pitch.1,438940,11.3481,-6.3625,99.1349,-157.1844,116.6076,18.2304,-0.1566,-0.2111
1779988773087,2,12.00000018,Upper Delivery,Delivery,pitch.1,439796,-3.0917,-1.9844,12.2651,30.3077,1.1203,11.4413,-0.0122,0.327
1779988773087,2,Pitching Mound.Delivery,,Delivery,pitch.1,438637,8.2563,-8.3469,111.4,-97.341,117.7279,24.7622,-0.1407,0.1133
1779988773087,2,Pitching Mound.Drive,,Delivery,pitch.1,439213,-0.0408,-0.27,1.6907,0.7466,-2.3189,-2.3928,0.0,0.0
1779988773087,2,Pitching Mound.Parent,,Delivery,pitch.1,438257,8.2155,-8.6169,113.0908,-96.5944,115.409,22.3694,-0.1386,0.1116
1779988773088,2,11.0000004b,Drive,Delivery,pitch.1,439214,-0.0269,-0.2988,1.6674,0.7478,-2.4862,-2.4092,0.0,0.0
1779988773088,2,12.00000015,Lower Delivery,Delivery,pitch.1,438941,11.3225,-6.3503,99.4191,-156.9888,116.6281,18.1669,-0.1562,-0.2102
1779988773088,2,12.00000018,Upper Delivery,Delivery,pitch.1,439797,-3.0938,-1.9864,12.3045,30.2691,1.0751,11.4495,-0.0116,0.327
1779988773088,2,Pitching Mound.Delivery,,Delivery,pitch.1,438638,8.2286,-8.3367,111.7235,-97.1007,117.7032,24.7148,-0.1403,0.1141
1779988773088,2,Pitching Mound.Drive,,Delivery,pitch.1,439214,-0.0269,-0.2988,1.6674,0.7478,-2.4862,-2.4092,0.0,0.0
1779988773088,2,Pitching Mound.Parent,,Delivery,pitch.1,438258,8.2017,-8.6355,113.3909,-96.3529,115.217,22.3056,-0.1382,0.1124
1779988773089,2,11.0000004b,Drive,Delivery,pitch.1,439215,-0.015,-0.2978,1.7048,0.7592,-2.4874,-2.4408,0.0,0.0
1779988773089,2,12.00000018,Upper Delivery,Delivery,pitch.1,439798,-3.101,-2.0287,12.2416,30.1219,1.2563,11.4362,-0.0137,0.327
1779988773089,2,Pitching Mound.Drive,,Delivery,pitch.1,439215,-0.015,-0.2978,1.7048,0.7592,-2.4874,-2.4408,0.0,0.0
1779988773090,2,11.0000004b,Drive,Delivery,pitch.1,439216,-0.0124,-0.3001,1.7025,0.753,-2.6308,-2.468,0.0,0.0
1779988773090,2,12.00000015,Lower Delivery,Delivery,pitch.1,438942,11.2822,-6.3391,99.5259,-157.216,117.0827,18.0806,-0.1566,-0.2103
1779988773090,2,12.00000015,Lower Delivery,Delivery,pitch.1,438943,11.2308,-6.2943,99.6529,-156.8905,117.1357,18.0166,-0.1565,-0.2096
1779988773090,2,12.00000018,Upper Delivery,Delivery,pitch.1,439799,-3.1331,-2.0134,12.2036,30.3175,1.2061,11.4621,-0.0132,0.327
1779988773090,2,Pitching Mound.Delivery,,Delivery,pitch.1,438640,8.0978,-8.3076,111.8565,-96.8402,118.3418,24.595,-0.1408,0.1148
1779988773090,2,Pitching Mound.Delivery,,Delivery,pitch.1,438639,8.1812,-8.3677,111.7675,-97.4175,118.339,24.6265,-0.141,0.1141
1779988773090,2,Pitching Mound.Drive,,Delivery,pitch.1,439216,-0.0124,-0.3001,1.7025,0.753,-2.6308,-2.468,0.0,0.0
1779988773090,2,Pitching Mound.Parent,,Delivery,pitch.1,438260,8.0854,-8.6077,113.559,-96.0872,115.7111,22.1271,-0.1387,0.113
1779988773090,2,Pitching Mound.Parent,,Delivery,pitch.1,438259,8.1662,-8.6655,113.4724,-96.6584,115.8516,22.1858,-0.1388,0.1124
1779988773091,2,11.0000004b,Drive,Delivery,pitch.1,439217,-0.0088,-0.3187,1.7044,0.7525,-2.5721,-2.4525,0.0,0.0
1779988773091,2,12.00000015,Lower Delivery,Delivery,pitch.1,438944,11.1905,-6.3192,99.8836,-156.8343,117.3198,17.9301,-0.1564,-0.209
1779988773091,2,12.00000018,Upper Delivery,Delivery,pitch.1,439800,-3.1252,-2.0065,12.3188,30.23,1.1663,11.4137,-0.0126,0.3267
1779988773091,2,Pitching Mound.Delivery,,Delivery,pitch.1,438641,8.0654,-8.3257,112.2024,-96.8323,118.4861,24.4765,-0.1406,0.1151
1779988773091,2,Pitching Mound.Drive,,Delivery,pitch.1,439217,-0.0088,-0.3187,1.7044,0.7525,-2.5721,-2.4525,0.0,0.0
1779988773091,2,Pitching Mound.Parent,,Delivery,pitch.1,438261,8.0566,-8.6444,113.9068,-96.0798,115.9141,22.0241,-0.1385,0.1134
1779988773092,2,11.0000004b,Drive,Delivery,pitch.1,439218,-0.0135,-0.3254,1.7165,0.7578,-2.5945,-2.4543,0.0,0.0
1779988773092,2,12.00000015,Lower Delivery,Delivery,pitch.1,438945,11.1365,-6.319,100.0441,-156.8964,117.658,17.875,-0.1566,-0.2088
1779988773092,2,12.00000018,Upper Delivery,Delivery,pitch.1,439801,-3.1365,-1.988,11.9252,29.8538,1.0786,11.4431,-0.012,0.327
1779988773092,2,Pitching Mound.Delivery,,Delivery,pitch.1,438642,7.9999,-8.3069,111.9693,-97.0822,118.7366,24.4653,-0.1412,0.1159
1779988773092,2,Pitching Mound.Drive,,Delivery,pitch.1,439218,-0.0135,-0.3254,1.7165,0.7578,-2.5945,-2.4543,0.0,0.0
1779988773092,2,Pitching Mound.Parent,,Delivery,pitch.1,438262,7.9864,-8.6324,113.6859,-96.3244,116.142,22.011,-0.139,0.1141
1779988773093,2,11.0000004b,Drive,Delivery,pitch.1,439219,-0.0056,-0.3478,1.7378,0.7649,-2.6082,-2.4446,0.0,0.0
1779988773093,2,12.00000015,Lower Delivery,Delivery,pitch.1,438946,11.0816,-6.3037,100.1573,-156.8026,117.8515,17.8173,-0.1566,-0.2084
1779988773093,2,12.00000018,Upper Delivery,Delivery,pitch.1,439802,-3.1512,-2.0101,11.9971,29.8088,1.0773,11.4778,-0.012,0.327
1779988773093,2,Pitching Mound.Delivery,,Delivery,pitch.1,438643,7.9304,-8.3138,112.1543,-97.0193,118.9288,24.4559,-0.1412,0.1161
1779988773093,2,Pitching Mound.Drive,,Delivery,pitch.1,439219,-0.0056,-0.3478,1.7378,0.7649,-2.6082,-2.4446,0.0,0.0
1779988773093,2,Pitching Mound.Parent,,Delivery,pitch.1,438263,7.9248,-8.6616,113.8921,-96.2545,116.3206,22.0113,-0.139,0.1143
1779988773094,2,11.0000004b,Drive,Delivery,pitch.1,439220,-0.0148,-0.3477,1.761,0.7403,-2.3784,-2.3961,0.0,0.0
1779988773094,2,12.00000015,Lower Delivery,Delivery,pitch.1,438947,11.0462,-6.2915,100.2605,-157.0385,117.98,17.7577,-0.1567,-0.2085
1779988773094,2,12.00000018,Upper Delivery,Delivery,pitch.1,439803,-3.1443,-2.0034,12.204,29.8406,1.1893,11.4542,-0.013,0.3255
1779988773094,2,Pitching Mound.Delivery,,Delivery,pitch.1,438644,7.9019,-8.2949,112.4645,-97.2587,119.1693,24.3871,-0.1411,0.1156
1779988773094,2,Pitching Mound.Drive,,Delivery,pitch.1,439220,-0.0148,-0.3477,1.761,0.7403,-2.3784,-2.3961,0.0,0.0
1779988773094,2,Pitching Mound.Parent,,Delivery,pitch.1,438264,7.8872,-8.6426,114.2255,-96.5183,116.7909,21.9909,-0.1389,0.1139
1779988773095,2,11.0000004b,Drive,Delivery,pitch.1,439221,-0.0163,-0.335,1.6994,0.7379,-2.3735,-2.3723,0.0,0.0
1779988773095,2,12.00000015,Lower Delivery,Delivery,pitch.1,438948,10.9745,-6.2786,100.3689,-157.1483,117.8558,17.6826,-0.1563,-0.2084
1779988773095,2,12.00000018,Upper Delivery,Delivery,pitch.1,439804,-3.1592,-2.0248,11.8574,29.6585,1.045,11.476,-0.0117,0.327
1779988773095,2,Pitching Mound.Delivery,,Delivery,pitch.1,438645,7.8153,-8.3034,112.2263,-97.3959,118.9008,24.3532,-0.141,0.1163
1779988773095,2,Pitching Mound.Drive,,Delivery,pitch.1,439221,-0.0163,-0.335,1.6994,0.7379,-2.3735,-2.3723,0.0,0.0
1779988773095,2,Pitching Mound.Parent,,Delivery,pitch.1,438265,7.799,-8.6385,113.9257,-96.658,116.5273,21.9809,-0.1389,0.1146
1779988773096,2,11.0000004b,Drive,Delivery,pitch.1,439222,-0.0308,-0.3429,1.7877,0.7227,-2.292,-2.3462,0.0,0.0
1779988773096,2,12.00000015,Lower Delivery,Delivery,pitch.1,438949,10.9462,-6.2617,100.5456,-157.2159,118.2665,17.6558,-0.1566,-0.2082
1779988773096,2,12.00000018,Upper Delivery,Delivery,pitch.1,439805,-3.1685,-2.0616,11.6236,29.6221,1.0665,11.5009,-0.0122,0.327
1779988773096,2,Pitching Mound.Delivery,,Delivery,pitch.1,438646,7.7777,-8.3234,112.1692,-97.3602,119.333,24.3577,-0.1416,0.1168
1779988773096,2,Pitching Mound.Drive,,Delivery,pitch.1,439222,-0.0308,-0.3429,1.7877,0.7227,-2.292,-2.3462,0.0,0.0
1779988773096,2,Pitching Mound.Parent,,Delivery,pitch.1,438266,7.7469,-8.6663,113.9569,-96.6375,117.041,22.0115,-0.1394,0.115
1779988773097,2,11.0000004b,Drive,Delivery,pitch.1,439223,-0.0399,-0.3414,1.8272,0.7232,-2.1997,-2.3526,0.0,0.0
1779988773097,2,12.00000015,Lower Delivery,Delivery,pitch.1,438950,10.9278,-6.2676,100.6007,-157.222,118.4146,17.5739,-0.1567,-0.2081
1779988773097,2,12.00000018,Upper Delivery,Delivery,pitch.1,439806,-3.1578,-2.0372,11.7703,29.4593,1.0329,11.4872,-0.0117,0.327
1779988773097,2,Pitching Mound.Delivery,,Delivery,pitch.1,438647,7.77,-8.3048,112.371,-97.5604,119.4475,24.272,-0.1415,0.1168
1779988773097,2,Pitching Mound.Drive,,Delivery,pitch.1,439223,-0.0399,-0.3414,1.8272,0.7232,-2.1997,-2.3526,0.0,0.0
1779988773097,2,Pitching Mound.Parent,,Delivery,pitch.1,438267,7.7301,-8.6461,114.1983,-96.8372,117.2478,21.9193,-0.1392,0.1149
1779988773098,2,11.0000004b,Drive,Delivery,pitch.1,439224,-0.0436,-0.3183,1.8061,0.6972,-2.0724,-2.3159,0.0,0.0
1779988773098,2,12.00000015,Lower Delivery,Delivery,pitch.1,438951,10.8568,-6.2608,100.8132,-157.1506,118.4501,17.5481,-0.1564,-0.2075
1779988773098,2,12.00000018,Upper Delivery,Delivery,pitch.1,439807,-3.1404,-2.0761,11.4766,29.4226,1.0528,11.522,-0.0122,0.327
1779988773098,2,Pitching Mound.Delivery,,Delivery,pitch.1,438648,7.7164,-8.3369,112.2898,-97.3536,119.5029,24.3111,-0.1417,0.1176
1779988773098,2,Pitching Mound.Drive,,Delivery,pitch.1,439224,-0.0436,-0.3183,1.8061,0.6972,-2.0724,-2.3159,0.0,0.0
1779988773098,2,Pitching Mound.Parent,,Delivery,pitch.1,438268,7.6728,-8.6552,114.0958,-96.6563,117.4304,21.9952,-0.1394,0.1157
1779988773099,2,11.0000004b,Drive,Delivery,pitch.1,439225,-0.0353,-0.3072,1.8336,0.6993,-2.1713,-2.3458,0.0,0.0
1779988773099,2,12.00000015,Lower Delivery,Delivery,pitch.1,438952,10.8471,-6.2516,100.8899,-157.5882,118.4707,17.459,-0.1563,-0.2079
1779988773099,2,12.00000018,Upper Delivery,Delivery,pitch.1,439808,-3.1442,-2.0872,11.4298,29.0151,0.9891,11.5134,-0.0115,0.327
1779988773099,2,Pitching Mound.Delivery,,Delivery,pitch.1,438649,7.703,-8.3388,112.3197,-98.1567,119.4598,24.2153,-0.1416,0.1173
1779988773099,2,Pitching Mound.Drive,,Delivery,pitch.1,439225,-0.0353,-0.3072,1.8336,0.6993,-2.1713,-2.3458,0.0,0.0
1779988773099,2,Pitching Mound.Parent,,Delivery,pitch.1,438269,7.6677,-8.6459,114.1534,-97.4574,117.2886,21.8695,-0.1393,0.1154
1779988773100,2,11.0000004b,Drive,Delivery,pitch.1,439226,-0.0369,-0.3086,1.8656,0.6833,-2.0836,-2.3111,0.0,0.0
1779988773100,2,12.00000015,Lower Delivery,Delivery,pitch.1,438953,10.799,-6.294,101.016,-157.8817,118.3221,17.4297,-0.1559,-0.2081
1779988773100,2,12.00000018,Upper Delivery,Delivery,pitch.1,439809,-3.1529,-2.0547,11.2793,29.0422,0.7509,11.5511,-0.0089,0.327
1779988773100,2,Pitching Mound.Delivery,,Delivery,pitch.1,438650,7.6461,-8.3487,112.2953,-98.3291,119.073,24.2371,-0.1412,0.1174
1779988773100,2,Pitching Mound.Drive,,Delivery,pitch.1,439226,-0.0369,-0.3086,1.8656,0.6833,-2.0836,-2.3111,0.0,0.0
1779988773100,2,Pitching Mound.Parent,,Delivery,pitch.1,438270,7.6093,-8.6573,114.161,-97.6457,116.9895,21.926,-0.1389,0.1155
1779988773101,2,11.0000004b,Drive,Delivery,pitch.1,439227,-0.0254,-0.2832,1.8675,0.676,-1.9863,-2.3294,0.0,0.0
1779988773101,2,12.00000015,Lower Delivery,Delivery,pitch.1,438954,10.801,-6.2813,101.0782,-158.1214,118.6873,17.407,-0.1563,-0.2083
1779988773101,2,12.00000018,Upper Delivery,Delivery,pitch.1,439810,-3.1323,-2.0726,11.2189,28.5467,0.7265,11.5717,-0.0086,0.327
1779988773101,2,Pitching Mound.Delivery,,Delivery,pitch.1,438651,7.6687,-8.3539,112.2971,-99.0225,119.4138,24.2414,-0.1416,0.1173
1779988773101,2,Pitching Mound.Drive,,Delivery,pitch.1,439227,-0.0254,-0.2832,1.8675,0.676,-1.9863,-2.3294,0.0,0.0
1779988773101,2,Pitching Mound.Parent,,Delivery,pitch.1,438271,7.6433,-8.6371,114.1646,-98.3465,117.4274,21.912,-0.1392,0.1154
1779988773102,2,11.0000004b,Drive,Delivery,pitch.1,439228,-0.0352,-0.2319,1.8419,0.6387,-1.9994,-2.3065,0.0,0.0
1779988773102,2,12.00000015,Lower Delivery,Delivery,pitch.1,438955,10.7987,-6.2991,101.2132,-158.4016,118.4989,17.3912,-0.1559,-0.2083
1779988773102,2,12.00000018,Upper Delivery,Delivery,pitch.1,439811,-3.1565,-2.1002,11.2218,28.3311,0.669,11.5867,-0.0079,0.327
1779988773102,2,Pitching Mound.Delivery,,Delivery,pitch.1,438652,7.6421,-8.3994,112.435,-99.4734,119.1679,24.2331,-0.1411,0.1172
1779988773102,2,Pitching Mound.Drive,,Delivery,pitch.1,439228,-0.0352,-0.2319,1.8419,0.6387,-1.9994,-2.3065,0.0,0.0
1779988773102,2,Pitching Mound.Parent,,Delivery,pitch.1,438272,7.6069,-8.6313,114.2768,-98.8347,117.1685,21.9266,-0.1388,0.1153
1779988773103,2,11.0000004b,Drive,Delivery,pitch.1,439229,-0.0432,-0.2256,1.9038,0.6346,-2.0013,-2.3162,0.0,0.0
1779988773103,2,12.00000015,Lower Delivery,Delivery,pitch.1,438956,10.7695,-6.3144,101.388,-158.6097,118.957,17.3804,-0.1562,-0.2083
1779988773103,2,12.00000018,Upper Delivery,Delivery,pitch.1,439812,-3.1706,-2.1097,11.2018,28.1695,0.4943,11.5834,-0.0059,0.327
1779988773103,2,Pitching Mound.Delivery,,Delivery,pitch.1,438653,7.5988,-8.4241,112.5898,-99.7769,119.4513,24.2242,-0.1412,0.1173
1779988773103,2,Pitching Mound.Drive,,Delivery,pitch.1,439229,-0.0432,-0.2256,1.9038,0.6346,-2.0013,-2.3162,0.0,0.0
1779988773103,2,Pitching Mound.Parent,,Delivery,pitch.1,438273,7.5557,-8.6496,114.4936,-99.1423,117.45,21.9081,-0.1389,0.1154
1779988773104,2,11.0000004b,Drive,Delivery,pitch.1,439230,-0.0491,-0.2298,1.8609,0.6411,-1.9365,-2.3349,0.0,0.0
1779988773104,2,12.00000015,Lower Delivery,Delivery,pitch.1,438957,10.7389,-6.3099,101.4396,-158.4766,118.9384,17.3534,-0.1561,-0.208
1779988773104,2,12.00000018,Upper Delivery,Delivery,pitch.1,439813,-3.1678,-2.101,11.0112,28.0887,0.477,11.5464,-0.0058,0.327
1779988773104,2,Pitching Mound.Delivery,,Delivery,pitch.1,438654,7.5711,-8.4109,112.4509,-99.6422,119.4153,24.1715,-0.1414,0.1178
1779988773104,2,Pitching Mound.Drive,,Delivery,pitch.1,439230,-0.0491,-0.2298,1.8609,0.6411,-1.9365,-2.3349,0.0,0.0
1779988773104,2,Pitching Mound.Parent,,Delivery,pitch.1,438274,7.5221,-8.6407,114.3117,-99.0011,117.4789,21.8366,-0.1391,0.1159
1779988773105,2,11.0000004b,Drive,Delivery,pitch.1,439231,-0.0651,-0.2403,1.9656,0.6666,-2.2203,-2.3855,0.0,0.0
1779988773105,2,12.00000015,Lower Delivery,Delivery,pitch.1,438958,10.704,-6.3309,101.4339,-158.6209,119.2387,17.3259,-0.1565,-0.2082
1779988773105,2,12.00000018,Upper Delivery,Delivery,pitch.1,439814,-3.1826,-2.1027,11.1785,27.9421,0.2866,11.5369,-0.0034,0.327
1779988773105,2,Pitching Mound.Delivery,,Delivery,pitch.1,438655,7.5213,-8.4336,112.6124,-99.992,119.5253,24.1414,-0.1413,0.1174
1779988773105,2,Pitching Mound.Drive,,Delivery,pitch.1,439231,-0.0651,-0.2403,1.9656,0.6666,-2.2203,-2.3855,0.0,0.0
1779988773105,2,Pitching Mound.Parent,,Delivery,pitch.1,438275,7.4562,-8.6739,114.5781,-99.3254,117.305,21.7559,-0.1389,0.1154
1779988773106,2,11.0000004b,Drive,Delivery,pitch.1,439232,-0.0711,-0.2487,1.9505,0.695,-2.4414,-2.4207,0.0,0.0
1779988773106,2,12.00000015,Lower Delivery,Delivery,pitch.1,438959,10.6684,-6.3494,101.4919,-158.3843,119.2538,17.3151,-0.1564,-0.2078
1779988773106,2,12.00000018,Upper Delivery,Delivery,pitch.1,439815,-3.1635,-2.0865,10.8646,27.7254,0.3723,11.5148,-0.0046,0.327
1779988773106,2,Pitching Mound.Delivery,,Delivery,pitch.1,438656,7.5049,-8.4358,112.3564,-99.8456,119.6261,24.1271,-0.1417,0.1182
1779988773106,2,Pitching Mound.Drive,,Delivery,pitch.1,439232,-0.0711,-0.2487,1.9505,0.695,-2.4414,-2.4207,0.0,0.0
1779988773106,2,Pitching Mound.Parent,,Delivery,pitch.1,438276,7.4338,-8.6845,114.3069,-99.1506,117.1847,21.7064,-0.1393,0.1162
1779988773107,2,11.0000004b,Drive,Delivery,pitch.1,439233,-0.0454,-0.2588,1.8459,0.6899,-2.4446,-2.4372,0.0,0.0
1779988773107,2,12.00000015,Lower Delivery,Delivery,pitch.1,438960,10.6391,-6.3789,101.6749,-158.4308,119.1842,17.2756,-0.1561,-0.2074
1779988773107,2,12.00000018,Upper Delivery,Delivery,pitch.1,439816,-3.1554,-2.093,11.0074,27.0111,0.2295,11.4829,-0.0028,0.3267
1779988773107,2,Pitching Mound.Delivery,,Delivery,pitch.1,438657,7.4837,-8.4719,112.6824,-100.5927,119.4137,24.0684,-0.1411,0.1183
1779988773107,2,Pitching Mound.Drive,,Delivery,pitch.1,439233,-0.0454,-0.2588,1.8459,0.6899,-2.4446,-2.4372,0.0,0.0
1779988773107,2,Pitching Mound.Parent,,Delivery,pitch.1,438277,7.4383,-8.7307,114.5283,-99.9028,116.9691,21.6312,-0.1388,0.1164
1779988773108,2,11.0000004b,Drive,Delivery,pitch.1,439234,-0.0313,-0.2733,1.8507,0.7026,-2.5695,-2.4347,0.0,0.0
1779988773108,2,12.00000015,Lower Delivery,Delivery,pitch.1,438961,10.6094,-6.3499,101.6559,-158.5027,119.5593,17.2295,-0.1566,-0.2076
1779988773108,2,12.00000018,Upper Delivery,Delivery,pitch.1,439817,-3.1376,-2.1176,11.0997,27.1204,0.2713,11.4279,-0.0033,0.3253
1779988773108,2,Pitching Mound.Delivery,,Delivery,pitch.1,438658,7.4718,-8.4675,112.7556,-100.5931,119.8307,23.9834,-0.1415,0.1179
1779988773108,2,Pitching Mound.Drive,,Delivery,pitch.1,439234,-0.0313,-0.2733,1.8507,0.7026,-2.5695,-2.4347,0.0,0.0
1779988773108,2,Pitching Mound.Parent,,Delivery,pitch.1,438278,7.4406,-8.7408,114.6064,-99.8905,117.2612,21.5487,-0.1392,0.116
1779988773109,2,11.0000004b,Drive,Delivery,pitch.1,439235,-0.0355,-0.289,1.8524,0.6912,-2.5664,-2.4405,0.0,0.0
1779988773109,2,12.00000015,Lower Delivery,Delivery,pitch.1,438962,10.5905,-6.3578,101.6202,-158.5788,119.9088,17.2507,-0.1571,-0.2077
1779988773109,2,12.00000018,Upper Delivery,Delivery,pitch.1,439818,-3.1306,-2.1042,11.1692,27.1236,0.4054,11.4026,-0.0048,0.3233
1779988773109,2,Pitching Mound.Delivery,,Delivery,pitch.1,438659,7.46,-8.462,112.7894,-100.7019,120.3141,23.9881,-0.142,0.1175
1779988773109,2,Pitching Mound.Drive,,Delivery,pitch.1,439235,-0.0355,-0.289,1.8524,0.6912,-2.5664,-2.4405,0.0,0.0
1779988773109,2,Pitching Mound.Parent,,Delivery,pitch.1,438279,7.4244,-8.751,114.6418,-100.0107,117.7477,21.5476,-0.1397,0.1156
1779988773110,2,11.0000004b,Drive,Delivery,pitch.1,439236,-0.0397,-0.2952,1.9444,0.717,-2.6697,-2.4432,0.0,0.0
1779988773110,2,12.00000015,Lower Delivery,Delivery,pitch.1,438963,10.5835,-6.3655,101.7514,-158.3518,120.0666,17.2099,-0.1571,-0.2072
1779988773110,2,12.00000018,Upper Delivery,Delivery,pitch.1,439819,-3.1034,-2.1155,11.4713,26.7636,0.5107,11.4046,-0.0059,0.3106
1779988773110,2,Pitching Mound.Delivery,,Delivery,pitch.1,438660,7.4801,-8.481,113.2227,-100.893,120.5772,23.961,-0.1418,0.1164
1779988773110,2,Pitching Mound.Drive,,Delivery,pitch.1,439236,-0.0397,-0.2952,1.9444,0.717,-2.6697,-2.4432,0.0,0.0
1779988773110,2,Pitching Mound.Parent,,Delivery,pitch.1,438280,7.4404,-8.7762,115.167,-100.1759,117.9076,21.5178,-0.1394,0.1144
1779988773111,2,11.0000004b,Drive,Delivery,pitch.1,439237,-0.0322,-0.307,1.8751,0.739,-2.8131,-2.4653,0.0,0.0
1779988773111,2,12.00000015,Lower Delivery,Delivery,pitch.1,438964,10.5503,-6.3509,101.6571,-157.9343,120.1643,17.198,-0.1574,-0.2068
1779988773111,2,12.00000018,Upper Delivery,Delivery,pitch.1,439820,-3.077,-2.1649,11.1994,26.4972,0.5978,11.3741,-0.0071,0.315
1779988773111,2,Pitching Mound.Delivery,,Delivery,pitch.1,438661,7.4733,-8.5158,112.8565,-100.6815,120.762,23.9388,-0.1425,0.1175
1779988773111,2,Pitching Mound.Drive,,Delivery,pitch.1,439237,-0.0322,-0.307,1.8751,0.739,-2.8131,-2.4653,0.0,0.0
1779988773111,2,Pitching Mound.Parent,,Delivery,pitch.1,438281,7.4411,-8.8227,114.7316,-99.9424,117.949,21.4735,-0.1401,0.1156
1779988773112,2,11.0000004b,Drive,Delivery,pitch.1,439238,-0.0469,-0.3305,1.9121,0.7321,-2.8093,-2.4521,0.0,0.0
1779988773112,2,12.00000015,Lower Delivery,Delivery,pitch.1,438965,10.5112,-6.3674,101.8605,-157.8809,120.2069,17.1837,-0.1571,-0.2063
1779988773112,2,12.00000018,Upper Delivery,Delivery,pitch.1,439821,-3.0624,-2.1986,11.3535,26.1023,0.7383,11.3312,-0.0087,0.3061
1779988773112,2,Pitching Mound.Delivery,,Delivery,pitch.1,438662,7.4489,-8.5659,113.214,-101.0062,120.9452,23.8998,-0.1422,0.1168
1779988773112,2,Pitching Mound.Drive,,Delivery,pitch.1,439238,-0.0469,-0.3305,1.9121,0.7321,-2.8093,-2.4521,0.0,0.0
1779988773112,2,Pitching Mound.Parent,,Delivery,pitch.1,438282,7.4019,-8.8964,115.1262,-100.2741,118.1359,21.4476,-0.1399,0.1149
1779988773113,2,11.0000004b,Drive,Delivery,pitch.1,439239,-0.0363,-0.335,1.9498,0.7501,-2.7335,-2.4471,0.0,0.0
1779988773113,2,11.0000004b,Drive,Delivery,pitch.1,439240,-0.0164,-0.3216,1.8516,0.7251,-2.6954,-2.4422,0.0,0.0
1779988773113,2,12.00000015,Lower Delivery,Delivery,pitch.1,438966,10.453,-6.3543,101.7944,-157.9352,120.2004,17.1466,-0.1572,-0.2065
1779988773113,2,12.00000018,Upper Delivery,Delivery,pitch.1,439822,-3.0576,-2.1886,11.5311,25.7674,0.6719,11.3185,-0.0078,0.2975
1779988773113,2,Pitching Mound.Delivery,,Delivery,pitch.1,438663,7.3954,-8.5429,113.3255,-101.4783,120.8723,23.8715,-0.142,0.1155
1779988773113,2,Pitching Mound.Drive,,Delivery,pitch.1,439239,-0.0363,-0.335,1.9498,0.7501,-2.7335,-2.4471,0.0,0.0
1779988773113,2,Pitching Mound.Drive,,Delivery,pitch.1,439240,-0.0164,-0.3216,1.8516,0.7251,-2.6954,-2.4422,0.0,0.0
1779988773113,2,Pitching Mound.Parent,,Delivery,pitch.1,438283,7.359,-8.8779,115.2753,-100.7282,118.1388,21.4244,-0.1396,0.1136
1779988773114,2,11.0000004b,Drive,Delivery,pitch.1,439241,-0.0048,-0.318,1.8719,0.7202,-2.4551,-2.4094,0.0,0.0
1779988773114,2,12.00000015,Lower Delivery,Delivery,pitch.1,438967,10.4186,-6.376,101.8692,-158.1378,119.6478,17.1255,-0.1564,-0.2067
1779988773114,2,12.00000018,Upper Delivery,Delivery,pitch.1,439823,-3.0579,-2.199,11.6219,25.6345,0.8185,11.289,-0.0094,0.2936
1779988773114,2,Pitching Mound.Delivery,,Delivery,pitch.1,438664,7.3607,-8.5749,113.4912,-101.8193,120.4663,23.8325,-0.1413,0.1149
1779988773114,2,Pitching Mound.Drive,,Delivery,pitch.1,439241,-0.0048,-0.318,1.8719,0.7202,-2.4551,-2.4094,0.0,0.0
1779988773114,2,Pitching Mound.Parent,,Delivery,pitch.1,438284,7.3443,-8.8965,115.3428,-101.0942,117.7709,21.3903,-0.139,0.1131
1779988773115,2,11.0000004b,Drive,Delivery,pitch.1,439242,0.0087,-0.2937,1.8339,0.7065,-2.3682,-2.3837,0.0,0.0
1779988773115,2,12.00000015,Lower Delivery,Delivery,pitch.1,438968,10.3738,-6.4238,101.9001,-158.3386,119.8259,17.0969,-0.1565,-0.2069
1779988773115,2,12.00000018,Upper Delivery,Delivery,pitch.1,439824,-3.037,-2.2008,11.8147,25.4404,0.9868,11.2785,-0.0111,0.2867
1779988773115,2,Pitching Mound.Delivery,,Delivery,pitch.1,438665,7.3369,-8.6245,113.7147,-102.2691,120.8127,23.8157,-0.1414,0.1138
1779988773115,2,Pitching Mound.Drive,,Delivery,pitch.1,439242,0.0087,-0.2937,1.8339,0.7065,-2.3682,-2.3837,0.0,0.0
1779988773115,2,Pitching Mound.Parent,,Delivery,pitch.1,438285,7.3321,-8.9425,115.5867,-101.5489,118.3576,21.4063,-0.1391,0.1119
1779988773116,2,12.00000015,Lower Delivery,Delivery,pitch.1,438969,10.333,-6.4551,102.0664,-158.0061,119.9896,17.0816,-0.1565,-0.2061
1779988773116,2,12.00000018,Upper Delivery,Delivery,pitch.1,439825,-3.0538,-2.2113,11.7799,25.0915,0.923,11.2575,-0.0104,0.2836
1779988773116,2,Pitching Mound.Delivery,,Delivery,pitch.1,438666,7.2793,-8.6663,113.8464,-102.2172,120.9125,23.7877,-0.1414,0.1142
1779988773116,2,Pitching Mound.Parent,,Delivery,pitch.1,438286,7.2879,-8.96,115.6803,-101.5107,118.5444,21.404,-0.1391,0.1124
1779988773117,2,11.0000004b,Drive,Delivery,pitch.1,439244,-0.0093,-0.2807,1.889,0.7132,-2.3392,-2.3705,0.0,0.0
1779988773117,2,11.0000004b,Drive,Delivery,pitch.1,439243,0.0094,-0.269,1.888,0.7006,-2.325,-2.3666,0.0,0.0
1779988773117,2,12.00000015,Lower Delivery,Delivery,pitch.1,438970,10.301,-6.4574,102.1655,-157.8524,120.1525,17.0242,-0.1566,-0.2057
1779988773117,2,12.00000018,Upper Delivery,Delivery,pitch.1,439826,-3.0697,-2.2071,11.746,25.1089,0.6688,11.2478,-0.0076,0.2846
1779988773117,2,Pitching Mound.Delivery,,Delivery,pitch.1,438667,7.2312,-8.6646,113.9116,-102.0009,120.8213,23.7259,-0.1412,0.1147
1779988773117,2,Pitching Mound.Drive,,Delivery,pitch.1,439244,-0.0093,-0.2807,1.889,0.7132,-2.3392,-2.3705,0.0,0.0
1779988773117,2,Pitching Mound.Drive,,Delivery,pitch.1,439243,0.0094,-0.269,1.888,0.7006,-2.325,-2.3666,0.0,0.0
1779988773117,2,Pitching Mound.Parent,,Delivery,pitch.1,438287,7.2406,-8.9335,115.7996,-101.3003,118.4963,21.3593,-0.1389,0.1129
1779988773118,2,12.00000015,Lower Delivery,Delivery,pitch.1,438971,10.2895,-6.5282,102.3827,-157.8671,119.9589,17.0389,-0.156,-0.2053
1779988773118,2,12.00000018,Upper Delivery,Delivery,pitch.1,439827,-3.0728,-2.1779,11.5967,25.0905,0.5826,11.2175,-0.0067,0.288
1779988773118,2,Pitching Mound.Delivery,,Delivery,pitch.1,438668,7.2167,-8.7061,113.9794,-101.9093,120.5415,23.7132,-0.1408,0.1157
1779988773118,2,Pitching Mound.Parent,,Delivery,pitch.1,438288,7.2074,-8.9867,115.8684,-101.1961,118.2023,21.3427,-0.1385,0.1138
1779988773119,2,11.0000004b,Drive,Delivery,pitch.1,439245,-0.002,-0.2654,1.8793,0.7265,-2.3626,-2.3832,0.0,0.0
1779988773119,2,11.0000004b,Drive,Delivery,pitch.1,439246,-0.0062,-0.2732,1.842,0.7454,-2.434,-2.3757,0.0,0.0
1779988773119,2,12.00000015,Lower Delivery,Delivery,pitch.1,438972,10.2266,-6.583,102.4507,-157.932,119.9657,17.0237,-0.1559,-0.2052
1779988773119,2,12.00000018,Upper Delivery,Delivery,pitch.1,439828,-3.0721,-2.1592,11.3846,25.0806,0.5672,11.2051,-0.0066,0.2933
1779988773119,2,Pitching Mound.Delivery,,Delivery,pitch.1,438669,7.1545,-8.7422,113.8353,-101.8889,120.5328,23.7072,-0.141,0.1166
1779988773119,2,Pitching Mound.Drive,,Delivery,pitch.1,439245,-0.002,-0.2654,1.8793,0.7265,-2.3626,-2.3832,0.0,0.0
1779988773119,2,Pitching Mound.Drive,,Delivery,pitch.1,439246,-0.0062,-0.2732,1.842,0.7454,-2.434,-2.3757,0.0,0.0
1779988773119,2,Pitching Mound.Parent,,Delivery,pitch.1,438289,7.1525,-9.0076,115.7146,-101.1625,118.1703,21.324,-0.1387,0.1147
1779988773120,2,11.0000004b,Drive,Delivery,pitch.1,439247,-0.02,-0.285,1.8748,0.7489,-2.4902,-2.3772,0.0,0.0
1779988773120,2,12.00000015,Lower Delivery,Delivery,pitch.1,438973,10.1851,-6.6288,102.4653,-157.9052,120.0372,17.019,-0.156,-0.2052
1779988773120,2,12.00000018,Upper Delivery,Delivery,pitch.1,439829,-3.0309,-2.1352,11.3175,24.9758,0.5826,11.1602,-0.0069,0.2938
1779988773120,2,Pitching Mound.Delivery,,Delivery,pitch.1,438670,7.1542,-8.764,113.7828,-101.9391,120.6198,23.6858,-0.1411,0.1168
1779988773120,2,Pitching Mound.Drive,,Delivery,pitch.1,439247,-0.02,-0.285,1.8748,0.7489,-2.4902,-2.3772,0.0,0.0
1779988773120,2,Pitching Mound.Parent,,Delivery,pitch.1,438290,7.148,-9.0371,115.6248,-101.1937,118.1858,21.3102,-0.1389,0.115
1779988773121,2,12.00000015,Lower Delivery,Delivery,pitch.1,438974,10.1369,-6.7166,102.6442,-158.1146,119.9689,17.0052,-0.1556,-0.2051
1779988773121,2,12.00000018,Upper Delivery,Delivery,pitch.1,439830,-3.0226,-2.1501,10.8585,25.1149,0.5705,11.0849,-0.007,0.3079
1779988773121,2,Pitching Mound.Delivery,,Delivery,pitch.1,438671,7.1143,-8.8667,113.5027,-101.7926,120.5394,23.6159,-0.1414,0.119
1779988773121,2,Pitching Mound.Parent,,Delivery,pitch.1,438291,7.0943,-9.1517,115.3775,-101.0437,118.0492,21.2387,-0.1391,0.117
1779988773122,2,11.0000004b,Drive,Delivery,pitch.1,439248,-0.0157,-0.2774,1.7981,0.7529,-2.3683,-2.3905,0.0,0.0
1779988773122,2,12.00000015,Lower Delivery,Delivery,pitch.1,438975,10.1011,-6.8125,102.8455,-158.0389,120.05,16.9879,-0.1554,-0.2046
1779988773122,2,12.00000018,Upper Delivery,Delivery,pitch.1,439831,-3.0144,-2.1631,10.864,25.1254,0.5658,11.0915,-0.0069,0.3079
1779988773122,2,Pitching Mound.Delivery,,Delivery,pitch.1,438672,7.0866,-8.9756,113.7095,-101.6397,120.6158,23.6201,-0.1412,0.1194
1779988773122,2,Pitching Mound.Drive,,Delivery,pitch.1,439248,-0.0157,-0.2774,1.7981,0.7529,-2.3683,-2.3905,0.0,0.0
1779988773122,2,Pitching Mound.Parent,,Delivery,pitch.1,438292,7.0709,-9.253,115.5077,-100.8869,118.2475,21.2296,-0.139,0.1176
1779988773123,2,11.0000004b,Drive,Delivery,pitch.1,439249,-0.0323,-0.2826,1.8338,0.7704,-2.417,-2.3819,0.0,0.0
1779988773123,2,11.0000004b,Drive,Delivery,pitch.1,439250,-0.0284,-0.2733,1.8305,0.7596,-2.3818,-2.385,0.0,0.0
1779988773123,2,12.00000015,Lower Delivery,Delivery,pitch.1,438976,10.0878,-6.8889,102.7427,-157.9414,120.0524,17.0007,-0.1556,-0.2047
1779988773123,2,12.00000018,Upper Delivery,Delivery,pitch.1,439832,-2.9803,-2.1573,10.5892,25.1799,0.7033,11.0326,-0.0088,0.3166
1779988773123,2,Pitching Mound.Delivery,,Delivery,pitch.1,438673,7.1075,-9.0463,113.3319,-101.4293,120.7557,23.5902,-0.1418,0.1205
1779988773123,2,Pitching Mound.Drive,,Delivery,pitch.1,439249,-0.0323,-0.2826,1.8338,0.7704,-2.417,-2.3819,0.0,0.0
1779988773123,2,Pitching Mound.Drive,,Delivery,pitch.1,439250,-0.0284,-0.2733,1.8305,0.7596,-2.3818,-2.385,0.0,0.0
1779988773123,2,Pitching Mound.Parent,,Delivery,pitch.1,438293,7.0752,-9.3289,115.1656,-100.6589,118.3387,21.2083,-0.1396,0.1186
1779988773124,2,11.0000004b,Drive,Delivery,pitch.1,439251,-0.0392,-0.3077,1.8626,0.8023,-2.4851,-2.4297,0.0,0.0
1779988773124,2,12.00000015,Lower Delivery,Delivery,pitch.1,438977,10.0695,-6.9938,102.8717,-157.8891,120.1504,17.0127,-0.1555,-0.2043
1779988773124,2,12.00000018,Upper Delivery,Delivery,pitch.1,439833,-2.9387,-2.1741,10.4618,25.3181,0.9517,11.0449,-0.0121,0.3222
1779988773124,2,Pitching Mound.Delivery,,Delivery,pitch.1,438674,7.1308,-9.1679,113.3335,-101.1516,121.1021,23.6348,-0.1423,0.1215
1779988773124,2,Pitching Mound.Drive,,Delivery,pitch.1,439251,-0.0392,-0.3077,1.8626,0.8023,-2.4851,-2.4297,0.0,0.0
1779988773124,2,Pitching Mound.Parent,,Delivery,pitch.1,438294,7.1024,-9.4413,115.164,-100.392,118.7204,21.2498,-0.14,0.1196
1779988773125,2,11.0000004b,Drive,Delivery,pitch.1,439252,-0.0609,-0.3033,1.897,0.802,-2.6713,-2.442,0.0,0.0
1779988773125,2,12.00000015,Lower Delivery,Delivery,pitch.1,438978,10.0373,-7.106,103.1301,-158.0959,120.0801,17.0011,-0.155,-0.2041
1779988773125,2,12.00000018,Upper Delivery,Delivery,pitch.1,439834,-2.9032,-2.1833,10.4447,25.4114,0.9186,11.0076,-0.0117,0.3239
1779988773125,2,Pitching Mound.Delivery,,Delivery,pitch.1,438675,7.1341,-9.2892,113.5748,-101.1714,120.9987,23.6089,-0.1418,0.1219
1779988773125,2,Pitching Mound.Drive,,Delivery,pitch.1,439252,-0.0609,-0.3033,1.897,0.802,-2.6713,-2.442,0.0,0.0
1779988773125,2,Pitching Mound.Parent,,Delivery,pitch.1,438295,7.0949,-9.5969,115.4374,-100.3692,118.5136,21.1792,-0.1395,0.12
1779988773126,2,11.0000004b,Drive,Delivery,pitch.1,439253,-0.058,-0.2994,1.8828,0.7763,-2.5215,-2.4296,0.0,0.0
1779988773126,2,12.00000015,Lower Delivery,Delivery,pitch.1,438979,10.0152,-7.2033,103.3442,-158.3403,120.0651,16.9795,-0.1547,-0.204
1779988773126,2,12.00000018,Upper Delivery,Delivery,pitch.1,439835,-2.8769,-2.1671,10.252,25.4798,0.9102,10.978,-0.0118,0.327
1779988773126,2,Pitching Mound.Delivery,,Delivery,pitch.1,438676,7.1383,-9.3704,113.5963,-101.2091,120.9753,23.5743,-0.1418,0.1226
1779988773126,2,Pitching Mound.Drive,,Delivery,pitch.1,439253,-0.058,-0.2994,1.8828,0.7763,-2.5215,-2.4296,0.0,0.0
1779988773126,2,Pitching Mound.Parent,,Delivery,pitch.1,438296,7.0774,-9.6736,115.4933,-100.4071,118.304,21.1322,-0.1394,0.1206
1779988773127,2,11.0000004b,Drive,Delivery,pitch.1,439254,-0.0569,-0.3362,1.8641,0.8044,-2.5911,-2.4639,0.0,0.0
1779988773127,2,12.00000015,Lower Delivery,Delivery,pitch.1,438980,9.9917,-7.2865,103.4508,-158.9318,120.1992,16.9704,-0.1547,-0.2045
1779988773127,2,12.00000018,Upper Delivery,Delivery,pitch.1,439836,-2.8718,-2.1453,10.3088,25.5512,0.9626,10.9768,-0.0124,0.327
1779988773127,2,Pitching Mound.Delivery,,Delivery,pitch.1,438677,7.1198,-9.4318,113.7595,-101.7122,121.1618,23.5735,-0.1418,0.122
1779988773127,2,Pitching Mound.Drive,,Delivery,pitch.1,439254,-0.0569,-0.3362,1.8641,0.8044,-2.5911,-2.4639,0.0,0.0
1779988773127,2,Pitching Mound.Parent,,Delivery,pitch.1,438297,7.0618,-9.7312,115.6423,-100.936,118.6403,21.1439,-0.1395,0.12
1779988773128,2,11.0000004b,Drive,Delivery,pitch.1,439255,-0.0428,-0.3403,1.8401,0.7711,-2.4576,-2.4328,0.0,0.0
1779988773128,2,12.00000015,Lower Delivery,Delivery,pitch.1,438981,9.9847,-7.3497,103.5362,-159.1201,120.5421,16.956,-0.155,-0.2046
1779988773128,2,12.00000018,Upper Delivery,Delivery,pitch.1,439837,-2.8789,-2.0886,10.9065,25.4727,0.8626,10.9629,-0.0105,0.3109
1779988773128,2,Pitching Mound.Delivery,,Delivery,pitch.1,438678,7.1058,-9.4383,114.4426,-102.1533,121.4047,23.5453,-0.1412,0.1197
1779988773128,2,Pitching Mound.Drive,,Delivery,pitch.1,439255,-0.0428,-0.3403,1.8401,0.7711,-2.4576,-2.4328,0.0,0.0
1779988773128,2,Pitching Mound.Parent,,Delivery,pitch.1,438298,7.0489,-9.7745,116.3068,-101.349,118.8136,21.0815,-0.139,0.1178
1779988773129,2,12.00000015,Lower Delivery,Delivery,pitch.1,438982,9.9636,-7.4453,103.6582,-159.5414,120.7063,16.941,-0.155,-0.2049
1779988773129,2,12.00000018,Upper Delivery,Delivery,pitch.1,439838,-2.8737,-2.1209,10.7477,25.3858,0.8332,10.9599,-0.0103,0.3144
1779988773129,2,Pitching Mound.Delivery,,Delivery,pitch.1,438679,7.0899,-9.5662,114.4059,-102.566,121.5395,23.5362,-0.1414,0.12
1779988773129,2,Pitching Mound.Parent,,Delivery,pitch.1,438299,7.0471,-9.9065,116.2459,-101.7949,119.0819,21.1034,-0.1392,0.1181
1779988773130,2,11.0000004b,Drive,Delivery,pitch.1,439256,-0.0455,-0.3288,1.8706,0.7613,-2.4216,-2.4383,0.0,0.0
1779988773130,2,12.00000015,Lower Delivery,Delivery,pitch.1,438983,9.9505,-7.5125,103.8704,-159.81,120.8586,16.8987,-0.1549,-0.2048
1779988773130,2,12.00000018,Upper Delivery,Delivery,pitch.1,439839,-2.8708,-2.0772,10.9412,25.3336,0.7784,10.9449,-0.0095,0.3082
1779988773130,2,Pitching Mound.Delivery,,Delivery,pitch.1,438680,7.0797,-9.5897,114.8116,-102.8804,121.637,23.4844,-0.141,0.1193
1779988773130,2,Pitching Mound.Drive,,Delivery,pitch.1,439256,-0.0455,-0.3288,1.8706,0.7613,-2.4216,-2.4383,0.0,0.0
1779988773130,2,Pitching Mound.Parent,,Delivery,pitch.1,438300,7.0342,-9.9185,116.6821,-102.1191,119.2154,21.0461,-0.1388,0.1174
1779988773131,2,11.0000004b,Drive,Delivery,pitch.1,439257,-0.0442,-0.311,1.8441,0.7493,-2.3922,-2.4131,0.0,0.0
1779988773131,2,12.00000015,Lower Delivery,Delivery,pitch.1,438984,9.9651,-7.55,104.0397,-159.9524,121.0514,16.8462,-0.1549,-0.2047
1779988773131,2,12.00000018,Upper Delivery,Delivery,pitch.1,439840,-2.8867,-2.0873,11.5845,24.8172,0.4789,10.9499,-0.0055,0.2852
1779988773131,2,Pitching Mound.Delivery,,Delivery,pitch.1,438681,7.0784,-9.6372,115.6242,-103.7005,121.5303,23.4266,-0.1399,0.1163
1779988773131,2,Pitching Mound.Drive,,Delivery,pitch.1,439257,-0.0442,-0.311,1.8441,0.7493,-2.3922,-2.4131,0.0,0.0
1779988773131,2,Pitching Mound.Parent,,Delivery,pitch.1,438301,7.0342,-9.9482,117.4682,-102.9511,119.1381,21.0135,-0.1377,0.1145
1779988773132,2,11.0000004b,Drive,Delivery,pitch.1,439258,-0.059,-0.2999,1.8932,0.7159,-2.3756,-2.396,0.0,0.0
1779988773132,2,12.00000015,Lower Delivery,Delivery,pitch.1,438985,9.9193,-7.5767,104.0655,-159.9549,120.9358,16.8161,-0.1547,-0.2046
1779988773132,2,12.00000018,Upper Delivery,Delivery,pitch.1,439841,-2.8668,-2.0487,11.5309,24.7616,0.4297,10.983,-0.005,0.2859
1779988773132,2,Pitching Mound.Delivery,,Delivery,pitch.1,438682,7.0526,-9.6254,115.5964,-103.7315,121.3654,23.4519,-0.1398,0.1165
1779988773132,2,Pitching Mound.Drive,,Delivery,pitch.1,439258,-0.059,-0.2999,1.8932,0.7159,-2.3756,-2.396,0.0,0.0
1779988773132,2,Pitching Mound.Parent,,Delivery,pitch.1,438302,6.9936,-9.9253,117.4896,-103.0155,118.9899,21.0559,-0.1375,0.1146
1779988773133,2,11.0000004b,Drive,Delivery,pitch.1,439260,-0.0653,-0.3053,1.8855,0.7037,-2.4368,-2.3424,0.0,0.0
1779988773133,2,11.0000004b,Drive,Delivery,pitch.1,439259,-0.0532,-0.2977,1.8324,0.7342,-2.3821,-2.3669,0.0,0.0
1779988773133,2,12.00000015,Lower Delivery,Delivery,pitch.1,438986,9.8914,-7.5863,104.1958,-160.6108,121.0566,16.7687,-0.1547,-0.2052
1779988773133,2,12.00000018,Upper Delivery,Delivery,pitch.1,439842,-2.8672,-2.0349,11.6328,24.5855,0.4229,11.0103,-0.0048,0.2814
1779988773133,2,Pitching Mound.Delivery,,Delivery,pitch.1,438683,7.0242,-9.6212,115.8286,-104.5539,121.4795,23.441,-0.1396,0.1154
1779988773133,2,Pitching Mound.Drive,,Delivery,pitch.1,439260,-0.0653,-0.3053,1.8855,0.7037,-2.4368,-2.3424,0.0,0.0
1779988773133,2,Pitching Mound.Drive,,Delivery,pitch.1,439259,-0.0532,-0.2977,1.8324,0.7342,-2.3821,-2.3669,0.0,0.0
1779988773133,2,Pitching Mound.Parent,,Delivery,pitch.1,438303,6.971,-9.9188,117.6611,-103.8196,119.0975,21.0741,-0.1374,0.1136
1779988773134,2,11.0000004b,Drive,Delivery,pitch.1,439261,-0.0475,-0.3025,1.7642,0.7418,-2.4374,-2.333,0.0,0.0
1779988773134,2,12.00000015,Lower Delivery,Delivery,pitch.1,438987,9.8477,-7.5869,104.2391,-160.4192,121.2593,16.7081,-0.1549,-0.2049
1779988773134,2,12.00000018,Upper Delivery,Delivery,pitch.1,439843,-2.918,-2.0223,11.1744,24.2957,0.1948,11.0209,-0.0023,0.2895
1779988773134,2,Pitching Mound.Delivery,,Delivery,pitch.1,438684,6.9297,-9.6092,115.4135,-104.4814,121.4541,23.3886,-0.1401,0.1171
1779988773134,2,Pitching Mound.Drive,,Delivery,pitch.1,439261,-0.0475,-0.3025,1.7642,0.7418,-2.4374,-2.333,0.0,0.0
1779988773134,2,Pitching Mound.Parent,,Delivery,pitch.1,438304,6.8644,-9.9145,117.299,-103.7778,119.0173,21.0463,-0.1378,0.1153
1779988773135,2,11.0000004b,Drive,Delivery,pitch.1,439262,-0.0294,-0.2994,1.7235,0.7395,-2.425,-2.3307,0.0,0.0
1779988773135,2,12.00000015,Lower Delivery,Delivery,pitch.1,438988,9.8261,-7.5862,104.399,-160.3349,121.455,16.6747,-0.1549,-0.2045
1779988773135,2,12.00000018,Upper Delivery,Delivery,pitch.1,439844,-2.9544,-2.0247,11.1463,24.2184,0.109,10.9901,-0.0013,0.2893
1779988773135,2,Pitching Mound.Delivery,,Delivery,pitch.1,438685,6.8717,-9.6109,115.5453,-104.4105,121.564,23.3194,-0.1401,0.1176
1779988773135,2,Pitching Mound.Drive,,Delivery,pitch.1,439262,-0.0294,-0.2994,1.7235,0.7395,-2.425,-2.3307,0.0,0.0
1779988773135,2,Pitching Mound.Parent,,Delivery,pitch.1,438305,6.8242,-9.9134,117.3096,-103.6687,119.1266,20.9865,-0.138,0.1158
1779988773136,2,11.0000004b,Drive,Delivery,pitch.1,439263,-0.0466,-0.2838,1.728,0.7224,-2.6073,-2.3286,0.0,0.0
1779988773136,2,12.00000015,Lower Delivery,Delivery,pitch.1,438989,9.7936,-7.5745,104.5241,-160.666,121.4772,16.6585,-0.1547,-0.2046
1779988773136,2,12.00000018,Upper Delivery,Delivery,pitch.1,439845,-2.961,-2.0367,11.1166,24.3422,0.0723,11.0069,-0.0009,0.2915
1779988773136,2,Pitching Mound.Delivery,,Delivery,pitch.1,438686,6.8326,-9.6112,115.6407,-104.5652,121.5495,23.3288,-0.1399,0.1177
1779988773136,2,Pitching Mound.Drive,,Delivery,pitch.1,439263,-0.0466,-0.2838,1.728,0.7224,-2.6073,-2.3286,0.0,0.0
1779988773136,2,Pitching Mound.Parent,,Delivery,pitch.1,438306,6.8032,-9.9106,117.3642,-103.8257,119.1245,20.9981,-0.1379,0.116
1779988773137,2,11.0000004b,Drive,Delivery,pitch.1,439264,-0.0444,-0.2905,1.7319,0.73,-2.6299,-2.3297,0.0,0.0
1779988773137,2,12.00000015,Lower Delivery,Delivery,pitch.1,438990,9.7426,-7.5817,104.6205,-160.5984,121.5355,16.5861,-0.1547,-0.2044
1779988773137,2,12.00000018,Upper Delivery,Delivery,pitch.1,439846,-2.9951,-2.0509,10.8974,24.2752,-0.0253,11.0273,0.0003,0.2966
1779988773137,2,Pitching Mound.Delivery,,Delivery,pitch.1,438687,6.7475,-9.6325,115.5179,-104.4573,121.5102,23.2825,-0.14,0.1187
1779988773137,2,Pitching Mound.Drive,,Delivery,pitch.1,439264,-0.0444,-0.2905,1.7319,0.73,-2.6299,-2.3297,0.0,0.0
1779988773137,2,Pitching Mound.Parent,,Delivery,pitch.1,438307,6.7009,-9.9163,117.246,-103.7349,118.9029,20.9539,-0.138,0.117
1779988773138,2,11.0000004b,Drive,Delivery,pitch.1,439265,-0.0577,-0.286,1.7512,0.7238,-2.5987,-2.3103,0.0,0.0
1779988773138,2,12.00000015,Lower Delivery,Delivery,pitch.1,438991,9.7223,-7.5502,104.6979,-160.7405,121.6233,16.5422,-0.1546,-0.2044
1779988773138,2,12.00000018,Upper Delivery,Delivery,pitch.1,439847,-3.0105,-2.0871,11.0767,24.1923,0.0424,10.9835,-0.0005,0.2908
1779988773138,2,Pitching Mound.Delivery,,Delivery,pitch.1,438688,6.7118,-9.6373,115.7746,-104.717,121.6656,23.1965,-0.1399,0.1179
1779988773138,2,Pitching Mound.Drive,,Delivery,pitch.1,439265,-0.0577,-0.286,1.7512,0.7238,-2.5987,-2.3103,0.0,0.0
1779988773138,2,Pitching Mound.Parent,,Delivery,pitch.1,438308,6.6674,-9.9278,117.5065,-103.9871,119.0357,20.8668,-0.1378,0.1162
1779988773139,2,11.0000004b,Drive,Delivery,pitch.1,439266,-0.0566,-0.2845,1.7599,0.7188,-2.5372,-2.3077,0.0,0.0
1779988773139,2,12.00000015,Lower Delivery,Delivery,pitch.1,438992,9.6457,-7.5492,104.7687,-160.9544,121.6277,16.5176,-0.1545,-0.2045
1779988773139,2,12.00000018,Upper Delivery,Delivery,pitch.1,439848,-2.9986,-2.0554,11.0518,24.5122,0.0764,11.0207,-0.0009,0.2953
1779988773139,2,Pitching Mound.Delivery,,Delivery,pitch.1,438689,6.6471,-9.6046,115.8205,-104.5784,121.7041,23.2392,-0.1399,0.1183
1779988773139,2,Pitching Mound.Drive,,Delivery,pitch.1,439266,-0.0566,-0.2845,1.7599,0.7188,-2.5372,-2.3077,0.0,0.0
1779988773139,2,Pitching Mound.Parent,,Delivery,pitch.1,438309,6.5894,-9.8907,117.5716,-103.8547,119.1054,20.9289,-0.1378,0.1165
1779988773140,2,11.0000004b,Drive,Delivery,pitch.1,439267,-0.0502,-0.2875,1.7703,0.7165,-2.6487,-2.3454,0.0,0.0
1779988773140,2,12.00000015,Lower Delivery,Delivery,pitch.1,438993,9.6112,-7.5585,104.9863,-161.3296,121.671,16.4558,-0.1543,-0.2046
1779988773140,2,12.00000018,Upper Delivery,Delivery,pitch.1,439849,-3.0556,-2.0256,10.8939,24.5369,-0.1091,10.9617,0.0013,0.2999
1779988773140,2,Pitching Mound.Delivery,,Delivery,pitch.1,438690,6.5556,-9.5841,115.8801,-104.8013,121.5618,23.1108,-0.1397,0.1189
1779988773140,2,Pitching Mound.Drive,,Delivery,pitch.1,439267,-0.0502,-0.2875,1.7703,0.7165,-2.6487,-2.3454,0.0,0.0
1779988773140,2,Pitching Mound.Parent,,Delivery,pitch.1,438310,6.499,-9.8686,117.64,-104.0825,119.0246,20.8031,-0.1376,0.1171
1779988773141,2,11.0000004b,Drive,Delivery,pitch.1,439268,-0.0464,-0.2955,1.7744,0.7236,-2.8324,-2.3585,0.0,0.0
1779988773141,2,12.00000015,Lower Delivery,Delivery,pitch.1,438994,9.5788,-7.531,105.176,-161.4919,121.8717,16.4057,-0.1543,-0.2044
1779988773141,2,12.00000018,Upper Delivery,Delivery,pitch.1,439850,-3.1033,-1.9946,10.8921,24.6725,-0.1928,10.9398,0.0024,0.3016
1779988773141,2,Pitching Mound.Delivery,,Delivery,pitch.1,438691,6.4755,-9.5256,116.0681,-104.7629,121.6789,23.0336,-0.1396,0.1193
1779988773141,2,Pitching Mound.Drive,,Delivery,pitch.1,439268,-0.0464,-0.2955,1.7744,0.7236,-2.8324,-2.3585,0.0,0.0
1779988773141,2,Pitching Mound.Parent,,Delivery,pitch.1,438311,6.4253,-9.8131,117.8383,-104.0464,119.0302,20.6882,-0.1375,0.1175
1779988773142,2,11.0000004b,Drive,Delivery,pitch.1,439269,-0.0554,-0.2925,1.8411,0.7255,-2.7316,-2.3588,0.0,0.0
1779988773142,2,12.00000015,Lower Delivery,Delivery,pitch.1,438995,9.5169,-7.5412,105.2615,-161.6916,121.8567,16.3713,-0.1541,-0.2045
1779988773142,2,12.00000018,Upper Delivery,Delivery,pitch.1,439851,-3.134,-1.9685,10.7362,25.125,-0.1912,10.9679,0.0024,0.3115
1779988773142,2,Pitching Mound.Delivery,,Delivery,pitch.1,438692,6.3829,-9.5096,115.9977,-104.428,121.6655,23.0379,-0.1396,0.1203
1779988773142,2,Pitching Mound.Drive,,Delivery,pitch.1,439269,-0.0554,-0.2925,1.8411,0.7255,-2.7316,-2.3588,0.0,0.0
1779988773142,2,Pitching Mound.Parent,,Delivery,pitch.1,438312,6.3365,-9.8051,117.7721,-103.7045,118.8331,20.6794,-0.1375,0.1185
1779988773143,2,11.0000004b,Drive,Delivery,pitch.1,439270,-0.0379,-0.2959,1.7995,0.7221,-2.6395,-2.3671,0.0,0.0
1779988773143,2,12.00000015,Lower Delivery,Delivery,pitch.1,438996,9.4937,-7.5373,105.5042,-162.2406,122.2079,16.2967,-0.1542,-0.2047
1779988773143,2,12.00000018,Upper Delivery,Delivery,pitch.1,439852,-3.1709,-1.9477,10.6335,25.265,-0.2889,10.9204,0.0036,0.3163
1779988773143,2,Pitching Mound.Delivery,,Delivery,pitch.1,438693,6.3228,-9.4851,116.1377,-104.7195,121.919,22.9111,-0.1398,0.1207
1779988773143,2,Pitching Mound.Drive,,Delivery,pitch.1,439270,-0.0379,-0.2959,1.7995,0.7221,-2.6395,-2.3671,0.0,0.0
1779988773143,2,Pitching Mound.Parent,,Delivery,pitch.1,438313,6.2673,-9.7775,117.9788,-103.9941,119.1874,20.5523,-0.1376,0.1188
1779988773144,2,12.00000015,Lower Delivery,Delivery,pitch.1,438997,9.4517,-7.5489,105.6658,-162.5466,122.343,16.1993,-0.1541,-0.2048
1779988773144,2,12.00000018,Upper Delivery,Delivery,pitch.1,439853,-3.1773,-1.9547,10.5862,25.8097,-0.2788,10.9063,0.0035,0.3246
1779988773144,2,Pitching Mound.Delivery,,Delivery,pitch.1,438694,6.2744,-9.5036,116.252,-104.4098,122.0642,22.8117,-0.1398,0.1215
1779988773144,2,Pitching Mound.Parent,,Delivery,pitch.1,438314,6.2365,-9.7995,118.0515,-103.6877,119.4247,20.4446,-0.1377,0.1196
1779988773145,2,11.0000004b,Drive,Delivery,pitch.1,439271,-0.0467,-0.2798,1.829,0.7169,-2.649,-2.3685,0.0,0.0
1779988773145,2,11.0000004b,Drive,Delivery,pitch.1,439272,-0.0368,-0.2712,1.8443,0.7207,-2.6315,-2.3646,0.0,0.0
1779988773145,2,12.00000015,Lower Delivery,Delivery,pitch.1,438998,9.4213,-7.5233,105.854,-162.9241,122.36,16.1642,-0.1539,-0.2049
1779988773145,2,12.00000018,Upper Delivery,Delivery,pitch.1,439854,-3.1671,-1.937,10.8602,25.9062,-0.3127,10.9427,0.0038,0.3176
1779988773145,2,Pitching Mound.Delivery,,Delivery,pitch.1,438695,6.2542,-9.4603,116.7141,-104.72,122.0473,22.8268,-0.1392,0.1204
1779988773145,2,Pitching Mound.Drive,,Delivery,pitch.1,439271,-0.0467,-0.2798,1.829,0.7169,-2.649,-2.3685,0.0,0.0
1779988773145,2,Pitching Mound.Drive,,Delivery,pitch.1,439272,-0.0368,-0.2712,1.8443,0.7207,-2.6315,-2.3646,0.0,0.0
1779988773145,2,Pitching Mound.Parent,,Delivery,pitch.1,438315,6.2075,-9.7401,118.5431,-104.0031,119.3983,20.4583,-0.1371,0.1186
1779988773146,2,11.0000004b,Drive,Delivery,pitch.1,439273,-0.0309,-0.2576,1.794,0.7275,-2.4837,-2.3793,0.0,0.0
1779988773146,2,12.00000015,Lower Delivery,Delivery,pitch.1,438999,9.3703,-7.5306,105.939,-163.4027,122.3285,16.1132,-0.1537,-0.2053
1779988773146,2,12.00000018,Upper Delivery,Delivery,pitch.1,439855,-3.168,-1.8824,11.2927,26.5138,-0.2113,10.9419,0.0025,0.3126
1779988773146,2,Pitching Mound.Delivery,,Delivery,pitch.1,438696,6.2023,-9.413,117.2317,-104.7092,122.1171,22.792,-0.1387,0.119
1779988773146,2,Pitching Mound.Drive,,Delivery,pitch.1,439273,-0.0309,-0.2576,1.794,0.7275,-2.4837,-2.3793,0.0,0.0
1779988773146,2,Pitching Mound.Parent,,Delivery,pitch.1,438316,6.1655,-9.6842,119.076,-103.9885,119.4856,20.4274,-0.1365,0.1172
1779988773147,2,12.00000015,Lower Delivery,Delivery,pitch.1,439000,9.3448,-7.5425,106.1463,-163.9246,122.5985,16.0221,-0.1538,-0.2056
1779988773147,2,12.00000018,Upper Delivery,Delivery,pitch.1,439856,-3.1428,-1.8469,11.2938,26.8822,-0.2834,10.9315,0.0033,0.3169
1779988773147,2,Pitching Mound.Delivery,,Delivery,pitch.1,438697,6.202,-9.3894,117.4401,-104.7925,122.3151,22.7078,-0.1387,0.1193
1779988773147,2,Pitching Mound.Parent,,Delivery,pitch.1,438317,6.1712,-9.6469,119.2341,-104.0651,119.8314,20.3285,-0.1366,0.1175
1779988773148,2,11.0000004b,Drive,Delivery,pitch.1,439275,-0.0233,-0.261,1.859,0.7178,-2.4397,-2.4031,0.0,0.0
1779988773148,2,11.0000004b,Drive,Delivery,pitch.1,439274,-0.0231,-0.2468,1.822,0.6932,-2.3033,-2.3672,0.0,0.0
1779988773148,2,12.00000015,Lower Delivery,Delivery,pitch.1,439001,9.2714,-7.5338,106.276,-164.0123,122.472,15.9929,-0.1534,-0.2055
1779988773148,2,12.00000018,Upper Delivery,Delivery,pitch.1,439857,-3.1267,-1.8045,11.5442,27.2458,0.0104,10.9231,-0.0001,0.3142
1779988773148,2,Pitching Mound.Delivery,,Delivery,pitch.1,438698,6.1446,-9.3383,117.8202,-104.5576,122.4824,22.7007,-0.1384,0.1188
1779988773148,2,Pitching Mound.Drive,,Delivery,pitch.1,439275,-0.0233,-0.261,1.859,0.7178,-2.4397,-2.4031,0.0,0.0
1779988773148,2,Pitching Mound.Drive,,Delivery,pitch.1,439274,-0.0231,-0.2468,1.822,0.6932,-2.3033,-2.3672,0.0,0.0
1779988773148,2,Pitching Mound.Parent,,Delivery,pitch.1,438318,6.1215,-9.585,119.6422,-103.8645,120.1792,20.3335,-0.1363,0.117
1779988773149,2,11.0000004b,Drive,Delivery,pitch.1,439276,-0.0246,-0.2767,1.8657,0.7202,-2.4767,-2.4034,0.0,0.0
1779988773149,2,12.00000015,Lower Delivery,Delivery,pitch.1,439002,9.2142,-7.5539,106.4172,-164.4099,122.694,15.9214,-0.1535,-0.2057
1779988773149,2,12.00000018,Upper Delivery,Delivery,pitch.1,439858,-3.1222,-1.8165,11.165,27.7392,0.0485,10.9278,-0.0006,0.327
1779988773149,2,Pitching Mound.Delivery,,Delivery,pitch.1,438699,6.0919,-9.3704,117.5822,-104.285,122.7424,22.6548,-0.139,0.1203
1779988773149,2,Pitching Mound.Drive,,Delivery,pitch.1,439276,-0.0246,-0.2767,1.8657,0.7202,-2.4767,-2.4034,0.0,0.0
1779988773149,2,Pitching Mound.Parent,,Delivery,pitch.1,438319,6.0687,-9.6314,119.4412,-103.5672,120.3028,20.2518,-0.1368,0.1185
1779988773150,2,12.00000015,Lower Delivery,Delivery,pitch.1,439003,9.1818,-7.5501,106.5028,-164.8693,122.9935,15.8902,-0.1537,-0.2061
1779988773150,2,12.00000018,Upper Delivery,Delivery,pitch.1,439859,-3.127,-1.7876,11.6532,27.8474,0.2367,10.8815,-0.0027,0.3181
1779988773150,2,Pitching Mound.Delivery,,Delivery,pitch.1,438700,6.0549,-9.3377,118.156,-104.773,123.2302,22.5867,-0.1388,0.1186
1779988773150,2,Pitching Mound.Parent,,Delivery,pitch.1,438320,6.0303,-9.6144,120.0217,-104.0528,120.7535,20.1833,-0.1367,0.1167
1779988773151,2,11.0000004b,Drive,Delivery,pitch.1,439277,-0.0046,-0.29,1.8027,0.7415,-2.5564,-2.4101,0.0,0.0
1779988773151,2,11.0000004b,Drive,Delivery,pitch.1,439278,-0.0229,-0.2935,1.8259,0.7177,-2.3982,-2.373,0.0,0.0
1779988773151,2,12.00000015,Lower Delivery,Delivery,pitch.1,439004,9.1326,-7.543,106.5532,-165.1051,123.3442,15.8564,-0.1541,-0.2063
1779988773151,2,12.00000018,Upper Delivery,Delivery,pitch.1,439860,-3.1173,-1.7741,11.7082,27.8492,0.4477,10.8858,-0.0051,0.3167
1779988773151,2,Pitching Mound.Delivery,,Delivery,pitch.1,438701,6.0153,-9.3171,118.2614,-105.0086,123.7919,22.5771,-0.1394,0.1182
1779988773151,2,Pitching Mound.Drive,,Delivery,pitch.1,439277,-0.0046,-0.29,1.8027,0.7415,-2.5564,-2.4101,0.0,0.0
1779988773151,2,Pitching Mound.Drive,,Delivery,pitch.1,439278,-0.0229,-0.2935,1.8259,0.7177,-2.3982,-2.373,0.0,0.0
1779988773151,2,Pitching Mound.Parent,,Delivery,pitch.1,438321,6.0107,-9.6071,120.0641,-104.2671,121.2355,20.167,-0.1373,0.1164
1779988773152,2,11.0000004b,Drive,Delivery,pitch.1,439279,-0.0113,-0.3094,1.7812,0.7486,-2.3926,-2.4011,0.0,0.0
1779988773152,2,12.00000015,Lower Delivery,Delivery,pitch.1,439005,9.1171,-7.5521,106.7758,-165.4422,123.4932,15.8293,-0.154,-0.2063
1779988773152,2,12.00000018,Upper Delivery,Delivery,pitch.1,439861,-3.1105,-1.762,11.6193,28.1468,0.4073,10.8929,-0.0047,0.3225
1779988773152,2,Pitching Mound.Delivery,,Delivery,pitch.1,438702,6.0066,-9.3142,118.395,-104.9421,123.9005,22.5648,-0.1393,0.1189
1779988773152,2,Pitching Mound.Drive,,Delivery,pitch.1,439279,-0.0113,-0.3094,1.7812,0.7486,-2.3926,-2.4011,0.0,0.0
1779988773152,2,Pitching Mound.Parent,,Delivery,pitch.1,438322,5.9837,-9.6077,120.2209,-104.2244,121.5024,20.1918,-0.1372,0.1171
1779988773153,2,11.0000004b,Drive,Delivery,pitch.1,439280,-0.0223,-0.3156,1.7586,0.7488,-2.3782,-2.3811,0.0,0.0
1779988773153,2,12.00000015,Lower Delivery,Delivery,pitch.1,439006,9.0701,-7.5567,107.039,-165.7786,123.6524,15.7824,-0.1538,-0.2062
1779988773153,2,12.00000018,Upper Delivery,Delivery,pitch.1,439862,-3.0569,-1.7405,11.1635,28.284,0.5577,10.9189,-0.0067,0.327
1779988773153,2,Pitching Mound.Delivery,,Delivery,pitch.1,438703,6.0132,-9.2972,118.2026,-104.897,124.2101,22.5781,-0.1399,0.12
1779988773153,2,Pitching Mound.Drive,,Delivery,pitch.1,439280,-0.0223,-0.3156,1.7586,0.7488,-2.3782,-2.3811,0.0,0.0
1779988773153,2,Pitching Mound.Parent,,Delivery,pitch.1,438323,6.002,-9.6067,119.9838,-104.1484,121.8175,20.177,-0.1378,0.1182
1779988773154,2,11.0000004b,Drive,Delivery,pitch.1,439281,-0.0287,-0.3195,1.7643,0.7691,-2.624,-2.4073,0.0,0.0
1779988773154,2,12.00000015,Lower Delivery,Delivery,pitch.1,439007,9.051,-7.5611,107.2062,-165.9127,123.8024,15.745,-0.1537,-0.206
1779988773154,2,12.00000018,Upper Delivery,Delivery,pitch.1,439863,-3.0553,-1.685,11.2392,28.5499,0.6995,10.907,-0.0083,0.327
1779988773154,2,Pitching Mound.Delivery,,Delivery,pitch.1,438704,5.9957,-9.2461,118.4454,-104.734,124.502,22.5359,-0.1399,0.12
1779988773154,2,Pitching Mound.Drive,,Delivery,pitch.1,439281,-0.0287,-0.3195,1.7643,0.7691,-2.624,-2.4073,0.0,0.0
1779988773154,2,Pitching Mound.Parent,,Delivery,pitch.1,438324,5.9734,-9.5617,120.204,-103.9852,122.1237,20.1548,-0.1379,0.1183
1779988773155,2,11.0000004b,Drive,Delivery,pitch.1,439282,-0.0499,-0.3356,1.8061,0.7694,-2.6128,-2.4143,0.0,0.0
1779988773155,2,12.00000015,Lower Delivery,Delivery,pitch.1,439008,8.999,-7.5697,107.3696,-166.2244,123.9891,15.7323,-0.1537,-0.2061
1779988773155,2,12.00000018,Upper Delivery,Delivery,pitch.1,439864,-3.0547,-1.6892,11.1601,28.6718,0.7412,10.9044,-0.0088,0.327
1779988773155,2,Pitching Mound.Delivery,,Delivery,pitch.1,438705,5.9442,-9.259,118.5297,-104.8415,124.7303,22.5384,-0.1401,0.1201
1779988773155,2,Pitching Mound.Drive,,Delivery,pitch.1,439282,-0.0499,-0.3356,1.8061,0.7694,-2.6128,-2.4143,0.0,0.0
1779988773155,2,Pitching Mound.Parent,,Delivery,pitch.1,438325,5.9156,-9.5785,120.294,-104.0724,122.1063,20.1311,-0.138,0.1183
1779988773156,2,11.0000004b,Drive,Delivery,pitch.1,439283,-0.0664,-0.3527,1.8177,0.792,-2.688,-2.4154,0.0,0.0
1779988773156,2,12.00000015,Lower Delivery,Delivery,pitch.1,439009,8.9783,-7.5401,107.3866,-166.4662,124.2828,15.6697,-0.1541,-0.2064
1779988773156,2,12.00000018,Upper Delivery,Delivery,pitch.1,439865,-3.0444,-1.6483,11.2104,28.4127,0.7838,10.8789,-0.0093,0.327
1779988773156,2,Pitching Mound.Delivery,,Delivery,pitch.1,438706,5.9339,-9.1884,118.5969,-105.3536,125.0666,22.4609,-0.1404,0.1198
1779988773156,2,Pitching Mound.Drive,,Delivery,pitch.1,439283,-0.0664,-0.3527,1.8177,0.792,-2.688,-2.4154,0.0,0.0
1779988773156,2,Pitching Mound.Parent,,Delivery,pitch.1,438326,5.884,-9.5241,120.403,-104.5841,122.4538,20.0465,-0.1383,0.118
1779988773157,2,11.0000004b,Drive,Delivery,pitch.1,439284,-0.0763,-0.3672,1.8511,0.8119,-2.5222,-2.4136,0.0,0.0
1779988773157,2,12.00000015,Lower Delivery,Delivery,pitch.1,439010,8.9646,-7.5528,107.8272,-166.6762,124.4721,15.6565,-0.1537,-0.2058
1779988773157,2,12.00000018,Upper Delivery,Delivery,pitch.1,439866,-3.0402,-1.6465,11.3215,28.7541,0.8106,10.9308,-0.0095,0.327
1779988773157,2,Pitching Mound.Delivery,,Delivery,pitch.1,438707,5.9244,-9.1993,119.1487,-105.1101,125.2827,22.5056,-0.14,0.1202
1779988773157,2,Pitching Mound.Drive,,Delivery,pitch.1,439284,-0.0763,-0.3672,1.8511,0.8119,-2.5222,-2.4136,0.0,0.0
1779988773157,2,Pitching Mound.Parent,,Delivery,pitch.1,438327,5.858,-9.552,120.9664,-104.3182,122.5946,20.0902,-0.1379,0.1184
1779988773158,2,11.0000004b,Drive,Delivery,pitch.1,439285,-0.0753,-0.3663,1.8642,0.8075,-2.4396,-2.3923,0.0,0.0
1779988773158,2,12.00000015,Lower Delivery,Delivery,pitch.1,439011,8.918,-7.5446,107.8409,-166.5644,124.5186,15.585,-0.1537,-0.2056
1779988773158,2,12.00000018,Upper Delivery,Delivery,pitch.1,439867,-3.0518,-1.6239,11.2423,28.8193,0.8736,10.9508,-0.0103,0.327
1779988773158,2,Pitching Mound.Delivery,,Delivery,pitch.1,438708,5.8663,-9.1685,119.0832,-104.9016,125.3922,22.4661,-0.1402,0.1205
1779988773158,2,Pitching Mound.Drive,,Delivery,pitch.1,439285,-0.0753,-0.3663,1.8642,0.8075,-2.4396,-2.3923,0.0,0.0
1779988773158,2,Pitching Mound.Parent,,Delivery,pitch.1,438328,5.7899,-9.5357,120.9343,-104.0897,122.87,20.0525,-0.138,0.1186
1779988773159,2,11.0000004b,Drive,Delivery,pitch.1,439286,-0.0734,-0.3689,1.8345,0.811,-2.3275,-2.3998,0.0,0.0
1779988773159,2,12.00000015,Lower Delivery,Delivery,pitch.1,439012,8.901,-7.5417,108.0598,-166.8388,124.4949,15.5246,-0.1534,-0.2055
1779988773159,2,12.00000018,Upper Delivery,Delivery,pitch.1,439868,-3.0721,-1.6207,11.3844,29.1637,0.8735,10.9346,-0.0102,0.327
1779988773159,2,Pitching Mound.Delivery,,Delivery,pitch.1,438709,5.8289,-9.1624,119.4442,-104.8054,125.3684,22.3884,-0.1397,0.1204
1779988773159,2,Pitching Mound.Drive,,Delivery,pitch.1,439286,-0.0734,-0.3689,1.8345,0.811,-2.3275,-2.3998,0.0,0.0
1779988773159,2,Pitching Mound.Parent,,Delivery,pitch.1,438329,5.7537,-9.5287,121.3084,-103.998,122.9288,19.9961,-0.1376,0.1186
1779988773160,2,11.0000004b,Drive,Delivery,pitch.1,439287,-0.0611,-0.3562,1.7816,0.7973,-2.2516,-2.3858,0.0,0.0
1779988773160,2,12.00000015,Lower Delivery,Delivery,pitch.1,439013,8.8905,-7.53,108.3287,-167.0784,124.711,15.4529,-0.1533,-0.2053
1779988773160,2,12.00000018,Upper Delivery,Delivery,pitch.1,439869,-3.0647,-1.5595,11.2482,29.2663,0.8277,10.9913,-0.0098,0.327
1779988773160,2,Pitching Mound.Delivery,,Delivery,pitch.1,438710,5.8258,-9.0894,119.5769,-104.8047,125.5387,22.3794,-0.1398,0.1208
1779988773160,2,Pitching Mound.Drive,,Delivery,pitch.1,439287,-0.0611,-0.3562,1.7816,0.7973,-2.2516,-2.3858,0.0,0.0
1779988773160,2,Pitching Mound.Parent,,Delivery,pitch.1,438330,5.7523,-9.4583,121.4114,-103.9938,123.2111,19.9796,-0.1377,0.119
1779988773161,2,11.0000004b,Drive,Delivery,pitch.1,439288,-0.0659,-0.3371,1.7897,0.7732,-2.471,-2.382,0.0,0.0
1779988773161,2,12.00000015,Lower Delivery,Delivery,pitch.1,439014,8.8576,-7.5111,108.6004,-167.4484,124.6399,15.3494,-0.1528,-0.2053
1779988773161,2,12.00000018,Upper Delivery,Delivery,pitch.1,439870,-3.1005,-1.5965,11.8136,30.0651,0.949,11.0233,-0.0107,0.327
1779988773161,2,Pitching Mound.Delivery,,Delivery,pitch.1,438711,5.7571,-9.1077,120.414,-104.4759,125.5889,22.307,-0.1388,0.1202
1779988773161,2,Pitching Mound.Drive,,Delivery,pitch.1,439288,-0.0659,-0.3371,1.7897,0.7732,-2.471,-2.382,0.0,0.0
1779988773161,2,Pitching Mound.Parent,,Delivery,pitch.1,438331,5.696,-9.4638,122.1956,-103.6785,123.3374,19.9212,-0.1368,0.1185
1779988773162,2,11.0000004b,Drive,Delivery,pitch.1,439289,-0.0692,-0.3506,1.8297,0.8034,-2.318,-2.3822,0.0,0.0
1779988773162,2,12.00000015,Lower Delivery,Delivery,pitch.1,439015,8.8175,-7.5078,108.7843,-167.8954,124.5906,15.243,-0.1525,-0.2055
1779988773162,2,12.00000018,Upper Delivery,Delivery,pitch.1,439871,-3.1267,-1.5827,11.925,30.4234,1.0236,11.1068,-0.0114,0.327
1779988773162,2,Pitching Mound.Delivery,,Delivery,pitch.1,438712,5.6909,-9.0905,120.7092,-104.5398,125.6142,22.2887,-0.1385,0.12
1779988773162,2,Pitching Mound.Drive,,Delivery,pitch.1,439289,-0.0692,-0.3506,1.8297,0.8034,-2.318,-2.3822,0.0,0.0
1779988773162,2,Pitching Mound.Parent,,Delivery,pitch.1,438332,5.625,-9.4276,122.499,-103.7666,123.1432,19.9068,-0.1365,0.1182
1779988773163,2,11.0000004b,Drive,Delivery,pitch.1,439290,-0.0536,-0.3446,1.7869,0.7507,-2.5604,-2.3586,0.0,0.0
1779988773163,2,12.00000015,Lower Delivery,Delivery,pitch.1,439016,8.7657,-7.4875,108.98,-167.9503,124.6936,15.1913,-0.1523,-0.2052
1779988773163,2,12.00000018,Upper Delivery,Delivery,pitch.1,439872,-3.161,-1.5925,11.9258,30.6399,1.0298,11.1153,-0.0115,0.327
1779988773163,2,Pitching Mound.Delivery,,Delivery,pitch.1,438713,5.6047,-9.08,120.9057,-104.312,125.7233,22.2515,-0.1384,0.1203
1779988773163,2,Pitching Mound.Drive,,Delivery,pitch.1,439290,-0.0536,-0.3446,1.7869,0.7507,-2.5604,-2.3586,0.0,0.0
1779988773163,2,Pitching Mound.Parent,,Delivery,pitch.1,438333,5.5355,-9.4306,122.7354,-103.5086,123.4053,19.8693,-0.1364,0.1185
1779988773164,2,11.0000004b,Drive,Delivery,pitch.1,439291,-0.0539,-0.3511,1.8204,0.7725,-2.476,-2.3647,0.0,0.0
1779988773164,2,12.00000015,Lower Delivery,Delivery,pitch.1,439017,8.7085,-7.4786,109.0307,-168.0068,124.9394,15.1321,-0.1526,-0.2051
1779988773164,2,12.00000018,Upper Delivery,Delivery,pitch.1,439873,-3.1752,-1.5382,12.0146,30.6155,0.9634,11.0884,-0.0107,0.327
1779988773164,2,Pitching Mound.Delivery,,Delivery,pitch.1,438714,5.5333,-9.0168,121.0453,-104.4058,125.9027,22.18,-0.1385,0.1202
1779988773164,2,Pitching Mound.Drive,,Delivery,pitch.1,439291,-0.0539,-0.3511,1.8204,0.7725,-2.476,-2.3647,0.0,0.0
1779988773164,2,Pitching Mound.Parent,,Delivery,pitch.1,438334,5.4797,-9.3613,122.8322,-103.6551,123.3423,19.8213,-0.1365,0.1184
1779988773165,2,11.0000004b,Drive,Delivery,pitch.1,439292,-0.0463,-0.3377,1.786,0.7366,-2.6961,-2.3833,0.0,0.0
1779988773165,2,12.00000015,Lower Delivery,Delivery,pitch.1,439018,8.6487,-7.4737,109.3063,-168.162,125.0672,15.0405,-0.1523,-0.2048
1779988773165,2,12.00000018,Upper Delivery,Delivery,pitch.1,439874,-3.1901,-1.5612,12.0819,31.0441,0.949,11.1114,-0.0105,0.327
1779988773165,2,Pitching Mound.Delivery,,Delivery,pitch.1,438715,5.4586,-9.0349,121.3882,-104.0617,126.0162,22.1266,-0.1382,0.1204
1779988773165,2,Pitching Mound.Drive,,Delivery,pitch.1,439292,-0.0463,-0.3377,1.786,0.7366,-2.6961,-2.3833,0.0,0.0
1779988773165,2,Pitching Mound.Parent,,Delivery,pitch.1,438335,5.4047,-9.386,123.2086,-103.2891,123.5402,19.7619,-0.1362,0.1187
1779988773166,2,11.0000004b,Drive,Delivery,pitch.1,439293,-0.0437,-0.3104,1.7638,0.7247,-2.6311,-2.3565,0.0,0.0
1779988773166,2,12.00000015,Lower Delivery,Delivery,pitch.1,439019,8.6039,-7.4406,109.3507,-168.3494,125.2515,14.9614,-0.1525,-0.205
1779988773166,2,12.00000018,Upper Delivery,Delivery,pitch.1,439875,-3.1989,-1.5664,12.1508,31.1229,0.8924,11.0982,-0.0098,0.327
1779988773166,2,Pitching Mound.Delivery,,Delivery,pitch.1,438716,5.405,-9.007,121.5016,-104.1786,126.1439,22.0466,-0.1382,0.1202
1779988773166,2,Pitching Mound.Drive,,Delivery,pitch.1,439293,-0.0437,-0.3104,1.7638,0.7247,-2.6311,-2.3565,0.0,0.0
1779988773166,2,Pitching Mound.Parent,,Delivery,pitch.1,438336,5.3587,-9.3447,123.2876,-103.4419,123.4477,19.6633,-0.1362,0.1185
1779988773167,2,11.0000004b,Drive,Delivery,pitch.1,439294,-0.0304,-0.2931,1.7182,0.6931,-2.4933,-2.3761,0.0,0.0
1779988773167,2,12.00000015,Lower Delivery,Delivery,pitch.1,439020,8.521,-7.4356,109.4292,-168.7124,125.1489,14.852,-0.1523,-0.2052
1779988773167,2,12.00000018,Upper Delivery,Delivery,pitch.1,439876,-3.2324,-1.551,12.1255,31.0423,0.698,11.1261,-0.0077,0.327
1779988773167,2,Pitching Mound.Delivery,,Delivery,pitch.1,438717,5.2886,-8.9866,121.5547,-104.5868,125.8469,21.9819,-0.1378,0.12
1779988773167,2,Pitching Mound.Drive,,Delivery,pitch.1,439294,-0.0304,-0.2931,1.7182,0.6931,-2.4933,-2.3761,0.0,0.0
1779988773167,2,Pitching Mound.Parent,,Delivery,pitch.1,438337,5.2449,-9.297,123.3184,-103.8621,123.2158,19.6254,-0.1359,0.1183
1779988773168,2,11.0000004b,Drive,Delivery,pitch.1,439295,-0.0284,-0.3022,1.7674,0.6944,-2.5682,-2.3892,0.0,0.0
1779988773168,2,12.00000015,Lower Delivery,Delivery,pitch.1,439021,8.4744,-7.4224,109.5149,-168.861,125.2752,14.7703,-0.1523,-0.2053
1779988773168,2,12.00000018,Upper Delivery,Delivery,pitch.1,439877,-3.2395,-1.5537,12.2749,31.2738,0.8216,11.1246,-0.0089,0.327
1779988773168,2,Pitching Mound.Delivery,,Delivery,pitch.1,438718,5.235,-8.9761,121.7899,-104.5256,126.0968,21.9122,-0.1378,0.1198
1779988773168,2,Pitching Mound.Drive,,Delivery,pitch.1,439295,-0.0284,-0.3022,1.7674,0.6944,-2.5682,-2.3892,0.0,0.0
1779988773168,2,Pitching Mound.Parent,,Delivery,pitch.1,438338,5.2046,-9.2692,123.5081,-103.8325,123.6034,19.536,-0.1359,0.1182
1779988773169,2,11.0000004b,Drive,Delivery,pitch.1,439296,0.0071,-0.3011,1.6588,0.703,-2.647,-2.4014,0.0,0.0
1779988773169,2,12.00000015,Lower Delivery,Delivery,pitch.1,439022,8.3938,-7.376,109.6077,-168.8858,125.4687,14.6874,-0.1524,-0.2051
1779988773169,2,12.00000018,Upper Delivery,Delivery,pitch.1,439878,-3.2407,-1.5446,12.4573,31.2373,0.6869,11.104,-0.0073,0.327
1779988773169,2,Pitching Mound.Delivery,,Delivery,pitch.1,438719,5.1531,-8.9206,122.0649,-104.6174,126.1556,21.8356,-0.1376,0.1198
1779988773169,2,Pitching Mound.Drive,,Delivery,pitch.1,439296,0.0071,-0.3011,1.6588,0.703,-2.647,-2.4014,0.0,0.0
1779988773169,2,Pitching Mound.Parent,,Delivery,pitch.1,438339,5.1248,-9.2228,123.8323,-103.923,123.5873,19.4464,-0.1356,0.1181
1779988773170,2,11.0000004b,Drive,Delivery,pitch.1,439297,-0.0002,-0.3055,1.6647,0.6939,-2.6217,-2.3803,0.0,0.0
1779988773170,2,12.00000015,Lower Delivery,Delivery,pitch.1,439023,8.3281,-7.3512,109.594,-169.1402,125.4988,14.5832,-0.1524,-0.2055
1779988773170,2,12.00000018,Upper Delivery,Delivery,pitch.1,439879,-3.2198,-1.5093,12.3832,31.196,0.5985,11.1336,-0.0064,0.327
1779988773170,2,Pitching Mound.Delivery,,Delivery,pitch.1,438720,5.1083,-8.8605,121.9772,-104.8925,126.0973,21.7905,-0.1376,0.1196
1779988773170,2,Pitching Mound.Drive,,Delivery,pitch.1,439297,-0.0002,-0.3055,1.6647,0.6939,-2.6217,-2.3803,0.0,0.0
1779988773170,2,Pitching Mound.Parent,,Delivery,pitch.1,438340,5.1154,-9.1616,123.636,-104.1896,123.4503,19.389,-0.1358,0.118
1779988773171,2,11.0000004b,Drive,Delivery,pitch.1,439298,-0.0229,-0.3431,1.7389,0.7352,-2.6245,-2.406,0.0,0.0
1779988773171,2,12.00000015,Lower Delivery,Delivery,pitch.1,439024,8.2287,-7.3202,109.7198,-169.3839,125.4811,14.4909,-0.1523,-0.2055
1779988773171,2,12.00000018,Upper Delivery,Delivery,pitch.1,439880,-3.2266,-1.5283,12.4818,31.4368,0.7081,11.147,-0.0076,0.327
1779988773171,2,Pitching Mound.Delivery,,Delivery,pitch.1,438721,5.0021,-8.8486,122.2017,-104.8861,126.1893,21.7431,-0.1375,0.1194
1779988773171,2,Pitching Mound.Drive,,Delivery,pitch.1,439298,-0.0229,-0.3431,1.7389,0.7352,-2.6245,-2.406,0.0,0.0
1779988773171,2,Pitching Mound.Parent,,Delivery,pitch.1,438341,5.0019,-9.1541,123.8664,-104.1922,123.5676,19.3628,-0.1356,0.1178
1779988773172,2,11.0000004b,Drive,Delivery,pitch.1,439299,-0.0095,-0.3383,1.7045,0.7386,-2.6564,-2.4044,0.0,0.0
1779988773172,2,12.00000015,Lower Delivery,Delivery,pitch.1,439025,8.1787,-7.2808,109.523,-169.077,125.3689,14.3666,-0.1524,-0.2055
1779988773172,2,12.00000018,Upper Delivery,Delivery,pitch.1,439881,-3.2332,-1.4951,12.5427,31.3031,0.6651,11.1348,-0.0071,0.327
1779988773172,2,Pitching Mound.Delivery,,Delivery,pitch.1,438722,4.9455,-8.7759,122.0657,-104.8007,126.034,21.6213,-0.1375,0.1193
1779988773172,2,Pitching Mound.Drive,,Delivery,pitch.1,439299,-0.0095,-0.3383,1.7045,0.7386,-2.6564,-2.4044,0.0,0.0
1779988773172,2,Pitching Mound.Parent,,Delivery,pitch.1,438342,4.9225,-9.119,123.8046,-104.0655,123.4095,19.2153,-0.1355,0.1177
1779988773173,2,11.0000004b,Drive,Delivery,pitch.1,439300,-0.0312,-0.3518,1.7778,0.7561,-2.674,-2.3987,0.0,0.0
1779988773173,2,12.00000015,Lower Delivery,Delivery,pitch.1,439026,8.1163,-7.2299,109.4752,-169.1611,125.3991,14.2806,-0.1525,-0.2057
1779988773173,2,12.00000018,Upper Delivery,Delivery,pitch.1,439882,-3.2166,-1.4925,12.3452,31.4639,0.6964,11.0953,-0.0075,0.327
1779988773173,2,Pitching Mound.Delivery,,Delivery,pitch.1,438723,4.8997,-8.7224,121.8204,-104.6731,126.0955,21.5228,-0.1378,0.1194
1779988773173,2,Pitching Mound.Drive,,Delivery,pitch.1,439300,-0.0312,-0.3518,1.7778,0.7561,-2.674,-2.3987,0.0,0.0
1779988773173,2,Pitching Mound.Parent,,Delivery,pitch.1,438343,4.8902,-9.0607,123.5249,-103.9345,123.4391,19.1184,-0.1359,0.1177
1779988773174,2,11.0000004b,Drive,Delivery,pitch.1,439301,-0.0326,-0.3449,1.7598,0.754,-2.8776,-2.4004,0.0,0.0
1779988773174,2,12.00000015,Lower Delivery,Delivery,pitch.1,439027,8.0418,-7.206,109.5145,-169.3437,125.3059,14.1524,-0.1523,-0.2059
1779988773174,2,12.00000018,Upper Delivery,Delivery,pitch.1,439883,-3.2124,-1.4896,12.4291,31.6128,0.8444,11.1315,-0.009,0.327
1779988773174,2,Pitching Mound.Delivery,,Delivery,pitch.1,438724,4.8294,-8.6956,121.9436,-104.7219,126.1502,21.4575,-0.1377,0.1191
1779988773174,2,Pitching Mound.Drive,,Delivery,pitch.1,439301,-0.0326,-0.3449,1.7598,0.754,-2.8776,-2.4004,0.0,0.0
1779988773174,2,Pitching Mound.Parent,,Delivery,pitch.1,438344,4.7982,-9.0474,123.7214,-103.9657,123.4763,19.0589,-0.1357,0.1174
1779988773175,2,11.0000004b,Drive,Delivery,pitch.1,439302,-0.0243,-0.2999,1.6629,0.7374,-2.7784,-2.4057,0.0,0.0
1779988773175,2,12.00000015,Lower Delivery,Delivery,pitch.1,439028,7.9963,-7.1558,109.4382,-169.4597,125.2387,14.0424,-0.1523,-0.2061
1779988773175,2,12.00000018,Upper Delivery,Delivery,pitch.1,439884,-3.2278,-1.5318,12.2735,31.704,0.9018,11.149,-0.0098,0.327
1779988773175,2,Pitching Mound.Delivery,,Delivery,pitch.1,438725,4.7685,-8.6876,121.7117,-104.7197,126.1405,21.3752,-0.138,0.1191
1779988773175,2,Pitching Mound.Drive,,Delivery,pitch.1,439302,-0.0243,-0.2999,1.6629,0.7374,-2.7784,-2.4057,0.0,0.0
1779988773175,2,Pitching Mound.Parent,,Delivery,pitch.1,438345,4.736,-9.0325,123.4715,-103.9657,123.2629,18.9748,-0.136,0.1174
1779988773176,2,11.0000004b,Drive,Delivery,pitch.1,439303,-0.0234,-0.3179,1.6621,0.7545,-2.7701,-2.3899,0.0,0.0
1779988773176,2,12.00000015,Lower Delivery,Delivery,pitch.1,439029,7.9276,-7.121,109.3162,-169.729,125.1947,13.9824,-0.1525,-0.2067
1779988773176,2,12.00000018,Upper Delivery,Delivery,pitch.1,439885,-3.243,-1.5591,12.0854,31.3736,0.8816,11.1383,-0.0097,0.327
1779988773176,2,Pitching Mound.Delivery,,Delivery,pitch.1,438726,4.6845,-8.6801,121.4015,-105.2969,126.0763,21.3226,-0.1383,0.1187
1779988773176,2,Pitching Mound.Drive,,Delivery,pitch.1,439303,-0.0234,-0.3179,1.6621,0.7545,-2.7701,-2.3899,0.0,0.0
1779988773176,2,Pitching Mound.Parent,,Delivery,pitch.1,438346,4.6602,-8.98,123.0644,-104.5594,123.2979,18.9169,-0.1364,0.1171
1779988773177,2,11.0000004b,Drive,Delivery,pitch.1,439304,-0.0257,-0.3314,1.6706,0.7518,-2.8029,-2.3968,0.0,0.0
1779988773177,2,12.00000015,Lower Delivery,Delivery,pitch.1,439030,7.9177,-7.0925,109.3133,-169.843,125.1684,13.885,-0.1524,-0.2068
1779988773177,2,12.00000018,Upper Delivery,Delivery,pitch.1,439886,-3.2391,-1.5197,12.2839,31.8344,1.0089,11.1198,-0.0109,0.327
1779988773177,2,Pitching Mound.Delivery,,Delivery,pitch.1,438727,4.6785,-8.6122,121.5972,-105.0187,126.1773,21.2115,-0.1381,0.1184
1779988773177,2,Pitching Mound.Drive,,Delivery,pitch.1,439304,-0.0257,-0.3314,1.6706,0.7518,-2.8029,-2.3968,0.0,0.0
1779988773177,2,Pitching Mound.Parent,,Delivery,pitch.1,438347,4.6551,-8.9301,123.2593,-104.2642,123.4072,18.8216,-0.1363,0.1168
1779988773178,2,11.0000004b,Drive,Delivery,pitch.1,439305,-0.0276,-0.338,1.6813,0.7484,-2.9218,-2.3795,0.0,0.0
1779988773178,2,12.00000015,Lower Delivery,Delivery,pitch.1,439031,7.8809,-7.0687,109.3594,-169.8508,125.2065,13.7912,-0.1524,-0.2068
1779988773178,2,12.00000018,Upper Delivery,Delivery,pitch.1,439887,-3.2282,-1.529,12.2337,31.9499,1.1204,11.1369,-0.0122,0.327
1779988773178,2,Pitching Mound.Delivery,,Delivery,pitch.1,438728,4.6527,-8.5978,121.5931,-104.8782,126.3269,21.151,-0.1383,0.1185
1779988773178,2,Pitching Mound.Drive,,Delivery,pitch.1,439305,-0.0276,-0.338,1.6813,0.7484,-2.9218,-2.3795,0.0,0.0
1779988773178,2,Pitching Mound.Parent,,Delivery,pitch.1,438348,4.627,-8.9292,123.2637,-104.1264,123.524,18.7541,-0.1364,0.1169
1779988773179,2,11.0000004b,Drive,Delivery,pitch.1,439306,-0.0386,-0.3248,1.7329,0.7429,-2.7296,-2.3578,0.0,0.0
1779988773179,2,12.00000015,Lower Delivery,Delivery,pitch.1,439032,7.8517,-7.0361,109.3188,-169.844,124.9409,13.7385,-0.1522,-0.2068
1779988773179,2,12.00000018,Upper Delivery,Delivery,pitch.1,439888,-3.25,-1.5208,12.1949,32.0458,1.1222,11.133,-0.0123,0.327
1779988773179,2,Pitching Mound.Delivery,,Delivery,pitch.1,438729,4.6018,-8.5569,121.5137,-104.776,126.0631,21.0969,-0.1381,0.1185
1779988773179,2,Pitching Mound.Drive,,Delivery,pitch.1,439306,-0.0386,-0.3248,1.7329,0.7429,-2.7296,-2.3578,0.0,0.0
1779988773179,2,Pitching Mound.Parent,,Delivery,pitch.1,438349,4.5742,-8.8949,123.195,-104.0277,123.1413,18.7174,-0.1362,0.1169
1779988773180,2,11.0000004b,Drive,Delivery,pitch.1,439307,-0.0353,-0.3281,1.7084,0.7282,-2.7787,-2.3468,0.0,0.0
1779988773180,2,12.00000015,Lower Delivery,Delivery,pitch.1,439033,7.8428,-7.0253,109.384,-169.8238,124.8641,13.7298,-0.152,-0.2067
1779988773180,2,12.00000018,Upper Delivery,Delivery,pitch.1,439889,-3.2551,-1.5711,12.1158,32.0842,1.0719,11.1476,-0.0118,0.327
1779988773180,2,Pitching Mound.Delivery,,Delivery,pitch.1,438730,4.5877,-8.5963,121.4997,-104.6683,125.936,21.1041,-0.138,0.1187
1779988773180,2,Pitching Mound.Drive,,Delivery,pitch.1,439307,-0.0353,-0.3281,1.7084,0.7282,-2.7787,-2.3468,0.0,0.0
1779988773180,2,Pitching Mound.Parent,,Delivery,pitch.1,438350,4.5491,-8.9212,123.2326,-103.9254,123.2064,18.7463,-0.136,0.1171
1779988773181,2,11.0000004b,Drive,Delivery,pitch.1,439308,-0.0394,-0.3071,1.7279,0.729,-2.7197,-2.3406,0.0,0.0
1779988773181,2,12.00000015,Lower Delivery,Delivery,pitch.1,439034,7.8241,-7.023,109.4853,-169.7643,124.9139,13.6639,-0.1519,-0.2064
1779988773181,2,12.00000018,Upper Delivery,Delivery,pitch.1,439890,-3.2543,-1.5318,12.0577,31.9223,0.974,11.1649,-0.0108,0.327
1779988773181,2,Pitching Mound.Delivery,,Delivery,pitch.1,438731,4.5697,-8.5547,121.543,-104.7167,125.8879,21.0621,-0.1379,0.119
1779988773181,2,Pitching Mound.Drive,,Delivery,pitch.1,439308,-0.0394,-0.3071,1.7279,0.729,-2.7197,-2.3406,0.0,0.0
1779988773181,2,Pitching Mound.Parent,,Delivery,pitch.1,438351,4.5344,-8.8829,123.2514,-103.9885,123.1092,18.7154,-0.136,0.1174
1779988773182,2,11.0000004b,Drive,Delivery,pitch.1,439309,-0.0094,-0.3156,1.6894,0.7622,-2.7846,-2.3645,0.0,0.0
1779988773182,2,12.00000015,Lower Delivery,Delivery,pitch.1,439035,7.8015,-7.0342,109.5902,-169.6743,124.8692,13.6554,-0.1517,-0.2061
1779988773182,2,12.00000018,Upper Delivery,Delivery,pitch.1,439891,-3.2417,-1.4975,11.9562,31.8159,0.9968,11.2066,-0.0111,0.327
1779988773182,2,Pitching Mound.Delivery,,Delivery,pitch.1,438732,4.5598,-8.5317,121.5463,-104.6628,125.866,21.1073,-0.1379,0.1194
1779988773182,2,Pitching Mound.Drive,,Delivery,pitch.1,439309,-0.0094,-0.3156,1.6894,0.7622,-2.7846,-2.3645,0.0,0.0
1779988773182,2,Pitching Mound.Parent,,Delivery,pitch.1,438352,4.5204,-8.8389,123.2742,-103.9339,123.1463,18.7666,-0.1359,0.1178
1779988773183,2,11.0000004b,Drive,Delivery,pitch.1,439310,-0.0467,-0.3109,1.7489,0.7397,-2.7719,-2.3237,0.0,0.0
1779988773183,2,12.00000015,Lower Delivery,Delivery,pitch.1,439036,7.7791,-7.0271,109.788,-169.6241,124.721,13.6296,-0.1512,-0.2057
1779988773183,2,12.00000018,Upper Delivery,Delivery,pitch.1,439892,-3.2495,-1.4662,12.0757,31.8106,0.9802,11.211,-0.0108,0.327
1779988773183,2,Pitching Mound.Delivery,,Delivery,pitch.1,438733,4.5295,-8.4934,121.8636,-104.5913,125.7013,21.0909,-0.1373,0.1197
1779988773183,2,Pitching Mound.Drive,,Delivery,pitch.1,439310,-0.0467,-0.3109,1.7489,0.7397,-2.7719,-2.3237,0.0,0.0
1779988773183,2,Pitching Mound.Parent,,Delivery,pitch.1,438353,4.5201,-8.809,123.553,-103.8291,122.9166,18.7264,-0.1354,0.1181
1779988773184,2,11.0000004b,Drive,Delivery,pitch.1,439311,-0.0373,-0.3295,1.7443,0.7195,-2.7782,-2.3783,0.0,0.0
1779988773184,2,12.00000015,Lower Delivery,Delivery,pitch.1,439037,7.7727,-7.0399,109.9207,-169.5833,124.9222,13.5533,-0.1513,-0.2054
1779988773184,2,12.00000018,Upper Delivery,Delivery,pitch.1,439893,-3.2675,-1.4342,12.3194,31.8563,0.8336,11.244,-0.009,0.327
1779988773184,2,12.00000018,Upper Delivery,Delivery,pitch.1,439894,-3.2691,-1.4077,12.3453,31.6381,0.7712,11.2819,-0.0083,0.327
1779988773184,2,Pitching Mound.Delivery,,Delivery,pitch.1,438734,4.5052,-8.4742,122.2401,-104.5426,125.7558,21.0437,-0.137,0.1197
1779988773184,2,Pitching Mound.Drive,,Delivery,pitch.1,439311,-0.0373,-0.3295,1.7443,0.7195,-2.7782,-2.3783,0.0,0.0
1779988773184,2,Pitching Mound.Parent,,Delivery,pitch.1,438354,4.4585,-8.7851,123.989,-103.8029,122.9839,18.72,-0.135,0.1181
1779988773185,2,11.0000004b,Drive,Delivery,pitch.1,439312,-0.0376,-0.3262,1.7556,0.8192,-2.6863,-2.3609,0.0,0.0
1779988773185,2,12.00000015,Lower Delivery,Delivery,pitch.1,439038,7.7656,-7.0474,110.139,-169.5874,124.876,13.5424,-0.1509,-0.205
1779988773185,2,Pitching Mound.Delivery,,Delivery,pitch.1,438735,4.4965,-8.4551,122.4843,-104.6994,125.6471,21.0725,-0.1366,0.1201
1779988773185,2,Pitching Mound.Drive,,Delivery,pitch.1,439312,-0.0376,-0.3262,1.7556,0.8192,-2.6863,-2.3609,0.0,0.0
1779988773185,2,Pitching Mound.Parent,,Delivery,pitch.1,438355,4.4592,-8.7846,124.2286,-103.9798,122.869,18.6943,-0.1346,0.1184
1779988773186,2,11.0000004b,Drive,Delivery,pitch.1,439313,-0.0565,-0.3501,1.8593,0.8433,-2.578,-2.3789,0.0,0.0
1779988773186,2,12.00000015,Lower Delivery,Delivery,pitch.1,439039,7.7377,-7.0535,110.3031,-169.4795,124.7301,13.5151,-0.1505,-0.2045
1779988773186,2,12.00000015,Lower Delivery,Delivery,pitch.1,439040,7.7012,-7.0813,110.3495,-169.2023,124.4239,13.4735,-0.1501,-0.2041
1779988773186,2,12.00000018,Upper Delivery,Delivery,pitch.1,439895,-3.2859,-1.4037,12.6219,31.7175,0.6906,11.3088,-0.0073,0.327
1779988773186,2,Pitching Mound.Delivery,,Delivery,pitch.1,438736,4.4518,-8.4572,122.925,-104.5504,125.4207,21.0758,-0.1358,0.1202
1779988773186,2,Pitching Mound.Drive,,Delivery,pitch.1,439313,-0.0565,-0.3501,1.8593,0.8433,-2.578,-2.3789,0.0,0.0
1779988773186,2,Pitching Mound.Parent,,Delivery,pitch.1,438356,4.4142,-8.7834,124.6806,-103.7312,122.7344,18.715,-0.1339,0.1185
1779988773187,2,11.0000004b,Drive,Delivery,pitch.1,439314,-0.057,-0.3342,1.8156,0.8059,-2.5411,-2.3566,0.0,0.0
1779988773187,2,12.00000018,Upper Delivery,Delivery,pitch.1,439896,-3.2661,-1.4109,12.8634,31.8259,0.7692,11.3286,-0.008,0.327
1779988773187,2,Pitching Mound.Delivery,,Delivery,pitch.1,438737,4.4351,-8.4922,123.2129,-104.2312,125.1931,21.0732,-0.1353,0.1203
1779988773187,2,Pitching Mound.Drive,,Delivery,pitch.1,439314,-0.057,-0.3342,1.8156,0.8059,-2.5411,-2.3566,0.0,0.0
1779988773187,2,Pitching Mound.Parent,,Delivery,pitch.1,438357,4.3786,-8.8423,125.0722,-103.3878,122.6151,18.6943,-0.1333,0.1185
1779988773188,2,11.0000004b,Drive,Delivery,pitch.1,439315,-0.0627,-0.3208,1.8361,0.7569,-2.6331,-2.3411,0.0,0.0
1779988773188,2,12.00000015,Lower Delivery,Delivery,pitch.1,439041,7.6866,-7.0878,110.4169,-169.1791,124.5729,13.4229,-0.1502,-0.204
1779988773188,2,12.00000018,Upper Delivery,Delivery,pitch.1,439897,-3.2686,-1.4081,12.7061,31.7311,0.697,11.3263,-0.0073,0.327
1779988773188,2,Pitching Mound.Delivery,,Delivery,pitch.1,438738,4.4181,-8.4958,123.123,-104.2264,125.2698,21.0245,-0.1354,0.1206
1779988773188,2,Pitching Mound.Drive,,Delivery,pitch.1,439315,-0.0627,-0.3208,1.8361,0.7569,-2.6331,-2.3411,0.0,0.0
1779988773188,2,Pitching Mound.Parent,,Delivery,pitch.1,438358,4.3611,-8.83,124.9386,-103.4205,122.7288,18.6679,-0.1335,0.1189
1779988773189,2,11.0000004b,Drive,Delivery,pitch.1,439316,-0.0753,-0.3095,1.931,0.752,-2.7303,-2.3708,0.0,0.0
1779988773189,2,12.00000015,Lower Delivery,Delivery,pitch.1,439042,7.668,-7.0746,110.3978,-169.0195,124.7522,13.4429,-0.1504,-0.2038
1779988773189,2,12.00000018,Upper Delivery,Delivery,pitch.1,439898,-3.2687,-1.4308,12.837,31.6925,0.7805,11.277,-0.0081,0.327
1779988773189,2,Pitching Mound.Delivery,,Delivery,pitch.1,438739,4.3993,-8.5054,123.2347,-104.1563,125.5328,21.0014,-0.1356,0.1206
1779988773189,2,Pitching Mound.Drive,,Delivery,pitch.1,439316,-0.0753,-0.3095,1.931,0.752,-2.7303,-2.3708,0.0,0.0
1779988773189,2,Pitching Mound.Parent,,Delivery,pitch.1,438359,4.3366,-8.8262,125.0708,-103.3994,122.8997,18.6604,-0.1336,0.1189
1779988773190,2,11.0000004b,Drive,Delivery,pitch.1,439317,-0.0508,-0.3163,1.8648,0.7686,-2.746,-2.3753,0.0,0.0
1779988773190,2,12.00000015,Lower Delivery,Delivery,pitch.1,439043,7.6435,-7.0436,110.3243,-169.1814,124.9631,13.3972,-0.1508,-0.2041
1779988773190,2,12.00000018,Upper Delivery,Delivery,pitch.1,439899,-3.2703,-1.4418,12.9572,31.8702,0.9134,11.3412,-0.0094,0.327
1779988773190,2,Pitching Mound.Delivery,,Delivery,pitch.1,438740,4.3732,-8.4854,123.2815,-104.2063,125.8765,21.0278,-0.1359,0.1202
1779988773190,2,Pitching Mound.Drive,,Delivery,pitch.1,439317,-0.0508,-0.3163,1.8648,0.7686,-2.746,-2.3753,0.0,0.0
1779988773190,2,Pitching Mound.Parent,,Delivery,pitch.1,438360,4.2979,-8.7949,125.2125,-103.4543,123.1462,18.657,-0.1338,0.1184
1779988773191,2,11.0000004b,Drive,Delivery,pitch.1,439318,-0.047,-0.3228,1.9201,0.7498,-2.7582,-2.3939,0.0,0.0
1779988773191,2,12.00000015,Lower Delivery,Delivery,pitch.1,439044,7.6344,-7.0512,110.1825,-169.0966,124.9911,13.3545,-0.151,-0.2043
1779988773191,2,12.00000018,Upper Delivery,Delivery,pitch.1,439900,-3.2913,-1.4466,12.9999,31.782,0.8598,11.3364,-0.0088,0.3255
1779988773191,2,Pitching Mound.Delivery,,Delivery,pitch.1,438741,4.3431,-8.4978,123.1825,-104.2725,125.851,20.9761,-0.136,0.1198
1779988773191,2,Pitching Mound.Drive,,Delivery,pitch.1,439318,-0.047,-0.3228,1.9201,0.7498,-2.7582,-2.3939,0.0,0.0
1779988773191,2,Pitching Mound.Parent,,Delivery,pitch.1,438361,4.2923,-8.8141,125.0472,-103.504,123.1049,18.6007,-0.134,0.118
1779988773192,2,11.0000004b,Drive,Delivery,pitch.1,439319,-0.0403,-0.3435,1.9089,0.7368,-2.8012,-2.379,0.0,0.0
1779988773192,2,12.00000015,Lower Delivery,Delivery,pitch.1,439045,7.6278,-7.024,110.1033,-169.2566,125.1098,13.298,-0.1513,-0.2047
1779988773192,2,12.00000015,Lower Delivery,Delivery,pitch.1,439046,7.6124,-7.0233,110.0081,-169.1474,125.143,13.2844,-0.1514,-0.2047
1779988773192,2,12.00000018,Upper Delivery,Delivery,pitch.1,439901,-3.3116,-1.4705,12.8062,31.8712,0.761,11.3286,-0.0079,0.327
1779988773192,2,Pitching Mound.Delivery,,Delivery,pitch.1,438742,4.3162,-8.4945,122.9096,-104.3044,125.8707,20.9072,-0.1363,0.1199
1779988773192,2,Pitching Mound.Drive,,Delivery,pitch.1,439319,-0.0403,-0.3435,1.9089,0.7368,-2.8012,-2.379,0.0,0.0
1779988773192,2,Pitching Mound.Parent,,Delivery,pitch.1,438362,4.2692,-8.8173,124.8297,-103.5546,123.1125,18.5133,-0.1342,0.1181
1779988773193,2,11.0000004b,Drive,Delivery,pitch.1,439320,-0.0411,-0.3452,1.8493,0.7168,-2.7098,-2.3687,0.0,0.0
1779988773193,2,12.00000018,Upper Delivery,Delivery,pitch.1,439902,-3.2927,-1.4856,12.7448,31.7212,0.8336,11.2929,-0.0087,0.327
1779988773193,2,12.00000018,Upper Delivery,Delivery,pitch.1,439903,-3.3153,-1.4997,12.2807,31.5843,0.8139,11.293,-0.0088,0.327
1779988773193,2,Pitching Mound.Delivery,,Delivery,pitch.1,438743,4.3197,-8.509,122.7529,-104.3567,125.9767,20.8695,-0.1366,0.1199
1779988773193,2,Pitching Mound.Drive,,Delivery,pitch.1,439320,-0.0411,-0.3452,1.8493,0.7168,-2.7098,-2.3687,0.0,0.0
1779988773193,2,Pitching Mound.Parent,,Delivery,pitch.1,438363,4.2795,-8.8524,124.6617,-103.6199,123.1754,18.4905,-0.1345,0.1181
1779988773194,2,11.0000004b,Drive,Delivery,pitch.1,439321,-0.0306,-0.3253,1.8263,0.718,-2.6755,-2.3862,0.0,0.0
1779988773194,2,12.00000015,Lower Delivery,Delivery,pitch.1,439047,7.5932,-7.0162,109.9074,-169.0362,125.1682,13.2417,-0.1516,-0.2047
1779988773194,2,12.00000018,Upper Delivery,Delivery,pitch.1,439904,-3.3107,-1.4705,12.2864,31.6678,0.8855,11.2625,-0.0096,0.327
1779988773194,2,Pitching Mound.Delivery,,Delivery,pitch.1,438744,4.2779,-8.5159,122.1881,-104.2588,125.982,20.8258,-0.1373,0.1204
1779988773194,2,Pitching Mound.Drive,,Delivery,pitch.1,439321,-0.0306,-0.3253,1.8263,0.718,-2.6755,-2.3862,0.0,0.0
1779988773194,2,Pitching Mound.Parent,,Delivery,pitch.1,438364,4.2368,-8.8611,124.0374,-103.5419,123.2722,18.4571,-0.1352,0.1186
1779988773195,2,11.0000004b,Drive,Delivery,pitch.1,439322,-0.0114,-0.3051,1.8061,0.7277,-2.7366,-2.3653,0.0,0.0
1779988773195,2,12.00000015,Lower Delivery,Delivery,pitch.1,439049,7.5594,-7.0057,109.7781,-168.883,124.9891,13.1408,-0.1516,-0.2048
1779988773195,2,12.00000015,Lower Delivery,Delivery,pitch.1,439048,7.5753,-6.9975,109.8896,-168.9715,125.1082,13.1818,-0.1516,-0.2047
1779988773195,2,12.00000018,Upper Delivery,Delivery,pitch.1,439905,-3.3022,-1.4934,12.0356,31.3967,0.7819,11.1945,-0.0086,0.327
1779988773195,2,Pitching Mound.Delivery,,Delivery,pitch.1,438746,4.2572,-8.499,121.8137,-104.2538,125.771,20.6424,-0.1375,0.1206
1779988773195,2,Pitching Mound.Delivery,,Delivery,pitch.1,438745,4.2646,-8.468,122.176,-104.1186,125.9937,20.743,-0.1373,0.1204
1779988773195,2,Pitching Mound.Drive,,Delivery,pitch.1,439322,-0.0114,-0.3051,1.8061,0.7277,-2.7366,-2.3653,0.0,0.0
1779988773195,2,Pitching Mound.Parent,,Delivery,pitch.1,438366,4.2458,-8.8041,123.6198,-103.5261,123.0344,18.2771,-0.1354,0.1188
1779988773195,2,Pitching Mound.Parent,,Delivery,pitch.1,438365,4.234,-8.7933,124.0024,-103.4006,123.3182,18.3568,-0.1353,0.1186
1779988773196,2,11.0000004b,Drive,Delivery,pitch.1,439323,0.0071,-0.3289,1.7606,0.7362,-2.7827,-2.3712,0.0,0.0
1779988773196,2,12.00000018,Upper Delivery,Delivery,pitch.1,439906,-3.3078,-1.4498,12.0457,31.3575,0.8451,11.2274,-0.0093,0.327
1779988773196,2,Pitching Mound.Drive,,Delivery,pitch.1,439323,0.0071,-0.3289,1.7606,0.7362,-2.7827,-2.3712,0.0,0.0
1779988773197,2,11.0000004b,Drive,Delivery,pitch.1,439324,0.004,-0.3269,1.7526,0.7161,-2.6395,-2.3575,0.0,0.0
1779988773197,2,12.00000015,Lower Delivery,Delivery,pitch.1,439050,7.5388,-6.9892,109.7728,-168.9441,125.0456,13.0833,-0.1516,-0.2049
1779988773197,2,12.00000015,Lower Delivery,Delivery,pitch.1,439051,7.5457,-6.9537,109.5845,-168.9289,125.2301,13.0441,-0.1521,-0.2052
1779988773197,2,12.00000018,Upper Delivery,Delivery,pitch.1,439907,-3.3152,-1.427,11.9648,31.2857,0.6978,11.2191,-0.0078,0.327
1779988773197,2,Pitching Mound.Delivery,,Delivery,pitch.1,438747,4.231,-8.439,121.8185,-104.3594,125.8907,20.6228,-0.1376,0.1205
1779988773197,2,Pitching Mound.Delivery,,Delivery,pitch.1,438748,4.2305,-8.3807,121.5493,-104.4525,125.928,20.5705,-0.1379,0.1202
1779988773197,2,Pitching Mound.Drive,,Delivery,pitch.1,439324,0.004,-0.3269,1.7526,0.7161,-2.6395,-2.3575,0.0,0.0
1779988773197,2,Pitching Mound.Parent,,Delivery,pitch.1,438367,4.2381,-8.7679,123.5791,-103.6232,123.108,18.2516,-0.1356,0.1188
1779988773197,2,Pitching Mound.Parent,,Delivery,pitch.1,438368,4.2344,-8.7076,123.3019,-103.7364,123.2884,18.213,-0.136,0.1185
1779988773198,2,11.0000004b,Drive,Delivery,pitch.1,439325,0.0046,-0.3129,1.7891,0.7282,-2.6122,-2.3749,0.0,0.0
1779988773198,2,12.00000015,Lower Delivery,Delivery,pitch.1,439052,7.5044,-6.9483,109.6396,-168.917,125.0745,13.0065,-0.1519,-0.2051
1779988773198,2,12.00000018,Upper Delivery,Delivery,pitch.1,439908,-3.3155,-1.4087,12.1303,31.526,0.7864,11.2375,-0.0086,0.327
1779988773198,2,Pitching Mound.Delivery,,Delivery,pitch.1,438749,4.189,-8.357,121.77,-104.2379,125.8609,20.5653,-0.1376,0.1202
1779988773198,2,Pitching Mound.Drive,,Delivery,pitch.1,439325,0.0046,-0.3129,1.7891,0.7282,-2.6122,-2.3749,0.0,0.0
1779988773198,2,Pitching Mound.Parent,,Delivery,pitch.1,438369,4.1936,-8.6699,123.5591,-103.5096,123.2487,18.1904,-0.1356,0.1184
1779988773199,2,11.0000004b,Drive,Delivery,pitch.1,439326,-0.0039,-0.3228,1.7631,0.7473,-2.5327,-2.4083,0.0,0.0
1779988773199,2,12.00000015,Lower Delivery,Delivery,pitch.1,439053,7.4624,-6.9754,109.6156,-169.1247,124.8694,12.9837,-0.1517,-0.2054
1779988773199,2,12.00000018,Upper Delivery,Delivery,pitch.1,439909,-3.3355,-1.3907,12.2979,31.4836,0.7814,11.2795,-0.0085,0.327
1779988773199,2,Pitching Mound.Delivery,,Delivery,pitch.1,438750,4.1269,-8.3661,121.9134,-104.5531,125.6509,20.5918,-0.1372,0.1197
1779988773199,2,Pitching Mound.Drive,,Delivery,pitch.1,439326,-0.0039,-0.3228,1.7631,0.7473,-2.5327,-2.4083,0.0,0.0
1779988773199,2,Pitching Mound.Parent,,Delivery,pitch.1,438370,4.123,-8.689,123.6765,-103.8058,123.1182,18.1836,-0.1353,0.118
1779988773200,2,11.0000004b,Drive,Delivery,pitch.1,439327,-0.0162,-0.3379,1.755,0.7452,-2.5838,-2.4349,0.0,0.0
1779988773200,2,12.00000015,Lower Delivery,Delivery,pitch.1,439054,7.4516,-6.9899,109.7304,-168.9057,124.5346,12.9356,-0.1511,-0.2049
1779988773200,2,12.00000018,Upper Delivery,Delivery,pitch.1,439910,-3.3221,-1.3944,12.4876,31.8527,0.8517,11.2445,-0.0091,0.327
1779988773200,2,Pitching Mound.Delivery,,Delivery,pitch.1,438751,4.1295,-8.3843,122.218,-103.9904,125.3862,20.5171,-0.1366,0.12
1779988773200,2,Pitching Mound.Drive,,Delivery,pitch.1,439327,-0.0162,-0.3379,1.755,0.7452,-2.5838,-2.4349,0.0,0.0
1779988773200,2,Pitching Mound.Parent,,Delivery,pitch.1,438371,4.1133,-8.7222,123.973,-103.2452,122.8025,18.0822,-0.1346,0.1183
1779988773201,2,11.0000004b,Drive,Delivery,pitch.1,439328,-0.031,-0.331,1.7693,0.7317,-2.5892,-2.4262,0.0,0.0
1779988773201,2,12.00000015,Lower Delivery,Delivery,pitch.1,439055,7.4401,-6.9634,109.7178,-168.9216,124.5388,12.9218,-0.1511,-0.205
1779988773201,2,Pitching Mound.Drive,,Delivery,pitch.1,439328,-0.031,-0.331,1.7693,0.7317,-2.5892,-2.4262,0.0,0.0
1779988773202,2,11.0000004b,Drive,Delivery,pitch.1,439329,-0.0569,-0.355,1.8169,0.7561,-2.6581,-2.4303,0.0,0.0
1779988773202,2,12.00000015,Lower Delivery,Delivery,pitch.1,439056,7.4035,-6.9516,109.6833,-169.2069,124.4256,12.8955,-0.151,-0.2054
1779988773202,2,12.00000018,Upper Delivery,Delivery,pitch.1,439911,-3.3054,-1.3904,12.5808,32.1672,1.0503,11.2478,-0.0111,0.327
1779988773202,2,Pitching Mound.Delivery,,Delivery,pitch.1,438752,4.1347,-8.3537,122.2985,-103.7279,125.5891,20.5161,-0.1367,0.1198
1779988773202,2,Pitching Mound.Drive,,Delivery,pitch.1,439329,-0.0569,-0.355,1.8169,0.7561,-2.6581,-2.4303,0.0,0.0
1779988773202,2,Pitching Mound.Parent,,Delivery,pitch.1,438372,4.1037,-8.6848,124.0678,-102.9961,122.9999,18.0899,-0.1348,0.1181
1779988773203,2,11.0000004b,Drive,Delivery,pitch.1,439330,-0.035,-0.3559,1.8003,0.7724,-2.6764,-2.4186,0.0,0.0
1779988773203,2,12.00000015,Lower Delivery,Delivery,pitch.1,439057,7.406,-6.946,109.6727,-169.5009,124.418,12.8617,-0.151,-0.2058
1779988773203,2,12.00000018,Upper Delivery,Delivery,pitch.1,439912,-3.3061,-1.3945,12.7928,32.5973,1.2561,11.2491,-0.0131,0.327
1779988773203,2,Pitching Mound.Delivery,,Delivery,pitch.1,438753,4.0974,-8.3461,122.4761,-103.6668,125.6817,20.5033,-0.1366,0.1192
1779988773203,2,Pitching Mound.Drive,,Delivery,pitch.1,439330,-0.035,-0.3559,1.8003,0.7724,-2.6764,-2.4186,0.0,0.0
1779988773203,2,Pitching Mound.Parent,,Delivery,pitch.1,438373,4.0405,-8.7011,124.2929,-102.9107,123.0235,18.073,-0.1346,0.1175
1779988773204,2,11.0000004b,Drive,Delivery,pitch.1,439331,-0.0619,-0.3733,1.8343,0.7466,-2.7418,-2.4178,0.0,0.0
1779988773204,2,12.00000015,Lower Delivery,Delivery,pitch.1,439058,7.401,-6.9671,109.6363,-169.4443,124.4404,12.8598,-0.1511,-0.2058
1779988773204,2,12.00000018,Upper Delivery,Delivery,pitch.1,439913,-3.305,-1.4196,12.9569,32.7663,1.2683,11.2483,-0.013,0.327
1779988773204,2,Pitching Mound.Delivery,,Delivery,pitch.1,438754,4.101,-8.3656,122.6295,-103.8512,125.6863,20.4683,-0.1364,0.1187
1779988773204,2,Pitching Mound.Drive,,Delivery,pitch.1,439331,-0.0619,-0.3733,1.8343,0.7466,-2.7418,-2.4178,0.0,0.0
1779988773204,2,Pitching Mound.Parent,,Delivery,pitch.1,438374,4.066,-8.7216,124.4298,-103.0787,123.0099,18.0497,-0.1345,0.117
1779988773205,2,11.0000004b,Drive,Delivery,pitch.1,439332,-0.0651,-0.3599,1.8423,0.7411,-2.8454,-2.3909,0.0,0.0
1779988773205,2,12.00000015,Lower Delivery,Delivery,pitch.1,439059,7.3897,-6.969,109.6195,-169.7639,124.3273,12.9055,-0.151,-0.2062
1779988773205,2,12.00000018,Upper Delivery,Delivery,pitch.1,439914,-3.3029,-1.4217,13.0259,32.7967,1.365,11.256,-0.014,0.327
1779988773205,2,12.00000018,Upper Delivery,Delivery,pitch.1,439915,-3.2909,-1.4242,12.8833,32.964,1.3243,11.3043,-0.0137,0.327
1779988773205,2,Pitching Mound.Delivery,,Delivery,pitch.1,438755,4.0981,-8.3887,122.6622,-103.8,125.8054,20.4765,-0.1365,0.1186
1779988773205,2,Pitching Mound.Delivery,,Delivery,pitch.1,438756,4.0988,-8.3932,122.5029,-103.9095,125.6516,20.5784,-0.1365,0.1184
1779988773205,2,Pitching Mound.Drive,,Delivery,pitch.1,439332,-0.0651,-0.3599,1.8423,0.7411,-2.8454,-2.3909,0.0,0.0
1779988773205,2,Pitching Mound.Parent,,Delivery,pitch.1,438375,4.033,-8.7486,124.5045,-103.0588,122.96,18.0856,-0.1345,0.1169
1779988773206,2,11.0000004b,Drive,Delivery,pitch.1,439333,-0.0566,-0.3975,1.7973,0.7507,-2.6354,-2.3889,0.0,0.0
1779988773206,2,12.00000015,Lower Delivery,Delivery,pitch.1,439060,7.4059,-6.9988,109.75,-169.8816,124.1488,12.9405,-0.1506,-0.2061
1779988773206,2,Pitching Mound.Drive,,Delivery,pitch.1,439333,-0.0566,-0.3975,1.7973,0.7507,-2.6354,-2.3889,0.0,0.0
1779988773206,2,Pitching Mound.Parent,,Delivery,pitch.1,438376,4.0422,-8.7907,124.3002,-103.1588,123.0162,18.1895,-0.1346,0.1167
1779988773207,2,11.0000004b,Drive,Delivery,pitch.1,439334,-0.0512,-0.3905,1.8144,0.7394,-2.6207,-2.3771,0.0,0.0
1779988773207,2,12.00000015,Lower Delivery,Delivery,pitch.1,439061,7.4283,-7.0059,109.8087,-169.8167,124.5141,12.9156,-0.151,-0.2059
1779988773207,2,12.00000018,Upper Delivery,Delivery,pitch.1,439916,-3.2749,-1.4113,12.9152,32.9356,1.3495,11.3155,-0.0139,0.327
1779988773207,2,12.00000018,Upper Delivery,Delivery,pitch.1,439917,-3.2692,-1.4448,12.9692,33.0893,1.3295,11.3315,-0.0136,0.327
1779988773207,2,Pitching Mound.Delivery,,Delivery,pitch.1,438757,4.131,-8.41,122.6652,-104.0221,125.4983,20.6246,-0.1362,0.1185
1779988773207,2,Pitching Mound.Delivery,,Delivery,pitch.1,438758,4.1591,-8.4508,122.7779,-103.802,125.8436,20.6099,-0.1365,0.1186
1779988773207,2,Pitching Mound.Drive,,Delivery,pitch.1,439334,-0.0512,-0.3905,1.8144,0.7394,-2.6207,-2.3771,0.0,0.0
1779988773207,2,Pitching Mound.Parent,,Delivery,pitch.1,438377,4.0798,-8.8006,124.4796,-103.2827,122.8777,18.2475,-0.1342,0.1167
1779988773208,2,11.0000004b,Drive,Delivery,pitch.1,439335,-0.0336,-0.3903,1.8089,0.8027,-2.2807,-2.3508,0.0,0.0
1779988773208,2,12.00000015,Lower Delivery,Delivery,pitch.1,439062,7.4278,-7.0333,109.9917,-169.9566,124.3344,12.965,-0.1505,-0.2057
1779988773208,2,12.00000018,Upper Delivery,Delivery,pitch.1,439918,-3.2683,-1.4471,12.9395,32.9809,1.5104,11.3471,-0.0155,0.327
1779988773208,2,Pitching Mound.Delivery,,Delivery,pitch.1,438759,4.1594,-8.4803,122.9313,-103.978,125.8448,20.6754,-0.1363,0.1188
1779988773208,2,Pitching Mound.Drive,,Delivery,pitch.1,439335,-0.0336,-0.3903,1.8089,0.8027,-2.2807,-2.3508,0.0,0.0
1779988773208,2,Pitching Mound.Parent,,Delivery,pitch.1,438378,4.1256,-8.8411,124.5868,-102.9993,123.5628,18.2591,-0.1345,0.1169
1779988773209,2,11.0000004b,Drive,Delivery,pitch.1,439336,-0.0439,-0.3924,1.8511,0.8112,-2.4254,-2.3385,0.0,0.0
1779988773209,2,12.00000015,Lower Delivery,Delivery,pitch.1,439063,7.4512,-7.0534,110.0125,-170.0993,124.3795,12.92,-0.1505,-0.2058
1779988773209,2,12.00000018,Upper Delivery,Delivery,pitch.1,439919,-3.2653,-1.4271,13.039,32.9803,1.4335,11.3672,-0.0146,0.327
1779988773209,2,Pitching Mound.Delivery,,Delivery,pitch.1,438760,4.1859,-8.4806,123.0515,-104.148,125.813,20.6435,-0.1361,0.1186
1779988773209,2,Pitching Mound.Drive,,Delivery,pitch.1,439336,-0.0439,-0.3924,1.8511,0.8112,-2.4254,-2.3385,0.0,0.0
1779988773209,2,Pitching Mound.Parent,,Delivery,pitch.1,438379,4.1155,-8.8727,124.7823,-103.1667,123.4195,18.3369,-0.1343,0.117
1779988773210,2,11.0000004b,Drive,Delivery,pitch.1,439337,-0.0345,-0.3983,1.8501,0.7875,-2.3462,-2.3284,0.0,0.0
1779988773210,2,11.0000004b,Drive,Delivery,pitch.1,439338,-0.0182,-0.371,1.7635,0.7825,-2.3553,-2.3351,0.0,0.0
1779988773210,2,12.00000015,Lower Delivery,Delivery,pitch.1,439064,7.4628,-7.0288,110.0442,-170.3502,124.615,12.9457,-0.1508,-0.2061
1779988773210,2,12.00000018,Upper Delivery,Delivery,pitch.1,439920,-3.2643,-1.4465,13.1142,33.2179,1.3902,11.4063,-0.0141,0.327
1779988773210,2,Pitching Mound.Delivery,,Delivery,pitch.1,438761,4.1985,-8.4754,123.1584,-104.1761,126.0053,20.7048,-0.1362,0.1183
1779988773210,2,Pitching Mound.Drive,,Delivery,pitch.1,439337,-0.0345,-0.3983,1.8501,0.7875,-2.3462,-2.3284,0.0,0.0
1779988773210,2,Pitching Mound.Drive,,Delivery,pitch.1,439338,-0.0182,-0.371,1.7635,0.7825,-2.3553,-2.3351,0.0,0.0
1779988773210,2,Pitching Mound.Parent,,Delivery,pitch.1,438381,4.1803,-8.8463,124.9219,-103.3936,123.65,18.3696,-0.1343,0.1166
1779988773210,2,Pitching Mound.Parent,,Delivery,pitch.1,438380,4.1513,-8.8789,124.9016,-103.3605,123.4668,18.3152,-0.1341,0.1168
1779988773211,2,12.00000015,Lower Delivery,Delivery,pitch.1,439065,7.4496,-7.0486,110.1189,-170.4989,124.5635,12.9353,-0.1506,-0.2061
1779988773211,2,12.00000018,Upper Delivery,Delivery,pitch.1,439921,-3.2552,-1.4446,13.0412,33.3304,1.3267,11.3938,-0.0135,0.327
1779988773211,2,Pitching Mound.Delivery,,Delivery,pitch.1,438762,4.1943,-8.4933,123.1601,-104.1621,125.8902,20.6895,-0.1361,0.1183
1779988773212,2,11.0000004b,Drive,Delivery,pitch.1,439340,0.0217,-0.3475,1.7042,0.7652,-2.4418,-2.3372,0.0,0.0
1779988773212,2,11.0000004b,Drive,Delivery,pitch.1,439339,0.0001,-0.3608,1.7195,0.7905,-2.3002,-2.3414,0.0,0.0
1779988773212,2,12.00000015,Lower Delivery,Delivery,pitch.1,439066,7.4334,-7.0771,110.2365,-170.5907,124.5158,12.9304,-0.1504,-0.206
1779988773212,2,12.00000018,Upper Delivery,Delivery,pitch.1,439922,-3.2564,-1.4615,12.9654,33.5324,1.2518,11.3614,-0.0129,0.327
1779988773212,2,Pitching Mound.Delivery,,Delivery,pitch.1,438763,4.177,-8.5386,123.2019,-103.9861,125.7676,20.6572,-0.1359,0.1185
1779988773212,2,Pitching Mound.Drive,,Delivery,pitch.1,439340,0.0217,-0.3475,1.7042,0.7652,-2.4418,-2.3372,0.0,0.0
1779988773212,2,Pitching Mound.Drive,,Delivery,pitch.1,439339,0.0001,-0.3608,1.7195,0.7905,-2.3002,-2.3414,0.0,0.0
1779988773212,2,Pitching Mound.Parent,,Delivery,pitch.1,438382,4.1944,-8.854,124.8797,-103.3716,123.59,18.3481,-0.1342,0.1167
1779988773212,2,Pitching Mound.Parent,,Delivery,pitch.1,438383,4.1987,-8.8861,124.9061,-103.2209,123.3258,18.32,-0.134,0.1169
1779988773213,2,11.0000004b,Drive,Delivery,pitch.1,439341,0.0231,-0.3215,1.6916,0.7664,-2.3475,-2.3567,0.0,0.0
1779988773213,2,12.00000015,Lower Delivery,Delivery,pitch.1,439067,7.4395,-7.0729,110.297,-170.5923,124.7354,12.9539,-0.1506,-0.2059
1779988773213,2,12.00000018,Upper Delivery,Delivery,pitch.1,439923,-3.281,-1.4739,12.8733,33.3511,1.232,11.3623,-0.0127,0.327
1779988773213,2,Pitching Mound.Delivery,,Delivery,pitch.1,438764,4.1585,-8.5467,123.1704,-104.1172,125.9674,20.6712,-0.1362,0.1187
1779988773213,2,Pitching Mound.Drive,,Delivery,pitch.1,439341,0.0231,-0.3215,1.6916,0.7664,-2.3475,-2.3567,0.0,0.0
1779988773213,2,Pitching Mound.Parent,,Delivery,pitch.1,438384,4.1816,-8.8682,124.8619,-103.3508,123.6199,18.3144,-0.1343,0.1171
1779988773214,2,11.0000004b,Drive,Delivery,pitch.1,439342,0.0079,-0.3457,1.7202,0.8003,-2.355,-2.3842,0.0,0.0
1779988773214,2,12.00000015,Lower Delivery,Delivery,pitch.1,439068,7.4374,-7.0497,110.196,-170.6515,124.8938,12.9309,-0.1509,-0.2062
1779988773214,2,12.00000018,Upper Delivery,Delivery,pitch.1,439924,-3.2822,-1.4854,12.8876,33.5584,1.2957,11.3841,-0.0134,0.327
1779988773214,2,Pitching Mound.Delivery,,Delivery,pitch.1,438765,4.1552,-8.5352,123.0836,-104.0083,126.1894,20.6703,-0.1365,0.1185
1779988773214,2,Pitching Mound.Drive,,Delivery,pitch.1,439342,0.0079,-0.3457,1.7202,0.8003,-2.355,-2.3842,0.0,0.0
1779988773214,2,Pitching Mound.Parent,,Delivery,pitch.1,438385,4.1632,-8.8809,124.8038,-103.208,123.8345,18.2862,-0.1346,0.1168
1779988773215,2,11.0000004b,Drive,Delivery,pitch.1,439343,0.0009,-0.3337,1.6871,0.7636,-2.3085,-2.3857,0.0,0.0
1779988773215,2,12.00000015,Lower Delivery,Delivery,pitch.1,439069,7.4093,-7.0534,110.2082,-170.8838,125.1417,12.9099,-0.1512,-0.2064
1779988773215,2,12.00000018,Upper Delivery,Delivery,pitch.1,439925,-3.286,-1.4947,12.9789,33.5744,1.3751,11.394,-0.0141,0.327
1779988773215,2,Pitching Mound.Delivery,,Delivery,pitch.1,438766,4.1234,-8.5481,123.1872,-104.2515,126.5168,20.6675,-0.1367,0.1181
1779988773215,2,Pitching Mound.Drive,,Delivery,pitch.1,439343,0.0009,-0.3337,1.6871,0.7636,-2.3085,-2.3857,0.0,0.0
1779988773215,2,Pitching Mound.Parent,,Delivery,pitch.1,438386,4.1242,-8.8818,124.8743,-103.4879,124.2084,18.2818,-0.1349,0.1165
1779988773216,2,11.0000004b,Drive,Delivery,pitch.1,439344,-0.0247,-0.3145,1.7032,0.7468,-2.2513,-2.3458,0.0,0.0
1779988773216,2,12.00000015,Lower Delivery,Delivery,pitch.1,439070,7.4051,-7.0332,110.0518,-170.7164,125.2462,12.8654,-0.1515,-0.2065
1779988773216,2,12.00000018,Upper Delivery,Delivery,pitch.1,439926,-3.3043,-1.4865,13.1212,33.7537,1.3767,11.4018,-0.014,0.327
1779988773216,2,Pitching Mound.Delivery,,Delivery,pitch.1,438767,4.1007,-8.5197,123.173,-104.0063,126.623,20.626,-0.1369,0.1179
1779988773216,2,Pitching Mound.Drive,,Delivery,pitch.1,439344,-0.0247,-0.3145,1.7032,0.7468,-2.2513,-2.3458,0.0,0.0
1779988773216,2,Pitching Mound.Parent,,Delivery,pitch.1,438387,4.076,-8.8342,124.8762,-103.2595,124.3717,18.2802,-0.135,0.1163
1779988773217,2,11.0000004b,Drive,Delivery,pitch.1,439345,-0.0408,-0.313,1.7578,0.7411,-2.4498,-2.4026,0.0,0.0
1779988773217,2,12.00000015,Lower Delivery,Delivery,pitch.1,439071,7.3696,-7.0227,109.908,-170.6357,125.2567,12.7958,-0.1517,-0.2067
1779988773217,2,12.00000018,Upper Delivery,Delivery,pitch.1,439927,-3.3309,-1.4543,13.013,33.6312,1.2525,11.3834,-0.0128,0.327
1779988773217,2,Pitching Mound.Delivery,,Delivery,pitch.1,438768,4.0386,-8.477,122.921,-104.0603,126.5092,20.5411,-0.137,0.1178
1779988773217,2,Pitching Mound.Drive,,Delivery,pitch.1,439345,-0.0408,-0.313,1.7578,0.7411,-2.4498,-2.4026,0.0,0.0
1779988773217,2,Pitching Mound.Parent,,Delivery,pitch.1,438388,3.9978,-8.79,124.6788,-103.3192,124.0594,18.1384,-0.1351,0.1162
1779988773218,2,11.0000004b,Drive,Delivery,pitch.1,439346,-0.029,-0.2981,1.7052,0.7418,-2.4856,-2.4009,0.0,0.0
1779988773218,2,12.00000015,Lower Delivery,Delivery,pitch.1,439072,7.357,-7.025,109.9252,-170.8892,125.0867,12.7907,-0.1515,-0.207
1779988773218,2,12.00000018,Upper Delivery,Delivery,pitch.1,439928,-3.3221,-1.4544,13.0337,33.526,1.3874,11.3791,-0.0142,0.327
1779988773218,2,Pitching Mound.Delivery,,Delivery,pitch.1,438769,4.035,-8.4794,122.9589,-104.4201,126.4741,20.539,-0.1369,0.1176
1779988773218,2,Pitching Mound.Drive,,Delivery,pitch.1,439346,-0.029,-0.2981,1.7052,0.7418,-2.4856,-2.4009,0.0,0.0
1779988773218,2,Pitching Mound.Parent,,Delivery,pitch.1,438389,4.006,-8.7775,124.6642,-103.6783,123.9885,18.138,-0.1351,0.116
1779988773219,2,11.0000004b,Drive,Delivery,pitch.1,439347,-0.0654,-0.2967,1.8197,0.7315,-2.4865,-2.4025,0.0,0.0
1779988773219,2,12.00000015,Lower Delivery,Delivery,pitch.1,439073,7.358,-7.0111,109.8223,-170.7085,125.1817,12.8046,-0.1517,-0.2069
1779988773219,2,Pitching Mound.Drive,,Delivery,pitch.1,439347,-0.0654,-0.2967,1.8197,0.7315,-2.4865,-2.4025,0.0,0.0
1779988773220,2,11.0000004b,Drive,Delivery,pitch.1,439348,-0.0606,-0.3165,1.8453,0.7412,-2.6226,-2.4141,0.0,0.0
1779988773220,2,12.00000015,Lower Delivery,Delivery,pitch.1,439074,7.3089,-6.9982,109.8038,-170.5944,125.1445,12.7912,-0.1517,-0.2068
1779988773220,2,12.00000018,Upper Delivery,Delivery,pitch.1,439930,-3.3203,-1.4238,13.0623,33.463,1.3283,11.4017,-0.0135,0.327
1779988773220,2,12.00000018,Upper Delivery,Delivery,pitch.1,439929,-3.3395,-1.4181,13.0118,33.444,1.2731,11.3712,-0.013,0.327
1779988773220,2,Pitching Mound.Delivery,,Delivery,pitch.1,438771,3.9886,-8.4219,122.8661,-104.2393,126.4728,20.579,-0.137,0.1176
1779988773220,2,Pitching Mound.Delivery,,Delivery,pitch.1,438770,4.0185,-8.4292,122.8341,-104.3489,126.4548,20.5386,-0.1371,0.1176
1779988773220,2,Pitching Mound.Drive,,Delivery,pitch.1,439348,-0.0606,-0.3165,1.8453,0.7412,-2.6226,-2.4141,0.0,0.0
1779988773220,2,Pitching Mound.Parent,,Delivery,pitch.1,438391,3.928,-8.7385,124.7113,-103.498,123.8502,18.1649,-0.135,0.1159
1779988773220,2,Pitching Mound.Parent,,Delivery,pitch.1,438390,3.9531,-8.7258,124.6538,-103.6174,123.9683,18.1361,-0.1351,0.1159
1779988773221,2,11.0000004b,Drive,Delivery,pitch.1,439349,-0.026,-0.3086,1.7849,0.7429,-2.626,-2.4036,0.0,0.0
1779988773221,2,12.00000015,Lower Delivery,Delivery,pitch.1,439075,7.3189,-7.0113,109.8707,-170.5382,124.9497,12.7563,-0.1514,-0.2066
1779988773221,2,12.00000018,Upper Delivery,Delivery,pitch.1,439931,-3.3196,-1.4066,12.947,33.2768,1.3134,11.3966,-0.0135,0.327
1779988773221,2,Pitching Mound.Delivery,,Delivery,pitch.1,438772,3.9993,-8.4179,122.8176,-104.3073,126.2631,20.5358,-0.1369,0.1179
1779988773221,2,Pitching Mound.Drive,,Delivery,pitch.1,439349,-0.026,-0.3086,1.7849,0.7429,-2.626,-2.4036,0.0,0.0
1779988773221,2,Pitching Mound.Parent,,Delivery,pitch.1,438392,3.9733,-8.7264,124.6025,-103.5644,123.6371,18.1322,-0.1349,0.1162
1779988773222,2,11.0000004b,Drive,Delivery,pitch.1,439350,-0.0201,-0.291,1.7627,0.7338,-2.7649,-2.3967,0.0,0.0
1779988773222,2,12.00000015,Lower Delivery,Delivery,pitch.1,439076,7.2899,-7.0042,109.8963,-170.6886,125.188,12.731,-0.1517,-0.2068
1779988773222,2,12.00000018,Upper Delivery,Delivery,pitch.1,439932,-3.3325,-1.3657,12.9351,33.2589,1.2941,11.4327,-0.0133,0.327
1779988773222,2,Pitching Mound.Delivery,,Delivery,pitch.1,438773,3.9574,-8.3698,122.8315,-104.4629,126.4821,20.5521,-0.1371,0.1178
1779988773222,2,Pitching Mound.Drive,,Delivery,pitch.1,439350,-0.0201,-0.291,1.7627,0.7338,-2.7649,-2.3967,0.0,0.0
1779988773222,2,Pitching Mound.Parent,,Delivery,pitch.1,438393,3.9373,-8.6608,124.5942,-103.7291,123.7171,18.1554,-0.1351,0.1162
1779988773223,2,11.0000004b,Drive,Delivery,pitch.1,439351,-0.0339,-0.2834,1.7415,0.6915,-2.5383,-2.3733,0.0,0.0
1779988773223,2,12.00000015,Lower Delivery,Delivery,pitch.1,439077,7.2798,-6.9867,110.0243,-170.628,125.0101,12.6474,-0.1513,-0.2065
1779988773223,2,12.00000018,Upper Delivery,Delivery,pitch.1,439933,-3.3452,-1.3558,13.09,33.1336,1.309,11.4234,-0.0133,0.327
1779988773223,2,Pitching Mound.Delivery,,Delivery,pitch.1,438774,3.9346,-8.3425,123.1143,-104.5368,126.3191,20.4583,-0.1366,0.118
1779988773223,2,Pitching Mound.Drive,,Delivery,pitch.1,439351,-0.0339,-0.2834,1.7415,0.6915,-2.5383,-2.3733,0.0,0.0
1779988773223,2,Pitching Mound.Parent,,Delivery,pitch.1,438394,3.9007,-8.6259,124.8558,-103.8452,123.7808,18.085,-0.1347,0.1163
1779988773224,2,11.0000004b,Drive,Delivery,pitch.1,439352,-0.031,-0.2782,1.7151,0.6854,-2.5604,-2.3525,0.0,0.0
1779988773224,2,12.00000015,Lower Delivery,Delivery,pitch.1,439078,7.278,-6.9791,110.0488,-170.6958,124.9926,12.6289,-0.1512,-0.2065
1779988773224,2,12.00000018,Upper Delivery,Delivery,pitch.1,439934,-3.334,-1.3337,13.1241,33.4761,1.2584,11.4221,-0.0128,0.327
1779988773224,2,Pitching Mound.Delivery,,Delivery,pitch.1,438775,3.9441,-8.3128,123.1728,-104.2653,126.251,20.4429,-0.1365,0.1179
1779988773224,2,Pitching Mound.Drive,,Delivery,pitch.1,439352,-0.031,-0.2782,1.7151,0.6854,-2.5604,-2.3525,0.0,0.0
1779988773224,2,Pitching Mound.Parent,,Delivery,pitch.1,438395,3.913,-8.5909,124.888,-103.58,123.6906,18.0904,-0.1346,0.1163
1779988773225,2,11.0000004b,Drive,Delivery,pitch.1,439353,-0.0129,-0.2742,1.678,0.6788,-2.3602,-2.3323,0.0,0.0
1779988773225,2,12.00000015,Lower Delivery,Delivery,pitch.1,439079,7.2864,-7.0019,110.3455,-170.9641,125.0541,12.5475,-0.1509,-0.2063
1779988773225,2,12.00000018,Upper Delivery,Delivery,pitch.1,439935,-3.3319,-1.3285,13.1476,33.5667,1.3252,11.4038,-0.0134,0.327
1779988773225,2,Pitching Mound.Delivery,,Delivery,pitch.1,438776,3.9544,-8.3304,123.493,-104.3501,126.3793,20.341,-0.1362,0.1181
1779988773225,2,Pitching Mound.Drive,,Delivery,pitch.1,439353,-0.0129,-0.2742,1.678,0.6788,-2.3602,-2.3323,0.0,0.0
1779988773225,2,Pitching Mound.Parent,,Delivery,pitch.1,438396,3.9415,-8.6046,125.171,-103.6713,124.0191,18.0088,-0.1344,0.1165
1779988773226,2,11.0000004b,Drive,Delivery,pitch.1,439354,-0.0035,-0.2904,1.6911,0.687,-2.4297,-2.3305,0.0,0.0
1779988773226,2,12.00000015,Lower Delivery,Delivery,pitch.1,439080,7.2751,-6.9723,110.3449,-171.0571,124.9548,12.5359,-0.1508,-0.2064
1779988773226,2,12.00000018,Upper Delivery,Delivery,pitch.1,439936,-3.3179,-1.3,13.1676,33.6819,1.1866,11.3928,-0.012,0.327
1779988773226,2,Pitching Mound.Delivery,,Delivery,pitch.1,438777,3.9573,-8.2722,123.5125,-104.335,126.1414,20.3271,-0.136,0.118
1779988773226,2,Pitching Mound.Drive,,Delivery,pitch.1,439354,-0.0035,-0.2904,1.6911,0.687,-2.4297,-2.3305,0.0,0.0
1779988773226,2,Pitching Mound.Parent,,Delivery,pitch.1,438397,3.9538,-8.5627,125.2036,-103.6479,123.7117,17.9966,-0.1341,0.1164
1779988773227,2,11.0000004b,Drive,Delivery,pitch.1,439355,0.0085,-0.3042,1.7081,0.6873,-2.4866,-2.3277,0.0,0.0
1779988773227,2,12.00000015,Lower Delivery,Delivery,pitch.1,439081,7.2506,-6.9588,110.4795,-171.3228,125.0701,12.5355,-0.1507,-0.2064
1779988773227,2,12.00000018,Upper Delivery,Delivery,pitch.1,439937,-3.3284,-1.3282,13.1753,33.9671,1.2295,11.3653,-0.0124,0.327
1779988773227,2,Pitching Mound.Delivery,,Delivery,pitch.1,438778,3.9222,-8.287,123.6548,-104.2723,126.2996,20.3039,-0.136,0.1179
1779988773227,2,Pitching Mound.Drive,,Delivery,pitch.1,439355,0.0085,-0.3042,1.7081,0.6873,-2.4866,-2.3277,0.0,0.0
1779988773227,2,Pitching Mound.Parent,,Delivery,pitch.1,438398,3.9307,-8.5912,125.3629,-103.585,123.813,17.9762,-0.1341,0.1163
1779988773228,2,11.0000004b,Drive,Delivery,pitch.1,439356,0.0199,-0.2588,1.6753,0.6646,-2.5111,-2.3035,0.0,0.0
1779988773228,2,12.00000015,Lower Delivery,Delivery,pitch.1,439082,7.2417,-6.9493,110.6001,-171.5453,124.9422,12.4537,-0.1504,-0.2065
1779988773228,2,12.00000018,Upper Delivery,Delivery,pitch.1,439938,-3.3078,-1.3086,13.3434,33.8526,1.1637,11.3818,-0.0116,0.327
1779988773228,2,Pitching Mound.Delivery,,Delivery,pitch.1,438779,3.934,-8.2579,123.9435,-104.6254,126.1059,20.2487,-0.1355,0.1177
1779988773228,2,Pitching Mound.Drive,,Delivery,pitch.1,439356,0.0199,-0.2588,1.6753,0.6646,-2.5111,-2.3035,0.0,0.0
1779988773228,2,Pitching Mound.Parent,,Delivery,pitch.1,438399,3.9538,-8.5167,125.6188,-103.9608,123.5948,17.9452,-0.1336,0.1162
1779988773229,2,11.0000004b,Drive,Delivery,pitch.1,439357,0.0256,-0.2774,1.6318,0.672,-2.5195,-2.3092,0.0,0.0
1779988773229,2,12.00000015,Lower Delivery,Delivery,pitch.1,439083,7.2215,-6.9206,110.5332,-171.7399,125.0093,12.4124,-0.1506,-0.2068
1779988773229,2,12.00000018,Upper Delivery,Delivery,pitch.1,439939,-3.2804,-1.3125,13.3793,33.8755,0.9951,11.4039,-0.0099,0.327
1779988773229,2,Pitching Mound.Delivery,,Delivery,pitch.1,438780,3.941,-8.2332,123.9125,-104.832,126.0044,20.2456,-0.1354,0.1174
1779988773229,2,Pitching Mound.Drive,,Delivery,pitch.1,439357,0.0256,-0.2774,1.6318,0.672,-2.5195,-2.3092,0.0,0.0
1779988773229,2,Pitching Mound.Parent,,Delivery,pitch.1,438400,3.9666,-8.5106,125.5443,-104.1601,123.4849,17.9364,-0.1336,0.1159
1779988773230,2,11.0000004b,Drive,Delivery,pitch.1,439358,0.0425,-0.2747,1.6238,0.6671,-2.4492,-2.288,0.0,0.0
1779988773230,2,12.00000015,Lower Delivery,Delivery,pitch.1,439084,7.192,-6.8749,110.5098,-171.8805,124.8568,12.3967,-0.1504,-0.2071
1779988773230,2,12.00000018,Upper Delivery,Delivery,pitch.1,439940,-3.279,-1.3117,13.5285,34.0802,0.9967,11.3936,-0.0098,0.327
1779988773230,2,Pitching Mound.Delivery,,Delivery,pitch.1,438781,3.913,-8.1866,124.0384,-104.8267,125.8534,20.2301,-0.1351,0.117
1779988773230,2,Pitching Mound.Drive,,Delivery,pitch.1,439358,0.0425,-0.2747,1.6238,0.6671,-2.4492,-2.288,0.0,0.0
1779988773230,2,Pitching Mound.Parent,,Delivery,pitch.1,438401,3.9555,-8.4613,125.6622,-104.1596,123.4043,17.9421,-0.1333,0.1155
1779988773231,2,11.0000004b,Drive,Delivery,pitch.1,439359,0.0391,-0.2767,1.6204,0.714,-2.5175,-2.2706,0.0,0.0
1779988773231,2,12.00000015,Lower Delivery,Delivery,pitch.1,439085,7.2071,-6.8484,110.4869,-172.0455,125.0647,12.3784,-0.1507,-0.2073
1779988773231,2,12.00000018,Upper Delivery,Delivery,pitch.1,439941,-3.2756,-1.3042,13.5193,33.9883,1.0334,11.363,-0.0102,0.327
1779988773231,2,Pitching Mound.Delivery,,Delivery,pitch.1,438782,3.9315,-8.1527,124.0062,-105.0882,126.0981,20.1773,-0.1354,0.1168
1779988773231,2,Pitching Mound.Drive,,Delivery,pitch.1,439359,0.0391,-0.2767,1.6204,0.714,-2.5175,-2.2706,0.0,0.0
1779988773231,2,Pitching Mound.Parent,,Delivery,pitch.1,438402,3.9706,-8.4294,125.6266,-104.3742,123.5806,17.9067,-0.1336,0.1153
1779988773232,2,11.0000004b,Drive,Delivery,pitch.1,439360,0.0023,-0.2902,1.6429,0.6854,-2.4976,-2.285,0.0,0.0
1779988773232,2,12.00000015,Lower Delivery,Delivery,pitch.1,439086,7.1944,-6.8132,110.3124,-172.1388,124.9775,12.3719,-0.1508,-0.2077
1779988773232,2,12.00000018,Upper Delivery,Delivery,pitch.1,439942,-3.2617,-1.3254,13.5216,33.8326,1.002,11.3416,-0.0099,0.327
1779988773232,2,Pitching Mound.Delivery,,Delivery,pitch.1,438783,3.9328,-8.1386,123.834,-105.3974,125.9795,20.1585,-0.1354,0.1164
1779988773232,2,Pitching Mound.Drive,,Delivery,pitch.1,439360,0.0023,-0.2902,1.6429,0.6854,-2.4976,-2.285,0.0,0.0
1779988773232,2,Pitching Mound.Parent,,Delivery,pitch.1,438403,3.9351,-8.4288,125.4769,-104.712,123.4819,17.8734,-0.1337,0.1149
1779988773233,2,11.0000004b,Drive,Delivery,pitch.1,439361,0.0164,-0.306,1.67,0.736,-2.6344,-2.3023,0.0,0.0
1779988773233,2,12.00000015,Lower Delivery,Delivery,pitch.1,439087,7.2023,-6.7671,110.2758,-172.2498,124.9835,12.3908,-0.1509,-0.2079
1779988773233,2,12.00000018,Upper Delivery,Delivery,pitch.1,439943,-3.2579,-1.3313,13.5317,33.9273,1.0417,11.339,-0.0102,0.327
1779988773233,2,Pitching Mound.Delivery,,Delivery,pitch.1,438784,3.9444,-8.0985,123.8076,-105.4295,126.0252,20.1734,-0.1355,0.1162
1779988773233,2,Pitching Mound.Drive,,Delivery,pitch.1,439361,0.0164,-0.306,1.67,0.736,-2.6344,-2.3023,0.0,0.0
1779988773233,2,Pitching Mound.Parent,,Delivery,pitch.1,438404,3.9608,-8.4045,125.4775,-104.6935,123.3908,17.8711,-0.1337,0.1147
1779988773234,2,11.0000004b,Drive,Delivery,pitch.1,439362,-0.0082,-0.3118,1.7584,0.7584,-2.847,-2.3322,0.0,0.0
1779988773234,2,12.00000015,Lower Delivery,Delivery,pitch.1,439088,7.1923,-6.7323,110.1547,-172.301,125.0615,12.4193,-0.1511,-0.2082
1779988773234,2,12.00000018,Upper Delivery,Delivery,pitch.1,439944,-3.2436,-1.3192,13.4358,33.9923,0.9963,11.3115,-0.0099,0.327
1779988773234,2,Pitching Mound.Delivery,,Delivery,pitch.1,438785,3.9487,-8.0515,123.5904,-105.4243,126.0577,20.1826,-0.1358,0.116
1779988773234,2,Pitching Mound.Drive,,Delivery,pitch.1,439362,-0.0082,-0.3118,1.7584,0.7584,-2.847,-2.3322,0.0,0.0
1779988773234,2,Pitching Mound.Parent,,Delivery,pitch.1,438405,3.9405,-8.3633,125.3489,-104.6658,123.2107,17.8504,-0.1339,0.1144
1779988773235,2,12.00000015,Lower Delivery,Delivery,pitch.1,439089,7.2049,-6.7216,110.0408,-172.3033,125.1128,12.4206,-0.1514,-0.2085
1779988773235,2,12.00000018,Upper Delivery,Delivery,pitch.1,439945,-3.2207,-1.2985,13.2497,33.899,0.9989,11.3117,-0.01,0.327
1779988773235,2,Pitching Mound.Delivery,,Delivery,pitch.1,438786,3.9842,-8.0201,123.2905,-105.4953,126.1116,20.1876,-0.1362,0.116
1779988773236,2,11.0000004b,Drive,Delivery,pitch.1,439363,-0.0049,-0.3221,1.7259,0.7574,-2.8596,-2.3563,0.0,0.0
1779988773236,2,12.00000015,Lower Delivery,Delivery,pitch.1,439090,7.2114,-6.6755,110.0241,-172.3891,125.4764,12.4847,-0.1518,-0.2086
1779988773236,2,12.00000018,Upper Delivery,Delivery,pitch.1,439946,-3.2255,-1.3222,13.1041,33.9114,0.9111,11.2757,-0.0093,0.327
1779988773236,2,Pitching Mound.Delivery,,Delivery,pitch.1,438787,3.9859,-7.9978,123.1281,-105.5249,126.3876,20.2119,-0.1367,0.116
1779988773236,2,Pitching Mound.Drive,,Delivery,pitch.1,439363,-0.0049,-0.3221,1.7259,0.7574,-2.8596,-2.3563,0.0,0.0
1779988773236,2,Pitching Mound.Parent,,Delivery,pitch.1,438406,3.9793,-8.3422,125.0163,-104.7379,123.2521,17.8312,-0.1343,0.1144
1779988773237,2,11.0000004b,Drive,Delivery,pitch.1,439364,-0.0314,-0.3293,1.793,0.7878,-2.6666,-2.3679,0.0,0.0
1779988773237,2,12.00000015,Lower Delivery,Delivery,pitch.1,439091,7.2306,-6.658,109.9285,-172.3136,125.5043,12.4333,-0.152,-0.2087
1779988773237,2,12.00000018,Upper Delivery,Delivery,pitch.1,439947,-3.2323,-1.345,13.201,34.0524,0.9924,11.2128,-0.01,0.327
1779988773237,2,Pitching Mound.Delivery,,Delivery,pitch.1,438788,3.9983,-8.003,123.1296,-105.3739,126.4967,20.0887,-0.1368,0.1159
1779988773237,2,Pitching Mound.Drive,,Delivery,pitch.1,439364,-0.0314,-0.3293,1.793,0.7878,-2.6666,-2.3679,0.0,0.0
1779988773237,2,Pitching Mound.Parent,,Delivery,pitch.1,438407,3.9545,-8.327,124.9211,-104.737,123.7209,17.844,-0.1347,0.1144
1779988773238,2,11.0000004b,Drive,Delivery,pitch.1,439365,-0.0029,-0.3279,1.7165,0.7744,-3.0469,-2.4104,0.0,0.0
1779988773238,2,12.00000015,Lower Delivery,Delivery,pitch.1,439092,7.2654,-6.6229,109.9058,-172.2004,125.4072,12.5088,-0.1519,-0.2086
1779988773238,2,12.00000018,Upper Delivery,Delivery,pitch.1,439948,-3.2044,-1.3068,13.1369,33.8857,0.8275,11.1942,-0.0084,0.327
1779988773238,2,Pitching Mound.Delivery,,Delivery,pitch.1,438789,4.061,-7.9297,123.0427,-105.4132,126.2348,20.1433,-0.1366,0.116
1779988773238,2,Pitching Mound.Drive,,Delivery,pitch.1,439365,-0.0029,-0.3279,1.7165,0.7744,-3.0469,-2.4104,0.0,0.0
1779988773238,2,Pitching Mound.Parent,,Delivery,pitch.1,438408,3.9953,-8.3309,124.8461,-104.5995,123.4498,17.6784,-0.1349,0.1143
1779988773239,2,11.0000004b,Drive,Delivery,pitch.1,439366,-0.0169,-0.3404,1.7412,0.7581,-2.8816,-2.4063,0.0,0.0
1779988773239,2,12.00000015,Lower Delivery,Delivery,pitch.1,439093,7.3073,-6.6029,109.9048,-171.9677,125.6206,12.5288,-0.1522,-0.2083
1779988773239,2,12.00000018,Upper Delivery,Delivery,pitch.1,439949,-3.217,-1.3204,13.0916,33.9332,0.7983,11.1594,-0.0081,0.327
1779988773239,2,Pitching Mound.Delivery,,Delivery,pitch.1,438790,4.0902,-7.9233,122.9964,-105.1181,126.4189,20.1099,-0.1368,0.1163
1779988773239,2,Pitching Mound.Drive,,Delivery,pitch.1,439366,-0.0169,-0.3404,1.7412,0.7581,-2.8816,-2.4063,0.0,0.0
1779988773239,2,Pitching Mound.Parent,,Delivery,pitch.1,438409,4.0441,-8.2701,124.7839,-104.6551,123.3532,17.7369,-0.1347,0.1144
1779988773240,2,11.0000004b,Drive,Delivery,pitch.1,439367,-0.0274,-0.3577,1.7759,0.7777,-2.7376,-2.3863,0.0,0.0
1779988773240,2,12.00000015,Lower Delivery,Delivery,pitch.1,439094,7.2949,-6.5705,109.9693,-171.8373,125.6548,12.5261,-0.1521,-0.208
1779988773240,2,12.00000018,Upper Delivery,Delivery,pitch.1,439950,-3.2148,-1.2965,13.087,33.8739,0.752,11.1584,-0.0076,0.327
1779988773240,2,Pitching Mound.Delivery,,Delivery,pitch.1,438791,4.08,-7.867,123.0562,-105.0235,126.4068,20.1112,-0.1368,0.1166
1779988773240,2,Pitching Mound.Drive,,Delivery,pitch.1,439367,-0.0274,-0.3577,1.7759,0.7777,-2.7376,-2.3863,0.0,0.0
1779988773240,2,Pitching Mound.Parent,,Delivery,pitch.1,438410,4.0628,-8.281,124.7723,-104.3404,123.6813,17.7236,-0.1349,0.1146
1779988773241,2,11.0000004b,Drive,Delivery,pitch.1,439368,-0.0382,-0.3605,1.8032,0.7792,-2.9381,-2.3997,0.0,0.0
1779988773241,2,12.00000015,Lower Delivery,Delivery,pitch.1,439095,7.3249,-6.5697,109.9916,-171.8692,125.6922,12.5139,-0.1521,-0.208
1779988773241,2,12.00000018,Upper Delivery,Delivery,pitch.1,439951,-3.2124,-1.2815,13.0746,33.796,0.7708,11.0624,-0.0078,0.327
1779988773241,2,Pitching Mound.Delivery,,Delivery,pitch.1,438792,4.1125,-7.8511,123.0662,-105.1214,126.463,19.9936,-0.1368,0.1166
1779988773241,2,Pitching Mound.Drive,,Delivery,pitch.1,439368,-0.0382,-0.3605,1.8032,0.7792,-2.9381,-2.3997,0.0,0.0
1779988773241,2,Pitching Mound.Parent,,Delivery,pitch.1,438411,4.0419,-8.2275,124.8594,-104.2443,123.4687,17.7115,-0.1348,0.1149
1779988773242,2,11.0000004b,Drive,Delivery,pitch.1,439370,-0.0683,-0.3553,1.9355,0.7692,-3.0099,-2.3804,0.0,0.0
1779988773242,2,11.0000004b,Drive,Delivery,pitch.1,439369,-0.0556,-0.3572,1.8846,0.7573,-3.0063,-2.4086,0.0,0.0
1779988773242,2,12.00000015,Lower Delivery,Delivery,pitch.1,439096,7.3186,-6.5419,109.9108,-171.6597,125.6525,12.5201,-0.1522,-0.2079
1779988773242,2,12.00000018,Upper Delivery,Delivery,pitch.1,439952,-3.218,-1.2722,12.9795,33.7956,0.8569,11.0202,-0.0088,0.327
1779988773242,2,Pitching Mound.Delivery,,Delivery,pitch.1,438793,4.1006,-7.8141,122.8903,-104.9075,126.5094,19.9579,-0.137,0.1168
1779988773242,2,Pitching Mound.Drive,,Delivery,pitch.1,439370,-0.0683,-0.3553,1.9355,0.7692,-3.0099,-2.3804,0.0,0.0
1779988773242,2,Pitching Mound.Drive,,Delivery,pitch.1,439369,-0.0556,-0.3572,1.8846,0.7573,-3.0063,-2.4086,0.0,0.0
1779988773242,2,Pitching Mound.Parent,,Delivery,pitch.1,438413,4.0323,-8.1694,124.8257,-104.1383,123.4996,17.5775,-0.1349,0.1149
1779988773242,2,Pitching Mound.Parent,,Delivery,pitch.1,438412,4.0569,-8.2083,124.9508,-104.3642,123.4567,17.585,-0.1347,0.1148
1779988773243,2,11.0000004b,Drive,Delivery,pitch.1,439371,-0.0889,-0.3294,1.9646,0.7155,-2.9858,-2.3614,0.0,0.0
1779988773243,2,12.00000015,Lower Delivery,Delivery,pitch.1,439097,7.3293,-6.528,109.9845,-171.8145,125.6603,12.508,-0.1521,-0.208
1779988773243,2,12.00000018,Upper Delivery,Delivery,pitch.1,439953,-3.1907,-1.227,12.8835,33.5856,0.6503,10.9837,-0.0067,0.327
1779988773243,2,Pitching Mound.Delivery,,Delivery,pitch.1,438794,4.1386,-7.755,122.868,-105.2146,126.3105,19.9149,-0.1369,0.1168
1779988773243,2,Pitching Mound.Drive,,Delivery,pitch.1,439371,-0.0889,-0.3294,1.9646,0.7155,-2.9858,-2.3614,0.0,0.0
1779988773243,2,Pitching Mound.Parent,,Delivery,pitch.1,438414,4.0497,-8.0845,124.8326,-104.4991,123.3247,17.5536,-0.1347,0.115
1779988773244,2,12.00000015,Lower Delivery,Delivery,pitch.1,439098,7.3229,-6.523,110.0013,-171.5348,125.6331,12.4919,-0.152,-0.2076
1779988773244,2,12.00000018,Upper Delivery,Delivery,pitch.1,439954,-3.1866,-1.2136,12.9908,33.5426,0.6944,10.9214,-0.0071,0.327
1779988773244,2,Pitching Mound.Delivery,,Delivery,pitch.1,438795,4.1363,-7.7366,122.9921,-105.0087,126.3275,19.84,-0.1367,0.117
1779988773245,2,11.0000004b,Drive,Delivery,pitch.1,439372,-0.0876,-0.3119,1.9697,0.6974,-2.9264,-2.3312,0.0,0.0
1779988773245,2,11.0000004b,Drive,Delivery,pitch.1,439373,-0.0851,-0.3249,1.9737,0.6846,-2.8568,-2.3045,0.0,0.0
1779988773245,2,12.00000015,Lower Delivery,Delivery,pitch.1,439099,7.3399,-6.4994,109.9577,-171.5629,125.6609,12.468,-0.1521,-0.2077
1779988773245,2,12.00000018,Upper Delivery,Delivery,pitch.1,439955,-3.1831,-1.1938,12.6601,33.0255,0.6218,10.8549,-0.0065,0.327
1779988773245,2,Pitching Mound.Delivery,,Delivery,pitch.1,438796,4.1568,-7.6933,122.6177,-105.4561,126.2827,19.7451,-0.1371,0.1173
1779988773245,2,Pitching Mound.Drive,,Delivery,pitch.1,439372,-0.0876,-0.3119,1.9697,0.6974,-2.9264,-2.3312,0.0,0.0
1779988773245,2,Pitching Mound.Drive,,Delivery,pitch.1,439373,-0.0851,-0.3249,1.9737,0.6846,-2.8568,-2.3045,0.0,0.0
1779988773245,2,Pitching Mound.Parent,,Delivery,pitch.1,438415,4.0487,-8.0485,124.9617,-104.3114,123.4011,17.5088,-0.1346,0.1152
1779988773245,2,Pitching Mound.Parent,,Delivery,pitch.1,438416,4.0718,-8.0182,124.5914,-104.7715,123.4259,17.4406,-0.1349,0.1154
1779988773246,2,11.0000004b,Drive,Delivery,pitch.1,439374,-0.0892,-0.3449,2.0172,0.6886,-2.8456,-2.2856,0.0,0.0
1779988773246,2,12.00000015,Lower Delivery,Delivery,pitch.1,439100,7.3517,-6.4848,109.8292,-171.5482,125.7675,12.4361,-0.1524,-0.2079
1779988773246,2,12.00000018,Upper Delivery,Delivery,pitch.1,439956,-3.1973,-1.2269,13.0382,33.3875,0.8228,10.8591,-0.0084,0.327
1779988773246,2,Pitching Mound.Delivery,,Delivery,pitch.1,438797,4.1544,-7.7116,122.8674,-105.2519,126.5903,19.7086,-0.1372,0.1167
1779988773246,2,Pitching Mound.Drive,,Delivery,pitch.1,439374,-0.0892,-0.3449,2.0172,0.6886,-2.8456,-2.2856,0.0,0.0
1779988773246,2,Pitching Mound.Parent,,Delivery,pitch.1,438417,4.0652,-8.0565,124.8846,-104.5632,123.7446,17.423,-0.1349,0.1148
1779988773247,2,12.00000015,Lower Delivery,Delivery,pitch.1,439101,7.3588,-6.4596,109.6574,-170.9639,125.6051,12.4342,-0.1525,-0.2076
1779988773247,2,12.00000018,Upper Delivery,Delivery,pitch.1,439957,-3.1653,-1.1925,13.2544,33.471,0.77,10.8467,-0.0077,0.327
1779988773247,2,Pitching Mound.Delivery,,Delivery,pitch.1,438798,4.1935,-7.6521,122.9118,-104.7159,126.375,19.7026,-0.1369,0.1168
1779988773248,2,11.0000004b,Drive,Delivery,pitch.1,439375,-0.0944,-0.3443,2.0773,0.691,-2.7371,-2.267,0.0,0.0
1779988773248,2,12.00000015,Lower Delivery,Delivery,pitch.1,439102,7.36,-6.4208,109.5391,-171.0767,125.5808,12.4067,-0.1526,-0.2079
1779988773248,2,12.00000018,Upper Delivery,Delivery,pitch.1,439958,-3.1646,-1.1827,13.0991,33.3067,0.6806,10.8133,-0.0069,0.327
1779988773248,2,Pitching Mound.Delivery,,Delivery,pitch.1,438799,4.1954,-7.6035,122.6383,-104.9804,126.2614,19.6416,-0.1371,0.1166
1779988773248,2,Pitching Mound.Drive,,Delivery,pitch.1,439375,-0.0944,-0.3443,2.0773,0.691,-2.7371,-2.267,0.0,0.0
1779988773248,2,Pitching Mound.Parent,,Delivery,pitch.1,438418,4.099,-7.9964,124.9892,-104.0249,123.6379,17.4356,-0.1346,0.1148
1779988773249,2,11.0000004b,Drive,Delivery,pitch.1,439376,-0.0979,-0.3477,2.0871,0.7083,-2.788,-2.2787,0.0,0.0
1779988773249,2,11.0000004b,Drive,Delivery,pitch.1,439377,-0.0846,-0.3072,2.0016,0.682,-2.6842,-2.2752,0.0,0.0
1779988773249,2,12.00000015,Lower Delivery,Delivery,pitch.1,439103,7.3653,-6.3915,109.4315,-171.1016,125.6909,12.4055,-0.1529,-0.2082
1779988773249,2,12.00000018,Upper Delivery,Delivery,pitch.1,439959,-3.1351,-1.1721,13.2607,33.4752,0.7163,10.8003,-0.0072,0.327
1779988773249,2,Pitching Mound.Delivery,,Delivery,pitch.1,438800,4.2302,-7.5636,122.6922,-104.9283,126.4072,19.6357,-0.1372,0.1162
1779988773249,2,Pitching Mound.Drive,,Delivery,pitch.1,439376,-0.0979,-0.3477,2.0871,0.7083,-2.788,-2.2787,0.0,0.0
1779988773249,2,Pitching Mound.Drive,,Delivery,pitch.1,439377,-0.0846,-0.3072,2.0016,0.682,-2.6842,-2.2752,0.0,0.0
1779988773249,2,Pitching Mound.Parent,,Delivery,pitch.1,438419,4.0975,-7.9513,124.7253,-104.2721,123.4733,17.3629,-0.1348,0.1146
1779988773249,2,Pitching Mound.Parent,,Delivery,pitch.1,438420,4.1456,-7.8708,124.6938,-104.2463,123.723,17.3605,-0.135,0.1143
1779988773250,2,11.0000004b,Drive,Delivery,pitch.1,439378,-0.0724,-0.3016,1.9448,0.6836,-2.5594,-2.2791,0.0,0.0
1779988773250,2,12.00000015,Lower Delivery,Delivery,pitch.1,439104,7.3659,-6.3349,109.1585,-170.9416,125.6768,12.3959,-0.1533,-0.2085
1779988773250,2,12.00000018,Upper Delivery,Delivery,pitch.1,439960,-3.1284,-1.1659,13.4157,33.6079,0.7124,10.7532,-0.0071,0.327
1779988773250,2,Pitching Mound.Delivery,,Delivery,pitch.1,438801,4.2375,-7.5008,122.5742,-104.7812,126.3892,19.581,-0.1373,0.1157
1779988773250,2,Pitching Mound.Drive,,Delivery,pitch.1,439378,-0.0724,-0.3016,1.9448,0.6836,-2.5594,-2.2791,0.0,0.0
1779988773250,2,Pitching Mound.Parent,,Delivery,pitch.1,438421,4.1651,-7.8024,124.519,-104.0975,123.8298,17.3019,-0.1351,0.1139
1779988773251,2,11.0000004b,Drive,Delivery,pitch.1,439379,-0.0558,-0.2899,1.9393,0.6958,-2.6345,-2.3154,0.0,0.0
1779988773251,2,12.00000015,Lower Delivery,Delivery,pitch.1,439105,7.3985,-6.3047,108.9535,-170.8796,125.7256,12.4203,-0.1536,-0.2088
1779988773251,2,12.00000018,Upper Delivery,Delivery,pitch.1,439961,-3.1118,-1.1545,13.1615,33.6074,0.6541,10.745,-0.0066,0.327
1779988773251,2,Pitching Mound.Delivery,,Delivery,pitch.1,438802,4.2867,-7.4592,122.115,-104.7028,126.3797,19.5918,-0.1378,0.1157
1779988773251,2,Pitching Mound.Drive,,Delivery,pitch.1,439379,-0.0558,-0.2899,1.9393,0.6958,-2.6345,-2.3154,0.0,0.0
1779988773251,2,Pitching Mound.Parent,,Delivery,pitch.1,438422,4.2309,-7.749,124.0543,-104.007,123.7452,17.2764,-0.1356,0.1139
1779988773252,2,11.0000004b,Drive,Delivery,pitch.1,439380,-0.0485,-0.2834,1.8561,0.6863,-2.5286,-2.2896,0.0,0.0
1779988773252,2,12.00000015,Lower Delivery,Delivery,pitch.1,439106,7.4009,-6.2536,108.97,-170.5379,125.5801,12.4154,-0.1534,-0.2083
1779988773252,2,12.00000018,Upper Delivery,Delivery,pitch.1,439962,-3.0742,-1.1379,13.1223,33.4536,0.6388,10.7476,-0.0065,0.327
1779988773252,2,Pitching Mound.Delivery,,Delivery,pitch.1,438803,4.3267,-7.3915,122.0923,-104.4961,126.2189,19.6015,-0.1376,0.1161
1779988773252,2,Pitching Mound.Drive,,Delivery,pitch.1,439380,-0.0485,-0.2834,1.8561,0.6863,-2.5286,-2.2896,0.0,0.0
1779988773252,2,Pitching Mound.Parent,,Delivery,pitch.1,438423,4.2781,-7.6749,123.9484,-103.8098,123.6903,17.3119,-0.1356,0.1144
1779988773253,2,11.0000004b,Drive,Delivery,pitch.1,439381,-0.04,-0.2906,1.8708,0.6688,-2.4949,-2.3154,0.0,0.0
1779988773253,2,12.00000015,Lower Delivery,Delivery,pitch.1,439107,7.4081,-6.222,108.9301,-170.5976,125.6629,12.4079,-0.1536,-0.2085
1779988773253,2,12.00000018,Upper Delivery,Delivery,pitch.1,439963,-3.0491,-1.1338,12.9803,33.5861,0.6802,10.7549,-0.007,0.327
1779988773253,2,Pitching Mound.Delivery,,Delivery,pitch.1,438804,4.3589,-7.3558,121.9104,-104.3886,126.3432,19.6074,-0.138,0.1161
1779988773253,2,Pitching Mound.Drive,,Delivery,pitch.1,439381,-0.04,-0.2906,1.8708,0.6688,-2.4949,-2.3154,0.0,0.0
1779988773253,2,Pitching Mound.Parent,,Delivery,pitch.1,438424,4.3189,-7.6464,123.7812,-103.7198,123.8483,17.292,-0.1359,0.1144
1779988773254,2,11.0000004b,Drive,Delivery,pitch.1,439382,-0.0308,-0.2751,1.9102,0.6858,-2.5689,-2.3336,0.0,0.0
1779988773254,2,12.00000015,Lower Delivery,Delivery,pitch.1,439108,7.4215,-6.1636,108.872,-170.5076,125.4013,12.4361,-0.1533,-0.2085
1779988773254,2,12.00000018,Upper Delivery,Delivery,pitch.1,439964,-3.037,-1.1242,12.8554,33.4374,0.7114,10.7585,-0.0074,0.327
1779988773254,2,Pitching Mound.Delivery,,Delivery,pitch.1,438805,4.3845,-7.2878,121.7274,-104.4246,126.1127,19.6387,-0.1379,0.1162
1779988773254,2,Pitching Mound.Drive,,Delivery,pitch.1,439382,-0.0308,-0.2751,1.9102,0.6858,-2.5689,-2.3336,0.0,0.0
1779988773254,2,Pitching Mound.Parent,,Delivery,pitch.1,438425,4.3536,-7.5629,123.6377,-103.7388,123.5438,17.305,-0.1358,0.1145
1779988773255,2,11.0000004b,Drive,Delivery,pitch.1,439383,-0.0381,-0.2862,1.8855,0.6911,-2.4277,-2.3514,0.0,0.0
1779988773255,2,12.00000015,Lower Delivery,Delivery,pitch.1,439109,7.4171,-6.122,108.8084,-170.6827,125.1315,12.4456,-0.1531,-0.2088
1779988773255,2,12.00000018,Upper Delivery,Delivery,pitch.1,439965,-3.0253,-1.1401,12.7206,33.4817,0.6853,10.7601,-0.0072,0.327
1779988773255,2,Pitching Mound.Delivery,,Delivery,pitch.1,438806,4.3919,-7.262,121.529,-104.5312,125.8168,19.6554,-0.1378,0.1161
1779988773255,2,Pitching Mound.Drive,,Delivery,pitch.1,439383,-0.0381,-0.2862,1.8855,0.6911,-2.4277,-2.3514,0.0,0.0
1779988773255,2,Pitching Mound.Parent,,Delivery,pitch.1,438426,4.3537,-7.5483,123.4145,-103.8401,123.3891,17.304,-0.1357,0.1143
1779988773256,2,11.0000004b,Drive,Delivery,pitch.1,439384,-0.023,-0.2847,1.8154,0.6746,-2.3471,-2.3381,0.0,0.0
1779988773256,2,12.00000015,Lower Delivery,Delivery,pitch.1,439110,7.3998,-6.0691,108.7651,-170.5371,124.9308,12.4296,-0.1529,-0.2087
1779988773256,2,12.00000018,Upper Delivery,Delivery,pitch.1,439966,-3.01,-1.1803,12.8116,33.587,0.8565,10.7136,-0.0089,0.327
1779988773256,2,Pitching Mound.Delivery,,Delivery,pitch.1,438807,4.3898,-7.2495,121.5767,-104.3259,125.7873,19.6039,-0.1377,0.1161
1779988773256,2,Pitching Mound.Drive,,Delivery,pitch.1,439384,-0.023,-0.2847,1.8154,0.6746,-2.3471,-2.3381,0.0,0.0
1779988773256,2,Pitching Mound.Parent,,Delivery,pitch.1,438427,4.3668,-7.5342,123.3921,-103.6513,123.4402,17.2658,-0.1357,0.1144
1779988773257,2,11.0000004b,Drive,Delivery,pitch.1,439385,-0.0285,-0.2998,1.8547,0.7071,-2.3956,-2.3426,0.0,0.0
1779988773257,2,12.00000015,Lower Delivery,Delivery,pitch.1,439111,7.4067,-6.0576,108.8412,-170.378,124.9799,12.4634,-0.1529,-0.2084
1779988773257,2,12.00000018,Upper Delivery,Delivery,pitch.1,439967,-2.9836,-1.1667,12.5152,33.2645,0.8721,10.6871,-0.0093,0.327
1779988773257,2,Pitching Mound.Delivery,,Delivery,pitch.1,438808,4.4231,-7.2243,121.3564,-104.3628,125.8521,19.6179,-0.1381,0.1167
1779988773257,2,Pitching Mound.Drive,,Delivery,pitch.1,439385,-0.0285,-0.2998,1.8547,0.7071,-2.3956,-2.3426,0.0,0.0
1779988773257,2,Pitching Mound.Parent,,Delivery,pitch.1,438428,4.3945,-7.5241,123.2112,-103.6557,123.4564,17.2753,-0.136,0.1149
1779988773258,2,11.0000004b,Drive,Delivery,pitch.1,439386,-0.0474,-0.3002,1.8694,0.7075,-2.4109,-2.3576,0.0,0.0
1779988773258,2,12.00000015,Lower Delivery,Delivery,pitch.1,439112,7.413,-6.0151,108.7417,-170.4482,124.8771,12.5153,-0.1529,-0.2087
1779988773258,2,12.00000018,Upper Delivery,Delivery,pitch.1,439968,-2.9856,-1.2191,12.5504,33.3068,1.0206,10.6248,-0.0108,0.327
1779988773258,2,Pitching Mound.Delivery,,Delivery,pitch.1,438809,4.4274,-7.2342,121.2921,-104.4364,125.8977,19.6045,-0.1382,0.1164
1779988773258,2,Pitching Mound.Drive,,Delivery,pitch.1,439386,-0.0474,-0.3002,1.8694,0.7075,-2.4109,-2.3576,0.0,0.0
1779988773258,2,Pitching Mound.Parent,,Delivery,pitch.1,438429,4.38,-7.5344,123.1615,-103.7289,123.4868,17.247,-0.1361,0.1146
1779988773259,2,11.0000004b,Drive,Delivery,pitch.1,439387,-0.0616,-0.3356,1.8765,0.7107,-2.4484,-2.3586,0.0,0.0
1779988773259,2,12.00000015,Lower Delivery,Delivery,pitch.1,439113,7.4434,-5.9824,108.6927,-170.1771,124.8647,12.5168,-0.1529,-0.2084
1779988773259,2,12.00000018,Upper Delivery,Delivery,pitch.1,439969,-2.9679,-1.2813,12.5635,32.9086,1.2149,10.6012,-0.0129,0.327
1779988773259,2,Pitching Mound.Delivery,,Delivery,pitch.1,438810,4.4755,-7.2637,121.2562,-104.5846,126.0796,19.5781,-0.1384,0.1166
1779988773259,2,Pitching Mound.Drive,,Delivery,pitch.1,439387,-0.0616,-0.3356,1.8765,0.7107,-2.4484,-2.3586,0.0,0.0
1779988773259,2,Pitching Mound.Parent,,Delivery,pitch.1,438430,4.4138,-7.5993,123.1328,-103.8739,123.6312,17.2195,-0.1363,0.1148
1779988773260,2,11.0000004b,Drive,Delivery,pitch.1,439388,-0.056,-0.3446,1.8686,0.734,-2.3507,-2.3662,0.0,0.0
1779988773260,2,12.00000015,Lower Delivery,Delivery,pitch.1,439114,7.4702,-5.9614,108.702,-169.9928,124.7709,12.5579,-0.1528,-0.2082
1779988773260,2,12.00000018,Upper Delivery,Delivery,pitch.1,439970,-3.0002,-1.3136,12.4519,32.4287,1.1892,10.5126,-0.0127,0.327
1779988773260,2,Pitching Mound.Delivery,,Delivery,pitch.1,438811,4.47,-7.275,121.1539,-104.839,125.9601,19.5105,-0.1384,0.1169
1779988773260,2,Pitching Mound.Drive,,Delivery,pitch.1,439388,-0.056,-0.3446,1.8686,0.734,-2.3507,-2.3662,0.0,0.0
1779988773260,2,Pitching Mound.Parent,,Delivery,pitch.1,438431,4.414,-7.6196,123.0225,-104.1051,123.6094,17.1443,-0.1363,0.1152
1779988773261,2,11.0000004b,Drive,Delivery,pitch.1,439389,-0.0595,-0.3354,1.8613,0.7059,-2.3921,-2.3563,0.0,0.0
1779988773261,2,12.00000015,Lower Delivery,Delivery,pitch.1,439115,7.4868,-5.9681,108.7318,-170.0783,124.3704,12.5561,-0.1523,-0.2082
1779988773261,2,12.00000018,Upper Delivery,Delivery,pitch.1,439971,-2.9733,-1.3282,12.3129,31.8976,1.1361,10.4308,-0.0123,0.327
1779988773261,2,Pitching Mound.Delivery,,Delivery,pitch.1,438812,4.5135,-7.2962,121.0448,-105.3983,125.5065,19.4304,-0.138,0.117
1779988773261,2,Pitching Mound.Drive,,Delivery,pitch.1,439389,-0.0595,-0.3354,1.8613,0.7059,-2.3921,-2.3563,0.0,0.0
1779988773261,2,Pitching Mound.Parent,,Delivery,pitch.1,438432,4.454,-7.6316,122.906,-104.6924,123.1144,17.0742,-0.1359,0.1153
1779988773262,2,11.0000004b,Drive,Delivery,pitch.1,439390,-0.0715,-0.3294,1.9174,0.7158,-2.442,-2.3764,0.0,0.0
1779988773262,2,12.00000015,Lower Delivery,Delivery,pitch.1,439116,7.5003,-5.9246,108.5178,-169.6611,124.3427,12.5696,-0.1525,-0.2081
1779988773262,2,12.00000018,Upper Delivery,Delivery,pitch.1,439972,-2.9451,-1.3885,12.4461,31.8441,1.3744,10.4438,-0.0147,0.327
1779988773262,2,Pitching Mound.Delivery,,Delivery,pitch.1,438813,4.5552,-7.3131,120.9639,-105.1526,125.7171,19.4619,-0.1384,0.117
1779988773262,2,Pitching Mound.Drive,,Delivery,pitch.1,439390,-0.0715,-0.3294,1.9174,0.7158,-2.442,-2.3764,0.0,0.0
1779988773262,2,Pitching Mound.Parent,,Delivery,pitch.1,438433,4.4837,-7.6425,122.8813,-104.4368,123.2751,17.0855,-0.1362,0.1151
1779988773263,2,11.0000004b,Drive,Delivery,pitch.1,439391,-0.0803,-0.3293,1.9534,0.689,-2.4131,-2.3646,0.0,0.0
1779988773263,2,12.00000015,Lower Delivery,Delivery,pitch.1,439117,7.5477,-5.9283,108.5489,-169.7404,124.2753,12.634,-0.1524,-0.2082
1779988773263,2,12.00000018,Upper Delivery,Delivery,pitch.1,439973,-2.9249,-1.3759,12.2554,31.647,1.3358,10.4404,-0.0145,0.327
1779988773263,2,Pitching Mound.Delivery,,Delivery,pitch.1,438814,4.6227,-7.3041,120.8043,-105.3536,125.6111,19.5138,-0.1384,0.1171
1779988773263,2,Pitching Mound.Drive,,Delivery,pitch.1,439391,-0.0803,-0.3293,1.9534,0.689,-2.4131,-2.3646,0.0,0.0
1779988773263,2,Pitching Mound.Parent,,Delivery,pitch.1,438434,4.5424,-7.6334,122.7577,-104.6646,123.198,17.1492,-0.1362,0.1153
1779988773264,2,11.0000004b,Drive,Delivery,pitch.1,439392,-0.0653,-0.3145,1.8451,0.6908,-2.2243,-2.3637,0.0,0.0
1779988773264,2,12.00000015,Lower Delivery,Delivery,pitch.1,439118,7.5647,-5.9073,108.3392,-169.2466,124.0939,12.6388,-0.1525,-0.208
1779988773264,2,12.00000018,Upper Delivery,Delivery,pitch.1,439974,-2.9147,-1.3889,12.163,31.6672,1.4662,10.3867,-0.016,0.327
1779988773264,2,Pitching Mound.Delivery,,Delivery,pitch.1,438815,4.65,-7.2962,120.5021,-104.8795,125.5601,19.4625,-0.1387,0.1174
1779988773264,2,Pitching Mound.Drive,,Delivery,pitch.1,439392,-0.0653,-0.3145,1.8451,0.6908,-2.2243,-2.3637,0.0,0.0
1779988773264,2,Pitching Mound.Parent,,Delivery,pitch.1,438435,4.5847,-7.6107,122.3473,-104.1887,123.3358,17.0988,-0.1366,0.1156
1779988773265,2,11.0000004b,Drive,Delivery,pitch.1,439393,-0.0481,-0.3137,1.7889,0.6976,-2.2957,-2.3721,0.0,0.0
1779988773265,2,12.00000015,Lower Delivery,Delivery,pitch.1,439119,7.5972,-5.9081,108.0893,-169.0055,123.7859,12.6688,-0.1525,-0.2082
1779988773265,2,12.00000018,Upper Delivery,Delivery,pitch.1,439975,-2.9237,-1.4144,12.0607,31.7396,1.4835,10.3547,-0.0164,0.327
1779988773265,2,Pitching Mound.Delivery,,Delivery,pitch.1,438816,4.6735,-7.3225,120.15,-104.6162,125.2694,19.4464,-0.1388,0.1173
1779988773265,2,Pitching Mound.Drive,,Delivery,pitch.1,439393,-0.0481,-0.3137,1.7889,0.6976,-2.2957,-2.3721,0.0,0.0
1779988773265,2,Pitching Mound.Parent,,Delivery,pitch.1,438436,4.6254,-7.6362,121.939,-103.9186,122.9737,17.0743,-0.1368,0.1156
1779988773266,2,11.0000004b,Drive,Delivery,pitch.1,439394,-0.0657,-0.2997,1.8178,0.665,-2.3218,-2.3839,0.0,0.0
1779988773266,2,12.00000015,Lower Delivery,Delivery,pitch.1,439120,7.6129,-5.9279,108.0202,-168.6456,123.9345,12.7034,-0.1527,-0.2078
1779988773266,2,12.00000018,Upper Delivery,Delivery,pitch.1,439976,-2.8692,-1.3857,11.7674,31.3508,1.3009,10.3301,-0.0147,0.327
1779988773266,2,Pitching Mound.Delivery,,Delivery,pitch.1,438817,4.7437,-7.3136,119.7876,-104.5689,125.2354,19.4697,-0.1392,0.1179
1779988773266,2,Pitching Mound.Drive,,Delivery,pitch.1,439394,-0.0657,-0.2997,1.8178,0.665,-2.3218,-2.3839,0.0,0.0
1779988773266,2,Pitching Mound.Parent,,Delivery,pitch.1,438437,4.678,-7.6134,121.6053,-103.9039,122.9136,17.0857,-0.1371,0.1161
1779988773267,2,11.0000004b,Drive,Delivery,pitch.1,439395,-0.0716,-0.3056,1.8181,0.6672,-2.386,-2.4034,0.0,0.0
1779988773267,2,12.00000015,Lower Delivery,Delivery,pitch.1,439121,7.6056,-5.9319,107.8916,-168.5889,123.8363,12.7524,-0.1528,-0.208
1779988773267,2,12.00000018,Upper Delivery,Delivery,pitch.1,439977,-2.8624,-1.3594,11.4237,31.0388,1.2345,10.3257,-0.0144,0.327
1779988773267,2,Pitching Mound.Delivery,,Delivery,pitch.1,438818,4.7433,-7.2913,119.3153,-104.751,125.0707,19.519,-0.1395,0.1181
1779988773267,2,Pitching Mound.Drive,,Delivery,pitch.1,439395,-0.0716,-0.3056,1.8181,0.6672,-2.386,-2.4034,0.0,0.0
1779988773267,2,Pitching Mound.Parent,,Delivery,pitch.1,438438,4.6717,-7.5969,121.1334,-104.0838,122.6848,17.1156,-0.1375,0.1163
1779988773268,2,11.0000004b,Drive,Delivery,pitch.1,439396,-0.0515,-0.2979,1.7228,0.6765,-2.3393,-2.3921,0.0,0.0
1779988773268,2,12.00000015,Lower Delivery,Delivery,pitch.1,439122,7.6247,-5.9352,107.8174,-168.6817,123.5569,12.7447,-0.1526,-0.2083
1779988773268,2,12.00000018,Upper Delivery,Delivery,pitch.1,439978,-2.8673,-1.339,11.1857,30.74,1.0653,10.3311,-0.0127,0.327
1779988773268,2,Pitching Mound.Delivery,,Delivery,pitch.1,438819,4.7574,-7.2743,119.0031,-105.0869,124.6221,19.5086,-0.1394,0.1181
1779988773268,2,Pitching Mound.Drive,,Delivery,pitch.1,439396,-0.0515,-0.2979,1.7228,0.6765,-2.3393,-2.3921,0.0,0.0
1779988773268,2,Pitching Mound.Parent,,Delivery,pitch.1,438439,4.7059,-7.5722,120.7259,-104.4104,122.2829,17.1165,-0.1374,0.1164
1779988773269,2,11.0000004b,Drive,Delivery,pitch.1,439397,-0.0487,-0.3108,1.6643,0.6905,-2.3482,-2.4139,0.0,0.0
1779988773269,2,12.00000015,Lower Delivery,Delivery,pitch.1,439123,7.6654,-5.9609,107.8977,-168.2009,123.3827,12.746,-0.1522,-0.2075
1779988773269,2,12.00000018,Upper Delivery,Delivery,pitch.1,439979,-2.8449,-1.3091,11.0923,30.5068,0.9099,10.3231,-0.0109,0.327
1779988773269,2,Pitching Mound.Delivery,,Delivery,pitch.1,438820,4.8206,-7.27,118.99,-104.7802,124.2926,19.4956,-0.1391,0.1189
1779988773269,2,Pitching Mound.Drive,,Delivery,pitch.1,439397,-0.0487,-0.3108,1.6643,0.6905,-2.3482,-2.4139,0.0,0.0
1779988773269,2,Pitching Mound.Parent,,Delivery,pitch.1,438440,4.7718,-7.5809,120.6543,-104.0897,121.9443,17.0816,-0.1371,0.1173
1779988773270,2,11.0000004b,Drive,Delivery,pitch.1,439398,-0.036,-0.294,1.6441,0.6993,-2.5671,-2.4235,0.0,0.0
1779988773270,2,12.00000015,Lower Delivery,Delivery,pitch.1,439124,7.663,-5.9659,107.6933,-167.7142,123.301,12.7702,-0.1524,-0.2073
1779988773270,2,12.00000018,Upper Delivery,Delivery,pitch.1,439980,-2.8205,-1.282,11.0885,30.3846,0.8284,10.3292,-0.0099,0.327
1779988773270,2,Pitching Mound.Delivery,,Delivery,pitch.1,438821,4.8425,-7.2479,118.7818,-104.4839,124.1294,19.535,-0.1391,0.1191
1779988773270,2,Pitching Mound.Drive,,Delivery,pitch.1,439398,-0.036,-0.294,1.6441,0.6993,-2.5671,-2.4235,0.0,0.0
1779988773270,2,Pitching Mound.Parent,,Delivery,pitch.1,438441,4.8065,-7.5419,120.426,-103.7845,121.5623,17.1115,-0.1372,0.1175
1779988773271,2,11.0000004b,Drive,Delivery,pitch.1,439399,-0.0331,-0.284,1.5875,0.7043,-2.4656,-2.3867,0.0,0.0
1779988773271,2,12.00000015,Lower Delivery,Delivery,pitch.1,439125,7.6908,-5.9402,107.6802,-167.1956,123.5517,12.8275,-0.1527,-0.2067
1779988773271,2,12.00000018,Upper Delivery,Delivery,pitch.1,439981,-2.7894,-1.2341,10.8857,30.1455,0.7331,10.3297,-0.009,0.327
1779988773271,2,Pitching Mound.Delivery,,Delivery,pitch.1,438822,4.9014,-7.1743,118.5658,-104.14,124.2849,19.5939,-0.1395,0.1199
1779988773271,2,Pitching Mound.Drive,,Delivery,pitch.1,439399,-0.0331,-0.284,1.5875,0.7043,-2.4656,-2.3867,0.0,0.0
1779988773271,2,Pitching Mound.Parent,,Delivery,pitch.1,438442,4.8683,-7.4583,120.1533,-103.4357,121.8192,17.2072,-0.1377,0.1183
1779988773272,2,11.0000004b,Drive,Delivery,pitch.1,439400,-0.0228,-0.3008,1.5924,0.7342,-2.6047,-2.4177,0.0,0.0
1779988773272,2,12.00000015,Lower Delivery,Delivery,pitch.1,439126,7.6932,-5.9326,107.4972,-166.8365,123.518,12.8511,-0.153,-0.2066
1779988773272,2,12.00000018,Upper Delivery,Delivery,pitch.1,439982,-2.7853,-1.2245,11.0171,29.9028,0.6853,10.2777,-0.0083,0.327
1779988773272,2,Pitching Mound.Delivery,,Delivery,pitch.1,438823,4.9079,-7.1571,118.5143,-104.1305,124.2033,19.5661,-0.1395,0.1198
1779988773272,2,Pitching Mound.Drive,,Delivery,pitch.1,439400,-0.0228,-0.3008,1.5924,0.7342,-2.6047,-2.4177,0.0,0.0
1779988773272,2,Pitching Mound.Parent,,Delivery,pitch.1,438443,4.8851,-7.4579,120.1067,-103.3963,121.5986,17.1484,-0.1377,0.1182
1779988773273,2,11.0000004b,Drive,Delivery,pitch.1,439401,-0.0178,-0.3089,1.595,0.7344,-2.6465,-2.4072,0.0,0.0
1779988773273,2,12.00000015,Lower Delivery,Delivery,pitch.1,439127,7.7093,-5.9426,107.4501,-166.7424,123.5182,12.9228,-0.153,-0.2066
1779988773273,2,12.00000018,Upper Delivery,Delivery,pitch.1,439983,-2.7941,-1.2318,11.0033,29.7742,0.6754,10.2546,-0.0082,0.327
1779988773273,2,Pitching Mound.Delivery,,Delivery,pitch.1,438824,4.9152,-7.1744,118.4534,-104.1763,124.1936,19.6063,-0.1396,0.1198
1779988773273,2,Pitching Mound.Drive,,Delivery,pitch.1,439401,-0.0178,-0.3089,1.595,0.7344,-2.6465,-2.4072,0.0,0.0
1779988773273,2,Pitching Mound.Parent,,Delivery,pitch.1,438444,4.8973,-7.4832,120.0484,-103.4419,121.5471,17.199,-0.1377,0.1182
1779988773274,2,11.0000004b,Drive,Delivery,pitch.1,439402,-0.0246,-0.3149,1.6302,0.7245,-2.6799,-2.4409,0.0,0.0
1779988773274,2,12.00000015,Lower Delivery,Delivery,pitch.1,439128,7.7306,-5.9422,107.2931,-166.1595,123.6917,12.9399,-0.1535,-0.2062
1779988773274,2,12.00000018,Upper Delivery,Delivery,pitch.1,439984,-2.7835,-1.2287,11.1718,29.907,0.7803,10.1935,-0.0093,0.327
1779988773274,2,Pitching Mound.Delivery,,Delivery,pitch.1,438825,4.947,-7.1708,118.4649,-103.5712,124.472,19.5586,-0.1399,0.12
1779988773274,2,Pitching Mound.Drive,,Delivery,pitch.1,439402,-0.0246,-0.3149,1.6302,0.7245,-2.6799,-2.4409,0.0,0.0
1779988773274,2,Pitching Mound.Parent,,Delivery,pitch.1,438445,4.9224,-7.4857,120.0951,-102.8467,121.7921,17.1178,-0.138,0.1184
1779988773275,2,11.0000004b,Drive,Delivery,pitch.1,439403,-0.0246,-0.3038,1.6406,0.7338,-2.7125,-2.3919,0.0,0.0
1779988773275,2,12.00000015,Lower Delivery,Delivery,pitch.1,439129,7.7383,-5.9258,107.1462,-165.7785,123.8405,12.9703,-0.1539,-0.206
1779988773275,2,12.00000018,Upper Delivery,Delivery,pitch.1,439985,-2.7654,-1.2366,11.2005,29.6065,0.7374,10.1812,-0.0088,0.327
1779988773275,2,Pitching Mound.Delivery,,Delivery,pitch.1,438826,4.9729,-7.1624,118.3467,-103.5504,124.5779,19.5803,-0.1401,0.1201
1779988773275,2,Pitching Mound.Drive,,Delivery,pitch.1,439403,-0.0246,-0.3038,1.6406,0.7338,-2.7125,-2.3919,0.0,0.0
1779988773275,2,Pitching Mound.Parent,,Delivery,pitch.1,438446,4.9483,-7.4661,119.9873,-102.8166,121.8654,17.1885,-0.1382,0.1185
1779988773276,2,11.0000004b,Drive,Delivery,pitch.1,439404,-0.0149,-0.2973,1.6463,0.7266,-2.705,-2.3923,0.0,0.0
1779988773276,2,12.00000015,Lower Delivery,Delivery,pitch.1,439130,7.7584,-5.9104,107.0135,-165.5922,124.0564,13.0643,-0.1543,-0.206
1779988773276,2,12.00000018,Upper Delivery,Delivery,pitch.1,439986,-2.7273,-1.2519,11.1855,29.7365,0.999,10.1597,-0.0119,0.327
1779988773276,2,Pitching Mound.Delivery,,Delivery,pitch.1,438827,5.0311,-7.1623,118.199,-103.2742,125.0554,19.6589,-0.1408,0.1201
1779988773276,2,Pitching Mound.Drive,,Delivery,pitch.1,439404,-0.0149,-0.2973,1.6463,0.7266,-2.705,-2.3923,0.0,0.0
1779988773276,2,Pitching Mound.Parent,,Delivery,pitch.1,438447,5.0163,-7.4596,119.8454,-102.5476,122.3504,17.2665,-0.1389,0.1184
1779988773277,2,11.0000004b,Drive,Delivery,pitch.1,439405,-0.0446,-0.3234,1.8047,0.7367,-2.6286,-2.367,0.0,0.0
1779988773277,2,12.00000015,Lower Delivery,Delivery,pitch.1,439131,7.7907,-5.9037,106.7551,-165.2772,124.0011,13.1092,-0.1546,-0.2061
1779988773277,2,12.00000018,Upper Delivery,Delivery,pitch.1,439987,-2.6852,-1.2882,11.3274,29.6936,0.9773,10.1511,-0.0115,0.327
1779988773277,2,Pitching Mound.Delivery,,Delivery,pitch.1,438828,5.1055,-7.1919,118.0825,-103.1382,124.9784,19.6985,-0.1409,0.1198
1779988773277,2,Pitching Mound.Drive,,Delivery,pitch.1,439405,-0.0446,-0.3234,1.8047,0.7367,-2.6286,-2.367,0.0,0.0
1779988773277,2,Pitching Mound.Parent,,Delivery,pitch.1,438448,5.0609,-7.5153,119.8872,-102.4015,122.3497,17.3315,-0.1388,0.118
1779988773278,2,11.0000004b,Drive,Delivery,pitch.1,439406,-0.047,-0.3418,1.8121,0.7435,-2.7207,-2.4047,0.0,0.0
1779988773278,2,12.00000015,Lower Delivery,Delivery,pitch.1,439132,7.8142,-5.9096,106.5529,-164.9298,123.8417,13.2248,-0.1547,-0.2061
1779988773278,2,12.00000018,Upper Delivery,Delivery,pitch.1,439988,-2.6533,-1.3117,11.3757,29.7368,0.9807,10.1048,-0.0115,0.327
1779988773278,2,Pitching Mound.Delivery,,Delivery,pitch.1,438829,5.1609,-7.2213,117.9287,-102.8328,124.8224,19.7707,-0.1409,0.1198
1779988773278,2,Pitching Mound.Drive,,Delivery,pitch.1,439406,-0.047,-0.3418,1.8121,0.7435,-2.7207,-2.4047,0.0,0.0
1779988773278,2,Pitching Mound.Parent,,Delivery,pitch.1,438449,5.1139,-7.563,119.7407,-102.0893,122.1017,17.366,-0.1388,0.118
1779988773279,2,11.0000004b,Drive,Delivery,pitch.1,439407,-0.0599,-0.3274,1.8591,0.7053,-2.5567,-2.347,0.0,0.0
1779988773279,2,12.00000015,Lower Delivery,Delivery,pitch.1,439133,7.8129,-5.9214,106.3104,-164.2512,123.605,13.3102,-0.1548,-0.2057
1779988773279,2,12.00000018,Upper Delivery,Delivery,pitch.1,439989,-2.6305,-1.3385,11.1844,29.4436,1.1845,10.1162,-0.0141,0.327
1779988773279,2,Pitching Mound.Delivery,,Delivery,pitch.1,438830,5.1824,-7.2599,117.4948,-102.4647,124.7895,19.8756,-0.1414,0.1203
1779988773279,2,Pitching Mound.Drive,,Delivery,pitch.1,439407,-0.0599,-0.3274,1.8591,0.7053,-2.5567,-2.347,0.0,0.0
1779988773279,2,Pitching Mound.Parent,,Delivery,pitch.1,438450,5.1225,-7.5873,119.3539,-101.7595,122.2328,17.5286,-0.1392,0.1184
1779988773280,2,11.0000004b,Drive,Delivery,pitch.1,439408,-0.0724,-0.3137,1.9006,0.6878,-2.3462,-2.3412,0.0,0.0
1779988773280,2,12.00000015,Lower Delivery,Delivery,pitch.1,439134,7.8136,-5.9142,106.1177,-164.4479,123.4971,13.3653,-0.1549,-0.2063
1779988773280,2,12.00000018,Upper Delivery,Delivery,pitch.1,439990,-2.5854,-1.3501,11.0509,29.4765,1.0368,10.0975,-0.0125,0.327
1779988773280,2,Pitching Mound.Delivery,,Delivery,pitch.1,438831,5.2281,-7.2644,117.1686,-102.6486,124.5339,19.9271,-0.1415,0.1199
1779988773280,2,Pitching Mound.Drive,,Delivery,pitch.1,439408,-0.0724,-0.3137,1.9006,0.6878,-2.3462,-2.3412,0.0,0.0
1779988773280,2,Pitching Mound.Parent,,Delivery,pitch.1,438451,5.1557,-7.5781,119.0692,-101.9608,122.1877,17.5859,-0.1392,0.1179
1779988773281,2,11.0000004b,Drive,Delivery,pitch.1,439409,-0.0809,-0.3199,1.893,0.6972,-2.3544,-2.3328,0.0,0.0
1779988773281,2,12.00000015,Lower Delivery,Delivery,pitch.1,439135,7.8368,-5.9101,105.8031,-164.2063,123.6435,13.4543,-0.1556,-0.2066
1779988773281,2,12.00000018,Upper Delivery,Delivery,pitch.1,439991,-2.5736,-1.3691,11.0379,29.5735,1.1734,10.0999,-0.0142,0.327
1779988773281,2,Pitching Mound.Delivery,,Delivery,pitch.1,438832,5.2632,-7.2792,116.841,-102.4126,124.8169,20.0146,-0.1422,0.1196
1779988773281,2,Pitching Mound.Drive,,Delivery,pitch.1,439409,-0.0809,-0.3199,1.893,0.6972,-2.3544,-2.3328,0.0,0.0
1779988773281,2,Pitching Mound.Parent,,Delivery,pitch.1,438452,5.1823,-7.5992,118.734,-101.7154,122.4625,17.6818,-0.1399,0.1177
1779988773282,2,11.0000004b,Drive,Delivery,pitch.1,439410,-0.0847,-0.3422,1.8931,0.7126,-2.4003,-2.3296,0.0,0.0
1779988773282,2,12.00000015,Lower Delivery,Delivery,pitch.1,439136,7.8546,-5.913,105.6107,-164.1194,123.6299,13.4573,-0.1558,-0.2069
1779988773282,2,12.00000018,Upper Delivery,Delivery,pitch.1,439992,-2.557,-1.3918,10.9938,29.3926,1.1261,10.0796,-0.0136,0.327
1779988773282,2,Pitching Mound.Delivery,,Delivery,pitch.1,438833,5.2976,-7.3047,116.6044,-102.557,124.756,19.9969,-0.1424,0.1193
1779988773282,2,Pitching Mound.Drive,,Delivery,pitch.1,439410,-0.0847,-0.3422,1.8931,0.7126,-2.4003,-2.3296,0.0,0.0
1779988773282,2,Pitching Mound.Parent,,Delivery,pitch.1,438453,5.2129,-7.647,118.4976,-101.8445,122.3556,17.6674,-0.1402,0.1174
1779988773283,2,11.0000004b,Drive,Delivery,pitch.1,439411,-0.0898,-0.3428,1.8569,0.7089,-2.3784,-2.3391,0.0,0.0
1779988773283,2,12.00000015,Lower Delivery,Delivery,pitch.1,439137,7.8555,-5.9153,105.5028,-163.9917,123.4078,13.5,-0.1557,-0.2069
1779988773283,2,12.00000018,Upper Delivery,Delivery,pitch.1,439993,-2.5452,-1.4095,10.8833,29.3619,1.1523,10.0514,-0.0141,0.327
1779988773283,2,Pitching Mound.Delivery,,Delivery,pitch.1,438834,5.3103,-7.3248,116.3862,-102.4592,124.5601,20.0152,-0.1425,0.1194
1779988773283,2,Pitching Mound.Drive,,Delivery,pitch.1,439411,-0.0898,-0.3428,1.8569,0.7089,-2.3784,-2.3391,0.0,0.0
1779988773283,2,Pitching Mound.Parent,,Delivery,pitch.1,438454,5.2205,-7.6676,118.2431,-101.7503,122.1817,17.6761,-0.1402,0.1175
1779988773284,2,11.0000004b,Drive,Delivery,pitch.1,439412,-0.0718,-0.3263,1.8074,0.6869,-2.261,-2.3041,0.0,0.0
1779988773284,2,12.00000015,Lower Delivery,Delivery,pitch.1,439138,7.896,-5.9162,105.3722,-163.4512,123.2872,13.5645,-0.1558,-0.2065
1779988773284,2,12.00000018,Upper Delivery,Delivery,pitch.1,439994,-2.5223,-1.4251,11.0092,29.3029,1.0568,10.0497,-0.0128,0.327
1779988773284,2,Pitching Mound.Delivery,,Delivery,pitch.1,438835,5.3737,-7.3413,116.3814,-102.0648,124.344,20.072,-0.1422,0.1196
1779988773284,2,Pitching Mound.Drive,,Delivery,pitch.1,439412,-0.0718,-0.3263,1.8074,0.6869,-2.261,-2.3041,0.0,0.0
1779988773284,2,Pitching Mound.Parent,,Delivery,pitch.1,438455,5.3019,-7.6676,118.1888,-101.3779,122.083,17.7679,-0.1401,0.1178
1779988773285,2,11.0000004b,Drive,Delivery,pitch.1,439413,-0.0608,-0.3392,1.8067,0.6909,-2.2854,-2.3087,0.0,0.0
1779988773285,2,12.00000015,Lower Delivery,Delivery,pitch.1,439139,7.8966,-5.9196,105.1803,-163.1445,122.9096,13.6024,-0.1556,-0.2065
1779988773285,2,12.00000018,Upper Delivery,Delivery,pitch.1,439995,-2.4921,-1.4528,11.0351,29.155,1.2432,10.0651,-0.015,0.327
1779988773285,2,Pitching Mound.Delivery,,Delivery,pitch.1,438836,5.4045,-7.3723,116.2154,-101.9801,124.1528,20.1353,-0.1422,0.1196
1779988773285,2,Pitching Mound.Drive,,Delivery,pitch.1,439413,-0.0608,-0.3392,1.8067,0.6909,-2.2854,-2.3087,0.0,0.0
1779988773285,2,Pitching Mound.Parent,,Delivery,pitch.1,438456,5.3437,-7.7115,118.0221,-101.2892,121.8675,17.8266,-0.14,0.1178
1779988773286,2,11.0000004b,Drive,Delivery,pitch.1,439414,-0.0743,-0.3541,1.8299,0.7228,-2.2169,-2.3842,0.0,0.0
1779988773286,2,12.00000015,Lower Delivery,Delivery,pitch.1,439140,7.9362,-5.9368,105.0125,-162.9788,122.6527,13.7146,-0.1555,-0.2066
1779988773286,2,12.00000018,Upper Delivery,Delivery,pitch.1,439996,-2.478,-1.4818,11.0931,29.0742,1.3097,10.007,-0.0157,0.327
1779988773286,2,Pitching Mound.Delivery,,Delivery,pitch.1,438837,5.4582,-7.4186,116.1055,-101.972,123.9624,20.1808,-0.1421,0.1194
1779988773286,2,Pitching Mound.Drive,,Delivery,pitch.1,439414,-0.0743,-0.3541,1.8299,0.7228,-2.2169,-2.3842,0.0,0.0
1779988773286,2,Pitching Mound.Parent,,Delivery,pitch.1,438457,5.3839,-7.7727,117.9354,-101.2491,121.7455,17.7966,-0.1399,0.1176
1779988773287,2,11.0000004b,Drive,Delivery,pitch.1,439415,-0.0576,-0.332,1.7462,0.6969,-2.0533,-2.3696,0.0,0.0
1779988773287,2,12.00000015,Lower Delivery,Delivery,pitch.1,439141,7.9509,-5.9326,104.868,-162.5308,122.2194,13.7601,-0.1552,-0.2063
1779988773287,2,12.00000018,Upper Delivery,Delivery,pitch.1,439997,-2.4788,-1.4966,11.0394,28.8093,1.17,10.0364,-0.0141,0.327
1779988773287,2,Pitching Mound.Delivery,,Delivery,pitch.1,438838,5.4721,-7.4292,115.9074,-101.8197,123.3894,20.2504,-0.1417,0.1197
1779988773287,2,Pitching Mound.Drive,,Delivery,pitch.1,439415,-0.0576,-0.332,1.7462,0.6969,-2.0533,-2.3696,0.0,0.0
1779988773287,2,Pitching Mound.Parent,,Delivery,pitch.1,438458,5.4145,-7.7612,117.6536,-101.1228,121.336,17.8809,-0.1396,0.1179
1779988773288,2,11.0000004b,Drive,Delivery,pitch.1,439416,-0.063,-0.3427,1.7573,0.7008,-2.0828,-2.4071,0.0,0.0
1779988773288,2,12.00000015,Lower Delivery,Delivery,pitch.1,439142,7.9498,-5.9389,104.5969,-162.1372,121.9834,13.7851,-0.1553,-0.2064
1779988773288,2,12.00000018,Upper Delivery,Delivery,pitch.1,439998,-2.4866,-1.462,11.1739,28.8228,1.1535,9.9486,-0.0137,0.327
1779988773288,2,Pitching Mound.Delivery,,Delivery,pitch.1,438839,5.4632,-7.4009,115.7708,-101.5506,123.1368,20.1853,-0.1416,0.1195
1779988773288,2,Pitching Mound.Drive,,Delivery,pitch.1,439416,-0.063,-0.3427,1.7573,0.7008,-2.0828,-2.4071,0.0,0.0
1779988773288,2,Pitching Mound.Parent,,Delivery,pitch.1,438459,5.4001,-7.7436,117.5281,-100.8498,121.0541,17.7783,-0.1395,0.1177
1779988773289,2,11.0000004b,Drive,Delivery,pitch.1,439417,-0.0448,-0.3315,1.6947,0.7193,-2.0602,-2.4005,0.0,0.0
1779988773289,2,12.00000015,Lower Delivery,Delivery,pitch.1,439143,8.0041,-5.9498,104.486,-161.9088,122.01,13.8633,-0.1555,-0.2063
1779988773289,2,12.00000018,Upper Delivery,Delivery,pitch.1,439999,-2.4964,-1.4912,11.227,28.8701,1.229,9.9411,-0.0146,0.327
1779988773289,2,Pitching Mound.Delivery,,Delivery,pitch.1,438840,5.5076,-7.441,115.713,-101.3306,123.239,20.2342,-0.1418,0.1195
1779988773289,2,Pitching Mound.Drive,,Delivery,pitch.1,439417,-0.0448,-0.3315,1.6947,0.7193,-2.0602,-2.4005,0.0,0.0
1779988773289,2,Pitching Mound.Parent,,Delivery,pitch.1,438460,5.4628,-7.7725,117.4077,-100.6113,121.1788,17.8338,-0.1397,0.1178
1779988773290,2,11.0000004b,Drive,Delivery,pitch.1,439418,-0.0412,-0.3306,1.6975,0.7228,-2.0704,-2.4171,0.0,0.0
1779988773290,2,12.00000015,Lower Delivery,Delivery,pitch.1,439144,8.0238,-5.9586,104.3172,-161.798,121.9013,13.9216,-0.1556,-0.2065
1779988773290,2,12.00000018,Upper Delivery,Delivery,pitch.1,440000,-2.4701,-1.4623,11.1673,28.851,1.1378,9.8683,-0.0136,0.327
1779988773290,2,Pitching Mound.Delivery,,Delivery,pitch.1,438841,5.5537,-7.4208,115.4845,-101.2761,123.0391,20.2219,-0.1418,0.1194
1779988773290,2,Pitching Mound.Drive,,Delivery,pitch.1,439418,-0.0412,-0.3306,1.6975,0.7228,-2.0704,-2.4171,0.0,0.0
1779988773290,2,Pitching Mound.Parent,,Delivery,pitch.1,438461,5.5125,-7.7514,117.182,-100.5533,120.9687,17.8048,-0.1398,0.1176
1779988773291,2,11.0000004b,Drive,Delivery,pitch.1,439419,-0.0298,-0.3301,1.6474,0.7242,-2.0956,-2.3784,0.0,0.0
1779988773291,2,12.00000015,Lower Delivery,Delivery,pitch.1,439145,8.0668,-5.964,104.1568,-161.3922,121.9513,13.9784,-0.1559,-0.2063
1779988773291,2,12.00000018,Upper Delivery,Delivery,pitch.1,440001,-2.496,-1.5136,11.0695,28.4105,1.2306,9.8485,-0.0148,0.327
1779988773291,2,Pitching Mound.Delivery,,Delivery,pitch.1,438842,5.5708,-7.4777,115.2263,-101.332,123.182,20.2356,-0.1423,0.1196
1779988773291,2,Pitching Mound.Drive,,Delivery,pitch.1,439419,-0.0298,-0.3301,1.6474,0.7242,-2.0956,-2.3784,0.0,0.0
1779988773291,2,Pitching Mound.Parent,,Delivery,pitch.1,438462,5.541,-7.8078,116.8737,-100.6078,121.0863,17.8572,-0.1403,0.1179
1779988773292,2,11.0000004b,Drive,Delivery,pitch.1,439420,-0.0242,-0.3294,1.6987,0.7274,-2.0642,-2.4289,0.0,0.0
1779988773292,2,12.00000015,Lower Delivery,Delivery,pitch.1,439146,8.1071,-5.9887,104.0313,-161.0763,121.8139,14.0627,-0.1559,-0.2061
1779988773292,2,12.00000018,Upper Delivery,Delivery,pitch.1,440002,-2.4938,-1.5453,10.9803,28.3467,1.2926,9.7688,-0.0157,0.327
1779988773292,2,Pitching Mound.Delivery,,Delivery,pitch.1,438843,5.6133,-7.5341,115.0116,-101.0923,123.1065,20.2272,-0.1425,0.1199
1779988773292,2,Pitching Mound.Drive,,Delivery,pitch.1,439420,-0.0242,-0.3294,1.6987,0.7274,-2.0642,-2.4289,0.0,0.0
1779988773292,2,Pitching Mound.Parent,,Delivery,pitch.1,438463,5.5891,-7.8635,116.7103,-100.3649,121.0423,17.7983,-0.1404,0.1181
1779988773293,2,11.0000004b,Drive,Delivery,pitch.1,439421,-0.0439,-0.3342,1.7573,0.7443,-2.263,-2.4435,0.0,0.0
1779988773293,2,12.00000015,Lower Delivery,Delivery,pitch.1,439147,8.1075,-6.0191,103.8747,-160.9454,121.5546,14.1512,-0.1558,-0.2063
1779988773293,2,12.00000018,Upper Delivery,Delivery,pitch.1,440003,-2.4585,-1.5372,10.9664,28.3121,1.2175,9.7378,-0.0148,0.327
1779988773293,2,Pitching Mound.Delivery,,Delivery,pitch.1,438844,5.649,-7.5563,114.8411,-101.0445,122.7721,20.2966,-0.1423,0.1197
1779988773293,2,Pitching Mound.Drive,,Delivery,pitch.1,439421,-0.0439,-0.3342,1.7573,0.7443,-2.263,-2.4435,0.0,0.0
1779988773293,2,Pitching Mound.Parent,,Delivery,pitch.1,438464,5.6051,-7.8904,116.5984,-100.3001,120.5091,17.8531,-0.1402,0.1179
1779988773294,2,11.0000004b,Drive,Delivery,pitch.1,439422,-0.0376,-0.3234,1.822,0.7232,-2.265,-2.4294,0.0,0.0
1779988773294,2,11.0000004b,Drive,Delivery,pitch.1,439423,-0.0297,-0.3185,1.7864,0.7331,-2.2691,-2.4553,0.0,0.0
1779988773294,2,12.00000015,Lower Delivery,Delivery,pitch.1,439148,8.1607,-6.0373,103.7946,-160.4844,121.593,14.2208,-0.156,-0.2058
1779988773294,2,12.00000018,Upper Delivery,Delivery,pitch.1,440004,-2.4314,-1.531,10.9092,27.9229,1.2831,9.6535,-0.0157,0.327
1779988773294,2,Pitching Mound.Delivery,,Delivery,pitch.1,438845,5.7293,-7.5683,114.7038,-100.9805,122.8761,20.273,-0.1426,0.1202
1779988773294,2,Pitching Mound.Drive,,Delivery,pitch.1,439422,-0.0376,-0.3234,1.822,0.7232,-2.265,-2.4294,0.0,0.0
1779988773294,2,Pitching Mound.Drive,,Delivery,pitch.1,439423,-0.0297,-0.3185,1.7864,0.7331,-2.2691,-2.4553,0.0,0.0
1779988773294,2,Pitching Mound.Parent,,Delivery,pitch.1,438465,5.6917,-7.8917,116.5258,-100.2574,120.6112,17.8436,-0.1404,0.1183
1779988773295,2,12.00000015,Lower Delivery,Delivery,pitch.1,439149,8.1987,-6.0347,103.6356,-160.1929,121.345,14.2768,-0.1559,-0.2058
1779988773295,2,12.00000018,Upper Delivery,Delivery,pitch.1,440005,-2.4113,-1.5546,10.8197,27.7515,1.2288,9.6408,-0.0151,0.327
1779988773295,2,Pitching Mound.Delivery,,Delivery,pitch.1,438846,5.7874,-7.5893,114.4553,-100.884,122.5739,20.3102,-0.1426,0.1203
1779988773295,2,Pitching Mound.Parent,,Delivery,pitch.1,438466,5.7577,-7.9078,116.2417,-100.1509,120.3047,17.855,-0.1404,0.1185
1779988773296,2,11.0000004b,Drive,Delivery,pitch.1,439424,-0.0403,-0.323,1.8193,0.7341,-2.4253,-2.4554,0.0,0.0
1779988773296,2,12.00000015,Lower Delivery,Delivery,pitch.1,439150,8.2354,-6.0496,103.3758,-159.7643,121.1303,14.3281,-0.156,-0.2057
1779988773296,2,12.00000018,Upper Delivery,Delivery,pitch.1,440006,-2.3954,-1.5747,10.5713,27.308,1.1299,9.5911,-0.0142,0.327
1779988773296,2,Pitching Mound.Delivery,,Delivery,pitch.1,438847,5.84,-7.6243,113.9471,-100.9027,122.2602,20.3047,-0.1428,0.1206
1779988773296,2,Pitching Mound.Drive,,Delivery,pitch.1,439424,-0.0403,-0.323,1.8193,0.7341,-2.4253,-2.4554,0.0,0.0
1779988773296,2,Pitching Mound.Parent,,Delivery,pitch.1,438467,5.7997,-7.9473,115.7664,-100.1686,119.835,17.8493,-0.1406,0.1187
1779988773297,2,11.0000004b,Drive,Delivery,pitch.1,439425,-0.0529,-0.3387,1.881,0.7317,-2.6733,-2.4349,0.0,0.0
1779988773297,2,12.00000015,Lower Delivery,Delivery,pitch.1,439151,8.2675,-6.0509,103.1321,-159.5509,121.1887,14.4017,-0.1564,-0.206
1779988773297,2,12.00000018,Upper Delivery,Delivery,pitch.1,440007,-2.363,-1.5754,10.7143,27.2284,1.1704,9.5578,-0.0145,0.327
1779988773297,2,Pitching Mound.Delivery,,Delivery,pitch.1,438848,5.9045,-7.6263,113.8464,-100.9004,122.3591,20.3452,-0.1431,0.1202
1779988773297,2,Pitching Mound.Drive,,Delivery,pitch.1,439425,-0.0529,-0.3387,1.881,0.7317,-2.6733,-2.4349,0.0,0.0
1779988773297,2,Pitching Mound.Parent,,Delivery,pitch.1,438468,5.8516,-7.9651,115.7275,-100.1687,119.6857,17.9103,-0.1408,0.1183
1779988773298,2,11.0000004b,Drive,Delivery,pitch.1,439426,-0.0365,-0.3297,1.822,0.7478,-2.6503,-2.4181,0.0,0.0
1779988773298,2,12.00000015,Lower Delivery,Delivery,pitch.1,439152,8.2877,-6.0846,102.9588,-159.4245,120.9719,14.4561,-0.1564,-0.2061
1779988773298,2,12.00000018,Upper Delivery,Delivery,pitch.1,440008,-2.3413,-1.576,10.5274,27.182,1.2208,9.5147,-0.0154,0.327
1779988773298,2,Pitching Mound.Delivery,,Delivery,pitch.1,438849,5.9464,-7.6606,113.4862,-100.8158,122.1928,20.357,-0.1433,0.1202
1779988773298,2,Pitching Mound.Drive,,Delivery,pitch.1,439426,-0.0365,-0.3297,1.822,0.7478,-2.6503,-2.4181,0.0,0.0
1779988773298,2,Pitching Mound.Parent,,Delivery,pitch.1,438469,5.9099,-7.9903,115.3083,-100.068,119.5424,17.9389,-0.1411,0.1183
1779988773299,2,11.0000004b,Drive,Delivery,pitch.1,439427,-0.0378,-0.3438,1.7857,0.7519,-2.8516,-2.438,0.0,0.0
1779988773299,2,11.0000004b,Drive,Delivery,pitch.1,439428,-0.0638,-0.3542,1.8817,0.7628,-2.9161,-2.4361,0.0,0.0
1779988773299,2,12.00000015,Lower Delivery,Delivery,pitch.1,439153,8.343,-6.1016,102.8824,-159.1185,120.7212,14.5943,-0.1562,-0.2059
1779988773299,2,12.00000015,Lower Delivery,Delivery,pitch.1,439154,8.3604,-6.094,102.6284,-159.1342,120.4838,14.6454,-0.1563,-0.2064
1779988773299,2,12.00000018,Upper Delivery,Delivery,pitch.1,440009,-2.301,-1.5603,10.478,27.1445,1.2381,9.4914,-0.0157,0.327
1779988773299,2,Pitching Mound.Delivery,,Delivery,pitch.1,438850,6.042,-7.6619,113.3603,-100.5565,121.9593,20.4667,-0.1432,0.1205
1779988773299,2,Pitching Mound.Drive,,Delivery,pitch.1,439427,-0.0378,-0.3438,1.7857,0.7519,-2.8516,-2.438,0.0,0.0
1779988773299,2,Pitching Mound.Drive,,Delivery,pitch.1,439428,-0.0638,-0.3542,1.8817,0.7628,-2.9161,-2.4361,0.0,0.0
1779988773299,2,Pitching Mound.Parent,,Delivery,pitch.1,438470,6.0042,-8.0057,115.146,-99.8046,119.1077,18.0286,-0.141,0.1186
1779988773300,2,12.00000018,Upper Delivery,Delivery,pitch.1,440010,-2.2884,-1.5544,10.2956,27.0497,1.0582,9.4684,-0.0137,0.327
1779988773300,2,Pitching Mound.Delivery,,Delivery,pitch.1,438851,6.072,-7.6483,112.924,-100.6913,121.542,20.4932,-0.1433,0.1202
1779988773300,2,Pitching Mound.Parent,,Delivery,pitch.1,438471,6.0082,-8.0025,114.8057,-99.9286,118.6259,18.0572,-0.1409,0.1182
1779988773301,2,11.0000004b,Drive,Delivery,pitch.1,439429,-0.0436,-0.3574,1.8202,0.7746,-2.8023,-2.44,0.0,0.0
1779988773301,2,12.00000015,Lower Delivery,Delivery,pitch.1,439156,8.4123,-6.1243,102.3059,-158.6526,119.7152,14.803,-0.1558,-0.2064
1779988773301,2,12.00000015,Lower Delivery,Delivery,pitch.1,439155,8.3899,-6.1124,102.3096,-158.8905,119.9921,14.7422,-0.1561,-0.2068
1779988773301,2,12.00000018,Upper Delivery,Delivery,pitch.1,440011,-2.2652,-1.5448,10.3623,27.1325,1.0036,9.4716,-0.0129,0.327
1779988773301,2,Pitching Mound.Delivery,,Delivery,pitch.1,438852,6.1247,-7.6572,112.672,-100.4959,120.9957,20.5911,-0.143,0.1198
1779988773301,2,Pitching Mound.Drive,,Delivery,pitch.1,439429,-0.0436,-0.3574,1.8202,0.7746,-2.8023,-2.44,0.0,0.0
1779988773301,2,Pitching Mound.Parent,,Delivery,pitch.1,438472,6.0811,-8.0146,114.4921,-99.7214,118.1934,18.1511,-0.1407,0.1179
1779988773302,2,11.0000004b,Drive,Delivery,pitch.1,439430,-0.0601,-0.3543,1.835,0.7749,-2.8557,-2.4621,0.0,0.0
1779988773302,2,12.00000015,Lower Delivery,Delivery,pitch.1,439157,8.4351,-6.1473,102.0556,-158.4894,119.4233,14.8264,-0.1558,-0.2067
1779988773302,2,12.00000018,Upper Delivery,Delivery,pitch.1,440012,-2.243,-1.5491,10.26,27.1631,0.9818,9.4154,-0.0127,0.327
1779988773302,2,Pitching Mound.Delivery,,Delivery,pitch.1,438853,6.1693,-7.6734,112.5659,-100.194,120.697,20.5956,-0.1427,0.1202
1779988773302,2,Pitching Mound.Drive,,Delivery,pitch.1,439430,-0.0601,-0.3543,1.835,0.7749,-2.8557,-2.4621,0.0,0.0
1779988773302,2,Pitching Mound.Parent,,Delivery,pitch.1,438473,6.1092,-8.0276,114.4008,-99.4191,117.8413,18.1335,-0.1405,0.1183
1779988773303,2,11.0000004b,Drive,Delivery,pitch.1,439431,-0.055,-0.3624,1.8772,0.8065,-2.881,-2.4684,0.0,0.0
1779988773303,2,12.00000015,Lower Delivery,Delivery,pitch.1,439158,8.4291,-6.1561,101.91,-158.1723,119.0456,14.9239,-0.1555,-0.2066
1779988773303,2,12.00000018,Upper Delivery,Delivery,pitch.1,440013,-2.2376,-1.5088,10.3229,27.2906,0.9068,9.3817,-0.0117,0.327
1779988773303,2,Pitching Mound.Delivery,,Delivery,pitch.1,438854,6.1975,-7.6561,112.3785,-100.0097,120.3302,20.5794,-0.1425,0.1198
1779988773303,2,Pitching Mound.Drive,,Delivery,pitch.1,439431,-0.055,-0.3624,1.8772,0.8065,-2.881,-2.4684,0.0,0.0
1779988773303,2,Pitching Mound.Parent,,Delivery,pitch.1,438474,6.1425,-8.0186,114.2557,-99.2032,117.4491,18.1109,-0.1402,0.1179
1779988773304,2,11.0000004b,Drive,Delivery,pitch.1,439432,-0.0601,-0.3645,1.9159,0.8181,-2.6373,-2.4631,0.0,0.0
1779988773304,2,12.00000015,Lower Delivery,Delivery,pitch.1,439159,8.441,-6.1735,101.6974,-157.8306,118.812,15.0434,-0.1555,-0.2066
1779988773304,2,12.00000018,Upper Delivery,Delivery,pitch.1,440014,-2.2156,-1.4964,10.0738,27.082,0.8981,9.3559,-0.0119,0.327
1779988773304,2,Pitching Mound.Delivery,,Delivery,pitch.1,438855,6.2135,-7.6525,111.9838,-99.866,119.9436,20.6606,-0.1426,0.1202
1779988773304,2,Pitching Mound.Drive,,Delivery,pitch.1,439432,-0.0601,-0.3645,1.9159,0.8181,-2.6373,-2.4631,0.0,0.0
1779988773304,2,Pitching Mound.Parent,,Delivery,pitch.1,438475,6.1534,-8.0169,113.8996,-99.0479,117.3063,18.1976,-0.1402,0.1182
1779988773305,2,11.0000004b,Drive,Delivery,pitch.1,439433,-0.0554,-0.3742,1.9424,0.8449,-2.3072,-2.4647,0.0,0.0
1779988773305,2,12.00000015,Lower Delivery,Delivery,pitch.1,439160,8.4563,-6.2136,101.6717,-157.7852,118.7903,15.1329,-0.1555,-0.2066
1779988773305,2,12.00000018,Upper Delivery,Delivery,pitch.1,440015,-2.2073,-1.5401,10.1862,27.2383,0.8907,9.3753,-0.0116,0.327
1779988773305,2,Pitching Mound.Delivery,,Delivery,pitch.1,438856,6.2337,-7.7136,111.8836,-99.4784,119.7027,20.7982,-0.1424,0.1201
1779988773305,2,Pitching Mound.Drive,,Delivery,pitch.1,439433,-0.0554,-0.3742,1.9424,0.8449,-2.3072,-2.4647,0.0,0.0
1779988773305,2,Pitching Mound.Parent,,Delivery,pitch.1,438476,6.1782,-8.0877,113.826,-98.6335,117.3955,18.3335,-0.14,0.118
1779988773306,2,11.0000004b,Drive,Delivery,pitch.1,439434,-0.0442,-0.3544,1.9243,0.8458,-2.5076,-2.4573,0.0,0.0
1779988773306,2,12.00000018,Upper Delivery,Delivery,pitch.1,440016,-2.179,-1.5461,10.2197,27.4576,1.0018,9.3059,-0.013,0.327
1779988773306,2,Pitching Mound.Delivery,,Delivery,pitch.1,438857,6.2773,-7.7598,111.8914,-99.2339,119.7921,20.8228,-0.1425,0.12
1779988773306,2,Pitching Mound.Drive,,Delivery,pitch.1,439434,-0.0442,-0.3544,1.9243,0.8458,-2.5076,-2.4573,0.0,0.0
1779988773306,2,Pitching Mound.Parent,,Delivery,pitch.1,438477,6.2331,-8.1142,113.8157,-98.3881,117.2845,18.3655,-0.1401,0.118
1779988773307,2,11.0000004b,Drive,Delivery,pitch.1,439435,-0.0545,-0.3309,1.9345,0.8662,-2.4279,-2.4423,0.0,0.0
1779988773307,2,11.0000004b,Drive,Delivery,pitch.1,439436,-0.0586,-0.3416,1.9608,0.8297,-2.4722,-2.4322,0.0,0.0
1779988773307,2,12.00000015,Lower Delivery,Delivery,pitch.1,439161,8.4744,-6.2374,101.6018,-157.5555,118.5463,15.1878,-0.1553,-0.2064
1779988773307,2,12.00000018,Upper Delivery,Delivery,pitch.1,440017,-2.1609,-1.5372,10.0951,27.4003,0.8691,9.3227,-0.0115,0.327
1779988773307,2,Pitching Mound.Delivery,,Delivery,pitch.1,438858,6.3135,-7.7746,111.697,-99.0429,119.4155,20.8944,-0.1423,0.1203
1779988773307,2,Pitching Mound.Drive,,Delivery,pitch.1,439435,-0.0545,-0.3309,1.9345,0.8662,-2.4279,-2.4423,0.0,0.0
1779988773307,2,Pitching Mound.Drive,,Delivery,pitch.1,439436,-0.0586,-0.3416,1.9608,0.8297,-2.4722,-2.4322,0.0,0.0
1779988773307,2,Pitching Mound.Parent,,Delivery,pitch.1,438478,6.259,-8.1055,113.6314,-98.1767,116.9876,18.4521,-0.1399,0.1183
1779988773308,2,11.0000004b,Drive,Delivery,pitch.1,439437,-0.0569,-0.3263,1.911,0.8356,-2.3998,-2.4225,0.0,0.0
1779988773308,2,12.00000015,Lower Delivery,Delivery,pitch.1,439162,8.4745,-6.2412,101.5577,-157.1629,118.4743,15.2384,-0.1553,-0.206
1779988773308,2,12.00000018,Upper Delivery,Delivery,pitch.1,440018,-2.1554,-1.5719,10.0102,27.1533,0.8913,9.2686,-0.0119,0.327
1779988773308,2,Pitching Mound.Delivery,,Delivery,pitch.1,438859,6.3191,-7.8131,111.5679,-98.8835,119.3655,20.8929,-0.1424,0.1208
1779988773308,2,Pitching Mound.Drive,,Delivery,pitch.1,439437,-0.0569,-0.3263,1.911,0.8356,-2.3998,-2.4225,0.0,0.0
1779988773308,2,Pitching Mound.Parent,,Delivery,pitch.1,438479,6.2605,-8.1548,113.5286,-98.0537,116.8933,18.4607,-0.14,0.1187
1779988773309,2,11.0000004b,Drive,Delivery,pitch.1,439438,-0.0464,-0.3383,1.9329,0.9021,-2.4569,-2.426,0.0,0.0
1779988773309,2,12.00000015,Lower Delivery,Delivery,pitch.1,439163,8.4961,-6.2661,101.4705,-156.7635,118.3342,15.3207,-0.1553,-0.2057
1779988773309,2,12.00000018,Upper Delivery,Delivery,pitch.1,440019,-2.1547,-1.5784,9.9092,27.0846,0.8899,9.2476,-0.012,0.327
1779988773309,2,Pitching Mound.Delivery,,Delivery,pitch.1,438860,6.3414,-7.8445,111.3797,-98.548,119.2241,20.9471,-0.1425,0.1212
1779988773309,2,Pitching Mound.Drive,,Delivery,pitch.1,439438,-0.0464,-0.3383,1.9329,0.9021,-2.4569,-2.426,0.0,0.0
1779988773309,2,Pitching Mound.Parent,,Delivery,pitch.1,438480,6.2845,-8.1708,113.2907,-97.7124,116.8243,18.5246,-0.1401,0.1192
1779988773310,2,11.0000004b,Drive,Delivery,pitch.1,439439,-0.0429,-0.3625,1.8819,0.8543,-2.4532,-2.4547,0.0,0.0
1779988773310,2,12.00000015,Lower Delivery,Delivery,pitch.1,439164,8.4963,-6.2895,101.411,-156.6046,118.1864,15.377,-0.1551,-0.2056
1779988773310,2,12.00000018,Upper Delivery,Delivery,pitch.1,440020,-2.1522,-1.5863,10.4596,27.2884,0.9647,9.2683,-0.0123,0.327
1779988773310,2,Pitching Mound.Delivery,,Delivery,pitch.1,438861,6.3441,-7.8758,111.8706,-98.3926,119.1511,21.0249,-0.1418,0.1206
1779988773310,2,Pitching Mound.Drive,,Delivery,pitch.1,439439,-0.0429,-0.3625,1.8819,0.8543,-2.4532,-2.4547,0.0,0.0
1779988773310,2,Pitching Mound.Parent,,Delivery,pitch.1,438481,6.2977,-8.2142,113.8035,-97.4905,116.6941,18.5989,-0.1394,0.1186
1779988773311,2,11.0000004b,Drive,Delivery,pitch.1,439440,-0.0433,-0.3419,1.8065,0.8175,-2.4589,-2.4428,0.0,0.0
1779988773311,2,12.00000015,Lower Delivery,Delivery,pitch.1,439165,8.4971,-6.3221,101.4479,-156.4143,118.153,15.4251,-0.155,-0.2053
1779988773311,2,12.00000018,Upper Delivery,Delivery,pitch.1,440021,-2.13,-1.5836,10.2386,27.0618,1.036,9.19,-0.0135,0.327
1779988773311,2,Pitching Mound.Delivery,,Delivery,pitch.1,438862,6.3671,-7.9057,111.6865,-98.3413,119.189,21.0019,-0.1421,0.1212
1779988773311,2,Pitching Mound.Drive,,Delivery,pitch.1,439440,-0.0433,-0.3419,1.8065,0.8175,-2.4589,-2.4428,0.0,0.0
1779988773311,2,Pitching Mound.Parent,,Delivery,pitch.1,438482,6.3242,-8.2683,113.5684,-97.4871,116.7358,18.5472,-0.1397,0.1192
1779988773312,2,11.0000004b,Drive,Delivery,pitch.1,439441,-0.054,-0.3165,1.8079,0.7889,-2.5085,-2.3916,0.0,0.0
1779988773312,2,12.00000015,Lower Delivery,Delivery,pitch.1,439166,8.5155,-6.3458,101.5354,-156.3546,118.1882,15.4914,-0.155,-0.205
1779988773312,2,12.00000015,Lower Delivery,Delivery,pitch.1,439167,8.4991,-6.3727,101.4419,-156.0262,117.8476,15.5544,-0.1547,-0.2048
1779988773312,2,12.00000018,Upper Delivery,Delivery,pitch.1,440022,-2.1218,-1.6022,10.0458,26.892,0.9325,9.1622,-0.0124,0.327
1779988773312,2,Pitching Mound.Delivery,,Delivery,pitch.1,438863,6.3936,-7.9481,111.5812,-98.3561,119.1208,21.0369,-0.1421,0.1217
1779988773312,2,Pitching Mound.Drive,,Delivery,pitch.1,439441,-0.054,-0.3165,1.8079,0.7889,-2.5085,-2.3916,0.0,0.0
1779988773312,2,Pitching Mound.Parent,,Delivery,pitch.1,438483,6.3503,-8.29,113.3877,-97.5386,116.6619,18.5942,-0.1399,0.1197
1779988773313,2,11.0000004b,Drive,Delivery,pitch.1,439442,-0.0633,-0.3085,1.8386,0.7598,-2.6351,-2.4251,0.0,0.0
1779988773313,2,12.00000015,Lower Delivery,Delivery,pitch.1,439168,8.523,-6.4031,101.486,-155.8572,117.7879,15.619,-0.1545,-0.2045
1779988773313,2,12.00000018,Upper Delivery,Delivery,pitch.1,440023,-2.1364,-1.5999,10.11,26.8371,0.8566,9.1698,-0.0113,0.327
1779988773313,2,Pitching Mound.Delivery,,Delivery,pitch.1,438864,6.3627,-7.9726,111.552,-98.1362,118.7042,21.1081,-0.1417,0.1218
1779988773313,2,Pitching Mound.Drive,,Delivery,pitch.1,439442,-0.0633,-0.3085,1.8386,0.7598,-2.6351,-2.4251,0.0,0.0
1779988773313,2,Pitching Mound.Parent,,Delivery,pitch.1,438484,6.3087,-8.2891,113.3599,-97.3473,116.1957,18.7165,-0.1394,0.1199
1779988773314,2,11.0000004b,Drive,Delivery,pitch.1,439443,-0.0422,-0.3007,1.7453,0.7413,-2.5938,-2.3896,0.0,0.0
1779988773314,2,12.00000018,Upper Delivery,Delivery,pitch.1,440024,-2.1196,-1.6014,9.9888,26.3988,0.6655,9.1637,-0.0089,0.327
1779988773314,2,Pitching Mound.Delivery,,Delivery,pitch.1,438865,6.4034,-8.0046,111.4747,-98.3494,118.4534,21.1642,-0.1415,0.1222
1779988773314,2,Pitching Mound.Drive,,Delivery,pitch.1,439443,-0.0422,-0.3007,1.7453,0.7413,-2.5938,-2.3896,0.0,0.0
1779988773314,2,Pitching Mound.Parent,,Delivery,pitch.1,438485,6.3401,-8.313,113.3134,-97.5896,115.8183,18.7391,-0.1392,0.1203
1779988773315,2,11.0000004b,Drive,Delivery,pitch.1,439444,-0.0558,-0.2965,1.7684,0.7417,-2.5728,-2.4348,0.0,0.0
1779988773315,2,12.00000015,Lower Delivery,Delivery,pitch.1,439169,8.5605,-6.4391,101.5443,-155.8273,117.7131,15.6163,-0.1543,-0.2043
1779988773315,2,12.00000018,Upper Delivery,Delivery,pitch.1,440025,-2.1315,-1.6091,10.041,26.352,0.5241,9.1572,-0.0069,0.327
1779988773315,2,Pitching Mound.Delivery,,Delivery,pitch.1,438866,6.429,-8.0482,111.5853,-98.3641,118.2372,21.1382,-0.1411,0.1223
1779988773315,2,Pitching Mound.Drive,,Delivery,pitch.1,439444,-0.0558,-0.2965,1.7684,0.7417,-2.5728,-2.4348,0.0,0.0
1779988773315,2,Pitching Mound.Parent,,Delivery,pitch.1,438486,6.3868,-8.3489,113.3306,-97.6228,115.6435,18.7487,-0.1389,0.1204
1779988773316,2,11.0000004b,Drive,Delivery,pitch.1,439445,-0.0558,-0.3274,1.8072,0.7534,-2.6553,-2.4405,0.0,0.0
1779988773316,2,12.00000015,Lower Delivery,Delivery,pitch.1,439170,8.5801,-6.4834,101.5538,-155.9579,117.5326,15.6453,-0.1541,-0.2044
1779988773316,2,12.00000018,Upper Delivery,Delivery,pitch.1,440026,-2.1447,-1.6216,10.2297,26.1506,0.5228,9.1082,-0.0068,0.327
1779988773316,2,Pitching Mound.Delivery,,Delivery,pitch.1,438867,6.4354,-8.105,111.7835,-98.7571,118.0553,21.1071,-0.1406,0.122
1779988773316,2,Pitching Mound.Drive,,Delivery,pitch.1,439445,-0.0558,-0.3274,1.8072,0.7534,-2.6553,-2.4405,0.0,0.0
1779988773316,2,Pitching Mound.Parent,,Delivery,pitch.1,438487,6.3796,-8.4014,113.5518,-98.0154,115.4825,18.6723,-0.1384,0.1201
1779988773317,2,11.0000004b,Drive,Delivery,pitch.1,439446,-0.0536,-0.3293,1.8102,0.7224,-2.6308,-2.4528,0.0,0.0
1779988773317,2,12.00000015,Lower Delivery,Delivery,pitch.1,439171,8.5755,-6.5137,101.5114,-155.8913,117.3764,15.6925,-0.1539,-0.2044
1779988773317,2,12.00000018,Upper Delivery,Delivery,pitch.1,440027,-2.1583,-1.6245,10.4207,25.9204,0.3989,9.127,-0.0051,0.327
1779988773317,2,Pitching Mound.Delivery,,Delivery,pitch.1,438868,6.4172,-8.1382,111.932,-99.0001,117.7753,21.17,-0.1401,0.1217
1779988773317,2,Pitching Mound.Drive,,Delivery,pitch.1,439446,-0.0536,-0.3293,1.8102,0.7224,-2.6308,-2.4528,0.0,0.0
1779988773317,2,Pitching Mound.Parent,,Delivery,pitch.1,438488,6.3614,-8.4655,113.7393,-98.2467,115.12,18.7295,-0.1379,0.1198
1779988773318,2,11.0000004b,Drive,Delivery,pitch.1,439447,-0.0463,-0.3122,1.7816,0.7075,-2.486,-2.4936,0.0,0.0
1779988773318,2,12.00000015,Lower Delivery,Delivery,pitch.1,439172,8.5774,-6.5231,101.4454,-155.5916,117.3644,15.7639,-0.154,-0.2042
1779988773318,2,12.00000018,Upper Delivery,Delivery,pitch.1,440028,-2.1443,-1.6216,10.4471,25.8327,0.5401,9.1344,-0.0069,0.327
1779988773318,2,Pitching Mound.Delivery,,Delivery,pitch.1,438869,6.4331,-8.1448,111.8925,-98.8195,117.9044,21.2529,-0.1403,0.1219
1779988773318,2,Pitching Mound.Drive,,Delivery,pitch.1,439447,-0.0463,-0.3122,1.7816,0.7075,-2.486,-2.4936,0.0,0.0
1779988773318,2,Pitching Mound.Parent,,Delivery,pitch.1,438489,6.3795,-8.474,113.7027,-98.097,115.2737,18.8001,-0.138,0.12
1779988773319,2,11.0000004b,Drive,Delivery,pitch.1,439448,-0.0573,-0.3044,1.8324,0.6816,-2.3261,-2.4736,0.0,0.0
1779988773319,2,12.00000015,Lower Delivery,Delivery,pitch.1,439173,8.58,-6.569,101.4306,-155.6841,117.0703,15.8161,-0.1537,-0.2043
1779988773319,2,12.00000018,Upper Delivery,Delivery,pitch.1,440029,-2.1072,-1.6169,10.0249,26.1912,0.7193,9.1192,-0.0096,0.327
1779988773319,2,Pitching Mound.Delivery,,Delivery,pitch.1,438870,6.4728,-8.186,111.4554,-98.415,117.7896,21.3016,-0.1407,0.1223
1779988773319,2,Pitching Mound.Drive,,Delivery,pitch.1,439448,-0.0573,-0.3044,1.8324,0.6816,-2.3261,-2.4736,0.0,0.0
1779988773319,2,Pitching Mound.Parent,,Delivery,pitch.1,438490,6.4265,-8.4982,113.2371,-97.7076,115.3036,18.808,-0.1385,0.1204
1779988773320,2,11.0000004b,Drive,Delivery,pitch.1,439449,-0.0512,-0.2923,1.8597,0.6357,-2.2821,-2.419,0.0,0.0
1779988773320,2,12.00000015,Lower Delivery,Delivery,pitch.1,439174,8.5753,-6.5733,101.3719,-155.8018,117.1643,15.7821,-0.1539,-0.2046
1779988773320,2,12.00000018,Upper Delivery,Delivery,pitch.1,440030,-2.0958,-1.6586,10.1349,26.0632,0.7543,9.1091,-0.0099,0.327
1779988773320,2,Pitching Mound.Delivery,,Delivery,pitch.1,438871,6.4794,-8.2319,111.5068,-98.718,117.9186,21.2631,-0.1408,0.1219
1779988773320,2,Pitching Mound.Drive,,Delivery,pitch.1,439449,-0.0512,-0.2923,1.8597,0.6357,-2.2821,-2.419,0.0,0.0
1779988773320,2,Pitching Mound.Parent,,Delivery,pitch.1,438491,6.4221,-8.5363,113.3392,-98.0364,115.5926,18.7895,-0.1385,0.1199
1779988773321,2,12.00000015,Lower Delivery,Delivery,pitch.1,439175,8.5475,-6.5891,101.0909,-155.6356,116.792,15.8635,-0.1538,-0.205
1779988773321,2,12.00000018,Upper Delivery,Delivery,pitch.1,440031,-2.1073,-1.6604,10.2909,25.9308,0.7071,9.0832,-0.0091,0.327
1779988773321,2,Pitching Mound.Delivery,,Delivery,pitch.1,438872,6.4402,-8.2495,111.3817,-98.8328,117.4992,21.3241,-0.1404,0.1214
1779988773321,2,Pitching Mound.Parent,,Delivery,pitch.1,438492,6.389,-8.5418,113.2415,-98.197,115.217,18.905,-0.1381,0.1194
1779988773322,2,11.0000004b,Drive,Delivery,pitch.1,439450,-0.041,-0.2952,1.8024,0.649,-2.1556,-2.4122,0.0,0.0
1779988773322,2,11.0000004b,Drive,Delivery,pitch.1,439451,-0.0471,-0.3216,1.8113,0.6616,-2.2327,-2.4398,0.0,0.0
1779988773322,2,12.00000015,Lower Delivery,Delivery,pitch.1,439176,8.5492,-6.5851,100.8979,-155.6154,117.007,15.8646,-0.1544,-0.2053
1779988773322,2,12.00000018,Upper Delivery,Delivery,pitch.1,440032,-2.0959,-1.6967,10.0599,25.8723,0.8298,9.0755,-0.011,0.327
1779988773322,2,Pitching Mound.Delivery,,Delivery,pitch.1,438873,6.4534,-8.2817,110.9578,-98.8582,117.8368,21.3207,-0.1414,0.1213
1779988773322,2,Pitching Mound.Drive,,Delivery,pitch.1,439450,-0.041,-0.2952,1.8024,0.649,-2.1556,-2.4122,0.0,0.0
1779988773322,2,Pitching Mound.Drive,,Delivery,pitch.1,439451,-0.0471,-0.3216,1.8113,0.6616,-2.2327,-2.4398,0.0,0.0
1779988773322,2,Pitching Mound.Parent,,Delivery,pitch.1,438493,6.4124,-8.577,112.7602,-98.2092,115.6811,18.9085,-0.1391,0.1194
1779988773323,2,11.0000004b,Drive,Delivery,pitch.1,439452,-0.0548,-0.3084,1.8719,0.6577,-2.2912,-2.4513,0.0,0.0
1779988773323,2,12.00000015,Lower Delivery,Delivery,pitch.1,439177,8.5362,-6.5893,100.7149,-155.6594,116.9599,15.855,-0.1546,-0.2058
1779988773323,2,12.00000018,Upper Delivery,Delivery,pitch.1,440033,-2.0775,-1.7025,9.8372,26.0011,0.8747,9.0792,-0.0118,0.327
1779988773323,2,Pitching Mound.Delivery,,Delivery,pitch.1,438874,6.4587,-8.2918,110.5522,-98.7599,117.8347,21.3255,-0.1419,0.1211
1779988773323,2,Pitching Mound.Drive,,Delivery,pitch.1,439452,-0.0548,-0.3084,1.8719,0.6577,-2.2912,-2.4513,0.0,0.0
1779988773323,2,Pitching Mound.Parent,,Delivery,pitch.1,438494,6.4116,-8.6134,112.3634,-98.0983,115.6019,18.8857,-0.1396,0.1192
1779988773324,2,11.0000004b,Drive,Delivery,pitch.1,439453,-0.0323,-0.3316,1.7733,0.6431,-2.0636,-2.4318,0.0,0.0
1779988773324,2,12.00000015,Lower Delivery,Delivery,pitch.1,439178,8.5291,-6.5889,100.5201,-155.4384,116.8722,15.869,-0.1548,-0.2059
1779988773324,2,12.00000018,Upper Delivery,Delivery,pitch.1,440034,-2.0789,-1.6877,9.7016,26.0087,0.8174,9.0786,-0.0112,0.327
1779988773324,2,Pitching Mound.Delivery,,Delivery,pitch.1,438875,6.4501,-8.2766,110.2217,-98.5514,117.6896,21.3408,-0.1421,0.1212
1779988773324,2,Pitching Mound.Drive,,Delivery,pitch.1,439453,-0.0323,-0.3316,1.7733,0.6431,-2.0636,-2.4318,0.0,0.0
1779988773324,2,Pitching Mound.Parent,,Delivery,pitch.1,438495,6.3954,-8.585,112.0936,-97.8937,115.3983,18.8895,-0.1398,0.1192
1779988773325,2,12.00000015,Lower Delivery,Delivery,pitch.1,439179,8.5003,-6.5645,100.3019,-155.7275,116.8682,15.8997,-0.1551,-0.2067
1779988773325,2,12.00000018,Upper Delivery,Delivery,pitch.1,440035,-2.0935,-1.6894,9.6496,26.0756,0.9718,9.0454,-0.0134,0.327
1779988773325,2,Pitching Mound.Delivery,,Delivery,pitch.1,438876,6.4068,-8.2539,109.9515,-98.8301,117.84,21.3431,-0.1427,0.1205
1779988773325,2,Pitching Mound.Parent,,Delivery,pitch.1,438496,6.3744,-8.5855,111.7248,-98.187,115.7764,18.9113,-0.1404,0.1186
1779988773326,2,11.0000004b,Drive,Delivery,pitch.1,439454,-0.0489,-0.3444,1.8469,0.6434,-2.1061,-2.4253,0.0,0.0
1779988773326,2,11.0000004b,Drive,Delivery,pitch.1,439455,-0.0693,-0.335,1.8786,0.6613,-2.1384,-2.3887,0.0,0.0
1779988773326,2,12.00000015,Lower Delivery,Delivery,pitch.1,439180,8.4627,-6.579,100.0302,-155.6226,116.8251,15.9428,-0.1555,-0.2071
1779988773326,2,12.00000018,Upper Delivery,Delivery,pitch.1,440036,-2.0903,-1.7158,9.6914,26.0083,0.9573,9.0591,-0.0132,0.327
1779988773326,2,Pitching Mound.Delivery,,Delivery,pitch.1,438877,6.3723,-8.2948,109.7215,-98.8991,117.7825,21.4139,-0.1429,0.12
1779988773326,2,Pitching Mound.Drive,,Delivery,pitch.1,439454,-0.0489,-0.3444,1.8469,0.6434,-2.1061,-2.4253,0.0,0.0
1779988773326,2,Pitching Mound.Drive,,Delivery,pitch.1,439455,-0.0693,-0.335,1.8786,0.6613,-2.1384,-2.3887,0.0,0.0
1779988773326,2,Pitching Mound.Parent,,Delivery,pitch.1,438497,6.3234,-8.6393,111.5684,-98.2557,115.6763,18.9887,-0.1405,0.118
1779988773327,2,11.0000004b,Drive,Delivery,pitch.1,439456,-0.0655,-0.3098,1.8314,0.6479,-2.0116,-2.3637,0.0,0.0
1779988773327,2,12.00000015,Lower Delivery,Delivery,pitch.1,439181,8.4437,-6.5742,99.8929,-155.6933,116.6923,15.9209,-0.1555,-0.2075
1779988773327,2,12.00000015,Lower Delivery,Delivery,pitch.1,439182,8.4129,-6.5773,99.6882,-155.5907,116.5969,15.9813,-0.1557,-0.2078
1779988773327,2,12.00000018,Upper Delivery,Delivery,pitch.1,440037,-2.0935,-1.7463,9.7614,25.9164,1.0139,9.0597,-0.0138,0.327
1779988773327,2,Pitching Mound.Delivery,,Delivery,pitch.1,438878,6.3502,-8.3205,109.6543,-99.1322,117.7062,21.3979,-0.1429,0.1196
1779988773327,2,Pitching Mound.Drive,,Delivery,pitch.1,439456,-0.0655,-0.3098,1.8314,0.6479,-2.0116,-2.3637,0.0,0.0
1779988773327,2,Pitching Mound.Parent,,Delivery,pitch.1,438498,6.2809,-8.6555,111.5329,-98.4709,115.5678,19.0091,-0.1405,0.1175
1779988773328,2,11.0000004b,Drive,Delivery,pitch.1,439457,-0.0584,-0.3167,1.8287,0.6715,-2.1136,-2.3676,0.0,0.0
1779988773328,2,12.00000018,Upper Delivery,Delivery,pitch.1,440038,-2.0808,-1.7262,9.9426,26.2534,1.0704,9.1075,-0.0143,0.327
1779988773328,2,Pitching Mound.Delivery,,Delivery,pitch.1,438879,6.3321,-8.3035,109.6308,-98.8237,117.6673,21.5209,-0.1429,0.1191
1779988773328,2,Pitching Mound.Drive,,Delivery,pitch.1,439457,-0.0584,-0.3167,1.8287,0.6715,-2.1136,-2.3676,0.0,0.0
1779988773328,2,Pitching Mound.Parent,,Delivery,pitch.1,438499,6.2666,-8.6133,111.4621,-98.1758,115.6557,19.1572,-0.1405,0.1171
1779988773329,2,11.0000004b,Drive,Delivery,pitch.1,439458,-0.0621,-0.3325,1.7671,0.7159,-2.3278,-2.3706,0.0,0.0
1779988773329,2,12.00000015,Lower Delivery,Delivery,pitch.1,439183,8.4021,-6.6035,99.536,-155.5587,116.4883,16.0029,-0.1558,-0.2081
1779988773329,2,12.00000015,Lower Delivery,Delivery,pitch.1,439184,8.363,-6.6031,99.4591,-155.5293,116.5761,16.0017,-0.156,-0.2082
1779988773329,2,12.00000018,Upper Delivery,Delivery,pitch.1,440039,-2.1154,-1.7498,9.9331,26.4222,1.0155,9.1044,-0.0136,0.327
1779988773329,2,Pitching Mound.Delivery,,Delivery,pitch.1,438880,6.2867,-8.3533,109.4692,-98.6715,117.5038,21.5313,-0.1429,0.1188
1779988773329,2,Pitching Mound.Drive,,Delivery,pitch.1,439458,-0.0621,-0.3325,1.7671,0.7159,-2.3278,-2.3706,0.0,0.0
1779988773329,2,Pitching Mound.Parent,,Delivery,pitch.1,438500,6.2283,-8.6701,111.2979,-98.0,115.3902,19.1637,-0.1406,0.1168
1779988773330,2,11.0000004b,Drive,Delivery,pitch.1,439459,-0.049,-0.3238,1.757,0.7003,-2.3017,-2.375,0.0,0.0
1779988773330,2,12.00000015,Lower Delivery,Delivery,pitch.1,439185,8.3439,-6.6146,99.5672,-155.4857,116.2931,16.0607,-0.1555,-0.2079
1779988773330,2,12.00000018,Upper Delivery,Delivery,pitch.1,440040,-2.1266,-1.7805,9.842,26.2854,0.9802,9.1077,-0.0133,0.327
1779988773330,2,Pitching Mound.Delivery,,Delivery,pitch.1,438881,6.2364,-8.3836,109.3011,-98.774,117.5563,21.543,-0.1432,0.1188
1779988773330,2,Pitching Mound.Drive,,Delivery,pitch.1,439459,-0.049,-0.3238,1.757,0.7003,-2.3017,-2.375,0.0,0.0
1779988773330,2,Pitching Mound.Parent,,Delivery,pitch.1,438501,6.1743,-8.7161,111.0682,-98.0581,115.2285,19.1724,-0.1409,0.1169
1779988773331,2,11.0000004b,Drive,Delivery,pitch.1,439460,-0.0387,-0.3148,1.7179,0.7289,-2.3661,-2.4229,0.0,0.0
1779988773331,2,12.00000015,Lower Delivery,Delivery,pitch.1,439186,8.3393,-6.6287,99.4444,-155.1361,116.2785,16.0661,-0.1557,-0.2077
1779988773331,2,12.00000018,Upper Delivery,Delivery,pitch.1,440041,-2.1212,-1.7637,9.7402,26.3556,0.9354,9.1195,-0.0128,0.327
1779988773331,2,Pitching Mound.Delivery,,Delivery,pitch.1,438882,6.2228,-8.3783,109.3074,-98.589,117.2285,21.622,-0.1428,0.1192
1779988773331,2,Pitching Mound.Drive,,Delivery,pitch.1,439460,-0.0387,-0.3148,1.7179,0.7289,-2.3661,-2.4229,0.0,0.0
1779988773331,2,Pitching Mound.Parent,,Delivery,pitch.1,438502,6.1738,-8.7021,111.0644,-97.8887,114.9268,19.2471,-0.1405,0.1173
1779988773332,2,11.0000004b,Drive,Delivery,pitch.1,439461,-0.0266,-0.3107,1.7067,0.7369,-2.4689,-2.4124,0.0,0.0
1779988773332,2,12.00000015,Lower Delivery,Delivery,pitch.1,439187,8.2899,-6.6729,99.6462,-154.938,115.9875,16.1181,-0.155,-0.207
1779988773332,2,12.00000018,Upper Delivery,Delivery,pitch.1,440042,-2.1384,-1.813,10.0773,26.6248,1.0958,9.1534,-0.0145,0.327
1779988773332,2,Pitching Mound.Delivery,,Delivery,pitch.1,438883,6.2009,-8.4417,109.5217,-98.1264,117.3742,21.657,-0.1427,0.1189
1779988773332,2,Pitching Mound.Drive,,Delivery,pitch.1,439461,-0.0266,-0.3107,1.7067,0.7369,-2.4689,-2.4124,0.0,0.0
1779988773332,2,Pitching Mound.Parent,,Delivery,pitch.1,438503,6.1622,-8.7565,111.2396,-97.3976,115.0082,19.2341,-0.1405,0.1171
1779988773333,2,11.0000004b,Drive,Delivery,pitch.1,439462,-0.0294,-0.3016,1.6722,0.7343,-2.5661,-2.4151,0.0,0.0
1779988773333,2,12.00000015,Lower Delivery,Delivery,pitch.1,439188,8.2571,-6.688,99.6183,-155.04,115.9372,16.1044,-0.1549,-0.2072
1779988773333,2,12.00000018,Upper Delivery,Delivery,pitch.1,440043,-2.146,-1.817,9.8953,26.5479,0.9468,9.2023,-0.0127,0.327
1779988773333,2,Pitching Mound.Delivery,,Delivery,pitch.1,438884,6.1439,-8.4899,109.5415,-97.8748,116.9343,21.7722,-0.1421,0.1198
1779988773333,2,Pitching Mound.Drive,,Delivery,pitch.1,439462,-0.0294,-0.3016,1.6722,0.7343,-2.5661,-2.4151,0.0,0.0
1779988773333,2,Pitching Mound.Parent,,Delivery,pitch.1,438504,6.1173,-8.8005,111.2482,-97.1379,114.4654,19.3598,-0.1399,0.118
1779988773334,2,11.0000004b,Drive,Delivery,pitch.1,439463,0.0019,-0.3266,1.6556,0.7579,-2.5979,-2.395,0.0,0.0
1779988773334,2,12.00000018,Upper Delivery,Delivery,pitch.1,440044,-2.1666,-1.8399,9.8584,26.369,0.9497,9.2191,-0.0128,0.327
1779988773334,2,Pitching Mound.Delivery,,Delivery,pitch.1,438885,6.0905,-8.5279,109.4766,-98.1527,116.8869,21.7794,-0.1421,0.1197
1779988773334,2,Pitching Mound.Drive,,Delivery,pitch.1,439463,0.0019,-0.3266,1.6556,0.7579,-2.5979,-2.395,0.0,0.0
1779988773334,2,Pitching Mound.Parent,,Delivery,pitch.1,438505,6.0611,-8.8295,111.1488,-97.4184,114.3208,19.3643,-0.14,0.1179
1779988773335,2,11.0000004b,Drive,Delivery,pitch.1,439464,-0.0179,-0.3174,1.697,0.7478,-2.6211,-2.3987,0.0,0.0
1779988773335,2,12.00000015,Lower Delivery,Delivery,pitch.1,439190,8.2275,-6.8038,99.4662,-154.3819,115.5873,16.0988,-0.1547,-0.2066
1779988773335,2,12.00000015,Lower Delivery,Delivery,pitch.1,439189,8.2269,-6.7466,99.5042,-154.7077,115.8431,16.0833,-0.155,-0.207
1779988773335,2,12.00000018,Upper Delivery,Delivery,pitch.1,440045,-2.1728,-1.8718,9.8806,26.1779,0.9613,9.2627,-0.013,0.327
1779988773335,2,Pitching Mound.Delivery,,Delivery,pitch.1,438886,6.0541,-8.6184,109.3848,-98.0578,116.8043,21.8101,-0.1422,0.1198
1779988773335,2,Pitching Mound.Drive,,Delivery,pitch.1,439464,-0.0179,-0.3174,1.697,0.7478,-2.6211,-2.3987,0.0,0.0
1779988773335,2,Pitching Mound.Parent,,Delivery,pitch.1,438506,6.056,-8.945,111.0404,-97.2999,114.2065,19.4151,-0.14,0.118
1779988773336,2,11.0000004b,Drive,Delivery,pitch.1,439465,-0.0164,-0.3206,1.6525,0.756,-2.7317,-2.4361,0.0,0.0
1779988773336,2,12.00000015,Lower Delivery,Delivery,pitch.1,439191,8.2079,-6.86,99.4127,-154.4507,115.2845,16.0808,-0.1544,-0.2068
1779988773336,2,12.00000018,Upper Delivery,Delivery,pitch.1,440047,-2.1807,-1.8867,9.7794,25.8658,0.6192,9.3301,-0.0084,0.327
1779988773336,2,12.00000018,Upper Delivery,Delivery,pitch.1,440046,-2.1734,-1.8602,9.8639,25.924,0.743,9.3047,-0.01,0.327
1779988773336,2,Pitching Mound.Delivery,,Delivery,pitch.1,438888,6.0272,-8.7467,109.1921,-98.1096,115.9038,21.8788,-0.1413,0.1201
1779988773336,2,Pitching Mound.Delivery,,Delivery,pitch.1,438887,6.0541,-8.664,109.3301,-97.9931,116.3302,21.8672,-0.1417,0.1202
1779988773336,2,Pitching Mound.Drive,,Delivery,pitch.1,439465,-0.0164,-0.3206,1.6525,0.756,-2.7317,-2.4361,0.0,0.0
1779988773336,2,Pitching Mound.Parent,,Delivery,pitch.1,438508,6.0108,-9.0674,110.8446,-97.3537,113.1721,19.4427,-0.1392,0.1183
1779988773336,2,Pitching Mound.Parent,,Delivery,pitch.1,438507,6.0361,-8.9814,111.0271,-97.2453,113.7091,19.4685,-0.1395,0.1183
1779988773337,2,11.0000004b,Drive,Delivery,pitch.1,439466,-0.0076,-0.2996,1.6366,0.7338,-2.6476,-2.3902,0.0,0.0
1779988773337,2,12.00000015,Lower Delivery,Delivery,pitch.1,439192,8.1742,-6.8585,98.7889,-154.2008,115.1819,16.0553,-0.1552,-0.2078
1779988773337,2,12.00000018,Upper Delivery,Delivery,pitch.1,440048,-2.1934,-1.8969,9.8333,25.7222,0.5997,9.3341,-0.0081,0.327
1779988773337,2,Pitching Mound.Delivery,,Delivery,pitch.1,438889,5.9808,-8.7554,108.6222,-98.2337,115.7815,21.8644,-0.1419,0.1191
1779988773337,2,Pitching Mound.Drive,,Delivery,pitch.1,439466,-0.0076,-0.2996,1.6366,0.7338,-2.6476,-2.3902,0.0,0.0
1779988773337,2,Pitching Mound.Parent,,Delivery,pitch.1,438509,5.9732,-9.055,110.2588,-97.4999,113.1339,19.4742,-0.1398,0.1173
1779988773338,2,11.0000004b,Drive,Delivery,pitch.1,439467,-0.0056,-0.3179,1.695,0.7561,-2.8793,-2.4217,0.0,0.0
1779988773338,2,12.00000015,Lower Delivery,Delivery,pitch.1,439193,8.165,-6.9048,98.744,-153.8783,114.8599,16.0718,-0.1549,-0.2075
1779988773338,2,Pitching Mound.Drive,,Delivery,pitch.1,439467,-0.0056,-0.3179,1.695,0.7561,-2.8793,-2.4217,0.0,0.0
1779988773339,2,11.0000004b,Drive,Delivery,pitch.1,439468,0.0004,-0.3108,1.636,0.74,-2.6833,-2.396,0.0,0.0
1779988773339,2,12.00000015,Lower Delivery,Delivery,pitch.1,439194,8.1184,-6.9094,98.3439,-153.5869,114.8312,16.1168,-0.1554,-0.2079
1779988773339,2,12.00000018,Upper Delivery,Delivery,pitch.1,440049,-2.2086,-1.9153,9.6693,25.6916,0.3944,9.3355,-0.0054,0.327
1779988773339,2,Pitching Mound.Delivery,,Delivery,pitch.1,438890,5.9564,-8.8201,108.4133,-97.9013,115.2543,21.8803,-0.1415,0.1196
1779988773339,2,Pitching Mound.Drive,,Delivery,pitch.1,439468,0.0004,-0.3108,1.636,0.74,-2.6833,-2.396,0.0,0.0
1779988773339,2,Pitching Mound.Parent,,Delivery,pitch.1,438510,5.9508,-9.1379,110.1083,-97.1453,112.375,19.4586,-0.1393,0.1177
1779988773340,2,11.0000004b,Drive,Delivery,pitch.1,439469,-0.0079,-0.2927,1.6588,0.7145,-2.791,-2.4008,0.0,0.0
1779988773340,2,12.00000015,Lower Delivery,Delivery,pitch.1,439195,8.1018,-6.9548,98.2202,-153.3258,114.6073,16.1159,-0.1553,-0.2078
1779988773340,2,12.00000018,Upper Delivery,Delivery,pitch.1,440050,-2.206,-1.9244,9.725,25.8746,0.4291,9.3863,-0.0059,0.327
1779988773340,2,Pitching Mound.Delivery,,Delivery,pitch.1,438891,5.9124,-8.8338,108.0689,-97.5818,115.2603,21.9928,-0.142,0.119
1779988773340,2,Pitching Mound.Drive,,Delivery,pitch.1,439469,-0.0079,-0.2927,1.6588,0.7145,-2.791,-2.4008,0.0,0.0
1779988773340,2,Pitching Mound.Parent,,Delivery,pitch.1,438511,5.9128,-9.1446,109.7048,-96.8418,112.577,19.5968,-0.1399,0.1173
1779988773341,2,11.0000004b,Drive,Delivery,pitch.1,439470,-0.0202,-0.3193,1.7282,0.7244,-2.8685,-2.4132,0.0,0.0
1779988773341,2,12.00000015,Lower Delivery,Delivery,pitch.1,439196,8.0582,-6.9938,98.0548,-153.1249,114.497,16.1033,-0.1555,-0.2079
1779988773341,2,12.00000018,Upper Delivery,Delivery,pitch.1,440051,-2.2181,-1.9332,9.8787,25.8457,0.4465,9.3963,-0.006,0.327
1779988773341,2,Pitching Mound.Delivery,,Delivery,pitch.1,438892,5.8837,-8.888,108.099,-97.444,115.0538,22.0035,-0.1417,0.1189
1779988773341,2,Pitching Mound.Drive,,Delivery,pitch.1,439470,-0.0202,-0.3193,1.7282,0.7244,-2.8685,-2.4132,0.0,0.0
1779988773341,2,Pitching Mound.Parent,,Delivery,pitch.1,438512,5.8758,-9.1807,109.7577,-96.7296,112.2628,19.6027,-0.1396,0.1171
1779988773342,2,11.0000004b,Drive,Delivery,pitch.1,439471,-0.0448,-0.3254,1.8279,0.6998,-2.7189,-2.4247,0.0,0.0
1779988773342,2,12.00000015,Lower Delivery,Delivery,pitch.1,439197,8.0246,-7.0301,97.7621,-152.7785,114.4227,16.0712,-0.1558,-0.208
1779988773342,2,12.00000018,Upper Delivery,Delivery,pitch.1,440052,-2.2302,-1.9531,9.8902,25.6226,0.378,9.387,-0.0051,0.327
1779988773342,2,12.00000018,Upper Delivery,Delivery,pitch.1,440053,-2.2145,-1.9503,9.8106,25.3752,0.315,9.3986,-0.0043,0.327
1779988773342,2,Pitching Mound.Delivery,,Delivery,pitch.1,438893,5.828,-8.9469,107.945,-97.5264,114.875,21.9922,-0.1417,0.1188
1779988773342,2,Pitching Mound.Delivery,,Delivery,pitch.1,438894,5.8101,-8.9805,107.5726,-97.4998,114.7378,21.9885,-0.142,0.1187
1779988773342,2,Pitching Mound.Drive,,Delivery,pitch.1,439471,-0.0448,-0.3254,1.8279,0.6998,-2.7189,-2.4247,0.0,0.0
1779988773342,2,Pitching Mound.Parent,,Delivery,pitch.1,438513,5.8078,-9.2662,109.6732,-96.802,112.0065,19.579,-0.1394,0.1169
1779988773342,2,Pitching Mound.Parent,,Delivery,pitch.1,438514,5.7652,-9.3059,109.4006,-96.8,112.0189,19.5638,-0.1396,0.1168
1779988773343,2,11.0000004b,Drive,Delivery,pitch.1,439472,-0.0442,-0.3257,1.8898,0.7198,-2.7276,-2.4452,0.0,0.0
1779988773343,2,12.00000015,Lower Delivery,Delivery,pitch.1,439198,7.992,-7.035,97.2949,-152.6436,114.1955,16.0574,-0.1563,-0.2089
1779988773343,2,12.00000018,Upper Delivery,Delivery,pitch.1,440054,-2.216,-1.9484,9.8746,25.7639,0.3749,9.3948,-0.0051,0.327
1779988773343,2,Pitching Mound.Delivery,,Delivery,pitch.1,438895,5.776,-8.9834,107.1695,-97.1567,114.5704,21.9815,-0.1423,0.1179
1779988773343,2,Pitching Mound.Drive,,Delivery,pitch.1,439472,-0.0442,-0.3257,1.8898,0.7198,-2.7276,-2.4452,0.0,0.0
1779988773343,2,Pitching Mound.Parent,,Delivery,pitch.1,438515,5.7317,-9.3091,109.0593,-96.437,111.8429,19.5363,-0.1399,0.1158
1779988773344,2,11.0000004b,Drive,Delivery,pitch.1,439473,-0.0532,-0.3262,1.8879,0.7042,-2.6452,-2.4468,0.0,0.0
1779988773344,2,12.00000015,Lower Delivery,Delivery,pitch.1,439199,7.9589,-7.0636,97.2424,-152.2111,113.9525,16.0737,-0.156,-0.2084
1779988773344,2,12.00000018,Upper Delivery,Delivery,pitch.1,440055,-2.2165,-1.9541,9.9063,25.7951,0.3028,9.432,-0.0041,0.327
1779988773344,2,Pitching Mound.Delivery,,Delivery,pitch.1,438896,5.7424,-9.0177,107.1487,-96.7218,114.2553,22.0461,-0.142,0.1183
1779988773344,2,Pitching Mound.Drive,,Delivery,pitch.1,439473,-0.0532,-0.3262,1.8879,0.7042,-2.6452,-2.4468,0.0,0.0
1779988773344,2,Pitching Mound.Parent,,Delivery,pitch.1,438516,5.6893,-9.3439,109.0366,-96.0176,111.61,19.5993,-0.1395,0.1162
1779988773345,2,11.0000004b,Drive,Delivery,pitch.1,439474,-0.0511,-0.3131,1.8367,0.7017,-2.6912,-2.442,0.0,0.0
1779988773345,2,12.00000015,Lower Delivery,Delivery,pitch.1,439200,7.9592,-7.0868,97.0768,-152.5653,113.6887,16.0962,-0.1559,-0.2092
1779988773345,2,Pitching Mound.Drive,,Delivery,pitch.1,439474,-0.0511,-0.3131,1.8367,0.7017,-2.6912,-2.442,0.0,0.0
1779988773346,2,11.0000004b,Drive,Delivery,pitch.1,439475,-0.0597,-0.316,1.9222,0.6893,-2.7051,-2.4655,0.0,0.0
1779988773346,2,12.00000015,Lower Delivery,Delivery,pitch.1,439201,7.951,-7.0871,97.2979,-152.6341,113.6845,16.0276,-0.1555,-0.2088
1779988773346,2,12.00000018,Upper Delivery,Delivery,pitch.1,440056,-2.2367,-1.9304,10.0752,25.8521,0.3137,9.4561,-0.0041,0.327
1779988773346,2,Pitching Mound.Delivery,,Delivery,pitch.1,438897,5.7225,-9.0172,107.1519,-97.1327,114.0024,22.0857,-0.1416,0.1173
1779988773346,2,Pitching Mound.Drive,,Delivery,pitch.1,439475,-0.0597,-0.316,1.9222,0.6893,-2.7051,-2.4655,0.0,0.0
1779988773346,2,Pitching Mound.Parent,,Delivery,pitch.1,438517,5.6714,-9.3303,108.9887,-96.4309,111.3113,19.6437,-0.1393,0.1153
1779988773347,2,11.0000004b,Drive,Delivery,pitch.1,439476,-0.0484,-0.3032,1.8602,0.6926,-2.5478,-2.4948,0.0,0.0
1779988773347,2,12.00000015,Lower Delivery,Delivery,pitch.1,439202,7.9447,-7.0975,97.1281,-152.2713,113.6023,16.0509,-0.1557,-0.2087
1779988773347,2,12.00000018,Upper Delivery,Delivery,pitch.1,440057,-2.2225,-1.9529,10.0808,25.9676,0.4994,9.4999,-0.0066,0.327
1779988773347,2,12.00000018,Upper Delivery,Delivery,pitch.1,440058,-2.2022,-1.9588,10.0753,26.0859,0.6384,9.5142,-0.0084,0.327
1779988773347,2,Pitching Mound.Delivery,,Delivery,pitch.1,438898,5.7285,-9.04,107.3787,-97.0127,114.1839,22.0686,-0.1416,0.1176
1779988773347,2,Pitching Mound.Delivery,,Delivery,pitch.1,438899,5.7424,-9.0563,107.2034,-96.5875,114.2407,22.1151,-0.1419,0.1177
1779988773347,2,Pitching Mound.Drive,,Delivery,pitch.1,439476,-0.0484,-0.3032,1.8602,0.6926,-2.5478,-2.4948,0.0,0.0
1779988773347,2,Pitching Mound.Parent,,Delivery,pitch.1,438518,5.6688,-9.356,109.3009,-96.3234,111.4788,19.6031,-0.1391,0.1156
1779988773347,2,Pitching Mound.Parent,,Delivery,pitch.1,438519,5.694,-9.3595,109.0636,-95.8948,111.6929,19.6204,-0.1394,0.1157
1779988773348,2,11.0000004b,Drive,Delivery,pitch.1,439477,-0.0753,-0.3106,1.9777,0.696,-2.5724,-2.4946,0.0,0.0
1779988773348,2,12.00000015,Lower Delivery,Delivery,pitch.1,439203,7.9221,-7.153,97.114,-152.2032,113.4093,16.039,-0.1555,-0.2086
1779988773348,2,12.00000018,Upper Delivery,Delivery,pitch.1,440059,-2.2091,-1.9901,10.2691,26.2599,0.7931,9.5579,-0.0103,0.327
1779988773348,2,Pitching Mound.Delivery,,Delivery,pitch.1,438900,5.7129,-9.143,107.3831,-96.416,114.2024,22.1523,-0.1416,0.1176
1779988773348,2,Pitching Mound.Drive,,Delivery,pitch.1,439477,-0.0753,-0.3106,1.9777,0.696,-2.5724,-2.4946,0.0,0.0
1779988773348,2,Pitching Mound.Parent,,Delivery,pitch.1,438520,5.6377,-9.4536,109.3609,-95.7199,111.6299,19.6576,-0.139,0.1154
1779988773349,2,11.0000004b,Drive,Delivery,pitch.1,439478,-0.0566,-0.2942,1.9264,0.7003,-2.465,-2.4987,0.0,0.0
1779988773349,2,12.00000015,Lower Delivery,Delivery,pitch.1,439204,7.9019,-7.1636,96.751,-152.1119,113.2327,16.0336,-0.1558,-0.2093
1779988773349,2,12.00000018,Upper Delivery,Delivery,pitch.1,440060,-2.2014,-1.9951,10.1444,26.1146,0.7732,9.6057,-0.0101,0.327
1779988773349,2,Pitching Mound.Delivery,,Delivery,pitch.1,438901,5.7005,-9.1587,106.8954,-96.551,114.0059,22.2042,-0.142,0.1171
1779988773349,2,Pitching Mound.Drive,,Delivery,pitch.1,439478,-0.0566,-0.2942,1.9264,0.7003,-2.465,-2.4987,0.0,0.0
1779988773349,2,Pitching Mound.Parent,,Delivery,pitch.1,438521,5.6439,-9.453,108.8219,-95.8508,111.5408,19.7055,-0.1395,0.115
1779988773350,2,11.0000004b,Drive,Delivery,pitch.1,439479,-0.0849,-0.303,2.0128,0.7037,-2.5251,-2.5059,0.0,0.0
1779988773350,2,12.00000015,Lower Delivery,Delivery,pitch.1,439205,7.9126,-7.2176,96.7479,-152.0656,113.0735,16.0161,-0.1556,-0.2092
1779988773350,2,12.00000018,Upper Delivery,Delivery,pitch.1,440061,-2.1984,-2.0038,10.1965,26.0887,0.8232,9.643,-0.0107,0.327
1779988773350,2,Pitching Mound.Delivery,,Delivery,pitch.1,438902,5.7142,-9.2214,106.9444,-96.5494,113.8967,22.2213,-0.1418,0.1171
1779988773350,2,Pitching Mound.Drive,,Delivery,pitch.1,439479,-0.0849,-0.303,2.0128,0.7037,-2.5251,-2.5059,0.0,0.0
1779988773350,2,Pitching Mound.Parent,,Delivery,pitch.1,438522,5.6293,-9.5245,108.9572,-95.8458,111.3716,19.7155,-0.1392,0.1149
1779988773351,2,11.0000004b,Drive,Delivery,pitch.1,439480,-0.0776,-0.2981,1.9273,0.6901,-2.3674,-2.4673,0.0,0.0
1779988773351,2,12.00000015,Lower Delivery,Delivery,pitch.1,439206,7.8683,-7.2318,96.6354,-152.0398,112.7239,15.9673,-0.1553,-0.2095
1779988773351,2,12.00000018,Upper Delivery,Delivery,pitch.1,440062,-2.1962,-1.9889,10.0873,26.2857,0.8861,9.6503,-0.0117,0.327
1779988773351,2,Pitching Mound.Delivery,,Delivery,pitch.1,438903,5.6721,-9.2206,106.7227,-96.3277,113.61,22.1957,-0.1417,0.117
1779988773351,2,Pitching Mound.Drive,,Delivery,pitch.1,439480,-0.0776,-0.2981,1.9273,0.6901,-2.3674,-2.4673,0.0,0.0
1779988773351,2,Pitching Mound.Parent,,Delivery,pitch.1,438523,5.5946,-9.5188,108.6499,-95.6376,111.2426,19.7284,-0.1392,0.1149
1779988773352,2,11.0000004b,Drive,Delivery,pitch.1,439481,-0.0795,-0.3004,1.8677,0.7203,-2.3976,-2.4536,0.0,0.0
1779988773352,2,12.00000015,Lower Delivery,Delivery,pitch.1,439207,7.8673,-7.2601,96.2346,-151.814,112.4888,15.9881,-0.1556,-0.21
1779988773352,2,12.00000018,Upper Delivery,Delivery,pitch.1,440063,-2.2237,-2.032,10.1315,26.3715,0.916,9.7088,-0.012,0.327
1779988773352,2,Pitching Mound.Delivery,,Delivery,pitch.1,438904,5.6435,-9.2921,106.3661,-96.1675,113.4048,22.266,-0.1419,0.1164
1779988773352,2,Pitching Mound.Drive,,Delivery,pitch.1,439481,-0.0795,-0.3004,1.8677,0.7203,-2.3976,-2.4536,0.0,0.0
1779988773352,2,Pitching Mound.Parent,,Delivery,pitch.1,438524,5.564,-9.5925,108.2338,-95.4472,111.0072,19.8125,-0.1395,0.1144
1779988773353,2,11.0000004b,Drive,Delivery,pitch.1,439482,-0.0782,-0.3083,1.8502,0.7376,-2.4667,-2.4419,0.0,0.0
1779988773353,2,12.00000015,Lower Delivery,Delivery,pitch.1,439208,7.8625,-7.2956,96.1586,-151.6168,112.4105,15.9907,-0.1556,-0.2099
1779988773353,2,12.00000018,Upper Delivery,Delivery,pitch.1,440064,-2.2215,-2.0553,10.0103,26.3648,0.9389,9.7426,-0.0125,0.327
1779988773353,2,Pitching Mound.Delivery,,Delivery,pitch.1,438905,5.6411,-9.3509,106.1689,-95.9616,113.3493,22.3048,-0.1421,0.1166
1779988773353,2,Pitching Mound.Drive,,Delivery,pitch.1,439482,-0.0782,-0.3083,1.8502,0.7376,-2.4667,-2.4419,0.0,0.0
1779988773353,2,Pitching Mound.Parent,,Delivery,pitch.1,438525,5.5629,-9.6592,108.0191,-95.224,110.8827,19.8628,-0.1397,0.1146
1779988773354,2,11.0000004b,Drive,Delivery,pitch.1,439483,-0.0736,-0.3029,1.8573,0.7198,-2.4107,-2.3939,0.0,0.0
1779988773354,2,12.00000015,Lower Delivery,Delivery,pitch.1,439209,7.8461,-7.3414,95.8845,-151.0863,112.121,15.9911,-0.1557,-0.2098
1779988773354,2,12.00000018,Upper Delivery,Delivery,pitch.1,440065,-2.2541,-2.0729,10.1942,26.5657,1.0105,9.8345,-0.0132,0.327
1779988773354,2,Pitching Mound.Delivery,,Delivery,pitch.1,438906,5.592,-9.4143,106.0787,-95.3859,113.1315,22.3916,-0.142,0.1165
1779988773354,2,Pitching Mound.Drive,,Delivery,pitch.1,439483,-0.0736,-0.3029,1.8573,0.7198,-2.4107,-2.3939,0.0,0.0
1779988773354,2,Pitching Mound.Parent,,Delivery,pitch.1,438526,5.5184,-9.7172,107.936,-94.666,110.7209,19.9977,-0.1395,0.1145
1779988773355,2,11.0000004b,Drive,Delivery,pitch.1,439484,-0.0515,-0.2856,1.875,0.7542,-2.3934,-2.4211,0.0,0.0
1779988773355,2,12.00000015,Lower Delivery,Delivery,pitch.1,439210,7.8341,-7.3781,95.6085,-150.906,111.9635,15.9625,-0.1559,-0.2101
1779988773355,2,12.00000018,Upper Delivery,Delivery,pitch.1,440066,-2.2694,-2.0733,10.1839,26.6197,0.9244,9.8202,-0.0121,0.327
1779988773355,2,Pitching Mound.Delivery,,Delivery,pitch.1,438907,5.5647,-9.4515,105.7925,-95.2419,112.8878,22.3476,-0.1421,0.1161
1779988773355,2,Pitching Mound.Drive,,Delivery,pitch.1,439484,-0.0515,-0.2856,1.875,0.7542,-2.3934,-2.4211,0.0,0.0
1779988773355,2,Pitching Mound.Parent,,Delivery,pitch.1,438527,5.5132,-9.7371,107.6675,-94.4877,110.4945,19.9265,-0.1396,0.1141
1779988773356,2,11.0000004b,Drive,Delivery,pitch.1,439485,-0.0504,-0.3141,1.8604,0.7566,-2.4493,-2.3968,0.0,0.0
1779988773356,2,12.00000015,Lower Delivery,Delivery,pitch.1,439211,7.7992,-7.4131,95.4586,-150.0854,111.6398,15.9421,-0.1557,-0.2093
1779988773356,2,12.00000018,Upper Delivery,Delivery,pitch.1,440067,-2.2791,-2.0996,10.1347,26.5964,1.0203,9.8715,-0.0134,0.327
1779988773356,2,Pitching Mound.Delivery,,Delivery,pitch.1,438908,5.5201,-9.5127,105.5933,-94.4789,112.6602,22.387,-0.142,0.1169
1779988773356,2,Pitching Mound.Drive,,Delivery,pitch.1,439485,-0.0504,-0.3141,1.8604,0.7566,-2.4493,-2.3968,0.0,0.0
1779988773356,2,Pitching Mound.Parent,,Delivery,pitch.1,438528,5.4697,-9.8268,107.4537,-93.7223,110.2109,19.9902,-0.1396,0.1149
1779988773357,2,11.0000004b,Drive,Delivery,pitch.1,439486,-0.0693,-0.3017,1.8817,0.7216,-2.3006,-2.3831,0.0,0.0
1779988773357,2,12.00000015,Lower Delivery,Delivery,pitch.1,439212,7.7695,-7.4778,95.5574,-150.3445,111.5572,15.9024,-0.1554,-0.2095
1779988773357,2,12.00000018,Upper Delivery,Delivery,pitch.1,440068,-2.3028,-2.1119,10.0775,26.5792,0.8474,9.8796,-0.0112,0.327
1779988773357,2,Pitching Mound.Delivery,,Delivery,pitch.1,438909,5.4667,-9.5896,105.6349,-94.7022,112.4046,22.3574,-0.1417,0.1169
1779988773357,2,Pitching Mound.Drive,,Delivery,pitch.1,439486,-0.0693,-0.3017,1.8817,0.7216,-2.3006,-2.3831,0.0,0.0
1779988773357,2,Pitching Mound.Parent,,Delivery,pitch.1,438529,5.3974,-9.8913,107.5166,-93.9806,110.104,19.9742,-0.1392,0.1148
1779988773358,2,11.0000004b,Drive,Delivery,pitch.1,439487,-0.063,-0.3045,1.8815,0.6992,-2.3471,-2.3465,0.0,0.0
1779988773358,2,12.00000015,Lower Delivery,Delivery,pitch.1,439213,7.7338,-7.4987,95.3449,-150.0102,111.3039,15.8713,-0.1554,-0.2095
1779988773358,2,12.00000018,Upper Delivery,Delivery,pitch.1,440069,-2.3156,-2.1263,10.0546,26.3946,0.828,9.9612,-0.011,0.327
1779988773358,2,Pitching Mound.Delivery,,Delivery,pitch.1,438910,5.4182,-9.6249,105.3995,-94.6169,112.1319,22.4157,-0.1416,0.1169
1779988773358,2,Pitching Mound.Drive,,Delivery,pitch.1,439487,-0.063,-0.3045,1.8815,0.6992,-2.3471,-2.3465,0.0,0.0
1779988773358,2,Pitching Mound.Parent,,Delivery,pitch.1,438530,5.3551,-9.9294,107.281,-93.9177,109.7848,20.0692,-0.1391,0.1148
1779988773359,2,11.0000004b,Drive,Delivery,pitch.1,439488,-0.0439,-0.2927,1.8548,0.6806,-2.2962,-2.357,0.0,0.0
1779988773359,2,12.00000015,Lower Delivery,Delivery,pitch.1,439214,7.737,-7.5156,95.2149,-149.8184,111.3031,15.8188,-0.1556,-0.2095
1779988773359,2,12.00000018,Upper Delivery,Delivery,pitch.1,440070,-2.318,-2.1208,9.8224,26.16,0.704,9.9866,-0.0095,0.327
1779988773359,2,Pitching Mound.Delivery,,Delivery,pitch.1,438911,5.4189,-9.6364,105.0373,-94.625,112.0071,22.3867,-0.142,0.1171
1779988773359,2,Pitching Mound.Drive,,Delivery,pitch.1,439488,-0.0439,-0.2927,1.8548,0.6806,-2.2962,-2.357,0.0,0.0
1779988773359,2,Pitching Mound.Parent,,Delivery,pitch.1,438531,5.375,-9.929,106.8921,-93.9444,109.7109,20.0298,-0.1395,0.1151
1779988773360,2,11.0000004b,Drive,Delivery,pitch.1,439489,-0.0407,-0.2943,1.8791,0.7032,-2.2994,-2.3363,0.0,0.0
1779988773360,2,12.00000015,Lower Delivery,Delivery,pitch.1,439215,7.727,-7.5391,95.0329,-149.8407,111.1534,15.8147,-0.1557,-0.2099
1779988773360,2,12.00000018,Upper Delivery,Delivery,pitch.1,440071,-2.3141,-2.101,10.0547,26.354,0.8005,10.0311,-0.0106,0.327
1779988773360,2,Pitching Mound.Delivery,,Delivery,pitch.1,438912,5.4129,-9.6402,105.0877,-94.5942,111.9539,22.4318,-0.1418,0.1164
1779988773360,2,Pitching Mound.Drive,,Delivery,pitch.1,439489,-0.0407,-0.2943,1.8791,0.7032,-2.2994,-2.3363,0.0,0.0
1779988773360,2,Pitching Mound.Parent,,Delivery,pitch.1,438532,5.3722,-9.9345,106.9667,-93.8909,109.6545,20.0955,-0.1393,0.1144
1779988773361,2,11.0000004b,Drive,Delivery,pitch.1,439490,-0.0437,-0.2793,1.9217,0.6606,-2.2107,-2.3223,0.0,0.0
1779988773361,2,12.00000015,Lower Delivery,Delivery,pitch.1,439216,7.6755,-7.5718,94.783,-149.9342,110.922,15.7467,-0.1558,-0.2106
1779988773361,2,Pitching Mound.Drive,,Delivery,pitch.1,439490,-0.0437,-0.2793,1.9217,0.6606,-2.2107,-2.3223,0.0,0.0
1779988773362,2,11.0000004b,Drive,Delivery,pitch.1,439491,-0.041,-0.2944,1.9545,0.6646,-2.3575,-2.3374,0.0,0.0
1779988773362,2,12.00000015,Lower Delivery,Delivery,pitch.1,439217,7.6522,-7.589,94.7918,-149.9037,110.7616,15.719,-0.1556,-0.2105
1779988773362,2,12.00000018,Upper Delivery,Delivery,pitch.1,440072,-2.3412,-2.1354,10.2176,26.5002,0.7975,10.0239,-0.0104,0.327
1779988773362,2,12.00000018,Upper Delivery,Delivery,pitch.1,440073,-2.3476,-2.1394,10.3676,26.4987,0.8393,10.0177,-0.0108,0.327
1779988773362,2,Pitching Mound.Delivery,,Delivery,pitch.1,438913,5.3343,-9.7071,105.0006,-94.6818,111.7195,22.365,-0.1416,0.1156
1779988773362,2,Pitching Mound.Delivery,,Delivery,pitch.1,438914,5.3046,-9.7284,105.1594,-94.7007,111.6009,22.3367,-0.1413,0.1154
1779988773362,2,Pitching Mound.Drive,,Delivery,pitch.1,439491,-0.041,-0.2944,1.9545,0.6646,-2.3575,-2.3374,0.0,0.0
1779988773362,2,Pitching Mound.Parent,,Delivery,pitch.1,438533,5.2905,-9.9865,106.9223,-94.0212,109.5088,20.0427,-0.1391,0.1135
1779988773362,2,Pitching Mound.Parent,,Delivery,pitch.1,438534,5.2636,-10.0228,107.1139,-94.0361,109.2434,19.9993,-0.1387,0.1133
1779988773363,2,11.0000004b,Drive,Delivery,pitch.1,439492,-0.0405,-0.2829,1.9891,0.6443,-2.2624,-2.3475,0.0,0.0
1779988773363,2,12.00000015,Lower Delivery,Delivery,pitch.1,439218,7.6606,-7.619,94.6717,-150.1326,110.7032,15.6769,-0.1557,-0.2111
1779988773363,2,12.00000018,Upper Delivery,Delivery,pitch.1,440074,-2.3546,-2.1033,10.2727,26.4837,0.6883,10.0842,-0.0089,0.327
1779988773363,2,Pitching Mound.Delivery,,Delivery,pitch.1,438915,5.3061,-9.7223,104.9444,-94.9532,111.3914,22.3559,-0.1413,0.115
1779988773363,2,Pitching Mound.Drive,,Delivery,pitch.1,439492,-0.0405,-0.2829,1.9891,0.6443,-2.2624,-2.3475,0.0,0.0
1779988773363,2,Pitching Mound.Parent,,Delivery,pitch.1,438535,5.2656,-10.0052,106.9335,-94.3089,109.129,20.0084,-0.1387,0.1129
1779988773364,2,11.0000004b,Drive,Delivery,pitch.1,439493,-0.0457,-0.2742,2.0094,0.6428,-2.1737,-2.3011,0.0,0.0
1779988773364,2,12.00000015,Lower Delivery,Delivery,pitch.1,439219,7.6306,-7.6459,94.5955,-150.3727,110.7108,15.6668,-0.1558,-0.2116
1779988773364,2,12.00000018,Upper Delivery,Delivery,pitch.1,440075,-2.3625,-2.1057,10.3605,26.3716,0.7206,10.0623,-0.0093,0.327
1779988773364,2,Pitching Mound.Delivery,,Delivery,pitch.1,438916,5.2681,-9.7516,104.956,-95.3611,111.4314,22.3314,-0.1413,0.1144
1779988773364,2,Pitching Mound.Drive,,Delivery,pitch.1,439493,-0.0457,-0.2742,2.0094,0.6428,-2.1737,-2.3011,0.0,0.0
1779988773364,2,Pitching Mound.Parent,,Delivery,pitch.1,438536,5.2224,-10.0259,106.9654,-94.7183,109.2576,20.0302,-0.1387,0.1123
1779988773365,2,11.0000004b,Drive,Delivery,pitch.1,439494,-0.0198,-0.295,1.965,0.6851,-2.3252,-2.3176,0.0,0.0
1779988773365,2,12.00000015,Lower Delivery,Delivery,pitch.1,439220,7.6157,-7.6521,94.4358,-150.5422,110.4187,15.6448,-0.1557,-0.2122
1779988773365,2,12.00000018,Upper Delivery,Delivery,pitch.1,440076,-2.381,-2.1377,10.4563,26.4876,0.7078,10.0201,-0.009,0.327
1779988773365,2,Pitching Mound.Delivery,,Delivery,pitch.1,438917,5.2347,-9.7898,104.8921,-95.5016,111.1265,22.266,-0.141,0.1137
1779988773365,2,Pitching Mound.Drive,,Delivery,pitch.1,439494,-0.0198,-0.295,1.965,0.6851,-2.3252,-2.3176,0.0,0.0
1779988773365,2,Pitching Mound.Parent,,Delivery,pitch.1,438537,5.2148,-10.0847,106.8571,-94.8165,108.8013,19.9484,-0.1384,0.1117
1779988773366,2,11.0000004b,Drive,Delivery,pitch.1,439495,-0.0314,-0.3287,2.0001,0.6902,-2.5414,-2.3257,0.0,0.0
1779988773366,2,12.00000015,Lower Delivery,Delivery,pitch.1,439221,7.6088,-7.6743,94.3389,-150.4647,110.3495,15.6397,-0.1557,-0.2123
1779988773366,2,12.00000018,Upper Delivery,Delivery,pitch.1,440077,-2.4057,-2.1366,10.6132,26.5327,0.6937,10.0117,-0.0087,0.327
1779988773366,2,Pitching Mound.Delivery,,Delivery,pitch.1,438918,5.2031,-9.8109,104.9521,-95.4653,111.0432,22.2465,-0.1409,0.1134
1779988773366,2,Pitching Mound.Drive,,Delivery,pitch.1,439495,-0.0314,-0.3287,2.0001,0.6902,-2.5414,-2.3257,0.0,0.0
1779988773366,2,Pitching Mound.Parent,,Delivery,pitch.1,438538,5.1717,-10.1396,106.9522,-94.7751,108.5017,19.9208,-0.1382,0.1113
1779988773367,2,11.0000004b,Drive,Delivery,pitch.1,439496,-0.0396,-0.3161,2.0527,0.7066,-2.5784,-2.3406,0.0,0.0
1779988773367,2,12.00000015,Lower Delivery,Delivery,pitch.1,439222,7.6215,-7.6963,94.5737,-150.4892,110.3238,15.6305,-0.1553,-0.2118
1779988773367,2,12.00000018,Upper Delivery,Delivery,pitch.1,440078,-2.3824,-2.1542,10.744,26.8632,0.8263,10.049,-0.0102,0.327
1779988773367,2,Pitching Mound.Delivery,,Delivery,pitch.1,438919,5.2391,-9.8505,105.3176,-95.1238,111.15,22.2782,-0.1405,0.1138
1779988773367,2,Pitching Mound.Drive,,Delivery,pitch.1,439496,-0.0396,-0.3161,2.0527,0.7066,-2.5784,-2.3406,0.0,0.0
1779988773367,2,Pitching Mound.Parent,,Delivery,pitch.1,438539,5.1996,-10.1666,107.3703,-94.4172,108.5716,19.9377,-0.1378,0.1116
1779988773368,2,11.0000004b,Drive,Delivery,pitch.1,439497,-0.0374,-0.3158,1.9845,0.7228,-2.4934,-2.3268,0.0,0.0
1779988773368,2,12.00000015,Lower Delivery,Delivery,pitch.1,439223,7.5981,-7.703,94.21,-150.229,110.0585,15.5818,-0.1555,-0.2123
1779988773368,2,12.00000018,Upper Delivery,Delivery,pitch.1,440079,-2.375,-2.1442,10.6631,26.9408,0.7729,10.0424,-0.0096,0.327
1779988773368,2,Pitching Mound.Delivery,,Delivery,pitch.1,438920,5.2232,-9.8472,104.8731,-94.8822,110.8314,22.2333,-0.1407,0.1134
1779988773368,2,Pitching Mound.Drive,,Delivery,pitch.1,439497,-0.0374,-0.3158,1.9845,0.7228,-2.4934,-2.3268,0.0,0.0
1779988773368,2,Pitching Mound.Parent,,Delivery,pitch.1,438540,5.1857,-10.163,106.8576,-94.1594,108.3379,19.9064,-0.1381,0.1113
1779988773369,2,11.0000004b,Drive,Delivery,pitch.1,439498,-0.0725,-0.326,2.088,0.6914,-2.5163,-2.3358,0.0,0.0
1779988773369,2,12.00000015,Lower Delivery,Delivery,pitch.1,439224,7.5767,-7.7319,94.2417,-150.359,109.9922,15.5848,-0.1554,-0.2124
1779988773369,2,12.00000018,Upper Delivery,Delivery,pitch.1,440080,-2.3829,-2.1372,10.5709,27.0725,0.8562,10.0379,-0.0108,0.327
1779988773369,2,Pitching Mound.Delivery,,Delivery,pitch.1,438921,5.1938,-9.8691,104.8126,-94.8384,110.8484,22.2365,-0.1408,0.1134
1779988773369,2,Pitching Mound.Drive,,Delivery,pitch.1,439498,-0.0725,-0.326,2.088,0.6914,-2.5163,-2.3358,0.0,0.0
1779988773369,2,Pitching Mound.Parent,,Delivery,pitch.1,438541,5.1212,-10.1951,106.9006,-94.1469,108.3321,19.9007,-0.138,0.1112
1779988773370,2,11.0000004b,Drive,Delivery,pitch.1,439499,-0.0865,-0.3388,1.9889,0.7211,-2.5231,-2.3452,0.0,0.0
1779988773370,2,12.00000015,Lower Delivery,Delivery,pitch.1,439225,7.5861,-7.7539,94.2011,-149.9253,109.8664,15.5429,-0.1553,-0.2119
1779988773370,2,12.00000018,Upper Delivery,Delivery,pitch.1,440081,-2.4133,-2.1627,10.7315,27.3581,0.8483,10.0007,-0.0105,0.327
1779988773370,2,Pitching Mound.Delivery,,Delivery,pitch.1,438922,5.1729,-9.9166,104.9326,-94.1875,110.7147,22.1437,-0.1405,0.1137
1779988773370,2,Pitching Mound.Drive,,Delivery,pitch.1,439499,-0.0865,-0.3388,1.9889,0.7211,-2.5231,-2.3452,0.0,0.0
1779988773370,2,Pitching Mound.Parent,,Delivery,pitch.1,438542,5.0864,-10.2554,106.9216,-93.4665,108.1915,19.7985,-0.1379,0.1116
1779988773371,2,11.0000004b,Drive,Delivery,pitch.1,439500,-0.0913,-0.3561,1.9294,0.7278,-2.6083,-2.3549,0.0,0.0
1779988773371,2,12.00000015,Lower Delivery,Delivery,pitch.1,439226,7.5695,-7.7623,94.0137,-149.7752,109.6126,15.5266,-0.1552,-0.2121
1779988773371,2,12.00000018,Upper Delivery,Delivery,pitch.1,440082,-2.3561,-2.1573,10.8913,27.5519,1.0111,10.0168,-0.0124,0.327
1779988773371,2,Pitching Mound.Delivery,,Delivery,pitch.1,438923,5.2134,-9.9196,104.905,-93.9616,110.6237,22.1687,-0.1404,0.1133
1779988773371,2,Pitching Mound.Drive,,Delivery,pitch.1,439500,-0.0913,-0.3561,1.9294,0.7278,-2.6083,-2.3549,0.0,0.0
1779988773371,2,Pitching Mound.Parent,,Delivery,pitch.1,438543,5.1222,-10.2757,106.8344,-93.2338,108.0154,19.8137,-0.1378,0.1112
1779988773372,2,11.0000004b,Drive,Delivery,pitch.1,439501,-0.0983,-0.3264,1.9191,0.7329,-2.4832,-2.3393,0.0,0.0
1779988773372,2,12.00000015,Lower Delivery,Delivery,pitch.1,439227,7.5633,-7.7695,94.3125,-149.778,109.6971,15.529,-0.1548,-0.2114
1779988773372,2,12.00000018,Upper Delivery,Delivery,pitch.1,440083,-2.336,-2.1386,10.7295,27.3529,1.059,10.0019,-0.0131,0.327
1779988773372,2,Pitching Mound.Delivery,,Delivery,pitch.1,438924,5.2273,-9.9081,105.042,-94.0069,110.7561,22.1651,-0.1404,0.1141
1779988773372,2,Pitching Mound.Drive,,Delivery,pitch.1,439501,-0.0983,-0.3264,1.9191,0.7329,-2.4832,-2.3393,0.0,0.0
1779988773372,2,Pitching Mound.Parent,,Delivery,pitch.1,438544,5.129,-10.2345,106.961,-93.2739,108.2729,19.8258,-0.1379,0.1121
1779988773373,2,11.0000004b,Drive,Delivery,pitch.1,439502,-0.0884,-0.3054,1.86,0.7115,-2.3912,-2.3153,0.0,0.0
1779988773373,2,12.00000015,Lower Delivery,Delivery,pitch.1,439228,7.5493,-7.7787,94.0395,-149.6664,109.6531,15.5488,-0.1552,-0.2119
1779988773373,2,12.00000018,Upper Delivery,Delivery,pitch.1,440084,-2.3245,-2.136,10.6574,27.27,0.8833,10.0177,-0.011,0.327
1779988773373,2,Pitching Mound.Delivery,,Delivery,pitch.1,438925,5.2248,-9.9147,104.6969,-94.0466,110.5364,22.2094,-0.1406,0.1138
1779988773373,2,Pitching Mound.Drive,,Delivery,pitch.1,439502,-0.0884,-0.3054,1.86,0.7115,-2.3912,-2.3153,0.0,0.0
1779988773373,2,Pitching Mound.Parent,,Delivery,pitch.1,438545,5.1365,-10.2202,106.5569,-93.335,108.1453,19.8941,-0.1381,0.1118
1779988773374,2,11.0000004b,Drive,Delivery,pitch.1,439503,-0.0882,-0.2988,1.8889,0.6898,-2.3,-2.3118,0.0,0.0
1779988773374,2,12.00000015,Lower Delivery,Delivery,pitch.1,439229,7.5438,-7.7741,93.7509,-149.3807,109.6341,15.5756,-0.1557,-0.2121
1779988773374,2,12.00000018,Upper Delivery,Delivery,pitch.1,440085,-2.2982,-2.1272,10.9046,27.4404,0.9153,9.9973,-0.0112,0.327
1779988773374,2,Pitching Mound.Delivery,,Delivery,pitch.1,438926,5.2456,-9.9013,104.6555,-93.7726,110.5494,22.2266,-0.1406,0.1132
1779988773374,2,Pitching Mound.Drive,,Delivery,pitch.1,439503,-0.0882,-0.2988,1.8889,0.6898,-2.3,-2.3118,0.0,0.0
1779988773374,2,Pitching Mound.Parent,,Delivery,pitch.1,438546,5.1574,-10.2001,106.5444,-93.0828,108.2495,19.9149,-0.1381,0.1112
1779988773375,2,11.0000004b,Drive,Delivery,pitch.1,439504,-0.0972,-0.2719,1.8869,0.6765,-2.362,-2.3145,0.0,0.0
1779988773375,2,12.00000015,Lower Delivery,Delivery,pitch.1,439230,7.5107,-7.7896,93.7237,-149.2335,109.4935,15.5565,-0.1555,-0.212
1779988773375,2,12.00000018,Upper Delivery,Delivery,pitch.1,440086,-2.2814,-2.098,10.7213,27.3744,0.8565,10.0264,-0.0106,0.327
1779988773375,2,Pitching Mound.Delivery,,Delivery,pitch.1,438927,5.2293,-9.8876,104.4451,-93.6383,110.35,22.2535,-0.1407,0.1136
1779988773375,2,Pitching Mound.Drive,,Delivery,pitch.1,439504,-0.0972,-0.2719,1.8869,0.6765,-2.362,-2.3145,0.0,0.0
1779988773375,2,Pitching Mound.Parent,,Delivery,pitch.1,438547,5.1321,-10.1595,106.3319,-92.9619,107.988,19.9391,-0.1382,0.1115
1779988773376,2,11.0000004b,Drive,Delivery,pitch.1,439505,-0.0996,-0.2649,1.8743,0.6648,-2.2954,-2.3187,0.0,0.0
1779988773376,2,12.00000015,Lower Delivery,Delivery,pitch.1,439231,7.5193,-7.7982,93.8364,-149.255,109.6708,15.5751,-0.1556,-0.2118
1779988773376,2,12.00000018,Upper Delivery,Delivery,pitch.1,440087,-2.2853,-2.0753,10.8087,27.3147,0.7224,9.9984,-0.0089,0.327
1779988773376,2,Pitching Mound.Delivery,,Delivery,pitch.1,438928,5.234,-9.8735,104.6451,-93.7109,110.3932,22.24,-0.1404,0.1137
1779988773376,2,Pitching Mound.Drive,,Delivery,pitch.1,439505,-0.0996,-0.2649,1.8743,0.6648,-2.2954,-2.3187,0.0,0.0
1779988773376,2,Pitching Mound.Parent,,Delivery,pitch.1,438548,5.1344,-10.1383,106.5194,-93.046,108.0978,19.9213,-0.138,0.1117
1779988773377,2,11.0000004b,Drive,Delivery,pitch.1,439506,-0.0996,-0.2482,1.8554,0.6414,-2.1146,-2.3234,0.0,0.0
1779988773377,2,12.00000015,Lower Delivery,Delivery,pitch.1,439232,7.4927,-7.8184,93.8018,-149.1107,109.7551,15.5994,-0.1558,-0.2116
1779988773377,2,12.00000018,Upper Delivery,Delivery,pitch.1,440088,-2.278,-2.0828,10.5833,27.2269,0.5937,9.9815,-0.0075,0.327
1779988773377,2,Pitching Mound.Delivery,,Delivery,pitch.1,438929,5.2147,-9.9013,104.3851,-93.5894,110.3489,22.2588,-0.1407,0.114
1779988773377,2,Pitching Mound.Drive,,Delivery,pitch.1,439506,-0.0996,-0.2482,1.8554,0.6414,-2.1146,-2.3234,0.0,0.0
1779988773377,2,Pitching Mound.Parent,,Delivery,pitch.1,438549,5.1151,-10.1495,106.2404,-92.948,108.2343,19.9354,-0.1383,0.1121
1779988773378,2,11.0000004b,Drive,Delivery,pitch.1,439507,-0.0909,-0.2587,1.9005,0.6531,-2.2262,-2.3479,0.0,0.0
1779988773378,2,12.00000015,Lower Delivery,Delivery,pitch.1,439233,7.4732,-7.813,93.6467,-149.0269,109.7205,15.6322,-0.156,-0.2119
1779988773378,2,12.00000018,Upper Delivery,Delivery,pitch.1,440089,-2.2943,-2.0703,10.5518,27.1334,0.5026,9.9315,-0.0063,0.327
1779988773378,2,Pitching Mound.Delivery,,Delivery,pitch.1,438930,5.1788,-9.8833,104.1985,-93.6412,110.2231,22.2427,-0.1408,0.1139
1779988773378,2,Pitching Mound.Drive,,Delivery,pitch.1,439507,-0.0909,-0.2587,1.9005,0.6531,-2.2262,-2.3479,0.0,0.0
1779988773378,2,Pitching Mound.Parent,,Delivery,pitch.1,438550,5.0879,-10.142,106.099,-92.9881,107.9969,19.8948,-0.1383,0.1118
1779988773379,2,11.0000004b,Drive,Delivery,pitch.1,439508,-0.0847,-0.2373,1.8907,0.6367,-2.2872,-2.3376,0.0,0.0
1779988773379,2,12.00000015,Lower Delivery,Delivery,pitch.1,439234,7.4723,-7.8368,93.6978,-149.1711,109.8917,15.6619,-0.1561,-0.2119
1779988773379,2,12.00000018,Upper Delivery,Delivery,pitch.1,440090,-2.2912,-2.0785,10.474,27.0716,0.4621,9.9337,-0.0059,0.327
1779988773379,2,Pitching Mound.Delivery,,Delivery,pitch.1,438931,5.1811,-9.9152,104.1717,-93.8034,110.3538,22.276,-0.141,0.1139
1779988773379,2,Pitching Mound.Drive,,Delivery,pitch.1,439508,-0.0847,-0.2373,1.8907,0.6367,-2.2872,-2.3376,0.0,0.0
1779988773379,2,Pitching Mound.Parent,,Delivery,pitch.1,438551,5.0963,-10.1526,106.0624,-93.1667,108.0666,19.9384,-0.1385,0.1118
1779988773380,2,11.0000004b,Drive,Delivery,pitch.1,439509,-0.063,-0.2432,1.8156,0.6555,-2.2841,-2.3605,0.0,0.0
1779988773380,2,12.00000015,Lower Delivery,Delivery,pitch.1,439235,7.4655,-7.8511,93.5712,-149.1553,109.8709,15.6694,-0.1563,-0.2122
1779988773380,2,12.00000018,Upper Delivery,Delivery,pitch.1,440091,-2.2945,-2.1029,10.501,27.2572,0.3862,9.8778,-0.0049,0.327
1779988773380,2,Pitching Mound.Delivery,,Delivery,pitch.1,438932,5.171,-9.954,104.0722,-93.6542,110.2571,22.2288,-0.141,0.1136
1779988773380,2,Pitching Mound.Drive,,Delivery,pitch.1,439509,-0.063,-0.2432,1.8156,0.6555,-2.2841,-2.3605,0.0,0.0
1779988773380,2,Pitching Mound.Parent,,Delivery,pitch.1,438552,5.108,-10.1972,105.8878,-92.9987,107.973,19.8683,-0.1386,0.1116
1779988773381,2,11.0000004b,Drive,Delivery,pitch.1,439510,-0.0609,-0.2417,1.8073,0.6465,-2.472,-2.3361,0.0,0.0
1779988773381,2,12.00000015,Lower Delivery,Delivery,pitch.1,439236,7.494,-7.8713,93.5814,-149.4312,109.7624,15.7031,-0.1561,-0.2126
1779988773381,2,12.00000018,Upper Delivery,Delivery,pitch.1,440092,-2.3058,-2.1289,10.4386,27.1652,0.3653,9.8629,-0.0047,0.327
1779988773381,2,Pitching Mound.Delivery,,Delivery,pitch.1,438933,5.1881,-10.0002,104.0201,-93.9974,110.1276,22.2341,-0.1409,0.1133
1779988773381,2,Pitching Mound.Drive,,Delivery,pitch.1,439510,-0.0609,-0.2417,1.8073,0.6465,-2.472,-2.3361,0.0,0.0
1779988773381,2,Pitching Mound.Parent,,Delivery,pitch.1,438553,5.1272,-10.2419,105.8274,-93.3509,107.6556,19.898,-0.1385,0.1114
1779988773382,2,11.0000004b,Drive,Delivery,pitch.1,439511,-0.0732,-0.2519,1.9,0.6417,-2.5073,-2.3894,0.0,0.0
1779988773382,2,12.00000015,Lower Delivery,Delivery,pitch.1,439237,7.4958,-7.8997,93.691,-149.5249,109.7682,15.7439,-0.156,-0.2125
1779988773382,2,12.00000018,Upper Delivery,Delivery,pitch.1,440093,-2.3232,-2.1357,10.1243,26.8761,0.1292,9.8351,-0.0017,0.327
1779988773382,2,Pitching Mound.Delivery,,Delivery,pitch.1,438934,5.1726,-10.0354,103.8152,-94.2361,109.8974,22.2406,-0.1409,0.1138
1779988773382,2,Pitching Mound.Drive,,Delivery,pitch.1,439511,-0.0732,-0.2519,1.9,0.6417,-2.5073,-2.3894,0.0,0.0
1779988773382,2,Pitching Mound.Parent,,Delivery,pitch.1,438554,5.0994,-10.2873,105.7152,-93.5943,107.3901,19.8512,-0.1384,0.1118
1779988773383,2,11.0000004b,Drive,Delivery,pitch.1,439512,-0.0712,-0.2495,1.9153,0.6579,-2.6047,-2.395,0.0,0.0
1779988773383,2,12.00000015,Lower Delivery,Delivery,pitch.1,439238,7.5254,-7.9209,93.602,-149.5042,109.5698,15.7606,-0.1558,-0.2126
1779988773383,2,12.00000018,Upper Delivery,Delivery,pitch.1,440094,-2.3485,-2.1594,10.3968,27.1957,0.3195,9.8234,-0.0041,0.327
1779988773383,2,Pitching Mound.Delivery,,Delivery,pitch.1,438935,5.177,-10.0803,103.9988,-94.0187,109.8892,22.2269,-0.1407,0.1133
1779988773383,2,Pitching Mound.Drive,,Delivery,pitch.1,439512,-0.0712,-0.2495,1.9153,0.6579,-2.6047,-2.395,0.0,0.0
1779988773383,2,Pitching Mound.Parent,,Delivery,pitch.1,438555,5.1058,-10.3298,105.914,-93.3607,107.2846,19.8319,-0.1381,0.1113
1779988773384,2,11.0000004b,Drive,Delivery,pitch.1,439513,-0.0709,-0.2638,1.9886,0.6767,-2.7932,-2.4279,0.0,0.0
1779988773384,2,12.00000015,Lower Delivery,Delivery,pitch.1,439239,7.5287,-7.9654,93.5417,-149.2514,109.2967,15.7464,-0.1555,-0.2124
1779988773384,2,12.00000018,Upper Delivery,Delivery,pitch.1,440095,-2.3207,-2.2058,10.4787,27.5043,0.4865,9.8184,-0.0062,0.327
1779988773384,2,Pitching Mound.Delivery,,Delivery,pitch.1,438936,5.208,-10.1712,104.0204,-93.5057,109.7832,22.216,-0.1405,0.1134
1779988773384,2,Pitching Mound.Drive,,Delivery,pitch.1,439513,-0.0709,-0.2638,1.9886,0.6767,-2.7932,-2.4279,0.0,0.0
1779988773384,2,Pitching Mound.Parent,,Delivery,pitch.1,438556,5.1371,-10.435,106.0089,-92.829,106.99,19.7881,-0.1379,0.1113
1779988773385,2,11.0000004b,Drive,Delivery,pitch.1,439514,-0.0636,-0.2784,1.8703,0.69,-2.9743,-2.4259,0.0,0.0
1779988773385,2,12.00000015,Lower Delivery,Delivery,pitch.1,439240,7.5413,-8.0108,93.5636,-149.6229,109.225,15.7948,-0.1554,-0.2129
1779988773385,2,12.00000018,Upper Delivery,Delivery,pitch.1,440096,-2.3162,-2.2288,10.6804,27.7654,0.7038,9.8428,-0.0088,0.327
1779988773385,2,Pitching Mound.Delivery,,Delivery,pitch.1,438937,5.2251,-10.2397,104.244,-93.6772,109.9288,22.2861,-0.1404,0.1128
1779988773385,2,Pitching Mound.Drive,,Delivery,pitch.1,439514,-0.0636,-0.2784,1.8703,0.69,-2.9743,-2.4259,0.0,0.0
1779988773385,2,Pitching Mound.Parent,,Delivery,pitch.1,438557,5.1616,-10.5181,106.1144,-92.9872,106.9545,19.8602,-0.1379,0.1108
1779988773386,2,11.0000004b,Drive,Delivery,pitch.1,439515,-0.0832,-0.304,1.9568,0.6857,-2.8703,-2.4333,0.0,0.0
1779988773386,2,12.00000015,Lower Delivery,Delivery,pitch.1,439241,7.5724,-8.0347,93.4984,-149.5987,109.2361,15.8145,-0.1555,-0.213
1779988773386,2,12.00000018,Upper Delivery,Delivery,pitch.1,440097,-2.3266,-2.2744,10.5731,27.6766,0.6752,9.8027,-0.0085,0.327
1779988773386,2,Pitching Mound.Delivery,,Delivery,pitch.1,438938,5.2458,-10.3091,104.0715,-93.7276,109.9113,22.2516,-0.1406,0.1128
1779988773386,2,Pitching Mound.Drive,,Delivery,pitch.1,439515,-0.0832,-0.304,1.9568,0.6857,-2.8703,-2.4333,0.0,0.0
1779988773386,2,Pitching Mound.Parent,,Delivery,pitch.1,438558,5.1626,-10.6131,106.0283,-93.0419,107.041,19.8183,-0.138,0.1107
1779988773387,2,11.0000004b,Drive,Delivery,pitch.1,439516,-0.0765,-0.3119,1.9541,0.6875,-2.9148,-2.3988,0.0,0.0
1779988773387,2,12.00000015,Lower Delivery,Delivery,pitch.1,439242,7.567,-8.0782,93.5467,-149.9061,109.1446,15.8712,-0.1553,-0.2133
1779988773387,2,12.00000018,Upper Delivery,Delivery,pitch.1,440098,-2.3407,-2.2731,10.8991,27.9852,0.8158,9.8088,-0.01,0.327
1779988773387,2,Pitching Mound.Delivery,,Delivery,pitch.1,438939,5.2263,-10.3513,104.4458,-93.8208,109.9604,22.3114,-0.1402,0.1121
1779988773387,2,Pitching Mound.Drive,,Delivery,pitch.1,439516,-0.0765,-0.3119,1.9541,0.6875,-2.9148,-2.3988,0.0,0.0
1779988773387,2,Pitching Mound.Parent,,Delivery,pitch.1,438559,5.1498,-10.6632,106.4,-93.1332,107.0456,19.9126,-0.1376,0.11
1779988773388,2,11.0000004b,Drive,Delivery,pitch.1,439517,-0.0627,-0.328,1.8918,0.718,-2.9443,-2.4348,0.0,0.0
1779988773388,2,12.00000015,Lower Delivery,Delivery,pitch.1,439243,7.5686,-8.1368,93.5957,-149.9387,109.0755,15.8997,-0.1551,-0.2133
1779988773388,2,12.00000018,Upper Delivery,Delivery,pitch.1,440099,-2.3188,-2.298,10.8579,27.967,0.8688,9.8445,-0.0107,0.327
1779988773388,2,Pitching Mound.Delivery,,Delivery,pitch.1,438940,5.2498,-10.4349,104.4536,-93.8409,109.9442,22.3825,-0.1401,0.1122
1779988773388,2,Pitching Mound.Drive,,Delivery,pitch.1,439517,-0.0627,-0.328,1.8918,0.718,-2.9443,-2.4348,0.0,0.0
1779988773388,2,Pitching Mound.Parent,,Delivery,pitch.1,438560,5.1871,-10.7628,106.3454,-93.1229,106.9999,19.9478,-0.1376,0.1102
1779988773389,2,11.0000004b,Drive,Delivery,pitch.1,439518,-0.0692,-0.2987,2.0114,0.7217,-3.0441,-2.4094,0.0,0.0
1779988773389,2,12.00000015,Lower Delivery,Delivery,pitch.1,439244,7.5568,-8.2024,93.7163,-150.0418,109.0263,15.9696,-0.1549,-0.2131
1779988773389,2,12.00000018,Upper Delivery,Delivery,pitch.1,440100,-2.3053,-2.2946,11.0142,28.316,0.9723,9.8524,-0.0118,0.327
1779988773389,2,Pitching Mound.Delivery,,Delivery,pitch.1,438941,5.2515,-10.4969,104.7305,-93.6071,109.9986,22.4689,-0.1398,0.1122
1779988773389,2,Pitching Mound.Drive,,Delivery,pitch.1,439518,-0.0692,-0.2987,2.0114,0.7217,-3.0441,-2.4094,0.0,0.0
1779988773389,2,Pitching Mound.Parent,,Delivery,pitch.1,438561,5.1823,-10.7957,106.7419,-92.8854,106.9546,20.0595,-0.1372,0.11
1779988773390,2,11.0000004b,Drive,Delivery,pitch.1,439519,-0.0693,-0.3338,1.9479,0.7572,-3.0803,-2.4317,0.0,0.0
1779988773390,2,12.00000015,Lower Delivery,Delivery,pitch.1,439245,7.5768,-8.247,93.7183,-149.9494,108.9294,16.0785,-0.1547,-0.213
1779988773390,2,12.00000018,Upper Delivery,Delivery,pitch.1,440101,-2.291,-2.2885,10.9288,28.235,1.014,9.9102,-0.0124,0.327
1779988773390,2,Pitching Mound.Delivery,,Delivery,pitch.1,438942,5.2859,-10.5355,104.6471,-93.566,109.9434,22.6337,-0.1399,0.1124
1779988773390,2,Pitching Mound.Drive,,Delivery,pitch.1,439519,-0.0693,-0.3338,1.9479,0.7572,-3.0803,-2.4317,0.0,0.0
1779988773390,2,Pitching Mound.Parent,,Delivery,pitch.1,438562,5.2166,-10.8693,106.595,-92.8088,106.8631,20.2019,-0.1373,0.1103
1779988773391,2,11.0000004b,Drive,Delivery,pitch.1,439520,-0.0962,-0.3271,2.0232,0.7458,-3.0352,-2.4136,0.0,0.0
1779988773391,2,12.00000015,Lower Delivery,Delivery,pitch.1,439246,7.5454,-8.3235,93.8625,-150.1538,108.8597,16.1774,-0.1544,-0.213
1779988773391,2,12.00000018,Upper Delivery,Delivery,pitch.1,440102,-2.2847,-2.2831,10.9881,28.4512,1.0024,9.895,-0.0121,0.327
1779988773391,2,Pitching Mound.Delivery,,Delivery,pitch.1,438943,5.2607,-10.6066,104.8505,-93.5253,109.8621,22.7302,-0.1395,0.1124
1779988773391,2,Pitching Mound.Drive,,Delivery,pitch.1,439520,-0.0962,-0.3271,2.0232,0.7458,-3.0352,-2.4136,0.0,0.0
1779988773391,2,Pitching Mound.Parent,,Delivery,pitch.1,438563,5.1645,-10.9337,106.8737,-92.7795,106.8268,20.3166,-0.1368,0.1102
1779988773392,2,11.0000004b,Drive,Delivery,pitch.1,439521,-0.0931,-0.3221,2.0166,0.7478,-2.9631,-2.3943,0.0,0.0
1779988773392,2,12.00000015,Lower Delivery,Delivery,pitch.1,439247,7.5195,-8.3687,93.7566,-150.2675,108.9397,16.2636,-0.1547,-0.2134
1779988773392,2,12.00000018,Upper Delivery,Delivery,pitch.1,440103,-2.2797,-2.2825,10.8148,28.3161,0.9178,9.8373,-0.0113,0.327
1779988773392,2,Pitching Mound.Delivery,,Delivery,pitch.1,438944,5.2398,-10.6512,104.5714,-93.7512,109.8574,22.7693,-0.1399,0.1122
1779988773392,2,Pitching Mound.Drive,,Delivery,pitch.1,439521,-0.0931,-0.3221,2.0166,0.7478,-2.9631,-2.3943,0.0,0.0
1779988773392,2,Pitching Mound.Parent,,Delivery,pitch.1,438564,5.1468,-10.9733,106.588,-93.0033,106.8943,20.375,-0.1372,0.1101
1779988773393,2,11.0000004b,Drive,Delivery,pitch.1,439522,-0.0933,-0.3053,1.972,0.7478,-2.7405,-2.3478,0.0,0.0
1779988773393,2,12.00000015,Lower Delivery,Delivery,pitch.1,439248,7.5338,-8.4193,93.8305,-150.3009,108.9769,16.322,-0.1546,-0.2132
1779988773393,2,12.00000018,Upper Delivery,Delivery,pitch.1,440104,-2.2787,-2.2671,10.8938,28.3728,0.9862,9.806,-0.0121,0.327
1779988773393,2,Pitching Mound.Delivery,,Delivery,pitch.1,438945,5.2551,-10.6864,104.7243,-93.7297,109.9631,22.7918,-0.1398,0.1122
1779988773393,2,Pitching Mound.Drive,,Delivery,pitch.1,439522,-0.0933,-0.3053,1.972,0.7478,-2.7405,-2.3478,0.0,0.0
1779988773393,2,Pitching Mound.Parent,,Delivery,pitch.1,438565,5.1619,-10.9917,106.6962,-92.9818,107.2226,20.444,-0.1372,0.1101
1779988773394,2,11.0000004b,Drive,Delivery,pitch.1,439523,-0.1072,-0.2972,2.0485,0.729,-2.7235,-2.349,0.0,0.0
1779988773394,2,12.00000015,Lower Delivery,Delivery,pitch.1,439249,7.5403,-8.483,94.06,-150.7942,109.2182,16.4017,-0.1546,-0.2134
1779988773394,2,12.00000018,Upper Delivery,Delivery,pitch.1,440105,-2.2718,-2.2761,10.8811,28.3411,0.8426,9.8412,-0.0103,0.327
1779988773394,2,Pitching Mound.Delivery,,Delivery,pitch.1,438946,5.2686,-10.7591,104.9411,-94.1722,110.0607,22.9068,-0.1396,0.1121
1779988773394,2,Pitching Mound.Drive,,Delivery,pitch.1,439523,-0.1072,-0.2972,2.0485,0.729,-2.7235,-2.349,0.0,0.0
1779988773394,2,Pitching Mound.Parent,,Delivery,pitch.1,438566,5.1614,-11.0563,106.9896,-93.4431,107.3373,20.5578,-0.1369,0.11
1779988773395,2,11.0000004b,Drive,Delivery,pitch.1,439524,-0.1119,-0.2657,1.9412,0.7131,-2.6291,-2.3019,0.0,0.0
1779988773395,2,12.00000015,Lower Delivery,Delivery,pitch.1,439250,7.5413,-8.5371,94.1897,-150.7328,109.0738,16.514,-0.1542,-0.213
1779988773395,2,12.00000018,Upper Delivery,Delivery,pitch.1,440106,-2.2749,-2.235,10.7345,28.2162,0.8401,9.8047,-0.0104,0.327
1779988773395,2,Pitching Mound.Delivery,,Delivery,pitch.1,438947,5.2664,-10.7721,104.9241,-94.1418,109.9139,22.9812,-0.1395,0.1126
1779988773395,2,Pitching Mound.Drive,,Delivery,pitch.1,439524,-0.1119,-0.2657,1.9412,0.7131,-2.6291,-2.3019,0.0,0.0
1779988773395,2,Pitching Mound.Parent,,Delivery,pitch.1,438567,5.1546,-11.0378,106.8653,-93.4287,107.2848,20.6793,-0.1369,0.1106
1779988773396,2,11.0000004b,Drive,Delivery,pitch.1,439525,-0.1103,-0.292,2.0151,0.7242,-2.6967,-2.3556,0.0,0.0
1779988773396,2,12.00000015,Lower Delivery,Delivery,pitch.1,439251,7.5351,-8.5787,94.3045,-151.1787,109.27,16.5617,-0.1543,-0.2134
1779988773396,2,12.00000018,Upper Delivery,Delivery,pitch.1,440107,-2.2603,-2.2359,10.5131,27.7349,0.8044,9.739,-0.0102,0.327
1779988773396,2,Pitching Mound.Delivery,,Delivery,pitch.1,438948,5.2748,-10.8146,104.8176,-94.9548,110.0744,22.9703,-0.1398,0.1126
1779988773396,2,Pitching Mound.Drive,,Delivery,pitch.1,439525,-0.1103,-0.292,2.0151,0.7242,-2.6967,-2.3556,0.0,0.0
1779988773396,2,Pitching Mound.Parent,,Delivery,pitch.1,438568,5.1645,-11.1066,106.8327,-94.2306,107.3778,20.6147,-0.1372,0.1105
1779988773397,2,11.0000004b,Drive,Delivery,pitch.1,439526,-0.0995,-0.2961,1.9511,0.7017,-2.6232,-2.348,0.0,0.0
1779988773397,2,12.00000015,Lower Delivery,Delivery,pitch.1,439252,7.5266,-8.6301,94.2361,-151.3095,108.9778,16.6196,-0.154,-0.2138
1779988773397,2,12.00000018,Upper Delivery,Delivery,pitch.1,440108,-2.2365,-2.2233,10.6486,27.8935,0.8488,9.7799,-0.0106,0.327
1779988773397,2,Pitching Mound.Delivery,,Delivery,pitch.1,438949,5.2901,-10.8534,104.8847,-94.9962,109.8266,23.08,-0.1394,0.1121
1779988773397,2,Pitching Mound.Drive,,Delivery,pitch.1,439526,-0.0995,-0.2961,1.9511,0.7017,-2.6232,-2.348,0.0,0.0
1779988773397,2,Pitching Mound.Parent,,Delivery,pitch.1,438569,5.1906,-11.1495,106.8358,-94.2946,107.2034,20.7319,-0.1369,0.1101
1779988773398,2,11.0000004b,Drive,Delivery,pitch.1,439528,-0.0845,-0.2855,1.8425,0.6905,-2.2344,-2.3062,0.0,0.0
1779988773398,2,11.0000004b,Drive,Delivery,pitch.1,439527,-0.0841,-0.2638,1.8368,0.6969,-2.4287,-2.3439,0.0,0.0
1779988773398,2,12.00000015,Lower Delivery,Delivery,pitch.1,439253,7.5247,-8.6885,94.5452,-151.7539,109.0987,16.6562,-0.1536,-0.2137
1779988773398,2,12.00000018,Upper Delivery,Delivery,pitch.1,440109,-2.2192,-2.2398,10.545,27.8777,0.7966,9.7324,-0.0101,0.327
1779988773398,2,Pitching Mound.Delivery,,Delivery,pitch.1,438950,5.3056,-10.9284,105.0902,-95.3162,109.8953,23.0756,-0.1392,0.1123
1779988773398,2,Pitching Mound.Drive,,Delivery,pitch.1,439528,-0.0845,-0.2855,1.8425,0.6905,-2.2344,-2.3062,0.0,0.0
1779988773398,2,Pitching Mound.Drive,,Delivery,pitch.1,439527,-0.0841,-0.2638,1.8368,0.6969,-2.4287,-2.3439,0.0,0.0
1779988773398,2,Pitching Mound.Parent,,Delivery,pitch.1,438570,5.2214,-11.1922,106.927,-94.6192,107.4666,20.7317,-0.1368,0.1104
1779988773399,2,12.00000015,Lower Delivery,Delivery,pitch.1,439254,7.5635,-8.6991,94.5527,-152.0539,109.1371,16.7194,-0.1537,-0.2141
1779988773399,2,12.00000018,Upper Delivery,Delivery,pitch.1,440110,-2.1918,-2.2059,10.8712,28.1565,0.7878,9.659,-0.0096,0.327
1779988773399,2,Pitching Mound.Delivery,,Delivery,pitch.1,438951,5.3717,-10.9051,105.4239,-95.4457,109.9249,23.0616,-0.1388,0.1116
1779988773399,2,Pitching Mound.Parent,,Delivery,pitch.1,438571,5.2872,-11.1905,107.2664,-94.7552,107.6905,20.7554,-0.1364,0.1097
1779988773400,2,11.0000004b,Drive,Delivery,pitch.1,439530,-0.0698,-0.2794,1.8443,0.6901,-2.2397,-2.3411,0.0,0.0
1779988773400,2,11.0000004b,Drive,Delivery,pitch.1,439529,-0.0652,-0.2682,1.7983,0.6754,-2.1906,-2.3366,0.0,0.0
1779988773400,2,12.00000015,Lower Delivery,Delivery,pitch.1,439255,7.604,-8.7306,94.7111,-152.7197,109.4906,16.751,-0.1539,-0.2147
1779988773400,2,12.00000018,Upper Delivery,Delivery,pitch.1,440111,-2.1781,-2.219,10.7247,28.2375,0.9613,9.6857,-0.0119,0.327
1779988773400,2,Pitching Mound.Delivery,,Delivery,pitch.1,438952,5.4259,-10.9496,105.4358,-95.9269,110.4519,23.1108,-0.1395,0.1113
1779988773400,2,Pitching Mound.Drive,,Delivery,pitch.1,439530,-0.0698,-0.2794,1.8443,0.6901,-2.2397,-2.3411,0.0,0.0
1779988773400,2,Pitching Mound.Drive,,Delivery,pitch.1,439529,-0.0652,-0.2682,1.7983,0.6754,-2.1906,-2.3366,0.0,0.0
1779988773400,2,Pitching Mound.Parent,,Delivery,pitch.1,438572,5.3606,-11.2178,107.2341,-95.2515,108.2613,20.7742,-0.1371,0.1094
1779988773401,2,11.0000004b,Drive,Delivery,pitch.1,439531,-0.0602,-0.3005,1.8055,0.7092,-2.2781,-2.3723,0.0,0.0
1779988773401,2,12.00000015,Lower Delivery,Delivery,pitch.1,439256,7.626,-8.7504,94.8394,-152.9574,109.6811,16.8036,-0.154,-0.2147
1779988773401,2,12.00000018,Upper Delivery,Delivery,pitch.1,440112,-2.1518,-2.2049,10.8623,28.4135,1.2084,9.6028,-0.0148,0.327
1779988773401,2,Pitching Mound.Delivery,,Delivery,pitch.1,438953,5.4742,-10.9552,105.7017,-95.9917,110.8895,23.082,-0.1397,0.1111
1779988773401,2,Pitching Mound.Drive,,Delivery,pitch.1,439531,-0.0602,-0.3005,1.8055,0.7092,-2.2781,-2.3723,0.0,0.0
1779988773401,2,Pitching Mound.Parent,,Delivery,pitch.1,438573,5.4044,-11.2347,107.546,-95.3016,108.6498,20.7409,-0.1373,0.1092
1779988773402,2,11.0000004b,Drive,Delivery,pitch.1,439532,-0.0579,-0.3253,1.8169,0.7149,-2.3716,-2.3948,0.0,0.0
1779988773402,2,12.00000015,Lower Delivery,Delivery,pitch.1,439257,7.6638,-8.7796,94.9327,-153.2628,110.0065,16.8638,-0.1543,-0.2149
1779988773402,2,12.00000018,Upper Delivery,Delivery,pitch.1,440113,-2.1262,-2.2081,10.8001,28.3535,1.133,9.5621,-0.014,0.327
1779988773402,2,Pitching Mound.Delivery,,Delivery,pitch.1,438954,5.5376,-10.9877,105.7328,-96.3042,111.1395,23.0974,-0.1399,0.111
1779988773402,2,Pitching Mound.Drive,,Delivery,pitch.1,439532,-0.0579,-0.3253,1.8169,0.7149,-2.3716,-2.3948,0.0,0.0
1779988773402,2,Pitching Mound.Parent,,Delivery,pitch.1,438574,5.4774,-11.2882,107.5383,-95.595,108.8614,20.7251,-0.1376,0.1091
1779988773403,2,11.0000004b,Drive,Delivery,pitch.1,439533,-0.0503,-0.3175,1.7886,0.7067,-2.3857,-2.3881,0.0,0.0
1779988773403,2,12.00000015,Lower Delivery,Delivery,pitch.1,439258,7.6657,-8.8224,95.0177,-153.4873,109.9844,16.9524,-0.1541,-0.215
1779988773403,2,12.00000018,Upper Delivery,Delivery,pitch.1,440114,-2.0998,-2.2107,10.7023,28.2256,1.3418,9.5649,-0.0167,0.327
1779988773403,2,Pitching Mound.Delivery,,Delivery,pitch.1,438955,5.5659,-11.0331,105.72,-96.5945,111.3262,23.197,-0.1402,0.111
1779988773403,2,Pitching Mound.Drive,,Delivery,pitch.1,439533,-0.0503,-0.3175,1.7886,0.7067,-2.3857,-2.3881,0.0,0.0
1779988773403,2,Pitching Mound.Parent,,Delivery,pitch.1,438575,5.5081,-11.3584,107.5369,-95.8796,108.9547,20.8022,-0.1378,0.1091
1779988773404,2,12.00000015,Lower Delivery,Delivery,pitch.1,439259,7.656,-8.8559,95.0032,-153.7651,110.2569,16.9867,-0.1545,-0.2155
1779988773404,2,12.00000018,Upper Delivery,Delivery,pitch.1,440115,-2.089,-2.2026,10.8011,28.5427,1.4509,9.5891,-0.0179,0.327
1779988773404,2,Pitching Mound.Delivery,,Delivery,pitch.1,438956,5.567,-11.0585,105.8044,-96.5938,111.7077,23.2625,-0.1406,0.1105
1779988773404,2,Pitching Mound.Parent,,Delivery,pitch.1,438576,5.5167,-11.3761,107.5929,-95.8871,109.322,20.8744,-0.1382,0.1087
1779988773405,2,11.0000004b,Drive,Delivery,pitch.1,439534,-0.0392,-0.3327,1.7866,0.7484,-2.391,-2.4301,0.0,0.0
1779988773405,2,11.0000004b,Drive,Delivery,pitch.1,439535,-0.0456,-0.3413,1.7657,0.7403,-2.3391,-2.4439,0.0,0.0
1779988773405,2,12.00000015,Lower Delivery,Delivery,pitch.1,439260,7.6956,-8.8747,95.0939,-154.1402,110.6592,17.0747,-0.1549,-0.2158
1779988773405,2,12.00000018,Upper Delivery,Delivery,pitch.1,440116,-2.077,-2.1716,10.7892,28.4588,1.4512,9.5407,-0.0179,0.327
1779988773405,2,Pitching Mound.Delivery,,Delivery,pitch.1,438957,5.6185,-11.0463,105.8831,-97.0178,112.1104,23.2927,-0.141,0.1102
1779988773405,2,Pitching Mound.Drive,,Delivery,pitch.1,439534,-0.0392,-0.3327,1.7866,0.7484,-2.391,-2.4301,0.0,0.0
1779988773405,2,Pitching Mound.Drive,,Delivery,pitch.1,439535,-0.0456,-0.3413,1.7657,0.7403,-2.3391,-2.4439,0.0,0.0
1779988773405,2,Pitching Mound.Parent,,Delivery,pitch.1,438577,5.5794,-11.379,107.6698,-96.2694,109.7194,20.8625,-0.1386,0.1084
1779988773406,2,11.0000004b,Drive,Delivery,pitch.1,439536,-0.0329,-0.3155,1.7244,0.7282,-2.4699,-2.4228,0.0,0.0
1779988773406,2,12.00000015,Lower Delivery,Delivery,pitch.1,439261,7.7304,-8.899,95.1864,-154.2085,110.8401,17.114,-0.155,-0.2157
1779988773406,2,12.00000018,Upper Delivery,Delivery,pitch.1,440117,-2.0644,-2.1792,10.7654,28.2956,1.4657,9.4563,-0.0181,0.327
1779988773406,2,Pitching Mound.Delivery,,Delivery,pitch.1,438958,5.666,-11.0782,105.9518,-97.2098,112.3058,23.24,-0.1411,0.1104
1779988773406,2,Pitching Mound.Drive,,Delivery,pitch.1,439536,-0.0329,-0.3155,1.7244,0.7282,-2.4699,-2.4228,0.0,0.0
1779988773406,2,Pitching Mound.Parent,,Delivery,pitch.1,438578,5.6205,-11.4196,107.7175,-96.4695,109.9667,20.7961,-0.1388,0.1086
1779988773407,2,11.0000004b,Drive,Delivery,pitch.1,439537,-0.0094,-0.3109,1.6499,0.7478,-2.6171,-2.4433,0.0,0.0
1779988773407,2,12.00000015,Lower Delivery,Delivery,pitch.1,439262,7.7254,-8.9569,95.3022,-154.1111,110.9862,17.1974,-0.155,-0.2153
1779988773407,2,12.00000018,Upper Delivery,Delivery,pitch.1,440118,-2.0875,-2.1666,10.6391,28.0916,1.2867,9.4445,-0.0161,0.327
1779988773407,2,Pitching Mound.Delivery,,Delivery,pitch.1,438959,5.6379,-11.1235,105.9413,-97.234,112.2729,23.3054,-0.1411,0.1109
1779988773407,2,Pitching Mound.Drive,,Delivery,pitch.1,439537,-0.0094,-0.3109,1.6499,0.7478,-2.6171,-2.4433,0.0,0.0
1779988773407,2,Pitching Mound.Parent,,Delivery,pitch.1,438579,5.605,-11.4391,107.6657,-96.5059,109.8031,20.8827,-0.1388,0.1091
1779988773408,2,11.0000004b,Drive,Delivery,pitch.1,439538,-0.017,-0.3286,1.6733,0.7685,-2.6682,-2.4436,0.0,0.0
1779988773408,2,12.00000015,Lower Delivery,Delivery,pitch.1,439263,7.7493,-8.997,95.4256,-154.1444,111.2066,17.2503,-0.1551,-0.215
1779988773408,2,12.00000018,Upper Delivery,Delivery,pitch.1,440119,-2.0795,-2.1663,10.4847,27.9212,1.2219,9.4018,-0.0155,0.327
1779988773408,2,Pitching Mound.Delivery,,Delivery,pitch.1,438960,5.6698,-11.1633,105.9103,-97.3433,112.4284,23.3104,-0.1413,0.1113
1779988773408,2,Pitching Mound.Drive,,Delivery,pitch.1,439538,-0.017,-0.3286,1.6733,0.7685,-2.6682,-2.4436,0.0,0.0
1779988773408,2,Pitching Mound.Parent,,Delivery,pitch.1,438580,5.6604,-11.4743,107.5601,-96.5955,109.8113,20.867,-0.1392,0.1096
1779988773409,2,11.0000004b,Drive,Delivery,pitch.1,439539,-0.0124,-0.3385,1.6989,0.7968,-2.5568,-2.4402,0.0,0.0
1779988773409,2,12.00000015,Lower Delivery,Delivery,pitch.1,439264,7.7742,-9.0234,95.603,-154.343,111.2215,17.3161,-0.1549,-0.2149
1779988773409,2,12.00000018,Upper Delivery,Delivery,pitch.1,440120,-2.0872,-2.1481,10.5792,28.049,1.2026,9.388,-0.0151,0.327
1779988773409,2,Pitching Mound.Delivery,,Delivery,pitch.1,438961,5.687,-11.1715,106.1821,-97.3859,112.424,23.3513,-0.141,0.1113
1779988773409,2,Pitching Mound.Drive,,Delivery,pitch.1,439539,-0.0124,-0.3385,1.6989,0.7968,-2.5568,-2.4402,0.0,0.0
1779988773409,2,Pitching Mound.Parent,,Delivery,pitch.1,438581,5.6701,-11.5001,107.8555,-96.6174,109.7558,20.9077,-0.1388,0.1096
1779988773410,2,11.0000004b,Drive,Delivery,pitch.1,439540,-0.0048,-0.3356,1.6681,0.7994,-2.3774,-2.4105,0.0,0.0
1779988773410,2,12.00000015,Lower Delivery,Delivery,pitch.1,439265,7.7847,-9.0798,95.79,-154.3796,111.3383,17.3865,-0.1547,-0.2146
1779988773410,2,12.00000018,Upper Delivery,Delivery,pitch.1,440121,-2.0856,-2.1627,10.4274,27.5838,1.1388,9.3145,-0.0145,0.327
1779988773410,2,Pitching Mound.Delivery,,Delivery,pitch.1,438962,5.699,-11.2425,106.2174,-97.7725,112.4771,23.3451,-0.141,0.1119
1779988773410,2,Pitching Mound.Drive,,Delivery,pitch.1,439540,-0.0048,-0.3356,1.6681,0.7994,-2.3774,-2.4105,0.0,0.0
1779988773410,2,Pitching Mound.Parent,,Delivery,pitch.1,438582,5.6867,-11.581,107.9164,-96.9757,109.9204,20.9049,-0.1388,0.1101
1779988773411,2,11.0000004b,Drive,Delivery,pitch.1,439541,-0.0015,-0.31,1.665,0.7711,-2.5181,-2.3823,0.0,0.0
1779988773411,2,12.00000015,Lower Delivery,Delivery,pitch.1,439266,7.7617,-9.1251,95.9677,-154.6521,111.3759,17.4659,-0.1545,-0.2145
1779988773411,2,12.00000018,Upper Delivery,Delivery,pitch.1,440122,-2.0712,-2.1901,10.4568,27.5199,0.9897,9.2298,-0.0126,0.327
1779988773411,2,Pitching Mound.Delivery,,Delivery,pitch.1,438963,5.6905,-11.3153,106.4245,-98.0585,112.3656,23.3526,-0.1406,0.1119
1779988773411,2,Pitching Mound.Drive,,Delivery,pitch.1,439541,-0.0015,-0.31,1.665,0.7711,-2.5181,-2.3823,0.0,0.0
1779988773411,2,Pitching Mound.Parent,,Delivery,pitch.1,438583,5.6857,-11.6508,108.0926,-97.2591,109.9882,20.9422,-0.1384,0.1101
1779988773412,2,11.0000004b,Drive,Delivery,pitch.1,439542,-0.0174,-0.334,1.6937,0.7492,-2.3346,-2.3507,0.0,0.0
1779988773412,2,12.00000015,Lower Delivery,Delivery,pitch.1,439267,7.7642,-9.1856,96.1798,-154.9011,111.1826,17.4805,-0.1539,-0.2144
1779988773412,2,12.00000018,Upper Delivery,Delivery,pitch.1,440123,-2.0707,-2.2119,10.3813,27.5281,1.0391,9.2135,-0.0133,0.327
1779988773412,2,Pitching Mound.Delivery,,Delivery,pitch.1,438964,5.6935,-11.3975,106.5612,-98.2015,112.2217,23.3501,-0.1402,0.1121
1779988773412,2,Pitching Mound.Drive,,Delivery,pitch.1,439542,-0.0174,-0.334,1.6937,0.7492,-2.3346,-2.3507,0.0,0.0
1779988773412,2,Pitching Mound.Parent,,Delivery,pitch.1,438584,5.692,-11.7075,108.2262,-97.4303,109.7036,20.9679,-0.138,0.1104
1779988773413,2,11.0000004b,Drive,Delivery,pitch.1,439543,0.0016,-0.3415,1.7147,0.7445,-2.2673,-2.3356,0.0,0.0
1779988773413,2,12.00000015,Lower Delivery,Delivery,pitch.1,439268,7.7397,-9.1967,96.3267,-155.1435,110.9896,17.5445,-0.1534,-0.2144
1779988773413,2,12.00000018,Upper Delivery,Delivery,pitch.1,440124,-2.0553,-2.2051,10.3424,27.868,1.2197,9.1653,-0.0157,0.327
1779988773413,2,Pitching Mound.Delivery,,Delivery,pitch.1,438965,5.6845,-11.4018,106.6692,-98.0408,112.2092,23.3795,-0.14,0.1122
1779988773413,2,Pitching Mound.Drive,,Delivery,pitch.1,439543,0.0016,-0.3415,1.7147,0.7445,-2.2673,-2.3356,0.0,0.0
1779988773413,2,Pitching Mound.Parent,,Delivery,pitch.1,438585,5.667,-11.7358,108.3629,-97.2916,109.8747,21.0288,-0.1379,0.1104
1779988773414,2,11.0000004b,Drive,Delivery,pitch.1,439544,-0.0239,-0.3662,1.7519,0.7813,-2.3901,-2.3347,0.0,0.0
1779988773414,2,12.00000015,Lower Delivery,Delivery,pitch.1,439269,7.7408,-9.2303,96.508,-155.3315,110.9296,17.6164,-0.153,-0.2143
1779988773414,2,12.00000018,Upper Delivery,Delivery,pitch.1,440125,-2.046,-2.2268,10.5831,28.135,1.4005,9.0805,-0.0176,0.327
1779988773414,2,Pitching Mound.Delivery,,Delivery,pitch.1,438966,5.6949,-11.4571,107.0911,-97.982,112.3301,23.3693,-0.1396,0.112
1779988773414,2,Pitching Mound.Drive,,Delivery,pitch.1,439544,-0.0239,-0.3662,1.7519,0.7813,-2.3901,-2.3347,0.0,0.0
1779988773414,2,Pitching Mound.Parent,,Delivery,pitch.1,438586,5.6964,-11.7985,108.8058,-97.2375,110.0629,21.0337,-0.1374,0.1103
1779988773415,2,11.0000004b,Drive,Delivery,pitch.1,439545,-0.0442,-0.3576,1.8102,0.7575,-2.5949,-2.3268,0.0,0.0
1779988773415,2,12.00000015,Lower Delivery,Delivery,pitch.1,439270,7.7572,-9.2569,96.5502,-155.3897,110.8732,17.6689,-0.1529,-0.2143
1779988773415,2,Pitching Mound.Drive,,Delivery,pitch.1,439545,-0.0442,-0.3576,1.8102,0.7575,-2.5949,-2.3268,0.0,0.0
1779988773416,2,11.0000004b,Drive,Delivery,pitch.1,439546,-0.0438,-0.3819,1.87,0.7386,-2.4407,-2.3209,0.0,0.0
1779988773416,2,12.00000015,Lower Delivery,Delivery,pitch.1,439271,7.7525,-9.2853,96.5452,-155.6574,110.8571,17.7561,-0.1529,-0.2146
1779988773416,2,12.00000018,Upper Delivery,Delivery,pitch.1,440126,-2.0392,-2.2331,10.7187,27.9913,1.4819,9.0176,-0.0184,0.327
1779988773416,2,Pitching Mound.Delivery,,Delivery,pitch.1,438967,5.7133,-11.5184,107.2639,-98.4851,112.3391,23.4445,-0.1394,0.1115
1779988773416,2,Pitching Mound.Drive,,Delivery,pitch.1,439546,-0.0438,-0.3819,1.87,0.7386,-2.4407,-2.3209,0.0,0.0
1779988773416,2,Pitching Mound.Parent,,Delivery,pitch.1,438587,5.6691,-11.876,109.0741,-97.7276,109.7441,21.1178,-0.1371,0.1097
1779988773417,2,11.0000004b,Drive,Delivery,pitch.1,439547,-0.075,-0.417,1.9168,0.7469,-2.3253,-2.3233,0.0,0.0
1779988773417,2,12.00000015,Lower Delivery,Delivery,pitch.1,439272,7.7726,-9.3077,96.838,-155.708,111.1647,17.817,-0.1528,-0.2141
1779988773417,2,12.00000018,Upper Delivery,Delivery,pitch.1,440127,-2.0008,-2.2377,10.6315,27.7671,1.464,8.9729,-0.0183,0.327
1779988773417,2,Pitching Mound.Delivery,,Delivery,pitch.1,438968,5.7719,-11.5454,107.4694,-98.6307,112.6287,23.467,-0.1395,0.1122
1779988773417,2,Pitching Mound.Drive,,Delivery,pitch.1,439547,-0.075,-0.417,1.9168,0.7469,-2.3253,-2.3233,0.0,0.0
1779988773417,2,Pitching Mound.Parent,,Delivery,pitch.1,438588,5.7281,-11.9273,109.3395,-97.8921,110.188,21.146,-0.1371,0.1103
1779988773418,2,11.0000004b,Drive,Delivery,pitch.1,439548,-0.0699,-0.419,1.9134,0.7128,-2.3279,-2.3126,0.0,0.0
1779988773418,2,12.00000015,Lower Delivery,Delivery,pitch.1,439273,7.7836,-9.344,96.9407,-155.7824,111.3734,17.9464,-0.1529,-0.2139
1779988773418,2,12.00000018,Upper Delivery,Delivery,pitch.1,440128,-2.0025,-2.2512,10.7145,27.8507,1.4545,8.9053,-0.0181,0.327
1779988773418,2,Pitching Mound.Delivery,,Delivery,pitch.1,438969,5.781,-11.5953,107.6552,-98.6148,112.8279,23.5244,-0.1395,0.1122
1779988773418,2,Pitching Mound.Drive,,Delivery,pitch.1,439548,-0.0699,-0.419,1.9134,0.7128,-2.3279,-2.3126,0.0,0.0
1779988773418,2,Pitching Mound.Parent,,Delivery,pitch.1,438589,5.706,-12.0122,109.572,-97.8679,110.5026,21.2011,-0.1371,0.1103
1779988773419,2,11.0000004b,Drive,Delivery,pitch.1,439549,-0.081,-0.4085,1.9514,0.7096,-2.3623,-2.3176,0.0,0.0
1779988773419,2,12.00000015,Lower Delivery,Delivery,pitch.1,439274,7.8007,-9.3822,97.0832,-156.1354,111.8586,18.0387,-0.1534,-0.2141
1779988773419,2,12.00000018,Upper Delivery,Delivery,pitch.1,440129,-1.9714,-2.255,10.6335,27.6599,1.3528,8.8834,-0.0169,0.327
1779988773419,2,Pitching Mound.Delivery,,Delivery,pitch.1,438970,5.8293,-11.6372,107.7167,-99.0826,113.2114,23.5996,-0.1399,0.1122
1779988773419,2,Pitching Mound.Drive,,Delivery,pitch.1,439549,-0.081,-0.4085,1.9514,0.7096,-2.3623,-2.3176,0.0,0.0
1779988773419,2,Pitching Mound.Parent,,Delivery,pitch.1,438590,5.7594,-12.0563,109.6301,-98.3697,110.8835,21.287,-0.1375,0.1102
1779988773420,2,11.0000004b,Drive,Delivery,pitch.1,439550,-0.0782,-0.3845,1.9591,0.683,-2.3039,-2.3183,0.0,0.0
1779988773420,2,12.00000015,Lower Delivery,Delivery,pitch.1,439275,7.7977,-9.4334,97.175,-156.1069,111.9347,18.1234,-0.1533,-0.2139
1779988773420,2,12.00000018,Upper Delivery,Delivery,pitch.1,440130,-1.9481,-2.2302,10.6909,27.5013,1.4803,8.7681,-0.0184,0.327
1779988773420,2,Pitching Mound.Delivery,,Delivery,pitch.1,438971,5.8496,-11.6635,107.8659,-99.201,113.415,23.5779,-0.14,0.1123
1779988773420,2,Pitching Mound.Drive,,Delivery,pitch.1,439550,-0.0782,-0.3845,1.9591,0.683,-2.3039,-2.3183,0.0,0.0
1779988773420,2,Pitching Mound.Parent,,Delivery,pitch.1,438591,5.7687,-12.072,109.8173,-98.4915,111.0527,21.2603,-0.1375,0.1104
1779988773421,2,11.0000004b,Drive,Delivery,pitch.1,439551,-0.1035,-0.366,2.0091,0.6944,-2.4649,-2.369,0.0,0.0
1779988773421,2,12.00000015,Lower Delivery,Delivery,pitch.1,439276,7.8132,-9.4799,97.2976,-156.3704,112.1583,18.2733,-0.1535,-0.214
1779988773421,2,12.00000018,Upper Delivery,Delivery,pitch.1,440131,-1.9376,-2.2409,10.5685,27.0644,1.3646,8.6819,-0.0172,0.327
1779988773421,2,Pitching Mound.Delivery,,Delivery,pitch.1,438972,5.8756,-11.7209,107.866,-99.8181,113.523,23.6399,-0.1401,0.1124
1779988773421,2,Pitching Mound.Drive,,Delivery,pitch.1,439551,-0.1035,-0.366,2.0091,0.6944,-2.4649,-2.369,0.0,0.0
1779988773421,2,Pitching Mound.Parent,,Delivery,pitch.1,438592,5.7974,-12.1054,109.8251,-99.1352,111.2191,21.3216,-0.1376,0.1104
1779988773422,2,11.0000004b,Drive,Delivery,pitch.1,439552,-0.1126,-0.3603,1.9791,0.6875,-2.4768,-2.3567,0.0,0.0
1779988773422,2,12.00000015,Lower Delivery,Delivery,pitch.1,439277,7.8371,-9.5102,97.3686,-156.4734,112.5094,18.3719,-0.1538,-0.2139
1779988773422,2,12.00000018,Upper Delivery,Delivery,pitch.1,440132,-1.8987,-2.2227,10.2004,26.9758,1.2595,8.6355,-0.0164,0.327
1779988773422,2,Pitching Mound.Delivery,,Delivery,pitch.1,438973,5.9383,-11.7328,107.569,-99.8604,113.7689,23.6972,-0.1408,0.1129
1779988773422,2,Pitching Mound.Drive,,Delivery,pitch.1,439552,-0.1126,-0.3603,1.9791,0.6875,-2.4768,-2.3567,0.0,0.0
1779988773422,2,Pitching Mound.Parent,,Delivery,pitch.1,438593,5.8349,-12.0989,109.5781,-99.1661,111.304,21.3282,-0.1382,0.1108
1779988773423,2,11.0000004b,Drive,Delivery,pitch.1,439553,-0.1097,-0.334,1.9882,0.6838,-2.5097,-2.3717,0.0,0.0
1779988773423,2,12.00000015,Lower Delivery,Delivery,pitch.1,439278,7.8672,-9.5482,97.4396,-156.6462,112.7541,18.4919,-0.1541,-0.214
1779988773423,2,12.00000018,Upper Delivery,Delivery,pitch.1,440133,-1.8547,-2.2151,9.864,26.5689,1.1571,8.57,-0.0156,0.327
1779988773423,2,Pitching Mound.Delivery,,Delivery,pitch.1,438974,6.0125,-11.7633,107.3036,-100.3017,113.9112,23.7565,-0.1413,0.1132
1779988773423,2,Pitching Mound.Drive,,Delivery,pitch.1,439553,-0.1097,-0.334,1.9882,0.6838,-2.5097,-2.3717,0.0,0.0
1779988773423,2,Pitching Mound.Parent,,Delivery,pitch.1,438594,5.8999,-12.1236,109.2827,-99.6141,111.4344,21.3998,-0.1388,0.1112
1779988773424,2,11.0000004b,Drive,Delivery,pitch.1,439554,-0.1113,-0.2968,1.9503,0.665,-2.581,-2.36,0.0,0.0
1779988773424,2,12.00000015,Lower Delivery,Delivery,pitch.1,439279,7.9073,-9.6177,97.5638,-156.7781,113.1434,18.5878,-0.1544,-0.2139
1779988773424,2,12.00000018,Upper Delivery,Delivery,pitch.1,440134,-1.8393,-2.1991,9.836,26.5898,1.2601,8.5271,-0.0171,0.327
1779988773424,2,Pitching Mound.Delivery,,Delivery,pitch.1,438975,6.0679,-11.8168,107.3998,-100.3609,114.4036,23.8011,-0.1418,0.1133
1779988773424,2,Pitching Mound.Drive,,Delivery,pitch.1,439554,-0.1113,-0.2968,1.9503,0.665,-2.581,-2.36,0.0,0.0
1779988773424,2,Pitching Mound.Parent,,Delivery,pitch.1,438595,5.9582,-12.1508,109.3879,-99.6771,111.8938,21.4293,-0.1392,0.1113
1779988773425,2,11.0000004b,Drive,Delivery,pitch.1,439555,-0.1043,-0.3116,2.0247,0.6712,-2.5138,-2.3604,0.0,0.0
1779988773425,2,12.00000015,Lower Delivery,Delivery,pitch.1,439280,7.921,-9.703,97.6326,-157.1106,113.3523,18.6733,-0.1546,-0.2142
1779988773425,2,12.00000018,Upper Delivery,Delivery,pitch.1,440135,-1.8036,-2.1698,9.668,26.3925,1.1158,8.4086,-0.0154,0.327
1779988773425,2,Pitching Mound.Delivery,,Delivery,pitch.1,438976,6.1174,-11.8728,107.3006,-100.8102,114.4681,23.7755,-0.142,0.1133
1779988773425,2,Pitching Mound.Drive,,Delivery,pitch.1,439555,-0.1043,-0.3116,2.0247,0.6712,-2.5138,-2.3604,0.0,0.0
1779988773425,2,Pitching Mound.Parent,,Delivery,pitch.1,438596,6.0061,-12.1695,109.2509,-100.1452,111.8871,21.4155,-0.1395,0.1112
1779988773426,2,11.0000004b,Drive,Delivery,pitch.1,439556,-0.1082,-0.2764,1.9675,0.6495,-2.5368,-2.3462,0.0,0.0
1779988773426,2,12.00000015,Lower Delivery,Delivery,pitch.1,439281,7.918,-9.7399,97.6982,-157.6197,113.4773,18.7686,-0.1546,-0.2148
1779988773426,2,12.00000018,Upper Delivery,Delivery,pitch.1,440136,-1.7939,-2.1645,9.43,26.0942,1.0069,8.3604,-0.0142,0.327
1779988773426,2,Pitching Mound.Delivery,,Delivery,pitch.1,438977,6.1241,-11.9043,107.1281,-101.5142,114.4842,23.827,-0.1423,0.1131
1779988773426,2,Pitching Mound.Drive,,Delivery,pitch.1,439556,-0.1082,-0.2764,1.9675,0.6495,-2.5368,-2.3462,0.0,0.0
1779988773426,2,Pitching Mound.Parent,,Delivery,pitch.1,438597,6.0199,-12.216,109.1528,-100.843,111.9704,21.4666,-0.1396,0.111
1779988773427,2,11.0000004b,Drive,Delivery,pitch.1,439557,-0.1011,-0.2732,1.9498,0.6421,-2.5187,-2.3513,0.0,0.0
1779988773427,2,12.00000015,Lower Delivery,Delivery,pitch.1,439282,7.9422,-9.778,97.9131,-157.9441,113.7901,18.8958,-0.1547,-0.2147
1779988773427,2,12.00000018,Upper Delivery,Delivery,pitch.1,440137,-1.7495,-2.1365,9.7415,26.1591,1.1071,8.373,-0.0151,0.327
1779988773427,2,Pitching Mound.Delivery,,Delivery,pitch.1,438978,6.1927,-11.9146,107.6546,-101.8067,114.8972,23.9736,-0.1421,0.1127
1779988773427,2,Pitching Mound.Drive,,Delivery,pitch.1,439557,-0.1011,-0.2732,1.9498,0.6421,-2.5187,-2.3513,0.0,0.0
1779988773427,2,Pitching Mound.Parent,,Delivery,pitch.1,438598,6.0845,-12.1909,109.622,-101.1572,112.3604,21.6274,-0.1395,0.1107
1779988773428,2,11.0000004b,Drive,Delivery,pitch.1,439558,-0.0845,-0.2761,1.9059,0.6413,-2.5324,-2.3643,0.0,0.0
1779988773428,2,12.00000015,Lower Delivery,Delivery,pitch.1,439283,7.9496,-9.8501,98.0023,-158.1799,114.0409,18.9684,-0.1549,-0.2149
1779988773428,2,12.00000018,Upper Delivery,Delivery,pitch.1,440138,-1.7296,-2.1319,9.6266,25.8777,1.0261,8.307,-0.0142,0.327
1779988773428,2,Pitching Mound.Delivery,,Delivery,pitch.1,438979,6.22,-11.982,107.6289,-102.2544,115.067,23.9844,-0.1423,0.1128
1779988773428,2,Pitching Mound.Drive,,Delivery,pitch.1,439558,-0.0845,-0.2761,1.9059,0.6413,-2.5324,-2.3643,0.0,0.0
1779988773428,2,Pitching Mound.Parent,,Delivery,pitch.1,438599,6.1189,-12.2552,109.5788,-101.6122,112.5483,21.6331,-0.1398,0.1108
1779988773429,2,11.0000004b,Drive,Delivery,pitch.1,439559,-0.0942,-0.2727,1.9264,0.6496,-2.622,-2.336,0.0,0.0
1779988773429,2,12.00000015,Lower Delivery,Delivery,pitch.1,439284,7.9658,-9.876,98.0613,-158.0586,114.0065,19.0268,-0.1548,-0.2146
1779988773429,2,12.00000018,Upper Delivery,Delivery,pitch.1,440139,-1.6965,-2.1259,9.6323,25.9287,1.1264,8.2943,-0.0156,0.327
1779988773429,2,Pitching Mound.Delivery,,Delivery,pitch.1,438980,6.2693,-12.0019,107.6936,-102.064,115.133,24.0359,-0.1423,0.113
1779988773429,2,Pitching Mound.Drive,,Delivery,pitch.1,439559,-0.0942,-0.2727,1.9264,0.6496,-2.622,-2.336,0.0,0.0
1779988773429,2,Pitching Mound.Parent,,Delivery,pitch.1,438600,6.1848,-12.278,109.5995,-101.4228,112.6006,21.6715,-0.1398,0.1111
1779988773430,2,11.0000004b,Drive,Delivery,pitch.1,439560,-0.0898,-0.2942,1.9202,0.6626,-2.5376,-2.3267,0.0,0.0
1779988773430,2,12.00000015,Lower Delivery,Delivery,pitch.1,439285,7.98,-9.9098,98.2345,-157.9595,114.3038,19.1262,-0.1549,-0.2141
1779988773430,2,12.00000018,Upper Delivery,Delivery,pitch.1,440140,-1.665,-2.0846,9.8006,25.8424,1.2029,8.2505,-0.0163,0.327
1779988773430,2,Pitching Mound.Delivery,,Delivery,pitch.1,438981,6.315,-11.9944,108.0351,-102.0495,115.5067,24.0975,-0.1423,0.1133
1779988773430,2,Pitching Mound.Drive,,Delivery,pitch.1,439560,-0.0898,-0.2942,1.9202,0.6626,-2.5376,-2.3267,0.0,0.0
1779988773430,2,Pitching Mound.Parent,,Delivery,pitch.1,438601,6.2208,-12.2672,109.9615,-101.3999,112.8847,21.7614,-0.1398,0.1113
1779988773431,2,11.0000004b,Drive,Delivery,pitch.1,439561,-0.0919,-0.3105,1.9068,0.6767,-2.5974,-2.3486,0.0,0.0
1779988773431,2,12.00000015,Lower Delivery,Delivery,pitch.1,439286,7.9965,-9.9431,98.4405,-158.1427,114.685,19.2031,-0.1551,-0.2139
1779988773431,2,12.00000018,Upper Delivery,Delivery,pitch.1,440141,-1.6627,-2.108,9.6619,25.454,1.1672,8.22,-0.0161,0.327
1779988773431,2,Pitching Mound.Delivery,,Delivery,pitch.1,438982,6.3338,-12.0511,108.1024,-102.5041,115.8523,24.139,-0.1427,0.1137
1779988773431,2,Pitching Mound.Drive,,Delivery,pitch.1,439561,-0.0919,-0.3105,1.9068,0.6767,-2.5974,-2.3486,0.0,0.0
1779988773431,2,Pitching Mound.Parent,,Delivery,pitch.1,438602,6.244,-12.3453,110.0226,-101.8415,113.3147,21.8123,-0.1402,0.1117
1779988773432,2,11.0000004b,Drive,Delivery,pitch.1,439562,-0.0753,-0.3066,1.8778,0.6865,-2.5051,-2.3367,0.0,0.0
1779988773432,2,12.00000015,Lower Delivery,Delivery,pitch.1,439287,8.0144,-9.983,98.5504,-157.7812,114.6835,19.2846,-0.1549,-0.2131
1779988773432,2,12.00000018,Upper Delivery,Delivery,pitch.1,440142,-1.6164,-2.0962,9.5741,25.4007,1.2858,8.1406,-0.0179,0.327
1779988773432,2,Pitching Mound.Delivery,,Delivery,pitch.1,438983,6.3981,-12.0792,108.1244,-102.1286,115.9693,24.1507,-0.1428,0.1145
1779988773432,2,Pitching Mound.Drive,,Delivery,pitch.1,439562,-0.0753,-0.3066,1.8778,0.6865,-2.5051,-2.3367,0.0,0.0
1779988773432,2,Pitching Mound.Parent,,Delivery,pitch.1,438603,6.3062,-12.3897,110.0312,-101.452,113.3719,21.8021,-0.1403,0.1125
1779988773433,2,11.0000004b,Drive,Delivery,pitch.1,439563,-0.0626,-0.3124,1.8501,0.696,-2.4177,-2.3426,0.0,0.0
1779988773433,2,12.00000015,Lower Delivery,Delivery,pitch.1,439288,8.0351,-10.0065,98.7106,-157.5226,115.0029,19.3747,-0.1551,-0.2124
1779988773433,2,12.00000018,Upper Delivery,Delivery,pitch.1,440143,-1.6126,-2.127,9.4863,25.1183,1.37,8.0614,-0.0192,0.327
1779988773433,2,Pitching Mound.Delivery,,Delivery,pitch.1,438984,6.4225,-12.1335,108.1969,-102.068,116.3729,24.1558,-0.1432,0.1152
1779988773433,2,Pitching Mound.Drive,,Delivery,pitch.1,439563,-0.0626,-0.3124,1.8501,0.696,-2.4177,-2.3426,0.0,0.0
1779988773433,2,Pitching Mound.Parent,,Delivery,pitch.1,438604,6.3472,-12.4401,110.0747,-101.3815,113.8677,21.8192,-0.1407,0.1133
1779988773434,2,11.0000004b,Drive,Delivery,pitch.1,439564,-0.0758,-0.3033,1.9228,0.6995,-2.5152,-2.342,0.0,0.0
1779988773434,2,12.00000015,Lower Delivery,Delivery,pitch.1,439290,8.0309,-10.064,98.8152,-157.3955,115.0343,19.5745,-0.155,-0.212
1779988773434,2,12.00000015,Lower Delivery,Delivery,pitch.1,439289,8.0297,-10.0182,98.8164,-157.4876,115.0906,19.4554,-0.1551,-0.2122
1779988773434,2,12.00000018,Upper Delivery,Delivery,pitch.1,440144,-1.5732,-2.1431,9.4717,24.8506,1.3198,7.9756,-0.0186,0.327
1779988773434,2,Pitching Mound.Delivery,,Delivery,pitch.1,438985,6.4565,-12.1613,108.2881,-102.2598,116.4104,24.166,-0.1431,0.1155
1779988773434,2,Pitching Mound.Drive,,Delivery,pitch.1,439564,-0.0758,-0.3033,1.9228,0.6995,-2.5152,-2.342,0.0,0.0
1779988773434,2,Pitching Mound.Parent,,Delivery,pitch.1,438605,6.3938,-12.4737,110.1382,-101.5638,113.9926,21.8234,-0.1407,0.1136
1779988773435,2,11.0000004b,Drive,Delivery,pitch.1,439565,-0.0521,-0.3024,1.8051,0.7329,-2.5374,-2.3707,0.0,0.0
1779988773435,2,12.00000018,Upper Delivery,Delivery,pitch.1,440145,-1.5371,-2.1143,9.3165,24.4562,1.3696,7.9325,-0.0196,0.327
1779988773435,2,Pitching Mound.Delivery,,Delivery,pitch.1,438986,6.4937,-12.1783,108.1317,-102.5098,116.404,24.2538,-0.1433,0.1158
1779988773435,2,Pitching Mound.Drive,,Delivery,pitch.1,439565,-0.0521,-0.3024,1.8051,0.7329,-2.5374,-2.3707,0.0,0.0
1779988773435,2,Pitching Mound.Parent,,Delivery,pitch.1,438606,6.4179,-12.4816,110.0545,-101.8103,113.8887,21.9118,-0.1408,0.1138
1779988773436,2,11.0000004b,Drive,Delivery,pitch.1,439566,-0.0546,-0.2814,1.791,0.7213,-2.4315,-2.3604,0.0,0.0
1779988773436,2,12.00000015,Lower Delivery,Delivery,pitch.1,439291,8.0459,-10.0777,98.8827,-157.5287,115.1336,19.6781,-0.155,-0.2121
1779988773436,2,12.00000018,Upper Delivery,Delivery,pitch.1,440146,-1.5162,-2.0873,9.3594,24.2921,1.533,7.8717,-0.0218,0.327
1779988773436,2,Pitching Mound.Delivery,,Delivery,pitch.1,438987,6.5297,-12.165,108.2421,-102.7987,116.6665,24.2988,-0.1435,0.1157
1779988773436,2,Pitching Mound.Drive,,Delivery,pitch.1,439566,-0.0546,-0.2814,1.791,0.7213,-2.4315,-2.3604,0.0,0.0
1779988773436,2,Pitching Mound.Parent,,Delivery,pitch.1,438607,6.4776,-12.4674,110.0472,-102.0659,114.1291,21.9281,-0.1411,0.1138
1779988773437,2,11.0000004b,Drive,Delivery,pitch.1,439567,-0.0544,-0.3064,1.8573,0.7314,-2.4939,-2.383,0.0,0.0
1779988773437,2,12.00000015,Lower Delivery,Delivery,pitch.1,439292,8.0523,-10.0906,98.9237,-157.5914,115.1085,19.7407,-0.1549,-0.2121
1779988773437,2,12.00000015,Lower Delivery,Delivery,pitch.1,439293,8.0624,-10.1016,98.8121,-157.5654,115.0011,19.836,-0.1549,-0.2123
1779988773437,2,12.00000018,Upper Delivery,Delivery,pitch.1,440147,-1.5086,-2.0544,9.2275,23.9006,1.5134,7.8337,-0.0218,0.327
1779988773437,2,Pitching Mound.Delivery,,Delivery,pitch.1,438988,6.5438,-12.145,108.1512,-103.1941,116.6219,24.3237,-0.1436,0.1159
1779988773437,2,Pitching Mound.Drive,,Delivery,pitch.1,439567,-0.0544,-0.3064,1.8573,0.7314,-2.4939,-2.383,0.0,0.0
1779988773437,2,Pitching Mound.Parent,,Delivery,pitch.1,438608,6.4892,-12.4263,109.9422,-102.4728,114.1904,21.9633,-0.1412,0.114
1779988773438,2,11.0000004b,Drive,Delivery,pitch.1,439568,-0.0559,-0.3054,1.8016,0.7309,-2.486,-2.3891,0.0,0.0
1779988773438,2,12.00000018,Upper Delivery,Delivery,pitch.1,440148,-1.4825,-2.051,9.1692,23.742,1.5282,7.6867,-0.0222,0.327
1779988773438,2,Pitching Mound.Delivery,,Delivery,pitch.1,438989,6.5799,-12.1526,107.9813,-103.3447,116.5293,24.2774,-0.1437,0.1158
1779988773438,2,Pitching Mound.Drive,,Delivery,pitch.1,439568,-0.0559,-0.3054,1.8016,0.7309,-2.486,-2.3891,0.0,0.0
1779988773438,2,Pitching Mound.Parent,,Delivery,pitch.1,438609,6.5255,-12.459,109.8386,-102.6133,114.0353,21.8944,-0.1412,0.1138
1779988773439,2,11.0000004b,Drive,Delivery,pitch.1,439569,-0.0537,-0.3145,1.7828,0.7265,-2.635,-2.3861,0.0,0.0
1779988773439,2,12.00000015,Lower Delivery,Delivery,pitch.1,439294,8.0826,-10.1063,98.7644,-157.8627,115.0738,19.9274,-0.1551,-0.2128
1779988773439,2,12.00000015,Lower Delivery,Delivery,pitch.1,439295,8.0909,-10.1513,98.7513,-158.6309,115.2035,20.0358,-0.1553,-0.2139
1779988773439,2,12.00000018,Upper Delivery,Delivery,pitch.1,440149,-1.472,-2.0698,9.2345,23.6071,1.5238,7.6269,-0.022,0.327
1779988773439,2,Pitching Mound.Delivery,,Delivery,pitch.1,438990,6.6106,-12.1761,107.9989,-103.8155,116.5975,24.3058,-0.1437,0.1152
1779988773439,2,Pitching Mound.Drive,,Delivery,pitch.1,439569,-0.0537,-0.3145,1.7828,0.7265,-2.635,-2.3861,0.0,0.0
1779988773439,2,Pitching Mound.Parent,,Delivery,pitch.1,438610,6.5547,-12.4814,109.8005,-103.0846,114.1115,21.9166,-0.1414,0.1133
1779988773440,2,11.0000004b,Drive,Delivery,pitch.1,439570,-0.0696,-0.3289,1.8126,0.7505,-2.8067,-2.4208,0.0,0.0
1779988773440,2,12.00000015,Lower Delivery,Delivery,pitch.1,439296,8.0977,-10.1549,98.8031,-158.8506,115.4208,20.1207,-0.1555,-0.214
1779988773440,2,12.00000018,Upper Delivery,Delivery,pitch.1,440150,-1.4208,-2.0137,9.2488,23.7053,1.6084,7.5503,-0.0232,0.327
1779988773440,2,Pitching Mound.Delivery,,Delivery,pitch.1,438991,6.6701,-12.1651,108.0001,-104.4948,116.8119,24.3522,-0.144,0.1142
1779988773440,2,Pitching Mound.Drive,,Delivery,pitch.1,439570,-0.0696,-0.3289,1.8126,0.7505,-2.8067,-2.4208,0.0,0.0
1779988773440,2,Pitching Mound.Parent,,Delivery,pitch.1,438611,6.6163,-12.4796,109.7829,-103.7683,114.1769,21.966,-0.1417,0.1124
1779988773441,2,11.0000004b,Drive,Delivery,pitch.1,439571,-0.0635,-0.3269,1.8242,0.7257,-2.818,-2.382,0.0,0.0
1779988773441,2,12.00000015,Lower Delivery,Delivery,pitch.1,439297,8.1103,-10.1718,98.7649,-159.0652,115.5647,20.2447,-0.1558,-0.2144
1779988773441,2,12.00000018,Upper Delivery,Delivery,pitch.1,440151,-1.3965,-2.0112,9.4022,23.8101,1.7542,7.4771,-0.0248,0.327
1779988773441,2,Pitching Mound.Delivery,,Delivery,pitch.1,438992,6.7012,-12.1661,108.2053,-104.6442,117.1751,24.3698,-0.1442,0.1139
1779988773441,2,Pitching Mound.Drive,,Delivery,pitch.1,439571,-0.0635,-0.3269,1.8242,0.7257,-2.818,-2.382,0.0,0.0
1779988773441,2,Pitching Mound.Parent,,Delivery,pitch.1,438612,6.6315,-12.495,110.018,-103.8938,114.3683,21.9489,-0.1418,0.112
1779988773442,2,11.0000004b,Drive,Delivery,pitch.1,439572,-0.0446,-0.3243,1.7813,0.7229,-2.8294,-2.371,0.0,0.0
1779988773442,2,12.00000015,Lower Delivery,Delivery,pitch.1,439298,8.1274,-10.1807,98.8475,-159.4062,115.855,20.3459,-0.156,-0.2147
1779988773442,2,12.00000018,Upper Delivery,Delivery,pitch.1,440152,-1.3681,-1.9608,9.4151,23.697,1.7284,7.3654,-0.0244,0.327
1779988773442,2,Pitching Mound.Delivery,,Delivery,pitch.1,438993,6.7422,-12.1326,108.18,-104.9892,117.2931,24.3874,-0.1443,0.1135
1779988773442,2,Pitching Mound.Drive,,Delivery,pitch.1,439572,-0.0446,-0.3243,1.7813,0.7229,-2.8294,-2.371,0.0,0.0
1779988773442,2,Pitching Mound.Parent,,Delivery,pitch.1,438613,6.6788,-12.4594,110.0042,-104.2635,114.4751,22.0054,-0.1419,0.1116
1779988773443,2,11.0000004b,Drive,Delivery,pitch.1,439573,-0.0482,-0.3426,1.8049,0.7388,-2.7856,-2.3874,0.0,0.0
1779988773443,2,12.00000015,Lower Delivery,Delivery,pitch.1,439299,8.1384,-10.2222,98.9322,-159.5789,116.0517,20.4379,-0.1562,-0.2147
1779988773443,2,12.00000018,Upper Delivery,Delivery,pitch.1,440153,-1.3484,-1.9462,9.333,23.7376,1.6321,7.3507,-0.0233,0.327
1779988773443,2,Pitching Mound.Delivery,,Delivery,pitch.1,438994,6.779,-12.1269,108.1806,-105.2336,117.4871,24.4749,-0.1446,0.1134
1779988773443,2,Pitching Mound.Drive,,Delivery,pitch.1,439573,-0.0482,-0.3426,1.8049,0.7388,-2.7856,-2.3874,0.0,0.0
1779988773443,2,Pitching Mound.Parent,,Delivery,pitch.1,438614,6.7345,-12.4512,109.9619,-104.5107,114.6578,22.1039,-0.1422,0.1115
1779988773444,2,11.0000004b,Drive,Delivery,pitch.1,439574,-0.0407,-0.3209,1.7001,0.7152,-2.7177,-2.3271,0.0,0.0
1779988773444,2,12.00000015,Lower Delivery,Delivery,pitch.1,439300,8.1751,-10.2403,98.9774,-159.4992,116.4417,20.5559,-0.1566,-0.2145
1779988773444,2,12.00000018,Upper Delivery,Delivery,pitch.1,440154,-1.264,-1.8836,9.2208,23.703,1.363,7.3111,-0.0197,0.327
1779988773444,2,Pitching Mound.Delivery,,Delivery,pitch.1,438995,6.8744,-12.1058,108.153,-105.3741,117.4147,24.5522,-0.1445,0.1135
1779988773444,2,Pitching Mound.Drive,,Delivery,pitch.1,439574,-0.0407,-0.3209,1.7001,0.7152,-2.7177,-2.3271,0.0,0.0
1779988773444,2,Pitching Mound.Parent,,Delivery,pitch.1,438615,6.8263,-12.4484,109.9579,-104.6352,114.6291,22.1648,-0.1422,0.1116
1779988773445,2,11.0000004b,Drive,Delivery,pitch.1,439575,-0.0318,-0.3358,1.6915,0.6837,-2.6476,-2.3179,0.0,0.0
1779988773445,2,12.00000015,Lower Delivery,Delivery,pitch.1,439301,8.1939,-10.2651,99.1558,-159.7782,116.7453,20.6955,-0.1567,-0.2145
1779988773445,2,12.00000018,Upper Delivery,Delivery,pitch.1,440155,-1.2838,-1.88,9.2934,23.4496,1.5911,7.2313,-0.0228,0.327
1779988773445,2,Pitching Mound.Delivery,,Delivery,pitch.1,438996,6.8913,-12.1203,108.2707,-105.5571,118.0328,24.5712,-0.1451,0.1136
1779988773445,2,Pitching Mound.Drive,,Delivery,pitch.1,439575,-0.0318,-0.3358,1.6915,0.6837,-2.6476,-2.3179,0.0,0.0
1779988773445,2,Pitching Mound.Parent,,Delivery,pitch.1,438616,6.8506,-12.4412,109.9709,-104.8419,115.3151,22.244,-0.1429,0.1118
1779988773446,2,11.0000004b,Drive,Delivery,pitch.1,439576,-0.0586,-0.3043,1.7695,0.6899,-2.4483,-2.3095,0.0,0.0
1779988773446,2,12.00000015,Lower Delivery,Delivery,pitch.1,439302,8.2069,-10.2722,99.2212,-159.6057,117.0833,20.8378,-0.1571,-0.2141
1779988773446,2,12.00000018,Upper Delivery,Delivery,pitch.1,440156,-1.2468,-1.8779,9.2358,23.5106,1.4965,7.1427,-0.0216,0.327
1779988773446,2,Pitching Mound.Delivery,,Delivery,pitch.1,438997,6.9471,-12.1429,108.3916,-105.6947,118.2418,24.6284,-0.1452,0.1137
1779988773446,2,Pitching Mound.Drive,,Delivery,pitch.1,439576,-0.0586,-0.3043,1.7695,0.6899,-2.4483,-2.3095,0.0,0.0
1779988773446,2,Pitching Mound.Parent,,Delivery,pitch.1,438617,6.9152,-12.4788,110.083,-105.011,115.5942,22.3105,-0.143,0.1119
1779988773447,2,11.0000004b,Drive,Delivery,pitch.1,439577,-0.0605,-0.2961,1.7208,0.693,-2.4209,-2.3032,0.0,0.0
1779988773447,2,12.00000015,Lower Delivery,Delivery,pitch.1,439303,8.2155,-10.3257,99.2914,-159.4635,117.0805,20.9601,-0.157,-0.2138
1779988773447,2,12.00000018,Upper Delivery,Delivery,pitch.1,440157,-1.2015,-1.8795,9.2178,23.5196,1.6265,7.0852,-0.0235,0.327
1779988773447,2,Pitching Mound.Delivery,,Delivery,pitch.1,438998,7.0054,-12.1517,108.439,-105.485,118.7098,24.7242,-0.1457,0.1141
1779988773447,2,Pitching Mound.Drive,,Delivery,pitch.1,439577,-0.0605,-0.2961,1.7208,0.693,-2.4209,-2.3032,0.0,0.0
1779988773447,2,Pitching Mound.Parent,,Delivery,pitch.1,438618,6.9468,-12.456,110.2085,-104.795,116.2615,22.4146,-0.1434,0.1122
1779988773448,2,11.0000004b,Drive,Delivery,pitch.1,439578,-0.0802,-0.2723,1.7496,0.6529,-2.372,-2.2881,0.0,0.0
1779988773448,2,12.00000015,Lower Delivery,Delivery,pitch.1,439304,8.2485,-10.3486,99.5313,-159.5002,117.343,21.0753,-0.157,-0.2133
1779988773448,2,12.00000018,Upper Delivery,Delivery,pitch.1,440158,-1.1715,-1.8669,8.9069,23.2332,1.3935,7.044,-0.0208,0.327
1779988773448,2,Pitching Mound.Delivery,,Delivery,pitch.1,438999,7.0439,-12.1926,108.1983,-105.4996,118.474,24.8125,-0.1458,0.1147
1779988773448,2,Pitching Mound.Drive,,Delivery,pitch.1,439578,-0.0802,-0.2723,1.7496,0.6529,-2.372,-2.2881,0.0,0.0
1779988773448,2,Pitching Mound.Parent,,Delivery,pitch.1,438619,6.9834,-12.4887,109.9191,-104.8066,116.0531,22.5092,-0.1435,0.1129
1779988773449,2,11.0000004b,Drive,Delivery,pitch.1,439579,-0.0879,-0.2886,1.7602,0.6643,-2.4957,-2.3063,0.0,0.0
1779988773449,2,12.00000015,Lower Delivery,Delivery,pitch.1,439305,8.2662,-10.3841,99.594,-159.2514,117.4706,21.1677,-0.157,-0.2129
1779988773449,2,12.00000018,Upper Delivery,Delivery,pitch.1,440159,-1.1411,-1.8839,8.538,22.9461,1.4991,6.9684,-0.0234,0.327
1779988773449,2,Pitching Mound.Delivery,,Delivery,pitch.1,439000,7.1074,-12.2324,108.0693,-105.6164,118.8421,24.8512,-0.1464,0.1156
1779988773449,2,Pitching Mound.Drive,,Delivery,pitch.1,439579,-0.0879,-0.2886,1.7602,0.6643,-2.4957,-2.3063,0.0,0.0
1779988773449,2,Pitching Mound.Parent,,Delivery,pitch.1,438620,7.0273,-12.5047,109.8189,-104.9635,116.4701,22.5631,-0.1441,0.1138
1779988773450,2,11.0000004b,Drive,Delivery,pitch.1,439580,-0.0867,-0.2568,1.7673,0.6616,-2.5236,-2.3061,0.0,0.0
1779988773450,2,12.00000015,Lower Delivery,Delivery,pitch.1,439306,8.2683,-10.4158,99.6771,-158.9676,117.3024,21.3504,-0.1567,-0.2123
1779988773450,2,12.00000018,Upper Delivery,Delivery,pitch.1,440160,-1.1346,-1.8311,8.3926,22.7858,1.2928,6.9746,-0.0205,0.327
1779988773450,2,Pitching Mound.Delivery,,Delivery,pitch.1,439001,7.1317,-12.2152,107.9867,-105.4572,118.7634,24.9461,-0.1464,0.1162
1779988773450,2,Pitching Mound.Drive,,Delivery,pitch.1,439580,-0.0867,-0.2568,1.7673,0.6616,-2.5236,-2.3061,0.0,0.0
1779988773450,2,Pitching Mound.Parent,,Delivery,pitch.1,438621,7.0438,-12.5038,109.7469,-104.7929,116.2677,22.6398,-0.1441,0.1144
1779988773451,2,11.0000004b,Drive,Delivery,pitch.1,439581,-0.0844,-0.2652,1.7495,0.6707,-2.4455,-2.2852,0.0,0.0
1779988773451,2,12.00000015,Lower Delivery,Delivery,pitch.1,439307,8.2973,-10.4463,99.7776,-159.005,117.3823,21.4635,-0.1566,-0.2122
1779988773451,2,12.00000018,Upper Delivery,Delivery,pitch.1,440161,-1.1276,-1.8948,8.6071,22.2022,1.2835,6.9124,-0.0199,0.327
1779988773451,2,Pitching Mound.Delivery,,Delivery,pitch.1,439002,7.1407,-12.3105,108.2841,-105.8015,118.5859,25.0682,-0.1458,0.1165
1779988773451,2,Pitching Mound.Drive,,Delivery,pitch.1,439581,-0.0844,-0.2652,1.7495,0.6707,-2.4455,-2.2852,0.0,0.0
1779988773451,2,Pitching Mound.Parent,,Delivery,pitch.1,438622,7.054,-12.5674,110.0514,-105.1399,116.0623,22.7621,-0.1435,0.1146
1779988773452,2,11.0000004b,Drive,Delivery,pitch.1,439582,-0.1034,-0.2617,1.8195,0.6778,-2.5539,-2.3031,0.0,0.0
1779988773452,2,12.00000015,Lower Delivery,Delivery,pitch.1,439308,8.3129,-10.4706,99.8275,-158.5248,117.1692,21.5563,-0.1563,-0.2114
1779988773452,2,12.00000018,Upper Delivery,Delivery,pitch.1,440162,-1.1209,-1.9183,8.5557,22.1637,1.4956,6.8889,-0.0233,0.327
1779988773452,2,Pitching Mound.Delivery,,Delivery,pitch.1,439003,7.1764,-12.3646,108.3333,-105.8258,118.8779,25.1502,-0.1461,0.1167
1779988773452,2,Pitching Mound.Drive,,Delivery,pitch.1,439582,-0.1034,-0.2617,1.8195,0.6778,-2.5539,-2.3031,0.0,0.0
1779988773452,2,Pitching Mound.Parent,,Delivery,pitch.1,438623,7.092,-12.6298,110.0829,-105.1551,116.4324,22.865,-0.1438,0.1149
1779988773453,2,11.0000004b,Drive,Delivery,pitch.1,439583,-0.1166,-0.2442,1.7785,0.6423,-2.5024,-2.2759,0.0,0.0
1779988773453,2,12.00000015,Lower Delivery,Delivery,pitch.1,439309,8.328,-10.5174,99.8748,-158.3314,117.0399,21.6839,-0.156,-0.211
1779988773453,2,12.00000018,Upper Delivery,Delivery,pitch.1,440163,-1.082,-1.9084,8.3962,21.8119,1.42,6.8697,-0.0225,0.327
1779988773453,2,Pitching Mound.Delivery,,Delivery,pitch.1,439004,7.2309,-12.3789,108.2237,-105.6262,118.5892,25.2318,-0.1459,0.1176
1779988773453,2,Pitching Mound.Drive,,Delivery,pitch.1,439583,-0.1166,-0.2442,1.7785,0.6423,-2.5024,-2.2759,0.0,0.0
1779988773453,2,Pitching Mound.Parent,,Delivery,pitch.1,438624,7.1275,-12.6406,110.0432,-104.9484,116.0353,22.9287,-0.1435,0.1157
1779988773454,2,11.0000004b,Drive,Delivery,pitch.1,439584,-0.1207,-0.2706,1.7982,0.6496,-2.6661,-2.2764,0.0,0.0
1779988773454,2,12.00000015,Lower Delivery,Delivery,pitch.1,439310,8.3422,-10.5401,100.0519,-158.5626,117.0938,21.7562,-0.1558,-0.211
1779988773454,2,12.00000018,Upper Delivery,Delivery,pitch.1,440164,-1.0808,-1.9161,8.4174,21.5077,1.3969,6.8205,-0.0221,0.327
1779988773454,2,Pitching Mound.Delivery,,Delivery,pitch.1,439005,7.2472,-12.4335,108.2922,-105.7282,118.4368,25.3054,-0.1456,0.1179
1779988773454,2,Pitching Mound.Drive,,Delivery,pitch.1,439584,-0.1207,-0.2706,1.7982,0.6496,-2.6661,-2.2764,0.0,0.0
1779988773454,2,Pitching Mound.Parent,,Delivery,pitch.1,438625,7.1306,-12.6778,110.0707,-105.0859,115.9344,23.0295,-0.1432,0.116
1779988773455,2,11.0000004b,Drive,Delivery,pitch.1,439585,-0.1123,-0.2719,1.819,0.6275,-2.5307,-2.2772,0.0,0.0
1779988773455,2,12.00000015,Lower Delivery,Delivery,pitch.1,439311,8.3511,-10.5787,100.0804,-158.2899,117.1334,21.8598,-0.1558,-0.2106
1779988773455,2,12.00000018,Upper Delivery,Delivery,pitch.1,440165,-1.0766,-1.9298,8.2772,21.1803,1.4876,6.7654,-0.0239,0.327
1779988773455,2,Pitching Mound.Delivery,,Delivery,pitch.1,439006,7.2656,-12.4699,108.329,-106.1789,118.5814,25.3192,-0.1457,0.1182
1779988773455,2,Pitching Mound.Drive,,Delivery,pitch.1,439585,-0.1123,-0.2719,1.819,0.6275,-2.5307,-2.2772,0.0,0.0
1779988773455,2,Pitching Mound.Parent,,Delivery,pitch.1,438626,7.1449,-12.7405,110.1272,-105.5294,115.9153,23.0429,-0.1433,0.1162
1779988773456,2,11.0000004b,Drive,Delivery,pitch.1,439586,-0.1137,-0.2717,1.7805,0.6447,-2.6718,-2.2967,0.0,0.0
1779988773456,2,12.00000015,Lower Delivery,Delivery,pitch.1,439312,8.365,-10.6034,99.9881,-157.6663,116.9158,21.926,-0.1557,-0.2099
1779988773456,2,12.00000018,Upper Delivery,Delivery,pitch.1,440166,-1.0665,-1.9687,8.1641,21.0981,1.3613,6.7097,-0.0222,0.327
1779988773456,2,Pitching Mound.Delivery,,Delivery,pitch.1,439007,7.2846,-12.5475,108.2445,-105.9403,118.4947,25.3676,-0.1457,0.1187
1779988773456,2,Pitching Mound.Drive,,Delivery,pitch.1,439586,-0.1137,-0.2717,1.7805,0.6447,-2.6718,-2.2967,0.0,0.0
1779988773456,2,Pitching Mound.Parent,,Delivery,pitch.1,438627,7.171,-12.8192,110.0251,-105.2955,115.8229,23.0709,-0.1434,0.1168
1779988773457,2,11.0000004b,Drive,Delivery,pitch.1,439587,-0.1004,-0.3001,1.7026,0.6442,-2.6873,-2.2961,0.0,0.0
1779988773457,2,12.00000015,Lower Delivery,Delivery,pitch.1,439313,8.3794,-10.619,99.9814,-157.6565,116.9091,22.0145,-0.1557,-0.2099
1779988773457,2,12.00000018,Upper Delivery,Delivery,pitch.1,440167,-1.0202,-1.9611,7.9836,20.6371,1.1879,6.6388,-0.0198,0.327
1779988773457,2,Pitching Mound.Delivery,,Delivery,pitch.1,439008,7.3448,-12.5645,107.9717,-105.7476,118.1037,25.3738,-0.1456,0.1195
1779988773457,2,Pitching Mound.Drive,,Delivery,pitch.1,439587,-0.1004,-0.3001,1.7026,0.6442,-2.6873,-2.2961,0.0,0.0
1779988773457,2,Pitching Mound.Parent,,Delivery,pitch.1,438628,7.2444,-12.8645,109.6743,-105.1034,115.4164,23.0777,-0.1434,0.1176
1779988773458,2,11.0000004b,Drive,Delivery,pitch.1,439588,-0.084,-0.2946,1.7539,0.6595,-2.6367,-2.2865,0.0,0.0
1779988773458,2,12.00000015,Lower Delivery,Delivery,pitch.1,439314,8.4008,-10.629,100.0106,-157.6485,116.9579,22.1074,-0.1557,-0.2099
1779988773458,2,12.00000018,Upper Delivery,Delivery,pitch.1,440168,-1.0309,-1.9665,7.6564,19.9989,0.9686,6.5925,-0.0168,0.327
1779988773458,2,Pitching Mound.Delivery,,Delivery,pitch.1,439009,7.3484,-12.5855,107.6378,-106.267,117.8777,25.4075,-0.1458,0.1199
1779988773458,2,Pitching Mound.Drive,,Delivery,pitch.1,439588,-0.084,-0.2946,1.7539,0.6595,-2.6367,-2.2865,0.0,0.0
1779988773458,2,Pitching Mound.Parent,,Delivery,pitch.1,438629,7.2644,-12.8801,109.3917,-105.6075,115.241,23.121,-0.1435,0.118
1779988773459,2,11.0000004b,Drive,Delivery,pitch.1,439589,-0.0664,-0.3226,1.7269,0.678,-2.4431,-2.2839,0.0,0.0
1779988773459,2,12.00000015,Lower Delivery,Delivery,pitch.1,439315,8.3871,-10.6694,99.8825,-157.5572,116.9674,22.2279,-0.1559,-0.21
1779988773459,2,12.00000018,Upper Delivery,Delivery,pitch.1,440169,-1.0037,-1.9962,7.6152,19.9036,1.1795,6.5824,-0.0206,0.327
1779988773459,2,Pitching Mound.Delivery,,Delivery,pitch.1,439010,7.3972,-12.6251,107.6258,-106.3305,118.1374,25.4922,-0.1461,0.12
1779988773459,2,Pitching Mound.Drive,,Delivery,pitch.1,439589,-0.0664,-0.3226,1.7269,0.678,-2.4431,-2.2839,0.0,0.0
1779988773459,2,Pitching Mound.Parent,,Delivery,pitch.1,438630,7.3308,-12.9477,109.3526,-105.6525,115.6943,23.2082,-0.1438,0.1181
1779988773460,2,11.0000004b,Drive,Delivery,pitch.1,439590,-0.0527,-0.3011,1.6801,0.6686,-2.3067,-2.3036,0.0,0.0
1779988773460,2,12.00000015,Lower Delivery,Delivery,pitch.1,439316,8.3985,-10.7213,99.8601,-157.2142,116.9002,22.3266,-0.1558,-0.2096
1779988773460,2,12.00000018,Upper Delivery,Delivery,pitch.1,440170,-0.9999,-1.9895,7.4647,19.8679,1.1627,6.5007,-0.0207,0.327
1779988773460,2,Pitching Mound.Delivery,,Delivery,pitch.1,439011,7.3873,-12.6589,107.3472,-106.2673,118.1301,25.537,-0.1465,0.1201
1779988773460,2,Pitching Mound.Drive,,Delivery,pitch.1,439590,-0.0527,-0.3011,1.6801,0.6686,-2.3067,-2.3036,0.0,0.0
1779988773460,2,Pitching Mound.Parent,,Delivery,pitch.1,438631,7.3346,-12.96,109.0273,-105.5986,115.8234,23.2334,-0.1442,0.1182
1779988773461,2,11.0000004b,Drive,Delivery,pitch.1,439591,-0.04,-0.3103,1.6949,0.654,-2.3229,-2.2898,0.0,0.0
1779988773461,2,12.00000015,Lower Delivery,Delivery,pitch.1,439317,8.4219,-10.7429,99.8858,-157.1996,117.0092,22.3862,-0.1559,-0.2095
1779988773461,2,12.00000018,Upper Delivery,Delivery,pitch.1,440171,-0.9798,-2.0079,7.6217,19.5631,1.1697,6.4607,-0.0204,0.327
1779988773461,2,Pitching Mound.Delivery,,Delivery,pitch.1,439012,7.4187,-12.7293,107.4818,-106.2902,118.0699,25.5987,-0.1462,0.1202
1779988773461,2,Pitching Mound.Drive,,Delivery,pitch.1,439591,-0.04,-0.3103,1.6949,0.654,-2.3229,-2.2898,0.0,0.0
1779988773461,2,Pitching Mound.Parent,,Delivery,pitch.1,438632,7.3787,-13.0395,109.1767,-105.6362,115.747,23.3089,-0.144,0.1184
1779988773462,2,11.0000004b,Drive,Delivery,pitch.1,439592,-0.0414,-0.2926,1.6931,0.6648,-2.1461,-2.2985,0.0,0.0
1779988773462,2,12.00000015,Lower Delivery,Delivery,pitch.1,439318,8.4223,-10.7739,100.0537,-157.182,117.0918,22.509,-0.1558,-0.2091
1779988773462,2,12.00000018,Upper Delivery,Delivery,pitch.1,440172,-0.9469,-1.993,7.712,19.3765,1.167,6.3708,-0.0201,0.327
1779988773462,2,Pitching Mound.Delivery,,Delivery,pitch.1,439013,7.475,-12.7359,107.5978,-106.484,118.1761,25.5716,-0.1462,0.1202
1779988773462,2,Pitching Mound.Drive,,Delivery,pitch.1,439592,-0.0414,-0.2926,1.6931,0.6648,-2.1461,-2.2985,0.0,0.0
1779988773462,2,Pitching Mound.Parent,,Delivery,pitch.1,438633,7.4336,-13.0285,109.2909,-105.8193,116.03,23.2731,-0.144,0.1183
1779988773463,2,11.0000004b,Drive,Delivery,pitch.1,439593,-0.0325,-0.3121,1.6933,0.6864,-2.317,-2.2925,0.0,0.0
1779988773463,2,12.00000015,Lower Delivery,Delivery,pitch.1,439319,8.4371,-10.8278,100.0313,-157.3288,117.3325,22.6266,-0.1562,-0.2094
1779988773463,2,12.00000018,Upper Delivery,Delivery,pitch.1,440173,-0.9496,-1.9936,7.5467,19.1207,1.1319,6.3201,-0.02,0.327
1779988773463,2,Pitching Mound.Delivery,,Delivery,pitch.1,439014,7.4727,-12.7675,107.6004,-106.609,118.2237,25.6427,-0.1463,0.1208
1779988773463,2,Pitching Mound.Drive,,Delivery,pitch.1,439593,-0.0325,-0.3121,1.6933,0.6864,-2.317,-2.2925,0.0,0.0
1779988773463,2,Pitching Mound.Parent,,Delivery,pitch.1,438634,7.4403,-13.0796,109.2937,-105.9226,115.9066,23.3502,-0.144,0.1189
1779988773464,2,11.0000004b,Drive,Delivery,pitch.1,439594,-0.0264,-0.3318,1.6676,0.6925,-2.2672,-2.3055,0.0,0.0
1779988773464,2,12.00000015,Lower Delivery,Delivery,pitch.1,439320,8.4425,-10.8568,100.1281,-157.1197,117.3931,22.7214,-0.1561,-0.2089
1779988773464,2,12.00000018,Upper Delivery,Delivery,pitch.1,440174,-0.9586,-2.0013,7.273,18.8408,0.8892,6.3348,-0.0163,0.327
1779988773464,2,Pitching Mound.Delivery,,Delivery,pitch.1,439015,7.4785,-12.8291,107.3043,-106.9502,118.2217,25.7668,-0.1467,0.1209
1779988773464,2,Pitching Mound.Drive,,Delivery,pitch.1,439594,-0.0264,-0.3318,1.6676,0.6925,-2.2672,-2.3055,0.0,0.0
1779988773464,2,Pitching Mound.Parent,,Delivery,pitch.1,438635,7.4521,-13.1608,108.9719,-106.2577,115.9546,23.4613,-0.1444,0.119
1779988773465,2,11.0000004b,Drive,Delivery,pitch.1,439595,-0.0313,-0.3104,1.684,0.6744,-2.1186,-2.268,0.0,0.0
1779988773465,2,12.00000015,Lower Delivery,Delivery,pitch.1,439321,8.4439,-10.8814,100.1804,-157.136,117.4439,22.7989,-0.1561,-0.2088
1779988773465,2,12.00000018,Upper Delivery,Delivery,pitch.1,440175,-0.9599,-1.9847,7.5254,18.9217,0.855,6.2962,-0.0151,0.327
1779988773465,2,Pitching Mound.Delivery,,Delivery,pitch.1,439016,7.4827,-12.8416,107.6535,-106.7131,118.2481,25.8208,-0.1462,0.121
1779988773465,2,Pitching Mound.Drive,,Delivery,pitch.1,439595,-0.0313,-0.3104,1.684,0.6744,-2.1186,-2.268,0.0,0.0
1779988773465,2,Pitching Mound.Parent,,Delivery,pitch.1,438636,7.4514,-13.152,109.3375,-106.0387,116.1295,23.5528,-0.144,0.1192
1779988773466,2,11.0000004b,Drive,Delivery,pitch.1,439596,-0.0443,-0.336,1.7084,0.6987,-2.1496,-2.3108,0.0,0.0
1779988773466,2,12.00000015,Lower Delivery,Delivery,pitch.1,439322,8.4629,-10.9095,100.4046,-157.3613,117.5849,22.8929,-0.1559,-0.2086
1779988773466,2,12.00000018,Upper Delivery,Delivery,pitch.1,440176,-0.9185,-1.9707,7.4773,18.5755,1.0308,6.261,-0.0184,0.327
1779988773466,2,Pitching Mound.Delivery,,Delivery,pitch.1,439017,7.5254,-12.8522,107.6577,-107.0415,118.4747,25.8767,-0.1465,0.1212
1779988773466,2,Pitching Mound.Drive,,Delivery,pitch.1,439596,-0.0443,-0.336,1.7084,0.6987,-2.1496,-2.3108,0.0,0.0
1779988773466,2,Pitching Mound.Parent,,Delivery,pitch.1,438637,7.4811,-13.1882,109.3661,-106.3427,116.3251,23.5659,-0.1442,0.1193
1779988773467,2,11.0000004b,Drive,Delivery,pitch.1,439597,-0.0383,-0.3567,1.7,0.6983,-2.1229,-2.3072,0.0,0.0
1779988773467,2,12.00000015,Lower Delivery,Delivery,pitch.1,439323,8.4665,-10.9503,100.3212,-157.0869,117.7626,22.9874,-0.1563,-0.2085
1779988773467,2,12.00000018,Upper Delivery,Delivery,pitch.1,440177,-0.907,-1.9717,7.3397,18.2803,0.9134,6.2033,-0.0166,0.327
1779988773467,2,Pitching Mound.Delivery,,Delivery,pitch.1,439018,7.5559,-12.8812,107.7444,-107.4389,118.4982,25.9104,-0.1464,0.1215
1779988773467,2,Pitching Mound.Drive,,Delivery,pitch.1,439597,-0.0383,-0.3567,1.7,0.6983,-2.1229,-2.3072,0.0,0.0
1779988773467,2,Pitching Mound.Parent,,Delivery,pitch.1,438638,7.5176,-13.2378,109.4444,-106.7406,116.3754,23.6031,-0.1441,0.1196
1779988773468,2,11.0000004b,Drive,Delivery,pitch.1,439598,-0.0368,-0.3708,1.7147,0.6994,-2.166,-2.2976,0.0,0.0
1779988773468,2,12.00000015,Lower Delivery,Delivery,pitch.1,439324,8.4679,-10.9859,100.479,-156.8362,117.7334,23.08,-0.156,-0.2078
1779988773468,2,12.00000018,Upper Delivery,Delivery,pitch.1,440178,-0.9038,-1.9264,7.2214,18.2467,0.9529,6.2035,-0.0176,0.327
1779988773468,2,Pitching Mound.Delivery,,Delivery,pitch.1,439019,7.5628,-12.8767,107.5425,-107.1862,118.7155,26.005,-0.147,0.1218
1779988773468,2,Pitching Mound.Drive,,Delivery,pitch.1,439598,-0.0368,-0.3708,1.7147,0.6994,-2.166,-2.2976,0.0,0.0
1779988773468,2,Pitching Mound.Parent,,Delivery,pitch.1,438639,7.5259,-13.2475,109.2572,-106.4868,116.5495,23.7075,-0.1447,0.1199
1779988773469,2,11.0000004b,Drive,Delivery,pitch.1,439599,-0.0475,-0.3779,1.7451,0.7134,-2.199,-2.3162,0.0,0.0
1779988773469,2,12.00000015,Lower Delivery,Delivery,pitch.1,439325,8.474,-11.0055,100.3399,-156.4529,117.9275,23.1549,-0.1565,-0.2076
1779988773469,2,12.00000018,Upper Delivery,Delivery,pitch.1,440179,-0.8904,-1.9214,6.8671,17.9514,0.8873,6.1236,-0.0172,0.327
1779988773469,2,Pitching Mound.Delivery,,Delivery,pitch.1,439020,7.5774,-12.9074,107.346,-107.0568,118.6208,26.0218,-0.1471,0.1229
1779988773469,2,Pitching Mound.Drive,,Delivery,pitch.1,439599,-0.0475,-0.3779,1.7451,0.7134,-2.199,-2.3162,0.0,0.0
1779988773469,2,Pitching Mound.Parent,,Delivery,pitch.1,438640,7.53,-13.2853,109.0911,-106.3435,116.4217,23.7056,-0.1448,0.1209
1779988773470,2,11.0000004b,Drive,Delivery,pitch.1,439600,-0.0348,-0.371,1.7552,0.6789,-2.2652,-2.31,0.0,0.0
1779988773470,2,12.00000015,Lower Delivery,Delivery,pitch.1,439326,8.4861,-11.0208,100.4007,-156.2733,117.9006,23.1991,-0.1563,-0.2072
1779988773470,2,12.00000018,Upper Delivery,Delivery,pitch.1,440180,-0.8614,-1.9241,6.4196,17.4478,0.7557,6.0534,-0.0157,0.327
1779988773470,2,Pitching Mound.Delivery,,Delivery,pitch.1,439021,7.6126,-12.9296,106.7594,-107.0722,118.6832,26.0343,-0.148,0.1237
1779988773470,2,Pitching Mound.Drive,,Delivery,pitch.1,439600,-0.0348,-0.371,1.7552,0.6789,-2.2652,-2.31,0.0,0.0
1779988773470,2,Pitching Mound.Parent,,Delivery,pitch.1,438641,7.5777,-13.3006,108.5146,-106.3932,116.418,23.7243,-0.1456,0.1217
1779988773471,2,11.0000004b,Drive,Delivery,pitch.1,439601,-0.0591,-0.3915,1.8247,0.6885,-2.336,-2.3005,0.0,0.0
1779988773471,2,12.00000015,Lower Delivery,Delivery,pitch.1,439327,8.4876,-11.0377,100.4339,-156.1646,117.7966,23.289,-0.1561,-0.207
1779988773471,2,12.00000018,Upper Delivery,Delivery,pitch.1,440181,-0.8316,-1.9183,5.8168,16.8977,0.6066,6.0611,-0.0139,0.327
1779988773471,2,Pitching Mound.Delivery,,Delivery,pitch.1,439022,7.6545,-12.9392,106.2175,-107.217,118.5072,26.0922,-0.1485,0.1248
1779988773471,2,Pitching Mound.Drive,,Delivery,pitch.1,439601,-0.0591,-0.3915,1.8247,0.6885,-2.336,-2.3005,0.0,0.0
1779988773471,2,Pitching Mound.Parent,,Delivery,pitch.1,438642,7.5954,-13.3307,108.0422,-106.5285,116.1713,23.7917,-0.146,0.1227
1779988773472,2,11.0000004b,Drive,Delivery,pitch.1,439602,-0.036,-0.3546,1.8172,0.6998,-2.1691,-2.3268,0.0,0.0
1779988773472,2,12.00000015,Lower Delivery,Delivery,pitch.1,439328,8.4541,-11.0766,100.4745,-156.1087,117.821,23.3356,-0.1561,-0.2068
1779988773472,2,12.00000018,Upper Delivery,Delivery,pitch.1,440182,-0.8214,-1.9218,5.5484,16.4705,0.4916,6.0522,-0.0118,0.327
1779988773472,2,Pitching Mound.Delivery,,Delivery,pitch.1,439023,7.6662,-12.9595,105.9823,-107.433,118.2882,26.1762,-0.1486,0.1254
1779988773472,2,Pitching Mound.Drive,,Delivery,pitch.1,439602,-0.036,-0.3546,1.8172,0.6998,-2.1691,-2.3268,0.0,0.0
1779988773472,2,Pitching Mound.Parent,,Delivery,pitch.1,438643,7.6302,-13.3141,107.7996,-106.7332,116.1191,23.8494,-0.1461,0.1232
1779988773473,2,11.0000004b,Drive,Delivery,pitch.1,439603,-0.0315,-0.3655,1.803,0.6893,-2.2425,-2.3374,0.0,0.0
1779988773473,2,12.00000015,Lower Delivery,Delivery,pitch.1,439329,8.4448,-11.0865,100.5017,-156.0431,118.0512,23.3955,-0.1564,-0.2067
1779988773473,2,12.00000018,Upper Delivery,Delivery,pitch.1,440183,-0.7895,-1.926,5.3709,16.0339,0.3329,6.0134,-0.0083,0.327
1779988773473,2,Pitching Mound.Delivery,,Delivery,pitch.1,439024,7.6645,-13.0027,105.8454,-107.7395,118.1539,26.2062,-0.1486,0.1257
1779988773473,2,Pitching Mound.Drive,,Delivery,pitch.1,439603,-0.0315,-0.3655,1.803,0.6893,-2.2425,-2.3374,0.0,0.0
1779988773473,2,Pitching Mound.Parent,,Delivery,pitch.1,438644,7.633,-13.3682,107.6484,-107.0503,115.9114,23.8687,-0.1461,0.1236
1779988773474,2,11.0000004b,Drive,Delivery,pitch.1,439604,-0.021,-0.3492,1.8114,0.7005,-2.0405,-2.3471,0.0,0.0
1779988773474,2,12.00000015,Lower Delivery,Delivery,pitch.1,439330,8.4065,-11.1441,100.5965,-155.8125,117.8952,23.4585,-0.156,-0.2062
1779988773474,2,12.00000018,Upper Delivery,Delivery,pitch.1,440184,-0.8026,-1.8959,5.262,16.1904,0.3452,5.9635,-0.0087,0.327
1779988773474,2,Pitching Mound.Delivery,,Delivery,pitch.1,439025,7.6422,-12.9825,105.7638,-107.4712,118.3964,26.2149,-0.149,0.126
1779988773474,2,Pitching Mound.Drive,,Delivery,pitch.1,439604,-0.021,-0.3492,1.8114,0.7005,-2.0405,-2.3471,0.0,0.0
1779988773474,2,Pitching Mound.Parent,,Delivery,pitch.1,438645,7.6211,-13.3316,107.5752,-106.7707,116.3559,23.8678,-0.1465,0.1239
1779988773475,2,11.0000004b,Drive,Delivery,pitch.1,439605,-0.0333,-0.3427,1.825,0.6777,-2.3122,-2.3916,0.0,0.0
1779988773475,2,12.00000015,Lower Delivery,Delivery,pitch.1,439331,8.4155,-11.1857,100.6844,-156.0099,118.1148,23.4967,-0.1562,-0.2063
1779988773475,2,12.00000018,Upper Delivery,Delivery,pitch.1,440185,-0.8106,-1.884,5.1629,15.9817,0.3259,5.9144,-0.0084,0.327
1779988773475,2,Pitching Mound.Delivery,,Delivery,pitch.1,439026,7.5958,-13.0281,105.7594,-107.3833,118.2212,26.2391,-0.1488,0.1266
1779988773475,2,Pitching Mound.Drive,,Delivery,pitch.1,439605,-0.0333,-0.3427,1.825,0.6777,-2.3122,-2.3916,0.0,0.0
1779988773475,2,Pitching Mound.Parent,,Delivery,pitch.1,438646,7.5625,-13.3708,107.5844,-106.7057,115.909,23.8475,-0.1463,0.1245
1779988773476,2,11.0000004b,Drive,Delivery,pitch.1,439606,-0.0219,-0.3539,1.806,0.7413,-2.3646,-2.41,0.0,0.0
1779988773476,2,12.00000015,Lower Delivery,Delivery,pitch.1,439332,8.3999,-11.215,100.7421,-155.9964,118.2071,23.5597,-0.1562,-0.2061
1779988773476,2,12.00000018,Upper Delivery,Delivery,pitch.1,440186,-0.7769,-1.8779,4.8242,15.5139,0.1305,5.8412,-0.0036,0.327
1779988773476,2,Pitching Mound.Delivery,,Delivery,pitch.1,439027,7.6386,-13.0636,105.5086,-107.9035,118.2454,26.2125,-0.1492,0.127
1779988773476,2,Pitching Mound.Drive,,Delivery,pitch.1,439606,-0.0219,-0.3539,1.806,0.7413,-2.3646,-2.41,0.0,0.0
1779988773476,2,Pitching Mound.Parent,,Delivery,pitch.1,438647,7.6168,-13.4175,107.3146,-107.1622,115.8808,23.8025,-0.1467,0.1249
1779988773477,2,11.0000004b,Drive,Delivery,pitch.1,439607,-0.0292,-0.3544,1.8521,0.7515,-2.3801,-2.4063,0.0,0.0
1779988773477,2,12.00000015,Lower Delivery,Delivery,pitch.1,439333,8.369,-11.2626,100.8482,-155.8443,118.1947,23.621,-0.156,-0.2057
1779988773477,2,12.00000018,Upper Delivery,Delivery,pitch.1,440187,-0.7819,-1.8721,4.5514,15.1309,-0.006,5.8431,0.0002,0.327
1779988773477,2,Pitching Mound.Delivery,,Delivery,pitch.1,439028,7.618,-13.0872,105.2935,-108.1607,118.2011,26.281,-0.1494,0.1275
1779988773477,2,Pitching Mound.Drive,,Delivery,pitch.1,439607,-0.0292,-0.3544,1.8521,0.7515,-2.3801,-2.4063,0.0,0.0
1779988773477,2,Pitching Mound.Parent,,Delivery,pitch.1,438648,7.5888,-13.4416,107.1457,-107.4092,115.8211,23.8747,-0.1469,0.1253
1779988773478,2,11.0000004b,Drive,Delivery,pitch.1,439608,0.004,-0.3476,1.7417,0.7552,-2.4953,-2.4017,0.0,0.0
1779988773478,2,12.00000015,Lower Delivery,Delivery,pitch.1,439334,8.3649,-11.3091,101.0549,-156.0902,118.3631,23.6493,-0.1559,-0.2056
1779988773478,2,12.00000018,Upper Delivery,Delivery,pitch.1,440188,-0.7669,-1.8444,4.5522,15.1457,0.0444,5.887,-0.0013,0.327
1779988773478,2,Pitching Mound.Delivery,,Delivery,pitch.1,439029,7.602,-13.107,105.4004,-107.958,118.2392,26.4018,-0.1493,0.1279
1779988773478,2,Pitching Mound.Drive,,Delivery,pitch.1,439608,0.004,-0.3476,1.7417,0.7552,-2.4953,-2.4017,0.0,0.0
1779988773478,2,Pitching Mound.Parent,,Delivery,pitch.1,438649,7.606,-13.4546,107.1421,-107.2028,115.7439,24.0001,-0.1469,0.1258
1779988773479,2,11.0000004b,Drive,Delivery,pitch.1,439609,-0.0136,-0.3567,1.7963,0.745,-2.5565,-2.4154,0.0,0.0
1779988773479,2,12.00000015,Lower Delivery,Delivery,pitch.1,439335,8.3674,-11.3514,100.9913,-156.3298,118.5781,23.6447,-0.1563,-0.2061
1779988773479,2,12.00000018,Upper Delivery,Delivery,pitch.1,440189,-0.7871,-1.8272,4.7038,15.0674,-0.1136,5.8623,0.0032,0.327
1779988773479,2,Pitching Mound.Delivery,,Delivery,pitch.1,439030,7.5778,-13.1363,105.7587,-108.2635,118.2495,26.3999,-0.1489,0.1278
1779988773479,2,Pitching Mound.Drive,,Delivery,pitch.1,439609,-0.0136,-0.3567,1.7963,0.745,-2.5565,-2.4154,0.0,0.0
1779988773479,2,Pitching Mound.Parent,,Delivery,pitch.1,438650,7.5641,-13.493,107.555,-107.5185,115.693,23.9846,-0.1464,0.1257
1779988773480,2,11.0000004b,Drive,Delivery,pitch.1,439610,-0.0054,-0.3455,1.6912,0.7426,-2.6794,-2.3992,0.0,0.0
1779988773480,2,12.00000015,Lower Delivery,Delivery,pitch.1,439336,8.3576,-11.4253,100.8932,-156.2396,118.4996,23.6999,-0.1564,-0.2062
1779988773480,2,12.00000018,Upper Delivery,Delivery,pitch.1,440190,-0.7998,-1.8332,4.6209,15.2677,-0.0366,5.8714,0.0011,0.327
1779988773480,2,Pitching Mound.Delivery,,Delivery,pitch.1,439031,7.5675,-13.1846,105.6121,-108.2961,118.5416,26.3993,-0.1494,0.1275
1779988773480,2,Pitching Mound.Drive,,Delivery,pitch.1,439610,-0.0054,-0.3455,1.6912,0.7426,-2.6794,-2.3992,0.0,0.0
1779988773480,2,Pitching Mound.Parent,,Delivery,pitch.1,438651,7.5622,-13.5301,107.3034,-107.5536,115.8621,24.0001,-0.1471,0.1255
1779988773481,2,11.0000004b,Drive,Delivery,pitch.1,439611,-0.013,-0.3562,1.721,0.7359,-2.6828,-2.386,0.0,0.0
1779988773481,2,12.00000015,Lower Delivery,Delivery,pitch.1,439337,8.3205,-11.4837,100.8159,-156.3008,118.6726,23.7014,-0.1567,-0.2064
1779988773481,2,12.00000018,Upper Delivery,Delivery,pitch.1,440191,-0.8028,-1.8001,4.5974,15.2929,0.0679,5.8065,-0.002,0.327
1779988773481,2,Pitching Mound.Delivery,,Delivery,pitch.1,439032,7.5548,-13.2254,105.4906,-108.2061,118.5674,26.3919,-0.1496,0.1274
1779988773481,2,Pitching Mound.Drive,,Delivery,pitch.1,439611,-0.013,-0.3562,1.721,0.7359,-2.6828,-2.386,0.0,0.0
1779988773481,2,Pitching Mound.Parent,,Delivery,pitch.1,438652,7.5418,-13.5816,107.2115,-107.4702,115.8846,24.0059,-0.1472,0.1254
1779988773482,2,11.0000004b,Drive,Delivery,pitch.1,439612,-0.0254,-0.336,1.7998,0.716,-2.6471,-2.3829,0.0,0.0
1779988773482,2,12.00000015,Lower Delivery,Delivery,pitch.1,439338,8.312,-11.5453,100.6748,-156.4412,118.967,23.7023,-0.1573,-0.2069
1779988773482,2,12.00000018,Upper Delivery,Delivery,pitch.1,440192,-0.804,-1.7711,4.8588,15.3997,0.1593,5.8209,-0.0044,0.327
1779988773482,2,12.00000018,Upper Delivery,Delivery,pitch.1,440193,-0.7742,-1.75,4.8622,14.941,0.119,5.8035,-0.0033,0.327
1779988773482,2,Pitching Mound.Delivery,,Delivery,pitch.1,439033,7.5164,-13.2548,105.6747,-108.2756,118.8318,26.4199,-0.1497,0.1269
1779988773482,2,Pitching Mound.Delivery,,Delivery,pitch.1,439034,7.5378,-13.2952,105.537,-108.9239,119.086,26.4165,-0.1502,0.1264
1779988773482,2,Pitching Mound.Drive,,Delivery,pitch.1,439612,-0.0254,-0.336,1.7998,0.716,-2.6471,-2.3829,0.0,0.0
1779988773482,2,Pitching Mound.Parent,,Delivery,pitch.1,438653,7.491,-13.5908,107.4745,-107.5596,116.1847,24.037,-0.1472,0.1247
1779988773483,2,11.0000004b,Drive,Delivery,pitch.1,439613,-0.0212,-0.3574,1.7579,0.7276,-2.5631,-2.3696,0.0,0.0
1779988773483,2,12.00000015,Lower Delivery,Delivery,pitch.1,439339,8.324,-11.585,100.5495,-156.2151,118.9477,23.7294,-0.1575,-0.2068
1779988773483,2,12.00000018,Upper Delivery,Delivery,pitch.1,440194,-0.7526,-1.7529,5.0069,15.0735,0.1934,5.7978,-0.0051,0.327
1779988773483,2,Pitching Mound.Delivery,,Delivery,pitch.1,439035,7.5715,-13.3378,105.5563,-108.6571,119.1411,26.4412,-0.1503,0.1262
1779988773483,2,Pitching Mound.Drive,,Delivery,pitch.1,439613,-0.0212,-0.3574,1.7579,0.7276,-2.5631,-2.3696,0.0,0.0
1779988773483,2,Pitching Mound.Parent,,Delivery,pitch.1,438654,7.5166,-13.6526,107.2949,-108.1963,116.5229,24.0468,-0.1478,0.1243
1779988773484,2,11.0000004b,Drive,Delivery,pitch.1,439614,-0.0231,-0.3484,1.7766,0.7237,-2.5157,-2.3502,0.0,0.0
1779988773484,2,12.00000015,Lower Delivery,Delivery,pitch.1,439340,8.2865,-11.646,100.4745,-156.159,119.0182,23.706,-0.1577,-0.2069
1779988773484,2,12.00000018,Upper Delivery,Delivery,pitch.1,440195,-0.7418,-1.7254,5.2256,15.1465,0.0868,5.7423,-0.0022,0.327
1779988773484,2,Pitching Mound.Delivery,,Delivery,pitch.1,439036,7.5447,-13.3714,105.7001,-108.628,119.105,26.3787,-0.15,0.1259
1779988773484,2,Pitching Mound.Drive,,Delivery,pitch.1,439614,-0.0231,-0.3484,1.7766,0.7237,-2.5157,-2.3502,0.0,0.0
1779988773484,2,Pitching Mound.Parent,,Delivery,pitch.1,438655,7.5484,-13.6862,107.3329,-107.9334,116.6254,24.0909,-0.1478,0.1241
1779988773485,2,11.0000004b,Drive,Delivery,pitch.1,439615,-0.0185,-0.3529,1.7752,0.7331,-2.4726,-2.3506,0.0,0.0
1779988773485,2,12.00000015,Lower Delivery,Delivery,pitch.1,439341,8.2612,-11.6879,100.5184,-156.2012,119.0268,23.7133,-0.1576,-0.2069
1779988773485,2,12.00000018,Upper Delivery,Delivery,pitch.1,440196,-0.7561,-1.7145,5.7235,15.4482,0.3195,5.7234,-0.0074,0.327
1779988773485,2,Pitching Mound.Delivery,,Delivery,pitch.1,439037,7.5051,-13.4024,106.242,-108.5227,119.3463,26.3708,-0.1495,0.1253
1779988773485,2,Pitching Mound.Drive,,Delivery,pitch.1,439615,-0.0185,-0.3529,1.7752,0.7331,-2.4726,-2.3506,0.0,0.0
1779988773485,2,Pitching Mound.Parent,,Delivery,pitch.1,438656,7.5262,-13.7243,107.4753,-107.8948,116.6324,24.0281,-0.1475,0.1238
1779988773486,2,11.0000004b,Drive,Delivery,pitch.1,439616,-0.0126,-0.3422,1.793,0.7223,-2.2724,-2.3503,0.0,0.0
1779988773486,2,12.00000015,Lower Delivery,Delivery,pitch.1,439342,8.2303,-11.7407,100.4304,-156.1301,118.9785,23.6961,-0.1577,-0.207
1779988773486,2,12.00000018,Upper Delivery,Delivery,pitch.1,440197,-0.7543,-1.7417,5.8352,15.4197,0.3174,5.7109,-0.0072,0.327
1779988773486,2,Pitching Mound.Delivery,,Delivery,pitch.1,439038,7.476,-13.4824,106.2656,-108.548,119.2959,26.3522,-0.1495,0.125
1779988773486,2,Pitching Mound.Drive,,Delivery,pitch.1,439616,-0.0126,-0.3422,1.793,0.7223,-2.2724,-2.3503,0.0,0.0
1779988773486,2,Pitching Mound.Parent,,Delivery,pitch.1,438657,7.4926,-13.7446,108.0349,-107.8004,117.0739,24.0205,-0.1471,0.1232
1779988773487,2,11.0000004b,Drive,Delivery,pitch.1,439617,-0.0008,-0.3432,1.7736,0.7483,-2.5066,-2.3464,0.0,0.0
1779988773487,2,12.00000015,Lower Delivery,Delivery,pitch.1,439343,8.2043,-11.8101,100.6927,-156.1629,119.0534,23.7033,-0.1574,-0.2065
1779988773487,2,Pitching Mound.Drive,,Delivery,pitch.1,439617,-0.0008,-0.3432,1.7736,0.7483,-2.5066,-2.3464,0.0,0.0
1779988773487,2,Pitching Mound.Parent,,Delivery,pitch.1,438658,7.4752,-13.8256,108.0392,-107.7998,116.7893,24.0058,-0.147,0.123
1779988773488,2,11.0000004b,Drive,Delivery,pitch.1,439618,-0.035,-0.3442,1.7832,0.7192,-2.51,-2.3806,0.0,0.0
1779988773488,2,12.00000015,Lower Delivery,Delivery,pitch.1,439344,8.2071,-11.8411,100.6369,-155.977,119.0292,23.6849,-0.1575,-0.2063
1779988773488,2,12.00000018,Upper Delivery,Delivery,pitch.1,440198,-0.7486,-1.7154,6.1102,15.4028,0.2547,5.5963,-0.0055,0.327
1779988773488,2,Pitching Mound.Delivery,,Delivery,pitch.1,439039,7.4557,-13.5255,106.8028,-108.602,119.308,26.2557,-0.1487,0.1252
1779988773488,2,Pitching Mound.Drive,,Delivery,pitch.1,439618,-0.035,-0.3442,1.7832,0.7192,-2.51,-2.3806,0.0,0.0
1779988773488,2,Pitching Mound.Parent,,Delivery,pitch.1,438659,7.4207,-13.8698,108.586,-107.8828,116.798,23.8751,-0.1463,0.1231
1779988773489,2,11.0000004b,Drive,Delivery,pitch.1,439619,-0.0546,-0.3528,1.7707,0.6895,-2.3675,-2.3661,0.0,0.0
1779988773489,2,12.00000015,Lower Delivery,Delivery,pitch.1,439345,8.1703,-11.8923,100.8131,-155.9147,118.9486,23.7252,-0.1571,-0.2059
1779988773489,2,12.00000018,Upper Delivery,Delivery,pitch.1,440199,-0.7575,-1.6926,5.9635,15.1119,0.1238,5.5509,-0.0028,0.327
1779988773489,2,12.00000018,Upper Delivery,Delivery,pitch.1,440200,-0.7695,-1.6921,5.6133,15.0866,-0.0075,5.4698,0.0002,0.327
1779988773489,2,Pitching Mound.Delivery,,Delivery,pitch.1,439040,7.4496,-13.5336,106.6004,-108.6761,119.1531,26.1878,-0.1488,0.1255
1779988773489,2,Pitching Mound.Delivery,,Delivery,pitch.1,439041,7.4008,-13.5844,106.4264,-108.4601,118.9412,26.1555,-0.1488,0.1264
1779988773489,2,Pitching Mound.Drive,,Delivery,pitch.1,439619,-0.0546,-0.3528,1.7707,0.6895,-2.3675,-2.3661,0.0,0.0
1779988773489,2,Pitching Mound.Parent,,Delivery,pitch.1,438660,7.3951,-13.8864,108.3711,-107.9866,116.7856,23.8217,-0.1464,0.1234
1779988773490,2,11.0000004b,Drive,Delivery,pitch.1,439620,-0.0518,-0.3827,1.746,0.7287,-2.484,-2.41,0.0,0.0
1779988773490,2,12.00000015,Lower Delivery,Delivery,pitch.1,439346,8.1189,-11.9766,101.1254,-155.6687,118.903,23.7214,-0.1565,-0.2049
1779988773490,2,12.00000018,Upper Delivery,Delivery,pitch.1,440201,-0.7717,-1.666,5.0613,14.3771,-0.0007,5.4384,0.0,0.327
1779988773490,2,Pitching Mound.Delivery,,Delivery,pitch.1,439042,7.3473,-13.6425,106.1867,-108.6298,118.9023,26.1371,-0.1491,0.128
1779988773490,2,Pitching Mound.Drive,,Delivery,pitch.1,439620,-0.0518,-0.3827,1.746,0.7287,-2.484,-2.41,0.0,0.0
1779988773490,2,Pitching Mound.Parent,,Delivery,pitch.1,438661,7.349,-13.9671,108.1724,-107.7314,116.4572,23.7455,-0.1464,0.1243
1779988773491,2,11.0000004b,Drive,Delivery,pitch.1,439621,-0.0588,-0.4116,1.7032,0.724,-2.5901,-2.4414,0.0,0.0
1779988773491,2,12.00000015,Lower Delivery,Delivery,pitch.1,439347,8.1064,-12.0127,101.245,-155.7545,118.8906,23.7232,-0.1563,-0.2048
1779988773491,2,12.00000018,Upper Delivery,Delivery,pitch.1,440202,-0.7459,-1.642,5.026,14.2368,-0.0401,5.4101,0.0011,0.327
1779988773491,2,Pitching Mound.Delivery,,Delivery,pitch.1,439043,7.3605,-13.6547,106.271,-108.8031,118.8505,26.1235,-0.1489,0.1282
1779988773491,2,Pitching Mound.Drive,,Delivery,pitch.1,439621,-0.0588,-0.4116,1.7032,0.724,-2.5901,-2.4414,0.0,0.0
1779988773491,2,Pitching Mound.Parent,,Delivery,pitch.1,438662,7.2885,-14.0541,107.8899,-107.9058,116.3123,23.6957,-0.1467,0.126
1779988773492,2,11.0000004b,Drive,Delivery,pitch.1,439622,-0.064,-0.425,1.7208,0.749,-2.6419,-2.4713,0.0,0.0
1779988773492,2,12.00000015,Lower Delivery,Delivery,pitch.1,439348,8.1107,-12.0591,101.4247,-155.5188,118.7513,23.7653,-0.1559,-0.2041
1779988773492,2,12.00000018,Upper Delivery,Delivery,pitch.1,440203,-0.7201,-1.6612,4.5948,14.0122,-0.2572,5.3695,0.0075,0.327
1779988773492,2,Pitching Mound.Delivery,,Delivery,pitch.1,439044,7.3906,-13.7203,106.0195,-108.5844,118.4942,26.1324,-0.1488,0.1294
1779988773492,2,Pitching Mound.Drive,,Delivery,pitch.1,439622,-0.064,-0.425,1.7208,0.749,-2.6419,-2.4713,0.0,0.0
1779988773492,2,Pitching Mound.Parent,,Delivery,pitch.1,438663,7.2965,-14.0797,107.9918,-108.0542,116.2086,23.6521,-0.1465,0.1261
1779988773493,2,11.0000004b,Drive,Delivery,pitch.1,439623,-0.0557,-0.4138,1.682,0.7478,-2.6517,-2.4566,0.0,0.0
1779988773493,2,12.00000015,Lower Delivery,Delivery,pitch.1,439349,8.0808,-12.1047,101.6043,-155.4948,118.7187,23.7606,-0.1556,-0.2037
1779988773493,2,Pitching Mound.Drive,,Delivery,pitch.1,439623,-0.0557,-0.4138,1.682,0.7478,-2.6517,-2.4566,0.0,0.0
1779988773493,2,Pitching Mound.Parent,,Delivery,pitch.1,438664,7.3349,-14.1341,107.7015,-107.8367,115.8425,23.6758,-0.1465,0.1274
1779988773494,2,11.0000004b,Drive,Delivery,pitch.1,439624,-0.0783,-0.3996,1.7374,0.7485,-2.8036,-2.4609,0.0,0.0
1779988773494,2,12.00000015,Lower Delivery,Delivery,pitch.1,439350,8.1003,-12.163,101.6861,-155.5083,118.8484,23.786,-0.1556,-0.2036
1779988773494,2,12.00000018,Upper Delivery,Delivery,pitch.1,440205,-0.6874,-1.6309,4.1091,13.5332,-0.5722,5.3361,0.0185,0.327
1779988773494,2,12.00000018,Upper Delivery,Delivery,pitch.1,440204,-0.7235,-1.6253,4.5336,13.7837,-0.3454,5.3214,0.0101,0.327
1779988773494,2,Pitching Mound.Delivery,,Delivery,pitch.1,439046,7.4129,-13.7939,105.7952,-108.799,118.2762,26.1343,-0.1488,0.1306
1779988773494,2,Pitching Mound.Delivery,,Delivery,pitch.1,439045,7.3573,-13.73,106.1379,-108.707,118.3733,26.0885,-0.1485,0.1299
1779988773494,2,Pitching Mound.Drive,,Delivery,pitch.1,439624,-0.0783,-0.3996,1.7374,0.7485,-2.8036,-2.4609,0.0,0.0
1779988773494,2,Pitching Mound.Parent,,Delivery,pitch.1,438665,7.279,-14.1296,107.8753,-107.9584,115.5698,23.6277,-0.1461,0.1278
1779988773495,2,11.0000004b,Drive,Delivery,pitch.1,439625,-0.0859,-0.3595,1.726,0.7358,-2.6794,-2.4737,0.0,0.0
1779988773495,2,11.0000004b,Drive,Delivery,pitch.1,439626,-0.0736,-0.3624,1.7428,0.7302,-2.6998,-2.4857,0.0,0.0
1779988773495,2,12.00000015,Lower Delivery,Delivery,pitch.1,439351,8.0814,-12.2271,101.7719,-155.3724,118.5275,23.8036,-0.155,-0.2032
1779988773495,2,12.00000018,Upper Delivery,Delivery,pitch.1,440206,-0.5878,-1.6321,4.0563,13.1817,-0.5153,5.2959,0.0169,0.327
1779988773495,2,Pitching Mound.Delivery,,Delivery,pitch.1,439047,7.4936,-13.8592,105.8283,-108.9674,118.0123,26.152,-0.1485,0.131
1779988773495,2,Pitching Mound.Drive,,Delivery,pitch.1,439625,-0.0859,-0.3595,1.726,0.7358,-2.6794,-2.4737,0.0,0.0
1779988773495,2,Pitching Mound.Drive,,Delivery,pitch.1,439626,-0.0736,-0.3624,1.7428,0.7302,-2.6998,-2.4857,0.0,0.0
1779988773495,2,Pitching Mound.Parent,,Delivery,pitch.1,438666,7.327,-14.1535,107.5212,-108.0632,115.5969,23.6605,-0.1464,0.1285
1779988773495,2,Pitching Mound.Parent,,Delivery,pitch.1,438667,7.42,-14.2217,107.571,-108.2372,115.3125,23.6663,-0.146,0.1289
1779988773496,2,11.0000004b,Drive,Delivery,pitch.1,439627,-0.0703,-0.3436,1.7404,0.7129,-2.6508,-2.4755,0.0,0.0
1779988773496,2,12.00000015,Lower Delivery,Delivery,pitch.1,439352,8.0743,-12.2852,101.7883,-155.4698,118.8486,23.7634,-0.1554,-0.2033
1779988773496,2,12.00000018,Upper Delivery,Delivery,pitch.1,440207,-0.5789,-1.6256,4.081,13.1586,-0.4586,5.2709,0.015,0.327
1779988773496,2,Pitching Mound.Delivery,,Delivery,pitch.1,439048,7.4954,-13.9108,105.8693,-109.0908,118.39,26.0923,-0.1489,0.1309
1779988773496,2,Pitching Mound.Drive,,Delivery,pitch.1,439627,-0.0703,-0.3436,1.7404,0.7129,-2.6508,-2.4755,0.0,0.0
1779988773496,2,Pitching Mound.Parent,,Delivery,pitch.1,438668,7.4251,-14.2544,107.6097,-108.3779,115.7392,23.6168,-0.1465,0.1288
1779988773497,2,11.0000004b,Drive,Delivery,pitch.1,439628,-0.0708,-0.3647,1.7909,0.7289,-2.5909,-2.4963,0.0,0.0
1779988773497,2,12.00000015,Lower Delivery,Delivery,pitch.1,439353,8.0529,-12.3645,101.7443,-155.2815,118.8605,23.7479,-0.1555,-0.2032
1779988773497,2,12.00000018,Upper Delivery,Delivery,pitch.1,440208,-0.5133,-1.5739,4.0405,12.9171,-0.6961,5.2839,0.0229,0.327
1779988773497,2,Pitching Mound.Delivery,,Delivery,pitch.1,439049,7.5397,-13.9384,105.7849,-109.1451,118.1644,26.1193,-0.1487,0.1311
1779988773497,2,Pitching Mound.Drive,,Delivery,pitch.1,439628,-0.0708,-0.3647,1.7909,0.7289,-2.5909,-2.4963,0.0,0.0
1779988773497,2,Pitching Mound.Parent,,Delivery,pitch.1,438669,7.4689,-14.3031,107.5757,-108.4162,115.5735,23.6229,-0.1462,0.1289
1779988773498,2,11.0000004b,Drive,Delivery,pitch.1,439629,-0.0563,-0.3566,1.8243,0.7258,-2.6338,-2.4678,0.0,0.0
1779988773498,2,12.00000015,Lower Delivery,Delivery,pitch.1,439354,8.0046,-12.4259,101.7552,-155.1208,118.9774,23.7724,-0.1557,-0.2029
1779988773498,2,12.00000018,Upper Delivery,Delivery,pitch.1,440209,-0.5524,-1.5817,4.125,12.8958,-0.5997,5.2662,0.0194,0.327
1779988773498,2,Pitching Mound.Delivery,,Delivery,pitch.1,439050,7.4522,-14.0075,105.8802,-109.0308,118.3777,26.1293,-0.1488,0.1312
1779988773498,2,Pitching Mound.Drive,,Delivery,pitch.1,439629,-0.0563,-0.3566,1.8243,0.7258,-2.6338,-2.4678,0.0,0.0
1779988773498,2,Pitching Mound.Parent,,Delivery,pitch.1,438670,7.3959,-14.3641,107.7045,-108.305,115.7439,23.6615,-0.1463,0.129
1779988773499,2,11.0000004b,Drive,Delivery,pitch.1,439630,-0.0671,-0.3647,1.8387,0.7576,-2.7759,-2.4701,0.0,0.0
1779988773499,2,12.00000015,Lower Delivery,Delivery,pitch.1,439355,7.9546,-12.5094,101.7185,-155.0301,119.1402,23.7539,-0.1559,-0.2029
1779988773499,2,12.00000018,Upper Delivery,Delivery,pitch.1,440210,-0.5181,-1.5541,4.1327,12.6934,-0.4726,5.243,0.0152,0.327
1779988773499,2,Pitching Mound.Delivery,,Delivery,pitch.1,439051,7.4364,-14.0635,105.8512,-109.1575,118.6676,26.1162,-0.1492,0.1312
1779988773499,2,Pitching Mound.Drive,,Delivery,pitch.1,439630,-0.0671,-0.3647,1.8387,0.7576,-2.7759,-2.4701,0.0,0.0
1779988773499,2,Pitching Mound.Parent,,Delivery,pitch.1,438671,7.3693,-14.4282,107.6899,-108.3999,115.8916,23.6461,-0.1467,0.129
1779988773500,2,11.0000004b,Drive,Delivery,pitch.1,439631,-0.0858,-0.3444,1.8697,0.7653,-2.6214,-2.4804,0.0,0.0
1779988773500,2,12.00000015,Lower Delivery,Delivery,pitch.1,439356,7.9099,-12.5984,101.5434,-154.9802,119.2209,23.7467,-0.1563,-0.2032
1779988773500,2,12.00000018,Upper Delivery,Delivery,pitch.1,440211,-0.5789,-1.5952,4.4769,12.8382,-0.3366,5.2382,0.01,0.327
1779988773500,2,Pitching Mound.Delivery,,Delivery,pitch.1,439052,7.331,-14.1936,106.0203,-109.1394,118.8843,26.0987,-0.1493,0.1305
1779988773500,2,Pitching Mound.Drive,,Delivery,pitch.1,439631,-0.0858,-0.3444,1.8697,0.7653,-2.6214,-2.4804,0.0,0.0
1779988773500,2,Pitching Mound.Parent,,Delivery,pitch.1,438672,7.2452,-14.538,107.89,-108.3741,116.2629,23.6183,-0.1467,0.1282
1779988773501,2,11.0000004b,Drive,Delivery,pitch.1,439632,-0.073,-0.34,1.8322,0.7514,-2.5666,-2.4526,0.0,0.0
1779988773501,2,12.00000015,Lower Delivery,Delivery,pitch.1,439357,7.8669,-12.6768,101.5106,-154.8815,119.3819,23.7588,-0.1566,-0.2031
1779988773501,2,12.00000018,Upper Delivery,Delivery,pitch.1,440212,-0.5913,-1.5605,4.4381,12.9121,-0.4038,5.2263,0.0121,0.327
1779988773501,2,Pitching Mound.Delivery,,Delivery,pitch.1,439053,7.2756,-14.2373,105.9488,-108.9647,118.9781,26.1092,-0.1495,0.1306
1779988773501,2,Pitching Mound.Drive,,Delivery,pitch.1,439632,-0.073,-0.34,1.8322,0.7514,-2.5666,-2.4526,0.0,0.0
1779988773501,2,Pitching Mound.Parent,,Delivery,pitch.1,438673,7.2026,-14.5774,107.781,-108.2133,116.4115,23.6566,-0.147,0.1284
1779988773502,2,11.0000004b,Drive,Delivery,pitch.1,439633,-0.0686,-0.339,1.8229,0.7252,-2.5272,-2.4479,0.0,0.0
1779988773502,2,12.00000015,Lower Delivery,Delivery,pitch.1,439358,7.8498,-12.7516,101.5245,-154.8106,119.3626,23.7672,-0.1565,-0.203
1779988773502,2,12.00000018,Upper Delivery,Delivery,pitch.1,440213,-0.5879,-1.5605,4.5475,12.9824,-0.429,5.1634,0.0126,0.327
1779988773502,2,Pitching Mound.Delivery,,Delivery,pitch.1,439054,7.2619,-14.3121,106.072,-108.8561,118.9336,26.0618,-0.1493,0.1306
1779988773502,2,Pitching Mound.Drive,,Delivery,pitch.1,439633,-0.0686,-0.339,1.8229,0.7252,-2.5272,-2.4479,0.0,0.0
1779988773502,2,Pitching Mound.Parent,,Delivery,pitch.1,438674,7.1933,-14.6511,107.8949,-108.1309,116.4064,23.6139,-0.1467,0.1284
1779988773503,2,11.0000004b,Drive,Delivery,pitch.1,439634,-0.0653,-0.3444,1.7922,0.7098,-2.3645,-2.449,0.0,0.0
1779988773503,2,12.00000015,Lower Delivery,Delivery,pitch.1,439359,7.783,-12.828,101.6972,-154.8197,119.6543,23.7151,-0.1566,-0.2027
1779988773503,2,12.00000018,Upper Delivery,Delivery,pitch.1,440214,-0.5505,-1.5766,4.4046,12.8054,-0.3064,5.1345,0.0093,0.327
1779988773503,2,Pitching Mound.Delivery,,Delivery,pitch.1,439055,7.2326,-14.4046,106.1019,-108.9348,119.3479,26.0162,-0.1497,0.1311
1779988773503,2,Pitching Mound.Drive,,Delivery,pitch.1,439634,-0.0653,-0.3444,1.7922,0.7098,-2.3645,-2.449,0.0,0.0
1779988773503,2,Pitching Mound.Parent,,Delivery,pitch.1,438675,7.1673,-14.749,107.8941,-108.225,116.9833,23.5673,-0.1473,0.1289
1779988773504,2,11.0000004b,Drive,Delivery,pitch.1,439635,-0.075,-0.3367,1.8555,0.6478,-2.6153,-2.4388,0.0,0.0
1779988773504,2,12.00000015,Lower Delivery,Delivery,pitch.1,439360,7.7292,-12.9271,101.7259,-154.7871,119.838,23.7316,-0.1568,-0.2026
1779988773504,2,12.00000018,Upper Delivery,Delivery,pitch.1,440215,-0.5593,-1.5792,4.315,12.6846,-0.379,5.1253,0.0117,0.327
1779988773504,2,Pitching Mound.Delivery,,Delivery,pitch.1,439056,7.1699,-14.5063,106.0409,-108.9829,119.459,26.0388,-0.15,0.1313
1779988773504,2,Pitching Mound.Drive,,Delivery,pitch.1,439635,-0.075,-0.3367,1.8555,0.6478,-2.6153,-2.4388,0.0,0.0
1779988773504,2,Pitching Mound.Parent,,Delivery,pitch.1,438676,7.0949,-14.843,107.8965,-108.335,116.8437,23.6,-0.1474,0.1291
1779988773505,2,11.0000004b,Drive,Delivery,pitch.1,439636,-0.0746,-0.3526,1.8488,0.6707,-2.1377,-2.4051,0.0,0.0
1779988773505,2,12.00000015,Lower Delivery,Delivery,pitch.1,439361,7.7109,-13.007,101.694,-155.0214,119.913,23.7647,-0.157,-0.2029
1779988773505,2,12.00000018,Upper Delivery,Delivery,pitch.1,440216,-0.5668,-1.5793,4.1876,12.7826,-0.5,5.1114,0.0159,0.327
1779988773505,2,Pitching Mound.Delivery,,Delivery,pitch.1,439057,7.1441,-14.5863,105.8816,-109.0866,119.413,26.0616,-0.1501,0.1311
1779988773505,2,Pitching Mound.Drive,,Delivery,pitch.1,439636,-0.0746,-0.3526,1.8488,0.6707,-2.1377,-2.4051,0.0,0.0
1779988773505,2,Pitching Mound.Parent,,Delivery,pitch.1,438677,7.0695,-14.9389,107.7305,-108.4159,117.2753,23.6565,-0.1476,0.1289
1779988773506,2,11.0000004b,Drive,Delivery,pitch.1,439637,-0.0763,-0.3711,1.8102,0.6963,-2.3159,-2.4391,0.0,0.0
1779988773506,2,12.00000015,Lower Delivery,Delivery,pitch.1,439362,7.6578,-13.0898,101.8501,-154.8347,120.0561,23.7909,-0.1569,-0.2024
1779988773506,2,12.00000018,Upper Delivery,Delivery,pitch.1,440217,-0.5721,-1.5552,3.9104,12.7934,-0.5391,5.0983,0.0184,0.327
1779988773506,2,Pitching Mound.Delivery,,Delivery,pitch.1,439058,7.0857,-14.645,105.7605,-108.7418,119.517,26.0911,-0.1504,0.132
1779988773506,2,Pitching Mound.Drive,,Delivery,pitch.1,439637,-0.0763,-0.3711,1.8102,0.6963,-2.3159,-2.4391,0.0,0.0
1779988773506,2,Pitching Mound.Parent,,Delivery,pitch.1,438678,7.0094,-15.0161,107.5707,-108.0456,117.2011,23.652,-0.1479,0.1298
1779988773507,2,11.0000004b,Drive,Delivery,pitch.1,439638,-0.0762,-0.3816,1.8067,0.7178,-2.3403,-2.445,0.0,0.0
1779988773507,2,12.00000015,Lower Delivery,Delivery,pitch.1,439363,7.6409,-13.1909,101.9723,-155.2535,120.286,23.8618,-0.157,-0.2027
1779988773507,2,12.00000018,Upper Delivery,Delivery,pitch.1,440218,-0.5923,-1.57,3.9345,12.6758,-0.6503,5.0558,0.022,0.327
1779988773507,2,Pitching Mound.Delivery,,Delivery,pitch.1,439059,7.0486,-14.7608,105.9068,-109.2449,119.6357,26.1183,-0.1504,0.1317
1779988773507,2,Pitching Mound.Drive,,Delivery,pitch.1,439638,-0.0762,-0.3816,1.8067,0.7178,-2.3403,-2.445,0.0,0.0
1779988773507,2,Pitching Mound.Parent,,Delivery,pitch.1,438679,6.9724,-15.1424,107.7135,-108.527,117.2954,23.6733,-0.1479,0.1295
1779988773508,2,11.0000004b,Drive,Delivery,pitch.1,439639,-0.0967,-0.3633,1.8851,0.7193,-2.3494,-2.4606,0.0,0.0
1779988773508,2,12.00000015,Lower Delivery,Delivery,pitch.1,439364,7.5842,-13.2902,102.1956,-155.3412,120.5391,23.912,-0.157,-0.2024
1779988773508,2,12.00000018,Upper Delivery,Delivery,pitch.1,440219,-0.641,-1.5865,3.9128,12.8675,-0.5658,5.0125,0.0193,0.327
1779988773508,2,Pitching Mound.Delivery,,Delivery,pitch.1,439060,6.9433,-14.8766,106.1084,-109.0575,119.9733,26.128,-0.1505,0.1321
1779988773508,2,Pitching Mound.Drive,,Delivery,pitch.1,439639,-0.0967,-0.3633,1.8851,0.7193,-2.3494,-2.4606,0.0,0.0
1779988773508,2,Pitching Mound.Parent,,Delivery,pitch.1,438680,6.8466,-15.2399,107.9936,-108.3382,117.6238,23.6674,-0.1479,0.1298
1779988773509,2,11.0000004b,Drive,Delivery,pitch.1,439640,-0.1015,-0.3721,1.8974,0.7335,-2.2674,-2.4752,0.0,0.0
1779988773509,2,12.00000015,Lower Delivery,Delivery,pitch.1,439365,7.5614,-13.3869,102.4286,-155.6255,120.8823,23.9351,-0.1571,-0.2023
1779988773509,2,12.00000018,Upper Delivery,Delivery,pitch.1,440220,-0.5473,-1.568,3.7054,12.7327,-0.5496,5.0184,0.0197,0.327
1779988773509,2,Pitching Mound.Delivery,,Delivery,pitch.1,439061,7.0141,-14.9549,106.134,-109.3269,120.3327,26.1965,-0.1509,0.1325
1779988773509,2,Pitching Mound.Drive,,Delivery,pitch.1,439640,-0.1015,-0.3721,1.8974,0.7335,-2.2674,-2.4752,0.0,0.0
1779988773509,2,Pitching Mound.Parent,,Delivery,pitch.1,438681,6.9126,-15.327,108.0314,-108.5934,118.0653,23.7212,-0.1483,0.1301
1779988773510,2,11.0000004b,Drive,Delivery,pitch.1,439641,-0.0735,-0.3316,1.871,0.7277,-2.6153,-2.425,0.0,0.0
1779988773510,2,12.00000015,Lower Delivery,Delivery,pitch.1,439366,7.5254,-13.5082,102.8441,-156.1989,121.1438,23.9569,-0.1568,-0.2022
1779988773510,2,12.00000018,Upper Delivery,Delivery,pitch.1,440221,-0.5552,-1.5355,3.8697,12.5953,-0.4206,4.9884,0.0145,0.327
1779988773510,2,Pitching Mound.Delivery,,Delivery,pitch.1,439062,6.9702,-15.0437,106.7139,-109.9523,120.7231,26.1979,-0.1506,0.1323
1779988773510,2,Pitching Mound.Drive,,Delivery,pitch.1,439641,-0.0735,-0.3316,1.871,0.7277,-2.6153,-2.425,0.0,0.0
1779988773510,2,Pitching Mound.Parent,,Delivery,pitch.1,438682,6.8966,-15.3753,108.5848,-109.2246,118.1078,23.7729,-0.148,0.1301
1779988773511,2,11.0000004b,Drive,Delivery,pitch.1,439642,-0.0448,-0.3426,1.7887,0.7535,-2.651,-2.4479,0.0,0.0
1779988773511,2,12.00000015,Lower Delivery,Delivery,pitch.1,439367,7.4886,-13.6197,103.2437,-156.3738,121.3311,24.0088,-0.1565,-0.2016
1779988773511,2,12.00000018,Upper Delivery,Delivery,pitch.1,440222,-0.4748,-1.4656,3.9546,12.3132,-0.4873,4.9521,0.0164,0.327
1779988773511,2,Pitching Mound.Delivery,,Delivery,pitch.1,439063,7.0138,-15.0854,107.1983,-110.3023,120.8438,26.2534,-0.1501,0.1328
1779988773511,2,Pitching Mound.Drive,,Delivery,pitch.1,439642,-0.0448,-0.3426,1.7887,0.7535,-2.651,-2.4479,0.0,0.0
1779988773511,2,Pitching Mound.Parent,,Delivery,pitch.1,438683,6.969,-15.428,108.9871,-109.5488,118.1929,23.8055,-0.1476,0.1306
1779988773512,2,11.0000004b,Drive,Delivery,pitch.1,439643,-0.066,-0.3276,1.8303,0.7424,-2.6992,-2.4339,0.0,0.0
1779988773512,2,12.00000015,Lower Delivery,Delivery,pitch.1,439368,7.4668,-13.7142,103.3452,-156.7085,121.5847,24.1064,-0.1566,-0.2019
1779988773512,2,12.00000018,Upper Delivery,Delivery,pitch.1,440223,-0.3951,-1.444,3.9804,12.1085,-0.5136,4.9694,0.0172,0.327
1779988773512,2,Pitching Mound.Delivery,,Delivery,pitch.1,439064,7.0718,-15.1582,107.3255,-110.8159,121.0711,26.4028,-0.1502,0.1325
1779988773512,2,Pitching Mound.Drive,,Delivery,pitch.1,439643,-0.066,-0.3276,1.8303,0.7424,-2.6992,-2.4339,0.0,0.0
1779988773512,2,Pitching Mound.Parent,,Delivery,pitch.1,438684,7.0058,-15.4857,109.1558,-110.0735,118.3719,23.9689,-0.1477,0.1303
1779988773513,2,11.0000004b,Drive,Delivery,pitch.1,439644,-0.0586,-0.3277,1.7769,0.7382,-2.6776,-2.4063,0.0,0.0
1779988773513,2,12.00000015,Lower Delivery,Delivery,pitch.1,439369,7.4642,-13.8204,103.5787,-156.9758,121.7349,24.1146,-0.1565,-0.2018
1779988773513,2,12.00000018,Upper Delivery,Delivery,pitch.1,440224,-0.464,-1.4663,4.0943,12.2575,-0.2706,4.9054,0.0088,0.327
1779988773513,2,Pitching Mound.Delivery,,Delivery,pitch.1,439065,7.0002,-15.2867,107.673,-110.8935,121.4643,26.3244,-0.1502,0.1325
1779988773513,2,Pitching Mound.Drive,,Delivery,pitch.1,439644,-0.0586,-0.3277,1.7769,0.7382,-2.6776,-2.4063,0.0,0.0
1779988773513,2,Pitching Mound.Parent,,Delivery,pitch.1,438685,6.9416,-15.6145,109.4498,-110.1553,118.7867,23.9182,-0.1477,0.1303
1779988773514,2,11.0000004b,Drive,Delivery,pitch.1,439645,-0.0659,-0.3313,1.7897,0.7502,-2.6959,-2.3977,0.0,0.0
1779988773514,2,12.00000015,Lower Delivery,Delivery,pitch.1,439370,7.4365,-13.919,103.6309,-157.0216,121.9764,24.1763,-0.1567,-0.2017
1779988773514,2,12.00000018,Upper Delivery,Delivery,pitch.1,440225,-0.3848,-1.4275,3.8909,11.9627,-0.3659,4.9106,0.0125,0.327
1779988773514,2,Pitching Mound.Delivery,,Delivery,pitch.1,439066,7.0517,-15.3465,107.5218,-111.1474,121.6105,26.4277,-0.1506,0.1328
1779988773514,2,Pitching Mound.Drive,,Delivery,pitch.1,439645,-0.0659,-0.3313,1.7897,0.7502,-2.6959,-2.3977,0.0,0.0
1779988773514,2,Pitching Mound.Parent,,Delivery,pitch.1,438686,6.9859,-15.6779,109.3115,-110.3971,118.9147,24.03,-0.1481,0.1306
1779988773515,2,11.0000004b,Drive,Delivery,pitch.1,439646,-0.0655,-0.3238,1.7717,0.7492,-2.7076,-2.4145,0.0,0.0
1779988773515,2,12.00000015,Lower Delivery,Delivery,pitch.1,439371,7.4118,-13.9946,103.5946,-156.8273,121.9704,24.1929,-0.1567,-0.2015
1779988773515,2,12.00000018,Upper Delivery,Delivery,pitch.1,440226,-0.3753,-1.4021,4.0077,12.0659,-0.2786,4.884,0.0093,0.327
1779988773515,2,Pitching Mound.Delivery,,Delivery,pitch.1,439067,7.0365,-15.3966,107.6023,-110.9019,121.6918,26.4292,-0.1506,0.1328
1779988773515,2,Pitching Mound.Drive,,Delivery,pitch.1,439646,-0.0655,-0.3238,1.7717,0.7492,-2.7076,-2.4145,0.0,0.0
1779988773515,2,Pitching Mound.Parent,,Delivery,pitch.1,438687,6.971,-15.7205,109.374,-110.1527,118.9842,24.0147,-0.1481,0.1307
1779988773516,2,11.0000004b,Drive,Delivery,pitch.1,439647,-0.0543,-0.3102,1.7504,0.7544,-2.7659,-2.4248,0.0,0.0
1779988773516,2,12.00000015,Lower Delivery,Delivery,pitch.1,439372,7.4021,-14.0702,103.7733,-156.7233,122.1028,24.2167,-0.1566,-0.2011
1779988773516,2,12.00000018,Upper Delivery,Delivery,pitch.1,440227,-0.3522,-1.4153,3.8926,12.0907,-0.1947,4.8222,0.0067,0.327
1779988773516,2,Pitching Mound.Delivery,,Delivery,pitch.1,439068,7.0499,-15.4855,107.666,-110.6731,121.9081,26.4024,-0.1507,0.1335
1779988773516,2,Pitching Mound.Drive,,Delivery,pitch.1,439647,-0.0543,-0.3102,1.7504,0.7544,-2.7659,-2.4248,0.0,0.0
1779988773516,2,Pitching Mound.Parent,,Delivery,pitch.1,438688,6.9957,-15.7957,109.4163,-109.9187,119.1422,23.9776,-0.1483,0.1313
1779988773517,2,11.0000004b,Drive,Delivery,pitch.1,439648,-0.0523,-0.3067,1.7665,0.7404,-2.7358,-2.3899,0.0,0.0
1779988773517,2,12.00000015,Lower Delivery,Delivery,pitch.1,439373,7.3936,-14.1702,103.7268,-156.8277,122.0455,24.2163,-0.1566,-0.2013
1779988773517,2,12.00000018,Upper Delivery,Delivery,pitch.1,440228,-0.4122,-1.4322,4.1821,12.2206,-0.1196,4.8067,0.0038,0.327
1779988773517,2,Pitching Mound.Delivery,,Delivery,pitch.1,439069,6.9814,-15.6024,107.909,-110.7619,121.9259,26.3691,-0.1504,0.1328
1779988773517,2,Pitching Mound.Drive,,Delivery,pitch.1,439648,-0.0523,-0.3067,1.7665,0.7404,-2.7358,-2.3899,0.0,0.0
1779988773517,2,Pitching Mound.Parent,,Delivery,pitch.1,438689,6.9291,-15.9092,109.6755,-110.0215,119.1901,23.9792,-0.148,0.1307
1779988773518,2,11.0000004b,Drive,Delivery,pitch.1,439649,-0.0376,-0.2926,1.7045,0.7289,-2.7982,-2.3939,0.0,0.0
1779988773518,2,12.00000015,Lower Delivery,Delivery,pitch.1,439374,7.3405,-14.2299,103.7969,-156.6608,121.9974,24.3034,-0.1565,-0.2009
1779988773518,2,12.00000018,Upper Delivery,Delivery,pitch.1,440229,-0.4062,-1.4062,4.472,12.2832,0.0667,4.8127,-0.002,0.327
1779988773518,2,Pitching Mound.Delivery,,Delivery,pitch.1,439070,6.9343,-15.6361,108.2689,-110.6071,122.0641,26.4821,-0.1501,0.1328
1779988773518,2,Pitching Mound.Drive,,Delivery,pitch.1,439649,-0.0376,-0.2926,1.7045,0.7289,-2.7982,-2.3939,0.0,0.0
1779988773518,2,Pitching Mound.Parent,,Delivery,pitch.1,438690,6.8967,-15.9287,109.9734,-109.8782,119.2659,24.0883,-0.1478,0.1307
1779988773519,2,11.0000004b,Drive,Delivery,pitch.1,439650,-0.0158,-0.2715,1.597,0.7146,-2.776,-2.3469,0.0,0.0
1779988773519,2,12.00000015,Lower Delivery,Delivery,pitch.1,439375,7.3237,-14.2944,103.7522,-156.4679,122.1517,24.306,-0.1567,-0.2008
1779988773519,2,12.00000018,Upper Delivery,Delivery,pitch.1,440230,-0.3662,-1.3703,4.3737,12.0516,0.0405,4.7774,-0.0012,0.327
1779988773519,2,Pitching Mound.Delivery,,Delivery,pitch.1,439071,6.9576,-15.6647,108.1258,-110.6275,122.1921,26.4689,-0.1504,0.1331
1779988773519,2,Pitching Mound.Drive,,Delivery,pitch.1,439650,-0.0158,-0.2715,1.597,0.7146,-2.776,-2.3469,0.0,0.0
1779988773519,2,Pitching Mound.Parent,,Delivery,pitch.1,438691,6.9418,-15.9361,109.7228,-109.913,119.4162,24.122,-0.1483,0.1311
1779988773520,2,11.0000004b,Drive,Delivery,pitch.1,439651,-0.0251,-0.3021,1.6779,0.72,-2.9357,-2.3553,0.0,0.0
1779988773520,2,12.00000015,Lower Delivery,Delivery,pitch.1,439376,7.2848,-14.3671,103.921,-156.2837,122.3425,24.3337,-0.1567,-0.2002
1779988773520,2,12.00000018,Upper Delivery,Delivery,pitch.1,440231,-0.4058,-1.3913,4.5564,12.3175,0.2245,4.7395,-0.0066,0.327
1779988773520,2,Pitching Mound.Delivery,,Delivery,pitch.1,439072,6.8789,-15.7584,108.4774,-110.1822,122.5669,26.4584,-0.1504,0.1334
1779988773520,2,Pitching Mound.Drive,,Delivery,pitch.1,439651,-0.0251,-0.3021,1.6779,0.72,-2.9357,-2.3553,0.0,0.0
1779988773520,2,Pitching Mound.Parent,,Delivery,pitch.1,438692,6.8538,-16.0605,110.1553,-109.4623,119.6312,24.1031,-0.1481,0.1313
1779988773521,2,11.0000004b,Drive,Delivery,pitch.1,439652,-0.0203,-0.3146,1.7067,0.7274,-3.0062,-2.4109,0.0,0.0
1779988773521,2,12.00000015,Lower Delivery,Delivery,pitch.1,439377,7.2655,-14.4173,104.0893,-156.1673,122.3794,24.3753,-0.1565,-0.1997
1779988773521,2,12.00000018,Upper Delivery,Delivery,pitch.1,440232,-0.428,-1.3675,4.8573,12.2527,0.131,4.7131,-0.0036,0.327
1779988773521,2,Pitching Mound.Delivery,,Delivery,pitch.1,439073,6.8375,-15.7848,108.9467,-110.1757,122.5105,26.4726,-0.1497,0.1334
1779988773521,2,Pitching Mound.Drive,,Delivery,pitch.1,439652,-0.0203,-0.3146,1.7067,0.7274,-3.0062,-2.4109,0.0,0.0
1779988773521,2,Pitching Mound.Parent,,Delivery,pitch.1,438693,6.8171,-16.0994,110.6533,-109.4484,119.5043,24.0617,-0.1474,0.1314
1779988773522,2,11.0000004b,Drive,Delivery,pitch.1,439653,-0.0335,-0.3148,1.7323,0.7093,-2.8845,-2.3624,0.0,0.0
1779988773522,2,12.00000015,Lower Delivery,Delivery,pitch.1,439378,7.23,-14.4696,104.3924,-155.9031,122.538,24.3626,-0.1563,-0.1988
1779988773522,2,12.00000018,Upper Delivery,Delivery,pitch.1,440233,-0.4113,-1.3886,4.7128,12.0732,0.3018,4.6927,-0.0085,0.327
1779988773522,2,Pitching Mound.Delivery,,Delivery,pitch.1,439074,6.8187,-15.8582,109.1051,-109.9388,122.8398,26.4572,-0.1499,0.1345
1779988773522,2,Pitching Mound.Drive,,Delivery,pitch.1,439653,-0.0335,-0.3148,1.7323,0.7093,-2.8845,-2.3624,0.0,0.0
1779988773522,2,Pitching Mound.Parent,,Delivery,pitch.1,438694,6.7852,-16.173,110.8375,-109.2295,119.9554,24.0949,-0.1475,0.1324
1779988773523,2,11.0000004b,Drive,Delivery,pitch.1,439654,-0.0166,-0.3375,1.6908,0.75,-3.011,-2.4048,0.0,0.0
1779988773523,2,12.00000015,Lower Delivery,Delivery,pitch.1,439379,7.2188,-14.5308,104.4391,-155.7968,122.8033,24.3965,-0.1565,-0.1986
1779988773523,2,12.00000018,Upper Delivery,Delivery,pitch.1,440234,-0.4238,-1.3786,4.6815,11.8623,0.1293,4.6728,-0.0037,0.327
1779988773523,2,Pitching Mound.Delivery,,Delivery,pitch.1,439075,6.795,-15.9095,109.1206,-110.0169,122.9326,26.4708,-0.15,0.1348
1779988773523,2,Pitching Mound.Drive,,Delivery,pitch.1,439654,-0.0166,-0.3375,1.6908,0.75,-3.011,-2.4048,0.0,0.0
1779988773523,2,Pitching Mound.Parent,,Delivery,pitch.1,438695,6.7784,-16.247,110.8114,-109.267,119.9216,24.066,-0.1477,0.1327
1779988773524,2,11.0000004b,Drive,Delivery,pitch.1,439655,-0.0328,-0.3356,1.7379,0.7573,-3.0468,-2.4229,0.0,0.0
1779988773524,2,12.00000015,Lower Delivery,Delivery,pitch.1,439380,7.175,-14.5696,104.6097,-155.762,122.8471,24.4071,-0.1563,-0.1982
1779988773524,2,12.00000018,Upper Delivery,Delivery,pitch.1,440235,-0.3391,-1.3553,4.9431,11.8296,0.0882,4.6665,-0.0024,0.3186
1779988773524,2,Pitching Mound.Delivery,,Delivery,pitch.1,439076,6.8359,-15.9249,109.5527,-110.0458,122.9353,26.5188,-0.1494,0.1344
1779988773524,2,Pitching Mound.Drive,,Delivery,pitch.1,439655,-0.0328,-0.3356,1.7379,0.7573,-3.0468,-2.4229,0.0,0.0
1779988773524,2,Pitching Mound.Parent,,Delivery,pitch.1,438696,6.8031,-16.2605,111.2906,-109.2885,119.8884,24.0959,-0.1471,0.1323
1779988773525,2,11.0000004b,Drive,Delivery,pitch.1,439656,-0.0442,-0.3357,1.715,0.757,-2.9876,-2.4449,0.0,0.0
1779988773525,2,12.00000015,Lower Delivery,Delivery,pitch.1,439381,7.1484,-14.6546,104.8461,-155.8122,122.8931,24.4311,-0.156,-0.1978
1779988773525,2,12.00000018,Upper Delivery,Delivery,pitch.1,440236,-0.2652,-1.3061,4.9581,11.6819,0.0375,4.6787,-0.001,0.3137
1779988773525,2,Pitching Mound.Delivery,,Delivery,pitch.1,439077,6.8832,-15.9608,109.8042,-110.1684,122.9306,26.5892,-0.149,0.1346
1779988773525,2,Pitching Mound.Drive,,Delivery,pitch.1,439656,-0.0442,-0.3357,1.715,0.757,-2.9876,-2.4449,0.0,0.0
1779988773525,2,Pitching Mound.Parent,,Delivery,pitch.1,438697,6.839,-16.2965,111.5192,-109.4114,119.9431,24.1443,-0.1467,0.1325
1779988773526,2,11.0000004b,Drive,Delivery,pitch.1,439657,-0.0405,-0.3619,1.7582,0.7699,-3.1608,-2.4432,0.0,0.0
1779988773526,2,12.00000015,Lower Delivery,Delivery,pitch.1,439382,7.1403,-14.6824,104.9645,-155.8468,123.0455,24.4731,-0.1561,-0.1977
1779988773526,2,12.00000018,Upper Delivery,Delivery,pitch.1,440237,-0.2735,-1.3086,4.6585,11.6186,-0.3235,4.6323,0.0092,0.327
1779988773526,2,Pitching Mound.Delivery,,Delivery,pitch.1,439078,6.8668,-15.9911,109.623,-110.1241,122.722,26.5846,-0.149,0.1357
1779988773526,2,Pitching Mound.Drive,,Delivery,pitch.1,439657,-0.0405,-0.3619,1.7582,0.7699,-3.1608,-2.4432,0.0,0.0
1779988773526,2,Pitching Mound.Parent,,Delivery,pitch.1,438698,6.8263,-16.3529,111.3811,-109.3543,119.5612,24.1414,-0.1467,0.1336
1779988773527,2,11.0000004b,Drive,Delivery,pitch.1,439658,-0.0354,-0.345,1.7372,0.7628,-3.0386,-2.422,0.0,0.0
1779988773527,2,12.00000015,Lower Delivery,Delivery,pitch.1,439383,7.0929,-14.6936,105.2042,-156.0936,123.268,24.4817,-0.156,-0.1975
1779988773527,2,12.00000018,Upper Delivery,Delivery,pitch.1,440238,-0.2745,-1.286,4.7322,11.8212,-0.6065,4.6525,0.0171,0.327
1779988773527,2,Pitching Mound.Delivery,,Delivery,pitch.1,439079,6.8184,-15.9796,109.9364,-110.1118,122.6615,26.6293,-0.1485,0.1358
1779988773527,2,Pitching Mound.Drive,,Delivery,pitch.1,439658,-0.0354,-0.345,1.7372,0.7628,-3.0386,-2.422,0.0,0.0
1779988773527,2,Pitching Mound.Parent,,Delivery,pitch.1,438699,6.783,-16.3246,111.6735,-109.3491,119.6229,24.2074,-0.1462,0.1337
1779988773528,2,11.0000004b,Drive,Delivery,pitch.1,439659,-0.0292,-0.3677,1.7274,0.7537,-3.0065,-2.4333,0.0,0.0
1779988773528,2,12.00000015,Lower Delivery,Delivery,pitch.1,439384,7.0922,-14.7422,105.2053,-156.0194,123.3597,24.5032,-0.1561,-0.1974
1779988773528,2,12.00000018,Upper Delivery,Delivery,pitch.1,440239,-0.1298,-1.2461,4.4131,11.0732,-0.4866,4.5839,0.0147,0.327
1779988773528,2,Pitching Mound.Delivery,,Delivery,pitch.1,439080,6.9624,-15.9883,109.6184,-110.6769,122.8731,26.6316,-0.1492,0.1363
1779988773528,2,Pitching Mound.Drive,,Delivery,pitch.1,439659,-0.0292,-0.3677,1.7274,0.7537,-3.0065,-2.4333,0.0,0.0
1779988773528,2,Pitching Mound.Parent,,Delivery,pitch.1,438700,6.9332,-16.3559,111.3457,-109.9232,119.8666,24.1983,-0.1469,0.1342
1779988773529,2,11.0000004b,Drive,Delivery,pitch.1,439660,-0.0375,-0.3386,1.7786,0.7594,-2.9113,-2.441,0.0,0.0
1779988773529,2,12.00000015,Lower Delivery,Delivery,pitch.1,439385,7.0926,-14.769,105.4254,-155.8949,123.5351,24.538,-0.156,-0.1969
1779988773529,2,12.00000018,Upper Delivery,Delivery,pitch.1,440240,-0.1279,-1.2547,4.1576,10.6312,-0.5247,4.5289,0.0168,0.327
1779988773529,2,Pitching Mound.Delivery,,Delivery,pitch.1,439081,6.9647,-16.0237,109.583,-110.8327,123.0104,26.6119,-0.1494,0.1372
1779988773529,2,Pitching Mound.Drive,,Delivery,pitch.1,439660,-0.0375,-0.3386,1.7786,0.7594,-2.9113,-2.441,0.0,0.0
1779988773529,2,Pitching Mound.Parent,,Delivery,pitch.1,438701,6.9273,-16.3622,111.3616,-110.0733,120.0992,24.1709,-0.1471,0.135
1779988773530,2,11.0000004b,Drive,Delivery,pitch.1,439661,-0.0447,-0.3452,1.7866,0.7641,-2.8463,-2.4586,0.0,0.0
1779988773530,2,12.00000015,Lower Delivery,Delivery,pitch.1,439386,7.0541,-14.8261,105.7922,-156.08,123.549,24.5514,-0.1555,-0.1964
1779988773530,2,12.00000018,Upper Delivery,Delivery,pitch.1,440241,-0.1155,-1.2557,4.328,10.5752,-0.4713,4.5317,0.0145,0.3253
1779988773530,2,Pitching Mound.Delivery,,Delivery,pitch.1,439082,6.9386,-16.0817,110.1202,-111.007,123.0777,26.6455,-0.1488,0.1374
1779988773530,2,Pitching Mound.Drive,,Delivery,pitch.1,439661,-0.0447,-0.3452,1.7866,0.7641,-2.8463,-2.4586,0.0,0.0
1779988773530,2,Pitching Mound.Parent,,Delivery,pitch.1,438702,6.8939,-16.4269,111.9069,-110.2428,120.2314,24.1869,-0.1464,0.1352
1779988773531,2,11.0000004b,Drive,Delivery,pitch.1,439662,-0.0224,-0.3356,1.7136,0.7591,-2.7575,-2.4506,0.0,0.0
1779988773531,2,12.00000015,Lower Delivery,Delivery,pitch.1,439387,7.0512,-14.8612,105.8194,-156.0003,123.5927,24.5988,-0.1555,-0.1963
1779988773531,2,12.00000018,Upper Delivery,Delivery,pitch.1,440242,-0.0417,-1.2137,4.0194,10.2452,-0.4171,4.4833,0.0138,0.327
1779988773531,2,Pitching Mound.Delivery,,Delivery,pitch.1,439083,7.0095,-16.0749,109.8388,-111.1431,123.1756,26.6705,-0.1493,0.138
1779988773531,2,Pitching Mound.Drive,,Delivery,pitch.1,439662,-0.0224,-0.3356,1.7136,0.7591,-2.7575,-2.4506,0.0,0.0
1779988773531,2,Pitching Mound.Parent,,Delivery,pitch.1,438703,6.9872,-16.4105,111.5523,-110.384,120.4181,24.2199,-0.147,0.1359
1779988773532,2,11.0000004b,Drive,Delivery,pitch.1,439663,-0.0468,-0.3455,1.7142,0.7384,-2.6256,-2.4304,0.0,0.0
1779988773532,2,12.00000015,Lower Delivery,Delivery,pitch.1,439388,7.0391,-14.9264,105.8679,-155.9273,123.6407,24.6325,-0.1555,-0.1961
1779988773532,2,12.00000018,Upper Delivery,Delivery,pitch.1,440243,-0.0421,-1.2435,3.8546,9.9893,-0.4707,4.4441,0.0163,0.327
1779988773532,2,Pitching Mound.Delivery,,Delivery,pitch.1,439084,6.9969,-16.1699,109.7225,-111.2535,123.17,26.669,-0.1494,0.1384
1779988773532,2,Pitching Mound.Drive,,Delivery,pitch.1,439663,-0.0468,-0.3455,1.7142,0.7384,-2.6256,-2.4304,0.0,0.0
1779988773532,2,Pitching Mound.Parent,,Delivery,pitch.1,438704,6.9501,-16.5154,111.4368,-110.5151,120.5443,24.2386,-0.1471,0.1363
1779988773533,2,11.0000004b,Drive,Delivery,pitch.1,439664,-0.0499,-0.3507,1.7422,0.764,-2.6074,-2.465,0.0,0.0
1779988773533,2,12.00000015,Lower Delivery,Delivery,pitch.1,439389,7.0271,-14.9687,105.8891,-155.8176,123.7292,24.7201,-0.1556,-0.1959
1779988773533,2,12.00000018,Upper Delivery,Delivery,pitch.1,440244,-0.0004,-1.1889,3.812,9.7645,-0.6232,4.3822,0.0218,0.327
1779988773533,2,Pitching Mound.Delivery,,Delivery,pitch.1,439085,7.0267,-16.1576,109.7011,-111.347,123.106,26.713,-0.1494,0.1386
1779988773533,2,Pitching Mound.Drive,,Delivery,pitch.1,439664,-0.0499,-0.3507,1.7422,0.764,-2.6074,-2.465,0.0,0.0
1779988773533,2,Pitching Mound.Parent,,Delivery,pitch.1,438705,6.9768,-16.5082,111.4433,-110.583,120.4986,24.248,-0.1471,0.1365
1779988773534,2,11.0000004b,Drive,Delivery,pitch.1,439665,-0.05,-0.3522,1.7402,0.765,-2.4312,-2.4413,0.0,0.0
1779988773534,2,12.00000015,Lower Delivery,Delivery,pitch.1,439390,7.0012,-15.0171,106.1675,-155.7772,123.6304,24.7287,-0.155,-0.1953
1779988773534,2,12.00000018,Upper Delivery,Delivery,pitch.1,440245,-0.005,-1.2021,3.8217,9.8155,-0.7517,4.3365,0.0262,0.327
1779988773534,2,Pitching Mound.Delivery,,Delivery,pitch.1,439086,6.9962,-16.2192,109.9892,-111.1641,122.8787,26.683,-0.1487,0.1392
1779988773534,2,Pitching Mound.Drive,,Delivery,pitch.1,439665,-0.05,-0.3522,1.7402,0.765,-2.4312,-2.4413,0.0,0.0
1779988773534,2,Pitching Mound.Parent,,Delivery,pitch.1,438706,6.9463,-16.5714,111.7293,-110.3991,120.4475,24.2417,-0.1464,0.137
1779988773535,2,11.0000004b,Drive,Delivery,pitch.1,439666,-0.0411,-0.3595,1.7011,0.7816,-2.4523,-2.4087,0.0,0.0
1779988773535,2,12.00000015,Lower Delivery,Delivery,pitch.1,439391,6.9637,-15.0439,106.2845,-155.841,123.5604,24.8396,-0.1548,-0.1952
1779988773535,2,12.00000018,Upper Delivery,Delivery,pitch.1,440246,0.0563,-1.194,3.6527,9.5687,-0.7052,4.2685,0.0257,0.327
1779988773535,2,Pitching Mound.Delivery,,Delivery,pitch.1,439087,7.0201,-16.2379,109.9372,-111.3775,122.8552,26.7596,-0.1488,0.1396
1779988773535,2,Pitching Mound.Drive,,Delivery,pitch.1,439666,-0.0411,-0.3595,1.7011,0.7816,-2.4523,-2.4087,0.0,0.0
1779988773535,2,Pitching Mound.Parent,,Delivery,pitch.1,438707,6.979,-16.5974,111.6383,-110.5959,120.4029,24.3509,-0.1465,0.1374
1779988773536,2,11.0000004b,Drive,Delivery,pitch.1,439667,-0.0514,-0.3723,1.7068,0.7787,-2.3882,-2.4014,0.0,0.0
1779988773536,2,12.00000015,Lower Delivery,Delivery,pitch.1,439392,6.9568,-15.0946,106.3375,-155.7035,123.7254,24.9032,-0.1549,-0.1949
1779988773536,2,12.00000018,Upper Delivery,Delivery,pitch.1,440247,0.0898,-1.1889,3.4489,9.3439,-0.8543,4.1907,0.033,0.327
1779988773536,2,Pitching Mound.Delivery,,Delivery,pitch.1,439088,7.0466,-16.2835,109.7865,-111.3774,122.8712,26.7592,-0.149,0.1401
1779988773536,2,Pitching Mound.Drive,,Delivery,pitch.1,439667,-0.0514,-0.3723,1.7068,0.7787,-2.3882,-2.4014,0.0,0.0
1779988773536,2,Pitching Mound.Parent,,Delivery,pitch.1,438708,6.9953,-16.6558,111.4933,-110.5987,120.483,24.3578,-0.1467,0.138
1779988773537,2,11.0000004b,Drive,Delivery,pitch.1,439668,-0.0459,-0.3582,1.7118,0.7877,-2.4153,-2.398,0.0,0.0
1779988773537,2,12.00000015,Lower Delivery,Delivery,pitch.1,439393,6.9468,-15.1302,106.2326,-155.8258,123.8782,24.9,-0.1552,-0.1953
1779988773537,2,12.00000018,Upper Delivery,Delivery,pitch.1,440248,0.0773,-1.2034,3.5628,9.394,-0.8884,4.1573,0.0332,0.327
1779988773537,2,Pitching Mound.Delivery,,Delivery,pitch.1,439089,7.0241,-16.3336,109.7954,-111.5241,122.9898,26.7217,-0.1491,0.1396
1779988773537,2,Pitching Mound.Drive,,Delivery,pitch.1,439668,-0.0459,-0.3582,1.7118,0.7877,-2.4153,-2.398,0.0,0.0
1779988773537,2,Pitching Mound.Parent,,Delivery,pitch.1,438709,6.9782,-16.6918,111.5072,-110.7365,120.5745,24.3237,-0.1468,0.1375
1779988773538,2,11.0000004b,Drive,Delivery,pitch.1,439669,-0.0655,-0.3845,1.8078,0.8006,-2.3644,-2.3914,0.0,0.0
1779988773538,2,12.00000015,Lower Delivery,Delivery,pitch.1,439394,6.9867,-15.159,105.8881,-155.8899,124.0688,25.0029,-0.156,-0.196
1779988773538,2,12.00000018,Upper Delivery,Delivery,pitch.1,440249,0.1112,-1.2188,3.2648,9.1291,-0.8271,4.0983,0.0337,0.327
1779988773538,2,Pitching Mound.Delivery,,Delivery,pitch.1,439090,7.0978,-16.3778,109.1528,-111.8688,123.2417,26.7636,-0.1503,0.1393
1779988773538,2,Pitching Mound.Drive,,Delivery,pitch.1,439669,-0.0655,-0.3845,1.8078,0.8006,-2.3644,-2.3914,0.0,0.0
1779988773538,2,Pitching Mound.Parent,,Delivery,pitch.1,438710,7.0323,-16.7623,110.9606,-111.0682,120.8773,24.3721,-0.1479,0.137
1779988773539,2,11.0000004b,Drive,Delivery,pitch.1,439670,-0.0589,-0.395,1.766,0.8416,-2.2106,-2.3725,0.0,0.0
1779988773539,2,12.00000015,Lower Delivery,Delivery,pitch.1,439395,6.9761,-15.18,106.0161,-155.9007,124.1623,25.0749,-0.1559,-0.1958
1779988773539,2,12.00000018,Upper Delivery,Delivery,pitch.1,440250,0.0414,-1.2167,3.5515,9.5475,-0.6831,4.0539,0.0256,0.327
1779988773539,2,Pitching Mound.Delivery,,Delivery,pitch.1,439091,7.0176,-16.3967,109.5676,-111.5153,123.4792,26.771,-0.15,0.1391
1779988773539,2,Pitching Mound.Drive,,Delivery,pitch.1,439670,-0.0589,-0.395,1.766,0.8416,-2.2106,-2.3725,0.0,0.0
1779988773539,2,Pitching Mound.Parent,,Delivery,pitch.1,438711,6.9586,-16.7916,111.3336,-110.6737,121.2685,24.3985,-0.1477,0.1369
1779988773540,2,11.0000004b,Drive,Delivery,pitch.1,439671,-0.0466,-0.3799,1.7408,0.8083,-1.901,-2.3709,0.0,0.0
1779988773540,2,12.00000015,Lower Delivery,Delivery,pitch.1,439396,6.9759,-15.1935,105.7045,-155.9137,124.1559,25.1462,-0.1564,-0.1964
1779988773540,2,12.00000018,Upper Delivery,Delivery,pitch.1,440251,0.0787,-1.2093,3.5568,9.3928,-0.6717,4.0078,0.0251,0.327
1779988773540,2,Pitching Mound.Delivery,,Delivery,pitch.1,439092,7.0546,-16.4028,109.2612,-111.7907,123.4843,26.8089,-0.1505,0.1385
1779988773540,2,Pitching Mound.Drive,,Delivery,pitch.1,439671,-0.0466,-0.3799,1.7408,0.8083,-1.901,-2.3709,0.0,0.0
1779988773540,2,Pitching Mound.Parent,,Delivery,pitch.1,438712,7.008,-16.7827,111.002,-110.9824,121.5832,24.4379,-0.1481,0.1364
1779988773541,2,11.0000004b,Drive,Delivery,pitch.1,439672,-0.0577,-0.3724,1.7405,0.78,-1.9436,-2.3748,0.0,0.0
1779988773541,2,12.00000015,Lower Delivery,Delivery,pitch.1,439397,7.0134,-15.2006,105.5193,-155.8814,124.2907,25.2333,-0.1568,-0.1967
1779988773541,2,12.00000018,Upper Delivery,Delivery,pitch.1,440252,0.0684,-1.2149,3.2189,9.3346,-0.7173,3.9619,0.0297,0.327
1779988773541,2,Pitching Mound.Delivery,,Delivery,pitch.1,439093,7.0818,-16.4156,108.7382,-111.7647,123.5734,26.8338,-0.1513,0.1387
1779988773541,2,Pitching Mound.Drive,,Delivery,pitch.1,439672,-0.0577,-0.3724,1.7405,0.78,-1.9436,-2.3748,0.0,0.0
1779988773541,2,Pitching Mound.Parent,,Delivery,pitch.1,438713,7.024,-16.7879,110.4787,-110.9847,121.6298,24.459,-0.1489,0.1365
1779988773542,2,11.0000004b,Drive,Delivery,pitch.1,439673,-0.0715,-0.3628,1.7693,0.7568,-1.9699,-2.3828,0.0,0.0
1779988773542,2,12.00000015,Lower Delivery,Delivery,pitch.1,439398,7.0485,-15.2034,105.4658,-156.0558,124.3353,25.3419,-0.1569,-0.197
1779988773542,2,12.00000018,Upper Delivery,Delivery,pitch.1,440253,0.0695,-1.1867,3.2422,9.3247,-0.9794,3.9417,0.0402,0.327
1779988773542,2,Pitching Mound.Delivery,,Delivery,pitch.1,439094,7.118,-16.3901,108.708,-111.9751,123.356,26.9107,-0.1511,0.1384
1779988773542,2,Pitching Mound.Drive,,Delivery,pitch.1,439673,-0.0715,-0.3628,1.7693,0.7568,-1.9699,-2.3828,0.0,0.0
1779988773542,2,Pitching Mound.Parent,,Delivery,pitch.1,438714,7.0465,-16.7529,110.4773,-111.2183,121.386,24.528,-0.1486,0.1361
1779988773543,2,11.0000004b,Drive,Delivery,pitch.1,439674,-0.0621,-0.3559,1.7184,0.7406,-2.1451,-2.3793,0.0,0.0
1779988773543,2,12.00000015,Lower Delivery,Delivery,pitch.1,439399,7.0582,-15.1925,105.4363,-156.0189,124.5152,25.339,-0.1572,-0.197
1779988773543,2,12.00000018,Upper Delivery,Delivery,pitch.1,440254,0.0958,-1.1683,3.3686,9.652,-0.9792,3.8972,0.0387,0.327
1779988773543,2,Pitching Mound.Delivery,,Delivery,pitch.1,439095,7.1539,-16.3608,108.8049,-111.6638,123.536,26.869,-0.1512,0.1382
1779988773543,2,Pitching Mound.Drive,,Delivery,pitch.1,439674,-0.0621,-0.3559,1.7184,0.7406,-2.1451,-2.3793,0.0,0.0
1779988773543,2,Pitching Mound.Parent,,Delivery,pitch.1,438715,7.0919,-16.7166,110.5232,-110.9232,121.3909,24.4897,-0.1488,0.136
1779988773544,2,11.0000004b,Drive,Delivery,pitch.1,439675,-0.0645,-0.3594,1.7096,0.7418,-2.0856,-2.3842,0.0,0.0
1779988773544,2,12.00000015,Lower Delivery,Delivery,pitch.1,439400,7.0853,-15.2152,105.4545,-155.9694,124.6357,25.3964,-0.1573,-0.1969
1779988773544,2,12.00000018,Upper Delivery,Delivery,pitch.1,440255,0.1685,-1.1038,3.1264,9.1293,-0.9268,3.8223,0.0395,0.327
1779988773544,2,Pitching Mound.Delivery,,Delivery,pitch.1,439096,7.2539,-16.319,108.5809,-112.0485,123.709,26.8669,-0.1517,0.1386
1779988773544,2,Pitching Mound.Drive,,Delivery,pitch.1,439675,-0.0645,-0.3594,1.7096,0.7418,-2.0856,-2.3842,0.0,0.0
1779988773544,2,Pitching Mound.Parent,,Delivery,pitch.1,438716,7.1894,-16.6784,110.2906,-111.3067,121.6234,24.4827,-0.1493,0.1365
1779988773545,2,11.0000004b,Drive,Delivery,pitch.1,439676,-0.0505,-0.3426,1.7117,0.7459,-2.1233,-2.3837,0.0,0.0
1779988773545,2,12.00000015,Lower Delivery,Delivery,pitch.1,439401,7.1028,-15.2286,105.4811,-155.929,124.6986,25.49,-0.1574,-0.1968
1779988773545,2,12.00000018,Upper Delivery,Delivery,pitch.1,440256,0.0821,-1.1799,3.2523,9.8892,-1.0846,3.7873,0.0444,0.327
1779988773545,2,Pitching Mound.Delivery,,Delivery,pitch.1,439097,7.1849,-16.4085,108.7334,-111.2821,123.614,26.8902,-0.1513,0.1385
1779988773545,2,Pitching Mound.Drive,,Delivery,pitch.1,439676,-0.0505,-0.3426,1.7117,0.7459,-2.1233,-2.3837,0.0,0.0
1779988773545,2,Pitching Mound.Parent,,Delivery,pitch.1,438717,7.1344,-16.7512,110.4451,-110.5362,121.4908,24.5065,-0.149,0.1364
1779988773546,2,11.0000004b,Drive,Delivery,pitch.1,439677,-0.076,-0.3348,1.7387,0.7226,-2.3331,-2.4036,0.0,0.0
1779988773546,2,12.00000015,Lower Delivery,Delivery,pitch.1,439402,7.1429,-15.2663,105.5658,-156.0378,124.9978,25.5275,-0.1576,-0.1968
1779988773546,2,12.00000018,Upper Delivery,Delivery,pitch.1,440257,0.0837,-1.228,3.1928,9.7923,-1.2244,3.7502,0.0511,0.327
1779988773546,2,Pitching Mound.Delivery,,Delivery,pitch.1,439098,7.2266,-16.4943,108.7586,-111.4387,123.7734,26.8775,-0.1515,0.1386
1779988773546,2,Pitching Mound.Drive,,Delivery,pitch.1,439677,-0.076,-0.3348,1.7387,0.7226,-2.3331,-2.4036,0.0,0.0
1779988773546,2,Pitching Mound.Parent,,Delivery,pitch.1,438718,7.1505,-16.8291,110.4973,-110.716,121.4403,24.4739,-0.1491,0.1365
1779988773547,2,11.0000004b,Drive,Delivery,pitch.1,439678,-0.0832,-0.3227,1.7745,0.7259,-2.4469,-2.4351,0.0,0.0
1779988773547,2,12.00000015,Lower Delivery,Delivery,pitch.1,439403,7.1659,-15.2776,105.6335,-155.9895,125.0689,25.5843,-0.1576,-0.1966
1779988773547,2,12.00000018,Upper Delivery,Delivery,pitch.1,440258,0.0639,-1.2112,3.3183,10.2396,-1.4108,3.7186,0.0566,0.327
1779988773547,2,Pitching Mound.Delivery,,Delivery,pitch.1,439099,7.2298,-16.4888,108.9518,-110.9627,123.6582,26.8883,-0.1511,0.1386
1779988773547,2,Pitching Mound.Drive,,Delivery,pitch.1,439678,-0.0832,-0.3227,1.7745,0.7259,-2.4469,-2.4351,0.0,0.0
1779988773547,2,Pitching Mound.Parent,,Delivery,pitch.1,438719,7.1466,-16.8115,110.7264,-110.2368,121.2113,24.4532,-0.1487,0.1364
1779988773548,2,11.0000004b,Drive,Delivery,pitch.1,439679,-0.0949,-0.2959,1.7849,0.7032,-2.4543,-2.4341,0.0,0.0
1779988773548,2,12.00000015,Lower Delivery,Delivery,pitch.1,439404,7.1799,-15.3056,105.7724,-155.9337,125.1711,25.6927,-0.1575,-0.1963
1779988773548,2,12.00000018,Upper Delivery,Delivery,pitch.1,440259,0.0918,-1.194,3.013,9.3009,-1.5193,3.6004,0.0671,0.327
1779988773548,2,Pitching Mound.Delivery,,Delivery,pitch.1,439100,7.2716,-16.4996,108.7854,-111.6947,123.6517,26.8831,-0.1513,0.1394
1779988773548,2,Pitching Mound.Drive,,Delivery,pitch.1,439679,-0.0949,-0.2959,1.7849,0.7032,-2.4543,-2.4341,0.0,0.0
1779988773548,2,Pitching Mound.Parent,,Delivery,pitch.1,438720,7.1768,-16.7955,110.5703,-110.9915,121.1974,24.449,-0.1489,0.1371
1779988773549,2,11.0000004b,Drive,Delivery,pitch.1,439680,-0.1043,-0.2885,1.7838,0.6942,-2.5278,-2.4336,0.0,0.0
1779988773549,2,12.00000015,Lower Delivery,Delivery,pitch.1,439405,7.1815,-15.3157,105.9361,-155.6554,125.0934,25.7803,-0.1572,-0.1956
1779988773549,2,12.00000018,Upper Delivery,Delivery,pitch.1,440260,0.0961,-1.1791,2.9563,9.1089,-1.7889,3.4883,0.0,0.0
1779988773549,2,Pitching Mound.Delivery,,Delivery,pitch.1,439101,7.2776,-16.4948,108.8923,-111.5334,123.3045,26.8597,-0.1529,0.1312
1779988773549,2,Pitching Mound.Drive,,Delivery,pitch.1,439680,-0.1043,-0.2885,1.7838,0.6942,-2.5278,-2.4336,0.0,0.0
1779988773549,2,Pitching Mound.Parent,,Delivery,pitch.1,438721,7.1733,-16.7833,110.6761,-110.8392,120.7767,24.4261,-0.1505,0.1291
1779988773550,2,11.0000004b,Drive,Delivery,pitch.1,439681,-0.1154,-0.2952,1.79,0.7111,-2.4791,-2.42,0.0,0.0
1779988773550,2,12.00000015,Lower Delivery,Delivery,pitch.1,439406,7.1944,-15.3461,105.9095,-155.7993,125.1519,25.8454,-0.1573,-0.1958
1779988773550,2,12.00000018,Upper Delivery,Delivery,pitch.1,440261,0.0888,-1.1798,2.785,8.6177,-2.006,3.4306,0.0,0.0
1779988773550,2,Pitching Mound.Delivery,,Delivery,pitch.1,439102,7.2831,-16.5259,108.6945,-112.1193,123.1459,26.8601,-0.1533,0.1318
1779988773550,2,Pitching Mound.Drive,,Delivery,pitch.1,439681,-0.1154,-0.2952,1.79,0.7111,-2.4791,-2.42,0.0,0.0
1779988773550,2,Pitching Mound.Parent,,Delivery,pitch.1,438722,7.1678,-16.8211,110.4845,-111.4081,120.6668,24.4401,-0.1508,0.1296
1779988773551,2,11.0000004b,Drive,Delivery,pitch.1,439682,-0.111,-0.3094,1.8302,0.7293,-2.6354,-2.426,0.0,0.0
1779988773551,2,12.00000015,Lower Delivery,Delivery,pitch.1,439407,7.2137,-15.3758,105.9608,-155.6617,125.087,25.905,-0.1572,-0.1956
1779988773551,2,12.00000018,Upper Delivery,Delivery,pitch.1,440262,0.0793,-1.1813,2.7578,8.8208,-1.8284,3.3479,0.0,0.0
1779988773551,2,Pitching Mound.Delivery,,Delivery,pitch.1,439103,7.293,-16.5571,108.7187,-111.7519,123.2586,26.8272,-0.1532,0.1321
1779988773551,2,Pitching Mound.Drive,,Delivery,pitch.1,439682,-0.111,-0.3094,1.8302,0.7293,-2.6354,-2.426,0.0,0.0
1779988773551,2,Pitching Mound.Parent,,Delivery,pitch.1,438723,7.182,-16.8665,110.5489,-111.0226,120.6232,24.4012,-0.1506,0.13
1779988773552,2,11.0000004b,Drive,Delivery,pitch.1,439683,-0.0996,-0.3207,1.8331,0.7623,-2.5837,-2.4098,0.0,0.0
1779988773552,2,12.00000015,Lower Delivery,Delivery,pitch.1,439408,7.2145,-15.407,106.0279,-155.8944,125.2189,26.0049,-0.1572,-0.1957
1779988773552,2,12.00000018,Upper Delivery,Delivery,pitch.1,440263,0.1526,-1.0918,2.4755,7.9887,-1.8109,3.2749,0.0,0.0
1779988773552,2,Pitching Mound.Delivery,,Delivery,pitch.1,439104,7.3671,-16.4988,108.5034,-112.6978,123.408,26.8787,-0.1536,0.1332
1779988773552,2,Pitching Mound.Drive,,Delivery,pitch.1,439683,-0.0996,-0.3207,1.8331,0.7623,-2.5837,-2.4098,0.0,0.0
1779988773552,2,Pitching Mound.Parent,,Delivery,pitch.1,438724,7.2675,-16.8195,110.3365,-111.9355,120.8242,24.4689,-0.1511,0.131
1779988773553,2,11.0000004b,Drive,Delivery,pitch.1,439684,-0.0968,-0.338,1.7964,0.7795,-2.5406,-2.409,0.0,0.0
1779988773553,2,12.00000015,Lower Delivery,Delivery,pitch.1,439409,7.228,-15.4243,105.9491,-155.7652,125.3006,26.0921,-0.1574,-0.1957
1779988773553,2,12.00000018,Upper Delivery,Delivery,pitch.1,440264,0.0894,-1.1217,2.6233,8.4352,-1.8243,3.2555,0.0,0.0
1779988773553,2,Pitching Mound.Delivery,,Delivery,pitch.1,439105,7.3173,-16.5461,108.5724,-112.1992,123.4764,26.9205,-0.1536,0.1326
1779988773553,2,Pitching Mound.Drive,,Delivery,pitch.1,439684,-0.0968,-0.338,1.7964,0.7795,-2.5406,-2.409,0.0,0.0
1779988773553,2,Pitching Mound.Parent,,Delivery,pitch.1,438725,7.2205,-16.8841,110.3688,-111.4197,120.9357,24.5115,-0.1511,0.1304
1779988773554,2,11.0000004b,Drive,Delivery,pitch.1,439685,-0.1168,-0.3388,1.8707,0.7617,-2.8799,-2.4068,0.0,0.0
1779988773554,2,12.00000015,Lower Delivery,Delivery,pitch.1,439410,7.2388,-15.4483,105.6207,-155.7313,125.2032,26.221,-0.1578,-0.1963
1779988773554,2,12.00000018,Upper Delivery,Delivery,pitch.1,440265,0.1344,-1.0504,2.3945,7.4986,-2.142,3.1224,0.0,0.0
1779988773554,2,Pitching Mound.Delivery,,Delivery,pitch.1,439106,7.3732,-16.4986,108.0151,-113.1357,123.0612,26.9279,-0.1543,0.133
1779988773554,2,Pitching Mound.Drive,,Delivery,pitch.1,439685,-0.1168,-0.3388,1.8707,0.7617,-2.8799,-2.4068,0.0,0.0
1779988773554,2,Pitching Mound.Parent,,Delivery,pitch.1,438726,7.2564,-16.8374,109.8859,-112.374,120.1813,24.521,-0.1517,0.1307
1779988773555,2,11.0000004b,Drive,Delivery,pitch.1,439686,-0.1062,-0.3325,1.8669,0.7501,-2.7315,-2.3666,0.0,0.0
1779988773555,2,12.00000015,Lower Delivery,Delivery,pitch.1,439411,7.2315,-15.4595,105.4856,-155.6647,125.1533,26.2915,-0.1579,-0.1965
1779988773555,2,12.00000018,Upper Delivery,Delivery,pitch.1,440266,0.1236,-1.0796,2.6201,8.2719,-2.0943,3.1535,0.0,0.0
1779988773555,2,Pitching Mound.Delivery,,Delivery,pitch.1,439107,7.3552,-16.5392,108.1057,-112.4185,123.059,27.0283,-0.1541,0.1318
1779988773555,2,Pitching Mound.Drive,,Delivery,pitch.1,439686,-0.1062,-0.3325,1.8669,0.7501,-2.7315,-2.3666,0.0,0.0
1779988773555,2,Pitching Mound.Parent,,Delivery,pitch.1,438727,7.249,-16.8717,109.9726,-111.6684,120.3275,24.6617,-0.1515,0.1296
1779988773556,2,11.0000004b,Drive,Delivery,pitch.1,439687,-0.1038,-0.3201,1.9051,0.7542,-2.7156,-2.3389,0.0,0.0
1779988773556,2,12.00000015,Lower Delivery,Delivery,pitch.1,439412,7.2405,-15.486,105.4384,-155.6427,125.0551,26.3745,-0.1579,-0.1965
1779988773556,2,12.00000018,Upper Delivery,Delivery,pitch.1,440267,0.171,-1.0725,2.6663,7.8679,-1.9064,3.1049,0.0,0.0
1779988773556,2,Pitching Mound.Delivery,,Delivery,pitch.1,439108,7.4115,-16.5585,108.1047,-112.8324,123.1487,27.0757,-0.154,0.1316
1779988773556,2,Pitching Mound.Drive,,Delivery,pitch.1,439687,-0.1038,-0.3201,1.9051,0.7542,-2.7156,-2.3389,0.0,0.0
1779988773556,2,Pitching Mound.Parent,,Delivery,pitch.1,438728,7.3077,-16.8786,110.0098,-112.0782,120.4331,24.7368,-0.1513,0.1293
1779988773557,2,11.0000004b,Drive,Delivery,pitch.1,439688,-0.0941,-0.3416,1.9069,0.7482,-2.7774,-2.3529,0.0,0.0
1779988773557,2,12.00000015,Lower Delivery,Delivery,pitch.1,439413,7.2623,-15.5024,105.2416,-155.3988,125.2225,26.3874,-0.1584,-0.1966
1779988773557,2,12.00000018,Upper Delivery,Delivery,pitch.1,440268,0.207,-1.007,2.6642,8.3914,-1.6241,3.1747,0.0,0.0
1779988773557,2,Pitching Mound.Delivery,,Delivery,pitch.1,439109,7.4693,-16.5094,107.9058,-112.131,123.5984,27.1632,-0.1545,0.1315
1779988773557,2,Pitching Mound.Drive,,Delivery,pitch.1,439688,-0.0941,-0.3416,1.9069,0.7482,-2.7774,-2.3529,0.0,0.0
1779988773557,2,Pitching Mound.Parent,,Delivery,pitch.1,438729,7.3753,-16.851,109.8127,-111.3828,120.8211,24.8103,-0.1518,0.1292
1779988773558,2,11.0000004b,Drive,Delivery,pitch.1,439689,-0.0918,-0.3588,1.9437,0.7431,-2.8606,-2.3531,0.0,0.0
1779988773558,2,12.00000015,Lower Delivery,Delivery,pitch.1,439414,7.286,-15.519,105.3035,-155.2052,125.3366,26.485,-0.1585,-0.1962
1779988773558,2,12.00000018,Upper Delivery,Delivery,pitch.1,440269,0.2383,-0.9928,2.6305,7.5697,-1.5467,3.0679,0.0,0.0
1779988773558,2,Pitching Mound.Delivery,,Delivery,pitch.1,439110,7.5242,-16.5117,107.9339,-112.7267,123.7899,27.1567,-0.1546,0.132
1779988773558,2,Pitching Mound.Drive,,Delivery,pitch.1,439689,-0.0918,-0.3588,1.9437,0.7431,-2.8606,-2.3531,0.0,0.0
1779988773558,2,Pitching Mound.Parent,,Delivery,pitch.1,438730,7.4324,-16.8705,109.8776,-111.9836,120.9293,24.8036,-0.1519,0.1297
1779988773559,2,11.0000004b,Drive,Delivery,pitch.1,439690,-0.0981,-0.367,1.9738,0.7403,-2.8183,-2.3588,0.0,0.0
1779988773559,2,12.00000015,Lower Delivery,Delivery,pitch.1,439415,7.2913,-15.559,105.4406,-155.2617,125.3851,26.5955,-0.1583,-0.196
1779988773559,2,12.00000018,Upper Delivery,Delivery,pitch.1,440270,0.2439,-0.9422,2.5935,7.336,-1.6805,2.9704,0.0,0.0
1779988773559,2,Pitching Mound.Delivery,,Delivery,pitch.1,439111,7.5353,-16.5012,108.0341,-112.9577,123.7046,27.1697,-0.1545,0.1324
1779988773559,2,Pitching Mound.Drive,,Delivery,pitch.1,439690,-0.0981,-0.367,1.9738,0.7403,-2.8183,-2.3588,0.0,0.0
1779988773559,2,Pitching Mound.Parent,,Delivery,pitch.1,438731,7.4371,-16.8682,110.0079,-112.2173,120.8862,24.811,-0.1517,0.13
1779988773560,2,11.0000004b,Drive,Delivery,pitch.1,439691,-0.0624,-0.3561,1.8907,0.7406,-2.6638,-2.3799,0.0,0.0
1779988773560,2,12.00000015,Lower Delivery,Delivery,pitch.1,439416,7.322,-15.5757,105.3598,-155.2841,125.547,26.6721,-0.1586,-0.1962
1779988773560,2,12.00000018,Upper Delivery,Delivery,pitch.1,440271,0.239,-0.9534,2.6905,7.4002,-1.6834,2.9346,0.0,0.0
1779988773560,2,Pitching Mound.Delivery,,Delivery,pitch.1,439112,7.561,-16.5291,108.0503,-112.9764,123.8635,27.1985,-0.1547,0.1317
1779988773560,2,Pitching Mound.Drive,,Delivery,pitch.1,439691,-0.0624,-0.3561,1.8907,0.7406,-2.6638,-2.3799,0.0,0.0
1779988773560,2,Pitching Mound.Parent,,Delivery,pitch.1,438732,7.4986,-16.8852,109.941,-112.2358,121.1997,24.8186,-0.152,0.1295
1779988773561,2,11.0000004b,Drive,Delivery,pitch.1,439692,-0.062,-0.3514,1.8971,0.7388,-2.6919,-2.3554,0.0,0.0
1779988773561,2,12.00000015,Lower Delivery,Delivery,pitch.1,439417,7.3227,-15.5742,105.3223,-154.8984,125.7385,26.6821,-0.1589,-0.1958
1779988773561,2,12.00000018,Upper Delivery,Delivery,pitch.1,440272,0.2434,-0.896,2.6097,6.8892,-1.8483,2.8484,0.0,0.0
1779988773561,2,Pitching Mound.Delivery,,Delivery,pitch.1,439113,7.5661,-16.4702,107.9321,-113.0869,123.8902,27.1235,-0.1551,0.1325
1779988773561,2,Pitching Mound.Drive,,Delivery,pitch.1,439692,-0.062,-0.3514,1.8971,0.7388,-2.6919,-2.3554,0.0,0.0
1779988773561,2,Pitching Mound.Parent,,Delivery,pitch.1,438733,7.5042,-16.8216,109.8292,-112.3481,121.1983,24.7681,-0.1524,0.1302
1779988773562,2,11.0000004b,Drive,Delivery,pitch.1,439693,-0.0779,-0.3489,1.9388,0.7195,-2.4961,-2.3534,0.0,0.0
1779988773562,2,12.00000015,Lower Delivery,Delivery,pitch.1,439418,7.3435,-15.6128,105.3312,-154.8229,125.9119,26.7639,-0.1591,-0.1957
1779988773562,2,12.00000018,Upper Delivery,Delivery,pitch.1,440273,0.2532,-0.821,2.2563,7.4575,-1.9166,2.9001,0.0,0.0
1779988773562,2,Pitching Mound.Delivery,,Delivery,pitch.1,439114,7.5968,-16.4338,107.5875,-112.32,123.9953,27.2533,-0.1558,0.1342
1779988773562,2,Pitching Mound.Drive,,Delivery,pitch.1,439693,-0.0779,-0.3489,1.9388,0.7195,-2.4961,-2.3534,0.0,0.0
1779988773562,2,Pitching Mound.Parent,,Delivery,pitch.1,438734,7.5189,-16.7826,109.5263,-111.6005,121.4992,24.8999,-0.153,0.1318
1779988773563,2,11.0000004b,Drive,Delivery,pitch.1,439694,-0.0866,-0.337,1.9178,0.6997,-2.5761,-2.3546,0.0,0.0
1779988773563,2,12.00000015,Lower Delivery,Delivery,pitch.1,439419,7.3748,-15.6125,105.3314,-154.6867,125.8562,26.8081,-0.1591,-0.1955
1779988773563,2,12.00000018,Upper Delivery,Delivery,pitch.1,440274,0.2476,-0.8398,2.3493,6.895,-2.0903,2.7456,0.0,0.0
1779988773563,2,Pitching Mound.Delivery,,Delivery,pitch.1,439115,7.6224,-16.4523,107.6807,-112.7778,123.766,27.1305,-0.1556,0.1339
1779988773563,2,Pitching Mound.Drive,,Delivery,pitch.1,439694,-0.0866,-0.337,1.9178,0.6997,-2.5761,-2.3546,0.0,0.0
1779988773563,2,Pitching Mound.Parent,,Delivery,pitch.1,438735,7.5358,-16.7893,109.5985,-112.0781,121.1899,24.7759,-0.1529,0.1316
1779988773564,2,11.0000004b,Drive,Delivery,pitch.1,439695,-0.0815,-0.3253,1.905,0.6993,-2.4422,-2.3621,0.0,0.0
1779988773564,2,12.00000015,Lower Delivery,Delivery,pitch.1,439420,7.3989,-15.6332,105.4711,-154.7555,125.8254,26.8549,-0.1588,-0.1953
1779988773564,2,12.00000018,Upper Delivery,Delivery,pitch.1,440275,0.258,-0.8097,2.2452,6.246,-2.1406,2.6494,0.0,0.0
1779988773564,2,Pitching Mound.Delivery,,Delivery,pitch.1,439116,7.6569,-16.4428,107.7163,-113.4127,123.6848,27.0764,-0.1555,0.1346
1779988773564,2,Pitching Mound.Drive,,Delivery,pitch.1,439695,-0.0815,-0.3253,1.905,0.6993,-2.4422,-2.3621,0.0,0.0
1779988773564,2,Pitching Mound.Parent,,Delivery,pitch.1,438736,7.5754,-16.7682,109.6213,-112.7134,121.2426,24.7143,-0.1528,0.1322
1779988773565,2,11.0000004b,Drive,Delivery,pitch.1,439696,-0.0684,-0.3229,1.8827,0.6829,-2.2416,-2.338,0.0,0.0
1779988773565,2,12.00000015,Lower Delivery,Delivery,pitch.1,439421,7.4046,-15.6375,105.6062,-154.402,125.9347,26.8956,-0.1588,-0.1946
1779988773565,2,12.00000018,Upper Delivery,Delivery,pitch.1,440276,0.2482,-0.8083,2.1928,6.3191,-2.2543,2.6313,0.0,0.0
1779988773565,2,Pitching Mound.Delivery,,Delivery,pitch.1,439117,7.6528,-16.4458,107.799,-112.9224,123.6804,27.0937,-0.1555,0.1355
1779988773565,2,Pitching Mound.Drive,,Delivery,pitch.1,439696,-0.0684,-0.3229,1.8827,0.6829,-2.2416,-2.338,0.0,0.0
1779988773565,2,Pitching Mound.Parent,,Delivery,pitch.1,438737,7.5844,-16.7687,109.6817,-112.2395,121.4388,24.7557,-0.1529,0.1332
1779988773566,2,11.0000004b,Drive,Delivery,pitch.1,439697,-0.0788,-0.3256,1.895,0.7267,-2.4407,-2.3793,0.0,0.0
1779988773566,2,12.00000015,Lower Delivery,Delivery,pitch.1,439422,7.4355,-15.6636,105.69,-154.321,125.9176,26.9285,-0.1586,-0.1944
1779988773566,2,12.00000018,Upper Delivery,Delivery,pitch.1,440277,0.248,-0.8293,2.2161,6.2524,-2.4605,2.6553,0.0,0.0
1779988773566,2,Pitching Mound.Delivery,,Delivery,pitch.1,439118,7.6835,-16.493,107.9062,-112.8874,123.457,27.14,-0.1553,0.1356
1779988773566,2,Pitching Mound.Drive,,Delivery,pitch.1,439697,-0.0788,-0.3256,1.895,0.7267,-2.4407,-2.3793,0.0,0.0
1779988773566,2,Pitching Mound.Parent,,Delivery,pitch.1,438738,7.6047,-16.8186,109.8012,-112.1608,121.0163,24.7607,-0.1527,0.1333
1779988773567,2,11.0000004b,Drive,Delivery,pitch.1,439698,-0.0735,-0.3253,1.8498,0.7094,-2.3003,-2.3485,0.0,0.0
1779988773567,2,11.0000004b,Drive,Delivery,pitch.1,439699,-0.0722,-0.3108,1.8388,0.6722,-2.1677,-2.3099,0.0,0.0
1779988773567,2,12.00000015,Lower Delivery,Delivery,pitch.1,439423,7.4509,-15.6668,105.7237,-154.1476,125.9154,26.9754,-0.1586,-0.1941
1779988773567,2,12.00000015,Lower Delivery,Delivery,pitch.1,439424,7.4621,-15.6538,105.7499,-154.1465,125.8084,27.0487,-0.1584,-0.1941
1779988773567,2,12.00000018,Upper Delivery,Delivery,pitch.1,440278,0.2435,-0.7799,1.8923,5.8242,-2.5526,2.5186,0.0,0.0
1779988773567,2,Pitching Mound.Delivery,,Delivery,pitch.1,439119,7.6944,-16.4467,107.616,-113.0207,123.3629,27.0434,-0.1558,0.1374
1779988773567,2,Pitching Mound.Drive,,Delivery,pitch.1,439698,-0.0735,-0.3253,1.8498,0.7094,-2.3003,-2.3485,0.0,0.0
1779988773567,2,Pitching Mound.Drive,,Delivery,pitch.1,439699,-0.0722,-0.3108,1.8388,0.6722,-2.1677,-2.3099,0.0,0.0
1779988773567,2,Pitching Mound.Parent,,Delivery,pitch.1,438739,7.6209,-16.772,109.4658,-112.3113,121.0626,24.6949,-0.1531,0.135
1779988773568,2,12.00000015,Lower Delivery,Delivery,pitch.1,439425,7.4692,-15.6788,105.714,-154.3129,125.748,27.0562,-0.1584,-0.1943
1779988773568,2,12.00000018,Upper Delivery,Delivery,pitch.1,440279,0.2796,-0.7038,1.7037,5.503,-2.8626,2.459,0.0,0.0
1779988773568,2,Pitching Mound.Delivery,,Delivery,pitch.1,439120,7.7417,-16.3577,107.4536,-113.2678,122.9457,27.0657,-0.1559,0.1382
1779988773568,2,Pitching Mound.Parent,,Delivery,pitch.1,438740,7.6694,-16.6685,109.2924,-112.5955,120.778,24.7558,-0.1532,0.1359
1779988773569,2,11.0000004b,Drive,Delivery,pitch.1,439700,-0.0705,-0.2992,1.8624,0.6846,-2.1965,-2.2975,0.0,0.0
1779988773569,2,12.00000018,Upper Delivery,Delivery,pitch.1,440280,0.2832,-0.7386,1.7417,5.4423,-2.9739,2.4398,0.0,0.0
1779988773569,2,Pitching Mound.Delivery,,Delivery,pitch.1,439121,7.7524,-16.4174,107.4557,-113.52,122.7742,27.0528,-0.1558,0.1378
1779988773569,2,Pitching Mound.Drive,,Delivery,pitch.1,439700,-0.0705,-0.2992,1.8624,0.6846,-2.1965,-2.2975,0.0,0.0
1779988773569,2,Pitching Mound.Parent,,Delivery,pitch.1,438741,7.6819,-16.7166,109.3181,-112.8355,120.5776,24.7553,-0.1531,0.1355
1779988773570,2,11.0000004b,Drive,Delivery,pitch.1,439701,-0.0679,-0.2847,1.8295,0.6892,-2.2782,-2.3367,0.0,0.0
1779988773570,2,12.00000015,Lower Delivery,Delivery,pitch.1,439427,7.5069,-15.6862,105.721,-153.7979,125.4644,27.093,-0.158,-0.1937
1779988773570,2,12.00000015,Lower Delivery,Delivery,pitch.1,439426,7.4884,-15.6684,105.647,-154.0647,125.62,27.0336,-0.1583,-0.1941
1779988773570,2,12.00000018,Upper Delivery,Delivery,pitch.1,440281,0.301,-0.7296,1.8142,6.5003,-3.0343,2.4924,0.0,0.0
1779988773570,2,Pitching Mound.Delivery,,Delivery,pitch.1,439122,7.7894,-16.398,107.4612,-112.2612,122.5857,27.0823,-0.1556,0.1377
1779988773570,2,Pitching Mound.Drive,,Delivery,pitch.1,439701,-0.0679,-0.2847,1.8295,0.6892,-2.2782,-2.3367,0.0,0.0
1779988773570,2,Pitching Mound.Parent,,Delivery,pitch.1,438742,7.7215,-16.6827,109.2907,-111.5721,120.3075,24.7456,-0.153,0.1354
1779988773571,2,11.0000004b,Drive,Delivery,pitch.1,439702,-0.0663,-0.2746,1.8472,0.686,-2.3905,-2.3211,0.0,0.0
1779988773571,2,11.0000004b,Drive,Delivery,pitch.1,439703,-0.0782,-0.2893,1.8933,0.6844,-2.479,-2.3397,0.0,0.0
1779988773571,2,12.00000018,Upper Delivery,Delivery,pitch.1,440282,0.2334,-0.7697,2.066,6.6429,-2.8332,2.5298,0.0,0.0
1779988773571,2,Pitching Mound.Delivery,,Delivery,pitch.1,439123,7.7404,-16.4559,107.787,-111.9123,122.6312,27.1498,-0.155,0.137
1779988773571,2,Pitching Mound.Drive,,Delivery,pitch.1,439702,-0.0663,-0.2746,1.8472,0.686,-2.3905,-2.3211,0.0,0.0
1779988773571,2,Pitching Mound.Drive,,Delivery,pitch.1,439703,-0.0782,-0.2893,1.8933,0.6844,-2.479,-2.3397,0.0,0.0
1779988773571,2,Pitching Mound.Parent,,Delivery,pitch.1,438743,7.6741,-16.7305,109.6342,-111.2263,120.2407,24.8287,-0.1523,0.1347
1779988773572,2,12.00000015,Lower Delivery,Delivery,pitch.1,439428,7.5197,-15.6787,105.7862,-154.0739,125.5401,27.1171,-0.158,-0.1939
1779988773572,2,12.00000018,Upper Delivery,Delivery,pitch.1,440283,0.2367,-0.8224,2.2524,6.5726,-2.5548,2.5652,0.0,0.0
1779988773572,2,Pitching Mound.Delivery,,Delivery,pitch.1,439124,7.7564,-16.5011,108.0385,-112.2999,122.9852,27.206,-0.1547,0.136
1779988773572,2,Pitching Mound.Parent,,Delivery,pitch.1,438744,7.6781,-16.7904,109.9318,-111.6155,120.5062,24.8663,-0.152,0.1336
1779988773573,2,11.0000004b,Drive,Delivery,pitch.1,439704,-0.0637,-0.2925,1.8325,0.7018,-2.5388,-2.341,0.0,0.0
1779988773573,2,12.00000015,Lower Delivery,Delivery,pitch.1,439429,7.5601,-15.6553,105.7622,-153.9952,125.3742,27.1606,-0.1578,-0.1938
1779988773573,2,12.00000015,Lower Delivery,Delivery,pitch.1,439430,7.5777,-15.66,105.7029,-154.0483,125.5048,27.2147,-0.1581,-0.194
1779988773573,2,12.00000018,Upper Delivery,Delivery,pitch.1,440284,0.1729,-0.8724,2.4422,5.9592,-2.4478,2.5548,0.0,0.0
1779988773573,2,Pitching Mound.Delivery,,Delivery,pitch.1,439125,7.733,-16.5277,108.2044,-112.9072,122.9264,27.2037,-0.1543,0.1352
1779988773573,2,Pitching Mound.Drive,,Delivery,pitch.1,439704,-0.0637,-0.2925,1.8325,0.7018,-2.5388,-2.341,0.0,0.0
1779988773573,2,Pitching Mound.Parent,,Delivery,pitch.1,438745,7.6693,-16.8202,110.0369,-112.2054,120.3876,24.8627,-0.1517,0.1329
1779988773574,2,11.0000004b,Drive,Delivery,pitch.1,439705,-0.0517,-0.2789,1.8182,0.6955,-2.4934,-2.3211,0.0,0.0
1779988773574,2,11.0000004b,Drive,Delivery,pitch.1,439706,-0.0648,-0.2685,1.8573,0.6642,-2.4281,-2.3305,0.0,0.0
1779988773574,2,12.00000015,Lower Delivery,Delivery,pitch.1,439431,7.5929,-15.6574,105.6273,-154.0219,125.1981,27.2688,-0.1578,-0.1941
1779988773574,2,12.00000018,Upper Delivery,Delivery,pitch.1,440285,0.2069,-0.8925,2.4055,5.9878,-2.3598,2.6968,0.0,0.0
1779988773574,2,Pitching Mound.Delivery,,Delivery,pitch.1,439126,7.7846,-16.5525,108.1084,-112.9394,123.145,27.4054,-0.1545,0.1352
1779988773574,2,Pitching Mound.Drive,,Delivery,pitch.1,439705,-0.0517,-0.2789,1.8182,0.6955,-2.4934,-2.3211,0.0,0.0
1779988773574,2,Pitching Mound.Drive,,Delivery,pitch.1,439706,-0.0648,-0.2685,1.8573,0.6642,-2.4281,-2.3305,0.0,0.0
1779988773574,2,Pitching Mound.Parent,,Delivery,pitch.1,438746,7.7329,-16.8314,109.9266,-112.2439,120.6516,25.0844,-0.152,0.1329
1779988773575,2,11.0000004b,Drive,Delivery,pitch.1,439707,-0.0678,-0.2695,1.8352,0.669,-2.4437,-2.3358,0.0,0.0
1779988773575,2,12.00000015,Lower Delivery,Delivery,pitch.1,439432,7.6131,-15.6171,105.5844,-153.8822,125.0403,27.2955,-0.1577,-0.194
1779988773575,2,12.00000018,Upper Delivery,Delivery,pitch.1,440286,0.1733,-0.8763,2.8624,5.8859,-2.6026,2.7604,0.0,0.0
1779988773575,2,Pitching Mound.Delivery,,Delivery,pitch.1,439127,7.7662,-16.5337,108.4897,-113.1959,122.5955,27.5066,-0.1536,0.1331
1779988773575,2,Pitching Mound.Drive,,Delivery,pitch.1,439707,-0.0678,-0.2695,1.8352,0.669,-2.4437,-2.3358,0.0,0.0
1779988773575,2,Pitching Mound.Parent,,Delivery,pitch.1,438747,7.7014,-16.8021,110.3471,-112.5317,120.1674,25.1761,-0.151,0.1308
1779988773576,2,11.0000004b,Drive,Delivery,pitch.1,439708,-0.0789,-0.2742,1.8727,0.6547,-2.3345,-2.3197,0.0,0.0
1779988773576,2,12.00000015,Lower Delivery,Delivery,pitch.1,439433,7.6255,-15.6101,105.5624,-153.9587,125.0565,27.3008,-0.1577,-0.1942
1779988773576,2,12.00000018,Upper Delivery,Delivery,pitch.1,440287,0.1199,-0.8028,3.3737,6.2338,-2.5833,2.9172,0.1019,0.246
1779988773576,2,Pitching Mound.Delivery,,Delivery,pitch.1,439128,7.733,-16.42,108.9581,-112.8968,122.457,27.665,-0.1496,0.1385
1779988773576,2,Pitching Mound.Drive,,Delivery,pitch.1,439708,-0.0789,-0.2742,1.8727,0.6547,-2.3345,-2.3197,0.0,0.0
1779988773576,2,Pitching Mound.Parent,,Delivery,pitch.1,438748,7.6652,-16.6894,110.7934,-112.2278,120.0133,25.3292,-0.1471,0.1362
1779988773577,2,12.00000015,Lower Delivery,Delivery,pitch.1,439434,7.6513,-15.5921,105.4674,-153.9101,124.998,27.3702,-0.1578,-0.1943
1779988773577,2,12.00000018,Upper Delivery,Delivery,pitch.1,440288,0.1848,-0.7449,3.2224,6.3512,-3.2515,3.0345,0.1343,0.2624
1779988773577,2,Pitching Mound.Delivery,,Delivery,pitch.1,439129,7.8103,-16.355,108.7848,-112.8119,121.805,27.8054,-0.1491,0.1392
1779988773577,2,Pitching Mound.Parent,,Delivery,pitch.1,438749,7.7314,-16.6293,110.6575,-112.1572,119.4705,25.4857,-0.1465,0.1369
1779988773578,2,11.0000004b,Drive,Delivery,pitch.1,439709,-0.0745,-0.2555,1.8406,0.673,-2.3986,-2.3134,0.0,0.0
1779988773578,2,11.0000004b,Drive,Delivery,pitch.1,439710,-0.0681,-0.267,1.7821,0.6939,-2.4862,-2.3211,0.0,0.0
1779988773578,2,12.00000018,Upper Delivery,Delivery,pitch.1,440289,0.1745,-0.648,2.9141,6.3505,-3.3945,3.0714,0.0,0.0
1779988773578,2,Pitching Mound.Delivery,,Delivery,pitch.1,439130,7.8258,-16.2401,108.3815,-112.6915,121.6035,27.8996,-0.1535,0.1327
1779988773578,2,Pitching Mound.Drive,,Delivery,pitch.1,439709,-0.0745,-0.2555,1.8406,0.673,-2.3986,-2.3134,0.0,0.0
1779988773578,2,Pitching Mound.Drive,,Delivery,pitch.1,439710,-0.0681,-0.267,1.7821,0.6939,-2.4862,-2.3211,0.0,0.0
1779988773578,2,Pitching Mound.Parent,,Delivery,pitch.1,438750,7.7513,-16.4956,110.2221,-112.0185,119.2049,25.5862,-0.151,0.1305
1779988773579,2,12.00000015,Lower Delivery,Delivery,pitch.1,439435,7.674,-15.545,105.3851,-153.8929,124.9686,27.3966,-0.1579,-0.1944
1779988773579,2,12.00000018,Upper Delivery,Delivery,pitch.1,440290,0.2155,-0.5886,3.1144,7.0378,-3.7658,3.1611,0.161,0.3008
1779988773579,2,Pitching Mound.Delivery,,Delivery,pitch.1,439131,7.8895,-16.1337,108.4995,-112.0831,121.2027,28.0218,-0.1487,0.1403
1779988773579,2,Pitching Mound.Parent,,Delivery,pitch.1,438751,7.8214,-16.4007,110.2816,-111.3892,118.7165,25.7007,-0.1463,0.138
1779988773580,2,11.0000004b,Drive,Delivery,pitch.1,439711,-0.0506,-0.287,1.8087,0.7223,-2.498,-2.3581,0.0,0.0
1779988773580,2,12.00000015,Lower Delivery,Delivery,pitch.1,439436,7.6826,-15.5116,105.3739,-153.5702,124.8965,27.4574,-0.1578,-0.194
1779988773580,2,12.00000015,Lower Delivery,Delivery,pitch.1,439437,7.706,-15.476,105.3709,-153.4604,124.8805,27.552,-0.1578,-0.1939
1779988773580,2,12.00000018,Upper Delivery,Delivery,pitch.1,440291,0.2662,-0.4996,3.3155,7.8014,-4.0875,3.181,0.1641,0.3132
1779988773580,2,Pitching Mound.Delivery,,Delivery,pitch.1,439132,7.9488,-16.0112,108.6894,-111.0689,120.8089,28.1167,-0.148,0.1407
1779988773580,2,Pitching Mound.Drive,,Delivery,pitch.1,439711,-0.0506,-0.287,1.8087,0.7223,-2.498,-2.3581,0.0,0.0
1779988773580,2,Pitching Mound.Parent,,Delivery,pitch.1,438752,7.8982,-16.2982,110.4981,-110.3467,118.311,25.7586,-0.1455,0.1384
1779988773581,2,11.0000004b,Drive,Delivery,pitch.1,439712,-0.04,-0.3059,1.83,0.7112,-2.5705,-2.3433,0.0,0.0
1779988773581,2,11.0000004b,Drive,Delivery,pitch.1,439713,-0.0747,-0.3282,1.8971,0.7138,-2.726,-2.3497,0.0,0.0
1779988773581,2,12.00000018,Upper Delivery,Delivery,pitch.1,440292,0.3054,-0.4197,3.3534,8.3027,-4.3058,3.2415,0.1709,0.327
1779988773581,2,Pitching Mound.Delivery,,Delivery,pitch.1,439133,8.0113,-15.8957,108.7243,-110.4717,120.5747,28.2773,-0.1476,0.1412
1779988773581,2,Pitching Mound.Drive,,Delivery,pitch.1,439712,-0.04,-0.3059,1.83,0.7112,-2.5705,-2.3433,0.0,0.0
1779988773581,2,Pitching Mound.Drive,,Delivery,pitch.1,439713,-0.0747,-0.3282,1.8971,0.7138,-2.726,-2.3497,0.0,0.0
1779988773581,2,Pitching Mound.Parent,,Delivery,pitch.1,438753,7.9713,-16.2016,110.5544,-109.7605,118.0042,25.934,-0.1452,0.1389
1779988773582,2,12.00000015,Lower Delivery,Delivery,pitch.1,439438,7.7247,-15.395,105.1457,-153.4543,124.9195,27.5604,-0.1582,-0.1943
1779988773582,2,12.00000018,Upper Delivery,Delivery,pitch.1,440293,0.3073,-0.332,3.328,9.0412,-4.4901,3.1879,0.1796,0.327
1779988773582,2,Pitching Mound.Delivery,,Delivery,pitch.1,439134,8.032,-15.727,108.4736,-109.7952,120.4294,28.2264,-0.1478,0.1408
1779988773582,2,Pitching Mound.Parent,,Delivery,pitch.1,438754,7.9573,-16.0553,110.3707,-109.0813,117.7034,25.8768,-0.1453,0.1384
1779988773583,2,11.0000004b,Drive,Delivery,pitch.1,439714,-0.0705,-0.3267,1.9197,0.7066,-2.7484,-2.3644,0.0,0.0
1779988773583,2,12.00000015,Lower Delivery,Delivery,pitch.1,439439,7.737,-15.3049,105.0516,-153.4835,124.8501,27.6427,-0.1582,-0.1945
1779988773583,2,12.00000018,Upper Delivery,Delivery,pitch.1,440294,0.3504,-0.2592,3.4888,9.1715,-4.7863,3.0684,0.1826,0.327
1779988773583,2,Pitching Mound.Delivery,,Delivery,pitch.1,439135,8.0874,-15.564,108.5404,-109.7806,120.0638,28.1996,-0.1473,0.1404
1779988773583,2,Pitching Mound.Drive,,Delivery,pitch.1,439714,-0.0705,-0.3267,1.9197,0.7066,-2.7484,-2.3644,0.0,0.0
1779988773583,2,Pitching Mound.Parent,,Delivery,pitch.1,438755,8.0169,-15.8908,110.4602,-109.074,117.3154,25.8352,-0.1447,0.138
1779988773584,2,11.0000004b,Drive,Delivery,pitch.1,439715,-0.0741,-0.3374,1.8766,0.7009,-2.8044,-2.3682,0.0,0.0
1779988773584,2,11.0000004b,Drive,Delivery,pitch.1,439716,-0.0736,-0.3503,1.8525,0.705,-2.8462,-2.3944,0.0,0.0
1779988773584,2,12.00000015,Lower Delivery,Delivery,pitch.1,439440,7.7468,-15.1944,104.8557,-153.3423,124.7914,27.6555,-0.1584,-0.1947
1779988773584,2,12.00000018,Upper Delivery,Delivery,pitch.1,440295,0.4059,-0.1817,3.3988,8.714,-4.6729,2.9126,0.183,0.327
1779988773584,2,Pitching Mound.Delivery,,Delivery,pitch.1,439136,8.1528,-15.3761,108.2545,-110.1329,120.1185,28.0721,-0.1477,0.1403
1779988773584,2,Pitching Mound.Drive,,Delivery,pitch.1,439715,-0.0741,-0.3374,1.8766,0.7009,-2.8044,-2.3682,0.0,0.0
1779988773584,2,Pitching Mound.Drive,,Delivery,pitch.1,439716,-0.0736,-0.3503,1.8525,0.705,-2.8462,-2.3944,0.0,0.0
1779988773584,2,Pitching Mound.Parent,,Delivery,pitch.1,438756,8.0786,-15.7135,110.131,-109.432,117.3141,25.7039,-0.1452,0.138
1779988773585,2,11.0000004b,Drive,Delivery,pitch.1,439717,-0.0817,-0.3814,1.8562,0.7198,-2.876,-2.3941,0.0,0.0
1779988773585,2,12.00000015,Lower Delivery,Delivery,pitch.1,439442,7.7844,-15.0142,104.6083,-152.6235,124.6762,27.6655,-0.1587,-0.1942
1779988773585,2,12.00000015,Lower Delivery,Delivery,pitch.1,439441,7.7491,-15.1125,104.6869,-153.0209,124.6346,27.6815,-0.1585,-0.1946
1779988773585,2,12.00000018,Upper Delivery,Delivery,pitch.1,440296,0.4181,-0.1426,3.5843,8.81,-4.5769,2.7777,0.17,0.327
1779988773585,2,Pitching Mound.Delivery,,Delivery,pitch.1,439137,8.1672,-15.255,108.2711,-109.836,120.0577,27.9667,-0.1476,0.1402
1779988773585,2,Pitching Mound.Drive,,Delivery,pitch.1,439717,-0.0817,-0.3814,1.8562,0.7198,-2.876,-2.3941,0.0,0.0
1779988773585,2,Pitching Mound.Parent,,Delivery,pitch.1,438757,8.0935,-15.6053,110.1236,-109.131,117.2114,25.5722,-0.1451,0.1378
1779988773586,2,11.0000004b,Drive,Delivery,pitch.1,439718,-0.0736,-0.3811,1.8329,0.7324,-2.9334,-2.397,0.0,0.0
1779988773586,2,12.00000015,Lower Delivery,Delivery,pitch.1,439443,7.7808,-14.8852,104.2781,-152.6907,124.6615,27.6778,-0.1592,-0.1949
1779988773586,2,12.00000018,Upper Delivery,Delivery,pitch.1,440297,0.4118,-0.0899,3.5569,9.9177,-4.757,2.7849,0.178,0.327
1779988773586,2,Pitching Mound.Delivery,,Delivery,pitch.1,439138,8.1963,-15.104,108.1652,-108.3484,119.9192,27.9437,-0.1476,0.1405
1779988773586,2,Pitching Mound.Drive,,Delivery,pitch.1,439718,-0.0736,-0.3811,1.8329,0.7324,-2.9334,-2.397,0.0,0.0
1779988773586,2,Pitching Mound.Parent,,Delivery,pitch.1,438758,8.1146,-15.4854,110.0214,-107.6286,117.0432,25.5497,-0.1451,0.1382
1779988773587,2,11.0000004b,Drive,Delivery,pitch.1,439719,-0.0667,-0.4045,1.814,0.7612,-2.9082,-2.4271,0.0,0.0
1779988773587,2,12.00000018,Upper Delivery,Delivery,pitch.1,440298,0.4631,-0.0795,3.5527,9.1682,-4.7278,2.6597,0.1772,0.327
1779988773587,2,Pitching Mound.Delivery,,Delivery,pitch.1,439139,8.2439,-14.9647,107.8308,-109.2759,119.9337,27.8495,-0.1481,0.1399
1779988773587,2,Pitching Mound.Drive,,Delivery,pitch.1,439719,-0.0667,-0.4045,1.814,0.7612,-2.9082,-2.4271,0.0,0.0
1779988773587,2,Pitching Mound.Parent,,Delivery,pitch.1,438759,8.1703,-15.3458,109.6637,-108.5435,117.0004,25.4524,-0.1456,0.1375
1779988773588,2,11.0000004b,Drive,Delivery,pitch.1,439720,-0.0598,-0.4125,1.7921,0.7487,-2.8781,-2.4127,0.0,0.0
1779988773588,2,12.00000015,Lower Delivery,Delivery,pitch.1,439444,7.7992,-14.8049,104.1391,-152.9857,124.7247,27.6802,-0.1594,-0.1956
1779988773588,2,12.00000015,Lower Delivery,Delivery,pitch.1,439445,7.8343,-14.6993,104.2237,-153.014,124.7893,27.7254,-0.1594,-0.1954
1779988773588,2,12.00000018,Upper Delivery,Delivery,pitch.1,440299,0.4104,-0.0334,3.8352,10.3589,-5.0628,2.6572,0.1757,0.327
1779988773588,2,Pitching Mound.Delivery,,Delivery,pitch.1,439140,8.2097,-14.8383,107.9743,-108.5235,119.662,27.8252,-0.1475,0.1388
1779988773588,2,Pitching Mound.Drive,,Delivery,pitch.1,439720,-0.0598,-0.4125,1.7921,0.7487,-2.8781,-2.4127,0.0,0.0
1779988773588,2,Pitching Mound.Parent,,Delivery,pitch.1,438760,8.143,-15.2428,109.7883,-107.7623,116.7538,25.398,-0.1451,0.1365
1779988773589,2,11.0000004b,Drive,Delivery,pitch.1,439721,-0.0682,-0.3993,1.7491,0.7272,-2.8347,-2.4232,0.0,0.0
1779988773589,2,12.00000015,Lower Delivery,Delivery,pitch.1,439446,7.8375,-14.6129,104.0487,-152.7728,124.524,27.7057,-0.1593,-0.1955
1779988773589,2,12.00000018,Upper Delivery,Delivery,pitch.1,440300,0.4063,-0.0471,4.0028,10.6432,-5.0258,2.6635,0.1672,0.327
1779988773589,2,Pitching Mound.Delivery,,Delivery,pitch.1,439141,8.2406,-14.7464,108.2264,-108.2956,119.7635,27.8634,-0.1473,0.1387
1779988773589,2,Pitching Mound.Drive,,Delivery,pitch.1,439721,-0.0682,-0.3993,1.7491,0.7272,-2.8347,-2.4232,0.0,0.0
1779988773589,2,Pitching Mound.Parent,,Delivery,pitch.1,438761,8.1808,-15.1589,110.0186,-107.5469,116.8854,25.4507,-0.1449,0.1365
1779988773590,2,11.0000004b,Drive,Delivery,pitch.1,439722,-0.0764,-0.3968,1.7775,0.7113,-2.8089,-2.4202,0.0,0.0
1779988773590,2,12.00000018,Upper Delivery,Delivery,pitch.1,440301,0.3915,-0.0567,3.9273,11.1701,-4.6868,2.7633,0.1589,0.327
1779988773590,2,Pitching Mound.Delivery,,Delivery,pitch.1,439142,8.229,-14.6695,107.976,-107.5615,119.8372,27.9373,-0.1478,0.1388
1779988773590,2,Pitching Mound.Drive,,Delivery,pitch.1,439722,-0.0764,-0.3968,1.7775,0.7113,-2.8089,-2.4202,0.0,0.0
1779988773590,2,Pitching Mound.Parent,,Delivery,pitch.1,438762,8.1608,-15.0688,109.7251,-106.8343,117.0025,25.5141,-0.1454,0.1366
1779988773591,2,11.0000004b,Drive,Delivery,pitch.1,439723,-0.0641,-0.3921,1.7131,0.7008,-2.5715,-2.419,0.0,0.0
1779988773591,2,12.00000015,Lower Delivery,Delivery,pitch.1,439447,7.875,-14.5171,103.8372,-152.7848,124.4753,27.7595,-0.1596,-0.1959
1779988773591,2,12.00000018,Upper Delivery,Delivery,pitch.1,440302,0.3824,-0.09,4.1049,11.0513,-4.6079,2.7741,0.1494,0.327
1779988773591,2,Pitching Mound.Delivery,,Delivery,pitch.1,439143,8.2574,-14.6071,107.9421,-107.8245,119.8673,27.9862,-0.1478,0.1381
1779988773591,2,Pitching Mound.Drive,,Delivery,pitch.1,439723,-0.0641,-0.3921,1.7131,0.7008,-2.5715,-2.419,0.0,0.0
1779988773591,2,Pitching Mound.Parent,,Delivery,pitch.1,438763,8.1809,-15.004,109.7196,-107.1132,117.0584,25.566,-0.1454,0.1359
1779988773592,2,11.0000004b,Drive,Delivery,pitch.1,439724,-0.0466,-0.3654,1.6959,0.6806,-2.3464,-2.3882,0.0,0.0
1779988773592,2,12.00000015,Lower Delivery,Delivery,pitch.1,439448,7.9249,-14.4598,103.9478,-152.8825,124.4047,27.7861,-0.1593,-0.1958
1779988773592,2,12.00000018,Upper Delivery,Delivery,pitch.1,440303,0.3896,-0.11,4.2143,11.0477,-4.6619,2.804,0.1473,0.327
1779988773592,2,Pitching Mound.Delivery,,Delivery,pitch.1,439144,8.3145,-14.5698,108.1622,-107.9254,119.7428,28.0281,-0.1474,0.1381
1779988773592,2,Pitching Mound.Drive,,Delivery,pitch.1,439724,-0.0466,-0.3654,1.6959,0.6806,-2.3464,-2.3882,0.0,0.0
1779988773592,2,Pitching Mound.Parent,,Delivery,pitch.1,438764,8.2505,-14.9618,109.8753,-107.2246,117.1713,25.6091,-0.1451,0.1359
1779988773593,2,11.0000004b,Drive,Delivery,pitch.1,439725,-0.0243,-0.3403,1.6862,0.6855,-2.3096,-2.3688,0.0,0.0
1779988773593,2,12.00000015,Lower Delivery,Delivery,pitch.1,439449,7.9804,-14.4332,103.963,-152.8778,124.3306,27.7698,-0.1592,-0.1958
1779988773593,2,12.00000018,Upper Delivery,Delivery,pitch.1,440304,0.4129,-0.1652,4.1801,10.134,-4.7643,2.7258,0.1517,0.3227
1779988773593,2,Pitching Mound.Delivery,,Delivery,pitch.1,439145,8.3933,-14.5984,108.1431,-108.8175,119.5662,27.9226,-0.1472,0.138
1779988773593,2,Pitching Mound.Drive,,Delivery,pitch.1,439725,-0.0243,-0.3403,1.6862,0.6855,-2.3096,-2.3688,0.0,0.0
1779988773593,2,Pitching Mound.Parent,,Delivery,pitch.1,438765,8.3467,-14.9638,109.839,-108.1369,117.2199,25.5345,-0.1449,0.1359
1779988773594,2,11.0000004b,Drive,Delivery,pitch.1,439726,-0.0166,-0.3132,1.6709,0.674,-2.1789,-2.3459,0.0,0.0
1779988773594,2,12.00000015,Lower Delivery,Delivery,pitch.1,439450,8.0122,-14.3968,103.9754,-152.9986,124.313,27.8204,-0.1592,-0.1959
1779988773594,2,12.00000015,Lower Delivery,Delivery,pitch.1,439451,8.0619,-14.3972,103.8765,-152.714,124.349,27.7992,-0.1594,-0.1957
1779988773594,2,12.00000018,Upper Delivery,Delivery,pitch.1,440305,0.4175,-0.2345,4.168,10.3319,-5.1057,2.754,0.1631,0.327
1779988773594,2,Pitching Mound.Delivery,,Delivery,pitch.1,439146,8.4297,-14.6313,108.1434,-108.7322,119.2074,27.9922,-0.1467,0.1381
1779988773594,2,Pitching Mound.Drive,,Delivery,pitch.1,439726,-0.0166,-0.3132,1.6709,0.674,-2.1789,-2.3459,0.0,0.0
1779988773594,2,Pitching Mound.Parent,,Delivery,pitch.1,438766,8.4054,-14.9716,109.8295,-108.0467,116.8978,25.6233,-0.1445,0.1359
1779988773595,2,11.0000004b,Drive,Delivery,pitch.1,439727,-0.0233,-0.3116,1.6948,0.6805,-2.2062,-2.3585,0.0,0.0
1779988773595,2,12.00000015,Lower Delivery,Delivery,pitch.1,439452,8.1224,-14.4148,103.8832,-152.5951,124.2884,27.8717,-0.1593,-0.1956
1779988773595,2,12.00000018,Upper Delivery,Delivery,pitch.1,440306,0.3903,-0.3011,4.1699,9.9985,-5.599,2.6396,0.1788,0.3192
1779988773595,2,Pitching Mound.Delivery,,Delivery,pitch.1,439147,8.4522,-14.6983,108.0464,-108.8153,118.7501,27.8305,-0.1463,0.1379
1779988773595,2,Pitching Mound.Drive,,Delivery,pitch.1,439727,-0.0233,-0.3116,1.6948,0.6805,-2.2062,-2.3585,0.0,0.0
1779988773595,2,Pitching Mound.Parent,,Delivery,pitch.1,438767,8.4356,-15.0115,109.7173,-108.1413,116.5711,25.4846,-0.1441,0.1358
1779988773596,2,11.0000004b,Drive,Delivery,pitch.1,439728,-0.0354,-0.2933,1.7437,0.6546,-2.0956,-2.3839,0.0,0.0
1779988773596,2,12.00000015,Lower Delivery,Delivery,pitch.1,439453,8.154,-14.4381,103.8513,-152.4586,124.0725,27.919,-0.159,-0.1954
1779988773596,2,12.00000018,Upper Delivery,Delivery,pitch.1,440307,0.3756,-0.3844,4.1974,9.6913,-5.6421,2.534,0.1789,0.3074
1779988773596,2,Pitching Mound.Delivery,,Delivery,pitch.1,439148,8.498,-14.7992,108.0806,-109.0106,118.6463,27.7718,-0.1461,0.1376
1779988773596,2,Pitching Mound.Drive,,Delivery,pitch.1,439728,-0.0354,-0.2933,1.7437,0.6546,-2.0956,-2.3839,0.0,0.0
1779988773596,2,Pitching Mound.Parent,,Delivery,pitch.1,438768,8.4748,-15.1109,109.7754,-108.3301,116.4401,25.4133,-0.1439,0.1354
1779988773597,2,11.0000004b,Drive,Delivery,pitch.1,439729,-0.0408,-0.2837,1.748,0.6486,-2.0845,-2.3319,0.0,0.0
1779988773597,2,12.00000018,Upper Delivery,Delivery,pitch.1,440308,0.3713,-0.4582,4.0427,8.7806,-5.1879,2.3198,0.1708,0.2892
1779988773597,2,Pitching Mound.Delivery,,Delivery,pitch.1,439149,8.5252,-14.8963,107.8939,-109.743,118.8846,27.5927,-0.1467,0.1372
1779988773597,2,Pitching Mound.Drive,,Delivery,pitch.1,439729,-0.0408,-0.2837,1.748,0.6486,-2.0845,-2.3319,0.0,0.0
1779988773597,2,Pitching Mound.Parent,,Delivery,pitch.1,438769,8.4898,-15.1896,109.6377,-109.0884,116.789,25.2088,-0.1444,0.1351
1779988773598,2,11.0000004b,Drive,Delivery,pitch.1,439730,-0.0342,-0.2826,1.7628,0.6662,-2.3132,-2.3686,0.0,0.0
1779988773598,2,12.00000015,Lower Delivery,Delivery,pitch.1,439455,8.2318,-14.4799,103.8212,-151.8411,123.6855,27.9266,-0.1586,-0.1947
1779988773598,2,12.00000015,Lower Delivery,Delivery,pitch.1,439454,8.2017,-14.4599,103.8952,-152.3568,123.9817,27.9438,-0.1589,-0.1952
1779988773598,2,12.00000018,Upper Delivery,Delivery,pitch.1,440309,0.3777,-0.4926,3.8172,8.5869,-5.0548,2.1633,0.1763,0.2995
1779988773598,2,Pitching Mound.Delivery,,Delivery,pitch.1,439150,8.5794,-14.9526,107.7123,-109.7434,118.9269,27.4469,-0.147,0.1382
1779988773598,2,Pitching Mound.Drive,,Delivery,pitch.1,439730,-0.0342,-0.2826,1.7628,0.6662,-2.3132,-2.3686,0.0,0.0
1779988773598,2,Pitching Mound.Parent,,Delivery,pitch.1,438770,8.5386,-15.2362,109.4603,-109.0948,116.8424,25.115,-0.1446,0.136
1779988773599,2,12.00000015,Lower Delivery,Delivery,pitch.1,439456,8.2523,-14.4935,103.6369,-151.7657,123.5361,27.9519,-0.1587,-0.195
1779988773599,2,12.00000018,Upper Delivery,Delivery,pitch.1,440310,0.3654,-0.5342,3.5338,7.8922,-4.6471,2.0338,0.1751,0.2973
1779988773599,2,Pitching Mound.Delivery,,Delivery,pitch.1,439151,8.5972,-15.0141,107.355,-109.8511,119.0384,27.2858,-0.1476,0.1391
1779988773599,2,Pitching Mound.Parent,,Delivery,pitch.1,438771,8.563,-15.2967,109.1178,-109.185,116.7252,24.9172,-0.1452,0.1369
1779988773600,2,11.0000004b,Drive,Delivery,pitch.1,439731,-0.0341,-0.2728,1.819,0.6797,-2.2746,-2.3698,0.0,0.0
1779988773600,2,12.00000015,Lower Delivery,Delivery,pitch.1,439457,8.2802,-14.5033,103.573,-151.7055,123.5274,27.8885,-0.1588,-0.195
1779988773600,2,12.00000018,Upper Delivery,Delivery,pitch.1,440311,0.3911,-0.5623,3.4456,7.8787,-4.6452,1.9857,0.1795,0.3044
1779988773600,2,Pitching Mound.Delivery,,Delivery,pitch.1,439152,8.6435,-15.0558,107.0825,-109.822,118.8909,27.2648,-0.1478,0.1392
1779988773600,2,Pitching Mound.Drive,,Delivery,pitch.1,439731,-0.0341,-0.2728,1.819,0.6797,-2.2746,-2.3698,0.0,0.0
1779988773600,2,Pitching Mound.Parent,,Delivery,pitch.1,438772,8.6094,-15.3286,108.9016,-109.1423,116.6163,24.8949,-0.1453,0.1369
1779988773601,2,11.0000004b,Drive,Delivery,pitch.1,439732,-0.0331,-0.307,1.8278,0.7028,-2.3799,-2.3857,0.0,0.0
1779988773601,2,12.00000015,Lower Delivery,Delivery,pitch.1,439458,8.2846,-14.511,103.6899,-151.5163,123.4883,27.887,-0.1585,-0.1945
1779988773601,2,12.00000018,Upper Delivery,Delivery,pitch.1,440312,0.4023,-0.5749,3.5081,8.7886,-5.1924,1.9958,0.197,0.327
1779988773601,2,Pitching Mound.Delivery,,Delivery,pitch.1,439153,8.6825,-15.0782,107.0811,-108.8948,118.3349,27.2057,-0.1471,0.1398
1779988773601,2,Pitching Mound.Drive,,Delivery,pitch.1,439732,-0.0331,-0.307,1.8278,0.7028,-2.3799,-2.3857,0.0,0.0
1779988773601,2,Pitching Mound.Parent,,Delivery,pitch.1,438773,8.6494,-15.3852,108.9089,-108.192,115.9551,24.82,-0.1446,0.1375
1779988773602,2,11.0000004b,Drive,Delivery,pitch.1,439734,-0.0399,-0.3101,1.8825,0.7194,-2.4682,-2.3943,0.0,0.0
1779988773602,2,11.0000004b,Drive,Delivery,pitch.1,439733,-0.0391,-0.3015,1.8075,0.7097,-2.2852,-2.3894,0.0,0.0
1779988773602,2,12.00000015,Lower Delivery,Delivery,pitch.1,439459,8.2719,-14.5164,103.4527,-151.0,123.2507,27.8868,-0.1586,-0.1943
1779988773602,2,12.00000018,Upper Delivery,Delivery,pitch.1,440313,0.4219,-0.5811,3.6916,9.8635,-5.6221,2.0781,0.2027,0.327
1779988773602,2,Pitching Mound.Delivery,,Delivery,pitch.1,439154,8.7065,-15.0921,107.3815,-107.6534,117.8662,27.2918,-0.1461,0.14
1779988773602,2,Pitching Mound.Drive,,Delivery,pitch.1,439734,-0.0399,-0.3101,1.8825,0.7194,-2.4682,-2.3943,0.0,0.0
1779988773602,2,Pitching Mound.Drive,,Delivery,pitch.1,439733,-0.0391,-0.3015,1.8075,0.7097,-2.2852,-2.3894,0.0,0.0
1779988773602,2,Pitching Mound.Parent,,Delivery,pitch.1,438774,8.6674,-15.3936,109.189,-106.9437,115.581,24.9023,-0.1437,0.1377
1779988773603,2,11.0000004b,Drive,Delivery,pitch.1,439735,-0.0395,-0.3237,1.935,0.7199,-2.5066,-2.4243,0.0,0.0
1779988773603,2,12.00000015,Lower Delivery,Delivery,pitch.1,439460,8.2877,-14.5019,103.4441,-150.4379,123.0708,27.909,-0.1584,-0.1936
1779988773603,2,12.00000018,Upper Delivery,Delivery,pitch.1,440314,0.4271,-0.5301,3.8043,10.4396,-5.7477,2.1487,0.2011,0.327
1779988773603,2,Pitching Mound.Delivery,,Delivery,pitch.1,439155,8.6991,-15.0465,107.2571,-106.6799,117.503,27.3683,-0.1458,0.1401
1779988773603,2,Pitching Mound.Drive,,Delivery,pitch.1,439735,-0.0395,-0.3237,1.935,0.7199,-2.5066,-2.4243,0.0,0.0
1779988773603,2,Pitching Mound.Parent,,Delivery,pitch.1,438775,8.6592,-15.3567,109.1396,-105.9605,115.0349,24.974,-0.1433,0.1376
1779988773604,2,11.0000004b,Drive,Delivery,pitch.1,439736,-0.0397,-0.3465,1.9906,0.7463,-2.5754,-2.4337,0.0,0.0
1779988773604,2,12.00000015,Lower Delivery,Delivery,pitch.1,439461,8.299,-14.4756,103.4445,-149.9868,122.7223,27.9271,-0.1579,-0.193
1779988773604,2,12.00000018,Upper Delivery,Delivery,pitch.1,440315,0.414,-0.4697,3.9881,11.6026,-5.8386,2.2619,0.1949,0.327
1779988773604,2,Pitching Mound.Delivery,,Delivery,pitch.1,439156,8.7017,-14.9717,107.4323,-105.0203,117.2322,27.4939,-0.1453,0.1405
1779988773604,2,Pitching Mound.Drive,,Delivery,pitch.1,439736,-0.0397,-0.3465,1.9906,0.7463,-2.5754,-2.4337,0.0,0.0
1779988773604,2,Pitching Mound.Parent,,Delivery,pitch.1,438776,8.6622,-15.2954,109.3672,-104.3004,114.7256,25.0696,-0.1427,0.138
1779988773605,2,11.0000004b,Drive,Delivery,pitch.1,439737,-0.0302,-0.3677,1.9745,0.7504,-2.5325,-2.4315,0.0,0.0
1779988773605,2,12.00000015,Lower Delivery,Delivery,pitch.1,439462,8.2869,-14.4496,103.5095,-149.6224,122.6209,27.9485,-0.1577,-0.1924
1779988773605,2,12.00000018,Upper Delivery,Delivery,pitch.1,440316,0.438,-0.3917,3.9652,12.1198,-5.7018,2.3165,0.1914,0.327
1779988773605,2,Pitching Mound.Delivery,,Delivery,pitch.1,439157,8.737,-14.8674,107.4098,-104.044,117.0205,27.5709,-0.145,0.1411
1779988773605,2,Pitching Mound.Drive,,Delivery,pitch.1,439737,-0.0302,-0.3677,1.9745,0.7504,-2.5325,-2.4315,0.0,0.0
1779988773605,2,Pitching Mound.Parent,,Delivery,pitch.1,438777,8.6973,-15.2139,109.4003,-103.2977,114.445,25.1371,-0.1424,0.1385
1779988773606,2,11.0000004b,Drive,Delivery,pitch.1,439738,-0.0518,-0.3622,2.0345,0.7491,-2.4368,-2.4437,0.0,0.0
1779988773606,2,12.00000015,Lower Delivery,Delivery,pitch.1,439463,8.2722,-14.4041,103.4468,-149.0973,122.3938,27.9184,-0.1575,-0.1919
1779988773606,2,12.00000018,Upper Delivery,Delivery,pitch.1,440317,0.4383,-0.3573,4.1637,13.8392,-5.6255,2.5251,0.1799,0.327
1779988773606,2,Pitching Mound.Delivery,,Delivery,pitch.1,439158,8.7252,-14.8069,107.6732,-102.0056,116.9954,27.8051,-0.1447,0.1414
1779988773606,2,Pitching Mound.Drive,,Delivery,pitch.1,439738,-0.0518,-0.3622,2.0345,0.7491,-2.4368,-2.4437,0.0,0.0
1779988773606,2,Pitching Mound.Parent,,Delivery,pitch.1,438778,8.695,-15.1745,109.6477,-101.2552,114.4629,25.3735,-0.142,0.1388
1779988773607,2,11.0000004b,Drive,Delivery,pitch.1,439739,-0.0414,-0.387,1.9792,0.7786,-2.524,-2.422,0.0,0.0
1779988773607,2,12.00000015,Lower Delivery,Delivery,pitch.1,439464,8.2798,-14.3514,103.2123,-148.7401,122.2722,27.8914,-0.1577,-0.1919
1779988773607,2,12.00000018,Upper Delivery,Delivery,pitch.1,440318,0.455,-0.3085,4.3358,14.7847,-5.5569,2.6095,0.1706,0.327
1779988773607,2,Pitching Mound.Delivery,,Delivery,pitch.1,439159,8.7272,-14.7126,107.7826,-100.6148,116.8369,27.87,-0.1443,0.1416
1779988773607,2,Pitching Mound.Drive,,Delivery,pitch.1,439739,-0.0414,-0.387,1.9792,0.7786,-2.524,-2.422,0.0,0.0
1779988773607,2,Pitching Mound.Parent,,Delivery,pitch.1,438779,8.6755,-15.0748,109.817,-99.8657,114.4001,25.4263,-0.1416,0.139
1779988773608,2,11.0000004b,Drive,Delivery,pitch.1,439740,-0.0445,-0.4121,1.9433,0.8088,-2.6993,-2.4537,0.0,0.0
1779988773608,2,12.00000015,Lower Delivery,Delivery,pitch.1,439465,8.2774,-14.2807,102.9766,-148.1981,122.0125,27.8242,-0.1577,-0.1916
1779988773608,2,12.00000018,Upper Delivery,Delivery,pitch.1,440319,0.4531,-0.2453,4.4243,15.0446,-5.9779,2.6277,0.1799,0.327
1779988773608,2,Pitching Mound.Delivery,,Delivery,pitch.1,439160,8.7328,-14.5967,107.6367,-100.1076,116.2943,27.8579,-0.1438,0.1415
1779988773608,2,Pitching Mound.Drive,,Delivery,pitch.1,439740,-0.0445,-0.4121,1.9433,0.8088,-2.6993,-2.4537,0.0,0.0
1779988773608,2,Pitching Mound.Parent,,Delivery,pitch.1,438780,8.6915,-14.9838,109.6159,-99.329,113.7703,25.436,-0.1412,0.139
1779988773609,2,11.0000004b,Drive,Delivery,pitch.1,439741,-0.067,-0.4036,2.0471,0.7759,-2.6986,-2.4446,0.0,0.0
1779988773609,2,12.00000015,Lower Delivery,Delivery,pitch.1,439466,8.286,-14.2193,102.7343,-147.9195,121.7508,27.7999,-0.1578,-0.1917
1779988773609,2,12.00000018,Upper Delivery,Delivery,pitch.1,440320,0.4816,-0.1948,4.4169,15.1437,-6.2952,2.666,0.1897,0.327
1779988773609,2,Pitching Mound.Delivery,,Delivery,pitch.1,439161,8.759,-14.4756,107.3935,-99.5441,115.7172,27.8397,-0.1434,0.1418
1779988773609,2,Pitching Mound.Drive,,Delivery,pitch.1,439741,-0.067,-0.4036,2.0471,0.7759,-2.6986,-2.4446,0.0,0.0
1779988773609,2,Pitching Mound.Parent,,Delivery,pitch.1,438781,8.7145,-14.8877,109.3368,-98.7353,113.0179,25.386,-0.1409,0.1393
1779988773610,2,11.0000004b,Drive,Delivery,pitch.1,439742,-0.0611,-0.3949,1.9905,0.7479,-2.6268,-2.3706,0.0,0.0
1779988773610,2,12.00000015,Lower Delivery,Delivery,pitch.1,439467,8.2883,-14.1566,102.3576,-147.4001,121.4119,27.779,-0.1579,-0.1917
1779988773610,2,12.00000018,Upper Delivery,Delivery,pitch.1,440321,0.4646,-0.1834,4.7421,15.7222,-6.8842,2.625,0.1933,0.327
1779988773610,2,Pitching Mound.Delivery,,Delivery,pitch.1,439162,8.7505,-14.4027,107.4763,-98.8799,114.8666,27.7656,-0.1423,0.1412
1779988773610,2,Pitching Mound.Drive,,Delivery,pitch.1,439742,-0.0611,-0.3949,1.9905,0.7479,-2.6268,-2.3706,0.0,0.0
1779988773610,2,Pitching Mound.Parent,,Delivery,pitch.1,438782,8.6835,-14.8063,109.5234,-98.104,112.168,25.321,-0.1396,0.1386
1779988773611,2,11.0000004b,Drive,Delivery,pitch.1,439743,-0.074,-0.4021,1.997,0.7862,-2.7126,-2.376,0.0,0.0
1779988773611,2,12.00000015,Lower Delivery,Delivery,pitch.1,439468,8.2991,-14.073,102.1508,-146.8485,121.2688,27.717,-0.158,-0.1914
1779988773611,2,12.00000018,Upper Delivery,Delivery,pitch.1,440322,0.4325,-0.1957,5.2424,15.7835,-7.0506,2.5414,0.179,0.327
1779988773611,2,Pitching Mound.Delivery,,Delivery,pitch.1,439163,8.7208,-14.3523,107.6,-98.5975,114.3613,27.6495,-0.1415,0.1404
1779988773611,2,Pitching Mound.Drive,,Delivery,pitch.1,439743,-0.074,-0.4021,1.997,0.7862,-2.7126,-2.376,0.0,0.0
1779988773611,2,Pitching Mound.Parent,,Delivery,pitch.1,438783,8.6597,-14.7472,109.5905,-97.8496,111.7345,25.2789,-0.1389,0.1379
1779988773612,2,11.0000004b,Drive,Delivery,pitch.1,439744,-0.0752,-0.3857,1.9313,0.7896,-2.6278,-2.37,0.0,0.0
1779988773612,2,12.00000015,Lower Delivery,Delivery,pitch.1,439469,8.3085,-13.9665,101.8129,-146.2923,120.8805,27.6411,-0.1581,-0.1913
1779988773612,2,12.00000018,Upper Delivery,Delivery,pitch.1,440323,0.4043,-0.2209,5.1901,15.6222,-7.3422,2.4244,0.1883,0.327
1779988773612,2,Pitching Mound.Delivery,,Delivery,pitch.1,439164,8.7034,-14.2939,107.3409,-98.2597,113.9266,27.4572,-0.1413,0.1408
1779988773612,2,Pitching Mound.Drive,,Delivery,pitch.1,439744,-0.0752,-0.3857,1.9313,0.7896,-2.6278,-2.37,0.0,0.0
1779988773612,2,Pitching Mound.Parent,,Delivery,pitch.1,438784,8.6294,-14.696,109.3379,-97.4735,111.214,25.0812,-0.1387,0.1382
1779988773613,2,11.0000004b,Drive,Delivery,pitch.1,439745,-0.0808,-0.3807,1.8887,0.7758,-2.4965,-2.3829,0.0,0.0
1779988773613,2,12.00000015,Lower Delivery,Delivery,pitch.1,439470,8.2864,-13.8605,101.5248,-145.9301,120.6281,27.5092,-0.1582,-0.1914
1779988773613,2,12.00000018,Upper Delivery,Delivery,pitch.1,440324,0.3883,-0.2839,5.209,16.1631,-8.1438,2.2306,0.2081,0.327
1779988773613,2,Pitching Mound.Delivery,,Delivery,pitch.1,439165,8.6968,-14.2504,107.0219,-97.2839,112.7366,27.1788,-0.1402,0.1408
1779988773613,2,Pitching Mound.Drive,,Delivery,pitch.1,439745,-0.0808,-0.3807,1.8887,0.7758,-2.4965,-2.3829,0.0,0.0
1779988773613,2,Pitching Mound.Parent,,Delivery,pitch.1,438785,8.6216,-14.6361,108.9531,-96.4944,110.1088,24.8089,-0.1378,0.1383
1779988773614,2,11.0000004b,Drive,Delivery,pitch.1,439746,-0.0786,-0.389,1.8455,0.7738,-2.4515,-2.35,0.0,0.0
1779988773614,2,12.00000015,Lower Delivery,Delivery,pitch.1,439471,8.2841,-13.7653,101.283,-145.8687,120.4615,27.4309,-0.1583,-0.1917
1779988773614,2,12.00000018,Upper Delivery,Delivery,pitch.1,440325,0.3356,-0.3938,5.6884,15.9879,-8.0139,2.1499,0.1875,0.327
1779988773614,2,Pitching Mound.Delivery,,Delivery,pitch.1,439166,8.622,-14.2543,107.2132,-97.3579,112.6142,26.9558,-0.1398,0.1401
1779988773614,2,Pitching Mound.Drive,,Delivery,pitch.1,439746,-0.0786,-0.389,1.8455,0.7738,-2.4515,-2.35,0.0,0.0
1779988773614,2,Pitching Mound.Parent,,Delivery,pitch.1,438786,8.5412,-14.635,109.102,-96.5821,110.1177,24.5729,-0.1374,0.1376
1779988773615,2,11.0000004b,Drive,Delivery,pitch.1,439747,-0.0795,-0.3786,1.8541,0.7512,-2.5142,-2.369,0.0,0.0
1779988773615,2,12.00000015,Lower Delivery,Delivery,pitch.1,439472,8.2556,-13.6479,101.0298,-145.2084,120.2247,27.3084,-0.1584,-0.1913
1779988773615,2,12.00000018,Upper Delivery,Delivery,pitch.1,440326,0.312,-0.5138,5.9588,16.5314,-8.2988,1.9992,0.1854,0.327
1779988773615,2,Pitching Mound.Delivery,,Delivery,pitch.1,439167,8.5961,-14.2791,107.2418,-96.9271,112.1627,26.7197,-0.1392,0.1393
1779988773615,2,Pitching Mound.Drive,,Delivery,pitch.1,439747,-0.0795,-0.3786,1.8541,0.7512,-2.5142,-2.369,0.0,0.0
1779988773615,2,Pitching Mound.Parent,,Delivery,pitch.1,438787,8.5175,-14.6682,109.0873,-96.1533,109.7112,24.3696,-0.1369,0.137
1779988773616,2,11.0000004b,Drive,Delivery,pitch.1,439748,-0.0636,-0.3726,1.8228,0.7749,-2.6713,-2.3555,0.0,0.0
1779988773616,2,12.00000015,Lower Delivery,Delivery,pitch.1,439473,8.2631,-13.5569,100.8301,-144.9165,119.9544,27.2735,-0.1584,-0.1913
1779988773616,2,12.00000018,Upper Delivery,Delivery,pitch.1,440327,0.2719,-0.6533,6.1229,17.0576,-8.5178,1.8284,0.1852,0.327
1779988773616,2,Pitching Mound.Delivery,,Delivery,pitch.1,439168,8.5275,-14.3013,107.1527,-95.8824,111.7069,26.4223,-0.1388,0.1394
1779988773616,2,Pitching Mound.Drive,,Delivery,pitch.1,439748,-0.0636,-0.3726,1.8228,0.7749,-2.6713,-2.3555,0.0,0.0
1779988773616,2,Pitching Mound.Parent,,Delivery,pitch.1,438788,8.448,-14.6799,109.0069,-95.1312,109.1927,24.0533,-0.1364,0.1371
1779988773617,2,11.0000004b,Drive,Delivery,pitch.1,439749,-0.0441,-0.3574,1.7567,0.7453,-2.4992,-2.3558,0.0,0.0
1779988773617,2,12.00000015,Lower Delivery,Delivery,pitch.1,439474,8.2702,-13.4383,100.5881,-144.4417,119.7276,27.186,-0.1585,-0.1912
1779988773617,2,12.00000018,Upper Delivery,Delivery,pitch.1,440328,0.2142,-0.8132,6.5136,17.4817,-8.6775,1.7485,0.1774,0.327
1779988773617,2,Pitching Mound.Delivery,,Delivery,pitch.1,439169,8.4773,-14.3701,107.3437,-95.3671,111.2768,26.2854,-0.138,0.1389
1779988773617,2,Pitching Mound.Drive,,Delivery,pitch.1,439749,-0.0441,-0.3574,1.7567,0.7453,-2.4992,-2.3558,0.0,0.0
1779988773617,2,Pitching Mound.Parent,,Delivery,pitch.1,438789,8.4137,-14.7427,109.1665,-94.5922,108.6056,23.9299,-0.1357,0.1365
1779988773618,2,11.0000004b,Drive,Delivery,pitch.1,439750,-0.0522,-0.3304,1.759,0.7187,-2.4733,-2.3679,0.0,0.0
1779988773618,2,12.00000015,Lower Delivery,Delivery,pitch.1,439475,8.2524,-13.3717,100.4372,-144.2123,119.3232,27.1115,-0.1582,-0.1912
1779988773618,2,12.00000018,Upper Delivery,Delivery,pitch.1,440329,0.1632,-0.9598,7.3895,18.0794,-8.9997,1.6987,0.1621,0.3257
1779988773618,2,Pitching Mound.Delivery,,Delivery,pitch.1,439170,8.4334,-14.3981,107.9776,-94.6747,110.7278,26.1283,-0.1365,0.1377
1779988773618,2,Pitching Mound.Drive,,Delivery,pitch.1,439750,-0.0522,-0.3304,1.759,0.7187,-2.4733,-2.3679,0.0,0.0
1779988773618,2,Pitching Mound.Parent,,Delivery,pitch.1,438790,8.3894,-14.7556,109.7343,-93.9294,108.2286,23.7725,-0.1343,0.1355
1779988773619,2,11.0000004b,Drive,Delivery,pitch.1,439751,-0.0391,-0.3245,1.7335,0.727,-2.3807,-2.3573,0.0,0.0
1779988773619,2,12.00000015,Lower Delivery,Delivery,pitch.1,439476,8.2537,-13.3053,100.1901,-143.9869,119.0843,27.0382,-0.1582,-0.1913
1779988773619,2,12.00000018,Upper Delivery,Delivery,pitch.1,440330,0.1542,-1.1457,8.3108,18.7505,-9.3841,1.652,0.1503,0.3004
1779988773619,2,Pitching Mound.Delivery,,Delivery,pitch.1,439171,8.4066,-14.5174,108.748,-94.1389,109.9391,26.0101,-0.1346,0.1344
1779988773619,2,Pitching Mound.Drive,,Delivery,pitch.1,439751,-0.0391,-0.3245,1.7335,0.727,-2.3807,-2.3573,0.0,0.0
1779988773619,2,Pitching Mound.Parent,,Delivery,pitch.1,438791,8.3544,-14.8478,110.507,-93.4203,107.4659,23.6422,-0.1324,0.1323
1779988773620,2,11.0000004b,Drive,Delivery,pitch.1,439752,-0.0605,-0.3475,1.7785,0.7369,-2.5344,-2.3876,0.0,0.0
1779988773620,2,12.00000015,Lower Delivery,Delivery,pitch.1,439477,8.232,-13.2501,99.9721,-143.5977,118.5763,26.9465,-0.1579,-0.1912
1779988773620,2,12.00000018,Upper Delivery,Delivery,pitch.1,440331,0.0637,-1.2874,8.8865,19.0562,-9.6731,1.643,0.1449,0.2855
1779988773620,2,Pitching Mound.Delivery,,Delivery,pitch.1,439172,8.3174,-14.5927,109.0766,-93.8875,109.4112,25.8966,-0.1335,0.1321
1779988773620,2,Pitching Mound.Drive,,Delivery,pitch.1,439752,-0.0605,-0.3475,1.7785,0.7369,-2.5344,-2.3876,0.0,0.0
1779988773620,2,Pitching Mound.Parent,,Delivery,pitch.1,438792,8.2783,-14.9172,110.8101,-93.1605,107.0305,23.5393,-0.1314,0.1301
1779988773621,2,11.0000004b,Drive,Delivery,pitch.1,439753,-0.0585,-0.3275,1.7734,0.7179,-2.5253,-2.3869,0.0,0.0
1779988773621,2,12.00000015,Lower Delivery,Delivery,pitch.1,439478,8.2257,-13.1878,99.7409,-143.1259,117.9541,26.8627,-0.1574,-0.191
1779988773621,2,12.00000018,Upper Delivery,Delivery,pitch.1,440332,0.0709,-1.4582,7.5518,19.5029,-9.9665,1.6874,0.1757,0.327
1779988773621,2,Pitching Mound.Delivery,,Delivery,pitch.1,439173,8.3029,-14.7083,107.524,-92.672,108.6098,25.8591,-0.1345,0.1374
1779988773621,2,Pitching Mound.Drive,,Delivery,pitch.1,439753,-0.0585,-0.3275,1.7734,0.7179,-2.5253,-2.3869,0.0,0.0
1779988773621,2,Pitching Mound.Parent,,Delivery,pitch.1,438793,8.2423,-15.0557,109.3025,-91.9351,106.0754,23.4715,-0.1323,0.1352
1779988773622,2,11.0000004b,Drive,Delivery,pitch.1,439754,-0.0729,-0.3263,1.8206,0.699,-2.5511,-2.3825,0.0,0.0
1779988773622,2,12.00000015,Lower Delivery,Delivery,pitch.1,439479,8.2336,-13.1459,99.3017,-142.9079,117.5024,26.7449,-0.1575,-0.1916
1779988773622,2,12.00000018,Upper Delivery,Delivery,pitch.1,440333,0.0241,-1.5933,7.9797,20.6421,-10.3238,1.7006,0.1722,0.327
1779988773622,2,12.00000018,Upper Delivery,Delivery,pitch.1,440334,0.0128,-1.7082,8.2602,21.5592,-10.7755,1.758,0.1737,0.327
1779988773622,2,Pitching Mound.Delivery,,Delivery,pitch.1,439174,8.2498,-14.7811,107.7206,-91.285,107.6303,25.7747,-0.133,0.137
1779988773622,2,Pitching Mound.Delivery,,Delivery,pitch.1,439175,8.2465,-14.8541,107.5619,-90.3946,106.7269,25.7078,-0.1321,0.136
1779988773622,2,Pitching Mound.Drive,,Delivery,pitch.1,439754,-0.0729,-0.3263,1.8206,0.699,-2.5511,-2.3825,0.0,0.0
1779988773622,2,Pitching Mound.Parent,,Delivery,pitch.1,438794,8.1913,-15.1086,109.494,-90.5672,105.105,23.3878,-0.1309,0.1348
1779988773622,2,Pitching Mound.Parent,,Delivery,pitch.1,438795,8.1736,-15.1804,109.3825,-89.6956,104.1759,23.3253,-0.1299,0.1338
1779988773623,2,11.0000004b,Drive,Delivery,pitch.1,439755,-0.0706,-0.3215,1.8321,0.7005,-2.6886,-2.3668,0.0,0.0
1779988773623,2,12.00000015,Lower Delivery,Delivery,pitch.1,439480,8.2029,-13.1242,99.0783,-142.0045,116.8551,26.6319,-0.157,-0.1908
1779988773623,2,12.00000018,Upper Delivery,Delivery,pitch.1,440335,-0.0094,-1.783,8.3955,22.5493,-11.4602,1.7497,0.1817,0.327
1779988773623,2,Pitching Mound.Delivery,,Delivery,pitch.1,439176,8.1935,-14.9072,107.4738,-88.623,105.3949,25.5893,-0.1306,0.1365
1779988773623,2,Pitching Mound.Drive,,Delivery,pitch.1,439755,-0.0706,-0.3215,1.8321,0.7005,-2.6886,-2.3668,0.0,0.0
1779988773623,2,Pitching Mound.Parent,,Delivery,pitch.1,438796,8.1229,-15.2287,109.3059,-87.9225,102.7063,23.2225,-0.1284,0.1342
1779988773624,2,11.0000004b,Drive,Delivery,pitch.1,439756,-0.0587,-0.3098,1.7612,0.6864,-2.651,-2.3476,0.0,0.0
1779988773624,2,12.00000015,Lower Delivery,Delivery,pitch.1,439481,8.2051,-13.1314,98.7647,-141.3025,116.2414,26.5491,-0.1567,-0.1905
1779988773624,2,Pitching Mound.Drive,,Delivery,pitch.1,439756,-0.0587,-0.3098,1.7612,0.6864,-2.651,-2.3476,0.0,0.0
1779988773625,2,11.0000004b,Drive,Delivery,pitch.1,439757,-0.0667,-0.2984,1.7818,0.6677,-2.7506,-2.3449,0.0,0.0
1779988773625,2,12.00000015,Lower Delivery,Delivery,pitch.1,439482,8.1944,-13.1203,98.5258,-140.8364,115.7693,26.4257,-0.1564,-0.1903
1779988773625,2,12.00000018,Upper Delivery,Delivery,pitch.1,440336,-0.0178,-1.8944,8.4055,22.4243,-11.6465,1.7125,0.1845,0.327
1779988773625,2,Pitching Mound.Delivery,,Delivery,pitch.1,439177,8.1873,-15.0258,107.1702,-88.1561,104.5949,25.4658,-0.1299,0.1368
1779988773625,2,Pitching Mound.Drive,,Delivery,pitch.1,439757,-0.0667,-0.2984,1.7818,0.6677,-2.7506,-2.3449,0.0,0.0
1779988773625,2,Pitching Mound.Parent,,Delivery,pitch.1,438797,8.1286,-15.3357,108.9314,-87.4697,101.9439,23.1182,-0.1278,0.1346
1779988773626,2,11.0000004b,Drive,Delivery,pitch.1,439758,-0.0927,-0.2894,1.827,0.6451,-2.8273,-2.3196,0.0,0.0
1779988773626,2,12.00000015,Lower Delivery,Delivery,pitch.1,439483,8.1824,-13.1362,98.3421,-140.4969,115.4364,26.3025,-0.1563,-0.1902
1779988773626,2,12.00000018,Upper Delivery,Delivery,pitch.1,440337,-0.0503,-2.0,9.1831,23.8696,-12.5249,1.7099,0.1816,0.327
1779988773626,2,Pitching Mound.Delivery,,Delivery,pitch.1,439178,8.1441,-15.1203,107.7089,-86.5903,103.2443,25.3323,-0.1276,0.1358
1779988773626,2,Pitching Mound.Drive,,Delivery,pitch.1,439758,-0.0927,-0.2894,1.827,0.6451,-2.8273,-2.3196,0.0,0.0
1779988773626,2,Pitching Mound.Parent,,Delivery,pitch.1,438798,8.0775,-15.4187,109.4908,-85.9225,100.4937,22.9875,-0.1255,0.1336
1779988773627,2,11.0000004b,Drive,Delivery,pitch.1,439759,-0.0657,-0.2912,1.7116,0.6645,-2.6766,-2.3419,0.0,0.0
1779988773627,2,12.00000015,Lower Delivery,Delivery,pitch.1,439484,8.1465,-13.1253,98.0776,-139.707,115.005,26.1635,-0.1561,-0.1896
1779988773627,2,12.00000018,Upper Delivery,Delivery,pitch.1,440338,-0.0569,-2.0346,9.4557,24.295,-13.1459,1.5984,0.1851,0.327
1779988773627,2,Pitching Mound.Delivery,,Delivery,pitch.1,439179,8.1256,-15.1708,107.7978,-85.9805,102.2906,25.0995,-0.1263,0.1355
1779988773627,2,Pitching Mound.Drive,,Delivery,pitch.1,439759,-0.0657,-0.2912,1.7116,0.6645,-2.6766,-2.3419,0.0,0.0
1779988773627,2,Pitching Mound.Parent,,Delivery,pitch.1,438799,8.0329,-15.4602,109.6248,-85.3353,99.4632,22.7798,-0.1242,0.1333
1779988773628,2,11.0000004b,Drive,Delivery,pitch.1,439760,-0.0764,-0.3056,1.734,0.6769,-2.6507,-2.3631,0.0,0.0
1779988773628,2,12.00000015,Lower Delivery,Delivery,pitch.1,439485,8.1457,-13.128,97.8298,-139.3697,114.6418,26.0448,-0.156,-0.1897
1779988773628,2,12.00000018,Upper Delivery,Delivery,pitch.1,440339,-0.1035,-2.1446,9.662,24.6934,-13.353,1.5635,0.184,0.327
1779988773628,2,Pitching Mound.Delivery,,Delivery,pitch.1,439180,8.0429,-15.2699,107.7396,-84.9523,101.6521,24.922,-0.1256,0.1357
1779988773628,2,Pitching Mound.Drive,,Delivery,pitch.1,439760,-0.0764,-0.3056,1.734,0.6769,-2.6507,-2.3631,0.0,0.0
1779988773628,2,Pitching Mound.Parent,,Delivery,pitch.1,438800,7.9772,-15.5611,109.4512,-84.2878,98.9754,22.5801,-0.1236,0.1336
1779988773629,2,11.0000004b,Drive,Delivery,pitch.1,439761,-0.0826,-0.3128,1.7713,0.6985,-2.7404,-2.3416,0.0,0.0
1779988773629,2,12.00000015,Lower Delivery,Delivery,pitch.1,439486,8.1154,-13.1045,97.3726,-138.4577,114.4139,25.9278,-0.1564,-0.1893
1779988773629,2,12.00000018,Upper Delivery,Delivery,pitch.1,440340,-0.0478,-2.1312,10.4157,25.2525,-14.5321,1.4023,0.1857,0.3228
1779988773629,2,Pitching Mound.Delivery,,Delivery,pitch.1,439181,8.098,-15.2592,108.2455,-84.3964,100.1096,24.6614,-0.1231,0.1342
1779988773629,2,Pitching Mound.Drive,,Delivery,pitch.1,439761,-0.0826,-0.3128,1.7713,0.6985,-2.7404,-2.3416,0.0,0.0
1779988773629,2,Pitching Mound.Parent,,Delivery,pitch.1,438801,8.0215,-15.5648,109.9795,-83.7195,97.459,22.2983,-0.1212,0.1321
1779988773630,2,11.0000004b,Drive,Delivery,pitch.1,439762,-0.0673,-0.3185,1.713,0.682,-2.7017,-2.3474,0.0,0.0
1779988773630,2,12.00000015,Lower Delivery,Delivery,pitch.1,439487,8.0896,-13.0982,97.0301,-137.7245,114.1604,25.8885,-0.1566,-0.189
1779988773630,2,12.00000018,Upper Delivery,Delivery,pitch.1,440341,-0.0504,-2.1331,10.8458,26.233,-15.4859,1.2941,0.1901,0.322
1779988773630,2,Pitching Mound.Delivery,,Delivery,pitch.1,439182,8.065,-15.2376,108.2184,-82.8055,98.928,24.4456,-0.1217,0.1338
1779988773630,2,Pitching Mound.Drive,,Delivery,pitch.1,439762,-0.0673,-0.3185,1.713,0.682,-2.7017,-2.3474,0.0,0.0
1779988773630,2,Pitching Mound.Parent,,Delivery,pitch.1,438802,7.9824,-15.5504,109.9897,-82.107,96.1876,22.104,-0.1197,0.1316
1779988773631,2,11.0000004b,Drive,Delivery,pitch.1,439763,-0.0763,-0.3087,1.7094,0.6978,-2.6651,-2.3486,0.0,0.0
1779988773631,2,12.00000015,Lower Delivery,Delivery,pitch.1,439488,8.0624,-13.0516,96.6509,-136.9079,114.0612,25.8246,-0.1571,-0.1886
1779988773631,2,12.00000018,Upper Delivery,Delivery,pitch.1,440342,-0.0952,-2.1646,10.7082,27.4177,-16.1553,1.3088,0.2008,0.327
1779988773631,2,Pitching Mound.Delivery,,Delivery,pitch.1,439183,7.9944,-15.2627,107.7383,-80.9574,98.005,24.4144,-0.1211,0.1347
1779988773631,2,Pitching Mound.Drive,,Delivery,pitch.1,439763,-0.0763,-0.3087,1.7094,0.6978,-2.6651,-2.3486,0.0,0.0
1779988773631,2,Pitching Mound.Parent,,Delivery,pitch.1,438803,7.927,-15.5812,109.4513,-80.2754,95.3033,22.067,-0.1192,0.1326
1779988773632,2,11.0000004b,Drive,Delivery,pitch.1,439764,-0.0518,-0.317,1.6862,0.7083,-2.5934,-2.346,0.0,0.0
1779988773632,2,12.00000015,Lower Delivery,Delivery,pitch.1,439489,8.0118,-13.0373,96.3752,-136.4825,113.7273,25.7538,-0.1571,-0.1885
1779988773632,2,12.00000018,Upper Delivery,Delivery,pitch.1,440343,-0.0335,-2.1205,11.926,28.2757,-17.6884,1.1309,0.1975,0.3156
1779988773632,2,Pitching Mound.Delivery,,Delivery,pitch.1,439184,8.0288,-15.1721,108.5769,-79.8257,96.3729,24.2029,-0.1182,0.1321
1779988773632,2,Pitching Mound.Drive,,Delivery,pitch.1,439764,-0.0518,-0.317,1.6862,0.7083,-2.5934,-2.346,0.0,0.0
1779988773632,2,Pitching Mound.Parent,,Delivery,pitch.1,438804,7.9525,-15.4808,110.2863,-79.1279,93.7077,21.8543,-0.1163,0.1301
1779988773633,2,11.0000004b,Drive,Delivery,pitch.1,439765,-0.0457,-0.3056,1.6969,0.7086,-2.5772,-2.3281,0.0,0.0
1779988773633,2,12.00000015,Lower Delivery,Delivery,pitch.1,439490,7.9956,-13.0028,96.105,-136.096,113.5132,25.7447,-0.1572,-0.1885
1779988773633,2,12.00000018,Upper Delivery,Delivery,pitch.1,440344,-0.0529,-2.1354,11.2247,28.4871,-18.0273,1.0984,0.2138,0.327
1779988773633,2,Pitching Mound.Delivery,,Delivery,pitch.1,439185,7.9589,-15.1726,107.5999,-79.0442,95.7,24.1102,-0.1184,0.1343
1779988773633,2,Pitching Mound.Drive,,Delivery,pitch.1,439765,-0.0457,-0.3056,1.6969,0.7086,-2.5772,-2.3281,0.0,0.0
1779988773633,2,Pitching Mound.Parent,,Delivery,pitch.1,438805,7.9071,-15.4897,109.2861,-78.336,93.1066,21.7642,-0.1166,0.1322
1779988773634,2,11.0000004b,Drive,Delivery,pitch.1,439766,-0.0336,-0.2821,1.6174,0.6769,-2.4778,-2.3132,0.0,0.0
1779988773634,2,12.00000015,Lower Delivery,Delivery,pitch.1,439491,7.9801,-12.9355,95.5698,-135.6246,113.1332,25.7132,-0.1576,-0.1889
1779988773634,2,12.00000018,Upper Delivery,Delivery,pitch.1,440345,-0.1097,-2.1486,13.0057,30.7325,-19.3311,1.2176,0.1979,0.3146
1779988773634,2,Pitching Mound.Delivery,,Delivery,pitch.1,439186,7.8859,-15.1515,109.1106,-77.1097,94.1821,24.2065,-0.1149,0.1304
1779988773634,2,Pitching Mound.Drive,,Delivery,pitch.1,439766,-0.0336,-0.2821,1.6174,0.6769,-2.4778,-2.3132,0.0,0.0
1779988773634,2,Pitching Mound.Parent,,Delivery,pitch.1,438806,7.8402,-15.457,110.8076,-76.4011,91.6048,21.8784,-0.1132,0.1284
1779988773635,2,11.0000004b,Drive,Delivery,pitch.1,439767,-0.0417,-0.2958,1.6832,0.6918,-2.4861,-2.3119,0.0,0.0
1779988773635,2,12.00000015,Lower Delivery,Delivery,pitch.1,439492,7.9606,-12.8864,95.2851,-135.0269,112.869,25.684,-0.1577,-0.1887
1779988773635,2,12.00000018,Upper Delivery,Delivery,pitch.1,440346,-0.1506,-2.1401,14.2963,32.6131,-20.8563,1.2439,0.1942,0.3037
1779988773635,2,Pitching Mound.Delivery,,Delivery,pitch.1,439187,7.8295,-15.0755,109.8661,-75.3785,92.277,24.1926,-0.1118,0.1267
1779988773635,2,Pitching Mound.Drive,,Delivery,pitch.1,439767,-0.0417,-0.2958,1.6832,0.6918,-2.4861,-2.3119,0.0,0.0
1779988773635,2,Pitching Mound.Parent,,Delivery,pitch.1,438807,7.7959,-15.3577,111.4835,-74.7016,89.7992,21.8794,-0.1102,0.1249
1779988773636,2,11.0000004b,Drive,Delivery,pitch.1,439768,-0.0333,-0.2917,1.7022,0.7061,-2.2988,-2.3374,0.0,0.0
1779988773636,2,12.00000015,Lower Delivery,Delivery,pitch.1,439493,7.9574,-12.8293,94.8665,-134.4641,112.597,25.6783,-0.158,-0.1887
1779988773636,2,12.00000018,Upper Delivery,Delivery,pitch.1,440347,-0.1797,-2.159,15.3848,35.0545,-22.603,1.3851,0.1956,0.3033
1779988773636,2,12.00000018,Upper Delivery,Delivery,pitch.1,440348,-0.2322,-2.2074,16.564,37.1245,-24.2925,1.4692,0.1952,0.2984
1779988773636,2,Pitching Mound.Delivery,,Delivery,pitch.1,439188,7.7809,-15.0454,110.6699,-72.8063,90.266,24.3014,-0.1086,0.1252
1779988773636,2,Pitching Mound.Delivery,,Delivery,pitch.1,439189,7.7252,-15.0367,111.4305,-70.7167,88.3045,24.3631,-0.1055,0.1226
1779988773636,2,Pitching Mound.Drive,,Delivery,pitch.1,439768,-0.0333,-0.2917,1.7022,0.7061,-2.2988,-2.3374,0.0,0.0
1779988773636,2,Pitching Mound.Parent,,Delivery,pitch.1,438808,7.7392,-15.3412,112.3532,-72.1146,87.7799,21.9895,-0.107,0.1233
1779988773636,2,Pitching Mound.Parent,,Delivery,pitch.1,438809,7.6919,-15.3284,113.1327,-70.0106,86.0058,22.0257,-0.1039,0.1208
1779988773637,2,11.0000004b,Drive,Delivery,pitch.1,439769,-0.0409,-0.3027,1.7247,0.7116,-2.2514,-2.3388,0.0,0.0
1779988773637,2,12.00000015,Lower Delivery,Delivery,pitch.1,439494,7.945,-12.7673,94.6028,-134.107,112.2192,25.6831,-0.1579,-0.1887
1779988773637,2,Pitching Mound.Drive,,Delivery,pitch.1,439769,-0.0409,-0.3027,1.7247,0.7116,-2.2514,-2.3388,0.0,0.0
1779988773638,2,11.0000004b,Drive,Delivery,pitch.1,439770,-0.0594,-0.2791,1.7926,0.6975,-2.1831,-2.2877,0.0,0.0
1779988773638,2,12.00000015,Lower Delivery,Delivery,pitch.1,439495,7.9341,-12.7327,94.3493,-133.6444,111.8531,25.698,-0.1578,-0.1886
1779988773638,2,12.00000018,Upper Delivery,Delivery,pitch.1,440349,-0.3403,-2.2748,16.7175,38.394,-24.7724,1.7416,0.1973,0.3057
1779988773638,2,12.00000018,Upper Delivery,Delivery,pitch.1,440350,-0.2947,-2.1868,18.0923,40.542,-27.0557,1.8091,0.1991,0.2983
1779988773638,2,Pitching Mound.Delivery,,Delivery,pitch.1,439190,7.6047,-15.0421,111.3204,-69.232,87.4467,24.6077,-0.1046,0.1234
1779988773638,2,Pitching Mound.Delivery,,Delivery,pitch.1,439191,7.6395,-14.9196,112.4416,-67.175,84.7974,24.7093,-0.1004,0.1204
1779988773638,2,Pitching Mound.Drive,,Delivery,pitch.1,439770,-0.0594,-0.2791,1.7926,0.6975,-2.1831,-2.2877,0.0,0.0
1779988773638,2,Pitching Mound.Parent,,Delivery,pitch.1,438810,7.5638,-15.3448,113.0451,-68.5204,85.1953,22.2689,-0.103,0.1215
1779988773638,2,Pitching Mound.Parent,,Delivery,pitch.1,438811,7.5801,-15.1986,114.2342,-66.4776,82.6143,22.4216,-0.0988,0.1185
1779988773639,2,11.0000004b,Drive,Delivery,pitch.1,439771,-0.0568,-0.2665,1.7169,0.6997,-2.2571,-2.3173,0.0,0.0
1779988773639,2,12.00000015,Lower Delivery,Delivery,pitch.1,439496,7.9377,-12.6884,94.0245,-132.8209,111.5887,25.6768,-0.158,-0.1881
1779988773639,2,Pitching Mound.Drive,,Delivery,pitch.1,439771,-0.0568,-0.2665,1.7169,0.6997,-2.2571,-2.3173,0.0,0.0
1779988773640,2,11.0000004b,Drive,Delivery,pitch.1,439772,-0.0783,-0.2389,1.7899,0.6867,-2.3418,-2.2795,0.0,0.0
1779988773640,2,12.00000015,Lower Delivery,Delivery,pitch.1,439497,7.9189,-12.6555,93.9271,-132.2336,111.326,25.659,-0.1578,-0.1874
1779988773640,2,12.00000018,Upper Delivery,Delivery,pitch.1,440351,-0.468,-2.4579,18.575,40.9223,-27.5189,1.8152,0.1972,0.2933
1779988773640,2,12.00000018,Upper Delivery,Delivery,pitch.1,440352,-0.5275,-2.558,21.0982,43.844,-30.3221,1.8529,0.1913,0.2767
1779988773640,2,Pitching Mound.Delivery,,Delivery,pitch.1,439192,7.4697,-15.1462,112.5994,-66.2457,84.0698,24.634,-0.0994,0.1192
1779988773640,2,Pitching Mound.Delivery,,Delivery,pitch.1,439193,7.3914,-15.2135,115.0253,-63.6278,81.0039,24.6401,-0.0938,0.113
1779988773640,2,Pitching Mound.Drive,,Delivery,pitch.1,439772,-0.0783,-0.2389,1.7899,0.6867,-2.3418,-2.2795,0.0,0.0
1779988773640,2,Pitching Mound.Parent,,Delivery,pitch.1,438812,7.4129,-15.4127,114.3164,-65.546,81.8127,22.3168,-0.0979,0.1174
1779988773640,2,Pitching Mound.Parent,,Delivery,pitch.1,438813,7.313,-15.4524,116.8152,-62.941,78.6621,22.3605,-0.0923,0.1112
1779988773641,2,11.0000004b,Drive,Delivery,pitch.1,439773,-0.0812,-0.2724,1.8294,0.7159,-2.4618,-2.3129,0.0,0.0
1779988773641,2,12.00000015,Lower Delivery,Delivery,pitch.1,439498,7.9319,-12.6014,93.6109,-131.6731,110.9603,25.6201,-0.1578,-0.1873
1779988773641,2,Pitching Mound.Drive,,Delivery,pitch.1,439773,-0.0812,-0.2724,1.8294,0.7159,-2.4618,-2.3129,0.0,0.0
1779988773642,2,11.0000004b,Drive,Delivery,pitch.1,439774,-0.0931,-0.2722,1.8472,0.7204,-2.4512,-2.2997,0.0,0.0
1779988773642,2,12.00000015,Lower Delivery,Delivery,pitch.1,439499,7.9424,-12.5803,93.4057,-130.9641,110.7179,25.5818,-0.1578,-0.1867
1779988773642,2,12.00000018,Upper Delivery,Delivery,pitch.1,440353,-0.6083,-2.6293,21.8918,46.0067,-31.519,2.0998,0.1917,0.2798
1779988773642,2,Pitching Mound.Delivery,,Delivery,pitch.1,439194,7.3236,-15.2307,115.5026,-61.282,79.4413,24.8162,-0.0916,0.1124
1779988773642,2,Pitching Mound.Drive,,Delivery,pitch.1,439774,-0.0931,-0.2722,1.8472,0.7204,-2.4512,-2.2997,0.0,0.0
1779988773642,2,Pitching Mound.Parent,,Delivery,pitch.1,438814,7.2424,-15.503,117.332,-60.566,76.9795,22.5034,-0.0901,0.1106
1779988773643,2,11.0000004b,Drive,Delivery,pitch.1,439775,-0.0913,-0.2791,1.8256,0.7451,-2.0405,-2.3135,0.0,0.0
1779988773643,2,12.00000015,Lower Delivery,Delivery,pitch.1,439500,7.9409,-12.5474,93.2312,-130.4287,110.659,25.5435,-0.158,-0.1862
1779988773643,2,12.00000018,Upper Delivery,Delivery,pitch.1,440354,-0.7618,-2.8033,24.5644,48.5734,-34.2019,2.1879,0.1854,0.2632
1779988773643,2,12.00000018,Upper Delivery,Delivery,pitch.1,440355,-0.7852,-3.0393,26.3784,50.6286,-37.2314,1.9828,0.1879,0.2555
1779988773643,2,Pitching Mound.Delivery,,Delivery,pitch.1,439195,7.1806,-15.3836,117.97,-58.9847,76.516,24.8102,-0.0863,0.1054
1779988773643,2,Pitching Mound.Delivery,,Delivery,pitch.1,439196,7.1557,-15.5867,119.6096,-57.0702,73.4276,24.5594,-0.0817,0.1012
1779988773643,2,Pitching Mound.Drive,,Delivery,pitch.1,439775,-0.0913,-0.2791,1.8256,0.7451,-2.0405,-2.3135,0.0,0.0
1779988773643,2,Pitching Mound.Parent,,Delivery,pitch.1,438815,7.0875,-15.6558,119.8172,-58.2643,74.0648,22.5105,-0.085,0.1038
1779988773643,2,Pitching Mound.Parent,,Delivery,pitch.1,438816,7.0644,-15.8658,121.4352,-56.325,71.3871,22.2459,-0.0805,0.0997
1779988773644,2,11.0000004b,Drive,Delivery,pitch.1,439776,-0.0962,-0.3056,1.9027,0.7612,-1.727,-2.3094,0.0,0.0
1779988773644,2,12.00000015,Lower Delivery,Delivery,pitch.1,439501,7.9235,-12.5136,92.9652,-129.9169,110.3388,25.4919,-0.158,-0.186
1779988773644,2,12.00000018,Upper Delivery,Delivery,pitch.1,440356,-0.9155,-3.1616,28.2466,54.4243,-40.378,2.1228,0.1903,0.2565
1779988773644,2,Pitching Mound.Delivery,,Delivery,pitch.1,439197,7.008,-15.6752,121.2117,-53.4883,69.9608,24.6094,-0.0768,0.0986
1779988773644,2,Pitching Mound.Drive,,Delivery,pitch.1,439776,-0.0962,-0.3056,1.9027,0.7612,-1.727,-2.3094,0.0,0.0
1779988773644,2,Pitching Mound.Parent,,Delivery,pitch.1,438817,6.9117,-15.9807,123.1144,-52.7271,68.2337,22.3,-0.0757,0.0971
1779988773645,2,11.0000004b,Drive,Delivery,pitch.1,439777,-0.1211,-0.3237,1.952,0.7611,-1.5701,-2.3356,0.0,0.0
1779988773645,2,12.00000015,Lower Delivery,Delivery,pitch.1,439502,7.9058,-12.4861,92.6568,-129.5148,110.0223,25.4428,-0.1581,-0.1861
1779988773645,2,12.00000018,Upper Delivery,Delivery,pitch.1,440357,-1.0011,-3.251,29.5258,57.1668,-42.5976,2.3245,0.1921,0.2578
1779988773645,2,Pitching Mound.Delivery,,Delivery,pitch.1,439198,6.9047,-15.7371,122.1826,-50.8834,67.4247,24.7389,-0.0735,0.0968
1779988773645,2,Pitching Mound.Drive,,Delivery,pitch.1,439777,-0.1211,-0.3237,1.952,0.7611,-1.5701,-2.3356,0.0,0.0
1779988773645,2,Pitching Mound.Parent,,Delivery,pitch.1,438818,6.7836,-16.0608,124.1346,-50.1223,65.8546,22.4033,-0.0723,0.0953
1779988773646,2,11.0000004b,Drive,Delivery,pitch.1,439778,-0.1253,-0.3287,2.0056,0.7179,-1.7716,-2.3264,0.0,0.0
1779988773646,2,12.00000015,Lower Delivery,Delivery,pitch.1,439503,7.9067,-12.4435,92.2794,-129.3866,109.7294,25.3902,-0.1583,-0.1867
1779988773646,2,12.00000018,Upper Delivery,Delivery,pitch.1,440358,-1.228,-3.4267,33.129,61.7769,-47.1854,2.4815,0.1896,0.2482
1779988773646,2,Pitching Mound.Delivery,,Delivery,pitch.1,439199,6.6787,-15.8702,125.4084,-47.4986,62.544,24.7659,-0.0664,0.0886
1779988773646,2,Pitching Mound.Drive,,Delivery,pitch.1,439778,-0.1253,-0.3287,2.0056,0.7179,-1.7716,-2.3264,0.0,0.0
1779988773646,2,Pitching Mound.Parent,,Delivery,pitch.1,438819,6.5534,-16.1989,127.414,-46.7807,60.7724,22.4395,-0.0653,0.0872
1779988773647,2,11.0000004b,Drive,Delivery,pitch.1,439779,-0.1266,-0.3574,1.9905,0.7669,-1.5811,-2.3299,0.0,0.0
1779988773647,2,12.00000015,Lower Delivery,Delivery,pitch.1,439504,7.8865,-12.4255,92.0967,-129.1216,109.2804,25.2704,-0.158,-0.1866
1779988773647,2,12.00000018,Upper Delivery,Delivery,pitch.1,440359,-1.3483,-3.6313,34.6725,62.5165,-48.3124,2.723,0.1855,0.24
1779988773647,2,Pitching Mound.Delivery,,Delivery,pitch.1,439200,6.5382,-16.0568,126.7692,-47.0809,60.968,24.8536,-0.064,0.0841
1779988773647,2,Pitching Mound.Drive,,Delivery,pitch.1,439779,-0.1266,-0.3574,1.9905,0.7669,-1.5811,-2.3299,0.0,0.0
1779988773647,2,Pitching Mound.Parent,,Delivery,pitch.1,438820,6.4116,-16.4142,128.7597,-46.314,59.3869,22.5237,-0.063,0.0828
1779988773648,2,11.0000004b,Drive,Delivery,pitch.1,439780,-0.1353,-0.3669,2.0376,0.7373,-1.6037,-2.3204,0.0,0.0
1779988773648,2,12.00000015,Lower Delivery,Delivery,pitch.1,439505,7.8344,-12.3859,91.6401,-128.5447,109.2279,25.2296,-0.1587,-0.1867
1779988773648,2,12.00000018,Upper Delivery,Delivery,pitch.1,440360,-1.2858,-3.7894,34.7341,60.9487,-46.8599,2.9839,0.1796,0.2336
1779988773648,2,Pitching Mound.Delivery,,Delivery,pitch.1,439201,6.5486,-16.1753,126.3742,-48.2479,62.368,25.1127,-0.0657,0.0819
1779988773648,2,Pitching Mound.Drive,,Delivery,pitch.1,439780,-0.1353,-0.3669,2.0376,0.7373,-1.6037,-2.3204,0.0,0.0
1779988773648,2,Pitching Mound.Parent,,Delivery,pitch.1,438821,6.4134,-16.5422,128.4118,-47.5107,60.7643,22.7923,-0.0647,0.0806
1779988773649,2,11.0000004b,Drive,Delivery,pitch.1,439781,-0.1138,-0.3841,1.9234,0.7716,-1.6791,-2.3902,0.0,0.0
1779988773649,2,12.00000015,Lower Delivery,Delivery,pitch.1,439506,7.8076,-12.3423,91.232,-128.0463,108.8453,25.1413,-0.1588,-0.1868
1779988773649,2,12.00000018,Upper Delivery,Delivery,pitch.1,440361,-1.4234,-3.6897,37.0055,63.853,-49.2987,3.5597,0.1774,0.2297
1779988773649,2,Pitching Mound.Delivery,,Delivery,pitch.1,439202,6.3842,-16.032,128.2376,-45.7563,59.5466,25.5624,-0.0618,0.0771
1779988773649,2,Pitching Mound.Drive,,Delivery,pitch.1,439781,-0.1138,-0.3841,1.9234,0.7716,-1.6791,-2.3902,0.0,0.0
1779988773649,2,Pitching Mound.Parent,,Delivery,pitch.1,438822,6.2704,-16.4161,130.161,-44.9846,57.8675,23.1722,-0.0609,0.076
1779988773650,2,11.0000004b,Drive,Delivery,pitch.1,439782,-0.1189,-0.3654,1.9599,0.7385,-1.5664,-2.3392,0.0,0.0
1779988773650,2,12.00000015,Lower Delivery,Delivery,pitch.1,439507,7.7592,-12.318,91.0433,-127.7189,108.5042,25.078,-0.1587,-0.1868
1779988773650,2,12.00000018,Upper Delivery,Delivery,pitch.1,440362,-1.5265,-3.6645,39.0034,64.4116,-50.0977,4.1683,0.171,0.2199
1779988773650,2,Pitching Mound.Delivery,,Delivery,pitch.1,439203,6.2327,-15.9826,130.0467,-45.6137,58.4065,26.0891,-0.0598,0.0712
1779988773650,2,Pitching Mound.Drive,,Delivery,pitch.1,439782,-0.1189,-0.3654,1.9599,0.7385,-1.5664,-2.3392,0.0,0.0
1779988773650,2,Pitching Mound.Parent,,Delivery,pitch.1,438823,6.1138,-16.348,132.0066,-44.8751,56.8401,23.7499,-0.0589,0.0702
1779988773651,2,11.0000004b,Drive,Delivery,pitch.1,439783,-0.1192,-0.362,1.8847,0.7745,-1.9242,-2.3532,0.0,0.0
1779988773651,2,12.00000015,Lower Delivery,Delivery,pitch.1,439508,7.7206,-12.2895,90.9106,-127.5188,108.3695,25.0174,-0.1587,-0.1867
1779988773651,2,12.00000018,Upper Delivery,Delivery,pitch.1,440363,-1.3138,-3.6428,36.3198,60.3024,-46.3475,4.3919,0.1699,0.221
1779988773651,2,Pitching Mound.Delivery,,Delivery,pitch.1,439204,6.4067,-15.9323,127.2304,-48.6555,62.022,26.3376,-0.0649,0.0756
1779988773651,2,Pitching Mound.Drive,,Delivery,pitch.1,439783,-0.1192,-0.362,1.8847,0.7745,-1.9242,-2.3532,0.0,0.0
1779988773651,2,Pitching Mound.Parent,,Delivery,pitch.1,438824,6.2875,-16.2943,129.1151,-47.881,60.0978,23.9844,-0.0639,0.0744
1779988773652,2,11.0000004b,Drive,Delivery,pitch.1,439784,-0.1274,-0.3744,1.9552,0.7484,-1.8375,-2.333,0.0,0.0
1779988773652,2,12.00000015,Lower Delivery,Delivery,pitch.1,439509,7.6574,-12.2577,90.8203,-127.0188,108.1678,24.9238,-0.1586,-0.1862
1779988773652,2,12.00000018,Upper Delivery,Delivery,pitch.1,440364,-1.3329,-3.1697,33.5442,57.344,-43.2945,4.8381,0.1718,0.2276
1779988773652,2,Pitching Mound.Delivery,,Delivery,pitch.1,439205,6.3245,-15.4275,124.3646,-50.2009,64.8733,26.7052,-0.0694,0.082
1779988773652,2,Pitching Mound.Drive,,Delivery,pitch.1,439784,-0.1274,-0.3744,1.9552,0.7484,-1.8375,-2.333,0.0,0.0
1779988773652,2,Pitching Mound.Parent,,Delivery,pitch.1,438825,6.1971,-15.8018,126.3198,-49.4525,63.0358,24.3722,-0.0684,0.0807
1779988773653,2,11.0000004b,Drive,Delivery,pitch.1,439785,-0.1049,-0.351,1.9091,0.7417,-2.2592,-2.3279,0.0,0.0
1779988773653,2,12.00000015,Lower Delivery,Delivery,pitch.1,439510,7.6389,-12.2115,90.4542,-126.0313,107.9603,24.8347,-0.1589,-0.1855
1779988773653,2,12.00000018,Upper Delivery,Delivery,pitch.1,440365,-1.5442,-2.9539,37.3969,60.6772,-46.8045,5.0834,0.1666,0.216
1779988773653,2,Pitching Mound.Delivery,,Delivery,pitch.1,439206,6.0948,-15.1653,127.8511,-47.3147,61.1558,26.7959,-0.0637,0.073
1779988773653,2,Pitching Mound.Drive,,Delivery,pitch.1,439785,-0.1049,-0.351,1.9091,0.7417,-2.2592,-2.3279,0.0,0.0
1779988773653,2,Pitching Mound.Parent,,Delivery,pitch.1,438826,5.9899,-15.5163,129.7602,-46.573,58.8966,24.468,-0.0627,0.072
1779988773654,2,11.0000004b,Drive,Delivery,pitch.1,439786,-0.0914,-0.3512,1.8825,0.7341,-2.4941,-2.3322,0.0,0.0
1779988773654,2,12.00000015,Lower Delivery,Delivery,pitch.1,439511,7.621,-12.1883,90.3153,-125.7568,107.6172,24.7338,-0.1586,-0.1854
1779988773654,2,12.00000018,Upper Delivery,Delivery,pitch.1,440366,-1.4951,-2.3916,35.2086,55.6439,-44.5925,5.8224,0.1686,0.2104
1779988773654,2,Pitching Mound.Delivery,,Delivery,pitch.1,439207,6.1259,-14.5799,125.5239,-51.3767,63.0248,27.4567,-0.0668,0.0749
1779988773654,2,Pitching Mound.Drive,,Delivery,pitch.1,439786,-0.0914,-0.3512,1.8825,0.7341,-2.4941,-2.3322,0.0,0.0
1779988773654,2,Pitching Mound.Parent,,Delivery,pitch.1,438827,6.0346,-14.9311,127.4064,-50.6426,60.5307,25.1246,-0.0659,0.0738
1779988773655,2,11.0000004b,Drive,Delivery,pitch.1,439787,-0.0761,-0.3532,1.8532,0.7171,-2.6456,-2.3269,0.0,0.0
1779988773655,2,12.00000015,Lower Delivery,Delivery,pitch.1,439512,7.5917,-12.1392,90.0786,-124.9603,107.4348,24.6384,-0.1588,-0.1847
1779988773655,2,12.00000018,Upper Delivery,Delivery,pitch.1,440367,-1.6423,-2.0132,37.8524,58.4158,-46.0359,6.0903,0.1619,0.2054
1779988773655,2,Pitching Mound.Delivery,,Delivery,pitch.1,439208,5.9493,-14.1525,127.931,-48.7877,61.3989,27.5892,-0.0639,0.0696
1779988773655,2,Pitching Mound.Drive,,Delivery,pitch.1,439787,-0.0761,-0.3532,1.8532,0.7171,-2.6456,-2.3269,0.0,0.0
1779988773655,2,Pitching Mound.Parent,,Delivery,pitch.1,438828,5.8733,-14.5057,129.7842,-48.0706,58.7534,25.2623,-0.063,0.0686
1779988773656,2,11.0000004b,Drive,Delivery,pitch.1,439788,-0.0451,-0.3438,1.7226,0.6976,-2.3401,-2.2909,0.0,0.0
1779988773656,2,12.00000015,Lower Delivery,Delivery,pitch.1,439513,7.5477,-12.1013,89.9804,-124.5686,107.1985,24.5575,-0.1586,-0.1843
1779988773656,2,12.00000018,Upper Delivery,Delivery,pitch.1,440368,-1.6262,-1.5561,42.5523,59.489,-48.7262,6.6623,0.1524,0.1861
1779988773656,2,Pitching Mound.Delivery,,Delivery,pitch.1,439209,5.9215,-13.6574,132.5327,-48.954,58.4723,28.1007,-0.0587,0.0563
1779988773656,2,Pitching Mound.Drive,,Delivery,pitch.1,439788,-0.0451,-0.3438,1.7226,0.6976,-2.3401,-2.2909,0.0,0.0
1779988773656,2,Pitching Mound.Parent,,Delivery,pitch.1,438829,5.8765,-14.0012,134.2552,-48.2565,56.1322,25.8098,-0.058,0.0556
1779988773657,2,11.0000004b,Drive,Delivery,pitch.1,439789,-0.0555,-0.353,1.7386,0.7289,-2.4858,-2.3247,0.0,0.0
1779988773657,2,12.00000015,Lower Delivery,Delivery,pitch.1,439514,7.5415,-12.0532,89.7793,-123.9344,106.9298,24.5018,-0.1586,-0.1838
1779988773657,2,12.00000018,Upper Delivery,Delivery,pitch.1,440369,-1.6717,-1.1762,42.5774,61.7064,-51.3723,7.2712,0.1606,0.1929
1779988773657,2,Pitching Mound.Delivery,,Delivery,pitch.1,439210,5.8698,-13.2293,132.3567,-46.1793,55.5576,28.6406,-0.0559,0.0587
1779988773657,2,Pitching Mound.Drive,,Delivery,pitch.1,439789,-0.0555,-0.353,1.7386,0.7289,-2.4858,-2.3247,0.0,0.0
1779988773657,2,Pitching Mound.Parent,,Delivery,pitch.1,438830,5.8143,-13.5823,134.0953,-45.4504,53.0718,26.3159,-0.0552,0.0579
1779988773658,2,11.0000004b,Drive,Delivery,pitch.1,439790,-0.0343,-0.3698,1.694,0.7163,-2.5652,-2.3298,0.0,0.0
1779988773658,2,12.00000015,Lower Delivery,Delivery,pitch.1,439515,7.5139,-11.973,89.6122,-123.3763,106.581,24.4248,-0.1583,-0.1833
1779988773658,2,12.00000018,Upper Delivery,Delivery,pitch.1,440370,-1.4315,-0.3536,39.6795,57.3792,-46.6732,7.7222,0.1566,0.1925
1779988773658,2,Pitching Mound.Delivery,,Delivery,pitch.1,439211,6.0824,-12.3265,129.2917,-49.0199,59.9079,29.1056,-0.0617,0.0634
1779988773658,2,Pitching Mound.Drive,,Delivery,pitch.1,439790,-0.0343,-0.3698,1.694,0.7163,-2.5652,-2.3298,0.0,0.0
1779988773658,2,Pitching Mound.Parent,,Delivery,pitch.1,438831,6.0481,-12.6963,130.9857,-48.3036,57.3427,26.7757,-0.0609,0.0625
1779988773659,2,11.0000004b,Drive,Delivery,pitch.1,439791,-0.0223,-0.3613,1.6325,0.6971,-2.5588,-2.3351,0.0,0.0
1779988773659,2,12.00000015,Lower Delivery,Delivery,pitch.1,439516,7.5288,-11.9084,89.4229,-122.7527,106.332,24.3529,-0.1583,-0.1827
1779988773659,2,12.00000018,Upper Delivery,Delivery,pitch.1,440371,-1.5037,0.2465,43.638,62.6135,-52.2868,8.0857,0.1595,0.191
1779988773659,2,Pitching Mound.Delivery,,Delivery,pitch.1,439212,6.0251,-11.662,133.0609,-44.5723,54.0452,29.3675,-0.0541,0.0568
1779988773659,2,Pitching Mound.Drive,,Delivery,pitch.1,439791,-0.0223,-0.3613,1.6325,0.6971,-2.5588,-2.3351,0.0,0.0
1779988773659,2,Pitching Mound.Parent,,Delivery,pitch.1,438832,6.0029,-12.0233,134.6934,-43.8753,51.4865,27.0324,-0.0534,0.0561
1779988773660,2,11.0000004b,Drive,Delivery,pitch.1,439792,-0.0272,-0.3214,1.6439,0.6672,-2.3876,-2.3001,0.0,0.0
1779988773660,2,12.00000015,Lower Delivery,Delivery,pitch.1,439517,7.5346,-11.8055,89.2746,-122.4566,106.0655,24.3224,-0.1582,-0.1826
1779988773660,2,12.00000018,Upper Delivery,Delivery,pitch.1,440372,-1.4208,0.8552,44.4829,65.2007,-54.3966,8.3167,0.1628,0.1951
1779988773660,2,Pitching Mound.Delivery,,Delivery,pitch.1,439213,6.1139,-10.9503,133.7575,-42.0266,51.6689,29.5943,-0.0514,0.0569
1779988773660,2,Pitching Mound.Drive,,Delivery,pitch.1,439792,-0.0272,-0.3214,1.6439,0.6672,-2.3876,-2.3001,0.0,0.0
1779988773660,2,Pitching Mound.Parent,,Delivery,pitch.1,438833,6.0866,-11.2717,135.4014,-41.3594,49.2813,27.2942,-0.0508,0.0562
1779988773661,2,11.0000004b,Drive,Delivery,pitch.1,439793,-0.0016,-0.3573,1.563,0.71,-2.5019,-2.3253,0.0,0.0
1779988773661,2,12.00000015,Lower Delivery,Delivery,pitch.1,439518,7.5241,-11.7123,89.1294,-122.1486,105.633,24.2875,-0.1578,-0.1824
1779988773661,2,12.00000018,Upper Delivery,Delivery,pitch.1,440373,-1.1628,1.7922,43.3695,62.5674,-52.1085,8.9238,0.16,0.1921
1779988773661,2,Pitching Mound.Delivery,,Delivery,pitch.1,439214,6.3613,-9.9201,132.4988,-44.0227,53.5244,30.2578,-0.0538,0.0576
1779988773661,2,Pitching Mound.Drive,,Delivery,pitch.1,439793,-0.0016,-0.3573,1.563,0.71,-2.5019,-2.3253,0.0,0.0
1779988773661,2,Pitching Mound.Parent,,Delivery,pitch.1,438834,6.3597,-10.2774,134.0618,-43.3128,51.0226,27.9325,-0.0532,0.0569
1779988773662,2,11.0000004b,Drive,Delivery,pitch.1,439794,0.0069,-0.3424,1.5653,0.69,-2.5934,-2.2945,0.0,0.0
1779988773662,2,12.00000015,Lower Delivery,Delivery,pitch.1,439519,7.5508,-11.6057,88.8488,-121.6883,105.4309,24.2125,-0.158,-0.1823
1779988773662,2,12.00000018,Upper Delivery,Delivery,pitch.1,440374,-1.0438,2.5394,44.0671,65.1905,-54.1906,9.282,0.1637,0.1969
1779988773662,2,Pitching Mound.Delivery,,Delivery,pitch.1,439215,6.507,-9.0663,132.9158,-41.272,51.2403,30.5724,-0.0513,0.058
1779988773662,2,Pitching Mound.Drive,,Delivery,pitch.1,439794,0.0069,-0.3424,1.5653,0.69,-2.5934,-2.2945,0.0,0.0
1779988773662,2,Pitching Mound.Parent,,Delivery,pitch.1,438835,6.5139,-9.4087,134.4812,-40.582,48.6469,28.2779,-0.0507,0.0573
1779988773663,2,11.0000004b,Drive,Delivery,pitch.1,439796,-0.0033,-0.3441,1.5996,0.7178,-2.6321,-2.3214,0.0,0.0
1779988773663,2,11.0000004b,Drive,Delivery,pitch.1,439795,0.0102,-0.3492,1.5712,0.7015,-2.6036,-2.3278,0.0,0.0
1779988773663,2,12.00000015,Lower Delivery,Delivery,pitch.1,439520,7.5181,-11.4797,88.7096,-121.097,105.2706,24.2088,-0.158,-0.1817
1779988773663,2,12.00000018,Upper Delivery,Delivery,pitch.1,440375,-0.9378,3.0866,46.4718,68.595,-56.7087,10.4536,0.1625,0.1965
1779988773663,2,Pitching Mound.Delivery,,Delivery,pitch.1,439216,6.5803,-8.3931,135.1814,-38.1411,48.5619,31.7874,-0.0478,0.0545
1779988773663,2,Pitching Mound.Drive,,Delivery,pitch.1,439796,-0.0033,-0.3441,1.5996,0.7178,-2.6321,-2.3214,0.0,0.0
1779988773663,2,Pitching Mound.Drive,,Delivery,pitch.1,439795,0.0102,-0.3492,1.5712,0.7015,-2.6036,-2.3278,0.0,0.0
1779988773663,2,Pitching Mound.Parent,,Delivery,pitch.1,438836,6.5905,-8.7423,136.7526,-37.4397,45.9583,29.4596,-0.0473,0.0539
1779988773664,2,12.00000015,Lower Delivery,Delivery,pitch.1,439521,7.5099,-11.3833,88.6672,-120.7787,105.0762,24.2532,-0.1578,-0.1813
1779988773664,2,12.00000018,Upper Delivery,Delivery,pitch.1,440376,-0.8656,3.7095,46.6803,71.5386,-58.4655,10.6813,0.1667,0.204
1779988773664,2,Pitching Mound.Delivery,,Delivery,pitch.1,439217,6.6444,-7.6738,135.3475,-34.9646,46.6107,32.0868,-0.0458,0.057
1779988773664,2,Pitching Mound.Parent,,Delivery,pitch.1,438837,6.641,-8.0179,136.9471,-34.2468,43.9786,29.7653,-0.0453,0.0564
1779988773665,2,11.0000004b,Drive,Delivery,pitch.1,439797,-0.0255,-0.3454,1.6669,0.7239,-2.6315,-2.3631,0.0,0.0
1779988773665,2,12.00000015,Lower Delivery,Delivery,pitch.1,439522,7.5087,-11.2607,88.3418,-120.1505,104.7562,24.2591,-0.1579,-0.1811
1779988773665,2,12.00000018,Upper Delivery,Delivery,pitch.1,440377,-0.9215,4.2313,49.6619,76.7831,-62.6774,11.3524,0.168,0.2058
1779988773665,2,Pitching Mound.Delivery,,Delivery,pitch.1,439218,6.5872,-7.0294,138.0038,-30.2162,42.0788,32.7452,-0.0406,0.0535
1779988773665,2,Pitching Mound.Drive,,Delivery,pitch.1,439797,-0.0255,-0.3454,1.6669,0.7239,-2.6315,-2.3631,0.0,0.0
1779988773665,2,Pitching Mound.Parent,,Delivery,pitch.1,438838,6.5618,-7.3748,139.6706,-29.4922,39.4473,30.3821,-0.0401,0.0528
1779988773666,2,11.0000004b,Drive,Delivery,pitch.1,439798,-0.0294,-0.366,1.7086,0.7334,-2.6773,-2.3763,0.0,0.0
1779988773666,2,11.0000004b,Drive,Delivery,pitch.1,439799,-0.0517,-0.3662,1.7357,0.7576,-2.6894,-2.4006,0.0,0.0
1779988773666,2,12.00000015,Lower Delivery,Delivery,pitch.1,439523,7.5258,-11.1348,87.788,-119.4727,104.5491,24.3146,-0.1585,-0.1812
1779988773666,2,12.00000018,Upper Delivery,Delivery,pitch.1,440378,-0.8125,4.7157,50.0273,76.5155,-62.9465,11.9434,0.1675,0.2036
1779988773666,2,Pitching Mound.Delivery,,Delivery,pitch.1,439219,6.7132,-6.4192,137.8152,-30.1185,41.6026,33.423,-0.0402,0.0517
1779988773666,2,Pitching Mound.Drive,,Delivery,pitch.1,439798,-0.0294,-0.366,1.7086,0.7334,-2.6773,-2.3763,0.0,0.0
1779988773666,2,Pitching Mound.Drive,,Delivery,pitch.1,439799,-0.0517,-0.3662,1.7357,0.7576,-2.6894,-2.4006,0.0,0.0
1779988773666,2,Pitching Mound.Parent,,Delivery,pitch.1,438839,6.6839,-6.7852,139.5238,-29.3851,38.9253,31.0467,-0.0397,0.051
1779988773667,2,12.00000015,Lower Delivery,Delivery,pitch.1,439524,7.5226,-11.0344,87.1767,-119.0135,103.9136,24.3327,-0.1587,-0.1817
1779988773667,2,12.00000018,Upper Delivery,Delivery,pitch.1,440379,-1.1517,4.8118,54.5882,82.7643,-67.5053,12.6378,0.1646,0.2018
1779988773667,2,Pitching Mound.Delivery,,Delivery,pitch.1,439220,6.3709,-6.2226,141.7649,-25.1691,36.4083,34.0211,-0.0342,0.0441
1779988773667,2,Pitching Mound.Parent,,Delivery,pitch.1,438840,6.3192,-6.5888,143.5005,-24.4114,33.719,31.6206,-0.0338,0.0436
1779988773668,2,11.0000004b,Drive,Delivery,pitch.1,439800,-0.0589,-0.3604,1.7652,0.739,-2.4946,-2.3776,0.0,0.0
1779988773668,2,12.00000015,Lower Delivery,Delivery,pitch.1,439525,7.5205,-10.9172,86.6244,-118.3482,103.6183,24.302,-0.1592,-0.1819
1779988773668,2,12.00000018,Upper Delivery,Delivery,pitch.1,440380,-1.3978,5.2167,58.2741,87.739,-71.8583,13.5466,0.1642,0.2004
1779988773668,2,Pitching Mound.Delivery,,Delivery,pitch.1,439221,6.1227,-5.7005,144.8985,-20.97,31.76,34.8163,-0.0292,0.0384
1779988773668,2,Pitching Mound.Drive,,Delivery,pitch.1,439800,-0.0589,-0.3604,1.7652,0.739,-2.4946,-2.3776,0.0,0.0
1779988773668,2,Pitching Mound.Parent,,Delivery,pitch.1,438841,6.0638,-6.0609,146.6637,-20.2311,29.2654,32.4387,-0.0288,0.0379
1779988773669,2,11.0000004b,Drive,Delivery,pitch.1,439801,-0.0727,-0.3372,1.7778,0.7547,-2.5437,-2.3805,0.0,0.0
1779988773669,2,11.0000004b,Drive,Delivery,pitch.1,439802,-0.0838,-0.3648,1.7856,0.7937,-2.0589,-2.3985,0.0,0.0
1779988773669,2,12.00000015,Lower Delivery,Delivery,pitch.1,439526,7.5579,-10.8096,86.1062,-117.4448,103.0413,24.3236,-0.1593,-0.1816
1779988773669,2,12.00000018,Upper Delivery,Delivery,pitch.1,440381,-1.3872,5.3258,59.1228,90.4126,-73.7652,13.7549,0.1661,0.2036
1779988773669,2,Pitching Mound.Delivery,,Delivery,pitch.1,439222,6.1707,-5.4838,145.229,-17.8578,29.2762,35.0372,-0.0268,0.0384
1779988773669,2,Pitching Mound.Drive,,Delivery,pitch.1,439801,-0.0727,-0.3372,1.7778,0.7547,-2.5437,-2.3805,0.0,0.0
1779988773669,2,Pitching Mound.Drive,,Delivery,pitch.1,439802,-0.0838,-0.3648,1.7856,0.7937,-2.0589,-2.3985,0.0,0.0
1779988773669,2,Pitching Mound.Parent,,Delivery,pitch.1,438842,6.0981,-5.821,147.0069,-17.1031,26.7325,32.6567,-0.0265,0.0379
1779988773670,2,11.0000004b,Drive,Delivery,pitch.1,439803,-0.0757,-0.3826,1.7544,0.8006,-1.9805,-2.4179,0.0,0.0
1779988773670,2,12.00000015,Lower Delivery,Delivery,pitch.1,439527,7.5667,-10.7253,85.6951,-116.8141,102.5229,24.3058,-0.1593,-0.1815
1779988773670,2,Pitching Mound.Drive,,Delivery,pitch.1,439803,-0.0757,-0.3826,1.7544,0.8006,-1.9805,-2.4179,0.0,0.0
1779988773671,2,12.00000015,Lower Delivery,Delivery,pitch.1,439528,7.5801,-10.6097,85.1641,-115.603,102.1449,24.2709,-0.1597,-0.1807
1779988773671,2,12.00000018,Upper Delivery,Delivery,pitch.1,440382,-1.5482,5.347,60.7217,92.1029,-77.9053,14.0361,0.1708,0.2019
1779988773671,2,12.00000018,Upper Delivery,Delivery,pitch.1,440383,-1.7001,5.0838,61.9098,95.1293,-79.4512,13.8895,0.1708,0.2046
1779988773671,2,Pitching Mound.Delivery,,Delivery,pitch.1,439223,6.0184,-5.3783,146.4168,-16.2202,24.6176,35.2429,-0.0224,0.0355
1779988773671,2,Pitching Mound.Delivery,,Delivery,pitch.1,439224,5.88,-5.5259,147.0739,-12.5672,22.6937,35.0052,-0.0205,0.0352
1779988773671,2,Pitching Mound.Parent,,Delivery,pitch.1,438843,5.9428,-5.761,148.1711,-15.4196,22.6372,32.825,-0.0221,0.0351
1779988773672,2,11.0000004b,Drive,Delivery,pitch.1,439804,-0.0878,-0.3882,1.815,0.7511,-2.2307,-2.4519,0.0,0.0
1779988773672,2,12.00000015,Lower Delivery,Delivery,pitch.1,439529,7.5641,-10.4963,84.3743,-113.8953,101.5172,24.2177,-0.1602,-0.1797
1779988773672,2,12.00000018,Upper Delivery,Delivery,pitch.1,440384,-1.9599,4.7743,63.1786,96.4795,-80.2185,13.6827,0.169,0.2033
1779988773672,2,Pitching Mound.Delivery,,Delivery,pitch.1,439225,5.6042,-5.722,147.5529,-10.2093,21.2987,34.6622,-0.0192,0.0331
1779988773672,2,Pitching Mound.Drive,,Delivery,pitch.1,439804,-0.0878,-0.3882,1.815,0.7511,-2.2307,-2.4519,0.0,0.0
1779988773672,2,Pitching Mound.Parent,,Delivery,pitch.1,438844,5.7922,-5.9141,148.8889,-11.8162,20.463,32.5533,-0.0203,0.0348
1779988773673,2,11.0000004b,Drive,Delivery,pitch.1,439805,-0.1096,-0.3742,1.8796,0.7623,-2.0431,-2.4288,0.0,0.0
1779988773673,2,11.0000004b,Drive,Delivery,pitch.1,439806,-0.1127,-0.3709,1.7433,0.7501,-1.8466,-2.406,0.0,0.0
1779988773673,2,12.00000015,Lower Delivery,Delivery,pitch.1,439530,7.5968,-10.3955,83.9854,-113.4384,100.8963,24.1499,-0.1599,-0.1798
1779988773673,2,Pitching Mound.Drive,,Delivery,pitch.1,439805,-0.1096,-0.3742,1.8796,0.7623,-2.0431,-2.4288,0.0,0.0
1779988773673,2,Pitching Mound.Drive,,Delivery,pitch.1,439806,-0.1127,-0.3709,1.7433,0.7501,-1.8466,-2.406,0.0,0.0
1779988773673,2,Pitching Mound.Parent,,Delivery,pitch.1,438845,5.4946,-6.0962,149.4325,-9.447,19.2556,32.2334,-0.019,0.0327
1779988773674,2,12.00000015,Lower Delivery,Delivery,pitch.1,439531,7.6182,-10.2799,83.9821,-113.9483,100.8618,24.0782,-0.1599,-0.1806
1779988773674,2,12.00000018,Upper Delivery,Delivery,pitch.1,440385,-2.5609,4.0483,65.2782,97.9027,-80.8382,13.2851,0.1649,0.1997
1779988773674,2,12.00000018,Upper Delivery,Delivery,pitch.1,440386,-2.9126,3.2369,65.7545,99.7866,-82.6886,13.312,0.1674,0.202
1779988773674,2,Pitching Mound.Delivery,,Delivery,pitch.1,439226,5.0359,-6.3472,149.2636,-9.1753,20.0581,33.9814,-0.0179,0.0288
1779988773674,2,Pitching Mound.Delivery,,Delivery,pitch.1,439227,4.7056,-7.043,149.7367,-7.9643,18.1732,33.8098,-0.0162,0.0288
1779988773674,2,Pitching Mound.Parent,,Delivery,pitch.1,438846,4.9232,-6.7182,151.0068,-8.4252,18.2115,31.5754,-0.0177,0.0284
1779988773675,2,11.0000004b,Drive,Delivery,pitch.1,439807,-0.0855,-0.3951,1.7835,0.7295,-2.2189,-2.4273,0.0,0.0
1779988773675,2,12.00000015,Lower Delivery,Delivery,pitch.1,439532,7.6121,-10.1909,82.7596,-111.042,99.6516,23.8712,-0.1603,-0.1786
1779988773675,2,12.00000018,Upper Delivery,Delivery,pitch.1,440387,-3.0863,2.4629,64.7601,97.8816,-83.4935,13.0098,0.1716,0.2012
1779988773675,2,Pitching Mound.Delivery,,Delivery,pitch.1,439228,4.5258,-7.7279,147.5197,-7.0406,16.1581,33.2435,-0.0146,0.0296
1779988773675,2,Pitching Mound.Drive,,Delivery,pitch.1,439807,-0.0855,-0.3951,1.7835,0.7295,-2.2189,-2.4273,0.0,0.0
1779988773675,2,Pitching Mound.Parent,,Delivery,pitch.1,438847,4.6201,-7.4381,151.5202,-7.2348,15.9543,31.3825,-0.016,0.0285
1779988773676,2,11.0000004b,Drive,Delivery,pitch.1,439808,-0.0981,-0.4224,1.826,0.7356,-2.161,-2.4135,0.0,0.0
1779988773676,2,12.00000015,Lower Delivery,Delivery,pitch.1,439533,7.6698,-10.0682,83.0495,-111.3743,99.9631,23.7657,-0.1602,-0.1785
1779988773676,2,12.00000018,Upper Delivery,Delivery,pitch.1,440388,-3.6769,1.66,68.566,100.2487,-87.3387,12.832,0.1696,0.1946
1779988773676,2,Pitching Mound.Delivery,,Delivery,pitch.1,439229,3.9929,-8.4082,151.6155,-6.2013,12.6243,32.7398,-0.0111,0.0227
1779988773676,2,Pitching Mound.Drive,,Delivery,pitch.1,439808,-0.0981,-0.4224,1.826,0.7356,-2.161,-2.4135,0.0,0.0
1779988773676,2,Pitching Mound.Parent,,Delivery,pitch.1,438848,4.4276,-8.1503,149.3457,-6.305,13.9971,30.8301,-0.0144,0.0292
1779988773677,2,11.0000004b,Drive,Delivery,pitch.1,439809,-0.074,-0.3992,1.7614,0.7419,-2.3177,-2.4385,0.0,0.0
1779988773677,2,12.00000015,Lower Delivery,Delivery,pitch.1,439534,7.6471,-9.9395,82.3033,-109.8843,98.9599,23.5358,-0.1601,-0.1777
1779988773677,2,12.00000018,Upper Delivery,Delivery,pitch.1,440389,-3.811,0.4541,71.2533,99.4942,-88.804,12.8969,0.1659,0.1859
1779988773677,2,Pitching Mound.Delivery,,Delivery,pitch.1,439230,3.8362,-9.4854,153.5566,-6.6331,10.1559,32.537,-0.0088,0.0155
1779988773677,2,Pitching Mound.Drive,,Delivery,pitch.1,439809,-0.074,-0.3992,1.7614,0.7419,-2.3177,-2.4385,0.0,0.0
1779988773677,2,Pitching Mound.Parent,,Delivery,pitch.1,438849,3.9189,-8.8073,153.3769,-5.4594,10.3066,30.3013,-0.011,0.0224
1779988773678,2,11.0000004b,Drive,Delivery,pitch.1,439810,-0.0669,-0.395,1.841,0.717,-2.3916,-2.4174,0.0,0.0
1779988773678,2,12.00000015,Lower Delivery,Delivery,pitch.1,439535,7.6727,-9.856,82.3795,-110.127,99.3144,23.3287,-0.1605,-0.178
1779988773678,2,12.00000018,Upper Delivery,Delivery,pitch.1,440390,-4.2855,0.0342,71.5221,98.9531,-92.5042,12.7426,0.1722,0.1842
1779988773678,2,Pitching Mound.Delivery,,Delivery,pitch.1,439231,3.3872,-9.8218,153.9016,-7.4824,6.8102,32.0055,-0.0059,0.0143
1779988773678,2,Pitching Mound.Drive,,Delivery,pitch.1,439810,-0.0669,-0.395,1.841,0.717,-2.3916,-2.4174,0.0,0.0
1779988773678,2,Pitching Mound.Parent,,Delivery,pitch.1,438850,3.7692,-9.8804,155.3975,-5.9161,7.7643,30.1195,-0.0087,0.0153
1779988773679,2,11.0000004b,Drive,Delivery,pitch.1,439812,-0.0538,-0.3886,1.8569,0.702,-2.574,-2.4541,0.0,0.0
1779988773679,2,11.0000004b,Drive,Delivery,pitch.1,439811,-0.0641,-0.3949,1.861,0.7302,-2.62,-2.449,0.0,0.0
1779988773679,2,12.00000015,Lower Delivery,Delivery,pitch.1,439536,7.6359,-9.77,81.2745,-107.6168,97.6954,23.0036,-0.16,-0.1763
1779988773679,2,12.00000018,Upper Delivery,Delivery,pitch.1,440391,-4.3064,-0.8814,73.716,93.0407,-87.8379,12.3307,0.1586,0.168
1779988773679,2,Pitching Mound.Delivery,,Delivery,pitch.1,439232,3.3295,-10.6513,154.9905,-12.0062,9.8574,31.2739,-0.0085,0.0041
1779988773679,2,Pitching Mound.Drive,,Delivery,pitch.1,439812,-0.0538,-0.3886,1.8569,0.702,-2.574,-2.4541,0.0,0.0
1779988773679,2,Pitching Mound.Drive,,Delivery,pitch.1,439811,-0.0641,-0.3949,1.861,0.7302,-2.62,-2.449,0.0,0.0
1779988773679,2,Pitching Mound.Parent,,Delivery,pitch.1,438851,3.3231,-10.2166,155.7626,-6.7522,4.1902,29.5565,-0.0058,0.0141
1779988773679,2,Pitching Mound.Parent,,Delivery,pitch.1,438852,3.2757,-11.0399,156.8474,-11.3042,7.2834,28.8198,-0.0084,0.004
1779988773680,2,11.0000004b,Drive,Delivery,pitch.1,439813,-0.0397,-0.3767,1.8957,0.7126,-2.733,-2.4551,0.0,0.0
1779988773680,2,12.00000015,Lower Delivery,Delivery,pitch.1,439537,7.6427,-9.7129,81.1786,-108.4033,97.9413,22.7476,-0.1606,-0.1778
1779988773680,2,12.00000018,Upper Delivery,Delivery,pitch.1,440392,-4.7575,-1.5319,73.0017,96.8491,-93.353,12.8825,0.1702,0.1766
1779988773680,2,Pitching Mound.Delivery,,Delivery,pitch.1,439233,2.8852,-11.2448,154.1803,-8.7741,4.5883,31.4141,-0.004,0.0081
1779988773680,2,Pitching Mound.Drive,,Delivery,pitch.1,439813,-0.0397,-0.3767,1.8957,0.7126,-2.733,-2.4551,0.0,0.0
1779988773680,2,Pitching Mound.Parent,,Delivery,pitch.1,438853,2.8455,-11.6215,156.076,-8.0616,1.8553,28.959,-0.0039,0.008
1779988773681,2,11.0000004b,Drive,Delivery,pitch.1,439814,-0.0361,-0.3853,1.9303,0.7133,-2.6975,-2.4315,0.0,0.0
1779988773681,2,12.00000015,Lower Delivery,Delivery,pitch.1,439538,7.6021,-9.6393,80.5725,-107.9998,97.2172,22.4962,-0.1606,-0.1784
1779988773681,2,12.00000018,Upper Delivery,Delivery,pitch.1,440393,-4.7572,-2.2256,73.5361,93.3919,-93.4899,12.9773,0.1693,0.1691
1779988773681,2,Pitching Mound.Delivery,,Delivery,pitch.1,439234,2.8449,-11.8649,154.1086,-12.2155,3.7273,31.2713,-0.0032,0.0029
1779988773681,2,Pitching Mound.Drive,,Delivery,pitch.1,439814,-0.0361,-0.3853,1.9303,0.7133,-2.6975,-2.4315,0.0,0.0
1779988773681,2,Pitching Mound.Parent,,Delivery,pitch.1,438854,2.8088,-12.2502,156.0389,-11.5023,1.0298,28.8398,-0.0032,0.0029
1779988773682,2,12.00000015,Lower Delivery,Delivery,pitch.1,439539,7.4974,-9.5901,79.2694,-105.2196,95.2756,22.1124,-0.16,-0.1767
1779988773682,2,12.00000018,Upper Delivery,Delivery,pitch.1,440394,-4.7189,-2.469,74.7562,91.8288,-93.4537,13.4504,0.1664,0.1635
1779988773682,2,Pitching Mound.Delivery,,Delivery,pitch.1,439235,2.7786,-12.0591,154.0256,-11.8563,1.8219,31.4093,-0.0016,-0.0016
1779988773683,2,11.0000004b,Drive,Delivery,pitch.1,439815,-0.0342,-0.3892,1.9073,0.725,-2.6278,-2.4369,0.0,0.0
1779988773683,2,11.0000004b,Drive,Delivery,pitch.1,439816,-0.0379,-0.3759,1.8927,0.7212,-2.5167,-2.4304,0.0,0.0
1779988773683,2,12.00000015,Lower Delivery,Delivery,pitch.1,439540,7.4387,-9.5447,78.6784,-104.1504,94.7475,21.7886,-0.1603,-0.1762
1779988773683,2,12.00000018,Upper Delivery,Delivery,pitch.1,440395,-4.7912,-2.7024,75.5858,95.5484,-95.703,13.386,0.1686,0.1683
1779988773683,2,Pitching Mound.Delivery,,Delivery,pitch.1,439236,2.6474,-12.2471,154.2642,-7.5504,-0.9555,31.0165,0.0008,-0.0006
1779988773683,2,Pitching Mound.Drive,,Delivery,pitch.1,439815,-0.0342,-0.3892,1.9073,0.725,-2.6278,-2.4369,0.0,0.0
1779988773683,2,Pitching Mound.Drive,,Delivery,pitch.1,439816,-0.0379,-0.3759,1.8927,0.7212,-2.5167,-2.4304,0.0,0.0
1779988773683,2,Pitching Mound.Parent,,Delivery,pitch.1,438855,2.7443,-12.4483,155.9329,-11.1312,-0.8059,28.9724,-0.0016,-0.0016
1779988773683,2,Pitching Mound.Parent,,Delivery,pitch.1,438856,2.6096,-12.623,156.1569,-6.8292,-3.4722,28.5861,0.0008,-0.0006
1779988773684,2,11.0000004b,Drive,Delivery,pitch.1,439817,-0.0324,-0.3646,1.8931,0.743,-2.4274,-2.4225,0.0,0.0
1779988773684,2,12.00000015,Lower Delivery,Delivery,pitch.1,439541,7.3273,-9.485,78.0246,-102.9329,93.9205,21.4133,-0.1602,-0.1756
1779988773684,2,12.00000018,Upper Delivery,Delivery,pitch.1,440396,-4.7775,-2.6089,76.4746,97.7121,-96.6593,13.6658,0.1683,0.1701
1779988773684,2,Pitching Mound.Delivery,,Delivery,pitch.1,439237,2.5498,-12.0939,154.4992,-4.6939,-2.7387,30.9635,0.0024,-0.0011
1779988773684,2,Pitching Mound.Drive,,Delivery,pitch.1,439817,-0.0324,-0.3646,1.8931,0.743,-2.4274,-2.4225,0.0,0.0
1779988773684,2,Pitching Mound.Parent,,Delivery,pitch.1,438857,2.5175,-12.4584,156.3923,-3.9509,-5.1662,28.541,0.0023,-0.0011
1779988773685,2,11.0000004b,Drive,Delivery,pitch.1,439818,-0.0321,-0.3512,1.866,0.7478,-2.4039,-2.3864,0.0,0.0
1779988773685,2,12.00000015,Lower Delivery,Delivery,pitch.1,439542,7.2601,-9.4672,77.6141,-102.836,93.7662,21.1056,-0.1608,-0.1764
1779988773685,2,12.00000018,Upper Delivery,Delivery,pitch.1,440397,-4.7247,-2.502,77.0364,97.469,-97.1899,13.9262,0.168,0.1684
1779988773685,2,Pitching Mound.Delivery,,Delivery,pitch.1,439238,2.5355,-11.9693,154.6505,-5.1705,-3.4237,30.957,0.0029,-0.0033
1779988773685,2,Pitching Mound.Drive,,Delivery,pitch.1,439818,-0.0321,-0.3512,1.866,0.7478,-2.4039,-2.3864,0.0,0.0
1779988773685,2,Pitching Mound.Parent,,Delivery,pitch.1,438858,2.5034,-12.3205,156.5165,-4.4227,-5.8276,28.5706,0.0029,-0.0033
1779988773686,2,11.0000004b,Drive,Delivery,pitch.1,439819,-0.0548,-0.3353,1.8856,0.7135,-2.4942,-2.4095,0.0,0.0
1779988773686,2,12.00000015,Lower Delivery,Delivery,pitch.1,439543,7.1319,-9.4307,77.036,-102.3168,93.3557,20.7344,-0.1613,-0.1768
1779988773686,2,12.00000018,Upper Delivery,Delivery,pitch.1,440398,-4.6613,-2.2865,76.9831,98.7415,-97.437,13.8731,0.1685,0.1708
1779988773686,2,Pitching Mound.Delivery,,Delivery,pitch.1,439239,2.4706,-11.7171,154.0191,-3.5573,-4.0813,30.5979,0.0035,-0.003
1779988773686,2,Pitching Mound.Drive,,Delivery,pitch.1,439819,-0.0548,-0.3353,1.8856,0.7135,-2.4942,-2.4095,0.0,0.0
1779988773686,2,Pitching Mound.Parent,,Delivery,pitch.1,438859,2.4158,-12.0524,155.9047,-2.8437,-6.5755,28.1884,0.0035,-0.0029
1779988773687,2,11.0000004b,Drive,Delivery,pitch.1,439820,-0.0636,-0.3261,1.8814,0.712,-2.4108,-2.3876,0.0,0.0
1779988773687,2,12.00000015,Lower Delivery,Delivery,pitch.1,439544,7.0287,-9.3515,76.4946,-102.2972,93.113,20.376,-0.162,-0.178
1779988773687,2,12.00000018,Upper Delivery,Delivery,pitch.1,440399,-4.5896,-2.0133,77.7721,100.1437,-97.9476,14.0562,0.1677,0.1714
1779988773687,2,Pitching Mound.Delivery,,Delivery,pitch.1,439240,2.4391,-11.3648,154.2667,-2.5879,-4.8346,30.482,0.0042,-0.0047
1779988773687,2,Pitching Mound.Drive,,Delivery,pitch.1,439820,-0.0636,-0.3261,1.8814,0.712,-2.4108,-2.3876,0.0,0.0
1779988773687,2,Pitching Mound.Parent,,Delivery,pitch.1,438860,2.3755,-11.6909,156.1481,-1.8758,-7.2454,28.0944,0.0041,-0.0046
1779988773688,2,11.0000004b,Drive,Delivery,pitch.1,439821,-0.0599,-0.3232,1.8546,0.7493,-2.3711,-2.3958,0.0,0.0
1779988773688,2,12.00000015,Lower Delivery,Delivery,pitch.1,439545,6.8652,-9.2892,75.4576,-101.1705,92.2275,19.9728,-0.1627,-0.1785
1779988773688,2,12.00000018,Upper Delivery,Delivery,pitch.1,440400,-4.4475,-1.5161,77.8997,101.5234,-96.8717,13.9196,0.1655,0.1735
1779988773688,2,Pitching Mound.Delivery,,Delivery,pitch.1,439241,2.4177,-10.8053,153.3572,-0.4774,-4.6442,30.0461,0.004,-0.0051
1779988773688,2,Pitching Mound.Drive,,Delivery,pitch.1,439821,-0.0599,-0.3232,1.8546,0.7493,-2.3711,-2.3958,0.0,0.0
1779988773688,2,Pitching Mound.Parent,,Delivery,pitch.1,438861,2.3578,-11.1286,155.2119,0.2719,-7.0153,27.6503,0.004,-0.005
1779988773689,2,11.0000004b,Drive,Delivery,pitch.1,439822,-0.0723,-0.3231,1.862,0.7311,-2.3211,-2.3963,0.0,0.0
1779988773689,2,12.00000015,Lower Delivery,Delivery,pitch.1,439546,6.7209,-9.1828,74.6071,-100.4229,91.8848,19.6421,-0.164,-0.1792
1779988773689,2,12.00000018,Upper Delivery,Delivery,pitch.1,440401,-4.34,-0.7771,77.9732,102.356,-95.4244,13.6538,0.1629,0.1748
1779988773689,2,Pitching Mound.Delivery,,Delivery,pitch.1,439242,2.3809,-9.9599,152.5804,0.7886,-3.5396,29.5351,0.0031,-0.0058
1779988773689,2,Pitching Mound.Drive,,Delivery,pitch.1,439822,-0.0723,-0.3231,1.862,0.7311,-2.3211,-2.3963,0.0,0.0
1779988773689,2,Pitching Mound.Parent,,Delivery,pitch.1,438862,2.3086,-10.2829,154.4424,1.5198,-5.8607,27.1388,0.0031,-0.0057
1779988773690,2,11.0000004b,Drive,Delivery,pitch.1,439823,-0.0907,-0.3168,1.9517,0.7385,-2.5055,-2.3718,0.0,0.0
1779988773690,2,12.00000015,Lower Delivery,Delivery,pitch.1,439547,6.5973,-9.0863,74.4517,-100.6499,91.8346,19.4169,-0.1642,-0.18
1779988773690,2,12.00000018,Upper Delivery,Delivery,pitch.1,440402,-4.2472,-0.074,77.3855,104.1512,-93.9551,12.9099,0.1616,0.1792
1779988773690,2,Pitching Mound.Delivery,,Delivery,pitch.1,439243,2.3501,-9.1604,151.8373,2.5037,-2.1205,28.6397,0.0019,-0.0035
1779988773690,2,Pitching Mound.Drive,,Delivery,pitch.1,439823,-0.0907,-0.3168,1.9517,0.7385,-2.5055,-2.3718,0.0,0.0
1779988773690,2,Pitching Mound.Parent,,Delivery,pitch.1,438863,2.2594,-9.4772,153.789,3.2422,-4.626,26.2679,0.0018,-0.0035
1779988773691,2,11.0000004b,Drive,Delivery,pitch.1,439824,-0.086,-0.3163,1.8956,0.7406,-2.4501,-2.3964,0.0,0.0
1779988773691,2,12.00000015,Lower Delivery,Delivery,pitch.1,439548,6.4492,-8.9605,73.741,-99.3225,91.0286,19.1179,-0.1643,-0.1793
1779988773691,2,12.00000018,Upper Delivery,Delivery,pitch.1,440403,-4.2433,0.427,76.9827,104.9045,-94.102,12.3301,0.1627,0.1814
1779988773691,2,Pitching Mound.Delivery,,Delivery,pitch.1,439244,2.2059,-8.5334,150.7237,4.4798,-3.0735,27.8125,0.0027,-0.0024
1779988773691,2,Pitching Mound.Drive,,Delivery,pitch.1,439824,-0.086,-0.3163,1.8956,0.7406,-2.4501,-2.3964,0.0,0.0
1779988773691,2,Pitching Mound.Parent,,Delivery,pitch.1,438864,2.1199,-8.8497,152.6193,5.2204,-5.5236,25.4161,0.0027,-0.0024
1779988773692,2,11.0000004b,Drive,Delivery,pitch.1,439825,-0.0901,-0.3117,1.9048,0.7302,-2.5478,-2.4153,0.0,0.0
1779988773692,2,12.00000015,Lower Delivery,Delivery,pitch.1,439549,6.3712,-8.8232,73.1273,-98.8492,90.2822,18.8823,-0.1644,-0.18
1779988773692,2,12.00000018,Upper Delivery,Delivery,pitch.1,440404,-4.3117,0.6186,77.5603,107.2326,-95.5124,12.0818,0.1639,0.1841
1779988773692,2,Pitching Mound.Delivery,,Delivery,pitch.1,439245,2.0595,-8.2046,150.6877,6.8763,-5.2302,27.332,0.0046,-0.0026
1779988773692,2,Pitching Mound.Drive,,Delivery,pitch.1,439825,-0.0901,-0.3117,1.9048,0.7302,-2.5478,-2.4153,0.0,0.0
1779988773692,2,Pitching Mound.Parent,,Delivery,pitch.1,438865,1.9694,-8.5163,152.5924,7.6065,-7.778,24.9167,0.0046,-0.0026
1779988773693,2,11.0000004b,Drive,Delivery,pitch.1,439826,-0.0519,-0.2742,1.8306,0.7166,-2.51,-2.3994,0.0,0.0
1779988773693,2,12.00000015,Lower Delivery,Delivery,pitch.1,439550,6.2754,-8.6461,72.4169,-97.6827,89.4422,18.6022,-0.1644,-0.1796
1779988773693,2,12.00000018,Upper Delivery,Delivery,pitch.1,440405,-4.4063,0.7931,78.0249,108.3636,-97.4048,12.0351,0.1662,0.1849
1779988773693,2,Pitching Mound.Delivery,,Delivery,pitch.1,439246,1.8691,-7.853,150.4419,8.7742,-7.9626,27.0055,0.007,-0.0032
1779988773693,2,Pitching Mound.Drive,,Delivery,pitch.1,439826,-0.0519,-0.2742,1.8306,0.7166,-2.51,-2.3994,0.0,0.0
1779988773693,2,Pitching Mound.Parent,,Delivery,pitch.1,438866,1.8172,-8.1271,152.2724,9.4908,-10.4726,24.606,0.007,-0.0032
1779988773694,2,11.0000004b,Drive,Delivery,pitch.1,439827,-0.0649,-0.2992,1.9033,0.706,-2.6282,-2.4458,0.0,0.0
1779988773694,2,12.00000015,Lower Delivery,Delivery,pitch.1,439551,6.1818,-8.4681,71.478,-95.9434,88.4204,18.3959,-0.1647,-0.1787
1779988773694,2,12.00000018,Upper Delivery,Delivery,pitch.1,440406,-4.5573,0.8595,78.3598,109.5337,-98.7607,11.7801,0.1678,0.1861
1779988773694,2,Pitching Mound.Delivery,,Delivery,pitch.1,439247,1.6245,-7.6086,149.8378,11.2505,-10.3404,26.5247,0.0092,-0.0035
1779988773694,2,Pitching Mound.Drive,,Delivery,pitch.1,439827,-0.0649,-0.2992,1.9033,0.706,-2.6282,-2.4458,0.0,0.0
1779988773694,2,Pitching Mound.Parent,,Delivery,pitch.1,438867,1.5596,-7.9078,151.7411,11.9565,-12.9685,24.079,0.0091,-0.0035
1779988773695,2,11.0000004b,Drive,Delivery,pitch.1,439828,-0.0914,-0.3029,1.9346,0.7009,-2.6501,-2.4608,0.0,0.0
1779988773695,2,12.00000015,Lower Delivery,Delivery,pitch.1,439552,6.1659,-8.2667,71.0236,-94.758,88.2154,18.2748,-0.1654,-0.1776
1779988773695,2,12.00000018,Upper Delivery,Delivery,pitch.1,440407,-4.7835,0.722,79.444,110.7189,-99.5664,11.859,0.1668,0.1855
1779988773695,2,Pitching Mound.Delivery,,Delivery,pitch.1,439248,1.3825,-7.5446,150.4676,13.098,-11.351,26.411,0.01,-0.0049
1779988773695,2,Pitching Mound.Drive,,Delivery,pitch.1,439828,-0.0914,-0.3029,1.9346,0.7009,-2.6501,-2.4608,0.0,0.0
1779988773695,2,Pitching Mound.Parent,,Delivery,pitch.1,438868,1.2911,-7.8476,152.4022,13.7989,-14.0011,23.9502,0.0099,-0.0048
1779988773696,2,11.0000004b,Drive,Delivery,pitch.1,439829,-0.089,-0.2913,1.9522,0.6724,-2.5986,-2.4242,0.0,0.0
1779988773696,2,12.00000015,Lower Delivery,Delivery,pitch.1,439553,6.082,-7.9896,69.9591,-93.4928,86.2648,17.9612,-0.1642,-0.1779
1779988773696,2,12.00000018,Upper Delivery,Delivery,pitch.1,440408,-4.8583,0.7619,78.8241,109.6779,-99.2223,11.8293,0.1676,0.1852
1779988773696,2,Pitching Mound.Delivery,,Delivery,pitch.1,439249,1.2237,-7.2277,148.7832,13.171,-12.9575,26.0709,0.0116,-0.0058
1779988773696,2,Pitching Mound.Drive,,Delivery,pitch.1,439829,-0.089,-0.2913,1.9522,0.6724,-2.5986,-2.4242,0.0,0.0
1779988773696,2,Pitching Mound.Parent,,Delivery,pitch.1,438869,1.1347,-7.519,150.7354,13.8434,-15.5561,23.6467,0.0114,-0.0057
1779988773697,2,11.0000004b,Drive,Delivery,pitch.1,439830,-0.088,-0.3036,1.9647,0.6557,-2.6214,-2.4117,0.0,0.0
1779988773697,2,12.00000015,Lower Delivery,Delivery,pitch.1,439554,6.0508,-7.7046,69.2205,-92.4814,85.6483,17.8026,-0.1647,-0.1779
1779988773697,2,12.00000018,Upper Delivery,Delivery,pitch.1,440409,-4.9933,0.7156,78.217,111.4071,-100.8391,11.7591,0.1716,0.1896
1779988773697,2,Pitching Mound.Delivery,,Delivery,pitch.1,439250,1.0575,-6.989,147.4375,15.8669,-15.1908,25.8067,0.0137,-0.0037
1779988773697,2,Pitching Mound.Drive,,Delivery,pitch.1,439830,-0.088,-0.3036,1.9647,0.6557,-2.6214,-2.4117,0.0,0.0
1779988773697,2,Pitching Mound.Parent,,Delivery,pitch.1,438870,0.9695,-7.2926,149.4022,16.5226,-17.8121,23.395,0.0135,-0.0036
1779988773698,2,11.0000004b,Drive,Delivery,pitch.1,439831,-0.0896,-0.3,1.9736,0.6387,-2.4528,-2.4153,0.0,0.0
1779988773698,2,12.00000015,Lower Delivery,Delivery,pitch.1,439555,6.0419,-7.4005,68.6749,-91.6995,84.8573,17.5971,-0.1645,-0.1778
1779988773698,2,12.00000018,Upper Delivery,Delivery,pitch.1,440410,-5.1288,0.4941,78.2155,111.4572,-101.4313,11.8472,0.1726,0.1897
1779988773698,2,Pitching Mound.Delivery,,Delivery,pitch.1,439251,0.9132,-6.9064,146.8904,16.5139,-16.574,25.6463,0.015,-0.0042
1779988773698,2,Pitching Mound.Drive,,Delivery,pitch.1,439831,-0.0896,-0.3,1.9736,0.6387,-2.4528,-2.4153,0.0,0.0
1779988773698,2,Pitching Mound.Parent,,Delivery,pitch.1,438871,0.8236,-7.2064,148.864,17.1526,-19.0268,23.231,0.0148,-0.0041
1779988773699,2,11.0000004b,Drive,Delivery,pitch.1,439832,-0.0659,-0.3057,1.9082,0.6499,-2.388,-2.3835,0.0,0.0
1779988773699,2,12.00000015,Lower Delivery,Delivery,pitch.1,439556,6.0605,-6.9941,67.4425,-89.8561,83.8786,17.2634,-0.1656,-0.1774
1779988773699,2,12.00000018,Upper Delivery,Delivery,pitch.1,440411,-5.3007,0.0574,79.0945,111.4424,-101.7515,12.0256,0.1713,0.1876
1779988773699,2,Pitching Mound.Delivery,,Delivery,pitch.1,439252,0.7598,-6.9367,146.5371,17.6246,-17.873,25.4262,0.0162,-0.0074
1779988773699,2,Pitching Mound.Drive,,Delivery,pitch.1,439832,-0.0659,-0.3057,1.9082,0.6499,-2.388,-2.3835,0.0,0.0
1779988773699,2,Pitching Mound.Parent,,Delivery,pitch.1,438872,0.694,-7.2424,148.4453,18.2745,-20.2609,23.0428,0.016,-0.0073
1779988773700,2,11.0000004b,Drive,Delivery,pitch.1,439833,-0.081,-0.3173,1.8875,0.6637,-2.2966,-2.3862,0.0,0.0
1779988773700,2,12.00000015,Lower Delivery,Delivery,pitch.1,439557,6.0645,-6.7988,67.1548,-88.4322,83.1627,17.1327,-0.1649,-0.1753
1779988773700,2,12.00000018,Upper Delivery,Delivery,pitch.1,440412,-5.5832,-0.5004,80.5331,112.7584,-103.6235,12.235,0.1713,0.1864
1779988773700,2,Pitching Mound.Delivery,,Delivery,pitch.1,439253,0.4813,-7.2992,147.6879,19.7775,-20.4608,25.4075,0.0184,-0.0089
1779988773700,2,Pitching Mound.Drive,,Delivery,pitch.1,439833,-0.081,-0.3173,1.8875,0.6637,-2.2966,-2.3862,0.0,0.0
1779988773700,2,Pitching Mound.Parent,,Delivery,pitch.1,438873,0.4004,-7.6165,149.5754,20.4412,-22.7575,23.0213,0.0182,-0.0088
1779988773701,2,11.0000004b,Drive,Delivery,pitch.1,439834,-0.0874,-0.3366,1.9053,0.6565,-2.3043,-2.3821,0.0,0.0
1779988773701,2,12.00000015,Lower Delivery,Delivery,pitch.1,439558,6.0739,-6.6041,66.0705,-86.2944,82.2631,16.9331,-0.1658,-0.1739
1779988773701,2,12.00000018,Upper Delivery,Delivery,pitch.1,440413,-6.0052,-1.2899,82.9906,112.5097,-105.1906,12.5738,0.1687,0.1805
1779988773701,2,Pitching Mound.Delivery,,Delivery,pitch.1,439254,0.0688,-7.894,149.061,20.4625,-22.9275,25.4,0.0205,-0.0152
1779988773701,2,Pitching Mound.Drive,,Delivery,pitch.1,439834,-0.0874,-0.3366,1.9053,0.6565,-2.3043,-2.3821,0.0,0.0
1779988773701,2,Pitching Mound.Parent,,Delivery,pitch.1,438874,-0.0187,-8.2306,150.9663,21.1189,-25.2318,23.0179,0.0202,-0.015
1779988773702,2,11.0000004b,Drive,Delivery,pitch.1,439835,-0.0876,-0.3126,1.878,0.6268,-2.4007,-2.3866,0.0,0.0
1779988773702,2,12.00000015,Lower Delivery,Delivery,pitch.1,439559,6.0068,-6.3574,64.8896,-84.7131,80.1742,16.4922,-0.1645,-0.1738
1779988773702,2,12.00000018,Upper Delivery,Delivery,pitch.1,440414,-6.5173,-2.2223,85.351,111.55,-106.7115,12.9236,0.1664,0.174
1779988773702,2,Pitching Mound.Delivery,,Delivery,pitch.1,439255,-0.5105,-8.5797,150.2406,19.88,-26.5372,25.1576,0.0235,-0.0225
1779988773702,2,Pitching Mound.Drive,,Delivery,pitch.1,439835,-0.0876,-0.3126,1.878,0.6268,-2.4007,-2.3866,0.0,0.0
1779988773702,2,Pitching Mound.Parent,,Delivery,pitch.1,438875,-0.598,-8.8923,152.1187,20.5068,-28.9379,22.7709,0.0232,-0.0222
1779988773703,2,11.0000004b,Drive,Delivery,pitch.1,439836,-0.1046,-0.3075,1.8067,0.6428,-2.3616,-2.3738,0.0,0.0
1779988773703,2,12.00000015,Lower Delivery,Delivery,pitch.1,439560,5.9961,-6.0776,64.6525,-82.9019,80.3214,15.9532,-0.1654,-0.1707
1779988773703,2,12.00000018,Upper Delivery,Delivery,pitch.1,440415,-6.7043,-2.9702,86.3966,111.4502,-108.8245,12.9184,0.1677,0.1717
1779988773703,2,Pitching Mound.Delivery,,Delivery,pitch.1,439256,-0.7083,-9.0478,151.0491,21.1554,-28.5031,24.5535,0.0251,-0.0238
1779988773703,2,Pitching Mound.Drive,,Delivery,pitch.1,439836,-0.1046,-0.3075,1.8067,0.6428,-2.3616,-2.3738,0.0,0.0
1779988773703,2,Pitching Mound.Parent,,Delivery,pitch.1,438876,-0.8128,-9.3553,152.8558,21.7982,-30.8647,22.1797,0.0248,-0.0235
1779988773704,2,11.0000004b,Drive,Delivery,pitch.1,439837,-0.102,-0.2972,1.8319,0.64,-2.4521,-2.3803,0.0,0.0
1779988773704,2,12.00000015,Lower Delivery,Delivery,pitch.1,439561,5.8604,-5.9936,63.5949,-81.8715,79.1098,15.5475,-0.1656,-0.1714
1779988773704,2,12.00000018,Upper Delivery,Delivery,pitch.1,440416,-6.8236,-3.2275,85.5118,112.6874,-110.3218,12.6732,0.1718,0.1754
1779988773704,2,Pitching Mound.Delivery,,Delivery,pitch.1,439257,-0.9632,-9.2211,149.1066,23.3641,-31.212,23.9082,0.0279,-0.0225
1779988773704,2,Pitching Mound.Drive,,Delivery,pitch.1,439837,-0.102,-0.2972,1.8319,0.64,-2.4521,-2.3803,0.0,0.0
1779988773704,2,Pitching Mound.Parent,,Delivery,pitch.1,438877,-1.0652,-9.5183,150.9385,24.0041,-33.6641,21.5278,0.0275,-0.0222
1779988773705,2,11.0000004b,Drive,Delivery,pitch.1,439838,-0.109,-0.2986,1.7633,0.6371,-2.2275,-2.3641,0.0,0.0
1779988773705,2,12.00000015,Lower Delivery,Delivery,pitch.1,439562,5.7258,-5.7923,63.0468,-81.6287,78.1863,14.894,-0.1651,-0.1724
1779988773705,2,12.00000018,Upper Delivery,Delivery,pitch.1,440417,-6.975,-4.0934,86.5061,112.0436,-112.746,12.4464,0.1735,0.1724
1779988773705,2,Pitching Mound.Delivery,,Delivery,pitch.1,439258,-1.2492,-9.8858,149.5528,22.4387,-34.5596,23.0221,0.0308,-0.0263
1779988773705,2,Pitching Mound.Drive,,Delivery,pitch.1,439838,-0.109,-0.2986,1.7633,0.6371,-2.2275,-2.3641,0.0,0.0
1779988773705,2,Pitching Mound.Parent,,Delivery,pitch.1,438878,-1.3582,-10.1844,151.3161,23.0758,-36.7872,20.658,0.0304,-0.026
1779988773706,2,11.0000004b,Drive,Delivery,pitch.1,439839,-0.1191,-0.2955,1.8079,0.6537,-2.4945,-2.3684,0.0,0.0
1779988773706,2,12.00000015,Lower Delivery,Delivery,pitch.1,439563,5.5973,-5.636,62.5772,-80.6853,77.9782,14.3112,-0.1659,-0.1717
1779988773706,2,12.00000018,Upper Delivery,Delivery,pitch.1,440418,-7.1016,-4.4763,87.6113,113.2326,-114.2349,12.232,0.1736,0.1721
1779988773706,2,Pitching Mound.Delivery,,Delivery,pitch.1,439259,-1.5044,-10.1123,150.1885,24.0356,-36.2567,22.2256,0.0321,-0.0278
1779988773706,2,Pitching Mound.Drive,,Delivery,pitch.1,439839,-0.1191,-0.2955,1.8079,0.6537,-2.4945,-2.3684,0.0,0.0
1779988773706,2,Pitching Mound.Parent,,Delivery,pitch.1,438879,-1.6234,-10.4078,151.9964,24.6893,-38.7511,19.8572,0.0318,-0.0275
1779988773707,2,11.0000004b,Drive,Delivery,pitch.1,439840,-0.0891,-0.321,1.9101,0.6925,-2.4383,-2.3619,0.0,0.0
1779988773707,2,12.00000015,Lower Delivery,Delivery,pitch.1,439564,5.449,-5.5663,61.5482,-79.3569,76.7049,13.8149,-0.1659,-0.1716
1779988773707,2,12.00000018,Upper Delivery,Delivery,pitch.1,440419,-7.1052,-4.804,87.7459,114.5324,-115.4186,11.8819,0.1751,0.1738
1779988773707,2,Pitching Mound.Delivery,,Delivery,pitch.1,439260,-1.6563,-10.3703,149.2941,26.2682,-38.7137,21.4284,0.0345,-0.0283
1779988773707,2,Pitching Mound.Drive,,Delivery,pitch.1,439840,-0.0891,-0.321,1.9101,0.6925,-2.4383,-2.3619,0.0,0.0
1779988773707,2,Pitching Mound.Parent,,Delivery,pitch.1,438880,-1.7453,-10.6913,151.2041,26.9608,-41.1519,19.0666,0.0341,-0.0279
1779988773708,2,11.0000004b,Drive,Delivery,pitch.1,439841,-0.1007,-0.3214,1.9144,0.7005,-2.523,-2.3719,0.0,0.0
1779988773708,2,12.00000015,Lower Delivery,Delivery,pitch.1,439565,5.2521,-5.4717,60.5044,-78.2806,74.7318,13.1511,-0.1644,-0.1722
1779988773708,2,12.00000018,Upper Delivery,Delivery,pitch.1,440420,-7.033,-4.9284,88.3837,116.6594,-115.4642,11.8033,0.1739,0.1757
1779988773708,2,Pitching Mound.Delivery,,Delivery,pitch.1,439261,-1.7809,-10.4001,148.8882,28.8999,-40.7324,20.7774,0.0364,-0.0293
1779988773708,2,Pitching Mound.Drive,,Delivery,pitch.1,439841,-0.1007,-0.3214,1.9144,0.7005,-2.523,-2.3719,0.0,0.0
1779988773708,2,Pitching Mound.Parent,,Delivery,pitch.1,438881,-1.8816,-10.7214,150.8026,29.6004,-43.2554,18.4055,0.036,-0.029
1779988773709,2,11.0000004b,Drive,Delivery,pitch.1,439842,-0.1055,-0.3201,1.8926,0.7178,-2.4569,-2.3642,0.0,0.0
1779988773709,2,12.00000015,Lower Delivery,Delivery,pitch.1,439566,5.0923,-5.4189,59.0356,-75.2516,72.086,12.6868,-0.1626,-0.1697
1779988773709,2,12.00000015,Lower Delivery,Delivery,pitch.1,439567,4.8504,-5.3125,58.0653,-73.7769,70.8961,12.0755,-0.1625,-0.1691
1779988773709,2,12.00000018,Upper Delivery,Delivery,pitch.1,440421,-6.9869,-4.9847,88.7246,115.6878,-115.0283,11.3699,0.1726,0.1736
1779988773709,2,Pitching Mound.Delivery,,Delivery,pitch.1,439262,-1.8946,-10.4037,147.7602,30.3419,-42.9423,19.9498,0.0387,-0.0319
1779988773709,2,Pitching Mound.Drive,,Delivery,pitch.1,439842,-0.1055,-0.3201,1.8926,0.7178,-2.4569,-2.3642,0.0,0.0
1779988773709,2,Pitching Mound.Parent,,Delivery,pitch.1,438882,-2.0,-10.7238,149.6528,31.0597,-45.3992,17.5856,0.0382,-0.0315
1779988773710,2,11.0000004b,Drive,Delivery,pitch.1,439843,-0.1183,-0.3252,1.9259,0.6675,-2.5623,-2.3451,0.0,0.0
1779988773710,2,12.00000018,Upper Delivery,Delivery,pitch.1,440422,-6.9696,-4.9417,89.2191,116.0913,-115.4325,11.1078,0.1722,0.1732
1779988773710,2,Pitching Mound.Delivery,,Delivery,pitch.1,439263,-2.1191,-10.2542,147.2844,31.7221,-44.5363,19.1645,0.0403,-0.0337
1779988773710,2,Pitching Mound.Drive,,Delivery,pitch.1,439843,-0.1183,-0.3252,1.9259,0.6675,-2.5623,-2.3451,0.0,0.0
1779988773710,2,Pitching Mound.Parent,,Delivery,pitch.1,438883,-2.2374,-10.5793,149.2103,32.3896,-47.0987,16.8194,0.0397,-0.0332
1779988773711,2,11.0000004b,Drive,Delivery,pitch.1,439844,-0.1083,-0.327,1.9159,0.6718,-2.3941,-2.3575,0.0,0.0
1779988773711,2,12.00000015,Lower Delivery,Delivery,pitch.1,439569,4.3929,-5.0433,57.4332,-73.142,70.7624,10.8601,-0.164,-0.1695
1779988773711,2,12.00000015,Lower Delivery,Delivery,pitch.1,439568,4.5676,-5.2524,57.4363,-73.2869,70.1907,11.5189,-0.1627,-0.1699
1779988773711,2,12.00000018,Upper Delivery,Delivery,pitch.1,440423,-6.9683,-4.828,89.6823,117.1676,-116.2099,11.0516,0.1725,0.1739
1779988773711,2,Pitching Mound.Delivery,,Delivery,pitch.1,439264,-2.4008,-10.0804,147.1186,32.917,-46.0192,18.6484,0.0416,-0.0348
1779988773711,2,Pitching Mound.Drive,,Delivery,pitch.1,439844,-0.1083,-0.327,1.9159,0.6718,-2.3941,-2.3575,0.0,0.0
1779988773711,2,Pitching Mound.Parent,,Delivery,pitch.1,438884,-2.5091,-10.4074,149.0345,33.5887,-48.4133,16.2908,0.0411,-0.0344
1779988773712,2,11.0000004b,Drive,Delivery,pitch.1,439845,-0.1086,-0.3042,1.9299,0.6595,-2.3605,-2.3283,0.0,0.0
1779988773712,2,12.00000015,Lower Delivery,Delivery,pitch.1,439570,4.239,-4.9308,55.1999,-69.5956,66.8836,10.4132,-0.1613,-0.1678
1779988773712,2,12.00000018,Upper Delivery,Delivery,pitch.1,440424,-6.9762,-4.7611,90.2261,117.852,-116.5253,10.8316,0.1719,0.1739
1779988773712,2,Pitching Mound.Delivery,,Delivery,pitch.1,439265,-2.5833,-9.8043,147.6593,33.5604,-45.7629,17.8263,0.0413,-0.0352
1779988773712,2,Pitching Mound.Drive,,Delivery,pitch.1,439845,-0.1086,-0.3042,1.9299,0.6595,-2.3605,-2.3283,0.0,0.0
1779988773712,2,Pitching Mound.Parent,,Delivery,pitch.1,438885,-2.6919,-10.1086,149.5892,34.2199,-48.1235,15.498,0.0407,-0.0347
1779988773713,2,11.0000004b,Drive,Delivery,pitch.1,439846,-0.108,-0.3105,1.8904,0.658,-2.2593,-2.3202,0.0,0.0
1779988773713,2,12.00000018,Upper Delivery,Delivery,pitch.1,440425,-7.0537,-4.7586,91.251,119.4796,-117.8927,10.6945,0.172,0.1743
1779988773713,2,Pitching Mound.Delivery,,Delivery,pitch.1,439266,-2.8146,-9.6894,146.4509,37.6267,-51.0091,17.2681,0.0464,-0.0384
1779988773713,2,Pitching Mound.Drive,,Delivery,pitch.1,439846,-0.108,-0.3105,1.8904,0.658,-2.2593,-2.3202,0.0,0.0
1779988773713,2,Pitching Mound.Parent,,Delivery,pitch.1,438886,-2.9226,-9.9999,148.3414,38.2847,-53.2684,14.9479,0.0458,-0.0379
1779988773714,2,11.0000004b,Drive,Delivery,pitch.1,439847,-0.106,-0.3176,1.9131,0.6803,-2.2822,-2.3176,0.0,0.0
1779988773714,2,12.00000015,Lower Delivery,Delivery,pitch.1,439572,3.9282,-4.4863,54.6141,-68.262,66.9802,9.3897,-0.1633,-0.1664
1779988773714,2,12.00000015,Lower Delivery,Delivery,pitch.1,439571,4.0455,-4.6659,55.4918,-69.8045,68.1786,9.7499,-0.1636,-0.1675
1779988773714,2,12.00000018,Upper Delivery,Delivery,pitch.1,440426,-7.0946,-4.6748,91.5977,119.5102,-117.758,10.5272,0.1711,0.1737
1779988773714,2,Pitching Mound.Delivery,,Delivery,pitch.1,439267,-3.0491,-9.3406,147.0895,37.4298,-49.5794,16.4894,0.0449,-0.0385
1779988773714,2,Pitching Mound.Drive,,Delivery,pitch.1,439847,-0.106,-0.3176,1.9131,0.6803,-2.2822,-2.3176,0.0,0.0
1779988773714,2,Pitching Mound.Parent,,Delivery,pitch.1,438887,-3.1551,-9.6582,149.0026,38.1101,-51.8616,14.1718,0.0443,-0.038
1779988773715,2,11.0000004b,Drive,Delivery,pitch.1,439848,-0.1288,-0.3268,1.853,0.6528,-2.2507,-2.3165,0.0,0.0
1779988773715,2,12.00000015,Lower Delivery,Delivery,pitch.1,439573,3.718,-4.2611,54.3187,-68.0437,67.2665,8.8095,-0.1649,-0.1668
1779988773715,2,12.00000018,Upper Delivery,Delivery,pitch.1,440427,-7.1385,-4.5698,91.8813,119.8489,-118.0397,10.2797,0.171,0.1736
1779988773715,2,Pitching Mound.Delivery,,Delivery,pitch.1,439268,-3.2103,-9.0562,146.4954,38.9161,-51.0595,15.9068,0.0464,-0.0396
1779988773715,2,Pitching Mound.Drive,,Delivery,pitch.1,439848,-0.1288,-0.3268,1.853,0.6528,-2.2507,-2.3165,0.0,0.0
1779988773715,2,Pitching Mound.Parent,,Delivery,pitch.1,438888,-3.3391,-9.383,148.3484,39.5689,-53.3103,13.5903,0.0458,-0.0391
1779988773716,2,11.0000004b,Drive,Delivery,pitch.1,439849,-0.1108,-0.3415,1.9729,0.6704,-2.2924,-2.3293,0.0,0.0
1779988773716,2,12.00000015,Lower Delivery,Delivery,pitch.1,439574,3.6593,-4.1729,52.5001,-64.5173,63.4803,8.5388,-0.161,-0.1636
1779988773716,2,12.00000018,Upper Delivery,Delivery,pitch.1,440428,-7.1838,-4.4738,92.3862,119.9177,-118.1113,10.0169,0.1702,0.1728
1779988773716,2,Pitching Mound.Delivery,,Delivery,pitch.1,439269,-3.4658,-8.7349,146.7049,38.9311,-50.8447,15.1198,0.0461,-0.0412
1779988773716,2,Pitching Mound.Drive,,Delivery,pitch.1,439849,-0.1108,-0.3415,1.9729,0.6704,-2.2924,-2.3293,0.0,0.0
1779988773716,2,Pitching Mound.Parent,,Delivery,pitch.1,438889,-3.5765,-9.0764,148.6778,39.6014,-53.1372,12.7905,0.0455,-0.0406
1779988773717,2,11.0000004b,Drive,Delivery,pitch.1,439850,-0.1072,-0.3569,1.9125,0.6825,-2.2262,-2.3392,0.0,0.0
1779988773717,2,12.00000015,Lower Delivery,Delivery,pitch.1,439575,3.568,-3.9184,52.2301,-63.7789,63.303,8.109,-0.1614,-0.1626
1779988773717,2,12.00000018,Upper Delivery,Delivery,pitch.1,440429,-7.2419,-4.4239,92.8048,120.0301,-118.4477,9.8143,0.1699,0.1722
1779988773717,2,Pitching Mound.Delivery,,Delivery,pitch.1,439270,-3.5826,-8.5968,145.3049,41.8092,-54.9674,14.6467,0.0504,-0.0434
1779988773717,2,Pitching Mound.Drive,,Delivery,pitch.1,439850,-0.1072,-0.3569,1.9125,0.6825,-2.2262,-2.3392,0.0,0.0
1779988773717,2,Pitching Mound.Parent,,Delivery,pitch.1,438890,-3.6899,-8.9537,147.2174,42.4917,-57.1937,12.3075,0.0497,-0.0429
1779988773718,2,11.0000004b,Drive,Delivery,pitch.1,439851,-0.0952,-0.3282,1.8117,0.6499,-2.1126,-2.3622,0.0,0.0
1779988773718,2,12.00000015,Lower Delivery,Delivery,pitch.1,439576,3.4898,-3.6233,51.3326,-61.3889,61.9226,7.6138,-0.1606,-0.1592
1779988773718,2,12.00000018,Upper Delivery,Delivery,pitch.1,440430,-7.2978,-4.4122,93.1463,120.0851,-118.963,9.607,0.17,0.1716
1779988773718,2,Pitching Mound.Delivery,,Delivery,pitch.1,439271,-3.7298,-8.3306,145.3764,42.3946,-55.66,14.0216,0.051,-0.0441
1779988773718,2,Pitching Mound.Drive,,Delivery,pitch.1,439851,-0.0952,-0.3282,1.8117,0.6499,-2.1126,-2.3622,0.0,0.0
1779988773718,2,Pitching Mound.Parent,,Delivery,pitch.1,438891,-3.8251,-8.6588,147.1881,43.0446,-57.7727,11.6593,0.0503,-0.0436
1779988773719,2,11.0000004b,Drive,Delivery,pitch.1,439852,-0.0875,-0.3293,1.8632,0.672,-1.9882,-2.3625,0.0,0.0
1779988773719,2,12.00000015,Lower Delivery,Delivery,pitch.1,439577,3.4246,-3.4437,50.4023,-59.5744,60.547,7.2183,-0.1599,-0.1574
1779988773719,2,12.00000018,Upper Delivery,Delivery,pitch.1,440431,-7.4061,-4.4823,93.5234,120.1647,-119.6284,9.3545,0.1703,0.1711
1779988773719,2,Pitching Mound.Delivery,,Delivery,pitch.1,439272,-3.9163,-8.1056,144.8561,44.4309,-57.7058,13.2637,0.053,-0.045
1779988773719,2,Pitching Mound.Drive,,Delivery,pitch.1,439852,-0.0875,-0.3293,1.8632,0.672,-1.9882,-2.3625,0.0,0.0
1779988773719,2,Pitching Mound.Parent,,Delivery,pitch.1,438892,-4.0038,-8.4349,146.7193,45.1029,-59.6941,10.9011,0.0524,-0.0444
1779988773720,2,11.0000004b,Drive,Delivery,pitch.1,439853,-0.0602,-0.314,1.8746,0.6255,-2.2503,-2.324,0.0,0.0
1779988773720,2,12.00000015,Lower Delivery,Delivery,pitch.1,439578,3.4394,-3.0594,50.5297,-59.151,60.949,6.7074,-0.1606,-0.1558
1779988773720,2,12.00000018,Upper Delivery,Delivery,pitch.1,440432,-7.4353,-4.567,93.7651,120.4706,-120.0792,9.1678,0.1705,0.171
1779988773720,2,Pitching Mound.Delivery,,Delivery,pitch.1,439273,-4.0107,-8.0107,144.1674,46.1528,-59.5323,12.6938,0.055,-0.046
1779988773720,2,Pitching Mound.Drive,,Delivery,pitch.1,439853,-0.0602,-0.314,1.8746,0.6255,-2.2503,-2.324,0.0,0.0
1779988773720,2,Pitching Mound.Parent,,Delivery,pitch.1,438893,-4.0709,-8.3247,146.0421,46.7783,-61.7826,10.3698,0.0543,-0.0454
1779988773721,2,11.0000004b,Drive,Delivery,pitch.1,439854,-0.0772,-0.302,1.7342,0.6871,-2.0351,-2.3503,0.0,0.0
1779988773721,2,12.00000015,Lower Delivery,Delivery,pitch.1,439579,3.4114,-2.7903,49.7827,-58.6924,60.3025,6.2639,-0.1613,-0.157
1779988773721,2,12.00000018,Upper Delivery,Delivery,pitch.1,440433,-7.5063,-4.6969,94.106,120.6585,-120.47,9.0143,0.1704,0.1707
1779988773721,2,Pitching Mound.Delivery,,Delivery,pitch.1,439274,-4.067,-7.7563,144.6357,46.6916,-59.521,12.0001,0.0548,-0.0458
1779988773721,2,Pitching Mound.Drive,,Delivery,pitch.1,439854,-0.0772,-0.302,1.7342,0.6871,-2.0351,-2.3503,0.0,0.0
1779988773721,2,Pitching Mound.Parent,,Delivery,pitch.1,438894,-4.1442,-8.0583,146.3699,47.3786,-61.5562,9.6498,0.0541,-0.0453
1779988773722,2,11.0000004b,Drive,Delivery,pitch.1,439855,-0.0483,-0.3173,1.8192,0.6904,-2.4118,-2.3873,0.0,0.0
1779988773722,2,12.00000015,Lower Delivery,Delivery,pitch.1,439580,3.4061,-2.5551,47.3979,-56.9276,58.9632,5.8499,-0.1656,-0.1599
1779988773722,2,12.00000018,Upper Delivery,Delivery,pitch.1,440434,-7.5662,-4.9033,94.2759,120.8442,-120.6696,8.8801,0.1704,0.1706
1779988773722,2,Pitching Mound.Delivery,,Delivery,pitch.1,439275,-4.1548,-7.6936,144.0585,47.0241,-60.3672,11.4116,0.0558,-0.0476
1779988773722,2,Pitching Mound.Drive,,Delivery,pitch.1,439855,-0.0483,-0.3173,1.8192,0.6904,-2.4118,-2.3873,0.0,0.0
1779988773722,2,Pitching Mound.Parent,,Delivery,pitch.1,438895,-4.2031,-8.0109,145.8777,47.7145,-62.7789,9.0243,0.0551,-0.047
1779988773723,2,11.0000004b,Drive,Delivery,pitch.1,439856,-0.0386,-0.3082,1.7741,0.6702,-2.3673,-2.3892,0.0,0.0
1779988773723,2,12.00000015,Lower Delivery,Delivery,pitch.1,439581,3.4092,-2.2928,43.1029,-54.1693,57.2069,5.4204,-0.1767,-0.1673
1779988773723,2,12.00000018,Upper Delivery,Delivery,pitch.1,440435,-7.6165,-5.1392,94.5718,120.855,-120.9775,8.8055,0.1703,0.1701
1779988773723,2,Pitching Mound.Delivery,,Delivery,pitch.1,439276,-4.2104,-7.6943,141.9697,47.8882,-62.0143,10.9078,0.0582,-0.053
1779988773723,2,Pitching Mound.Drive,,Delivery,pitch.1,439856,-0.0386,-0.3082,1.7741,0.6702,-2.3673,-2.3892,0.0,0.0
1779988773723,2,Pitching Mound.Parent,,Delivery,pitch.1,438896,-4.2489,-8.0025,143.7438,48.5584,-64.3816,8.5186,0.0574,-0.0524
1779988773724,2,11.0000004b,Drive,Delivery,pitch.1,439857,-0.022,-0.316,1.7399,0.7206,-2.3627,-2.3743,0.0,0.0
1779988773724,2,12.00000015,Lower Delivery,Delivery,pitch.1,439582,3.3794,-1.9564,40.5535,-53.6983,56.4651,4.9738,-0.1854,-0.1763
1779988773724,2,12.00000018,Upper Delivery,Delivery,pitch.1,440436,-7.6646,-5.3671,94.5481,121.1539,-121.1954,8.6697,0.1706,0.1706
1779988773724,2,Pitching Mound.Delivery,,Delivery,pitch.1,439277,-4.2554,-7.6599,137.651,49.4932,-63.9885,10.325,0.0619,-0.0623
1779988773724,2,Pitching Mound.Drive,,Delivery,pitch.1,439857,-0.022,-0.316,1.7399,0.7206,-2.3627,-2.3743,0.0,0.0
1779988773724,2,Pitching Mound.Parent,,Delivery,pitch.1,438897,-4.2773,-7.9759,139.3909,50.2138,-66.3511,7.9506,0.0611,-0.0615
1779988773725,2,11.0000004b,Drive,Delivery,pitch.1,439858,-0.0255,-0.2992,1.6372,0.6924,-2.5364,-2.3385,0.0,0.0
1779988773725,2,12.00000015,Lower Delivery,Delivery,pitch.1,439583,3.4427,-1.7084,38.7153,-51.7583,54.4147,4.6383,-0.1871,-0.178
1779988773725,2,12.00000018,Upper Delivery,Delivery,pitch.1,440437,-7.6768,-5.633,94.8296,121.5752,-121.4096,8.5798,0.1704,0.1707
1779988773725,2,Pitching Mound.Delivery,,Delivery,pitch.1,439278,-4.2973,-7.5893,135.3831,49.423,-64.9444,9.7945,0.0639,-0.0696
1779988773725,2,Pitching Mound.Drive,,Delivery,pitch.1,439858,-0.0255,-0.2992,1.6372,0.6924,-2.5364,-2.3385,0.0,0.0
1779988773725,2,Pitching Mound.Parent,,Delivery,pitch.1,438898,-4.3229,-7.8886,137.0202,50.1153,-67.4808,7.4559,0.0631,-0.0687
1779988773726,2,11.0000004b,Drive,Delivery,pitch.1,439859,-0.0206,-0.2887,1.5925,0.6781,-2.5868,-2.3569,0.0,0.0
1779988773726,2,12.00000015,Lower Delivery,Delivery,pitch.1,439584,3.4379,-1.5236,37.2058,-50.042,51.5998,4.357,-0.1846,-0.1791
1779988773726,2,12.00000018,Upper Delivery,Delivery,pitch.1,440438,-7.7087,-5.9131,94.9202,121.792,-121.5018,8.5609,0.1704,0.1708
1779988773726,2,Pitching Mound.Delivery,,Delivery,pitch.1,439279,-4.266,-7.6215,133.6355,50.9241,-67.0871,9.4077,0.0668,-0.0732
1779988773726,2,Pitching Mound.Drive,,Delivery,pitch.1,439859,-0.0206,-0.2887,1.5925,0.6781,-2.5868,-2.3569,0.0,0.0
1779988773726,2,Pitching Mound.Parent,,Delivery,pitch.1,438899,-4.2867,-7.9102,135.228,51.6022,-69.6739,7.0508,0.066,-0.0724
1779988773727,2,11.0000004b,Drive,Delivery,pitch.1,439860,-0.0388,-0.2784,1.6506,0.6548,-2.4898,-2.3396,0.0,0.0
1779988773727,2,12.00000015,Lower Delivery,Delivery,pitch.1,439585,3.2757,-1.2836,36.4155,-49.5773,51.5695,3.799,-0.1885,-0.1812
1779988773727,2,12.00000018,Upper Delivery,Delivery,pitch.1,440439,-7.6847,-6.2991,95.431,122.3039,-122.7088,8.2371,0.1712,0.1706
1779988773727,2,Pitching Mound.Delivery,,Delivery,pitch.1,439280,-4.2468,-7.8227,132.6368,52.4653,-71.1091,8.8124,0.0714,-0.0767
1779988773727,2,Pitching Mound.Drive,,Delivery,pitch.1,439860,-0.0388,-0.2784,1.6506,0.6548,-2.4898,-2.3396,0.0,0.0
1779988773727,2,Pitching Mound.Parent,,Delivery,pitch.1,438900,-4.2856,-8.1011,134.2874,53.1201,-73.5989,6.4728,0.0705,-0.0758
1779988773728,2,11.0000004b,Drive,Delivery,pitch.1,439861,-0.0441,-0.287,1.7035,0.6577,-2.4769,-2.3287,0.0,0.0
1779988773728,2,12.00000015,Lower Delivery,Delivery,pitch.1,439586,3.1868,-0.9932,35.3264,-49.1541,51.0875,3.2904,-0.1925,-0.1852
1779988773728,2,12.00000018,Upper Delivery,Delivery,pitch.1,440440,-7.6951,-6.6432,95.9068,122.517,-123.1451,8.2673,0.1709,0.1701
1779988773728,2,Pitching Mound.Delivery,,Delivery,pitch.1,439281,-4.4194,-7.9268,132.3223,52.7126,-71.5757,8.3362,0.072,-0.0795
1779988773728,2,Pitching Mound.Drive,,Delivery,pitch.1,439861,-0.0441,-0.287,1.7035,0.6577,-2.4769,-2.3287,0.0,0.0
1779988773728,2,Pitching Mound.Parent,,Delivery,pitch.1,438901,-4.4635,-8.2138,134.0259,53.3703,-74.0526,6.0076,0.0711,-0.0785
1779988773729,2,11.0000004b,Drive,Delivery,pitch.1,439862,-0.0682,-0.2926,1.7303,0.682,-2.586,-2.324,0.0,0.0
1779988773729,2,12.00000015,Lower Delivery,Delivery,pitch.1,439587,3.185,-0.8847,34.2435,-47.1426,50.3554,3.0968,-0.1958,-0.1833
1779988773729,2,12.00000018,Upper Delivery,Delivery,pitch.1,440441,-7.7221,-6.8976,96.1248,122.7752,-123.6051,8.2386,0.1712,0.17
1779988773729,2,Pitching Mound.Delivery,,Delivery,pitch.1,439282,-4.5353,-7.8908,131.4511,52.9497,-72.5176,7.8199,0.0734,-0.0827
1779988773729,2,Pitching Mound.Drive,,Delivery,pitch.1,439862,-0.0682,-0.2926,1.7303,0.682,-2.586,-2.324,0.0,0.0
1779988773729,2,Pitching Mound.Parent,,Delivery,pitch.1,438902,-4.6035,-8.1834,133.1815,53.6317,-75.1036,5.496,0.0725,-0.0816
1779988773730,2,11.0000004b,Drive,Delivery,pitch.1,439863,-0.0677,-0.3029,1.757,0.7108,-2.5877,-2.3162,0.0,0.0
1779988773730,2,12.00000015,Lower Delivery,Delivery,pitch.1,439588,3.0055,-0.8286,32.7919,-45.9835,47.2179,2.6753,-0.1917,-0.1867
1779988773730,2,12.00000018,Upper Delivery,Delivery,pitch.1,440442,-7.7008,-7.2365,96.3915,122.9418,-124.3871,8.1203,0.1718,0.1698
1779988773730,2,Pitching Mound.Delivery,,Delivery,pitch.1,439283,-4.5157,-8.1212,130.635,54.6689,-74.0317,7.5159,0.0754,-0.0845
1779988773730,2,Pitching Mound.Drive,,Delivery,pitch.1,439863,-0.0677,-0.3029,1.757,0.7108,-2.5877,-2.3162,0.0,0.0
1779988773730,2,Pitching Mound.Parent,,Delivery,pitch.1,438903,-4.5835,-8.4242,132.3921,55.3797,-76.6194,5.1997,0.0744,-0.0834
1779988773731,2,11.0000004b,Drive,Delivery,pitch.1,439864,-0.0679,-0.3117,1.7621,0.7089,-2.5059,-2.3185,0.0,0.0
1779988773731,2,12.00000015,Lower Delivery,Delivery,pitch.1,439589,2.9197,-0.7128,31.4758,-45.0289,47.0377,2.1875,-0.1989,-0.1905
1779988773731,2,12.00000018,Upper Delivery,Delivery,pitch.1,440443,-7.7367,-7.5717,96.7924,122.8449,-124.6916,7.9517,0.1715,0.169
1779988773731,2,Pitching Mound.Delivery,,Delivery,pitch.1,439284,-4.7312,-8.4002,129.5843,55.1012,-77.4737,6.9747,0.0796,-0.089
1779988773731,2,Pitching Mound.Drive,,Delivery,pitch.1,439864,-0.0679,-0.3117,1.7621,0.7089,-2.5059,-2.3185,0.0,0.0
1779988773731,2,Pitching Mound.Parent,,Delivery,pitch.1,438904,-4.7992,-8.7119,131.3463,55.8101,-79.9796,4.6562,0.0785,-0.0878
1779988773732,2,11.0000004b,Drive,Delivery,pitch.1,439865,-0.0565,-0.3071,1.7534,0.7131,-2.4476,-2.2893,0.0,0.0
1779988773732,2,12.00000015,Lower Delivery,Delivery,pitch.1,439590,2.7799,-0.6709,30.2084,-42.5603,44.548,1.8544,-0.1963,-0.1876
1779988773732,2,12.00000018,Upper Delivery,Delivery,pitch.1,440444,-7.7288,-7.6943,96.3576,123.1091,-124.5099,7.8456,0.172,0.1701
1779988773732,2,Pitching Mound.Delivery,,Delivery,pitch.1,439285,-4.8091,-8.4072,127.8334,56.0205,-77.4722,6.4126,0.0807,-0.0913
1779988773732,2,Pitching Mound.Drive,,Delivery,pitch.1,439865,-0.0565,-0.3071,1.7534,0.7131,-2.4476,-2.2893,0.0,0.0
1779988773732,2,Pitching Mound.Parent,,Delivery,pitch.1,438905,-4.8656,-8.7143,129.5868,56.7336,-79.9197,4.1233,0.0796,-0.09
1779988773733,2,11.0000004b,Drive,Delivery,pitch.1,439866,-0.0802,-0.3273,1.9314,0.7367,-2.4943,-2.3065,0.0,0.0
1779988773733,2,12.00000015,Lower Delivery,Delivery,pitch.1,439591,2.5146,-0.5906,29.5634,-43.2692,45.1907,1.3655,-0.2035,-0.1948
1779988773733,2,12.00000018,Upper Delivery,Delivery,pitch.1,440445,-7.8257,-8.0053,97.2395,122.6663,-125.5971,7.6149,0.172,0.1679
1779988773733,2,Pitching Mound.Delivery,,Delivery,pitch.1,439286,-5.0458,-8.6762,127.448,57.3154,-81.0491,5.8634,0.0847,-0.0951
1779988773733,2,Pitching Mound.Drive,,Delivery,pitch.1,439866,-0.0802,-0.3273,1.9314,0.7367,-2.4943,-2.3065,0.0,0.0
1779988773733,2,Pitching Mound.Parent,,Delivery,pitch.1,438906,-5.126,-9.0035,129.3794,58.0521,-83.5433,3.5569,0.0834,-0.0937
1779988773734,2,11.0000004b,Drive,Delivery,pitch.1,439867,-0.0792,-0.333,1.9086,0.7412,-2.5011,-2.3215,0.0,0.0
1779988773734,2,12.00000015,Lower Delivery,Delivery,pitch.1,439592,2.3294,-0.5252,28.5029,-41.9349,44.3956,1.0182,-0.2074,-0.1959
1779988773734,2,12.00000018,Upper Delivery,Delivery,pitch.1,440446,-7.8803,-8.1508,97.4962,123.0012,-126.5561,7.3257,0.1728,0.168
1779988773734,2,Pitching Mound.Delivery,,Delivery,pitch.1,439287,-5.3657,-8.7414,127.0596,56.6349,-81.3654,5.157,0.0853,-0.0982
1779988773734,2,Pitching Mound.Drive,,Delivery,pitch.1,439867,-0.0792,-0.333,1.9086,0.7412,-2.5011,-2.3215,0.0,0.0
1779988773734,2,Pitching Mound.Parent,,Delivery,pitch.1,438907,-5.4449,-9.0744,128.9683,57.3761,-83.8665,2.8355,0.084,-0.0968
1779988773735,2,11.0000004b,Drive,Delivery,pitch.1,439868,-0.0897,-0.3315,1.9309,0.7445,-2.5595,-2.2936,0.0,0.0
1779988773735,2,12.00000015,Lower Delivery,Delivery,pitch.1,439593,2.1519,-0.3732,27.1941,-40.6983,42.4172,0.5965,-0.2077,-0.1992
1779988773735,2,12.00000018,Upper Delivery,Delivery,pitch.1,440447,-7.9076,-8.2049,97.5443,123.6186,-127.1708,7.0439,0.1736,0.1687
1779988773735,2,Pitching Mound.Delivery,,Delivery,pitch.1,439288,-5.5782,-8.7302,126.0472,58.2096,-82.7752,4.5815,0.0874,-0.1
1779988773735,2,Pitching Mound.Drive,,Delivery,pitch.1,439868,-0.0897,-0.3315,1.9309,0.7445,-2.5595,-2.2936,0.0,0.0
1779988773735,2,Pitching Mound.Parent,,Delivery,pitch.1,438908,-5.6679,-9.0617,127.9781,58.9541,-85.3347,2.2879,0.0861,-0.0985
1779988773736,2,11.0000004b,Drive,Delivery,pitch.1,439869,-0.0536,-0.3468,1.8462,0.7664,-2.3499,-2.3456,0.0,0.0
1779988773736,2,12.00000015,Lower Delivery,Delivery,pitch.1,439594,2.0371,-0.1693,26.0086,-40.2331,40.7295,0.2338,-0.2085,-0.2059
1779988773736,2,12.00000018,Upper Delivery,Delivery,pitch.1,440448,-7.9688,-8.3005,98.2248,123.6991,-127.4618,6.9158,0.1728,0.1677
1779988773736,2,Pitching Mound.Delivery,,Delivery,pitch.1,439289,-5.8169,-8.6737,125.4189,58.8503,-85.0446,4.0713,0.0903,-0.1045
1779988773736,2,Pitching Mound.Drive,,Delivery,pitch.1,439869,-0.0536,-0.3468,1.8462,0.7664,-2.3499,-2.3456,0.0,0.0
1779988773736,2,Pitching Mound.Parent,,Delivery,pitch.1,438909,-5.8704,-9.0205,127.2651,59.6168,-87.3945,1.7258,0.089,-0.1029
1779988773737,2,11.0000004b,Drive,Delivery,pitch.1,439870,-0.0723,-0.3561,1.9289,0.799,-2.1709,-2.3401,0.0,0.0
1779988773737,2,12.00000015,Lower Delivery,Delivery,pitch.1,439595,1.7722,0.0305,24.9582,-39.7264,40.1248,-0.3942,-0.214,-0.2119
1779988773737,2,12.00000018,Upper Delivery,Delivery,pitch.1,440449,-8.0556,-8.3709,98.7673,123.8225,-127.634,6.754,0.172,0.1669
1779988773737,2,Pitching Mound.Delivery,,Delivery,pitch.1,439290,-6.0185,-8.5402,124.7759,58.8514,-86.9045,3.5562,0.0927,-0.1091
1779988773737,2,Pitching Mound.Drive,,Delivery,pitch.1,439870,-0.0723,-0.3561,1.9289,0.799,-2.1709,-2.3401,0.0,0.0
1779988773737,2,Pitching Mound.Parent,,Delivery,pitch.1,438910,-6.0908,-8.8963,126.7048,59.6504,-89.0754,1.2161,0.0913,-0.1074
1779988773738,2,11.0000004b,Drive,Delivery,pitch.1,439871,-0.0373,-0.3546,1.7844,0.797,-2.3165,-2.3605,0.0,0.0
1779988773738,2,12.00000015,Lower Delivery,Delivery,pitch.1,439596,1.5836,0.199,24.5953,-40.189,39.9638,-0.6556,-0.2163,-0.2175
1779988773738,2,12.00000018,Upper Delivery,Delivery,pitch.1,440450,-8.0876,-8.4297,98.9442,124.2841,-128.1832,6.5397,0.1725,0.1672
1779988773738,2,Pitching Mound.Delivery,,Delivery,pitch.1,439291,-6.3155,-8.3992,123.9024,59.4024,-88.0584,2.7932,0.0946,-0.1122
1779988773738,2,Pitching Mound.Drive,,Delivery,pitch.1,439871,-0.0373,-0.3546,1.7844,0.797,-2.3165,-2.3605,0.0,0.0
1779988773738,2,Pitching Mound.Parent,,Delivery,pitch.1,438911,-6.3528,-8.7538,125.6868,60.1994,-90.3749,0.4327,0.0933,-0.1106
1779988773739,2,11.0000004b,Drive,Delivery,pitch.1,439872,-0.0446,-0.3721,1.779,0.8203,-2.3027,-2.3762,0.0,0.0
1779988773739,2,12.00000015,Lower Delivery,Delivery,pitch.1,439597,1.4164,0.3476,23.5166,-38.4054,38.2037,-1.2853,-0.2163,-0.2174
1779988773739,2,12.00000018,Upper Delivery,Delivery,pitch.1,440451,-8.1595,-8.5137,99.6093,124.3821,-128.0546,6.3605,0.1711,0.1662
1779988773739,2,Pitching Mound.Delivery,,Delivery,pitch.1,439292,-6.5759,-8.3146,124.2047,58.6883,-88.0908,2.3922,0.0944,-0.1151
1779988773739,2,Pitching Mound.Drive,,Delivery,pitch.1,439872,-0.0446,-0.3721,1.779,0.8203,-2.3027,-2.3762,0.0,0.0
1779988773739,2,Pitching Mound.Parent,,Delivery,pitch.1,438912,-6.6205,-8.6868,125.9836,59.5086,-90.3935,0.016,0.0931,-0.1135
1779988773740,2,11.0000004b,Drive,Delivery,pitch.1,439873,-0.0316,-0.3634,1.7173,0.7951,-2.3454,-2.3577,0.0,0.0
1779988773740,2,12.00000015,Lower Delivery,Delivery,pitch.1,439598,1.261,0.4731,22.9311,-37.352,36.5127,-1.5669,-0.212,-0.2168
1779988773740,2,12.00000018,Upper Delivery,Delivery,pitch.1,440452,-8.1905,-8.5817,100.218,124.4832,-128.0922,6.2094,0.1702,0.1654
1779988773740,2,Pitching Mound.Delivery,,Delivery,pitch.1,439293,-6.7741,-8.2341,123.7346,59.9994,-89.8885,1.6578,0.0967,-0.1181
1779988773740,2,Pitching Mound.Drive,,Delivery,pitch.1,439873,-0.0316,-0.3634,1.7173,0.7951,-2.3454,-2.3577,0.0,0.0
1779988773740,2,Pitching Mound.Parent,,Delivery,pitch.1,438913,-6.8057,-8.5975,125.4519,60.7945,-92.2339,-0.6999,0.0954,-0.1165
1779988773741,2,11.0000004b,Drive,Delivery,pitch.1,439874,-0.0274,-0.3686,1.6824,0.772,-2.1235,-2.374,0.0,0.0
1779988773741,2,12.00000015,Lower Delivery,Delivery,pitch.1,439599,1.1437,0.7841,22.5743,-37.3509,36.8924,-1.9873,-0.2176,-0.2203
1779988773741,2,12.00000018,Upper Delivery,Delivery,pitch.1,440453,-8.2229,-8.6619,100.7504,124.634,-128.1204,6.0051,0.1693,0.1647
1779988773741,2,Pitching Mound.Delivery,,Delivery,pitch.1,439294,-6.9619,-8.1888,123.6815,60.8235,-91.6076,1.2137,0.0986,-0.12
1779988773741,2,Pitching Mound.Drive,,Delivery,pitch.1,439874,-0.0274,-0.3686,1.6824,0.772,-2.1235,-2.374,0.0,0.0
1779988773741,2,Pitching Mound.Parent,,Delivery,pitch.1,438914,-6.9893,-8.5574,125.3638,61.5954,-93.7311,-1.1602,0.0973,-0.1184
1779988773742,2,11.0000004b,Drive,Delivery,pitch.1,439875,-0.0355,-0.363,1.7029,0.7443,-2.4462,-2.3658,0.0,0.0
1779988773742,2,12.00000015,Lower Delivery,Delivery,pitch.1,439600,1.0335,1.0438,21.6787,-35.7325,34.6413,-2.409,-0.2127,-0.2194
1779988773742,2,12.00000018,Upper Delivery,Delivery,pitch.1,440454,-8.2522,-8.7223,101.176,124.9329,-128.2817,5.8365,0.1688,0.1644
1779988773742,2,Pitching Mound.Delivery,,Delivery,pitch.1,439295,-7.1085,-7.9383,123.7503,60.8575,-91.3893,0.6546,0.0983,-0.1217
1779988773742,2,Pitching Mound.Drive,,Delivery,pitch.1,439875,-0.0355,-0.363,1.7029,0.7443,-2.4462,-2.3658,0.0,0.0
1779988773742,2,Pitching Mound.Parent,,Delivery,pitch.1,438915,-7.144,-8.3012,125.4532,61.6018,-93.8355,-1.7111,0.097,-0.1201
1779988773743,2,11.0000004b,Drive,Delivery,pitch.1,439876,-0.0408,-0.4048,1.6669,0.74,-2.3415,-2.3798,0.0,0.0
1779988773743,2,12.00000015,Lower Delivery,Delivery,pitch.1,439601,0.8972,1.2309,21.4927,-34.3626,33.0834,-2.7514,-0.2049,-0.2128
1779988773743,2,12.00000018,Upper Delivery,Delivery,pitch.1,440455,-8.2429,-8.7991,101.3454,125.3708,-128.1163,5.6957,0.1683,0.1647
1779988773743,2,Pitching Mound.Delivery,,Delivery,pitch.1,439296,-7.2094,-7.7553,123.0241,62.5516,-93.475,0.1327,0.1012,-0.1232
1779988773743,2,Pitching Mound.Drive,,Delivery,pitch.1,439876,-0.0408,-0.4048,1.6669,0.74,-2.3415,-2.3798,0.0,0.0
1779988773743,2,Pitching Mound.Parent,,Delivery,pitch.1,438916,-7.2503,-8.1601,124.691,63.2916,-95.8165,-2.2471,0.0998,-0.1215
1779988773744,2,11.0000004b,Drive,Delivery,pitch.1,439877,-0.0278,-0.3883,1.6625,0.7246,-2.3632,-2.3618,0.0,0.0
1779988773744,2,12.00000015,Lower Delivery,Delivery,pitch.1,439602,0.835,1.4275,21.4442,-34.497,31.8753,-3.0023,-0.1979,-0.2142
1779988773744,2,12.00000018,Upper Delivery,Delivery,pitch.1,440456,-8.268,-8.8858,101.4992,125.4725,-128.3217,5.5069,0.1683,0.1646
1779988773744,2,Pitching Mound.Delivery,,Delivery,pitch.1,439297,-7.3708,-7.6549,122.9919,63.9077,-95.2384,-0.3606,0.1031,-0.1226
1779988773744,2,Pitching Mound.Drive,,Delivery,pitch.1,439877,-0.0278,-0.3883,1.6625,0.7246,-2.3632,-2.3618,0.0,0.0
1779988773744,2,Pitching Mound.Parent,,Delivery,pitch.1,438917,-7.3987,-8.0431,124.6545,64.6322,-97.6015,-2.7225,0.1017,-0.1209
1779988773745,2,11.0000004b,Drive,Delivery,pitch.1,439878,-0.0126,-0.3905,1.6142,0.7085,-2.5272,-2.3608,0.0,0.0
1779988773745,2,12.00000015,Lower Delivery,Delivery,pitch.1,439603,0.7515,1.5675,20.4926,-32.1802,30.7402,-3.2055,-0.1997,-0.2091
1779988773745,2,12.00000018,Upper Delivery,Delivery,pitch.1,440457,-8.2372,-9.0041,101.6787,125.6544,-128.3139,5.375,0.168,0.1645
1779988773745,2,Pitching Mound.Delivery,,Delivery,pitch.1,439298,-7.4022,-7.5766,123.1229,63.8776,-96.4387,-0.7119,0.1043,-0.123
1779988773745,2,Pitching Mound.Drive,,Delivery,pitch.1,439878,-0.0126,-0.3905,1.6142,0.7085,-2.5272,-2.3608,0.0,0.0
1779988773745,2,Pitching Mound.Parent,,Delivery,pitch.1,438918,-7.4147,-7.9671,124.7371,64.5861,-98.9658,-3.0727,0.1029,-0.1214
1779988773746,2,11.0000004b,Drive,Delivery,pitch.1,439879,-0.0081,-0.3746,1.601,0.7199,-2.6073,-2.4,0.0,0.0
1779988773746,2,12.00000015,Lower Delivery,Delivery,pitch.1,439604,0.6564,1.7205,20.7027,-32.1412,30.0022,-3.408,-0.1929,-0.2067
1779988773746,2,12.00000018,Upper Delivery,Delivery,pitch.1,440458,-8.1796,-9.1289,101.6232,125.6892,-128.5218,5.2956,0.1684,0.1647
1779988773746,2,Pitching Mound.Delivery,,Delivery,pitch.1,439299,-7.4281,-7.5615,122.1158,65.9246,-97.7816,-0.9465,0.1066,-0.1239
1779988773746,2,Pitching Mound.Drive,,Delivery,pitch.1,439879,-0.0081,-0.3746,1.601,0.7199,-2.6073,-2.4,0.0,0.0
1779988773746,2,Pitching Mound.Parent,,Delivery,pitch.1,438919,-7.4362,-7.936,123.7167,66.6445,-100.3889,-3.3465,0.1052,-0.1223
1779988773747,2,11.0000004b,Drive,Delivery,pitch.1,439880,-0.0014,-0.369,1.554,0.6822,-2.6569,-2.3724,0.0,0.0
1779988773747,2,12.00000015,Lower Delivery,Delivery,pitch.1,439605,0.6836,1.9022,20.0314,-29.8098,28.0131,-3.6356,-0.1862,-0.1981
1779988773747,2,12.00000018,Upper Delivery,Delivery,pitch.1,440459,-8.1546,-9.2539,101.7729,126.0253,-128.5769,5.1406,0.1682,0.1649
1779988773747,2,Pitching Mound.Delivery,,Delivery,pitch.1,439300,-7.4982,-7.5335,122.4756,66.3202,-98.5748,-1.2632,0.1071,-0.123
1779988773747,2,Pitching Mound.Drive,,Delivery,pitch.1,439880,-0.0014,-0.369,1.554,0.6822,-2.6569,-2.3724,0.0,0.0
1779988773747,2,Pitching Mound.Parent,,Delivery,pitch.1,438920,-7.4997,-7.9025,124.0296,67.0024,-101.2317,-3.6355,0.1058,-0.1215
1779988773748,2,11.0000004b,Drive,Delivery,pitch.1,439881,-0.0005,-0.352,1.5702,0.6778,-2.8356,-2.3929,0.0,0.0
1779988773748,2,12.00000015,Lower Delivery,Delivery,pitch.1,439606,0.7086,2.0906,20.1609,-29.4491,27.063,-3.8431,-0.1787,-0.1945
1779988773748,2,12.00000018,Upper Delivery,Delivery,pitch.1,440460,-8.1115,-9.3607,101.6177,126.1676,-128.8556,4.9832,0.1688,0.1653
1779988773748,2,Pitching Mound.Delivery,,Delivery,pitch.1,439301,-7.4279,-7.4585,121.6491,68.6185,-100.8425,-1.6426,0.1104,-0.1226
1779988773748,2,Pitching Mound.Drive,,Delivery,pitch.1,439881,-0.0005,-0.352,1.5702,0.6778,-2.8356,-2.3929,0.0,0.0
1779988773748,2,Pitching Mound.Parent,,Delivery,pitch.1,438921,-7.4284,-7.8105,123.2193,69.2963,-103.678,-4.0356,0.109,-0.121
1779988773749,2,11.0000004b,Drive,Delivery,pitch.1,439882,-0.0114,-0.3572,1.5942,0.6837,-2.8163,-2.381,0.0,0.0
1779988773749,2,12.00000015,Lower Delivery,Delivery,pitch.1,439607,0.7236,2.2283,19.7315,-27.238,25.8549,-3.9841,-0.1744,-0.1838
1779988773749,2,12.00000018,Upper Delivery,Delivery,pitch.1,440461,-8.0702,-9.4467,101.3254,126.2123,-128.9047,4.8397,0.1694,0.1658
1779988773749,2,Pitching Mound.Delivery,,Delivery,pitch.1,439302,-7.3617,-7.3562,121.4862,69.1672,-101.8417,-1.9882,0.1116,-0.1211
1779988773749,2,Pitching Mound.Drive,,Delivery,pitch.1,439882,-0.0114,-0.3572,1.5942,0.6837,-2.8163,-2.381,0.0,0.0
1779988773749,2,Pitching Mound.Parent,,Delivery,pitch.1,438922,-7.3731,-7.7134,123.0804,69.851,-104.658,-4.3693,0.1102,-0.1195
1779988773750,2,11.0000004b,Drive,Delivery,pitch.1,439883,-0.0134,-0.3636,1.6524,0.7025,-2.7521,-2.3817,0.0,0.0
1779988773750,2,12.00000015,Lower Delivery,Delivery,pitch.1,439608,0.731,2.3725,19.5216,-26.5766,24.7591,-4.1381,-0.1688,-0.1812
1779988773750,2,12.00000018,Upper Delivery,Delivery,pitch.1,440462,-8.0475,-9.5775,101.4956,126.2897,-128.8598,4.6317,0.169,0.1656
1779988773750,2,Pitching Mound.Delivery,,Delivery,pitch.1,439303,-7.3239,-7.3492,121.2271,71.252,-103.005,-2.3346,0.1131,-0.1205
1779988773750,2,Pitching Mound.Drive,,Delivery,pitch.1,439883,-0.0134,-0.3636,1.6524,0.7025,-2.7521,-2.3817,0.0,0.0
1779988773750,2,Pitching Mound.Parent,,Delivery,pitch.1,438923,-7.3373,-7.7128,122.8796,71.9545,-105.757,-4.7163,0.1116,-0.1189
1779988773751,2,11.0000004b,Drive,Delivery,pitch.1,439884,-0.0135,-0.3636,1.676,0.7247,-2.572,-2.396,0.0,0.0
1779988773751,2,12.00000015,Lower Delivery,Delivery,pitch.1,439609,0.738,2.4904,19.0479,-26.2871,23.6856,-4.3965,-0.1655,-0.1837
1779988773751,2,12.00000018,Upper Delivery,Delivery,pitch.1,440463,-8.0309,-9.6778,101.2605,126.1202,-129.0691,4.5369,0.1697,0.1658
1779988773751,2,Pitching Mound.Delivery,,Delivery,pitch.1,439304,-7.3,-7.3053,120.7821,71.7524,-104.31,-2.5803,0.115,-0.1204
1779988773751,2,Pitching Mound.Drive,,Delivery,pitch.1,439884,-0.0135,-0.3636,1.676,0.7247,-2.572,-2.396,0.0,0.0
1779988773751,2,Pitching Mound.Parent,,Delivery,pitch.1,438924,-7.3135,-7.6688,122.4581,72.4771,-106.882,-4.9763,0.1134,-0.1187
1779988773752,2,11.0000004b,Drive,Delivery,pitch.1,439885,-0.0275,-0.3815,1.7446,0.7618,-2.5013,-2.4128,0.0,0.0
1779988773752,2,12.00000015,Lower Delivery,Delivery,pitch.1,439610,0.8178,2.5802,18.6103,-24.0306,22.7654,-4.4875,-0.1629,-0.1719
1779988773752,2,12.00000018,Upper Delivery,Delivery,pitch.1,440464,-8.0266,-9.7924,101.125,125.7374,-129.395,4.4601,0.1703,0.1655
1779988773752,2,Pitching Mound.Delivery,,Delivery,pitch.1,439305,-7.2886,-7.302,120.1729,71.5442,-105.7094,-2.9164,0.1171,-0.122
1779988773752,2,Pitching Mound.Drive,,Delivery,pitch.1,439885,-0.0275,-0.3815,1.7446,0.7618,-2.5013,-2.4128,0.0,0.0
1779988773752,2,Pitching Mound.Parent,,Delivery,pitch.1,438925,-7.316,-7.6835,121.9175,72.306,-108.2107,-5.3292,0.1154,-0.1203
1779988773753,2,11.0000004b,Drive,Delivery,pitch.1,439886,-0.0399,-0.3555,1.7583,0.765,-2.8283,-2.4333,0.0,0.0
1779988773753,2,12.00000015,Lower Delivery,Delivery,pitch.1,439611,0.9178,2.6599,17.8695,-22.4119,21.2639,-4.6709,-0.1584,-0.167
1779988773753,2,12.00000018,Upper Delivery,Delivery,pitch.1,440465,-8.0626,-9.9152,101.1555,125.6962,-129.3786,4.3174,0.1703,0.1654
1779988773753,2,Pitching Mound.Delivery,,Delivery,pitch.1,439306,-7.2448,-7.335,119.7658,73.6003,-106.6132,-3.1895,0.1185,-0.1213
1779988773753,2,Pitching Mound.Drive,,Delivery,pitch.1,439886,-0.0399,-0.3555,1.7583,0.765,-2.8283,-2.4333,0.0,0.0
1779988773753,2,Pitching Mound.Parent,,Delivery,pitch.1,438926,-7.2848,-7.6905,121.5241,74.3653,-109.4415,-5.6228,0.1168,-0.1196
1779988773754,2,11.0000004b,Drive,Delivery,pitch.1,439887,-0.0416,-0.3602,1.7498,0.7805,-2.6375,-2.4484,0.0,0.0
1779988773754,2,12.00000015,Lower Delivery,Delivery,pitch.1,439612,0.8834,2.7252,17.0606,-21.6803,20.5087,-4.848,-0.16,-0.1692
1779988773754,2,12.00000018,Upper Delivery,Delivery,pitch.1,440466,-8.1005,-10.0193,101.1373,125.4306,-129.6676,4.1935,0.1707,0.1651
1779988773754,2,Pitching Mound.Delivery,,Delivery,pitch.1,439307,-7.1826,-7.3595,119.0067,74.7076,-108.4038,-3.5436,0.1213,-0.1227
1779988773754,2,Pitching Mound.Drive,,Delivery,pitch.1,439887,-0.0416,-0.3602,1.7498,0.7805,-2.6375,-2.4484,0.0,0.0
1779988773754,2,Pitching Mound.Parent,,Delivery,pitch.1,438927,-7.2243,-7.7197,120.7566,75.4881,-111.0413,-5.9921,0.1195,-0.1209
1779988773755,2,11.0000004b,Drive,Delivery,pitch.1,439888,-0.049,-0.3649,1.7364,0.7648,-2.5726,-2.4119,0.0,0.0
1779988773755,2,12.00000015,Lower Delivery,Delivery,pitch.1,439613,0.8175,2.7583,16.6179,-21.4585,20.0698,-4.9202,-0.1608,-0.1719
1779988773755,2,12.00000018,Upper Delivery,Delivery,pitch.1,440467,-8.1506,-10.1353,101.1455,125.4469,-129.7785,4.1597,0.1708,0.1651
1779988773755,2,Pitching Mound.Delivery,,Delivery,pitch.1,439308,-7.2672,-7.4101,118.2061,75.1777,-109.2697,-3.7599,0.1231,-0.125
1779988773755,2,Pitching Mound.Drive,,Delivery,pitch.1,439888,-0.049,-0.3649,1.7364,0.7648,-2.5726,-2.4119,0.0,0.0
1779988773755,2,Pitching Mound.Parent,,Delivery,pitch.1,438928,-7.3162,-7.775,119.9425,75.9425,-111.8423,-6.1718,0.1213,-0.1232
1779988773756,2,11.0000004b,Drive,Delivery,pitch.1,439889,-0.0711,-0.3529,1.8193,0.7473,-2.5528,-2.4251,0.0,0.0
1779988773756,2,11.0000004b,Drive,Delivery,pitch.1,439890,-0.0902,-0.3776,1.9154,0.7563,-2.2644,-2.4249,0.0,0.0
1779988773756,2,12.00000015,Lower Delivery,Delivery,pitch.1,439614,0.6891,2.7775,15.128,-19.4511,18.5832,-5.1379,-0.1635,-0.1712
1779988773756,2,12.00000018,Upper Delivery,Delivery,pitch.1,440468,-8.1966,-10.2433,101.2742,125.3405,-130.0755,4.0318,0.171,0.1648
1779988773756,2,12.00000018,Upper Delivery,Delivery,pitch.1,440469,-8.2849,-10.3406,101.4951,125.2704,-130.0522,3.8862,0.1706,0.1643
1779988773756,2,Pitching Mound.Delivery,,Delivery,pitch.1,439309,-7.3791,-7.485,117.8921,75.0988,-110.0057,-3.9532,0.1242,-0.1268
1779988773756,2,Pitching Mound.Delivery,,Delivery,pitch.1,439310,-7.5958,-7.5631,116.6232,76.4545,-111.4689,-4.3029,0.1272,-0.131
1779988773756,2,Pitching Mound.Drive,,Delivery,pitch.1,439889,-0.0711,-0.3529,1.8193,0.7473,-2.5528,-2.4251,0.0,0.0
1779988773756,2,Pitching Mound.Drive,,Delivery,pitch.1,439890,-0.0902,-0.3776,1.9154,0.7563,-2.2644,-2.4249,0.0,0.0
1779988773756,2,Pitching Mound.Parent,,Delivery,pitch.1,438929,-7.4503,-7.8379,119.7114,75.8461,-112.5586,-6.3784,0.1223,-0.1249
1779988773756,2,Pitching Mound.Parent,,Delivery,pitch.1,438930,-7.6861,-7.9407,118.5385,77.2109,-113.7333,-6.7278,0.1252,-0.1289
1779988773757,2,12.00000015,Lower Delivery,Delivery,pitch.1,439615,0.5655,2.8103,14.0497,-18.4644,17.2296,-5.2971,-0.1633,-0.175
1779988773758,2,11.0000004b,Drive,Delivery,pitch.1,439891,-0.0988,-0.3733,1.8604,0.7544,-2.1303,-2.4205,0.0,0.0
1779988773758,2,12.00000015,Lower Delivery,Delivery,pitch.1,439616,0.5573,2.7902,13.9866,-19.4147,17.1335,-5.4555,-0.1631,-0.1848
1779988773758,2,12.00000018,Upper Delivery,Delivery,pitch.1,440470,-8.3608,-10.44,101.8625,125.0762,-130.427,3.8708,0.1705,0.1635
1779988773758,2,12.00000018,Upper Delivery,Delivery,pitch.1,440471,-8.4438,-10.5286,102.239,124.8203,-130.7005,3.742,0.1702,0.1625
1779988773758,2,Pitching Mound.Delivery,,Delivery,pitch.1,439311,-7.7954,-7.6297,115.9122,76.7554,-113.1974,-4.4612,0.13,-0.1351
1779988773758,2,Pitching Mound.Delivery,,Delivery,pitch.1,439312,-7.8864,-7.7384,116.2256,75.3998,-113.567,-4.7738,0.1301,-0.1374
1779988773758,2,Pitching Mound.Drive,,Delivery,pitch.1,439891,-0.0988,-0.3733,1.8604,0.7544,-2.1303,-2.4205,0.0,0.0
1779988773758,2,Pitching Mound.Parent,,Delivery,pitch.1,438931,-7.8941,-8.0031,117.7726,77.5097,-115.3277,-6.8817,0.128,-0.133
1779988773759,2,11.0000004b,Drive,Delivery,pitch.1,439893,-0.0959,-0.3557,1.7929,0.7343,-2.0497,-2.419,0.0,0.0
1779988773759,2,11.0000004b,Drive,Delivery,pitch.1,439892,-0.0958,-0.3814,1.8227,0.7531,-2.0092,-2.4051,0.0,0.0
1779988773759,2,12.00000015,Lower Delivery,Delivery,pitch.1,439617,0.4079,2.8089,10.8551,-16.7114,13.7656,-5.4719,-0.1688,-0.2049
1779988773759,2,12.00000018,Upper Delivery,Delivery,pitch.1,440472,-8.5022,-10.5968,102.5615,124.7183,-130.9881,3.6653,0.17,0.1619
1779988773759,2,Pitching Mound.Delivery,,Delivery,pitch.1,439313,-8.0943,-7.7879,113.4166,76.8266,-117.2225,-4.8361,0.1376,-0.1481
1779988773759,2,Pitching Mound.Drive,,Delivery,pitch.1,439893,-0.0959,-0.3557,1.7929,0.7343,-2.0497,-2.419,0.0,0.0
1779988773759,2,Pitching Mound.Drive,,Delivery,pitch.1,439892,-0.0958,-0.3814,1.8227,0.7531,-2.0092,-2.4051,0.0,0.0
1779988773759,2,Pitching Mound.Parent,,Delivery,pitch.1,438933,-8.1902,-8.1437,115.2095,77.5609,-119.2723,-7.2551,0.1355,-0.1458
1779988773759,2,Pitching Mound.Parent,,Delivery,pitch.1,438932,-7.9823,-8.1197,118.0483,76.1529,-115.5762,-7.1789,0.1281,-0.1353
1779988773760,2,12.00000015,Lower Delivery,Delivery,pitch.1,439618,0.2535,2.8421,9.963,-16.4164,12.4046,-5.7212,-0.1658,-0.2194
1779988773760,2,12.00000018,Upper Delivery,Delivery,pitch.1,440473,-8.5929,-10.6198,102.5264,124.5015,-131.449,3.6107,0.1707,0.1617
1779988773760,2,Pitching Mound.Delivery,,Delivery,pitch.1,439314,-8.3394,-7.7777,112.4894,76.6136,-119.0444,-5.1182,0.1409,-0.1519
1779988773761,2,11.0000004b,Drive,Delivery,pitch.1,439894,-0.0916,-0.3674,1.7552,0.7645,-2.1356,-2.4074,0.0,0.0
1779988773761,2,12.00000015,Lower Delivery,Delivery,pitch.1,439619,0.1682,2.862,9.3324,-17.1432,11.582,-5.969,-0.1652,-0.2445
1779988773761,2,12.00000018,Upper Delivery,Delivery,pitch.1,440474,-8.6495,-10.6746,103.1573,124.5216,-131.4707,3.513,0.1697,0.1607
1779988773761,2,Pitching Mound.Delivery,,Delivery,pitch.1,439315,-8.4813,-7.8126,112.4897,75.4779,-119.8887,-5.454,0.1419,-0.1565
1779988773761,2,Pitching Mound.Drive,,Delivery,pitch.1,439894,-0.0916,-0.3674,1.7552,0.7645,-2.1356,-2.4074,0.0,0.0
1779988773761,2,Pitching Mound.Parent,,Delivery,pitch.1,438934,-8.4311,-8.1451,114.2446,77.3781,-121.1801,-7.5256,0.1387,-0.1495
1779988773762,2,11.0000004b,Drive,Delivery,pitch.1,439895,-0.0967,-0.375,1.7165,0.7855,-2.1262,-2.4226,0.0,0.0
1779988773762,2,12.00000015,Lower Delivery,Delivery,pitch.1,439620,0.08,2.9762,7.8773,-16.3519,10.441,-6.1207,-0.1765,-0.2763
1779988773762,2,12.00000018,Upper Delivery,Delivery,pitch.1,440475,-8.7236,-10.6614,103.329,124.3961,-131.7911,3.4331,0.1698,0.1603
1779988773762,2,Pitching Mound.Delivery,,Delivery,pitch.1,439316,-8.6436,-7.6853,111.2063,75.5907,-121.3502,-5.6809,0.1453,-0.1625
1779988773762,2,Pitching Mound.Drive,,Delivery,pitch.1,439895,-0.0967,-0.375,1.7165,0.7855,-2.1262,-2.4226,0.0,0.0
1779988773762,2,Pitching Mound.Parent,,Delivery,pitch.1,438935,-8.578,-8.1876,114.2062,76.2634,-122.0149,-7.8766,0.1398,-0.1542
1779988773763,2,11.0000004b,Drive,Delivery,pitch.1,439896,-0.0917,-0.3846,1.732,0.785,-1.9907,-2.4048,0.0,0.0
1779988773763,2,12.00000015,Lower Delivery,Delivery,pitch.1,439621,-0.0687,3.0421,7.6049,-14.8574,9.7012,-6.5123,-0.1698,-0.2601
1779988773763,2,Pitching Mound.Drive,,Delivery,pitch.1,439896,-0.0917,-0.3846,1.732,0.785,-1.9907,-2.4048,0.0,0.0
1779988773763,2,Pitching Mound.Parent,,Delivery,pitch.1,438936,-8.7353,-8.0699,112.9383,76.3757,-123.3409,-8.0857,0.143,-0.16
1779988773764,2,11.0000004b,Drive,Delivery,pitch.1,439897,-0.09,-0.3863,1.7198,0.7759,-1.8101,-2.4255,0.0,0.0
1779988773764,2,11.0000004b,Drive,Delivery,pitch.1,439898,-0.0945,-0.3927,1.7532,0.7743,-2.0365,-2.4316,0.0,0.0
1779988773764,2,12.00000015,Lower Delivery,Delivery,pitch.1,439622,-0.2374,3.171,8.4725,-14.7885,9.8009,-6.7398,-0.154,-0.2324
1779988773764,2,12.00000018,Upper Delivery,Delivery,pitch.1,440476,-8.7607,-10.6594,103.5616,124.3458,-132.2108,3.4206,0.17,0.1598
1779988773764,2,Pitching Mound.Delivery,,Delivery,pitch.1,439317,-8.8294,-7.6173,111.1665,76.8631,-122.5096,-6.0469,0.1467,-0.1624
1779988773764,2,Pitching Mound.Drive,,Delivery,pitch.1,439897,-0.09,-0.3863,1.7198,0.7759,-1.8101,-2.4255,0.0,0.0
1779988773764,2,Pitching Mound.Drive,,Delivery,pitch.1,439898,-0.0945,-0.3927,1.7532,0.7743,-2.0365,-2.4316,0.0,0.0
1779988773764,2,Pitching Mound.Parent,,Delivery,pitch.1,438937,-8.9194,-8.0037,112.8864,77.639,-124.3197,-8.4724,0.1445,-0.1599
1779988773765,2,11.0000004b,Drive,Delivery,pitch.1,439899,-0.0822,-0.3794,1.8213,0.7635,-1.9602,-2.4312,0.0,0.0
1779988773765,2,12.00000015,Lower Delivery,Delivery,pitch.1,439623,-0.2681,3.2323,8.0302,-12.9335,8.2735,-6.8867,-0.1372,-0.2144
1779988773765,2,12.00000018,Upper Delivery,Delivery,pitch.1,440477,-8.817,-10.6156,103.8088,124.3259,-132.1947,3.3624,0.1695,0.1594
1779988773765,2,Pitching Mound.Delivery,,Delivery,pitch.1,439318,-9.0544,-7.4446,112.2813,77.1231,-122.3938,-6.2944,0.1451,-0.1588
1779988773765,2,Pitching Mound.Drive,,Delivery,pitch.1,439899,-0.0822,-0.3794,1.8213,0.7635,-1.9602,-2.4312,0.0,0.0
1779988773765,2,Pitching Mound.Parent,,Delivery,pitch.1,438938,-9.149,-7.8374,114.0345,77.8974,-124.4303,-8.726,0.1429,-0.1564
1779988773766,2,11.0000004b,Drive,Delivery,pitch.1,439900,-0.0847,-0.3496,1.8,0.7436,-2.0466,-2.3958,0.0,0.0
1779988773766,2,12.00000015,Lower Delivery,Delivery,pitch.1,439624,-0.3411,3.2978,7.6067,-12.3455,7.6504,-7.0026,-0.1339,-0.2161
1779988773766,2,12.00000018,Upper Delivery,Delivery,pitch.1,440478,-8.8795,-10.6008,103.9417,124.2119,-132.3518,3.2952,0.1695,0.1591
1779988773766,2,12.00000018,Upper Delivery,Delivery,pitch.1,440479,-8.9258,-10.5482,104.1717,124.3571,-132.3324,3.2876,0.1691,0.1589
1779988773766,2,Pitching Mound.Delivery,,Delivery,pitch.1,439319,-9.1476,-7.3686,111.9719,78.6685,-124.0784,-6.5193,0.1475,-0.1589
1779988773766,2,Pitching Mound.Delivery,,Delivery,pitch.1,439320,-9.2668,-7.2504,111.7783,79.1795,-124.682,-6.6337,0.1485,-0.1603
1779988773766,2,Pitching Mound.Drive,,Delivery,pitch.1,439900,-0.0847,-0.3496,1.8,0.7436,-2.0466,-2.3958,0.0,0.0
1779988773766,2,Pitching Mound.Parent,,Delivery,pitch.1,438939,-9.2299,-7.7479,113.7932,79.432,-126.0385,-8.9506,0.1452,-0.1564
1779988773766,2,Pitching Mound.Parent,,Delivery,pitch.1,438940,-9.3516,-7.6,113.5784,79.9231,-126.7285,-9.0295,0.1461,-0.1578
1779988773767,2,11.0000004b,Drive,Delivery,pitch.1,439901,-0.0895,-0.3418,1.8444,0.7519,-2.2172,-2.4127,0.0,0.0
1779988773767,2,12.00000015,Lower Delivery,Delivery,pitch.1,439625,-0.4282,3.5121,7.9727,-10.4631,7.2411,-7.1808,-0.1209,-0.1747
1779988773767,2,Pitching Mound.Drive,,Delivery,pitch.1,439901,-0.0895,-0.3418,1.8444,0.7519,-2.2172,-2.4127,0.0,0.0
1779988773768,2,11.0000004b,Drive,Delivery,pitch.1,439902,-0.124,-0.3351,1.9766,0.7399,-2.138,-2.3733,0.0,0.0
1779988773768,2,12.00000015,Lower Delivery,Delivery,pitch.1,439626,-0.432,3.5814,7.4109,-9.5432,6.5239,-7.2698,-0.1172,-0.1714
1779988773768,2,12.00000018,Upper Delivery,Delivery,pitch.1,440480,-8.9623,-10.4978,104.2425,124.2738,-132.3027,3.2728,0.169,0.1587
1779988773768,2,Pitching Mound.Delivery,,Delivery,pitch.1,439321,-9.3904,-6.9858,112.2152,81.0789,-125.0616,-6.8096,0.1484,-0.1567
1779988773768,2,Pitching Mound.Drive,,Delivery,pitch.1,439902,-0.124,-0.3351,1.9766,0.7399,-2.138,-2.3733,0.0,0.0
1779988773768,2,Pitching Mound.Parent,,Delivery,pitch.1,438941,-9.48,-7.3276,114.0596,81.8308,-127.2788,-9.2223,0.146,-0.1541
1779988773769,2,11.0000004b,Drive,Delivery,pitch.1,439903,-0.1156,-0.3395,2.0199,0.7287,-2.3636,-2.3947,0.0,0.0
1779988773769,2,12.00000015,Lower Delivery,Delivery,pitch.1,439627,-0.4706,3.6015,7.1177,-9.4142,6.0484,-7.1726,-0.1131,-0.1761
1779988773769,2,12.00000018,Upper Delivery,Delivery,pitch.1,440481,-9.0315,-10.4736,104.5827,124.0889,-132.2748,3.285,0.1684,0.158
1779988773769,2,Pitching Mound.Delivery,,Delivery,pitch.1,439322,-9.4635,-6.8923,111.9936,81.5073,-125.7509,-6.9087,0.1495,-0.1588
1779988773769,2,Pitching Mound.Drive,,Delivery,pitch.1,439903,-0.1156,-0.3395,2.0199,0.7287,-2.3636,-2.3947,0.0,0.0
1779988773769,2,Pitching Mound.Parent,,Delivery,pitch.1,438942,-9.5875,-7.2273,113.9702,82.2472,-127.889,-9.282,0.1469,-0.1561
1779988773770,2,11.0000004b,Drive,Delivery,pitch.1,439904,-0.1197,-0.3253,2.0287,0.7194,-2.2867,-2.3887,0.0,0.0
1779988773770,2,12.00000015,Lower Delivery,Delivery,pitch.1,439628,-0.4648,3.5619,6.3843,-8.0554,5.1751,-7.0524,-0.1079,-0.168
1779988773770,2,12.00000018,Upper Delivery,Delivery,pitch.1,440482,-9.0693,-10.4166,104.7468,124.3327,-132.1539,3.3368,0.168,0.158
1779988773770,2,Pitching Mound.Delivery,,Delivery,pitch.1,439323,-9.5398,-6.8151,111.8645,81.7247,-126.1056,-6.7594,0.1501,-0.16
1779988773770,2,Pitching Mound.Drive,,Delivery,pitch.1,439904,-0.1197,-0.3253,2.0287,0.7194,-2.2867,-2.3887,0.0,0.0
1779988773770,2,Pitching Mound.Parent,,Delivery,pitch.1,438943,-9.6554,-7.1546,113.8844,82.4534,-128.4692,-9.1541,0.1474,-0.1571
1779988773771,2,11.0000004b,Drive,Delivery,pitch.1,439905,-0.1161,-0.3273,2.0403,0.7121,-2.3576,-2.3881,0.0,0.0
1779988773771,2,12.00000015,Lower Delivery,Delivery,pitch.1,439629,-0.4788,3.534,5.8674,-7.6672,4.3539,-6.9935,-0.0988,-0.174
1779988773771,2,12.00000018,Upper Delivery,Delivery,pitch.1,440483,-9.1203,-10.335,105.0657,124.4116,-132.0402,3.3044,0.1673,0.1576
1779988773771,2,Pitching Mound.Delivery,,Delivery,pitch.1,439324,-9.5851,-6.7731,111.4499,82.8044,-126.8651,-6.6909,0.1515,-0.1621
1779988773771,2,Pitching Mound.Drive,,Delivery,pitch.1,439905,-0.1161,-0.3273,2.0403,0.7121,-2.3576,-2.3881,0.0,0.0
1779988773771,2,Pitching Mound.Parent,,Delivery,pitch.1,438944,-9.7048,-7.0984,113.4786,83.5238,-129.1518,-9.0796,0.1488,-0.1592
1779988773772,2,11.0000004b,Drive,Delivery,pitch.1,439906,-0.107,-0.3203,2.0479,0.7785,-2.2974,-2.3648,0.0,0.0
1779988773772,2,12.00000015,Lower Delivery,Delivery,pitch.1,439630,-0.5292,3.461,5.2939,-7.0059,3.8482,-6.8134,-0.0968,-0.1762
1779988773772,2,12.00000018,Upper Delivery,Delivery,pitch.1,440484,-9.1746,-10.264,105.3606,124.2639,-132.2053,3.4018,0.167,0.157
1779988773772,2,12.00000018,Upper Delivery,Delivery,pitch.1,440485,-9.2484,-10.1894,105.5746,124.2378,-132.5271,3.4502,0.1671,0.1567
1779988773772,2,Pitching Mound.Delivery,,Delivery,pitch.1,439325,-9.6535,-6.73,111.228,82.769,-127.8515,-6.5483,0.153,-0.1646
1779988773772,2,Pitching Mound.Delivery,,Delivery,pitch.1,439326,-9.7776,-6.7283,110.8685,83.1364,-128.6789,-6.3277,0.1545,-0.1668
1779988773772,2,Pitching Mound.Drive,,Delivery,pitch.1,439906,-0.107,-0.3203,2.0479,0.7785,-2.2974,-2.3648,0.0,0.0
1779988773772,2,Pitching Mound.Parent,,Delivery,pitch.1,438945,-9.7696,-7.0573,113.2683,83.4812,-130.2091,-8.9364,0.1503,-0.1616
1779988773772,2,Pitching Mound.Parent,,Delivery,pitch.1,438946,-9.8846,-7.0486,112.9164,83.915,-130.9763,-8.6925,0.1517,-0.1637
1779988773773,2,11.0000004b,Drive,Delivery,pitch.1,439907,-0.1176,-0.3251,2.0346,0.746,-2.3487,-2.3466,0.0,0.0
1779988773773,2,12.00000015,Lower Delivery,Delivery,pitch.1,439631,-0.5841,3.3222,4.8296,-6.0308,3.7056,-6.5985,-0.1021,-0.1662
1779988773773,2,12.00000018,Upper Delivery,Delivery,pitch.1,440486,-9.3285,-10.0944,105.8047,124.0333,-132.9462,3.5047,0.1673,0.1561
1779988773773,2,Pitching Mound.Delivery,,Delivery,pitch.1,439327,-9.9126,-6.7722,110.6343,83.671,-129.2406,-6.0669,0.1555,-0.1683
1779988773773,2,Pitching Mound.Drive,,Delivery,pitch.1,439907,-0.1176,-0.3251,2.0346,0.746,-2.3487,-2.3466,0.0,0.0
1779988773773,2,Pitching Mound.Parent,,Delivery,pitch.1,438947,-10.0302,-7.0973,112.6689,84.4171,-131.5893,-8.4136,0.1527,-0.1653
1779988773774,2,11.0000004b,Drive,Delivery,pitch.1,439908,-0.1143,-0.3198,2.0167,0.7504,-2.276,-2.3595,0.0,0.0
1779988773774,2,12.00000015,Lower Delivery,Delivery,pitch.1,439632,-0.5959,3.1559,4.1552,-5.5104,3.1452,-6.1815,-0.1008,-0.1765
1779988773774,2,Pitching Mound.Drive,,Delivery,pitch.1,439908,-0.1143,-0.3198,2.0167,0.7504,-2.276,-2.3595,0.0,0.0
1779988773775,2,11.0000004b,Drive,Delivery,pitch.1,439909,-0.1079,-0.3285,1.9918,0.7528,-2.3963,-2.3914,0.0,0.0
1779988773775,2,12.00000015,Lower Delivery,Delivery,pitch.1,439633,-0.6431,2.9074,3.7746,-5.1353,2.6446,-5.7783,-0.0933,-0.1811
1779988773775,2,12.00000018,Upper Delivery,Delivery,pitch.1,440487,-9.399,-10.0482,106.0914,123.8034,-133.3831,3.5,0.1674,0.1554
1779988773775,2,Pitching Mound.Delivery,,Delivery,pitch.1,439328,-9.9948,-6.8923,110.2466,83.6347,-130.2379,-5.6745,0.1573,-0.1715
1779988773775,2,Pitching Mound.Drive,,Delivery,pitch.1,439909,-0.1079,-0.3285,1.9918,0.7528,-2.3963,-2.3914,0.0,0.0
1779988773775,2,Pitching Mound.Parent,,Delivery,pitch.1,438948,-10.1091,-7.212,112.2633,84.3851,-132.5139,-8.034,0.1544,-0.1684
1779988773776,2,11.0000004b,Drive,Delivery,pitch.1,439910,-0.0881,-0.336,1.8875,0.7697,-2.3961,-2.4067,0.0,0.0
1779988773776,2,12.00000015,Lower Delivery,Delivery,pitch.1,439634,-0.6703,2.6429,3.4398,-4.8324,2.4865,-5.4013,-0.0962,-0.187
1779988773776,2,12.00000018,Upper Delivery,Delivery,pitch.1,440489,-9.4831,-9.9991,106.7728,123.4241,-134.2456,3.5928,0.1674,0.1539
1779988773776,2,12.00000018,Upper Delivery,Delivery,pitch.1,440488,-9.4374,-10.0283,106.4923,123.6204,-133.72,3.5474,0.1672,0.1545
1779988773776,2,Pitching Mound.Delivery,,Delivery,pitch.1,439330,-10.1535,-7.3562,110.2126,83.4585,-131.759,-4.8049,0.1592,-0.1755
1779988773776,2,Pitching Mound.Delivery,,Delivery,pitch.1,439329,-10.0805,-7.1209,110.2669,83.561,-131.0753,-5.2209,0.1582,-0.1737
1779988773776,2,Pitching Mound.Drive,,Delivery,pitch.1,439910,-0.0881,-0.336,1.8875,0.7697,-2.3961,-2.4067,0.0,0.0
1779988773776,2,Pitching Mound.Parent,,Delivery,pitch.1,438949,-10.1884,-7.4494,112.2587,84.3138,-133.4717,-7.6123,0.1554,-0.1706
1779988773776,2,Pitching Mound.Parent,,Delivery,pitch.1,438950,-10.2416,-7.6922,112.1002,84.2282,-134.1552,-7.2116,0.1565,-0.1726
1779988773777,2,12.00000015,Lower Delivery,Delivery,pitch.1,439635,-0.7524,2.3988,3.0877,-4.2875,2.3548,-5.0279,-0.1015,-0.1849
1779988773777,2,12.00000018,Upper Delivery,Delivery,pitch.1,440490,-9.5416,-9.9757,106.8729,123.1104,-134.9114,3.5538,0.1681,0.1534
1779988773777,2,Pitching Mound.Delivery,,Delivery,pitch.1,439331,-10.294,-7.5769,109.9606,83.5359,-132.5566,-4.4625,0.1605,-0.177
1779988773778,2,11.0000004b,Drive,Delivery,pitch.1,439911,-0.0946,-0.3538,1.9332,0.7852,-2.3814,-2.4089,0.0,0.0
1779988773778,2,11.0000004b,Drive,Delivery,pitch.1,439912,-0.0738,-0.3711,1.8533,0.7672,-2.2308,-2.4125,0.0,0.0
1779988773778,2,12.00000015,Lower Delivery,Delivery,pitch.1,439636,-0.7719,2.0946,2.5171,-3.9315,1.8171,-4.5557,0.0,0.0
1779988773778,2,12.00000018,Upper Delivery,Delivery,pitch.1,440491,-9.564,-10.0036,107.0621,122.8888,-135.3756,3.5415,0.1683,0.1528
1779988773778,2,Pitching Mound.Delivery,,Delivery,pitch.1,439332,-10.3359,-7.909,109.5792,83.412,-133.5585,-4.0034,0.1645,-0.1751
1779988773778,2,Pitching Mound.Drive,,Delivery,pitch.1,439911,-0.0946,-0.3538,1.9332,0.7852,-2.3814,-2.4089,0.0,0.0
1779988773778,2,Pitching Mound.Drive,,Delivery,pitch.1,439912,-0.0738,-0.3711,1.8533,0.7672,-2.2308,-2.4125,0.0,0.0
1779988773778,2,Pitching Mound.Parent,,Delivery,pitch.1,438951,-10.3886,-7.9307,111.8938,84.3211,-134.938,-6.8714,0.1577,-0.174
1779988773778,2,Pitching Mound.Parent,,Delivery,pitch.1,438952,-10.4097,-8.2801,111.4324,84.1792,-135.7893,-6.4159,0.1617,-0.1722
1779988773779,2,11.0000004b,Drive,Delivery,pitch.1,439913,-0.0699,-0.3714,1.8154,0.7663,-2.2116,-2.4147,0.0,0.0
1779988773779,2,12.00000015,Lower Delivery,Delivery,pitch.1,439637,-0.7361,1.8191,2.2262,-3.4014,1.5448,-4.1421,0.0,0.0
1779988773779,2,12.00000018,Upper Delivery,Delivery,pitch.1,440492,-9.5742,-10.029,107.4121,122.7208,-135.6506,3.5695,0.1681,0.1521
1779988773779,2,Pitching Mound.Delivery,,Delivery,pitch.1,439333,-10.3103,-8.2099,109.6383,83.5562,-134.1057,-3.5775,0.1647,-0.1772
1779988773779,2,Pitching Mound.Drive,,Delivery,pitch.1,439913,-0.0699,-0.3714,1.8154,0.7663,-2.2116,-2.4147,0.0,0.0
1779988773779,2,Pitching Mound.Parent,,Delivery,pitch.1,438953,-10.3802,-8.5814,111.4537,84.3225,-136.3173,-5.9922,0.162,-0.1743
1779988773780,2,11.0000004b,Drive,Delivery,pitch.1,439914,-0.0597,-0.3477,1.7378,0.7787,-2.1934,-2.3904,0.0,0.0
1779988773780,2,12.00000015,Lower Delivery,Delivery,pitch.1,439638,-0.6948,1.5134,1.7559,-3.1947,1.2215,-3.8071,0.0,0.0
1779988773780,2,Pitching Mound.Drive,,Delivery,pitch.1,439914,-0.0597,-0.3477,1.7378,0.7787,-2.1934,-2.3904,0.0,0.0
1779988773781,2,11.0000004b,Drive,Delivery,pitch.1,439915,-0.0895,-0.3562,1.8088,0.7676,-1.9821,-2.4045,0.0,0.0
1779988773781,2,12.00000015,Lower Delivery,Delivery,pitch.1,439639,-0.6055,1.2353,1.5775,-3.0669,0.9179,-3.3444,0.0,0.0
1779988773781,2,12.00000018,Upper Delivery,Delivery,pitch.1,440493,-9.5832,-10.0607,107.5647,122.3168,-136.2809,3.5276,0.1687,0.1514
1779988773781,2,Pitching Mound.Delivery,,Delivery,pitch.1,439334,-10.2779,-8.5473,109.3206,83.1471,-135.0594,-3.3015,0.166,-0.1801
1779988773781,2,Pitching Mound.Drive,,Delivery,pitch.1,439915,-0.0895,-0.3562,1.8088,0.7676,-1.9821,-2.4045,0.0,0.0
1779988773781,2,Pitching Mound.Parent,,Delivery,pitch.1,438954,-10.3377,-8.895,111.0584,83.9258,-137.2528,-5.692,0.1634,-0.1773
1779988773782,2,11.0000004b,Drive,Delivery,pitch.1,439916,-0.0972,-0.3358,1.8526,0.7554,-2.2908,-2.3948,0.0,0.0
1779988773782,2,12.00000015,Lower Delivery,Delivery,pitch.1,439640,-0.4227,0.9901,1.5792,-3.036,0.4122,-2.7975,0.0,0.0
1779988773782,2,12.00000018,Upper Delivery,Delivery,pitch.1,440494,-9.5886,-10.1542,107.9354,122.0198,-136.924,3.5239,0.1689,0.1505
1779988773782,2,Pitching Mound.Delivery,,Delivery,pitch.1,439335,-10.194,-8.9189,109.5129,82.7912,-136.0061,-2.8747,0.1664,-0.1819
1779988773782,2,Pitching Mound.Drive,,Delivery,pitch.1,439916,-0.0972,-0.3358,1.8526,0.7554,-2.2908,-2.3948,0.0,0.0
1779988773782,2,Pitching Mound.Parent,,Delivery,pitch.1,438955,-10.2835,-9.275,111.3217,83.5588,-137.9882,-5.2792,0.1637,-0.1789
1779988773783,2,11.0000004b,Drive,Delivery,pitch.1,439917,-0.103,-0.3314,1.8561,0.7313,-2.1902,-2.3835,0.0,0.0
1779988773783,2,12.00000015,Lower Delivery,Delivery,pitch.1,439641,-0.3179,0.7849,1.0839,-3.298,0.1081,-2.4547,0.0,0.0
1779988773783,2,12.00000018,Upper Delivery,Delivery,pitch.1,440495,-9.5798,-10.2236,108.311,121.6633,-137.5247,3.4844,0.169,0.1495
1779988773783,2,12.00000018,Upper Delivery,Delivery,pitch.1,440496,-9.5542,-10.2838,108.5167,121.679,-137.9379,3.4828,0.1692,0.1493
1779988773783,2,Pitching Mound.Delivery,,Delivery,pitch.1,439336,-10.0025,-9.2335,109.8903,82.3385,-137.1126,-2.4265,0.1666,-0.1828
1779988773783,2,Pitching Mound.Delivery,,Delivery,pitch.1,439337,-9.8721,-9.4989,109.6006,81.8539,-137.8298,-2.1122,0.1675,-0.1855
1779988773783,2,Pitching Mound.Drive,,Delivery,pitch.1,439917,-0.103,-0.3314,1.8561,0.7313,-2.1902,-2.3835,0.0,0.0
1779988773783,2,Pitching Mound.Parent,,Delivery,pitch.1,438956,-10.0997,-9.5693,111.7429,83.0938,-139.4033,-4.8213,0.1638,-0.1798
1779988773783,2,Pitching Mound.Parent,,Delivery,pitch.1,438957,-9.9751,-9.8303,111.4567,82.5852,-140.02,-4.4958,0.1648,-0.1824
1779988773784,2,11.0000004b,Drive,Delivery,pitch.1,439918,-0.0933,-0.3326,1.8909,0.7182,-2.4943,-2.3939,0.0,0.0
1779988773784,2,12.00000015,Lower Delivery,Delivery,pitch.1,439642,-0.1913,0.4826,0.6625,-3.2793,-0.4346,-2.109,0.0,0.0
1779988773784,2,12.00000018,Upper Delivery,Delivery,pitch.1,440497,-9.4993,-10.3417,108.6327,121.7052,-138.0666,3.5378,0.1692,0.1491
1779988773784,2,Pitching Mound.Delivery,,Delivery,pitch.1,439338,-9.6906,-9.8591,109.2951,81.7161,-138.5012,-1.736,0.1682,-0.1876
1779988773784,2,Pitching Mound.Drive,,Delivery,pitch.1,439918,-0.0933,-0.3326,1.8909,0.7182,-2.4943,-2.3939,0.0,0.0
1779988773784,2,Pitching Mound.Parent,,Delivery,pitch.1,438958,-9.7839,-10.1917,111.1861,82.4343,-140.9955,-4.1299,0.1653,-0.1844
1779988773785,2,11.0000004b,Drive,Delivery,pitch.1,439919,-0.0846,-0.3358,1.8809,0.748,-2.5296,-2.4023,0.0,0.0
1779988773785,2,12.00000015,Lower Delivery,Delivery,pitch.1,439643,-0.0709,0.2529,0.1065,-2.6671,-0.3649,-1.8417,0.0,0.0
1779988773785,2,Pitching Mound.Drive,,Delivery,pitch.1,439919,-0.0846,-0.3358,1.8809,0.748,-2.5296,-2.4023,0.0,0.0
1779988773786,2,11.0000004b,Drive,Delivery,pitch.1,439920,-0.1059,-0.3289,1.9263,0.7239,-2.408,-2.3798,0.0,0.0
1779988773786,2,12.00000015,Lower Delivery,Delivery,pitch.1,439644,-0.0304,0.1029,0.0485,-1.9245,-0.2975,-1.6228,0.0,0.0
1779988773786,2,12.00000018,Upper Delivery,Delivery,pitch.1,440498,-9.4744,-10.3904,109.0806,121.6325,-138.332,3.6501,0.1688,0.1484
1779988773786,2,12.00000018,Upper Delivery,Delivery,pitch.1,440499,-9.4322,-10.3948,109.3422,121.7136,-138.4771,3.6858,0.1686,0.1482
1779988773786,2,Pitching Mound.Delivery,,Delivery,pitch.1,439339,-9.5453,-10.1375,109.1871,81.9143,-138.6969,-1.3888,0.1687,-0.191
1779988773786,2,Pitching Mound.Delivery,,Delivery,pitch.1,439340,-9.4626,-10.2919,109.3907,82.6292,-138.7746,-1.1336,0.1685,-0.1916
1779988773786,2,Pitching Mound.Drive,,Delivery,pitch.1,439920,-0.1059,-0.3289,1.9263,0.7239,-2.408,-2.3798,0.0,0.0
1779988773786,2,Pitching Mound.Parent,,Delivery,pitch.1,438959,-9.6299,-10.4732,111.068,82.6623,-141.2265,-3.7911,0.1658,-0.1878
1779988773786,2,Pitching Mound.Parent,,Delivery,pitch.1,438960,-9.5685,-10.6208,111.317,83.3531,-141.1826,-3.5134,0.1656,-0.1883
1779988773787,2,11.0000004b,Drive,Delivery,pitch.1,439921,-0.1069,-0.3205,1.9122,0.7058,-2.3975,-2.3816,0.0,0.0
1779988773787,2,12.00000015,Lower Delivery,Delivery,pitch.1,439645,-0.0116,0.0031,0.0198,-1.9384,-0.3129,-1.5745,0.0,0.0
1779988773787,2,12.00000018,Upper Delivery,Delivery,pitch.1,440500,-9.3686,-10.3825,109.6971,121.8666,-138.4636,3.7563,0.168,0.1479
1779988773787,2,Pitching Mound.Delivery,,Delivery,pitch.1,439341,-9.3801,-10.3794,109.717,82.6379,-138.7764,-0.9996,0.168,-0.192
1779988773787,2,Pitching Mound.Drive,,Delivery,pitch.1,439921,-0.1069,-0.3205,1.9122,0.7058,-2.3975,-2.3816,0.0,0.0
1779988773787,2,Pitching Mound.Parent,,Delivery,pitch.1,438961,-9.487,-10.6999,111.6292,83.3437,-141.1739,-3.3811,0.1651,-0.1887
1779988773788,2,11.0000004b,Drive,Delivery,pitch.1,439922,-0.1097,-0.318,1.9081,0.7132,-2.3328,-2.3855,0.0,0.0
1779988773788,2,12.00000015,Lower Delivery,Delivery,pitch.1,439646,0.002,-0.0046,0.023,-2.1441,-0.4122,-1.5249,0.0,0.0
1779988773788,2,12.00000018,Upper Delivery,Delivery,pitch.1,440501,-9.3433,-10.3314,110.4369,121.6118,-139.028,3.8703,0.1676,0.1466
1779988773788,2,Pitching Mound.Delivery,,Delivery,pitch.1,439342,-9.3413,-10.336,110.4599,81.9269,-139.4402,-0.832,0.1676,-0.1933
1779988773788,2,Pitching Mound.Drive,,Delivery,pitch.1,439922,-0.1097,-0.318,1.9081,0.7132,-2.3328,-2.3855,0.0,0.0
1779988773788,2,Pitching Mound.Parent,,Delivery,pitch.1,438962,-9.451,-10.654,112.368,82.6402,-141.773,-3.2175,0.1647,-0.19
1779988773789,2,11.0000004b,Drive,Delivery,pitch.1,439923,-0.1044,-0.3367,1.9112,0.7149,-2.3692,-2.3805,0.0,0.0
1779988773789,2,12.00000015,Lower Delivery,Delivery,pitch.1,439647,0.0063,-0.0042,0.0306,-2.4153,-0.5013,-1.5267,0.0,0.0
1779988773789,2,12.00000018,Upper Delivery,Delivery,pitch.1,440502,-9.3187,-10.1997,111.1146,121.331,-140.2421,3.9846,0.168,0.1454
1779988773789,2,Pitching Mound.Delivery,,Delivery,pitch.1,439343,-9.3124,-10.2039,111.1452,81.1471,-140.7434,-0.7126,0.168,-0.1945
1779988773789,2,Pitching Mound.Drive,,Delivery,pitch.1,439923,-0.1044,-0.3367,1.9112,0.7149,-2.3692,-2.3805,0.0,0.0
1779988773789,2,Pitching Mound.Parent,,Delivery,pitch.1,438963,-9.4168,-10.5406,113.0564,81.862,-143.1127,-3.0931,0.1651,-0.1912
1779988773790,2,11.0000004b,Drive,Delivery,pitch.1,439924,-0.1101,-0.3389,1.8641,0.719,-2.35,-2.3974,0.0,0.0
1779988773790,2,12.00000015,Lower Delivery,Delivery,pitch.1,439648,0.0101,-0.0039,0.036,-2.8639,-0.2626,-1.6419,0.0,0.0
1779988773790,2,12.00000018,Upper Delivery,Delivery,pitch.1,440503,-9.2829,-10.0325,111.617,121.501,-140.7465,4.0686,0.1679,0.1449
1779988773790,2,Pitching Mound.Delivery,,Delivery,pitch.1,439344,-9.2728,-10.0365,111.6529,80.6996,-141.009,-0.7329,0.1678,-0.1949
1779988773790,2,Pitching Mound.Drive,,Delivery,pitch.1,439924,-0.1101,-0.3389,1.8641,0.719,-2.35,-2.3974,0.0,0.0
1779988773790,2,Pitching Mound.Parent,,Delivery,pitch.1,438964,-9.3829,-10.3753,113.5171,81.4186,-143.359,-3.1303,0.1651,-0.1917
1779988773791,2,11.0000004b,Drive,Delivery,pitch.1,439925,-0.0967,-0.3584,1.9389,0.768,-2.668,-2.4092,0.0,0.0
1779988773791,2,12.00000015,Lower Delivery,Delivery,pitch.1,439649,0.0158,-0.0027,0.0375,-3.2173,-0.2501,-1.7098,0.0,0.0
1779988773791,2,12.00000018,Upper Delivery,Delivery,pitch.1,440504,-9.238,-9.8136,112.4096,121.3659,-141.7129,4.1848,0.1678,0.1437
1779988773791,2,Pitching Mound.Delivery,,Delivery,pitch.1,439345,-9.2222,-9.8163,112.4471,79.9421,-141.963,-0.6713,0.1678,-0.1961
1779988773791,2,Pitching Mound.Drive,,Delivery,pitch.1,439925,-0.0967,-0.3584,1.9389,0.768,-2.668,-2.4092,0.0,0.0
1779988773791,2,Pitching Mound.Parent,,Delivery,pitch.1,438965,-9.3189,-10.1747,114.386,80.7101,-144.631,-3.0805,0.1649,-0.1928
1779988773792,2,11.0000004b,Drive,Delivery,pitch.1,439926,-0.0914,-0.3675,1.9275,0.7894,-2.5099,-2.4313,0.0,0.0
1779988773792,2,12.00000015,Lower Delivery,Delivery,pitch.1,439650,0.0121,0.0066,0.0439,-3.3853,-0.4268,-1.8017,0.0,0.0
1779988773792,2,12.00000018,Upper Delivery,Delivery,pitch.1,440505,-9.1561,-9.6769,112.3191,122.336,-140.5932,4.1424,0.1666,0.145
1779988773792,2,Pitching Mound.Delivery,,Delivery,pitch.1,439346,-9.144,-9.6702,112.363,80.7771,-141.02,-0.7765,0.1666,-0.1948
1779988773792,2,Pitching Mound.Drive,,Delivery,pitch.1,439926,-0.0914,-0.3675,1.9275,0.7894,-2.5099,-2.4313,0.0,0.0
1779988773792,2,Pitching Mound.Parent,,Delivery,pitch.1,438966,-9.2354,-10.0377,114.2906,81.5665,-143.5298,-3.2078,0.1638,-0.1915
1779988773793,2,11.0000004b,Drive,Delivery,pitch.1,439927,-0.0825,-0.3531,1.8951,0.7783,-2.361,-2.4107,0.0,0.0
1779988773793,2,12.00000015,Lower Delivery,Delivery,pitch.1,439651,0.0436,0.1314,0.0606,-3.375,-0.4011,-1.921,0.0,0.0
1779988773793,2,12.00000018,Upper Delivery,Delivery,pitch.1,440506,-9.1347,-9.3286,113.5197,120.9217,-143.4374,4.2687,0.1682,0.1418
1779988773793,2,Pitching Mound.Delivery,,Delivery,pitch.1,439347,-9.0911,-9.1972,113.5802,78.9706,-143.8385,-0.773,0.1681,-0.1979
1779988773793,2,Pitching Mound.Drive,,Delivery,pitch.1,439927,-0.0825,-0.3531,1.8951,0.7783,-2.361,-2.4107,0.0,0.0
1779988773793,2,Pitching Mound.Parent,,Delivery,pitch.1,438967,-9.1735,-9.5503,115.4753,79.7489,-146.1995,-3.1837,0.1654,-0.1947
1779988773794,2,11.0000004b,Drive,Delivery,pitch.1,439928,-0.0962,-0.3316,1.9132,0.7508,-2.385,-2.3744,0.0,0.0
1779988773794,2,12.00000015,Lower Delivery,Delivery,pitch.1,439652,0.0769,0.2536,0.0751,-3.1833,-0.4741,-1.9652,0.0,0.0
1779988773794,2,12.00000018,Upper Delivery,Delivery,pitch.1,440507,-9.0587,-9.1797,113.6321,121.4388,-142.6414,4.1918,0.1671,0.1423
1779988773794,2,Pitching Mound.Delivery,,Delivery,pitch.1,439348,-8.9818,-8.9261,113.7071,79.6461,-143.1154,-0.8795,0.167,-0.1974
1779988773794,2,Pitching Mound.Drive,,Delivery,pitch.1,439928,-0.0962,-0.3316,1.9132,0.7508,-2.385,-2.3744,0.0,0.0
1779988773794,2,Pitching Mound.Parent,,Delivery,pitch.1,438968,-9.0781,-9.2577,115.6203,80.3969,-145.5004,-3.2539,0.1642,-0.1941
1779988773795,2,11.0000004b,Drive,Delivery,pitch.1,439929,-0.1152,-0.3372,1.933,0.7398,-2.2452,-2.4022,0.0,0.0
1779988773795,2,12.00000015,Lower Delivery,Delivery,pitch.1,439653,0.1482,0.4066,0.1889,-2.8531,-0.1156,-1.9883,0.0,0.0
1779988773795,2,12.00000018,Upper Delivery,Delivery,pitch.1,440508,-9.0282,-8.9358,114.6278,120.5752,-144.0851,4.1614,0.1673,0.14
1779988773795,2,Pitching Mound.Delivery,,Delivery,pitch.1,439349,-8.88,-8.5292,114.8167,78.8129,-144.2008,-0.9468,0.1671,-0.1991
1779988773795,2,Pitching Mound.Drive,,Delivery,pitch.1,439929,-0.1152,-0.3372,1.933,0.7398,-2.2452,-2.4022,0.0,0.0
1779988773795,2,Pitching Mound.Parent,,Delivery,pitch.1,438969,-8.9952,-8.8664,116.7497,79.5527,-146.446,-3.349,0.1643,-0.1958
1779988773796,2,11.0000004b,Drive,Delivery,pitch.1,439930,-0.1057,-0.3457,1.8397,0.7336,-1.909,-2.3989,0.0,0.0
1779988773796,2,12.00000015,Lower Delivery,Delivery,pitch.1,439654,0.1289,0.5698,0.459,-2.4922,-0.2201,-1.9327,0.0,0.0
1779988773796,2,12.00000018,Upper Delivery,Delivery,pitch.1,440509,-8.9735,-8.6998,115.1842,119.9945,-145.4314,4.1719,0.1681,0.1387
1779988773796,2,Pitching Mound.Delivery,,Delivery,pitch.1,439350,-8.8446,-8.13,115.6432,78.4958,-145.6516,-0.8556,0.1674,-0.1992
1779988773796,2,Pitching Mound.Drive,,Delivery,pitch.1,439930,-0.1057,-0.3457,1.8397,0.7336,-1.909,-2.3989,0.0,0.0
1779988773796,2,Pitching Mound.Parent,,Delivery,pitch.1,438970,-8.9503,-8.4757,117.483,79.2294,-147.5605,-3.2545,0.1648,-0.196
1779988773797,2,11.0000004b,Drive,Delivery,pitch.1,439931,-0.1204,-0.2964,1.6082,0.6848,-2.2281,-2.4116,0.0,0.0
1779988773797,2,12.00000015,Lower Delivery,Delivery,pitch.1,439655,0.1426,0.6814,0.6012,-2.1711,0.0714,-1.8757,0.0,0.0
1779988773797,2,12.00000018,Upper Delivery,Delivery,pitch.1,440510,-8.9318,-8.5005,115.9903,118.7016,-147.4483,4.2499,0.1692,0.1362
1779988773797,2,Pitching Mound.Delivery,,Delivery,pitch.1,439351,-8.7892,-7.8192,116.5915,77.2983,-147.3769,-0.7111,0.1684,-0.201
1779988773797,2,Pitching Mound.Drive,,Delivery,pitch.1,439931,-0.1204,-0.2964,1.6082,0.6848,-2.2281,-2.4116,0.0,0.0
1779988773797,2,Pitching Mound.Parent,,Delivery,pitch.1,438971,-8.9096,-8.1156,118.1997,77.9831,-149.605,-3.1226,0.1661,-0.1982
1779988773798,2,11.0000004b,Drive,Delivery,pitch.1,439932,-0.1087,-0.3475,1.8812,0.7278,-2.1832,-2.3905,0.0,0.0
1779988773798,2,12.00000015,Lower Delivery,Delivery,pitch.1,439656,0.126,0.717,0.6706,-2.0631,0.1723,-1.7219,0.0,0.0
1779988773798,2,12.00000018,Upper Delivery,Delivery,pitch.1,440511,-8.8499,-8.3891,116.5842,118.1804,-148.1166,4.2467,0.1691,0.135
1779988773798,2,Pitching Mound.Delivery,,Delivery,pitch.1,439352,-8.7239,-7.6722,117.2548,76.7067,-147.9443,-0.5271,0.1682,-0.2019
1779988773798,2,Pitching Mound.Drive,,Delivery,pitch.1,439932,-0.1087,-0.3475,1.8812,0.7278,-2.1832,-2.3905,0.0,0.0
1779988773798,2,Pitching Mound.Parent,,Delivery,pitch.1,438972,-8.8326,-8.0197,119.136,77.4345,-150.1275,-2.9175,0.1655,-0.1987
1779988773799,2,11.0000004b,Drive,Delivery,pitch.1,439933,-0.1069,-0.3617,1.7788,0.7268,-2.2188,-2.4074,0.0,0.0
1779988773799,2,12.00000015,Lower Delivery,Delivery,pitch.1,439657,0.0481,0.7555,0.66,-1.7659,-0.0885,-1.5466,0.0,0.0
1779988773799,2,12.00000018,Upper Delivery,Delivery,pitch.1,440512,-8.7596,-8.3113,116.9497,117.7293,-148.6525,4.2417,0.1692,0.134
1779988773799,2,Pitching Mound.Delivery,,Delivery,pitch.1,439353,-8.7115,-7.5558,117.6096,76.4249,-148.741,-0.2995,0.1683,-0.2029
1779988773799,2,Pitching Mound.Drive,,Delivery,pitch.1,439933,-0.1069,-0.3617,1.7788,0.7268,-2.2188,-2.4074,0.0,0.0
1779988773799,2,Pitching Mound.Parent,,Delivery,pitch.1,438973,-8.8184,-7.9175,119.3884,77.1518,-150.9598,-2.7069,0.1658,-0.1999
1779988773800,2,11.0000004b,Drive,Delivery,pitch.1,439934,-0.103,-0.3606,1.8546,0.7233,-2.1544,-2.3838,0.0,0.0
1779988773800,2,12.00000015,Lower Delivery,Delivery,pitch.1,439658,-0.0275,0.7608,0.6356,-1.311,-0.2518,-1.432,0.0,0.0
1779988773800,2,12.00000018,Upper Delivery,Delivery,pitch.1,440513,-8.6479,-8.2964,117.2217,117.8871,-148.314,4.21,0.1684,0.1339
1779988773800,2,Pitching Mound.Delivery,,Delivery,pitch.1,439354,-8.6754,-7.5356,117.8573,76.9368,-148.5658,-0.1529,0.1675,-0.2032
1779988773800,2,Pitching Mound.Drive,,Delivery,pitch.1,439934,-0.103,-0.3606,1.8546,0.7233,-2.1544,-2.3838,0.0,0.0
1779988773800,2,Pitching Mound.Parent,,Delivery,pitch.1,438974,-8.7784,-7.8962,119.7119,77.6601,-150.7202,-2.5367,0.1649,-0.2
1779988773801,2,11.0000004b,Drive,Delivery,pitch.1,439935,-0.0946,-0.3524,1.9013,0.7322,-2.1419,-2.3711,0.0,0.0
1779988773801,2,12.00000015,Lower Delivery,Delivery,pitch.1,439659,-0.0862,0.7471,0.5563,-1.0967,-0.2257,-1.3135,0.0,0.0
1779988773801,2,12.00000018,Upper Delivery,Delivery,pitch.1,440514,-8.5347,-8.2954,117.37,117.5478,-148.5561,4.2757,0.1685,0.1333
1779988773801,2,Pitching Mound.Delivery,,Delivery,pitch.1,439355,-8.6209,-7.5483,117.9263,76.7345,-148.7818,0.0897,0.1677,-0.2041
1779988773801,2,Pitching Mound.Drive,,Delivery,pitch.1,439935,-0.0946,-0.3524,1.9013,0.7322,-2.1419,-2.3711,0.0,0.0
1779988773801,2,Pitching Mound.Parent,,Delivery,pitch.1,438975,-8.7155,-7.9007,119.8275,77.4666,-150.9237,-2.2814,0.165,-0.2009
1779988773802,2,11.0000004b,Drive,Delivery,pitch.1,439936,-0.1087,-0.3566,1.7215,0.7177,-1.8858,-2.3649,0.0,0.0
1779988773802,2,12.00000015,Lower Delivery,Delivery,pitch.1,439660,-0.1662,0.6743,0.3876,-0.7633,-0.1974,-1.2363,0.0,0.0
1779988773802,2,12.00000018,Upper Delivery,Delivery,pitch.1,440515,-8.3995,-8.2779,117.7481,117.5509,-148.6447,4.2921,0.1681,0.1329
1779988773802,2,Pitching Mound.Delivery,,Delivery,pitch.1,439356,-8.5658,-7.6036,118.1357,76.8851,-148.8422,0.2565,0.1675,-0.2053
1779988773802,2,Pitching Mound.Drive,,Delivery,pitch.1,439936,-0.1087,-0.3566,1.7215,0.7177,-1.8858,-2.3649,0.0,0.0
1779988773802,2,Pitching Mound.Parent,,Delivery,pitch.1,438976,-8.6745,-7.9602,119.8573,77.6028,-150.7279,-2.1084,0.1651,-0.2024
1779988773803,2,11.0000004b,Drive,Delivery,pitch.1,439937,-0.1114,-0.3892,1.8404,0.6959,-2.1704,-2.3664,0.0,0.0
1779988773803,2,12.00000015,Lower Delivery,Delivery,pitch.1,439661,-0.1552,0.6031,0.3488,-0.7512,-0.1199,-1.2383,0.0,0.0
1779988773803,2,12.00000018,Upper Delivery,Delivery,pitch.1,440516,-8.2847,-8.311,118.0564,117.1668,-148.9516,4.3185,0.168,0.1321
1779988773803,2,Pitching Mound.Delivery,,Delivery,pitch.1,439357,-8.4399,-7.7079,118.4052,76.395,-149.0714,0.3162,0.1675,-0.2063
1779988773803,2,Pitching Mound.Drive,,Delivery,pitch.1,439937,-0.1114,-0.3892,1.8404,0.6959,-2.1704,-2.3664,0.0,0.0
1779988773803,2,Pitching Mound.Parent,,Delivery,pitch.1,438977,-8.5513,-8.0971,120.2456,77.0909,-151.2419,-2.0502,0.1649,-0.2031
1779988773804,2,11.0000004b,Drive,Delivery,pitch.1,439938,-0.1167,-0.3936,1.9245,0.6827,-2.3815,-2.3928,0.0,0.0
1779988773804,2,12.00000015,Lower Delivery,Delivery,pitch.1,439662,-0.1085,0.5788,0.2775,-0.6705,-0.1016,-1.2347,0.0,0.0
1779988773804,2,12.00000018,Upper Delivery,Delivery,pitch.1,440517,-8.2007,-8.3437,118.2156,116.8545,-149.1869,4.3081,0.168,0.1316
1779988773804,2,Pitching Mound.Delivery,,Delivery,pitch.1,439358,-8.3092,-7.7649,118.4931,76.085,-149.2885,0.3221,0.1676,-0.2071
1779988773804,2,Pitching Mound.Drive,,Delivery,pitch.1,439938,-0.1167,-0.3936,1.9245,0.6827,-2.3815,-2.3928,0.0,0.0
1779988773804,2,Pitching Mound.Parent,,Delivery,pitch.1,438978,-8.4259,-8.1585,120.4176,76.7677,-151.6699,-2.0707,0.1649,-0.2038
1779988773805,2,11.0000004b,Drive,Delivery,pitch.1,439939,-0.1078,-0.4074,1.9902,0.7039,-2.3174,-2.4168,0.0,0.0
1779988773805,2,12.00000015,Lower Delivery,Delivery,pitch.1,439663,-0.0908,0.5185,0.2671,-0.7799,-0.114,-1.2276,0.0,0.0
1779988773805,2,12.00000018,Upper Delivery,Delivery,pitch.1,440518,-8.0872,-8.3591,118.1864,116.7629,-149.2963,4.3147,0.1682,0.1315
1779988773805,2,Pitching Mound.Delivery,,Delivery,pitch.1,439359,-8.178,-7.8406,118.4535,75.8904,-149.4103,0.3684,0.1678,-0.2072
1779988773805,2,Pitching Mound.Drive,,Delivery,pitch.1,439939,-0.1078,-0.4074,1.9902,0.7039,-2.3174,-2.4168,0.0,0.0
1779988773805,2,Pitching Mound.Parent,,Delivery,pitch.1,438979,-8.2858,-8.248,120.4437,76.5943,-151.7277,-2.0484,0.165,-0.2038
1779988773806,2,11.0000004b,Drive,Delivery,pitch.1,439940,-0.0869,-0.3788,2.0017,0.7082,-2.7338,-2.3955,0.0,0.0
1779988773806,2,12.00000015,Lower Delivery,Delivery,pitch.1,439664,-0.0358,0.4316,0.173,-0.8312,-0.0705,-1.266,0.0,0.0
1779988773806,2,12.00000018,Upper Delivery,Delivery,pitch.1,440519,-7.9963,-8.4029,118.4356,116.1194,-149.7377,4.3236,0.1683,0.1305
1779988773806,2,Pitching Mound.Delivery,,Delivery,pitch.1,439360,-8.0322,-7.9714,118.6086,75.0789,-149.8082,0.3511,0.1681,-0.2087
1779988773806,2,Pitching Mound.Drive,,Delivery,pitch.1,439940,-0.0869,-0.3788,2.0017,0.7082,-2.7338,-2.3955,0.0,0.0
1779988773806,2,Pitching Mound.Parent,,Delivery,pitch.1,438980,-8.119,-8.3502,120.6103,75.7871,-152.5419,-2.0444,0.1653,-0.2052
1779988773807,2,11.0000004b,Drive,Delivery,pitch.1,439941,-0.0886,-0.3886,1.9627,0.7042,-2.9827,-2.4417,0.0,0.0
1779988773807,2,12.00000015,Lower Delivery,Delivery,pitch.1,439665,-0.0194,0.3635,0.1561,-0.8753,-0.0251,-1.3125,0.0,0.0
1779988773807,2,12.00000018,Upper Delivery,Delivery,pitch.1,440520,-7.8967,-8.4344,118.8864,115.9537,-149.8763,4.3104,0.1678,0.1298
1779988773807,2,Pitching Mound.Delivery,,Delivery,pitch.1,439361,-7.9161,-8.0708,119.0424,74.7101,-149.9014,0.3196,0.1676,-0.2094
1779988773807,2,Pitching Mound.Drive,,Delivery,pitch.1,439941,-0.0886,-0.3886,1.9627,0.7042,-2.9827,-2.4417,0.0,0.0
1779988773807,2,Pitching Mound.Parent,,Delivery,pitch.1,438981,-8.0047,-8.4595,121.0051,75.4143,-152.8841,-2.1221,0.1649,-0.206
1779988773808,2,11.0000004b,Drive,Delivery,pitch.1,439942,-0.0968,-0.3866,2.0257,0.7274,-2.9085,-2.4534,0.0,0.0
1779988773808,2,12.00000015,Lower Delivery,Delivery,pitch.1,439666,0.0066,0.3361,0.1231,-0.7849,-0.0142,-1.3037,0.0,0.0
1779988773808,2,12.00000018,Upper Delivery,Delivery,pitch.1,440521,-7.7938,-8.4514,119.1412,115.6009,-149.8313,4.2219,0.1674,0.1292
1779988773808,2,Pitching Mound.Delivery,,Delivery,pitch.1,439362,-7.7872,-8.1153,119.2643,74.3499,-149.8455,0.2661,0.1672,-0.2103
1779988773808,2,Pitching Mound.Drive,,Delivery,pitch.1,439942,-0.0968,-0.3866,2.0257,0.7274,-2.9085,-2.4534,0.0,0.0
1779988773808,2,Pitching Mound.Parent,,Delivery,pitch.1,438982,-7.884,-8.5019,121.29,75.0772,-152.754,-2.1873,0.1645,-0.2067
1779988773809,2,11.0000004b,Drive,Delivery,pitch.1,439943,-0.103,-0.3937,2.0205,0.719,-2.8729,-2.4671,0.0,0.0
1779988773809,2,12.00000015,Lower Delivery,Delivery,pitch.1,439667,0.0538,0.2696,0.0487,-0.6694,-0.0186,-1.2498,0.0,0.0
1779988773809,2,12.00000018,Upper Delivery,Delivery,pitch.1,440522,-7.6918,-8.4712,119.4306,115.6499,-149.8139,4.1624,0.167,0.1289
1779988773809,2,Pitching Mound.Delivery,,Delivery,pitch.1,439363,-7.6381,-8.2015,119.4793,74.3906,-149.8326,0.2791,0.1669,-0.2109
1779988773809,2,Pitching Mound.Drive,,Delivery,pitch.1,439943,-0.103,-0.3937,2.0205,0.719,-2.8729,-2.4671,0.0,0.0
1779988773809,2,Pitching Mound.Parent,,Delivery,pitch.1,438983,-7.7411,-8.5952,121.4998,75.1096,-152.7054,-2.188,0.1642,-0.2074
1779988773810,2,11.0000004b,Drive,Delivery,pitch.1,439944,-0.1169,-0.3739,1.9923,0.7098,-2.906,-2.4527,0.0,0.0
1779988773810,2,12.00000015,Lower Delivery,Delivery,pitch.1,439668,0.0597,0.2728,0.0348,-0.756,-0.057,-1.2747,0.0,0.0
1779988773810,2,12.00000018,Upper Delivery,Delivery,pitch.1,440523,-7.6061,-8.516,119.7148,115.6479,-149.6036,4.1293,0.1664,0.1286
1779988773810,2,Pitching Mound.Delivery,,Delivery,pitch.1,439364,-7.5464,-8.2432,119.7496,74.2007,-149.6607,0.2482,0.1663,-0.2112
1779988773810,2,Pitching Mound.Drive,,Delivery,pitch.1,439944,-0.1169,-0.3739,1.9923,0.7098,-2.906,-2.4527,0.0,0.0
1779988773810,2,Pitching Mound.Parent,,Delivery,pitch.1,438984,-7.6633,-8.6171,121.7419,74.9104,-152.5667,-2.2044,0.1636,-0.2078
1779988773811,2,11.0000004b,Drive,Delivery,pitch.1,439945,-0.1252,-0.3892,1.9765,0.7173,-2.8525,-2.4817,0.0,0.0
1779988773811,2,12.00000015,Lower Delivery,Delivery,pitch.1,439669,0.0638,0.2794,0.0162,-0.478,-0.1148,-1.1134,0.0,0.0
1779988773811,2,12.00000018,Upper Delivery,Delivery,pitch.1,440524,-7.5153,-8.535,119.8128,115.3688,-149.5491,4.0503,0.1662,0.1282
1779988773811,2,Pitching Mound.Delivery,,Delivery,pitch.1,439365,-7.4515,-8.2556,119.829,74.16,-149.6639,0.3599,0.1661,-0.2117
1779988773811,2,Pitching Mound.Drive,,Delivery,pitch.1,439945,-0.1252,-0.3892,1.9765,0.7173,-2.8525,-2.4817,0.0,0.0
1779988773811,2,Pitching Mound.Parent,,Delivery,pitch.1,438985,-7.5767,-8.6447,121.8055,74.8773,-152.5164,-2.1217,0.1634,-0.2083
1779988773812,2,11.0000004b,Drive,Delivery,pitch.1,439946,-0.1322,-0.3947,2.0418,0.7344,-2.885,-2.467,0.0,0.0
1779988773812,2,12.00000015,Lower Delivery,Delivery,pitch.1,439670,0.0583,0.2472,0.017,-0.3645,-0.1817,-0.991,0.0,0.0
1779988773812,2,12.00000018,Upper Delivery,Delivery,pitch.1,440525,-7.4549,-8.5283,120.2436,114.9392,-149.5361,3.9704,0.1656,0.1273
1779988773812,2,Pitching Mound.Delivery,,Delivery,pitch.1,439366,-7.3966,-8.2811,120.2607,73.6976,-149.7178,0.4249,0.1655,-0.2127
1779988773812,2,Pitching Mound.Drive,,Delivery,pitch.1,439946,-0.1322,-0.3947,2.0418,0.7344,-2.885,-2.467,0.0,0.0
1779988773812,2,Pitching Mound.Parent,,Delivery,pitch.1,438986,-7.5287,-8.6758,122.3025,74.4321,-152.6028,-2.0422,0.1628,-0.2091
1779988773813,2,11.0000004b,Drive,Delivery,pitch.1,439947,-0.1351,-0.4176,1.9657,0.7706,-2.5645,-2.4567,0.0,0.0
1779988773813,2,12.00000015,Lower Delivery,Delivery,pitch.1,439671,0.0771,0.2946,0.0186,-0.305,-0.3229,-0.8686,0.0,0.0
1779988773813,2,12.00000018,Upper Delivery,Delivery,pitch.1,440526,-7.4185,-8.497,120.2731,114.7373,-149.5351,3.872,0.1655,0.127
1779988773813,2,Pitching Mound.Delivery,,Delivery,pitch.1,439367,-7.3414,-8.2024,120.2916,73.5458,-149.8581,0.4549,0.1655,-0.2129
1779988773813,2,Pitching Mound.Drive,,Delivery,pitch.1,439947,-0.1351,-0.4176,1.9657,0.7706,-2.5645,-2.4567,0.0,0.0
1779988773813,2,Pitching Mound.Parent,,Delivery,pitch.1,438987,-7.4765,-8.62,122.2574,74.3164,-152.4226,-2.0018,0.1628,-0.2095
1779988773814,2,11.0000004b,Drive,Delivery,pitch.1,439948,-0.1058,-0.3879,1.9507,0.7623,-2.5005,-2.4105,0.0,0.0
1779988773814,2,12.00000015,Lower Delivery,Delivery,pitch.1,439672,0.0967,0.3491,0.0084,-0.2916,-0.3455,-0.7426,0.0,0.0
1779988773814,2,12.00000018,Upper Delivery,Delivery,pitch.1,440527,-7.3743,-8.4118,120.3788,114.5778,-149.5215,3.7655,0.1654,0.1267
1779988773814,2,Pitching Mound.Delivery,,Delivery,pitch.1,439368,-7.2776,-8.0628,120.3872,73.3602,-149.867,0.4826,0.1653,-0.2132
1779988773814,2,Pitching Mound.Drive,,Delivery,pitch.1,439948,-0.1058,-0.3879,1.9507,0.7623,-2.5005,-2.4105,0.0,0.0
1779988773814,2,Pitching Mound.Parent,,Delivery,pitch.1,438988,-7.3833,-8.4506,122.3378,74.1225,-152.3675,-1.9279,0.1627,-0.2098
1779988773815,2,11.0000004b,Drive,Delivery,pitch.1,439949,-0.0974,-0.385,1.9138,0.7802,-2.1626,-2.3856,0.0,0.0
1779988773815,2,12.00000015,Lower Delivery,Delivery,pitch.1,439673,0.1057,0.3712,0.0074,-0.2832,-0.3234,-0.6638,0.0,0.0
1779988773815,2,12.00000018,Upper Delivery,Delivery,pitch.1,440528,-7.3207,-8.3712,120.6681,114.294,-149.7693,3.6722,0.1652,0.1261
1779988773815,2,Pitching Mound.Delivery,,Delivery,pitch.1,439369,-7.215,-8.0,120.6755,72.9862,-150.0928,0.4834,0.1652,-0.2139
1779988773815,2,Pitching Mound.Drive,,Delivery,pitch.1,439949,-0.0974,-0.385,1.9138,0.7802,-2.1626,-2.3856,0.0,0.0
1779988773815,2,Pitching Mound.Parent,,Delivery,pitch.1,438989,-7.3124,-8.385,122.5893,73.7663,-152.2553,-1.9022,0.1626,-0.2105
1779988773816,2,11.0000004b,Drive,Delivery,pitch.1,439950,-0.0819,-0.3916,1.8549,0.7794,-2.1864,-2.3778,0.0,0.0
1779988773816,2,12.00000015,Lower Delivery,Delivery,pitch.1,439674,0.1186,0.4138,0.0197,-0.2768,-0.3028,-0.5465,0.0,0.0
1779988773816,2,12.00000018,Upper Delivery,Delivery,pitch.1,440529,-7.2421,-8.3039,120.6232,114.1544,-149.5902,3.5755,0.1651,0.126
1779988773816,2,Pitching Mound.Delivery,,Delivery,pitch.1,439370,-7.1235,-7.8902,120.6429,72.8724,-149.893,0.5264,0.1651,-0.2139
1779988773816,2,Pitching Mound.Drive,,Delivery,pitch.1,439950,-0.0819,-0.3916,1.8549,0.7794,-2.1864,-2.3778,0.0,0.0
1779988773816,2,Pitching Mound.Parent,,Delivery,pitch.1,438990,-7.2054,-8.2818,122.4979,73.6518,-152.0794,-1.8514,0.1626,-0.2107
1779988773817,2,11.0000004b,Drive,Delivery,pitch.1,439951,-0.0656,-0.3754,1.7989,0.7765,-2.0926,-2.3562,0.0,0.0
1779988773817,2,12.00000015,Lower Delivery,Delivery,pitch.1,439675,0.1261,0.4497,0.0524,-0.2799,-0.2988,-0.5306,0.0,0.0
1779988773817,2,12.00000018,Upper Delivery,Delivery,pitch.1,440530,-7.2149,-8.2035,120.4868,113.684,-149.6786,3.474,0.1654,0.1256
1779988773817,2,Pitching Mound.Delivery,,Delivery,pitch.1,439371,-7.0888,-7.7538,120.5391,72.4564,-149.9774,0.4475,0.1653,-0.2141
1779988773817,2,Pitching Mound.Drive,,Delivery,pitch.1,439951,-0.0656,-0.3754,1.7989,0.7765,-2.0926,-2.3562,0.0,0.0
1779988773817,2,Pitching Mound.Parent,,Delivery,pitch.1,438991,-7.1544,-8.1292,122.338,73.2329,-152.0699,-1.9088,0.1629,-0.211
1779988773818,2,11.0000004b,Drive,Delivery,pitch.1,439952,-0.0546,-0.3551,1.7788,0.7699,-1.9841,-2.3275,0.0,0.0
1779988773818,2,12.00000015,Lower Delivery,Delivery,pitch.1,439676,0.1538,0.456,0.0662,-0.3075,-0.301,-0.5585,0.0,0.0
1779988773818,2,12.00000018,Upper Delivery,Delivery,pitch.1,440531,-7.2079,-8.1228,120.2629,113.1933,-149.629,3.4008,0.1656,0.1253
1779988773818,2,Pitching Mound.Delivery,,Delivery,pitch.1,439372,-7.0541,-7.6667,120.3291,72.019,-149.9299,0.3393,0.1655,-0.2144
1779988773818,2,Pitching Mound.Drive,,Delivery,pitch.1,439952,-0.0546,-0.3551,1.7788,0.7699,-1.9841,-2.3275,0.0,0.0
1779988773818,2,Pitching Mound.Parent,,Delivery,pitch.1,438992,-7.1087,-8.0219,122.108,72.7889,-151.9141,-1.9882,0.1631,-0.2113
1779988773819,2,11.0000004b,Drive,Delivery,pitch.1,439953,-0.0597,-0.3544,1.8386,0.7603,-2.1947,-2.3095,0.0,0.0
1779988773819,2,12.00000015,Lower Delivery,Delivery,pitch.1,439677,0.1624,0.436,0.0545,-0.3241,-0.3072,-0.5749,0.0,0.0
1779988773819,2,12.00000018,Upper Delivery,Delivery,pitch.1,440532,-7.2122,-8.0571,120.2242,112.8167,-149.5529,3.353,0.1656,0.1249
1779988773819,2,Pitching Mound.Delivery,,Delivery,pitch.1,439373,-7.0498,-7.6211,120.2787,71.6349,-149.8602,0.2707,0.1655,-0.2148
1779988773819,2,Pitching Mound.Drive,,Delivery,pitch.1,439953,-0.0597,-0.3544,1.8386,0.7603,-2.1947,-2.3095,0.0,0.0
1779988773819,2,Pitching Mound.Parent,,Delivery,pitch.1,438993,-7.1095,-7.9755,122.1172,72.3952,-152.0548,-2.0388,0.163,-0.2116
1779988773820,2,11.0000004b,Drive,Delivery,pitch.1,439954,-0.0395,-0.3332,1.7545,0.7386,-2.3507,-2.2809,0.0,0.0
1779988773820,2,12.00000015,Lower Delivery,Delivery,pitch.1,439678,0.1336,0.4149,0.0468,-0.3319,-0.3188,-0.5942,0.0,0.0
1779988773820,2,12.00000018,Upper Delivery,Delivery,pitch.1,440533,-7.1901,-8.0017,119.9114,112.3589,-149.5468,3.296,0.166,0.1247
1779988773820,2,Pitching Mound.Delivery,,Delivery,pitch.1,439374,-7.0565,-7.5867,119.9582,71.2731,-149.8656,0.2118,0.166,-0.215
1779988773820,2,Pitching Mound.Drive,,Delivery,pitch.1,439954,-0.0395,-0.3332,1.7545,0.7386,-2.3507,-2.2809,0.0,0.0
1779988773820,2,Pitching Mound.Parent,,Delivery,pitch.1,438994,-7.096,-7.9199,121.7127,72.0117,-152.2163,-2.0692,0.1636,-0.2119
1779988773821,2,11.0000004b,Drive,Delivery,pitch.1,439955,-0.0417,-0.3283,1.7766,0.7524,-2.2197,-2.2906,0.0,0.0
1779988773821,2,12.00000015,Lower Delivery,Delivery,pitch.1,439679,0.1138,0.3888,0.0336,-0.3334,-0.322,-0.6325,0.0,0.0
1779988773821,2,12.00000018,Upper Delivery,Delivery,pitch.1,440534,-7.2056,-7.956,119.84,111.7678,-149.3315,3.2527,0.1659,0.1242
1779988773821,2,Pitching Mound.Delivery,,Delivery,pitch.1,439375,-7.0918,-7.5672,119.8736,70.7003,-149.6534,0.1316,0.1658,-0.2157
1779988773821,2,Pitching Mound.Drive,,Delivery,pitch.1,439955,-0.0417,-0.3283,1.7766,0.7524,-2.2197,-2.2906,0.0,0.0
1779988773821,2,Pitching Mound.Parent,,Delivery,pitch.1,438995,-7.1334,-7.8954,121.6502,71.4527,-151.8731,-2.1591,0.1634,-0.2125
1779988773822,2,11.0000004b,Drive,Delivery,pitch.1,439956,-0.0469,-0.3135,1.7828,0.7145,-2.4686,-2.2954,0.0,0.0
1779988773822,2,12.00000015,Lower Delivery,Delivery,pitch.1,439680,0.0991,0.351,0.0373,-0.3475,-0.3469,-0.7495,0.0,0.0
1779988773822,2,12.00000018,Upper Delivery,Delivery,pitch.1,440535,-7.1853,-7.962,119.463,111.6244,-149.1759,3.1939,0.1662,0.1244
1779988773822,2,Pitching Mound.Delivery,,Delivery,pitch.1,439376,-7.0862,-7.611,119.5002,70.6722,-149.5228,-0.0322,0.1662,-0.2154
1779988773822,2,Pitching Mound.Drive,,Delivery,pitch.1,439956,-0.0469,-0.3135,1.7828,0.7145,-2.4686,-2.2954,0.0,0.0
1779988773822,2,Pitching Mound.Parent,,Delivery,pitch.1,438996,-7.1331,-7.9245,121.2831,71.3868,-151.9915,-2.3276,0.1637,-0.2123
1779988773823,2,11.0000004b,Drive,Delivery,pitch.1,439957,-0.065,-0.3101,1.8441,0.7034,-2.4465,-2.2753,0.0,0.0
1779988773823,2,12.00000015,Lower Delivery,Delivery,pitch.1,439681,0.079,0.3224,0.0384,-0.3446,-0.3405,-0.7449,0.0,0.0
1779988773823,2,12.00000018,Upper Delivery,Delivery,pitch.1,440536,-7.1612,-7.9912,119.0398,111.5179,-148.7035,3.1191,0.1663,0.1247
1779988773823,2,Pitching Mound.Delivery,,Delivery,pitch.1,439377,-7.0821,-7.6688,119.0782,70.7129,-149.0441,-0.0874,0.1662,-0.2151
1779988773823,2,Pitching Mound.Drive,,Delivery,pitch.1,439957,-0.065,-0.3101,1.8441,0.7034,-2.4465,-2.2753,0.0,0.0
1779988773823,2,Pitching Mound.Parent,,Delivery,pitch.1,438997,-7.1472,-7.979,120.9222,71.4163,-151.4905,-2.3627,0.1637,-0.2118
1779988773824,2,11.0000004b,Drive,Delivery,pitch.1,439958,-0.061,-0.304,1.8368,0.7138,-2.459,-2.3164,0.0,0.0
1779988773824,2,12.00000015,Lower Delivery,Delivery,pitch.1,439682,0.0575,0.3066,0.053,-0.3238,-0.3476,-0.7959,0.0,0.0
1779988773824,2,12.00000018,Upper Delivery,Delivery,pitch.1,440537,-7.158,-8.0751,118.986,110.836,-148.6152,3.0355,0.1663,0.124
1779988773824,2,Pitching Mound.Delivery,,Delivery,pitch.1,439378,-7.1005,-7.7685,119.039,70.075,-148.9629,-0.2136,0.1662,-0.2157
1779988773824,2,Pitching Mound.Drive,,Delivery,pitch.1,439958,-0.061,-0.304,1.8368,0.7138,-2.459,-2.3164,0.0,0.0
1779988773824,2,Pitching Mound.Parent,,Delivery,pitch.1,438998,-7.1615,-8.0725,120.8758,70.7888,-151.4219,-2.53,0.1637,-0.2125
1779988773825,2,11.0000004b,Drive,Delivery,pitch.1,439959,-0.0731,-0.33,1.8578,0.7208,-2.4274,-2.3424,0.0,0.0
1779988773825,2,12.00000015,Lower Delivery,Delivery,pitch.1,439683,0.0684,0.3038,0.0412,-0.3153,-0.3429,-0.7527,0.0,0.0
1779988773825,2,12.00000018,Upper Delivery,Delivery,pitch.1,440538,-7.1396,-8.1753,118.8897,110.3625,-148.47,2.936,0.1663,0.1236
1779988773825,2,Pitching Mound.Delivery,,Delivery,pitch.1,439379,-7.0712,-7.8715,118.9309,69.6388,-148.8129,-0.2674,0.1662,-0.2162
1779988773825,2,Pitching Mound.Drive,,Delivery,pitch.1,439959,-0.0731,-0.33,1.8578,0.7208,-2.4274,-2.3424,0.0,0.0
1779988773825,2,Pitching Mound.Parent,,Delivery,pitch.1,438999,-7.1443,-8.2015,120.7887,70.3595,-151.2403,-2.6098,0.1636,-0.2129
1779988773826,2,11.0000004b,Drive,Delivery,pitch.1,439960,-0.0991,-0.3258,1.9539,0.7513,-2.3837,-2.3277,0.0,0.0
1779988773826,2,12.00000015,Lower Delivery,Delivery,pitch.1,439684,0.0747,0.3246,0.04,-0.3231,-0.3361,-0.728,0.0,0.0
1779988773826,2,12.00000018,Upper Delivery,Delivery,pitch.1,440539,-7.1153,-8.291,118.7002,110.2247,-148.0147,2.8666,0.166,0.1236
1779988773826,2,Pitching Mound.Delivery,,Delivery,pitch.1,439380,-7.0405,-7.9664,118.7402,69.5572,-148.3508,-0.306,0.1659,-0.2162
1779988773826,2,Pitching Mound.Drive,,Delivery,pitch.1,439960,-0.0991,-0.3258,1.9539,0.7513,-2.3837,-2.3277,0.0,0.0
1779988773826,2,Pitching Mound.Parent,,Delivery,pitch.1,439000,-7.1396,-8.2922,120.6941,70.3085,-150.7344,-2.6337,0.1633,-0.2127
1779988773827,2,11.0000004b,Drive,Delivery,pitch.1,439961,-0.1035,-0.355,1.9602,0.7839,-2.2816,-2.3709,0.0,0.0
1779988773827,2,12.00000015,Lower Delivery,Delivery,pitch.1,439685,0.0721,0.3171,0.0356,-0.3047,-0.3285,-0.687,0.0,0.0
1779988773827,2,12.00000018,Upper Delivery,Delivery,pitch.1,440540,-7.1007,-8.424,118.5507,109.7613,-147.8606,2.7344,0.166,0.1233
1779988773827,2,Pitching Mound.Delivery,,Delivery,pitch.1,439381,-7.0287,-8.1069,118.5863,69.1615,-148.1891,-0.3914,0.166,-0.2166
1779988773827,2,Pitching Mound.Drive,,Delivery,pitch.1,439961,-0.1035,-0.355,1.9602,0.7839,-2.2816,-2.3709,0.0,0.0
1779988773827,2,Pitching Mound.Parent,,Delivery,pitch.1,439001,-7.1322,-8.462,120.5465,69.9455,-150.4707,-2.7623,0.1633,-0.2131
1779988773828,2,11.0000004b,Drive,Delivery,pitch.1,439962,-0.0986,-0.3508,1.9185,0.7801,-2.1092,-2.3858,0.0,0.0
1779988773828,2,12.00000015,Lower Delivery,Delivery,pitch.1,439686,0.0725,0.3219,0.0442,-0.3249,-0.3383,-0.7091,0.0,0.0
1779988773828,2,12.00000018,Upper Delivery,Delivery,pitch.1,440541,-7.0812,-8.5553,118.1811,109.6251,-147.5878,2.6553,0.1663,0.1235
1779988773828,2,Pitching Mound.Delivery,,Delivery,pitch.1,439382,-7.0087,-8.2334,118.2253,69.1336,-147.9262,-0.486,0.1662,-0.2163
1779988773828,2,Pitching Mound.Drive,,Delivery,pitch.1,439962,-0.0986,-0.3508,1.9185,0.7801,-2.1092,-2.3858,0.0,0.0
1779988773828,2,Pitching Mound.Parent,,Delivery,pitch.1,439002,-7.1074,-8.5842,120.1439,69.9137,-150.0353,-2.8718,0.1635,-0.2128
1779988773829,2,11.0000004b,Drive,Delivery,pitch.1,439963,-0.1068,-0.3838,1.9634,0.8397,-1.6471,-2.3774,0.0,0.0
1779988773829,2,12.00000015,Lower Delivery,Delivery,pitch.1,439688,0.0795,0.351,0.0663,-0.3197,-0.334,-0.6362,0.0,0.0
1779988773829,2,12.00000015,Lower Delivery,Delivery,pitch.1,439687,0.0739,0.3249,0.0421,-0.3027,-0.3382,-0.6946,0.0,0.0
1779988773829,2,12.00000018,Upper Delivery,Delivery,pitch.1,440542,-7.0384,-8.6987,117.965,109.2627,-147.2869,2.5389,0.1662,0.1233
1779988773829,2,Pitching Mound.Delivery,,Delivery,pitch.1,439383,-6.9645,-8.3738,118.0071,68.8662,-147.6252,-0.5738,0.1662,-0.2165
1779988773829,2,Pitching Mound.Drive,,Delivery,pitch.1,439963,-0.1068,-0.3838,1.9634,0.8397,-1.6471,-2.3774,0.0,0.0
1779988773829,2,Pitching Mound.Parent,,Delivery,pitch.1,439003,-7.0713,-8.7576,119.9705,69.7059,-149.2723,-2.9513,0.1634,-0.213
1779988773830,2,11.0000004b,Drive,Delivery,pitch.1,439964,-0.122,-0.3811,1.9684,0.7702,-2.0929,-2.3974,0.0,0.0
1779988773830,2,12.00000018,Upper Delivery,Delivery,pitch.1,440543,-7.024,-8.8214,117.6857,108.7584,-147.1308,2.3973,0.1664,0.123
1779988773830,2,Pitching Mound.Delivery,,Delivery,pitch.1,439384,-6.9445,-8.4704,117.752,68.4481,-147.4648,-0.6541,0.1663,-0.2167
1779988773830,2,Pitching Mound.Drive,,Delivery,pitch.1,439964,-0.122,-0.3811,1.9684,0.7702,-2.0929,-2.3974,0.0,0.0
1779988773830,2,Pitching Mound.Parent,,Delivery,pitch.1,439004,-7.0665,-8.8516,119.7204,69.2183,-149.5577,-3.0515,0.1636,-0.2131
1779988773831,2,11.0000004b,Drive,Delivery,pitch.1,439965,-0.1312,-0.3888,1.9954,0.7875,-1.8147,-2.408,0.0,0.0
1779988773831,2,12.00000015,Lower Delivery,Delivery,pitch.1,439689,0.0865,0.3683,0.0684,-0.3035,-0.3187,-0.5474,0.0,0.0
1779988773831,2,12.00000018,Upper Delivery,Delivery,pitch.1,440544,-6.996,-8.9294,117.4996,108.3003,-146.9069,2.2761,0.1664,0.1227
1779988773831,2,Pitching Mound.Delivery,,Delivery,pitch.1,439385,-6.9095,-8.5611,117.5681,68.0702,-147.2256,-0.6794,0.1663,-0.217
1779988773831,2,Pitching Mound.Drive,,Delivery,pitch.1,439965,-0.1312,-0.3888,1.9954,0.7875,-1.8147,-2.408,0.0,0.0
1779988773831,2,Pitching Mound.Parent,,Delivery,pitch.1,439005,-7.0408,-8.9498,119.5635,68.8578,-149.0403,-3.0874,0.1636,-0.2133
1779988773832,2,11.0000004b,Drive,Delivery,pitch.1,439966,-0.1233,-0.3718,1.9766,0.7432,-2.0777,-2.4313,0.0,0.0
1779988773832,2,12.00000015,Lower Delivery,Delivery,pitch.1,439690,0.0923,0.3755,0.0704,-0.3006,-0.3086,-0.5233,0.0,0.0
1779988773832,2,12.00000018,Upper Delivery,Delivery,pitch.1,440545,-6.9512,-9.0128,117.2968,107.9346,-146.5817,2.1007,0.1664,0.1225
1779988773832,2,Pitching Mound.Delivery,,Delivery,pitch.1,439386,-6.8589,-8.6373,117.3671,67.777,-146.8903,-0.8174,0.1663,-0.2172
1779988773832,2,Pitching Mound.Drive,,Delivery,pitch.1,439966,-0.1233,-0.3718,1.9766,0.7432,-2.0777,-2.4313,0.0,0.0
1779988773832,2,Pitching Mound.Parent,,Delivery,pitch.1,439006,-6.9822,-9.009,119.3438,68.5202,-148.968,-3.2487,0.1635,-0.2136
1779988773833,2,11.0000004b,Drive,Delivery,pitch.1,439967,-0.1088,-0.4057,1.9955,0.7629,-2.1691,-2.4465,0.0,0.0
1779988773833,2,12.00000015,Lower Delivery,Delivery,pitch.1,439691,0.0958,0.3741,0.0762,-0.2705,-0.2935,-0.4831,0.0,0.0
1779988773833,2,12.00000018,Upper Delivery,Delivery,pitch.1,440546,-6.9449,-9.0817,116.9448,107.4267,-146.3615,1.9634,0.1666,0.1223
1779988773833,2,Pitching Mound.Delivery,,Delivery,pitch.1,439387,-6.8491,-8.7076,117.021,67.4209,-146.655,-0.9135,0.1665,-0.2173
1779988773833,2,Pitching Mound.Drive,,Delivery,pitch.1,439967,-0.1088,-0.4057,1.9955,0.7629,-2.1691,-2.4465,0.0,0.0
1779988773833,2,Pitching Mound.Parent,,Delivery,pitch.1,439007,-6.9579,-9.1133,119.0165,68.1838,-148.8241,-3.3601,0.1637,-0.2137
1779988773834,2,11.0000004b,Drive,Delivery,pitch.1,439968,-0.1092,-0.3979,1.9293,0.72,-2.2355,-2.4436,0.0,0.0
1779988773834,2,12.00000015,Lower Delivery,Delivery,pitch.1,439692,0.0963,0.3697,0.0736,-0.2775,-0.2955,-0.4843,0.0,0.0
1779988773834,2,12.00000018,Upper Delivery,Delivery,pitch.1,440547,-6.9129,-9.1103,116.4232,106.8555,-145.9978,1.8346,0.1669,0.1222
1779988773834,2,Pitching Mound.Delivery,,Delivery,pitch.1,439388,-6.8166,-8.7406,116.4968,67.0191,-146.2934,-1.0328,0.1668,-0.2175
1779988773834,2,Pitching Mound.Drive,,Delivery,pitch.1,439968,-0.1092,-0.3979,1.9293,0.72,-2.2355,-2.4436,0.0,0.0
1779988773834,2,Pitching Mound.Parent,,Delivery,pitch.1,439008,-6.9258,-9.1386,118.4261,67.7391,-148.5288,-3.4764,0.1641,-0.2139
1779988773835,2,11.0000004b,Drive,Delivery,pitch.1,439969,-0.0959,-0.3943,1.8846,0.7047,-2.2849,-2.4469,0.0,0.0
1779988773835,2,12.00000015,Lower Delivery,Delivery,pitch.1,439693,0.0965,0.3654,0.072,-0.256,-0.2769,-0.4152,0.0,0.0
1779988773835,2,12.00000015,Lower Delivery,Delivery,pitch.1,439694,0.0872,0.3346,0.0716,-0.2606,-0.2869,-0.4721,0.0,0.0
1779988773835,2,12.00000018,Upper Delivery,Delivery,pitch.1,440548,-6.8797,-9.1234,115.9378,106.151,-145.261,1.7045,0.1668,0.1219
1779988773835,2,Pitching Mound.Delivery,,Delivery,pitch.1,439389,-6.7832,-8.758,116.0097,66.5006,-145.5379,-1.0826,0.1667,-0.2178
1779988773835,2,Pitching Mound.Drive,,Delivery,pitch.1,439969,-0.0959,-0.3943,1.8846,0.7047,-2.2849,-2.4469,0.0,0.0
1779988773835,2,Pitching Mound.Parent,,Delivery,pitch.1,439009,-6.8791,-9.1523,117.8943,67.2053,-147.8228,-3.5294,0.164,-0.2143
1779988773836,2,11.0000004b,Drive,Delivery,pitch.1,439970,-0.0973,-0.3944,1.9188,0.7239,-2.4342,-2.4354,0.0,0.0
1779988773836,2,12.00000018,Upper Delivery,Delivery,pitch.1,440549,-6.8335,-9.0791,115.0867,105.5601,-144.622,1.609,0.1673,0.1221
1779988773836,2,Pitching Mound.Delivery,,Delivery,pitch.1,439390,-6.7462,-8.7446,115.1583,66.1944,-144.909,-1.2161,0.1672,-0.2175
1779988773836,2,Pitching Mound.Drive,,Delivery,pitch.1,439970,-0.0973,-0.3944,1.9188,0.7239,-2.4342,-2.4354,0.0,0.0
1779988773836,2,Pitching Mound.Parent,,Delivery,pitch.1,439010,-6.8436,-9.1389,117.0771,66.9183,-147.3432,-3.6515,0.1644,-0.214
1779988773837,2,11.0000004b,Drive,Delivery,pitch.1,439971,-0.0925,-0.3811,1.942,0.7063,-2.7334,-2.4379,0.0,0.0
1779988773837,2,12.00000015,Lower Delivery,Delivery,pitch.1,439696,0.0686,0.2572,0.062,-0.2525,-0.2703,-0.4426,0.0,0.0
1779988773837,2,12.00000015,Lower Delivery,Delivery,pitch.1,439695,0.07,0.2759,0.0649,-0.2554,-0.2874,-0.5166,0.0,0.0
1779988773837,2,12.00000018,Upper Delivery,Delivery,pitch.1,440550,-6.8397,-9.0707,114.4931,104.6317,-144.5066,1.4565,0.168,0.1217
1779988773837,2,Pitching Mound.Delivery,,Delivery,pitch.1,439391,-6.7697,-8.7948,114.558,65.4707,-144.794,-1.4094,0.1679,-0.218
1779988773837,2,Pitching Mound.Drive,,Delivery,pitch.1,439971,-0.0925,-0.3811,1.942,0.7063,-2.7334,-2.4379,0.0,0.0
1779988773837,2,Pitching Mound.Parent,,Delivery,pitch.1,439011,-6.8622,-9.176,116.5,66.177,-147.5274,-3.8473,0.1651,-0.2144
1779988773838,2,11.0000004b,Drive,Delivery,pitch.1,439972,-0.1106,-0.4035,1.9607,0.7227,-2.7279,-2.4663,0.0,0.0
1779988773838,2,12.00000015,Lower Delivery,Delivery,pitch.1,439697,0.0602,0.2253,0.0601,-0.2529,-0.2604,-0.4105,0.0,0.0
1779988773838,2,12.00000018,Upper Delivery,Delivery,pitch.1,440551,-6.8247,-9.0553,113.8601,104.3017,-144.0063,1.2907,0.1684,0.122
1779988773838,2,Pitching Mound.Delivery,,Delivery,pitch.1,439392,-6.7561,-8.7981,113.9221,65.3579,-144.2766,-1.4956,0.1683,-0.2177
1779988773838,2,Pitching Mound.Drive,,Delivery,pitch.1,439972,-0.1106,-0.4035,1.9607,0.7227,-2.7279,-2.4663,0.0,0.0
1779988773838,2,Pitching Mound.Parent,,Delivery,pitch.1,439012,-6.8667,-9.2017,115.8828,66.0806,-147.0045,-3.9619,0.1654,-0.2141
1779988773839,2,11.0000004b,Drive,Delivery,pitch.1,439973,-0.0931,-0.3864,1.9411,0.7282,-2.9019,-2.4452,0.0,0.0
1779988773839,2,12.00000018,Upper Delivery,Delivery,pitch.1,440552,-6.8126,-9.0628,113.7674,103.9881,-143.517,1.1349,0.1679,0.1217
1779988773839,2,Pitching Mound.Delivery,,Delivery,pitch.1,439393,-6.7524,-8.8375,113.8275,65.0747,-143.7774,-1.6124,0.1679,-0.218
1779988773839,2,Pitching Mound.Drive,,Delivery,pitch.1,439973,-0.0931,-0.3864,1.9411,0.7282,-2.9019,-2.4452,0.0,0.0
1779988773839,2,Pitching Mound.Parent,,Delivery,pitch.1,439013,-6.8455,-9.2239,115.7686,65.803,-146.6793,-4.0576,0.165,-0.2144
1779988773840,2,11.0000004b,Drive,Delivery,pitch.1,439974,-0.1051,-0.3873,1.925,0.7083,-2.8658,-2.4473,0.0,0.0
1779988773840,2,12.00000015,Lower Delivery,Delivery,pitch.1,439698,0.0448,0.1673,0.0424,-0.2547,-0.2531,-0.3559,0.0,0.0
1779988773840,2,12.00000018,Upper Delivery,Delivery,pitch.1,440553,-6.7937,-9.0911,113.193,103.474,-143.1359,1.0124,0.1683,0.1217
1779988773840,2,Pitching Mound.Delivery,,Delivery,pitch.1,439394,-6.7488,-8.9237,113.2354,64.7481,-143.3889,-1.6686,0.1683,-0.2181
1779988773840,2,Pitching Mound.Drive,,Delivery,pitch.1,439974,-0.1051,-0.3873,1.925,0.7083,-2.8658,-2.4473,0.0,0.0
1779988773840,2,Pitching Mound.Parent,,Delivery,pitch.1,439014,-6.8539,-9.311,115.1605,65.4564,-146.2547,-4.1159,0.1655,-0.2144
1779988773841,2,11.0000004b,Drive,Delivery,pitch.1,439975,-0.0882,-0.3767,1.879,0.6922,-2.5995,-2.4129,0.0,0.0
1779988773841,2,12.00000015,Lower Delivery,Delivery,pitch.1,439699,0.0269,0.11,0.0289,-0.2418,-0.2395,-0.3272,0.0,0.0
1779988773841,2,12.00000018,Upper Delivery,Delivery,pitch.1,440554,-6.7642,-9.1167,112.8517,103.2805,-142.5802,0.8449,0.1682,0.1218
1779988773841,2,Pitching Mound.Delivery,,Delivery,pitch.1,439395,-6.7373,-9.0067,112.8806,64.6789,-142.8198,-1.7913,0.1682,-0.218
1779988773841,2,Pitching Mound.Drive,,Delivery,pitch.1,439975,-0.0882,-0.3767,1.879,0.6922,-2.5995,-2.4129,0.0,0.0
1779988773841,2,Pitching Mound.Parent,,Delivery,pitch.1,439015,-6.8256,-9.3833,114.7596,65.3712,-145.4192,-4.2042,0.1654,-0.2145
1779988773842,2,11.0000004b,Drive,Delivery,pitch.1,439976,-0.0825,-0.3636,1.8924,0.6912,-2.5112,-2.4181,0.0,0.0
1779988773842,2,12.00000015,Lower Delivery,Delivery,pitch.1,439700,0.0195,0.0802,0.0339,-0.2415,-0.2334,-0.2699,0.0,0.0
1779988773842,2,12.00000015,Lower Delivery,Delivery,pitch.1,439701,0.0205,0.0794,0.0403,-0.2544,-0.2324,-0.2671,0.0,0.0
1779988773842,2,12.00000018,Upper Delivery,Delivery,pitch.1,440555,-6.7388,-9.1696,112.2999,102.5711,-142.2863,0.6875,0.1687,0.1216
1779988773842,2,Pitching Mound.Delivery,,Delivery,pitch.1,439396,-6.7193,-9.0894,112.3338,64.1592,-142.5197,-1.8802,0.1686,-0.2182
1779988773842,2,Pitching Mound.Drive,,Delivery,pitch.1,439976,-0.0825,-0.3636,1.8924,0.6912,-2.5112,-2.4181,0.0,0.0
1779988773842,2,Pitching Mound.Parent,,Delivery,pitch.1,439016,-6.8018,-9.4531,114.2263,64.8504,-145.0308,-4.2983,0.1658,-0.2146
1779988773843,2,11.0000004b,Drive,Delivery,pitch.1,439977,-0.082,-0.3499,1.8594,0.6924,-2.3899,-2.3884,0.0,0.0
1779988773843,2,12.00000015,Lower Delivery,Delivery,pitch.1,439702,0.0188,0.0684,0.0418,-0.2624,-0.2335,-0.2549,0.0,0.0
1779988773843,2,12.00000018,Upper Delivery,Delivery,pitch.1,440556,-6.7221,-9.2216,111.4608,101.9971,-141.968,0.6202,0.1696,0.1218
1779988773843,2,Pitching Mound.Delivery,,Delivery,pitch.1,439397,-6.7015,-9.1422,111.5011,63.8597,-142.2004,-1.9394,0.1695,-0.218
1779988773843,2,Pitching Mound.Drive,,Delivery,pitch.1,439977,-0.082,-0.3499,1.8594,0.6924,-2.3899,-2.3884,0.0,0.0
1779988773843,2,Pitching Mound.Parent,,Delivery,pitch.1,439017,-6.7836,-9.4921,113.3605,64.5521,-144.5903,-4.3278,0.1667,-0.2144
1779988773844,2,11.0000004b,Drive,Delivery,pitch.1,439978,-0.0967,-0.3529,1.8864,0.6697,-2.2767,-2.4018,0.0,0.0
1779988773844,2,12.00000015,Lower Delivery,Delivery,pitch.1,439703,0.0206,0.0777,0.0515,-0.2567,-0.2292,-0.1918,0.0,0.0
1779988773844,2,12.00000018,Upper Delivery,Delivery,pitch.1,440557,-6.7193,-9.2857,110.9413,101.6604,-141.4045,0.4717,0.1697,0.122
1779988773844,2,Pitching Mound.Delivery,,Delivery,pitch.1,439398,-6.7005,-9.2173,110.9831,63.6921,-141.6379,-2.0741,0.1696,-0.2178
1779988773844,2,Pitching Mound.Drive,,Delivery,pitch.1,439978,-0.0967,-0.3529,1.8864,0.6697,-2.2767,-2.4018,0.0,0.0
1779988773844,2,Pitching Mound.Parent,,Delivery,pitch.1,439018,-6.7972,-9.5702,112.8695,64.3618,-143.9147,-4.476,0.1668,-0.2142
1779988773845,2,11.0000004b,Drive,Delivery,pitch.1,439979,-0.0869,-0.3279,1.9006,0.6931,-2.092,-2.3719,0.0,0.0
1779988773845,2,12.00000015,Lower Delivery,Delivery,pitch.1,439704,0.0113,0.0642,0.0486,-0.2559,-0.2449,-0.2068,0.0,0.0
1779988773845,2,12.00000018,Upper Delivery,Delivery,pitch.1,440558,-6.701,-9.3481,110.407,101.1702,-140.9206,0.3603,0.1699,0.122
1779988773845,2,Pitching Mound.Delivery,,Delivery,pitch.1,439399,-6.6805,-9.2704,110.4585,63.3927,-141.1498,-2.1169,0.1698,-0.2178
1779988773845,2,Pitching Mound.Drive,,Delivery,pitch.1,439979,-0.0869,-0.3279,1.9006,0.6931,-2.092,-2.3719,0.0,0.0
1779988773845,2,Pitching Mound.Parent,,Delivery,pitch.1,439019,-6.7673,-9.5983,112.359,64.0858,-143.2418,-4.4888,0.167,-0.2141
1779988773846,2,11.0000004b,Drive,Delivery,pitch.1,439980,-0.0763,-0.3253,1.8859,0.6693,-2.1156,-2.3708,0.0,0.0
1779988773846,2,12.00000015,Lower Delivery,Delivery,pitch.1,439705,0.0181,0.0881,0.0513,-0.2638,-0.2478,-0.2153,0.0,0.0
1779988773846,2,12.00000018,Upper Delivery,Delivery,pitch.1,440559,-6.6731,-9.4588,109.8443,100.5041,-140.4038,0.2324,0.1702,0.1218
1779988773846,2,Pitching Mound.Delivery,,Delivery,pitch.1,439400,-6.6618,-9.3946,109.893,62.9176,-140.6486,-2.2471,0.1701,-0.2179
1779988773846,2,Pitching Mound.Drive,,Delivery,pitch.1,439980,-0.0763,-0.3253,1.8859,0.6693,-2.1156,-2.3708,0.0,0.0
1779988773846,2,Pitching Mound.Parent,,Delivery,pitch.1,439020,-6.7381,-9.7199,111.7789,63.5869,-142.7642,-4.618,0.1672,-0.2143
1779988773847,2,11.0000004b,Drive,Delivery,pitch.1,439981,-0.0861,-0.3307,1.8414,0.6954,-2.1614,-2.3841,0.0,0.0
1779988773847,2,12.00000015,Lower Delivery,Delivery,pitch.1,439706,0.0195,0.0979,0.0535,-0.262,-0.2492,-0.1976,0.0,0.0
1779988773847,2,12.00000018,Upper Delivery,Delivery,pitch.1,440560,-6.6275,-9.5511,109.1033,100.095,-139.5171,0.116,0.1702,0.1221
1779988773847,2,Pitching Mound.Delivery,,Delivery,pitch.1,439401,-6.6094,-9.4631,109.1546,62.7535,-139.7649,-2.3587,0.1702,-0.2176
1779988773847,2,Pitching Mound.Drive,,Delivery,pitch.1,439981,-0.0861,-0.3307,1.8414,0.6954,-2.1614,-2.3841,0.0,0.0
1779988773847,2,Pitching Mound.Parent,,Delivery,pitch.1,439021,-6.6955,-9.7938,110.996,63.449,-141.9263,-4.7429,0.1673,-0.214
1779988773848,2,11.0000004b,Drive,Delivery,pitch.1,439982,-0.0808,-0.3183,1.7933,0.6883,-2.1868,-2.3786,0.0,0.0
1779988773848,2,12.00000015,Lower Delivery,Delivery,pitch.1,439707,0.0223,0.1132,0.0571,-0.2723,-0.2581,-0.2365,0.0,0.0
1779988773848,2,12.00000018,Upper Delivery,Delivery,pitch.1,440561,-6.5687,-9.6528,108.7674,98.9669,-138.4789,-0.0224,0.1695,0.1211
1779988773848,2,Pitching Mound.Delivery,,Delivery,pitch.1,439402,-6.5493,-9.5548,108.8209,61.7421,-138.728,-2.46,0.1694,-0.2186
1779988773848,2,Pitching Mound.Drive,,Delivery,pitch.1,439982,-0.0808,-0.3183,1.7933,0.6883,-2.1868,-2.3786,0.0,0.0
1779988773848,2,Pitching Mound.Parent,,Delivery,pitch.1,439022,-6.63,-9.8731,110.6142,62.4304,-140.9149,-4.8385,0.1667,-0.215
1779988773849,2,11.0000004b,Drive,Delivery,pitch.1,439983,-0.0702,-0.3028,1.7092,0.6929,-2.1742,-2.3596,0.0,0.0
1779988773849,2,12.00000015,Lower Delivery,Delivery,pitch.1,439708,0.0265,0.1339,0.0574,-0.2821,-0.2676,-0.2626,0.0,0.0
1779988773849,2,12.00000018,Upper Delivery,Delivery,pitch.1,440562,-6.5544,-9.7467,108.3996,98.5578,-137.7966,-0.1488,0.1692,0.121
1779988773849,2,Pitching Mound.Delivery,,Delivery,pitch.1,439403,-6.5321,-9.6335,108.4567,61.4491,-138.0547,-2.6214,0.1691,-0.2187
1779988773849,2,Pitching Mound.Drive,,Delivery,pitch.1,439983,-0.0702,-0.3028,1.7092,0.6929,-2.1742,-2.3596,0.0,0.0
1779988773849,2,Pitching Mound.Parent,,Delivery,pitch.1,439023,-6.6023,-9.9363,110.1659,62.1419,-140.2288,-4.981,0.1665,-0.2153
1779988773850,2,11.0000004b,Drive,Delivery,pitch.1,439984,-0.0766,-0.3256,1.718,0.7262,-2.339,-2.4009,0.0,0.0
1779988773850,2,12.00000015,Lower Delivery,Delivery,pitch.1,439709,0.0358,0.1623,0.0539,-0.2796,-0.276,-0.3587,0.0,0.0
1779988773850,2,12.00000018,Upper Delivery,Delivery,pitch.1,440563,-6.5337,-9.8186,107.9323,98.2076,-137.5367,-0.2144,0.1696,0.1211
1779988773850,2,Pitching Mound.Delivery,,Delivery,pitch.1,439404,-6.5072,-9.6847,107.9898,61.2481,-137.8043,-2.7075,0.1696,-0.2186
1779988773850,2,Pitching Mound.Drive,,Delivery,pitch.1,439984,-0.0766,-0.3256,1.718,0.7262,-2.339,-2.4009,0.0,0.0
1779988773850,2,Pitching Mound.Parent,,Delivery,pitch.1,439024,-6.5838,-10.0103,109.7078,61.9743,-140.1433,-5.1084,0.1669,-0.2151
1779988773851,2,11.0000004b,Drive,Delivery,pitch.1,439985,-0.0652,-0.3247,1.7111,0.7275,-2.5619,-2.4258,0.0,0.0
1779988773851,2,12.00000015,Lower Delivery,Delivery,pitch.1,439710,0.036,0.158,0.0546,-0.2829,-0.287,-0.3276,0.0,0.0
1779988773851,2,12.00000018,Upper Delivery,Delivery,pitch.1,440564,-6.5157,-9.8547,107.2885,97.5264,-137.0748,-0.3243,0.1701,0.121
1779988773851,2,Pitching Mound.Delivery,,Delivery,pitch.1,439405,-6.4799,-9.6924,107.3424,60.787,-137.3508,-2.9105,0.17,-0.2187
1779988773851,2,Pitching Mound.Drive,,Delivery,pitch.1,439985,-0.0652,-0.3247,1.7111,0.7275,-2.5619,-2.4258,0.0,0.0
1779988773851,2,Pitching Mound.Parent,,Delivery,pitch.1,439025,-6.5451,-10.0171,109.0535,61.5145,-139.9127,-5.3363,0.1673,-0.2153
1779988773852,2,11.0000004b,Drive,Delivery,pitch.1,439986,-0.0664,-0.3399,1.7474,0.7363,-2.6846,-2.4528,0.0,0.0
1779988773852,2,12.00000015,Lower Delivery,Delivery,pitch.1,439711,0.0451,0.1829,0.0529,-0.2741,-0.2876,-0.3282,0.0,0.0
1779988773852,2,12.00000018,Upper Delivery,Delivery,pitch.1,440565,-6.5186,-9.922,107.1583,96.8126,-136.6998,-0.4618,0.1698,0.1203
1779988773852,2,Pitching Mound.Delivery,,Delivery,pitch.1,439406,-6.4826,-9.764,107.2129,60.1144,-136.9868,-3.018,0.1697,-0.2194
1779988773852,2,Pitching Mound.Drive,,Delivery,pitch.1,439986,-0.0664,-0.3399,1.7474,0.7363,-2.6846,-2.4528,0.0,0.0
1779988773852,2,Pitching Mound.Parent,,Delivery,pitch.1,439026,-6.549,-10.104,108.9604,60.8508,-139.6714,-5.4708,0.167,-0.2159
1779988773853,2,11.0000004b,Drive,Delivery,pitch.1,439987,-0.0646,-0.3405,1.7582,0.7437,-2.8383,-2.4581,0.0,0.0
1779988773853,2,12.00000015,Lower Delivery,Delivery,pitch.1,439712,0.0293,0.1401,0.041,-0.2536,-0.2759,-0.3125,0.0,0.0
1779988773853,2,12.00000018,Upper Delivery,Delivery,pitch.1,440566,-6.4886,-9.9622,106.8418,96.2535,-136.1518,-0.6146,0.1696,0.1199
1779988773853,2,Pitching Mound.Delivery,,Delivery,pitch.1,439407,-6.4435,-9.7793,106.8946,59.6713,-136.4394,-3.1643,0.1696,-0.2198
1779988773853,2,Pitching Mound.Drive,,Delivery,pitch.1,439987,-0.0646,-0.3405,1.7582,0.7437,-2.8383,-2.4581,0.0,0.0
1779988773853,2,Pitching Mound.Parent,,Delivery,pitch.1,439027,-6.5081,-10.1198,108.6528,60.415,-139.2777,-5.6224,0.1668,-0.2162
1779988773854,2,11.0000004b,Drive,Delivery,pitch.1,439988,-0.0654,-0.3461,1.7581,0.7466,-2.8447,-2.4525,0.0,0.0
1779988773854,2,12.00000015,Lower Delivery,Delivery,pitch.1,439713,0.0312,0.1441,0.0523,-0.2452,-0.2645,-0.267,0.0,0.0
1779988773854,2,12.00000018,Upper Delivery,Delivery,pitch.1,440567,-6.4666,-9.9934,106.6061,95.8165,-135.4967,-0.7432,0.1692,0.1197
1779988773854,2,Pitching Mound.Delivery,,Delivery,pitch.1,439408,-6.4373,-9.8533,106.647,59.3308,-135.7726,-3.2642,0.1691,-0.2201
1779988773854,2,Pitching Mound.Drive,,Delivery,pitch.1,439988,-0.0654,-0.3461,1.7581,0.7466,-2.8447,-2.4525,0.0,0.0
1779988773854,2,Pitching Mound.Parent,,Delivery,pitch.1,439028,-6.5027,-10.1994,108.4051,60.0773,-138.6173,-5.7167,0.1664,-0.2166
1779988773855,2,11.0000004b,Drive,Delivery,pitch.1,439989,-0.0589,-0.3393,1.6863,0.7485,-2.6917,-2.4566,0.0,0.0
1779988773855,2,12.00000015,Lower Delivery,Delivery,pitch.1,439714,0.0336,0.1511,0.0424,-0.2489,-0.267,-0.2232,0.0,0.0
1779988773855,2,12.00000018,Upper Delivery,Delivery,pitch.1,440568,-6.4237,-10.0423,106.2924,95.5543,-134.9149,-0.86,0.169,0.1197
1779988773855,2,Pitching Mound.Delivery,,Delivery,pitch.1,439409,-6.3926,-9.8982,106.3448,59.1875,-135.1794,-3.3216,0.1689,-0.22
1779988773855,2,Pitching Mound.Drive,,Delivery,pitch.1,439989,-0.0589,-0.3393,1.6863,0.7485,-2.6917,-2.4566,0.0,0.0
1779988773855,2,Pitching Mound.Parent,,Delivery,pitch.1,439029,-6.4514,-10.2375,108.0311,59.936,-137.8711,-5.7782,0.1663,-0.2166
1779988773856,2,11.0000004b,Drive,Delivery,pitch.1,439990,-0.0739,-0.3299,1.741,0.7378,-2.7275,-2.4424,0.0,0.0
1779988773856,2,12.00000015,Lower Delivery,Delivery,pitch.1,439715,0.026,0.1165,0.0459,-0.2374,-0.2641,-0.243,0.0,0.0
1779988773856,2,12.00000018,Upper Delivery,Delivery,pitch.1,440569,-6.3898,-10.1226,106.2594,94.954,-134.1862,-1.0182,0.1681,0.119
1779988773856,2,Pitching Mound.Delivery,,Delivery,pitch.1,439410,-6.3562,-9.9715,106.3019,58.5913,-134.4532,-3.4253,0.168,-0.2208
1779988773856,2,Pitching Mound.Drive,,Delivery,pitch.1,439990,-0.0739,-0.3299,1.741,0.7378,-2.7275,-2.4424,0.0,0.0
1779988773856,2,Pitching Mound.Parent,,Delivery,pitch.1,439030,-6.4301,-10.3014,108.0429,59.3291,-137.1807,-5.8677,0.1653,-0.2173
1779988773857,2,11.0000004b,Drive,Delivery,pitch.1,439991,-0.0801,-0.349,1.8295,0.7268,-2.6149,-2.4208,0.0,0.0
1779988773857,2,12.00000015,Lower Delivery,Delivery,pitch.1,439716,0.0295,0.1314,0.0423,-0.2225,-0.2558,-0.2267,0.0,0.0
1779988773857,2,12.00000018,Upper Delivery,Delivery,pitch.1,440570,-6.3874,-10.1335,105.9105,94.5106,-134.2267,-1.0147,0.1687,0.1188
1779988773857,2,Pitching Mound.Delivery,,Delivery,pitch.1,439411,-6.3615,-10.017,105.9564,58.2792,-134.4907,-3.4382,0.1686,-0.221
1779988773857,2,Pitching Mound.Drive,,Delivery,pitch.1,439991,-0.0801,-0.349,1.8295,0.7268,-2.6149,-2.4208,0.0,0.0
1779988773857,2,Pitching Mound.Parent,,Delivery,pitch.1,439031,-6.4416,-10.366,107.7859,59.006,-137.1056,-5.859,0.1658,-0.2172
1779988773858,2,11.0000004b,Drive,Delivery,pitch.1,439992,-0.0689,-0.3511,1.775,0.718,-2.5979,-2.4124,0.0,0.0
1779988773858,2,11.0000004b,Drive,Delivery,pitch.1,439993,-0.0654,-0.3436,1.8088,0.7198,-2.4556,-2.407,0.0,0.0
1779988773858,2,12.00000015,Lower Delivery,Delivery,pitch.1,439717,0.0225,0.0964,0.0455,-0.2201,-0.2525,-0.2217,0.0,0.0
1779988773858,2,12.00000018,Upper Delivery,Delivery,pitch.1,440571,-6.3639,-10.1427,105.6615,94.0583,-133.8035,-1.0115,0.1686,0.1185
1779988773858,2,Pitching Mound.Delivery,,Delivery,pitch.1,439412,-6.3344,-10.0112,105.7038,57.9253,-134.0593,-3.412,0.1685,-0.2213
1779988773858,2,Pitching Mound.Drive,,Delivery,pitch.1,439992,-0.0689,-0.3511,1.775,0.718,-2.5979,-2.4124,0.0,0.0
1779988773858,2,Pitching Mound.Drive,,Delivery,pitch.1,439993,-0.0654,-0.3436,1.8088,0.7198,-2.4556,-2.407,0.0,0.0
1779988773858,2,Pitching Mound.Parent,,Delivery,pitch.1,439032,-6.4033,-10.3624,107.4788,58.6434,-136.6573,-5.8243,0.1657,-0.2176
1779988773859,2,11.0000004b,Drive,Delivery,pitch.1,439994,-0.0625,-0.3519,1.8297,0.71,-2.3846,-2.3939,0.0,0.0
1779988773859,2,12.00000015,Lower Delivery,Delivery,pitch.1,439718,0.0096,0.0686,0.0447,-0.2139,-0.243,-0.2138,0.0,0.0
1779988773859,2,12.00000018,Upper Delivery,Delivery,pitch.1,440572,-6.3397,-10.146,105.3414,93.9757,-133.3569,-1.0147,0.1685,0.1188
1779988773859,2,Pitching Mound.Delivery,,Delivery,pitch.1,439413,-6.3172,-10.0496,105.3869,57.955,-133.6094,-3.3995,0.1685,-0.221
1779988773859,2,Pitching Mound.Drive,,Delivery,pitch.1,439994,-0.0625,-0.3519,1.8297,0.71,-2.3846,-2.3939,0.0,0.0
1779988773859,2,Pitching Mound.Parent,,Delivery,pitch.1,439033,-6.3827,-10.3932,107.1957,58.6748,-136.065,-5.8065,0.1656,-0.2173
1779988773860,2,11.0000004b,Drive,Delivery,pitch.1,439995,-0.0704,-0.3392,1.8687,0.6956,-2.4905,-2.4051,0.0,0.0
1779988773860,2,12.00000015,Lower Delivery,Delivery,pitch.1,439719,-0.0023,0.0214,0.0394,-0.1908,-0.2242,-0.129,0.0,0.0
1779988773860,2,12.00000018,Upper Delivery,Delivery,pitch.1,440573,-6.2594,-10.1897,104.8211,93.6468,-132.612,-1.025,0.1684,0.1189
1779988773860,2,Pitching Mound.Delivery,,Delivery,pitch.1,439414,-6.2498,-10.1211,104.8658,57.8089,-132.855,-3.3703,0.1684,-0.2208
1779988773860,2,Pitching Mound.Drive,,Delivery,pitch.1,439995,-0.0704,-0.3392,1.8687,0.6956,-2.4905,-2.4051,0.0,0.0
1779988773860,2,Pitching Mound.Parent,,Delivery,pitch.1,439034,-6.3123,-10.4729,106.6955,58.5189,-135.2396,-5.7642,0.1655,-0.217
1779988773861,2,11.0000004b,Drive,Delivery,pitch.1,439996,-0.0608,-0.3355,1.8236,0.7167,-2.2885,-2.3911,0.0,0.0
1779988773861,2,12.00000015,Lower Delivery,Delivery,pitch.1,439720,-0.0061,0.0124,0.0413,-0.1927,-0.2226,-0.0851,0.0,0.0
1779988773861,2,12.00000018,Upper Delivery,Delivery,pitch.1,440574,-6.2249,-10.2189,104.2677,93.0701,-132.0435,-1.032,0.1686,0.1188
1779988773861,2,Pitching Mound.Delivery,,Delivery,pitch.1,439415,-6.2272,-10.1975,104.3072,57.4417,-132.2677,-3.2767,0.1685,-0.221
1779988773861,2,Pitching Mound.Drive,,Delivery,pitch.1,439996,-0.0608,-0.3355,1.8236,0.7167,-2.2885,-2.3911,0.0,0.0
1779988773861,2,Pitching Mound.Parent,,Delivery,pitch.1,439035,-6.2976,-10.5367,106.1758,58.1373,-134.7583,-5.6818,0.1656,-0.2171
1779988773862,2,11.0000004b,Drive,Delivery,pitch.1,439997,-0.08,-0.331,1.8551,0.733,-2.1939,-2.3756,0.0,0.0
1779988773862,2,12.00000015,Lower Delivery,Delivery,pitch.1,439721,-0.0016,0.0216,0.0441,-0.1955,-0.2193,-0.0907,0.0,0.0
1779988773862,2,12.00000018,Upper Delivery,Delivery,pitch.1,440575,-6.1973,-10.2417,104.1537,92.9765,-131.6691,-1.1185,0.1683,0.1188
1779988773862,2,Pitching Mound.Delivery,,Delivery,pitch.1,439416,-6.2033,-10.2293,104.195,57.3856,-131.8917,-3.3087,0.1682,-0.2209
1779988773862,2,Pitching Mound.Drive,,Delivery,pitch.1,439997,-0.08,-0.331,1.8551,0.733,-2.1939,-2.3756,0.0,0.0
1779988773862,2,Pitching Mound.Parent,,Delivery,pitch.1,439036,-6.2641,-10.5648,106.0185,58.1023,-134.1802,-5.6998,0.1653,-0.2171
1779988773863,2,11.0000004b,Drive,Delivery,pitch.1,439998,-0.0712,-0.3374,1.8416,0.7274,-2.1414,-2.3808,0.0,0.0
1779988773863,2,12.00000015,Lower Delivery,Delivery,pitch.1,439722,-0.0052,0.0057,0.0436,-0.1965,-0.2259,-0.1259,0.0,0.0
1779988773863,2,12.00000018,Upper Delivery,Delivery,pitch.1,440576,-6.1639,-10.2396,103.6236,92.6777,-131.4566,-1.1847,0.1689,0.1191
1779988773863,2,Pitching Mound.Delivery,,Delivery,pitch.1,439417,-6.1655,-10.218,103.6677,57.2651,-131.6759,-3.3705,0.1688,-0.2207
1779988773863,2,Pitching Mound.Drive,,Delivery,pitch.1,439998,-0.0712,-0.3374,1.8416,0.7274,-2.1414,-2.3808,0.0,0.0
1779988773863,2,Pitching Mound.Parent,,Delivery,pitch.1,439037,-6.2455,-10.549,105.5228,57.9982,-133.8698,-5.7461,0.1658,-0.2168
1779988773864,2,11.0000004b,Drive,Delivery,pitch.1,439999,-0.0716,-0.3198,1.8018,0.7266,-2.4207,-2.3741,0.0,0.0
1779988773864,2,12.00000015,Lower Delivery,Delivery,pitch.1,439723,-0.0082,0.006,0.047,-0.2028,-0.2233,-0.1392,0.0,0.0
1779988773864,2,12.00000018,Upper Delivery,Delivery,pitch.1,440577,-6.1218,-10.2715,103.479,92.1867,-131.1743,-1.2091,0.1688,0.1186
1779988773864,2,Pitching Mound.Delivery,,Delivery,pitch.1,439418,-6.127,-10.2658,103.5226,56.8221,-131.4002,-3.4146,0.1687,-0.2212
1779988773864,2,Pitching Mound.Drive,,Delivery,pitch.1,439999,-0.0716,-0.3198,1.8018,0.7266,-2.4207,-2.3741,0.0,0.0
1779988773864,2,Pitching Mound.Parent,,Delivery,pitch.1,439038,-6.1982,-10.6032,105.3642,57.5495,-133.5416,-5.7954,0.1657,-0.2173
1779988773865,2,11.0000004b,Drive,Delivery,pitch.1,440000,-0.0734,-0.3355,1.8597,0.7366,-2.409,-2.4058,0.0,0.0
1779988773865,2,12.00000015,Lower Delivery,Delivery,pitch.1,439724,-0.0093,0.007,0.0497,-0.2193,-0.2409,-0.2295,0.0,0.0
1779988773865,2,12.00000018,Upper Delivery,Delivery,pitch.1,440578,-6.0722,-10.2685,102.9271,91.6895,-130.7195,-1.271,0.1691,0.1186
1779988773865,2,Pitching Mound.Delivery,,Delivery,pitch.1,439419,-6.0804,-10.2625,102.9741,56.5075,-130.9428,-3.4719,0.169,-0.2212
1779988773865,2,Pitching Mound.Drive,,Delivery,pitch.1,440000,-0.0734,-0.3355,1.8597,0.7366,-2.409,-2.4058,0.0,0.0
1779988773865,2,Pitching Mound.Parent,,Delivery,pitch.1,439039,-6.152,-10.5823,104.7759,57.2341,-133.3635,-5.846,0.1661,-0.2173
1779988773866,2,11.0000004b,Drive,Delivery,pitch.1,440001,-0.0663,-0.355,1.8481,0.7495,-2.2267,-2.4201,0.0,0.0
1779988773866,2,12.00000015,Lower Delivery,Delivery,pitch.1,439725,-0.0136,0.0038,0.0501,-0.2171,-0.234,-0.2351,0.0,0.0
1779988773866,2,12.00000018,Upper Delivery,Delivery,pitch.1,440579,-6.0512,-10.2487,102.3823,91.1583,-130.3573,-1.4037,0.1695,0.1185
1779988773866,2,Pitching Mound.Delivery,,Delivery,pitch.1,439420,-6.0605,-10.2417,102.432,56.1459,-130.5982,-3.6874,0.1694,-0.2212
1779988773866,2,Pitching Mound.Drive,,Delivery,pitch.1,440001,-0.0663,-0.355,1.8481,0.7495,-2.2267,-2.4201,0.0,0.0
1779988773866,2,Pitching Mound.Parent,,Delivery,pitch.1,439040,-6.1339,-10.5772,104.2916,56.8826,-133.0072,-6.0933,0.1664,-0.2173
1779988773867,2,11.0000004b,Drive,Delivery,pitch.1,440002,-0.0739,-0.3583,1.868,0.7443,-2.2736,-2.42,0.0,0.0
1779988773867,2,12.00000015,Lower Delivery,Delivery,pitch.1,439726,-0.0002,0.0419,0.058,-0.2325,-0.2366,-0.2395,0.0,0.0
1779988773867,2,12.00000018,Upper Delivery,Delivery,pitch.1,440580,-6.0492,-10.2263,101.9702,90.905,-130.0528,-1.4774,0.1698,0.1187
1779988773867,2,Pitching Mound.Delivery,,Delivery,pitch.1,439421,-6.0628,-10.2225,102.0203,56.0351,-130.2868,-3.7646,0.1697,-0.221
1779988773867,2,Pitching Mound.Drive,,Delivery,pitch.1,440002,-0.0739,-0.3583,1.868,0.7443,-2.2736,-2.42,0.0,0.0
1779988773867,2,Pitching Mound.Parent,,Delivery,pitch.1,439041,-6.1291,-10.5775,103.8685,56.7846,-132.5134,-6.1847,0.1667,-0.2171
1779988773868,2,11.0000004b,Drive,Delivery,pitch.1,440003,-0.0556,-0.3635,1.7687,0.7765,-2.137,-2.4124,0.0,0.0
1779988773868,2,12.00000015,Lower Delivery,Delivery,pitch.1,439727,0.006,0.0617,0.0612,-0.2366,-0.2385,-0.2296,0.0,0.0
1779988773868,2,12.00000018,Upper Delivery,Delivery,pitch.1,440581,-6.0004,-10.2516,101.6723,90.604,-129.7132,-1.5451,0.1698,0.1186
1779988773868,2,Pitching Mound.Delivery,,Delivery,pitch.1,439422,-6.0006,-10.2097,101.7303,55.8227,-129.9498,-3.8247,0.1697,-0.221
1779988773868,2,Pitching Mound.Drive,,Delivery,pitch.1,440003,-0.0556,-0.3635,1.7687,0.7765,-2.137,-2.4124,0.0,0.0
1779988773868,2,Pitching Mound.Parent,,Delivery,pitch.1,439042,-6.0745,-10.5679,103.5983,56.5669,-132.2233,-6.2447,0.1667,-0.2171
1779988773869,2,11.0000004b,Drive,Delivery,pitch.1,440004,-0.0635,-0.3618,1.8022,0.7798,-2.0458,-2.4111,0.0,0.0
1779988773869,2,12.00000015,Lower Delivery,Delivery,pitch.1,439728,0.0152,0.0837,0.0608,-0.238,-0.2377,-0.2178,0.0,0.0
1779988773869,2,12.00000018,Upper Delivery,Delivery,pitch.1,440582,-5.9888,-10.2596,101.2338,90.495,-129.3865,-1.5989,0.1701,0.119
1779988773869,2,Pitching Mound.Delivery,,Delivery,pitch.1,439423,-5.9828,-10.1979,101.2951,55.8598,-129.6249,-3.8668,0.17,-0.2207
1779988773869,2,Pitching Mound.Drive,,Delivery,pitch.1,440004,-0.0635,-0.3618,1.8022,0.7798,-2.0458,-2.4111,0.0,0.0
1779988773869,2,Pitching Mound.Parent,,Delivery,pitch.1,439043,-6.0384,-10.5614,103.0638,56.6363,-131.7619,-6.2791,0.1671,-0.2169
1779988773870,2,11.0000004b,Drive,Delivery,pitch.1,440005,-0.0646,-0.3791,1.8101,0.8043,-1.8928,-2.4286,0.0,0.0
1779988773870,2,12.00000015,Lower Delivery,Delivery,pitch.1,439729,0.0224,0.1053,0.0656,-0.24,-0.2288,-0.1914,0.0,0.0
1779988773870,2,12.00000018,Upper Delivery,Delivery,pitch.1,440583,-5.9537,-10.2705,100.7044,90.2705,-128.9754,-1.6568,0.1705,0.1193
1779988773870,2,Pitching Mound.Delivery,,Delivery,pitch.1,439424,-5.9386,-10.1868,100.7653,55.8137,-129.2131,-3.904,0.1704,-0.2203
1779988773870,2,Pitching Mound.Drive,,Delivery,pitch.1,440005,-0.0646,-0.3791,1.8101,0.8043,-1.8928,-2.4286,0.0,0.0
1779988773870,2,Pitching Mound.Parent,,Delivery,pitch.1,439044,-6.0021,-10.5486,102.5674,56.5935,-131.259,-6.3152,0.1674,-0.2165
1779988773871,2,11.0000004b,Drive,Delivery,pitch.1,440006,-0.0558,-0.38,1.7462,0.8012,-1.778,-2.4227,0.0,0.0
1779988773871,2,12.00000015,Lower Delivery,Delivery,pitch.1,439730,0.0254,0.1137,0.0642,-0.2432,-0.2382,-0.2132,0.0,0.0
1779988773871,2,12.00000018,Upper Delivery,Delivery,pitch.1,440584,-5.9878,-10.2409,100.4379,89.98,-129.0473,-1.7274,0.171,0.1193
1779988773871,2,Pitching Mound.Delivery,,Delivery,pitch.1,439425,-5.9654,-10.1356,100.5035,55.6134,-129.2761,-3.9623,0.1709,-0.2204
1779988773871,2,Pitching Mound.Drive,,Delivery,pitch.1,440006,-0.0558,-0.38,1.7462,0.8012,-1.778,-2.4227,0.0,0.0
1779988773871,2,Pitching Mound.Parent,,Delivery,pitch.1,439045,-6.03,-10.5147,102.3136,56.4178,-131.169,-6.3909,0.1679,-0.2165
1779988773872,2,11.0000004b,Drive,Delivery,pitch.1,440007,-0.0538,-0.3634,1.73,0.7998,-1.7636,-2.4292,0.0,0.0
1779988773872,2,12.00000015,Lower Delivery,Delivery,pitch.1,439731,0.0279,0.1173,0.0626,-0.2555,-0.2308,-0.1645,0.0,0.0
1779988773872,2,12.00000018,Upper Delivery,Delivery,pitch.1,440585,-5.958,-10.2548,100.2622,89.8744,-128.8212,-1.7282,0.171,0.1193
1779988773872,2,Pitching Mound.Delivery,,Delivery,pitch.1,439426,-5.9327,-10.1412,100.3265,55.5638,-129.0594,-3.9757,0.1709,-0.2203
1779988773872,2,Pitching Mound.Drive,,Delivery,pitch.1,440007,-0.0538,-0.3634,1.73,0.7998,-1.7636,-2.4292,0.0,0.0
1779988773872,2,Pitching Mound.Parent,,Delivery,pitch.1,439046,-5.9884,-10.5212,102.0727,56.365,-130.8374,-6.3983,0.168,-0.2165
1779988773873,2,11.0000004b,Drive,Delivery,pitch.1,440008,-0.0642,-0.3555,1.7511,0.7745,-1.9752,-2.4261,0.0,0.0
1779988773873,2,12.00000015,Lower Delivery,Delivery,pitch.1,439732,0.0334,0.1334,0.0608,-0.2506,-0.2258,-0.146,0.0,0.0
1779988773873,2,12.00000018,Upper Delivery,Delivery,pitch.1,440586,-5.9308,-10.2594,99.844,89.4372,-128.8196,-1.7279,0.1718,0.1193
1779988773873,2,Pitching Mound.Delivery,,Delivery,pitch.1,439427,-5.9029,-10.142,99.9066,55.2561,-129.0504,-3.9183,0.1717,-0.2204
1779988773873,2,Pitching Mound.Drive,,Delivery,pitch.1,440008,-0.0642,-0.3555,1.7511,0.7745,-1.9752,-2.4261,0.0,0.0
1779988773873,2,Pitching Mound.Parent,,Delivery,pitch.1,439047,-5.9567,-10.5055,101.6366,56.0559,-130.814,-6.3475,0.1687,-0.2166
1779988773874,2,11.0000004b,Drive,Delivery,pitch.1,440009,-0.0916,-0.3446,1.763,0.7331,-1.7898,-2.4262,0.0,0.0
1779988773874,2,12.00000015,Lower Delivery,Delivery,pitch.1,439733,0.0337,0.135,0.0616,-0.2516,-0.2287,-0.1761,0.0,0.0
1779988773874,2,12.00000018,Upper Delivery,Delivery,pitch.1,440587,-5.9184,-10.2763,99.3917,88.8889,-128.2199,-1.7293,0.1717,0.1191
1779988773874,2,Pitching Mound.Delivery,,Delivery,pitch.1,439428,-5.885,-10.1429,99.4525,54.8658,-128.4458,-3.8989,0.1716,-0.2206
1779988773874,2,Pitching Mound.Drive,,Delivery,pitch.1,440009,-0.0916,-0.3446,1.763,0.7331,-1.7898,-2.4262,0.0,0.0
1779988773874,2,Pitching Mound.Parent,,Delivery,pitch.1,439048,-5.9492,-10.4984,101.2036,55.6403,-130.421,-6.325,0.1687,-0.2168
1779988773875,2,11.0000004b,Drive,Delivery,pitch.1,440010,-0.1064,-0.3442,1.7715,0.7229,-1.9522,-2.4193,0.0,0.0
1779988773875,2,12.00000015,Lower Delivery,Delivery,pitch.1,439734,0.0359,0.1345,0.0603,-0.2548,-0.2347,-0.2001,0.0,0.0
1779988773875,2,12.00000018,Upper Delivery,Delivery,pitch.1,440588,-5.9138,-10.2586,98.8857,88.7931,-128.0814,-1.7626,0.1724,0.1195
1779988773875,2,Pitching Mound.Delivery,,Delivery,pitch.1,439429,-5.8801,-10.1236,98.9472,54.9414,-128.3101,-3.9608,0.1723,-0.2201
1779988773875,2,Pitching Mound.Drive,,Delivery,pitch.1,440010,-0.1064,-0.3442,1.7715,0.7229,-1.9522,-2.4193,0.0,0.0
1779988773875,2,Pitching Mound.Parent,,Delivery,pitch.1,439049,-5.9717,-10.4682,100.7102,55.6745,-130.1,-6.387,0.1693,-0.2163
1779988773876,2,11.0000004b,Drive,Delivery,pitch.1,440011,-0.0973,-0.3164,1.7478,0.7183,-2.1255,-2.4255,0.0,0.0
1779988773876,2,12.00000015,Lower Delivery,Delivery,pitch.1,439735,0.0354,0.1262,0.0591,-0.2409,-0.2278,-0.1518,0.0,0.0
1779988773876,2,12.00000018,Upper Delivery,Delivery,pitch.1,440589,-5.9203,-10.2865,98.8507,88.5481,-128.0241,-1.7818,0.1724,0.1193
1779988773876,2,Pitching Mound.Delivery,,Delivery,pitch.1,439430,-5.8844,-10.152,98.911,54.7045,-128.2588,-4.007,0.1723,-0.2204
1779988773876,2,Pitching Mound.Drive,,Delivery,pitch.1,440011,-0.0973,-0.3164,1.7478,0.7183,-2.1255,-2.4255,0.0,0.0
1779988773876,2,Pitching Mound.Parent,,Delivery,pitch.1,439050,-5.9908,-10.4962,100.6825,55.4274,-130.211,-6.4263,0.1693,-0.2165
1779988773877,2,11.0000004b,Drive,Delivery,pitch.1,440012,-0.1182,-0.3092,1.8211,0.705,-2.3382,-2.4331,0.0,0.0
1779988773877,2,12.00000015,Lower Delivery,Delivery,pitch.1,439736,0.0427,0.1454,0.0576,-0.2428,-0.2262,-0.1786,0.0,0.0
1779988773877,2,12.00000018,Upper Delivery,Delivery,pitch.1,440590,-5.9025,-10.2772,98.5311,88.2594,-127.7361,-1.7718,0.1726,0.1192
1779988773877,2,Pitching Mound.Delivery,,Delivery,pitch.1,439431,-5.8671,-10.151,98.5902,54.538,-127.964,-3.9425,0.1725,-0.2204
1779988773877,2,Pitching Mound.Drive,,Delivery,pitch.1,440012,-0.1182,-0.3092,1.8211,0.705,-2.3382,-2.4331,0.0,0.0
1779988773877,2,Pitching Mound.Parent,,Delivery,pitch.1,439051,-5.9644,-10.4675,100.3379,55.2562,-130.0895,-6.368,0.1695,-0.2166
1779988773878,2,11.0000004b,Drive,Delivery,pitch.1,440013,-0.105,-0.2914,1.7649,0.6704,-2.3636,-2.4316,0.0,0.0
1779988773878,2,12.00000015,Lower Delivery,Delivery,pitch.1,439737,0.0278,0.1041,0.0526,-0.256,-0.2453,-0.2422,0.0,0.0
1779988773878,2,12.00000018,Upper Delivery,Delivery,pitch.1,440591,-5.9105,-10.2909,98.3568,87.6735,-127.65,-1.7948,0.1728,0.1187
1779988773878,2,Pitching Mound.Delivery,,Delivery,pitch.1,439432,-5.8678,-10.1455,98.4144,54.009,-127.8762,-3.9975,0.1727,-0.221
1779988773878,2,Pitching Mound.Drive,,Delivery,pitch.1,440013,-0.105,-0.2914,1.7649,0.6704,-2.3636,-2.4316,0.0,0.0
1779988773878,2,Pitching Mound.Parent,,Delivery,pitch.1,439052,-5.986,-10.4547,100.2355,54.714,-130.2144,-6.4306,0.1695,-0.217
1779988773879,2,11.0000004b,Drive,Delivery,pitch.1,440014,-0.1099,-0.2726,1.7613,0.6445,-2.0988,-2.3922,0.0,0.0
1779988773879,2,12.00000015,Lower Delivery,Delivery,pitch.1,439738,0.0207,0.081,0.0534,-0.2528,-0.2477,-0.2959,0.0,0.0
1779988773879,2,12.00000018,Upper Delivery,Delivery,pitch.1,440592,-5.9032,-10.2888,98.2398,87.1987,-127.3094,-1.82,0.1725,0.1182
1779988773879,2,Pitching Mound.Delivery,,Delivery,pitch.1,439433,-5.8754,-10.1847,98.2925,53.5591,-127.5546,-4.0788,0.1724,-0.2215
1779988773879,2,Pitching Mound.Drive,,Delivery,pitch.1,440014,-0.1099,-0.2726,1.7613,0.6445,-2.0988,-2.3922,0.0,0.0
1779988773879,2,Pitching Mound.Parent,,Delivery,pitch.1,439053,-5.9804,-10.476,100.0574,54.2295,-129.9182,-6.5105,0.1694,-0.2176
1779988773880,2,11.0000004b,Drive,Delivery,pitch.1,440015,-0.1118,-0.2891,1.7295,0.6288,-2.1927,-2.3979,0.0,0.0
1779988773880,2,12.00000015,Lower Delivery,Delivery,pitch.1,439739,0.0068,0.0542,0.0597,-0.2545,-0.2512,-0.3447,0.0,0.0
1779988773880,2,12.00000018,Upper Delivery,Delivery,pitch.1,440593,-5.9076,-10.297,98.2905,86.8927,-126.9927,-1.8387,0.172,0.1177
1779988773880,2,Pitching Mound.Delivery,,Delivery,pitch.1,439434,-5.8869,-10.216,98.3439,53.2393,-127.2404,-4.1501,0.1719,-0.222
1779988773880,2,Pitching Mound.Drive,,Delivery,pitch.1,440015,-0.1118,-0.2891,1.7295,0.6288,-2.1927,-2.3979,0.0,0.0
1779988773880,2,Pitching Mound.Parent,,Delivery,pitch.1,439054,-5.9968,-10.4886,100.1052,53.8837,-129.3392,-6.5423,0.1689,-0.2181
1779988773881,2,11.0000004b,Drive,Delivery,pitch.1,440016,-0.1252,-0.2543,1.4889,0.5803,-2.2714,-2.3728,0.0,0.0
1779988773881,2,12.00000015,Lower Delivery,Delivery,pitch.1,439740,-0.0014,0.0309,0.0599,-0.2529,-0.2385,-0.2576,0.0,0.0
1779988773881,2,12.00000018,Upper Delivery,Delivery,pitch.1,440594,-5.8978,-10.2883,98.0878,86.7343,-126.7991,-1.8853,0.1721,0.1177
1779988773881,2,Pitching Mound.Delivery,,Delivery,pitch.1,439435,-5.891,-10.2342,98.1475,53.1502,-127.0502,-4.2376,0.172,-0.2219
1779988773881,2,Pitching Mound.Drive,,Delivery,pitch.1,440016,-0.1252,-0.2543,1.4889,0.5803,-2.2714,-2.3728,0.0,0.0
1779988773881,2,Pitching Mound.Parent,,Delivery,pitch.1,439055,-6.0028,-10.5233,99.8769,53.779,-129.2429,-6.6355,0.169,-0.2181
1779988773882,2,11.0000004b,Drive,Delivery,pitch.1,440017,-0.116,-0.2632,1.7002,0.5816,-2.2323,-2.3458,0.0,0.0
1779988773882,2,12.00000015,Lower Delivery,Delivery,pitch.1,439741,-0.0008,0.0273,0.0596,-0.2424,-0.2365,-0.2376,0.0,0.0
1779988773882,2,12.00000018,Upper Delivery,Delivery,pitch.1,440595,-5.9088,-10.2872,97.6857,86.3615,-126.5938,-1.9328,0.1725,0.1177
1779988773882,2,Pitching Mound.Delivery,,Delivery,pitch.1,439436,-5.9102,-10.2563,97.7456,52.9158,-126.8323,-4.199,0.1724,-0.222
1779988773882,2,Pitching Mound.Drive,,Delivery,pitch.1,440017,-0.116,-0.2632,1.7002,0.5816,-2.2323,-2.3458,0.0,0.0
1779988773882,2,Pitching Mound.Parent,,Delivery,pitch.1,439056,-6.0354,-10.5107,99.2345,53.4961,-129.1036,-6.5718,0.1698,-0.2186
1779988773883,2,11.0000004b,Drive,Delivery,pitch.1,440018,-0.1246,-0.224,1.4903,0.537,-2.0827,-2.3135,0.0,0.0
1779988773883,2,12.00000015,Lower Delivery,Delivery,pitch.1,439742,0.0005,0.0329,0.0603,-0.2447,-0.2392,-0.2209,0.0,0.0
1779988773883,2,12.00000018,Upper Delivery,Delivery,pitch.1,440596,-5.9206,-10.2845,97.6099,86.3067,-126.4071,-1.9735,0.1724,0.1177
1779988773883,2,Pitching Mound.Delivery,,Delivery,pitch.1,439437,-5.9215,-10.2572,97.6694,52.8972,-126.6436,-4.2239,0.1723,-0.2219
1779988773883,2,Pitching Mound.Drive,,Delivery,pitch.1,440018,-0.1246,-0.224,1.4903,0.537,-2.0827,-2.3135,0.0,0.0
1779988773883,2,Pitching Mound.Parent,,Delivery,pitch.1,439057,-6.0375,-10.5204,99.3696,53.4788,-128.8759,-6.5697,0.1694,-0.2181
1779988773884,2,11.0000004b,Drive,Delivery,pitch.1,440019,-0.1318,-0.2215,1.5288,0.5797,-1.8706,-2.3133,0.0,0.0
1779988773884,2,12.00000015,Lower Delivery,Delivery,pitch.1,439743,-0.0089,0.0058,0.0552,-0.2425,-0.2357,-0.1285,0.0,0.0
1779988773884,2,12.00000018,Upper Delivery,Delivery,pitch.1,440597,-5.9445,-10.2935,97.4404,86.0119,-125.9304,-2.0055,0.1721,0.1175
1779988773884,2,Pitching Mound.Delivery,,Delivery,pitch.1,439438,-5.944,-10.2606,97.5007,52.6579,-126.1695,-4.2478,0.1719,-0.2221
1779988773884,2,Pitching Mound.Drive,,Delivery,pitch.1,440019,-0.1318,-0.2215,1.5288,0.5797,-1.8706,-2.3133,0.0,0.0
1779988773884,2,Pitching Mound.Parent,,Delivery,pitch.1,439058,-6.0687,-10.4846,98.991,53.1949,-128.2523,-6.5613,0.1694,-0.2188
1779988773885,2,11.0000004b,Drive,Delivery,pitch.1,440020,-0.112,-0.2591,1.6882,0.6344,-1.8287,-2.318,0.0,0.0
1779988773885,2,12.00000015,Lower Delivery,Delivery,pitch.1,439744,-0.0089,0.003,0.0528,-0.2386,-0.2286,-0.0995,0.0,0.0
1779988773885,2,12.00000018,Upper Delivery,Delivery,pitch.1,440598,-5.987,-10.3001,97.6108,85.5654,-125.8935,-2.0284,0.1717,0.1167
1779988773885,2,Pitching Mound.Delivery,,Delivery,pitch.1,439439,-5.9959,-10.2943,97.666,52.154,-126.1292,-4.1895,0.1716,-0.223
1779988773885,2,Pitching Mound.Drive,,Delivery,pitch.1,440020,-0.112,-0.2591,1.6882,0.6344,-1.8287,-2.318,0.0,0.0
1779988773885,2,Pitching Mound.Parent,,Delivery,pitch.1,439059,-6.1277,-10.5158,99.1948,52.7337,-127.9998,-6.5028,0.169,-0.2195
1779988773886,2,11.0000004b,Drive,Delivery,pitch.1,440021,-0.0732,-0.3054,1.8839,0.6925,-1.9182,-2.3398,0.0,0.0
1779988773886,2,12.00000015,Lower Delivery,Delivery,pitch.1,439745,-0.0095,0.0017,0.0485,-0.2294,-0.2211,-0.0845,0.0,0.0
1779988773886,2,12.00000018,Upper Delivery,Delivery,pitch.1,440599,-6.0058,-10.3062,97.3421,85.5907,-125.6576,-2.062,0.1719,0.1171
1779988773886,2,Pitching Mound.Delivery,,Delivery,pitch.1,439440,-6.0147,-10.3032,97.3949,52.2737,-125.8863,-4.2004,0.1718,-0.2226
1779988773886,2,Pitching Mound.Drive,,Delivery,pitch.1,440021,-0.0732,-0.3054,1.8839,0.6925,-1.9182,-2.3398,0.0,0.0
1779988773886,2,Pitching Mound.Parent,,Delivery,pitch.1,439060,-6.1267,-10.5622,99.0831,52.9081,-127.715,-6.5183,0.1688,-0.2188
1779988773887,2,11.0000004b,Drive,Delivery,pitch.1,440022,-0.0825,-0.3069,1.9018,0.7105,-1.8526,-2.3246,0.0,0.0
1779988773887,2,12.00000015,Lower Delivery,Delivery,pitch.1,439746,-0.013,0.0008,0.0483,-0.2159,-0.2131,-0.0646,0.0,0.0
1779988773887,2,12.00000018,Upper Delivery,Delivery,pitch.1,440600,-6.0331,-10.3209,97.0709,85.3752,-125.6034,-2.1146,0.1723,0.1171
1779988773887,2,Pitching Mound.Delivery,,Delivery,pitch.1,439441,-6.0426,-10.3192,97.1194,52.1582,-125.8246,-4.2471,0.1722,-0.2226
1779988773887,2,Pitching Mound.Drive,,Delivery,pitch.1,440022,-0.0825,-0.3069,1.9018,0.7105,-1.8526,-2.3246,0.0,0.0
1779988773887,2,Pitching Mound.Parent,,Delivery,pitch.1,439061,-6.1158,-10.6246,99.0033,52.8506,-127.7428,-6.5869,0.1689,-0.2184
1779988773888,2,11.0000004b,Drive,Delivery,pitch.1,440023,-0.0695,-0.334,1.8598,0.7522,-1.8007,-2.3464,0.0,0.0
1779988773888,2,12.00000015,Lower Delivery,Delivery,pitch.1,439747,-0.0145,0.0018,0.0485,-0.2128,-0.2124,-0.0736,0.0,0.0
1779988773888,2,12.00000018,Upper Delivery,Delivery,pitch.1,440601,-6.0413,-10.328,97.3314,85.0893,-125.3625,-2.1146,0.1715,0.1164
1779988773888,2,Pitching Mound.Delivery,,Delivery,pitch.1,439442,-6.0543,-10.3272,97.3796,51.7971,-125.5757,-4.2289,0.1714,-0.2233
1779988773888,2,Pitching Mound.Drive,,Delivery,pitch.1,440023,-0.0695,-0.334,1.8598,0.7522,-1.8007,-2.3464,0.0,0.0
1779988773888,2,Pitching Mound.Parent,,Delivery,pitch.1,439062,-6.1368,-10.634,99.2815,52.5076,-127.4283,-6.5534,0.1681,-0.2191
1779988773889,2,11.0000004b,Drive,Delivery,pitch.1,440024,-0.0718,-0.3328,1.9048,0.771,-1.9555,-2.321,0.0,0.0
1779988773889,2,12.00000015,Lower Delivery,Delivery,pitch.1,439748,-0.0171,0.0017,0.0447,-0.2026,-0.1971,-0.0417,0.0,0.0
1779988773889,2,12.00000018,Upper Delivery,Delivery,pitch.1,440602,-6.0791,-10.3175,97.0716,85.3871,-125.3427,-2.1603,0.1719,0.1171
1779988773889,2,Pitching Mound.Delivery,,Delivery,pitch.1,439443,-6.0936,-10.3157,97.12,52.1865,-125.5551,-4.2958,0.1718,-0.2226
1779988773889,2,Pitching Mound.Drive,,Delivery,pitch.1,440024,-0.0718,-0.3328,1.9048,0.771,-1.9555,-2.321,0.0,0.0
1779988773889,2,Pitching Mound.Parent,,Delivery,pitch.1,439063,-6.1631,-10.6497,98.9799,52.9386,-127.3557,-6.6423,0.1686,-0.2184
1779988773890,2,11.0000004b,Drive,Delivery,pitch.1,440025,-0.0871,-0.3385,1.9011,0.7631,-2.2713,-2.3578,0.0,0.0
1779988773890,2,12.00000015,Lower Delivery,Delivery,pitch.1,439749,-0.0148,0.0018,0.0469,-0.2094,-0.1986,-0.0524,0.0,0.0
1779988773890,2,12.00000018,Upper Delivery,Delivery,pitch.1,440603,-6.0885,-10.3176,96.9996,85.4349,-125.3518,-2.151,0.172,0.1173
1779988773890,2,Pitching Mound.Delivery,,Delivery,pitch.1,439444,-6.1056,-10.3159,97.0443,52.2676,-125.549,-4.2569,0.172,-0.2225
1779988773890,2,Pitching Mound.Drive,,Delivery,pitch.1,440025,-0.0871,-0.3385,1.9011,0.7631,-2.2713,-2.3578,0.0,0.0
1779988773890,2,Pitching Mound.Parent,,Delivery,pitch.1,439064,-6.1774,-10.6487,98.9491,53.0385,-127.5045,-6.5779,0.1687,-0.2182
1779988773891,2,11.0000004b,Drive,Delivery,pitch.1,440026,-0.0516,-0.3444,1.7396,0.7529,-2.2822,-2.3645,0.0,0.0
1779988773891,2,12.00000015,Lower Delivery,Delivery,pitch.1,439750,-0.0106,0.0074,0.0468,-0.2212,-0.2137,-0.0991,0.0,0.0
1779988773891,2,12.00000018,Upper Delivery,Delivery,pitch.1,440604,-6.0918,-10.3538,97.0716,85.0571,-125.3595,-2.2206,0.1719,0.1167
1779988773891,2,12.00000018,Upper Delivery,Delivery,pitch.1,440605,-6.1283,-10.3633,96.9804,84.8063,-125.3656,-2.2189,0.1721,0.1164
1779988773891,2,Pitching Mound.Delivery,,Delivery,pitch.1,439445,-6.1066,-10.352,97.1185,51.8593,-125.5581,-4.3392,0.1718,-0.2231
1779988773891,2,Pitching Mound.Delivery,,Delivery,pitch.1,439446,-6.1389,-10.3559,97.0272,51.6276,-125.5794,-4.398,0.172,-0.2233
1779988773891,2,Pitching Mound.Drive,,Delivery,pitch.1,440026,-0.0516,-0.3444,1.7396,0.7529,-2.2822,-2.3645,0.0,0.0
1779988773891,2,Pitching Mound.Parent,,Delivery,pitch.1,439065,-6.1937,-10.6904,99.0196,52.6224,-127.8294,-6.697,0.1685,-0.2188
1779988773891,2,Pitching Mound.Parent,,Delivery,pitch.1,439066,-6.1905,-10.7004,98.7668,52.3805,-127.8615,-6.7625,0.169,-0.2194
1779988773892,2,11.0000004b,Drive,Delivery,pitch.1,440027,-0.043,-0.3607,1.727,0.7351,-2.4822,-2.3882,0.0,0.0
1779988773892,2,12.00000015,Lower Delivery,Delivery,pitch.1,439751,-0.005,0.0261,0.0509,-0.2314,-0.2329,-0.1943,0.0,0.0
1779988773892,2,12.00000018,Upper Delivery,Delivery,pitch.1,440606,-6.1225,-10.3855,96.9735,84.7875,-125.1378,-2.2585,0.1718,0.1164
1779988773892,2,Pitching Mound.Delivery,,Delivery,pitch.1,439447,-6.1275,-10.3594,97.0244,51.6024,-125.3707,-4.5327,0.1717,-0.2233
1779988773892,2,Pitching Mound.Drive,,Delivery,pitch.1,440027,-0.043,-0.3607,1.727,0.7351,-2.4822,-2.3882,0.0,0.0
1779988773892,2,Pitching Mound.Parent,,Delivery,pitch.1,439067,-6.1704,-10.7202,98.7514,52.3375,-127.8529,-6.9209,0.1687,-0.2194
1779988773893,2,11.0000004b,Drive,Delivery,pitch.1,440028,-0.0495,-0.3561,1.7213,0.7116,-2.4918,-2.3772,0.0,0.0
1779988773893,2,12.00000015,Lower Delivery,Delivery,pitch.1,439752,-0.0011,0.0397,0.0517,-0.2499,-0.2407,-0.2257,0.0,0.0
1779988773893,2,Pitching Mound.Drive,,Delivery,pitch.1,440028,-0.0495,-0.3561,1.7213,0.7116,-2.4918,-2.3772,0.0,0.0
1779988773894,2,11.0000004b,Drive,Delivery,pitch.1,440029,-0.0591,-0.4089,1.6988,0.7232,-2.6013,-2.3938,0.0,0.0
1779988773894,2,12.00000015,Lower Delivery,Delivery,pitch.1,439753,0.0019,0.0518,0.0523,-0.2515,-0.2391,-0.1982,0.0,0.0
1779988773894,2,12.00000018,Upper Delivery,Delivery,pitch.1,440607,-6.116,-10.3958,96.82,84.5267,-125.09,-2.2741,0.172,0.1162
1779988773894,2,12.00000018,Upper Delivery,Delivery,pitch.1,440608,-6.0941,-10.4183,96.5227,84.3588,-125.0819,-2.2702,0.1725,0.1164
1779988773894,2,Pitching Mound.Delivery,,Delivery,pitch.1,439448,-6.1171,-10.3562,96.8717,51.3755,-125.3308,-4.5788,0.1719,-0.2235
1779988773894,2,Pitching Mound.Delivery,,Delivery,pitch.1,439449,-6.0922,-10.3665,96.575,51.3073,-125.321,-4.541,0.1724,-0.2233
1779988773894,2,Pitching Mound.Drive,,Delivery,pitch.1,440029,-0.0591,-0.4089,1.6988,0.7232,-2.6013,-2.3938,0.0,0.0
1779988773894,2,Pitching Mound.Parent,,Delivery,pitch.1,439068,-6.1667,-10.7122,98.593,52.0872,-127.8226,-6.956,0.1689,-0.2196
1779988773894,2,Pitching Mound.Parent,,Delivery,pitch.1,439069,-6.1513,-10.7753,98.2738,52.0305,-127.9223,-6.9348,0.1694,-0.2195
1779988773895,2,11.0000004b,Drive,Delivery,pitch.1,440030,-0.0398,-0.3776,1.6484,0.7062,-2.5289,-2.3688,0.0,0.0
1779988773895,2,12.00000015,Lower Delivery,Delivery,pitch.1,439754,-0.0036,0.0383,0.0524,-0.2529,-0.2485,-0.3101,0.0,0.0
1779988773895,2,Pitching Mound.Drive,,Delivery,pitch.1,440030,-0.0398,-0.3776,1.6484,0.7062,-2.5289,-2.3688,0.0,0.0
1779988773896,2,11.0000004b,Drive,Delivery,pitch.1,440031,-0.0638,-0.3739,1.6941,0.7035,-2.6063,-2.3761,0.0,0.0
1779988773896,2,12.00000015,Lower Delivery,Delivery,pitch.1,439755,0.0017,0.0472,0.0531,-0.2572,-0.2448,-0.2901,0.0,0.0
1779988773896,2,12.00000018,Upper Delivery,Delivery,pitch.1,440610,-6.003,-10.4261,95.7325,83.5859,-124.4857,-2.3153,0.1731,0.1162
1779988773896,2,12.00000018,Upper Delivery,Delivery,pitch.1,440609,-6.0528,-10.4226,96.1896,84.1138,-124.7893,-2.2756,0.1727,0.1164
1779988773896,2,Pitching Mound.Delivery,,Delivery,pitch.1,439451,-6.0013,-10.3789,95.7855,50.7977,-124.7305,-4.6469,0.173,-0.2235
1779988773896,2,Pitching Mound.Delivery,,Delivery,pitch.1,439450,-6.0564,-10.3842,96.242,51.1742,-125.0378,-4.6425,0.1726,-0.2233
1779988773896,2,Pitching Mound.Drive,,Delivery,pitch.1,440031,-0.0638,-0.3739,1.6941,0.7035,-2.6063,-2.3761,0.0,0.0
1779988773896,2,Pitching Mound.Parent,,Delivery,pitch.1,439071,-6.0651,-10.7528,97.4797,51.5012,-127.3368,-7.0231,0.17,-0.2196
1779988773896,2,Pitching Mound.Parent,,Delivery,pitch.1,439070,-6.0963,-10.7619,97.8903,51.8804,-127.5667,-7.0113,0.1697,-0.2195
1779988773897,2,11.0000004b,Drive,Delivery,pitch.1,440032,-0.0848,-0.3777,1.7591,0.7175,-2.7476,-2.4132,0.0,0.0
1779988773897,2,12.00000015,Lower Delivery,Delivery,pitch.1,439756,-0.0009,0.0343,0.0443,-0.2543,-0.2556,-0.2193,0.0,0.0
1779988773897,2,Pitching Mound.Drive,,Delivery,pitch.1,440032,-0.0848,-0.3777,1.7591,0.7175,-2.7476,-2.4132,0.0,0.0
1779988773898,2,11.0000004b,Drive,Delivery,pitch.1,440033,-0.0702,-0.3416,1.745,0.698,-2.6252,-2.3796,0.0,0.0
1779988773898,2,12.00000015,Lower Delivery,Delivery,pitch.1,439757,-0.004,0.0218,0.0451,-0.2476,-0.2556,-0.214,0.0,0.0
1779988773898,2,12.00000018,Upper Delivery,Delivery,pitch.1,440611,-5.9729,-10.4558,95.4133,83.3837,-124.1678,-2.3136,0.1732,0.1163
1779988773898,2,Pitching Mound.Delivery,,Delivery,pitch.1,439452,-5.9737,-10.4215,95.4577,50.7039,-124.4234,-4.5633,0.1732,-0.2234
1779988773898,2,Pitching Mound.Drive,,Delivery,pitch.1,440033,-0.0702,-0.3416,1.745,0.698,-2.6252,-2.3796,0.0,0.0
1779988773898,2,Pitching Mound.Parent,,Delivery,pitch.1,439072,-6.0585,-10.7991,97.2168,51.4214,-127.171,-6.9766,0.17,-0.2194
1779988773899,2,11.0000004b,Drive,Delivery,pitch.1,440034,-0.0709,-0.3419,1.7451,0.6972,-2.6467,-2.3831,0.0,0.0
1779988773899,2,12.00000015,Lower Delivery,Delivery,pitch.1,439758,-0.008,0.0052,0.0391,-0.248,-0.266,-0.2164,0.0,0.0
1779988773899,2,12.00000018,Upper Delivery,Delivery,pitch.1,440613,-5.8952,-10.5244,94.6716,83.1381,-123.8156,-2.3736,0.1741,0.1169
1779988773899,2,12.00000018,Upper Delivery,Delivery,pitch.1,440612,-5.9309,-10.5022,94.9161,83.2998,-124.0457,-2.316,0.174,0.1168
1779988773899,2,Pitching Mound.Delivery,,Delivery,pitch.1,439454,-5.9032,-10.5192,94.7107,50.715,-124.0816,-4.5916,0.174,-0.2229
1779988773899,2,Pitching Mound.Delivery,,Delivery,pitch.1,439453,-5.9349,-10.4804,94.9612,50.7961,-124.3013,-4.5452,0.1739,-0.2229
1779988773899,2,Pitching Mound.Drive,,Delivery,pitch.1,440034,-0.0709,-0.3419,1.7451,0.6972,-2.6467,-2.3831,0.0,0.0
1779988773899,2,Pitching Mound.Parent,,Delivery,pitch.1,439074,-5.9741,-10.8611,96.4558,51.4122,-126.7283,-6.9748,0.1709,-0.2188
1779988773899,2,Pitching Mound.Parent,,Delivery,pitch.1,439073,-6.0051,-10.822,96.7063,51.4941,-126.9265,-6.9248,0.1708,-0.2189
1779988773900,2,11.0000004b,Drive,Delivery,pitch.1,440035,-0.0952,-0.3622,1.8114,0.6694,-2.56,-2.4022,0.0,0.0
1779988773900,2,12.00000015,Lower Delivery,Delivery,pitch.1,439759,-0.0054,0.0039,0.0402,-0.2449,-0.2611,-0.2123,0.0,0.0
1779988773900,2,12.00000018,Upper Delivery,Delivery,pitch.1,440614,-5.869,-10.5687,94.8326,82.5404,-123.3207,-2.4468,0.1731,0.1159
1779988773900,2,Pitching Mound.Delivery,,Delivery,pitch.1,439455,-5.8744,-10.5648,94.8728,50.0661,-123.5818,-4.6527,0.173,-0.2239
1779988773900,2,Pitching Mound.Drive,,Delivery,pitch.1,440035,-0.0952,-0.3622,1.8114,0.6694,-2.56,-2.4022,0.0,0.0
1779988773900,2,Pitching Mound.Parent,,Delivery,pitch.1,439075,-5.9696,-10.927,96.6842,50.7355,-126.1418,-7.0549,0.1698,-0.2197
1779988773901,2,11.0000004b,Drive,Delivery,pitch.1,440036,-0.0955,-0.349,1.8656,0.6792,-2.3403,-2.4054,0.0,0.0
1779988773901,2,12.00000015,Lower Delivery,Delivery,pitch.1,439760,-0.0066,0.004,0.0439,-0.2414,-0.259,-0.2198,0.0,0.0
1779988773901,2,Pitching Mound.Drive,,Delivery,pitch.1,440036,-0.0955,-0.349,1.8656,0.6792,-2.3403,-2.4054,0.0,0.0
1779988773902,2,11.0000004b,Drive,Delivery,pitch.1,440037,-0.1158,-0.3534,1.8964,0.6626,-2.3834,-2.422,0.0,0.0
1779988773902,2,12.00000015,Lower Delivery,Delivery,pitch.1,439761,-0.0062,-0.0001,0.0407,-0.228,-0.2604,-0.224,0.0,0.0
1779988773902,2,12.00000018,Upper Delivery,Delivery,pitch.1,440615,-5.8556,-10.6034,94.4095,82.5315,-123.4059,-2.4623,0.174,0.1164
1779988773902,2,12.00000018,Upper Delivery,Delivery,pitch.1,440616,-5.8117,-10.65,94.1386,82.7036,-123.5034,-2.4912,0.1747,0.117
1779988773902,2,Pitching Mound.Delivery,,Delivery,pitch.1,439456,-5.8622,-10.5994,94.4534,50.2057,-123.6649,-4.6707,0.1739,-0.2234
1779988773902,2,Pitching Mound.Delivery,,Delivery,pitch.1,439457,-5.8179,-10.6501,94.1794,50.4823,-123.7639,-4.6891,0.1746,-0.2228
1779988773902,2,Pitching Mound.Drive,,Delivery,pitch.1,440037,-0.1158,-0.3534,1.8964,0.6626,-2.3834,-2.422,0.0,0.0
1779988773902,2,Pitching Mound.Parent,,Delivery,pitch.1,439076,-5.9577,-10.9484,96.319,50.8849,-126.0052,-7.0762,0.1706,-0.219
1779988773902,2,Pitching Mound.Parent,,Delivery,pitch.1,439077,-5.9337,-11.0036,96.0757,51.145,-126.1473,-7.1111,0.1711,-0.2184
1779988773903,2,11.0000004b,Drive,Delivery,pitch.1,440038,-0.1221,-0.3446,1.9251,0.6463,-2.4597,-2.414,0.0,0.0
1779988773903,2,12.00000015,Lower Delivery,Delivery,pitch.1,439762,-0.0079,-0.0003,0.0369,-0.2205,-0.2534,-0.1949,0.0,0.0
1779988773903,2,12.00000018,Upper Delivery,Delivery,pitch.1,440617,-5.7936,-10.6793,94.1869,82.6205,-123.2269,-2.5221,0.1742,0.1168
1779988773903,2,Pitching Mound.Delivery,,Delivery,pitch.1,439458,-5.8015,-10.6796,94.2238,50.389,-123.4803,-4.6841,0.1741,-0.223
1779988773903,2,Pitching Mound.Drive,,Delivery,pitch.1,440038,-0.1221,-0.3446,1.9251,0.6463,-2.4597,-2.414,0.0,0.0
1779988773903,2,Pitching Mound.Parent,,Delivery,pitch.1,439078,-5.9237,-11.0242,96.1489,51.0353,-125.9399,-7.0982,0.1706,-0.2185
1779988773904,2,11.0000004b,Drive,Delivery,pitch.1,440039,-0.1244,-0.3532,1.898,0.679,-2.1959,-2.448,0.0,0.0
1779988773904,2,12.00000015,Lower Delivery,Delivery,pitch.1,439763,-0.0092,-0.0006,0.0389,-0.2144,-0.2577,-0.2546,0.0,0.0
1779988773904,2,Pitching Mound.Drive,,Delivery,pitch.1,440039,-0.1244,-0.3532,1.898,0.679,-2.1959,-2.448,0.0,0.0
1779988773905,2,11.0000004b,Drive,Delivery,pitch.1,440040,-0.1226,-0.3206,1.851,0.6309,-2.4109,-2.4458,0.0,0.0
1779988773905,2,12.00000015,Lower Delivery,Delivery,pitch.1,439764,-0.0096,-0.0011,0.0367,-0.211,-0.2551,-0.2057,0.0,0.0
1779988773905,2,12.00000018,Upper Delivery,Delivery,pitch.1,440618,-5.7905,-10.7222,93.9493,82.7591,-123.2069,-2.5465,0.1746,0.1173
1779988773905,2,Pitching Mound.Delivery,,Delivery,pitch.1,439459,-5.7997,-10.7227,93.9882,50.6152,-123.4646,-4.7667,0.1745,-0.2225
1779988773905,2,Pitching Mound.Drive,,Delivery,pitch.1,440040,-0.1226,-0.3206,1.851,0.6309,-2.4109,-2.4458,0.0,0.0
1779988773905,2,Pitching Mound.Parent,,Delivery,pitch.1,439079,-5.9241,-11.076,95.8861,51.2942,-125.6605,-7.2148,0.1711,-0.2181
1779988773906,2,11.0000004b,Drive,Delivery,pitch.1,440041,-0.1134,-0.3406,1.8848,0.67,-2.4482,-2.4631,0.0,0.0
1779988773906,2,12.00000015,Lower Delivery,Delivery,pitch.1,439765,-0.0079,-0.0015,0.0405,-0.2158,-0.2529,-0.2163,0.0,0.0
1779988773906,2,12.00000018,Upper Delivery,Delivery,pitch.1,440619,-5.7626,-10.7596,93.9252,82.5178,-123.0281,-2.6383,0.1744,0.117
1779988773906,2,12.00000018,Upper Delivery,Delivery,pitch.1,440620,-5.7773,-10.7454,93.8916,82.6509,-123.0536,-2.6783,0.1745,0.1172
1779988773906,2,Pitching Mound.Delivery,,Delivery,pitch.1,439460,-5.7722,-10.7607,93.9619,50.3848,-123.2832,-4.8,0.1743,-0.2228
1779988773906,2,Pitching Mound.Delivery,,Delivery,pitch.1,439461,-5.7852,-10.7469,93.9322,50.5257,-123.3065,-4.8562,0.1744,-0.2226
1779988773906,2,Pitching Mound.Drive,,Delivery,pitch.1,440041,-0.1134,-0.3406,1.8848,0.67,-2.4482,-2.4631,0.0,0.0
1779988773906,2,Pitching Mound.Parent,,Delivery,pitch.1,439080,-5.8948,-11.0813,95.8129,51.0157,-125.6941,-7.2458,0.1709,-0.2185
1779988773906,2,Pitching Mound.Parent,,Delivery,pitch.1,439081,-5.8987,-11.0875,95.817,51.1957,-125.7547,-7.3193,0.171,-0.2182
1779988773907,2,11.0000004b,Drive,Delivery,pitch.1,440042,-0.1027,-0.3166,1.8548,0.6649,-2.5127,-2.4368,0.0,0.0
1779988773907,2,12.00000015,Lower Delivery,Delivery,pitch.1,439766,-0.0084,-0.0025,0.0432,-0.204,-0.2442,-0.1748,0.0,0.0
1779988773907,2,Pitching Mound.Drive,,Delivery,pitch.1,440042,-0.1027,-0.3166,1.8548,0.6649,-2.5127,-2.4368,0.0,0.0
1779988773908,2,11.0000004b,Drive,Delivery,pitch.1,440043,-0.0938,-0.3294,1.832,0.6861,-2.4564,-2.4467,0.0,0.0
1779988773908,2,12.00000015,Lower Delivery,Delivery,pitch.1,439767,-0.0091,-0.002,0.0423,-0.2074,-0.2477,-0.2207,0.0,0.0
1779988773908,2,12.00000018,Upper Delivery,Delivery,pitch.1,440621,-5.7415,-10.7984,93.9132,82.7802,-122.8539,-2.7006,0.1742,0.1173
1779988773908,2,Pitching Mound.Delivery,,Delivery,pitch.1,439462,-5.7499,-10.8009,93.9565,50.6603,-123.0981,-4.8247,0.1741,-0.2224
1779988773908,2,Pitching Mound.Drive,,Delivery,pitch.1,440043,-0.0938,-0.3294,1.832,0.6861,-2.4564,-2.4467,0.0,0.0
1779988773908,2,Pitching Mound.Parent,,Delivery,pitch.1,439082,-5.8526,-11.1175,95.8113,51.3252,-125.6108,-7.2615,0.1707,-0.2181
1779988773909,2,11.0000004b,Drive,Delivery,pitch.1,440044,-0.1055,-0.3457,1.8741,0.6846,-2.5858,-2.4808,0.0,0.0
1779988773909,2,12.00000015,Lower Delivery,Delivery,pitch.1,439768,-0.0078,-0.0021,0.045,-0.207,-0.2402,-0.1677,0.0,0.0
1779988773909,2,12.00000018,Upper Delivery,Delivery,pitch.1,440622,-5.7187,-10.8336,94.0862,82.4386,-122.883,-2.721,0.1739,0.1166
1779988773909,2,12.00000018,Upper Delivery,Delivery,pitch.1,440623,-5.6916,-10.834,93.8771,82.4079,-122.6177,-2.7212,0.1739,0.1169
1779988773909,2,Pitching Mound.Delivery,,Delivery,pitch.1,439463,-5.7277,-10.8356,94.1285,50.2562,-123.1307,-4.883,0.1738,-0.2231
1779988773909,2,Pitching Mound.Delivery,,Delivery,pitch.1,439464,-5.6994,-10.8361,93.9221,50.298,-122.8579,-4.8214,0.1738,-0.2229
1779988773909,2,Pitching Mound.Drive,,Delivery,pitch.1,440044,-0.1055,-0.3457,1.8741,0.6846,-2.5858,-2.4808,0.0,0.0
1779988773909,2,Pitching Mound.Parent,,Delivery,pitch.1,439083,-5.8216,-11.165,95.9605,50.9423,-125.5871,-7.3297,0.1705,-0.2188
1779988773909,2,Pitching Mound.Parent,,Delivery,pitch.1,439084,-5.8049,-11.1818,95.7961,50.9825,-125.4437,-7.3022,0.1704,-0.2185
1779988773910,2,11.0000004b,Drive,Delivery,pitch.1,440045,-0.1008,-0.3402,1.8341,0.6713,-2.5831,-2.4664,0.0,0.0
1779988773910,2,12.00000015,Lower Delivery,Delivery,pitch.1,439769,-0.0084,-0.0015,0.0455,-0.203,-0.2303,-0.1332,0.0,0.0
1779988773910,2,Pitching Mound.Drive,,Delivery,pitch.1,440045,-0.1008,-0.3402,1.8341,0.6713,-2.5831,-2.4664,0.0,0.0
1779988773911,2,11.0000004b,Drive,Delivery,pitch.1,440046,-0.0865,-0.3311,1.8508,0.7002,-2.5479,-2.4686,0.0,0.0
1779988773911,2,12.00000015,Lower Delivery,Delivery,pitch.1,439770,-0.0106,-0.0005,0.0406,-0.1838,-0.2261,-0.1168,0.0,0.0
1779988773911,2,12.00000018,Upper Delivery,Delivery,pitch.1,440624,-5.6769,-10.8542,93.6902,82.1612,-122.6445,-2.7933,0.1743,0.1167
1779988773911,2,12.00000018,Upper Delivery,Delivery,pitch.1,440625,-5.6126,-10.8786,93.7738,82.8755,-122.5259,-2.8738,0.1739,0.1177
1779988773911,2,Pitching Mound.Delivery,,Delivery,pitch.1,439465,-5.6853,-10.8557,93.7357,50.119,-122.8748,-4.8538,0.1742,-0.223
1779988773911,2,Pitching Mound.Delivery,,Delivery,pitch.1,439466,-5.6232,-10.8791,93.8144,50.8224,-122.7521,-4.8954,0.1739,-0.2221
1779988773911,2,Pitching Mound.Drive,,Delivery,pitch.1,440046,-0.0865,-0.3311,1.8508,0.7002,-2.5479,-2.4686,0.0,0.0
1779988773911,2,Pitching Mound.Parent,,Delivery,pitch.1,439085,-5.7862,-11.1959,95.5698,50.7903,-125.4578,-7.3202,0.1708,-0.2187
1779988773911,2,Pitching Mound.Parent,,Delivery,pitch.1,439086,-5.7097,-11.2102,95.6652,51.5226,-125.3,-7.364,0.1705,-0.2178
1779988773912,2,11.0000004b,Drive,Delivery,pitch.1,440047,-0.0775,-0.3335,1.8039,0.7127,-2.4837,-2.4646,0.0,0.0
1779988773912,2,12.00000015,Lower Delivery,Delivery,pitch.1,439771,-0.0098,-0.0011,0.0418,-0.191,-0.2348,-0.1284,0.0,0.0
1779988773912,2,Pitching Mound.Drive,,Delivery,pitch.1,440047,-0.0775,-0.3335,1.8039,0.7127,-2.4837,-2.4646,0.0,0.0
1779988773913,2,11.0000004b,Drive,Delivery,pitch.1,440048,-0.0768,-0.3262,1.7907,0.71,-2.5114,-2.4648,0.0,0.0
1779988773913,2,12.00000015,Lower Delivery,Delivery,pitch.1,439772,-0.009,-0.0013,0.0425,-0.1884,-0.2248,-0.1177,0.0,0.0
1779988773913,2,12.00000018,Upper Delivery,Delivery,pitch.1,440626,-5.5847,-10.8704,93.5189,83.1267,-122.3395,-2.9006,0.1742,0.1183
1779988773913,2,Pitching Mound.Delivery,,Delivery,pitch.1,439467,-5.5945,-10.8716,93.5607,51.1534,-122.5743,-4.9244,0.1741,-0.2214
1779988773913,2,Pitching Mound.Drive,,Delivery,pitch.1,440048,-0.0768,-0.3262,1.7907,0.71,-2.5114,-2.4648,0.0,0.0
1779988773913,2,Pitching Mound.Parent,,Delivery,pitch.1,439087,-5.672,-11.2051,95.3645,51.8662,-125.058,-7.3891,0.1708,-0.2172
1779988773914,2,11.0000004b,Drive,Delivery,pitch.1,440049,-0.0871,-0.2892,1.7932,0.6851,-2.4523,-2.4371,0.0,0.0
1779988773914,2,12.00000015,Lower Delivery,Delivery,pitch.1,439773,-0.0075,-0.0015,0.044,-0.1979,-0.2292,-0.1633,0.0,0.0
1779988773914,2,12.00000018,Upper Delivery,Delivery,pitch.1,440627,-5.556,-10.8821,93.8099,82.6199,-122.0067,-2.9462,0.1731,0.1172
1779988773914,2,12.00000018,Upper Delivery,Delivery,pitch.1,440628,-5.5026,-10.8901,93.5621,82.5022,-121.8563,-2.941,0.1734,0.1174
1779988773914,2,Pitching Mound.Delivery,,Delivery,pitch.1,439468,-5.5651,-10.8835,93.8524,50.5506,-122.2314,-4.9499,0.1731,-0.2225
1779988773914,2,Pitching Mound.Delivery,,Delivery,pitch.1,439469,-5.5101,-10.8916,93.6062,50.5082,-122.0854,-4.9727,0.1733,-0.2223
1779988773914,2,Pitching Mound.Drive,,Delivery,pitch.1,440049,-0.0871,-0.2892,1.7932,0.6851,-2.4523,-2.4371,0.0,0.0
1779988773914,2,Pitching Mound.Parent,,Delivery,pitch.1,439088,-5.6419,-11.2097,95.6432,51.2606,-124.7429,-7.4147,0.1698,-0.2183
1779988773914,2,Pitching Mound.Parent,,Delivery,pitch.1,439089,-5.5971,-11.1808,95.3994,51.1933,-124.5377,-7.4098,0.17,-0.2182
1779988773915,2,11.0000004b,Drive,Delivery,pitch.1,440050,-0.0882,-0.282,1.7846,0.6643,-2.4411,-2.4011,0.0,0.0
1779988773915,2,12.00000015,Lower Delivery,Delivery,pitch.1,439774,-0.0081,-0.0015,0.0435,-0.191,-0.2333,-0.1567,0.0,0.0
1779988773915,2,Pitching Mound.Drive,,Delivery,pitch.1,440050,-0.0882,-0.282,1.7846,0.6643,-2.4411,-2.4011,0.0,0.0
1779988773916,2,11.0000004b,Drive,Delivery,pitch.1,440051,-0.0933,-0.3013,1.8101,0.6511,-2.358,-2.4117,0.0,0.0
1779988773916,2,12.00000015,Lower Delivery,Delivery,pitch.1,439775,-0.0098,-0.0015,0.0457,-0.1986,-0.2375,-0.1881,0.0,0.0
1779988773916,2,12.00000018,Upper Delivery,Delivery,pitch.1,440630,-5.44,-10.9112,93.5703,82.7512,-121.4518,-2.9838,0.1728,0.1177
1779988773916,2,12.00000018,Upper Delivery,Delivery,pitch.1,440629,-5.4553,-10.8939,93.5791,82.8966,-121.7246,-2.964,0.1732,0.1179
1779988773916,2,Pitching Mound.Delivery,,Delivery,pitch.1,439471,-5.4499,-10.9128,93.616,50.7542,-121.6893,-5.0182,0.1727,-0.222
1779988773916,2,Pitching Mound.Delivery,,Delivery,pitch.1,439470,-5.4634,-10.8954,93.6226,50.9035,-121.9579,-4.9727,0.1731,-0.2218
1779988773916,2,Pitching Mound.Drive,,Delivery,pitch.1,440051,-0.0933,-0.3013,1.8101,0.6511,-2.358,-2.4117,0.0,0.0
1779988773916,2,Pitching Mound.Parent,,Delivery,pitch.1,439091,-5.5432,-11.214,95.4261,51.4053,-124.0472,-7.4298,0.1694,-0.2178
1779988773916,2,Pitching Mound.Parent,,Delivery,pitch.1,439090,-5.5515,-11.1774,95.4072,51.5678,-124.3989,-7.3738,0.1698,-0.2177
1779988773917,2,11.0000004b,Drive,Delivery,pitch.1,440052,-0.1,-0.266,1.8041,0.6841,-2.4889,-2.4066,0.0,0.0
1779988773917,2,12.00000015,Lower Delivery,Delivery,pitch.1,439776,-0.0093,-0.0013,0.0452,-0.2023,-0.2385,-0.1865,0.0,0.0
1779988773917,2,12.00000018,Upper Delivery,Delivery,pitch.1,440631,-5.4025,-10.935,93.4561,82.4585,-121.3726,-3.0239,0.1729,0.1175
1779988773917,2,Pitching Mound.Delivery,,Delivery,pitch.1,439472,-5.4117,-10.9363,93.5013,50.4965,-121.6111,-5.0441,0.1728,-0.2223
1779988773917,2,Pitching Mound.Drive,,Delivery,pitch.1,440052,-0.1,-0.266,1.8041,0.6841,-2.4889,-2.4066,0.0,0.0
1779988773917,2,Pitching Mound.Parent,,Delivery,pitch.1,439092,-5.5117,-11.2022,95.3054,51.1806,-124.1,-7.4507,0.1695,-0.2181
1779988773918,2,11.0000004b,Drive,Delivery,pitch.1,440053,-0.1125,-0.2881,1.7949,0.6909,-2.475,-2.42,0.0,0.0
1779988773918,2,12.00000015,Lower Delivery,Delivery,pitch.1,439777,-0.0097,-0.0012,0.0443,-0.2,-0.2417,-0.1859,0.0,0.0
1779988773918,2,12.00000018,Upper Delivery,Delivery,pitch.1,440632,-5.3838,-10.9258,93.4399,82.4641,-121.0906,-3.0269,0.1725,0.1175
1779988773918,2,Pitching Mound.Delivery,,Delivery,pitch.1,439473,-5.3935,-10.927,93.4842,50.5095,-121.3324,-5.0399,0.1724,-0.2222
1779988773918,2,Pitching Mound.Drive,,Delivery,pitch.1,440053,-0.1125,-0.2881,1.7949,0.6909,-2.475,-2.42,0.0,0.0
1779988773918,2,Pitching Mound.Parent,,Delivery,pitch.1,439093,-5.506,-11.2152,95.2791,51.2004,-123.8074,-7.4599,0.1692,-0.2181
1779988773919,2,11.0000004b,Drive,Delivery,pitch.1,440054,-0.1176,-0.2807,1.835,0.6908,-2.5158,-2.3964,0.0,0.0
1779988773919,2,12.00000015,Lower Delivery,Delivery,pitch.1,439778,-0.0056,-0.0004,0.0444,-0.1973,-0.2393,-0.1943,0.0,0.0
1779988773919,2,12.00000018,Upper Delivery,Delivery,pitch.1,440633,-5.3599,-10.9299,93.3504,82.5366,-121.0155,-3.1075,0.1726,0.1177
1779988773919,2,Pitching Mound.Delivery,,Delivery,pitch.1,439474,-5.3654,-10.9303,93.3948,50.6152,-121.2548,-5.1223,0.1725,-0.222
1779988773919,2,Pitching Mound.Drive,,Delivery,pitch.1,440054,-0.1176,-0.2807,1.835,0.6908,-2.5158,-2.3964,0.0,0.0
1779988773919,2,Pitching Mound.Parent,,Delivery,pitch.1,439094,-5.483,-11.211,95.2298,51.306,-123.7706,-7.5187,0.1692,-0.2177
1779988773920,2,11.0000004b,Drive,Delivery,pitch.1,440055,-0.1398,-0.2978,1.8387,0.6928,-2.4509,-2.3956,0.0,0.0
1779988773920,2,12.00000015,Lower Delivery,Delivery,pitch.1,439779,-0.0059,0.0018,0.0311,-0.2062,-0.2397,-0.173,0.0,0.0
1779988773920,2,12.00000018,Upper Delivery,Delivery,pitch.1,440634,-5.3068,-10.95,93.354,82.3938,-120.967,-3.1027,0.1725,0.1175
1779988773920,2,Pitching Mound.Delivery,,Delivery,pitch.1,439475,-5.3127,-10.9482,93.385,50.4579,-121.2067,-5.078,0.1724,-0.2223
1779988773920,2,Pitching Mound.Drive,,Delivery,pitch.1,440055,-0.1398,-0.2978,1.8387,0.6928,-2.4509,-2.3956,0.0,0.0
1779988773920,2,Pitching Mound.Parent,,Delivery,pitch.1,439095,-5.4525,-11.2459,95.2238,51.1507,-123.6576,-7.4736,0.1691,-0.218
1779988773921,2,11.0000004b,Drive,Delivery,pitch.1,440056,-0.1289,-0.2905,1.8132,0.6566,-2.5172,-2.3613,0.0,0.0
1779988773921,2,12.00000015,Lower Delivery,Delivery,pitch.1,439780,-0.0039,0.0023,0.0411,-0.2045,-0.2341,-0.1527,0.0,0.0
1779988773921,2,12.00000018,Upper Delivery,Delivery,pitch.1,440635,-5.2631,-10.9612,93.3165,82.1245,-120.5122,-3.1253,0.1719,0.1172
1779988773921,2,Pitching Mound.Delivery,,Delivery,pitch.1,439476,-5.267,-10.9589,93.3576,50.2064,-120.7462,-5.0661,0.1718,-0.2226
1779988773921,2,Pitching Mound.Drive,,Delivery,pitch.1,440056,-0.1289,-0.2905,1.8132,0.6566,-2.5172,-2.3613,0.0,0.0
1779988773921,2,Pitching Mound.Parent,,Delivery,pitch.1,439096,-5.3959,-11.2494,95.1708,50.863,-123.2634,-7.4275,0.1686,-0.2184
1779988773922,2,11.0000004b,Drive,Delivery,pitch.1,440057,-0.1437,-0.3154,1.8559,0.6698,-2.6038,-2.3937,0.0,0.0
1779988773922,2,12.00000015,Lower Delivery,Delivery,pitch.1,439781,-0.006,0.0002,0.0368,-0.1985,-0.2279,-0.1316,0.0,0.0
1779988773922,2,12.00000018,Upper Delivery,Delivery,pitch.1,440636,-5.2571,-10.9627,93.1414,81.7694,-120.474,-3.1213,0.1722,0.1169
1779988773922,2,Pitching Mound.Delivery,,Delivery,pitch.1,439477,-5.2632,-10.9625,93.1782,49.9154,-120.7019,-5.0383,0.1721,-0.2229
1779988773922,2,Pitching Mound.Drive,,Delivery,pitch.1,440057,-0.1437,-0.3154,1.8559,0.6698,-2.6038,-2.3937,0.0,0.0
1779988773922,2,Pitching Mound.Parent,,Delivery,pitch.1,439097,-5.4069,-11.2779,95.0342,50.5851,-123.3057,-7.432,0.1688,-0.2186
1779988773923,2,11.0000004b,Drive,Delivery,pitch.1,440058,-0.1363,-0.3079,1.8415,0.6802,-2.5356,-2.3784,0.0,0.0
1779988773923,2,12.00000015,Lower Delivery,Delivery,pitch.1,439782,-0.005,0.0023,0.0441,-0.2006,-0.2159,-0.1403,0.0,0.0
1779988773923,2,12.00000018,Upper Delivery,Delivery,pitch.1,440637,-5.1936,-10.9881,92.957,81.7566,-120.315,-3.1816,0.1723,0.1171
1779988773923,2,Pitching Mound.Delivery,,Delivery,pitch.1,439478,-5.1986,-10.9858,93.0011,49.9656,-120.5309,-5.086,0.1722,-0.2226
1779988773923,2,Pitching Mound.Drive,,Delivery,pitch.1,440058,-0.1363,-0.3079,1.8415,0.6802,-2.5356,-2.3784,0.0,0.0
1779988773923,2,Pitching Mound.Parent,,Delivery,pitch.1,439098,-5.3349,-11.2937,94.8426,50.6458,-123.0666,-7.4644,0.1689,-0.2183
1779988773924,2,11.0000004b,Drive,Delivery,pitch.1,440059,-0.1424,-0.3124,1.8582,0.7029,-2.4453,-2.3749,0.0,0.0
1779988773924,2,12.00000015,Lower Delivery,Delivery,pitch.1,439783,-0.0049,0.0015,0.0414,-0.1954,-0.2166,-0.1278,0.0,0.0
1779988773924,2,12.00000018,Upper Delivery,Delivery,pitch.1,440638,-5.1598,-11.0108,93.029,81.852,-120.0831,-3.2162,0.1718,0.1171
1779988773924,2,Pitching Mound.Delivery,,Delivery,pitch.1,439479,-5.1647,-11.0093,93.0704,50.0408,-120.2997,-5.0967,0.1718,-0.2226
1779988773924,2,Pitching Mound.Drive,,Delivery,pitch.1,440059,-0.1424,-0.3124,1.8582,0.7029,-2.4453,-2.3749,0.0,0.0
1779988773924,2,Pitching Mound.Parent,,Delivery,pitch.1,439099,-5.3071,-11.3217,94.9287,50.7437,-122.745,-7.4716,0.1684,-0.2183
1779988773925,2,11.0000004b,Drive,Delivery,pitch.1,440060,-0.1287,-0.3462,1.8423,0.7047,-2.1876,-2.3787,0.0,0.0
1779988773925,2,12.00000015,Lower Delivery,Delivery,pitch.1,439784,-0.0063,0.001,0.0456,-0.1937,-0.217,-0.0732,0.0,0.0
1779988773925,2,12.00000018,Upper Delivery,Delivery,pitch.1,440639,-5.1345,-11.0328,93.0936,81.7617,-120.1894,-3.311,0.1719,0.1169
1779988773925,2,Pitching Mound.Delivery,,Delivery,pitch.1,439480,-5.1408,-11.0318,93.1391,49.9316,-120.4064,-5.1278,0.1718,-0.2228
1779988773925,2,Pitching Mound.Drive,,Delivery,pitch.1,440060,-0.1287,-0.3462,1.8423,0.7047,-2.1876,-2.3787,0.0,0.0
1779988773925,2,Pitching Mound.Parent,,Delivery,pitch.1,439100,-5.2695,-11.378,94.9815,50.6363,-122.594,-7.5065,0.1685,-0.2185
1779988773926,2,11.0000004b,Drive,Delivery,pitch.1,440061,-0.1323,-0.3485,1.8888,0.7308,-2.2395,-2.3952,0.0,0.0
1779988773926,2,12.00000015,Lower Delivery,Delivery,pitch.1,439785,-0.0083,0.0006,0.0543,-0.1874,-0.2035,-0.0725,0.0,0.0
1779988773926,2,12.00000018,Upper Delivery,Delivery,pitch.1,440640,-5.1109,-11.0491,92.9453,81.5725,-120.1587,-3.4374,0.1721,0.1168
1779988773926,2,Pitching Mound.Delivery,,Delivery,pitch.1,439481,-5.1192,-11.0485,92.9996,49.8021,-120.3623,-5.2447,0.172,-0.2228
1779988773926,2,Pitching Mound.Drive,,Delivery,pitch.1,440061,-0.1323,-0.3485,1.8888,0.7308,-2.2395,-2.3952,0.0,0.0
1779988773926,2,Pitching Mound.Parent,,Delivery,pitch.1,439101,-5.2515,-11.397,94.8885,50.5329,-122.6017,-7.6399,0.1686,-0.2184
1779988773927,2,11.0000004b,Drive,Delivery,pitch.1,440062,-0.1131,-0.3813,1.8416,0.7538,-2.0924,-2.3925,0.0,0.0
1779988773927,2,12.00000015,Lower Delivery,Delivery,pitch.1,439786,-0.0099,-0.0003,0.0534,-0.1856,-0.2053,-0.0791,0.0,0.0
1779988773927,2,12.00000018,Upper Delivery,Delivery,pitch.1,440641,-5.0712,-11.0569,92.6842,81.397,-120.1208,-3.4691,0.1725,0.1169
1779988773927,2,Pitching Mound.Delivery,,Delivery,pitch.1,439482,-5.0811,-11.0572,92.7376,49.717,-120.326,-5.269,0.1724,-0.2228
1779988773927,2,Pitching Mound.Drive,,Delivery,pitch.1,440062,-0.1131,-0.3813,1.8416,0.7538,-2.0924,-2.3925,0.0,0.0
1779988773927,2,Pitching Mound.Parent,,Delivery,pitch.1,439102,-5.1942,-11.4385,94.5792,50.4708,-122.4184,-7.6615,0.1691,-0.2184
1779988773928,2,11.0000004b,Drive,Delivery,pitch.1,440063,-0.0909,-0.3817,1.7707,0.739,-2.2815,-2.3909,0.0,0.0
1779988773928,2,12.00000015,Lower Delivery,Delivery,pitch.1,439787,-0.012,0.0,0.054,-0.1855,-0.2014,-0.053,0.0,0.0
1779988773928,2,12.00000018,Upper Delivery,Delivery,pitch.1,440642,-5.0695,-11.0656,92.8978,81.5226,-120.1852,-3.5287,0.1722,0.1168
1779988773928,2,Pitching Mound.Delivery,,Delivery,pitch.1,439483,-5.0815,-11.0656,92.9518,49.7702,-120.3865,-5.3012,0.1721,-0.2228
1779988773928,2,Pitching Mound.Drive,,Delivery,pitch.1,440063,-0.0909,-0.3817,1.7707,0.739,-2.2815,-2.3909,0.0,0.0
1779988773928,2,Pitching Mound.Parent,,Delivery,pitch.1,439103,-5.1724,-11.4474,94.7225,50.5092,-122.668,-7.6921,0.1689,-0.2187
1779988773929,2,11.0000004b,Drive,Delivery,pitch.1,440064,-0.1128,-0.3595,1.8574,0.7465,-2.0858,-2.3687,0.0,0.0
1779988773929,2,12.00000015,Lower Delivery,Delivery,pitch.1,439788,-0.0154,0.0,0.0527,-0.1862,-0.1884,-0.0303,0.0,0.0
1779988773929,2,12.00000018,Upper Delivery,Delivery,pitch.1,440643,-5.0631,-11.0793,92.4975,81.0599,-120.3731,-3.5601,0.1732,0.1167
1779988773929,2,Pitching Mound.Delivery,,Delivery,pitch.1,439484,-5.0785,-11.0794,92.5502,49.4424,-120.5615,-5.3067,0.1731,-0.223
1779988773929,2,Pitching Mound.Drive,,Delivery,pitch.1,440064,-0.1128,-0.3595,1.8574,0.7465,-2.0858,-2.3687,0.0,0.0
1779988773929,2,Pitching Mound.Parent,,Delivery,pitch.1,439104,-5.1912,-11.4389,94.4075,50.1889,-122.6473,-7.6754,0.1697,-0.2186
1779988773930,2,11.0000004b,Drive,Delivery,pitch.1,440065,-0.1062,-0.3815,1.7974,0.729,-2.3243,-2.3827,0.0,0.0
1779988773930,2,12.00000015,Lower Delivery,Delivery,pitch.1,439789,-0.0178,0.0005,0.0524,-0.1975,-0.188,-0.0252,0.0,0.0
1779988773930,2,12.00000018,Upper Delivery,Delivery,pitch.1,440644,-5.0565,-11.0799,92.4318,80.7301,-120.129,-3.6139,0.173,0.1163
1779988773930,2,Pitching Mound.Delivery,,Delivery,pitch.1,439485,-5.0743,-11.0794,92.4842,49.1236,-120.3169,-5.3522,0.1729,-0.2234
1779988773930,2,Pitching Mound.Drive,,Delivery,pitch.1,440065,-0.1062,-0.3815,1.7974,0.729,-2.3243,-2.3827,0.0,0.0
1779988773930,2,Pitching Mound.Parent,,Delivery,pitch.1,439105,-5.1805,-11.4609,94.2817,49.8526,-122.6412,-7.7349,0.1696,-0.2191
1779988773931,2,11.0000004b,Drive,Delivery,pitch.1,440066,-0.0936,-0.3726,1.793,0.7173,-2.3998,-2.3817,0.0,0.0
1779988773931,2,12.00000015,Lower Delivery,Delivery,pitch.1,439790,-0.0159,0.0005,0.0507,-0.2057,-0.1928,-0.0194,0.0,0.0
1779988773931,2,12.00000018,Upper Delivery,Delivery,pitch.1,440645,-5.0632,-11.0933,92.463,81.1856,-120.0287,-3.6574,0.1728,0.1169
1779988773931,2,Pitching Mound.Delivery,,Delivery,pitch.1,439486,-5.0791,-11.0928,92.5137,49.5597,-120.2215,-5.3928,0.1727,-0.2228
1779988773931,2,Pitching Mound.Drive,,Delivery,pitch.1,440066,-0.0936,-0.3726,1.793,0.7173,-2.3998,-2.3817,0.0,0.0
1779988773931,2,Pitching Mound.Parent,,Delivery,pitch.1,439106,-5.1727,-11.4654,94.3067,50.2771,-122.6213,-7.7746,0.1694,-0.2186
1779988773932,2,11.0000004b,Drive,Delivery,pitch.1,440067,-0.104,-0.3817,1.7944,0.7046,-2.0404,-2.4145,0.0,0.0
1779988773932,2,12.00000015,Lower Delivery,Delivery,pitch.1,439791,-0.0158,0.0001,0.048,-0.2066,-0.1933,-0.0228,0.0,0.0
1779988773932,2,12.00000018,Upper Delivery,Delivery,pitch.1,440646,-5.065,-11.1209,92.4998,80.6322,-119.8438,-3.7001,0.1725,0.116
1779988773932,2,Pitching Mound.Delivery,,Delivery,pitch.1,439487,-5.0808,-11.1208,92.5478,48.992,-120.0371,-5.4396,0.1724,-0.2237
1779988773932,2,Pitching Mound.Drive,,Delivery,pitch.1,440067,-0.104,-0.3817,1.7944,0.7046,-2.0404,-2.4145,0.0,0.0
1779988773932,2,Pitching Mound.Parent,,Delivery,pitch.1,439107,-5.1848,-11.5025,94.3421,49.6965,-122.0775,-7.854,0.1691,-0.2194
1779988773933,2,11.0000004b,Drive,Delivery,pitch.1,440068,-0.1009,-0.3799,1.8194,0.7267,-2.0499,-2.3928,0.0,0.0
1779988773933,2,12.00000015,Lower Delivery,Delivery,pitch.1,439792,-0.0178,0.0008,0.0464,-0.193,-0.1749,-0.0148,0.0,0.0
1779988773933,2,12.00000018,Upper Delivery,Delivery,pitch.1,440647,-5.0781,-11.1358,92.713,80.4456,-119.7351,-3.7539,0.1719,0.1155
1779988773933,2,Pitching Mound.Delivery,,Delivery,pitch.1,439488,-5.0959,-11.135,92.7593,48.7459,-119.9099,-5.4891,0.1718,-0.2242
1779988773933,2,Pitching Mound.Drive,,Delivery,pitch.1,440068,-0.1009,-0.3799,1.8194,0.7267,-2.0499,-2.3928,0.0,0.0
1779988773933,2,Pitching Mound.Parent,,Delivery,pitch.1,439108,-5.1968,-11.5148,94.5787,49.4727,-121.9599,-7.8819,0.1685,-0.2199
1779988773934,2,11.0000004b,Drive,Delivery,pitch.1,440069,-0.1224,-0.3771,1.9118,0.7102,-2.2933,-2.3622,0.0,0.0
1779988773934,2,12.00000015,Lower Delivery,Delivery,pitch.1,439793,-0.0125,-0.0006,0.0452,-0.2167,-0.183,-0.0103,0.0,0.0
1779988773934,2,12.00000018,Upper Delivery,Delivery,pitch.1,440648,-5.0823,-11.1694,92.5695,80.1931,-119.7394,-3.7817,0.1722,0.1153
1779988773934,2,Pitching Mound.Delivery,,Delivery,pitch.1,439489,-5.0948,-11.17,92.6147,48.5181,-119.9223,-5.5158,0.1721,-0.2244
1779988773934,2,Pitching Mound.Drive,,Delivery,pitch.1,440069,-0.1224,-0.3771,1.9118,0.7102,-2.2933,-2.3622,0.0,0.0
1779988773934,2,Pitching Mound.Parent,,Delivery,pitch.1,439109,-5.2172,-11.5471,94.5264,49.2283,-122.2156,-7.8779,0.1686,-0.2199
1779988773935,2,11.0000004b,Drive,Delivery,pitch.1,440070,-0.1263,-0.3834,1.8976,0.6969,-2.4538,-2.4039,0.0,0.0
1779988773935,2,12.00000015,Lower Delivery,Delivery,pitch.1,439794,-0.0113,-0.0009,0.0477,-0.216,-0.1834,-0.0098,0.0,0.0
1779988773935,2,12.00000018,Upper Delivery,Delivery,pitch.1,440649,-5.0753,-11.2002,92.4589,80.2551,-119.5519,-3.8427,0.1721,0.1156
1779988773935,2,Pitching Mound.Delivery,,Delivery,pitch.1,439490,-5.0866,-11.2011,92.5066,48.6193,-119.7353,-5.5743,0.172,-0.2242
1779988773935,2,Pitching Mound.Drive,,Delivery,pitch.1,440070,-0.1263,-0.3834,1.8976,0.6969,-2.4538,-2.4039,0.0,0.0
1779988773935,2,Pitching Mound.Parent,,Delivery,pitch.1,439110,-5.2129,-11.5845,94.4042,49.3161,-122.1891,-7.9781,0.1686,-0.2196
1779988773936,2,11.0000004b,Drive,Delivery,pitch.1,440071,-0.1355,-0.4019,1.8543,0.7265,-2.5465,-2.4101,0.0,0.0
1779988773936,2,12.00000015,Lower Delivery,Delivery,pitch.1,439795,-0.0068,-0.0006,0.0429,-0.2025,-0.1746,-0.0102,0.0,0.0
1779988773936,2,12.00000018,Upper Delivery,Delivery,pitch.1,440650,-5.0591,-11.2246,92.0941,80.2771,-119.3155,-3.849,0.1725,0.116
1779988773936,2,Pitching Mound.Delivery,,Delivery,pitch.1,439491,-5.0659,-11.2252,92.137,48.7772,-119.4901,-5.577,0.1724,-0.2237
1779988773936,2,Pitching Mound.Drive,,Delivery,pitch.1,440071,-0.1355,-0.4019,1.8543,0.7265,-2.5465,-2.4101,0.0,0.0
1779988773936,2,Pitching Mound.Parent,,Delivery,pitch.1,439111,-5.2014,-11.627,93.9913,49.5037,-122.0366,-7.9871,0.169,-0.2193
1779988773937,2,11.0000004b,Drive,Delivery,pitch.1,440072,-0.1636,-0.3863,1.6896,0.7196,-2.3073,-2.4169,0.0,0.0
1779988773937,2,12.00000015,Lower Delivery,Delivery,pitch.1,439796,-0.0058,-0.0006,0.0407,-0.1987,-0.1719,-0.0028,0.0,0.0
1779988773937,2,12.00000018,Upper Delivery,Delivery,pitch.1,440651,-5.0717,-11.2369,92.2137,80.6051,-119.1247,-3.8521,0.172,0.1164
1779988773937,2,Pitching Mound.Delivery,,Delivery,pitch.1,439492,-5.0775,-11.2375,92.2544,49.0676,-119.2966,-5.5773,0.1719,-0.2234
1779988773937,2,Pitching Mound.Drive,,Delivery,pitch.1,440072,-0.1636,-0.3863,1.6896,0.7196,-2.3073,-2.4169,0.0,0.0
1779988773937,2,Pitching Mound.Parent,,Delivery,pitch.1,439112,-5.2411,-11.6238,93.944,49.7872,-121.6039,-7.9942,0.1688,-0.2194
1779988773938,2,11.0000004b,Drive,Delivery,pitch.1,440073,-0.1478,-0.3569,1.7198,0.6986,-2.4384,-2.4178,0.0,0.0
1779988773938,2,12.00000015,Lower Delivery,Delivery,pitch.1,439797,-0.0037,0.0003,0.0375,-0.2002,-0.1638,-0.0028,0.0,0.0
1779988773938,2,12.00000018,Upper Delivery,Delivery,pitch.1,440652,-5.0609,-11.2676,91.9895,80.2401,-118.9884,-3.8693,0.1722,0.1161
1779988773938,2,Pitching Mound.Delivery,,Delivery,pitch.1,439493,-5.0646,-11.2673,92.027,48.7762,-119.1522,-5.5915,0.1721,-0.2236
1779988773938,2,Pitching Mound.Drive,,Delivery,pitch.1,440073,-0.1478,-0.3569,1.7198,0.6986,-2.4384,-2.4178,0.0,0.0
1779988773938,2,Pitching Mound.Parent,,Delivery,pitch.1,439113,-5.2124,-11.6242,93.7468,49.4748,-121.5906,-8.0093,0.169,-0.2195
1779988773939,2,11.0000004b,Drive,Delivery,pitch.1,440074,-0.1348,-0.3731,1.8908,0.6898,-2.5564,-2.4222,0.0,0.0
1779988773939,2,12.00000015,Lower Delivery,Delivery,pitch.1,439798,-0.0053,0.0003,0.0404,-0.2052,-0.1653,-0.002,0.0,0.0
1779988773939,2,12.00000018,Upper Delivery,Delivery,pitch.1,440653,-5.0581,-11.286,91.8214,79.8052,-118.9345,-3.9507,0.1724,0.1157
1779988773939,2,Pitching Mound.Delivery,,Delivery,pitch.1,439494,-5.0634,-11.2857,91.8618,48.3945,-119.0998,-5.6706,0.1724,-0.224
1779988773939,2,Pitching Mound.Drive,,Delivery,pitch.1,440074,-0.1348,-0.3731,1.8908,0.6898,-2.5564,-2.4222,0.0,0.0
1779988773939,2,Pitching Mound.Parent,,Delivery,pitch.1,439114,-5.1982,-11.6587,93.7526,49.0843,-121.6562,-8.0928,0.1689,-0.2195
1779988773940,2,11.0000004b,Drive,Delivery,pitch.1,440075,-0.1371,-0.3871,1.9173,0.7153,-2.4651,-2.4345,0.0,0.0
1779988773940,2,11.0000004b,Drive,Delivery,pitch.1,440076,-0.1293,-0.3561,1.8502,0.7181,-2.2276,-2.4096,0.0,0.0
1779988773940,2,12.00000015,Lower Delivery,Delivery,pitch.1,439799,-0.004,0.0008,0.0367,-0.2033,-0.1715,-0.003,0.0,0.0
1779988773940,2,12.00000018,Upper Delivery,Delivery,pitch.1,440654,-5.0707,-11.2894,91.6911,79.6993,-118.7967,-3.9963,0.1725,0.1157
1779988773940,2,Pitching Mound.Delivery,,Delivery,pitch.1,439495,-5.0746,-11.2886,91.7278,48.3335,-118.9682,-5.722,0.1724,-0.2241
1779988773940,2,Pitching Mound.Drive,,Delivery,pitch.1,440075,-0.1371,-0.3871,1.9173,0.7153,-2.4651,-2.4345,0.0,0.0
1779988773940,2,Pitching Mound.Drive,,Delivery,pitch.1,440076,-0.1293,-0.3561,1.8502,0.7181,-2.2276,-2.4096,0.0,0.0
1779988773940,2,Pitching Mound.Parent,,Delivery,pitch.1,439115,-5.2117,-11.6757,93.6451,49.0488,-121.4332,-8.1565,0.1689,-0.2195
1779988773941,2,12.00000015,Lower Delivery,Delivery,pitch.1,439800,-0.0053,0.0014,0.0327,-0.21,-0.1707,-0.0045,0.0,0.0
1779988773941,2,12.00000018,Upper Delivery,Delivery,pitch.1,440655,-5.065,-11.3161,91.4467,79.7815,-118.8774,-4.0366,0.1731,0.1161
1779988773941,2,Pitching Mound.Delivery,,Delivery,pitch.1,439496,-5.0702,-11.3147,91.4794,48.4908,-119.048,-5.7614,0.173,-0.2237
1779988773941,2,Pitching Mound.Parent,,Delivery,pitch.1,439116,-5.1996,-11.6708,93.3296,49.2089,-121.2757,-8.171,0.1696,-0.2192
1779988773942,2,11.0000004b,Drive,Delivery,pitch.1,440077,-0.1218,-0.3487,1.8874,0.6963,-2.3757,-2.4092,0.0,0.0
1779988773942,2,11.0000004b,Drive,Delivery,pitch.1,440078,-0.1058,-0.3264,1.9259,0.7072,-2.4172,-2.3748,0.0,0.0
1779988773942,2,12.00000015,Lower Delivery,Delivery,pitch.1,439801,-0.0093,0.001,0.0377,-0.2092,-0.1703,-0.0025,0.0,0.0
1779988773942,2,12.00000018,Upper Delivery,Delivery,pitch.1,440656,-5.0741,-11.3321,91.187,79.6586,-118.8837,-4.0681,0.1736,0.1163
1779988773942,2,Pitching Mound.Delivery,,Delivery,pitch.1,439497,-5.0835,-11.3311,91.2248,48.4586,-119.054,-5.7926,0.1735,-0.2235
1779988773942,2,Pitching Mound.Drive,,Delivery,pitch.1,440077,-0.1218,-0.3487,1.8874,0.6963,-2.3757,-2.4092,0.0,0.0
1779988773942,2,Pitching Mound.Drive,,Delivery,pitch.1,440078,-0.1058,-0.3264,1.9259,0.7072,-2.4172,-2.3748,0.0,0.0
1779988773942,2,Pitching Mound.Parent,,Delivery,pitch.1,439117,-5.2052,-11.6798,93.1122,49.1549,-121.4297,-8.2018,0.17,-0.2189
1779988773943,2,11.0000004b,Drive,Delivery,pitch.1,440079,-0.1131,-0.3238,1.9649,0.7104,-2.379,-2.3787,0.0,0.0
1779988773943,2,12.00000015,Lower Delivery,Delivery,pitch.1,439802,-0.0066,0.0014,0.0382,-0.2149,-0.1718,-0.003,0.0,0.0
1779988773943,2,12.00000018,Upper Delivery,Delivery,pitch.1,440657,-5.0791,-11.3587,90.8544,79.9488,-119.0482,-4.1175,0.1744,0.1171
1779988773943,2,Pitching Mound.Delivery,,Delivery,pitch.1,439498,-5.0857,-11.3573,90.8926,48.8563,-119.22,-5.8451,0.1744,-0.2226
1779988773943,2,Pitching Mound.Drive,,Delivery,pitch.1,440079,-0.1131,-0.3238,1.9649,0.7104,-2.379,-2.3787,0.0,0.0
1779988773943,2,Pitching Mound.Parent,,Delivery,pitch.1,439118,-5.1914,-11.6837,92.8185,49.5635,-121.6372,-8.22,0.1707,-0.218
1779988773944,2,11.0000004b,Drive,Delivery,pitch.1,440080,-0.1012,-0.3275,1.9513,0.766,-2.2945,-2.3898,0.0,0.0
1779988773944,2,12.00000015,Lower Delivery,Delivery,pitch.1,439803,-0.0087,0.0018,0.039,-0.2125,-0.1796,-0.0033,0.0,0.0
1779988773944,2,12.00000018,Upper Delivery,Delivery,pitch.1,440658,-5.0784,-11.3919,90.7964,80.1777,-118.9713,-4.1561,0.1744,0.1176
1779988773944,2,Pitching Mound.Delivery,,Delivery,pitch.1,439499,-5.0871,-11.3901,90.8354,49.1077,-119.1509,-5.8832,0.1744,-0.2222
1779988773944,2,Pitching Mound.Drive,,Delivery,pitch.1,440080,-0.1012,-0.3275,1.9513,0.766,-2.2945,-2.3898,0.0,0.0
1779988773944,2,Pitching Mound.Parent,,Delivery,pitch.1,439119,-5.2003,-11.7139,92.8003,49.8181,-121.5298,-8.2619,0.1707,-0.2175
1779988773945,2,11.0000004b,Drive,Delivery,pitch.1,440081,-0.0964,-0.3256,1.8851,0.7572,-2.2582,-2.3843,0.0,0.0
1779988773945,2,12.00000015,Lower Delivery,Delivery,pitch.1,439804,-0.0087,0.0012,0.0372,-0.1906,-0.1775,-0.0019,0.0,0.0
1779988773945,2,12.00000018,Upper Delivery,Delivery,pitch.1,440659,-5.091,-11.4091,90.6438,80.1189,-119.1016,-4.2487,0.1749,0.1177
1779988773945,2,Pitching Mound.Delivery,,Delivery,pitch.1,439500,-5.0997,-11.4079,90.6809,49.1221,-119.2791,-5.9786,0.1749,-0.2221
1779988773945,2,Pitching Mound.Drive,,Delivery,pitch.1,440081,-0.0964,-0.3256,1.8851,0.7572,-2.2582,-2.3843,0.0,0.0
1779988773945,2,Pitching Mound.Parent,,Delivery,pitch.1,439120,-5.2009,-11.7354,92.6322,49.8881,-121.5737,-8.3684,0.1712,-0.2174
1779988773946,2,11.0000004b,Drive,Delivery,pitch.1,440082,-0.0793,-0.3518,1.8087,0.7374,-2.1379,-2.361,0.0,0.0
1779988773946,2,12.00000015,Lower Delivery,Delivery,pitch.1,439805,-0.0069,0.001,0.0386,-0.1873,-0.1742,-0.0011,0.0,0.0
1779988773946,2,12.00000018,Upper Delivery,Delivery,pitch.1,440660,-5.1006,-11.4154,90.3959,80.0897,-119.0967,-4.275,0.1754,0.1179
1779988773946,2,Pitching Mound.Delivery,,Delivery,pitch.1,439501,-5.1075,-11.4144,90.4345,49.1808,-119.2709,-6.0079,0.1753,-0.2218
1779988773946,2,Pitching Mound.Drive,,Delivery,pitch.1,440082,-0.0793,-0.3518,1.8087,0.7374,-2.1379,-2.361,0.0,0.0
1779988773946,2,Pitching Mound.Parent,,Delivery,pitch.1,439121,-5.2039,-11.7401,92.3196,49.938,-121.5291,-8.3922,0.1717,-0.2173
1779988773947,2,11.0000004b,Drive,Delivery,pitch.1,440083,-0.093,-0.3443,1.9007,0.7223,-2.4136,-2.4029,0.0,0.0
1779988773947,2,12.00000015,Lower Delivery,Delivery,pitch.1,439806,-0.0081,0.0007,0.0434,-0.1897,-0.1736,-0.0023,0.0,0.0
1779988773947,2,12.00000018,Upper Delivery,Delivery,pitch.1,440661,-5.0665,-11.4727,90.4383,79.9998,-118.9492,-4.3236,0.1751,0.1178
1779988773947,2,Pitching Mound.Delivery,,Delivery,pitch.1,439502,-5.0746,-11.4719,90.4817,49.0757,-119.1228,-6.0457,0.175,-0.222
1779988773947,2,Pitching Mound.Drive,,Delivery,pitch.1,440083,-0.093,-0.3443,1.9007,0.7223,-2.4136,-2.4029,0.0,0.0
1779988773947,2,Pitching Mound.Parent,,Delivery,pitch.1,439122,-5.1539,-11.8237,92.2904,49.8131,-121.2607,-8.4067,0.1716,-0.2176
1779988773948,2,11.0000004b,Drive,Delivery,pitch.1,440084,-0.0897,-0.3601,1.8319,0.7418,-2.3756,-2.4138,0.0,0.0
1779988773948,2,12.00000015,Lower Delivery,Delivery,pitch.1,439807,-0.0062,0.0009,0.0389,-0.1698,-0.168,-0.0021,0.0,0.0
1779988773948,2,12.00000018,Upper Delivery,Delivery,pitch.1,440662,-5.0643,-11.507,90.4837,79.9449,-118.8594,-4.434,0.1749,0.1176
1779988773948,2,Pitching Mound.Delivery,,Delivery,pitch.1,439503,-5.0705,-11.5061,90.5226,49.0239,-119.0274,-6.1558,0.1748,-0.2221
1779988773948,2,Pitching Mound.Drive,,Delivery,pitch.1,440084,-0.0897,-0.3601,1.8319,0.7418,-2.3756,-2.4138,0.0,0.0
1779988773948,2,Pitching Mound.Parent,,Delivery,pitch.1,439123,-5.1636,-11.8504,92.4234,49.7462,-121.441,-8.5588,0.1712,-0.2176
1779988773949,2,11.0000004b,Drive,Delivery,pitch.1,440085,-0.084,-0.3724,1.902,0.762,-2.4371,-2.4391,0.0,0.0
1779988773949,2,12.00000015,Lower Delivery,Delivery,pitch.1,439808,-0.0021,0.0007,0.0354,-0.1631,-0.1676,-0.0006,0.0,0.0
1779988773949,2,12.00000018,Upper Delivery,Delivery,pitch.1,440663,-5.0785,-11.5616,90.691,79.9649,-118.7868,-4.4869,0.1744,0.1174
1779988773949,2,Pitching Mound.Delivery,,Delivery,pitch.1,439504,-5.0806,-11.561,90.7264,48.9789,-118.9545,-6.2134,0.1743,-0.2224
1779988773949,2,Pitching Mound.Drive,,Delivery,pitch.1,440085,-0.084,-0.3724,1.902,0.762,-2.4371,-2.4391,0.0,0.0
1779988773949,2,Pitching Mound.Parent,,Delivery,pitch.1,439124,-5.1703,-11.9211,92.5584,49.7206,-121.3301,-8.6272,0.1709,-0.218
1779988773950,2,11.0000004b,Drive,Delivery,pitch.1,440086,-0.0897,-0.362,1.888,0.751,-2.3606,-2.3893,0.0,0.0
1779988773950,2,12.00000015,Lower Delivery,Delivery,pitch.1,439809,-0.0028,0.0011,0.0275,-0.1472,-0.1539,-0.0014,0.0,0.0
1779988773950,2,12.00000018,Upper Delivery,Delivery,pitch.1,440664,-5.0297,-11.5962,90.5186,80.0377,-118.4538,-4.5413,0.1742,0.1177
1779988773950,2,Pitching Mound.Delivery,,Delivery,pitch.1,439505,-5.0324,-11.5951,90.5462,49.1235,-118.6078,-6.2519,0.1742,-0.2221
1779988773950,2,Pitching Mound.Drive,,Delivery,pitch.1,440086,-0.0897,-0.362,1.888,0.751,-2.3606,-2.3893,0.0,0.0
1779988773950,2,Pitching Mound.Parent,,Delivery,pitch.1,439125,-5.1164,-11.9675,92.4482,49.8855,-121.0449,-8.691,0.1706,-0.2175
1779988773951,2,11.0000004b,Drive,Delivery,pitch.1,440087,-0.0747,-0.3867,1.8351,0.7693,-2.427,-2.4436,0.0,0.0
1779988773951,2,12.00000015,Lower Delivery,Delivery,pitch.1,439810,-0.0018,0.0018,0.0301,-0.1555,-0.1664,-0.0059,0.0,0.0
1779988773951,2,12.00000018,Upper Delivery,Delivery,pitch.1,440665,-5.0288,-11.6425,90.4214,80.1001,-118.3962,-4.5769,0.1743,0.1179
1779988773951,2,Pitching Mound.Delivery,,Delivery,pitch.1,439506,-5.0306,-11.6407,90.4516,49.2116,-118.5626,-6.292,0.1743,-0.2219
1779988773951,2,Pitching Mound.Drive,,Delivery,pitch.1,440087,-0.0747,-0.3867,1.8351,0.7693,-2.427,-2.4436,0.0,0.0
1779988773951,2,Pitching Mound.Parent,,Delivery,pitch.1,439126,-5.1203,-12.0027,92.3396,49.9626,-120.9232,-8.6814,0.1707,-0.2173
1779988773952,2,11.0000004b,Drive,Delivery,pitch.1,440088,-0.0743,-0.3952,1.9396,0.7917,-2.3877,-2.4215,0.0,0.0
1779988773952,2,12.00000015,Lower Delivery,Delivery,pitch.1,439811,-0.0015,0.0014,0.0351,-0.1581,-0.1635,-0.0025,0.0,0.0
1779988773952,2,12.00000018,Upper Delivery,Delivery,pitch.1,440666,-5.0142,-11.6944,90.478,80.3122,-118.3052,-4.6433,0.1741,0.1182
1779988773952,2,Pitching Mound.Delivery,,Delivery,pitch.1,439507,-5.0157,-11.6929,90.5132,49.4035,-118.4687,-6.3501,0.174,-0.2216
1779988773952,2,Pitching Mound.Drive,,Delivery,pitch.1,440088,-0.0743,-0.3952,1.9396,0.7917,-2.3877,-2.4215,0.0,0.0
1779988773952,2,Pitching Mound.Parent,,Delivery,pitch.1,439127,-5.0904,-12.0796,92.3482,50.1728,-120.8958,-8.7937,0.1705,-0.2172
1779988773953,2,12.00000015,Lower Delivery,Delivery,pitch.1,439812,-0.0009,0.0026,0.0359,-0.1577,-0.1699,-0.0047,0.0,0.0
1779988773953,2,12.00000018,Upper Delivery,Delivery,pitch.1,440667,-4.9985,-11.7312,90.6257,80.229,-117.9483,-4.7226,0.1733,0.1179
1779988773953,2,Pitching Mound.Delivery,,Delivery,pitch.1,439508,-4.9994,-11.7285,90.6616,49.2709,-118.1182,-6.4265,0.1732,-0.2219
1779988773953,2,Pitching Mound.Parent,,Delivery,pitch.1,439128,-5.0737,-12.1237,92.6012,50.0626,-120.5059,-8.848,0.1696,-0.2173
1779988773954,2,11.0000004b,Drive,Delivery,pitch.1,440089,-0.0765,-0.4163,1.9025,0.797,-2.3339,-2.4535,0.0,0.0
1779988773954,2,12.00000015,Lower Delivery,Delivery,pitch.1,439813,-0.0009,0.0033,0.0394,-0.1599,-0.1715,-0.005,0.0,0.0
1779988773954,2,12.00000018,Upper Delivery,Delivery,pitch.1,440668,-4.9682,-11.7526,90.3891,79.7589,-117.8908,-4.7632,0.1736,0.1175
1779988773954,2,Pitching Mound.Delivery,,Delivery,pitch.1,439509,-4.9691,-11.7493,90.4285,48.8801,-118.0623,-6.457,0.1736,-0.2223
1779988773954,2,Pitching Mound.Drive,,Delivery,pitch.1,440089,-0.0765,-0.4163,1.9025,0.797,-2.3339,-2.4535,0.0,0.0
1779988773954,2,Pitching Mound.Parent,,Delivery,pitch.1,439129,-5.0456,-12.1656,92.3311,49.6771,-120.3962,-8.9105,0.17,-0.2177
1779988773955,2,11.0000004b,Drive,Delivery,pitch.1,440090,-0.0761,-0.425,1.895,0.8046,-2.172,-2.4675,0.0,0.0
1779988773955,2,12.00000015,Lower Delivery,Delivery,pitch.1,439814,-0.0014,0.0036,0.037,-0.1498,-0.1671,-0.0022,0.0,0.0
1779988773955,2,12.00000018,Upper Delivery,Delivery,pitch.1,440669,-4.939,-11.7748,90.0987,79.9523,-117.7051,-4.7818,0.1739,0.1181
1779988773955,2,Pitching Mound.Delivery,,Delivery,pitch.1,439510,-4.9404,-11.7712,90.1358,49.1815,-117.8722,-6.4628,0.1738,-0.2216
1779988773955,2,Pitching Mound.Drive,,Delivery,pitch.1,440090,-0.0761,-0.425,1.895,0.8046,-2.172,-2.4675,0.0,0.0
1779988773955,2,Pitching Mound.Parent,,Delivery,pitch.1,439130,-5.0165,-12.1962,92.0308,49.9861,-120.0442,-8.9303,0.1703,-0.2171
1779988773956,2,11.0000004b,Drive,Delivery,pitch.1,440091,-0.0685,-0.4174,1.8672,0.791,-2.0655,-2.442,0.0,0.0
1779988773956,2,12.00000015,Lower Delivery,Delivery,pitch.1,439815,-0.0004,0.0044,0.0323,-0.1428,-0.1534,-0.0015,0.0,0.0
1779988773956,2,12.00000018,Upper Delivery,Delivery,pitch.1,440670,-4.9312,-11.7844,90.0257,79.6591,-117.5404,-4.8107,0.1738,0.1178
1779988773956,2,Pitching Mound.Delivery,,Delivery,pitch.1,439511,-4.9316,-11.7801,90.0581,48.9185,-117.6938,-6.4887,0.1738,-0.222
1779988773956,2,Pitching Mound.Drive,,Delivery,pitch.1,440091,-0.0685,-0.4174,1.8672,0.791,-2.0655,-2.442,0.0,0.0
1779988773956,2,Pitching Mound.Parent,,Delivery,pitch.1,439131,-5.0001,-12.1974,91.9252,49.7095,-119.7593,-8.9307,0.1702,-0.2175
1779988773957,2,11.0000004b,Drive,Delivery,pitch.1,440092,-0.0325,-0.4077,1.8464,0.8963,-2.0507,-2.4104,0.0,0.0
1779988773957,2,12.00000015,Lower Delivery,Delivery,pitch.1,439816,0.0003,0.0044,0.0304,-0.1366,-0.1515,-0.0009,0.0,0.0
1779988773957,2,12.00000015,Lower Delivery,Delivery,pitch.1,439817,0.0004,0.0045,0.0284,-0.1468,-0.1511,-0.0008,0.0,0.0
1779988773957,2,12.00000018,Upper Delivery,Delivery,pitch.1,440671,-4.8829,-11.8318,89.923,79.2147,-117.1942,-4.8531,0.1735,0.1173
1779988773957,2,Pitching Mound.Delivery,,Delivery,pitch.1,439512,-4.8826,-11.8274,89.9534,48.5146,-117.3457,-6.5143,0.1734,-0.2225
1779988773957,2,Pitching Mound.Drive,,Delivery,pitch.1,440092,-0.0325,-0.4077,1.8464,0.8963,-2.0507,-2.4104,0.0,0.0
1779988773957,2,Pitching Mound.Parent,,Delivery,pitch.1,439132,-4.9151,-12.2351,91.7998,49.4109,-119.3964,-8.9247,0.17,-0.2181
1779988773958,2,11.0000004b,Drive,Delivery,pitch.1,440093,-0.0438,-0.415,1.8306,0.8627,-2.0323,-2.4346,0.0,0.0
1779988773958,2,12.00000018,Upper Delivery,Delivery,pitch.1,440672,-4.8674,-11.8668,89.6505,79.4556,-117.2715,-4.9111,0.1741,0.118
1779988773958,2,Pitching Mound.Delivery,,Delivery,pitch.1,439513,-4.8671,-11.8623,89.6789,48.8372,-117.4226,-6.5669,0.1741,-0.2218
1779988773958,2,Pitching Mound.Drive,,Delivery,pitch.1,440093,-0.0438,-0.415,1.8306,0.8627,-2.0323,-2.4346,0.0,0.0
1779988773958,2,Pitching Mound.Parent,,Delivery,pitch.1,439133,-4.9108,-12.2773,91.5095,49.7,-119.455,-9.0016,0.1706,-0.2174
1779988773959,2,11.0000004b,Drive,Delivery,pitch.1,440094,-0.0448,-0.394,1.8124,0.8695,-1.9134,-2.4111,0.0,0.0
1779988773959,2,12.00000015,Lower Delivery,Delivery,pitch.1,439818,-0.0033,0.004,0.0272,-0.153,-0.1529,0.0008,0.0,0.0
1779988773959,2,12.00000018,Upper Delivery,Delivery,pitch.1,440673,-4.8423,-11.866,89.2931,79.2338,-117.1261,-4.9221,0.1746,0.1181
1779988773959,2,Pitching Mound.Delivery,,Delivery,pitch.1,439514,-4.8457,-11.862,89.3203,48.7304,-117.279,-6.5666,0.1746,-0.2217
1779988773959,2,Pitching Mound.Drive,,Delivery,pitch.1,440094,-0.0448,-0.394,1.8124,0.8695,-1.9134,-2.4111,0.0,0.0
1779988773959,2,Pitching Mound.Parent,,Delivery,pitch.1,439134,-4.8905,-12.2559,91.1327,49.5999,-119.1924,-8.9777,0.1711,-0.2173
1779988773960,2,11.0000004b,Drive,Delivery,pitch.1,440095,-0.0468,-0.3697,1.7809,0.8491,-1.785,-2.4299,0.0,0.0
1779988773960,2,12.00000015,Lower Delivery,Delivery,pitch.1,439819,-0.0057,0.003,0.0295,-0.1619,-0.1628,0.004,0.0,0.0
1779988773960,2,12.00000018,Upper Delivery,Delivery,pitch.1,440674,-4.8048,-11.8866,89.0576,79.4911,-117.016,-4.9802,0.1749,0.1188
1779988773960,2,Pitching Mound.Delivery,,Delivery,pitch.1,439515,-4.8105,-11.8836,89.0872,49.0596,-117.1788,-6.6078,0.1749,-0.221
1779988773960,2,Pitching Mound.Drive,,Delivery,pitch.1,440095,-0.0468,-0.3697,1.7809,0.8491,-1.785,-2.4299,0.0,0.0
1779988773960,2,Pitching Mound.Parent,,Delivery,pitch.1,439135,-4.8573,-12.2534,90.8681,49.9087,-118.9638,-9.0377,0.1714,-0.2167
1779988773961,2,11.0000004b,Drive,Delivery,pitch.1,440096,-0.0363,-0.3578,1.7395,0.8352,-1.8044,-2.4007,0.0,0.0
1779988773961,2,12.00000015,Lower Delivery,Delivery,pitch.1,439820,-0.0055,0.0021,0.0284,-0.1462,-0.1545,0.0039,0.0,0.0
1779988773961,2,12.00000018,Upper Delivery,Delivery,pitch.1,440675,-4.7841,-11.89,88.9216,79.5459,-116.9631,-5.0268,0.1751,0.1191
1779988773961,2,Pitching Mound.Delivery,,Delivery,pitch.1,439516,-4.7896,-11.8879,88.95,49.176,-117.1176,-6.6477,0.1751,-0.2207
1779988773961,2,Pitching Mound.Drive,,Delivery,pitch.1,440096,-0.0363,-0.3578,1.7395,0.8352,-1.8044,-2.4007,0.0,0.0
1779988773961,2,Pitching Mound.Parent,,Delivery,pitch.1,439136,-4.826,-12.2457,90.6895,50.0112,-118.922,-9.0483,0.1717,-0.2165
1779988773962,2,11.0000004b,Drive,Delivery,pitch.1,440097,-0.0421,-0.3647,1.7231,0.8085,-1.9658,-2.4307,0.0,0.0
1779988773962,2,11.0000004b,Drive,Delivery,pitch.1,440098,-0.0293,-0.3495,1.6478,0.7693,-2.0075,-2.3858,0.0,0.0
1779988773962,2,12.00000015,Lower Delivery,Delivery,pitch.1,439822,-0.0077,0.0016,0.0306,-0.1334,-0.1548,0.004,0.0,0.0
1779988773962,2,12.00000015,Lower Delivery,Delivery,pitch.1,439821,-0.0073,0.0021,0.0304,-0.1413,-0.151,0.0034,0.0,0.0
1779988773962,2,12.00000018,Upper Delivery,Delivery,pitch.1,440676,-4.767,-11.9176,88.6476,79.4526,-116.8975,-5.0646,0.1756,0.1193
1779988773962,2,Pitching Mound.Delivery,,Delivery,pitch.1,439517,-4.7743,-11.9156,88.678,49.1815,-117.0484,-6.6795,0.1755,-0.2205
1779988773962,2,Pitching Mound.Drive,,Delivery,pitch.1,440097,-0.0421,-0.3647,1.7231,0.8085,-1.9658,-2.4307,0.0,0.0
1779988773962,2,Pitching Mound.Drive,,Delivery,pitch.1,440098,-0.0293,-0.3495,1.6478,0.7693,-2.0075,-2.3858,0.0,0.0
1779988773962,2,Pitching Mound.Parent,,Delivery,pitch.1,439137,-4.8164,-12.2803,90.4012,49.99,-119.0142,-9.1102,0.1721,-0.2163
1779988773963,2,11.0000004b,Drive,Delivery,pitch.1,440099,-0.0356,-0.3578,1.6111,0.7375,-2.1789,-2.4058,0.0,0.0
1779988773963,2,12.00000018,Upper Delivery,Delivery,pitch.1,440677,-4.7635,-11.9014,88.4074,79.069,-117.058,-5.1504,0.1763,0.1191
1779988773963,2,Pitching Mound.Delivery,,Delivery,pitch.1,439518,-4.7712,-11.8998,88.438,48.8875,-117.2128,-6.7633,0.1762,-0.2207
1779988773963,2,Pitching Mound.Drive,,Delivery,pitch.1,440099,-0.0356,-0.3578,1.6111,0.7375,-2.1789,-2.4058,0.0,0.0
1779988773963,2,Pitching Mound.Parent,,Delivery,pitch.1,439138,-4.8006,-12.2493,90.0859,49.6568,-119.2203,-9.1491,0.173,-0.2167
1779988773964,2,12.00000015,Lower Delivery,Delivery,pitch.1,439823,-0.0068,0.0005,0.0341,-0.1434,-0.157,0.002,0.0,0.0
1779988773964,2,12.00000015,Lower Delivery,Delivery,pitch.1,439824,-0.0089,0.0001,0.0348,-0.1507,-0.1616,-0.0013,0.0,0.0
1779988773964,2,12.00000018,Upper Delivery,Delivery,pitch.1,440678,-4.7443,-11.9364,88.153,79.0298,-117.0362,-5.2442,0.1767,0.1193
1779988773964,2,Pitching Mound.Delivery,,Delivery,pitch.1,439519,-4.7511,-11.936,88.1871,48.926,-117.1932,-6.853,0.1767,-0.2204
1779988773964,2,Pitching Mound.Parent,,Delivery,pitch.1,439139,-4.7867,-12.2938,89.7982,49.6635,-119.3721,-9.2588,0.1735,-0.2165
1779988773965,2,11.0000004b,Drive,Delivery,pitch.1,440100,-0.0263,-0.3527,1.6068,0.7309,-2.2576,-2.3947,0.0,0.0
1779988773965,2,12.00000015,Lower Delivery,Delivery,pitch.1,439825,-0.0087,-0.0007,0.0373,-0.1488,-0.1482,0.001,0.0,0.0
1779988773965,2,12.00000018,Upper Delivery,Delivery,pitch.1,440679,-4.7433,-11.9475,88.2915,78.8617,-116.9873,-5.3055,0.1764,0.1189
1779988773965,2,Pitching Mound.Delivery,,Delivery,pitch.1,439520,-4.7522,-11.9475,88.3263,48.7038,-117.149,-6.9164,0.1763,-0.2209
1779988773965,2,Pitching Mound.Drive,,Delivery,pitch.1,440100,-0.0263,-0.3527,1.6068,0.7309,-2.2576,-2.3947,0.0,0.0
1779988773965,2,Pitching Mound.Parent,,Delivery,pitch.1,439140,-4.7785,-12.3002,89.9331,49.4347,-119.4066,-9.3111,0.1732,-0.2169
1779988773966,2,11.0000004b,Drive,Delivery,pitch.1,440101,-0.0559,-0.3498,1.6432,0.742,-2.2259,-2.4123,0.0,0.0
1779988773966,2,12.00000018,Upper Delivery,Delivery,pitch.1,440680,-4.7351,-11.9516,88.2656,78.6716,-116.8698,-5.3751,0.1763,0.1187
1779988773966,2,Pitching Mound.Delivery,,Delivery,pitch.1,439521,-4.7437,-11.9523,88.3029,48.5251,-117.018,-6.9811,0.1762,-0.2211
1779988773966,2,Pitching Mound.Drive,,Delivery,pitch.1,440101,-0.0559,-0.3498,1.6432,0.742,-2.2259,-2.4123,0.0,0.0
1779988773966,2,Pitching Mound.Parent,,Delivery,pitch.1,439141,-4.7996,-12.3022,89.9461,49.2671,-119.2438,-9.3933,0.173,-0.2171
1779988773967,2,11.0000004b,Drive,Delivery,pitch.1,440102,-0.0691,-0.3561,1.643,0.7238,-2.3194,-2.4181,0.0,0.0
1779988773967,2,12.00000015,Lower Delivery,Delivery,pitch.1,439826,-0.0045,-0.0008,0.0381,-0.1673,-0.168,-0.002,0.0,0.0
1779988773967,2,12.00000018,Upper Delivery,Delivery,pitch.1,440681,-4.7199,-11.9675,88.2856,78.9976,-117.0063,-5.4177,0.1764,0.1191
1779988773967,2,Pitching Mound.Delivery,,Delivery,pitch.1,439522,-4.7243,-11.9683,88.3237,48.8262,-117.1743,-7.0229,0.1764,-0.2206
1779988773967,2,Pitching Mound.Drive,,Delivery,pitch.1,440102,-0.0691,-0.3561,1.643,0.7238,-2.3194,-2.4181,0.0,0.0
1779988773967,2,Pitching Mound.Parent,,Delivery,pitch.1,439142,-4.7934,-12.3244,89.9668,49.55,-119.4937,-9.441,0.1731,-0.2166
1779988773968,2,11.0000004b,Drive,Delivery,pitch.1,440103,-0.0884,-0.3546,1.686,0.7203,-2.3514,-2.4135,0.0,0.0
1779988773968,2,11.0000004b,Drive,Delivery,pitch.1,440104,-0.0884,-0.3653,1.699,0.7717,-2.0555,-2.4235,0.0,0.0
1779988773968,2,12.00000015,Lower Delivery,Delivery,pitch.1,439827,-0.0023,-0.001,0.0387,-0.1778,-0.1748,-0.0049,0.0,0.0
1779988773968,2,12.00000015,Lower Delivery,Delivery,pitch.1,439828,-0.004,-0.0009,0.0384,-0.1768,-0.173,-0.003,0.0,0.0
1779988773968,2,12.00000018,Upper Delivery,Delivery,pitch.1,440682,-4.7208,-11.9787,88.2122,79.0371,-116.9468,-5.4742,0.1765,0.1193
1779988773968,2,Pitching Mound.Delivery,,Delivery,pitch.1,439523,-4.7231,-11.9797,88.2509,48.8803,-117.1216,-7.0834,0.1764,-0.2205
1779988773968,2,Pitching Mound.Drive,,Delivery,pitch.1,440103,-0.0884,-0.3546,1.686,0.7203,-2.3514,-2.4135,0.0,0.0
1779988773968,2,Pitching Mound.Drive,,Delivery,pitch.1,440104,-0.0884,-0.3653,1.699,0.7717,-2.0555,-2.4235,0.0,0.0
1779988773968,2,Pitching Mound.Parent,,Delivery,pitch.1,439143,-4.8115,-12.3343,89.9369,49.6006,-119.473,-9.4968,0.1731,-0.2163
1779988773969,2,11.0000004b,Drive,Delivery,pitch.1,440105,-0.0938,-0.3672,1.7378,0.7667,-2.1722,-2.3943,0.0,0.0
1779988773969,2,12.00000018,Upper Delivery,Delivery,pitch.1,440683,-4.7127,-12.0011,88.3699,78.8151,-116.8919,-5.5373,0.1761,0.1187
1779988773969,2,Pitching Mound.Delivery,,Delivery,pitch.1,439524,-4.7166,-12.002,88.4083,48.6055,-117.0649,-7.1413,0.176,-0.221
1779988773969,2,Pitching Mound.Drive,,Delivery,pitch.1,440105,-0.0938,-0.3672,1.7378,0.7667,-2.1722,-2.3943,0.0,0.0
1779988773969,2,Pitching Mound.Parent,,Delivery,pitch.1,439144,-4.805,-12.3673,90.1073,49.3772,-119.1204,-9.5648,0.1727,-0.2169
1779988773970,2,12.00000015,Lower Delivery,Delivery,pitch.1,439829,-0.0016,-0.0011,0.0377,-0.1829,-0.1732,-0.0016,0.0,0.0
1779988773970,2,12.00000018,Upper Delivery,Delivery,pitch.1,440684,-4.6905,-12.0182,88.3044,78.9323,-116.9778,-5.575,0.1764,0.119
1779988773970,2,Pitching Mound.Delivery,,Delivery,pitch.1,439525,-4.692,-12.0193,88.3421,48.7387,-117.151,-7.1708,0.1763,-0.2208
1779988773970,2,Pitching Mound.Parent,,Delivery,pitch.1,439145,-4.7859,-12.3865,90.0799,49.5054,-119.3233,-9.5651,0.1729,-0.2165
1779988773971,2,11.0000004b,Drive,Delivery,pitch.1,440106,-0.1209,-0.3801,1.7666,0.7799,-2.0965,-2.3901,0.0,0.0
1779988773971,2,11.0000004b,Drive,Delivery,pitch.1,440107,-0.1075,-0.371,1.7727,0.7632,-2.3303,-2.3952,0.0,0.0
1779988773971,2,12.00000015,Lower Delivery,Delivery,pitch.1,439830,-0.002,-0.0008,0.0365,-0.1796,-0.1704,-0.001,0.0,0.0
1779988773971,2,12.00000018,Upper Delivery,Delivery,pitch.1,440685,-4.6586,-12.0352,88.1623,78.9557,-116.946,-5.6055,0.1766,0.1192
1779988773971,2,Pitching Mound.Delivery,,Delivery,pitch.1,439526,-4.6606,-12.0359,88.1988,48.8133,-117.1165,-7.1897,0.1765,-0.2205
1779988773971,2,Pitching Mound.Drive,,Delivery,pitch.1,440106,-0.1209,-0.3801,1.7666,0.7799,-2.0965,-2.3901,0.0,0.0
1779988773971,2,Pitching Mound.Drive,,Delivery,pitch.1,440107,-0.1075,-0.371,1.7727,0.7632,-2.3303,-2.3952,0.0,0.0
1779988773971,2,Pitching Mound.Parent,,Delivery,pitch.1,439146,-4.7815,-12.416,89.9654,49.5932,-119.213,-9.5798,0.1731,-0.2162
1779988773972,2,12.00000015,Lower Delivery,Delivery,pitch.1,439831,-0.001,-0.0008,0.0332,-0.1626,-0.1717,-0.0005,0.0,0.0
1779988773972,2,12.00000018,Upper Delivery,Delivery,pitch.1,440686,-4.6518,-12.0684,88.3093,78.9024,-117.0667,-5.6845,0.1765,0.1189
1779988773972,2,Pitching Mound.Delivery,,Delivery,pitch.1,439527,-4.6528,-12.0693,88.3426,48.7259,-117.2384,-7.2663,0.1764,-0.2208
1779988773972,2,Pitching Mound.Parent,,Delivery,pitch.1,439147,-4.7603,-12.4403,90.1153,49.4891,-119.5686,-9.6615,0.1729,-0.2165
1779988773973,2,11.0000004b,Drive,Delivery,pitch.1,440108,-0.0934,-0.3768,1.7824,0.7892,-2.0594,-2.3922,0.0,0.0
1779988773973,2,12.00000015,Lower Delivery,Delivery,pitch.1,439832,-0.002,0.0,0.0314,-0.1596,-0.1607,0.0,0.0,0.0
1779988773973,2,12.00000018,Upper Delivery,Delivery,pitch.1,440687,-4.6089,-12.1001,88.6965,79.2412,-116.7136,-5.6933,0.1752,0.1189
1779988773973,2,Pitching Mound.Delivery,,Delivery,pitch.1,439528,-4.611,-12.1001,88.7279,48.9355,-116.8743,-7.2596,0.1751,-0.2209
1779988773973,2,Pitching Mound.Drive,,Delivery,pitch.1,440108,-0.0934,-0.3768,1.7824,0.7892,-2.0594,-2.3922,0.0,0.0
1779988773973,2,Pitching Mound.Parent,,Delivery,pitch.1,439148,-4.7043,-12.477,90.5103,49.7247,-118.9337,-9.6519,0.1717,-0.2165
1779988773974,2,11.0000004b,Drive,Delivery,pitch.1,440109,-0.1082,-0.3998,1.7952,0.7985,-1.7962,-2.3949,0.0,0.0
1779988773974,2,12.00000015,Lower Delivery,Delivery,pitch.1,439833,0.0007,0.0001,0.0325,-0.1662,-0.1614,0.0014,0.0,0.0
1779988773974,2,12.00000018,Upper Delivery,Delivery,pitch.1,440688,-4.5584,-12.1036,88.3314,78.9122,-116.5861,-5.703,0.1757,0.1189
1779988773974,2,Pitching Mound.Delivery,,Delivery,pitch.1,439529,-4.5577,-12.1036,88.3638,48.7244,-116.7476,-7.2517,0.1756,-0.2209
1779988773974,2,Pitching Mound.Drive,,Delivery,pitch.1,440109,-0.1082,-0.3998,1.7952,0.7985,-1.7962,-2.3949,0.0,0.0
1779988773974,2,Pitching Mound.Parent,,Delivery,pitch.1,439149,-4.6659,-12.5033,90.159,49.5229,-118.5437,-9.6466,0.1721,-0.2165
1779988773975,2,11.0000004b,Drive,Delivery,pitch.1,440110,-0.1502,-0.4042,1.9391,0.7768,-1.929,-2.4121,0.0,0.0
1779988773975,2,11.0000004b,Drive,Delivery,pitch.1,440111,-0.131,-0.4104,1.9468,0.7631,-2.0679,-2.3957,0.0,0.0
1779988773975,2,12.00000015,Lower Delivery,Delivery,pitch.1,439834,0.0008,0.0009,0.0301,-0.1773,-0.161,0.0033,0.0,0.0
1779988773975,2,12.00000018,Upper Delivery,Delivery,pitch.1,440689,-4.5539,-12.1158,88.3089,78.9957,-116.4199,-5.7126,0.1755,0.1191
1779988773975,2,Pitching Mound.Delivery,,Delivery,pitch.1,439530,-4.5532,-12.1149,88.339,48.8036,-116.5809,-7.258,0.1754,-0.2207
1779988773975,2,Pitching Mound.Drive,,Delivery,pitch.1,440110,-0.1502,-0.4042,1.9391,0.7768,-1.929,-2.4121,0.0,0.0
1779988773975,2,Pitching Mound.Drive,,Delivery,pitch.1,440111,-0.131,-0.4104,1.9468,0.7631,-2.0679,-2.3957,0.0,0.0
1779988773975,2,Pitching Mound.Parent,,Delivery,pitch.1,439150,-4.7034,-12.519,90.2781,49.5804,-118.5099,-9.6701,0.1717,-0.216
1779988773976,2,12.00000015,Lower Delivery,Delivery,pitch.1,439835,0.0015,0.0014,0.0297,-0.1881,-0.1637,0.0044,0.0,0.0
1779988773976,2,12.00000018,Upper Delivery,Delivery,pitch.1,440690,-4.5313,-12.1301,88.2355,79.059,-116.3051,-5.7682,0.1755,0.1193
1779988773976,2,Pitching Mound.Delivery,,Delivery,pitch.1,439531,-4.5298,-12.1287,88.2652,48.8809,-116.4689,-7.305,0.1754,-0.2205
1779988773976,2,Pitching Mound.Parent,,Delivery,pitch.1,439151,-4.6608,-12.5392,90.212,49.644,-118.5368,-9.7007,0.1716,-0.2158
1779988773977,2,11.0000004b,Drive,Delivery,pitch.1,440112,-0.1295,-0.3931,1.9639,0.7539,-2.0618,-2.4061,0.0,0.0
1779988773977,2,11.0000004b,Drive,Delivery,pitch.1,440113,-0.134,-0.3934,1.9517,0.7587,-2.0983,-2.4309,0.0,0.0
1779988773977,2,12.00000015,Lower Delivery,Delivery,pitch.1,439836,0.002,0.0014,0.0278,-0.1866,-0.1738,0.0033,0.0,0.0
1779988773977,2,12.00000018,Upper Delivery,Delivery,pitch.1,440691,-4.5642,-12.1435,88.256,78.8169,-116.372,-5.7613,0.1755,0.1189
1779988773977,2,Pitching Mound.Delivery,,Delivery,pitch.1,439532,-4.5622,-12.1421,88.2839,48.6327,-116.5458,-7.3105,0.1755,-0.2209
1779988773977,2,Pitching Mound.Drive,,Delivery,pitch.1,440112,-0.1295,-0.3931,1.9639,0.7539,-2.0618,-2.4061,0.0,0.0
1779988773977,2,Pitching Mound.Drive,,Delivery,pitch.1,440113,-0.134,-0.3934,1.9517,0.7587,-2.0983,-2.4309,0.0,0.0
1779988773977,2,Pitching Mound.Parent,,Delivery,pitch.1,439152,-4.6917,-12.5353,90.2478,49.3866,-118.6075,-9.7166,0.1717,-0.2161
1779988773978,2,12.00000018,Upper Delivery,Delivery,pitch.1,440692,-4.5425,-12.1539,88.2639,78.7554,-116.4705,-5.8036,0.1757,0.1188
1779988773978,2,Pitching Mound.Delivery,,Delivery,pitch.1,439533,-4.5388,-12.1525,88.291,48.5724,-116.6295,-7.3448,0.1756,-0.221
1779988773978,2,Pitching Mound.Parent,,Delivery,pitch.1,439153,-4.6727,-12.546,90.2427,49.3311,-118.7278,-9.7757,0.1718,-0.2163
