Time (Unix ms),Phase,Device Id,Position Id,Phase Name,Capture Phase Id,Record Id,Fx,Fy,Fz,Mx,My,Mz,COPx,COPy
1780080239268,1,11.0000004b,Drive,Loading,pitch.0,773058,2.2877,5.6147,39.4835,37.3074,-63.6788,5.1615,0.1653,0.0968
1780080239268,1,12.00000018,Upper Delivery,Loading,pitch.0,773867,0.1409,-0.2716,0.4054,-0.0884,-0.0304,-0.0012,0.0,0.0
1780080239268,1,Pitching Mound.Drive,,Loading,pitch.0,773058,2.2877,5.6147,39.4835,37.3074,-63.6788,5.1615,0.1653,0.0968
1780080239269,1,11.0000004b,Drive,Loading,pitch.0,773059,2.2826,5.6165,39.5965,37.4118,-63.8608,5.2059,0.1653,0.0968
1780080239269,1,12.00000018,Upper Delivery,Loading,pitch.0,773868,0.1479,-0.3007,0.4678,-0.0884,-0.0304,-0.0012,0.0,0.0
1780080239269,1,Pitching Mound.Drive,,Loading,pitch.0,773059,2.2826,5.6165,39.5965,37.4118,-63.8608,5.2059,0.1653,0.0968
1780080239270,1,11.0000004b,Drive,Loading,pitch.0,773060,2.2853,5.6325,39.6688,37.4607,-63.9653,5.2474,0.1653,0.0968
1780080239270,1,12.00000018,Upper Delivery,Loading,pitch.0,773869,0.1507,-0.2598,0.3964,-0.0884,-0.0304,-0.0012,0.0,0.0
1780080239270,1,Pitching Mound.Drive,,Loading,pitch.0,773060,2.2853,5.6325,39.6688,37.4607,-63.9653,5.2474,0.1653,0.0968
1780080239271,1,11.0000004b,Drive,Loading,pitch.0,773061,2.2862,5.6408,39.8268,37.566,-64.1872,5.3212,0.1652,0.0967
1780080239271,1,12.00000018,Upper Delivery,Loading,pitch.0,773870,0.1509,-0.3095,0.5187,-0.0884,-0.0304,-0.0012,0.0,0.0
1780080239271,1,Pitching Mound.Drive,,Loading,pitch.0,773061,2.2862,5.6408,39.8268,37.566,-64.1872,5.3212,0.1652,0.0967
1780080239272,1,11.0000004b,Drive,Loading,pitch.0,773062,2.2906,5.6649,39.9632,37.741,-64.3052,5.3376,0.1649,0.0968
1780080239272,1,Pitching Mound.Drive,,Loading,pitch.0,773062,2.2906,5.6649,39.9632,37.741,-64.3052,5.3376,0.1649,0.0968
1780080239273,1,11.0000004b,Drive,Loading,pitch.0,773063,2.2964,5.6799,40.1616,37.9526,-64.5677,5.3838,0.1648,0.0969
1780080239273,1,12.00000018,Upper Delivery,Loading,pitch.0,773871,0.1497,-0.2735,0.4258,-0.0884,-0.0304,-0.0012,0.0,0.0
1780080239273,1,Pitching Mound.Drive,,Loading,pitch.0,773063,2.2964,5.6799,40.1616,37.9526,-64.5677,5.3838,0.1648,0.0969
1780080239274,1,11.0000004b,Drive,Loading,pitch.0,773064,2.3129,5.7077,40.3202,38.1344,-64.7908,5.4454,0.1647,0.0969
1780080239274,1,12.00000015,Lower Delivery,Loading,pitch.0,772583,0.0932,-0.0747,0.13,-0.0299,-0.0176,0.0062,0.0,0.0
1780080239274,1,12.00000018,Upper Delivery,Loading,pitch.0,773872,0.1642,-0.32,0.572,-0.0884,-0.0304,-0.0012,0.0,0.0
1780080239274,1,Pitching Mound.Delivery,,Loading,pitch.0,771960,0.2428,-0.3482,0.5557,-0.2188,-0.0479,0.0242,0.0,0.0
1780080239274,1,Pitching Mound.Drive,,Loading,pitch.0,773064,2.3129,5.7077,40.3202,38.1344,-64.7908,5.4454,0.1647,0.0969
1780080239274,1,Pitching Mound.Parent,,Loading,pitch.0,771216,2.5393,5.3317,40.7173,37.7337,-64.6156,5.408,0.1625,0.0931
1780080239275,1,11.0000004b,Drive,Loading,pitch.0,773065,2.3004,5.7269,40.4254,38.2752,-64.8218,5.4776,0.1643,0.097
1780080239275,1,12.00000015,Lower Delivery,Loading,pitch.0,772584,0.0909,-0.0749,0.1136,-0.0305,-0.0164,0.0052,0.0,0.0
1780080239275,1,12.00000018,Upper Delivery,Loading,pitch.0,773873,0.166,-0.2795,0.465,-0.0884,-0.0304,-0.0012,0.0,0.0
1780080239275,1,Pitching Mound.Delivery,,Loading,pitch.0,771961,0.255,-0.3949,0.6856,-0.2747,-0.0468,0.029,0.0,0.0
1780080239275,1,Pitching Mound.Drive,,Loading,pitch.0,773065,2.3004,5.7269,40.4254,38.2752,-64.8218,5.4776,0.1643,0.097
1780080239275,1,Pitching Mound.Parent,,Loading,pitch.0,771217,2.568,5.3128,41.0058,37.8597,-64.8376,5.4743,0.1619,0.0915
1780080239276,1,11.0000004b,Drive,Loading,pitch.0,773066,2.3075,5.7521,40.6285,38.4849,-65.2847,5.5422,0.1647,0.0971
1780080239276,1,12.00000015,Lower Delivery,Loading,pitch.0,772585,0.1228,-0.0774,0.169,-0.0081,-0.0088,0.0031,0.0,0.0
1780080239276,1,12.00000018,Upper Delivery,Loading,pitch.0,773874,0.1153,-0.2369,0.3339,-0.0884,-0.0304,-0.0012,0.0,0.0
1780080239276,1,Pitching Mound.Delivery,,Loading,pitch.0,771962,0.2887,-0.3569,0.6341,-0.1971,-0.0392,0.0165,0.0,0.0
1780080239276,1,Pitching Mound.Drive,,Loading,pitch.0,773066,2.3075,5.7521,40.6285,38.4849,-65.2847,5.5422,0.1647,0.0971
1780080239276,1,Pitching Mound.Parent,,Loading,pitch.0,771218,2.5891,5.37,41.0594,38.0781,-64.861,5.4941,0.1618,0.0931
1780080239277,1,11.0000004b,Drive,Loading,pitch.0,773067,2.3059,5.7721,40.7557,38.6324,-65.4626,5.5941,0.1646,0.0972
1780080239277,1,12.00000015,Lower Delivery,Loading,pitch.0,772586,0.1281,-0.077,0.1872,-0.0086,0.0023,0.0054,0.0,0.0
1780080239277,1,12.00000018,Upper Delivery,Loading,pitch.0,773875,0.119,-0.2557,0.3329,-0.0884,-0.0304,-0.0012,0.0,0.0
1780080239277,1,Pitching Mound.Delivery,,Loading,pitch.0,771963,0.2434,-0.3139,0.5211,-0.1469,-0.028,-0.0001,0.0,0.0
1780080239277,1,Pitching Mound.Drive,,Loading,pitch.0,773067,2.3059,5.7721,40.7557,38.6324,-65.4626,5.5941,0.1646,0.0972
1780080239277,1,Pitching Mound.Parent,,Loading,pitch.0,771219,2.5509,5.4382,41.1496,38.338,-65.3128,5.5421,0.1626,0.0946
1780080239278,1,11.0000004b,Drive,Loading,pitch.0,773068,2.3145,5.806,40.9377,38.7481,-65.8119,5.6455,0.1648,0.097
1780080239278,1,12.00000015,Lower Delivery,Loading,pitch.0,772587,0.124,-0.0762,0.1583,-0.0244,-0.0039,0.0043,0.0,0.0
1780080239278,1,12.00000018,Upper Delivery,Loading,pitch.0,773876,0.0648,-0.2179,0.2181,-0.0884,-0.0304,-0.0012,0.0,0.0
1780080239278,1,Pitching Mound.Delivery,,Loading,pitch.0,771964,0.243,-0.332,0.4912,-0.1722,-0.0342,0.0014,0.0,0.0
1780080239278,1,Pitching Mound.Drive,,Loading,pitch.0,773068,2.3145,5.806,40.9377,38.7481,-65.8119,5.6455,0.1648,0.097
1780080239278,1,Pitching Mound.Parent,,Loading,pitch.0,771220,2.5489,5.4401,41.2469,38.4603,-65.4968,5.5955,0.1627,0.0946
1780080239279,1,11.0000004b,Drive,Loading,pitch.0,773069,2.3209,5.8256,41.1364,39.02,-65.9662,5.6901,0.1644,0.0972
1780080239279,1,12.00000015,Lower Delivery,Loading,pitch.0,772588,0.1621,-0.0775,0.2131,-0.0289,-0.0084,0.0081,0.0,0.0
1780080239279,1,12.00000018,Upper Delivery,Loading,pitch.0,773877,0.0793,-0.2322,0.2764,-0.0884,-0.0304,-0.0012,0.0,0.0
1780080239279,1,Pitching Mound.Delivery,,Loading,pitch.0,771965,0.2414,-0.3097,0.4895,-0.1388,-0.0388,-0.0213,0.0,0.0
1780080239279,1,Pitching Mound.Drive,,Loading,pitch.0,773069,2.3209,5.8256,41.1364,39.02,-65.9662,5.6901,0.1644,0.0972
1780080239279,1,Pitching Mound.Parent,,Loading,pitch.0,771221,2.5559,5.4964,41.4272,38.6093,-65.8507,5.6242,0.1628,0.0953
1780080239280,1,11.0000004b,Drive,Loading,pitch.0,773070,2.3359,5.8479,41.427,39.2609,-66.4515,5.7731,0.1644,0.0971
1780080239280,1,12.00000015,Lower Delivery,Loading,pitch.0,772589,0.1501,-0.0626,0.1902,-0.0129,-0.0025,0.011,0.0,0.0
1780080239280,1,12.00000018,Upper Delivery,Loading,pitch.0,773878,0.0941,-0.2285,0.2875,-0.0884,-0.0304,-0.0012,0.0,0.0
1780080239280,1,Pitching Mound.Delivery,,Loading,pitch.0,771966,0.2443,-0.2911,0.4776,-0.1344,-0.0329,-0.0092,0.0,0.0
1780080239280,1,Pitching Mound.Drive,,Loading,pitch.0,773070,2.3359,5.8479,41.427,39.2609,-66.4515,5.7731,0.1644,0.0971
1780080239280,1,Pitching Mound.Parent,,Loading,pitch.0,771222,2.5651,5.5346,41.614,38.8856,-65.9991,5.6809,0.1625,0.0953
1780080239281,1,11.0000004b,Drive,Loading,pitch.0,773071,2.3387,5.8717,41.722,39.505,-66.8643,5.8737,0.1643,0.097
1780080239281,1,12.00000015,Lower Delivery,Loading,pitch.0,772590,0.1444,-0.0949,0.1958,-0.0082,-0.0001,0.0103,0.0,0.0
1780080239281,1,12.00000018,Upper Delivery,Loading,pitch.0,773879,0.0783,-0.2205,0.2705,-0.0884,-0.0304,-0.0012,0.0,0.0
1780080239281,1,Pitching Mound.Delivery,,Loading,pitch.0,771967,0.2227,-0.3154,0.4663,-0.1219,-0.0304,-0.0133,0.0,0.0
1780080239281,1,Pitching Mound.Drive,,Loading,pitch.0,773071,2.3387,5.8717,41.722,39.505,-66.8643,5.8737,0.1643,0.097
1780080239281,1,Pitching Mound.Parent,,Loading,pitch.0,771223,2.5586,5.5325,41.8933,39.1389,-66.4819,5.7598,0.1626,0.0954
1780080239282,1,11.0000004b,Drive,Loading,pitch.0,773072,2.3572,5.8921,41.9595,39.6806,-67.0656,5.9386,0.1638,0.0969
1780080239282,1,12.00000015,Lower Delivery,Loading,pitch.0,772591,0.1404,-0.1083,0.2056,-0.0104,-0.0011,0.0134,0.0,0.0
1780080239282,1,12.00000018,Upper Delivery,Loading,pitch.0,773880,0.0479,-0.1805,0.1765,-0.0884,-0.0304,-0.0012,0.0,0.0
1780080239282,1,Pitching Mound.Delivery,,Loading,pitch.0,771968,0.1883,-0.2888,0.3821,-0.0889,-0.0315,-0.0192,0.0,0.0
1780080239282,1,Pitching Mound.Drive,,Loading,pitch.0,773072,2.3572,5.8921,41.9595,39.6806,-67.0656,5.9386,0.1638,0.0969
1780080239282,1,Pitching Mound.Parent,,Loading,pitch.0,771224,2.5271,5.5828,42.1041,39.4161,-66.8958,5.8545,0.1628,0.0964
1780080239283,1,11.0000004b,Drive,Loading,pitch.0,773073,2.3568,5.9196,42.2167,39.9014,-67.4633,6.0192,0.1638,0.0969
1780080239283,1,12.00000015,Lower Delivery,Loading,pitch.0,772592,0.121,-0.1038,0.1772,0.0085,0.0018,0.0152,0.0,0.0
1780080239283,1,12.00000018,Upper Delivery,Loading,pitch.0,773881,0.0162,-0.1501,0.1024,-0.0884,-0.0304,-0.0012,0.0,0.0
1780080239283,1,Pitching Mound.Delivery,,Loading,pitch.0,771969,0.1372,-0.2539,0.2796,-0.0544,-0.0286,-0.0216,0.0,0.0
1780080239283,1,Pitching Mound.Drive,,Loading,pitch.0,773073,2.3568,5.9196,42.2167,39.9014,-67.4633,6.0192,0.1638,0.0969
1780080239283,1,Pitching Mound.Parent,,Loading,pitch.0,771225,2.4944,5.6383,42.2391,39.6263,-67.0942,5.917,0.1627,0.0969
1780080239284,1,11.0000004b,Drive,Loading,pitch.0,773074,2.3587,5.9373,42.3834,40.0746,-67.5959,6.1029,0.1635,0.0969
1780080239284,1,12.00000015,Lower Delivery,Loading,pitch.0,772593,0.1158,-0.0933,0.1634,0.0104,-0.0025,0.0148,0.0,0.0
1780080239284,1,12.00000018,Upper Delivery,Loading,pitch.0,773882,0.0165,-0.136,0.1059,-0.0884,-0.0304,-0.0012,0.0,0.0
1780080239284,1,Pitching Mound.Delivery,,Loading,pitch.0,771970,0.1323,-0.2293,0.2693,-0.0585,-0.0329,-0.0202,0.0,0.0
1780080239284,1,Pitching Mound.Drive,,Loading,pitch.0,773074,2.3587,5.9373,42.3834,40.0746,-67.5959,6.1029,0.1635,0.0969
1780080239284,1,Pitching Mound.Parent,,Loading,pitch.0,771226,2.489,5.6902,42.486,39.8429,-67.4962,5.999,0.1628,0.0967
1780080239285,1,11.0000004b,Drive,Loading,pitch.0,773075,2.3582,5.9721,42.6019,40.3393,-67.8152,6.1696,0.1632,0.0971
1780080239285,1,12.00000015,Lower Delivery,Loading,pitch.0,772594,0.1313,-0.092,0.1811,0.0162,-0.0072,0.0183,0.0,0.0
1780080239285,1,12.00000018,Upper Delivery,Loading,pitch.0,773883,0.0132,-0.1325,0.0961,-0.0884,-0.0304,-0.0012,0.0,0.0
1780080239285,1,Pitching Mound.Delivery,,Loading,pitch.0,771971,0.1445,-0.2245,0.2772,-0.0432,-0.0376,-0.023,0.0,0.0
1780080239285,1,Pitching Mound.Drive,,Loading,pitch.0,773075,2.3582,5.9721,42.6019,40.3393,-67.8152,6.1696,0.1632,0.0971
1780080239285,1,Pitching Mound.Parent,,Loading,pitch.0,771227,2.5032,5.7128,42.6606,40.0314,-67.6335,6.0798,0.1624,0.097
1780080239286,1,11.0000004b,Drive,Loading,pitch.0,773076,2.3808,6.0077,42.9081,40.5747,-68.0523,6.2611,0.1626,0.0969
1780080239286,1,12.00000015,Lower Delivery,Loading,pitch.0,772595,0.1142,-0.1208,0.1921,0.0102,-0.0102,0.0175,0.0,0.0
1780080239286,1,12.00000015,Lower Delivery,Loading,pitch.0,772596,0.1364,-0.1145,0.209,0.0124,-0.0094,0.0196,0.0,0.0
1780080239286,1,12.00000018,Upper Delivery,Loading,pitch.0,773884,-0.0059,-0.1144,0.0654,-0.0884,-0.0304,-0.0012,0.0,0.0
1780080239286,1,Pitching Mound.Delivery,,Loading,pitch.0,771972,0.1083,-0.2352,0.2575,-0.0351,-0.0406,-0.0246,0.0,0.0
1780080239286,1,Pitching Mound.Drive,,Loading,pitch.0,773076,2.3808,6.0077,42.9081,40.5747,-68.0523,6.2611,0.1626,0.0969
1780080239286,1,Pitching Mound.Parent,,Loading,pitch.0,771228,2.4665,5.7369,42.8594,40.3042,-67.8558,6.1451,0.1622,0.0975
1780080239287,1,11.0000004b,Drive,Loading,pitch.0,773077,2.3845,6.0306,43.1552,40.7656,-68.3045,6.3268,0.1622,0.0968
1780080239287,1,12.00000018,Upper Delivery,Loading,pitch.0,773885,-0.0107,-0.108,0.0592,-0.0884,-0.0304,-0.0012,0.0,0.0
1780080239287,1,Pitching Mound.Delivery,,Loading,pitch.0,771973,0.1257,-0.2224,0.2682,-0.0251,-0.0397,-0.0316,0.0,0.0
1780080239287,1,Pitching Mound.Drive,,Loading,pitch.0,773077,2.3845,6.0306,43.1552,40.7656,-68.3045,6.3268,0.1622,0.0968
1780080239287,1,Pitching Mound.Parent,,Loading,pitch.0,771229,2.5064,5.7853,43.1764,40.5496,-68.092,6.2295,0.1615,0.0975
1780080239288,1,11.0000004b,Drive,Loading,pitch.0,773078,2.4053,6.0634,43.4294,41.0213,-68.7287,6.4162,0.1622,0.0968
1780080239288,1,12.00000015,Lower Delivery,Loading,pitch.0,772597,0.1681,-0.129,0.2468,-0.0036,-0.0148,0.0168,0.0,0.0
1780080239288,1,12.00000018,Upper Delivery,Loading,pitch.0,773886,0.0282,-0.144,0.1847,-0.0884,-0.0304,-0.0012,0.0,0.0
1780080239288,1,Pitching Mound.Delivery,,Loading,pitch.0,771974,0.1963,-0.273,0.4315,-0.0708,-0.0451,-0.0319,0.0,0.0
1780080239288,1,Pitching Mound.Drive,,Loading,pitch.0,773078,2.4053,6.0634,43.4294,41.0213,-68.7287,6.4162,0.1622,0.0968
1780080239288,1,Pitching Mound.Parent,,Loading,pitch.0,771230,2.5808,5.7576,43.5867,40.6947,-68.3496,6.2949,0.1606,0.0963
1780080239289,1,11.0000004b,Drive,Loading,pitch.0,773079,2.3971,6.1014,43.6448,41.3051,-68.8833,6.4883,0.1618,0.097
1780080239289,1,12.00000015,Lower Delivery,Loading,pitch.0,772598,0.1618,-0.1328,0.2544,0.0001,-0.0124,0.016,0.0,0.0
1780080239289,1,12.00000015,Lower Delivery,Loading,pitch.0,772599,0.1442,-0.1003,0.1973,-0.0002,-0.0121,0.0141,0.0,0.0
1780080239289,1,12.00000018,Upper Delivery,Loading,pitch.0,773887,0.0228,-0.1444,0.171,-0.0884,-0.0304,-0.0012,0.0,0.0
1780080239289,1,Pitching Mound.Delivery,,Loading,pitch.0,771975,0.1846,-0.2773,0.4254,-0.0599,-0.0427,-0.0325,0.0,0.0
1780080239289,1,Pitching Mound.Drive,,Loading,pitch.0,773079,2.3971,6.1014,43.6448,41.3051,-68.8833,6.4883,0.1618,0.097
1780080239289,1,Pitching Mound.Parent,,Loading,pitch.0,771231,2.5899,5.7861,43.8548,40.9614,-68.7714,6.3837,0.1606,0.0965
1780080239290,1,11.0000004b,Drive,Loading,pitch.0,773080,2.4036,6.136,43.9799,41.5921,-69.3534,6.5966,0.1616,0.0969
1780080239290,1,12.00000018,Upper Delivery,Loading,pitch.0,773888,0.0767,-0.1842,0.2761,-0.0884,-0.0304,-0.0012,0.0,0.0
1780080239290,1,Pitching Mound.Delivery,,Loading,pitch.0,771976,0.2209,-0.2845,0.4734,-0.1153,-0.0425,-0.0101,0.0,0.0
1780080239290,1,Pitching Mound.Drive,,Loading,pitch.0,773080,2.4036,6.136,43.9799,41.5921,-69.3534,6.5966,0.1616,0.0969
1780080239290,1,Pitching Mound.Parent,,Loading,pitch.0,771232,2.618,5.8169,44.1182,41.1898,-68.9258,6.4782,0.16,0.0954
1780080239291,1,11.0000004b,Drive,Loading,pitch.0,773081,2.3842,6.1708,44.2196,41.8499,-69.7588,6.6855,0.1617,0.097
1780080239291,1,12.00000015,Lower Delivery,Loading,pitch.0,772600,0.128,-0.0915,0.1879,0.0011,-0.0145,0.0133,0.0,0.0
1780080239291,1,12.00000018,Upper Delivery,Loading,pitch.0,773889,0.0642,-0.166,0.232,-0.0884,-0.0304,-0.0012,0.0,0.0
1780080239291,1,Pitching Mound.Delivery,,Loading,pitch.0,771977,0.1921,-0.2575,0.4199,-0.1023,-0.0449,-0.0096,0.0,0.0
1780080239291,1,Pitching Mound.Drive,,Loading,pitch.0,773081,2.3842,6.1708,44.2196,41.8499,-69.7588,6.6855,0.1617,0.097
1780080239291,1,Pitching Mound.Parent,,Loading,pitch.0,771233,2.5958,5.8785,44.3998,41.4898,-69.3983,6.587,0.1601,0.0957
1780080239292,1,11.0000004b,Drive,Loading,pitch.0,773082,2.4041,6.2171,44.5769,42.1253,-70.331,6.7619,0.1617,0.0969
1780080239292,1,12.00000015,Lower Delivery,Loading,pitch.0,772601,0.1198,-0.0644,0.1889,0.0157,-0.0161,0.0189,0.0,0.0
1780080239292,1,12.00000018,Upper Delivery,Loading,pitch.0,773890,0.0662,-0.1832,0.2357,-0.0884,-0.0304,-0.0012,0.0,0.0
1780080239292,1,Pitching Mound.Delivery,,Loading,pitch.0,771978,0.186,-0.2475,0.4246,-0.0886,-0.0465,-0.0006,0.0,0.0
1780080239292,1,Pitching Mound.Drive,,Loading,pitch.0,773082,2.4041,6.2171,44.5769,42.1253,-70.331,6.7619,0.1617,0.0969
1780080239292,1,Pitching Mound.Parent,,Loading,pitch.0,771234,2.5702,5.9232,44.6442,41.7614,-69.8053,6.6849,0.1602,0.0957
1780080239293,1,11.0000004b,Drive,Loading,pitch.0,773083,2.393,6.2638,44.7678,42.4231,-70.728,6.8641,0.1619,0.0971
1780080239293,1,12.00000015,Lower Delivery,Loading,pitch.0,772602,0.0953,-0.0351,0.1077,0.0144,-0.0202,0.018,0.0,0.0
1780080239293,1,12.00000015,Lower Delivery,Loading,pitch.0,772603,0.0843,-0.0261,0.1138,0.0332,-0.0109,0.0177,0.0,0.0
1780080239293,1,12.00000018,Upper Delivery,Loading,pitch.0,773891,0.0725,-0.1928,0.2321,-0.0884,-0.0304,-0.0012,0.0,0.0
1780080239293,1,Pitching Mound.Delivery,,Loading,pitch.0,771979,0.1678,-0.2279,0.3398,-0.1163,-0.0505,0.009,0.0,0.0
1780080239293,1,Pitching Mound.Drive,,Loading,pitch.0,773083,2.393,6.2638,44.7678,42.4231,-70.728,6.8641,0.1619,0.0971
1780080239293,1,Pitching Mound.Parent,,Loading,pitch.0,771235,2.5719,5.9892,44.9167,42.009,-70.3815,6.771,0.1605,0.0952
1780080239294,1,11.0000004b,Drive,Loading,pitch.0,773084,2.3926,6.3066,45.1445,42.829,-71.2979,6.9264,0.1619,0.0972
1780080239294,1,12.00000015,Lower Delivery,Loading,pitch.0,772604,0.1156,-0.0382,0.144,0.0413,-0.007,0.0185,0.0,0.0
1780080239294,1,12.00000018,Upper Delivery,Loading,pitch.0,773892,0.1095,-0.2318,0.3003,-0.0884,-0.0304,-0.0012,0.0,0.0
1780080239294,1,Pitching Mound.Delivery,,Loading,pitch.0,771980,0.1938,-0.2579,0.414,-0.1186,-0.0413,0.0251,0.0,0.0
1780080239294,1,Pitching Mound.Drive,,Loading,pitch.0,773084,2.3926,6.3066,45.1445,42.829,-71.2979,6.9264,0.1619,0.0972
1780080239294,1,Pitching Mound.Parent,,Loading,pitch.0,771236,2.5869,6.0059,45.1819,42.3045,-70.7693,6.8892,0.1604,0.0948
1780080239295,1,11.0000004b,Drive,Loading,pitch.0,773085,2.3907,6.3242,45.5648,43.1002,-71.7967,7.0099,0.1615,0.097
1780080239295,1,12.00000015,Lower Delivery,Loading,pitch.0,772605,0.0857,-0.0291,0.092,0.0309,-0.0073,0.0164,0.0,0.0
1780080239295,1,12.00000018,Upper Delivery,Loading,pitch.0,773893,0.1221,-0.2558,0.3343,-0.0884,-0.0304,-0.0012,0.0,0.0
1780080239295,1,Pitching Mound.Delivery,,Loading,pitch.0,771981,0.2377,-0.2941,0.4784,-0.1118,-0.0373,0.0195,0.0,0.0
1780080239295,1,Pitching Mound.Drive,,Loading,pitch.0,773085,2.3907,6.3242,45.5648,43.1002,-71.7967,7.0099,0.1615,0.097
1780080239295,1,Pitching Mound.Parent,,Loading,pitch.0,771237,2.6303,6.0125,45.6229,42.7172,-71.3352,6.9459,0.1602,0.0948
1780080239296,1,11.0000004b,Drive,Loading,pitch.0,773086,2.3919,6.3672,45.8864,43.4896,-72.3245,7.0911,0.1615,0.0971
1780080239296,1,Pitching Mound.Drive,,Loading,pitch.0,773086,2.3919,6.3672,45.8864,43.4896,-72.3245,7.0911,0.1615,0.0971
1780080239297,1,11.0000004b,Drive,Loading,pitch.0,773087,2.3957,6.4003,46.2535,43.8596,-72.9453,7.1883,0.1616,0.0972
1780080239297,1,12.00000015,Lower Delivery,Loading,pitch.0,772607,0.066,-0.0209,0.0673,-0.0112,-0.0252,0.0079,0.0,0.0
1780080239297,1,12.00000015,Lower Delivery,Loading,pitch.0,772606,0.0847,-0.0257,0.0842,0.0302,-0.0111,0.0122,0.0,0.0
1780080239297,1,12.00000018,Upper Delivery,Loading,pitch.0,773894,0.1268,-0.2565,0.3216,-0.0884,-0.0304,-0.0012,0.0,0.0
1780080239297,1,Pitching Mound.Delivery,,Loading,pitch.0,771982,0.2125,-0.2856,0.4136,-0.1355,-0.0377,0.0292,0.0,0.0
1780080239297,1,Pitching Mound.Drive,,Loading,pitch.0,773087,2.3957,6.4003,46.2535,43.8596,-72.9453,7.1883,0.1616,0.0972
1780080239297,1,Pitching Mound.Parent,,Loading,pitch.0,771238,2.6044,6.0816,46.3,43.354,-72.3622,7.1203,0.1601,0.0946
1780080239298,1,11.0000004b,Drive,Loading,pitch.0,773088,2.3892,6.4519,46.57,44.1921,-73.4332,7.2759,0.1616,0.0973
1780080239298,1,12.00000015,Lower Delivery,Loading,pitch.0,772608,0.0829,-0.0287,0.09,-0.0119,-0.0244,0.0052,0.0,0.0
1780080239298,1,12.00000018,Upper Delivery,Loading,pitch.0,773895,0.1255,-0.2692,0.3194,-0.0884,-0.0304,-0.0012,0.0,0.0
1780080239298,1,Pitching Mound.Delivery,,Loading,pitch.0,771983,0.1914,-0.2901,0.3867,-0.1852,-0.0555,0.027,0.0,0.0
1780080239298,1,Pitching Mound.Drive,,Loading,pitch.0,773088,2.3892,6.4519,46.57,44.1921,-73.4332,7.2759,0.1616,0.0973
1780080239298,1,Pitching Mound.Parent,,Loading,pitch.0,771239,2.5871,6.1103,46.6402,43.6743,-73.0009,7.2153,0.1603,0.0945
1780080239299,1,11.0000004b,Drive,Loading,pitch.0,773089,2.4139,6.4716,46.9436,44.5218,-74.0451,7.3807,0.1617,0.0972
1780080239299,1,12.00000015,Lower Delivery,Loading,pitch.0,772609,0.1103,-0.0433,0.1027,-0.0026,-0.0207,0.0033,0.0,0.0
1780080239299,1,12.00000018,Upper Delivery,Loading,pitch.0,773896,0.1141,-0.2555,0.2895,-0.0884,-0.0304,-0.0012,0.0,0.0
1780080239299,1,Pitching Mound.Delivery,,Loading,pitch.0,771984,0.197,-0.2842,0.3795,-0.1681,-0.0548,0.0146,0.0,0.0
1780080239299,1,Pitching Mound.Drive,,Loading,pitch.0,773089,2.4139,6.4716,46.9436,44.5218,-74.0451,7.3807,0.1617,0.0972
1780080239299,1,Pitching Mound.Parent,,Loading,pitch.0,771240,2.5862,6.1677,46.9495,44.024,-73.488,7.2905,0.1603,0.095
1780080239300,1,11.0000004b,Drive,Loading,pitch.0,773090,2.4244,6.5245,47.3139,44.9231,-74.6816,7.447,0.1618,0.0973
1780080239300,1,12.00000015,Lower Delivery,Loading,pitch.0,772610,0.1162,-0.0681,0.1219,-0.0071,-0.0233,0.0005,0.0,0.0
1780080239300,1,12.00000018,Upper Delivery,Loading,pitch.0,773897,0.0767,-0.2218,0.2298,-0.0884,-0.0304,-0.0012,0.0,0.0
1780080239300,1,Pitching Mound.Delivery,,Loading,pitch.0,771985,0.187,-0.2651,0.3325,-0.1341,-0.051,-0.0093,0.0,0.0
1780080239300,1,Pitching Mound.Drive,,Loading,pitch.0,773090,2.4244,6.5245,47.3139,44.9231,-74.6816,7.447,0.1618,0.0973
1780080239300,1,Pitching Mound.Parent,,Loading,pitch.0,771241,2.6009,6.2065,47.2761,44.3877,-74.0962,7.3714,0.1605,0.0956
1780080239301,1,11.0000004b,Drive,Loading,pitch.0,773091,2.4359,6.5777,47.7402,45.3736,-75.3643,7.5322,0.1618,0.0974
1780080239301,1,12.00000015,Lower Delivery,Loading,pitch.0,772611,0.0999,-0.0673,0.109,-0.0016,-0.0179,-0.0025,0.0,0.0
1780080239301,1,12.00000018,Upper Delivery,Loading,pitch.0,773898,0.0307,-0.1726,0.1455,-0.0884,-0.0304,-0.0012,0.0,0.0
1780080239301,1,Pitching Mound.Delivery,,Loading,pitch.0,771986,0.1468,-0.2407,0.2675,-0.1035,-0.0537,-0.0297,0.0,0.0
1780080239301,1,Pitching Mound.Drive,,Loading,pitch.0,773091,2.4359,6.5777,47.7402,45.3736,-75.3643,7.5322,0.1618,0.0974
1780080239301,1,Pitching Mound.Parent,,Loading,pitch.0,771242,2.5712,6.2838,47.5813,44.8196,-74.7353,7.4173,0.1609,0.0966
1780080239302,1,11.0000004b,Drive,Loading,pitch.0,773092,2.4534,6.6089,48.1988,45.7402,-76.0726,7.6353,0.1618,0.0973
1780080239302,1,12.00000015,Lower Delivery,Loading,pitch.0,772612,0.0969,-0.0693,0.1026,-0.0017,-0.0197,-0.0037,0.0,0.0
1780080239302,1,12.00000018,Upper Delivery,Loading,pitch.0,773899,0.0828,-0.2212,0.2193,-0.0884,-0.0304,-0.0012,0.0,0.0
1780080239302,1,Pitching Mound.Delivery,,Loading,pitch.0,771987,0.1827,-0.2886,0.3283,-0.1274,-0.0483,-0.0096,0.0,0.0
1780080239302,1,Pitching Mound.Drive,,Loading,pitch.0,773092,2.4534,6.6089,48.1988,45.7402,-76.0726,7.6353,0.1618,0.0973
1780080239302,1,Pitching Mound.Parent,,Loading,pitch.0,771243,2.6187,6.2892,48.0685,45.2462,-75.4126,7.5227,0.1607,0.096
1780080239303,1,11.0000004b,Drive,Loading,pitch.0,773093,2.4698,6.6531,48.5263,46.0849,-76.6089,7.763,0.1618,0.0973
1780080239303,1,12.00000015,Lower Delivery,Loading,pitch.0,772613,0.1033,-0.0918,0.1335,0.0055,-0.0204,-0.0054,0.0,0.0
1780080239303,1,12.00000018,Upper Delivery,Loading,pitch.0,773900,0.0631,-0.2018,0.1851,-0.0884,-0.0304,-0.0012,0.0,0.0
1780080239303,1,Pitching Mound.Delivery,,Loading,pitch.0,771988,0.16,-0.2712,0.2877,-0.1181,-0.0501,-0.0164,0.0,0.0
1780080239303,1,Pitching Mound.Drive,,Loading,pitch.0,773093,2.4698,6.6531,48.5263,46.0849,-76.6089,7.763,0.1618,0.0973
1780080239303,1,Pitching Mound.Parent,,Loading,pitch.0,771244,2.6134,6.3378,48.4865,45.6221,-76.1226,7.6189,0.1608,0.0961
1780080239304,1,11.0000004b,Drive,Loading,pitch.0,773094,2.4809,6.6813,48.8772,46.378,-77.2132,7.8403,0.1619,0.0973
1780080239304,1,12.00000015,Lower Delivery,Loading,pitch.0,772614,0.1172,-0.0898,0.1556,0.0153,-0.0216,-0.0031,0.0,0.0
1780080239304,1,12.00000018,Upper Delivery,Loading,pitch.0,773901,0.0519,-0.1763,0.1608,-0.0884,-0.0304,-0.0012,0.0,0.0
1780080239304,1,12.00000018,Upper Delivery,Loading,pitch.0,773902,0.0809,-0.1963,0.2015,-0.0884,-0.0304,-0.0012,0.0,0.0
1780080239304,1,Pitching Mound.Delivery,,Loading,pitch.0,771989,0.1552,-0.2681,0.2943,-0.0922,-0.0508,-0.024,0.0,0.0
1780080239304,1,Pitching Mound.Delivery,,Loading,pitch.0,771990,0.1981,-0.2861,0.3571,-0.0887,-0.0519,-0.0167,0.0,0.0
1780080239304,1,Pitching Mound.Drive,,Loading,pitch.0,773094,2.4809,6.6813,48.8772,46.378,-77.2132,7.8403,0.1619,0.0973
1780080239304,1,Pitching Mound.Parent,,Loading,pitch.0,771245,2.625,6.385,48.8206,45.9928,-76.6597,7.7389,0.1608,0.0966
1780080239304,1,Pitching Mound.Parent,,Loading,pitch.0,771246,2.679,6.3952,49.2343,46.2893,-77.2651,7.8237,0.1607,0.0962
1780080239305,1,11.0000004b,Drive,Loading,pitch.0,773095,2.4874,6.742,49.2976,46.8524,-77.8739,7.9613,0.1619,0.0974
1780080239305,1,12.00000015,Lower Delivery,Loading,pitch.0,772615,0.1115,-0.094,0.1674,0.0233,-0.0203,-0.0018,0.0,0.0
1780080239305,1,12.00000018,Upper Delivery,Loading,pitch.0,773903,0.0849,-0.195,0.2039,-0.0884,-0.0304,-0.0012,0.0,0.0
1780080239305,1,Pitching Mound.Delivery,,Loading,pitch.0,771991,0.1963,-0.2891,0.3713,-0.0774,-0.0507,-0.012,0.0,0.0
1780080239305,1,Pitching Mound.Drive,,Loading,pitch.0,773095,2.4874,6.742,49.2976,46.8524,-77.8739,7.9613,0.1619,0.0974
1780080239305,1,Pitching Mound.Parent,,Loading,pitch.0,771247,2.6837,6.453,49.6689,46.775,-77.9246,7.9493,0.1607,0.0964
1780080239306,1,11.0000004b,Drive,Loading,pitch.0,773096,2.5011,6.7862,49.5936,47.132,-78.4605,8.0565,0.1622,0.0974
1780080239306,1,12.00000015,Lower Delivery,Loading,pitch.0,772616,0.111,-0.0718,0.1656,0.0352,-0.0145,0.0015,0.0,0.0
1780080239306,1,Pitching Mound.Drive,,Loading,pitch.0,773096,2.5011,6.7862,49.5936,47.132,-78.4605,8.0565,0.1622,0.0974
1780080239307,1,11.0000004b,Drive,Loading,pitch.0,773097,2.4886,6.8379,50.0714,47.6018,-79.2316,8.1722,0.1622,0.0974
1780080239307,1,12.00000015,Lower Delivery,Loading,pitch.0,772617,0.1246,-0.0806,0.2219,0.033,-0.0111,0.0032,0.0,0.0
1780080239307,1,12.00000018,Upper Delivery,Loading,pitch.0,773904,0.0293,-0.1416,0.1137,-0.0884,-0.0304,-0.0012,0.0,0.0
1780080239307,1,Pitching Mound.Delivery,,Loading,pitch.0,771992,0.1403,-0.2133,0.2793,-0.0355,-0.0449,-0.0275,0.0,0.0
1780080239307,1,Pitching Mound.Drive,,Loading,pitch.0,773097,2.4886,6.8379,50.0714,47.6018,-79.2316,8.1722,0.1622,0.0974
1780080239307,1,Pitching Mound.Parent,,Loading,pitch.0,771248,2.6415,6.5729,49.8729,47.0965,-78.5054,8.029,0.1612,0.0972
1780080239308,1,11.0000004b,Drive,Loading,pitch.0,773098,2.4713,6.8901,50.5708,48.1045,-79.9246,8.302,0.162,0.0975
1780080239308,1,12.00000015,Lower Delivery,Loading,pitch.0,772618,0.1464,-0.0843,0.2332,0.0386,-0.0113,0.0046,0.0,0.0
1780080239308,1,12.00000018,Upper Delivery,Loading,pitch.0,773905,0.0667,-0.1769,0.1842,-0.0884,-0.0304,-0.0012,0.0,0.0
1780080239308,1,12.00000018,Upper Delivery,Loading,pitch.0,773906,0.0258,-0.1378,0.1205,-0.0884,-0.0304,-0.0012,0.0,0.0
1780080239308,1,Pitching Mound.Delivery,,Loading,pitch.0,771993,0.1913,-0.2575,0.4062,-0.0425,-0.0415,-0.0177,0.0,0.0
1780080239308,1,Pitching Mound.Delivery,,Loading,pitch.0,771994,0.1722,-0.2221,0.3536,-0.0115,-0.0417,-0.0375,0.0,0.0
1780080239308,1,Pitching Mound.Drive,,Loading,pitch.0,773098,2.4713,6.8901,50.5708,48.1045,-79.9246,8.302,0.162,0.0975
1780080239308,1,Pitching Mound.Parent,,Loading,pitch.0,771249,2.6799,6.5804,50.4775,47.5592,-79.2731,8.1545,0.1609,0.0969
1780080239308,1,Pitching Mound.Parent,,Loading,pitch.0,771250,2.6435,6.6681,50.9244,48.0931,-79.9662,8.2644,0.1609,0.0976
1780080239309,1,11.0000004b,Drive,Loading,pitch.0,773099,2.4897,6.91,50.8362,48.2391,-80.4446,8.3908,0.1622,0.0973
1780080239309,1,12.00000015,Lower Delivery,Loading,pitch.0,772619,0.153,-0.0761,0.2379,0.0244,-0.0187,0.0053,0.0,0.0
1780080239309,1,12.00000018,Upper Delivery,Loading,pitch.0,773907,0.063,-0.1692,0.1837,-0.0884,-0.0304,-0.0012,0.0,0.0
1780080239309,1,Pitching Mound.Delivery,,Loading,pitch.0,771995,0.216,-0.2452,0.4216,-0.0455,-0.0491,-0.0265,0.0,0.0
1780080239309,1,Pitching Mound.Drive,,Loading,pitch.0,773099,2.4897,6.91,50.8362,48.2391,-80.4446,8.3908,0.1622,0.0973
1780080239309,1,Pitching Mound.Parent,,Loading,pitch.0,771251,2.7057,6.6647,51.2578,48.1936,-80.4937,8.3643,0.1609,0.0968
1780080239310,1,11.0000004b,Drive,Loading,pitch.0,773100,2.4541,6.9677,51.4468,48.9305,-81.3079,8.5517,0.162,0.0975
1780080239310,1,12.00000015,Lower Delivery,Loading,pitch.0,772620,0.1714,-0.0838,0.2515,0.0211,-0.0221,0.0052,0.0,0.0
1780080239310,1,Pitching Mound.Drive,,Loading,pitch.0,773100,2.4541,6.9677,51.4468,48.9305,-81.3079,8.5517,0.162,0.0975
1780080239311,1,11.0000004b,Drive,Loading,pitch.0,773101,2.4285,7.0369,52.133,49.6838,-82.3961,8.7398,0.162,0.0977
1780080239311,1,12.00000015,Lower Delivery,Loading,pitch.0,772621,0.1542,-0.0814,0.233,0.0132,-0.0279,0.0028,0.0,0.0
1780080239311,1,12.00000018,Upper Delivery,Loading,pitch.0,773908,0.0464,-0.1572,0.1599,-0.0884,-0.0304,-0.0012,0.0,0.0
1780080239311,1,Pitching Mound.Delivery,,Loading,pitch.0,771996,0.2179,-0.2411,0.4114,-0.0361,-0.0525,-0.0385,0.0,0.0
1780080239311,1,Pitching Mound.Drive,,Loading,pitch.0,773101,2.4285,7.0369,52.133,49.6838,-82.3961,8.7398,0.162,0.0977
1780080239311,1,Pitching Mound.Parent,,Loading,pitch.0,771252,2.672,6.7266,51.8581,48.8944,-81.3604,8.5131,0.1607,0.0973
1780080239312,1,11.0000004b,Drive,Loading,pitch.0,773102,2.4255,7.0695,52.4243,49.898,-82.8139,8.8286,0.1619,0.0976
1780080239312,1,12.00000015,Lower Delivery,Loading,pitch.0,772622,0.1468,-0.0715,0.2049,0.0081,-0.035,0.0018,0.0,0.0
1780080239312,1,12.00000018,Upper Delivery,Loading,pitch.0,773909,0.1084,-0.2236,0.27,-0.0884,-0.0304,-0.0012,0.0,0.0
1780080239312,1,12.00000018,Upper Delivery,Loading,pitch.0,773910,0.068,-0.1848,0.2077,-0.0884,-0.0304,-0.0012,0.0,0.0
1780080239312,1,Pitching Mound.Delivery,,Loading,pitch.0,771997,0.2626,-0.305,0.503,-0.0877,-0.0582,-0.014,0.0,0.0
1780080239312,1,Pitching Mound.Delivery,,Loading,pitch.0,771998,0.2148,-0.2563,0.4126,-0.0812,-0.0654,-0.0262,0.0,0.0
1780080239312,1,Pitching Mound.Drive,,Loading,pitch.0,773102,2.4255,7.0695,52.4243,49.898,-82.8139,8.8286,0.1619,0.0976
1780080239312,1,Pitching Mound.Parent,,Loading,pitch.0,771253,2.6911,6.7319,52.636,49.596,-82.4543,8.7258,0.1604,0.0965
1780080239312,1,Pitching Mound.Parent,,Loading,pitch.0,771254,2.6403,6.8132,52.8368,49.8168,-82.8794,8.8024,0.1606,0.0968
1780080239313,1,11.0000004b,Drive,Loading,pitch.0,773103,2.3914,7.1255,52.7671,50.1731,-83.4163,8.9453,0.162,0.0975
1780080239313,1,12.00000015,Lower Delivery,Loading,pitch.0,772623,0.1612,-0.0647,0.2189,0.0204,-0.0362,0.003,0.0,0.0
1780080239313,1,12.00000018,Upper Delivery,Loading,pitch.0,773911,0.0692,-0.1743,0.1971,-0.0884,-0.0304,-0.0012,0.0,0.0
1780080239313,1,Pitching Mound.Delivery,,Loading,pitch.0,771999,0.2304,-0.2391,0.416,-0.0606,-0.0666,-0.0296,0.0,0.0
1780080239313,1,Pitching Mound.Drive,,Loading,pitch.0,773103,2.3914,7.1255,52.7671,50.1731,-83.4163,8.9453,0.162,0.0975
1780080239313,1,Pitching Mound.Parent,,Loading,pitch.0,771255,2.6218,6.8865,53.1831,50.1125,-83.4829,8.9157,0.1608,0.0968
1780080239314,1,11.0000004b,Drive,Loading,pitch.0,773104,2.3614,7.1857,53.3484,50.7164,-84.2255,9.1208,0.1618,0.0974
1780080239314,1,12.00000018,Upper Delivery,Loading,pitch.0,773912,0.0859,-0.1799,0.2199,-0.0884,-0.0304,-0.0012,0.0,0.0
1780080239314,1,Pitching Mound.Drive,,Loading,pitch.0,773104,2.3614,7.1857,53.3484,50.7164,-84.2255,9.1208,0.1618,0.0974
1780080239315,1,11.0000004b,Drive,Loading,pitch.0,773105,2.3241,7.2479,54.0334,51.4784,-85.3067,9.3385,0.1618,0.0976
1780080239315,1,12.00000015,Lower Delivery,Loading,pitch.0,772624,0.1622,-0.0667,0.2123,0.0155,-0.0436,0.0035,0.0,0.0
1780080239315,1,12.00000015,Lower Delivery,Loading,pitch.0,772625,0.1496,-0.0523,0.1836,0.021,-0.0364,0.0062,0.0,0.0
1780080239315,1,12.00000018,Upper Delivery,Loading,pitch.0,773913,0.0764,-0.1702,0.2027,-0.0884,-0.0304,-0.0012,0.0,0.0
1780080239315,1,Pitching Mound.Delivery,,Loading,pitch.0,772000,0.2481,-0.2466,0.4322,-0.0754,-0.074,-0.0237,0.0,0.0
1780080239315,1,Pitching Mound.Delivery,,Loading,pitch.0,772001,0.226,-0.2226,0.3863,-0.0739,-0.0667,-0.0199,0.0,0.0
1780080239315,1,Pitching Mound.Drive,,Loading,pitch.0,773105,2.3241,7.2479,54.0334,51.4784,-85.3067,9.3385,0.1618,0.0976
1780080239315,1,Pitching Mound.Parent,,Loading,pitch.0,771256,2.6094,6.9391,53.7805,50.641,-84.2994,9.0971,0.1605,0.0966
1780080239315,1,Pitching Mound.Parent,,Loading,pitch.0,771257,2.5501,7.0254,54.4197,51.4045,-85.3734,9.3186,0.1607,0.0968
1780080239316,1,11.0000004b,Drive,Loading,pitch.0,773106,2.3089,7.2821,54.3897,51.672,-85.9022,9.4229,0.1619,0.0974
1780080239316,1,12.00000015,Lower Delivery,Loading,pitch.0,772626,0.1615,-0.0593,0.1969,0.0186,-0.0413,0.0052,0.0,0.0
1780080239316,1,12.00000018,Upper Delivery,Loading,pitch.0,773914,0.0947,-0.1947,0.2422,-0.0884,-0.0304,-0.0012,0.0,0.0
1780080239316,1,Pitching Mound.Delivery,,Loading,pitch.0,772002,0.2562,-0.254,0.4392,-0.0851,-0.0716,-0.0187,0.0,0.0
1780080239316,1,Pitching Mound.Drive,,Loading,pitch.0,773106,2.3089,7.2821,54.3897,51.672,-85.9022,9.4229,0.1619,0.0974
1780080239316,1,Pitching Mound.Parent,,Loading,pitch.0,771258,2.565,7.0281,54.8289,51.5868,-85.9739,9.4043,0.1606,0.0963
1780080239317,1,11.0000004b,Drive,Loading,pitch.0,773107,2.2541,7.3593,55.0951,52.4789,-87.0735,9.5885,0.162,0.0976
1780080239317,1,12.00000015,Lower Delivery,Loading,pitch.0,772627,0.1694,-0.0567,0.1881,0.012,-0.0482,0.0046,0.0,0.0
1780080239317,1,12.00000018,Upper Delivery,Loading,pitch.0,773915,0.0822,-0.1873,0.2236,-0.0884,-0.0304,-0.0012,0.0,0.0
1780080239317,1,Pitching Mound.Delivery,,Loading,pitch.0,772003,0.2516,-0.244,0.4116,-0.0884,-0.0786,-0.0263,0.0,0.0
1780080239317,1,Pitching Mound.Drive,,Loading,pitch.0,773107,2.2541,7.3593,55.0951,52.4789,-87.0735,9.5885,0.162,0.0976
1780080239317,1,Pitching Mound.Parent,,Loading,pitch.0,771259,2.5057,7.1152,55.5067,52.3904,-87.1521,9.5622,0.1608,0.0967
1780080239318,1,11.0000004b,Drive,Loading,pitch.0,773108,2.2185,7.4145,55.6686,53.136,-88.0664,9.7312,0.1621,0.0978
1780080239318,1,12.00000015,Lower Delivery,Loading,pitch.0,772628,0.1588,-0.0725,0.185,0.0101,-0.0467,0.0049,0.0,0.0
1780080239318,1,12.00000018,Upper Delivery,Loading,pitch.0,773916,0.0789,-0.1922,0.2188,-0.0884,-0.0304,-0.0012,0.0,0.0
1780080239318,1,Pitching Mound.Delivery,,Loading,pitch.0,772004,0.2377,-0.2647,0.4038,-0.0898,-0.0771,-0.0235,0.0,0.0
1780080239318,1,Pitching Mound.Drive,,Loading,pitch.0,773108,2.2185,7.4145,55.6686,53.136,-88.0664,9.7312,0.1621,0.0978
1780080239318,1,Pitching Mound.Parent,,Loading,pitch.0,771260,2.4562,7.1498,56.0725,53.0462,-88.1434,9.7077,0.161,0.0969
1780080239319,1,11.0000004b,Drive,Loading,pitch.0,773109,2.1677,7.4878,56.4195,53.9564,-89.3136,9.9251,0.1623,0.098
1780080239319,1,12.00000015,Lower Delivery,Loading,pitch.0,772629,0.1592,-0.0893,0.1831,0.0036,-0.0451,0.0048,0.0,0.0
1780080239319,1,12.00000018,Upper Delivery,Loading,pitch.0,773917,0.0711,-0.18,0.2011,-0.0884,-0.0304,-0.0012,0.0,0.0
1780080239319,1,Pitching Mound.Delivery,,Loading,pitch.0,772005,0.2302,-0.2693,0.3841,-0.0909,-0.0754,-0.0264,0.0,0.0
1780080239319,1,Pitching Mound.Drive,,Loading,pitch.0,773109,2.1677,7.4878,56.4195,53.9564,-89.3136,9.9251,0.1623,0.098
1780080239319,1,Pitching Mound.Parent,,Loading,pitch.0,771261,2.3979,7.2185,56.8036,53.8655,-89.389,9.8987,0.1612,0.0973
1780080239320,1,11.0000004b,Drive,Loading,pitch.0,773110,2.1343,7.5463,57.016,54.3857,-90.1682,10.0392,0.1621,0.0978
1780080239320,1,12.00000015,Lower Delivery,Loading,pitch.0,772630,0.1671,-0.1178,0.2158,0.0035,-0.0408,0.005,0.0,0.0
1780080239320,1,12.00000018,Upper Delivery,Loading,pitch.0,773918,0.0781,-0.2041,0.2239,-0.0884,-0.0304,-0.0012,0.0,0.0
1780080239320,1,Pitching Mound.Delivery,,Loading,pitch.0,772006,0.2452,-0.3219,0.4397,-0.0876,-0.0711,-0.0265,0.0,0.0
1780080239320,1,Pitching Mound.Drive,,Loading,pitch.0,773110,2.1343,7.5463,57.016,54.3857,-90.1682,10.0392,0.1621,0.0978
1780080239320,1,Pitching Mound.Parent,,Loading,pitch.0,771262,2.3795,7.2244,57.4557,54.2981,-90.2394,10.0127,0.1609,0.097
1780080239321,1,11.0000004b,Drive,Loading,pitch.0,773111,2.1004,7.6085,57.633,55.0809,-91.2321,10.2379,0.1622,0.098
1780080239321,1,12.00000015,Lower Delivery,Loading,pitch.0,772631,0.1426,-0.1158,0.1871,-0.0022,-0.0436,0.0022,0.0,0.0
1780080239321,1,12.00000018,Upper Delivery,Loading,pitch.0,773919,0.1066,-0.24,0.2857,-0.0884,-0.0304,-0.0012,0.0,0.0
1780080239321,1,Pitching Mound.Delivery,,Loading,pitch.0,772007,0.2492,-0.3558,0.4728,-0.1241,-0.074,-0.0112,0.0,0.0
1780080239321,1,Pitching Mound.Drive,,Loading,pitch.0,773111,2.1004,7.6085,57.633,55.0809,-91.2321,10.2379,0.1622,0.098
1780080239321,1,Pitching Mound.Parent,,Loading,pitch.0,771263,2.3497,7.2527,58.1059,54.9568,-91.306,10.2266,0.1609,0.0966
1780080239322,1,11.0000004b,Drive,Loading,pitch.0,773112,2.061,7.6723,58.2291,55.7712,-92.3334,10.3833,0.1625,0.0982
1780080239322,1,12.00000015,Lower Delivery,Loading,pitch.0,772632,0.1427,-0.1482,0.2177,-0.0106,-0.0413,-0.0005,0.0,0.0
1780080239322,1,12.00000018,Upper Delivery,Loading,pitch.0,773920,0.1341,-0.2676,0.3367,-0.0884,-0.0304,-0.0012,0.0,0.0
1780080239322,1,Pitching Mound.Delivery,,Loading,pitch.0,772008,0.2769,-0.4159,0.5543,-0.1394,-0.0717,-0.0046,0.0,0.0
1780080239322,1,Pitching Mound.Drive,,Loading,pitch.0,773112,2.061,7.6723,58.2291,55.7712,-92.3334,10.3833,0.1625,0.0982
1780080239322,1,Pitching Mound.Parent,,Loading,pitch.0,771264,2.3379,7.2565,58.7834,55.6318,-92.4051,10.3787,0.161,0.0966
1780080239323,1,11.0000004b,Drive,Loading,pitch.0,773113,2.0229,7.7446,58.7658,56.378,-93.3959,10.5588,0.1629,0.0983
1780080239323,1,12.00000015,Lower Delivery,Loading,pitch.0,772633,0.1437,-0.1556,0.2215,-0.0204,-0.0321,0.0007,0.0,0.0
1780080239323,1,12.00000018,Upper Delivery,Loading,pitch.0,773921,0.1143,-0.2504,0.3032,-0.0884,-0.0304,-0.0012,0.0,0.0
1780080239323,1,Pitching Mound.Delivery,,Loading,pitch.0,772009,0.258,-0.406,0.5248,-0.1366,-0.0625,-0.0105,0.0,0.0
1780080239323,1,Pitching Mound.Drive,,Loading,pitch.0,773113,2.0229,7.7446,58.7658,56.378,-93.3959,10.5588,0.1629,0.0983
1780080239323,1,Pitching Mound.Parent,,Loading,pitch.0,771265,2.2809,7.3386,59.2906,56.2415,-93.4584,10.5483,0.1615,0.097
1780080239324,1,11.0000004b,Drive,Loading,pitch.0,773114,1.9772,7.8166,59.5663,57.2748,-94.6156,10.7609,0.1628,0.0986
1780080239324,1,12.00000015,Lower Delivery,Loading,pitch.0,772634,0.1226,-0.1473,0.1725,-0.0242,-0.0354,-0.0016,0.0,0.0
1780080239324,1,12.00000018,Upper Delivery,Loading,pitch.0,773922,0.1437,-0.2735,0.406,-0.0884,-0.0304,-0.0012,0.0,0.0
1780080239324,1,Pitching Mound.Delivery,,Loading,pitch.0,772010,0.2663,-0.4208,0.5785,-0.1919,-0.0657,0.0044,0.0,0.0
1780080239324,1,Pitching Mound.Drive,,Loading,pitch.0,773114,1.9772,7.8166,59.5663,57.2748,-94.6156,10.7609,0.1628,0.0986
1780080239324,1,Pitching Mound.Parent,,Loading,pitch.0,771266,2.2435,7.3958,60.1448,57.0829,-94.6813,10.7652,0.1612,0.0963
1780080239325,1,11.0000004b,Drive,Loading,pitch.0,773115,1.951,7.872,60.1195,57.6836,-95.5423,10.8787,0.1629,0.0983
1780080239325,1,12.00000015,Lower Delivery,Loading,pitch.0,772635,0.1229,-0.151,0.1751,-0.0248,-0.0298,-0.0007,0.0,0.0
1780080239325,1,12.00000018,Upper Delivery,Loading,pitch.0,773923,0.1444,-0.2771,0.4177,-0.0884,-0.0304,-0.0012,0.0,0.0
1780080239325,1,Pitching Mound.Delivery,,Loading,pitch.0,772011,0.2673,-0.4281,0.5928,-0.1957,-0.0602,0.0054,0.0,0.0
1780080239325,1,Pitching Mound.Drive,,Loading,pitch.0,773115,1.951,7.872,60.1195,57.6836,-95.5423,10.8787,0.1629,0.0983
1780080239325,1,Pitching Mound.Parent,,Loading,pitch.0,771267,2.2183,7.4439,60.7123,57.488,-95.6024,10.8841,0.1613,0.096
1780080239326,1,11.0000004b,Drive,Loading,pitch.0,773116,1.9329,7.9267,60.7833,58.1819,-96.564,11.0234,0.1628,0.0981
1780080239326,1,12.00000015,Lower Delivery,Loading,pitch.0,772636,0.1049,-0.1519,0.1677,-0.0468,-0.0336,-0.0021,0.0,0.0
1780080239326,1,12.00000018,Upper Delivery,Loading,pitch.0,773924,0.1719,-0.3115,0.4991,-0.0884,-0.0304,-0.0012,0.0,0.0
1780080239326,1,Pitching Mound.Delivery,,Loading,pitch.0,772012,0.2768,-0.4634,0.6668,-0.2478,-0.064,0.0194,0.0,0.0
1780080239326,1,Pitching Mound.Drive,,Loading,pitch.0,773116,1.9329,7.9267,60.7833,58.1819,-96.564,11.0234,0.1628,0.0981
1780080239326,1,Pitching Mound.Parent,,Loading,pitch.0,771268,2.2096,7.4632,61.4501,57.9341,-96.628,11.0428,0.1611,0.0952
1780080239327,1,11.0000004b,Drive,Loading,pitch.0,773117,1.8829,7.9894,61.4634,58.9451,-97.5818,11.2647,0.1627,0.0983
1780080239327,1,12.00000015,Lower Delivery,Loading,pitch.0,772637,0.1056,-0.1496,0.1559,-0.0339,-0.0324,-0.0045,0.0,0.0
1780080239327,1,Pitching Mound.Drive,,Loading,pitch.0,773117,1.8829,7.9894,61.4634,58.9451,-97.5818,11.2647,0.1627,0.0983
1780080239328,1,11.0000004b,Drive,Loading,pitch.0,773118,1.8436,8.0799,62.2269,59.9586,-98.7033,11.5329,0.1626,0.0988
1780080239328,1,12.00000015,Lower Delivery,Loading,pitch.0,772638,0.1189,-0.1462,0.1769,-0.028,-0.0313,-0.0028,0.0,0.0
1780080239328,1,12.00000018,Upper Delivery,Loading,pitch.0,773925,0.1696,-0.3123,0.5162,-0.0884,-0.0304,-0.0012,0.0,0.0
1780080239328,1,12.00000018,Upper Delivery,Loading,pitch.0,773926,0.2018,-0.3691,0.648,-0.0884,-0.0304,-0.0012,0.0,0.0
1780080239328,1,Pitching Mound.Delivery,,Loading,pitch.0,772014,0.3208,-0.5154,0.8249,-0.2765,-0.0617,0.0242,0.0,0.0
1780080239328,1,Pitching Mound.Delivery,,Loading,pitch.0,772013,0.2752,-0.4619,0.6721,-0.2448,-0.0628,0.0161,0.0,0.0
1780080239328,1,Pitching Mound.Drive,,Loading,pitch.0,773118,1.8436,8.0799,62.2269,59.9586,-98.7033,11.5329,0.1626,0.0988
1780080239328,1,Pitching Mound.Parent,,Loading,pitch.0,771270,2.1644,7.5646,63.0518,59.6821,-98.765,11.5572,0.1604,0.0949
1780080239328,1,Pitching Mound.Parent,,Loading,pitch.0,771269,2.1581,7.5275,62.1355,58.7003,-97.6446,11.2808,0.161,0.0953
1780080239329,1,11.0000004b,Drive,Loading,pitch.0,773119,1.8068,8.1445,62.6985,60.424,-99.485,11.6726,0.1626,0.0988
1780080239329,1,12.00000015,Lower Delivery,Loading,pitch.0,772639,0.1137,-0.1207,0.151,-0.004,-0.0225,-0.0001,0.0,0.0
1780080239329,1,12.00000018,Upper Delivery,Loading,pitch.0,773927,0.1874,-0.37,0.6586,-0.0884,-0.0304,-0.0012,0.0,0.0
1780080239329,1,Pitching Mound.Delivery,,Loading,pitch.0,772015,0.3011,-0.4907,0.8095,-0.265,-0.0529,0.0237,0.0,0.0
1780080239329,1,Pitching Mound.Drive,,Loading,pitch.0,773119,1.8068,8.1445,62.6985,60.424,-99.485,11.6726,0.1626,0.0988
1780080239329,1,Pitching Mound.Parent,,Loading,pitch.0,771271,2.1079,7.6538,63.5081,60.159,-99.5378,11.6964,0.1606,0.0948
1780080239330,1,11.0000004b,Drive,Loading,pitch.0,773120,1.7729,8.2,63.3637,61.0861,-100.3984,11.8672,0.1624,0.0988
1780080239330,1,12.00000015,Lower Delivery,Loading,pitch.0,772640,0.1473,-0.1123,0.1967,0.0038,-0.0194,0.001,0.0,0.0
1780080239330,1,12.00000018,Upper Delivery,Loading,pitch.0,773928,0.1963,-0.3374,0.6067,-0.0884,-0.0304,-0.0012,0.0,0.0
1780080239330,1,Pitching Mound.Delivery,,Loading,pitch.0,772016,0.3435,-0.4497,0.8034,-0.224,-0.0498,0.0165,0.0,0.0
1780080239330,1,Pitching Mound.Drive,,Loading,pitch.0,773120,1.7729,8.2,63.3637,61.0861,-100.3984,11.8672,0.1624,0.0988
1780080239330,1,Pitching Mound.Parent,,Loading,pitch.0,771272,2.1164,7.7503,64.1671,60.8621,-100.4482,11.8837,0.1604,0.0954
1780080239331,1,11.0000004b,Drive,Loading,pitch.0,773121,1.7517,8.2584,64.0233,61.6145,-101.269,12.031,0.1621,0.0986
1780080239331,1,12.00000015,Lower Delivery,Loading,pitch.0,772641,0.1438,-0.1256,0.1788,0.0184,-0.0128,0.0008,0.0,0.0
1780080239331,1,12.00000018,Upper Delivery,Loading,pitch.0,773929,0.1991,-0.359,0.6232,-0.0884,-0.0304,-0.0012,0.0,0.0
1780080239331,1,Pitching Mound.Delivery,,Loading,pitch.0,772017,0.3429,-0.4845,0.8021,-0.2211,-0.0432,0.0184,0.0,0.0
1780080239331,1,Pitching Mound.Drive,,Loading,pitch.0,773121,1.7517,8.2584,64.0233,61.6145,-101.269,12.031,0.1621,0.0986
1780080239331,1,Pitching Mound.Parent,,Loading,pitch.0,771273,2.0947,7.7739,64.8253,61.3934,-101.3122,12.0493,0.1601,0.0951
1780080239332,1,11.0000004b,Drive,Loading,pitch.0,773122,1.7146,8.3425,64.7317,62.3528,-102.3738,12.2538,0.1621,0.0987
1780080239332,1,12.00000015,Lower Delivery,Loading,pitch.0,772642,0.1581,-0.1182,0.2037,0.0172,-0.0143,0.0007,0.0,0.0
1780080239332,1,12.00000018,Upper Delivery,Loading,pitch.0,773930,0.1686,-0.3893,0.74,-0.0884,-0.0304,-0.0012,0.0,0.0
1780080239332,1,Pitching Mound.Delivery,,Loading,pitch.0,772018,0.3267,-0.5074,0.9437,-0.2535,-0.0446,0.003,0.0,0.0
1780080239332,1,Pitching Mound.Drive,,Loading,pitch.0,773122,1.7146,8.3425,64.7317,62.3528,-102.3738,12.2538,0.1621,0.0987
1780080239332,1,Pitching Mound.Parent,,Loading,pitch.0,771274,2.0413,7.8351,65.6754,62.0993,-102.4184,12.2568,0.1598,0.0945
1780080239333,1,11.0000004b,Drive,Loading,pitch.0,773123,1.6626,8.4127,65.4863,63.0708,-103.4313,12.4066,0.1619,0.0987
1780080239333,1,12.00000015,Lower Delivery,Loading,pitch.0,772643,0.143,-0.1014,0.1687,0.0077,-0.013,0.0062,0.0,0.0
1780080239333,1,12.00000018,Upper Delivery,Loading,pitch.0,773931,0.1583,-0.3362,0.6188,-0.0884,-0.0304,-0.0012,0.0,0.0
1780080239333,1,Pitching Mound.Delivery,,Loading,pitch.0,772019,0.3014,-0.4376,0.7875,-0.2337,-0.0434,0.0102,0.0,0.0
1780080239333,1,Pitching Mound.Drive,,Loading,pitch.0,773123,1.6626,8.4127,65.4863,63.0708,-103.4313,12.4066,0.1619,0.0987
1780080239333,1,Pitching Mound.Parent,,Loading,pitch.0,771275,1.964,7.9751,66.2738,62.8371,-103.4747,12.4168,0.16,0.0952
1780080239334,1,11.0000004b,Drive,Loading,pitch.0,773124,1.6269,8.4657,65.8932,63.3993,-104.1388,12.5449,0.162,0.0986
1780080239334,1,12.00000015,Lower Delivery,Loading,pitch.0,772644,0.1342,-0.1121,0.1614,0.0002,-0.0164,0.0052,0.0,0.0
1780080239334,1,12.00000018,Upper Delivery,Loading,pitch.0,773932,0.1756,-0.3354,0.5655,-0.0884,-0.0304,-0.0012,0.0,0.0
1780080239334,1,Pitching Mound.Delivery,,Loading,pitch.0,772020,0.3099,-0.4474,0.7269,-0.2256,-0.0467,0.0181,0.0,0.0
1780080239334,1,Pitching Mound.Drive,,Loading,pitch.0,773124,1.6269,8.4657,65.8932,63.3993,-104.1388,12.5449,0.162,0.0986
1780080239334,1,Pitching Mound.Parent,,Loading,pitch.0,771276,1.9368,8.0183,66.62,63.1737,-104.1855,12.563,0.1602,0.0955
1780080239335,1,11.0000004b,Drive,Loading,pitch.0,773125,1.581,8.5422,66.652,64.1766,-105.3799,12.733,0.162,0.0987
1780080239335,1,12.00000015,Lower Delivery,Loading,pitch.0,772645,0.1187,-0.1023,0.164,-0.0035,-0.0037,0.0061,0.0,0.0
1780080239335,1,12.00000018,Upper Delivery,Loading,pitch.0,773933,0.1847,-0.3515,0.5825,-0.0884,-0.0304,-0.0012,0.0,0.0
1780080239335,1,Pitching Mound.Delivery,,Loading,pitch.0,772021,0.3034,-0.4538,0.7465,-0.2342,-0.0341,0.0274,0.0,0.0
1780080239335,1,Pitching Mound.Drive,,Loading,pitch.0,773125,1.581,8.5422,66.652,64.1766,-105.3799,12.733,0.162,0.0987
1780080239335,1,Pitching Mound.Parent,,Loading,pitch.0,771277,1.8844,8.0884,67.3985,63.9424,-105.4139,12.7604,0.1603,0.0955
1780080239336,1,11.0000004b,Drive,Loading,pitch.0,773126,1.5396,8.6071,67.2342,64.6562,-106.4319,12.898,0.1622,0.0986
1780080239336,1,12.00000015,Lower Delivery,Loading,pitch.0,772646,0.1033,-0.0601,0.1215,-0.0022,-0.0041,0.0067,0.0,0.0
1780080239336,1,12.00000018,Upper Delivery,Loading,pitch.0,773934,0.1714,-0.3563,0.5009,-0.0884,-0.0304,-0.0012,0.0,0.0
1780080239336,1,Pitching Mound.Delivery,,Loading,pitch.0,772022,0.2747,-0.4164,0.6224,-0.2196,-0.0345,0.0286,0.0,0.0
1780080239336,1,Pitching Mound.Drive,,Loading,pitch.0,773126,1.5396,8.6071,67.2342,64.6562,-106.4319,12.898,0.1622,0.0986
1780080239336,1,Pitching Mound.Parent,,Loading,pitch.0,771278,1.8143,8.1907,67.8565,64.4366,-106.4663,12.9266,0.1608,0.0958
1780080239337,1,11.0000004b,Drive,Loading,pitch.0,773127,1.4739,8.6924,67.9144,65.6508,-107.7859,13.1184,0.1627,0.0991
1780080239337,1,12.00000015,Lower Delivery,Loading,pitch.0,772647,0.1217,-0.0748,0.1582,0.0225,0.0047,0.0115,0.0,0.0
1780080239337,1,12.00000018,Upper Delivery,Loading,pitch.0,773935,0.1725,-0.3605,0.4936,-0.0884,-0.0304,-0.0012,0.0,0.0
1780080239337,1,Pitching Mound.Delivery,,Loading,pitch.0,772023,0.2943,-0.4353,0.6517,-0.1799,-0.0257,0.0276,0.0,0.0
1780080239337,1,Pitching Mound.Drive,,Loading,pitch.0,773127,1.4739,8.6924,67.9144,65.6508,-107.7859,13.1184,0.1627,0.0991
1780080239337,1,Pitching Mound.Parent,,Loading,pitch.0,771279,1.7681,8.2571,68.5662,65.4709,-107.8116,13.146,0.1611,0.0965
1780080239338,1,11.0000004b,Drive,Loading,pitch.0,773128,1.4357,8.7719,68.4458,66.0594,-108.5982,13.2788,0.1626,0.0989
1780080239338,1,12.00000015,Lower Delivery,Loading,pitch.0,772648,0.1313,-0.0791,0.158,0.0044,-0.0026,0.0117,0.0,0.0
1780080239338,1,12.00000018,Upper Delivery,Loading,pitch.0,773936,0.1639,-0.3466,0.4326,-0.0884,-0.0304,-0.0012,0.0,0.0
1780080239338,1,Pitching Mound.Delivery,,Loading,pitch.0,772024,0.2952,-0.4257,0.5905,-0.1774,-0.033,0.0216,0.0,0.0
1780080239338,1,Pitching Mound.Drive,,Loading,pitch.0,773128,1.4357,8.7719,68.4458,66.0594,-108.5982,13.2788,0.1626,0.0989
1780080239338,1,Pitching Mound.Parent,,Loading,pitch.0,771280,1.7309,8.3462,69.0364,65.882,-108.6312,13.3004,0.1612,0.0967
1780080239339,1,11.0000004b,Drive,Loading,pitch.0,773129,1.3926,8.848,69.0631,66.5577,-109.6844,13.435,0.1628,0.0988
1780080239339,1,12.00000015,Lower Delivery,Loading,pitch.0,772649,0.0754,-0.0299,0.0776,0.0021,0.0049,0.0105,0.0,0.0
1780080239339,1,12.00000018,Upper Delivery,Loading,pitch.0,773937,0.1776,-0.3487,0.3806,-0.0884,-0.0304,-0.0012,0.0,0.0
1780080239339,1,Pitching Mound.Delivery,,Loading,pitch.0,772025,0.253,-0.3786,0.4581,-0.1893,-0.0255,0.0441,0.0,0.0
1780080239339,1,Pitching Mound.Drive,,Loading,pitch.0,773129,1.3926,8.848,69.0631,66.5577,-109.6844,13.435,0.1628,0.0988
1780080239339,1,Pitching Mound.Parent,,Loading,pitch.0,771281,1.6456,8.4694,69.5212,66.3684,-109.7099,13.479,0.1617,0.0966
1780080239340,1,11.0000004b,Drive,Loading,pitch.0,773130,1.3243,8.9427,69.8951,67.5008,-111.1142,13.6969,0.1629,0.099
1780080239340,1,12.00000015,Lower Delivery,Loading,pitch.0,772650,0.0633,-0.0431,0.0794,-0.004,0.0059,0.0079,0.0,0.0
1780080239340,1,12.00000018,Upper Delivery,Loading,pitch.0,773938,0.1828,-0.3478,0.4664,-0.0884,-0.0304,-0.0012,0.0,0.0
1780080239340,1,Pitching Mound.Delivery,,Loading,pitch.0,772026,0.2461,-0.3909,0.5457,-0.2239,-0.0245,0.0473,0.0,0.0
1780080239340,1,Pitching Mound.Drive,,Loading,pitch.0,773130,1.3243,8.9427,69.8951,67.5008,-111.1142,13.6969,0.1629,0.099
1780080239340,1,Pitching Mound.Parent,,Loading,pitch.0,771282,1.5703,8.5517,70.4408,67.2768,-111.1386,13.7442,0.1617,0.0963
1780080239341,1,11.0000004b,Drive,Loading,pitch.0,773131,1.2835,9.0024,70.4626,67.8,-112.059,13.8703,0.163,0.0986
1780080239341,1,12.00000015,Lower Delivery,Loading,pitch.0,772651,0.0865,-0.064,0.158,-0.0179,-0.0003,0.008,0.0,0.0
1780080239341,1,12.00000018,Upper Delivery,Loading,pitch.0,773939,0.1604,-0.3136,0.4083,-0.0884,-0.0304,-0.0012,0.0,0.0
1780080239341,1,Pitching Mound.Delivery,,Loading,pitch.0,772027,0.2468,-0.3777,0.5663,-0.1914,-0.0307,0.0319,0.0,0.0
1780080239341,1,Pitching Mound.Drive,,Loading,pitch.0,773131,1.2835,9.0024,70.4626,67.8,-112.059,13.8703,0.163,0.0986
1780080239341,1,Pitching Mound.Parent,,Loading,pitch.0,771283,1.5304,8.6247,71.0289,67.6086,-112.0897,13.9023,0.1617,0.0966
1780080239342,1,11.0000004b,Drive,Loading,pitch.0,773132,1.2436,9.0785,71.0261,68.3057,-113.1395,14.0619,0.1633,0.0986
1780080239342,1,12.00000015,Lower Delivery,Loading,pitch.0,772652,0.0407,-0.0434,0.0986,-0.0246,-0.0024,0.0069,0.0,0.0
1780080239342,1,12.00000018,Upper Delivery,Loading,pitch.0,773940,0.1536,-0.2957,0.4817,-0.0884,-0.0304,-0.0012,0.0,0.0
1780080239342,1,Pitching Mound.Delivery,,Loading,pitch.0,772028,0.1943,-0.3391,0.5802,-0.2432,-0.0328,0.0442,0.0,0.0
1780080239342,1,Pitching Mound.Drive,,Loading,pitch.0,773132,1.2436,9.0785,71.0261,68.3057,-113.1395,14.0619,0.1633,0.0986
1780080239342,1,Pitching Mound.Parent,,Loading,pitch.0,771284,1.4379,8.7394,71.6063,68.0625,-113.1723,14.1061,0.1619,0.096
1780080239343,1,11.0000004b,Drive,Loading,pitch.0,773133,1.187,9.162,71.7345,68.9884,-114.3004,14.2664,0.1633,0.0986
1780080239343,1,12.00000015,Lower Delivery,Loading,pitch.0,772653,0.0852,-0.0889,0.2044,-0.0275,-0.0043,0.0063,0.0,0.0
1780080239343,1,12.00000018,Upper Delivery,Loading,pitch.0,773941,0.149,-0.2967,0.4555,-0.0884,-0.0304,-0.0012,0.0,0.0
1780080239343,1,Pitching Mound.Delivery,,Loading,pitch.0,772029,0.2343,-0.3856,0.6598,-0.2012,-0.0347,0.0268,0.0,0.0
1780080239343,1,Pitching Mound.Drive,,Loading,pitch.0,773133,1.187,9.162,71.7345,68.9884,-114.3004,14.2664,0.1633,0.0986
1780080239343,1,Pitching Mound.Parent,,Loading,pitch.0,771285,1.4212,8.7764,72.3944,68.7872,-114.335,14.2932,0.1618,0.0965
1780080239344,1,11.0000004b,Drive,Loading,pitch.0,773134,1.122,9.2346,72.4434,69.5928,-115.436,14.4332,0.1633,0.0985
1780080239344,1,12.00000015,Lower Delivery,Loading,pitch.0,772654,0.0537,-0.0846,0.1654,-0.0256,-0.0086,0.0049,0.0,0.0
1780080239344,1,12.00000018,Upper Delivery,Loading,pitch.0,773942,0.0949,-0.2499,0.3541,-0.0884,-0.0304,-0.0012,0.0,0.0
1780080239344,1,Pitching Mound.Delivery,,Loading,pitch.0,772030,0.1486,-0.3345,0.5195,-0.1781,-0.0389,0.0177,0.0,0.0
1780080239344,1,Pitching Mound.Drive,,Loading,pitch.0,773134,1.122,9.2346,72.4434,69.5928,-115.436,14.4332,0.1633,0.0985
1780080239344,1,Pitching Mound.Parent,,Loading,pitch.0,771286,1.2706,8.9001,72.9629,69.4147,-115.475,14.4509,0.1622,0.0969
1780080239345,1,11.0000004b,Drive,Loading,pitch.0,773135,1.0778,9.3104,73.2443,70.4275,-116.563,14.6391,0.1631,0.0986
1780080239345,1,12.00000015,Lower Delivery,Loading,pitch.0,772655,0.0556,-0.0669,0.1394,-0.0184,-0.0068,0.0082,0.0,0.0
1780080239345,1,12.00000018,Upper Delivery,Loading,pitch.0,773943,0.1159,-0.2718,0.4263,-0.0884,-0.0304,-0.0012,0.0,0.0
1780080239345,1,Pitching Mound.Delivery,,Loading,pitch.0,772031,0.1716,-0.3387,0.5657,-0.2043,-0.0371,0.0275,0.0,0.0
1780080239345,1,Pitching Mound.Drive,,Loading,pitch.0,773135,1.0778,9.3104,73.2443,70.4275,-116.563,14.6391,0.1631,0.0986
1780080239345,1,Pitching Mound.Parent,,Loading,pitch.0,771287,1.2493,8.9717,73.81,70.2231,-116.6001,14.6666,0.1619,0.0965
1780080239346,1,11.0000004b,Drive,Loading,pitch.0,773136,1.0318,9.3504,73.6941,70.8301,-117.3217,14.7797,0.1632,0.0985
1780080239346,1,12.00000015,Lower Delivery,Loading,pitch.0,772656,0.0383,-0.0659,0.1475,-0.022,-0.0118,0.0076,0.0,0.0
1780080239346,1,12.00000018,Upper Delivery,Loading,pitch.0,773944,0.0664,-0.2303,0.3225,-0.0884,-0.0304,-0.0012,0.0,0.0
1780080239346,1,Pitching Mound.Delivery,,Loading,pitch.0,772032,0.1048,-0.2963,0.4701,-0.1699,-0.0421,0.016,0.0,0.0
1780080239346,1,Pitching Mound.Drive,,Loading,pitch.0,773136,1.0318,9.3504,73.6941,70.8301,-117.3217,14.7797,0.1632,0.0985
1780080239346,1,Pitching Mound.Parent,,Loading,pitch.0,771288,1.1366,9.0541,74.1642,70.6602,-117.3639,14.7957,0.1621,0.0971
1780080239347,1,11.0000004b,Drive,Loading,pitch.0,773137,0.9742,9.4176,74.6423,71.6972,-118.6295,14.9878,0.1629,0.0985
1780080239347,1,12.00000015,Lower Delivery,Loading,pitch.0,772657,0.0514,-0.0745,0.1,-0.0161,-0.0013,0.0082,0.0,0.0
1780080239347,1,12.00000018,Upper Delivery,Loading,pitch.0,773945,0.0946,-0.2468,0.3515,-0.0884,-0.0304,-0.0012,0.0,0.0
1780080239347,1,Pitching Mound.Delivery,,Loading,pitch.0,772033,0.146,-0.3213,0.4515,-0.19,-0.0316,0.0217,0.0,0.0
1780080239347,1,Pitching Mound.Drive,,Loading,pitch.0,773137,0.9742,9.4176,74.6423,71.6972,-118.6295,14.9878,0.1629,0.0985
1780080239347,1,Pitching Mound.Parent,,Loading,pitch.0,771289,1.1201,9.0963,75.0939,71.5071,-118.6611,15.0096,0.1619,0.0967
1780080239348,1,11.0000004b,Drive,Loading,pitch.0,773138,0.9319,9.4802,75.1686,72.0421,-119.364,15.1164,0.1628,0.0982
1780080239348,1,12.00000015,Lower Delivery,Loading,pitch.0,772658,0.0376,-0.0399,0.0438,-0.0226,-0.002,0.0081,0.0,0.0
1780080239348,1,12.00000018,Upper Delivery,Loading,pitch.0,773946,0.077,-0.2258,0.32,-0.0884,-0.0304,-0.0012,0.0,0.0
1780080239348,1,Pitching Mound.Delivery,,Loading,pitch.0,772034,0.1147,-0.2657,0.3638,-0.2049,-0.0324,0.0203,0.0,0.0
1780080239348,1,Pitching Mound.Drive,,Loading,pitch.0,773138,0.9319,9.4802,75.1686,72.0421,-119.364,15.1164,0.1628,0.0982
1780080239348,1,Pitching Mound.Parent,,Loading,pitch.0,771290,1.0465,9.2145,75.5324,71.8372,-119.3963,15.1367,0.162,0.0965
1780080239349,1,11.0000004b,Drive,Loading,pitch.0,773139,0.8945,9.5684,75.9189,72.802,-120.6129,15.2999,0.1628,0.0983
1780080239349,1,12.00000015,Lower Delivery,Loading,pitch.0,772659,0.0352,-0.0496,0.0833,-0.0078,0.0051,0.0091,0.0,0.0
1780080239349,1,12.00000018,Upper Delivery,Loading,pitch.0,773947,0.0426,-0.1928,0.2068,-0.0884,-0.0304,-0.0012,0.0,0.0
1780080239349,1,Pitching Mound.Delivery,,Loading,pitch.0,772035,0.0779,-0.2424,0.2901,-0.1382,-0.0253,0.0104,0.0,0.0
1780080239349,1,Pitching Mound.Drive,,Loading,pitch.0,773139,0.8945,9.5684,75.9189,72.802,-120.6129,15.2999,0.1628,0.0983
1780080239349,1,Pitching Mound.Parent,,Loading,pitch.0,771291,0.9724,9.3261,76.209,72.6638,-120.6382,15.3103,0.1622,0.0974
1780080239350,1,11.0000004b,Drive,Loading,pitch.0,773140,0.8523,9.6497,76.35,73.1494,-121.5173,15.4984,0.1631,0.0982
1780080239350,1,12.00000015,Lower Delivery,Loading,pitch.0,772660,0.0667,-0.0766,0.0851,0.005,0.0082,0.0088,0.0,0.0
1780080239350,1,12.00000018,Upper Delivery,Loading,pitch.0,773948,0.0719,-0.2185,0.2607,-0.0884,-0.0304,-0.0012,0.0,0.0
1780080239350,1,Pitching Mound.Delivery,,Loading,pitch.0,772036,0.1386,-0.2952,0.3458,-0.143,-0.0221,0.0093,0.0,0.0
1780080239350,1,Pitching Mound.Drive,,Loading,pitch.0,773140,0.8523,9.6497,76.35,73.1494,-121.5173,15.4984,0.1631,0.0982
1780080239350,1,Pitching Mound.Parent,,Loading,pitch.0,771292,0.991,9.3545,76.6958,73.0064,-121.5395,15.5077,0.1624,0.097
1780080239351,1,11.0000004b,Drive,Loading,pitch.0,773141,0.8222,9.7196,76.8685,73.5349,-122.3566,15.6163,0.1631,0.098
1780080239351,1,12.00000015,Lower Delivery,Loading,pitch.0,772661,0.0561,-0.0611,0.0699,0.0053,0.0067,0.0089,0.0,0.0
1780080239351,1,12.00000018,Upper Delivery,Loading,pitch.0,773949,0.0322,-0.1898,0.1857,-0.0884,-0.0304,-0.0012,0.0,0.0
1780080239351,1,Pitching Mound.Delivery,,Loading,pitch.0,772037,0.0883,-0.2509,0.2556,-0.1225,-0.0236,-0.0004,0.0,0.0
1780080239351,1,Pitching Mound.Drive,,Loading,pitch.0,773141,0.8222,9.7196,76.8685,73.5349,-122.3566,15.6163,0.1631,0.098
1780080239351,1,Pitching Mound.Parent,,Loading,pitch.0,771293,0.9106,9.4687,77.1241,73.4124,-122.3802,15.6158,0.1626,0.0972
1780080239352,1,11.0000004b,Drive,Loading,pitch.0,773142,0.7739,9.8094,77.6504,74.4282,-123.4714,15.8396,0.163,0.0982
1780080239352,1,11.0000004b,Drive,Loading,pitch.0,773143,0.7401,9.884,77.9748,74.7199,-124.0176,15.9677,0.163,0.0982
1780080239352,1,12.00000015,Lower Delivery,Loading,pitch.0,772662,0.0406,-0.0317,0.0604,0.0124,0.0134,0.0094,0.0,0.0
1780080239352,1,12.00000018,Upper Delivery,Loading,pitch.0,773950,0.1013,-0.2492,0.3523,-0.0884,-0.0304,-0.0012,0.0,0.0
1780080239352,1,Pitching Mound.Delivery,,Loading,pitch.0,772038,0.1419,-0.2809,0.4127,-0.1752,-0.0169,0.0289,0.0,0.0
1780080239352,1,Pitching Mound.Drive,,Loading,pitch.0,773142,0.7739,9.8094,77.6504,74.4282,-123.4714,15.8396,0.163,0.0982
1780080239352,1,Pitching Mound.Drive,,Loading,pitch.0,773143,0.7401,9.884,77.9748,74.7199,-124.0176,15.9677,0.163,0.0982
1780080239352,1,Pitching Mound.Parent,,Loading,pitch.0,771294,0.9159,9.5285,78.0631,74.2529,-123.4884,15.8684,0.1621,0.0965
1780080239353,1,12.00000015,Lower Delivery,Loading,pitch.0,772663,0.0452,-0.0215,0.057,0.0142,0.0116,0.0085,0.0,0.0
1780080239353,1,12.00000018,Upper Delivery,Loading,pitch.0,773951,0.0659,-0.2046,0.2365,-0.0884,-0.0304,-0.0012,0.0,0.0
1780080239353,1,Pitching Mound.Delivery,,Loading,pitch.0,772039,0.1111,-0.2261,0.2935,-0.1352,-0.0188,0.0143,0.0,0.0
1780080239353,1,Pitching Mound.Parent,,Loading,pitch.0,771295,0.8513,9.6579,78.2684,74.5847,-124.0364,15.982,0.1624,0.0971
1780080239354,1,11.0000004b,Drive,Loading,pitch.0,773144,0.6937,9.9623,78.5811,75.2751,-124.9823,16.1555,0.163,0.0982
1780080239354,1,12.00000015,Lower Delivery,Loading,pitch.0,772664,0.0405,-0.0156,0.0524,0.0137,0.0091,0.0061,0.0,0.0
1780080239354,1,12.00000018,Upper Delivery,Loading,pitch.0,773952,0.0331,-0.1851,0.1605,-0.0884,-0.0304,-0.0012,0.0,0.0
1780080239354,1,Pitching Mound.Delivery,,Loading,pitch.0,772040,0.0736,-0.2006,0.2129,-0.1114,-0.0213,0.0024,0.0,0.0
1780080239354,1,Pitching Mound.Drive,,Loading,pitch.0,773144,0.6937,9.9623,78.5811,75.2751,-124.9823,16.1555,0.163,0.0982
1780080239354,1,Pitching Mound.Parent,,Loading,pitch.0,771296,0.7673,9.7616,78.794,75.1637,-125.0036,16.1579,0.1626,0.0975
1780080239355,1,11.0000004b,Drive,Loading,pitch.0,773146,0.6099,10.1307,79.5722,76.4966,-126.7625,16.4971,0.1633,0.0985
1780080239355,1,11.0000004b,Drive,Loading,pitch.0,773145,0.6311,10.0531,79.4027,76.245,-126.1884,16.3857,0.1629,0.0984
1780080239355,1,12.00000015,Lower Delivery,Loading,pitch.0,772665,0.0394,-0.0193,0.0597,0.0215,0.0129,0.0061,0.0,0.0
1780080239355,1,12.00000018,Upper Delivery,Loading,pitch.0,773953,0.0357,-0.1875,0.197,-0.0884,-0.0304,-0.0012,0.0,0.0
1780080239355,1,Pitching Mound.Delivery,,Loading,pitch.0,772041,0.0752,-0.2068,0.2567,-0.1136,-0.0174,0.0037,0.0,0.0
1780080239355,1,Pitching Mound.Drive,,Loading,pitch.0,773146,0.6099,10.1307,79.5722,76.4966,-126.7625,16.4971,0.1633,0.0985
1780080239355,1,Pitching Mound.Drive,,Loading,pitch.0,773145,0.6311,10.0531,79.4027,76.245,-126.1884,16.3857,0.1629,0.0984
1780080239355,1,Pitching Mound.Parent,,Loading,pitch.0,771297,0.7063,9.8463,79.6594,76.1315,-126.2059,16.3894,0.1624,0.0975
1780080239356,1,11.0000004b,Drive,Loading,pitch.0,773147,0.5651,10.2069,80.439,77.219,-127.9947,16.6688,0.1631,0.0984
1780080239356,1,12.00000015,Lower Delivery,Loading,pitch.0,772666,0.0472,-0.0294,0.0738,0.0141,0.0044,0.0044,0.0,0.0
1780080239356,1,12.00000018,Upper Delivery,Loading,pitch.0,773954,0.0369,-0.1812,0.1974,-0.0884,-0.0304,-0.0012,0.0,0.0
1780080239356,1,Pitching Mound.Delivery,,Loading,pitch.0,772042,0.0841,-0.2107,0.2712,-0.1162,-0.026,-0.0003,0.0,0.0
1780080239356,1,Pitching Mound.Drive,,Loading,pitch.0,773147,0.5651,10.2069,80.439,77.219,-127.9947,16.6688,0.1631,0.0984
1780080239356,1,Pitching Mound.Parent,,Loading,pitch.0,771298,0.6941,9.9201,79.8434,76.3804,-126.7885,16.4968,0.1627,0.0977
1780080239357,1,11.0000004b,Drive,Loading,pitch.0,773148,0.5141,10.2809,81.0956,77.8705,-129.0008,16.8234,0.163,0.0984
1780080239357,1,12.00000015,Lower Delivery,Loading,pitch.0,772667,0.0661,-0.0389,0.0948,0.0309,0.0086,0.0031,0.0,0.0
1780080239357,1,12.00000018,Upper Delivery,Loading,pitch.0,773955,0.0301,-0.1719,0.1478,-0.0884,-0.0304,-0.0012,0.0,0.0
1780080239357,1,Pitching Mound.Delivery,,Loading,pitch.0,772043,0.0962,-0.2108,0.2427,-0.0755,-0.0218,-0.0104,0.0,0.0
1780080239357,1,Pitching Mound.Drive,,Loading,pitch.0,773148,0.5141,10.2809,81.0956,77.8705,-129.0008,16.8234,0.163,0.0984
1780080239357,1,Pitching Mound.Parent,,Loading,pitch.0,771299,0.6613,9.9962,80.6817,77.1435,-128.0165,16.6584,0.1626,0.0979
1780080239358,1,11.0000004b,Drive,Loading,pitch.0,773149,0.4682,10.3548,81.8514,78.595,-130.2989,17.0267,0.1632,0.0984
1780080239358,1,12.00000015,Lower Delivery,Loading,pitch.0,772668,0.066,-0.0575,0.1055,0.0126,0.0056,0.0015,0.0,0.0
1780080239358,1,12.00000018,Upper Delivery,Loading,pitch.0,773956,0.0175,-0.1694,0.1419,-0.0884,-0.0304,-0.0012,0.0,0.0
1780080239358,1,Pitching Mound.Delivery,,Loading,pitch.0,772044,0.0835,-0.2269,0.2474,-0.0882,-0.0247,-0.0162,0.0,0.0
1780080239358,1,Pitching Mound.Drive,,Loading,pitch.0,773149,0.4682,10.3548,81.8514,78.595,-130.2989,17.0267,0.1632,0.0984
1780080239358,1,Pitching Mound.Parent,,Loading,pitch.0,771300,0.5975,10.0539,81.3429,77.7823,-129.0256,16.8072,0.1625,0.098
1780080239359,1,11.0000004b,Drive,Loading,pitch.0,773150,0.433,10.4128,82.2135,78.9227,-130.9483,17.1111,0.1633,0.0984
1780080239359,1,12.00000015,Lower Delivery,Loading,pitch.0,772669,0.0992,-0.0649,0.1334,0.0228,0.0043,0.0016,0.0,0.0
1780080239359,1,12.00000018,Upper Delivery,Loading,pitch.0,773957,0.0526,-0.1957,0.2096,-0.0884,-0.0304,-0.0012,0.0,0.0
1780080239359,1,Pitching Mound.Delivery,,Loading,pitch.0,772045,0.1517,-0.2606,0.343,-0.0915,-0.026,-0.0154,0.0,0.0
1780080239359,1,Pitching Mound.Drive,,Loading,pitch.0,773150,0.433,10.4128,82.2135,78.9227,-130.9483,17.1111,0.1633,0.0984
1780080239359,1,Pitching Mound.Parent,,Loading,pitch.0,771301,0.6199,10.0942,82.1944,78.5036,-130.3249,17.0113,0.1625,0.0977
1780080239360,1,11.0000004b,Drive,Loading,pitch.0,773151,0.3716,10.4795,82.8933,79.5672,-131.7844,17.3091,0.1629,0.0984
1780080239360,1,12.00000015,Lower Delivery,Loading,pitch.0,772670,0.1305,-0.0898,0.1934,0.0255,0.0087,0.0038,0.0,0.0
1780080239360,1,12.00000018,Upper Delivery,Loading,pitch.0,773958,0.0481,-0.1817,0.2336,-0.0884,-0.0304,-0.0012,0.0,0.0
1780080239360,1,Pitching Mound.Delivery,,Loading,pitch.0,772046,0.1786,-0.2715,0.427,-0.0765,-0.0216,-0.0254,0.0,0.0
1780080239360,1,Pitching Mound.Drive,,Loading,pitch.0,773151,0.3716,10.4795,82.8933,79.5672,-131.7844,17.3091,0.1629,0.0984
1780080239360,1,Pitching Mound.Parent,,Loading,pitch.0,771302,0.6115,10.1414,82.6405,78.8462,-130.9699,17.0857,0.1624,0.0977
1780080239361,1,11.0000004b,Drive,Loading,pitch.0,773152,0.3206,10.5821,83.6122,80.4859,-132.9624,17.5066,0.163,0.0987
1780080239361,1,12.00000015,Lower Delivery,Loading,pitch.0,772671,0.1318,-0.0877,0.1807,0.0179,0.006,0.0051,0.0,0.0
1780080239361,1,12.00000018,Upper Delivery,Loading,pitch.0,773959,0.0105,-0.1382,0.112,-0.0884,-0.0304,-0.0012,0.0,0.0
1780080239361,1,Pitching Mound.Delivery,,Loading,pitch.0,772047,0.1422,-0.2259,0.2927,-0.0471,-0.0244,-0.0374,0.0,0.0
1780080239361,1,Pitching Mound.Drive,,Loading,pitch.0,773152,0.3206,10.5821,83.6122,80.4859,-132.9624,17.5066,0.163,0.0987
1780080239361,1,Pitching Mound.Parent,,Loading,pitch.0,771303,0.5138,10.2536,83.186,79.5201,-131.8088,17.2717,0.1624,0.0983
1780080239362,1,11.0000004b,Drive,Loading,pitch.0,773153,0.2769,10.6265,84.112,80.8842,-133.8367,17.619,0.1631,0.0986
1780080239362,1,12.00000015,Lower Delivery,Loading,pitch.0,772672,0.1495,-0.0994,0.216,0.0187,0.0003,0.0045,0.0,0.0
1780080239362,1,12.00000018,Upper Delivery,Loading,pitch.0,773960,0.0495,-0.1878,0.2242,-0.0884,-0.0304,-0.0012,0.0,0.0
1780080239362,1,Pitching Mound.Delivery,,Loading,pitch.0,772048,0.199,-0.2872,0.4402,-0.0725,-0.0301,-0.0307,0.0,0.0
1780080239362,1,Pitching Mound.Drive,,Loading,pitch.0,773153,0.2769,10.6265,84.112,80.8842,-133.8367,17.619,0.1631,0.0986
1780080239362,1,Pitching Mound.Parent,,Loading,pitch.0,771304,0.5196,10.2949,84.0523,80.4134,-132.9925,17.4758,0.1621,0.0981
1780080239363,1,11.0000004b,Drive,Loading,pitch.0,773154,0.2396,10.6797,84.4741,81.2473,-134.6403,17.7237,0.1634,0.0986
1780080239363,1,12.00000015,Lower Delivery,Loading,pitch.0,772673,0.1313,-0.0886,0.2077,0.0125,0.0021,0.0059,0.0,0.0
1780080239363,1,12.00000018,Upper Delivery,Loading,pitch.0,773961,0.043,-0.1837,0.1845,-0.0884,-0.0304,-0.0012,0.0,0.0
1780080239363,1,Pitching Mound.Delivery,,Loading,pitch.0,772049,0.1743,-0.2723,0.3921,-0.068,-0.0282,-0.0253,0.0,0.0
1780080239363,1,Pitching Mound.Drive,,Loading,pitch.0,773154,0.2396,10.6797,84.4741,81.2473,-134.6403,17.7237,0.1634,0.0986
1780080239363,1,Pitching Mound.Parent,,Loading,pitch.0,771305,0.4512,10.3542,84.5042,80.8163,-133.865,17.5937,0.1623,0.0982
1780080239364,1,11.0000004b,Drive,Loading,pitch.0,773155,0.1991,10.7422,85.1356,81.8015,-135.5971,17.8826,0.1632,0.0985
1780080239364,1,12.00000015,Lower Delivery,Loading,pitch.0,772674,0.1523,-0.0887,0.2141,0.0106,-0.0072,0.0083,0.0,0.0
1780080239364,1,12.00000018,Upper Delivery,Loading,pitch.0,773962,0.0397,-0.1907,0.1879,-0.0884,-0.0304,-0.0012,0.0,0.0
1780080239364,1,Pitching Mound.Delivery,,Loading,pitch.0,772050,0.1919,-0.2794,0.402,-0.0688,-0.0375,-0.0312,0.0,0.0
1780080239364,1,Pitching Mound.Drive,,Loading,pitch.0,773155,0.1991,10.7422,85.1356,81.8015,-135.5971,17.8826,0.1632,0.0985
1780080239364,1,Pitching Mound.Parent,,Loading,pitch.0,771306,0.4315,10.4003,84.8761,81.1784,-134.6778,17.6925,0.1626,0.0982
1780080239365,1,11.0000004b,Drive,Loading,pitch.0,773156,0.1519,10.8162,85.8634,82.5056,-136.6947,18.0517,0.1632,0.0985
1780080239365,1,12.00000015,Lower Delivery,Loading,pitch.0,772675,0.149,-0.101,0.2138,0.016,-0.0031,0.0086,0.0,0.0
1780080239365,1,12.00000018,Upper Delivery,Loading,pitch.0,773963,0.0658,-0.2007,0.2587,-0.0884,-0.0304,-0.0012,0.0,0.0
1780080239365,1,Pitching Mound.Delivery,,Loading,pitch.0,772051,0.2149,-0.3017,0.4725,-0.0877,-0.0335,-0.0209,0.0,0.0
1780080239365,1,Pitching Mound.Drive,,Loading,pitch.0,773156,0.1519,10.8162,85.8634,82.5056,-136.6947,18.0517,0.1632,0.0985
1780080239365,1,Pitching Mound.Parent,,Loading,pitch.0,771307,0.414,10.4405,85.6081,81.7138,-135.6306,17.8617,0.1623,0.0978
1780080239366,1,12.00000015,Lower Delivery,Loading,pitch.0,772676,0.1247,-0.0811,0.1768,-0.0002,-0.0087,0.0085,0.0,0.0
1780080239366,1,12.00000018,Upper Delivery,Loading,pitch.0,773964,0.0496,-0.1908,0.2389,-0.0884,-0.0304,-0.0012,0.0,0.0
1780080239366,1,Pitching Mound.Delivery,,Loading,pitch.0,772052,0.1743,-0.2719,0.4158,-0.1097,-0.0391,-0.0182,0.0,0.0
1780080239366,1,Pitching Mound.Parent,,Loading,pitch.0,771308,0.3262,10.5443,86.2792,82.3959,-136.7338,18.0334,0.1624,0.0978
1780080239367,1,11.0000004b,Drive,Loading,pitch.0,773158,0.0688,10.9296,86.5709,83.2759,-138.2073,18.3684,0.1636,0.0986
1780080239367,1,11.0000004b,Drive,Loading,pitch.0,773157,0.0722,10.8983,86.5312,83.3576,-137.948,18.2838,0.1634,0.0987
1780080239367,1,12.00000015,Lower Delivery,Loading,pitch.0,772677,0.1415,-0.069,0.1875,-0.0119,-0.0073,0.0126,0.0,0.0
1780080239367,1,12.00000018,Upper Delivery,Loading,pitch.0,773965,0.0686,-0.2153,0.3269,-0.0884,-0.0304,-0.0012,0.0,0.0
1780080239367,1,Pitching Mound.Delivery,,Loading,pitch.0,772053,0.2101,-0.2844,0.5144,-0.1476,-0.0376,-0.0133,0.0,0.0
1780080239367,1,Pitching Mound.Drive,,Loading,pitch.0,773158,0.0688,10.9296,86.5709,83.2759,-138.2073,18.3684,0.1636,0.0986
1780080239367,1,Pitching Mound.Drive,,Loading,pitch.0,773157,0.0722,10.8983,86.5312,83.3576,-137.948,18.2838,0.1634,0.0987
1780080239367,1,Pitching Mound.Parent,,Loading,pitch.0,771309,0.2823,10.6139,87.0456,83.21,-137.9856,18.2705,0.1624,0.0976
1780080239368,1,11.0000004b,Drive,Loading,pitch.0,773159,0.0143,10.9992,87.0603,83.8254,-139.0882,18.5446,0.1637,0.0987
1780080239368,1,12.00000015,Lower Delivery,Loading,pitch.0,772678,0.1372,-0.0449,0.1496,-0.0241,-0.01,0.0141,0.0,0.0
1780080239368,1,12.00000018,Upper Delivery,Loading,pitch.0,773966,0.0556,-0.2099,0.2906,-0.0884,-0.0304,-0.0012,0.0,0.0
1780080239368,1,Pitching Mound.Delivery,,Loading,pitch.0,772054,0.1927,-0.2548,0.4402,-0.1604,-0.0404,-0.0148,0.0,0.0
1780080239368,1,Pitching Mound.Drive,,Loading,pitch.0,773159,0.0143,10.9992,87.0603,83.8254,-139.0882,18.5446,0.1637,0.0987
1780080239368,1,Pitching Mound.Parent,,Loading,pitch.0,771310,0.2615,10.6747,87.0111,83.1155,-138.2477,18.3536,0.1628,0.0975
1780080239369,1,11.0000004b,Drive,Loading,pitch.0,773160,-0.034,11.0709,87.6317,84.3906,-140.051,18.73,0.1638,0.0987
1780080239369,1,12.00000015,Lower Delivery,Loading,pitch.0,772679,0.1038,-0.0305,0.0867,-0.0303,-0.0246,0.011,0.0,0.0
1780080239369,1,12.00000018,Upper Delivery,Loading,pitch.0,773967,0.0413,-0.2028,0.2415,-0.0884,-0.0304,-0.0012,0.0,0.0
1780080239369,1,Pitching Mound.Delivery,,Loading,pitch.0,772055,0.1451,-0.2332,0.3282,-0.1713,-0.055,-0.0115,0.0,0.0
1780080239369,1,Pitching Mound.Drive,,Loading,pitch.0,773160,-0.034,11.0709,87.6317,84.3906,-140.051,18.73,0.1638,0.0987
1780080239369,1,Pitching Mound.Parent,,Loading,pitch.0,771311,0.1593,10.766,87.3885,83.6541,-139.1432,18.5331,0.1631,0.0977
1780080239370,1,11.0000004b,Drive,Loading,pitch.0,773161,-0.0931,11.1204,88.3461,85.0445,-141.0755,18.8685,0.1637,0.0987
1780080239370,1,12.00000015,Lower Delivery,Loading,pitch.0,772680,0.096,-0.0284,0.0685,-0.0264,-0.0246,0.0084,0.0,0.0
1780080239370,1,12.00000018,Upper Delivery,Loading,pitch.0,773968,0.0016,-0.1521,0.1405,-0.0884,-0.0304,-0.0012,0.0,0.0
1780080239370,1,Pitching Mound.Delivery,,Loading,pitch.0,772056,0.0976,-0.1806,0.2089,-0.1392,-0.055,-0.0249,0.0,0.0
1780080239370,1,Pitching Mound.Drive,,Loading,pitch.0,773161,-0.0931,11.1204,88.3461,85.0445,-141.0755,18.8685,0.1637,0.0987
1780080239370,1,Pitching Mound.Parent,,Loading,pitch.0,771312,0.0636,10.8904,87.8406,84.2514,-140.1061,18.7051,0.1634,0.0982
1780080239371,1,11.0000004b,Drive,Loading,pitch.0,773162,-0.1423,11.1816,88.9776,85.512,-142.0681,18.9911,0.1637,0.0985
1780080239371,1,12.00000015,Lower Delivery,Loading,pitch.0,772681,0.0735,-0.0234,0.0538,-0.0305,-0.0246,0.0064,0.0,0.0
1780080239371,1,12.00000018,Upper Delivery,Loading,pitch.0,773969,0.0185,-0.1666,0.1747,-0.0884,-0.0304,-0.0012,0.0,0.0
1780080239371,1,Pitching Mound.Delivery,,Loading,pitch.0,772057,0.0921,-0.19,0.2285,-0.16,-0.055,-0.0135,0.0,0.0
1780080239371,1,Pitching Mound.Drive,,Loading,pitch.0,773162,-0.1423,11.1816,88.9776,85.512,-142.0681,18.9911,0.1637,0.0985
1780080239371,1,Pitching Mound.Parent,,Loading,pitch.0,771313,-0.0011,10.9303,88.5746,84.8845,-141.1305,18.855,0.1632,0.0979
1780080239372,1,11.0000004b,Drive,Loading,pitch.0,773163,-0.2233,11.2696,90.1499,86.7837,-143.9403,19.2411,0.1637,0.0987
1780080239372,1,12.00000015,Lower Delivery,Loading,pitch.0,772682,0.0768,-0.0288,0.0573,-0.0445,-0.0291,0.007,0.0,0.0
1780080239372,1,12.00000018,Upper Delivery,Loading,pitch.0,773970,-0.0046,-0.152,0.1427,-0.0884,-0.0304,-0.0012,0.0,0.0
1780080239372,1,Pitching Mound.Delivery,,Loading,pitch.0,772058,0.0722,-0.1807,0.2,-0.1619,-0.0594,-0.0218,0.0,0.0
1780080239372,1,Pitching Mound.Drive,,Loading,pitch.0,773163,-0.2233,11.2696,90.1499,86.7837,-143.9403,19.2411,0.1637,0.0987
1780080239372,1,Pitching Mound.Parent,,Loading,pitch.0,771314,-0.0701,11.0009,89.1777,85.3501,-142.1275,18.9692,0.1633,0.098
1780080239373,1,11.0000004b,Drive,Loading,pitch.0,773164,-0.2729,11.3069,90.7192,87.3026,-144.8886,19.3616,0.1637,0.0986
1780080239373,1,12.00000015,Lower Delivery,Loading,pitch.0,772683,0.0928,-0.0478,0.0935,-0.037,-0.0265,0.0087,0.0,0.0
1780080239373,1,12.00000018,Upper Delivery,Loading,pitch.0,773971,0.043,-0.1978,0.2509,-0.0884,-0.0304,-0.0012,0.0,0.0
1780080239373,1,Pitching Mound.Delivery,,Loading,pitch.0,772059,0.1359,-0.2455,0.3443,-0.1788,-0.0568,-0.0095,0.0,0.0
1780080239373,1,Pitching Mound.Drive,,Loading,pitch.0,773164,-0.2729,11.3069,90.7192,87.3026,-144.8886,19.3616,0.1637,0.0986
1780080239373,1,Pitching Mound.Parent,,Loading,pitch.0,771315,-0.0875,11.0241,90.4942,86.6049,-143.9971,19.2317,0.163,0.0977
1780080239374,1,12.00000015,Lower Delivery,Loading,pitch.0,772684,0.1099,-0.0792,0.1081,-0.0314,-0.0238,0.0091,0.0,0.0
1780080239374,1,12.00000018,Upper Delivery,Loading,pitch.0,773972,0.0,-0.1673,0.2053,-0.0884,-0.0304,-0.0012,0.0,0.0
1780080239374,1,Pitching Mound.Delivery,,Loading,pitch.0,772060,0.1099,-0.2465,0.3134,-0.1528,-0.0542,-0.0295,0.0,0.0
1780080239374,1,Pitching Mound.Parent,,Loading,pitch.0,771316,-0.1631,11.0605,91.0327,87.1498,-144.9428,19.3321,0.1631,0.0979
1780080239375,1,11.0000004b,Drive,Loading,pitch.0,773165,-0.3233,11.3346,91.3233,87.6637,-145.8389,19.4662,0.1637,0.0984
1780080239375,1,11.0000004b,Drive,Loading,pitch.0,773166,-0.3842,11.3839,91.9579,88.2732,-146.8687,19.5938,0.1637,0.0984
1780080239375,1,12.00000015,Lower Delivery,Loading,pitch.0,772685,0.1159,-0.0889,0.141,-0.0367,-0.0208,0.0095,0.0,0.0
1780080239375,1,12.00000018,Upper Delivery,Loading,pitch.0,773973,0.0099,-0.1748,0.162,-0.0884,-0.0304,-0.0012,0.0,0.0
1780080239375,1,Pitching Mound.Delivery,,Loading,pitch.0,772061,0.1259,-0.2636,0.303,-0.1322,-0.0512,-0.0278,0.0,0.0
1780080239375,1,Pitching Mound.Drive,,Loading,pitch.0,773165,-0.3233,11.3346,91.3233,87.6637,-145.8389,19.4662,0.1637,0.0984
1780080239375,1,Pitching Mound.Drive,,Loading,pitch.0,773166,-0.3842,11.3839,91.9579,88.2732,-146.8687,19.5938,0.1637,0.0984
1780080239375,1,Pitching Mound.Parent,,Loading,pitch.0,771317,-0.1974,11.0709,91.6263,87.5315,-145.8901,19.4384,0.1631,0.098
1780080239376,1,11.0000004b,Drive,Loading,pitch.0,773167,-0.4474,11.4398,92.6021,88.9613,-147.8919,19.7244,0.1637,0.0985
1780080239376,1,12.00000015,Lower Delivery,Loading,pitch.0,772686,0.1309,-0.0969,0.148,-0.0369,-0.0215,0.0079,0.0,0.0
1780080239376,1,12.00000018,Upper Delivery,Loading,pitch.0,773974,0.0907,-0.2157,0.4189,-0.0884,-0.0304,-0.0012,0.0,0.0
1780080239376,1,Pitching Mound.Delivery,,Loading,pitch.0,772062,0.2216,-0.3126,0.567,-0.2173,-0.0518,-0.007,0.0,0.0
1780080239376,1,Pitching Mound.Drive,,Loading,pitch.0,773167,-0.4474,11.4398,92.6021,88.9613,-147.8919,19.7244,0.1637,0.0985
1780080239376,1,Pitching Mound.Parent,,Loading,pitch.0,771318,-0.1626,11.0713,92.5249,88.0559,-146.9205,19.5869,0.1627,0.0968
1780080239377,1,11.0000004b,Drive,Loading,pitch.0,773168,-0.4747,11.4886,93.2381,89.3831,-148.6748,19.7925,0.1634,0.0983
1780080239377,1,12.00000015,Lower Delivery,Loading,pitch.0,772687,0.1428,-0.1255,0.1814,-0.0121,-0.0081,0.0081,0.0,0.0
1780080239377,1,12.00000018,Upper Delivery,Loading,pitch.0,773975,0.0577,-0.2154,0.3073,-0.0884,-0.0304,-0.0012,0.0,0.0
1780080239377,1,Pitching Mound.Delivery,,Loading,pitch.0,772063,0.2005,-0.3409,0.4887,-0.1432,-0.0384,-0.022,0.0,0.0
1780080239377,1,Pitching Mound.Drive,,Loading,pitch.0,773168,-0.4747,11.4886,93.2381,89.3831,-148.6748,19.7925,0.1634,0.0983
1780080239377,1,Pitching Mound.Parent,,Loading,pitch.0,771319,-0.2469,11.099,93.0908,88.8181,-147.9303,19.7024,0.1628,0.0975
1780080239378,1,11.0000004b,Drive,Loading,pitch.0,773169,-0.5325,11.543,93.8213,90.0235,-149.5587,19.9136,0.1634,0.0983
1780080239378,1,12.00000015,Lower Delivery,Loading,pitch.0,772688,0.153,-0.139,0.1964,-0.0055,-0.009,0.0068,0.0,0.0
1780080239378,1,12.00000018,Upper Delivery,Loading,pitch.0,773976,0.1285,-0.2514,0.4098,-0.0884,-0.0304,-0.0012,0.0,0.0
1780080239378,1,Pitching Mound.Delivery,,Loading,pitch.0,772064,0.2815,-0.3904,0.6062,-0.1665,-0.0394,-0.0028,0.0,0.0
1780080239378,1,Pitching Mound.Drive,,Loading,pitch.0,773169,-0.5325,11.543,93.8213,90.0235,-149.5587,19.9136,0.1634,0.0983
1780080239378,1,Pitching Mound.Parent,,Loading,pitch.0,771320,-0.1933,11.0982,93.8443,89.2166,-148.7142,19.7897,0.1624,0.0968
1780080239379,1,11.0000004b,Drive,Loading,pitch.0,773170,-0.5717,11.5811,94.4041,90.4813,-150.4962,20.0101,0.1634,0.0982
1780080239379,1,12.00000015,Lower Delivery,Loading,pitch.0,772689,0.1418,-0.1545,0.1968,-0.0075,-0.0102,0.0061,0.0,0.0
1780080239379,1,12.00000018,Upper Delivery,Loading,pitch.0,773977,0.1225,-0.2563,0.3546,-0.0884,-0.0304,-0.0012,0.0,0.0
1780080239379,1,Pitching Mound.Delivery,,Loading,pitch.0,772065,0.2643,-0.4108,0.5513,-0.1495,-0.0405,-0.0017,0.0,0.0
1780080239379,1,Pitching Mound.Drive,,Loading,pitch.0,773170,-0.5717,11.5811,94.4041,90.4813,-150.4962,20.0101,0.1634,0.0982
1780080239379,1,Pitching Mound.Parent,,Loading,pitch.0,771321,-0.2682,11.1322,94.3727,89.874,-149.5992,19.912,0.1624,0.0972
1780080239380,1,11.0000004b,Drive,Loading,pitch.0,773171,-0.5901,11.5839,94.575,90.4743,-150.6672,20.025,0.1633,0.0981
1780080239380,1,12.00000015,Lower Delivery,Loading,pitch.0,772690,0.145,-0.1681,0.2168,-0.0047,-0.0071,0.0093,0.0,0.0
1780080239380,1,12.00000018,Upper Delivery,Loading,pitch.0,773978,0.1022,-0.2593,0.2864,-0.0884,-0.0304,-0.0012,0.0,0.0
1780080239380,1,Pitching Mound.Delivery,,Loading,pitch.0,772066,0.2472,-0.4273,0.5032,-0.1167,-0.0374,-0.0065,0.0,0.0
1780080239380,1,Pitching Mound.Drive,,Loading,pitch.0,773171,-0.5901,11.5839,94.575,90.4743,-150.6672,20.025,0.1633,0.0981
1780080239380,1,Pitching Mound.Parent,,Loading,pitch.0,771322,-0.3245,11.1538,94.9073,90.3646,-150.5337,20.0036,0.1625,0.0975
1780080239381,1,11.0000004b,Drive,Loading,pitch.0,773172,-0.6443,11.6609,95.6535,91.7425,-152.429,20.2423,0.1633,0.0983
1780080239381,1,12.00000015,Lower Delivery,Loading,pitch.0,772691,0.1326,-0.1474,0.1967,-0.022,-0.0135,0.0073,0.0,0.0
1780080239381,1,12.00000018,Upper Delivery,Loading,pitch.0,773979,0.1301,-0.3184,0.569,-0.0884,-0.0304,-0.0012,0.0,0.0
1780080239381,1,Pitching Mound.Delivery,,Loading,pitch.0,772067,0.2627,-0.4658,0.7656,-0.237,-0.0439,0.0053,0.0,0.0
1780080239381,1,Pitching Mound.Drive,,Loading,pitch.0,773172,-0.6443,11.6609,95.6535,91.7425,-152.429,20.2423,0.1633,0.0983
1780080239381,1,Pitching Mound.Parent,,Loading,pitch.0,771323,-0.3273,11.1181,95.3406,90.2374,-150.7112,20.0302,0.162,0.0959
1780080239382,1,11.0000004b,Drive,Loading,pitch.0,773173,-0.6686,11.6895,95.8477,91.9885,-152.9036,20.3118,0.1635,0.0984
1780080239382,1,12.00000015,Lower Delivery,Loading,pitch.0,772692,0.1083,-0.129,0.1432,-0.0192,-0.0152,0.0069,0.0,0.0
1780080239382,1,12.00000018,Upper Delivery,Loading,pitch.0,773980,0.1342,-0.2873,0.5923,-0.0884,-0.0304,-0.0012,0.0,0.0
1780080239382,1,Pitching Mound.Delivery,,Loading,pitch.0,772068,0.2425,-0.4163,0.7356,-0.2602,-0.0456,0.0145,0.0,0.0
1780080239382,1,Pitching Mound.Drive,,Loading,pitch.0,773173,-0.6686,11.6895,95.8477,91.9885,-152.9036,20.3118,0.1635,0.0984
1780080239382,1,Pitching Mound.Parent,,Loading,pitch.0,771324,-0.4018,11.2447,96.3891,91.4823,-152.4746,20.2568,0.1621,0.096
1780080239383,1,11.0000004b,Drive,Loading,pitch.0,773174,-0.7107,11.7486,96.5219,92.6279,-153.8515,20.4657,0.1634,0.0984
1780080239383,1,12.00000015,Lower Delivery,Loading,pitch.0,772693,0.1212,-0.121,0.139,-0.0182,-0.0182,0.0064,0.0,0.0
1780080239383,1,12.00000018,Upper Delivery,Loading,pitch.0,773981,0.1237,-0.2681,0.4748,-0.0884,-0.0304,-0.0012,0.0,0.0
1780080239383,1,Pitching Mound.Delivery,,Loading,pitch.0,772069,0.2449,-0.3891,0.6138,-0.2208,-0.0486,0.006,0.0,0.0
1780080239383,1,Pitching Mound.Drive,,Loading,pitch.0,773174,-0.7107,11.7486,96.5219,92.6279,-153.8515,20.4657,0.1634,0.0984
1780080239383,1,Pitching Mound.Parent,,Loading,pitch.0,771325,-0.4237,11.3004,96.4615,91.7677,-152.9521,20.3179,0.1625,0.0966
1780080239384,1,11.0000004b,Drive,Loading,pitch.0,773175,-0.7486,11.7984,97.0579,93.1318,-154.6534,20.584,0.1633,0.0983
1780080239384,1,12.00000015,Lower Delivery,Loading,pitch.0,772694,0.1305,-0.1068,0.127,-0.0013,-0.0227,0.0068,0.0,0.0
1780080239384,1,12.00000018,Upper Delivery,Loading,pitch.0,773982,0.114,-0.2422,0.5892,-0.0884,-0.0304,-0.0012,0.0,0.0
1780080239384,1,Pitching Mound.Delivery,,Loading,pitch.0,772070,0.2445,-0.3491,0.7163,-0.2468,-0.0531,0.0,0.0,0.0
1780080239384,1,Pitching Mound.Drive,,Loading,pitch.0,773175,-0.7486,11.7984,97.0579,93.1318,-154.6534,20.584,0.1633,0.0983
1780080239384,1,Pitching Mound.Parent,,Loading,pitch.0,771326,-0.4662,11.3995,97.2382,92.3812,-153.9046,20.4657,0.1622,0.096
1780080239385,1,11.0000004b,Drive,Loading,pitch.0,773176,-0.7513,11.8331,97.0425,93.1934,-154.8571,20.5874,0.1636,0.0984
1780080239385,1,12.00000015,Lower Delivery,Loading,pitch.0,772695,0.142,-0.1271,0.1619,0.0005,-0.0162,0.0059,0.0,0.0
1780080239385,1,12.00000018,Upper Delivery,Loading,pitch.0,773983,0.1206,-0.3009,0.6402,-0.0884,-0.0304,-0.0012,0.0,0.0
1780080239385,1,Pitching Mound.Delivery,,Loading,pitch.0,772071,0.2627,-0.428,0.8021,-0.2505,-0.0466,-0.0026,0.0,0.0
1780080239385,1,Pitching Mound.Drive,,Loading,pitch.0,773176,-0.7513,11.8331,97.0425,93.1934,-154.8571,20.5874,0.1636,0.0984
1780080239385,1,Pitching Mound.Parent,,Loading,pitch.0,771327,-0.4859,11.3704,97.86,92.8813,-154.7,20.5814,0.162,0.0959
1780080239386,1,11.0000004b,Drive,Loading,pitch.0,773177,-0.785,11.8793,97.3592,93.587,-155.2781,20.6831,0.1635,0.0985
1780080239386,1,12.00000015,Lower Delivery,Loading,pitch.0,772696,0.1504,-0.0946,0.1613,-0.0003,-0.0192,0.009,0.0,0.0
1780080239386,1,12.00000018,Upper Delivery,Loading,pitch.0,773984,0.1117,-0.303,0.775,-0.0884,-0.0304,-0.0012,0.0,0.0
1780080239386,1,Pitching Mound.Delivery,,Loading,pitch.0,772072,0.2621,-0.3977,0.9363,-0.2973,-0.0495,-0.0054,0.0,0.0
1780080239386,1,Pitching Mound.Drive,,Loading,pitch.0,773177,-0.785,11.8793,97.3592,93.587,-155.2781,20.6831,0.1635,0.0985
1780080239386,1,Pitching Mound.Parent,,Loading,pitch.0,771328,-0.4892,11.4355,97.9788,92.896,-154.9066,20.582,0.162,0.0954
1780080239387,1,11.0000004b,Drive,Loading,pitch.0,773178,-0.848,11.9592,98.3882,94.6004,-156.8533,20.9043,0.1634,0.0985
1780080239387,1,12.00000015,Lower Delivery,Loading,pitch.0,772697,0.1635,-0.0998,0.1594,-0.0062,-0.0251,0.0066,0.0,0.0
1780080239387,1,12.00000018,Upper Delivery,Loading,pitch.0,773985,0.1206,-0.2851,0.6245,-0.0884,-0.0304,-0.0012,0.0,0.0
1780080239387,1,Pitching Mound.Delivery,,Loading,pitch.0,772073,0.2841,-0.3849,0.7838,-0.2527,-0.0555,-0.0092,0.0,0.0
1780080239387,1,Pitching Mound.Drive,,Loading,pitch.0,773178,-0.848,11.9592,98.3882,94.6004,-156.8533,20.9043,0.1634,0.0985
1780080239387,1,Pitching Mound.Parent,,Loading,pitch.0,771329,-0.5009,11.4944,98.143,93.3343,-155.3336,20.6739,0.1622,0.0961
1780080239388,1,11.0000004b,Drive,Loading,pitch.0,773179,-0.8846,12.0153,98.8795,95.2766,-157.6352,21.0305,0.1634,0.0988
1780080239388,1,12.00000015,Lower Delivery,Loading,pitch.0,772698,0.1668,-0.0872,0.1777,-0.0048,-0.0243,0.0081,0.0,0.0
1780080239388,1,12.00000018,Upper Delivery,Loading,pitch.0,773986,0.152,-0.292,0.4651,-0.0884,-0.0304,-0.0012,0.0,0.0
1780080239388,1,Pitching Mound.Delivery,,Loading,pitch.0,772074,0.3188,-0.3792,0.6428,-0.1909,-0.0546,0.0019,0.0,0.0
1780080239388,1,Pitching Mound.Drive,,Loading,pitch.0,773179,-0.8846,12.0153,98.8795,95.2766,-157.6352,21.0305,0.1634,0.0988
1780080239388,1,Pitching Mound.Parent,,Loading,pitch.0,771330,-0.5291,11.58,99.031,94.4095,-156.9079,20.9062,0.1623,0.0969
1780080239389,1,12.00000015,Lower Delivery,Loading,pitch.0,772699,0.1533,-0.0919,0.1625,-0.0266,-0.0365,0.006,0.0,0.0
1780080239389,1,12.00000018,Upper Delivery,Loading,pitch.0,773987,0.104,-0.2426,0.386,-0.0884,-0.0304,-0.0012,0.0,0.0
1780080239389,1,Pitching Mound.Delivery,,Loading,pitch.0,772075,0.2573,-0.3345,0.5485,-0.1909,-0.0669,-0.012,0.0,0.0
1780080239389,1,Pitching Mound.Parent,,Loading,pitch.0,771331,-0.6273,11.6808,99.428,95.0856,-157.7021,21.0185,0.1625,0.0975
1780080239390,1,11.0000004b,Drive,Loading,pitch.0,773180,-0.9035,12.0477,99.1493,95.4365,-158.0996,21.0639,0.1634,0.0987
1780080239390,1,11.0000004b,Drive,Loading,pitch.0,773181,-0.9524,12.0859,99.8158,96.0779,-158.9337,21.1781,0.1632,0.0987
1780080239390,1,12.00000015,Lower Delivery,Loading,pitch.0,772700,0.1581,-0.0774,0.1692,-0.0134,-0.0318,0.0037,0.0,0.0
1780080239390,1,12.00000018,Upper Delivery,Loading,pitch.0,773988,0.0995,-0.2318,0.3844,-0.0884,-0.0304,-0.0012,0.0,0.0
1780080239390,1,Pitching Mound.Delivery,,Loading,pitch.0,772076,0.2576,-0.3093,0.5536,-0.1749,-0.0622,-0.0174,0.0,0.0
1780080239390,1,Pitching Mound.Drive,,Loading,pitch.0,773180,-0.9035,12.0477,99.1493,95.4365,-158.0996,21.0639,0.1634,0.0987
1780080239390,1,Pitching Mound.Drive,,Loading,pitch.0,773181,-0.9524,12.0859,99.8158,96.0779,-158.9337,21.1781,0.1632,0.0987
1780080239390,1,Pitching Mound.Parent,,Loading,pitch.0,771332,-0.646,11.7385,99.7029,95.2616,-158.1617,21.0464,0.1625,0.0974
1780080239391,1,12.00000015,Lower Delivery,Loading,pitch.0,772701,0.1648,-0.1038,0.208,-0.012,-0.0346,0.006,0.0,0.0
1780080239391,1,12.00000018,Upper Delivery,Loading,pitch.0,773989,0.1107,-0.2401,0.3581,-0.0884,-0.0304,-0.0012,0.0,0.0
1780080239391,1,Pitching Mound.Delivery,,Loading,pitch.0,772077,0.2756,-0.3439,0.5661,-0.1514,-0.065,-0.0136,0.0,0.0
1780080239391,1,Pitching Mound.Parent,,Loading,pitch.0,771333,-0.6769,11.7421,100.3819,95.9264,-158.9987,21.1645,0.1623,0.0976
1780080239392,1,11.0000004b,Drive,Loading,pitch.0,773183,-1.0344,12.1496,100.5594,96.7622,-160.1252,21.3083,0.1632,0.0986
1780080239392,1,11.0000004b,Drive,Loading,pitch.0,773182,-0.9842,12.1163,100.1091,96.328,-159.4535,21.2406,0.1633,0.0986
1780080239392,1,12.00000015,Lower Delivery,Loading,pitch.0,772702,0.1489,-0.1095,0.213,-0.0145,-0.0324,0.0055,0.0,0.0
1780080239392,1,12.00000018,Upper Delivery,Loading,pitch.0,773990,0.0384,-0.1867,0.2041,-0.0884,-0.0304,-0.0012,0.0,0.0
1780080239392,1,Pitching Mound.Delivery,,Loading,pitch.0,772078,0.1874,-0.2961,0.4172,-0.0998,-0.0628,-0.0333,0.0,0.0
1780080239392,1,Pitching Mound.Drive,,Loading,pitch.0,773183,-1.0344,12.1496,100.5594,96.7622,-160.1252,21.3083,0.1632,0.0986
1780080239392,1,Pitching Mound.Drive,,Loading,pitch.0,773182,-0.9842,12.1163,100.1091,96.328,-159.4535,21.2406,0.1633,0.0986
1780080239392,1,Pitching Mound.Parent,,Loading,pitch.0,771334,-0.7969,11.8202,100.5263,96.2282,-159.5162,21.2073,0.1626,0.0982
1780080239393,1,11.0000004b,Drive,Loading,pitch.0,773184,-1.1011,12.2097,101.3557,97.5345,-161.2116,21.4506,0.163,0.0986
1780080239393,1,12.00000015,Lower Delivery,Loading,pitch.0,772703,0.1662,-0.1114,0.2225,0.0072,-0.0267,0.0049,0.0,0.0
1780080239393,1,12.00000018,Upper Delivery,Loading,pitch.0,773991,0.0679,-0.2045,0.2634,-0.0884,-0.0304,-0.0012,0.0,0.0
1780080239393,1,Pitching Mound.Delivery,,Loading,pitch.0,772079,0.2341,-0.3159,0.4859,-0.0951,-0.0571,-0.0298,0.0,0.0
1780080239393,1,Pitching Mound.Drive,,Loading,pitch.0,773184,-1.1011,12.2097,101.3557,97.5345,-161.2116,21.4506,0.163,0.0986
1780080239393,1,Pitching Mound.Parent,,Loading,pitch.0,771335,-0.8003,11.8338,101.0453,96.6672,-160.1823,21.2786,0.1624,0.098
1780080239394,1,11.0000004b,Drive,Loading,pitch.0,773185,-1.131,12.2215,101.5752,97.7233,-161.6029,21.4807,0.1631,0.0986
1780080239394,1,12.00000015,Lower Delivery,Loading,pitch.0,772704,0.1595,-0.1049,0.2284,0.0185,-0.0171,0.0053,0.0,0.0
1780080239394,1,12.00000018,Upper Delivery,Loading,pitch.0,773992,0.033,-0.1716,0.2174,-0.0884,-0.0304,-0.0012,0.0,0.0
1780080239394,1,Pitching Mound.Delivery,,Loading,pitch.0,772080,0.1925,-0.2765,0.4458,-0.0661,-0.0474,-0.0389,0.0,0.0
1780080239394,1,Pitching Mound.Drive,,Loading,pitch.0,773185,-1.131,12.2215,101.5752,97.7233,-161.6029,21.4807,0.1631,0.0986
1780080239394,1,Pitching Mound.Parent,,Loading,pitch.0,771336,-0.9086,11.9332,101.8014,97.4684,-161.259,21.4118,0.1623,0.0982
1780080239395,1,11.0000004b,Drive,Loading,pitch.0,773186,-1.1712,12.2403,101.9387,98.0632,-162.2171,21.5224,0.1631,0.0986
1780080239395,1,12.00000015,Lower Delivery,Loading,pitch.0,772705,0.1877,-0.124,0.2707,0.0125,-0.0157,0.0036,0.0,0.0
1780080239395,1,12.00000018,Upper Delivery,Loading,pitch.0,773993,0.038,-0.1868,0.2127,-0.0884,-0.0304,-0.0012,0.0,0.0
1780080239395,1,Pitching Mound.Delivery,,Loading,pitch.0,772081,0.2257,-0.3108,0.4834,-0.0561,-0.046,-0.0485,0.0,0.0
1780080239395,1,Pitching Mound.Drive,,Loading,pitch.0,773186,-1.1712,12.2403,101.9387,98.0632,-162.2171,21.5224,0.1631,0.0986
1780080239395,1,Pitching Mound.Parent,,Loading,pitch.0,771337,-0.9054,11.9108,102.0586,97.6672,-161.649,21.4323,0.1623,0.0983
1780080239396,1,11.0000004b,Drive,Loading,pitch.0,773187,-1.2107,12.2713,102.5143,98.5517,-163.0069,21.6168,0.163,0.0985
1780080239396,1,12.00000015,Lower Delivery,Loading,pitch.0,772706,0.1857,-0.1277,0.2968,0.0018,-0.0289,0.004,0.0,0.0
1780080239396,1,12.00000018,Upper Delivery,Loading,pitch.0,773994,-0.0022,-0.1565,0.1559,-0.0884,-0.0304,-0.0012,0.0,0.0
1780080239396,1,Pitching Mound.Delivery,,Loading,pitch.0,772082,0.1834,-0.2842,0.4527,-0.0386,-0.0593,-0.0611,0.0,0.0
1780080239396,1,Pitching Mound.Drive,,Loading,pitch.0,773187,-1.2107,12.2713,102.5143,98.5517,-163.0069,21.6168,0.163,0.0985
1780080239396,1,Pitching Mound.Parent,,Loading,pitch.0,771338,-0.9878,11.9561,102.3914,98.0246,-162.2764,21.4613,0.1624,0.0986
1780080239397,1,12.00000015,Lower Delivery,Loading,pitch.0,772707,0.1923,-0.1291,0.3096,0.0263,-0.0177,0.0074,0.0,0.0
1780080239397,1,12.00000018,Upper Delivery,Loading,pitch.0,773995,0.0004,-0.1575,0.1747,-0.0884,-0.0304,-0.0012,0.0,0.0
1780080239397,1,Pitching Mound.Delivery,,Loading,pitch.0,772083,0.1927,-0.2866,0.4843,-0.0162,-0.048,-0.059,0.0,0.0
1780080239397,1,Pitching Mound.Parent,,Loading,pitch.0,771339,-1.0179,11.9846,102.9987,98.5355,-163.055,21.5578,0.1622,0.0985
1780080239398,1,11.0000004b,Drive,Loading,pitch.0,773189,-1.2917,12.323,103.1894,99.375,-164.2474,21.7032,0.1631,0.0987
1780080239398,1,11.0000004b,Drive,Loading,pitch.0,773188,-1.2544,12.2921,102.8373,98.8759,-163.5551,21.6593,0.163,0.0985
1780080239398,1,12.00000015,Lower Delivery,Loading,pitch.0,772708,0.2005,-0.156,0.3243,0.0239,-0.0163,0.0072,0.0,0.0
1780080239398,1,12.00000018,Upper Delivery,Loading,pitch.0,773996,0.0305,-0.197,0.2452,-0.0884,-0.0304,-0.0012,0.0,0.0
1780080239398,1,Pitching Mound.Delivery,,Loading,pitch.0,772084,0.2311,-0.353,0.5694,-0.0376,-0.0467,-0.0518,0.0,0.0
1780080239398,1,Pitching Mound.Drive,,Loading,pitch.0,773189,-1.2917,12.323,103.1894,99.375,-164.2474,21.7032,0.1631,0.0987
1780080239398,1,Pitching Mound.Drive,,Loading,pitch.0,773188,-1.2544,12.2921,102.8373,98.8759,-163.5551,21.6593,0.163,0.0985
1780080239398,1,Pitching Mound.Parent,,Loading,pitch.0,771340,-1.0234,11.9391,103.4067,98.8382,-163.6018,21.6075,0.1621,0.0983
1780080239399,1,11.0000004b,Drive,Loading,pitch.0,773190,-1.3219,12.3418,103.6608,99.6904,-164.8802,21.7891,0.163,0.0986
1780080239399,1,12.00000015,Lower Delivery,Loading,pitch.0,772709,0.1883,-0.1514,0.2816,0.0126,-0.0251,0.0043,0.0,0.0
1780080239399,1,12.00000018,Upper Delivery,Loading,pitch.0,773997,0.0296,-0.1958,0.2123,-0.0884,-0.0304,-0.0012,0.0,0.0
1780080239399,1,Pitching Mound.Delivery,,Loading,pitch.0,772085,0.2179,-0.3472,0.4939,-0.0522,-0.0554,-0.0509,0.0,0.0
1780080239399,1,Pitching Mound.Drive,,Loading,pitch.0,773190,-1.3219,12.3418,103.6608,99.6904,-164.8802,21.7891,0.163,0.0986
1780080239399,1,Pitching Mound.Parent,,Loading,pitch.0,771341,-1.0738,11.9758,103.6833,99.3228,-164.3028,21.6524,0.1624,0.0985
1780080239400,1,11.0000004b,Drive,Loading,pitch.0,773191,-1.3581,12.3806,104.1016,100.211,-165.6729,21.8963,0.1631,0.0987
1780080239400,1,12.00000015,Lower Delivery,Loading,pitch.0,772710,0.1793,-0.1433,0.2562,0.0193,-0.0182,0.0065,0.0,0.0
1780080239400,1,12.00000018,Upper Delivery,Loading,pitch.0,773998,0.0032,-0.1681,0.1364,-0.0884,-0.0304,-0.0012,0.0,0.0
1780080239400,1,Pitching Mound.Delivery,,Loading,pitch.0,772086,0.1826,-0.3114,0.3926,-0.0283,-0.0486,-0.0545,0.0,0.0
1780080239400,1,Pitching Mound.Drive,,Loading,pitch.0,773191,-1.3581,12.3806,104.1016,100.211,-165.6729,21.8963,0.1631,0.0987
1780080239400,1,Pitching Mound.Parent,,Loading,pitch.0,771342,-1.1393,12.0304,104.0534,99.6621,-164.9288,21.7346,0.1624,0.0986
1780080239401,1,11.0000004b,Drive,Loading,pitch.0,773192,-1.397,12.4087,104.5921,100.5654,-166.4025,21.9681,0.1631,0.0985
1780080239401,1,12.00000015,Lower Delivery,Loading,pitch.0,772712,0.1773,-0.119,0.229,0.0131,-0.0172,0.0056,0.0,0.0
1780080239401,1,12.00000015,Lower Delivery,Loading,pitch.0,772711,0.1775,-0.1482,0.2538,0.0193,-0.0235,0.0054,0.0,0.0
1780080239401,1,12.00000018,Upper Delivery,Loading,pitch.0,773999,0.0182,-0.1863,0.1826,-0.0884,-0.0304,-0.0012,0.0,0.0
1780080239401,1,Pitching Mound.Delivery,,Loading,pitch.0,772087,0.1957,-0.3344,0.4364,-0.0448,-0.0538,-0.05,0.0,0.0
1780080239401,1,Pitching Mound.Drive,,Loading,pitch.0,773192,-1.397,12.4087,104.5921,100.5654,-166.4025,21.9681,0.1631,0.0985
1780080239401,1,Pitching Mound.Parent,,Loading,pitch.0,771343,-1.1624,12.0462,104.538,100.1662,-165.7267,21.8463,0.1624,0.0985
1780080239402,1,11.0000004b,Drive,Loading,pitch.0,773193,-1.4272,12.441,105.1105,100.9974,-167.019,22.0477,0.1629,0.0985
1780080239402,1,12.00000015,Lower Delivery,Loading,pitch.0,772713,0.1687,-0.1464,0.2283,0.017,-0.0189,0.0056,0.0,0.0
1780080239402,1,12.00000018,Upper Delivery,Loading,pitch.0,774000,-0.018,-0.1491,0.1012,-0.0884,-0.0304,-0.0012,0.0,0.0
1780080239402,1,Pitching Mound.Delivery,,Loading,pitch.0,772088,0.1593,-0.2681,0.3303,-0.0318,-0.0475,-0.062,0.0,0.0
1780080239402,1,Pitching Mound.Drive,,Loading,pitch.0,773193,-1.4272,12.441,105.1105,100.9974,-167.019,22.0477,0.1629,0.0985
1780080239402,1,Pitching Mound.Parent,,Loading,pitch.0,771344,-1.2377,12.1406,104.9223,100.5336,-166.45,21.9061,0.1626,0.0987
1780080239403,1,11.0000004b,Drive,Loading,pitch.0,773194,-1.4468,12.4664,105.3809,101.2621,-167.4651,22.0986,0.1629,0.0985
1780080239403,1,12.00000015,Lower Delivery,Loading,pitch.0,772714,0.1738,-0.165,0.2439,0.0091,-0.0256,0.0069,0.0,0.0
1780080239403,1,12.00000018,Upper Delivery,Loading,pitch.0,774001,-0.0205,-0.1544,0.1388,-0.0884,-0.0304,-0.0012,0.0,0.0
1780080239403,1,Pitching Mound.Delivery,,Loading,pitch.0,772089,0.1482,-0.3008,0.3672,-0.041,-0.0492,-0.0599,0.0,0.0
1780080239403,1,Pitching Mound.Drive,,Loading,pitch.0,773194,-1.4468,12.4664,105.3809,101.2621,-167.4651,22.0986,0.1629,0.0985
1780080239403,1,Pitching Mound.Parent,,Loading,pitch.0,771345,-1.279,12.1401,105.4777,100.9564,-167.0682,21.9878,0.1623,0.0984
1780080239404,1,11.0000004b,Drive,Loading,pitch.0,773195,-1.4581,12.4715,105.4907,101.2406,-167.6311,22.1279,0.1629,0.0984
1780080239404,1,12.00000015,Lower Delivery,Loading,pitch.0,772715,0.1241,-0.1292,0.1403,-0.0015,-0.0251,0.0088,0.0,0.0
1780080239404,1,12.00000018,Upper Delivery,Loading,pitch.0,774002,-0.0127,-0.1713,0.1711,-0.0884,-0.0304,-0.0012,0.0,0.0
1780080239404,1,Pitching Mound.Delivery,,Loading,pitch.0,772090,0.1611,-0.3363,0.415,-0.0546,-0.0559,-0.0577,0.0,0.0
1780080239404,1,Pitching Mound.Drive,,Loading,pitch.0,773195,-1.4581,12.4715,105.4907,101.2406,-167.6311,22.1279,0.1629,0.0984
1780080239404,1,Pitching Mound.Parent,,Loading,pitch.0,771346,-1.2857,12.1301,105.7959,101.2075,-167.521,22.0409,0.1622,0.0983
1780080239405,1,11.0000004b,Drive,Loading,pitch.0,773196,-1.5058,12.5079,106.1845,101.7607,-168.4032,22.2094,0.1626,0.0982
1780080239405,1,12.00000018,Upper Delivery,Loading,pitch.0,774003,-0.0017,-0.1899,0.2078,-0.0884,-0.0304,-0.0012,0.0,0.0
1780080239405,1,Pitching Mound.Delivery,,Loading,pitch.0,772091,0.1225,-0.3192,0.3482,-0.1128,-0.0555,-0.0352,0.0,0.0
1780080239405,1,Pitching Mound.Drive,,Loading,pitch.0,773196,-1.5058,12.5079,106.1845,101.7607,-168.4032,22.2094,0.1626,0.0982
1780080239405,1,Pitching Mound.Parent,,Loading,pitch.0,771347,-1.3357,12.1523,105.8389,101.1278,-167.6866,22.0927,0.1623,0.0978
1780080239406,1,11.0000004b,Drive,Loading,pitch.0,773197,-1.5315,12.5346,106.4744,101.9676,-168.8522,22.2536,0.1625,0.0982
1780080239406,1,12.00000015,Lower Delivery,Loading,pitch.0,772716,0.1073,-0.1125,0.132,0.0031,-0.0206,0.0109,0.0,0.0
1780080239406,1,12.00000015,Lower Delivery,Loading,pitch.0,772717,0.1001,-0.1115,0.0982,-0.014,-0.0292,0.0081,0.0,0.0
1780080239406,1,12.00000018,Upper Delivery,Loading,pitch.0,774004,0.0054,-0.1848,0.2221,-0.0884,-0.0304,-0.0012,0.0,0.0
1780080239406,1,Pitching Mound.Delivery,,Loading,pitch.0,772092,0.1127,-0.2973,0.3541,-0.1159,-0.0509,-0.025,0.0,0.0
1780080239406,1,Pitching Mound.Drive,,Loading,pitch.0,773197,-1.5315,12.5346,106.4744,101.9676,-168.8522,22.2536,0.1625,0.0982
1780080239406,1,Pitching Mound.Parent,,Loading,pitch.0,771348,-1.3931,12.2107,106.5386,101.6448,-168.4542,22.1844,0.162,0.0976
1780080239407,1,11.0000004b,Drive,Loading,pitch.0,773198,-1.5853,12.5607,107.0158,102.557,-169.6404,22.3921,0.1625,0.0982
1780080239407,1,12.00000018,Upper Delivery,Loading,pitch.0,774005,0.0562,-0.2215,0.3106,-0.0884,-0.0304,-0.0012,0.0,0.0
1780080239407,1,Pitching Mound.Delivery,,Loading,pitch.0,772093,0.1564,-0.333,0.4088,-0.1746,-0.0596,-0.008,0.0,0.0
1780080239407,1,Pitching Mound.Drive,,Loading,pitch.0,773198,-1.5853,12.5607,107.0158,102.557,-169.6404,22.3921,0.1625,0.0982
1780080239407,1,Pitching Mound.Parent,,Loading,pitch.0,771349,-1.3751,12.2017,106.8832,101.793,-168.9118,22.2456,0.1619,0.0971
1780080239408,1,11.0000004b,Drive,Loading,pitch.0,773199,-1.6147,12.5916,107.2581,102.7652,-169.927,22.4456,0.1624,0.0982
1780080239408,1,12.00000015,Lower Delivery,Loading,pitch.0,772718,0.0913,-0.0942,0.0934,-0.0156,-0.0288,0.0076,0.0,0.0
1780080239408,1,12.00000018,Upper Delivery,Loading,pitch.0,774006,0.067,-0.2302,0.32,-0.0884,-0.0304,-0.0012,0.0,0.0
1780080239408,1,Pitching Mound.Delivery,,Loading,pitch.0,772094,0.1583,-0.3244,0.4134,-0.181,-0.0592,-0.0019,0.0,0.0
1780080239408,1,Pitching Mound.Drive,,Loading,pitch.0,773199,-1.6147,12.5916,107.2581,102.7652,-169.927,22.4456,0.1624,0.0982
1780080239408,1,Pitching Mound.Parent,,Loading,pitch.0,771350,-1.427,12.2363,107.4292,102.3761,-169.6996,22.3902,0.1618,0.0971
1780080239409,1,11.0000004b,Drive,Loading,pitch.0,773200,-1.6362,12.6015,107.52,102.961,-170.1745,22.4746,0.1622,0.0981
1780080239409,1,12.00000015,Lower Delivery,Loading,pitch.0,772719,0.0998,-0.1144,0.1217,-0.0131,-0.0296,0.0075,0.0,0.0
1780080239409,1,12.00000018,Upper Delivery,Loading,pitch.0,774007,0.0488,-0.2043,0.2715,-0.0884,-0.0304,-0.0012,0.0,0.0
1780080239409,1,Pitching Mound.Delivery,,Loading,pitch.0,772095,0.1486,-0.3187,0.3932,-0.1524,-0.06,-0.011,0.0,0.0
1780080239409,1,Pitching Mound.Drive,,Loading,pitch.0,773200,-1.6362,12.6015,107.52,102.961,-170.1745,22.4746,0.1622,0.0981
1780080239409,1,Pitching Mound.Parent,,Loading,pitch.0,771351,-1.4661,12.2729,107.6513,102.6128,-169.987,22.4346,0.1618,0.0974
1780080239410,1,11.0000004b,Drive,Loading,pitch.0,773201,-1.653,12.6086,107.696,103.1194,-170.3937,22.4564,0.1622,0.0981
1780080239410,1,12.00000015,Lower Delivery,Loading,pitch.0,772721,0.0761,-0.085,0.1141,-0.0299,-0.0301,0.0063,0.0,0.0
1780080239410,1,12.00000015,Lower Delivery,Loading,pitch.0,772720,0.0794,-0.1131,0.1099,-0.0234,-0.0292,0.005,0.0,0.0
1780080239410,1,12.00000018,Upper Delivery,Loading,pitch.0,774008,0.0602,-0.2082,0.2696,-0.0884,-0.0304,-0.0012,0.0,0.0
1780080239410,1,Pitching Mound.Delivery,,Loading,pitch.0,772096,0.1396,-0.3214,0.3796,-0.1661,-0.0596,-0.0027,0.0,0.0
1780080239410,1,Pitching Mound.Drive,,Loading,pitch.0,773201,-1.653,12.6086,107.696,103.1194,-170.3937,22.4564,0.1622,0.0981
1780080239410,1,Pitching Mound.Parent,,Loading,pitch.0,771352,-1.4966,12.2802,107.8995,102.795,-170.2341,22.472,0.1617,0.0973
1780080239411,1,11.0000004b,Drive,Loading,pitch.0,773202,-1.6727,12.6251,107.9367,103.2682,-170.8867,22.468,0.1623,0.0981
1780080239411,1,12.00000015,Lower Delivery,Loading,pitch.0,772722,0.0781,-0.0914,0.1321,-0.0454,-0.0279,0.0057,0.0,0.0
1780080239411,1,12.00000018,Upper Delivery,Loading,pitch.0,774009,0.0587,-0.2147,0.2951,-0.0884,-0.0304,-0.0012,0.0,0.0
1780080239411,1,Pitching Mound.Delivery,,Loading,pitch.0,772097,0.1348,-0.2997,0.4092,-0.1798,-0.0604,-0.0008,0.0,0.0
1780080239411,1,Pitching Mound.Drive,,Loading,pitch.0,773202,-1.6727,12.6251,107.9367,103.2682,-170.8867,22.468,0.1623,0.0981
1780080239411,1,Pitching Mound.Parent,,Loading,pitch.0,771353,-1.5182,12.3089,108.1052,102.9396,-170.4542,22.4555,0.1616,0.0972
1780080239412,1,11.0000004b,Drive,Loading,pitch.0,773203,-1.6963,12.6204,108.2298,103.4888,-171.1933,22.5028,0.1621,0.098
1780080239412,1,12.00000015,Lower Delivery,Loading,pitch.0,772723,0.0798,-0.1012,0.1354,-0.055,-0.0242,0.0054,0.0,0.0
1780080239412,1,12.00000018,Upper Delivery,Loading,pitch.0,774010,0.0956,-0.2527,0.3471,-0.0884,-0.0304,-0.0012,0.0,0.0
1780080239412,1,Pitching Mound.Delivery,,Loading,pitch.0,772098,0.1737,-0.3441,0.4792,-0.2068,-0.0583,0.0105,0.0,0.0
1780080239412,1,Pitching Mound.Drive,,Loading,pitch.0,773203,-1.6963,12.6204,108.2298,103.4888,-171.1933,22.5028,0.1621,0.098
1780080239412,1,Pitching Mound.Parent,,Loading,pitch.0,771354,-1.499,12.2811,108.4158,103.0614,-170.945,22.4785,0.1616,0.097
1780080239413,1,11.0000004b,Drive,Loading,pitch.0,773204,-1.7132,12.6366,108.402,103.7353,-171.6718,22.5573,0.1623,0.0981
1780080239413,1,12.00000018,Upper Delivery,Loading,pitch.0,774011,0.0966,-0.2452,0.3714,-0.0884,-0.0304,-0.0012,0.0,0.0
1780080239413,1,Pitching Mound.Delivery,,Loading,pitch.0,772099,0.1764,-0.3463,0.5069,-0.2236,-0.0546,0.0099,0.0,0.0
1780080239413,1,Pitching Mound.Drive,,Loading,pitch.0,773204,-1.7132,12.6366,108.402,103.7353,-171.6718,22.5573,0.1623,0.0981
1780080239413,1,Pitching Mound.Parent,,Loading,pitch.0,771355,-1.5199,12.274,108.7367,103.2652,-171.2479,22.5128,0.1614,0.0968
1780080239414,1,11.0000004b,Drive,Loading,pitch.0,773205,-1.7411,12.6504,108.7142,103.9744,-172.0517,22.6155,0.1622,0.098
1780080239414,1,12.00000015,Lower Delivery,Loading,pitch.0,772724,0.0912,-0.1125,0.1729,-0.0423,-0.0224,0.0066,0.0,0.0
1780080239414,1,12.00000018,Upper Delivery,Loading,pitch.0,774012,0.0769,-0.2227,0.3099,-0.0884,-0.0304,-0.0012,0.0,0.0
1780080239414,1,Pitching Mound.Delivery,,Loading,pitch.0,772100,0.1682,-0.3352,0.4828,-0.1772,-0.0528,0.0006,0.0,0.0
1780080239414,1,Pitching Mound.Drive,,Loading,pitch.0,773205,-1.7411,12.6504,108.7142,103.9744,-172.0517,22.6155,0.1622,0.098
1780080239414,1,Pitching Mound.Parent,,Loading,pitch.0,771356,-1.5451,12.3013,108.8848,103.558,-171.7246,22.5579,0.1616,0.0972
1780080239415,1,11.0000004b,Drive,Loading,pitch.0,773206,-1.7461,12.6694,108.8178,104.2029,-172.3907,22.6347,0.1624,0.0981
1780080239415,1,12.00000015,Lower Delivery,Loading,pitch.0,772725,0.0933,-0.1119,0.1709,-0.0377,-0.0186,0.0048,0.0,0.0
1780080239415,1,12.00000015,Lower Delivery,Loading,pitch.0,772726,0.096,-0.1319,0.1715,-0.0332,-0.0196,0.0046,0.0,0.0
1780080239415,1,12.00000018,Upper Delivery,Loading,pitch.0,774013,0.0515,-0.1899,0.2783,-0.0884,-0.0304,-0.0012,0.0,0.0
1780080239415,1,Pitching Mound.Delivery,,Loading,pitch.0,772101,0.1448,-0.3017,0.4492,-0.1626,-0.049,-0.0106,0.0,0.0
1780080239415,1,Pitching Mound.Drive,,Loading,pitch.0,773206,-1.7461,12.6694,108.8178,104.2029,-172.3907,22.6347,0.1624,0.0981
1780080239415,1,Pitching Mound.Parent,,Loading,pitch.0,771357,-1.5963,12.3486,109.1633,103.8118,-172.1007,22.6049,0.1615,0.0973
1780080239416,1,11.0000004b,Drive,Loading,pitch.0,773207,-1.7652,12.6878,108.9264,104.3961,-172.8145,22.6244,0.1626,0.0982
1780080239416,1,12.00000018,Upper Delivery,Loading,pitch.0,774014,0.0666,-0.2162,0.3419,-0.0884,-0.0304,-0.0012,0.0,0.0
1780080239416,1,Pitching Mound.Delivery,,Loading,pitch.0,772102,0.1626,-0.3482,0.5134,-0.1795,-0.0499,-0.0066,0.0,0.0
1780080239416,1,Pitching Mound.Drive,,Loading,pitch.0,773207,-1.7652,12.6878,108.9264,104.3961,-172.8145,22.6244,0.1626,0.0982
1780080239416,1,Pitching Mound.Parent,,Loading,pitch.0,771358,-1.5835,12.3212,109.3312,104.0234,-172.4406,22.6281,0.1616,0.0972
1780080239417,1,11.0000004b,Drive,Loading,pitch.0,773208,-1.7761,12.6953,109.2077,104.6195,-173.1808,22.6493,0.1625,0.0982
1780080239417,1,12.00000015,Lower Delivery,Loading,pitch.0,772727,0.1143,-0.1644,0.2035,-0.0362,-0.0152,0.0062,0.0,0.0
1780080239417,1,12.00000015,Lower Delivery,Loading,pitch.0,772728,0.1468,-0.1437,0.1805,-0.0146,-0.0102,0.0093,0.0,0.0
1780080239417,1,12.00000018,Upper Delivery,Loading,pitch.0,774015,0.038,-0.1855,0.2663,-0.0884,-0.0304,-0.0012,0.0,0.0
1780080239417,1,Pitching Mound.Delivery,,Loading,pitch.0,772103,0.1523,-0.35,0.4698,-0.146,-0.0455,-0.021,0.0,0.0
1780080239417,1,Pitching Mound.Drive,,Loading,pitch.0,773208,-1.7761,12.6953,109.2077,104.6195,-173.1808,22.6493,0.1625,0.0982
1780080239417,1,Pitching Mound.Parent,,Loading,pitch.0,771359,-1.6129,12.3378,109.3962,104.2502,-172.86,22.6034,0.1619,0.0976
1780080239418,1,11.0000004b,Drive,Loading,pitch.0,773209,-1.7743,12.7227,109.3914,104.8228,-173.6075,22.6681,0.1627,0.0982
1780080239418,1,12.00000015,Lower Delivery,Loading,pitch.0,772729,0.1348,-0.1218,0.1486,-0.0015,-0.0058,0.0104,0.0,0.0
1780080239418,1,12.00000018,Upper Delivery,Loading,pitch.0,774016,0.0566,-0.2091,0.3021,-0.0884,-0.0304,-0.0012,0.0,0.0
1780080239418,1,Pitching Mound.Delivery,,Loading,pitch.0,772104,0.2034,-0.3528,0.4826,-0.1443,-0.0405,-0.0225,0.0,0.0
1780080239418,1,Pitching Mound.Drive,,Loading,pitch.0,773209,-1.7743,12.7227,109.3914,104.8228,-173.6075,22.6681,0.1627,0.0982
1780080239418,1,Pitching Mound.Parent,,Loading,pitch.0,771360,-1.5726,12.3425,109.6902,104.4752,-173.2214,22.6268,0.1618,0.0974
1780080239419,1,11.0000004b,Drive,Loading,pitch.0,773210,-1.789,12.7401,109.5412,105.1097,-173.9296,22.7016,0.1627,0.0983
1780080239419,1,12.00000015,Lower Delivery,Loading,pitch.0,772730,0.1556,-0.1031,0.1751,0.0097,-0.0001,0.0126,0.0,0.0
1780080239419,1,12.00000018,Upper Delivery,Loading,pitch.0,774017,0.0168,-0.1682,0.165,-0.0884,-0.0304,-0.0012,0.0,0.0
1780080239419,1,Pitching Mound.Delivery,,Loading,pitch.0,772105,0.1515,-0.29,0.3136,-0.0954,-0.0362,-0.0309,0.0,0.0
1780080239419,1,Pitching Mound.Drive,,Loading,pitch.0,773210,-1.789,12.7401,109.5412,105.1097,-173.9296,22.7016,0.1627,0.0983
1780080239419,1,Pitching Mound.Parent,,Loading,pitch.0,771361,-1.6228,12.4327,109.705,104.7273,-173.6437,22.6371,0.1622,0.0979
1780080239420,1,11.0000004b,Drive,Loading,pitch.0,773211,-1.8017,12.754,109.8402,105.2588,-174.4255,22.7065,0.1628,0.0982
1780080239420,1,12.00000015,Lower Delivery,Loading,pitch.0,772731,0.1522,-0.1082,0.1789,0.016,0.0011,0.012,0.0,0.0
1780080239420,1,12.00000018,Upper Delivery,Loading,pitch.0,774018,0.0095,-0.1567,0.1383,-0.0884,-0.0304,-0.0012,0.0,0.0
1780080239420,1,Pitching Mound.Delivery,,Loading,pitch.0,772106,0.1652,-0.2598,0.3134,-0.0662,-0.0304,-0.0383,0.0,0.0
1780080239420,1,Pitching Mound.Drive,,Loading,pitch.0,773211,-1.8017,12.754,109.8402,105.2588,-174.4255,22.7065,0.1628,0.0982
1780080239420,1,Pitching Mound.Parent,,Loading,pitch.0,771362,-1.6239,12.4803,109.8546,105.0436,-173.96,22.6634,0.1623,0.0982
1780080239421,1,11.0000004b,Drive,Loading,pitch.0,773212,-1.8064,12.782,109.87,105.4692,-174.6751,22.7446,0.1629,0.0984
1780080239421,1,12.00000015,Lower Delivery,Loading,pitch.0,772732,0.1772,-0.1047,0.1865,0.0163,0.0009,0.0112,0.0,0.0
1780080239421,1,12.00000018,Upper Delivery,Loading,pitch.0,774019,0.0124,-0.1709,0.1658,-0.0884,-0.0304,-0.0012,0.0,0.0
1780080239421,1,12.00000018,Upper Delivery,Loading,pitch.0,774020,0.0697,-0.2251,0.3138,-0.0884,-0.0304,-0.0012,0.0,0.0
1780080239421,1,Pitching Mound.Delivery,,Loading,pitch.0,772108,0.2469,-0.3297,0.5003,-0.1153,-0.0295,-0.0265,0.0,0.0
1780080239421,1,Pitching Mound.Delivery,,Loading,pitch.0,772107,0.1646,-0.2791,0.3447,-0.0679,-0.0292,-0.0367,0.0,0.0
1780080239421,1,Pitching Mound.Drive,,Loading,pitch.0,773212,-1.8064,12.782,109.87,105.4692,-174.6751,22.7446,0.1629,0.0984
1780080239421,1,Pitching Mound.Parent,,Loading,pitch.0,771364,-1.5595,12.4523,110.3703,105.3539,-174.7046,22.7181,0.1622,0.0976
1780080239421,1,Pitching Mound.Parent,,Loading,pitch.0,771363,-1.6371,12.4749,110.1849,105.1909,-174.4548,22.6698,0.1623,0.098
1780080239422,1,11.0000004b,Drive,Loading,pitch.0,773213,-1.8285,12.8101,110.0553,105.718,-175.0174,22.7152,0.163,0.0985
1780080239422,1,12.00000015,Lower Delivery,Loading,pitch.0,772733,0.1279,-0.0636,0.105,0.0074,-0.0038,0.0111,0.0,0.0
1780080239422,1,Pitching Mound.Drive,,Loading,pitch.0,773213,-1.8285,12.8101,110.0553,105.718,-175.0174,22.7152,0.163,0.0985
1780080239423,1,11.0000004b,Drive,Loading,pitch.0,773214,-1.8082,12.8239,110.1023,105.8001,-175.2291,22.7135,0.1631,0.0985
1780080239423,1,12.00000015,Lower Delivery,Loading,pitch.0,772734,0.1117,-0.056,0.1089,0.0067,-0.004,0.0123,0.0,0.0
1780080239423,1,12.00000018,Upper Delivery,Loading,pitch.0,774021,0.0159,-0.1612,0.1734,-0.0884,-0.0304,-0.0012,0.0,0.0
1780080239423,1,Pitching Mound.Delivery,,Loading,pitch.0,772109,0.1438,-0.2249,0.2784,-0.1042,-0.0342,-0.0282,0.0,0.0
1780080239423,1,Pitching Mound.Drive,,Loading,pitch.0,773214,-1.8082,12.8239,110.1023,105.8001,-175.2291,22.7135,0.1631,0.0985
1780080239423,1,Pitching Mound.Parent,,Loading,pitch.0,771365,-1.6847,12.5852,110.3336,105.6138,-175.0516,22.687,0.1626,0.098
1780080239424,1,11.0000004b,Drive,Loading,pitch.0,773215,-1.8259,12.8339,110.1867,105.9118,-175.432,22.6966,0.1632,0.0985
1780080239424,1,12.00000015,Lower Delivery,Loading,pitch.0,772735,0.1043,-0.0478,0.1078,0.0163,0.0048,0.0132,0.0,0.0
1780080239424,1,12.00000018,Upper Delivery,Loading,pitch.0,774022,-0.0068,-0.14,0.1064,-0.0884,-0.0304,-0.0012,0.0,0.0
1780080239424,1,Pitching Mound.Delivery,,Loading,pitch.0,772110,0.1049,-0.196,0.2152,-0.0808,-0.0344,-0.0292,0.0,0.0
1780080239424,1,Pitching Mound.Drive,,Loading,pitch.0,773215,-1.8259,12.8339,110.1867,105.9118,-175.432,22.6966,0.1632,0.0985
1780080239424,1,Pitching Mound.Parent,,Loading,pitch.0,771366,-1.7033,12.6279,110.3176,105.7193,-175.2635,22.6843,0.1628,0.0983
1780080239425,1,11.0000004b,Drive,Loading,pitch.0,773216,-1.839,12.8502,110.254,106.0209,-175.6139,22.6736,0.1633,0.0986
1780080239425,1,12.00000015,Lower Delivery,Loading,pitch.0,772736,0.1067,-0.0569,0.1172,0.0165,0.0008,0.0109,0.0,0.0
1780080239425,1,12.00000018,Upper Delivery,Loading,pitch.0,774023,0.0033,-0.1379,0.1054,-0.0884,-0.0304,-0.0012,0.0,0.0
1780080239425,1,Pitching Mound.Delivery,,Loading,pitch.0,772111,0.1076,-0.1857,0.2132,-0.0712,-0.0255,-0.0224,0.0,0.0
1780080239425,1,Pitching Mound.Drive,,Loading,pitch.0,773216,-1.839,12.8502,110.254,106.0209,-175.6139,22.6736,0.1633,0.0986
1780080239425,1,Pitching Mound.Parent,,Loading,pitch.0,771367,-1.7184,12.6482,110.3999,105.8406,-175.4575,22.6742,0.1629,0.0983
1780080239426,1,11.0000004b,Drive,Loading,pitch.0,773217,-1.8467,12.8455,110.5487,106.1553,-175.8969,22.6553,0.1631,0.0984
1780080239426,1,12.00000015,Lower Delivery,Loading,pitch.0,772737,0.1013,-0.0568,0.1525,0.0152,-0.0035,0.0088,0.0,0.0
1780080239426,1,12.00000018,Upper Delivery,Loading,pitch.0,774024,0.0048,-0.1476,0.0996,-0.0884,-0.0304,-0.0012,0.0,0.0
1780080239426,1,Pitching Mound.Delivery,,Loading,pitch.0,772112,0.1115,-0.2045,0.2167,-0.0658,-0.0296,-0.0249,0.0,0.0
1780080239426,1,Pitching Mound.Drive,,Loading,pitch.0,773217,-1.8467,12.8455,110.5487,106.1553,-175.8969,22.6553,0.1631,0.0984
1780080239426,1,Pitching Mound.Parent,,Loading,pitch.0,771368,-1.7275,12.6458,110.4708,105.9551,-175.6435,22.6487,0.1629,0.0984
1780080239427,1,11.0000004b,Drive,Loading,pitch.0,773218,-1.8656,12.8416,110.5515,106.183,-175.9982,22.6162,0.1632,0.0984
1780080239427,1,12.00000018,Upper Delivery,Loading,pitch.0,774025,-0.0082,-0.1284,0.0723,-0.0884,-0.0304,-0.0012,0.0,0.0
1780080239427,1,Pitching Mound.Delivery,,Loading,pitch.0,772113,0.0931,-0.1852,0.2247,-0.0459,-0.0339,-0.0296,0.0,0.0
1780080239427,1,Pitching Mound.Drive,,Loading,pitch.0,773218,-1.8656,12.8416,110.5515,106.183,-175.9982,22.6162,0.1632,0.0984
1780080239427,1,Pitching Mound.Parent,,Loading,pitch.0,771369,-1.7536,12.6602,110.7735,106.1095,-175.9307,22.6257,0.1628,0.0985
1780080239428,1,11.0000004b,Drive,Loading,pitch.0,773219,-1.8748,12.8385,110.771,106.2588,-176.2875,22.6146,0.1631,0.0983
1780080239428,1,12.00000015,Lower Delivery,Loading,pitch.0,772738,0.0799,-0.0494,0.1239,0.0066,-0.0075,0.0065,0.0,0.0
1780080239428,1,12.00000015,Lower Delivery,Loading,pitch.0,772739,0.0963,-0.0553,0.1469,-0.0091,-0.015,0.0068,0.0,0.0
1780080239428,1,12.00000018,Upper Delivery,Loading,pitch.0,774026,-0.0095,-0.1314,0.0732,-0.0884,-0.0304,-0.0012,0.0,0.0
1780080239428,1,Pitching Mound.Delivery,,Loading,pitch.0,772114,0.0704,-0.1807,0.197,-0.0646,-0.0378,-0.0251,0.0,0.0
1780080239428,1,Pitching Mound.Drive,,Loading,pitch.0,773219,-1.8748,12.8385,110.771,106.2588,-176.2875,22.6146,0.1631,0.0983
1780080239428,1,Pitching Mound.Parent,,Loading,pitch.0,771370,-1.7952,12.6609,110.7486,106.1185,-176.036,22.5911,0.1629,0.0984
1780080239429,1,11.0000004b,Drive,Loading,pitch.0,773220,-1.8829,12.846,110.7256,106.3148,-176.3704,22.6027,0.1633,0.0984
1780080239429,1,12.00000015,Lower Delivery,Loading,pitch.0,772740,0.1005,-0.0925,0.1571,-0.0077,-0.0173,0.0067,0.0,0.0
1780080239429,1,12.00000018,Upper Delivery,Loading,pitch.0,774028,-0.0133,-0.1492,0.1115,-0.0884,-0.0304,-0.0012,0.0,0.0
1780080239429,1,12.00000018,Upper Delivery,Loading,pitch.0,774027,-0.0132,-0.1427,0.104,-0.0884,-0.0304,-0.0012,0.0,0.0
1780080239429,1,Pitching Mound.Delivery,,Loading,pitch.0,772116,0.0872,-0.2417,0.2686,-0.0806,-0.0477,-0.0332,0.0,0.0
1780080239429,1,Pitching Mound.Delivery,,Loading,pitch.0,772115,0.0831,-0.1981,0.2509,-0.0829,-0.0453,-0.0316,0.0,0.0
1780080239429,1,Pitching Mound.Drive,,Loading,pitch.0,773220,-1.8829,12.846,110.7256,106.3148,-176.3704,22.6027,0.1633,0.0984
1780080239429,1,Pitching Mound.Parent,,Loading,pitch.0,771372,-1.7957,12.6043,110.9941,106.2342,-176.4181,22.5695,0.1629,0.0983
1780080239429,1,Pitching Mound.Parent,,Loading,pitch.0,771371,-1.7917,12.6404,111.0219,106.1759,-176.3329,22.583,0.1627,0.0982
1780080239430,1,11.0000004b,Drive,Loading,pitch.0,773221,-1.9049,12.8613,110.7781,106.3736,-176.5357,22.5553,0.1633,0.0984
1780080239430,1,12.00000015,Lower Delivery,Loading,pitch.0,772741,0.1,-0.0933,0.1746,-0.0175,-0.018,0.0053,0.0,0.0
1780080239430,1,12.00000018,Upper Delivery,Loading,pitch.0,774029,-0.0056,-0.1425,0.1409,-0.0884,-0.0304,-0.0012,0.0,0.0
1780080239430,1,Pitching Mound.Delivery,,Loading,pitch.0,772117,0.0944,-0.2358,0.3156,-0.0944,-0.0484,-0.0318,0.0,0.0
1780080239430,1,Pitching Mound.Drive,,Loading,pitch.0,773221,-1.9049,12.8613,110.7781,106.3736,-176.5357,22.5553,0.1633,0.0984
1780080239430,1,Pitching Mound.Parent,,Loading,pitch.0,771373,-1.8106,12.6255,111.0937,106.2792,-176.5841,22.5235,0.1629,0.0982
1780080239431,1,11.0000004b,Drive,Loading,pitch.0,773222,-1.9062,12.8563,110.6516,106.2638,-176.4918,22.5587,0.1635,0.0984
1780080239431,1,12.00000015,Lower Delivery,Loading,pitch.0,772742,0.1148,-0.0961,0.18,-0.0248,-0.0227,0.0066,0.0,0.0
1780080239431,1,Pitching Mound.Drive,,Loading,pitch.0,773222,-1.9062,12.8563,110.6516,106.2638,-176.4918,22.5587,0.1635,0.0984
1780080239432,1,11.0000004b,Drive,Loading,pitch.0,773223,-1.9299,12.8614,110.6392,106.3434,-176.5581,22.5433,0.1636,0.0985
1780080239432,1,12.00000015,Lower Delivery,Loading,pitch.0,772743,0.1147,-0.0966,0.1859,-0.0197,-0.0225,0.0059,0.0,0.0
1780080239432,1,12.00000018,Upper Delivery,Loading,pitch.0,774030,-0.0124,-0.1361,0.0868,-0.0884,-0.0304,-0.0012,0.0,0.0
1780080239432,1,Pitching Mound.Delivery,,Loading,pitch.0,772118,0.1023,-0.2322,0.2669,-0.0815,-0.0531,-0.0379,0.0,0.0
1780080239432,1,Pitching Mound.Drive,,Loading,pitch.0,773223,-1.9299,12.8614,110.6392,106.3434,-176.5581,22.5433,0.1636,0.0985
1780080239432,1,Pitching Mound.Parent,,Loading,pitch.0,771374,-1.8039,12.6241,110.9185,106.1823,-176.5449,22.5209,0.1631,0.0985
1780080239433,1,11.0000004b,Drive,Loading,pitch.0,773224,-1.9215,12.8443,110.6047,106.3365,-176.5129,22.5766,0.1636,0.0985
1780080239433,1,12.00000015,Lower Delivery,Loading,pitch.0,772744,0.1413,-0.1201,0.2235,-0.023,-0.0183,0.0063,0.0,0.0
1780080239433,1,12.00000018,Upper Delivery,Loading,pitch.0,774031,-0.0119,-0.1285,0.0954,-0.0884,-0.0304,-0.0012,0.0,0.0
1780080239433,1,12.00000018,Upper Delivery,Loading,pitch.0,774032,-0.0112,-0.1393,0.1029,-0.0884,-0.0304,-0.0012,0.0,0.0
1780080239433,1,Pitching Mound.Delivery,,Loading,pitch.0,772119,0.1027,-0.2252,0.2813,-0.0772,-0.0528,-0.0384,0.0,0.0
1780080239433,1,Pitching Mound.Delivery,,Loading,pitch.0,772120,0.1301,-0.2593,0.3264,-0.0704,-0.0487,-0.0467,0.0,0.0
1780080239433,1,Pitching Mound.Drive,,Loading,pitch.0,773224,-1.9215,12.8443,110.6047,106.3365,-176.5129,22.5766,0.1636,0.0985
1780080239433,1,Pitching Mound.Parent,,Loading,pitch.0,771375,-1.8271,12.6363,110.9205,106.2661,-176.6109,22.5049,0.1631,0.0985
1780080239433,1,Pitching Mound.Parent,,Loading,pitch.0,771376,-1.7914,12.5849,110.9312,106.2661,-176.5616,22.5299,0.1631,0.0986
1780080239434,1,11.0000004b,Drive,Loading,pitch.0,773225,-1.9331,12.8328,110.5135,106.2661,-176.4133,22.5606,0.1636,0.0986
1780080239434,1,12.00000015,Lower Delivery,Loading,pitch.0,772745,0.1472,-0.1352,0.2501,-0.0091,-0.0131,0.0079,0.0,0.0
1780080239434,1,12.00000018,Upper Delivery,Loading,pitch.0,774033,-0.0002,-0.1695,0.152,-0.0884,-0.0304,-0.0012,0.0,0.0
1780080239434,1,Pitching Mound.Delivery,,Loading,pitch.0,772121,0.147,-0.3046,0.402,-0.0641,-0.0435,-0.0434,0.0,0.0
1780080239434,1,Pitching Mound.Drive,,Loading,pitch.0,773225,-1.9331,12.8328,110.5135,106.2661,-176.4133,22.5606,0.1636,0.0986
1780080239434,1,Pitching Mound.Parent,,Loading,pitch.0,771377,-1.7862,12.5281,110.9155,106.202,-176.4567,22.5172,0.163,0.0985
1780080239435,1,11.0000004b,Drive,Loading,pitch.0,773226,-1.9289,12.828,110.4229,106.2056,-176.436,22.5557,0.1638,0.0986
1780080239435,1,12.00000015,Lower Delivery,Loading,pitch.0,772746,0.1388,-0.1274,0.244,-0.0242,-0.0145,0.0066,0.0,0.0
1780080239435,1,12.00000018,Upper Delivery,Loading,pitch.0,774034,-0.0178,-0.162,0.1048,-0.0884,-0.0304,-0.0012,0.0,0.0
1780080239435,1,Pitching Mound.Delivery,,Loading,pitch.0,772122,0.1211,-0.2893,0.3488,-0.0652,-0.0448,-0.0478,0.0,0.0
1780080239435,1,Pitching Mound.Drive,,Loading,pitch.0,773226,-1.9289,12.828,110.4229,106.2056,-176.436,22.5557,0.1638,0.0986
1780080239435,1,Pitching Mound.Parent,,Loading,pitch.0,771378,-1.8078,12.5386,110.7717,106.1404,-176.4808,22.5079,0.1633,0.0987
1780080239436,1,11.0000004b,Drive,Loading,pitch.0,773227,-1.9209,12.8371,110.2759,106.2144,-176.4123,22.5585,0.164,0.0987
1780080239436,1,12.00000015,Lower Delivery,Loading,pitch.0,772747,0.1385,-0.1028,0.2227,-0.0131,-0.0027,0.0089,0.0,0.0
1780080239436,1,12.00000018,Upper Delivery,Loading,pitch.0,774035,-0.0208,-0.1761,0.11,-0.0884,-0.0304,-0.0012,0.0,0.0
1780080239436,1,Pitching Mound.Delivery,,Loading,pitch.0,772123,0.1176,-0.2789,0.3327,-0.0631,-0.0331,-0.0465,0.0,0.0
1780080239436,1,Pitching Mound.Drive,,Loading,pitch.0,773227,-1.9209,12.8371,110.2759,106.2144,-176.4123,22.5585,0.164,0.0987
1780080239436,1,Pitching Mound.Parent,,Loading,pitch.0,771379,-1.8032,12.5582,110.6086,106.1513,-176.4454,22.512,0.1635,0.0988
1780080239437,1,11.0000004b,Drive,Loading,pitch.0,773228,-1.9443,12.8276,110.1896,106.2102,-176.3691,22.5744,0.1641,0.0988
1780080239437,1,11.0000004b,Drive,Loading,pitch.0,773229,-1.9492,12.841,110.1575,106.2554,-176.3645,22.5782,0.1641,0.0989
1780080239437,1,12.00000015,Lower Delivery,Loading,pitch.0,772748,0.1204,-0.1087,0.2193,-0.0056,-0.0014,0.0092,0.0,0.0
1780080239437,1,12.00000018,Upper Delivery,Loading,pitch.0,774036,-0.0194,-0.1659,0.0878,-0.0884,-0.0304,-0.0012,0.0,0.0
1780080239437,1,Pitching Mound.Delivery,,Loading,pitch.0,772124,0.101,-0.2746,0.3072,-0.0492,-0.0318,-0.0395,0.0,0.0
1780080239437,1,Pitching Mound.Drive,,Loading,pitch.0,773228,-1.9443,12.8276,110.1896,106.2102,-176.3691,22.5744,0.1641,0.0988
1780080239437,1,Pitching Mound.Drive,,Loading,pitch.0,773229,-1.9492,12.841,110.1575,106.2554,-176.3645,22.5782,0.1641,0.0989
1780080239437,1,Pitching Mound.Parent,,Loading,pitch.0,771380,-1.8433,12.5531,110.4967,106.1609,-176.4009,22.5349,0.1636,0.0989
1780080239438,1,11.0000004b,Drive,Loading,pitch.0,773230,-1.9471,12.8349,109.9697,106.1138,-176.2542,22.5655,0.1643,0.0989
1780080239438,1,12.00000015,Lower Delivery,Loading,pitch.0,772749,0.1358,-0.0904,0.2124,0.0274,0.0073,0.0103,0.0,0.0
1780080239438,1,12.00000018,Upper Delivery,Loading,pitch.0,774037,-0.0164,-0.1552,0.0824,-0.0884,-0.0304,-0.0012,0.0,0.0
1780080239438,1,Pitching Mound.Delivery,,Loading,pitch.0,772125,0.1194,-0.2456,0.2948,-0.0168,-0.023,-0.0427,0.0,0.0
1780080239438,1,Pitching Mound.Drive,,Loading,pitch.0,773230,-1.9471,12.8349,109.9697,106.1138,-176.2542,22.5655,0.1643,0.0989
1780080239438,1,Pitching Mound.Parent,,Loading,pitch.0,771381,-1.8298,12.5953,110.4523,106.2386,-176.3875,22.5355,0.1637,0.099
1780080239439,1,12.00000015,Lower Delivery,Loading,pitch.0,772750,0.1209,-0.0722,0.1943,0.0335,0.0129,0.0092,0.0,0.0
1780080239439,1,12.00000018,Upper Delivery,Loading,pitch.0,774038,-0.0152,-0.1488,0.0769,-0.0884,-0.0304,-0.0012,0.0,0.0
1780080239439,1,Pitching Mound.Delivery,,Loading,pitch.0,772126,0.1057,-0.2211,0.2712,-0.015,-0.0175,-0.0382,0.0,0.0
1780080239439,1,Pitching Mound.Parent,,Loading,pitch.0,771382,-1.8415,12.6138,110.2409,106.0988,-176.2717,22.5273,0.1639,0.099
1780080239440,1,11.0000004b,Drive,Loading,pitch.0,773231,-1.9687,12.8304,109.8928,106.0483,-176.1684,22.543,0.1643,0.0989
1780080239440,1,12.00000015,Lower Delivery,Loading,pitch.0,772751,0.0832,-0.0571,0.1434,0.0341,0.0218,0.008,0.0,0.0
1780080239440,1,12.00000018,Upper Delivery,Loading,pitch.0,774039,-0.0131,-0.1533,0.0796,-0.0884,-0.0304,-0.0012,0.0,0.0
1780080239440,1,Pitching Mound.Delivery,,Loading,pitch.0,772127,0.0701,-0.2104,0.223,-0.0325,-0.0086,-0.0259,0.0,0.0
1780080239440,1,Pitching Mound.Drive,,Loading,pitch.0,773231,-1.9687,12.8304,109.8928,106.0483,-176.1684,22.543,0.1643,0.0989
1780080239440,1,Pitching Mound.Parent,,Loading,pitch.0,771383,-1.8987,12.62,110.1158,106.0158,-176.177,22.517,0.164,0.0989
1780080239441,1,11.0000004b,Drive,Loading,pitch.0,773232,-1.9658,12.8173,109.8193,106.0052,-176.0967,22.5327,0.1644,0.0989
1780080239441,1,12.00000015,Lower Delivery,Loading,pitch.0,772752,0.0862,-0.0658,0.1732,0.0281,0.0084,0.0078,0.0,0.0
1780080239441,1,12.00000018,Upper Delivery,Loading,pitch.0,774040,-0.0153,-0.1524,0.0767,-0.0884,-0.0304,-0.0012,0.0,0.0
1780080239441,1,Pitching Mound.Delivery,,Loading,pitch.0,772128,0.0708,-0.2183,0.2499,-0.0274,-0.022,-0.0279,0.0,0.0
1780080239441,1,Pitching Mound.Drive,,Loading,pitch.0,773232,-1.9658,12.8173,109.8193,106.0052,-176.0967,22.5327,0.1644,0.0989
1780080239441,1,Pitching Mound.Parent,,Loading,pitch.0,771384,-1.895,12.5991,110.0692,105.9778,-176.1187,22.5049,0.164,0.099
1780080239442,1,11.0000004b,Drive,Loading,pitch.0,773233,-1.9782,12.8014,109.8935,105.9193,-176.0773,22.5041,0.1642,0.0988
1780080239442,1,12.00000015,Lower Delivery,Loading,pitch.0,772753,0.1079,-0.0855,0.2018,0.0497,0.0134,0.0073,0.0,0.0
1780080239442,1,12.00000018,Upper Delivery,Loading,pitch.0,774041,0.0383,-0.2039,0.1751,-0.0884,-0.0304,-0.0012,0.0,0.0
1780080239442,1,Pitching Mound.Delivery,,Loading,pitch.0,772129,0.1462,-0.2895,0.3769,-0.0296,-0.017,-0.0176,0.0,0.0
1780080239442,1,Pitching Mound.Drive,,Loading,pitch.0,773233,-1.9782,12.8014,109.8935,105.9193,-176.0773,22.5041,0.1642,0.0988
1780080239442,1,Pitching Mound.Parent,,Loading,pitch.0,771385,-1.832,12.512,110.2704,105.8898,-176.0942,22.4865,0.1637,0.0985
1780080239443,1,11.0000004b,Drive,Loading,pitch.0,773234,-1.9936,12.803,109.686,105.9053,-175.9534,22.4695,0.1644,0.099
1780080239443,1,12.00000015,Lower Delivery,Loading,pitch.0,772754,0.0973,-0.0601,0.1475,0.037,0.0055,0.0068,0.0,0.0
1780080239443,1,12.00000018,Upper Delivery,Loading,pitch.0,774042,0.0042,-0.1823,0.1107,-0.0884,-0.0304,-0.0012,0.0,0.0
1780080239443,1,Pitching Mound.Delivery,,Loading,pitch.0,772130,0.1015,-0.2424,0.2582,-0.0389,-0.0249,-0.026,0.0,0.0
1780080239443,1,Pitching Mound.Drive,,Loading,pitch.0,773234,-1.9936,12.803,109.686,105.9053,-175.9534,22.4695,0.1644,0.099
1780080239443,1,Pitching Mound.Parent,,Loading,pitch.0,771386,-1.8922,12.5606,109.9442,105.8664,-175.9783,22.4434,0.164,0.0988
1780080239444,1,11.0000004b,Drive,Loading,pitch.0,773235,-2.0052,12.809,109.7184,105.8515,-176.0068,22.4242,0.1644,0.0989
1780080239444,1,12.00000015,Lower Delivery,Loading,pitch.0,772755,0.1107,-0.0507,0.1706,0.0375,0.0072,0.0089,0.0,0.0
1780080239444,1,12.00000018,Upper Delivery,Loading,pitch.0,774043,0.016,-0.1806,0.1382,-0.0884,-0.0304,-0.0012,0.0,0.0
1780080239444,1,Pitching Mound.Delivery,,Loading,pitch.0,772131,0.1267,-0.2313,0.3089,-0.0398,-0.0232,-0.0245,0.0,0.0
1780080239444,1,Pitching Mound.Drive,,Loading,pitch.0,773235,-2.0052,12.809,109.7184,105.8515,-176.0068,22.4242,0.1644,0.0989
1780080239444,1,Pitching Mound.Parent,,Loading,pitch.0,771387,-1.8785,12.5777,110.0273,105.8117,-176.03,22.3997,0.164,0.0987
1780080239445,1,11.0000004b,Drive,Loading,pitch.0,773236,-2.0345,12.8024,109.7815,105.8727,-175.9992,22.3861,0.1643,0.0988
1780080239445,1,12.00000015,Lower Delivery,Loading,pitch.0,772756,0.1261,-0.0795,0.1918,0.0319,0.0063,0.0074,0.0,0.0
1780080239445,1,12.00000018,Upper Delivery,Loading,pitch.0,774044,0.0011,-0.1634,0.1049,-0.0884,-0.0304,-0.0012,0.0,0.0
1780080239445,1,Pitching Mound.Delivery,,Loading,pitch.0,772132,0.1272,-0.2429,0.2967,-0.0269,-0.0241,-0.0363,0.0,0.0
1780080239445,1,Pitching Mound.Drive,,Loading,pitch.0,773236,-2.0345,12.8024,109.7815,105.8727,-175.9992,22.3861,0.1643,0.0988
1780080239445,1,Pitching Mound.Parent,,Loading,pitch.0,771388,-1.9073,12.5595,110.0781,105.8458,-176.0233,22.3498,0.1639,0.0988
1780080239446,1,11.0000004b,Drive,Loading,pitch.0,773237,-2.046,12.7962,109.7223,105.7394,-175.924,22.3556,0.1643,0.0988
1780080239446,1,12.00000015,Lower Delivery,Loading,pitch.0,772757,0.1214,-0.0647,0.1616,0.03,0.0022,0.0088,0.0,0.0
1780080239446,1,12.00000018,Upper Delivery,Loading,pitch.0,774045,0.0004,-0.1592,0.1006,-0.0884,-0.0304,-0.0012,0.0,0.0
1780080239446,1,Pitching Mound.Delivery,,Loading,pitch.0,772133,0.1218,-0.2239,0.2621,-0.0376,-0.0281,-0.0336,0.0,0.0
1780080239446,1,Pitching Mound.Drive,,Loading,pitch.0,773237,-2.046,12.7962,109.7223,105.7394,-175.924,22.3556,0.1643,0.0988
1780080239446,1,Pitching Mound.Parent,,Loading,pitch.0,771389,-1.9242,12.5723,109.9845,105.7018,-175.9521,22.322,0.1639,0.0987
1780080239447,1,11.0000004b,Drive,Loading,pitch.0,773238,-2.0624,12.7972,109.6004,105.6331,-175.8173,22.2841,0.1644,0.0988
1780080239447,1,11.0000004b,Drive,Loading,pitch.0,773239,-2.0653,12.7936,109.4422,105.5043,-175.7063,22.2465,0.1646,0.0988
1780080239447,1,12.00000015,Lower Delivery,Loading,pitch.0,772758,0.1296,-0.0749,0.1515,0.0223,-0.0076,0.0063,0.0,0.0
1780080239447,1,12.00000018,Upper Delivery,Loading,pitch.0,774046,0.0745,-0.2144,0.2474,-0.0884,-0.0304,-0.0012,0.0,0.0
1780080239447,1,Pitching Mound.Delivery,,Loading,pitch.0,772134,0.2041,-0.2892,0.3989,-0.0987,-0.038,-0.0136,0.0,0.0
1780080239447,1,Pitching Mound.Drive,,Loading,pitch.0,773238,-2.0624,12.7972,109.6004,105.6331,-175.8173,22.2841,0.1644,0.0988
1780080239447,1,Pitching Mound.Drive,,Loading,pitch.0,773239,-2.0653,12.7936,109.4422,105.5043,-175.7063,22.2465,0.1646,0.0988
1780080239447,1,Pitching Mound.Parent,,Loading,pitch.0,771390,-1.8583,12.508,109.9993,105.5344,-175.8553,22.2705,0.1638,0.0981
1780080239448,1,12.00000015,Lower Delivery,Loading,pitch.0,772759,0.1438,-0.0898,0.1677,0.0407,-0.0042,0.0068,0.0,0.0
1780080239448,1,12.00000018,Upper Delivery,Loading,pitch.0,774047,0.0383,-0.188,0.1614,-0.0884,-0.0304,-0.0012,0.0,0.0
1780080239448,1,Pitching Mound.Delivery,,Loading,pitch.0,772135,0.1821,-0.2778,0.3291,-0.0455,-0.0346,-0.0303,0.0,0.0
1780080239448,1,Pitching Mound.Parent,,Loading,pitch.0,771391,-1.8831,12.5158,109.7713,105.4588,-175.7408,22.2162,0.1641,0.0985
1780080239449,1,11.0000004b,Drive,Loading,pitch.0,773240,-2.0783,12.7715,109.5758,105.4194,-175.7014,22.1937,0.1643,0.0986
1780080239449,1,11.0000004b,Drive,Loading,pitch.0,773241,-2.0741,12.7549,109.4412,105.3505,-175.5115,22.1656,0.1644,0.0987
1780080239449,1,12.00000015,Lower Delivery,Loading,pitch.0,772760,0.1578,-0.0986,0.1904,0.033,-0.0078,0.0099,0.0,0.0
1780080239449,1,12.00000018,Upper Delivery,Loading,pitch.0,774048,0.0156,-0.168,0.1446,-0.0884,-0.0304,-0.0012,0.0,0.0
1780080239449,1,Pitching Mound.Delivery,,Loading,pitch.0,772136,0.1734,-0.2666,0.3349,-0.0398,-0.0382,-0.0396,0.0,0.0
1780080239449,1,Pitching Mound.Drive,,Loading,pitch.0,773240,-2.0783,12.7715,109.5758,105.4194,-175.7014,22.1937,0.1643,0.0986
1780080239449,1,Pitching Mound.Drive,,Loading,pitch.0,773241,-2.0741,12.7549,109.4412,105.3505,-175.5115,22.1656,0.1644,0.0987
1780080239449,1,Pitching Mound.Parent,,Loading,pitch.0,771392,-1.9049,12.5048,109.9107,105.3796,-175.7396,22.1541,0.1638,0.0984
1780080239450,1,12.00000015,Lower Delivery,Loading,pitch.0,772761,0.1931,-0.1288,0.2265,0.0444,-0.0138,0.009,0.0,0.0
1780080239450,1,12.00000018,Upper Delivery,Loading,pitch.0,774049,0.0768,-0.231,0.2799,-0.0884,-0.0304,-0.0012,0.0,0.0
1780080239450,1,Pitching Mound.Delivery,,Loading,pitch.0,772137,0.2698,-0.3598,0.5064,-0.0622,-0.0442,-0.0317,0.0,0.0
1780080239450,1,Pitching Mound.Parent,,Loading,pitch.0,771393,-1.8042,12.3951,109.9476,105.2883,-175.5557,22.1339,0.1636,0.098
1780080239451,1,11.0000004b,Drive,Loading,pitch.0,773242,-2.0833,12.7408,109.4401,105.3354,-175.4182,22.1309,0.1643,0.0987
1780080239451,1,12.00000015,Lower Delivery,Loading,pitch.0,772762,0.1962,-0.1272,0.2138,0.0465,-0.0218,0.0082,0.0,0.0
1780080239451,1,12.00000018,Upper Delivery,Loading,pitch.0,774050,0.0755,-0.228,0.2624,-0.0884,-0.0304,-0.0012,0.0,0.0
1780080239451,1,Pitching Mound.Delivery,,Loading,pitch.0,772138,0.2717,-0.3552,0.4762,-0.0584,-0.0522,-0.0341,0.0,0.0
1780080239451,1,Pitching Mound.Drive,,Loading,pitch.0,773242,-2.0833,12.7408,109.4401,105.3354,-175.4182,22.1309,0.1643,0.0987
1780080239451,1,Pitching Mound.Parent,,Loading,pitch.0,771394,-1.8116,12.3857,109.9164,105.277,-175.4703,22.0968,0.1636,0.0981
1780080239452,1,11.0000004b,Drive,Loading,pitch.0,773244,-2.1056,12.7166,109.3344,105.2578,-175.0357,22.0757,0.1641,0.0987
1780080239452,1,11.0000004b,Drive,Loading,pitch.0,773243,-2.0952,12.7359,109.3891,105.2861,-175.2606,22.0855,0.1642,0.0987
1780080239452,1,12.00000015,Lower Delivery,Loading,pitch.0,772763,0.2011,-0.1485,0.2531,0.0541,-0.0132,0.0061,0.0,0.0
1780080239452,1,12.00000018,Upper Delivery,Loading,pitch.0,774051,0.0332,-0.179,0.1499,-0.0884,-0.0304,-0.0012,0.0,0.0
1780080239452,1,Pitching Mound.Delivery,,Loading,pitch.0,772139,0.2343,-0.3275,0.4031,0.0008,-0.0435,-0.0522,0.0,0.0
1780080239452,1,Pitching Mound.Drive,,Loading,pitch.0,773244,-2.1056,12.7166,109.3344,105.2578,-175.0357,22.0757,0.1641,0.0987
1780080239452,1,Pitching Mound.Drive,,Loading,pitch.0,773243,-2.0952,12.7359,109.3891,105.2861,-175.2606,22.0855,0.1642,0.0987
1780080239452,1,Pitching Mound.Parent,,Loading,pitch.0,771395,-1.8609,12.4084,109.7921,105.2869,-175.3042,22.0333,0.1636,0.0986
1780080239453,1,12.00000015,Lower Delivery,Loading,pitch.0,772764,0.1874,-0.1585,0.2649,0.0456,-0.0084,0.0078,0.0,0.0
1780080239453,1,12.00000018,Upper Delivery,Loading,pitch.0,774052,0.0632,-0.2226,0.2133,-0.0884,-0.0304,-0.0012,0.0,0.0
1780080239453,1,Pitching Mound.Delivery,,Loading,pitch.0,772140,0.2506,-0.381,0.4783,-0.0252,-0.0388,-0.0356,0.0,0.0
1780080239453,1,Pitching Mound.Parent,,Loading,pitch.0,771396,-1.855,12.3356,109.8127,105.2326,-175.0744,22.0401,0.1634,0.0984
1780080239454,1,11.0000004b,Drive,Loading,pitch.0,773246,-2.1005,12.6716,109.2191,104.983,-174.9684,21.9669,0.1642,0.0985
1780080239454,1,11.0000004b,Drive,Loading,pitch.0,773245,-2.1038,12.7003,109.367,105.1706,-175.0909,22.0096,0.1641,0.0986
1780080239454,1,12.00000015,Lower Delivery,Loading,pitch.0,772765,0.1919,-0.1517,0.2642,0.0432,-0.0097,0.0107,0.0,0.0
1780080239454,1,12.00000018,Upper Delivery,Loading,pitch.0,774053,0.0442,-0.2126,0.1799,-0.0884,-0.0304,-0.0012,0.0,0.0
1780080239454,1,Pitching Mound.Delivery,,Loading,pitch.0,772141,0.2361,-0.3643,0.4441,-0.0165,-0.0401,-0.0407,0.0,0.0
1780080239454,1,Pitching Mound.Drive,,Loading,pitch.0,773246,-2.1005,12.6716,109.2191,104.983,-174.9684,21.9669,0.1642,0.0985
1780080239454,1,Pitching Mound.Drive,,Loading,pitch.0,773245,-2.1038,12.7003,109.367,105.1706,-175.0909,22.0096,0.1641,0.0986
1780080239454,1,Pitching Mound.Parent,,Loading,pitch.0,771397,-1.8678,12.336,109.8111,105.1541,-175.1309,21.9689,0.1634,0.0984
1780080239455,1,11.0000004b,Drive,Loading,pitch.0,773247,-2.1009,12.6698,109.0785,104.9248,-174.8885,21.9457,0.1643,0.0986
1780080239455,1,12.00000015,Lower Delivery,Loading,pitch.0,772766,0.1985,-0.1613,0.2827,0.0263,-0.0184,0.0108,0.0,0.0
1780080239455,1,12.00000018,Upper Delivery,Loading,pitch.0,774054,0.0558,-0.2239,0.2356,-0.0884,-0.0304,-0.0012,0.0,0.0
1780080239455,1,Pitching Mound.Delivery,,Loading,pitch.0,772142,0.2542,-0.3852,0.5182,-0.0461,-0.0488,-0.0389,0.0,0.0
1780080239455,1,Pitching Mound.Drive,,Loading,pitch.0,773247,-2.1009,12.6698,109.0785,104.9248,-174.8885,21.9457,0.1643,0.0986
1780080239455,1,Pitching Mound.Parent,,Loading,pitch.0,771398,-1.8462,12.2864,109.7373,104.9369,-175.0172,21.928,0.1634,0.0982
1780080239456,1,12.00000015,Lower Delivery,Loading,pitch.0,772767,0.1793,-0.1671,0.2395,-0.0026,-0.0249,0.0067,0.0,0.0
1780080239456,1,12.00000018,Upper Delivery,Loading,pitch.0,774055,0.0781,-0.2558,0.3261,-0.0884,-0.0304,-0.0012,0.0,0.0
1780080239456,1,Pitching Mound.Delivery,,Loading,pitch.0,772143,0.2575,-0.4228,0.5656,-0.1204,-0.0553,-0.0289,0.0,0.0
1780080239456,1,Pitching Mound.Parent,,Loading,pitch.0,771399,-1.8434,12.247,109.6442,104.8044,-174.9438,21.9168,0.1635,0.0978
1780080239457,1,11.0000004b,Drive,Loading,pitch.0,773248,-2.1108,12.6541,109.0629,104.8244,-174.8619,21.8817,0.1643,0.0985
1780080239457,1,11.0000004b,Drive,Loading,pitch.0,773249,-2.1134,12.6271,108.9771,104.7063,-174.7767,21.8802,0.1644,0.0985
1780080239457,1,12.00000015,Lower Delivery,Loading,pitch.0,772768,0.1491,-0.1631,0.1895,-0.0046,-0.0195,0.0071,0.0,0.0
1780080239457,1,12.00000018,Upper Delivery,Loading,pitch.0,774056,0.0735,-0.2503,0.3517,-0.0884,-0.0304,-0.0012,0.0,0.0
1780080239457,1,Pitching Mound.Delivery,,Loading,pitch.0,772144,0.2226,-0.4134,0.5412,-0.1482,-0.0498,-0.0198,0.0,0.0
1780080239457,1,Pitching Mound.Drive,,Loading,pitch.0,773248,-2.1108,12.6541,109.0629,104.8244,-174.8619,21.8817,0.1643,0.0985
1780080239457,1,Pitching Mound.Drive,,Loading,pitch.0,773249,-2.1134,12.6271,108.9771,104.7063,-174.7767,21.8802,0.1644,0.0985
1780080239457,1,Pitching Mound.Parent,,Loading,pitch.0,771400,-1.8882,12.2407,109.6041,104.6763,-174.9117,21.8619,0.1635,0.0975
1780080239458,1,11.0000004b,Drive,Loading,pitch.0,773250,-2.1158,12.6152,108.942,104.5986,-174.6823,21.8366,0.1643,0.0984
1780080239458,1,12.00000015,Lower Delivery,Loading,pitch.0,772769,0.1296,-0.1786,0.1603,-0.0095,-0.019,0.0044,0.0,0.0
1780080239458,1,12.00000018,Upper Delivery,Loading,pitch.0,774057,0.075,-0.258,0.3606,-0.0884,-0.0304,-0.0012,0.0,0.0
1780080239458,1,Pitching Mound.Delivery,,Loading,pitch.0,772145,0.2046,-0.4367,0.5208,-0.166,-0.0494,-0.0154,0.0,0.0
1780080239458,1,Pitching Mound.Drive,,Loading,pitch.0,773250,-2.1158,12.6152,108.942,104.5986,-174.6823,21.8366,0.1643,0.0984
1780080239458,1,Pitching Mound.Parent,,Loading,pitch.0,771401,-1.9088,12.1904,109.4979,104.5404,-174.8261,21.8648,0.1636,0.0974
1780080239459,1,11.0000004b,Drive,Loading,pitch.0,773251,-2.1277,12.6036,108.6939,104.4485,-174.5071,21.7835,0.1646,0.0985
1780080239459,1,12.00000015,Lower Delivery,Loading,pitch.0,772770,0.101,-0.1678,0.1549,-0.0179,-0.0245,0.0012,0.0,0.0
1780080239459,1,12.00000018,Upper Delivery,Loading,pitch.0,774058,0.1212,-0.2831,0.6106,-0.0884,-0.0304,-0.0012,0.0,0.0
1780080239459,1,Pitching Mound.Delivery,,Loading,pitch.0,772146,0.2222,-0.4509,0.7655,-0.2612,-0.0549,0.0068,0.0,0.0
1780080239459,1,Pitching Mound.Drive,,Loading,pitch.0,773251,-2.1277,12.6036,108.6939,104.4485,-174.5071,21.7835,0.1646,0.0985
1780080239459,1,Pitching Mound.Parent,,Loading,pitch.0,771402,-1.8936,12.1643,109.7075,104.3374,-174.7372,21.8434,0.1632,0.0963
1780080239460,1,11.0000004b,Drive,Loading,pitch.0,773252,-2.1201,12.5941,108.5849,104.3065,-174.3781,21.7329,0.1646,0.0985
1780080239460,1,12.00000015,Lower Delivery,Loading,pitch.0,772771,0.0894,-0.1585,0.1294,-0.0272,-0.0271,-0.0011,0.0,0.0
1780080239460,1,12.00000018,Upper Delivery,Loading,pitch.0,774059,0.0924,-0.2648,0.4244,-0.0884,-0.0304,-0.0012,0.0,0.0
1780080239460,1,Pitching Mound.Delivery,,Loading,pitch.0,772147,0.1818,-0.4233,0.5538,-0.2159,-0.0575,-0.0012,0.0,0.0
1780080239460,1,Pitching Mound.Drive,,Loading,pitch.0,773252,-2.1201,12.5941,108.5849,104.3065,-174.3781,21.7329,0.1646,0.0985
1780080239460,1,Pitching Mound.Parent,,Loading,pitch.0,771403,-1.9459,12.1803,109.2477,104.2326,-174.5646,21.7823,0.1637,0.0971
1780080239461,1,11.0000004b,Drive,Loading,pitch.0,773253,-2.1186,12.5817,108.4057,104.1526,-174.1409,21.6471,0.1646,0.0985
1780080239461,1,12.00000015,Lower Delivery,Loading,pitch.0,772772,0.0683,-0.1328,0.0922,-0.0436,-0.0265,0.0002,0.0,0.0
1780080239461,1,12.00000018,Upper Delivery,Loading,pitch.0,774060,0.0834,-0.2446,0.4045,-0.0884,-0.0304,-0.0012,0.0,0.0
1780080239461,1,Pitching Mound.Delivery,,Loading,pitch.0,772148,0.1517,-0.3774,0.4967,-0.2381,-0.0568,0.0041,0.0,0.0
1780080239461,1,Pitching Mound.Drive,,Loading,pitch.0,773253,-2.1186,12.5817,108.4057,104.1526,-174.1409,21.6471,0.1646,0.0985
1780080239461,1,Pitching Mound.Parent,,Loading,pitch.0,771404,-1.9685,12.2167,109.0815,104.0684,-174.4349,21.737,0.1638,0.097
1780080239462,1,11.0000004b,Drive,Loading,pitch.0,773254,-2.1401,12.5741,108.2885,103.9968,-174.0364,21.5873,0.1647,0.0984
1780080239462,1,12.00000015,Lower Delivery,Loading,pitch.0,772773,0.0694,-0.1395,0.0895,-0.0438,-0.0249,-0.0018,0.0,0.0
1780080239462,1,12.00000018,Upper Delivery,Loading,pitch.0,774061,0.0738,-0.23,0.354,-0.0884,-0.0304,-0.0012,0.0,0.0
1780080239462,1,Pitching Mound.Delivery,,Loading,pitch.0,772149,0.1432,-0.3695,0.4435,-0.2221,-0.0553,-0.0015,0.0,0.0
1780080239462,1,Pitching Mound.Drive,,Loading,pitch.0,773254,-2.1401,12.5741,108.2885,103.9968,-174.0364,21.5873,0.1647,0.0984
1780080239462,1,Pitching Mound.Parent,,Loading,pitch.0,771405,-1.9969,12.2046,108.732,103.7747,-174.0917,21.5859,0.1641,0.0972
1780080239463,1,11.0000004b,Drive,Loading,pitch.0,773255,-2.1487,12.566,108.0716,103.883,-173.7655,21.5722,0.1648,0.0985
1780080239463,1,12.00000015,Lower Delivery,Loading,pitch.0,772774,0.082,-0.1415,0.1084,-0.0447,-0.0218,0.0004,0.0,0.0
1780080239463,1,12.00000018,Upper Delivery,Loading,pitch.0,774062,0.078,-0.2398,0.3684,-0.0884,-0.0304,-0.0012,0.0,0.0
1780080239463,1,Pitching Mound.Delivery,,Loading,pitch.0,772150,0.16,-0.3813,0.4768,-0.2214,-0.0522,-0.0022,0.0,0.0
1780080239463,1,Pitching Mound.Drive,,Loading,pitch.0,773255,-2.1487,12.566,108.0716,103.883,-173.7655,21.5722,0.1648,0.0985
1780080239463,1,Pitching Mound.Parent,,Loading,pitch.0,771406,-1.9887,12.1847,108.5484,103.6615,-173.8177,21.57,0.1641,0.0973
1780080239464,1,11.0000004b,Drive,Loading,pitch.0,773256,-2.1554,12.5575,107.9422,103.8022,-173.5031,21.5112,0.1647,0.0986
1780080239464,1,12.00000015,Lower Delivery,Loading,pitch.0,772775,0.0844,-0.1338,0.1241,-0.0426,-0.0263,0.0014,0.0,0.0
1780080239464,1,12.00000018,Upper Delivery,Loading,pitch.0,774063,0.0679,-0.2295,0.3559,-0.0884,-0.0304,-0.0012,0.0,0.0
1780080239464,1,Pitching Mound.Delivery,,Loading,pitch.0,772151,0.1523,-0.3634,0.48,-0.2098,-0.0566,-0.0054,0.0,0.0
1780080239464,1,Pitching Mound.Drive,,Loading,pitch.0,773256,-2.1554,12.5575,107.9422,103.8022,-173.5031,21.5112,0.1647,0.0986
1780080239464,1,Pitching Mound.Parent,,Loading,pitch.0,771407,-2.0031,12.1942,108.4223,103.5924,-173.5597,21.5058,0.164,0.0974
1780080239465,1,11.0000004b,Drive,Loading,pitch.0,773257,-2.1678,12.5569,107.9071,103.7066,-173.3112,21.4855,0.1646,0.0985
1780080239465,1,12.00000015,Lower Delivery,Loading,pitch.0,772776,0.1011,-0.1372,0.1449,-0.0308,-0.0285,-0.0014,0.0,0.0
1780080239465,1,12.00000018,Upper Delivery,Loading,pitch.0,774064,0.0498,-0.2069,0.2904,-0.0884,-0.0304,-0.0012,0.0,0.0
1780080239465,1,Pitching Mound.Delivery,,Loading,pitch.0,772152,0.1509,-0.3441,0.4353,-0.1686,-0.0589,-0.0201,0.0,0.0
1780080239465,1,Pitching Mound.Drive,,Loading,pitch.0,773257,-2.1678,12.5569,107.9071,103.7066,-173.3112,21.4855,0.1646,0.0985
1780080239465,1,Pitching Mound.Parent,,Loading,pitch.0,771408,-2.0169,12.2128,108.3423,103.5381,-173.3701,21.4654,0.164,0.0977
1780080239466,1,11.0000004b,Drive,Loading,pitch.0,773258,-2.1744,12.5605,107.8105,103.5893,-173.1421,21.4202,0.1646,0.0985
1780080239466,1,12.00000015,Lower Delivery,Loading,pitch.0,772777,0.1173,-0.1506,0.1871,-0.0262,-0.0241,0.0004,0.0,0.0
1780080239466,1,12.00000018,Upper Delivery,Loading,pitch.0,774065,0.0253,-0.1776,0.2004,-0.0884,-0.0304,-0.0012,0.0,0.0
1780080239466,1,Pitching Mound.Delivery,,Loading,pitch.0,772153,0.1426,-0.3282,0.3874,-0.119,-0.0545,-0.0321,0.0,0.0
1780080239466,1,Pitching Mound.Drive,,Loading,pitch.0,773258,-2.1744,12.5605,107.8105,103.5893,-173.1421,21.4202,0.1646,0.0985
1780080239466,1,Pitching Mound.Parent,,Loading,pitch.0,771409,-2.0318,12.2324,108.198,103.4702,-173.1965,21.3881,0.164,0.0981
1780080239467,1,11.0000004b,Drive,Loading,pitch.0,773259,-2.1716,12.5484,107.7101,103.4266,-172.9327,21.3683,0.1646,0.0984
1780080239467,1,12.00000015,Lower Delivery,Loading,pitch.0,772778,0.152,-0.1461,0.2181,-0.0126,-0.0286,0.0052,0.0,0.0
1780080239467,1,12.00000018,Upper Delivery,Loading,pitch.0,774066,0.0373,-0.1748,0.1725,-0.0884,-0.0304,-0.0012,0.0,0.0
1780080239467,1,Pitching Mound.Delivery,,Loading,pitch.0,772154,0.1893,-0.3209,0.3906,-0.0854,-0.059,-0.035,0.0,0.0
1780080239467,1,Pitching Mound.Drive,,Loading,pitch.0,773259,-2.1716,12.5484,107.7101,103.4266,-172.9327,21.3683,0.1646,0.0984
1780080239467,1,Pitching Mound.Parent,,Loading,pitch.0,771410,-1.9823,12.2274,108.1007,103.3411,-172.9917,21.3333,0.164,0.0982
1780080239468,1,11.0000004b,Drive,Loading,pitch.0,773260,-2.1673,12.5542,107.6113,103.2678,-172.7271,21.3318,0.1645,0.0984
1780080239468,1,12.00000015,Lower Delivery,Loading,pitch.0,772779,0.1443,-0.1206,0.2261,-0.0185,-0.0243,0.0078,0.0,0.0
1780080239468,1,12.00000018,Upper Delivery,Loading,pitch.0,774067,0.0572,-0.1907,0.2221,-0.0884,-0.0304,-0.0012,0.0,0.0
1780080239468,1,Pitching Mound.Delivery,,Loading,pitch.0,772155,0.2014,-0.3113,0.4482,-0.1055,-0.0547,-0.023,0.0,0.0
1780080239468,1,Pitching Mound.Drive,,Loading,pitch.0,773260,-2.1673,12.5542,107.6113,103.2678,-172.7271,21.3318,0.1645,0.0984
1780080239468,1,Pitching Mound.Parent,,Loading,pitch.0,771411,-1.9659,12.2428,108.0594,103.1624,-172.7818,21.3088,0.1638,0.098
1780080239469,1,11.0000004b,Drive,Loading,pitch.0,773261,-2.1625,12.5554,107.5373,103.1757,-172.5743,21.3156,0.1645,0.0983
1780080239469,1,12.00000015,Lower Delivery,Loading,pitch.0,772780,0.1664,-0.124,0.2534,-0.0236,-0.018,0.0089,0.0,0.0
1780080239469,1,12.00000018,Upper Delivery,Loading,pitch.0,774068,0.0146,-0.1447,0.133,-0.0884,-0.0304,-0.0012,0.0,0.0
1780080239469,1,Pitching Mound.Delivery,,Loading,pitch.0,772156,0.181,-0.2688,0.3864,-0.0711,-0.0483,-0.0439,0.0,0.0
1780080239469,1,Pitching Mound.Drive,,Loading,pitch.0,773261,-2.1625,12.5554,107.5373,103.1757,-172.5743,21.3156,0.1645,0.0983
1780080239469,1,Pitching Mound.Parent,,Loading,pitch.0,771412,-1.9816,12.2866,107.9237,103.1046,-172.6226,21.2717,0.1639,0.0984
1780080239470,1,11.0000004b,Drive,Loading,pitch.0,773262,-2.1591,12.5548,107.4201,103.0684,-172.3808,21.2631,0.1645,0.0983
1780080239470,1,12.00000015,Lower Delivery,Loading,pitch.0,772781,0.1902,-0.1341,0.2737,-0.0148,-0.0098,0.0085,0.0,0.0
1780080239470,1,12.00000018,Upper Delivery,Loading,pitch.0,774069,-0.002,-0.1388,0.1088,-0.0884,-0.0304,-0.0012,0.0,0.0
1780080239470,1,Pitching Mound.Delivery,,Loading,pitch.0,772157,0.1882,-0.2729,0.3824,-0.0471,-0.0402,-0.058,0.0,0.0
1780080239470,1,Pitching Mound.Drive,,Loading,pitch.0,773262,-2.1591,12.5548,107.4201,103.0684,-172.3808,21.2631,0.1645,0.0983
1780080239470,1,Pitching Mound.Parent,,Loading,pitch.0,771413,-1.9709,12.2818,107.8025,103.0213,-172.421,21.2051,0.1639,0.0985
1780080239471,1,11.0000004b,Drive,Loading,pitch.0,773263,-2.1608,12.5579,107.2572,102.9324,-172.2301,21.2378,0.1646,0.0984
1780080239471,1,12.00000015,Lower Delivery,Loading,pitch.0,772782,0.1794,-0.1283,0.2748,-0.0191,-0.0094,0.0058,0.0,0.0
1780080239471,1,12.00000018,Upper Delivery,Loading,pitch.0,774070,0.0364,-0.1813,0.2141,-0.0884,-0.0304,-0.0012,0.0,0.0
1780080239471,1,Pitching Mound.Delivery,,Loading,pitch.0,772158,0.2158,-0.3096,0.4889,-0.0868,-0.0398,-0.044,0.0,0.0
1780080239471,1,Pitching Mound.Drive,,Loading,pitch.0,773263,-2.1608,12.5579,107.2572,102.9324,-172.2301,21.2378,0.1646,0.0984
1780080239471,1,Pitching Mound.Parent,,Loading,pitch.0,771414,-1.9451,12.2483,107.7462,102.8455,-172.2699,21.1937,0.1638,0.0981
1780080239472,1,11.0000004b,Drive,Loading,pitch.0,773264,-2.1675,12.5568,107.093,102.7509,-172.0305,21.2013,0.1646,0.0983
1780080239472,1,12.00000015,Lower Delivery,Loading,pitch.0,772783,0.1806,-0.137,0.2701,-0.0262,-0.0181,0.003,0.0,0.0
1780080239472,1,12.00000018,Upper Delivery,Loading,pitch.0,774071,0.039,-0.2019,0.2682,-0.0884,-0.0304,-0.0012,0.0,0.0
1780080239472,1,Pitching Mound.Delivery,,Loading,pitch.0,772159,0.2195,-0.3389,0.5383,-0.114,-0.0485,-0.0464,0.0,0.0
1780080239472,1,Pitching Mound.Drive,,Loading,pitch.0,773264,-2.1675,12.5568,107.093,102.7509,-172.0305,21.2013,0.1646,0.0983
1780080239472,1,Pitching Mound.Parent,,Loading,pitch.0,771415,-1.9479,12.2179,107.6313,102.637,-172.079,21.1549,0.1638,0.0979
1780080239473,1,11.0000004b,Drive,Loading,pitch.0,773265,-2.1589,12.541,107.0005,102.5966,-171.9676,21.177,0.1647,0.0983
1780080239473,1,12.00000015,Lower Delivery,Loading,pitch.0,772784,0.1884,-0.1388,0.2669,-0.027,-0.0185,0.0028,0.0,0.0
1780080239473,1,12.00000018,Upper Delivery,Loading,pitch.0,774072,0.0034,-0.1698,0.1719,-0.0884,-0.0304,-0.0012,0.0,0.0
1780080239473,1,Pitching Mound.Delivery,,Loading,pitch.0,772160,0.1918,-0.3086,0.4388,-0.0831,-0.0489,-0.0613,0.0,0.0
1780080239473,1,Pitching Mound.Drive,,Loading,pitch.0,773265,-2.1589,12.541,107.0005,102.5966,-171.9676,21.177,0.1647,0.0983
1780080239473,1,Pitching Mound.Parent,,Loading,pitch.0,771416,-1.9671,12.2324,107.4392,102.5136,-172.0165,21.1157,0.1641,0.0982
1780080239474,1,11.0000004b,Drive,Loading,pitch.0,773266,-2.1468,12.5409,106.7881,102.4886,-171.7751,21.1499,0.1649,0.0984
1780080239474,1,12.00000015,Lower Delivery,Loading,pitch.0,772785,0.1692,-0.1483,0.2728,-0.0343,-0.016,0.0018,0.0,0.0
1780080239474,1,12.00000018,Upper Delivery,Loading,pitch.0,774073,0.0404,-0.2094,0.2727,-0.0884,-0.0304,-0.0012,0.0,0.0
1780080239474,1,Pitching Mound.Delivery,,Loading,pitch.0,772161,0.2096,-0.3577,0.5455,-0.1227,-0.0464,-0.0432,0.0,0.0
1780080239474,1,Pitching Mound.Drive,,Loading,pitch.0,773266,-2.1468,12.5409,106.7881,102.4886,-171.7751,21.1499,0.1649,0.0984
1780080239474,1,Pitching Mound.Parent,,Loading,pitch.0,771417,-1.9372,12.1832,107.3336,102.3659,-171.8215,21.1067,0.164,0.0979
1780080239475,1,11.0000004b,Drive,Loading,pitch.0,773267,-2.1527,12.541,106.5759,102.2611,-171.6354,21.1226,0.1651,0.0983
1780080239475,1,12.00000015,Lower Delivery,Loading,pitch.0,772786,0.1541,-0.1532,0.257,-0.0365,-0.0158,0.0006,0.0,0.0
1780080239475,1,12.00000018,Upper Delivery,Loading,pitch.0,774074,0.0417,-0.207,0.2398,-0.0884,-0.0304,-0.0012,0.0,0.0
1780080239475,1,Pitching Mound.Delivery,,Loading,pitch.0,772162,0.1959,-0.3602,0.4967,-0.1191,-0.0462,-0.0388,0.0,0.0
1780080239475,1,Pitching Mound.Drive,,Loading,pitch.0,773267,-2.1527,12.541,106.5759,102.2611,-171.6354,21.1226,0.1651,0.0983
1780080239475,1,Pitching Mound.Parent,,Loading,pitch.0,771418,-1.9569,12.1808,107.0727,102.142,-171.6817,21.0838,0.1643,0.0979
1780080239476,1,11.0000004b,Drive,Loading,pitch.0,773268,-2.1621,12.5302,106.4476,102.0938,-171.6059,21.1075,0.1652,0.0983
1780080239476,1,12.00000015,Lower Delivery,Loading,pitch.0,772787,0.1293,-0.1474,0.2418,-0.0401,-0.0133,-0.0004,0.0,0.0
1780080239476,1,12.00000018,Upper Delivery,Loading,pitch.0,774075,0.0318,-0.1907,0.2477,-0.0884,-0.0304,-0.0012,0.0,0.0
1780080239476,1,Pitching Mound.Delivery,,Loading,pitch.0,772163,0.161,-0.3381,0.4895,-0.1305,-0.0437,-0.0348,0.0,0.0
1780080239476,1,Pitching Mound.Drive,,Loading,pitch.0,773268,-2.1621,12.5302,106.4476,102.0938,-171.6059,21.1075,0.1652,0.0983
1780080239476,1,Pitching Mound.Parent,,Loading,pitch.0,771419,-2.0011,12.1921,106.9371,101.9633,-171.6495,21.0727,0.1645,0.0978
1780080239477,1,11.0000004b,Drive,Loading,pitch.0,773269,-2.1741,12.514,106.3629,102.0004,-171.4903,21.0899,0.1653,0.0983
1780080239477,1,12.00000015,Lower Delivery,Loading,pitch.0,772788,0.1346,-0.1315,0.2233,-0.0475,-0.0235,-0.0004,0.0,0.0
1780080239477,1,12.00000018,Upper Delivery,Loading,pitch.0,774076,0.0167,-0.1887,0.223,-0.0884,-0.0304,-0.0012,0.0,0.0
1780080239477,1,Pitching Mound.Delivery,,Loading,pitch.0,772164,0.1512,-0.3202,0.4463,-0.1357,-0.0538,-0.0416,0.0,0.0
1780080239477,1,Pitching Mound.Drive,,Loading,pitch.0,773269,-2.1741,12.514,106.3629,102.0004,-171.4903,21.0899,0.1653,0.0983
1780080239477,1,Pitching Mound.Parent,,Loading,pitch.0,771420,-2.0229,12.1937,106.8092,101.8647,-171.5442,21.0482,0.1646,0.0979
1780080239478,1,11.0000004b,Drive,Loading,pitch.0,773270,-2.1673,12.5155,106.1165,101.7965,-171.3487,21.0426,0.1655,0.0983
1780080239478,1,12.00000015,Lower Delivery,Loading,pitch.0,772789,0.0765,-0.1242,0.1351,-0.0623,-0.0293,-0.0028,0.0,0.0
1780080239478,1,12.00000018,Upper Delivery,Loading,pitch.0,774077,0.001,-0.1845,0.2111,-0.0884,-0.0304,-0.0012,0.0,0.0
1780080239478,1,Pitching Mound.Delivery,,Loading,pitch.0,772165,0.0775,-0.3087,0.3462,-0.1765,-0.0597,-0.0296,0.0,0.0
1780080239478,1,Pitching Mound.Drive,,Loading,pitch.0,773270,-2.1673,12.5155,106.1165,101.7965,-171.3487,21.0426,0.1655,0.0983
1780080239478,1,Pitching Mound.Parent,,Loading,pitch.0,771421,-2.0898,12.2068,106.4627,101.62,-171.4084,21.013,0.165,0.0978
1780080239479,1,11.0000004b,Drive,Loading,pitch.0,773271,-2.1625,12.5021,106.0278,101.627,-171.35,21.027,0.1656,0.0982
1780080239479,1,12.00000015,Lower Delivery,Loading,pitch.0,772790,0.1051,-0.125,0.1769,-0.0656,-0.0287,0.0016,0.0,0.0
1780080239479,1,12.00000018,Upper Delivery,Loading,pitch.0,774078,0.0147,-0.1958,0.2706,-0.0884,-0.0304,-0.0012,0.0,0.0
1780080239479,1,Pitching Mound.Delivery,,Loading,pitch.0,772166,0.1198,-0.3208,0.4475,-0.1858,-0.0591,-0.0303,0.0,0.0
1780080239479,1,Pitching Mound.Drive,,Loading,pitch.0,773271,-2.1625,12.5021,106.0278,101.627,-171.35,21.027,0.1656,0.0982
1780080239479,1,Pitching Mound.Parent,,Loading,pitch.0,771422,-2.0427,12.1813,106.4753,101.4412,-171.409,20.9967,0.1649,0.0975
1780080239480,1,11.0000004b,Drive,Loading,pitch.0,773272,-2.1817,12.5071,106.0341,101.5186,-171.3555,20.9885,0.1656,0.0981
1780080239480,1,12.00000015,Lower Delivery,Loading,pitch.0,772791,0.0812,-0.0907,0.1053,-0.0762,-0.0363,0.0034,0.0,0.0
1780080239480,1,12.00000018,Upper Delivery,Loading,pitch.0,774079,0.0101,-0.187,0.2323,-0.0884,-0.0304,-0.0012,0.0,0.0
1780080239480,1,Pitching Mound.Delivery,,Loading,pitch.0,772167,0.0914,-0.2777,0.3376,-0.2078,-0.0666,-0.022,0.0,0.0
1780080239480,1,Pitching Mound.Drive,,Loading,pitch.0,773272,-2.1817,12.5071,106.0341,101.5186,-171.3555,20.9885,0.1656,0.0981
1780080239480,1,Pitching Mound.Parent,,Loading,pitch.0,771423,-2.0904,12.2295,106.3717,101.3108,-171.4221,20.9666,0.1651,0.0974
1780080239481,1,11.0000004b,Drive,Loading,pitch.0,773273,-2.167,12.5031,105.9558,101.368,-171.3554,20.9734,0.1658,0.0981
1780080239481,1,12.00000015,Lower Delivery,Loading,pitch.0,772792,0.0876,-0.088,0.1076,-0.0744,-0.0311,0.0027,0.0,0.0
1780080239481,1,12.00000018,Upper Delivery,Loading,pitch.0,774080,0.0276,-0.1976,0.2387,-0.0884,-0.0304,-0.0012,0.0,0.0
1780080239481,1,Pitching Mound.Delivery,,Loading,pitch.0,772168,0.1152,-0.2856,0.3463,-0.2074,-0.0615,-0.0188,0.0,0.0
1780080239481,1,Pitching Mound.Drive,,Loading,pitch.0,773273,-2.167,12.5031,105.9558,101.368,-171.3554,20.9734,0.1658,0.0981
1780080239481,1,Pitching Mound.Parent,,Loading,pitch.0,771424,-2.0518,12.2176,106.3022,101.1606,-171.4169,20.9546,0.1652,0.0973
1780080239482,1,11.0000004b,Drive,Loading,pitch.0,773274,-2.1711,12.5031,105.7976,101.2269,-171.2301,20.9914,0.1659,0.0981
1780080239482,1,12.00000015,Lower Delivery,Loading,pitch.0,772793,0.0994,-0.0939,0.1157,-0.0709,-0.0297,0.0028,0.0,0.0
1780080239482,1,12.00000018,Upper Delivery,Loading,pitch.0,774081,0.0071,-0.1729,0.1536,-0.0884,-0.0304,-0.0012,0.0,0.0
1780080239482,1,Pitching Mound.Delivery,,Loading,pitch.0,772169,0.1065,-0.2668,0.2694,-0.1722,-0.06,-0.0298,0.0,0.0
1780080239482,1,Pitching Mound.Drive,,Loading,pitch.0,773274,-2.1711,12.5031,105.7976,101.2269,-171.2301,20.9914,0.1659,0.0981
1780080239482,1,Pitching Mound.Parent,,Loading,pitch.0,771425,-2.0646,12.2364,106.067,101.0547,-171.2901,20.9617,0.1655,0.0977
1780080239483,1,11.0000004b,Drive,Loading,pitch.0,773275,-2.1486,12.4946,105.7451,101.1003,-171.2393,20.9337,0.166,0.098
1780080239483,1,12.00000015,Lower Delivery,Loading,pitch.0,772794,0.0901,-0.082,0.117,-0.0614,-0.0226,0.0034,0.0,0.0
1780080239483,1,12.00000018,Upper Delivery,Loading,pitch.0,774082,0.0245,-0.1861,0.1789,-0.0884,-0.0304,-0.0012,0.0,0.0
1780080239483,1,Pitching Mound.Delivery,,Loading,pitch.0,772170,0.1146,-0.2681,0.2959,-0.1708,-0.053,-0.02,0.0,0.0
1780080239483,1,Pitching Mound.Drive,,Loading,pitch.0,773275,-2.1486,12.4946,105.7451,101.1003,-171.2393,20.9337,0.166,0.098
1780080239483,1,Pitching Mound.Parent,,Loading,pitch.0,771426,-2.0339,12.2266,106.041,100.9294,-171.2924,20.9137,0.1655,0.0975
1780080239484,1,11.0000004b,Drive,Loading,pitch.0,773276,-2.1645,12.5095,105.7014,100.9805,-171.1282,20.893,0.1659,0.0979
1780080239484,1,12.00000015,Lower Delivery,Loading,pitch.0,772795,0.0897,-0.0634,0.1216,-0.0547,-0.0185,0.0028,0.0,0.0
1780080239484,1,12.00000018,Upper Delivery,Loading,pitch.0,774083,0.0186,-0.1799,0.1871,-0.0884,-0.0304,-0.0012,0.0,0.0
1780080239484,1,Pitching Mound.Delivery,,Loading,pitch.0,772171,0.1083,-0.2433,0.3087,-0.1654,-0.0489,-0.0226,0.0,0.0
1780080239484,1,Pitching Mound.Drive,,Loading,pitch.0,773276,-2.1645,12.5095,105.7014,100.9805,-171.1282,20.893,0.1659,0.0979
1780080239484,1,Pitching Mound.Parent,,Loading,pitch.0,771427,-2.0562,12.2662,106.01,100.8152,-171.177,20.8705,0.1655,0.0974
1780080239485,1,11.0000004b,Drive,Loading,pitch.0,773277,-2.1637,12.515,105.5832,100.8895,-171.0008,20.8431,0.166,0.0979
1780080239485,1,12.00000015,Lower Delivery,Loading,pitch.0,772796,0.103,-0.0864,0.1656,-0.0403,-0.0144,0.005,0.0,0.0
1780080239485,1,12.00000018,Upper Delivery,Loading,pitch.0,774084,-0.0139,-0.1305,0.075,-0.0884,-0.0304,-0.0012,0.0,0.0
1780080239485,1,Pitching Mound.Delivery,,Loading,pitch.0,772172,0.089,-0.2169,0.2406,-0.0978,-0.0448,-0.036,0.0,0.0
1780080239485,1,Pitching Mound.Drive,,Loading,pitch.0,773277,-2.1637,12.515,105.5832,100.8895,-171.0008,20.8431,0.166,0.0979
1780080239485,1,Pitching Mound.Parent,,Loading,pitch.0,771428,-2.0747,12.2981,105.8238,100.7917,-171.0455,20.8071,0.1656,0.098
1780080239486,1,11.0000004b,Drive,Loading,pitch.0,773278,-2.1592,12.5114,105.4058,100.8004,-170.8141,20.8004,0.1661,0.098
1780080239486,1,12.00000015,Lower Delivery,Loading,pitch.0,772797,0.1237,-0.0912,0.1926,-0.0318,-0.0174,0.0061,0.0,0.0
1780080239486,1,12.00000018,Upper Delivery,Loading,pitch.0,774085,-0.0124,-0.1186,0.0708,-0.0884,-0.0304,-0.0012,0.0,0.0
1780080239486,1,Pitching Mound.Delivery,,Loading,pitch.0,772173,0.1113,-0.2098,0.2634,-0.0788,-0.0478,-0.0414,0.0,0.0
1780080239486,1,Pitching Mound.Drive,,Loading,pitch.0,773278,-2.1592,12.5114,105.4058,100.8004,-170.8141,20.8004,0.1661,0.098
1780080239486,1,Pitching Mound.Parent,,Loading,pitch.0,771429,-2.0479,12.3016,105.6693,100.7216,-170.8619,20.759,0.1657,0.0982
1780080239487,1,11.0000004b,Drive,Loading,pitch.0,773279,-2.1533,12.5344,105.216,100.7204,-170.6343,20.7855,0.1662,0.0981
1780080239487,1,12.00000015,Lower Delivery,Loading,pitch.0,772798,0.1417,-0.0964,0.1908,-0.0251,-0.0168,0.0074,0.0,0.0
1780080239487,1,12.00000018,Upper Delivery,Loading,pitch.0,774086,-0.0138,-0.1203,0.0715,-0.0884,-0.0304,-0.0012,0.0,0.0
1780080239487,1,Pitching Mound.Delivery,,Loading,pitch.0,772174,0.1279,-0.2166,0.2623,-0.0729,-0.0472,-0.0466,0.0,0.0
1780080239487,1,Pitching Mound.Drive,,Loading,pitch.0,773279,-2.1533,12.5344,105.216,100.7204,-170.6343,20.7855,0.1662,0.0981
1780080239487,1,Pitching Mound.Parent,,Loading,pitch.0,771430,-2.0255,12.3178,105.4783,100.6476,-170.6815,20.7389,0.1658,0.0983
1780080239488,1,11.0000004b,Drive,Loading,pitch.0,773280,-2.172,12.5391,105.1567,100.6069,-170.5243,20.7161,0.1662,0.0981
1780080239488,1,12.00000015,Lower Delivery,Loading,pitch.0,772799,0.1337,-0.0966,0.1835,-0.026,-0.0214,0.0086,0.0,0.0
1780080239488,1,12.00000018,Upper Delivery,Loading,pitch.0,774087,-0.0137,-0.1149,0.0697,-0.0884,-0.0304,-0.0012,0.0,0.0
1780080239488,1,Pitching Mound.Delivery,,Loading,pitch.0,772175,0.12,-0.2115,0.2532,-0.0757,-0.0518,-0.0427,0.0,0.0
1780080239488,1,Pitching Mound.Drive,,Loading,pitch.0,773280,-2.172,12.5391,105.1567,100.6069,-170.5243,20.7161,0.1662,0.0981
1780080239488,1,Pitching Mound.Parent,,Loading,pitch.0,771431,-2.052,12.3276,105.4099,100.5312,-170.5761,20.6734,0.1658,0.0982
1780080239489,1,11.0000004b,Drive,Loading,pitch.0,773281,-2.1873,12.5439,105.0147,100.5459,-170.3929,20.7,0.1663,0.0981
1780080239489,1,12.00000015,Lower Delivery,Loading,pitch.0,772800,0.1417,-0.0726,0.155,-0.0097,-0.0171,0.0114,0.0,0.0
1780080239489,1,12.00000018,Upper Delivery,Loading,pitch.0,774088,-0.0087,-0.1211,0.0774,-0.0884,-0.0304,-0.0012,0.0,0.0
1780080239489,1,Pitching Mound.Delivery,,Loading,pitch.0,772176,0.133,-0.1937,0.2324,-0.0717,-0.0475,-0.0409,0.0,0.0
1780080239489,1,Pitching Mound.Drive,,Loading,pitch.0,773281,-2.1873,12.5439,105.0147,100.5459,-170.3929,20.7,0.1663,0.0981
1780080239489,1,Pitching Mound.Parent,,Loading,pitch.0,771432,-2.0543,12.3502,105.2471,100.4742,-170.4404,20.6591,0.1659,0.0982
1780080239490,1,11.0000004b,Drive,Loading,pitch.0,773282,-2.1982,12.5513,104.984,100.5035,-170.3335,20.6356,0.1663,0.0981
1780080239490,1,12.00000015,Lower Delivery,Loading,pitch.0,772801,0.1557,-0.089,0.2041,-0.0191,-0.0208,0.0103,0.0,0.0
1780080239490,1,12.00000018,Upper Delivery,Loading,pitch.0,774089,-0.0116,-0.1229,0.074,-0.0884,-0.0304,-0.0012,0.0,0.0
1780080239490,1,Pitching Mound.Delivery,,Loading,pitch.0,772177,0.1441,-0.2119,0.2781,-0.0632,-0.0512,-0.0478,0.0,0.0
1780080239490,1,Pitching Mound.Drive,,Loading,pitch.0,773282,-2.1982,12.5513,104.984,100.5035,-170.3335,20.6356,0.1663,0.0981
1780080239490,1,Pitching Mound.Parent,,Loading,pitch.0,771433,-2.0542,12.3393,105.2621,100.4402,-170.3848,20.5879,0.1659,0.0983
1780080239491,1,11.0000004b,Drive,Loading,pitch.0,773283,-2.1944,12.5347,104.7418,100.4402,-170.2626,20.5811,0.1666,0.0983
1780080239491,1,12.00000015,Lower Delivery,Loading,pitch.0,772802,0.1598,-0.1027,0.2015,-0.0147,-0.0132,0.0121,0.0,0.0
1780080239491,1,12.00000018,Upper Delivery,Loading,pitch.0,774090,-0.0114,-0.1137,0.0699,-0.0884,-0.0304,-0.0012,0.0,0.0
1780080239491,1,Pitching Mound.Delivery,,Loading,pitch.0,772178,0.1484,-0.2163,0.2714,-0.0582,-0.0436,-0.0473,0.0,0.0
1780080239491,1,Pitching Mound.Drive,,Loading,pitch.0,773283,-2.1944,12.5347,104.7418,100.4402,-170.2626,20.5811,0.1666,0.0983
1780080239491,1,Pitching Mound.Parent,,Loading,pitch.0,771434,-2.046,12.3183,105.0132,100.3819,-170.3062,20.5338,0.1662,0.0985
1780080239492,1,11.0000004b,Drive,Loading,pitch.0,773284,-2.2073,12.5267,104.5702,100.2914,-170.1413,20.5208,0.1668,0.0983
1780080239492,1,12.00000015,Lower Delivery,Loading,pitch.0,772803,0.1553,-0.088,0.254,-0.0283,-0.0136,0.0118,0.0,0.0
1780080239492,1,12.00000018,Upper Delivery,Loading,pitch.0,774091,-0.0141,-0.1182,0.0676,-0.0884,-0.0304,-0.0012,0.0,0.0
1780080239492,1,Pitching Mound.Delivery,,Loading,pitch.0,772179,0.1412,-0.2062,0.3216,-0.0532,-0.044,-0.0469,0.0,0.0
1780080239492,1,Pitching Mound.Drive,,Loading,pitch.0,773284,-2.2073,12.5267,104.5702,100.2914,-170.1413,20.5208,0.1668,0.0983
1780080239492,1,Pitching Mound.Parent,,Loading,pitch.0,771435,-2.0661,12.3204,104.8918,100.2382,-170.1853,20.4739,0.1663,0.0986
1780080239493,1,11.0000004b,Drive,Loading,pitch.0,773285,-2.2233,12.5192,104.3337,100.2076,-169.9439,20.443,0.1669,0.0984
1780080239493,1,12.00000015,Lower Delivery,Loading,pitch.0,772804,0.1557,-0.0948,0.244,-0.0369,-0.0239,0.0096,0.0,0.0
1780080239493,1,12.00000018,Upper Delivery,Loading,pitch.0,774092,-0.0149,-0.1175,0.0653,-0.0884,-0.0304,-0.0012,0.0,0.0
1780080239493,1,Pitching Mound.Delivery,,Loading,pitch.0,772180,0.1408,-0.2123,0.3093,-0.0645,-0.0543,-0.0496,0.0,0.0
1780080239493,1,Pitching Mound.Drive,,Loading,pitch.0,773285,-2.2233,12.5192,104.3337,100.2076,-169.9439,20.443,0.1669,0.0984
1780080239493,1,Pitching Mound.Parent,,Loading,pitch.0,771436,-2.0826,12.3069,104.643,100.143,-169.9981,20.3934,0.1665,0.0987
1780080239494,1,11.0000004b,Drive,Loading,pitch.0,773286,-2.2337,12.5162,104.1031,100.0689,-169.812,20.4068,0.1672,0.0985
1780080239494,1,12.00000015,Lower Delivery,Loading,pitch.0,772805,0.1602,-0.1176,0.2653,-0.0341,-0.0278,0.0086,0.0,0.0
1780080239494,1,12.00000018,Upper Delivery,Loading,pitch.0,774093,-0.0156,-0.1316,0.0736,-0.0884,-0.0304,-0.0012,0.0,0.0
1780080239494,1,Pitching Mound.Delivery,,Loading,pitch.0,772181,0.1445,-0.2492,0.339,-0.0573,-0.0582,-0.0524,0.0,0.0
1780080239494,1,Pitching Mound.Drive,,Loading,pitch.0,773286,-2.2337,12.5162,104.1031,100.0689,-169.812,20.4068,0.1672,0.0985
1780080239494,1,Pitching Mound.Parent,,Loading,pitch.0,771437,-2.0891,12.267,104.4421,100.0115,-169.8701,20.3544,0.1666,0.0988
1780080239495,1,11.0000004b,Drive,Loading,pitch.0,773287,-2.2383,12.5013,103.9782,100.031,-169.8068,20.3575,0.1674,0.0986
1780080239495,1,12.00000015,Lower Delivery,Loading,pitch.0,772806,0.148,-0.1135,0.2312,-0.043,-0.0372,0.006,0.0,0.0
1780080239495,1,12.00000018,Upper Delivery,Loading,pitch.0,774094,-0.0179,-0.1301,0.0668,-0.0884,-0.0304,-0.0012,0.0,0.0
1780080239495,1,Pitching Mound.Delivery,,Loading,pitch.0,772182,0.1302,-0.2436,0.298,-0.0755,-0.0676,-0.0516,0.0,0.0
1780080239495,1,Pitching Mound.Drive,,Loading,pitch.0,773287,-2.2383,12.5013,103.9782,100.031,-169.8068,20.3575,0.1674,0.0986
1780080239495,1,Pitching Mound.Parent,,Loading,pitch.0,771438,-2.1082,12.2577,104.2762,99.9554,-169.8744,20.3058,0.1669,0.0989
1780080239496,1,11.0000004b,Drive,Loading,pitch.0,773288,-2.2383,12.4994,103.7798,99.9942,-169.8408,20.3267,0.1677,0.0988
1780080239496,1,12.00000015,Lower Delivery,Loading,pitch.0,772807,0.1255,-0.1197,0.2391,-0.0469,-0.0313,0.007,0.0,0.0
1780080239496,1,12.00000018,Upper Delivery,Loading,pitch.0,774095,0.0095,-0.1836,0.1539,-0.0884,-0.0304,-0.0012,0.0,0.0
1780080239496,1,Pitching Mound.Delivery,,Loading,pitch.0,772183,0.1349,-0.3034,0.393,-0.1062,-0.0617,-0.0337,0.0,0.0
1780080239496,1,Pitching Mound.Drive,,Loading,pitch.0,773288,-2.2383,12.4994,103.7798,99.9942,-169.8408,20.3267,0.1677,0.0988
1780080239496,1,Pitching Mound.Parent,,Loading,pitch.0,771439,-2.1034,12.196,104.1728,99.8879,-169.9025,20.293,0.1671,0.0987
1780080239497,1,11.0000004b,Drive,Loading,pitch.0,773289,-2.2457,12.4841,103.6405,99.9508,-169.8208,20.2471,0.1679,0.0988
1780080239497,1,12.00000015,Lower Delivery,Loading,pitch.0,772808,0.107,-0.1372,0.2274,-0.0508,-0.0311,0.0068,0.0,0.0
1780080239497,1,12.00000018,Upper Delivery,Loading,pitch.0,774096,0.0019,-0.1792,0.1531,-0.0884,-0.0304,-0.0012,0.0,0.0
1780080239497,1,Pitching Mound.Delivery,,Loading,pitch.0,772184,0.1089,-0.3164,0.3805,-0.1139,-0.0614,-0.0302,0.0,0.0
1780080239497,1,Pitching Mound.Drive,,Loading,pitch.0,773289,-2.2457,12.4841,103.6405,99.9508,-169.8208,20.2471,0.1679,0.0988
1780080239497,1,Pitching Mound.Parent,,Loading,pitch.0,771440,-2.1368,12.1676,104.021,99.8369,-169.8823,20.217,0.1673,0.0987
1780080239498,1,11.0000004b,Drive,Loading,pitch.0,773290,-2.2477,12.4747,103.3209,99.824,-169.7629,20.1802,0.1684,0.099
1780080239498,1,12.00000015,Lower Delivery,Loading,pitch.0,772809,0.0955,-0.1157,0.2046,-0.0585,-0.0312,0.0073,0.0,0.0
1780080239498,1,12.00000018,Upper Delivery,Loading,pitch.0,774097,-0.0195,-0.1642,0.0812,-0.0884,-0.0304,-0.0012,0.0,0.0
1780080239498,1,Pitching Mound.Delivery,,Loading,pitch.0,772185,0.076,-0.28,0.2859,-0.1049,-0.0616,-0.033,0.0,0.0
1780080239498,1,Pitching Mound.Drive,,Loading,pitch.0,773290,-2.2477,12.4747,103.3209,99.824,-169.7629,20.1802,0.1684,0.099
1780080239498,1,Pitching Mound.Parent,,Loading,pitch.0,771441,-2.1717,12.1947,103.6068,99.7192,-169.8245,20.1472,0.1679,0.0992
1780080239499,1,11.0000004b,Drive,Loading,pitch.0,773291,-2.2448,12.4597,103.1709,99.7728,-169.6981,20.1388,0.1686,0.0991
1780080239499,1,12.00000015,Lower Delivery,Loading,pitch.0,772810,0.0713,-0.0983,0.1562,-0.0573,-0.0278,0.0092,0.0,0.0
1780080239499,1,12.00000018,Upper Delivery,Loading,pitch.0,774098,-0.0202,-0.1454,0.0733,-0.0884,-0.0304,-0.0012,0.0,0.0
1780080239499,1,Pitching Mound.Delivery,,Loading,pitch.0,772186,0.051,-0.2437,0.2296,-0.1175,-0.0582,-0.0231,0.0,0.0
1780080239499,1,Pitching Mound.Drive,,Loading,pitch.0,773291,-2.2448,12.4597,103.1709,99.7728,-169.6981,20.1388,0.1686,0.0991
1780080239499,1,Pitching Mound.Parent,,Loading,pitch.0,771442,-2.1938,12.216,103.4005,99.6553,-169.7563,20.1157,0.1682,0.0992
1780080239500,1,11.0000004b,Drive,Loading,pitch.0,773292,-2.2364,12.4348,102.7983,99.6462,-169.5192,20.0962,0.169,0.0994
1780080239500,1,12.00000015,Lower Delivery,Loading,pitch.0,772811,0.0975,-0.117,0.2206,-0.048,-0.0217,0.0106,0.0,0.0
1780080239500,1,12.00000018,Upper Delivery,Loading,pitch.0,774099,-0.0191,-0.1373,0.068,-0.0884,-0.0304,-0.0012,0.0,0.0
1780080239500,1,Pitching Mound.Delivery,,Loading,pitch.0,772187,0.0784,-0.2542,0.2886,-0.0845,-0.0521,-0.0303,0.0,0.0
1780080239500,1,Pitching Mound.Drive,,Loading,pitch.0,773292,-2.2364,12.4348,102.7983,99.6462,-169.5192,20.0962,0.169,0.0994
1780080239500,1,Pitching Mound.Parent,,Loading,pitch.0,771443,-2.158,12.1805,103.0869,99.5617,-169.5713,20.0659,0.1685,0.0996
1780080239501,1,11.0000004b,Drive,Loading,pitch.0,773293,-2.2544,12.4151,102.767,99.5997,-169.4894,20.0407,0.169,0.0993
1780080239501,1,12.00000015,Lower Delivery,Loading,pitch.0,772812,0.0728,-0.1026,0.1512,-0.0422,-0.0245,0.0118,0.0,0.0
1780080239501,1,12.00000018,Upper Delivery,Loading,pitch.0,774100,-0.0221,-0.154,0.0958,-0.0884,-0.0304,-0.0012,0.0,0.0
1780080239501,1,Pitching Mound.Delivery,,Loading,pitch.0,772188,0.0507,-0.2566,0.2471,-0.1118,-0.0549,-0.0216,0.0,0.0
1780080239501,1,Pitching Mound.Drive,,Loading,pitch.0,773293,-2.2544,12.4151,102.767,99.5997,-169.4894,20.0407,0.169,0.0993
1780080239501,1,Pitching Mound.Parent,,Loading,pitch.0,771444,-2.2037,12.1586,103.0141,99.488,-169.5443,20.0191,0.1686,0.0993
1780080239502,1,11.0000004b,Drive,Loading,pitch.0,773294,-2.2622,12.4196,102.619,99.5888,-169.3752,20.0193,0.1692,0.0995
1780080239502,1,12.00000015,Lower Delivery,Loading,pitch.0,772813,0.1139,-0.1339,0.1989,-0.0415,-0.0297,0.0108,0.0,0.0
1780080239502,1,12.00000018,Upper Delivery,Loading,pitch.0,774101,-0.0217,-0.1498,0.0957,-0.0884,-0.0304,-0.0012,0.0,0.0
1780080239502,1,Pitching Mound.Delivery,,Loading,pitch.0,772189,0.0922,-0.2838,0.2946,-0.0948,-0.0601,-0.0365,0.0,0.0
1780080239502,1,Pitching Mound.Drive,,Loading,pitch.0,773294,-2.2622,12.4196,102.619,99.5888,-169.3752,20.0193,0.1692,0.0995
1780080239502,1,Pitching Mound.Parent,,Loading,pitch.0,771445,-2.17,12.1358,102.9136,99.494,-169.4353,19.9828,0.1687,0.0995
1780080239503,1,11.0000004b,Drive,Loading,pitch.0,773295,-2.2783,12.4027,102.3444,99.508,-169.3821,19.9377,0.1696,0.0997
1780080239503,1,12.00000015,Lower Delivery,Loading,pitch.0,772814,0.1094,-0.1148,0.1894,-0.0395,-0.0253,0.0114,0.0,0.0
1780080239503,1,12.00000018,Upper Delivery,Loading,pitch.0,774102,-0.0198,-0.1542,0.0833,-0.0884,-0.0304,-0.0012,0.0,0.0
1780080239503,1,Pitching Mound.Delivery,,Loading,pitch.0,772190,0.0896,-0.269,0.2728,-0.0918,-0.0557,-0.0337,0.0,0.0
1780080239503,1,Pitching Mound.Drive,,Loading,pitch.0,773295,-2.2783,12.4027,102.3444,99.508,-169.3821,19.9377,0.1696,0.0997
1780080239503,1,Pitching Mound.Parent,,Loading,pitch.0,771446,-2.1887,12.1336,102.6172,99.4163,-169.4378,19.904,0.1692,0.0997
1780080239504,1,11.0000004b,Drive,Loading,pitch.0,773296,-2.301,12.4049,102.2517,99.4466,-169.3185,19.8727,0.1697,0.0997
1780080239504,1,12.00000015,Lower Delivery,Loading,pitch.0,772815,0.0961,-0.1324,0.2057,-0.0403,-0.0225,0.0082,0.0,0.0
1780080239504,1,12.00000018,Upper Delivery,Loading,pitch.0,774103,-0.0193,-0.1621,0.0772,-0.0884,-0.0304,-0.0012,0.0,0.0
1780080239504,1,Pitching Mound.Delivery,,Loading,pitch.0,772191,0.0768,-0.2946,0.2829,-0.085,-0.0529,-0.0323,0.0,0.0
1780080239504,1,Pitching Mound.Drive,,Loading,pitch.0,773296,-2.301,12.4049,102.2517,99.4466,-169.3185,19.8727,0.1697,0.0997
1780080239504,1,Pitching Mound.Parent,,Loading,pitch.0,771447,-2.2242,12.1104,102.5346,99.3616,-169.3714,19.8404,0.1693,0.0998
1780080239505,1,11.0000004b,Drive,Loading,pitch.0,773297,-2.3253,12.3839,102.1637,99.4674,-169.3489,19.8019,0.1699,0.0998
1780080239505,1,12.00000015,Lower Delivery,Loading,pitch.0,772816,0.113,-0.1226,0.2447,-0.0212,-0.0095,0.0112,0.0,0.0
1780080239505,1,12.00000018,Upper Delivery,Loading,pitch.0,774104,-0.0209,-0.1592,0.1029,-0.0884,-0.0304,-0.0012,0.0,0.0
1780080239505,1,Pitching Mound.Delivery,,Loading,pitch.0,772192,0.0921,-0.2818,0.3476,-0.0613,-0.0399,-0.0356,0.0,0.0
1780080239505,1,Pitching Mound.Drive,,Loading,pitch.0,773297,-2.3253,12.3839,102.1637,99.4674,-169.3489,19.8019,0.1699,0.0998
1780080239505,1,Pitching Mound.Parent,,Loading,pitch.0,771448,-2.2332,12.102,102.5113,99.406,-169.3888,19.7663,0.1693,0.0999
1780080239506,1,11.0000004b,Drive,Loading,pitch.0,773298,-2.3414,12.3602,102.1881,99.3648,-169.2282,19.7541,0.1697,0.0997
1780080239506,1,12.00000015,Lower Delivery,Loading,pitch.0,772817,0.1276,-0.1382,0.2715,-0.0072,-0.0101,0.0098,0.0,0.0
1780080239506,1,12.00000018,Upper Delivery,Loading,pitch.0,774105,-0.0191,-0.1556,0.1031,-0.0884,-0.0304,-0.0012,0.0,0.0
1780080239506,1,Pitching Mound.Delivery,,Loading,pitch.0,772193,0.1085,-0.2937,0.3746,-0.0383,-0.0404,-0.0413,0.0,0.0
1780080239506,1,Pitching Mound.Drive,,Loading,pitch.0,773298,-2.3414,12.3602,102.1881,99.3648,-169.2282,19.7541,0.1697,0.0997
1780080239506,1,Pitching Mound.Parent,,Loading,pitch.0,771449,-2.2329,12.0665,102.5627,99.3265,-169.2687,19.7128,0.1691,0.0999
1780080239507,1,11.0000004b,Drive,Loading,pitch.0,773299,-2.3715,12.3501,102.1877,99.338,-169.3461,19.6872,0.1699,0.0996
1780080239507,1,12.00000015,Lower Delivery,Loading,pitch.0,772818,0.141,-0.1559,0.2804,-0.0041,-0.0151,0.0094,0.0,0.0
1780080239507,1,12.00000018,Upper Delivery,Loading,pitch.0,774106,-0.0201,-0.1487,0.1285,-0.0884,-0.0304,-0.0012,0.0,0.0
1780080239507,1,Pitching Mound.Delivery,,Loading,pitch.0,772194,0.121,-0.3046,0.4089,-0.0408,-0.0455,-0.0466,0.0,0.0
1780080239507,1,Pitching Mound.Drive,,Loading,pitch.0,773299,-2.3715,12.3501,102.1877,99.338,-169.3461,19.6872,0.1699,0.0996
1780080239507,1,Pitching Mound.Parent,,Loading,pitch.0,771450,-2.2505,12.0456,102.5966,99.2972,-169.3916,19.6406,0.1692,0.0997
1780080239508,1,11.0000004b,Drive,Loading,pitch.0,773300,-2.3839,12.3291,102.1782,99.2727,-169.3487,19.6502,0.1699,0.0996
1780080239508,1,12.00000015,Lower Delivery,Loading,pitch.0,772819,0.1261,-0.1468,0.2442,-0.006,-0.0205,0.0101,0.0,0.0
1780080239508,1,12.00000018,Upper Delivery,Loading,pitch.0,774107,-0.0216,-0.1553,0.1628,-0.0884,-0.0304,-0.0012,0.0,0.0
1780080239508,1,Pitching Mound.Delivery,,Loading,pitch.0,772195,0.1045,-0.3021,0.407,-0.0667,-0.0509,-0.0413,0.0,0.0
1780080239508,1,Pitching Mound.Drive,,Loading,pitch.0,773300,-2.3839,12.3291,102.1782,99.2727,-169.3487,19.6502,0.1699,0.0996
1780080239508,1,Pitching Mound.Parent,,Loading,pitch.0,771451,-2.2794,12.027,102.5852,99.206,-169.3996,19.609,0.1692,0.0995
1780080239509,1,11.0000004b,Drive,Loading,pitch.0,773301,-2.4052,12.3178,102.1009,99.2535,-169.3344,19.5892,0.17,0.0996
1780080239509,1,12.00000015,Lower Delivery,Loading,pitch.0,772820,0.1247,-0.1554,0.2288,0.0151,-0.014,0.0128,0.0,0.0
1780080239509,1,12.00000018,Upper Delivery,Loading,pitch.0,774108,-0.0187,-0.1544,0.1519,-0.0884,-0.0304,-0.0012,0.0,0.0
1780080239509,1,Pitching Mound.Delivery,,Loading,pitch.0,772196,0.106,-0.3098,0.3807,-0.0472,-0.0444,-0.0372,0.0,0.0
1780080239509,1,Pitching Mound.Drive,,Loading,pitch.0,773301,-2.4052,12.3178,102.1009,99.2535,-169.3344,19.5892,0.17,0.0996
1780080239509,1,Pitching Mound.Parent,,Loading,pitch.0,771452,-2.2992,12.008,102.4816,99.2064,-169.3788,19.552,0.1694,0.0995
1780080239510,1,11.0000004b,Drive,Loading,pitch.0,773302,-2.4311,12.3023,102.0791,99.2758,-169.384,19.5249,0.1701,0.0997
1780080239510,1,12.00000015,Lower Delivery,Loading,pitch.0,772821,0.112,-0.1366,0.1986,-0.0005,-0.0203,0.014,0.0,0.0
1780080239510,1,12.00000018,Upper Delivery,Loading,pitch.0,774109,0.0257,-0.1914,0.2674,-0.0884,-0.0304,-0.0012,0.0,0.0
1780080239510,1,Pitching Mound.Delivery,,Loading,pitch.0,772197,0.1376,-0.328,0.466,-0.1122,-0.0507,-0.0165,0.0,0.0
1780080239510,1,Pitching Mound.Drive,,Loading,pitch.0,773302,-2.4311,12.3023,102.0791,99.2758,-169.384,19.5249,0.1701,0.0997
1780080239510,1,Pitching Mound.Parent,,Loading,pitch.0,771453,-2.2935,11.9743,102.5451,99.1636,-169.4347,19.5084,0.1693,0.099
1780080239511,1,11.0000004b,Drive,Loading,pitch.0,773303,-2.4379,12.2982,102.1238,99.2097,-169.4404,19.4953,0.1701,0.0996
1780080239511,1,12.00000015,Lower Delivery,Loading,pitch.0,772822,0.1149,-0.1201,0.1897,0.0103,-0.0161,0.0161,0.0,0.0
1780080239511,1,12.00000018,Upper Delivery,Loading,pitch.0,774110,0.0567,-0.235,0.3299,-0.0884,-0.0304,-0.0012,0.0,0.0
1780080239511,1,Pitching Mound.Delivery,,Loading,pitch.0,772198,0.1716,-0.3551,0.5196,-0.1258,-0.0465,-0.0049,0.0,0.0
1780080239511,1,Pitching Mound.Drive,,Loading,pitch.0,773303,-2.4379,12.2982,102.1238,99.2097,-169.4404,19.4953,0.1701,0.0996
1780080239511,1,Pitching Mound.Parent,,Loading,pitch.0,771454,-2.2664,11.9432,102.6434,99.0839,-169.4869,19.4904,0.1692,0.0986
1780080239512,1,11.0000004b,Drive,Loading,pitch.0,773304,-2.4318,12.2906,102.0428,99.0873,-169.5793,19.4462,0.1703,0.0995
1780080239512,1,12.00000015,Lower Delivery,Loading,pitch.0,772823,0.1206,-0.1107,0.1893,0.0082,-0.0137,0.019,0.0,0.0
1780080239512,1,12.00000018,Upper Delivery,Loading,pitch.0,774111,0.03,-0.2073,0.2653,-0.0884,-0.0304,-0.0012,0.0,0.0
1780080239512,1,Pitching Mound.Delivery,,Loading,pitch.0,772199,0.1506,-0.318,0.4545,-0.106,-0.0441,-0.013,0.0,0.0
1780080239512,1,Pitching Mound.Drive,,Loading,pitch.0,773304,-2.4318,12.2906,102.0428,99.0873,-169.5793,19.4462,0.1703,0.0995
1780080239512,1,Pitching Mound.Parent,,Loading,pitch.0,771455,-2.2812,11.9726,102.4973,98.9813,-169.6234,19.4332,0.1696,0.0988
1780080239513,1,11.0000004b,Drive,Loading,pitch.0,773305,-2.4394,12.2773,101.901,98.9979,-169.4701,19.4151,0.1705,0.0996
1780080239513,1,12.00000015,Lower Delivery,Loading,pitch.0,772824,0.0761,-0.0672,0.1232,-0.0129,-0.0134,0.0201,0.0,0.0
1780080239513,1,12.00000018,Upper Delivery,Loading,pitch.0,774112,0.0583,-0.22,0.2854,-0.0884,-0.0304,-0.0012,0.0,0.0
1780080239513,1,Pitching Mound.Delivery,,Loading,pitch.0,772200,0.1344,-0.2872,0.4087,-0.1564,-0.0438,0.0129,0.0,0.0
1780080239513,1,Pitching Mound.Drive,,Loading,pitch.0,773305,-2.4394,12.2773,101.901,98.9979,-169.4701,19.4151,0.1705,0.0996
1780080239513,1,Pitching Mound.Parent,,Loading,pitch.0,771456,-2.305,11.9901,102.3096,98.8415,-169.5139,19.428,0.1698,0.0986
1780080239514,1,11.0000004b,Drive,Loading,pitch.0,773306,-2.4464,12.2587,101.8886,98.897,-169.4276,19.3654,0.1704,0.0995
1780080239514,1,12.00000015,Lower Delivery,Loading,pitch.0,772825,0.06,-0.0487,0.1035,-0.0158,-0.0061,0.0225,0.0,0.0
1780080239514,1,12.00000018,Upper Delivery,Loading,pitch.0,774113,0.0676,-0.2256,0.2993,-0.0884,-0.0304,-0.0012,0.0,0.0
1780080239514,1,Pitching Mound.Delivery,,Loading,pitch.0,772201,0.1277,-0.2743,0.4028,-0.1707,-0.0364,0.0239,0.0,0.0
1780080239514,1,Pitching Mound.Drive,,Loading,pitch.0,773306,-2.4464,12.2587,101.8886,98.897,-169.4276,19.3654,0.1704,0.0995
1780080239514,1,Pitching Mound.Parent,,Loading,pitch.0,771457,-2.3188,11.9844,102.2914,98.7263,-169.464,19.3893,0.1698,0.0984
1780080239515,1,11.0000004b,Drive,Loading,pitch.0,773307,-2.447,12.25,101.6894,98.7954,-169.1989,19.3323,0.1705,0.0996
1780080239515,1,12.00000015,Lower Delivery,Loading,pitch.0,772826,0.0586,-0.0414,0.1027,-0.0247,-0.0065,0.0218,0.0,0.0
1780080239515,1,12.00000018,Upper Delivery,Loading,pitch.0,774114,0.0184,-0.1829,0.2081,-0.0884,-0.0304,-0.0012,0.0,0.0
1780080239515,1,Pitching Mound.Delivery,,Loading,pitch.0,772202,0.077,-0.2243,0.3107,-0.1489,-0.0369,0.0069,0.0,0.0
1780080239515,1,Pitching Mound.Drive,,Loading,pitch.0,773307,-2.447,12.25,101.6894,98.7954,-169.1989,19.3323,0.1705,0.0996
1780080239515,1,Pitching Mound.Parent,,Loading,pitch.0,771458,-2.37,12.0257,102.0001,98.6465,-169.2358,19.3392,0.17,0.0989
1780080239516,1,11.0000004b,Drive,Loading,pitch.0,773308,-2.4487,12.2404,101.4414,98.6632,-169.025,19.333,0.1708,0.0997
1780080239516,1,12.00000015,Lower Delivery,Loading,pitch.0,772827,0.036,-0.0307,0.0572,-0.0397,-0.0116,0.0206,0.0,0.0
1780080239516,1,12.00000018,Upper Delivery,Loading,pitch.0,774115,0.0316,-0.1965,0.2074,-0.0884,-0.0304,-0.0012,0.0,0.0
1780080239516,1,Pitching Mound.Delivery,,Loading,pitch.0,772203,0.0676,-0.2272,0.2646,-0.1791,-0.042,0.0178,0.0,0.0
1780080239516,1,Pitching Mound.Drive,,Loading,pitch.0,773308,-2.4487,12.2404,101.4414,98.6632,-169.025,19.333,0.1708,0.0997
1780080239516,1,Pitching Mound.Parent,,Loading,pitch.0,771459,-2.3811,12.0132,101.706,98.4841,-169.067,19.3509,0.1703,0.0989
1780080239517,1,11.0000004b,Drive,Loading,pitch.0,773309,-2.4632,12.2278,101.2301,98.4642,-168.9751,19.3169,0.1711,0.0997
1780080239517,1,12.00000015,Lower Delivery,Loading,pitch.0,772828,0.032,-0.0175,0.0336,-0.034,-0.01,0.018,0.0,0.0
1780080239517,1,12.00000018,Upper Delivery,Loading,pitch.0,774116,0.0183,-0.1658,0.1354,-0.0884,-0.0304,-0.0012,0.0,0.0
1780080239517,1,Pitching Mound.Delivery,,Loading,pitch.0,772204,0.0503,-0.1833,0.169,-0.1569,-0.0403,0.0121,0.0,0.0
1780080239517,1,Pitching Mound.Drive,,Loading,pitch.0,773309,-2.4632,12.2278,101.2301,98.4642,-168.9751,19.3169,0.1711,0.0997
1780080239517,1,Pitching Mound.Parent,,Loading,pitch.0,771460,-2.4129,12.0445,101.3991,98.3073,-169.0154,19.329,0.1708,0.0992
1780080239518,1,11.0000004b,Drive,Loading,pitch.0,773310,-2.4796,12.2342,101.0025,98.4313,-168.826,19.2633,0.1713,0.0999
1780080239518,1,12.00000015,Lower Delivery,Loading,pitch.0,772829,0.0307,-0.0182,0.041,-0.0364,-0.0067,0.0138,0.0,0.0
1780080239518,1,12.00000018,Upper Delivery,Loading,pitch.0,774117,0.02,-0.1906,0.1429,-0.0884,-0.0304,-0.0012,0.0,0.0
1780080239518,1,Pitching Mound.Delivery,,Loading,pitch.0,772205,0.0507,-0.2087,0.1839,-0.1594,-0.0371,0.009,0.0,0.0
1780080239518,1,Pitching Mound.Drive,,Loading,pitch.0,773310,-2.4796,12.2342,101.0025,98.4313,-168.826,19.2633,0.1713,0.0999
1780080239518,1,Pitching Mound.Parent,,Loading,pitch.0,771461,-2.4289,12.0255,101.1864,98.2719,-168.8631,19.2722,0.171,0.0994
1780080239519,1,11.0000004b,Drive,Loading,pitch.0,773311,-2.5117,12.2264,100.9769,98.4328,-168.7678,19.2251,0.1713,0.0999
1780080239519,1,12.00000015,Lower Delivery,Loading,pitch.0,772830,0.0592,-0.0559,0.1166,-0.0195,-0.0024,0.0122,0.0,0.0
1780080239519,1,12.00000018,Upper Delivery,Loading,pitch.0,774118,-0.0066,-0.1569,0.0882,-0.0884,-0.0304,-0.0012,0.0,0.0
1780080239519,1,Pitching Mound.Delivery,,Loading,pitch.0,772206,0.0525,-0.2127,0.2048,-0.0982,-0.0327,-0.0114,0.0,0.0
1780080239519,1,Pitching Mound.Drive,,Loading,pitch.0,773311,-2.5117,12.2264,100.9769,98.4328,-168.7678,19.2251,0.1713,0.0999
1780080239519,1,Pitching Mound.Parent,,Loading,pitch.0,771462,-2.4592,12.0137,101.1817,98.3345,-168.8006,19.2137,0.171,0.0998
1780080239520,1,11.0000004b,Drive,Loading,pitch.0,773312,-2.5258,12.2174,100.9091,98.4164,-168.7912,19.2067,0.1714,0.1
1780080239520,1,12.00000015,Lower Delivery,Loading,pitch.0,772831,0.064,-0.0571,0.1265,-0.0239,0.0021,0.0106,0.0,0.0
1780080239520,1,12.00000018,Upper Delivery,Loading,pitch.0,774119,-0.0105,-0.1516,0.0833,-0.0884,-0.0304,-0.0012,0.0,0.0
1780080239520,1,Pitching Mound.Delivery,,Loading,pitch.0,772207,0.0535,-0.2088,0.2098,-0.0976,-0.0283,-0.0159,0.0,0.0
1780080239520,1,Pitching Mound.Drive,,Loading,pitch.0,773312,-2.5258,12.2174,100.9091,98.4164,-168.7912,19.2067,0.1714,0.1
1780080239520,1,Pitching Mound.Parent,,Loading,pitch.0,771463,-2.4722,12.0086,101.1189,98.3188,-168.8194,19.1909,0.1711,0.0999
1780080239521,1,11.0000004b,Drive,Loading,pitch.0,773313,-2.529,12.2106,100.7951,98.3684,-168.8169,19.1958,0.1717,0.1
1780080239521,1,12.00000015,Lower Delivery,Loading,pitch.0,772832,0.0963,-0.0564,0.1702,-0.0123,0.0052,0.0085,0.0,0.0
1780080239521,1,12.00000018,Upper Delivery,Loading,pitch.0,774120,-0.016,-0.1497,0.1132,-0.0884,-0.0304,-0.0012,0.0,0.0
1780080239521,1,Pitching Mound.Delivery,,Loading,pitch.0,772208,0.0803,-0.2061,0.2835,-0.0813,-0.0252,-0.0309,0.0,0.0
1780080239521,1,Pitching Mound.Drive,,Loading,pitch.0,773313,-2.529,12.2106,100.7951,98.3684,-168.8169,19.1958,0.1717,0.1
1780080239521,1,Pitching Mound.Parent,,Loading,pitch.0,771464,-2.4487,12.0046,101.0786,98.2871,-168.842,19.1649,0.1712,0.0999
1780080239522,1,11.0000004b,Drive,Loading,pitch.0,773314,-2.5587,12.2092,100.4838,98.376,-168.5472,19.1821,0.1719,0.1003
1780080239522,1,12.00000015,Lower Delivery,Loading,pitch.0,772833,0.0807,-0.0378,0.1195,-0.0157,0.0047,0.0083,0.0,0.0
1780080239522,1,12.00000018,Upper Delivery,Loading,pitch.0,774121,-0.0138,-0.1396,0.0853,-0.0884,-0.0304,-0.0012,0.0,0.0
1780080239522,1,Pitching Mound.Delivery,,Loading,pitch.0,772209,0.0669,-0.1774,0.2048,-0.0924,-0.0257,-0.025,0.0,0.0
1780080239522,1,Pitching Mound.Drive,,Loading,pitch.0,773314,-2.5587,12.2092,100.4838,98.376,-168.5472,19.1821,0.1719,0.1003
1780080239522,1,Pitching Mound.Parent,,Loading,pitch.0,771465,-2.4918,12.0318,100.6886,98.2836,-168.5729,19.1571,0.1716,0.1003
1780080239523,1,11.0000004b,Drive,Loading,pitch.0,773315,-2.595,12.2006,100.4836,98.4023,-168.5609,19.1461,0.1719,0.1004
1780080239523,1,12.00000015,Lower Delivery,Loading,pitch.0,772834,0.0976,-0.0612,0.1586,0.0015,0.009,0.0076,0.0,0.0
1780080239523,1,12.00000018,Upper Delivery,Loading,pitch.0,774122,-0.0155,-0.1455,0.1335,-0.0884,-0.0304,-0.0012,0.0,0.0
1780080239523,1,Pitching Mound.Delivery,,Loading,pitch.0,772210,0.0821,-0.2067,0.2921,-0.0783,-0.0214,-0.032,0.0,0.0
1780080239523,1,Pitching Mound.Drive,,Loading,pitch.0,773315,-2.595,12.2006,100.4836,98.4023,-168.5609,19.1461,0.1719,0.1004
1780080239523,1,Pitching Mound.Parent,,Loading,pitch.0,771466,-2.5129,11.9939,100.7757,98.324,-168.5822,19.1141,0.1714,0.1002
1780080239524,1,11.0000004b,Drive,Loading,pitch.0,773316,-2.6226,12.1998,100.5186,98.4825,-168.616,19.1294,0.1719,0.1004
1780080239524,1,12.00000015,Lower Delivery,Loading,pitch.0,772835,0.1234,-0.0713,0.1691,0.0153,0.0115,0.0065,0.0,0.0
1780080239524,1,12.00000018,Upper Delivery,Loading,pitch.0,774123,0.0142,-0.1786,0.2572,-0.0884,-0.0304,-0.0012,0.0,0.0
1780080239524,1,Pitching Mound.Delivery,,Loading,pitch.0,772211,0.1377,-0.2499,0.4263,-0.103,-0.0188,-0.0318,0.0,0.0
1780080239524,1,Pitching Mound.Drive,,Loading,pitch.0,773316,-2.6226,12.1998,100.5186,98.4825,-168.616,19.1294,0.1719,0.1004
1780080239524,1,Pitching Mound.Parent,,Loading,pitch.0,771467,-2.485,11.95,100.9449,98.3795,-168.6348,19.0976,0.1712,0.0997
1780080239525,1,11.0000004b,Drive,Loading,pitch.0,773317,-2.6387,12.2001,100.3326,98.4279,-168.5064,19.0847,0.1721,0.1005
1780080239525,1,12.00000015,Lower Delivery,Loading,pitch.0,772836,0.1259,-0.0851,0.1886,0.0147,0.0076,0.0055,0.0,0.0
1780080239525,1,12.00000018,Upper Delivery,Loading,pitch.0,774124,-0.0113,-0.1654,0.234,-0.0884,-0.0304,-0.0012,0.0,0.0
1780080239525,1,Pitching Mound.Delivery,,Loading,pitch.0,772212,0.1147,-0.2505,0.4226,-0.0891,-0.0227,-0.0423,0.0,0.0
1780080239525,1,Pitching Mound.Drive,,Loading,pitch.0,773317,-2.6387,12.2001,100.3326,98.4279,-168.5064,19.0847,0.1721,0.1005
1780080239525,1,Pitching Mound.Parent,,Loading,pitch.0,771468,-2.524,11.9496,100.7551,98.3388,-168.5291,19.0424,0.1714,0.1
1780080239526,1,11.0000004b,Drive,Loading,pitch.0,773318,-2.6617,12.1993,100.3969,98.5174,-168.5749,19.0287,0.1721,0.1006
1780080239526,1,12.00000015,Lower Delivery,Loading,pitch.0,772837,0.1361,-0.0818,0.1789,0.0342,0.0105,0.0074,0.0,0.0
1780080239526,1,12.00000018,Upper Delivery,Loading,pitch.0,774125,0.0496,-0.2139,0.3339,-0.0884,-0.0304,-0.0012,0.0,0.0
1780080239526,1,Pitching Mound.Delivery,,Loading,pitch.0,772213,0.1857,-0.2956,0.5127,-0.1068,-0.0198,-0.0232,0.0,0.0
1780080239526,1,Pitching Mound.Drive,,Loading,pitch.0,773318,-2.6617,12.1993,100.3969,98.5174,-168.5749,19.0287,0.1721,0.1006
1780080239526,1,Pitching Mound.Parent,,Loading,pitch.0,771469,-2.476,11.9037,100.9096,98.4106,-168.5947,19.0054,0.1712,0.0995
1780080239527,1,11.0000004b,Drive,Loading,pitch.0,773319,-2.6796,12.2022,100.2183,98.4943,-168.4608,19.0115,0.1723,0.1007
1780080239527,1,12.00000015,Lower Delivery,Loading,pitch.0,772838,0.1409,-0.0862,0.1954,0.0442,0.0091,0.009,0.0,0.0
1780080239527,1,12.00000018,Upper Delivery,Loading,pitch.0,774126,0.1107,-0.2622,0.475,-0.0884,-0.0304,-0.0012,0.0,0.0
1780080239527,1,Pitching Mound.Delivery,,Loading,pitch.0,772214,0.2516,-0.3484,0.6705,-0.1392,-0.0213,-0.0024,0.0,0.0
1780080239527,1,Pitching Mound.Drive,,Loading,pitch.0,773319,-2.6796,12.2022,100.2183,98.4943,-168.4608,19.0115,0.1723,0.1007
1780080239527,1,Pitching Mound.Parent,,Loading,pitch.0,771470,-2.4279,11.8538,100.8888,98.3551,-168.482,19.0091,0.1711,0.0991
1780080239528,1,11.0000004b,Drive,Loading,pitch.0,773320,-2.6995,12.1991,100.3015,98.5323,-168.4135,18.9479,0.1721,0.1007
1780080239528,1,12.00000015,Lower Delivery,Loading,pitch.0,772839,0.1372,-0.0795,0.1871,0.0333,0.0102,0.0067,0.0,0.0
1780080239528,1,12.00000015,Lower Delivery,Loading,pitch.0,772840,0.1174,-0.0715,0.162,0.0233,0.0103,0.0048,0.0,0.0
1780080239528,1,12.00000018,Upper Delivery,Loading,pitch.0,774127,0.0917,-0.248,0.4538,-0.0884,-0.0304,-0.0012,0.0,0.0
1780080239528,1,Pitching Mound.Delivery,,Loading,pitch.0,772215,0.2289,-0.3275,0.6409,-0.1458,-0.0202,-0.01,0.0,0.0
1780080239528,1,Pitching Mound.Drive,,Loading,pitch.0,773320,-2.6995,12.1991,100.3015,98.5323,-168.4135,18.9479,0.1721,0.1007
1780080239528,1,Pitching Mound.Parent,,Loading,pitch.0,771471,-2.4706,11.8716,100.9424,98.3865,-168.4337,18.938,0.171,0.0991
1780080239529,1,11.0000004b,Drive,Loading,pitch.0,773321,-2.6959,12.1898,100.1017,98.5531,-168.3102,18.9042,0.1723,0.1009
1780080239529,1,12.00000018,Upper Delivery,Loading,pitch.0,774128,0.1077,-0.2457,0.4694,-0.0884,-0.0304,-0.0012,0.0,0.0
1780080239529,1,Pitching Mound.Delivery,,Loading,pitch.0,772216,0.2251,-0.3172,0.6314,-0.1696,-0.02,0.0003,0.0,0.0
1780080239529,1,Pitching Mound.Drive,,Loading,pitch.0,773321,-2.6959,12.1898,100.1017,98.5531,-168.3102,18.9042,0.1723,0.1009
1780080239529,1,Pitching Mound.Parent,,Loading,pitch.0,771472,-2.4708,11.8726,100.7331,98.3835,-168.3303,18.9045,0.1713,0.0992
1780080239530,1,11.0000004b,Drive,Loading,pitch.0,773322,-2.6972,12.1842,100.0328,98.4963,-168.1881,18.8157,0.1723,0.1009
1780080239530,1,12.00000015,Lower Delivery,Loading,pitch.0,772841,0.0964,-0.0552,0.1413,0.009,0.0051,0.0027,0.0,0.0
1780080239530,1,12.00000018,Upper Delivery,Loading,pitch.0,774129,0.0977,-0.2503,0.4592,-0.0884,-0.0304,-0.0012,0.0,0.0
1780080239530,1,Pitching Mound.Delivery,,Loading,pitch.0,772217,0.1941,-0.3055,0.6005,-0.1874,-0.0253,0.0019,0.0,0.0
1780080239530,1,Pitching Mound.Drive,,Loading,pitch.0,773322,-2.6972,12.1842,100.0328,98.4963,-168.1881,18.8157,0.1723,0.1009
1780080239530,1,Pitching Mound.Parent,,Loading,pitch.0,771473,-2.5032,11.8787,100.6333,98.3088,-168.2134,18.8177,0.1713,0.0992
1780080239531,1,11.0000004b,Drive,Loading,pitch.0,773323,-2.7039,12.1636,100.0111,98.4751,-168.1398,18.7776,0.1723,0.1009
1780080239531,1,12.00000015,Lower Delivery,Loading,pitch.0,772842,0.0961,-0.0609,0.1472,0.013,0.0053,0.0037,0.0,0.0
1780080239531,1,12.00000018,Upper Delivery,Loading,pitch.0,774130,0.1096,-0.2575,0.4612,-0.0884,-0.0304,-0.0012,0.0,0.0
1780080239531,1,Pitching Mound.Delivery,,Loading,pitch.0,772218,0.2056,-0.3184,0.6084,-0.1822,-0.025,0.0071,0.0,0.0
1780080239531,1,Pitching Mound.Drive,,Loading,pitch.0,773323,-2.7039,12.1636,100.0111,98.4751,-168.1398,18.7776,0.1723,0.1009
1780080239531,1,Pitching Mound.Parent,,Loading,pitch.0,771474,-2.4983,11.8452,100.6195,98.2929,-168.1649,18.7847,0.1713,0.0992
1780080239532,1,11.0000004b,Drive,Loading,pitch.0,773324,-2.7158,12.1794,99.9371,98.5256,-168.0309,18.6895,0.1723,0.101
1780080239532,1,12.00000015,Lower Delivery,Loading,pitch.0,772843,0.0709,-0.0624,0.1457,-0.0033,0.0039,0.0031,0.0,0.0
1780080239532,1,12.00000018,Upper Delivery,Loading,pitch.0,774131,0.1264,-0.3194,0.6415,-0.0884,-0.0304,-0.0012,0.0,0.0
1780080239532,1,Pitching Mound.Delivery,,Loading,pitch.0,772219,0.1973,-0.3818,0.7872,-0.2603,-0.0264,0.0207,0.0,0.0
1780080239532,1,Pitching Mound.Drive,,Loading,pitch.0,773324,-2.7158,12.1794,99.9371,98.5256,-168.0309,18.6895,0.1723,0.101
1780080239532,1,Pitching Mound.Parent,,Loading,pitch.0,771475,-2.5186,11.7976,100.7243,98.2653,-168.0574,18.7103,0.171,0.0986
1780080239533,1,11.0000004b,Drive,Loading,pitch.0,773325,-2.7007,12.1752,99.8318,98.5235,-167.8392,18.6485,0.1723,0.1012
1780080239533,1,12.00000015,Lower Delivery,Loading,pitch.0,772845,0.0452,-0.0425,0.0949,-0.0429,-0.0065,0.0051,0.0,0.0
1780080239533,1,12.00000015,Lower Delivery,Loading,pitch.0,772844,0.0443,-0.0355,0.1029,-0.0138,0.0021,0.0055,0.0,0.0
1780080239533,1,12.00000018,Upper Delivery,Loading,pitch.0,774132,0.1173,-0.2694,0.4205,-0.0884,-0.0304,-0.0012,0.0,0.0
1780080239533,1,Pitching Mound.Delivery,,Loading,pitch.0,772220,0.1615,-0.3049,0.5234,-0.2102,-0.0283,0.0292,0.0,0.0
1780080239533,1,Pitching Mound.Drive,,Loading,pitch.0,773325,-2.7007,12.1752,99.8318,98.5235,-167.8392,18.6485,0.1723,0.1012
1780080239533,1,Pitching Mound.Parent,,Loading,pitch.0,771476,-2.5392,11.8702,100.3552,98.3133,-167.8675,18.6777,0.1714,0.0995
1780080239534,1,11.0000004b,Drive,Loading,pitch.0,773326,-2.6861,12.17,99.6611,98.4523,-167.6422,18.5925,0.1724,0.1013
1780080239534,1,12.00000015,Lower Delivery,Loading,pitch.0,772846,0.0156,-0.0613,0.0875,-0.043,-0.0052,0.0045,0.0,0.0
1780080239534,1,12.00000018,Upper Delivery,Loading,pitch.0,774133,0.0867,-0.2542,0.3399,-0.0884,-0.0304,-0.0012,0.0,0.0
1780080239534,1,Pitching Mound.Delivery,,Loading,pitch.0,772221,0.1318,-0.2967,0.4348,-0.2146,-0.0369,0.018,0.0,0.0
1780080239534,1,Pitching Mound.Drive,,Loading,pitch.0,773326,-2.6861,12.17,99.6611,98.4523,-167.6422,18.5925,0.1724,0.1013
1780080239534,1,Pitching Mound.Parent,,Loading,pitch.0,771477,-2.5542,11.8733,100.0959,98.2377,-167.6791,18.6105,0.1717,0.1
1780080239535,1,11.0000004b,Drive,Loading,pitch.0,773327,-2.6692,12.1586,99.5777,98.4695,-167.6726,18.5115,0.1726,0.1014
1780080239535,1,12.00000018,Upper Delivery,Loading,pitch.0,774134,0.064,-0.229,0.2493,-0.0884,-0.0304,-0.0012,0.0,0.0
1780080239535,1,Pitching Mound.Delivery,,Loading,pitch.0,772222,0.0796,-0.2903,0.3368,-0.1864,-0.0356,0.0197,0.0,0.0
1780080239535,1,Pitching Mound.Drive,,Loading,pitch.0,773327,-2.6692,12.1586,99.5777,98.4695,-167.6726,18.5115,0.1726,0.1014
1780080239535,1,Pitching Mound.Parent,,Loading,pitch.0,771478,-2.5896,11.8682,99.9144,98.2832,-167.7082,18.5312,0.172,0.1005
1780080239536,1,11.0000004b,Drive,Loading,pitch.0,773328,-2.6511,12.1421,99.5623,98.483,-167.7145,18.4169,0.1727,0.1014
1780080239536,1,12.00000015,Lower Delivery,Loading,pitch.0,772847,0.0294,-0.0392,0.0878,-0.0483,-0.0097,0.0051,0.0,0.0
1780080239536,1,12.00000018,Upper Delivery,Loading,pitch.0,774135,0.0947,-0.2552,0.3298,-0.0884,-0.0304,-0.0012,0.0,0.0
1780080239536,1,Pitching Mound.Delivery,,Loading,pitch.0,772223,0.1241,-0.2943,0.4177,-0.2189,-0.0401,0.0261,0.0,0.0
1780080239536,1,Pitching Mound.Drive,,Loading,pitch.0,773328,-2.6511,12.1421,99.5623,98.483,-167.7145,18.4169,0.1727,0.1014
1780080239536,1,Pitching Mound.Parent,,Loading,pitch.0,771479,-2.5271,11.8478,99.98,98.2641,-167.7546,18.443,0.1719,0.1001
1780080239537,1,11.0000004b,Drive,Loading,pitch.0,773329,-2.6291,12.1385,99.5254,98.457,-167.5834,18.2987,0.1726,0.1014
1780080239537,1,12.00000015,Lower Delivery,Loading,pitch.0,772848,0.0224,-0.0418,0.0816,-0.0577,-0.0097,0.0063,0.0,0.0
1780080239537,1,12.00000015,Lower Delivery,Loading,pitch.0,772849,0.0208,-0.0306,0.048,-0.0657,-0.0109,0.0043,0.0,0.0
1780080239537,1,12.00000018,Upper Delivery,Loading,pitch.0,774136,0.0615,-0.2278,0.251,-0.0884,-0.0304,-0.0012,0.0,0.0
1780080239537,1,Pitching Mound.Delivery,,Loading,pitch.0,772224,0.0839,-0.2696,0.3326,-0.2036,-0.0401,0.0184,0.0,0.0
1780080239537,1,Pitching Mound.Drive,,Loading,pitch.0,773329,-2.6291,12.1385,99.5254,98.457,-167.5834,18.2987,0.1726,0.1014
1780080239537,1,Pitching Mound.Parent,,Loading,pitch.0,771480,-2.5452,11.8689,99.858,98.2534,-167.6235,18.3171,0.172,0.1005
1780080239538,1,11.0000004b,Drive,Loading,pitch.0,773330,-2.6053,12.1242,99.495,98.3788,-167.4715,18.2559,0.1725,0.1013
1780080239538,1,12.00000018,Upper Delivery,Loading,pitch.0,774137,0.0059,-0.1712,0.1069,-0.0884,-0.0304,-0.0012,0.0,0.0
1780080239538,1,Pitching Mound.Delivery,,Loading,pitch.0,772225,0.0267,-0.2018,0.1548,-0.1741,-0.0412,-0.002,0.0,0.0
1780080239538,1,Pitching Mound.Drive,,Loading,pitch.0,773330,-2.6053,12.1242,99.495,98.3788,-167.4715,18.2559,0.1725,0.1013
1780080239538,1,Pitching Mound.Parent,,Loading,pitch.0,771481,-2.5786,11.9224,99.6499,98.2047,-167.5127,18.2539,0.1723,0.101
1780080239539,1,11.0000004b,Drive,Loading,pitch.0,773331,-2.5891,12.116,99.3973,98.3862,-167.3414,18.1852,0.1726,0.1015
1780080239539,1,12.00000015,Lower Delivery,Loading,pitch.0,772850,0.0329,-0.0357,0.0644,-0.0522,-0.0099,0.0056,0.0,0.0
1780080239539,1,12.00000015,Lower Delivery,Loading,pitch.0,772851,0.0556,-0.0485,0.093,-0.0496,-0.0081,0.0075,0.0,0.0
1780080239539,1,12.00000018,Upper Delivery,Loading,pitch.0,774138,0.0264,-0.1793,0.1715,-0.0884,-0.0304,-0.0012,0.0,0.0
1780080239539,1,Pitching Mound.Delivery,,Loading,pitch.0,772226,0.0593,-0.2149,0.2359,-0.177,-0.0403,0.0022,0.0,0.0
1780080239539,1,Pitching Mound.Drive,,Loading,pitch.0,773331,-2.5891,12.116,99.3973,98.3862,-167.3414,18.1852,0.1726,0.1015
1780080239539,1,Pitching Mound.Parent,,Loading,pitch.0,771482,-2.5297,11.9011,99.6332,98.2092,-167.3817,18.1873,0.1721,0.1008
1780080239540,1,11.0000004b,Drive,Loading,pitch.0,773333,-2.5279,12.1175,99.2548,98.3874,-167.2549,18.0031,0.1727,0.1016
1780080239540,1,11.0000004b,Drive,Loading,pitch.0,773332,-2.5494,12.1158,99.2546,98.2674,-167.105,18.0835,0.1726,0.1015
1780080239540,1,12.00000015,Lower Delivery,Loading,pitch.0,772852,0.0937,-0.088,0.1456,-0.0211,-0.0056,0.0109,0.0,0.0
1780080239540,1,12.00000018,Upper Delivery,Loading,pitch.0,774139,0.077,-0.2346,0.2881,-0.0884,-0.0304,-0.0012,0.0,0.0
1780080239540,1,Pitching Mound.Delivery,,Loading,pitch.0,772227,0.1327,-0.2831,0.3811,-0.2043,-0.0385,0.0136,0.0,0.0
1780080239540,1,Pitching Mound.Drive,,Loading,pitch.0,773333,-2.5279,12.1175,99.2548,98.3874,-167.2549,18.0031,0.1727,0.1016
1780080239540,1,Pitching Mound.Drive,,Loading,pitch.0,773332,-2.5494,12.1158,99.2546,98.2674,-167.105,18.0835,0.1726,0.1015
1780080239540,1,Pitching Mound.Parent,,Loading,pitch.0,771483,-2.4168,11.8327,99.6357,98.0632,-167.1435,18.0972,0.1719,0.1004
1780080239541,1,11.0000004b,Drive,Loading,pitch.0,773334,-2.4985,12.1194,99.1848,98.3469,-167.1753,17.9438,0.1728,0.1016
1780080239541,1,12.00000015,Lower Delivery,Loading,pitch.0,772853,0.0815,-0.0842,0.1295,-0.0253,-0.0088,0.0088,0.0,0.0
1780080239541,1,12.00000018,Upper Delivery,Loading,pitch.0,774140,0.0639,-0.2028,0.2567,-0.0884,-0.0304,-0.0012,0.0,0.0
1780080239541,1,Pitching Mound.Delivery,,Loading,pitch.0,772228,0.1576,-0.2908,0.4023,-0.1473,-0.0359,-0.0004,0.0,0.0
1780080239541,1,Pitching Mound.Drive,,Loading,pitch.0,773334,-2.4985,12.1194,99.1848,98.3469,-167.1753,17.9438,0.1728,0.1016
1780080239541,1,Pitching Mound.Parent,,Loading,pitch.0,771484,-2.3703,11.8268,99.6571,98.2401,-167.2908,18.0027,0.172,0.1008
1780080239542,1,11.0000004b,Drive,Loading,pitch.0,773335,-2.4606,12.1133,99.1666,98.2708,-167.0825,17.8566,0.1727,0.1016
1780080239542,1,12.00000015,Lower Delivery,Loading,pitch.0,772854,0.1064,-0.1046,0.1721,-0.0176,-0.0054,0.0041,0.0,0.0
1780080239542,1,12.00000018,Upper Delivery,Loading,pitch.0,774141,0.0665,-0.2205,0.3096,-0.0884,-0.0304,-0.0012,0.0,0.0
1780080239542,1,Pitching Mound.Delivery,,Loading,pitch.0,772229,0.148,-0.3047,0.4391,-0.1749,-0.0392,0.0025,0.0,0.0
1780080239542,1,Pitching Mound.Drive,,Loading,pitch.0,773335,-2.4606,12.1133,99.1666,98.2708,-167.0825,17.8566,0.1727,0.1016
1780080239542,1,Pitching Mound.Parent,,Loading,pitch.0,771485,-2.3504,11.8147,99.624,98.172,-167.2145,17.9463,0.172,0.1006
1780080239543,1,11.0000004b,Drive,Loading,pitch.0,773336,-2.4379,12.1179,99.1241,98.3897,-167.1314,17.7723,0.1728,0.1017
1780080239543,1,12.00000015,Lower Delivery,Loading,pitch.0,772855,0.1004,-0.1289,0.1925,-0.0102,-0.0039,0.0021,0.0,0.0
1780080239543,1,12.00000018,Upper Delivery,Loading,pitch.0,774142,0.0081,-0.1779,0.1904,-0.0884,-0.0304,-0.0012,0.0,0.0
1780080239543,1,Pitching Mound.Delivery,,Loading,pitch.0,772230,0.1144,-0.2825,0.3625,-0.1122,-0.0358,-0.0305,0.0,0.0
1780080239543,1,Pitching Mound.Drive,,Loading,pitch.0,773336,-2.4379,12.1179,99.1241,98.3897,-167.1314,17.7723,0.1728,0.1017
1780080239543,1,Pitching Mound.Parent,,Loading,pitch.0,771486,-2.3461,11.8308,99.529,98.1587,-167.1183,17.8261,0.1721,0.1011
1780080239544,1,11.0000004b,Drive,Loading,pitch.0,773337,-2.4202,12.1197,99.1844,98.3221,-166.9973,17.6604,0.1726,0.1016
1780080239544,1,12.00000015,Lower Delivery,Loading,pitch.0,772856,0.0963,-0.1227,0.1976,-0.0106,-0.0038,0.0051,0.0,0.0
1780080239544,1,12.00000018,Upper Delivery,Loading,pitch.0,774143,0.0251,-0.1828,0.2038,-0.0884,-0.0304,-0.0012,0.0,0.0
1780080239544,1,Pitching Mound.Delivery,,Loading,pitch.0,772231,0.1255,-0.3117,0.3964,-0.1024,-0.0343,-0.0247,0.0,0.0
1780080239544,1,Pitching Mound.Drive,,Loading,pitch.0,773337,-2.4202,12.1197,99.1844,98.3221,-166.9973,17.6604,0.1726,0.1016
1780080239544,1,Pitching Mound.Parent,,Loading,pitch.0,771487,-2.3124,11.8062,99.5205,98.2873,-167.1657,17.7476,0.1721,0.1013
1780080239545,1,11.0000004b,Drive,Loading,pitch.0,773338,-2.3939,12.1305,99.1797,98.3312,-166.9236,17.5854,0.1725,0.1016
1780080239545,1,12.00000015,Lower Delivery,Loading,pitch.0,772857,0.073,-0.1069,0.1807,0.0028,0.0089,0.0056,0.0,0.0
1780080239545,1,12.00000018,Upper Delivery,Loading,pitch.0,774144,0.0366,-0.1915,0.2184,-0.0884,-0.0304,-0.0012,0.0,0.0
1780080239545,1,Pitching Mound.Delivery,,Loading,pitch.0,772232,0.133,-0.3142,0.416,-0.106,-0.0342,-0.0164,0.0,0.0
1780080239545,1,Pitching Mound.Drive,,Loading,pitch.0,773338,-2.3939,12.1305,99.1797,98.3312,-166.9236,17.5854,0.1725,0.1016
1780080239545,1,Pitching Mound.Parent,,Loading,pitch.0,771488,-2.2872,11.8055,99.6004,98.2161,-167.0314,17.644,0.1719,0.1011
1780080239546,1,11.0000004b,Drive,Loading,pitch.0,773339,-2.3671,12.1366,99.177,98.2755,-166.8678,17.5252,0.1725,0.1016
1780080239546,1,12.00000015,Lower Delivery,Loading,pitch.0,772858,0.0865,-0.1238,0.2283,0.0004,0.0119,0.0049,0.0,0.0
1780080239546,1,12.00000018,Upper Delivery,Loading,pitch.0,774145,0.0679,-0.2108,0.2869,-0.0884,-0.0304,-0.0012,0.0,0.0
1780080239546,1,Pitching Mound.Delivery,,Loading,pitch.0,772233,0.141,-0.3177,0.4676,-0.1217,-0.0215,0.0027,0.0,0.0
1780080239546,1,Pitching Mound.Drive,,Loading,pitch.0,773339,-2.3671,12.1366,99.177,98.2755,-166.8678,17.5252,0.1725,0.1016
1780080239546,1,Pitching Mound.Parent,,Loading,pitch.0,771489,-2.253,11.8128,99.6473,98.2095,-166.9451,17.5881,0.1717,0.1008
1780080239547,1,11.0000004b,Drive,Loading,pitch.0,773340,-2.3282,12.1309,98.93,98.2106,-166.609,17.4077,0.1726,0.1017
1780080239547,1,12.00000015,Lower Delivery,Loading,pitch.0,772859,0.1133,-0.1523,0.237,0.0008,0.0118,0.0056,0.0,0.0
1780080239547,1,12.00000018,Upper Delivery,Loading,pitch.0,774146,0.0623,-0.2048,0.2904,-0.0884,-0.0304,-0.0012,0.0,0.0
1780080239547,1,Pitching Mound.Delivery,,Loading,pitch.0,772234,0.1488,-0.3286,0.5187,-0.1091,-0.0185,-0.0046,0.0,0.0
1780080239547,1,Pitching Mound.Drive,,Loading,pitch.0,773340,-2.3282,12.1309,98.93,98.2106,-166.609,17.4077,0.1726,0.1017
1780080239547,1,Pitching Mound.Parent,,Loading,pitch.0,771490,-2.2183,11.8081,99.6957,98.1664,-166.8863,17.5206,0.1716,0.1008
1780080239548,1,12.00000015,Lower Delivery,Loading,pitch.0,772860,0.1238,-0.1567,0.211,0.0126,0.0156,0.0057,0.0,0.0
1780080239548,1,12.00000018,Upper Delivery,Loading,pitch.0,774147,0.0888,-0.2349,0.3507,-0.0884,-0.0304,-0.0012,0.0,0.0
1780080239548,1,Pitching Mound.Delivery,,Loading,pitch.0,772235,0.2021,-0.3872,0.5877,-0.1262,-0.0185,-0.0039,0.0,0.0
1780080239548,1,Pitching Mound.Parent,,Loading,pitch.0,771491,-2.1261,11.7437,99.5177,98.0844,-166.6275,17.4038,0.1716,0.1008
1780080239549,1,11.0000004b,Drive,Loading,pitch.0,773341,-2.2972,12.1427,98.9382,98.2501,-166.5097,17.3402,0.1725,0.1018
1780080239549,1,12.00000018,Upper Delivery,Loading,pitch.0,774148,0.1165,-0.2489,0.4134,-0.0884,-0.0304,-0.0012,0.0,0.0
1780080239549,1,Pitching Mound.Delivery,,Loading,pitch.0,772236,0.2403,-0.4056,0.6244,-0.1446,-0.0148,0.002,0.0,0.0
1780080239549,1,Pitching Mound.Drive,,Loading,pitch.0,773341,-2.2972,12.1427,98.9382,98.2501,-166.5097,17.3402,0.1725,0.1018
1780080239549,1,Pitching Mound.Parent,,Loading,pitch.0,771492,-2.0569,11.737,99.5626,98.1055,-166.5245,17.3422,0.1714,0.1005
1780080239550,1,11.0000004b,Drive,Loading,pitch.0,773342,-2.2702,12.1588,98.8588,98.2611,-166.3855,17.2434,0.1725,0.1019
1780080239550,1,11.0000004b,Drive,Loading,pitch.0,773343,-2.2435,12.1613,98.8026,98.2117,-166.1064,17.1686,0.1723,0.1019
1780080239550,1,12.00000015,Lower Delivery,Loading,pitch.0,772861,0.151,-0.1761,0.1886,0.0041,0.008,0.0076,0.0,0.0
1780080239550,1,12.00000018,Upper Delivery,Loading,pitch.0,774149,0.0796,-0.223,0.3471,-0.0884,-0.0304,-0.0012,0.0,0.0
1780080239550,1,Pitching Mound.Delivery,,Loading,pitch.0,772237,0.2305,-0.3991,0.5357,-0.1382,-0.0224,-0.0179,0.0,0.0
1780080239550,1,Pitching Mound.Drive,,Loading,pitch.0,773342,-2.2702,12.1588,98.8588,98.2611,-166.3855,17.2434,0.1725,0.1019
1780080239550,1,Pitching Mound.Drive,,Loading,pitch.0,773343,-2.2435,12.1613,98.8026,98.2117,-166.1064,17.1686,0.1723,0.1019
1780080239550,1,Pitching Mound.Parent,,Loading,pitch.0,771493,-2.0397,11.7597,99.3945,98.1229,-166.408,17.2255,0.1716,0.1008
1780080239551,1,11.0000004b,Drive,Loading,pitch.0,773344,-2.2318,12.1686,98.7851,98.1985,-165.9304,17.078,0.1722,0.1019
1780080239551,1,12.00000015,Lower Delivery,Loading,pitch.0,772862,0.1587,-0.1788,0.187,0.0113,0.008,0.0089,0.0,0.0
1780080239551,1,12.00000018,Upper Delivery,Loading,pitch.0,774150,0.0858,-0.2229,0.3196,-0.0884,-0.0304,-0.0012,0.0,0.0
1780080239551,1,Pitching Mound.Delivery,,Loading,pitch.0,772238,0.2445,-0.4017,0.5066,-0.1222,-0.0224,-0.0171,0.0,0.0
1780080239551,1,Pitching Mound.Drive,,Loading,pitch.0,773344,-2.2318,12.1686,98.7851,98.1985,-165.9304,17.078,0.1722,0.1019
1780080239551,1,Pitching Mound.Parent,,Loading,pitch.0,771494,-1.999,11.7596,99.3092,98.0895,-166.1288,17.1515,0.1714,0.1009
1780080239552,1,11.0000004b,Drive,Loading,pitch.0,773345,-2.2061,12.187,98.7311,98.1642,-165.93,16.9803,0.1723,0.1019
1780080239552,1,12.00000015,Lower Delivery,Loading,pitch.0,772863,0.188,-0.1779,0.2271,0.024,0.014,0.0085,0.0,0.0
1780080239552,1,12.00000018,Upper Delivery,Loading,pitch.0,774151,0.0876,-0.2391,0.3276,-0.0884,-0.0304,-0.0012,0.0,0.0
1780080239552,1,Pitching Mound.Delivery,,Loading,pitch.0,772239,0.2756,-0.417,0.5547,-0.0985,-0.0163,-0.0269,0.0,0.0
1780080239552,1,Pitching Mound.Drive,,Loading,pitch.0,773345,-2.2061,12.187,98.7311,98.1642,-165.93,16.9803,0.1723,0.1019
1780080239552,1,Pitching Mound.Parent,,Loading,pitch.0,771495,-1.9562,11.7517,99.3399,98.1,-165.9467,17.0511,0.1712,0.101
1780080239553,1,11.0000004b,Drive,Loading,pitch.0,773346,-2.1999,12.2032,98.707,98.2305,-165.7684,16.9267,0.1721,0.102
1780080239553,1,12.00000015,Lower Delivery,Loading,pitch.0,772864,0.17,-0.1548,0.2423,0.043,0.0199,0.0099,0.0,0.0
1780080239553,1,12.00000018,Upper Delivery,Loading,pitch.0,774152,0.1255,-0.2654,0.4102,-0.0884,-0.0304,-0.0012,0.0,0.0
1780080239553,1,Pitching Mound.Delivery,,Loading,pitch.0,772240,0.2955,-0.4202,0.6525,-0.1024,-0.0105,-0.0065,0.0,0.0
1780080239553,1,Pitching Mound.Drive,,Loading,pitch.0,773346,-2.1999,12.2032,98.707,98.2305,-165.7684,16.9267,0.1721,0.102
1780080239553,1,Pitching Mound.Parent,,Loading,pitch.0,771496,-1.9106,11.7667,99.3836,98.0618,-165.9404,16.9738,0.1711,0.1007
1780080239554,1,11.0000004b,Drive,Loading,pitch.0,773347,-2.1799,12.2231,98.4633,98.2628,-165.4809,16.8418,0.1723,0.1023
1780080239554,1,12.00000015,Lower Delivery,Loading,pitch.0,772865,0.1557,-0.1429,0.2191,0.0405,0.0091,0.0114,0.0,0.0
1780080239554,1,12.00000018,Upper Delivery,Loading,pitch.0,774153,0.0813,-0.2112,0.252,-0.0884,-0.0304,-0.0012,0.0,0.0
1780080239554,1,12.00000018,Upper Delivery,Loading,pitch.0,774154,0.0492,-0.1785,0.2238,-0.0884,-0.0304,-0.0012,0.0,0.0
1780080239554,1,Pitching Mound.Delivery,,Loading,pitch.0,772241,0.2369,-0.3541,0.4711,-0.059,-0.0212,-0.0151,0.0,0.0
1780080239554,1,Pitching Mound.Drive,,Loading,pitch.0,773347,-2.1799,12.2231,98.4633,98.2628,-165.4809,16.8418,0.1723,0.1023
1780080239554,1,Pitching Mound.Parent,,Loading,pitch.0,771497,-1.963,11.8491,99.1781,98.1715,-165.7896,16.9116,0.1713,0.1014
1780080239555,1,11.0000004b,Drive,Loading,pitch.0,773348,-2.1582,12.2348,98.3556,98.3461,-165.4995,16.8259,0.1725,0.1025
1780080239555,1,12.00000015,Lower Delivery,Loading,pitch.0,772866,0.1514,-0.1374,0.2183,0.0493,0.0204,0.0127,0.0,0.0
1780080239555,1,12.00000018,Upper Delivery,Loading,pitch.0,774155,0.0564,-0.1825,0.2064,-0.0884,-0.0304,-0.0012,0.0,0.0
1780080239555,1,Pitching Mound.Delivery,,Loading,pitch.0,772242,0.2006,-0.3159,0.4422,-0.041,-0.0099,-0.0232,0.0,0.0
1780080239555,1,Pitching Mound.Drive,,Loading,pitch.0,773348,-2.1582,12.2348,98.3556,98.3461,-165.4995,16.8259,0.1725,0.1025
1780080239555,1,Pitching Mound.Parent,,Loading,pitch.0,771498,-1.9794,11.9072,98.9054,98.2218,-165.4908,16.8185,0.1715,0.1018
1780080239556,1,11.0000004b,Drive,Loading,pitch.0,773349,-2.148,12.2323,98.2333,98.3682,-165.3565,16.769,0.1725,0.1026
1780080239556,1,12.00000015,Lower Delivery,Loading,pitch.0,772867,0.1563,-0.1385,0.2357,0.0412,0.0144,0.0139,0.0,0.0
1780080239556,1,Pitching Mound.Delivery,,Loading,pitch.0,772243,0.2127,-0.321,0.4421,-0.0372,-0.016,-0.0213,0.0,0.0
1780080239556,1,Pitching Mound.Drive,,Loading,pitch.0,773349,-2.148,12.2323,98.2333,98.3682,-165.3565,16.769,0.1725,0.1026
1780080239556,1,Pitching Mound.Parent,,Loading,pitch.0,771499,-1.9455,11.9138,98.7977,98.309,-165.5155,16.8046,0.1717,0.1021
1780080239557,1,11.0000004b,Drive,Loading,pitch.0,773350,-2.12,12.2485,98.1953,98.4659,-165.3447,16.7367,0.1726,0.1028
1780080239557,1,12.00000015,Lower Delivery,Loading,pitch.0,772868,0.1597,-0.1354,0.2552,0.0379,0.0071,0.0143,0.0,0.0
1780080239557,1,12.00000018,Upper Delivery,Loading,pitch.0,774156,0.0997,-0.2327,0.3105,-0.0884,-0.0304,-0.0012,0.0,0.0
1780080239557,1,Pitching Mound.Delivery,,Loading,pitch.0,772244,0.2594,-0.3681,0.5657,-0.0693,-0.0232,-0.0073,0.0,0.0
1780080239557,1,Pitching Mound.Drive,,Loading,pitch.0,773350,-2.12,12.2485,98.1953,98.4659,-165.3447,16.7367,0.1726,0.1028
1780080239557,1,Pitching Mound.Parent,,Loading,pitch.0,771500,-1.8886,11.8642,98.799,98.2989,-165.3797,16.7617,0.1715,0.1019
1780080239558,1,11.0000004b,Drive,Loading,pitch.0,773351,-2.0958,12.2456,98.251,98.5185,-165.3262,16.67,0.1725,0.1028
1780080239558,1,12.00000015,Lower Delivery,Loading,pitch.0,772869,0.1693,-0.1427,0.2984,0.0297,0.0111,0.0128,0.0,0.0
1780080239558,1,12.00000018,Upper Delivery,Loading,pitch.0,774157,0.0748,-0.1991,0.2114,-0.0884,-0.0304,-0.0012,0.0,0.0
1780080239558,1,Pitching Mound.Delivery,,Loading,pitch.0,772245,0.2441,-0.3418,0.5098,-0.0291,-0.0193,-0.0205,0.0,0.0
1780080239558,1,Pitching Mound.Drive,,Loading,pitch.0,773351,-2.0958,12.2456,98.251,98.5185,-165.3262,16.67,0.1725,0.1028
1780080239558,1,Pitching Mound.Parent,,Loading,pitch.0,771501,-1.8759,11.9068,98.7051,98.4367,-165.364,16.7162,0.1717,0.1025
1780080239559,1,11.0000004b,Drive,Loading,pitch.0,773352,-2.0914,12.2492,98.1974,98.5984,-165.2635,16.6255,0.1725,0.1029
1780080239559,1,12.00000015,Lower Delivery,Loading,pitch.0,772870,0.1492,-0.14,0.267,0.0324,0.0067,0.0131,0.0,0.0
1780080239559,1,12.00000018,Upper Delivery,Loading,pitch.0,774158,0.0661,-0.1873,0.1938,-0.0884,-0.0304,-0.0012,0.0,0.0
1780080239559,1,12.00000018,Upper Delivery,Loading,pitch.0,774159,0.0708,-0.2132,0.2136,-0.0884,-0.0304,-0.0012,0.0,0.0
1780080239559,1,Pitching Mound.Delivery,,Loading,pitch.0,772246,0.2153,-0.3273,0.4608,-0.0311,-0.0237,-0.0163,0.0,0.0
1780080239559,1,Pitching Mound.Drive,,Loading,pitch.0,773352,-2.0914,12.2492,98.1974,98.5984,-165.2635,16.6255,0.1725,0.1029
1780080239559,1,Pitching Mound.Parent,,Loading,pitch.0,771502,-1.8805,11.9183,98.7118,98.4874,-165.35,16.6537,0.1717,0.1025
1780080239560,1,11.0000004b,Drive,Loading,pitch.0,773353,-2.0766,12.2319,98.0942,98.5671,-165.1545,16.5706,0.1726,0.103
1780080239560,1,12.00000015,Lower Delivery,Loading,pitch.0,772872,0.1219,-0.1513,0.2368,0.031,0.0051,0.0107,0.0,0.0
1780080239560,1,12.00000015,Lower Delivery,Loading,pitch.0,772871,0.1179,-0.1543,0.2394,0.0345,0.0102,0.0125,0.0,0.0
1780080239560,1,Pitching Mound.Delivery,,Loading,pitch.0,772247,0.1887,-0.3674,0.4529,-0.0451,-0.0202,-0.0047,0.0,0.0
1780080239560,1,Pitching Mound.Drive,,Loading,pitch.0,773353,-2.0766,12.2319,98.0942,98.5671,-165.1545,16.5706,0.1726,0.103
1780080239560,1,Pitching Mound.Parent,,Loading,pitch.0,771503,-1.9027,11.8818,98.6503,98.5534,-165.2837,16.6207,0.1717,0.1025
1780080239561,1,11.0000004b,Drive,Loading,pitch.0,773354,-2.0684,12.2367,97.9776,98.5972,-164.9868,16.4947,0.1726,0.1031
1780080239561,1,12.00000018,Upper Delivery,Loading,pitch.0,774160,0.0571,-0.1948,0.189,-0.0884,-0.0304,-0.0012,0.0,0.0
1780080239561,1,12.00000018,Upper Delivery,Loading,pitch.0,774161,0.073,-0.1958,0.2039,-0.0884,-0.0304,-0.0012,0.0,0.0
1780080239561,1,Pitching Mound.Delivery,,Loading,pitch.0,772248,0.179,-0.3462,0.4258,-0.0411,-0.0253,-0.0125,0.0,0.0
1780080239561,1,Pitching Mound.Drive,,Loading,pitch.0,773354,-2.0684,12.2367,97.9776,98.5972,-164.9868,16.4947,0.1726,0.1031
1780080239561,1,Pitching Mound.Parent,,Loading,pitch.0,771504,-1.8976,11.8857,98.52,98.526,-165.1798,16.5581,0.1718,0.1027
1780080239562,1,11.0000004b,Drive,Loading,pitch.0,773355,-2.0652,12.2325,98.0654,98.6927,-164.9763,16.4584,0.1724,0.1032
1780080239562,1,12.00000015,Lower Delivery,Loading,pitch.0,772873,0.1108,-0.1643,0.2331,0.0363,0.0099,0.0104,0.0,0.0
1780080239562,1,12.00000015,Lower Delivery,Loading,pitch.0,772874,0.1395,-0.2064,0.2624,0.0418,0.0102,0.0113,0.0,0.0
1780080239562,1,Pitching Mound.Delivery,,Loading,pitch.0,772249,0.1838,-0.36,0.437,-0.0421,-0.0205,-0.0037,0.0,0.0
1780080239562,1,Pitching Mound.Drive,,Loading,pitch.0,773355,-2.0652,12.2325,98.0654,98.6927,-164.9763,16.4584,0.1724,0.1032
1780080239562,1,Pitching Mound.Parent,,Loading,pitch.0,771505,-1.8846,11.8767,98.4146,98.5551,-165.0073,16.4911,0.1718,0.1028
1780080239563,1,11.0000004b,Drive,Loading,pitch.0,773356,-2.0552,12.2251,97.9784,98.5836,-164.7473,16.3776,0.1723,0.1031
1780080239563,1,12.00000015,Lower Delivery,Loading,pitch.0,772875,0.1191,-0.2043,0.2103,0.0227,-0.0018,0.0065,0.0,0.0
1780080239563,1,12.00000018,Upper Delivery,Loading,pitch.0,774162,0.072,-0.196,0.2092,-0.0884,-0.0304,-0.0012,0.0,0.0
1780080239563,1,12.00000018,Upper Delivery,Loading,pitch.0,774163,0.0178,-0.1434,0.1144,-0.0884,-0.0304,-0.0012,0.0,0.0
1780080239563,1,Pitching Mound.Delivery,,Loading,pitch.0,772250,0.2115,-0.4024,0.4715,-0.0284,-0.0201,-0.0128,0.0,0.0
1780080239563,1,Pitching Mound.Delivery,,Loading,pitch.0,772251,0.1369,-0.3477,0.3247,-0.033,-0.0321,-0.0291,0.0,0.0
1780080239563,1,Pitching Mound.Drive,,Loading,pitch.0,773356,-2.0552,12.2251,97.9784,98.5836,-164.7473,16.3776,0.1723,0.1031
1780080239563,1,Pitching Mound.Parent,,Loading,pitch.0,771506,-1.8537,11.8301,98.5369,98.6642,-164.9965,16.4455,0.1716,0.1028
1780080239563,1,Pitching Mound.Parent,,Loading,pitch.0,771507,-1.9183,11.8774,98.3031,98.5505,-164.7794,16.3485,0.1718,0.1031
1780080239564,1,11.0000004b,Drive,Loading,pitch.0,773357,-2.0475,12.2255,97.8745,98.6019,-164.7458,16.3241,0.1725,0.1033
1780080239564,1,12.00000015,Lower Delivery,Loading,pitch.0,772876,0.1202,-0.1947,0.2445,0.0233,-0.002,0.007,0.0,0.0
1780080239564,1,12.00000018,Upper Delivery,Loading,pitch.0,774164,-0.0019,-0.134,0.0796,-0.0884,-0.0304,-0.0012,0.0,0.0
1780080239564,1,Pitching Mound.Delivery,,Loading,pitch.0,772252,0.1183,-0.3287,0.3241,-0.009,-0.0324,-0.0358,0.0,0.0
1780080239564,1,Pitching Mound.Drive,,Loading,pitch.0,773357,-2.0475,12.2255,97.8745,98.6019,-164.7458,16.3241,0.1725,0.1033
1780080239564,1,Pitching Mound.Parent,,Loading,pitch.0,771508,-1.9292,11.8967,98.1986,98.593,-164.7782,16.2883,0.172,0.1035
1780080239565,1,11.0000004b,Drive,Loading,pitch.0,773358,-2.0433,12.2285,97.7674,98.5197,-164.6757,16.2429,0.1726,0.1033
1780080239565,1,12.00000015,Lower Delivery,Loading,pitch.0,772877,0.1176,-0.2023,0.2258,0.0239,-0.0042,0.0054,0.0,0.0
1780080239565,1,Pitching Mound.Drive,,Loading,pitch.0,773358,-2.0433,12.2285,97.7674,98.5197,-164.6757,16.2429,0.1726,0.1033
1780080239566,1,11.0000004b,Drive,Loading,pitch.0,773359,-2.0522,12.2299,97.6564,98.5005,-164.5343,16.1489,0.1727,0.1034
1780080239566,1,12.00000015,Lower Delivery,Loading,pitch.0,772878,0.0986,-0.1899,0.1864,0.0303,-0.0036,0.0044,0.0,0.0
1780080239566,1,12.00000018,Upper Delivery,Loading,pitch.0,774165,0.0268,-0.1734,0.1304,-0.0884,-0.0304,-0.0012,0.0,0.0
1780080239566,1,12.00000018,Upper Delivery,Loading,pitch.0,774166,0.0513,-0.1829,0.1629,-0.0884,-0.0304,-0.0012,0.0,0.0
1780080239566,1,Pitching Mound.Delivery,,Loading,pitch.0,772253,0.1444,-0.3757,0.3562,-0.0321,-0.0346,-0.0267,0.0,0.0
1780080239566,1,Pitching Mound.Delivery,,Loading,pitch.0,772254,0.1499,-0.3727,0.3493,-0.0501,-0.0339,-0.0128,0.0,0.0
1780080239566,1,Pitching Mound.Drive,,Loading,pitch.0,773359,-2.0522,12.2299,97.6564,98.5005,-164.5343,16.1489,0.1727,0.1034
1780080239566,1,Pitching Mound.Parent,,Loading,pitch.0,771509,-1.8989,11.8528,98.1236,98.4876,-164.7103,16.2162,0.172,0.1032
1780080239566,1,Pitching Mound.Parent,,Loading,pitch.0,771510,-1.9023,11.8572,98.0057,98.4504,-164.5682,16.1361,0.1721,0.1031
1780080239567,1,11.0000004b,Drive,Loading,pitch.0,773360,-2.0496,12.2519,97.6152,98.5662,-164.4537,16.0715,0.1727,0.1035
1780080239567,1,12.00000015,Lower Delivery,Loading,pitch.0,772879,0.1212,-0.1938,0.2154,0.0343,-0.0015,0.0045,0.0,0.0
1780080239567,1,12.00000018,Upper Delivery,Loading,pitch.0,774167,0.0017,-0.1273,0.0735,-0.0884,-0.0304,-0.0012,0.0,0.0
1780080239567,1,Pitching Mound.Delivery,,Loading,pitch.0,772255,0.1228,-0.3211,0.2889,-0.0059,-0.0319,-0.0374,0.0,0.0
1780080239567,1,Pitching Mound.Drive,,Loading,pitch.0,773360,-2.0496,12.2519,97.6152,98.5662,-164.4537,16.0715,0.1727,0.1035
1780080239567,1,Pitching Mound.Parent,,Loading,pitch.0,771511,-1.9268,11.9308,97.904,98.5603,-164.4856,16.0341,0.1722,0.1037
1780080239568,1,11.0000004b,Drive,Loading,pitch.0,773361,-2.052,12.2441,97.4534,98.552,-164.2924,16.0314,0.1728,0.1037
1780080239568,1,12.00000015,Lower Delivery,Loading,pitch.0,772880,0.1281,-0.1711,0.2071,0.0281,-0.005,0.0047,0.0,0.0
1780080239568,1,12.00000018,Upper Delivery,Loading,pitch.0,774168,-0.0002,-0.1057,0.0533,-0.0884,-0.0304,-0.0012,0.0,0.0
1780080239568,1,Pitching Mound.Delivery,,Loading,pitch.0,772256,0.1279,-0.2768,0.2604,-0.008,-0.0354,-0.0402,0.0,0.0
1780080239568,1,Pitching Mound.Drive,,Loading,pitch.0,773361,-2.052,12.2441,97.4534,98.552,-164.2924,16.0314,0.1728,0.1037
1780080239568,1,Pitching Mound.Parent,,Loading,pitch.0,771512,-1.9241,11.9673,97.7138,98.544,-164.3278,15.9912,0.1723,0.1039
1780080239569,1,11.0000004b,Drive,Loading,pitch.0,773362,-2.0426,12.2488,97.3595,98.5793,-164.2152,15.971,0.1729,0.1038
1780080239569,1,12.00000015,Lower Delivery,Loading,pitch.0,772881,0.1441,-0.1624,0.2176,0.0231,-0.0113,0.0068,0.0,0.0
1780080239569,1,12.00000018,Upper Delivery,Loading,pitch.0,774169,0.003,-0.0947,0.0525,-0.0884,-0.0304,-0.0012,0.0,0.0
1780080239569,1,Pitching Mound.Delivery,,Loading,pitch.0,772257,0.1471,-0.2571,0.2701,-0.0092,-0.0417,-0.0423,0.0,0.0
1780080239569,1,Pitching Mound.Drive,,Loading,pitch.0,773362,-2.0426,12.2488,97.3595,98.5793,-164.2152,15.971,0.1729,0.1038
1780080239569,1,Pitching Mound.Parent,,Loading,pitch.0,771513,-1.8955,11.9917,97.6297,98.5702,-164.2568,15.9287,0.1724,0.1041
1780080239570,1,11.0000004b,Drive,Loading,pitch.0,773363,-2.0342,12.2532,97.3037,98.5684,-164.162,15.9248,0.1729,0.1038
1780080239570,1,12.00000015,Lower Delivery,Loading,pitch.0,772882,0.1488,-0.1305,0.2289,0.0004,-0.0119,0.0076,0.0,0.0
1780080239570,1,12.00000018,Upper Delivery,Loading,pitch.0,774170,0.0026,-0.0964,0.0526,-0.0884,-0.0304,-0.0012,0.0,0.0
1780080239570,1,Pitching Mound.Delivery,,Loading,pitch.0,772258,0.1514,-0.2269,0.2814,-0.028,-0.0423,-0.0433,0.0,0.0
1780080239570,1,Pitching Mound.Drive,,Loading,pitch.0,773363,-2.0342,12.2532,97.3037,98.5684,-164.162,15.9248,0.1729,0.1038
1780080239570,1,Pitching Mound.Parent,,Loading,pitch.0,771514,-1.8827,12.0264,97.5852,98.5403,-164.2043,15.8816,0.1724,0.1041
1780080239571,1,11.0000004b,Drive,Loading,pitch.0,773364,-2.0249,12.2627,97.3478,98.6711,-164.2504,15.8619,0.1729,0.1039
1780080239571,1,12.00000015,Lower Delivery,Loading,pitch.0,772883,0.1154,-0.1048,0.1991,0.0003,-0.006,0.0117,0.0,0.0
1780080239571,1,12.00000018,Upper Delivery,Loading,pitch.0,774171,-0.0029,-0.1128,0.0588,-0.0884,-0.0304,-0.0012,0.0,0.0
1780080239571,1,Pitching Mound.Delivery,,Loading,pitch.0,772259,0.1125,-0.2176,0.2578,-0.0404,-0.0364,-0.0298,0.0,0.0
1780080239571,1,Pitching Mound.Drive,,Loading,pitch.0,773364,-2.0249,12.2627,97.3478,98.6711,-164.2504,15.8619,0.1729,0.1039
1780080239571,1,Pitching Mound.Parent,,Loading,pitch.0,771515,-1.9124,12.0451,97.6056,98.6307,-164.2868,15.8321,0.1725,0.1041
1780080239572,1,11.0000004b,Drive,Loading,pitch.0,773365,-2.0038,12.2601,97.1479,98.7183,-164.1257,15.8012,0.1732,0.1042
1780080239572,1,12.00000015,Lower Delivery,Loading,pitch.0,772884,0.1323,-0.093,0.2118,0.0042,-0.0031,0.0125,0.0,0.0
1780080239572,1,12.00000018,Upper Delivery,Loading,pitch.0,774172,-0.0035,-0.1123,0.0601,-0.0884,-0.0304,-0.0012,0.0,0.0
1780080239572,1,Pitching Mound.Delivery,,Loading,pitch.0,772260,0.1288,-0.2053,0.2718,-0.0326,-0.0334,-0.0349,0.0,0.0
1780080239572,1,Pitching Mound.Drive,,Loading,pitch.0,773365,-2.0038,12.2601,97.1479,98.7183,-164.1257,15.8012,0.1732,0.1042
1780080239572,1,Pitching Mound.Parent,,Loading,pitch.0,771516,-1.875,12.0548,97.4197,98.6857,-164.1592,15.7663,0.1727,0.1044
1780080239573,1,11.0000004b,Drive,Loading,pitch.0,773366,-2.0012,12.2668,97.085,98.7524,-164.0816,15.7128,0.1732,0.1043
1780080239573,1,12.00000015,Lower Delivery,Loading,pitch.0,772885,0.0855,-0.052,0.1497,-0.0095,-0.0063,0.0159,0.0,0.0
1780080239573,1,12.00000018,Upper Delivery,Loading,pitch.0,774173,-0.0052,-0.1129,0.0604,-0.0884,-0.0304,-0.0012,0.0,0.0
1780080239573,1,Pitching Mound.Delivery,,Loading,pitch.0,772261,0.0803,-0.1649,0.2101,-0.0675,-0.0367,-0.0161,0.0,0.0
1780080239573,1,Pitching Mound.Drive,,Loading,pitch.0,773366,-2.0012,12.2668,97.085,98.7524,-164.0816,15.7128,0.1732,0.1043
1780080239573,1,Pitching Mound.Parent,,Loading,pitch.0,771517,-1.9209,12.1019,97.2952,98.6849,-164.1183,15.6967,0.1729,0.1043
1780080239574,1,11.0000004b,Drive,Loading,pitch.0,773367,-1.9864,12.2596,97.1697,98.7845,-164.0962,15.6679,0.1731,0.1042
1780080239574,1,12.00000015,Lower Delivery,Loading,pitch.0,772886,0.1035,-0.0649,0.1544,-0.0132,-0.0049,0.0164,0.0,0.0
1780080239574,1,12.00000018,Upper Delivery,Loading,pitch.0,774174,-0.005,-0.1189,0.0663,-0.0884,-0.0304,-0.0012,0.0,0.0
1780080239574,1,Pitching Mound.Delivery,,Loading,pitch.0,772262,0.0986,-0.1838,0.2206,-0.0716,-0.0353,-0.0217,0.0,0.0
1780080239574,1,Pitching Mound.Drive,,Loading,pitch.0,773367,-1.9864,12.2596,97.1697,98.7845,-164.0962,15.6679,0.1731,0.1042
1780080239574,1,Pitching Mound.Parent,,Loading,pitch.0,771518,-1.8878,12.0758,97.3903,98.7129,-164.1314,15.6463,0.1727,0.1043
1780080239575,1,11.0000004b,Drive,Loading,pitch.0,773368,-1.9707,12.2663,97.0939,98.8594,-164.0091,15.5905,0.1731,0.1044
1780080239575,1,12.00000015,Lower Delivery,Loading,pitch.0,772887,0.0976,-0.0471,0.1366,-0.019,-0.0063,0.0139,0.0,0.0
1780080239575,1,12.00000018,Upper Delivery,Loading,pitch.0,774175,0.0183,-0.1556,0.1162,-0.0884,-0.0304,-0.0012,0.0,0.0
1780080239575,1,Pitching Mound.Delivery,,Loading,pitch.0,772263,0.1159,-0.2028,0.2528,-0.1005,-0.0366,-0.0142,0.0,0.0
1780080239575,1,Pitching Mound.Drive,,Loading,pitch.0,773368,-1.9707,12.2663,97.0939,98.8594,-164.0091,15.5905,0.1731,0.1044
1780080239575,1,Pitching Mound.Parent,,Loading,pitch.0,771519,-1.8549,12.0635,97.3467,98.7589,-164.0457,15.5763,0.1727,0.1042
1780080239576,1,11.0000004b,Drive,Loading,pitch.0,773369,-1.9739,12.2522,97.0908,98.906,-163.8992,15.5649,0.173,0.1044
1780080239576,1,12.00000015,Lower Delivery,Loading,pitch.0,772888,0.1055,-0.0414,0.1474,-0.013,-0.011,0.0155,0.0,0.0
1780080239576,1,12.00000018,Upper Delivery,Loading,pitch.0,774176,0.0252,-0.1557,0.1295,-0.0884,-0.0304,-0.0012,0.0,0.0
1780080239576,1,Pitching Mound.Delivery,,Loading,pitch.0,772264,0.1307,-0.1972,0.2769,-0.0953,-0.0413,-0.013,0.0,0.0
1780080239576,1,Pitching Mound.Drive,,Loading,pitch.0,773369,-1.9739,12.2522,97.0908,98.906,-163.8992,15.5649,0.173,0.1044
1780080239576,1,Pitching Mound.Parent,,Loading,pitch.0,771520,-1.8432,12.055,97.3678,98.8107,-163.9406,15.552,0.1725,0.1042
1780080239577,1,11.0000004b,Drive,Loading,pitch.0,773370,-1.9455,12.261,96.8881,98.8708,-163.866,15.5276,0.1733,0.1046
1780080239577,1,12.00000015,Lower Delivery,Loading,pitch.0,772889,0.1366,-0.0635,0.2018,-0.0069,-0.0048,0.0127,0.0,0.0
1780080239577,1,12.00000018,Upper Delivery,Loading,pitch.0,774177,0.0003,-0.1385,0.0899,-0.0884,-0.0304,-0.0012,0.0,0.0
1780080239577,1,Pitching Mound.Delivery,,Loading,pitch.0,772265,0.1368,-0.202,0.2917,-0.0572,-0.0352,-0.0349,0.0,0.0
1780080239577,1,Pitching Mound.Drive,,Loading,pitch.0,773370,-1.9455,12.261,96.8881,98.8708,-163.866,15.5276,0.1733,0.1046
1780080239577,1,Pitching Mound.Parent,,Loading,pitch.0,771521,-1.8087,12.059,97.1799,98.8135,-163.9012,15.4927,0.1728,0.1047
1780080239578,1,11.0000004b,Drive,Loading,pitch.0,773371,-1.9381,12.2557,96.9429,98.9556,-163.8487,15.45,0.1732,0.1046
1780080239578,1,12.00000015,Lower Delivery,Loading,pitch.0,772890,0.1282,-0.0588,0.1922,-0.0026,-0.0012,0.0125,0.0,0.0
1780080239578,1,12.00000018,Upper Delivery,Loading,pitch.0,774178,0.0353,-0.1817,0.1792,-0.0884,-0.0304,-0.0012,0.0,0.0
1780080239578,1,Pitching Mound.Delivery,,Loading,pitch.0,772266,0.1635,-0.2405,0.3715,-0.0865,-0.0316,-0.0202,0.0,0.0
1780080239578,1,Pitching Mound.Drive,,Loading,pitch.0,773371,-1.9381,12.2557,96.9429,98.9556,-163.8487,15.45,0.1732,0.1046
1780080239578,1,Pitching Mound.Parent,,Loading,pitch.0,771522,-1.7747,12.0152,97.3144,98.869,-163.8803,15.4298,0.1726,0.1043
1780080239579,1,11.0000004b,Drive,Loading,pitch.0,773372,-1.9148,12.2656,96.8802,99.0572,-163.8749,15.3667,0.1734,0.1048
1780080239579,1,12.00000015,Lower Delivery,Loading,pitch.0,772891,0.1189,-0.0589,0.1876,-0.0001,-0.0032,0.0107,0.0,0.0
1780080239579,1,12.00000018,Upper Delivery,Loading,pitch.0,774179,-0.0052,-0.1377,0.1177,-0.0884,-0.0304,-0.0012,0.0,0.0
1780080239579,1,Pitching Mound.Delivery,,Loading,pitch.0,772267,0.1137,-0.1966,0.3053,-0.0647,-0.0336,-0.0327,0.0,0.0
1780080239579,1,Pitching Mound.Drive,,Loading,pitch.0,773372,-1.9148,12.2656,96.8802,99.0572,-163.8749,15.3667,0.1734,0.1048
1780080239579,1,Pitching Mound.Parent,,Loading,pitch.0,771523,-1.8011,12.069,97.1854,98.9925,-163.9085,15.334,0.1728,0.1047
1780080239580,1,11.0000004b,Drive,Loading,pitch.0,773373,-1.9046,12.2741,96.9585,99.0934,-164.022,15.3301,0.1734,0.1048
1780080239580,1,12.00000015,Lower Delivery,Loading,pitch.0,772892,0.1097,-0.0752,0.152,0.0179,0.0081,0.0096,0.0,0.0
1780080239580,1,12.00000018,Upper Delivery,Loading,pitch.0,774180,-0.0075,-0.156,0.1582,-0.0884,-0.0304,-0.0012,0.0,0.0
1780080239580,1,Pitching Mound.Delivery,,Loading,pitch.0,772268,0.1021,-0.2312,0.3102,-0.0726,-0.0223,-0.0315,0.0,0.0
1780080239580,1,Pitching Mound.Drive,,Loading,pitch.0,773373,-1.9046,12.2741,96.9585,99.0934,-164.022,15.3301,0.1734,0.1048
1780080239580,1,Pitching Mound.Parent,,Loading,pitch.0,771524,-1.8025,12.0429,97.2688,99.0209,-164.0443,15.2986,0.1728,0.1044
1780080239581,1,11.0000004b,Drive,Loading,pitch.0,773374,-1.8969,12.2871,96.9177,99.2066,-163.9633,15.2656,0.1734,0.1049
1780080239581,1,12.00000015,Lower Delivery,Loading,pitch.0,772893,0.1076,-0.0927,0.1668,0.0088,0.0053,0.0097,0.0,0.0
1780080239581,1,Pitching Mound.Drive,,Loading,pitch.0,773374,-1.8969,12.2871,96.9177,99.2066,-163.9633,15.2656,0.1734,0.1049
1780080239582,1,11.0000004b,Drive,Loading,pitch.0,773375,-1.8787,12.2846,96.8658,99.202,-163.8688,15.2363,0.1734,0.105
1780080239582,1,12.00000015,Lower Delivery,Loading,pitch.0,772894,0.1146,-0.1168,0.1688,0.0016,-0.0029,0.0062,0.0,0.0
1780080239582,1,12.00000018,Upper Delivery,Loading,pitch.0,774181,0.0046,-0.163,0.1376,-0.0884,-0.0304,-0.0012,0.0,0.0
1780080239582,1,12.00000018,Upper Delivery,Loading,pitch.0,774182,-0.0023,-0.1603,0.1179,-0.0884,-0.0304,-0.0012,0.0,0.0
1780080239582,1,Pitching Mound.Delivery,,Loading,pitch.0,772269,0.1122,-0.2557,0.3044,-0.0696,-0.0251,-0.0265,0.0,0.0
1780080239582,1,Pitching Mound.Delivery,,Loading,pitch.0,772270,0.1123,-0.2771,0.2867,-0.0695,-0.0333,-0.0347,0.0,0.0
1780080239582,1,Pitching Mound.Drive,,Loading,pitch.0,773375,-1.8787,12.2846,96.8658,99.202,-163.8688,15.2363,0.1734,0.105
1780080239582,1,Pitching Mound.Parent,,Loading,pitch.0,771525,-1.7847,12.0314,97.2221,99.137,-163.9884,15.2391,0.1729,0.1047
1780080239582,1,Pitching Mound.Parent,,Loading,pitch.0,771526,-1.7664,12.0075,97.1525,99.1325,-163.9021,15.2015,0.1729,0.1048
1780080239583,1,11.0000004b,Drive,Loading,pitch.0,773376,-1.8713,12.3042,96.9053,99.1753,-163.9307,15.1865,0.1734,0.1049
1780080239583,1,12.00000015,Lower Delivery,Loading,pitch.0,772895,0.114,-0.1342,0.1594,-0.0094,-0.0116,0.0047,0.0,0.0
1780080239583,1,12.00000018,Upper Delivery,Loading,pitch.0,774183,0.016,-0.181,0.1442,-0.0884,-0.0304,-0.0012,0.0,0.0
1780080239583,1,Pitching Mound.Delivery,,Loading,pitch.0,772271,0.13,-0.3152,0.3037,-0.0926,-0.042,-0.0298,0.0,0.0
1780080239583,1,Pitching Mound.Drive,,Loading,pitch.0,773376,-1.8713,12.3042,96.9053,99.1753,-163.9307,15.1865,0.1734,0.1049
1780080239583,1,Pitching Mound.Parent,,Loading,pitch.0,771527,-1.7413,11.989,97.2089,99.0827,-163.9726,15.1567,0.1728,0.1046
1780080239584,1,11.0000004b,Drive,Loading,pitch.0,773377,-1.8437,12.3059,96.9808,99.2707,-163.958,15.1604,0.1733,0.1049
1780080239584,1,12.00000015,Lower Delivery,Loading,pitch.0,772896,0.1017,-0.1437,0.1648,-0.0104,-0.0119,0.0038,0.0,0.0
1780080239584,1,12.00000018,Upper Delivery,Loading,pitch.0,774184,0.0273,-0.185,0.1547,-0.0884,-0.0304,-0.0012,0.0,0.0
1780080239584,1,Pitching Mound.Delivery,,Loading,pitch.0,772272,0.129,-0.3287,0.3195,-0.0953,-0.0422,-0.0227,0.0,0.0
1780080239584,1,Pitching Mound.Drive,,Loading,pitch.0,773377,-1.8437,12.3059,96.9808,99.2707,-163.958,15.1604,0.1733,0.1049
1780080239584,1,Pitching Mound.Parent,,Loading,pitch.0,771528,-1.7147,11.9772,97.3003,99.1754,-164.0003,15.1377,0.1727,0.1046
1780080239585,1,11.0000004b,Drive,Loading,pitch.0,773378,-1.8255,12.3335,97.0227,99.3659,-163.9803,15.0739,0.1732,0.105
1780080239585,1,12.00000015,Lower Delivery,Loading,pitch.0,772897,0.1274,-0.1612,0.1336,0.0,-0.015,0.0028,0.0,0.0
1780080239585,1,12.00000018,Upper Delivery,Loading,pitch.0,774185,0.0244,-0.1846,0.1497,-0.0884,-0.0304,-0.0012,0.0,0.0
1780080239585,1,Pitching Mound.Delivery,,Loading,pitch.0,772273,0.1518,-0.3458,0.2833,-0.0938,-0.0453,-0.0333,0.0,0.0
1780080239585,1,Pitching Mound.Drive,,Loading,pitch.0,773378,-1.8255,12.3335,97.0227,99.3659,-163.9803,15.0739,0.1732,0.105
1780080239585,1,Pitching Mound.Parent,,Loading,pitch.0,771529,-1.6737,11.9877,97.306,99.2721,-164.0257,15.0406,0.1727,0.1046
1780080239586,1,11.0000004b,Drive,Loading,pitch.0,773379,-1.8182,12.3433,97.011,99.4294,-163.888,15.021,0.1732,0.1051
1780080239586,1,12.00000015,Lower Delivery,Loading,pitch.0,772898,0.1309,-0.1654,0.1318,0.0043,-0.0146,0.0012,0.0,0.0
1780080239586,1,12.00000018,Upper Delivery,Loading,pitch.0,774186,0.0484,-0.2166,0.2081,-0.0884,-0.0304,-0.0012,0.0,0.0
1780080239586,1,Pitching Mound.Delivery,,Loading,pitch.0,772274,0.1793,-0.3819,0.3399,-0.11,-0.045,-0.0281,0.0,0.0
1780080239586,1,Pitching Mound.Drive,,Loading,pitch.0,773379,-1.8182,12.3433,97.011,99.4294,-163.888,15.021,0.1732,0.1051
1780080239586,1,Pitching Mound.Parent,,Loading,pitch.0,771530,-1.6389,11.9614,97.3509,99.3193,-163.933,14.9929,0.1725,0.1044
1780080239587,1,11.0000004b,Drive,Loading,pitch.0,773380,-1.7962,12.3617,97.0756,99.4879,-163.9202,14.9357,0.1731,0.105
1780080239587,1,12.00000015,Lower Delivery,Loading,pitch.0,772899,0.1275,-0.1421,0.1432,-0.0061,-0.0249,0.0006,0.0,0.0
1780080239587,1,12.00000018,Upper Delivery,Loading,pitch.0,774187,0.0773,-0.2282,0.237,-0.0884,-0.0304,-0.0012,0.0,0.0
1780080239587,1,Pitching Mound.Delivery,,Loading,pitch.0,772275,0.2047,-0.3703,0.3802,-0.1263,-0.0552,-0.0176,0.0,0.0
1780080239587,1,Pitching Mound.Drive,,Loading,pitch.0,773380,-1.7962,12.3617,97.0756,99.4879,-163.9202,14.9357,0.1731,0.105
1780080239587,1,Pitching Mound.Parent,,Loading,pitch.0,771531,-1.5915,11.9914,97.4558,99.3616,-163.9754,14.9181,0.1724,0.1043
1780080239588,1,11.0000004b,Drive,Loading,pitch.0,773381,-1.7944,12.3669,97.1636,99.5069,-163.8239,14.8621,0.1728,0.105
1780080239588,1,12.00000015,Lower Delivery,Loading,pitch.0,772900,0.1174,-0.1262,0.1675,-0.0148,-0.0311,-0.0009,0.0,0.0
1780080239588,1,12.00000018,Upper Delivery,Loading,pitch.0,774188,0.0555,-0.2163,0.2088,-0.0884,-0.0304,-0.0012,0.0,0.0
1780080239588,1,Pitching Mound.Delivery,,Loading,pitch.0,772276,0.1729,-0.3425,0.3763,-0.1172,-0.0614,-0.0232,0.0,0.0
1780080239588,1,Pitching Mound.Drive,,Loading,pitch.0,773381,-1.7944,12.3669,97.1636,99.5069,-163.8239,14.8621,0.1728,0.105
1780080239588,1,Pitching Mound.Parent,,Loading,pitch.0,771532,-1.6215,12.0244,97.5399,99.3897,-163.8854,14.8389,0.1721,0.1044
1780080239589,1,11.0000004b,Drive,Loading,pitch.0,773382,-1.7761,12.3803,97.2457,99.6564,-163.8395,14.7907,0.1727,0.105
1780080239589,1,12.00000015,Lower Delivery,Loading,pitch.0,772901,0.136,-0.1129,0.17,-0.0202,-0.0415,0.0022,0.0,0.0
1780080239589,1,12.00000018,Upper Delivery,Loading,pitch.0,774189,0.0452,-0.2056,0.1862,-0.0884,-0.0304,-0.0012,0.0,0.0
1780080239589,1,Pitching Mound.Delivery,,Loading,pitch.0,772277,0.1812,-0.3185,0.3562,-0.114,-0.0719,-0.0299,0.0,0.0
1780080239589,1,Pitching Mound.Drive,,Loading,pitch.0,773382,-1.7761,12.3803,97.2457,99.6564,-163.8395,14.7907,0.1727,0.105
1780080239589,1,Pitching Mound.Parent,,Loading,pitch.0,771533,-1.5949,12.0618,97.6019,99.5424,-163.9114,14.7608,0.1721,0.1046
1780080239590,1,11.0000004b,Drive,Loading,pitch.0,773383,-1.7449,12.3964,97.2337,99.582,-163.7409,14.7133,0.1726,0.105
1780080239590,1,12.00000015,Lower Delivery,Loading,pitch.0,772902,0.1501,-0.1191,0.1873,-0.0194,-0.0421,0.0012,0.0,0.0
1780080239590,1,12.00000018,Upper Delivery,Loading,pitch.0,774190,0.103,-0.2627,0.3236,-0.0884,-0.0304,-0.0012,0.0,0.0
1780080239590,1,Pitching Mound.Delivery,,Loading,pitch.0,772278,0.2531,-0.3818,0.5109,-0.1541,-0.0725,-0.016,0.0,0.0
1780080239590,1,Pitching Mound.Drive,,Loading,pitch.0,773383,-1.7449,12.3964,97.2337,99.582,-163.7409,14.7133,0.1726,0.105
1780080239590,1,Pitching Mound.Parent,,Loading,pitch.0,771534,-1.4918,12.0146,97.7446,99.4279,-163.8134,14.6973,0.1717,0.1039
1780080239591,1,11.0000004b,Drive,Loading,pitch.0,773384,-1.7246,12.4041,97.2428,99.5599,-163.5486,14.6154,0.1724,0.1049
1780080239591,1,12.00000015,Lower Delivery,Loading,pitch.0,772903,0.1442,-0.0943,0.173,-0.0205,-0.0487,0.0021,0.0,0.0
1780080239591,1,12.00000018,Upper Delivery,Loading,pitch.0,774191,0.0557,-0.2123,0.212,-0.0884,-0.0304,-0.0012,0.0,0.0
1780080239591,1,Pitching Mound.Delivery,,Loading,pitch.0,772279,0.1999,-0.3066,0.3851,-0.1222,-0.0791,-0.0292,0.0,0.0
1780080239591,1,Pitching Mound.Drive,,Loading,pitch.0,773384,-1.7246,12.4041,97.2428,99.5599,-163.5486,14.6154,0.1724,0.1049
1780080239591,1,Pitching Mound.Parent,,Loading,pitch.0,771535,-1.5247,12.0975,97.6279,99.4377,-163.6277,14.5863,0.1717,0.1044
1780080239592,1,11.0000004b,Drive,Loading,pitch.0,773385,-1.6988,12.4131,97.1778,99.5563,-163.4859,14.5167,0.1724,0.105
1780080239592,1,12.00000015,Lower Delivery,Loading,pitch.0,772904,0.1225,-0.0669,0.1213,-0.0124,-0.0411,0.0031,0.0,0.0
1780080239592,1,12.00000018,Upper Delivery,Loading,pitch.0,774192,0.075,-0.2329,0.2619,-0.0884,-0.0304,-0.0012,0.0,0.0
1780080239592,1,Pitching Mound.Delivery,,Loading,pitch.0,772280,0.1976,-0.2998,0.3832,-0.1486,-0.0715,-0.0142,0.0,0.0
1780080239592,1,Pitching Mound.Drive,,Loading,pitch.0,773385,-1.6988,12.4131,97.1778,99.5563,-163.4859,14.5167,0.1724,0.105
1780080239592,1,Pitching Mound.Parent,,Loading,pitch.0,771536,-1.5013,12.1133,97.5609,99.4076,-163.5574,14.5024,0.1718,0.1041
1780080239593,1,11.0000004b,Drive,Loading,pitch.0,773386,-1.6716,12.4393,97.3008,99.6613,-163.5673,14.4493,0.1723,0.105
1780080239593,1,12.00000015,Lower Delivery,Loading,pitch.0,772905,0.1322,-0.0738,0.1468,-0.0114,-0.0384,0.0056,0.0,0.0
1780080239593,1,12.00000018,Upper Delivery,Loading,pitch.0,774193,0.0139,-0.1887,0.1422,-0.0884,-0.0304,-0.0012,0.0,0.0
1780080239593,1,Pitching Mound.Delivery,,Loading,pitch.0,772281,0.146,-0.2626,0.2891,-0.0982,-0.0688,-0.0359,0.0,0.0
1780080239593,1,Pitching Mound.Drive,,Loading,pitch.0,773386,-1.6716,12.4393,97.3008,99.6613,-163.5673,14.4493,0.1723,0.105
1780080239593,1,Pitching Mound.Parent,,Loading,pitch.0,771537,-1.5256,12.1767,97.5899,99.5631,-163.6361,14.4134,0.1718,0.1047
1780080239594,1,11.0000004b,Drive,Loading,pitch.0,773387,-1.6514,12.4543,97.3595,99.781,-163.7234,14.3482,0.1724,0.105
1780080239594,1,12.00000015,Lower Delivery,Loading,pitch.0,772906,0.144,-0.0709,0.1416,0.0039,-0.0267,0.0062,0.0,0.0
1780080239594,1,12.00000018,Upper Delivery,Loading,pitch.0,774194,-0.0167,-0.1438,0.0711,-0.0884,-0.0304,-0.0012,0.0,0.0
1780080239594,1,Pitching Mound.Delivery,,Loading,pitch.0,772282,0.1273,-0.2148,0.2128,-0.0605,-0.0571,-0.0497,0.0,0.0
1780080239594,1,Pitching Mound.Drive,,Loading,pitch.0,773387,-1.6514,12.4543,97.3595,99.781,-163.7234,14.3482,0.1724,0.105
1780080239594,1,Pitching Mound.Parent,,Loading,pitch.0,771538,-1.5242,12.2395,97.5722,99.7205,-163.7804,14.2985,0.172,0.1051
1780080239595,1,11.0000004b,Drive,Loading,pitch.0,773388,-1.6193,12.4861,97.2489,99.7752,-163.5935,14.2915,0.1724,0.1052
1780080239595,1,12.00000015,Lower Delivery,Loading,pitch.0,772907,0.1255,-0.0719,0.1167,0.0062,-0.0244,0.0037,0.0,0.0
1780080239595,1,12.00000018,Upper Delivery,Loading,pitch.0,774195,-0.0144,-0.1371,0.0663,-0.0884,-0.0304,-0.0012,0.0,0.0
1780080239595,1,Pitching Mound.Delivery,,Loading,pitch.0,772283,0.111,-0.209,0.1831,-0.065,-0.0548,-0.045,0.0,0.0
1780080239595,1,Pitching Mound.Drive,,Loading,pitch.0,773388,-1.6193,12.4861,97.2489,99.7752,-163.5935,14.2915,0.1724,0.1052
1780080239595,1,Pitching Mound.Parent,,Loading,pitch.0,771539,-1.5083,12.277,97.432,99.7102,-163.6482,14.2464,0.1721,0.1051
1780080239596,1,11.0000004b,Drive,Loading,pitch.0,773389,-1.5968,12.4955,97.2021,99.8198,-163.6224,14.193,0.1725,0.1053
1780080239596,1,12.00000015,Lower Delivery,Loading,pitch.0,772908,0.1169,-0.0764,0.115,0.0017,-0.0184,0.0028,0.0,0.0
1780080239596,1,12.00000018,Upper Delivery,Loading,pitch.0,774196,-0.0185,-0.1521,0.0984,-0.0884,-0.0304,-0.0012,0.0,0.0
1780080239596,1,Pitching Mound.Delivery,,Loading,pitch.0,772284,0.0984,-0.2286,0.2134,-0.0811,-0.0488,-0.0445,0.0,0.0
1780080239596,1,Pitching Mound.Drive,,Loading,pitch.0,773389,-1.5968,12.4955,97.2021,99.8198,-163.6224,14.193,0.1725,0.1053
1780080239596,1,Pitching Mound.Parent,,Loading,pitch.0,771540,-1.4984,12.2669,97.4155,99.7388,-163.6711,14.1485,0.1722,0.1051
1780080239597,1,11.0000004b,Drive,Loading,pitch.0,773390,-1.5698,12.5115,97.2786,99.8082,-163.6856,14.1354,0.1725,0.1052
1780080239597,1,12.00000015,Lower Delivery,Loading,pitch.0,772909,0.1166,-0.0764,0.1401,-0.0117,-0.0189,0.0043,0.0,0.0
1780080239597,1,12.00000018,Upper Delivery,Loading,pitch.0,774197,-0.0168,-0.1468,0.0795,-0.0884,-0.0304,-0.0012,0.0,0.0
1780080239597,1,Pitching Mound.Delivery,,Loading,pitch.0,772285,0.0998,-0.2231,0.2196,-0.0794,-0.0492,-0.0423,0.0,0.0
1780080239597,1,Pitching Mound.Drive,,Loading,pitch.0,773390,-1.5698,12.5115,97.2786,99.8082,-163.6856,14.1354,0.1725,0.1052
1780080239597,1,Pitching Mound.Parent,,Loading,pitch.0,771541,-1.47,12.2884,97.4982,99.7287,-163.7348,14.0932,0.1721,0.1051
1780080239598,1,11.0000004b,Drive,Loading,pitch.0,773391,-1.5336,12.5179,97.2007,99.82,-163.6174,14.0452,0.1725,0.1053
1780080239598,1,12.00000015,Lower Delivery,Loading,pitch.0,772910,0.1275,-0.0694,0.1545,0.0005,-0.0111,0.0047,0.0,0.0
1780080239598,1,12.00000018,Upper Delivery,Loading,pitch.0,774198,-0.0122,-0.1527,0.0976,-0.0884,-0.0304,-0.0012,0.0,0.0
1780080239598,1,Pitching Mound.Delivery,,Loading,pitch.0,772286,0.1153,-0.2221,0.2522,-0.0685,-0.0415,-0.044,0.0,0.0
1780080239598,1,Pitching Mound.Drive,,Loading,pitch.0,773391,-1.5336,12.5179,97.2007,99.82,-163.6174,14.0452,0.1725,0.1053
1780080239598,1,Pitching Mound.Parent,,Loading,pitch.0,771542,-1.4183,12.2958,97.4529,99.7514,-163.6589,14.0012,0.1721,0.1052
1780080239599,1,11.0000004b,Drive,Loading,pitch.0,773392,-1.5194,12.5336,97.1476,99.7322,-163.5249,13.9723,0.1725,0.1052
1780080239599,1,12.00000015,Lower Delivery,Loading,pitch.0,772911,0.1411,-0.0998,0.2082,-0.0018,-0.005,0.0056,0.0,0.0
1780080239599,1,12.00000018,Upper Delivery,Loading,pitch.0,774199,-0.0198,-0.1452,0.1293,-0.0884,-0.0304,-0.0012,0.0,0.0
1780080239599,1,Pitching Mound.Delivery,,Loading,pitch.0,772287,0.1213,-0.2449,0.3375,-0.0634,-0.0354,-0.0502,0.0,0.0
1780080239599,1,Pitching Mound.Drive,,Loading,pitch.0,773392,-1.5194,12.5336,97.1476,99.7322,-163.5249,13.9723,0.1725,0.1052
1780080239599,1,Pitching Mound.Parent,,Loading,pitch.0,771543,-1.3981,12.2887,97.4851,99.6688,-163.5603,13.9221,0.1719,0.1051
1780080239600,1,11.0000004b,Drive,Loading,pitch.0,773393,-1.4916,12.5524,97.0704,99.743,-163.5794,13.9011,0.1727,0.1053
1780080239600,1,12.00000015,Lower Delivery,Loading,pitch.0,772912,0.1506,-0.0921,0.2066,0.0021,-0.0095,0.0056,0.0,0.0
1780080239600,1,12.00000018,Upper Delivery,Loading,pitch.0,774200,-0.0178,-0.1434,0.1187,-0.0884,-0.0304,-0.0012,0.0,0.0
1780080239600,1,Pitching Mound.Delivery,,Loading,pitch.0,772288,0.1328,-0.2355,0.3253,-0.0564,-0.0399,-0.0529,0.0,0.0
1780080239600,1,Pitching Mound.Drive,,Loading,pitch.0,773393,-1.4916,12.5524,97.0704,99.743,-163.5794,13.9011,0.1727,0.1053
1780080239600,1,Pitching Mound.Parent,,Loading,pitch.0,771544,-1.3588,12.3168,97.3957,99.6866,-163.6192,13.8483,0.1721,0.1053
1780080239601,1,11.0000004b,Drive,Loading,pitch.0,773394,-1.4747,12.5764,97.1267,99.8841,-163.6888,13.8331,0.1727,0.1054
1780080239601,1,12.00000015,Lower Delivery,Loading,pitch.0,772913,0.1526,-0.1047,0.2248,-0.013,-0.0181,0.0074,0.0,0.0
1780080239601,1,12.00000018,Upper Delivery,Loading,pitch.0,774201,-0.0192,-0.1379,0.1382,-0.0884,-0.0304,-0.0012,0.0,0.0
1780080239601,1,Pitching Mound.Delivery,,Loading,pitch.0,772289,0.1334,-0.2426,0.363,-0.0719,-0.0484,-0.0522,0.0,0.0
1780080239601,1,Pitching Mound.Drive,,Loading,pitch.0,773394,-1.4747,12.5764,97.1267,99.8841,-163.6888,13.8331,0.1727,0.1054
1780080239601,1,Pitching Mound.Parent,,Loading,pitch.0,771545,-1.3414,12.3338,97.4897,99.8122,-163.7372,13.7808,0.1721,0.1053
1780080239602,1,11.0000004b,Drive,Loading,pitch.0,773395,-1.4326,12.5967,97.0415,99.943,-163.612,13.7921,0.1728,0.1056
1780080239602,1,12.00000015,Lower Delivery,Loading,pitch.0,772914,0.1609,-0.1142,0.2141,-0.0106,-0.0177,0.007,0.0,0.0
1780080239602,1,12.00000018,Upper Delivery,Loading,pitch.0,774202,-0.0119,-0.1474,0.1693,-0.0884,-0.0304,-0.0012,0.0,0.0
1780080239602,1,Pitching Mound.Delivery,,Loading,pitch.0,772290,0.149,-0.2616,0.3834,-0.0838,-0.0481,-0.0529,0.0,0.0
1780080239602,1,Pitching Mound.Drive,,Loading,pitch.0,773395,-1.4326,12.5967,97.0415,99.943,-163.612,13.7921,0.1728,0.1056
1780080239602,1,Pitching Mound.Parent,,Loading,pitch.0,771546,-1.2836,12.3351,97.425,99.8592,-163.6601,13.7392,0.1721,0.1053
1780080239603,1,11.0000004b,Drive,Loading,pitch.0,773396,-1.4173,12.6021,97.105,99.9945,-163.5958,13.7064,0.1727,0.1055
1780080239603,1,12.00000015,Lower Delivery,Loading,pitch.0,772915,0.1766,-0.1261,0.2323,-0.0093,-0.0289,0.0092,0.0,0.0
1780080239603,1,12.00000018,Upper Delivery,Loading,pitch.0,774203,-0.0134,-0.1306,0.1568,-0.0884,-0.0304,-0.0012,0.0,0.0
1780080239603,1,Pitching Mound.Delivery,,Loading,pitch.0,772291,0.1631,-0.2567,0.3891,-0.072,-0.0593,-0.0566,0.0,0.0
1780080239603,1,Pitching Mound.Drive,,Loading,pitch.0,773396,-1.4173,12.6021,97.105,99.9945,-163.5958,13.7064,0.1727,0.1055
1780080239603,1,Pitching Mound.Parent,,Loading,pitch.0,771547,-1.2541,12.3455,97.494,99.9225,-163.6551,13.6498,0.172,0.1054
1780080239604,1,11.0000004b,Drive,Loading,pitch.0,773397,-1.3906,12.6255,97.0242,100.0448,-163.4593,13.6186,0.1727,0.1057
1780080239604,1,12.00000015,Lower Delivery,Loading,pitch.0,772916,0.1688,-0.1183,0.2262,-0.015,-0.0355,0.0106,0.0,0.0
1780080239604,1,12.00000018,Upper Delivery,Loading,pitch.0,774204,-0.0209,-0.111,0.1064,-0.0884,-0.0304,-0.0012,0.0,0.0
1780080239604,1,Pitching Mound.Delivery,,Loading,pitch.0,772292,0.1479,-0.2293,0.3326,-0.0627,-0.0659,-0.0551,0.0,0.0
1780080239604,1,Pitching Mound.Drive,,Loading,pitch.0,773397,-1.3906,12.6255,97.0242,100.0448,-163.4593,13.6186,0.1727,0.1057
1780080239604,1,Pitching Mound.Parent,,Loading,pitch.0,771548,-1.2426,12.3962,97.3569,99.9822,-163.5252,13.5636,0.1721,0.1057
1780080239605,1,11.0000004b,Drive,Loading,pitch.0,773398,-1.3555,12.6256,97.0187,100.0672,-163.4477,13.5642,0.1727,0.1057
1780080239605,1,12.00000015,Lower Delivery,Loading,pitch.0,772917,0.1604,-0.1166,0.2299,-0.0291,-0.0324,0.0119,0.0,0.0
1780080239605,1,12.00000018,Upper Delivery,Loading,pitch.0,774205,-0.0191,-0.1013,0.0849,-0.0884,-0.0304,-0.0012,0.0,0.0
1780080239605,1,Pitching Mound.Delivery,,Loading,pitch.0,772293,0.1413,-0.2179,0.3147,-0.0681,-0.0628,-0.0503,0.0,0.0
1780080239605,1,Pitching Mound.Drive,,Loading,pitch.0,773398,-1.3555,12.6256,97.0187,100.0672,-163.4477,13.5642,0.1727,0.1057
1780080239605,1,Pitching Mound.Parent,,Loading,pitch.0,771549,-1.2142,12.4078,97.3335,99.999,-163.5105,13.5139,0.1721,0.1059
1780080239606,1,11.0000004b,Drive,Loading,pitch.0,773399,-1.3197,12.6425,97.0109,100.1654,-163.3981,13.4832,0.1726,0.1058
1780080239606,1,12.00000015,Lower Delivery,Loading,pitch.0,772918,0.1755,-0.1151,0.251,-0.0132,-0.0315,0.0107,0.0,0.0
1780080239606,1,12.00000018,Upper Delivery,Loading,pitch.0,774206,-0.0165,-0.0901,0.052,-0.0884,-0.0304,-0.0012,0.0,0.0
1780080239606,1,Pitching Mound.Delivery,,Loading,pitch.0,772294,0.1591,-0.2052,0.303,-0.0339,-0.0619,-0.0558,0.0,0.0
1780080239606,1,Pitching Mound.Drive,,Loading,pitch.0,773399,-1.3197,12.6425,97.0109,100.1654,-163.3981,13.4832,0.1726,0.1058
1780080239606,1,Pitching Mound.Parent,,Loading,pitch.0,771550,-1.1606,12.4373,97.3139,100.1315,-163.46,13.4275,0.1721,0.1062
1780080239607,1,11.0000004b,Drive,Loading,pitch.0,773400,-1.3026,12.6766,97.1033,100.2754,-163.445,13.4051,0.1725,0.1058
1780080239607,1,12.00000015,Lower Delivery,Loading,pitch.0,772919,0.1819,-0.1369,0.2925,-0.0056,-0.0261,0.0148,0.0,0.0
1780080239607,1,12.00000018,Upper Delivery,Loading,pitch.0,774207,-0.0154,-0.0907,0.062,-0.0884,-0.0304,-0.0012,0.0,0.0
1780080239607,1,Pitching Mound.Delivery,,Loading,pitch.0,772295,0.1666,-0.2276,0.3545,-0.0156,-0.0565,-0.0535,0.0,0.0
1780080239607,1,Pitching Mound.Drive,,Loading,pitch.0,773400,-1.3026,12.6766,97.1033,100.2754,-163.445,13.4051,0.1725,0.1058
1780080239607,1,Pitching Mound.Parent,,Loading,pitch.0,771551,-1.136,12.449,97.4578,100.2599,-163.5015,13.3516,0.1719,0.1063
1780080239608,1,11.0000004b,Drive,Loading,pitch.0,773401,-1.2869,12.6843,97.0847,100.3573,-163.507,13.3457,0.1726,0.1059
1780080239608,1,12.00000015,Lower Delivery,Loading,pitch.0,772920,0.1543,-0.137,0.2707,-0.0069,-0.0126,0.0122,0.0,0.0
1780080239608,1,12.00000018,Upper Delivery,Loading,pitch.0,774208,-0.0119,-0.0812,0.0401,-0.0884,-0.0304,-0.0012,0.0,0.0
1780080239608,1,Pitching Mound.Delivery,,Loading,pitch.0,772296,0.1424,-0.2182,0.3108,-0.0168,-0.043,-0.0455,0.0,0.0
1780080239608,1,Pitching Mound.Drive,,Loading,pitch.0,773401,-1.2869,12.6843,97.0847,100.3573,-163.507,13.3457,0.1726,0.1059
1780080239608,1,Pitching Mound.Parent,,Loading,pitch.0,771552,-1.1445,12.466,97.3955,100.3405,-163.5499,13.3002,0.1721,0.1064
1780080239609,1,11.0000004b,Drive,Loading,pitch.0,773402,-1.2486,12.7224,96.9884,100.4027,-163.5021,13.3244,0.1728,0.1061
1780080239609,1,12.00000015,Lower Delivery,Loading,pitch.0,772921,0.125,-0.138,0.263,-0.0187,-0.0032,0.0114,0.0,0.0
1780080239609,1,12.00000018,Upper Delivery,Loading,pitch.0,774209,-0.0111,-0.0846,0.0428,-0.0884,-0.0304,-0.0012,0.0,0.0
1780080239609,1,Pitching Mound.Delivery,,Loading,pitch.0,772297,0.1139,-0.2226,0.3057,-0.0322,-0.0335,-0.0361,0.0,0.0
1780080239609,1,Pitching Mound.Drive,,Loading,pitch.0,773402,-1.2486,12.7224,96.9884,100.4027,-163.5021,13.3244,0.1728,0.1061
1780080239609,1,Pitching Mound.Parent,,Loading,pitch.0,771553,-1.1347,12.4998,97.2942,100.3705,-163.5356,13.2883,0.1722,0.1065
1780080239610,1,11.0000004b,Drive,Loading,pitch.0,773403,-1.228,12.7487,97.0008,100.4322,-163.3152,13.2426,0.1726,0.1061
1780080239610,1,12.00000015,Lower Delivery,Loading,pitch.0,772922,0.1182,-0.127,0.2385,-0.0159,-0.0019,0.0109,0.0,0.0
1780080239610,1,12.00000018,Upper Delivery,Loading,pitch.0,774210,-0.0113,-0.0957,0.0497,-0.0884,-0.0304,-0.0012,0.0,0.0
1780080239610,1,Pitching Mound.Delivery,,Loading,pitch.0,772298,0.1069,-0.2227,0.2882,-0.0401,-0.0323,-0.0343,0.0,0.0
1780080239610,1,Pitching Mound.Drive,,Loading,pitch.0,773403,-1.228,12.7487,97.0008,100.4322,-163.3152,13.2426,0.1726,0.1061
1780080239610,1,Pitching Mound.Parent,,Loading,pitch.0,771554,-1.1211,12.526,97.2889,100.3921,-163.3475,13.2083,0.1721,0.1065
1780080239611,1,11.0000004b,Drive,Loading,pitch.0,773404,-1.182,12.7693,96.9752,100.5433,-163.3463,13.1846,0.1726,0.1063
1780080239611,1,12.00000015,Lower Delivery,Loading,pitch.0,772923,0.1174,-0.1327,0.2481,-0.0131,0.0,0.0097,0.0,0.0
1780080239611,1,12.00000018,Upper Delivery,Loading,pitch.0,774211,-0.0103,-0.0913,0.0476,-0.0884,-0.0304,-0.0012,0.0,0.0
1780080239611,1,Pitching Mound.Delivery,,Loading,pitch.0,772299,0.1071,-0.224,0.2957,-0.0334,-0.0304,-0.0349,0.0,0.0
1780080239611,1,Pitching Mound.Drive,,Loading,pitch.0,773404,-1.182,12.7693,96.9752,100.5433,-163.3463,13.1846,0.1726,0.1063
1780080239611,1,Pitching Mound.Parent,,Loading,pitch.0,771555,-1.075,12.5453,97.2709,100.5099,-163.3767,13.1496,0.1721,0.1066
1780080239612,1,11.0000004b,Drive,Loading,pitch.0,773405,-1.166,12.7916,97.0005,100.5316,-163.3847,13.1103,0.1726,0.1062
1780080239612,1,12.00000015,Lower Delivery,Loading,pitch.0,772924,0.1428,-0.1422,0.2606,-0.0175,-0.0008,0.0103,0.0,0.0
1780080239612,1,12.00000018,Upper Delivery,Loading,pitch.0,774212,-0.0069,-0.0824,0.0484,-0.0884,-0.0304,-0.0012,0.0,0.0
1780080239612,1,Pitching Mound.Delivery,,Loading,pitch.0,772300,0.1359,-0.2246,0.309,-0.0336,-0.0312,-0.0418,0.0,0.0
1780080239612,1,Pitching Mound.Drive,,Loading,pitch.0,773405,-1.166,12.7916,97.0005,100.5316,-163.3847,13.1103,0.1726,0.1062
1780080239612,1,Pitching Mound.Parent,,Loading,pitch.0,771556,-1.0301,12.567,97.3095,100.4979,-163.4159,13.0686,0.1721,0.1066
1780080239613,1,11.0000004b,Drive,Loading,pitch.0,773406,-1.1423,12.8185,96.916,100.5471,-163.1364,13.0376,0.1725,0.1063
1780080239613,1,12.00000015,Lower Delivery,Loading,pitch.0,772925,0.1215,-0.1354,0.2477,-0.0113,0.0031,0.0089,0.0,0.0
1780080239613,1,12.00000018,Upper Delivery,Loading,pitch.0,774213,-0.0076,-0.1026,0.0587,-0.0884,-0.0304,-0.0012,0.0,0.0
1780080239613,1,Pitching Mound.Delivery,,Loading,pitch.0,772301,0.114,-0.2381,0.3064,-0.0354,-0.0273,-0.0362,0.0,0.0
1780080239613,1,Pitching Mound.Drive,,Loading,pitch.0,773406,-1.1423,12.8185,96.916,100.5471,-163.1364,13.0376,0.1725,0.1063
1780080239613,1,Pitching Mound.Parent,,Loading,pitch.0,771557,-1.0283,12.5805,97.2224,100.5117,-163.1636,13.0014,0.172,0.1067
1780080239614,1,11.0000004b,Drive,Loading,pitch.0,773407,-1.1218,12.8424,97.1033,100.5662,-163.2684,12.9641,0.1723,0.1062
1780080239614,1,12.00000015,Lower Delivery,Loading,pitch.0,772926,0.1299,-0.1476,0.2604,-0.0182,0.0031,0.0102,0.0,0.0
1780080239614,1,12.00000018,Upper Delivery,Loading,pitch.0,774214,-0.0048,-0.1048,0.0577,-0.0884,-0.0304,-0.0012,0.0,0.0
1780080239614,1,Pitching Mound.Delivery,,Loading,pitch.0,772302,0.1251,-0.2524,0.3181,-0.0376,-0.0273,-0.0369,0.0,0.0
1780080239614,1,Pitching Mound.Drive,,Loading,pitch.0,773407,-1.1218,12.8424,97.1033,100.5662,-163.2684,12.9641,0.1723,0.1062
1780080239614,1,Pitching Mound.Parent,,Loading,pitch.0,771558,-0.9967,12.59,97.4213,100.5286,-163.2957,12.9272,0.1718,0.1065
1780080239615,1,11.0000004b,Drive,Loading,pitch.0,773408,-1.097,12.8729,97.0768,100.6488,-163.1009,12.885,0.1722,0.1063
1780080239615,1,12.00000015,Lower Delivery,Loading,pitch.0,772927,0.1372,-0.1474,0.26,-0.0007,0.0062,0.0112,0.0,0.0
1780080239615,1,12.00000018,Upper Delivery,Loading,pitch.0,774215,0.0221,-0.1271,0.1047,-0.0884,-0.0304,-0.0012,0.0,0.0
1780080239615,1,Pitching Mound.Delivery,,Loading,pitch.0,772303,0.1594,-0.2745,0.3647,-0.0362,-0.0242,-0.0292,0.0,0.0
1780080239615,1,Pitching Mound.Drive,,Loading,pitch.0,773408,-1.097,12.8729,97.0768,100.6488,-163.1009,12.885,0.1722,0.1063
1780080239615,1,Pitching Mound.Parent,,Loading,pitch.0,771559,-0.9376,12.5984,97.4415,100.6126,-163.125,12.8558,0.1716,0.1064
1780080239616,1,11.0000004b,Drive,Loading,pitch.0,773409,-1.0745,12.888,97.134,100.7255,-163.109,12.8352,0.1721,0.1063
1780080239616,1,12.00000015,Lower Delivery,Loading,pitch.0,772928,0.149,-0.1325,0.2591,0.0036,0.0056,0.0134,0.0,0.0
1780080239616,1,12.00000018,Upper Delivery,Loading,pitch.0,774216,0.0271,-0.1351,0.1127,-0.0884,-0.0304,-0.0012,0.0,0.0
1780080239616,1,Pitching Mound.Delivery,,Loading,pitch.0,772304,0.1761,-0.2676,0.3718,-0.035,-0.0248,-0.0293,0.0,0.0
1780080239616,1,Pitching Mound.Drive,,Loading,pitch.0,773409,-1.0745,12.888,97.134,100.7255,-163.109,12.8352,0.1721,0.1063
1780080239616,1,Pitching Mound.Parent,,Loading,pitch.0,771560,-0.8984,12.6204,97.5058,100.6905,-163.1338,12.8059,0.1715,0.1064
1780080239617,1,11.0000004b,Drive,Loading,pitch.0,773410,-1.0592,12.8998,97.2446,100.8061,-163.1231,12.7537,0.1719,0.1062
1780080239617,1,12.00000015,Lower Delivery,Loading,pitch.0,772929,0.1521,-0.1156,0.2285,0.003,0.0019,0.0129,0.0,0.0
1780080239617,1,12.00000018,Upper Delivery,Loading,pitch.0,774217,0.0596,-0.1757,0.1769,-0.0884,-0.0304,-0.0012,0.0,0.0
1780080239617,1,Pitching Mound.Delivery,,Loading,pitch.0,772305,0.2117,-0.2913,0.4054,-0.0679,-0.0284,-0.0198,0.0,0.0
1780080239617,1,Pitching Mound.Drive,,Loading,pitch.0,773410,-1.0592,12.8998,97.2446,100.8061,-163.1231,12.7537,0.1719,0.1062
1780080239617,1,Pitching Mound.Parent,,Loading,pitch.0,771561,-0.8474,12.6085,97.65,100.7382,-163.1516,12.7339,0.1712,0.106
1780080239618,1,11.0000004b,Drive,Loading,pitch.0,773411,-1.0486,12.8981,97.3539,100.8885,-163.2157,12.7127,0.1718,0.1062
1780080239618,1,12.00000015,Lower Delivery,Loading,pitch.0,772930,0.1303,-0.0791,0.1825,0.0162,0.0073,0.0125,0.0,0.0
1780080239618,1,12.00000018,Upper Delivery,Loading,pitch.0,774218,0.0625,-0.1861,0.1847,-0.0884,-0.0304,-0.0012,0.0,0.0
1780080239618,1,Pitching Mound.Delivery,,Loading,pitch.0,772306,0.1927,-0.2652,0.3672,-0.0729,-0.0231,-0.0118,0.0,0.0
1780080239618,1,Pitching Mound.Drive,,Loading,pitch.0,773411,-1.0486,12.8981,97.3539,100.8885,-163.2157,12.7127,0.1718,0.1062
1780080239618,1,Pitching Mound.Parent,,Loading,pitch.0,771562,-0.8558,12.6329,97.7211,100.8157,-163.2388,12.701,0.1712,0.1058
1780080239619,1,11.0000004b,Drive,Loading,pitch.0,773412,-1.0417,12.9165,97.4644,101.0018,-163.2336,12.6531,0.1717,0.1062
1780080239619,1,12.00000015,Lower Delivery,Loading,pitch.0,772931,0.1336,-0.0891,0.1862,0.0123,0.0013,0.0152,0.0,0.0
1780080239619,1,12.00000018,Upper Delivery,Loading,pitch.0,774219,0.0662,-0.1905,0.1928,-0.0884,-0.0304,-0.0012,0.0,0.0
1780080239619,1,Pitching Mound.Delivery,,Loading,pitch.0,772307,0.1998,-0.2796,0.3789,-0.0783,-0.0291,-0.0089,0.0,0.0
1780080239619,1,Pitching Mound.Drive,,Loading,pitch.0,773412,-1.0417,12.9165,97.4644,101.0018,-163.2336,12.6531,0.1717,0.1062
1780080239619,1,Pitching Mound.Parent,,Loading,pitch.0,771563,-0.8419,12.6369,97.8433,100.9235,-163.2626,12.6442,0.171,0.1058
1780080239620,1,11.0000004b,Drive,Loading,pitch.0,773413,-1.0356,12.9368,97.438,101.0744,-163.2142,12.583,0.1717,0.1063
1780080239620,1,12.00000015,Lower Delivery,Loading,pitch.0,772932,0.1146,-0.0626,0.1324,0.0117,-0.0004,0.0173,0.0,0.0
1780080239620,1,12.00000018,Upper Delivery,Loading,pitch.0,774220,0.0384,-0.1673,0.1466,-0.0884,-0.0304,-0.0012,0.0,0.0
1780080239620,1,Pitching Mound.Delivery,,Loading,pitch.0,772308,0.1529,-0.2299,0.279,-0.0815,-0.0308,-0.0099,0.0,0.0
1780080239620,1,Pitching Mound.Drive,,Loading,pitch.0,773413,-1.0356,12.9368,97.438,101.0744,-163.2142,12.583,0.1717,0.1063
1780080239620,1,Pitching Mound.Parent,,Loading,pitch.0,771564,-0.8827,12.7069,97.717,100.993,-163.2449,12.5731,0.1712,0.106
1780080239621,1,11.0000004b,Drive,Loading,pitch.0,773414,-1.0252,12.9509,97.4138,101.1049,-163.1665,12.4993,0.1717,0.1064
1780080239621,1,12.00000015,Lower Delivery,Loading,pitch.0,772933,0.1256,-0.0747,0.1658,0.0183,0.0008,0.0166,0.0,0.0
1780080239621,1,12.00000018,Upper Delivery,Loading,pitch.0,774221,0.0568,-0.1931,0.1956,-0.0884,-0.0304,-0.0012,0.0,0.0
1780080239621,1,Pitching Mound.Delivery,,Loading,pitch.0,772309,0.1824,-0.2679,0.3614,-0.0802,-0.0295,-0.008,0.0,0.0
1780080239621,1,Pitching Mound.Drive,,Loading,pitch.0,773414,-1.0252,12.9509,97.4138,101.1049,-163.1665,12.4993,0.1717,0.1064
1780080239621,1,Pitching Mound.Parent,,Loading,pitch.0,771565,-0.8429,12.683,97.7753,101.0247,-163.196,12.4913,0.171,0.1059
1780080239622,1,11.0000004b,Drive,Loading,pitch.0,773415,-1.0243,12.9713,97.505,101.2286,-163.2804,12.4709,0.1716,0.1064
1780080239622,1,12.00000015,Lower Delivery,Loading,pitch.0,772934,0.1153,-0.0808,0.1476,0.0104,-0.0003,0.0147,0.0,0.0
1780080239622,1,12.00000018,Upper Delivery,Loading,pitch.0,774222,0.0218,-0.1653,0.1456,-0.0884,-0.0304,-0.0012,0.0,0.0
1780080239622,1,Pitching Mound.Delivery,,Loading,pitch.0,772310,0.137,-0.2461,0.2933,-0.0772,-0.0306,-0.0183,0.0,0.0
1780080239622,1,Pitching Mound.Drive,,Loading,pitch.0,773415,-1.0243,12.9713,97.505,101.2286,-163.2804,12.4709,0.1716,0.1064
1780080239622,1,Pitching Mound.Parent,,Loading,pitch.0,771566,-0.8873,12.7253,97.7982,101.1513,-163.311,12.4526,0.1711,0.1061
1780080239623,1,11.0000004b,Drive,Loading,pitch.0,773416,-1.0125,12.9777,97.5526,101.2763,-163.2746,12.3988,0.1715,0.1064
1780080239623,1,12.00000015,Lower Delivery,Loading,pitch.0,772935,0.0812,-0.0531,0.0998,0.0072,0.0005,0.015,0.0,0.0
1780080239623,1,12.00000018,Upper Delivery,Loading,pitch.0,774223,0.0091,-0.1554,0.1091,-0.0884,-0.0304,-0.0012,0.0,0.0
1780080239623,1,Pitching Mound.Delivery,,Loading,pitch.0,772311,0.0903,-0.2085,0.209,-0.0843,-0.0298,-0.0108,0.0,0.0
1780080239623,1,Pitching Mound.Drive,,Loading,pitch.0,773416,-1.0125,12.9777,97.5526,101.2763,-163.2746,12.3988,0.1715,0.1064
1780080239623,1,Pitching Mound.Parent,,Loading,pitch.0,771567,-0.9222,12.7692,97.7616,101.192,-163.3044,12.388,0.1712,0.1061
1780080239624,1,11.0000004b,Drive,Loading,pitch.0,773417,-1.0135,12.9936,97.5691,101.3636,-163.3293,12.3338,0.1716,0.1065
1780080239624,1,12.00000015,Lower Delivery,Loading,pitch.0,772936,0.1351,-0.0685,0.1654,0.0103,-0.0065,0.0129,0.0,0.0
1780080239624,1,12.00000018,Upper Delivery,Loading,pitch.0,774224,-0.0005,-0.1482,0.0919,-0.0884,-0.0304,-0.0012,0.0,0.0
1780080239624,1,Pitching Mound.Delivery,,Loading,pitch.0,772312,0.1346,-0.2167,0.2573,-0.053,-0.0368,-0.0344,0.0,0.0
1780080239624,1,Pitching Mound.Drive,,Loading,pitch.0,773417,-1.0135,12.9936,97.5691,101.3636,-163.3293,12.3338,0.1716,0.1065
1780080239624,1,Pitching Mound.Parent,,Loading,pitch.0,771568,-0.8789,12.777,97.8264,101.3106,-163.3661,12.2994,0.1711,0.1065
1780080239625,1,11.0000004b,Drive,Loading,pitch.0,773418,-1.0144,13.0042,97.4196,101.3241,-163.1477,12.2737,0.1716,0.1066
1780080239625,1,12.00000015,Lower Delivery,Loading,pitch.0,772937,0.1433,-0.0938,0.179,0.0122,-0.0084,0.0095,0.0,0.0
1780080239625,1,12.00000018,Upper Delivery,Loading,pitch.0,774225,-0.0069,-0.1384,0.0717,-0.0884,-0.0304,-0.0012,0.0,0.0
1780080239625,1,Pitching Mound.Delivery,,Loading,pitch.0,772313,0.1364,-0.2321,0.2507,-0.0396,-0.0388,-0.0428,0.0,0.0
1780080239625,1,Pitching Mound.Drive,,Loading,pitch.0,773418,-1.0144,13.0042,97.4196,101.3241,-163.1477,12.2737,0.1716,0.1066
1780080239625,1,Pitching Mound.Parent,,Loading,pitch.0,771569,-0.878,12.772,97.6703,101.2845,-163.1866,12.2308,0.1712,0.1067
1780080239626,1,11.0000004b,Drive,Loading,pitch.0,773419,-1.0003,13.0302,97.2001,101.2512,-162.9685,12.1992,0.1718,0.1068
1780080239626,1,12.00000015,Lower Delivery,Loading,pitch.0,772938,0.1359,-0.1101,0.173,-0.003,-0.0155,0.0073,0.0,0.0
1780080239626,1,12.00000018,Upper Delivery,Loading,pitch.0,774226,-0.0076,-0.1306,0.0644,-0.0884,-0.0304,-0.0012,0.0,0.0
1780080239626,1,Pitching Mound.Delivery,,Loading,pitch.0,772314,0.1283,-0.2407,0.2375,-0.0544,-0.0458,-0.0427,0.0,0.0
1780080239626,1,Pitching Mound.Drive,,Loading,pitch.0,773419,-1.0003,13.0302,97.2001,101.2512,-162.9685,12.1992,0.1718,0.1068
1780080239626,1,Pitching Mound.Parent,,Loading,pitch.0,771570,-0.872,12.7895,97.4376,101.1968,-163.0143,12.1565,0.1714,0.1069
1780080239627,1,11.0000004b,Drive,Loading,pitch.0,773420,-1.0043,13.0551,97.1347,101.2348,-162.874,12.1299,0.1719,0.1068
1780080239627,1,12.00000015,Lower Delivery,Loading,pitch.0,772939,0.1395,-0.1235,0.1631,0.0033,-0.0107,0.0066,0.0,0.0
1780080239627,1,12.00000018,Upper Delivery,Loading,pitch.0,774227,-0.0079,-0.129,0.0648,-0.0884,-0.0304,-0.0012,0.0,0.0
1780080239627,1,Pitching Mound.Delivery,,Loading,pitch.0,772315,0.1316,-0.2525,0.2278,-0.0517,-0.0411,-0.0447,0.0,0.0
1780080239627,1,Pitching Mound.Drive,,Loading,pitch.0,773420,-1.0043,13.0551,97.1347,101.2348,-162.874,12.1299,0.1719,0.1068
1780080239627,1,Pitching Mound.Parent,,Loading,pitch.0,771571,-0.8728,12.8026,97.3625,101.1831,-162.9151,12.0851,0.1715,0.1069
1780080239628,1,11.0000004b,Drive,Loading,pitch.0,773421,-1.0204,13.0629,97.2156,101.2984,-162.8247,12.0742,0.1717,0.1068
1780080239628,1,12.00000015,Lower Delivery,Loading,pitch.0,772940,0.1482,-0.1273,0.1584,-0.0002,-0.0173,0.0059,0.0,0.0
1780080239628,1,12.00000018,Upper Delivery,Loading,pitch.0,774228,-0.0073,-0.1298,0.0649,-0.0884,-0.0304,-0.0012,0.0,0.0
1780080239628,1,Pitching Mound.Delivery,,Loading,pitch.0,772316,0.1409,-0.2572,0.2233,-0.0568,-0.0477,-0.0482,0.0,0.0
1780080239628,1,Pitching Mound.Drive,,Loading,pitch.0,773421,-1.0204,13.0629,97.2156,101.2984,-162.8247,12.0742,0.1717,0.1068
1780080239628,1,Pitching Mound.Parent,,Loading,pitch.0,771572,-0.8794,12.8057,97.4389,101.2417,-162.8723,12.026,0.1713,0.1069
1780080239629,1,11.0000004b,Drive,Loading,pitch.0,773422,-1.016,13.0803,97.2113,101.2598,-162.7639,12.025,0.1716,0.1068
1780080239629,1,12.00000015,Lower Delivery,Loading,pitch.0,772941,0.15,-0.1369,0.182,0.006,-0.0207,0.0059,0.0,0.0
1780080239629,1,12.00000018,Upper Delivery,Loading,pitch.0,774229,-0.0086,-0.1332,0.0684,-0.0884,-0.0304,-0.0012,0.0,0.0
1780080239629,1,Pitching Mound.Delivery,,Loading,pitch.0,772317,0.1413,-0.2701,0.2504,-0.0438,-0.0511,-0.0493,0.0,0.0
1780080239629,1,Pitching Mound.Drive,,Loading,pitch.0,773422,-1.016,13.0803,97.2113,101.2598,-162.7639,12.025,0.1716,0.1068
1780080239629,1,Pitching Mound.Parent,,Loading,pitch.0,771573,-0.8747,12.8102,97.4617,101.216,-162.8149,11.9758,0.1712,0.1069
1780080239630,1,11.0000004b,Drive,Loading,pitch.0,773423,-1.0203,13.0953,97.2893,101.3953,-162.701,11.9464,0.1714,0.1068
1780080239630,1,12.00000015,Lower Delivery,Loading,pitch.0,772942,0.1414,-0.1379,0.1786,0.013,-0.0086,0.0066,0.0,0.0
1780080239630,1,12.00000018,Upper Delivery,Loading,pitch.0,774230,-0.0091,-0.1361,0.0848,-0.0884,-0.0304,-0.0012,0.0,0.0
1780080239630,1,Pitching Mound.Delivery,,Loading,pitch.0,772318,0.1323,-0.274,0.2634,-0.0435,-0.039,-0.0458,0.0,0.0
1780080239630,1,Pitching Mound.Drive,,Loading,pitch.0,773423,-1.0203,13.0953,97.2893,101.3953,-162.701,11.9464,0.1714,0.1068
1780080239630,1,Pitching Mound.Parent,,Loading,pitch.0,771574,-0.888,12.8212,97.5527,101.3519,-162.74,11.9006,0.1709,0.1069
1780080239631,1,11.0000004b,Drive,Loading,pitch.0,773424,-1.0218,13.0991,97.3925,101.4126,-162.6653,11.9047,0.1712,0.1067
1780080239631,1,12.00000015,Lower Delivery,Loading,pitch.0,772943,0.1629,-0.1641,0.2193,0.0176,-0.0038,0.0065,0.0,0.0
1780080239631,1,12.00000018,Upper Delivery,Loading,pitch.0,774231,0.0081,-0.1544,0.1619,-0.0884,-0.0304,-0.0012,0.0,0.0
1780080239631,1,Pitching Mound.Delivery,,Loading,pitch.0,772319,0.171,-0.3184,0.3812,-0.0512,-0.0342,-0.0473,0.0,0.0
1780080239631,1,Pitching Mound.Drive,,Loading,pitch.0,773424,-1.0218,13.0991,97.3925,101.4126,-162.6653,11.9047,0.1712,0.1067
1780080239631,1,Pitching Mound.Parent,,Loading,pitch.0,771575,-0.8508,12.7806,97.7737,101.3614,-162.6995,11.8573,0.1705,0.1065
1780080239632,1,11.0000004b,Drive,Loading,pitch.0,773425,-1.0163,13.1189,97.382,101.4032,-162.6039,11.8497,0.1711,0.1067
1780080239632,1,12.00000015,Lower Delivery,Loading,pitch.0,772944,0.1748,-0.1446,0.2358,0.0215,-0.0048,0.0071,0.0,0.0
1780080239632,1,12.00000018,Upper Delivery,Loading,pitch.0,774232,-0.0084,-0.1303,0.075,-0.0884,-0.0304,-0.0012,0.0,0.0
1780080239632,1,Pitching Mound.Delivery,,Loading,pitch.0,772320,0.1664,-0.2749,0.3108,-0.0122,-0.0352,-0.0564,0.0,0.0
1780080239632,1,Pitching Mound.Drive,,Loading,pitch.0,773425,-1.0163,13.1189,97.382,101.4032,-162.6039,11.8497,0.1711,0.1067
1780080239632,1,Pitching Mound.Parent,,Loading,pitch.0,771576,-0.85,12.844,97.6928,101.391,-162.6391,11.7933,0.1706,0.1069
1780080239633,1,11.0000004b,Drive,Loading,pitch.0,773426,-1.0321,13.1384,97.2542,101.4067,-162.484,11.7959,0.1712,0.1069
1780080239633,1,12.00000015,Lower Delivery,Loading,pitch.0,772945,0.1551,-0.1269,0.1908,0.0216,-0.0087,0.0082,0.0,0.0
1780080239633,1,12.00000018,Upper Delivery,Loading,pitch.0,774233,0.0242,-0.1778,0.2025,-0.0884,-0.0304,-0.0012,0.0,0.0
1780080239633,1,Pitching Mound.Delivery,,Loading,pitch.0,772321,0.1793,-0.3047,0.3932,-0.0707,-0.0391,-0.0375,0.0,0.0
1780080239633,1,Pitching Mound.Drive,,Loading,pitch.0,773426,-1.0321,13.1384,97.2542,101.4067,-162.484,11.7959,0.1712,0.1069
1780080239633,1,Pitching Mound.Parent,,Loading,pitch.0,771577,-0.8528,12.8337,97.6474,101.336,-162.5231,11.7584,0.1706,0.1064
1780080239634,1,11.0000004b,Drive,Loading,pitch.0,773427,-1.0255,13.1614,97.1416,101.3476,-162.3773,11.7445,0.1713,0.1069
1780080239634,1,12.00000015,Lower Delivery,Loading,pitch.0,772946,0.1586,-0.1307,0.2022,0.0304,-0.0078,0.0091,0.0,0.0
1780080239634,1,12.00000018,Upper Delivery,Loading,pitch.0,774234,0.0603,-0.2042,0.2811,-0.0884,-0.0304,-0.0012,0.0,0.0
1780080239634,1,Pitching Mound.Delivery,,Loading,pitch.0,772322,0.2189,-0.3349,0.4833,-0.0848,-0.0382,-0.0256,0.0,0.0
1780080239634,1,Pitching Mound.Drive,,Loading,pitch.0,773427,-1.0255,13.1614,97.1416,101.3476,-162.3773,11.7445,0.1713,0.1069
1780080239634,1,Pitching Mound.Parent,,Loading,pitch.0,771578,-0.8066,12.8265,97.6248,101.2628,-162.4154,11.7189,0.1705,0.1061
1780080239635,1,11.0000004b,Drive,Loading,pitch.0,773428,-1.0334,13.1805,97.1901,101.4679,-162.3515,11.7023,0.1712,0.107
1780080239635,1,12.00000015,Lower Delivery,Loading,pitch.0,772947,0.1364,-0.1021,0.1666,0.0192,-0.0076,0.0118,0.0,0.0
1780080239635,1,12.00000018,Upper Delivery,Loading,pitch.0,774235,0.0816,-0.2238,0.3397,-0.0884,-0.0304,-0.0012,0.0,0.0
1780080239635,1,Pitching Mound.Delivery,,Loading,pitch.0,772323,0.218,-0.3258,0.5064,-0.128,-0.0379,-0.008,0.0,0.0
1780080239635,1,Pitching Mound.Drive,,Loading,pitch.0,773428,-1.0334,13.1805,97.1901,101.4679,-162.3515,11.7023,0.1712,0.107
1780080239635,1,Pitching Mound.Parent,,Loading,pitch.0,771579,-0.8154,12.8546,97.6965,101.3399,-162.3895,11.6943,0.1703,0.1058
1780080239636,1,11.0000004b,Drive,Loading,pitch.0,773429,-1.0302,13.204,97.1905,101.5234,-162.2958,11.666,0.1712,0.1071
1780080239636,1,12.00000015,Lower Delivery,Loading,pitch.0,772948,0.1172,-0.0624,0.1071,0.0155,-0.0118,0.0121,0.0,0.0
1780080239636,1,12.00000018,Upper Delivery,Loading,pitch.0,774236,0.1134,-0.2334,0.4195,-0.0884,-0.0304,-0.0012,0.0,0.0
1780080239636,1,Pitching Mound.Delivery,,Loading,pitch.0,772324,0.2307,-0.2958,0.5266,-0.1791,-0.0421,0.0097,0.0,0.0
1780080239636,1,Pitching Mound.Drive,,Loading,pitch.0,773429,-1.0302,13.204,97.1905,101.5234,-162.2958,11.666,0.1712,0.1071
1780080239636,1,Pitching Mound.Parent,,Loading,pitch.0,771580,-0.7996,12.9082,97.7171,101.3443,-162.3379,11.6757,0.1702,0.1054
1780080239637,1,11.0000004b,Drive,Loading,pitch.0,773430,-1.0333,13.2091,97.2306,101.6138,-162.2643,11.6383,0.171,0.1071
1780080239637,1,12.00000015,Lower Delivery,Loading,pitch.0,772949,0.0748,-0.0256,0.0566,0.0,-0.0154,0.0163,0.0,0.0
1780080239637,1,12.00000018,Upper Delivery,Loading,pitch.0,774237,0.0628,-0.209,0.3238,-0.0884,-0.0304,-0.0012,0.0,0.0
1780080239637,1,Pitching Mound.Delivery,,Loading,pitch.0,772325,0.1376,-0.2345,0.3804,-0.1792,-0.0458,0.011,0.0,0.0
1780080239637,1,Pitching Mound.Drive,,Loading,pitch.0,773430,-1.0333,13.2091,97.2306,101.6138,-162.2643,11.6383,0.171,0.1071
1780080239637,1,Pitching Mound.Parent,,Loading,pitch.0,771581,-0.8958,12.9746,97.611,101.4345,-162.31,11.6493,0.1704,0.1058
1780080239638,1,11.0000004b,Drive,Loading,pitch.0,773431,-1.0194,13.2222,96.9809,101.6066,-162.092,11.6041,0.1713,0.1074
1780080239638,1,12.00000015,Lower Delivery,Loading,pitch.0,772950,0.0447,-0.0156,0.0412,-0.02,-0.0212,0.0174,0.0,0.0
1780080239638,1,12.00000018,Upper Delivery,Loading,pitch.0,774238,0.0639,-0.1884,0.4017,-0.0884,-0.0304,-0.0012,0.0,0.0
1780080239638,1,Pitching Mound.Delivery,,Loading,pitch.0,772326,0.1086,-0.2039,0.4429,-0.2309,-0.0516,0.0227,0.0,0.0
1780080239638,1,Pitching Mound.Drive,,Loading,pitch.0,773431,-1.0194,13.2222,96.9809,101.6066,-162.092,11.6041,0.1713,0.1074
1780080239638,1,Pitching Mound.Parent,,Loading,pitch.0,771582,-0.9108,13.0183,97.4238,101.3757,-162.1436,11.6268,0.1705,0.1056
1780080239639,1,11.0000004b,Drive,Loading,pitch.0,773432,-1.0162,13.244,97.0871,101.6648,-162.2018,11.5673,0.1712,0.1073
1780080239639,1,12.00000015,Lower Delivery,Loading,pitch.0,772951,0.0504,-0.0186,0.0431,-0.0265,-0.0205,0.022,0.0,0.0
1780080239639,1,12.00000018,Upper Delivery,Loading,pitch.0,774239,0.0959,-0.1969,0.363,-0.0884,-0.0304,-0.0012,0.0,0.0
1780080239639,1,Pitching Mound.Delivery,,Loading,pitch.0,772327,0.1462,-0.2155,0.4061,-0.2236,-0.0508,0.0363,0.0,0.0
1780080239639,1,Pitching Mound.Drive,,Loading,pitch.0,773432,-1.0162,13.244,97.0871,101.6648,-162.2018,11.5673,0.1712,0.1073
1780080239639,1,Pitching Mound.Parent,,Loading,pitch.0,771583,-0.87,13.0284,97.4932,101.4412,-162.2526,11.6036,0.1705,0.1058
1780080239640,1,11.0000004b,Drive,Loading,pitch.0,773433,-1.0213,13.2548,97.0014,101.6644,-162.1363,11.5403,0.1713,0.1074
1780080239640,1,12.00000015,Lower Delivery,Loading,pitch.0,772952,0.0463,-0.0168,0.04,-0.0255,-0.0183,0.0218,0.0,0.0
1780080239640,1,12.00000018,Upper Delivery,Loading,pitch.0,774240,0.0483,-0.165,0.2159,-0.0884,-0.0304,-0.0012,0.0,0.0
1780080239640,1,Pitching Mound.Delivery,,Loading,pitch.0,772328,0.0947,-0.1818,0.256,-0.1737,-0.0487,0.0213,0.0,0.0
1780080239640,1,Pitching Mound.Drive,,Loading,pitch.0,773433,-1.0213,13.2548,97.0014,101.6644,-162.1363,11.5403,0.1713,0.1074
1780080239640,1,Pitching Mound.Parent,,Loading,pitch.0,771584,-0.9266,13.073,97.2574,101.4907,-162.185,11.5615,0.1709,0.1065
1780080239641,1,11.0000004b,Drive,Loading,pitch.0,773434,-1.0083,13.2627,96.9878,101.5518,-162.0364,11.458,0.1712,0.1073
1780080239641,1,12.00000015,Lower Delivery,Loading,pitch.0,772953,0.0878,-0.0269,0.0796,-0.022,-0.0166,0.0219,0.0,0.0
1780080239641,1,12.00000018,Upper Delivery,Loading,pitch.0,774241,0.0194,-0.1633,0.1753,-0.0884,-0.0304,-0.0012,0.0,0.0
1780080239641,1,Pitching Mound.Delivery,,Loading,pitch.0,772329,0.1072,-0.1902,0.2549,-0.1429,-0.047,-0.0026,0.0,0.0
1780080239641,1,Pitching Mound.Drive,,Loading,pitch.0,773434,-1.0083,13.2627,96.9878,101.5518,-162.0364,11.458,0.1712,0.1073
1780080239641,1,Pitching Mound.Parent,,Loading,pitch.0,771585,-0.9011,13.0725,97.2427,101.4089,-162.0833,11.4555,0.1708,0.1067
1780080239642,1,11.0000004b,Drive,Loading,pitch.0,773435,-0.9969,13.2927,96.8976,101.6474,-161.9221,11.4215,0.1713,0.1075
1780080239642,1,11.0000004b,Drive,Loading,pitch.0,773436,-0.993,13.3052,96.9974,101.661,-161.8431,11.348,0.171,0.1074
1780080239642,1,12.00000015,Lower Delivery,Loading,pitch.0,772954,0.0856,-0.0255,0.0613,-0.0163,-0.0235,0.0205,0.0,0.0
1780080239642,1,12.00000018,Upper Delivery,Loading,pitch.0,774242,0.005,-0.1533,0.1405,-0.0884,-0.0304,-0.0012,0.0,0.0
1780080239642,1,Pitching Mound.Delivery,,Loading,pitch.0,772330,0.0907,-0.1788,0.2019,-0.1316,-0.0539,-0.0081,0.0,0.0
1780080239642,1,Pitching Mound.Drive,,Loading,pitch.0,773435,-0.9969,13.2927,96.8976,101.6474,-161.9221,11.4215,0.1713,0.1075
1780080239642,1,Pitching Mound.Drive,,Loading,pitch.0,773436,-0.993,13.3052,96.9974,101.661,-161.8431,11.348,0.171,0.1074
1780080239642,1,Pitching Mound.Parent,,Loading,pitch.0,771586,-0.9062,13.1139,97.0995,101.5158,-161.976,11.4134,0.1709,0.107
1780080239643,1,11.0000004b,Drive,Loading,pitch.0,773437,-0.9827,13.3139,97.1432,101.6739,-161.7278,11.2879,0.1706,0.1073
1780080239643,1,12.00000015,Lower Delivery,Loading,pitch.0,772955,0.1078,-0.034,0.0962,-0.021,-0.0248,0.0186,0.0,0.0
1780080239643,1,12.00000018,Upper Delivery,Loading,pitch.0,774243,-0.0079,-0.1451,0.0966,-0.0884,-0.0304,-0.0012,0.0,0.0
1780080239643,1,Pitching Mound.Delivery,,Loading,pitch.0,772331,0.0999,-0.1791,0.1927,-0.1095,-0.0552,-0.022,0.0,0.0
1780080239643,1,Pitching Mound.Drive,,Loading,pitch.0,773437,-0.9827,13.3139,97.1432,101.6739,-161.7278,11.2879,0.1706,0.1073
1780080239643,1,Pitching Mound.Parent,,Loading,pitch.0,771587,-0.8931,13.1261,97.1902,101.5515,-161.8983,11.3261,0.1707,0.1072
1780080239644,1,11.0000004b,Drive,Loading,pitch.0,773438,-0.9779,13.317,97.1865,101.6923,-161.6327,11.2235,0.1705,0.1072
1780080239644,1,12.00000015,Lower Delivery,Loading,pitch.0,772956,0.1003,-0.0292,0.0958,-0.02,-0.0173,0.02,0.0,0.0
1780080239644,1,12.00000018,Upper Delivery,Loading,pitch.0,774244,-0.0098,-0.1463,0.1667,-0.0884,-0.0304,-0.0012,0.0,0.0
1780080239644,1,Pitching Mound.Delivery,,Loading,pitch.0,772332,0.0906,-0.1755,0.2624,-0.1325,-0.0477,-0.0187,0.0,0.0
1780080239644,1,Pitching Mound.Drive,,Loading,pitch.0,773438,-0.9779,13.317,97.1865,101.6923,-161.6327,11.2235,0.1705,0.1072
1780080239644,1,Pitching Mound.Parent,,Loading,pitch.0,771588,-0.8921,13.1384,97.4056,101.5415,-161.7755,11.2692,0.1702,0.1067
1780080239645,1,12.00000015,Lower Delivery,Loading,pitch.0,772957,0.1294,-0.0437,0.1308,-0.0205,-0.0209,0.0219,0.0,0.0
1780080239645,1,12.00000018,Upper Delivery,Loading,pitch.0,774245,-0.0108,-0.1377,0.1381,-0.0884,-0.0304,-0.0012,0.0,0.0
1780080239645,1,Pitching Mound.Delivery,,Loading,pitch.0,772333,0.1186,-0.1814,0.2689,-0.1114,-0.0513,-0.027,0.0,0.0
1780080239645,1,Pitching Mound.Parent,,Loading,pitch.0,771589,-0.8593,13.1356,97.4554,101.581,-161.684,11.1965,0.17,0.1069
1780080239646,1,11.0000004b,Drive,Loading,pitch.0,773439,-0.9717,13.3296,97.3106,101.7823,-161.6002,11.1824,0.1702,0.1072
1780080239646,1,11.0000004b,Drive,Loading,pitch.0,773440,-0.9639,13.3582,97.4193,101.7895,-161.4697,11.0912,0.1699,0.1071
1780080239646,1,12.00000015,Lower Delivery,Loading,pitch.0,772958,0.1214,-0.0392,0.1305,-0.0217,-0.02,0.0236,0.0,0.0
1780080239646,1,12.00000018,Upper Delivery,Loading,pitch.0,774246,-0.0156,-0.1332,0.1603,-0.0884,-0.0304,-0.0012,0.0,0.0
1780080239646,1,Pitching Mound.Delivery,,Loading,pitch.0,772334,0.1059,-0.1724,0.2908,-0.1202,-0.0504,-0.0241,0.0,0.0
1780080239646,1,Pitching Mound.Drive,,Loading,pitch.0,773439,-0.9717,13.3296,97.3106,101.7823,-161.6002,11.1824,0.1702,0.1072
1780080239646,1,Pitching Mound.Drive,,Loading,pitch.0,773440,-0.9639,13.3582,97.4193,101.7895,-161.4697,11.0912,0.1699,0.1071
1780080239646,1,Pitching Mound.Parent,,Loading,pitch.0,771590,-0.8658,13.1571,97.6014,101.6621,-161.6507,11.1582,0.1697,0.1068
1780080239647,1,12.00000015,Lower Delivery,Loading,pitch.0,772959,0.1402,-0.0646,0.1732,-0.0086,-0.0158,0.0235,0.0,0.0
1780080239647,1,12.00000018,Upper Delivery,Loading,pitch.0,774247,-0.0138,-0.1326,0.1207,-0.0884,-0.0304,-0.0012,0.0,0.0
1780080239647,1,Pitching Mound.Delivery,,Loading,pitch.0,772335,0.1264,-0.1972,0.2939,-0.0791,-0.0462,-0.0301,0.0,0.0
1780080239647,1,Pitching Mound.Parent,,Loading,pitch.0,771591,-0.8375,13.161,97.7132,101.7104,-161.5158,11.0612,0.1694,0.107
1780080239648,1,11.0000004b,Drive,Loading,pitch.0,773442,-0.9405,13.4049,97.3517,101.8094,-161.1043,10.9566,0.1696,0.1072
1780080239648,1,11.0000004b,Drive,Loading,pitch.0,773441,-0.9509,13.3753,97.4542,101.8201,-161.2666,11.0167,0.1696,0.1071
1780080239648,1,12.00000015,Lower Delivery,Loading,pitch.0,772960,0.1544,-0.0592,0.165,-0.0013,-0.0185,0.0201,0.0,0.0
1780080239648,1,12.00000018,Upper Delivery,Loading,pitch.0,774248,-0.0163,-0.1288,0.1504,-0.0884,-0.0304,-0.0012,0.0,0.0
1780080239648,1,Pitching Mound.Delivery,,Loading,pitch.0,772336,0.1382,-0.188,0.3154,-0.0847,-0.0489,-0.0391,0.0,0.0
1780080239648,1,Pitching Mound.Drive,,Loading,pitch.0,773442,-0.9405,13.4049,97.3517,101.8094,-161.1043,10.9566,0.1696,0.1072
1780080239648,1,Pitching Mound.Drive,,Loading,pitch.0,773441,-0.9509,13.3753,97.4542,101.8201,-161.2666,11.0167,0.1696,0.1071
1780080239648,1,Pitching Mound.Parent,,Loading,pitch.0,771592,-0.8127,13.1874,97.7696,101.7354,-161.3155,10.9776,0.1691,0.1068
1780080239649,1,11.0000004b,Drive,Loading,pitch.0,773443,-0.9254,13.4236,97.3445,101.932,-160.9469,10.8797,0.1695,0.1073
1780080239649,1,12.00000015,Lower Delivery,Loading,pitch.0,772961,0.1675,-0.0849,0.2014,0.0043,-0.0158,0.0207,0.0,0.0
1780080239649,1,12.00000018,Upper Delivery,Loading,pitch.0,774249,-0.0196,-0.1269,0.1288,-0.0884,-0.0304,-0.0012,0.0,0.0
1780080239649,1,Pitching Mound.Delivery,,Loading,pitch.0,772337,0.1479,-0.2118,0.3302,-0.0593,-0.0462,-0.0441,0.0,0.0
1780080239649,1,Pitching Mound.Drive,,Loading,pitch.0,773443,-0.9254,13.4236,97.3445,101.932,-160.9469,10.8797,0.1695,0.1073
1780080239649,1,Pitching Mound.Parent,,Loading,pitch.0,771593,-0.7926,13.1931,97.6819,101.75,-161.1505,10.9125,0.169,0.1071
1780080239650,1,11.0000004b,Drive,Loading,pitch.0,773444,-0.9125,13.4592,97.2764,101.9669,-160.6357,10.8175,0.1693,0.1074
1780080239650,1,12.00000015,Lower Delivery,Loading,pitch.0,772962,0.1878,-0.1102,0.2394,0.0207,-0.0135,0.0205,0.0,0.0
1780080239650,1,12.00000018,Upper Delivery,Loading,pitch.0,774250,-0.0177,-0.1274,0.1201,-0.0884,-0.0304,-0.0012,0.0,0.0
1780080239650,1,Pitching Mound.Delivery,,Loading,pitch.0,772338,0.1702,-0.2376,0.3595,-0.0271,-0.0439,-0.0506,0.0,0.0
1780080239650,1,Pitching Mound.Drive,,Loading,pitch.0,773444,-0.9125,13.4592,97.2764,101.9669,-160.6357,10.8175,0.1693,0.1074
1780080239650,1,Pitching Mound.Parent,,Loading,pitch.0,771594,-0.7552,13.186,97.704,101.905,-160.9908,10.8291,0.1688,0.1073
1780080239651,1,11.0000004b,Drive,Loading,pitch.0,773445,-0.8902,13.4855,97.2793,101.9962,-160.5348,10.7301,0.1691,0.1075
1780080239651,1,12.00000015,Lower Delivery,Loading,pitch.0,772963,0.1658,-0.1219,0.2499,0.0205,-0.0044,0.0208,0.0,0.0
1780080239651,1,12.00000018,Upper Delivery,Loading,pitch.0,774251,-0.0115,-0.1387,0.1277,-0.0884,-0.0304,-0.0012,0.0,0.0
1780080239651,1,Pitching Mound.Delivery,,Loading,pitch.0,772339,0.1543,-0.2605,0.3777,-0.0263,-0.0347,-0.0407,0.0,0.0
1780080239651,1,Pitching Mound.Drive,,Loading,pitch.0,773445,-0.8902,13.4855,97.2793,101.9962,-160.5348,10.7301,0.1691,0.1075
1780080239651,1,Pitching Mound.Parent,,Loading,pitch.0,771595,-0.7582,13.1987,97.654,101.9406,-160.6704,10.7767,0.1686,0.1074
1780080239652,1,11.0000004b,Drive,Loading,pitch.0,773446,-0.871,13.5055,97.261,102.0157,-160.4557,10.6767,0.1691,0.1075
1780080239652,1,12.00000015,Lower Delivery,Loading,pitch.0,772964,0.1592,-0.1387,0.2672,0.0265,-0.0004,0.0206,0.0,0.0
1780080239652,1,12.00000018,Upper Delivery,Loading,pitch.0,774252,-0.02,-0.1304,0.1346,-0.0884,-0.0304,-0.0012,0.0,0.0
1780080239652,1,Pitching Mound.Delivery,,Loading,pitch.0,772340,0.1392,-0.2691,0.4018,-0.0168,-0.0308,-0.0416,0.0,0.0
1780080239652,1,Pitching Mound.Drive,,Loading,pitch.0,773446,-0.871,13.5055,97.261,102.0157,-160.4557,10.6767,0.1691,0.1075
1780080239652,1,Pitching Mound.Parent,,Loading,pitch.0,771596,-0.7511,13.2164,97.6812,101.9794,-160.5656,10.6885,0.1684,0.1075
1780080239653,1,11.0000004b,Drive,Loading,pitch.0,773447,-0.8737,13.526,97.2035,102.0176,-160.2781,10.5777,0.169,0.1076
1780080239653,1,12.00000015,Lower Delivery,Loading,pitch.0,772965,0.1768,-0.1338,0.2899,0.0252,0.0016,0.0194,0.0,0.0
1780080239653,1,12.00000018,Upper Delivery,Loading,pitch.0,774253,-0.0167,-0.1334,0.1023,-0.0884,-0.0304,-0.0012,0.0,0.0
1780080239653,1,Pitching Mound.Delivery,,Loading,pitch.0,772341,0.1601,-0.2672,0.3922,0.0007,-0.0287,-0.0476,0.0,0.0
1780080239653,1,Pitching Mound.Drive,,Loading,pitch.0,773447,-0.8737,13.526,97.2035,102.0176,-160.2781,10.5777,0.169,0.1076
1780080239653,1,Pitching Mound.Parent,,Loading,pitch.0,771597,-0.7109,13.2383,97.6532,102.0163,-160.4845,10.6292,0.1684,0.1077
1780080239654,1,11.0000004b,Drive,Loading,pitch.0,773448,-0.8492,13.5506,97.0687,102.0168,-160.1875,10.505,0.1691,0.1077
1780080239654,1,12.00000015,Lower Delivery,Loading,pitch.0,772966,0.1369,-0.108,0.2081,0.0374,0.0079,0.0166,0.0,0.0
1780080239654,1,12.00000018,Upper Delivery,Loading,pitch.0,774254,-0.0143,-0.1431,0.1403,-0.0884,-0.0304,-0.0012,0.0,0.0
1780080239654,1,Pitching Mound.Delivery,,Loading,pitch.0,772342,0.1226,-0.2511,0.3484,-0.028,-0.0224,-0.036,0.0,0.0
1780080239654,1,Pitching Mound.Drive,,Loading,pitch.0,773448,-0.8492,13.5506,97.0687,102.0168,-160.1875,10.505,0.1691,0.1077
1780080239654,1,Pitching Mound.Parent,,Loading,pitch.0,771598,-0.7511,13.2749,97.5519,101.9897,-160.3005,10.5417,0.1684,0.1074
1780080239655,1,11.0000004b,Drive,Loading,pitch.0,773449,-0.8291,13.5843,97.1142,102.054,-160.1467,10.4419,0.169,0.1077
1780080239655,1,12.00000015,Lower Delivery,Loading,pitch.0,772967,0.1363,-0.1305,0.2258,0.0388,0.0145,0.0134,0.0,0.0
1780080239655,1,12.00000018,Upper Delivery,Loading,pitch.0,774255,-0.0164,-0.1401,0.0673,-0.0884,-0.0304,-0.0012,0.0,0.0
1780080239655,1,Pitching Mound.Delivery,,Loading,pitch.0,772343,0.12,-0.2706,0.293,0.0043,-0.0159,-0.0398,0.0,0.0
1780080239655,1,Pitching Mound.Drive,,Loading,pitch.0,773449,-0.8291,13.5843,97.1142,102.054,-160.1467,10.4419,0.169,0.1077
1780080239655,1,Pitching Mound.Parent,,Loading,pitch.0,771599,-0.7292,13.2801,97.3618,102.0211,-160.2034,10.4653,0.1686,0.1079
1780080239656,1,11.0000004b,Drive,Loading,pitch.0,773450,-0.8193,13.6163,97.0642,102.0827,-160.0972,10.3565,0.1691,0.1078
1780080239656,1,12.00000015,Lower Delivery,Loading,pitch.0,772968,0.091,-0.114,0.1108,0.0337,0.0144,0.0088,0.0,0.0
1780080239656,1,12.00000018,Upper Delivery,Loading,pitch.0,774256,-0.0163,-0.1495,0.0764,-0.0884,-0.0304,-0.0012,0.0,0.0
1780080239656,1,Pitching Mound.Delivery,,Loading,pitch.0,772344,0.0747,-0.2636,0.1872,-0.0429,-0.016,-0.0289,0.0,0.0
1780080239656,1,Pitching Mound.Drive,,Loading,pitch.0,773450,-0.8193,13.6163,97.0642,102.0827,-160.0972,10.3565,0.1691,0.1078
1780080239656,1,Pitching Mound.Parent,,Loading,pitch.0,771600,-0.7544,13.3208,97.3014,102.0111,-160.1627,10.413,0.1687,0.1076
1780080239657,1,11.0000004b,Drive,Loading,pitch.0,773451,-0.8117,13.6306,96.9509,102.0549,-159.909,10.2886,0.1691,0.1079
1780080239657,1,12.00000015,Lower Delivery,Loading,pitch.0,772969,0.0967,-0.1211,0.1086,0.0409,0.019,0.0067,0.0,0.0
1780080239657,1,12.00000018,Upper Delivery,Loading,pitch.0,774257,-0.0172,-0.1477,0.0762,-0.0884,-0.0304,-0.0012,0.0,0.0
1780080239657,1,Pitching Mound.Delivery,,Loading,pitch.0,772345,0.0795,-0.2688,0.1848,-0.0364,-0.0114,-0.0332,0.0,0.0
1780080239657,1,Pitching Mound.Drive,,Loading,pitch.0,773451,-0.8117,13.6306,96.9509,102.0549,-159.909,10.2886,0.1691,0.1079
1780080239657,1,Pitching Mound.Parent,,Loading,pitch.0,771601,-0.7398,13.3475,97.2491,102.0463,-160.1085,10.3233,0.1687,0.1077
1780080239658,1,11.0000004b,Drive,Loading,pitch.0,773452,-0.7885,13.6562,96.9996,102.1097,-159.9826,10.2077,0.169,0.1079
1780080239658,1,12.00000015,Lower Delivery,Loading,pitch.0,772970,0.0786,-0.1233,0.108,0.0151,0.0059,0.0029,0.0,0.0
1780080239658,1,12.00000018,Upper Delivery,Loading,pitch.0,774258,-0.0162,-0.144,0.0762,-0.0884,-0.0304,-0.0012,0.0,0.0
1780080239658,1,Pitching Mound.Delivery,,Loading,pitch.0,772346,0.0624,-0.2673,0.1842,-0.0624,-0.0244,-0.0305,0.0,0.0
1780080239658,1,Pitching Mound.Drive,,Loading,pitch.0,773452,-0.7885,13.6562,96.9996,102.1097,-159.9826,10.2077,0.169,0.1079
1780080239658,1,Pitching Mound.Parent,,Loading,pitch.0,771602,-0.7493,13.3634,97.135,101.9925,-159.9334,10.258,0.1687,0.1078
1780080239659,1,11.0000004b,Drive,Loading,pitch.0,773453,-0.7848,13.6764,97.0685,102.1466,-159.9029,10.1373,0.1688,0.1079
1780080239659,1,12.00000015,Lower Delivery,Loading,pitch.0,772971,0.0692,-0.102,0.1099,0.0121,0.0066,0.0038,0.0,0.0
1780080239659,1,12.00000018,Upper Delivery,Loading,pitch.0,774259,-0.0154,-0.1517,0.0709,-0.0884,-0.0304,-0.0012,0.0,0.0
1780080239659,1,Pitching Mound.Delivery,,Loading,pitch.0,772347,0.0537,-0.2537,0.1808,-0.063,-0.0238,-0.0262,0.0,0.0
1780080239659,1,Pitching Mound.Drive,,Loading,pitch.0,773453,-0.7848,13.6764,97.0685,102.1466,-159.9029,10.1373,0.1688,0.1079
1780080239659,1,Pitching Mound.Parent,,Loading,pitch.0,771603,-0.7347,13.4025,97.1804,102.0467,-160.0064,10.1815,0.1687,0.1078
1780080239660,1,11.0000004b,Drive,Loading,pitch.0,773454,-0.7652,13.6932,97.1307,102.1237,-159.8716,10.0348,0.1687,0.1078
1780080239660,1,12.00000015,Lower Delivery,Loading,pitch.0,772972,0.0559,-0.0955,0.0925,0.0183,0.0065,0.0034,0.0,0.0
1780080239660,1,12.00000018,Upper Delivery,Loading,pitch.0,774260,-0.0101,-0.1544,0.1084,-0.0884,-0.0304,-0.0012,0.0,0.0
1780080239660,1,Pitching Mound.Delivery,,Loading,pitch.0,772348,0.0457,-0.2498,0.2009,-0.0755,-0.0239,-0.0202,0.0,0.0
1780080239660,1,Pitching Mound.Drive,,Loading,pitch.0,773454,-0.7652,13.6932,97.1307,102.1237,-159.8716,10.0348,0.1687,0.1078
1780080239660,1,Pitching Mound.Parent,,Loading,pitch.0,771604,-0.739,13.4266,97.2694,102.0711,-159.9268,10.1171,0.1685,0.1076
1780080239661,1,11.0000004b,Drive,Loading,pitch.0,773455,-0.753,13.7092,97.1696,102.1932,-159.8262,9.961,0.1686,0.1078
1780080239661,1,12.00000015,Lower Delivery,Loading,pitch.0,772973,0.0703,-0.1072,0.1597,0.0169,0.0097,0.0016,0.0,0.0
1780080239661,1,12.00000018,Upper Delivery,Loading,pitch.0,774261,0.0185,-0.1788,0.2078,-0.0884,-0.0304,-0.0012,0.0,0.0
1780080239661,1,Pitching Mound.Delivery,,Loading,pitch.0,772349,0.0888,-0.286,0.3675,-0.0878,-0.0207,-0.0172,0.0,0.0
1780080239661,1,Pitching Mound.Drive,,Loading,pitch.0,773455,-0.753,13.7092,97.1696,102.1932,-159.8262,9.961,0.1686,0.1078
1780080239661,1,Pitching Mound.Parent,,Loading,pitch.0,771605,-0.6764,13.4072,97.4982,102.0359,-159.8922,10.0176,0.1681,0.1072
1780080239662,1,11.0000004b,Drive,Loading,pitch.0,773456,-0.7344,13.7229,97.2555,102.3282,-159.8914,9.8858,0.1685,0.1078
1780080239662,1,12.00000015,Lower Delivery,Loading,pitch.0,772974,0.0836,-0.1233,0.1647,0.0119,-0.0016,-0.0008,0.0,0.0
1780080239662,1,12.00000018,Upper Delivery,Loading,pitch.0,774262,-0.0013,-0.1416,0.1273,-0.0884,-0.0304,-0.0012,0.0,0.0
1780080239662,1,Pitching Mound.Delivery,,Loading,pitch.0,772350,0.0822,-0.2649,0.2921,-0.0638,-0.032,-0.0309,0.0,0.0
1780080239662,1,Pitching Mound.Drive,,Loading,pitch.0,773456,-0.7344,13.7229,97.2555,102.3282,-159.8914,9.8858,0.1685,0.1078
1780080239662,1,Pitching Mound.Parent,,Loading,pitch.0,771606,-0.6708,13.4444,97.4617,102.1294,-159.8582,9.9301,0.1681,0.1076
1780080239663,1,11.0000004b,Drive,Loading,pitch.0,773457,-0.7126,13.7309,97.3744,102.3835,-159.8538,9.8104,0.1683,0.1078
1780080239663,1,12.00000015,Lower Delivery,Loading,pitch.0,772975,0.1097,-0.128,0.1682,0.0234,-0.0041,0.0011,0.0,0.0
1780080239663,1,12.00000018,Upper Delivery,Loading,pitch.0,774263,0.016,-0.1518,0.1389,-0.0884,-0.0304,-0.0012,0.0,0.0
1780080239663,1,Pitching Mound.Delivery,,Loading,pitch.0,772351,0.1257,-0.2798,0.3071,-0.055,-0.0344,-0.032,0.0,0.0
1780080239663,1,Pitching Mound.Drive,,Loading,pitch.0,773457,-0.7126,13.7309,97.3744,102.3835,-159.8538,9.8104,0.1683,0.1078
1780080239663,1,Pitching Mound.Parent,,Loading,pitch.0,771607,-0.6087,13.4431,97.5626,102.2732,-159.9258,9.8538,0.168,0.1076
1780080239664,1,11.0000004b,Drive,Loading,pitch.0,773458,-0.6827,13.7477,97.4355,102.5139,-159.7562,9.7036,0.1681,0.1078
1780080239664,1,12.00000015,Lower Delivery,Loading,pitch.0,772976,0.1222,-0.136,0.1846,0.0022,-0.0153,0.0026,0.0,0.0
1780080239664,1,12.00000018,Upper Delivery,Loading,pitch.0,774264,-0.0115,-0.1226,0.0634,-0.0884,-0.0304,-0.0012,0.0,0.0
1780080239664,1,Pitching Mound.Delivery,,Loading,pitch.0,772352,0.1107,-0.2587,0.248,-0.0449,-0.0457,-0.044,0.0,0.0
1780080239664,1,Pitching Mound.Drive,,Loading,pitch.0,773458,-0.6827,13.7477,97.4355,102.5139,-159.7562,9.7036,0.1681,0.1078
1780080239664,1,Pitching Mound.Parent,,Loading,pitch.0,771608,-0.6019,13.4722,97.6224,102.3386,-159.8995,9.7663,0.1678,0.1079
1780080239665,1,11.0000004b,Drive,Loading,pitch.0,773459,-0.6572,13.7759,97.4577,102.506,-159.6238,9.6027,0.1679,0.1078
1780080239665,1,12.00000015,Lower Delivery,Loading,pitch.0,772977,0.141,-0.1475,0.1878,0.0151,-0.0064,0.0057,0.0,0.0
1780080239665,1,12.00000018,Upper Delivery,Loading,pitch.0,774265,-0.0096,-0.1271,0.0743,-0.0884,-0.0304,-0.0012,0.0,0.0
1780080239665,1,Pitching Mound.Delivery,,Loading,pitch.0,772353,0.1314,-0.2745,0.2621,-0.0347,-0.0368,-0.0467,0.0,0.0
1780080239665,1,Pitching Mound.Drive,,Loading,pitch.0,773459,-0.6572,13.7759,97.4577,102.506,-159.6238,9.6027,0.1679,0.1078
1780080239665,1,Pitching Mound.Parent,,Loading,pitch.0,771609,-0.5513,13.4732,97.6976,102.4792,-159.793,9.6569,0.1676,0.1079
1780080239666,1,11.0000004b,Drive,Loading,pitch.0,773460,-0.6152,13.7868,97.3563,102.6104,-159.3421,9.4936,0.1678,0.108
1780080239666,1,12.00000015,Lower Delivery,Loading,pitch.0,772978,0.1225,-0.1249,0.1728,0.0219,-0.002,0.0068,0.0,0.0
1780080239666,1,12.00000015,Lower Delivery,Loading,pitch.0,772979,0.1217,-0.1384,0.1849,0.0143,-0.0047,0.0068,0.0,0.0
1780080239666,1,12.00000018,Upper Delivery,Loading,pitch.0,774266,-0.0037,-0.1314,0.1141,-0.0884,-0.0304,-0.0012,0.0,0.0
1780080239666,1,Pitching Mound.Delivery,,Loading,pitch.0,772354,0.1188,-0.2563,0.2869,-0.0465,-0.0324,-0.0373,0.0,0.0
1780080239666,1,Pitching Mound.Drive,,Loading,pitch.0,773460,-0.6152,13.7868,97.3563,102.6104,-159.3421,9.4936,0.1678,0.108
1780080239666,1,Pitching Mound.Parent,,Loading,pitch.0,771610,-0.5384,13.5196,97.7446,102.4595,-159.6562,9.5654,0.1674,0.1077
1780080239667,1,11.0000004b,Drive,Loading,pitch.0,773461,-0.5841,13.8239,97.4963,102.6564,-159.3891,9.4154,0.1676,0.1079
1780080239667,1,12.00000015,Lower Delivery,Loading,pitch.0,772980,0.1397,-0.1468,0.2042,0.0107,-0.0072,0.0057,0.0,0.0
1780080239667,1,12.00000018,Upper Delivery,Loading,pitch.0,774267,-0.0102,-0.1312,0.0935,-0.0884,-0.0304,-0.0012,0.0,0.0
1780080239667,1,Pitching Mound.Delivery,,Loading,pitch.0,772355,0.1115,-0.2696,0.2784,-0.043,-0.035,-0.0392,0.0,0.0
1780080239667,1,Pitching Mound.Drive,,Loading,pitch.0,773461,-0.5841,13.8239,97.4963,102.6564,-159.3891,9.4154,0.1676,0.1079
1780080239667,1,Pitching Mound.Parent,,Loading,pitch.0,771611,-0.5037,13.5172,97.6347,102.5674,-159.3772,9.4544,0.1673,0.108
1780080239668,1,11.0000004b,Drive,Loading,pitch.0,773462,-0.5428,13.8349,97.5488,102.6885,-159.3012,9.3297,0.1674,0.1079
1780080239668,1,12.00000015,Lower Delivery,Loading,pitch.0,772981,0.1418,-0.1418,0.2151,0.0095,-0.0046,0.0072,0.0,0.0
1780080239668,1,12.00000018,Upper Delivery,Loading,pitch.0,774268,-0.0133,-0.1312,0.0818,-0.0884,-0.0304,-0.0012,0.0,0.0
1780080239668,1,Pitching Mound.Delivery,,Loading,pitch.0,772356,0.1264,-0.278,0.286,-0.036,-0.0376,-0.0475,0.0,0.0
1780080239668,1,Pitching Mound.Drive,,Loading,pitch.0,773462,-0.5428,13.8349,97.5488,102.6885,-159.3012,9.3297,0.1674,0.1079
1780080239668,1,Pitching Mound.Parent,,Loading,pitch.0,771612,-0.4577,13.5459,97.7823,102.6204,-159.4266,9.3679,0.1671,0.108
1780080239669,1,11.0000004b,Drive,Loading,pitch.0,773463,-0.4963,13.8587,97.5244,102.744,-159.1757,9.2235,0.1673,0.108
1780080239669,1,12.00000018,Upper Delivery,Loading,pitch.0,774269,-0.0134,-0.1191,0.0947,-0.0884,-0.0304,-0.0012,0.0,0.0
1780080239669,1,Pitching Mound.Delivery,,Loading,pitch.0,772357,0.1285,-0.2609,0.3097,-0.038,-0.0349,-0.0468,0.0,0.0
1780080239669,1,Pitching Mound.Drive,,Loading,pitch.0,773463,-0.4963,13.8587,97.5244,102.744,-159.1757,9.2235,0.1673,0.108
1780080239669,1,Pitching Mound.Parent,,Loading,pitch.0,771613,-0.4143,13.574,97.8586,102.6505,-159.3361,9.2829,0.1668,0.108
1780080239670,1,11.0000004b,Drive,Loading,pitch.0,773464,-0.4686,13.881,97.5219,102.8178,-159.072,9.1308,0.1672,0.1081
1780080239670,1,12.00000015,Lower Delivery,Loading,pitch.0,772982,0.1413,-0.1487,0.2484,-0.0099,-0.0063,0.0109,0.0,0.0
1780080239670,1,12.00000015,Lower Delivery,Loading,pitch.0,772983,0.0879,-0.123,0.1462,-0.0202,-0.0123,0.0122,0.0,0.0
1780080239670,1,12.00000018,Upper Delivery,Loading,pitch.0,774270,-0.0073,-0.1319,0.1608,-0.0884,-0.0304,-0.0012,0.0,0.0
1780080239670,1,Pitching Mound.Delivery,,Loading,pitch.0,772358,0.134,-0.2806,0.4092,-0.0685,-0.0367,-0.0408,0.0,0.0
1780080239670,1,Pitching Mound.Drive,,Loading,pitch.0,773464,-0.4686,13.881,97.5219,102.8178,-159.072,9.1308,0.1672,0.1081
1780080239670,1,Pitching Mound.Parent,,Loading,pitch.0,771614,-0.3623,13.5782,97.9336,102.6754,-159.2124,9.1828,0.1666,0.1078
1780080239671,1,11.0000004b,Drive,Loading,pitch.0,773465,-0.4325,13.9023,97.5054,102.8694,-158.7476,9.0412,0.1669,0.1081
1780080239671,1,12.00000015,Lower Delivery,Loading,pitch.0,772984,0.0953,-0.1009,0.1317,-0.0186,-0.0167,0.0156,0.0,0.0
1780080239671,1,12.00000018,Upper Delivery,Loading,pitch.0,774271,-0.0086,-0.1364,0.1147,-0.0884,-0.0304,-0.0012,0.0,0.0
1780080239671,1,Pitching Mound.Delivery,,Loading,pitch.0,772359,0.0793,-0.2593,0.2609,-0.0978,-0.0427,-0.0217,0.0,0.0
1780080239671,1,Pitching Mound.Drive,,Loading,pitch.0,773465,-0.4325,13.9023,97.5054,102.8694,-158.7476,9.0412,0.1669,0.1081
1780080239671,1,Pitching Mound.Parent,,Loading,pitch.0,771615,-0.3892,13.6217,97.7827,102.72,-159.1147,9.1091,0.1667,0.1079
1780080239672,1,11.0000004b,Drive,Loading,pitch.0,773466,-0.3987,13.9149,97.5269,102.8033,-158.5689,8.9595,0.1666,0.108
1780080239672,1,12.00000015,Lower Delivery,Loading,pitch.0,772985,0.0827,-0.0923,0.1142,-0.0203,-0.0141,0.0158,0.0,0.0
1780080239672,1,12.00000018,Upper Delivery,Loading,pitch.0,774272,0.0067,-0.1353,0.1616,-0.0884,-0.0304,-0.0012,0.0,0.0
1780080239672,1,Pitching Mound.Delivery,,Loading,pitch.0,772360,0.102,-0.2362,0.2933,-0.1171,-0.047,-0.0157,0.0,0.0
1780080239672,1,Pitching Mound.Drive,,Loading,pitch.0,773466,-0.3987,13.9149,97.5269,102.8033,-158.5689,8.9595,0.1666,0.108
1780080239672,1,Pitching Mound.Parent,,Loading,pitch.0,771616,-0.3305,13.6661,97.7986,102.7522,-158.7946,9.0255,0.1664,0.1077
1780080239673,1,11.0000004b,Drive,Loading,pitch.0,773467,-0.3727,13.9435,97.4975,102.8579,-158.4658,8.8837,0.1666,0.1081
1780080239673,1,12.00000015,Lower Delivery,Loading,pitch.0,772986,0.0583,-0.0797,0.0761,-0.0235,-0.0193,0.0127,0.0,0.0
1780080239673,1,12.00000018,Upper Delivery,Loading,pitch.0,774273,0.0031,-0.1331,0.1416,-0.0884,-0.0304,-0.0012,0.0,0.0
1780080239673,1,Pitching Mound.Delivery,,Loading,pitch.0,772361,0.0859,-0.2254,0.2558,-0.118,-0.0444,-0.0125,0.0,0.0
1780080239673,1,Pitching Mound.Drive,,Loading,pitch.0,773467,-0.3727,13.9435,97.4975,102.8579,-158.4658,8.8837,0.1666,0.1081
1780080239673,1,Pitching Mound.Parent,,Loading,pitch.0,771617,-0.3128,13.6895,97.7827,102.6853,-158.6133,8.947,0.1662,0.1077
1780080239674,1,11.0000004b,Drive,Loading,pitch.0,773468,-0.3439,13.9605,97.4603,102.8286,-158.2626,8.8163,0.1664,0.1081
1780080239674,1,12.00000015,Lower Delivery,Loading,pitch.0,772987,0.0612,-0.0955,0.0853,-0.0186,-0.014,0.0118,0.0,0.0
1780080239674,1,12.00000018,Upper Delivery,Loading,pitch.0,774274,0.0281,-0.1548,0.2072,-0.0884,-0.0304,-0.0012,0.0,0.0
1780080239674,1,Pitching Mound.Delivery,,Loading,pitch.0,772362,0.0863,-0.2345,0.2833,-0.1565,-0.0496,0.0012,0.0,0.0
1780080239674,1,Pitching Mound.Drive,,Loading,pitch.0,773468,-0.3439,13.9605,97.4603,102.8286,-158.2626,8.8163,0.1664,0.1081
1780080239674,1,Pitching Mound.Parent,,Loading,pitch.0,771618,-0.2864,13.709,97.7807,102.7014,-158.5154,8.8848,0.1661,0.1074
1780080239675,1,11.0000004b,Drive,Loading,pitch.0,773469,-0.3293,13.9724,97.5803,102.9545,-158.263,8.727,0.1662,0.1081
1780080239675,1,12.00000015,Lower Delivery,Loading,pitch.0,772988,0.1211,-0.1044,0.1559,-0.019,-0.0205,0.0136,0.0,0.0
1780080239675,1,12.00000018,Upper Delivery,Loading,pitch.0,774275,-0.0035,-0.1361,0.1469,-0.0884,-0.0304,-0.0012,0.0,0.0
1780080239675,1,Pitching Mound.Delivery,,Loading,pitch.0,772363,0.0577,-0.2316,0.2323,-0.1279,-0.0444,-0.0114,0.0,0.0
1780080239675,1,Pitching Mound.Drive,,Loading,pitch.0,773469,-0.3293,13.9724,97.5803,102.9545,-158.263,8.727,0.1662,0.1081
1780080239675,1,Pitching Mound.Parent,,Loading,pitch.0,771619,-0.2862,13.7289,97.6926,102.7007,-158.307,8.8049,0.166,0.1077
1780080239676,1,11.0000004b,Drive,Loading,pitch.0,773470,-0.3032,13.9905,97.6413,103.0739,-158.1325,8.6497,0.166,0.1082
1780080239676,1,12.00000015,Lower Delivery,Loading,pitch.0,772989,0.1174,-0.1017,0.1336,-0.0295,-0.0298,0.0106,0.0,0.0
1780080239676,1,12.00000018,Upper Delivery,Loading,pitch.0,774276,0.0342,-0.1622,0.211,-0.0884,-0.0304,-0.0012,0.0,0.0
1780080239676,1,Pitching Mound.Delivery,,Loading,pitch.0,772364,0.1553,-0.2666,0.3669,-0.1261,-0.0509,-0.0171,0.0,0.0
1780080239676,1,Pitching Mound.Drive,,Loading,pitch.0,773470,-0.3032,13.9905,97.6413,103.0739,-158.1325,8.6497,0.166,0.1082
1780080239676,1,Pitching Mound.Parent,,Loading,pitch.0,771620,-0.174,13.7058,97.9472,102.8284,-158.3139,8.7099,0.1656,0.1075
1780080239677,1,11.0000004b,Drive,Loading,pitch.0,773471,-0.2769,14.007,97.6017,103.0998,-157.9955,8.5377,0.1659,0.1083
1780080239677,1,12.00000018,Upper Delivery,Loading,pitch.0,774277,0.0552,-0.1728,0.2495,-0.0884,-0.0304,-0.0012,0.0,0.0
1780080239677,1,Pitching Mound.Delivery,,Loading,pitch.0,772365,0.1726,-0.2745,0.3831,-0.1573,-0.0601,-0.0118,0.0,0.0
1780080239677,1,Pitching Mound.Drive,,Loading,pitch.0,773471,-0.2769,14.007,97.6017,103.0998,-157.9955,8.5377,0.1659,0.1083
1780080239677,1,Pitching Mound.Parent,,Loading,pitch.0,771621,-0.1306,13.7159,98.0244,102.9166,-158.1926,8.6379,0.1653,0.1074
1780080239678,1,11.0000004b,Drive,Loading,pitch.0,773472,-0.2623,14.026,97.5967,103.075,-157.6791,8.448,0.1656,0.1082
1780080239678,1,12.00000015,Lower Delivery,Loading,pitch.0,772990,0.1537,-0.1392,0.2174,-0.0081,-0.022,0.0109,0.0,0.0
1780080239678,1,12.00000015,Lower Delivery,Loading,pitch.0,772991,0.1505,-0.1273,0.22,-0.0125,-0.0158,0.0114,0.0,0.0
1780080239678,1,12.00000018,Upper Delivery,Loading,pitch.0,774278,0.0164,-0.1289,0.1616,-0.0884,-0.0304,-0.0012,0.0,0.0
1780080239678,1,Pitching Mound.Delivery,,Loading,pitch.0,772366,0.1702,-0.2681,0.379,-0.0774,-0.0524,-0.037,0.0,0.0
1780080239678,1,Pitching Mound.Drive,,Loading,pitch.0,773472,-0.2623,14.026,97.5967,103.075,-157.6791,8.448,0.1656,0.1082
1780080239678,1,Pitching Mound.Parent,,Loading,pitch.0,771622,-0.1068,13.7389,97.9807,103.0224,-158.0479,8.5007,0.1653,0.108
1780080239679,1,11.0000004b,Drive,Loading,pitch.0,773473,-0.2405,14.0356,97.6848,103.1801,-157.7008,8.3621,0.1655,0.1083
1780080239679,1,12.00000015,Lower Delivery,Loading,pitch.0,772992,0.1709,-0.1526,0.2675,0.0036,-0.0175,0.0091,0.0,0.0
1780080239679,1,12.00000018,Upper Delivery,Loading,pitch.0,774279,0.061,-0.1847,0.2296,-0.0884,-0.0304,-0.0012,0.0,0.0
1780080239679,1,Pitching Mound.Delivery,,Loading,pitch.0,772367,0.2115,-0.312,0.4496,-0.1041,-0.0462,-0.0202,0.0,0.0
1780080239679,1,Pitching Mound.Drive,,Loading,pitch.0,773473,-0.2405,14.0356,97.6848,103.1801,-157.7008,8.3621,0.1655,0.1083
1780080239679,1,Pitching Mound.Parent,,Loading,pitch.0,771623,-0.0508,13.714,98.0464,102.9709,-157.7253,8.4278,0.1648,0.1077
1780080239680,1,11.0000004b,Drive,Loading,pitch.0,773474,-0.236,14.0652,97.6738,103.2235,-157.4908,8.2793,0.1653,0.1083
1780080239680,1,12.00000015,Lower Delivery,Loading,pitch.0,772993,0.1972,-0.1568,0.298,0.0185,-0.0133,0.0111,0.0,0.0
1780080239680,1,12.00000018,Upper Delivery,Loading,pitch.0,774280,0.0764,-0.2062,0.2728,-0.0884,-0.0304,-0.0012,0.0,0.0
1780080239680,1,Pitching Mound.Delivery,,Loading,pitch.0,772368,0.2473,-0.3588,0.5403,-0.0866,-0.0479,-0.0242,0.0,0.0
1780080239680,1,Pitching Mound.Drive,,Loading,pitch.0,773474,-0.236,14.0652,97.6738,103.2235,-157.4908,8.2793,0.1653,0.1083
1780080239680,1,Pitching Mound.Parent,,Loading,pitch.0,771624,0.0068,13.6768,98.2252,103.0935,-157.7487,8.3378,0.1646,0.1076
1780080239681,1,11.0000004b,Drive,Loading,pitch.0,773475,-0.2089,14.0847,97.7504,103.2987,-157.2725,8.2027,0.1649,0.1083
1780080239681,1,12.00000015,Lower Delivery,Loading,pitch.0,772994,0.2158,-0.1764,0.3269,0.0177,-0.0085,0.0112,0.0,0.0
1780080239681,1,12.00000018,Upper Delivery,Loading,pitch.0,774281,0.0336,-0.1607,0.1861,-0.0884,-0.0304,-0.0012,0.0,0.0
1780080239681,1,Pitching Mound.Delivery,,Loading,pitch.0,772369,0.2308,-0.3175,0.4841,-0.0318,-0.0437,-0.0457,0.0,0.0
1780080239681,1,Pitching Mound.Drive,,Loading,pitch.0,773475,-0.2089,14.0847,97.7504,103.2987,-157.2725,8.2027,0.1649,0.1083
1780080239681,1,Pitching Mound.Parent,,Loading,pitch.0,771625,-0.0052,13.7477,98.158,103.1917,-157.5344,8.2335,0.1644,0.1082
1780080239682,1,11.0000004b,Drive,Loading,pitch.0,773476,-0.1957,14.11,97.734,103.3937,-157.2578,8.1306,0.1649,0.1084
1780080239682,1,12.00000015,Lower Delivery,Loading,pitch.0,772995,0.2092,-0.1885,0.3422,0.0085,-0.0097,0.0105,0.0,0.0
1780080239682,1,12.00000018,Upper Delivery,Loading,pitch.0,774282,-0.0081,-0.1169,0.1243,-0.0884,-0.0304,-0.0012,0.0,0.0
1780080239682,1,Pitching Mound.Delivery,,Loading,pitch.0,772370,0.2077,-0.2933,0.4512,-0.0018,-0.0389,-0.0661,0.0,0.0
1780080239682,1,Pitching Mound.Drive,,Loading,pitch.0,773476,-0.1957,14.11,97.734,103.3937,-157.2578,8.1306,0.1649,0.1084
1780080239682,1,Pitching Mound.Parent,,Loading,pitch.0,771626,-0.0011,13.7914,98.2017,103.2969,-157.3114,8.1366,0.1641,0.1085
1780080239683,1,11.0000004b,Drive,Loading,pitch.0,773477,-0.1982,14.137,97.8125,103.5972,-157.2493,8.0444,0.1648,0.1086
1780080239683,1,12.00000015,Lower Delivery,Loading,pitch.0,772996,0.2063,-0.1845,0.3444,0.0072,-0.0071,0.0117,0.0,0.0
1780080239683,1,12.00000018,Upper Delivery,Loading,pitch.0,774283,0.0718,-0.2126,0.3331,-0.0884,-0.0304,-0.0012,0.0,0.0
1780080239683,1,Pitching Mound.Delivery,,Loading,pitch.0,772371,0.281,-0.401,0.6753,-0.0768,-0.0401,-0.0374,0.0,0.0
1780080239683,1,Pitching Mound.Drive,,Loading,pitch.0,773477,-0.1982,14.137,97.8125,103.5972,-157.2493,8.0444,0.1648,0.1086
1780080239683,1,Pitching Mound.Parent,,Loading,pitch.0,771627,0.0853,13.7089,98.4092,103.317,-157.2979,8.0931,0.1638,0.1077
1780080239684,1,11.0000004b,Drive,Loading,pitch.0,773478,-0.1952,14.1481,97.8721,103.6798,-157.0979,7.9804,0.1645,0.1086
1780080239684,1,12.00000015,Lower Delivery,Loading,pitch.0,772997,0.2372,-0.2065,0.3971,0.0122,-0.0058,0.0144,0.0,0.0
1780080239684,1,12.00000018,Upper Delivery,Loading,pitch.0,774284,0.0404,-0.187,0.2819,-0.0884,-0.0304,-0.0012,0.0,0.0
1780080239684,1,Pitching Mound.Delivery,,Loading,pitch.0,772372,0.2467,-0.3715,0.6263,-0.0599,-0.0375,-0.0459,0.0,0.0
1780080239684,1,Pitching Mound.Drive,,Loading,pitch.0,773478,-0.1952,14.1481,97.8721,103.6798,-157.0979,7.9804,0.1645,0.1086
1780080239684,1,Pitching Mound.Parent,,Loading,pitch.0,771628,0.0485,13.7654,98.4388,103.5372,-157.2868,7.9985,0.1637,0.1081
1780080239685,1,11.0000004b,Drive,Loading,pitch.0,773479,-0.1828,14.1729,97.9162,103.7508,-156.9783,7.9249,0.1643,0.1086
1780080239685,1,12.00000015,Lower Delivery,Loading,pitch.0,772998,0.2366,-0.1905,0.3711,0.0005,-0.0145,0.0131,0.0,0.0
1780080239685,1,12.00000018,Upper Delivery,Loading,pitch.0,774285,0.0801,-0.216,0.3723,-0.0884,-0.0304,-0.0012,0.0,0.0
1780080239685,1,Pitching Mound.Delivery,,Loading,pitch.0,772373,0.3173,-0.4225,0.7694,-0.0677,-0.0361,-0.0402,0.0,0.0
1780080239685,1,Pitching Mound.Drive,,Loading,pitch.0,773479,-0.1828,14.1729,97.9162,103.7508,-156.9783,7.9249,0.1643,0.1086
1780080239685,1,Pitching Mound.Parent,,Loading,pitch.0,771629,0.122,13.7255,98.6415,103.6121,-157.134,7.9401,0.1632,0.1078
1780080239686,1,11.0000004b,Drive,Loading,pitch.0,773480,-0.1787,14.189,97.9723,103.8639,-157.034,7.8653,0.1643,0.1087
1780080239686,1,12.00000015,Lower Delivery,Loading,pitch.0,772999,0.2171,-0.1785,0.3359,0.0002,-0.0169,0.0114,0.0,0.0
1780080239686,1,12.00000018,Upper Delivery,Loading,pitch.0,774287,-0.0063,-0.1264,0.0972,-0.0884,-0.0304,-0.0012,0.0,0.0
1780080239686,1,12.00000018,Upper Delivery,Loading,pitch.0,774286,0.0787,-0.2009,0.3143,-0.0884,-0.0304,-0.0012,0.0,0.0
1780080239686,1,Pitching Mound.Delivery,,Loading,pitch.0,772374,0.3153,-0.3914,0.6854,-0.0685,-0.0449,-0.0417,0.0,0.0
1780080239686,1,Pitching Mound.Delivery,,Loading,pitch.0,772375,0.2107,-0.305,0.4331,-0.007,-0.0472,-0.0657,0.0,0.0
1780080239686,1,Pitching Mound.Drive,,Loading,pitch.0,773480,-0.1787,14.189,97.9723,103.8639,-157.034,7.8653,0.1643,0.1087
1780080239686,1,Pitching Mound.Parent,,Loading,pitch.0,771630,0.1325,13.7816,98.6016,103.6822,-157.0232,7.8832,0.1632,0.108
1780080239686,1,Pitching Mound.Parent,,Loading,pitch.0,771631,0.032,13.884,98.4054,103.8569,-157.0812,7.7996,0.1636,0.109
1780080239687,1,11.0000004b,Drive,Loading,pitch.0,773481,-0.1971,14.1913,97.9578,103.9053,-157.0046,7.7984,0.1643,0.1087
1780080239687,1,12.00000015,Lower Delivery,Loading,pitch.0,773000,0.2001,-0.1597,0.3123,-0.0081,-0.0208,0.0134,0.0,0.0
1780080239687,1,12.00000018,Upper Delivery,Loading,pitch.0,774288,-0.0041,-0.1218,0.1149,-0.0884,-0.0304,-0.0012,0.0,0.0
1780080239687,1,Pitching Mound.Delivery,,Loading,pitch.0,772376,0.196,-0.2815,0.4273,-0.0294,-0.0512,-0.0572,0.0,0.0
1780080239687,1,Pitching Mound.Drive,,Loading,pitch.0,773481,-0.1971,14.1913,97.9578,103.9053,-157.0046,7.7984,0.1643,0.1087
1780080239687,1,Pitching Mound.Parent,,Loading,pitch.0,771632,-0.0011,13.9098,98.3851,103.8759,-157.0558,7.7411,0.1636,0.1089
1780080239688,1,11.0000004b,Drive,Loading,pitch.0,773482,-0.1811,14.2012,98.075,103.9517,-156.9105,7.7521,0.164,0.1086
1780080239688,1,12.00000015,Lower Delivery,Loading,pitch.0,773001,0.1913,-0.1352,0.2939,-0.0128,-0.0234,0.0138,0.0,0.0
1780080239688,1,12.00000018,Upper Delivery,Loading,pitch.0,774289,-0.0018,-0.1024,0.0763,-0.0884,-0.0304,-0.0012,0.0,0.0
1780080239688,1,Pitching Mound.Delivery,,Loading,pitch.0,772377,0.1895,-0.2376,0.3702,-0.0271,-0.0537,-0.053,0.0,0.0
1780080239688,1,Pitching Mound.Drive,,Loading,pitch.0,773482,-0.1811,14.2012,98.075,103.9517,-156.9105,7.7521,0.164,0.1086
1780080239688,1,Pitching Mound.Parent,,Loading,pitch.0,771633,0.0083,13.9636,98.4451,103.9246,-156.9642,7.6991,0.1634,0.109
1780080239689,1,11.0000004b,Drive,Loading,pitch.0,773483,-0.1844,14.2021,98.1179,104.0708,-156.9679,7.6888,0.164,0.1087
1780080239689,1,12.00000015,Lower Delivery,Loading,pitch.0,773002,0.1704,-0.0997,0.249,-0.0153,-0.0178,0.0168,0.0,0.0
1780080239689,1,Pitching Mound.Drive,,Loading,pitch.0,773483,-0.1844,14.2021,98.1179,104.0708,-156.9679,7.6888,0.164,0.1087
1780080239690,1,11.0000004b,Drive,Loading,pitch.0,773484,-0.1863,14.215,98.2478,104.2024,-157.0239,7.6362,0.1638,0.1087
1780080239690,1,12.00000015,Lower Delivery,Loading,pitch.0,773003,0.1429,-0.0865,0.2059,-0.0223,-0.0188,0.0176,0.0,0.0
1780080239690,1,12.00000018,Upper Delivery,Loading,pitch.0,774290,-0.0043,-0.1076,0.0701,-0.0884,-0.0304,-0.0012,0.0,0.0
1780080239690,1,12.00000018,Upper Delivery,Loading,pitch.0,774291,-0.0088,-0.1182,0.0956,-0.0884,-0.0304,-0.0012,0.0,0.0
1780080239690,1,Pitching Mound.Delivery,,Loading,pitch.0,772379,0.1341,-0.2047,0.3014,-0.0732,-0.0492,-0.0352,0.0,0.0
1780080239690,1,Pitching Mound.Delivery,,Loading,pitch.0,772378,0.1661,-0.2073,0.3191,-0.0428,-0.0482,-0.0438,0.0,0.0
1780080239690,1,Pitching Mound.Drive,,Loading,pitch.0,773484,-0.1863,14.215,98.2478,104.2024,-157.0239,7.6362,0.1638,0.1087
1780080239690,1,Pitching Mound.Parent,,Loading,pitch.0,771635,-0.0521,14.0103,98.5492,104.1292,-157.0731,7.601,0.1633,0.1088
1780080239690,1,Pitching Mound.Parent,,Loading,pitch.0,771634,-0.0183,13.9949,98.437,104.028,-157.0161,7.645,0.1634,0.109
1780080239691,1,11.0000004b,Drive,Loading,pitch.0,773485,-0.1856,14.2249,98.2383,104.2758,-157.0189,7.5596,0.1638,0.1088
1780080239691,1,12.00000015,Lower Delivery,Loading,pitch.0,773004,0.0926,-0.0659,0.1082,-0.0126,-0.0137,0.017,0.0,0.0
1780080239691,1,Pitching Mound.Drive,,Loading,pitch.0,773485,-0.1856,14.2249,98.2383,104.2758,-157.0189,7.5596,0.1638,0.1088
1780080239692,1,11.0000004b,Drive,Loading,pitch.0,773486,-0.1927,14.2437,98.2472,104.328,-156.9543,7.4826,0.1637,0.1088
1780080239692,1,12.00000015,Lower Delivery,Loading,pitch.0,773005,0.1107,-0.0849,0.1537,-0.0099,-0.009,0.0189,0.0,0.0
1780080239692,1,12.00000018,Upper Delivery,Loading,pitch.0,774292,-0.0062,-0.0997,0.0687,-0.0884,-0.0304,-0.0012,0.0,0.0
1780080239692,1,Pitching Mound.Delivery,,Loading,pitch.0,772380,0.0865,-0.1655,0.1768,-0.0875,-0.044,-0.0177,0.0,0.0
1780080239692,1,Pitching Mound.Drive,,Loading,pitch.0,773486,-0.1927,14.2437,98.2472,104.328,-156.9543,7.4826,0.1637,0.1088
1780080239692,1,Pitching Mound.Parent,,Loading,pitch.0,771636,-0.0992,14.0593,98.4152,104.1882,-157.063,7.5419,0.1635,0.1087
1780080239693,1,11.0000004b,Drive,Loading,pitch.0,773487,-0.1724,14.2567,98.2027,104.3104,-156.8191,7.3824,0.1637,0.1089
1780080239693,1,12.00000015,Lower Delivery,Loading,pitch.0,773006,0.1016,-0.0822,0.1481,-0.016,-0.0063,0.0206,0.0,0.0
1780080239693,1,12.00000018,Upper Delivery,Loading,pitch.0,774293,-0.006,-0.1058,0.0564,-0.0884,-0.0304,-0.0012,0.0,0.0
1780080239693,1,Pitching Mound.Delivery,,Loading,pitch.0,772381,0.1047,-0.1906,0.2101,-0.0652,-0.0394,-0.022,0.0,0.0
1780080239693,1,Pitching Mound.Drive,,Loading,pitch.0,773487,-0.1724,14.2567,98.2027,104.3104,-156.8191,7.3824,0.1637,0.1089
1780080239693,1,Pitching Mound.Parent,,Loading,pitch.0,771637,-0.088,14.0531,98.4572,104.2627,-156.9937,7.4606,0.1634,0.1089
1780080239694,1,11.0000004b,Drive,Loading,pitch.0,773488,-0.1546,14.2828,98.2125,104.3839,-156.7506,7.318,0.1636,0.1089
1780080239694,1,12.00000015,Lower Delivery,Loading,pitch.0,773007,0.0985,-0.0626,0.1418,-0.0158,0.0012,0.0212,0.0,0.0
1780080239694,1,12.00000018,Upper Delivery,Loading,pitch.0,774294,-0.0092,-0.1049,0.0542,-0.0884,-0.0304,-0.0012,0.0,0.0
1780080239694,1,Pitching Mound.Delivery,,Loading,pitch.0,772382,0.0924,-0.1871,0.2023,-0.0724,-0.0367,-0.0183,0.0,0.0
1780080239694,1,Pitching Mound.Drive,,Loading,pitch.0,773488,-0.1546,14.2828,98.2125,104.3839,-156.7506,7.318,0.1636,0.1089
1780080239694,1,Pitching Mound.Parent,,Loading,pitch.0,771638,-0.08,14.0696,98.405,104.2379,-156.8558,7.3641,0.1633,0.109
1780080239695,1,11.0000004b,Drive,Loading,pitch.0,773489,-0.1561,14.3029,98.2026,104.4255,-156.521,7.2648,0.1634,0.109
1780080239695,1,12.00000015,Lower Delivery,Loading,pitch.0,773008,0.1321,-0.1056,0.2256,-0.018,-0.0035,0.0186,0.0,0.0
1780080239695,1,12.00000018,Upper Delivery,Loading,pitch.0,774295,-0.0097,-0.1013,0.0538,-0.0884,-0.0304,-0.0012,0.0,0.0
1780080239695,1,Pitching Mound.Delivery,,Loading,pitch.0,772383,0.0888,-0.1638,0.1956,-0.0743,-0.0292,-0.0168,0.0,0.0
1780080239695,1,Pitching Mound.Drive,,Loading,pitch.0,773489,-0.1561,14.3029,98.2026,104.4255,-156.521,7.2648,0.1634,0.109
1780080239695,1,Pitching Mound.Parent,,Loading,pitch.0,771639,-0.0657,14.119,98.408,104.3097,-156.7798,7.3011,0.1633,0.109
1780080239696,1,11.0000004b,Drive,Loading,pitch.0,773490,-0.1583,14.3149,98.3782,104.5215,-156.5137,7.1493,0.1631,0.1089
1780080239696,1,12.00000015,Lower Delivery,Loading,pitch.0,773009,0.1089,-0.1005,0.1957,-0.0131,-0.0048,0.0198,0.0,0.0
1780080239696,1,12.00000018,Upper Delivery,Loading,pitch.0,774297,-0.0149,-0.1183,0.0827,-0.0884,-0.0304,-0.0012,0.0,0.0
1780080239696,1,12.00000018,Upper Delivery,Loading,pitch.0,774296,-0.0126,-0.1172,0.0608,-0.0884,-0.0304,-0.0012,0.0,0.0
1780080239696,1,Pitching Mound.Delivery,,Loading,pitch.0,772385,0.094,-0.2188,0.2784,-0.063,-0.0351,-0.0235,0.0,0.0
1780080239696,1,Pitching Mound.Delivery,,Loading,pitch.0,772384,0.1195,-0.2228,0.2864,-0.0503,-0.0339,-0.0318,0.0,0.0
1780080239696,1,Pitching Mound.Drive,,Loading,pitch.0,773490,-0.1583,14.3149,98.3782,104.5215,-156.5137,7.1493,0.1631,0.1089
1780080239696,1,Pitching Mound.Parent,,Loading,pitch.0,771641,-0.0642,14.0961,98.6566,104.4584,-156.5489,7.1258,0.1626,0.109
1780080239696,1,Pitching Mound.Parent,,Loading,pitch.0,771640,-0.0366,14.0801,98.489,104.3752,-156.5549,7.2331,0.1629,0.1092
1780080239697,1,11.0000004b,Drive,Loading,pitch.0,773491,-0.1501,14.342,98.2841,104.5448,-156.4138,7.0945,0.1631,0.109
1780080239697,1,12.00000015,Lower Delivery,Loading,pitch.0,773010,0.1056,-0.1098,0.196,-0.0215,-0.01,0.0165,0.0,0.0
1780080239697,1,Pitching Mound.Drive,,Loading,pitch.0,773491,-0.1501,14.342,98.2841,104.5448,-156.4138,7.0945,0.1631,0.109
1780080239698,1,11.0000004b,Drive,Loading,pitch.0,773492,-0.1513,14.3591,98.2446,104.631,-156.2422,7.0371,0.163,0.1092
1780080239698,1,12.00000015,Lower Delivery,Loading,pitch.0,773011,0.1599,-0.1512,0.2797,-0.0077,-0.0153,0.0122,0.0,0.0
1780080239698,1,12.00000018,Upper Delivery,Loading,pitch.0,774298,-0.0184,-0.1445,0.1099,-0.0884,-0.0304,-0.0012,0.0,0.0
1780080239698,1,Pitching Mound.Delivery,,Loading,pitch.0,772386,0.0871,-0.2543,0.3058,-0.0806,-0.0404,-0.0269,0.0,0.0
1780080239698,1,Pitching Mound.Drive,,Loading,pitch.0,773492,-0.1513,14.3591,98.2446,104.631,-156.2422,7.0371,0.163,0.1092
1780080239698,1,Pitching Mound.Parent,,Loading,pitch.0,771642,-0.063,14.0877,98.5899,104.4642,-156.4542,7.0676,0.1626,0.109
1780080239699,1,11.0000004b,Drive,Loading,pitch.0,773493,-0.1591,14.3761,98.4152,104.6984,-156.239,6.9284,0.1627,0.109
1780080239699,1,12.00000015,Lower Delivery,Loading,pitch.0,773012,0.1695,-0.1646,0.2788,-0.0017,-0.028,0.0113,0.0,0.0
1780080239699,1,12.00000018,Upper Delivery,Loading,pitch.0,774299,-0.0182,-0.152,0.0906,-0.0884,-0.0304,-0.0012,0.0,0.0
1780080239699,1,Pitching Mound.Delivery,,Loading,pitch.0,772387,0.1417,-0.3032,0.3703,-0.0318,-0.0457,-0.0496,0.0,0.0
1780080239699,1,Pitching Mound.Drive,,Loading,pitch.0,773493,-0.1591,14.3761,98.4152,104.6984,-156.239,6.9284,0.1627,0.109
1780080239699,1,Pitching Mound.Parent,,Loading,pitch.0,771643,-0.0095,14.0558,98.6149,104.5992,-156.2879,6.9876,0.1624,0.1094
1780080239700,1,11.0000004b,Drive,Loading,pitch.0,773494,-0.1344,14.4068,98.4031,104.7291,-156.1246,6.8403,0.1626,0.1091
1780080239700,1,12.00000015,Lower Delivery,Loading,pitch.0,773013,0.1588,-0.1737,0.2627,-0.0035,-0.0412,0.0074,0.0,0.0
1780080239700,1,12.00000018,Upper Delivery,Loading,pitch.0,774300,-0.0166,-0.147,0.114,-0.0884,-0.0304,-0.0012,0.0,0.0
1780080239700,1,Pitching Mound.Delivery,,Loading,pitch.0,772388,0.1528,-0.3117,0.3928,-0.034,-0.0583,-0.0531,0.0,0.0
1780080239700,1,Pitching Mound.Drive,,Loading,pitch.0,773494,-0.1344,14.4068,98.4031,104.7291,-156.1246,6.8403,0.1626,0.1091
1780080239700,1,Pitching Mound.Parent,,Loading,pitch.0,771644,-0.0063,14.0644,98.808,104.6644,-156.2973,6.8753,0.1621,0.1092
1780080239701,1,11.0000004b,Drive,Loading,pitch.0,773495,-0.1326,14.4326,98.3975,104.7585,-156.1292,6.7543,0.1626,0.1091
1780080239701,1,12.00000015,Lower Delivery,Loading,pitch.0,773014,0.1424,-0.1992,0.252,0.0009,-0.0452,0.0048,0.0,0.0
1780080239701,1,12.00000018,Upper Delivery,Loading,pitch.0,774301,-0.0121,-0.138,0.0708,-0.0884,-0.0304,-0.0012,0.0,0.0
1780080239701,1,Pitching Mound.Delivery,,Loading,pitch.0,772389,0.1467,-0.3118,0.3335,-0.0266,-0.0715,-0.0519,0.0,0.0
1780080239701,1,Pitching Mound.Drive,,Loading,pitch.0,773495,-0.1326,14.4326,98.3975,104.7585,-156.1292,6.7543,0.1626,0.1091
1780080239701,1,Pitching Mound.Parent,,Loading,pitch.0,771645,0.0123,14.095,98.7366,104.7025,-156.1962,6.7884,0.1621,0.1094
1780080239702,1,11.0000004b,Drive,Loading,pitch.0,773496,-0.1202,14.4488,98.4156,104.702,-156.0921,6.6486,0.1626,0.109
1780080239702,1,12.00000015,Lower Delivery,Loading,pitch.0,773015,0.1337,-0.1912,0.1987,0.0085,-0.0397,0.0042,0.0,0.0
1780080239702,1,12.00000018,Upper Delivery,Loading,pitch.0,774302,-0.0096,-0.1354,0.0692,-0.0884,-0.0304,-0.0012,0.0,0.0
1780080239702,1,12.00000018,Upper Delivery,Loading,pitch.0,774303,-0.011,-0.1454,0.0712,-0.0884,-0.0304,-0.0012,0.0,0.0
1780080239702,1,Pitching Mound.Delivery,,Loading,pitch.0,772390,0.1328,-0.3346,0.3212,-0.0252,-0.0755,-0.0481,0.0,0.0
1780080239702,1,Pitching Mound.Delivery,,Loading,pitch.0,772391,0.1227,-0.3366,0.2699,-0.0366,-0.07,-0.0462,0.0,0.0
1780080239702,1,Pitching Mound.Drive,,Loading,pitch.0,773496,-0.1202,14.4488,98.4156,104.702,-156.0921,6.6486,0.1626,0.109
1780080239702,1,Pitching Mound.Parent,,Loading,pitch.0,771646,0.0002,14.098,98.7187,104.7333,-156.2048,6.7062,0.1621,0.1094
1780080239702,1,Pitching Mound.Parent,,Loading,pitch.0,771647,0.0025,14.1122,98.6855,104.6654,-156.1621,6.6023,0.1621,0.1092
1780080239703,1,11.0000004b,Drive,Loading,pitch.0,773497,-0.0988,14.4652,98.4086,104.7536,-156.0102,6.5502,0.1625,0.1091
1780080239703,1,12.00000015,Lower Delivery,Loading,pitch.0,773016,0.1425,-0.2021,0.2053,0.0092,-0.0294,0.0041,0.0,0.0
1780080239703,1,12.00000018,Upper Delivery,Loading,pitch.0,774304,-0.0115,-0.1473,0.074,-0.0884,-0.0304,-0.0012,0.0,0.0
1780080239703,1,Pitching Mound.Delivery,,Loading,pitch.0,772392,0.1309,-0.3495,0.2793,-0.0345,-0.0597,-0.0495,0.0,0.0
1780080239703,1,Pitching Mound.Drive,,Loading,pitch.0,773497,-0.0988,14.4652,98.4086,104.7536,-156.0102,6.5502,0.1625,0.1091
1780080239703,1,Pitching Mound.Parent,,Loading,pitch.0,771648,0.0321,14.1157,98.6879,104.7191,-156.0699,6.5007,0.162,0.1092
1780080239704,1,11.0000004b,Drive,Loading,pitch.0,773498,-0.0999,14.4898,98.3857,104.709,-155.9325,6.4749,0.1624,0.1091
1780080239704,1,12.00000015,Lower Delivery,Loading,pitch.0,773017,0.1645,-0.1963,0.2695,0.0021,-0.0313,0.0049,0.0,0.0
1780080239704,1,12.00000018,Upper Delivery,Loading,pitch.0,774305,-0.0106,-0.1471,0.0811,-0.0884,-0.0304,-0.0012,0.0,0.0
1780080239704,1,Pitching Mound.Delivery,,Loading,pitch.0,772393,0.1539,-0.3434,0.3506,-0.0223,-0.0616,-0.0559,0.0,0.0
1780080239704,1,Pitching Mound.Drive,,Loading,pitch.0,773498,-0.0999,14.4898,98.3857,104.709,-155.9325,6.4749,0.1624,0.1091
1780080239704,1,Pitching Mound.Parent,,Loading,pitch.0,771649,0.054,14.1464,98.7363,104.6867,-155.9941,6.419,0.1619,0.1093
1780080239705,1,11.0000004b,Drive,Loading,pitch.0,773499,-0.083,14.4987,98.3945,104.6752,-155.7659,6.38,0.1623,0.109
1780080239705,1,12.00000015,Lower Delivery,Loading,pitch.0,773018,0.1478,-0.1773,0.2237,-0.0021,-0.0292,0.0057,0.0,0.0
1780080239705,1,12.00000018,Upper Delivery,Loading,pitch.0,774306,0.007,-0.1722,0.1874,-0.0884,-0.0304,-0.0012,0.0,0.0
1780080239705,1,Pitching Mound.Delivery,,Loading,pitch.0,772394,0.1548,-0.3495,0.4111,-0.0781,-0.0596,-0.0434,0.0,0.0
1780080239705,1,Pitching Mound.Drive,,Loading,pitch.0,773499,-0.083,14.4987,98.3945,104.6752,-155.7659,6.38,0.1623,0.109
1780080239705,1,Pitching Mound.Parent,,Loading,pitch.0,771650,0.0718,14.1492,98.8056,104.5971,-155.8255,6.3366,0.1616,0.1087
1780080239706,1,11.0000004b,Drive,Loading,pitch.0,773500,-0.0632,14.5141,98.3456,104.7503,-155.6701,6.2815,0.1622,0.1092
1780080239706,1,12.00000015,Lower Delivery,Loading,pitch.0,773019,0.1406,-0.1405,0.2072,0.0175,-0.0141,0.0071,0.0,0.0
1780080239706,1,12.00000018,Upper Delivery,Loading,pitch.0,774307,-0.0139,-0.1584,0.1724,-0.0884,-0.0304,-0.0012,0.0,0.0
1780080239706,1,Pitching Mound.Delivery,,Loading,pitch.0,772395,0.1267,-0.299,0.3796,-0.059,-0.0445,-0.0466,0.0,0.0
1780080239706,1,Pitching Mound.Drive,,Loading,pitch.0,773500,-0.0632,14.5141,98.3456,104.7503,-155.6701,6.2815,0.1622,0.1092
1780080239706,1,Pitching Mound.Parent,,Loading,pitch.0,771651,0.0635,14.2151,98.7252,104.6913,-155.7146,6.2349,0.1616,0.1089
1780080239707,1,11.0000004b,Drive,Loading,pitch.0,773501,-0.0462,14.5285,98.3536,104.7067,-155.5597,6.1778,0.1621,0.1091
1780080239707,1,12.00000015,Lower Delivery,Loading,pitch.0,773020,0.1206,-0.1218,0.2196,0.0036,-0.0197,0.007,0.0,0.0
1780080239707,1,12.00000018,Upper Delivery,Loading,pitch.0,774308,0.0025,-0.1709,0.2145,-0.0884,-0.0304,-0.0012,0.0,0.0
1780080239707,1,Pitching Mound.Delivery,,Loading,pitch.0,772396,0.1231,-0.2927,0.4342,-0.083,-0.0501,-0.0343,0.0,0.0
1780080239707,1,Pitching Mound.Drive,,Loading,pitch.0,773501,-0.0462,14.5285,98.3536,104.7067,-155.5597,6.1778,0.1621,0.1091
1780080239707,1,Pitching Mound.Parent,,Loading,pitch.0,771652,0.0768,14.2358,98.7878,104.6237,-155.6098,6.1434,0.1614,0.1087
1780080239708,1,11.0000004b,Drive,Loading,pitch.0,773502,-0.0142,14.5404,98.3143,104.6998,-155.2713,6.0724,0.1619,0.1092
1780080239708,1,12.00000015,Lower Delivery,Loading,pitch.0,773021,0.1168,-0.1105,0.2123,0.0087,-0.0062,0.014,0.0,0.0
1780080239708,1,12.00000018,Upper Delivery,Loading,pitch.0,774309,0.0065,-0.1684,0.2147,-0.0884,-0.0304,-0.0012,0.0,0.0
1780080239708,1,Pitching Mound.Delivery,,Loading,pitch.0,772397,0.1233,-0.2789,0.4271,-0.0805,-0.0366,-0.0247,0.0,0.0
1780080239708,1,Pitching Mound.Drive,,Loading,pitch.0,773502,-0.0142,14.5404,98.3143,104.6998,-155.2713,6.0724,0.1619,0.1092
1780080239708,1,Pitching Mound.Parent,,Loading,pitch.0,771653,0.1091,14.2615,98.7414,104.6192,-155.3079,6.0477,0.1612,0.1087
1780080239709,1,11.0000004b,Drive,Loading,pitch.0,773503,0.0053,14.5419,98.3085,104.7294,-155.073,5.9488,0.1617,0.1092
1780080239709,1,12.00000015,Lower Delivery,Loading,pitch.0,773022,0.0577,-0.0435,0.1177,-0.0105,-0.0012,0.0187,0.0,0.0
1780080239709,1,12.00000018,Upper Delivery,Loading,pitch.0,774310,0.0316,-0.1995,0.2626,-0.0884,-0.0304,-0.0012,0.0,0.0
1780080239709,1,Pitching Mound.Delivery,,Loading,pitch.0,772398,0.0893,-0.243,0.3803,-0.1482,-0.0315,0.0086,0.0,0.0
1780080239709,1,Pitching Mound.Drive,,Loading,pitch.0,773503,0.0053,14.5419,98.3085,104.7294,-155.073,5.9488,0.1617,0.1092
1780080239709,1,Pitching Mound.Parent,,Loading,pitch.0,771654,0.0945,14.2988,98.6888,104.5812,-155.1045,5.9574,0.1611,0.1083
1780080239710,1,11.0000004b,Drive,Loading,pitch.0,773504,0.0265,14.5443,98.2655,104.7305,-154.8467,5.8521,0.1615,0.1092
1780080239710,1,12.00000015,Lower Delivery,Loading,pitch.0,773023,0.0327,-0.032,0.0707,0.0052,0.002,0.0187,0.0,0.0
1780080239710,1,12.00000018,Upper Delivery,Loading,pitch.0,774311,0.008,-0.1832,0.2087,-0.0884,-0.0304,-0.0012,0.0,0.0
1780080239710,1,Pitching Mound.Delivery,,Loading,pitch.0,772399,0.0407,-0.2152,0.2794,-0.1301,-0.0283,0.0091,0.0,0.0
1780080239710,1,Pitching Mound.Drive,,Loading,pitch.0,773504,0.0265,14.5443,98.2655,104.7305,-154.8467,5.8521,0.1615,0.1092
1780080239710,1,Pitching Mound.Parent,,Loading,pitch.0,771655,0.0672,14.3291,98.5449,104.6004,-154.875,5.8613,0.1611,0.1085
1780080239711,1,11.0000004b,Drive,Loading,pitch.0,773505,0.0414,14.5597,98.1942,104.6716,-154.6174,5.7486,0.1614,0.1093
1780080239711,1,12.00000015,Lower Delivery,Loading,pitch.0,773024,0.0363,-0.0178,0.0552,0.0148,-0.0032,0.0222,0.0,0.0
1780080239711,1,Pitching Mound.Drive,,Loading,pitch.0,773505,0.0414,14.5597,98.1942,104.6716,-154.6174,5.7486,0.1614,0.1093
1780080239712,1,11.0000004b,Drive,Loading,pitch.0,773506,0.0457,14.5484,98.3769,104.6214,-154.6181,5.6723,0.1611,0.109
1780080239712,1,12.00000015,Lower Delivery,Loading,pitch.0,773025,0.0322,-0.0176,0.0437,0.0151,-0.0124,0.0208,0.0,0.0
1780080239712,1,12.00000018,Upper Delivery,Loading,pitch.0,774312,0.0522,-0.2192,0.2739,-0.0884,-0.0304,-0.0012,0.0,0.0
1780080239712,1,Pitching Mound.Delivery,,Loading,pitch.0,772400,0.0885,-0.237,0.3291,-0.1479,-0.0336,0.0264,0.0,0.0
1780080239712,1,Pitching Mound.Drive,,Loading,pitch.0,773506,0.0457,14.5484,98.3769,104.6214,-154.6181,5.6723,0.1611,0.109
1780080239712,1,Pitching Mound.Parent,,Loading,pitch.0,771656,0.1299,14.3227,98.5233,104.5238,-154.651,5.775,0.1609,0.1081
1780080239713,1,11.0000004b,Drive,Loading,pitch.0,773507,0.068,14.5596,98.2473,104.6564,-154.3338,5.5298,0.161,0.1092
1780080239713,1,12.00000015,Lower Delivery,Loading,pitch.0,773026,0.0368,-0.0299,0.0534,-0.031,-0.0184,0.0195,0.0,0.0
1780080239713,1,12.00000018,Upper Delivery,Loading,pitch.0,774313,0.0479,-0.2193,0.2519,-0.0884,-0.0304,-0.0012,0.0,0.0
1780080239713,1,12.00000018,Upper Delivery,Loading,pitch.0,774314,0.0022,-0.1655,0.1514,-0.0884,-0.0304,-0.0012,0.0,0.0
1780080239713,1,Pitching Mound.Delivery,,Loading,pitch.0,772401,0.0801,-0.2369,0.2956,-0.1441,-0.0428,0.0249,0.0,0.0
1780080239713,1,Pitching Mound.Delivery,,Loading,pitch.0,772402,0.0389,-0.1954,0.2049,-0.1527,-0.0488,0.0066,0.0,0.0
1780080239713,1,Pitching Mound.Drive,,Loading,pitch.0,773507,0.068,14.5596,98.2473,104.6564,-154.3338,5.5298,0.161,0.1092
1780080239713,1,Pitching Mound.Parent,,Loading,pitch.0,771657,0.1258,14.3116,98.6725,104.4773,-154.6609,5.6973,0.1606,0.108
1780080239713,1,Pitching Mound.Parent,,Loading,pitch.0,771658,0.1069,14.3642,98.4522,104.5038,-154.3826,5.5363,0.1607,0.1086
1780080239714,1,11.0000004b,Drive,Loading,pitch.0,773508,0.0756,14.5653,98.319,104.6722,-154.303,5.4274,0.1609,0.1091
1780080239714,1,12.00000015,Lower Delivery,Loading,pitch.0,773027,0.04,-0.0652,0.0851,-0.029,-0.0213,0.0169,0.0,0.0
1780080239714,1,12.00000018,Upper Delivery,Loading,pitch.0,774315,-0.0127,-0.1423,0.0758,-0.0884,-0.0304,-0.0012,0.0,0.0
1780080239714,1,Pitching Mound.Delivery,,Loading,pitch.0,772403,0.0274,-0.2076,0.1609,-0.1142,-0.0517,-0.0022,0.0,0.0
1780080239714,1,Pitching Mound.Drive,,Loading,pitch.0,773508,0.0756,14.5653,98.319,104.6722,-154.303,5.4274,0.1609,0.1091
1780080239714,1,Pitching Mound.Parent,,Loading,pitch.0,771659,0.103,14.3577,98.4799,104.558,-154.3546,5.4252,0.1606,0.109
1780080239715,1,11.0000004b,Drive,Loading,pitch.0,773510,0.0937,14.5831,98.2911,104.746,-154.1579,5.2429,0.1608,0.1092
1780080239715,1,11.0000004b,Drive,Loading,pitch.0,773509,0.0841,14.5636,98.3165,104.7103,-154.2133,5.3454,0.1608,0.1092
1780080239715,1,12.00000015,Lower Delivery,Loading,pitch.0,773028,0.0763,-0.0715,0.1229,-0.0196,-0.0157,0.0163,0.0,0.0
1780080239715,1,12.00000018,Upper Delivery,Loading,pitch.0,774316,-0.0127,-0.1418,0.0777,-0.0884,-0.0304,-0.0012,0.0,0.0
1780080239715,1,Pitching Mound.Delivery,,Loading,pitch.0,772404,0.0637,-0.2133,0.2006,-0.0926,-0.046,-0.0151,0.0,0.0
1780080239715,1,Pitching Mound.Drive,,Loading,pitch.0,773510,0.0937,14.5831,98.2911,104.746,-154.1579,5.2429,0.1608,0.1092
1780080239715,1,Pitching Mound.Drive,,Loading,pitch.0,773509,0.0841,14.5636,98.3165,104.7103,-154.2133,5.3454,0.1608,0.1092
1780080239715,1,Pitching Mound.Parent,,Loading,pitch.0,771660,0.1478,14.3503,98.5171,104.6176,-154.2593,5.3303,0.1604,0.1091
1780080239716,1,12.00000015,Lower Delivery,Loading,pitch.0,773029,0.1045,-0.0756,0.1581,-0.0092,-0.015,0.0154,0.0,0.0
1780080239716,1,12.00000018,Upper Delivery,Loading,pitch.0,774317,0.0107,-0.1458,0.0989,-0.0884,-0.0304,-0.0012,0.0,0.0
1780080239716,1,Pitching Mound.Delivery,,Loading,pitch.0,772405,0.1151,-0.2214,0.257,-0.0774,-0.0454,-0.0177,0.0,0.0
1780080239716,1,Pitching Mound.Parent,,Loading,pitch.0,771661,0.2088,14.3617,98.5482,104.6685,-154.2033,5.2253,0.1603,0.1091
1780080239717,1,11.0000004b,Drive,Loading,pitch.0,773511,0.1038,14.5721,98.2342,104.7035,-153.9612,5.1265,0.1606,0.1092
1780080239717,1,12.00000015,Lower Delivery,Loading,pitch.0,773030,0.0971,-0.0725,0.1352,-0.0177,-0.0256,0.0138,0.0,0.0
1780080239717,1,Pitching Mound.Drive,,Loading,pitch.0,773511,0.1038,14.5721,98.2342,104.7035,-153.9612,5.1265,0.1606,0.1092
1780080239718,1,11.0000004b,Drive,Loading,pitch.0,773512,0.1096,14.5831,98.0379,104.6844,-153.7503,5.0536,0.1607,0.1094
1780080239718,1,11.0000004b,Drive,Loading,pitch.0,773513,0.099,14.5854,97.9906,104.6549,-153.7434,4.9902,0.1608,0.1095
1780080239718,1,12.00000015,Lower Delivery,Loading,pitch.0,773031,0.1273,-0.0873,0.1598,0.0034,-0.0283,0.0149,0.0,0.0
1780080239718,1,12.00000018,Upper Delivery,Loading,pitch.0,774318,0.0662,-0.1812,0.179,-0.0884,-0.0304,-0.0012,0.0,0.0
1780080239718,1,12.00000018,Upper Delivery,Loading,pitch.0,774319,-0.0054,-0.1215,0.0648,-0.0884,-0.0304,-0.0012,0.0,0.0
1780080239718,1,Pitching Mound.Delivery,,Loading,pitch.0,772407,0.1219,-0.2088,0.2245,-0.0526,-0.0586,-0.0314,0.0,0.0
1780080239718,1,Pitching Mound.Delivery,,Loading,pitch.0,772406,0.1633,-0.2538,0.3142,-0.121,-0.056,0.0021,0.0,0.0
1780080239718,1,Pitching Mound.Drive,,Loading,pitch.0,773512,0.1096,14.5831,98.0379,104.6844,-153.7503,5.0536,0.1607,0.1094
1780080239718,1,Pitching Mound.Drive,,Loading,pitch.0,773513,0.099,14.5854,97.9906,104.6549,-153.7434,4.9902,0.1608,0.1095
1780080239718,1,Pitching Mound.Parent,,Loading,pitch.0,771663,0.2209,14.3766,98.2152,104.6023,-153.802,4.9587,0.1604,0.1095
1780080239718,1,Pitching Mound.Parent,,Loading,pitch.0,771662,0.2729,14.3293,98.352,104.5634,-153.8063,5.0557,0.1602,0.1089
1780080239719,1,12.00000015,Lower Delivery,Loading,pitch.0,773032,0.1261,-0.0899,0.1445,0.0029,-0.032,0.0111,0.0,0.0
1780080239719,1,12.00000018,Upper Delivery,Loading,pitch.0,774320,0.0315,-0.1498,0.1329,-0.0884,-0.0304,-0.0012,0.0,0.0
1780080239719,1,Pitching Mound.Delivery,,Loading,pitch.0,772408,0.1576,-0.2397,0.2773,-0.0815,-0.0624,-0.0223,0.0,0.0
1780080239720,1,11.0000004b,Drive,Loading,pitch.0,773514,0.1168,14.5977,97.971,104.6793,-153.7609,4.9011,0.1609,0.1095
1780080239720,1,12.00000015,Lower Delivery,Loading,pitch.0,773033,0.1271,-0.0956,0.1496,0.0047,-0.0286,0.0075,0.0,0.0
1780080239720,1,12.00000018,Upper Delivery,Loading,pitch.0,774321,0.0344,-0.1639,0.1349,-0.0884,-0.0304,-0.0012,0.0,0.0
1780080239720,1,Pitching Mound.Delivery,,Loading,pitch.0,772409,0.1616,-0.2595,0.2844,-0.0787,-0.059,-0.0252,0.0,0.0
1780080239720,1,Pitching Mound.Drive,,Loading,pitch.0,773514,0.1168,14.5977,97.971,104.6793,-153.7609,4.9011,0.1609,0.1095
1780080239720,1,Pitching Mound.Parent,,Loading,pitch.0,771664,0.2744,14.358,98.2484,104.5978,-153.8233,4.8788,0.1604,0.1092
1780080239721,1,11.0000004b,Drive,Loading,pitch.0,773515,0.1186,14.6147,97.8601,104.6797,-153.6523,4.8446,0.1609,0.1096
1780080239721,1,11.0000004b,Drive,Loading,pitch.0,773516,0.1364,14.6224,97.718,104.7166,-153.4095,4.7862,0.1609,0.1098
1780080239721,1,12.00000015,Lower Delivery,Loading,pitch.0,773034,0.1588,-0.1124,0.1954,0.0014,-0.0288,0.01,0.0,0.0
1780080239721,1,12.00000018,Upper Delivery,Loading,pitch.0,774322,0.0671,-0.194,0.1913,-0.0884,-0.0304,-0.0012,0.0,0.0
1780080239721,1,Pitching Mound.Delivery,,Loading,pitch.0,772410,0.2259,-0.3063,0.3866,-0.0856,-0.0592,-0.0224,0.0,0.0
1780080239721,1,Pitching Mound.Drive,,Loading,pitch.0,773515,0.1186,14.6147,97.8601,104.6797,-153.6523,4.8446,0.1609,0.1096
1780080239721,1,Pitching Mound.Drive,,Loading,pitch.0,773516,0.1364,14.6224,97.718,104.7166,-153.4095,4.7862,0.1609,0.1098
1780080239721,1,Pitching Mound.Parent,,Loading,pitch.0,771666,0.3623,14.3161,98.1047,104.631,-153.4687,4.7638,0.1603,0.1094
1780080239721,1,Pitching Mound.Parent,,Loading,pitch.0,771665,0.2802,14.3552,98.1446,104.601,-153.7113,4.8194,0.1605,0.1094
1780080239722,1,11.0000004b,Drive,Loading,pitch.0,773517,0.1242,14.626,97.6616,104.7331,-153.3676,4.6992,0.161,0.1099
1780080239722,1,12.00000015,Lower Delivery,Loading,pitch.0,773035,0.164,-0.132,0.2255,-0.002,-0.0204,0.0095,0.0,0.0
1780080239722,1,Pitching Mound.Drive,,Loading,pitch.0,773517,0.1242,14.626,97.6616,104.7331,-153.3676,4.6992,0.161,0.1099
1780080239723,1,11.0000004b,Drive,Loading,pitch.0,773518,0.1368,14.6331,97.6357,104.7325,-153.3106,4.6307,0.1609,0.1099
1780080239723,1,12.00000015,Lower Delivery,Loading,pitch.0,773036,0.1604,-0.1345,0.2379,0.0065,-0.007,0.0104,0.0,0.0
1780080239723,1,12.00000018,Upper Delivery,Loading,pitch.0,774324,0.1174,-0.2417,0.3111,-0.0884,-0.0304,-0.0012,0.0,0.0
1780080239723,1,12.00000018,Upper Delivery,Loading,pitch.0,774323,0.0648,-0.1966,0.2099,-0.0884,-0.0304,-0.0012,0.0,0.0
1780080239723,1,Pitching Mound.Delivery,,Loading,pitch.0,772411,0.2289,-0.3286,0.4354,-0.0851,-0.0508,-0.0254,0.0,0.0
1780080239723,1,Pitching Mound.Delivery,,Loading,pitch.0,772412,0.2779,-0.3761,0.549,-0.1068,-0.0374,-0.0054,0.0,0.0
1780080239723,1,Pitching Mound.Drive,,Loading,pitch.0,773518,0.1368,14.6331,97.6357,104.7325,-153.3106,4.6307,0.1609,0.1099
1780080239723,1,Pitching Mound.Parent,,Loading,pitch.0,771667,0.353,14.2974,98.097,104.648,-153.4183,4.6738,0.1602,0.1095
1780080239723,1,Pitching Mound.Parent,,Loading,pitch.0,771668,0.4147,14.2569,98.1846,104.6257,-153.3479,4.6253,0.16,0.1091
1780080239724,1,11.0000004b,Drive,Loading,pitch.0,773519,0.1599,14.6394,97.5534,104.593,-153.1136,4.57,0.1609,0.1099
1780080239724,1,12.00000015,Lower Delivery,Loading,pitch.0,773037,0.1673,-0.1324,0.2835,-0.0135,-0.0012,0.0101,0.0,0.0
1780080239724,1,Pitching Mound.Drive,,Loading,pitch.0,773519,0.1599,14.6394,97.5534,104.593,-153.1136,4.57,0.1609,0.1099
1780080239725,1,11.0000004b,Drive,Loading,pitch.0,773520,0.1772,14.6536,97.4561,104.5672,-152.9449,4.5294,0.1609,0.11
1780080239725,1,12.00000015,Lower Delivery,Loading,pitch.0,773038,0.1789,-0.139,0.3099,-0.0109,-0.0012,0.0117,0.0,0.0
1780080239725,1,12.00000018,Upper Delivery,Loading,pitch.0,774325,0.0634,-0.1938,0.1951,-0.0884,-0.0304,-0.0012,0.0,0.0
1780080239725,1,Pitching Mound.Delivery,,Loading,pitch.0,772413,0.2306,-0.3261,0.4786,-0.0718,-0.0316,-0.0264,0.0,0.0
1780080239725,1,Pitching Mound.Drive,,Loading,pitch.0,773520,0.1772,14.6536,97.4561,104.5672,-152.9449,4.5294,0.1609,0.11
1780080239725,1,Pitching Mound.Parent,,Loading,pitch.0,771669,0.3905,14.3132,98.032,104.5212,-153.1453,4.5436,0.1601,0.1097
1780080239726,1,11.0000004b,Drive,Loading,pitch.0,773521,0.1825,14.6651,97.5047,104.5655,-152.8973,4.4164,0.1607,0.1099
1780080239726,1,12.00000015,Lower Delivery,Loading,pitch.0,773039,0.1815,-0.1472,0.3116,-0.0145,-0.0013,0.0077,0.0,0.0
1780080239726,1,12.00000018,Upper Delivery,Loading,pitch.0,774326,0.1278,-0.2459,0.4268,-0.0884,-0.0304,-0.0012,0.0,0.0
1780080239726,1,12.00000018,Upper Delivery,Loading,pitch.0,774327,0.1369,-0.2712,0.4207,-0.0884,-0.0304,-0.0012,0.0,0.0
1780080239726,1,Pitching Mound.Delivery,,Loading,pitch.0,772414,0.3067,-0.3849,0.7367,-0.139,-0.0315,-0.0069,0.0,0.0
1780080239726,1,Pitching Mound.Delivery,,Loading,pitch.0,772415,0.3185,-0.4184,0.7324,-0.14,-0.0316,-0.0086,0.0,0.0
1780080239726,1,Pitching Mound.Drive,,Loading,pitch.0,773521,0.1825,14.6651,97.5047,104.5655,-152.8973,4.4164,0.1607,0.1099
1780080239726,1,Pitching Mound.Parent,,Loading,pitch.0,771670,0.4839,14.2686,98.1927,104.4282,-152.9765,4.5225,0.1596,0.1087
1780080239726,1,Pitching Mound.Parent,,Loading,pitch.0,771671,0.5009,14.2467,98.2371,104.4255,-152.9289,4.4078,0.1595,0.1087
1780080239727,1,12.00000015,Lower Delivery,Loading,pitch.0,773040,0.1949,-0.1588,0.315,-0.0067,-0.0021,0.0064,0.0,0.0
1780080239727,1,12.00000018,Upper Delivery,Loading,pitch.0,774328,0.1207,-0.2549,0.4182,-0.0884,-0.0304,-0.0012,0.0,0.0
1780080239727,1,Pitching Mound.Delivery,,Loading,pitch.0,772416,0.3156,-0.4137,0.7332,-0.1301,-0.0324,-0.02,0.0,0.0
1780080239728,1,11.0000004b,Drive,Loading,pitch.0,773522,0.1942,14.6795,97.5244,104.5369,-152.7036,4.3696,0.1605,0.1099
1780080239728,1,12.00000015,Lower Delivery,Loading,pitch.0,773041,0.1849,-0.1813,0.3338,-0.0206,-0.0063,0.0048,0.0,0.0
1780080239728,1,12.00000018,Upper Delivery,Loading,pitch.0,774329,0.1179,-0.2874,0.5671,-0.0884,-0.0304,-0.0012,0.0,0.0
1780080239728,1,Pitching Mound.Delivery,,Loading,pitch.0,772417,0.3028,-0.4686,0.9009,-0.1883,-0.0366,-0.0192,0.0,0.0
1780080239728,1,Pitching Mound.Drive,,Loading,pitch.0,773522,0.1942,14.6795,97.5244,104.5369,-152.7036,4.3696,0.1605,0.1099
1780080239728,1,Pitching Mound.Parent,,Loading,pitch.0,771672,0.5098,14.2658,98.2576,104.4068,-152.736,4.3496,0.1593,0.1087
1780080239729,1,11.0000004b,Drive,Loading,pitch.0,773523,0.222,14.6864,97.5126,104.4964,-152.4944,4.2797,0.1603,0.1098
1780080239729,1,12.00000015,Lower Delivery,Loading,pitch.0,773042,0.1765,-0.1529,0.3068,-0.0099,-0.0042,0.007,0.0,0.0
1780080239729,1,12.00000018,Upper Delivery,Loading,pitch.0,774330,0.1067,-0.2581,0.3951,-0.0884,-0.0304,-0.0012,0.0,0.0
1780080239729,1,Pitching Mound.Delivery,,Loading,pitch.0,772418,0.2832,-0.411,0.7018,-0.1283,-0.0345,-0.0179,0.0,0.0
1780080239729,1,Pitching Mound.Drive,,Loading,pitch.0,773523,0.222,14.6864,97.5126,104.4964,-152.4944,4.2797,0.1603,0.1098
1780080239729,1,Pitching Mound.Parent,,Loading,pitch.0,771673,0.5248,14.2178,98.4135,104.3081,-152.5311,4.2605,0.1588,0.108
1780080239730,1,11.0000004b,Drive,Loading,pitch.0,773524,0.2573,14.6886,97.4338,104.3819,-152.2596,4.1841,0.1602,0.1098
1780080239730,1,12.00000015,Lower Delivery,Loading,pitch.0,773043,0.1848,-0.1578,0.2983,-0.0146,-0.0107,0.0063,0.0,0.0
1780080239730,1,12.00000018,Upper Delivery,Loading,pitch.0,774331,0.1021,-0.2485,0.3693,-0.0884,-0.0304,-0.0012,0.0,0.0
1780080239730,1,Pitching Mound.Delivery,,Loading,pitch.0,772419,0.2869,-0.4064,0.6676,-0.1271,-0.0411,-0.023,0.0,0.0
1780080239730,1,Pitching Mound.Drive,,Loading,pitch.0,773524,0.2573,14.6886,97.4338,104.3819,-152.2596,4.1841,0.1602,0.1098
1780080239730,1,Pitching Mound.Parent,,Loading,pitch.0,771674,0.5405,14.2776,98.1356,104.2536,-152.2941,4.1661,0.159,0.1087
1780080239731,1,11.0000004b,Drive,Loading,pitch.0,773525,0.2743,14.6907,97.3298,104.322,-151.9915,4.1055,0.1601,0.1099
1780080239731,1,12.00000015,Lower Delivery,Loading,pitch.0,773044,0.1645,-0.1321,0.2531,-0.0119,-0.0127,0.0089,0.0,0.0
1780080239731,1,12.00000018,Upper Delivery,Loading,pitch.0,774332,0.0444,-0.1948,0.2404,-0.0884,-0.0304,-0.0012,0.0,0.0
1780080239731,1,Pitching Mound.Delivery,,Loading,pitch.0,772420,0.2089,-0.3269,0.4935,-0.096,-0.0431,-0.0331,0.0,0.0
1780080239731,1,Pitching Mound.Drive,,Loading,pitch.0,773525,0.2743,14.6907,97.3298,104.322,-151.9915,4.1055,0.1601,0.1099
1780080239731,1,Pitching Mound.Parent,,Loading,pitch.0,771675,0.5612,14.2843,97.9975,104.1949,-152.0325,4.0825,0.159,0.1089
1780080239732,1,11.0000004b,Drive,Loading,pitch.0,773526,0.2847,14.7121,97.2447,104.1954,-151.7911,4.0,0.16,0.1098
1780080239732,1,12.00000015,Lower Delivery,Loading,pitch.0,773045,0.1555,-0.1336,0.2367,-0.0119,-0.019,0.0077,0.0,0.0
1780080239732,1,12.00000018,Upper Delivery,Loading,pitch.0,774333,0.0112,-0.1635,0.1447,-0.0884,-0.0304,-0.0012,0.0,0.0
1780080239732,1,Pitching Mound.Delivery,,Loading,pitch.0,772421,0.1667,-0.2972,0.3814,-0.069,-0.0494,-0.0426,0.0,0.0
1780080239732,1,Pitching Mound.Drive,,Loading,pitch.0,773526,0.2847,14.7121,97.2447,104.1954,-151.7911,4.0,0.16,0.1098
1780080239732,1,Pitching Mound.Parent,,Loading,pitch.0,771676,0.4936,14.3853,97.7382,104.0994,-151.8342,3.9669,0.1592,0.1093
1780080239733,1,11.0000004b,Drive,Loading,pitch.0,773527,0.2997,14.7172,97.256,104.108,-151.6277,3.9257,0.1598,0.1097
1780080239733,1,12.00000015,Lower Delivery,Loading,pitch.0,773046,0.1455,-0.1034,0.1759,-0.0216,-0.016,0.008,0.0,0.0
1780080239733,1,12.00000018,Upper Delivery,Loading,pitch.0,774334,0.0058,-0.1475,0.116,-0.0884,-0.0304,-0.0012,0.0,0.0
1780080239733,1,Pitching Mound.Delivery,,Loading,pitch.0,772422,0.1513,-0.2509,0.2919,-0.0897,-0.0464,-0.0407,0.0,0.0
1780080239733,1,Pitching Mound.Drive,,Loading,pitch.0,773527,0.2997,14.7172,97.256,104.108,-151.6277,3.9257,0.1598,0.1097
1780080239733,1,Pitching Mound.Parent,,Loading,pitch.0,771677,0.4664,14.4201,97.6374,104.0391,-151.677,3.8832,0.1592,0.1096
1780080239734,1,11.0000004b,Drive,Loading,pitch.0,773528,0.3321,14.7122,97.2931,103.9573,-151.4657,3.8762,0.1596,0.1095
1780080239734,1,12.00000015,Lower Delivery,Loading,pitch.0,773047,0.1539,-0.1136,0.1688,-0.0021,-0.0106,0.0076,0.0,0.0
1780080239734,1,12.00000018,Upper Delivery,Loading,pitch.0,774335,-0.0093,-0.1306,0.0697,-0.0884,-0.0304,-0.0012,0.0,0.0
1780080239734,1,Pitching Mound.Delivery,,Loading,pitch.0,772423,0.1446,-0.2442,0.2385,-0.0568,-0.041,-0.0491,0.0,0.0
1780080239734,1,Pitching Mound.Drive,,Loading,pitch.0,773528,0.3321,14.7122,97.2931,103.9573,-151.4657,3.8762,0.1596,0.1095
1780080239734,1,Pitching Mound.Parent,,Loading,pitch.0,771678,0.4834,14.4613,97.585,103.8676,-151.5121,3.8356,0.1591,0.1094
1780080239735,1,11.0000004b,Drive,Loading,pitch.0,773529,0.3584,14.7307,97.2386,103.8326,-151.3258,3.8053,0.1595,0.1094
1780080239735,1,12.00000015,Lower Delivery,Loading,pitch.0,773048,0.1558,-0.123,0.1726,0.0087,-0.0144,0.0073,0.0,0.0
1780080239735,1,12.00000018,Upper Delivery,Loading,pitch.0,774336,-0.0098,-0.1257,0.0699,-0.0884,-0.0304,-0.0012,0.0,0.0
1780080239735,1,Pitching Mound.Delivery,,Loading,pitch.0,772424,0.146,-0.2488,0.2426,-0.0448,-0.0448,-0.0503,0.0,0.0
1780080239735,1,Pitching Mound.Drive,,Loading,pitch.0,773529,0.3584,14.7307,97.2386,103.8326,-151.3258,3.8053,0.1595,0.1094
1780080239735,1,Pitching Mound.Parent,,Loading,pitch.0,771679,0.503,14.4866,97.477,103.7758,-151.3668,3.7562,0.1591,0.1095
1780080239736,1,11.0000004b,Drive,Loading,pitch.0,773530,0.3739,14.7427,97.1505,103.6419,-151.0547,3.7147,0.1594,0.1093
1780080239736,1,12.00000015,Lower Delivery,Loading,pitch.0,773049,0.131,-0.121,0.1176,0.0146,-0.0047,0.0102,0.0,0.0
1780080239736,1,12.00000018,Upper Delivery,Loading,pitch.0,774337,-0.0092,-0.1241,0.0695,-0.0884,-0.0304,-0.0012,0.0,0.0
1780080239736,1,Pitching Mound.Delivery,,Loading,pitch.0,772425,0.1217,-0.2451,0.1872,-0.0575,-0.0351,-0.0387,0.0,0.0
1780080239736,1,Pitching Mound.Drive,,Loading,pitch.0,773530,0.3739,14.7427,97.1505,103.6419,-151.0547,3.7147,0.1594,0.1093
1780080239736,1,Pitching Mound.Parent,,Loading,pitch.0,771680,0.5199,14.4939,97.3931,103.5971,-151.0995,3.6645,0.159,0.1094
1780080239737,1,11.0000004b,Drive,Loading,pitch.0,773531,0.3856,14.7568,96.9873,103.5263,-150.8824,3.6343,0.1595,0.1094
1780080239737,1,12.00000015,Lower Delivery,Loading,pitch.0,773050,0.1342,-0.1235,0.101,0.021,-0.0061,0.0128,0.0,0.0
1780080239737,1,12.00000018,Upper Delivery,Loading,pitch.0,774338,-0.0098,-0.1173,0.0629,-0.0884,-0.0304,-0.0012,0.0,0.0
1780080239737,1,Pitching Mound.Delivery,,Loading,pitch.0,772426,0.1244,-0.2408,0.1639,-0.0544,-0.0365,-0.0374,0.0,0.0
1780080239737,1,Pitching Mound.Drive,,Loading,pitch.0,773531,0.3856,14.7568,96.9873,103.5263,-150.8824,3.6343,0.1595,0.1094
1780080239737,1,Pitching Mound.Parent,,Loading,pitch.0,771681,0.5073,14.5117,97.1745,103.4688,-150.9175,3.5955,0.1591,0.1094
1780080239738,1,11.0000004b,Drive,Loading,pitch.0,773532,0.4172,14.761,96.8325,103.3143,-150.7053,3.5918,0.1595,0.1094
1780080239738,1,12.00000015,Lower Delivery,Loading,pitch.0,773051,0.1471,-0.1281,0.1217,0.0281,-0.0036,0.0159,0.0,0.0
1780080239738,1,12.00000018,Upper Delivery,Loading,pitch.0,774339,-0.0089,-0.1201,0.0601,-0.0884,-0.0304,-0.0012,0.0,0.0
1780080239738,1,Pitching Mound.Delivery,,Loading,pitch.0,772427,0.1382,-0.2481,0.1818,-0.0393,-0.034,-0.0383,0.0,0.0
1780080239738,1,Pitching Mound.Drive,,Loading,pitch.0,773532,0.4172,14.761,96.8325,103.3143,-150.7053,3.5918,0.1595,0.1094
1780080239738,1,Pitching Mound.Parent,,Loading,pitch.0,771682,0.5415,14.5201,96.9964,103.2599,-150.7418,3.5545,0.1592,0.1093
1780080239739,1,11.0000004b,Drive,Loading,pitch.0,773534,0.4465,14.7816,96.5548,103.0244,-150.407,3.4961,0.1597,0.1094
1780080239739,1,11.0000004b,Drive,Loading,pitch.0,773533,0.4394,14.77,96.5614,103.1204,-150.4917,3.5549,0.1597,0.1095
1780080239739,1,12.00000015,Lower Delivery,Loading,pitch.0,773052,0.123,-0.1236,0.0981,0.0371,0.0087,0.0132,0.0,0.0
1780080239739,1,12.00000018,Upper Delivery,Loading,pitch.0,774340,-0.0094,-0.127,0.0646,-0.0884,-0.0304,-0.0012,0.0,0.0
1780080239739,1,Pitching Mound.Delivery,,Loading,pitch.0,772428,0.1136,-0.2505,0.1627,-0.0399,-0.0217,-0.033,0.0,0.0
1780080239739,1,Pitching Mound.Drive,,Loading,pitch.0,773534,0.4465,14.7816,96.5548,103.0244,-150.407,3.4961,0.1597,0.1094
1780080239739,1,Pitching Mound.Drive,,Loading,pitch.0,773533,0.4394,14.77,96.5614,103.1204,-150.4917,3.5549,0.1597,0.1095
1780080239739,1,Pitching Mound.Parent,,Loading,pitch.0,771683,0.5776,14.5219,96.7432,103.0811,-150.5257,3.5166,0.1594,0.1095
1780080239739,1,Pitching Mound.Parent,,Loading,pitch.0,771684,0.5601,14.5311,96.7175,102.9845,-150.4287,3.4631,0.1594,0.1093
1780080239740,1,12.00000015,Lower Delivery,Loading,pitch.0,773053,0.11,-0.111,0.0785,0.0386,0.0098,0.0154,0.0,0.0
1780080239740,1,12.00000018,Upper Delivery,Loading,pitch.0,774341,-0.0132,-0.1437,0.0712,-0.0884,-0.0304,-0.0012,0.0,0.0
1780080239740,1,Pitching Mound.Delivery,,Loading,pitch.0,772429,0.0968,-0.2547,0.1496,-0.0473,-0.0206,-0.0277,0.0,0.0
1780080239741,1,11.0000004b,Drive,Loading,pitch.0,773536,0.4816,14.7885,96.3854,102.6228,-149.9347,3.3899,0.1594,0.1091
1780080239741,1,11.0000004b,Drive,Loading,pitch.0,773535,0.4704,14.7859,96.4192,102.783,-150.0968,3.4734,0.1596,0.1093
1780080239741,1,12.00000015,Lower Delivery,Loading,pitch.0,773054,0.1097,-0.1059,0.1077,0.0338,0.007,0.0151,0.0,0.0
1780080239741,1,12.00000018,Upper Delivery,Loading,pitch.0,774342,-0.0152,-0.1442,0.0801,-0.0884,-0.0304,-0.0012,0.0,0.0
1780080239741,1,Pitching Mound.Delivery,,Loading,pitch.0,772430,0.0944,-0.2501,0.1877,-0.0452,-0.0234,-0.0286,0.0,0.0
1780080239741,1,Pitching Mound.Drive,,Loading,pitch.0,773536,0.4816,14.7885,96.3854,102.6228,-149.9347,3.3899,0.1594,0.1091
1780080239741,1,Pitching Mound.Drive,,Loading,pitch.0,773535,0.4704,14.7859,96.4192,102.783,-150.0968,3.4734,0.1596,0.1093
1780080239741,1,Pitching Mound.Parent,,Loading,pitch.0,771685,0.5672,14.5311,96.5689,102.7357,-150.1173,3.4457,0.1593,0.1091
1780080239741,1,Pitching Mound.Parent,,Loading,pitch.0,771686,0.576,14.5384,96.5731,102.5777,-149.9581,3.3613,0.1591,0.109
1780080239742,1,11.0000004b,Drive,Loading,pitch.0,773537,0.509,14.7799,96.1918,102.4269,-149.6003,3.3428,0.1594,0.1091
1780080239742,1,12.00000015,Lower Delivery,Loading,pitch.0,773055,0.1036,-0.1146,0.1455,0.0297,0.0033,0.0182,0.0,0.0
1780080239742,1,12.00000018,Upper Delivery,Loading,pitch.0,774343,0.017,-0.1731,0.1894,-0.0884,-0.0304,-0.0012,0.0,0.0
1780080239742,1,Pitching Mound.Delivery,,Loading,pitch.0,772431,0.1206,-0.2877,0.3348,-0.0735,-0.027,-0.0124,0.0,0.0
1780080239742,1,Pitching Mound.Drive,,Loading,pitch.0,773537,0.509,14.7799,96.1918,102.4269,-149.6003,3.3428,0.1594,0.1091
1780080239742,1,Pitching Mound.Parent,,Loading,pitch.0,771687,0.6296,14.4921,96.5266,102.3533,-149.6273,3.3304,0.1589,0.1086
1780080239743,1,11.0000004b,Drive,Loading,pitch.0,773538,0.5191,14.7831,95.9892,102.31,-149.231,3.2875,0.1593,0.1092
1780080239743,1,12.00000015,Lower Delivery,Loading,pitch.0,773056,0.0892,-0.1219,0.1492,0.0045,-0.0065,0.018,0.0,0.0
1780080239743,1,12.00000018,Upper Delivery,Loading,pitch.0,774344,0.0354,-0.1972,0.2805,-0.0884,-0.0304,-0.0012,0.0,0.0
1780080239743,1,Pitching Mound.Delivery,,Loading,pitch.0,772432,0.1246,-0.3191,0.4298,-0.1285,-0.0369,-0.0015,0.0,0.0
1780080239743,1,Pitching Mound.Drive,,Loading,pitch.0,773538,0.5191,14.7831,95.9892,102.31,-149.231,3.2875,0.1593,0.1092
1780080239743,1,Pitching Mound.Parent,,Loading,pitch.0,771688,0.6437,14.4639,96.4189,102.1815,-149.2679,3.286,0.1586,0.1083
1780080239744,1,11.0000004b,Drive,Loading,pitch.0,773539,0.5337,14.7932,95.8034,102.1711,-148.9257,3.2224,0.1593,0.1093
1780080239744,1,12.00000015,Lower Delivery,Loading,pitch.0,773057,0.0855,-0.1183,0.1575,0.0047,-0.012,0.0179,0.0,0.0
1780080239744,1,12.00000018,Upper Delivery,Loading,pitch.0,774345,0.0127,-0.1782,0.239,-0.0884,-0.0304,-0.0012,0.0,0.0
1780080239744,1,Pitching Mound.Delivery,,Loading,pitch.0,772433,0.0982,-0.2965,0.3965,-0.1114,-0.0424,-0.008,0.0,0.0
1780080239744,1,Pitching Mound.Drive,,Loading,pitch.0,773539,0.5337,14.7932,95.8034,102.1711,-148.9257,3.2224,0.1593,0.1093
1780080239744,1,Pitching Mound.Parent,,Loading,pitch.0,771689,0.632,14.4967,96.1999,102.0597,-148.968,3.2144,0.1587,0.1086
1780080239745,1,11.0000004b,Drive,Loading,pitch.0,773540,0.5446,14.7816,95.4611,101.9688,-148.5362,3.1838,0.1595,0.1095
1780080239745,1,12.00000015,Lower Delivery,Loading,pitch.0,773058,0.1163,-0.1076,0.1895,0.0027,-0.0189,0.0204,0.0,0.0
1780080239745,1,12.00000018,Upper Delivery,Loading,pitch.0,774346,0.0135,-0.1887,0.2856,-0.0884,-0.0304,-0.0012,0.0,0.0
1780080239745,1,Pitching Mound.Delivery,,Loading,pitch.0,772434,0.1297,-0.2963,0.4751,-0.1184,-0.0493,-0.0157,0.0,0.0
1780080239745,1,Pitching Mound.Drive,,Loading,pitch.0,773540,0.5446,14.7816,95.4611,101.9688,-148.5362,3.1838,0.1595,0.1095
1780080239745,1,Pitching Mound.Parent,,Loading,pitch.0,771690,0.6744,14.4854,95.9362,101.8504,-148.5855,3.1681,0.1587,0.1086
1780080239746,1,11.0000004b,Drive,Loading,pitch.0,773541,0.5602,14.7523,95.4172,101.8212,-148.2568,3.1435,0.1593,0.1094
1780080239746,1,12.00000015,Lower Delivery,Loading,pitch.0,773059,0.0916,-0.0797,0.1447,-0.0022,-0.0223,0.0207,0.0,0.0
1780080239746,1,12.00000018,Upper Delivery,Loading,pitch.0,774347,-0.0113,-0.1667,0.2197,-0.0884,-0.0304,-0.0012,0.0,0.0
1780080239746,1,Pitching Mound.Delivery,,Loading,pitch.0,772435,0.0804,-0.2464,0.3644,-0.1161,-0.0527,-0.0155,0.0,0.0
1780080239746,1,Pitching Mound.Drive,,Loading,pitch.0,773541,0.5602,14.7523,95.4172,101.8212,-148.2568,3.1435,0.1593,0.1094
1780080239746,1,Pitching Mound.Parent,,Loading,pitch.0,771691,0.6406,14.506,95.7816,101.7051,-148.3095,3.1281,0.1586,0.1087
1780080239747,1,11.0000004b,Drive,Loading,pitch.0,773542,0.5639,14.7574,95.3065,101.6557,-147.9924,3.0883,0.1592,0.1093
1780080239747,1,12.00000015,Lower Delivery,Loading,pitch.0,773060,0.102,-0.0857,0.1661,-0.005,-0.0343,0.0174,0.0,0.0
1780080239747,1,12.00000018,Upper Delivery,Loading,pitch.0,774348,0.0204,-0.1796,0.2398,-0.0884,-0.0304,-0.0012,0.0,0.0
1780080239747,1,Pitching Mound.Delivery,,Loading,pitch.0,772436,0.1224,-0.2653,0.4059,-0.1185,-0.0646,-0.0115,0.0,0.0
1780080239747,1,Pitching Mound.Drive,,Loading,pitch.0,773542,0.5639,14.7574,95.3065,101.6557,-147.9924,3.0883,0.1592,0.1093
1780080239747,1,Pitching Mound.Parent,,Loading,pitch.0,771692,0.6863,14.4921,95.7124,101.5372,-148.057,3.0768,0.1585,0.1086
1780080239748,1,11.0000004b,Drive,Loading,pitch.0,773543,0.5695,14.7495,95.2832,101.4646,-147.7418,2.9954,0.1589,0.1091
1780080239748,1,12.00000015,Lower Delivery,Loading,pitch.0,773061,0.1024,-0.0776,0.1641,-0.0185,-0.0415,0.0162,0.0,0.0
1780080239748,1,12.00000018,Upper Delivery,Loading,pitch.0,774349,0.0283,-0.1814,0.2643,-0.0884,-0.0304,-0.0012,0.0,0.0
1780080239748,1,Pitching Mound.Delivery,,Loading,pitch.0,772437,0.1307,-0.2591,0.4284,-0.1409,-0.0719,-0.0102,0.0,0.0
1780080239748,1,Pitching Mound.Drive,,Loading,pitch.0,773543,0.5695,14.7495,95.2832,101.4646,-147.7418,2.9954,0.1589,0.1091
1780080239748,1,Pitching Mound.Parent,,Loading,pitch.0,771693,0.7002,14.4905,95.7117,101.3237,-147.8137,2.9852,0.1582,0.1083
1780080239749,1,11.0000004b,Drive,Loading,pitch.0,773544,0.5812,14.7554,95.0625,101.2152,-147.3911,2.9449,0.1589,0.1091
1780080239749,1,12.00000015,Lower Delivery,Loading,pitch.0,773062,0.1229,-0.0683,0.1918,-0.0249,-0.043,0.0148,0.0,0.0
1780080239749,1,12.00000018,Upper Delivery,Loading,pitch.0,774350,0.0298,-0.1813,0.2529,-0.0884,-0.0304,-0.0012,0.0,0.0
1780080239749,1,Pitching Mound.Delivery,,Loading,pitch.0,772438,0.1526,-0.2496,0.4447,-0.1341,-0.0734,-0.018,0.0,0.0
1780080239749,1,Pitching Mound.Drive,,Loading,pitch.0,773544,0.5812,14.7554,95.0625,101.2152,-147.3911,2.9449,0.1589,0.1091
1780080239749,1,Pitching Mound.Parent,,Loading,pitch.0,771694,0.7338,14.5057,95.5072,101.0812,-147.4645,2.9269,0.1582,0.1084
1780080239750,1,11.0000004b,Drive,Loading,pitch.0,773545,0.6033,14.7728,94.7124,100.9719,-146.9624,2.8988,0.159,0.1093
1780080239750,1,12.00000015,Lower Delivery,Loading,pitch.0,773063,0.1302,-0.0634,0.1896,-0.0185,-0.0428,0.0141,0.0,0.0
1780080239750,1,12.00000018,Upper Delivery,Loading,pitch.0,774351,0.0443,-0.1834,0.2487,-0.0884,-0.0304,-0.0012,0.0,0.0
1780080239750,1,Pitching Mound.Delivery,,Loading,pitch.0,772439,0.1745,-0.2468,0.4383,-0.127,-0.0731,-0.0163,0.0,0.0
1780080239750,1,Pitching Mound.Drive,,Loading,pitch.0,773545,0.6033,14.7728,94.7124,100.9719,-146.9624,2.8988,0.159,0.1093
1780080239750,1,Pitching Mound.Parent,,Loading,pitch.0,771695,0.7778,14.526,95.1507,100.8449,-147.0355,2.8826,0.1583,0.1086
1780080239751,1,11.0000004b,Drive,Loading,pitch.0,773546,0.6181,14.7811,94.5687,100.7673,-146.6791,2.8199,0.159,0.1092
1780080239751,1,12.00000015,Lower Delivery,Loading,pitch.0,773064,0.1598,-0.0818,0.2225,-0.0132,-0.0407,0.0119,0.0,0.0
1780080239751,1,12.00000018,Upper Delivery,Loading,pitch.0,774352,0.0578,-0.1903,0.2648,-0.0884,-0.0304,-0.0012,0.0,0.0
1780080239751,1,Pitching Mound.Delivery,,Loading,pitch.0,772440,0.2175,-0.2721,0.4872,-0.116,-0.071,-0.024,0.0,0.0
1780080239751,1,Pitching Mound.Drive,,Loading,pitch.0,773546,0.6181,14.7811,94.5687,100.7673,-146.6791,2.8199,0.159,0.1092
1780080239751,1,Pitching Mound.Parent,,Loading,pitch.0,771696,0.8356,14.5091,95.0559,100.6513,-146.7501,2.7959,0.1582,0.1085
1780080239752,1,11.0000004b,Drive,Loading,pitch.0,773547,0.6308,14.7848,94.3188,100.579,-146.4378,2.7542,0.1591,0.1093
1780080239752,1,12.00000015,Lower Delivery,Loading,pitch.0,773065,0.1569,-0.067,0.2049,-0.0086,-0.0318,0.0139,0.0,0.0
1780080239752,1,12.00000018,Upper Delivery,Loading,pitch.0,774353,0.0564,-0.175,0.2431,-0.0884,-0.0304,-0.0012,0.0,0.0
1780080239752,1,Pitching Mound.Delivery,,Loading,pitch.0,772441,0.2133,-0.242,0.4481,-0.1099,-0.0622,-0.0215,0.0,0.0
1780080239752,1,Pitching Mound.Drive,,Loading,pitch.0,773547,0.6308,14.7848,94.3188,100.579,-146.4378,2.7542,0.1591,0.1093
1780080239752,1,Pitching Mound.Parent,,Loading,pitch.0,771697,0.8442,14.5428,94.7668,100.4691,-146.5,2.7327,0.1584,0.1086
1780080239753,1,11.0000004b,Drive,Loading,pitch.0,773548,0.6331,14.7931,94.1411,100.426,-146.1484,2.6966,0.1591,0.1093
1780080239753,1,12.00000015,Lower Delivery,Loading,pitch.0,773066,0.1539,-0.0691,0.2036,-0.0188,-0.0339,0.0114,0.0,0.0
1780080239753,1,12.00000018,Upper Delivery,Loading,pitch.0,774354,0.0263,-0.1579,0.137,-0.0884,-0.0304,-0.0012,0.0,0.0
1780080239753,1,Pitching Mound.Delivery,,Loading,pitch.0,772442,0.1803,-0.227,0.3406,-0.0846,-0.0643,-0.0331,0.0,0.0
1780080239753,1,Pitching Mound.Drive,,Loading,pitch.0,773548,0.6331,14.7931,94.1411,100.426,-146.1484,2.6966,0.1591,0.1093
1780080239753,1,Pitching Mound.Parent,,Loading,pitch.0,771698,0.8134,14.5661,94.4817,100.3414,-146.2127,2.6635,0.1585,0.1092
1780080239754,1,11.0000004b,Drive,Loading,pitch.0,773549,0.6372,14.7947,94.09,100.2096,-145.9536,2.6129,0.159,0.1092
1780080239754,1,12.00000015,Lower Delivery,Loading,pitch.0,773067,0.1357,-0.0634,0.1536,-0.007,-0.0269,0.0091,0.0,0.0
1780080239754,1,12.00000018,Upper Delivery,Loading,pitch.0,774355,0.0068,-0.1495,0.1007,-0.0884,-0.0304,-0.0012,0.0,0.0
1780080239754,1,Pitching Mound.Delivery,,Loading,pitch.0,772443,0.1426,-0.2129,0.2543,-0.0774,-0.0573,-0.036,0.0,0.0
1780080239754,1,Pitching Mound.Drive,,Loading,pitch.0,773549,0.6372,14.7947,94.09,100.2096,-145.9536,2.6129,0.159,0.1092
1780080239754,1,Pitching Mound.Parent,,Loading,pitch.0,771699,0.7798,14.5818,94.3443,100.1322,-146.0109,2.577,0.1586,0.1091
1780080239755,1,11.0000004b,Drive,Loading,pitch.0,773550,0.6619,14.7937,93.8634,100.0121,-145.5356,2.5777,0.1589,0.1092
1780080239755,1,12.00000015,Lower Delivery,Loading,pitch.0,773068,0.1542,-0.0679,0.1513,0.0075,-0.0286,0.0081,0.0,0.0
1780080239755,1,12.00000018,Upper Delivery,Loading,pitch.0,774356,-0.0114,-0.1316,0.0702,-0.0884,-0.0304,-0.0012,0.0,0.0
1780080239755,1,Pitching Mound.Delivery,,Loading,pitch.0,772444,0.1428,-0.1995,0.2215,-0.0533,-0.0589,-0.0494,0.0,0.0
1780080239755,1,Pitching Mound.Drive,,Loading,pitch.0,773550,0.6619,14.7937,93.8634,100.0121,-145.5356,2.5777,0.1589,0.1092
1780080239755,1,Pitching Mound.Parent,,Loading,pitch.0,771700,0.8047,14.5942,94.0849,99.9587,-145.5945,2.5283,0.1585,0.1092
1780080239756,1,11.0000004b,Drive,Loading,pitch.0,773551,0.6649,14.7967,93.7444,99.8696,-145.2693,2.5131,0.1588,0.1092
1780080239756,1,12.00000015,Lower Delivery,Loading,pitch.0,773069,0.1473,-0.0892,0.1437,0.0228,-0.0226,0.0085,0.0,0.0
1780080239756,1,12.00000018,Upper Delivery,Loading,pitch.0,774357,-0.0089,-0.1279,0.0719,-0.0884,-0.0304,-0.0012,0.0,0.0
1780080239756,1,Pitching Mound.Delivery,,Loading,pitch.0,772445,0.1385,-0.2171,0.2155,-0.0411,-0.053,-0.0458,0.0,0.0
1780080239756,1,Pitching Mound.Drive,,Loading,pitch.0,773551,0.6649,14.7967,93.7444,99.8696,-145.2693,2.5131,0.1588,0.1092
1780080239756,1,Pitching Mound.Parent,,Loading,pitch.0,771701,0.8034,14.5796,93.9599,99.8285,-145.3223,2.4673,0.1585,0.1092
1780080239757,1,11.0000004b,Drive,Loading,pitch.0,773552,0.6818,14.7947,93.5112,99.6645,-144.8578,2.4632,0.1588,0.1092
1780080239757,1,12.00000015,Lower Delivery,Loading,pitch.0,773070,0.1467,-0.1108,0.1571,0.0266,-0.0144,0.0068,0.0,0.0
1780080239757,1,12.00000018,Upper Delivery,Loading,pitch.0,774358,-0.0129,-0.1253,0.0684,-0.0884,-0.0304,-0.0012,0.0,0.0
1780080239757,1,Pitching Mound.Delivery,,Loading,pitch.0,772446,0.1338,-0.2361,0.2255,-0.0316,-0.0447,-0.0487,0.0,0.0
1780080239757,1,Pitching Mound.Drive,,Loading,pitch.0,773552,0.6818,14.7947,93.5112,99.6645,-144.8578,2.4632,0.1588,0.1092
1780080239757,1,Pitching Mound.Parent,,Loading,pitch.0,771702,0.8156,14.5585,93.7368,99.6329,-144.9026,2.4145,0.1584,0.1093
1780080239758,1,11.0000004b,Drive,Loading,pitch.0,773553,0.698,14.7866,93.3072,99.4947,-144.4092,2.3931,0.1586,0.1093
1780080239758,1,12.00000015,Lower Delivery,Loading,pitch.0,773071,0.1483,-0.0857,0.1578,0.0312,-0.0171,0.0096,0.0,0.0
1780080239758,1,12.00000018,Upper Delivery,Loading,pitch.0,774359,-0.0159,-0.1229,0.063,-0.0884,-0.0304,-0.0012,0.0,0.0
1780080239758,1,Pitching Mound.Delivery,,Loading,pitch.0,772447,0.1323,-0.2086,0.2208,-0.0249,-0.0475,-0.0474,0.0,0.0
1780080239758,1,Pitching Mound.Drive,,Loading,pitch.0,773553,0.698,14.7866,93.3072,99.4947,-144.4092,2.3931,0.1586,0.1093
1780080239758,1,Pitching Mound.Parent,,Loading,pitch.0,771703,0.8303,14.5779,93.528,99.4698,-144.4567,2.3457,0.1583,0.1094
1780080239759,1,11.0000004b,Drive,Loading,pitch.0,773554,0.7175,14.7766,93.0433,99.2959,-144.0835,2.3485,0.1587,0.1094
1780080239759,1,12.00000015,Lower Delivery,Loading,pitch.0,773072,0.1529,-0.1129,0.1825,0.0481,-0.0066,0.0089,0.0,0.0
1780080239759,1,12.00000018,Upper Delivery,Loading,pitch.0,774360,-0.0135,-0.1133,0.06,-0.0884,-0.0304,-0.0012,0.0,0.0
1780080239759,1,Pitching Mound.Delivery,,Loading,pitch.0,772448,0.1393,-0.2262,0.2425,0.0014,-0.037,-0.0489,0.0,0.0
1780080239759,1,Pitching Mound.Drive,,Loading,pitch.0,773554,0.7175,14.7766,93.0433,99.2959,-144.0835,2.3485,0.1587,0.1094
1780080239759,1,Pitching Mound.Parent,,Loading,pitch.0,771704,0.8569,14.5504,93.2858,99.2973,-144.1204,2.2997,0.1583,0.1095
1780080239760,1,11.0000004b,Drive,Loading,pitch.0,773555,0.7366,14.7711,92.9631,99.1438,-143.7554,2.2588,0.1585,0.1093
1780080239760,1,12.00000015,Lower Delivery,Loading,pitch.0,773073,0.1496,-0.1102,0.1653,0.0291,-0.0161,0.0119,0.0,0.0
1780080239760,1,12.00000018,Upper Delivery,Loading,pitch.0,774361,-0.0147,-0.1229,0.0691,-0.0884,-0.0304,-0.0012,0.0,0.0
1780080239760,1,Pitching Mound.Delivery,,Loading,pitch.0,772449,0.1349,-0.2331,0.2344,-0.0266,-0.0464,-0.0452,0.0,0.0
1780080239760,1,Pitching Mound.Drive,,Loading,pitch.0,773555,0.7366,14.7711,92.9631,99.1438,-143.7554,2.2588,0.1585,0.1093
1780080239760,1,Pitching Mound.Parent,,Loading,pitch.0,771705,0.8715,14.5379,93.1974,99.1173,-143.8019,2.2136,0.1581,0.1094
1780080239761,1,11.0000004b,Drive,Loading,pitch.0,773556,0.7659,14.7671,92.8353,98.9415,-143.4085,2.2038,0.1583,0.1092
1780080239761,1,12.00000015,Lower Delivery,Loading,pitch.0,773074,0.1329,-0.0926,0.1316,0.0281,-0.0151,0.0121,0.0,0.0
1780080239761,1,12.00000018,Upper Delivery,Loading,pitch.0,774362,-0.0142,-0.1311,0.0698,-0.0884,-0.0304,-0.0012,0.0,0.0
1780080239761,1,Pitching Mound.Delivery,,Loading,pitch.0,772450,0.1186,-0.2237,0.2014,-0.0393,-0.0454,-0.0391,0.0,0.0
1780080239761,1,Pitching Mound.Drive,,Loading,pitch.0,773556,0.7659,14.7671,92.8353,98.9415,-143.4085,2.2038,0.1583,0.1092
1780080239761,1,Pitching Mound.Parent,,Loading,pitch.0,771706,0.8846,14.5434,93.0367,98.9022,-143.4539,2.1648,0.158,0.1092
1780080239762,1,11.0000004b,Drive,Loading,pitch.0,773557,0.7677,14.7447,92.8828,98.7486,-143.1443,2.1454,0.158,0.109
1780080239762,1,12.00000015,Lower Delivery,Loading,pitch.0,773075,0.1248,-0.0848,0.1281,0.02,-0.0184,0.013,0.0,0.0
1780080239762,1,12.00000018,Upper Delivery,Loading,pitch.0,774363,-0.0146,-0.1332,0.0782,-0.0884,-0.0304,-0.0012,0.0,0.0
1780080239762,1,Pitching Mound.Delivery,,Loading,pitch.0,772451,0.1101,-0.218,0.2063,-0.0514,-0.0488,-0.0356,0.0,0.0
1780080239762,1,Pitching Mound.Drive,,Loading,pitch.0,773557,0.7677,14.7447,92.8828,98.7486,-143.1443,2.1454,0.158,0.109
1780080239762,1,Pitching Mound.Parent,,Loading,pitch.0,771707,0.8779,14.5267,93.0891,98.6971,-143.1931,2.1098,0.1576,0.1089
1780080239763,1,11.0000004b,Drive,Loading,pitch.0,773558,0.7938,14.7476,92.7032,98.4783,-142.7256,2.1152,0.1578,0.1089
1780080239763,1,12.00000015,Lower Delivery,Loading,pitch.0,773076,0.1315,-0.0883,0.1428,0.0174,-0.0191,0.0113,0.0,0.0
1780080239763,1,12.00000018,Upper Delivery,Loading,pitch.0,774364,-0.0122,-0.1289,0.0718,-0.0884,-0.0304,-0.0012,0.0,0.0
1780080239763,1,Pitching Mound.Delivery,,Loading,pitch.0,772452,0.1193,-0.2172,0.2146,-0.0468,-0.0495,-0.0387,0.0,0.0
1780080239763,1,Pitching Mound.Drive,,Loading,pitch.0,773558,0.7938,14.7476,92.7032,98.4783,-142.7256,2.1152,0.1578,0.1089
1780080239763,1,Pitching Mound.Parent,,Loading,pitch.0,771708,0.9131,14.5304,92.9178,98.4315,-142.7751,2.0764,0.1574,0.1089
1780080239764,1,11.0000004b,Drive,Loading,pitch.0,773559,0.8164,14.741,92.4165,98.2129,-142.2559,2.0719,0.1578,0.1089
1780080239764,1,12.00000015,Lower Delivery,Loading,pitch.0,773077,0.142,-0.1082,0.1626,0.037,-0.0087,0.0121,0.0,0.0
1780080239764,1,12.00000018,Upper Delivery,Loading,pitch.0,774365,-0.0148,-0.1409,0.1009,-0.0884,-0.0304,-0.0012,0.0,0.0
1780080239764,1,Pitching Mound.Delivery,,Loading,pitch.0,772453,0.1272,-0.2491,0.2635,-0.0303,-0.0391,-0.0424,0.0,0.0
1780080239764,1,Pitching Mound.Drive,,Loading,pitch.0,773559,0.8164,14.741,92.4165,98.2129,-142.2559,2.0719,0.1578,0.1089
1780080239764,1,Pitching Mound.Parent,,Loading,pitch.0,771709,0.9436,14.4919,92.68,98.1826,-142.295,2.0295,0.1573,0.1088
1780080239765,1,11.0000004b,Drive,Loading,pitch.0,773560,0.8467,14.7377,92.1917,98.0179,-141.8962,2.024,0.1578,0.109
1780080239765,1,12.00000015,Lower Delivery,Loading,pitch.0,773078,0.1451,-0.1011,0.1934,0.0405,-0.0012,0.0152,0.0,0.0
1780080239765,1,12.00000018,Upper Delivery,Loading,pitch.0,774366,-0.012,-0.1441,0.0861,-0.0884,-0.0304,-0.0012,0.0,0.0
1780080239765,1,Pitching Mound.Delivery,,Loading,pitch.0,772454,0.1331,-0.2453,0.2795,-0.0113,-0.0316,-0.0395,0.0,0.0
1780080239765,1,Pitching Mound.Drive,,Loading,pitch.0,773560,0.8467,14.7377,92.1917,98.0179,-141.8962,2.024,0.1578,0.109
1780080239765,1,Pitching Mound.Parent,,Loading,pitch.0,771710,0.9797,14.4924,92.4712,98.0066,-141.9278,1.9845,0.1573,0.109
1780080239766,1,11.0000004b,Drive,Loading,pitch.0,773561,0.8484,14.7397,91.9887,97.809,-141.6403,1.9827,0.1578,0.109
1780080239766,1,12.00000015,Lower Delivery,Loading,pitch.0,773079,0.1143,-0.0919,0.1626,0.0529,0.0035,0.012,0.0,0.0
1780080239766,1,12.00000018,Upper Delivery,Loading,pitch.0,774367,-0.0118,-0.1407,0.0761,-0.0884,-0.0304,-0.0012,0.0,0.0
1780080239766,1,Pitching Mound.Delivery,,Loading,pitch.0,772455,0.1025,-0.2326,0.2387,-0.0061,-0.0268,-0.0321,0.0,0.0
1780080239766,1,Pitching Mound.Drive,,Loading,pitch.0,773561,0.8484,14.7397,91.9887,97.809,-141.6403,1.9827,0.1578,0.109
1780080239766,1,Pitching Mound.Parent,,Loading,pitch.0,771711,0.9509,14.5071,92.2274,97.803,-141.6671,1.9506,0.1574,0.109
1780080239767,1,11.0000004b,Drive,Loading,pitch.0,773562,0.8631,14.7504,91.9087,97.5517,-141.3993,1.9574,0.1577,0.1088
1780080239767,1,12.00000015,Lower Delivery,Loading,pitch.0,773080,0.1457,-0.1166,0.2014,0.054,0.0078,0.0103,0.0,0.0
1780080239767,1,12.00000018,Upper Delivery,Loading,pitch.0,774368,-0.0092,-0.1275,0.0697,-0.0884,-0.0304,-0.0012,0.0,0.0
1780080239767,1,Pitching Mound.Delivery,,Loading,pitch.0,772456,0.1365,-0.244,0.2712,0.0104,-0.0226,-0.0436,0.0,0.0
1780080239767,1,Pitching Mound.Drive,,Loading,pitch.0,773562,0.8631,14.7504,91.9087,97.5517,-141.3993,1.9574,0.1577,0.1088
1780080239767,1,Pitching Mound.Parent,,Loading,pitch.0,771712,0.9996,14.5064,92.1798,97.5622,-141.4219,1.9138,0.1572,0.109
1780080239768,1,11.0000004b,Drive,Loading,pitch.0,773563,0.8783,14.7546,91.7601,97.3101,-141.1678,1.8947,0.1577,0.1087
1780080239768,1,12.00000015,Lower Delivery,Loading,pitch.0,773081,0.1412,-0.1228,0.2225,0.0507,0.0044,0.0088,0.0,0.0
1780080239768,1,12.00000018,Upper Delivery,Loading,pitch.0,774369,-0.0108,-0.1291,0.0622,-0.0884,-0.0304,-0.0012,0.0,0.0
1780080239768,1,Pitching Mound.Delivery,,Loading,pitch.0,772457,0.1303,-0.2518,0.2847,0.0168,-0.026,-0.0441,0.0,0.0
1780080239768,1,Pitching Mound.Drive,,Loading,pitch.0,773563,0.8783,14.7546,91.7601,97.3101,-141.1678,1.8947,0.1577,0.1087
1780080239768,1,Pitching Mound.Parent,,Loading,pitch.0,771713,1.0087,14.5028,92.0448,97.327,-141.1938,1.8507,0.1572,0.1089
1780080239769,1,11.0000004b,Drive,Loading,pitch.0,773564,0.887,14.7442,91.5822,97.0999,-140.7946,1.8781,0.1576,0.1087
1780080239769,1,12.00000015,Lower Delivery,Loading,pitch.0,773082,0.1421,-0.1371,0.2053,0.0481,0.0033,0.0052,0.0,0.0
1780080239769,1,12.00000018,Upper Delivery,Loading,pitch.0,774370,-0.0124,-0.1331,0.0648,-0.0884,-0.0304,-0.0012,0.0,0.0
1780080239769,1,Pitching Mound.Delivery,,Loading,pitch.0,772458,0.1296,-0.2702,0.2701,0.0075,-0.0271,-0.0485,0.0,0.0
1780080239769,1,Pitching Mound.Drive,,Loading,pitch.0,773564,0.887,14.7442,91.5822,97.0999,-140.7946,1.8781,0.1576,0.1087
1780080239769,1,Pitching Mound.Parent,,Loading,pitch.0,771714,1.0166,14.4741,91.8522,97.1074,-140.8216,1.8296,0.1571,0.1089
1780080239770,1,11.0000004b,Drive,Loading,pitch.0,773565,0.9053,14.7521,91.2799,96.9062,-140.315,1.8203,0.1576,0.1088
1780080239770,1,12.00000015,Lower Delivery,Loading,pitch.0,773083,0.1349,-0.147,0.2283,0.0321,-0.0008,0.0075,0.0,0.0
1780080239770,1,12.00000018,Upper Delivery,Loading,pitch.0,774371,-0.0131,-0.1331,0.0652,-0.0884,-0.0304,-0.0012,0.0,0.0
1780080239770,1,Pitching Mound.Delivery,,Loading,pitch.0,772459,0.1218,-0.2801,0.2935,-0.0009,-0.0312,-0.044,0.0,0.0
1780080239770,1,Pitching Mound.Drive,,Loading,pitch.0,773565,0.9053,14.7521,91.2799,96.9062,-140.315,1.8203,0.1576,0.1088
1780080239770,1,Pitching Mound.Parent,,Loading,pitch.0,771715,1.0272,14.472,91.5734,96.9053,-140.3462,1.7763,0.157,0.1091
1780080239771,1,11.0000004b,Drive,Loading,pitch.0,773566,0.9055,14.7464,91.1247,96.6992,-139.9525,1.7516,0.1574,0.1088
1780080239771,1,12.00000015,Lower Delivery,Loading,pitch.0,773084,0.169,-0.1541,0.253,0.0288,-0.0032,0.008,0.0,0.0
1780080239771,1,12.00000018,Upper Delivery,Loading,pitch.0,774372,-0.0119,-0.1511,0.0815,-0.0884,-0.0304,-0.0012,0.0,0.0
1780080239771,1,Pitching Mound.Delivery,,Loading,pitch.0,772460,0.1571,-0.3052,0.3345,-0.0012,-0.0335,-0.0547,0.0,0.0
1780080239771,1,Pitching Mound.Drive,,Loading,pitch.0,773566,0.9055,14.7464,91.1247,96.6992,-139.9525,1.7516,0.1574,0.1088
1780080239771,1,Pitching Mound.Parent,,Loading,pitch.0,771716,1.0626,14.4412,91.4592,96.698,-139.986,1.6969,0.1568,0.109
1780080239772,1,11.0000004b,Drive,Loading,pitch.0,773567,0.9104,14.7236,90.9957,96.453,-139.5338,1.6894,0.1572,0.1086
1780080239772,1,12.00000015,Lower Delivery,Loading,pitch.0,773085,0.1895,-0.1771,0.283,0.0236,-0.0123,0.0079,0.0,0.0
1780080239772,1,12.00000018,Upper Delivery,Loading,pitch.0,774373,0.0042,-0.1719,0.1244,-0.0884,-0.0304,-0.0012,0.0,0.0
1780080239772,1,Pitching Mound.Delivery,,Loading,pitch.0,772461,0.1937,-0.3489,0.4074,-0.0109,-0.0426,-0.0563,0.0,0.0
1780080239772,1,Pitching Mound.Drive,,Loading,pitch.0,773567,0.9104,14.7236,90.9957,96.453,-139.5338,1.6894,0.1572,0.1086
1780080239772,1,Pitching Mound.Parent,,Loading,pitch.0,771717,1.1041,14.3747,91.4031,96.4421,-139.5764,1.6331,0.1565,0.1087
1780080239773,1,11.0000004b,Drive,Loading,pitch.0,773568,0.9276,14.7288,90.5993,96.2172,-138.9917,1.5943,0.1572,0.1089
1780080239773,1,12.00000015,Lower Delivery,Loading,pitch.0,773086,0.1909,-0.1485,0.2596,0.0313,-0.0152,0.0119,0.0,0.0
1780080239773,1,12.00000018,Upper Delivery,Loading,pitch.0,774374,0.0103,-0.176,0.1258,-0.0884,-0.0304,-0.0012,0.0,0.0
1780080239773,1,Pitching Mound.Delivery,,Loading,pitch.0,772462,0.2012,-0.3245,0.3854,-0.0115,-0.0456,-0.0507,0.0,0.0
1780080239773,1,Pitching Mound.Drive,,Loading,pitch.0,773568,0.9276,14.7288,90.5993,96.2172,-138.9917,1.5943,0.1572,0.1089
1780080239773,1,Pitching Mound.Parent,,Loading,pitch.0,771718,1.1289,14.4044,90.9847,96.2057,-139.0372,1.5436,0.1566,0.1089
1780080239774,1,11.0000004b,Drive,Loading,pitch.0,773569,0.9546,14.726,90.4189,96.0005,-138.5146,1.5399,0.157,0.1088
1780080239774,1,12.00000015,Lower Delivery,Loading,pitch.0,773087,0.2179,-0.1453,0.2725,0.0281,-0.0178,0.014,0.0,0.0
1780080239774,1,12.00000018,Upper Delivery,Loading,pitch.0,774375,0.046,-0.2121,0.197,-0.0884,-0.0304,-0.0012,0.0,0.0
1780080239774,1,Pitching Mound.Delivery,,Loading,pitch.0,772463,0.2639,-0.3574,0.4695,-0.0345,-0.0482,-0.0457,0.0,0.0
1780080239774,1,Pitching Mound.Drive,,Loading,pitch.0,773569,0.9546,14.726,90.4189,96.0005,-138.5146,1.5399,0.157,0.1088
1780080239774,1,Pitching Mound.Parent,,Loading,pitch.0,771719,1.2185,14.3686,90.8884,95.9659,-138.5628,1.4943,0.1562,0.1085
1780080239775,1,11.0000004b,Drive,Loading,pitch.0,773570,0.9907,14.7212,90.2177,95.7002,-137.9829,1.4838,0.1568,0.1087
1780080239775,1,12.00000015,Lower Delivery,Loading,pitch.0,773088,0.2056,-0.1164,0.2407,0.015,-0.0249,0.0168,0.0,0.0
1780080239775,1,12.00000018,Upper Delivery,Loading,pitch.0,774376,0.0531,-0.2189,0.2174,-0.0884,-0.0304,-0.0012,0.0,0.0
1780080239775,1,Pitching Mound.Delivery,,Loading,pitch.0,772464,0.2587,-0.3353,0.4581,-0.0654,-0.0553,-0.0362,0.0,0.0
1780080239775,1,Pitching Mound.Drive,,Loading,pitch.0,773570,0.9907,14.7212,90.2177,95.7002,-137.9829,1.4838,0.1568,0.1087
1780080239775,1,Pitching Mound.Parent,,Loading,pitch.0,771720,1.2494,14.3859,90.6758,95.6348,-138.0382,1.4476,0.156,0.1083
1780080239776,1,11.0000004b,Drive,Loading,pitch.0,773571,1.009,14.7056,89.9318,95.5155,-137.506,1.3937,0.1567,0.1089
1780080239776,1,12.00000015,Lower Delivery,Loading,pitch.0,773089,0.1752,-0.0913,0.1727,-0.0001,-0.0245,0.0158,0.0,0.0
1780080239776,1,12.00000018,Upper Delivery,Loading,pitch.0,774377,0.0341,-0.2022,0.1701,-0.0884,-0.0304,-0.0012,0.0,0.0
1780080239776,1,Pitching Mound.Delivery,,Loading,pitch.0,772465,0.2093,-0.2934,0.3428,-0.0876,-0.0548,-0.0334,0.0,0.0
1780080239776,1,Pitching Mound.Drive,,Loading,pitch.0,773571,1.009,14.7056,89.9318,95.5155,-137.506,1.3937,0.1567,0.1089
1780080239776,1,Pitching Mound.Parent,,Loading,pitch.0,771721,1.2183,14.4122,90.2745,95.4279,-137.5608,1.3603,0.1561,0.1085
1780080239777,1,11.0000004b,Drive,Loading,pitch.0,773572,1.0435,14.7065,89.6901,95.2613,-136.9763,1.3394,0.1565,0.1089
1780080239777,1,12.00000015,Lower Delivery,Loading,pitch.0,773090,0.1769,-0.0843,0.1818,0.0007,-0.028,0.0178,0.0,0.0
1780080239777,1,12.00000018,Upper Delivery,Loading,pitch.0,774378,0.0374,-0.2107,0.2208,-0.0884,-0.0304,-0.0012,0.0,0.0
1780080239777,1,Pitching Mound.Delivery,,Loading,pitch.0,772466,0.2143,-0.295,0.4027,-0.101,-0.0584,-0.0309,0.0,0.0
1780080239777,1,Pitching Mound.Drive,,Loading,pitch.0,773572,1.0435,14.7065,89.6901,95.2613,-136.9763,1.3394,0.1565,0.1089
1780080239777,1,Pitching Mound.Parent,,Loading,pitch.0,771722,1.2578,14.4115,90.0928,95.1603,-137.0347,1.3086,0.1558,0.1082
1780080239778,1,11.0000004b,Drive,Loading,pitch.0,773573,1.064,14.6946,89.211,95.0518,-136.2136,1.2452,0.1565,0.1092
1780080239778,1,12.00000015,Lower Delivery,Loading,pitch.0,773091,0.1775,-0.0671,0.1607,0.0016,-0.0303,0.0181,0.0,0.0
1780080239778,1,12.00000018,Upper Delivery,Loading,pitch.0,774379,0.0714,-0.2343,0.2726,-0.0884,-0.0304,-0.0012,0.0,0.0
1780080239778,1,Pitching Mound.Delivery,,Loading,pitch.0,772467,0.2489,-0.3013,0.4333,-0.1248,-0.0607,-0.0191,0.0,0.0
1780080239778,1,Pitching Mound.Drive,,Loading,pitch.0,773573,1.064,14.6946,89.211,95.0518,-136.2136,1.2452,0.1565,0.1092
1780080239778,1,Pitching Mound.Parent,,Loading,pitch.0,771723,1.3129,14.3932,89.6442,94.927,-136.2743,1.2261,0.1557,0.1083
1780080239779,1,11.0000004b,Drive,Loading,pitch.0,773574,1.0868,14.6995,88.9679,94.8357,-135.7609,1.1692,0.1564,0.1093
1780080239779,1,12.00000015,Lower Delivery,Loading,pitch.0,773092,0.1808,-0.0744,0.1958,0.016,-0.0259,0.0207,0.0,0.0
1780080239779,1,12.00000018,Upper Delivery,Loading,pitch.0,774380,0.0101,-0.1786,0.1264,-0.0884,-0.0304,-0.0012,0.0,0.0
1780080239779,1,Pitching Mound.Delivery,,Loading,pitch.0,772468,0.1908,-0.2531,0.3222,-0.0487,-0.0562,-0.0386,0.0,0.0
1780080239779,1,Pitching Mound.Drive,,Loading,pitch.0,773574,1.0868,14.6995,88.9679,94.8357,-135.7609,1.1692,0.1564,0.1093
1780080239779,1,Pitching Mound.Parent,,Loading,pitch.0,771724,1.2776,14.4464,89.29,94.787,-135.8171,1.1307,0.1558,0.1091
1780080239780,1,11.0000004b,Drive,Loading,pitch.0,773575,1.1226,14.6979,88.6946,94.6363,-135.3373,1.1285,0.1564,0.1094
1780080239780,1,12.00000015,Lower Delivery,Loading,pitch.0,773093,0.1732,-0.0789,0.209,0.0056,-0.0159,0.0205,0.0,0.0
1780080239780,1,12.00000018,Upper Delivery,Loading,pitch.0,774381,0.0628,-0.2217,0.255,-0.0884,-0.0304,-0.0012,0.0,0.0
1780080239780,1,Pitching Mound.Delivery,,Loading,pitch.0,772469,0.236,-0.3007,0.464,-0.0984,-0.0462,-0.0182,0.0,0.0
1780080239780,1,Pitching Mound.Drive,,Loading,pitch.0,773575,1.1226,14.6979,88.6946,94.6363,-135.3373,1.1285,0.1564,0.1094
1780080239780,1,Pitching Mound.Parent,,Loading,pitch.0,771725,1.3586,14.3972,89.1586,94.5379,-135.3835,1.1103,0.1556,0.1086
1780080239781,1,11.0000004b,Drive,Loading,pitch.0,773576,1.1544,14.6874,88.3917,94.415,-134.6681,1.0029,0.1562,0.1095
1780080239781,1,12.00000015,Lower Delivery,Loading,pitch.0,773094,0.1539,-0.0813,0.2074,0.0003,-0.0066,0.0194,0.0,0.0
1780080239781,1,12.00000018,Upper Delivery,Loading,pitch.0,774382,-0.0108,-0.1503,0.0786,-0.0884,-0.0304,-0.0012,0.0,0.0
1780080239781,1,Pitching Mound.Delivery,,Loading,pitch.0,772470,0.1431,-0.2316,0.286,-0.0442,-0.0369,-0.0378,0.0,0.0
1780080239781,1,Pitching Mound.Drive,,Loading,pitch.0,773576,1.1544,14.6874,88.3917,94.415,-134.6681,1.0029,0.1562,0.1095
1780080239781,1,Pitching Mound.Parent,,Loading,pitch.0,771726,1.2974,14.4558,88.6777,94.3708,-134.705,0.9651,0.1557,0.1096
1780080239782,1,11.0000004b,Drive,Loading,pitch.0,773577,1.1996,14.6856,88.1102,94.1716,-134.2018,0.9503,0.1561,0.1095
1780080239782,1,12.00000015,Lower Delivery,Loading,pitch.0,773095,0.1647,-0.1067,0.2421,0.007,-0.0052,0.0172,0.0,0.0
1780080239782,1,12.00000018,Upper Delivery,Loading,pitch.0,774383,-0.0106,-0.1428,0.0877,-0.0884,-0.0304,-0.0012,0.0,0.0
1780080239782,1,Pitching Mound.Delivery,,Loading,pitch.0,772471,0.1541,-0.2495,0.3298,-0.0289,-0.0355,-0.0436,0.0,0.0
1780080239782,1,Pitching Mound.Drive,,Loading,pitch.0,773577,1.1996,14.6856,88.1102,94.1716,-134.2018,0.9503,0.1561,0.1095
1780080239782,1,Pitching Mound.Parent,,Loading,pitch.0,771727,1.3537,14.436,88.44,94.1428,-134.2373,0.9067,0.1555,0.1097
1780080239783,1,11.0000004b,Drive,Loading,pitch.0,773578,1.2271,14.6711,87.8281,93.9456,-133.6488,0.8229,0.156,0.1096
1780080239783,1,12.00000015,Lower Delivery,Loading,pitch.0,773096,0.1647,-0.1144,0.2565,0.0179,0.0022,0.0146,0.0,0.0
1780080239783,1,12.00000018,Upper Delivery,Loading,pitch.0,774384,-0.0097,-0.133,0.081,-0.0884,-0.0304,-0.0012,0.0,0.0
1780080239783,1,Pitching Mound.Delivery,,Loading,pitch.0,772472,0.155,-0.2474,0.3376,-0.0108,-0.0282,-0.0458,0.0,0.0
1780080239783,1,Pitching Mound.Drive,,Loading,pitch.0,773578,1.2271,14.6711,87.8281,93.9456,-133.6488,0.8229,0.156,0.1096
1780080239783,1,Pitching Mound.Parent,,Loading,pitch.0,771728,1.3821,14.4237,88.1657,93.9348,-133.677,0.7771,0.1554,0.1099
1780080239784,1,11.0000004b,Drive,Loading,pitch.0,773579,1.2687,14.6651,87.5249,93.6827,-133.0748,0.7112,0.1558,0.1097
1780080239784,1,12.00000015,Lower Delivery,Loading,pitch.0,773097,0.167,-0.1311,0.2278,0.0214,-0.0024,0.0124,0.0,0.0
1780080239784,1,12.00000018,Upper Delivery,Loading,pitch.0,774385,0.0092,-0.1494,0.1275,-0.0884,-0.0304,-0.0012,0.0,0.0
1780080239784,1,Pitching Mound.Delivery,,Loading,pitch.0,772473,0.1762,-0.2805,0.3554,-0.0328,-0.0328,-0.0424,0.0,0.0
1780080239784,1,Pitching Mound.Drive,,Loading,pitch.0,773579,1.2687,14.6651,87.5249,93.6827,-133.0748,0.7112,0.1558,0.1097
1780080239784,1,Pitching Mound.Parent,,Loading,pitch.0,771729,1.4449,14.3846,87.8803,93.6499,-133.1076,0.6687,0.1552,0.1097
1780080239785,1,11.0000004b,Drive,Loading,pitch.0,773580,1.2769,14.654,87.31,93.4204,-132.6809,0.6439,0.1558,0.1097
1780080239785,1,12.00000015,Lower Delivery,Loading,pitch.0,773098,0.1616,-0.1157,0.1722,0.0357,0.0079,0.0146,0.0,0.0
1780080239785,1,12.00000018,Upper Delivery,Loading,pitch.0,774386,0.023,-0.1666,0.163,-0.0884,-0.0304,-0.0012,0.0,0.0
1780080239785,1,Pitching Mound.Delivery,,Loading,pitch.0,772474,0.1846,-0.2823,0.3352,-0.0496,-0.0225,-0.0338,0.0,0.0
1780080239785,1,Pitching Mound.Drive,,Loading,pitch.0,773580,1.2769,14.654,87.31,93.4204,-132.6809,0.6439,0.1558,0.1097
1780080239785,1,Pitching Mound.Parent,,Loading,pitch.0,771730,1.4616,14.3717,87.6451,93.3709,-132.7034,0.6101,0.1552,0.1093
1780080239786,1,11.0000004b,Drive,Loading,pitch.0,773581,1.2938,14.6341,87.1023,93.0904,-132.1806,0.5742,0.1555,0.1095
1780080239786,1,12.00000015,Lower Delivery,Loading,pitch.0,773099,0.2001,-0.143,0.2087,0.0344,0.0029,0.0163,0.0,0.0
1780080239786,1,12.00000018,Upper Delivery,Loading,pitch.0,774387,0.029,-0.1815,0.1926,-0.0884,-0.0304,-0.0012,0.0,0.0
1780080239786,1,Pitching Mound.Delivery,,Loading,pitch.0,772475,0.2292,-0.3245,0.4013,-0.0485,-0.0274,-0.0431,0.0,0.0
1780080239786,1,Pitching Mound.Drive,,Loading,pitch.0,773581,1.2938,14.6341,87.1023,93.0904,-132.1806,0.5742,0.1555,0.1095
1780080239786,1,Pitching Mound.Parent,,Loading,pitch.0,771731,1.5229,14.3097,87.5037,93.0419,-132.208,0.5311,0.1548,0.1091
1780080239787,1,11.0000004b,Drive,Loading,pitch.0,773582,1.3236,14.6298,86.8721,92.8135,-131.7467,0.5622,0.1554,0.1095
1780080239787,1,12.00000015,Lower Delivery,Loading,pitch.0,773100,0.2386,-0.2062,0.3026,0.0475,0.0015,0.0184,0.0,0.0
1780080239787,1,12.00000018,Upper Delivery,Loading,pitch.0,774388,0.0023,-0.1522,0.1082,-0.0884,-0.0304,-0.0012,0.0,0.0
1780080239787,1,Pitching Mound.Delivery,,Loading,pitch.0,772476,0.2409,-0.3584,0.4108,0.0252,-0.0288,-0.0631,0.0,0.0
1780080239787,1,Pitching Mound.Drive,,Loading,pitch.0,773582,1.3236,14.6298,86.8721,92.8135,-131.7467,0.5622,0.1554,0.1095
1780080239787,1,Pitching Mound.Parent,,Loading,pitch.0,771732,1.5645,14.2714,87.2829,92.8387,-131.7755,0.4991,0.1547,0.1097
1780080239788,1,11.0000004b,Drive,Loading,pitch.0,773583,1.3393,14.5955,86.7478,92.5051,-131.3956,0.4993,0.1552,0.1093
1780080239788,1,12.00000015,Lower Delivery,Loading,pitch.0,773101,0.2304,-0.1839,0.2917,0.0318,-0.0013,0.017,0.0,0.0
1780080239788,1,12.00000018,Upper Delivery,Loading,pitch.0,774389,0.0228,-0.1618,0.18,-0.0884,-0.0304,-0.0012,0.0,0.0
1780080239788,1,Pitching Mound.Delivery,,Loading,pitch.0,772477,0.2533,-0.3457,0.4717,-0.0186,-0.0317,-0.0548,0.0,0.0
1780080239788,1,Pitching Mound.Drive,,Loading,pitch.0,773583,1.3393,14.5955,86.7478,92.5051,-131.3956,0.4993,0.1552,0.1093
1780080239788,1,Pitching Mound.Parent,,Loading,pitch.0,771733,1.5926,14.2498,87.2195,92.4865,-131.4273,0.4445,0.1544,0.1091
1780080239789,1,11.0000004b,Drive,Loading,pitch.0,773584,1.3647,14.5864,86.4389,92.2336,-130.8704,0.4807,0.1552,0.1094
1780080239789,1,12.00000015,Lower Delivery,Loading,pitch.0,773102,0.2148,-0.1829,0.2729,0.0282,-0.0039,0.0155,0.0,0.0
1780080239789,1,12.00000018,Upper Delivery,Loading,pitch.0,774390,0.0486,-0.1886,0.237,-0.0884,-0.0304,-0.0012,0.0,0.0
1780080239789,1,Pitching Mound.Delivery,,Loading,pitch.0,772478,0.2634,-0.3716,0.5099,-0.0479,-0.0343,-0.0422,0.0,0.0
1780080239789,1,Pitching Mound.Drive,,Loading,pitch.0,773584,1.3647,14.5864,86.4389,92.2336,-130.8704,0.4807,0.1552,0.1094
1780080239789,1,Pitching Mound.Parent,,Loading,pitch.0,771734,1.6281,14.2148,86.9488,92.1857,-130.9047,0.4385,0.1543,0.1089
1780080239790,1,11.0000004b,Drive,Loading,pitch.0,773585,1.3763,14.5717,86.2457,92.0171,-130.4763,0.4349,0.1551,0.1094
1780080239790,1,12.00000015,Lower Delivery,Loading,pitch.0,773103,0.236,-0.1656,0.2772,0.0223,-0.0079,0.0161,0.0,0.0
1780080239790,1,12.00000018,Upper Delivery,Loading,pitch.0,774391,0.0593,-0.2004,0.2739,-0.0884,-0.0304,-0.0012,0.0,0.0
1780080239790,1,Pitching Mound.Delivery,,Loading,pitch.0,772479,0.2953,-0.366,0.5511,-0.0649,-0.0383,-0.0452,0.0,0.0
1780080239790,1,Pitching Mound.Drive,,Loading,pitch.0,773585,1.3763,14.5717,86.2457,92.0171,-130.4763,0.4349,0.1551,0.1094
1780080239790,1,Pitching Mound.Parent,,Loading,pitch.0,771735,1.6716,14.2057,86.7968,91.9522,-130.5146,0.3897,0.1541,0.1087
1780080239791,1,11.0000004b,Drive,Loading,pitch.0,773586,1.3711,14.5623,86.1801,91.823,-130.1235,0.3668,0.1548,0.1092
1780080239791,1,12.00000015,Lower Delivery,Loading,pitch.0,773104,0.2189,-0.1651,0.2522,0.0073,-0.0147,0.0122,0.0,0.0
1780080239791,1,12.00000018,Upper Delivery,Loading,pitch.0,774392,0.0622,-0.1976,0.2789,-0.0884,-0.0304,-0.0012,0.0,0.0
1780080239791,1,Pitching Mound.Delivery,,Loading,pitch.0,772480,0.2811,-0.3627,0.5311,-0.0901,-0.045,-0.0422,0.0,0.0
1780080239791,1,Pitching Mound.Drive,,Loading,pitch.0,773586,1.3711,14.5623,86.1801,91.823,-130.1235,0.3668,0.1548,0.1092
1780080239791,1,Pitching Mound.Parent,,Loading,pitch.0,771736,1.6522,14.1996,86.7112,91.7329,-130.1685,0.3246,0.1538,0.1084
1780080239792,1,11.0000004b,Drive,Loading,pitch.0,773587,1.3855,14.5438,85.9352,91.534,-129.7745,0.3587,0.1548,0.1092
1780080239792,1,12.00000015,Lower Delivery,Loading,pitch.0,773105,0.2258,-0.1795,0.2925,0.0159,-0.0093,0.0122,0.0,0.0
1780080239792,1,12.00000018,Upper Delivery,Loading,pitch.0,774393,0.0823,-0.2016,0.3067,-0.0884,-0.0304,-0.0012,0.0,0.0
1780080239792,1,Pitching Mound.Delivery,,Loading,pitch.0,772481,0.3081,-0.3811,0.5993,-0.0773,-0.0396,-0.0378,0.0,0.0
1780080239792,1,Pitching Mound.Drive,,Loading,pitch.0,773587,1.3855,14.5438,85.9352,91.534,-129.7745,0.3587,0.1548,0.1092
1780080239792,1,Pitching Mound.Parent,,Loading,pitch.0,771737,1.6936,14.1627,86.5345,91.4567,-129.8142,0.3209,0.1537,0.1084
1780080239793,1,11.0000004b,Drive,Loading,pitch.0,773588,1.3829,14.5366,85.7699,91.3272,-129.3748,0.3228,0.1546,0.1091
1780080239793,1,12.00000015,Lower Delivery,Loading,pitch.0,773106,0.2231,-0.1716,0.2869,0.005,-0.0168,0.0107,0.0,0.0
1780080239793,1,12.00000018,Upper Delivery,Loading,pitch.0,774394,0.104,-0.2239,0.3829,-0.0884,-0.0304,-0.0012,0.0,0.0
1780080239793,1,Pitching Mound.Delivery,,Loading,pitch.0,772482,0.3271,-0.3955,0.6698,-0.116,-0.0471,-0.031,0.0,0.0
1780080239793,1,Pitching Mound.Drive,,Loading,pitch.0,773588,1.3829,14.5366,85.7699,91.3272,-129.3748,0.3228,0.1546,0.1091
1780080239793,1,Pitching Mound.Parent,,Loading,pitch.0,771738,1.71,14.1412,86.4397,91.2113,-129.4219,0.2918,0.1534,0.1079
1780080239794,1,11.0000004b,Drive,Loading,pitch.0,773589,1.4078,14.5401,85.5272,91.064,-128.9351,0.2779,0.1545,0.1091
1780080239794,1,12.00000015,Lower Delivery,Loading,pitch.0,773107,0.1859,-0.1575,0.2507,-0.0198,-0.0191,0.007,0.0,0.0
1780080239794,1,12.00000018,Upper Delivery,Loading,pitch.0,774395,0.1276,-0.2502,0.4491,-0.0884,-0.0304,-0.0012,0.0,0.0
1780080239794,1,Pitching Mound.Delivery,,Loading,pitch.0,772483,0.3135,-0.4077,0.6998,-0.1756,-0.0495,-0.014,0.0,0.0
1780080239794,1,Pitching Mound.Drive,,Loading,pitch.0,773589,1.4078,14.5401,85.5272,91.064,-128.9351,0.2779,0.1545,0.1091
1780080239794,1,Pitching Mound.Parent,,Loading,pitch.0,771739,1.7213,14.1324,86.227,90.8884,-128.9846,0.2639,0.1533,0.1075
1780080239795,1,11.0000004b,Drive,Loading,pitch.0,773590,1.4233,14.5189,85.3064,90.7925,-128.3838,0.2198,0.1543,0.1091
1780080239795,1,12.00000015,Lower Delivery,Loading,pitch.0,773108,0.1714,-0.1594,0.2475,-0.0157,-0.0124,0.0063,0.0,0.0
1780080239795,1,12.00000018,Upper Delivery,Loading,pitch.0,774396,0.1245,-0.234,0.4435,-0.0884,-0.0304,-0.0012,0.0,0.0
1780080239795,1,Pitching Mound.Delivery,,Loading,pitch.0,772484,0.2959,-0.3934,0.691,-0.1707,-0.0427,-0.0108,0.0,0.0
1780080239795,1,Pitching Mound.Drive,,Loading,pitch.0,773590,1.4233,14.5189,85.3064,90.7925,-128.3838,0.2198,0.1543,0.1091
1780080239795,1,Pitching Mound.Parent,,Loading,pitch.0,771740,1.7192,14.1255,85.9974,90.6218,-128.4266,0.2089,0.153,0.1074
1780080239796,1,11.0000004b,Drive,Loading,pitch.0,773591,1.428,14.5057,85.0372,90.4943,-127.8302,0.1522,0.1541,0.1091
1780080239796,1,12.00000015,Lower Delivery,Loading,pitch.0,773109,0.1589,-0.159,0.2291,-0.0245,-0.0171,0.0057,0.0,0.0
1780080239796,1,12.00000018,Upper Delivery,Loading,pitch.0,774397,0.12,-0.2532,0.5436,-0.0884,-0.0304,-0.0012,0.0,0.0
1780080239796,1,Pitching Mound.Delivery,,Loading,pitch.0,772485,0.2789,-0.4123,0.7727,-0.2197,-0.0475,-0.0088,0.0,0.0
1780080239796,1,Pitching Mound.Drive,,Loading,pitch.0,773591,1.428,14.5057,85.0372,90.4943,-127.8302,0.1522,0.1541,0.1091
1780080239796,1,Pitching Mound.Parent,,Loading,pitch.0,771741,1.707,14.0934,85.8099,90.2746,-127.8777,0.1434,0.1527,0.1068
1780080239797,1,11.0000004b,Drive,Loading,pitch.0,773592,1.453,14.4874,84.7965,90.2742,-127.3689,0.1155,0.154,0.1091
1780080239797,1,12.00000015,Lower Delivery,Loading,pitch.0,773110,0.1561,-0.1783,0.2106,-0.0075,-0.0117,0.0063,0.0,0.0
1780080239797,1,12.00000018,Upper Delivery,Loading,pitch.0,774398,0.1006,-0.2183,0.399,-0.0884,-0.0304,-0.0012,0.0,0.0
1780080239797,1,Pitching Mound.Delivery,,Loading,pitch.0,772486,0.2567,-0.3967,0.6095,-0.1599,-0.0421,-0.0138,0.0,0.0
1780080239797,1,Pitching Mound.Drive,,Loading,pitch.0,773592,1.453,14.4874,84.7965,90.2742,-127.3689,0.1155,0.154,0.1091
1780080239797,1,Pitching Mound.Parent,,Loading,pitch.0,771742,1.7097,14.0907,85.4061,90.1143,-127.411,0.1018,0.1529,0.1076
1780080239798,1,11.0000004b,Drive,Loading,pitch.0,773593,1.4612,14.4658,84.5907,90.0244,-126.8446,0.0521,0.1537,0.1091
1780080239798,1,12.00000015,Lower Delivery,Loading,pitch.0,773111,0.1275,-0.1538,0.185,-0.0134,-0.0094,0.003,0.0,0.0
1780080239798,1,12.00000018,Upper Delivery,Loading,pitch.0,774399,0.1392,-0.2557,0.4904,-0.0884,-0.0304,-0.0012,0.0,0.0
1780080239798,1,Pitching Mound.Delivery,,Loading,pitch.0,772487,0.2667,-0.4096,0.6754,-0.2056,-0.0398,0.0058,0.0,0.0
1780080239798,1,Pitching Mound.Drive,,Loading,pitch.0,773593,1.4612,14.4658,84.5907,90.0244,-126.8446,0.0521,0.1537,0.1091
1780080239798,1,Pitching Mound.Parent,,Loading,pitch.0,771743,1.7279,14.0563,85.2661,89.8188,-126.8844,0.0578,0.1525,0.107
1780080239799,1,11.0000004b,Drive,Loading,pitch.0,773594,1.4839,14.4539,84.2399,89.7614,-126.3013,0.0154,0.1537,0.1092
1780080239799,1,12.00000015,Lower Delivery,Loading,pitch.0,773112,0.1165,-0.1537,0.1479,-0.0125,-0.0127,0.0021,0.0,0.0
1780080239799,1,12.00000018,Upper Delivery,Loading,pitch.0,774400,0.1086,-0.2327,0.4012,-0.0884,-0.0304,-0.0012,0.0,0.0
1780080239799,1,Pitching Mound.Delivery,,Loading,pitch.0,772488,0.2252,-0.3864,0.5491,-0.1869,-0.0431,-0.0018,0.0,0.0
1780080239799,1,Pitching Mound.Drive,,Loading,pitch.0,773594,1.4839,14.4539,84.2399,89.7614,-126.3013,0.0154,0.1537,0.1092
1780080239799,1,Pitching Mound.Parent,,Loading,pitch.0,771744,1.7091,14.0675,84.789,89.5745,-126.3444,0.0137,0.1527,0.1075
1780080239800,1,11.0000004b,Drive,Loading,pitch.0,773595,1.4981,14.4331,84.0428,89.5114,-125.8701,-0.0062,0.1535,0.1092
1780080239800,1,12.00000015,Lower Delivery,Loading,pitch.0,773113,0.0933,-0.1392,0.0828,-0.0174,-0.0035,0.0038,0.0,0.0
1780080239800,1,12.00000018,Upper Delivery,Loading,pitch.0,774401,0.0606,-0.2059,0.3154,-0.0884,-0.0304,-0.0012,0.0,0.0
1780080239800,1,Pitching Mound.Delivery,,Loading,pitch.0,772489,0.1539,-0.3451,0.3982,-0.1849,-0.0339,-0.0085,0.0,0.0
1780080239800,1,Pitching Mound.Drive,,Loading,pitch.0,773595,1.4981,14.4331,84.0428,89.5114,-125.8701,-0.0062,0.1535,0.1092
1780080239800,1,Pitching Mound.Parent,,Loading,pitch.0,771745,1.652,14.088,84.441,89.3266,-125.904,-0.0147,0.1528,0.1077
1780080239801,1,11.0000004b,Drive,Loading,pitch.0,773596,1.5245,14.4073,83.7272,89.2384,-125.2755,-0.0429,0.1534,0.1092
1780080239801,1,12.00000015,Lower Delivery,Loading,pitch.0,773114,0.0819,-0.105,0.0716,-0.0095,-0.0018,0.0054,0.0,0.0
1780080239801,1,12.00000018,Upper Delivery,Loading,pitch.0,774402,0.0479,-0.2039,0.2985,-0.0884,-0.0304,-0.0012,0.0,0.0
1780080239801,1,Pitching Mound.Delivery,,Loading,pitch.0,772490,0.1299,-0.3089,0.3701,-0.175,-0.0322,-0.0074,0.0,0.0
1780080239801,1,Pitching Mound.Drive,,Loading,pitch.0,773596,1.5245,14.4073,83.7272,89.2384,-125.2755,-0.0429,0.1534,0.1092
1780080239801,1,Pitching Mound.Parent,,Loading,pitch.0,771746,1.6543,14.0984,84.0973,89.0633,-125.3077,-0.0503,0.1527,0.1078
1780080239802,1,11.0000004b,Drive,Loading,pitch.0,773597,1.5525,14.3804,83.494,88.9572,-124.8,-0.0607,0.1532,0.1092
1780080239802,1,12.00000015,Lower Delivery,Loading,pitch.0,773115,0.0997,-0.1243,0.0787,0.0021,0.0019,0.0054,0.0,0.0
1780080239802,1,12.00000018,Upper Delivery,Loading,pitch.0,774403,0.0389,-0.2043,0.2593,-0.0884,-0.0304,-0.0012,0.0,0.0
1780080239802,1,Pitching Mound.Delivery,,Loading,pitch.0,772491,0.1385,-0.3286,0.338,-0.1477,-0.0285,-0.0165,0.0,0.0
1780080239802,1,Pitching Mound.Drive,,Loading,pitch.0,773597,1.5525,14.3804,83.494,88.9572,-124.8,-0.0607,0.1532,0.1092
1780080239802,1,Pitching Mound.Parent,,Loading,pitch.0,771747,1.6911,14.0518,83.832,88.8095,-124.8285,-0.0772,0.1526,0.108
1780080239803,1,11.0000004b,Drive,Loading,pitch.0,773598,1.5652,14.3581,83.2713,88.7224,-124.2913,-0.1156,0.153,0.1092
1780080239803,1,12.00000015,Lower Delivery,Loading,pitch.0,773116,0.0786,-0.1063,0.0654,-0.0008,-0.0066,0.0054,0.0,0.0
1780080239803,1,12.00000018,Upper Delivery,Loading,pitch.0,774404,0.012,-0.1851,0.1888,-0.0884,-0.0304,-0.0012,0.0,0.0
1780080239803,1,Pitching Mound.Delivery,,Loading,pitch.0,772492,0.0906,-0.2915,0.2543,-0.1311,-0.037,-0.0184,0.0,0.0
1780080239803,1,Pitching Mound.Drive,,Loading,pitch.0,773598,1.5652,14.3581,83.2713,88.7224,-124.2913,-0.1156,0.153,0.1092
1780080239803,1,Pitching Mound.Parent,,Loading,pitch.0,771748,1.6558,14.0666,83.5255,88.5912,-124.3282,-0.1341,0.1525,0.1084
1780080239804,1,11.0000004b,Drive,Loading,pitch.0,773599,1.5738,14.3298,83.1019,88.4484,-123.8906,-0.1669,0.1528,0.1091
1780080239804,1,12.00000015,Lower Delivery,Loading,pitch.0,773117,0.0943,-0.0935,0.1172,0.0069,-0.005,0.0083,0.0,0.0
1780080239804,1,12.00000018,Upper Delivery,Loading,pitch.0,774405,-0.0088,-0.1751,0.1365,-0.0884,-0.0304,-0.0012,0.0,0.0
1780080239804,1,Pitching Mound.Delivery,,Loading,pitch.0,772493,0.0855,-0.2686,0.2538,-0.088,-0.0353,-0.0279,0.0,0.0
1780080239804,1,Pitching Mound.Drive,,Loading,pitch.0,773599,1.5738,14.3298,83.1019,88.4484,-123.8906,-0.1669,0.1528,0.1091
1780080239804,1,Pitching Mound.Parent,,Loading,pitch.0,771749,1.6593,14.0612,83.3557,88.3604,-123.9259,-0.1948,0.1523,0.1087
1780080239805,1,11.0000004b,Drive,Loading,pitch.0,773600,1.5928,14.2973,82.7907,88.1263,-123.3077,-0.1911,0.1527,0.1091
1780080239805,1,12.00000015,Lower Delivery,Loading,pitch.0,773118,0.1149,-0.093,0.1528,0.0272,0.0041,0.0107,0.0,0.0
1780080239805,1,12.00000018,Upper Delivery,Loading,pitch.0,774406,-0.0166,-0.1688,0.1005,-0.0884,-0.0304,-0.0012,0.0,0.0
1780080239805,1,Pitching Mound.Delivery,,Loading,pitch.0,772494,0.0983,-0.2619,0.2534,-0.0434,-0.0263,-0.0352,0.0,0.0
1780080239805,1,Pitching Mound.Drive,,Loading,pitch.0,773600,1.5928,14.2973,82.7907,88.1263,-123.3077,-0.1911,0.1527,0.1091
1780080239805,1,Pitching Mound.Parent,,Loading,pitch.0,771750,1.6911,14.0355,83.0441,88.0828,-123.334,-0.2262,0.1522,0.109
1780080239806,1,11.0000004b,Drive,Loading,pitch.0,773601,1.6028,14.2731,82.5082,87.8601,-122.8314,-0.2255,0.1526,0.1091
1780080239806,1,12.00000015,Lower Delivery,Loading,pitch.0,773119,0.1089,-0.0601,0.1084,0.027,-0.0074,0.0087,0.0,0.0
1780080239806,1,12.00000018,Upper Delivery,Loading,pitch.0,774407,-0.0175,-0.1743,0.094,-0.0884,-0.0304,-0.0012,0.0,0.0
1780080239806,1,Pitching Mound.Delivery,,Loading,pitch.0,772495,0.0914,-0.2344,0.2023,-0.0565,-0.0378,-0.0355,0.0,0.0
1780080239806,1,Pitching Mound.Drive,,Loading,pitch.0,773601,1.6028,14.2731,82.5082,87.8601,-122.8314,-0.2255,0.1526,0.1091
1780080239806,1,Pitching Mound.Parent,,Loading,pitch.0,771751,1.6942,14.0387,82.7105,87.8036,-122.8692,-0.261,0.1522,0.1089
1780080239807,1,11.0000004b,Drive,Loading,pitch.0,773602,1.6365,14.2528,82.289,87.5146,-122.3338,-0.2571,0.1524,0.109
1780080239807,1,12.00000015,Lower Delivery,Loading,pitch.0,773120,0.0766,-0.0557,0.0779,0.0184,-0.0137,0.0103,0.0,0.0
1780080239807,1,12.00000018,Upper Delivery,Loading,pitch.0,774408,-0.0151,-0.1761,0.0952,-0.0884,-0.0304,-0.0012,0.0,0.0
1780080239807,1,Pitching Mound.Delivery,,Loading,pitch.0,772496,0.0615,-0.2317,0.1731,-0.0758,-0.0441,-0.0221,0.0,0.0
1780080239807,1,Pitching Mound.Drive,,Loading,pitch.0,773602,1.6365,14.2528,82.289,87.5146,-122.3338,-0.2571,0.1524,0.109
1780080239807,1,Pitching Mound.Parent,,Loading,pitch.0,771752,1.698,14.0211,82.4621,87.4387,-122.3778,-0.2791,0.1521,0.1087
1780080239808,1,11.0000004b,Drive,Loading,pitch.0,773603,1.656,14.2156,81.9788,87.0826,-121.6397,-0.2897,0.1521,0.1089
1780080239808,1,12.00000015,Lower Delivery,Loading,pitch.0,773121,0.098,-0.0388,0.0964,0.0188,-0.0143,0.0124,0.0,0.0
1780080239808,1,12.00000018,Upper Delivery,Loading,pitch.0,774409,-0.0144,-0.1794,0.0988,-0.0884,-0.0304,-0.0012,0.0,0.0
1780080239808,1,Pitching Mound.Delivery,,Loading,pitch.0,772497,0.0836,-0.2183,0.1952,-0.0704,-0.0447,-0.027,0.0,0.0
1780080239808,1,Pitching Mound.Drive,,Loading,pitch.0,773603,1.656,14.2156,81.9788,87.0826,-121.6397,-0.2897,0.1521,0.1089
1780080239808,1,Pitching Mound.Parent,,Loading,pitch.0,771753,1.7395,13.9973,82.1739,87.0122,-121.6844,-0.3167,0.1517,0.1086
1780080239809,1,11.0000004b,Drive,Loading,pitch.0,773604,1.6833,14.1777,81.6717,86.6972,-121.1386,-0.3257,0.152,0.1088
1780080239809,1,12.00000015,Lower Delivery,Loading,pitch.0,773122,0.1121,-0.0365,0.0855,-0.0146,-0.0387,0.011,0.0,0.0
1780080239809,1,12.00000018,Upper Delivery,Loading,pitch.0,774410,-0.0179,-0.1694,0.0906,-0.0884,-0.0304,-0.0012,0.0,0.0
1780080239809,1,Pitching Mound.Delivery,,Loading,pitch.0,772498,0.0942,-0.2059,0.1762,-0.1047,-0.0691,-0.0345,0.0,0.0
1780080239809,1,Pitching Mound.Drive,,Loading,pitch.0,773604,1.6833,14.1777,81.6717,86.6972,-121.1386,-0.3257,0.152,0.1088
1780080239809,1,Pitching Mound.Parent,,Loading,pitch.0,771754,1.7775,13.9718,81.8479,86.5924,-121.2077,-0.3601,0.1517,0.1085
1780080239810,1,11.0000004b,Drive,Loading,pitch.0,773605,1.7038,14.1604,81.3485,86.3786,-120.535,-0.3808,0.1519,0.1088
1780080239810,1,12.00000015,Lower Delivery,Loading,pitch.0,773123,0.1276,-0.0547,0.1386,0.0002,-0.0286,0.0149,0.0,0.0
1780080239810,1,12.00000018,Upper Delivery,Loading,pitch.0,774411,-0.0056,-0.1839,0.1166,-0.0884,-0.0304,-0.0012,0.0,0.0
1780080239810,1,Pitching Mound.Delivery,,Loading,pitch.0,772499,0.122,-0.2386,0.2552,-0.0807,-0.0589,-0.0316,0.0,0.0
1780080239810,1,Pitching Mound.Drive,,Loading,pitch.0,773605,1.7038,14.1604,81.3485,86.3786,-120.535,-0.3808,0.1519,0.1088
1780080239810,1,Pitching Mound.Parent,,Loading,pitch.0,771755,1.8258,13.9219,81.6037,86.2979,-120.5939,-0.4124,0.1514,0.1086
1780080239811,1,11.0000004b,Drive,Loading,pitch.0,773606,1.7323,14.1307,81.1118,86.1226,-119.9801,-0.4383,0.1516,0.1088
1780080239811,1,12.00000015,Lower Delivery,Loading,pitch.0,773124,0.1129,-0.0375,0.1029,-0.004,-0.0325,0.0125,0.0,0.0
1780080239811,1,12.00000018,Upper Delivery,Loading,pitch.0,774412,0.0094,-0.1831,0.1293,-0.0884,-0.0304,-0.0012,0.0,0.0
1780080239811,1,Pitching Mound.Delivery,,Loading,pitch.0,772500,0.1223,-0.2206,0.2322,-0.1013,-0.0628,-0.0239,0.0,0.0
1780080239811,1,Pitching Mound.Drive,,Loading,pitch.0,773606,1.7323,14.1307,81.1118,86.1226,-119.9801,-0.4383,0.1516,0.1088
1780080239811,1,Pitching Mound.Parent,,Loading,pitch.0,771756,1.8546,13.9101,81.344,86.0213,-120.0429,-0.4622,0.1512,0.1084
1780080239812,1,11.0000004b,Drive,Loading,pitch.0,773607,1.7471,14.1186,80.8515,85.6997,-119.3156,-0.4939,0.1513,0.1086
1780080239812,1,12.00000015,Lower Delivery,Loading,pitch.0,773125,0.1179,-0.0442,0.0948,-0.0024,-0.0275,0.0131,0.0,0.0
1780080239812,1,12.00000018,Upper Delivery,Loading,pitch.0,774413,0.0553,-0.2217,0.2005,-0.0884,-0.0304,-0.0012,0.0,0.0
1780080239812,1,Pitching Mound.Delivery,,Loading,pitch.0,772501,0.1732,-0.2659,0.2953,-0.1267,-0.0578,-0.0094,0.0,0.0
1780080239812,1,Pitching Mound.Drive,,Loading,pitch.0,773607,1.7471,14.1186,80.8515,85.6997,-119.3156,-0.4939,0.1513,0.1086
1780080239812,1,Pitching Mound.Parent,,Loading,pitch.0,771757,1.9203,13.8527,81.1468,85.573,-119.3734,-0.5033,0.1507,0.1078
1780080239813,1,11.0000004b,Drive,Loading,pitch.0,773608,1.7938,14.0732,80.358,85.0662,-118.4339,-0.5454,0.1511,0.1085
1780080239813,1,12.00000015,Lower Delivery,Loading,pitch.0,773126,0.0696,-0.0228,0.0485,-0.014,-0.0301,0.0157,0.0,0.0
1780080239813,1,12.00000018,Upper Delivery,Loading,pitch.0,774414,0.0583,-0.2159,0.203,-0.0884,-0.0304,-0.0012,0.0,0.0
1780080239813,1,Pitching Mound.Delivery,,Loading,pitch.0,772502,0.128,-0.2387,0.2515,-0.1549,-0.0604,0.0106,0.0,0.0
1780080239813,1,Pitching Mound.Drive,,Loading,pitch.0,773608,1.7938,14.0732,80.358,85.0662,-118.4339,-0.5454,0.1511,0.1085
1780080239813,1,Pitching Mound.Parent,,Loading,pitch.0,771758,1.9217,13.8345,80.6095,84.9113,-118.4943,-0.5348,0.1506,0.1075
1780080239814,1,11.0000004b,Drive,Loading,pitch.0,773609,1.8143,14.0558,80.1973,84.911,-118.024,-0.5635,0.1508,0.1085
1780080239814,1,12.00000015,Lower Delivery,Loading,pitch.0,773127,0.0557,-0.0202,0.0412,-0.0141,-0.0399,0.0181,0.0,0.0
1780080239814,1,12.00000015,Lower Delivery,Loading,pitch.0,773128,0.0652,-0.0211,0.0454,-0.0107,-0.0279,0.0169,0.0,0.0
1780080239814,1,12.00000018,Upper Delivery,Loading,pitch.0,774415,0.0656,-0.216,0.2103,-0.0884,-0.0304,-0.0012,0.0,0.0
1780080239814,1,Pitching Mound.Delivery,,Loading,pitch.0,772503,0.1212,-0.2362,0.2515,-0.16,-0.0703,0.0203,0.0,0.0
1780080239814,1,Pitching Mound.Drive,,Loading,pitch.0,773609,1.8143,14.0558,80.1973,84.911,-118.024,-0.5635,0.1508,0.1085
1780080239814,1,Pitching Mound.Parent,,Loading,pitch.0,771759,1.9355,13.8196,80.4488,84.751,-118.0942,-0.5432,0.1504,0.1075
1780080239815,1,11.0000004b,Drive,Loading,pitch.0,773610,1.851,14.0198,79.8194,84.3207,-117.1149,-0.6532,0.1504,0.1083
1780080239815,1,11.0000004b,Drive,Loading,pitch.0,773611,1.8621,14.0096,79.6872,84.2077,-116.6666,-0.6552,0.1501,0.1083
1780080239815,1,12.00000015,Lower Delivery,Loading,pitch.0,773129,0.0973,-0.032,0.0626,-0.0062,-0.0396,0.0173,0.0,0.0
1780080239815,1,12.00000018,Upper Delivery,Loading,pitch.0,774416,0.0582,-0.1985,0.1889,-0.0884,-0.0304,-0.0012,0.0,0.0
1780080239815,1,Pitching Mound.Delivery,,Loading,pitch.0,772504,0.1234,-0.2196,0.2344,-0.1479,-0.0582,0.0134,0.0,0.0
1780080239815,1,Pitching Mound.Drive,,Loading,pitch.0,773610,1.851,14.0198,79.8194,84.3207,-117.1149,-0.6532,0.1504,0.1083
1780080239815,1,Pitching Mound.Drive,,Loading,pitch.0,773611,1.8621,14.0096,79.6872,84.2077,-116.6666,-0.6552,0.1501,0.1083
1780080239815,1,Pitching Mound.Parent,,Loading,pitch.0,771760,1.9744,13.8002,80.0538,84.1729,-117.1731,-0.6399,0.1499,0.1073
1780080239816,1,11.0000004b,Drive,Loading,pitch.0,773612,1.8941,13.9703,79.3437,83.7553,-115.9321,-0.6922,0.1498,0.1082
1780080239816,1,12.00000018,Upper Delivery,Loading,pitch.0,774417,0.0894,-0.2235,0.2414,-0.0884,-0.0304,-0.0012,0.0,0.0
1780080239816,1,Pitching Mound.Delivery,,Loading,pitch.0,772505,0.1867,-0.2555,0.304,-0.1554,-0.07,0.0134,0.0,0.0
1780080239816,1,Pitching Mound.Drive,,Loading,pitch.0,773612,1.8941,13.9703,79.3437,83.7553,-115.9321,-0.6922,0.1498,0.1082
1780080239816,1,Pitching Mound.Parent,,Loading,pitch.0,771761,2.0488,13.7541,79.9912,84.0523,-116.7365,-0.6419,0.1495,0.1071
1780080239817,1,11.0000004b,Drive,Loading,pitch.0,773613,1.9297,13.9367,78.9508,83.262,-115.1702,-0.7732,0.1495,0.1081
1780080239817,1,12.00000015,Lower Delivery,Loading,pitch.0,773130,0.1117,-0.036,0.0833,0.0066,-0.0258,0.0179,0.0,0.0
1780080239817,1,12.00000018,Upper Delivery,Loading,pitch.0,774418,0.0675,-0.1894,0.1964,-0.0884,-0.0304,-0.0012,0.0,0.0
1780080239817,1,Pitching Mound.Delivery,,Loading,pitch.0,772506,0.1792,-0.2255,0.2797,-0.1202,-0.0562,0.0017,0.0,0.0
1780080239817,1,Pitching Mound.Drive,,Loading,pitch.0,773613,1.9297,13.9367,78.9508,83.262,-115.1702,-0.7732,0.1495,0.1081
1780080239817,1,Pitching Mound.Parent,,Loading,pitch.0,771762,2.0733,13.7448,79.6234,83.6351,-115.9883,-0.6905,0.1492,0.1073
1780080239818,1,11.0000004b,Drive,Loading,pitch.0,773614,1.9322,13.9149,78.7766,83.0015,-114.6213,-0.9082,0.1491,0.108
1780080239818,1,12.00000015,Lower Delivery,Loading,pitch.0,773131,0.1533,-0.0559,0.1433,0.0179,-0.0282,0.0154,0.0,0.0
1780080239818,1,12.00000018,Upper Delivery,Loading,pitch.0,774419,0.0757,-0.2032,0.2129,-0.0884,-0.0304,-0.0012,0.0,0.0
1780080239818,1,Pitching Mound.Delivery,,Loading,pitch.0,772507,0.229,-0.2591,0.3562,-0.0941,-0.0586,-0.0122,0.0,0.0
1780080239818,1,Pitching Mound.Drive,,Loading,pitch.0,773614,1.9322,13.9149,78.7766,83.0015,-114.6213,-0.9082,0.1491,0.108
1780080239818,1,Pitching Mound.Parent,,Loading,pitch.0,771763,2.1587,13.6776,79.307,83.1678,-115.2288,-0.7854,0.1488,0.1073
1780080239819,1,12.00000015,Lower Delivery,Loading,pitch.0,773132,0.1625,-0.0703,0.1577,0.0341,-0.0172,0.0122,0.0,0.0
1780080239819,1,12.00000018,Upper Delivery,Loading,pitch.0,774420,0.0828,-0.2031,0.2114,-0.0884,-0.0304,-0.0012,0.0,0.0
1780080239819,1,Pitching Mound.Delivery,,Loading,pitch.0,772508,0.2453,-0.2734,0.369,-0.0725,-0.0476,-0.0162,0.0,0.0
1780080239819,1,Pitching Mound.Parent,,Loading,pitch.0,771764,2.1775,13.6415,79.1456,82.929,-114.6689,-0.9243,0.1484,0.1073
1780080239820,1,11.0000004b,Drive,Loading,pitch.0,773615,1.9669,13.8924,78.3742,82.5117,-113.7988,-1.035,0.1488,0.1079
1780080239820,1,11.0000004b,Drive,Loading,pitch.0,773616,1.9677,13.8659,78.2126,82.2447,-113.3313,-1.0646,0.1485,0.1078
1780080239820,1,12.00000015,Lower Delivery,Loading,pitch.0,773133,0.1578,-0.0642,0.1837,0.0388,-0.0104,0.0118,0.0,0.0
1780080239820,1,12.00000015,Lower Delivery,Loading,pitch.0,773134,0.1538,-0.0567,0.1725,0.0342,-0.0081,0.011,0.0,0.0
1780080239820,1,12.00000018,Upper Delivery,Loading,pitch.0,774421,0.0452,-0.1653,0.1481,-0.0884,-0.0304,-0.0012,0.0,0.0
1780080239820,1,Pitching Mound.Delivery,,Loading,pitch.0,772509,0.203,-0.2295,0.3318,-0.0375,-0.0407,-0.0276,0.0,0.0
1780080239820,1,Pitching Mound.Drive,,Loading,pitch.0,773615,1.9669,13.8924,78.3742,82.5117,-113.7988,-1.035,0.1488,0.1079
1780080239820,1,Pitching Mound.Drive,,Loading,pitch.0,773616,1.9677,13.8659,78.2126,82.2447,-113.3313,-1.0646,0.1485,0.1078
1780080239820,1,Pitching Mound.Parent,,Loading,pitch.0,771765,2.1699,13.6629,78.706,82.4742,-113.8396,-1.0626,0.1482,0.1076
1780080239821,1,11.0000004b,Drive,Loading,pitch.0,773617,1.9598,13.8539,78.1396,82.2451,-112.9725,-1.0711,0.1482,0.1079
1780080239821,1,12.00000015,Lower Delivery,Loading,pitch.0,773135,0.1428,-0.0737,0.2052,0.0454,0.0054,0.0129,0.0,0.0
1780080239821,1,12.00000018,Upper Delivery,Loading,pitch.0,774422,0.0625,-0.1822,0.1849,-0.0884,-0.0304,-0.0012,0.0,0.0
1780080239821,1,Pitching Mound.Delivery,,Loading,pitch.0,772510,0.2163,-0.2389,0.3574,-0.0584,-0.0384,-0.0212,0.0,0.0
1780080239821,1,Pitching Mound.Drive,,Loading,pitch.0,773617,1.9598,13.8539,78.1396,82.2451,-112.9725,-1.0711,0.1482,0.1079
1780080239821,1,Pitching Mound.Parent,,Loading,pitch.0,771766,2.184,13.6269,78.57,82.1863,-113.3698,-1.0858,0.1478,0.1072
1780080239822,1,11.0000004b,Drive,Loading,pitch.0,773618,2.0255,13.7966,77.4938,81.3075,-111.739,-1.2357,0.1478,0.1075
1780080239822,1,12.00000015,Lower Delivery,Loading,pitch.0,773136,0.1152,-0.0407,0.1715,0.0439,0.0068,0.0109,0.0,0.0
1780080239822,1,12.00000018,Upper Delivery,Loading,pitch.0,774423,0.0387,-0.1639,0.1523,-0.0884,-0.0304,-0.0012,0.0,0.0
1780080239822,1,Pitching Mound.Delivery,,Loading,pitch.0,772511,0.1815,-0.2375,0.3575,-0.025,-0.0249,-0.0237,0.0,0.0
1780080239822,1,Pitching Mound.Drive,,Loading,pitch.0,773618,2.0255,13.7966,77.4938,81.3075,-111.739,-1.2357,0.1478,0.1075
1780080239822,1,Pitching Mound.Parent,,Loading,pitch.0,771767,2.1414,13.6163,78.4972,82.2202,-112.9974,-1.0948,0.1475,0.1076
1780080239823,1,11.0000004b,Drive,Loading,pitch.0,773619,2.0442,13.7744,77.1633,80.9572,-111.0854,-1.3154,0.1476,0.1075
1780080239823,1,12.00000015,Lower Delivery,Loading,pitch.0,773137,0.1041,-0.0315,0.1496,0.0386,0.0071,0.0116,0.0,0.0
1780080239823,1,12.00000018,Upper Delivery,Loading,pitch.0,774424,0.0496,-0.1785,0.2053,-0.0884,-0.0304,-0.0012,0.0,0.0
1780080239823,1,Pitching Mound.Delivery,,Loading,pitch.0,772512,0.1647,-0.2192,0.3769,-0.0559,-0.0236,-0.0126,0.0,0.0
1780080239823,1,Pitching Mound.Drive,,Loading,pitch.0,773619,2.0442,13.7744,77.1633,80.9572,-111.0854,-1.3154,0.1476,0.1075
1780080239823,1,Pitching Mound.Parent,,Loading,pitch.0,771768,2.1903,13.5774,77.8706,81.2516,-111.7626,-1.2483,0.1471,0.1069
1780080239824,1,11.0000004b,Drive,Loading,pitch.0,773620,2.0815,13.7423,76.6829,80.4333,-110.2316,-1.3498,0.1473,0.1075
1780080239824,1,12.00000015,Lower Delivery,Loading,pitch.0,773138,0.0498,-0.0187,0.0939,0.0281,0.0117,0.0112,0.0,0.0
1780080239824,1,12.00000018,Upper Delivery,Loading,pitch.0,774425,0.0423,-0.1845,0.2881,-0.0884,-0.0304,-0.0012,0.0,0.0
1780080239824,1,Pitching Mound.Delivery,,Loading,pitch.0,772513,0.1464,-0.216,0.4378,-0.0969,-0.0233,-0.0106,0.0,0.0
1780080239824,1,Pitching Mound.Drive,,Loading,pitch.0,773620,2.0815,13.7423,76.6829,80.4333,-110.2316,-1.3498,0.1473,0.1075
1780080239824,1,Pitching Mound.Parent,,Loading,pitch.0,771769,2.1906,13.5583,77.6011,80.8603,-111.1086,-1.3261,0.1467,0.1063
1780080239825,1,11.0000004b,Drive,Loading,pitch.0,773621,2.0839,13.7129,76.6251,80.4178,-109.9319,-1.3308,0.147,0.1076
1780080239825,1,12.00000018,Upper Delivery,Loading,pitch.0,774426,0.0381,-0.1818,0.2749,-0.0884,-0.0304,-0.0012,0.0,0.0
1780080239825,1,Pitching Mound.Delivery,,Loading,pitch.0,772514,0.0879,-0.2004,0.3687,-0.1218,-0.0187,0.006,0.0,0.0
1780080239825,1,Pitching Mound.Drive,,Loading,pitch.0,773621,2.0839,13.7129,76.6251,80.4178,-109.9319,-1.3308,0.147,0.1076
1780080239825,1,Pitching Mound.Parent,,Loading,pitch.0,771770,2.1694,13.5418,77.0516,80.3115,-110.2504,-1.3438,0.1466,0.1062
1780080239826,1,11.0000004b,Drive,Loading,pitch.0,773622,2.1206,13.6722,76.0542,79.811,-108.9769,-1.4324,0.1469,0.1076
1780080239826,1,12.00000015,Lower Delivery,Loading,pitch.0,773139,0.0403,-0.0142,0.0481,0.0122,0.01,0.0126,0.0,0.0
1780080239826,1,12.00000018,Upper Delivery,Loading,pitch.0,774427,0.0616,-0.2092,0.2872,-0.0884,-0.0304,-0.0012,0.0,0.0
1780080239826,1,Pitching Mound.Delivery,,Loading,pitch.0,772515,0.102,-0.2234,0.3353,-0.1575,-0.0204,0.0187,0.0,0.0
1780080239826,1,Pitching Mound.Drive,,Loading,pitch.0,773622,2.1206,13.6722,76.0542,79.811,-108.9769,-1.4324,0.1469,0.1076
1780080239826,1,Pitching Mound.Parent,,Loading,pitch.0,771771,2.1859,13.4895,76.9604,80.2603,-109.9522,-1.3122,0.1464,0.106
1780080239827,1,11.0000004b,Drive,Loading,pitch.0,773623,2.164,13.6409,75.6051,79.2284,-108.0686,-1.4917,0.1465,0.1074
1780080239827,1,12.00000015,Lower Delivery,Loading,pitch.0,773140,0.0403,-0.0141,0.0404,0.0076,0.0093,0.012,0.0,0.0
1780080239827,1,12.00000015,Lower Delivery,Loading,pitch.0,773141,0.042,-0.0144,0.0474,0.0006,0.0056,0.0121,0.0,0.0
1780080239827,1,12.00000018,Upper Delivery,Loading,pitch.0,774428,-0.0125,-0.1386,0.1357,-0.0884,-0.0304,-0.0012,0.0,0.0
1780080239827,1,Pitching Mound.Delivery,,Loading,pitch.0,772516,0.0278,-0.1528,0.176,-0.1132,-0.021,-0.0072,0.0,0.0
1780080239827,1,Pitching Mound.Drive,,Loading,pitch.0,773623,2.164,13.6409,75.6051,79.2284,-108.0686,-1.4917,0.1465,0.1074
1780080239827,1,Pitching Mound.Parent,,Loading,pitch.0,771772,2.1484,13.5194,76.2302,79.6978,-108.998,-1.4396,0.1465,0.1069
1780080239828,1,11.0000004b,Drive,Loading,pitch.0,773624,2.1778,13.6197,75.3338,79.0045,-107.4212,-1.5142,0.1462,0.1075
1780080239828,1,12.00000015,Lower Delivery,Loading,pitch.0,773142,0.047,-0.0169,0.0742,0.0025,0.0097,0.0115,0.0,0.0
1780080239828,1,12.00000018,Upper Delivery,Loading,pitch.0,774429,0.0918,-0.2372,0.3748,-0.0884,-0.0304,-0.0012,0.0,0.0
1780080239828,1,Pitching Mound.Delivery,,Loading,pitch.0,772517,0.1339,-0.2516,0.4222,-0.1991,-0.0247,0.0278,0.0,0.0
1780080239828,1,Pitching Mound.Drive,,Loading,pitch.0,773624,2.1778,13.6197,75.3338,79.0045,-107.4212,-1.5142,0.1462,0.1075
1780080239828,1,Pitching Mound.Parent,,Loading,pitch.0,771773,2.2979,13.3894,76.0273,79.0293,-108.0933,-1.4638,0.1457,0.1053
1780080239829,1,11.0000004b,Drive,Loading,pitch.0,773625,2.2386,13.5774,75.0283,78.4462,-106.7066,-1.556,0.1458,0.1072
1780080239829,1,12.00000015,Lower Delivery,Loading,pitch.0,773143,0.0449,-0.0211,0.0789,-0.0123,0.0046,0.0081,0.0,0.0
1780080239829,1,12.00000018,Upper Delivery,Loading,pitch.0,774430,0.0685,-0.2113,0.3109,-0.0884,-0.0304,-0.0012,0.0,0.0
1780080239829,1,Pitching Mound.Delivery,,Loading,pitch.0,772518,0.1155,-0.2282,0.3852,-0.1663,-0.0206,0.0176,0.0,0.0
1780080239829,1,Pitching Mound.Drive,,Loading,pitch.0,773625,2.2386,13.5774,75.0283,78.4462,-106.7066,-1.556,0.1458,0.1072
1780080239829,1,Pitching Mound.Parent,,Loading,pitch.0,771774,2.2933,13.3916,75.7189,78.8382,-107.4418,-1.4966,0.1454,0.1059
1780080239830,1,11.0000004b,Drive,Loading,pitch.0,773626,2.272,13.5358,74.6718,78.1393,-106.017,-1.5939,0.1455,0.1073
1780080239830,1,12.00000015,Lower Delivery,Loading,pitch.0,773144,0.0446,-0.0207,0.1024,-0.0067,0.004,0.0099,0.0,0.0
1780080239830,1,12.00000018,Upper Delivery,Loading,pitch.0,774431,0.0405,-0.1894,0.2623,-0.0884,-0.0304,-0.0012,0.0,0.0
1780080239830,1,Pitching Mound.Delivery,,Loading,pitch.0,772519,0.0854,-0.2105,0.3412,-0.163,-0.0258,0.0054,0.0,0.0
1780080239830,1,Pitching Mound.Drive,,Loading,pitch.0,773626,2.272,13.5358,74.6718,78.1393,-106.017,-1.5939,0.1455,0.1073
1780080239830,1,Pitching Mound.Parent,,Loading,pitch.0,771775,2.324,13.3669,75.3695,78.2832,-106.7324,-1.5506,0.1451,0.1059
1780080239831,1,11.0000004b,Drive,Loading,pitch.0,773627,2.301,13.5124,74.2774,77.6845,-105.2187,-1.6576,0.1452,0.1072
1780080239831,1,12.00000018,Upper Delivery,Loading,pitch.0,774432,0.1179,-0.2629,0.4516,-0.0884,-0.0304,-0.0012,0.0,0.0
1780080239831,1,12.00000018,Upper Delivery,Loading,pitch.0,774433,0.1379,-0.2801,0.4842,-0.0884,-0.0304,-0.0012,0.0,0.0
1780080239831,1,Pitching Mound.Delivery,,Loading,pitch.0,772520,0.1625,-0.2836,0.554,-0.2137,-0.0264,0.0336,0.0,0.0
1780080239831,1,Pitching Mound.Drive,,Loading,pitch.0,773627,2.301,13.5124,74.2774,77.6845,-105.2187,-1.6576,0.1452,0.1072
1780080239831,1,Pitching Mound.Parent,,Loading,pitch.0,771776,2.4345,13.2522,75.2258,77.9255,-106.0434,-1.5603,0.1444,0.1049
1780080239832,1,11.0000004b,Drive,Loading,pitch.0,773628,2.3443,13.449,73.7754,76.9686,-104.3236,-1.742,0.1449,0.1069
1780080239832,1,12.00000015,Lower Delivery,Loading,pitch.0,773145,0.0666,-0.0423,0.1493,-0.0008,-0.0012,0.0075,0.0,0.0
1780080239832,1,Pitching Mound.Delivery,,Loading,pitch.0,772521,0.2044,-0.3224,0.6335,-0.203,-0.0316,0.0305,0.0,0.0
1780080239832,1,Pitching Mound.Drive,,Loading,pitch.0,773628,2.3443,13.449,73.7754,76.9686,-104.3236,-1.742,0.1449,0.1069
1780080239832,1,Pitching Mound.Parent,,Loading,pitch.0,771777,2.5054,13.19,74.9108,77.4814,-105.2503,-1.6271,0.144,0.1048
1780080239833,1,11.0000004b,Drive,Loading,pitch.0,773629,2.3759,13.404,73.4166,76.6355,-103.7461,-1.7478,0.1448,0.107
1780080239833,1,12.00000015,Lower Delivery,Loading,pitch.0,773146,0.0541,-0.0256,0.1125,-0.0069,0.0015,0.0071,0.0,0.0
1780080239833,1,12.00000018,Upper Delivery,Loading,pitch.0,774434,0.1422,-0.2672,0.472,-0.0884,-0.0304,-0.0012,0.0,0.0
1780080239833,1,Pitching Mound.Delivery,,Loading,pitch.0,772522,0.1963,-0.2928,0.5844,-0.2175,-0.0289,0.0358,0.0,0.0
1780080239833,1,Pitching Mound.Drive,,Loading,pitch.0,773629,2.3759,13.404,73.4166,76.6355,-103.7461,-1.7478,0.1448,0.107
1780080239833,1,Pitching Mound.Parent,,Loading,pitch.0,771778,2.5406,13.1561,74.3598,76.7511,-104.3525,-1.7062,0.1438,0.1044
1780080239834,1,11.0000004b,Drive,Loading,pitch.0,773630,2.3971,13.3462,73.1876,76.1965,-103.1442,-1.8042,0.1444,0.1067
1780080239834,1,12.00000015,Lower Delivery,Loading,pitch.0,773147,0.0464,-0.0238,0.0901,-0.0113,0.0003,0.0054,0.0,0.0
1780080239834,1,12.00000015,Lower Delivery,Loading,pitch.0,773148,0.0405,-0.0251,0.097,-0.0119,-0.0022,0.0056,0.0,0.0
1780080239834,1,12.00000018,Upper Delivery,Loading,pitch.0,774435,0.166,-0.2964,0.4893,-0.0884,-0.0304,-0.0012,0.0,0.0
1780080239834,1,12.00000018,Upper Delivery,Loading,pitch.0,774436,0.15,-0.291,0.4809,-0.0884,-0.0304,-0.0012,0.0,0.0
1780080239834,1,Pitching Mound.Delivery,,Loading,pitch.0,772524,0.1905,-0.3161,0.5779,-0.2308,-0.0326,0.0416,0.0,0.0
1780080239834,1,Pitching Mound.Delivery,,Loading,pitch.0,772523,0.2123,-0.3202,0.5794,-0.2354,-0.0301,0.0448,0.0,0.0
1780080239834,1,Pitching Mound.Drive,,Loading,pitch.0,773630,2.3971,13.3462,73.1876,76.1965,-103.1442,-1.8042,0.1444,0.1067
1780080239834,1,Pitching Mound.Parent,,Loading,pitch.0,771780,2.5877,13.0301,73.7655,75.9656,-103.1768,-1.7626,0.1433,0.1041
1780080239834,1,Pitching Mound.Parent,,Loading,pitch.0,771779,2.5882,13.0838,73.996,76.4001,-103.7761,-1.703,0.1437,0.1043
1780080239835,1,11.0000004b,Drive,Loading,pitch.0,773631,2.4347,13.3108,72.7923,75.7746,-102.4875,-1.8425,0.1443,0.1067
1780080239835,1,12.00000015,Lower Delivery,Loading,pitch.0,773149,0.0832,-0.0442,0.1277,-0.0106,-0.0071,0.0041,0.0,0.0
1780080239835,1,12.00000018,Upper Delivery,Loading,pitch.0,774437,0.1347,-0.2927,0.4662,-0.0884,-0.0304,-0.0012,0.0,0.0
1780080239835,1,Pitching Mound.Delivery,,Loading,pitch.0,772525,0.2178,-0.3369,0.5939,-0.214,-0.0375,0.0204,0.0,0.0
1780080239835,1,Pitching Mound.Drive,,Loading,pitch.0,773631,2.4347,13.3108,72.7923,75.7746,-102.4875,-1.8425,0.1443,0.1067
1780080239835,1,Pitching Mound.Parent,,Loading,pitch.0,771781,2.6525,12.9738,73.3862,75.5606,-102.525,-1.8221,0.1431,0.1043
1780080239836,1,11.0000004b,Drive,Loading,pitch.0,773632,2.4692,13.2708,72.4557,75.4229,-101.8265,-1.8653,0.144,0.1067
1780080239836,1,12.00000015,Lower Delivery,Loading,pitch.0,773150,0.0539,-0.0245,0.066,-0.0183,-0.0122,0.0047,0.0,0.0
1780080239836,1,12.00000018,Upper Delivery,Loading,pitch.0,774438,0.1797,-0.3535,0.4312,-0.0884,-0.0304,-0.0012,0.0,0.0
1780080239836,1,Pitching Mound.Delivery,,Loading,pitch.0,772526,0.2336,-0.378,0.4972,-0.2309,-0.0426,0.0463,0.0,0.0
1780080239836,1,Pitching Mound.Drive,,Loading,pitch.0,773632,2.4692,13.2708,72.4557,75.4229,-101.8265,-1.8653,0.144,0.1067
1780080239836,1,Pitching Mound.Parent,,Loading,pitch.0,771782,2.7028,12.8928,72.9529,75.1921,-101.869,-1.8191,0.1431,0.1043
1780080239837,1,11.0000004b,Drive,Loading,pitch.0,773633,2.505,13.2095,72.0806,74.8371,-101.058,-1.9629,0.1437,0.1064
1780080239837,1,12.00000015,Lower Delivery,Loading,pitch.0,773151,0.0755,-0.0483,0.0889,-0.0335,-0.0221,0.0035,0.0,0.0
1780080239837,1,Pitching Mound.Drive,,Loading,pitch.0,773633,2.505,13.2095,72.0806,74.8371,-101.058,-1.9629,0.1437,0.1064
1780080239838,1,12.00000015,Lower Delivery,Loading,pitch.0,773152,0.0688,-0.0624,0.0935,-0.0312,-0.0248,0.0052,0.0,0.0
1780080239838,1,12.00000018,Upper Delivery,Loading,pitch.0,774439,0.1603,-0.326,0.4392,-0.0884,-0.0304,-0.0012,0.0,0.0
1780080239838,1,Pitching Mound.Delivery,,Loading,pitch.0,772527,0.2358,-0.3743,0.5281,-0.241,-0.0525,0.0311,0.0,0.0
1780080239838,1,Pitching Mound.Parent,,Loading,pitch.0,771783,2.7408,12.8352,72.6087,74.5961,-101.1105,-1.9318,0.1427,0.104
1780080239839,1,11.0000004b,Drive,Loading,pitch.0,773634,2.5419,13.143,71.5616,74.2217,-100.1237,-2.009,0.1434,0.1063
1780080239839,1,12.00000018,Upper Delivery,Loading,pitch.0,774440,0.1365,-0.3245,0.4721,-0.0884,-0.0304,-0.0012,0.0,0.0
1780080239839,1,Pitching Mound.Delivery,,Loading,pitch.0,772528,0.2054,-0.3869,0.5656,-0.2483,-0.0551,0.027,0.0,0.0
1780080239839,1,Pitching Mound.Drive,,Loading,pitch.0,773634,2.5419,13.143,71.5616,74.2217,-100.1237,-2.009,0.1434,0.1063
1780080239839,1,Pitching Mound.Parent,,Loading,pitch.0,771784,2.7473,12.7561,72.1272,73.9734,-100.1788,-1.982,0.1423,0.1037
1780080239840,1,11.0000004b,Drive,Loading,pitch.0,773635,2.5711,13.0917,71.0609,73.663,-99.3257,-2.0472,0.1433,0.1062
1780080239840,1,12.00000015,Lower Delivery,Loading,pitch.0,773153,0.101,-0.0898,0.1402,-0.0274,-0.0263,0.0063,0.0,0.0
1780080239840,1,12.00000018,Upper Delivery,Loading,pitch.0,774442,0.1374,-0.2465,0.4593,-0.0884,-0.0304,-0.0012,0.0,0.0
1780080239840,1,12.00000018,Upper Delivery,Loading,pitch.0,774441,0.1503,-0.2714,0.4605,-0.0884,-0.0304,-0.0012,0.0,0.0
1780080239840,1,Pitching Mound.Delivery,,Loading,pitch.0,772529,0.2513,-0.3611,0.6007,-0.2246,-0.0567,0.0219,0.0,0.0
1780080239840,1,Pitching Mound.Drive,,Loading,pitch.0,773635,2.5711,13.0917,71.0609,73.663,-99.3257,-2.0472,0.1433,0.1062
1780080239840,1,Pitching Mound.Parent,,Loading,pitch.0,771785,2.8224,12.7305,71.6616,73.4384,-99.3824,-2.0253,0.1421,0.1038
1780080239841,1,11.0000004b,Drive,Loading,pitch.0,773636,2.5879,13.0588,70.7506,73.552,-98.8254,-2.0428,0.1432,0.1066
1780080239841,1,12.00000015,Lower Delivery,Loading,pitch.0,773154,0.1153,-0.1182,0.1779,-0.0318,-0.0337,0.0066,0.0,0.0
1780080239841,1,Pitching Mound.Delivery,,Loading,pitch.0,772530,0.2527,-0.3647,0.6372,-0.2158,-0.064,0.0129,0.0,0.0
1780080239841,1,Pitching Mound.Drive,,Loading,pitch.0,773636,2.5879,13.0588,70.7506,73.552,-98.8254,-2.0428,0.1432,0.1066
1780080239841,1,Pitching Mound.Parent,,Loading,pitch.0,771786,2.8406,12.694,71.3878,73.3362,-98.8894,-2.0299,0.1419,0.1043
1780080239842,1,11.0000004b,Drive,Loading,pitch.0,773637,2.6113,13.002,70.3145,72.9756,-97.9058,-2.0805,0.1427,0.1064
1780080239842,1,11.0000004b,Drive,Loading,pitch.0,773638,2.6498,12.9349,69.6862,72.2751,-96.7313,-2.1338,0.1423,0.1063
1780080239842,1,12.00000015,Lower Delivery,Loading,pitch.0,773155,0.1088,-0.123,0.1731,-0.0316,-0.0327,0.0061,0.0,0.0
1780080239842,1,12.00000018,Upper Delivery,Loading,pitch.0,774443,0.0824,-0.1919,0.3349,-0.0884,-0.0304,-0.0012,0.0,0.0
1780080239842,1,Pitching Mound.Delivery,,Loading,pitch.0,772531,0.1911,-0.3149,0.508,-0.175,-0.0631,-0.0041,0.0,0.0
1780080239842,1,Pitching Mound.Drive,,Loading,pitch.0,773637,2.6113,13.002,70.3145,72.9756,-97.9058,-2.0805,0.1427,0.1064
1780080239842,1,Pitching Mound.Drive,,Loading,pitch.0,773638,2.6498,12.9349,69.6862,72.2751,-96.7313,-2.1338,0.1423,0.1063
1780080239842,1,Pitching Mound.Parent,,Loading,pitch.0,771787,2.8024,12.6871,70.8225,72.8006,-97.9688,-2.0846,0.1417,0.1048
1780080239843,1,12.00000015,Lower Delivery,Loading,pitch.0,773156,0.1275,-0.1301,0.193,-0.0388,-0.0336,0.0053,0.0,0.0
1780080239843,1,12.00000018,Upper Delivery,Loading,pitch.0,774444,0.0718,-0.1759,0.2818,-0.0884,-0.0304,-0.0012,0.0,0.0
1780080239843,1,Pitching Mound.Delivery,,Loading,pitch.0,772532,0.1993,-0.306,0.4748,-0.1574,-0.064,-0.0148,0.0,0.0
1780080239843,1,Pitching Mound.Parent,,Loading,pitch.0,771788,2.8491,12.6289,70.1609,72.1177,-96.7952,-2.1486,0.1413,0.1052
1780080239844,1,11.0000004b,Drive,Loading,pitch.0,773640,2.7297,12.8288,68.9486,71.1178,-94.7924,-2.2164,0.1409,0.1057
1780080239844,1,11.0000004b,Drive,Loading,pitch.0,773639,2.7003,12.875,69.3136,71.5967,-95.7726,-2.1732,0.1416,0.1059
1780080239844,1,12.00000015,Lower Delivery,Loading,pitch.0,773157,0.1425,-0.1582,0.2122,-0.025,-0.0418,0.0041,0.0,0.0
1780080239844,1,12.00000018,Upper Delivery,Loading,pitch.0,774445,0.0783,-0.1799,0.2781,-0.0884,-0.0304,-0.0012,0.0,0.0
1780080239844,1,Pitching Mound.Delivery,,Loading,pitch.0,772533,0.2209,-0.3381,0.4903,-0.1358,-0.0721,-0.019,0.0,0.0
1780080239844,1,Pitching Mound.Drive,,Loading,pitch.0,773640,2.7297,12.8288,68.9486,71.1178,-94.7924,-2.2164,0.1409,0.1057
1780080239844,1,Pitching Mound.Drive,,Loading,pitch.0,773639,2.7003,12.875,69.3136,71.5967,-95.7726,-2.1732,0.1416,0.1059
1780080239844,1,Pitching Mound.Parent,,Loading,pitch.0,771789,2.9212,12.5369,69.804,71.4609,-95.8448,-2.1922,0.1406,0.1048
1780080239845,1,11.0000004b,Drive,Loading,pitch.0,773641,2.7563,12.7621,68.5458,70.4579,-93.8055,-2.2908,0.1403,0.1054
1780080239845,1,12.00000015,Lower Delivery,Loading,pitch.0,773158,0.1604,-0.1582,0.226,-0.0259,-0.0417,0.0027,0.0,0.0
1780080239845,1,12.00000018,Upper Delivery,Loading,pitch.0,774447,0.0751,-0.1717,0.2728,-0.0884,-0.0304,-0.0012,0.0,0.0
1780080239845,1,12.00000018,Upper Delivery,Loading,pitch.0,774446,0.0623,-0.1659,0.2593,-0.0884,-0.0304,-0.0012,0.0,0.0
1780080239845,1,Pitching Mound.Delivery,,Loading,pitch.0,772534,0.2227,-0.3241,0.4853,-0.1256,-0.0721,-0.0319,0.0,0.0
1780080239845,1,Pitching Mound.Drive,,Loading,pitch.0,773641,2.7563,12.7621,68.5458,70.4579,-93.8055,-2.2908,0.1403,0.1054
1780080239845,1,Pitching Mound.Parent,,Loading,pitch.0,771790,2.9524,12.5047,69.4339,70.9923,-94.8645,-2.2483,0.1399,0.1048
1780080239846,1,11.0000004b,Drive,Loading,pitch.0,773642,2.7763,12.7039,68.1752,69.8943,-92.979,-2.2884,0.1398,0.1051
1780080239846,1,12.00000015,Lower Delivery,Loading,pitch.0,773159,0.1574,-0.1344,0.196,-0.0287,-0.0473,0.0027,0.0,0.0
1780080239846,1,12.00000015,Lower Delivery,Loading,pitch.0,773160,0.1705,-0.1523,0.2266,-0.0202,-0.0376,0.0039,0.0,0.0
1780080239846,1,12.00000018,Upper Delivery,Loading,pitch.0,774448,0.0383,-0.1329,0.1462,-0.0884,-0.0304,-0.0012,0.0,0.0
1780080239846,1,Pitching Mound.Delivery,,Loading,pitch.0,772536,0.2088,-0.2853,0.3728,-0.0812,-0.068,-0.0423,0.0,0.0
1780080239846,1,Pitching Mound.Delivery,,Loading,pitch.0,772535,0.2324,-0.3061,0.4688,-0.1432,-0.0776,-0.0265,0.0,0.0
1780080239846,1,Pitching Mound.Drive,,Loading,pitch.0,773642,2.7763,12.7039,68.1752,69.8943,-92.979,-2.2884,0.1398,0.1051
1780080239846,1,Pitching Mound.Parent,,Loading,pitch.0,771792,2.9851,12.4187,68.548,69.813,-93.047,-2.3306,0.139,0.1049
1780080239846,1,Pitching Mound.Parent,,Loading,pitch.0,771791,2.9887,12.4561,69.0146,70.3147,-93.8832,-2.3173,0.1393,0.1043
1780080239847,1,11.0000004b,Drive,Loading,pitch.0,773643,2.8063,12.6462,67.684,69.2538,-91.9814,-2.3581,0.1393,0.1049
1780080239847,1,12.00000015,Lower Delivery,Loading,pitch.0,773161,0.1627,-0.1645,0.2063,-0.0111,-0.0327,0.0021,0.0,0.0
1780080239847,1,12.00000018,Upper Delivery,Loading,pitch.0,774449,0.0618,-0.1623,0.2117,-0.0884,-0.0304,-0.0012,0.0,0.0
1780080239847,1,Pitching Mound.Delivery,,Loading,pitch.0,772537,0.2245,-0.3268,0.418,-0.1013,-0.063,-0.0334,0.0,0.0
1780080239847,1,Pitching Mound.Drive,,Loading,pitch.0,773643,2.8063,12.6462,67.684,69.2538,-91.9814,-2.3581,0.1393,0.1049
1780080239847,1,Pitching Mound.Parent,,Loading,pitch.0,771793,3.0308,12.3194,68.102,69.1525,-92.0445,-2.3915,0.1384,0.1042
1780080239848,1,11.0000004b,Drive,Loading,pitch.0,773644,2.8086,12.5941,67.5298,69.1021,-91.4545,-2.3308,0.1388,0.1049
1780080239848,1,12.00000015,Lower Delivery,Loading,pitch.0,773162,0.1716,-0.1381,0.2171,-0.0093,-0.0299,0.0038,0.0,0.0
1780080239848,1,12.00000018,Upper Delivery,Loading,pitch.0,774450,0.068,-0.1627,0.1887,-0.0884,-0.0304,-0.0012,0.0,0.0
1780080239848,1,Pitching Mound.Delivery,,Loading,pitch.0,772538,0.2396,-0.3008,0.4058,-0.088,-0.0603,-0.0326,0.0,0.0
1780080239848,1,Pitching Mound.Drive,,Loading,pitch.0,773644,2.8086,12.5941,67.5298,69.1021,-91.4545,-2.3308,0.1388,0.1049
1780080239848,1,Pitching Mound.Parent,,Loading,pitch.0,771794,3.0483,12.2932,67.9355,69.0141,-91.5148,-2.3634,0.138,0.1044
1780080239849,1,11.0000004b,Drive,Loading,pitch.0,773645,2.8479,12.5356,66.9681,68.3662,-90.4192,-2.4265,0.1384,0.1046
1780080239849,1,12.00000015,Lower Delivery,Loading,pitch.0,773163,0.1701,-0.1294,0.2044,-0.0099,-0.0279,0.0034,0.0,0.0
1780080239849,1,12.00000018,Upper Delivery,Loading,pitch.0,774451,0.0923,-0.1809,0.2262,-0.0884,-0.0304,-0.0012,0.0,0.0
1780080239849,1,Pitching Mound.Delivery,,Loading,pitch.0,772539,0.2623,-0.3103,0.4306,-0.1057,-0.0583,-0.0243,0.0,0.0
1780080239849,1,Pitching Mound.Drive,,Loading,pitch.0,773645,2.8479,12.5356,66.9681,68.3662,-90.4192,-2.4265,0.1384,0.1046
1780080239849,1,Pitching Mound.Parent,,Loading,pitch.0,771795,3.1102,12.2253,67.3986,68.2604,-90.4775,-2.4508,0.1375,0.1039
1780080239850,1,11.0000004b,Drive,Loading,pitch.0,773646,2.8433,12.4912,66.7914,68.147,-89.9979,-2.4046,0.1381,0.1046
1780080239850,1,12.00000015,Lower Delivery,Loading,pitch.0,773164,0.1959,-0.1423,0.2529,-0.0004,-0.0162,0.0047,0.0,0.0
1780080239850,1,12.00000018,Upper Delivery,Loading,pitch.0,774452,0.1234,-0.2211,0.2854,-0.0884,-0.0304,-0.0012,0.0,0.0
1780080239850,1,Pitching Mound.Delivery,,Loading,pitch.0,772540,0.3193,-0.3633,0.5383,-0.0998,-0.0466,-0.0211,0.0,0.0
1780080239850,1,Pitching Mound.Drive,,Loading,pitch.0,773646,2.8433,12.4912,66.7914,68.147,-89.9979,-2.4046,0.1381,0.1046
1780080239850,1,Pitching Mound.Parent,,Loading,pitch.0,771796,3.1626,12.1278,67.3297,68.0471,-90.0445,-2.4258,0.137,0.1036
1780080239851,1,11.0000004b,Drive,Loading,pitch.0,773647,2.8623,12.4161,66.3372,67.5484,-89.2252,-2.4564,0.1379,0.1044
1780080239851,1,12.00000015,Lower Delivery,Loading,pitch.0,773165,0.1909,-0.1513,0.2586,-0.002,-0.0097,0.006,0.0,0.0
1780080239851,1,12.00000018,Upper Delivery,Loading,pitch.0,774453,0.1606,-0.2519,0.3185,-0.0884,-0.0304,-0.0012,0.0,0.0
1780080239851,1,Pitching Mound.Delivery,,Loading,pitch.0,772541,0.3515,-0.4032,0.5771,-0.1107,-0.04,-0.0055,0.0,0.0
1780080239851,1,Pitching Mound.Drive,,Loading,pitch.0,773647,2.8623,12.4161,66.3372,67.5484,-89.2252,-2.4564,0.1379,0.1044
1780080239851,1,Pitching Mound.Parent,,Loading,pitch.0,771797,3.2138,12.0129,66.9143,67.4377,-89.2652,-2.4618,0.1367,0.1032
1780080239852,1,11.0000004b,Drive,Loading,pitch.0,773648,2.8819,12.3687,66.1421,67.3499,-88.7311,-2.4453,0.1375,0.1044
1780080239852,1,12.00000015,Lower Delivery,Loading,pitch.0,773166,0.2099,-0.1566,0.2924,-0.0022,-0.0128,0.0073,0.0,0.0
1780080239852,1,12.00000018,Upper Delivery,Loading,pitch.0,774454,0.18,-0.2864,0.2087,-0.0884,-0.0304,-0.0012,0.0,0.0
1780080239852,1,Pitching Mound.Delivery,,Loading,pitch.0,772542,0.39,-0.443,0.5011,-0.0621,-0.0432,-0.0041,0.0,0.0
1780080239852,1,Pitching Mound.Drive,,Loading,pitch.0,773648,2.8819,12.3687,66.1421,67.3499,-88.7311,-2.4453,0.1375,0.1044
1780080239852,1,Pitching Mound.Parent,,Loading,pitch.0,771798,3.2719,11.9257,66.6432,67.2878,-88.7742,-2.4494,0.1365,0.104
1780080239853,1,11.0000004b,Drive,Loading,pitch.0,773649,2.9271,12.2987,65.6115,66.6707,-87.9065,-2.5029,0.1373,0.1041
1780080239853,1,12.00000015,Lower Delivery,Loading,pitch.0,773167,0.1959,-0.1645,0.2913,-0.0019,-0.0066,0.0072,0.0,0.0
1780080239853,1,12.00000018,Upper Delivery,Loading,pitch.0,774455,0.1749,-0.368,0.58,-0.0884,-0.0304,-0.0012,0.0,0.0
1780080239853,1,Pitching Mound.Delivery,,Loading,pitch.0,772543,0.3709,-0.5325,0.8713,-0.1884,-0.037,-0.0011,0.0,0.0
1780080239853,1,Pitching Mound.Drive,,Loading,pitch.0,773649,2.9271,12.2987,65.6115,66.6707,-87.9065,-2.5029,0.1373,0.1041
1780080239853,1,Pitching Mound.Parent,,Loading,pitch.0,771799,3.2979,11.7662,66.4828,66.4823,-87.9435,-2.504,0.1355,0.1013
1780080239854,1,11.0000004b,Drive,Loading,pitch.0,773650,2.9415,12.2398,65.196,66.227,-87.1049,-2.5234,0.1369,0.1041
1780080239854,1,12.00000015,Lower Delivery,Loading,pitch.0,773168,0.1979,-0.1786,0.2946,-0.0029,-0.0087,0.0093,0.0,0.0
1780080239854,1,Pitching Mound.Drive,,Loading,pitch.0,773650,2.9415,12.2398,65.196,66.227,-87.1049,-2.5234,0.1369,0.1041
1780080239855,1,11.0000004b,Drive,Loading,pitch.0,773651,2.9654,12.1856,64.7958,65.7377,-86.4996,-2.5446,0.1368,0.104
1780080239855,1,12.00000015,Lower Delivery,Loading,pitch.0,773169,0.1971,-0.1972,0.3112,0.0018,-0.0068,0.0097,0.0,0.0
1780080239855,1,12.00000018,Upper Delivery,Loading,pitch.0,774457,0.1691,-0.2947,0.4585,-0.0884,-0.0304,-0.0012,0.0,0.0
1780080239855,1,12.00000018,Upper Delivery,Loading,pitch.0,774456,0.1675,-0.3173,0.3756,-0.0884,-0.0304,-0.0012,0.0,0.0
1780080239855,1,Pitching Mound.Delivery,,Loading,pitch.0,772544,0.3654,-0.4959,0.6702,-0.1188,-0.0391,-0.0022,0.0,0.0
1780080239855,1,Pitching Mound.Delivery,,Loading,pitch.0,772545,0.3662,-0.4919,0.7697,-0.1366,-0.0372,-0.001,0.0,0.0
1780080239855,1,Pitching Mound.Drive,,Loading,pitch.0,773651,2.9654,12.1856,64.7958,65.7377,-86.4996,-2.5446,0.1368,0.104
1780080239855,1,Pitching Mound.Parent,,Loading,pitch.0,771800,3.3069,11.7438,65.8661,66.1082,-87.144,-2.5256,0.1355,0.1026
1780080239855,1,Pitching Mound.Parent,,Loading,pitch.0,771801,3.3316,11.6937,65.5655,65.6011,-86.5368,-2.5457,0.1352,0.102
1780080239856,1,11.0000004b,Drive,Loading,pitch.0,773652,2.9856,12.1445,64.4401,65.3609,-85.7068,-2.5543,0.1363,0.104
1780080239856,1,12.00000015,Lower Delivery,Loading,pitch.0,773170,0.1978,-0.237,0.3358,-0.0096,-0.0144,0.0072,0.0,0.0
1780080239856,1,Pitching Mound.Drive,,Loading,pitch.0,773652,2.9856,12.1445,64.4401,65.3609,-85.7068,-2.5543,0.1363,0.104
1780080239857,1,11.0000004b,Drive,Loading,pitch.0,773653,3.0176,12.0911,64.0388,64.8897,-85.0677,-2.595,0.1362,0.1039
1780080239857,1,12.00000015,Lower Delivery,Loading,pitch.0,773171,0.2109,-0.2413,0.3716,-0.0022,-0.0134,0.0076,0.0,0.0
1780080239857,1,12.00000018,Upper Delivery,Loading,pitch.0,774458,0.179,-0.3104,0.4956,-0.0884,-0.0304,-0.0012,0.0,0.0
1780080239857,1,12.00000018,Upper Delivery,Loading,pitch.0,774459,0.1619,-0.3446,0.4504,-0.0884,-0.0304,-0.0012,0.0,0.0
1780080239857,1,Pitching Mound.Delivery,,Loading,pitch.0,772547,0.3728,-0.5859,0.8219,-0.1174,-0.0437,-0.0102,0.0,0.0
1780080239857,1,Pitching Mound.Delivery,,Loading,pitch.0,772546,0.3769,-0.5475,0.8314,-0.1523,-0.0447,-0.0004,0.0,0.0
1780080239857,1,Pitching Mound.Drive,,Loading,pitch.0,773653,3.0176,12.0911,64.0388,64.8897,-85.0677,-2.595,0.1362,0.1039
1780080239857,1,Pitching Mound.Parent,,Loading,pitch.0,771803,3.3904,11.5052,64.8607,64.7724,-85.1115,-2.6052,0.1344,0.1021
1780080239857,1,Pitching Mound.Parent,,Loading,pitch.0,771802,3.3624,11.5971,65.2715,65.2086,-85.7515,-2.5547,0.1346,0.1018
1780080239858,1,11.0000004b,Drive,Loading,pitch.0,773654,3.0418,12.0311,63.6864,64.455,-84.2744,-2.5954,0.1356,0.1037
1780080239858,1,12.00000015,Lower Delivery,Loading,pitch.0,773172,0.2222,-0.2552,0.3867,-0.0104,-0.0123,0.0084,0.0,0.0
1780080239858,1,Pitching Mound.Drive,,Loading,pitch.0,773654,3.0418,12.0311,63.6864,64.455,-84.2744,-2.5954,0.1356,0.1037
1780080239859,1,11.0000004b,Drive,Loading,pitch.0,773655,3.0933,11.9626,63.0321,63.4815,-83.3272,-2.6931,0.1355,0.1032
1780080239859,1,12.00000015,Lower Delivery,Loading,pitch.0,773173,0.2267,-0.2829,0.3672,-0.0072,-0.0086,0.0074,0.0,0.0
1780080239859,1,12.00000018,Upper Delivery,Loading,pitch.0,774460,0.1763,-0.3066,0.518,-0.0884,-0.0304,-0.0012,0.0,0.0
1780080239859,1,12.00000018,Upper Delivery,Loading,pitch.0,774461,0.1379,-0.2711,0.4223,-0.0884,-0.0304,-0.0012,0.0,0.0
1780080239859,1,Pitching Mound.Delivery,,Loading,pitch.0,772549,0.3646,-0.5541,0.7894,-0.1143,-0.039,-0.024,0.0,0.0
1780080239859,1,Pitching Mound.Delivery,,Loading,pitch.0,772548,0.3985,-0.5618,0.9046,-0.1434,-0.0427,-0.0084,0.0,0.0
1780080239859,1,Pitching Mound.Drive,,Loading,pitch.0,773655,3.0933,11.9626,63.0321,63.4815,-83.3272,-2.6931,0.1355,0.1032
1780080239859,1,Pitching Mound.Parent,,Loading,pitch.0,771805,3.4579,11.4086,63.8216,63.3672,-83.3661,-2.7171,0.1338,0.1017
1780080239859,1,Pitching Mound.Parent,,Loading,pitch.0,771804,3.4403,11.4694,64.5911,64.3116,-84.3171,-2.6038,0.1337,0.1016
1780080239860,1,11.0000004b,Drive,Loading,pitch.0,773656,3.1133,11.9082,62.7342,62.9747,-82.686,-2.7169,0.1351,0.1029
1780080239860,1,12.00000015,Lower Delivery,Loading,pitch.0,773174,0.2449,-0.289,0.3955,-0.0005,-0.0035,0.0103,0.0,0.0
1780080239860,1,12.00000018,Upper Delivery,Loading,pitch.0,774462,0.0951,-0.2332,0.3184,-0.0884,-0.0304,-0.0012,0.0,0.0
1780080239860,1,Pitching Mound.Delivery,,Loading,pitch.0,772550,0.3401,-0.5222,0.7139,-0.0626,-0.0338,-0.0419,0.0,0.0
1780080239860,1,Pitching Mound.Drive,,Loading,pitch.0,773656,3.1133,11.9082,62.7342,62.9747,-82.686,-2.7169,0.1351,0.1029
1780080239860,1,Pitching Mound.Parent,,Loading,pitch.0,771806,3.4534,11.386,63.4481,62.912,-82.7198,-2.7588,0.1336,0.1021
1780080239861,1,11.0000004b,Drive,Loading,pitch.0,773657,3.1261,11.8778,62.5169,62.8361,-82.2008,-2.6878,0.1348,0.103
1780080239861,1,12.00000015,Lower Delivery,Loading,pitch.0,773175,0.2061,-0.2622,0.3213,-0.0134,-0.0161,0.0089,0.0,0.0
1780080239861,1,Pitching Mound.Drive,,Loading,pitch.0,773657,3.1261,11.8778,62.5169,62.8361,-82.2008,-2.6878,0.1348,0.103
1780080239862,1,11.0000004b,Drive,Loading,pitch.0,773658,3.1438,11.8397,62.3196,62.5706,-81.7072,-2.7262,0.1344,0.1029
1780080239862,1,12.00000015,Lower Delivery,Loading,pitch.0,773176,0.2137,-0.2677,0.3413,-0.0013,-0.0079,0.0066,0.0,0.0
1780080239862,1,12.00000018,Upper Delivery,Loading,pitch.0,774463,0.0939,-0.2239,0.307,-0.0884,-0.0304,-0.0012,0.0,0.0
1780080239862,1,12.00000018,Upper Delivery,Loading,pitch.0,774464,0.0829,-0.2137,0.2704,-0.0884,-0.0304,-0.0012,0.0,0.0
1780080239862,1,Pitching Mound.Delivery,,Loading,pitch.0,772551,0.3,-0.4861,0.6283,-0.0969,-0.0465,-0.0305,0.0,0.0
1780080239862,1,Pitching Mound.Delivery,,Loading,pitch.0,772552,0.2966,-0.4814,0.6117,-0.0655,-0.0382,-0.0391,0.0,0.0
1780080239862,1,Pitching Mound.Drive,,Loading,pitch.0,773658,3.1438,11.8397,62.3196,62.5706,-81.7072,-2.7262,0.1344,0.1029
1780080239862,1,Pitching Mound.Parent,,Loading,pitch.0,771807,3.4262,11.3917,63.1451,62.7392,-82.2473,-2.7183,0.1334,0.1021
1780080239862,1,Pitching Mound.Parent,,Loading,pitch.0,771808,3.4404,11.3583,62.9313,62.5051,-81.7454,-2.7653,0.1331,0.1023
1780080239863,1,11.0000004b,Drive,Loading,pitch.0,773659,3.1459,11.7855,61.8808,61.9678,-81.0033,-2.7435,0.1342,0.1026
1780080239863,1,12.00000015,Lower Delivery,Loading,pitch.0,773177,0.203,-0.2789,0.3189,-0.0058,-0.0098,0.0064,0.0,0.0
1780080239863,1,12.00000018,Upper Delivery,Loading,pitch.0,774465,0.082,-0.2102,0.2507,-0.0884,-0.0304,-0.0012,0.0,0.0
1780080239863,1,Pitching Mound.Delivery,,Loading,pitch.0,772553,0.285,-0.4891,0.5696,-0.0709,-0.0401,-0.0359,0.0,0.0
1780080239863,1,Pitching Mound.Drive,,Loading,pitch.0,773659,3.1459,11.7855,61.8808,61.9678,-81.0033,-2.7435,0.1342,0.1026
1780080239863,1,Pitching Mound.Parent,,Loading,pitch.0,771809,3.4309,11.2964,62.4504,61.8968,-81.0435,-2.7794,0.1329,0.1021
1780080239864,1,11.0000004b,Drive,Loading,pitch.0,773660,3.1503,11.7389,61.7482,61.8223,-80.5296,-2.7418,0.1337,0.1026
1780080239864,1,12.00000015,Lower Delivery,Loading,pitch.0,773178,0.224,-0.261,0.3257,-0.0017,-0.0064,0.0065,0.0,0.0
1780080239864,1,12.00000018,Upper Delivery,Loading,pitch.0,774466,0.0585,-0.192,0.1974,-0.0884,-0.0304,-0.0012,0.0,0.0
1780080239864,1,Pitching Mound.Delivery,,Loading,pitch.0,772554,0.2825,-0.453,0.5231,-0.0464,-0.0368,-0.051,0.0,0.0
1780080239864,1,Pitching Mound.Drive,,Loading,pitch.0,773660,3.1503,11.7389,61.7482,61.8223,-80.5296,-2.7418,0.1337,0.1026
1780080239864,1,Pitching Mound.Parent,,Loading,pitch.0,771810,3.4328,11.2859,62.2713,61.7759,-80.5663,-2.7928,0.1325,0.1025
1780080239865,1,11.0000004b,Drive,Loading,pitch.0,773661,3.1824,11.6713,61.187,61.1398,-79.6328,-2.8206,0.1334,0.1024
1780080239865,1,12.00000015,Lower Delivery,Loading,pitch.0,773179,0.2163,-0.2381,0.2847,0.0069,-0.0012,0.0073,0.0,0.0
1780080239865,1,12.00000018,Upper Delivery,Loading,pitch.0,774467,0.0774,-0.1921,0.2306,-0.0884,-0.0304,-0.0012,0.0,0.0
1780080239865,1,Pitching Mound.Delivery,,Loading,pitch.0,772555,0.2937,-0.4302,0.5153,-0.0631,-0.0315,-0.0411,0.0,0.0
1780080239865,1,Pitching Mound.Drive,,Loading,pitch.0,773661,3.1824,11.6713,61.187,61.1398,-79.6328,-2.8206,0.1334,0.1024
1780080239865,1,Pitching Mound.Parent,,Loading,pitch.0,771811,3.4761,11.2412,61.7023,61.0768,-79.6644,-2.8617,0.1323,0.1019
1780080239866,1,11.0000004b,Drive,Loading,pitch.0,773662,3.1952,11.6312,60.9337,60.8494,-79.0091,-2.7792,0.1329,0.1024
1780080239866,1,12.00000015,Lower Delivery,Loading,pitch.0,773180,0.1965,-0.2097,0.2597,0.0145,0.0047,0.0081,0.0,0.0
1780080239866,1,12.00000018,Upper Delivery,Loading,pitch.0,774468,0.0616,-0.1879,0.1973,-0.0884,-0.0304,-0.0012,0.0,0.0
1780080239866,1,Pitching Mound.Delivery,,Loading,pitch.0,772556,0.2581,-0.3977,0.4571,-0.0526,-0.0257,-0.039,0.0,0.0
1780080239866,1,Pitching Mound.Drive,,Loading,pitch.0,773662,3.1952,11.6312,60.9337,60.8494,-79.0091,-2.7792,0.1329,0.1024
1780080239866,1,Pitching Mound.Parent,,Loading,pitch.0,771812,3.4533,11.2336,61.3908,60.7968,-79.0348,-2.8182,0.1319,0.1019
1780080239867,1,11.0000004b,Drive,Loading,pitch.0,773663,3.2273,11.551,60.5063,60.1582,-78.2782,-2.8471,0.1326,0.1019
1780080239867,1,12.00000015,Lower Delivery,Loading,pitch.0,773181,0.209,-0.2019,0.2073,0.017,0.008,0.0085,0.0,0.0
1780080239867,1,12.00000018,Upper Delivery,Loading,pitch.0,774469,0.0897,-0.2044,0.2735,-0.0884,-0.0304,-0.0012,0.0,0.0
1780080239867,1,Pitching Mound.Delivery,,Loading,pitch.0,772557,0.2987,-0.4063,0.4808,-0.0939,-0.0223,-0.0333,0.0,0.0
1780080239867,1,Pitching Mound.Drive,,Loading,pitch.0,773663,3.2273,11.551,60.5063,60.1582,-78.2782,-2.8471,0.1326,0.1019
1780080239867,1,Pitching Mound.Parent,,Loading,pitch.0,771813,3.526,11.1447,60.9871,60.0643,-78.3006,-2.8803,0.1316,0.1007
1780080239868,1,11.0000004b,Drive,Loading,pitch.0,773664,3.2567,11.5024,60.0641,59.5888,-77.4606,-2.9,0.1322,0.1017
1780080239868,1,12.00000015,Lower Delivery,Loading,pitch.0,773182,0.1732,-0.1757,0.1613,0.0059,0.0054,0.0112,0.0,0.0
1780080239868,1,12.00000018,Upper Delivery,Loading,pitch.0,774470,0.095,-0.2173,0.2947,-0.0884,-0.0304,-0.0012,0.0,0.0
1780080239868,1,Pitching Mound.Delivery,,Loading,pitch.0,772558,0.2682,-0.3931,0.456,-0.1278,-0.025,-0.0166,0.0,0.0
1780080239868,1,Pitching Mound.Drive,,Loading,pitch.0,773664,3.2567,11.5024,60.0641,59.5888,-77.4606,-2.9,0.1322,0.1017
1780080239868,1,Pitching Mound.Parent,,Loading,pitch.0,771814,3.5249,11.1093,60.5201,59.461,-77.4855,-2.9167,0.1312,0.1002
1780080239869,1,11.0000004b,Drive,Loading,pitch.0,773665,3.2638,11.4583,59.8515,59.334,-76.9507,-2.905,0.1318,0.1016
1780080239869,1,12.00000015,Lower Delivery,Loading,pitch.0,773183,0.1438,-0.1606,0.1147,0.0093,0.0032,0.0091,0.0,0.0
1780080239869,1,12.00000018,Upper Delivery,Loading,pitch.0,774471,0.0951,-0.2236,0.305,-0.0884,-0.0304,-0.0012,0.0,0.0
1780080239869,1,Pitching Mound.Delivery,,Loading,pitch.0,772559,0.2388,-0.3842,0.4197,-0.1437,-0.0271,-0.0087,0.0,0.0
1780080239869,1,Pitching Mound.Drive,,Loading,pitch.0,773665,3.2638,11.4583,59.8515,59.334,-76.9507,-2.905,0.1318,0.1016
1780080239869,1,Pitching Mound.Parent,,Loading,pitch.0,771815,3.5026,11.0741,60.2712,59.1903,-76.9778,-2.9136,0.1309,0.0998
1780080239870,1,11.0000004b,Drive,Loading,pitch.0,773666,3.2644,11.424,59.6893,59.173,-76.4949,-2.8801,0.1314,0.1016
1780080239870,1,12.00000015,Lower Delivery,Loading,pitch.0,773184,0.1701,-0.1621,0.2007,0.0037,0.0013,0.0085,0.0,0.0
1780080239870,1,12.00000018,Upper Delivery,Loading,pitch.0,774472,0.1187,-0.2469,0.3674,-0.0884,-0.0304,-0.0012,0.0,0.0
1780080239870,1,Pitching Mound.Delivery,,Loading,pitch.0,772560,0.2888,-0.409,0.5681,-0.1414,-0.0291,-0.0101,0.0,0.0
1780080239870,1,Pitching Mound.Drive,,Loading,pitch.0,773666,3.2644,11.424,59.6893,59.173,-76.4949,-2.8801,0.1314,0.1016
1780080239870,1,Pitching Mound.Parent,,Loading,pitch.0,771816,3.5532,11.015,60.2574,59.0316,-76.5239,-2.8902,0.1301,0.0997
1780080239871,1,11.0000004b,Drive,Loading,pitch.0,773667,3.2789,11.3573,59.361,58.7419,-75.8405,-2.8757,0.1309,0.1014
1780080239871,1,12.00000015,Lower Delivery,Loading,pitch.0,773185,0.1645,-0.1661,0.1883,-0.003,0.0012,0.0077,0.0,0.0
1780080239871,1,12.00000018,Upper Delivery,Loading,pitch.0,774473,0.0995,-0.2473,0.3633,-0.0884,-0.0304,-0.0012,0.0,0.0
1780080239871,1,Pitching Mound.Delivery,,Loading,pitch.0,772561,0.264,-0.4134,0.5516,-0.1508,-0.0291,-0.0156,0.0,0.0
1780080239871,1,Pitching Mound.Drive,,Loading,pitch.0,773667,3.2789,11.3573,59.361,58.7419,-75.8405,-2.8757,0.1309,0.1014
1780080239871,1,Pitching Mound.Parent,,Loading,pitch.0,771817,3.5429,10.9439,59.9126,58.5911,-75.8697,-2.8913,0.1297,0.0995
1780080239872,1,11.0000004b,Drive,Loading,pitch.0,773668,3.2926,11.3029,58.8969,58.2416,-75.1556,-2.8909,0.1308,0.1014
1780080239872,1,12.00000015,Lower Delivery,Loading,pitch.0,773186,0.1935,-0.1783,0.2167,0.008,-0.0131,0.0052,0.0,0.0
1780080239872,1,12.00000018,Upper Delivery,Loading,pitch.0,774474,0.1107,-0.2574,0.3852,-0.0884,-0.0304,-0.0012,0.0,0.0
1780080239872,1,Pitching Mound.Delivery,,Loading,pitch.0,772562,0.3043,-0.4357,0.602,-0.1377,-0.0434,-0.0242,0.0,0.0
1780080239872,1,Pitching Mound.Drive,,Loading,pitch.0,773668,3.2926,11.3029,58.8969,58.2416,-75.1556,-2.8909,0.1308,0.1014
1780080239872,1,Pitching Mound.Parent,,Loading,pitch.0,771818,3.5968,10.8671,59.4988,58.104,-75.1991,-2.915,0.1295,0.0994
1780080239873,1,11.0000004b,Drive,Loading,pitch.0,773669,3.2954,11.2351,58.5512,57.8541,-74.4831,-2.9037,0.1304,0.1013
1780080239873,1,12.00000015,Lower Delivery,Loading,pitch.0,773187,0.2038,-0.1674,0.2594,0.0077,-0.0173,0.0048,0.0,0.0
1780080239873,1,12.00000018,Upper Delivery,Loading,pitch.0,774475,0.1174,-0.2654,0.4178,-0.0884,-0.0304,-0.0012,0.0,0.0
1780080239873,1,Pitching Mound.Delivery,,Loading,pitch.0,772563,0.3212,-0.4328,0.6772,-0.1346,-0.0476,-0.0258,0.0,0.0
1780080239873,1,Pitching Mound.Drive,,Loading,pitch.0,773669,3.2954,11.2351,58.5512,57.8541,-74.4831,-2.9037,0.1304,0.1013
1780080239873,1,Pitching Mound.Parent,,Loading,pitch.0,771819,3.6166,10.8022,59.2284,57.7195,-74.5307,-2.9295,0.1289,0.0992
1780080239874,1,11.0000004b,Drive,Loading,pitch.0,773670,3.2996,11.192,58.3927,57.7059,-74.1269,-2.8695,0.1301,0.1013
1780080239874,1,12.00000015,Lower Delivery,Loading,pitch.0,773188,0.2004,-0.1623,0.2447,0.0153,-0.0148,0.0059,0.0,0.0
1780080239874,1,12.00000018,Upper Delivery,Loading,pitch.0,774476,0.1243,-0.2789,0.4227,-0.0884,-0.0304,-0.0012,0.0,0.0
1780080239874,1,Pitching Mound.Delivery,,Loading,pitch.0,772564,0.3247,-0.4412,0.6673,-0.1335,-0.0452,-0.0212,0.0,0.0
1780080239874,1,Pitching Mound.Drive,,Loading,pitch.0,773670,3.2996,11.192,58.3927,57.7059,-74.1269,-2.8695,0.1301,0.1013
1780080239874,1,Pitching Mound.Parent,,Loading,pitch.0,771820,3.6243,10.7508,59.0601,57.5724,-74.1721,-2.8907,0.1286,0.0991
1780080239875,1,11.0000004b,Drive,Loading,pitch.0,773671,3.296,11.1379,57.9216,57.1683,-73.3528,-2.8921,0.1298,0.1012
1780080239875,1,12.00000015,Lower Delivery,Loading,pitch.0,773189,0.1798,-0.1428,0.2336,-0.01,-0.027,0.0065,0.0,0.0
1780080239875,1,12.00000018,Upper Delivery,Loading,pitch.0,774477,0.1287,-0.2787,0.4238,-0.0884,-0.0304,-0.0012,0.0,0.0
1780080239875,1,Pitching Mound.Delivery,,Loading,pitch.0,772565,0.3085,-0.4215,0.6574,-0.163,-0.0574,-0.0121,0.0,0.0
1780080239875,1,Pitching Mound.Drive,,Loading,pitch.0,773671,3.296,11.1379,57.9216,57.1683,-73.3528,-2.8921,0.1298,0.1012
1780080239875,1,Pitching Mound.Parent,,Loading,pitch.0,771821,3.6045,10.7164,58.579,57.0053,-73.4102,-2.9042,0.1283,0.0989
1780080239876,1,11.0000004b,Drive,Loading,pitch.0,773672,3.3034,11.0853,57.515,56.7242,-72.6988,-2.9182,0.1296,0.1011
1780080239876,1,12.00000015,Lower Delivery,Loading,pitch.0,773190,0.2139,-0.1569,0.2767,-0.0185,-0.0379,0.0057,0.0,0.0
1780080239876,1,12.00000018,Upper Delivery,Loading,pitch.0,774478,0.1405,-0.2824,0.3678,-0.0884,-0.0304,-0.0012,0.0,0.0
1780080239876,1,Pitching Mound.Delivery,,Loading,pitch.0,772566,0.3545,-0.4392,0.6445,-0.1379,-0.0682,-0.0205,0.0,0.0
1780080239876,1,Pitching Mound.Drive,,Loading,pitch.0,773672,3.3034,11.0853,57.515,56.7242,-72.6988,-2.9182,0.1296,0.1011
1780080239876,1,Pitching Mound.Parent,,Loading,pitch.0,771822,3.6579,10.6461,58.1595,56.5862,-72.767,-2.9386,0.1281,0.0994
1780080239877,1,11.0000004b,Drive,Loading,pitch.0,773673,3.3028,11.016,56.9744,56.0751,-71.9826,-2.9922,0.1295,0.1009
1780080239877,1,12.00000015,Lower Delivery,Loading,pitch.0,773191,0.2017,-0.1406,0.2492,-0.0106,-0.0383,0.0064,0.0,0.0
1780080239877,1,12.00000018,Upper Delivery,Loading,pitch.0,774479,0.1265,-0.2691,0.3291,-0.0884,-0.0304,-0.0012,0.0,0.0
1780080239877,1,Pitching Mound.Delivery,,Loading,pitch.0,772567,0.3282,-0.4097,0.5782,-0.1262,-0.0687,-0.0204,0.0,0.0
1780080239877,1,Pitching Mound.Drive,,Loading,pitch.0,773673,3.3028,11.016,56.9744,56.0751,-71.9826,-2.9922,0.1295,0.1009
1780080239877,1,Pitching Mound.Parent,,Loading,pitch.0,771823,3.631,10.6063,57.5526,55.9489,-72.0513,-3.0126,0.1282,0.0994
1780080239878,1,11.0000004b,Drive,Loading,pitch.0,773674,3.3193,10.9313,56.4798,55.4999,-71.2434,-3.0052,0.1293,0.1007
1780080239878,1,12.00000015,Lower Delivery,Loading,pitch.0,773192,0.1955,-0.1182,0.2244,-0.0119,-0.04,0.0085,0.0,0.0
1780080239878,1,12.00000018,Upper Delivery,Loading,pitch.0,774480,0.1378,-0.2697,0.3412,-0.0884,-0.0304,-0.0012,0.0,0.0
1780080239878,1,Pitching Mound.Delivery,,Loading,pitch.0,772568,0.3334,-0.3879,0.5655,-0.14,-0.0704,-0.0123,0.0,0.0
1780080239878,1,Pitching Mound.Drive,,Loading,pitch.0,773674,3.3193,10.9313,56.4798,55.4999,-71.2434,-3.0052,0.1293,0.1007
1780080239878,1,Pitching Mound.Parent,,Loading,pitch.0,771824,3.6526,10.5434,57.0453,55.3599,-71.3138,-3.0175,0.128,0.099
1780080239879,1,11.0000004b,Drive,Loading,pitch.0,773675,3.2884,10.905,56.3583,55.5502,-70.7854,-2.9148,0.1287,0.101
1780080239879,1,12.00000015,Lower Delivery,Loading,pitch.0,773193,0.1767,-0.1288,0.2096,-0.0089,-0.0394,0.0084,0.0,0.0
1780080239879,1,12.00000018,Upper Delivery,Loading,pitch.0,774481,0.1015,-0.2258,0.3116,-0.0884,-0.0304,-0.0012,0.0,0.0
1780080239879,1,Pitching Mound.Delivery,,Loading,pitch.0,772569,0.2782,-0.3547,0.5212,-0.1319,-0.0698,-0.0184,0.0,0.0
1780080239879,1,Pitching Mound.Drive,,Loading,pitch.0,773675,3.2884,10.905,56.3583,55.5502,-70.7854,-2.9148,0.1287,0.101
1780080239879,1,Pitching Mound.Parent,,Loading,pitch.0,771825,3.5666,10.5503,56.8795,55.4182,-70.8552,-2.9332,0.1276,0.0995
1780080239880,1,11.0000004b,Drive,Loading,pitch.0,773676,3.2657,10.8463,55.9975,55.0874,-70.118,-2.9341,0.1283,0.1008
1780080239880,1,12.00000015,Lower Delivery,Loading,pitch.0,773194,0.1615,-0.1012,0.1983,-0.0102,-0.0373,0.01,0.0,0.0
1780080239880,1,12.00000018,Upper Delivery,Loading,pitch.0,774482,0.1267,-0.2428,0.2844,-0.0884,-0.0304,-0.0012,0.0,0.0
1780080239880,1,Pitching Mound.Delivery,,Loading,pitch.0,772570,0.2883,-0.344,0.4827,-0.1279,-0.0677,-0.003,0.0,0.0
1780080239880,1,Pitching Mound.Drive,,Loading,pitch.0,773676,3.2657,10.8463,55.9975,55.0874,-70.118,-2.9341,0.1283,0.1008
1780080239880,1,Pitching Mound.Parent,,Loading,pitch.0,771826,3.554,10.5023,56.4801,54.9595,-70.1857,-2.9371,0.1272,0.0994
1780080239881,1,11.0000004b,Drive,Loading,pitch.0,773677,3.2782,10.7615,55.37,54.3265,-69.1032,-2.9154,0.1279,0.1006
1780080239881,1,12.00000015,Lower Delivery,Loading,pitch.0,773195,0.164,-0.0944,0.2039,-0.0063,-0.0376,0.0135,0.0,0.0
1780080239881,1,12.00000018,Upper Delivery,Loading,pitch.0,774483,0.105,-0.2131,0.1782,-0.0884,-0.0304,-0.0012,0.0,0.0
1780080239881,1,Pitching Mound.Delivery,,Loading,pitch.0,772571,0.2691,-0.3075,0.3821,-0.086,-0.0679,-0.0078,0.0,0.0
1780080239881,1,Pitching Mound.Drive,,Loading,pitch.0,773677,3.2782,10.7615,55.37,54.3265,-69.1032,-2.9154,0.1279,0.1006
1780080239881,1,Pitching Mound.Parent,,Loading,pitch.0,771827,3.5473,10.454,55.7521,54.2405,-69.1711,-2.9232,0.127,0.1
1780080239882,1,11.0000004b,Drive,Loading,pitch.0,773678,3.2701,10.7044,55.059,53.8464,-68.5475,-2.9184,0.1276,0.1002
1780080239882,1,12.00000015,Lower Delivery,Loading,pitch.0,773196,0.1611,-0.0995,0.2099,0.0037,-0.029,0.0145,0.0,0.0
1780080239882,1,12.00000018,Upper Delivery,Loading,pitch.0,774484,0.1322,-0.2401,0.2746,-0.0884,-0.0304,-0.0012,0.0,0.0
1780080239882,1,Pitching Mound.Delivery,,Loading,pitch.0,772572,0.2934,-0.3396,0.4845,-0.1067,-0.0594,0.0035,0.0,0.0
1780080239882,1,Pitching Mound.Drive,,Loading,pitch.0,773678,3.2701,10.7044,55.059,53.8464,-68.5475,-2.9184,0.1276,0.1002
1780080239882,1,Pitching Mound.Parent,,Loading,pitch.0,771828,3.5635,10.3648,55.5434,53.7398,-68.6068,-2.9149,0.1265,0.099
1780080239883,1,11.0000004b,Drive,Loading,pitch.0,773679,3.2537,10.6579,54.8372,53.6265,-68.1751,-2.8991,0.1274,0.1002
1780080239883,1,12.00000015,Lower Delivery,Loading,pitch.0,773197,0.1742,-0.1058,0.2393,0.0226,-0.0197,0.0168,0.0,0.0
1780080239883,1,12.00000018,Upper Delivery,Loading,pitch.0,774485,0.1435,-0.2593,0.3021,-0.0884,-0.0304,-0.0012,0.0,0.0
1780080239883,1,Pitching Mound.Delivery,,Loading,pitch.0,772573,0.3177,-0.3651,0.5414,-0.0871,-0.0501,0.0052,0.0,0.0
1780080239883,1,Pitching Mound.Drive,,Loading,pitch.0,773679,3.2537,10.6579,54.8372,53.6265,-68.1751,-2.8991,0.1274,0.1002
1780080239883,1,Pitching Mound.Parent,,Loading,pitch.0,771829,3.5714,10.2928,55.3786,53.5394,-68.2252,-2.894,0.1262,0.0989
1780080239884,1,11.0000004b,Drive,Loading,pitch.0,773680,3.2246,10.5901,54.4979,53.1369,-67.5537,-2.8555,0.127,0.0999
1780080239884,1,12.00000015,Lower Delivery,Loading,pitch.0,773198,0.1781,-0.1018,0.2475,0.0305,-0.0185,0.0138,0.0,0.0
1780080239884,1,12.00000018,Upper Delivery,Loading,pitch.0,774486,0.1839,-0.3007,0.2988,-0.0884,-0.0304,-0.0012,0.0,0.0
1780080239884,1,Pitching Mound.Delivery,,Loading,pitch.0,772574,0.362,-0.4025,0.5464,-0.0753,-0.0488,0.0145,0.0,0.0
1780080239884,1,Pitching Mound.Drive,,Loading,pitch.0,773680,3.2246,10.5901,54.4979,53.1369,-67.5537,-2.8555,0.127,0.0999
1780080239884,1,Pitching Mound.Parent,,Loading,pitch.0,771830,3.5866,10.1876,55.0443,53.0616,-67.6025,-2.8409,0.1258,0.0986
1780080239885,1,11.0000004b,Drive,Loading,pitch.0,773681,3.2114,10.5234,53.9589,52.4945,-66.7939,-2.8871,0.1269,0.0997
1780080239885,1,12.00000015,Lower Delivery,Loading,pitch.0,773199,0.164,-0.1122,0.2189,0.0379,-0.0209,0.01,0.0,0.0
1780080239885,1,12.00000018,Upper Delivery,Loading,pitch.0,774487,0.1515,-0.2681,0.2102,-0.0884,-0.0304,-0.0012,0.0,0.0
1780080239885,1,Pitching Mound.Delivery,,Loading,pitch.0,772575,0.3155,-0.3803,0.4292,-0.0475,-0.0513,0.0045,0.0,0.0
1780080239885,1,Pitching Mound.Drive,,Loading,pitch.0,773681,3.2114,10.5234,53.9589,52.4945,-66.7939,-2.8871,0.1269,0.0997
1780080239885,1,Pitching Mound.Parent,,Loading,pitch.0,771831,3.5269,10.1431,54.388,52.4471,-66.8452,-2.8825,0.1259,0.099
1780080239886,1,11.0000004b,Drive,Loading,pitch.0,773682,3.1808,10.4549,53.5596,52.0673,-66.2269,-2.8477,0.1267,0.0996
1780080239886,1,12.00000015,Lower Delivery,Loading,pitch.0,773200,0.1818,-0.1189,0.2634,0.0504,-0.0149,0.0091,0.0,0.0
1780080239886,1,12.00000018,Upper Delivery,Loading,pitch.0,774488,0.1773,-0.2983,0.2694,-0.0884,-0.0304,-0.0012,0.0,0.0
1780080239886,1,Pitching Mound.Delivery,,Loading,pitch.0,772576,0.3591,-0.4172,0.5329,-0.04,-0.0452,0.0064,0.0,0.0
1780080239886,1,Pitching Mound.Drive,,Loading,pitch.0,773682,3.1808,10.4549,53.5596,52.0673,-66.2269,-2.8477,0.1267,0.0996
1780080239886,1,Pitching Mound.Parent,,Loading,pitch.0,771832,3.5399,10.0377,54.0925,52.0273,-66.2721,-2.8413,0.1255,0.0986
1780080239887,1,11.0000004b,Drive,Loading,pitch.0,773683,3.1399,10.403,53.3224,51.8823,-65.8279,-2.7647,0.1265,0.0997
1780080239887,1,12.00000015,Lower Delivery,Loading,pitch.0,773201,0.1747,-0.1248,0.2712,0.0501,-0.0143,0.0071,0.0,0.0
1780080239887,1,12.00000018,Upper Delivery,Loading,pitch.0,774489,0.2004,-0.3268,0.3472,-0.0884,-0.0304,-0.0012,0.0,0.0
1780080239887,1,Pitching Mound.Delivery,,Loading,pitch.0,772577,0.3751,-0.4517,0.6184,-0.064,-0.0447,0.0146,0.0,0.0
1780080239887,1,Pitching Mound.Drive,,Loading,pitch.0,773683,3.1399,10.403,53.3224,51.8823,-65.8279,-2.7647,0.1265,0.0997
1780080239887,1,Pitching Mound.Parent,,Loading,pitch.0,771833,3.515,9.9514,53.9408,51.8183,-65.8726,-2.75,0.1251,0.0981
1780080239888,1,11.0000004b,Drive,Loading,pitch.0,773684,3.1117,10.3184,52.7271,51.0302,-65.0367,-2.8152,0.1264,0.0992
1780080239888,1,12.00000015,Lower Delivery,Loading,pitch.0,773202,0.1836,-0.1533,0.2757,0.0346,-0.0164,0.0067,0.0,0.0
1780080239888,1,12.00000018,Upper Delivery,Loading,pitch.0,774490,0.2058,-0.3201,0.4158,-0.0884,-0.0304,-0.0012,0.0,0.0
1780080239888,1,Pitching Mound.Delivery,,Loading,pitch.0,772578,0.3894,-0.4733,0.6914,-0.1014,-0.0467,0.013,0.0,0.0
1780080239888,1,Pitching Mound.Drive,,Loading,pitch.0,773684,3.1117,10.3184,52.7271,51.0302,-65.0367,-2.8152,0.1264,0.0992
1780080239888,1,Pitching Mound.Parent,,Loading,pitch.0,771834,3.5011,9.845,53.4185,50.9288,-65.0835,-2.8022,0.1248,0.097
1780080239889,1,11.0000004b,Drive,Loading,pitch.0,773685,3.055,10.2605,52.2996,50.4964,-64.3877,-2.7983,0.1262,0.099
1780080239889,1,12.00000015,Lower Delivery,Loading,pitch.0,773203,0.1753,-0.1627,0.2768,0.0287,-0.0119,0.0025,0.0,0.0
1780080239889,1,12.00000018,Upper Delivery,Loading,pitch.0,774491,0.1687,-0.37,0.6168,-0.0884,-0.0304,-0.0012,0.0,0.0
1780080239889,1,Pitching Mound.Delivery,,Loading,pitch.0,772579,0.344,-0.5327,0.8936,-0.1753,-0.0423,-0.0009,0.0,0.0
1780080239889,1,Pitching Mound.Drive,,Loading,pitch.0,773685,3.055,10.2605,52.2996,50.4964,-64.3877,-2.7983,0.1262,0.099
1780080239889,1,Pitching Mound.Parent,,Loading,pitch.0,771835,3.399,9.7278,53.1932,50.3211,-64.43,-2.7992,0.1241,0.0951
1780080239890,1,11.0000004b,Drive,Loading,pitch.0,773686,3.0048,10.2173,52.0298,50.3778,-63.9608,-2.7222,0.126,0.0992
1780080239890,1,12.00000015,Lower Delivery,Loading,pitch.0,773204,0.1725,-0.1701,0.2717,0.0264,-0.007,0.0049,0.0,0.0
1780080239890,1,12.00000018,Upper Delivery,Loading,pitch.0,774492,0.183,-0.3057,0.5092,-0.0884,-0.0304,-0.0012,0.0,0.0
1780080239890,1,Pitching Mound.Delivery,,Loading,pitch.0,772580,0.3555,-0.4758,0.7809,-0.1427,-0.0374,0.0072,0.0,0.0
1780080239890,1,Pitching Mound.Drive,,Loading,pitch.0,773686,3.0048,10.2173,52.0298,50.3778,-63.9608,-2.7222,0.126,0.0992
1780080239890,1,Pitching Mound.Parent,,Loading,pitch.0,771836,3.3603,9.7415,52.8107,50.2351,-63.9982,-2.715,0.1241,0.0962
1780080239891,1,11.0000004b,Drive,Loading,pitch.0,773687,2.9786,10.1352,51.5028,49.7353,-63.3711,-2.7398,0.1261,0.099
1780080239891,1,12.00000015,Lower Delivery,Loading,pitch.0,773205,0.1738,-0.1841,0.2778,0.0211,-0.0078,0.0049,0.0,0.0
1780080239891,1,12.00000018,Upper Delivery,Loading,pitch.0,774493,0.1575,-0.3164,0.6084,-0.0884,-0.0304,-0.0012,0.0,0.0
1780080239891,1,Pitching Mound.Delivery,,Loading,pitch.0,772581,0.3313,-0.5005,0.8862,-0.1797,-0.0382,-0.0018,0.0,0.0
1780080239891,1,Pitching Mound.Drive,,Loading,pitch.0,773687,2.9786,10.1352,51.5028,49.7353,-63.3711,-2.7398,0.1261,0.099
1780080239891,1,Pitching Mound.Parent,,Loading,pitch.0,771837,3.3099,9.6347,52.389,49.5556,-63.4093,-2.7416,0.124,0.0952
1780080239892,1,11.0000004b,Drive,Loading,pitch.0,773688,2.9148,10.0806,51.1965,49.398,-62.9554,-2.722,0.126,0.0989
1780080239892,1,12.00000015,Lower Delivery,Loading,pitch.0,773206,0.1719,-0.186,0.2761,0.025,-0.0034,0.0041,0.0,0.0
1780080239892,1,12.00000018,Upper Delivery,Loading,pitch.0,774494,0.1677,-0.2524,0.3888,-0.0884,-0.0304,-0.0012,0.0,0.0
1780080239892,1,Pitching Mound.Delivery,,Loading,pitch.0,772582,0.3395,-0.4384,0.6649,-0.1017,-0.0338,0.0015,0.0,0.0
1780080239892,1,Pitching Mound.Drive,,Loading,pitch.0,773688,2.9148,10.0806,51.1965,49.398,-62.9554,-2.722,0.126,0.0989
1780080239892,1,Pitching Mound.Parent,,Loading,pitch.0,771838,3.2543,9.6423,51.8614,49.2963,-62.9891,-2.7205,0.1244,0.0969
1780080239893,1,11.0000004b,Drive,Loading,pitch.0,773689,2.8707,10.0132,50.7058,48.7922,-62.3303,-2.7152,0.126,0.0986
1780080239893,1,12.00000015,Lower Delivery,Loading,pitch.0,773207,0.1535,-0.1733,0.2556,0.0187,-0.0031,0.0034,0.0,0.0
1780080239893,1,12.00000018,Upper Delivery,Loading,pitch.0,774495,0.1708,-0.2604,0.3727,-0.0884,-0.0304,-0.0012,0.0,0.0
1780080239893,1,Pitching Mound.Delivery,,Loading,pitch.0,772583,0.3243,-0.4337,0.6282,-0.1095,-0.0335,0.0081,0.0,0.0
1780080239893,1,Pitching Mound.Drive,,Loading,pitch.0,773689,2.8707,10.0132,50.7058,48.7922,-62.3303,-2.7152,0.126,0.0986
1780080239893,1,Pitching Mound.Parent,,Loading,pitch.0,771839,3.195,9.5795,51.334,48.6828,-62.3637,-2.707,0.1245,0.0966
1780080239894,1,11.0000004b,Drive,Loading,pitch.0,773690,2.8314,9.9301,50.2565,48.2671,-61.6806,-2.7,0.1258,0.0984
1780080239894,1,12.00000015,Lower Delivery,Loading,pitch.0,773208,0.1437,-0.1903,0.2594,0.0239,0.0033,0.0063,0.0,0.0
1780080239894,1,12.00000018,Upper Delivery,Loading,pitch.0,774496,0.1761,-0.2559,0.3812,-0.0884,-0.0304,-0.0012,0.0,0.0
1780080239894,1,Pitching Mound.Delivery,,Loading,pitch.0,772584,0.3198,-0.4463,0.6406,-0.1059,-0.027,0.0161,0.0,0.0
1780080239894,1,Pitching Mound.Drive,,Loading,pitch.0,773690,2.8314,9.9301,50.2565,48.2671,-61.6806,-2.7,0.1258,0.0984
1780080239894,1,Pitching Mound.Parent,,Loading,pitch.0,771840,3.1512,9.4838,50.8971,48.1613,-61.7077,-2.6839,0.1242,0.0964
1780080239895,1,11.0000004b,Drive,Loading,pitch.0,773691,2.7627,9.8976,50.0004,48.0958,-61.1644,-2.6345,0.1254,0.0986
1780080239895,1,12.00000015,Lower Delivery,Loading,pitch.0,773209,0.1523,-0.1618,0.2353,0.0091,-0.0029,0.0073,0.0,0.0
1780080239895,1,12.00000018,Upper Delivery,Loading,pitch.0,774497,0.1812,-0.2611,0.3735,-0.0884,-0.0304,-0.0012,0.0,0.0
1780080239895,1,Pitching Mound.Delivery,,Loading,pitch.0,772585,0.3335,-0.4229,0.6088,-0.1263,-0.0333,0.0159,0.0,0.0
1780080239895,1,Pitching Mound.Drive,,Loading,pitch.0,773691,2.7627,9.8976,50.0004,48.0958,-61.1644,-2.6345,0.1254,0.0986
1780080239895,1,Pitching Mound.Parent,,Loading,pitch.0,771841,3.0962,9.4746,50.6093,47.9696,-61.1977,-2.6186,0.1239,0.0965
1780080239896,1,11.0000004b,Drive,Loading,pitch.0,773692,2.7062,9.8388,49.8139,47.877,-60.8027,-2.5283,0.1251,0.0985
1780080239896,1,12.00000015,Lower Delivery,Loading,pitch.0,773210,0.1773,-0.1906,0.2994,0.0208,0.0077,0.0112,0.0,0.0
1780080239896,1,12.00000018,Upper Delivery,Loading,pitch.0,774498,0.1887,-0.3108,0.5115,-0.0884,-0.0304,-0.0012,0.0,0.0
1780080239896,1,Pitching Mound.Delivery,,Loading,pitch.0,772586,0.366,-0.5014,0.8109,-0.1397,-0.0226,0.0138,0.0,0.0
1780080239896,1,Pitching Mound.Drive,,Loading,pitch.0,773692,2.7062,9.8388,49.8139,47.877,-60.8027,-2.5283,0.1251,0.0985
1780080239896,1,Pitching Mound.Parent,,Loading,pitch.0,771842,3.0722,9.3374,50.6248,47.7374,-60.8253,-2.5144,0.1231,0.0955
1780080239897,1,11.0000004b,Drive,Loading,pitch.0,773693,2.6485,9.7751,49.3371,47.3661,-60.1215,-2.4842,0.1249,0.0984
1780080239897,1,12.00000015,Lower Delivery,Loading,pitch.0,773211,0.1869,-0.1906,0.2931,0.0374,0.0157,0.0139,0.0,0.0
1780080239897,1,12.00000018,Upper Delivery,Loading,pitch.0,774499,0.1514,-0.235,0.3241,-0.0884,-0.0304,-0.0012,0.0,0.0
1780080239897,1,Pitching Mound.Delivery,,Loading,pitch.0,772587,0.3383,-0.4255,0.6172,-0.0615,-0.0146,0.0006,0.0,0.0
1780080239897,1,Pitching Mound.Drive,,Loading,pitch.0,773693,2.6485,9.7751,49.3371,47.3661,-60.1215,-2.4842,0.1249,0.0984
1780080239897,1,Pitching Mound.Parent,,Loading,pitch.0,771843,2.9868,9.3496,49.9542,47.3045,-60.1361,-2.4836,0.1234,0.097
1780080239898,1,11.0000004b,Drive,Loading,pitch.0,773694,2.6135,9.7112,48.9132,46.802,-59.5939,-2.4768,0.1249,0.0981
1780080239898,1,12.00000015,Lower Delivery,Loading,pitch.0,773212,0.2008,-0.1512,0.2812,0.0458,0.0154,0.0166,0.0,0.0
1780080239898,1,12.00000018,Upper Delivery,Loading,pitch.0,774500,0.1672,-0.2475,0.3327,-0.0884,-0.0304,-0.0012,0.0,0.0
1780080239898,1,Pitching Mound.Delivery,,Loading,pitch.0,772588,0.368,-0.3987,0.6138,-0.0601,-0.015,0.004,0.0,0.0
1780080239898,1,Pitching Mound.Drive,,Loading,pitch.0,773694,2.6135,9.7112,48.9132,46.802,-59.5939,-2.4768,0.1249,0.0981
1780080239898,1,Pitching Mound.Parent,,Loading,pitch.0,771844,2.9814,9.3125,49.5271,46.7419,-59.6089,-2.4728,0.1233,0.0965
1780080239899,1,11.0000004b,Drive,Loading,pitch.0,773695,2.5595,9.6253,48.3608,46.2407,-58.7548,-2.46,0.1245,0.098
1780080239899,1,12.00000015,Lower Delivery,Loading,pitch.0,773213,0.1843,-0.1482,0.2558,0.0559,0.0196,0.0166,0.0,0.0
1780080239899,1,12.00000018,Upper Delivery,Loading,pitch.0,774501,0.1622,-0.2531,0.3284,-0.0884,-0.0304,-0.0012,0.0,0.0
1780080239899,1,Pitching Mound.Delivery,,Loading,pitch.0,772589,0.3465,-0.4013,0.5842,-0.0571,-0.0108,0.0079,0.0,0.0
1780080239899,1,Pitching Mound.Drive,,Loading,pitch.0,773695,2.5595,9.6253,48.3608,46.2407,-58.7548,-2.46,0.1245,0.098
1780080239899,1,Pitching Mound.Parent,,Loading,pitch.0,771845,2.906,9.224,48.945,46.1835,-58.7655,-2.4521,0.123,0.0963
1780080239900,1,11.0000004b,Drive,Loading,pitch.0,773696,2.5149,9.5651,48.0592,45.9454,-58.414,-2.4394,0.1246,0.098
1780080239900,1,12.00000015,Lower Delivery,Loading,pitch.0,773214,0.1886,-0.1671,0.2815,0.0514,0.0177,0.0174,0.0,0.0
1780080239900,1,12.00000018,Upper Delivery,Loading,pitch.0,774502,0.1334,-0.2329,0.2836,-0.0884,-0.0304,-0.0012,0.0,0.0
1780080239900,1,Pitching Mound.Delivery,,Loading,pitch.0,772590,0.322,-0.4001,0.5651,-0.0376,-0.0127,-0.0026,0.0,0.0
1780080239900,1,Pitching Mound.Drive,,Loading,pitch.0,773696,2.5149,9.5651,48.0592,45.9454,-58.414,-2.4394,0.1246,0.098
1780080239900,1,Pitching Mound.Parent,,Loading,pitch.0,771846,2.837,9.165,48.6243,45.9078,-58.4267,-2.4419,0.1231,0.0968
1780080239901,1,11.0000004b,Drive,Loading,pitch.0,773697,2.4616,9.5004,47.7239,45.5847,-57.7982,-2.3698,0.1241,0.0979
1780080239901,1,12.00000015,Lower Delivery,Loading,pitch.0,773215,0.1664,-0.1348,0.2677,0.0399,0.0128,0.0165,0.0,0.0
1780080239901,1,12.00000018,Upper Delivery,Loading,pitch.0,774503,0.1913,-0.2993,0.422,-0.0884,-0.0304,-0.0012,0.0,0.0
1780080239901,1,Pitching Mound.Delivery,,Loading,pitch.0,772591,0.3577,-0.434,0.6897,-0.1009,-0.0176,0.0237,0.0,0.0
1780080239901,1,Pitching Mound.Drive,,Loading,pitch.0,773697,2.4616,9.5004,47.7239,45.5847,-57.7982,-2.3698,0.1241,0.0979
1780080239901,1,Pitching Mound.Parent,,Loading,pitch.0,771847,2.8193,9.0664,48.4137,45.4837,-57.8158,-2.346,0.1224,0.0954
1780080239902,1,11.0000004b,Drive,Loading,pitch.0,773698,2.4162,9.4465,47.2707,45.0956,-56.9788,-2.3251,0.1235,0.0978
1780080239902,1,12.00000015,Lower Delivery,Loading,pitch.0,773216,0.1479,-0.1267,0.2298,0.0454,0.0079,0.0154,0.0,0.0
1780080239902,1,12.00000018,Upper Delivery,Loading,pitch.0,774504,0.1924,-0.3472,0.6814,-0.0884,-0.0304,-0.0012,0.0,0.0
1780080239902,1,Pitching Mound.Delivery,,Loading,pitch.0,772592,0.3403,-0.4739,0.9112,-0.1965,-0.0225,0.0293,0.0,0.0
1780080239902,1,Pitching Mound.Drive,,Loading,pitch.0,773698,2.4162,9.4465,47.2707,45.0956,-56.9788,-2.3251,0.1235,0.0978
1780080239902,1,Pitching Mound.Parent,,Loading,pitch.0,771848,2.7565,8.9726,48.1819,44.8991,-57.0013,-2.2958,0.1212,0.0927
1780080239903,1,11.0000004b,Drive,Loading,pitch.0,773699,2.3743,9.402,46.7907,44.6229,-56.2525,-2.2617,0.1232,0.0977
1780080239903,1,12.00000015,Lower Delivery,Loading,pitch.0,773217,0.1581,-0.117,0.239,0.0371,-0.003,0.0136,0.0,0.0
1780080239903,1,12.00000018,Upper Delivery,Loading,pitch.0,774505,0.1973,-0.3299,0.5841,-0.0884,-0.0304,-0.0012,0.0,0.0
1780080239903,1,Pitching Mound.Delivery,,Loading,pitch.0,772593,0.3554,-0.4469,0.8231,-0.1686,-0.0334,0.0257,0.0,0.0
1780080239903,1,Pitching Mound.Drive,,Loading,pitch.0,773699,2.3743,9.402,46.7907,44.6229,-56.2525,-2.2617,0.1232,0.0977
1780080239903,1,Pitching Mound.Parent,,Loading,pitch.0,771849,2.7297,8.9551,47.6138,44.4543,-56.2859,-2.236,0.1211,0.0936
1780080239904,1,11.0000004b,Drive,Loading,pitch.0,773700,2.3086,9.346,46.4427,44.3017,-55.6743,-2.2054,0.1229,0.0978
1780080239904,1,12.00000015,Lower Delivery,Loading,pitch.0,773218,0.151,-0.1012,0.2378,0.0225,-0.0132,0.0124,0.0,0.0
1780080239904,1,12.00000018,Upper Delivery,Loading,pitch.0,774506,0.1921,-0.3864,0.6013,-0.0884,-0.0304,-0.0012,0.0,0.0
1780080239904,1,Pitching Mound.Delivery,,Loading,pitch.0,772594,0.3431,-0.4876,0.8391,-0.1894,-0.0435,0.0252,0.0,0.0
1780080239904,1,Pitching Mound.Drive,,Loading,pitch.0,773700,2.3086,9.346,46.4427,44.3017,-55.6743,-2.2054,0.1229,0.0978
1780080239904,1,Pitching Mound.Parent,,Loading,pitch.0,771850,2.6518,8.8584,47.2818,44.1123,-55.7178,-2.1802,0.1207,0.0934
1780080239905,1,11.0000004b,Drive,Loading,pitch.0,773701,2.2713,9.2868,46.0453,43.8769,-55.1226,-2.1281,0.1227,0.0977
1780080239905,1,11.0000004b,Drive,Loading,pitch.0,773702,2.2403,9.226,45.5056,43.2034,-54.2448,-2.1111,0.1222,0.0973
1780080239905,1,12.00000015,Lower Delivery,Loading,pitch.0,773219,0.1705,-0.1272,0.3004,0.016,-0.0094,0.0102,0.0,0.0
1780080239905,1,12.00000018,Upper Delivery,Loading,pitch.0,774507,0.1816,-0.4247,0.61,-0.0884,-0.0304,-0.0012,0.0,0.0
1780080239905,1,Pitching Mound.Delivery,,Loading,pitch.0,772595,0.3521,-0.5519,0.9104,-0.1777,-0.0398,0.0128,0.0,0.0
1780080239905,1,Pitching Mound.Drive,,Loading,pitch.0,773701,2.2713,9.2868,46.0453,43.8769,-55.1226,-2.1281,0.1227,0.0977
1780080239905,1,Pitching Mound.Drive,,Loading,pitch.0,773702,2.2403,9.226,45.5056,43.2034,-54.2448,-2.1111,0.1222,0.0973
1780080239905,1,Pitching Mound.Parent,,Loading,pitch.0,771851,2.6233,8.7349,46.9557,43.6992,-55.1624,-2.1154,0.1203,0.0935
1780080239906,1,11.0000004b,Drive,Loading,pitch.0,773703,2.2014,9.182,45.2245,42.8939,-53.8695,-2.084,0.1221,0.0972
1780080239906,1,12.00000015,Lower Delivery,Loading,pitch.0,773220,0.1255,-0.1088,0.2499,0.0127,-0.0058,0.0087,0.0,0.0
1780080239906,1,12.00000018,Upper Delivery,Loading,pitch.0,774508,0.168,-0.453,0.6868,-0.0884,-0.0304,-0.0012,0.0,0.0
1780080239906,1,Pitching Mound.Delivery,,Loading,pitch.0,772596,0.2935,-0.5618,0.9367,-0.2241,-0.0362,0.0219,0.0,0.0
1780080239906,1,Pitching Mound.Drive,,Loading,pitch.0,773703,2.2014,9.182,45.2245,42.8939,-53.8695,-2.084,0.1221,0.0972
1780080239906,1,Pitching Mound.Parent,,Loading,pitch.0,771852,2.5338,8.6642,46.4423,42.9792,-54.281,-2.0892,0.1197,0.0921
1780080239907,1,11.0000004b,Drive,Loading,pitch.0,773704,2.1704,9.1267,44.8866,42.3688,-53.2255,-2.0664,0.1215,0.0967
1780080239907,1,12.00000015,Lower Delivery,Loading,pitch.0,773221,0.1311,-0.1124,0.2538,0.0121,-0.0013,0.0098,0.0,0.0
1780080239907,1,12.00000015,Lower Delivery,Loading,pitch.0,773222,0.0827,-0.0924,0.1791,0.0061,-0.0016,0.0058,0.0,0.0
1780080239907,1,12.00000018,Upper Delivery,Loading,pitch.0,774509,0.1731,-0.4211,0.676,-0.0884,-0.0304,-0.0012,0.0,0.0
1780080239907,1,Pitching Mound.Delivery,,Loading,pitch.0,772597,0.3042,-0.5335,0.9299,-0.2199,-0.0316,0.0229,0.0,0.0
1780080239907,1,Pitching Mound.Drive,,Loading,pitch.0,773704,2.1704,9.1267,44.8866,42.3688,-53.2255,-2.0664,0.1215,0.0967
1780080239907,1,Pitching Mound.Parent,,Loading,pitch.0,771853,2.5056,8.6485,46.1543,42.674,-53.9011,-2.0611,0.1196,0.0921
1780080239908,1,12.00000018,Upper Delivery,Loading,pitch.0,774510,0.1635,-0.4146,0.6698,-0.0884,-0.0304,-0.0012,0.0,0.0
1780080239908,1,Pitching Mound.Delivery,,Loading,pitch.0,772598,0.2463,-0.507,0.8489,-0.2491,-0.032,0.0321,0.0,0.0
1780080239908,1,Pitching Mound.Parent,,Loading,pitch.0,771854,2.4167,8.6197,45.7355,42.1197,-53.2575,-2.0343,0.1193,0.0913
1780080239909,1,11.0000004b,Drive,Loading,pitch.0,773706,2.1343,9.0514,44.1636,41.4669,-52.1119,-2.002,0.1209,0.0962
1780080239909,1,11.0000004b,Drive,Loading,pitch.0,773705,2.1563,9.0861,44.5148,41.7893,-52.452,-2.0591,0.1208,0.0962
1780080239909,1,12.00000015,Lower Delivery,Loading,pitch.0,773223,0.1319,-0.1251,0.2075,0.0156,0.0022,0.0066,0.0,0.0
1780080239909,1,12.00000018,Upper Delivery,Loading,pitch.0,774511,0.158,-0.3908,0.6273,-0.0884,-0.0304,-0.0012,0.0,0.0
1780080239909,1,Pitching Mound.Delivery,,Loading,pitch.0,772599,0.2899,-0.516,0.8349,-0.2155,-0.0282,0.0142,0.0,0.0
1780080239909,1,Pitching Mound.Drive,,Loading,pitch.0,773706,2.1343,9.0514,44.1636,41.4669,-52.1119,-2.002,0.1209,0.0962
1780080239909,1,Pitching Mound.Drive,,Loading,pitch.0,773705,2.1563,9.0861,44.5148,41.7893,-52.452,-2.0591,0.1208,0.0962
1780080239909,1,Pitching Mound.Parent,,Loading,pitch.0,771855,2.4461,8.5702,45.3497,41.5738,-52.4802,-2.0449,0.1185,0.0913
1780080239910,1,11.0000004b,Drive,Loading,pitch.0,773707,2.1042,9.0151,43.9065,41.0226,-51.4688,-1.963,0.1201,0.0958
1780080239910,1,12.00000015,Lower Delivery,Loading,pitch.0,773224,0.1484,-0.1263,0.2601,0.015,0.0084,0.0068,0.0,0.0
1780080239910,1,12.00000018,Upper Delivery,Loading,pitch.0,774512,0.1548,-0.376,0.6102,-0.0884,-0.0304,-0.0012,0.0,0.0
1780080239910,1,Pitching Mound.Delivery,,Loading,pitch.0,772600,0.3032,-0.5024,0.8702,-0.1924,-0.0219,0.0078,0.0,0.0
1780080239910,1,Pitching Mound.Drive,,Loading,pitch.0,773707,2.1042,9.0151,43.9065,41.0226,-51.4688,-1.963,0.1201,0.0958
1780080239910,1,Pitching Mound.Parent,,Loading,pitch.0,771856,2.4375,8.549,45.0339,41.2745,-52.1338,-1.9942,0.1186,0.0917
1780080239911,1,11.0000004b,Drive,Loading,pitch.0,773708,2.0745,8.9851,43.6526,40.5818,-50.9699,-1.9592,0.1197,0.0953
1780080239911,1,12.00000015,Lower Delivery,Loading,pitch.0,773225,0.1586,-0.1067,0.2685,0.0127,0.0101,0.0076,0.0,0.0
1780080239911,1,12.00000018,Upper Delivery,Loading,pitch.0,774513,0.1654,-0.3613,0.6429,-0.0884,-0.0304,-0.0012,0.0,0.0
1780080239911,1,Pitching Mound.Delivery,,Loading,pitch.0,772601,0.324,-0.468,0.9114,-0.2029,-0.0203,0.0087,0.0,0.0
1780080239911,1,Pitching Mound.Drive,,Loading,pitch.0,773708,2.0745,8.9851,43.6526,40.5818,-50.9699,-1.9592,0.1197,0.0953
1780080239911,1,Pitching Mound.Parent,,Loading,pitch.0,771857,2.4282,8.5471,44.8179,40.8197,-51.4891,-1.9542,0.1177,0.091
1780080239912,1,11.0000004b,Drive,Loading,pitch.0,773709,2.0549,8.9606,43.3211,40.235,-50.4193,-1.9232,0.1193,0.0952
1780080239912,1,12.00000015,Lower Delivery,Loading,pitch.0,773226,0.1689,-0.1077,0.292,0.0233,0.0106,0.0097,0.0,0.0
1780080239912,1,12.00000018,Upper Delivery,Loading,pitch.0,774514,0.1658,-0.2597,0.3549,-0.0884,-0.0304,-0.0012,0.0,0.0
1780080239912,1,Pitching Mound.Delivery,,Loading,pitch.0,772602,0.3347,-0.3674,0.6469,-0.0864,-0.0197,0.0075,0.0,0.0
1780080239912,1,Pitching Mound.Drive,,Loading,pitch.0,773709,2.0549,8.9606,43.3211,40.235,-50.4193,-1.9232,0.1193,0.0952
1780080239912,1,Pitching Mound.Parent,,Loading,pitch.0,771858,2.4091,8.6176,44.2995,40.4954,-50.9896,-1.9518,0.1179,0.0934
1780080239913,1,11.0000004b,Drive,Loading,pitch.0,773710,2.0352,8.9473,43.1136,39.8129,-49.7148,-1.9146,0.1182,0.0946
1780080239913,1,12.00000015,Lower Delivery,Loading,pitch.0,773227,0.1705,-0.0998,0.2643,0.0292,0.0104,0.0085,0.0,0.0
1780080239913,1,12.00000018,Upper Delivery,Loading,pitch.0,774515,0.16,-0.2549,0.3505,-0.0884,-0.0304,-0.0012,0.0,0.0
1780080239913,1,Pitching Mound.Delivery,,Loading,pitch.0,772603,0.3305,-0.3548,0.6148,-0.0885,-0.02,0.0037,0.0,0.0
1780080239913,1,Pitching Mound.Drive,,Loading,pitch.0,773710,2.0352,8.9473,43.1136,39.8129,-49.7148,-1.9146,0.1182,0.0946
1780080239913,1,Pitching Mound.Parent,,Loading,pitch.0,771859,2.3854,8.6058,43.936,40.1465,-50.4393,-1.9195,0.1176,0.0932
1780080239914,1,11.0000004b,Drive,Loading,pitch.0,773711,2.0261,8.9376,42.8192,39.5158,-49.1197,-1.8932,0.1176,0.0946
1780080239914,1,12.00000015,Lower Delivery,Loading,pitch.0,773228,0.1754,-0.092,0.2696,0.0277,0.0066,0.012,0.0,0.0
1780080239914,1,12.00000018,Upper Delivery,Loading,pitch.0,774516,0.1332,-0.2239,0.2906,-0.0884,-0.0304,-0.0012,0.0,0.0
1780080239914,1,Pitching Mound.Delivery,,Loading,pitch.0,772604,0.3086,-0.3159,0.5602,-0.0678,-0.0238,-0.0036,0.0,0.0
1780080239914,1,Pitching Mound.Drive,,Loading,pitch.0,773711,2.0261,8.9376,42.8192,39.5158,-49.1197,-1.8932,0.1176,0.0946
1780080239914,1,Pitching Mound.Parent,,Loading,pitch.0,771860,2.3438,8.6314,43.6738,39.745,-49.7386,-1.9181,0.1167,0.0933
1780080239915,1,12.00000015,Lower Delivery,Loading,pitch.0,773229,0.1811,-0.0938,0.2539,0.0359,-0.0014,0.0124,0.0,0.0
1780080239915,1,12.00000018,Upper Delivery,Loading,pitch.0,774517,0.1353,-0.2166,0.2932,-0.0884,-0.0304,-0.0012,0.0,0.0
1780080239915,1,Pitching Mound.Delivery,,Loading,pitch.0,772605,0.3164,-0.3103,0.5471,-0.0658,-0.0317,-0.0044,0.0,0.0
1780080239915,1,Pitching Mound.Parent,,Loading,pitch.0,771861,2.3425,8.6273,43.3662,39.45,-49.1514,-1.8976,0.1161,0.0931
1780080239916,1,11.0000004b,Drive,Loading,pitch.0,773712,2.0176,8.9245,42.5611,39.1364,-48.6451,-1.8587,0.1171,0.0942
1780080239916,1,11.0000004b,Drive,Loading,pitch.0,773713,2.0068,8.9314,42.2359,38.7738,-47.9836,-1.861,0.1164,0.0941
1780080239916,1,12.00000015,Lower Delivery,Loading,pitch.0,773230,0.1827,-0.064,0.2308,0.0365,-0.0089,0.0142,0.0,0.0
1780080239916,1,12.00000018,Upper Delivery,Loading,pitch.0,774518,0.1103,-0.1895,0.2516,-0.0884,-0.0304,-0.0012,0.0,0.0
1780080239916,1,Pitching Mound.Delivery,,Loading,pitch.0,772606,0.2929,-0.2535,0.4824,-0.0589,-0.0393,-0.0117,0.0,0.0
1780080239916,1,Pitching Mound.Drive,,Loading,pitch.0,773712,2.0176,8.9245,42.5611,39.1364,-48.6451,-1.8587,0.1171,0.0942
1780080239916,1,Pitching Mound.Drive,,Loading,pitch.0,773713,2.0068,8.9314,42.2359,38.7738,-47.9836,-1.861,0.1164,0.0941
1780080239916,1,Pitching Mound.Parent,,Loading,pitch.0,771862,2.3105,8.671,43.0435,39.0775,-48.6844,-1.8703,0.1158,0.093
1780080239917,1,11.0000004b,Drive,Loading,pitch.0,773714,1.991,8.9321,42.0616,38.6027,-47.3844,-1.8372,0.1155,0.0941
1780080239917,1,12.00000015,Lower Delivery,Loading,pitch.0,773231,0.1845,-0.061,0.243,0.0342,-0.0117,0.0173,0.0,0.0
1780080239917,1,12.00000018,Upper Delivery,Loading,pitch.0,774519,0.1213,-0.196,0.2644,-0.0884,-0.0304,-0.0012,0.0,0.0
1780080239917,1,Pitching Mound.Delivery,,Loading,pitch.0,772607,0.3058,-0.2569,0.5074,-0.0614,-0.0421,-0.0054,0.0,0.0
1780080239917,1,Pitching Mound.Drive,,Loading,pitch.0,773714,1.991,8.9321,42.0616,38.6027,-47.3844,-1.8372,0.1155,0.0941
1780080239917,1,Pitching Mound.Parent,,Loading,pitch.0,771863,2.3126,8.6745,42.7432,38.7124,-48.0257,-1.8665,0.1151,0.0928
1780080239918,1,11.0000004b,Drive,Loading,pitch.0,773715,1.9865,8.9459,41.9139,38.331,-46.9668,-1.7956,0.1149,0.0937
1780080239918,1,12.00000015,Lower Delivery,Loading,pitch.0,773232,0.1612,-0.0529,0.2119,0.0249,-0.0197,0.0177,0.0,0.0
1780080239918,1,12.00000018,Upper Delivery,Loading,pitch.0,774520,0.1544,-0.2286,0.2734,-0.0884,-0.0304,-0.0012,0.0,0.0
1780080239918,1,Pitching Mound.Delivery,,Loading,pitch.0,772608,0.3156,-0.2815,0.4853,-0.0843,-0.0501,0.0141,0.0,0.0
1780080239918,1,Pitching Mound.Drive,,Loading,pitch.0,773715,1.9865,8.9459,41.9139,38.331,-46.9668,-1.7956,0.1149,0.0937
1780080239918,1,Pitching Mound.Parent,,Loading,pitch.0,771864,2.3066,8.6506,42.547,38.5184,-47.4345,-1.823,0.1141,0.0925
1780080239919,1,12.00000015,Lower Delivery,Loading,pitch.0,773233,0.1457,-0.0426,0.1821,0.0167,-0.0301,0.0195,0.0,0.0
1780080239919,1,12.00000015,Lower Delivery,Loading,pitch.0,773234,0.1257,-0.0365,0.1859,0.0072,-0.022,0.0181,0.0,0.0
1780080239919,1,12.00000018,Upper Delivery,Loading,pitch.0,774521,0.1576,-0.2412,0.2426,-0.0884,-0.0304,-0.0012,0.0,0.0
1780080239919,1,Pitching Mound.Delivery,,Loading,pitch.0,772609,0.3034,-0.2838,0.4247,-0.0922,-0.0605,0.0223,0.0,0.0
1780080239919,1,Pitching Mound.Parent,,Loading,pitch.0,771865,2.2899,8.6621,42.3386,38.2388,-47.0272,-1.7733,0.1137,0.0923
1780080239920,1,11.0000004b,Drive,Loading,pitch.0,773716,1.9752,8.9452,41.6136,38.1165,-46.4901,-1.7436,0.1145,0.0939
1780080239920,1,11.0000004b,Drive,Loading,pitch.0,773717,1.9641,8.9433,41.4462,37.8766,-46.0222,-1.6987,0.1138,0.0937
1780080239920,1,12.00000018,Upper Delivery,Loading,pitch.0,774522,0.1869,-0.3047,0.1557,-0.0884,-0.0304,-0.0012,0.0,0.0
1780080239920,1,Pitching Mound.Delivery,,Loading,pitch.0,772610,0.3126,-0.3412,0.3416,-0.0709,-0.0524,0.0377,0.0,0.0
1780080239920,1,Pitching Mound.Drive,,Loading,pitch.0,773716,1.9752,8.9452,41.6136,38.1165,-46.4901,-1.7436,0.1145,0.0939
1780080239920,1,Pitching Mound.Drive,,Loading,pitch.0,773717,1.9641,8.9433,41.4462,37.8766,-46.0222,-1.6987,0.1138,0.0937
1780080239920,1,Pitching Mound.Parent,,Loading,pitch.0,771866,2.2879,8.604,41.9552,38.0456,-46.5425,-1.7058,0.1136,0.0934
1780080239921,1,11.0000004b,Drive,Loading,pitch.0,773718,1.9462,8.941,41.0482,37.5945,-45.6387,-1.6458,0.114,0.0939
1780080239921,1,12.00000015,Lower Delivery,Loading,pitch.0,773235,0.1063,-0.0306,0.1579,0.0151,-0.0082,0.0199,0.0,0.0
1780080239921,1,12.00000018,Upper Delivery,Loading,pitch.0,774523,0.1883,-0.2676,0.1436,-0.0884,-0.0304,-0.0012,0.0,0.0
1780080239921,1,Pitching Mound.Delivery,,Loading,pitch.0,772611,0.2946,-0.2982,0.3015,-0.0684,-0.0386,0.0466,0.0,0.0
1780080239921,1,Pitching Mound.Drive,,Loading,pitch.0,773718,1.9462,8.941,41.0482,37.5945,-45.6387,-1.6458,0.114,0.0939
1780080239921,1,Pitching Mound.Parent,,Loading,pitch.0,771867,2.2586,8.6451,41.7477,37.8082,-46.0608,-1.652,0.113,0.0931
1780080239922,1,11.0000004b,Drive,Loading,pitch.0,773719,1.9389,8.9431,40.8786,37.3597,-45.181,-1.6127,0.1133,0.0937
1780080239922,1,12.00000015,Lower Delivery,Loading,pitch.0,773236,0.1197,-0.0366,0.1865,0.0226,-0.011,0.0156,0.0,0.0
1780080239922,1,12.00000018,Upper Delivery,Loading,pitch.0,774524,0.2054,-0.3265,0.335,-0.0884,-0.0304,-0.0012,0.0,0.0
1780080239922,1,Pitching Mound.Delivery,,Loading,pitch.0,772612,0.3251,-0.3631,0.5215,-0.1162,-0.0414,0.0436,0.0,0.0
1780080239922,1,Pitching Mound.Drive,,Loading,pitch.0,773719,1.9389,8.9431,40.8786,37.3597,-45.181,-1.6127,0.1133,0.0937
1780080239922,1,Pitching Mound.Parent,,Loading,pitch.0,771868,2.2713,8.5779,41.5696,37.4783,-45.68,-1.6022,0.1125,0.0915
1780080239923,1,11.0000004b,Drive,Loading,pitch.0,773720,1.9221,8.9375,40.5702,37.0492,-44.861,-1.5883,0.1133,0.0936
1780080239923,1,12.00000015,Lower Delivery,Loading,pitch.0,773237,0.1367,-0.0567,0.2349,0.0301,-0.0011,0.0139,0.0,0.0
1780080239923,1,12.00000018,Upper Delivery,Loading,pitch.0,774525,0.1919,-0.3702,0.367,-0.0884,-0.0304,-0.0012,0.0,0.0
1780080239923,1,Pitching Mound.Delivery,,Loading,pitch.0,772613,0.3286,-0.427,0.6019,-0.1032,-0.0315,0.0315,0.0,0.0
1780080239923,1,Pitching Mound.Drive,,Loading,pitch.0,773720,1.9221,8.9375,40.5702,37.0492,-44.861,-1.5883,0.1133,0.0936
1780080239923,1,Pitching Mound.Parent,,Loading,pitch.0,771869,2.2675,8.5161,41.4805,37.2565,-45.2125,-1.5813,0.1116,0.0912
1780080239924,1,11.0000004b,Drive,Loading,pitch.0,773721,1.8965,8.9245,40.3125,36.8524,-44.5316,-1.5471,0.1132,0.0937
1780080239924,1,12.00000015,Lower Delivery,Loading,pitch.0,773238,0.1255,-0.0619,0.2105,0.0363,0.004,0.0117,0.0,0.0
1780080239924,1,12.00000018,Upper Delivery,Loading,pitch.0,774526,0.1905,-0.3787,0.3947,-0.0884,-0.0304,-0.0012,0.0,0.0
1780080239924,1,Pitching Mound.Delivery,,Loading,pitch.0,772614,0.316,-0.4406,0.6052,-0.1146,-0.0264,0.0326,0.0,0.0
1780080239924,1,Pitching Mound.Drive,,Loading,pitch.0,773721,1.8965,8.9245,40.3125,36.8524,-44.5316,-1.5471,0.1132,0.0937
1780080239924,1,Pitching Mound.Parent,,Loading,pitch.0,771870,2.2381,8.4969,41.1754,36.9345,-44.8874,-1.5557,0.1117,0.0907
1780080239925,1,11.0000004b,Drive,Loading,pitch.0,773722,1.8871,8.9063,40.0953,36.5611,-44.2382,-1.4911,0.1131,0.0935
1780080239925,1,12.00000015,Lower Delivery,Loading,pitch.0,773239,0.1406,-0.0825,0.2413,0.0295,0.0001,0.0097,0.0,0.0
1780080239925,1,12.00000018,Upper Delivery,Loading,pitch.0,774527,0.2058,-0.3666,0.4525,-0.0884,-0.0304,-0.0012,0.0,0.0
1780080239925,1,Pitching Mound.Delivery,,Loading,pitch.0,772615,0.3464,-0.4491,0.6938,-0.1307,-0.0303,0.0307,0.0,0.0
1780080239925,1,Pitching Mound.Drive,,Loading,pitch.0,773722,1.8871,8.9063,40.0953,36.5611,-44.2382,-1.4911,0.1131,0.0935
1780080239925,1,Pitching Mound.Parent,,Loading,pitch.0,771871,2.2429,8.4754,41.0063,36.7217,-44.5619,-1.5164,0.1113,0.0904
1780080239926,1,11.0000004b,Drive,Loading,pitch.0,773723,1.8568,8.8965,39.7874,36.3245,-43.8103,-1.4821,0.1129,0.0936
1780080239926,1,12.00000015,Lower Delivery,Loading,pitch.0,773240,0.1354,-0.0885,0.2217,0.0255,0.0007,0.0071,0.0,0.0
1780080239926,1,12.00000018,Upper Delivery,Loading,pitch.0,774528,0.1856,-0.4488,0.5512,-0.0884,-0.0304,-0.0012,0.0,0.0
1780080239926,1,Pitching Mound.Delivery,,Loading,pitch.0,772616,0.321,-0.5374,0.7728,-0.1749,-0.0297,0.023,0.0,0.0
1780080239926,1,Pitching Mound.Drive,,Loading,pitch.0,773723,1.8568,8.8965,39.7874,36.3245,-43.8103,-1.4821,0.1129,0.0936
1780080239926,1,Pitching Mound.Parent,,Loading,pitch.0,771872,2.2081,8.3689,40.8681,36.3862,-44.2679,-1.4681,0.1109,0.089
1780080239927,1,11.0000004b,Drive,Loading,pitch.0,773724,1.8344,8.8742,39.6183,36.0909,-43.7135,-1.4184,0.1131,0.0934
1780080239927,1,12.00000015,Lower Delivery,Loading,pitch.0,773241,0.1455,-0.1122,0.2061,0.0266,-0.0008,0.0082,0.0,0.0
1780080239927,1,12.00000018,Upper Delivery,Loading,pitch.0,774529,0.2073,-0.3008,0.4551,-0.0884,-0.0304,-0.0012,0.0,0.0
1780080239927,1,Pitching Mound.Delivery,,Loading,pitch.0,772617,0.3528,-0.413,0.6612,-0.1464,-0.0312,0.028,0.0,0.0
1780080239927,1,Pitching Mound.Drive,,Loading,pitch.0,773724,1.8344,8.8742,39.6183,36.0909,-43.7135,-1.4184,0.1131,0.0934
1780080239927,1,Pitching Mound.Parent,,Loading,pitch.0,771873,2.2096,8.4836,40.4486,36.1781,-43.8415,-1.4541,0.111,0.09
1780080239928,1,11.0000004b,Drive,Loading,pitch.0,773725,1.8105,8.8627,39.4339,35.785,-43.3665,-1.3921,0.1127,0.093
1780080239928,1,12.00000015,Lower Delivery,Loading,pitch.0,773242,0.1242,-0.0965,0.1435,0.023,0.0005,0.0094,0.0,0.0
1780080239928,1,12.00000018,Upper Delivery,Loading,pitch.0,774530,0.1766,-0.2602,0.3558,-0.0884,-0.0304,-0.0012,0.0,0.0
1780080239928,1,Pitching Mound.Delivery,,Loading,pitch.0,772618,0.3008,-0.3568,0.4993,-0.1375,-0.0299,0.026,0.0,0.0
1780080239928,1,Pitching Mound.Drive,,Loading,pitch.0,773725,1.8105,8.8627,39.4339,35.785,-43.3665,-1.3921,0.1127,0.093
1780080239928,1,Pitching Mound.Parent,,Loading,pitch.0,771874,2.1351,8.5174,40.1176,35.9533,-43.7434,-1.3924,0.1117,0.0904
1780080239929,1,11.0000004b,Drive,Loading,pitch.0,773726,1.7818,8.843,39.2811,35.5936,-43.1862,-1.3992,0.1127,0.0929
1780080239929,1,12.00000015,Lower Delivery,Loading,pitch.0,773243,0.1289,-0.1182,0.1159,0.024,0.0022,0.0092,0.0,0.0
1780080239929,1,12.00000018,Upper Delivery,Loading,pitch.0,774531,0.1731,-0.2643,0.3415,-0.0884,-0.0304,-0.0012,0.0,0.0
1780080239929,1,Pitching Mound.Delivery,,Loading,pitch.0,772619,0.3021,-0.3825,0.4575,-0.1411,-0.0282,0.0231,0.0,0.0
1780080239929,1,Pitching Mound.Drive,,Loading,pitch.0,773726,1.7818,8.843,39.2811,35.5936,-43.1862,-1.3992,0.1127,0.0929
1780080239929,1,Pitching Mound.Parent,,Loading,pitch.0,771875,2.1126,8.4802,39.8913,35.6439,-43.3947,-1.3691,0.1114,0.09
1780080239930,1,11.0000004b,Drive,Loading,pitch.0,773727,1.7343,8.8283,39.0628,35.3415,-42.8364,-1.3721,0.1124,0.0927
1780080239930,1,12.00000015,Lower Delivery,Loading,pitch.0,773244,0.1192,-0.1348,0.1864,0.006,0.0049,0.0081,0.0,0.0
1780080239930,1,12.00000018,Upper Delivery,Loading,pitch.0,774532,0.1837,-0.2696,0.3601,-0.0884,-0.0304,-0.0012,0.0,0.0
1780080239930,1,Pitching Mound.Delivery,,Loading,pitch.0,772620,0.3029,-0.4044,0.5465,-0.1415,-0.0255,0.0288,0.0,0.0
1780080239930,1,Pitching Mound.Drive,,Loading,pitch.0,773727,1.7343,8.8283,39.0628,35.3415,-42.8364,-1.3721,0.1124,0.0927
1780080239930,1,Pitching Mound.Parent,,Loading,pitch.0,771876,2.0847,8.4386,39.8275,35.4521,-43.2117,-1.3704,0.1111,0.0901
1780080239931,1,11.0000004b,Drive,Loading,pitch.0,773728,1.6847,8.8284,38.9416,35.1189,-42.4992,-1.3349,0.1119,0.0924
1780080239931,1,12.00000015,Lower Delivery,Loading,pitch.0,773245,0.1103,-0.131,0.1919,0.0101,0.0036,0.0058,0.0,0.0
1780080239931,1,12.00000018,Upper Delivery,Loading,pitch.0,774533,0.1883,-0.2657,0.3623,-0.0884,-0.0304,-0.0012,0.0,0.0
1780080239931,1,Pitching Mound.Delivery,,Loading,pitch.0,772621,0.2985,-0.3967,0.5542,-0.1362,-0.0268,0.0312,0.0,0.0
1780080239931,1,Pitching Mound.Drive,,Loading,pitch.0,773728,1.6847,8.8284,38.9416,35.1189,-42.4992,-1.3349,0.1119,0.0924
1780080239931,1,Pitching Mound.Parent,,Loading,pitch.0,771877,2.0328,8.4316,39.6169,35.2053,-42.8632,-1.3409,0.1108,0.09
1780080239932,1,11.0000004b,Drive,Loading,pitch.0,773729,1.648,8.8257,38.7499,34.972,-42.3178,-1.3347,0.1119,0.0925
1780080239932,1,12.00000015,Lower Delivery,Loading,pitch.0,773246,0.1303,-0.1513,0.2044,-0.0084,-0.0032,0.005,0.0,0.0
1780080239932,1,12.00000018,Upper Delivery,Loading,pitch.0,774534,0.2031,-0.2797,0.375,-0.0884,-0.0304,-0.0012,0.0,0.0
1780080239932,1,Pitching Mound.Delivery,,Loading,pitch.0,772622,0.3334,-0.431,0.5795,-0.1548,-0.0335,0.0285,0.0,0.0
1780080239932,1,Pitching Mound.Drive,,Loading,pitch.0,773729,1.648,8.8257,38.7499,34.972,-42.3178,-1.3347,0.1119,0.0925
1780080239932,1,Pitching Mound.Parent,,Loading,pitch.0,771878,2.0182,8.3974,39.5211,34.9641,-42.5327,-1.3064,0.1102,0.0896
1780080239933,1,11.0000004b,Drive,Loading,pitch.0,773730,1.5834,8.8248,38.6299,34.9236,-42.0603,-1.2918,0.1116,0.0927
1780080239933,1,12.00000015,Lower Delivery,Loading,pitch.0,773247,0.1034,-0.1254,0.1946,-0.0044,-0.0105,0.0011,0.0,0.0
1780080239933,1,12.00000018,Upper Delivery,Loading,pitch.0,774535,0.1757,-0.2454,0.3477,-0.0884,-0.0304,-0.0012,0.0,0.0
1780080239933,1,Pitching Mound.Delivery,,Loading,pitch.0,772623,0.2791,-0.3709,0.5424,-0.1448,-0.0408,0.0245,0.0,0.0
1780080239933,1,Pitching Mound.Drive,,Loading,pitch.0,773730,1.5834,8.8248,38.6299,34.9236,-42.0603,-1.2918,0.1116,0.0927
1780080239933,1,Pitching Mound.Parent,,Loading,pitch.0,771879,1.927,8.4549,39.2922,34.8272,-42.3587,-1.3101,0.1104,0.0899
1780080239934,1,11.0000004b,Drive,Loading,pitch.0,773731,1.5476,8.8159,38.5352,34.7568,-41.9306,-1.2427,0.1115,0.0924
1780080239934,1,12.00000015,Lower Delivery,Loading,pitch.0,773248,0.1041,-0.1351,0.1981,-0.0035,-0.02,0.0,0.0,0.0
1780080239934,1,12.00000018,Upper Delivery,Loading,pitch.0,774536,0.1567,-0.2082,0.3074,-0.0884,-0.0304,-0.0012,0.0,0.0
1780080239934,1,Pitching Mound.Delivery,,Loading,pitch.0,772624,0.2608,-0.3433,0.5056,-0.1291,-0.0504,0.0167,0.0,0.0
1780080239934,1,Pitching Mound.Drive,,Loading,pitch.0,773731,1.5476,8.8159,38.5352,34.7568,-41.9306,-1.2427,0.1115,0.0924
1780080239934,1,Pitching Mound.Parent,,Loading,pitch.0,771880,1.8442,8.4816,39.1355,34.7945,-42.1107,-1.2751,0.1102,0.0905
1780080239935,1,11.0000004b,Drive,Loading,pitch.0,773732,1.4918,8.8137,38.3885,34.6176,-41.6831,-1.2202,0.1113,0.0924
1780080239935,1,12.00000015,Lower Delivery,Loading,pitch.0,773249,0.1078,-0.1415,0.1979,-0.0138,-0.0181,0.0007,0.0,0.0
1780080239935,1,12.00000018,Upper Delivery,Loading,pitch.0,774537,0.2144,-0.259,0.4088,-0.0884,-0.0304,-0.0012,0.0,0.0
1780080239935,1,Pitching Mound.Delivery,,Loading,pitch.0,772625,0.3221,-0.4005,0.6066,-0.1739,-0.0484,0.0358,0.0,0.0
1780080239935,1,Pitching Mound.Drive,,Loading,pitch.0,773732,1.4918,8.8137,38.3885,34.6176,-41.6831,-1.2202,0.1113,0.0924
1780080239935,1,Pitching Mound.Parent,,Loading,pitch.0,771881,1.8697,8.4154,39.1418,34.583,-41.9791,-1.2069,0.1098,0.0892
1780080239936,1,11.0000004b,Drive,Loading,pitch.0,773733,1.4307,8.8261,38.3308,34.4821,-41.5958,-1.1632,0.1112,0.0922
1780080239936,1,12.00000015,Lower Delivery,Loading,pitch.0,773250,0.1121,-0.1438,0.1905,-0.0102,-0.0232,0.0009,0.0,0.0
1780080239936,1,12.00000018,Upper Delivery,Loading,pitch.0,774538,0.1662,-0.2274,0.3364,-0.0884,-0.0304,-0.0012,0.0,0.0
1780080239936,1,Pitching Mound.Delivery,,Loading,pitch.0,772626,0.2783,-0.3712,0.5268,-0.1482,-0.0536,0.0181,0.0,0.0
1780080239936,1,Pitching Mound.Drive,,Loading,pitch.0,773733,1.4307,8.8261,38.3308,34.4821,-41.5958,-1.1632,0.1112,0.0922
1780080239936,1,Pitching Mound.Parent,,Loading,pitch.0,771882,1.7701,8.4425,38.9153,34.4694,-41.7367,-1.2021,0.1098,0.0899
1780080239937,1,11.0000004b,Drive,Loading,pitch.0,773734,1.3703,8.8149,38.2109,34.3983,-41.4657,-1.1249,0.1112,0.0923
1780080239937,1,12.00000015,Lower Delivery,Loading,pitch.0,773251,0.1551,-0.1374,0.2367,-0.0164,-0.0235,-0.0002,0.0,0.0
1780080239937,1,12.00000018,Upper Delivery,Loading,pitch.0,774539,0.198,-0.2513,0.385,-0.0884,-0.0304,-0.0012,0.0,0.0
1780080239937,1,Pitching Mound.Delivery,,Loading,pitch.0,772627,0.3531,-0.3887,0.6217,-0.1552,-0.0539,0.0131,0.0,0.0
1780080239937,1,Pitching Mound.Drive,,Loading,pitch.0,773734,1.3703,8.8149,38.2109,34.3983,-41.4657,-1.1249,0.1112,0.0923
1780080239937,1,Pitching Mound.Parent,,Loading,pitch.0,771883,1.7838,8.4374,38.9525,34.3269,-41.6498,-1.1501,0.1095,0.0894
1780080239938,1,11.0000004b,Drive,Loading,pitch.0,773735,1.3056,8.813,38.0688,34.3355,-41.3129,-1.0903,0.1112,0.0924
1780080239938,1,12.00000015,Lower Delivery,Loading,pitch.0,773252,0.1409,-0.1326,0.185,-0.0139,-0.0317,-0.0014,0.0,0.0
1780080239938,1,12.00000018,Upper Delivery,Loading,pitch.0,774540,0.1969,-0.293,0.4738,-0.0884,-0.0304,-0.0012,0.0,0.0
1780080239938,1,Pitching Mound.Delivery,,Loading,pitch.0,772628,0.3379,-0.4256,0.6588,-0.2004,-0.062,0.0164,0.0,0.0
1780080239938,1,Pitching Mound.Drive,,Loading,pitch.0,773735,1.3056,8.813,38.0688,34.3355,-41.3129,-1.0903,0.1112,0.0924
1780080239938,1,Pitching Mound.Parent,,Loading,pitch.0,771884,1.7081,8.3893,38.8697,34.1979,-41.5277,-1.1085,0.1093,0.0882
1780080239939,1,11.0000004b,Drive,Loading,pitch.0,773736,1.2326,8.8185,37.9622,34.322,-41.1263,-1.0672,0.111,0.0927
1780080239939,1,12.00000015,Lower Delivery,Loading,pitch.0,773253,0.1437,-0.1452,0.206,-0.0107,-0.0289,-0.001,0.0,0.0
1780080239939,1,12.00000018,Upper Delivery,Loading,pitch.0,774541,0.1692,-0.3481,0.6001,-0.0884,-0.0304,-0.0012,0.0,0.0
1780080239939,1,Pitching Mound.Delivery,,Loading,pitch.0,772629,0.3129,-0.4933,0.8061,-0.2331,-0.0593,0.0064,0.0,0.0
1780080239939,1,Pitching Mound.Drive,,Loading,pitch.0,773736,1.2326,8.8185,37.9622,34.322,-41.1263,-1.0672,0.111,0.0927
1780080239939,1,Pitching Mound.Parent,,Loading,pitch.0,771885,1.6185,8.3196,38.8749,34.1024,-41.3721,-1.0839,0.1089,0.0871
1780080239940,1,11.0000004b,Drive,Loading,pitch.0,773737,1.1708,8.8152,37.9059,34.2062,-40.9316,-1.0412,0.1107,0.0925
1780080239940,1,12.00000015,Lower Delivery,Loading,pitch.0,773254,0.1571,-0.1466,0.2184,0.0036,-0.019,0.0003,0.0,0.0
1780080239940,1,12.00000018,Upper Delivery,Loading,pitch.0,774542,0.1969,-0.3041,0.4769,-0.0884,-0.0304,-0.0012,0.0,0.0
1780080239940,1,Pitching Mound.Delivery,,Loading,pitch.0,772630,0.354,-0.4507,0.6953,-0.1726,-0.0494,0.0126,0.0,0.0
1780080239940,1,Pitching Mound.Drive,,Loading,pitch.0,773737,1.1708,8.8152,37.9059,34.2062,-40.9316,-1.0412,0.1107,0.0925
1780080239940,1,Pitching Mound.Parent,,Loading,pitch.0,771886,1.5866,8.3679,38.6575,34.1494,-41.1757,-1.0546,0.109,0.0887
1780080239941,1,11.0000004b,Drive,Loading,pitch.0,773738,1.1116,8.8209,37.8729,34.2251,-40.8084,-0.9897,0.1104,0.0926
1780080239941,1,12.00000015,Lower Delivery,Loading,pitch.0,773255,0.1504,-0.1295,0.199,0.015,-0.0167,0.0021,0.0,0.0
1780080239941,1,12.00000018,Upper Delivery,Loading,pitch.0,774543,0.1745,-0.3977,0.6424,-0.0884,-0.0304,-0.0012,0.0,0.0
1780080239941,1,Pitching Mound.Delivery,,Loading,pitch.0,772631,0.3249,-0.5272,0.8414,-0.2242,-0.047,0.0091,0.0,0.0
1780080239941,1,Pitching Mound.Drive,,Loading,pitch.0,773738,1.1116,8.8209,37.8729,34.2251,-40.8084,-0.9897,0.1104,0.0926
1780080239941,1,Pitching Mound.Parent,,Loading,pitch.0,771887,1.4958,8.288,38.7473,33.982,-40.9786,-1.0321,0.1083,0.0866
1780080239942,1,11.0000004b,Drive,Loading,pitch.0,773739,1.0527,8.8025,37.8698,34.2125,-40.7509,-0.9759,0.1103,0.0926
1780080239942,1,12.00000015,Lower Delivery,Loading,pitch.0,773256,0.1612,-0.1386,0.2359,0.0065,-0.01,0.0055,0.0,0.0
1780080239942,1,12.00000018,Upper Delivery,Loading,pitch.0,774544,0.1777,-0.3497,0.5889,-0.0884,-0.0304,-0.0012,0.0,0.0
1780080239942,1,Pitching Mound.Delivery,,Loading,pitch.0,772632,0.3389,-0.4883,0.8248,-0.2019,-0.0403,0.0098,0.0,0.0
1780080239942,1,Pitching Mound.Drive,,Loading,pitch.0,773739,1.0527,8.8025,37.8698,34.2125,-40.7509,-0.9759,0.1103,0.0926
1780080239942,1,Pitching Mound.Parent,,Loading,pitch.0,771888,1.4505,8.3326,38.6977,34.0232,-40.8488,-0.9798,0.1081,0.0875
1780080239943,1,11.0000004b,Drive,Loading,pitch.0,773740,0.9875,8.8096,37.9228,34.1977,-40.6589,-0.9104,0.1099,0.0924
1780080239943,1,12.00000015,Lower Delivery,Loading,pitch.0,773257,0.1415,-0.1284,0.214,-0.0006,-0.0119,0.0056,0.0,0.0
1780080239943,1,12.00000018,Upper Delivery,Loading,pitch.0,774545,0.1452,-0.4691,0.5126,-0.0884,-0.0304,-0.0012,0.0,0.0
1780080239943,1,Pitching Mound.Delivery,,Loading,pitch.0,772633,0.2868,-0.5975,0.7267,-0.1905,-0.0422,0.0057,0.0,0.0
1780080239943,1,Pitching Mound.Drive,,Loading,pitch.0,773740,0.9875,8.8096,37.9228,34.1977,-40.6589,-0.9104,0.1099,0.0924
1780080239943,1,Pitching Mound.Parent,,Loading,pitch.0,771889,1.3395,8.205,38.5965,34.022,-40.7932,-0.9702,0.1082,0.0882
1780080239944,1,11.0000004b,Drive,Loading,pitch.0,773741,0.9237,8.8134,37.9395,34.1569,-40.5899,-0.8935,0.1097,0.0923
1780080239944,1,12.00000015,Lower Delivery,Loading,pitch.0,773258,0.1547,-0.1462,0.2446,0.0062,-0.0046,0.0055,0.0,0.0
1780080239944,1,12.00000018,Upper Delivery,Loading,pitch.0,774546,0.1721,-0.441,0.5334,-0.0884,-0.0304,-0.0012,0.0,0.0
1780080239944,1,Pitching Mound.Delivery,,Loading,pitch.0,772634,0.3268,-0.5872,0.778,-0.1804,-0.035,0.0102,0.0,0.0
1780080239944,1,Pitching Mound.Drive,,Loading,pitch.0,773741,0.9237,8.8134,37.9395,34.1569,-40.5899,-0.8935,0.1097,0.0923
1780080239944,1,Pitching Mound.Parent,,Loading,pitch.0,771890,1.3143,8.2224,38.7007,34.0174,-40.6939,-0.9002,0.1077,0.088
1780080239945,1,11.0000004b,Drive,Loading,pitch.0,773742,0.8554,8.8157,37.9291,34.1318,-40.5825,-0.894,0.1097,0.0922
1780080239945,1,12.00000015,Lower Delivery,Loading,pitch.0,773259,0.1813,-0.1401,0.2889,0.0206,0.0041,0.0105,0.0,0.0
1780080239945,1,12.00000018,Upper Delivery,Loading,pitch.0,774547,0.1731,-0.4203,0.5067,-0.0884,-0.0304,-0.0012,0.0,0.0
1780080239945,1,Pitching Mound.Delivery,,Loading,pitch.0,772635,0.3545,-0.5605,0.7955,-0.1418,-0.0262,0.0065,0.0,0.0
1780080239945,1,Pitching Mound.Drive,,Loading,pitch.0,773742,0.8554,8.8157,37.9291,34.1318,-40.5825,-0.894,0.1097,0.0922
1780080239945,1,Pitching Mound.Parent,,Loading,pitch.0,771891,1.2781,8.253,38.7351,34.015,-40.6161,-0.887,0.1074,0.0885
1780080239946,1,11.0000004b,Drive,Loading,pitch.0,773743,0.7925,8.8104,37.8616,34.1656,-40.4697,-0.85,0.1096,0.0925
1780080239946,1,12.00000015,Lower Delivery,Loading,pitch.0,773260,0.1702,-0.1305,0.2767,0.0164,-0.0017,0.0108,0.0,0.0
1780080239946,1,12.00000018,Upper Delivery,Loading,pitch.0,774548,0.1782,-0.4312,0.461,-0.0884,-0.0304,-0.0012,0.0,0.0
1780080239946,1,Pitching Mound.Delivery,,Loading,pitch.0,772636,0.3483,-0.5617,0.7377,-0.1347,-0.0321,0.0123,0.0,0.0
1780080239946,1,Pitching Mound.Drive,,Loading,pitch.0,773743,0.7925,8.8104,37.8616,34.1656,-40.4697,-0.85,0.1096,0.0925
1780080239946,1,Pitching Mound.Parent,,Loading,pitch.0,771892,1.2037,8.254,38.6668,33.9972,-40.6146,-0.8817,0.1076,0.0889
1780080239947,1,11.0000004b,Drive,Loading,pitch.0,773744,0.7223,8.8179,37.9608,34.2421,-40.4415,-0.8197,0.1092,0.0925
1780080239947,1,12.00000015,Lower Delivery,Loading,pitch.0,773261,0.1531,-0.1081,0.2528,0.0263,0.0071,0.0118,0.0,0.0
1780080239947,1,12.00000018,Upper Delivery,Loading,pitch.0,774549,0.1859,-0.417,0.3309,-0.0884,-0.0304,-0.0012,0.0,0.0
1780080239947,1,Pitching Mound.Delivery,,Loading,pitch.0,772637,0.339,-0.5251,0.5836,-0.0886,-0.0233,0.0218,0.0,0.0
1780080239947,1,Pitching Mound.Drive,,Loading,pitch.0,773744,0.7223,8.8179,37.9608,34.2421,-40.4415,-0.8197,0.1092,0.0925
1780080239947,1,Pitching Mound.Parent,,Loading,pitch.0,771893,1.1315,8.2853,38.4453,34.077,-40.4929,-0.8282,0.1079,0.0904
1780080239948,1,11.0000004b,Drive,Loading,pitch.0,773745,0.6639,8.8185,38.0089,34.2769,-40.5264,-0.8016,0.1093,0.0924
1780080239948,1,12.00000015,Lower Delivery,Loading,pitch.0,773262,0.1629,-0.131,0.2528,0.0296,-0.0065,0.0085,0.0,0.0
1780080239948,1,12.00000018,Upper Delivery,Loading,pitch.0,774550,0.2028,-0.3695,0.1625,-0.0884,-0.0304,-0.0012,0.0,0.0
1780080239948,1,Pitching Mound.Delivery,,Loading,pitch.0,772638,0.3656,-0.5005,0.4152,-0.028,-0.0369,0.0209,0.0,0.0
1780080239948,1,Pitching Mound.Drive,,Loading,pitch.0,773745,0.6639,8.8185,38.0089,34.2769,-40.5264,-0.8016,0.1093,0.0924
1780080239948,1,Pitching Mound.Parent,,Loading,pitch.0,771894,1.0879,8.3174,38.3761,34.2141,-40.4783,-0.7987,0.108,0.0923
1780080239949,1,11.0000004b,Drive,Loading,pitch.0,773746,0.6209,8.8433,38.1115,34.4245,-40.6265,-0.7825,0.1093,0.0926
1780080239949,1,12.00000015,Lower Delivery,Loading,pitch.0,773263,0.1508,-0.1256,0.2371,0.0383,-0.0015,0.0101,0.0,0.0
1780080239949,1,12.00000018,Upper Delivery,Loading,pitch.0,774551,0.2061,-0.3713,0.2273,-0.0884,-0.0304,-0.0012,0.0,0.0
1780080239949,1,Pitching Mound.Delivery,,Loading,pitch.0,772639,0.357,-0.4969,0.4644,-0.0467,-0.0319,0.0277,0.0,0.0
1780080239949,1,Pitching Mound.Drive,,Loading,pitch.0,773746,0.6209,8.8433,38.1115,34.4245,-40.6265,-0.7825,0.1093,0.0926
1780080239949,1,Pitching Mound.Parent,,Loading,pitch.0,771895,1.0208,8.3216,38.4732,34.2302,-40.5582,-0.7739,0.108,0.0914
1780080239950,1,11.0000004b,Drive,Loading,pitch.0,773747,0.5576,8.8715,38.1967,34.5208,-40.7528,-0.7475,0.1094,0.0926
1780080239950,1,12.00000015,Lower Delivery,Loading,pitch.0,773264,0.1672,-0.1401,0.226,0.0522,-0.0027,0.0079,0.0,0.0
1780080239950,1,12.00000018,Upper Delivery,Loading,pitch.0,774552,0.195,-0.4142,0.3157,-0.0884,-0.0304,-0.0012,0.0,0.0
1780080239950,1,Pitching Mound.Delivery,,Loading,pitch.0,772640,0.3622,-0.5542,0.5417,-0.0667,-0.0331,0.0162,0.0,0.0
1780080239950,1,Pitching Mound.Drive,,Loading,pitch.0,773747,0.5576,8.8715,38.1967,34.5208,-40.7528,-0.7475,0.1094,0.0926
1780080239950,1,Pitching Mound.Parent,,Loading,pitch.0,771896,0.9832,8.289,38.6531,34.3579,-40.6595,-0.7663,0.1077,0.0905
1780080239951,1,11.0000004b,Drive,Loading,pitch.0,773748,0.4945,8.8909,38.2859,34.6043,-40.796,-0.7461,0.1092,0.0926
1780080239951,1,12.00000015,Lower Delivery,Loading,pitch.0,773265,0.1741,-0.1629,0.2555,0.0479,-0.0052,0.0044,0.0,0.0
1780080239951,1,12.00000018,Upper Delivery,Loading,pitch.0,774553,0.1968,-0.406,0.4125,-0.0884,-0.0304,-0.0012,0.0,0.0
1780080239951,1,Pitching Mound.Delivery,,Loading,pitch.0,772641,0.3709,-0.5689,0.668,-0.0939,-0.0356,0.011,0.0,0.0
1780080239951,1,Pitching Mound.Drive,,Loading,pitch.0,773748,0.4945,8.8909,38.2859,34.6043,-40.796,-0.7461,0.1092,0.0926
1780080239951,1,Pitching Mound.Parent,,Loading,pitch.0,771897,0.9285,8.3026,38.8647,34.4269,-40.7884,-0.7366,0.1075,0.0897
1780080239952,1,11.0000004b,Drive,Loading,pitch.0,773749,0.4336,8.9448,38.4001,34.8441,-41.059,-0.698,0.1096,0.093
1780080239952,1,12.00000015,Lower Delivery,Loading,pitch.0,773266,0.1921,-0.1704,0.2806,0.04,-0.0087,0.004,0.0,0.0
1780080239952,1,12.00000018,Upper Delivery,Loading,pitch.0,774554,0.2068,-0.4247,0.5646,-0.0884,-0.0304,-0.0012,0.0,0.0
1780080239952,1,Pitching Mound.Delivery,,Loading,pitch.0,772642,0.3988,-0.5952,0.8452,-0.1449,-0.0391,0.0077,0.0,0.0
1780080239952,1,Pitching Mound.Drive,,Loading,pitch.0,773749,0.4336,8.9448,38.4001,34.8441,-41.059,-0.698,0.1096,0.093
1780080239952,1,Pitching Mound.Parent,,Loading,pitch.0,771898,0.8933,8.2958,39.1311,34.4594,-40.8352,-0.7383,0.1069,0.0882
1780080239953,1,11.0000004b,Drive,Loading,pitch.0,773750,0.3747,8.9943,38.5179,34.9885,-41.2801,-0.671,0.1098,0.0931
1780080239953,1,12.00000015,Lower Delivery,Loading,pitch.0,773267,0.1913,-0.1848,0.2806,0.0426,-0.0087,0.0051,0.0,0.0
1780080239953,1,12.00000018,Upper Delivery,Loading,pitch.0,774555,0.2143,-0.3843,0.5581,-0.0884,-0.0304,-0.0012,0.0,0.0
1780080239953,1,Pitching Mound.Delivery,,Loading,pitch.0,772643,0.4056,-0.5691,0.8387,-0.1401,-0.0391,0.0118,0.0,0.0
1780080239953,1,Pitching Mound.Drive,,Loading,pitch.0,773750,0.3747,8.9943,38.5179,34.9885,-41.2801,-0.671,0.1098,0.0931
1780080239953,1,Pitching Mound.Parent,,Loading,pitch.0,771899,0.8392,8.3757,39.2388,34.704,-41.0981,-0.6863,0.1072,0.0886
1780080239954,1,11.0000004b,Drive,Loading,pitch.0,773751,0.3371,9.0507,38.722,35.2596,-41.5635,-0.6121,0.11,0.0933
1780080239954,1,12.00000015,Lower Delivery,Loading,pitch.0,773268,0.1824,-0.1818,0.2575,0.0542,-0.0063,0.0071,0.0,0.0
1780080239954,1,12.00000018,Upper Delivery,Loading,pitch.0,774556,0.2082,-0.3202,0.4676,-0.0884,-0.0304,-0.0012,0.0,0.0
1780080239954,1,Pitching Mound.Delivery,,Loading,pitch.0,772644,0.3906,-0.502,0.7252,-0.1056,-0.0367,0.0147,0.0,0.0
1780080239954,1,Pitching Mound.Drive,,Loading,pitch.0,773751,0.3371,9.0507,38.722,35.2596,-41.5635,-0.6121,0.11,0.0933
1780080239954,1,Pitching Mound.Parent,,Loading,pitch.0,771900,0.7654,8.4923,39.2431,34.883,-41.3168,-0.6564,0.1078,0.0896
1780080239955,1,11.0000004b,Drive,Loading,pitch.0,773752,0.3103,9.1224,38.9642,35.5059,-41.8658,-0.5698,0.1101,0.0934
1780080239955,1,12.00000015,Lower Delivery,Loading,pitch.0,773269,0.2005,-0.1698,0.2532,0.0534,-0.0095,0.0072,0.0,0.0
1780080239955,1,12.00000018,Upper Delivery,Loading,pitch.0,774557,0.198,-0.2891,0.4035,-0.0884,-0.0304,-0.0012,0.0,0.0
1780080239955,1,Pitching Mound.Delivery,,Loading,pitch.0,772645,0.3984,-0.4588,0.6567,-0.0861,-0.0399,0.0051,0.0,0.0
1780080239955,1,Pitching Mound.Drive,,Loading,pitch.0,773752,0.3103,9.1224,38.9642,35.5059,-41.8658,-0.5698,0.1101,0.0934
1780080239955,1,Pitching Mound.Parent,,Loading,pitch.0,771901,0.7356,8.5918,39.3786,35.1735,-41.6034,-0.607,0.1082,0.0905
1780080239956,1,11.0000004b,Drive,Loading,pitch.0,773753,0.2777,9.1973,39.274,35.7349,-42.1645,-0.497,0.11,0.0933
1780080239956,1,12.00000015,Lower Delivery,Loading,pitch.0,773270,0.1961,-0.1904,0.2573,0.0444,-0.0108,0.0075,0.0,0.0
1780080239956,1,12.00000018,Upper Delivery,Loading,pitch.0,774558,0.1816,-0.2728,0.3707,-0.0884,-0.0304,-0.0012,0.0,0.0
1780080239956,1,Pitching Mound.Delivery,,Loading,pitch.0,772646,0.3777,-0.4632,0.6281,-0.0826,-0.0412,0.0013,0.0,0.0
1780080239956,1,Pitching Mound.Drive,,Loading,pitch.0,773753,0.2777,9.1973,39.274,35.7349,-42.1645,-0.497,0.11,0.0933
1780080239956,1,Pitching Mound.Parent,,Loading,pitch.0,771902,0.688,8.6592,39.5923,35.4233,-41.9069,-0.5685,0.1084,0.0909
1780080239957,1,11.0000004b,Drive,Loading,pitch.0,773754,0.2589,9.2753,39.5638,36.0458,-42.5138,-0.4371,0.1101,0.0934
1780080239957,1,12.00000015,Lower Delivery,Loading,pitch.0,773271,0.1898,-0.1706,0.2227,0.0397,-0.0136,0.0063,0.0,0.0
1780080239957,1,12.00000018,Upper Delivery,Loading,pitch.0,774559,0.1183,-0.2056,0.2602,-0.0884,-0.0304,-0.0012,0.0,0.0
1780080239957,1,Pitching Mound.Delivery,,Loading,pitch.0,772647,0.3081,-0.3763,0.4829,-0.0614,-0.0439,-0.0192,0.0,0.0
1780080239957,1,Pitching Mound.Drive,,Loading,pitch.0,773754,0.2589,9.2753,39.5638,36.0458,-42.5138,-0.4371,0.1101,0.0934
1780080239957,1,Pitching Mound.Parent,,Loading,pitch.0,771903,0.5858,8.8211,39.7569,35.6735,-42.2084,-0.5162,0.1087,0.0918
1780080239958,1,11.0000004b,Drive,Loading,pitch.0,773755,0.2379,9.3622,39.8508,36.3901,-42.9231,-0.2876,0.1104,0.0936
1780080239958,1,12.00000015,Lower Delivery,Loading,pitch.0,773272,0.18,-0.1808,0.1956,0.0384,-0.0066,0.0098,0.0,0.0
1780080239958,1,12.00000018,Upper Delivery,Loading,pitch.0,774560,0.1191,-0.1956,0.255,-0.0884,-0.0304,-0.0012,0.0,0.0
1780080239958,1,Pitching Mound.Delivery,,Loading,pitch.0,772648,0.2991,-0.3764,0.4505,-0.0702,-0.037,-0.0121,0.0,0.0
1780080239958,1,Pitching Mound.Drive,,Loading,pitch.0,773755,0.2379,9.3622,39.8508,36.3901,-42.9231,-0.2876,0.1104,0.0936
1780080239958,1,Pitching Mound.Parent,,Loading,pitch.0,771904,0.558,8.8988,40.0144,35.9756,-42.5507,-0.4492,0.1089,0.0918
1780080239959,1,11.0000004b,Drive,Loading,pitch.0,773756,0.242,9.451,40.2612,36.6231,-43.2562,-0.1272,0.1101,0.0932
1780080239959,1,12.00000015,Lower Delivery,Loading,pitch.0,773273,0.1834,-0.1726,0.2186,0.0379,-0.0113,0.0081,0.0,0.0
1780080239959,1,12.00000018,Upper Delivery,Loading,pitch.0,774561,0.0797,-0.1675,0.1948,-0.0884,-0.0304,-0.0012,0.0,0.0
1780080239959,1,Pitching Mound.Delivery,,Loading,pitch.0,772649,0.2631,-0.3401,0.4135,-0.0424,-0.0417,-0.0283,0.0,0.0
1780080239959,1,Pitching Mound.Drive,,Loading,pitch.0,773756,0.242,9.451,40.2612,36.6231,-43.2562,-0.1272,0.1101,0.0932
1780080239959,1,Pitching Mound.Parent,,Loading,pitch.0,771905,0.501,9.0221,40.2643,36.3477,-42.9648,-0.3159,0.1093,0.0928
1780080239960,1,11.0000004b,Drive,Loading,pitch.0,773757,0.2203,9.5543,40.6637,36.9802,-43.5406,-0.0212,0.1097,0.0932
1780080239960,1,12.00000015,Lower Delivery,Loading,pitch.0,773274,0.1959,-0.1903,0.2436,0.0342,-0.0095,0.0092,0.0,0.0
1780080239960,1,12.00000018,Upper Delivery,Loading,pitch.0,774562,0.0945,-0.1666,0.2128,-0.0884,-0.0304,-0.0012,0.0,0.0
1780080239960,1,Pitching Mound.Delivery,,Loading,pitch.0,772650,0.2904,-0.357,0.4564,-0.0437,-0.0399,-0.0265,0.0,0.0
1780080239960,1,Pitching Mound.Drive,,Loading,pitch.0,773757,0.2203,9.5543,40.6637,36.9802,-43.5406,-0.0212,0.1097,0.0932
1780080239960,1,Pitching Mound.Parent,,Loading,pitch.0,771906,0.5325,9.094,40.7176,36.5794,-43.2961,-0.1536,0.1089,0.0924
1780080239961,1,11.0000004b,Drive,Loading,pitch.0,773758,0.2115,9.6393,41.0071,37.2281,-43.9579,0.097,0.1099,0.093
1780080239961,1,12.00000015,Lower Delivery,Loading,pitch.0,773275,0.1694,-0.1847,0.2169,0.0268,-0.0028,0.0092,0.0,0.0
1780080239961,1,12.00000018,Upper Delivery,Loading,pitch.0,774563,0.1241,-0.1979,0.2713,-0.0884,-0.0304,-0.0012,0.0,0.0
1780080239961,1,Pitching Mound.Delivery,,Loading,pitch.0,772651,0.2935,-0.3826,0.4883,-0.0801,-0.0332,-0.0074,0.0,0.0
1780080239961,1,Pitching Mound.Drive,,Loading,pitch.0,773758,0.2115,9.6393,41.0071,37.2281,-43.9579,0.097,0.1099,0.093
1780080239961,1,Pitching Mound.Parent,,Loading,pitch.0,771907,0.5138,9.1717,41.1519,36.9001,-43.5738,-0.0286,0.1084,0.0917
1780080239962,1,11.0000004b,Drive,Loading,pitch.0,773759,0.2152,9.7404,41.4014,37.4879,-44.4125,0.1789,0.1099,0.0928
1780080239962,1,12.00000015,Lower Delivery,Loading,pitch.0,773276,0.1807,-0.1643,0.2392,0.0184,-0.0077,0.009,0.0,0.0
1780080239962,1,12.00000018,Upper Delivery,Loading,pitch.0,774564,0.1218,-0.1995,0.2691,-0.0884,-0.0304,-0.0012,0.0,0.0
1780080239962,1,Pitching Mound.Delivery,,Loading,pitch.0,772652,0.3024,-0.3638,0.5083,-0.0802,-0.038,-0.0122,0.0,0.0
1780080239962,1,Pitching Mound.Drive,,Loading,pitch.0,773759,0.2152,9.7404,41.4014,37.4879,-44.4125,0.1789,0.1099,0.0928
1780080239962,1,Pitching Mound.Parent,,Loading,pitch.0,771908,0.5139,9.2755,41.5153,37.148,-43.9959,0.0848,0.1085,0.0917
1780080239963,1,11.0000004b,Drive,Loading,pitch.0,773760,0.1866,9.8373,41.7257,37.6094,-44.7151,0.2612,0.1098,0.0924
1780080239963,1,12.00000015,Lower Delivery,Loading,pitch.0,773277,0.1684,-0.1633,0.2324,0.0226,0.0027,0.0094,0.0,0.0
1780080239963,1,12.00000018,Upper Delivery,Loading,pitch.0,774565,0.1191,-0.2043,0.2738,-0.0884,-0.0304,-0.0012,0.0,0.0
1780080239963,1,Pitching Mound.Delivery,,Loading,pitch.0,772653,0.2874,-0.3677,0.5063,-0.0798,-0.0277,-0.0086,0.0,0.0
1780080239963,1,Pitching Mound.Drive,,Loading,pitch.0,773760,0.1866,9.8373,41.7257,37.6094,-44.7151,0.2612,0.1098,0.0924
1780080239963,1,Pitching Mound.Parent,,Loading,pitch.0,771909,0.5027,9.3727,41.9077,37.4081,-44.4402,0.1703,0.1086,0.0913
1780080239964,1,11.0000004b,Drive,Loading,pitch.0,773761,0.1782,9.953,42.1319,37.8074,-45.1085,0.3407,0.1097,0.092
1780080239964,1,12.00000015,Lower Delivery,Loading,pitch.0,773278,0.1818,-0.1719,0.2279,0.0004,-0.0043,0.0087,0.0,0.0
1780080239964,1,12.00000018,Upper Delivery,Loading,pitch.0,774566,0.1536,-0.2419,0.3393,-0.0884,-0.0304,-0.0012,0.0,0.0
1780080239964,1,Pitching Mound.Delivery,,Loading,pitch.0,772654,0.3354,-0.4137,0.5672,-0.1259,-0.0346,-0.0021,0.0,0.0
1780080239964,1,Pitching Mound.Drive,,Loading,pitch.0,773761,0.1782,9.953,42.1319,37.8074,-45.1085,0.3407,0.1097,0.092
1780080239964,1,Pitching Mound.Parent,,Loading,pitch.0,771910,0.522,9.4236,42.2929,37.4836,-44.7497,0.259,0.1084,0.0902
1780080239965,1,11.0000004b,Drive,Loading,pitch.0,773762,0.1424,10.0694,42.5203,38.198,-45.5828,0.466,0.1099,0.0921
1780080239965,1,12.00000015,Lower Delivery,Loading,pitch.0,773279,0.1622,-0.1552,0.2187,-0.0021,-0.0007,0.0073,0.0,0.0
1780080239965,1,12.00000018,Upper Delivery,Loading,pitch.0,774567,0.1884,-0.299,0.4311,-0.0884,-0.0304,-0.0012,0.0,0.0
1780080239965,1,Pitching Mound.Delivery,,Loading,pitch.0,772655,0.3506,-0.4543,0.6498,-0.1627,-0.0311,0.015,0.0,0.0
1780080239965,1,Pitching Mound.Drive,,Loading,pitch.0,773762,0.1424,10.0694,42.5203,38.198,-45.5828,0.466,0.1099,0.0921
1780080239965,1,Pitching Mound.Parent,,Loading,pitch.0,771911,0.5288,9.4987,42.7818,37.6447,-45.1396,0.3557,0.1081,0.0889
1780080239966,1,11.0000004b,Drive,Loading,pitch.0,773763,0.1054,10.1918,42.9053,38.5223,-46.0353,0.591,0.11,0.092
1780080239966,1,12.00000015,Lower Delivery,Loading,pitch.0,773280,0.1705,-0.1718,0.2375,0.0011,0.0046,0.008,0.0,0.0
1780080239966,1,12.00000018,Upper Delivery,Loading,pitch.0,774568,0.1683,-0.4073,0.5225,-0.0884,-0.0304,-0.0012,0.0,0.0
1780080239966,1,Pitching Mound.Delivery,,Loading,pitch.0,772656,0.3387,-0.5791,0.76,-0.1842,-0.0257,0.006,0.0,0.0
1780080239966,1,Pitching Mound.Drive,,Loading,pitch.0,773763,0.1054,10.1918,42.9053,38.5223,-46.0353,0.591,0.11,0.092
1780080239966,1,Pitching Mound.Parent,,Loading,pitch.0,771912,0.4811,9.4904,43.2804,38.0139,-45.6085,0.4721,0.1079,0.0882
1780080239967,1,11.0000004b,Drive,Loading,pitch.0,773764,0.055,10.3208,43.3725,38.9961,-46.6351,0.7101,0.1102,0.0922
1780080239967,1,12.00000015,Lower Delivery,Loading,pitch.0,773281,0.1461,-0.1472,0.2012,0.0111,0.0064,0.0093,0.0,0.0
1780080239967,1,12.00000018,Upper Delivery,Loading,pitch.0,774569,0.1751,-0.3895,0.4265,-0.0884,-0.0304,-0.0012,0.0,0.0
1780080239967,1,12.00000018,Upper Delivery,Loading,pitch.0,774570,0.1623,-0.4195,0.5144,-0.0884,-0.0304,-0.0012,0.0,0.0
1780080239967,1,Pitching Mound.Delivery,,Loading,pitch.0,772657,0.3212,-0.5367,0.6278,-0.1539,-0.0239,0.018,0.0,0.0
1780080239967,1,Pitching Mound.Drive,,Loading,pitch.0,773764,0.055,10.3208,43.3725,38.9961,-46.6351,0.7101,0.1102,0.0922
1780080239967,1,Pitching Mound.Parent,,Loading,pitch.0,771913,0.4266,9.6551,43.5331,38.3684,-46.0593,0.609,0.1084,0.0889
1780080239968,1,11.0000004b,Drive,Loading,pitch.0,773765,-0.0087,10.4361,43.7493,39.2711,-47.2093,0.8762,0.1106,0.092
1780080239968,1,12.00000015,Lower Delivery,Loading,pitch.0,773282,0.1461,-0.1606,0.2537,-0.0091,0.0007,0.0114,0.0,0.0
1780080239968,1,Pitching Mound.Delivery,,Loading,pitch.0,772658,0.3084,-0.5802,0.7681,-0.186,-0.0296,0.0157,0.0,0.0
1780080239968,1,Pitching Mound.Drive,,Loading,pitch.0,773765,-0.0087,10.4361,43.7493,39.2711,-47.2093,0.8762,0.1106,0.092
1780080239968,1,Pitching Mound.Parent,,Loading,pitch.0,771914,0.3634,9.7407,44.1406,38.8101,-46.6648,0.7258,0.1083,0.0885
1780080239969,1,11.0000004b,Drive,Loading,pitch.0,773766,-0.0739,10.5648,44.1819,39.6043,-47.7745,1.0317,0.1108,0.0919
1780080239969,1,12.00000015,Lower Delivery,Loading,pitch.0,773283,0.1507,-0.1549,0.2735,0.013,0.0064,0.0124,0.0,0.0
1780080239969,1,12.00000018,Upper Delivery,Loading,pitch.0,774571,0.1504,-0.4261,0.487,-0.0884,-0.0304,-0.0012,0.0,0.0
1780080239969,1,12.00000018,Upper Delivery,Loading,pitch.0,774572,0.1381,-0.3653,0.4147,-0.0884,-0.0304,-0.0012,0.0,0.0
1780080239969,1,Pitching Mound.Delivery,,Loading,pitch.0,772659,0.301,-0.581,0.7606,-0.1479,-0.0239,0.0111,0.0,0.0
1780080239969,1,Pitching Mound.Drive,,Loading,pitch.0,773766,-0.0739,10.5648,44.1819,39.6043,-47.7745,1.0317,0.1108,0.0919
1780080239969,1,Pitching Mound.Parent,,Loading,pitch.0,771915,0.2923,9.8551,44.5099,39.1232,-47.2333,0.8874,0.1087,0.0888
1780080239970,1,11.0000004b,Drive,Loading,pitch.0,773767,-0.1541,10.6966,44.5248,39.8823,-48.3663,1.1734,0.1113,0.0918
1780080239970,1,12.00000015,Lower Delivery,Loading,pitch.0,773284,0.1409,-0.144,0.2687,0.0188,0.0069,0.0116,0.0,0.0
1780080239970,1,12.00000018,Upper Delivery,Loading,pitch.0,774573,0.1586,-0.3461,0.3851,-0.0884,-0.0304,-0.0012,0.0,0.0
1780080239970,1,Pitching Mound.Delivery,,Loading,pitch.0,772660,0.2791,-0.5093,0.6835,-0.1192,-0.0235,0.0094,0.0,0.0
1780080239970,1,Pitching Mound.Drive,,Loading,pitch.0,773767,-0.1541,10.6966,44.5248,39.8823,-48.3663,1.1734,0.1113,0.0918
1780080239970,1,Pitching Mound.Parent,,Loading,pitch.0,771916,0.2052,10.0554,44.8654,39.4851,-47.7979,1.0411,0.1091,0.0894
1780080239971,1,11.0000004b,Drive,Loading,pitch.0,773768,-0.2176,10.8264,44.9401,40.1932,-48.8791,1.3741,0.1115,0.0917
1780080239971,1,12.00000015,Lower Delivery,Loading,pitch.0,773285,0.1199,-0.1349,0.2392,-0.0087,-0.0053,0.0113,0.0,0.0
1780080239971,1,12.00000018,Upper Delivery,Loading,pitch.0,774574,0.1706,-0.2799,0.4247,-0.0884,-0.0304,-0.0012,0.0,0.0
1780080239971,1,Pitching Mound.Delivery,,Loading,pitch.0,772661,0.2785,-0.481,0.6242,-0.1467,-0.0357,0.0233,0.0,0.0
1780080239971,1,Pitching Mound.Drive,,Loading,pitch.0,773768,-0.2176,10.8264,44.9401,40.1932,-48.8791,1.3741,0.1115,0.0917
1780080239971,1,Pitching Mound.Parent,,Loading,pitch.0,771917,0.1244,10.2157,45.149,39.7356,-48.402,1.1967,0.1098,0.0894
1780080239972,1,11.0000004b,Drive,Loading,pitch.0,773769,-0.2893,10.9624,45.4167,40.4642,-49.4652,1.5239,0.1116,0.0913
1780080239972,1,12.00000015,Lower Delivery,Loading,pitch.0,773286,0.1318,-0.1537,0.2579,-0.0118,-0.0034,0.0098,0.0,0.0
1780080239972,1,12.00000018,Upper Delivery,Loading,pitch.0,774575,0.1561,-0.3545,0.5099,-0.0884,-0.0304,-0.0012,0.0,0.0
1780080239972,1,Pitching Mound.Delivery,,Loading,pitch.0,772662,0.3024,-0.4336,0.6827,-0.1568,-0.0337,0.0218,0.0,0.0
1780080239972,1,Pitching Mound.Drive,,Loading,pitch.0,773769,-0.2893,10.9624,45.4167,40.4642,-49.4652,1.5239,0.1116,0.0913
1780080239972,1,Pitching Mound.Parent,,Loading,pitch.0,771918,0.0848,10.3928,45.6228,40.0364,-48.9129,1.3959,0.1098,0.0891
1780080239973,1,11.0000004b,Drive,Loading,pitch.0,773770,-0.3733,11.0874,45.7609,40.7865,-49.8889,1.7224,0.1117,0.0914
1780080239973,1,12.00000015,Lower Delivery,Loading,pitch.0,773287,0.1292,-0.157,0.267,-0.0182,-0.0099,0.0083,0.0,0.0
1780080239973,1,12.00000018,Upper Delivery,Loading,pitch.0,774576,0.1735,-0.3482,0.4427,-0.0884,-0.0304,-0.0012,0.0,0.0
1780080239973,1,Pitching Mound.Delivery,,Loading,pitch.0,772663,0.2853,-0.5115,0.7769,-0.1892,-0.0403,0.0162,0.0,0.0
1780080239973,1,Pitching Mound.Drive,,Loading,pitch.0,773770,-0.3733,11.0874,45.7609,40.7865,-49.8889,1.7224,0.1117,0.0914
1780080239973,1,Pitching Mound.Parent,,Loading,pitch.0,771919,-0.004,10.4509,46.1936,40.275,-49.5055,1.5401,0.1098,0.088
1780080239974,1,11.0000004b,Drive,Loading,pitch.0,773771,-0.4457,11.2195,46.254,41.042,-50.48,1.9159,0.1119,0.0909
1780080239974,1,12.00000015,Lower Delivery,Loading,pitch.0,773288,0.1297,-0.1507,0.2431,-0.0261,-0.0171,0.0072,0.0,0.0
1780080239974,1,Pitching Mound.Delivery,,Loading,pitch.0,772664,0.3032,-0.4989,0.6858,-0.1823,-0.0475,0.0209,0.0,0.0
1780080239974,1,Pitching Mound.Drive,,Loading,pitch.0,773771,-0.4457,11.2195,46.254,41.042,-50.48,1.9159,0.1119,0.0909
1780080239974,1,Pitching Mound.Parent,,Loading,pitch.0,771920,-0.0701,10.5885,46.4468,40.6041,-49.9364,1.7433,0.1101,0.0885
1780080239975,1,11.0000004b,Drive,Loading,pitch.0,773772,-0.5412,11.371,46.9282,41.7345,-51.255,2.1756,0.1119,0.0912
1780080239975,1,12.00000015,Lower Delivery,Loading,pitch.0,773289,0.1418,-0.1369,0.2368,-0.0467,-0.0256,0.0037,0.0,0.0
1780080239975,1,12.00000018,Upper Delivery,Loading,pitch.0,774577,0.1715,-0.3426,0.4586,-0.0884,-0.0304,-0.0012,0.0,0.0
1780080239975,1,Pitching Mound.Delivery,,Loading,pitch.0,772665,0.3133,-0.4796,0.6954,-0.2105,-0.0559,0.0126,0.0,0.0
1780080239975,1,Pitching Mound.Drive,,Loading,pitch.0,773772,-0.5412,11.371,46.9282,41.7345,-51.255,2.1756,0.1119,0.0912
1780080239975,1,Pitching Mound.Parent,,Loading,pitch.0,771921,-0.1324,10.7399,46.9494,40.8315,-50.5359,1.9285,0.1102,0.088
1780080239976,1,11.0000004b,Drive,Loading,pitch.0,773773,-0.6324,11.5206,47.7067,42.3544,-52.2183,2.4388,0.1122,0.091
1780080239976,1,12.00000015,Lower Delivery,Loading,pitch.0,773290,0.1593,-0.1214,0.2396,-0.042,-0.0232,0.0044,0.0,0.0
1780080239976,1,12.00000018,Upper Delivery,Loading,pitch.0,774578,0.1741,-0.2826,0.4283,-0.0884,-0.0304,-0.0012,0.0,0.0
1780080239976,1,12.00000018,Upper Delivery,Loading,pitch.0,774579,0.1509,-0.2431,0.3235,-0.0884,-0.0304,-0.0012,0.0,0.0
1780080239976,1,Pitching Mound.Delivery,,Loading,pitch.0,772666,0.3333,-0.404,0.6679,-0.1945,-0.0535,0.0083,0.0,0.0
1780080239976,1,Pitching Mound.Drive,,Loading,pitch.0,773773,-0.6324,11.5206,47.7067,42.3544,-52.2183,2.4388,0.1122,0.091
1780080239976,1,Pitching Mound.Parent,,Loading,pitch.0,771922,-0.2079,10.967,47.5961,41.54,-51.3085,2.1839,0.1104,0.0885
1780080239977,1,11.0000004b,Drive,Loading,pitch.0,773774,-0.6937,11.6263,47.7887,42.0944,-52.3683,2.5613,0.1123,0.0903
1780080239977,1,12.00000015,Lower Delivery,Loading,pitch.0,773291,0.179,-0.1317,0.2645,-0.0379,-0.0279,0.0008,0.0,0.0
1780080239977,1,12.00000018,Upper Delivery,Loading,pitch.0,774580,0.1629,-0.3025,0.4824,-0.0884,-0.0304,-0.0012,0.0,0.0
1780080239977,1,Pitching Mound.Delivery,,Loading,pitch.0,772667,0.3299,-0.3748,0.5879,-0.1463,-0.0583,-0.01,0.0,0.0
1780080239977,1,Pitching Mound.Drive,,Loading,pitch.0,773774,-0.6937,11.6263,47.7887,42.0944,-52.3683,2.5613,0.1123,0.0903
1780080239977,1,Pitching Mound.Parent,,Loading,pitch.0,771923,-0.3025,11.1458,48.2946,42.208,-52.2766,2.4288,0.1108,0.0895
1780080239978,1,11.0000004b,Drive,Loading,pitch.0,773775,-0.7919,11.7794,48.5246,42.8208,-53.279,2.7916,0.1125,0.0904
1780080239978,1,12.00000015,Lower Delivery,Loading,pitch.0,773292,0.1881,-0.1436,0.2665,-0.036,-0.0341,0.0021,0.0,0.0
1780080239978,1,12.00000018,Upper Delivery,Loading,pitch.0,774581,0.145,-0.4097,0.5434,-0.0884,-0.0304,-0.0012,0.0,0.0
1780080239978,1,Pitching Mound.Delivery,,Loading,pitch.0,772668,0.3511,-0.4461,0.749,-0.1978,-0.0645,-0.0076,0.0,0.0
1780080239978,1,Pitching Mound.Drive,,Loading,pitch.0,773775,-0.7919,11.7794,48.5246,42.8208,-53.279,2.7916,0.1125,0.0904
1780080239978,1,Pitching Mound.Parent,,Loading,pitch.0,771924,-0.3427,11.1802,48.5376,41.8967,-52.4328,2.5537,0.1106,0.0874
1780080239979,1,11.0000004b,Drive,Loading,pitch.0,773776,-0.8985,11.9062,48.9761,43.262,-54.0547,3.0277,0.1131,0.0905
1780080239979,1,12.00000015,Lower Delivery,Loading,pitch.0,773293,0.1943,-0.1347,0.2685,-0.0176,-0.0229,0.0014,0.0,0.0
1780080239979,1,Pitching Mound.Delivery,,Loading,pitch.0,772669,0.3393,-0.5444,0.8119,-0.1995,-0.0532,-0.0165,0.0,0.0
1780080239979,1,Pitching Mound.Drive,,Loading,pitch.0,773776,-0.8985,11.9062,48.9761,43.262,-54.0547,3.0277,0.1131,0.0905
1780080239979,1,Pitching Mound.Parent,,Loading,pitch.0,771925,-0.4526,11.235,49.3365,42.6213,-53.3323,2.7751,0.1107,0.0871
1780080239980,1,11.0000004b,Drive,Loading,pitch.0,773777,-0.9965,12.0755,49.6408,43.9113,-55.1377,3.3098,0.1138,0.0907
1780080239980,1,12.00000015,Lower Delivery,Loading,pitch.0,773294,0.1842,-0.1181,0.2228,-0.0265,-0.0286,0.002,0.0,0.0
1780080239980,1,12.00000018,Upper Delivery,Loading,pitch.0,774582,0.1547,-0.4252,0.5599,-0.0884,-0.0304,-0.0012,0.0,0.0
1780080239980,1,12.00000018,Upper Delivery,Loading,pitch.0,774583,0.1484,-0.3906,0.5765,-0.0884,-0.0304,-0.0012,0.0,0.0
1780080239980,1,Pitching Mound.Delivery,,Loading,pitch.0,772670,0.3389,-0.5433,0.7828,-0.2295,-0.0589,-0.0092,0.0,0.0
1780080239980,1,Pitching Mound.Drive,,Loading,pitch.0,773777,-0.9965,12.0755,49.6408,43.9113,-55.1377,3.3098,0.1138,0.0907
1780080239980,1,Pitching Mound.Parent,,Loading,pitch.0,771926,-0.5596,11.3629,49.7588,43.0325,-54.1136,3.0185,0.1113,0.0868
1780080239981,1,11.0000004b,Drive,Loading,pitch.0,773778,-1.1153,12.2099,50.2368,44.6351,-55.9575,3.5548,0.1142,0.0911
1780080239981,1,12.00000015,Lower Delivery,Loading,pitch.0,773295,0.1824,-0.1119,0.2034,-0.0246,-0.0281,0.0034,0.0,0.0
1780080239981,1,12.00000018,Upper Delivery,Loading,pitch.0,774584,0.1567,-0.3534,0.7206,-0.0884,-0.0304,-0.0012,0.0,0.0
1780080239981,1,Pitching Mound.Delivery,,Loading,pitch.0,772671,0.3308,-0.5024,0.7799,-0.2398,-0.0585,-0.0094,0.0,0.0
1780080239981,1,Pitching Mound.Drive,,Loading,pitch.0,773778,-1.1153,12.2099,50.2368,44.6351,-55.9575,3.5548,0.1142,0.0911
1780080239981,1,Pitching Mound.Parent,,Loading,pitch.0,771927,-0.6656,11.573,50.4207,43.6714,-55.1961,3.3004,0.1121,0.0867
1780080239982,1,11.0000004b,Drive,Loading,pitch.0,773779,-1.1992,12.3417,50.8138,45.2059,-56.8265,3.7596,0.1146,0.0912
1780080239982,1,12.00000015,Lower Delivery,Loading,pitch.0,773296,0.2022,-0.129,0.2266,-0.0111,-0.0221,0.0039,0.0,0.0
1780080239982,1,12.00000018,Upper Delivery,Loading,pitch.0,774585,0.145,-0.355,0.7252,-0.0884,-0.0304,-0.0012,0.0,0.0
1780080239982,1,Pitching Mound.Delivery,,Loading,pitch.0,772672,0.359,-0.4824,0.9472,-0.2674,-0.0525,-0.0128,0.0,0.0
1780080239982,1,Pitching Mound.Drive,,Loading,pitch.0,773779,-1.1992,12.3417,50.8138,45.2059,-56.8265,3.7596,0.1146,0.0912
1780080239982,1,Pitching Mound.Parent,,Loading,pitch.0,771928,-0.7564,11.7275,51.184,44.3677,-56.01,3.542,0.1121,0.0861
1780080239983,1,11.0000004b,Drive,Loading,pitch.0,773780,-1.3039,12.4903,51.4081,45.8557,-57.7091,4.0199,0.1151,0.0914
1780080239983,1,12.00000015,Lower Delivery,Loading,pitch.0,773297,0.2012,-0.1341,0.2148,-0.0017,-0.033,0.0049,0.0,0.0
1780080239983,1,12.00000018,Upper Delivery,Loading,pitch.0,774586,0.1697,-0.2865,0.3927,-0.0884,-0.0304,-0.0012,0.0,0.0
1780080239983,1,Pitching Mound.Delivery,,Loading,pitch.0,772673,0.3463,-0.4892,0.94,-0.2636,-0.0634,-0.0154,0.0,0.0
1780080239983,1,Pitching Mound.Drive,,Loading,pitch.0,773780,-1.3039,12.4903,51.4081,45.8557,-57.7091,4.0199,0.1151,0.0914
1780080239983,1,Pitching Mound.Parent,,Loading,pitch.0,771929,-0.8529,11.8526,51.7537,44.9423,-56.8899,3.7442,0.1125,0.0862
1780080239984,1,11.0000004b,Drive,Loading,pitch.0,773781,-1.4101,12.6112,51.9585,46.4189,-58.5582,4.2334,0.1155,0.0916
1780080239984,1,12.00000015,Lower Delivery,Loading,pitch.0,773298,0.2201,-0.1443,0.2515,0.0021,-0.024,0.0053,0.0,0.0
1780080239984,1,12.00000018,Upper Delivery,Loading,pitch.0,774587,0.1671,-0.3015,0.4241,-0.0884,-0.0304,-0.0012,0.0,0.0
1780080239984,1,Pitching Mound.Delivery,,Loading,pitch.0,772674,0.3898,-0.4308,0.6442,-0.1343,-0.0544,-0.0131,0.0,0.0
1780080239984,1,Pitching Mound.Drive,,Loading,pitch.0,773781,-1.4101,12.6112,51.9585,46.4189,-58.5582,4.2334,0.1155,0.0916
1780080239984,1,Pitching Mound.Parent,,Loading,pitch.0,771930,-0.9142,12.0595,52.0522,45.7215,-57.7634,4.0068,0.1136,0.0894
1780080239985,1,11.0000004b,Drive,Loading,pitch.0,773782,-1.5198,12.7296,52.4397,46.9324,-59.3281,4.4409,0.116,0.0917
1780080239985,1,12.00000015,Lower Delivery,Loading,pitch.0,773299,0.2067,-0.1436,0.2693,0.0048,-0.0189,0.0068,0.0,0.0
1780080239985,1,12.00000018,Upper Delivery,Loading,pitch.0,774588,0.1242,-0.2478,0.2751,-0.0884,-0.0304,-0.0012,0.0,0.0
1780080239985,1,Pitching Mound.Delivery,,Loading,pitch.0,772675,0.3737,-0.4451,0.6934,-0.1362,-0.0493,-0.0079,0.0,0.0
1780080239985,1,Pitching Mound.Drive,,Loading,pitch.0,773782,-1.5198,12.7296,52.4397,46.9324,-59.3281,4.4409,0.116,0.0917
1780080239985,1,Pitching Mound.Parent,,Loading,pitch.0,771931,-1.0363,12.1662,52.6519,46.2827,-58.6075,4.2255,0.114,0.0894
1780080239986,1,11.0000004b,Drive,Loading,pitch.0,773783,-1.6096,12.8665,53.0936,47.5781,-60.4409,4.6768,0.1167,0.0918
1780080239986,1,12.00000015,Lower Delivery,Loading,pitch.0,773300,0.2145,-0.1584,0.3029,0.014,-0.0125,0.0073,0.0,0.0
1780080239986,1,12.00000018,Upper Delivery,Loading,pitch.0,774589,0.0699,-0.2043,0.1772,-0.0884,-0.0304,-0.0012,0.0,0.0
1780080239986,1,Pitching Mound.Delivery,,Loading,pitch.0,772676,0.3387,-0.4062,0.5781,-0.0649,-0.0429,-0.0247,0.0,0.0
1780080239986,1,Pitching Mound.Drive,,Loading,pitch.0,773783,-1.6096,12.8665,53.0936,47.5781,-60.4409,4.6768,0.1167,0.0918
1780080239986,1,Pitching Mound.Parent,,Loading,pitch.0,771932,-1.1811,12.3234,53.0178,46.8675,-59.371,4.4162,0.1147,0.0909
1780080239987,1,11.0000004b,Drive,Loading,pitch.0,773784,-1.7111,12.9908,53.4197,47.8279,-61.1897,4.8551,0.1174,0.0918
1780080239987,1,12.00000015,Lower Delivery,Loading,pitch.0,773301,0.2209,-0.1669,0.3447,0.0147,-0.0104,0.0094,0.0,0.0
1780080239987,1,12.00000018,Upper Delivery,Loading,pitch.0,774590,0.0805,-0.2063,0.1893,-0.0884,-0.0304,-0.0012,0.0,0.0
1780080239987,1,Pitching Mound.Delivery,,Loading,pitch.0,772677,0.2908,-0.3711,0.522,-0.0168,-0.0408,-0.0431,0.0,0.0
1780080239987,1,Pitching Mound.Drive,,Loading,pitch.0,773784,-1.7111,12.9908,53.4197,47.8279,-61.1897,4.8551,0.1174,0.0918
1780080239987,1,Pitching Mound.Parent,,Loading,pitch.0,771933,-1.3188,12.4954,53.6156,47.5613,-60.4817,4.6337,0.1155,0.092
1780080239988,1,11.0000004b,Drive,Loading,pitch.0,773785,-1.8125,13.1266,53.983,48.3858,-62.3611,5.1222,0.1184,0.0919
1780080239988,1,12.00000015,Lower Delivery,Loading,pitch.0,773302,0.2011,-0.1508,0.2806,0.0255,-0.0073,0.0126,0.0,0.0
1780080239988,1,12.00000015,Lower Delivery,Loading,pitch.0,773303,0.2041,-0.1587,0.2763,0.0236,-0.0071,0.0141,0.0,0.0
1780080239988,1,12.00000018,Upper Delivery,Loading,pitch.0,774591,0.0879,-0.2206,0.2051,-0.0884,-0.0304,-0.0012,0.0,0.0
1780080239988,1,Pitching Mound.Delivery,,Loading,pitch.0,772678,0.2816,-0.3571,0.4699,-0.0318,-0.0377,-0.0296,0.0,0.0
1780080239988,1,Pitching Mound.Delivery,,Loading,pitch.0,772679,0.292,-0.3793,0.4815,-0.0405,-0.0375,-0.0266,0.0,0.0
1780080239988,1,Pitching Mound.Drive,,Loading,pitch.0,773785,-1.8125,13.1266,53.983,48.3858,-62.3611,5.1222,0.1184,0.0919
1780080239988,1,Pitching Mound.Parent,,Loading,pitch.0,771934,-1.4294,12.6337,53.8896,47.7961,-61.2274,4.8255,0.1164,0.0915
1780080239988,1,Pitching Mound.Parent,,Loading,pitch.0,771935,-1.5205,12.7473,54.4645,48.3453,-62.3986,5.0956,0.1174,0.0915
1780080239989,1,11.0000004b,Drive,Loading,pitch.0,773786,-1.961,13.2713,54.8648,49.3411,-63.8866,5.4539,0.1193,0.0922
1780080239989,1,12.00000018,Upper Delivery,Loading,pitch.0,774592,0.0634,-0.1847,0.1553,-0.0884,-0.0304,-0.0012,0.0,0.0
1780080239989,1,Pitching Mound.Drive,,Loading,pitch.0,773786,-1.961,13.2713,54.8648,49.3411,-63.8866,5.4539,0.1193,0.0922
1780080239990,1,11.0000004b,Drive,Loading,pitch.0,773787,-2.1337,13.3993,55.6748,50.2552,-64.6985,5.7281,0.1191,0.0925
1780080239990,1,12.00000015,Lower Delivery,Loading,pitch.0,773304,0.2111,-0.1641,0.2773,0.0274,-0.005,0.016,0.0,0.0
1780080239990,1,12.00000018,Upper Delivery,Loading,pitch.0,774593,0.0683,-0.1874,0.1676,-0.0884,-0.0304,-0.0012,0.0,0.0
1780080239990,1,Pitching Mound.Delivery,,Loading,pitch.0,772680,0.2745,-0.3488,0.4326,-0.0195,-0.0354,-0.0354,0.0,0.0
1780080239990,1,Pitching Mound.Drive,,Loading,pitch.0,773787,-2.1337,13.3993,55.6748,50.2552,-64.6985,5.7281,0.1191,0.0925
1780080239990,1,Pitching Mound.Parent,,Loading,pitch.0,771936,-1.6865,12.9225,55.2974,49.3216,-63.922,5.4185,0.1184,0.0922
1780080239991,1,11.0000004b,Drive,Loading,pitch.0,773788,-2.2335,13.5015,56.135,50.4886,-66.1752,5.9377,0.1208,0.0922
1780080239991,1,12.00000015,Lower Delivery,Loading,pitch.0,773305,0.1989,-0.1609,0.2352,0.0279,-0.0003,0.0169,0.0,0.0
1780080239991,1,12.00000015,Lower Delivery,Loading,pitch.0,773306,0.1841,-0.1754,0.2597,0.0239,-0.0011,0.017,0.0,0.0
1780080239991,1,12.00000018,Upper Delivery,Loading,pitch.0,774594,0.0404,-0.1668,0.1394,-0.0884,-0.0304,-0.0012,0.0,0.0
1780080239991,1,Pitching Mound.Delivery,,Loading,pitch.0,772681,0.2673,-0.3483,0.4028,-0.0375,-0.0307,-0.0287,0.0,0.0
1780080239991,1,Pitching Mound.Delivery,,Loading,pitch.0,772682,0.2246,-0.3422,0.399,-0.0235,-0.0315,-0.0331,0.0,0.0
1780080239991,1,Pitching Mound.Drive,,Loading,pitch.0,773788,-2.2335,13.5015,56.135,50.4886,-66.1752,5.9377,0.1208,0.0922
1780080239991,1,Pitching Mound.Parent,,Loading,pitch.0,771937,-1.8664,13.051,56.0775,50.2177,-64.7292,5.6994,0.1183,0.0923
1780080239991,1,Pitching Mound.Parent,,Loading,pitch.0,771938,-2.009,13.1593,56.5341,50.4651,-66.2068,5.9046,0.12,0.0923
1780080239992,1,11.0000004b,Drive,Loading,pitch.0,773789,-2.3659,13.5972,56.6869,50.8527,-66.8485,6.1296,0.1209,0.0919
1780080239992,1,12.00000015,Lower Delivery,Loading,pitch.0,773307,0.1707,-0.1523,0.2215,0.0154,-0.0001,0.0173,0.0,0.0
1780080239992,1,12.00000018,Upper Delivery,Loading,pitch.0,774595,0.1229,-0.2354,0.2657,-0.0884,-0.0304,-0.0012,0.0,0.0
1780080239992,1,Pitching Mound.Delivery,,Loading,pitch.0,772683,0.2935,-0.3876,0.4872,-0.088,-0.0305,-0.0002,0.0,0.0
1780080239992,1,Pitching Mound.Drive,,Loading,pitch.0,773789,-2.3659,13.5972,56.6869,50.8527,-66.8485,6.1296,0.1209,0.0919
1780080239992,1,Pitching Mound.Parent,,Loading,pitch.0,771939,-2.0724,13.2096,57.1741,50.7648,-66.879,6.1294,0.1198,0.0909
1780080239993,1,11.0000004b,Drive,Loading,pitch.0,773790,-2.5453,13.746,57.4859,51.8251,-68.0964,6.4783,0.1214,0.0924
1780080239993,1,12.00000015,Lower Delivery,Loading,pitch.0,773308,0.1381,-0.142,0.2219,0.0022,0.0002,0.016,0.0,0.0
1780080239993,1,12.00000018,Upper Delivery,Loading,pitch.0,774596,0.1372,-0.3543,0.5014,-0.0884,-0.0304,-0.0012,0.0,0.0
1780080239993,1,Pitching Mound.Delivery,,Loading,pitch.0,772684,0.2753,-0.4963,0.7233,-0.1812,-0.0302,0.0144,0.0,0.0
1780080239993,1,Pitching Mound.Drive,,Loading,pitch.0,773790,-2.5453,13.746,57.4859,51.8251,-68.0964,6.4783,0.1214,0.0924
1780080239993,1,Pitching Mound.Parent,,Loading,pitch.0,771940,-2.27,13.2497,58.2093,51.6439,-68.1266,6.4927,0.1199,0.0896
1780080239994,1,11.0000004b,Drive,Loading,pitch.0,773791,-2.6573,13.8538,58.1714,52.2436,-69.2791,6.6771,0.1221,0.0921
1780080239994,1,12.00000018,Upper Delivery,Loading,pitch.0,774597,0.1531,-0.3209,0.459,-0.0884,-0.0304,-0.0012,0.0,0.0
1780080239994,1,Pitching Mound.Drive,,Loading,pitch.0,773791,-2.6573,13.8538,58.1714,52.2436,-69.2791,6.6771,0.1221,0.0921
1780080239995,1,11.0000004b,Drive,Loading,pitch.0,773792,-2.7741,13.948,58.7591,52.6601,-70.3651,6.8752,0.1227,0.0919
1780080239995,1,12.00000015,Lower Delivery,Loading,pitch.0,773310,0.1407,-0.1434,0.2522,-0.0001,-0.0038,0.0157,0.0,0.0
1780080239995,1,12.00000015,Lower Delivery,Loading,pitch.0,773309,0.151,-0.1595,0.2663,0.0128,-0.0009,0.0166,0.0,0.0
1780080239995,1,12.00000018,Upper Delivery,Loading,pitch.0,774598,0.1394,-0.3619,0.4823,-0.0884,-0.0304,-0.0012,0.0,0.0
1780080239995,1,Pitching Mound.Delivery,,Loading,pitch.0,772685,0.3041,-0.4804,0.7253,-0.1411,-0.0312,0.0161,0.0,0.0
1780080239995,1,Pitching Mound.Delivery,,Loading,pitch.0,772686,0.2801,-0.5052,0.7345,-0.1667,-0.0342,0.014,0.0,0.0
1780080239995,1,Pitching Mound.Drive,,Loading,pitch.0,773792,-2.7741,13.948,58.7591,52.6601,-70.3651,6.8752,0.1227,0.0919
1780080239995,1,Pitching Mound.Parent,,Loading,pitch.0,771941,-2.3532,13.3734,58.8967,52.1025,-69.3103,6.6931,0.1206,0.0898
1780080239995,1,Pitching Mound.Parent,,Loading,pitch.0,771942,-2.494,13.4428,59.4936,52.4935,-70.3993,6.8892,0.1212,0.0894
1780080239996,1,11.0000004b,Drive,Loading,pitch.0,773793,-2.9297,14.0777,59.3513,53.3022,-71.4194,7.1275,0.1233,0.092
1780080239996,1,12.00000015,Lower Delivery,Loading,pitch.0,773311,0.1412,-0.1683,0.2782,0.0018,-0.0028,0.0145,0.0,0.0
1780080239996,1,12.00000018,Upper Delivery,Loading,pitch.0,774599,0.1493,-0.3326,0.5498,-0.0884,-0.0304,-0.0012,0.0,0.0
1780080239996,1,Pitching Mound.Delivery,,Loading,pitch.0,772687,0.2904,-0.5009,0.828,-0.1789,-0.0332,0.016,0.0,0.0
1780080239996,1,Pitching Mound.Drive,,Loading,pitch.0,773793,-2.9297,14.0777,59.3513,53.3022,-71.4194,7.1275,0.1233,0.092
1780080239996,1,Pitching Mound.Parent,,Loading,pitch.0,771943,-2.6392,13.5768,60.1793,53.1233,-71.4526,7.1435,0.1216,0.0892
1780080239997,1,11.0000004b,Drive,Loading,pitch.0,773794,-3.0753,14.2073,60.0936,54.0938,-72.5305,7.4558,0.1237,0.0923
1780080239997,1,12.00000015,Lower Delivery,Loading,pitch.0,773312,0.1407,-0.1501,0.2698,0.0271,0.0065,0.0141,0.0,0.0
1780080239997,1,12.00000018,Upper Delivery,Loading,pitch.0,774600,0.161,-0.3051,0.5385,-0.0884,-0.0304,-0.0012,0.0,0.0
1780080239997,1,Pitching Mound.Delivery,,Loading,pitch.0,772688,0.3017,-0.4552,0.8083,-0.1526,-0.0238,0.0198,0.0,0.0
1780080239997,1,Pitching Mound.Drive,,Loading,pitch.0,773794,-3.0753,14.2073,60.0936,54.0938,-72.5305,7.4558,0.1237,0.0923
1780080239997,1,Pitching Mound.Parent,,Loading,pitch.0,771944,-2.7736,13.7521,60.9019,53.9412,-72.5543,7.4756,0.1221,0.0895
1780080239998,1,11.0000004b,Drive,Loading,pitch.0,773795,-3.2013,14.3144,60.6784,54.6149,-73.5184,7.6863,0.1242,0.0923
1780080239998,1,12.00000015,Lower Delivery,Loading,pitch.0,773313,0.1206,-0.1361,0.2149,0.0168,0.0034,0.0117,0.0,0.0
1780080239998,1,12.00000018,Upper Delivery,Loading,pitch.0,774601,0.188,-0.2749,0.4767,-0.0884,-0.0304,-0.0012,0.0,0.0
1780080239998,1,Pitching Mound.Delivery,,Loading,pitch.0,772689,0.3086,-0.411,0.6915,-0.1606,-0.027,0.0334,0.0,0.0
1780080239998,1,Pitching Mound.Drive,,Loading,pitch.0,773795,-3.2013,14.3144,60.6784,54.6149,-73.5184,7.6863,0.1242,0.0923
1780080239998,1,Pitching Mound.Parent,,Loading,pitch.0,771945,-2.8927,13.9034,61.37,54.4542,-73.5453,7.7197,0.1228,0.0898
1780080239999,1,11.0000004b,Drive,Loading,pitch.0,773796,-3.3141,14.3949,61.1159,55.0261,-74.3683,7.8488,0.1247,0.0923
1780080239999,1,12.00000015,Lower Delivery,Loading,pitch.0,773314,0.1255,-0.1249,0.197,0.021,0.0045,0.0125,0.0,0.0
1780080239999,1,12.00000018,Upper Delivery,Loading,pitch.0,774602,0.1854,-0.2798,0.4763,-0.0884,-0.0304,-0.0012,0.0,0.0
1780080239999,1,Pitching Mound.Delivery,,Loading,pitch.0,772690,0.3109,-0.4046,0.6733,-0.1623,-0.0259,0.0316,0.0,0.0
1780080239999,1,Pitching Mound.Drive,,Loading,pitch.0,773796,-3.3141,14.3949,61.1159,55.0261,-74.3683,7.8488,0.1247,0.0923
1780080239999,1,Pitching Mound.Parent,,Loading,pitch.0,771946,-3.0032,13.9903,61.7892,54.8638,-74.3942,7.8804,0.1234,0.0897
1780080240000,1,11.0000004b,Drive,Loading,pitch.0,773797,-3.4347,14.4969,61.6902,55.4814,-75.4959,8.083,0.1254,0.0922
1780080240000,1,12.00000015,Lower Delivery,Loading,pitch.0,773315,0.1283,-0.1106,0.1999,0.0266,0.0071,0.0127,0.0,0.0
1780080240000,1,12.00000018,Upper Delivery,Loading,pitch.0,774603,0.1831,-0.278,0.4848,-0.0884,-0.0304,-0.0012,0.0,0.0
1780080240000,1,Pitching Mound.Delivery,,Loading,pitch.0,772691,0.3114,-0.3887,0.6847,-0.1586,-0.0233,0.0301,0.0,0.0
1780080240000,1,Pitching Mound.Drive,,Loading,pitch.0,773797,-3.4347,14.4969,61.6902,55.4814,-75.4959,8.083,0.1254,0.0922
1780080240000,1,Pitching Mound.Parent,,Loading,pitch.0,771947,-3.1234,14.1082,62.3749,55.3227,-75.5192,8.1131,0.1241,0.0896
1780080240001,1,11.0000004b,Drive,Loading,pitch.0,773798,-3.5514,14.5993,62.2309,56.0099,-76.4852,8.2966,0.126,0.0922
1780080240001,1,12.00000015,Lower Delivery,Loading,pitch.0,773316,0.102,-0.0702,0.1231,0.0026,-0.0025,0.0132,0.0,0.0
1780080240001,1,12.00000018,Upper Delivery,Loading,pitch.0,774604,0.1216,-0.2026,0.2716,-0.0884,-0.0304,-0.0012,0.0,0.0
1780080240001,1,Pitching Mound.Delivery,,Loading,pitch.0,772692,0.2236,-0.2728,0.3947,-0.1363,-0.0329,0.0187,0.0,0.0
1780080240001,1,Pitching Mound.Drive,,Loading,pitch.0,773798,-3.5514,14.5993,62.2309,56.0099,-76.4852,8.2966,0.126,0.0922
1780080240001,1,Pitching Mound.Parent,,Loading,pitch.0,771948,-3.3278,14.3266,62.6255,55.8736,-76.5181,8.3152,0.1252,0.0909
1780080240002,1,11.0000004b,Drive,Loading,pitch.0,773799,-3.6636,14.727,62.9248,56.7725,-77.6382,8.5192,0.1265,0.0925
1780080240002,1,12.00000015,Lower Delivery,Loading,pitch.0,773317,0.1336,-0.0746,0.1677,0.0151,0.0,0.0139,0.0,0.0
1780080240002,1,12.00000018,Upper Delivery,Loading,pitch.0,774605,0.0946,-0.1838,0.229,-0.0884,-0.0304,-0.0012,0.0,0.0
1780080240002,1,Pitching Mound.Delivery,,Loading,pitch.0,772693,0.2282,-0.2584,0.3968,-0.0941,-0.0304,-0.0006,0.0,0.0
1780080240002,1,Pitching Mound.Drive,,Loading,pitch.0,773799,-3.6636,14.727,62.9248,56.7725,-77.6382,8.5192,0.1265,0.0925
1780080240002,1,Pitching Mound.Parent,,Loading,pitch.0,771949,-3.4354,14.4686,63.3216,56.6784,-77.6686,8.5186,0.1257,0.0916
1780080240003,1,11.0000004b,Drive,Loading,pitch.0,773800,-3.7456,14.8238,63.2583,56.9892,-78.3604,8.677,0.127,0.0923
1780080240003,1,12.00000015,Lower Delivery,Loading,pitch.0,773318,0.1189,-0.079,0.1319,0.0134,-0.0012,0.0094,0.0,0.0
1780080240003,1,12.00000018,Upper Delivery,Loading,pitch.0,774606,0.0563,-0.1412,0.1587,-0.0884,-0.0304,-0.0012,0.0,0.0
1780080240003,1,Pitching Mound.Delivery,,Loading,pitch.0,772694,0.1753,-0.2202,0.2906,-0.0841,-0.0316,-0.0131,0.0,0.0
1780080240003,1,Pitching Mound.Drive,,Loading,pitch.0,773800,-3.7456,14.8238,63.2583,56.9892,-78.3604,8.677,0.127,0.0923
1780080240003,1,Pitching Mound.Parent,,Loading,pitch.0,771950,-3.5703,14.6037,63.5489,56.9051,-78.392,8.6639,0.1264,0.0918
1780080240004,1,11.0000004b,Drive,Loading,pitch.0,773801,-3.857,14.9614,63.9735,57.889,-79.5541,8.9505,0.1275,0.0927
1780080240004,1,12.00000015,Lower Delivery,Loading,pitch.0,773319,0.1421,-0.0682,0.1355,0.0016,-0.0157,0.0098,0.0,0.0
1780080240004,1,12.00000018,Upper Delivery,Loading,pitch.0,774607,0.0005,-0.088,0.0577,-0.0884,-0.0304,-0.0012,0.0,0.0
1780080240004,1,Pitching Mound.Delivery,,Loading,pitch.0,772695,0.1425,-0.1562,0.1932,-0.0604,-0.046,-0.0395,0.0,0.0
1780080240004,1,Pitching Mound.Drive,,Loading,pitch.0,773801,-3.857,14.9614,63.9735,57.889,-79.5541,8.9505,0.1275,0.0927
1780080240004,1,Pitching Mound.Parent,,Loading,pitch.0,771951,-3.7145,14.8052,64.1666,57.8287,-79.6001,8.911,0.1271,0.0929
1780080240005,1,11.0000004b,Drive,Loading,pitch.0,773802,-3.9305,15.077,64.3793,58.1428,-80.387,9.0959,0.128,0.0926
1780080240005,1,12.00000015,Lower Delivery,Loading,pitch.0,773320,0.1035,-0.0453,0.0708,-0.0153,-0.0225,0.0059,0.0,0.0
1780080240005,1,12.00000018,Upper Delivery,Loading,pitch.0,774608,0.0012,-0.1035,0.065,-0.0884,-0.0304,-0.0012,0.0,0.0
1780080240005,1,Pitching Mound.Delivery,,Loading,pitch.0,772696,0.1048,-0.1488,0.1358,-0.1017,-0.0529,-0.0301,0.0,0.0
1780080240005,1,Pitching Mound.Drive,,Loading,pitch.0,773802,-3.9305,15.077,64.3793,58.1428,-80.387,9.0959,0.128,0.0926
1780080240005,1,Pitching Mound.Parent,,Loading,pitch.0,771952,-3.8257,14.9282,64.5151,58.0411,-80.4399,9.0658,0.1277,0.0924
1780080240006,1,11.0000004b,Drive,Loading,pitch.0,773803,-3.9791,15.2142,65.1432,58.9303,-81.587,9.3643,0.1284,0.0927
1780080240006,1,12.00000015,Lower Delivery,Loading,pitch.0,773321,0.0864,-0.049,0.0585,-0.0105,-0.0292,0.0045,0.0,0.0
1780080240006,1,12.00000018,Upper Delivery,Loading,pitch.0,774609,-0.0013,-0.1012,0.0613,-0.0884,-0.0304,-0.0012,0.0,0.0
1780080240006,1,Pitching Mound.Delivery,,Loading,pitch.0,772697,0.0851,-0.1502,0.1198,-0.0998,-0.0596,-0.0265,0.0,0.0
1780080240006,1,Pitching Mound.Drive,,Loading,pitch.0,773803,-3.9791,15.2142,65.1432,58.9303,-81.587,9.3643,0.1284,0.0927
1780080240006,1,Pitching Mound.Parent,,Loading,pitch.0,771953,-3.894,15.0639,65.263,58.8306,-81.6466,9.3378,0.1281,0.0925
1780080240007,1,11.0000004b,Drive,Loading,pitch.0,773804,-4.0023,15.3304,65.518,59.0863,-82.2671,9.5026,0.1287,0.0924
1780080240007,1,12.00000015,Lower Delivery,Loading,pitch.0,773322,0.0984,-0.0463,0.0626,-0.0087,-0.0332,0.0033,0.0,0.0
1780080240007,1,12.00000018,Upper Delivery,Loading,pitch.0,774610,0.0304,-0.14,0.1232,-0.0884,-0.0304,-0.0012,0.0,0.0
1780080240007,1,Pitching Mound.Delivery,,Loading,pitch.0,772698,0.1289,-0.1863,0.1858,-0.1176,-0.0636,-0.021,0.0,0.0
1780080240007,1,Pitching Mound.Drive,,Loading,pitch.0,773804,-4.0023,15.3304,65.518,59.0863,-82.2671,9.5026,0.1287,0.0924
1780080240007,1,Pitching Mound.Parent,,Loading,pitch.0,771954,-3.8735,15.1441,65.7038,58.9687,-82.3307,9.4816,0.1283,0.0919
1780080240008,1,11.0000004b,Drive,Loading,pitch.0,773805,-4.0264,15.4597,65.9093,59.2808,-83.0199,9.6577,0.1291,0.0922
1780080240008,1,12.00000015,Lower Delivery,Loading,pitch.0,773323,0.0596,-0.0291,0.0445,-0.0277,-0.0466,0.0031,0.0,0.0
1780080240008,1,12.00000018,Upper Delivery,Loading,pitch.0,774611,0.0749,-0.2021,0.2151,-0.0884,-0.0304,-0.0012,0.0,0.0
1780080240008,1,Pitching Mound.Delivery,,Loading,pitch.0,772699,0.1345,-0.2312,0.2595,-0.1741,-0.0769,0.0071,0.0,0.0
1780080240008,1,Pitching Mound.Drive,,Loading,pitch.0,773805,-4.0264,15.4597,65.9093,59.2808,-83.0199,9.6577,0.1291,0.0922
1780080240008,1,Pitching Mound.Parent,,Loading,pitch.0,771955,-3.8918,15.2286,66.1689,59.1067,-83.0968,9.6648,0.1286,0.0909
1780080240009,1,11.0000004b,Drive,Loading,pitch.0,773806,-4.0676,15.598,66.6352,60.1143,-84.0184,9.8992,0.1292,0.0925
1780080240009,1,12.00000015,Lower Delivery,Loading,pitch.0,773324,0.0372,-0.0258,0.0346,-0.0325,-0.049,0.0016,0.0,0.0
1780080240009,1,12.00000018,Upper Delivery,Loading,pitch.0,774612,0.0494,-0.177,0.1743,-0.0884,-0.0304,-0.0012,0.0,0.0
1780080240009,1,Pitching Mound.Delivery,,Loading,pitch.0,772700,0.0866,-0.2028,0.2089,-0.1684,-0.0793,0.0045,0.0,0.0
1780080240009,1,Pitching Mound.Drive,,Loading,pitch.0,773806,-4.0676,15.598,66.6352,60.1143,-84.0184,9.8992,0.1292,0.0925
1780080240009,1,Pitching Mound.Parent,,Loading,pitch.0,771956,-3.9809,15.3951,66.8441,59.946,-84.0977,9.9038,0.1288,0.0915
1780080240010,1,11.0000004b,Drive,Loading,pitch.0,773807,-4.0762,15.7139,66.9761,60.2962,-84.5327,9.9704,0.1294,0.0923
1780080240010,1,12.00000015,Lower Delivery,Loading,pitch.0,773325,0.0188,-0.0507,0.0301,-0.0305,-0.0511,0.0035,0.0,0.0
1780080240010,1,12.00000018,Upper Delivery,Loading,pitch.0,774613,0.0633,-0.1939,0.2002,-0.0884,-0.0304,-0.0012,0.0,0.0
1780080240010,1,Pitching Mound.Delivery,,Loading,pitch.0,772701,0.0821,-0.2445,0.2303,-0.1767,-0.0814,0.0174,0.0,0.0
1780080240010,1,Pitching Mound.Drive,,Loading,pitch.0,773807,-4.0762,15.7139,66.9761,60.2962,-84.5327,9.9704,0.1294,0.0923
1780080240010,1,Pitching Mound.Parent,,Loading,pitch.0,771957,-3.9941,15.4693,67.2064,60.1195,-84.6141,9.9878,0.1289,0.0911
1780080240011,1,11.0000004b,Drive,Loading,pitch.0,773808,-4.0939,15.8536,67.6866,61.0707,-85.5305,10.1763,0.1295,0.0925
1780080240011,1,12.00000015,Lower Delivery,Loading,pitch.0,773326,0.0416,-0.0481,0.0402,-0.0244,-0.0579,0.0033,0.0,0.0
1780080240011,1,12.00000018,Upper Delivery,Loading,pitch.0,774614,0.0803,-0.2318,0.2453,-0.0884,-0.0304,-0.0012,0.0,0.0
1780080240011,1,Pitching Mound.Delivery,,Loading,pitch.0,772702,0.1219,-0.2799,0.2855,-0.1825,-0.0882,0.0152,0.0,0.0
1780080240011,1,Pitching Mound.Drive,,Loading,pitch.0,773808,-4.0939,15.8536,67.6866,61.0707,-85.5305,10.1763,0.1295,0.0925
1780080240011,1,Pitching Mound.Parent,,Loading,pitch.0,771958,-3.972,15.5737,67.9721,60.8883,-85.6187,10.1915,0.129,0.0911
1780080240012,1,11.0000004b,Drive,Loading,pitch.0,773809,-4.0832,15.9783,68.0406,61.2916,-86.071,10.2854,0.1297,0.0923
1780080240012,1,12.00000015,Lower Delivery,Loading,pitch.0,773327,0.0683,-0.0434,0.0524,-0.0269,-0.0488,0.0044,0.0,0.0
1780080240012,1,12.00000018,Upper Delivery,Loading,pitch.0,774615,0.1315,-0.253,0.3105,-0.0884,-0.0304,-0.0012,0.0,0.0
1780080240012,1,Pitching Mound.Delivery,,Loading,pitch.0,772703,0.1997,-0.2963,0.3629,-0.203,-0.0791,0.0247,0.0,0.0
1780080240012,1,Pitching Mound.Drive,,Loading,pitch.0,773809,-4.0832,15.9783,68.0406,61.2916,-86.071,10.2854,0.1297,0.0923
1780080240012,1,Pitching Mound.Parent,,Loading,pitch.0,771959,-3.8834,15.682,68.4035,61.0886,-86.1502,10.3102,0.129,0.0906
1780080240013,1,11.0000004b,Drive,Loading,pitch.0,773810,-4.09,16.1049,68.4803,61.629,-86.673,10.4301,0.1297,0.0922
1780080240013,1,12.00000015,Lower Delivery,Loading,pitch.0,773328,0.0725,-0.0523,0.0564,-0.0277,-0.0491,0.0064,0.0,0.0
1780080240013,1,12.00000018,Upper Delivery,Loading,pitch.0,774616,0.1619,-0.302,0.4356,-0.0884,-0.0304,-0.0012,0.0,0.0
1780080240013,1,Pitching Mound.Delivery,,Loading,pitch.0,772704,0.2344,-0.3543,0.492,-0.245,-0.0794,0.0356,0.0,0.0
1780080240013,1,Pitching Mound.Drive,,Loading,pitch.0,773810,-4.09,16.1049,68.4803,61.629,-86.673,10.4301,0.1297,0.0922
1780080240013,1,Pitching Mound.Parent,,Loading,pitch.0,771960,-3.8557,15.7506,68.9722,61.384,-86.7524,10.4657,0.1288,0.0897
1780080240014,1,11.0000004b,Drive,Loading,pitch.0,773812,-4.1126,16.3531,69.4754,62.492,-87.8526,10.68,0.1296,0.0922
1780080240014,1,11.0000004b,Drive,Loading,pitch.0,773811,-4.0907,16.2175,68.924,61.9653,-87.1327,10.5257,0.1296,0.0921
1780080240014,1,12.00000015,Lower Delivery,Loading,pitch.0,773329,0.0867,-0.0505,0.0641,-0.0161,-0.0397,0.0091,0.0,0.0
1780080240014,1,12.00000018,Upper Delivery,Loading,pitch.0,774617,0.1583,-0.2879,0.3857,-0.0884,-0.0304,-0.0012,0.0,0.0
1780080240014,1,Pitching Mound.Delivery,,Loading,pitch.0,772705,0.2451,-0.3384,0.4497,-0.2138,-0.0701,0.0322,0.0,0.0
1780080240014,1,Pitching Mound.Drive,,Loading,pitch.0,773812,-4.1126,16.3531,69.4754,62.492,-87.8526,10.68,0.1296,0.0922
1780080240014,1,Pitching Mound.Drive,,Loading,pitch.0,773811,-4.0907,16.2175,68.924,61.9653,-87.1327,10.5257,0.1296,0.0921
1780080240014,1,Pitching Mound.Parent,,Loading,pitch.0,771961,-3.8456,15.8791,69.3737,61.7515,-87.2028,10.5579,0.1287,0.09
1780080240015,1,12.00000015,Lower Delivery,Loading,pitch.0,773330,0.0991,-0.0694,0.0937,-0.0225,-0.0317,0.0087,0.0,0.0
1780080240015,1,12.00000018,Upper Delivery,Loading,pitch.0,774618,0.1703,-0.3033,0.427,-0.0884,-0.0304,-0.0012,0.0,0.0
1780080240015,1,Pitching Mound.Delivery,,Loading,pitch.0,772706,0.2694,-0.3727,0.5206,-0.2242,-0.062,0.0317,0.0,0.0
1780080240015,1,Pitching Mound.Parent,,Loading,pitch.0,771962,-3.8432,15.9804,69.996,62.2678,-87.9146,10.7117,0.1286,0.0899
1780080240016,1,11.0000004b,Drive,Loading,pitch.0,773813,-4.1205,16.4564,69.8006,62.7234,-88.2119,10.7761,0.1295,0.0921
1780080240016,1,12.00000015,Lower Delivery,Loading,pitch.0,773331,0.105,-0.0786,0.116,-0.0068,-0.0315,0.011,0.0,0.0
1780080240016,1,12.00000018,Upper Delivery,Loading,pitch.0,774619,0.155,-0.2656,0.3432,-0.0884,-0.0304,-0.0012,0.0,0.0
1780080240016,1,Pitching Mound.Delivery,,Loading,pitch.0,772707,0.26,-0.3442,0.4591,-0.1724,-0.0618,0.0269,0.0,0.0
1780080240016,1,Pitching Mound.Drive,,Loading,pitch.0,773813,-4.1205,16.4564,69.8006,62.7234,-88.2119,10.7761,0.1295,0.0921
1780080240016,1,Pitching Mound.Parent,,Loading,pitch.0,771963,-3.8605,16.1122,70.2597,62.551,-88.2738,10.803,0.1287,0.0904
1780080240017,1,11.0000004b,Drive,Loading,pitch.0,773814,-4.1441,16.5866,70.3175,63.3181,-88.8832,10.9129,0.1296,0.0923
1780080240017,1,11.0000004b,Drive,Loading,pitch.0,773815,-4.1555,16.6924,70.5881,63.4327,-89.1429,10.9858,0.1294,0.0921
1780080240017,1,12.00000015,Lower Delivery,Loading,pitch.0,773332,0.0995,-0.0901,0.0981,-0.0292,-0.0363,0.006,0.0,0.0
1780080240017,1,12.00000018,Upper Delivery,Loading,pitch.0,774620,0.1196,-0.2334,0.2826,-0.0884,-0.0304,-0.0012,0.0,0.0
1780080240017,1,Pitching Mound.Delivery,,Loading,pitch.0,772708,0.2191,-0.3235,0.3808,-0.1803,-0.0666,0.0116,0.0,0.0
1780080240017,1,Pitching Mound.Drive,,Loading,pitch.0,773814,-4.1441,16.5866,70.3175,63.3181,-88.8832,10.9129,0.1296,0.0923
1780080240017,1,Pitching Mound.Drive,,Loading,pitch.0,773815,-4.1555,16.6924,70.5881,63.4327,-89.1429,10.9858,0.1294,0.0921
1780080240017,1,Pitching Mound.Parent,,Loading,pitch.0,771964,-3.925,16.2631,70.6983,63.1377,-88.9498,10.9245,0.1289,0.0909
1780080240018,1,11.0000004b,Drive,Loading,pitch.0,773816,-4.1734,16.7841,70.8345,63.6321,-89.4417,11.0189,0.1294,0.0921
1780080240018,1,12.00000015,Lower Delivery,Loading,pitch.0,773333,0.1241,-0.1204,0.1582,-0.0398,-0.045,0.0062,0.0,0.0
1780080240018,1,12.00000018,Upper Delivery,Loading,pitch.0,774621,0.0917,-0.2163,0.2284,-0.0884,-0.0304,-0.0012,0.0,0.0
1780080240018,1,Pitching Mound.Delivery,,Loading,pitch.0,772709,0.2158,-0.3367,0.3866,-0.152,-0.0754,-0.006,0.0,0.0
1780080240018,1,Pitching Mound.Drive,,Loading,pitch.0,773816,-4.1734,16.7841,70.8345,63.6321,-89.4417,11.0189,0.1294,0.0921
1780080240018,1,Pitching Mound.Parent,,Loading,pitch.0,771965,-3.9396,16.3557,70.9748,63.2807,-89.2183,10.9797,0.1287,0.0913
1780080240019,1,11.0000004b,Drive,Loading,pitch.0,773817,-4.1904,16.8766,71.096,63.8339,-89.7205,11.1069,0.1293,0.092
1780080240019,1,12.00000015,Lower Delivery,Loading,pitch.0,773334,0.1116,-0.11,0.1335,-0.036,-0.0385,0.0032,0.0,0.0
1780080240019,1,12.00000018,Upper Delivery,Loading,pitch.0,774622,0.0777,-0.1821,0.1928,-0.0884,-0.0304,-0.0012,0.0,0.0
1780080240019,1,Pitching Mound.Delivery,,Loading,pitch.0,772710,0.1893,-0.2921,0.3262,-0.1445,-0.0689,-0.0095,0.0,0.0
1780080240019,1,Pitching Mound.Drive,,Loading,pitch.0,773817,-4.1904,16.8766,71.096,63.8339,-89.7205,11.1069,0.1293,0.092
1780080240019,1,Pitching Mound.Parent,,Loading,pitch.0,771966,-3.9841,16.492,71.1607,63.4876,-89.5107,11.0095,0.1288,0.0914
1780080240020,1,11.0000004b,Drive,Loading,pitch.0,773818,-4.1932,16.9574,71.3848,64.0865,-90.0745,11.1493,0.1293,0.092
1780080240020,1,12.00000015,Lower Delivery,Loading,pitch.0,773335,0.1036,-0.1294,0.1442,-0.0373,-0.0366,0.0004,0.0,0.0
1780080240020,1,12.00000018,Upper Delivery,Loading,pitch.0,774623,0.127,-0.2285,0.2766,-0.0884,-0.0304,-0.0012,0.0,0.0
1780080240020,1,Pitching Mound.Delivery,,Loading,pitch.0,772711,0.2306,-0.3578,0.4208,-0.1707,-0.0669,0.0071,0.0,0.0
1780080240020,1,Pitching Mound.Drive,,Loading,pitch.0,773818,-4.1932,16.9574,71.3848,64.0865,-90.0745,11.1493,0.1293,0.092
1780080240020,1,Pitching Mound.Parent,,Loading,pitch.0,771967,-3.9598,16.5188,71.5168,63.6632,-89.7875,11.114,0.1286,0.0909
1780080240021,1,11.0000004b,Drive,Loading,pitch.0,773819,-4.212,17.057,71.5588,64.2371,-90.1335,11.1763,0.1291,0.092
1780080240021,1,12.00000015,Lower Delivery,Loading,pitch.0,773336,0.094,-0.1012,0.1035,-0.054,-0.0402,0.0,0.0,0.0
1780080240021,1,12.00000018,Upper Delivery,Loading,pitch.0,774624,0.0731,-0.173,0.1949,-0.0884,-0.0304,-0.0012,0.0,0.0
1780080240021,1,Pitching Mound.Delivery,,Loading,pitch.0,772712,0.1671,-0.2742,0.2984,-0.1734,-0.0705,-0.0083,0.0,0.0
1780080240021,1,Pitching Mound.Drive,,Loading,pitch.0,773819,-4.212,17.057,71.5588,64.2371,-90.1335,11.1763,0.1291,0.092
1780080240021,1,Pitching Mound.Parent,,Loading,pitch.0,771968,-4.0261,16.6832,71.6832,63.9131,-90.145,11.1409,0.1288,0.0912
1780080240022,1,11.0000004b,Drive,Loading,pitch.0,773820,-4.2331,17.138,71.7931,64.509,-90.4519,11.2117,0.1291,0.0921
1780080240022,1,12.00000015,Lower Delivery,Loading,pitch.0,773337,0.0946,-0.1121,0.1071,-0.048,-0.0385,0.0005,0.0,0.0
1780080240022,1,12.00000018,Upper Delivery,Loading,pitch.0,774625,0.063,-0.1555,0.1711,-0.0884,-0.0304,-0.0012,0.0,0.0
1780080240022,1,Pitching Mound.Delivery,,Loading,pitch.0,772713,0.1576,-0.2677,0.2783,-0.1581,-0.0689,-0.0115,0.0,0.0
1780080240022,1,Pitching Mound.Drive,,Loading,pitch.0,773820,-4.2331,17.138,71.7931,64.509,-90.4519,11.2117,0.1291,0.0921
1780080240022,1,Pitching Mound.Parent,,Loading,pitch.0,771969,-4.0544,16.7893,71.8371,64.0789,-90.2023,11.1648,0.1286,0.0913
1780080240023,1,11.0000004b,Drive,Loading,pitch.0,773821,-4.2557,17.207,71.894,64.6167,-90.5148,11.2451,0.129,0.0921
1780080240023,1,12.00000015,Lower Delivery,Loading,pitch.0,773338,0.0669,-0.1039,0.066,-0.0541,-0.041,-0.0017,0.0,0.0
1780080240023,1,12.00000018,Upper Delivery,Loading,pitch.0,774626,0.016,-0.1251,0.0979,-0.0884,-0.0304,-0.0012,0.0,0.0
1780080240023,1,Pitching Mound.Delivery,,Loading,pitch.0,772714,0.0829,-0.229,0.1639,-0.1533,-0.0714,-0.0202,0.0,0.0
1780080240023,1,Pitching Mound.Drive,,Loading,pitch.0,773821,-4.2557,17.207,71.894,64.6167,-90.5148,11.2451,0.129,0.0921
1780080240023,1,Pitching Mound.Parent,,Loading,pitch.0,771970,-4.1502,16.909,71.957,64.3556,-90.5233,11.1915,0.1288,0.0917
1780080240024,1,11.0000004b,Drive,Loading,pitch.0,773822,-4.2651,17.2873,72.1435,64.8847,-90.8423,11.2797,0.1291,0.0922
1780080240024,1,12.00000015,Lower Delivery,Loading,pitch.0,773339,0.0546,-0.0954,0.0512,-0.0493,-0.0378,-0.0017,0.0,0.0
1780080240024,1,12.00000018,Upper Delivery,Loading,pitch.0,774627,0.0195,-0.1207,0.0992,-0.0884,-0.0304,-0.0012,0.0,0.0
1780080240024,1,Pitching Mound.Delivery,,Loading,pitch.0,772715,0.0741,-0.2161,0.1504,-0.154,-0.0682,-0.0149,0.0,0.0
1780080240024,1,Pitching Mound.Drive,,Loading,pitch.0,773822,-4.2651,17.2873,72.1435,64.8847,-90.8423,11.2797,0.1291,0.0922
1780080240024,1,Pitching Mound.Parent,,Loading,pitch.0,771971,-4.1816,16.9909,72.0444,64.4627,-90.5829,11.2303,0.1288,0.0917
1780080240025,1,11.0000004b,Drive,Loading,pitch.0,773823,-4.259,17.3649,72.4225,65.0823,-91.1762,11.3132,0.129,0.0921
1780080240025,1,12.00000015,Lower Delivery,Loading,pitch.0,773340,0.0486,-0.0863,0.052,-0.0579,-0.0366,-0.0028,0.0,0.0
1780080240025,1,12.00000018,Upper Delivery,Loading,pitch.0,774628,0.0357,-0.1451,0.1408,-0.0884,-0.0304,-0.0012,0.0,0.0
1780080240025,1,Pitching Mound.Delivery,,Loading,pitch.0,772716,0.0843,-0.2314,0.1928,-0.1764,-0.067,-0.0083,0.0,0.0
1780080240025,1,Pitching Mound.Drive,,Loading,pitch.0,773823,-4.259,17.3649,72.4225,65.0823,-91.1762,11.3132,0.129,0.0921
1780080240025,1,Pitching Mound.Parent,,Loading,pitch.0,771972,-4.1747,17.1335,72.6153,64.9059,-91.2432,11.3048,0.1287,0.0914
1780080240026,1,11.0000004b,Drive,Loading,pitch.0,773824,-4.2525,17.4347,72.6454,65.2334,-91.427,11.3589,0.129,0.092
1780080240026,1,12.00000015,Lower Delivery,Loading,pitch.0,773341,0.0864,-0.0691,0.0629,-0.0427,-0.0351,-0.0015,0.0,0.0
1780080240026,1,12.00000018,Upper Delivery,Loading,pitch.0,774629,0.0178,-0.1306,0.1109,-0.0884,-0.0304,-0.0012,0.0,0.0
1780080240026,1,Pitching Mound.Delivery,,Loading,pitch.0,772717,0.1042,-0.1997,0.1738,-0.1474,-0.0655,-0.026,0.0,0.0
1780080240026,1,Pitching Mound.Drive,,Loading,pitch.0,773824,-4.2525,17.4347,72.6454,65.2334,-91.427,11.3589,0.129,0.092
1780080240026,1,Pitching Mound.Parent,,Loading,pitch.0,771973,-4.1483,17.235,72.8192,65.0861,-91.4925,11.3329,0.1287,0.0916
1780080240027,1,11.0000004b,Drive,Loading,pitch.0,773825,-4.2472,17.5111,72.8448,65.3526,-91.5354,11.3808,0.1288,0.092
1780080240027,1,12.00000015,Lower Delivery,Loading,pitch.0,773342,0.0782,-0.0833,0.0775,-0.0449,-0.0311,0.0018,0.0,0.0
1780080240027,1,12.00000018,Upper Delivery,Loading,pitch.0,774630,0.0562,-0.1675,0.1821,-0.0884,-0.0304,-0.0012,0.0,0.0
1780080240027,1,Pitching Mound.Delivery,,Loading,pitch.0,772718,0.1343,-0.2508,0.2596,-0.1688,-0.0615,-0.0068,0.0,0.0
1780080240027,1,Pitching Mound.Drive,,Loading,pitch.0,773825,-4.2472,17.5111,72.8448,65.3526,-91.5354,11.3808,0.1288,0.092
1780080240027,1,Pitching Mound.Parent,,Loading,pitch.0,771974,-4.1128,17.2602,73.1043,65.1837,-91.5969,11.3739,0.1283,0.0911
1780080240028,1,11.0000004b,Drive,Loading,pitch.0,773826,-4.2457,17.5769,73.1267,65.7049,-91.9597,11.3893,0.1289,0.0921
1780080240028,1,12.00000015,Lower Delivery,Loading,pitch.0,773343,0.1011,-0.0587,0.081,-0.0325,-0.0291,0.0056,0.0,0.0
1780080240028,1,12.00000018,Upper Delivery,Loading,pitch.0,774631,0.0483,-0.1534,0.1678,-0.0884,-0.0304,-0.0012,0.0,0.0
1780080240028,1,Pitching Mound.Delivery,,Loading,pitch.0,772719,0.1494,-0.2121,0.2488,-0.1504,-0.0595,-0.0136,0.0,0.0
1780080240028,1,Pitching Mound.Drive,,Loading,pitch.0,773826,-4.2457,17.5769,73.1267,65.7049,-91.9597,11.3893,0.1289,0.0921
1780080240028,1,Pitching Mound.Parent,,Loading,pitch.0,771975,-4.0963,17.3648,73.3755,65.5546,-92.0192,11.3757,0.1285,0.0914
1780080240029,1,11.0000004b,Drive,Loading,pitch.0,773827,-4.2046,17.6614,73.4438,65.922,-92.2107,11.424,0.1287,0.092
1780080240029,1,12.00000015,Lower Delivery,Loading,pitch.0,773344,0.0894,-0.0383,0.0814,-0.0131,-0.0187,0.0079,0.0,0.0
1780080240029,1,12.00000018,Upper Delivery,Loading,pitch.0,774632,0.0174,-0.1255,0.1396,-0.0884,-0.0304,-0.0012,0.0,0.0
1780080240029,1,Pitching Mound.Delivery,,Loading,pitch.0,772720,0.1068,-0.1638,0.2211,-0.1213,-0.0491,-0.0178,0.0,0.0
1780080240029,1,Pitching Mound.Drive,,Loading,pitch.0,773827,-4.2046,17.6614,73.4438,65.922,-92.2107,11.424,0.1287,0.092
1780080240029,1,Pitching Mound.Parent,,Loading,pitch.0,771976,-4.0978,17.4977,73.6648,65.8007,-92.2598,11.4062,0.1283,0.0915
1780080240030,1,11.0000004b,Drive,Loading,pitch.0,773828,-4.1799,17.745,73.7177,66.1657,-92.3742,11.4671,0.1284,0.092
1780080240030,1,12.00000015,Lower Delivery,Loading,pitch.0,773345,0.112,-0.0357,0.0979,-0.0074,-0.0214,0.0125,0.0,0.0
1780080240030,1,12.00000018,Upper Delivery,Loading,pitch.0,774633,0.0498,-0.1703,0.2536,-0.0884,-0.0304,-0.0012,0.0,0.0
1780080240030,1,Pitching Mound.Delivery,,Loading,pitch.0,772721,0.1617,-0.206,0.3516,-0.1487,-0.0518,-0.0098,0.0,0.0
1780080240030,1,Pitching Mound.Drive,,Loading,pitch.0,773828,-4.1799,17.745,73.7177,66.1657,-92.3742,11.4671,0.1284,0.092
1780080240030,1,Pitching Mound.Parent,,Loading,pitch.0,771977,-4.0181,17.5389,74.0693,66.017,-92.426,11.4573,0.1278,0.0908
1780080240031,1,11.0000004b,Drive,Loading,pitch.0,773829,-4.1544,17.8271,73.99,66.3377,-92.6283,11.5078,0.1283,0.0919
1780080240031,1,12.00000015,Lower Delivery,Loading,pitch.0,773346,0.1292,-0.0414,0.1184,-0.0044,-0.0243,0.014,0.0,0.0
1780080240031,1,12.00000018,Upper Delivery,Loading,pitch.0,774634,0.0349,-0.1571,0.176,-0.0884,-0.0304,-0.0012,0.0,0.0
1780080240031,1,Pitching Mound.Delivery,,Loading,pitch.0,772722,0.1641,-0.1986,0.2943,-0.1124,-0.0546,-0.0192,0.0,0.0
1780080240031,1,Pitching Mound.Drive,,Loading,pitch.0,773829,-4.1544,17.8271,73.99,66.3377,-92.6283,11.5078,0.1283,0.0919
1780080240031,1,Pitching Mound.Parent,,Loading,pitch.0,771978,-3.9903,17.6285,74.2844,66.2253,-92.6829,11.4885,0.1278,0.0913
1780080240032,1,11.0000004b,Drive,Loading,pitch.0,773830,-4.1014,17.9246,74.3099,66.6439,-92.9169,11.5672,0.1282,0.0919
1780080240032,1,12.00000015,Lower Delivery,Loading,pitch.0,773347,0.1448,-0.0701,0.1544,0.0175,-0.0178,0.0137,0.0,0.0
1780080240032,1,12.00000018,Upper Delivery,Loading,pitch.0,774635,0.0276,-0.1715,0.159,-0.0884,-0.0304,-0.0012,0.0,0.0
1780080240032,1,Pitching Mound.Delivery,,Loading,pitch.0,772723,0.1724,-0.2416,0.3133,-0.0725,-0.0481,-0.0274,0.0,0.0
1780080240032,1,Pitching Mound.Drive,,Loading,pitch.0,773830,-4.1014,17.9246,74.3099,66.6439,-92.9169,11.5672,0.1282,0.0919
1780080240032,1,Pitching Mound.Parent,,Loading,pitch.0,771979,-3.9291,17.683,74.6232,66.5714,-92.9651,11.5399,0.1276,0.0915
1780080240033,1,11.0000004b,Drive,Loading,pitch.0,773831,-4.0609,18.0262,74.4982,66.8031,-93.1434,11.5963,0.1281,0.0919
1780080240033,1,12.00000015,Lower Delivery,Loading,pitch.0,773348,0.1651,-0.0508,0.156,0.0158,-0.0265,0.0169,0.0,0.0
1780080240033,1,12.00000018,Upper Delivery,Loading,pitch.0,774636,0.0133,-0.1603,0.1148,-0.0884,-0.0304,-0.0012,0.0,0.0
1780080240033,1,Pitching Mound.Delivery,,Loading,pitch.0,772724,0.1784,-0.2111,0.2708,-0.0586,-0.0568,-0.0359,0.0,0.0
1780080240033,1,Pitching Mound.Drive,,Loading,pitch.0,773831,-4.0609,18.0262,74.4982,66.8031,-93.1434,11.5963,0.1281,0.0919
1780080240033,1,Pitching Mound.Parent,,Loading,pitch.0,771980,-3.8825,17.8151,74.769,66.7445,-93.2003,11.5604,0.1277,0.0918
1780080240034,1,11.0000004b,Drive,Loading,pitch.0,773832,-4.0121,18.1334,74.8374,67.1117,-93.4749,11.6424,0.128,0.0919
1780080240034,1,12.00000015,Lower Delivery,Loading,pitch.0,773349,0.1416,-0.0496,0.1228,0.0116,-0.0311,0.0154,0.0,0.0
1780080240034,1,12.00000018,Upper Delivery,Loading,pitch.0,774637,0.0457,-0.2002,0.1835,-0.0884,-0.0304,-0.0012,0.0,0.0
1780080240034,1,Pitching Mound.Delivery,,Loading,pitch.0,772725,0.1873,-0.2498,0.3063,-0.0974,-0.0614,-0.0184,0.0,0.0
1780080240034,1,Pitching Mound.Drive,,Loading,pitch.0,773832,-4.0121,18.1334,74.8374,67.1117,-93.4749,11.6424,0.128,0.0919
1780080240034,1,Pitching Mound.Parent,,Loading,pitch.0,771981,-3.8248,17.8837,75.1437,67.0143,-93.5364,11.6239,0.1275,0.0913
1780080240035,1,11.0000004b,Drive,Loading,pitch.0,773833,-3.9746,18.2342,75.0593,67.3486,-93.6126,11.6706,0.1278,0.092
1780080240035,1,12.00000015,Lower Delivery,Loading,pitch.0,773350,0.1341,-0.0409,0.1036,0.0039,-0.0445,0.0147,0.0,0.0
1780080240035,1,12.00000018,Upper Delivery,Loading,pitch.0,774638,0.029,-0.1776,0.1446,-0.0884,-0.0304,-0.0012,0.0,0.0
1780080240035,1,Pitching Mound.Delivery,,Loading,pitch.0,772726,0.1631,-0.2185,0.2482,-0.0984,-0.0749,-0.0222,0.0,0.0
1780080240035,1,Pitching Mound.Drive,,Loading,pitch.0,773833,-3.9746,18.2342,75.0593,67.3486,-93.6126,11.6706,0.1278,0.092
1780080240035,1,Pitching Mound.Parent,,Loading,pitch.0,771982,-3.8115,18.0157,75.3075,67.2502,-93.6876,11.6484,0.1274,0.0915
1780080240036,1,11.0000004b,Drive,Loading,pitch.0,773834,-3.9299,18.3666,75.3096,67.5613,-93.7481,11.7311,0.1276,0.0919
1780080240036,1,12.00000015,Lower Delivery,Loading,pitch.0,773351,0.1604,-0.0543,0.1215,0.0134,-0.0478,0.0135,0.0,0.0
1780080240036,1,12.00000018,Upper Delivery,Loading,pitch.0,774639,0.0281,-0.195,0.137,-0.0884,-0.0304,-0.0012,0.0,0.0
1780080240036,1,Pitching Mound.Delivery,,Loading,pitch.0,772727,0.1885,-0.2493,0.2585,-0.0802,-0.0782,-0.0327,0.0,0.0
1780080240036,1,Pitching Mound.Drive,,Loading,pitch.0,773834,-3.9299,18.3666,75.3096,67.5613,-93.7481,11.7311,0.1276,0.0919
1780080240036,1,Pitching Mound.Parent,,Loading,pitch.0,771983,-3.7414,18.1173,75.5681,67.4811,-93.8262,11.6984,0.1272,0.0916
1780080240037,1,11.0000004b,Drive,Loading,pitch.0,773835,-3.8771,18.4958,75.64,67.8822,-94.0919,11.7888,0.1275,0.092
1780080240037,1,12.00000015,Lower Delivery,Loading,pitch.0,773352,0.1645,-0.0624,0.1351,0.0126,-0.05,0.0142,0.0,0.0
1780080240037,1,12.00000018,Upper Delivery,Loading,pitch.0,774640,0.0192,-0.1692,0.1098,-0.0884,-0.0304,-0.0012,0.0,0.0
1780080240037,1,Pitching Mound.Delivery,,Loading,pitch.0,772728,0.1837,-0.2316,0.2449,-0.0672,-0.0803,-0.0363,0.0,0.0
1780080240037,1,Pitching Mound.Drive,,Loading,pitch.0,773835,-3.8771,18.4958,75.64,67.8822,-94.0919,11.7888,0.1275,0.092
1780080240037,1,Pitching Mound.Parent,,Loading,pitch.0,771984,-3.6934,18.2643,75.8849,67.8151,-94.1723,11.7524,0.1271,0.0918
1780080240038,1,11.0000004b,Drive,Loading,pitch.0,773836,-3.837,18.6231,75.9273,68.091,-94.3821,11.8734,0.1274,0.0919
1780080240038,1,12.00000015,Lower Delivery,Loading,pitch.0,773353,0.153,-0.067,0.1408,0.0009,-0.0458,0.0153,0.0,0.0
1780080240038,1,12.00000018,Upper Delivery,Loading,pitch.0,774641,0.0416,-0.2011,0.161,-0.0884,-0.0304,-0.0012,0.0,0.0
1780080240038,1,Pitching Mound.Delivery,,Loading,pitch.0,772729,0.1946,-0.2681,0.3019,-0.0943,-0.0762,-0.0238,0.0,0.0
1780080240038,1,Pitching Mound.Drive,,Loading,pitch.0,773836,-3.837,18.6231,75.9273,68.091,-94.3821,11.8734,0.1274,0.0919
1780080240038,1,Pitching Mound.Parent,,Loading,pitch.0,771985,-3.6424,18.355,76.2292,67.9967,-94.4583,11.8496,0.1269,0.0915
1780080240039,1,11.0000004b,Drive,Loading,pitch.0,773837,-3.8025,18.7601,76.2694,68.3763,-94.6429,11.9238,0.1272,0.0919
1780080240039,1,12.00000015,Lower Delivery,Loading,pitch.0,773354,0.178,-0.105,0.2119,0.0063,-0.0417,0.0149,0.0,0.0
1780080240039,1,12.00000018,Upper Delivery,Loading,pitch.0,774642,0.0406,-0.2194,0.1651,-0.0884,-0.0304,-0.0012,0.0,0.0
1780080240039,1,Pitching Mound.Delivery,,Loading,pitch.0,772730,0.2187,-0.3244,0.377,-0.0661,-0.0721,-0.0331,0.0,0.0
1780080240039,1,Pitching Mound.Drive,,Loading,pitch.0,773837,-3.8025,18.7601,76.2694,68.3763,-94.6429,11.9238,0.1272,0.0919
1780080240039,1,Pitching Mound.Parent,,Loading,pitch.0,771986,-3.5838,18.4357,76.6464,68.3102,-94.715,11.8907,0.1266,0.0916
1780080240040,1,11.0000004b,Drive,Loading,pitch.0,773838,-3.7724,18.8995,76.5117,68.5791,-95.0087,12.021,0.1273,0.0919
1780080240040,1,12.00000015,Lower Delivery,Loading,pitch.0,773355,0.1673,-0.0989,0.1772,0.0047,-0.0493,0.015,0.0,0.0
1780080240040,1,12.00000018,Upper Delivery,Loading,pitch.0,774643,0.0452,-0.2315,0.1703,-0.0884,-0.0304,-0.0012,0.0,0.0
1780080240040,1,Pitching Mound.Delivery,,Loading,pitch.0,772731,0.2125,-0.3303,0.3475,-0.0814,-0.0797,-0.0277,0.0,0.0
1780080240040,1,Pitching Mound.Drive,,Loading,pitch.0,773838,-3.7724,18.8995,76.5117,68.5791,-95.0087,12.021,0.1273,0.0919
1780080240040,1,Pitching Mound.Parent,,Loading,pitch.0,771987,-3.5599,18.5692,76.8593,68.4978,-95.0883,11.9933,0.1267,0.0915
1780080240041,1,11.0000004b,Drive,Loading,pitch.0,773839,-3.7358,19.0401,76.9312,68.8209,-95.501,12.1186,0.1272,0.0917
1780080240041,1,12.00000015,Lower Delivery,Loading,pitch.0,773356,0.1388,-0.0876,0.1238,-0.0021,-0.0563,0.0134,0.0,0.0
1780080240041,1,12.00000018,Upper Delivery,Loading,pitch.0,774644,0.0571,-0.2407,0.1953,-0.0884,-0.0304,-0.0012,0.0,0.0
1780080240041,1,Pitching Mound.Delivery,,Loading,pitch.0,772732,0.1959,-0.3283,0.3191,-0.1148,-0.0867,-0.0156,0.0,0.0
1780080240041,1,Pitching Mound.Drive,,Loading,pitch.0,773839,-3.7358,19.0401,76.9312,68.8209,-95.501,12.1186,0.1272,0.0917
1780080240041,1,Pitching Mound.Parent,,Loading,pitch.0,771988,-3.5399,18.7118,77.2503,68.7062,-95.5877,12.103,0.1267,0.091
1780080240042,1,11.0000004b,Drive,Loading,pitch.0,773840,-3.7009,19.1855,77.3479,69.184,-96.0396,12.2092,0.1273,0.0917
1780080240042,1,12.00000015,Lower Delivery,Loading,pitch.0,773357,0.1361,-0.0843,0.1416,-0.0186,-0.0575,0.0129,0.0,0.0
1780080240042,1,12.00000018,Upper Delivery,Loading,pitch.0,774645,0.0876,-0.245,0.2605,-0.0884,-0.0304,-0.0012,0.0,0.0
1780080240042,1,Pitching Mound.Delivery,,Loading,pitch.0,772733,0.2237,-0.3294,0.4021,-0.1474,-0.0879,-0.0048,0.0,0.0
1780080240042,1,Pitching Mound.Drive,,Loading,pitch.0,773840,-3.7009,19.1855,77.3479,69.184,-96.0396,12.2092,0.1273,0.0917
1780080240042,1,Pitching Mound.Parent,,Loading,pitch.0,771989,-3.4772,18.8561,77.7501,69.0366,-96.1275,12.2044,0.1266,0.0907
1780080240043,1,11.0000004b,Drive,Loading,pitch.0,773841,-3.6838,19.3194,77.788,69.5318,-96.574,12.3532,0.1272,0.0916
1780080240043,1,12.00000015,Lower Delivery,Loading,pitch.0,773358,0.1291,-0.0826,0.1244,-0.0296,-0.0634,0.0144,0.0,0.0
1780080240043,1,12.00000018,Upper Delivery,Loading,pitch.0,774646,0.0434,-0.1907,0.15,-0.0884,-0.0304,-0.0012,0.0,0.0
1780080240043,1,Pitching Mound.Delivery,,Loading,pitch.0,772734,0.1725,-0.2732,0.2744,-0.1267,-0.0937,-0.016,0.0,0.0
1780080240043,1,Pitching Mound.Drive,,Loading,pitch.0,773841,-3.6838,19.3194,77.788,69.5318,-96.574,12.3532,0.1272,0.0916
1780080240043,1,Pitching Mound.Parent,,Loading,pitch.0,771990,-3.5113,19.0461,78.0623,69.4051,-96.6678,12.3373,0.1268,0.0912
1780080240044,1,11.0000004b,Drive,Loading,pitch.0,773842,-3.6483,19.4478,78.0841,69.5409,-96.8848,12.4343,0.1272,0.0913
1780080240044,1,12.00000015,Lower Delivery,Loading,pitch.0,773359,0.1142,-0.0991,0.1161,-0.0209,-0.0435,0.0128,0.0,0.0
1780080240044,1,12.00000018,Upper Delivery,Loading,pitch.0,774647,0.0214,-0.1691,0.1108,-0.0884,-0.0304,-0.0012,0.0,0.0
1780080240044,1,Pitching Mound.Delivery,,Loading,pitch.0,772735,0.1355,-0.2682,0.2269,-0.1074,-0.0738,-0.0199,0.0,0.0
1780080240044,1,Pitching Mound.Drive,,Loading,pitch.0,773842,-3.6483,19.4478,78.0841,69.5409,-96.8848,12.4343,0.1272,0.0913
1780080240044,1,Pitching Mound.Parent,,Loading,pitch.0,771991,-3.5128,19.1796,78.311,69.4334,-96.9587,12.4144,0.1268,0.091
1780080240045,1,11.0000004b,Drive,Loading,pitch.0,773843,-3.6336,19.6073,78.6638,70.0549,-97.7312,12.6388,0.1273,0.0913
1780080240045,1,12.00000015,Lower Delivery,Loading,pitch.0,773360,0.1376,-0.1267,0.1664,-0.0098,-0.0351,0.0149,0.0,0.0
1780080240045,1,12.00000018,Upper Delivery,Loading,pitch.0,774648,0.0156,-0.1496,0.0979,-0.0884,-0.0304,-0.0012,0.0,0.0
1780080240045,1,Pitching Mound.Delivery,,Loading,pitch.0,772736,0.1532,-0.2763,0.2643,-0.0749,-0.0655,-0.0278,0.0,0.0
1780080240045,1,Pitching Mound.Drive,,Loading,pitch.0,773843,-3.6336,19.6073,78.6638,70.0549,-97.7312,12.6388,0.1273,0.0913
1780080240045,1,Pitching Mound.Parent,,Loading,pitch.0,771992,-3.4805,19.331,78.9281,69.98,-97.7967,12.611,0.1269,0.0913
1780080240046,1,11.0000004b,Drive,Loading,pitch.0,773844,-3.6202,19.7553,79.01,70.3163,-98.1838,12.7544,0.1274,0.0912
1780080240046,1,12.00000015,Lower Delivery,Loading,pitch.0,773361,0.1209,-0.1181,0.1349,-0.0091,-0.0324,0.0141,0.0,0.0
1780080240046,1,12.00000018,Upper Delivery,Loading,pitch.0,774649,0.0025,-0.1305,0.0764,-0.0884,-0.0304,-0.0012,0.0,0.0
1780080240046,1,Pitching Mound.Delivery,,Loading,pitch.0,772737,0.1234,-0.2486,0.2114,-0.0776,-0.0628,-0.0274,0.0,0.0
1780080240046,1,Pitching Mound.Drive,,Loading,pitch.0,773844,-3.6202,19.7553,79.01,70.3163,-98.1838,12.7544,0.1274,0.0912
1780080240046,1,Pitching Mound.Parent,,Loading,pitch.0,771993,-3.4968,19.5067,79.2214,70.2387,-98.2466,12.727,0.127,0.0912
1780080240047,1,11.0000004b,Drive,Loading,pitch.0,773845,-3.6105,19.9266,79.7415,70.9551,-99.2397,13.0201,0.1276,0.0912
1780080240047,1,12.00000015,Lower Delivery,Loading,pitch.0,773362,0.1055,-0.107,0.119,-0.0207,-0.0272,0.0114,0.0,0.0
1780080240047,1,12.00000018,Upper Delivery,Loading,pitch.0,774650,-0.0045,-0.1033,0.0539,-0.0884,-0.0304,-0.0012,0.0,0.0
1780080240047,1,Pitching Mound.Delivery,,Loading,pitch.0,772738,0.1009,-0.2103,0.1728,-0.087,-0.0575,-0.0273,0.0,0.0
1780080240047,1,Pitching Mound.Drive,,Loading,pitch.0,773845,-3.6105,19.9266,79.7415,70.9551,-99.2397,13.0201,0.1276,0.0912
1780080240047,1,Pitching Mound.Parent,,Loading,pitch.0,771994,-3.5096,19.7163,79.9143,70.8681,-99.2972,12.9928,0.1273,0.0913
1780080240048,1,11.0000004b,Drive,Loading,pitch.0,773846,-3.6523,20.1525,80.7641,72.0192,-100.8406,13.3838,0.128,0.0914
1780080240048,1,12.00000015,Lower Delivery,Loading,pitch.0,773363,0.098,-0.0953,0.1042,-0.0173,-0.0252,0.0073,0.0,0.0
1780080240048,1,12.00000018,Upper Delivery,Loading,pitch.0,774651,0.008,-0.1012,0.0687,-0.0884,-0.0304,-0.0012,0.0,0.0
1780080240048,1,Pitching Mound.Delivery,,Loading,pitch.0,772739,0.1061,-0.1964,0.173,-0.0936,-0.0556,-0.0245,0.0,0.0
1780080240048,1,Pitching Mound.Drive,,Loading,pitch.0,773846,-3.6523,20.1525,80.7641,72.0192,-100.8406,13.3838,0.128,0.0914
1780080240048,1,Pitching Mound.Parent,,Loading,pitch.0,771995,-3.5463,19.9561,80.9371,71.9256,-100.8962,13.3592,0.1277,0.0914
1780080240049,1,11.0000004b,Drive,Loading,pitch.0,773847,-3.6499,20.2398,80.7696,71.8699,-100.4928,13.3633,0.1275,0.0912
1780080240049,1,12.00000015,Lower Delivery,Loading,pitch.0,773364,0.1127,-0.1185,0.1401,-0.0074,-0.019,0.0054,0.0,0.0
1780080240049,1,12.00000018,Upper Delivery,Loading,pitch.0,774652,-0.0045,-0.0712,0.0378,-0.0884,-0.0304,-0.0012,0.0,0.0
1780080240049,1,Pitching Mound.Delivery,,Loading,pitch.0,772740,0.1082,-0.1897,0.1779,-0.061,-0.0493,-0.0357,0.0,0.0
1780080240049,1,Pitching Mound.Drive,,Loading,pitch.0,773847,-3.6499,20.2398,80.7696,71.8699,-100.4928,13.3633,0.1275,0.0912
1780080240049,1,Pitching Mound.Parent,,Loading,pitch.0,771996,-3.5417,20.0501,80.9475,71.8089,-100.5421,13.3276,0.1272,0.0914
1780080240050,1,11.0000004b,Drive,Loading,pitch.0,773848,-3.6772,20.4648,81.8749,72.9646,-102.2054,13.7483,0.1279,0.0913
1780080240050,1,12.00000015,Lower Delivery,Loading,pitch.0,773365,0.075,-0.1134,0.1125,-0.0057,-0.0202,0.0029,0.0,0.0
1780080240050,1,12.00000018,Upper Delivery,Loading,pitch.0,774653,-0.0065,-0.0695,0.0347,-0.0884,-0.0304,-0.0012,0.0,0.0
1780080240050,1,Pitching Mound.Delivery,,Loading,pitch.0,772741,0.0685,-0.1829,0.1472,-0.0675,-0.0506,-0.026,0.0,0.0
1780080240050,1,Pitching Mound.Drive,,Loading,pitch.0,773848,-3.6772,20.4648,81.8749,72.9646,-102.2054,13.7483,0.1279,0.0913
1780080240050,1,Pitching Mound.Parent,,Loading,pitch.0,771997,-3.6087,20.2819,82.0222,72.8971,-102.256,13.7223,0.1277,0.0915
1780080240051,1,11.0000004b,Drive,Loading,pitch.0,773849,-3.6971,20.5718,82.1787,72.8887,-102.6698,13.8125,0.1281,0.0909
1780080240051,1,12.00000015,Lower Delivery,Loading,pitch.0,773366,0.0787,-0.1251,0.1242,-0.0066,-0.0243,0.0009,0.0,0.0
1780080240051,1,12.00000018,Upper Delivery,Loading,pitch.0,774654,-0.0058,-0.0689,0.032,-0.0884,-0.0304,-0.0012,0.0,0.0
1780080240051,1,Pitching Mound.Delivery,,Loading,pitch.0,772742,0.0729,-0.1941,0.1563,-0.0636,-0.0546,-0.0291,0.0,0.0
1780080240051,1,Pitching Mound.Drive,,Loading,pitch.0,773849,-3.6971,20.5718,82.1787,72.8887,-102.6698,13.8125,0.1281,0.0909
1780080240051,1,Pitching Mound.Parent,,Loading,pitch.0,771998,-3.6242,20.3777,82.335,72.8251,-102.7245,13.7834,0.1278,0.0911
1780080240052,1,11.0000004b,Drive,Loading,pitch.0,773850,-3.786,20.7949,83.6607,74.7994,-104.6736,14.2098,0.1282,0.0916
1780080240052,1,12.00000015,Lower Delivery,Loading,pitch.0,773367,0.0733,-0.124,0.1418,-0.0064,-0.0228,0.0017,0.0,0.0
1780080240052,1,12.00000018,Upper Delivery,Loading,pitch.0,774655,-0.0078,-0.0767,0.0418,-0.0884,-0.0304,-0.0012,0.0,0.0
1780080240052,1,Pitching Mound.Delivery,,Loading,pitch.0,772743,0.0655,-0.2007,0.1836,-0.0608,-0.0532,-0.0271,0.0,0.0
1780080240052,1,Pitching Mound.Drive,,Loading,pitch.0,773850,-3.786,20.7949,83.6607,74.7994,-104.6736,14.2098,0.1282,0.0916
1780080240052,1,Pitching Mound.Parent,,Loading,pitch.0,771999,-3.7205,20.5942,83.8443,74.7386,-104.7268,14.1827,0.128,0.0918
1780080240053,1,11.0000004b,Drive,Loading,pitch.0,773851,-3.8012,20.9145,83.7633,74.5525,-104.7588,14.3068,0.1282,0.0912
1780080240053,1,12.00000015,Lower Delivery,Loading,pitch.0,773368,0.1026,-0.1328,0.1722,0.007,-0.0156,0.0024,0.0,0.0
1780080240053,1,12.00000018,Upper Delivery,Loading,pitch.0,774656,0.0034,-0.098,0.0895,-0.0884,-0.0304,-0.0012,0.0,0.0
1780080240053,1,Pitching Mound.Delivery,,Loading,pitch.0,772744,0.1061,-0.2308,0.2617,-0.0532,-0.046,-0.0325,0.0,0.0
1780080240053,1,Pitching Mound.Drive,,Loading,pitch.0,773851,-3.8012,20.9145,83.7633,74.5525,-104.7588,14.3068,0.1282,0.0912
1780080240053,1,Pitching Mound.Parent,,Loading,pitch.0,772000,-3.6952,20.6836,84.0251,74.4993,-104.8047,14.2743,0.1278,0.0913
1780080240054,1,11.0000004b,Drive,Loading,pitch.0,773852,-3.8578,21.0748,84.089,74.7771,-105.0557,14.5222,0.1281,0.0911
1780080240054,1,12.00000015,Lower Delivery,Loading,pitch.0,773369,0.0855,-0.1462,0.1789,-0.0003,-0.0227,0.0003,0.0,0.0
1780080240054,1,12.00000018,Upper Delivery,Loading,pitch.0,774657,-0.0123,-0.1003,0.0921,-0.0884,-0.0304,-0.0012,0.0,0.0
1780080240054,1,Pitching Mound.Delivery,,Loading,pitch.0,772745,0.0732,-0.2465,0.271,-0.0591,-0.0531,-0.0342,0.0,0.0
1780080240054,1,Pitching Mound.Drive,,Loading,pitch.0,773852,-3.8578,21.0748,84.089,74.7771,-105.0557,14.5222,0.1281,0.0911
1780080240054,1,Pitching Mound.Parent,,Loading,pitch.0,772001,-3.7845,20.8282,84.36,74.718,-105.1088,14.488,0.1276,0.0912
1780080240055,1,11.0000004b,Drive,Loading,pitch.0,773853,-3.8899,21.2919,84.7958,75.5572,-106.1433,14.9013,0.1283,0.0913
1780080240055,1,12.00000015,Lower Delivery,Loading,pitch.0,773370,0.0975,-0.1413,0.1651,0.0022,-0.0278,0.0007,0.0,0.0
1780080240055,1,12.00000018,Upper Delivery,Loading,pitch.0,774658,0.0259,-0.1379,0.1568,-0.0884,-0.0304,-0.0012,0.0,0.0
1780080240055,1,Pitching Mound.Delivery,,Loading,pitch.0,772746,0.1234,-0.2793,0.3219,-0.0834,-0.0581,-0.0248,0.0,0.0
1780080240055,1,Pitching Mound.Drive,,Loading,pitch.0,773853,-3.8899,21.2919,84.7958,75.5572,-106.1433,14.9013,0.1283,0.0913
1780080240055,1,Pitching Mound.Parent,,Loading,pitch.0,772002,-3.7665,21.0126,85.1177,75.4738,-106.2015,14.8765,0.1278,0.091
1780080240056,1,11.0000004b,Drive,Loading,pitch.0,773854,-3.9781,21.4993,85.9964,76.7121,-107.964,15.2254,0.1287,0.0914
1780080240056,1,12.00000015,Lower Delivery,Loading,pitch.0,773371,0.104,-0.1296,0.169,0.0126,-0.0222,0.0024,0.0,0.0
1780080240056,1,12.00000018,Upper Delivery,Loading,pitch.0,774659,0.0664,-0.1901,0.2186,-0.0884,-0.0304,-0.0012,0.0,0.0
1780080240056,1,Pitching Mound.Delivery,,Loading,pitch.0,772747,0.1704,-0.3197,0.3875,-0.0926,-0.0526,-0.0116,0.0,0.0
1780080240056,1,Pitching Mound.Drive,,Loading,pitch.0,773854,-3.9781,21.4993,85.9964,76.7121,-107.964,15.2254,0.1287,0.0914
1780080240056,1,Pitching Mound.Parent,,Loading,pitch.0,772003,-3.8077,21.1795,86.3839,76.6194,-108.0165,15.2139,0.1281,0.0908
1780080240057,1,11.0000004b,Drive,Loading,pitch.0,773855,-4.0462,21.6876,86.6486,77.4443,-108.8469,15.555,0.1288,0.0916
1780080240057,1,12.00000015,Lower Delivery,Loading,pitch.0,773372,0.1235,-0.1359,0.2182,0.0037,-0.0251,0.0013,0.0,0.0
1780080240057,1,12.00000018,Upper Delivery,Loading,pitch.0,774660,0.0529,-0.1785,0.1789,-0.0884,-0.0304,-0.0012,0.0,0.0
1780080240057,1,Pitching Mound.Delivery,,Loading,pitch.0,772748,0.1764,-0.3144,0.397,-0.0713,-0.0554,-0.0239,0.0,0.0
1780080240057,1,Pitching Mound.Drive,,Loading,pitch.0,773855,-4.0462,21.6876,86.6486,77.4443,-108.8469,15.555,0.1288,0.0916
1780080240057,1,Pitching Mound.Parent,,Loading,pitch.0,772004,-3.8698,21.3732,87.0456,77.373,-108.9024,15.5311,0.1282,0.0913
1780080240058,1,11.0000004b,Drive,Loading,pitch.0,773856,-4.0915,21.8431,87.3468,78.0156,-109.8784,15.8119,0.1289,0.0915
1780080240058,1,12.00000015,Lower Delivery,Loading,pitch.0,773373,0.1551,-0.1116,0.2625,0.0045,-0.0283,0.0032,0.0,0.0
1780080240058,1,12.00000018,Upper Delivery,Loading,pitch.0,774661,0.0369,-0.1807,0.1637,-0.0884,-0.0304,-0.0012,0.0,0.0
1780080240058,1,Pitching Mound.Delivery,,Loading,pitch.0,772749,0.1921,-0.2923,0.4262,-0.0503,-0.0586,-0.0382,0.0,0.0
1780080240058,1,Pitching Mound.Drive,,Loading,pitch.0,773856,-4.0915,21.8431,87.3468,78.0156,-109.8784,15.8119,0.1289,0.0915
1780080240058,1,Pitching Mound.Parent,,Loading,pitch.0,772005,-3.8994,21.5508,87.773,77.9653,-109.937,15.7737,0.1283,0.0915
1780080240059,1,11.0000004b,Drive,Loading,pitch.0,773857,-4.1321,22.0026,87.9879,78.6208,-110.7945,16.06,0.1291,0.0916
1780080240059,1,12.00000015,Lower Delivery,Loading,pitch.0,773374,0.1137,-0.1017,0.1999,-0.0187,-0.032,0.0059,0.0,0.0
1780080240059,1,12.00000018,Upper Delivery,Loading,pitch.0,774662,0.0208,-0.1672,0.13,-0.0884,-0.0304,-0.0012,0.0,0.0
1780080240059,1,Pitching Mound.Delivery,,Loading,pitch.0,772750,0.1345,-0.2689,0.3299,-0.0833,-0.0623,-0.0269,0.0,0.0
1780080240059,1,Pitching Mound.Drive,,Loading,pitch.0,773857,-4.1321,22.0026,87.9879,78.6208,-110.7945,16.06,0.1291,0.0916
1780080240059,1,Pitching Mound.Parent,,Loading,pitch.0,772006,-3.9976,21.7337,88.3178,78.5375,-110.8568,16.0332,0.1286,0.0915
1780080240060,1,11.0000004b,Drive,Loading,pitch.0,773858,-4.2207,22.1861,88.8985,79.5841,-112.1371,16.3746,0.1293,0.0918
1780080240060,1,12.00000015,Lower Delivery,Loading,pitch.0,773375,0.1091,-0.069,0.1828,-0.026,-0.0332,0.006,0.0,0.0
1780080240060,1,12.00000018,Upper Delivery,Loading,pitch.0,774663,0.0136,-0.1677,0.1182,-0.0884,-0.0304,-0.0012,0.0,0.0
1780080240060,1,Pitching Mound.Delivery,,Loading,pitch.0,772751,0.1226,-0.2367,0.301,-0.0924,-0.0636,-0.0277,0.0,0.0
1780080240060,1,Pitching Mound.Drive,,Loading,pitch.0,773858,-4.2207,22.1861,88.8985,79.5841,-112.1371,16.3746,0.1293,0.0918
1780080240060,1,Pitching Mound.Parent,,Loading,pitch.0,772007,-4.0981,21.9494,89.1994,79.4918,-112.2007,16.347,0.1289,0.0917
1780080240061,1,11.0000004b,Drive,Loading,pitch.0,773859,-4.2655,22.3535,89.7673,80.4543,-113.3753,16.666,0.1295,0.0919
1780080240061,1,12.00000015,Lower Delivery,Loading,pitch.0,773376,0.11,-0.078,0.1871,-0.0279,-0.0256,0.0128,0.0,0.0
1780080240061,1,12.00000018,Upper Delivery,Loading,pitch.0,774664,0.0416,-0.1765,0.1625,-0.0884,-0.0304,-0.0012,0.0,0.0
1780080240061,1,Pitching Mound.Delivery,,Loading,pitch.0,772752,0.1515,-0.2545,0.3496,-0.1079,-0.0559,-0.0117,0.0,0.0
1780080240061,1,Pitching Mound.Drive,,Loading,pitch.0,773859,-4.2655,22.3535,89.7673,80.4543,-113.3753,16.666,0.1295,0.0919
1780080240061,1,Pitching Mound.Parent,,Loading,pitch.0,772008,-4.114,22.099,90.1169,80.3464,-113.4312,16.6543,0.1289,0.0916
1780080240062,1,11.0000004b,Drive,Loading,pitch.0,773860,-4.3156,22.486,90.2491,80.9084,-113.8847,16.8408,0.1293,0.0919
1780080240062,1,12.00000015,Lower Delivery,Loading,pitch.0,773377,0.0713,-0.0448,0.1173,-0.025,-0.0166,0.0165,0.0,0.0
1780080240062,1,12.00000018,Upper Delivery,Loading,pitch.0,774665,0.0128,-0.1428,0.109,-0.0884,-0.0304,-0.0012,0.0,0.0
1780080240062,1,Pitching Mound.Delivery,,Loading,pitch.0,772753,0.0841,-0.1876,0.2264,-0.1106,-0.0469,-0.0046,0.0,0.0
1780080240062,1,Pitching Mound.Drive,,Loading,pitch.0,773860,-4.3156,22.486,90.2491,80.9084,-113.8847,16.8408,0.1293,0.0919
1780080240062,1,Pitching Mound.Parent,,Loading,pitch.0,772009,-4.2315,22.2985,90.4755,80.7978,-113.9316,16.8362,0.129,0.0917
1780080240063,1,11.0000004b,Drive,Loading,pitch.0,773861,-4.3665,22.7026,91.2243,81.766,-115.4997,17.2103,0.1298,0.0919
1780080240063,1,12.00000015,Lower Delivery,Loading,pitch.0,773378,0.036,-0.0541,0.0714,-0.0343,-0.0224,0.0169,0.0,0.0
1780080240063,1,12.00000018,Upper Delivery,Loading,pitch.0,774666,0.0295,-0.1468,0.14,-0.0884,-0.0304,-0.0012,0.0,0.0
1780080240063,1,Pitching Mound.Delivery,,Loading,pitch.0,772754,0.0656,-0.2009,0.2114,-0.146,-0.0528,0.0135,0.0,0.0
1780080240063,1,Pitching Mound.Drive,,Loading,pitch.0,773861,-4.3665,22.7026,91.2243,81.766,-115.4997,17.2103,0.1298,0.0919
1780080240063,1,Pitching Mound.Parent,,Loading,pitch.0,772010,-4.3009,22.5017,91.4356,81.6201,-115.5525,17.2238,0.1295,0.0914
1780080240064,1,11.0000004b,Drive,Loading,pitch.0,773862,-4.4136,22.8483,91.5403,82.0509,-116.0277,17.3799,0.1299,0.0919
1780080240064,1,12.00000015,Lower Delivery,Loading,pitch.0,773379,0.0182,-0.0514,0.0621,-0.0253,-0.0237,0.0203,0.0,0.0
1780080240064,1,12.00000018,Upper Delivery,Loading,pitch.0,774667,0.023,-0.1528,0.1335,-0.0884,-0.0304,-0.0012,0.0,0.0
1780080240064,1,Pitching Mound.Delivery,,Loading,pitch.0,772755,0.0412,-0.2042,0.1956,-0.1379,-0.0541,0.0208,0.0,0.0
1780080240064,1,Pitching Mound.Drive,,Loading,pitch.0,773862,-4.4136,22.8483,91.5403,82.0509,-116.0277,17.3799,0.1299,0.0919
1780080240064,1,Pitching Mound.Parent,,Loading,pitch.0,772011,-4.3724,22.6441,91.7359,81.913,-116.0818,17.4006,0.1296,0.0914
1780080240065,1,11.0000004b,Drive,Loading,pitch.0,773863,-4.4865,23.0087,92.3041,82.955,-117.2074,17.6107,0.1301,0.0921
1780080240065,1,12.00000015,Lower Delivery,Loading,pitch.0,773380,0.0774,-0.0407,0.1265,-0.0159,-0.0155,0.0229,0.0,0.0
1780080240065,1,12.00000018,Upper Delivery,Loading,pitch.0,774668,0.0223,-0.1417,0.1268,-0.0884,-0.0304,-0.0012,0.0,0.0
1780080240065,1,Pitching Mound.Delivery,,Loading,pitch.0,772756,0.0997,-0.1824,0.2533,-0.1044,-0.0458,0.003,0.0,0.0
1780080240065,1,Pitching Mound.Drive,,Loading,pitch.0,773863,-4.4865,23.0087,92.3041,82.955,-117.2074,17.6107,0.1301,0.0921
1780080240065,1,Pitching Mound.Parent,,Loading,pitch.0,772012,-4.3868,22.8263,92.5573,82.8506,-117.2532,17.6137,0.1298,0.0919
1780080240066,1,11.0000004b,Drive,Loading,pitch.0,773864,-4.5297,23.1834,92.9359,83.4035,-118.2651,17.875,0.1304,0.092
1780080240066,1,12.00000015,Lower Delivery,Loading,pitch.0,773381,0.0388,-0.02,0.0711,-0.0327,-0.0198,0.0222,0.0,0.0
1780080240066,1,12.00000018,Upper Delivery,Loading,pitch.0,774669,0.0352,-0.1625,0.1598,-0.0884,-0.0304,-0.0012,0.0,0.0
1780080240066,1,Pitching Mound.Delivery,,Loading,pitch.0,772757,0.074,-0.1825,0.2309,-0.1512,-0.0502,0.0197,0.0,0.0
1780080240066,1,Pitching Mound.Drive,,Loading,pitch.0,773864,-4.5297,23.1834,92.9359,83.4035,-118.2651,17.875,0.1304,0.092
1780080240066,1,Pitching Mound.Parent,,Loading,pitch.0,772013,-4.4557,23.0009,93.1669,83.2522,-118.3153,17.8947,0.1301,0.0914
1780080240067,1,11.0000004b,Drive,Loading,pitch.0,773865,-4.5749,23.3401,93.5261,84.0476,-119.1191,18.0749,0.1305,0.0921
1780080240067,1,12.00000015,Lower Delivery,Loading,pitch.0,773382,0.0815,-0.0447,0.1498,-0.0242,-0.0033,0.0216,0.0,0.0
1780080240067,1,12.00000018,Upper Delivery,Loading,pitch.0,774670,-0.012,-0.1312,0.0791,-0.0884,-0.0304,-0.0012,0.0,0.0
1780080240067,1,Pitching Mound.Delivery,,Loading,pitch.0,772758,0.0696,-0.1759,0.2288,-0.0885,-0.0337,-0.0114,0.0,0.0
1780080240067,1,Pitching Mound.Drive,,Loading,pitch.0,773865,-4.5749,23.3401,93.5261,84.0476,-119.1191,18.0749,0.1305,0.0921
1780080240067,1,Pitching Mound.Parent,,Loading,pitch.0,772014,-4.5054,23.1642,93.7549,83.959,-119.1527,18.0635,0.1302,0.0921
1780080240068,1,11.0000004b,Drive,Loading,pitch.0,773866,-4.6121,23.4602,93.802,84.265,-119.5818,18.1819,0.1307,0.0921
1780080240068,1,12.00000015,Lower Delivery,Loading,pitch.0,773383,0.1331,-0.0616,0.211,0.0007,-0.0015,0.0238,0.0,0.0
1780080240068,1,12.00000018,Upper Delivery,Loading,pitch.0,774671,-0.0131,-0.1222,0.067,-0.0884,-0.0304,-0.0012,0.0,0.0
1780080240068,1,Pitching Mound.Delivery,,Loading,pitch.0,772759,0.12,-0.1839,0.278,-0.0388,-0.0318,-0.0271,0.0,0.0
1780080240068,1,Pitching Mound.Drive,,Loading,pitch.0,773866,-4.6121,23.4602,93.802,84.265,-119.5818,18.1819,0.1307,0.0921
1780080240068,1,Pitching Mound.Parent,,Loading,pitch.0,772015,-4.4922,23.2763,94.08,84.2262,-119.6137,18.1549,0.1303,0.0923
1780080240069,1,11.0000004b,Drive,Loading,pitch.0,773867,-4.6371,23.6382,94.5587,85.0519,-120.8181,18.4361,0.131,0.0922
1780080240069,1,12.00000015,Lower Delivery,Loading,pitch.0,773384,0.1375,-0.0814,0.2416,0.0086,0.0051,0.0229,0.0,0.0
1780080240069,1,12.00000018,Upper Delivery,Loading,pitch.0,774672,0.0005,-0.1368,0.1157,-0.0884,-0.0304,-0.0012,0.0,0.0
1780080240069,1,Pitching Mound.Delivery,,Loading,pitch.0,772760,0.138,-0.2182,0.3573,-0.037,-0.0253,-0.0248,0.0,0.0
1780080240069,1,Pitching Mound.Drive,,Loading,pitch.0,773867,-4.6371,23.6382,94.5587,85.0519,-120.8181,18.4361,0.131,0.0922
1780080240069,1,Pitching Mound.Parent,,Loading,pitch.0,772016,-4.4991,23.4201,94.916,85.0149,-120.8434,18.4113,0.1305,0.0923
1780080240070,1,11.0000004b,Drive,Loading,pitch.0,773868,-4.6809,23.7847,95.1382,85.5764,-121.6678,18.6348,0.1311,0.0922
1780080240070,1,12.00000015,Lower Delivery,Loading,pitch.0,773385,0.1831,-0.1058,0.2925,0.037,0.0157,0.0217,0.0,0.0
1780080240070,1,12.00000018,Upper Delivery,Loading,pitch.0,774673,-0.0129,-0.1247,0.0692,-0.0884,-0.0304,-0.0012,0.0,0.0
1780080240070,1,Pitching Mound.Delivery,,Loading,pitch.0,772761,0.1702,-0.2306,0.3616,0.0246,-0.0147,-0.0462,0.0,0.0
1780080240070,1,Pitching Mound.Drive,,Loading,pitch.0,773868,-4.6809,23.7847,95.1382,85.5764,-121.6678,18.6348,0.1311,0.0922
1780080240070,1,Pitching Mound.Parent,,Loading,pitch.0,772017,-4.5107,23.5541,95.4998,85.6009,-121.6825,18.5886,0.1306,0.0926
1780080240071,1,11.0000004b,Drive,Loading,pitch.0,773869,-4.6809,23.8919,95.1419,85.3801,-121.7479,18.6957,0.1312,0.092
1780080240071,1,12.00000015,Lower Delivery,Loading,pitch.0,773386,0.191,-0.1007,0.2755,0.0458,0.0139,0.0216,0.0,0.0
1780080240071,1,12.00000018,Upper Delivery,Loading,pitch.0,774674,-0.0097,-0.1098,0.0604,-0.0884,-0.0304,-0.0012,0.0,0.0
1780080240071,1,Pitching Mound.Delivery,,Loading,pitch.0,772762,0.1813,-0.2104,0.3358,0.0306,-0.0165,-0.0478,0.0,0.0
1780080240071,1,Pitching Mound.Drive,,Loading,pitch.0,773869,-4.6809,23.8919,95.1419,85.3801,-121.7479,18.6957,0.1312,0.092
1780080240071,1,Pitching Mound.Parent,,Loading,pitch.0,772018,-4.4996,23.6815,95.4777,85.4107,-121.7643,18.6479,0.1307,0.0924
1780080240072,1,11.0000004b,Drive,Loading,pitch.0,773870,-4.7321,24.0788,96.0475,86.6267,-123.1519,19.0228,0.1314,0.0924
1780080240072,1,12.00000015,Lower Delivery,Loading,pitch.0,773387,0.1866,-0.1064,0.2436,0.0581,0.013,0.0186,0.0,0.0
1780080240072,1,12.00000018,Upper Delivery,Loading,pitch.0,774675,-0.0118,-0.1111,0.0592,-0.0884,-0.0304,-0.0012,0.0,0.0
1780080240072,1,Pitching Mound.Delivery,,Loading,pitch.0,772763,0.1748,-0.2175,0.3028,0.0325,-0.0174,-0.0501,0.0,0.0
1780080240072,1,Pitching Mound.Drive,,Loading,pitch.0,773870,-4.7321,24.0788,96.0475,86.6267,-123.1519,19.0228,0.1314,0.0924
1780080240072,1,Pitching Mound.Parent,,Loading,pitch.0,772019,-4.5573,23.8613,96.3504,86.6591,-123.1693,18.9728,0.131,0.0928
1780080240073,1,11.0000004b,Drive,Loading,pitch.0,773871,-4.7635,24.2294,96.6453,87.2494,-124.067,19.2637,0.1316,0.0925
1780080240073,1,12.00000015,Lower Delivery,Loading,pitch.0,773388,0.1969,-0.104,0.2317,0.0661,0.0172,0.0167,0.0,0.0
1780080240073,1,12.00000018,Upper Delivery,Loading,pitch.0,774676,-0.0136,-0.1145,0.0632,-0.0884,-0.0304,-0.0012,0.0,0.0
1780080240073,1,Pitching Mound.Delivery,,Loading,pitch.0,772764,0.1833,-0.2185,0.2948,0.035,-0.0132,-0.0561,0.0,0.0
1780080240073,1,Pitching Mound.Drive,,Loading,pitch.0,773871,-4.7635,24.2294,96.6453,87.2494,-124.067,19.2637,0.1316,0.0925
1780080240073,1,Pitching Mound.Parent,,Loading,pitch.0,772020,-4.5802,24.0109,96.9401,87.2844,-124.0802,19.2076,0.1312,0.0928
1780080240074,1,11.0000004b,Drive,Loading,pitch.0,773872,-4.7614,24.3612,96.9591,87.4893,-124.5858,19.3908,0.1317,0.0925
1780080240074,1,12.00000015,Lower Delivery,Loading,pitch.0,773389,0.1737,-0.1278,0.2172,0.0699,0.0216,0.0148,0.0,0.0
1780080240074,1,12.00000015,Lower Delivery,Loading,pitch.0,773390,0.1598,-0.1158,0.1861,0.0727,0.0226,0.0135,0.0,0.0
1780080240074,1,12.00000018,Upper Delivery,Loading,pitch.0,774677,-0.0117,-0.106,0.0619,-0.0884,-0.0304,-0.0012,0.0,0.0
1780080240074,1,Pitching Mound.Delivery,,Loading,pitch.0,772765,0.1619,-0.2338,0.2791,0.0343,-0.0088,-0.0494,0.0,0.0
1780080240074,1,Pitching Mound.Drive,,Loading,pitch.0,773872,-4.7614,24.3612,96.9591,87.4893,-124.5858,19.3908,0.1317,0.0925
1780080240074,1,Pitching Mound.Parent,,Loading,pitch.0,772021,-4.5995,24.1274,97.2382,87.5236,-124.5946,19.3414,0.1313,0.0928
1780080240075,1,11.0000004b,Drive,Loading,pitch.0,773873,-4.754,24.4885,97.1922,87.6599,-124.9051,19.555,0.1317,0.0924
1780080240075,1,12.00000018,Upper Delivery,Loading,pitch.0,774678,-0.0114,-0.1002,0.0576,-0.0884,-0.0304,-0.0012,0.0,0.0
1780080240075,1,Pitching Mound.Delivery,,Loading,pitch.0,772766,0.1484,-0.216,0.2437,0.028,-0.0078,-0.0459,0.0,0.0
1780080240075,1,Pitching Mound.Drive,,Loading,pitch.0,773873,-4.754,24.4885,97.1922,87.6599,-124.9051,19.555,0.1317,0.0924
1780080240075,1,Pitching Mound.Parent,,Loading,pitch.0,772022,-4.6055,24.2725,97.4358,87.6879,-124.9128,19.5091,0.1314,0.0927
1780080240076,1,11.0000004b,Drive,Loading,pitch.0,773874,-4.763,24.6395,97.7005,88.1544,-125.4912,19.764,0.1316,0.0925
1780080240076,1,12.00000015,Lower Delivery,Loading,pitch.0,773391,0.1536,-0.1209,0.1779,0.0693,0.0207,0.0117,0.0,0.0
1780080240076,1,12.00000018,Upper Delivery,Loading,pitch.0,774679,-0.0106,-0.0957,0.0645,-0.0884,-0.0304,-0.0012,0.0,0.0
1780080240076,1,Pitching Mound.Delivery,,Loading,pitch.0,772767,0.1431,-0.2165,0.2424,0.0194,-0.0096,-0.0453,0.0,0.0
1780080240076,1,Pitching Mound.Drive,,Loading,pitch.0,773874,-4.763,24.6395,97.7005,88.1544,-125.4912,19.764,0.1316,0.0925
1780080240076,1,Pitching Mound.Parent,,Loading,pitch.0,772023,-4.62,24.4229,97.9429,88.1739,-125.5009,19.7187,0.1313,0.0926
1780080240077,1,11.0000004b,Drive,Loading,pitch.0,773875,-4.7682,24.8109,98.2248,88.7293,-126.1976,19.9738,0.1317,0.0926
1780080240077,1,12.00000015,Lower Delivery,Loading,pitch.0,773392,0.1574,-0.1556,0.1355,0.079,0.0254,0.0124,0.0,0.0
1780080240077,1,12.00000018,Upper Delivery,Loading,pitch.0,774680,-0.0093,-0.0867,0.0609,-0.0884,-0.0304,-0.0012,0.0,0.0
1780080240077,1,Pitching Mound.Delivery,,Loading,pitch.0,772768,0.1481,-0.2423,0.1965,0.016,-0.005,-0.0455,0.0,0.0
1780080240077,1,Pitching Mound.Drive,,Loading,pitch.0,773875,-4.7682,24.8109,98.2248,88.7293,-126.1976,19.9738,0.1317,0.0926
1780080240077,1,Pitching Mound.Parent,,Loading,pitch.0,772024,-4.6201,24.5686,98.4213,88.7453,-126.2026,19.9284,0.1314,0.0927
1780080240078,1,11.0000004b,Drive,Loading,pitch.0,773876,-4.7497,24.9344,98.4891,88.8405,-126.5964,20.0718,0.1317,0.0925
1780080240078,1,12.00000015,Lower Delivery,Loading,pitch.0,773393,0.1652,-0.1733,0.1377,0.0693,0.0189,0.0107,0.0,0.0
1780080240078,1,12.00000018,Upper Delivery,Loading,pitch.0,774681,0.0162,-0.1218,0.1233,-0.0884,-0.0304,-0.0012,0.0,0.0
1780080240078,1,Pitching Mound.Delivery,,Loading,pitch.0,772769,0.1814,-0.2951,0.2609,-0.0141,-0.0114,-0.0411,0.0,0.0
1780080240078,1,Pitching Mound.Drive,,Loading,pitch.0,773876,-4.7497,24.9344,98.4891,88.8405,-126.5964,20.0718,0.1317,0.0925
1780080240078,1,Pitching Mound.Parent,,Loading,pitch.0,772025,-4.5683,24.6393,98.75,88.8263,-126.6078,20.0307,0.1314,0.0923
1780080240079,1,11.0000004b,Drive,Loading,pitch.0,773877,-4.743,25.0715,98.9764,89.1654,-127.101,20.2269,0.1316,0.0923
1780080240079,1,12.00000015,Lower Delivery,Loading,pitch.0,773394,0.1621,-0.1637,0.1174,0.0647,0.0171,0.0126,0.0,0.0
1780080240079,1,12.00000018,Upper Delivery,Loading,pitch.0,774682,-0.0062,-0.0912,0.0597,-0.0884,-0.0304,-0.0012,0.0,0.0
1780080240079,1,Pitching Mound.Delivery,,Loading,pitch.0,772770,0.1559,-0.2548,0.1771,-0.004,-0.0133,-0.0458,0.0,0.0
1780080240079,1,Pitching Mound.Drive,,Loading,pitch.0,773877,-4.743,25.0715,98.9764,89.1654,-127.101,20.2269,0.1316,0.0923
1780080240079,1,Pitching Mound.Parent,,Loading,pitch.0,772026,-4.5871,24.8167,99.1535,89.1613,-127.1144,20.1811,0.1314,0.0924
1780080240080,1,11.0000004b,Drive,Loading,pitch.0,773878,-4.7216,25.2189,99.3309,89.5195,-127.5028,20.3482,0.1316,0.0924
1780080240080,1,12.00000015,Lower Delivery,Loading,pitch.0,773396,0.1504,-0.1468,0.1192,0.0625,0.0127,0.0138,0.0,0.0
1780080240080,1,12.00000015,Lower Delivery,Loading,pitch.0,773395,0.1552,-0.1577,0.1196,0.0573,0.0118,0.0139,0.0,0.0
1780080240080,1,12.00000018,Upper Delivery,Loading,pitch.0,774683,-0.0069,-0.1033,0.0645,-0.0884,-0.0304,-0.0012,0.0,0.0
1780080240080,1,Pitching Mound.Delivery,,Loading,pitch.0,772771,0.1483,-0.261,0.1841,-0.0123,-0.0186,-0.0424,0.0,0.0
1780080240080,1,Pitching Mound.Drive,,Loading,pitch.0,773878,-4.7216,25.2189,99.3309,89.5195,-127.5028,20.3482,0.1316,0.0924
1780080240080,1,Pitching Mound.Parent,,Loading,pitch.0,772027,-4.5733,24.9579,99.515,89.5072,-127.5214,20.3058,0.1313,0.0924
1780080240081,1,11.0000004b,Drive,Loading,pitch.0,773879,-4.6944,25.3548,99.6658,89.6873,-127.739,20.451,0.1314,0.0922
1780080240081,1,12.00000018,Upper Delivery,Loading,pitch.0,774684,-0.0085,-0.1128,0.0627,-0.0884,-0.0304,-0.0012,0.0,0.0
1780080240081,1,Pitching Mound.Delivery,,Loading,pitch.0,772772,0.1419,-0.2596,0.1819,-0.0067,-0.0177,-0.0415,0.0,0.0
1780080240081,1,Pitching Mound.Drive,,Loading,pitch.0,773879,-4.6944,25.3548,99.6658,89.6873,-127.739,20.451,0.1314,0.0922
1780080240081,1,Pitching Mound.Parent,,Loading,pitch.0,772028,-4.5525,25.0952,99.8478,89.6806,-127.7567,20.4096,0.1311,0.0923
1780080240082,1,11.0000004b,Drive,Loading,pitch.0,773880,-4.6751,25.5119,100.0886,89.9208,-128.1024,20.5388,0.1312,0.0921
1780080240082,1,12.00000015,Lower Delivery,Loading,pitch.0,773397,0.1587,-0.1411,0.127,0.0417,0.0007,0.0121,0.0,0.0
1780080240082,1,12.00000018,Upper Delivery,Loading,pitch.0,774685,0.012,-0.1248,0.0911,-0.0884,-0.0304,-0.0012,0.0,0.0
1780080240082,1,Pitching Mound.Delivery,,Loading,pitch.0,772773,0.1707,-0.2659,0.2181,-0.0344,-0.0296,-0.039,0.0,0.0
1780080240082,1,Pitching Mound.Drive,,Loading,pitch.0,773880,-4.6751,25.5119,100.0886,89.9208,-128.1024,20.5388,0.1312,0.0921
1780080240082,1,Pitching Mound.Parent,,Loading,pitch.0,772029,-4.5044,25.246,100.3067,89.8864,-128.132,20.4998,0.1309,0.092
1780080240083,1,11.0000004b,Drive,Loading,pitch.0,773881,-4.6393,25.6626,100.3848,90.2062,-128.4525,20.6548,0.1312,0.0921
1780080240083,1,12.00000015,Lower Delivery,Loading,pitch.0,773398,0.165,-0.1453,0.19,0.0228,0.0,0.014,0.0,0.0
1780080240083,1,12.00000018,Upper Delivery,Loading,pitch.0,774686,-0.0105,-0.1161,0.0612,-0.0884,-0.0304,-0.0012,0.0,0.0
1780080240083,1,Pitching Mound.Delivery,,Loading,pitch.0,772774,0.1545,-0.2613,0.2512,-0.0218,-0.0304,-0.0469,0.0,0.0
1780080240083,1,Pitching Mound.Drive,,Loading,pitch.0,773881,-4.6393,25.6626,100.3848,90.2062,-128.4525,20.6548,0.1312,0.0921
1780080240083,1,Pitching Mound.Parent,,Loading,pitch.0,772030,-4.4848,25.4013,100.636,90.1844,-128.4829,20.6079,0.1308,0.0923
1780080240084,1,11.0000004b,Drive,Loading,pitch.0,773882,-4.6023,25.8394,100.7592,90.5087,-128.8282,20.7685,0.131,0.0921
1780080240084,1,12.00000015,Lower Delivery,Loading,pitch.0,773399,0.1562,-0.1096,0.1959,0.0152,-0.0059,0.0125,0.0,0.0
1780080240084,1,12.00000015,Lower Delivery,Loading,pitch.0,773400,0.1874,-0.1026,0.2048,0.0151,-0.0061,0.0148,0.0,0.0
1780080240084,1,12.00000018,Upper Delivery,Loading,pitch.0,774687,-0.0105,-0.1153,0.0609,-0.0884,-0.0304,-0.0012,0.0,0.0
1780080240084,1,Pitching Mound.Delivery,,Loading,pitch.0,772775,0.1458,-0.2248,0.2567,-0.0273,-0.0363,-0.0453,0.0,0.0
1780080240084,1,Pitching Mound.Drive,,Loading,pitch.0,773882,-4.6023,25.8394,100.7592,90.5087,-128.8282,20.7685,0.131,0.0921
1780080240084,1,Pitching Mound.Parent,,Loading,pitch.0,772031,-4.4565,25.6145,101.0159,90.4815,-128.8645,20.7232,0.1307,0.0923
1780080240085,1,11.0000004b,Drive,Loading,pitch.0,773883,-4.5677,25.9947,101.0796,90.7573,-129.1878,20.936,0.131,0.092
1780080240085,1,12.00000018,Upper Delivery,Loading,pitch.0,774688,-0.0123,-0.1153,0.0596,-0.0884,-0.0304,-0.0012,0.0,0.0
1780080240085,1,Pitching Mound.Delivery,,Loading,pitch.0,772776,0.1752,-0.2179,0.2643,-0.0239,-0.0365,-0.0543,0.0,0.0
1780080240085,1,Pitching Mound.Drive,,Loading,pitch.0,773883,-4.5677,25.9947,101.0796,90.7573,-129.1878,20.936,0.131,0.092
1780080240085,1,Pitching Mound.Parent,,Loading,pitch.0,772032,-4.3925,25.7768,101.344,90.7333,-129.2243,20.8816,0.1307,0.0923
1780080240086,1,11.0000004b,Drive,Loading,pitch.0,773884,-4.5234,26.1794,101.4872,90.9504,-129.7701,21.0928,0.1311,0.0919
1780080240086,1,12.00000015,Lower Delivery,Loading,pitch.0,773401,0.1638,-0.077,0.1723,0.009,-0.0081,0.0128,0.0,0.0
1780080240086,1,12.00000018,Upper Delivery,Loading,pitch.0,774689,-0.0108,-0.1176,0.0615,-0.0884,-0.0304,-0.0012,0.0,0.0
1780080240086,1,Pitching Mound.Delivery,,Loading,pitch.0,772777,0.153,-0.1947,0.2338,-0.0417,-0.0385,-0.0477,0.0,0.0
1780080240086,1,Pitching Mound.Drive,,Loading,pitch.0,773884,-4.5234,26.1794,101.4872,90.9504,-129.7701,21.0928,0.1311,0.0919
1780080240086,1,Pitching Mound.Parent,,Loading,pitch.0,772033,-4.3704,25.9847,101.721,90.9086,-129.8086,21.0451,0.1308,0.092
1780080240087,1,11.0000004b,Drive,Loading,pitch.0,773885,-4.4459,26.3644,101.8565,91.1943,-130.2154,21.2778,0.131,0.0918
1780080240087,1,12.00000015,Lower Delivery,Loading,pitch.0,773402,0.1466,-0.0902,0.2029,0.0037,-0.0052,0.0141,0.0,0.0
1780080240087,1,12.00000018,Upper Delivery,Loading,pitch.0,774690,-0.0138,-0.123,0.0648,-0.0884,-0.0304,-0.0012,0.0,0.0
1780080240087,1,Pitching Mound.Delivery,,Loading,pitch.0,772778,0.1328,-0.2132,0.2676,-0.0377,-0.0356,-0.0416,0.0,0.0
1780080240087,1,Pitching Mound.Drive,,Loading,pitch.0,773885,-4.4459,26.3644,101.8565,91.1943,-130.2154,21.2778,0.131,0.0918
1780080240087,1,Pitching Mound.Parent,,Loading,pitch.0,772034,-4.3131,26.1512,102.1242,91.1566,-130.251,21.2362,0.1307,0.092
1780080240088,1,11.0000004b,Drive,Loading,pitch.0,773886,-4.4056,26.5134,102.1896,91.4189,-130.2944,21.3334,0.1307,0.0917
1780080240088,1,12.00000015,Lower Delivery,Loading,pitch.0,773403,0.1502,-0.0954,0.248,-0.0014,-0.0078,0.0123,0.0,0.0
1780080240088,1,12.00000018,Upper Delivery,Loading,pitch.0,774691,-0.0158,-0.124,0.0649,-0.0884,-0.0304,-0.0012,0.0,0.0
1780080240088,1,Pitching Mound.Delivery,,Loading,pitch.0,772779,0.1345,-0.2193,0.3129,-0.0275,-0.0381,-0.0453,0.0,0.0
1780080240088,1,Pitching Mound.Drive,,Loading,pitch.0,773886,-4.4056,26.5134,102.1896,91.4189,-130.2944,21.3334,0.1307,0.0917
1780080240088,1,Pitching Mound.Parent,,Loading,pitch.0,772035,-4.2711,26.2941,102.5025,91.3914,-130.3326,21.2881,0.1303,0.092
1780080240089,1,11.0000004b,Drive,Loading,pitch.0,773887,-4.3537,26.6962,102.5376,91.7256,-130.6257,21.4484,0.1306,0.0917
1780080240089,1,12.00000015,Lower Delivery,Loading,pitch.0,773404,0.145,-0.1064,0.2564,-0.006,-0.0082,0.0123,0.0,0.0
1780080240089,1,12.00000018,Upper Delivery,Loading,pitch.0,774692,-0.0174,-0.1249,0.0666,-0.0884,-0.0304,-0.0012,0.0,0.0
1780080240089,1,Pitching Mound.Delivery,,Loading,pitch.0,772780,0.1276,-0.2313,0.323,-0.0299,-0.0385,-0.0441,0.0,0.0
1780080240089,1,Pitching Mound.Drive,,Loading,pitch.0,773887,-4.3537,26.6962,102.5376,91.7256,-130.6257,21.4484,0.1306,0.0917
1780080240089,1,Pitching Mound.Parent,,Loading,pitch.0,772036,-4.2262,26.465,102.8606,91.6957,-130.6643,21.4043,0.1302,0.092
1780080240090,1,11.0000004b,Drive,Loading,pitch.0,773888,-4.2902,26.8688,102.8286,91.9459,-130.8053,21.5577,0.1304,0.0916
1780080240090,1,12.00000015,Lower Delivery,Loading,pitch.0,773405,0.1508,-0.1094,0.2553,-0.0125,-0.0107,0.0097,0.0,0.0
1780080240090,1,12.00000018,Upper Delivery,Loading,pitch.0,774693,-0.0135,-0.1241,0.0924,-0.0884,-0.0304,-0.0012,0.0,0.0
1780080240090,1,Pitching Mound.Delivery,,Loading,pitch.0,772781,0.1373,-0.2335,0.3477,-0.0455,-0.0411,-0.0474,0.0,0.0
1780080240090,1,Pitching Mound.Drive,,Loading,pitch.0,773888,-4.2902,26.8688,102.8286,91.9459,-130.8053,21.5577,0.1304,0.0916
1780080240090,1,Pitching Mound.Parent,,Loading,pitch.0,772037,-4.1529,26.6353,103.1763,91.9005,-130.8463,21.5103,0.1299,0.0919
1780080240091,1,11.0000004b,Drive,Loading,pitch.0,773889,-4.2292,27.0353,103.2561,92.2238,-131.0081,21.6533,0.13,0.0915
1780080240091,1,12.00000015,Lower Delivery,Loading,pitch.0,773407,0.1227,-0.1138,0.1883,-0.0323,-0.0232,0.0087,0.0,0.0
1780080240091,1,12.00000015,Lower Delivery,Loading,pitch.0,773406,0.1215,-0.1335,0.2168,-0.0244,-0.0176,0.0078,0.0,0.0
1780080240091,1,12.00000018,Upper Delivery,Loading,pitch.0,774694,-0.004,-0.1399,0.1091,-0.0884,-0.0304,-0.0012,0.0,0.0
1780080240091,1,Pitching Mound.Delivery,,Loading,pitch.0,772782,0.1175,-0.2734,0.3259,-0.0762,-0.048,-0.036,0.0,0.0
1780080240091,1,Pitching Mound.Drive,,Loading,pitch.0,773889,-4.2292,27.0353,103.2561,92.2238,-131.0081,21.6533,0.13,0.0915
1780080240091,1,Pitching Mound.Parent,,Loading,pitch.0,772038,-4.1118,26.7619,103.5819,92.1476,-131.0561,21.6173,0.1296,0.0916
1780080240092,1,11.0000004b,Drive,Loading,pitch.0,773890,-4.1483,27.2106,103.6081,92.543,-131.3079,21.7455,0.1299,0.0915
1780080240092,1,12.00000018,Upper Delivery,Loading,pitch.0,774695,-0.0139,-0.1212,0.1096,-0.0884,-0.0304,-0.0012,0.0,0.0
1780080240092,1,Pitching Mound.Delivery,,Loading,pitch.0,772783,0.1088,-0.235,0.2979,-0.0939,-0.0536,-0.039,0.0,0.0
1780080240092,1,Pitching Mound.Drive,,Loading,pitch.0,773890,-4.1483,27.2106,103.6081,92.543,-131.3079,21.7455,0.1299,0.0915
1780080240092,1,Pitching Mound.Parent,,Loading,pitch.0,772039,-4.0395,26.9756,103.906,92.4491,-131.3615,21.7065,0.1295,0.0915
1780080240093,1,11.0000004b,Drive,Loading,pitch.0,773891,-4.0831,27.364,103.9326,92.8117,-131.3682,21.8458,0.1296,0.0915
1780080240093,1,12.00000015,Lower Delivery,Loading,pitch.0,773408,0.1089,-0.1215,0.1393,-0.033,-0.0272,0.0081,0.0,0.0
1780080240093,1,12.00000018,Upper Delivery,Loading,pitch.0,774696,0.0046,-0.1415,0.1357,-0.0884,-0.0304,-0.0012,0.0,0.0
1780080240093,1,Pitching Mound.Delivery,,Loading,pitch.0,772784,0.1136,-0.263,0.275,-0.1201,-0.0575,-0.0286,0.0,0.0
1780080240093,1,Pitching Mound.Drive,,Loading,pitch.0,773891,-4.0831,27.364,103.9326,92.8117,-131.3682,21.8458,0.1296,0.0915
1780080240093,1,Pitching Mound.Parent,,Loading,pitch.0,772040,-3.9695,27.101,104.2077,92.6916,-131.4257,21.8172,0.1292,0.0913
1780080240094,1,11.0000004b,Drive,Loading,pitch.0,773892,-4.0202,27.5306,104.2468,93.0657,-131.5893,21.9111,0.1294,0.0915
1780080240094,1,12.00000015,Lower Delivery,Loading,pitch.0,773409,0.1012,-0.1449,0.1467,-0.0372,-0.0318,0.0084,0.0,0.0
1780080240094,1,12.00000018,Upper Delivery,Loading,pitch.0,774697,0.0387,-0.1666,0.1768,-0.0884,-0.0304,-0.0012,0.0,0.0
1780080240094,1,Pitching Mound.Delivery,,Loading,pitch.0,772785,0.1398,-0.3115,0.3235,-0.1358,-0.0622,-0.014,0.0,0.0
1780080240094,1,Pitching Mound.Drive,,Loading,pitch.0,773892,-4.0202,27.5306,104.2468,93.0657,-131.5893,21.9111,0.1294,0.0915
1780080240094,1,Pitching Mound.Parent,,Loading,pitch.0,772041,-3.8804,27.2191,104.5703,92.93,-131.6515,21.897,0.129,0.0911
1780080240095,1,11.0000004b,Drive,Loading,pitch.0,773893,-3.9372,27.678,104.5676,93.2638,-131.8118,22.0117,0.1292,0.0914
1780080240095,1,12.00000015,Lower Delivery,Loading,pitch.0,773410,0.0942,-0.1577,0.1339,-0.0442,-0.0323,0.0079,0.0,0.0
1780080240095,1,12.00000015,Lower Delivery,Loading,pitch.0,773411,0.0777,-0.1457,0.1012,-0.035,-0.0315,0.0067,0.0,0.0
1780080240095,1,12.00000018,Upper Delivery,Loading,pitch.0,774699,0.0895,-0.2267,0.3525,-0.0884,-0.0304,-0.0012,0.0,0.0
1780080240095,1,12.00000018,Upper Delivery,Loading,pitch.0,774698,0.0626,-0.1977,0.2542,-0.0884,-0.0304,-0.0012,0.0,0.0
1780080240095,1,Pitching Mound.Delivery,,Loading,pitch.0,772787,0.1672,-0.3724,0.4538,-0.2088,-0.0619,0.0095,0.0,0.0
1780080240095,1,Pitching Mound.Delivery,,Loading,pitch.0,772786,0.1568,-0.3554,0.3881,-0.1734,-0.0627,-0.0041,0.0,0.0
1780080240095,1,Pitching Mound.Drive,,Loading,pitch.0,773893,-3.9372,27.678,104.5676,93.2638,-131.8118,22.0117,0.1292,0.0914
1780080240095,1,Pitching Mound.Parent,,Loading,pitch.0,772042,-3.7804,27.3226,104.9558,93.0904,-131.8745,22.0076,0.1287,0.0907
1780080240096,1,11.0000004b,Drive,Loading,pitch.0,773894,-3.8986,27.8229,104.8782,93.495,-132.0244,22.0872,0.129,0.0914
1780080240096,1,Pitching Mound.Drive,,Loading,pitch.0,773894,-3.8986,27.8229,104.8782,93.495,-132.0244,22.0872,0.129,0.0914
1780080240096,1,Pitching Mound.Parent,,Loading,pitch.0,772043,-3.7314,27.4505,105.332,93.2863,-132.0862,22.0967,0.1285,0.0902
1780080240097,1,11.0000004b,Drive,Loading,pitch.0,773895,-3.8458,27.9777,105.167,93.6479,-132.2641,22.1922,0.1289,0.0913
1780080240097,1,12.00000015,Lower Delivery,Loading,pitch.0,773413,0.0996,-0.1039,0.1277,-0.0339,-0.0225,0.0055,0.0,0.0
1780080240097,1,12.00000015,Lower Delivery,Loading,pitch.0,773412,0.0854,-0.1272,0.1103,-0.0463,-0.0334,0.0061,0.0,0.0
1780080240097,1,12.00000018,Upper Delivery,Loading,pitch.0,774700,0.071,-0.2166,0.3731,-0.0884,-0.0304,-0.0012,0.0,0.0
1780080240097,1,Pitching Mound.Delivery,,Loading,pitch.0,772788,0.1563,-0.3438,0.4834,-0.2241,-0.0637,-0.0001,0.0,0.0
1780080240097,1,Pitching Mound.Drive,,Loading,pitch.0,773895,-3.8458,27.9777,105.167,93.6479,-132.2641,22.1922,0.1289,0.0913
1780080240097,1,Pitching Mound.Parent,,Loading,pitch.0,772044,-3.6894,27.6339,105.6504,93.4239,-132.3278,22.1922,0.1283,0.09
1780080240098,1,11.0000004b,Drive,Loading,pitch.0,773896,-3.8012,28.1033,105.5036,93.8532,-132.5864,22.2784,0.1288,0.0912
1780080240098,1,12.00000018,Upper Delivery,Loading,pitch.0,774701,0.0719,-0.1992,0.4594,-0.0884,-0.0304,-0.0012,0.0,0.0
1780080240098,1,Pitching Mound.Delivery,,Loading,pitch.0,772789,0.1714,-0.3031,0.587,-0.2351,-0.0529,-0.0051,0.0,0.0
1780080240098,1,Pitching Mound.Drive,,Loading,pitch.0,773896,-3.8012,28.1033,105.5036,93.8532,-132.5864,22.2784,0.1288,0.0912
1780080240098,1,Pitching Mound.Parent,,Loading,pitch.0,772045,-3.6298,27.8002,106.0906,93.6181,-132.6393,22.2733,0.1281,0.0896
1780080240099,1,11.0000004b,Drive,Loading,pitch.0,773897,-3.7743,28.2311,105.7827,94.0683,-132.7029,22.3622,0.1286,0.0911
1780080240099,1,12.00000015,Lower Delivery,Loading,pitch.0,773414,0.1253,-0.0964,0.1556,-0.0295,-0.0225,0.0057,0.0,0.0
1780080240099,1,12.00000018,Upper Delivery,Loading,pitch.0,774702,0.0863,-0.2157,0.3893,-0.0884,-0.0304,-0.0012,0.0,0.0
1780080240099,1,Pitching Mound.Delivery,,Loading,pitch.0,772790,0.2116,-0.3121,0.5449,-0.1973,-0.0528,-0.0087,0.0,0.0
1780080240099,1,Pitching Mound.Drive,,Loading,pitch.0,773897,-3.7743,28.2311,105.7827,94.0683,-132.7029,22.3622,0.1286,0.0911
1780080240099,1,Pitching Mound.Parent,,Loading,pitch.0,772046,-3.5627,27.919,106.3276,93.8709,-132.7557,22.3534,0.1279,0.0899
1780080240100,1,11.0000004b,Drive,Loading,pitch.0,773899,-3.7003,28.5024,106.3283,94.428,-133.3877,22.5419,0.1286,0.091
1780080240100,1,11.0000004b,Drive,Loading,pitch.0,773898,-3.7377,28.3787,106.049,94.2868,-133.1025,22.4421,0.1286,0.0911
1780080240100,1,12.00000015,Lower Delivery,Loading,pitch.0,773415,0.1234,-0.0785,0.1195,-0.0181,-0.0268,0.0044,0.0,0.0
1780080240100,1,12.00000018,Upper Delivery,Loading,pitch.0,774703,0.106,-0.2383,0.4443,-0.0884,-0.0304,-0.0012,0.0,0.0
1780080240100,1,12.00000018,Upper Delivery,Loading,pitch.0,774704,0.0699,-0.1984,0.3524,-0.0884,-0.0304,-0.0012,0.0,0.0
1780080240100,1,Pitching Mound.Delivery,,Loading,pitch.0,772791,0.2294,-0.3169,0.5638,-0.2169,-0.0572,-0.0027,0.0,0.0
1780080240100,1,Pitching Mound.Drive,,Loading,pitch.0,773899,-3.7003,28.5024,106.3283,94.428,-133.3877,22.5419,0.1286,0.091
1780080240100,1,Pitching Mound.Drive,,Loading,pitch.0,773898,-3.7377,28.3787,106.049,94.2868,-133.1025,22.4421,0.1286,0.0911
1780080240100,1,Pitching Mound.Parent,,Loading,pitch.0,772047,-3.5083,28.0619,106.6127,94.0699,-133.1597,22.4394,0.128,0.0896
1780080240101,1,12.00000015,Lower Delivery,Loading,pitch.0,773416,0.1179,-0.0674,0.119,-0.0082,-0.0271,0.0027,0.0,0.0
1780080240101,1,Pitching Mound.Delivery,,Loading,pitch.0,772792,0.1878,-0.2658,0.4714,-0.176,-0.0575,-0.0148,0.0,0.0
1780080240101,1,Pitching Mound.Parent,,Loading,pitch.0,772048,-3.5125,28.2366,106.7997,94.252,-133.4452,22.5271,0.128,0.0899
1780080240102,1,11.0000004b,Drive,Loading,pitch.0,773900,-3.6755,28.6286,106.5701,94.5922,-133.6423,22.6461,0.1285,0.091
1780080240102,1,12.00000015,Lower Delivery,Loading,pitch.0,773417,0.0992,-0.0681,0.1042,0.0067,-0.0273,0.001,0.0,0.0
1780080240102,1,12.00000018,Upper Delivery,Loading,pitch.0,774705,0.0738,-0.2007,0.3538,-0.0884,-0.0304,-0.0012,0.0,0.0
1780080240102,1,Pitching Mound.Delivery,,Loading,pitch.0,772793,0.173,-0.2688,0.458,-0.1665,-0.0577,-0.0088,0.0,0.0
1780080240102,1,Pitching Mound.Drive,,Loading,pitch.0,773900,-3.6755,28.6286,106.5701,94.5922,-133.6423,22.6461,0.1285,0.091
1780080240102,1,Pitching Mound.Parent,,Loading,pitch.0,772049,-3.5025,28.3598,107.0281,94.4256,-133.7,22.6373,0.128,0.0898
1780080240103,1,11.0000004b,Drive,Loading,pitch.0,773901,-3.6535,28.7485,106.9008,94.8129,-134.0448,22.7579,0.1285,0.0909
1780080240103,1,12.00000015,Lower Delivery,Loading,pitch.0,773418,0.1005,-0.0797,0.1068,0.0165,-0.0217,-0.0004,0.0,0.0
1780080240103,1,12.00000015,Lower Delivery,Loading,pitch.0,773419,0.1356,-0.0745,0.153,0.0318,-0.01,-0.0013,0.0,0.0
1780080240103,1,12.00000018,Upper Delivery,Loading,pitch.0,774706,0.099,-0.2251,0.4149,-0.0884,-0.0304,-0.0012,0.0,0.0
1780080240103,1,Pitching Mound.Delivery,,Loading,pitch.0,772794,0.1996,-0.3048,0.5217,-0.1766,-0.0521,-0.0021,0.0,0.0
1780080240103,1,Pitching Mound.Drive,,Loading,pitch.0,773901,-3.6535,28.7485,106.9008,94.8129,-134.0448,22.7579,0.1285,0.0909
1780080240103,1,Pitching Mound.Parent,,Loading,pitch.0,772050,-3.4539,28.4437,107.4225,94.6363,-134.0969,22.7557,0.1279,0.0895
1780080240104,1,11.0000004b,Drive,Loading,pitch.0,773902,-3.6344,28.8682,107.1855,95.0685,-134.3617,22.8619,0.1285,0.0909
1780080240104,1,12.00000018,Upper Delivery,Loading,pitch.0,774708,0.0218,-0.1471,0.1913,-0.0884,-0.0304,-0.0012,0.0,0.0
1780080240104,1,12.00000018,Upper Delivery,Loading,pitch.0,774707,0.033,-0.1633,0.2533,-0.0884,-0.0304,-0.0012,0.0,0.0
1780080240104,1,Pitching Mound.Delivery,,Loading,pitch.0,772795,0.1685,-0.2378,0.4063,-0.0907,-0.0404,-0.0374,0.0,0.0
1780080240104,1,Pitching Mound.Drive,,Loading,pitch.0,773902,-3.6344,28.8682,107.1855,95.0685,-134.3617,22.8619,0.1285,0.0909
1780080240104,1,Pitching Mound.Parent,,Loading,pitch.0,772051,-3.4658,28.6303,107.5918,94.9778,-134.4021,22.8246,0.128,0.0902
1780080240105,1,11.0000004b,Drive,Loading,pitch.0,773903,-3.6246,28.9781,107.4325,95.2744,-134.6264,22.9758,0.1284,0.0909
1780080240105,1,12.00000015,Lower Delivery,Loading,pitch.0,773421,0.1852,-0.0623,0.1704,0.0396,-0.0159,0.0019,0.0,0.0
1780080240105,1,12.00000015,Lower Delivery,Loading,pitch.0,773420,0.1583,-0.0721,0.1576,0.0305,-0.0127,-0.0001,0.0,0.0
1780080240105,1,12.00000018,Upper Delivery,Loading,pitch.0,774709,0.0168,-0.1401,0.1542,-0.0884,-0.0304,-0.0012,0.0,0.0
1780080240105,1,Pitching Mound.Delivery,,Loading,pitch.0,772796,0.1801,-0.2192,0.3489,-0.0693,-0.0431,-0.0477,0.0,0.0
1780080240105,1,Pitching Mound.Delivery,,Loading,pitch.0,772797,0.2021,-0.2024,0.3246,-0.0433,-0.0463,-0.0566,0.0,0.0
1780080240105,1,Pitching Mound.Drive,,Loading,pitch.0,773903,-3.6246,28.9781,107.4325,95.2744,-134.6264,22.9758,0.1284,0.0909
1780080240105,1,Pitching Mound.Parent,,Loading,pitch.0,772052,-3.4445,28.7589,107.7814,95.2051,-134.6695,22.9281,0.128,0.0905
1780080240106,1,11.0000004b,Drive,Loading,pitch.0,773904,-3.6043,29.1009,107.6852,95.5933,-134.8511,23.0769,0.1284,0.091
1780080240106,1,12.00000015,Lower Delivery,Loading,pitch.0,773422,0.205,-0.0601,0.1983,0.0408,-0.0115,0.0077,0.0,0.0
1780080240106,1,12.00000018,Upper Delivery,Loading,pitch.0,774710,0.012,-0.1454,0.1362,-0.0884,-0.0304,-0.0012,0.0,0.0
1780080240106,1,Pitching Mound.Delivery,,Loading,pitch.0,772798,0.217,-0.2055,0.3345,-0.0264,-0.0418,-0.0591,0.0,0.0
1780080240106,1,Pitching Mound.Drive,,Loading,pitch.0,773904,-3.6043,29.1009,107.6852,95.5933,-134.8511,23.0769,0.1284,0.091
1780080240106,1,Pitching Mound.Parent,,Loading,pitch.0,772053,-3.4023,28.8985,108.0097,95.55,-134.8974,23.0204,0.128,0.0908
1780080240107,1,11.0000004b,Drive,Loading,pitch.0,773905,-3.5862,29.2046,108.0004,95.9353,-135.2881,23.1825,0.1284,0.091
1780080240107,1,12.00000015,Lower Delivery,Loading,pitch.0,773423,0.1656,-0.0527,0.14,0.0366,-0.0177,0.0087,0.0,0.0
1780080240107,1,12.00000018,Upper Delivery,Loading,pitch.0,774711,-0.0067,-0.1253,0.0788,-0.0884,-0.0304,-0.0012,0.0,0.0
1780080240107,1,Pitching Mound.Delivery,,Loading,pitch.0,772799,0.1588,-0.1781,0.2188,-0.0309,-0.0481,-0.0511,0.0,0.0
1780080240107,1,Pitching Mound.Drive,,Loading,pitch.0,773905,-3.5862,29.2046,108.0004,95.9353,-135.2881,23.1825,0.1284,0.091
1780080240107,1,Pitching Mound.Parent,,Loading,pitch.0,772054,-3.3692,28.9991,108.3348,95.9088,-135.33,23.1234,0.128,0.091
1780080240108,1,11.0000004b,Drive,Loading,pitch.0,773906,-3.5708,29.3185,108.326,96.2783,-135.4766,23.2483,0.1282,0.0911
1780080240108,1,12.00000015,Lower Delivery,Loading,pitch.0,773424,0.1502,-0.0433,0.112,0.0246,-0.0221,0.0141,0.0,0.0
1780080240108,1,12.00000018,Upper Delivery,Loading,pitch.0,774712,0.0059,-0.1416,0.1035,-0.0884,-0.0304,-0.0012,0.0,0.0
1780080240108,1,Pitching Mound.Delivery,,Loading,pitch.0,772800,0.1562,-0.1849,0.2155,-0.0608,-0.0524,-0.0361,0.0,0.0
1780080240108,1,Pitching Mound.Drive,,Loading,pitch.0,773906,-3.5708,29.3185,108.326,96.2783,-135.4766,23.2483,0.1282,0.0911
1780080240108,1,Pitching Mound.Parent,,Loading,pitch.0,772055,-3.412,29.1404,108.5448,96.2474,-135.5247,23.1972,0.1279,0.0911
1780080240109,1,11.0000004b,Drive,Loading,pitch.0,773907,-3.545,29.436,108.6935,96.6499,-135.9144,23.3519,0.1282,0.0911
1780080240109,1,12.00000015,Lower Delivery,Loading,pitch.0,773425,0.1111,-0.0309,0.0756,0.025,-0.0147,0.0148,0.0,0.0
1780080240109,1,12.00000018,Upper Delivery,Loading,pitch.0,774713,0.0284,-0.1537,0.1326,-0.0884,-0.0304,-0.0012,0.0,0.0
1780080240109,1,Pitching Mound.Delivery,,Loading,pitch.0,772801,0.1395,-0.1846,0.2082,-0.0828,-0.0451,-0.0146,0.0,0.0
1780080240109,1,Pitching Mound.Drive,,Loading,pitch.0,773907,-3.545,29.436,108.6935,96.6499,-135.9144,23.3519,0.1282,0.0911
1780080240109,1,Pitching Mound.Parent,,Loading,pitch.0,772056,-3.3889,29.2511,108.909,96.5891,-135.9669,23.3157,0.1279,0.091
1780080240110,1,11.0000004b,Drive,Loading,pitch.0,773908,-3.5288,29.5315,108.9346,96.9038,-136.0091,23.4618,0.128,0.0912
1780080240110,1,11.0000004b,Drive,Loading,pitch.0,773909,-3.5014,29.6285,109.2396,97.2582,-136.2032,23.5253,0.1278,0.0913
1780080240110,1,12.00000015,Lower Delivery,Loading,pitch.0,773426,0.1186,-0.0344,0.0871,0.0332,-0.005,0.0171,0.0,0.0
1780080240110,1,12.00000018,Upper Delivery,Loading,pitch.0,774714,0.0184,-0.1477,0.1163,-0.0884,-0.0304,-0.0012,0.0,0.0
1780080240110,1,Pitching Mound.Delivery,,Loading,pitch.0,772802,0.137,-0.1822,0.2034,-0.0651,-0.0354,-0.0182,0.0,0.0
1780080240110,1,Pitching Mound.Drive,,Loading,pitch.0,773908,-3.5288,29.5315,108.9346,96.9038,-136.0091,23.4618,0.128,0.0912
1780080240110,1,Pitching Mound.Drive,,Loading,pitch.0,773909,-3.5014,29.6285,109.2396,97.2582,-136.2032,23.5253,0.1278,0.0913
1780080240110,1,Pitching Mound.Parent,,Loading,pitch.0,772057,-3.3893,29.3469,109.1427,96.8211,-136.0542,23.4472,0.1277,0.0908
1780080240110,1,Pitching Mound.Parent,,Loading,pitch.0,772058,-3.3643,29.4463,109.443,97.1931,-136.2386,23.5071,0.1276,0.091
1780080240111,1,12.00000015,Lower Delivery,Loading,pitch.0,773427,0.1027,-0.0288,0.097,0.03,-0.0058,0.0173,0.0,0.0
1780080240111,1,12.00000018,Upper Delivery,Loading,pitch.0,774715,0.0134,-0.1511,0.1138,-0.0884,-0.0304,-0.0012,0.0,0.0
1780080240111,1,Pitching Mound.Delivery,,Loading,pitch.0,772803,0.1161,-0.18,0.2108,-0.064,-0.0361,-0.0143,0.0,0.0
1780080240112,1,11.0000004b,Drive,Loading,pitch.0,773910,-3.4887,29.7424,109.5474,97.6278,-136.5771,23.5946,0.1278,0.0913
1780080240112,1,12.00000015,Lower Delivery,Loading,pitch.0,773428,0.1137,-0.0307,0.1354,0.0198,-0.0077,0.0175,0.0,0.0
1780080240112,1,Pitching Mound.Drive,,Loading,pitch.0,773910,-3.4887,29.7424,109.5474,97.6278,-136.5771,23.5946,0.1278,0.0913
1780080240112,1,Pitching Mound.Parent,,Loading,pitch.0,772059,-3.3726,29.5624,109.7583,97.5638,-136.6132,23.5803,0.1275,0.0911
1780080240113,1,11.0000004b,Drive,Loading,pitch.0,773911,-3.4686,29.8522,109.793,97.9934,-136.7677,23.646,0.1277,0.0915
1780080240113,1,12.00000015,Lower Delivery,Loading,pitch.0,773429,0.1078,-0.0292,0.1188,0.0273,0.0001,0.0191,0.0,0.0
1780080240113,1,12.00000018,Upper Delivery,Loading,pitch.0,774717,-0.0125,-0.1149,0.0562,-0.0884,-0.0304,-0.0012,0.0,0.0
1780080240113,1,12.00000018,Upper Delivery,Loading,pitch.0,774716,-0.0136,-0.1212,0.0607,-0.0884,-0.0304,-0.0012,0.0,0.0
1780080240113,1,Pitching Mound.Delivery,,Loading,pitch.0,772804,0.1001,-0.1519,0.1961,-0.0432,-0.0381,-0.0269,0.0,0.0
1780080240113,1,Pitching Mound.Delivery,,Loading,pitch.0,772805,0.0953,-0.1441,0.175,-0.0398,-0.0302,-0.0229,0.0,0.0
1780080240113,1,Pitching Mound.Drive,,Loading,pitch.0,773911,-3.4686,29.8522,109.793,97.9934,-136.7677,23.646,0.1277,0.0915
1780080240113,1,Pitching Mound.Parent,,Loading,pitch.0,772060,-3.3685,29.7003,109.9891,97.9502,-136.8058,23.619,0.1274,0.0915
1780080240114,1,11.0000004b,Drive,Loading,pitch.0,773912,-3.4366,29.9654,110.0344,98.3177,-136.8964,23.7066,0.1275,0.0916
1780080240114,1,11.0000004b,Drive,Loading,pitch.0,773913,-3.4097,30.0755,110.3094,98.5496,-137.1183,23.788,0.1274,0.0916
1780080240114,1,12.00000015,Lower Delivery,Loading,pitch.0,773430,0.1415,-0.0372,0.195,0.034,0.0001,0.0221,0.0,0.0
1780080240114,1,Pitching Mound.Drive,,Loading,pitch.0,773912,-3.4366,29.9654,110.0344,98.3177,-136.8964,23.7066,0.1275,0.0916
1780080240114,1,Pitching Mound.Drive,,Loading,pitch.0,773913,-3.4097,30.0755,110.3094,98.5496,-137.1183,23.788,0.1274,0.0916
1780080240114,1,Pitching Mound.Parent,,Loading,pitch.0,772061,-3.3413,29.8214,110.2094,98.2779,-136.9266,23.6837,0.1273,0.0916
1780080240115,1,12.00000015,Lower Delivery,Loading,pitch.0,773431,0.1654,-0.0501,0.2636,0.0192,-0.0057,0.0201,0.0,0.0
1780080240115,1,12.00000018,Upper Delivery,Loading,pitch.0,774719,0.0117,-0.1609,0.1105,-0.0884,-0.0304,-0.0012,0.0,0.0
1780080240115,1,12.00000018,Upper Delivery,Loading,pitch.0,774718,-0.0038,-0.138,0.077,-0.0884,-0.0304,-0.0012,0.0,0.0
1780080240115,1,Pitching Mound.Delivery,,Loading,pitch.0,772807,0.1771,-0.2111,0.3741,-0.0171,-0.0361,-0.0334,0.0,0.0
1780080240115,1,Pitching Mound.Delivery,,Loading,pitch.0,772806,0.1377,-0.1752,0.272,-0.0143,-0.0303,-0.0285,0.0,0.0
1780080240115,1,Pitching Mound.Parent,,Loading,pitch.0,772062,-3.272,29.9003,110.5815,98.5354,-137.1486,23.7595,0.1271,0.0917
1780080240116,1,11.0000004b,Drive,Loading,pitch.0,773914,-3.3883,30.1856,110.5953,98.9158,-137.4144,23.8226,0.1273,0.0917
1780080240116,1,12.00000015,Lower Delivery,Loading,pitch.0,773432,0.1517,-0.0459,0.2383,0.0122,-0.009,0.0192,0.0,0.0
1780080240116,1,Pitching Mound.Drive,,Loading,pitch.0,773914,-3.3883,30.1856,110.5953,98.9158,-137.4144,23.8226,0.1273,0.0917
1780080240116,1,Pitching Mound.Parent,,Loading,pitch.0,772063,-3.2113,29.9745,110.9694,98.8987,-137.4505,23.7892,0.1269,0.0918
1780080240117,1,11.0000004b,Drive,Loading,pitch.0,773915,-3.3623,30.2902,110.8079,99.0665,-137.67,23.8955,0.1273,0.0916
1780080240117,1,12.00000015,Lower Delivery,Loading,pitch.0,773433,0.1572,-0.0572,0.2394,0.0245,-0.0089,0.0192,0.0,0.0
1780080240117,1,12.00000018,Upper Delivery,Loading,pitch.0,774720,-0.0108,-0.1272,0.0648,-0.0884,-0.0304,-0.0012,0.0,0.0
1780080240117,1,12.00000018,Upper Delivery,Loading,pitch.0,774721,-0.0116,-0.1242,0.0652,-0.0884,-0.0304,-0.0012,0.0,0.0
1780080240117,1,Pitching Mound.Delivery,,Loading,pitch.0,772808,0.1409,-0.1731,0.3031,-0.0171,-0.0393,-0.0372,0.0,0.0
1780080240117,1,Pitching Mound.Delivery,,Loading,pitch.0,772809,0.1456,-0.1814,0.3046,-0.0046,-0.0392,-0.0394,0.0,0.0
1780080240117,1,Pitching Mound.Drive,,Loading,pitch.0,773915,-3.3623,30.2902,110.8079,99.0665,-137.67,23.8955,0.1273,0.0916
1780080240117,1,Pitching Mound.Parent,,Loading,pitch.0,772064,-3.2213,30.1171,111.111,99.0494,-137.7093,23.8583,0.127,0.0919
1780080240118,1,11.0000004b,Drive,Loading,pitch.0,773916,-3.3387,30.4008,111.0307,99.2801,-137.8055,23.9402,0.1272,0.0916
1780080240118,1,11.0000004b,Drive,Loading,pitch.0,773917,-3.3045,30.5078,111.3387,99.5181,-138.1633,23.9995,0.1272,0.0916
1780080240118,1,12.00000015,Lower Delivery,Loading,pitch.0,773434,0.1893,-0.072,0.2594,0.0172,-0.0176,0.02,0.0,0.0
1780080240118,1,Pitching Mound.Drive,,Loading,pitch.0,773916,-3.3387,30.4008,111.0307,99.2801,-137.8055,23.9402,0.1272,0.0916
1780080240118,1,Pitching Mound.Drive,,Loading,pitch.0,773917,-3.3045,30.5078,111.3387,99.5181,-138.1633,23.9995,0.1272,0.0916
1780080240118,1,Pitching Mound.Parent,,Loading,pitch.0,772065,-3.1931,30.2194,111.3354,99.2755,-137.8448,23.9009,0.1269,0.0919
1780080240119,1,11.0000004b,Drive,Loading,pitch.0,773918,-3.2893,30.6063,111.6148,99.7222,-138.506,24.0188,0.1272,0.0916
1780080240119,1,12.00000015,Lower Delivery,Loading,pitch.0,773435,0.1754,-0.061,0.2109,0.0248,-0.0172,0.019,0.0,0.0
1780080240119,1,12.00000018,Upper Delivery,Loading,pitch.0,774722,-0.0097,-0.1295,0.0671,-0.0884,-0.0304,-0.0012,0.0,0.0
1780080240119,1,12.00000018,Upper Delivery,Loading,pitch.0,774723,-0.0099,-0.1405,0.0717,-0.0884,-0.0304,-0.0012,0.0,0.0
1780080240119,1,Pitching Mound.Delivery,,Loading,pitch.0,772811,0.1655,-0.2015,0.2826,-0.0162,-0.0475,-0.0452,0.0,0.0
1780080240119,1,Pitching Mound.Delivery,,Loading,pitch.0,772810,0.1795,-0.2015,0.3265,-0.0058,-0.0479,-0.0489,0.0,0.0
1780080240119,1,Pitching Mound.Drive,,Loading,pitch.0,773918,-3.2893,30.6063,111.6148,99.7222,-138.506,24.0188,0.1272,0.0916
1780080240119,1,Pitching Mound.Parent,,Loading,pitch.0,772067,-3.1238,30.4048,111.8974,99.706,-138.5536,23.9736,0.1269,0.0918
1780080240119,1,Pitching Mound.Parent,,Loading,pitch.0,772066,-3.125,30.3063,111.6652,99.5123,-138.2113,23.9506,0.1268,0.0919
1780080240120,1,11.0000004b,Drive,Loading,pitch.0,773919,-3.2709,30.7199,111.9277,100.0077,-138.6965,24.0637,0.127,0.0916
1780080240120,1,12.00000015,Lower Delivery,Loading,pitch.0,773436,0.1581,-0.0709,0.1668,0.0243,-0.0269,0.0169,0.0,0.0
1780080240120,1,12.00000018,Upper Delivery,Loading,pitch.0,774724,-0.0102,-0.1407,0.0749,-0.0884,-0.0304,-0.0012,0.0,0.0
1780080240120,1,Pitching Mound.Delivery,,Loading,pitch.0,772812,0.1478,-0.2116,0.2416,-0.0329,-0.0573,-0.0415,0.0,0.0
1780080240120,1,Pitching Mound.Drive,,Loading,pitch.0,773919,-3.2709,30.7199,111.9277,100.0077,-138.6965,24.0637,0.127,0.0916
1780080240120,1,Pitching Mound.Parent,,Loading,pitch.0,772068,-3.1231,30.5083,112.1694,99.9748,-138.7538,24.0222,0.1267,0.0917
1780080240121,1,12.00000015,Lower Delivery,Loading,pitch.0,773437,0.1492,-0.0561,0.1242,0.0318,-0.0316,0.0138,0.0,0.0
1780080240121,1,12.00000018,Upper Delivery,Loading,pitch.0,774725,-0.0071,-0.1447,0.0752,-0.0884,-0.0304,-0.0012,0.0,0.0
1780080240121,1,Pitching Mound.Delivery,,Loading,pitch.0,772813,0.1422,-0.2009,0.1994,-0.0399,-0.062,-0.0405,0.0,0.0
1780080240122,1,11.0000004b,Drive,Loading,pitch.0,773920,-3.2563,30.8021,112.2214,100.2998,-138.9817,24.1492,0.1269,0.0916
1780080240122,1,11.0000004b,Drive,Loading,pitch.0,773921,-3.2261,30.8849,112.5012,100.5174,-139.263,24.2084,0.1269,0.0916
1780080240122,1,12.00000015,Lower Delivery,Loading,pitch.0,773438,0.148,-0.0596,0.1208,0.0167,-0.0382,0.0118,0.0,0.0
1780080240122,1,12.00000018,Upper Delivery,Loading,pitch.0,774726,-0.0069,-0.1378,0.0714,-0.0884,-0.0304,-0.0012,0.0,0.0
1780080240122,1,Pitching Mound.Delivery,,Loading,pitch.0,772814,0.1411,-0.1975,0.1923,-0.0548,-0.0685,-0.0421,0.0,0.0
1780080240122,1,Pitching Mound.Drive,,Loading,pitch.0,773920,-3.2563,30.8021,112.2214,100.2998,-138.9817,24.1492,0.1269,0.0916
1780080240122,1,Pitching Mound.Drive,,Loading,pitch.0,773921,-3.2261,30.8849,112.5012,100.5174,-139.263,24.2084,0.1269,0.0916
1780080240122,1,Pitching Mound.Parent,,Loading,pitch.0,772069,-3.1142,30.6013,112.4209,100.26,-139.0437,24.1087,0.1267,0.0916
1780080240122,1,Pitching Mound.Parent,,Loading,pitch.0,772070,-3.085,30.6875,112.6935,100.4626,-139.3315,24.1663,0.1267,0.0916
1780080240123,1,11.0000004b,Drive,Loading,pitch.0,773922,-3.2168,30.971,112.7839,100.7306,-139.5401,24.264,0.1268,0.0915
1780080240123,1,12.00000015,Lower Delivery,Loading,pitch.0,773439,0.1617,-0.0883,0.1528,0.015,-0.0397,0.0064,0.0,0.0
1780080240123,1,12.00000018,Upper Delivery,Loading,pitch.0,774727,-0.0058,-0.158,0.076,-0.0884,-0.0304,-0.0012,0.0,0.0
1780080240123,1,Pitching Mound.Delivery,,Loading,pitch.0,772815,0.1559,-0.2463,0.2288,-0.0472,-0.0701,-0.0517,0.0,0.0
1780080240123,1,Pitching Mound.Drive,,Loading,pitch.0,773922,-3.2168,30.971,112.7839,100.7306,-139.5401,24.264,0.1268,0.0915
1780080240123,1,Pitching Mound.Parent,,Loading,pitch.0,772071,-3.0609,30.7247,113.0127,100.6833,-139.6101,24.2123,0.1266,0.0916
1780080240124,1,11.0000004b,Drive,Loading,pitch.0,773923,-3.2124,31.0703,113.0203,101.0929,-139.7789,24.3046,0.1268,0.0917
1780080240124,1,12.00000015,Lower Delivery,Loading,pitch.0,773440,0.1756,-0.1155,0.1952,0.0147,-0.034,0.0043,0.0,0.0
1780080240124,1,12.00000018,Upper Delivery,Loading,pitch.0,774728,-0.0026,-0.1698,0.0947,-0.0884,-0.0304,-0.0012,0.0,0.0
1780080240124,1,Pitching Mound.Delivery,,Loading,pitch.0,772816,0.173,-0.2853,0.2899,-0.0395,-0.0644,-0.0575,0.0,0.0
1780080240124,1,Pitching Mound.Drive,,Loading,pitch.0,773923,-3.2124,31.0703,113.0203,101.0929,-139.7789,24.3046,0.1268,0.0917
1780080240124,1,Pitching Mound.Parent,,Loading,pitch.0,772072,-3.0395,30.785,113.3103,101.0534,-139.8433,24.2471,0.1264,0.0917
1780080240125,1,11.0000004b,Drive,Loading,pitch.0,773924,-3.1992,31.1591,113.2955,101.464,-140.2086,24.3241,0.1268,0.0918
1780080240125,1,12.00000015,Lower Delivery,Loading,pitch.0,773441,0.1685,-0.1191,0.1768,0.0317,-0.0187,0.0031,0.0,0.0
1780080240125,1,12.00000018,Upper Delivery,Loading,pitch.0,774729,-0.005,-0.1618,0.0849,-0.0884,-0.0304,-0.0012,0.0,0.0
1780080240125,1,Pitching Mound.Delivery,,Loading,pitch.0,772817,0.1635,-0.2809,0.2617,-0.0254,-0.0491,-0.0571,0.0,0.0
1780080240125,1,Pitching Mound.Drive,,Loading,pitch.0,773924,-3.1992,31.1591,113.2955,101.464,-140.2086,24.3241,0.1268,0.0918
1780080240125,1,Pitching Mound.Parent,,Loading,pitch.0,772073,-3.0357,30.8783,113.5572,101.4385,-140.2577,24.267,0.1266,0.0919
1780080240126,1,11.0000004b,Drive,Loading,pitch.0,773925,-3.1943,31.2379,113.6125,101.7785,-140.539,24.3666,0.1268,0.0918
1780080240126,1,12.00000015,Lower Delivery,Loading,pitch.0,773442,0.1636,-0.1176,0.1686,0.0358,-0.0178,0.0043,0.0,0.0
1780080240126,1,12.00000018,Upper Delivery,Loading,pitch.0,774730,-0.0096,-0.1467,0.0701,-0.0884,-0.0304,-0.0012,0.0,0.0
1780080240126,1,Pitching Mound.Delivery,,Loading,pitch.0,772818,0.154,-0.2643,0.2388,-0.0191,-0.0482,-0.0558,0.0,0.0
1780080240126,1,Pitching Mound.Drive,,Loading,pitch.0,773925,-3.1943,31.2379,113.6125,101.7785,-140.539,24.3666,0.1268,0.0918
1780080240126,1,Pitching Mound.Parent,,Loading,pitch.0,772074,-3.0403,30.9736,113.8513,101.7594,-140.5872,24.3108,0.1265,0.0919
1780080240127,1,11.0000004b,Drive,Loading,pitch.0,773926,-3.1867,31.3093,113.8542,102.0753,-140.6979,24.4249,0.1267,0.0919
1780080240127,1,12.00000015,Lower Delivery,Loading,pitch.0,773443,0.1713,-0.1222,0.1644,0.0352,-0.0034,0.0072,0.0,0.0
1780080240127,1,12.00000018,Upper Delivery,Loading,pitch.0,774731,-0.0047,-0.1516,0.0813,-0.0884,-0.0304,-0.0012,0.0,0.0
1780080240127,1,Pitching Mound.Delivery,,Loading,pitch.0,772819,0.1666,-0.2739,0.2458,-0.0249,-0.0338,-0.0538,0.0,0.0
1780080240127,1,Pitching Mound.Drive,,Loading,pitch.0,773926,-3.1867,31.3093,113.8542,102.0753,-140.6979,24.4249,0.1267,0.0919
1780080240127,1,Pitching Mound.Parent,,Loading,pitch.0,772075,-3.0201,31.0355,114.0999,102.0504,-140.7316,24.371,0.1264,0.0919
1780080240128,1,11.0000004b,Drive,Loading,pitch.0,773927,-3.1727,31.3861,114.0618,102.4016,-141.1336,24.4699,0.1268,0.092
1780080240128,1,12.00000015,Lower Delivery,Loading,pitch.0,773444,0.1537,-0.1281,0.1127,0.0037,-0.0153,0.0048,0.0,0.0
1780080240128,1,12.00000018,Upper Delivery,Loading,pitch.0,774732,0.0002,-0.1518,0.0865,-0.0884,-0.0304,-0.0012,0.0,0.0
1780080240128,1,Pitching Mound.Delivery,,Loading,pitch.0,772820,0.1539,-0.2799,0.1992,-0.0758,-0.0457,-0.0486,0.0,0.0
1780080240128,1,Pitching Mound.Drive,,Loading,pitch.0,773927,-3.1727,31.3861,114.0618,102.4016,-141.1336,24.4699,0.1268,0.092
1780080240128,1,Pitching Mound.Parent,,Loading,pitch.0,772076,-3.0188,31.1062,114.261,102.3258,-141.1793,24.4213,0.1266,0.0919
1780080240129,1,11.0000004b,Drive,Loading,pitch.0,773928,-3.1685,31.4627,114.1998,102.7737,-141.2939,24.4992,0.1268,0.0922
1780080240129,1,12.00000015,Lower Delivery,Loading,pitch.0,773445,0.1493,-0.1292,0.1009,0.0166,-0.0063,0.0072,0.0,0.0
1780080240129,1,12.00000018,Upper Delivery,Loading,pitch.0,774733,0.0194,-0.178,0.1289,-0.0884,-0.0304,-0.0012,0.0,0.0
1780080240129,1,Pitching Mound.Delivery,,Loading,pitch.0,772821,0.1687,-0.3072,0.2298,-0.0813,-0.0367,-0.0381,0.0,0.0
1780080240129,1,Pitching Mound.Drive,,Loading,pitch.0,773928,-3.1685,31.4627,114.1998,102.7737,-141.2939,24.4992,0.1268,0.0922
1780080240129,1,Pitching Mound.Parent,,Loading,pitch.0,772077,-2.9998,31.1554,114.4296,102.6924,-141.3306,24.461,0.1266,0.092
1780080240130,1,11.0000004b,Drive,Loading,pitch.0,773929,-3.1694,31.5446,114.4138,103.0792,-141.6375,24.546,0.1269,0.0923
1780080240130,1,12.00000015,Lower Delivery,Loading,pitch.0,773446,0.1458,-0.1214,0.0995,0.0163,0.0014,0.0097,0.0,0.0
1780080240130,1,12.00000018,Upper Delivery,Loading,pitch.0,774734,0.0104,-0.1558,0.1073,-0.0884,-0.0304,-0.0012,0.0,0.0
1780080240130,1,Pitching Mound.Delivery,,Loading,pitch.0,772822,0.1562,-0.2773,0.2068,-0.0747,-0.029,-0.0375,0.0,0.0
1780080240130,1,Pitching Mound.Drive,,Loading,pitch.0,773929,-3.1694,31.5446,114.4138,103.0792,-141.6375,24.546,0.1269,0.0923
1780080240130,1,Pitching Mound.Parent,,Loading,pitch.0,772078,-3.0131,31.2673,114.6206,103.0045,-141.6665,24.5085,0.1267,0.0922
1780080240131,1,11.0000004b,Drive,Loading,pitch.0,773930,-3.1432,31.622,114.6611,103.2173,-141.9216,24.6232,0.1269,0.0923
1780080240131,1,12.00000015,Lower Delivery,Loading,pitch.0,773447,0.1445,-0.1104,0.0985,0.0128,0.006,0.0149,0.0,0.0
1780080240131,1,12.00000018,Upper Delivery,Loading,pitch.0,774735,-0.0109,-0.1481,0.0739,-0.0884,-0.0304,-0.0012,0.0,0.0
1780080240131,1,Pitching Mound.Delivery,,Loading,pitch.0,772823,0.1336,-0.2585,0.1724,-0.0672,-0.0243,-0.0391,0.0,0.0
1780080240131,1,Pitching Mound.Drive,,Loading,pitch.0,773930,-3.1432,31.622,114.6611,103.2173,-141.9216,24.6232,0.1269,0.0923
1780080240131,1,Pitching Mound.Parent,,Loading,pitch.0,772079,-3.0096,31.3635,114.8335,103.15,-141.9459,24.5841,0.1267,0.0922
1780080240132,1,11.0000004b,Drive,Loading,pitch.0,773931,-3.1264,31.7101,114.8846,103.5157,-142.1268,24.6741,0.1268,0.0924
1780080240132,1,12.00000015,Lower Delivery,Loading,pitch.0,773448,0.1438,-0.1312,0.0999,0.007,0.0053,0.015,0.0,0.0
1780080240132,1,12.00000018,Upper Delivery,Loading,pitch.0,774736,0.0068,-0.1748,0.1153,-0.0884,-0.0304,-0.0012,0.0,0.0
1780080240132,1,Pitching Mound.Delivery,,Loading,pitch.0,772824,0.1506,-0.306,0.2152,-0.0866,-0.025,-0.0327,0.0,0.0
1780080240132,1,Pitching Mound.Drive,,Loading,pitch.0,773931,-3.1264,31.7101,114.8846,103.5157,-142.1268,24.6741,0.1268,0.0924
1780080240132,1,Pitching Mound.Parent,,Loading,pitch.0,772080,-2.9758,31.4041,115.0998,103.4291,-142.1519,24.6413,0.1266,0.0921
1780080240133,1,11.0000004b,Drive,Loading,pitch.0,773932,-3.1044,31.8046,115.0504,103.7401,-142.4473,24.7448,0.1269,0.0924
1780080240133,1,12.00000015,Lower Delivery,Loading,pitch.0,773449,0.1617,-0.1329,0.1179,0.0036,0.0004,0.0163,0.0,0.0
1780080240133,1,12.00000018,Upper Delivery,Loading,pitch.0,774737,0.0094,-0.1783,0.1318,-0.0884,-0.0304,-0.0012,0.0,0.0
1780080240133,1,Pitching Mound.Delivery,,Loading,pitch.0,772825,0.1711,-0.3112,0.2497,-0.0895,-0.03,-0.0366,0.0,0.0
1780080240133,1,Pitching Mound.Drive,,Loading,pitch.0,773932,-3.1044,31.8046,115.0504,103.7401,-142.4473,24.7448,0.1269,0.0924
1780080240133,1,Pitching Mound.Parent,,Loading,pitch.0,772081,-2.9334,31.4934,115.3001,103.6506,-142.4773,24.7082,0.1266,0.0922
1780080240134,1,11.0000004b,Drive,Loading,pitch.0,773933,-3.0936,31.8911,115.2642,104.0569,-142.8974,24.8233,0.1271,0.0925
1780080240134,1,12.00000015,Lower Delivery,Loading,pitch.0,773450,0.1347,-0.1293,0.1478,-0.011,-0.0078,0.0151,0.0,0.0
1780080240134,1,12.00000018,Upper Delivery,Loading,pitch.0,774738,0.0101,-0.1677,0.1543,-0.0884,-0.0304,-0.0012,0.0,0.0
1780080240134,1,Pitching Mound.Delivery,,Loading,pitch.0,772826,0.1448,-0.297,0.3021,-0.1015,-0.0381,-0.0285,0.0,0.0
1780080240134,1,Pitching Mound.Drive,,Loading,pitch.0,773933,-3.0936,31.8911,115.2642,104.0569,-142.8974,24.8233,0.1271,0.0925
1780080240134,1,Pitching Mound.Parent,,Loading,pitch.0,772082,-2.9488,31.5942,115.5663,103.9553,-142.9355,24.7948,0.1267,0.0923
1780080240135,1,11.0000004b,Drive,Loading,pitch.0,773934,-3.0965,31.9739,115.4379,104.0792,-143.0087,24.8958,0.127,0.0924
1780080240135,1,12.00000015,Lower Delivery,Loading,pitch.0,773451,0.1223,-0.1157,0.1213,0.0049,-0.0066,0.0139,0.0,0.0
1780080240135,1,12.00000018,Upper Delivery,Loading,pitch.0,774739,0.0614,-0.219,0.2387,-0.0884,-0.0304,-0.0012,0.0,0.0
1780080240135,1,Pitching Mound.Delivery,,Loading,pitch.0,772827,0.1837,-0.3347,0.36,-0.1234,-0.037,-0.008,0.0,0.0
1780080240135,1,Pitching Mound.Drive,,Loading,pitch.0,773934,-3.0965,31.9739,115.4379,104.0792,-143.0087,24.8958,0.127,0.0924
1780080240135,1,Pitching Mound.Parent,,Loading,pitch.0,772083,-2.9128,31.6391,115.7978,103.9558,-143.0457,24.8878,0.1266,0.0918
1780080240136,1,11.0000004b,Drive,Loading,pitch.0,773935,-3.0662,32.0561,115.6617,104.3406,-143.3645,24.9924,0.127,0.0925
1780080240136,1,12.00000015,Lower Delivery,Loading,pitch.0,773452,0.1037,-0.0711,0.139,-0.013,-0.0144,0.0159,0.0,0.0
1780080240136,1,12.00000018,Upper Delivery,Loading,pitch.0,774740,0.0158,-0.1844,0.1183,-0.0884,-0.0304,-0.0012,0.0,0.0
1780080240136,1,Pitching Mound.Delivery,,Loading,pitch.0,772828,0.1195,-0.2556,0.2573,-0.0943,-0.0447,-0.0151,0.0,0.0
1780080240136,1,Pitching Mound.Drive,,Loading,pitch.0,773935,-3.0662,32.0561,115.6617,104.3406,-143.3645,24.9924,0.127,0.0925
1780080240136,1,Pitching Mound.Parent,,Loading,pitch.0,772084,-2.9467,31.8006,115.919,104.2463,-143.4093,24.9773,0.1268,0.0923
1780080240137,1,11.0000004b,Drive,Loading,pitch.0,773936,-3.0664,32.1464,115.9049,104.5556,-143.5351,25.0646,0.1269,0.0925
1780080240137,1,12.00000015,Lower Delivery,Loading,pitch.0,773453,0.0719,-0.0566,0.0971,-0.006,-0.0151,0.016,0.0,0.0
1780080240137,1,12.00000018,Upper Delivery,Loading,pitch.0,774741,0.0438,-0.2157,0.2011,-0.0884,-0.0304,-0.0012,0.0,0.0
1780080240137,1,Pitching Mound.Delivery,,Loading,pitch.0,772829,0.1157,-0.2723,0.2983,-0.1297,-0.0455,0.0052,0.0,0.0
1780080240137,1,Pitching Mound.Drive,,Loading,pitch.0,773936,-3.0664,32.1464,115.9049,104.5556,-143.5351,25.0646,0.1269,0.0925
1780080240137,1,Pitching Mound.Parent,,Loading,pitch.0,772085,-2.9508,31.8741,116.2032,104.4259,-143.5806,25.0698,0.1266,0.0919
1780080240138,1,11.0000004b,Drive,Loading,pitch.0,773937,-3.0532,32.2469,116.055,104.7781,-143.7982,25.1613,0.127,0.0925
1780080240138,1,12.00000015,Lower Delivery,Loading,pitch.0,773454,0.0501,-0.0326,0.0581,-0.0125,-0.0266,0.0163,0.0,0.0
1780080240138,1,12.00000018,Upper Delivery,Loading,pitch.0,774742,0.0774,-0.2402,0.2758,-0.0884,-0.0304,-0.0012,0.0,0.0
1780080240138,1,Pitching Mound.Delivery,,Loading,pitch.0,772830,0.1275,-0.2728,0.3339,-0.1748,-0.057,0.0244,0.0,0.0
1780080240138,1,Pitching Mound.Drive,,Loading,pitch.0,773937,-3.0532,32.2469,116.055,104.7781,-143.7982,25.1613,0.127,0.0925
1780080240138,1,Pitching Mound.Parent,,Loading,pitch.0,772086,-2.9257,31.9741,116.3889,104.6033,-143.8552,25.1858,0.1266,0.0916
1780080240139,1,11.0000004b,Drive,Loading,pitch.0,773938,-3.0474,32.3224,116.2866,104.9945,-144.0917,25.2245,0.127,0.0925
1780080240139,1,12.00000015,Lower Delivery,Loading,pitch.0,773455,0.0386,-0.0316,0.0484,0.0014,-0.0211,0.0172,0.0,0.0
1780080240139,1,12.00000018,Upper Delivery,Loading,pitch.0,774743,0.0868,-0.2463,0.2599,-0.0884,-0.0304,-0.0012,0.0,0.0
1780080240139,1,Pitching Mound.Delivery,,Loading,pitch.0,772831,0.1254,-0.2779,0.3083,-0.1588,-0.0515,0.0324,0.0,0.0
1780080240139,1,Pitching Mound.Drive,,Loading,pitch.0,773938,-3.0474,32.3224,116.2866,104.9945,-144.0917,25.2245,0.127,0.0925
1780080240139,1,Pitching Mound.Parent,,Loading,pitch.0,772087,-2.9219,32.0445,116.595,104.8356,-144.1432,25.2568,0.1267,0.0917
1780080240140,1,11.0000004b,Drive,Loading,pitch.0,773939,-3.0432,32.407,116.575,105.1804,-144.384,25.3306,0.1269,0.0925
1780080240140,1,12.00000015,Lower Delivery,Loading,pitch.0,773456,0.0316,-0.0193,0.0371,0.0088,-0.0221,0.017,0.0,0.0
1780080240140,1,12.00000018,Upper Delivery,Loading,pitch.0,774744,0.0517,-0.2022,0.1851,-0.0884,-0.0304,-0.0012,0.0,0.0
1780080240140,1,Pitching Mound.Delivery,,Loading,pitch.0,772832,0.0832,-0.2215,0.2222,-0.1299,-0.0525,0.0226,0.0,0.0
1780080240140,1,Pitching Mound.Drive,,Loading,pitch.0,773939,-3.0432,32.407,116.575,105.1804,-144.384,25.3306,0.1269,0.0925
1780080240140,1,Pitching Mound.Parent,,Loading,pitch.0,772088,-2.96,32.1855,116.7972,105.0506,-144.4364,25.3532,0.1267,0.0919
1780080240141,1,11.0000004b,Drive,Loading,pitch.0,773940,-3.0549,32.4746,116.8086,105.4417,-144.6635,25.4042,0.1269,0.0925
1780080240141,1,12.00000015,Lower Delivery,Loading,pitch.0,773457,0.0621,-0.0355,0.07,0.0123,-0.0265,0.0164,0.0,0.0
1780080240141,1,12.00000018,Upper Delivery,Loading,pitch.0,774745,0.0821,-0.237,0.2326,-0.0884,-0.0304,-0.0012,0.0,0.0
1780080240141,1,Pitching Mound.Delivery,,Loading,pitch.0,772833,0.1442,-0.2725,0.3026,-0.1314,-0.0569,0.022,0.0,0.0
1780080240141,1,Pitching Mound.Drive,,Loading,pitch.0,773940,-3.0549,32.4746,116.8086,105.4417,-144.6635,25.4042,0.1269,0.0925
1780080240141,1,Pitching Mound.Parent,,Loading,pitch.0,772089,-2.9107,32.2021,117.1112,105.3103,-144.7204,25.4262,0.1266,0.0918
1780080240142,1,11.0000004b,Drive,Loading,pitch.0,773941,-3.0725,32.5393,116.9643,105.6701,-145.005,25.5108,0.1271,0.0926
1780080240142,1,12.00000015,Lower Delivery,Loading,pitch.0,773458,0.063,-0.0472,0.0862,0.0068,-0.0295,0.0149,0.0,0.0
1780080240142,1,12.00000018,Upper Delivery,Loading,pitch.0,774746,0.1023,-0.2499,0.1959,-0.0884,-0.0304,-0.0012,0.0,0.0
1780080240142,1,Pitching Mound.Delivery,,Loading,pitch.0,772834,0.1653,-0.2971,0.2821,-0.1189,-0.0599,0.0271,0.0,0.0
1780080240142,1,Pitching Mound.Drive,,Loading,pitch.0,773941,-3.0725,32.5393,116.9643,105.6701,-145.005,25.5108,0.1271,0.0926
1780080240142,1,Pitching Mound.Parent,,Loading,pitch.0,772090,-2.9072,32.2422,117.2464,105.5512,-145.0649,25.5378,0.1268,0.0921
1780080240143,1,11.0000004b,Drive,Loading,pitch.0,773942,-3.084,32.6014,117.1449,105.9262,-145.2731,25.5993,0.1271,0.0927
1780080240143,1,12.00000015,Lower Delivery,Loading,pitch.0,773459,0.0731,-0.0587,0.1008,0.0019,-0.0289,0.0149,0.0,0.0
1780080240143,1,12.00000018,Upper Delivery,Loading,pitch.0,774747,0.0627,-0.2296,0.2363,-0.0884,-0.0304,-0.0012,0.0,0.0
1780080240143,1,Pitching Mound.Delivery,,Loading,pitch.0,772835,0.1358,-0.2884,0.3371,-0.1326,-0.0593,0.0101,0.0,0.0
1780080240143,1,Pitching Mound.Drive,,Loading,pitch.0,773942,-3.084,32.6014,117.1449,105.9262,-145.2731,25.5993,0.1271,0.0927
1780080240143,1,Pitching Mound.Parent,,Loading,pitch.0,772091,-2.9482,32.313,117.482,105.7936,-145.3324,25.6095,0.1267,0.092
1780080240144,1,11.0000004b,Drive,Loading,pitch.0,773943,-3.0886,32.6578,117.3351,106.1299,-145.3944,25.6545,0.127,0.0927
1780080240144,1,12.00000015,Lower Delivery,Loading,pitch.0,773460,0.0762,-0.0382,0.1119,0.012,-0.025,0.0122,0.0,0.0
1780080240144,1,12.00000018,Upper Delivery,Loading,pitch.0,774748,0.0636,-0.2331,0.2248,-0.0884,-0.0304,-0.0012,0.0,0.0
1780080240144,1,Pitching Mound.Delivery,,Loading,pitch.0,772836,0.1397,-0.2713,0.3367,-0.1147,-0.0554,0.0067,0.0,0.0
1780080240144,1,Pitching Mound.Drive,,Loading,pitch.0,773943,-3.0886,32.6578,117.3351,106.1299,-145.3944,25.6545,0.127,0.0927
1780080240144,1,Pitching Mound.Parent,,Loading,pitch.0,772092,-2.9489,32.3865,117.6718,106.0151,-145.4497,25.6612,0.1266,0.0921
1780080240145,1,11.0000004b,Drive,Loading,pitch.0,773944,-3.1008,32.7319,117.5324,106.3093,-145.6514,25.7227,0.127,0.0927
1780080240145,1,12.00000015,Lower Delivery,Loading,pitch.0,773461,0.0661,-0.028,0.1075,0.0076,-0.0215,0.0115,0.0,0.0
1780080240145,1,12.00000018,Upper Delivery,Loading,pitch.0,774749,0.0623,-0.2189,0.2755,-0.0884,-0.0304,-0.0012,0.0,0.0
1780080240145,1,Pitching Mound.Delivery,,Loading,pitch.0,772837,0.1284,-0.2469,0.383,-0.1379,-0.0519,0.009,0.0,0.0
1780080240145,1,Pitching Mound.Drive,,Loading,pitch.0,773944,-3.1008,32.7319,117.5324,106.3093,-145.6514,25.7227,0.127,0.0927
1780080240145,1,Pitching Mound.Parent,,Loading,pitch.0,772093,-2.9724,32.485,117.9155,106.1714,-145.7033,25.7317,0.1266,0.0919
1780080240146,1,11.0000004b,Drive,Loading,pitch.0,773945,-3.1187,32.773,117.6951,106.4893,-145.7789,25.7804,0.127,0.0927
1780080240146,1,12.00000015,Lower Delivery,Loading,pitch.0,773462,0.0902,-0.0476,0.1703,-0.0236,-0.0291,0.0128,0.0,0.0
1780080240146,1,12.00000018,Upper Delivery,Loading,pitch.0,774750,0.0344,-0.1864,0.2173,-0.0884,-0.0304,-0.0012,0.0,0.0
1780080240146,1,Pitching Mound.Delivery,,Loading,pitch.0,772838,0.1246,-0.234,0.3877,-0.128,-0.0595,-0.0074,0.0,0.0
1780080240146,1,Pitching Mound.Drive,,Loading,pitch.0,773945,-3.1187,32.773,117.6951,106.4893,-145.7789,25.7804,0.127,0.0927
1780080240146,1,Pitching Mound.Parent,,Loading,pitch.0,772094,-2.994,32.5391,118.0828,106.3613,-145.8384,25.7731,0.1265,0.0923
1780080240147,1,11.0000004b,Drive,Loading,pitch.0,773946,-3.1491,32.824,117.8589,106.5622,-145.8773,25.8323,0.1269,0.0927
1780080240147,1,12.00000015,Lower Delivery,Loading,pitch.0,773463,0.0979,-0.043,0.1668,-0.0265,-0.0262,0.0148,0.0,0.0
1780080240147,1,12.00000018,Upper Delivery,Loading,pitch.0,774751,0.0661,-0.2255,0.3109,-0.0884,-0.0304,-0.0012,0.0,0.0
1780080240147,1,Pitching Mound.Delivery,,Loading,pitch.0,772839,0.1639,-0.2686,0.4777,-0.1639,-0.0565,0.0027,0.0,0.0
1780080240147,1,Pitching Mound.Drive,,Loading,pitch.0,773946,-3.1491,32.824,117.8589,106.5622,-145.8773,25.8323,0.1269,0.0927
1780080240147,1,Pitching Mound.Parent,,Loading,pitch.0,772095,-2.9851,32.5554,118.3367,106.3984,-145.9339,25.835,0.1263,0.0919
1780080240148,1,11.0000004b,Drive,Loading,pitch.0,773947,-3.1703,32.8745,117.9033,106.7962,-146.0483,25.8898,0.127,0.0928
1780080240148,1,12.00000015,Lower Delivery,Loading,pitch.0,773464,0.1092,-0.0506,0.1721,-0.0491,-0.0326,0.0121,0.0,0.0
1780080240148,1,12.00000018,Upper Delivery,Loading,pitch.0,774752,0.0689,-0.206,0.3121,-0.0884,-0.0304,-0.0012,0.0,0.0
1780080240148,1,Pitching Mound.Delivery,,Loading,pitch.0,772840,0.178,-0.2566,0.4842,-0.1851,-0.063,-0.0028,0.0,0.0
1780080240148,1,Pitching Mound.Drive,,Loading,pitch.0,773947,-3.1703,32.8745,117.9033,106.7962,-146.0483,25.8898,0.127,0.0928
1780080240148,1,Pitching Mound.Parent,,Loading,pitch.0,772096,-2.9922,32.6178,118.3875,106.6112,-146.1113,25.8869,0.1264,0.0921
1780080240149,1,11.0000004b,Drive,Loading,pitch.0,773948,-3.185,32.9014,118.0234,106.7797,-146.0266,25.9076,0.1268,0.0927
1780080240149,1,12.00000015,Lower Delivery,Loading,pitch.0,773465,0.1107,-0.0635,0.1565,-0.0529,-0.0375,0.01,0.0,0.0
1780080240149,1,12.00000018,Upper Delivery,Loading,pitch.0,774753,0.013,-0.1602,0.1787,-0.0884,-0.0304,-0.0012,0.0,0.0
1780080240149,1,Pitching Mound.Delivery,,Loading,pitch.0,772841,0.1237,-0.2237,0.3352,-0.1488,-0.0678,-0.0244,0.0,0.0
1780080240149,1,Pitching Mound.Drive,,Loading,pitch.0,773948,-3.185,32.9014,118.0234,106.7797,-146.0266,25.9076,0.1268,0.0927
1780080240149,1,Pitching Mound.Parent,,Loading,pitch.0,772097,-3.0613,32.6778,118.3586,106.6309,-146.0944,25.8832,0.1265,0.0924
1780080240150,1,11.0000004b,Drive,Loading,pitch.0,773949,-3.1983,32.9471,118.16,106.9429,-146.207,25.9687,0.1268,0.0928
1780080240150,1,12.00000015,Lower Delivery,Loading,pitch.0,773466,0.0779,-0.0282,0.0945,-0.0547,-0.0313,0.0106,0.0,0.0
1780080240150,1,12.00000018,Upper Delivery,Loading,pitch.0,774754,0.0128,-0.1734,0.1945,-0.0884,-0.0304,-0.0012,0.0,0.0
1780080240150,1,Pitching Mound.Delivery,,Loading,pitch.0,772842,0.0908,-0.2015,0.289,-0.1771,-0.0617,-0.0128,0.0,0.0
1780080240150,1,Pitching Mound.Drive,,Loading,pitch.0,773949,-3.1983,32.9471,118.16,106.9429,-146.207,25.9687,0.1268,0.0928
1780080240150,1,Pitching Mound.Parent,,Loading,pitch.0,772098,-3.1076,32.7456,118.449,106.7658,-146.2686,25.956,0.1265,0.0923
1780080240151,1,11.0000004b,Drive,Loading,pitch.0,773950,-3.2246,32.9855,118.2153,107.0195,-146.356,26.0091,0.1269,0.0928
1780080240151,1,12.00000015,Lower Delivery,Loading,pitch.0,773467,0.0685,-0.0307,0.0804,-0.0493,-0.0341,0.0106,0.0,0.0
1780080240151,1,12.00000018,Upper Delivery,Loading,pitch.0,774755,0.0304,-0.1948,0.2373,-0.0884,-0.0304,-0.0012,0.0,0.0
1780080240151,1,Pitching Mound.Delivery,,Loading,pitch.0,772843,0.0988,-0.2255,0.3177,-0.1911,-0.0645,-0.0036,0.0,0.0
1780080240151,1,Pitching Mound.Drive,,Loading,pitch.0,773950,-3.2246,32.9855,118.2153,107.0195,-146.356,26.0091,0.1269,0.0928
1780080240151,1,Pitching Mound.Parent,,Loading,pitch.0,772099,-3.1257,32.76,118.533,106.8285,-146.4205,26.0055,0.1266,0.0921
1780080240152,1,11.0000004b,Drive,Loading,pitch.0,773951,-3.2277,33.0203,118.2456,107.058,-146.3515,26.0519,0.1269,0.0928
1780080240152,1,12.00000015,Lower Delivery,Loading,pitch.0,773468,0.0803,-0.0536,0.0999,-0.0568,-0.028,0.0078,0.0,0.0
1780080240152,1,12.00000018,Upper Delivery,Loading,pitch.0,774756,0.0153,-0.1776,0.1873,-0.0884,-0.0304,-0.0012,0.0,0.0
1780080240152,1,Pitching Mound.Delivery,,Loading,pitch.0,772844,0.0955,-0.2312,0.2873,-0.1749,-0.0584,-0.0155,0.0,0.0
1780080240152,1,Pitching Mound.Drive,,Loading,pitch.0,773951,-3.2277,33.0203,118.2456,107.058,-146.3515,26.0519,0.1269,0.0928
1780080240152,1,Pitching Mound.Parent,,Loading,pitch.0,772100,-3.1322,32.789,118.5328,106.883,-146.4099,26.0365,0.1265,0.0923
1780080240153,1,11.0000004b,Drive,Loading,pitch.0,773952,-3.2416,33.0433,118.2816,107.016,-146.2807,26.0755,0.1268,0.0927
1780080240153,1,12.00000015,Lower Delivery,Loading,pitch.0,773469,0.1075,-0.0852,0.1229,-0.0466,-0.0265,0.0039,0.0,0.0
1780080240153,1,12.00000018,Upper Delivery,Loading,pitch.0,774757,-0.0126,-0.1357,0.0744,-0.0884,-0.0304,-0.0012,0.0,0.0
1780080240153,1,Pitching Mound.Delivery,,Loading,pitch.0,772845,0.0949,-0.2209,0.1973,-0.1184,-0.0569,-0.0382,0.0,0.0
1780080240153,1,Pitching Mound.Drive,,Loading,pitch.0,773952,-3.2416,33.0433,118.2816,107.016,-146.2807,26.0755,0.1268,0.0927
1780080240153,1,Pitching Mound.Parent,,Loading,pitch.0,772101,-3.1468,32.8225,118.4789,106.8975,-146.3376,26.0373,0.1265,0.0927
1780080240154,1,11.0000004b,Drive,Loading,pitch.0,773953,-3.2621,33.0614,118.2983,107.0691,-146.2919,26.1021,0.1267,0.0928
1780080240154,1,12.00000015,Lower Delivery,Loading,pitch.0,773470,0.1029,-0.0671,0.1178,-0.041,-0.0154,0.0041,0.0,0.0
1780080240154,1,12.00000018,Upper Delivery,Loading,pitch.0,774758,-0.0136,-0.1424,0.0638,-0.0884,-0.0304,-0.0012,0.0,0.0
1780080240154,1,Pitching Mound.Delivery,,Loading,pitch.0,772846,0.0893,-0.2095,0.1815,-0.111,-0.0457,-0.0367,0.0,0.0
1780080240154,1,Pitching Mound.Drive,,Loading,pitch.0,773953,-3.2621,33.0614,118.2983,107.0691,-146.2919,26.1021,0.1267,0.0928
1780080240154,1,Pitching Mound.Parent,,Loading,pitch.0,772102,-3.1728,32.8519,118.4799,106.9582,-146.3376,26.0653,0.1266,0.0928
1780080240155,1,11.0000004b,Drive,Loading,pitch.0,773954,-3.2681,33.0743,118.3309,107.0497,-146.3227,26.1343,0.1267,0.0927
1780080240155,1,12.00000015,Lower Delivery,Loading,pitch.0,773471,0.0944,-0.0841,0.1551,-0.0464,-0.0081,0.0065,0.0,0.0
1780080240155,1,12.00000018,Upper Delivery,Loading,pitch.0,774759,-0.0105,-0.1311,0.0577,-0.0884,-0.0304,-0.0012,0.0,0.0
1780080240155,1,Pitching Mound.Delivery,,Loading,pitch.0,772847,0.0839,-0.2152,0.2127,-0.1016,-0.0384,-0.0304,0.0,0.0
1780080240155,1,Pitching Mound.Drive,,Loading,pitch.0,773954,-3.2681,33.0743,118.3309,107.0497,-146.3227,26.1343,0.1267,0.0927
1780080240155,1,Pitching Mound.Parent,,Loading,pitch.0,772103,-3.1842,32.8591,118.5436,106.9481,-146.3612,26.104,0.1265,0.0928
1780080240156,1,11.0000004b,Drive,Loading,pitch.0,773955,-3.282,33.0889,118.2397,107.1107,-146.1931,26.1465,0.1267,0.0928
1780080240156,1,12.00000015,Lower Delivery,Loading,pitch.0,773472,0.0945,-0.0749,0.1687,-0.0478,-0.0087,0.0068,0.0,0.0
1780080240156,1,12.00000018,Upper Delivery,Loading,pitch.0,774760,-0.0117,-0.1392,0.0618,-0.0884,-0.0304,-0.0012,0.0,0.0
1780080240156,1,Pitching Mound.Delivery,,Loading,pitch.0,772848,0.0828,-0.2141,0.2305,-0.0998,-0.0391,-0.0305,0.0,0.0
1780080240156,1,Pitching Mound.Drive,,Loading,pitch.0,773955,-3.282,33.0889,118.2397,107.1107,-146.1931,26.1465,0.1267,0.0928
1780080240156,1,Pitching Mound.Parent,,Loading,pitch.0,772104,-3.1991,32.8748,118.4702,107.0109,-146.2322,26.116,0.1265,0.093
1780080240157,1,11.0000004b,Drive,Loading,pitch.0,773956,-3.2915,33.0973,118.2093,107.0406,-146.0626,26.1577,0.1266,0.0928
1780080240157,1,12.00000015,Lower Delivery,Loading,pitch.0,773473,0.1263,-0.1103,0.226,-0.0366,-0.0086,0.01,0.0,0.0
1780080240157,1,12.00000018,Upper Delivery,Loading,pitch.0,774761,-0.0138,-0.1426,0.0644,-0.0884,-0.0304,-0.0012,0.0,0.0
1780080240157,1,Pitching Mound.Delivery,,Loading,pitch.0,772849,0.1124,-0.253,0.2904,-0.0701,-0.039,-0.0388,0.0,0.0
1780080240157,1,Pitching Mound.Drive,,Loading,pitch.0,773956,-3.2915,33.0973,118.2093,107.0406,-146.0626,26.1577,0.1266,0.0928
1780080240157,1,Pitching Mound.Parent,,Loading,pitch.0,772105,-3.1791,32.8443,118.4997,106.9705,-146.1016,26.1189,0.1263,0.093
1780080240158,1,11.0000004b,Drive,Loading,pitch.0,773957,-3.3157,33.1009,118.282,107.008,-146.1056,26.1756,0.1266,0.0927
1780080240158,1,12.00000015,Lower Delivery,Loading,pitch.0,773474,0.1237,-0.1031,0.224,-0.0473,-0.0049,0.0108,0.0,0.0
1780080240158,1,12.00000018,Upper Delivery,Loading,pitch.0,774762,-0.0165,-0.1434,0.0823,-0.0884,-0.0304,-0.0012,0.0,0.0
1780080240158,1,Pitching Mound.Delivery,,Loading,pitch.0,772850,0.1073,-0.2465,0.3063,-0.0874,-0.0352,-0.038,0.0,0.0
1780080240158,1,Pitching Mound.Drive,,Loading,pitch.0,773957,-3.3157,33.1009,118.282,107.008,-146.1056,26.1756,0.1266,0.0927
1780080240158,1,Pitching Mound.Parent,,Loading,pitch.0,772106,-3.2084,32.8544,118.5883,106.9206,-146.1409,26.1376,0.1263,0.0929
1780080240159,1,11.0000004b,Drive,Loading,pitch.0,773958,-3.3338,33.128,118.281,107.0444,-145.9663,26.1531,0.1265,0.0928
1780080240159,1,12.00000015,Lower Delivery,Loading,pitch.0,773475,0.1519,-0.0976,0.2526,-0.0168,-0.0004,0.0149,0.0,0.0
1780080240159,1,12.00000018,Upper Delivery,Loading,pitch.0,774763,-0.0154,-0.1443,0.0674,-0.0884,-0.0304,-0.0012,0.0,0.0
1780080240159,1,Pitching Mound.Delivery,,Loading,pitch.0,772851,0.1365,-0.2419,0.3199,-0.0421,-0.0308,-0.0432,0.0,0.0
1780080240159,1,Pitching Mound.Drive,,Loading,pitch.0,773958,-3.3338,33.128,118.281,107.0444,-145.9663,26.1531,0.1265,0.0928
1780080240159,1,Pitching Mound.Parent,,Loading,pitch.0,772107,-3.1973,32.8861,118.6009,107.0023,-145.9971,26.11,0.1261,0.093
1780080240160,1,11.0000004b,Drive,Loading,pitch.0,773959,-3.3656,33.143,118.1802,106.9242,-145.9226,26.1289,0.1266,0.0927
1780080240160,1,12.00000015,Lower Delivery,Loading,pitch.0,773476,0.1581,-0.0843,0.2693,-0.0175,0.0034,0.0154,0.0,0.0
1780080240160,1,Pitching Mound.Drive,,Loading,pitch.0,773959,-3.3656,33.143,118.1802,106.9242,-145.9226,26.1289,0.1266,0.0927
1780080240161,1,11.0000004b,Drive,Loading,pitch.0,773960,-3.4051,33.1468,118.1046,106.8762,-145.6391,26.1108,0.1264,0.0928
1780080240161,1,12.00000015,Lower Delivery,Loading,pitch.0,773477,0.115,-0.0553,0.1878,-0.0131,0.0049,0.0146,0.0,0.0
1780080240161,1,12.00000018,Upper Delivery,Loading,pitch.0,774765,-0.0177,-0.1494,0.0713,-0.0884,-0.0304,-0.0012,0.0,0.0
1780080240161,1,12.00000018,Upper Delivery,Loading,pitch.0,774764,-0.0167,-0.1397,0.0644,-0.0884,-0.0304,-0.0012,0.0,0.0
1780080240161,1,Pitching Mound.Delivery,,Loading,pitch.0,772852,0.1414,-0.224,0.3337,-0.0362,-0.027,-0.0453,0.0,0.0
1780080240161,1,Pitching Mound.Delivery,,Loading,pitch.0,772853,0.0973,-0.2047,0.2591,-0.0618,-0.0255,-0.0318,0.0,0.0
1780080240161,1,Pitching Mound.Drive,,Loading,pitch.0,773960,-3.4051,33.1468,118.1046,106.8762,-145.6391,26.1108,0.1264,0.0928
1780080240161,1,Pitching Mound.Parent,,Loading,pitch.0,772108,-3.2243,32.919,118.5139,106.888,-145.9495,26.0836,0.1262,0.0931
1780080240161,1,Pitching Mound.Parent,,Loading,pitch.0,772109,-3.3078,32.9421,118.3637,106.8143,-145.6645,26.079,0.1261,0.0929
1780080240162,1,11.0000004b,Drive,Loading,pitch.0,773961,-3.4216,33.1586,118.1657,106.8454,-145.6321,26.0842,0.1263,0.0927
1780080240162,1,12.00000015,Lower Delivery,Loading,pitch.0,773478,0.1148,-0.0669,0.2274,-0.0026,0.0172,0.0132,0.0,0.0
1780080240162,1,12.00000018,Upper Delivery,Loading,pitch.0,774766,-0.016,-0.1429,0.0665,-0.0884,-0.0304,-0.0012,0.0,0.0
1780080240162,1,Pitching Mound.Delivery,,Loading,pitch.0,772854,0.0989,-0.2098,0.2939,-0.0363,-0.0132,-0.0325,0.0,0.0
1780080240162,1,Pitching Mound.Drive,,Loading,pitch.0,773961,-3.4216,33.1586,118.1657,106.8454,-145.6321,26.0842,0.1263,0.0927
1780080240162,1,Pitching Mound.Parent,,Loading,pitch.0,772110,-3.3227,32.9488,118.4596,106.8091,-145.6453,26.0518,0.126,0.0929
1780080240163,1,11.0000004b,Drive,Loading,pitch.0,773962,-3.4282,33.1665,118.1031,106.8503,-145.4713,26.0546,0.1262,0.0927
1780080240163,1,12.00000015,Lower Delivery,Loading,pitch.0,773479,0.1213,-0.0865,0.2377,0.0001,0.0141,0.0149,0.0,0.0
1780080240163,1,12.00000018,Upper Delivery,Loading,pitch.0,774767,-0.0186,-0.1468,0.0696,-0.0884,-0.0304,-0.0012,0.0,0.0
1780080240163,1,Pitching Mound.Delivery,,Loading,pitch.0,772855,0.1027,-0.2333,0.3072,-0.0311,-0.0163,-0.0339,0.0,0.0
1780080240163,1,Pitching Mound.Drive,,Loading,pitch.0,773962,-3.4282,33.1665,118.1031,106.8503,-145.4713,26.0546,0.1262,0.0927
1780080240163,1,Pitching Mound.Parent,,Loading,pitch.0,772111,-3.3256,32.9332,118.4103,106.8192,-145.4876,26.0207,0.1259,0.093
1780080240164,1,11.0000004b,Drive,Loading,pitch.0,773963,-3.4718,33.1764,118.0512,106.8397,-145.2522,26.0049,0.1261,0.0928
1780080240164,1,12.00000015,Lower Delivery,Loading,pitch.0,773480,0.1275,-0.1163,0.2685,-0.0106,0.0094,0.0135,0.0,0.0
1780080240164,1,12.00000018,Upper Delivery,Loading,pitch.0,774768,-0.0182,-0.1492,0.0695,-0.0884,-0.0304,-0.0012,0.0,0.0
1780080240164,1,Pitching Mound.Delivery,,Loading,pitch.0,772856,0.1093,-0.2655,0.338,-0.0313,-0.021,-0.0373,0.0,0.0
1780080240164,1,Pitching Mound.Drive,,Loading,pitch.0,773963,-3.4718,33.1764,118.0512,106.8397,-145.2522,26.0049,0.1261,0.0928
1780080240164,1,Pitching Mound.Parent,,Loading,pitch.0,772112,-3.3625,32.9109,118.3892,106.8084,-145.2732,25.9677,0.1258,0.0931
1780080240165,1,11.0000004b,Drive,Loading,pitch.0,773964,-3.4843,33.1938,117.9893,106.7269,-145.0114,25.9779,0.126,0.0927
1780080240165,1,12.00000015,Lower Delivery,Loading,pitch.0,773481,0.1431,-0.1304,0.2805,-0.001,0.0081,0.0131,0.0,0.0
1780080240165,1,12.00000018,Upper Delivery,Loading,pitch.0,774769,-0.015,-0.1255,0.0627,-0.0884,-0.0304,-0.0012,0.0,0.0
1780080240165,1,Pitching Mound.Delivery,,Loading,pitch.0,772857,0.1281,-0.2559,0.3432,-0.0153,-0.0223,-0.0418,0.0,0.0
1780080240165,1,Pitching Mound.Drive,,Loading,pitch.0,773964,-3.4843,33.1938,117.9893,106.7269,-145.0114,25.9779,0.126,0.0927
1780080240165,1,Pitching Mound.Parent,,Loading,pitch.0,772113,-3.3562,32.9379,118.3326,106.7116,-145.0337,25.9361,0.1256,0.0931
1780080240166,1,11.0000004b,Drive,Loading,pitch.0,773965,-3.5177,33.2015,117.9382,106.7649,-144.7482,25.9203,0.1258,0.0928
1780080240166,1,12.00000015,Lower Delivery,Loading,pitch.0,773482,0.1477,-0.1293,0.294,0.013,0.0125,0.0131,0.0,0.0
1780080240166,1,12.00000018,Upper Delivery,Loading,pitch.0,774770,-0.016,-0.1375,0.0617,-0.0884,-0.0304,-0.0012,0.0,0.0
1780080240166,1,Pitching Mound.Delivery,,Loading,pitch.0,772858,0.1317,-0.2668,0.3557,0.0036,-0.0178,-0.0437,0.0,0.0
1780080240166,1,Pitching Mound.Drive,,Loading,pitch.0,773965,-3.5177,33.2015,117.9382,106.7649,-144.7482,25.9203,0.1258,0.0928
1780080240166,1,Pitching Mound.Parent,,Loading,pitch.0,772114,-3.386,32.9348,118.2939,106.7685,-144.766,25.8766,0.1254,0.0932
1780080240167,1,11.0000004b,Drive,Loading,pitch.0,773966,-3.5139,33.2127,117.8844,106.6367,-144.6142,25.8677,0.1257,0.0927
1780080240167,1,12.00000015,Lower Delivery,Loading,pitch.0,773483,0.142,-0.1268,0.2812,0.0217,0.0158,0.0125,0.0,0.0
1780080240167,1,12.00000018,Upper Delivery,Loading,pitch.0,774771,-0.0189,-0.138,0.0613,-0.0884,-0.0304,-0.0012,0.0,0.0
1780080240167,1,Pitching Mound.Delivery,,Loading,pitch.0,772859,0.1231,-0.2648,0.3424,0.0081,-0.0146,-0.0433,0.0,0.0
1780080240167,1,Pitching Mound.Drive,,Loading,pitch.0,773966,-3.5139,33.2127,117.8844,106.6367,-144.6142,25.8677,0.1257,0.0927
1780080240167,1,Pitching Mound.Parent,,Loading,pitch.0,772115,-3.3908,32.9479,118.2268,106.6447,-144.6288,25.8244,0.1254,0.0931
1780080240168,1,11.0000004b,Drive,Loading,pitch.0,773967,-3.5175,33.2235,117.7922,106.6433,-144.381,25.8282,0.1256,0.0928
1780080240168,1,12.00000015,Lower Delivery,Loading,pitch.0,773484,0.1632,-0.133,0.2885,0.0195,0.0166,0.0118,0.0,0.0
1780080240168,1,12.00000018,Upper Delivery,Loading,pitch.0,774772,-0.0157,-0.1234,0.0522,-0.0884,-0.0304,-0.0012,0.0,0.0
1780080240168,1,Pitching Mound.Delivery,,Loading,pitch.0,772860,0.1476,-0.2563,0.3407,0.0115,-0.0138,-0.0502,0.0,0.0
1780080240168,1,Pitching Mound.Drive,,Loading,pitch.0,773967,-3.5175,33.2235,117.7922,106.6433,-144.381,25.8282,0.1256,0.0928
1780080240168,1,Pitching Mound.Parent,,Loading,pitch.0,772116,-3.37,32.9672,118.1329,106.6548,-144.3948,25.778,0.1253,0.0932
1780080240169,1,11.0000004b,Drive,Loading,pitch.0,773968,-3.5231,33.2452,117.6531,106.6776,-143.9467,25.75,0.1254,0.0929
1780080240169,1,12.00000015,Lower Delivery,Loading,pitch.0,773485,0.1278,-0.1212,0.2589,0.0281,0.0181,0.0136,0.0,0.0
1780080240169,1,12.00000018,Upper Delivery,Loading,pitch.0,774773,-0.014,-0.1345,0.0914,-0.0884,-0.0304,-0.0012,0.0,0.0
1780080240169,1,Pitching Mound.Delivery,,Loading,pitch.0,772861,0.1138,-0.2557,0.3502,-0.0033,-0.0123,-0.0358,0.0,0.0
1780080240169,1,Pitching Mound.Drive,,Loading,pitch.0,773968,-3.5231,33.2452,117.6531,106.6776,-143.9467,25.75,0.1254,0.0929
1780080240169,1,Pitching Mound.Parent,,Loading,pitch.0,772117,-3.4093,32.9894,118.0033,106.6743,-143.959,25.7142,0.125,0.0931
1780080240170,1,11.0000004b,Drive,Loading,pitch.0,773969,-3.4918,33.2485,117.5973,106.6809,-143.6488,25.7149,0.1252,0.093
1780080240170,1,12.00000015,Lower Delivery,Loading,pitch.0,773486,0.11,-0.115,0.229,0.0188,0.015,0.0124,0.0,0.0
1780080240170,1,12.00000018,Upper Delivery,Loading,pitch.0,774774,-0.017,-0.1337,0.075,-0.0884,-0.0304,-0.0012,0.0,0.0
1780080240170,1,Pitching Mound.Delivery,,Loading,pitch.0,772862,0.093,-0.2487,0.3039,-0.0172,-0.0154,-0.032,0.0,0.0
1780080240170,1,Pitching Mound.Drive,,Loading,pitch.0,773969,-3.4918,33.2485,117.5973,106.6809,-143.6488,25.7149,0.1252,0.093
1780080240170,1,Pitching Mound.Parent,,Loading,pitch.0,772118,-3.3988,32.9997,117.9012,106.6636,-143.6642,25.683,0.1249,0.0932
1780080240171,1,11.0000004b,Drive,Loading,pitch.0,773970,-3.466,33.2641,117.4767,106.5886,-143.2038,25.6451,0.1249,0.093
1780080240171,1,12.00000015,Lower Delivery,Loading,pitch.0,773487,0.1272,-0.1339,0.2204,0.0357,0.0154,0.0141,0.0,0.0
1780080240171,1,12.00000018,Upper Delivery,Loading,pitch.0,774775,-0.0123,-0.1273,0.0744,-0.0884,-0.0304,-0.0012,0.0,0.0
1780080240171,1,Pitching Mound.Delivery,,Loading,pitch.0,772863,0.1149,-0.2612,0.2947,-0.003,-0.0149,-0.0345,0.0,0.0
1780080240171,1,Pitching Mound.Drive,,Loading,pitch.0,773970,-3.466,33.2641,117.4767,106.5886,-143.2038,25.6451,0.1249,0.093
1780080240171,1,Pitching Mound.Parent,,Loading,pitch.0,772119,-3.3511,33.0029,117.7715,106.5856,-143.2187,25.6105,0.1246,0.0932
1780080240172,1,11.0000004b,Drive,Loading,pitch.0,773971,-3.4258,33.2763,117.3706,106.4927,-142.7903,25.5476,0.1247,0.093
1780080240172,1,12.00000015,Lower Delivery,Loading,pitch.0,773488,0.1428,-0.1138,0.2265,0.0493,0.0163,0.0168,0.0,0.0
1780080240172,1,12.00000018,Upper Delivery,Loading,pitch.0,774776,-0.0104,-0.1319,0.054,-0.0884,-0.0304,-0.0012,0.0,0.0
1780080240172,1,Pitching Mound.Delivery,,Loading,pitch.0,772864,0.1324,-0.2457,0.2805,0.0196,-0.014,-0.0365,0.0,0.0
1780080240172,1,Pitching Mound.Drive,,Loading,pitch.0,773971,-3.4258,33.2763,117.3706,106.4927,-142.7903,25.5476,0.1247,0.093
1780080240172,1,Pitching Mound.Parent,,Loading,pitch.0,772120,-3.2934,33.0305,117.6511,106.5123,-142.8043,25.5112,0.1244,0.0933
1780080240173,1,11.0000004b,Drive,Loading,pitch.0,773972,-3.3939,33.2818,117.2578,106.3331,-142.4215,25.4749,0.1245,0.0929
1780080240173,1,12.00000015,Lower Delivery,Loading,pitch.0,773489,0.1534,-0.1225,0.2825,0.0332,0.0136,0.0198,0.0,0.0
1780080240173,1,12.00000018,Upper Delivery,Loading,pitch.0,774777,-0.0112,-0.1256,0.0545,-0.0884,-0.0304,-0.0012,0.0,0.0
1780080240173,1,Pitching Mound.Delivery,,Loading,pitch.0,772865,0.1422,-0.2482,0.337,0.0224,-0.0168,-0.0373,0.0,0.0
1780080240173,1,Pitching Mound.Drive,,Loading,pitch.0,773972,-3.3939,33.2818,117.2578,106.3331,-142.4215,25.4749,0.1245,0.0929
1780080240173,1,Pitching Mound.Parent,,Loading,pitch.0,772121,-3.2517,33.0336,117.5948,106.3555,-142.4383,25.4376,0.1241,0.0933
1780080240174,1,11.0000004b,Drive,Loading,pitch.0,773973,-3.3555,33.3072,117.1491,106.1997,-141.9451,25.3568,0.1242,0.0929
1780080240174,1,12.00000015,Lower Delivery,Loading,pitch.0,773490,0.1295,-0.0709,0.2157,0.0367,0.0108,0.02,0.0,0.0
1780080240174,1,12.00000018,Upper Delivery,Loading,pitch.0,774778,-0.009,-0.1331,0.0759,-0.0884,-0.0304,-0.0012,0.0,0.0
1780080240174,1,Pitching Mound.Delivery,,Loading,pitch.0,772866,0.1204,-0.204,0.2916,-0.0041,-0.0196,-0.0283,0.0,0.0
1780080240174,1,Pitching Mound.Drive,,Loading,pitch.0,773973,-3.3555,33.3072,117.1491,106.1997,-141.9451,25.3568,0.1242,0.0929
1780080240174,1,Pitching Mound.Parent,,Loading,pitch.0,772122,-3.2351,33.1031,117.4407,106.1956,-141.9647,25.3285,0.1239,0.0931
1780080240175,1,11.0000004b,Drive,Loading,pitch.0,773974,-3.3079,33.3194,117.0721,106.1105,-141.5891,25.2904,0.124,0.0929
1780080240175,1,12.00000015,Lower Delivery,Loading,pitch.0,773491,0.1315,-0.0832,0.2298,0.0354,0.0135,0.0191,0.0,0.0
1780080240175,1,12.00000018,Upper Delivery,Loading,pitch.0,774779,-0.0097,-0.1323,0.0732,-0.0884,-0.0304,-0.0012,0.0,0.0
1780080240175,1,Pitching Mound.Delivery,,Loading,pitch.0,772867,0.1218,-0.2155,0.3029,0.0003,-0.0168,-0.0301,0.0,0.0
1780080240175,1,Pitching Mound.Drive,,Loading,pitch.0,773974,-3.3079,33.3194,117.0721,106.1105,-141.5891,25.2904,0.124,0.0929
1780080240175,1,Pitching Mound.Parent,,Loading,pitch.0,772123,-3.1861,33.1039,117.375,106.1109,-141.606,25.2603,0.1236,0.0931
1780080240176,1,11.0000004b,Drive,Loading,pitch.0,773975,-3.2619,33.3098,117.0009,105.873,-141.2063,25.2223,0.1237,0.0927
1780080240176,1,12.00000015,Lower Delivery,Loading,pitch.0,773492,0.1103,-0.0581,0.1618,0.0164,0.007,0.0176,0.0,0.0
1780080240176,1,12.00000018,Upper Delivery,Loading,pitch.0,774780,-0.0134,-0.1438,0.0724,-0.0884,-0.0304,-0.0012,0.0,0.0
1780080240176,1,Pitching Mound.Delivery,,Loading,pitch.0,772868,0.0969,-0.2019,0.2342,-0.0416,-0.0233,-0.0257,0.0,0.0
1780080240176,1,Pitching Mound.Drive,,Loading,pitch.0,773975,-3.2619,33.3098,117.0009,105.873,-141.2063,25.2223,0.1237,0.0927
1780080240176,1,Pitching Mound.Parent,,Loading,pitch.0,772124,-3.165,33.108,117.2351,105.8315,-141.2296,25.1966,0.1235,0.0928
1780080240177,1,11.0000004b,Drive,Loading,pitch.0,773976,-3.2124,33.3182,116.8662,105.7129,-140.7778,25.1288,0.1235,0.0927
1780080240177,1,12.00000015,Lower Delivery,Loading,pitch.0,773493,0.1366,-0.082,0.1937,0.006,0.0019,0.0131,0.0,0.0
1780080240177,1,12.00000018,Upper Delivery,Loading,pitch.0,774781,-0.0118,-0.1365,0.0652,-0.0884,-0.0304,-0.0012,0.0,0.0
1780080240177,1,Pitching Mound.Delivery,,Loading,pitch.0,772869,0.1249,-0.2186,0.2589,-0.0387,-0.0285,-0.0386,0.0,0.0
1780080240177,1,Pitching Mound.Drive,,Loading,pitch.0,773976,-3.2124,33.3182,116.8662,105.7129,-140.7778,25.1288,0.1235,0.0927
1780080240177,1,Pitching Mound.Parent,,Loading,pitch.0,772125,-3.0875,33.0997,117.1251,105.6742,-140.8063,25.0903,0.1232,0.0929
1780080240178,1,11.0000004b,Drive,Loading,pitch.0,773977,-3.1611,33.3128,116.81,105.6497,-140.4383,25.0498,0.1232,0.0927
1780080240178,1,12.00000015,Lower Delivery,Loading,pitch.0,773494,0.1321,-0.0932,0.1884,0.0108,-0.0032,0.0128,0.0,0.0
1780080240178,1,12.00000018,Upper Delivery,Loading,pitch.0,774782,-0.0102,-0.1308,0.0625,-0.0884,-0.0304,-0.0012,0.0,0.0
1780080240178,1,Pitching Mound.Delivery,,Loading,pitch.0,772870,0.1219,-0.2241,0.2508,-0.0347,-0.0336,-0.0367,0.0,0.0
1780080240178,1,Pitching Mound.Drive,,Loading,pitch.0,773977,-3.1611,33.3128,116.81,105.6497,-140.4383,25.0498,0.1232,0.0927
1780080240178,1,Pitching Mound.Parent,,Loading,pitch.0,772126,-3.0392,33.0887,117.0608,105.615,-140.4719,25.0131,0.123,0.0929
1780080240179,1,11.0000004b,Drive,Loading,pitch.0,773978,-3.1377,33.3181,116.6635,105.5195,-140.0108,24.9511,0.123,0.0927
1780080240179,1,12.00000015,Lower Delivery,Loading,pitch.0,773495,0.1316,-0.1,0.171,-0.0015,-0.0138,0.0104,0.0,0.0
1780080240179,1,12.00000018,Upper Delivery,Loading,pitch.0,774783,-0.0125,-0.1392,0.0715,-0.0884,-0.0304,-0.0012,0.0,0.0
1780080240179,1,Pitching Mound.Delivery,,Loading,pitch.0,772871,0.1191,-0.2392,0.2425,-0.056,-0.0442,-0.0398,0.0,0.0
1780080240179,1,Pitching Mound.Drive,,Loading,pitch.0,773978,-3.1377,33.3181,116.6635,105.5195,-140.0108,24.9511,0.123,0.0927
1780080240179,1,Pitching Mound.Parent,,Loading,pitch.0,772127,-3.0187,33.0788,116.906,105.4636,-140.055,24.9113,0.1228,0.0928
1780080240180,1,11.0000004b,Drive,Loading,pitch.0,773979,-3.0923,33.3168,116.5923,105.453,-139.7534,24.904,0.1229,0.0927
1780080240180,1,12.00000015,Lower Delivery,Loading,pitch.0,773496,0.1459,-0.1165,0.2023,-0.0036,-0.0096,0.007,0.0,0.0
1780080240180,1,12.00000018,Upper Delivery,Loading,pitch.0,774784,-0.0082,-0.1278,0.0696,-0.0884,-0.0304,-0.0012,0.0,0.0
1780080240180,1,Pitching Mound.Delivery,,Loading,pitch.0,772872,0.1378,-0.2443,0.2719,-0.0468,-0.0399,-0.0466,0.0,0.0
1780080240180,1,Pitching Mound.Drive,,Loading,pitch.0,773979,-3.0923,33.3168,116.5923,105.453,-139.7534,24.904,0.1229,0.0927
1780080240180,1,Pitching Mound.Parent,,Loading,pitch.0,772128,-2.9545,33.0725,116.8643,105.4062,-139.7933,24.8575,0.1226,0.0929
1780080240181,1,11.0000004b,Drive,Loading,pitch.0,773980,-3.0679,33.3294,116.4822,105.3327,-139.2853,24.8131,0.1226,0.0927
1780080240181,1,12.00000015,Lower Delivery,Loading,pitch.0,773497,0.1432,-0.1392,0.2163,-0.0007,-0.0112,0.0091,0.0,0.0
1780080240181,1,12.00000018,Upper Delivery,Loading,pitch.0,774785,0.0208,-0.1669,0.1402,-0.0884,-0.0304,-0.0012,0.0,0.0
1780080240181,1,Pitching Mound.Delivery,,Loading,pitch.0,772873,0.164,-0.3062,0.3566,-0.0632,-0.0415,-0.0338,0.0,0.0
1780080240181,1,Pitching Mound.Drive,,Loading,pitch.0,773980,-3.0679,33.3294,116.4822,105.3327,-139.2853,24.8131,0.1226,0.0927
1780080240181,1,Pitching Mound.Parent,,Loading,pitch.0,772129,-2.9039,33.0232,116.8388,105.2696,-139.3269,24.7793,0.1222,0.0926
1780080240182,1,11.0000004b,Drive,Loading,pitch.0,773981,-3.0257,33.3421,116.4503,105.3207,-139.0394,24.7777,0.1224,0.0927
1780080240182,1,12.00000015,Lower Delivery,Loading,pitch.0,773498,0.136,-0.1244,0.189,-0.0113,-0.0197,0.0067,0.0,0.0
1780080240182,1,12.00000018,Upper Delivery,Loading,pitch.0,774786,0.0607,-0.1951,0.2299,-0.0884,-0.0304,-0.0012,0.0,0.0
1780080240182,1,Pitching Mound.Delivery,,Loading,pitch.0,772874,0.1967,-0.3194,0.4189,-0.1136,-0.0501,-0.0201,0.0,0.0
1780080240182,1,Pitching Mound.Drive,,Loading,pitch.0,773981,-3.0257,33.3421,116.4503,105.3207,-139.0394,24.7777,0.1224,0.0927
1780080240182,1,Pitching Mound.Parent,,Loading,pitch.0,772130,-2.829,33.0226,116.8691,105.2071,-139.0895,24.7576,0.1219,0.0922
1780080240183,1,11.0000004b,Drive,Loading,pitch.0,773982,-3.0254,33.365,116.2802,105.2513,-138.816,24.7594,0.1224,0.0928
1780080240183,1,12.00000015,Lower Delivery,Loading,pitch.0,773499,0.1613,-0.1857,0.2305,-0.0254,-0.0282,0.0036,0.0,0.0
1780080240183,1,12.00000018,Upper Delivery,Loading,pitch.0,774787,0.071,-0.2129,0.2684,-0.0884,-0.0304,-0.0012,0.0,0.0
1780080240183,1,Pitching Mound.Delivery,,Loading,pitch.0,772875,0.2323,-0.3986,0.4989,-0.1266,-0.0586,-0.0283,0.0,0.0
1780080240183,1,Pitching Mound.Drive,,Loading,pitch.0,773982,-3.0254,33.365,116.2802,105.2513,-138.816,24.7594,0.1224,0.0928
1780080240183,1,Pitching Mound.Parent,,Loading,pitch.0,772131,-2.7932,32.9663,116.7791,105.1247,-138.8746,24.7311,0.1218,0.0923
1780080240184,1,11.0000004b,Drive,Loading,pitch.0,773983,-2.9997,33.4046,116.1883,105.3075,-138.5977,24.7263,0.1223,0.0929
1780080240184,1,12.00000015,Lower Delivery,Loading,pitch.0,773500,0.1625,-0.1755,0.2237,-0.008,-0.0286,0.0034,0.0,0.0
1780080240184,1,12.00000018,Upper Delivery,Loading,pitch.0,774788,0.0415,-0.1964,0.1949,-0.0884,-0.0304,-0.0012,0.0,0.0
1780080240184,1,Pitching Mound.Delivery,,Loading,pitch.0,772876,0.204,-0.3719,0.4186,-0.0866,-0.059,-0.0389,0.0,0.0
1780080240184,1,Pitching Mound.Drive,,Loading,pitch.0,773983,-2.9997,33.4046,116.1883,105.3075,-138.5977,24.7263,0.1223,0.0929
1780080240184,1,Pitching Mound.Parent,,Loading,pitch.0,772132,-2.7957,33.0327,116.6069,105.2209,-138.6567,24.6873,0.1218,0.0926
1780080240185,1,11.0000004b,Drive,Loading,pitch.0,773984,-2.9846,33.4311,116.0483,105.2924,-138.3848,24.6972,0.1222,0.093
1780080240185,1,12.00000015,Lower Delivery,Loading,pitch.0,773501,0.1417,-0.1987,0.2256,0.0008,-0.0265,0.0026,0.0,0.0
1780080240185,1,12.00000018,Upper Delivery,Loading,pitch.0,774789,0.0565,-0.1712,0.2477,-0.0884,-0.0304,-0.0012,0.0,0.0
1780080240185,1,Pitching Mound.Delivery,,Loading,pitch.0,772877,0.1982,-0.3699,0.4733,-0.0951,-0.0569,-0.0276,0.0,0.0
1780080240185,1,Pitching Mound.Drive,,Loading,pitch.0,773984,-2.9846,33.4311,116.0483,105.2924,-138.3848,24.6972,0.1222,0.093
1780080240185,1,Pitching Mound.Parent,,Loading,pitch.0,772133,-2.7864,33.0613,116.5216,105.1973,-138.4417,24.6697,0.1217,0.0926
1780080240186,1,11.0000004b,Drive,Loading,pitch.0,773985,-2.9635,33.4762,116.0485,105.3148,-138.2694,24.6868,0.1221,0.093
1780080240186,1,12.00000015,Lower Delivery,Loading,pitch.0,773502,0.1377,-0.224,0.24,0.0044,-0.0297,0.0034,0.0,0.0
1780080240186,1,12.00000018,Upper Delivery,Loading,pitch.0,774790,0.0364,-0.1463,0.2204,-0.0884,-0.0304,-0.0012,0.0,0.0
1780080240186,1,Pitching Mound.Delivery,,Loading,pitch.0,772878,0.1741,-0.3703,0.4604,-0.0773,-0.06,-0.0322,0.0,0.0
1780080240186,1,Pitching Mound.Drive,,Loading,pitch.0,773985,-2.9635,33.4762,116.0485,105.3148,-138.2694,24.6868,0.1221,0.093
1780080240186,1,Pitching Mound.Parent,,Loading,pitch.0,772134,-2.7894,33.1059,116.5088,105.2376,-138.3295,24.6545,0.1216,0.0927
1780080240187,1,11.0000004b,Drive,Loading,pitch.0,773986,-2.9359,33.5525,116.0304,105.4943,-138.1008,24.6611,0.122,0.0932
1780080240187,1,12.00000015,Lower Delivery,Loading,pitch.0,773503,0.1317,-0.229,0.2337,0.0017,-0.0334,0.0031,0.0,0.0
1780080240187,1,12.00000018,Upper Delivery,Loading,pitch.0,774791,0.0674,-0.1574,0.2982,-0.0884,-0.0304,-0.0012,0.0,0.0
1780080240187,1,Pitching Mound.Delivery,,Loading,pitch.0,772879,0.1991,-0.3864,0.5319,-0.1086,-0.0637,-0.02,0.0,0.0
1780080240187,1,Pitching Mound.Drive,,Loading,pitch.0,773986,-2.9359,33.5525,116.0304,105.4943,-138.1008,24.6611,0.122,0.0932
1780080240187,1,Pitching Mound.Parent,,Loading,pitch.0,772135,-2.7368,33.1661,116.5624,105.3858,-138.1646,24.6411,0.1214,0.0926
1780080240188,1,11.0000004b,Drive,Loading,pitch.0,773987,-2.9142,33.5986,116.0873,105.4307,-137.9613,24.6798,0.1218,0.0931
1780080240188,1,12.00000015,Lower Delivery,Loading,pitch.0,773504,0.1264,-0.2231,0.2126,0.0068,-0.03,0.0027,0.0,0.0
1780080240188,1,12.00000018,Upper Delivery,Loading,pitch.0,774792,0.028,-0.1362,0.2253,-0.0884,-0.0304,-0.0012,0.0,0.0
1780080240188,1,Pitching Mound.Delivery,,Loading,pitch.0,772880,0.1544,-0.3593,0.4379,-0.0859,-0.0604,-0.032,0.0,0.0
1780080240188,1,Pitching Mound.Drive,,Loading,pitch.0,773987,-2.9142,33.5986,116.0873,105.4307,-137.9613,24.6798,0.1218,0.0931
1780080240188,1,Pitching Mound.Parent,,Loading,pitch.0,772136,-2.7599,33.2393,116.5253,105.3448,-138.0217,24.6479,0.1213,0.0927
1780080240189,1,11.0000004b,Drive,Loading,pitch.0,773988,-2.8804,33.6766,116.1147,105.4658,-137.9038,24.6919,0.1217,0.0931
1780080240189,1,12.00000015,Lower Delivery,Loading,pitch.0,773505,0.1392,-0.2122,0.2164,0.0177,-0.0331,0.0022,0.0,0.0
1780080240189,1,12.00000018,Upper Delivery,Loading,pitch.0,774793,0.0149,-0.1357,0.2063,-0.0884,-0.0304,-0.0012,0.0,0.0
1780080240189,1,Pitching Mound.Delivery,,Loading,pitch.0,772881,0.1541,-0.3479,0.4226,-0.0673,-0.0635,-0.0413,0.0,0.0
1780080240189,1,Pitching Mound.Drive,,Loading,pitch.0,773988,-2.8804,33.6766,116.1147,105.4658,-137.9038,24.6919,0.1217,0.0931
1780080240189,1,Pitching Mound.Parent,,Loading,pitch.0,772137,-2.7262,33.3287,116.5374,105.3985,-137.9673,24.6506,0.1213,0.0928
1780080240190,1,11.0000004b,Drive,Loading,pitch.0,773989,-2.8728,33.7492,116.19,105.5436,-137.9755,24.7333,0.1217,0.0931
1780080240190,1,12.00000015,Lower Delivery,Loading,pitch.0,773506,0.1568,-0.1913,0.2223,0.0192,-0.0364,0.0013,0.0,0.0
1780080240190,1,12.00000018,Upper Delivery,Loading,pitch.0,774794,-0.008,-0.1296,0.1541,-0.0884,-0.0304,-0.0012,0.0,0.0
1780080240190,1,Pitching Mound.Delivery,,Loading,pitch.0,772882,0.1489,-0.321,0.3764,-0.046,-0.0668,-0.056,0.0,0.0
1780080240190,1,Pitching Mound.Drive,,Loading,pitch.0,773989,-2.8728,33.7492,116.19,105.5436,-137.9755,24.7333,0.1217,0.0931
1780080240190,1,Pitching Mound.Parent,,Loading,pitch.0,772138,-2.724,33.4282,116.5663,105.4977,-138.0422,24.6774,0.1213,0.093
1780080240191,1,11.0000004b,Drive,Loading,pitch.0,773990,-2.8533,33.8085,116.2552,105.562,-137.9721,24.7962,0.1216,0.0931
1780080240191,1,12.00000015,Lower Delivery,Loading,pitch.0,773507,0.16,-0.2076,0.3014,0.0121,-0.0434,0.0011,0.0,0.0
1780080240191,1,12.00000018,Upper Delivery,Loading,pitch.0,774795,-0.0108,-0.1368,0.0737,-0.0884,-0.0304,-0.0012,0.0,0.0
1780080240191,1,Pitching Mound.Delivery,,Loading,pitch.0,772883,0.1492,-0.3444,0.3751,0.0011,-0.0738,-0.0582,0.0,0.0
1780080240191,1,Pitching Mound.Drive,,Loading,pitch.0,773990,-2.8533,33.8085,116.2552,105.562,-137.9721,24.7962,0.1216,0.0931
1780080240191,1,Pitching Mound.Parent,,Loading,pitch.0,772139,-2.704,33.4641,116.6304,105.5631,-138.0459,24.7379,0.1213,0.0934
1780080240192,1,11.0000004b,Drive,Loading,pitch.0,773991,-2.8301,33.8777,116.3609,105.7039,-138.1409,24.8757,0.1217,0.0931
1780080240192,1,12.00000015,Lower Delivery,Loading,pitch.0,773508,0.1368,-0.1748,0.2029,-0.0031,-0.0412,0.0024,0.0,0.0
1780080240192,1,12.00000018,Upper Delivery,Loading,pitch.0,774796,-0.0146,-0.1356,0.098,-0.0884,-0.0304,-0.0012,0.0,0.0
1780080240192,1,Pitching Mound.Delivery,,Loading,pitch.0,772884,0.1223,-0.3104,0.3009,-0.0558,-0.0715,-0.0502,0.0,0.0
1780080240192,1,Pitching Mound.Drive,,Loading,pitch.0,773991,-2.8301,33.8777,116.3609,105.7039,-138.1409,24.8757,0.1217,0.0931
1780080240192,1,Pitching Mound.Parent,,Loading,pitch.0,772140,-2.7078,33.5673,116.6618,105.6481,-138.2124,24.8254,0.1214,0.0932
1780080240193,1,11.0000004b,Drive,Loading,pitch.0,773992,-2.8186,33.9644,116.4909,105.786,-138.2722,24.9506,0.1217,0.0931
1780080240193,1,12.00000015,Lower Delivery,Loading,pitch.0,773509,0.1275,-0.1527,0.1877,-0.0072,-0.042,0.0001,0.0,0.0
1780080240193,1,12.00000018,Upper Delivery,Loading,pitch.0,774797,-0.0161,-0.1381,0.1146,-0.0884,-0.0304,-0.0012,0.0,0.0
1780080240193,1,Pitching Mound.Delivery,,Loading,pitch.0,772885,0.1114,-0.2908,0.3023,-0.0707,-0.0724,-0.0499,0.0,0.0
1780080240193,1,Pitching Mound.Drive,,Loading,pitch.0,773992,-2.8186,33.9644,116.4909,105.786,-138.2722,24.9506,0.1217,0.0931
1780080240193,1,Pitching Mound.Parent,,Loading,pitch.0,772141,-2.7072,33.6736,116.7932,105.7153,-138.3446,24.9006,0.1213,0.093
1780080240194,1,11.0000004b,Drive,Loading,pitch.0,773993,-2.809,34.0358,116.6453,105.8872,-138.3681,25.0551,0.1216,0.093
1780080240194,1,12.00000015,Lower Delivery,Loading,pitch.0,773510,0.0935,-0.1116,0.162,-0.0129,-0.0287,0.0011,0.0,0.0
1780080240194,1,12.00000018,Upper Delivery,Loading,pitch.0,774798,-0.0151,-0.1322,0.0813,-0.0884,-0.0304,-0.0012,0.0,0.0
1780080240194,1,Pitching Mound.Delivery,,Loading,pitch.0,772886,0.0784,-0.2438,0.2433,-0.0738,-0.059,-0.037,0.0,0.0
1780080240194,1,Pitching Mound.Drive,,Loading,pitch.0,773993,-2.809,34.0358,116.6453,105.8872,-138.3681,25.0551,0.1216,0.093
1780080240194,1,Pitching Mound.Parent,,Loading,pitch.0,772142,-2.7306,33.792,116.8886,105.8134,-138.4271,25.0181,0.1213,0.0931
1780080240195,1,11.0000004b,Drive,Loading,pitch.0,773994,-2.8207,34.1088,116.8182,105.8997,-138.4769,25.157,0.1215,0.0929
1780080240195,1,12.00000015,Lower Delivery,Loading,pitch.0,773511,0.0499,-0.081,0.1094,-0.029,-0.0259,-0.0007,0.0,0.0
1780080240195,1,12.00000018,Upper Delivery,Loading,pitch.0,774799,-0.0154,-0.1456,0.0933,-0.0884,-0.0304,-0.0012,0.0,0.0
1780080240195,1,Pitching Mound.Delivery,,Loading,pitch.0,772887,0.0345,-0.2266,0.2027,-0.1119,-0.0563,-0.0241,0.0,0.0
1780080240195,1,Pitching Mound.Drive,,Loading,pitch.0,773994,-2.8207,34.1088,116.8182,105.8997,-138.4769,25.157,0.1215,0.0929
1780080240195,1,Pitching Mound.Parent,,Loading,pitch.0,772143,-2.7861,33.8822,117.0209,105.7878,-138.5332,25.1329,0.1213,0.0928
1780080240196,1,11.0000004b,Drive,Loading,pitch.0,773995,-2.8512,34.1938,116.9476,106.0378,-138.749,25.3289,0.1216,0.0929
1780080240196,1,12.00000015,Lower Delivery,Loading,pitch.0,773512,-0.0068,-0.1081,0.0732,-0.0382,-0.021,0.005,0.0,0.0
1780080240196,1,12.00000018,Upper Delivery,Loading,pitch.0,774800,-0.0168,-0.1426,0.0962,-0.0884,-0.0304,-0.0012,0.0,0.0
1780080240196,1,Pitching Mound.Delivery,,Loading,pitch.0,772888,-0.0235,-0.2507,0.1694,-0.1344,-0.0514,0.0004,0.0,0.0
1780080240196,1,Pitching Mound.Drive,,Loading,pitch.0,773995,-2.8512,34.1938,116.9476,106.0378,-138.749,25.3289,0.1216,0.0929
1780080240196,1,Pitching Mound.Parent,,Loading,pitch.0,772144,-2.8748,33.9431,117.1169,105.9035,-138.8004,25.3293,0.1214,0.0927
1780080240197,1,11.0000004b,Drive,Loading,pitch.0,773996,-2.8844,34.2675,117.109,106.0763,-139.0533,25.4856,0.1217,0.0928
1780080240197,1,12.00000015,Lower Delivery,Loading,pitch.0,773513,0.0083,-0.0574,0.0403,-0.0432,-0.0232,0.0068,0.0,0.0
1780080240197,1,12.00000015,Lower Delivery,Loading,pitch.0,773514,0.0105,-0.0504,0.0373,-0.0424,-0.0256,0.0078,0.0,0.0
1780080240197,1,12.00000018,Upper Delivery,Loading,pitch.0,774801,-0.0096,-0.172,0.0995,-0.0884,-0.0304,-0.0012,0.0,0.0
1780080240197,1,Pitching Mound.Delivery,,Loading,pitch.0,772889,-0.0012,-0.2294,0.1399,-0.1517,-0.0536,-0.0005,0.0,0.0
1780080240197,1,Pitching Mound.Drive,,Loading,pitch.0,773996,-2.8844,34.2675,117.109,106.0763,-139.0533,25.4856,0.1217,0.0928
1780080240197,1,Pitching Mound.Parent,,Loading,pitch.0,772145,-2.8856,34.0381,117.2488,105.9246,-139.107,25.4851,0.1216,0.0926
1780080240198,1,11.0000004b,Drive,Loading,pitch.0,773997,-2.9538,34.3246,117.3054,106.1788,-139.4387,25.6851,0.1218,0.0928
1780080240198,1,12.00000015,Lower Delivery,Loading,pitch.0,773515,0.0141,-0.0498,0.039,-0.0391,-0.0284,0.0095,0.0,0.0
1780080240198,1,12.00000018,Upper Delivery,Loading,pitch.0,774802,-0.0017,-0.1827,0.1164,-0.0884,-0.0304,-0.0012,0.0,0.0
1780080240198,1,Pitching Mound.Delivery,,Loading,pitch.0,772890,0.0088,-0.233,0.1537,-0.1576,-0.056,0.0025,0.0,0.0
1780080240198,1,Pitching Mound.Drive,,Loading,pitch.0,773997,-2.9538,34.3246,117.3054,106.1788,-139.4387,25.6851,0.1218,0.0928
1780080240198,1,Pitching Mound.Parent,,Loading,pitch.0,772146,-2.9449,34.0916,117.4591,106.0212,-139.4947,25.6876,0.1217,0.0924
1780080240199,1,11.0000004b,Drive,Loading,pitch.0,773998,-3.0337,34.4004,117.4572,106.2972,-139.6776,25.859,0.1219,0.0928
1780080240199,1,12.00000018,Upper Delivery,Loading,pitch.0,774803,-0.0077,-0.1485,0.087,-0.0884,-0.0304,-0.0012,0.0,0.0
1780080240199,1,Pitching Mound.Delivery,,Loading,pitch.0,772891,0.0064,-0.1983,0.126,-0.1438,-0.0587,0.0009,0.0,0.0
1780080240199,1,Pitching Mound.Drive,,Loading,pitch.0,773998,-3.0337,34.4004,117.4572,106.2972,-139.6776,25.859,0.1219,0.0928
1780080240199,1,Pitching Mound.Parent,,Loading,pitch.0,772147,-3.0272,34.2021,117.5832,106.1534,-139.7363,25.8599,0.1218,0.0925
1780080240200,1,11.0000004b,Drive,Loading,pitch.0,773999,-3.1195,34.4809,117.702,106.4247,-140.0486,26.0645,0.122,0.0927
1780080240200,1,12.00000015,Lower Delivery,Loading,pitch.0,773517,0.1288,-0.0844,0.1996,-0.011,-0.0291,0.0117,0.0,0.0
1780080240200,1,12.00000015,Lower Delivery,Loading,pitch.0,773516,0.0446,-0.061,0.0675,-0.0215,-0.02,0.0097,0.0,0.0
1780080240200,1,12.00000018,Upper Delivery,Loading,pitch.0,774804,0.0085,-0.1775,0.1163,-0.0884,-0.0304,-0.0012,0.0,0.0
1780080240200,1,Pitching Mound.Delivery,,Loading,pitch.0,772892,0.053,-0.2385,0.1839,-0.1265,-0.0504,-0.0038,0.0,0.0
1780080240200,1,Pitching Mound.Drive,,Loading,pitch.0,773999,-3.1195,34.4809,117.702,106.4247,-140.0486,26.0645,0.122,0.0927
1780080240200,1,Pitching Mound.Parent,,Loading,pitch.0,772148,-3.0664,34.2424,117.8859,106.2982,-140.0989,26.0607,0.1218,0.0924
1780080240201,1,11.0000004b,Drive,Loading,pitch.0,774001,-3.3681,34.6191,117.9983,106.5047,-140.5649,26.4565,0.1221,0.0925
1780080240201,1,11.0000004b,Drive,Loading,pitch.0,774000,-3.2332,34.5517,117.8715,106.5107,-140.3886,26.2514,0.1221,0.0926
1780080240201,1,12.00000015,Lower Delivery,Loading,pitch.0,773518,0.1444,-0.114,0.2321,0.002,-0.018,0.0085,0.0,0.0
1780080240201,1,12.00000018,Upper Delivery,Loading,pitch.0,774805,0.0277,-0.1967,0.1508,-0.0884,-0.0304,-0.0012,0.0,0.0
1780080240201,1,Pitching Mound.Delivery,,Loading,pitch.0,772893,0.1565,-0.2811,0.3504,-0.0828,-0.0594,-0.0238,0.0,0.0
1780080240201,1,Pitching Mound.Drive,,Loading,pitch.0,774001,-3.3681,34.6191,117.9983,106.5047,-140.5649,26.4565,0.1221,0.0925
1780080240201,1,Pitching Mound.Drive,,Loading,pitch.0,774000,-3.2332,34.5517,117.8715,106.5107,-140.3886,26.2514,0.1221,0.0926
1780080240201,1,Pitching Mound.Parent,,Loading,pitch.0,772149,-3.0766,34.2706,118.2219,106.4279,-140.4481,26.2276,0.1217,0.0925
1780080240202,1,12.00000018,Upper Delivery,Loading,pitch.0,774806,0.022,-0.1791,0.1372,-0.0884,-0.0304,-0.0012,0.0,0.0
1780080240202,1,Pitching Mound.Delivery,,Loading,pitch.0,772894,0.1664,-0.2931,0.3693,-0.0541,-0.0484,-0.0343,0.0,0.0
1780080240202,1,Pitching Mound.Parent,,Loading,pitch.0,772150,-3.2017,34.326,118.3676,106.4506,-140.6133,26.4221,0.1217,0.0925
1780080240203,1,11.0000004b,Drive,Loading,pitch.0,774002,-3.5335,34.7229,118.452,107.2133,-141.1904,26.7546,0.1222,0.0928
1780080240203,1,11.0000004b,Drive,Loading,pitch.0,774003,-3.66,34.7633,118.4486,106.9611,-141.2699,26.9538,0.1222,0.0926
1780080240203,1,12.00000015,Lower Delivery,Loading,pitch.0,773519,0.1598,-0.1288,0.2342,0.0114,-0.0178,0.0061,0.0,0.0
1780080240203,1,12.00000018,Upper Delivery,Loading,pitch.0,774807,0.0117,-0.1639,0.1091,-0.0884,-0.0304,-0.0012,0.0,0.0
1780080240203,1,Pitching Mound.Delivery,,Loading,pitch.0,772895,0.1715,-0.2927,0.3433,-0.0344,-0.0482,-0.0455,0.0,0.0
1780080240203,1,Pitching Mound.Drive,,Loading,pitch.0,774002,-3.5335,34.7229,118.452,107.2133,-141.1904,26.7546,0.1222,0.0928
1780080240203,1,Pitching Mound.Drive,,Loading,pitch.0,774003,-3.66,34.7633,118.4486,106.9611,-141.2699,26.9538,0.1222,0.0926
1780080240203,1,Pitching Mound.Parent,,Loading,pitch.0,772151,-3.3621,34.4302,118.7953,107.1789,-141.2386,26.7091,0.1218,0.0929
1780080240204,1,12.00000015,Lower Delivery,Loading,pitch.0,773520,0.1885,-0.1265,0.2376,0.0019,-0.0339,0.0028,0.0,0.0
1780080240204,1,12.00000018,Upper Delivery,Loading,pitch.0,774808,-0.0103,-0.1317,0.064,-0.0884,-0.0304,-0.0012,0.0,0.0
1780080240204,1,Pitching Mound.Delivery,,Loading,pitch.0,772896,0.1781,-0.2582,0.3016,-0.0274,-0.0643,-0.066,0.0,0.0
1780080240204,1,Pitching Mound.Parent,,Loading,pitch.0,772152,-3.4819,34.5051,118.7502,106.9337,-141.3341,26.8878,0.1219,0.0928
1780080240205,1,11.0000004b,Drive,Loading,pitch.0,774004,-3.8141,34.836,118.8576,107.3387,-141.8712,27.2424,0.1223,0.0926
1780080240205,1,12.00000015,Lower Delivery,Loading,pitch.0,773521,0.1934,-0.1562,0.2615,0.0137,-0.0311,0.0,0.0,0.0
1780080240205,1,12.00000018,Upper Delivery,Loading,pitch.0,774809,-0.0095,-0.1318,0.0658,-0.0884,-0.0304,-0.0012,0.0,0.0
1780080240205,1,Pitching Mound.Delivery,,Loading,pitch.0,772897,0.1838,-0.2881,0.3272,-0.0081,-0.0615,-0.0702,0.0,0.0
1780080240205,1,Pitching Mound.Drive,,Loading,pitch.0,774004,-3.8141,34.836,118.8576,107.3387,-141.8712,27.2424,0.1223,0.0926
1780080240205,1,Pitching Mound.Parent,,Loading,pitch.0,772153,-3.6302,34.548,119.1849,107.3306,-141.9327,27.1722,0.122,0.0929
1780080240206,1,11.0000004b,Drive,Loading,pitch.0,774005,-3.9687,34.9186,119.1286,107.7028,-142.4009,27.4614,0.1225,0.0927
1780080240206,1,12.00000015,Lower Delivery,Loading,pitch.0,773522,0.2031,-0.1698,0.2596,0.01,-0.0374,0.0008,0.0,0.0
1780080240206,1,12.00000018,Upper Delivery,Loading,pitch.0,774810,-0.0105,-0.121,0.0611,-0.0884,-0.0304,-0.0012,0.0,0.0
1780080240206,1,Pitching Mound.Delivery,,Loading,pitch.0,772898,0.1926,-0.2908,0.3207,-0.0108,-0.0677,-0.073,0.0,0.0
1780080240206,1,Pitching Mound.Drive,,Loading,pitch.0,774005,-3.9687,34.9186,119.1286,107.7028,-142.4009,27.4614,0.1225,0.0927
1780080240206,1,Pitching Mound.Parent,,Loading,pitch.0,772154,-3.7761,34.6278,119.4493,107.692,-142.4686,27.3884,0.1222,0.093
1780080240207,1,11.0000004b,Drive,Loading,pitch.0,774007,-4.2623,35.0623,119.4396,108.0536,-142.9261,27.9315,0.1226,0.0927
1780080240207,1,11.0000004b,Drive,Loading,pitch.0,774006,-4.1176,35.0024,119.3841,108.0023,-142.7044,27.6916,0.1225,0.0927
1780080240207,1,12.00000015,Lower Delivery,Loading,pitch.0,773523,0.1942,-0.1474,0.2383,0.0192,-0.0356,0.0018,0.0,0.0
1780080240207,1,12.00000018,Upper Delivery,Loading,pitch.0,774811,-0.0106,-0.1196,0.0605,-0.0884,-0.0304,-0.0012,0.0,0.0
1780080240207,1,Pitching Mound.Delivery,,Loading,pitch.0,772899,0.1835,-0.267,0.2988,-0.0087,-0.0659,-0.0691,0.0,0.0
1780080240207,1,Pitching Mound.Drive,,Loading,pitch.0,774007,-4.2623,35.0623,119.4396,108.0536,-142.9261,27.9315,0.1226,0.0927
1780080240207,1,Pitching Mound.Drive,,Loading,pitch.0,774006,-4.1176,35.0024,119.3841,108.0023,-142.7044,27.6916,0.1225,0.0927
1780080240207,1,Pitching Mound.Parent,,Loading,pitch.0,772155,-3.9341,34.7353,119.6829,107.9936,-142.7703,27.6225,0.1222,0.093
1780080240208,1,11.0000004b,Drive,Loading,pitch.0,774008,-4.388,35.1487,119.5437,108.1735,-143.2868,28.1311,0.1229,0.0927
1780080240208,1,12.00000015,Lower Delivery,Loading,pitch.0,773524,0.2095,-0.1579,0.2742,0.03,-0.028,0.0029,0.0,0.0
1780080240208,1,12.00000018,Upper Delivery,Loading,pitch.0,774812,-0.0106,-0.1149,0.0591,-0.0884,-0.0304,-0.0012,0.0,0.0
1780080240208,1,Pitching Mound.Delivery,,Loading,pitch.0,772900,0.1989,-0.2728,0.3334,0.0148,-0.0583,-0.0731,0.0,0.0
1780080240208,1,Pitching Mound.Drive,,Loading,pitch.0,774008,-4.388,35.1487,119.5437,108.1735,-143.2868,28.1311,0.1229,0.0927
1780080240208,1,Pitching Mound.Parent,,Loading,pitch.0,772156,-4.0634,34.7894,119.773,108.0684,-142.9844,27.8584,0.1223,0.0931
1780080240209,1,12.00000015,Lower Delivery,Loading,pitch.0,773525,0.2186,-0.1539,0.2801,0.03,-0.0257,0.0023,0.0,0.0
1780080240209,1,12.00000018,Upper Delivery,Loading,pitch.0,774813,-0.0092,-0.1103,0.0556,-0.0884,-0.0304,-0.0012,0.0,0.0
1780080240209,1,Pitching Mound.Delivery,,Loading,pitch.0,772901,0.2094,-0.2642,0.3357,0.018,-0.0561,-0.0764,0.0,0.0
1780080240209,1,Pitching Mound.Parent,,Loading,pitch.0,772157,-4.1786,34.8845,119.8795,108.1915,-143.3429,28.0547,0.1225,0.0931
1780080240210,1,11.0000004b,Drive,Loading,pitch.0,774009,-4.5224,35.2197,119.6189,108.2181,-143.6243,28.3901,0.1231,0.0927
1780080240210,1,12.00000015,Lower Delivery,Loading,pitch.0,773526,0.2283,-0.1564,0.2912,0.0329,-0.0239,0.004,0.0,0.0
1780080240210,1,12.00000018,Upper Delivery,Loading,pitch.0,774814,-0.0114,-0.118,0.061,-0.0884,-0.0304,-0.0012,0.0,0.0
1780080240210,1,Pitching Mound.Delivery,,Loading,pitch.0,772902,0.2169,-0.2744,0.3522,0.0228,-0.0542,-0.0787,0.0,0.0
1780080240210,1,Pitching Mound.Drive,,Loading,pitch.0,774009,-4.5224,35.2197,119.6189,108.2181,-143.6243,28.3901,0.1231,0.0927
1780080240210,1,Pitching Mound.Parent,,Loading,pitch.0,772158,-4.3055,34.9453,119.9711,108.2409,-143.6785,28.3114,0.1227,0.0931
1780080240211,1,11.0000004b,Drive,Loading,pitch.0,774010,-4.6556,35.3107,119.726,108.3134,-143.9628,28.6295,0.1232,0.0927
1780080240211,1,11.0000004b,Drive,Loading,pitch.0,774011,-4.7681,35.3853,119.9315,108.3979,-144.3138,28.9106,0.1233,0.0926
1780080240211,1,12.00000015,Lower Delivery,Loading,pitch.0,773527,0.2017,-0.1249,0.2291,0.0242,-0.0307,0.0052,0.0,0.0
1780080240211,1,12.00000018,Upper Delivery,Loading,pitch.0,774815,-0.0112,-0.1216,0.0624,-0.0884,-0.0304,-0.0012,0.0,0.0
1780080240211,1,Pitching Mound.Delivery,,Loading,pitch.0,772903,0.1905,-0.2466,0.2915,-0.0075,-0.061,-0.0684,0.0,0.0
1780080240211,1,Pitching Mound.Drive,,Loading,pitch.0,774010,-4.6556,35.3107,119.726,108.3134,-143.9628,28.6295,0.1232,0.0927
1780080240211,1,Pitching Mound.Drive,,Loading,pitch.0,774011,-4.7681,35.3853,119.9315,108.3979,-144.3138,28.9106,0.1233,0.0926
1780080240211,1,Pitching Mound.Parent,,Loading,pitch.0,772159,-4.4651,35.0642,120.0175,108.306,-144.0239,28.5611,0.1229,0.093
1780080240212,1,11.0000004b,Drive,Loading,pitch.0,774012,-4.8587,35.4885,120.1563,108.5545,-144.7258,29.1644,0.1235,0.0926
1780080240212,1,12.00000015,Lower Delivery,Loading,pitch.0,773528,0.1889,-0.1149,0.2244,0.0236,-0.0232,0.0073,0.0,0.0
1780080240212,1,12.00000018,Upper Delivery,Loading,pitch.0,774816,-0.0098,-0.118,0.0589,-0.0884,-0.0304,-0.0012,0.0,0.0
1780080240212,1,Pitching Mound.Delivery,,Loading,pitch.0,772904,0.1791,-0.2329,0.2833,-0.0085,-0.0536,-0.0614,0.0,0.0
1780080240212,1,Pitching Mound.Drive,,Loading,pitch.0,774012,-4.8587,35.4885,120.1563,108.5545,-144.7258,29.1644,0.1235,0.0926
1780080240212,1,Pitching Mound.Parent,,Loading,pitch.0,772160,-4.589,35.1525,120.2149,108.3895,-144.3674,28.8492,0.123,0.0929
1780080240213,1,12.00000015,Lower Delivery,Loading,pitch.0,773529,0.1801,-0.1139,0.2123,0.0167,-0.0268,0.0081,0.0,0.0
1780080240213,1,12.00000018,Upper Delivery,Loading,pitch.0,774817,-0.009,-0.1223,0.06,-0.0884,-0.0304,-0.0012,0.0,0.0
1780080240213,1,Pitching Mound.Delivery,,Loading,pitch.0,772905,0.1711,-0.2362,0.2723,-0.0199,-0.0571,-0.0574,0.0,0.0
1780080240213,1,Pitching Mound.Parent,,Loading,pitch.0,772161,-4.6877,35.2522,120.4287,108.5346,-144.7829,29.1069,0.1232,0.0928
1780080240214,1,11.0000004b,Drive,Loading,pitch.0,774014,-5.0601,35.6825,120.5063,108.6577,-145.3652,29.6843,0.1236,0.0924
1780080240214,1,11.0000004b,Drive,Loading,pitch.0,774013,-4.9676,35.5878,120.3306,108.5288,-145.1677,29.4091,0.1237,0.0924
1780080240214,1,12.00000015,Lower Delivery,Loading,pitch.0,773530,0.1864,-0.1043,0.2238,0.0102,-0.0201,0.012,0.0,0.0
1780080240214,1,12.00000018,Upper Delivery,Loading,pitch.0,774818,-0.0099,-0.1265,0.062,-0.0884,-0.0304,-0.0012,0.0,0.0
1780080240214,1,Pitching Mound.Delivery,,Loading,pitch.0,772906,0.1765,-0.2307,0.2858,-0.0232,-0.0505,-0.056,0.0,0.0
1780080240214,1,Pitching Mound.Drive,,Loading,pitch.0,774014,-5.0601,35.6825,120.5063,108.6577,-145.3652,29.6843,0.1236,0.0924
1780080240214,1,Pitching Mound.Drive,,Loading,pitch.0,774013,-4.9676,35.5878,120.3306,108.5288,-145.1677,29.4091,0.1237,0.0924
1780080240214,1,Pitching Mound.Parent,,Loading,pitch.0,772162,-4.7911,35.3571,120.6163,108.5057,-145.2182,29.3531,0.1234,0.0927
1780080240215,1,11.0000004b,Drive,Loading,pitch.0,774015,-5.1542,35.7847,120.6857,108.7189,-145.7282,29.9491,0.1238,0.0923
1780080240215,1,12.00000015,Lower Delivery,Loading,pitch.0,773531,0.1917,-0.1213,0.2383,0.0075,-0.0172,0.0103,0.0,0.0
1780080240215,1,12.00000015,Lower Delivery,Loading,pitch.0,773532,0.1568,-0.1096,0.1839,0.0092,-0.0236,0.0129,0.0,0.0
1780080240215,1,12.00000018,Upper Delivery,Loading,pitch.0,774819,-0.0078,-0.126,0.0615,-0.0884,-0.0304,-0.0012,0.0,0.0
1780080240215,1,Pitching Mound.Delivery,,Loading,pitch.0,772907,0.1839,-0.2473,0.2998,-0.0208,-0.0476,-0.0588,0.0,0.0
1780080240215,1,Pitching Mound.Drive,,Loading,pitch.0,774015,-5.1542,35.7847,120.6857,108.7189,-145.7282,29.9491,0.1238,0.0923
1780080240215,1,Pitching Mound.Parent,,Loading,pitch.0,772163,-4.8762,35.4353,120.8061,108.6369,-145.4127,29.6255,0.1233,0.0927
1780080240216,1,11.0000004b,Drive,Loading,pitch.0,774016,-5.2541,35.8826,120.8055,108.7906,-146.008,30.1868,0.1239,0.0923
1780080240216,1,12.00000015,Lower Delivery,Loading,pitch.0,773533,0.1539,-0.1213,0.1801,0.0004,-0.0215,0.0128,0.0,0.0
1780080240216,1,12.00000018,Upper Delivery,Loading,pitch.0,774820,-0.0093,-0.1348,0.0655,-0.0884,-0.0304,-0.0012,0.0,0.0
1780080240216,1,Pitching Mound.Delivery,,Loading,pitch.0,772908,0.1475,-0.2444,0.2494,-0.0389,-0.054,-0.0447,0.0,0.0
1780080240216,1,Pitching Mound.Drive,,Loading,pitch.0,774016,-5.2541,35.8826,120.8055,108.7906,-146.008,30.1868,0.1239,0.0923
1780080240216,1,Pitching Mound.Parent,,Loading,pitch.0,772164,-5.0067,35.5403,120.9351,108.6801,-145.7822,29.9044,0.1235,0.0925
1780080240217,1,11.0000004b,Drive,Loading,pitch.0,774017,-5.3412,35.9697,121.0327,108.8066,-146.4036,30.4704,0.124,0.0921
1780080240217,1,12.00000018,Upper Delivery,Loading,pitch.0,774821,-0.0086,-0.1418,0.0699,-0.0884,-0.0304,-0.0012,0.0,0.0
1780080240217,1,Pitching Mound.Delivery,,Loading,pitch.0,772909,0.1454,-0.2631,0.25,-0.0505,-0.0519,-0.0437,0.0,0.0
1780080240217,1,Pitching Mound.Drive,,Loading,pitch.0,774017,-5.3412,35.9697,121.0327,108.8066,-146.4036,30.4704,0.124,0.0921
1780080240217,1,Pitching Mound.Parent,,Loading,pitch.0,772165,-5.1088,35.6195,121.0556,108.7401,-146.0599,30.1431,0.1236,0.0924
1780080240218,1,11.0000004b,Drive,Loading,pitch.0,774018,-5.4442,36.0731,121.2313,108.9391,-146.7596,30.7002,0.1241,0.0921
1780080240218,1,12.00000015,Lower Delivery,Loading,pitch.0,773534,0.1652,-0.1214,0.2048,-0.0129,-0.0218,0.0133,0.0,0.0
1780080240218,1,12.00000015,Lower Delivery,Loading,pitch.0,773535,0.1681,-0.147,0.2391,-0.0156,-0.0199,0.0112,0.0,0.0
1780080240218,1,12.00000018,Upper Delivery,Loading,pitch.0,774822,-0.0104,-0.1528,0.0807,-0.0884,-0.0304,-0.0012,0.0,0.0
1780080240218,1,Pitching Mound.Delivery,,Loading,pitch.0,772910,0.1549,-0.2742,0.2855,-0.059,-0.0521,-0.0476,0.0,0.0
1780080240218,1,Pitching Mound.Drive,,Loading,pitch.0,774018,-5.4442,36.0731,121.2313,108.9391,-146.7596,30.7002,0.1241,0.0921
1780080240218,1,Pitching Mound.Parent,,Loading,pitch.0,772166,-5.1863,35.6954,121.3182,108.7476,-146.4557,30.4229,0.1237,0.0923
1780080240219,1,11.0000004b,Drive,Loading,pitch.0,774019,-5.5544,36.1819,121.4284,109.028,-147.1141,30.928,0.1242,0.092
1780080240219,1,12.00000015,Lower Delivery,Loading,pitch.0,773536,0.1514,-0.1265,0.2304,-0.02,-0.0098,0.0112,0.0,0.0
1780080240219,1,12.00000018,Upper Delivery,Loading,pitch.0,774823,-0.0111,-0.1634,0.1031,-0.0884,-0.0304,-0.0012,0.0,0.0
1780080240219,1,Pitching Mound.Delivery,,Loading,pitch.0,772911,0.157,-0.3104,0.3421,-0.0577,-0.0503,-0.0509,0.0,0.0
1780080240219,1,Pitching Mound.Drive,,Loading,pitch.0,774019,-5.5544,36.1819,121.4284,109.028,-147.1141,30.928,0.1242,0.092
1780080240219,1,Pitching Mound.Parent,,Loading,pitch.0,772167,-5.2872,35.7627,121.5735,108.8814,-146.8099,30.6493,0.1237,0.0922
1780080240220,1,11.0000004b,Drive,Loading,pitch.0,774020,-5.6472,36.2741,121.6073,109.121,-147.4953,31.1708,0.1243,0.092
1780080240220,1,12.00000015,Lower Delivery,Loading,pitch.0,773537,0.1627,-0.1469,0.2494,-0.021,-0.011,0.0096,0.0,0.0
1780080240220,1,12.00000018,Upper Delivery,Loading,pitch.0,774824,-0.0112,-0.1592,0.0772,-0.0884,-0.0304,-0.0012,0.0,0.0
1780080240220,1,Pitching Mound.Delivery,,Loading,pitch.0,772912,0.1402,-0.2857,0.3075,-0.0563,-0.0402,-0.0453,0.0,0.0
1780080240220,1,Pitching Mound.Drive,,Loading,pitch.0,774020,-5.6472,36.2741,121.6073,109.121,-147.4953,31.1708,0.1243,0.092
1780080240220,1,Pitching Mound.Parent,,Loading,pitch.0,772168,-5.4142,35.8962,121.7359,108.9717,-147.1543,30.8826,0.1239,0.0922
1780080240221,1,11.0000004b,Drive,Loading,pitch.0,774021,-5.7515,36.3619,121.7751,109.2215,-147.7471,31.3961,0.1244,0.0919
1780080240221,1,12.00000015,Lower Delivery,Loading,pitch.0,773538,0.1638,-0.1335,0.2321,-0.0087,-0.0105,0.0122,0.0,0.0
1780080240221,1,12.00000018,Upper Delivery,Loading,pitch.0,774825,0.0091,-0.1461,0.2165,-0.0884,-0.0304,-0.0012,0.0,0.0
1780080240221,1,Pitching Mound.Delivery,,Loading,pitch.0,772913,0.1718,-0.2929,0.4659,-0.0982,-0.0414,-0.0439,0.0,0.0
1780080240221,1,Pitching Mound.Drive,,Loading,pitch.0,774021,-5.7515,36.3619,121.7751,109.2215,-147.7471,31.3961,0.1244,0.0919
1780080240221,1,Pitching Mound.Parent,,Loading,pitch.0,772169,-5.4754,35.9812,122.0733,109.0228,-147.5367,31.1269,0.1238,0.0917
1780080240222,1,11.0000004b,Drive,Loading,pitch.0,774022,-5.8564,36.4504,121.902,109.1343,-147.9869,31.5853,0.1244,0.0918
1780080240222,1,12.00000018,Upper Delivery,Loading,pitch.0,774826,-0.0105,-0.1648,0.1091,-0.0884,-0.0304,-0.0012,0.0,0.0
1780080240222,1,Pitching Mound.Delivery,,Loading,pitch.0,772914,0.1533,-0.2983,0.3412,-0.0552,-0.0409,-0.0482,0.0,0.0
1780080240222,1,Pitching Mound.Drive,,Loading,pitch.0,774022,-5.8564,36.4504,121.902,109.1343,-147.9869,31.5853,0.1244,0.0918
1780080240222,1,Pitching Mound.Parent,,Loading,pitch.0,772170,-5.5981,36.0636,122.1163,109.1663,-147.788,31.3479,0.124,0.092
1780080240223,1,11.0000004b,Drive,Loading,pitch.0,774023,-5.9645,36.507,121.9587,109.1816,-148.1573,31.8044,0.1245,0.0918
1780080240223,1,12.00000015,Lower Delivery,Loading,pitch.0,773539,0.1708,-0.1488,0.2346,-0.019,-0.0136,0.0108,0.0,0.0
1780080240223,1,12.00000015,Lower Delivery,Loading,pitch.0,773540,0.177,-0.1481,0.2292,-0.0258,-0.0202,0.0097,0.0,0.0
1780080240223,1,12.00000018,Upper Delivery,Loading,pitch.0,774827,0.0271,-0.1886,0.2005,-0.0884,-0.0304,-0.0012,0.0,0.0
1780080240223,1,Pitching Mound.Delivery,,Loading,pitch.0,772915,0.1979,-0.3374,0.4351,-0.0958,-0.044,-0.0393,0.0,0.0
1780080240223,1,Pitching Mound.Drive,,Loading,pitch.0,774023,-5.9645,36.507,121.9587,109.1816,-148.1573,31.8044,0.1245,0.0918
1780080240223,1,Pitching Mound.Parent,,Loading,pitch.0,772171,-5.6585,36.113,122.337,109.0385,-148.0308,31.546,0.124,0.0915
1780080240224,1,11.0000004b,Drive,Loading,pitch.0,774024,-6.0758,36.5462,122.024,109.1185,-148.4326,32.0329,0.1247,0.0917
1780080240224,1,12.00000015,Lower Delivery,Loading,pitch.0,773541,0.2036,-0.1555,0.2803,-0.0212,-0.0201,0.0088,0.0,0.0
1780080240224,1,12.00000018,Upper Delivery,Loading,pitch.0,774828,0.0489,-0.2249,0.2776,-0.0884,-0.0304,-0.0012,0.0,0.0
1780080240224,1,Pitching Mound.Delivery,,Loading,pitch.0,772916,0.2259,-0.373,0.5068,-0.1307,-0.0506,-0.035,0.0,0.0
1780080240224,1,Pitching Mound.Drive,,Loading,pitch.0,774024,-6.0758,36.5462,122.024,109.1185,-148.4326,32.0329,0.1247,0.0917
1780080240224,1,Pitching Mound.Parent,,Loading,pitch.0,772172,-5.7386,36.134,122.4655,109.0509,-148.2079,31.7694,0.124,0.0912
1780080240225,1,11.0000004b,Drive,Loading,pitch.0,774025,-6.1817,36.6009,122.0923,109.0309,-148.559,32.2437,0.1247,0.0915
1780080240225,1,12.00000015,Lower Delivery,Loading,pitch.0,773542,0.2017,-0.1552,0.2407,-0.0227,-0.02,0.0079,0.0,0.0
1780080240225,1,12.00000018,Upper Delivery,Loading,pitch.0,774829,0.0187,-0.2156,0.1869,-0.0884,-0.0304,-0.0012,0.0,0.0
1780080240225,1,Pitching Mound.Delivery,,Loading,pitch.0,772917,0.2223,-0.3711,0.4672,-0.0778,-0.0505,-0.0553,0.0,0.0
1780080240225,1,Pitching Mound.Drive,,Loading,pitch.0,774025,-6.1817,36.6009,122.0923,109.0309,-148.559,32.2437,0.1247,0.0915
1780080240225,1,Pitching Mound.Parent,,Loading,pitch.0,772173,-5.8535,36.1751,122.4912,109.0407,-148.483,31.9776,0.1242,0.0916
1780080240226,1,11.0000004b,Drive,Loading,pitch.0,774026,-6.2887,36.6288,122.1369,108.9523,-148.6902,32.4436,0.1248,0.0914
1780080240226,1,12.00000015,Lower Delivery,Loading,pitch.0,773543,0.1839,-0.1273,0.203,-0.0307,-0.0207,0.0072,0.0,0.0
1780080240226,1,12.00000018,Upper Delivery,Loading,pitch.0,774830,0.0301,-0.2175,0.2061,-0.0884,-0.0304,-0.0012,0.0,0.0
1780080240226,1,Pitching Mound.Delivery,,Loading,pitch.0,772918,0.2318,-0.3727,0.4468,-0.0993,-0.0504,-0.0516,0.0,0.0
1780080240226,1,Pitching Mound.Drive,,Loading,pitch.0,774026,-6.2887,36.6288,122.1369,108.9523,-148.6902,32.4436,0.1248,0.0914
1780080240226,1,Pitching Mound.Parent,,Loading,pitch.0,772174,-5.9499,36.2281,122.5391,108.9316,-148.6094,32.192,0.1243,0.0913
1780080240227,1,11.0000004b,Drive,Loading,pitch.0,774027,-6.3844,36.6509,122.1323,108.8372,-148.702,32.6582,0.1248,0.0913
1780080240227,1,12.00000015,Lower Delivery,Loading,pitch.0,773544,0.1784,-0.1224,0.2301,-0.055,-0.0216,0.0076,0.0,0.0
1780080240227,1,12.00000018,Upper Delivery,Loading,pitch.0,774831,0.0092,-0.2014,0.1626,-0.0884,-0.0304,-0.0012,0.0,0.0
1780080240227,1,Pitching Mound.Delivery,,Loading,pitch.0,772919,0.1932,-0.3287,0.3656,-0.1053,-0.0511,-0.0534,0.0,0.0
1780080240227,1,Pitching Mound.Drive,,Loading,pitch.0,774027,-6.3844,36.6509,122.1323,108.8372,-148.702,32.6582,0.1248,0.0913
1780080240227,1,Pitching Mound.Parent,,Loading,pitch.0,772175,-6.0955,36.3001,122.5025,108.847,-148.7412,32.3901,0.1244,0.0913
1780080240228,1,11.0000004b,Drive,Loading,pitch.0,774028,-6.4925,36.6772,122.1719,108.7699,-148.6307,32.8471,0.1247,0.0913
1780080240228,1,12.00000015,Lower Delivery,Loading,pitch.0,773545,0.1803,-0.1201,0.2211,-0.04,-0.0221,0.0081,0.0,0.0
1780080240228,1,12.00000018,Upper Delivery,Loading,pitch.0,774832,0.0005,-0.1962,0.1248,-0.0884,-0.0304,-0.0012,0.0,0.0
1780080240228,1,Pitching Mound.Delivery,,Loading,pitch.0,772920,0.1789,-0.3186,0.3549,-0.1076,-0.052,-0.0541,0.0,0.0
1780080240228,1,Pitching Mound.Drive,,Loading,pitch.0,774028,-6.4925,36.6772,122.1719,108.7699,-148.6307,32.8471,0.1247,0.0913
1780080240228,1,Pitching Mound.Parent,,Loading,pitch.0,772176,-6.2055,36.3323,122.4872,108.7296,-148.754,32.6042,0.1244,0.0914
1780080240229,1,11.0000004b,Drive,Loading,pitch.0,774029,-6.5887,36.6992,122.2139,108.7284,-148.6778,33.0092,0.1247,0.0912
1780080240229,1,12.00000015,Lower Delivery,Loading,pitch.0,773546,0.1887,-0.1289,0.2822,-0.0376,-0.0188,0.0072,0.0,0.0
1780080240229,1,12.00000018,Upper Delivery,Loading,pitch.0,774833,-0.0171,-0.1665,0.0854,-0.0884,-0.0304,-0.0012,0.0,0.0
1780080240229,1,Pitching Mound.Delivery,,Loading,pitch.0,772921,0.1632,-0.2866,0.3065,-0.0822,-0.0524,-0.0602,0.0,0.0
1780080240229,1,Pitching Mound.Drive,,Loading,pitch.0,774029,-6.5887,36.6992,122.2139,108.7284,-148.6778,33.0092,0.1247,0.0912
1780080240229,1,Pitching Mound.Parent,,Loading,pitch.0,772177,-6.3294,36.3906,122.4784,108.6876,-148.6832,32.7869,0.1244,0.0914
1780080240230,1,11.0000004b,Drive,Loading,pitch.0,774030,-6.6732,36.7028,122.1928,108.6679,-148.6217,33.1479,0.1247,0.0912
1780080240230,1,12.00000015,Lower Delivery,Loading,pitch.0,773547,0.1837,-0.1422,0.2745,-0.0433,-0.0235,0.0094,0.0,0.0
1780080240230,1,12.00000018,Upper Delivery,Loading,pitch.0,774834,-0.0177,-0.1657,0.0862,-0.0884,-0.0304,-0.0012,0.0,0.0
1780080240230,1,Pitching Mound.Delivery,,Loading,pitch.0,772922,0.171,-0.2946,0.3684,-0.0593,-0.0491,-0.0642,0.0,0.0
1780080240230,1,Pitching Mound.Drive,,Loading,pitch.0,774030,-6.6732,36.7028,122.1928,108.6679,-148.6217,33.1479,0.1247,0.0912
1780080240230,1,Pitching Mound.Parent,,Loading,pitch.0,772178,-6.4178,36.4046,122.5824,108.6691,-148.7269,32.945,0.1243,0.0915
1780080240231,1,11.0000004b,Drive,Loading,pitch.0,774031,-6.754,36.7114,122.209,108.6341,-148.5854,33.2824,0.1246,0.0911
1780080240231,1,12.00000015,Lower Delivery,Loading,pitch.0,773548,0.1832,-0.1358,0.3096,-0.0427,-0.0181,0.0132,0.0,0.0
1780080240231,1,12.00000018,Upper Delivery,Loading,pitch.0,774835,-0.0177,-0.1712,0.0886,-0.0884,-0.0304,-0.0012,0.0,0.0
1780080240231,1,Pitching Mound.Delivery,,Loading,pitch.0,772923,0.1659,-0.3134,0.3631,-0.0685,-0.0539,-0.0603,0.0,0.0
1780080240231,1,Pitching Mound.Drive,,Loading,pitch.0,774031,-6.754,36.7114,122.209,108.6341,-148.5854,33.2824,0.1246,0.0911
1780080240231,1,Pitching Mound.Parent,,Loading,pitch.0,772179,-6.5072,36.3894,122.556,108.5994,-148.6756,33.0876,0.1243,0.0914
1780080240232,1,11.0000004b,Drive,Loading,pitch.0,774032,-6.8501,36.719,122.1497,108.5485,-148.5396,33.4214,0.1246,0.0911
1780080240232,1,12.00000015,Lower Delivery,Loading,pitch.0,773549,0.1774,-0.112,0.2501,-0.0294,-0.018,0.0132,0.0,0.0
1780080240232,1,12.00000018,Upper Delivery,Loading,pitch.0,774836,-0.0173,-0.1642,0.0853,-0.0884,-0.0304,-0.0012,0.0,0.0
1780080240232,1,Pitching Mound.Delivery,,Loading,pitch.0,772924,0.1659,-0.3,0.3949,-0.0548,-0.0485,-0.0562,0.0,0.0
1780080240232,1,Pitching Mound.Drive,,Loading,pitch.0,774032,-6.8501,36.719,122.1497,108.5485,-148.5396,33.4214,0.1246,0.0911
1780080240232,1,Pitching Mound.Parent,,Loading,pitch.0,772180,-6.5881,36.4114,122.6039,108.5793,-148.6339,33.2262,0.1242,0.0914
1780080240233,1,11.0000004b,Drive,Loading,pitch.0,774033,-6.9249,36.7187,122.1092,108.532,-148.4556,33.5343,0.1246,0.0911
1780080240233,1,12.00000015,Lower Delivery,Loading,pitch.0,773550,0.1806,-0.107,0.282,-0.0271,-0.016,0.0142,0.0,0.0
1780080240233,1,12.00000018,Upper Delivery,Loading,pitch.0,774837,-0.0214,-0.1624,0.1257,-0.0884,-0.0304,-0.0012,0.0,0.0
1780080240233,1,Pitching Mound.Delivery,,Loading,pitch.0,772925,0.156,-0.2744,0.3758,-0.0754,-0.0483,-0.0556,0.0,0.0
1780080240233,1,Pitching Mound.Drive,,Loading,pitch.0,774033,-6.9249,36.7187,122.1092,108.532,-148.4556,33.5343,0.1246,0.0911
1780080240233,1,Pitching Mound.Parent,,Loading,pitch.0,772181,-6.6941,36.4446,122.5255,108.473,-148.5879,33.3658,0.1243,0.0911
1780080240234,1,11.0000004b,Drive,Loading,pitch.0,774034,-7.0222,36.7211,121.9651,108.3599,-148.1454,33.6113,0.1245,0.0911
1780080240234,1,12.00000015,Lower Delivery,Loading,pitch.0,773551,0.1587,-0.1005,0.2525,-0.02,-0.0119,0.0145,0.0,0.0
1780080240234,1,12.00000018,Upper Delivery,Loading,pitch.0,774838,-0.0173,-0.1423,0.0737,-0.0884,-0.0304,-0.0012,0.0,0.0
1780080240234,1,Pitching Mound.Delivery,,Loading,pitch.0,772926,0.1633,-0.2493,0.3557,-0.0447,-0.0464,-0.0542,0.0,0.0
1780080240234,1,Pitching Mound.Drive,,Loading,pitch.0,774034,-7.0222,36.7211,121.9651,108.3599,-148.1454,33.6113,0.1245,0.0911
1780080240234,1,Pitching Mound.Parent,,Loading,pitch.0,772182,-6.7616,36.4693,122.4648,108.4873,-148.502,33.48,0.1242,0.0914
1780080240235,1,11.0000004b,Drive,Loading,pitch.0,774035,-7.0912,36.7225,121.9017,108.2944,-148.0365,33.7012,0.1245,0.0911
1780080240235,1,12.00000015,Lower Delivery,Loading,pitch.0,773552,0.1405,-0.1053,0.2454,-0.0309,-0.0082,0.0125,0.0,0.0
1780080240235,1,12.00000018,Upper Delivery,Loading,pitch.0,774839,-0.0178,-0.1408,0.0985,-0.0884,-0.0304,-0.0012,0.0,0.0
1780080240235,1,Pitching Mound.Delivery,,Loading,pitch.0,772927,0.1409,-0.2413,0.351,-0.0559,-0.0423,-0.0467,0.0,0.0
1780080240235,1,Pitching Mound.Drive,,Loading,pitch.0,774035,-7.0912,36.7225,121.9017,108.2944,-148.0365,33.7012,0.1245,0.0911
1780080240235,1,Pitching Mound.Parent,,Loading,pitch.0,772183,-6.8813,36.4797,122.3161,108.3039,-148.1877,33.5646,0.1241,0.0912
1780080240236,1,11.0000004b,Drive,Loading,pitch.0,774036,-7.1473,36.7214,121.8033,108.1281,-147.7767,33.7547,0.1244,0.091
1780080240236,1,12.00000015,Lower Delivery,Loading,pitch.0,773553,0.1583,-0.1169,0.246,-0.0336,-0.0198,0.0144,0.0,0.0
1780080240236,1,12.00000018,Upper Delivery,Loading,pitch.0,774840,-0.0186,-0.1433,0.0878,-0.0884,-0.0304,-0.0012,0.0,0.0
1780080240236,1,Pitching Mound.Delivery,,Loading,pitch.0,772928,0.1219,-0.2485,0.3332,-0.0657,-0.0386,-0.0428,0.0,0.0
1780080240236,1,Pitching Mound.Drive,,Loading,pitch.0,774036,-7.1473,36.7214,121.8033,108.1281,-147.7767,33.7547,0.1244,0.091
1780080240236,1,Pitching Mound.Parent,,Loading,pitch.0,772184,-6.9693,36.474,122.2348,108.2287,-148.0751,33.6584,0.1241,0.0912
1780080240237,1,11.0000004b,Drive,Loading,pitch.0,774037,-7.2082,36.7299,121.733,108.0575,-147.4506,33.8163,0.1241,0.091
1780080240237,1,12.00000015,Lower Delivery,Loading,pitch.0,773554,0.1649,-0.1122,0.2426,-0.0131,-0.0152,0.0134,0.0,0.0
1780080240237,1,12.00000018,Upper Delivery,Loading,pitch.0,774841,-0.0203,-0.154,0.1455,-0.0884,-0.0304,-0.0012,0.0,0.0
1780080240237,1,Pitching Mound.Delivery,,Loading,pitch.0,772929,0.1379,-0.2709,0.3915,-0.0879,-0.0502,-0.0476,0.0,0.0
1780080240237,1,Pitching Mound.Drive,,Loading,pitch.0,774037,-7.2082,36.7299,121.733,108.0575,-147.4506,33.8163,0.1241,0.091
1780080240237,1,Pitching Mound.Parent,,Loading,pitch.0,772185,-7.0094,36.4505,122.1948,108.0403,-147.8269,33.7072,0.124,0.091
1780080240238,1,11.0000004b,Drive,Loading,pitch.0,774038,-7.2609,36.723,121.648,107.8813,-147.3322,33.8422,0.1241,0.0909
1780080240238,1,12.00000015,Lower Delivery,Loading,pitch.0,773555,0.1599,-0.1219,0.2378,-0.0163,-0.0185,0.0132,0.0,0.0
1780080240238,1,12.00000018,Upper Delivery,Loading,pitch.0,774842,-0.0193,-0.1415,0.132,-0.0884,-0.0304,-0.0012,0.0,0.0
1780080240238,1,Pitching Mound.Delivery,,Loading,pitch.0,772930,0.1456,-0.2537,0.3747,-0.0639,-0.0456,-0.0504,0.0,0.0
1780080240238,1,Pitching Mound.Drive,,Loading,pitch.0,774038,-7.2609,36.723,121.648,107.8813,-147.3322,33.8422,0.1241,0.0909
1780080240238,1,Pitching Mound.Parent,,Loading,pitch.0,772186,-7.0626,36.4762,122.1077,107.9936,-147.4962,33.7659,0.1238,0.091
1780080240239,1,11.0000004b,Drive,Loading,pitch.0,774039,-7.3029,36.7168,121.4774,107.6164,-146.8929,33.8771,0.1239,0.0908
1780080240239,1,12.00000015,Lower Delivery,Loading,pitch.0,773556,0.1239,-0.096,0.1777,-0.0113,-0.0192,0.0135,0.0,0.0
1780080240239,1,12.00000018,Upper Delivery,Loading,pitch.0,774843,-0.0197,-0.1336,0.1433,-0.0884,-0.0304,-0.0012,0.0,0.0
1780080240239,1,Pitching Mound.Delivery,,Loading,pitch.0,772931,0.1402,-0.2555,0.3811,-0.0726,-0.0488,-0.049,0.0,0.0
1780080240239,1,Pitching Mound.Drive,,Loading,pitch.0,774039,-7.3029,36.7168,121.4774,107.6164,-146.8929,33.8771,0.1239,0.0908
1780080240239,1,Pitching Mound.Parent,,Loading,pitch.0,772187,-7.1207,36.4675,122.0291,107.8088,-147.381,33.7932,0.1237,0.0909
1780080240240,1,11.0000004b,Drive,Loading,pitch.0,774040,-7.344,36.7236,121.3309,107.4445,-146.5017,33.8848,0.1238,0.0908
1780080240240,1,12.00000015,Lower Delivery,Loading,pitch.0,773557,0.125,-0.0727,0.1705,-0.0283,-0.0224,0.0118,0.0,0.0
1780080240240,1,12.00000018,Upper Delivery,Loading,pitch.0,774844,-0.0157,-0.1447,0.15,-0.0884,-0.0304,-0.0012,0.0,0.0
1780080240240,1,Pitching Mound.Delivery,,Loading,pitch.0,772932,0.1082,-0.2407,0.3277,-0.0902,-0.0496,-0.0352,0.0,0.0
1780080240240,1,Pitching Mound.Drive,,Loading,pitch.0,774040,-7.344,36.7236,121.3309,107.4445,-146.5017,33.8848,0.1238,0.0908
1780080240240,1,Pitching Mound.Parent,,Loading,pitch.0,772188,-7.1947,36.4761,121.8051,107.5261,-146.9425,33.8419,0.1236,0.0906
1780080240241,1,11.0000004b,Drive,Loading,pitch.0,774041,-7.3909,36.7023,121.2138,107.2126,-146.2652,33.9209,0.1237,0.0907
1780080240241,1,12.00000015,Lower Delivery,Loading,pitch.0,773558,0.1125,-0.0448,0.126,-0.0193,-0.0282,0.0121,0.0,0.0
1780080240241,1,12.00000018,Upper Delivery,Loading,pitch.0,774845,-0.0114,-0.153,0.1331,-0.0884,-0.0304,-0.0012,0.0,0.0
1780080240241,1,Pitching Mound.Delivery,,Loading,pitch.0,772933,0.1136,-0.2256,0.3036,-0.104,-0.0528,-0.0358,0.0,0.0
1780080240241,1,Pitching Mound.Drive,,Loading,pitch.0,774041,-7.3909,36.7023,121.2138,107.2126,-146.2652,33.9209,0.1237,0.0907
1780080240241,1,Pitching Mound.Parent,,Loading,pitch.0,772189,-7.2303,36.498,121.6345,107.3405,-146.5545,33.849,0.1234,0.0906
1780080240242,1,11.0000004b,Drive,Loading,pitch.0,774042,-7.4321,36.7049,121.1273,106.9584,-145.8618,33.9258,0.1234,0.0905
1780080240242,1,12.00000015,Lower Delivery,Loading,pitch.0,773559,0.1151,-0.0493,0.1242,-0.022,-0.0239,0.0085,0.0,0.0
1780080240242,1,12.00000018,Upper Delivery,Loading,pitch.0,774846,0.0062,-0.1567,0.1749,-0.0884,-0.0304,-0.0012,0.0,0.0
1780080240242,1,Pitching Mound.Delivery,,Loading,pitch.0,772934,0.1187,-0.2015,0.301,-0.1243,-0.0585,-0.0252,0.0,0.0
1780080240242,1,Pitching Mound.Drive,,Loading,pitch.0,774042,-7.4321,36.7049,121.1273,106.9584,-145.8618,33.9258,0.1234,0.0905
1780080240242,1,Pitching Mound.Parent,,Loading,pitch.0,772190,-7.2721,36.5008,121.5148,107.0883,-146.3237,33.8957,0.1234,0.0903
1780080240243,1,11.0000004b,Drive,Loading,pitch.0,774043,-7.4694,36.6811,121.0009,106.757,-145.4414,33.898,0.1232,0.0904
1780080240243,1,12.00000015,Lower Delivery,Loading,pitch.0,773560,0.1095,-0.0657,0.1338,-0.0247,-0.0227,0.0076,0.0,0.0
1780080240243,1,12.00000018,Upper Delivery,Loading,pitch.0,774848,-0.007,-0.1518,0.1268,-0.0884,-0.0304,-0.0012,0.0,0.0
1780080240243,1,12.00000018,Upper Delivery,Loading,pitch.0,774847,0.0097,-0.1642,0.1757,-0.0884,-0.0304,-0.0012,0.0,0.0
1780080240243,1,Pitching Mound.Delivery,,Loading,pitch.0,772936,0.1025,-0.2175,0.2605,-0.1107,-0.0531,-0.0332,0.0,0.0
1780080240243,1,Pitching Mound.Delivery,,Loading,pitch.0,772935,0.1248,-0.2134,0.2999,-0.1278,-0.0543,-0.0285,0.0,0.0
1780080240243,1,Pitching Mound.Drive,,Loading,pitch.0,774043,-7.4694,36.6811,121.0009,106.757,-145.4414,33.898,0.1232,0.0904
1780080240243,1,Pitching Mound.Parent,,Loading,pitch.0,772192,-7.3669,36.4636,121.2614,106.6464,-145.4944,33.8648,0.1229,0.0903
1780080240243,1,Pitching Mound.Parent,,Loading,pitch.0,772191,-7.3073,36.4915,121.4272,106.8305,-145.916,33.8973,0.1231,0.0901
1780080240244,1,11.0000004b,Drive,Loading,pitch.0,774044,-7.4975,36.6537,120.836,106.5725,-145.1728,33.8767,0.1231,0.0904
1780080240244,1,12.00000015,Lower Delivery,Loading,pitch.0,773561,0.103,-0.0531,0.1044,-0.0163,-0.0232,0.0059,0.0,0.0
1780080240244,1,12.00000018,Upper Delivery,Loading,pitch.0,774849,0.0327,-0.1858,0.1886,-0.0884,-0.0304,-0.0012,0.0,0.0
1780080240244,1,Pitching Mound.Delivery,,Loading,pitch.0,772937,0.1357,-0.2389,0.2931,-0.1333,-0.0535,-0.0193,0.0,0.0
1780080240244,1,Pitching Mound.Drive,,Loading,pitch.0,774044,-7.4975,36.6537,120.836,106.5725,-145.1728,33.8767,0.1231,0.0904
1780080240244,1,Pitching Mound.Parent,,Loading,pitch.0,772193,-7.3618,36.4148,121.1291,106.4392,-145.2263,33.8575,0.1228,0.0899
1780080240245,1,11.0000004b,Drive,Loading,pitch.0,774045,-7.5148,36.6103,120.7039,106.2224,-144.7889,33.8757,0.1229,0.0902
1780080240245,1,12.00000015,Lower Delivery,Loading,pitch.0,773562,0.0882,-0.0384,0.0768,-0.0241,-0.0257,0.0057,0.0,0.0
1780080240245,1,Pitching Mound.Drive,,Loading,pitch.0,774045,-7.5148,36.6103,120.7039,106.2224,-144.7889,33.8757,0.1229,0.0902
1780080240246,1,11.0000004b,Drive,Loading,pitch.0,774046,-7.5367,36.5569,120.5298,105.8863,-144.5931,33.8476,0.123,0.09
1780080240246,1,12.00000015,Lower Delivery,Loading,pitch.0,773563,0.0901,-0.0292,0.0704,-0.0281,-0.0296,0.0073,0.0,0.0
1780080240246,1,12.00000018,Upper Delivery,Loading,pitch.0,774850,0.0444,-0.2042,0.2191,-0.0884,-0.0304,-0.0012,0.0,0.0
1780080240246,1,12.00000018,Upper Delivery,Loading,pitch.0,774851,0.0363,-0.1984,0.2107,-0.0884,-0.0304,-0.0012,0.0,0.0
1780080240246,1,Pitching Mound.Delivery,,Loading,pitch.0,772939,0.1264,-0.2276,0.281,-0.1642,-0.0599,-0.0122,0.0,0.0
1780080240246,1,Pitching Mound.Delivery,,Loading,pitch.0,772938,0.1327,-0.2425,0.2959,-0.1609,-0.056,-0.0104,0.0,0.0
1780080240246,1,Pitching Mound.Drive,,Loading,pitch.0,774046,-7.5367,36.5569,120.5298,105.8863,-144.5931,33.8476,0.123,0.09
1780080240246,1,Pitching Mound.Parent,,Loading,pitch.0,772194,-7.3821,36.3678,120.9998,106.0615,-144.845,33.8653,0.1226,0.0896
1780080240246,1,Pitching Mound.Parent,,Loading,pitch.0,772195,-7.4103,36.3293,120.8108,105.7221,-144.6531,33.8354,0.1227,0.0894
1780080240247,1,11.0000004b,Drive,Loading,pitch.0,774047,-7.5751,36.4948,120.3409,105.6662,-144.321,33.8409,0.1229,0.09
1780080240247,1,12.00000015,Lower Delivery,Loading,pitch.0,773564,0.0546,-0.0234,0.051,-0.018,-0.0194,0.0067,0.0,0.0
1780080240247,1,12.00000018,Upper Delivery,Loading,pitch.0,774852,0.0498,-0.2124,0.2881,-0.0884,-0.0304,-0.0012,0.0,0.0
1780080240247,1,Pitching Mound.Delivery,,Loading,pitch.0,772940,0.1044,-0.2358,0.3391,-0.1869,-0.0498,0.0039,0.0,0.0
1780080240247,1,Pitching Mound.Drive,,Loading,pitch.0,774047,-7.5751,36.4948,120.3409,105.6662,-144.321,33.8409,0.1229,0.09
1780080240247,1,Pitching Mound.Parent,,Loading,pitch.0,772196,-7.4707,36.259,120.68,105.4792,-144.3708,33.8449,0.1226,0.0891
1780080240248,1,11.0000004b,Drive,Loading,pitch.0,774048,-7.6056,36.4308,120.1444,105.2646,-143.931,33.8203,0.1228,0.0898
1780080240248,1,12.00000015,Lower Delivery,Loading,pitch.0,773565,0.0477,-0.0185,0.0502,-0.0175,-0.0173,0.0064,0.0,0.0
1780080240248,1,Pitching Mound.Drive,,Loading,pitch.0,774048,-7.6056,36.4308,120.1444,105.2646,-143.931,33.8203,0.1228,0.0898
1780080240249,1,11.0000004b,Drive,Loading,pitch.0,774049,-7.6426,36.3635,119.9204,104.9982,-143.5326,33.8044,0.1227,0.0897
1780080240249,1,12.00000015,Lower Delivery,Loading,pitch.0,773566,0.0494,-0.0222,0.0539,-0.0173,-0.0168,0.0044,0.0,0.0
1780080240249,1,12.00000018,Upper Delivery,Loading,pitch.0,774853,0.0246,-0.1971,0.2569,-0.0884,-0.0304,-0.0012,0.0,0.0
1780080240249,1,12.00000018,Upper Delivery,Loading,pitch.0,774854,0.0197,-0.2078,0.2662,-0.0884,-0.0304,-0.0012,0.0,0.0
1780080240249,1,Pitching Mound.Delivery,,Loading,pitch.0,772941,0.0723,-0.2156,0.3071,-0.1761,-0.0477,-0.0026,0.0,0.0
1780080240249,1,Pitching Mound.Delivery,,Loading,pitch.0,772942,0.0691,-0.2301,0.3201,-0.1778,-0.0472,-0.0069,0.0,0.0
1780080240249,1,Pitching Mound.Drive,,Loading,pitch.0,774049,-7.6426,36.3635,119.9204,104.9982,-143.5326,33.8044,0.1227,0.0897
1780080240249,1,Pitching Mound.Parent,,Loading,pitch.0,772197,-7.5332,36.2152,120.4515,105.0885,-143.9787,33.8177,0.1225,0.089
1780080240249,1,Pitching Mound.Parent,,Loading,pitch.0,772198,-7.5734,36.1335,120.2404,104.8204,-143.5798,33.7975,0.1223,0.0889
1780080240250,1,11.0000004b,Drive,Loading,pitch.0,774050,-7.6772,36.2708,119.7434,104.6778,-143.1238,33.787,0.1225,0.0896
1780080240250,1,12.00000015,Lower Delivery,Loading,pitch.0,773567,0.0324,-0.0138,0.0376,-0.0073,-0.0108,0.0026,0.0,0.0
1780080240250,1,12.00000018,Upper Delivery,Loading,pitch.0,774855,0.0038,-0.1917,0.2387,-0.0884,-0.0304,-0.0012,0.0,0.0
1780080240250,1,Pitching Mound.Delivery,,Loading,pitch.0,772943,0.0362,-0.2055,0.2764,-0.1641,-0.0412,-0.0083,0.0,0.0
1780080240250,1,Pitching Mound.Drive,,Loading,pitch.0,774050,-7.6772,36.2708,119.7434,104.6778,-143.1238,33.787,0.1225,0.0896
1780080240250,1,Pitching Mound.Parent,,Loading,pitch.0,772199,-7.641,36.0653,120.0198,104.5137,-143.165,33.7787,0.1222,0.0888
1780080240251,1,11.0000004b,Drive,Loading,pitch.0,774051,-7.725,36.1883,119.536,104.3847,-142.7614,33.7986,0.1224,0.0895
1780080240251,1,12.00000015,Lower Delivery,Loading,pitch.0,773568,0.0313,-0.0145,0.0353,-0.0146,-0.011,0.0019,0.0,0.0
1780080240251,1,12.00000018,Upper Delivery,Loading,pitch.0,774856,-0.0148,-0.166,0.1614,-0.0884,-0.0304,-0.0012,0.0,0.0
1780080240251,1,Pitching Mound.Delivery,,Loading,pitch.0,772944,0.0165,-0.1805,0.1968,-0.1458,-0.0414,-0.0149,0.0,0.0
1780080240251,1,Pitching Mound.Drive,,Loading,pitch.0,774051,-7.725,36.1883,119.536,104.3847,-142.7614,33.7986,0.1224,0.0895
1780080240251,1,Pitching Mound.Parent,,Loading,pitch.0,772200,-7.7085,36.0078,119.7328,104.2389,-142.8027,33.7837,0.1222,0.089
1780080240252,1,11.0000004b,Drive,Loading,pitch.0,774052,-7.7802,36.1016,119.2999,103.9893,-142.3523,33.7996,0.1223,0.0893
1780080240252,1,12.00000015,Lower Delivery,Loading,pitch.0,773569,0.0303,-0.0182,0.041,-0.0133,-0.0026,0.0034,0.0,0.0
1780080240252,1,12.00000018,Upper Delivery,Loading,pitch.0,774857,-0.0137,-0.1526,0.1013,-0.0884,-0.0304,-0.0012,0.0,0.0
1780080240252,1,Pitching Mound.Delivery,,Loading,pitch.0,772945,0.0165,-0.1708,0.1423,-0.1222,-0.0329,-0.0128,0.0,0.0
1780080240252,1,Pitching Mound.Drive,,Loading,pitch.0,774052,-7.7802,36.1016,119.2999,103.9893,-142.3523,33.7996,0.1223,0.0893
1780080240252,1,Pitching Mound.Parent,,Loading,pitch.0,772201,-7.7637,35.9308,119.4422,103.8671,-142.3853,33.7869,0.1222,0.0891
1780080240253,1,11.0000004b,Drive,Loading,pitch.0,774053,-7.8409,36.0131,119.0956,103.6165,-141.8845,33.8153,0.1221,0.0892
1780080240253,1,12.00000015,Lower Delivery,Loading,pitch.0,773570,0.0464,-0.0253,0.0561,-0.0041,-0.0072,0.0053,0.0,0.0
1780080240253,1,12.00000018,Upper Delivery,Loading,pitch.0,774858,-0.0133,-0.1451,0.0922,-0.0884,-0.0304,-0.0012,0.0,0.0
1780080240253,1,Pitching Mound.Delivery,,Loading,pitch.0,772946,0.0331,-0.1704,0.1484,-0.1047,-0.0375,-0.0162,0.0,0.0
1780080240253,1,Pitching Mound.Drive,,Loading,pitch.0,774053,-7.8409,36.0131,119.0956,103.6165,-141.8845,33.8153,0.1221,0.0892
1780080240253,1,Pitching Mound.Parent,,Loading,pitch.0,772202,-7.8078,35.8427,119.244,103.5118,-141.922,33.7991,0.122,0.089
1780080240254,1,11.0000004b,Drive,Loading,pitch.0,774054,-7.9056,35.9479,118.8113,103.2555,-141.5014,33.8267,0.1221,0.0891
1780080240254,1,12.00000015,Lower Delivery,Loading,pitch.0,773571,0.0448,-0.0551,0.0743,-0.0007,-0.0069,0.0034,0.0,0.0
1780080240254,1,12.00000018,Upper Delivery,Loading,pitch.0,774859,-0.0117,-0.1482,0.0804,-0.0884,-0.0304,-0.0012,0.0,0.0
1780080240254,1,Pitching Mound.Delivery,,Loading,pitch.0,772947,0.0331,-0.2033,0.1547,-0.0912,-0.0373,-0.017,0.0,0.0
1780080240254,1,Pitching Mound.Drive,,Loading,pitch.0,774054,-7.9056,35.9479,118.8113,103.2555,-141.5014,33.8267,0.1221,0.0891
1780080240254,1,Pitching Mound.Parent,,Loading,pitch.0,772203,-7.8725,35.7446,118.966,103.1643,-141.5387,33.8097,0.1219,0.0889
1780080240255,1,11.0000004b,Drive,Loading,pitch.0,774055,-7.9705,35.869,118.6285,103.0094,-141.1979,33.8552,0.122,0.089
1780080240255,1,12.00000018,Upper Delivery,Loading,pitch.0,774860,-0.0139,-0.1479,0.1016,-0.0884,-0.0304,-0.0012,0.0,0.0
1780080240255,1,Pitching Mound.Drive,,Loading,pitch.0,774055,-7.9705,35.869,118.6285,103.0094,-141.1979,33.8552,0.122,0.089
1780080240256,1,11.0000004b,Drive,Loading,pitch.0,774056,-8.0617,35.8154,118.4499,102.6897,-141.0074,33.8833,0.122,0.0889
1780080240256,1,12.00000015,Lower Delivery,Loading,pitch.0,773572,0.0851,-0.0799,0.1398,0.0123,-0.0021,0.0087,0.0,0.0
1780080240256,1,12.00000015,Lower Delivery,Loading,pitch.0,773573,0.0847,-0.0822,0.131,0.0027,-0.0081,0.0071,0.0,0.0
1780080240256,1,12.00000018,Upper Delivery,Loading,pitch.0,774861,-0.0004,-0.18,0.1652,-0.0884,-0.0304,-0.0012,0.0,0.0
1780080240256,1,Pitching Mound.Delivery,,Loading,pitch.0,772949,0.0843,-0.2623,0.2962,-0.0972,-0.0385,-0.023,0.0,0.0
1780080240256,1,Pitching Mound.Delivery,,Loading,pitch.0,772948,0.0711,-0.2278,0.2414,-0.063,-0.0325,-0.0262,0.0,0.0
1780080240256,1,Pitching Mound.Drive,,Loading,pitch.0,774056,-8.0617,35.8154,118.4499,102.6897,-141.0074,33.8833,0.122,0.0889
1780080240256,1,Pitching Mound.Parent,,Loading,pitch.0,772205,-7.9774,35.5531,118.7461,102.5924,-141.0459,33.8603,0.1217,0.0885
1780080240256,1,Pitching Mound.Parent,,Loading,pitch.0,772204,-7.8993,35.6412,118.8699,102.9464,-141.2304,33.8291,0.1217,0.0889
1780080240257,1,11.0000004b,Drive,Loading,pitch.0,774057,-8.1345,35.7674,118.2468,102.4355,-140.7611,33.946,0.122,0.0888
1780080240257,1,12.00000015,Lower Delivery,Loading,pitch.0,773574,0.1205,-0.1172,0.2005,0.0018,-0.0122,0.0087,0.0,0.0
1780080240257,1,12.00000018,Upper Delivery,Loading,pitch.0,774862,-0.0154,-0.1568,0.1068,-0.0884,-0.0304,-0.0012,0.0,0.0
1780080240257,1,Pitching Mound.Delivery,,Loading,pitch.0,772950,0.105,-0.274,0.3073,-0.0547,-0.0426,-0.0387,0.0,0.0
1780080240257,1,Pitching Mound.Drive,,Loading,pitch.0,774057,-8.1345,35.7674,118.2468,102.4355,-140.7611,33.946,0.122,0.0888
1780080240257,1,Pitching Mound.Parent,,Loading,pitch.0,772206,-8.0295,35.4934,118.5541,102.3808,-140.8036,33.9073,0.1217,0.0888
1780080240258,1,11.0000004b,Drive,Loading,pitch.0,774058,-8.2032,35.7201,118.0675,102.0799,-140.398,33.9888,0.1219,0.0886
1780080240258,1,12.00000015,Lower Delivery,Loading,pitch.0,773575,0.1397,-0.1042,0.1968,-0.0193,-0.0232,0.0067,0.0,0.0
1780080240258,1,12.00000018,Upper Delivery,Loading,pitch.0,774863,-0.0011,-0.1622,0.113,-0.0884,-0.0304,-0.0012,0.0,0.0
1780080240258,1,Pitching Mound.Delivery,,Loading,pitch.0,772951,0.1386,-0.2664,0.3098,-0.0792,-0.0536,-0.0424,0.0,0.0
1780080240258,1,Pitching Mound.Drive,,Loading,pitch.0,774058,-8.2032,35.7201,118.0675,102.0799,-140.398,33.9888,0.1219,0.0886
1780080240258,1,Pitching Mound.Parent,,Loading,pitch.0,772207,-8.0645,35.4537,118.3774,102.0007,-140.4516,33.9463,0.1216,0.0886
1780080240259,1,11.0000004b,Drive,Loading,pitch.0,774059,-8.2957,35.6741,117.958,101.8999,-140.2805,34.0642,0.1219,0.0885
1780080240259,1,12.00000015,Lower Delivery,Loading,pitch.0,773576,0.1353,-0.12,0.2008,-0.0104,-0.0234,0.0132,0.0,0.0
1780080240259,1,12.00000018,Upper Delivery,Loading,pitch.0,774864,0.0048,-0.1789,0.1175,-0.0884,-0.0304,-0.0012,0.0,0.0
1780080240259,1,Pitching Mound.Delivery,,Loading,pitch.0,772952,0.1401,-0.299,0.3182,-0.0704,-0.0537,-0.0324,0.0,0.0
1780080240259,1,Pitching Mound.Drive,,Loading,pitch.0,774059,-8.2957,35.6741,117.958,101.8999,-140.2805,34.0642,0.1219,0.0885
1780080240259,1,Pitching Mound.Parent,,Loading,pitch.0,772208,-8.1555,35.3752,118.2762,101.8295,-140.3342,34.0319,0.1216,0.0885
1780080240260,1,11.0000004b,Drive,Loading,pitch.0,774060,-8.3685,35.6365,117.8111,101.5944,-140.1831,34.1269,0.122,0.0884
1780080240260,1,12.00000015,Lower Delivery,Loading,pitch.0,773577,0.1403,-0.1193,0.2146,-0.0245,-0.0274,0.012,0.0,0.0
1780080240260,1,12.00000018,Upper Delivery,Loading,pitch.0,774865,0.009,-0.1642,0.1117,-0.0884,-0.0304,-0.0012,0.0,0.0
1780080240260,1,Pitching Mound.Delivery,,Loading,pitch.0,772953,0.1493,-0.2835,0.3263,-0.0779,-0.0578,-0.0338,0.0,0.0
1780080240260,1,Pitching Mound.Drive,,Loading,pitch.0,774060,-8.3685,35.6365,117.8111,101.5944,-140.1831,34.1269,0.122,0.0884
1780080240260,1,Pitching Mound.Parent,,Loading,pitch.0,772209,-8.2192,35.353,118.1374,101.5165,-140.2409,34.0931,0.1216,0.0884
1780080240261,1,11.0000004b,Drive,Loading,pitch.0,774061,-8.4421,35.615,117.71,101.4196,-140.0735,34.2053,0.122,0.0883
1780080240261,1,12.00000015,Lower Delivery,Loading,pitch.0,773578,0.1442,-0.0941,0.2052,-0.0215,-0.0232,0.0159,0.0,0.0
1780080240261,1,12.00000018,Upper Delivery,Loading,pitch.0,774866,0.0493,-0.1928,0.1873,-0.0884,-0.0304,-0.0012,0.0,0.0
1780080240261,1,Pitching Mound.Delivery,,Loading,pitch.0,772954,0.1936,-0.2869,0.3926,-0.1038,-0.0535,-0.0176,0.0,0.0
1780080240261,1,Pitching Mound.Drive,,Loading,pitch.0,774061,-8.4421,35.615,117.71,101.4196,-140.0735,34.2053,0.122,0.0883
1780080240261,1,Pitching Mound.Parent,,Loading,pitch.0,772210,-8.2485,35.3281,118.1025,101.3158,-140.1271,34.1878,0.1216,0.0881
1780080240262,1,11.0000004b,Drive,Loading,pitch.0,774062,-8.5112,35.5951,117.6327,101.2733,-140.0898,34.2803,0.1221,0.0882
1780080240262,1,12.00000015,Lower Delivery,Loading,pitch.0,773579,0.1234,-0.0987,0.2037,-0.0141,-0.0126,0.0171,0.0,0.0
1780080240262,1,12.00000018,Upper Delivery,Loading,pitch.0,774867,0.0536,-0.2049,0.2049,-0.0884,-0.0304,-0.0012,0.0,0.0
1780080240262,1,Pitching Mound.Delivery,,Loading,pitch.0,772955,0.177,-0.3036,0.4086,-0.1029,-0.043,-0.0078,0.0,0.0
1780080240262,1,Pitching Mound.Drive,,Loading,pitch.0,774062,-8.5112,35.5951,117.6327,101.2733,-140.0898,34.2803,0.1221,0.0882
1780080240262,1,Pitching Mound.Parent,,Loading,pitch.0,772211,-8.3343,35.2914,118.0413,101.1704,-140.1328,34.2725,0.1216,0.0879
1780080240263,1,11.0000004b,Drive,Loading,pitch.0,774063,-8.5588,35.5702,117.5204,101.0527,-140.0408,34.3669,0.1221,0.0881
1780080240263,1,12.00000015,Lower Delivery,Loading,pitch.0,773580,0.1243,-0.0809,0.19,-0.0225,-0.018,0.0155,0.0,0.0
1780080240263,1,12.00000018,Upper Delivery,Loading,pitch.0,774868,0.0117,-0.1619,0.1223,-0.0884,-0.0304,-0.0012,0.0,0.0
1780080240263,1,Pitching Mound.Delivery,,Loading,pitch.0,772956,0.136,-0.2428,0.3123,-0.0879,-0.0484,-0.024,0.0,0.0
1780080240263,1,Pitching Mound.Drive,,Loading,pitch.0,774063,-8.5588,35.5702,117.5204,101.0527,-140.0408,34.3669,0.1221,0.0881
1780080240263,1,Pitching Mound.Parent,,Loading,pitch.0,772212,-8.4228,35.3275,117.8328,100.9648,-140.0892,34.343,0.1218,0.0881
1780080240264,1,11.0000004b,Drive,Loading,pitch.0,774064,-8.6182,35.563,117.488,100.9372,-140.028,34.4801,0.1222,0.0881
1780080240264,1,12.00000015,Lower Delivery,Loading,pitch.0,773581,0.1165,-0.0707,0.1783,-0.0327,-0.0175,0.016,0.0,0.0
1780080240264,1,12.00000018,Upper Delivery,Loading,pitch.0,774869,0.0431,-0.181,0.1823,-0.0884,-0.0304,-0.0012,0.0,0.0
1780080240264,1,Pitching Mound.Delivery,,Loading,pitch.0,772957,0.1595,-0.2517,0.3606,-0.1224,-0.0479,-0.0102,0.0,0.0
1780080240264,1,Pitching Mound.Drive,,Loading,pitch.0,774064,-8.6182,35.563,117.488,100.9372,-140.028,34.4801,0.1222,0.0881
1780080240264,1,Pitching Mound.Parent,,Loading,pitch.0,772213,-8.4587,35.3113,117.8486,100.8149,-140.0759,34.47,0.1218,0.0878
1780080240265,1,11.0000004b,Drive,Loading,pitch.0,774065,-8.6802,35.5362,117.4383,100.7604,-140.0062,34.6085,0.1222,0.0879
1780080240265,1,12.00000015,Lower Delivery,Loading,pitch.0,773582,0.128,-0.092,0.2225,-0.0252,-0.0129,0.0162,0.0,0.0
1780080240265,1,12.00000018,Upper Delivery,Loading,pitch.0,774870,0.0332,-0.168,0.1676,-0.0884,-0.0304,-0.0012,0.0,0.0
1780080240265,1,Pitching Mound.Delivery,,Loading,pitch.0,772958,0.1612,-0.26,0.3901,-0.0949,-0.0432,-0.0172,0.0,0.0
1780080240265,1,Pitching Mound.Drive,,Loading,pitch.0,774065,-8.6802,35.5362,117.4383,100.7604,-140.0062,34.6085,0.1222,0.0879
1780080240265,1,Pitching Mound.Parent,,Loading,pitch.0,772214,-8.519,35.2762,117.8284,100.6655,-140.0494,34.5913,0.1218,0.0878
1780080240266,1,11.0000004b,Drive,Loading,pitch.0,774066,-8.7333,35.5189,117.38,100.5224,-139.8886,34.7583,0.1221,0.0878
1780080240266,1,12.00000015,Lower Delivery,Loading,pitch.0,773583,0.1182,-0.0984,0.2066,-0.008,-0.0052,0.0142,0.0,0.0
1780080240266,1,12.00000018,Upper Delivery,Loading,pitch.0,774871,0.0656,-0.2035,0.2475,-0.0884,-0.0304,-0.0012,0.0,0.0
1780080240266,1,Pitching Mound.Delivery,,Loading,pitch.0,772959,0.1838,-0.3019,0.454,-0.1102,-0.0355,-0.0049,0.0,0.0
1780080240266,1,Pitching Mound.Drive,,Loading,pitch.0,774066,-8.7333,35.5189,117.38,100.5224,-139.8886,34.7583,0.1221,0.0878
1780080240266,1,Pitching Mound.Parent,,Loading,pitch.0,772215,-8.5495,35.217,117.834,100.4121,-139.9241,34.7535,0.1217,0.0873
1780080240267,1,11.0000004b,Drive,Loading,pitch.0,774067,-8.7999,35.5113,117.2788,100.2668,-139.6934,34.8953,0.1221,0.0876
1780080240267,1,12.00000015,Lower Delivery,Loading,pitch.0,773584,0.0857,-0.0928,0.1678,-0.0027,-0.0028,0.0114,0.0,0.0
1780080240267,1,Pitching Mound.Drive,,Loading,pitch.0,774067,-8.7999,35.5113,117.2788,100.2668,-139.6934,34.8953,0.1221,0.0876
1780080240268,1,11.0000004b,Drive,Loading,pitch.0,774068,-8.8686,35.5159,117.2828,100.1284,-139.7253,35.0306,0.1221,0.0875
1780080240268,1,12.00000015,Lower Delivery,Loading,pitch.0,773585,0.0864,-0.1023,0.1416,0.0006,-0.0062,0.0143,0.0,0.0
1780080240268,1,12.00000018,Upper Delivery,Loading,pitch.0,774872,0.0848,-0.219,0.2743,-0.0884,-0.0304,-0.0012,0.0,0.0
1780080240268,1,12.00000018,Upper Delivery,Loading,pitch.0,774873,0.1024,-0.239,0.299,-0.0884,-0.0304,-0.0012,0.0,0.0
1780080240268,1,Pitching Mound.Delivery,,Loading,pitch.0,772961,0.1888,-0.3413,0.4406,-0.1412,-0.0366,0.0186,0.0,0.0
1780080240268,1,Pitching Mound.Delivery,,Loading,pitch.0,772960,0.1705,-0.3118,0.4421,-0.1273,-0.0331,0.01,0.0,0.0
1780080240268,1,Pitching Mound.Drive,,Loading,pitch.0,774068,-8.8686,35.5159,117.2828,100.1284,-139.7253,35.0306,0.1221,0.0875
1780080240268,1,Pitching Mound.Parent,,Loading,pitch.0,772217,-8.6798,35.1745,117.7234,99.9872,-139.7619,35.0492,0.1217,0.0867
1780080240268,1,Pitching Mound.Parent,,Loading,pitch.0,772216,-8.6294,35.1995,117.7209,100.1395,-139.7265,34.9052,0.1216,0.087
1780080240269,1,11.0000004b,Drive,Loading,pitch.0,774069,-8.9426,35.5389,117.2525,99.9249,-139.7192,35.2227,0.1221,0.0873
1780080240269,1,12.00000015,Lower Delivery,Loading,pitch.0,773586,0.1079,-0.0961,0.1615,-0.0007,-0.0175,0.0159,0.0,0.0
1780080240269,1,12.00000018,Upper Delivery,Loading,pitch.0,774874,0.0991,-0.2415,0.287,-0.0884,-0.0304,-0.0012,0.0,0.0
1780080240269,1,Pitching Mound.Delivery,,Loading,pitch.0,772962,0.207,-0.3376,0.4486,-0.1318,-0.0479,0.0117,0.0,0.0
1780080240269,1,Pitching Mound.Drive,,Loading,pitch.0,774069,-8.9426,35.5389,117.2525,99.9249,-139.7192,35.2227,0.1221,0.0873
1780080240269,1,Pitching Mound.Parent,,Loading,pitch.0,772218,-8.7356,35.2013,117.7011,99.7932,-139.7671,35.2344,0.1217,0.0867
1780080240270,1,11.0000004b,Drive,Loading,pitch.0,774070,-9.0114,35.5728,117.247,99.7656,-139.5652,35.4259,0.122,0.0872
1780080240270,1,12.00000015,Lower Delivery,Loading,pitch.0,773587,0.1133,-0.094,0.1657,-0.0068,-0.0202,0.0138,0.0,0.0
1780080240270,1,12.00000018,Upper Delivery,Loading,pitch.0,774875,0.0987,-0.2475,0.2863,-0.0884,-0.0304,-0.0012,0.0,0.0
1780080240270,1,Pitching Mound.Delivery,,Loading,pitch.0,772963,0.2121,-0.3414,0.452,-0.1361,-0.0506,0.0076,0.0,0.0
1780080240270,1,Pitching Mound.Drive,,Loading,pitch.0,774070,-9.0114,35.5728,117.247,99.7656,-139.5652,35.4259,0.122,0.0872
1780080240270,1,Pitching Mound.Parent,,Loading,pitch.0,772219,-8.7993,35.2314,117.6989,99.6295,-139.6158,35.4336,0.1215,0.0865
1780080240271,1,11.0000004b,Drive,Loading,pitch.0,774071,-9.0988,35.606,117.1524,99.609,-139.5102,35.6784,0.1221,0.0871
1780080240271,1,12.00000015,Lower Delivery,Loading,pitch.0,773588,0.1023,-0.0961,0.1497,0.0,-0.0219,0.0152,0.0,0.0
1780080240271,1,12.00000018,Upper Delivery,Loading,pitch.0,774876,0.1115,-0.2945,0.4496,-0.0884,-0.0304,-0.0012,0.0,0.0
1780080240271,1,Pitching Mound.Delivery,,Loading,pitch.0,772964,0.2138,-0.3906,0.5993,-0.1904,-0.0523,0.0172,0.0,0.0
1780080240271,1,Pitching Mound.Drive,,Loading,pitch.0,774071,-9.0988,35.606,117.1524,99.609,-139.5102,35.6784,0.1221,0.0871
1780080240271,1,Pitching Mound.Parent,,Loading,pitch.0,772220,-8.885,35.2154,117.7517,99.4187,-139.5625,35.6956,0.1214,0.0858
1780080240272,1,11.0000004b,Drive,Loading,pitch.0,774072,-9.1958,35.679,117.1095,99.4719,-139.5789,35.921,0.1222,0.0871
1780080240272,1,12.00000015,Lower Delivery,Loading,pitch.0,773589,0.1129,-0.1319,0.1665,0.0009,-0.0279,0.0115,0.0,0.0
1780080240272,1,12.00000018,Upper Delivery,Loading,pitch.0,774877,0.1254,-0.2967,0.503,-0.0884,-0.0304,-0.0012,0.0,0.0
1780080240272,1,Pitching Mound.Delivery,,Loading,pitch.0,772965,0.2383,-0.4286,0.6695,-0.2019,-0.0582,0.0145,0.0,0.0
1780080240272,1,Pitching Mound.Drive,,Loading,pitch.0,774072,-9.1958,35.679,117.1095,99.4719,-139.5789,35.921,0.1222,0.0871
1780080240272,1,Pitching Mound.Parent,,Loading,pitch.0,772221,-8.9575,35.2504,117.779,99.2701,-139.6372,35.9355,0.1215,0.0856
1780080240273,1,11.0000004b,Drive,Loading,pitch.0,774073,-9.3012,35.7502,117.0653,99.3171,-139.5341,36.2135,0.1222,0.087
1780080240273,1,12.00000015,Lower Delivery,Loading,pitch.0,773590,0.099,-0.1001,0.1335,0.0056,-0.0325,0.0148,0.0,0.0
1780080240273,1,12.00000018,Upper Delivery,Loading,pitch.0,774878,0.1191,-0.3476,0.6073,-0.0884,-0.0304,-0.0012,0.0,0.0
1780080240273,1,Pitching Mound.Delivery,,Loading,pitch.0,772966,0.2181,-0.4477,0.7408,-0.2438,-0.0628,0.0204,0.0,0.0
1780080240273,1,Pitching Mound.Drive,,Loading,pitch.0,774073,-9.3012,35.7502,117.0653,99.3171,-139.5341,36.2135,0.1222,0.087
1780080240273,1,Pitching Mound.Parent,,Loading,pitch.0,772222,-9.0831,35.3025,117.8061,99.0732,-139.597,36.2339,0.1214,0.085
1780080240274,1,11.0000004b,Drive,Loading,pitch.0,774074,-9.4263,35.8505,116.9847,99.2362,-139.4482,36.516,0.1222,0.0869
1780080240274,1,12.00000015,Lower Delivery,Loading,pitch.0,773591,0.0737,-0.0785,0.0848,-0.0017,-0.0325,0.0162,0.0,0.0
1780080240274,1,12.00000018,Upper Delivery,Loading,pitch.0,774879,0.1148,-0.3861,0.591,-0.0884,-0.0304,-0.0012,0.0,0.0
1780080240274,1,Pitching Mound.Delivery,,Loading,pitch.0,772967,0.1885,-0.4646,0.6757,-0.2621,-0.0628,0.0289,0.0,0.0
1780080240274,1,Pitching Mound.Drive,,Loading,pitch.0,774074,-9.4263,35.8505,116.9847,99.2362,-139.4482,36.516,0.1222,0.0869
1780080240274,1,Pitching Mound.Parent,,Loading,pitch.0,772223,-9.2378,35.3859,117.6604,98.9741,-139.511,36.545,0.1215,0.085
1780080240275,1,11.0000004b,Drive,Loading,pitch.0,774075,-9.5743,35.9578,116.9755,99.2146,-139.6404,36.8668,0.1224,0.0869
1780080240275,1,12.00000015,Lower Delivery,Loading,pitch.0,773592,0.0821,-0.0899,0.1146,0.0076,-0.0288,0.0187,0.0,0.0
1780080240275,1,12.00000018,Upper Delivery,Loading,pitch.0,774880,0.1184,-0.3491,0.6766,-0.0884,-0.0304,-0.0012,0.0,0.0
1780080240275,1,Pitching Mound.Delivery,,Loading,pitch.0,772968,0.2005,-0.439,0.7913,-0.2718,-0.0591,0.0298,0.0,0.0
1780080240275,1,Pitching Mound.Drive,,Loading,pitch.0,774075,-9.5743,35.9578,116.9755,99.2146,-139.6404,36.8668,0.1224,0.0869
1780080240275,1,Pitching Mound.Parent,,Loading,pitch.0,772224,-9.3738,35.5189,117.7668,98.9428,-139.6996,36.8966,0.1215,0.0847
1780080240276,1,11.0000004b,Drive,Loading,pitch.0,774076,-9.7204,36.0824,116.9769,99.1666,-139.5079,37.2113,0.1222,0.0869
1780080240276,1,12.00000015,Lower Delivery,Loading,pitch.0,773593,0.0997,-0.0909,0.1299,-0.0022,-0.0275,0.0169,0.0,0.0
1780080240276,1,12.00000018,Upper Delivery,Loading,pitch.0,774881,0.1303,-0.3385,0.5703,-0.0884,-0.0304,-0.0012,0.0,0.0
1780080240276,1,Pitching Mound.Delivery,,Loading,pitch.0,772969,0.23,-0.4294,0.7002,-0.2403,-0.0579,0.0261,0.0,0.0
1780080240276,1,Pitching Mound.Drive,,Loading,pitch.0,774076,-9.7204,36.0824,116.9769,99.1666,-139.5079,37.2113,0.1222,0.0869
1780080240276,1,Pitching Mound.Parent,,Loading,pitch.0,772225,-9.4904,35.653,117.677,98.9263,-139.5657,37.2374,0.1215,0.0851
1780080240277,1,11.0000004b,Drive,Loading,pitch.0,774077,-9.8707,36.1993,116.9763,99.208,-139.4165,37.54,0.1222,0.0869
1780080240277,1,12.00000015,Lower Delivery,Loading,pitch.0,773594,0.1326,-0.1063,0.177,-0.0058,-0.0292,0.0165,0.0,0.0
1780080240277,1,12.00000018,Upper Delivery,Loading,pitch.0,774882,0.1315,-0.283,0.4313,-0.0884,-0.0304,-0.0012,0.0,0.0
1780080240277,1,Pitching Mound.Delivery,,Loading,pitch.0,772970,0.2641,-0.3893,0.6083,-0.1806,-0.0595,0.0149,0.0,0.0
1780080240277,1,Pitching Mound.Drive,,Loading,pitch.0,774077,-9.8707,36.1993,116.9763,99.208,-139.4165,37.54,0.1222,0.0869
1780080240277,1,Pitching Mound.Parent,,Loading,pitch.0,772226,-9.6066,35.81,117.5846,99.0273,-139.476,37.5549,0.1215,0.0857
1780080240278,1,11.0000004b,Drive,Loading,pitch.0,774078,-10.0185,36.3069,116.8936,99.3936,-139.5328,37.8486,0.1223,0.0872
1780080240278,1,12.00000015,Lower Delivery,Loading,pitch.0,773595,0.113,-0.0814,0.1519,-0.0105,-0.0249,0.0154,0.0,0.0
1780080240278,1,12.00000018,Upper Delivery,Loading,pitch.0,774883,0.0554,-0.2224,0.2696,-0.0884,-0.0304,-0.0012,0.0,0.0
1780080240278,1,Pitching Mound.Delivery,,Loading,pitch.0,772971,0.1685,-0.3038,0.4215,-0.1389,-0.0553,-0.0054,0.0,0.0
1780080240278,1,Pitching Mound.Drive,,Loading,pitch.0,774078,-10.0185,36.3069,116.8936,99.3936,-139.5328,37.8486,0.1223,0.0872
1780080240278,1,Pitching Mound.Parent,,Loading,pitch.0,772227,-9.85,36.0031,117.3151,99.2547,-139.588,37.8432,0.1219,0.0865
1780080240279,1,11.0000004b,Drive,Loading,pitch.0,774079,-10.1829,36.4135,116.8908,99.4439,-139.632,38.1476,0.1224,0.0872
1780080240279,1,12.00000015,Lower Delivery,Loading,pitch.0,773596,0.1251,-0.1107,0.1932,0.0012,-0.0162,0.0122,0.0,0.0
1780080240279,1,12.00000018,Upper Delivery,Loading,pitch.0,774884,0.0658,-0.2359,0.2988,-0.0884,-0.0304,-0.0012,0.0,0.0
1780080240279,1,Pitching Mound.Delivery,,Loading,pitch.0,772972,0.1909,-0.3465,0.492,-0.123,-0.0465,-0.0091,0.0,0.0
1780080240279,1,Pitching Mound.Drive,,Loading,pitch.0,774079,-10.1829,36.4135,116.8908,99.4439,-139.632,38.1476,0.1224,0.0872
1780080240279,1,Pitching Mound.Parent,,Loading,pitch.0,772228,-9.992,36.0669,117.3829,99.3209,-139.6786,38.1385,0.1219,0.0865
1780080240280,1,11.0000004b,Drive,Loading,pitch.0,774080,-10.3373,36.5244,116.9421,99.6135,-139.7836,38.4498,0.1225,0.0873
1780080240280,1,12.00000015,Lower Delivery,Loading,pitch.0,773597,0.1709,-0.126,0.2644,0.0069,-0.0146,0.0126,0.0,0.0
1780080240280,1,12.00000018,Upper Delivery,Loading,pitch.0,774885,0.007,-0.1853,0.1634,-0.0884,-0.0304,-0.0012,0.0,0.0
1780080240280,1,Pitching Mound.Delivery,,Loading,pitch.0,772973,0.1779,-0.3113,0.4278,-0.0472,-0.045,-0.0444,0.0,0.0
1780080240280,1,Pitching Mound.Drive,,Loading,pitch.0,774080,-10.3373,36.5244,116.9421,99.6135,-139.7836,38.4498,0.1225,0.0873
1780080240280,1,Pitching Mound.Parent,,Loading,pitch.0,772229,-10.1594,36.2131,117.3699,99.5663,-139.8286,38.4055,0.1221,0.0873
1780080240281,1,11.0000004b,Drive,Loading,pitch.0,774081,-10.5123,36.6356,116.965,99.8016,-139.9036,38.7808,0.1226,0.0875
1780080240281,1,12.00000015,Lower Delivery,Loading,pitch.0,773598,0.1926,-0.1422,0.2899,0.0161,-0.012,0.0117,0.0,0.0
1780080240281,1,12.00000018,Upper Delivery,Loading,pitch.0,774886,0.026,-0.1854,0.1907,-0.0884,-0.0304,-0.0012,0.0,0.0
1780080240281,1,Pitching Mound.Delivery,,Loading,pitch.0,772974,0.2186,-0.3277,0.4807,-0.0385,-0.0423,-0.0462,0.0,0.0
1780080240281,1,Pitching Mound.Drive,,Loading,pitch.0,774081,-10.5123,36.6356,116.965,99.8016,-139.9036,38.7808,0.1226,0.0875
1780080240281,1,Pitching Mound.Parent,,Loading,pitch.0,772230,-10.2937,36.3079,117.4456,99.7631,-139.946,38.7346,0.1221,0.0874
1780080240282,1,11.0000004b,Drive,Loading,pitch.0,774082,-10.6725,36.7496,116.9882,99.9838,-139.9317,39.0918,0.1226,0.0876
1780080240282,1,12.00000015,Lower Delivery,Loading,pitch.0,773599,0.2137,-0.1535,0.3166,0.0112,-0.0114,0.0129,0.0,0.0
1780080240282,1,12.00000018,Upper Delivery,Loading,pitch.0,774887,-0.0131,-0.1442,0.0709,-0.0884,-0.0304,-0.0012,0.0,0.0
1780080240282,1,Pitching Mound.Delivery,,Loading,pitch.0,772975,0.2006,-0.2977,0.3876,0.0064,-0.0418,-0.0654,0.0,0.0
1780080240282,1,Pitching Mound.Drive,,Loading,pitch.0,774082,-10.6725,36.7496,116.9882,99.9838,-139.9317,39.0918,0.1226,0.0876
1780080240282,1,Pitching Mound.Parent,,Loading,pitch.0,772231,-10.4719,36.4519,117.3758,99.9901,-139.9735,39.0264,0.1222,0.088
1780080240283,1,11.0000004b,Drive,Loading,pitch.0,774083,-10.8354,36.8498,117.0259,100.1675,-139.9322,39.3972,0.1226,0.0877
1780080240283,1,12.00000015,Lower Delivery,Loading,pitch.0,773600,0.2178,-0.1847,0.3366,0.0151,-0.0101,0.0109,0.0,0.0
1780080240283,1,12.00000018,Upper Delivery,Loading,pitch.0,774888,-0.0117,-0.1474,0.0781,-0.0884,-0.0304,-0.0012,0.0,0.0
1780080240283,1,Pitching Mound.Delivery,,Loading,pitch.0,772976,0.206,-0.3322,0.4148,0.0146,-0.0404,-0.0684,0.0,0.0
1780080240283,1,Pitching Mound.Drive,,Loading,pitch.0,774083,-10.8354,36.8498,117.0259,100.1675,-139.9322,39.3972,0.1226,0.0877
1780080240283,1,Pitching Mound.Parent,,Loading,pitch.0,772232,-10.6294,36.5176,117.4406,100.1821,-139.9726,39.3288,0.1221,0.0882
1780080240284,1,11.0000004b,Drive,Loading,pitch.0,774084,-10.9898,36.9612,117.0834,100.355,-139.9792,39.7187,0.1225,0.0879
1780080240284,1,12.00000015,Lower Delivery,Loading,pitch.0,773601,0.2525,-0.2074,0.3771,0.0182,-0.0146,0.0087,0.0,0.0
1780080240284,1,12.00000018,Upper Delivery,Loading,pitch.0,774889,-0.0101,-0.1444,0.0719,-0.0884,-0.0304,-0.0012,0.0,0.0
1780080240284,1,Pitching Mound.Delivery,,Loading,pitch.0,772977,0.2425,-0.3518,0.449,0.0336,-0.0449,-0.0818,0.0,0.0
1780080240284,1,Pitching Mound.Drive,,Loading,pitch.0,774084,-10.9898,36.9612,117.0834,100.355,-139.9792,39.7187,0.1225,0.0879
1780080240284,1,Pitching Mound.Parent,,Loading,pitch.0,772233,-10.7474,36.6094,117.5324,100.3886,-140.0241,39.6369,0.1221,0.0884
1780080240285,1,11.0000004b,Drive,Loading,pitch.0,774085,-11.1342,37.0753,117.1143,100.61,-140.0785,40.0145,0.1226,0.0881
1780080240285,1,12.00000015,Lower Delivery,Loading,pitch.0,773602,0.2371,-0.2063,0.3549,0.015,-0.0124,0.0078,0.0,0.0
1780080240285,1,12.00000018,Upper Delivery,Loading,pitch.0,774890,-0.0108,-0.1418,0.0674,-0.0884,-0.0304,-0.0012,0.0,0.0
1780080240285,1,Pitching Mound.Delivery,,Loading,pitch.0,772978,0.2264,-0.348,0.4223,0.0243,-0.0428,-0.0777,0.0,0.0
1780080240285,1,Pitching Mound.Drive,,Loading,pitch.0,774085,-11.1342,37.0753,117.1143,100.61,-140.0785,40.0145,0.1226,0.0881
1780080240285,1,Pitching Mound.Parent,,Loading,pitch.0,772234,-10.9078,36.7273,117.5366,100.6343,-140.1212,39.9368,0.1222,0.0886
1780080240286,1,11.0000004b,Drive,Loading,pitch.0,774086,-11.2692,37.1853,117.1901,100.8136,-140.0571,40.3041,0.1225,0.0882
1780080240286,1,12.00000015,Lower Delivery,Loading,pitch.0,773603,0.2442,-0.1962,0.3711,0.012,-0.0136,0.0099,0.0,0.0
1780080240286,1,12.00000018,Upper Delivery,Loading,pitch.0,774891,-0.011,-0.1445,0.0646,-0.0884,-0.0304,-0.0012,0.0,0.0
1780080240286,1,Pitching Mound.Delivery,,Loading,pitch.0,772979,0.2333,-0.3407,0.4357,0.0279,-0.044,-0.0781,0.0,0.0
1780080240286,1,Pitching Mound.Drive,,Loading,pitch.0,774086,-11.2692,37.1853,117.1901,100.8136,-140.0571,40.3041,0.1225,0.0882
1780080240286,1,Pitching Mound.Parent,,Loading,pitch.0,772235,-11.0359,36.8447,117.6258,100.8415,-140.1011,40.226,0.122,0.0887
1780080240287,1,11.0000004b,Drive,Loading,pitch.0,774087,-11.3918,37.2948,117.2704,100.9737,-140.2223,40.5588,0.1226,0.0883
1780080240287,1,12.00000015,Lower Delivery,Loading,pitch.0,773604,0.2223,-0.2126,0.3389,0.019,-0.0097,0.0097,0.0,0.0
1780080240287,1,12.00000018,Upper Delivery,Loading,pitch.0,774892,-0.013,-0.1444,0.062,-0.0884,-0.0304,-0.0012,0.0,0.0
1780080240287,1,Pitching Mound.Delivery,,Loading,pitch.0,772980,0.2092,-0.3571,0.4009,0.0248,-0.0401,-0.0715,0.0,0.0
1780080240287,1,Pitching Mound.Drive,,Loading,pitch.0,774087,-11.3918,37.2948,117.2704,100.9737,-140.2223,40.5588,0.1226,0.0883
1780080240287,1,Pitching Mound.Parent,,Loading,pitch.0,772236,-11.1826,36.9378,117.6714,100.9985,-140.2624,40.4872,0.1221,0.0888
1780080240288,1,11.0000004b,Drive,Loading,pitch.0,774088,-11.5086,37.3955,117.3566,101.2477,-140.5612,40.819,0.1228,0.0884
1780080240288,1,12.00000015,Lower Delivery,Loading,pitch.0,773605,0.2254,-0.191,0.3291,0.0338,-0.002,0.0099,0.0,0.0
1780080240288,1,12.00000018,Upper Delivery,Loading,pitch.0,774893,-0.0134,-0.1357,0.0648,-0.0884,-0.0304,-0.0012,0.0,0.0
1780080240288,1,Pitching Mound.Delivery,,Loading,pitch.0,772981,0.2119,-0.3266,0.394,0.0353,-0.0324,-0.0725,0.0,0.0
1780080240288,1,Pitching Mound.Drive,,Loading,pitch.0,774088,-11.5086,37.3955,117.3566,101.2477,-140.5612,40.819,0.1228,0.0884
1780080240288,1,Pitching Mound.Parent,,Loading,pitch.0,772237,-11.2967,37.0689,117.7506,101.283,-140.5936,40.7465,0.1224,0.0889
1780080240289,1,11.0000004b,Drive,Loading,pitch.0,774089,-11.606,37.4904,117.4631,101.3307,-140.7184,41.1226,0.1228,0.0884
1780080240289,1,12.00000015,Lower Delivery,Loading,pitch.0,773606,0.2173,-0.1858,0.2878,0.0291,-0.0186,0.0051,0.0,0.0
1780080240289,1,12.00000018,Upper Delivery,Loading,pitch.0,774894,-0.0109,-0.1259,0.0611,-0.0884,-0.0304,-0.0012,0.0,0.0
1780080240289,1,Pitching Mound.Delivery,,Loading,pitch.0,772982,0.2064,-0.3117,0.3489,0.0178,-0.0489,-0.0737,0.0,0.0
1780080240289,1,Pitching Mound.Drive,,Loading,pitch.0,774089,-11.606,37.4904,117.4631,101.3307,-140.7184,41.1226,0.1228,0.0884
1780080240289,1,Pitching Mound.Parent,,Loading,pitch.0,772238,-11.3996,37.1788,117.812,101.3485,-140.7673,41.0489,0.1224,0.0888
1780080240290,1,11.0000004b,Drive,Loading,pitch.0,774090,-11.723,37.5963,117.6013,101.5534,-140.8512,41.3848,0.1228,0.0885
1780080240290,1,12.00000015,Lower Delivery,Loading,pitch.0,773607,0.1963,-0.1927,0.2952,0.0075,-0.0231,0.0042,0.0,0.0
1780080240290,1,12.00000018,Upper Delivery,Loading,pitch.0,774895,-0.009,-0.1261,0.0634,-0.0884,-0.0304,-0.0012,0.0,0.0
1780080240290,1,Pitching Mound.Delivery,,Loading,pitch.0,772983,0.1873,-0.3188,0.3586,-0.0021,-0.0534,-0.0668,0.0,0.0
1780080240290,1,Pitching Mound.Drive,,Loading,pitch.0,774090,-11.723,37.5963,117.6013,101.5534,-140.8512,41.3848,0.1228,0.0885
1780080240290,1,Pitching Mound.Parent,,Loading,pitch.0,772239,-11.5357,37.2775,117.9598,101.5513,-140.9046,41.318,0.1224,0.0889
1780080240291,1,11.0000004b,Drive,Loading,pitch.0,774091,-11.8131,37.7003,117.6845,101.7157,-141.1796,41.6361,0.123,0.0886
1780080240291,1,12.00000015,Lower Delivery,Loading,pitch.0,773608,0.1616,-0.1711,0.2144,-0.0024,-0.02,0.0059,0.0,0.0
1780080240291,1,12.00000018,Upper Delivery,Loading,pitch.0,774896,-0.0114,-0.1365,0.0682,-0.0884,-0.0304,-0.0012,0.0,0.0
1780080240291,1,Pitching Mound.Delivery,,Loading,pitch.0,772984,0.1502,-0.3076,0.2826,-0.0411,-0.0504,-0.0541,0.0,0.0
1780080240291,1,Pitching Mound.Drive,,Loading,pitch.0,774091,-11.8131,37.7003,117.6845,101.7157,-141.1796,41.6361,0.123,0.0886
1780080240291,1,Pitching Mound.Parent,,Loading,pitch.0,772240,-11.6629,37.3927,117.9671,101.6746,-141.2299,41.5819,0.1227,0.0888
1780080240292,1,11.0000004b,Drive,Loading,pitch.0,774092,-11.9307,37.8238,117.7988,101.9949,-141.4804,41.8898,0.1231,0.0887
1780080240292,1,12.00000015,Lower Delivery,Loading,pitch.0,773609,0.1338,-0.1271,0.1774,-0.0066,-0.0201,0.0047,0.0,0.0
1780080240292,1,12.00000018,Upper Delivery,Loading,pitch.0,774897,-0.0127,-0.1471,0.0772,-0.0884,-0.0304,-0.0012,0.0,0.0
1780080240292,1,Pitching Mound.Delivery,,Loading,pitch.0,772985,0.1211,-0.2742,0.2546,-0.0609,-0.0504,-0.0463,0.0,0.0
1780080240292,1,Pitching Mound.Drive,,Loading,pitch.0,774092,-11.9307,37.8238,117.7988,101.9949,-141.4804,41.8898,0.1231,0.0887
1780080240292,1,Pitching Mound.Parent,,Loading,pitch.0,772241,-11.8096,37.5496,118.0534,101.9341,-141.5309,41.8435,0.1228,0.0888
1780080240293,1,11.0000004b,Drive,Loading,pitch.0,774093,-12.046,37.9332,117.944,102.1328,-141.8682,42.1341,0.1233,0.0888
1780080240293,1,12.00000015,Lower Delivery,Loading,pitch.0,773610,0.1446,-0.156,0.2321,0.0125,-0.0062,0.0054,0.0,0.0
1780080240293,1,12.00000018,Upper Delivery,Loading,pitch.0,774898,-0.0107,-0.1376,0.0707,-0.0884,-0.0304,-0.0012,0.0,0.0
1780080240293,1,Pitching Mound.Delivery,,Loading,pitch.0,772986,0.1339,-0.2936,0.3028,-0.0209,-0.0366,-0.0486,0.0,0.0
1780080240293,1,Pitching Mound.Drive,,Loading,pitch.0,774093,-12.046,37.9332,117.944,102.1328,-141.8682,42.1341,0.1233,0.0888
1780080240293,1,Pitching Mound.Parent,,Loading,pitch.0,772242,-11.9121,37.6396,118.2468,102.1119,-141.9048,42.0855,0.123,0.089
1780080240294,1,11.0000004b,Drive,Loading,pitch.0,774094,-12.1573,38.0534,118.0419,102.2708,-142.1554,42.3728,0.1234,0.0888
1780080240294,1,12.00000015,Lower Delivery,Loading,pitch.0,773611,0.1553,-0.1503,0.2471,0.0098,-0.0106,0.0069,0.0,0.0
1780080240294,1,12.00000018,Upper Delivery,Loading,pitch.0,774899,-0.007,-0.1386,0.0706,-0.0884,-0.0304,-0.0012,0.0,0.0
1780080240294,1,Pitching Mound.Delivery,,Loading,pitch.0,772987,0.1483,-0.2889,0.3177,-0.0185,-0.041,-0.0495,0.0,0.0
1780080240294,1,Pitching Mound.Drive,,Loading,pitch.0,774094,-12.1573,38.0534,118.0419,102.2708,-142.1554,42.3728,0.1234,0.0888
1780080240294,1,Pitching Mound.Parent,,Loading,pitch.0,772243,-12.009,37.7646,118.3595,102.2523,-142.1964,42.3234,0.1231,0.0891
1780080240295,1,11.0000004b,Drive,Loading,pitch.0,774095,-12.2488,38.1936,118.1468,102.3644,-142.3106,42.5834,0.1235,0.0888
1780080240295,1,12.00000015,Lower Delivery,Loading,pitch.0,773612,0.1138,-0.1318,0.1833,-0.0007,-0.0181,0.0057,0.0,0.0
1780080240295,1,12.00000018,Upper Delivery,Loading,pitch.0,774900,-0.0078,-0.1352,0.0688,-0.0884,-0.0304,-0.0012,0.0,0.0
1780080240295,1,Pitching Mound.Delivery,,Loading,pitch.0,772988,0.1059,-0.267,0.2521,-0.0501,-0.0485,-0.0369,0.0,0.0
1780080240295,1,Pitching Mound.Drive,,Loading,pitch.0,774095,-12.2488,38.1936,118.1468,102.3644,-142.3106,42.5834,0.1235,0.0888
1780080240295,1,Pitching Mound.Parent,,Loading,pitch.0,772244,-12.1429,37.9266,118.3989,102.3143,-142.3591,42.5465,0.1232,0.0889
1780080240296,1,11.0000004b,Drive,Loading,pitch.0,774096,-12.3607,38.341,118.2799,102.5766,-142.4704,42.7836,0.1235,0.0889
1780080240296,1,12.00000015,Lower Delivery,Loading,pitch.0,773613,0.1342,-0.1589,0.2198,0.0007,-0.0228,0.0058,0.0,0.0
1780080240296,1,12.00000018,Upper Delivery,Loading,pitch.0,774901,-0.0081,-0.1285,0.0613,-0.0884,-0.0304,-0.0012,0.0,0.0
1780080240296,1,Pitching Mound.Delivery,,Loading,pitch.0,772989,0.1261,-0.2875,0.2811,-0.0338,-0.0532,-0.0437,0.0,0.0
1780080240296,1,Pitching Mound.Drive,,Loading,pitch.0,774096,-12.3607,38.341,118.2799,102.5766,-142.4704,42.7836,0.1235,0.0889
1780080240296,1,Pitching Mound.Parent,,Loading,pitch.0,772245,-12.2346,38.0535,118.561,102.5428,-142.5236,42.7399,0.1232,0.0891
1780080240297,1,11.0000004b,Drive,Loading,pitch.0,774097,-12.473,38.4942,118.3714,102.8196,-142.6865,43.012,0.1235,0.089
1780080240297,1,12.00000015,Lower Delivery,Loading,pitch.0,773614,0.1256,-0.1585,0.2134,-0.0129,-0.027,0.0054,0.0,0.0
1780080240297,1,12.00000018,Upper Delivery,Loading,pitch.0,774902,-0.0119,-0.1282,0.0848,-0.0884,-0.0304,-0.0012,0.0,0.0
1780080240297,1,Pitching Mound.Delivery,,Loading,pitch.0,772990,0.1137,-0.2868,0.2982,-0.0576,-0.0574,-0.0425,0.0,0.0
1780080240297,1,Pitching Mound.Drive,,Loading,pitch.0,774097,-12.473,38.4942,118.3714,102.8196,-142.6865,43.012,0.1235,0.089
1780080240297,1,Pitching Mound.Parent,,Loading,pitch.0,772246,-12.3593,38.2074,118.6696,102.762,-142.7439,42.9694,0.1232,0.0892
1780080240298,1,11.0000004b,Drive,Loading,pitch.0,774098,-12.5917,38.6367,118.4889,102.953,-142.9107,43.2293,0.1236,0.0891
1780080240298,1,12.00000015,Lower Delivery,Loading,pitch.0,773615,0.108,-0.1481,0.1737,-0.0206,-0.0287,0.004,0.0,0.0
1780080240298,1,12.00000018,Upper Delivery,Loading,pitch.0,774903,-0.0075,-0.1195,0.0658,-0.0884,-0.0304,-0.0012,0.0,0.0
1780080240298,1,Pitching Mound.Delivery,,Loading,pitch.0,772991,0.1006,-0.2676,0.2395,-0.0723,-0.0591,-0.0364,0.0,0.0
1780080240298,1,Pitching Mound.Drive,,Loading,pitch.0,774098,-12.5917,38.6367,118.4889,102.953,-142.9107,43.2293,0.1236,0.0891
1780080240298,1,Pitching Mound.Parent,,Loading,pitch.0,772247,-12.4911,38.3691,118.7284,102.8807,-142.9697,43.1928,0.1234,0.0892
1780080240299,1,11.0000004b,Drive,Loading,pitch.0,774099,-12.699,38.7945,118.636,103.0763,-143.0191,43.4408,0.1236,0.0891
1780080240299,1,12.00000015,Lower Delivery,Loading,pitch.0,773616,0.0844,-0.1464,0.165,-0.0376,-0.0286,0.0058,0.0,0.0
1780080240299,1,12.00000018,Upper Delivery,Loading,pitch.0,774904,-0.0078,-0.1225,0.0729,-0.0884,-0.0304,-0.0012,0.0,0.0
1780080240299,1,Pitching Mound.Delivery,,Loading,pitch.0,772992,0.0766,-0.2688,0.2379,-0.0946,-0.059,-0.0267,0.0,0.0
1780080240299,1,Pitching Mound.Drive,,Loading,pitch.0,774099,-12.699,38.7945,118.636,103.0763,-143.0191,43.4408,0.1236,0.0891
1780080240299,1,Pitching Mound.Parent,,Loading,pitch.0,772248,-12.6223,38.5256,118.8739,102.9818,-143.0782,43.4141,0.1233,0.0891
1780080240300,1,11.0000004b,Drive,Loading,pitch.0,774100,-12.8188,38.9558,118.7188,103.1814,-143.2811,43.6656,0.1237,0.0891
1780080240300,1,11.0000004b,Drive,Loading,pitch.0,774101,-12.9264,39.1024,118.8188,103.2141,-143.6255,43.9091,0.1239,0.089
1780080240300,1,12.00000015,Lower Delivery,Loading,pitch.0,773617,0.1049,-0.1619,0.1904,-0.0365,-0.0249,0.0067,0.0,0.0
1780080240300,1,12.00000018,Upper Delivery,Loading,pitch.0,774905,-0.0072,-0.1122,0.0596,-0.0884,-0.0304,-0.0012,0.0,0.0
1780080240300,1,Pitching Mound.Delivery,,Loading,pitch.0,772993,0.0977,-0.2741,0.2499,-0.0803,-0.0553,-0.0326,0.0,0.0
1780080240300,1,Pitching Mound.Drive,,Loading,pitch.0,774100,-12.8188,38.9558,118.7188,103.1814,-143.2811,43.6656,0.1237,0.0891
1780080240300,1,Pitching Mound.Drive,,Loading,pitch.0,774101,-12.9264,39.1024,118.8188,103.2141,-143.6255,43.9091,0.1239,0.089
1780080240300,1,Pitching Mound.Parent,,Loading,pitch.0,772249,-12.721,38.6817,118.9687,103.1011,-143.3364,43.633,0.1234,0.0893
1780080240301,1,12.00000015,Lower Delivery,Loading,pitch.0,773618,0.0923,-0.1553,0.1532,-0.0251,-0.0248,0.0064,0.0,0.0
1780080240301,1,12.00000018,Upper Delivery,Loading,pitch.0,774906,-0.0095,-0.1061,0.0699,-0.0884,-0.0304,-0.0012,0.0,0.0
1780080240301,1,Pitching Mound.Delivery,,Loading,pitch.0,772994,0.0828,-0.2614,0.2231,-0.0851,-0.0551,-0.0294,0.0,0.0
1780080240301,1,Pitching Mound.Parent,,Loading,pitch.0,772250,-12.8436,38.8411,119.0419,103.129,-143.6806,43.8797,0.1237,0.0891
1780080240302,1,11.0000004b,Drive,Loading,pitch.0,774102,-13.0331,39.2537,118.924,103.2987,-143.8703,44.1497,0.124,0.089
1780080240302,1,11.0000004b,Drive,Loading,pitch.0,774103,-13.1349,39.4031,119.0679,103.3449,-144.2326,44.4491,0.1242,0.089
1780080240302,1,12.00000015,Lower Delivery,Loading,pitch.0,773619,0.0787,-0.1499,0.1282,-0.0154,-0.0171,0.0053,0.0,0.0
1780080240302,1,12.00000018,Upper Delivery,Loading,pitch.0,774907,-0.0113,-0.1076,0.0961,-0.0884,-0.0304,-0.0012,0.0,0.0
1780080240302,1,Pitching Mound.Delivery,,Loading,pitch.0,772995,0.0674,-0.2575,0.2243,-0.0929,-0.0475,-0.0265,0.0,0.0
1780080240302,1,Pitching Mound.Drive,,Loading,pitch.0,774102,-13.0331,39.2537,118.924,103.2987,-143.8703,44.1497,0.124,0.089
1780080240302,1,Pitching Mound.Drive,,Loading,pitch.0,774103,-13.1349,39.4031,119.0679,103.3449,-144.2326,44.4491,0.1242,0.089
1780080240302,1,Pitching Mound.Parent,,Loading,pitch.0,772251,-12.9657,38.9962,119.1483,103.2058,-143.9177,44.1232,0.1238,0.089
1780080240303,1,11.0000004b,Drive,Loading,pitch.0,774104,-13.2468,39.5771,119.1319,103.3495,-144.3967,44.7188,0.1242,0.0889
1780080240303,1,12.00000015,Lower Delivery,Loading,pitch.0,773620,0.0862,-0.161,0.1405,-0.0125,-0.0141,0.0043,0.0,0.0
1780080240303,1,12.00000018,Upper Delivery,Loading,pitch.0,774908,-0.0156,-0.1084,0.1181,-0.0884,-0.0304,-0.0012,0.0,0.0
1780080240303,1,Pitching Mound.Delivery,,Loading,pitch.0,772996,0.0707,-0.2694,0.2586,-0.0932,-0.0444,-0.0315,0.0,0.0
1780080240303,1,Pitching Mound.Drive,,Loading,pitch.0,774104,-13.2468,39.5771,119.1319,103.3495,-144.3967,44.7188,0.1242,0.0889
1780080240303,1,Pitching Mound.Parent,,Loading,pitch.0,772252,-13.0642,39.1337,119.3265,103.2517,-144.277,44.4176,0.1239,0.0888
1780080240304,1,11.0000004b,Drive,Loading,pitch.0,774105,-13.365,39.7236,119.1231,103.2372,-144.5011,45.0215,0.1243,0.0888
1780080240304,1,12.00000015,Lower Delivery,Loading,pitch.0,773621,0.0604,-0.1515,0.123,-0.0147,-0.0116,0.004,0.0,0.0
1780080240304,1,12.00000018,Upper Delivery,Loading,pitch.0,774909,-0.0143,-0.1005,0.0945,-0.0884,-0.0304,-0.0012,0.0,0.0
1780080240304,1,Pitching Mound.Delivery,,Loading,pitch.0,772997,0.0461,-0.252,0.2175,-0.0933,-0.042,-0.0226,0.0,0.0
1780080240304,1,Pitching Mound.Drive,,Loading,pitch.0,774105,-13.365,39.7236,119.1231,103.2372,-144.5011,45.0215,0.1243,0.0888
1780080240304,1,Pitching Mound.Parent,,Loading,pitch.0,772253,-13.2007,39.3251,119.3494,103.2562,-144.4386,44.6962,0.124,0.0888
1780080240305,1,11.0000004b,Drive,Loading,pitch.0,774106,-13.4793,39.8604,119.1796,103.2759,-144.6284,45.2867,0.1244,0.0888
1780080240305,1,12.00000015,Lower Delivery,Loading,pitch.0,773622,0.0735,-0.1394,0.1485,-0.0181,-0.011,0.0029,0.0,0.0
1780080240305,1,12.00000018,Upper Delivery,Loading,pitch.0,774910,-0.0138,-0.0978,0.0802,-0.0884,-0.0304,-0.0012,0.0,0.0
1780080240305,1,Pitching Mound.Delivery,,Loading,pitch.0,772998,0.0597,-0.2372,0.2287,-0.0832,-0.0413,-0.028,0.0,0.0
1780080240305,1,Pitching Mound.Drive,,Loading,pitch.0,774106,-13.4793,39.8604,119.1796,103.2759,-144.6284,45.2867,0.1244,0.0888
1780080240305,1,Pitching Mound.Parent,,Loading,pitch.0,772254,-13.3053,39.4864,119.3518,103.154,-144.5425,44.9935,0.1241,0.0889
1780080240306,1,11.0000004b,Drive,Loading,pitch.0,774107,-13.608,39.9941,119.2383,103.3489,-144.8403,45.5342,0.1245,0.0888
1780080240306,1,12.00000015,Lower Delivery,Loading,pitch.0,773623,0.0758,-0.1303,0.1752,-0.0125,-0.0012,0.0042,0.0,0.0
1780080240306,1,12.00000018,Upper Delivery,Loading,pitch.0,774911,-0.0193,-0.1181,0.1015,-0.0884,-0.0304,-0.0012,0.0,0.0
1780080240306,1,Pitching Mound.Delivery,,Loading,pitch.0,772999,0.0565,-0.2484,0.2766,-0.0758,-0.0315,-0.0294,0.0,0.0
1780080240306,1,Pitching Mound.Drive,,Loading,pitch.0,774107,-13.608,39.9941,119.2383,103.3489,-144.8403,45.5342,0.1245,0.0888
1780080240306,1,Pitching Mound.Parent,,Loading,pitch.0,772255,-13.4227,39.612,119.4562,103.2002,-144.6599,45.2573,0.1241,0.0888
1780080240307,1,11.0000004b,Drive,Loading,pitch.0,774108,-13.7311,40.1558,119.1825,103.3462,-144.7471,45.805,0.1245,0.0889
1780080240307,1,12.00000015,Lower Delivery,Loading,pitch.0,773624,0.0582,-0.1244,0.1379,0.0004,0.0069,0.0055,0.0,0.0
1780080240307,1,12.00000018,Upper Delivery,Loading,pitch.0,774912,-0.0195,-0.1209,0.1003,-0.0884,-0.0304,-0.0012,0.0,0.0
1780080240307,1,Pitching Mound.Delivery,,Loading,pitch.0,773000,0.0388,-0.2453,0.2382,-0.0752,-0.0235,-0.0221,0.0,0.0
1780080240307,1,Pitching Mound.Drive,,Loading,pitch.0,774108,-13.7311,40.1558,119.1825,103.3462,-144.7471,45.805,0.1245,0.0889
1780080240307,1,Pitching Mound.Parent,,Loading,pitch.0,772256,-13.5692,39.7488,119.4765,103.2736,-144.8637,45.512,0.1243,0.0888
1780080240308,1,11.0000004b,Drive,Loading,pitch.0,774109,-13.8566,40.3083,119.1365,103.4231,-144.452,46.1092,0.1243,0.089
1780080240308,1,12.00000015,Lower Delivery,Loading,pitch.0,773625,0.0504,-0.1305,0.1177,0.0045,0.0082,0.0061,0.0,0.0
1780080240308,1,12.00000018,Upper Delivery,Loading,pitch.0,774913,-0.0226,-0.124,0.1182,-0.0884,-0.0304,-0.0012,0.0,0.0
1780080240308,1,Pitching Mound.Delivery,,Loading,pitch.0,773001,0.0278,-0.2545,0.2359,-0.084,-0.0222,-0.0199,0.0,0.0
1780080240308,1,Pitching Mound.Drive,,Loading,pitch.0,774109,-13.8566,40.3083,119.1365,103.4231,-144.452,46.1092,0.1243,0.089
1780080240308,1,Pitching Mound.Parent,,Loading,pitch.0,772257,-13.7033,39.9012,119.4184,103.2622,-144.7692,45.7852,0.1242,0.0887
1780080240309,1,11.0000004b,Drive,Loading,pitch.0,774110,-13.9865,40.4404,119.1762,103.4781,-144.3836,46.3661,0.1242,0.089
1780080240309,1,12.00000015,Lower Delivery,Loading,pitch.0,773626,0.083,-0.1396,0.1904,0.0029,0.0058,0.0075,0.0,0.0
1780080240309,1,12.00000018,Upper Delivery,Loading,pitch.0,774914,-0.0204,-0.1153,0.0797,-0.0884,-0.0304,-0.0012,0.0,0.0
1780080240309,1,Pitching Mound.Delivery,,Loading,pitch.0,773002,0.0625,-0.2549,0.2701,-0.0478,-0.0245,-0.0289,0.0,0.0
1780080240309,1,Pitching Mound.Drive,,Loading,pitch.0,774110,-13.9865,40.4404,119.1762,103.4781,-144.3836,46.3661,0.1242,0.089
1780080240309,1,Pitching Mound.Parent,,Loading,pitch.0,772258,-13.7941,40.0534,119.4066,103.3753,-144.4765,46.0803,0.124,0.0891
1780080240310,1,11.0000004b,Drive,Loading,pitch.0,774111,-14.0949,40.5521,119.279,103.5163,-144.5196,46.5673,0.1242,0.089
1780080240310,1,12.00000015,Lower Delivery,Loading,pitch.0,773627,0.1164,-0.135,0.2049,0.0027,0.001,0.0073,0.0,0.0
1780080240310,1,12.00000018,Upper Delivery,Loading,pitch.0,774915,-0.0249,-0.1357,0.1222,-0.0884,-0.0304,-0.0012,0.0,0.0
1780080240310,1,Pitching Mound.Delivery,,Loading,pitch.0,773003,0.0915,-0.2706,0.3271,-0.0576,-0.0293,-0.0419,0.0,0.0
1780080240310,1,Pitching Mound.Drive,,Loading,pitch.0,774111,-14.0949,40.5521,119.279,103.5163,-144.5196,46.5673,0.1242,0.089
1780080240310,1,Pitching Mound.Parent,,Loading,pitch.0,772259,-13.895,40.1698,119.5032,103.4205,-144.413,46.3242,0.1238,0.089
1780080240311,1,11.0000004b,Drive,Loading,pitch.0,774112,-14.2248,40.681,119.348,103.4636,-144.4071,46.8079,0.124,0.0889
1780080240311,1,12.00000015,Lower Delivery,Loading,pitch.0,773628,0.131,-0.14,0.2226,0.0059,-0.0056,0.0088,0.0,0.0
1780080240311,1,12.00000018,Upper Delivery,Loading,pitch.0,774916,-0.0251,-0.1456,0.1532,-0.0884,-0.0304,-0.0012,0.0,0.0
1780080240311,1,Pitching Mound.Delivery,,Loading,pitch.0,773004,0.1059,-0.2856,0.3758,-0.0589,-0.036,-0.0455,0.0,0.0
1780080240311,1,Pitching Mound.Drive,,Loading,pitch.0,774112,-14.2248,40.681,119.348,103.4636,-144.4071,46.8079,0.124,0.0889
1780080240311,1,Pitching Mound.Parent,,Loading,pitch.0,772260,-13.989,40.2665,119.6549,103.4574,-144.5556,46.5218,0.1238,0.0889
1780080240312,1,11.0000004b,Drive,Loading,pitch.0,774113,-14.3543,40.7983,119.431,103.4808,-144.1661,46.9934,0.1237,0.0888
1780080240312,1,12.00000015,Lower Delivery,Loading,pitch.0,773629,0.1273,-0.136,0.2276,0.0199,0.0028,0.0121,0.0,0.0
1780080240312,1,12.00000018,Upper Delivery,Loading,pitch.0,774917,-0.0238,-0.1393,0.1315,-0.0884,-0.0304,-0.0012,0.0,0.0
1780080240312,1,Pitching Mound.Delivery,,Loading,pitch.0,773005,0.1035,-0.2753,0.3592,-0.0358,-0.0276,-0.0404,0.0,0.0
1780080240312,1,Pitching Mound.Drive,,Loading,pitch.0,774113,-14.3543,40.7983,119.431,103.4808,-144.1661,46.9934,0.1237,0.0888
1780080240312,1,Pitching Mound.Parent,,Loading,pitch.0,772261,-14.1213,40.4057,119.7072,103.4279,-144.4347,46.7675,0.1236,0.0889
1780080240313,1,11.0000004b,Drive,Loading,pitch.0,774114,-14.4664,40.9205,119.5129,103.4754,-144.0992,47.2114,0.1236,0.0887
1780080240313,1,12.00000015,Lower Delivery,Loading,pitch.0,773630,0.1507,-0.1489,0.2408,0.0087,-0.0053,0.0106,0.0,0.0
1780080240313,1,12.00000018,Upper Delivery,Loading,pitch.0,774918,-0.0246,-0.1451,0.1654,-0.0884,-0.0304,-0.0012,0.0,0.0
1780080240313,1,Pitching Mound.Delivery,,Loading,pitch.0,773006,0.126,-0.294,0.4062,-0.0541,-0.0356,-0.0502,0.0,0.0
1780080240313,1,Pitching Mound.Drive,,Loading,pitch.0,774114,-14.4664,40.9205,119.5129,103.4754,-144.0992,47.2114,0.1236,0.0887
1780080240313,1,Pitching Mound.Parent,,Loading,pitch.0,772262,-14.2283,40.5044,119.8372,103.4268,-144.2017,46.9432,0.1233,0.0887
1780080240314,1,11.0000004b,Drive,Loading,pitch.0,774115,-14.567,41.0444,119.5583,103.4211,-144.0043,47.4064,0.1235,0.0887
1780080240314,1,12.00000015,Lower Delivery,Loading,pitch.0,773631,0.1238,-0.1293,0.1897,-0.0032,-0.0149,0.0116,0.0,0.0
1780080240314,1,12.00000018,Upper Delivery,Loading,pitch.0,774919,-0.0197,-0.1391,0.1015,-0.0884,-0.0304,-0.0012,0.0,0.0
1780080240314,1,Pitching Mound.Delivery,,Loading,pitch.0,773007,0.1041,-0.2684,0.2912,-0.0616,-0.0453,-0.0384,0.0,0.0
1780080240314,1,Pitching Mound.Drive,,Loading,pitch.0,774115,-14.567,41.0444,119.5583,103.4211,-144.0043,47.4064,0.1235,0.0887
1780080240314,1,Pitching Mound.Parent,,Loading,pitch.0,772263,-14.3623,40.6522,119.8041,103.4139,-144.1445,47.173,0.1233,0.0888
1780080240315,1,11.0000004b,Drive,Loading,pitch.0,774116,-14.6707,41.1688,119.6129,103.3351,-143.8042,47.6312,0.1232,0.0885
1780080240315,1,12.00000015,Lower Delivery,Loading,pitch.0,773632,0.142,-0.1371,0.211,-0.0043,-0.0205,0.012,0.0,0.0
1780080240315,1,12.00000018,Upper Delivery,Loading,pitch.0,774920,-0.0214,-0.13,0.1458,-0.0884,-0.0304,-0.0012,0.0,0.0
1780080240315,1,Pitching Mound.Delivery,,Loading,pitch.0,773008,0.1206,-0.2672,0.3568,-0.0705,-0.0508,-0.0448,0.0,0.0
1780080240315,1,Pitching Mound.Drive,,Loading,pitch.0,774116,-14.6707,41.1688,119.6129,103.3351,-143.8042,47.6312,0.1232,0.0885
1780080240315,1,Pitching Mound.Parent,,Loading,pitch.0,772264,-14.4464,40.7772,119.9152,103.3507,-144.0552,47.3616,0.1231,0.0886
1780080240316,1,11.0000004b,Drive,Loading,pitch.0,774117,-14.7609,41.2866,119.7241,103.2478,-143.7582,47.753,0.1231,0.0884
1780080240316,1,12.00000015,Lower Delivery,Loading,pitch.0,773633,0.1534,-0.131,0.2071,-0.0066,-0.0266,0.0145,0.0,0.0
1780080240316,1,12.00000018,Upper Delivery,Loading,pitch.0,774921,-0.0201,-0.1303,0.1295,-0.0884,-0.0304,-0.0012,0.0,0.0
1780080240316,1,Pitching Mound.Delivery,,Loading,pitch.0,773009,0.1333,-0.2613,0.3367,-0.0686,-0.0569,-0.0457,0.0,0.0
1780080240316,1,Pitching Mound.Drive,,Loading,pitch.0,774117,-14.7609,41.2866,119.7241,103.2478,-143.7582,47.753,0.1231,0.0884
1780080240316,1,Pitching Mound.Parent,,Loading,pitch.0,772265,-14.5374,40.9075,119.9496,103.2665,-143.8611,47.5855,0.1229,0.0885
1780080240317,1,11.0000004b,Drive,Loading,pitch.0,774118,-14.8475,41.4069,119.7964,103.1449,-143.8572,47.9596,0.1231,0.0882
1780080240317,1,12.00000015,Lower Delivery,Loading,pitch.0,773634,0.1357,-0.0951,0.1709,-0.0016,-0.0282,0.0163,0.0,0.0
1780080240317,1,12.00000018,Upper Delivery,Loading,pitch.0,774922,-0.0185,-0.1308,0.122,-0.0884,-0.0304,-0.0012,0.0,0.0
1780080240317,1,Pitching Mound.Delivery,,Loading,pitch.0,773010,0.1172,-0.2258,0.2929,-0.0733,-0.0585,-0.0374,0.0,0.0
1780080240317,1,Pitching Mound.Drive,,Loading,pitch.0,774118,-14.8475,41.4069,119.7964,103.1449,-143.8572,47.9596,0.1231,0.0882
1780080240317,1,Pitching Mound.Parent,,Loading,pitch.0,772266,-14.6437,41.0608,120.017,103.1745,-143.8167,47.7156,0.1228,0.0883
1780080240318,1,11.0000004b,Drive,Loading,pitch.0,774119,-14.9153,41.5402,119.806,103.0871,-143.4563,48.1373,0.1227,0.0882
1780080240318,1,12.00000015,Lower Delivery,Loading,pitch.0,773635,0.1554,-0.1161,0.2027,-0.0039,-0.0338,0.015,0.0,0.0
1780080240318,1,12.00000018,Upper Delivery,Loading,pitch.0,774923,-0.012,-0.1263,0.0759,-0.0884,-0.0304,-0.0012,0.0,0.0
1780080240318,1,Pitching Mound.Delivery,,Loading,pitch.0,773011,0.1435,-0.2424,0.2786,-0.0492,-0.0642,-0.0431,0.0,0.0
1780080240318,1,Pitching Mound.Drive,,Loading,pitch.0,774119,-14.9153,41.5402,119.806,103.0871,-143.4563,48.1373,0.1227,0.0882
1780080240318,1,Pitching Mound.Parent,,Loading,pitch.0,772267,-14.704,41.1646,120.0749,103.0957,-143.9214,47.9165,0.1228,0.0884
1780080240319,1,11.0000004b,Drive,Loading,pitch.0,774120,-14.9848,41.6661,119.8587,102.9454,-143.2349,48.295,0.1225,0.088
1780080240319,1,12.00000015,Lower Delivery,Loading,pitch.0,773636,0.1341,-0.1018,0.1553,-0.0071,-0.0204,0.0127,0.0,0.0
1780080240319,1,12.00000018,Upper Delivery,Loading,pitch.0,774924,-0.0139,-0.1348,0.0766,-0.0884,-0.0304,-0.0012,0.0,0.0
1780080240319,1,Pitching Mound.Delivery,,Loading,pitch.0,773012,0.1202,-0.2367,0.2319,-0.0687,-0.0507,-0.0388,0.0,0.0
1780080240319,1,Pitching Mound.Drive,,Loading,pitch.0,774120,-14.9848,41.6661,119.8587,102.9454,-143.2349,48.295,0.1225,0.088
1780080240319,1,Pitching Mound.Parent,,Loading,pitch.0,772268,-14.7951,41.3035,120.0379,103.0184,-143.5071,48.0985,0.1225,0.0882
1780080240320,1,11.0000004b,Drive,Loading,pitch.0,774121,-15.0313,41.7844,119.866,102.9027,-143.0093,48.4243,0.1223,0.088
1780080240320,1,12.00000015,Lower Delivery,Loading,pitch.0,773637,0.1234,-0.0796,0.1272,-0.0022,-0.0161,0.0094,0.0,0.0
1780080240320,1,12.00000018,Upper Delivery,Loading,pitch.0,774925,-0.0123,-0.1421,0.1356,-0.0884,-0.0304,-0.0012,0.0,0.0
1780080240320,1,Pitching Mound.Delivery,,Loading,pitch.0,773013,0.1112,-0.2217,0.2628,-0.0935,-0.0465,-0.0379,0.0,0.0
1780080240320,1,Pitching Mound.Drive,,Loading,pitch.0,774121,-15.0313,41.7844,119.866,102.9027,-143.0093,48.4243,0.1223,0.088
1780080240320,1,Pitching Mound.Parent,,Loading,pitch.0,772269,-14.8737,41.4445,120.1215,102.8519,-143.2813,48.2571,0.1222,0.0878
1780080240321,1,11.0000004b,Drive,Loading,pitch.0,774122,-15.0862,41.9062,119.9508,102.9073,-142.6798,48.5115,0.1219,0.0879
1780080240321,1,12.00000015,Lower Delivery,Loading,pitch.0,773638,0.1216,-0.0781,0.1276,-0.0048,-0.0129,0.0095,0.0,0.0
1780080240321,1,12.00000018,Upper Delivery,Loading,pitch.0,774926,-0.0162,-0.1429,0.1185,-0.0884,-0.0304,-0.0012,0.0,0.0
1780080240321,1,Pitching Mound.Delivery,,Loading,pitch.0,773014,0.1054,-0.2211,0.2461,-0.0901,-0.0433,-0.0385,0.0,0.0
1780080240321,1,Pitching Mound.Drive,,Loading,pitch.0,774122,-15.0862,41.9062,119.9508,102.9073,-142.6798,48.5115,0.1219,0.0879
1780080240321,1,Pitching Mound.Parent,,Loading,pitch.0,772270,-14.9259,41.5633,120.1121,102.8127,-143.0526,48.3858,0.122,0.0878
1780080240322,1,11.0000004b,Drive,Loading,pitch.0,774123,-15.1268,42.0196,119.9733,102.7416,-142.4756,48.6338,0.1217,0.0878
1780080240322,1,12.00000015,Lower Delivery,Loading,pitch.0,773639,0.1013,-0.0758,0.1022,-0.0055,-0.0098,0.0071,0.0,0.0
1780080240322,1,12.00000018,Upper Delivery,Loading,pitch.0,774927,0.0216,-0.1731,0.1544,-0.0884,-0.0304,-0.0012,0.0,0.0
1780080240322,1,Pitching Mound.Delivery,,Loading,pitch.0,773015,0.1229,-0.2489,0.2567,-0.1116,-0.0402,-0.0212,0.0,0.0
1780080240322,1,Pitching Mound.Drive,,Loading,pitch.0,774123,-15.1268,42.0196,119.9733,102.7416,-142.4756,48.6338,0.1217,0.0878
1780080240322,1,Pitching Mound.Parent,,Loading,pitch.0,772271,-14.9634,41.6573,120.2075,102.7958,-142.72,48.4903,0.1217,0.0876
1780080240323,1,11.0000004b,Drive,Loading,pitch.0,774124,-15.1684,42.1532,119.9507,102.6505,-142.269,48.7061,0.1216,0.0877
1780080240323,1,12.00000015,Lower Delivery,Loading,pitch.0,773640,0.0972,-0.0574,0.1,-0.0094,-0.0104,0.0105,0.0,0.0
1780080240323,1,12.00000018,Upper Delivery,Loading,pitch.0,774928,-0.0018,-0.153,0.1091,-0.0884,-0.0304,-0.0012,0.0,0.0
1780080240323,1,Pitching Mound.Delivery,,Loading,pitch.0,773016,0.0954,-0.2104,0.2091,-0.1009,-0.0408,-0.0244,0.0,0.0
1780080240323,1,Pitching Mound.Drive,,Loading,pitch.0,774124,-15.1684,42.1532,119.9507,102.6505,-142.269,48.7061,0.1216,0.0877
1780080240323,1,Pitching Mound.Parent,,Loading,pitch.0,772272,-15.0314,41.8092,120.1824,102.6408,-142.5164,48.6094,0.1215,0.0876
1780080240324,1,11.0000004b,Drive,Loading,pitch.0,774125,-15.2096,42.2546,119.9049,102.4973,-141.9072,48.7797,0.1213,0.0876
1780080240324,1,12.00000015,Lower Delivery,Loading,pitch.0,773641,0.0901,-0.0587,0.107,-0.0068,-0.0121,0.0103,0.0,0.0
1780080240324,1,12.00000018,Upper Delivery,Loading,pitch.0,774929,-0.0142,-0.151,0.0792,-0.0884,-0.0304,-0.0012,0.0,0.0
1780080240324,1,Pitching Mound.Delivery,,Loading,pitch.0,773017,0.0759,-0.2097,0.1862,-0.0857,-0.0425,-0.0264,0.0,0.0
1780080240324,1,Pitching Mound.Drive,,Loading,pitch.0,774125,-15.2096,42.2546,119.9049,102.4973,-141.9072,48.7797,0.1213,0.0876
1780080240324,1,Pitching Mound.Parent,,Loading,pitch.0,772273,-15.0925,41.9435,120.1368,102.5648,-142.3115,48.6797,0.1214,0.0877
1780080240325,1,11.0000004b,Drive,Loading,pitch.0,774126,-15.2539,42.3941,119.8685,102.3255,-141.2438,48.9241,0.1208,0.0875
1780080240325,1,12.00000015,Lower Delivery,Loading,pitch.0,773642,0.0934,-0.0464,0.105,-0.0042,-0.0123,0.0097,0.0,0.0
1780080240325,1,12.00000018,Upper Delivery,Loading,pitch.0,774930,0.0024,-0.1669,0.1298,-0.0884,-0.0304,-0.0012,0.0,0.0
1780080240325,1,Pitching Mound.Delivery,,Loading,pitch.0,773018,0.0958,-0.2134,0.2347,-0.101,-0.0427,-0.0224,0.0,0.0
1780080240325,1,Pitching Mound.Drive,,Loading,pitch.0,774126,-15.2539,42.3941,119.8685,102.3255,-141.2438,48.9241,0.1208,0.0875
1780080240325,1,Pitching Mound.Parent,,Loading,pitch.0,772274,-15.1139,42.0412,120.1397,102.3963,-141.9499,48.7573,0.1211,0.0874
1780080240326,1,11.0000004b,Drive,Loading,pitch.0,774127,-15.2947,42.5324,119.7965,102.2871,-140.6165,48.9955,0.1203,0.0875
1780080240326,1,12.00000015,Lower Delivery,Loading,pitch.0,773643,0.0881,-0.057,0.1053,0.0188,-0.0008,0.0114,0.0,0.0
1780080240326,1,12.00000018,Upper Delivery,Loading,pitch.0,774931,-0.0064,-0.1645,0.097,-0.0884,-0.0304,-0.0012,0.0,0.0
1780080240326,1,Pitching Mound.Delivery,,Loading,pitch.0,773019,0.0816,-0.2215,0.2023,-0.0667,-0.0311,-0.0219,0.0,0.0
1780080240326,1,Pitching Mound.Drive,,Loading,pitch.0,774127,-15.2947,42.5324,119.7965,102.2871,-140.6165,48.9955,0.1203,0.0875
1780080240326,1,Pitching Mound.Parent,,Loading,pitch.0,772275,-15.1723,42.1727,120.0708,102.2588,-141.2749,48.9022,0.1206,0.0874
1780080240327,1,11.0000004b,Drive,Loading,pitch.0,774128,-15.3217,42.6404,119.8695,102.2276,-140.3537,49.0355,0.12,0.0874
1780080240327,1,12.00000015,Lower Delivery,Loading,pitch.0,773644,0.0844,-0.0551,0.093,0.0073,-0.0058,0.0107,0.0,0.0
1780080240327,1,12.00000018,Upper Delivery,Loading,pitch.0,774932,-0.0007,-0.1766,0.1162,-0.0884,-0.0304,-0.0012,0.0,0.0
1780080240327,1,Pitching Mound.Delivery,,Loading,pitch.0,773020,0.0837,-0.2317,0.2092,-0.0889,-0.0361,-0.0194,0.0,0.0
1780080240327,1,Pitching Mound.Drive,,Loading,pitch.0,774128,-15.3217,42.6404,119.8695,102.2276,-140.3537,49.0355,0.12,0.0874
1780080240327,1,Pitching Mound.Parent,,Loading,pitch.0,772276,-15.211,42.3007,120.0056,102.1982,-140.6527,48.9761,0.1201,0.0873
1780080240328,1,11.0000004b,Drive,Loading,pitch.0,774129,-15.3651,42.8107,119.7773,102.0483,-139.5573,49.1574,0.1194,0.0873
1780080240328,1,12.00000015,Lower Delivery,Loading,pitch.0,773645,0.0991,-0.0788,0.1203,0.0082,-0.0057,0.0076,0.0,0.0
1780080240328,1,12.00000018,Upper Delivery,Loading,pitch.0,774933,-0.0053,-0.1628,0.1035,-0.0884,-0.0304,-0.0012,0.0,0.0
1780080240328,1,Pitching Mound.Delivery,,Loading,pitch.0,773021,0.0938,-0.2416,0.2239,-0.0745,-0.0361,-0.0291,0.0,0.0
1780080240328,1,Pitching Mound.Drive,,Loading,pitch.0,774129,-15.3651,42.8107,119.7773,102.0483,-139.5573,49.1574,0.1194,0.0873
1780080240328,1,Pitching Mound.Parent,,Loading,pitch.0,772277,-15.2278,42.3988,120.0934,102.1531,-140.3898,49.0064,0.1198,0.0873
1780080240329,1,11.0000004b,Drive,Loading,pitch.0,774130,-15.3841,42.9322,119.7872,101.8513,-139.4203,49.1735,0.1193,0.0871
1780080240329,1,12.00000015,Lower Delivery,Loading,pitch.0,773646,0.0835,-0.0722,0.1058,0.0274,0.0069,0.008,0.0,0.0
1780080240329,1,12.00000018,Upper Delivery,Loading,pitch.0,774934,0.0541,-0.2173,0.2264,-0.0884,-0.0304,-0.0012,0.0,0.0
1780080240329,1,Pitching Mound.Delivery,,Loading,pitch.0,773022,0.1376,-0.2895,0.3322,-0.1019,-0.0235,-0.0032,0.0,0.0
1780080240329,1,Pitching Mound.Drive,,Loading,pitch.0,774130,-15.3841,42.9322,119.7872,101.8513,-139.4203,49.1735,0.1193,0.0871
1780080240329,1,Pitching Mound.Parent,,Loading,pitch.0,772278,-15.2275,42.5212,120.1095,101.9464,-139.5808,49.1542,0.1191,0.0867
1780080240330,1,11.0000004b,Drive,Loading,pitch.0,774131,-15.4273,43.0924,119.7362,101.576,-139.0661,49.2818,0.119,0.0869
1780080240330,1,12.00000015,Lower Delivery,Loading,pitch.0,773647,0.1213,-0.1004,0.1636,0.038,0.0034,0.01,0.0,0.0
1780080240330,1,12.00000018,Upper Delivery,Loading,pitch.0,774935,0.0268,-0.1965,0.1841,-0.0884,-0.0304,-0.0012,0.0,0.0
1780080240330,1,Pitching Mound.Delivery,,Loading,pitch.0,773023,0.1481,-0.2969,0.3477,-0.0574,-0.027,-0.0234,0.0,0.0
1780080240330,1,Pitching Mound.Drive,,Loading,pitch.0,774131,-15.4273,43.0924,119.7362,101.576,-139.0661,49.2818,0.119,0.0869
1780080240330,1,Pitching Mound.Parent,,Loading,pitch.0,772279,-15.2361,42.6353,120.1348,101.7939,-139.4473,49.1502,0.1189,0.0868
1780080240331,1,11.0000004b,Drive,Loading,pitch.0,774132,-15.4419,43.2165,119.7809,101.4083,-138.7707,49.3124,0.1187,0.0868
1780080240331,1,12.00000015,Lower Delivery,Loading,pitch.0,773648,0.1209,-0.1094,0.1353,0.0259,0.0009,0.009,0.0,0.0
1780080240331,1,12.00000018,Upper Delivery,Loading,pitch.0,774936,0.0155,-0.1944,0.1507,-0.0884,-0.0304,-0.0012,0.0,0.0
1780080240331,1,Pitching Mound.Delivery,,Loading,pitch.0,773024,0.1364,-0.3038,0.286,-0.0677,-0.0295,-0.028,0.0,0.0
1780080240331,1,Pitching Mound.Drive,,Loading,pitch.0,774132,-15.4419,43.2165,119.7809,101.4083,-138.7707,49.3124,0.1187,0.0868
1780080240331,1,Pitching Mound.Parent,,Loading,pitch.0,772280,-15.2908,42.7887,120.0222,101.5083,-139.0955,49.2538,0.1188,0.0867
1780080240332,1,11.0000004b,Drive,Loading,pitch.0,774133,-15.4738,43.3528,119.6943,101.0669,-138.406,49.4384,0.1185,0.0865
1780080240332,1,12.00000015,Lower Delivery,Loading,pitch.0,773649,0.1468,-0.1279,0.1418,0.0351,-0.0019,0.0083,0.0,0.0
1780080240332,1,12.00000015,Lower Delivery,Loading,pitch.0,773650,0.1518,-0.1384,0.1522,0.025,-0.0053,0.0081,0.0,0.0
1780080240332,1,12.00000018,Upper Delivery,Loading,pitch.0,774937,-0.0125,-0.1542,0.1042,-0.0884,-0.0304,-0.0012,0.0,0.0
1780080240332,1,Pitching Mound.Delivery,,Loading,pitch.0,773025,0.1342,-0.2822,0.246,-0.0405,-0.0323,-0.0471,0.0,0.0
1780080240332,1,Pitching Mound.Drive,,Loading,pitch.0,774133,-15.4738,43.3528,119.6943,101.0669,-138.406,49.4384,0.1185,0.0865
1780080240332,1,Pitching Mound.Parent,,Loading,pitch.0,772281,-15.3077,42.9343,120.0269,101.3678,-138.8029,49.2653,0.1185,0.0867
1780080240333,1,11.0000004b,Drive,Loading,pitch.0,774134,-15.4889,43.4917,119.6694,100.8537,-137.7666,49.4882,0.118,0.0864
1780080240333,1,12.00000018,Upper Delivery,Loading,pitch.0,774938,-0.0072,-0.157,0.098,-0.0884,-0.0304,-0.0012,0.0,0.0
1780080240333,1,Pitching Mound.Delivery,,Loading,pitch.0,773026,0.1445,-0.2953,0.2501,-0.045,-0.0357,-0.0471,0.0,0.0
1780080240333,1,Pitching Mound.Drive,,Loading,pitch.0,774134,-15.4889,43.4917,119.6694,100.8537,-137.7666,49.4882,0.118,0.0864
1780080240333,1,Pitching Mound.Parent,,Loading,pitch.0,772282,-15.3293,43.0574,119.9445,101.022,-138.4417,49.3913,0.1183,0.0865
1780080240334,1,11.0000004b,Drive,Loading,pitch.0,774135,-15.518,43.6091,119.7241,100.792,-137.5237,49.5392,0.1177,0.0863
1780080240334,1,12.00000015,Lower Delivery,Loading,pitch.0,773651,0.1823,-0.1579,0.1641,0.03,-0.0057,0.0059,0.0,0.0
1780080240334,1,12.00000018,Upper Delivery,Loading,pitch.0,774939,-0.0178,-0.1459,0.0734,-0.0884,-0.0304,-0.0012,0.0,0.0
1780080240334,1,Pitching Mound.Delivery,,Loading,pitch.0,773027,0.1646,-0.3038,0.2375,-0.0276,-0.0361,-0.0633,0.0,0.0
1780080240334,1,Pitching Mound.Drive,,Loading,pitch.0,774135,-15.518,43.6091,119.7241,100.792,-137.5237,49.5392,0.1177,0.0863
1780080240334,1,Pitching Mound.Parent,,Loading,pitch.0,772283,-15.3243,43.1879,119.9069,100.8261,-137.8027,49.4249,0.1178,0.0865
1780080240335,1,11.0000004b,Drive,Loading,pitch.0,774136,-15.5474,43.8023,119.6578,100.4291,-136.7755,49.7354,0.1172,0.086
1780080240335,1,12.00000015,Lower Delivery,Loading,pitch.0,773652,0.1871,-0.1661,0.1817,0.037,0.0051,0.0063,0.0,0.0
1780080240335,1,12.00000018,Upper Delivery,Loading,pitch.0,774940,-0.018,-0.1354,0.0656,-0.0884,-0.0304,-0.0012,0.0,0.0
1780080240335,1,Pitching Mound.Delivery,,Loading,pitch.0,773028,0.1691,-0.3015,0.2473,-0.0119,-0.0252,-0.0646,0.0,0.0
1780080240335,1,Pitching Mound.Drive,,Loading,pitch.0,774136,-15.5474,43.8023,119.6578,100.4291,-136.7755,49.7354,0.1172,0.086
1780080240335,1,Pitching Mound.Parent,,Loading,pitch.0,772284,-15.3489,43.3077,119.9713,100.78,-137.5489,49.4746,0.1175,0.0864
1780080240336,1,11.0000004b,Drive,Loading,pitch.0,774137,-15.5757,43.9228,119.6637,100.222,-136.2627,49.7509,0.1167,0.0858
1780080240336,1,12.00000015,Lower Delivery,Loading,pitch.0,773653,0.2176,-0.1718,0.2203,0.0387,-0.0003,0.0056,0.0,0.0
1780080240336,1,12.00000018,Upper Delivery,Loading,pitch.0,774941,-0.018,-0.1395,0.0684,-0.0884,-0.0304,-0.0012,0.0,0.0
1780080240336,1,Pitching Mound.Delivery,,Loading,pitch.0,773029,0.1996,-0.3113,0.2887,0.0019,-0.0307,-0.0757,0.0,0.0
1780080240336,1,Pitching Mound.Drive,,Loading,pitch.0,774137,-15.5757,43.9228,119.6637,100.222,-136.2627,49.7509,0.1167,0.0858
1780080240336,1,Pitching Mound.Parent,,Loading,pitch.0,772285,-15.3478,43.491,119.9465,100.431,-136.8062,49.6597,0.1169,0.0862
1780080240337,1,11.0000004b,Drive,Loading,pitch.0,774138,-15.6097,44.0558,119.6871,100.0112,-135.8118,49.7945,0.1163,0.0856
1780080240337,1,12.00000015,Lower Delivery,Loading,pitch.0,773655,0.163,-0.1761,0.116,0.0117,-0.0088,0.0045,0.0,0.0
1780080240337,1,12.00000015,Lower Delivery,Loading,pitch.0,773654,0.1859,-0.1661,0.143,0.0332,0.0015,0.0074,0.0,0.0
1780080240337,1,12.00000018,Upper Delivery,Loading,pitch.0,774942,-0.017,-0.1341,0.0666,-0.0884,-0.0304,-0.0012,0.0,0.0
1780080240337,1,Pitching Mound.Delivery,,Loading,pitch.0,773030,0.1689,-0.3002,0.2096,-0.0292,-0.0289,-0.0628,0.0,0.0
1780080240337,1,Pitching Mound.Drive,,Loading,pitch.0,774138,-15.6097,44.0558,119.6871,100.0112,-135.8118,49.7945,0.1163,0.0856
1780080240337,1,Pitching Mound.Parent,,Loading,pitch.0,772286,-15.4067,43.6226,119.8733,100.1928,-136.2916,49.6881,0.1165,0.0859
1780080240338,1,11.0000004b,Drive,Loading,pitch.0,774139,-15.6515,44.2174,119.5862,99.5869,-135.2832,49.9007,0.1159,0.0854
1780080240338,1,12.00000015,Lower Delivery,Loading,pitch.0,773656,0.199,-0.1823,0.1914,0.009,-0.0198,0.007,0.0,0.0
1780080240338,1,12.00000018,Upper Delivery,Loading,pitch.0,774943,-0.015,-0.1344,0.0671,-0.0884,-0.0304,-0.0012,0.0,0.0
1780080240338,1,Pitching Mound.Delivery,,Loading,pitch.0,773031,0.148,-0.3105,0.1831,-0.0601,-0.0392,-0.0572,0.0,0.0
1780080240338,1,Pitching Mound.Drive,,Loading,pitch.0,774139,-15.6515,44.2174,119.5862,99.5869,-135.2832,49.9007,0.1159,0.0854
1780080240338,1,Pitching Mound.Parent,,Loading,pitch.0,772287,-15.4618,43.7453,119.8702,99.9511,-135.8509,49.7373,0.1161,0.0857
1780080240339,1,11.0000004b,Drive,Loading,pitch.0,774140,-15.7076,44.3545,119.5667,99.2604,-134.6571,50.0155,0.1154,0.0851
1780080240339,1,12.00000018,Upper Delivery,Loading,pitch.0,774944,-0.0136,-0.1294,0.0731,-0.0884,-0.0304,-0.0012,0.0,0.0
1780080240339,1,Pitching Mound.Delivery,,Loading,pitch.0,773032,0.1855,-0.3117,0.2645,-0.0391,-0.0502,-0.0664,0.0,0.0
1780080240339,1,Pitching Mound.Drive,,Loading,pitch.0,774140,-15.7076,44.3545,119.5667,99.2604,-134.6571,50.0155,0.1154,0.0851
1780080240339,1,Pitching Mound.Parent,,Loading,pitch.0,772288,-15.466,43.9056,119.8508,99.5477,-135.3334,49.8343,0.1157,0.0855
1780080240340,1,11.0000004b,Drive,Loading,pitch.0,774141,-15.7592,44.4697,119.6036,99.0544,-134.4381,50.0202,0.1152,0.0849
1780080240340,1,12.00000015,Lower Delivery,Loading,pitch.0,773657,0.1636,-0.1613,0.1934,-0.0145,-0.0328,0.0088,0.0,0.0
1780080240340,1,12.00000018,Upper Delivery,Loading,pitch.0,774945,-0.0152,-0.1249,0.0655,-0.0884,-0.0304,-0.0012,0.0,0.0
1780080240340,1,Pitching Mound.Delivery,,Loading,pitch.0,773033,0.1484,-0.2862,0.259,-0.0594,-0.0632,-0.0532,0.0,0.0
1780080240340,1,Pitching Mound.Drive,,Loading,pitch.0,774141,-15.7592,44.4697,119.6036,99.0544,-134.4381,50.0202,0.1152,0.0849
1780080240340,1,Pitching Mound.Parent,,Loading,pitch.0,772289,-15.5592,44.0684,119.8256,99.201,-134.7203,49.9623,0.1152,0.0853
1780080240341,1,11.0000004b,Drive,Loading,pitch.0,774142,-15.7997,44.6012,119.6156,98.8163,-134.0729,50.11,0.1149,0.0847
1780080240341,1,12.00000015,Lower Delivery,Loading,pitch.0,773658,0.1303,-0.1526,0.1669,-0.0311,-0.0399,0.0058,0.0,0.0
1780080240341,1,12.00000018,Upper Delivery,Loading,pitch.0,774946,-0.0117,-0.1123,0.0641,-0.0884,-0.0304,-0.0012,0.0,0.0
1780080240341,1,Pitching Mound.Delivery,,Loading,pitch.0,773034,0.1186,-0.2649,0.231,-0.0845,-0.0703,-0.0437,0.0,0.0
1780080240341,1,Pitching Mound.Drive,,Loading,pitch.0,774142,-15.7997,44.6012,119.6156,98.8163,-134.0729,50.11,0.1149,0.0847
1780080240341,1,Pitching Mound.Parent,,Loading,pitch.0,772290,-15.6406,44.2048,119.8346,98.9698,-134.5084,49.9765,0.115,0.085
1780080240342,1,11.0000004b,Drive,Loading,pitch.0,774143,-15.865,44.7415,119.5937,98.5239,-133.5525,50.22,0.1145,0.0844
1780080240342,1,12.00000015,Lower Delivery,Loading,pitch.0,773660,0.0864,-0.1574,0.1944,-0.0443,-0.0387,0.007,0.0,0.0
1780080240342,1,12.00000015,Lower Delivery,Loading,pitch.0,773659,0.1189,-0.1617,0.2147,-0.0394,-0.0418,0.0078,0.0,0.0
1780080240342,1,12.00000018,Upper Delivery,Loading,pitch.0,774947,-0.0131,-0.1146,0.0567,-0.0884,-0.0304,-0.0012,0.0,0.0
1780080240342,1,Pitching Mound.Delivery,,Loading,pitch.0,773035,0.1058,-0.2762,0.2714,-0.074,-0.0721,-0.0383,0.0,0.0
1780080240342,1,Pitching Mound.Drive,,Loading,pitch.0,774143,-15.865,44.7415,119.5937,98.5239,-133.5525,50.22,0.1145,0.0844
1780080240342,1,Pitching Mound.Parent,,Loading,pitch.0,772291,-15.6939,44.3249,119.8871,98.7423,-134.145,50.0717,0.1146,0.0849
1780080240343,1,11.0000004b,Drive,Loading,pitch.0,774144,-15.9145,44.8671,119.6212,98.2989,-133.1944,50.3055,0.1141,0.0842
1780080240343,1,12.00000018,Upper Delivery,Loading,pitch.0,774948,-0.0132,-0.1168,0.0582,-0.0884,-0.0304,-0.0012,0.0,0.0
1780080240343,1,Pitching Mound.Delivery,,Loading,pitch.0,773036,0.0732,-0.2742,0.2525,-0.0863,-0.0691,-0.028,0.0,0.0
1780080240343,1,Pitching Mound.Drive,,Loading,pitch.0,774144,-15.9145,44.8671,119.6212,98.2989,-133.1944,50.3055,0.1141,0.0842
1780080240343,1,Pitching Mound.Parent,,Loading,pitch.0,772292,-15.7918,44.4673,119.8462,98.4376,-133.6215,50.192,0.1142,0.0846
1780080240344,1,11.0000004b,Drive,Loading,pitch.0,774145,-15.9657,44.9859,119.6351,98.025,-133.1636,50.3451,0.1141,0.084
1780080240344,1,12.00000015,Lower Delivery,Loading,pitch.0,773661,0.0539,-0.1565,0.1369,-0.0477,-0.0503,0.0073,0.0,0.0
1780080240344,1,12.00000018,Upper Delivery,Loading,pitch.0,774949,-0.0112,-0.1135,0.0592,-0.0884,-0.0304,-0.0012,0.0,0.0
1780080240344,1,Pitching Mound.Delivery,,Loading,pitch.0,773037,0.0427,-0.2699,0.1961,-0.1097,-0.0807,-0.0161,0.0,0.0
1780080240344,1,Pitching Mound.Drive,,Loading,pitch.0,774145,-15.9657,44.9859,119.6351,98.025,-133.1636,50.3451,0.1141,0.084
1780080240344,1,Pitching Mound.Parent,,Loading,pitch.0,772293,-15.8718,44.5971,119.8173,98.1892,-133.2751,50.2895,0.1139,0.0843
1780080240345,1,11.0000004b,Drive,Loading,pitch.0,774146,-16.025,45.0829,119.6108,97.7387,-132.8108,50.4132,0.1138,0.0838
1780080240345,1,12.00000015,Lower Delivery,Loading,pitch.0,773663,0.0457,-0.1309,0.0812,-0.0328,-0.0515,0.0083,0.0,0.0
1780080240345,1,12.00000015,Lower Delivery,Loading,pitch.0,773662,0.0539,-0.1711,0.1932,-0.0387,-0.0447,0.0092,0.0,0.0
1780080240345,1,12.00000018,Upper Delivery,Loading,pitch.0,774950,-0.0075,-0.1089,0.06,-0.0884,-0.0304,-0.0012,0.0,0.0
1780080240345,1,Pitching Mound.Delivery,,Loading,pitch.0,773038,0.0464,-0.28,0.2532,-0.0817,-0.075,-0.0129,0.0,0.0
1780080240345,1,Pitching Mound.Drive,,Loading,pitch.0,774146,-16.025,45.0829,119.6108,97.7387,-132.8108,50.4132,0.1138,0.0838
1780080240345,1,Pitching Mound.Parent,,Loading,pitch.0,772294,-15.9193,44.7059,119.8883,97.9433,-133.2386,50.3322,0.1138,0.0842
1780080240346,1,11.0000004b,Drive,Loading,pitch.0,774147,-16.0932,45.2075,119.5573,97.4366,-132.2546,50.5404,0.1134,0.0835
1780080240346,1,12.00000015,Lower Delivery,Loading,pitch.0,773664,0.0716,-0.1357,0.1236,-0.0187,-0.0381,0.0109,0.0,0.0
1780080240346,1,12.00000018,Upper Delivery,Loading,pitch.0,774951,-0.0082,-0.103,0.0556,-0.0884,-0.0304,-0.0012,0.0,0.0
1780080240346,1,Pitching Mound.Delivery,,Loading,pitch.0,773039,0.0375,-0.234,0.1368,-0.1125,-0.0818,-0.0112,0.0,0.0
1780080240346,1,Pitching Mound.Drive,,Loading,pitch.0,774147,-16.0932,45.2075,119.5573,97.4366,-132.2546,50.5404,0.1134,0.0835
1780080240346,1,Pitching Mound.Parent,,Loading,pitch.0,772295,-15.9875,44.849,119.7477,97.6262,-132.8926,50.4021,0.1137,0.0837
1780080240347,1,11.0000004b,Drive,Loading,pitch.0,774148,-16.1483,45.3229,119.5233,97.0985,-131.8042,50.6702,0.113,0.0833
1780080240347,1,12.00000018,Upper Delivery,Loading,pitch.0,774952,-0.0072,-0.1024,0.0567,-0.0884,-0.0304,-0.0012,0.0,0.0
1780080240347,1,Pitching Mound.Delivery,,Loading,pitch.0,773040,0.0643,-0.2381,0.1803,-0.0844,-0.0685,-0.0171,0.0,0.0
1780080240347,1,Pitching Mound.Drive,,Loading,pitch.0,774148,-16.1483,45.3229,119.5233,97.0985,-131.8042,50.6702,0.113,0.0833
1780080240347,1,Pitching Mound.Parent,,Loading,pitch.0,772296,-16.0289,44.9694,119.7375,97.3522,-132.3231,50.5233,0.1132,0.0836
1780080240348,1,11.0000004b,Drive,Loading,pitch.0,774149,-16.1943,45.4046,119.5346,96.8435,-131.5144,50.6925,0.1128,0.083
1780080240348,1,12.00000015,Lower Delivery,Loading,pitch.0,773665,0.1137,-0.1285,0.1559,-0.0089,-0.0398,0.0085,0.0,0.0
1780080240348,1,12.00000018,Upper Delivery,Loading,pitch.0,774953,-0.007,-0.1059,0.0554,-0.0884,-0.0304,-0.0012,0.0,0.0
1780080240348,1,Pitching Mound.Delivery,,Loading,pitch.0,773041,0.1067,-0.2344,0.2113,-0.0631,-0.0702,-0.0338,0.0,0.0
1780080240348,1,Pitching Mound.Drive,,Loading,pitch.0,774149,-16.1943,45.4046,119.5346,96.8435,-131.5144,50.6925,0.1128,0.083
1780080240348,1,Pitching Mound.Parent,,Loading,pitch.0,772297,-16.0416,45.0885,119.7346,97.0353,-131.8744,50.6364,0.1128,0.0834
1780080240349,1,11.0000004b,Drive,Loading,pitch.0,774150,-16.2606,45.5166,119.4395,96.4075,-130.7109,50.83,0.1122,0.0827
1780080240349,1,12.00000015,Lower Delivery,Loading,pitch.0,773666,0.1432,-0.1364,0.1876,-0.0077,-0.0276,0.0094,0.0,0.0
1780080240349,1,12.00000018,Upper Delivery,Loading,pitch.0,774954,-0.0065,-0.1081,0.0589,-0.0884,-0.0304,-0.0012,0.0,0.0
1780080240349,1,Pitching Mound.Delivery,,Loading,pitch.0,773042,0.1368,-0.2445,0.2465,-0.0523,-0.058,-0.0427,0.0,0.0
1780080240349,1,Pitching Mound.Drive,,Loading,pitch.0,774150,-16.2606,45.5166,119.4395,96.4075,-130.7109,50.83,0.1122,0.0827
1780080240349,1,Pitching Mound.Parent,,Loading,pitch.0,772298,-16.0576,45.1601,119.7811,96.7912,-131.5724,50.6498,0.1125,0.0832
1780080240350,1,11.0000004b,Drive,Loading,pitch.0,774151,-16.3002,45.6112,119.4132,96.1561,-130.4994,50.9017,0.112,0.0825
1780080240350,1,12.00000015,Lower Delivery,Loading,pitch.0,773667,0.1563,-0.1634,0.293,0.001,-0.0176,0.009,0.0,0.0
1780080240350,1,12.00000018,Upper Delivery,Loading,pitch.0,774955,-0.0044,-0.1085,0.0598,-0.0884,-0.0304,-0.0012,0.0,0.0
1780080240350,1,Pitching Mound.Delivery,,Loading,pitch.0,773043,0.1519,-0.2719,0.3528,-0.008,-0.048,-0.0468,0.0,0.0
1780080240350,1,Pitching Mound.Drive,,Loading,pitch.0,774151,-16.3002,45.6112,119.4132,96.1561,-130.4994,50.9017,0.112,0.0825
1780080240350,1,Pitching Mound.Parent,,Loading,pitch.0,772299,-16.1087,45.2447,119.7923,96.3995,-130.7589,50.7832,0.1118,0.0831
1780080240351,1,11.0000004b,Drive,Loading,pitch.0,774152,-16.3437,45.6992,119.3796,95.8737,-129.8379,50.9242,0.1115,0.0823
1780080240351,1,12.00000015,Lower Delivery,Loading,pitch.0,773668,0.1372,-0.1618,0.2367,-0.0027,-0.0186,0.0067,0.0,0.0
1780080240351,1,12.00000018,Upper Delivery,Loading,pitch.0,774956,-0.0073,-0.1035,0.0605,-0.0884,-0.0304,-0.0012,0.0,0.0
1780080240351,1,Pitching Mound.Delivery,,Loading,pitch.0,773044,0.1299,-0.2653,0.2972,-0.0312,-0.049,-0.0436,0.0,0.0
1780080240351,1,Pitching Mound.Drive,,Loading,pitch.0,774152,-16.3437,45.6992,119.3796,95.8737,-129.8379,50.9242,0.1115,0.0823
1780080240351,1,Pitching Mound.Parent,,Loading,pitch.0,772300,-16.1703,45.3459,119.7104,96.1249,-130.5484,50.8581,0.1117,0.0828
1780080240352,1,11.0000004b,Drive,Loading,pitch.0,774153,-16.4095,45.794,119.3163,95.565,-129.4741,50.9353,0.1112,0.0821
1780080240352,1,12.00000015,Lower Delivery,Loading,pitch.0,773669,0.1341,-0.1376,0.2113,-0.0028,-0.0057,0.0071,0.0,0.0
1780080240352,1,12.00000018,Upper Delivery,Loading,pitch.0,774957,-0.0087,-0.1178,0.0674,-0.0884,-0.0304,-0.0012,0.0,0.0
1780080240352,1,Pitching Mound.Delivery,,Loading,pitch.0,773045,0.1254,-0.2554,0.2788,-0.0422,-0.0361,-0.0427,0.0,0.0
1780080240352,1,Pitching Mound.Drive,,Loading,pitch.0,774153,-16.4095,45.794,119.3163,95.565,-129.4741,50.9353,0.1112,0.0821
1780080240352,1,Pitching Mound.Parent,,Loading,pitch.0,772301,-16.2183,45.4439,119.6584,95.8314,-129.874,50.8815,0.1112,0.0825
1780080240353,1,11.0000004b,Drive,Loading,pitch.0,774154,-16.4573,45.8988,119.2316,95.1662,-128.847,50.9892,0.1108,0.0818
1780080240353,1,12.00000015,Lower Delivery,Loading,pitch.0,773670,0.1285,-0.096,0.2164,-0.0116,-0.006,0.0056,0.0,0.0
1780080240353,1,12.00000015,Lower Delivery,Loading,pitch.0,773671,0.1645,-0.1198,0.292,-0.0194,-0.011,0.0085,0.0,0.0
1780080240353,1,12.00000018,Upper Delivery,Loading,pitch.0,774958,-0.009,-0.117,0.068,-0.0884,-0.0304,-0.0012,0.0,0.0
1780080240353,1,Pitching Mound.Delivery,,Loading,pitch.0,773046,0.1195,-0.2131,0.2843,-0.0496,-0.0364,-0.0424,0.0,0.0
1780080240353,1,Pitching Mound.Drive,,Loading,pitch.0,774154,-16.4573,45.8988,119.2316,95.1662,-128.847,50.9892,0.1108,0.0818
1780080240353,1,Pitching Mound.Parent,,Loading,pitch.0,772302,-16.2899,45.5809,119.6006,95.5154,-129.5105,50.8929,0.111,0.0823
1780080240354,1,11.0000004b,Drive,Loading,pitch.0,774155,-16.4942,46.0006,119.168,94.8123,-128.442,51.0918,0.1105,0.0815
1780080240354,1,12.00000018,Upper Delivery,Loading,pitch.0,774959,-0.0083,-0.1129,0.0663,-0.0884,-0.0304,-0.0012,0.0,0.0
1780080240354,1,Pitching Mound.Delivery,,Loading,pitch.0,773047,0.1562,-0.2327,0.3583,-0.031,-0.0414,-0.0514,0.0,0.0
1780080240354,1,Pitching Mound.Drive,,Loading,pitch.0,774155,-16.4942,46.0006,119.168,94.8123,-128.442,51.0918,0.1105,0.0815
1780080240354,1,Pitching Mound.Parent,,Loading,pitch.0,772303,-16.301,45.6662,119.5899,95.1352,-128.8884,50.9378,0.1104,0.0822
1780080240355,1,11.0000004b,Drive,Loading,pitch.0,774156,-16.5268,46.0881,119.1139,94.4966,-128.0849,51.1272,0.1102,0.0813
1780080240355,1,12.00000015,Lower Delivery,Loading,pitch.0,773672,0.1202,-0.1156,0.2474,-0.0206,0.0012,0.0098,0.0,0.0
1780080240355,1,12.00000018,Upper Delivery,Loading,pitch.0,774960,-0.0141,-0.1298,0.0728,-0.0884,-0.0304,-0.0012,0.0,0.0
1780080240355,1,Pitching Mound.Delivery,,Loading,pitch.0,773048,0.1061,-0.2455,0.3202,-0.0496,-0.0292,-0.0371,0.0,0.0
1780080240355,1,Pitching Mound.Drive,,Loading,pitch.0,774156,-16.5268,46.0881,119.1139,94.4966,-128.0849,51.1272,0.1102,0.0813
1780080240355,1,Pitching Mound.Parent,,Loading,pitch.0,772304,-16.3881,45.7551,119.4882,94.7627,-128.4712,51.0547,0.1102,0.0818
1780080240356,1,11.0000004b,Drive,Loading,pitch.0,774157,-16.5594,46.1962,118.965,93.9666,-127.5011,51.1789,0.1098,0.081
1780080240356,1,12.00000015,Lower Delivery,Loading,pitch.0,773674,0.0398,-0.0179,0.1008,-0.042,-0.001,0.0123,0.0,0.0
1780080240356,1,12.00000015,Lower Delivery,Loading,pitch.0,773673,0.0965,-0.0792,0.2132,-0.0224,-0.0035,0.0084,0.0,0.0
1780080240356,1,12.00000018,Upper Delivery,Loading,pitch.0,774961,-0.0137,-0.1269,0.0716,-0.0884,-0.0304,-0.0012,0.0,0.0
1780080240356,1,Pitching Mound.Delivery,,Loading,pitch.0,773049,0.0828,-0.206,0.2848,-0.0626,-0.0338,-0.0303,0.0,0.0
1780080240356,1,Pitching Mound.Drive,,Loading,pitch.0,774157,-16.5594,46.1962,118.965,93.9666,-127.5011,51.1789,0.1098,0.081
1780080240356,1,Pitching Mound.Parent,,Loading,pitch.0,772305,-16.444,45.8821,119.3987,94.434,-128.1188,51.0969,0.11,0.0815
1780080240357,1,11.0000004b,Drive,Loading,pitch.0,774158,-16.5962,46.3369,118.8317,93.5713,-126.6747,51.2746,0.1093,0.0807
1780080240357,1,12.00000015,Lower Delivery,Loading,pitch.0,773675,0.0509,-0.0213,0.1221,-0.0489,-0.0073,0.0138,0.0,0.0
1780080240357,1,12.00000018,Upper Delivery,Loading,pitch.0,774962,-0.0139,-0.1364,0.0703,-0.0884,-0.0304,-0.0012,0.0,0.0
1780080240357,1,Pitching Mound.Delivery,,Loading,pitch.0,773050,0.0259,-0.1543,0.1711,-0.12,-0.0313,-0.0072,0.0,0.0
1780080240357,1,Pitching Mound.Drive,,Loading,pitch.0,774158,-16.5962,46.3369,118.8317,93.5713,-126.6747,51.2746,0.1093,0.0807
1780080240357,1,Pitching Mound.Parent,,Loading,pitch.0,772306,-16.5335,46.0419,119.1361,93.8466,-127.5324,51.1717,0.1097,0.0809
1780080240358,1,11.0000004b,Drive,Loading,pitch.0,774159,-16.6121,46.4387,118.7268,93.1097,-126.2857,51.2841,0.109,0.0804
1780080240358,1,12.00000015,Lower Delivery,Loading,pitch.0,773676,0.0342,-0.0222,0.1066,-0.0547,-0.005,0.0136,0.0,0.0
1780080240358,1,12.00000018,Upper Delivery,Loading,pitch.0,774963,-0.0167,-0.1367,0.0951,-0.0884,-0.0304,-0.0012,0.0,0.0
1780080240358,1,Pitching Mound.Delivery,,Loading,pitch.0,773051,0.0341,-0.158,0.2172,-0.128,-0.0376,-0.0104,0.0,0.0
1780080240358,1,Pitching Mound.Drive,,Loading,pitch.0,774159,-16.6121,46.4387,118.7268,93.1097,-126.2857,51.2841,0.109,0.0804
1780080240358,1,Pitching Mound.Parent,,Loading,pitch.0,772307,-16.5621,46.1789,119.049,93.4432,-126.7123,51.2642,0.1091,0.0806
1780080240359,1,11.0000004b,Drive,Loading,pitch.0,774160,-16.6253,46.5527,118.6071,92.7156,-125.6223,51.3154,0.1086,0.0801
1780080240359,1,12.00000015,Lower Delivery,Loading,pitch.0,773677,0.0399,-0.0166,0.0858,-0.0552,-0.0117,0.0119,0.0,0.0
1780080240359,1,12.00000018,Upper Delivery,Loading,pitch.0,774964,-0.0167,-0.1381,0.0948,-0.0884,-0.0304,-0.0012,0.0,0.0
1780080240359,1,Pitching Mound.Delivery,,Loading,pitch.0,773052,0.0175,-0.1603,0.2014,-0.139,-0.0354,-0.0049,0.0,0.0
1780080240359,1,Pitching Mound.Drive,,Loading,pitch.0,774160,-16.6253,46.5527,118.6071,92.7156,-125.6223,51.3154,0.1086,0.0801
1780080240359,1,Pitching Mound.Parent,,Loading,pitch.0,772308,-16.5946,46.2784,118.9282,92.9707,-126.321,51.2791,0.1088,0.0803
1780080240360,1,11.0000004b,Drive,Loading,pitch.0,774161,-16.63,46.6472,118.5563,92.4094,-125.1605,51.236,0.1082,0.0799
1780080240360,1,12.00000015,Lower Delivery,Loading,pitch.0,773678,0.0571,-0.0182,0.0676,-0.0379,-0.0156,0.0148,0.0,0.0
1780080240360,1,12.00000018,Upper Delivery,Loading,pitch.0,774965,-0.0152,-0.1317,0.083,-0.0884,-0.0304,-0.0012,0.0,0.0
1780080240360,1,Pitching Mound.Delivery,,Loading,pitch.0,773053,0.0247,-0.1484,0.1687,-0.1427,-0.0421,-0.008,0.0,0.0
1780080240360,1,Pitching Mound.Drive,,Loading,pitch.0,774161,-16.63,46.6472,118.5563,92.4094,-125.1605,51.236,0.1082,0.0799
1780080240360,1,Pitching Mound.Parent,,Loading,pitch.0,772309,-16.6006,46.4044,118.7758,92.5729,-125.6643,51.3074,0.1084,0.08
1780080240361,1,11.0000004b,Drive,Loading,pitch.0,774162,-16.6609,46.7547,118.3839,91.9375,-124.1902,51.2496,0.1075,0.0796
1780080240361,1,12.00000015,Lower Delivery,Loading,pitch.0,773679,0.0296,-0.0126,0.0378,-0.0377,-0.0116,0.016,0.0,0.0
1780080240361,1,12.00000018,Upper Delivery,Loading,pitch.0,774966,-0.0141,-0.1404,0.0664,-0.0884,-0.0304,-0.0012,0.0,0.0
1780080240361,1,Pitching Mound.Delivery,,Loading,pitch.0,773054,0.043,-0.1586,0.134,-0.1259,-0.046,-0.0106,0.0,0.0
1780080240361,1,Pitching Mound.Drive,,Loading,pitch.0,774162,-16.6609,46.7547,118.3839,91.9375,-124.1902,51.2496,0.1075,0.0796
1780080240361,1,Pitching Mound.Parent,,Loading,pitch.0,772310,-16.618,46.5961,118.5179,91.8116,-124.2362,51.239,0.1074,0.0795
1780080240362,1,11.0000004b,Drive,Loading,pitch.0,774163,-16.6534,46.8465,118.2847,91.5302,-123.61,51.1728,0.1071,0.0793
1780080240362,1,12.00000015,Lower Delivery,Loading,pitch.0,773680,0.0815,-0.0257,0.0809,-0.0339,-0.0163,0.0154,0.0,0.0
1780080240362,1,12.00000018,Upper Delivery,Loading,pitch.0,774967,-0.0132,-0.1359,0.0717,-0.0884,-0.0304,-0.0012,0.0,0.0
1780080240362,1,Pitching Mound.Delivery,,Loading,pitch.0,773055,0.0164,-0.1485,0.1095,-0.1376,-0.0419,0.0002,0.0,0.0
1780080240362,1,Pitching Mound.Drive,,Loading,pitch.0,774163,-16.6534,46.8465,118.2847,91.5302,-123.61,51.1728,0.1071,0.0793
1780080240362,1,Pitching Mound.Parent,,Loading,pitch.0,772311,-16.637,46.698,118.3942,91.3927,-123.6519,51.1731,0.107,0.0791
1780080240363,1,11.0000004b,Drive,Loading,pitch.0,774164,-16.6614,46.9735,118.0659,91.0545,-122.4056,51.1774,0.1063,0.079
1780080240363,1,12.00000015,Lower Delivery,Loading,pitch.0,773681,0.13,-0.0416,0.1386,-0.0234,-0.014,0.0112,0.0,0.0
1780080240363,1,12.00000018,Upper Delivery,Loading,pitch.0,774968,-0.0136,-0.132,0.0871,-0.0884,-0.0304,-0.0012,0.0,0.0
1780080240363,1,Pitching Mound.Delivery,,Loading,pitch.0,773056,0.0679,-0.1576,0.168,-0.1243,-0.0466,-0.0182,0.0,0.0
1780080240363,1,Pitching Mound.Drive,,Loading,pitch.0,774164,-16.6614,46.9735,118.0659,91.0545,-122.4056,51.1774,0.1063,0.079
1780080240363,1,Pitching Mound.Parent,,Loading,pitch.0,772312,-16.5935,46.8158,118.2339,90.9301,-122.4523,51.1593,0.1061,0.0789
1780080240364,1,11.0000004b,Drive,Loading,pitch.0,774165,-16.6549,47.067,117.8274,90.5452,-121.3584,51.0993,0.1056,0.0788
1780080240364,1,12.00000015,Lower Delivery,Loading,pitch.0,773682,0.1554,-0.0691,0.1772,-0.0111,-0.0138,0.0094,0.0,0.0
1780080240364,1,12.00000018,Upper Delivery,Loading,pitch.0,774969,-0.0126,-0.1344,0.1045,-0.0884,-0.0304,-0.0012,0.0,0.0
1780080240364,1,Pitching Mound.Delivery,,Loading,pitch.0,773057,0.1174,-0.176,0.2431,-0.1002,-0.0444,-0.0385,0.0,0.0
1780080240364,1,Pitching Mound.Drive,,Loading,pitch.0,774165,-16.6549,47.067,117.8274,90.5452,-121.3584,51.0993,0.1056,0.0788
1780080240364,1,Pitching Mound.Parent,,Loading,pitch.0,772313,-16.5375,46.8911,118.0705,90.4451,-121.4028,51.0608,0.1053,0.0787
1780080240365,1,11.0000004b,Drive,Loading,pitch.0,774166,-16.6534,47.1625,117.6663,90.1568,-120.5638,50.9821,0.105,0.0785
1780080240365,1,12.00000015,Lower Delivery,Loading,pitch.0,773683,0.1333,-0.0462,0.1274,-0.0191,-0.0188,0.0068,0.0,0.0
1780080240365,1,12.00000018,Upper Delivery,Loading,pitch.0,774970,-0.0162,-0.1396,0.1358,-0.0884,-0.0304,-0.0012,0.0,0.0
1780080240365,1,Pitching Mound.Delivery,,Loading,pitch.0,773058,0.1391,-0.2087,0.3129,-0.0854,-0.0442,-0.0501,0.0,0.0
1780080240365,1,Pitching Mound.Drive,,Loading,pitch.0,774166,-16.6534,47.1625,117.6663,90.1568,-120.5638,50.9821,0.105,0.0785
1780080240365,1,Pitching Mound.Parent,,Loading,pitch.0,772314,-16.5143,46.9538,117.9792,90.0714,-120.608,50.932,0.1047,0.0784
1780080240366,1,11.0000004b,Drive,Loading,pitch.0,774167,-16.6489,47.2473,117.4753,89.7344,-119.424,50.8526,0.1042,0.0783
1780080240366,1,12.00000015,Lower Delivery,Loading,pitch.0,773684,0.1653,-0.0753,0.1679,-0.007,-0.0166,0.0062,0.0,0.0
1780080240366,1,12.00000018,Upper Delivery,Loading,pitch.0,774971,-0.0044,-0.1368,0.136,-0.0884,-0.0304,-0.0012,0.0,0.0
1780080240366,1,Pitching Mound.Delivery,,Loading,pitch.0,773059,0.1289,-0.183,0.2634,-0.1104,-0.0492,-0.0412,0.0,0.0
1780080240366,1,Pitching Mound.Drive,,Loading,pitch.0,774167,-16.6489,47.2473,117.4753,89.7344,-119.424,50.8526,0.1042,0.0783
1780080240366,1,Pitching Mound.Parent,,Loading,pitch.0,772315,-16.52,47.0643,117.7387,89.624,-119.4732,50.8114,0.104,0.0781
1780080240367,1,11.0000004b,Drive,Loading,pitch.0,774168,-16.631,47.3086,117.1574,89.1048,-118.2875,50.6376,0.1035,0.078
1780080240367,1,12.00000015,Lower Delivery,Loading,pitch.0,773685,0.1761,-0.1123,0.2139,-0.0122,-0.0157,0.0064,0.0,0.0
1780080240367,1,12.00000018,Upper Delivery,Loading,pitch.0,774972,0.0218,-0.1573,0.2117,-0.0884,-0.0304,-0.0012,0.0,0.0
1780080240367,1,Pitching Mound.Delivery,,Loading,pitch.0,773060,0.1871,-0.2326,0.3796,-0.1103,-0.047,-0.0438,0.0,0.0
1780080240367,1,Pitching Mound.Drive,,Loading,pitch.0,774168,-16.631,47.3086,117.1574,89.1048,-118.2875,50.6376,0.1035,0.078
1780080240367,1,Pitching Mound.Parent,,Loading,pitch.0,772316,-16.4439,47.0759,117.537,88.9945,-118.3345,50.5938,0.1031,0.0776
1780080240368,1,11.0000004b,Drive,Loading,pitch.0,774169,-16.6112,47.3801,117.0367,88.8317,-117.6708,50.4476,0.1031,0.0778
1780080240368,1,12.00000015,Lower Delivery,Loading,pitch.0,773686,0.152,-0.1186,0.1973,-0.0217,-0.0199,0.0062,0.0,0.0
1780080240368,1,12.00000018,Upper Delivery,Loading,pitch.0,774973,0.0148,-0.1555,0.1922,-0.0884,-0.0304,-0.0012,0.0,0.0
1780080240368,1,Pitching Mound.Delivery,,Loading,pitch.0,773061,0.1909,-0.2678,0.4061,-0.0932,-0.0461,-0.0497,0.0,0.0
1780080240368,1,Pitching Mound.Drive,,Loading,pitch.0,774169,-16.6112,47.3801,117.0367,88.8317,-117.6708,50.4476,0.1031,0.0778
1780080240368,1,Pitching Mound.Parent,,Loading,pitch.0,772317,-16.4202,47.1122,117.4427,88.7385,-117.7169,50.3979,0.1027,0.0776
1780080240369,1,11.0000004b,Drive,Loading,pitch.0,774170,-16.6027,47.4385,116.9163,88.5937,-116.8228,50.2449,0.1024,0.0777
1780080240369,1,12.00000015,Lower Delivery,Loading,pitch.0,773687,0.1518,-0.1096,0.1695,-0.0206,-0.0219,0.0092,0.0,0.0
1780080240369,1,12.00000018,Upper Delivery,Loading,pitch.0,774974,0.0124,-0.1546,0.187,-0.0884,-0.0304,-0.0012,0.0,0.0
1780080240369,1,Pitching Mound.Delivery,,Loading,pitch.0,773062,0.1645,-0.2732,0.3842,-0.1065,-0.0502,-0.0424,0.0,0.0
1780080240369,1,Pitching Mound.Drive,,Loading,pitch.0,774170,-16.6027,47.4385,116.9163,88.5937,-116.8228,50.2449,0.1024,0.0777
1780080240369,1,Pitching Mound.Parent,,Loading,pitch.0,772318,-16.4382,47.1653,117.3005,88.4872,-116.8731,50.2025,0.1021,0.0774
1780080240370,1,11.0000004b,Drive,Loading,pitch.0,774171,-16.5901,47.4882,116.7439,88.1833,-115.726,49.962,0.1016,0.0774
1780080240370,1,12.00000015,Lower Delivery,Loading,pitch.0,773688,0.1413,-0.1256,0.1845,-0.0262,-0.0205,0.0095,0.0,0.0
1780080240370,1,12.00000018,Upper Delivery,Loading,pitch.0,774975,0.0281,-0.1671,0.2234,-0.0884,-0.0304,-0.0012,0.0,0.0
1780080240370,1,Pitching Mound.Delivery,,Loading,pitch.0,773063,0.1799,-0.2767,0.3929,-0.1273,-0.0523,-0.0341,0.0,0.0
1780080240370,1,Pitching Mound.Drive,,Loading,pitch.0,774171,-16.5901,47.4882,116.7439,88.1833,-115.726,49.962,0.1016,0.0774
1780080240370,1,Pitching Mound.Parent,,Loading,pitch.0,772319,-16.4101,47.2116,117.1368,88.0559,-115.7783,49.928,0.1013,0.077
1780080240371,1,11.0000004b,Drive,Loading,pitch.0,774172,-16.5631,47.5162,116.5339,87.7307,-114.7166,49.6445,0.1009,0.0772
1780080240371,1,12.00000015,Lower Delivery,Loading,pitch.0,773689,0.11,-0.1229,0.1518,-0.0288,-0.0179,0.008,0.0,0.0
1780080240371,1,12.00000018,Upper Delivery,Loading,pitch.0,774976,0.051,-0.1817,0.2547,-0.0884,-0.0304,-0.0012,0.0,0.0
1780080240371,1,Pitching Mound.Delivery,,Loading,pitch.0,773064,0.1922,-0.3073,0.4392,-0.1384,-0.0509,-0.0224,0.0,0.0
1780080240371,1,Pitching Mound.Drive,,Loading,pitch.0,774172,-16.5631,47.5162,116.5339,87.7307,-114.7166,49.6445,0.1009,0.0772
1780080240371,1,Pitching Mound.Parent,,Loading,pitch.0,772320,-16.3709,47.2089,116.9731,87.5923,-114.7674,49.6221,0.1005,0.0767
1780080240372,1,11.0000004b,Drive,Loading,pitch.0,774173,-16.5148,47.5409,116.3638,87.2252,-113.5266,49.283,0.1,0.0768
1780080240372,1,12.00000015,Lower Delivery,Loading,pitch.0,773690,0.1244,-0.1398,0.1759,-0.0245,-0.018,0.0089,0.0,0.0
1780080240372,1,12.00000018,Upper Delivery,Loading,pitch.0,774977,0.0818,-0.2173,0.3251,-0.0884,-0.0304,-0.0012,0.0,0.0
1780080240372,1,Pitching Mound.Delivery,,Loading,pitch.0,773065,0.1918,-0.3403,0.4769,-0.1761,-0.0482,-0.0027,0.0,0.0
1780080240372,1,Pitching Mound.Drive,,Loading,pitch.0,774173,-16.5148,47.5409,116.3638,87.2252,-113.5266,49.283,0.1,0.0768
1780080240372,1,Pitching Mound.Parent,,Loading,pitch.0,772321,-16.323,47.2006,116.8407,87.049,-113.5748,49.2803,0.0996,0.076
1780080240373,1,11.0000004b,Drive,Loading,pitch.0,774174,-16.4804,47.5673,116.3359,87.1409,-112.7191,48.9544,0.0993,0.0768
1780080240373,1,12.00000015,Lower Delivery,Loading,pitch.0,773691,0.1008,-0.1619,0.1828,-0.0369,-0.0211,0.0089,0.0,0.0
1780080240373,1,12.00000018,Upper Delivery,Loading,pitch.0,774978,0.0408,-0.1853,0.2563,-0.0884,-0.0304,-0.0012,0.0,0.0
1780080240373,1,Pitching Mound.Delivery,,Loading,pitch.0,773066,0.1651,-0.325,0.4323,-0.1402,-0.0484,-0.0207,0.0,0.0
1780080240373,1,Pitching Mound.Drive,,Loading,pitch.0,774174,-16.4804,47.5673,116.3359,87.1409,-112.7191,48.9544,0.0993,0.0768
1780080240373,1,Pitching Mound.Parent,,Loading,pitch.0,772322,-16.3153,47.2423,116.7682,87.0007,-112.7675,48.9337,0.0989,0.0763
1780080240374,1,11.0000004b,Drive,Loading,pitch.0,774175,-16.451,47.5842,116.3584,87.2619,-111.8318,48.6203,0.0985,0.0769
1780080240374,1,12.00000015,Lower Delivery,Loading,pitch.0,773692,0.0809,-0.1251,0.1529,-0.0412,-0.0206,0.008,0.0,0.0
1780080240374,1,12.00000018,Upper Delivery,Loading,pitch.0,774979,0.0416,-0.1815,0.2319,-0.0884,-0.0304,-0.0012,0.0,0.0
1780080240374,1,Pitching Mound.Delivery,,Loading,pitch.0,773067,0.1423,-0.3434,0.4148,-0.142,-0.0515,-0.0124,0.0,0.0
1780080240374,1,Pitching Mound.Drive,,Loading,pitch.0,774175,-16.451,47.5842,116.3584,87.2619,-111.8318,48.6203,0.0985,0.0769
1780080240374,1,Pitching Mound.Parent,,Loading,pitch.0,772323,-16.3087,47.2408,116.7732,87.1199,-111.8833,48.6079,0.0982,0.0764
1780080240375,1,11.0000004b,Drive,Loading,pitch.0,774176,-16.3799,47.5505,116.1061,86.6109,-110.3483,48.1406,0.0974,0.0765
1780080240375,1,12.00000015,Lower Delivery,Loading,pitch.0,773693,0.0698,-0.1305,0.1527,-0.0337,-0.0168,0.0085,0.0,0.0
1780080240375,1,12.00000018,Upper Delivery,Loading,pitch.0,774980,0.0082,-0.1488,0.155,-0.0884,-0.0304,-0.0012,0.0,0.0
1780080240375,1,Pitching Mound.Delivery,,Loading,pitch.0,773068,0.0891,-0.2739,0.3079,-0.1302,-0.0509,-0.0179,0.0,0.0
1780080240375,1,Pitching Mound.Drive,,Loading,pitch.0,774176,-16.3799,47.5505,116.1061,86.6109,-110.3483,48.1406,0.0974,0.0765
1780080240375,1,Pitching Mound.Parent,,Loading,pitch.0,772324,-16.2908,47.2766,116.4139,86.4807,-110.3992,48.1227,0.0972,0.0762
1780080240376,1,11.0000004b,Drive,Loading,pitch.0,774177,-16.3304,47.5211,115.9346,86.3009,-109.0146,47.6877,0.0964,0.0763
1780080240376,1,12.00000015,Lower Delivery,Loading,pitch.0,773694,0.0716,-0.144,0.1685,-0.0501,-0.0202,0.0062,0.0,0.0
1780080240376,1,12.00000018,Upper Delivery,Loading,pitch.0,774982,-0.0063,-0.1455,0.1705,-0.0884,-0.0304,-0.0012,0.0,0.0
1780080240376,1,12.00000018,Upper Delivery,Loading,pitch.0,774981,0.0001,-0.1553,0.1399,-0.0884,-0.0304,-0.0012,0.0,0.0
1780080240376,1,Pitching Mound.Delivery,,Loading,pitch.0,773070,0.0653,-0.2894,0.339,-0.1391,-0.0505,-0.0215,0.0,0.0
1780080240376,1,Pitching Mound.Delivery,,Loading,pitch.0,773069,0.0698,-0.2858,0.2926,-0.1177,-0.0472,-0.0164,0.0,0.0
1780080240376,1,Pitching Mound.Drive,,Loading,pitch.0,774177,-16.3304,47.5211,115.9346,86.3009,-109.0146,47.6877,0.0964,0.0763
1780080240376,1,Pitching Mound.Parent,,Loading,pitch.0,772325,-16.2605,47.2353,116.2272,86.1832,-109.0617,47.6713,0.0961,0.0761
1780080240377,1,11.0000004b,Drive,Loading,pitch.0,774178,-16.2678,47.4927,115.7045,85.9747,-107.745,47.2011,0.0954,0.0762
1780080240377,1,12.00000015,Lower Delivery,Loading,pitch.0,773695,0.0393,-0.1314,0.129,-0.0424,-0.0128,0.0037,0.0,0.0
1780080240377,1,12.00000018,Upper Delivery,Loading,pitch.0,774983,-0.0043,-0.1499,0.149,-0.0884,-0.0304,-0.0012,0.0,0.0
1780080240377,1,Pitching Mound.Delivery,,Loading,pitch.0,773071,0.035,-0.2813,0.278,-0.1375,-0.0432,-0.0124,0.0,0.0
1780080240377,1,Pitching Mound.Drive,,Loading,pitch.0,774178,-16.2678,47.4927,115.7045,85.9747,-107.745,47.2011,0.0954,0.0762
1780080240377,1,Pitching Mound.Parent,,Loading,pitch.0,772326,-16.2025,47.2032,116.0435,85.8356,-107.7956,47.1796,0.0952,0.0759
1780080240378,1,11.0000004b,Drive,Loading,pitch.0,774179,-16.1912,47.4476,115.5286,85.4422,-106.3864,46.721,0.0944,0.0758
1780080240378,1,12.00000015,Lower Delivery,Loading,pitch.0,773696,0.0412,-0.1084,0.1223,-0.0379,-0.0128,0.0025,0.0,0.0
1780080240378,1,12.00000018,Upper Delivery,Loading,pitch.0,774984,0.0214,-0.1611,0.213,-0.0884,-0.0304,-0.0012,0.0,0.0
1780080240378,1,Pitching Mound.Delivery,,Loading,pitch.0,773072,0.0626,-0.2695,0.3353,-0.157,-0.0432,-0.0055,0.0,0.0
1780080240378,1,Pitching Mound.Drive,,Loading,pitch.0,774179,-16.1912,47.4476,115.5286,85.4422,-106.3864,46.721,0.0944,0.0758
1780080240378,1,Pitching Mound.Parent,,Loading,pitch.0,772327,-16.1561,47.1663,115.8067,85.3046,-106.4296,46.7086,0.0942,0.0756
1780080240379,1,11.0000004b,Drive,Loading,pitch.0,774180,-16.13,47.3977,115.3071,84.954,-105.0625,46.27,0.0934,0.0755
1780080240379,1,12.00000015,Lower Delivery,Loading,pitch.0,773697,0.0246,-0.1074,0.0705,-0.0367,-0.0103,0.0043,0.0,0.0
1780080240379,1,Pitching Mound.Drive,,Loading,pitch.0,774180,-16.13,47.3977,115.3071,84.954,-105.0625,46.27,0.0934,0.0755
1780080240379,1,Pitching Mound.Parent,,Loading,pitch.0,772328,-16.0674,47.1281,115.6424,84.7969,-105.1057,46.2646,0.0931,0.075
1780080240380,1,11.0000004b,Drive,Loading,pitch.0,774181,-16.0899,47.3813,115.1671,84.7054,-103.8659,45.8218,0.0924,0.0754
1780080240380,1,12.00000015,Lower Delivery,Loading,pitch.0,773698,0.0577,-0.0969,0.1204,-0.0336,-0.0132,0.004,0.0,0.0
1780080240380,1,12.00000018,Upper Delivery,Loading,pitch.0,774985,0.016,-0.1507,0.1562,-0.0884,-0.0304,-0.0012,0.0,0.0
1780080240380,1,Pitching Mound.Delivery,,Loading,pitch.0,773073,0.0406,-0.2581,0.2267,-0.1542,-0.0406,0.0002,0.0,0.0
1780080240380,1,Pitching Mound.Drive,,Loading,pitch.0,774181,-16.0899,47.3813,115.1671,84.7054,-103.8659,45.8218,0.0924,0.0754
1780080240380,1,Pitching Mound.Parent,,Loading,pitch.0,772329,-16.0494,47.1232,115.3938,84.5512,-103.9066,45.822,0.0923,0.075
1780080240381,1,11.0000004b,Drive,Loading,pitch.0,774182,-16.0219,47.3652,115.0687,84.3861,-102.9226,45.4526,0.0917,0.0752
1780080240381,1,11.0000004b,Drive,Loading,pitch.0,774183,-15.933,47.3269,114.8159,83.7097,-101.7362,44.9968,0.0908,0.0747
1780080240381,1,12.00000015,Lower Delivery,Loading,pitch.0,773699,0.0487,-0.0755,0.063,-0.0416,-0.0189,0.0056,0.0,0.0
1780080240381,1,12.00000018,Upper Delivery,Loading,pitch.0,774986,0.0218,-0.1615,0.1791,-0.0884,-0.0304,-0.0012,0.0,0.0
1780080240381,1,Pitching Mound.Delivery,,Loading,pitch.0,773074,0.0795,-0.2584,0.2995,-0.1419,-0.0436,-0.0094,0.0,0.0
1780080240381,1,Pitching Mound.Drive,,Loading,pitch.0,774182,-16.0219,47.3652,115.0687,84.3861,-102.9226,45.4526,0.0917,0.0752
1780080240381,1,Pitching Mound.Drive,,Loading,pitch.0,774183,-15.933,47.3269,114.8159,83.7097,-101.7362,44.9968,0.0908,0.0747
1780080240381,1,Pitching Mound.Parent,,Loading,pitch.0,772330,-15.9424,47.1068,115.3682,84.2441,-102.9662,45.4432,0.0914,0.0748
1780080240382,1,12.00000015,Lower Delivery,Loading,pitch.0,773700,0.0518,-0.064,0.0602,-0.0417,-0.0255,0.0038,0.0,0.0
1780080240382,1,12.00000018,Upper Delivery,Loading,pitch.0,774987,0.0193,-0.1493,0.1693,-0.0884,-0.0304,-0.0012,0.0,0.0
1780080240382,1,Pitching Mound.Delivery,,Loading,pitch.0,773075,0.068,-0.2248,0.2323,-0.1661,-0.0493,-0.0056,0.0,0.0
1780080240382,1,Pitching Mound.Parent,,Loading,pitch.0,772331,-15.865,47.1021,115.0482,83.5435,-101.7855,44.9912,0.0906,0.0743
1780080240383,1,11.0000004b,Drive,Loading,pitch.0,774184,-15.8589,47.3342,114.6267,83.1637,-100.2535,44.5722,0.0896,0.0744
1780080240383,1,11.0000004b,Drive,Loading,pitch.0,774185,-15.8145,47.368,114.5837,83.1748,-99.5427,44.2661,0.089,0.0744
1780080240383,1,12.00000015,Lower Delivery,Loading,pitch.0,773701,0.071,-0.0758,0.0681,-0.0352,-0.0252,0.0049,0.0,0.0
1780080240383,1,12.00000018,Upper Delivery,Loading,pitch.0,774988,0.0654,-0.1961,0.3094,-0.0884,-0.0304,-0.0012,0.0,0.0
1780080240383,1,Pitching Mound.Delivery,,Loading,pitch.0,773076,0.1172,-0.2601,0.3696,-0.2148,-0.0559,0.0073,0.0,0.0
1780080240383,1,Pitching Mound.Drive,,Loading,pitch.0,774184,-15.8589,47.3342,114.6267,83.1637,-100.2535,44.5722,0.0896,0.0744
1780080240383,1,Pitching Mound.Drive,,Loading,pitch.0,774185,-15.8145,47.368,114.5837,83.1748,-99.5427,44.2661,0.089,0.0744
1780080240383,1,Pitching Mound.Parent,,Loading,pitch.0,772332,-15.7417,47.0741,114.9963,82.9489,-100.3093,44.5795,0.0894,0.0734
1780080240384,1,12.00000015,Lower Delivery,Loading,pitch.0,773702,0.1017,-0.0832,0.0889,-0.0284,-0.0197,0.0068,0.0,0.0
1780080240384,1,12.00000018,Upper Delivery,Loading,pitch.0,774989,0.0444,-0.1755,0.2273,-0.0884,-0.0304,-0.0012,0.0,0.0
1780080240384,1,12.00000018,Upper Delivery,Loading,pitch.0,774990,0.0448,-0.1782,0.2122,-0.0884,-0.0304,-0.0012,0.0,0.0
1780080240384,1,Pitching Mound.Delivery,,Loading,pitch.0,773077,0.1154,-0.2512,0.2954,-0.1777,-0.0556,-0.0053,0.0,0.0
1780080240384,1,Pitching Mound.Delivery,,Loading,pitch.0,773078,0.1466,-0.2615,0.3011,-0.1587,-0.0501,-0.0138,0.0,0.0
1780080240384,1,Pitching Mound.Parent,,Loading,pitch.0,772333,-15.6991,47.1168,114.8792,82.9971,-99.5983,44.2607,0.0888,0.0737
1780080240385,1,11.0000004b,Drive,Loading,pitch.0,774186,-15.7573,47.3805,114.4333,82.9324,-98.5984,43.9264,0.0883,0.0743
1780080240385,1,12.00000015,Lower Delivery,Loading,pitch.0,773703,0.0954,-0.107,0.1091,-0.0139,-0.0139,0.0073,0.0,0.0
1780080240385,1,Pitching Mound.Drive,,Loading,pitch.0,774186,-15.7573,47.3805,114.4333,82.9324,-98.5984,43.9264,0.0883,0.0743
1780080240385,1,Pitching Mound.Parent,,Loading,pitch.0,772334,-15.6107,47.119,114.7344,82.7738,-98.6485,43.9126,0.0881,0.0737
1780080240386,1,11.0000004b,Drive,Loading,pitch.0,774187,-15.6575,47.361,114.0928,81.9948,-96.9728,43.3931,0.0871,0.0737
1780080240386,1,11.0000004b,Drive,Loading,pitch.0,774188,-15.6074,47.4167,114.1059,82.2001,-96.4781,43.1108,0.0867,0.0738
1780080240386,1,12.00000015,Lower Delivery,Loading,pitch.0,773704,0.0846,-0.0861,0.0984,-0.0177,-0.0121,0.0075,0.0,0.0
1780080240386,1,12.00000018,Upper Delivery,Loading,pitch.0,774991,0.0345,-0.1646,0.1848,-0.0884,-0.0304,-0.0012,0.0,0.0
1780080240386,1,Pitching Mound.Delivery,,Loading,pitch.0,773079,0.1299,-0.2716,0.2939,-0.1281,-0.0442,-0.0146,0.0,0.0
1780080240386,1,Pitching Mound.Drive,,Loading,pitch.0,774187,-15.6575,47.361,114.0928,81.9948,-96.9728,43.3931,0.0871,0.0737
1780080240386,1,Pitching Mound.Drive,,Loading,pitch.0,774188,-15.6074,47.4167,114.1059,82.2001,-96.4781,43.1108,0.0867,0.0738
1780080240386,1,Pitching Mound.Parent,,Loading,pitch.0,772335,-15.5276,47.0894,114.3867,81.8667,-97.0171,43.3784,0.0869,0.0732
1780080240387,1,11.0000004b,Drive,Loading,pitch.0,774189,-15.5491,47.4317,113.9963,81.9365,-95.2244,42.7122,0.0856,0.0737
1780080240387,1,12.00000015,Lower Delivery,Loading,pitch.0,773705,0.0873,-0.103,0.1232,-0.0136,-0.0087,0.0075,0.0,0.0
1780080240387,1,12.00000018,Upper Delivery,Loading,pitch.0,774992,0.0184,-0.1294,0.1159,-0.0884,-0.0304,-0.0012,0.0,0.0
1780080240387,1,Pitching Mound.Delivery,,Loading,pitch.0,773080,0.103,-0.2155,0.2143,-0.112,-0.0424,-0.0162,0.0,0.0
1780080240387,1,Pitching Mound.Drive,,Loading,pitch.0,774189,-15.5491,47.4317,113.9963,81.9365,-95.2244,42.7122,0.0856,0.0737
1780080240387,1,Pitching Mound.Parent,,Loading,pitch.0,772336,-15.5044,47.2013,114.3203,82.0881,-96.5205,43.0946,0.0865,0.0736
1780080240388,1,11.0000004b,Drive,Loading,pitch.0,774190,-15.4663,47.4495,113.8723,81.6577,-94.2179,42.3148,0.0848,0.0735
1780080240388,1,12.00000015,Lower Delivery,Loading,pitch.0,773706,0.07,-0.1002,0.1082,-0.0145,-0.0069,0.0071,0.0,0.0
1780080240388,1,12.00000018,Upper Delivery,Loading,pitch.0,774994,0.0234,-0.1323,0.1193,-0.0884,-0.0304,-0.0012,0.0,0.0
1780080240388,1,12.00000018,Upper Delivery,Loading,pitch.0,774993,0.0495,-0.1727,0.1717,-0.0884,-0.0304,-0.0012,0.0,0.0
1780080240388,1,Pitching Mound.Delivery,,Loading,pitch.0,773081,0.1368,-0.2757,0.2949,-0.1185,-0.039,-0.0065,0.0,0.0
1780080240388,1,Pitching Mound.Delivery,,Loading,pitch.0,773082,0.0934,-0.2326,0.2275,-0.1067,-0.0373,-0.0099,0.0,0.0
1780080240388,1,Pitching Mound.Drive,,Loading,pitch.0,774190,-15.4663,47.4495,113.8723,81.6577,-94.2179,42.3148,0.0848,0.0735
1780080240388,1,Pitching Mound.Parent,,Loading,pitch.0,772337,-15.4124,47.156,114.2912,81.818,-95.2635,42.7056,0.0854,0.0733
1780080240388,1,Pitching Mound.Parent,,Loading,pitch.0,772338,-15.3729,47.217,114.0998,81.551,-94.2552,42.3049,0.0846,0.0733
1780080240389,1,11.0000004b,Drive,Loading,pitch.0,774191,-15.3827,47.4183,113.6358,80.956,-92.6788,41.8212,0.0836,0.073
1780080240389,1,12.00000015,Lower Delivery,Loading,pitch.0,773707,0.0841,-0.1278,0.15,-0.0057,0.0002,0.0067,0.0,0.0
1780080240389,1,12.00000018,Upper Delivery,Loading,pitch.0,774995,0.0088,-0.1118,0.0859,-0.0884,-0.0304,-0.0012,0.0,0.0
1780080240389,1,Pitching Mound.Delivery,,Loading,pitch.0,773083,0.093,-0.2396,0.236,-0.0723,-0.0301,-0.0201,0.0,0.0
1780080240389,1,Pitching Mound.Drive,,Loading,pitch.0,774191,-15.3827,47.4183,113.6358,80.956,-92.6788,41.8212,0.0836,0.073
1780080240389,1,Pitching Mound.Parent,,Loading,pitch.0,772339,-15.2897,47.1787,113.8717,80.8837,-92.7089,41.801,0.0834,0.0731
1780080240390,1,11.0000004b,Drive,Loading,pitch.0,774192,-15.2912,47.3921,113.4042,80.5167,-91.1375,41.3739,0.0824,0.0728
1780080240390,1,12.00000015,Lower Delivery,Loading,pitch.0,773708,0.0768,-0.0974,0.1726,-0.0089,-0.0071,0.0036,0.0,0.0
1780080240390,1,Pitching Mound.Drive,,Loading,pitch.0,774192,-15.2912,47.3921,113.4042,80.5167,-91.1375,41.3739,0.0824,0.0728
1780080240391,1,11.0000004b,Drive,Loading,pitch.0,774193,-15.2175,47.3829,113.2489,80.2658,-89.8694,40.9413,0.0813,0.0726
1780080240391,1,12.00000015,Lower Delivery,Loading,pitch.0,773709,0.0956,-0.1097,0.1896,-0.0102,-0.0037,0.0056,0.0,0.0
1780080240391,1,12.00000018,Upper Delivery,Loading,pitch.0,774996,-0.0008,-0.1056,0.0664,-0.0884,-0.0304,-0.0012,0.0,0.0
1780080240391,1,Pitching Mound.Delivery,,Loading,pitch.0,773084,0.076,-0.203,0.239,-0.0612,-0.0374,-0.024,0.0,0.0
1780080240391,1,Pitching Mound.Drive,,Loading,pitch.0,774193,-15.2175,47.3829,113.2489,80.2658,-89.8694,40.9413,0.0813,0.0726
1780080240391,1,Pitching Mound.Parent,,Loading,pitch.0,772340,-15.2152,47.1891,113.6432,80.4555,-91.175,41.3499,0.0822,0.0729
1780080240392,1,12.00000015,Lower Delivery,Loading,pitch.0,773710,0.1111,-0.1241,0.2669,-0.0116,0.0,0.0036,0.0,0.0
1780080240392,1,12.00000018,Upper Delivery,Loading,pitch.0,774997,0.0057,-0.1069,0.0747,-0.0884,-0.0304,-0.0012,0.0,0.0
1780080240392,1,Pitching Mound.Delivery,,Loading,pitch.0,773085,0.1013,-0.2166,0.2643,-0.0596,-0.0341,-0.0262,0.0,0.0
1780080240392,1,Pitching Mound.Parent,,Loading,pitch.0,772341,-15.1163,47.1663,113.5132,80.2062,-89.9035,40.9151,0.0811,0.0728
1780080240393,1,11.0000004b,Drive,Loading,pitch.0,774195,-15.1147,47.3171,112.9633,80.0427,-87.887,40.1469,0.0797,0.0726
1780080240393,1,11.0000004b,Drive,Loading,pitch.0,774194,-15.1416,47.3241,112.964,79.8172,-88.2319,40.4448,0.0801,0.0724
1780080240393,1,12.00000015,Lower Delivery,Loading,pitch.0,773711,0.1158,-0.1078,0.2652,-0.0011,-0.0008,0.0051,0.0,0.0
1780080240393,1,12.00000018,Upper Delivery,Loading,pitch.0,774998,-0.0007,-0.1084,0.0717,-0.0884,-0.0304,-0.0012,0.0,0.0
1780080240393,1,12.00000018,Upper Delivery,Loading,pitch.0,774999,0.0475,-0.1412,0.1459,-0.0884,-0.0304,-0.0012,0.0,0.0
1780080240393,1,Pitching Mound.Delivery,,Loading,pitch.0,773086,0.1104,-0.2325,0.3386,-0.0336,-0.0304,-0.0356,0.0,0.0
1780080240393,1,Pitching Mound.Delivery,,Loading,pitch.0,773087,0.1633,-0.249,0.4111,-0.0489,-0.0312,-0.0193,0.0,0.0
1780080240393,1,Pitching Mound.Drive,,Loading,pitch.0,774195,-15.1147,47.3171,112.9633,80.0427,-87.887,40.1469,0.0797,0.0726
1780080240393,1,Pitching Mound.Drive,,Loading,pitch.0,774194,-15.1416,47.3241,112.964,79.8172,-88.2319,40.4448,0.0801,0.0724
1780080240393,1,Pitching Mound.Parent,,Loading,pitch.0,772343,-14.9514,47.0681,113.3744,79.9938,-87.9181,40.1276,0.0795,0.0727
1780080240393,1,Pitching Mound.Parent,,Loading,pitch.0,772342,-15.0312,47.0915,113.3025,79.7836,-88.2623,40.4092,0.0798,0.0728
1780080240394,1,11.0000004b,Drive,Loading,pitch.0,774196,-15.0675,47.2695,112.7463,79.8119,-86.6383,39.7817,0.0788,0.0726
1780080240394,1,12.00000015,Lower Delivery,Loading,pitch.0,773712,0.1203,-0.0981,0.2472,0.0013,0.0033,0.0081,0.0,0.0
1780080240394,1,Pitching Mound.Drive,,Loading,pitch.0,774196,-15.0675,47.2695,112.7463,79.8119,-86.6383,39.7817,0.0788,0.0726
1780080240395,1,11.0000004b,Drive,Loading,pitch.0,774197,-15.0255,47.2101,112.5625,79.5166,-85.7059,39.3979,0.078,0.0724
1780080240395,1,12.00000015,Lower Delivery,Loading,pitch.0,773713,0.1331,-0.1172,0.2701,0.003,0.0023,0.0093,0.0,0.0
1780080240395,1,12.00000018,Upper Delivery,Loading,pitch.0,775000,0.0188,-0.1152,0.0524,-0.0884,-0.0304,-0.0012,0.0,0.0
1780080240395,1,12.00000018,Upper Delivery,Loading,pitch.0,775001,0.029,-0.1308,0.1404,-0.0884,-0.0304,-0.0012,0.0,0.0
1780080240395,1,Pitching Mound.Delivery,,Loading,pitch.0,773089,0.1621,-0.248,0.4105,-0.0413,-0.0281,-0.0273,0.0,0.0
1780080240395,1,Pitching Mound.Delivery,,Loading,pitch.0,773088,0.139,-0.2134,0.2996,-0.0208,-0.0271,-0.0276,0.0,0.0
1780080240395,1,Pitching Mound.Drive,,Loading,pitch.0,774197,-15.0255,47.2101,112.5625,79.5166,-85.7059,39.3979,0.078,0.0724
1780080240395,1,Pitching Mound.Parent,,Loading,pitch.0,772344,-14.9284,47.0561,113.0458,79.7911,-86.6653,39.7541,0.0786,0.0729
1780080240395,1,Pitching Mound.Parent,,Loading,pitch.0,772345,-14.8634,46.9622,112.973,79.4753,-85.734,39.3706,0.0778,0.0725
1780080240396,1,11.0000004b,Drive,Loading,pitch.0,774198,-15.0055,47.1749,112.3982,79.3089,-84.8268,39.0918,0.0774,0.0723
1780080240396,1,12.00000015,Lower Delivery,Loading,pitch.0,773714,0.1343,-0.1173,0.2578,0.0142,0.0063,0.0088,0.0,0.0
1780080240396,1,12.00000018,Upper Delivery,Loading,pitch.0,775002,0.0581,-0.1567,0.1292,-0.0884,-0.0304,-0.0012,0.0,0.0
1780080240396,1,Pitching Mound.Delivery,,Loading,pitch.0,773090,0.1925,-0.274,0.387,-0.0304,-0.0241,-0.0183,0.0,0.0
1780080240396,1,Pitching Mound.Drive,,Loading,pitch.0,774198,-15.0055,47.1749,112.3982,79.3089,-84.8268,39.0918,0.0774,0.0723
1780080240396,1,Pitching Mound.Parent,,Loading,pitch.0,772346,-14.8131,46.901,112.7851,79.2784,-84.8508,39.0735,0.0771,0.0725
1780080240397,1,12.00000015,Lower Delivery,Loading,pitch.0,773715,0.1655,-0.1412,0.2809,0.0316,0.0038,0.0093,0.0,0.0
1780080240397,1,12.00000018,Upper Delivery,Loading,pitch.0,775003,0.0544,-0.1674,0.1945,-0.0884,-0.0304,-0.0012,0.0,0.0
1780080240397,1,Pitching Mound.Delivery,,Loading,pitch.0,773091,0.2199,-0.3085,0.4754,-0.0274,-0.0266,-0.0296,0.0,0.0
1780080240398,1,11.0000004b,Drive,Loading,pitch.0,774199,-14.9845,47.0989,112.0915,78.7446,-83.575,38.6899,0.0764,0.072
1780080240398,1,12.00000015,Lower Delivery,Loading,pitch.0,773716,0.1464,-0.1315,0.2536,0.015,-0.0035,0.0072,0.0,0.0
1780080240398,1,12.00000018,Upper Delivery,Loading,pitch.0,775004,0.0232,-0.1451,0.1324,-0.0884,-0.0304,-0.0012,0.0,0.0
1780080240398,1,Pitching Mound.Delivery,,Loading,pitch.0,773092,0.1696,-0.2765,0.386,-0.0322,-0.0339,-0.0359,0.0,0.0
1780080240398,1,Pitching Mound.Drive,,Loading,pitch.0,774199,-14.9845,47.0989,112.0915,78.7446,-83.575,38.6899,0.0764,0.072
1780080240398,1,Pitching Mound.Parent,,Loading,pitch.0,772347,-14.7646,46.7904,112.5669,78.7172,-83.6016,38.6603,0.0761,0.072
1780080240399,1,11.0000004b,Drive,Loading,pitch.0,774200,-15.0025,47.0397,111.8951,78.4756,-82.7134,38.3901,0.0758,0.0719
1780080240399,1,12.00000015,Lower Delivery,Loading,pitch.0,773717,0.1543,-0.148,0.2547,0.0084,-0.0112,0.0073,0.0,0.0
1780080240399,1,Pitching Mound.Drive,,Loading,pitch.0,774200,-15.0025,47.0397,111.8951,78.4756,-82.7134,38.3901,0.0758,0.0719
1780080240399,1,Pitching Mound.Parent,,Loading,pitch.0,772348,-14.8328,46.7632,112.2812,78.4434,-82.7473,38.3543,0.0755,0.072
1780080240400,1,11.0000004b,Drive,Loading,pitch.0,774201,-15.0135,46.986,111.6427,78.0454,-81.6241,38.0534,0.0749,0.0717
1780080240400,1,12.00000015,Lower Delivery,Loading,pitch.0,773718,0.152,-0.1524,0.2673,0.0008,-0.0136,0.0063,0.0,0.0
1780080240400,1,12.00000018,Upper Delivery,Loading,pitch.0,775005,0.0121,-0.1342,0.1335,-0.0884,-0.0304,-0.0012,0.0,0.0
1780080240400,1,12.00000018,Upper Delivery,Loading,pitch.0,775006,0.021,-0.1589,0.1641,-0.0884,-0.0304,-0.0012,0.0,0.0
1780080240400,1,Pitching Mound.Delivery,,Loading,pitch.0,773093,0.1664,-0.2822,0.3882,-0.0387,-0.0416,-0.0423,0.0,0.0
1780080240400,1,Pitching Mound.Delivery,,Loading,pitch.0,773094,0.173,-0.3113,0.4314,-0.0525,-0.044,-0.0395,0.0,0.0
1780080240400,1,Pitching Mound.Drive,,Loading,pitch.0,774201,-15.0135,46.986,111.6427,78.0454,-81.6241,38.0534,0.0749,0.0717
1780080240400,1,Pitching Mound.Parent,,Loading,pitch.0,772349,-14.847,46.7038,112.0309,78.0067,-81.6657,38.0111,0.0747,0.0718
1780080240401,1,11.0000004b,Drive,Loading,pitch.0,774202,-15.0441,46.9163,111.4263,77.6334,-80.7734,37.7395,0.0743,0.0714
1780080240401,1,12.00000015,Lower Delivery,Loading,pitch.0,773719,0.1371,-0.1544,0.252,-0.0077,-0.0077,0.0076,0.0,0.0
1780080240401,1,12.00000018,Upper Delivery,Loading,pitch.0,775007,0.0049,-0.1503,0.151,-0.0884,-0.0304,-0.0012,0.0,0.0
1780080240401,1,Pitching Mound.Delivery,,Loading,pitch.0,773095,0.1421,-0.3047,0.4029,-0.0617,-0.038,-0.0385,0.0,0.0
1780080240401,1,Pitching Mound.Drive,,Loading,pitch.0,774202,-15.0441,46.9163,111.4263,77.6334,-80.7734,37.7395,0.0743,0.0714
1780080240401,1,Pitching Mound.Parent,,Loading,pitch.0,772350,-14.8711,46.605,111.8577,77.5809,-80.8174,37.7,0.074,0.0714
1780080240402,1,11.0000004b,Drive,Loading,pitch.0,774203,-15.1062,46.8795,111.3689,77.7117,-80.1765,37.435,0.0738,0.0715
1780080240402,1,11.0000004b,Drive,Loading,pitch.0,774204,-15.1445,46.8303,111.1839,77.6747,-79.4617,37.1787,0.0733,0.0716
1780080240402,1,12.00000015,Lower Delivery,Loading,pitch.0,773720,0.1393,-0.1355,0.2187,-0.0079,-0.0199,0.0079,0.0,0.0
1780080240402,1,12.00000018,Upper Delivery,Loading,pitch.0,775008,-0.0007,-0.1546,0.1861,-0.0884,-0.0304,-0.0012,0.0,0.0
1780080240402,1,Pitching Mound.Delivery,,Loading,pitch.0,773096,0.1386,-0.2901,0.4048,-0.0852,-0.0503,-0.0409,0.0,0.0
1780080240402,1,Pitching Mound.Drive,,Loading,pitch.0,774203,-15.1062,46.8795,111.3689,77.7117,-80.1765,37.435,0.0738,0.0715
1780080240402,1,Pitching Mound.Drive,,Loading,pitch.0,774204,-15.1445,46.8303,111.1839,77.6747,-79.4617,37.1787,0.0733,0.0716
1780080240402,1,Pitching Mound.Parent,,Loading,pitch.0,772352,-15.0059,46.5402,111.5887,77.5896,-79.512,37.1378,0.073,0.0714
1780080240402,1,Pitching Mound.Parent,,Loading,pitch.0,772351,-14.9641,46.5748,111.7718,77.65,-80.2146,37.3964,0.0735,0.0716
1780080240403,1,12.00000015,Lower Delivery,Loading,pitch.0,773721,0.1166,-0.1483,0.2054,-0.0096,-0.017,0.0086,0.0,0.0
1780080240403,1,12.00000018,Upper Delivery,Loading,pitch.0,775009,0.0308,-0.174,0.2204,-0.0884,-0.0304,-0.0012,0.0,0.0
1780080240403,1,Pitching Mound.Delivery,,Loading,pitch.0,773097,0.1474,-0.3223,0.4259,-0.1031,-0.0474,-0.0217,0.0,0.0
1780080240404,1,11.0000004b,Drive,Loading,pitch.0,774205,-15.1689,46.7202,110.9462,77.5872,-78.481,36.8151,0.0725,0.0717
1780080240404,1,12.00000015,Lower Delivery,Loading,pitch.0,773722,0.131,-0.1509,0.2277,-0.0074,-0.0127,0.0097,0.0,0.0
1780080240404,1,12.00000018,Upper Delivery,Loading,pitch.0,775010,-0.0036,-0.1462,0.1884,-0.0884,-0.0304,-0.0012,0.0,0.0
1780080240404,1,Pitching Mound.Delivery,,Loading,pitch.0,773098,0.1274,-0.2971,0.4161,-0.0824,-0.043,-0.0372,0.0,0.0
1780080240404,1,Pitching Mound.Drive,,Loading,pitch.0,774205,-15.1689,46.7202,110.9462,77.5872,-78.481,36.8151,0.0725,0.0717
1780080240404,1,Pitching Mound.Parent,,Loading,pitch.0,772353,-15.0215,46.398,111.372,77.4841,-78.5284,36.7934,0.0722,0.0714
1780080240405,1,11.0000004b,Drive,Loading,pitch.0,774206,-15.2049,46.658,110.7653,77.4758,-77.7729,36.5217,0.072,0.0717
1780080240405,1,12.00000015,Lower Delivery,Loading,pitch.0,773723,0.1163,-0.1452,0.2112,-0.0105,-0.0074,0.0084,0.0,0.0
1780080240405,1,12.00000018,Upper Delivery,Loading,pitch.0,775011,-0.004,-0.1471,0.2123,-0.0884,-0.0304,-0.0012,0.0,0.0
1780080240405,1,Pitching Mound.Delivery,,Loading,pitch.0,773099,0.1123,-0.2922,0.4235,-0.0993,-0.0378,-0.0337,0.0,0.0
1780080240405,1,Pitching Mound.Drive,,Loading,pitch.0,774206,-15.2049,46.658,110.7653,77.4758,-77.7729,36.5217,0.072,0.0717
1780080240405,1,Pitching Mound.Parent,,Loading,pitch.0,772354,-15.0775,46.3609,111.1814,77.3934,-77.8159,36.4845,0.0717,0.0715
1780080240406,1,11.0000004b,Drive,Loading,pitch.0,774207,-15.2493,46.5421,110.4461,77.6309,-76.8228,36.1513,0.0713,0.072
1780080240406,1,12.00000015,Lower Delivery,Loading,pitch.0,773724,0.116,-0.1257,0.2169,-0.0137,-0.0053,0.0089,0.0,0.0
1780080240406,1,12.00000018,Upper Delivery,Loading,pitch.0,775012,-0.0135,-0.1478,0.198,-0.0884,-0.0304,-0.0012,0.0,0.0
1780080240406,1,Pitching Mound.Delivery,,Loading,pitch.0,773100,0.1025,-0.2735,0.4148,-0.0956,-0.0357,-0.0363,0.0,0.0
1780080240406,1,Pitching Mound.Drive,,Loading,pitch.0,774207,-15.2493,46.5421,110.4461,77.6309,-76.8228,36.1513,0.0713,0.072
1780080240406,1,Pitching Mound.Parent,,Loading,pitch.0,772355,-15.137,46.2498,110.8696,77.5317,-76.8606,36.1176,0.071,0.0718
1780080240407,1,11.0000004b,Drive,Loading,pitch.0,774208,-15.2907,46.4378,110.2385,77.7564,-75.9737,35.8004,0.0706,0.0723
1780080240407,1,11.0000004b,Drive,Loading,pitch.0,774209,-15.2907,46.2702,109.8309,77.5419,-74.475,35.3939,0.0695,0.0724
1780080240407,1,12.00000015,Lower Delivery,Loading,pitch.0,773725,0.1233,-0.1179,0.234,-0.0267,-0.0033,0.0112,0.0,0.0
1780080240407,1,12.00000018,Upper Delivery,Loading,pitch.0,775013,-0.0228,-0.1368,0.1164,-0.0884,-0.0304,-0.0012,0.0,0.0
1780080240407,1,Pitching Mound.Delivery,,Loading,pitch.0,773101,0.1005,-0.2547,0.3504,-0.0751,-0.0337,-0.0397,0.0,0.0
1780080240407,1,Pitching Mound.Drive,,Loading,pitch.0,774208,-15.2907,46.4378,110.2385,77.7564,-75.9737,35.8004,0.0706,0.0723
1780080240407,1,Pitching Mound.Drive,,Loading,pitch.0,774209,-15.2907,46.2702,109.8309,77.5419,-74.475,35.3939,0.0695,0.0724
1780080240407,1,Pitching Mound.Parent,,Loading,pitch.0,772356,-15.1882,46.1643,110.6534,77.6608,-76.0095,35.7641,0.0704,0.0721
1780080240407,1,Pitching Mound.Parent,,Loading,pitch.0,772357,-15.1902,46.0155,110.1813,77.4668,-74.5087,35.3543,0.0693,0.0725
1780080240408,1,11.0000004b,Drive,Loading,pitch.0,774210,-15.3041,46.1757,109.7212,77.7836,-73.9534,35.1091,0.0691,0.0727
1780080240408,1,12.00000015,Lower Delivery,Loading,pitch.0,773726,0.1152,-0.1147,0.2483,-0.0157,0.0046,0.0152,0.0,0.0
1780080240408,1,12.00000018,Upper Delivery,Loading,pitch.0,775014,-0.0206,-0.1344,0.1255,-0.0884,-0.0304,-0.0012,0.0,0.0
1780080240408,1,Pitching Mound.Delivery,,Loading,pitch.0,773102,0.0946,-0.2492,0.3737,-0.0623,-0.0257,-0.0322,0.0,0.0
1780080240408,1,Pitching Mound.Drive,,Loading,pitch.0,774210,-15.3041,46.1757,109.7212,77.7836,-73.9534,35.1091,0.0691,0.0727
1780080240408,1,Pitching Mound.Parent,,Loading,pitch.0,772358,-15.2096,45.9265,110.0949,77.7213,-73.9792,35.0769,0.0688,0.0728
1780080240409,1,11.0000004b,Drive,Loading,pitch.0,774211,-15.3366,46.0568,109.6249,78.0149,-73.3936,34.777,0.0686,0.0729
1780080240409,1,12.00000015,Lower Delivery,Loading,pitch.0,773727,0.0976,-0.0948,0.207,-0.0074,0.0097,0.0161,0.0,0.0
1780080240409,1,12.00000018,Upper Delivery,Loading,pitch.0,775015,-0.0202,-0.1403,0.1241,-0.0884,-0.0304,-0.0012,0.0,0.0
1780080240409,1,Pitching Mound.Delivery,,Loading,pitch.0,773103,0.0774,-0.2351,0.3311,-0.0675,-0.0207,-0.0251,0.0,0.0
1780080240409,1,Pitching Mound.Drive,,Loading,pitch.0,774211,-15.3366,46.0568,109.6249,78.0149,-73.3936,34.777,0.0686,0.0729
1780080240409,1,Pitching Mound.Parent,,Loading,pitch.0,772359,-15.2592,45.8216,109.956,77.9474,-73.4143,34.7519,0.0684,0.073
1780080240410,1,11.0000004b,Drive,Loading,pitch.0,774212,-15.3477,45.9093,109.3362,78.0402,-72.3202,34.3418,0.0678,0.0732
1780080240410,1,12.00000015,Lower Delivery,Loading,pitch.0,773728,0.0676,-0.0515,0.1392,-0.0067,0.0102,0.0178,0.0,0.0
1780080240410,1,12.00000018,Upper Delivery,Loading,pitch.0,775016,-0.0226,-0.1501,0.1504,-0.0884,-0.0304,-0.0012,0.0,0.0
1780080240410,1,Pitching Mound.Delivery,,Loading,pitch.0,773104,0.0449,-0.2016,0.2896,-0.0988,-0.0202,-0.0141,0.0,0.0
1780080240410,1,Pitching Mound.Drive,,Loading,pitch.0,774212,-15.3477,45.9093,109.3362,78.0402,-72.3202,34.3418,0.0678,0.0732
1780080240410,1,Pitching Mound.Parent,,Loading,pitch.0,772360,-15.3028,45.7077,109.6258,77.9414,-72.3404,34.3277,0.0676,0.0729
1780080240411,1,11.0000004b,Drive,Loading,pitch.0,774213,-15.3388,45.7785,109.0504,78.0451,-71.3357,33.9978,0.067,0.0734
1780080240411,1,12.00000015,Lower Delivery,Loading,pitch.0,773729,0.0723,-0.0427,0.1027,0.0005,0.0139,0.0211,0.0,0.0
1780080240411,1,12.00000018,Upper Delivery,Loading,pitch.0,775017,-0.0172,-0.1417,0.0914,-0.0884,-0.0304,-0.0012,0.0,0.0
1780080240411,1,Pitching Mound.Delivery,,Loading,pitch.0,773105,0.0551,-0.1845,0.1941,-0.084,-0.0165,-0.0105,0.0,0.0
1780080240411,1,Pitching Mound.Drive,,Loading,pitch.0,774213,-15.3388,45.7785,109.0504,78.0451,-71.3357,33.9978,0.067,0.0734
1780080240411,1,Pitching Mound.Parent,,Loading,pitch.0,772361,-15.2837,45.594,109.2444,77.961,-71.3522,33.9872,0.0669,0.0733
1780080240412,1,11.0000004b,Drive,Loading,pitch.0,774214,-15.3385,45.6624,108.8303,78.064,-70.5345,33.719,0.0664,0.0735
1780080240412,1,12.00000015,Lower Delivery,Loading,pitch.0,773730,0.0543,-0.0444,0.0996,-0.0122,0.0165,0.0227,0.0,0.0
1780080240412,1,12.00000018,Upper Delivery,Loading,pitch.0,775018,-0.0169,-0.1507,0.0871,-0.0884,-0.0304,-0.0012,0.0,0.0
1780080240412,1,Pitching Mound.Delivery,,Loading,pitch.0,773106,0.0374,-0.1951,0.1867,-0.0963,-0.0139,-0.0027,0.0,0.0
1780080240412,1,Pitching Mound.Drive,,Loading,pitch.0,774214,-15.3385,45.6624,108.8303,78.064,-70.5345,33.719,0.0664,0.0735
1780080240412,1,Pitching Mound.Parent,,Loading,pitch.0,772362,-15.3011,45.4673,109.017,77.9677,-70.5484,33.7163,0.0663,0.0734
1780080240413,1,11.0000004b,Drive,Loading,pitch.0,774215,-15.3065,45.5271,108.4637,78.0235,-69.2733,33.3068,0.0655,0.0737
1780080240413,1,12.00000015,Lower Delivery,Loading,pitch.0,773731,0.0648,-0.0383,0.0911,-0.002,0.0181,0.022,0.0,0.0
1780080240413,1,12.00000018,Upper Delivery,Loading,pitch.0,775019,-0.0121,-0.1302,0.0582,-0.0884,-0.0304,-0.0012,0.0,0.0
1780080240413,1,Pitching Mound.Delivery,,Loading,pitch.0,773107,0.0527,-0.1685,0.1493,-0.0792,-0.0123,-0.0053,0.0,0.0
1780080240413,1,Pitching Mound.Drive,,Loading,pitch.0,774215,-15.3065,45.5271,108.4637,78.0235,-69.2733,33.3068,0.0655,0.0737
1780080240413,1,Pitching Mound.Parent,,Loading,pitch.0,772363,-15.2538,45.3587,108.6131,77.9443,-69.2856,33.3014,0.0654,0.0737
1780080240414,1,11.0000004b,Drive,Loading,pitch.0,774216,-15.2727,45.3943,108.1531,77.6918,-68.1341,32.9591,0.0646,0.0736
1780080240414,1,12.00000015,Lower Delivery,Loading,pitch.0,773732,0.0356,-0.0344,0.0785,-0.0096,0.0062,0.0261,0.0,0.0
1780080240414,1,12.00000018,Upper Delivery,Loading,pitch.0,775020,-0.0126,-0.1373,0.062,-0.0884,-0.0304,-0.0012,0.0,0.0
1780080240414,1,Pitching Mound.Delivery,,Loading,pitch.0,773108,0.0231,-0.1717,0.1405,-0.0923,-0.0242,0.0085,0.0,0.0
1780080240414,1,Pitching Mound.Drive,,Loading,pitch.0,774216,-15.2727,45.3943,108.1531,77.6918,-68.1341,32.9591,0.0646,0.0736
1780080240414,1,Pitching Mound.Parent,,Loading,pitch.0,772364,-15.2496,45.2226,108.2936,77.5994,-68.1582,32.9676,0.0645,0.0736
1780080240415,1,11.0000004b,Drive,Loading,pitch.0,774217,-15.2692,45.2777,107.8993,77.8178,-67.2688,32.6049,0.0639,0.0739
1780080240415,1,12.00000015,Lower Delivery,Loading,pitch.0,773733,0.0358,-0.0178,0.0557,-0.0208,0.001,0.0243,0.0,0.0
1780080240415,1,12.00000018,Upper Delivery,Loading,pitch.0,775021,-0.011,-0.1278,0.0612,-0.0884,-0.0304,-0.0012,0.0,0.0
1780080240415,1,Pitching Mound.Delivery,,Loading,pitch.0,773109,0.0247,-0.1456,0.1169,-0.111,-0.0293,0.0072,0.0,0.0
1780080240415,1,Pitching Mound.Drive,,Loading,pitch.0,774217,-15.2692,45.2777,107.8993,77.8178,-67.2688,32.6049,0.0639,0.0739
1780080240415,1,Pitching Mound.Parent,,Loading,pitch.0,772365,-15.2445,45.1321,108.0162,77.7067,-67.2982,32.6121,0.0638,0.0738
1780080240416,1,12.00000015,Lower Delivery,Loading,pitch.0,773734,0.0599,-0.0524,0.1045,-0.0117,-0.0025,0.0225,0.0,0.0
1780080240416,1,12.00000018,Upper Delivery,Loading,pitch.0,775022,-0.0127,-0.1415,0.0667,-0.0884,-0.0304,-0.0012,0.0,0.0
1780080240416,1,Pitching Mound.Delivery,,Loading,pitch.0,773110,0.0472,-0.1939,0.1712,-0.0872,-0.0329,-0.0034,0.0,0.0
1780080240417,1,11.0000004b,Drive,Loading,pitch.0,774218,-15.2429,45.1403,107.5514,77.6237,-66.1786,32.2356,0.0631,0.074
1780080240417,1,11.0000004b,Drive,Loading,pitch.0,774219,-15.215,44.9915,107.1404,77.3288,-65.0843,31.8806,0.0623,0.074
1780080240417,1,12.00000015,Lower Delivery,Loading,pitch.0,773735,0.113,-0.0376,0.1384,0.005,-0.0075,0.02,0.0,0.0
1780080240417,1,12.00000018,Upper Delivery,Loading,pitch.0,775023,-0.0098,-0.1411,0.0684,-0.0884,-0.0304,-0.0012,0.0,0.0
1780080240417,1,Pitching Mound.Delivery,,Loading,pitch.0,773111,0.1033,-0.1788,0.2069,-0.0596,-0.0379,-0.023,0.0,0.0
1780080240417,1,Pitching Mound.Drive,,Loading,pitch.0,774218,-15.2429,45.1403,107.5514,77.6237,-66.1786,32.2356,0.0631,0.074
1780080240417,1,Pitching Mound.Drive,,Loading,pitch.0,774219,-15.215,44.9915,107.1404,77.3288,-65.0843,31.8806,0.0623,0.074
1780080240417,1,Pitching Mound.Parent,,Loading,pitch.0,772367,-15.1117,44.8128,107.3472,77.2692,-65.1222,31.8576,0.0621,0.0741
1780080240417,1,Pitching Mound.Parent,,Loading,pitch.0,772366,-15.1957,44.9464,107.7226,77.5365,-66.2115,32.2323,0.063,0.074
1780080240418,1,11.0000004b,Drive,Loading,pitch.0,774220,-15.2176,44.8589,106.8313,77.5535,-63.6667,31.4963,0.0611,0.0744
1780080240418,1,12.00000015,Lower Delivery,Loading,pitch.0,773736,0.1522,-0.0639,0.1878,0.0209,-0.0102,0.0187,0.0,0.0
1780080240418,1,12.00000018,Upper Delivery,Loading,pitch.0,775024,-0.0091,-0.1535,0.082,-0.0884,-0.0304,-0.0012,0.0,0.0
1780080240418,1,Pitching Mound.Delivery,,Loading,pitch.0,773112,0.1431,-0.2174,0.2698,-0.0315,-0.0406,-0.0374,0.0,0.0
1780080240418,1,Pitching Mound.Drive,,Loading,pitch.0,774220,-15.2176,44.8589,106.8313,77.5535,-63.6667,31.4963,0.0611,0.0744
1780080240418,1,Pitching Mound.Parent,,Loading,pitch.0,772368,-15.0745,44.6415,107.1011,77.522,-63.7073,31.4589,0.0609,0.0746
1780080240419,1,11.0000004b,Drive,Loading,pitch.0,774221,-15.2177,44.7413,106.5562,77.3284,-63.1195,31.2272,0.0607,0.0744
1780080240419,1,12.00000015,Lower Delivery,Loading,pitch.0,773737,0.1624,-0.0876,0.2132,0.0163,-0.0116,0.016,0.0,0.0
1780080240419,1,12.00000018,Upper Delivery,Loading,pitch.0,775025,-0.0039,-0.1493,0.0883,-0.0884,-0.0304,-0.0012,0.0,0.0
1780080240419,1,Pitching Mound.Delivery,,Loading,pitch.0,773113,0.1585,-0.2369,0.3015,-0.0296,-0.042,-0.0417,0.0,0.0
1780080240419,1,Pitching Mound.Drive,,Loading,pitch.0,774221,-15.2177,44.7413,106.5562,77.3284,-63.1195,31.2272,0.0607,0.0744
1780080240419,1,Pitching Mound.Parent,,Loading,pitch.0,772369,-15.0592,44.5044,106.8577,77.2988,-63.1615,31.1854,0.0605,0.0746
1780080240420,1,11.0000004b,Drive,Loading,pitch.0,774222,-15.2414,44.5755,106.1362,77.6933,-61.5576,30.8392,0.0594,0.075
1780080240420,1,12.00000015,Lower Delivery,Loading,pitch.0,773738,0.1664,-0.0766,0.2034,0.0093,-0.0218,0.0178,0.0,0.0
1780080240420,1,12.00000018,Upper Delivery,Loading,pitch.0,775026,-0.0017,-0.1553,0.1012,-0.0884,-0.0304,-0.0012,0.0,0.0
1780080240420,1,Pitching Mound.Delivery,,Loading,pitch.0,773114,0.1647,-0.2319,0.3046,-0.0443,-0.0521,-0.0405,0.0,0.0
1780080240420,1,Pitching Mound.Drive,,Loading,pitch.0,774222,-15.2414,44.5755,106.1362,77.6933,-61.5576,30.8392,0.0594,0.075
1780080240420,1,Pitching Mound.Parent,,Loading,pitch.0,772370,-15.0767,44.3436,106.4409,77.649,-61.6098,30.7987,0.0593,0.0751
1780080240421,1,11.0000004b,Drive,Loading,pitch.0,774223,-15.2655,44.4517,105.8985,77.5789,-61.3896,30.6128,0.0594,0.0751
1780080240421,1,12.00000015,Lower Delivery,Loading,pitch.0,773739,0.1472,-0.0884,0.1929,-0.0069,-0.0314,0.0129,0.0,0.0
1780080240421,1,12.00000018,Upper Delivery,Loading,pitch.0,775027,-0.0085,-0.1299,0.0762,-0.0884,-0.0304,-0.0012,0.0,0.0
1780080240421,1,Pitching Mound.Delivery,,Loading,pitch.0,773115,0.1387,-0.2183,0.2691,-0.0556,-0.0618,-0.0412,0.0,0.0
1780080240421,1,Pitching Mound.Drive,,Loading,pitch.0,774223,-15.2655,44.4517,105.8985,77.5789,-61.3896,30.6128,0.0594,0.0751
1780080240421,1,Pitching Mound.Parent,,Loading,pitch.0,772371,-15.1268,44.2334,106.1676,77.5233,-61.4514,30.5716,0.0593,0.0753
1780080240422,1,11.0000004b,Drive,Loading,pitch.0,774224,-15.2951,44.2624,105.4474,77.3937,-60.8458,30.2702,0.0591,0.0752
1780080240422,1,12.00000015,Lower Delivery,Loading,pitch.0,773740,0.1439,-0.0919,0.1733,-0.0105,-0.0381,0.0101,0.0,0.0
1780080240422,1,12.00000018,Upper Delivery,Loading,pitch.0,775028,-0.0123,-0.1344,0.076,-0.0884,-0.0304,-0.0012,0.0,0.0
1780080240422,1,Pitching Mound.Delivery,,Loading,pitch.0,773116,0.1316,-0.2263,0.2493,-0.0658,-0.0685,-0.0442,0.0,0.0
1780080240422,1,Pitching Mound.Drive,,Loading,pitch.0,774224,-15.2951,44.2624,105.4474,77.3937,-60.8458,30.2702,0.0591,0.0752
1780080240422,1,Pitching Mound.Parent,,Loading,pitch.0,772372,-15.1635,44.0362,105.6966,77.3279,-60.9142,30.226,0.059,0.0754
1780080240423,1,11.0000004b,Drive,Loading,pitch.0,774225,-15.2674,44.0447,104.7057,76.8464,-59.2969,29.8714,0.058,0.0752
1780080240423,1,12.00000015,Lower Delivery,Loading,pitch.0,773741,0.1309,-0.0814,0.1544,-0.0101,-0.0394,0.0091,0.0,0.0
1780080240423,1,12.00000018,Upper Delivery,Loading,pitch.0,775029,-0.003,-0.1497,0.0995,-0.0884,-0.0304,-0.0012,0.0,0.0
1780080240423,1,Pitching Mound.Delivery,,Loading,pitch.0,773117,0.1279,-0.2311,0.254,-0.0798,-0.0698,-0.0376,0.0,0.0
1780080240423,1,Pitching Mound.Drive,,Loading,pitch.0,774225,-15.2674,44.0447,104.7057,76.8464,-59.2969,29.8714,0.058,0.0752
1780080240423,1,Pitching Mound.Parent,,Loading,pitch.0,772373,-15.1396,43.8136,104.9597,76.7666,-59.3667,29.8338,0.0579,0.0752
1780080240424,1,11.0000004b,Drive,Loading,pitch.0,774226,-15.3231,43.8278,104.2428,76.9662,-58.0321,29.4854,0.0571,0.0757
1780080240424,1,12.00000015,Lower Delivery,Loading,pitch.0,773742,0.1203,-0.0896,0.1572,-0.009,-0.0453,0.0073,0.0,0.0
1780080240424,1,12.00000018,Upper Delivery,Loading,pitch.0,775030,0.0048,-0.1608,0.1308,-0.0884,-0.0304,-0.0012,0.0,0.0
1780080240424,1,Pitching Mound.Delivery,,Loading,pitch.0,773118,0.1251,-0.2505,0.288,-0.0884,-0.0757,-0.0331,0.0,0.0
1780080240424,1,Pitching Mound.Drive,,Loading,pitch.0,774226,-15.3231,43.8278,104.2428,76.9662,-58.0321,29.4854,0.0571,0.0757
1780080240424,1,Pitching Mound.Parent,,Loading,pitch.0,772374,-15.1981,43.5774,104.5307,76.8778,-58.1077,29.4523,0.0569,0.0756
1780080240425,1,11.0000004b,Drive,Loading,pitch.0,774227,-15.3354,43.5497,103.5446,76.571,-56.4375,28.9958,0.0559,0.0758
1780080240425,1,12.00000015,Lower Delivery,Loading,pitch.0,773743,0.11,-0.0833,0.1543,-0.0019,-0.0374,0.0049,0.0,0.0
1780080240425,1,12.00000018,Upper Delivery,Loading,pitch.0,775031,-0.0146,-0.1428,0.0805,-0.0884,-0.0304,-0.0012,0.0,0.0
1780080240425,1,Pitching Mound.Delivery,,Loading,pitch.0,773119,0.0954,-0.226,0.2349,-0.0652,-0.0678,-0.0387,0.0,0.0
1780080240425,1,Pitching Mound.Drive,,Loading,pitch.0,774227,-15.3354,43.5497,103.5446,76.571,-56.4375,28.9958,0.0559,0.0758
1780080240425,1,Pitching Mound.Parent,,Loading,pitch.0,772375,-15.24,43.3237,103.7795,76.5058,-56.5053,28.9572,0.0557,0.0759
1780080240426,1,11.0000004b,Drive,Loading,pitch.0,774228,-15.414,43.3765,103.2823,76.8261,-55.7571,28.7265,0.0553,0.0762
1780080240426,1,12.00000015,Lower Delivery,Loading,pitch.0,773744,0.1017,-0.0732,0.1184,0.0021,-0.0447,0.0044,0.0,0.0
1780080240426,1,12.00000018,Upper Delivery,Loading,pitch.0,775032,-0.0122,-0.1509,0.0969,-0.0884,-0.0304,-0.0012,0.0,0.0
1780080240426,1,Pitching Mound.Delivery,,Loading,pitch.0,773120,0.0895,-0.2241,0.2152,-0.079,-0.0751,-0.0355,0.0,0.0
1780080240426,1,Pitching Mound.Drive,,Loading,pitch.0,774228,-15.414,43.3765,103.2823,76.8261,-55.7571,28.7265,0.0553,0.0762
1780080240426,1,Pitching Mound.Parent,,Loading,pitch.0,772376,-15.3246,43.1524,103.4975,76.7471,-55.8322,28.691,0.0552,0.0762
1780080240427,1,11.0000004b,Drive,Loading,pitch.0,774229,-15.4255,43.1392,102.7318,76.5898,-54.2405,28.4149,0.0541,0.0764
1780080240427,1,12.00000015,Lower Delivery,Loading,pitch.0,773745,0.0965,-0.0612,0.1056,-0.0088,-0.0499,0.0013,0.0,0.0
1780080240427,1,12.00000018,Upper Delivery,Loading,pitch.0,775033,-0.0134,-0.1405,0.082,-0.0884,-0.0304,-0.0012,0.0,0.0
1780080240427,1,Pitching Mound.Delivery,,Loading,pitch.0,773121,0.0832,-0.2017,0.1876,-0.0891,-0.0803,-0.0373,0.0,0.0
1780080240427,1,Pitching Mound.Drive,,Loading,pitch.0,774229,-15.4255,43.1392,102.7318,76.5898,-54.2405,28.4149,0.0541,0.0764
1780080240427,1,Pitching Mound.Parent,,Loading,pitch.0,772377,-15.3423,42.9375,102.9194,76.5008,-54.3208,28.3777,0.054,0.0764
1780080240428,1,11.0000004b,Drive,Loading,pitch.0,774230,-15.469,42.8877,102.2594,76.626,-53.2166,28.0705,0.0533,0.0768
1780080240428,1,12.00000015,Lower Delivery,Loading,pitch.0,773746,0.1184,-0.0918,0.1323,-0.0016,-0.0432,0.0029,0.0,0.0
1780080240428,1,12.00000018,Upper Delivery,Loading,pitch.0,775034,-0.0138,-0.136,0.0838,-0.0884,-0.0304,-0.0012,0.0,0.0
1780080240428,1,Pitching Mound.Delivery,,Loading,pitch.0,773122,0.1046,-0.2278,0.2161,-0.0734,-0.0736,-0.0432,0.0,0.0
1780080240428,1,Pitching Mound.Drive,,Loading,pitch.0,774230,-15.469,42.8877,102.2594,76.626,-53.2166,28.0705,0.0533,0.0768
1780080240428,1,Pitching Mound.Parent,,Loading,pitch.0,772378,-15.3644,42.6599,102.4756,76.5526,-53.2902,28.0273,0.0532,0.0768
1780080240429,1,11.0000004b,Drive,Loading,pitch.0,774231,-15.5008,42.6637,101.7378,76.3192,-52.4111,27.8396,0.0528,0.0769
1780080240429,1,12.00000015,Lower Delivery,Loading,pitch.0,773747,0.1262,-0.0742,0.1265,-0.0123,-0.0496,0.0032,0.0,0.0
1780080240429,1,12.00000018,Upper Delivery,Loading,pitch.0,775035,-0.0179,-0.1493,0.1346,-0.0884,-0.0304,-0.0012,0.0,0.0
1780080240429,1,Pitching Mound.Delivery,,Loading,pitch.0,773123,0.1084,-0.2235,0.2611,-0.1034,-0.0799,-0.047,0.0,0.0
1780080240429,1,Pitching Mound.Drive,,Loading,pitch.0,774231,-15.5008,42.6637,101.7378,76.3192,-52.4111,27.8396,0.0528,0.0769
1780080240429,1,Pitching Mound.Parent,,Loading,pitch.0,772379,-15.3924,42.4402,101.9989,76.2158,-52.491,27.7926,0.0527,0.0767
1780080240430,1,11.0000004b,Drive,Loading,pitch.0,774232,-15.4736,42.3383,100.8267,75.5359,-51.5256,27.385,0.0524,0.0768
1780080240430,1,12.00000015,Lower Delivery,Loading,pitch.0,773748,0.1385,-0.0895,0.1331,-0.0017,-0.0399,0.002,0.0,0.0
1780080240430,1,12.00000018,Upper Delivery,Loading,pitch.0,775036,-0.0138,-0.1435,0.0945,-0.0884,-0.0304,-0.0012,0.0,0.0
1780080240430,1,Pitching Mound.Delivery,,Loading,pitch.0,773124,0.1247,-0.233,0.2276,-0.0769,-0.0703,-0.051,0.0,0.0
1780080240430,1,Pitching Mound.Drive,,Loading,pitch.0,774232,-15.4736,42.3383,100.8267,75.5359,-51.5256,27.385,0.0524,0.0768
1780080240430,1,Pitching Mound.Parent,,Loading,pitch.0,772380,-15.3489,42.1053,101.0543,75.459,-51.5959,27.334,0.0523,0.0767
1780080240431,1,11.0000004b,Drive,Loading,pitch.0,774233,-15.5253,42.1252,100.5115,75.6264,-50.9761,27.2183,0.052,0.0771
1780080240431,1,12.00000015,Lower Delivery,Loading,pitch.0,773749,0.1624,-0.1151,0.1785,0.0028,-0.0373,0.0009,0.0,0.0
1780080240431,1,12.00000018,Upper Delivery,Loading,pitch.0,775037,-0.0121,-0.173,0.0961,-0.0884,-0.0304,-0.0012,0.0,0.0
1780080240431,1,Pitching Mound.Delivery,,Loading,pitch.0,773125,0.1503,-0.2881,0.2746,-0.0575,-0.0676,-0.0597,0.0,0.0
1780080240431,1,Pitching Mound.Drive,,Loading,pitch.0,774233,-15.5253,42.1252,100.5115,75.6264,-50.9761,27.2183,0.052,0.0771
1780080240431,1,Pitching Mound.Parent,,Loading,pitch.0,772381,-15.3749,41.8371,100.7861,75.5688,-51.0438,27.1586,0.0518,0.0772
1780080240432,1,11.0000004b,Drive,Loading,pitch.0,774234,-15.5566,41.7827,99.825,75.0541,-50.7118,26.7753,0.0521,0.0771
1780080240432,1,12.00000015,Lower Delivery,Loading,pitch.0,773750,0.1803,-0.1159,0.2029,0.0057,-0.0362,-0.0002,0.0,0.0
1780080240432,1,12.00000018,Upper Delivery,Loading,pitch.0,775038,0.0125,-0.1945,0.1643,-0.0884,-0.0304,-0.0012,0.0,0.0
1780080240432,1,Pitching Mound.Delivery,,Loading,pitch.0,773126,0.1928,-0.3104,0.3672,-0.0696,-0.0666,-0.0585,0.0,0.0
1780080240432,1,Pitching Mound.Drive,,Loading,pitch.0,774234,-15.5566,41.7827,99.825,75.0541,-50.7118,26.7753,0.0521,0.0771
1780080240432,1,Pitching Mound.Parent,,Loading,pitch.0,772382,-15.3638,41.4723,100.1922,74.9846,-50.7783,26.7168,0.0519,0.0769
1780080240433,1,11.0000004b,Drive,Loading,pitch.0,774235,-15.5639,41.4603,99.0375,74.5211,-49.3085,26.4007,0.051,0.0771
1780080240433,1,12.00000015,Lower Delivery,Loading,pitch.0,773751,0.1785,-0.1274,0.2316,0.01,-0.0344,0.0008,0.0,0.0
1780080240433,1,12.00000018,Upper Delivery,Loading,pitch.0,775039,-0.0138,-0.1724,0.1288,-0.0884,-0.0304,-0.0012,0.0,0.0
1780080240433,1,Pitching Mound.Delivery,,Loading,pitch.0,773127,0.1647,-0.2997,0.3605,-0.0435,-0.0648,-0.0658,0.0,0.0
1780080240433,1,Pitching Mound.Drive,,Loading,pitch.0,774235,-15.5639,41.4603,99.0375,74.5211,-49.3085,26.4007,0.051,0.0771
1780080240433,1,Pitching Mound.Parent,,Loading,pitch.0,772383,-15.3992,41.1605,99.398,74.4776,-49.3733,26.3349,0.0508,0.0772
1780080240434,1,11.0000004b,Drive,Loading,pitch.0,774236,-15.6217,41.2675,98.8201,74.4566,-49.3983,26.3723,0.0512,0.0772
1780080240434,1,12.00000015,Lower Delivery,Loading,pitch.0,773752,0.1734,-0.1218,0.2301,0.0133,-0.0302,0.0015,0.0,0.0
1780080240434,1,12.00000018,Upper Delivery,Loading,pitch.0,775040,-0.0161,-0.172,0.1051,-0.0884,-0.0304,-0.0012,0.0,0.0
1780080240434,1,Pitching Mound.Delivery,,Loading,pitch.0,773128,0.1573,-0.2938,0.3352,-0.0326,-0.0605,-0.0641,0.0,0.0
1780080240434,1,Pitching Mound.Drive,,Loading,pitch.0,774236,-15.6217,41.2675,98.8201,74.4566,-49.3983,26.3723,0.0512,0.0772
1780080240434,1,Pitching Mound.Parent,,Loading,pitch.0,772384,-15.4644,40.9737,99.1553,74.424,-49.4588,26.3082,0.0511,0.0774
1780080240435,1,11.0000004b,Drive,Loading,pitch.0,774237,-15.6379,40.932,97.978,73.8029,-48.5129,25.9916,0.0507,0.0772
1780080240435,1,12.00000015,Lower Delivery,Loading,pitch.0,773753,0.1811,-0.1325,0.2402,0.0116,-0.0245,0.0027,0.0,0.0
1780080240435,1,12.00000018,Upper Delivery,Loading,pitch.0,775041,-0.0157,-0.1612,0.0952,-0.0884,-0.0304,-0.0012,0.0,0.0
1780080240435,1,Pitching Mound.Delivery,,Loading,pitch.0,773129,0.1654,-0.2936,0.3354,-0.0274,-0.0549,-0.0655,0.0,0.0
1780080240435,1,Pitching Mound.Drive,,Loading,pitch.0,774237,-15.6379,40.932,97.978,73.8029,-48.5129,25.9916,0.0507,0.0772
1780080240435,1,Pitching Mound.Parent,,Loading,pitch.0,772385,-15.4725,40.6384,98.3134,73.7755,-48.5678,25.9261,0.0506,0.0774
1780080240436,1,11.0000004b,Drive,Loading,pitch.0,774238,-15.7024,40.6454,97.4472,73.7417,-47.7687,25.7701,0.0502,0.0776
1780080240436,1,12.00000015,Lower Delivery,Loading,pitch.0,773754,0.2165,-0.1498,0.3015,0.0066,-0.0296,0.0016,0.0,0.0
1780080240436,1,12.00000018,Upper Delivery,Loading,pitch.0,775042,-0.0135,-0.1579,0.0902,-0.0884,-0.0304,-0.0012,0.0,0.0
1780080240436,1,Pitching Mound.Delivery,,Loading,pitch.0,773130,0.203,-0.3077,0.3917,-0.0099,-0.0599,-0.0778,0.0,0.0
1780080240436,1,Pitching Mound.Drive,,Loading,pitch.0,774238,-15.7024,40.6454,97.4472,73.7417,-47.7687,25.7701,0.0502,0.0776
1780080240436,1,Pitching Mound.Parent,,Loading,pitch.0,772386,-15.4993,40.3376,97.8389,73.7318,-47.8286,25.6922,0.05,0.078
1780080240437,1,11.0000004b,Drive,Loading,pitch.0,774239,-15.784,40.3348,96.9363,73.5786,-47.9468,25.4782,0.0507,0.0778
1780080240437,1,12.00000015,Lower Delivery,Loading,pitch.0,773755,0.1977,-0.1481,0.2841,0.0012,-0.0262,0.002,0.0,0.0
1780080240437,1,12.00000018,Upper Delivery,Loading,pitch.0,775043,-0.0153,-0.1672,0.0952,-0.0884,-0.0304,-0.0012,0.0,0.0
1780080240437,1,Pitching Mound.Delivery,,Loading,pitch.0,773131,0.1824,-0.3153,0.3794,-0.023,-0.0565,-0.0716,0.0,0.0
1780080240437,1,Pitching Mound.Drive,,Loading,pitch.0,774239,-15.784,40.3348,96.9363,73.5786,-47.9468,25.4782,0.0507,0.0778
1780080240437,1,Pitching Mound.Parent,,Loading,pitch.0,772387,-15.6016,40.0195,97.3157,73.5556,-48.0034,25.4066,0.0505,0.0782
1780080240438,1,11.0000004b,Drive,Loading,pitch.0,774240,-15.8753,40.0447,96.421,73.2428,-47.1263,25.2487,0.0501,0.0779
1780080240438,1,12.00000015,Lower Delivery,Loading,pitch.0,773756,0.19,-0.145,0.2787,0.0049,-0.0204,0.0053,0.0,0.0
1780080240438,1,12.00000018,Upper Delivery,Loading,pitch.0,775044,-0.012,-0.1839,0.1143,-0.0884,-0.0304,-0.0012,0.0,0.0
1780080240438,1,Pitching Mound.Delivery,,Loading,pitch.0,773132,0.1781,-0.329,0.3929,-0.0276,-0.0508,-0.0646,0.0,0.0
1780080240438,1,Pitching Mound.Drive,,Loading,pitch.0,774240,-15.8753,40.0447,96.421,73.2428,-47.1263,25.2487,0.0501,0.0779
1780080240438,1,Pitching Mound.Parent,,Loading,pitch.0,772388,-15.6973,39.7157,96.8139,73.2152,-47.1771,25.1842,0.0499,0.0781
1780080240439,1,11.0000004b,Drive,Loading,pitch.0,774241,-15.9237,39.633,95.4758,72.9104,-46.9661,24.9819,0.0504,0.0783
1780080240439,1,12.00000015,Lower Delivery,Loading,pitch.0,773757,0.1615,-0.1295,0.2303,-0.0164,-0.0275,0.0052,0.0,0.0
1780080240439,1,12.00000018,Upper Delivery,Loading,pitch.0,775045,0.0133,-0.2005,0.1323,-0.0884,-0.0304,-0.0012,0.0,0.0
1780080240439,1,Pitching Mound.Delivery,,Loading,pitch.0,773133,0.1749,-0.33,0.3626,-0.0715,-0.0578,-0.0464,0.0,0.0
1780080240439,1,Pitching Mound.Drive,,Loading,pitch.0,774241,-15.9237,39.633,95.4758,72.9104,-46.9661,24.9819,0.0504,0.0783
1780080240439,1,Pitching Mound.Parent,,Loading,pitch.0,772389,-15.7488,39.303,95.8383,72.8389,-47.0239,24.9355,0.0502,0.0783
1780080240440,1,11.0000004b,Drive,Loading,pitch.0,774242,-15.9666,39.2668,94.6586,72.6219,-47.0755,25.0125,0.051,0.0786
1780080240440,1,12.00000015,Lower Delivery,Loading,pitch.0,773758,0.1754,-0.1534,0.2477,-0.0164,-0.028,0.0067,0.0,0.0
1780080240440,1,12.00000018,Upper Delivery,Loading,pitch.0,775046,0.0365,-0.2088,0.17,-0.0884,-0.0304,-0.0012,0.0,0.0
1780080240440,1,Pitching Mound.Delivery,,Loading,pitch.0,773134,0.2119,-0.3622,0.4176,-0.0784,-0.0584,-0.0417,0.0,0.0
1780080240440,1,Pitching Mound.Drive,,Loading,pitch.0,774242,-15.9666,39.2668,94.6586,72.6219,-47.0755,25.0125,0.051,0.0786
1780080240440,1,Pitching Mound.Parent,,Loading,pitch.0,772390,-15.7547,38.9046,95.0762,72.5435,-47.1339,24.9708,0.0507,0.0786
1780080240441,1,11.0000004b,Drive,Loading,pitch.0,774243,-16.0847,38.8214,94.1749,71.8495,-46.5274,24.7241,0.0506,0.0782
1780080240441,1,12.00000015,Lower Delivery,Loading,pitch.0,773759,0.1652,-0.1464,0.2518,-0.024,-0.0231,0.0058,0.0,0.0
1780080240441,1,12.00000018,Upper Delivery,Loading,pitch.0,775047,0.0563,-0.2235,0.2035,-0.0884,-0.0304,-0.0012,0.0,0.0
1780080240441,1,Pitching Mound.Delivery,,Loading,pitch.0,773135,0.2215,-0.3699,0.4553,-0.096,-0.0535,-0.0324,0.0,0.0
1780080240441,1,Pitching Mound.Drive,,Loading,pitch.0,774243,-16.0847,38.8214,94.1749,71.8495,-46.5274,24.7241,0.0506,0.0782
1780080240441,1,Pitching Mound.Parent,,Loading,pitch.0,772391,-15.8632,38.4514,94.6301,71.7536,-46.5809,24.6917,0.0504,0.078
1780080240442,1,11.0000004b,Drive,Loading,pitch.0,774244,-16.1867,38.4015,93.4987,71.4802,-45.2936,24.534,0.0497,0.0784
1780080240442,1,12.00000015,Lower Delivery,Loading,pitch.0,773760,0.137,-0.1197,0.1945,-0.0331,-0.0206,0.0071,0.0,0.0
1780080240442,1,12.00000018,Upper Delivery,Loading,pitch.0,775048,0.0863,-0.233,0.2495,-0.0884,-0.0304,-0.0012,0.0,0.0
1780080240442,1,Pitching Mound.Delivery,,Loading,pitch.0,773136,0.2233,-0.3527,0.4441,-0.1401,-0.0509,-0.0113,0.0,0.0
1780080240442,1,Pitching Mound.Drive,,Loading,pitch.0,774244,-16.1867,38.4015,93.4987,71.4802,-45.2936,24.534,0.0497,0.0784
1780080240442,1,Pitching Mound.Parent,,Loading,pitch.0,772392,-15.9633,38.0488,93.9427,71.34,-45.3445,24.5226,0.0494,0.0778
1780080240443,1,11.0000004b,Drive,Loading,pitch.0,774245,-16.2505,37.9612,92.7001,70.9928,-45.1037,24.6273,0.0499,0.0785
1780080240443,1,12.00000015,Lower Delivery,Loading,pitch.0,773761,0.1061,-0.1102,0.1598,-0.0452,-0.0289,0.0036,0.0,0.0
1780080240443,1,12.00000018,Upper Delivery,Loading,pitch.0,775049,0.0489,-0.1906,0.1573,-0.0884,-0.0304,-0.0012,0.0,0.0
1780080240443,1,Pitching Mound.Delivery,,Loading,pitch.0,773137,0.155,-0.3008,0.317,-0.1327,-0.0593,-0.0171,0.0,0.0
1780080240443,1,Pitching Mound.Drive,,Loading,pitch.0,774245,-16.2505,37.9612,92.7001,70.9928,-45.1037,24.6273,0.0499,0.0785
1780080240443,1,Pitching Mound.Parent,,Loading,pitch.0,772393,-16.0955,37.6604,93.0171,70.8601,-45.163,24.6103,0.0497,0.0782
1780080240444,1,11.0000004b,Drive,Loading,pitch.0,774246,-16.4028,37.427,91.5434,70.5534,-44.7222,24.4752,0.0501,0.079
1780080240444,1,12.00000015,Lower Delivery,Loading,pitch.0,773762,0.0849,-0.0853,0.1392,-0.0479,-0.0293,0.0063,0.0,0.0
1780080240444,1,12.00000018,Upper Delivery,Loading,pitch.0,775050,0.1127,-0.2488,0.2621,-0.0884,-0.0304,-0.0012,0.0,0.0
1780080240444,1,Pitching Mound.Delivery,,Loading,pitch.0,773138,0.1977,-0.3341,0.4013,-0.1781,-0.0597,0.0146,0.0,0.0
1780080240444,1,Pitching Mound.Drive,,Loading,pitch.0,774246,-16.4028,37.427,91.5434,70.5534,-44.7222,24.4752,0.0501,0.079
1780080240444,1,Pitching Mound.Parent,,Loading,pitch.0,772394,-16.2052,37.0929,91.9447,70.3753,-44.7819,24.4898,0.0499,0.0782
1780080240445,1,11.0000004b,Drive,Loading,pitch.0,774247,-16.5344,36.9872,90.5679,69.6985,-44.8859,24.4628,0.0508,0.0789
1780080240445,1,12.00000015,Lower Delivery,Loading,pitch.0,773763,0.0813,-0.0931,0.1508,-0.0511,-0.0208,0.0034,0.0,0.0
1780080240445,1,12.00000018,Upper Delivery,Loading,pitch.0,775051,0.1212,-0.2579,0.2725,-0.0884,-0.0304,-0.0012,0.0,0.0
1780080240445,1,Pitching Mound.Delivery,,Loading,pitch.0,773139,0.2025,-0.351,0.4233,-0.1808,-0.0512,0.0157,0.0,0.0
1780080240445,1,Pitching Mound.Drive,,Loading,pitch.0,774247,-16.5344,36.9872,90.5679,69.6985,-44.8859,24.4628,0.0508,0.0789
1780080240445,1,Pitching Mound.Parent,,Loading,pitch.0,772395,-16.3319,36.6362,90.9912,69.5177,-44.9371,24.4785,0.0506,0.0781
1780080240446,1,11.0000004b,Drive,Loading,pitch.0,774248,-16.6273,36.6627,89.6996,69.0682,-44.1269,24.3506,0.0504,0.0789
1780080240446,1,12.00000015,Lower Delivery,Loading,pitch.0,773764,0.0209,-0.0458,0.0604,-0.0474,-0.0156,0.0035,0.0,0.0
1780080240446,1,12.00000018,Upper Delivery,Loading,pitch.0,775052,0.1203,-0.2493,0.2774,-0.0884,-0.0304,-0.0012,0.0,0.0
1780080240446,1,Pitching Mound.Delivery,,Loading,pitch.0,773140,0.1412,-0.2951,0.3377,-0.2095,-0.046,0.036,0.0,0.0
1780080240446,1,Pitching Mound.Drive,,Loading,pitch.0,774248,-16.6273,36.6627,89.6996,69.0682,-44.1269,24.3506,0.0504,0.0789
1780080240446,1,Pitching Mound.Parent,,Loading,pitch.0,772396,-16.4861,36.3676,90.0373,68.8587,-44.1729,24.3866,0.0502,0.0778
1780080240447,1,11.0000004b,Drive,Loading,pitch.0,774249,-16.6573,36.3892,89.0814,68.7074,-43.3673,24.4698,0.0499,0.0791
1780080240447,1,12.00000015,Lower Delivery,Loading,pitch.0,773765,0.0215,-0.0339,0.0412,-0.0588,-0.0213,0.0053,0.0,0.0
1780080240447,1,12.00000018,Upper Delivery,Loading,pitch.0,775053,0.1524,-0.2786,0.319,-0.0884,-0.0304,-0.0012,0.0,0.0
1780080240447,1,Pitching Mound.Delivery,,Loading,pitch.0,773141,0.1739,-0.3125,0.3602,-0.2416,-0.0516,0.0486,0.0,0.0
1780080240447,1,Pitching Mound.Drive,,Loading,pitch.0,774249,-16.6573,36.3892,89.0814,68.7074,-43.3673,24.4698,0.0499,0.0791
1780080240447,1,Pitching Mound.Parent,,Loading,pitch.0,772397,-16.4834,36.0767,89.4416,68.4658,-43.4189,24.5185,0.0497,0.0777
1780080240448,1,11.0000004b,Drive,Loading,pitch.0,774250,-16.8313,36.1252,88.0194,69.1079,-42.8224,23.8865,0.0499,0.0805
1780080240448,1,12.00000015,Lower Delivery,Loading,pitch.0,773766,0.0042,-0.071,0.0357,-0.0674,-0.019,0.0046,0.0,0.0
1780080240448,1,12.00000018,Upper Delivery,Loading,pitch.0,775054,0.1525,-0.269,0.3657,-0.0884,-0.0304,-0.0012,0.0,0.0
1780080240448,1,Pitching Mound.Delivery,,Loading,pitch.0,773142,0.1567,-0.34,0.4014,-0.2679,-0.0493,0.0538,0.0,0.0
1780080240448,1,Pitching Mound.Drive,,Loading,pitch.0,774250,-16.8313,36.1252,88.0194,69.1079,-42.8224,23.8865,0.0499,0.0805
1780080240448,1,Pitching Mound.Parent,,Loading,pitch.0,772398,-16.6745,35.7853,88.4207,68.84,-42.8717,23.9403,0.0496,0.0788
1780080240449,1,11.0000004b,Drive,Loading,pitch.0,774251,-16.8205,35.751,87.2649,68.9639,-43.0828,23.8716,0.0506,0.081
1780080240449,1,12.00000015,Lower Delivery,Loading,pitch.0,773767,0.007,-0.0711,0.0366,-0.0611,-0.0144,0.0023,0.0,0.0
1780080240449,1,12.00000018,Upper Delivery,Loading,pitch.0,775055,0.1399,-0.2638,0.3241,-0.0884,-0.0304,-0.0012,0.0,0.0
1780080240449,1,Pitching Mound.Delivery,,Loading,pitch.0,773143,0.1469,-0.3348,0.3607,-0.2472,-0.0447,0.0463,0.0,0.0
1780080240449,1,Pitching Mound.Drive,,Loading,pitch.0,774251,-16.8205,35.751,87.2649,68.9639,-43.0828,23.8716,0.0506,0.081
1780080240449,1,Pitching Mound.Parent,,Loading,pitch.0,772399,-16.6736,35.4162,87.6256,68.7166,-43.1275,23.9179,0.0504,0.0796
1780080240450,1,11.0000004b,Drive,Loading,pitch.0,774252,-16.9342,35.3782,86.1477,68.1637,-42.206,23.6872,0.0502,0.0811
1780080240450,1,12.00000015,Lower Delivery,Loading,pitch.0,773768,-0.0052,-0.1048,0.0347,-0.0645,-0.0135,0.0025,0.0,0.0
1780080240450,1,12.00000018,Upper Delivery,Loading,pitch.0,775056,0.1522,-0.3744,0.5429,-0.0884,-0.0304,-0.0012,0.0,0.0
1780080240450,1,Pitching Mound.Delivery,,Loading,pitch.0,773144,0.147,-0.4791,0.5776,-0.3257,-0.0438,0.0548,0.0,0.0
1780080240450,1,Pitching Mound.Drive,,Loading,pitch.0,774252,-16.9342,35.3782,86.1477,68.1637,-42.206,23.6872,0.0502,0.0811
1780080240450,1,Pitching Mound.Parent,,Loading,pitch.0,772400,-16.7872,34.8991,86.7254,67.8379,-42.2499,23.742,0.0499,0.0786
1780080240451,1,11.0000004b,Drive,Loading,pitch.0,774253,-16.9128,35.1275,85.665,67.5632,-41.3282,23.6565,0.0494,0.0808
1780080240451,1,12.00000015,Lower Delivery,Loading,pitch.0,773769,0.0134,-0.0637,0.0377,-0.0617,-0.0169,0.0027,0.0,0.0
1780080240451,1,12.00000018,Upper Delivery,Loading,pitch.0,775057,0.1401,-0.3808,0.5773,-0.0884,-0.0304,-0.0012,0.0,0.0
1780080240451,1,Pitching Mound.Delivery,,Loading,pitch.0,773145,0.1535,-0.4445,0.615,-0.3335,-0.0473,0.0446,0.0,0.0
1780080240451,1,Pitching Mound.Drive,,Loading,pitch.0,774253,-16.9128,35.1275,85.665,67.5632,-41.3282,23.6565,0.0494,0.0808
1780080240451,1,Pitching Mound.Parent,,Loading,pitch.0,772401,-16.7593,34.683,86.28,67.2297,-41.3755,23.7011,0.0491,0.0781
1780080240452,1,11.0000004b,Drive,Loading,pitch.0,774254,-16.8309,34.6439,84.5717,65.8507,-41.0156,23.4151,0.0497,0.0798
1780080240452,1,12.00000015,Lower Delivery,Loading,pitch.0,773770,0.0323,-0.0363,0.0427,-0.0532,-0.02,0.0033,0.0,0.0
1780080240452,1,12.00000018,Upper Delivery,Loading,pitch.0,775058,0.0824,-0.4614,0.7756,-0.0884,-0.0304,-0.0012,0.0,0.0
1780080240452,1,Pitching Mound.Delivery,,Loading,pitch.0,773146,0.1147,-0.4977,0.8184,-0.3908,-0.0503,0.0191,0.0,0.0
1780080240452,1,Pitching Mound.Drive,,Loading,pitch.0,774254,-16.8309,34.6439,84.5717,65.8507,-41.0156,23.4151,0.0497,0.0798
1780080240452,1,Pitching Mound.Parent,,Loading,pitch.0,772402,-16.7161,34.1462,85.3901,65.4599,-41.066,23.4343,0.0492,0.0761
1780080240453,1,11.0000004b,Drive,Loading,pitch.0,774255,-16.7213,34.1473,83.9754,64.976,-38.7629,23.2859,0.0473,0.0793
1780080240453,1,12.00000015,Lower Delivery,Loading,pitch.0,773771,0.0976,-0.0431,0.0963,-0.0345,-0.0192,0.0039,0.0,0.0
1780080240453,1,12.00000018,Upper Delivery,Loading,pitch.0,775059,0.0883,-0.1426,0.1667,-0.0884,-0.0304,-0.0012,0.0,0.0
1780080240453,1,Pitching Mound.Delivery,,Loading,pitch.0,773147,0.1859,-0.1857,0.263,-0.1468,-0.0496,-0.0004,0.0,0.0
1780080240453,1,Pitching Mound.Drive,,Loading,pitch.0,774255,-16.7213,34.1473,83.9754,64.976,-38.7629,23.2859,0.0473,0.0793
1780080240453,1,Pitching Mound.Parent,,Loading,pitch.0,772403,-16.5355,33.9616,84.2383,64.8292,-38.8125,23.2855,0.0472,0.0788
1780080240454,1,11.0000004b,Drive,Loading,pitch.0,774256,-16.6736,33.6507,82.9934,63.0166,-41.0844,23.4233,0.0507,0.0778
1780080240454,1,12.00000015,Lower Delivery,Loading,pitch.0,773772,0.1106,-0.0615,0.1253,-0.0316,-0.0199,0.0054,0.0,0.0
1780080240454,1,12.00000018,Upper Delivery,Loading,pitch.0,775060,0.0807,-0.283,0.2214,-0.0884,-0.0304,-0.0012,0.0,0.0
1780080240454,1,Pitching Mound.Delivery,,Loading,pitch.0,773148,0.1913,-0.3445,0.3467,-0.1527,-0.0503,-0.006,0.0,0.0
1780080240454,1,Pitching Mound.Drive,,Loading,pitch.0,774256,-16.6736,33.6507,82.9934,63.0166,-41.0844,23.4233,0.0507,0.0778
1780080240454,1,Pitching Mound.Parent,,Loading,pitch.0,772404,-16.4823,33.3062,83.3401,62.8639,-41.1347,23.4173,0.0505,0.0771
1780080240455,1,11.0000004b,Drive,Loading,pitch.0,774257,-16.6562,32.9843,81.6796,61.3988,-40.8859,23.2256,0.0513,0.077
1780080240455,1,12.00000015,Lower Delivery,Loading,pitch.0,773773,0.1483,-0.0892,0.1514,-0.0102,-0.024,0.0043,0.0,0.0
1780080240455,1,12.00000018,Upper Delivery,Loading,pitch.0,775061,0.3641,-0.8079,0.9598,2.3495,2.2655,0.0105,0.0,0.0
1780080240455,1,Pitching Mound.Delivery,,Loading,pitch.0,773149,0.5125,-0.8971,1.1112,2.0645,2.2414,0.0881,0.0,0.0
1780080240455,1,Pitching Mound.Drive,,Loading,pitch.0,774257,-16.6562,32.9843,81.6796,61.3988,-40.8859,23.2256,0.0513,0.077
1780080240455,1,Pitching Mound.Parent,,Loading,pitch.0,772405,-16.1437,32.0872,82.7908,63.4633,-38.6445,23.3137,0.0506,0.0727
1780080240456,1,11.0000004b,Drive,Loading,pitch.0,774258,-16.6166,32.4763,80.9015,60.2639,-39.7641,23.1746,0.0504,0.0763
1780080240456,1,12.00000015,Lower Delivery,Loading,pitch.0,773774,0.1362,-0.0704,0.155,-0.0123,-0.0255,0.0064,0.0,0.0
1780080240456,1,12.00000018,Upper Delivery,Loading,pitch.0,775062,0.6272,-0.8425,1.7398,4.934,7.3071,-0.8077,0.0,0.0
1780080240456,1,Pitching Mound.Delivery,,Loading,pitch.0,773150,0.7635,-0.913,1.8947,4.3829,7.2816,-0.6344,0.0,0.0
1780080240456,1,Pitching Mound.Drive,,Loading,pitch.0,774258,-16.6166,32.4763,80.9015,60.2639,-39.7641,23.1746,0.0504,0.0763
1780080240456,1,Pitching Mound.Parent,,Loading,pitch.0,772406,-15.8531,31.5634,82.7963,64.6468,-32.4826,22.5402,0.0492,0.0681
1780080240457,1,11.0000004b,Drive,Loading,pitch.0,774259,-16.4768,31.8063,80.077,58.4679,-40.9154,23.0779,0.0524,0.0748
1780080240457,1,12.00000015,Lower Delivery,Loading,pitch.0,773775,0.1483,-0.123,0.2253,0.0002,-0.0291,0.0041,0.0,0.0
1780080240457,1,12.00000018,Upper Delivery,Loading,pitch.0,775063,1.1308,-1.4142,3.9173,15.043,11.3179,-3.0176,-0.2961,0.327
1780080240457,1,Pitching Mound.Delivery,,Loading,pitch.0,773151,1.2791,-1.5372,4.1426,13.7879,11.2888,-2.6795,0.0,0.0
1780080240457,1,Pitching Mound.Drive,,Loading,pitch.0,774259,-16.4768,31.8063,80.077,58.4679,-40.9154,23.0779,0.0524,0.0748
1780080240457,1,Pitching Mound.Parent,,Loading,pitch.0,772407,-15.1978,30.2691,84.2196,72.2558,-29.6266,20.3985,0.036,0.0715
1780080240458,1,11.0000004b,Drive,Loading,pitch.0,774260,-16.3908,31.2059,79.195,58.7816,-33.3811,22.4695,0.0432,0.0761
1780080240458,1,12.00000015,Lower Delivery,Loading,pitch.0,773776,0.1466,-0.1013,0.2281,0.0168,-0.0204,0.0054,0.0,0.0
1780080240458,1,12.00000018,Upper Delivery,Loading,pitch.0,775064,1.93,-1.8515,7.9383,27.125,18.9492,-6.4323,-0.2447,0.327
1780080240458,1,Pitching Mound.Delivery,,Loading,pitch.0,773152,2.0766,-1.9528,8.1664,24.5204,18.9288,-5.8205,0.0,0.0
1780080240458,1,Pitching Mound.Drive,,Loading,pitch.0,774260,-16.3908,31.2059,79.195,58.7816,-33.3811,22.4695,0.0432,0.0761
1780080240458,1,Pitching Mound.Parent,,Loading,pitch.0,772408,-14.3142,29.2532,87.3614,83.302,-14.4522,16.649,0.0169,0.0687
1780080240459,1,11.0000004b,Drive,Loading,pitch.0,774261,-16.5204,30.8254,78.4937,57.2886,-39.0604,23.0137,0.051,0.0748
1780080240459,1,12.00000015,Lower Delivery,Loading,pitch.0,773777,0.0827,-0.099,0.1362,0.0128,-0.0181,0.0045,0.0,0.0
1780080240459,1,Pitching Mound.Delivery,,Loading,pitch.0,773153,3.7019,-4.0811,12.3138,48.7209,32.7693,-8.344,0.0,0.0
1780080240459,1,Pitching Mound.Drive,,Loading,pitch.0,774261,-16.5204,30.8254,78.4937,57.2886,-39.0604,23.0137,0.051,0.0748
1780080240459,2,12.00000015,Lower Delivery,Delivery,pitch.1,773778,0.0178,-0.1092,0.067,0.0251,-0.0107,0.0068,0.0,0.0
1780080240459,2,12.00000018,Upper Delivery,Delivery,pitch.1,775065,3.6192,-3.9821,12.1776,52.8021,32.7874,-9.5509,-0.276,0.327
1780080240459,2,Pitching Mound.Parent,,Delivery,pitch.1,772409,-12.8184,26.7443,90.8075,106.0096,-6.2911,14.6697,0.0071,0.0634
1780080240460,2,11.0000004b,Drive,Delivery,pitch.1,774262,-16.4662,30.0565,76.8496,53.932,-42.4292,23.5397,0.0566,0.0719
1780080240460,2,12.00000018,Upper Delivery,Delivery,pitch.1,775066,4.6625,-6.8952,17.2187,69.4071,58.1023,-13.285,-0.3016,0.327
1780080240460,2,Pitching Mound.Delivery,,Delivery,pitch.1,773154,4.6802,-7.0044,17.2857,63.6006,58.0916,-11.699,0.0,0.0
1780080240460,2,Pitching Mound.Drive,,Delivery,pitch.1,774262,-16.4662,30.0565,76.8496,53.932,-42.4292,23.5397,0.0566,0.0719
1780080240460,2,Pitching Mound.Parent,,Delivery,pitch.1,772410,-11.7859,23.0521,94.1353,117.5326,15.6624,11.8407,-0.009,0.0566
1780080240461,2,11.0000004b,Drive,Delivery,pitch.1,774263,-16.5896,29.5607,76.416,55.1701,-41.5942,22.9384,0.0558,0.074
1780080240461,2,12.00000015,Lower Delivery,Delivery,pitch.1,773779,0.0337,-0.0667,0.0426,0.038,-0.0032,0.0073,0.0,0.0
1780080240461,2,12.00000015,Lower Delivery,Delivery,pitch.1,773780,0.0324,-0.0127,0.0261,0.1033,-0.0388,0.0044,0.0,0.0
1780080240461,2,12.00000018,Upper Delivery,Delivery,pitch.1,775067,6.3098,-9.4719,24.8777,99.5391,65.5562,-14.9023,-0.2701,0.327
1780080240461,2,Pitching Mound.Delivery,,Delivery,pitch.1,773155,6.3435,-9.5386,24.9203,91.1331,65.5529,-12.7611,-0.2696,-0.0124
1780080240461,2,Pitching Mound.Drive,,Delivery,pitch.1,774263,-16.5896,29.5607,76.416,55.1701,-41.5942,22.9384,0.0558,0.074
1780080240461,2,Pitching Mound.Parent,,Delivery,pitch.1,772411,-10.2461,20.0221,101.3363,146.3032,23.9587,10.1773,-0.0242,0.0528
1780080240462,2,11.0000004b,Drive,Delivery,pitch.1,774264,-16.6687,28.9022,75.0851,55.3747,-41.0333,22.858,0.056,0.0756
1780080240462,2,12.00000018,Upper Delivery,Delivery,pitch.1,775068,7.5532,-13.2827,32.7409,128.7727,78.8954,-13.2264,-0.247,0.327
1780080240462,2,Pitching Mound.Delivery,,Delivery,pitch.1,773156,7.5856,-13.2955,32.7671,117.753,78.8566,-10.6649,-0.2468,-0.0127
1780080240462,2,Pitching Mound.Drive,,Delivery,pitch.1,774264,-16.6687,28.9022,75.0851,55.3747,-41.0333,22.858,0.056,0.0756
1780080240462,2,Pitching Mound.Parent,,Delivery,pitch.1,772412,-9.083,15.6068,107.8522,173.1278,37.8232,12.1931,-0.036,0.0488
1780080240463,2,11.0000004b,Drive,Delivery,pitch.1,774265,-16.7769,27.9069,72.3784,52.718,-47.6049,23.5848,0.0674,0.0747
1780080240463,2,12.00000015,Lower Delivery,Delivery,pitch.1,773781,0.0141,-0.0504,0.0393,0.4434,-0.0911,0.0053,0.0,0.0
1780080240463,2,12.00000018,Upper Delivery,Delivery,pitch.1,775069,9.0753,-18.3199,41.0062,173.8412,97.2636,-8.1037,-0.2431,0.327
1780080240463,2,Pitching Mound.Delivery,,Delivery,pitch.1,773157,9.0894,-18.3703,41.0454,160.3559,97.1725,-5.0175,-0.2429,-0.0126
1780080240463,2,Pitching Mound.Drive,,Delivery,pitch.1,774265,-16.7769,27.9069,72.3784,52.718,-47.6049,23.5848,0.0674,0.0747
1780080240463,2,Pitching Mound.Parent,,Delivery,pitch.1,772413,-7.6875,9.5366,113.4239,213.0739,49.5677,18.5673,-0.0449,0.0431
1780080240464,2,11.0000004b,Drive,Delivery,pitch.1,774266,-16.913,27.2698,70.9471,52.4629,-44.4231,23.1459,0.0642,0.0758
1780080240464,2,12.00000015,Lower Delivery,Delivery,pitch.1,773782,-0.2083,-0.2516,0.7868,0.2235,0.2307,0.8819,0.0,0.0
1780080240464,2,12.00000018,Upper Delivery,Delivery,pitch.1,775070,10.095,-28.264,46.4871,185.1598,98.1904,7.0956,-0.2165,0.327
1780080240464,2,Pitching Mound.Delivery,,Delivery,pitch.1,773158,9.8867,-28.5156,47.2739,169.8452,98.4212,11.4806,-0.2129,-0.0071
1780080240464,2,Pitching Mound.Drive,,Delivery,pitch.1,774266,-16.913,27.2698,70.9471,52.4629,-44.4231,23.1459,0.0642,0.0758
1780080240464,2,Pitching Mound.Parent,,Delivery,pitch.1,772414,-7.0263,-1.2458,118.221,222.3081,53.9981,34.6265,-0.0466,0.0426
1780080240465,2,11.0000004b,Drive,Delivery,pitch.1,774267,-17.0294,26.8221,69.5848,48.4984,-56.7965,24.522,0.0837,0.0714
1780080240465,2,12.00000015,Lower Delivery,Delivery,pitch.1,773783,-0.3051,-0.5239,1.7551,-0.0028,2.415,2.4627,0.0,0.0
1780080240465,2,12.00000018,Upper Delivery,Delivery,pitch.1,775071,10.089,-31.0349,71.8196,254.737,138.1365,21.5528,-0.1971,0.327
1780080240465,2,Pitching Mound.Delivery,,Delivery,pitch.1,773159,9.7838,-31.5588,73.5747,230.9122,140.5515,27.5495,-0.1924,-0.0046
1780080240465,2,Pitching Mound.Drive,,Delivery,pitch.1,774267,-17.0294,26.8221,69.5848,48.4984,-56.7965,24.522,0.0837,0.0714
1780080240465,2,Pitching Mound.Parent,,Delivery,pitch.1,772415,-7.2455,-4.7367,143.1595,279.4106,83.7551,52.0714,-0.0582,0.0324
1780080240466,2,11.0000004b,Drive,Delivery,pitch.1,774268,-17.0537,26.1487,68.2925,49.0335,-56.5814,24.0052,0.0849,0.0736
1780080240466,2,12.00000015,Lower Delivery,Delivery,pitch.1,773785,-3.2051,-0.9449,5.16,-18.2524,-1.1632,15.7016,0.0231,-0.327
1780080240466,2,12.00000015,Lower Delivery,Delivery,pitch.1,773784,-1.8433,-0.9516,2.8182,-11.8894,6.6928,7.7378,-0.2434,-0.327
1780080240466,2,12.00000018,Upper Delivery,Delivery,pitch.1,775072,11.0763,-36.4752,87.2892,278.381,155.4769,37.9445,-0.1826,0.3269
1780080240466,2,Pitching Mound.Delivery,,Delivery,pitch.1,773160,9.2331,-37.4268,90.1074,237.7715,162.1697,50.075,-0.1845,-0.0123
1780080240466,2,Pitching Mound.Drive,,Delivery,pitch.1,774268,-17.0537,26.1487,68.2925,49.0335,-56.5814,24.0052,0.0849,0.0736
1780080240466,2,Pitching Mound.Parent,,Delivery,pitch.1,772416,-7.8207,-11.2781,158.3999,286.8049,105.5883,74.0802,-0.0683,0.0247
1780080240467,2,11.0000004b,Drive,Delivery,pitch.1,774269,-16.9631,25.5221,66.4095,45.8757,-63.0788,24.6907,0.0974,0.0708
1780080240467,2,12.00000015,Lower Delivery,Delivery,pitch.1,773786,-1.2387,-2.2492,9.6996,-44.9281,23.6372,28.1719,-0.2498,-0.327
1780080240467,2,12.00000018,Upper Delivery,Delivery,pitch.1,775073,12.035,-42.0949,99.1121,294.4903,165.3979,55.1738,-0.171,0.3045
1780080240467,2,Pitching Mound.Delivery,,Delivery,pitch.1,773161,8.8299,-43.0398,104.2721,244.2942,164.2347,76.057,-0.1614,-0.0331
1780080240467,2,Pitching Mound.Drive,,Delivery,pitch.1,774269,-16.9631,25.5221,66.4095,45.8757,-63.0788,24.6907,0.0974,0.0708
1780080240467,2,Pitching Mound.Parent,,Delivery,pitch.1,772417,-8.1332,-17.5176,170.6816,290.1699,101.1558,100.7477,-0.0607,0.0074
1780080240468,2,11.0000004b,Drive,Delivery,pitch.1,774270,-16.819,24.9656,64.5856,46.0988,-62.3479,24.548,0.0989,0.0732
1780080240468,2,12.00000015,Lower Delivery,Delivery,pitch.1,773787,6.5088,-2.7071,27.9626,-78.6723,60.3149,45.2567,-0.2211,-0.2884
1780080240468,2,12.00000018,Upper Delivery,Delivery,pitch.1,775074,14.1576,-48.1258,107.55,311.6361,182.4667,70.2703,-0.1739,0.297
1780080240468,2,Pitching Mound.Delivery,,Delivery,pitch.1,773162,12.9189,-50.375,117.2496,233.4388,206.1038,103.677,-0.1802,-0.0384
1780080240468,2,Pitching Mound.Drive,,Delivery,pitch.1,774270,-16.819,24.9656,64.5856,46.0988,-62.3479,24.548,0.0989,0.0732
1780080240468,2,Pitching Mound.Parent,,Delivery,pitch.1,772418,-3.9001,-25.4094,181.8352,279.5377,143.756,128.225,-0.081,0.0012
1780080240469,2,11.0000004b,Drive,Delivery,pitch.1,774271,-16.9659,24.6275,63.8722,46.5251,-66.5295,24.5519,0.1068,0.0747
1780080240469,2,12.00000015,Lower Delivery,Delivery,pitch.1,773788,10.6079,-3.7579,37.2858,-113.694,91.8484,65.5468,-0.2525,-0.3125
1780080240469,2,12.00000018,Upper Delivery,Delivery,pitch.1,775075,17.0263,-56.601,108.5674,285.6388,205.7755,82.5599,-0.1943,0.2697
1780080240469,2,Pitching Mound.Delivery,,Delivery,pitch.1,773163,23.5351,-59.308,136.5301,179.5609,266.0903,131.3926,-0.1998,-0.0454
1780080240469,2,Pitching Mound.Drive,,Delivery,pitch.1,774271,-16.9659,24.6275,63.8722,46.5251,-66.5295,24.5519,0.1068,0.0747
1780080240469,2,Pitching Mound.Parent,,Delivery,pitch.1,772419,6.5691,-34.6805,200.4023,226.0859,199.5608,155.9445,-0.1021,-0.0071
1780080240470,2,11.0000004b,Drive,Delivery,pitch.1,774272,-16.7393,23.8914,62.1458,46.4231,-61.5752,24.1034,0.1016,0.0766
1780080240470,2,12.00000015,Lower Delivery,Delivery,pitch.1,773789,13.3781,-7.6748,35.5101,-143.8494,113.7177,82.7491,-0.3016,-0.327
1780080240470,2,12.00000018,Upper Delivery,Delivery,pitch.1,775076,19.7113,-62.0122,115.7784,302.2736,220.7092,78.0633,-0.1954,0.2676
1780080240470,2,Pitching Mound.Delivery,,Delivery,pitch.1,773164,30.3192,-65.7702,153.0642,161.8921,312.5576,146.7052,-0.2093,-0.0481
1780080240470,2,Pitching Mound.Drive,,Delivery,pitch.1,774272,-16.7393,23.8914,62.1458,46.4231,-61.5752,24.1034,0.1016,0.0766
1780080240470,2,Pitching Mound.Parent,,Delivery,pitch.1,772420,13.5799,-41.8788,215.21,208.3151,250.9824,170.8086,-0.1195,-0.0121
1780080240471,2,11.0000004b,Drive,Delivery,pitch.1,774273,-16.4582,23.3212,61.0437,42.0656,-68.7802,25.3755,0.1155,0.0706
1780080240471,2,12.00000015,Lower Delivery,Delivery,pitch.1,773790,19.5463,-13.0225,44.7181,-132.8673,126.0484,96.281,-0.2889,-0.3045
1780080240471,2,12.00000018,Upper Delivery,Delivery,pitch.1,775077,21.4625,-65.3951,120.0831,310.3499,229.216,71.5254,-0.1956,0.2649
1780080240471,2,Pitching Mound.Delivery,,Delivery,pitch.1,773165,34.8406,-73.0699,155.5932,137.7457,342.9337,157.0232,-0.2198,-0.055
1780080240471,2,Pitching Mound.Drive,,Delivery,pitch.1,774273,-16.4582,23.3212,61.0437,42.0656,-68.7802,25.3755,0.1155,0.0706
1780080240471,2,Pitching Mound.Parent,,Delivery,pitch.1,772421,18.3824,-49.7487,216.6369,179.8112,274.1534,182.3986,-0.1253,-0.0196
1780080240472,2,11.0000004b,Drive,Delivery,pitch.1,774274,-16.1777,22.4695,59.8905,42.7034,-57.812,24.0703,0.0989,0.0731
1780080240472,2,12.00000015,Lower Delivery,Delivery,pitch.1,773791,23.9718,-17.9824,56.9342,-127.8088,122.501,100.3945,-0.2205,-0.2301
1780080240472,2,12.00000018,Upper Delivery,Delivery,pitch.1,775078,22.7073,-64.8114,122.951,317.929,228.3349,66.9948,-0.1903,0.265
1780080240472,2,Pitching Mound.Delivery,,Delivery,pitch.1,773166,42.2535,-77.8339,167.6691,158.4624,354.3832,164.3506,-0.2166,-0.0455
1780080240472,2,Pitching Mound.Drive,,Delivery,pitch.1,774274,-16.1777,22.4695,59.8905,42.7034,-57.812,24.0703,0.0989,0.0731
1780080240472,2,Pitching Mound.Parent,,Delivery,pitch.1,772422,26.0759,-55.3644,227.5596,201.1659,296.5712,188.4209,-0.1336,-0.0143
1780080240473,2,11.0000004b,Drive,Delivery,pitch.1,774275,-16.023,21.4339,58.6549,41.0454,-56.9949,23.7051,0.0996,0.0717
1780080240473,2,12.00000015,Lower Delivery,Delivery,pitch.1,773792,22.5671,-23.4427,59.1805,-131.599,132.88,96.7948,-0.2301,-0.2279
1780080240473,2,12.00000018,Upper Delivery,Delivery,pitch.1,775079,24.3972,-64.4149,118.8292,292.5664,232.5393,52.8541,-0.2006,0.2524
1780080240473,2,Pitching Mound.Delivery,,Delivery,pitch.1,773167,48.3689,-82.3973,175.7634,143.7133,355.0403,153.3933,-0.207,-0.0237
1780080240473,2,Pitching Mound.Drive,,Delivery,pitch.1,774275,-16.023,21.4339,58.6549,41.0454,-56.9949,23.7051,0.0996,0.0717
1780080240473,2,Pitching Mound.Parent,,Delivery,pitch.1,772423,32.3459,-60.9634,234.4182,184.7587,298.0454,177.0983,-0.1303,0.0002
1780080240474,2,11.0000004b,Drive,Delivery,pitch.1,774276,-15.7063,20.3103,57.0251,41.8445,-48.1764,22.6525,0.0866,0.0752
1780080240474,2,12.00000015,Lower Delivery,Delivery,pitch.1,773793,19.0219,-29.01,58.6788,-133.7443,138.3596,86.0757,-0.2417,-0.2336
1780080240474,2,12.00000018,Upper Delivery,Delivery,pitch.1,775080,25.0233,-62.4959,112.9679,271.2628,222.3012,45.5374,-0.2017,0.2461
1780080240474,2,Pitching Mound.Delivery,,Delivery,pitch.1,773168,47.5904,-85.9386,172.1484,121.3761,355.1812,143.1673,-0.2115,-0.0231
1780080240474,2,Pitching Mound.Drive,,Delivery,pitch.1,774276,-15.7063,20.3103,57.0251,41.8445,-48.1764,22.6525,0.0866,0.0752
1780080240474,2,Pitching Mound.Parent,,Delivery,pitch.1,772424,31.8841,-65.6283,229.1735,163.2206,307.0049,165.8198,-0.1373,0.0014
1780080240475,2,11.0000004b,Drive,Delivery,pitch.1,774277,-15.6642,19.5896,56.1378,38.684,-57.8757,23.4158,0.1057,0.0706
1780080240475,2,12.00000015,Lower Delivery,Delivery,pitch.1,773794,15.4967,-34.8416,62.1847,-157.2879,153.5945,73.6414,-0.2532,-0.2592
1780080240475,2,12.00000018,Upper Delivery,Delivery,pitch.1,775081,24.0804,-60.9725,109.4599,260.0716,204.6453,41.7288,-0.1916,0.2435
1780080240475,2,Pitching Mound.Delivery,,Delivery,pitch.1,773169,43.1023,-89.9824,168.1387,109.0617,343.0049,129.5244,-0.2091,-0.0257
1780080240475,2,Pitching Mound.Drive,,Delivery,pitch.1,774277,-15.6642,19.5896,56.1378,38.684,-57.8757,23.4158,0.1057,0.0706
1780080240475,2,Pitching Mound.Parent,,Delivery,pitch.1,772425,27.4381,-70.3928,224.2764,147.7457,285.1292,152.9403,-0.1303,-0.0016
1780080240476,2,11.0000004b,Drive,Delivery,pitch.1,774278,-15.4027,18.6495,53.9396,35.7742,-60.9717,23.2563,0.1159,0.068
1780080240476,2,12.00000015,Lower Delivery,Delivery,pitch.1,773795,10.9479,-38.5762,60.0881,-160.0369,159.8817,65.3984,-0.2727,-0.273
1780080240476,2,12.00000018,Upper Delivery,Delivery,pitch.1,775082,21.8548,-59.7469,107.4104,238.0139,198.2302,41.8458,-0.1892,0.2271
1780080240476,2,Pitching Mound.Delivery,,Delivery,pitch.1,773170,37.3515,-94.5885,169.5951,65.3492,351.8247,117.6489,-0.2126,-0.0419
1780080240476,2,Pitching Mound.Drive,,Delivery,pitch.1,774278,-15.4027,18.6495,53.9396,35.7742,-60.9717,23.2563,0.1159,0.068
1780080240476,2,Pitching Mound.Parent,,Delivery,pitch.1,772426,21.9488,-75.939,223.5347,101.1234,290.8531,140.9052,-0.1334,-0.0154
1780080240477,2,11.0000004b,Drive,Delivery,pitch.1,774279,-14.9991,17.6605,52.115,35.3275,-56.4478,22.7429,0.111,0.0695
1780080240477,2,12.00000015,Lower Delivery,Delivery,pitch.1,773796,5.863,-41.9677,58.8854,-154.7382,158.0893,61.2783,-0.2752,-0.2693
1780080240477,2,12.00000018,Upper Delivery,Delivery,pitch.1,775083,19.6262,-56.3318,103.9715,226.7696,182.0937,43.6755,-0.1795,0.2235
1780080240477,2,Pitching Mound.Delivery,,Delivery,pitch.1,773171,30.5741,-94.9081,164.0596,51.8124,341.9755,112.0245,-0.2136,-0.0493
1780080240477,2,Pitching Mound.Drive,,Delivery,pitch.1,774279,-14.9991,17.6605,52.115,35.3275,-56.4478,22.7429,0.111,0.0695
1780080240477,2,Pitching Mound.Parent,,Delivery,pitch.1,772427,15.575,-77.2476,216.1747,87.1398,285.5276,134.7675,-0.1354,-0.0206
1780080240478,2,11.0000004b,Drive,Delivery,pitch.1,774280,-14.4277,16.4864,50.651,36.4886,-47.3483,21.3265,0.0958,0.0738
1780080240478,2,12.00000015,Lower Delivery,Delivery,pitch.1,773797,3.7533,-45.1687,62.3085,-152.1871,158.4013,60.9381,-0.2606,-0.2503
1780080240478,2,12.00000018,Upper Delivery,Delivery,pitch.1,775084,16.7062,-53.1975,102.5075,218.9074,159.9341,44.8807,-0.1599,0.2189
1780080240478,2,Pitching Mound.Delivery,,Delivery,pitch.1,773172,22.5692,-95.1652,161.3929,49.3377,318.0235,109.8458,-0.202,-0.0511
1780080240478,2,Pitching Mound.Drive,,Delivery,pitch.1,774280,-14.4277,16.4864,50.651,36.4886,-47.3483,21.3265,0.0958,0.0738
1780080240478,2,Pitching Mound.Parent,,Delivery,pitch.1,772428,8.1415,-78.6788,212.0439,85.8263,270.6752,131.1722,-0.1308,-0.0213
1780080240479,2,11.0000004b,Drive,Delivery,pitch.1,774281,-13.9914,15.776,48.9499,36.6791,-43.615,20.4423,0.0913,0.0768
1780080240479,2,12.00000015,Lower Delivery,Delivery,pitch.1,773798,2.8008,-49.2924,66.9327,-157.7628,153.6258,63.5324,-0.2352,-0.2416
1780080240479,2,12.00000018,Upper Delivery,Delivery,pitch.1,775085,13.9484,-50.9076,99.121,218.1377,146.7194,44.9909,-0.1517,0.2256
1780080240479,2,Pitching Mound.Delivery,,Delivery,pitch.1,773173,17.7018,-96.0763,161.4295,53.4344,305.1208,109.3953,-0.1937,-0.0357
1780080240479,2,Pitching Mound.Drive,,Delivery,pitch.1,774281,-13.9914,15.776,48.9499,36.6791,-43.615,20.4423,0.0913,0.0768
1780080240479,2,Pitching Mound.Parent,,Delivery,pitch.1,772429,3.7104,-80.3003,210.3794,90.1135,261.5057,129.8377,-0.1274,-0.0095
1780080240480,2,11.0000004b,Drive,Delivery,pitch.1,774282,-13.3702,14.9748,47.0939,37.6882,-33.6834,18.7911,0.0733,0.082
1780080240480,2,12.00000015,Lower Delivery,Delivery,pitch.1,773799,2.3147,-51.6951,71.4247,-165.715,135.2501,65.416,-0.1941,-0.2378
1780080240480,2,12.00000018,Upper Delivery,Delivery,pitch.1,775086,12.1634,-47.6658,93.7241,211.2735,139.138,42.1433,-0.1522,0.231
1780080240480,2,Pitching Mound.Delivery,,Delivery,pitch.1,773174,14.9642,-96.9582,160.6568,44.4016,292.7638,108.859,-0.1868,-0.0226
1780080240480,2,Pitching Mound.Drive,,Delivery,pitch.1,774282,-13.3702,14.9748,47.0939,37.6882,-33.6834,18.7911,0.0733,0.082
1780080240480,2,Pitching Mound.Parent,,Delivery,pitch.1,772430,1.594,-81.9833,207.7507,82.0898,259.0804,127.65,-0.1278,0.0011
1780080240481,2,11.0000004b,Drive,Delivery,pitch.1,774283,-13.0371,14.2749,46.112,37.5054,-35.7658,18.5986,0.0795,0.0834
1780080240481,2,12.00000015,Lower Delivery,Delivery,pitch.1,773800,2.694,-48.9314,71.2082,-183.9462,133.7682,67.4791,-0.1925,-0.2648
1780080240481,2,12.00000018,Upper Delivery,Delivery,pitch.1,775087,10.3177,-44.3224,92.0497,211.8541,131.8552,37.6519,-0.1468,0.2359
1780080240481,2,Pitching Mound.Delivery,,Delivery,pitch.1,773175,12.6324,-96.0175,163.4744,39.1266,267.1053,105.7889,-0.1675,-0.014
1780080240481,2,Pitching Mound.Drive,,Delivery,pitch.1,774283,-13.0371,14.2749,46.112,37.5054,-35.7658,18.5986,0.0795,0.0834
1780080240481,2,Pitching Mound.Parent,,Delivery,pitch.1,772431,-0.4047,-81.7427,209.5863,76.632,231.3395,124.3875,-0.1131,0.0074
1780080240482,2,11.0000004b,Drive,Delivery,pitch.1,774284,-12.9381,13.893,44.3193,34.3333,-43.1877,19.5779,0.0999,0.0794
1780080240482,2,12.00000015,Lower Delivery,Delivery,pitch.1,773801,3.3734,-44.1941,78.1382,-202.3635,128.414,69.5668,-0.1684,-0.2654
1780080240482,2,12.00000018,Upper Delivery,Delivery,pitch.1,775088,8.827,-41.0152,90.6244,213.8595,129.4494,32.9322,-0.1464,0.2419
1780080240482,2,Pitching Mound.Delivery,,Delivery,pitch.1,773176,11.521,-89.9466,161.8326,23.3118,263.2176,102.4965,-0.1667,-0.0218
1780080240482,2,Pitching Mound.Drive,,Delivery,pitch.1,774284,-12.9381,13.893,44.3193,34.3333,-43.1877,19.5779,0.0999,0.0794
1780080240482,2,Pitching Mound.Parent,,Delivery,pitch.1,772432,-1.4171,-76.0536,206.1519,57.6451,220.0299,122.0745,-0.1094,-0.0001
1780080240483,2,11.0000004b,Drive,Delivery,pitch.1,774285,-12.6526,13.3202,42.7291,33.1716,-46.4916,20.5773,0.1115,0.0796
1780080240483,2,12.00000015,Lower Delivery,Delivery,pitch.1,773802,3.0474,-38.5038,79.7112,-211.9642,121.7632,70.6522,-0.1566,-0.2725
1780080240483,2,12.00000018,Upper Delivery,Delivery,pitch.1,775089,8.4081,-37.8667,87.6672,215.3617,126.7539,30.6329,-0.1482,0.2518
1780080240483,2,Pitching Mound.Delivery,,Delivery,pitch.1,773177,11.7814,-82.0607,165.8054,9.7583,255.1678,101.9115,-0.1577,-0.0115
1780080240483,2,Pitching Mound.Drive,,Delivery,pitch.1,774285,-12.6526,13.3202,42.7291,33.1716,-46.4916,20.5773,0.1115,0.0796
1780080240483,2,Pitching Mound.Parent,,Delivery,pitch.1,772433,-0.8712,-68.7405,208.5345,42.9299,208.6762,122.4889,-0.1026,0.0072
1780080240484,2,11.0000004b,Drive,Delivery,pitch.1,774286,-12.8283,12.8937,41.7243,33.8078,-46.4995,20.0688,0.1142,0.083
1780080240484,2,12.00000015,Lower Delivery,Delivery,pitch.1,773803,3.4874,-32.8582,77.0324,-203.7405,102.2978,69.5641,-0.1361,-0.2711
1780080240484,2,12.00000018,Upper Delivery,Delivery,pitch.1,775090,8.7802,-34.5167,81.6668,224.5857,129.2233,29.7198,-0.1622,0.2819
1780080240484,2,Pitching Mound.Delivery,,Delivery,pitch.1,773178,11.8277,-73.0205,161.3781,11.9566,250.9865,102.3212,-0.1594,0.0039
1780080240484,2,Pitching Mound.Drive,,Delivery,pitch.1,774286,-12.8283,12.8937,41.7243,33.8078,-46.4995,20.0688,0.1142,0.083
1780080240484,2,Pitching Mound.Parent,,Delivery,pitch.1,772434,-1.0006,-60.1268,203.1024,45.7644,204.487,122.39,-0.1032,0.0202
1780080240485,2,11.0000004b,Drive,Delivery,pitch.1,774287,-13.0001,12.5801,41.3417,33.809,-44.7479,19.4753,0.1109,0.0838
1780080240485,2,11.0000004b,Drive,Delivery,pitch.1,774288,-13.3386,12.268,41.0936,33.4116,-46.0846,19.5217,0.1149,0.0833
1780080240485,2,12.00000015,Lower Delivery,Delivery,pitch.1,773804,4.8417,-27.3965,73.4537,-196.7625,102.1019,67.116,-0.1425,-0.2746
1780080240485,2,12.00000018,Upper Delivery,Delivery,pitch.1,775091,8.0193,-32.5261,86.8841,225.5215,127.1243,31.6805,-0.15,0.266
1780080240485,2,Pitching Mound.Delivery,,Delivery,pitch.1,773179,11.5066,-65.3843,163.9165,18.4313,229.4221,102.7855,-0.1435,-0.0068
1780080240485,2,Pitching Mound.Drive,,Delivery,pitch.1,774287,-13.0001,12.5801,41.3417,33.809,-44.7479,19.4753,0.1109,0.0838
1780080240485,2,Pitching Mound.Drive,,Delivery,pitch.1,774288,-13.3386,12.268,41.0936,33.4116,-46.0846,19.5217,0.1149,0.0833
1780080240485,2,Pitching Mound.Parent,,Delivery,pitch.1,772435,-1.4934,-52.8042,205.2583,52.2403,184.6741,122.2607,-0.0922,0.0114
1780080240486,2,11.0000004b,Drive,Delivery,pitch.1,774289,-13.6377,11.941,40.3829,32.9084,-45.1302,19.0169,0.1145,0.0835
1780080240486,2,12.00000015,Lower Delivery,Delivery,pitch.1,773805,6.6644,-23.0474,76.6661,-197.7259,110.7733,63.1854,-0.1481,-0.2643
1780080240486,2,12.00000018,Upper Delivery,Delivery,pitch.1,775092,7.7709,-33.0843,86.6939,214.4454,129.394,34.6557,-0.153,0.2535
1780080240486,2,Pitching Mound.Delivery,,Delivery,pitch.1,773180,12.6126,-60.4808,160.1476,13.1812,231.4959,102.7677,-0.1482,-0.0168
1780080240486,2,Pitching Mound.Drive,,Delivery,pitch.1,774289,-13.6377,11.941,40.3829,32.9084,-45.1302,19.0169,0.1145,0.0835
1780080240486,2,Pitching Mound.Parent,,Delivery,pitch.1,772436,-0.726,-48.2128,201.2412,46.5929,185.4112,122.2894,-0.0944,0.0037
1780080240487,2,12.00000015,Lower Delivery,Delivery,pitch.1,773806,7.4133,-18.7807,78.4506,-182.9686,121.2278,59.2693,-0.1584,-0.239
1780080240487,2,12.00000018,Upper Delivery,Delivery,pitch.1,775093,7.8127,-32.411,79.7147,211.9844,130.5914,38.5567,-0.1679,0.2726
1780080240487,2,Pitching Mound.Delivery,,Delivery,pitch.1,773181,14.4771,-55.4584,156.3808,13.222,241.3647,102.1326,-0.1582,0.0027
1780080240487,2,Pitching Mound.Parent,,Delivery,pitch.1,772437,0.8394,-43.5174,196.7637,46.1303,196.2344,121.1495,-0.1022,0.0193
1780080240488,2,11.0000004b,Drive,Delivery,pitch.1,774291,-14.0816,11.3031,39.3905,31.8345,-43.7086,18.4499,0.1137,0.0828
1780080240488,2,11.0000004b,Drive,Delivery,pitch.1,774290,-13.9238,11.6957,39.9036,33.0777,-41.7715,18.322,0.1073,0.085
1780080240488,2,12.00000015,Lower Delivery,Delivery,pitch.1,773807,7.4746,-15.0755,78.4617,-173.5685,128.5694,57.176,-0.168,-0.2267
1780080240488,2,12.00000018,Upper Delivery,Delivery,pitch.1,775094,7.6387,-32.0093,66.8951,228.1148,150.1628,42.6135,-0.2301,0.327
1780080240488,2,Pitching Mound.Delivery,,Delivery,pitch.1,773182,15.052,-50.79,145.3458,49.0751,271.3906,101.9595,-0.1914,0.0485
1780080240488,2,Pitching Mound.Drive,,Delivery,pitch.1,774291,-14.0816,11.3031,39.3905,31.8345,-43.7086,18.4499,0.1137,0.0828
1780080240488,2,Pitching Mound.Drive,,Delivery,pitch.1,774290,-13.9238,11.6957,39.9036,33.0777,-41.7715,18.322,0.1073,0.085
1780080240488,2,Pitching Mound.Parent,,Delivery,pitch.1,772438,1.1282,-39.0943,185.2493,82.1528,229.619,120.2814,-0.127,0.0564
1780080240489,2,11.0000004b,Drive,Delivery,pitch.1,774292,-14.2815,10.755,39.0091,31.6105,-44.1876,17.7329,0.1161,0.0831
1780080240489,2,12.00000015,Lower Delivery,Delivery,pitch.1,773808,7.4918,-13.7097,79.4231,-169.3878,131.729,55.8302,-0.17,-0.2186
1780080240489,2,12.00000018,Upper Delivery,Delivery,pitch.1,775095,8.47,-32.6767,62.9703,216.8214,128.1911,45.6441,-0.2087,0.327
1780080240489,2,Pitching Mound.Delivery,,Delivery,pitch.1,773183,15.9445,-47.7522,141.432,48.52,256.7605,103.1585,-0.1861,0.0571
1780080240489,2,Pitching Mound.Drive,,Delivery,pitch.1,774292,-14.2815,10.755,39.0091,31.6105,-44.1876,17.7329,0.1161,0.0831
1780080240489,2,Pitching Mound.Parent,,Delivery,pitch.1,772439,1.863,-36.4491,180.8225,80.3545,213.0519,121.6084,-0.1208,0.0627
1780080240490,2,11.0000004b,Drive,Delivery,pitch.1,774293,-14.3042,10.1404,38.2735,31.7801,-43.2163,16.9138,0.1157,0.0851
1780080240490,2,12.00000018,Upper Delivery,Delivery,pitch.1,775096,9.3679,-32.8642,56.9258,212.0139,122.9344,48.6923,-0.2213,0.327
1780080240490,2,Pitching Mound.Delivery,,Delivery,pitch.1,773184,16.8597,-46.574,136.3488,50.2752,254.6635,105.1604,-0.1914,0.0653
1780080240490,2,Pitching Mound.Drive,,Delivery,pitch.1,774293,-14.3042,10.1404,38.2735,31.7801,-43.2163,16.9138,0.1157,0.0851
1780080240490,2,Pitching Mound.Parent,,Delivery,pitch.1,772440,2.5781,-35.8189,175.358,81.8856,210.4758,122.8933,-0.123,0.0693
1780080240491,2,11.0000004b,Drive,Delivery,pitch.1,774294,-14.2589,9.437,36.6543,31.6683,-37.5441,16.5091,0.105,0.0886
1780080240491,2,12.00000015,Lower Delivery,Delivery,pitch.1,773809,5.1574,-13.7781,73.9653,-158.6516,123.2947,57.0013,-0.1709,-0.2198
1780080240491,2,12.00000018,Upper Delivery,Delivery,pitch.1,775097,10.7881,-34.4079,48.5505,209.0695,121.4423,50.2002,-0.2564,0.327
1780080240491,2,Pitching Mound.Delivery,,Delivery,pitch.1,773185,15.9455,-48.1859,122.5157,59.059,244.737,109.1159,-0.2047,0.0674
1780080240491,2,Pitching Mound.Drive,,Delivery,pitch.1,774294,-14.2589,9.437,36.6543,31.6683,-37.5441,16.5091,0.105,0.0886
1780080240491,2,Pitching Mound.Parent,,Delivery,pitch.1,772441,1.6413,-38.0455,160.7892,90.8391,201.5207,126.0297,-0.1285,0.0716
1780080240492,2,11.0000004b,Drive,Delivery,pitch.1,774295,-13.9322,8.7717,35.5188,31.0743,-33.4657,16.1927,0.0966,0.0897
1780080240492,2,12.00000015,Lower Delivery,Delivery,pitch.1,773810,3.9339,-14.0536,74.8768,-156.2629,128.4335,58.5099,-0.1758,-0.2139
1780080240492,2,12.00000018,Upper Delivery,Delivery,pitch.1,775098,10.5313,-36.4854,43.5027,202.9924,112.708,48.9447,-0.2655,0.327
1780080240492,2,Pitching Mound.Delivery,,Delivery,pitch.1,773186,14.4653,-50.539,118.3795,57.3967,241.1415,109.6977,-0.2088,0.075
1780080240492,2,Pitching Mound.Drive,,Delivery,pitch.1,774295,-13.9322,8.7717,35.5188,31.0743,-33.4657,16.1927,0.0966,0.0897
1780080240492,2,Pitching Mound.Parent,,Delivery,pitch.1,772442,0.2064,-41.102,155.0338,89.065,203.5973,126.2069,-0.1346,0.0782
1780080240493,2,11.0000004b,Drive,Delivery,pitch.1,774296,-13.4699,7.8429,33.4859,31.7023,-27.4454,15.3723,0.084,0.097
1780080240493,2,12.00000015,Lower Delivery,Delivery,pitch.1,773811,3.1045,-15.5438,72.4992,-160.7751,132.0024,61.2112,-0.1866,-0.2273
1780080240493,2,12.00000018,Upper Delivery,Delivery,pitch.1,775099,10.6763,-38.7224,41.1996,199.3609,104.432,47.7947,-0.2598,0.327
1780080240493,2,Pitching Mound.Delivery,,Delivery,pitch.1,773187,13.7808,-54.2661,113.6987,49.2277,236.4344,111.5803,-0.2131,0.0672
1780080240493,2,Pitching Mound.Drive,,Delivery,pitch.1,774296,-13.4699,7.8429,33.4859,31.7023,-27.4454,15.3723,0.084,0.097
1780080240493,2,Pitching Mound.Parent,,Delivery,pitch.1,772443,-0.1514,-45.4945,149.2175,80.302,202.9687,127.7731,-0.1394,0.0725
1780080240494,2,11.0000004b,Drive,Delivery,pitch.1,774297,-13.0457,7.1425,31.8889,30.9978,-19.934,14.9209,0.0641,0.0996
1780080240494,2,12.00000015,Lower Delivery,Delivery,pitch.1,773812,2.4911,-17.2785,71.2504,-159.7327,133.5701,63.765,-0.1921,-0.2298
1780080240494,2,12.00000015,Lower Delivery,Delivery,pitch.1,773813,3.3731,-20.9195,69.1779,-162.3165,142.6315,68.0914,-0.2113,-0.2405
1780080240494,2,12.00000018,Upper Delivery,Delivery,pitch.1,775100,11.064,-41.3766,39.2676,205.557,104.3697,46.4368,-0.2724,0.327
1780080240494,2,Pitching Mound.Delivery,,Delivery,pitch.1,773188,13.5551,-58.6552,110.518,56.6985,237.9399,113.1166,-0.2207,0.0664
1780080240494,2,Pitching Mound.Drive,,Delivery,pitch.1,774297,-13.0457,7.1425,31.8889,30.9978,-19.934,14.9209,0.0641,0.0996
1780080240494,2,Pitching Mound.Parent,,Delivery,pitch.1,772444,0.0851,-50.8123,144.0038,88.4008,210.4945,128.4889,-0.1498,0.0736
1780080240495,2,11.0000004b,Drive,Delivery,pitch.1,774298,-12.6138,6.261,30.1884,31.9743,-7.4382,11.3024,0.0253,0.1086
1780080240495,2,12.00000015,Lower Delivery,Delivery,pitch.1,773814,6.5671,-25.1547,67.5968,-159.1968,147.3229,72.0433,-0.2234,-0.2414
1780080240495,2,12.00000018,Upper Delivery,Delivery,pitch.1,775101,10.4185,-40.9474,35.5678,190.9974,100.0721,42.0259,-0.2884,0.327
1780080240495,2,Pitching Mound.Delivery,,Delivery,pitch.1,773189,13.7916,-61.8669,104.7457,40.1083,242.7036,112.5128,-0.2375,0.0613
1780080240495,2,Pitching Mound.Drive,,Delivery,pitch.1,774298,-12.6138,6.261,30.1884,31.9743,-7.4382,11.3024,0.0253,0.1086
1780080240495,2,Pitching Mound.Parent,,Delivery,pitch.1,772445,0.7459,-54.7244,136.6345,71.1061,222.7696,127.4337,-0.1671,0.0703
1780080240496,2,11.0000004b,Drive,Delivery,pitch.1,774299,-12.2384,5.4656,28.1,28.7963,-12.4023,12.7106,0.0452,0.105
1780080240496,2,12.00000015,Lower Delivery,Delivery,pitch.1,773815,7.6571,-29.1029,64.1635,-165.0249,151.3305,75.0494,-0.2417,-0.2636
1780080240496,2,12.00000018,Upper Delivery,Delivery,pitch.1,775102,9.9571,-40.7121,35.591,194.8695,96.1681,38.5288,-0.2769,0.327
1780080240496,2,Pitching Mound.Delivery,,Delivery,pitch.1,773190,16.5242,-65.8669,103.1878,46.5547,243.491,111.7247,-0.2419,0.0601
1780080240496,2,Pitching Mound.Drive,,Delivery,pitch.1,774299,-12.2384,5.4656,28.1,28.7963,-12.4023,12.7106,0.0452,0.105
1780080240496,2,Pitching Mound.Parent,,Delivery,pitch.1,772446,3.9104,-59.6058,133.3762,78.529,236.0528,123.0271,-0.1814,0.0711
1780080240497,2,11.0000004b,Drive,Delivery,pitch.1,774300,-11.5715,4.5745,26.1758,29.311,-2.0285,10.0846,0.0079,0.1148
1780080240497,2,12.00000015,Lower Delivery,Delivery,pitch.1,773816,7.631,-33.1526,64.3537,-172.0756,156.1756,77.715,-0.2487,-0.2741
1780080240497,2,12.00000018,Upper Delivery,Delivery,pitch.1,775103,9.0968,-38.9991,35.0825,192.1583,91.7387,34.6828,-0.268,0.327
1780080240497,2,Pitching Mound.Delivery,,Delivery,pitch.1,773191,16.7539,-68.1019,99.246,37.021,243.0691,110.2217,-0.251,0.0448
1780080240497,2,Pitching Mound.Drive,,Delivery,pitch.1,774300,-11.5715,4.5745,26.1758,29.311,-2.0285,10.0846,0.0079,0.1148
1780080240497,2,Pitching Mound.Parent,,Delivery,pitch.1,772447,4.5155,-62.6363,127.346,65.8173,230.6668,122.9323,-0.1857,0.0581
1780080240498,2,11.0000004b,Drive,Delivery,pitch.1,774301,-11.2651,3.9368,24.772,26.3371,-4.7318,12.4285,0.0196,0.109
1780080240498,2,12.00000015,Lower Delivery,Delivery,pitch.1,773817,6.9348,-36.6511,67.9312,-177.2439,156.6672,81.0011,-0.2364,-0.2674
1780080240498,2,12.00000018,Upper Delivery,Delivery,pitch.1,775104,8.4856,-34.9805,29.6988,178.6752,86.9892,30.2117,-0.3002,0.327
1780080240498,2,Pitching Mound.Delivery,,Delivery,pitch.1,773192,16.1167,-68.1331,94.0525,18.3823,243.1648,108.2173,-0.265,0.041
1780080240498,2,Pitching Mound.Drive,,Delivery,pitch.1,774301,-11.2651,3.9368,24.772,26.3371,-4.7318,12.4285,0.0196,0.109
1780080240498,2,Pitching Mound.Parent,,Delivery,pitch.1,772448,4.5451,-63.5586,120.2283,47.6934,241.1362,118.3018,-0.2056,0.0571
1780080240499,2,11.0000004b,Drive,Delivery,pitch.1,774302,-10.8514,3.3065,23.4119,24.9484,-9.7064,16.0658,0.0425,0.1092
1780080240499,2,12.00000018,Upper Delivery,Delivery,pitch.1,775105,9.501,-30.3383,30.9329,157.4598,83.5881,25.9438,-0.277,0.327
1780080240499,2,Pitching Mound.Delivery,,Delivery,pitch.1,773193,16.4358,-66.9894,98.8641,-7.2046,240.2552,107.8174,-0.2491,0.0458
1780080240499,2,Pitching Mound.Drive,,Delivery,pitch.1,774302,-10.8514,3.3065,23.4119,24.9484,-9.7064,16.0658,0.0425,0.1092
1780080240499,2,Pitching Mound.Parent,,Delivery,pitch.1,772449,5.1707,-63.0526,123.636,19.1325,235.5234,120.246,-0.1953,0.0585
1780080240500,2,11.0000004b,Drive,Delivery,pitch.1,774303,-10.3047,2.4862,22.9855,13.1421,-21.3785,20.0789,0.0953,0.0586
1780080240500,2,12.00000015,Lower Delivery,Delivery,pitch.1,773818,5.8974,-39.4135,69.5042,-170.4668,158.3578,84.3594,-0.2335,-0.2514
1780080240500,2,12.00000015,Lower Delivery,Delivery,pitch.1,773819,6.436,-41.2915,69.5777,-161.1967,159.8122,87.5796,-0.2354,-0.2375
1780080240500,2,12.00000018,Upper Delivery,Delivery,pitch.1,775106,10.6805,-26.1634,36.1194,141.8652,80.3318,21.6588,-0.228,0.327
1780080240500,2,Pitching Mound.Delivery,,Delivery,pitch.1,773194,16.5779,-65.5769,105.6236,-17.2508,238.6897,107.6444,-0.2316,0.0539
1780080240500,2,Pitching Mound.Drive,,Delivery,pitch.1,774303,-10.3047,2.4862,22.9855,13.1421,-21.3785,20.0789,0.0953,0.0586
1780080240500,2,Pitching Mound.Parent,,Delivery,pitch.1,772450,5.7265,-62.2705,129.0355,7.6976,228.9833,123.7102,-0.1819,0.0639
1780080240501,2,11.0000004b,Drive,Delivery,pitch.1,774304,-9.9455,1.8536,22.5755,-13.6145,-41.9801,27.6081,0.1906,-0.0618
1780080240501,2,12.00000015,Lower Delivery,Delivery,pitch.1,773820,6.5829,-42.9666,62.8055,-143.2771,164.1486,90.3135,-0.2679,-0.2338
1780080240501,2,12.00000018,Upper Delivery,Delivery,pitch.1,775107,11.2984,-23.2069,38.8718,121.7674,80.5827,17.6769,-0.2125,0.3211
1780080240501,2,Pitching Mound.Delivery,,Delivery,pitch.1,773195,17.7344,-64.4984,108.4495,-28.9893,240.3949,106.9096,-0.2272,0.059
1780080240501,2,Pitching Mound.Drive,,Delivery,pitch.1,774304,-9.9455,1.8536,22.5755,-13.6145,-41.9801,27.6081,0.1906,-0.0618
1780080240501,2,Pitching Mound.Parent,,Delivery,pitch.1,772451,7.4297,-62.0122,131.4351,-15.8472,219.0164,126.9885,-0.1708,0.0589
1780080240502,2,11.0000004b,Drive,Delivery,pitch.1,774305,-9.5154,1.302,21.6758,15.6887,-11.8268,13.6985,0.0559,0.0742
1780080240502,2,12.00000015,Lower Delivery,Delivery,pitch.1,773821,6.8891,-44.2402,61.1432,-134.9816,169.3667,92.255,-0.2839,-0.2263
1780080240502,2,12.00000018,Upper Delivery,Delivery,pitch.1,775108,10.2874,-20.6838,42.3506,99.6919,69.2886,13.8103,-0.1677,0.2413
1780080240502,2,Pitching Mound.Delivery,,Delivery,pitch.1,773196,16.8703,-63.6504,105.156,-36.6305,233.4371,105.3833,-0.2275,0.0237
1780080240502,2,Pitching Mound.Drive,,Delivery,pitch.1,774305,-9.5154,1.302,21.6758,15.6887,-11.8268,13.6985,0.0559,0.0742
1780080240502,2,Pitching Mound.Parent,,Delivery,pitch.1,772452,6.9248,-61.7968,127.7315,-50.2451,191.457,132.9914,-0.1536,0.0085
1780080240503,2,11.0000004b,Drive,Delivery,pitch.1,774306,-9.206,0.8605,20.7125,18.7531,-7.1054,9.6744,0.0352,0.0928
1780080240503,2,12.00000015,Lower Delivery,Delivery,pitch.1,773822,8.1723,-44.8634,64.7048,-135.9355,170.9998,93.2368,-0.2709,-0.2153
1780080240503,2,12.00000018,Upper Delivery,Delivery,pitch.1,775109,8.5844,-18.9812,44.4569,97.9577,56.8745,11.1712,-0.1311,0.2258
1780080240503,2,Pitching Mound.Delivery,,Delivery,pitch.1,773197,15.4735,-63.2214,105.6001,-31.3505,226.2412,104.0026,-0.2196,0.0178
1780080240503,2,Pitching Mound.Drive,,Delivery,pitch.1,774306,-9.206,0.8605,20.7125,18.7531,-7.1054,9.6744,0.0352,0.0928
1780080240503,2,Pitching Mound.Parent,,Delivery,pitch.1,772453,5.9581,-61.9194,127.2759,-15.6618,214.4145,117.7012,-0.1727,0.0274
1780080240504,2,11.0000004b,Drive,Delivery,pitch.1,774307,-9.0409,0.5954,20.0308,18.5694,-6.9695,9.4163,0.0357,0.095
1780080240504,2,12.00000015,Lower Delivery,Delivery,pitch.1,773823,7.4972,-44.4588,64.1894,-145.6553,171.2508,93.9201,-0.2734,-0.2326
1780080240504,2,12.00000018,Upper Delivery,Delivery,pitch.1,775110,6.8574,-17.9984,42.012,93.0609,53.0721,9.5155,-0.1295,0.227
1780080240504,2,Pitching Mound.Delivery,,Delivery,pitch.1,773198,15.0297,-62.8618,106.7168,-35.159,224.0719,102.3052,-0.2152,0.0311
1780080240504,2,Pitching Mound.Drive,,Delivery,pitch.1,774307,-9.0409,0.5954,20.0308,18.5694,-6.9695,9.4163,0.0357,0.095
1780080240504,2,Pitching Mound.Parent,,Delivery,pitch.1,772454,5.8238,-62.0013,127.4294,-16.406,216.9665,111.9796,-0.1745,0.0411
1780080240505,2,11.0000004b,Drive,Delivery,pitch.1,774308,-8.8221,0.2165,19.2264,17.9018,-6.0452,8.9247,0.0322,0.0954
1780080240505,2,12.00000015,Lower Delivery,Delivery,pitch.1,773824,9.0719,-44.1871,65.4048,-158.0762,165.0612,95.5328,-0.2587,-0.2477
1780080240505,2,12.00000018,Upper Delivery,Delivery,pitch.1,775111,5.6,-16.8486,40.0367,90.7918,49.9669,8.307,-0.1279,0.2324
1780080240505,2,Pitching Mound.Delivery,,Delivery,pitch.1,773199,13.0972,-61.3074,104.2261,-46.6516,221.2177,101.582,-0.2175,0.0248
1780080240505,2,Pitching Mound.Drive,,Delivery,pitch.1,774308,-8.8221,0.2165,19.2264,17.9018,-6.0452,8.9247,0.0322,0.0954
1780080240505,2,Pitching Mound.Parent,,Delivery,pitch.1,772455,4.0563,-60.712,124.2569,-28.0822,214.2482,110.9983,-0.1767,0.0362
1780080240506,2,11.0000004b,Drive,Delivery,pitch.1,774309,-8.5693,-0.0844,18.245,16.3034,-4.8693,8.5624,0.0274,0.0916
1780080240506,2,12.00000015,Lower Delivery,Delivery,pitch.1,773825,9.4974,-44.1879,66.3472,-167.4807,153.7346,98.924,-0.2375,-0.2587
1780080240506,2,12.00000018,Upper Delivery,Delivery,pitch.1,775112,5.0166,-15.6427,38.0339,88.6075,46.8817,7.475,-0.1263,0.2388
1780080240506,2,Pitching Mound.Delivery,,Delivery,pitch.1,773200,14.0885,-59.8297,103.4387,-60.1626,211.9429,101.629,-0.21,0.0211
1780080240506,2,Pitching Mound.Drive,,Delivery,pitch.1,774309,-8.5693,-0.0844,18.245,16.3034,-4.8693,8.5624,0.0274,0.0916
1780080240506,2,Pitching Mound.Parent,,Delivery,pitch.1,772456,5.2664,-59.6133,122.665,-42.2608,205.8977,110.5538,-0.172,0.0328
1780080240507,2,11.0000004b,Drive,Delivery,pitch.1,774310,-8.2092,-0.3365,17.3629,15.9903,-4.29,8.1225,0.0253,0.0944
1780080240507,2,12.00000015,Lower Delivery,Delivery,pitch.1,773826,9.0674,-44.0221,69.6428,-182.3849,156.8142,101.5687,-0.2308,-0.2684
1780080240507,2,Pitching Mound.Drive,,Delivery,pitch.1,774310,-8.2092,-0.3365,17.3629,15.9903,-4.29,8.1225,0.0253,0.0944
1780080240508,2,11.0000004b,Drive,Delivery,pitch.1,774311,-8.0141,-0.616,16.7737,15.8033,-2.962,7.6171,0.0181,0.0966
1780080240508,2,12.00000015,Lower Delivery,Delivery,pitch.1,773827,8.6919,-44.3985,69.2862,-186.6065,155.0455,104.6227,-0.2294,-0.276
1780080240508,2,12.00000018,Upper Delivery,Delivery,pitch.1,775113,4.1563,-13.9411,35.9579,89.0471,46.6326,12.8494,-0.1329,0.2538
1780080240508,2,Pitching Mound.Delivery,,Delivery,pitch.1,773201,13.2237,-57.9631,105.6006,-81.8849,203.4469,112.7483,-0.1975,0.0179
1780080240508,2,Pitching Mound.Drive,,Delivery,pitch.1,774311,-8.0141,-0.616,16.7737,15.8033,-2.962,7.6171,0.0181,0.0966
1780080240508,2,Pitching Mound.Parent,,Delivery,pitch.1,772457,5.0145,-58.2996,122.9636,-65.8947,199.1568,120.8708,-0.166,0.0287
1780080240509,2,11.0000004b,Drive,Delivery,pitch.1,774312,-7.7242,-0.7422,15.8051,14.6097,-3.5255,7.0742,0.0229,0.0947
1780080240509,2,12.00000015,Lower Delivery,Delivery,pitch.1,773828,6.8269,-44.9874,66.0721,-187.3757,151.935,107.4386,-0.2357,-0.2907
1780080240509,2,12.00000018,Upper Delivery,Delivery,pitch.1,775114,3.4308,-12.3522,34.3268,87.758,48.0537,14.7852,-0.1435,0.262
1780080240509,2,12.00000018,Upper Delivery,Delivery,pitch.1,775115,2.0177,-13.3209,32.2884,60.8128,29.4313,16.9318,-0.0934,0.193
1780080240509,2,Pitching Mound.Delivery,,Delivery,pitch.1,773202,12.1227,-56.7506,103.613,-86.9623,203.0992,117.6192,-0.2009,0.0169
1780080240509,2,Pitching Mound.Delivery,,Delivery,pitch.1,773203,8.8446,-58.3082,98.3605,-115.0764,181.3664,122.7352,-0.189,-0.0151
1780080240509,2,Pitching Mound.Drive,,Delivery,pitch.1,774312,-7.7242,-0.7422,15.8051,14.6097,-3.5255,7.0742,0.0229,0.0947
1780080240509,2,Pitching Mound.Parent,,Delivery,pitch.1,772458,4.1086,-57.3666,120.3867,-71.159,200.1372,125.2362,-0.1704,0.028
1780080240509,2,Pitching Mound.Parent,,Delivery,pitch.1,772459,1.1204,-59.0505,114.1657,-100.4667,177.8409,129.8094,-0.1597,0.0001
1780080240510,2,11.0000004b,Drive,Delivery,pitch.1,774313,-7.5382,-0.885,15.3978,13.6363,-4.0766,6.4453,0.0271,0.0908
1780080240510,2,12.00000015,Lower Delivery,Delivery,pitch.1,773829,5.5052,-45.8943,67.8338,-187.6972,148.2595,109.2212,-0.224,-0.2836
1780080240510,2,Pitching Mound.Drive,,Delivery,pitch.1,774313,-7.5382,-0.885,15.3978,13.6363,-4.0766,6.4453,0.0271,0.0908
1780080240511,2,11.0000004b,Drive,Delivery,pitch.1,774314,-7.3459,-1.0204,15.0704,13.4931,-4.1992,6.0908,0.0286,0.0918
1780080240511,2,12.00000015,Lower Delivery,Delivery,pitch.1,773830,3.9614,-46.5296,69.2701,-182.2711,151.9541,109.3063,-0.2248,-0.2697
1780080240511,2,12.00000018,Upper Delivery,Delivery,pitch.1,775116,1.7024,-14.3336,30.6218,57.7677,20.0279,19.6078,-0.067,0.1934
1780080240511,2,12.00000018,Upper Delivery,Delivery,pitch.1,775117,1.6439,-14.115,27.4723,51.3611,22.4158,20.9985,-0.0836,0.1916
1780080240511,2,Pitching Mound.Delivery,,Delivery,pitch.1,773204,7.2077,-60.2279,98.4556,-117.2774,168.2873,127.536,-0.1752,-0.0068
1780080240511,2,Pitching Mound.Delivery,,Delivery,pitch.1,773205,5.6053,-60.6446,96.7424,-116.6988,174.37,129.5169,-0.1847,0.0082
1780080240511,2,Pitching Mound.Drive,,Delivery,pitch.1,774314,-7.3459,-1.0204,15.0704,13.4931,-4.1992,6.0908,0.0286,0.0918
1780080240511,2,Pitching Mound.Parent,,Delivery,pitch.1,772460,-0.3305,-61.1129,113.8534,-103.6411,164.2108,133.9813,-0.1478,0.0064
1780080240511,2,Pitching Mound.Parent,,Delivery,pitch.1,772461,-1.7406,-61.665,111.8129,-103.2057,170.1708,135.6077,-0.156,0.0195
1780080240512,2,11.0000004b,Drive,Delivery,pitch.1,774315,-7.0876,-1.1464,14.6367,12.861,-4.7188,5.7255,0.033,0.0901
1780080240512,2,12.00000015,Lower Delivery,Delivery,pitch.1,773831,2.7378,-46.6102,71.5503,-183.175,155.2079,110.1616,-0.2223,-0.2624
1780080240512,2,Pitching Mound.Drive,,Delivery,pitch.1,774315,-7.0876,-1.1464,14.6367,12.861,-4.7188,5.7255,0.033,0.0901
1780080240513,2,11.0000004b,Drive,Delivery,pitch.1,774316,-6.8374,-1.2654,14.2534,12.2883,-4.9138,5.4406,0.0353,0.0884
1780080240513,2,12.00000015,Lower Delivery,Delivery,pitch.1,773832,1.4732,-46.7427,71.09,-179.4125,158.3557,111.3055,-0.2283,-0.2587
1780080240513,2,12.00000018,Upper Delivery,Delivery,pitch.1,775118,1.556,-13.9184,30.0995,44.2232,18.0676,21.532,-0.0615,0.1506
1780080240513,2,Pitching Mound.Delivery,,Delivery,pitch.1,773206,4.2938,-60.5286,101.6498,-124.8586,173.2755,131.2918,-0.1747,-0.0015
1780080240513,2,Pitching Mound.Drive,,Delivery,pitch.1,774316,-6.8374,-1.2654,14.2534,12.2883,-4.9138,5.4406,0.0353,0.0884
1780080240513,2,Pitching Mound.Parent,,Delivery,pitch.1,772462,-2.7938,-61.675,116.2865,-111.9976,168.5567,137.0172,-0.1486,0.0101
1780080240514,2,11.0000004b,Drive,Delivery,pitch.1,774317,-6.5878,-1.376,14.0034,12.2035,-5.1485,5.2084,0.0377,0.0893
1780080240514,2,12.00000015,Lower Delivery,Delivery,pitch.1,773833,1.1923,-46.8448,70.7464,-178.8214,161.2962,112.3258,-0.2337,-0.2591
1780080240514,2,12.00000018,Upper Delivery,Delivery,pitch.1,775120,2.957,-15.2678,32.9778,61.6742,34.3345,20.5209,-0.1067,0.1917
1780080240514,2,12.00000018,Upper Delivery,Delivery,pitch.1,775119,2.0202,-14.539,30.9029,45.3803,24.0343,20.7789,-0.0797,0.1505
1780080240514,2,Pitching Mound.Delivery,,Delivery,pitch.1,773207,3.4934,-61.2816,101.9929,-120.3686,182.39,132.2703,-0.1833,-0.0007
1780080240514,2,Pitching Mound.Delivery,,Delivery,pitch.1,773208,4.1493,-62.1125,103.7242,-104.3059,195.6307,133.4467,-0.1933,0.008
1780080240514,2,Pitching Mound.Drive,,Delivery,pitch.1,774317,-6.5878,-1.376,14.0034,12.2035,-5.1485,5.2084,0.0377,0.0893
1780080240514,2,Pitching Mound.Parent,,Delivery,pitch.1,772463,-3.344,-62.547,116.2463,-108.0803,177.4762,137.7109,-0.1565,0.0102
1780080240514,2,Pitching Mound.Parent,,Delivery,pitch.1,772464,-2.4385,-63.4886,117.7276,-92.1024,190.4822,138.6551,-0.1658,0.0177
1780080240515,2,11.0000004b,Drive,Delivery,pitch.1,774318,-6.2333,-1.4965,13.4957,11.7702,-5.2617,4.8788,0.04,0.0894
1780080240515,2,12.00000015,Lower Delivery,Delivery,pitch.1,773834,0.8518,-46.609,71.1917,-181.5068,160.6373,113.3992,-0.2313,-0.2613
1780080240515,2,12.00000018,Upper Delivery,Delivery,pitch.1,775121,3.1019,-16.3331,31.8497,75.1685,43.094,20.2709,-0.1387,0.2419
1780080240515,2,Pitching Mound.Delivery,,Delivery,pitch.1,773209,3.9537,-62.9421,103.0414,-92.962,203.7312,134.4351,-0.2027,0.024
1780080240515,2,Pitching Mound.Drive,,Delivery,pitch.1,774318,-6.2333,-1.4965,13.4957,11.7702,-5.2617,4.8788,0.04,0.0894
1780080240515,2,Pitching Mound.Parent,,Delivery,pitch.1,772465,-2.2795,-64.4386,116.5371,-81.1919,198.4695,139.3139,-0.1746,0.0316
1780080240516,2,11.0000004b,Drive,Delivery,pitch.1,774319,-5.9781,-1.6186,13.3729,11.4456,-5.3302,4.5191,0.0409,0.0877
1780080240516,2,12.00000015,Lower Delivery,Delivery,pitch.1,773835,2.0002,-46.9151,71.1912,-183.1228,164.1915,114.5054,-0.2364,-0.2636
1780080240516,2,12.00000018,Upper Delivery,Delivery,pitch.1,775122,3.5022,-17.511,32.4352,86.3094,44.4303,18.1289,-0.1404,0.2727
1780080240516,2,Pitching Mound.Delivery,,Delivery,pitch.1,773210,5.5023,-64.4261,103.6264,-83.6364,208.6218,133.1449,-0.2063,0.0314
1780080240516,2,Pitching Mound.Drive,,Delivery,pitch.1,774319,-5.9781,-1.6186,13.3729,11.4456,-5.3302,4.5191,0.0409,0.0877
1780080240516,2,Pitching Mound.Parent,,Delivery,pitch.1,772466,-0.4758,-66.0447,116.9994,-72.1908,203.2916,137.664,-0.1781,0.0378
1780080240517,2,11.0000004b,Drive,Delivery,pitch.1,774320,-5.6099,-1.7133,12.9232,11.3964,-5.0885,4.3432,0.0404,0.0904
1780080240517,2,12.00000015,Lower Delivery,Delivery,pitch.1,773836,2.6355,-46.9056,69.3918,-185.3717,166.2996,115.5128,-0.2456,-0.2738
1780080240517,2,Pitching Mound.Drive,,Delivery,pitch.1,774320,-5.6099,-1.7133,12.9232,11.3964,-5.0885,4.3432,0.0404,0.0904
1780080240518,2,11.0000004b,Drive,Delivery,pitch.1,774321,-5.1777,-1.8541,12.2087,10.6288,-4.707,4.0481,0.0395,0.0892
1780080240518,2,12.00000015,Lower Delivery,Delivery,pitch.1,773837,2.8741,-46.8139,66.6231,-178.0195,166.3982,115.0327,-0.256,-0.2739
1780080240518,2,12.00000018,Upper Delivery,Delivery,pitch.1,775123,3.8015,-19.056,30.2867,95.1545,44.9412,16.5229,-0.1521,0.322
1780080240518,2,Pitching Mound.Delivery,,Delivery,pitch.1,773211,6.437,-65.9616,99.6785,-76.9214,211.2408,132.4322,-0.2172,0.0406
1780080240518,2,Pitching Mound.Drive,,Delivery,pitch.1,774321,-5.1777,-1.8541,12.2087,10.6288,-4.707,4.0481,0.0395,0.0892
1780080240518,2,Pitching Mound.Parent,,Delivery,pitch.1,772467,0.8271,-67.6749,112.6016,-65.525,206.1523,136.7754,-0.1876,0.0463
1780080240519,2,12.00000015,Lower Delivery,Delivery,pitch.1,773838,4.1549,-47.2226,64.1961,-178.0324,171.2273,115.3649,-0.2734,-0.2842
1780080240519,2,12.00000018,Upper Delivery,Delivery,pitch.1,775124,4.7021,-17.3601,24.141,97.2238,42.9144,15.5925,-0.1822,0.327
1780080240519,2,Pitching Mound.Delivery,,Delivery,pitch.1,773212,7.5762,-64.1741,90.7641,-66.3518,209.3126,131.2468,-0.2364,0.0451
1780080240519,2,Pitching Mound.Parent,,Delivery,pitch.1,772468,2.3985,-66.0281,102.9728,-55.723,204.6056,135.2949,-0.2037,0.0503
1780080240520,2,11.0000004b,Drive,Delivery,pitch.1,774322,-4.7213,-1.9385,11.4688,9.825,-4.561,3.7175,0.0408,0.0878
1780080240520,2,11.0000004b,Drive,Delivery,pitch.1,774323,-4.3859,-1.9428,11.0743,10.0095,-4.708,3.6025,0.0436,0.0926
1780080240520,2,12.00000015,Lower Delivery,Delivery,pitch.1,773839,4.5227,-47.3968,62.2312,-177.0719,173.8897,114.8989,-0.2864,-0.2916
1780080240520,2,12.00000018,Upper Delivery,Delivery,pitch.1,775126,5.8329,-17.8193,22.3772,98.352,37.4761,15.5534,-0.1717,0.327
1780080240520,2,12.00000018,Upper Delivery,Delivery,pitch.1,775125,5.6019,-17.2667,23.0442,97.7496,37.2863,14.651,-0.1658,0.327
1780080240520,2,Pitching Mound.Delivery,,Delivery,pitch.1,773213,9.7567,-64.4893,87.2403,-66.2912,208.5136,130.5079,-0.245,0.0376
1780080240520,2,Pitching Mound.Delivery,,Delivery,pitch.1,773214,10.3556,-65.2161,84.6084,-65.1696,211.3658,130.8977,-0.256,0.0321
1780080240520,2,Pitching Mound.Drive,,Delivery,pitch.1,774322,-4.7213,-1.9385,11.4688,9.825,-4.561,3.7175,0.0408,0.0878
1780080240520,2,Pitching Mound.Drive,,Delivery,pitch.1,774323,-4.3859,-1.9428,11.0743,10.0095,-4.708,3.6025,0.0436,0.0926
1780080240520,2,Pitching Mound.Parent,,Delivery,pitch.1,772469,5.0354,-66.4278,98.7091,-56.4661,203.9526,134.2253,-0.2118,0.0434
1780080240520,2,Pitching Mound.Parent,,Delivery,pitch.1,772470,5.9697,-67.1589,95.6827,-55.1601,206.6578,134.5003,-0.2214,0.0391
1780080240521,2,11.0000004b,Drive,Delivery,pitch.1,774324,-3.8867,-1.9918,10.1278,9.7373,-4.1001,3.4565,0.0415,0.0985
1780080240521,2,12.00000015,Lower Delivery,Delivery,pitch.1,773840,6.4206,-47.8557,67.7437,-173.4959,178.3226,115.176,-0.2698,-0.2625
1780080240521,2,Pitching Mound.Drive,,Delivery,pitch.1,774324,-3.8867,-1.9918,10.1278,9.7373,-4.1001,3.4565,0.0415,0.0985
1780080240522,2,11.0000004b,Drive,Delivery,pitch.1,774325,-3.4475,-2.0494,9.1491,8.3985,-3.565,3.0009,0.0399,0.0941
1780080240522,2,12.00000015,Lower Delivery,Delivery,pitch.1,773841,5.6575,-47.7277,66.2399,-169.4484,179.9226,115.3866,-0.2784,-0.2622
1780080240522,2,12.00000018,Upper Delivery,Delivery,pitch.1,775127,6.1982,-17.2677,22.3737,84.9577,33.5943,16.4907,-0.1539,0.327
1780080240522,2,Pitching Mound.Delivery,,Delivery,pitch.1,773215,12.6187,-65.1234,90.1174,-73.1125,211.9169,131.5911,-0.241,0.055
1780080240522,2,Pitching Mound.Drive,,Delivery,pitch.1,774325,-3.4475,-2.0494,9.1491,8.3985,-3.565,3.0009,0.0399,0.0941
1780080240522,2,Pitching Mound.Parent,,Delivery,pitch.1,772471,8.732,-67.1152,100.2452,-63.3751,207.8167,135.0477,-0.2125,0.0594
1780080240523,2,11.0000004b,Drive,Delivery,pitch.1,774326,-3.0432,-1.9802,8.7803,8.8801,-3.7901,2.893,0.0442,0.1037
1780080240523,2,12.00000015,Lower Delivery,Delivery,pitch.1,773842,6.3482,-48.0293,68.5499,-170.1483,181.7774,116.6736,-0.2718,-0.2544
1780080240523,2,12.00000018,Upper Delivery,Delivery,pitch.1,775128,6.1891,-17.3548,23.3579,77.494,29.9922,17.7615,-0.1316,0.327
1780080240523,2,12.00000018,Upper Delivery,Delivery,pitch.1,775129,5.8687,-17.4046,23.431,74.5753,33.2667,19.605,-0.1455,0.3262
1780080240523,2,Pitching Mound.Delivery,,Delivery,pitch.1,773217,12.2169,-65.4339,91.9809,-80.2326,215.044,136.1156,-0.2396,0.0603
1780080240523,2,Pitching Mound.Delivery,,Delivery,pitch.1,773216,11.8466,-65.0825,89.5978,-77.3745,209.9149,133.3288,-0.2401,0.0541
1780080240523,2,Pitching Mound.Drive,,Delivery,pitch.1,774326,-3.0432,-1.9802,8.7803,8.8801,-3.7901,2.893,0.0442,0.1037
1780080240523,2,Pitching Mound.Parent,,Delivery,pitch.1,772472,8.3991,-67.1319,98.7469,-68.976,206.3499,136.3298,-0.2142,0.0578
1780080240523,2,Pitching Mound.Parent,,Delivery,pitch.1,772473,9.1738,-67.4141,100.7612,-71.3525,211.2539,139.0086,-0.2149,0.0641
1780080240524,2,11.0000004b,Drive,Delivery,pitch.1,774327,-2.7356,-1.9897,8.392,7.2309,-3.4741,2.3871,0.0424,0.0883
1780080240524,2,12.00000015,Lower Delivery,Delivery,pitch.1,773843,6.1635,-47.9863,67.77,-173.8558,185.9491,117.3541,-0.2812,-0.2629
1780080240524,2,12.00000018,Upper Delivery,Delivery,pitch.1,775130,5.4992,-17.9048,24.6024,72.9371,37.9166,22.3217,-0.158,0.3039
1780080240524,2,Pitching Mound.Delivery,,Delivery,pitch.1,773218,11.6627,-65.8911,92.3724,-86.2417,223.8657,139.45,-0.2484,0.0469
1780080240524,2,Pitching Mound.Drive,,Delivery,pitch.1,774327,-2.7356,-1.9897,8.392,7.2309,-3.4741,2.3871,0.0424,0.0883
1780080240524,2,Pitching Mound.Parent,,Delivery,pitch.1,772474,8.9271,-67.8808,100.7644,-79.0108,220.3917,141.837,-0.2242,0.0504
1780080240525,2,11.0000004b,Drive,Delivery,pitch.1,774328,-2.374,-1.9095,7.75,7.3327,-3.7441,2.3038,0.0495,0.097
1780080240525,2,12.00000015,Lower Delivery,Delivery,pitch.1,773844,7.1197,-48.2582,69.9151,-176.2948,192.0502,117.4457,-0.2815,-0.2584
1780080240525,2,12.00000018,Upper Delivery,Delivery,pitch.1,775131,5.4173,-18.1244,29.6286,81.7701,45.4123,25.3142,-0.1571,0.2829
1780080240525,2,Pitching Mound.Delivery,,Delivery,pitch.1,773219,12.537,-66.3826,99.5436,-80.8272,237.4625,142.1811,-0.2445,0.0403
1780080240525,2,Pitching Mound.Drive,,Delivery,pitch.1,774328,-2.374,-1.9095,7.75,7.3327,-3.7441,2.3038,0.0495,0.097
1780080240525,2,Pitching Mound.Parent,,Delivery,pitch.1,772475,10.163,-68.2921,107.2936,-73.4945,233.7184,144.4849,-0.2233,0.0444
1780080240526,2,11.0000004b,Drive,Delivery,pitch.1,774329,-2.0777,-1.8528,7.2155,6.369,-3.6145,1.9436,0.0513,0.0905
1780080240526,2,12.00000015,Lower Delivery,Delivery,pitch.1,773845,6.7662,-48.1092,67.4298,-176.0896,196.3382,117.518,-0.2984,-0.2677
1780080240526,2,12.00000018,Upper Delivery,Delivery,pitch.1,775132,4.8413,-19.5282,33.3814,107.7467,58.3891,27.6087,-0.1793,0.327
1780080240526,2,Pitching Mound.Delivery,,Delivery,pitch.1,773220,11.6075,-67.6374,100.8113,-56.7665,254.7274,144.4722,-0.259,0.0441
1780080240526,2,Pitching Mound.Drive,,Delivery,pitch.1,774329,-2.0777,-1.8528,7.2155,6.369,-3.6145,1.9436,0.0513,0.0905
1780080240526,2,Pitching Mound.Parent,,Delivery,pitch.1,772476,9.5298,-69.4901,108.0268,-50.3975,251.1129,146.4157,-0.2383,0.0472
1780080240527,2,11.0000004b,Drive,Delivery,pitch.1,774330,-1.7757,-1.7643,6.4428,5.4382,-3.8887,1.5898,0.0619,0.0865
1780080240527,2,12.00000015,Lower Delivery,Delivery,pitch.1,773846,7.23,-48.1567,66.2493,-175.9649,199.4928,117.6265,-0.3016,-0.2722
1780080240527,2,12.00000018,Upper Delivery,Delivery,pitch.1,775133,4.5412,-20.9351,31.7337,122.1283,71.8883,29.2195,-0.2322,0.327
1780080240527,2,Pitching Mound.Delivery,,Delivery,pitch.1,773221,11.7712,-69.0918,97.983,-42.1012,271.3811,145.9318,-0.2791,0.0416
1780080240527,2,Pitching Mound.Drive,,Delivery,pitch.1,774330,-1.7757,-1.7643,6.4428,5.4382,-3.8887,1.5898,0.0619,0.0865
1780080240527,2,Pitching Mound.Parent,,Delivery,pitch.1,772477,9.9955,-70.8561,104.4257,-36.6631,267.4924,147.5216,-0.2581,0.0444
1780080240528,2,11.0000004b,Drive,Delivery,pitch.1,774331,-1.5834,-1.6027,5.9622,5.4808,-3.6796,1.3948,0.0633,0.0942
1780080240528,2,12.00000015,Lower Delivery,Delivery,pitch.1,773847,6.52,-47.8889,62.807,-176.4166,201.8489,118.3285,-0.3016,-0.2879
1780080240528,2,12.00000018,Upper Delivery,Delivery,pitch.1,775134,3.9633,-21.3795,31.5305,119.5897,67.9571,29.163,-0.2209,0.327
1780080240528,2,Pitching Mound.Delivery,,Delivery,pitch.1,773222,10.4833,-69.2684,94.3374,-46.1929,269.8061,146.6222,-0.2746,0.0304
1780080240528,2,Pitching Mound.Drive,,Delivery,pitch.1,774331,-1.5834,-1.6027,5.9622,5.4808,-3.6796,1.3948,0.0633,0.0942
1780080240528,2,Pitching Mound.Parent,,Delivery,pitch.1,772478,8.9,-70.8711,100.2996,-40.7122,266.1265,148.0171,-0.2546,0.0341
1780080240529,2,11.0000004b,Drive,Delivery,pitch.1,774332,-1.4154,-1.423,5.7335,5.6631,-4.0477,1.2464,0.0724,0.1012
1780080240529,2,12.00000015,Lower Delivery,Delivery,pitch.1,773848,6.5514,-47.9046,61.6149,-176.2114,204.4084,118.7078,-0.3016,-0.2931
1780080240529,2,12.00000018,Upper Delivery,Delivery,pitch.1,775135,3.7509,-21.9794,31.6703,126.6625,66.3385,29.5799,-0.2147,0.327
1780080240529,2,Pitching Mound.Delivery,,Delivery,pitch.1,773223,10.3023,-69.884,93.2851,-39.3678,270.7469,147.3356,-0.2721,0.0266
1780080240529,2,Pitching Mound.Drive,,Delivery,pitch.1,774332,-1.4154,-1.423,5.7335,5.6631,-4.0477,1.2464,0.0724,0.1012
1780080240529,2,Pitching Mound.Parent,,Delivery,pitch.1,772479,8.8869,-71.307,99.0186,-33.7047,266.6992,148.582,-0.2522,0.0309
1780080240530,2,11.0000004b,Drive,Delivery,pitch.1,774333,-1.3205,-1.282,5.2175,5.1193,-3.7868,1.0299,0.0744,0.1006
1780080240530,2,12.00000015,Lower Delivery,Delivery,pitch.1,773849,6.7399,-48.2269,62.4696,-172.9303,209.5795,119.5277,-0.3016,-0.2837
1780080240530,2,12.00000018,Upper Delivery,Delivery,pitch.1,775136,3.361,-21.8995,32.5117,129.6225,63.1779,29.9718,-0.1992,0.327
1780080240530,2,Pitching Mound.Delivery,,Delivery,pitch.1,773224,10.1009,-70.1264,94.9813,-33.1221,272.7575,148.3507,-0.2666,0.0326
1780080240530,2,Pitching Mound.Drive,,Delivery,pitch.1,774333,-1.3205,-1.282,5.2175,5.1193,-3.7868,1.0299,0.0744,0.1006
1780080240530,2,Pitching Mound.Parent,,Delivery,pitch.1,772480,8.7805,-71.4083,100.1988,-28.0028,268.9707,149.3806,-0.2488,0.0361
1780080240531,2,11.0000004b,Drive,Delivery,pitch.1,774334,-1.2824,-1.1156,4.9588,4.8987,-3.6783,0.869,0.076,0.1013
1780080240531,2,12.00000015,Lower Delivery,Delivery,pitch.1,773850,6.5113,-48.3606,63.6577,-174.0211,206.37,120.4224,-0.3016,-0.2802
1780080240531,2,12.00000018,Upper Delivery,Delivery,pitch.1,775137,2.9909,-22.0092,31.4713,129.3841,63.1976,30.2261,-0.2058,0.327
1780080240531,2,Pitching Mound.Delivery,,Delivery,pitch.1,773225,9.5021,-70.3698,95.129,-33.6936,269.5675,149.4515,-0.2699,0.0357
1780080240531,2,Pitching Mound.Drive,,Delivery,pitch.1,774334,-1.2824,-1.1156,4.9588,4.8987,-3.6783,0.869,0.076,0.1013
1780080240531,2,Pitching Mound.Parent,,Delivery,pitch.1,772481,8.2197,-71.4855,100.0878,-28.7949,265.8892,150.3206,-0.2528,0.039
1780080240532,2,11.0000004b,Drive,Delivery,pitch.1,774335,-1.2648,-0.9308,4.6628,4.5774,-3.5491,0.7361,0.078,0.1006
1780080240532,2,12.00000015,Lower Delivery,Delivery,pitch.1,773851,5.9806,-48.6337,64.3601,-173.41,202.3701,120.9413,-0.3016,-0.2762
1780080240532,2,12.00000018,Upper Delivery,Delivery,pitch.1,775138,2.2778,-21.7813,31.3011,121.9946,58.6982,29.8839,-0.1922,0.327
1780080240532,2,Pitching Mound.Delivery,,Delivery,pitch.1,773226,8.2584,-70.415,95.6612,-40.1754,261.0683,149.5663,-0.2658,0.0387
1780080240532,2,Pitching Mound.Drive,,Delivery,pitch.1,774335,-1.2648,-0.9308,4.6628,4.5774,-3.5491,0.7361,0.078,0.1006
1780080240532,2,Pitching Mound.Parent,,Delivery,pitch.1,772482,6.9936,-71.3458,100.324,-35.598,257.5192,150.3024,-0.2498,0.0416
1780080240533,2,11.0000004b,Drive,Delivery,pitch.1,774336,-1.2789,-0.7748,4.4905,4.2215,-3.243,0.6181,0.074,0.0964
1780080240533,2,12.00000015,Lower Delivery,Delivery,pitch.1,773852,6.0053,-49.0075,66.4045,-176.6819,200.7813,121.4519,-0.3016,-0.2727
1780080240533,2,12.00000018,Upper Delivery,Delivery,pitch.1,775139,1.8937,-21.5695,31.499,114.1002,54.0305,30.1643,-0.1758,0.327
1780080240533,2,Pitching Mound.Delivery,,Delivery,pitch.1,773227,7.8991,-70.5769,97.9036,-50.7138,254.8118,150.2182,-0.2611,0.0415
1780080240533,2,Pitching Mound.Drive,,Delivery,pitch.1,774336,-1.2789,-0.7748,4.4905,4.2215,-3.243,0.6181,0.074,0.0964
1780080240533,2,Pitching Mound.Parent,,Delivery,pitch.1,772483,6.6201,-71.3517,102.3941,-46.4924,251.5688,150.8363,-0.2464,0.0439
1780080240534,2,11.0000004b,Drive,Delivery,pitch.1,774337,-1.3094,-0.6024,4.443,3.8566,-2.9531,0.4866,0.0681,0.089
1780080240534,2,12.00000015,Lower Delivery,Delivery,pitch.1,773853,5.403,-48.9462,67.6335,-185.8176,204.1433,120.8357,-0.3016,-0.2816
1780080240534,2,12.00000018,Upper Delivery,Delivery,pitch.1,775140,1.7693,-21.3605,33.1797,105.5574,46.625,31.5796,-0.144,0.3261
1780080240534,2,Pitching Mound.Delivery,,Delivery,pitch.1,773228,7.1723,-70.3067,100.8131,-68.546,250.7683,151.1799,-0.2498,0.0346
1780080240534,2,Pitching Mound.Drive,,Delivery,pitch.1,774337,-1.3094,-0.6024,4.443,3.8566,-2.9531,0.4866,0.0681,0.089
1780080240534,2,Pitching Mound.Parent,,Delivery,pitch.1,772484,5.8629,-70.909,105.2561,-64.6894,247.8152,151.6664,-0.2363,0.0369
1780080240535,2,11.0000004b,Drive,Delivery,pitch.1,774338,-1.3241,-0.4394,4.3522,3.5439,-3.09,0.3171,0.0728,0.0835
1780080240535,2,12.00000015,Lower Delivery,Delivery,pitch.1,773854,6.2282,-49.1235,70.9878,-194.632,207.252,120.45,-0.2992,-0.281
1780080240535,2,12.00000018,Upper Delivery,Delivery,pitch.1,775141,2.4556,-21.3388,33.3722,103.6975,51.9748,31.7951,-0.1596,0.3185
1780080240535,2,Pitching Mound.Delivery,,Delivery,pitch.1,773229,8.6839,-70.4622,104.3601,-78.1452,259.2268,150.9624,-0.2546,0.0332
1780080240535,2,Pitching Mound.Drive,,Delivery,pitch.1,774338,-1.3241,-0.4394,4.3522,3.5439,-3.09,0.3171,0.0728,0.0835
1780080240535,2,Pitching Mound.Parent,,Delivery,pitch.1,772485,7.3598,-70.9016,108.7122,-74.6013,256.1368,151.2795,-0.2415,0.0353
1780080240536,2,11.0000004b,Drive,Delivery,pitch.1,774339,-1.355,-0.3078,4.2629,3.1512,-3.1968,0.1393,0.0769,0.0758
1780080240536,2,12.00000015,Lower Delivery,Delivery,pitch.1,773855,6.7173,-48.9461,73.3534,-203.4425,212.106,119.9439,-0.2964,-0.2843
1780080240536,2,12.00000018,Upper Delivery,Delivery,pitch.1,775142,2.5686,-22.1557,38.9769,105.4254,52.5358,33.1258,-0.1381,0.2772
1780080240536,2,Pitching Mound.Delivery,,Delivery,pitch.1,773230,9.2859,-71.1019,112.3303,-86.3291,264.6418,151.6591,-0.2415,0.0146
1780080240536,2,Pitching Mound.Drive,,Delivery,pitch.1,774339,-1.355,-0.3078,4.2629,3.1512,-3.1968,0.1393,0.0769,0.0758
1780080240536,2,Pitching Mound.Parent,,Delivery,pitch.1,772486,7.9308,-71.4096,116.5932,-83.178,261.445,151.7984,-0.2298,0.0169
1780080240537,2,11.0000004b,Drive,Delivery,pitch.1,774340,-1.3488,-0.2013,4.13,2.8366,-3.4164,0.0114,0.0848,0.0704
1780080240537,2,12.00000015,Lower Delivery,Delivery,pitch.1,773856,7.0444,-49.0958,77.4438,-213.6294,217.9876,118.7472,-0.2885,-0.2827
1780080240537,2,12.00000018,Upper Delivery,Delivery,pitch.1,775143,2.622,-23.7078,41.593,104.5669,55.6583,34.1149,-0.1372,0.2577
1780080240537,2,Pitching Mound.Delivery,,Delivery,pitch.1,773231,9.6665,-72.8036,119.0368,-96.8733,273.6459,151.3585,-0.2356,0.0085
1780080240537,2,Pitching Mound.Drive,,Delivery,pitch.1,774340,-1.3488,-0.2013,4.13,2.8366,-3.4164,0.0114,0.0848,0.0704
1780080240537,2,Pitching Mound.Parent,,Delivery,pitch.1,772487,8.3176,-73.0049,123.1667,-94.0366,270.2295,151.3699,-0.2249,0.0106
1780080240538,2,11.0000004b,Drive,Delivery,pitch.1,774341,-1.3293,-0.112,4.0489,2.4618,-3.6866,-0.0061,0.0933,0.0623
1780080240538,2,12.00000015,Lower Delivery,Delivery,pitch.1,773857,6.9651,-48.9026,82.2892,-221.9507,218.6496,118.3941,-0.2723,-0.2764
1780080240538,2,12.00000018,Upper Delivery,Delivery,pitch.1,775144,3.5359,-23.0655,41.6189,113.3186,57.9856,34.3291,-0.1428,0.2791
1780080240538,2,Pitching Mound.Delivery,,Delivery,pitch.1,773232,10.501,-71.9681,123.9081,-94.8042,276.6353,151.5574,-0.2288,0.0217
1780080240538,2,Pitching Mound.Drive,,Delivery,pitch.1,774341,-1.3293,-0.112,4.0489,2.4618,-3.6866,-0.0061,0.0933,0.0623
1780080240538,2,Pitching Mound.Parent,,Delivery,pitch.1,772488,9.1717,-72.0801,127.957,-92.3424,272.9486,151.5513,-0.2186,0.023
1780080240539,2,11.0000004b,Drive,Delivery,pitch.1,774342,-1.2721,-0.0614,3.8768,2.1461,-3.773,-0.006,0.0997,0.0567
1780080240539,2,12.00000015,Lower Delivery,Delivery,pitch.1,773858,7.504,-49.0329,85.4247,-229.8297,220.6765,117.7204,-0.2648,-0.2758
1780080240539,2,12.00000018,Upper Delivery,Delivery,pitch.1,775145,4.1492,-23.6134,46.1884,122.4427,57.8914,34.7772,-0.1285,0.2717
1780080240539,2,Pitching Mound.Delivery,,Delivery,pitch.1,773233,11.6532,-72.6463,131.6131,-94.0467,278.5679,151.357,-0.2169,0.0177
1780080240539,2,Pitching Mound.Drive,,Delivery,pitch.1,774342,-1.2721,-0.0614,3.8768,2.1461,-3.773,-0.006,0.0997,0.0567
1780080240539,2,Pitching Mound.Parent,,Delivery,pitch.1,772489,10.3811,-72.7076,135.4899,-91.9006,274.7949,151.351,-0.2079,0.0188
1780080240540,2,11.0000004b,Drive,Delivery,pitch.1,774343,-1.1803,-0.0426,3.6786,1.8075,-3.7624,-0.0208,0.1048,0.0504
1780080240540,2,12.00000015,Lower Delivery,Delivery,pitch.1,773859,8.1496,-49.2243,90.7896,-230.7349,219.8985,117.0751,-0.2482,-0.2605
1780080240540,2,12.00000018,Upper Delivery,Delivery,pitch.1,775146,4.3778,-24.2603,47.6455,129.3857,58.2117,34.6292,-0.1252,0.2783
1780080240540,2,Pitching Mound.Delivery,,Delivery,pitch.1,773234,12.5274,-73.4845,138.4351,-86.6801,278.1102,150.4219,-0.2059,0.0309
1780080240540,2,Pitching Mound.Drive,,Delivery,pitch.1,774343,-1.1803,-0.0426,3.6786,1.8075,-3.7624,-0.0208,0.1048,0.0504
1780080240540,2,Pitching Mound.Parent,,Delivery,pitch.1,772490,11.3472,-73.5271,142.1136,-84.8726,274.3479,150.4011,-0.1979,0.0314
1780080240541,2,11.0000004b,Drive,Delivery,pitch.1,774344,-1.0434,-0.0277,3.4111,1.5781,-3.7378,-0.0949,0.1123,0.0474
1780080240541,2,12.00000015,Lower Delivery,Delivery,pitch.1,773860,8.0608,-49.1223,90.8789,-232.6976,216.1508,117.5099,-0.2438,-0.2624
1780080240541,2,12.00000018,Upper Delivery,Delivery,pitch.1,775147,4.3441,-25.2709,50.6806,138.8288,65.7227,33.8602,-0.1329,0.2808
1780080240541,2,Pitching Mound.Delivery,,Delivery,pitch.1,773235,12.4049,-74.3932,141.5595,-80.2013,281.8735,150.1064,-0.2041,0.0286
1780080240541,2,Pitching Mound.Drive,,Delivery,pitch.1,774344,-1.0434,-0.0277,3.4111,1.5781,-3.7378,-0.0949,0.1123,0.0474
1780080240541,2,Pitching Mound.Parent,,Delivery,pitch.1,772491,11.3615,-74.421,144.9706,-78.6232,278.1357,150.0116,-0.1966,0.029
1780080240542,2,11.0000004b,Drive,Delivery,pitch.1,774345,-0.8841,0.0057,3.3792,1.467,-3.6591,-0.2356,0.111,0.0445
1780080240542,2,12.00000015,Lower Delivery,Delivery,pitch.1,773861,8.5259,-49.3268,91.8544,-233.3266,216.0019,116.6526,-0.241,-0.2604
1780080240542,2,12.00000018,Upper Delivery,Delivery,pitch.1,775148,5.0185,-25.2709,51.6416,144.7887,71.8206,32.7465,-0.1425,0.2874
1780080240542,2,Pitching Mound.Delivery,,Delivery,pitch.1,773236,13.5444,-74.5977,143.496,-74.8655,287.8225,148.2066,-0.2056,0.032
1780080240542,2,Pitching Mound.Drive,,Delivery,pitch.1,774345,-0.8841,0.0057,3.3792,1.467,-3.6591,-0.2356,0.111,0.0445
1780080240542,2,Pitching Mound.Parent,,Delivery,pitch.1,772492,12.6602,-74.592,146.8752,-73.3985,284.1634,147.971,-0.1983,0.0323
1780080240543,2,11.0000004b,Drive,Delivery,pitch.1,774346,-0.6522,0.0343,3.067,1.2411,-3.5329,-0.2917,0.1181,0.0415
1780080240543,2,12.00000015,Lower Delivery,Delivery,pitch.1,773862,8.2987,-49.264,92.0447,-232.6964,211.6332,116.6592,-0.2357,-0.2591
1780080240543,2,12.00000018,Upper Delivery,Delivery,pitch.1,775149,5.4976,-25.0649,52.1635,149.9016,76.3369,31.5797,-0.15,0.2945
1780080240543,2,Pitching Mound.Delivery,,Delivery,pitch.1,773237,13.7963,-74.3289,144.2082,-69.2352,287.97,147.2865,-0.2047,0.0352
1780080240543,2,Pitching Mound.Drive,,Delivery,pitch.1,774346,-0.6522,0.0343,3.067,1.2411,-3.5329,-0.2917,0.1181,0.0415
1780080240543,2,Pitching Mound.Parent,,Delivery,pitch.1,772493,13.144,-74.2946,147.2753,-67.9941,284.4372,146.9949,-0.198,0.0353
1780080240544,2,11.0000004b,Drive,Delivery,pitch.1,774347,-0.4407,0.0329,2.6602,1.2734,-3.8532,-0.3652,0.1485,0.0491
1780080240544,2,12.00000015,Lower Delivery,Delivery,pitch.1,773863,7.8228,-49.317,91.3247,-233.9981,210.6905,115.6853,-0.2365,-0.2626
1780080240544,2,12.00000018,Upper Delivery,Delivery,pitch.1,775150,5.0685,-25.2344,55.7551,152.5831,79.3574,31.1481,-0.1459,0.2805
1780080240544,2,Pitching Mound.Delivery,,Delivery,pitch.1,773238,12.8913,-74.5514,147.0798,-69.3213,290.0479,145.897,-0.2021,0.0255
1780080240544,2,Pitching Mound.Drive,,Delivery,pitch.1,774347,-0.4407,0.0329,2.6602,1.2734,-3.8532,-0.3652,0.1485,0.0491
1780080240544,2,Pitching Mound.Parent,,Delivery,pitch.1,772494,12.4506,-74.5186,149.74,-68.0478,286.1946,145.5318,-0.1959,0.0259
1780080240545,2,11.0000004b,Drive,Delivery,pitch.1,774348,-0.2127,0.0248,1.9607,1.3066,-3.6924,-0.3659,0.0,0.0
1780080240545,2,12.00000015,Lower Delivery,Delivery,pitch.1,773864,7.6962,-49.5869,91.9161,-235.9132,211.1405,114.5595,-0.2354,-0.2631
1780080240545,2,12.00000018,Upper Delivery,Delivery,pitch.1,775151,5.1364,-25.1232,55.0622,147.0068,74.1626,29.5007,-0.138,0.2736
1780080240545,2,Pitching Mound.Delivery,,Delivery,pitch.1,773239,12.8326,-74.7101,146.9783,-76.3761,285.303,143.1899,-0.199,0.0233
1780080240545,2,Pitching Mound.Drive,,Delivery,pitch.1,774348,-0.2127,0.0248,1.9607,1.3066,-3.6924,-0.3659,0.0,0.0
1780080240545,2,Pitching Mound.Parent,,Delivery,pitch.1,772495,12.6199,-74.6853,148.939,-75.0694,281.6106,142.824,-0.1963,0.0229
1780080240546,2,11.0000004b,Drive,Delivery,pitch.1,774349,0.0162,0.0393,1.3529,1.3485,-3.4164,-0.332,0.0,0.0
1780080240546,2,12.00000015,Lower Delivery,Delivery,pitch.1,773865,7.4657,-49.6845,94.8297,-237.7426,210.126,113.9063,-0.2271,-0.257
1780080240546,2,12.00000018,Upper Delivery,Delivery,pitch.1,775152,5.2349,-24.5687,53.9854,136.2195,69.5233,28.5711,-0.132,0.2586
1780080240546,2,Pitching Mound.Delivery,,Delivery,pitch.1,773240,12.7006,-74.2532,148.8151,-87.6361,279.6493,141.7189,-0.1926,0.0234
1780080240546,2,Pitching Mound.Drive,,Delivery,pitch.1,774349,0.0162,0.0393,1.3529,1.3485,-3.4164,-0.332,0.0,0.0
1780080240546,2,Pitching Mound.Parent,,Delivery,pitch.1,772496,12.7168,-74.2139,150.168,-86.2876,276.2329,141.3869,-0.1909,0.0232
1780080240547,2,11.0000004b,Drive,Delivery,pitch.1,774350,0.1967,0.0858,1.4212,0.9446,-3.3219,-0.3006,0.0,0.0
1780080240547,2,12.00000015,Lower Delivery,Delivery,pitch.1,773866,7.1657,-49.7642,94.7087,-241.1687,210.431,113.592,-0.2277,-0.261
1780080240547,2,12.00000018,Upper Delivery,Delivery,pitch.1,775153,5.2095,-23.4984,53.027,124.8302,61.7427,28.5916,-0.1193,0.2413
1780080240547,2,Pitching Mound.Delivery,,Delivery,pitch.1,773241,12.3751,-73.2626,147.7357,-102.1668,272.1738,141.5185,-0.1888,0.0152
1780080240547,2,Pitching Mound.Drive,,Delivery,pitch.1,774350,0.1967,0.0858,1.4212,0.9446,-3.3219,-0.3006,0.0,0.0
1780080240547,2,Pitching Mound.Parent,,Delivery,pitch.1,772497,12.5718,-73.1768,149.1569,-101.2222,268.8519,141.2178,-0.187,0.0151
1780080240548,2,11.0000004b,Drive,Delivery,pitch.1,774351,0.3823,0.1394,1.6488,0.8425,-2.1461,-0.2011,0.0,0.0
1780080240548,2,12.00000015,Lower Delivery,Delivery,pitch.1,773867,6.7117,-49.589,94.0403,-244.8854,212.2292,113.3172,-0.2313,-0.2669
1780080240548,2,12.00000018,Upper Delivery,Delivery,pitch.1,775154,4.8863,-22.3153,55.3027,117.3695,59.3429,29.3425,-0.11,0.2175
1780080240548,2,Pitching Mound.Delivery,,Delivery,pitch.1,773242,11.5981,-71.9043,149.343,-114.3451,271.5722,142.0391,-0.1864,0.0007
1780080240548,2,Pitching Mound.Drive,,Delivery,pitch.1,774351,0.3823,0.1394,1.6488,0.8425,-2.1461,-0.2011,0.0,0.0
1780080240548,2,Pitching Mound.Parent,,Delivery,pitch.1,772498,11.9804,-71.7649,150.9918,-113.5026,269.4261,141.838,-0.1843,0.0007
1780080240549,2,11.0000004b,Drive,Delivery,pitch.1,774352,0.5045,0.1638,2.1128,0.6727,-1.0058,-0.095,0.0,0.0
1780080240549,2,12.00000015,Lower Delivery,Delivery,pitch.1,773868,7.1947,-49.7024,97.2472,-249.0989,214.4981,112.9688,-0.2261,-0.2625
1780080240549,2,12.00000018,Upper Delivery,Delivery,pitch.1,775155,4.4656,-21.5704,53.7086,112.9678,56.7296,29.6357,-0.1083,0.2156
1780080240549,2,Pitching Mound.Delivery,,Delivery,pitch.1,773243,11.6603,-71.2728,150.9558,-121.328,271.2277,141.6766,-0.1842,0.0056
1780080240549,2,Pitching Mound.Drive,,Delivery,pitch.1,774352,0.5045,0.1638,2.1128,0.6727,-1.0058,-0.095,0.0,0.0
1780080240549,2,Pitching Mound.Parent,,Delivery,pitch.1,772499,12.1648,-71.109,153.0687,-120.6553,270.2219,141.5816,-0.1816,0.0056
1780080240550,2,11.0000004b,Drive,Delivery,pitch.1,774353,0.5679,0.1936,1.8604,0.4856,-0.9909,-0.1106,0.0,0.0
1780080240550,2,12.00000015,Lower Delivery,Delivery,pitch.1,773869,7.3225,-49.6639,99.7174,-252.875,217.123,112.9412,-0.2232,-0.2599
1780080240550,2,12.00000018,Upper Delivery,Delivery,pitch.1,775156,4.1049,-21.2412,52.1479,112.0734,55.4448,29.9507,-0.109,0.2203
1780080240550,2,Pitching Mound.Delivery,,Delivery,pitch.1,773244,11.4274,-70.9052,151.8653,-124.628,272.5678,141.798,-0.184,0.0115
1780080240550,2,Pitching Mound.Drive,,Delivery,pitch.1,774353,0.5679,0.1936,1.8604,0.4856,-0.9909,-0.1106,0.0,0.0
1780080240550,2,Pitching Mound.Parent,,Delivery,pitch.1,772500,11.9953,-70.7116,153.7257,-124.1423,271.5769,141.6874,-0.1817,0.0113
1780080240551,2,11.0000004b,Drive,Delivery,pitch.1,774354,0.6556,0.2411,1.3136,0.3636,-1.5039,-0.1103,0.0,0.0
1780080240551,2,12.00000015,Lower Delivery,Delivery,pitch.1,773870,7.1949,-49.3734,99.9926,-255.5553,220.0674,113.0643,-0.2256,-0.262
1780080240551,2,12.00000018,Upper Delivery,Delivery,pitch.1,775157,4.2351,-20.8895,51.047,110.9194,55.8958,30.3645,-0.1122,0.2227
1780080240551,2,Pitching Mound.Delivery,,Delivery,pitch.1,773245,11.43,-70.263,151.0396,-127.9944,275.9632,142.4225,-0.1873,0.012
1780080240551,2,Pitching Mound.Drive,,Delivery,pitch.1,774354,0.6556,0.2411,1.3136,0.3636,-1.5039,-0.1103,0.0,0.0
1780080240551,2,Pitching Mound.Parent,,Delivery,pitch.1,772501,12.0856,-70.0219,152.3532,-127.6308,274.4593,142.3122,-0.1857,0.0119
1780080240552,2,11.0000004b,Drive,Delivery,pitch.1,774355,0.6817,0.2246,1.2058,0.3222,-1.6608,-0.0292,0.0,0.0
1780080240552,2,12.00000015,Lower Delivery,Delivery,pitch.1,773871,7.2019,-49.1191,101.5959,-256.7309,222.5428,113.6611,-0.2245,-0.259
1780080240552,2,12.00000018,Upper Delivery,Delivery,pitch.1,775158,4.0552,-21.204,50.6485,120.3695,61.7167,31.4258,-0.1249,0.2436
1780080240552,2,Pitching Mound.Delivery,,Delivery,pitch.1,773246,11.2572,-70.3232,152.2444,-119.0393,284.2595,144.0171,-0.1914,0.022
1780080240552,2,Pitching Mound.Drive,,Delivery,pitch.1,774355,0.6817,0.2246,1.2058,0.3222,-1.6608,-0.0292,0.0,0.0
1780080240552,2,Pitching Mound.Parent,,Delivery,pitch.1,772502,11.9388,-70.0986,153.4502,-118.7171,282.5987,143.9878,-0.1899,0.0218
1780080240553,2,11.0000004b,Drive,Delivery,pitch.1,774356,0.7271,0.2207,1.343,0.3004,-1.4084,-0.0021,0.0,0.0
1780080240553,2,12.00000015,Lower Delivery,Delivery,pitch.1,773872,7.7516,-48.9929,100.916,-256.1827,227.0741,114.26,-0.2306,-0.2602
1780080240553,2,12.00000018,Upper Delivery,Delivery,pitch.1,775159,4.0178,-21.3377,49.422,124.3343,67.0671,32.5283,-0.1391,0.2579
1780080240553,2,Pitching Mound.Delivery,,Delivery,pitch.1,773247,11.7694,-70.3306,150.338,-114.3404,294.1412,145.5188,-0.2005,0.0266
1780080240553,2,Pitching Mound.Drive,,Delivery,pitch.1,774356,0.7271,0.2207,1.343,0.3004,-1.4084,-0.0021,0.0,0.0
1780080240553,2,Pitching Mound.Parent,,Delivery,pitch.1,772503,12.4965,-70.1099,151.681,-114.04,292.7328,145.5167,-0.1988,0.0263
1780080240554,2,11.0000004b,Drive,Delivery,pitch.1,774357,0.7199,0.2072,1.3529,0.173,-0.6331,0.0057,0.0,0.0
1780080240554,2,12.00000015,Lower Delivery,Delivery,pitch.1,773873,7.4325,-48.8279,95.8682,-250.5578,228.9348,115.4507,-0.2448,-0.2679
1780080240554,2,12.00000018,Upper Delivery,Delivery,pitch.1,775160,3.8765,-22.1085,48.4789,134.875,67.7269,32.7991,-0.1432,0.2852
1780080240554,2,Pitching Mound.Delivery,,Delivery,pitch.1,773248,11.309,-70.9363,144.3471,-99.5704,296.6617,147.0408,-0.2106,0.0295
1780080240554,2,Pitching Mound.Drive,,Delivery,pitch.1,774357,0.7199,0.2072,1.3529,0.173,-0.6331,0.0057,0.0,0.0
1780080240554,2,Pitching Mound.Parent,,Delivery,pitch.1,772504,12.0289,-70.7292,145.7001,-99.3973,296.0286,147.0465,-0.2087,0.0292
1780080240555,2,11.0000004b,Drive,Delivery,pitch.1,774358,0.6983,0.203,1.3378,0.1103,-0.2468,0.0075,0.0,0.0
1780080240555,2,12.00000015,Lower Delivery,Delivery,pitch.1,773874,8.2178,-49.0765,96.3088,-246.9749,231.7449,116.488,-0.2466,-0.2628
1780080240555,2,12.00000018,Upper Delivery,Delivery,pitch.1,775161,4.0374,-22.632,47.1722,138.7439,66.3374,33.06,-0.1441,0.3015
1780080240555,2,Pitching Mound.Delivery,,Delivery,pitch.1,773249,12.2552,-71.7085,143.481,-91.5246,298.0823,148.1267,-0.2129,0.0391
1780080240555,2,Pitching Mound.Drive,,Delivery,pitch.1,774358,0.6983,0.203,1.3378,0.1103,-0.2468,0.0075,0.0,0.0
1780080240555,2,Pitching Mound.Parent,,Delivery,pitch.1,772505,12.9535,-71.5056,144.8188,-91.4143,297.8355,148.1342,-0.211,0.0388
1780080240556,2,11.0000004b,Drive,Delivery,pitch.1,774359,0.6711,0.2342,1.2581,0.0396,-0.0749,0.0106,0.0,0.0
1780080240556,2,12.00000015,Lower Delivery,Delivery,pitch.1,773875,8.3279,-49.2174,93.6371,-241.9647,233.8998,116.8136,-0.256,-0.2649
1780080240556,2,12.00000018,Upper Delivery,Delivery,pitch.1,775162,3.8178,-23.8107,44.2517,150.1502,67.3643,33.174,-0.156,0.327
1780080240556,2,Pitching Mound.Delivery,,Delivery,pitch.1,773250,12.1457,-73.0281,137.8889,-75.0235,301.2641,148.4541,-0.2239,0.0469
1780080240556,2,Pitching Mound.Drive,,Delivery,pitch.1,774359,0.6711,0.2342,1.2581,0.0396,-0.0749,0.0106,0.0,0.0
1780080240556,2,Pitching Mound.Parent,,Delivery,pitch.1,772506,12.8168,-72.794,139.1469,-74.9839,301.1892,148.4647,-0.2219,0.0464
1780080240557,2,11.0000004b,Drive,Delivery,pitch.1,774360,0.5966,0.2562,1.1599,0.0401,-0.079,0.0165,0.0,0.0
1780080240557,2,12.00000015,Lower Delivery,Delivery,pitch.1,773876,8.4295,-49.4526,94.7378,-236.8303,235.6044,117.8686,-0.2549,-0.2562
1780080240557,2,12.00000018,Upper Delivery,Delivery,pitch.1,775163,3.8986,-24.3576,43.1866,149.8256,66.1892,33.0425,-0.1571,0.327
1780080240557,2,Pitching Mound.Delivery,,Delivery,pitch.1,773251,12.3282,-73.8102,137.9244,-69.4773,301.7937,149.3707,-0.2243,0.0535
1780080240557,2,Pitching Mound.Drive,,Delivery,pitch.1,774360,0.5966,0.2562,1.1599,0.0401,-0.079,0.0165,0.0,0.0
1780080240557,2,Pitching Mound.Parent,,Delivery,pitch.1,772507,12.9248,-73.5541,139.0843,-69.4372,301.7147,149.3871,-0.2224,0.053
1780080240558,2,11.0000004b,Drive,Delivery,pitch.1,774361,0.5058,0.285,0.8751,0.0308,-0.0802,0.0151,0.0,0.0
1780080240558,2,12.00000015,Lower Delivery,Delivery,pitch.1,773877,8.2563,-49.2166,92.7697,-235.3564,235.943,118.2016,-0.2607,-0.26
1780080240558,2,12.00000018,Upper Delivery,Delivery,pitch.1,775164,3.7757,-25.1309,40.836,151.321,68.4509,32.5906,-0.1718,0.327
1780080240558,2,Pitching Mound.Delivery,,Delivery,pitch.1,773252,12.032,-74.3475,133.6056,-66.3779,304.3939,149.2687,-0.2335,0.0516
1780080240558,2,Pitching Mound.Drive,,Delivery,pitch.1,774361,0.5058,0.285,0.8751,0.0308,-0.0802,0.0151,0.0,0.0
1780080240558,2,Pitching Mound.Parent,,Delivery,pitch.1,772508,12.5377,-74.0625,134.4807,-66.3471,304.3136,149.2838,-0.232,0.0512
1780080240559,2,11.0000004b,Drive,Delivery,pitch.1,774362,0.3987,0.1897,0.4418,0.0425,-0.0771,0.0063,0.0,0.0
1780080240559,2,12.00000015,Lower Delivery,Delivery,pitch.1,773878,8.7668,-49.5544,96.2863,-234.9772,238.0391,118.0076,-0.2534,-0.2501
1780080240559,2,12.00000018,Upper Delivery,Delivery,pitch.1,775165,3.7369,-25.9209,39.1683,147.6199,70.9371,32.0727,-0.1856,0.327
1780080240559,2,Pitching Mound.Delivery,,Delivery,pitch.1,773253,12.5037,-75.4754,135.4546,-67.9372,308.9762,148.3701,-0.2338,0.0601
1780080240559,2,Pitching Mound.Drive,,Delivery,pitch.1,774362,0.3987,0.1897,0.4418,0.0425,-0.0771,0.0063,0.0,0.0
1780080240559,2,Pitching Mound.Parent,,Delivery,pitch.1,772509,12.9023,-75.2857,135.8964,-67.8947,308.899,148.3765,-0.233,0.0599
1780080240560,2,11.0000004b,Drive,Delivery,pitch.1,774363,0.3029,0.2045,0.4849,0.0464,-0.0711,0.0068,0.0,0.0
1780080240560,2,12.00000015,Lower Delivery,Delivery,pitch.1,773879,8.4558,-49.4788,95.1574,-235.7018,238.3596,117.6158,-0.2567,-0.2539
1780080240560,2,12.00000018,Upper Delivery,Delivery,pitch.1,775166,3.6629,-25.7245,39.5287,139.0868,68.3833,31.639,-0.1773,0.327
1780080240560,2,Pitching Mound.Delivery,,Delivery,pitch.1,773254,12.1187,-75.2033,134.6861,-77.7013,306.7429,147.6252,-0.2334,0.057
1780080240560,2,Pitching Mound.Drive,,Delivery,pitch.1,774363,0.3029,0.2045,0.4849,0.0464,-0.0711,0.0068,0.0,0.0
1780080240560,2,Pitching Mound.Parent,,Delivery,pitch.1,772510,12.4216,-74.9988,135.171,-77.6549,306.6718,147.6321,-0.2326,0.0568
1780080240561,2,11.0000004b,Drive,Delivery,pitch.1,774364,0.1083,0.3007,1.4949,0.078,-0.0514,0.0053,0.0,0.0
1780080240561,2,12.00000015,Lower Delivery,Delivery,pitch.1,773880,8.4858,-49.4841,96.5923,-238.6407,239.5842,116.9622,-0.2542,-0.2532
1780080240561,2,12.00000018,Upper Delivery,Delivery,pitch.1,775167,3.6501,-25.7174,40.2262,139.726,69.9168,31.2747,-0.1781,0.327
1780080240561,2,Pitching Mound.Delivery,,Delivery,pitch.1,773255,12.1359,-75.2015,136.8185,-79.7503,309.5011,146.5928,-0.2319,0.0574
1780080240561,2,Pitching Mound.Drive,,Delivery,pitch.1,774364,0.1083,0.3007,1.4949,0.078,-0.0514,0.0053,0.0,0.0
1780080240561,2,Pitching Mound.Parent,,Delivery,pitch.1,772511,12.2442,-74.9008,138.3134,-79.6722,309.4497,146.5981,-0.2294,0.0568
1780080240562,2,11.0000004b,Drive,Delivery,pitch.1,774365,0.001,0.2639,1.5698,0.1164,-0.4409,0.0043,0.0,0.0
1780080240562,2,12.00000015,Lower Delivery,Delivery,pitch.1,773881,8.5745,-49.5352,98.434,-241.7935,240.8566,116.1831,-0.2508,-0.2518
1780080240562,2,12.00000018,Upper Delivery,Delivery,pitch.1,775168,3.9099,-25.7779,39.4835,151.036,74.1783,31.2732,-0.1926,0.327
1780080240562,2,Pitching Mound.Delivery,,Delivery,pitch.1,773256,12.4844,-75.3131,137.9175,-70.7143,315.035,145.8703,-0.2341,0.0593
1780080240562,2,Pitching Mound.Drive,,Delivery,pitch.1,774365,0.001,0.2639,1.5698,0.1164,-0.4409,0.0043,0.0,0.0
1780080240562,2,Pitching Mound.Parent,,Delivery,pitch.1,772512,12.4854,-75.0492,139.4873,-70.5979,314.594,145.8746,-0.2315,0.0586
1780080240563,2,11.0000004b,Drive,Delivery,pitch.1,774366,-0.0744,0.1959,1.9243,0.1691,-0.9831,0.0021,0.0,0.0
1780080240563,2,12.00000015,Lower Delivery,Delivery,pitch.1,773882,8.7298,-49.6446,100.3304,-245.1668,243.0367,115.0601,-0.2483,-0.2505
1780080240563,2,12.00000018,Upper Delivery,Delivery,pitch.1,775169,4.1595,-25.2,41.015,149.5895,74.6591,31.6189,-0.1866,0.327
1780080240563,2,Pitching Mound.Delivery,,Delivery,pitch.1,773257,12.8892,-74.8447,141.3454,-75.4102,317.6958,145.1251,-0.2304,0.0598
1780080240563,2,Pitching Mound.Drive,,Delivery,pitch.1,774366,-0.0744,0.1959,1.9243,0.1691,-0.9831,0.0021,0.0,0.0
1780080240563,2,Pitching Mound.Parent,,Delivery,pitch.1,772513,12.8149,-74.6487,143.2697,-75.2411,316.7127,145.1272,-0.2273,0.059
1780080240564,2,11.0000004b,Drive,Delivery,pitch.1,774367,-0.1098,0.134,1.9761,0.2004,-1.2821,0.0024,0.0,0.0
1780080240564,2,12.00000015,Lower Delivery,Delivery,pitch.1,773883,8.1158,-49.5223,100.5318,-249.9113,242.2215,113.9049,-0.247,-0.2548
1780080240564,2,12.00000018,Upper Delivery,Delivery,pitch.1,775170,4.356,-24.2854,42.662,150.912,71.8832,30.8742,-0.1727,0.327
1780080240564,2,Pitching Mound.Delivery,,Delivery,pitch.1,773258,12.4718,-73.8077,143.1938,-79.3236,314.1046,143.5007,-0.2248,0.056
1780080240564,2,Pitching Mound.Drive,,Delivery,pitch.1,774367,-0.1098,0.134,1.9761,0.2004,-1.2821,0.0024,0.0,0.0
1780080240564,2,Pitching Mound.Parent,,Delivery,pitch.1,772514,12.362,-73.6737,145.1699,-79.1231,312.8226,143.5032,-0.2218,0.0552
1780080240565,2,11.0000004b,Drive,Delivery,pitch.1,774368,-0.1639,0.1241,1.9948,0.2479,-1.5019,0.0023,0.0,0.0
1780080240565,2,12.00000015,Lower Delivery,Delivery,pitch.1,773884,8.0604,-49.3646,100.4913,-253.4893,242.2872,112.9934,-0.2471,-0.2585
1780080240565,2,12.00000018,Upper Delivery,Delivery,pitch.1,775171,4.5405,-24.072,43.1124,154.0635,75.6617,30.2345,-0.1799,0.327
1780080240565,2,Pitching Mound.Delivery,,Delivery,pitch.1,773259,12.6009,-73.4366,143.6038,-79.9169,317.9488,142.0311,-0.2269,0.0531
1780080240565,2,Pitching Mound.Drive,,Delivery,pitch.1,774368,-0.1639,0.1241,1.9948,0.2479,-1.5019,0.0023,0.0,0.0
1780080240565,2,Pitching Mound.Parent,,Delivery,pitch.1,772515,12.437,-73.3125,145.5986,-79.669,316.447,142.0334,-0.2238,0.0524
1780080240566,2,11.0000004b,Drive,Delivery,pitch.1,774369,-0.1994,0.0979,2.0048,0.277,-1.4963,0.0013,0.0,0.0
1780080240566,2,11.0000004b,Drive,Delivery,pitch.1,774370,-0.2174,0.0807,2.0675,0.4293,-1.5383,-0.0005,0.0,0.0
1780080240566,2,12.00000015,Lower Delivery,Delivery,pitch.1,773885,7.5982,-48.9033,98.9997,-257.0173,239.1866,112.1393,-0.2476,-0.2661
1780080240566,2,12.00000018,Upper Delivery,Delivery,pitch.1,775172,4.8721,-23.2229,44.6749,152.4389,78.5272,30.2911,-0.1802,0.327
1780080240566,2,Pitching Mound.Delivery,,Delivery,pitch.1,773260,12.4703,-72.1262,143.6746,-86.108,317.7138,141.5036,-0.2267,0.0469
1780080240566,2,Pitching Mound.Drive,,Delivery,pitch.1,774369,-0.1994,0.0979,2.0048,0.277,-1.4963,0.0013,0.0,0.0
1780080240566,2,Pitching Mound.Drive,,Delivery,pitch.1,774370,-0.2174,0.0807,2.0675,0.4293,-1.5383,-0.0005,0.0,0.0
1780080240566,2,Pitching Mound.Parent,,Delivery,pitch.1,772516,12.2709,-72.0282,145.6794,-85.8309,316.2175,141.5049,-0.2235,0.0462
1780080240567,2,12.00000015,Lower Delivery,Delivery,pitch.1,773886,7.6387,-48.8334,99.604,-258.2113,239.3205,111.8683,-0.2463,-0.2657
1780080240567,2,12.00000018,Upper Delivery,Delivery,pitch.1,775173,5.3318,-22.5097,46.7185,150.9665,80.4545,29.864,-0.1765,0.327
1780080240567,2,Pitching Mound.Delivery,,Delivery,pitch.1,773261,12.9705,-71.3431,146.3224,-89.2637,319.775,140.948,-0.224,0.0464
1780080240567,2,Pitching Mound.Parent,,Delivery,pitch.1,772517,12.7531,-71.2624,148.3899,-88.8345,318.2367,140.9475,-0.2209,0.0458
1780080240568,2,11.0000004b,Drive,Delivery,pitch.1,774371,-0.2043,0.0671,1.8906,0.4566,-1.617,-0.0012,0.0,0.0
1780080240568,2,12.00000015,Lower Delivery,Delivery,pitch.1,773887,7.628,-48.4217,98.3474,-258.1048,236.273,112.1014,-0.2462,-0.269
1780080240568,2,12.00000018,Upper Delivery,Delivery,pitch.1,775174,5.6129,-21.5663,47.7814,149.0595,77.8351,29.9852,-0.167,0.3197
1780080240568,2,Pitching Mound.Delivery,,Delivery,pitch.1,773262,13.2409,-69.988,146.1288,-91.8529,314.1081,141.4015,-0.2203,0.0412
1780080240568,2,Pitching Mound.Drive,,Delivery,pitch.1,774371,-0.2043,0.0671,1.8906,0.4566,-1.617,-0.0012,0.0,0.0
1780080240568,2,Pitching Mound.Parent,,Delivery,pitch.1,772518,13.0366,-69.9209,148.0193,-91.3963,312.4911,141.4004,-0.2175,0.0406
1780080240569,2,11.0000004b,Drive,Delivery,pitch.1,774372,-0.1763,0.0567,1.6751,0.5295,-1.7341,-0.0018,0.0,0.0
1780080240569,2,12.00000015,Lower Delivery,Delivery,pitch.1,773888,7.9224,-48.2719,99.5603,-258.0729,234.0507,112.3146,-0.2409,-0.2657
1780080240569,2,12.00000018,Upper Delivery,Delivery,pitch.1,775175,5.6557,-21.1225,49.0412,146.9497,77.7067,30.0503,-0.1624,0.3071
1780080240569,2,Pitching Mound.Delivery,,Delivery,pitch.1,773263,13.5781,-69.3944,148.6015,-93.9467,311.7574,141.5942,-0.215,0.0389
1780080240569,2,Pitching Mound.Drive,,Delivery,pitch.1,774372,-0.1763,0.0567,1.6751,0.5295,-1.7341,-0.0018,0.0,0.0
1780080240569,2,Pitching Mound.Parent,,Delivery,pitch.1,772519,13.4018,-69.3377,150.2766,-93.4172,310.0233,141.5924,-0.2126,0.0385
1780080240570,2,11.0000004b,Drive,Delivery,pitch.1,774373,-0.1247,0.0577,1.6423,0.6128,-1.9202,-0.0026,0.0,0.0
1780080240570,2,11.0000004b,Drive,Delivery,pitch.1,774374,-0.0933,0.0583,1.3146,0.5096,-1.7719,-0.0021,0.0,0.0
1780080240570,2,12.00000015,Lower Delivery,Delivery,pitch.1,773889,7.8749,-48.2432,98.9137,-258.6045,232.0638,113.0662,-0.2405,-0.268
1780080240570,2,12.00000018,Upper Delivery,Delivery,pitch.1,775176,5.5963,-21.1394,50.2343,143.0507,78.4905,29.8452,-0.1601,0.2919
1780080240570,2,Pitching Mound.Delivery,,Delivery,pitch.1,773264,13.4712,-69.3825,149.148,-99.0027,310.5543,142.1368,-0.2134,0.0316
1780080240570,2,Pitching Mound.Drive,,Delivery,pitch.1,774373,-0.1247,0.0577,1.6423,0.6128,-1.9202,-0.0026,0.0,0.0
1780080240570,2,Pitching Mound.Drive,,Delivery,pitch.1,774374,-0.0933,0.0583,1.3146,0.5096,-1.7719,-0.0021,0.0,0.0
1780080240570,2,Pitching Mound.Parent,,Delivery,pitch.1,772520,13.3466,-69.3248,150.7903,-98.3899,308.634,142.1342,-0.2111,0.0312
1780080240571,2,11.0000004b,Drive,Delivery,pitch.1,774375,-0.0555,0.0811,1.1605,0.5141,-1.9532,-0.0035,0.0,0.0
1780080240571,2,12.00000015,Lower Delivery,Delivery,pitch.1,773890,8.2125,-48.2072,99.2415,-260.2403,232.5024,113.3697,-0.2401,-0.2688
1780080240571,2,12.00000018,Upper Delivery,Delivery,pitch.1,775177,5.6713,-21.1653,50.9443,141.4522,76.6075,30.4387,-0.1541,0.2846
1780080240571,2,Pitching Mound.Delivery,,Delivery,pitch.1,773265,13.8838,-69.3726,150.1858,-102.3671,309.1099,142.9444,-0.211,0.0283
1780080240571,2,Pitching Mound.Drive,,Delivery,pitch.1,774375,-0.0555,0.0811,1.1605,0.5141,-1.9532,-0.0035,0.0,0.0
1780080240571,2,Pitching Mound.Parent,,Delivery,pitch.1,772521,13.7905,-69.3142,151.5004,-101.8574,307.3381,142.9423,-0.2091,0.028
1780080240572,2,11.0000004b,Drive,Delivery,pitch.1,774376,0.0914,0.1432,1.3384,0.5297,-1.9724,-0.0052,0.0,0.0
1780080240572,2,12.00000015,Lower Delivery,Delivery,pitch.1,773891,8.3038,-48.4011,99.2066,-262.7033,233.3049,113.4993,-0.241,-0.2714
1780080240572,2,12.00000018,Upper Delivery,Delivery,pitch.1,775178,5.7973,-21.4882,51.2044,139.4454,76.3049,30.6848,-0.1527,0.2791
1780080240572,2,Pitching Mound.Delivery,,Delivery,pitch.1,773266,14.1011,-69.8893,150.411,-106.9372,309.6098,143.3319,-0.211,0.0245
1780080240572,2,Pitching Mound.Drive,,Delivery,pitch.1,774376,0.0914,0.1432,1.3384,0.5297,-1.9724,-0.0052,0.0,0.0
1780080240572,2,Pitching Mound.Parent,,Delivery,pitch.1,772522,14.0456,-69.8082,151.5715,-106.4232,307.6567,143.3284,-0.2094,0.0243
1780080240573,2,11.0000004b,Drive,Delivery,pitch.1,774377,0.224,0.1921,1.5685,0.4228,-1.6029,-0.0029,0.0,0.0
1780080240573,2,12.00000015,Lower Delivery,Delivery,pitch.1,773892,8.4867,-48.4576,100.222,-264.8475,234.6321,113.8804,-0.24,-0.2709
1780080240573,2,12.00000018,Upper Delivery,Delivery,pitch.1,775179,5.8682,-21.6079,51.7928,141.0266,77.6463,30.4943,-0.1537,0.2791
1780080240573,2,Pitching Mound.Delivery,,Delivery,pitch.1,773267,14.3549,-70.0655,152.0149,-107.355,312.2783,143.4843,-0.2106,0.0248
1780080240573,2,Pitching Mound.Drive,,Delivery,pitch.1,774377,0.224,0.1921,1.5685,0.4228,-1.6029,-0.0029,0.0,0.0
1780080240573,2,Pitching Mound.Parent,,Delivery,pitch.1,772523,14.4463,-69.9223,153.3532,-106.8253,310.306,143.4791,-0.2087,0.0246
1780080240574,2,11.0000004b,Drive,Delivery,pitch.1,774378,0.3084,0.2168,1.6961,0.3289,-1.2829,-0.0005,0.0,0.0
1780080240574,2,12.00000015,Lower Delivery,Delivery,pitch.1,773893,8.3314,-48.5033,100.5592,-265.6152,235.0056,113.9924,-0.2395,-0.2707
1780080240574,2,12.00000018,Upper Delivery,Delivery,pitch.1,775180,5.7529,-22.0159,52.7465,143.4866,77.8081,30.2631,-0.1512,0.2788
1780080240574,2,Pitching Mound.Delivery,,Delivery,pitch.1,773268,14.0843,-70.5192,153.3056,-105.8722,312.8136,143.3788,-0.2091,0.0244
1780080240574,2,Pitching Mound.Drive,,Delivery,pitch.1,774378,0.3084,0.2168,1.6961,0.3289,-1.2829,-0.0005,0.0,0.0
1780080240574,2,Pitching Mound.Parent,,Delivery,pitch.1,772524,14.3083,-70.3271,154.8741,-105.4494,311.2107,143.3758,-0.207,0.0241
1780080240575,2,11.0000004b,Drive,Delivery,pitch.1,774379,0.401,0.2366,1.6705,0.197,-1.0709,0.0116,0.0,0.0
1780080240575,2,12.00000015,Lower Delivery,Delivery,pitch.1,773894,8.3812,-48.5075,101.7805,-264.5859,236.0127,113.5401,-0.2377,-0.2664
1780080240575,2,12.00000018,Upper Delivery,Delivery,pitch.1,775181,5.6839,-22.5279,53.7704,141.8391,73.5146,30.0777,-0.1401,0.2704
1780080240575,2,Pitching Mound.Delivery,,Delivery,pitch.1,773269,14.0651,-71.0354,155.5509,-106.4233,309.5273,142.7007,-0.204,0.0241
1780080240575,2,Pitching Mound.Drive,,Delivery,pitch.1,774379,0.401,0.2366,1.6705,0.197,-1.0709,0.0116,0.0,0.0
1780080240575,2,Pitching Mound.Parent,,Delivery,pitch.1,772525,14.3734,-70.8185,157.247,-106.0944,308.2444,142.7003,-0.2018,0.0238
1780080240576,2,11.0000004b,Drive,Delivery,pitch.1,774380,0.4694,0.2661,1.5962,0.1433,-0.7384,0.0334,0.0,0.0
1780080240576,2,12.00000015,Lower Delivery,Delivery,pitch.1,773895,8.1757,-48.3641,101.4317,-264.3844,235.9221,113.3737,-0.2384,-0.2672
1780080240576,2,12.00000018,Upper Delivery,Delivery,pitch.1,775182,5.648,-23.046,55.2684,142.7274,72.8981,29.8636,-0.1352,0.2647
1780080240576,2,Pitching Mound.Delivery,,Delivery,pitch.1,773270,13.8237,-71.4101,156.7001,-105.9615,308.8202,142.3778,-0.202,0.0206
1780080240576,2,Pitching Mound.Drive,,Delivery,pitch.1,774380,0.4694,0.2661,1.5962,0.1433,-0.7384,0.0334,0.0,0.0
1780080240576,2,Pitching Mound.Parent,,Delivery,pitch.1,772526,14.2247,-71.1735,158.3705,-105.7645,307.7493,142.3894,-0.1999,0.0204
1780080240577,2,11.0000004b,Drive,Delivery,pitch.1,774381,0.4951,0.2622,1.497,0.1031,-0.5587,0.028,0.0,0.0
1780080240577,2,12.00000015,Lower Delivery,Delivery,pitch.1,773896,8.0078,-48.3092,101.5467,-264.4834,237.5108,112.931,-0.2397,-0.267
1780080240577,2,12.00000018,Upper Delivery,Delivery,pitch.1,775183,5.5695,-23.8042,56.2344,144.8792,75.2645,29.8427,-0.1372,0.2641
1780080240577,2,Pitching Mound.Delivery,,Delivery,pitch.1,773271,13.5773,-72.1134,157.7812,-104.198,312.7753,141.9447,-0.2032,0.0199
1780080240577,2,Pitching Mound.Drive,,Delivery,pitch.1,774381,0.4951,0.2622,1.497,0.1031,-0.5587,0.028,0.0,0.0
1780080240577,2,Pitching Mound.Parent,,Delivery,pitch.1,772527,14.0467,-71.8473,159.3774,-104.0547,312.0369,141.9782,-0.2011,0.0197
1780080240578,2,11.0000004b,Drive,Delivery,pitch.1,774382,0.4665,0.2698,1.4112,0.0817,-0.4092,0.025,0.0,0.0
1780080240578,2,12.00000015,Lower Delivery,Delivery,pitch.1,773897,7.8248,-48.6365,100.56,-262.7536,239.381,112.2552,-0.244,-0.2678
1780080240578,2,12.00000018,Upper Delivery,Delivery,pitch.1,775184,5.457,-24.0896,57.4355,145.0356,73.5322,29.6492,-0.1312,0.2588
1780080240578,2,Pitching Mound.Delivery,,Delivery,pitch.1,773272,13.2817,-72.7261,157.9956,-103.0557,312.9132,141.0993,-0.203,0.0164
1780080240578,2,Pitching Mound.Drive,,Delivery,pitch.1,774382,0.4665,0.2698,1.4112,0.0817,-0.4092,0.025,0.0,0.0
1780080240578,2,Pitching Mound.Parent,,Delivery,pitch.1,772528,13.7769,-72.4639,159.4925,-102.9526,312.3545,141.1274,-0.2011,0.0163
1780080240579,2,11.0000004b,Drive,Delivery,pitch.1,774383,0.4653,0.2391,1.3763,0.0768,-0.4509,0.019,0.0,0.0
1780080240579,2,12.00000015,Lower Delivery,Delivery,pitch.1,773898,7.8057,-48.6794,99.4338,-262.1762,240.7343,112.2095,-0.2481,-0.2702
1780080240579,2,12.00000018,Upper Delivery,Delivery,pitch.1,775185,5.4063,-24.1247,58.4793,147.3607,72.3064,29.4284,-0.1267,0.2583
1780080240579,2,Pitching Mound.Delivery,,Delivery,pitch.1,773273,13.2119,-72.8041,157.9131,-100.891,313.0407,140.8221,-0.2032,0.0137
1780080240579,2,Pitching Mound.Drive,,Delivery,pitch.1,774383,0.4653,0.2391,1.3763,0.0768,-0.4509,0.019,0.0,0.0
1780080240579,2,Pitching Mound.Parent,,Delivery,pitch.1,772529,13.6785,-72.5343,159.3243,-100.8092,312.6315,140.847,-0.2014,0.0135
1780080240580,2,11.0000004b,Drive,Delivery,pitch.1,774384,0.4251,0.1966,1.3445,0.0529,-0.3234,0.0129,0.0,0.0
1780080240580,2,12.00000015,Lower Delivery,Delivery,pitch.1,773899,7.2851,-48.6587,100.8427,-258.7491,238.8401,112.1297,-0.2428,-0.263
1780080240580,2,12.00000018,Upper Delivery,Delivery,pitch.1,775186,5.4411,-24.1235,59.0943,150.7078,73.285,28.7896,-0.1271,0.2614
1780080240580,2,Pitching Mound.Delivery,,Delivery,pitch.1,773274,12.7261,-72.7823,159.937,-93.8469,312.1251,140.2924,-0.2,0.0195
1780080240580,2,Pitching Mound.Drive,,Delivery,pitch.1,774384,0.4251,0.1966,1.3445,0.0529,-0.3234,0.0129,0.0,0.0
1780080240580,2,Pitching Mound.Parent,,Delivery,pitch.1,772530,13.1914,-72.5432,161.3133,-93.7701,311.6742,140.3114,-0.1983,0.0193
1780080240581,2,11.0000004b,Drive,Delivery,pitch.1,774385,0.4115,0.1695,1.3676,0.0488,-0.2887,0.0218,0.0,0.0
1780080240581,2,12.00000015,Lower Delivery,Delivery,pitch.1,773900,7.7011,-49.0951,105.9178,-257.7431,241.4918,111.8743,-0.2337,-0.2494
1780080240581,2,12.00000018,Upper Delivery,Delivery,pitch.1,775187,5.5376,-24.0636,58.4065,155.5561,75.107,28.2907,-0.1318,0.273
1780080240581,2,Pitching Mound.Delivery,,Delivery,pitch.1,773275,13.2387,-73.1587,164.3243,-86.0332,316.5988,139.4294,-0.1975,0.0346
1780080240581,2,Pitching Mound.Drive,,Delivery,pitch.1,774385,0.4115,0.1695,1.3676,0.0488,-0.2887,0.0218,0.0,0.0
1780080240581,2,Pitching Mound.Parent,,Delivery,pitch.1,772531,13.6639,-72.962,165.6689,-85.9803,316.2754,139.4424,-0.1959,0.0343
1780080240582,2,11.0000004b,Drive,Delivery,pitch.1,774386,0.3536,0.1476,1.1828,0.0383,-0.2465,0.0116,0.0,0.0
1780080240582,2,12.00000015,Lower Delivery,Delivery,pitch.1,773901,7.7539,-49.4899,104.5711,-257.2007,242.2344,111.6638,-0.2374,-0.2521
1780080240582,2,12.00000018,Upper Delivery,Delivery,pitch.1,775188,5.5552,-23.9727,58.0516,158.2146,77.2901,27.7447,-0.1365,0.2793
1780080240582,2,Pitching Mound.Delivery,,Delivery,pitch.1,773276,13.3091,-73.4625,162.6227,-83.1694,319.5246,138.6609,-0.2014,0.0349
1780080240582,2,Pitching Mound.Drive,,Delivery,pitch.1,774386,0.3536,0.1476,1.1828,0.0383,-0.2465,0.0116,0.0,0.0
1780080240582,2,Pitching Mound.Parent,,Delivery,pitch.1,772532,13.7206,-73.293,163.9903,-83.1206,319.2359,138.6828,-0.1997,0.0346
1780080240583,2,11.0000004b,Drive,Delivery,pitch.1,774387,0.3025,0.1251,1.0969,0.0415,-0.1914,0.0067,0.0,0.0
1780080240583,2,12.00000015,Lower Delivery,Delivery,pitch.1,773902,7.5166,-49.5114,103.5853,-256.7826,241.9205,111.3797,-0.2394,-0.2541
1780080240583,2,12.00000018,Upper Delivery,Delivery,pitch.1,775189,5.7081,-24.0439,57.4144,162.5097,82.3862,26.9492,-0.1471,0.2901
1780080240583,2,Pitching Mound.Delivery,,Delivery,pitch.1,773277,13.2247,-73.5552,160.9997,-78.5748,324.3067,137.7139,-0.2065,0.0375
1780080240583,2,Pitching Mound.Drive,,Delivery,pitch.1,774387,0.3025,0.1251,1.0969,0.0415,-0.1914,0.0067,0.0,0.0
1780080240583,2,Pitching Mound.Parent,,Delivery,pitch.1,772533,13.5783,-73.4076,162.1825,-78.5365,324.0601,137.7255,-0.205,0.0372
1780080240584,2,11.0000004b,Drive,Delivery,pitch.1,774388,0.2706,0.1117,0.9613,0.0901,-0.418,0.0052,0.0,0.0
1780080240584,2,12.00000015,Lower Delivery,Delivery,pitch.1,773903,7.2976,-49.5637,102.343,-256.5307,241.2835,110.9833,-0.2416,-0.2569
1780080240584,2,12.00000018,Upper Delivery,Delivery,pitch.1,775190,5.8776,-23.6878,57.6638,164.8723,84.9229,26.4148,-0.1509,0.2931
1780080240584,2,Pitching Mound.Delivery,,Delivery,pitch.1,773278,13.1752,-73.2515,160.0068,-76.4674,326.2065,136.9153,-0.209,0.0362
1780080240584,2,Pitching Mound.Drive,,Delivery,pitch.1,774388,0.2706,0.1117,0.9613,0.0901,-0.418,0.0052,0.0,0.0
1780080240584,2,Pitching Mound.Parent,,Delivery,pitch.1,772534,13.4777,-73.1264,161.1037,-76.4259,326.0151,136.922,-0.2075,0.036
1780080240585,2,11.0000004b,Drive,Delivery,pitch.1,774389,0.2151,0.0946,0.8241,0.1388,-0.6591,0.0022,0.0,0.0
1780080240585,2,12.00000015,Lower Delivery,Delivery,pitch.1,773904,7.1895,-49.6588,100.8936,-256.7218,241.8345,110.7033,-0.2457,-0.2608
1780080240585,2,12.00000018,Upper Delivery,Delivery,pitch.1,775191,5.9863,-23.4925,57.0282,166.5242,87.4559,26.2236,-0.1572,0.2993
1780080240585,2,Pitching Mound.Delivery,,Delivery,pitch.1,773279,13.1758,-73.1513,157.9217,-75.2833,329.2905,136.5178,-0.2137,0.0359
1780080240585,2,Pitching Mound.Drive,,Delivery,pitch.1,774389,0.2151,0.0946,0.8241,0.1388,-0.6591,0.0022,0.0,0.0
1780080240585,2,Pitching Mound.Parent,,Delivery,pitch.1,772535,13.4465,-73.0397,158.883,-75.1931,328.8725,136.5229,-0.2124,0.0357
1780080240586,2,11.0000004b,Drive,Delivery,pitch.1,774390,0.1849,0.088,0.7036,0.133,-0.7876,0.0009,0.0,0.0
1780080240586,2,12.00000015,Lower Delivery,Delivery,pitch.1,773905,7.126,-49.6466,100.6543,-257.0703,242.0426,110.744,-0.2465,-0.2618
1780080240586,2,12.00000018,Upper Delivery,Delivery,pitch.1,775192,6.0187,-23.0042,56.8394,163.0281,87.6103,26.0981,-0.158,0.294
1780080240586,2,Pitching Mound.Delivery,,Delivery,pitch.1,773280,13.1447,-72.6508,157.4937,-79.1451,329.6529,136.4656,-0.2145,0.0334
1780080240586,2,Pitching Mound.Drive,,Delivery,pitch.1,774390,0.1849,0.088,0.7036,0.133,-0.7876,0.0009,0.0,0.0
1780080240586,2,Pitching Mound.Parent,,Delivery,pitch.1,772536,13.3599,-72.5562,158.3178,-79.0063,328.9938,136.4677,-0.2134,0.0332
1780080240587,2,12.00000015,Lower Delivery,Delivery,pitch.1,773906,7.0757,-49.7589,100.4663,-257.1249,241.6496,110.7021,-0.2465,-0.2623
1780080240587,2,12.00000018,Upper Delivery,Delivery,pitch.1,775193,6.104,-22.698,57.4718,161.3882,93.1281,26.6988,-0.1661,0.2878
1780080240587,2,Pitching Mound.Delivery,,Delivery,pitch.1,773281,13.1798,-72.4569,157.938,-81.1185,334.7777,137.0706,-0.2173,0.0304
1780080240587,2,Pitching Mound.Parent,,Delivery,pitch.1,772537,13.3647,-72.3688,158.6416,-80.9855,333.99,137.0715,-0.2163,0.0303
1780080240588,2,11.0000004b,Drive,Delivery,pitch.1,774392,0.1148,0.08,0.8893,0.2928,-1.4802,-0.0042,0.0,0.0
1780080240588,2,11.0000004b,Drive,Delivery,pitch.1,774391,0.1385,0.0848,0.8867,0.2607,-1.2512,-0.0033,0.0,0.0
1780080240588,2,12.00000015,Lower Delivery,Delivery,pitch.1,773907,6.9436,-49.7629,99.489,-258.8154,241.1033,110.4452,-0.2484,-0.2666
1780080240588,2,12.00000018,Upper Delivery,Delivery,pitch.1,775194,6.1701,-22.4563,57.5622,160.8968,93.6076,26.983,-0.1667,0.2865
1780080240588,2,Pitching Mound.Delivery,,Delivery,pitch.1,773282,13.1137,-72.2192,157.0512,-83.6635,334.7109,137.1653,-0.2184,0.0269
1780080240588,2,Pitching Mound.Drive,,Delivery,pitch.1,774392,0.1148,0.08,0.8893,0.2928,-1.4802,-0.0042,0.0,0.0
1780080240588,2,Pitching Mound.Drive,,Delivery,pitch.1,774391,0.1385,0.0848,0.8867,0.2607,-1.2512,-0.0033,0.0,0.0
1780080240588,2,Pitching Mound.Parent,,Delivery,pitch.1,772538,13.2522,-72.1343,157.9378,-83.4029,333.4596,137.162,-0.2172,0.0267
1780080240589,2,11.0000004b,Drive,Delivery,pitch.1,774393,0.0925,0.0785,0.9106,0.3489,-1.5491,-0.0055,0.0,0.0
1780080240589,2,12.00000015,Lower Delivery,Delivery,pitch.1,773908,7.0598,-49.7755,100.3097,-262.5757,240.0015,110.3039,-0.2452,-0.2683
1780080240589,2,12.00000018,Upper Delivery,Delivery,pitch.1,775195,6.1582,-22.445,57.8306,162.8604,93.551,27.1866,-0.1658,0.2886
1780080240589,2,Pitching Mound.Delivery,,Delivery,pitch.1,773283,13.218,-72.2205,158.1403,-85.2724,333.5525,137.184,-0.2162,0.0267
1780080240589,2,Pitching Mound.Drive,,Delivery,pitch.1,774393,0.0925,0.0785,0.9106,0.3489,-1.5491,-0.0055,0.0,0.0
1780080240589,2,Pitching Mound.Parent,,Delivery,pitch.1,772539,13.3328,-72.1405,159.0297,-84.9795,332.0723,137.1798,-0.215,0.0266
1780080240590,2,11.0000004b,Drive,Delivery,pitch.1,774394,0.0634,0.0715,0.9245,0.3576,-1.6243,-0.0065,0.0,0.0
1780080240590,2,12.00000015,Lower Delivery,Delivery,pitch.1,773909,6.7418,-49.4621,98.6023,-263.3409,239.1831,110.4698,-0.2486,-0.2737
1780080240590,2,12.00000018,Upper Delivery,Delivery,pitch.1,775196,6.1243,-22.4353,57.952,163.0574,93.6735,27.2983,-0.1657,0.2884
1780080240590,2,Pitching Mound.Delivery,,Delivery,pitch.1,773284,12.8661,-71.8973,156.5543,-86.4624,332.8566,137.5581,-0.2179,0.0226
1780080240590,2,Pitching Mound.Drive,,Delivery,pitch.1,774394,0.0634,0.0715,0.9245,0.3576,-1.6243,-0.0065,0.0,0.0
1780080240590,2,Pitching Mound.Parent,,Delivery,pitch.1,772540,12.9586,-71.8189,157.465,-86.1135,331.3075,137.5526,-0.2167,0.0225
1780080240591,2,11.0000004b,Drive,Delivery,pitch.1,774395,0.0529,0.0739,0.973,0.3633,-1.6566,-0.007,0.0,0.0
1780080240591,2,12.00000015,Lower Delivery,Delivery,pitch.1,773910,6.6416,-49.1753,99.0162,-264.9073,236.5316,110.3702,-0.2448,-0.2742
1780080240591,2,12.00000018,Upper Delivery,Delivery,pitch.1,775197,6.0788,-22.3744,58.5111,165.23,97.2025,28.1701,-0.1703,0.2894
1780080240591,2,Pitching Mound.Delivery,,Delivery,pitch.1,773285,12.7203,-71.5498,157.5273,-85.9055,333.7341,138.349,-0.2171,0.0226
1780080240591,2,Pitching Mound.Drive,,Delivery,pitch.1,774395,0.0529,0.0739,0.973,0.3633,-1.6566,-0.007,0.0,0.0
1780080240591,2,Pitching Mound.Parent,,Delivery,pitch.1,772541,12.7837,-71.4782,158.4518,-85.5479,332.1098,138.3424,-0.2159,0.0224
1780080240592,2,11.0000004b,Drive,Delivery,pitch.1,774396,0.0371,0.0754,0.9948,0.395,-1.7372,-0.0077,0.0,0.0
1780080240592,2,12.00000015,Lower Delivery,Delivery,pitch.1,773911,6.7174,-48.9149,99.5263,-264.1964,234.9326,110.5809,-0.2419,-0.2721
1780080240592,2,12.00000018,Upper Delivery,Delivery,pitch.1,775198,6.0127,-22.8158,59.2275,168.282,99.5087,28.048,-0.1722,0.2912
1780080240592,2,Pitching Mound.Delivery,,Delivery,pitch.1,773286,12.73,-71.7306,158.7539,-82.2128,334.4413,138.3894,-0.2159,0.0244
1780080240592,2,Pitching Mound.Drive,,Delivery,pitch.1,774396,0.0371,0.0754,0.9948,0.395,-1.7372,-0.0077,0.0,0.0
1780080240592,2,Pitching Mound.Parent,,Delivery,pitch.1,772542,12.783,-71.6567,159.7268,-81.8495,332.7847,138.3824,-0.2146,0.0242
1780080240593,2,11.0000004b,Drive,Delivery,pitch.1,774397,0.0484,0.0781,0.9399,0.3611,-1.6968,-0.0071,0.0,0.0
1780080240593,2,12.00000015,Lower Delivery,Delivery,pitch.1,773912,6.7062,-48.7421,100.1301,-264.0648,232.0023,111.0002,-0.2375,-0.2703
1780080240593,2,12.00000018,Upper Delivery,Delivery,pitch.1,775199,5.7508,-23.3222,59.423,173.228,100.7024,28.1769,-0.1737,0.2988
1780080240593,2,Pitching Mound.Delivery,,Delivery,pitch.1,773287,12.457,-72.0642,159.5531,-76.9963,332.7048,138.8523,-0.2137,0.0284
1780080240593,2,Pitching Mound.Drive,,Delivery,pitch.1,774397,0.0484,0.0781,0.9399,0.3611,-1.6968,-0.0071,0.0,0.0
1780080240593,2,Pitching Mound.Parent,,Delivery,pitch.1,772543,12.4941,-71.9888,160.5479,-76.6013,330.9676,138.8446,-0.2124,0.0282
1780080240594,2,11.0000004b,Drive,Delivery,pitch.1,774398,0.0575,0.0832,0.9357,0.3383,-1.6659,-0.0062,0.0,0.0
1780080240594,2,12.00000015,Lower Delivery,Delivery,pitch.1,773913,6.694,-48.6846,101.6169,-262.4701,230.1774,110.818,-0.2322,-0.2647
1780080240594,2,12.00000018,Upper Delivery,Delivery,pitch.1,775200,5.64,-23.8069,60.3531,175.222,102.7913,28.1832,-0.1746,0.2976
1780080240594,2,Pitching Mound.Delivery,,Delivery,pitch.1,773288,12.3341,-72.4916,161.9701,-73.2184,332.9687,138.6428,-0.2107,0.0314
1780080240594,2,Pitching Mound.Drive,,Delivery,pitch.1,774398,0.0575,0.0832,0.9357,0.3383,-1.6659,-0.0062,0.0,0.0
1780080240594,2,Pitching Mound.Parent,,Delivery,pitch.1,772544,12.3824,-72.4134,162.91,-72.8573,331.2719,138.6357,-0.2095,0.0312
1780080240595,2,11.0000004b,Drive,Delivery,pitch.1,774399,0.0731,0.0898,1.0489,0.2594,-1.3666,-0.003,0.0,0.0
1780080240595,2,12.00000015,Lower Delivery,Delivery,pitch.1,773914,6.826,-48.7675,100.8724,-261.3486,229.257,110.5906,-0.2329,-0.2656
1780080240595,2,12.00000018,Upper Delivery,Delivery,pitch.1,775201,5.4583,-24.2035,61.1622,177.4491,103.796,28.0779,-0.1739,0.2974
1780080240595,2,Pitching Mound.Delivery,,Delivery,pitch.1,773289,12.2844,-72.971,162.0345,-70.3981,333.0529,138.2035,-0.2107,0.0303
1780080240595,2,Pitching Mound.Drive,,Delivery,pitch.1,774399,0.0731,0.0898,1.0489,0.2594,-1.3666,-0.003,0.0,0.0
1780080240595,2,Pitching Mound.Parent,,Delivery,pitch.1,772545,12.3419,-72.8878,162.9702,-70.0598,331.3871,138.1973,-0.2095,0.0301
1780080240596,2,11.0000004b,Drive,Delivery,pitch.1,774400,0.1146,0.0974,1.1595,0.2322,-1.1851,0.0043,0.0,0.0
1780080240596,2,12.00000015,Lower Delivery,Delivery,pitch.1,773915,6.8429,-48.8962,100.6967,-260.9472,227.9126,110.2144,-0.232,-0.2656
1780080240596,2,12.00000018,Upper Delivery,Delivery,pitch.1,775202,5.413,-24.7631,61.2543,179.7858,102.2456,27.8873,-0.1711,0.3008
1780080240596,2,Pitching Mound.Delivery,,Delivery,pitch.1,773290,12.2559,-73.6593,161.951,-67.751,330.1582,137.6155,-0.2089,0.0314
1780080240596,2,Pitching Mound.Drive,,Delivery,pitch.1,774400,0.1146,0.0974,1.1595,0.2322,-1.1851,0.0043,0.0,0.0
1780080240596,2,Pitching Mound.Parent,,Delivery,pitch.1,772546,12.329,-73.5696,162.9999,-67.4916,328.7917,137.6125,-0.2076,0.0312
1780080240597,2,11.0000004b,Drive,Delivery,pitch.1,774401,0.1497,0.1043,1.1717,0.2188,-1.1164,0.0097,0.0,0.0
1780080240597,2,12.00000015,Lower Delivery,Delivery,pitch.1,773916,6.7251,-49.0042,101.1521,-260.4855,225.9987,109.7138,-0.229,-0.2639
1780080240597,2,12.00000018,Upper Delivery,Delivery,pitch.1,775203,5.3229,-24.4704,62.1903,177.2381,99.6574,27.7351,-0.1642,0.2921
1780080240597,2,Pitching Mound.Delivery,,Delivery,pitch.1,773291,12.048,-73.4745,163.3425,-70.0004,325.6561,136.9721,-0.2043,0.0289
1780080240597,2,Pitching Mound.Drive,,Delivery,pitch.1,774401,0.1497,0.1043,1.1717,0.2188,-1.1164,0.0097,0.0,0.0
1780080240597,2,Pitching Mound.Parent,,Delivery,pitch.1,772547,12.1626,-73.3771,164.502,-69.7682,324.471,136.9765,-0.2029,0.0287
1780080240598,2,11.0000004b,Drive,Delivery,pitch.1,774402,0.1854,0.1071,1.0709,0.1916,-1.0111,0.0167,0.0,0.0
1780080240598,2,12.00000015,Lower Delivery,Delivery,pitch.1,773917,6.5768,-48.9726,101.9566,-259.9003,224.2617,109.1509,-0.2254,-0.2613
1780080240598,2,12.00000018,Upper Delivery,Delivery,pitch.1,775204,5.2502,-24.4671,62.2618,177.125,99.156,27.6184,-0.1632,0.2916
1780080240598,2,Pitching Mound.Delivery,,Delivery,pitch.1,773292,11.827,-73.4397,164.2185,-69.2791,323.4177,136.3183,-0.2019,0.0305
1780080240598,2,Pitching Mound.Drive,,Delivery,pitch.1,774402,0.1854,0.1071,1.0709,0.1916,-1.0111,0.0167,0.0,0.0
1780080240598,2,Pitching Mound.Parent,,Delivery,pitch.1,772548,11.9767,-73.3354,165.3901,-69.0603,322.3012,136.328,-0.2004,0.0303
1780080240599,2,11.0000004b,Drive,Delivery,pitch.1,774403,0.2364,0.1229,1.0927,0.1322,-0.7561,0.015,0.0,0.0
1780080240599,2,12.00000015,Lower Delivery,Delivery,pitch.1,773918,6.4005,-48.9958,102.3544,-259.7572,222.3485,108.5821,-0.2227,-0.2601
1780080240599,2,12.00000018,Upper Delivery,Delivery,pitch.1,775205,5.1879,-24.5135,62.5689,173.6987,99.0582,26.8878,-0.1623,0.2845
1780080240599,2,Pitching Mound.Delivery,,Delivery,pitch.1,773293,11.5885,-73.5093,164.9233,-72.5315,321.4067,135.0576,-0.1997,0.0285
1780080240599,2,Pitching Mound.Drive,,Delivery,pitch.1,774403,0.2364,0.1229,1.0927,0.1322,-0.7561,0.015,0.0,0.0
1780080240599,2,Pitching Mound.Parent,,Delivery,pitch.1,772549,11.7739,-73.4023,165.9943,-72.3399,320.3956,135.0743,-0.1985,0.0284
1780080240600,2,11.0000004b,Drive,Delivery,pitch.1,774404,0.2773,0.1387,1.3427,0.1889,-0.743,0.0063,0.0,0.0
1780080240600,2,12.00000015,Lower Delivery,Delivery,pitch.1,773919,6.2904,-48.9889,103.2244,-259.0017,220.4789,108.0128,-0.2189,-0.2572
1780080240600,2,12.00000018,Upper Delivery,Delivery,pitch.1,775206,5.058,-24.3279,63.1765,169.0994,96.9777,26.3475,-0.1573,0.2743
1780080240600,2,Pitching Mound.Delivery,,Delivery,pitch.1,773294,11.3485,-73.3168,166.4009,-76.286,317.4566,133.9413,-0.1955,0.0265
1780080240600,2,Pitching Mound.Drive,,Delivery,pitch.1,774404,0.2773,0.1387,1.3427,0.1889,-0.743,0.0063,0.0,0.0
1780080240600,2,Pitching Mound.Parent,,Delivery,pitch.1,772550,11.5849,-73.1939,167.4935,-76.1539,316.7005,133.9563,-0.1943,0.0263
1780080240601,2,11.0000004b,Drive,Delivery,pitch.1,774405,0.2958,0.1428,1.3545,0.1338,-0.5542,0.0045,0.0,0.0
1780080240601,2,12.00000015,Lower Delivery,Delivery,pitch.1,773920,6.2438,-49.0076,104.2887,-257.9541,219.1608,107.1896,-0.2154,-0.2535
1780080240601,2,12.00000018,Upper Delivery,Delivery,pitch.1,775207,4.9257,-24.1013,63.2993,166.4161,95.2487,26.0507,-0.1542,0.2695
1780080240601,2,Pitching Mound.Delivery,,Delivery,pitch.1,773295,11.1695,-73.1089,167.588,-77.6016,314.4095,132.7922,-0.1923,0.0272
1780080240601,2,Pitching Mound.Drive,,Delivery,pitch.1,774405,0.2958,0.1428,1.3545,0.1338,-0.5542,0.0045,0.0,0.0
1780080240601,2,Pitching Mound.Parent,,Delivery,pitch.1,772551,11.4468,-72.9703,168.9307,-77.4127,313.6665,132.7984,-0.1908,0.027
1780080240602,2,11.0000004b,Drive,Delivery,pitch.1,774406,0.3136,0.1456,1.3829,0.0924,-0.3563,0.0055,0.0,0.0
1780080240602,2,12.00000015,Lower Delivery,Delivery,pitch.1,773921,6.102,-49.1331,103.5196,-257.6196,219.9963,106.3406,-0.2178,-0.2551
1780080240602,2,12.00000018,Upper Delivery,Delivery,pitch.1,775208,4.6184,-23.9647,63.2336,162.2913,90.8693,25.9853,-0.1473,0.2631
1780080240602,2,Pitching Mound.Delivery,,Delivery,pitch.1,773296,10.7204,-73.0978,166.7532,-81.6311,310.8656,131.8215,-0.1911,0.0235
1780080240602,2,Pitching Mound.Drive,,Delivery,pitch.1,774406,0.3136,0.1456,1.3829,0.0924,-0.3563,0.0055,0.0,0.0
1780080240602,2,Pitching Mound.Parent,,Delivery,pitch.1,772552,11.0162,-72.9551,168.1077,-81.4972,310.3114,131.826,-0.1895,0.0234
1780080240603,2,11.0000004b,Drive,Delivery,pitch.1,774407,0.3172,0.1396,1.3264,0.0949,-0.3531,0.0037,0.0,0.0
1780080240603,2,12.00000015,Lower Delivery,Delivery,pitch.1,773922,5.5402,-49.0078,102.8051,-257.6857,218.6134,105.8494,-0.218,-0.2569
1780080240603,2,12.00000018,Upper Delivery,Delivery,pitch.1,775209,4.6761,-23.3024,62.2122,161.3313,85.8083,25.872,-0.1414,0.2658
1780080240603,2,Pitching Mound.Delivery,,Delivery,pitch.1,773297,10.2163,-72.3102,165.0173,-82.5528,304.4217,131.4276,-0.1891,0.0238
1780080240603,2,Pitching Mound.Drive,,Delivery,pitch.1,774407,0.3172,0.1396,1.3264,0.0949,-0.3531,0.0037,0.0,0.0
1780080240603,2,Pitching Mound.Parent,,Delivery,pitch.1,772553,10.5299,-72.1646,166.4002,-82.4604,304.0655,131.4331,-0.1875,0.0236
1780080240604,2,11.0000004b,Drive,Delivery,pitch.1,774408,0.3113,0.1358,1.2947,0.0972,-0.4519,0.0066,0.0,0.0
1780080240604,2,12.00000015,Lower Delivery,Delivery,pitch.1,773923,5.4024,-49.1293,102.2748,-256.0617,220.0085,104.8202,-0.2205,-0.2566
1780080240604,2,12.00000018,Upper Delivery,Delivery,pitch.1,775210,4.7858,-22.9238,61.5222,159.8298,84.2903,25.85,-0.1404,0.2663
1780080240604,2,Pitching Mound.Delivery,,Delivery,pitch.1,773298,10.1883,-72.0531,163.797,-82.3761,304.2989,130.4605,-0.1904,0.0244
1780080240604,2,Pitching Mound.Drive,,Delivery,pitch.1,774408,0.3113,0.1358,1.2947,0.0972,-0.4519,0.0066,0.0,0.0
1780080240604,2,Pitching Mound.Parent,,Delivery,pitch.1,772554,10.5055,-71.9135,165.1234,-82.2812,303.9457,130.4642,-0.1889,0.0242
1780080240605,2,11.0000004b,Drive,Delivery,pitch.1,774409,0.3198,0.1373,1.2976,0.0877,-0.3109,0.007,0.0,0.0
1780080240605,2,12.00000015,Lower Delivery,Delivery,pitch.1,773924,5.1086,-49.0411,100.4922,-254.7478,221.0835,103.834,-0.2255,-0.2598
1780080240605,2,12.00000015,Lower Delivery,Delivery,pitch.1,773925,4.9827,-49.2078,100.2389,-253.0219,220.6385,103.2578,-0.2256,-0.2587
1780080240605,2,12.00000018,Upper Delivery,Delivery,pitch.1,775211,5.0254,-22.5107,61.1772,158.7227,81.6626,25.7189,-0.1368,0.2659
1780080240605,2,Pitching Mound.Delivery,,Delivery,pitch.1,773299,10.134,-71.5518,161.6694,-82.658,302.7461,129.5246,-0.1919,0.0218
1780080240605,2,Pitching Mound.Drive,,Delivery,pitch.1,774409,0.3198,0.1373,1.2976,0.0877,-0.3109,0.007,0.0,0.0
1780080240605,2,Pitching Mound.Parent,,Delivery,pitch.1,772555,10.4453,-71.416,162.9642,-82.5608,302.2942,129.5312,-0.1904,0.0216
1780080240606,2,11.0000004b,Drive,Delivery,pitch.1,774410,0.3325,0.1418,1.3243,0.1061,-0.5566,0.0034,0.0,0.0
1780080240606,2,12.00000018,Upper Delivery,Delivery,pitch.1,775212,5.0758,-22.552,60.9806,160.6718,82.2952,25.8718,-0.1383,0.2701
1780080240606,2,Pitching Mound.Delivery,,Delivery,pitch.1,773300,10.0585,-71.7598,161.2195,-79.0022,302.9337,129.1612,-0.1926,0.0241
1780080240606,2,Pitching Mound.Drive,,Delivery,pitch.1,774410,0.3325,0.1418,1.3243,0.1061,-0.5566,0.0034,0.0,0.0
1780080240606,2,Pitching Mound.Parent,,Delivery,pitch.1,772556,10.3783,-71.6226,162.5171,-78.9145,302.6228,129.1682,-0.1911,0.0239
1780080240607,2,11.0000004b,Drive,Delivery,pitch.1,774411,0.3182,0.1387,1.3122,0.1211,-0.7651,0.0039,0.0,0.0
1780080240607,2,12.00000015,Lower Delivery,Delivery,pitch.1,773926,4.8631,-49.3337,99.5418,-251.1159,219.8945,102.7554,-0.2264,-0.2586
1780080240607,2,12.00000015,Lower Delivery,Delivery,pitch.1,773927,4.7661,-49.3852,99.2408,-249.3665,218.2146,102.2682,-0.2254,-0.2575
1780080240607,2,12.00000018,Upper Delivery,Delivery,pitch.1,775213,5.1773,-22.579,60.7912,162.8765,84.477,25.9465,-0.1424,0.2746
1780080240607,2,Pitching Mound.Delivery,,Delivery,pitch.1,773301,10.0404,-71.9127,160.3331,-75.0642,304.3715,128.8088,-0.1946,0.0258
1780080240607,2,Pitching Mound.Drive,,Delivery,pitch.1,774411,0.3182,0.1387,1.3122,0.1211,-0.7651,0.0039,0.0,0.0
1780080240607,2,Pitching Mound.Parent,,Delivery,pitch.1,772557,10.3729,-71.771,161.6574,-74.9582,303.8148,128.8122,-0.193,0.0256
1780080240608,2,11.0000004b,Drive,Delivery,pitch.1,774412,0.3064,0.1351,1.3225,0.1157,-0.708,0.0026,0.0,0.0
1780080240608,2,12.00000015,Lower Delivery,Delivery,pitch.1,773928,4.5907,-49.237,99.7356,-248.3157,217.5982,101.5466,-0.2236,-0.2552
1780080240608,2,12.00000018,Upper Delivery,Delivery,pitch.1,775214,5.2249,-22.3005,59.8874,162.5411,83.9841,25.7561,-0.1437,0.2782
1780080240608,2,Pitching Mound.Delivery,,Delivery,pitch.1,773302,9.991,-71.6856,159.1282,-73.4452,302.1987,128.1804,-0.1946,0.0282
1780080240608,2,Pitching Mound.Drive,,Delivery,pitch.1,774412,0.3064,0.1351,1.3225,0.1157,-0.708,0.0026,0.0,0.0
1780080240608,2,Pitching Mound.Parent,,Delivery,pitch.1,772558,10.3092,-71.5469,160.4404,-73.3241,301.4336,128.1843,-0.1931,0.0279
1780080240609,2,11.0000004b,Drive,Delivery,pitch.1,774413,0.2786,0.1253,1.2342,0.1258,-0.8909,0.0031,0.0,0.0
1780080240609,2,12.00000018,Upper Delivery,Delivery,pitch.1,775215,5.2881,-22.1866,59.8905,163.9772,84.0365,25.6223,-0.1438,0.2806
1780080240609,2,Pitching Mound.Delivery,,Delivery,pitch.1,773303,9.8788,-71.4236,159.6261,-70.7912,301.6347,127.406,-0.1937,0.0307
1780080240609,2,Pitching Mound.Drive,,Delivery,pitch.1,774413,0.2786,0.1253,1.2342,0.1258,-0.8909,0.0031,0.0,0.0
1780080240609,2,Pitching Mound.Parent,,Delivery,pitch.1,772559,10.1851,-71.2885,160.9486,-70.6755,300.9267,127.4086,-0.1921,0.0305
1780080240610,2,11.0000004b,Drive,Delivery,pitch.1,774414,0.258,0.1139,1.1165,0.1173,-0.8405,0.0025,0.0,0.0
1780080240610,2,12.00000015,Lower Delivery,Delivery,pitch.1,773929,4.4444,-49.2918,98.4583,-245.8841,216.4607,101.3545,-0.2253,-0.256
1780080240610,2,12.00000018,Upper Delivery,Delivery,pitch.1,775216,5.371,-21.9518,59.8402,165.3788,84.3218,25.3773,-0.1444,0.2833
1780080240610,2,Pitching Mound.Delivery,,Delivery,pitch.1,773304,9.8154,-71.2436,158.2985,-67.3751,300.7825,127.0469,-0.1948,0.0308
1780080240610,2,Pitching Mound.Drive,,Delivery,pitch.1,774414,0.258,0.1139,1.1165,0.1173,-0.8405,0.0025,0.0,0.0
1780080240610,2,Pitching Mound.Parent,,Delivery,pitch.1,772560,10.0941,-71.1183,159.5327,-67.2493,299.8916,127.05,-0.1932,0.0306
1780080240611,2,11.0000004b,Drive,Delivery,pitch.1,774415,0.2204,0.1037,0.9786,0.1253,-0.8866,0.0013,0.0,0.0
1780080240611,2,12.00000015,Lower Delivery,Delivery,pitch.1,773930,4.3913,-49.3236,98.4089,-244.6926,214.8927,101.1153,-0.2238,-0.2549
1780080240611,2,12.00000015,Lower Delivery,Delivery,pitch.1,773931,4.1786,-49.2429,98.5231,-244.8033,212.7477,100.0627,-0.2213,-0.2547
1780080240611,2,12.00000018,Upper Delivery,Delivery,pitch.1,775217,5.5137,-21.8302,59.439,162.5731,85.3133,25.0796,-0.1471,0.2803
1780080240611,2,Pitching Mound.Delivery,,Delivery,pitch.1,773305,9.905,-71.1539,157.8479,-68.8697,300.206,126.5765,-0.1949,0.0306
1780080240611,2,Pitching Mound.Drive,,Delivery,pitch.1,774415,0.2204,0.1037,0.9786,0.1253,-0.8866,0.0013,0.0,0.0
1780080240611,2,Pitching Mound.Parent,,Delivery,pitch.1,772561,10.163,-71.04,158.9644,-68.7525,299.3655,126.5789,-0.1936,0.0304
1780080240612,2,11.0000004b,Drive,Delivery,pitch.1,774416,0.1833,0.0843,0.8971,0.1456,-0.9212,0.0012,0.0,0.0
1780080240612,2,12.00000015,Lower Delivery,Delivery,pitch.1,773932,4.0417,-49.1525,99.1637,-244.7867,211.74,99.1932,-0.2189,-0.253
1780080240612,2,12.00000018,Upper Delivery,Delivery,pitch.1,775218,5.6684,-21.6861,60.2526,164.8693,87.2647,25.0712,-0.1484,0.2805
1780080240612,2,Pitching Mound.Delivery,,Delivery,pitch.1,773306,9.847,-70.929,158.7757,-66.922,300.0124,125.6404,-0.1937,0.0304
1780080240612,2,Pitching Mound.Drive,,Delivery,pitch.1,774416,0.1833,0.0843,0.8971,0.1456,-0.9212,0.0012,0.0,0.0
1780080240612,2,Pitching Mound.Parent,,Delivery,pitch.1,772562,10.0674,-70.8253,159.7543,-66.7967,299.1258,125.6417,-0.1925,0.0302
1780080240613,2,11.0000004b,Drive,Delivery,pitch.1,774417,0.15,0.0752,0.8637,0.1625,-0.9265,0.0014,0.0,0.0
1780080240613,2,12.00000015,Lower Delivery,Delivery,pitch.1,773933,3.6533,-49.0486,97.4327,-244.8468,210.3277,98.4455,-0.2213,-0.2576
1780080240613,2,12.00000018,Upper Delivery,Delivery,pitch.1,775219,5.5898,-21.4971,58.8395,160.5734,86.8737,25.0084,-0.1513,0.2797
1780080240613,2,Pitching Mound.Delivery,,Delivery,pitch.1,773307,9.6315,-70.6495,158.0032,-70.503,298.6137,124.728,-0.1937,0.0321
1780080240613,2,Pitching Mound.Drive,,Delivery,pitch.1,774417,0.15,0.0752,0.8637,0.1625,-0.9265,0.0014,0.0,0.0
1780080240613,2,Pitching Mound.Parent,,Delivery,pitch.1,772563,9.8148,-70.5653,158.9003,-70.3574,297.6925,124.7291,-0.1926,0.032
1780080240614,2,11.0000004b,Drive,Delivery,pitch.1,774418,0.098,0.0621,0.8243,0.1812,-0.8991,0.0013,0.0,0.0
1780080240614,2,12.00000018,Upper Delivery,Delivery,pitch.1,775220,5.404,-21.3629,60.1172,161.5577,89.9613,25.0502,-0.1534,0.2754
1780080240614,2,Pitching Mound.Delivery,,Delivery,pitch.1,773308,9.0572,-70.4115,157.5499,-70.6018,300.2891,124.091,-0.1954,0.0263
1780080240614,2,Pitching Mound.Drive,,Delivery,pitch.1,774418,0.098,0.0621,0.8243,0.1812,-0.8991,0.0013,0.0,0.0
1780080240614,2,Pitching Mound.Parent,,Delivery,pitch.1,772564,9.2072,-70.3363,158.4136,-70.4393,299.3625,124.0924,-0.1943,0.0262
1780080240615,2,11.0000004b,Drive,Delivery,pitch.1,774419,0.0861,0.0638,0.943,0.1334,-0.6206,0.0028,0.0,0.0
1780080240615,2,12.00000015,Lower Delivery,Delivery,pitch.1,773934,3.4498,-49.0371,97.8824,-245.47,207.9847,97.477,-0.2178,-0.257
1780080240615,2,12.00000015,Lower Delivery,Delivery,pitch.1,773935,3.211,-48.8414,96.9622,-245.3989,207.1012,96.88,-0.2189,-0.2594
1780080240615,2,12.00000018,Upper Delivery,Delivery,pitch.1,775221,5.1183,-21.1073,60.1,157.4149,87.1487,24.8722,-0.1486,0.2685
1780080240615,2,Pitching Mound.Delivery,,Delivery,pitch.1,773309,8.5681,-70.1444,157.9823,-75.2091,295.1334,122.9165,-0.1915,0.0242
1780080240615,2,Pitching Mound.Drive,,Delivery,pitch.1,774419,0.0861,0.0638,0.943,0.1334,-0.6206,0.0028,0.0,0.0
1780080240615,2,Pitching Mound.Parent,,Delivery,pitch.1,772565,8.6661,-70.0823,158.8066,-75.0279,294.2343,122.9178,-0.1905,0.0241
1780080240616,2,11.0000004b,Drive,Delivery,pitch.1,774420,0.0567,0.057,0.9269,0.107,-0.4677,0.0033,0.0,0.0
1780080240616,2,12.00000018,Upper Delivery,Delivery,pitch.1,775222,5.1682,-21.1042,60.0719,159.1838,87.7545,24.5423,-0.1497,0.2716
1780080240616,2,Pitching Mound.Delivery,,Delivery,pitch.1,773310,8.3792,-69.9456,157.0342,-73.6725,294.8557,122.0877,-0.1925,0.0236
1780080240616,2,Pitching Mound.Drive,,Delivery,pitch.1,774420,0.0567,0.057,0.9269,0.107,-0.4677,0.0033,0.0,0.0
1780080240616,2,Pitching Mound.Parent,,Delivery,pitch.1,772566,8.4654,-69.8819,157.9772,-73.539,294.2351,122.0906,-0.1913,0.0235
1780080240617,2,11.0000004b,Drive,Delivery,pitch.1,774421,0.0592,0.0563,0.8737,0.0685,-0.4011,0.0039,0.0,0.0
1780080240617,2,12.00000015,Lower Delivery,Delivery,pitch.1,773936,2.9379,-48.7246,96.825,-244.7623,205.5819,95.9048,-0.2176,-0.2591
1780080240617,2,12.00000015,Lower Delivery,Delivery,pitch.1,773937,2.768,-48.5667,96.6068,-243.1824,203.7308,95.1953,-0.2161,-0.258
1780080240617,2,12.00000018,Upper Delivery,Delivery,pitch.1,775223,4.8854,-21.1643,59.3984,158.6553,89.6603,24.1018,-0.1547,0.2738
1780080240617,2,Pitching Mound.Delivery,,Delivery,pitch.1,773311,7.8233,-69.8889,156.2234,-73.382,295.2422,120.6687,-0.1937,0.025
1780080240617,2,Pitching Mound.Drive,,Delivery,pitch.1,774421,0.0592,0.0563,0.8737,0.0685,-0.4011,0.0039,0.0,0.0
1780080240617,2,Pitching Mound.Parent,,Delivery,pitch.1,772567,7.88,-69.8318,157.1503,-73.275,294.7744,120.672,-0.1926,0.0248
1780080240618,2,11.0000004b,Drive,Delivery,pitch.1,774422,0.0727,0.0618,0.9439,0.0782,-0.4308,0.0034,0.0,0.0
1780080240618,2,12.00000015,Lower Delivery,Delivery,pitch.1,773938,2.6696,-48.3115,96.5409,-242.2324,202.4018,94.6186,-0.2149,-0.2572
1780080240618,2,12.00000018,Upper Delivery,Delivery,pitch.1,775224,4.9405,-20.9491,58.8347,159.4,91.1856,23.6007,-0.1589,0.2777
1780080240618,2,Pitching Mound.Delivery,,Delivery,pitch.1,773312,7.7085,-69.5158,155.4415,-70.9399,294.9164,119.5346,-0.1945,0.0274
1780080240618,2,Pitching Mound.Drive,,Delivery,pitch.1,774422,0.0727,0.0618,0.9439,0.0782,-0.4308,0.0034,0.0,0.0
1780080240618,2,Pitching Mound.Parent,,Delivery,pitch.1,772568,7.7677,-69.4595,156.3151,-70.8714,294.5152,119.5385,-0.1934,0.0272
1780080240619,2,11.0000004b,Drive,Delivery,pitch.1,774423,0.0876,0.0692,1.0047,0.1034,-0.4819,0.0031,0.0,0.0
1780080240619,2,12.00000015,Lower Delivery,Delivery,pitch.1,773939,2.5987,-48.1127,96.2701,-239.8009,200.5018,94.1845,-0.2135,-0.2553
1780080240619,2,12.00000018,Upper Delivery,Delivery,pitch.1,775225,4.8156,-20.6139,58.7447,161.5768,91.3775,23.2429,-0.1594,0.2819
1780080240619,2,Pitching Mound.Delivery,,Delivery,pitch.1,773313,7.4851,-68.9254,155.2857,-67.8049,293.7793,118.5911,-0.1939,0.0295
1780080240619,2,Pitching Mound.Drive,,Delivery,pitch.1,774423,0.0876,0.0692,1.0047,0.1034,-0.4819,0.0031,0.0,0.0
1780080240619,2,Pitching Mound.Parent,,Delivery,pitch.1,772569,7.5578,-68.8637,156.2296,-67.7266,293.3485,118.5945,-0.1927,0.0293
1780080240620,2,11.0000004b,Drive,Delivery,pitch.1,774424,0.0984,0.0689,0.997,0.0836,-0.4683,0.0024,0.0,0.0
1780080240620,2,12.00000015,Lower Delivery,Delivery,pitch.1,773940,2.4823,-47.8903,95.9949,-237.8688,198.8028,93.7415,-0.2123,-0.254
1780080240620,2,12.00000018,Upper Delivery,Delivery,pitch.1,775226,4.7369,-20.3699,57.8517,161.3193,90.4073,22.4295,-0.1602,0.2858
1780080240620,2,Pitching Mound.Delivery,,Delivery,pitch.1,773314,7.3357,-68.4826,154.1218,-65.4194,290.9091,117.341,-0.1935,0.0326
1780080240620,2,Pitching Mound.Drive,,Delivery,pitch.1,774424,0.0984,0.0689,0.997,0.0836,-0.4683,0.0024,0.0,0.0
1780080240620,2,Pitching Mound.Parent,,Delivery,pitch.1,772570,7.4233,-68.4135,155.1265,-65.316,290.4272,117.3441,-0.1922,0.0323
1780080240621,2,11.0000004b,Drive,Delivery,pitch.1,774425,0.1162,0.0717,1.002,0.0933,-0.6158,0.0037,0.0,0.0
1780080240621,2,12.00000015,Lower Delivery,Delivery,pitch.1,773941,2.3168,-47.6912,95.48,-235.7161,196.7419,93.0585,-0.2112,-0.253
1780080240621,2,12.00000018,Upper Delivery,Delivery,pitch.1,775227,4.7657,-20.1949,56.3017,162.7499,89.0214,22.3596,-0.1621,0.2963
1780080240621,2,Pitching Mound.Delivery,,Delivery,pitch.1,773315,7.248,-68.0852,152.2966,-61.6232,287.8242,116.8775,-0.1937,0.0381
1780080240621,2,Pitching Mound.Drive,,Delivery,pitch.1,774425,0.1162,0.0717,1.002,0.0933,-0.6158,0.0037,0.0,0.0
1780080240621,2,Pitching Mound.Parent,,Delivery,pitch.1,772571,7.3464,-68.0163,153.2936,-61.5396,287.3559,116.8799,-0.1924,0.0378
1780080240622,2,11.0000004b,Drive,Delivery,pitch.1,774426,0.1554,0.0823,1.1269,0.1084,-0.6556,0.0025,0.0,0.0
1780080240622,2,12.00000015,Lower Delivery,Delivery,pitch.1,773942,2.2027,-47.5392,95.0286,-234.0474,194.6197,92.5654,-0.2099,-0.2524
1780080240622,2,12.00000018,Upper Delivery,Delivery,pitch.1,775228,4.8006,-19.9878,56.0331,163.4191,89.8716,21.8506,-0.1644,0.2989
1780080240622,2,Pitching Mound.Delivery,,Delivery,pitch.1,773316,7.1173,-67.6789,151.5131,-58.8851,286.6134,115.7535,-0.1939,0.0396
1780080240622,2,Pitching Mound.Drive,,Delivery,pitch.1,774426,0.1554,0.0823,1.1269,0.1084,-0.6556,0.0025,0.0,0.0
1780080240622,2,Pitching Mound.Parent,,Delivery,pitch.1,772572,7.2335,-67.6072,152.5151,-58.7918,285.9976,115.7572,-0.1926,0.0394
1780080240623,2,11.0000004b,Drive,Delivery,pitch.1,774427,0.1906,0.1049,1.2934,0.1257,-0.6983,0.0056,0.0,0.0
1780080240623,2,12.00000015,Lower Delivery,Delivery,pitch.1,773943,2.0438,-47.3481,94.8045,-233.4891,193.3612,91.9473,-0.209,-0.2524
1780080240623,2,12.00000018,Upper Delivery,Delivery,pitch.1,775229,4.8843,-19.6788,55.068,162.5097,89.12,21.3618,-0.1659,0.3025
1780080240623,2,Pitching Mound.Delivery,,Delivery,pitch.1,773317,7.087,-67.218,150.0966,-57.9511,283.7397,114.8389,-0.1938,0.0417
1780080240623,2,Pitching Mound.Drive,,Delivery,pitch.1,774427,0.1906,0.1049,1.2934,0.1257,-0.6983,0.0056,0.0,0.0
1780080240623,2,Pitching Mound.Parent,,Delivery,pitch.1,772573,7.2424,-67.1357,151.2235,-57.8427,283.0841,114.8414,-0.1923,0.0414
1780080240624,2,11.0000004b,Drive,Delivery,pitch.1,774428,0.2324,0.1161,1.3746,0.1711,-0.872,0.006,0.0,0.0
1780080240624,2,12.00000018,Upper Delivery,Delivery,pitch.1,775230,5.0628,-19.4217,54.5428,160.9043,88.9957,21.1251,-0.1672,0.3024
1780080240624,2,Pitching Mound.Delivery,,Delivery,pitch.1,773318,7.1066,-66.7699,149.3473,-58.8959,282.3569,114.0988,-0.1938,0.0418
1780080240624,2,Pitching Mound.Drive,,Delivery,pitch.1,774428,0.2324,0.1161,1.3746,0.1711,-0.872,0.006,0.0,0.0
1780080240624,2,Pitching Mound.Parent,,Delivery,pitch.1,772574,7.2972,-66.665,150.6407,-58.7702,281.6586,114.1044,-0.1921,0.0415
1780080240625,2,11.0000004b,Drive,Delivery,pitch.1,774429,0.2793,0.1315,1.4136,0.2463,-0.9027,-0.0031,0.0,0.0
1780080240625,2,12.00000015,Lower Delivery,Delivery,pitch.1,773944,1.824,-47.2557,94.2728,-232.3083,191.4178,91.2044,-0.2081,-0.2526
1780080240625,2,12.00000018,Upper Delivery,Delivery,pitch.1,775231,5.0943,-18.9465,54.3788,155.2515,85.3064,21.0225,-0.1608,0.2926
1780080240625,2,Pitching Mound.Delivery,,Delivery,pitch.1,773319,6.9183,-66.2022,148.6516,-63.4929,276.7241,113.3388,-0.1908,0.0381
1780080240625,2,Pitching Mound.Drive,,Delivery,pitch.1,774429,0.2793,0.1315,1.4136,0.2463,-0.9027,-0.0031,0.0,0.0
1780080240625,2,Pitching Mound.Parent,,Delivery,pitch.1,772575,7.1507,-66.0861,150.0262,-63.3218,275.8521,113.3448,-0.1891,0.0378
1780080240626,2,11.0000004b,Drive,Delivery,pitch.1,774430,0.3101,0.14,1.4263,0.2052,-0.9618,-0.0017,0.0,0.0
1780080240626,2,12.00000015,Lower Delivery,Delivery,pitch.1,773945,1.6431,-47.1616,94.2963,-231.1291,189.5871,90.5113,-0.2061,-0.2512
1780080240626,2,12.00000018,Upper Delivery,Delivery,pitch.1,775232,5.2104,-18.7957,54.5901,151.5793,83.0585,20.3146,-0.1559,0.2846
1780080240626,2,Pitching Mound.Delivery,,Delivery,pitch.1,773320,6.8536,-65.9573,148.8863,-66.0497,272.6456,112.0388,-0.1877,0.0359
1780080240626,2,Pitching Mound.Drive,,Delivery,pitch.1,774430,0.3101,0.14,1.4263,0.2052,-0.9618,-0.0017,0.0,0.0
1780080240626,2,Pitching Mound.Parent,,Delivery,pitch.1,772576,7.1328,-65.8258,150.3,-65.8033,271.7429,112.0357,-0.1859,0.0356
1780080240627,2,11.0000004b,Drive,Delivery,pitch.1,774431,0.3303,0.1464,1.4704,0.1965,-1.1037,-0.0027,0.0,0.0
1780080240627,2,12.00000015,Lower Delivery,Delivery,pitch.1,773947,1.267,-46.9982,94.6181,-230.4849,186.8073,89.0674,-0.2024,-0.2497
1780080240627,2,12.00000015,Lower Delivery,Delivery,pitch.1,773946,1.4549,-47.0767,94.2617,-230.2108,187.6564,89.8399,-0.204,-0.2503
1780080240627,2,12.00000018,Upper Delivery,Delivery,pitch.1,775233,5.4061,-18.7723,53.8563,151.4988,83.076,19.767,-0.1581,0.2883
1780080240627,2,Pitching Mound.Delivery,,Delivery,pitch.1,773321,6.8609,-65.849,148.118,-64.9742,270.7324,110.9503,-0.1873,0.0383
1780080240627,2,Pitching Mound.Drive,,Delivery,pitch.1,774431,0.3303,0.1464,1.4704,0.1965,-1.1037,-0.0027,0.0,0.0
1780080240627,2,Pitching Mound.Parent,,Delivery,pitch.1,772577,7.171,-65.709,149.5444,-64.769,269.7706,110.9486,-0.1856,0.0379
1780080240628,2,11.0000004b,Drive,Delivery,pitch.1,774432,0.3373,0.1499,1.4887,0.1921,-1.2564,-0.0028,0.0,0.0
1780080240628,2,12.00000015,Lower Delivery,Delivery,pitch.1,773948,0.9438,-46.6889,93.565,-227.7639,185.1011,88.2975,-0.2028,-0.2495
1780080240628,2,12.00000018,Upper Delivery,Delivery,pitch.1,775234,5.5133,-18.6266,53.6174,151.5985,83.0345,19.3597,-0.1587,0.2898
1780080240628,2,Pitching Mound.Delivery,,Delivery,pitch.1,773322,6.7803,-65.6248,148.2355,-64.9462,269.8418,109.8709,-0.1866,0.0395
1780080240628,2,Pitching Mound.Drive,,Delivery,pitch.1,774432,0.3373,0.1499,1.4887,0.1921,-1.2564,-0.0028,0.0,0.0
1780080240628,2,Pitching Mound.Parent,,Delivery,pitch.1,772578,7.1106,-65.4784,149.7059,-64.7497,268.7381,109.8682,-0.1847,0.0391
1780080240629,2,11.0000004b,Drive,Delivery,pitch.1,774433,0.333,0.1463,1.5488,0.1889,-1.1918,-0.0015,0.0,0.0
1780080240629,2,12.00000015,Lower Delivery,Delivery,pitch.1,773949,0.6106,-46.5481,92.3606,-225.8272,184.9652,87.8902,-0.2053,-0.2506
1780080240629,2,12.00000018,Upper Delivery,Delivery,pitch.1,775235,5.6314,-18.3667,53.1018,147.2681,79.7133,18.9433,-0.1539,0.2843
1780080240629,2,Pitching Mound.Delivery,,Delivery,pitch.1,773323,6.5752,-65.0556,146.6667,-66.7383,264.8143,108.8346,-0.1851,0.0375
1780080240629,2,Pitching Mound.Drive,,Delivery,pitch.1,774433,0.333,0.1463,1.5488,0.1889,-1.1918,-0.0015,0.0,0.0
1780080240629,2,Pitching Mound.Parent,,Delivery,pitch.1,772579,6.9126,-64.9058,148.1555,-66.5462,263.5579,108.8318,-0.1832,0.0372
1780080240630,2,11.0000004b,Drive,Delivery,pitch.1,774434,0.331,0.1453,1.5293,0.1992,-1.2105,-0.0021,0.0,0.0
1780080240630,2,12.00000015,Lower Delivery,Delivery,pitch.1,773950,0.3727,-46.364,92.0693,-225.4003,184.2217,87.4173,-0.2051,-0.2509
1780080240630,2,12.00000018,Upper Delivery,Delivery,pitch.1,775236,5.7996,-18.318,53.3062,146.869,78.9935,18.3747,-0.1519,0.2824
1780080240630,2,Pitching Mound.Delivery,,Delivery,pitch.1,773324,6.4103,-64.8661,145.6668,-65.6797,263.9586,108.0291,-0.1857,0.0356
1780080240630,2,Pitching Mound.Drive,,Delivery,pitch.1,774434,0.331,0.1453,1.5293,0.1992,-1.2105,-0.0021,0.0,0.0
1780080240630,2,Pitching Mound.Parent,,Delivery,pitch.1,772580,6.7433,-64.7198,147.2156,-65.4908,262.7669,108.0277,-0.1838,0.0352
1780080240631,2,11.0000004b,Drive,Delivery,pitch.1,774435,0.3173,0.1384,1.5217,0.1886,-1.161,-0.0015,0.0,0.0
1780080240631,2,12.00000015,Lower Delivery,Delivery,pitch.1,773951,0.0641,-46.1014,91.1099,-223.4126,183.7832,86.6769,-0.2067,-0.2513
1780080240631,2,12.00000018,Upper Delivery,Delivery,pitch.1,775237,5.8921,-18.211,53.3496,145.3849,77.559,17.7861,-0.149,0.2793
1780080240631,2,Pitching Mound.Delivery,,Delivery,pitch.1,773325,6.2648,-64.5749,145.4189,-66.8506,261.7807,107.08,-0.1845,0.0341
1780080240631,2,Pitching Mound.Drive,,Delivery,pitch.1,774435,0.3173,0.1384,1.5217,0.1886,-1.161,-0.0015,0.0,0.0
1780080240631,2,Pitching Mound.Parent,,Delivery,pitch.1,772581,6.5958,-64.4297,146.9482,-66.6514,260.5701,107.0778,-0.1826,0.0338
1780080240632,2,11.0000004b,Drive,Delivery,pitch.1,774436,0.2979,0.1355,1.5351,0.1891,-1.0482,-0.001,0.0,0.0
1780080240632,2,12.00000015,Lower Delivery,Delivery,pitch.1,773952,-0.1312,-45.9811,90.8808,-222.6294,182.8756,86.4526,-0.2062,-0.2511
1780080240632,2,12.00000018,Upper Delivery,Delivery,pitch.1,775238,6.0325,-18.1531,53.8636,146.4005,77.3144,17.3846,-0.1471,0.2786
1780080240632,2,Pitching Mound.Delivery,,Delivery,pitch.1,773326,6.0966,-64.2546,144.9735,-64.3484,261.0976,106.0907,-0.1846,0.0329
1780080240632,2,Pitching Mound.Drive,,Delivery,pitch.1,774436,0.2979,0.1355,1.5351,0.1891,-1.0482,-0.001,0.0,0.0
1780080240632,2,Pitching Mound.Parent,,Delivery,pitch.1,772582,6.4139,-64.1162,146.4952,-64.1598,259.9366,106.0892,-0.1827,0.0326
1780080240633,2,11.0000004b,Drive,Delivery,pitch.1,774437,0.2702,0.128,1.424,0.1494,-1.0891,-0.0006,0.0,0.0
1780080240633,2,12.00000015,Lower Delivery,Delivery,pitch.1,773953,-0.3728,-45.7757,90.4711,-221.601,181.9509,86.0734,-0.2061,-0.2511
1780080240633,2,12.00000018,Upper Delivery,Delivery,pitch.1,775239,6.1425,-18.0886,54.3977,148.3436,78.3903,17.0152,-0.1477,0.2795
1780080240633,2,Pitching Mound.Delivery,,Delivery,pitch.1,773327,6.0113,-64.0697,145.2785,-61.8816,261.2659,105.6008,-0.1843,0.033
1780080240633,2,Pitching Mound.Drive,,Delivery,pitch.1,774437,0.2702,0.128,1.424,0.1494,-1.0891,-0.0006,0.0,0.0
1780080240633,2,Pitching Mound.Parent,,Delivery,pitch.1,772583,6.3093,-63.9342,146.8136,-61.6924,260.2177,105.5998,-0.1824,0.0326
1780080240634,2,11.0000004b,Drive,Delivery,pitch.1,774438,0.2589,0.1252,1.4073,0.125,-0.8929,0.0004,0.0,0.0
1780080240634,2,12.00000015,Lower Delivery,Delivery,pitch.1,773954,-0.5384,-45.6764,90.3105,-220.0816,181.9188,86.0404,-0.2065,-0.2498
1780080240634,2,12.00000018,Upper Delivery,Delivery,pitch.1,775240,6.2101,-18.0063,54.4637,147.2068,77.5058,16.6481,-0.1459,0.277
1780080240634,2,Pitching Mound.Delivery,,Delivery,pitch.1,773328,5.8373,-63.7821,144.9348,-62.1517,259.4566,104.9597,-0.1835,0.0319
1780080240634,2,Pitching Mound.Drive,,Delivery,pitch.1,774438,0.2589,0.1252,1.4073,0.125,-0.8929,0.0004,0.0,0.0
1780080240634,2,Pitching Mound.Parent,,Delivery,pitch.1,772584,6.1074,-63.6541,146.3589,-62.0023,258.3675,104.9591,-0.1817,0.0315
1780080240635,2,11.0000004b,Drive,Delivery,pitch.1,774439,0.227,0.1193,1.3853,0.1274,-0.9133,-0.0005,0.0,0.0
1780080240635,2,12.00000015,Lower Delivery,Delivery,pitch.1,773955,-0.6974,-45.4738,89.8316,-218.6765,180.5459,86.0645,-0.206,-0.2495
1780080240635,2,12.00000018,Upper Delivery,Delivery,pitch.1,775241,6.335,-17.9745,54.6391,146.9679,77.2649,16.2642,-0.1449,0.2757
1780080240635,2,Pitching Mound.Delivery,,Delivery,pitch.1,773329,5.7966,-63.6509,144.9496,-60.9855,259.1837,104.6416,-0.1833,0.032
1780080240635,2,Pitching Mound.Drive,,Delivery,pitch.1,774439,0.227,0.1193,1.3853,0.1274,-0.9133,-0.0005,0.0,0.0
1780080240635,2,Pitching Mound.Parent,,Delivery,pitch.1,772585,6.0555,-63.5258,146.3569,-60.8605,258.2908,104.642,-0.1815,0.0317
1780080240636,2,11.0000004b,Drive,Delivery,pitch.1,774440,0.195,0.103,1.3118,0.1149,-0.806,0.0002,0.0,0.0
1780080240636,2,12.00000015,Lower Delivery,Delivery,pitch.1,773956,-0.8702,-45.3794,89.7331,-217.6222,180.1864,85.8685,-0.2058,-0.2486
1780080240636,2,12.00000018,Upper Delivery,Delivery,pitch.1,775242,6.4818,-17.8391,54.7434,146.1598,77.2268,15.7163,-0.1446,0.2737
1780080240636,2,Pitching Mound.Delivery,,Delivery,pitch.1,773330,5.7844,-63.3128,144.575,-60.5867,257.7727,104.2217,-0.1827,0.0311
1780080240636,2,Pitching Mound.Drive,,Delivery,pitch.1,774440,0.195,0.103,1.3118,0.1149,-0.806,0.0002,0.0,0.0
1780080240636,2,Pitching Mound.Parent,,Delivery,pitch.1,772586,6.0114,-63.1935,145.9603,-60.4593,256.8594,104.2213,-0.181,0.0308
1780080240637,2,11.0000004b,Drive,Delivery,pitch.1,774441,0.1581,0.0851,1.246,0.092,-0.6158,0.0016,0.0,0.0
1780080240637,2,12.00000015,Lower Delivery,Delivery,pitch.1,773957,-1.0273,-45.2534,89.7479,-218.0072,180.3338,85.5869,-0.2059,-0.249
1780080240637,2,12.00000018,Upper Delivery,Delivery,pitch.1,775243,6.6259,-17.7895,55.3233,145.8766,77.1606,15.1661,-0.143,0.2703
1780080240637,2,Pitching Mound.Delivery,,Delivery,pitch.1,773331,5.7558,-63.1688,145.0564,-60.0462,257.347,103.5834,-0.1818,0.03
1780080240637,2,Pitching Mound.Drive,,Delivery,pitch.1,774441,0.1581,0.0851,1.246,0.092,-0.6158,0.0016,0.0,0.0
1780080240637,2,Pitching Mound.Parent,,Delivery,pitch.1,772587,5.9508,-63.0659,146.3682,-59.9313,256.541,103.5836,-0.1802,0.0297
1780080240638,2,11.0000004b,Drive,Delivery,pitch.1,774442,0.1384,0.0805,1.2378,0.1153,-0.6428,0.0014,0.0,0.0
1780080240638,2,12.00000015,Lower Delivery,Delivery,pitch.1,773958,-1.1663,-45.1412,89.8292,-218.26,180.1034,85.2817,-0.2055,-0.249
1780080240638,2,12.00000018,Upper Delivery,Delivery,pitch.1,775244,6.7803,-17.693,55.4902,145.9836,77.6963,14.7002,-0.1435,0.2696
1780080240638,2,Pitching Mound.Delivery,,Delivery,pitch.1,773332,5.753,-62.9463,145.2381,-60.3759,258.0301,102.9417,-0.1821,0.0294
1780080240638,2,Pitching Mound.Drive,,Delivery,pitch.1,774442,0.1384,0.0805,1.2378,0.1153,-0.6428,0.0014,0.0,0.0
1780080240638,2,Pitching Mound.Parent,,Delivery,pitch.1,772588,5.9111,-62.8613,146.4841,-60.2839,257.4142,102.9433,-0.1805,0.0291
1780080240639,2,11.0000004b,Drive,Delivery,pitch.1,774443,0.1363,0.0841,1.2505,0.173,-0.775,-0.0007,0.0,0.0
1780080240639,2,12.00000015,Lower Delivery,Delivery,pitch.1,773959,-1.294,-45.079,90.3962,-220.2092,180.6701,84.98,-0.2049,-0.2497
1780080240639,2,12.00000018,Upper Delivery,Delivery,pitch.1,775245,6.9105,-17.6109,55.651,146.9412,78.5801,14.3403,-0.1447,0.2706
1780080240639,2,Pitching Mound.Delivery,,Delivery,pitch.1,773333,5.7442,-62.7522,145.4802,-59.6982,258.6835,102.3682,-0.1822,0.0296
1780080240639,2,Pitching Mound.Drive,,Delivery,pitch.1,774443,0.1363,0.0841,1.2505,0.173,-0.775,-0.0007,0.0,0.0
1780080240639,2,Pitching Mound.Parent,,Delivery,pitch.1,772589,5.8826,-62.6716,146.718,-59.5829,258.0407,102.3696,-0.1807,0.0294
1780080240640,2,11.0000004b,Drive,Delivery,pitch.1,774444,0.1479,0.089,1.2221,0.148,-0.7437,-0.0016,0.0,0.0
1780080240640,2,12.00000015,Lower Delivery,Delivery,pitch.1,773960,-1.4293,-45.0436,90.3611,-220.4575,180.6971,84.7571,-0.205,-0.2501
1780080240640,2,12.00000018,Upper Delivery,Delivery,pitch.1,775246,7.0954,-17.5624,55.8588,146.0345,78.2676,13.7586,-0.1436,0.268
1780080240640,2,Pitching Mound.Delivery,,Delivery,pitch.1,773334,5.8015,-62.6414,146.2549,-62.432,258.9377,101.591,-0.1815,0.0283
1780080240640,2,Pitching Mound.Drive,,Delivery,pitch.1,774444,0.1479,0.089,1.2221,0.148,-0.7437,-0.0016,0.0,0.0
1780080240640,2,Pitching Mound.Parent,,Delivery,pitch.1,772590,5.9378,-62.5573,147.5054,-62.2589,258.1627,101.5903,-0.1799,0.0281
1780080240641,2,11.0000004b,Drive,Delivery,pitch.1,774445,0.1513,0.0906,1.2252,0.1291,-0.6242,-0.0018,0.0,0.0
1780080240641,2,12.00000015,Lower Delivery,Delivery,pitch.1,773961,-1.5815,-45.0364,90.9203,-221.657,179.9066,84.125,-0.2028,-0.2499
1780080240641,2,12.00000018,Upper Delivery,Delivery,pitch.1,775247,7.2884,-17.558,56.1017,147.144,79.1714,13.3822,-0.1446,0.2688
1780080240641,2,Pitching Mound.Delivery,,Delivery,pitch.1,773335,5.8591,-62.6016,146.4628,-61.6653,259.8685,101.1033,-0.1819,0.0282
1780080240641,2,Pitching Mound.Drive,,Delivery,pitch.1,774445,0.1513,0.0906,1.2252,0.1291,-0.6242,-0.0018,0.0,0.0
1780080240641,2,Pitching Mound.Parent,,Delivery,pitch.1,772591,6.007,-62.5126,147.685,-61.5173,259.1248,101.1017,-0.1804,0.028
1780080240642,2,11.0000004b,Drive,Delivery,pitch.1,774446,0.1721,0.0964,1.2271,0.1684,-0.6588,-0.0021,0.0,0.0
1780080240642,2,12.00000015,Lower Delivery,Delivery,pitch.1,773962,-1.5608,-45.0113,91.213,-221.749,179.5645,83.8169,-0.2018,-0.2492
1780080240642,2,12.00000018,Upper Delivery,Delivery,pitch.1,775248,7.4768,-17.4457,56.0413,148.4404,80.016,12.9068,-0.1463,0.2715
1780080240642,2,Pitching Mound.Delivery,,Delivery,pitch.1,773336,5.8954,-62.4821,146.9615,-61.3577,259.9227,100.1116,-0.1813,0.0296
1780080240642,2,Pitching Mound.Drive,,Delivery,pitch.1,774446,0.1721,0.0964,1.2271,0.1684,-0.6588,-0.0021,0.0,0.0
1780080240642,2,Pitching Mound.Parent,,Delivery,pitch.1,772592,6.0467,-62.3915,148.1867,-61.2285,259.2985,100.1099,-0.1798,0.0294
1780080240643,2,11.0000004b,Drive,Delivery,pitch.1,774447,0.1876,0.1017,1.2426,0.1779,-0.6784,-0.002,0.0,0.0
1780080240643,2,12.00000015,Lower Delivery,Delivery,pitch.1,773963,-1.7157,-45.0352,91.6003,-222.7216,178.3365,83.2847,-0.1995,-0.2492
1780080240643,2,12.00000018,Upper Delivery,Delivery,pitch.1,775249,7.6454,-17.4201,55.8511,148.6925,80.3587,12.4712,-0.1475,0.2729
1780080240643,2,12.00000018,Upper Delivery,Delivery,pitch.1,775250,7.7153,-17.5056,55.2153,149.434,80.4812,12.1551,-0.1494,0.2774
1780080240643,2,Pitching Mound.Delivery,,Delivery,pitch.1,773338,5.9996,-62.5407,146.8156,-60.9168,258.8177,98.6463,-0.1807,0.0331
1780080240643,2,Pitching Mound.Delivery,,Delivery,pitch.1,773337,6.0846,-62.4314,147.0642,-61.0334,259.9232,99.4183,-0.1812,0.0308
1780080240643,2,Pitching Mound.Drive,,Delivery,pitch.1,774447,0.1876,0.1017,1.2426,0.1779,-0.6784,-0.002,0.0,0.0
1780080240643,2,Pitching Mound.Parent,,Delivery,pitch.1,772594,6.1872,-62.439,148.0582,-60.7389,258.1393,98.6443,-0.1792,0.0328
1780080240643,2,Pitching Mound.Parent,,Delivery,pitch.1,772593,6.2568,-62.335,148.2913,-60.8651,259.2643,99.4162,-0.1797,0.0306
1780080240644,2,11.0000004b,Drive,Delivery,pitch.1,774448,0.2114,0.1093,1.2708,0.153,-0.4342,-0.0016,0.0,0.0
1780080240644,2,12.00000015,Lower Delivery,Delivery,pitch.1,773964,-1.8342,-45.0263,91.8459,-222.6086,177.5818,82.9506,-0.1982,-0.2484
1780080240644,2,Pitching Mound.Drive,,Delivery,pitch.1,774448,0.2114,0.1093,1.2708,0.153,-0.4342,-0.0016,0.0,0.0
1780080240645,2,11.0000004b,Drive,Delivery,pitch.1,774449,0.2282,0.1124,1.295,0.1935,-0.4644,-0.0026,0.0,0.0
1780080240645,2,12.00000015,Lower Delivery,Delivery,pitch.1,773965,-1.8419,-44.9911,92.2071,-221.8848,177.4547,82.8327,-0.1973,-0.2466
1780080240645,2,12.00000018,Upper Delivery,Delivery,pitch.1,775252,7.9236,-17.3816,54.8197,151.1081,81.5366,11.1337,-0.1524,0.2825
1780080240645,2,12.00000018,Upper Delivery,Delivery,pitch.1,775251,7.84,-17.4321,55.142,149.4163,80.4227,11.6205,-0.1495,0.2777
1780080240645,2,Pitching Mound.Delivery,,Delivery,pitch.1,773339,6.0058,-62.4583,146.9879,-60.713,258.0046,97.8603,-0.1799,0.0339
1780080240645,2,Pitching Mound.Delivery,,Delivery,pitch.1,773340,6.0817,-62.3727,147.0268,-58.065,258.9913,97.2867,-0.1805,0.0371
1780080240645,2,Pitching Mound.Drive,,Delivery,pitch.1,774449,0.2282,0.1124,1.295,0.1935,-0.4644,-0.0026,0.0,0.0
1780080240645,2,Pitching Mound.Parent,,Delivery,pitch.1,772595,6.2172,-62.3491,148.2587,-60.56,257.5704,97.8587,-0.1784,0.0336
1780080240645,2,Pitching Mound.Parent,,Delivery,pitch.1,772596,6.3099,-62.2602,148.3218,-57.8715,258.5269,97.2841,-0.179,0.0368
1780080240646,2,11.0000004b,Drive,Delivery,pitch.1,774450,0.2498,0.1189,1.3879,0.1722,-0.4589,-0.0014,0.0,0.0
1780080240646,2,12.00000015,Lower Delivery,Delivery,pitch.1,773966,-1.8218,-44.9561,92.2199,-221.0738,177.6049,82.9005,-0.1974,-0.2457
1780080240646,2,12.00000018,Upper Delivery,Delivery,pitch.1,775253,8.0599,-17.3391,54.5306,149.9585,80.6153,10.5452,-0.1515,0.2819
1780080240646,2,Pitching Mound.Delivery,,Delivery,pitch.1,773341,6.2381,-62.2952,146.7505,-58.301,258.2203,96.8055,-0.1803,0.0377
1780080240646,2,Pitching Mound.Drive,,Delivery,pitch.1,774450,0.2498,0.1189,1.3879,0.1722,-0.4589,-0.0014,0.0,0.0
1780080240646,2,Pitching Mound.Parent,,Delivery,pitch.1,772597,6.4879,-62.1763,148.1384,-58.1288,257.7614,96.8041,-0.1787,0.0373
1780080240647,2,11.0000004b,Drive,Delivery,pitch.1,774451,0.2425,0.1185,1.4249,0.1443,-0.6026,-0.0004,0.0,0.0
1780080240647,2,12.00000015,Lower Delivery,Delivery,pitch.1,773967,-2.0791,-44.8206,91.7388,-220.6268,176.9594,83.0775,-0.1977,-0.2465
1780080240647,2,Pitching Mound.Drive,,Delivery,pitch.1,774451,0.2425,0.1185,1.4249,0.1443,-0.6026,-0.0004,0.0,0.0
1780080240648,2,11.0000004b,Drive,Delivery,pitch.1,774452,0.2645,0.1336,1.5377,0.2131,-0.8234,0.0004,0.0,0.0
1780080240648,2,12.00000015,Lower Delivery,Delivery,pitch.1,773968,-1.9585,-44.8198,92.3585,-220.5896,176.6498,82.6063,-0.196,-0.2448
1780080240648,2,12.00000018,Upper Delivery,Delivery,pitch.1,775254,8.1538,-17.2567,53.7538,151.0134,81.5523,9.7673,-0.1555,0.2879
1780080240648,2,Pitching Mound.Delivery,,Delivery,pitch.1,773342,6.0747,-62.0773,145.4926,-56.6985,258.5117,96.324,-0.1821,0.0397
1780080240648,2,Pitching Mound.Drive,,Delivery,pitch.1,774452,0.2645,0.1336,1.5377,0.2131,-0.8234,0.0004,0.0,0.0
1780080240648,2,Pitching Mound.Parent,,Delivery,pitch.1,772598,6.3172,-61.9589,146.9176,-56.5542,257.909,96.3236,-0.1803,0.0393
1780080240649,2,11.0000004b,Drive,Delivery,pitch.1,774453,0.264,0.13,1.5412,0.2318,-0.8375,-0.0011,0.0,0.0
1780080240649,2,12.00000015,Lower Delivery,Delivery,pitch.1,773969,-2.022,-44.745,92.3748,-221.3159,176.0738,82.3129,-0.1954,-0.2456
1780080240649,2,12.00000018,Upper Delivery,Delivery,pitch.1,775255,8.2176,-17.0851,53.705,150.48,81.3048,9.1448,-0.1552,0.2872
1780080240649,2,12.00000018,Upper Delivery,Delivery,pitch.1,775256,8.3075,-16.9014,54.084,152.9716,83.9721,8.3636,-0.1591,0.2899
1780080240649,2,Pitching Mound.Delivery,,Delivery,pitch.1,773343,6.2592,-61.9049,146.0636,-56.9674,257.9545,95.211,-0.181,0.0408
1780080240649,2,Pitching Mound.Delivery,,Delivery,pitch.1,773344,6.2854,-61.6464,146.4589,-55.3254,260.0459,94.1885,-0.182,0.0411
1780080240649,2,Pitching Mound.Drive,,Delivery,pitch.1,774453,0.264,0.13,1.5412,0.2318,-0.8375,-0.0011,0.0,0.0
1780080240649,2,Pitching Mound.Parent,,Delivery,pitch.1,772599,6.5236,-61.7713,147.6013,-56.7544,257.1311,95.2113,-0.1791,0.0404
1780080240649,2,Pitching Mound.Parent,,Delivery,pitch.1,772600,6.5494,-61.5164,148.0001,-55.0936,259.2084,94.1874,-0.1801,0.0406
1780080240650,2,11.0000004b,Drive,Delivery,pitch.1,774454,0.2759,0.1284,1.5214,0.2468,-0.7392,-0.0005,0.0,0.0
1780080240650,2,12.00000015,Lower Delivery,Delivery,pitch.1,773970,-2.0695,-44.6687,92.4004,-221.887,175.6913,82.0077,-0.1949,-0.2461
1780080240650,2,12.00000018,Upper Delivery,Delivery,pitch.1,775257,8.4141,-16.6331,54.6131,152.4816,83.5061,7.8133,-0.1567,0.2862
1780080240650,2,Pitching Mound.Delivery,,Delivery,pitch.1,773345,6.3446,-61.3017,147.0135,-56.5577,259.1974,93.3854,-0.1807,0.039
1780080240650,2,Pitching Mound.Drive,,Delivery,pitch.1,774454,0.2759,0.1284,1.5214,0.2468,-0.7392,-0.0005,0.0,0.0
1780080240650,2,Pitching Mound.Parent,,Delivery,pitch.1,772601,6.6204,-61.1733,148.5349,-56.3108,258.4582,93.3849,-0.1789,0.0386
1780080240651,2,11.0000004b,Drive,Delivery,pitch.1,774455,0.25,0.1142,1.4462,0.2202,-0.4614,0.0012,0.0,0.0
1780080240651,2,12.00000015,Lower Delivery,Delivery,pitch.1,773971,-2.1232,-44.6008,92.4354,-222.0813,175.6681,81.6911,-0.1948,-0.2462
1780080240651,2,Pitching Mound.Drive,,Delivery,pitch.1,774455,0.25,0.1142,1.4462,0.2202,-0.4614,0.0012,0.0,0.0
1780080240652,2,11.0000004b,Drive,Delivery,pitch.1,774456,0.2037,0.1004,1.3063,0.1326,-0.253,0.0034,0.0,0.0
1780080240652,2,12.00000015,Lower Delivery,Delivery,pitch.1,773972,-2.1792,-44.5369,92.3014,-221.8575,175.2519,81.4075,-0.1946,-0.2464
1780080240652,2,12.00000018,Upper Delivery,Delivery,pitch.1,775258,8.4582,-16.5251,53.2222,151.7805,83.1568,7.3106,-0.1601,0.2923
1780080240652,2,Pitching Mound.Delivery,,Delivery,pitch.1,773346,6.335,-61.1259,145.6576,-56.9683,258.8249,92.5994,-0.1821,0.0421
1780080240652,2,Pitching Mound.Drive,,Delivery,pitch.1,774456,0.2037,0.1004,1.3063,0.1326,-0.253,0.0034,0.0,0.0
1780080240652,2,Pitching Mound.Parent,,Delivery,pitch.1,772602,6.585,-61.0117,147.1037,-56.7481,258.3635,92.6006,-0.1803,0.0417
1780080240653,2,11.0000004b,Drive,Delivery,pitch.1,774457,0.1711,0.0881,1.2128,0.0743,-0.1884,0.0048,0.0,0.0
1780080240653,2,12.00000015,Lower Delivery,Delivery,pitch.1,773973,-2.2639,-44.3556,92.0824,-220.9653,173.6981,80.9478,-0.1933,-0.246
1780080240653,2,12.00000018,Upper Delivery,Delivery,pitch.1,775259,8.541,-16.3242,53.6313,151.4065,83.8151,6.7172,-0.1602,0.2894
1780080240653,2,Pitching Mound.Delivery,,Delivery,pitch.1,773347,6.3618,-60.8611,145.9327,-57.3032,259.067,91.7695,-0.182,0.0406
1780080240653,2,Pitching Mound.Drive,,Delivery,pitch.1,774457,0.1711,0.0881,1.2128,0.0743,-0.1884,0.0048,0.0,0.0
1780080240653,2,Pitching Mound.Parent,,Delivery,pitch.1,772603,6.5655,-60.7607,147.2389,-57.1706,258.8139,91.7729,-0.1803,0.0403
1780080240654,2,11.0000004b,Drive,Delivery,pitch.1,774458,0.1597,0.0914,1.204,0.0925,-0.39,0.0044,0.0,0.0
1780080240654,2,12.00000015,Lower Delivery,Delivery,pitch.1,773974,-2.2606,-44.3136,92.0935,-221.2402,173.749,80.4308,-0.1934,-0.2462
1780080240654,2,12.00000018,Upper Delivery,Delivery,pitch.1,775260,8.6188,-15.9952,53.658,151.7012,84.5761,5.9185,-0.1616,0.2898
1780080240654,2,Pitching Mound.Delivery,,Delivery,pitch.1,773348,6.3549,-60.3508,145.7404,-56.1999,258.2742,90.5664,-0.1816,0.0409
1780080240654,2,Pitching Mound.Drive,,Delivery,pitch.1,774458,0.1597,0.0914,1.204,0.0925,-0.39,0.0044,0.0,0.0
1780080240654,2,Pitching Mound.Parent,,Delivery,pitch.1,772604,6.526,-60.2627,146.9533,-56.1256,258.0858,90.5711,-0.1801,0.0406
1780080240655,2,11.0000004b,Drive,Delivery,pitch.1,774459,0.1621,0.0961,1.2059,0.1154,-0.6197,0.0032,0.0,0.0
1780080240655,2,12.00000015,Lower Delivery,Delivery,pitch.1,773975,-2.4189,-44.1174,91.6602,-220.3053,172.3383,79.8403,-0.1927,-0.2463
1780080240655,2,12.00000018,Upper Delivery,Delivery,pitch.1,775261,8.7147,-15.7983,53.8671,151.5206,84.961,5.4672,-0.1617,0.2883
1780080240655,2,Pitching Mound.Delivery,,Delivery,pitch.1,773349,6.454,-60.1119,145.9606,-56.7226,258.71,89.6295,-0.1817,0.0401
1780080240655,2,Pitching Mound.Drive,,Delivery,pitch.1,774459,0.1621,0.0961,1.2059,0.1154,-0.6197,0.0032,0.0,0.0
1780080240655,2,Pitching Mound.Parent,,Delivery,pitch.1,772605,6.6138,-60.0205,147.1646,-56.63,258.32,89.6339,-0.1802,0.0398
1780080240656,2,11.0000004b,Drive,Delivery,pitch.1,774460,0.1591,0.0756,1.2027,0.0815,-0.4467,0.0033,0.0,0.0
1780080240656,2,12.00000015,Lower Delivery,Delivery,pitch.1,773976,-2.5921,-43.6327,90.757,-219.2573,171.5518,78.811,-0.1937,-0.2476
1780080240656,2,12.00000018,Upper Delivery,Delivery,pitch.1,775262,8.8093,-15.3732,54.0622,151.015,85.1377,5.0248,-0.1614,0.2863
1780080240656,2,Pitching Mound.Delivery,,Delivery,pitch.1,773350,6.3905,-59.4907,145.7223,-56.507,257.4759,88.6827,-0.1811,0.039
1780080240656,2,Pitching Mound.Drive,,Delivery,pitch.1,774460,0.1591,0.0756,1.2027,0.0815,-0.4467,0.0033,0.0,0.0
1780080240656,2,Pitching Mound.Parent,,Delivery,pitch.1,772606,6.5526,-59.3945,146.9282,-56.3916,256.8563,88.6859,-0.1796,0.0387
1780080240657,2,11.0000004b,Drive,Delivery,pitch.1,774461,0.1544,0.059,0.962,0.0645,-0.2987,0.0029,0.0,0.0
1780080240657,2,12.00000015,Lower Delivery,Delivery,pitch.1,773977,-2.6883,-43.3541,89.9082,-215.1497,170.2356,77.7543,-0.1941,-0.2453
1780080240657,2,12.00000018,Upper Delivery,Delivery,pitch.1,775263,8.9378,-15.0796,54.3343,148.5874,84.7546,4.7046,-0.1599,0.2803
1780080240657,2,Pitching Mound.Delivery,,Delivery,pitch.1,773351,6.3458,-58.7123,145.0913,-58.2861,256.3064,87.4358,-0.1811,0.0354
1780080240657,2,Pitching Mound.Drive,,Delivery,pitch.1,774461,0.1544,0.059,0.962,0.0645,-0.2987,0.0029,0.0,0.0
1780080240657,2,Pitching Mound.Parent,,Delivery,pitch.1,772607,6.5048,-58.6367,146.2939,-58.2046,255.8597,87.4391,-0.1796,0.0351
1780080240658,2,11.0000004b,Drive,Delivery,pitch.1,774462,0.206,0.079,0.9353,0.0531,-0.3114,0.0036,0.0,0.0
1780080240658,2,12.00000015,Lower Delivery,Delivery,pitch.1,773978,-3.1068,-42.9887,88.3809,-212.9424,168.0334,77.3063,-0.1949,-0.2469
1780080240658,2,12.00000018,Upper Delivery,Delivery,pitch.1,775264,9.0406,-14.6057,54.0057,146.5176,84.6002,4.0347,-0.1606,0.2781
1780080240658,2,Pitching Mound.Delivery,,Delivery,pitch.1,773352,6.3523,-57.9598,143.914,-56.4253,254.8358,85.7769,-0.1815,0.0359
1780080240658,2,Pitching Mound.Drive,,Delivery,pitch.1,774462,0.206,0.079,0.9353,0.0531,-0.3114,0.0036,0.0,0.0
1780080240658,2,Pitching Mound.Parent,,Delivery,pitch.1,772608,6.5067,-57.9008,144.876,-56.3607,254.5371,85.7798,-0.1803,0.0357
1780080240659,2,11.0000004b,Drive,Delivery,pitch.1,774463,0.2688,0.1215,1.1185,0.0611,-0.3603,0.0038,0.0,0.0
1780080240659,2,12.00000015,Lower Delivery,Delivery,pitch.1,773979,-3.1683,-42.6255,88.1428,-212.7551,168.6807,76.4243,-0.1961,-0.2474
1780080240659,2,12.00000018,Upper Delivery,Delivery,pitch.1,775265,9.1729,-14.2482,54.0705,144.5394,83.456,3.4266,-0.1582,0.274
1780080240659,2,Pitching Mound.Delivery,,Delivery,pitch.1,773353,6.066,-57.2369,142.4514,-56.7374,251.4893,84.9081,-0.1809,0.0327
1780080240659,2,Pitching Mound.Drive,,Delivery,pitch.1,774463,0.2688,0.1215,1.1185,0.0611,-0.3603,0.0038,0.0,0.0
1780080240659,2,Pitching Mound.Parent,,Delivery,pitch.1,772609,6.2721,-57.1579,143.3868,-56.6843,251.178,84.9116,-0.1798,0.0325
1780080240660,2,11.0000004b,Drive,Delivery,pitch.1,774464,0.3149,0.1551,1.4029,0.0997,-0.6654,0.0032,0.0,0.0
1780080240660,2,12.00000015,Lower Delivery,Delivery,pitch.1,773980,-3.2796,-42.2281,88.2415,-213.269,169.4124,75.7447,-0.1968,-0.2477
1780080240660,2,12.00000018,Upper Delivery,Delivery,pitch.1,775267,9.1751,-13.5486,53.7914,140.1532,79.0692,2.8079,-0.1507,0.267
1780080240660,2,12.00000018,Upper Delivery,Delivery,pitch.1,775266,9.1505,-13.8086,54.1137,142.1135,81.3708,3.0831,-0.1541,0.2692
1780080240660,2,Pitching Mound.Delivery,,Delivery,pitch.1,773354,5.9823,-56.4342,142.2565,-59.0717,250.0515,83.6958,-0.1802,0.0304
1780080240660,2,Pitching Mound.Delivery,,Delivery,pitch.1,773355,5.8955,-55.7766,142.0329,-61.4028,248.4816,82.7871,-0.1793,0.0297
1780080240660,2,Pitching Mound.Drive,,Delivery,pitch.1,774464,0.3149,0.1551,1.4029,0.0997,-0.6654,0.0032,0.0,0.0
1780080240660,2,Pitching Mound.Parent,,Delivery,pitch.1,772610,6.2511,-56.3127,143.375,-59.0106,249.6912,83.6996,-0.1788,0.0302
1780080240660,2,Pitching Mound.Parent,,Delivery,pitch.1,772611,6.2104,-55.6215,143.4358,-61.3031,247.8162,82.7903,-0.1776,0.0294
1780080240661,2,11.0000004b,Drive,Delivery,pitch.1,774465,0.3558,0.2153,1.5765,0.228,-1.1105,0.0007,0.0,0.0
1780080240661,2,12.00000015,Lower Delivery,Delivery,pitch.1,773981,-3.2528,-41.9113,88.1791,-212.4596,168.1216,74.7508,-0.1954,-0.247
1780080240661,2,12.00000018,Upper Delivery,Delivery,pitch.1,775268,9.2424,-13.4678,53.8976,139.1501,77.347,2.5934,-0.1471,0.2646
1780080240661,2,Pitching Mound.Delivery,,Delivery,pitch.1,773356,5.9897,-55.3791,142.0767,-61.6537,245.4686,81.5926,-0.1771,0.0292
1780080240661,2,Pitching Mound.Drive,,Delivery,pitch.1,774465,0.3558,0.2153,1.5765,0.228,-1.1105,0.0007,0.0,0.0
1780080240661,2,Pitching Mound.Parent,,Delivery,pitch.1,772612,6.3455,-55.1638,143.6533,-61.4257,244.3582,81.5933,-0.1751,0.0288
1780080240662,2,11.0000004b,Drive,Delivery,pitch.1,774466,0.4156,0.2636,1.5877,0.3113,-1.29,-0.0009,0.0,0.0
1780080240662,2,12.00000015,Lower Delivery,Delivery,pitch.1,773982,-3.2427,-41.483,89.0218,-213.0057,168.9348,73.3239,-0.1945,-0.2452
1780080240662,2,12.00000018,Upper Delivery,Delivery,pitch.1,775269,9.2757,-13.349,53.5853,138.8898,76.2331,2.2601,-0.1458,0.2657
1780080240662,2,Pitching Mound.Delivery,,Delivery,pitch.1,773357,6.033,-54.832,142.6071,-62.0675,245.168,79.8402,-0.1762,0.0312
1780080240662,2,Pitching Mound.Drive,,Delivery,pitch.1,774466,0.4156,0.2636,1.5877,0.3113,-1.29,-0.0009,0.0,0.0
1780080240662,2,Pitching Mound.Parent,,Delivery,pitch.1,772613,6.4486,-54.5684,144.1948,-61.7562,243.878,79.8393,-0.1743,0.0309
1780080240663,2,11.0000004b,Drive,Delivery,pitch.1,774467,0.4636,0.2253,1.6623,0.2048,-0.8512,0.001,0.0,0.0
1780080240663,2,12.00000015,Lower Delivery,Delivery,pitch.1,773983,-3.5385,-40.8969,87.5616,-212.6354,167.9658,72.5096,-0.1966,-0.2489
1780080240663,2,12.00000018,Upper Delivery,Delivery,pitch.1,775270,9.2703,-13.1906,53.086,139.3718,76.3053,1.8234,-0.1473,0.2691
1780080240663,2,Pitching Mound.Delivery,,Delivery,pitch.1,773358,5.7318,-54.0875,140.6475,-61.5418,244.271,78.688,-0.178,0.03
1780080240663,2,Pitching Mound.Drive,,Delivery,pitch.1,774467,0.4636,0.2253,1.6623,0.2048,-0.8512,0.001,0.0,0.0
1780080240663,2,Pitching Mound.Parent,,Delivery,pitch.1,772614,6.1953,-53.8622,142.3099,-61.3371,243.4198,78.689,-0.1759,0.0296
1780080240664,2,11.0000004b,Drive,Delivery,pitch.1,774468,0.492,0.1948,1.6209,0.2036,-0.701,0.0007,0.0,0.0
1780080240664,2,12.00000015,Lower Delivery,Delivery,pitch.1,773984,-3.2822,-40.2903,88.6752,-213.7166,169.0835,71.2661,-0.1954,-0.247
1780080240664,2,12.00000018,Upper Delivery,Delivery,pitch.1,775271,9.3065,-13.0237,52.5224,139.3053,76.6589,1.2677,-0.1496,0.2718
1780080240664,2,Pitching Mound.Delivery,,Delivery,pitch.1,773359,6.0243,-53.314,141.1976,-62.1194,245.7423,76.8139,-0.1784,0.033
1780080240664,2,Pitching Mound.Drive,,Delivery,pitch.1,774468,0.492,0.1948,1.6209,0.2036,-0.701,0.0007,0.0,0.0
1780080240664,2,Pitching Mound.Parent,,Delivery,pitch.1,772615,6.5163,-53.1192,142.8185,-61.9158,245.0413,76.8146,-0.1764,0.0327
1780080240665,2,11.0000004b,Drive,Delivery,pitch.1,774469,0.4864,0.1864,1.5013,0.2387,-0.6921,-0.0004,0.0,0.0
1780080240665,2,12.00000015,Lower Delivery,Delivery,pitch.1,773985,-3.4657,-39.8199,87.7515,-211.9683,169.6129,70.466,-0.1981,-0.2476
1780080240665,2,12.00000018,Upper Delivery,Delivery,pitch.1,775272,9.301,-12.9192,52.0538,138.7274,77.3625,0.8041,-0.1523,0.2732
1780080240665,2,Pitching Mound.Delivery,,Delivery,pitch.1,773360,5.8353,-52.7391,139.8052,-61.1037,246.9754,75.6108,-0.1811,0.0331
1780080240665,2,Pitching Mound.Drive,,Delivery,pitch.1,774469,0.4864,0.1864,1.5013,0.2387,-0.6921,-0.0004,0.0,0.0
1780080240665,2,Pitching Mound.Parent,,Delivery,pitch.1,772616,6.3216,-52.5527,141.3065,-60.865,246.2833,75.6104,-0.1791,0.0328
1780080240666,2,11.0000004b,Drive,Delivery,pitch.1,774470,0.4169,0.1656,1.4105,0.196,-0.6437,-0.0001,0.0,0.0
1780080240666,2,12.00000015,Lower Delivery,Delivery,pitch.1,773986,-3.632,-39.5483,86.7257,-210.4712,166.4984,69.7207,-0.1968,-0.2487
1780080240666,2,12.00000018,Upper Delivery,Delivery,pitch.1,775273,9.3848,-12.8577,51.0434,131.4066,73.8531,0.3529,-0.1483,0.2639
1780080240666,2,Pitching Mound.Delivery,,Delivery,pitch.1,773361,5.7529,-52.4061,137.7691,-66.9326,240.3515,74.4994,-0.1788,0.0292
1780080240666,2,Pitching Mound.Drive,,Delivery,pitch.1,774470,0.4169,0.1656,1.4105,0.196,-0.6437,-0.0001,0.0,0.0
1780080240666,2,Pitching Mound.Parent,,Delivery,pitch.1,772617,6.1698,-52.2405,139.1795,-66.7366,239.7078,74.4993,-0.177,0.0289
1780080240667,2,11.0000004b,Drive,Delivery,pitch.1,774471,0.3429,0.153,1.4879,0.2599,-0.6831,-0.0018,0.0,0.0
1780080240667,2,12.00000015,Lower Delivery,Delivery,pitch.1,773987,-3.696,-39.2521,86.5954,-209.5576,164.38,68.9772,-0.1946,-0.248
1780080240667,2,12.00000018,Upper Delivery,Delivery,pitch.1,775274,9.4241,-12.782,50.963,130.4958,73.746,0.0619,-0.1483,0.2624
1780080240667,2,Pitching Mound.Delivery,,Delivery,pitch.1,773362,5.7281,-52.0341,137.5584,-66.9468,238.126,73.4999,-0.1774,0.0292
1780080240667,2,Pitching Mound.Drive,,Delivery,pitch.1,774471,0.3429,0.153,1.4879,0.2599,-0.6831,-0.0018,0.0,0.0
1780080240667,2,Pitching Mound.Parent,,Delivery,pitch.1,772618,6.071,-51.8811,139.0463,-66.6869,237.4429,73.4982,-0.1755,0.0289
1780080240668,2,11.0000004b,Drive,Delivery,pitch.1,774472,0.251,0.1296,1.466,0.2165,-0.8165,-0.0015,0.0,0.0
1780080240668,2,11.0000004b,Drive,Delivery,pitch.1,774473,0.194,0.1122,1.3904,0.2387,-0.9284,-0.0012,0.0,0.0
1780080240668,2,12.00000015,Lower Delivery,Delivery,pitch.1,773988,-3.6926,-39.0232,86.8214,-209.357,164.3094,68.3497,-0.194,-0.2472
1780080240668,2,12.00000018,Upper Delivery,Delivery,pitch.1,775275,9.5147,-12.8459,49.8067,131.2746,75.6165,-0.5484,-0.1556,0.2701
1780080240668,2,Pitching Mound.Delivery,,Delivery,pitch.1,773363,5.8221,-51.869,136.6281,-65.4974,239.926,72.2918,-0.18,0.0335
1780080240668,2,Pitching Mound.Drive,,Delivery,pitch.1,774472,0.251,0.1296,1.466,0.2165,-0.8165,-0.0015,0.0,0.0
1780080240668,2,Pitching Mound.Drive,,Delivery,pitch.1,774473,0.194,0.1122,1.3904,0.2387,-0.9284,-0.0012,0.0,0.0
1780080240668,2,Pitching Mound.Parent,,Delivery,pitch.1,772619,6.0731,-51.7394,138.0941,-65.2809,239.1095,72.2903,-0.1781,0.0332
1780080240669,2,12.00000015,Lower Delivery,Delivery,pitch.1,773989,-3.7569,-38.769,86.9252,-208.1878,161.8365,67.5937,-0.1908,-0.2455
1780080240669,2,12.00000018,Upper Delivery,Delivery,pitch.1,775276,9.5213,-12.7824,49.2963,131.6896,76.2875,-1.2437,-0.1586,0.2738
1780080240669,2,Pitching Mound.Delivery,,Delivery,pitch.1,773364,5.7644,-51.5514,136.2215,-63.7044,238.124,70.8647,-0.1792,0.0364
1780080240669,2,Pitching Mound.Parent,,Delivery,pitch.1,772620,5.9584,-51.4392,137.6118,-63.4657,237.1956,70.8635,-0.1774,0.036
1780080240670,2,11.0000004b,Drive,Delivery,pitch.1,774474,0.1336,0.0795,1.2124,0.1318,-0.641,0.0015,0.0,0.0
1780080240670,2,12.00000015,Lower Delivery,Delivery,pitch.1,773990,-3.7369,-38.6334,86.9601,-207.2996,160.2133,67.0091,-0.1888,-0.2443
1780080240670,2,Pitching Mound.Drive,,Delivery,pitch.1,774474,0.1336,0.0795,1.2124,0.1318,-0.641,0.0015,0.0,0.0
1780080240671,2,11.0000004b,Drive,Delivery,pitch.1,774475,0.0727,0.0387,1.0745,0.0872,-0.4717,0.0037,0.0,0.0
1780080240671,2,12.00000015,Lower Delivery,Delivery,pitch.1,773991,-4.051,-38.4692,86.7716,-207.4591,158.9135,66.7394,-0.1877,-0.2451
1780080240671,2,12.00000018,Upper Delivery,Delivery,pitch.1,775277,9.4401,-12.7093,48.1672,131.5514,75.7824,-1.8353,-0.1613,0.2799
1780080240671,2,12.00000018,Upper Delivery,Delivery,pitch.1,775278,9.4211,-12.669,47.4245,133.7532,76.383,-2.7002,-0.1651,0.2891
1780080240671,2,Pitching Mound.Delivery,,Delivery,pitch.1,773365,5.7032,-51.3428,135.1273,-62.5586,235.9957,69.654,-0.179,0.0402
1780080240671,2,Pitching Mound.Delivery,,Delivery,pitch.1,773366,5.3701,-51.1382,134.1961,-60.3278,235.2964,68.6198,-0.1797,0.0434
1780080240671,2,Pitching Mound.Drive,,Delivery,pitch.1,774475,0.0727,0.0387,1.0745,0.0872,-0.4717,0.0037,0.0,0.0
1780080240671,2,Pitching Mound.Parent,,Delivery,pitch.1,772621,5.8368,-51.2632,136.3397,-62.4267,235.3548,69.6555,-0.1774,0.0398
1780080240671,2,Pitching Mound.Parent,,Delivery,pitch.1,772622,5.4428,-51.0995,135.2706,-60.2407,234.8247,68.6234,-0.1783,0.0431
1780080240672,2,11.0000004b,Drive,Delivery,pitch.1,774476,0.0426,0.0326,1.0547,0.0616,-0.2937,0.0043,0.0,0.0
1780080240672,2,11.0000004b,Drive,Delivery,pitch.1,774477,0.0209,0.0281,1.0761,0.0573,-0.3013,0.0041,0.0,0.0
1780080240672,2,12.00000015,Lower Delivery,Delivery,pitch.1,773992,-4.0489,-38.2918,86.0582,-206.0427,157.7798,66.4565,-0.1879,-0.2454
1780080240672,2,12.00000018,Upper Delivery,Delivery,pitch.1,775279,9.2903,-12.523,46.2433,134.352,75.0103,-3.0865,-0.1663,0.2978
1780080240672,2,Pitching Mound.Delivery,,Delivery,pitch.1,773367,5.2414,-50.8148,132.3016,-58.1536,232.7901,67.9053,-0.1803,0.0468
1780080240672,2,Pitching Mound.Drive,,Delivery,pitch.1,774476,0.0426,0.0326,1.0547,0.0616,-0.2937,0.0043,0.0,0.0
1780080240672,2,Pitching Mound.Drive,,Delivery,pitch.1,774477,0.0209,0.0281,1.0761,0.0573,-0.3013,0.0041,0.0,0.0
1780080240672,2,Pitching Mound.Parent,,Delivery,pitch.1,772623,5.284,-50.7822,133.3562,-58.0921,232.4965,67.9096,-0.1789,0.0464
1780080240673,2,12.00000015,Lower Delivery,Delivery,pitch.1,773993,-4.3776,-37.9861,85.8457,-206.5511,156.9196,65.3491,-0.1874,-0.2466
1780080240673,2,12.00000018,Upper Delivery,Delivery,pitch.1,775280,9.2652,-12.3058,45.4309,135.7475,75.1716,-3.9708,-0.1696,0.3063
1780080240673,2,Pitching Mound.Delivery,,Delivery,pitch.1,773368,4.8876,-50.2919,131.2767,-57.0625,232.0912,66.0169,-0.1812,0.0494
1780080240673,2,Pitching Mound.Parent,,Delivery,pitch.1,772624,4.9084,-50.2638,132.3528,-57.0052,231.7899,66.0209,-0.1797,0.049
1780080240674,2,11.0000004b,Drive,Delivery,pitch.1,774478,0.0355,0.0391,1.1074,0.0799,-0.5342,0.0013,0.0,0.0
1780080240674,2,11.0000004b,Drive,Delivery,pitch.1,774479,0.0576,0.0594,1.2278,0.0844,-0.542,0.0009,0.0,0.0
1780080240674,2,12.00000015,Lower Delivery,Delivery,pitch.1,773994,-4.529,-37.7667,85.71,-207.6404,157.357,64.4399,-0.1882,-0.2483
1780080240674,2,12.00000018,Upper Delivery,Delivery,pitch.1,775281,9.1132,-12.0855,44.2423,137.0209,75.4768,-4.7112,-0.1749,0.3174
1780080240674,2,Pitching Mound.Delivery,,Delivery,pitch.1,773369,4.5842,-49.8522,129.9523,-56.5204,232.8338,64.367,-0.1836,0.0528
1780080240674,2,Pitching Mound.Drive,,Delivery,pitch.1,774478,0.0355,0.0391,1.1074,0.0799,-0.5342,0.0013,0.0,0.0
1780080240674,2,Pitching Mound.Drive,,Delivery,pitch.1,774479,0.0576,0.0594,1.2278,0.0844,-0.542,0.0009,0.0,0.0
1780080240674,2,Pitching Mound.Parent,,Delivery,pitch.1,772625,4.6197,-49.8131,131.0597,-56.4405,232.2996,64.3684,-0.1821,0.0523
1780080240675,2,11.0000004b,Drive,Delivery,pitch.1,774480,0.0904,0.0735,1.299,0.0881,-0.5778,0.0017,0.0,0.0
1780080240675,2,12.00000015,Lower Delivery,Delivery,pitch.1,773995,-4.772,-37.6143,86.4169,-209.3375,157.5906,63.3434,-0.1869,-0.2483
1780080240675,2,12.00000018,Upper Delivery,Delivery,pitch.1,775282,9.1122,-11.7528,43.7475,136.9508,76.0792,-5.242,-0.1782,0.3209
1780080240675,2,Pitching Mound.Delivery,,Delivery,pitch.1,773370,4.3402,-49.3671,130.1644,-57.8791,233.6698,62.8221,-0.184,0.0545
1780080240675,2,Pitching Mound.Drive,,Delivery,pitch.1,774480,0.0904,0.0735,1.299,0.0881,-0.5778,0.0017,0.0,0.0
1780080240675,2,Pitching Mound.Parent,,Delivery,pitch.1,772626,4.3977,-49.3078,131.3922,-57.7948,233.1278,62.823,-0.1823,0.0539
1780080240676,2,11.0000004b,Drive,Delivery,pitch.1,774481,0.1364,0.0903,1.309,0.0994,-0.3453,0.0047,0.0,0.0
1780080240676,2,12.00000015,Lower Delivery,Delivery,pitch.1,773996,-4.9871,-37.4975,86.0073,-208.4376,156.0133,62.5961,-0.1859,-0.2484
1780080240676,2,12.00000018,Upper Delivery,Delivery,pitch.1,775283,9.0125,-11.4402,42.7975,135.9296,75.3329,-5.9139,-0.1804,0.3255
1780080240676,2,Pitching Mound.Delivery,,Delivery,pitch.1,773371,4.0253,-48.9378,128.8048,-57.8167,231.3462,61.4421,-0.1841,0.0564
1780080240676,2,Pitching Mound.Drive,,Delivery,pitch.1,774481,0.1364,0.0903,1.309,0.0994,-0.3453,0.0047,0.0,0.0
1780080240676,2,Pitching Mound.Parent,,Delivery,pitch.1,772627,4.1157,-48.8643,130.1038,-57.7287,230.7683,61.4439,-0.1823,0.0558
1780080240677,2,11.0000004b,Drive,Delivery,pitch.1,774482,0.1671,0.0966,1.3061,0.1575,-0.4559,0.0042,0.0,0.0
1780080240677,2,12.00000015,Lower Delivery,Delivery,pitch.1,773997,-5.0643,-37.2648,86.2202,-208.767,157.1593,61.6171,-0.1868,-0.2482
1780080240677,2,12.00000018,Upper Delivery,Delivery,pitch.1,775284,8.9105,-11.1281,42.3497,135.1107,76.1015,-6.4937,-0.1842,0.327
1780080240677,2,Pitching Mound.Delivery,,Delivery,pitch.1,773372,3.8462,-48.3928,128.5699,-58.7403,233.2607,59.8748,-0.186,0.0573
1780080240677,2,Pitching Mound.Drive,,Delivery,pitch.1,774482,0.1671,0.0966,1.3061,0.1575,-0.4559,0.0042,0.0,0.0
1780080240677,2,Pitching Mound.Parent,,Delivery,pitch.1,772628,3.9826,-48.3025,129.8789,-58.6409,232.9154,59.8794,-0.1841,0.0567
1780080240678,2,11.0000004b,Drive,Delivery,pitch.1,774483,0.2319,0.129,1.4827,0.192,-0.5973,0.0036,0.0,0.0
1780080240678,2,12.00000015,Lower Delivery,Delivery,pitch.1,773998,-5.3288,-37.0578,86.2989,-207.7582,155.9773,60.4051,-0.1853,-0.2467
1780080240678,2,12.00000018,Upper Delivery,Delivery,pitch.1,775285,8.7397,-10.8517,41.3727,134.3573,77.9542,-7.0138,-0.1931,0.327
1780080240678,2,Pitching Mound.Delivery,,Delivery,pitch.1,773373,3.411,-47.9095,127.6716,-58.126,233.9315,58.1746,-0.1878,0.0588
1780080240678,2,Pitching Mound.Drive,,Delivery,pitch.1,774483,0.2319,0.129,1.4827,0.192,-0.5973,0.0036,0.0,0.0
1780080240678,2,Pitching Mound.Parent,,Delivery,pitch.1,772629,3.578,-47.8129,128.9777,-57.9685,233.4756,58.1788,-0.1859,0.0582
1780080240679,2,11.0000004b,Drive,Delivery,pitch.1,774484,0.2662,0.1471,1.5282,0.2265,-0.6208,0.0034,0.0,0.0
1780080240679,2,12.00000015,Lower Delivery,Delivery,pitch.1,773999,-5.4221,-36.7114,85.3643,-207.043,152.2494,59.4275,-0.1828,-0.2486
1780080240679,2,12.00000018,Upper Delivery,Delivery,pitch.1,775286,8.44,-10.4412,40.1162,132.2832,77.58,-7.6847,-0.1982,0.327
1780080240679,2,Pitching Mound.Delivery,,Delivery,pitch.1,773374,3.0179,-47.1526,125.4805,-59.3754,229.8294,56.4558,-0.1877,0.058
1780080240679,2,Pitching Mound.Drive,,Delivery,pitch.1,774484,0.2662,0.1471,1.5282,0.2265,-0.6208,0.0034,0.0,0.0
1780080240679,2,Pitching Mound.Parent,,Delivery,pitch.1,772630,3.2498,-47.0235,126.9632,-59.1834,229.2321,56.4594,-0.1855,0.0574
1780080240680,2,11.0000004b,Drive,Delivery,pitch.1,774485,0.3167,0.1538,1.5569,0.2068,-0.7218,0.0008,0.0,0.0
1780080240680,2,12.00000015,Lower Delivery,Delivery,pitch.1,774000,-5.4736,-36.4077,84.8385,-205.5995,151.8322,58.5659,-0.1834,-0.2484
1780080240680,2,12.00000018,Upper Delivery,Delivery,pitch.1,775287,8.587,-10.1873,39.8328,130.2302,75.2373,-8.3596,-0.1936,0.327
1780080240680,2,Pitching Mound.Delivery,,Delivery,pitch.1,773375,3.1133,-46.595,124.6714,-60.0674,227.0695,54.9869,-0.1867,0.0582
1780080240680,2,Pitching Mound.Drive,,Delivery,pitch.1,774485,0.3167,0.1538,1.5569,0.2068,-0.7218,0.0008,0.0,0.0
1780080240680,2,Pitching Mound.Parent,,Delivery,pitch.1,772631,3.3796,-46.4479,126.1995,-59.8409,226.4488,54.9903,-0.1844,0.0575
1780080240681,2,11.0000004b,Drive,Delivery,pitch.1,774486,0.3594,0.1587,1.541,0.207,-0.8848,-0.0011,0.0,0.0
1780080240681,2,12.00000015,Lower Delivery,Delivery,pitch.1,774001,-5.5084,-36.1658,84.6732,-203.6212,151.8456,57.7621,-0.1838,-0.2465
1780080240681,2,12.00000018,Upper Delivery,Delivery,pitch.1,775288,8.9202,-9.8151,40.1012,128.115,75.1453,-9.1175,-0.1921,0.327
1780080240681,2,Pitching Mound.Delivery,,Delivery,pitch.1,773376,3.4118,-45.9809,124.7744,-60.3518,226.9909,53.5503,-0.1865,0.0593
1780080240681,2,Pitching Mound.Drive,,Delivery,pitch.1,774486,0.3594,0.1587,1.541,0.207,-0.8848,-0.0011,0.0,0.0
1780080240681,2,Pitching Mound.Parent,,Delivery,pitch.1,772632,3.7285,-45.8271,126.3314,-60.145,226.2691,53.5511,-0.1842,0.0586
1780080240682,2,11.0000004b,Drive,Delivery,pitch.1,774487,0.3984,0.1624,1.4478,0.2443,-1.086,-0.0026,0.0,0.0
1780080240682,2,12.00000015,Lower Delivery,Delivery,pitch.1,774002,-5.6964,-35.7878,84.0562,-201.5965,150.7068,57.0839,-0.1838,-0.2458
1780080240682,2,12.00000018,Upper Delivery,Delivery,pitch.1,775289,9.1551,-9.3355,40.5826,125.7727,72.5894,-9.5536,-0.1833,0.3177
1780080240682,2,Pitching Mound.Delivery,,Delivery,pitch.1,773377,3.4587,-45.1233,124.6388,-61.0428,223.2961,52.5799,-0.1836,0.0562
1780080240682,2,Pitching Mound.Drive,,Delivery,pitch.1,774487,0.3984,0.1624,1.4478,0.2443,-1.086,-0.0026,0.0,0.0
1780080240682,2,Pitching Mound.Parent,,Delivery,pitch.1,772633,3.8181,-44.9646,126.1798,-60.8358,222.4113,52.5788,-0.1814,0.0556
1780080240683,2,11.0000004b,Drive,Delivery,pitch.1,774488,0.4142,0.1619,1.3694,0.1969,-0.9422,-0.0015,0.0,0.0
1780080240683,2,12.00000015,Lower Delivery,Delivery,pitch.1,774003,-5.8266,-35.4858,83.6972,-199.9042,150.3359,56.1944,-0.1841,-0.2448
1780080240683,2,12.00000018,Upper Delivery,Delivery,pitch.1,775290,9.2079,-9.0506,40.2045,122.3094,70.6324,-10.3844,-0.1801,0.3118
1780080240683,2,Pitching Mound.Delivery,,Delivery,pitch.1,773378,3.3813,-44.5364,123.9017,-62.8072,220.9683,50.9218,-0.1828,0.0552
1780080240683,2,Pitching Mound.Drive,,Delivery,pitch.1,774488,0.4142,0.1619,1.3694,0.1969,-0.9422,-0.0015,0.0,0.0
1780080240683,2,Pitching Mound.Parent,,Delivery,pitch.1,772634,3.7797,-44.3741,125.3494,-62.563,219.8823,50.9192,-0.1807,0.0545
1780080240684,2,11.0000004b,Drive,Delivery,pitch.1,774489,0.4085,0.1606,1.372,0.1573,-0.8316,-0.0014,0.0,0.0
1780080240684,2,12.00000015,Lower Delivery,Delivery,pitch.1,774004,-5.8798,-35.2188,83.6452,-198.9969,151.0654,55.5193,-0.1851,-0.2438
1780080240684,2,12.00000018,Upper Delivery,Delivery,pitch.1,775291,9.4348,-8.6406,40.7847,123.76,71.9115,-10.9209,-0.1807,0.311
1780080240684,2,Pitching Mound.Delivery,,Delivery,pitch.1,773379,3.555,-43.8594,124.4299,-60.6643,222.9769,49.8053,-0.1837,0.0551
1780080240684,2,Pitching Mound.Drive,,Delivery,pitch.1,774489,0.4085,0.1606,1.372,0.1573,-0.8316,-0.0014,0.0,0.0
1780080240684,2,Pitching Mound.Parent,,Delivery,pitch.1,772635,3.9692,-43.6975,125.7994,-60.4674,222.0347,49.8037,-0.1817,0.0545
1780080240685,2,11.0000004b,Drive,Delivery,pitch.1,774490,0.3891,0.154,1.3146,0.124,-0.7541,-0.0005,0.0,0.0
1780080240685,2,12.00000015,Lower Delivery,Delivery,pitch.1,774005,-6.0712,-35.0102,83.1804,-197.0571,150.2297,54.767,-0.1851,-0.2428
1780080240685,2,12.00000018,Upper Delivery,Delivery,pitch.1,775292,10.0473,-8.2972,43.1138,124.5178,72.1009,-11.6913,-0.1714,0.296
1780080240685,2,Pitching Mound.Delivery,,Delivery,pitch.1,773380,3.9761,-43.3074,126.2941,-58.9167,222.3306,48.5561,-0.1804,0.049
1780080240685,2,Pitching Mound.Drive,,Delivery,pitch.1,774490,0.3891,0.154,1.3146,0.124,-0.7541,-0.0005,0.0,0.0
1780080240685,2,Pitching Mound.Parent,,Delivery,pitch.1,772636,4.3847,-43.1469,127.6661,-58.7593,221.499,48.5546,-0.1785,0.0485
1780080240686,2,11.0000004b,Drive,Delivery,pitch.1,774491,0.3456,0.1415,1.2558,0.0948,-0.5227,-0.0027,0.0,0.0
1780080240686,2,12.00000015,Lower Delivery,Delivery,pitch.1,774006,-5.96,-34.378,82.9085,-197.5162,149.8152,54.0112,-0.1852,-0.2442
1780080240686,2,12.00000018,Upper Delivery,Delivery,pitch.1,775293,10.1843,-8.0481,43.124,124.9964,72.5522,-12.2773,-0.1724,0.2971
1780080240686,2,Pitching Mound.Delivery,,Delivery,pitch.1,773381,4.2242,-42.426,126.0325,-58.993,222.3674,47.223,-0.1808,0.0484
1780080240686,2,Pitching Mound.Drive,,Delivery,pitch.1,774491,0.3456,0.1415,1.2558,0.0948,-0.5227,-0.0027,0.0,0.0
1780080240686,2,Pitching Mound.Parent,,Delivery,pitch.1,772637,4.6133,-42.2721,127.3471,-58.869,221.6134,47.2225,-0.179,0.0479
1780080240687,2,11.0000004b,Drive,Delivery,pitch.1,774492,0.3122,0.1355,1.2379,0.0945,-0.4315,-0.0031,0.0,0.0
1780080240687,2,12.00000015,Lower Delivery,Delivery,pitch.1,774007,-5.939,-33.9814,81.9511,-195.3857,148.6938,53.0047,-0.186,-0.2444
1780080240687,2,12.00000018,Upper Delivery,Delivery,pitch.1,775294,10.396,-7.8694,43.6226,126.5357,73.5947,-13.0322,-0.1729,0.2973
1780080240687,2,Pitching Mound.Delivery,,Delivery,pitch.1,773382,4.457,-41.8508,125.5737,-55.8184,222.2885,45.5265,-0.1814,0.0476
1780080240687,2,Pitching Mound.Drive,,Delivery,pitch.1,774492,0.3122,0.1355,1.2379,0.0945,-0.4315,-0.0031,0.0,0.0
1780080240687,2,Pitching Mound.Parent,,Delivery,pitch.1,772638,4.7693,-41.7153,126.8116,-55.7239,221.857,45.5234,-0.1797,0.0471
1780080240688,2,11.0000004b,Drive,Delivery,pitch.1,774493,0.2729,0.1234,1.2064,0.0759,-0.2024,-0.0019,0.0,0.0
1780080240688,2,12.00000015,Lower Delivery,Delivery,pitch.1,774008,-5.9519,-33.5407,81.7262,-193.9709,149.2078,51.9509,-0.1871,-0.2433
1780080240688,2,12.00000018,Upper Delivery,Delivery,pitch.1,775295,10.8484,-7.7391,44.9946,126.2821,72.9618,-13.7437,-0.1662,0.2877
1780080240688,2,Pitching Mound.Delivery,,Delivery,pitch.1,773383,4.8965,-41.2798,126.7208,-55.2001,222.1696,43.9192,-0.1797,0.0438
1780080240688,2,Pitching Mound.Drive,,Delivery,pitch.1,774493,0.2729,0.1234,1.2064,0.0759,-0.2024,-0.0019,0.0,0.0
1780080240688,2,Pitching Mound.Parent,,Delivery,pitch.1,772639,5.1695,-41.1564,127.9272,-55.1242,221.9673,43.9173,-0.178,0.0434
1780080240689,2,11.0000004b,Drive,Delivery,pitch.1,774494,0.2156,0.0987,1.1509,0.0721,-0.1417,-0.0012,0.0,0.0
1780080240689,2,12.00000015,Lower Delivery,Delivery,pitch.1,774009,-6.0265,-33.1313,80.6808,-192.3229,147.1436,51.1579,-0.1869,-0.2443
1780080240689,2,12.00000018,Upper Delivery,Delivery,pitch.1,775296,10.947,-7.59,45.3246,127.5192,74.6465,-14.3237,-0.1688,0.2884
1780080240689,2,Pitching Mound.Delivery,,Delivery,pitch.1,773384,4.9205,-40.7213,126.0054,-52.7826,221.7901,42.6052,-0.1804,0.0427
1780080240689,2,Pitching Mound.Drive,,Delivery,pitch.1,774494,0.2156,0.0987,1.1509,0.0721,-0.1417,-0.0012,0.0,0.0
1780080240689,2,Pitching Mound.Parent,,Delivery,pitch.1,772640,5.1362,-40.6226,127.1563,-52.7105,221.6484,42.604,-0.1788,0.0423
1780080240690,2,11.0000004b,Drive,Delivery,pitch.1,774495,0.1675,0.0817,1.0791,0.0726,-0.0468,-0.001,0.0,0.0
1780080240690,2,12.00000015,Lower Delivery,Delivery,pitch.1,774010,-5.9531,-32.7665,81.1887,-193.4585,147.9829,50.3148,-0.1868,-0.2442
1780080240690,2,12.00000018,Upper Delivery,Delivery,pitch.1,775297,11.0398,-7.4347,45.5328,127.1756,74.7093,-15.1836,-0.1682,0.2863
1780080240690,2,Pitching Mound.Delivery,,Delivery,pitch.1,773385,5.0868,-40.2012,126.7215,-54.1599,222.6922,40.9088,-0.1801,0.0421
1780080240690,2,Pitching Mound.Drive,,Delivery,pitch.1,774495,0.1675,0.0817,1.0791,0.0726,-0.0468,-0.001,0.0,0.0
1780080240690,2,Pitching Mound.Parent,,Delivery,pitch.1,772641,5.2543,-40.1195,127.8005,-54.0873,222.6454,40.9077,-0.1786,0.0417
1780080240691,2,11.0000004b,Drive,Delivery,pitch.1,774496,0.1226,0.0677,0.9969,0.0717,-0.0402,0.0005,0.0,0.0
1780080240691,2,12.00000015,Lower Delivery,Delivery,pitch.1,774011,-5.9406,-32.3808,80.6531,-193.2002,146.8242,49.5166,-0.1866,-0.2455
1780080240691,2,12.00000018,Upper Delivery,Delivery,pitch.1,775298,11.2742,-7.331,46.3852,129.1592,76.3674,-15.9529,-0.1687,0.2854
1780080240691,2,Pitching Mound.Delivery,,Delivery,pitch.1,773386,5.3336,-39.7118,127.0383,-52.39,223.1916,39.4167,-0.1801,0.04
1780080240691,2,Pitching Mound.Drive,,Delivery,pitch.1,774496,0.1226,0.0677,0.9969,0.0717,-0.0402,0.0005,0.0,0.0
1780080240691,2,Pitching Mound.Parent,,Delivery,pitch.1,772642,5.4561,-39.6442,128.0352,-52.3183,223.1513,39.4172,-0.1787,0.0397
1780080240692,2,11.0000004b,Drive,Delivery,pitch.1,774497,0.0668,0.0538,0.9112,0.0575,-0.0346,0.0015,0.0,0.0
1780080240692,2,12.00000015,Lower Delivery,Delivery,pitch.1,774012,-5.9708,-32.0168,79.6497,-192.8076,145.7679,48.6777,-0.1876,-0.2481
1780080240692,2,12.00000018,Upper Delivery,Delivery,pitch.1,775299,11.31,-7.1766,46.4838,129.2698,77.073,-16.6815,-0.1699,0.285
1780080240692,2,Pitching Mound.Delivery,,Delivery,pitch.1,773387,5.3391,-39.1933,126.1335,-52.2614,222.841,37.8718,-0.1811,0.0378
1780080240692,2,Pitching Mound.Drive,,Delivery,pitch.1,774497,0.0668,0.0538,0.9112,0.0575,-0.0346,0.0015,0.0,0.0
1780080240692,2,Pitching Mound.Parent,,Delivery,pitch.1,772643,5.4059,-39.1395,127.0446,-52.2039,222.8064,37.8732,-0.1798,0.0375
1780080240693,2,11.0000004b,Drive,Delivery,pitch.1,774498,0.0373,0.0417,0.7968,0.0503,-0.0322,0.0028,0.0,0.0
1780080240693,2,12.00000015,Lower Delivery,Delivery,pitch.1,774013,-5.9595,-31.7116,79.5272,-191.7525,145.1681,47.9872,-0.1871,-0.2471
1780080240693,2,12.00000018,Upper Delivery,Delivery,pitch.1,775300,11.3954,-7.0624,46.6675,130.0243,77.9727,-17.281,-0.1713,0.2856
1780080240693,2,Pitching Mound.Delivery,,Delivery,pitch.1,773388,5.4359,-38.774,126.1947,-50.5559,223.1408,36.6069,-0.1812,0.0384
1780080240693,2,Pitching Mound.Drive,,Delivery,pitch.1,774498,0.0373,0.0417,0.7968,0.0503,-0.0322,0.0028,0.0,0.0
1780080240693,2,Pitching Mound.Parent,,Delivery,pitch.1,772644,5.4732,-38.7323,126.9915,-50.5056,223.1086,36.6097,-0.1801,0.0382
1780080240694,2,11.0000004b,Drive,Delivery,pitch.1,774499,0.0361,0.0396,0.7601,0.0339,-0.0333,0.004,0.0,0.0
1780080240694,2,12.00000015,Lower Delivery,Delivery,pitch.1,774014,-5.8955,-31.5472,79.7718,-191.5648,145.4024,47.663,-0.1868,-0.2461
1780080240694,2,12.00000018,Upper Delivery,Delivery,pitch.1,775301,11.4923,-6.9664,46.9151,131.4478,78.9997,-17.8887,-0.1726,0.2872
1780080240694,2,Pitching Mound.Delivery,,Delivery,pitch.1,773389,5.5969,-38.5136,126.6869,-48.9457,224.4021,35.6862,-0.1816,0.0395
1780080240694,2,Pitching Mound.Drive,,Delivery,pitch.1,774499,0.0361,0.0396,0.7601,0.0339,-0.0333,0.004,0.0,0.0
1780080240694,2,Pitching Mound.Parent,,Delivery,pitch.1,772645,5.633,-38.474,127.447,-48.9118,224.3687,35.6902,-0.1805,0.0393
1780080240695,2,11.0000004b,Drive,Delivery,pitch.1,774500,0.0592,0.0363,0.8545,0.028,-0.0348,0.004,0.0,0.0
1780080240695,2,12.00000015,Lower Delivery,Delivery,pitch.1,774015,-5.8591,-31.2,79.5205,-191.4251,144.4607,47.0738,-0.1862,-0.2467
1780080240695,2,12.00000018,Upper Delivery,Delivery,pitch.1,775302,11.4887,-6.8668,46.8696,132.9585,80.1772,-18.5101,-0.1753,0.2908
1780080240695,2,Pitching Mound.Delivery,,Delivery,pitch.1,773390,5.6297,-38.0668,126.3901,-47.3652,224.6379,34.462,-0.1822,0.0404
1780080240695,2,Pitching Mound.Drive,,Delivery,pitch.1,774500,0.0592,0.0363,0.8545,0.028,-0.0348,0.004,0.0,0.0
1780080240695,2,Pitching Mound.Parent,,Delivery,pitch.1,772646,5.6888,-38.0305,127.2446,-47.3372,224.6031,34.466,-0.1809,0.0401
1780080240696,2,11.0000004b,Drive,Delivery,pitch.1,774501,0.0812,0.0408,0.8387,0.0295,-0.0367,0.0038,0.0,0.0
1780080240696,2,12.00000015,Lower Delivery,Delivery,pitch.1,774016,-5.8847,-30.8442,79.1164,-191.6152,142.5629,46.5691,-0.1847,-0.2482
1780080240696,2,12.00000018,Upper Delivery,Delivery,pitch.1,775303,11.4839,-6.7074,46.5241,132.1399,79.4619,-19.2178,-0.1751,0.2911
1780080240696,2,Pitching Mound.Delivery,,Delivery,pitch.1,773391,5.5992,-37.5516,125.6405,-48.394,222.0248,33.2567,-0.1811,0.0397
1780080240696,2,Pitching Mound.Drive,,Delivery,pitch.1,774501,0.0812,0.0408,0.8387,0.0295,-0.0367,0.0038,0.0,0.0
1780080240696,2,Pitching Mound.Parent,,Delivery,pitch.1,772647,5.6805,-37.5108,126.4792,-48.3644,221.988,33.2605,-0.1799,0.0394
1780080240697,2,11.0000004b,Drive,Delivery,pitch.1,774502,0.1153,0.0567,0.9495,0.0264,-0.039,0.0045,0.0,0.0
1780080240697,2,12.00000015,Lower Delivery,Delivery,pitch.1,774017,-5.8888,-30.5222,78.8362,-192.4953,140.9799,45.9956,-0.1833,-0.2503
1780080240697,2,12.00000018,Upper Delivery,Delivery,pitch.1,775304,11.442,-6.5849,46.1729,132.8752,79.8167,-19.8647,-0.1772,0.295
1780080240697,2,Pitching Mound.Delivery,,Delivery,pitch.1,773392,5.5532,-37.107,125.0092,-48.5146,220.7966,32.0234,-0.181,0.04
1780080240697,2,Pitching Mound.Drive,,Delivery,pitch.1,774502,0.1153,0.0567,0.9495,0.0264,-0.039,0.0045,0.0,0.0
1780080240697,2,Pitching Mound.Parent,,Delivery,pitch.1,772648,5.6686,-37.0504,125.9587,-48.4882,220.7576,32.0279,-0.1797,0.0397
1780080240698,2,11.0000004b,Drive,Delivery,pitch.1,774503,0.1389,0.0637,1.044,0.0362,-0.0669,0.0039,0.0,0.0
1780080240698,2,12.00000015,Lower Delivery,Delivery,pitch.1,774018,-5.9198,-30.3302,79.146,-190.5681,141.5665,45.5167,-0.1833,-0.2468
1780080240698,2,12.00000018,Upper Delivery,Delivery,pitch.1,775305,11.3459,-6.4473,45.6839,134.6528,80.9883,-20.5502,-0.1817,0.3021
1780080240698,2,Pitching Mound.Delivery,,Delivery,pitch.1,773393,5.4261,-36.7775,124.8299,-44.5381,222.5549,30.8368,-0.1827,0.0452
1780080240698,2,Pitching Mound.Drive,,Delivery,pitch.1,774503,0.1389,0.0637,1.044,0.0362,-0.0669,0.0039,0.0,0.0
1780080240698,2,Pitching Mound.Parent,,Delivery,pitch.1,772649,5.565,-36.7139,125.8739,-44.5019,222.488,30.8408,-0.1812,0.0449
1780080240699,2,11.0000004b,Drive,Delivery,pitch.1,774504,0.1771,0.0773,1.1388,0.0453,-0.1035,0.0028,0.0,0.0
1780080240699,2,12.00000015,Lower Delivery,Delivery,pitch.1,774019,-6.0032,-30.0322,79.0132,-190.8059,141.0337,44.5597,-0.1829,-0.2475
1780080240699,2,12.00000018,Upper Delivery,Delivery,pitch.1,775306,11.2746,-6.3794,44.9444,134.4258,80.1861,-21.2259,-0.1829,0.3066
1780080240699,2,Pitching Mound.Delivery,,Delivery,pitch.1,773394,5.2714,-36.4115,123.9575,-44.7967,221.2198,29.2083,-0.1829,0.0468
1780080240699,2,Pitching Mound.Drive,,Delivery,pitch.1,774504,0.1771,0.0773,1.1388,0.0453,-0.1035,0.0028,0.0,0.0
1780080240699,2,Pitching Mound.Parent,,Delivery,pitch.1,772650,5.4485,-36.3343,125.0963,-44.7515,221.1163,29.2111,-0.1813,0.0464
1780080240700,2,11.0000004b,Drive,Delivery,pitch.1,774505,0.2121,0.0937,1.2328,0.0556,-0.1577,0.0028,0.0,0.0
1780080240700,2,12.00000015,Lower Delivery,Delivery,pitch.1,774020,-6.0335,-29.7055,79.1001,-188.8979,141.4778,43.6704,-0.1833,-0.2448
1780080240700,2,12.00000018,Upper Delivery,Delivery,pitch.1,775307,11.2243,-6.2556,44.4976,136.037,80.9537,-21.8258,-0.1865,0.3133
1780080240700,2,Pitching Mound.Delivery,,Delivery,pitch.1,773395,5.1908,-35.9611,123.5977,-41.0961,222.4315,27.7122,-0.1845,0.0514
1780080240700,2,Pitching Mound.Drive,,Delivery,pitch.1,774505,0.2121,0.0937,1.2328,0.0556,-0.1577,0.0028,0.0,0.0
1780080240700,2,Pitching Mound.Parent,,Delivery,pitch.1,772651,5.4029,-35.8675,124.8306,-41.0406,222.2738,27.715,-0.1826,0.0508
1780080240701,2,11.0000004b,Drive,Delivery,pitch.1,774506,0.2512,0.1114,1.3564,0.1004,-0.2842,0.0032,0.0,0.0
1780080240701,2,12.00000015,Lower Delivery,Delivery,pitch.1,774021,-6.0637,-29.425,79.3331,-188.157,141.7266,42.9767,-0.1831,-0.2431
1780080240701,2,12.00000018,Upper Delivery,Delivery,pitch.1,775308,11.1554,-6.1597,43.9331,136.692,82.1009,-22.454,-0.1915,0.3189
1780080240701,2,Pitching Mound.Delivery,,Delivery,pitch.1,773396,5.0917,-35.5847,123.2661,-39.429,223.8275,26.3771,-0.1861,0.0548
1780080240701,2,Pitching Mound.Drive,,Delivery,pitch.1,774506,0.2512,0.1114,1.3564,0.1004,-0.2842,0.0032,0.0,0.0
1780080240701,2,Pitching Mound.Parent,,Delivery,pitch.1,772652,5.3429,-35.4733,124.6225,-39.3286,223.5433,26.3803,-0.1841,0.0543
1780080240702,2,11.0000004b,Drive,Delivery,pitch.1,774507,0.2764,0.1232,1.4089,0.0844,-0.1978,0.0039,0.0,0.0
1780080240702,2,12.00000015,Lower Delivery,Delivery,pitch.1,774022,-6.1245,-29.0467,79.679,-186.7985,142.0331,42.192,-0.1827,-0.2403
1780080240702,2,12.00000018,Upper Delivery,Delivery,pitch.1,775309,11.1155,-6.1132,43.2615,136.6246,83.4078,-23.3031,-0.1976,0.3237
1780080240702,2,Pitching Mound.Delivery,,Delivery,pitch.1,773397,4.9909,-35.1598,122.9405,-37.7919,225.4409,24.7504,-0.1879,0.0589
1780080240702,2,Pitching Mound.Drive,,Delivery,pitch.1,774507,0.2764,0.1232,1.4089,0.0844,-0.1978,0.0039,0.0,0.0
1780080240702,2,Pitching Mound.Parent,,Delivery,pitch.1,772653,5.2673,-35.0367,124.3494,-37.7076,225.2431,24.7543,-0.1858,0.0582
1780080240703,2,11.0000004b,Drive,Delivery,pitch.1,774508,0.3098,0.1373,1.4582,0.0851,-0.4654,0.0036,0.0,0.0
1780080240703,2,12.00000015,Lower Delivery,Delivery,pitch.1,774023,-6.1219,-28.817,79.9979,-186.8466,142.4796,41.6968,-0.1825,-0.2394
1780080240703,2,12.00000018,Upper Delivery,Delivery,pitch.1,775310,11.1772,-6.0151,42.7499,136.6867,83.0148,-23.8391,-0.199,0.327
1780080240703,2,Pitching Mound.Delivery,,Delivery,pitch.1,773398,5.0553,-34.8321,122.7478,-37.4956,225.4944,23.7394,-0.1883,0.0611
1780080240703,2,Pitching Mound.Drive,,Delivery,pitch.1,774508,0.3098,0.1373,1.4582,0.0851,-0.4654,0.0036,0.0,0.0
1780080240703,2,Pitching Mound.Parent,,Delivery,pitch.1,772654,5.3651,-34.6948,124.206,-37.4104,225.029,23.7429,-0.1861,0.0603
1780080240704,2,11.0000004b,Drive,Delivery,pitch.1,774509,0.3419,0.1422,1.4338,0.1694,-0.8171,0.0016,0.0,0.0
1780080240704,2,12.00000015,Lower Delivery,Delivery,pitch.1,774024,-6.1984,-28.6485,80.0108,-186.0547,142.1223,41.3125,-0.1821,-0.2383
1780080240704,2,12.00000018,Upper Delivery,Delivery,pitch.1,775311,11.2199,-5.8945,42.215,137.2408,84.3729,-24.3434,-0.2049,0.327
1780080240704,2,Pitching Mound.Delivery,,Delivery,pitch.1,773399,5.0215,-34.543,122.2258,-35.9633,226.4952,22.8913,-0.1899,0.0621
1780080240704,2,Pitching Mound.Drive,,Delivery,pitch.1,774509,0.3419,0.1422,1.4338,0.1694,-0.8171,0.0016,0.0,0.0
1780080240704,2,Pitching Mound.Parent,,Delivery,pitch.1,772655,5.3634,-34.4008,123.6596,-35.7939,225.6782,22.893,-0.1877,0.0613
1780080240705,2,11.0000004b,Drive,Delivery,pitch.1,774510,0.3475,0.1381,1.4195,0.196,-0.8709,0.0017,0.0,0.0
1780080240705,2,12.00000015,Lower Delivery,Delivery,pitch.1,774025,-6.1829,-28.4087,79.7299,-185.0305,141.3565,40.8451,-0.1817,-0.2379
1780080240705,2,12.00000018,Upper Delivery,Delivery,pitch.1,775312,11.2756,-5.7737,42.0089,137.5976,84.8944,-24.8163,-0.2071,0.327
1780080240705,2,Pitching Mound.Delivery,,Delivery,pitch.1,773400,5.0928,-34.1824,121.7389,-34.6078,226.2509,21.9647,-0.1905,0.0624
1780080240705,2,Pitching Mound.Drive,,Delivery,pitch.1,774510,0.3475,0.1381,1.4195,0.196,-0.8709,0.0017,0.0,0.0
1780080240705,2,Pitching Mound.Parent,,Delivery,pitch.1,772656,5.4402,-34.0442,123.1584,-34.4118,225.38,21.9664,-0.1883,0.0617
1780080240706,2,11.0000004b,Drive,Delivery,pitch.1,774511,0.3629,0.1389,1.396,0.2245,-1.0066,0.001,0.0,0.0
1780080240706,2,12.00000015,Lower Delivery,Delivery,pitch.1,774026,-6.1566,-28.155,79.9261,-185.589,141.971,40.3861,-0.1821,-0.238
1780080240706,2,12.00000018,Upper Delivery,Delivery,pitch.1,775313,11.4819,-5.7076,41.8583,135.9283,83.8645,-25.4069,-0.2054,0.327
1780080240706,2,Pitching Mound.Delivery,,Delivery,pitch.1,773401,5.3253,-33.8626,121.7844,-36.7178,225.8355,20.9762,-0.1901,0.0625
1780080240706,2,Pitching Mound.Drive,,Delivery,pitch.1,774511,0.3629,0.1389,1.396,0.2245,-1.0066,0.001,0.0,0.0
1780080240706,2,Pitching Mound.Parent,,Delivery,pitch.1,772657,5.6883,-33.7237,123.1803,-36.4933,224.8288,20.9773,-0.1879,0.0618
1780080240707,2,11.0000004b,Drive,Delivery,pitch.1,774512,0.3519,0.1348,1.3974,0.2217,-0.9793,0.0012,0.0,0.0
1780080240707,2,12.00000015,Lower Delivery,Delivery,pitch.1,774027,-6.1547,-27.9582,79.4594,-184.1126,140.7341,39.9437,-0.1815,-0.2375
1780080240707,2,12.00000018,Upper Delivery,Delivery,pitch.1,775314,11.6033,-5.5732,41.8301,137.6215,85.9136,-25.8864,-0.2105,0.327
1780080240707,2,Pitching Mound.Delivery,,Delivery,pitch.1,773402,5.4486,-33.5315,121.2895,-33.6972,226.6477,20.095,-0.1915,0.0627
1780080240707,2,Pitching Mound.Drive,,Delivery,pitch.1,774512,0.3519,0.1348,1.3974,0.2217,-0.9793,0.0012,0.0,0.0
1780080240707,2,Pitching Mound.Parent,,Delivery,pitch.1,772658,5.8005,-33.3967,122.6869,-33.4756,225.6684,20.0962,-0.1893,0.062
1780080240708,2,11.0000004b,Drive,Delivery,pitch.1,774513,0.3241,0.1259,1.3686,0.2192,-0.9213,0.0008,0.0,0.0
1780080240708,2,12.00000015,Lower Delivery,Delivery,pitch.1,774028,-6.1977,-27.7335,79.3517,-183.1,140.7269,39.7057,-0.1818,-0.2365
1780080240708,2,12.00000018,Upper Delivery,Delivery,pitch.1,775315,11.8821,-5.4694,42.0459,136.4363,84.3306,-26.4981,-0.2056,0.327
1780080240708,2,Pitching Mound.Delivery,,Delivery,pitch.1,773403,5.6844,-33.203,121.3976,-33.9797,225.0574,19.3547,-0.19,0.0632
1780080240708,2,Pitching Mound.Drive,,Delivery,pitch.1,774513,0.3241,0.1259,1.3686,0.2192,-0.9213,0.0008,0.0,0.0
1780080240708,2,Pitching Mound.Parent,,Delivery,pitch.1,772659,6.0085,-33.077,122.7662,-33.7604,224.1361,19.3555,-0.1879,0.0625
1780080240709,2,11.0000004b,Drive,Delivery,pitch.1,774514,0.2896,0.1182,1.3602,0.1964,-0.8784,0.0008,0.0,0.0
1780080240709,2,12.00000015,Lower Delivery,Delivery,pitch.1,774029,-6.1649,-27.4953,78.894,-181.5296,140.553,39.331,-0.1826,-0.2358
1780080240709,2,12.00000018,Upper Delivery,Delivery,pitch.1,775316,12.0636,-5.2724,42.5073,136.2733,84.3674,-26.9145,-0.2034,0.327
1780080240709,2,Pitching Mound.Delivery,,Delivery,pitch.1,773404,5.8987,-32.7677,121.4012,-32.8848,224.9205,18.6142,-0.1899,0.0632
1780080240709,2,Pitching Mound.Drive,,Delivery,pitch.1,774514,0.2896,0.1182,1.3602,0.1964,-0.8784,0.0008,0.0,0.0
1780080240709,2,Pitching Mound.Parent,,Delivery,pitch.1,772660,6.1883,-32.6495,122.7614,-32.6884,224.0421,18.615,-0.1878,0.0625
1780080240710,2,11.0000004b,Drive,Delivery,pitch.1,774515,0.2563,0.1115,1.3439,0.1473,-0.7754,-0.0005,0.0,0.0
1780080240710,2,12.00000015,Lower Delivery,Delivery,pitch.1,774030,-6.1795,-27.1565,78.7431,-180.8064,139.6877,38.6341,-0.1818,-0.2353
1780080240710,2,12.00000018,Upper Delivery,Delivery,pitch.1,775317,12.2729,-5.1767,42.9283,137.3146,84.8615,-27.5375,-0.2026,0.327
1780080240710,2,Pitching Mound.Delivery,,Delivery,pitch.1,773405,6.0934,-32.3332,121.6714,-31.3148,224.5492,17.3704,-0.1892,0.0632
1780080240710,2,Pitching Mound.Drive,,Delivery,pitch.1,774515,0.2563,0.1115,1.3439,0.1473,-0.7754,-0.0005,0.0,0.0
1780080240710,2,Pitching Mound.Parent,,Delivery,pitch.1,772661,6.3497,-32.2218,123.0153,-31.1675,223.7738,17.3699,-0.1871,0.0625
1780080240711,2,11.0000004b,Drive,Delivery,pitch.1,774516,0.2401,0.1143,1.3724,0.2036,-0.7852,0.0003,0.0,0.0
1780080240711,2,12.00000015,Lower Delivery,Delivery,pitch.1,774031,-6.1544,-26.9305,78.3573,-179.8501,138.5252,38.1467,-0.1812,-0.2353
1780080240711,2,12.00000018,Upper Delivery,Delivery,pitch.1,775318,12.4914,-4.9916,43.6166,138.6369,86.0276,-27.9639,-0.2022,0.3258
1780080240711,2,Pitching Mound.Delivery,,Delivery,pitch.1,773406,6.337,-31.9221,121.9739,-29.4015,224.5528,16.5224,-0.1887,0.0622
1780080240711,2,Pitching Mound.Drive,,Delivery,pitch.1,774516,0.2401,0.1143,1.3724,0.2036,-0.7852,0.0003,0.0,0.0
1780080240711,2,Pitching Mound.Parent,,Delivery,pitch.1,772662,6.5771,-31.8078,123.3463,-29.1979,223.7676,16.5228,-0.1866,0.0615
1780080240712,2,11.0000004b,Drive,Delivery,pitch.1,774517,0.2089,0.1041,1.3462,0.1891,-0.6033,0.0012,0.0,0.0
1780080240712,2,12.00000015,Lower Delivery,Delivery,pitch.1,774032,-6.1399,-26.7071,77.6089,-178.3258,137.7465,37.7659,-0.1819,-0.2355
1780080240712,2,12.00000018,Upper Delivery,Delivery,pitch.1,775319,12.5875,-4.8712,43.5048,138.8261,86.1521,-28.4333,-0.203,0.327
1780080240712,2,Pitching Mound.Delivery,,Delivery,pitch.1,773407,6.4476,-31.5784,121.1136,-27.9043,223.8986,15.6999,-0.1895,0.0623
1780080240712,2,Pitching Mound.Drive,,Delivery,pitch.1,774517,0.2089,0.1041,1.3462,0.1891,-0.6033,0.0012,0.0,0.0
1780080240712,2,Pitching Mound.Parent,,Delivery,pitch.1,772663,6.6565,-31.4743,122.4599,-27.7152,223.2953,15.7011,-0.1874,0.0616
1780080240713,2,11.0000004b,Drive,Delivery,pitch.1,774518,0.1872,0.1006,1.3582,0.1409,-0.3986,0.0021,0.0,0.0
1780080240713,2,12.00000015,Lower Delivery,Delivery,pitch.1,774033,-6.0713,-26.4259,77.2968,-178.0028,136.6373,37.0517,-0.1812,-0.236
1780080240713,2,12.00000018,Upper Delivery,Delivery,pitch.1,775320,12.7421,-4.6894,44.0692,139.9578,87.2785,-29.0711,-0.203,0.3255
1780080240713,2,Pitching Mound.Delivery,,Delivery,pitch.1,773408,6.6708,-31.1153,121.366,-26.7476,223.9158,14.3771,-0.1891,0.061
1780080240713,2,Pitching Mound.Drive,,Delivery,pitch.1,774518,0.1872,0.1006,1.3582,0.1409,-0.3986,0.0021,0.0,0.0
1780080240713,2,Pitching Mound.Parent,,Delivery,pitch.1,772664,6.858,-31.0147,122.7242,-26.6067,223.5171,14.3792,-0.187,0.0603
1780080240714,2,11.0000004b,Drive,Delivery,pitch.1,774519,0.1582,0.0883,1.2159,0.0922,-0.1334,0.0036,0.0,0.0
1780080240714,2,12.00000015,Lower Delivery,Delivery,pitch.1,774034,-6.0213,-26.0537,76.7249,-176.6931,135.8172,36.3454,-0.1814,-0.236
1780080240714,2,12.00000018,Upper Delivery,Delivery,pitch.1,775321,12.8908,-4.5906,44.4393,140.5328,87.6659,-29.4102,-0.2022,0.3241
1780080240714,2,Pitching Mound.Delivery,,Delivery,pitch.1,773409,6.8696,-30.6443,121.1642,-25.1832,223.4831,13.3653,-0.189,0.06
1780080240714,2,Pitching Mound.Drive,,Delivery,pitch.1,774519,0.1582,0.0883,1.2159,0.0922,-0.1334,0.0036,0.0,0.0
1780080240714,2,Pitching Mound.Parent,,Delivery,pitch.1,772665,7.0277,-30.556,122.3801,-25.0909,223.3498,13.3689,-0.1872,0.0594
1780080240715,2,11.0000004b,Drive,Delivery,pitch.1,774520,0.1434,0.0816,1.1573,0.0823,-0.0388,0.0054,0.0,0.0
1780080240715,2,12.00000015,Lower Delivery,Delivery,pitch.1,774035,-5.9698,-25.8466,76.074,-175.8698,135.9273,35.8749,-0.1831,-0.237
1780080240715,2,12.00000018,Upper Delivery,Delivery,pitch.1,775322,12.9127,-4.4137,44.2785,140.611,88.2286,-29.8541,-0.2042,0.3255
1780080240715,2,Pitching Mound.Delivery,,Delivery,pitch.1,773410,6.9429,-30.2603,120.3525,-24.4483,224.1559,12.4408,-0.1909,0.0598
1780080240715,2,Pitching Mound.Drive,,Delivery,pitch.1,774520,0.1434,0.0816,1.1573,0.0823,-0.0388,0.0054,0.0,0.0
1780080240715,2,Pitching Mound.Parent,,Delivery,pitch.1,772666,7.0863,-30.1787,121.5098,-24.366,224.1171,12.4462,-0.1891,0.0592
1780080240716,2,11.0000004b,Drive,Delivery,pitch.1,774521,0.1645,0.0934,1.2115,0.1045,-0.0749,0.006,0.0,0.0
1780080240716,2,12.00000015,Lower Delivery,Delivery,pitch.1,774036,-5.9591,-25.5762,76.0226,-175.7144,135.3159,35.3262,-0.1824,-0.2369
1780080240716,2,12.00000018,Upper Delivery,Delivery,pitch.1,775323,13.022,-4.2911,44.5843,141.583,89.0821,-30.2912,-0.2048,0.3255
1780080240716,2,Pitching Mound.Delivery,,Delivery,pitch.1,773411,7.0628,-29.8673,120.607,-23.4424,224.398,11.4886,-0.1907,0.0596
1780080240716,2,Pitching Mound.Drive,,Delivery,pitch.1,774521,0.1645,0.0934,1.2115,0.1045,-0.0749,0.006,0.0,0.0
1780080240716,2,Pitching Mound.Parent,,Delivery,pitch.1,772667,7.2273,-29.7739,121.8185,-23.3378,224.3232,11.4947,-0.1888,0.059
1780080240717,2,11.0000004b,Drive,Delivery,pitch.1,774522,0.1679,0.0919,1.2151,0.0707,-0.0417,0.0069,0.0,0.0
1780080240717,2,12.00000015,Lower Delivery,Delivery,pitch.1,774037,-5.9438,-25.35,75.3367,-174.298,135.1467,35.0154,-0.1839,-0.2371
1780080240717,2,12.00000018,Upper Delivery,Delivery,pitch.1,775324,13.1419,-4.1606,45.0264,142.7597,89.8673,-30.7153,-0.2046,0.325
1780080240717,2,Pitching Mound.Delivery,,Delivery,pitch.1,773412,7.1981,-29.5107,120.3631,-21.2328,225.0139,10.7892,-0.1916,0.0588
1780080240717,2,Pitching Mound.Drive,,Delivery,pitch.1,774522,0.1679,0.0919,1.2151,0.0707,-0.0417,0.0069,0.0,0.0
1780080240717,2,Pitching Mound.Parent,,Delivery,pitch.1,772668,7.366,-29.4188,121.5783,-21.1621,224.9723,10.7961,-0.1897,0.0582
1780080240718,2,11.0000004b,Drive,Delivery,pitch.1,774523,0.1806,0.0979,1.2698,0.0806,-0.0415,0.0058,0.0,0.0
1780080240718,2,12.00000015,Lower Delivery,Delivery,pitch.1,774038,-5.8373,-25.0433,74.6104,-174.0594,135.9099,34.4582,-0.1867,-0.2391
1780080240718,2,12.00000018,Upper Delivery,Delivery,pitch.1,775325,13.2279,-4.0502,45.2763,143.2644,90.3178,-31.0915,-0.2045,0.3243
1780080240718,2,Pitching Mound.Delivery,,Delivery,pitch.1,773413,7.3906,-29.0935,119.8867,-20.8215,226.2278,9.8489,-0.1934,0.0569
1780080240718,2,Pitching Mound.Drive,,Delivery,pitch.1,774523,0.1806,0.0979,1.2698,0.0806,-0.0415,0.0058,0.0,0.0
1780080240718,2,Pitching Mound.Parent,,Delivery,pitch.1,772669,7.5712,-28.9956,121.1565,-20.7409,226.1862,9.8547,-0.1914,0.0563
1780080240719,2,11.0000004b,Drive,Delivery,pitch.1,774524,0.2103,0.1072,1.2929,0.0801,-0.0607,0.0061,0.0,0.0
1780080240719,2,12.00000015,Lower Delivery,Delivery,pitch.1,774039,-5.8677,-24.8134,73.9368,-173.3041,135.3557,33.8575,-0.1876,-0.2402
1780080240719,2,12.00000018,Upper Delivery,Delivery,pitch.1,775326,13.2921,-3.9484,45.3171,143.1406,90.2833,-31.4608,-0.2042,0.3237
1780080240719,2,Pitching Mound.Delivery,,Delivery,pitch.1,773414,7.4244,-28.7618,119.2539,-20.4328,225.6391,8.9111,-0.1939,0.0557
1780080240719,2,Pitching Mound.Drive,,Delivery,pitch.1,774524,0.2103,0.1072,1.2929,0.0801,-0.0607,0.0061,0.0,0.0
1780080240719,2,Pitching Mound.Parent,,Delivery,pitch.1,772670,7.6348,-28.6546,120.5468,-20.3527,225.5784,8.9172,-0.1918,0.0551
1780080240720,2,11.0000004b,Drive,Delivery,pitch.1,774525,0.2308,0.1188,1.3046,0.1105,-0.1223,0.0053,0.0,0.0
1780080240720,2,12.00000015,Lower Delivery,Delivery,pitch.1,774040,-5.9034,-24.4821,74.0795,-173.3888,134.721,33.1475,-0.1864,-0.2399
1780080240720,2,12.00000018,Upper Delivery,Delivery,pitch.1,775327,13.3122,-3.8419,45.3703,143.7664,90.8169,-31.7928,-0.2052,0.3248
1780080240720,2,Pitching Mound.Delivery,,Delivery,pitch.1,773415,7.4087,-28.324,119.4498,-19.8612,225.5379,7.888,-0.1935,0.0563
1780080240720,2,Pitching Mound.Drive,,Delivery,pitch.1,774525,0.2308,0.1188,1.3046,0.1105,-0.1223,0.0053,0.0,0.0
1780080240720,2,Pitching Mound.Parent,,Delivery,pitch.1,772671,7.6396,-28.2052,120.7544,-19.7508,225.4156,7.8932,-0.1914,0.0557
1780080240721,2,11.0000004b,Drive,Delivery,pitch.1,774526,0.2515,0.1209,1.3021,0.0979,-0.0961,0.0049,0.0,0.0
1780080240721,2,12.00000015,Lower Delivery,Delivery,pitch.1,774041,-5.8957,-24.246,73.6086,-173.2193,133.7897,32.533,-0.1863,-0.2412
1780080240721,2,12.00000018,Upper Delivery,Delivery,pitch.1,775328,13.3561,-3.7399,45.4438,144.004,90.9225,-32.1059,-0.2051,0.3248
1780080240721,2,Pitching Mound.Delivery,,Delivery,pitch.1,773416,7.4604,-27.9859,119.0523,-19.6392,224.7122,6.9727,-0.1935,0.0553
1780080240721,2,Pitching Mound.Drive,,Delivery,pitch.1,774526,0.2515,0.1209,1.3021,0.0979,-0.0961,0.0049,0.0,0.0
1780080240721,2,Pitching Mound.Parent,,Delivery,pitch.1,772672,7.7119,-27.8649,120.3544,-19.5413,224.6161,6.9776,-0.1914,0.0547
1780080240722,2,11.0000004b,Drive,Delivery,pitch.1,774527,0.2548,0.1136,1.277,0.0955,-0.1923,0.0046,0.0,0.0
1780080240722,2,12.00000015,Lower Delivery,Delivery,pitch.1,774042,-5.923,-23.9513,73.4233,-172.6242,133.1714,31.9104,-0.1859,-0.241
1780080240722,2,12.00000018,Upper Delivery,Delivery,pitch.1,775329,13.3611,-3.645,45.4712,144.3395,91.2673,-32.4302,-0.2057,0.3254
1780080240722,2,Pitching Mound.Delivery,,Delivery,pitch.1,773417,7.4381,-27.5963,118.8945,-18.7809,224.4386,6.0368,-0.1935,0.0556
1780080240722,2,Pitching Mound.Drive,,Delivery,pitch.1,774527,0.2548,0.1136,1.277,0.0955,-0.1923,0.0046,0.0,0.0
1780080240722,2,Pitching Mound.Parent,,Delivery,pitch.1,772673,7.6929,-27.4827,120.1715,-18.6853,224.2464,6.0413,-0.1914,0.055
1780080240723,2,11.0000004b,Drive,Delivery,pitch.1,774528,0.2599,0.1155,1.2444,0.1085,-0.166,0.0039,0.0,0.0
1780080240723,2,12.00000015,Lower Delivery,Delivery,pitch.1,774043,-5.8868,-23.5612,73.3784,-173.0028,133.0149,31.2565,-0.1858,-0.2417
1780080240723,2,12.00000018,Upper Delivery,Delivery,pitch.1,775330,13.3588,-3.5775,45.3631,144.7162,91.4113,-32.722,-0.2065,0.327
1780080240723,2,Pitching Mound.Delivery,,Delivery,pitch.1,773418,7.472,-27.1387,118.7416,-18.7614,224.4262,5.078,-0.1937,0.0558
1780080240723,2,Pitching Mound.Drive,,Delivery,pitch.1,774528,0.2599,0.1155,1.2444,0.1085,-0.166,0.0039,0.0,0.0
1780080240723,2,Pitching Mound.Parent,,Delivery,pitch.1,772674,7.7319,-27.0233,119.986,-18.6529,224.2602,5.0819,-0.1917,0.0552
1780080240724,2,11.0000004b,Drive,Delivery,pitch.1,774529,0.2737,0.1219,1.3161,0.1465,-0.4985,0.0017,0.0,0.0
1780080240724,2,12.00000015,Lower Delivery,Delivery,pitch.1,774044,-5.8737,-23.3712,73.0472,-172.0496,132.51,30.7928,-0.1859,-0.2414
1780080240724,2,12.00000018,Upper Delivery,Delivery,pitch.1,775331,13.3455,-3.4998,45.2786,144.959,91.6925,-32.9898,-0.2076,0.327
1780080240724,2,Pitching Mound.Delivery,,Delivery,pitch.1,773419,7.4718,-26.871,118.3258,-17.6493,224.2025,4.3375,-0.1942,0.0559
1780080240724,2,Pitching Mound.Drive,,Delivery,pitch.1,774529,0.2737,0.1219,1.3161,0.1465,-0.4985,0.0017,0.0,0.0
1780080240724,2,Pitching Mound.Parent,,Delivery,pitch.1,772675,7.7456,-26.7491,119.642,-17.5028,223.704,4.3393,-0.1921,0.0553
1780080240725,2,11.0000004b,Drive,Delivery,pitch.1,774530,0.2666,0.1191,1.2813,0.1616,-0.3486,0.0026,0.0,0.0
1780080240725,2,12.00000015,Lower Delivery,Delivery,pitch.1,774045,-5.8837,-23.0893,72.8557,-171.4958,131.9764,30.1815,-0.1857,-0.2413
1780080240725,2,12.00000018,Upper Delivery,Delivery,pitch.1,775332,13.3187,-3.4445,45.0699,145.2572,92.0631,-33.2867,-0.2094,0.327
1780080240725,2,Pitching Mound.Delivery,,Delivery,pitch.1,773420,7.435,-26.5338,117.9255,-16.7914,224.0395,3.4236,-0.1947,0.056
1780080240725,2,Pitching Mound.Drive,,Delivery,pitch.1,774530,0.2666,0.1191,1.2813,0.1616,-0.3486,0.0026,0.0,0.0
1780080240725,2,Pitching Mound.Parent,,Delivery,pitch.1,772676,7.7016,-26.4147,119.2068,-16.6298,223.6909,3.4262,-0.1926,0.0554
1780080240726,2,11.0000004b,Drive,Delivery,pitch.1,774531,0.2734,0.1209,1.3477,0.1929,-0.3488,0.0017,0.0,0.0
1780080240726,2,12.00000015,Lower Delivery,Delivery,pitch.1,774046,-5.8892,-22.9077,72.3722,-169.3623,131.0494,29.7148,-0.1856,-0.2399
1780080240726,2,12.00000018,Upper Delivery,Delivery,pitch.1,775333,13.3225,-3.3956,44.9544,145.3951,92.1992,-33.5988,-0.2102,0.327
1780080240726,2,Pitching Mound.Delivery,,Delivery,pitch.1,773421,7.4333,-26.3034,117.3266,-14.6452,223.2486,2.6479,-0.195,0.0568
1780080240726,2,Pitching Mound.Drive,,Delivery,pitch.1,774531,0.2734,0.1209,1.3477,0.1929,-0.3488,0.0017,0.0,0.0
1780080240726,2,Pitching Mound.Parent,,Delivery,pitch.1,772677,7.7067,-26.1825,118.6743,-14.4523,222.8998,2.6496,-0.1928,0.0562
1780080240727,2,11.0000004b,Drive,Delivery,pitch.1,774532,0.2635,0.116,1.2968,0.1828,-0.3375,0.0014,0.0,0.0
1780080240727,2,12.00000015,Lower Delivery,Delivery,pitch.1,774047,-5.8654,-22.5928,72.1741,-168.9806,130.5018,29.1681,-0.1853,-0.24
1780080240727,2,12.00000018,Upper Delivery,Delivery,pitch.1,775334,13.3142,-3.3495,44.6955,145.1823,92.5177,-33.8147,-0.2122,0.327
1780080240727,2,Pitching Mound.Delivery,,Delivery,pitch.1,773422,7.4488,-25.9423,116.8696,-14.4556,223.0195,1.8744,-0.1956,0.0568
1780080240727,2,Pitching Mound.Drive,,Delivery,pitch.1,774532,0.2635,0.116,1.2968,0.1828,-0.3375,0.0014,0.0,0.0
1780080240727,2,Pitching Mound.Parent,,Delivery,pitch.1,772678,7.7123,-25.8263,118.1664,-14.2728,222.682,1.8758,-0.1934,0.0562
1780080240728,2,11.0000004b,Drive,Delivery,pitch.1,774533,0.2626,0.1179,1.3739,0.2204,-0.3444,0.0016,0.0,0.0
1780080240728,2,12.00000015,Lower Delivery,Delivery,pitch.1,774048,-5.8746,-22.3513,71.9931,-168.215,129.9574,28.6761,-0.185,-0.2395
1780080240728,2,12.00000018,Upper Delivery,Delivery,pitch.1,775335,13.3087,-3.3085,44.4568,144.9288,92.5158,-34.0015,-0.2133,0.327
1780080240728,2,Pitching Mound.Delivery,,Delivery,pitch.1,773423,7.4341,-25.6598,116.45,-13.9238,222.4732,1.1969,-0.1958,0.0572
1780080240728,2,Pitching Mound.Drive,,Delivery,pitch.1,774533,0.2626,0.1179,1.3739,0.2204,-0.3444,0.0016,0.0,0.0
1780080240728,2,Pitching Mound.Parent,,Delivery,pitch.1,772679,7.6966,-25.5418,117.8238,-13.7034,222.1288,1.1984,-0.1935,0.0565
1780080240729,2,11.0000004b,Drive,Delivery,pitch.1,774534,0.2457,0.113,1.3317,0.2179,-0.3256,0.0017,0.0,0.0
1780080240729,2,12.00000015,Lower Delivery,Delivery,pitch.1,774049,-5.857,-22.0982,71.5351,-166.7249,128.914,28.1971,-0.1847,-0.2389
1780080240729,2,12.00000018,Upper Delivery,Delivery,pitch.1,775336,13.285,-3.2776,44.2145,144.8407,92.6336,-34.2335,-0.2147,0.327
1780080240729,2,Pitching Mound.Delivery,,Delivery,pitch.1,773424,7.428,-25.3759,115.7497,-12.5952,221.5476,0.4719,-0.1962,0.0575
1780080240729,2,Pitching Mound.Drive,,Delivery,pitch.1,774534,0.2457,0.113,1.3317,0.2179,-0.3256,0.0017,0.0,0.0
1780080240729,2,Pitching Mound.Parent,,Delivery,pitch.1,772680,7.6737,-25.2629,117.0814,-12.3773,221.2221,0.4736,-0.1939,0.0569
1780080240730,2,11.0000004b,Drive,Delivery,pitch.1,774535,0.2261,0.1078,1.2939,0.1747,-0.1713,0.0028,0.0,0.0
1780080240730,2,12.00000015,Lower Delivery,Delivery,pitch.1,774050,-5.8752,-21.8504,71.4416,-166.6069,128.5736,27.6764,-0.1845,-0.239
1780080240730,2,12.00000018,Upper Delivery,Delivery,pitch.1,775337,13.3034,-3.2298,44.1109,144.5993,92.6899,-34.4543,-0.2154,0.327
1780080240730,2,Pitching Mound.Delivery,,Delivery,pitch.1,773425,7.4282,-25.0803,115.5524,-12.7151,221.2636,-0.2571,-0.1963,0.0575
1780080240730,2,Pitching Mound.Drive,,Delivery,pitch.1,774535,0.2261,0.1078,1.2939,0.1747,-0.1713,0.0028,0.0,0.0
1780080240730,2,Pitching Mound.Parent,,Delivery,pitch.1,772681,7.6543,-24.9725,116.8463,-12.5404,221.0922,-0.2543,-0.1941,0.0568
1780080240731,2,11.0000004b,Drive,Delivery,pitch.1,774536,0.2226,0.1055,1.2921,0.1759,-0.0802,0.0038,0.0,0.0
1780080240731,2,12.00000015,Lower Delivery,Delivery,pitch.1,774051,-5.851,-21.6672,71.1636,-165.3593,127.7282,27.3108,-0.184,-0.2382
1780080240731,2,12.00000018,Upper Delivery,Delivery,pitch.1,775338,13.3404,-3.1948,44.1141,144.5511,92.8595,-34.6261,-0.2158,0.327
1780080240731,2,Pitching Mound.Delivery,,Delivery,pitch.1,773426,7.4894,-24.862,115.2777,-11.6113,220.5877,-0.7901,-0.1961,0.0579
1780080240731,2,Pitching Mound.Drive,,Delivery,pitch.1,774536,0.2226,0.1055,1.2921,0.1759,-0.0802,0.0038,0.0,0.0
1780080240731,2,Pitching Mound.Parent,,Delivery,pitch.1,772682,7.712,-24.7566,116.5698,-11.4355,220.5075,-0.7863,-0.194,0.0573
1780080240732,2,11.0000004b,Drive,Delivery,pitch.1,774537,0.2233,0.1061,1.313,0.1625,-0.1375,0.0027,0.0,0.0
1780080240732,2,12.00000015,Lower Delivery,Delivery,pitch.1,774052,-5.8968,-21.4834,70.7569,-164.2498,126.8878,26.793,-0.1838,-0.2379
1780080240732,2,12.00000018,Upper Delivery,Delivery,pitch.1,775339,13.3535,-3.1624,43.9772,144.6883,93.0977,-34.8017,-0.217,0.327
1780080240732,2,Pitching Mound.Delivery,,Delivery,pitch.1,773427,7.4567,-24.6458,114.7342,-10.4564,219.9855,-1.4636,-0.1965,0.058
1780080240732,2,Pitching Mound.Drive,,Delivery,pitch.1,774537,0.2233,0.1061,1.313,0.1625,-0.1375,0.0027,0.0,0.0
1780080240732,2,Pitching Mound.Parent,,Delivery,pitch.1,772683,7.68,-24.5397,116.0472,-10.2939,219.848,-1.4609,-0.1943,0.0573
1780080240733,2,11.0000004b,Drive,Delivery,pitch.1,774538,0.2181,0.1048,1.3656,0.2022,-0.1716,0.0026,0.0,0.0
1780080240733,2,12.00000015,Lower Delivery,Delivery,pitch.1,774053,-5.8837,-21.3086,70.3638,-163.3609,126.0259,26.3774,-0.1836,-0.238
1780080240733,2,12.00000018,Upper Delivery,Delivery,pitch.1,775340,13.3805,-3.1083,43.9731,144.3896,93.0316,-34.9212,-0.2168,0.327
1780080240733,2,Pitching Mound.Delivery,,Delivery,pitch.1,773428,7.4968,-24.4169,114.3369,-9.9984,219.0575,-1.994,-0.1964,0.0578
1780080240733,2,Pitching Mound.Drive,,Delivery,pitch.1,774538,0.2181,0.1048,1.3656,0.2022,-0.1716,0.0026,0.0,0.0
1780080240733,2,Pitching Mound.Parent,,Delivery,pitch.1,772684,7.7149,-24.3121,115.7025,-9.7963,218.8859,-1.9913,-0.1941,0.0571
1780080240734,2,11.0000004b,Drive,Delivery,pitch.1,774539,0.227,0.1084,1.4069,0.1847,-0.1878,0.0028,0.0,0.0
1780080240734,2,12.00000015,Lower Delivery,Delivery,pitch.1,774054,-5.8509,-21.0836,70.0784,-162.8781,125.5726,25.853,-0.1837,-0.2382
1780080240734,2,12.00000018,Upper Delivery,Delivery,pitch.1,775341,13.4147,-3.0486,43.8703,144.2792,93.1038,-35.021,-0.2175,0.327
1780080240734,2,Pitching Mound.Delivery,,Delivery,pitch.1,773429,7.5637,-24.1322,113.9486,-9.6882,218.6764,-2.6177,-0.1967,0.0576
1780080240734,2,Pitching Mound.Drive,,Delivery,pitch.1,774539,0.227,0.1084,1.4069,0.1847,-0.1878,0.0028,0.0,0.0
1780080240734,2,Pitching Mound.Parent,,Delivery,pitch.1,772685,7.7908,-24.0238,115.3556,-9.5035,218.4886,-2.6149,-0.1943,0.0569
1780080240735,2,11.0000004b,Drive,Delivery,pitch.1,774540,0.1996,0.0919,1.3101,0.1722,-0.0331,0.0052,0.0,0.0
1780080240735,2,12.00000015,Lower Delivery,Delivery,pitch.1,774055,-5.8449,-20.9709,69.7408,-161.258,124.4279,25.5386,-0.1829,-0.237
1780080240735,2,12.00000018,Upper Delivery,Delivery,pitch.1,775342,13.4701,-3.0007,43.9897,144.0044,92.9368,-35.0387,-0.2165,0.327
1780080240735,2,Pitching Mound.Delivery,,Delivery,pitch.1,773430,7.6252,-23.9717,113.7305,-8.4982,217.3648,-2.933,-0.1959,0.0581
1780080240735,2,Pitching Mound.Drive,,Delivery,pitch.1,774540,0.1996,0.0919,1.3101,0.1722,-0.0331,0.0052,0.0,0.0
1780080240735,2,Pitching Mound.Parent,,Delivery,pitch.1,772686,7.8247,-23.8798,115.0407,-8.326,217.3317,-2.9278,-0.1937,0.0575
1780080240736,2,11.0000004b,Drive,Delivery,pitch.1,774541,0.2079,0.0945,1.3043,0.1669,-0.0896,0.005,0.0,0.0
1780080240736,2,12.00000015,Lower Delivery,Delivery,pitch.1,774056,-5.7704,-20.7379,69.2734,-160.886,123.9436,24.9443,-0.1834,-0.238
1780080240736,2,12.00000018,Upper Delivery,Delivery,pitch.1,775343,13.502,-2.9543,43.9626,143.7433,92.6916,-35.0722,-0.2161,0.327
1780080240736,2,Pitching Mound.Delivery,,Delivery,pitch.1,773431,7.7316,-23.6922,113.236,-8.537,216.6352,-3.5754,-0.1961,0.0573
1780080240736,2,Pitching Mound.Drive,,Delivery,pitch.1,774541,0.2079,0.0945,1.3043,0.1669,-0.0896,0.005,0.0,0.0
1780080240736,2,Pitching Mound.Parent,,Delivery,pitch.1,772687,7.9395,-23.5978,114.5403,-8.3701,216.5457,-3.5704,-0.1939,0.0567
1780080240737,2,11.0000004b,Drive,Delivery,pitch.1,774542,0.2008,0.0906,1.2849,0.1744,-0.1553,0.0039,0.0,0.0
1780080240737,2,12.00000015,Lower Delivery,Delivery,pitch.1,774057,-5.7631,-20.5425,68.8488,-159.7099,123.0382,24.3918,-0.1832,-0.2378
1780080240737,2,12.00000018,Upper Delivery,Delivery,pitch.1,775344,13.5045,-2.9007,43.9595,143.7476,92.7355,-35.0734,-0.2162,0.327
1780080240737,2,Pitching Mound.Delivery,,Delivery,pitch.1,773432,7.7414,-23.4432,112.8082,-7.5,215.7736,-4.1306,-0.196,0.0573
1780080240737,2,Pitching Mound.Drive,,Delivery,pitch.1,774542,0.2008,0.0906,1.2849,0.1744,-0.1553,0.0039,0.0,0.0
1780080240737,2,Pitching Mound.Parent,,Delivery,pitch.1,772688,7.9422,-23.3526,114.0932,-7.3256,215.6183,-4.1267,-0.1938,0.0567
1780080240738,2,11.0000004b,Drive,Delivery,pitch.1,774543,0.2005,0.0871,1.2347,0.169,-0.2433,0.0025,0.0,0.0
1780080240738,2,12.00000015,Lower Delivery,Delivery,pitch.1,774058,-5.7656,-20.3301,68.4569,-159.4551,122.7771,23.7276,-0.1838,-0.2387
1780080240738,2,12.00000015,Lower Delivery,Delivery,pitch.1,774059,-5.696,-20.0793,67.8426,-157.7773,121.6707,23.1618,-0.1838,-0.2384
1780080240738,2,12.00000018,Upper Delivery,Delivery,pitch.1,775345,13.5471,-2.8508,44.1194,143.5673,92.5191,-35.0407,-0.2149,0.327
1780080240738,2,Pitching Mound.Delivery,,Delivery,pitch.1,773433,7.7815,-23.1809,112.5763,-7.613,215.2961,-4.7468,-0.196,0.0565
1780080240738,2,Pitching Mound.Drive,,Delivery,pitch.1,774543,0.2005,0.0871,1.2347,0.169,-0.2433,0.0025,0.0,0.0
1780080240738,2,Pitching Mound.Parent,,Delivery,pitch.1,772689,7.982,-23.0938,113.811,-7.444,215.0528,-4.7443,-0.1939,0.0559
1780080240739,2,11.0000004b,Drive,Delivery,pitch.1,774544,0.1723,0.0698,1.1154,0.1793,-0.2823,0.0008,0.0,0.0
1780080240739,2,12.00000015,Lower Delivery,Delivery,pitch.1,774060,-5.746,-19.8565,67.2298,-156.0105,120.5633,22.5252,-0.1838,-0.2378
1780080240739,2,12.00000018,Upper Delivery,Delivery,pitch.1,775346,13.5626,-2.7862,44.2086,143.6604,92.4631,-34.9548,-0.2144,0.327
1780080240739,2,Pitching Mound.Delivery,,Delivery,pitch.1,773434,7.8666,-22.8656,112.0513,-6.0813,214.1338,-5.245,-0.1959,0.0564
1780080240739,2,Pitching Mound.Drive,,Delivery,pitch.1,774544,0.1723,0.0698,1.1154,0.1793,-0.2823,0.0008,0.0,0.0
1780080240739,2,Pitching Mound.Parent,,Delivery,pitch.1,772690,8.0389,-22.7957,113.1667,-5.902,213.8515,-5.2442,-0.1939,0.0559
1780080240740,2,11.0000004b,Drive,Delivery,pitch.1,774545,0.1749,0.0671,1.1212,0.135,-0.3063,0.0019,0.0,0.0
1780080240740,2,12.00000018,Upper Delivery,Delivery,pitch.1,775347,13.5803,-2.7249,44.3184,143.3678,92.2921,-34.8676,-0.2134,0.327
1780080240740,2,Pitching Mound.Delivery,,Delivery,pitch.1,773435,7.8343,-22.5814,111.5483,-4.8528,212.8554,-5.7715,-0.1956,0.0564
1780080240740,2,Pitching Mound.Drive,,Delivery,pitch.1,774545,0.1749,0.0671,1.1212,0.135,-0.3063,0.0019,0.0,0.0
1780080240740,2,Pitching Mound.Parent,,Delivery,pitch.1,772691,8.0092,-22.5143,112.6695,-4.7178,212.5491,-5.7696,-0.1936,0.0559
1780080240741,2,11.0000004b,Drive,Delivery,pitch.1,774546,0.1882,0.071,1.1181,0.1254,-0.2442,0.0013,0.0,0.0
1780080240741,2,12.00000015,Lower Delivery,Delivery,pitch.1,774061,-5.7804,-19.4891,66.7249,-155.2095,120.3576,21.675,-0.1849,-0.2384
1780080240741,2,12.00000018,Upper Delivery,Delivery,pitch.1,775348,13.5781,-2.6781,44.2998,143.2834,92.1423,-34.7736,-0.2132,0.327
1780080240741,2,Pitching Mound.Delivery,,Delivery,pitch.1,773436,7.7977,-22.1672,111.0247,-4.3016,212.4999,-6.5167,-0.1962,0.0559
1780080240741,2,Pitching Mound.Drive,,Delivery,pitch.1,774546,0.1882,0.071,1.1181,0.1254,-0.2442,0.0013,0.0,0.0
1780080240741,2,Pitching Mound.Parent,,Delivery,pitch.1,772692,7.9859,-22.0962,112.1428,-4.1763,212.2557,-6.5154,-0.1942,0.0553
1780080240742,2,11.0000004b,Drive,Delivery,pitch.1,774547,0.1982,0.0784,1.1299,0.1272,-0.2865,0.0009,0.0,0.0
1780080240742,2,12.00000015,Lower Delivery,Delivery,pitch.1,774062,-5.8768,-19.3124,65.8227,-152.1339,116.9174,21.088,-0.1821,-0.2369
1780080240742,2,12.00000015,Lower Delivery,Delivery,pitch.1,774063,-5.961,-18.9912,65.4652,-151.5931,116.4218,20.1431,-0.1823,-0.2373
1780080240742,2,12.00000018,Upper Delivery,Delivery,pitch.1,775349,13.5581,-2.6054,44.4027,143.0569,91.8677,-34.689,-0.2121,0.327
1780080240742,2,Pitching Mound.Delivery,,Delivery,pitch.1,773437,7.6813,-21.9178,110.2254,-1.7942,208.7851,-6.9932,-0.1941,0.0563
1780080240742,2,Pitching Mound.Drive,,Delivery,pitch.1,774547,0.1982,0.0784,1.1299,0.1272,-0.2865,0.0009,0.0,0.0
1780080240742,2,Pitching Mound.Parent,,Delivery,pitch.1,772693,7.8795,-21.8394,111.3553,-1.667,208.4987,-6.9924,-0.1922,0.0558
1780080240743,2,11.0000004b,Drive,Delivery,pitch.1,774548,0.1895,0.0797,1.1099,0.0817,-0.2036,0.0004,0.0,0.0
1780080240743,2,12.00000018,Upper Delivery,Delivery,pitch.1,775350,13.5417,-2.5493,44.5251,143.0194,91.7328,-34.6055,-0.2112,0.327
1780080240743,2,Pitching Mound.Delivery,,Delivery,pitch.1,773438,7.5806,-21.5405,109.9903,-1.4541,208.1546,-7.8314,-0.194,0.0558
1780080240743,2,Pitching Mound.Drive,,Delivery,pitch.1,774548,0.1895,0.0797,1.1099,0.0817,-0.2036,0.0004,0.0,0.0
1780080240743,2,Pitching Mound.Parent,,Delivery,pitch.1,772694,7.7702,-21.4608,111.1001,-1.3724,207.951,-7.831,-0.192,0.0553
1780080240744,2,11.0000004b,Drive,Delivery,pitch.1,774549,0.2222,0.0953,1.1345,0.1112,-0.2774,-0.0016,0.0,0.0
1780080240744,2,12.00000015,Lower Delivery,Delivery,pitch.1,774064,-6.0786,-18.746,64.7693,-150.7981,115.2784,19.4061,-0.1824,-0.2386
1780080240744,2,12.00000018,Upper Delivery,Delivery,pitch.1,775351,13.5234,-2.5049,44.6371,143.2228,91.6397,-34.4907,-0.2104,0.327
1780080240744,2,Pitching Mound.Delivery,,Delivery,pitch.1,773439,7.4449,-21.2508,109.4064,-0.7304,206.9181,-8.4199,-0.1938,0.0547
1780080240744,2,Pitching Mound.Drive,,Delivery,pitch.1,774549,0.2222,0.0953,1.1345,0.1112,-0.2774,-0.0016,0.0,0.0
1780080240744,2,Pitching Mound.Parent,,Delivery,pitch.1,772695,7.6671,-21.1555,110.5409,-0.6192,206.6407,-8.4215,-0.1919,0.0542
1780080240745,2,11.0000004b,Drive,Delivery,pitch.1,774550,0.2051,0.0849,1.0621,0.1037,-0.1832,-0.0012,0.0,0.0
1780080240745,2,12.00000015,Lower Delivery,Delivery,pitch.1,774065,-6.2258,-18.3642,63.9831,-150.0884,113.8972,18.3667,-0.1825,-0.2404
1780080240745,2,12.00000015,Lower Delivery,Delivery,pitch.1,774066,-6.3348,-18.0647,63.4569,-149.2143,112.7575,17.4661,-0.1821,-0.241
1780080240745,2,12.00000018,Upper Delivery,Delivery,pitch.1,775352,13.4842,-2.4589,44.7003,143.0801,91.5596,-34.4314,-0.2099,0.327
1780080240745,2,Pitching Mound.Delivery,,Delivery,pitch.1,773440,7.2585,-20.8231,108.6834,-0.4521,205.4568,-9.3633,-0.1938,0.0533
1780080240745,2,Pitching Mound.Drive,,Delivery,pitch.1,774550,0.2051,0.0849,1.0621,0.1037,-0.1832,-0.0012,0.0,0.0
1780080240745,2,Pitching Mound.Parent,,Delivery,pitch.1,772696,7.4636,-20.7382,109.7455,-0.3485,205.2736,-9.3645,-0.1919,0.0528
1780080240746,2,11.0000004b,Drive,Delivery,pitch.1,774551,0.2008,0.0812,0.9753,0.1397,-0.2434,-0.0031,0.0,0.0
1780080240746,2,12.00000015,Lower Delivery,Delivery,pitch.1,774067,-6.5196,-17.8254,62.7685,-147.8545,111.0082,16.6891,-0.1813,-0.2414
1780080240746,2,12.00000018,Upper Delivery,Delivery,pitch.1,775353,13.46,-2.397,44.8328,143.2546,91.5898,-34.3717,-0.2094,0.327
1780080240746,2,Pitching Mound.Delivery,,Delivery,pitch.1,773441,7.1252,-20.4617,108.2897,0.3725,204.3474,-10.1754,-0.1934,0.0526
1780080240746,2,Pitching Mound.Drive,,Delivery,pitch.1,774551,0.2008,0.0812,0.9753,0.1397,-0.2434,-0.0031,0.0,0.0
1780080240746,2,Pitching Mound.Parent,,Delivery,pitch.1,772697,7.326,-20.3805,109.2651,0.5121,204.104,-10.1786,-0.1917,0.0522
1780080240747,2,11.0000004b,Drive,Delivery,pitch.1,774552,0.1963,0.0883,1.0285,0.201,-0.4379,-0.0042,0.0,0.0
1780080240747,2,12.00000018,Upper Delivery,Delivery,pitch.1,775354,13.4417,-2.3425,44.9968,143.2067,91.3572,-34.3108,-0.2081,0.3262
1780080240747,2,Pitching Mound.Delivery,,Delivery,pitch.1,773442,6.922,-20.1678,107.7652,1.3946,202.3653,-10.8349,-0.1925,0.0516
1780080240747,2,Pitching Mound.Drive,,Delivery,pitch.1,774552,0.1963,0.0883,1.0285,0.201,-0.4379,-0.0042,0.0,0.0
1780080240747,2,Pitching Mound.Parent,,Delivery,pitch.1,772698,7.1184,-20.0795,108.7937,1.5956,201.9274,-10.8391,-0.1906,0.0512
1780080240748,2,11.0000004b,Drive,Delivery,pitch.1,774553,0.2142,0.0924,1.0839,0.2167,-0.4676,-0.0034,0.0,0.0
1780080240748,2,12.00000015,Lower Delivery,Delivery,pitch.1,774068,-6.6711,-17.5374,62.1428,-146.7576,109.5969,15.8021,-0.1808,-0.2421
1780080240748,2,12.00000015,Lower Delivery,Delivery,pitch.1,774069,-6.872,-17.2285,61.6985,-146.0534,109.0251,14.7724,-0.1811,-0.2426
1780080240748,2,12.00000018,Upper Delivery,Delivery,pitch.1,775355,13.3595,-2.3131,44.8908,143.211,91.4279,-34.2977,-0.2087,0.327
1780080240748,2,Pitching Mound.Delivery,,Delivery,pitch.1,773443,6.6884,-19.8504,107.0336,2.3191,201.0249,-11.6851,-0.1925,0.0514
1780080240748,2,Pitching Mound.Drive,,Delivery,pitch.1,774553,0.2142,0.0924,1.0839,0.2167,-0.4676,-0.0034,0.0,0.0
1780080240748,2,Pitching Mound.Parent,,Delivery,pitch.1,772699,6.9026,-19.758,108.1175,2.5359,200.5573,-11.6885,-0.1906,0.0509
1780080240749,2,11.0000004b,Drive,Delivery,pitch.1,774554,0.1907,0.0836,1.0634,0.17,-0.4093,-0.0026,0.0,0.0
1780080240749,2,12.00000018,Upper Delivery,Delivery,pitch.1,775356,13.3279,-2.2783,45.0068,143.1316,91.2935,-34.2855,-0.2079,0.326
1780080240749,2,Pitching Mound.Delivery,,Delivery,pitch.1,773444,6.4559,-19.5068,106.7054,2.7534,200.3187,-12.6451,-0.1924,0.0504
1780080240749,2,Pitching Mound.Drive,,Delivery,pitch.1,774554,0.1907,0.0836,1.0634,0.17,-0.4093,-0.0026,0.0,0.0
1780080240749,2,Pitching Mound.Parent,,Delivery,pitch.1,772700,6.6467,-19.4232,107.7688,2.9234,199.9094,-12.6477,-0.1905,0.0499
1780080240750,2,11.0000004b,Drive,Delivery,pitch.1,774555,0.2049,0.0918,1.1115,0.1746,-0.4564,-0.002,0.0,0.0
1780080240750,2,12.00000015,Lower Delivery,Delivery,pitch.1,774070,-7.0868,-17.0815,61.2463,-145.1739,107.855,13.9887,-0.1805,-0.2429
1780080240750,2,12.00000018,Upper Delivery,Delivery,pitch.1,775357,13.3301,-2.2522,45.0461,143.0025,91.2449,-34.3078,-0.2076,0.3254
1780080240750,2,Pitching Mound.Delivery,,Delivery,pitch.1,773445,6.2433,-19.3336,106.2924,3.3367,199.0999,-13.3773,-0.192,0.0497
1780080240750,2,Pitching Mound.Drive,,Delivery,pitch.1,774555,0.2049,0.0918,1.1115,0.1746,-0.4564,-0.002,0.0,0.0
1780080240750,2,Pitching Mound.Parent,,Delivery,pitch.1,772701,6.4482,-19.2418,107.4039,3.5112,198.6435,-13.3794,-0.19,0.0492
1780080240751,2,11.0000004b,Drive,Delivery,pitch.1,774556,0.2003,0.0913,1.1052,0.1639,-0.328,-0.003,0.0,0.0
1780080240751,2,12.00000015,Lower Delivery,Delivery,pitch.1,774072,-7.4404,-16.7069,60.79,-144.1769,107.1832,12.3636,-0.1807,-0.2431
1780080240751,2,12.00000015,Lower Delivery,Delivery,pitch.1,774071,-7.3213,-16.8924,61.0727,-145.576,107.7983,13.1122,-0.1809,-0.2443
1780080240751,2,12.00000018,Upper Delivery,Delivery,pitch.1,775358,13.2909,-2.2446,45.0253,143.0849,91.3308,-34.3444,-0.2079,0.3257
1780080240751,2,Pitching Mound.Delivery,,Delivery,pitch.1,773446,5.9696,-19.1371,106.098,2.965,199.1291,-14.2241,-0.1924,0.049
1780080240751,2,Pitching Mound.Drive,,Delivery,pitch.1,774556,0.2003,0.0913,1.1052,0.1639,-0.328,-0.003,0.0,0.0
1780080240751,2,Pitching Mound.Parent,,Delivery,pitch.1,772702,6.1699,-19.0458,107.2031,3.129,198.8011,-14.227,-0.1904,0.0485
1780080240752,2,11.0000004b,Drive,Delivery,pitch.1,774557,0.1921,0.0903,1.1152,0.2204,-0.6283,-0.0046,0.0,0.0
1780080240752,2,12.00000015,Lower Delivery,Delivery,pitch.1,774073,-7.7448,-16.4317,60.0566,-143.2848,106.105,11.4476,-0.1811,-0.2445
1780080240752,2,12.00000018,Upper Delivery,Delivery,pitch.1,775359,13.3208,-2.2317,45.0076,142.7416,91.1196,-34.3688,-0.2075,0.3251
1780080240752,2,Pitching Mound.Delivery,,Delivery,pitch.1,773447,5.8803,-18.9386,105.7976,3.9307,198.3028,-14.9464,-0.1921,0.0493
1780080240752,2,Pitching Mound.Drive,,Delivery,pitch.1,774557,0.1921,0.0903,1.1152,0.2204,-0.6283,-0.0046,0.0,0.0
1780080240752,2,Pitching Mound.Parent,,Delivery,pitch.1,772703,6.0725,-18.8483,106.9128,4.151,197.6745,-14.951,-0.1901,0.0488
1780080240753,2,11.0000004b,Drive,Delivery,pitch.1,774558,0.1776,0.0797,1.0736,0.1502,-0.3315,-0.0033,0.0,0.0
1780080240753,2,12.00000018,Upper Delivery,Delivery,pitch.1,775360,13.3349,-2.2464,44.9686,142.6753,90.9984,-34.4439,-0.2074,0.3252
1780080240753,2,Pitching Mound.Delivery,,Delivery,pitch.1,773448,5.5902,-18.6781,105.0252,4.5204,197.1034,-15.8292,-0.1924,0.0482
1780080240753,2,Pitching Mound.Drive,,Delivery,pitch.1,774558,0.1776,0.0797,1.0736,0.1502,-0.3315,-0.0033,0.0,0.0
1780080240753,2,Pitching Mound.Parent,,Delivery,pitch.1,772704,5.7677,-18.5985,106.0988,4.6706,196.7719,-15.8325,-0.1904,0.0478
1780080240754,2,11.0000004b,Drive,Delivery,pitch.1,774559,0.1523,0.0687,1.0246,0.1291,-0.1389,-0.0022,0.0,0.0
1780080240754,2,12.00000015,Lower Delivery,Delivery,pitch.1,774074,-7.8387,-16.309,59.7923,-141.4434,103.723,10.9055,-0.1778,-0.2425
1780080240754,2,12.00000015,Lower Delivery,Delivery,pitch.1,774075,-7.9694,-16.1007,59.2673,-139.5472,101.854,10.3366,-0.1761,-0.2413
1780080240754,2,12.00000018,Upper Delivery,Delivery,pitch.1,775361,13.359,-2.2554,44.9881,142.4769,90.9221,-34.5091,-0.2071,0.3246
1780080240754,2,Pitching Mound.Delivery,,Delivery,pitch.1,773449,5.5202,-18.5644,104.7804,6.067,194.6451,-16.3964,-0.1904,0.049
1780080240754,2,Pitching Mound.Drive,,Delivery,pitch.1,774559,0.1523,0.0687,1.0246,0.1291,-0.1389,-0.0022,0.0,0.0
1780080240754,2,Pitching Mound.Parent,,Delivery,pitch.1,772705,5.6726,-18.4957,105.805,6.1962,194.5062,-16.3986,-0.1886,0.0486
1780080240755,2,11.0000004b,Drive,Delivery,pitch.1,774560,0.1448,0.069,1.074,0.1164,-0.0369,-0.0009,0.0,0.0
1780080240755,2,12.00000015,Lower Delivery,Delivery,pitch.1,774076,-8.0654,-15.9691,59.2504,-138.8826,101.7629,9.8708,-0.176,-0.2402
1780080240755,2,12.00000018,Upper Delivery,Delivery,pitch.1,775362,13.3815,-2.2668,44.9379,142.14,90.8092,-34.6245,-0.2071,0.3242
1780080240755,2,Pitching Mound.Delivery,,Delivery,pitch.1,773450,5.4122,-18.3675,104.2052,7.4647,192.6632,-17.0287,-0.1895,0.0493
1780080240755,2,Pitching Mound.Drive,,Delivery,pitch.1,774560,0.1448,0.069,1.074,0.1164,-0.0369,-0.0009,0.0,0.0
1780080240755,2,Pitching Mound.Parent,,Delivery,pitch.1,772706,5.5569,-18.2985,105.2792,7.5812,192.6264,-17.0296,-0.1876,0.0488
1780080240756,2,11.0000004b,Drive,Delivery,pitch.1,774561,0.1452,0.0717,1.1478,0.1295,-0.1951,-0.0002,0.0,0.0
1780080240756,2,12.00000015,Lower Delivery,Delivery,pitch.1,774077,-8.1599,-15.7917,59.2148,-138.0299,100.193,9.2596,-0.1734,-0.2389
1780080240756,2,12.00000018,Upper Delivery,Delivery,pitch.1,775363,13.4143,-2.2976,44.8889,141.958,90.6571,-34.6874,-0.207,0.3241
1780080240756,2,Pitching Mound.Delivery,,Delivery,pitch.1,773451,5.3489,-18.2667,104.1392,7.9583,192.42,-17.5136,-0.1894,0.0499
1780080240756,2,Pitching Mound.Drive,,Delivery,pitch.1,774561,0.1452,0.0717,1.1478,0.1295,-0.1951,-0.0002,0.0,0.0
1780080240756,2,Pitching Mound.Parent,,Delivery,pitch.1,772707,5.4941,-18.195,105.287,8.0878,192.2249,-17.5138,-0.1873,0.0494
1780080240757,2,11.0000004b,Drive,Delivery,pitch.1,774562,0.1382,0.0656,1.0922,0.1338,-0.1804,-0.0005,0.0,0.0
1780080240757,2,11.0000004b,Drive,Delivery,pitch.1,774563,0.1354,0.0629,1.0392,0.1265,-0.0491,0.0007,0.0,0.0
1780080240757,2,12.00000015,Lower Delivery,Delivery,pitch.1,774078,-8.2425,-15.5952,58.6689,-136.3392,98.5902,8.6574,-0.1722,-0.2382
1780080240757,2,12.00000018,Upper Delivery,Delivery,pitch.1,775364,13.4649,-2.321,44.8401,141.6329,90.5711,-34.7953,-0.207,0.3237
1780080240757,2,Pitching Mound.Delivery,,Delivery,pitch.1,773452,5.305,-18.1128,104.0549,8.4904,190.764,-18.1833,-0.1879,0.0505
1780080240757,2,Pitching Mound.Drive,,Delivery,pitch.1,774562,0.1382,0.0656,1.0922,0.1338,-0.1804,-0.0005,0.0,0.0
1780080240757,2,Pitching Mound.Drive,,Delivery,pitch.1,774563,0.1354,0.0629,1.0392,0.1265,-0.0491,0.0007,0.0,0.0
1780080240757,2,Pitching Mound.Parent,,Delivery,pitch.1,772708,5.4432,-18.0471,105.1471,8.6242,190.5836,-18.1838,-0.186,0.05
1780080240758,2,11.0000004b,Drive,Delivery,pitch.1,774564,0.1402,0.0653,1.0461,0.1881,-0.1079,0.0006,0.0,0.0
1780080240758,2,12.00000015,Lower Delivery,Delivery,pitch.1,774079,-8.3078,-15.4255,58.6341,-136.908,98.8344,8.1943,-0.1728,-0.2393
1780080240758,2,12.00000018,Upper Delivery,Delivery,pitch.1,775365,13.5337,-2.3655,44.8107,141.5347,90.6133,-34.9173,-0.2073,0.3237
1780080240758,2,Pitching Mound.Delivery,,Delivery,pitch.1,773453,5.2912,-17.9606,103.4796,9.9073,189.2035,-18.856,-0.1874,0.0507
1780080240758,2,Pitching Mound.Drive,,Delivery,pitch.1,774564,0.1402,0.0653,1.0461,0.1881,-0.1079,0.0006,0.0,0.0
1780080240758,2,Pitching Mound.Parent,,Delivery,pitch.1,772709,5.4266,-17.8977,104.5189,10.0338,189.1544,-18.8553,-0.1855,0.0502
1780080240759,2,11.0000004b,Drive,Delivery,pitch.1,774565,0.1574,0.0647,1.041,0.1703,-0.1887,0.0016,0.0,0.0
1780080240759,2,12.00000018,Upper Delivery,Delivery,pitch.1,775366,13.5986,-2.3953,44.8395,141.5792,90.6299,-34.9977,-0.2072,0.3236
1780080240759,2,Pitching Mound.Delivery,,Delivery,pitch.1,773454,5.2908,-17.8208,103.4736,9.3614,189.4643,-19.3552,-0.1877,0.05
1780080240759,2,Pitching Mound.Drive,,Delivery,pitch.1,774565,0.1574,0.0647,1.041,0.1703,-0.1887,0.0016,0.0,0.0
1780080240759,2,Pitching Mound.Parent,,Delivery,pitch.1,772710,5.431,-17.7555,104.5198,9.5495,189.3564,-19.3546,-0.1858,0.0495
1780080240760,2,11.0000004b,Drive,Delivery,pitch.1,774566,0.1759,0.0713,1.1349,0.2495,-0.4336,0.0019,0.0,0.0
1780080240760,2,12.00000015,Lower Delivery,Delivery,pitch.1,774080,-8.3557,-15.283,57.8156,-134.3894,96.6037,7.5994,-0.1713,-0.2382
1780080240760,2,12.00000018,Upper Delivery,Delivery,pitch.1,775367,13.6491,-2.4306,44.7617,141.5504,90.7554,-35.0844,-0.2078,0.3241
1780080240760,2,Pitching Mound.Delivery,,Delivery,pitch.1,773455,5.2934,-17.7135,102.5774,11.5993,187.3591,-20.0034,-0.1872,0.0504
1780080240760,2,Pitching Mound.Drive,,Delivery,pitch.1,774566,0.1759,0.0713,1.1349,0.2495,-0.4336,0.0019,0.0,0.0
1780080240760,2,Pitching Mound.Parent,,Delivery,pitch.1,772711,5.4508,-17.6488,103.6184,11.7696,187.1704,-20.0018,-0.1853,0.0499
1780080240761,2,11.0000004b,Drive,Delivery,pitch.1,774567,0.1834,0.07,1.1163,0.2395,-0.349,0.0022,0.0,0.0
1780080240761,2,12.00000015,Lower Delivery,Delivery,pitch.1,774081,-8.3753,-15.1321,57.9259,-134.911,97.1341,7.1964,-0.1719,-0.2387
1780080240761,2,12.00000018,Upper Delivery,Delivery,pitch.1,775368,13.6804,-2.4852,44.7156,141.538,90.7533,-35.1182,-0.208,0.3244
1780080240761,2,Pitching Mound.Delivery,,Delivery,pitch.1,773456,5.3051,-17.6173,102.6415,11.1185,187.8875,-20.4229,-0.1876,0.0504
1780080240761,2,Pitching Mound.Drive,,Delivery,pitch.1,774567,0.1834,0.07,1.1163,0.2395,-0.349,0.0022,0.0,0.0
1780080240761,2,Pitching Mound.Parent,,Delivery,pitch.1,772712,5.481,-17.5461,103.7763,11.368,187.4538,-20.421,-0.1856,0.0498
1780080240762,2,11.0000004b,Drive,Delivery,pitch.1,774568,0.1985,0.0786,1.1232,0.2401,-0.3856,0.0017,0.0,0.0
1780080240762,2,12.00000015,Lower Delivery,Delivery,pitch.1,774083,-8.4452,-14.8437,57.2679,-132.818,95.2093,6.1485,-0.1704,-0.2377
1780080240762,2,12.00000015,Lower Delivery,Delivery,pitch.1,774082,-8.4397,-15.0059,57.1827,-132.195,95.0716,6.6311,-0.1704,-0.2369
1780080240762,2,12.00000018,Upper Delivery,Delivery,pitch.1,775369,13.7355,-2.5187,44.6909,141.541,90.9887,-35.1855,-0.2087,0.3246
1780080240762,2,Pitching Mound.Delivery,,Delivery,pitch.1,773457,5.2959,-17.5245,101.8736,13.5932,186.0602,-21.0149,-0.1872,0.0511
1780080240762,2,Pitching Mound.Drive,,Delivery,pitch.1,774568,0.1985,0.0786,1.1232,0.2401,-0.3856,0.0017,0.0,0.0
1780080240762,2,Pitching Mound.Parent,,Delivery,pitch.1,772713,5.4793,-17.4545,102.9899,13.8327,185.7113,-21.0127,-0.1852,0.0505
1780080240763,2,11.0000004b,Drive,Delivery,pitch.1,774569,0.2107,0.0832,1.1137,0.2663,-0.4477,0.0015,0.0,0.0
1780080240763,2,12.00000015,Lower Delivery,Delivery,pitch.1,774084,-8.4939,-14.6567,56.8952,-132.4501,94.163,5.5212,-0.1696,-0.2386
1780080240763,2,12.00000018,Upper Delivery,Delivery,pitch.1,775370,13.7831,-2.5726,44.6953,141.6493,91.2425,-35.2085,-0.2092,0.3248
1780080240763,2,Pitching Mound.Delivery,,Delivery,pitch.1,773458,5.3379,-17.4163,101.9632,13.106,186.4518,-21.5024,-0.1874,0.0508
1780080240763,2,Pitching Mound.Drive,,Delivery,pitch.1,774569,0.2107,0.0832,1.1137,0.2663,-0.4477,0.0015,0.0,0.0
1780080240763,2,Pitching Mound.Parent,,Delivery,pitch.1,772714,5.5364,-17.3377,103.0864,13.3461,186.0662,-21.5007,-0.1854,0.0502
1780080240764,2,11.0000004b,Drive,Delivery,pitch.1,774570,0.2184,0.0907,1.1478,0.2596,-0.4165,0.0,0.0,0.0
1780080240764,2,12.00000015,Lower Delivery,Delivery,pitch.1,774085,-8.5028,-14.5546,56.5478,-131.0991,93.3529,5.0864,-0.1692,-0.2376
1780080240764,2,12.00000018,Upper Delivery,Delivery,pitch.1,775371,13.7974,-2.6217,44.5194,141.7257,91.6097,-35.2201,-0.2109,0.3263
1780080240764,2,Pitching Mound.Delivery,,Delivery,pitch.1,773459,5.3035,-17.2784,101.4145,13.4834,185.7727,-22.1198,-0.1878,0.0509
1780080240764,2,Pitching Mound.Drive,,Delivery,pitch.1,774570,0.2184,0.0907,1.1478,0.2596,-0.4165,0.0,0.0,0.0
1780080240764,2,Pitching Mound.Parent,,Delivery,pitch.1,772715,5.5142,-17.1952,102.5282,13.7497,185.325,-22.1183,-0.1857,0.0503
1780080240765,2,11.0000004b,Drive,Delivery,pitch.1,774571,0.2322,0.0928,1.1897,0.2549,-0.4091,0.0002,0.0,0.0
1780080240765,2,12.00000018,Upper Delivery,Delivery,pitch.1,775372,13.8364,-2.672,44.4713,142.0545,92.0352,-35.2126,-0.2121,0.327
1780080240765,2,Pitching Mound.Delivery,,Delivery,pitch.1,773460,5.3336,-17.2265,101.0191,15.0614,185.388,-22.5309,-0.1881,0.0516
1780080240765,2,Pitching Mound.Drive,,Delivery,pitch.1,774571,0.2322,0.0928,1.1897,0.2549,-0.4091,0.0002,0.0,0.0
1780080240765,2,Pitching Mound.Parent,,Delivery,pitch.1,772716,5.552,-17.1358,102.1669,15.321,184.9715,-22.5309,-0.186,0.051
1780080240766,2,11.0000004b,Drive,Delivery,pitch.1,774572,0.2533,0.1037,1.2276,0.2465,-0.3008,-0.0001,0.0,0.0
1780080240766,2,12.00000015,Lower Delivery,Delivery,pitch.1,774086,-8.5718,-14.2402,55.8238,-129.6571,90.6742,4.1944,-0.1665,-0.2381
1780080240766,2,12.00000015,Lower Delivery,Delivery,pitch.1,774087,-8.6386,-14.1066,55.9799,-130.3831,92.0161,3.7895,-0.1685,-0.2387
1780080240766,2,12.00000018,Upper Delivery,Delivery,pitch.1,775373,13.8513,-2.7263,44.5542,142.3512,92.3631,-35.2088,-0.2125,0.327
1780080240766,2,Pitching Mound.Delivery,,Delivery,pitch.1,773461,5.2795,-16.9665,100.378,16.5258,183.0373,-23.3906,-0.1869,0.0509
1780080240766,2,Pitching Mound.Drive,,Delivery,pitch.1,774572,0.2533,0.1037,1.2276,0.2465,-0.3008,-0.0001,0.0,0.0
1780080240766,2,Pitching Mound.Parent,,Delivery,pitch.1,772717,5.5117,-16.8737,101.5677,16.7807,182.6281,-23.3904,-0.1847,0.0503
1780080240767,2,11.0000004b,Drive,Delivery,pitch.1,774573,0.2676,0.1073,1.2149,0.2432,-0.1977,-0.0001,0.0,0.0
1780080240767,2,12.00000015,Lower Delivery,Delivery,pitch.1,774088,-8.7568,-13.9896,55.215,-129.1416,90.3759,3.2988,-0.1678,-0.2397
1780080240767,2,12.00000018,Upper Delivery,Delivery,pitch.1,775374,13.8868,-2.7758,44.7444,142.9108,92.9401,-35.1938,-0.2129,0.327
1780080240767,2,Pitching Mound.Delivery,,Delivery,pitch.1,773462,5.2483,-16.8824,100.7242,16.3478,184.9562,-23.7456,-0.1882,0.0505
1780080240767,2,Pitching Mound.Drive,,Delivery,pitch.1,774573,0.2676,0.1073,1.2149,0.2432,-0.1977,-0.0001,0.0,0.0
1780080240767,2,Pitching Mound.Parent,,Delivery,pitch.1,772718,5.5016,-16.7787,101.9519,16.5942,184.6554,-23.7457,-0.1859,0.0499
1780080240768,2,11.0000004b,Drive,Delivery,pitch.1,774574,0.254,0.1004,1.202,0.2488,-0.3246,0.0004,0.0,0.0
1780080240768,2,12.00000015,Lower Delivery,Delivery,pitch.1,774089,-8.8331,-13.8287,54.8549,-127.6458,89.8201,2.742,-0.1678,-0.2385
1780080240768,2,12.00000018,Upper Delivery,Delivery,pitch.1,775375,13.8827,-2.8479,44.7454,143.6654,93.5718,-35.1867,-0.2143,0.327
1780080240768,2,Pitching Mound.Delivery,,Delivery,pitch.1,773463,5.1259,-16.8375,99.9604,18.0834,183.9477,-24.1905,-0.1886,0.0496
1780080240768,2,Pitching Mound.Drive,,Delivery,pitch.1,774574,0.254,0.1004,1.202,0.2488,-0.3246,0.0004,0.0,0.0
1780080240768,2,Pitching Mound.Parent,,Delivery,pitch.1,772719,5.3935,-16.7302,101.1753,18.3265,183.75,-24.1906,-0.1863,0.049
1780080240769,2,11.0000004b,Drive,Delivery,pitch.1,774575,0.2413,0.096,1.2074,0.2253,-0.1386,0.0026,0.0,0.0
1780080240769,2,12.00000015,Lower Delivery,Delivery,pitch.1,774090,-8.95,-13.5703,53.7677,-125.929,86.7151,2.0749,-0.1653,-0.2401
1780080240769,2,12.00000018,Upper Delivery,Delivery,pitch.1,775376,13.8931,-2.9046,44.8326,144.0038,93.7906,-35.1455,-0.2144,0.327
1780080240769,2,Pitching Mound.Delivery,,Delivery,pitch.1,773464,5.06,-16.7333,99.6875,19.7656,183.6107,-24.6766,-0.1888,0.05
1780080240769,2,Pitching Mound.Drive,,Delivery,pitch.1,774575,0.2413,0.096,1.2074,0.2253,-0.1386,0.0026,0.0,0.0
1780080240769,2,Pitching Mound.Parent,,Delivery,pitch.1,772720,5.314,-16.6329,100.8895,20.0144,183.2861,-24.6762,-0.1865,0.0494
1780080240770,2,11.0000004b,Drive,Delivery,pitch.1,774576,0.2408,0.0992,1.2334,0.2354,-0.1399,0.0019,0.0,0.0
1780080240770,2,12.00000015,Lower Delivery,Delivery,pitch.1,774091,-9.0851,-13.3573,53.45,-125.0852,86.0675,1.3045,-0.165,-0.2399
1780080240770,2,12.00000018,Upper Delivery,Delivery,pitch.1,775377,13.8515,-3.0181,44.6579,144.2524,94.0626,-35.1334,-0.2159,0.327
1780080240770,2,Pitching Mound.Delivery,,Delivery,pitch.1,773465,4.9015,-16.5884,98.4256,21.4208,180.7777,-25.3059,-0.1883,0.0487
1780080240770,2,Pitching Mound.Drive,,Delivery,pitch.1,774576,0.2408,0.0992,1.2334,0.2354,-0.1399,0.0019,0.0,0.0
1780080240770,2,Pitching Mound.Parent,,Delivery,pitch.1,772721,5.1428,-16.4924,99.633,21.646,180.639,-25.3034,-0.186,0.0481
1780080240771,2,11.0000004b,Drive,Delivery,pitch.1,774577,0.2492,0.1048,1.2546,0.1757,-0.0912,0.0022,0.0,0.0
1780080240771,2,12.00000015,Lower Delivery,Delivery,pitch.1,774092,-9.1936,-13.0854,53.1209,-125.1783,85.5328,0.3691,-0.165,-0.2415
1780080240771,2,12.00000018,Upper Delivery,Delivery,pitch.1,775378,13.8906,-3.1261,44.8347,144.9013,94.7133,-35.1316,-0.2165,0.327
1780080240771,2,Pitching Mound.Delivery,,Delivery,pitch.1,773466,4.8055,-16.4834,98.2848,22.7453,180.7808,-26.0153,-0.1885,0.0485
1780080240771,2,Pitching Mound.Drive,,Delivery,pitch.1,774577,0.2492,0.1048,1.2546,0.1757,-0.0912,0.0022,0.0,0.0
1780080240771,2,Pitching Mound.Parent,,Delivery,pitch.1,772722,5.0463,-16.3842,99.5182,22.9807,180.6409,-26.0135,-0.1862,0.0479
1780080240772,2,11.0000004b,Drive,Delivery,pitch.1,774578,0.2511,0.1104,1.2616,0.1653,-0.0284,0.003,0.0,0.0
1780080240772,2,12.00000015,Lower Delivery,Delivery,pitch.1,774093,-9.3764,-12.929,52.6108,-124.4321,85.3432,-0.9429,-0.1663,-0.2424
1780080240772,2,12.00000018,Upper Delivery,Delivery,pitch.1,775379,13.8907,-3.2382,45.0971,146.7865,96.0947,-35.1927,-0.2184,0.327
1780080240772,2,Pitching Mound.Delivery,,Delivery,pitch.1,773467,4.6971,-16.3236,98.218,24.3363,181.6275,-26.9749,-0.1895,0.0473
1780080240772,2,Pitching Mound.Drive,,Delivery,pitch.1,774578,0.2511,0.1104,1.2616,0.1653,-0.0284,0.003,0.0,0.0
1780080240772,2,Pitching Mound.Parent,,Delivery,pitch.1,772723,4.9463,-16.2189,99.4726,24.5121,181.5363,-26.9727,-0.1871,0.0467
1780080240773,2,11.0000004b,Drive,Delivery,pitch.1,774579,0.238,0.1018,1.2297,0.2082,-0.0833,0.0042,0.0,0.0
1780080240773,2,12.00000015,Lower Delivery,Delivery,pitch.1,774094,-9.5799,-12.6992,52.0419,-123.6445,84.4523,-1.7077,-0.1663,-0.2435
1780080240773,2,12.00000018,Upper Delivery,Delivery,pitch.1,775380,13.9246,-3.3334,45.3979,147.2948,96.3406,-35.1891,-0.2175,0.327
1780080240773,2,Pitching Mound.Delivery,,Delivery,pitch.1,773468,4.5481,-16.2624,98.0087,25.3151,181.6838,-28.2096,-0.19,0.0464
1780080240773,2,Pitching Mound.Drive,,Delivery,pitch.1,774579,0.238,0.1018,1.2297,0.2082,-0.0833,0.0042,0.0,0.0
1780080240773,2,Pitching Mound.Parent,,Delivery,pitch.1,772724,4.7992,-16.152,99.2702,25.4804,181.6554,-28.2066,-0.1876,0.0458
1780080240774,2,11.0000004b,Drive,Delivery,pitch.1,774580,0.2289,0.1,1.2428,0.1823,-0.0741,0.005,0.0,0.0
1780080240774,2,12.00000015,Lower Delivery,Delivery,pitch.1,774095,-9.7682,-12.5231,50.896,-120.9134,81.7594,-2.3995,-0.1646,-0.2435
1780080240774,2,12.00000018,Upper Delivery,Delivery,pitch.1,775381,13.939,-3.4675,45.4262,147.8973,97.0029,-35.1847,-0.2189,0.327
1780080240774,2,Pitching Mound.Delivery,,Delivery,pitch.1,773469,4.359,-16.1668,97.4681,26.5021,181.4551,-28.8959,-0.1908,0.0455
1780080240774,2,Pitching Mound.Drive,,Delivery,pitch.1,774580,0.2289,0.1,1.2428,0.1823,-0.0741,0.005,0.0,0.0
1780080240774,2,Pitching Mound.Parent,,Delivery,pitch.1,772725,4.5971,-16.065,98.6978,26.7104,181.3719,-28.8917,-0.1884,0.0449
1780080240775,2,11.0000004b,Drive,Delivery,pitch.1,774581,0.2159,0.0909,1.0885,0.1814,-0.0663,0.005,0.0,0.0
1780080240775,2,12.00000015,Lower Delivery,Delivery,pitch.1,774096,-10.0246,-12.3535,50.7552,-121.3573,82.2669,-3.0898,-0.1661,-0.2451
1780080240775,2,12.00000018,Upper Delivery,Delivery,pitch.1,775382,13.9729,-3.5941,45.6013,148.3037,97.4716,-35.2009,-0.2191,0.327
1780080240775,2,Pitching Mound.Delivery,,Delivery,pitch.1,773470,4.2047,-16.1173,96.4973,29.1906,179.231,-29.5284,-0.1904,0.0448
1780080240775,2,Pitching Mound.Drive,,Delivery,pitch.1,774581,0.2159,0.0909,1.0885,0.1814,-0.0663,0.005,0.0,0.0
1780080240775,2,Pitching Mound.Parent,,Delivery,pitch.1,772726,4.4337,-16.0173,97.7401,29.3729,179.1569,-29.5234,-0.188,0.0442
1780080240776,2,11.0000004b,Drive,Delivery,pitch.1,774582,0.2177,0.0965,1.1696,0.1992,-0.1805,0.0046,0.0,0.0
1780080240776,2,12.00000015,Lower Delivery,Delivery,pitch.1,774097,-10.1651,-12.0984,49.9535,-119.4369,81.0472,-4.1058,-0.1663,-0.2451
1780080240776,2,12.00000018,Upper Delivery,Delivery,pitch.1,775383,14.0113,-3.7051,45.9436,149.3465,98.4442,-35.2681,-0.2196,0.327
1780080240776,2,Pitching Mound.Delivery,,Delivery,pitch.1,773471,3.9867,-16.0586,96.6988,29.6252,180.7111,-30.1857,-0.1915,0.0437
1780080240776,2,Pitching Mound.Drive,,Delivery,pitch.1,774582,0.2177,0.0965,1.1696,0.1992,-0.1805,0.0046,0.0,0.0
1780080240776,2,Pitching Mound.Parent,,Delivery,pitch.1,772727,4.2025,-15.9677,97.7872,29.8065,180.6448,-30.1807,-0.1894,0.0432
1780080240777,2,11.0000004b,Drive,Delivery,pitch.1,774583,0.1906,0.0854,1.1081,0.1218,-0.0341,0.0033,0.0,0.0
1780080240777,2,12.00000015,Lower Delivery,Delivery,pitch.1,774098,-10.3689,-11.8704,49.4822,-119.316,79.8805,-5.0422,-0.1655,-0.2471
1780080240777,2,12.00000018,Upper Delivery,Delivery,pitch.1,775384,14.02,-3.8029,45.8984,149.43,98.6977,-35.2864,-0.2204,0.327
1780080240777,2,Pitching Mound.Delivery,,Delivery,pitch.1,773472,3.8549,-15.9013,95.8519,31.3719,179.7449,-31.1692,-0.1922,0.0433
1780080240777,2,Pitching Mound.Drive,,Delivery,pitch.1,774583,0.1906,0.0854,1.1081,0.1218,-0.0341,0.0033,0.0,0.0
1780080240777,2,Pitching Mound.Parent,,Delivery,pitch.1,772728,4.0725,-15.8048,97.0215,31.571,179.5645,-31.1646,-0.1899,0.0427
1780080240778,2,11.0000004b,Drive,Delivery,pitch.1,774584,0.1963,0.0954,1.2551,0.1586,-0.2106,0.0026,0.0,0.0
1780080240778,2,12.00000015,Lower Delivery,Delivery,pitch.1,774099,-10.5596,-11.6351,48.8878,-118.1975,78.5248,-6.0346,-0.1646,-0.2478
1780080240778,2,12.00000018,Upper Delivery,Delivery,pitch.1,775385,14.0778,-3.8862,45.8864,149.1409,98.3456,-35.371,-0.2197,0.327
1780080240778,2,Pitching Mound.Delivery,,Delivery,pitch.1,773473,3.7089,-15.7566,95.3687,31.0475,178.226,-32.1013,-0.1915,0.0419
1780080240778,2,Pitching Mound.Drive,,Delivery,pitch.1,774584,0.1963,0.0954,1.2551,0.1586,-0.2106,0.0026,0.0,0.0
1780080240778,2,Pitching Mound.Parent,,Delivery,pitch.1,772729,3.8995,-15.6712,96.4767,31.1693,178.1919,-32.0979,-0.1893,0.0415
1780080240779,2,11.0000004b,Drive,Delivery,pitch.1,774585,0.2012,0.09,1.1643,0.1084,-0.1052,0.0019,0.0,0.0
1780080240779,2,12.00000015,Lower Delivery,Delivery,pitch.1,774100,-10.8735,-11.3706,48.4606,-118.3956,79.4208,-6.9895,-0.168,-0.2504
1780080240779,2,12.00000018,Upper Delivery,Delivery,pitch.1,775386,14.1657,-3.9104,46.5458,150.7791,99.6387,-35.5235,-0.2194,0.327
1780080240779,2,Pitching Mound.Delivery,,Delivery,pitch.1,773474,3.6061,-15.5456,95.4337,33.3778,178.1635,-33.1516,-0.1913,0.0409
1780080240779,2,Pitching Mound.Drive,,Delivery,pitch.1,774585,0.2012,0.09,1.1643,0.1084,-0.1052,0.0019,0.0,0.0
1780080240779,2,Pitching Mound.Parent,,Delivery,pitch.1,772730,3.8024,-15.4502,96.6888,33.5364,177.9529,-33.149,-0.1889,0.0404
1780080240780,2,11.0000004b,Drive,Delivery,pitch.1,774586,0.1876,0.0864,1.1401,0.0912,-0.0353,0.0012,0.0,0.0
1780080240780,2,12.00000015,Lower Delivery,Delivery,pitch.1,774101,-10.9777,-11.0768,48.469,-118.1481,78.4783,-7.9548,-0.166,-0.2498
1780080240780,2,12.00000018,Upper Delivery,Delivery,pitch.1,775387,14.2637,-3.9229,46.8692,150.3379,99.2522,-35.6659,-0.217,0.327
1780080240780,2,Pitching Mound.Delivery,,Delivery,pitch.1,773475,3.3903,-15.2936,95.3298,32.4834,178.6731,-34.1087,-0.1921,0.0392
1780080240780,2,Pitching Mound.Drive,,Delivery,pitch.1,774586,0.1876,0.0864,1.1401,0.0912,-0.0353,0.0012,0.0,0.0
1780080240780,2,Pitching Mound.Parent,,Delivery,pitch.1,772731,3.5914,-15.2036,96.4941,32.5918,178.5679,-34.1068,-0.1898,0.0387
1780080240781,2,11.0000004b,Drive,Delivery,pitch.1,774587,0.1853,0.0779,1.0596,0.0989,-0.0316,0.0018,0.0,0.0
1780080240781,2,12.00000015,Lower Delivery,Delivery,pitch.1,774102,-11.1867,-10.9026,47.406,-117.3611,76.978,-8.9274,-0.1664,-0.2537
1780080240781,2,12.00000018,Upper Delivery,Delivery,pitch.1,775388,14.3724,-3.97,47.1836,150.75,99.3288,-35.8169,-0.2158,0.327
1780080240781,2,Pitching Mound.Delivery,,Delivery,pitch.1,773476,3.3947,-15.0467,95.6526,33.0389,177.8072,-35.1527,-0.1905,0.0393
1780080240781,2,Pitching Mound.Drive,,Delivery,pitch.1,774587,0.1853,0.0779,1.0596,0.0989,-0.0316,0.0018,0.0,0.0
1780080240781,2,Pitching Mound.Parent,,Delivery,pitch.1,772732,3.5823,-14.9603,96.7927,33.1301,177.7719,-35.1514,-0.1883,0.0388
1780080240782,2,11.0000004b,Drive,Delivery,pitch.1,774588,0.1842,0.0783,1.1497,0.104,-0.0842,0.001,0.0,0.0
1780080240782,2,12.00000015,Lower Delivery,Delivery,pitch.1,774103,-11.3096,-10.744,47.9617,-118.9577,77.7402,-9.763,-0.1661,-0.2542
1780080240782,2,12.00000018,Upper Delivery,Delivery,pitch.1,775389,14.5147,-3.9473,47.5672,150.763,99.108,-35.9651,-0.2136,0.3249
1780080240782,2,Pitching Mound.Delivery,,Delivery,pitch.1,773477,3.328,-14.8499,94.9732,33.347,176.086,-36.154,-0.19,0.0355
1780080240782,2,Pitching Mound.Drive,,Delivery,pitch.1,774588,0.1842,0.0783,1.1497,0.104,-0.0842,0.001,0.0,0.0
1780080240782,2,Pitching Mound.Parent,,Delivery,pitch.1,772733,3.5133,-14.772,96.0328,33.4459,176.0544,-36.1521,-0.1879,0.0351
1780080240783,2,11.0000004b,Drive,Delivery,pitch.1,774589,0.1769,0.0734,1.1146,0.1191,-0.0856,0.0008,0.0,0.0
1780080240783,2,12.00000015,Lower Delivery,Delivery,pitch.1,774104,-11.4712,-10.5682,46.8649,-116.9398,76.0948,-10.6762,-0.1664,-0.2558
1780080240783,2,12.00000018,Upper Delivery,Delivery,pitch.1,775390,14.6544,-3.9574,48.0094,151.3617,99.5204,-36.1167,-0.2125,0.3231
1780080240783,2,Pitching Mound.Delivery,,Delivery,pitch.1,773478,3.3448,-14.7014,95.9711,32.3877,177.2607,-37.0519,-0.1893,0.0344
1780080240783,2,Pitching Mound.Drive,,Delivery,pitch.1,774589,0.1769,0.0734,1.1146,0.1191,-0.0856,0.0008,0.0,0.0
1780080240783,2,Pitching Mound.Parent,,Delivery,pitch.1,772734,3.529,-14.6231,97.1208,32.4918,177.1765,-37.0509,-0.1871,0.034
1780080240784,2,11.0000004b,Drive,Delivery,pitch.1,774590,0.1693,0.0754,1.1172,0.1132,-0.0307,0.0021,0.0,0.0
1780080240784,2,12.00000015,Lower Delivery,Delivery,pitch.1,774105,-11.6523,-10.3849,46.6546,-117.6403,75.3649,-11.6424,-0.1656,-0.2584
1780080240784,2,12.00000018,Upper Delivery,Delivery,pitch.1,775391,14.7687,-3.957,48.2168,151.8999,100.0669,-36.2603,-0.2127,0.3229
1780080240784,2,Pitching Mound.Delivery,,Delivery,pitch.1,773479,3.2975,-14.5252,95.0817,34.5004,176.1618,-38.0148,-0.1899,0.0329
1780080240784,2,Pitching Mound.Drive,,Delivery,pitch.1,774590,0.1693,0.0754,1.1172,0.1132,-0.0307,0.0021,0.0,0.0
1780080240784,2,Pitching Mound.Parent,,Delivery,pitch.1,772735,3.4744,-14.4518,96.1963,34.6195,176.0761,-38.014,-0.1877,0.0325
1780080240785,2,11.0000004b,Drive,Delivery,pitch.1,774591,0.1697,0.0684,1.0298,0.1079,-0.0305,0.0016,0.0,0.0
1780080240785,2,12.00000015,Lower Delivery,Delivery,pitch.1,774106,-11.7675,-10.2071,46.378,-117.1693,74.1574,-12.4465,-0.1639,-0.2589
1780080240785,2,12.00000018,Upper Delivery,Delivery,pitch.1,775392,14.915,-3.9462,48.6241,152.7527,100.7301,-36.4371,-0.2123,0.322
1780080240785,2,Pitching Mound.Delivery,,Delivery,pitch.1,773480,3.2627,-14.3311,95.2787,34.4428,176.095,-39.0465,-0.1894,0.0307
1780080240785,2,Pitching Mound.Drive,,Delivery,pitch.1,774591,0.1697,0.0684,1.0298,0.1079,-0.0305,0.0016,0.0,0.0
1780080240785,2,Pitching Mound.Parent,,Delivery,pitch.1,772736,3.4319,-14.2557,96.3959,34.556,176.0643,-39.0444,-0.1872,0.0304
1780080240786,2,11.0000004b,Drive,Delivery,pitch.1,774592,0.1837,0.0675,0.9943,0.0766,-0.0338,0.0016,0.0,0.0
1780080240786,2,12.00000015,Lower Delivery,Delivery,pitch.1,774107,-11.8841,-10.05,46.4017,-117.2241,73.8359,-13.0917,-0.1631,-0.2589
1780080240786,2,12.00000018,Upper Delivery,Delivery,pitch.1,775394,15.1797,-3.9584,48.8797,152.046,100.3319,-36.6777,-0.2104,0.3188
1780080240786,2,12.00000018,Upper Delivery,Delivery,pitch.1,775393,15.0456,-3.9417,48.7496,152.3316,100.4511,-36.5492,-0.2112,0.3203
1780080240786,2,Pitching Mound.Delivery,,Delivery,pitch.1,773481,3.278,-14.1488,95.1276,34.356,174.6085,-39.8792,-0.1881,0.0294
1780080240786,2,Pitching Mound.Delivery,,Delivery,pitch.1,773482,3.2956,-14.0085,95.2814,33.9794,174.1678,-40.5678,-0.1874,0.0286
1780080240786,2,Pitching Mound.Drive,,Delivery,pitch.1,774592,0.1837,0.0675,0.9943,0.0766,-0.0338,0.0016,0.0,0.0
1780080240786,2,Pitching Mound.Parent,,Delivery,pitch.1,772738,3.4794,-13.941,96.2757,34.056,174.134,-40.5662,-0.1854,0.0283
1780080240786,2,Pitching Mound.Parent,,Delivery,pitch.1,772737,3.4478,-14.0804,96.1574,34.4639,174.578,-39.8776,-0.1861,0.0291
1780080240787,2,11.0000004b,Drive,Delivery,pitch.1,774593,0.1738,0.0617,0.9511,0.0787,-0.0326,0.002,0.0,0.0
1780080240787,2,12.00000015,Lower Delivery,Delivery,pitch.1,774108,-12.0096,-9.9169,46.2375,-117.0739,73.3093,-13.6456,-0.1625,-0.2595
1780080240787,2,12.00000018,Upper Delivery,Delivery,pitch.1,775395,15.2902,-3.9796,48.9976,151.8287,100.1531,-36.8363,-0.2095,0.3176
1780080240787,2,Pitching Mound.Delivery,,Delivery,pitch.1,773483,3.2806,-13.8965,95.2352,33.8163,173.4624,-41.2,-0.1867,0.0276
1780080240787,2,Pitching Mound.Drive,,Delivery,pitch.1,774593,0.1738,0.0617,0.9511,0.0787,-0.0326,0.002,0.0,0.0
1780080240787,2,Pitching Mound.Parent,,Delivery,pitch.1,772739,3.4544,-13.8348,96.1863,33.8951,173.4298,-41.1979,-0.1848,0.0273
1780080240788,2,11.0000004b,Drive,Delivery,pitch.1,774594,0.1814,0.0661,0.9468,0.0978,-0.0293,0.0023,0.0,0.0
1780080240788,2,12.00000015,Lower Delivery,Delivery,pitch.1,774109,-12.1177,-9.7975,46.6836,-117.6147,72.4548,-14.1777,-0.1591,-0.2582
1780080240788,2,Pitching Mound.Drive,,Delivery,pitch.1,774594,0.1814,0.0661,0.9468,0.0978,-0.0293,0.0023,0.0,0.0
1780080240789,2,11.0000004b,Drive,Delivery,pitch.1,774595,0.1736,0.0638,0.8883,0.0734,-0.0302,0.0025,0.0,0.0
1780080240789,2,12.00000015,Lower Delivery,Delivery,pitch.1,774110,-12.2034,-9.6887,46.2181,-117.1322,72.5521,-14.4804,-0.1609,-0.2598
1780080240789,2,12.00000018,Upper Delivery,Delivery,pitch.1,775397,15.4971,-4.0145,48.9303,151.1132,99.6878,-37.0695,-0.2088,0.3165
1780080240789,2,12.00000018,Upper Delivery,Delivery,pitch.1,775396,15.3997,-4.0018,49.0134,151.5213,99.943,-36.9462,-0.209,0.3169
1780080240789,2,Pitching Mound.Delivery,,Delivery,pitch.1,773484,3.2821,-13.7993,95.697,33.1145,172.3978,-41.768,-0.1846,0.028
1780080240789,2,Pitching Mound.Delivery,,Delivery,pitch.1,773485,3.2937,-13.7032,95.1484,33.0588,172.2399,-42.1318,-0.1855,0.0269
1780080240789,2,Pitching Mound.Drive,,Delivery,pitch.1,774595,0.1736,0.0638,0.8883,0.0734,-0.0302,0.0025,0.0,0.0
1780080240789,2,Pitching Mound.Parent,,Delivery,pitch.1,772740,3.4635,-13.7332,96.6438,33.2123,172.3685,-41.7657,-0.1828,0.0278
1780080240789,2,Pitching Mound.Parent,,Delivery,pitch.1,772741,3.4673,-13.6394,96.0367,33.1322,172.2097,-42.1293,-0.1838,0.0267
1780080240790,2,11.0000004b,Drive,Delivery,pitch.1,774596,0.1966,0.0714,0.9689,0.0953,-0.0297,0.0031,0.0,0.0
1780080240790,2,12.00000015,Lower Delivery,Delivery,pitch.1,774111,-12.2763,-9.5481,46.0438,-117.1282,72.5502,-14.8237,-0.1615,-0.2607
1780080240790,2,12.00000018,Upper Delivery,Delivery,pitch.1,775398,15.5325,-4.0465,48.5821,150.8463,99.6398,-37.1881,-0.2102,0.3182
1780080240790,2,Pitching Mound.Delivery,,Delivery,pitch.1,773486,3.2563,-13.5946,94.626,32.8551,172.19,-42.5568,-0.1865,0.0274
1780080240790,2,Pitching Mound.Drive,,Delivery,pitch.1,774596,0.1966,0.0714,0.9689,0.0953,-0.0297,0.0031,0.0,0.0
1780080240790,2,Pitching Mound.Parent,,Delivery,pitch.1,772742,3.4528,-13.5232,95.5949,32.9504,172.1602,-42.5537,-0.1846,0.0271
1780080240791,2,11.0000004b,Drive,Delivery,pitch.1,774597,0.1896,0.0708,0.9701,0.1005,-0.0301,0.0024,0.0,0.0
1780080240791,2,12.00000015,Lower Delivery,Delivery,pitch.1,774112,-12.3617,-9.4397,45.9501,-116.8762,72.5135,-15.1141,-0.1617,-0.2607
1780080240791,2,12.00000018,Upper Delivery,Delivery,pitch.1,775399,15.5686,-4.081,48.3995,150.5344,99.4129,-37.305,-0.2105,0.3188
1780080240791,2,Pitching Mound.Delivery,,Delivery,pitch.1,773487,3.2068,-13.5207,94.3496,32.8254,171.9265,-42.9228,-0.1868,0.0277
1780080240791,2,Pitching Mound.Drive,,Delivery,pitch.1,774597,0.1896,0.0708,0.9701,0.1005,-0.0301,0.0024,0.0,0.0
1780080240791,2,Pitching Mound.Parent,,Delivery,pitch.1,772743,3.3965,-13.4499,95.3197,32.9259,171.8964,-42.9205,-0.1849,0.0275
1780080240792,2,11.0000004b,Drive,Delivery,pitch.1,774598,0.2251,0.097,1.1914,0.1224,-0.0326,0.0031,0.0,0.0
1780080240792,2,12.00000015,Lower Delivery,Delivery,pitch.1,774113,-12.396,-9.3414,45.9535,-116.9479,72.354,-15.4227,-0.1614,-0.2608
1780080240792,2,Pitching Mound.Drive,,Delivery,pitch.1,774598,0.2251,0.097,1.1914,0.1224,-0.0326,0.0031,0.0,0.0
1780080240793,2,11.0000004b,Drive,Delivery,pitch.1,774599,0.2156,0.0849,1.0401,0.1184,-0.031,0.0029,0.0,0.0
1780080240793,2,12.00000015,Lower Delivery,Delivery,pitch.1,774114,-12.4452,-9.2447,45.8115,-116.7304,72.5524,-15.6873,-0.1623,-0.2612
1780080240793,2,12.00000018,Upper Delivery,Delivery,pitch.1,775400,15.5431,-4.1344,47.9686,150.2735,99.3717,-37.4403,-0.2123,0.3211
1780080240793,2,12.00000018,Upper Delivery,Delivery,pitch.1,775401,15.4716,-4.1921,47.401,149.9719,99.3215,-37.5455,-0.2148,0.3243
1780080240793,2,Pitching Mound.Delivery,,Delivery,pitch.1,773488,3.1471,-13.4758,93.9221,32.6405,171.7256,-43.3637,-0.1874,0.0291
1780080240793,2,Pitching Mound.Delivery,,Delivery,pitch.1,773489,3.0264,-13.4369,93.2125,32.7011,171.8739,-43.7411,-0.189,0.0308
1780080240793,2,Pitching Mound.Drive,,Delivery,pitch.1,774599,0.2156,0.0849,1.0401,0.1184,-0.031,0.0029,0.0,0.0
1780080240793,2,Pitching Mound.Parent,,Delivery,pitch.1,772744,3.3723,-13.3789,95.1135,32.763,171.6931,-43.3606,-0.1851,0.0287
1780080240793,2,Pitching Mound.Parent,,Delivery,pitch.1,772745,3.242,-13.3519,94.2526,32.8196,171.8429,-43.7382,-0.1869,0.0304
1780080240794,2,11.0000004b,Drive,Delivery,pitch.1,774600,0.2378,0.096,1.1587,0.1758,-0.2874,0.0021,0.0,0.0
1780080240794,2,12.00000015,Lower Delivery,Delivery,pitch.1,774115,-12.4644,-9.1769,45.8517,-116.6879,72.7791,-15.9664,-0.1627,-0.2608
1780080240794,2,12.00000018,Upper Delivery,Delivery,pitch.1,775402,15.4028,-4.264,46.9099,149.7674,99.1937,-37.6853,-0.2167,0.327
1780080240794,2,Pitching Mound.Delivery,,Delivery,pitch.1,773490,2.9384,-13.441,92.7616,32.7198,171.9728,-44.1769,-0.19,0.0326
1780080240794,2,Pitching Mound.Drive,,Delivery,pitch.1,774600,0.2378,0.096,1.1587,0.1758,-0.2874,0.0021,0.0,0.0
1780080240794,2,Pitching Mound.Parent,,Delivery,pitch.1,772746,3.1763,-13.3449,93.9204,32.8956,171.6853,-44.1748,-0.1877,0.0322
1780080240795,2,11.0000004b,Drive,Delivery,pitch.1,774601,0.264,0.1088,1.198,0.2068,-0.4016,0.002,0.0,0.0
1780080240795,2,12.00000015,Lower Delivery,Delivery,pitch.1,774116,-12.4934,-9.1246,45.8257,-116.5335,72.4671,-16.2805,-0.1621,-0.2606
1780080240795,2,12.00000018,Upper Delivery,Delivery,pitch.1,775403,15.3038,-4.3221,46.2682,149.0868,98.7393,-37.7736,-0.2187,0.327
1780080240795,2,Pitching Mound.Delivery,,Delivery,pitch.1,773491,2.8104,-13.4466,92.0939,32.4029,171.2065,-44.603,-0.1905,0.033
1780080240795,2,Pitching Mound.Drive,,Delivery,pitch.1,774601,0.264,0.1088,1.198,0.2068,-0.4016,0.002,0.0,0.0
1780080240795,2,Pitching Mound.Parent,,Delivery,pitch.1,772747,3.0744,-13.3378,93.2919,32.6097,170.8049,-44.601,-0.1881,0.0325
1780080240796,2,11.0000004b,Drive,Delivery,pitch.1,774602,0.263,0.1085,1.1869,0.2196,-0.4486,-0.0002,0.0,0.0
1780080240796,2,12.00000015,Lower Delivery,Delivery,pitch.1,774117,-12.5133,-9.0587,45.8445,-116.5829,72.5908,-16.5712,-0.1623,-0.2606
1780080240796,2,12.00000018,Upper Delivery,Delivery,pitch.1,775404,15.1921,-4.3731,45.6642,148.6351,98.4499,-37.85,-0.221,0.327
1780080240796,2,Pitching Mound.Delivery,,Delivery,pitch.1,773492,2.6788,-13.4318,91.5087,32.1135,171.0406,-45.0014,-0.1916,0.0333
1780080240796,2,Pitching Mound.Drive,,Delivery,pitch.1,774602,0.263,0.1085,1.1869,0.2196,-0.4486,-0.0002,0.0,0.0
1780080240796,2,Pitching Mound.Parent,,Delivery,pitch.1,772748,2.9417,-13.3233,92.6956,32.3331,170.592,-45.0016,-0.1891,0.0329
1780080240797,2,11.0000004b,Drive,Delivery,pitch.1,774603,0.2623,0.1114,1.222,0.2452,-0.3912,0.0001,0.0,0.0
1780080240797,2,12.00000015,Lower Delivery,Delivery,pitch.1,774118,-12.5229,-9.0434,45.8289,-116.3848,72.3089,-16.8601,-0.1617,-0.2603
1780080240797,2,Pitching Mound.Drive,,Delivery,pitch.1,774603,0.2623,0.1114,1.222,0.2452,-0.3912,0.0001,0.0,0.0
1780080240798,2,11.0000004b,Drive,Delivery,pitch.1,774604,0.2342,0.102,1.1676,0.2069,-0.2882,0.0009,0.0,0.0
1780080240798,2,12.00000015,Lower Delivery,Delivery,pitch.1,774119,-12.5405,-9.0229,45.9311,-116.4412,72.0967,-17.1775,-0.1609,-0.2598
1780080240798,2,12.00000018,Upper Delivery,Delivery,pitch.1,775405,15.073,-4.4145,44.9821,147.963,97.922,-37.9206,-0.2231,0.327
1780080240798,2,12.00000018,Upper Delivery,Delivery,pitch.1,775406,14.9273,-4.4675,44.2772,147.3456,97.322,-38.011,-0.2253,0.327
1780080240798,2,Pitching Mound.Delivery,,Delivery,pitch.1,773493,2.5501,-13.4579,90.8111,31.8661,170.2309,-45.3981,-0.1921,0.0338
1780080240798,2,Pitching Mound.Delivery,,Delivery,pitch.1,773494,2.3868,-13.4904,90.2083,31.4668,169.4187,-45.8494,-0.1925,0.0344
1780080240798,2,Pitching Mound.Drive,,Delivery,pitch.1,774604,0.2342,0.102,1.1676,0.2069,-0.2882,0.0009,0.0,0.0
1780080240798,2,Pitching Mound.Parent,,Delivery,pitch.1,772749,2.8124,-13.3464,92.0331,32.1113,169.8397,-45.398,-0.1896,0.0334
1780080240798,2,Pitching Mound.Parent,,Delivery,pitch.1,772750,2.621,-13.3883,91.3759,31.6736,169.1305,-45.8486,-0.19,0.034
1780080240799,2,11.0000004b,Drive,Delivery,pitch.1,774605,0.2251,0.1064,1.1056,0.1971,-0.2837,0.0005,0.0,0.0
1780080240799,2,12.00000015,Lower Delivery,Delivery,pitch.1,774120,-12.5881,-9.0042,45.9274,-116.563,72.1887,-17.4582,-0.1611,-0.2601
1780080240799,2,12.00000018,Upper Delivery,Delivery,pitch.1,775407,14.7194,-4.5396,43.4404,147.3817,97.7096,-38.1054,-0.2305,0.327
1780080240799,2,Pitching Mound.Delivery,,Delivery,pitch.1,773495,2.1313,-13.5438,89.3678,31.6643,169.8983,-46.279,-0.1949,0.0347
1780080240799,2,Pitching Mound.Drive,,Delivery,pitch.1,774605,0.2251,0.1064,1.1056,0.1971,-0.2837,0.0005,0.0,0.0
1780080240799,2,Pitching Mound.Parent,,Delivery,pitch.1,772751,2.3564,-13.4374,90.4734,31.8614,169.6146,-46.2786,-0.1925,0.0343
1780080240800,2,11.0000004b,Drive,Delivery,pitch.1,774606,0.2138,0.1045,1.2199,0.2439,-0.3438,0.0,0.0,0.0
1780080240800,2,12.00000015,Lower Delivery,Delivery,pitch.1,774121,-12.6221,-8.9778,46.0378,-116.5985,72.293,-17.8257,-0.1609,-0.2596
1780080240800,2,12.00000018,Upper Delivery,Delivery,pitch.1,775408,14.5787,-4.5938,42.6817,146.1849,96.7027,-38.169,-0.2322,0.327
1780080240800,2,Pitching Mound.Delivery,,Delivery,pitch.1,773496,1.9565,-13.5716,88.7194,30.7275,168.9957,-46.7464,-0.1952,0.0355
1780080240800,2,Pitching Mound.Drive,,Delivery,pitch.1,774606,0.2138,0.1045,1.2199,0.2439,-0.3438,0.0,0.0,0.0
1780080240800,2,Pitching Mound.Parent,,Delivery,pitch.1,772752,2.1703,-13.4671,89.9393,30.9715,168.6519,-46.7464,-0.1926,0.035
1780080240801,2,11.0000004b,Drive,Delivery,pitch.1,774607,0.2027,0.0982,1.1479,0.1506,-0.0318,-0.0006,0.0,0.0
1780080240801,2,12.00000015,Lower Delivery,Delivery,pitch.1,774122,-12.654,-8.9657,46.1806,-116.5444,72.1587,-18.1921,-0.1602,-0.2587
1780080240801,2,12.00000018,Upper Delivery,Delivery,pitch.1,775409,14.4444,-4.5863,42.1119,145.5315,95.9991,-38.2904,-0.2336,0.327
1780080240801,2,Pitching Mound.Delivery,,Delivery,pitch.1,773497,1.7904,-13.552,88.2924,30.3704,168.1577,-47.2691,-0.1952,0.0364
1780080240801,2,Pitching Mound.Drive,,Delivery,pitch.1,774607,0.2027,0.0982,1.1479,0.1506,-0.0318,-0.0006,0.0,0.0
1780080240801,2,Pitching Mound.Parent,,Delivery,pitch.1,772753,1.9931,-13.4537,89.4403,30.521,168.126,-47.2697,-0.1927,0.0359
1780080240802,2,11.0000004b,Drive,Delivery,pitch.1,774608,0.1869,0.0968,1.0367,0.1085,-0.0334,0.0,0.0,0.0
1780080240802,2,12.00000015,Lower Delivery,Delivery,pitch.1,774123,-12.7078,-8.9501,46.3078,-116.6983,72.0794,-18.5476,-0.1595,-0.2583
1780080240802,2,12.00000018,Upper Delivery,Delivery,pitch.1,775410,14.3182,-4.619,41.5194,144.9529,95.8271,-38.3673,-0.2366,0.327
1780080240802,2,Pitching Mound.Delivery,,Delivery,pitch.1,773498,1.6104,-13.5692,87.8272,29.8827,167.9065,-47.7261,-0.1959,0.0369
1780080240802,2,Pitching Mound.Drive,,Delivery,pitch.1,774608,0.1869,0.0968,1.0367,0.1085,-0.0334,0.0,0.0,0.0
1780080240802,2,Pitching Mound.Parent,,Delivery,pitch.1,772754,1.7973,-13.4723,88.8639,29.9912,167.873,-47.7261,-0.1937,0.0365
1780080240803,2,11.0000004b,Drive,Delivery,pitch.1,774609,0.1705,0.0918,0.9988,0.1214,-0.0322,0.0003,0.0,0.0
1780080240803,2,12.00000015,Lower Delivery,Delivery,pitch.1,774124,-12.7893,-8.9096,46.4184,-116.7099,71.979,-18.9029,-0.1589,-0.2577
1780080240803,2,12.00000018,Upper Delivery,Delivery,pitch.1,775411,14.2087,-4.6214,40.983,144.0465,95.1937,-38.4382,-0.2381,0.327
1780080240803,2,Pitching Mound.Delivery,,Delivery,pitch.1,773499,1.4194,-13.531,87.4014,29.1847,167.1727,-48.1618,-0.196,0.0376
1780080240803,2,Pitching Mound.Drive,,Delivery,pitch.1,774609,0.1705,0.0918,0.9988,0.1214,-0.0322,0.0003,0.0,0.0
1780080240803,2,Pitching Mound.Parent,,Delivery,pitch.1,772755,1.5899,-13.4392,88.4002,29.3061,167.1405,-48.1615,-0.1938,0.0372
1780080240804,2,11.0000004b,Drive,Delivery,pitch.1,774610,0.1666,0.0871,0.9708,0.1342,-0.0312,0.0008,0.0,0.0
1780080240804,2,12.00000015,Lower Delivery,Delivery,pitch.1,774125,-12.8995,-8.8668,46.4093,-116.7533,71.8189,-19.2575,-0.1586,-0.2578
1780080240804,2,12.00000018,Upper Delivery,Delivery,pitch.1,775412,14.127,-4.626,40.6365,143.5446,94.5712,-38.5591,-0.2385,0.327
1780080240804,2,Pitching Mound.Delivery,,Delivery,pitch.1,773500,1.2275,-13.4927,87.0459,28.7541,166.3901,-48.6275,-0.1959,0.0377
1780080240804,2,Pitching Mound.Drive,,Delivery,pitch.1,774610,0.1666,0.0871,0.9708,0.1342,-0.0312,0.0008,0.0,0.0
1780080240804,2,Pitching Mound.Parent,,Delivery,pitch.1,772756,1.3941,-13.4056,88.0166,28.8883,166.3588,-48.6268,-0.1938,0.0373
1780080240805,2,11.0000004b,Drive,Delivery,pitch.1,774611,0.1472,0.0952,0.9493,0.0911,-0.0346,0.0003,0.0,0.0
1780080240805,2,12.00000015,Lower Delivery,Delivery,pitch.1,774126,-12.9934,-8.7957,46.3851,-116.6206,71.6247,-19.6395,-0.1583,-0.2577
1780080240805,2,12.00000018,Upper Delivery,Delivery,pitch.1,775413,14.0955,-4.65,40.2287,142.0747,93.2738,-38.6343,-0.2376,0.327
1780080240805,2,Pitching Mound.Delivery,,Delivery,pitch.1,773501,1.1022,-13.4456,86.6139,27.5473,164.8985,-49.0635,-0.1951,0.0381
1780080240805,2,Pitching Mound.Drive,,Delivery,pitch.1,774611,0.1472,0.0952,0.9493,0.0911,-0.0346,0.0003,0.0,0.0
1780080240805,2,Pitching Mound.Parent,,Delivery,pitch.1,772757,1.2494,-13.3504,87.5632,27.6385,164.8639,-49.0632,-0.193,0.0376
1780080240806,2,11.0000004b,Drive,Delivery,pitch.1,774612,0.1464,0.1069,0.9723,0.0614,-0.0359,0.0013,0.0,0.0
1780080240806,2,12.00000015,Lower Delivery,Delivery,pitch.1,774127,-13.1063,-8.7347,46.2813,-116.4067,71.6017,-20.0329,-0.1586,-0.2578
1780080240806,2,12.00000018,Upper Delivery,Delivery,pitch.1,775414,14.0458,-4.6909,39.8309,141.2609,92.6398,-38.7054,-0.2384,0.327
1780080240806,2,Pitching Mound.Delivery,,Delivery,pitch.1,773502,0.9395,-13.4256,86.1122,27.0473,164.2415,-49.5066,-0.1955,0.0382
1780080240806,2,Pitching Mound.Drive,,Delivery,pitch.1,774612,0.1464,0.1069,0.9723,0.0614,-0.0359,0.0013,0.0,0.0
1780080240806,2,Pitching Mound.Parent,,Delivery,pitch.1,772758,1.086,-13.3187,87.0844,27.1088,164.2056,-49.5054,-0.1933,0.0378
1780080240807,2,11.0000004b,Drive,Delivery,pitch.1,774613,0.1596,0.0976,1.012,0.071,-0.0362,0.0023,0.0,0.0
1780080240807,2,12.00000015,Lower Delivery,Delivery,pitch.1,774128,-13.219,-8.6479,46.3331,-116.9275,71.9672,-20.4144,-0.1592,-0.2587
1780080240807,2,12.00000018,Upper Delivery,Delivery,pitch.1,775415,14.0027,-4.7476,39.5945,140.1726,91.776,-38.7966,-0.2376,0.327
1780080240807,2,Pitching Mound.Delivery,,Delivery,pitch.1,773503,0.7838,-13.3955,85.9275,25.5363,163.7433,-49.9556,-0.1953,0.0379
1780080240807,2,Pitching Mound.Drive,,Delivery,pitch.1,774613,0.1596,0.0976,1.012,0.071,-0.0362,0.0023,0.0,0.0
1780080240807,2,Pitching Mound.Parent,,Delivery,pitch.1,772759,0.9433,-13.2979,86.9396,25.6073,163.7071,-49.9532,-0.193,0.0374
1780080240808,2,11.0000004b,Drive,Delivery,pitch.1,774614,0.1714,0.0957,1.0274,0.0603,-0.0357,0.003,0.0,0.0
1780080240808,2,12.00000015,Lower Delivery,Delivery,pitch.1,774129,-13.3627,-8.5259,46.1391,-116.484,71.7164,-20.8487,-0.1593,-0.2588
1780080240808,2,12.00000018,Upper Delivery,Delivery,pitch.1,775416,13.9447,-4.8027,39.3425,139.6269,91.4576,-38.9005,-0.2383,0.327
1780080240808,2,Pitching Mound.Delivery,,Delivery,pitch.1,773504,0.582,-13.3286,85.4816,25.4536,163.174,-50.4647,-0.1957,0.0379
1780080240808,2,Pitching Mound.Drive,,Delivery,pitch.1,774614,0.1714,0.0957,1.0274,0.0603,-0.0357,0.003,0.0,0.0
1780080240808,2,Pitching Mound.Parent,,Delivery,pitch.1,772760,0.7534,-13.2329,86.509,25.5139,163.1383,-50.4617,-0.1933,0.0374
1780080240809,2,11.0000004b,Drive,Delivery,pitch.1,774615,0.1916,0.0893,1.076,0.0683,-0.0369,0.0024,0.0,0.0
1780080240809,2,12.00000015,Lower Delivery,Delivery,pitch.1,774130,-13.5053,-8.4176,45.9788,-116.1821,71.4053,-21.3117,-0.1592,-0.259
1780080240809,2,12.00000018,Upper Delivery,Delivery,pitch.1,775417,13.9386,-4.8913,39.2478,138.2141,90.387,-38.9806,-0.236,0.327
1780080240809,2,Pitching Mound.Delivery,,Delivery,pitch.1,773505,0.4333,-13.3089,85.2267,24.3205,161.7923,-50.9614,-0.1946,0.0377
1780080240809,2,Pitching Mound.Drive,,Delivery,pitch.1,774615,0.1916,0.0893,1.076,0.0683,-0.0369,0.0024,0.0,0.0
1780080240809,2,Pitching Mound.Parent,,Delivery,pitch.1,772761,0.6249,-13.2195,86.3027,24.3888,161.7553,-50.959,-0.1921,0.0373
1780080240810,2,11.0000004b,Drive,Delivery,pitch.1,774616,0.2072,0.0972,1.0791,0.0764,-0.0558,0.0021,0.0,0.0
1780080240810,2,12.00000015,Lower Delivery,Delivery,pitch.1,774131,-13.6147,-8.2509,45.9482,-116.5768,71.7856,-21.7985,-0.1601,-0.26
1780080240810,2,12.00000018,Upper Delivery,Delivery,pitch.1,775418,13.982,-4.9598,39.2075,137.7504,89.924,-39.1373,-0.2351,0.327
1780080240810,2,Pitching Mound.Delivery,,Delivery,pitch.1,773506,0.3673,-13.2107,85.1556,23.4655,161.7095,-51.5529,-0.1946,0.0372
1780080240810,2,Pitching Mound.Drive,,Delivery,pitch.1,774616,0.2072,0.0972,1.0791,0.0764,-0.0558,0.0021,0.0,0.0
1780080240810,2,Pitching Mound.Parent,,Delivery,pitch.1,772762,0.5745,-13.1135,86.2347,23.5419,161.6537,-51.5508,-0.1922,0.0367
1780080240811,2,11.0000004b,Drive,Delivery,pitch.1,774617,0.2016,0.0973,1.0804,0.0632,-0.0823,0.0019,0.0,0.0
1780080240811,2,12.00000015,Lower Delivery,Delivery,pitch.1,774132,-13.7612,-8.0993,45.6711,-115.7403,71.1948,-22.2653,-0.1598,-0.2597
1780080240811,2,12.00000018,Upper Delivery,Delivery,pitch.1,775419,13.9975,-5.0662,39.0889,136.6657,89.122,-39.2049,-0.2337,0.327
1780080240811,2,Pitching Mound.Delivery,,Delivery,pitch.1,773507,0.2363,-13.1655,84.76,23.1633,160.3168,-52.0322,-0.1939,0.0373
1780080240811,2,Pitching Mound.Drive,,Delivery,pitch.1,774617,0.2016,0.0973,1.0804,0.0632,-0.0823,0.0019,0.0,0.0
1780080240811,2,Pitching Mound.Parent,,Delivery,pitch.1,772763,0.4379,-13.0681,85.8405,23.2265,160.2345,-52.0303,-0.1914,0.0368
1780080240812,2,11.0000004b,Drive,Delivery,pitch.1,774618,0.1977,0.0919,1.0991,0.0655,-0.2206,0.0027,0.0,0.0
1780080240812,2,12.00000015,Lower Delivery,Delivery,pitch.1,774133,-13.8682,-7.9151,45.8393,-116.0321,71.2324,-22.8489,-0.1593,-0.2594
1780080240812,2,12.00000018,Upper Delivery,Delivery,pitch.1,775420,14.066,-5.1561,39.0746,135.6753,88.4373,-39.2934,-0.232,0.327
1780080240812,2,Pitching Mound.Delivery,,Delivery,pitch.1,773508,0.1978,-13.0712,84.9139,21.9433,159.6696,-52.6447,-0.1927,0.0375
1780080240812,2,Pitching Mound.Drive,,Delivery,pitch.1,774618,0.1977,0.0919,1.0991,0.0655,-0.2206,0.0027,0.0,0.0
1780080240812,2,Pitching Mound.Parent,,Delivery,pitch.1,772764,0.3955,-12.9793,86.0131,22.0087,159.449,-52.642,-0.1903,0.037
1780080240813,2,11.0000004b,Drive,Delivery,pitch.1,774619,0.1843,0.086,1.0577,0.074,-0.1657,0.0016,0.0,0.0
1780080240813,2,12.00000015,Lower Delivery,Delivery,pitch.1,774134,-14.012,-7.7122,45.7152,-115.5168,70.6925,-23.4716,-0.1585,-0.259
1780080240813,2,12.00000018,Upper Delivery,Delivery,pitch.1,775421,14.1663,-5.2379,39.0363,134.8591,87.8724,-39.4053,-0.2307,0.327
1780080240813,2,Pitching Mound.Delivery,,Delivery,pitch.1,773509,0.1543,-12.9501,84.7515,21.6131,158.5649,-53.2963,-0.1918,0.0377
1780080240813,2,Pitching Mound.Drive,,Delivery,pitch.1,774619,0.1843,0.086,1.0577,0.074,-0.1657,0.0016,0.0,0.0
1780080240813,2,Pitching Mound.Parent,,Delivery,pitch.1,772765,0.3385,-12.864,85.8091,21.6871,158.3992,-53.2946,-0.1894,0.0373
1780080240814,2,11.0000004b,Drive,Delivery,pitch.1,774620,0.1965,0.0897,1.0829,0.086,-0.3332,-0.0001,0.0,0.0
1780080240814,2,12.00000015,Lower Delivery,Delivery,pitch.1,774135,-14.077,-7.5133,45.9504,-115.5363,70.7896,-24.0896,-0.1579,-0.2577
1780080240814,2,12.00000018,Upper Delivery,Delivery,pitch.1,775422,14.2165,-5.3512,38.9019,133.7209,87.1236,-39.4671,-0.2295,0.327
1780080240814,2,Pitching Mound.Delivery,,Delivery,pitch.1,773510,0.1395,-12.8645,84.8523,20.5811,157.9132,-53.937,-0.1907,0.0386
1780080240814,2,Pitching Mound.Drive,,Delivery,pitch.1,774620,0.1965,0.0897,1.0829,0.086,-0.3332,-0.0001,0.0,0.0
1780080240814,2,Pitching Mound.Parent,,Delivery,pitch.1,772766,0.336,-12.7748,85.9351,20.6672,157.58,-53.937,-0.1883,0.0381
1780080240815,2,11.0000004b,Drive,Delivery,pitch.1,774621,0.1878,0.0966,1.0819,0.0738,-0.3218,-0.0003,0.0,0.0
1780080240815,2,12.00000015,Lower Delivery,Delivery,pitch.1,774136,-14.1573,-7.288,45.9745,-115.1672,70.6284,-24.6485,-0.1575,-0.2568
1780080240815,2,12.00000018,Upper Delivery,Delivery,pitch.1,775423,14.3647,-5.3809,38.9645,132.0849,86.0015,-39.5873,-0.2262,0.327
1780080240815,2,Pitching Mound.Delivery,,Delivery,pitch.1,773511,0.2074,-12.6689,84.9389,19.3011,156.6299,-54.5383,-0.189,0.0391
1780080240815,2,Pitching Mound.Drive,,Delivery,pitch.1,774621,0.1878,0.0966,1.0819,0.0738,-0.3218,-0.0003,0.0,0.0
1780080240815,2,Pitching Mound.Parent,,Delivery,pitch.1,772767,0.3952,-12.5723,86.0209,19.3749,156.3081,-54.5387,-0.1866,0.0386
1780080240816,2,11.0000004b,Drive,Delivery,pitch.1,774622,0.1901,0.0904,1.0972,0.1087,-0.3578,-0.0001,0.0,0.0
1780080240816,2,12.00000015,Lower Delivery,Delivery,pitch.1,774137,-14.3008,-7.038,46.0787,-113.1072,70.1412,-25.547,-0.156,-0.2516
1780080240816,2,12.00000018,Upper Delivery,Delivery,pitch.1,775424,14.3972,-5.4275,38.7759,131.6907,85.9457,-39.6615,-0.2272,0.327
1780080240816,2,Pitching Mound.Delivery,,Delivery,pitch.1,773512,0.0964,-12.4656,84.8545,21.0665,156.0868,-55.4512,-0.1885,0.0421
1780080240816,2,Pitching Mound.Drive,,Delivery,pitch.1,774622,0.1901,0.0904,1.0972,0.1087,-0.3578,-0.0001,0.0,0.0
1780080240816,2,Pitching Mound.Parent,,Delivery,pitch.1,772768,0.2865,-12.3751,85.9517,21.1752,155.7291,-55.4513,-0.1861,0.0415
1780080240817,2,11.0000004b,Drive,Delivery,pitch.1,774623,0.1756,0.0888,1.0591,0.0939,-0.2273,-0.0004,0.0,0.0
1780080240817,2,12.00000015,Lower Delivery,Delivery,pitch.1,774138,-14.424,-6.8558,46.1591,-112.1737,69.6703,-26.0921,-0.1547,-0.2491
1780080240817,2,12.00000018,Upper Delivery,Delivery,pitch.1,775425,14.4097,-5.4974,38.5972,130.9753,85.5821,-39.7734,-0.2273,0.327
1780080240817,2,Pitching Mound.Delivery,,Delivery,pitch.1,773513,-0.0143,-12.3532,84.7563,21.3726,155.2523,-56.062,-0.1877,0.0436
1780080240817,2,Pitching Mound.Drive,,Delivery,pitch.1,774623,0.1756,0.0888,1.0591,0.0939,-0.2273,-0.0004,0.0,0.0
1780080240817,2,Pitching Mound.Parent,,Delivery,pitch.1,772769,0.1613,-12.2644,85.8153,21.4665,155.025,-56.0624,-0.1854,0.0431
1780080240818,2,11.0000004b,Drive,Delivery,pitch.1,774624,0.1721,0.1064,1.0959,0.1221,-0.0713,-0.0014,0.0,0.0
1780080240818,2,12.00000015,Lower Delivery,Delivery,pitch.1,774139,-14.5128,-6.6008,46.2319,-112.9777,69.7095,-26.5552,-0.1545,-0.2505
1780080240818,2,12.00000018,Upper Delivery,Delivery,pitch.1,775426,14.4197,-5.5502,38.3221,130.7485,85.4598,-39.921,-0.2286,0.327
1780080240818,2,Pitching Mound.Delivery,,Delivery,pitch.1,773514,-0.0931,-12.151,84.554,20.4602,155.1692,-56.6391,-0.1881,0.0431
1780080240818,2,Pitching Mound.Drive,,Delivery,pitch.1,774624,0.1721,0.1064,1.0959,0.1221,-0.0713,-0.0014,0.0,0.0
1780080240818,2,Pitching Mound.Parent,,Delivery,pitch.1,772770,0.079,-12.0446,85.6499,20.5822,155.0979,-56.6405,-0.1857,0.0425
1780080240819,2,11.0000004b,Drive,Delivery,pitch.1,774625,0.143,0.1034,1.0521,0.135,-0.0919,-0.0018,0.0,0.0
1780080240819,2,12.00000015,Lower Delivery,Delivery,pitch.1,774140,-14.5888,-6.3742,46.2804,-113.0417,69.9857,-27.0878,-0.155,-0.2503
1780080240819,2,12.00000018,Upper Delivery,Delivery,pitch.1,775427,14.4727,-5.6488,38.218,129.0887,84.4374,-40.0154,-0.2264,0.327
1780080240819,2,Pitching Mound.Delivery,,Delivery,pitch.1,773515,-0.1162,-12.023,84.4984,18.7881,154.4231,-57.2222,-0.1873,0.0432
1780080240819,2,Pitching Mound.Drive,,Delivery,pitch.1,774625,0.143,0.1034,1.0521,0.135,-0.0919,-0.0018,0.0,0.0
1780080240819,2,Pitching Mound.Parent,,Delivery,pitch.1,772771,0.0268,-11.9196,85.5505,18.9231,154.3313,-57.224,-0.185,0.0427
1780080240820,2,11.0000004b,Drive,Delivery,pitch.1,774626,0.1486,0.1033,0.9832,0.1413,-0.0722,-0.0006,0.0,0.0
1780080240820,2,12.00000015,Lower Delivery,Delivery,pitch.1,774141,-14.6938,-6.2137,46.3186,-112.3265,69.779,-27.6558,-0.1544,-0.2486
1780080240820,2,12.00000018,Upper Delivery,Delivery,pitch.1,775428,14.4598,-5.7378,37.9323,128.5133,84.1255,-40.1825,-0.2273,0.327
1780080240820,2,Pitching Mound.Delivery,,Delivery,pitch.1,773516,-0.234,-11.9516,84.2509,19.0381,153.9045,-57.9261,-0.1872,0.0444
1780080240820,2,Pitching Mound.Drive,,Delivery,pitch.1,774626,0.1486,0.1033,0.9832,0.1413,-0.0722,-0.0006,0.0,0.0
1780080240820,2,Pitching Mound.Parent,,Delivery,pitch.1,772772,-0.0854,-11.8483,85.2341,19.1795,153.8323,-57.9267,-0.1851,0.0439
1780080240821,2,11.0000004b,Drive,Delivery,pitch.1,774627,0.1549,0.1088,1.0064,0.1382,-0.0929,-0.0006,0.0,0.0
1780080240821,2,12.00000015,Lower Delivery,Delivery,pitch.1,774142,-14.7969,-6.0399,46.017,-111.7231,69.0803,-28.1048,-0.1539,-0.2488
1780080240821,2,12.00000018,Upper Delivery,Delivery,pitch.1,775429,14.4256,-5.8562,37.6815,128.0549,83.9107,-40.3744,-0.2282,0.327
1780080240821,2,Pitching Mound.Delivery,,Delivery,pitch.1,773517,-0.3713,-11.8961,83.6985,19.1659,152.991,-58.5436,-0.1873,0.0443
1780080240821,2,Pitching Mound.Drive,,Delivery,pitch.1,774627,0.1549,0.1088,1.0064,0.1382,-0.0929,-0.0006,0.0,0.0
1780080240821,2,Pitching Mound.Parent,,Delivery,pitch.1,772773,-0.2164,-11.7872,84.7049,19.3041,152.8981,-58.5441,-0.1851,0.0437
1780080240822,2,11.0000004b,Drive,Delivery,pitch.1,774628,0.1637,0.1104,1.0328,0.1868,-0.1032,-0.0003,0.0,0.0
1780080240822,2,12.00000015,Lower Delivery,Delivery,pitch.1,774143,-14.8526,-5.886,45.9937,-111.7239,68.9044,-28.4205,-0.1536,-0.249
1780080240822,2,12.00000018,Upper Delivery,Delivery,pitch.1,775430,14.4414,-5.9683,37.508,126.9065,83.2826,-40.6169,-0.2276,0.327
1780080240822,2,Pitching Mound.Delivery,,Delivery,pitch.1,773518,-0.4112,-11.8542,83.5016,18.0678,152.187,-59.0775,-0.1868,0.0443
1780080240822,2,Pitching Mound.Drive,,Delivery,pitch.1,774628,0.1637,0.1104,1.0328,0.1868,-0.1032,-0.0003,0.0,0.0
1780080240822,2,Pitching Mound.Parent,,Delivery,pitch.1,772774,-0.2475,-11.7438,84.5344,18.2546,152.0838,-59.0778,-0.1845,0.0438
1780080240823,2,11.0000004b,Drive,Delivery,pitch.1,774629,0.1666,0.1039,1.0079,0.1955,-0.1318,0.0003,0.0,0.0
1780080240823,2,12.00000015,Lower Delivery,Delivery,pitch.1,774144,-14.9313,-5.7578,45.8311,-111.6495,68.8134,-28.7708,-0.1539,-0.2497
1780080240823,2,12.00000018,Upper Delivery,Delivery,pitch.1,775431,14.4062,-6.0787,37.2578,126.3888,83.2324,-40.8702,-0.229,0.327
1780080240823,2,Pitching Mound.Delivery,,Delivery,pitch.1,773519,-0.5251,-11.8365,83.0889,17.6542,152.0458,-59.6662,-0.1876,0.044
1780080240823,2,Pitching Mound.Drive,,Delivery,pitch.1,774629,0.1666,0.1039,1.0079,0.1955,-0.1318,0.0003,0.0,0.0
1780080240823,2,Pitching Mound.Parent,,Delivery,pitch.1,772775,-0.3585,-11.7326,84.0968,17.8497,151.914,-59.6659,-0.1853,0.0435
1780080240824,2,11.0000004b,Drive,Delivery,pitch.1,774630,0.1886,0.1206,1.0569,0.1945,-0.0873,0.0009,0.0,0.0
1780080240824,2,12.00000015,Lower Delivery,Delivery,pitch.1,774145,-14.963,-5.6046,45.8137,-111.7681,68.8337,-29.063,-0.154,-0.25
1780080240824,2,12.00000018,Upper Delivery,Delivery,pitch.1,775432,14.3312,-6.1922,36.9809,126.0276,83.1182,-41.1028,-0.2304,0.327
1780080240824,2,Pitching Mound.Delivery,,Delivery,pitch.1,773520,-0.6318,-11.7967,82.7946,17.2627,151.9519,-60.2058,-0.1881,0.044
1780080240824,2,Pitching Mound.Drive,,Delivery,pitch.1,774630,0.1886,0.1206,1.0569,0.1945,-0.0873,0.0009,0.0,0.0
1780080240824,2,Pitching Mound.Parent,,Delivery,pitch.1,772776,-0.4432,-11.6761,83.8515,17.4572,151.8646,-60.2049,-0.1857,0.0434
1780080240825,2,11.0000004b,Drive,Delivery,pitch.1,774631,0.1909,0.1188,0.9752,0.1709,-0.0297,0.0002,0.0,0.0
1780080240825,2,12.00000015,Lower Delivery,Delivery,pitch.1,774146,-14.9805,-5.4782,45.664,-111.6887,68.6525,-29.3235,-0.1541,-0.2507
1780080240825,2,12.00000018,Upper Delivery,Delivery,pitch.1,775433,14.2731,-6.2827,36.6584,125.5848,83.0094,-41.3563,-0.2321,0.327
1780080240825,2,Pitching Mound.Delivery,,Delivery,pitch.1,773521,-0.7075,-11.7609,82.3224,16.958,151.6619,-60.7335,-0.1888,0.0438
1780080240825,2,Pitching Mound.Drive,,Delivery,pitch.1,774631,0.1909,0.1188,0.9752,0.1709,-0.0297,0.0002,0.0,0.0
1780080240825,2,Pitching Mound.Parent,,Delivery,pitch.1,772777,-0.5166,-11.642,83.2976,17.1289,151.6322,-60.7334,-0.1866,0.0432
1780080240826,2,11.0000004b,Drive,Delivery,pitch.1,774632,0.2052,0.1223,1.0075,0.2167,-0.1241,-0.0007,0.0,0.0
1780080240826,2,12.00000015,Lower Delivery,Delivery,pitch.1,774147,-14.9809,-5.3684,45.7227,-111.7478,68.5712,-29.5519,-0.1537,-0.2505
1780080240826,2,12.00000018,Upper Delivery,Delivery,pitch.1,775434,14.2251,-6.3364,36.3466,125.1082,82.7995,-41.5625,-0.2335,0.327
1780080240826,2,Pitching Mound.Delivery,,Delivery,pitch.1,773522,-0.7559,-11.7049,82.0693,16.5482,151.3707,-61.1844,-0.189,0.0441
1780080240826,2,Pitching Mound.Drive,,Delivery,pitch.1,774632,0.2052,0.1223,1.0075,0.2167,-0.1241,-0.0007,0.0,0.0
1780080240826,2,Pitching Mound.Parent,,Delivery,pitch.1,772778,-0.5506,-11.5826,83.0768,16.7649,151.2465,-61.1852,-0.1868,0.0436
1780080240827,2,11.0000004b,Drive,Delivery,pitch.1,774633,0.1974,0.1138,0.9941,0.1621,-0.0281,0.0022,0.0,0.0
1780080240827,2,12.00000015,Lower Delivery,Delivery,pitch.1,774148,-14.9652,-5.2485,45.6293,-111.724,68.476,-29.8043,-0.1538,-0.251
1780080240827,2,12.00000018,Upper Delivery,Delivery,pitch.1,775435,14.2612,-6.3807,36.1182,124.559,82.7277,-41.8199,-0.2348,0.327
1780080240827,2,Pitching Mound.Delivery,,Delivery,pitch.1,773523,-0.704,-11.6291,81.7475,16.0688,151.2037,-61.6873,-0.1896,0.044
1780080240827,2,Pitching Mound.Drive,,Delivery,pitch.1,774633,0.1974,0.1138,0.9941,0.1621,-0.0281,0.0022,0.0,0.0
1780080240827,2,Pitching Mound.Parent,,Delivery,pitch.1,772779,-0.5066,-11.5153,82.7416,16.2309,151.1756,-61.6851,-0.1873,0.0434
1780080240828,2,11.0000004b,Drive,Delivery,pitch.1,774634,0.2039,0.1149,0.8884,0.1542,-0.0269,0.0036,0.0,0.0
1780080240828,2,12.00000015,Lower Delivery,Delivery,pitch.1,774149,-14.9377,-5.1223,45.6207,-111.5129,68.3373,-30.0029,-0.1535,-0.2505
1780080240828,2,12.00000018,Upper Delivery,Delivery,pitch.1,775436,14.2424,-6.4175,35.9228,124.1171,82.663,-41.9701,-0.2359,0.327
1780080240828,2,Pitching Mound.Delivery,,Delivery,pitch.1,773524,-0.6953,-11.5398,81.5435,15.9016,151.0003,-62.0518,-0.1898,0.0443
1780080240828,2,Pitching Mound.Drive,,Delivery,pitch.1,774634,0.2039,0.1149,0.8884,0.1542,-0.0269,0.0036,0.0,0.0
1780080240828,2,Pitching Mound.Parent,,Delivery,pitch.1,772780,-0.4914,-11.4249,82.4319,16.0557,150.9733,-62.0482,-0.1878,0.0439
1780080240829,2,11.0000004b,Drive,Delivery,pitch.1,774635,0.2091,0.1119,1.0037,0.1857,-0.1442,0.0032,0.0,0.0
1780080240829,2,12.00000015,Lower Delivery,Delivery,pitch.1,774150,-14.8868,-4.9698,45.5054,-111.4817,68.2933,-30.2291,-0.1538,-0.2511
1780080240829,2,12.00000018,Upper Delivery,Delivery,pitch.1,775437,14.2188,-6.4442,35.7226,123.806,82.7399,-42.0941,-0.2374,0.327
1780080240829,2,Pitching Mound.Delivery,,Delivery,pitch.1,773525,-0.668,-11.4139,81.228,15.6505,151.0332,-62.4273,-0.1906,0.0441
1780080240829,2,Pitching Mound.Drive,,Delivery,pitch.1,774635,0.2091,0.1119,1.0037,0.1857,-0.1442,0.0032,0.0,0.0
1780080240829,2,Pitching Mound.Parent,,Delivery,pitch.1,772781,-0.4588,-11.3021,82.2317,15.8362,150.889,-62.4241,-0.1883,0.0436
1780080240830,2,11.0000004b,Drive,Delivery,pitch.1,774636,0.21,0.1133,1.0711,0.1897,-0.1153,0.0035,0.0,0.0
1780080240830,2,12.00000015,Lower Delivery,Delivery,pitch.1,774151,-14.8093,-4.8277,45.4206,-111.4359,68.2101,-30.4428,-0.1539,-0.2515
1780080240830,2,12.00000018,Upper Delivery,Delivery,pitch.1,775438,14.2027,-6.487,35.5608,123.5797,82.7519,-42.1607,-0.2385,0.327
1780080240830,2,Pitching Mound.Delivery,,Delivery,pitch.1,773526,-0.6067,-11.3147,80.9814,15.4962,150.962,-62.7394,-0.1911,0.044
1780080240830,2,Pitching Mound.Drive,,Delivery,pitch.1,774636,0.21,0.1133,1.0711,0.1897,-0.1153,0.0035,0.0,0.0
1780080240830,2,Pitching Mound.Parent,,Delivery,pitch.1,772782,-0.3967,-11.2014,82.0525,15.686,150.8467,-62.7359,-0.1886,0.0434
1780080240831,2,11.0000004b,Drive,Delivery,pitch.1,774637,0.2047,0.1041,1.0931,0.2396,-0.2572,0.0026,0.0,0.0
1780080240831,2,12.00000015,Lower Delivery,Delivery,pitch.1,774152,-14.7067,-4.6763,45.3487,-111.3811,68.0907,-30.596,-0.1539,-0.2517
1780080240831,2,12.00000018,Upper Delivery,Delivery,pitch.1,775439,14.1918,-6.5129,35.4512,123.4506,82.7872,-42.1961,-0.2394,0.327
1780080240831,2,Pitching Mound.Delivery,,Delivery,pitch.1,773527,-0.515,-11.1892,80.7999,15.4347,150.8779,-62.9666,-0.1914,0.0438
1780080240831,2,Pitching Mound.Drive,,Delivery,pitch.1,774637,0.2047,0.1041,1.0931,0.2396,-0.2572,0.0026,0.0,0.0
1780080240831,2,Pitching Mound.Parent,,Delivery,pitch.1,772783,-0.3103,-11.0851,81.8931,15.6742,150.6206,-62.964,-0.1888,0.0433
1780080240832,2,11.0000004b,Drive,Delivery,pitch.1,774638,0.1804,0.0885,1.0539,0.1692,-0.0577,0.0042,0.0,0.0
1780080240832,2,12.00000015,Lower Delivery,Delivery,pitch.1,774153,-14.6312,-4.5151,45.2214,-111.2638,67.7921,-30.7564,-0.1537,-0.2522
1780080240832,2,12.00000018,Upper Delivery,Delivery,pitch.1,775440,14.2048,-6.5499,35.4695,123.2354,82.7483,-42.1759,-0.2391,0.327
1780080240832,2,Pitching Mound.Delivery,,Delivery,pitch.1,773528,-0.4264,-11.065,80.6909,15.2872,150.5405,-63.1281,-0.1912,0.0435
1780080240832,2,Pitching Mound.Drive,,Delivery,pitch.1,774638,0.1804,0.0885,1.0539,0.1692,-0.0577,0.0042,0.0,0.0
1780080240832,2,Pitching Mound.Parent,,Delivery,pitch.1,772784,-0.246,-10.9765,81.7448,15.4564,150.4828,-63.1239,-0.1888,0.043
1780080240833,2,11.0000004b,Drive,Delivery,pitch.1,774639,0.173,0.0866,1.0823,0.1427,-0.1505,0.0034,0.0,0.0
1780080240833,2,12.00000015,Lower Delivery,Delivery,pitch.1,774154,-14.5491,-4.367,44.9261,-111.0884,67.4004,-30.8698,-0.1538,-0.2534
1780080240833,2,12.00000018,Upper Delivery,Delivery,pitch.1,775441,14.2552,-6.5455,35.4414,123.0455,82.7262,-42.2015,-0.2392,0.327
1780080240833,2,Pitching Mound.Delivery,,Delivery,pitch.1,773529,-0.2939,-10.9125,80.3675,15.1818,150.1267,-63.2778,-0.1915,0.0427
1780080240833,2,Pitching Mound.Drive,,Delivery,pitch.1,774639,0.173,0.0866,1.0823,0.1427,-0.1505,0.0034,0.0,0.0
1780080240833,2,Pitching Mound.Parent,,Delivery,pitch.1,772785,-0.1209,-10.8259,81.4499,15.3245,149.9761,-63.2744,-0.1889,0.0421
1780080240834,2,11.0000004b,Drive,Delivery,pitch.1,774640,0.1894,0.0843,1.1426,0.1356,-0.2035,0.0022,0.0,0.0
1780080240834,2,12.00000015,Lower Delivery,Delivery,pitch.1,774155,-14.4537,-4.2021,44.7455,-110.9134,67.1224,-30.9104,-0.1538,-0.2541
1780080240834,2,12.00000018,Upper Delivery,Delivery,pitch.1,775442,14.3101,-6.5476,35.4024,122.7653,82.6285,-42.1607,-0.2392,0.327
1780080240834,2,Pitching Mound.Delivery,,Delivery,pitch.1,773530,-0.1436,-10.7497,80.1479,15.0285,149.7509,-63.2914,-0.1915,0.0422
1780080240834,2,Pitching Mound.Drive,,Delivery,pitch.1,774640,0.1894,0.0843,1.1426,0.1356,-0.2035,0.0022,0.0,0.0
1780080240834,2,Pitching Mound.Parent,,Delivery,pitch.1,772786,0.0458,-10.6654,81.2905,15.1642,149.5475,-63.2893,-0.1888,0.0417
1780080240835,2,11.0000004b,Drive,Delivery,pitch.1,774641,0.1637,0.0764,1.0958,0.1353,-0.1251,0.003,0.0,0.0
1780080240835,2,11.0000004b,Drive,Delivery,pitch.1,774642,0.157,0.0704,1.0205,0.1175,-0.1119,0.0032,0.0,0.0
1780080240835,2,12.00000015,Lower Delivery,Delivery,pitch.1,774156,-14.3428,-4.0776,44.3955,-110.6061,66.6327,-30.8987,-0.1538,-0.2554
1780080240835,2,12.00000018,Upper Delivery,Delivery,pitch.1,775443,14.3334,-6.5489,35.4901,122.7172,82.6588,-42.1171,-0.2387,0.327
1780080240835,2,Pitching Mound.Delivery,,Delivery,pitch.1,773531,-0.0094,-10.6265,79.8857,15.139,149.2915,-63.2658,-0.1915,0.0413
1780080240835,2,Pitching Mound.Drive,,Delivery,pitch.1,774641,0.1637,0.0764,1.0958,0.1353,-0.1251,0.003,0.0,0.0
1780080240835,2,Pitching Mound.Drive,,Delivery,pitch.1,774642,0.157,0.0704,1.0205,0.1175,-0.1119,0.0032,0.0,0.0
1780080240835,2,Pitching Mound.Parent,,Delivery,pitch.1,772787,0.1543,-10.5502,80.9815,15.2743,149.1663,-63.2628,-0.189,0.0407
1780080240836,2,12.00000015,Lower Delivery,Delivery,pitch.1,774157,-14.2142,-3.9492,44.0065,-110.3188,66.4207,-30.8272,-0.1547,-0.2569
1780080240836,2,12.00000018,Upper Delivery,Delivery,pitch.1,775444,14.4205,-6.5671,35.6418,122.5201,82.6373,-42.0845,-0.2376,0.327
1780080240836,2,Pitching Mound.Delivery,,Delivery,pitch.1,773532,0.2064,-10.5163,79.6483,15.0453,149.0581,-63.1758,-0.1918,0.0401
1780080240836,2,Pitching Mound.Parent,,Delivery,pitch.1,772788,0.3633,-10.4459,80.6688,15.1627,148.9462,-63.1726,-0.1894,0.0396
1780080240837,2,11.0000004b,Drive,Delivery,pitch.1,774644,0.1716,0.0892,1.0921,0.1514,-0.1641,0.0046,0.0,0.0
1780080240837,2,11.0000004b,Drive,Delivery,pitch.1,774643,0.1672,0.0775,1.0865,0.1408,-0.0261,0.0042,0.0,0.0
1780080240837,2,12.00000015,Lower Delivery,Delivery,pitch.1,774158,-14.0975,-3.8317,43.6318,-109.7603,65.9162,-30.7216,-0.1548,-0.2578
1780080240837,2,12.00000018,Upper Delivery,Delivery,pitch.1,775445,14.4896,-6.5764,35.7751,122.3338,82.6449,-42.0598,-0.2368,0.327
1780080240837,2,Pitching Mound.Delivery,,Delivery,pitch.1,773533,0.3921,-10.4081,79.4069,15.2448,148.5611,-63.0618,-0.1918,0.0393
1780080240837,2,Pitching Mound.Drive,,Delivery,pitch.1,774644,0.1716,0.0892,1.0921,0.1514,-0.1641,0.0046,0.0,0.0
1780080240837,2,Pitching Mound.Drive,,Delivery,pitch.1,774643,0.1672,0.0775,1.0865,0.1408,-0.0261,0.0042,0.0,0.0
1780080240837,2,Pitching Mound.Parent,,Delivery,pitch.1,772789,0.5593,-10.3306,80.4934,15.3856,148.535,-63.0576,-0.1892,0.0388
1780080240838,2,11.0000004b,Drive,Delivery,pitch.1,774645,0.1635,0.0919,1.0706,0.0958,-0.1704,0.0023,0.0,0.0
1780080240838,2,12.00000015,Lower Delivery,Delivery,pitch.1,774159,-13.9728,-3.6997,43.1581,-109.2315,65.337,-30.6268,-0.1552,-0.2594
1780080240838,2,12.00000018,Upper Delivery,Delivery,pitch.1,775446,14.6045,-6.6067,35.986,121.9916,82.5861,-41.9967,-0.2352,0.327
1780080240838,2,Pitching Mound.Delivery,,Delivery,pitch.1,773534,0.6317,-10.3064,79.144,15.1987,147.9231,-62.9071,-0.1916,0.038
1780080240838,2,Pitching Mound.Drive,,Delivery,pitch.1,774645,0.1635,0.0919,1.0706,0.0958,-0.1704,0.0023,0.0,0.0
1780080240838,2,Pitching Mound.Parent,,Delivery,pitch.1,772790,0.8033,-10.2172,80.2361,15.35,147.759,-62.9025,-0.189,0.0375
1780080240839,2,12.00000015,Lower Delivery,Delivery,pitch.1,774160,-13.8449,-3.6156,42.9739,-108.873,65.0652,-30.5528,-0.1552,-0.2597
1780080240839,2,12.00000018,Upper Delivery,Delivery,pitch.1,775447,14.6699,-6.6354,36.1131,121.888,82.6879,-41.961,-0.2347,0.327
1780080240839,2,Pitching Mound.Delivery,,Delivery,pitch.1,773535,0.825,-10.2509,79.087,15.3476,147.7531,-62.8187,-0.1915,0.0377
1780080240839,2,Pitching Mound.Parent,,Delivery,pitch.1,772791,0.9885,-10.1591,80.1576,15.4435,147.5827,-62.8164,-0.1889,0.0372
1780080240840,2,11.0000004b,Drive,Delivery,pitch.1,774646,0.1804,0.0997,1.0878,0.0577,-0.1104,0.003,0.0,0.0
1780080240840,2,11.0000004b,Drive,Delivery,pitch.1,774647,0.2029,0.1108,1.1076,0.0913,-0.2362,0.0014,0.0,0.0
1780080240840,2,12.00000015,Lower Delivery,Delivery,pitch.1,774161,-13.7257,-3.5275,42.7005,-108.3726,64.6836,-30.4726,-0.1553,-0.2601
1780080240840,2,12.00000018,Upper Delivery,Delivery,pitch.1,775448,14.7514,-6.6581,36.2974,121.6381,82.659,-41.8904,-0.2334,0.327
1780080240840,2,Pitching Mound.Delivery,,Delivery,pitch.1,773536,1.0256,-10.1856,78.9979,15.4425,147.3427,-62.6807,-0.1912,0.0372
1780080240840,2,Pitching Mound.Drive,,Delivery,pitch.1,774646,0.1804,0.0997,1.0878,0.0577,-0.1104,0.003,0.0,0.0
1780080240840,2,Pitching Mound.Drive,,Delivery,pitch.1,774647,0.2029,0.1108,1.1076,0.0913,-0.2362,0.0014,0.0,0.0
1780080240840,2,Pitching Mound.Parent,,Delivery,pitch.1,772792,1.206,-10.0859,80.0857,15.5002,147.2322,-62.6778,-0.1886,0.0367
1780080240841,2,11.0000004b,Drive,Delivery,pitch.1,774648,0.2003,0.1194,1.0581,0.0708,-0.3098,0.0008,0.0,0.0
1780080240841,2,12.00000015,Lower Delivery,Delivery,pitch.1,774162,-13.5928,-3.4156,42.4139,-108.0239,64.4145,-30.4575,-0.1557,-0.261
1780080240841,2,12.00000018,Upper Delivery,Delivery,pitch.1,775449,14.8054,-6.6876,36.4559,121.4551,82.6376,-41.7836,-0.2323,0.327
1780080240841,2,Pitching Mound.Delivery,,Delivery,pitch.1,773537,1.2126,-10.1031,78.8698,15.4569,147.0521,-62.5857,-0.1911,0.0365
1780080240841,2,Pitching Mound.Drive,,Delivery,pitch.1,774648,0.2003,0.1194,1.0581,0.0708,-0.3098,0.0008,0.0,0.0
1780080240841,2,Pitching Mound.Parent,,Delivery,pitch.1,772793,1.4155,-9.9924,79.9774,15.5482,146.816,-62.5843,-0.1885,0.036
1780080240842,2,11.0000004b,Drive,Delivery,pitch.1,774649,0.2177,0.1276,1.0675,0.0705,-0.2914,0.0008,0.0,0.0
1780080240842,2,12.00000015,Lower Delivery,Delivery,pitch.1,774163,-13.4887,-3.3315,42.1805,-107.4643,64.0884,-30.4018,-0.1557,-0.2611
1780080240842,2,12.00000018,Upper Delivery,Delivery,pitch.1,775450,14.8786,-6.7482,36.6306,121.4193,82.5408,-41.6657,-0.231,0.327
1780080240842,2,Pitching Mound.Delivery,,Delivery,pitch.1,773538,1.3899,-10.0797,78.8111,15.842,146.6292,-62.4227,-0.1907,0.0362
1780080240842,2,Pitching Mound.Drive,,Delivery,pitch.1,774649,0.2177,0.1276,1.0675,0.0705,-0.2914,0.0008,0.0,0.0
1780080240842,2,Pitching Mound.Parent,,Delivery,pitch.1,772794,1.5901,-9.9603,79.8692,15.9128,146.3194,-62.4219,-0.1882,0.0357
1780080240843,2,11.0000004b,Drive,Delivery,pitch.1,774650,0.2026,0.124,1.0285,0.0801,-0.3847,0.0014,0.0,0.0
1780080240843,2,12.00000015,Lower Delivery,Delivery,pitch.1,774164,-13.4163,-3.2226,42.2057,-107.0529,63.6964,-30.443,-0.1547,-0.26
1780080240843,2,12.00000018,Upper Delivery,Delivery,pitch.1,775451,14.9155,-6.8291,36.748,121.4842,82.6283,-41.5757,-0.2305,0.327
1780080240843,2,Pitching Mound.Delivery,,Delivery,pitch.1,773539,1.4992,-10.0517,78.9537,16.2869,146.3247,-62.3859,-0.19,0.0367
1780080240843,2,Pitching Mound.Drive,,Delivery,pitch.1,774650,0.2026,0.124,1.0285,0.0801,-0.3847,0.0014,0.0,0.0
1780080240843,2,Pitching Mound.Parent,,Delivery,pitch.1,772795,1.7169,-9.9241,80.0212,16.3574,146.0333,-62.3851,-0.1874,0.0362
1780080240844,2,12.00000015,Lower Delivery,Delivery,pitch.1,774165,-13.3316,-3.1492,42.1931,-106.632,63.6331,-30.4828,-0.1546,-0.259
1780080240844,2,12.00000018,Upper Delivery,Delivery,pitch.1,775452,14.9325,-6.9334,36.9617,121.6795,82.9369,-41.4251,-0.23,0.327
1780080240844,2,Pitching Mound.Delivery,,Delivery,pitch.1,773540,1.6009,-10.0826,79.1548,16.8262,146.5699,-62.2982,-0.1898,0.0371
1780080240844,2,Pitching Mound.Parent,,Delivery,pitch.1,772796,1.8034,-9.9585,80.1833,16.9063,146.1853,-62.2968,-0.1874,0.0366
1780080240845,2,11.0000004b,Drive,Delivery,pitch.1,774651,0.2114,0.1238,1.0009,0.0751,-0.4009,0.001,0.0,0.0
1780080240845,2,11.0000004b,Drive,Delivery,pitch.1,774652,0.1992,0.1239,0.9383,0.0853,-0.4161,-0.0012,0.0,0.0
1780080240845,2,12.00000015,Lower Delivery,Delivery,pitch.1,774166,-13.2567,-3.0904,42.0368,-106.1313,63.3293,-30.4707,-0.1544,-0.2588
1780080240845,2,12.00000018,Upper Delivery,Delivery,pitch.1,775453,14.9567,-7.0602,37.1414,121.9883,83.1786,-41.3187,-0.2295,0.327
1780080240845,2,Pitching Mound.Delivery,,Delivery,pitch.1,773541,1.7,-10.1507,79.1782,17.5214,146.5079,-62.1968,-0.1897,0.037
1780080240845,2,Pitching Mound.Drive,,Delivery,pitch.1,774651,0.2114,0.1238,1.0009,0.0751,-0.4009,0.001,0.0,0.0
1780080240845,2,Pitching Mound.Drive,,Delivery,pitch.1,774652,0.1992,0.1239,0.9383,0.0853,-0.4161,-0.0012,0.0,0.0
1780080240845,2,Pitching Mound.Parent,,Delivery,pitch.1,772797,1.9114,-10.0269,80.1791,17.5965,146.107,-62.1958,-0.1873,0.0366
1780080240846,2,11.0000004b,Drive,Delivery,pitch.1,774653,0.1942,0.122,0.9598,0.0805,-0.3582,-0.0001,0.0,0.0
1780080240846,2,12.00000015,Lower Delivery,Delivery,pitch.1,774167,-13.2023,-3.0132,42.0945,-105.5521,62.9959,-30.4774,-0.1534,-0.257
1780080240846,2,12.00000018,Upper Delivery,Delivery,pitch.1,775454,14.9022,-7.2093,37.2214,122.3118,83.9806,-41.188,-0.2313,0.327
1780080240846,2,Pitching Mound.Delivery,,Delivery,pitch.1,773542,1.6999,-10.2225,79.3159,18.4165,146.9765,-62.1098,-0.1899,0.038
1780080240846,2,Pitching Mound.Drive,,Delivery,pitch.1,774653,0.1942,0.122,0.9598,0.0805,-0.3582,-0.0001,0.0,0.0
1780080240846,2,Pitching Mound.Parent,,Delivery,pitch.1,772798,1.8992,-10.0986,80.2542,18.5018,146.5604,-62.111,-0.1877,0.0375
1780080240847,2,11.0000004b,Drive,Delivery,pitch.1,774654,0.1857,0.1183,0.9282,0.088,-0.374,0.0,0.0,0.0
1780080240847,2,12.00000015,Lower Delivery,Delivery,pitch.1,774168,-13.1427,-2.9673,41.9423,-105.0354,62.8374,-30.5099,-0.1536,-0.2567
1780080240847,2,12.00000018,Upper Delivery,Delivery,pitch.1,775455,14.8905,-7.3461,37.3559,122.6832,84.3256,-41.1291,-0.2314,0.327
1780080240847,2,Pitching Mound.Delivery,,Delivery,pitch.1,773543,1.7478,-10.3133,79.2983,19.2072,147.1631,-62.1077,-0.1902,0.038
1780080240847,2,Pitching Mound.Drive,,Delivery,pitch.1,774654,0.1857,0.1183,0.9282,0.088,-0.374,0.0,0.0,0.0
1780080240847,2,Pitching Mound.Parent,,Delivery,pitch.1,772799,1.942,-10.1913,80.2581,19.2877,146.8049,-62.1078,-0.1879,0.0375
1780080240848,2,11.0000004b,Drive,Delivery,pitch.1,774655,0.1673,0.11,0.8536,0.0994,-0.3407,-0.001,0.0,0.0
1780080240848,2,12.00000015,Lower Delivery,Delivery,pitch.1,774169,-13.1099,-2.9255,41.7398,-104.5168,62.453,-30.4292,-0.1534,-0.2566
1780080240848,2,12.00000018,Upper Delivery,Delivery,pitch.1,775456,14.7946,-7.5118,37.2818,123.1269,85.1229,-41.0191,-0.234,0.327
1780080240848,2,Pitching Mound.Delivery,,Delivery,pitch.1,773544,1.6847,-10.4373,79.0216,20.1258,147.5759,-61.9608,-0.1914,0.0379
1780080240848,2,Pitching Mound.Drive,,Delivery,pitch.1,774655,0.1673,0.11,0.8536,0.0994,-0.3407,-0.001,0.0,0.0
1780080240848,2,Pitching Mound.Parent,,Delivery,pitch.1,772800,1.8704,-10.3191,79.9498,20.2138,147.2018,-61.9607,-0.1892,0.0375
1780080240849,2,11.0000004b,Drive,Delivery,pitch.1,774656,0.1478,0.1124,0.8855,0.0811,-0.0996,-0.0006,0.0,0.0
1780080240849,2,12.00000015,Lower Delivery,Delivery,pitch.1,774170,-13.0752,-2.9133,41.4397,-103.8105,62.0405,-30.3881,-0.1534,-0.2568
1780080240849,2,12.00000018,Upper Delivery,Delivery,pitch.1,775457,14.7548,-7.6791,37.2282,123.5155,85.4949,-41.0155,-0.2354,0.327
1780080240849,2,Pitching Mound.Delivery,,Delivery,pitch.1,773545,1.6796,-10.5924,78.6679,21.1369,147.5354,-61.9414,-0.1922,0.0377
1780080240849,2,Pitching Mound.Drive,,Delivery,pitch.1,774656,0.1478,0.1124,0.8855,0.0811,-0.0996,-0.0006,0.0,0.0
1780080240849,2,Pitching Mound.Parent,,Delivery,pitch.1,772801,1.8469,-10.4824,79.5216,21.2364,147.1947,-61.9424,-0.1902,0.0373
1780080240850,2,11.0000004b,Drive,Delivery,pitch.1,774657,0.1307,0.1029,0.79,0.0892,-0.122,-0.0004,0.0,0.0
1780080240850,2,12.00000015,Lower Delivery,Delivery,pitch.1,774171,-13.0454,-2.8743,41.3366,-103.1689,61.6908,-30.3383,-0.153,-0.2558
1780080240850,2,12.00000018,Upper Delivery,Delivery,pitch.1,775458,14.7125,-7.8516,37.2376,124.0481,85.7991,-41.0429,-0.2362,0.327
1780080240850,2,Pitching Mound.Delivery,,Delivery,pitch.1,773546,1.6672,-10.7259,78.5742,22.2728,147.4899,-61.9434,-0.1924,0.0381
1780080240850,2,Pitching Mound.Drive,,Delivery,pitch.1,774657,0.1307,0.1029,0.79,0.0892,-0.122,-0.0004,0.0,0.0
1780080240850,2,Pitching Mound.Parent,,Delivery,pitch.1,772802,1.815,-10.6135,79.4597,22.3539,147.3904,-61.9441,-0.1902,0.0377
1780080240851,2,12.00000015,Lower Delivery,Delivery,pitch.1,774172,-13.0023,-2.8617,41.2076,-102.5209,61.495,-30.2319,-0.153,-0.255
1780080240851,2,12.00000018,Upper Delivery,Delivery,pitch.1,775459,14.6566,-8.0234,37.1802,124.1467,86.4305,-41.0618,-0.2383,0.327
1780080240851,2,Pitching Mound.Delivery,,Delivery,pitch.1,773547,1.6543,-10.8851,78.3878,22.9952,147.9255,-61.8897,-0.1934,0.0385
1780080240851,2,Pitching Mound.Parent,,Delivery,pitch.1,772803,1.785,-10.7822,79.1779,23.0844,147.8035,-61.89,-0.1915,0.0381
1780080240852,2,11.0000004b,Drive,Delivery,pitch.1,774658,0.1216,0.0885,0.7984,0.0816,-0.0331,0.0017,0.0,0.0
1780080240852,2,11.0000004b,Drive,Delivery,pitch.1,774659,0.1102,0.0844,0.8114,0.0744,-0.0332,0.0023,0.0,0.0
1780080240852,2,12.00000015,Lower Delivery,Delivery,pitch.1,774173,-12.9719,-2.8819,40.8512,-101.5533,60.7153,-30.1262,-0.1523,-0.2548
1780080240852,2,12.00000018,Upper Delivery,Delivery,pitch.1,775460,14.5993,-8.1724,37.093,125.1604,87.4766,-41.1296,-0.2417,0.327
1780080240852,2,Pitching Mound.Delivery,,Delivery,pitch.1,773548,1.6274,-11.0543,77.9442,24.8849,148.1918,-61.8816,-0.1949,0.0385
1780080240852,2,Pitching Mound.Drive,,Delivery,pitch.1,774658,0.1216,0.0885,0.7984,0.0816,-0.0331,0.0017,0.0,0.0
1780080240852,2,Pitching Mound.Drive,,Delivery,pitch.1,774659,0.1102,0.0844,0.8114,0.0744,-0.0332,0.0023,0.0,0.0
1780080240852,2,Pitching Mound.Parent,,Delivery,pitch.1,772804,1.7491,-10.9658,78.7425,24.9666,148.1588,-61.8799,-0.1929,0.0381
1780080240853,2,11.0000004b,Drive,Delivery,pitch.1,774660,0.1215,0.089,0.8606,0.0739,-0.0329,0.0016,0.0,0.0
1780080240853,2,12.00000015,Lower Delivery,Delivery,pitch.1,774174,-12.8869,-2.8458,40.5034,-101.356,60.6653,-30.1198,-0.1535,-0.2565
1780080240853,2,12.00000018,Upper Delivery,Delivery,pitch.1,775461,14.5337,-8.326,37.0541,125.6441,88.1847,-41.1585,-0.2439,0.327
1780080240853,2,Pitching Mound.Delivery,,Delivery,pitch.1,773549,1.6468,-11.1718,77.5575,25.4609,148.8501,-61.9553,-0.1967,0.0374
1780080240853,2,Pitching Mound.Drive,,Delivery,pitch.1,774660,0.1215,0.089,0.8606,0.0739,-0.0329,0.0016,0.0,0.0
1780080240853,2,Pitching Mound.Parent,,Delivery,pitch.1,772805,1.757,-11.0874,78.3689,25.5353,148.8168,-61.953,-0.1947,0.037
1780080240854,2,11.0000004b,Drive,Delivery,pitch.1,774661,0.1077,0.0774,0.8496,0.0725,-0.0328,0.0012,0.0,0.0
1780080240854,2,12.00000015,Lower Delivery,Delivery,pitch.1,774175,-12.816,-2.8358,40.1529,-100.4697,59.9074,-30.0144,-0.1529,-0.2565
1780080240854,2,12.00000018,Upper Delivery,Delivery,pitch.1,775462,14.5452,-8.446,37.1113,125.9283,88.5462,-41.1278,-0.2445,0.327
1780080240854,2,Pitching Mound.Delivery,,Delivery,pitch.1,773550,1.7291,-11.2818,77.2643,26.4927,148.4537,-61.8395,-0.1969,0.0372
1780080240854,2,Pitching Mound.Drive,,Delivery,pitch.1,774661,0.1077,0.0774,0.8496,0.0725,-0.0328,0.0012,0.0,0.0
1780080240854,2,Pitching Mound.Parent,,Delivery,pitch.1,772806,1.8507,-11.1928,78.1248,26.5667,148.4208,-61.8379,-0.1948,0.0368
1780080240855,2,11.0000004b,Drive,Delivery,pitch.1,774662,0.0983,0.0647,0.8909,0.1064,-0.0278,0.0008,0.0,0.0
1780080240855,2,12.00000015,Lower Delivery,Delivery,pitch.1,774176,-12.7486,-2.81,39.8766,-99.895,59.6239,-30.0047,-0.1533,-0.2568
1780080240855,2,12.00000018,Upper Delivery,Delivery,pitch.1,775463,14.4262,-8.552,37.0226,127.7286,90.3482,-41.0694,-0.2501,0.327
1780080240855,2,Pitching Mound.Delivery,,Delivery,pitch.1,773551,1.6775,-11.362,76.8992,28.804,149.972,-61.8346,-0.1999,0.0369
1780080240855,2,Pitching Mound.Drive,,Delivery,pitch.1,774662,0.0983,0.0647,0.8909,0.1064,-0.0278,0.0008,0.0,0.0
1780080240855,2,Pitching Mound.Parent,,Delivery,pitch.1,772807,1.7852,-11.2846,77.7488,28.8765,149.9392,-61.8334,-0.1977,0.0365
1780080240856,2,11.0000004b,Drive,Delivery,pitch.1,774663,0.1074,0.0705,0.931,0.0837,-0.029,0.0018,0.0,0.0
1780080240856,2,12.00000015,Lower Delivery,Delivery,pitch.1,774177,-12.6822,-2.7757,39.8285,-98.9722,59.12,-29.9924,-0.1521,-0.2547
1780080240856,2,12.00000018,Upper Delivery,Delivery,pitch.1,775464,14.4279,-8.6404,37.1833,128.2378,90.8846,-40.9113,-0.2505,0.327
1780080240856,2,Pitching Mound.Delivery,,Delivery,pitch.1,773552,1.7457,-11.4161,77.0118,30.1649,150.0046,-61.6862,-0.1996,0.0379
1780080240856,2,Pitching Mound.Drive,,Delivery,pitch.1,774663,0.1074,0.0705,0.931,0.0837,-0.029,0.0018,0.0,0.0
1780080240856,2,Pitching Mound.Parent,,Delivery,pitch.1,772808,1.844,-11.3514,77.9028,30.2713,149.9768,-61.6855,-0.1974,0.0374
1780080240857,2,11.0000004b,Drive,Delivery,pitch.1,774664,0.1067,0.0637,0.8918,0.0709,-0.029,0.0019,0.0,0.0
1780080240857,2,12.00000015,Lower Delivery,Delivery,pitch.1,774178,-12.6247,-2.7472,39.599,-98.0454,58.4989,-29.9971,-0.1514,-0.2538
1780080240857,2,12.00000018,Upper Delivery,Delivery,pitch.1,775465,14.3961,-8.6909,37.212,129.4969,92.0469,-40.7583,-0.2535,0.327
1780080240857,2,Pitching Mound.Delivery,,Delivery,pitch.1,773553,1.7715,-11.4381,76.811,32.2631,150.5458,-61.5683,-0.2009,0.0382
1780080240857,2,Pitching Mound.Drive,,Delivery,pitch.1,774664,0.1067,0.0637,0.8918,0.0709,-0.029,0.0019,0.0,0.0
1780080240857,2,Pitching Mound.Parent,,Delivery,pitch.1,772809,1.8788,-11.3676,77.742,32.3467,150.5169,-61.5665,-0.1985,0.0377
1780080240858,2,11.0000004b,Drive,Delivery,pitch.1,774665,0.1056,0.0607,0.8083,0.0629,-0.0284,0.0008,0.0,0.0
1780080240858,2,12.00000015,Lower Delivery,Delivery,pitch.1,774179,-12.5109,-2.7024,39.2311,-97.1932,57.79,-30.018,-0.151,-0.2539
1780080240858,2,12.00000018,Upper Delivery,Delivery,pitch.1,775466,14.3538,-8.7231,37.3716,130.8734,93.3288,-40.5769,-0.256,0.327
1780080240858,2,Pitching Mound.Delivery,,Delivery,pitch.1,773554,1.8429,-11.4256,76.6027,34.3124,151.1188,-61.4609,-0.2022,0.0378
1780080240858,2,Pitching Mound.Drive,,Delivery,pitch.1,774665,0.1056,0.0607,0.8083,0.0629,-0.0284,0.0008,0.0,0.0
1780080240858,2,Pitching Mound.Parent,,Delivery,pitch.1,772810,1.9496,-11.3619,77.4945,34.3833,151.0899,-61.459,-0.1999,0.0373
1780080240859,2,11.0000004b,Drive,Delivery,pitch.1,774666,0.1369,0.0686,0.8998,0.0522,-0.0289,0.0027,0.0,0.0
1780080240859,2,12.00000015,Lower Delivery,Delivery,pitch.1,774180,-12.4131,-2.6351,38.8959,-96.6376,57.6383,-30.1024,-0.1519,-0.2547
1780080240859,2,12.00000018,Upper Delivery,Delivery,pitch.1,775467,14.3562,-8.7072,37.5382,131.655,94.28,-40.3819,-0.2574,0.327
1780080240859,2,Pitching Mound.Delivery,,Delivery,pitch.1,773555,1.9431,-11.3423,76.4341,35.4791,151.9182,-61.3828,-0.2037,0.0371
1780080240859,2,Pitching Mound.Drive,,Delivery,pitch.1,774666,0.1369,0.0686,0.8998,0.0522,-0.0289,0.0027,0.0,0.0
1780080240859,2,Pitching Mound.Parent,,Delivery,pitch.1,772811,2.0487,-11.2816,77.2424,35.542,151.8899,-61.382,-0.2016,0.0367
1780080240860,2,11.0000004b,Drive,Delivery,pitch.1,774667,0.1497,0.0861,0.8376,0.0546,-0.0254,0.0013,0.0,0.0
1780080240860,2,12.00000015,Lower Delivery,Delivery,pitch.1,774181,-12.312,-2.5832,38.5397,-95.5901,56.82,-30.0865,-0.1511,-0.2542
1780080240860,2,12.00000018,Upper Delivery,Delivery,pitch.1,775468,14.3182,-8.6539,37.6886,133.4587,95.8375,-40.1579,-0.2606,0.327
1780080240860,2,Pitching Mound.Delivery,,Delivery,pitch.1,773556,2.0062,-11.2371,76.2283,38.158,152.6574,-61.1901,-0.2053,0.037
1780080240860,2,Pitching Mound.Drive,,Delivery,pitch.1,774667,0.1497,0.0861,0.8376,0.0546,-0.0254,0.0013,0.0,0.0
1780080240860,2,Pitching Mound.Parent,,Delivery,pitch.1,772812,2.1431,-11.1685,77.128,38.2102,152.6286,-61.1874,-0.2029,0.0365
1780080240861,2,11.0000004b,Drive,Delivery,pitch.1,774668,0.1563,0.0826,0.8497,0.0525,-0.0651,0.0021,0.0,0.0
1780080240861,2,12.00000015,Lower Delivery,Delivery,pitch.1,774182,-12.2079,-2.5105,38.2279,-95.0437,56.2322,-30.0938,-0.1508,-0.2548
1780080240861,2,12.00000018,Upper Delivery,Delivery,pitch.1,775469,14.3173,-8.5701,37.9736,134.3758,96.9337,-39.862,-0.2616,0.327
1780080240861,2,Pitching Mound.Delivery,,Delivery,pitch.1,773557,2.1093,-11.0806,76.2014,39.4185,153.1659,-60.9373,-0.206,0.0363
1780080240861,2,Pitching Mound.Drive,,Delivery,pitch.1,774668,0.1563,0.0826,0.8497,0.0525,-0.0651,0.0021,0.0,0.0
1780080240861,2,Pitching Mound.Parent,,Delivery,pitch.1,772813,2.259,-10.9945,77.039,39.4731,153.1405,-60.936,-0.2038,0.0359
1780080240862,2,12.00000015,Lower Delivery,Delivery,pitch.1,774183,-12.0996,-2.41,38.098,-94.308,55.5413,-30.2544,-0.1494,-0.2537
1780080240862,2,12.00000018,Upper Delivery,Delivery,pitch.1,775470,14.3414,-8.4621,38.3148,135.4559,98.2294,-39.5699,-0.2628,0.327
1780080240862,2,Pitching Mound.Delivery,,Delivery,pitch.1,773558,2.2419,-10.8721,76.4128,41.0741,153.7707,-60.8344,-0.2063,0.0365
1780080240862,2,Pitching Mound.Parent,,Delivery,pitch.1,772814,2.3982,-10.7895,77.2624,41.1266,153.7055,-60.8323,-0.204,0.0361
1780080240863,2,11.0000004b,Drive,Delivery,pitch.1,774669,0.1746,0.0866,0.7261,0.0677,-0.0943,0.001,0.0,0.0
1780080240863,2,12.00000015,Lower Delivery,Delivery,pitch.1,774184,-11.9803,-2.3362,38.034,-93.7365,55.1373,-30.4373,-0.1486,-0.2526
1780080240863,2,12.00000018,Upper Delivery,Delivery,pitch.1,775471,14.371,-8.3021,38.7883,136.4579,98.7672,-39.1827,-0.261,0.327
1780080240863,2,Pitching Mound.Delivery,,Delivery,pitch.1,773559,2.3907,-10.6383,76.8223,42.465,153.9046,-60.6606,-0.2053,0.0367
1780080240863,2,Pitching Mound.Drive,,Delivery,pitch.1,774669,0.1746,0.0866,0.7261,0.0677,-0.0943,0.001,0.0,0.0
1780080240863,2,Pitching Mound.Parent,,Delivery,pitch.1,772815,2.5654,-10.5516,77.5484,42.5327,153.8103,-60.6596,-0.2034,0.0364
1780080240864,2,11.0000004b,Drive,Delivery,pitch.1,774670,0.1815,0.0849,0.7195,0.0725,-0.1518,0.0014,0.0,0.0
1780080240864,2,12.00000015,Lower Delivery,Delivery,pitch.1,774185,-11.8567,-2.2314,38.2116,-93.4174,54.876,-30.6754,-0.1472,-0.2506
1780080240864,2,12.00000018,Upper Delivery,Delivery,pitch.1,775472,14.3652,-8.2706,39.3609,137.4038,99.4966,-38.8189,-0.2591,0.327
1780080240864,2,Pitching Mound.Delivery,,Delivery,pitch.1,773560,2.5085,-10.502,77.5726,43.5956,154.3726,-60.5788,-0.204,0.0375
1780080240864,2,Pitching Mound.Drive,,Delivery,pitch.1,774670,0.1815,0.0849,0.7195,0.0725,-0.1518,0.0014,0.0,0.0
1780080240864,2,Pitching Mound.Parent,,Delivery,pitch.1,772816,2.6901,-10.4171,78.2921,43.668,154.2209,-60.5774,-0.2021,0.0371
1780080240865,2,11.0000004b,Drive,Delivery,pitch.1,774671,0.1957,0.0913,0.7274,0.066,-0.08,0.0008,0.0,0.0
1780080240865,2,11.0000004b,Drive,Delivery,pitch.1,774672,0.1901,0.0934,0.7274,0.0773,-0.2285,0.0001,0.0,0.0
1780080240865,2,12.00000015,Lower Delivery,Delivery,pitch.1,774186,-11.791,-2.1097,38.0939,-92.7065,54.1062,-30.947,-0.1456,-0.2494
1780080240865,2,12.00000018,Upper Delivery,Delivery,pitch.1,775473,14.2967,-8.0093,39.7388,138.4877,99.8259,-38.2882,-0.2575,0.327
1780080240865,2,Pitching Mound.Delivery,,Delivery,pitch.1,773561,2.5056,-10.1191,77.8327,45.2219,153.9321,-60.3654,-0.2027,0.0377
1780080240865,2,Pitching Mound.Drive,,Delivery,pitch.1,774671,0.1957,0.0913,0.7274,0.066,-0.08,0.0008,0.0,0.0
1780080240865,2,Pitching Mound.Drive,,Delivery,pitch.1,774672,0.1901,0.0934,0.7274,0.0773,-0.2285,0.0001,0.0,0.0
1780080240865,2,Pitching Mound.Parent,,Delivery,pitch.1,772817,2.7014,-10.0278,78.5601,45.2879,153.8521,-60.3647,-0.2008,0.0374
1780080240866,2,12.00000015,Lower Delivery,Delivery,pitch.1,774187,-11.7172,-1.9784,37.9899,-92.4998,53.7058,-31.2017,-0.1449,-0.2496
1780080240866,2,12.00000018,Upper Delivery,Delivery,pitch.1,775474,14.4972,-8.0495,40.805,139.2689,100.5972,-38.0274,-0.2527,0.327
1780080240866,2,Pitching Mound.Delivery,,Delivery,pitch.1,773562,2.7801,-10.0279,78.795,45.812,154.3029,-60.3162,-0.2007,0.0369
1780080240866,2,Pitching Mound.Parent,,Delivery,pitch.1,772818,2.9702,-9.9345,79.5224,45.8892,154.0744,-60.3161,-0.1989,0.0365
1780080240867,2,11.0000004b,Drive,Delivery,pitch.1,774673,0.2144,0.1012,0.7684,0.0709,-0.1981,0.0006,0.0,0.0
1780080240867,2,12.00000015,Lower Delivery,Delivery,pitch.1,774188,-11.6705,-1.8472,37.87,-91.9555,53.0307,-31.4799,-0.1435,-0.2489
1780080240867,2,12.00000018,Upper Delivery,Delivery,pitch.1,775475,14.5528,-7.9699,41.5342,140.0296,100.8162,-37.617,-0.2488,0.327
1780080240867,2,Pitching Mound.Delivery,,Delivery,pitch.1,773563,2.8822,-9.8171,79.4042,46.8283,153.8469,-60.181,-0.1986,0.0367
1780080240867,2,Pitching Mound.Drive,,Delivery,pitch.1,774673,0.2144,0.1012,0.7684,0.0709,-0.1981,0.0006,0.0,0.0
1780080240867,2,Pitching Mound.Parent,,Delivery,pitch.1,772819,3.0967,-9.7159,80.1726,46.8992,153.6489,-60.1804,-0.1967,0.0363
1780080240868,2,11.0000004b,Drive,Delivery,pitch.1,774674,0.2313,0.0985,0.7871,0.0852,-0.3307,0.0006,0.0,0.0
1780080240868,2,11.0000004b,Drive,Delivery,pitch.1,774675,0.2191,0.0992,0.8662,0.0799,-0.3613,0.0014,0.0,0.0
1780080240868,2,12.00000015,Lower Delivery,Delivery,pitch.1,774189,-11.5984,-1.7021,37.8765,-92.149,52.7492,-31.8176,-0.1427,-0.2494
1780080240868,2,12.00000018,Upper Delivery,Delivery,pitch.1,775476,14.6706,-7.9726,42.4208,140.8153,101.29,-37.2016,-0.2447,0.327
1780080240868,2,Pitching Mound.Delivery,,Delivery,pitch.1,773564,3.0721,-9.6746,80.2973,47.1211,154.0391,-60.0877,-0.1966,0.0359
1780080240868,2,Pitching Mound.Drive,,Delivery,pitch.1,774674,0.2313,0.0985,0.7871,0.0852,-0.3307,0.0006,0.0,0.0
1780080240868,2,Pitching Mound.Drive,,Delivery,pitch.1,774675,0.2191,0.0992,0.8662,0.0799,-0.3613,0.0014,0.0,0.0
1780080240868,2,Pitching Mound.Parent,,Delivery,pitch.1,772820,3.3035,-9.5761,81.0844,47.2063,153.7084,-60.0871,-0.1947,0.0356
1780080240869,2,11.0000004b,Drive,Delivery,pitch.1,774676,0.2145,0.1094,0.912,0.0657,-0.2812,0.0002,0.0,0.0
1780080240869,2,12.00000015,Lower Delivery,Delivery,pitch.1,774190,-11.5931,-1.5539,37.4953,-91.8126,52.187,-32.1384,-0.1427,-0.251
1780080240869,2,12.00000018,Upper Delivery,Delivery,pitch.1,775477,14.7839,-7.9502,43.1907,141.1704,101.3713,-36.7992,-0.2406,0.327
1780080240869,2,Pitching Mound.Delivery,,Delivery,pitch.1,773565,3.1908,-9.504,80.6861,47.4214,153.5583,-59.9694,-0.1951,0.0344
1780080240869,2,Pitching Mound.Drive,,Delivery,pitch.1,774676,0.2145,0.1094,0.912,0.0657,-0.2812,0.0002,0.0,0.0
1780080240869,2,Pitching Mound.Parent,,Delivery,pitch.1,772821,3.4099,-9.4048,81.5522,47.5013,153.197,-59.968,-0.193,0.0341
1780080240870,2,11.0000004b,Drive,Delivery,pitch.1,774677,0.1984,0.1033,0.9221,0.0495,-0.1493,0.0011,0.0,0.0
1780080240870,2,12.00000015,Lower Delivery,Delivery,pitch.1,774191,-11.615,-1.4466,37.0256,-89.8089,50.399,-32.5287,-0.1395,-0.2486
1780080240870,2,12.00000018,Upper Delivery,Delivery,pitch.1,775478,14.8326,-8.0369,44.2059,142.2368,101.0786,-36.1637,-0.2344,0.327
1780080240870,2,Pitching Mound.Delivery,,Delivery,pitch.1,773566,3.2176,-9.4835,81.2315,49.9866,151.4775,-59.7002,-0.1911,0.0346
1780080240870,2,Pitching Mound.Drive,,Delivery,pitch.1,774677,0.1984,0.1033,0.9221,0.0495,-0.1493,0.0011,0.0,0.0
1780080240870,2,Pitching Mound.Parent,,Delivery,pitch.1,772822,3.4321,-9.3741,82.1435,50.0523,151.1963,-59.7,-0.189,0.0342
1780080240871,2,11.0000004b,Drive,Delivery,pitch.1,774678,0.1862,0.1038,0.9731,0.0498,-0.2484,0.001,0.0,0.0
1780080240871,2,12.00000015,Lower Delivery,Delivery,pitch.1,774192,-11.6421,-1.3143,36.6756,-88.7002,49.5433,-32.9524,-0.1385,-0.2479
1780080240871,2,12.00000018,Upper Delivery,Delivery,pitch.1,775479,14.8333,-8.0177,44.8973,142.7309,101.4122,-35.563,-0.2315,0.3258
1780080240871,2,Pitching Mound.Delivery,,Delivery,pitch.1,773567,3.1912,-9.3321,81.5729,51.2353,150.9555,-59.5137,-0.1897,0.0336
1780080240871,2,Pitching Mound.Drive,,Delivery,pitch.1,774678,0.1862,0.1038,0.9731,0.0498,-0.2484,0.001,0.0,0.0
1780080240871,2,Pitching Mound.Parent,,Delivery,pitch.1,772823,3.3896,-9.2288,82.495,51.2848,150.8062,-59.5126,-0.1876,0.0332
1780080240872,2,11.0000004b,Drive,Delivery,pitch.1,774679,0.1761,0.1186,0.6817,0.0248,-0.0806,0.0011,0.0,0.0
1780080240872,2,12.00000015,Lower Delivery,Delivery,pitch.1,774193,-11.635,-1.1234,36.4665,-89.8642,50.0447,-33.3333,-0.1407,-0.2526
1780080240872,2,12.00000018,Upper Delivery,Delivery,pitch.1,775480,14.9854,-8.1339,45.5648,143.4862,101.7908,-35.2278,-0.229,0.3228
1780080240872,2,Pitching Mound.Delivery,,Delivery,pitch.1,773568,3.3504,-9.2573,82.0313,50.5286,151.8355,-59.5102,-0.1897,0.0293
1780080240872,2,Pitching Mound.Drive,,Delivery,pitch.1,774679,0.1761,0.1186,0.6817,0.0248,-0.0806,0.0011,0.0,0.0
1780080240872,2,Pitching Mound.Parent,,Delivery,pitch.1,772824,3.5366,-9.1535,83.0044,50.5784,151.5871,-59.5092,-0.1875,0.0289
1780080240873,2,11.0000004b,Drive,Delivery,pitch.1,774680,0.177,0.1092,0.768,0.0348,-0.1492,-0.0009,0.0,0.0
1780080240873,2,12.00000015,Lower Delivery,Delivery,pitch.1,774194,-11.6458,-1.0076,36.0597,-88.4169,49.0345,-33.7519,-0.1394,-0.2513
1780080240873,2,12.00000018,Upper Delivery,Delivery,pitch.1,775481,15.0368,-8.2032,46.2671,144.09,102.3885,-34.6244,-0.2268,0.3192
1780080240873,2,Pitching Mound.Delivery,,Delivery,pitch.1,773569,3.3911,-9.2108,82.3268,52.2026,151.4229,-59.3042,-0.1885,0.0272
1780080240873,2,Pitching Mound.Drive,,Delivery,pitch.1,774680,0.177,0.1092,0.768,0.0348,-0.1492,-0.0009,0.0,0.0
1780080240873,2,Pitching Mound.Parent,,Delivery,pitch.1,772825,3.5672,-9.0922,83.0085,52.2274,151.3423,-59.3032,-0.187,0.0269
1780080240874,2,11.0000004b,Drive,Delivery,pitch.1,774681,0.1673,0.1006,0.8954,0.04,-0.0913,0.0007,0.0,0.0
1780080240874,2,12.00000015,Lower Delivery,Delivery,pitch.1,774195,-11.7266,-0.8852,35.6147,-87.5409,48.3494,-34.1363,-0.1391,-0.2519
1780080240874,2,12.00000018,Upper Delivery,Delivery,pitch.1,775482,15.0811,-8.2386,46.3659,144.337,102.8103,-34.3267,-0.2273,0.3191
1780080240874,2,Pitching Mound.Delivery,,Delivery,pitch.1,773570,3.3545,-9.1238,81.9806,53.1408,151.1597,-59.3484,-0.189,0.0264
1780080240874,2,Pitching Mound.Drive,,Delivery,pitch.1,774681,0.1673,0.1006,0.8954,0.04,-0.0913,0.0007,0.0,0.0
1780080240874,2,Pitching Mound.Parent,,Delivery,pitch.1,772826,3.5315,-9.0146,82.7486,53.1756,151.0105,-59.3492,-0.1872,0.0262
1780080240875,2,11.0000004b,Drive,Delivery,pitch.1,774682,0.1378,0.085,0.8617,0.0186,-0.0303,0.0028,0.0,0.0
1780080240875,2,12.00000015,Lower Delivery,Delivery,pitch.1,774196,-11.776,-0.7457,35.2382,-86.8487,47.7017,-34.5546,-0.1387,-0.2526
1780080240875,2,12.00000018,Upper Delivery,Delivery,pitch.1,775483,15.2269,-8.3846,47.1192,144.7581,103.3039,-33.7806,-0.2247,0.3149
1780080240875,2,Pitching Mound.Delivery,,Delivery,pitch.1,773571,3.4509,-9.1303,82.3574,53.8699,151.0056,-59.1542,-0.1879,0.023
1780080240875,2,Pitching Mound.Drive,,Delivery,pitch.1,774682,0.1378,0.085,0.8617,0.0186,-0.0303,0.0028,0.0,0.0
1780080240875,2,Pitching Mound.Parent,,Delivery,pitch.1,772827,3.6182,-9.0296,83.2528,53.9099,150.9144,-59.1535,-0.1859,0.0228
1780080240876,2,11.0000004b,Drive,Delivery,pitch.1,774683,0.1245,0.0789,0.8192,0.0199,-0.0245,0.0043,0.0,0.0
1780080240876,2,12.00000015,Lower Delivery,Delivery,pitch.1,774197,-11.8,-0.6859,34.5922,-85.6784,46.9078,-34.9362,-0.139,-0.2539
1780080240876,2,12.00000018,Upper Delivery,Delivery,pitch.1,775484,15.29,-8.492,47.3133,145.3885,104.2136,-33.3877,-0.2258,0.315
1780080240876,2,Pitching Mound.Delivery,,Delivery,pitch.1,773572,3.49,-9.1779,81.9056,55.3849,151.1214,-59.1133,-0.1891,0.0219
1780080240876,2,Pitching Mound.Drive,,Delivery,pitch.1,774683,0.1245,0.0789,0.8192,0.0199,-0.0245,0.0043,0.0,0.0
1780080240876,2,Pitching Mound.Parent,,Delivery,pitch.1,772828,3.6278,-9.0929,82.7673,55.4035,151.091,-59.1106,-0.1871,0.0217
1780080240877,2,11.0000004b,Drive,Delivery,pitch.1,774684,0.1094,0.0713,0.8312,0.0312,-0.0236,0.0039,0.0,0.0
1780080240877,2,12.00000015,Lower Delivery,Delivery,pitch.1,774198,-11.8956,-0.6253,33.9093,-83.3252,45.2877,-35.3138,-0.1369,-0.2519
1780080240877,2,12.00000018,Upper Delivery,Delivery,pitch.1,775485,15.2987,-8.567,47.4301,145.6571,104.2561,-33.0156,-0.2253,0.3148
1780080240877,2,Pitching Mound.Delivery,,Delivery,pitch.1,773573,3.4031,-9.1923,81.3394,57.7348,149.5438,-59.0833,-0.1884,0.022
1780080240877,2,Pitching Mound.Drive,,Delivery,pitch.1,774684,0.1094,0.0713,0.8312,0.0312,-0.0236,0.0039,0.0,0.0
1780080240877,2,Pitching Mound.Parent,,Delivery,pitch.1,772829,3.5276,-9.1134,82.1586,57.7547,149.5193,-59.0791,-0.1866,0.0218
1780080240878,2,11.0000004b,Drive,Delivery,pitch.1,774685,0.1117,0.075,0.8109,0.0449,-0.0248,0.0022,0.0,0.0
1780080240878,2,12.00000015,Lower Delivery,Delivery,pitch.1,774199,-11.9194,-0.5091,33.7272,-84.4569,45.9924,-35.6545,-0.1398,-0.2567
1780080240878,2,12.00000018,Upper Delivery,Delivery,pitch.1,775486,15.3014,-8.6413,47.5819,145.9889,104.8635,-32.6273,-0.2259,0.3145
1780080240878,2,Pitching Mound.Delivery,,Delivery,pitch.1,773574,3.382,-9.1504,81.3091,56.8215,150.8558,-59.0268,-0.1902,0.0196
1780080240878,2,Pitching Mound.Drive,,Delivery,pitch.1,774685,0.1117,0.075,0.8109,0.0449,-0.0248,0.0022,0.0,0.0
1780080240878,2,Pitching Mound.Parent,,Delivery,pitch.1,772830,3.4914,-9.0791,82.1403,56.8527,150.8322,-59.0229,-0.1882,0.0194
1780080240879,2,11.0000004b,Drive,Delivery,pitch.1,774686,0.1082,0.0718,0.8153,0.0365,-0.0236,0.0036,0.0,0.0
1780080240879,2,12.00000015,Lower Delivery,Delivery,pitch.1,774200,-12.022,-0.4265,33.1691,-82.9378,44.8216,-35.9594,-0.1385,-0.2563
1780080240879,2,12.00000018,Upper Delivery,Delivery,pitch.1,775487,15.2119,-8.6687,47.4191,146.1672,104.9272,-32.3287,-0.2268,0.3159
1780080240879,2,Pitching Mound.Delivery,,Delivery,pitch.1,773575,3.1899,-9.0953,80.5882,58.3844,149.7488,-59.0286,-0.1905,0.0203
1780080240879,2,Pitching Mound.Drive,,Delivery,pitch.1,774686,0.1082,0.0718,0.8153,0.0365,-0.0236,0.0036,0.0,0.0
1780080240879,2,Pitching Mound.Parent,,Delivery,pitch.1,772831,3.3016,-9.0203,81.3991,58.4293,149.7239,-59.0264,-0.1886,0.0201
1780080240880,2,11.0000004b,Drive,Delivery,pitch.1,774687,0.1066,0.0665,0.767,0.0429,-0.0226,0.0041,0.0,0.0
1780080240880,2,12.00000015,Lower Delivery,Delivery,pitch.1,774201,-12.084,-0.3525,32.8208,-82.4109,44.3566,-36.1741,-0.1385,-0.2574
1780080240880,2,12.00000018,Upper Delivery,Delivery,pitch.1,775488,15.1739,-8.7302,47.2276,146.3556,105.2531,-32.1085,-0.2284,0.3176
1780080240880,2,Pitching Mound.Delivery,,Delivery,pitch.1,773576,3.0898,-9.0827,80.0484,59.0464,149.6097,-59.0149,-0.1916,0.0207
1780080240880,2,Pitching Mound.Drive,,Delivery,pitch.1,774687,0.1066,0.0665,0.767,0.0429,-0.0226,0.0041,0.0,0.0
1780080240880,2,Pitching Mound.Parent,,Delivery,pitch.1,772832,3.1981,-9.0109,80.8637,59.0829,149.5861,-59.0113,-0.1896,0.0205
1780080240881,2,11.0000004b,Drive,Delivery,pitch.1,774688,0.1209,0.0618,0.8075,0.054,-0.0241,0.0038,0.0,0.0
1780080240881,2,12.00000015,Lower Delivery,Delivery,pitch.1,774202,-12.1306,-0.2836,32.3725,-81.4817,43.7645,-36.4133,-0.1386,-0.258
1780080240881,2,12.00000018,Upper Delivery,Delivery,pitch.1,775489,15.0982,-8.7607,47.043,146.4301,105.5514,-31.8529,-0.23,0.319
1780080240881,2,Pitching Mound.Delivery,,Delivery,pitch.1,773577,2.9676,-9.0444,79.4155,59.9604,149.3159,-59.0084,-0.1927,0.021
1780080240881,2,Pitching Mound.Drive,,Delivery,pitch.1,774688,0.1209,0.0618,0.8075,0.054,-0.0241,0.0038,0.0,0.0
1780080240881,2,Pitching Mound.Parent,,Delivery,pitch.1,772833,3.0742,-8.9778,80.1826,60.0033,149.2932,-59.0043,-0.1909,0.0208
1780080240882,2,11.0000004b,Drive,Delivery,pitch.1,774689,0.1553,0.0647,0.8285,0.0646,-0.0231,0.0033,0.0,0.0
1780080240882,2,12.00000015,Lower Delivery,Delivery,pitch.1,774203,-12.1937,-0.2622,31.2996,-80.1394,42.8698,-36.5766,-0.1404,-0.2624
1780080240882,2,12.00000018,Upper Delivery,Delivery,pitch.1,775490,15.0286,-8.7689,46.7899,146.4809,105.6988,-31.657,-0.2315,0.3209
1780080240882,2,Pitching Mound.Delivery,,Delivery,pitch.1,773578,2.8349,-9.0311,78.0895,61.0748,148.5686,-58.978,-0.195,0.0196
1780080240882,2,Pitching Mound.Drive,,Delivery,pitch.1,774689,0.1553,0.0647,0.8285,0.0646,-0.0231,0.0033,0.0,0.0
1780080240882,2,Pitching Mound.Parent,,Delivery,pitch.1,772834,2.9558,-8.9693,78.897,61.1288,148.5445,-58.9742,-0.193,0.0194
1780080240883,2,11.0000004b,Drive,Delivery,pitch.1,774690,0.1609,0.0603,0.8453,0.0759,-0.0253,0.0024,0.0,0.0
1780080240883,2,12.00000015,Lower Delivery,Delivery,pitch.1,774204,-12.2111,-0.2047,31.0358,-79.4705,42.3375,-36.7307,-0.1398,-0.2624
1780080240883,2,12.00000018,Upper Delivery,Delivery,pitch.1,775491,14.9277,-8.7415,46.5409,146.5216,106.0411,-31.4774,-0.2335,0.3227
1780080240883,2,Pitching Mound.Delivery,,Delivery,pitch.1,773579,2.7166,-8.9462,77.5767,61.7794,148.3786,-58.9808,-0.196,0.0206
1780080240883,2,Pitching Mound.Drive,,Delivery,pitch.1,774690,0.1609,0.0603,0.8453,0.0759,-0.0253,0.0024,0.0,0.0
1780080240883,2,Pitching Mound.Parent,,Delivery,pitch.1,772835,2.8719,-8.8815,78.4052,61.844,148.3555,-58.9776,-0.194,0.0204
1780080240884,2,11.0000004b,Drive,Delivery,pitch.1,774691,0.1671,0.0618,0.8191,0.0718,-0.0229,0.0031,0.0,0.0
1780080240884,2,12.00000015,Lower Delivery,Delivery,pitch.1,774205,-12.1761,-0.1753,30.8666,-79.4791,42.2463,-36.9102,-0.1403,-0.2639
1780080240884,2,12.00000018,Upper Delivery,Delivery,pitch.1,775492,14.8225,-8.7002,46.2025,146.5031,106.1835,-31.3144,-0.2356,0.325
1780080240884,2,Pitching Mound.Delivery,,Delivery,pitch.1,773580,2.6464,-8.8755,77.0691,61.8099,148.4297,-59.0451,-0.1974,0.0215
1780080240884,2,Pitching Mound.Drive,,Delivery,pitch.1,774691,0.1671,0.0618,0.8191,0.0718,-0.0229,0.0031,0.0,0.0
1780080240884,2,Pitching Mound.Parent,,Delivery,pitch.1,772836,2.8073,-8.8152,77.9144,61.8857,148.4044,-59.0427,-0.1953,0.0212
1780080240885,2,11.0000004b,Drive,Delivery,pitch.1,774692,0.185,0.0758,0.8121,0.0675,-0.025,0.0023,0.0,0.0
1780080240885,2,12.00000015,Lower Delivery,Delivery,pitch.1,774206,-12.1509,-0.1585,30.5184,-79.1483,41.7874,-37.0035,-0.1403,-0.2658
1780080240885,2,12.00000018,Upper Delivery,Delivery,pitch.1,775493,14.692,-8.6599,45.7087,146.0658,105.9877,-31.1849,-0.2377,0.327
1780080240885,2,Pitching Mound.Delivery,,Delivery,pitch.1,773581,2.5411,-8.8184,76.2272,61.7529,147.775,-59.0618,-0.1987,0.0219
1780080240885,2,Pitching Mound.Drive,,Delivery,pitch.1,774692,0.185,0.0758,0.8121,0.0675,-0.025,0.0023,0.0,0.0
1780080240885,2,Pitching Mound.Parent,,Delivery,pitch.1,772837,2.7081,-8.7566,77.0462,61.8246,147.7522,-59.0588,-0.1966,0.0217
1780080240886,2,11.0000004b,Drive,Delivery,pitch.1,774693,0.1887,0.0765,0.7763,0.0731,-0.0231,0.0033,0.0,0.0
1780080240886,2,12.00000015,Lower Delivery,Delivery,pitch.1,774207,-12.097,-0.1213,30.3382,-79.38,41.6398,-37.1733,-0.1407,-0.2682
1780080240886,2,12.00000018,Upper Delivery,Delivery,pitch.1,775494,14.5819,-8.5977,45.4102,146.3213,106.3068,-31.0838,-0.2399,0.327
1780080240886,2,Pitching Mound.Delivery,,Delivery,pitch.1,773582,2.4849,-8.719,75.7484,61.8168,147.9466,-59.1864,-0.2002,0.021
1780080240886,2,Pitching Mound.Drive,,Delivery,pitch.1,774693,0.1887,0.0765,0.7763,0.0731,-0.0231,0.0033,0.0,0.0
1780080240886,2,Pitching Mound.Parent,,Delivery,pitch.1,772838,2.6699,-8.6433,76.5605,61.8844,147.9216,-59.184,-0.1981,0.0208
1780080240887,2,11.0000004b,Drive,Delivery,pitch.1,774694,0.1967,0.0745,0.7075,0.0717,-0.0243,0.0033,0.0,0.0
1780080240887,2,12.00000015,Lower Delivery,Delivery,pitch.1,774208,-12.0248,-0.0884,30.2891,-79.0725,41.2252,-37.3179,-0.1395,-0.2676
1780080240887,2,12.00000015,Lower Delivery,Delivery,pitch.1,774209,-11.9336,-0.0661,30.2036,-79.0263,41.0109,-37.4436,-0.1392,-0.2682
1780080240887,2,12.00000018,Upper Delivery,Delivery,pitch.1,775495,14.4823,-8.5209,45.1419,145.8376,105.8349,-30.9282,-0.2403,0.327
1780080240887,2,Pitching Mound.Delivery,,Delivery,pitch.1,773583,2.4576,-8.6093,75.431,61.7152,147.0601,-59.2337,-0.1998,0.0213
1780080240887,2,Pitching Mound.Drive,,Delivery,pitch.1,774694,0.1967,0.0745,0.7075,0.0717,-0.0243,0.0033,0.0,0.0
1780080240887,2,Pitching Mound.Parent,,Delivery,pitch.1,772839,2.6463,-8.5328,76.2073,61.7883,147.0371,-59.2304,-0.1978,0.0211
1780080240888,2,11.0000004b,Drive,Delivery,pitch.1,774695,0.2149,0.084,0.7543,0.069,-0.0249,0.0033,0.0,0.0
1780080240888,2,12.00000018,Upper Delivery,Delivery,pitch.1,775496,14.3722,-8.4318,44.773,145.0701,105.1077,-30.8171,-0.2406,0.327
1780080240888,2,Pitching Mound.Delivery,,Delivery,pitch.1,773584,2.4386,-8.4979,74.9765,61.0902,146.1186,-59.3167,-0.1997,0.0212
1780080240888,2,Pitching Mound.Drive,,Delivery,pitch.1,774695,0.2149,0.084,0.7543,0.069,-0.0249,0.0033,0.0,0.0
1780080240888,2,Pitching Mound.Parent,,Delivery,pitch.1,772840,2.6354,-8.4234,75.684,61.1619,146.0943,-59.3134,-0.1979,0.021
1780080240889,2,11.0000004b,Drive,Delivery,pitch.1,774696,0.2083,0.0834,0.6717,0.0691,-0.021,0.0048,0.0,0.0
1780080240889,2,12.00000015,Lower Delivery,Delivery,pitch.1,774210,-11.8428,-0.0369,29.9647,-79.1437,41.0039,-37.5278,-0.1403,-0.2707
1780080240889,2,12.00000015,Lower Delivery,Delivery,pitch.1,774211,-11.7624,-0.0107,29.7682,-78.9908,40.7733,-37.5376,-0.1404,-0.272
1780080240889,2,12.00000018,Upper Delivery,Delivery,pitch.1,775497,14.3124,-8.3557,44.6038,144.419,104.2362,-30.7002,-0.2395,0.327
1780080240889,2,Pitching Mound.Delivery,,Delivery,pitch.1,773585,2.4696,-8.3926,74.5684,60.298,145.2401,-59.3353,-0.1996,0.0201
1780080240889,2,Pitching Mound.Drive,,Delivery,pitch.1,774696,0.2083,0.0834,0.6717,0.0691,-0.021,0.0048,0.0,0.0
1780080240889,2,Pitching Mound.Parent,,Delivery,pitch.1,772841,2.6844,-8.3086,75.3228,60.367,145.2152,-59.332,-0.1976,0.0199
1780080240890,2,11.0000004b,Drive,Delivery,pitch.1,774697,0.2037,0.0801,0.6589,0.0742,-0.0202,0.0039,0.0,0.0
1780080240890,2,12.00000018,Upper Delivery,Delivery,pitch.1,775498,14.2503,-8.2791,44.4736,143.8941,103.7748,-30.5918,-0.2392,0.327
1780080240890,2,Pitching Mound.Delivery,,Delivery,pitch.1,773586,2.4879,-8.2899,74.2418,59.9034,144.5481,-59.2851,-0.1996,0.0195
1780080240890,2,Pitching Mound.Drive,,Delivery,pitch.1,774697,0.2037,0.0801,0.6589,0.0742,-0.0202,0.0039,0.0,0.0
1780080240890,2,Pitching Mound.Parent,,Delivery,pitch.1,772842,2.6961,-8.2065,74.9136,59.9725,144.5271,-59.2802,-0.1978,0.0193
1780080240891,2,11.0000004b,Drive,Delivery,pitch.1,774698,0.2072,0.0908,0.7333,0.0837,-0.0208,0.0031,0.0,0.0
1780080240891,2,12.00000015,Lower Delivery,Delivery,pitch.1,774212,-11.6887,0.0594,29.6266,-78.8703,40.6161,-37.4616,-0.1405,-0.2729
1780080240891,2,12.00000018,Upper Delivery,Delivery,pitch.1,775499,14.2097,-8.2148,44.3753,143.3826,103.0568,-30.5404,-0.238,0.327
1780080240891,2,Pitching Mound.Delivery,,Delivery,pitch.1,773587,2.521,-8.1554,74.0019,59.4978,143.6729,-59.1965,-0.199,0.0191
1780080240891,2,Pitching Mound.Drive,,Delivery,pitch.1,774698,0.2072,0.0908,0.7333,0.0837,-0.0208,0.0031,0.0,0.0
1780080240891,2,Pitching Mound.Parent,,Delivery,pitch.1,772843,2.7247,-8.0753,74.6608,59.572,143.6527,-59.1926,-0.1972,0.0189
1780080240892,2,11.0000004b,Drive,Delivery,pitch.1,774699,0.2025,0.0967,0.7868,0.0861,-0.0223,0.0023,0.0,0.0
1780080240892,2,12.00000015,Lower Delivery,Delivery,pitch.1,774213,-11.6167,0.0858,29.4313,-78.7632,40.4314,-37.3652,-0.1408,-0.2743
1780080240892,2,12.00000015,Lower Delivery,Delivery,pitch.1,774214,-11.5439,0.1442,29.2874,-78.9237,40.4222,-37.2073,-0.1415,-0.2762
1780080240892,2,12.00000018,Upper Delivery,Delivery,pitch.1,775500,14.2387,-8.1846,44.398,142.2351,101.8966,-30.4639,-0.2352,0.327
1780080240892,2,Pitching Mound.Delivery,,Delivery,pitch.1,773588,2.6219,-8.0988,73.8293,58.3833,142.328,-59.0383,-0.1976,0.0184
1780080240892,2,Pitching Mound.Drive,,Delivery,pitch.1,774699,0.2025,0.0967,0.7868,0.0861,-0.0223,0.0023,0.0,0.0
1780080240892,2,Pitching Mound.Parent,,Delivery,pitch.1,772844,2.8291,-8.008,74.5626,58.467,142.3071,-59.0351,-0.1956,0.0182
1780080240893,2,11.0000004b,Drive,Delivery,pitch.1,774700,0.1665,0.0831,0.6863,0.0707,-0.0201,0.0059,0.0,0.0
1780080240893,2,12.00000018,Upper Delivery,Delivery,pitch.1,775501,14.2518,-8.1435,44.3555,141.3748,101.0721,-30.4776,-0.2336,0.3267
1780080240893,2,Pitching Mound.Delivery,,Delivery,pitch.1,773589,2.7079,-7.9993,73.6428,57.328,141.4943,-58.9144,-0.1969,0.0174
1780080240893,2,Pitching Mound.Drive,,Delivery,pitch.1,774700,0.1665,0.0831,0.6863,0.0707,-0.0201,0.0059,0.0,0.0
1780080240893,2,Pitching Mound.Parent,,Delivery,pitch.1,772845,2.9104,-7.9026,74.4296,57.4141,141.472,-58.9121,-0.1948,0.0172
1780080240894,2,11.0000004b,Drive,Delivery,pitch.1,774701,0.1803,0.0894,0.7213,0.0613,-0.02,0.0064,0.0,0.0
1780080240894,2,12.00000015,Lower Delivery,Delivery,pitch.1,774215,-11.4778,0.1805,29.1367,-78.6444,40.3231,-36.9527,-0.1418,-0.2766
1780080240894,2,12.00000015,Lower Delivery,Delivery,pitch.1,774216,-11.4429,0.2411,29.1465,-78.7494,40.2755,-36.6382,-0.1416,-0.2769
1780080240894,2,12.00000018,Upper Delivery,Delivery,pitch.1,775502,14.2315,-8.125,44.1882,140.6626,100.2995,-30.5229,-0.2326,0.3263
1780080240894,2,Pitching Mound.Delivery,,Delivery,pitch.1,773590,2.7537,-7.9445,73.325,56.9007,140.6226,-58.7344,-0.1966,0.0169
1780080240894,2,Pitching Mound.Drive,,Delivery,pitch.1,774701,0.1803,0.0894,0.7213,0.0613,-0.02,0.0064,0.0,0.0
1780080240894,2,Pitching Mound.Parent,,Delivery,pitch.1,772846,2.9202,-7.8614,74.0112,56.9714,140.6024,-58.7286,-0.1947,0.0167
1780080240895,2,11.0000004b,Drive,Delivery,pitch.1,774702,0.1752,0.0894,0.768,0.0655,-0.0212,0.007,0.0,0.0
1780080240895,2,12.00000015,Lower Delivery,Delivery,pitch.1,774217,-11.3898,0.2482,29.0912,-78.7051,40.4844,-36.2941,-0.1426,-0.2773
1780080240895,2,12.00000018,Upper Delivery,Delivery,pitch.1,775503,14.256,-8.1327,44.1396,140.0144,99.6553,-30.5936,-0.2314,0.3251
1780080240895,2,Pitching Mound.Delivery,,Delivery,pitch.1,773591,2.8131,-7.8916,73.2861,56.1674,139.9309,-58.4942,-0.1957,0.0161
1780080240895,2,Pitching Mound.Drive,,Delivery,pitch.1,774702,0.1752,0.0894,0.768,0.0655,-0.0212,0.007,0.0,0.0
1780080240895,2,Pitching Mound.Parent,,Delivery,pitch.1,772847,2.9934,-7.8022,74.0074,56.2287,139.9108,-58.4878,-0.1938,0.016
1780080240896,2,11.0000004b,Drive,Delivery,pitch.1,774703,0.1638,0.0948,0.9359,0.0694,-0.0249,0.0055,0.0,0.0
1780080240896,2,12.00000018,Upper Delivery,Delivery,pitch.1,775504,14.288,-8.1608,44.0642,139.5038,99.0773,-30.6513,-0.2305,0.3245
1780080240896,2,Pitching Mound.Delivery,,Delivery,pitch.1,773592,2.8982,-7.9126,73.1554,55.7079,139.5616,-58.215,-0.1955,0.0156
1780080240896,2,Pitching Mound.Drive,,Delivery,pitch.1,774703,0.1638,0.0948,0.9359,0.0694,-0.0249,0.0055,0.0,0.0
1780080240896,2,Pitching Mound.Parent,,Delivery,pitch.1,772848,3.0734,-7.8232,73.9234,55.7734,139.5404,-58.208,-0.1935,0.0154
1780080240897,2,11.0000004b,Drive,Delivery,pitch.1,774704,0.1645,0.0963,0.9756,0.105,-0.0256,0.0049,0.0,0.0
1780080240897,2,12.00000015,Lower Delivery,Delivery,pitch.1,774219,-11.3146,0.1802,29.0361,-78.6259,40.9018,-35.5769,-0.1444,-0.2775
1780080240897,2,12.00000015,Lower Delivery,Delivery,pitch.1,774218,-11.3582,0.212,28.9697,-78.759,40.8441,-35.9546,-0.1445,-0.2786
1780080240897,2,12.00000018,Upper Delivery,Delivery,pitch.1,775505,14.2988,-8.1931,43.9686,138.9574,98.5366,-30.7048,-0.2297,0.3239
1780080240897,2,Pitching Mound.Delivery,,Delivery,pitch.1,773593,2.9406,-7.981,72.9383,55.0988,139.3808,-57.936,-0.1959,0.0147
1780080240897,2,Pitching Mound.Drive,,Delivery,pitch.1,774704,0.1645,0.0963,0.9756,0.105,-0.0256,0.0049,0.0,0.0
1780080240897,2,Pitching Mound.Parent,,Delivery,pitch.1,772849,3.1043,-7.8863,73.8742,55.1682,139.3558,-57.9305,-0.1934,0.0145
1780080240898,2,11.0000004b,Drive,Delivery,pitch.1,774705,0.1484,0.0861,1.0257,0.1295,-0.0247,0.0054,0.0,0.0
1780080240898,2,12.00000015,Lower Delivery,Delivery,pitch.1,774220,-11.3037,0.1357,29.0093,-78.3173,40.7006,-35.2085,-0.1438,-0.2767
1780080240898,2,12.00000018,Upper Delivery,Delivery,pitch.1,775506,14.3284,-8.2359,43.8782,138.5793,98.0839,-30.7636,-0.2291,0.3237
1780080240898,2,Pitching Mound.Delivery,,Delivery,pitch.1,773594,3.0138,-8.0556,72.9143,54.9071,138.9857,-57.6218,-0.1954,0.0151
1780080240898,2,Pitching Mound.Drive,,Delivery,pitch.1,774705,0.1484,0.0861,1.0257,0.1295,-0.0247,0.0054,0.0,0.0
1780080240898,2,Pitching Mound.Parent,,Delivery,pitch.1,772850,3.1782,-7.9594,73.8899,55.0121,138.9601,-57.6169,-0.1928,0.0149
1780080240899,2,11.0000004b,Drive,Delivery,pitch.1,774706,0.1698,0.0927,1.0344,0.1404,-0.0256,0.0044,0.0,0.0
1780080240899,2,12.00000015,Lower Delivery,Delivery,pitch.1,774221,-11.2811,0.0607,28.9736,-78.1643,40.8102,-34.8856,-0.1444,-0.2765
1780080240899,2,12.00000018,Upper Delivery,Delivery,pitch.1,775507,14.3392,-8.2735,43.7477,138.0867,97.6601,-30.8133,-0.2288,0.3235
1780080240899,2,Pitching Mound.Delivery,,Delivery,pitch.1,773595,3.0355,-8.1378,72.757,54.7584,138.3607,-57.3032,-0.1949,0.0153
1780080240899,2,Pitching Mound.Drive,,Delivery,pitch.1,774706,0.1698,0.0927,1.0344,0.1404,-0.0256,0.0044,0.0,0.0
1780080240899,2,Pitching Mound.Parent,,Delivery,pitch.1,772851,3.1839,-8.0516,73.7827,54.8878,138.336,-57.2978,-0.1922,0.0151
1780080240900,2,11.0000004b,Drive,Delivery,pitch.1,774707,0.1727,0.0903,1.0204,0.1462,-0.0248,0.0048,0.0,0.0
1780080240900,2,12.00000015,Lower Delivery,Delivery,pitch.1,774222,-11.2602,-0.0224,28.9632,-77.8686,40.8354,-34.6287,-0.1445,-0.2756
1780080240900,2,12.00000018,Upper Delivery,Delivery,pitch.1,775508,14.2751,-8.3086,43.5104,137.7009,97.3176,-30.7788,-0.2292,0.3244
1780080240900,2,Pitching Mound.Delivery,,Delivery,pitch.1,773596,2.994,-8.2479,72.484,54.5941,138.1278,-56.9753,-0.1953,0.016
1780080240900,2,Pitching Mound.Drive,,Delivery,pitch.1,774707,0.1727,0.0903,1.0204,0.1462,-0.0248,0.0048,0.0,0.0
1780080240900,2,Pitching Mound.Parent,,Delivery,pitch.1,772852,3.1638,-8.1552,73.5184,54.7345,138.1022,-56.9709,-0.1926,0.0158
1780080240901,2,11.0000004b,Drive,Delivery,pitch.1,774708,0.1769,0.0976,1.0139,0.1645,-0.032,0.0058,0.0,0.0
1780080240901,2,12.00000015,Lower Delivery,Delivery,pitch.1,774223,-11.2236,-0.136,28.9562,-77.6487,40.7064,-34.3942,-0.1441,-0.2748
1780080240901,2,12.00000018,Upper Delivery,Delivery,pitch.1,775509,14.2714,-8.3392,43.3832,137.4086,97.0563,-30.7119,-0.2293,0.3246
1780080240901,2,Pitching Mound.Delivery,,Delivery,pitch.1,773597,3.0113,-8.3617,72.3464,54.6372,137.8917,-56.6599,-0.1954,0.0166
1780080240901,2,Pitching Mound.Drive,,Delivery,pitch.1,774708,0.1769,0.0976,1.0139,0.1645,-0.032,0.0058,0.0,0.0
1780080240901,2,Pitching Mound.Parent,,Delivery,pitch.1,772853,3.1839,-8.2713,73.3668,54.7834,137.8669,-56.6551,-0.1926,0.0164
1780080240902,2,11.0000004b,Drive,Delivery,pitch.1,774709,0.1826,0.0938,0.9596,0.2102,-0.2255,0.006,0.0,0.0
1780080240902,2,12.00000015,Lower Delivery,Delivery,pitch.1,774224,-11.1765,-0.2198,28.9887,-77.5151,40.5922,-34.2322,-0.1435,-0.2741
1780080240902,2,12.00000018,Upper Delivery,Delivery,pitch.1,775510,14.1737,-8.374,43.0667,137.0377,96.6844,-30.6725,-0.2301,0.3261
1780080240902,2,Pitching Mound.Delivery,,Delivery,pitch.1,773598,2.9501,-8.5101,72.0229,54.5914,137.3908,-56.4315,-0.1955,0.0179
1780080240902,2,Pitching Mound.Drive,,Delivery,pitch.1,774709,0.1826,0.0938,0.9596,0.2102,-0.2255,0.006,0.0,0.0
1780080240902,2,Pitching Mound.Parent,,Delivery,pitch.1,772854,3.127,-8.4124,73.0368,54.7559,137.3588,-56.4257,-0.1928,0.0177
1780080240903,2,11.0000004b,Drive,Delivery,pitch.1,774710,0.2098,0.0915,0.8252,0.1164,-0.0953,0.0056,0.0,0.0
1780080240903,2,12.00000018,Upper Delivery,Delivery,pitch.1,775511,14.0762,-8.3791,42.77,136.5417,96.0739,-30.5953,-0.2302,0.327
1780080240903,2,Pitching Mound.Delivery,,Delivery,pitch.1,773599,2.8997,-8.5989,71.7587,54.3409,136.6661,-56.2416,-0.1952,0.0189
1780080240903,2,Pitching Mound.Drive,,Delivery,pitch.1,774710,0.2098,0.0915,0.8252,0.1164,-0.0953,0.0056,0.0,0.0
1780080240903,2,Pitching Mound.Parent,,Delivery,pitch.1,772855,3.0823,-8.5051,72.7184,54.5512,136.4406,-56.2356,-0.1926,0.0187
1780080240904,2,11.0000004b,Drive,Delivery,pitch.1,774711,0.2252,0.0931,0.8455,0.1183,-0.097,0.0054,0.0,0.0
1780080240904,2,12.00000015,Lower Delivery,Delivery,pitch.1,774225,-11.1409,-0.3318,28.8875,-77.2705,40.5435,-34.1473,-0.1439,-0.2742
1780080240904,2,12.00000018,Upper Delivery,Delivery,pitch.1,775512,13.9748,-8.3579,42.4089,136.3728,96.0513,-30.4545,-0.2321,0.327
1780080240904,2,Pitching Mound.Delivery,,Delivery,pitch.1,773600,2.834,-8.6897,71.2964,54.505,136.5948,-56.0624,-0.1964,0.019
1780080240904,2,Pitching Mound.Drive,,Delivery,pitch.1,774711,0.2252,0.0931,0.8455,0.1183,-0.097,0.0054,0.0,0.0
1780080240904,2,Pitching Mound.Parent,,Delivery,pitch.1,772856,3.0438,-8.5982,72.1216,54.6214,136.4994,-56.0568,-0.1941,0.0187
1780080240905,2,11.0000004b,Drive,Delivery,pitch.1,774712,0.2207,0.1004,0.9253,0.1946,-0.2212,0.0032,0.0,0.0
1780080240905,2,12.00000015,Lower Delivery,Delivery,pitch.1,774226,-11.0727,-0.4344,28.9647,-77.6191,40.8311,-34.0632,-0.1445,-0.2747
1780080240905,2,12.00000015,Lower Delivery,Delivery,pitch.1,774227,-10.9984,-0.4824,29.064,-77.1118,40.3467,-33.9927,-0.1423,-0.2719
1780080240905,2,12.00000018,Upper Delivery,Delivery,pitch.1,775513,13.869,-8.3082,42.1362,135.6826,95.4176,-30.2863,-0.2321,0.327
1780080240905,2,Pitching Mound.Delivery,,Delivery,pitch.1,773601,2.7964,-8.7426,71.1009,53.5852,136.2487,-55.8693,-0.1964,0.0189
1780080240905,2,Pitching Mound.Drive,,Delivery,pitch.1,774712,0.2207,0.1004,0.9253,0.1946,-0.2212,0.0032,0.0,0.0
1780080240905,2,Pitching Mound.Parent,,Delivery,pitch.1,772857,3.0216,-8.6495,71.9464,53.7035,136.1518,-55.8639,-0.1941,0.0187
1780080240906,2,11.0000004b,Drive,Delivery,pitch.1,774713,0.2227,0.0952,0.844,0.1316,-0.1073,0.0032,0.0,0.0
1780080240906,2,12.00000015,Lower Delivery,Delivery,pitch.1,774228,-10.9643,-0.5767,29.0657,-77.3716,40.4335,-33.9122,-0.1426,-0.2728
1780080240906,2,12.00000018,Upper Delivery,Delivery,pitch.1,775514,13.7795,-8.2462,41.8672,135.3347,95.2805,-30.1044,-0.2333,0.327
1780080240906,2,Pitching Mound.Delivery,,Delivery,pitch.1,773602,2.7811,-8.7286,70.9312,53.8698,135.6273,-55.6726,-0.196,0.0202
1780080240906,2,Pitching Mound.Drive,,Delivery,pitch.1,774713,0.2227,0.0952,0.844,0.1316,-0.1073,0.0032,0.0,0.0
1780080240906,2,Pitching Mound.Parent,,Delivery,pitch.1,772858,3.0018,-8.6282,71.8565,54.0644,135.4061,-55.6695,-0.1935,0.02
1780080240907,2,11.0000004b,Drive,Delivery,pitch.1,774714,0.2637,0.106,0.6501,0.0366,-0.0229,0.0054,0.0,0.0
1780080240907,2,12.00000015,Lower Delivery,Delivery,pitch.1,774229,-10.872,-0.6564,29.1918,-77.4244,40.4815,-33.8772,-0.1421,-0.2718
1780080240907,2,12.00000018,Upper Delivery,Delivery,pitch.1,775515,13.6587,-8.1869,41.5456,135.2365,95.2689,-29.9225,-0.235,0.327
1780080240907,2,Pitching Mound.Delivery,,Delivery,pitch.1,773603,2.6944,-8.7636,70.6113,53.6218,135.7024,-55.4629,-0.197,0.02
1780080240907,2,Pitching Mound.Drive,,Delivery,pitch.1,774714,0.2637,0.106,0.6501,0.0366,-0.0229,0.0054,0.0,0.0
1780080240907,2,Pitching Mound.Parent,,Delivery,pitch.1,772859,2.9171,-8.6684,71.4553,53.7534,135.5951,-55.4597,-0.1947,0.0198
1780080240908,2,11.0000004b,Drive,Delivery,pitch.1,774715,0.2804,0.0869,0.607,0.0343,-0.0224,0.0069,0.0,0.0
1780080240908,2,12.00000015,Lower Delivery,Delivery,pitch.1,774230,-10.8297,-0.729,29.3962,-77.5073,40.6339,-33.8634,-0.1417,-0.2702
1780080240908,2,12.00000018,Upper Delivery,Delivery,pitch.1,775516,13.5561,-8.0987,41.2203,134.3713,94.5285,-29.7905,-0.235,0.327
1780080240908,2,Pitching Mound.Delivery,,Delivery,pitch.1,773604,2.6841,-8.7552,70.4121,52.8572,135.01,-55.3621,-0.1965,0.0207
1780080240908,2,Pitching Mound.Drive,,Delivery,pitch.1,774715,0.2804,0.0869,0.607,0.0343,-0.0224,0.0069,0.0,0.0
1780080240908,2,Pitching Mound.Parent,,Delivery,pitch.1,772860,2.9478,-8.6492,71.0623,52.8938,134.9871,-55.3567,-0.1947,0.0205
1780080240909,2,11.0000004b,Drive,Delivery,pitch.1,774716,0.2749,0.0957,0.5889,0.0271,-0.0272,0.009,0.0,0.0
1780080240909,2,12.00000015,Lower Delivery,Delivery,pitch.1,774231,-10.7709,-0.7859,29.6032,-77.2206,40.3834,-33.8196,-0.1398,-0.2674
1780080240909,2,12.00000018,Upper Delivery,Delivery,pitch.1,775517,13.469,-8.0451,40.9134,133.7134,93.9304,-29.7072,-0.2353,0.327
1780080240909,2,Pitching Mound.Delivery,,Delivery,pitch.1,773605,2.6393,-8.7742,70.3096,52.2903,134.5643,-55.3091,-0.1962,0.0216
1780080240909,2,Pitching Mound.Drive,,Delivery,pitch.1,774716,0.2749,0.0957,0.5889,0.0271,-0.0272,0.009,0.0,0.0
1780080240909,2,Pitching Mound.Parent,,Delivery,pitch.1,772861,2.9196,-8.6873,70.9166,52.3245,134.5419,-55.3022,-0.1945,0.0214
1780080240910,2,11.0000004b,Drive,Delivery,pitch.1,774717,0.2839,0.0978,0.5887,0.0334,-0.0233,0.0098,0.0,0.0
1780080240910,2,12.00000015,Lower Delivery,Delivery,pitch.1,774232,-10.7289,-0.823,29.738,-77.4413,40.4584,-33.7416,-0.1394,-0.2669
1780080240910,2,12.00000018,Upper Delivery,Delivery,pitch.1,775518,13.3776,-7.9954,40.6582,133.5705,93.8354,-29.6138,-0.2365,0.327
1780080240910,2,Pitching Mound.Delivery,,Delivery,pitch.1,773606,2.6067,-8.7813,70.2613,52.5912,134.2188,-55.2229,-0.1958,0.0231
1780080240910,2,Pitching Mound.Drive,,Delivery,pitch.1,774717,0.2839,0.0978,0.5887,0.0334,-0.0233,0.0098,0.0,0.0
1780080240910,2,Pitching Mound.Parent,,Delivery,pitch.1,772862,2.8816,-8.6856,70.8502,52.6183,134.1916,-55.2139,-0.1942,0.0229
1780080240911,2,11.0000004b,Drive,Delivery,pitch.1,774718,0.3075,0.089,0.6089,0.0466,-0.0186,0.009,0.0,0.0
1780080240911,2,12.00000015,Lower Delivery,Delivery,pitch.1,774233,-10.7158,-0.8446,29.8738,-77.5817,40.2584,-33.6904,-0.1381,-0.2662
1780080240911,2,12.00000018,Upper Delivery,Delivery,pitch.1,775519,13.34,-7.9773,40.5735,133.3457,93.4499,-29.581,-0.2361,0.327
1780080240911,2,Pitching Mound.Delivery,,Delivery,pitch.1,773607,2.6112,-8.8003,70.3115,52.2203,133.9083,-55.1393,-0.1952,0.0234
1780080240911,2,Pitching Mound.Drive,,Delivery,pitch.1,774718,0.3075,0.089,0.6089,0.0466,-0.0186,0.009,0.0,0.0
1780080240911,2,Pitching Mound.Parent,,Delivery,pitch.1,772863,2.8951,-8.7025,70.9002,52.2537,133.885,-55.1294,-0.1936,0.0232
1780080240912,2,11.0000004b,Drive,Delivery,pitch.1,774719,0.2716,0.0894,0.5419,0.044,-0.0184,0.0091,0.0,0.0
1780080240912,2,12.00000015,Lower Delivery,Delivery,pitch.1,774234,-10.7307,-0.8262,30.0507,-77.9011,40.3523,-33.6444,-0.1376,-0.2657
1780080240912,2,12.00000018,Upper Delivery,Delivery,pitch.1,775520,13.2547,-7.9112,40.2378,132.6735,92.6959,-29.5491,-0.2361,0.327
1780080240912,2,Pitching Mound.Delivery,,Delivery,pitch.1,773608,2.5389,-8.7558,70.1116,51.568,132.9543,-55.0896,-0.1944,0.024
1780080240912,2,Pitching Mound.Drive,,Delivery,pitch.1,774719,0.2716,0.0894,0.5419,0.044,-0.0184,0.0091,0.0,0.0
1780080240912,2,Pitching Mound.Parent,,Delivery,pitch.1,772864,2.8464,-8.6668,70.7205,51.6146,132.9357,-55.0805,-0.1927,0.0238
1780080240913,2,11.0000004b,Drive,Delivery,pitch.1,774720,0.2806,0.0859,0.5344,0.0615,-0.015,0.0091,0.0,0.0
1780080240913,2,12.00000015,Lower Delivery,Delivery,pitch.1,774235,-10.7522,-0.8189,30.2972,-77.9338,40.335,-33.6069,-0.1365,-0.2636
1780080240913,2,12.00000018,Upper Delivery,Delivery,pitch.1,775521,13.2236,-7.867,40.0672,132.435,92.5472,-29.4637,-0.2367,0.327
1780080240913,2,Pitching Mound.Delivery,,Delivery,pitch.1,773609,2.4929,-8.6933,70.1179,51.1283,132.8995,-54.9636,-0.1943,0.0244
1780080240913,2,Pitching Mound.Drive,,Delivery,pitch.1,774720,0.2806,0.0859,0.5344,0.0615,-0.015,0.0091,0.0,0.0
1780080240913,2,Pitching Mound.Parent,,Delivery,pitch.1,772865,2.7735,-8.6073,70.6523,51.1898,132.8845,-54.9545,-0.1928,0.0242
1780080240914,2,11.0000004b,Drive,Delivery,pitch.1,774721,0.2887,0.0498,0.4944,0.0526,-0.015,0.0097,0.0,0.0
1780080240914,2,12.00000015,Lower Delivery,Delivery,pitch.1,774236,-10.8089,-0.8016,30.4495,-78.3341,40.3839,-33.5483,-0.1359,-0.2637
1780080240914,2,12.00000018,Upper Delivery,Delivery,pitch.1,775522,13.1879,-7.851,39.9744,131.6297,91.6446,-29.4176,-0.235,0.327
1780080240914,2,Pitching Mound.Delivery,,Delivery,pitch.1,773610,2.4357,-8.6699,70.2717,50.4056,131.9796,-54.8849,-0.1925,0.0255
1780080240914,2,Pitching Mound.Drive,,Delivery,pitch.1,774721,0.2887,0.0498,0.4944,0.0526,-0.015,0.0097,0.0,0.0
1780080240914,2,Pitching Mound.Parent,,Delivery,pitch.1,772866,2.7244,-8.6201,70.766,50.4583,131.9646,-54.8752,-0.1912,0.0254
1780080240915,2,11.0000004b,Drive,Delivery,pitch.1,774722,0.2897,0.0578,0.53,0.0483,-0.0173,0.0092,0.0,0.0
1780080240915,2,12.00000015,Lower Delivery,Delivery,pitch.1,774237,-10.887,-0.7678,30.5395,-78.7305,40.438,-33.5144,-0.1357,-0.2642
1780080240915,2,12.00000018,Upper Delivery,Delivery,pitch.1,775523,13.187,-7.8504,39.9319,131.1013,91.0722,-29.4102,-0.2338,0.327
1780080240915,2,Pitching Mound.Delivery,,Delivery,pitch.1,773611,2.3781,-8.652,70.3814,49.5431,131.4561,-54.7999,-0.1914,0.0257
1780080240915,2,Pitching Mound.Drive,,Delivery,pitch.1,774722,0.2897,0.0578,0.53,0.0483,-0.0173,0.0092,0.0,0.0
1780080240915,2,Pitching Mound.Parent,,Delivery,pitch.1,772867,2.6678,-8.5942,70.9114,49.5915,131.4388,-54.7907,-0.19,0.0255
1780080240916,2,11.0000004b,Drive,Delivery,pitch.1,774723,0.2648,0.0362,0.475,0.0363,-0.0158,0.0106,0.0,0.0
1780080240916,2,12.00000015,Lower Delivery,Delivery,pitch.1,774238,-10.9783,-0.7866,30.5069,-79.0876,40.5558,-33.5298,-0.1363,-0.2657
1780080240916,2,12.00000018,Upper Delivery,Delivery,pitch.1,775524,13.2128,-7.8359,39.898,130.5773,90.5981,-29.3889,-0.2327,0.327
1780080240916,2,Pitching Mound.Delivery,,Delivery,pitch.1,773612,2.3259,-8.6037,70.4375,48.665,131.0361,-54.7094,-0.1907,0.0255
1780080240916,2,Pitching Mound.Drive,,Delivery,pitch.1,774723,0.2648,0.0362,0.475,0.0363,-0.0158,0.0106,0.0,0.0
1780080240916,2,Pitching Mound.Parent,,Delivery,pitch.1,772868,2.5906,-8.5675,70.9124,48.7013,131.0203,-54.6988,-0.1894,0.0253
1780080240917,2,11.0000004b,Drive,Delivery,pitch.1,774724,0.2513,0.0368,0.472,0.0366,-0.0171,0.0105,0.0,0.0
1780080240917,2,12.00000015,Lower Delivery,Delivery,pitch.1,774239,-11.0356,-0.7599,30.5576,-79.2747,40.8116,-33.4876,-0.1369,-0.2659
1780080240917,2,12.00000018,Upper Delivery,Delivery,pitch.1,775525,13.2454,-7.8345,39.8528,130.1683,90.1284,-29.3488,-0.2318,0.327
1780080240917,2,Pitching Mound.Delivery,,Delivery,pitch.1,773613,2.2671,-8.6211,70.3597,47.903,130.6842,-54.6426,-0.1904,0.0249
1780080240917,2,Pitching Mound.Drive,,Delivery,pitch.1,774724,0.2513,0.0368,0.472,0.0366,-0.0171,0.0105,0.0,0.0
1780080240917,2,Pitching Mound.Parent,,Delivery,pitch.1,772869,2.5184,-8.5843,70.8317,47.9396,130.667,-54.6321,-0.1891,0.0247
1780080240918,2,11.0000004b,Drive,Delivery,pitch.1,774725,0.2127,0.0504,0.5271,0.0398,-0.0724,0.009,0.0,0.0
1780080240918,2,12.00000015,Lower Delivery,Delivery,pitch.1,774240,-11.1106,-0.7328,30.5977,-79.34,40.6427,-33.4611,-0.1361,-0.2658
1780080240918,2,12.00000018,Upper Delivery,Delivery,pitch.1,775526,13.2888,-7.8138,39.85,129.6937,89.5957,-29.3365,-0.2304,0.327
1780080240918,2,Pitching Mound.Delivery,,Delivery,pitch.1,773614,2.2532,-8.5737,70.4076,47.2595,130.4073,-54.5537,-0.1898,0.0248
1780080240918,2,Pitching Mound.Drive,,Delivery,pitch.1,774725,0.2127,0.0504,0.5271,0.0398,-0.0724,0.009,0.0,0.0
1780080240918,2,Pitching Mound.Parent,,Delivery,pitch.1,772870,2.4659,-8.5233,70.9348,47.2994,130.3349,-54.5448,-0.1884,0.0246
1780080240919,2,11.0000004b,Drive,Delivery,pitch.1,774726,0.1959,0.0527,0.514,0.0338,-0.0277,0.0085,0.0,0.0
1780080240919,2,12.00000015,Lower Delivery,Delivery,pitch.1,774241,-11.1334,-0.7436,30.5801,-79.5871,40.8612,-33.3823,-0.137,-0.2668
1780080240919,2,12.00000018,Upper Delivery,Delivery,pitch.1,775527,13.283,-7.8136,39.8349,129.0686,89.1246,-29.3477,-0.2293,0.327
1780080240919,2,Pitching Mound.Delivery,,Delivery,pitch.1,773615,2.1724,-8.5464,70.4326,46.588,129.7673,-54.515,-0.1888,0.0249
1780080240919,2,Pitching Mound.Drive,,Delivery,pitch.1,774726,0.1959,0.0527,0.514,0.0338,-0.0277,0.0085,0.0,0.0
1780080240919,2,Pitching Mound.Parent,,Delivery,pitch.1,772871,2.3683,-8.4937,70.9466,46.6218,129.7396,-54.5065,-0.1875,0.0247
1780080240920,2,11.0000004b,Drive,Delivery,pitch.1,774727,0.1654,0.0538,0.5292,0.0297,-0.0374,0.0079,0.0,0.0
1780080240920,2,12.00000015,Lower Delivery,Delivery,pitch.1,774242,-11.194,-0.7614,30.5655,-79.5046,40.8368,-33.3323,-0.1369,-0.2666
1780080240920,2,12.00000018,Upper Delivery,Delivery,pitch.1,775528,13.3189,-7.8051,39.7642,128.3501,88.5333,-29.409,-0.2282,0.327
1780080240920,2,12.00000018,Upper Delivery,Delivery,pitch.1,775529,13.3548,-7.8003,39.7765,127.9274,88.0165,-29.4506,-0.2268,0.327
1780080240920,2,Pitching Mound.Delivery,,Delivery,pitch.1,773616,2.1854,-8.5487,70.3443,45.6405,129.3945,-54.4775,-0.1885,0.0245
1780080240920,2,Pitching Mound.Delivery,,Delivery,pitch.1,773617,2.1608,-8.5617,70.342,45.2911,128.8533,-54.4363,-0.1878,0.0246
1780080240920,2,Pitching Mound.Drive,,Delivery,pitch.1,774727,0.1654,0.0538,0.5292,0.0297,-0.0374,0.0079,0.0,0.0
1780080240920,2,Pitching Mound.Parent,,Delivery,pitch.1,772872,2.3509,-8.4949,70.8734,45.6702,129.3571,-54.4697,-0.1871,0.0243
1780080240921,2,11.0000004b,Drive,Delivery,pitch.1,774728,0.1478,0.0785,0.7587,0.048,-0.1578,0.0053,0.0,0.0
1780080240921,2,12.00000015,Lower Delivery,Delivery,pitch.1,774243,-11.2295,-0.7843,30.5863,-79.3399,40.585,-33.2929,-0.136,-0.2659
1780080240921,2,12.00000018,Upper Delivery,Delivery,pitch.1,775530,13.3629,-7.815,39.7761,127.5706,87.5328,-29.5346,-0.2256,0.327
1780080240921,2,Pitching Mound.Delivery,,Delivery,pitch.1,773618,2.1333,-8.5993,70.3624,45.1062,128.1178,-54.4661,-0.1866,0.0249
1780080240921,2,Pitching Mound.Drive,,Delivery,pitch.1,774728,0.1478,0.0785,0.7587,0.048,-0.1578,0.0053,0.0,0.0
1780080240921,2,Pitching Mound.Parent,,Delivery,pitch.1,772873,2.3086,-8.4832,71.1007,45.3391,128.6954,-54.431,-0.1857,0.0243
1780080240922,2,11.0000004b,Drive,Delivery,pitch.1,774729,0.1531,0.0795,0.674,0.0393,-0.1218,0.0053,0.0,0.0
1780080240922,2,11.0000004b,Drive,Delivery,pitch.1,774730,0.1389,0.086,0.812,0.0482,-0.1686,0.0058,0.0,0.0
1780080240922,2,12.00000015,Lower Delivery,Delivery,pitch.1,774244,-11.2293,-0.8232,30.6038,-79.4752,40.7895,-33.1654,-0.1366,-0.2662
1780080240922,2,12.00000018,Upper Delivery,Delivery,pitch.1,775531,13.3755,-7.8166,39.7738,126.9854,86.9797,-29.5683,-0.2241,0.327
1780080240922,2,Pitching Mound.Delivery,,Delivery,pitch.1,773619,2.1462,-8.6398,70.3776,44.3923,127.7692,-54.3681,-0.1861,0.0248
1780080240922,2,Pitching Mound.Drive,,Delivery,pitch.1,774729,0.1531,0.0795,0.674,0.0393,-0.1218,0.0053,0.0,0.0
1780080240922,2,Pitching Mound.Drive,,Delivery,pitch.1,774730,0.1389,0.086,0.812,0.0482,-0.1686,0.0058,0.0,0.0
1780080240922,2,Pitching Mound.Parent,,Delivery,pitch.1,772874,2.2864,-8.5198,71.0364,45.1456,127.996,-54.4608,-0.1849,0.0247
1780080240922,2,Pitching Mound.Parent,,Delivery,pitch.1,772875,2.2851,-8.5538,71.1896,44.4406,127.6007,-54.3623,-0.184,0.0245
1780080240923,2,12.00000015,Lower Delivery,Delivery,pitch.1,774245,-11.2399,-0.9213,30.6729,-78.8516,40.2895,-33.1047,-0.1346,-0.2635
1780080240923,2,12.00000018,Upper Delivery,Delivery,pitch.1,775532,13.3798,-7.7985,39.6796,126.5059,86.5135,-29.6414,-0.2235,0.3268
1780080240923,2,Pitching Mound.Delivery,,Delivery,pitch.1,773620,2.1399,-8.7199,70.3525,44.592,126.803,-54.3754,-0.1847,0.0259
1780080240924,2,11.0000004b,Drive,Delivery,pitch.1,774732,0.1448,0.0906,0.891,0.0516,-0.2254,0.0057,0.0,0.0
1780080240924,2,11.0000004b,Drive,Delivery,pitch.1,774731,0.1453,0.0804,0.7456,0.05,-0.2412,0.0053,0.0,0.0
1780080240924,2,12.00000015,Lower Delivery,Delivery,pitch.1,774246,-11.2026,-0.9606,30.7067,-78.8638,40.3845,-33.0031,-0.1348,-0.2632
1780080240924,2,12.00000018,Upper Delivery,Delivery,pitch.1,775533,13.4015,-7.7986,39.6467,126.2612,86.2056,-29.7131,-0.2229,0.3264
1780080240924,2,Pitching Mound.Delivery,,Delivery,pitch.1,773621,2.199,-8.7592,70.3535,44.3578,126.5901,-54.3507,-0.1844,0.0258
1780080240924,2,Pitching Mound.Drive,,Delivery,pitch.1,774732,0.1448,0.0906,0.891,0.0516,-0.2254,0.0057,0.0,0.0
1780080240924,2,Pitching Mound.Drive,,Delivery,pitch.1,774731,0.1453,0.0804,0.7456,0.05,-0.2412,0.0053,0.0,0.0
1780080240924,2,Pitching Mound.Parent,,Delivery,pitch.1,772876,2.2851,-8.6395,71.0981,44.642,126.5618,-54.3701,-0.1828,0.0256
1780080240924,2,Pitching Mound.Parent,,Delivery,pitch.1,772877,2.3438,-8.6686,71.2445,44.4095,126.3647,-54.345,-0.1821,0.0255
1780080240925,2,12.00000015,Lower Delivery,Delivery,pitch.1,774247,-11.1643,-1.0379,30.797,-78.6711,40.4879,-32.8561,-0.1347,-0.2618
1780080240925,2,12.00000018,Upper Delivery,Delivery,pitch.1,775534,13.3589,-7.7587,39.4076,125.7563,85.7742,-29.806,-0.2231,0.327
1780080240925,2,Pitching Mound.Delivery,,Delivery,pitch.1,773622,2.1946,-8.7967,70.2046,44.1576,126.2621,-54.3242,-0.1843,0.027
1780080240926,2,11.0000004b,Drive,Delivery,pitch.1,774734,0.1945,0.1241,0.7981,0.0174,-0.0223,0.0056,0.0,0.0
1780080240926,2,11.0000004b,Drive,Delivery,pitch.1,774733,0.1643,0.0831,0.7437,0.0235,-0.1121,0.0083,0.0,0.0
1780080240926,2,12.00000015,Lower Delivery,Delivery,pitch.1,774248,-11.137,-1.1062,30.9,-78.8278,40.6877,-32.7578,-0.135,-0.2615
1780080240926,2,12.00000018,Upper Delivery,Delivery,pitch.1,775535,13.2979,-7.7143,39.1699,125.2818,85.2739,-29.8575,-0.2231,0.327
1780080240926,2,Pitching Mound.Delivery,,Delivery,pitch.1,773623,2.1609,-8.8205,70.0699,43.6423,125.9615,-54.3074,-0.1843,0.0274
1780080240926,2,Pitching Mound.Drive,,Delivery,pitch.1,774734,0.1945,0.1241,0.7981,0.0174,-0.0223,0.0056,0.0,0.0
1780080240926,2,Pitching Mound.Drive,,Delivery,pitch.1,774733,0.1643,0.0831,0.7437,0.0235,-0.1121,0.0083,0.0,0.0
1780080240926,2,Pitching Mound.Parent,,Delivery,pitch.1,772878,2.3589,-8.7136,70.9483,44.181,126.1501,-54.3159,-0.1824,0.0267
1780080240926,2,Pitching Mound.Parent,,Delivery,pitch.1,772879,2.3554,-8.6964,70.8681,43.6597,125.9392,-54.3018,-0.1822,0.0271
1780080240927,2,11.0000004b,Drive,Delivery,pitch.1,774735,0.2105,0.1243,0.7501,0.0134,-0.0227,0.0058,0.0,0.0
1780080240927,2,12.00000015,Lower Delivery,Delivery,pitch.1,774249,-11.0802,-1.161,31.0935,-78.8623,40.4551,-32.6513,-0.1334,-0.26
1780080240927,2,Pitching Mound.Drive,,Delivery,pitch.1,774735,0.2105,0.1243,0.7501,0.0134,-0.0227,0.0058,0.0,0.0
1780080240928,2,11.0000004b,Drive,Delivery,pitch.1,774736,0.2258,0.1067,0.7025,0.0251,-0.1213,0.0073,0.0,0.0
1780080240928,2,12.00000015,Lower Delivery,Delivery,pitch.1,774250,-11.0553,-1.2136,31.3277,-79.1524,40.6582,-32.6133,-0.133,-0.259
1780080240928,2,12.00000018,Upper Delivery,Delivery,pitch.1,775536,13.2441,-7.662,39.0007,124.785,84.8246,-29.9368,-0.2229,0.327
1780080240928,2,Pitching Mound.Delivery,,Delivery,pitch.1,773624,2.1638,-8.823,70.0942,43.2342,125.2797,-54.3178,-0.1832,0.0283
1780080240928,2,Pitching Mound.Drive,,Delivery,pitch.1,774736,0.2258,0.1067,0.7025,0.0251,-0.1213,0.0073,0.0,0.0
1780080240928,2,Pitching Mound.Parent,,Delivery,pitch.1,772880,2.3744,-8.6987,70.8443,43.2475,125.2571,-54.3121,-0.1813,0.028
1780080240929,2,11.0000004b,Drive,Delivery,pitch.1,774737,0.2601,0.099,0.6867,0.0417,-0.1552,0.0084,0.0,0.0
1780080240929,2,12.00000015,Lower Delivery,Delivery,pitch.1,774251,-10.999,-1.2736,31.5082,-79.4858,41.0066,-32.5394,-0.1334,-0.2586
1780080240929,2,12.00000018,Upper Delivery,Delivery,pitch.1,775537,13.1678,-7.6223,38.6938,124.4472,84.3456,-30.0008,-0.2234,0.327
1780080240929,2,Pitching Mound.Delivery,,Delivery,pitch.1,773625,2.1125,-8.8359,70.0215,42.7903,125.0038,-54.3783,-0.183,0.0291
1780080240929,2,Pitching Mound.Drive,,Delivery,pitch.1,774737,0.2601,0.099,0.6867,0.0417,-0.1552,0.0084,0.0,0.0
1780080240929,2,Pitching Mound.Parent,,Delivery,pitch.1,772881,2.3384,-8.7292,70.724,42.8154,124.8824,-54.371,-0.1812,0.0288
1780080240930,2,11.0000004b,Drive,Delivery,pitch.1,774738,0.2795,0.1058,0.6507,0.0271,-0.0205,0.0078,0.0,0.0
1780080240930,2,12.00000015,Lower Delivery,Delivery,pitch.1,774252,-10.9291,-1.3154,31.7476,-79.8112,41.3284,-32.4322,-0.1334,-0.2577
1780080240930,2,12.00000018,Upper Delivery,Delivery,pitch.1,775538,13.1438,-7.5927,38.4711,124.1495,84.0555,-30.0252,-0.2239,0.327
1780080240930,2,12.00000018,Upper Delivery,Delivery,pitch.1,775539,13.0665,-7.5272,38.1259,123.7182,83.7988,-30.0396,-0.2253,0.327
1780080240930,2,Pitching Mound.Delivery,,Delivery,pitch.1,773626,2.1448,-8.8663,69.9793,42.2963,125.0621,-54.3561,-0.1832,0.0295
1780080240930,2,Pitching Mound.Delivery,,Delivery,pitch.1,773627,2.1373,-8.8426,69.8734,41.7383,125.1272,-54.3133,-0.1835,0.0303
1780080240930,2,Pitching Mound.Drive,,Delivery,pitch.1,774738,0.2795,0.1058,0.6507,0.0271,-0.0205,0.0078,0.0,0.0
1780080240930,2,Pitching Mound.Parent,,Delivery,pitch.1,772882,2.4049,-8.7673,70.666,42.3381,124.9069,-54.3476,-0.1814,0.0292
1780080240930,2,Pitching Mound.Parent,,Delivery,pitch.1,772883,2.4169,-8.7368,70.5241,41.7654,125.1067,-54.3055,-0.1819,0.03
1780080240931,2,11.0000004b,Drive,Delivery,pitch.1,774739,0.2662,0.1046,0.6263,0.0296,-0.0322,0.0086,0.0,0.0
1780080240931,2,12.00000015,Lower Delivery,Delivery,pitch.1,774253,-10.8873,-1.3422,31.9253,-79.3505,40.889,-32.3448,-0.1313,-0.2548
1780080240931,2,Pitching Mound.Drive,,Delivery,pitch.1,774739,0.2662,0.1046,0.6263,0.0296,-0.0322,0.0086,0.0,0.0
1780080240932,2,11.0000004b,Drive,Delivery,pitch.1,774740,0.2663,0.0769,0.574,0.0417,-0.0433,0.0091,0.0,0.0
1780080240932,2,12.00000015,Lower Delivery,Delivery,pitch.1,774254,-10.818,-1.3736,32.0605,-79.4185,41.1821,-32.2669,-0.1317,-0.2539
1780080240932,2,12.00000018,Upper Delivery,Delivery,pitch.1,775540,12.9792,-7.4591,37.7927,123.3673,83.5842,-30.0341,-0.2267,0.327
1780080240932,2,Pitching Mound.Delivery,,Delivery,pitch.1,773628,2.0919,-8.8013,69.7181,42.0218,124.4732,-54.2643,-0.183,0.032
1780080240932,2,Pitching Mound.Drive,,Delivery,pitch.1,774740,0.2663,0.0769,0.574,0.0417,-0.0433,0.0091,0.0,0.0
1780080240932,2,Pitching Mound.Parent,,Delivery,pitch.1,772884,2.3581,-8.6966,70.3443,42.0515,124.441,-54.2557,-0.1814,0.0317
1780080240933,2,11.0000004b,Drive,Delivery,pitch.1,774741,0.2497,0.0782,0.4966,0.0358,-0.017,0.0078,0.0,0.0
1780080240933,2,12.00000015,Lower Delivery,Delivery,pitch.1,774255,-10.8023,-1.3809,32.1337,-79.459,41.0599,-32.222,-0.131,-0.2534
1780080240933,2,12.00000018,Upper Delivery,Delivery,pitch.1,775541,12.9154,-7.3934,37.4237,122.9419,83.3394,-30.0512,-0.2282,0.327
1780080240933,2,Pitching Mound.Delivery,,Delivery,pitch.1,773629,2.0974,-8.767,69.4843,41.6999,124.5215,-54.2488,-0.1837,0.0327
1780080240933,2,Pitching Mound.Drive,,Delivery,pitch.1,774741,0.2497,0.0782,0.4966,0.0358,-0.017,0.0078,0.0,0.0
1780080240933,2,Pitching Mound.Parent,,Delivery,pitch.1,772885,2.3637,-8.6901,70.0583,41.7416,124.4782,-54.2398,-0.1822,0.0325
1780080240934,2,11.0000004b,Drive,Delivery,pitch.1,774742,0.2512,0.0569,0.4688,0.0452,-0.0171,0.0091,0.0,0.0
1780080240934,2,12.00000015,Lower Delivery,Delivery,pitch.1,774256,-10.7858,-1.3782,32.1606,-79.5509,41.0933,-32.1918,-0.131,-0.2535
1780080240934,2,12.00000018,Upper Delivery,Delivery,pitch.1,775542,12.8295,-7.3361,37.1275,122.5458,82.9733,-30.0688,-0.2291,0.327
1780080240934,2,Pitching Mound.Delivery,,Delivery,pitch.1,773630,2.0272,-8.717,69.2613,41.389,124.0331,-54.2559,-0.1835,0.0332
1780080240934,2,Pitching Mound.Drive,,Delivery,pitch.1,774742,0.2512,0.0569,0.4688,0.0452,-0.0171,0.0091,0.0,0.0
1780080240934,2,Pitching Mound.Parent,,Delivery,pitch.1,772886,2.2769,-8.6388,69.7579,41.4248,124.0162,-54.2481,-0.1822,0.033
1780080240935,2,11.0000004b,Drive,Delivery,pitch.1,774743,0.2318,0.0484,0.4211,0.0479,-0.0121,0.0081,0.0,0.0
1780080240935,2,12.00000015,Lower Delivery,Delivery,pitch.1,774257,-10.7882,-1.3903,32.1871,-79.3977,40.6407,-32.1678,-0.1294,-0.2528
1780080240935,2,12.00000018,Upper Delivery,Delivery,pitch.1,775543,12.7093,-7.2878,36.9277,122.3595,82.6677,-30.1064,-0.2294,0.327
1780080240935,2,12.00000018,Upper Delivery,Delivery,pitch.1,775544,12.6226,-7.2644,36.7154,122.1612,82.425,-30.0882,-0.2301,0.327
1780080240935,2,Pitching Mound.Delivery,,Delivery,pitch.1,773631,1.9235,-8.666,69.0883,41.1878,123.761,-54.3099,-0.1836,0.0333
1780080240935,2,Pitching Mound.Delivery,,Delivery,pitch.1,773632,1.8345,-8.6547,68.9025,41.2239,123.0658,-54.2963,-0.1831,0.0338
1780080240935,2,Pitching Mound.Drive,,Delivery,pitch.1,774743,0.2318,0.0484,0.4211,0.0479,-0.0121,0.0081,0.0,0.0
1780080240935,2,Pitching Mound.Parent,,Delivery,pitch.1,772887,2.1746,-8.6092,69.5571,41.2329,123.7439,-54.3008,-0.1824,0.0331
1780080240935,2,Pitching Mound.Parent,,Delivery,pitch.1,772888,2.0663,-8.6063,69.3236,41.2717,123.0536,-54.2882,-0.182,0.0336
1780080240936,2,11.0000004b,Drive,Delivery,pitch.1,774744,0.204,0.0545,0.3872,0.0635,-0.0109,0.008,0.0,0.0
1780080240936,2,12.00000015,Lower Delivery,Delivery,pitch.1,774258,-10.7935,-1.3838,32.0086,-79.2486,40.4298,-32.1882,-0.1295,-0.2538
1780080240936,2,12.00000018,Upper Delivery,Delivery,pitch.1,775545,12.6134,-7.232,36.5728,121.8279,82.1194,-30.0858,-0.2301,0.327
1780080240936,2,Pitching Mound.Delivery,,Delivery,pitch.1,773633,1.8199,-8.6158,68.5814,41.0274,122.5492,-54.3157,-0.1832,0.0333
1780080240936,2,Pitching Mound.Drive,,Delivery,pitch.1,774744,0.204,0.0545,0.3872,0.0635,-0.0109,0.008,0.0,0.0
1780080240936,2,Pitching Mound.Parent,,Delivery,pitch.1,772889,2.0239,-8.5612,68.9685,41.091,122.5383,-54.3077,-0.1821,0.0331
1780080240937,2,11.0000004b,Drive,Delivery,pitch.1,774745,0.2143,0.0336,0.3573,0.0661,-0.008,0.0097,0.0,0.0
1780080240937,2,12.00000015,Lower Delivery,Delivery,pitch.1,774259,-10.824,-1.3619,32.0627,-79.508,40.3526,-32.1619,-0.129,-0.2542
1780080240937,2,12.00000018,Upper Delivery,Delivery,pitch.1,775546,12.5457,-7.2262,36.4905,121.807,82.0398,-30.095,-0.2304,0.327
1780080240937,2,Pitching Mound.Delivery,,Delivery,pitch.1,773634,1.7217,-8.5881,68.5532,40.7936,122.3924,-54.3113,-0.183,0.0332
1780080240937,2,Pitching Mound.Drive,,Delivery,pitch.1,774745,0.2143,0.0336,0.3573,0.0661,-0.008,0.0097,0.0,0.0
1780080240937,2,Pitching Mound.Parent,,Delivery,pitch.1,772890,1.936,-8.5545,68.9105,40.8597,122.3843,-54.3015,-0.182,0.0331
1780080240938,2,11.0000004b,Drive,Delivery,pitch.1,774746,0.1748,0.0352,0.3214,0.0547,-0.0059,0.0104,0.0,0.0
1780080240938,2,12.00000015,Lower Delivery,Delivery,pitch.1,774260,-10.8747,-1.3454,31.9046,-79.2705,40.0642,-32.2021,-0.1287,-0.2547
1780080240938,2,12.00000018,Upper Delivery,Delivery,pitch.1,775547,12.5456,-7.2152,36.4074,121.5692,81.6438,-30.1584,-0.2298,0.327
1780080240938,2,Pitching Mound.Delivery,,Delivery,pitch.1,773635,1.6708,-8.5606,68.312,40.7677,121.708,-54.3976,-0.1826,0.0329
1780080240938,2,Pitching Mound.Drive,,Delivery,pitch.1,774746,0.1748,0.0352,0.3214,0.0547,-0.0059,0.0104,0.0,0.0
1780080240938,2,Pitching Mound.Parent,,Delivery,pitch.1,772891,1.8457,-8.5254,68.6334,40.8224,121.7021,-54.3872,-0.1818,0.0328
1780080240939,2,11.0000004b,Drive,Delivery,pitch.1,774747,0.1744,0.0304,0.3078,0.0468,-0.0059,0.0106,0.0,0.0
1780080240939,2,12.00000015,Lower Delivery,Delivery,pitch.1,774261,-10.9098,-1.3382,31.8535,-79.0583,39.774,-32.1849,-0.128,-0.2544
1780080240939,2,12.00000018,Upper Delivery,Delivery,pitch.1,775548,12.4818,-7.2015,36.3729,121.4458,81.5409,-30.1672,-0.2298,0.327
1780080240939,2,Pitching Mound.Delivery,,Delivery,pitch.1,773636,1.5721,-8.5398,68.2263,40.8509,121.3149,-54.3989,-0.1822,0.0331
1780080240939,2,Pitching Mound.Drive,,Delivery,pitch.1,774747,0.1744,0.0304,0.3078,0.0468,-0.0059,0.0106,0.0,0.0
1780080240939,2,Pitching Mound.Parent,,Delivery,pitch.1,772892,1.7465,-8.5094,68.5341,40.8978,121.309,-54.3883,-0.1814,0.0329
1780080240940,2,12.00000015,Lower Delivery,Delivery,pitch.1,774262,-10.9784,-1.3236,31.6395,-79.3282,40.0809,-32.1884,-0.1298,-0.257
1780080240940,2,12.00000018,Upper Delivery,Delivery,pitch.1,775549,12.4875,-7.2057,36.3575,121.1995,81.1421,-30.1979,-0.2287,0.327
1780080240940,2,Pitching Mound.Delivery,,Delivery,pitch.1,773637,1.5091,-8.5293,67.997,40.2672,121.223,-54.4078,-0.1827,0.0317
1780080240941,2,11.0000004b,Drive,Delivery,pitch.1,774749,0.1569,0.0273,0.3127,0.0493,-0.0067,0.0098,0.0,0.0
1780080240941,2,11.0000004b,Drive,Delivery,pitch.1,774748,0.1563,0.0296,0.3108,0.0579,-0.0072,0.0087,0.0,0.0
1780080240941,2,12.00000015,Lower Delivery,Delivery,pitch.1,774263,-11.0591,-1.2858,31.6015,-79.9232,40.461,-32.1789,-0.1312,-0.2592
1780080240941,2,12.00000018,Upper Delivery,Delivery,pitch.1,775550,12.5352,-7.2432,36.4881,121.0159,80.8923,-30.2446,-0.2272,0.327
1780080240941,2,Pitching Mound.Delivery,,Delivery,pitch.1,773638,1.476,-8.5289,68.0896,39.4313,121.3533,-54.4014,-0.1827,0.0305
1780080240941,2,Pitching Mound.Drive,,Delivery,pitch.1,774749,0.1569,0.0273,0.3127,0.0493,-0.0067,0.0098,0.0,0.0
1780080240941,2,Pitching Mound.Drive,,Delivery,pitch.1,774748,0.1563,0.0296,0.3108,0.0579,-0.0072,0.0087,0.0,0.0
1780080240941,2,Pitching Mound.Parent,,Delivery,pitch.1,772894,1.633,-8.5016,68.4023,39.4806,121.3466,-54.3916,-0.1818,0.0304
1780080240941,2,Pitching Mound.Parent,,Delivery,pitch.1,772893,1.6653,-8.4997,68.3079,40.3251,121.2157,-54.3992,-0.1819,0.0315
1780080240942,2,11.0000004b,Drive,Delivery,pitch.1,774750,0.1537,0.0237,0.3058,0.045,-0.0056,0.0099,0.0,0.0
1780080240942,2,12.00000015,Lower Delivery,Delivery,pitch.1,774264,-11.1464,-1.3031,31.4444,-80.2269,40.7321,-32.2148,-0.1328,-0.2615
1780080240942,2,12.00000018,Upper Delivery,Delivery,pitch.1,775551,12.5257,-7.2741,36.5008,120.9563,80.6471,-30.2663,-0.2265,0.327
1780080240942,2,Pitching Mound.Delivery,,Delivery,pitch.1,773639,1.3793,-8.5771,67.9452,39.0102,121.3792,-54.4326,-0.1831,0.0294
1780080240942,2,Pitching Mound.Drive,,Delivery,pitch.1,774750,0.1537,0.0237,0.3058,0.045,-0.0056,0.0099,0.0,0.0
1780080240942,2,Pitching Mound.Parent,,Delivery,pitch.1,772895,1.533,-8.5534,68.2511,39.0552,121.3736,-54.4227,-0.1823,0.0292
1780080240943,2,11.0000004b,Drive,Delivery,pitch.1,774751,0.1641,0.0326,0.3741,0.0421,-0.0108,0.0084,0.0,0.0
1780080240943,2,12.00000015,Lower Delivery,Delivery,pitch.1,774265,-11.2319,-1.3048,31.4259,-80.4915,40.9467,-32.2106,-0.1335,-0.2625
1780080240943,2,12.00000018,Upper Delivery,Delivery,pitch.1,775552,12.5378,-7.2925,36.4433,120.6243,80.4946,-30.3066,-0.2264,0.327
1780080240943,2,Pitching Mound.Delivery,,Delivery,pitch.1,773640,1.3058,-8.5973,67.8692,38.4268,121.4414,-54.4355,-0.1834,0.0289
1780080240943,2,Pitching Mound.Drive,,Delivery,pitch.1,774751,0.1641,0.0326,0.3741,0.0421,-0.0108,0.0084,0.0,0.0
1780080240943,2,Pitching Mound.Parent,,Delivery,pitch.1,772896,1.4699,-8.5647,68.2434,38.4689,121.4306,-54.4271,-0.1824,0.0287
1780080240944,2,11.0000004b,Drive,Delivery,pitch.1,774752,0.1639,0.0446,0.4558,0.0324,-0.012,0.0084,0.0,0.0
1780080240944,2,12.00000015,Lower Delivery,Delivery,pitch.1,774266,-11.2917,-1.3438,31.463,-80.4673,40.9604,-32.1982,-0.1334,-0.2621
1780080240944,2,12.00000018,Upper Delivery,Delivery,pitch.1,775553,12.5552,-7.3233,36.4894,120.4276,80.3252,-30.3157,-0.2256,0.327
1780080240944,2,Pitching Mound.Delivery,,Delivery,pitch.1,773641,1.2635,-8.6672,67.9525,38.2513,121.2856,-54.4059,-0.1829,0.0291
1780080240944,2,Pitching Mound.Drive,,Delivery,pitch.1,774752,0.1639,0.0446,0.4558,0.0324,-0.012,0.0084,0.0,0.0
1780080240944,2,Pitching Mound.Parent,,Delivery,pitch.1,772897,1.4274,-8.6225,68.4083,38.2837,121.2736,-54.3976,-0.1817,0.0289
1780080240945,2,11.0000004b,Drive,Delivery,pitch.1,774753,0.1725,0.041,0.5092,0.0342,-0.011,0.0078,0.0,0.0
1780080240945,2,12.00000015,Lower Delivery,Delivery,pitch.1,774267,-11.3445,-1.3582,31.468,-80.695,41.0125,-32.2412,-0.1336,-0.2628
1780080240945,2,12.00000018,Upper Delivery,Delivery,pitch.1,775554,12.6036,-7.3339,36.4233,119.9726,79.9279,-30.3523,-0.2249,0.327
1780080240945,2,Pitching Mound.Delivery,,Delivery,pitch.1,773642,1.2591,-8.6921,67.8913,37.5928,120.9404,-54.4511,-0.1826,0.0288
1780080240945,2,Pitching Mound.Drive,,Delivery,pitch.1,774753,0.1725,0.041,0.5092,0.0342,-0.011,0.0078,0.0,0.0
1780080240945,2,Pitching Mound.Parent,,Delivery,pitch.1,772898,1.4316,-8.6512,68.4005,37.6271,120.9294,-54.4434,-0.1812,0.0286
1780080240946,2,11.0000004b,Drive,Delivery,pitch.1,774754,0.1589,0.0361,0.4588,0.0362,-0.0103,0.0071,0.0,0.0
1780080240946,2,12.00000015,Lower Delivery,Delivery,pitch.1,774268,-11.3946,-1.4024,31.3919,-80.7229,41.2261,-32.2286,-0.1346,-0.2636
1780080240946,2,12.00000018,Upper Delivery,Delivery,pitch.1,775555,12.6234,-7.3628,36.4076,119.62,79.765,-30.3536,-0.2246,0.327
1780080240946,2,Pitching Mound.Delivery,,Delivery,pitch.1,773643,1.2287,-8.7652,67.7995,37.1918,120.991,-54.4161,-0.1829,0.0284
1780080240946,2,Pitching Mound.Drive,,Delivery,pitch.1,774754,0.1589,0.0361,0.4588,0.0362,-0.0103,0.0071,0.0,0.0
1780080240946,2,Pitching Mound.Parent,,Delivery,pitch.1,772899,1.3876,-8.7292,68.2583,37.228,120.9807,-54.4089,-0.1817,0.0282
1780080240947,2,11.0000004b,Drive,Delivery,pitch.1,774755,0.1736,0.0377,0.4739,0.0465,-0.0117,0.0056,0.0,0.0
1780080240947,2,12.00000015,Lower Delivery,Delivery,pitch.1,774269,-11.4003,-1.4495,31.5092,-80.5407,40.8417,-32.2057,-0.1329,-0.262
1780080240947,2,12.00000018,Upper Delivery,Delivery,pitch.1,775556,12.6192,-7.387,36.3782,119.4154,79.5646,-30.3714,-0.2242,0.327
1780080240947,2,Pitching Mound.Delivery,,Delivery,pitch.1,773644,1.2188,-8.8365,67.8875,37.2193,120.4063,-54.4104,-0.1818,0.0293
1780080240947,2,Pitching Mound.Drive,,Delivery,pitch.1,774755,0.1736,0.0377,0.4739,0.0465,-0.0117,0.0056,0.0,0.0
1780080240947,2,Pitching Mound.Parent,,Delivery,pitch.1,772900,1.3925,-8.7988,68.3614,37.2658,120.3946,-54.4048,-0.1805,0.0291
1780080240948,2,11.0000004b,Drive,Delivery,pitch.1,774756,0.1495,0.0533,0.6155,0.045,-0.015,0.0064,0.0,0.0
1780080240948,2,12.00000015,Lower Delivery,Delivery,pitch.1,774270,-11.4236,-1.5187,31.4101,-80.6489,41.0894,-32.225,-0.1341,-0.2632
1780080240948,2,12.00000018,Upper Delivery,Delivery,pitch.1,775557,12.6172,-7.4067,36.317,119.2832,79.5327,-30.3696,-0.2245,0.327
1780080240948,2,Pitching Mound.Delivery,,Delivery,pitch.1,773645,1.1936,-8.9255,67.7271,36.966,120.6221,-54.4208,-0.1825,0.0287
1780080240948,2,Pitching Mound.Drive,,Delivery,pitch.1,774756,0.1495,0.0533,0.6155,0.045,-0.015,0.0064,0.0,0.0
1780080240948,2,Pitching Mound.Parent,,Delivery,pitch.1,772901,1.3431,-8.8722,68.3426,37.011,120.6071,-54.4143,-0.1809,0.0284
1780080240949,2,11.0000004b,Drive,Delivery,pitch.1,774757,0.1739,0.0543,0.5812,0.0418,-0.0143,0.0078,0.0,0.0
1780080240949,2,12.00000015,Lower Delivery,Delivery,pitch.1,774271,-11.4335,-1.5961,31.4013,-80.5802,40.8412,-32.2644,-0.1333,-0.263
1780080240949,2,12.00000018,Upper Delivery,Delivery,pitch.1,775558,12.6262,-7.399,36.3031,118.9851,79.4216,-30.351,-0.2242,0.327
1780080240949,2,Pitching Mound.Delivery,,Delivery,pitch.1,773646,1.1927,-8.9951,67.7044,36.7383,120.2627,-54.4351,-0.1821,0.0287
1780080240949,2,Pitching Mound.Drive,,Delivery,pitch.1,774757,0.1739,0.0543,0.5812,0.0418,-0.0143,0.0078,0.0,0.0
1780080240949,2,Pitching Mound.Parent,,Delivery,pitch.1,772902,1.3666,-8.9408,68.2856,36.7801,120.2484,-54.4273,-0.1805,0.0285
1780080240950,2,11.0000004b,Drive,Delivery,pitch.1,774758,0.1948,0.0544,0.5912,0.0513,-0.0111,0.0086,0.0,0.0
1780080240950,2,12.00000015,Lower Delivery,Delivery,pitch.1,774272,-11.444,-1.6303,31.382,-80.7558,41.084,-32.2346,-0.1342,-0.2638
1780080240950,2,12.00000018,Upper Delivery,Delivery,pitch.1,775559,12.643,-7.4062,36.3009,118.9171,79.1929,-30.3095,-0.2236,0.327
1780080240950,2,Pitching Mound.Delivery,,Delivery,pitch.1,773647,1.199,-9.0366,67.6829,36.4889,120.2769,-54.3545,-0.1821,0.0284
1780080240950,2,Pitching Mound.Drive,,Delivery,pitch.1,774758,0.1948,0.0544,0.5912,0.0513,-0.0111,0.0086,0.0,0.0
1780080240950,2,Pitching Mound.Parent,,Delivery,pitch.1,772903,1.3938,-8.9821,68.274,36.5402,120.2658,-54.346,-0.1806,0.0281
1780080240951,2,11.0000004b,Drive,Delivery,pitch.1,774759,0.2262,0.0453,0.5261,0.0447,-0.0109,0.0097,0.0,0.0
1780080240951,2,12.00000015,Lower Delivery,Delivery,pitch.1,774273,-11.4549,-1.6827,31.3834,-80.4983,40.865,-32.2473,-0.1335,-0.2629
1780080240951,2,12.00000018,Upper Delivery,Delivery,pitch.1,775560,12.6785,-7.3667,36.2277,118.604,79.0025,-30.2373,-0.2235,0.327
1780080240951,2,Pitching Mound.Delivery,,Delivery,pitch.1,773648,1.2236,-9.0494,67.6111,36.4586,119.8674,-54.2793,-0.1817,0.0288
1780080240951,2,Pitching Mound.Drive,,Delivery,pitch.1,774759,0.2262,0.0453,0.5261,0.0447,-0.0109,0.0097,0.0,0.0
1780080240951,2,Pitching Mound.Parent,,Delivery,pitch.1,772904,1.4498,-9.0041,68.1372,36.5034,119.8566,-54.2695,-0.1803,0.0286
1780080240952,2,12.00000015,Lower Delivery,Delivery,pitch.1,774274,-11.4418,-1.7308,31.3922,-80.6401,41.2071,-32.3669,-0.1345,-0.2633
1780080240952,2,12.00000018,Upper Delivery,Delivery,pitch.1,775561,12.6614,-7.3459,36.1353,118.3611,78.9423,-30.2075,-0.2239,0.327
1780080240952,2,Pitching Mound.Delivery,,Delivery,pitch.1,773649,1.2196,-9.0767,67.5275,36.1084,120.1494,-54.3792,-0.1824,0.0287
1780080240953,2,11.0000004b,Drive,Delivery,pitch.1,774760,0.255,0.0559,0.529,0.0385,-0.0153,0.011,0.0,0.0
1780080240953,2,11.0000004b,Drive,Delivery,pitch.1,774761,0.2572,0.0748,0.6349,0.0458,-0.0169,0.0097,0.0,0.0
1780080240953,2,12.00000015,Lower Delivery,Delivery,pitch.1,774275,-11.4094,-1.7264,31.4693,-80.8383,41.6465,-32.3748,-0.1356,-0.2633
1780080240953,2,12.00000018,Upper Delivery,Delivery,pitch.1,775562,12.6638,-7.3283,36.0551,118.1194,78.7756,-30.1454,-0.2239,0.327
1780080240953,2,Pitching Mound.Delivery,,Delivery,pitch.1,773650,1.2544,-9.0547,67.5244,35.7219,120.4221,-54.3354,-0.1828,0.0288
1780080240953,2,Pitching Mound.Drive,,Delivery,pitch.1,774760,0.255,0.0559,0.529,0.0385,-0.0153,0.011,0.0,0.0
1780080240953,2,Pitching Mound.Drive,,Delivery,pitch.1,774761,0.2572,0.0748,0.6349,0.0458,-0.0169,0.0097,0.0,0.0
1780080240953,2,Pitching Mound.Parent,,Delivery,pitch.1,772906,1.5116,-8.9798,68.1592,35.7677,120.4052,-54.3257,-0.1811,0.0286
1780080240953,2,Pitching Mound.Parent,,Delivery,pitch.1,772905,1.4746,-9.0208,68.0565,36.1469,120.1342,-54.3682,-0.1809,0.0285
1780080240954,2,11.0000004b,Drive,Delivery,pitch.1,774762,0.2939,0.0797,0.5589,0.0516,-0.0168,0.0095,0.0,0.0
1780080240954,2,12.00000015,Lower Delivery,Delivery,pitch.1,774276,-11.3734,-1.7342,31.4556,-80.886,41.7935,-32.4,-0.1362,-0.2636
1780080240954,2,12.00000018,Upper Delivery,Delivery,pitch.1,775563,12.6134,-7.3285,35.9302,118.071,78.5909,-30.1281,-0.2242,0.327
1780080240954,2,Pitching Mound.Delivery,,Delivery,pitch.1,773651,1.24,-9.0628,67.3858,35.6637,120.3843,-54.3726,-0.1831,0.0288
1780080240954,2,Pitching Mound.Drive,,Delivery,pitch.1,774762,0.2939,0.0797,0.5589,0.0516,-0.0168,0.0095,0.0,0.0
1780080240954,2,Pitching Mound.Parent,,Delivery,pitch.1,772907,1.5339,-8.9831,67.9447,35.7153,120.3675,-54.3631,-0.1816,0.0285
1780080240955,2,11.0000004b,Drive,Delivery,pitch.1,774763,0.2898,0.0826,0.5943,0.0541,-0.0176,0.0079,0.0,0.0
1780080240955,2,12.00000015,Lower Delivery,Delivery,pitch.1,774277,-11.3631,-1.7094,31.5906,-81.0767,41.8665,-32.4783,-0.1358,-0.2631
1780080240955,2,12.00000018,Upper Delivery,Delivery,pitch.1,775564,12.6188,-7.3101,35.7973,117.8635,78.478,-30.0491,-0.2247,0.327
1780080240955,2,Pitching Mound.Delivery,,Delivery,pitch.1,773652,1.2557,-9.0195,67.3879,35.3565,120.3444,-54.3735,-0.183,0.0292
1780080240955,2,Pitching Mound.Drive,,Delivery,pitch.1,774763,0.2898,0.0826,0.5943,0.0541,-0.0176,0.0079,0.0,0.0
1780080240955,2,Pitching Mound.Parent,,Delivery,pitch.1,772908,1.5455,-8.9369,67.9822,35.4106,120.3268,-54.3656,-0.1814,0.0289
1780080240956,2,11.0000004b,Drive,Delivery,pitch.1,774764,0.2847,0.0948,0.6101,0.055,-0.0188,0.0076,0.0,0.0
1780080240956,2,12.00000015,Lower Delivery,Delivery,pitch.1,774278,-11.3572,-1.7192,31.5441,-81.0382,41.9395,-32.5275,-0.1363,-0.2633
1780080240956,2,12.00000018,Upper Delivery,Delivery,pitch.1,775565,12.5561,-7.2877,35.716,117.8967,78.3035,-30.0149,-0.2247,0.327
1780080240956,2,Pitching Mound.Delivery,,Delivery,pitch.1,773653,1.1989,-9.0069,67.2601,35.44,120.2429,-54.4119,-0.1832,0.0291
1780080240956,2,Pitching Mound.Drive,,Delivery,pitch.1,774764,0.2847,0.0948,0.6101,0.055,-0.0188,0.0076,0.0,0.0
1780080240956,2,Pitching Mound.Parent,,Delivery,pitch.1,772909,1.4836,-8.9122,67.8702,35.4951,120.2241,-54.4043,-0.1816,0.0288
1780080240957,2,11.0000004b,Drive,Delivery,pitch.1,774765,0.2806,0.0932,0.6818,0.0442,-0.0194,0.0085,0.0,0.0
1780080240957,2,12.00000015,Lower Delivery,Delivery,pitch.1,774279,-11.3625,-1.6913,31.6612,-81.051,42.0922,-32.586,-0.1363,-0.2624
1780080240957,2,12.00000018,Upper Delivery,Delivery,pitch.1,775566,12.5177,-7.2627,35.5703,117.8994,78.2519,-29.9364,-0.2255,0.327
1780080240957,2,Pitching Mound.Delivery,,Delivery,pitch.1,773654,1.1552,-8.954,67.2315,35.5194,120.3441,-54.4032,-0.1835,0.0297
1780080240957,2,Pitching Mound.Drive,,Delivery,pitch.1,774765,0.2806,0.0932,0.6818,0.0442,-0.0194,0.0085,0.0,0.0
1780080240957,2,Pitching Mound.Parent,,Delivery,pitch.1,772910,1.4357,-8.8608,67.9133,35.5636,120.3248,-54.3947,-0.1816,0.0294
1780080240958,2,11.0000004b,Drive,Delivery,pitch.1,774766,0.2795,0.0938,0.7189,0.0456,-0.0186,0.0087,0.0,0.0
1780080240958,2,12.00000015,Lower Delivery,Delivery,pitch.1,774280,-11.3707,-1.6658,31.7024,-81.199,42.0021,-32.6952,-0.1358,-0.2625
1780080240958,2,12.00000018,Upper Delivery,Delivery,pitch.1,775567,12.4821,-7.24,35.4805,117.6205,77.9915,-29.8417,-0.2253,0.327
1780080240958,2,Pitching Mound.Delivery,,Delivery,pitch.1,773655,1.1115,-8.9058,67.1829,35.137,119.9936,-54.427,-0.1831,0.0297
1780080240958,2,Pitching Mound.Drive,,Delivery,pitch.1,774766,0.2795,0.0938,0.7189,0.0456,-0.0186,0.0087,0.0,0.0
1780080240958,2,Pitching Mound.Parent,,Delivery,pitch.1,772911,1.391,-8.812,67.9019,35.1826,119.975,-54.4184,-0.1811,0.0294
1780080240959,2,11.0000004b,Drive,Delivery,pitch.1,774767,0.2781,0.0809,0.646,0.0334,-0.0193,0.0078,0.0,0.0
1780080240959,2,12.00000015,Lower Delivery,Delivery,pitch.1,774281,-11.3877,-1.6488,31.7972,-81.3051,41.9597,-32.834,-0.1353,-0.2621
1780080240959,2,12.00000018,Upper Delivery,Delivery,pitch.1,775568,12.4563,-7.2129,35.3985,117.5119,77.6881,-29.7596,-0.2249,0.327
1780080240959,2,Pitching Mound.Delivery,,Delivery,pitch.1,773656,1.0687,-8.8617,67.1957,34.9823,119.6478,-54.4867,-0.1825,0.03
1780080240959,2,Pitching Mound.Drive,,Delivery,pitch.1,774767,0.2781,0.0809,0.646,0.0334,-0.0193,0.0078,0.0,0.0
1780080240959,2,Pitching Mound.Parent,,Delivery,pitch.1,772912,1.3468,-8.7808,67.8418,35.0157,119.6285,-54.4788,-0.1808,0.0298
1780080240960,2,11.0000004b,Drive,Delivery,pitch.1,774768,0.2515,0.0888,0.6587,0.0469,-0.0199,0.0059,0.0,0.0
1780080240960,2,12.00000015,Lower Delivery,Delivery,pitch.1,774282,-11.4267,-1.6029,31.9491,-81.5195,42.0006,-32.8714,-0.1347,-0.2615
1780080240960,2,12.00000018,Upper Delivery,Delivery,pitch.1,775569,12.4226,-7.2175,35.3043,117.3807,77.4559,-29.7109,-0.2249,0.327
1780080240960,2,Pitching Mound.Delivery,,Delivery,pitch.1,773657,0.9959,-8.8204,67.2534,34.7204,119.4566,-54.4736,-0.1821,0.0305
1780080240960,2,Pitching Mound.Drive,,Delivery,pitch.1,774768,0.2515,0.0888,0.6587,0.0469,-0.0199,0.0059,0.0,0.0
1780080240960,2,Pitching Mound.Parent,,Delivery,pitch.1,772913,1.2474,-8.7316,67.9121,34.7673,119.4367,-54.4677,-0.1803,0.0302
1780080240961,2,11.0000004b,Drive,Delivery,pitch.1,774769,0.2217,0.0922,0.7129,0.0376,-0.0189,0.0071,0.0,0.0
1780080240961,2,12.00000015,Lower Delivery,Delivery,pitch.1,774283,-11.4532,-1.5817,31.9479,-81.3764,41.8059,-32.9284,-0.1341,-0.2611
1780080240961,2,12.00000018,Upper Delivery,Delivery,pitch.1,775570,12.391,-7.2097,35.1996,117.1964,77.2283,-29.6888,-0.2249,0.327
1780080240961,2,Pitching Mound.Delivery,,Delivery,pitch.1,773658,0.9378,-8.7914,67.1475,34.7144,119.0342,-54.5101,-0.1817,0.0308
1780080240961,2,Pitching Mound.Drive,,Delivery,pitch.1,774769,0.2217,0.0922,0.7129,0.0376,-0.0189,0.0071,0.0,0.0
1780080240961,2,Pitching Mound.Parent,,Delivery,pitch.1,772914,1.1596,-8.6992,67.8605,34.752,119.0153,-54.5031,-0.1798,0.0304
1780080240962,2,11.0000004b,Drive,Delivery,pitch.1,774770,0.1844,0.0994,0.7412,0.0403,-0.0206,0.0048,0.0,0.0
1780080240962,2,12.00000015,Lower Delivery,Delivery,pitch.1,774284,-11.5039,-1.5812,31.8939,-81.74,41.8188,-33.0161,-0.1344,-0.2627
1780080240962,2,12.00000018,Upper Delivery,Delivery,pitch.1,775571,12.384,-7.2305,35.1713,116.9777,76.9022,-29.6543,-0.2241,0.327
1780080240962,2,Pitching Mound.Delivery,,Delivery,pitch.1,773659,0.88,-8.8117,67.0652,34.1234,118.721,-54.5486,-0.1814,0.03
1780080240962,2,Pitching Mound.Drive,,Delivery,pitch.1,774770,0.1844,0.0994,0.7412,0.0403,-0.0206,0.0048,0.0,0.0
1780080240962,2,Pitching Mound.Parent,,Delivery,pitch.1,772915,1.0645,-8.7123,67.8064,34.1637,118.7004,-54.5437,-0.1795,0.0296
1780080240963,2,11.0000004b,Drive,Delivery,pitch.1,774771,0.1797,0.0778,0.721,0.0353,-0.0991,0.0067,0.0,0.0
1780080240963,2,12.00000015,Lower Delivery,Delivery,pitch.1,774285,-11.5486,-1.5719,31.7592,-81.5631,41.671,-33.0466,-0.1345,-0.2632
1780080240963,2,12.00000018,Upper Delivery,Delivery,pitch.1,775572,12.3543,-7.2538,35.2304,116.9641,76.7376,-29.608,-0.2233,0.327
1780080240963,2,Pitching Mound.Delivery,,Delivery,pitch.1,773660,0.8056,-8.8257,66.9896,34.2208,118.4086,-54.5276,-0.1812,0.0296
1780080240963,2,Pitching Mound.Drive,,Delivery,pitch.1,774771,0.1797,0.0778,0.721,0.0353,-0.0991,0.0067,0.0,0.0
1780080240963,2,Pitching Mound.Parent,,Delivery,pitch.1,772916,0.9854,-8.748,67.7107,34.2561,118.3095,-54.5209,-0.1792,0.0293
1780080240964,2,11.0000004b,Drive,Delivery,pitch.1,774772,0.1565,0.0748,0.7422,0.0381,-0.1028,0.0064,0.0,0.0
1780080240964,2,12.00000015,Lower Delivery,Delivery,pitch.1,774286,-11.5924,-1.5546,31.702,-81.7897,41.9716,-33.1007,-0.1357,-0.2644
1780080240964,2,12.00000018,Upper Delivery,Delivery,pitch.1,775573,12.3284,-7.2751,35.1997,116.7659,76.5609,-29.58,-0.2229,0.327
1780080240964,2,Pitching Mound.Delivery,,Delivery,pitch.1,773661,0.736,-8.8297,66.9017,33.787,118.5324,-54.5476,-0.1816,0.029
1780080240964,2,Pitching Mound.Drive,,Delivery,pitch.1,774772,0.1565,0.0748,0.7422,0.0381,-0.1028,0.0064,0.0,0.0
1780080240964,2,Pitching Mound.Parent,,Delivery,pitch.1,772917,0.8925,-8.7549,67.6439,33.8251,118.4296,-54.5412,-0.1796,0.0287
1780080240965,2,11.0000004b,Drive,Delivery,pitch.1,774773,0.134,0.0638,0.7259,0.0375,-0.1394,0.0071,0.0,0.0
1780080240965,2,12.00000015,Lower Delivery,Delivery,pitch.1,774287,-11.6533,-1.5538,31.664,-82.1434,42.3188,-33.1256,-0.137,-0.2659
1780080240965,2,12.00000018,Upper Delivery,Delivery,pitch.1,775574,12.3493,-7.2902,35.2545,116.5069,76.3129,-29.4968,-0.2219,0.327
1780080240965,2,Pitching Mound.Delivery,,Delivery,pitch.1,773662,0.6961,-8.844,66.9185,33.1427,118.6317,-54.4615,-0.1817,0.0282
1780080240965,2,Pitching Mound.Drive,,Delivery,pitch.1,774773,0.134,0.0638,0.7259,0.0375,-0.1394,0.0071,0.0,0.0
1780080240965,2,Pitching Mound.Parent,,Delivery,pitch.1,772918,0.8301,-8.7803,67.6444,33.1803,118.4923,-54.4544,-0.1798,0.0279
1780080240966,2,11.0000004b,Drive,Delivery,pitch.1,774774,0.1454,0.0552,0.6796,0.0265,-0.0396,0.0081,0.0,0.0
1780080240966,2,12.00000015,Lower Delivery,Delivery,pitch.1,774288,-11.703,-1.5692,31.6252,-82.6593,42.9853,-33.139,-0.1393,-0.2679
1780080240966,2,12.00000018,Upper Delivery,Delivery,pitch.1,775575,12.3302,-7.3352,35.2752,116.3337,76.0467,-29.4442,-0.221,0.327
1780080240966,2,Pitching Mound.Delivery,,Delivery,pitch.1,773663,0.6272,-8.9044,66.9005,32.4335,119.0321,-54.4119,-0.1824,0.0272
1780080240966,2,Pitching Mound.Drive,,Delivery,pitch.1,774774,0.1454,0.0552,0.6796,0.0265,-0.0396,0.0081,0.0,0.0
1780080240966,2,Pitching Mound.Parent,,Delivery,pitch.1,772919,0.7726,-8.8492,67.58,32.46,118.9925,-54.4038,-0.1805,0.027
1780080240967,2,11.0000004b,Drive,Delivery,pitch.1,774775,0.1559,0.0456,0.608,0.0188,-0.0188,0.0094,0.0,0.0
1780080240967,2,12.00000015,Lower Delivery,Delivery,pitch.1,774289,-11.758,-1.5671,31.6853,-82.9273,43.4241,-33.1233,-0.1405,-0.2683
1780080240967,2,12.00000018,Upper Delivery,Delivery,pitch.1,775576,12.3413,-7.3767,35.2997,116.128,75.7766,-29.4063,-0.22,0.327
1780080240967,2,Pitching Mound.Delivery,,Delivery,pitch.1,773664,0.5832,-8.9438,66.985,31.9718,119.2008,-54.3358,-0.1824,0.0271
1780080240967,2,Pitching Mound.Drive,,Delivery,pitch.1,774775,0.1559,0.0456,0.608,0.0188,-0.0188,0.0094,0.0,0.0
1780080240967,2,Pitching Mound.Parent,,Delivery,pitch.1,772920,0.7391,-8.8982,67.593,31.9906,119.182,-54.3264,-0.1808,0.0269
1780080240968,2,11.0000004b,Drive,Delivery,pitch.1,774776,0.1419,0.0594,0.6966,0.0306,-0.0233,0.0086,0.0,0.0
1780080240968,2,12.00000015,Lower Delivery,Delivery,pitch.1,774290,-11.7917,-1.6213,31.5364,-82.8415,43.2586,-33.1472,-0.1406,-0.2692
1780080240968,2,12.00000018,Upper Delivery,Delivery,pitch.1,775577,12.3446,-7.4275,35.361,115.9978,75.5732,-29.3675,-0.2191,0.327
1780080240968,2,Pitching Mound.Delivery,,Delivery,pitch.1,773665,0.5529,-9.0487,66.8974,31.856,118.8318,-54.3084,-0.1821,0.0265
1780080240968,2,Pitching Mound.Drive,,Delivery,pitch.1,774776,0.1419,0.0594,0.6966,0.0306,-0.0233,0.0086,0.0,0.0
1780080240968,2,Pitching Mound.Parent,,Delivery,pitch.1,772921,0.6949,-8.9893,67.594,31.8866,118.8086,-54.2998,-0.1802,0.0262
1780080240969,2,11.0000004b,Drive,Delivery,pitch.1,774777,0.1729,0.044,0.5861,0.0324,-0.0153,0.0093,0.0,0.0
1780080240969,2,12.00000015,Lower Delivery,Delivery,pitch.1,774291,-11.8237,-1.6754,31.6327,-82.7013,43.045,-33.1477,-0.1395,-0.268
1780080240969,2,12.00000018,Upper Delivery,Delivery,pitch.1,775578,12.3368,-7.4875,35.4203,115.9618,75.3346,-29.3414,-0.218,0.327
1780080240969,2,Pitching Mound.Delivery,,Delivery,pitch.1,773666,0.5131,-9.1629,67.0531,31.9727,118.3797,-54.2746,-0.181,0.0271
1780080240969,2,Pitching Mound.Drive,,Delivery,pitch.1,774777,0.1729,0.044,0.5861,0.0324,-0.0153,0.0093,0.0,0.0
1780080240969,2,Pitching Mound.Parent,,Delivery,pitch.1,772922,0.686,-9.1189,67.6391,32.0051,118.3643,-54.2653,-0.1794,0.0269
1780080240970,2,11.0000004b,Drive,Delivery,pitch.1,774778,0.181,0.0482,0.5743,0.0411,-0.0125,0.007,0.0,0.0
1780080240970,2,12.00000015,Lower Delivery,Delivery,pitch.1,774292,-11.8539,-1.7508,31.5688,-82.5796,42.9332,-33.161,-0.1394,-0.2681
1780080240970,2,12.00000018,Upper Delivery,Delivery,pitch.1,775579,12.3547,-7.5287,35.4421,115.8829,75.1305,-29.2839,-0.2173,0.327
1780080240970,2,Pitching Mound.Delivery,,Delivery,pitch.1,773667,0.5008,-9.2795,67.011,31.9864,118.0637,-54.214,-0.1806,0.027
1780080240970,2,Pitching Mound.Drive,,Delivery,pitch.1,774778,0.181,0.0482,0.5743,0.0411,-0.0125,0.007,0.0,0.0
1780080240970,2,Pitching Mound.Parent,,Delivery,pitch.1,772923,0.6819,-9.2313,67.5853,32.0275,118.0512,-54.207,-0.179,0.0268
1780080240971,2,11.0000004b,Drive,Delivery,pitch.1,774779,0.1654,0.0557,0.6133,0.0526,-0.0124,0.0056,0.0,0.0
1780080240971,2,12.00000015,Lower Delivery,Delivery,pitch.1,774293,-11.884,-1.8273,31.6039,-82.5909,42.9147,-33.1707,-0.1392,-0.2679
1780080240971,2,12.00000018,Upper Delivery,Delivery,pitch.1,775580,12.3124,-7.5788,35.4359,115.8046,75.037,-29.2436,-0.217,0.327
1780080240971,2,Pitching Mound.Delivery,,Delivery,pitch.1,773668,0.4284,-9.4061,67.0397,31.9109,117.9517,-54.1875,-0.1803,0.0272
1780080240971,2,Pitching Mound.Drive,,Delivery,pitch.1,774779,0.1654,0.0557,0.6133,0.0526,-0.0124,0.0056,0.0,0.0
1780080240971,2,Pitching Mound.Parent,,Delivery,pitch.1,772924,0.5938,-9.3504,67.6531,31.9635,117.9393,-54.1819,-0.1787,0.0269
1780080240972,2,11.0000004b,Drive,Delivery,pitch.1,774780,0.1936,0.0695,0.6845,0.0481,-0.0635,0.0046,0.0,0.0
1780080240972,2,12.00000015,Lower Delivery,Delivery,pitch.1,774294,-11.9145,-1.9163,31.6737,-82.8762,42.9425,-33.12,-0.139,-0.2682
1780080240972,2,12.00000018,Upper Delivery,Delivery,pitch.1,775581,12.3006,-7.6067,35.3935,115.6411,74.9693,-29.136,-0.2171,0.327
1780080240972,2,Pitching Mound.Delivery,,Delivery,pitch.1,773669,0.3861,-9.5229,67.0672,31.5002,117.9118,-54.0228,-0.1802,0.0271
1780080240972,2,Pitching Mound.Drive,,Delivery,pitch.1,774780,0.1936,0.0695,0.6845,0.0481,-0.0635,0.0046,0.0,0.0
1780080240972,2,Pitching Mound.Parent,,Delivery,pitch.1,772925,0.5797,-9.4534,67.7517,31.5483,117.8483,-54.0182,-0.1784,0.0268
1780080240973,2,11.0000004b,Drive,Delivery,pitch.1,774781,0.2149,0.0616,0.611,0.029,-0.0167,0.0068,0.0,0.0
1780080240973,2,12.00000015,Lower Delivery,Delivery,pitch.1,774295,-11.9415,-2.02,31.7929,-82.1897,42.1381,-33.1192,-0.1358,-0.265
1780080240973,2,12.00000018,Upper Delivery,Delivery,pitch.1,775582,12.3095,-7.6233,35.3871,115.4565,74.7206,-29.0614,-0.2164,0.327
1780080240973,2,Pitching Mound.Delivery,,Delivery,pitch.1,773670,0.3679,-9.6433,67.18,32.0448,116.8587,-53.9352,-0.1783,0.0287
1780080240973,2,Pitching Mound.Drive,,Delivery,pitch.1,774781,0.2149,0.0616,0.611,0.029,-0.0167,0.0068,0.0,0.0
1780080240973,2,Pitching Mound.Parent,,Delivery,pitch.1,772926,0.5828,-9.5818,67.7909,32.0738,116.8419,-53.9284,-0.1767,0.0284
1780080240974,2,11.0000004b,Drive,Delivery,pitch.1,774782,0.2453,0.0691,0.5943,0.0384,-0.0127,0.0048,0.0,0.0
1780080240974,2,12.00000015,Lower Delivery,Delivery,pitch.1,774296,-11.9536,-2.1242,31.9409,-82.1297,42.0026,-33.0955,-0.1348,-0.2635
1780080240974,2,12.00000018,Upper Delivery,Delivery,pitch.1,775583,12.3082,-7.6247,35.3002,115.2817,74.3854,-29.0064,-0.216,0.327
1780080240974,2,Pitching Mound.Delivery,,Delivery,pitch.1,773671,0.3546,-9.7489,67.2411,32.0098,116.3879,-53.8529,-0.1774,0.0295
1780080240974,2,Pitching Mound.Drive,,Delivery,pitch.1,774782,0.2453,0.0691,0.5943,0.0384,-0.0127,0.0048,0.0,0.0
1780080240974,2,Pitching Mound.Parent,,Delivery,pitch.1,772927,0.5999,-9.6798,67.8354,32.0482,116.3752,-53.8481,-0.1759,0.0292
1780080240975,2,11.0000004b,Drive,Delivery,pitch.1,774783,0.24,0.0742,0.6625,0.0419,-0.0748,0.0056,0.0,0.0
1780080240975,2,12.00000015,Lower Delivery,Delivery,pitch.1,774297,-11.9679,-2.2462,32.0376,-81.8397,41.7801,-33.0513,-0.1337,-0.2618
1780080240975,2,12.00000018,Upper Delivery,Delivery,pitch.1,775584,12.303,-7.6167,35.2076,115.0466,74.248,-28.9442,-0.2161,0.327
1780080240975,2,Pitching Mound.Delivery,,Delivery,pitch.1,773672,0.3351,-9.8629,67.2452,32.1291,116.0281,-53.7434,-0.1768,0.0305
1780080240975,2,Pitching Mound.Drive,,Delivery,pitch.1,774783,0.24,0.0742,0.6625,0.0419,-0.0748,0.0056,0.0,0.0
1780080240975,2,Pitching Mound.Parent,,Delivery,pitch.1,772928,0.5751,-9.7888,67.9077,32.1711,115.9534,-53.7378,-0.1751,0.0302
1780080240976,2,11.0000004b,Drive,Delivery,pitch.1,774784,0.2485,0.0711,0.6126,0.042,-0.0139,0.0052,0.0,0.0
1780080240976,2,12.00000015,Lower Delivery,Delivery,pitch.1,774298,-11.9725,-2.3312,32.1023,-81.4389,41.5029,-33.0358,-0.1325,-0.26
1780080240976,2,12.00000018,Upper Delivery,Delivery,pitch.1,775585,12.27,-7.6113,35.1194,114.9457,74.0703,-28.9084,-0.2162,0.327
1780080240976,2,Pitching Mound.Delivery,,Delivery,pitch.1,773673,0.2976,-9.9425,67.2217,32.481,115.5731,-53.7017,-0.1762,0.0314
1780080240976,2,Pitching Mound.Drive,,Delivery,pitch.1,774784,0.2485,0.0711,0.6126,0.042,-0.0139,0.0052,0.0,0.0
1780080240976,2,Pitching Mound.Parent,,Delivery,pitch.1,772929,0.546,-9.8714,67.8344,32.523,115.5592,-53.6965,-0.1746,0.0311
1780080240977,2,11.0000004b,Drive,Delivery,pitch.1,774785,0.2483,0.0781,0.6476,0.0307,-0.0463,0.0057,0.0,0.0
1780080240977,2,12.00000015,Lower Delivery,Delivery,pitch.1,774299,-11.9883,-2.4098,32.1748,-81.32,41.3879,-32.9995,-0.1318,-0.259
1780080240977,2,12.00000018,Upper Delivery,Delivery,pitch.1,775586,12.2829,-7.5841,35.0061,114.6309,73.8809,-28.8848,-0.2163,0.327
1780080240977,2,Pitching Mound.Delivery,,Delivery,pitch.1,773674,0.2946,-9.9939,67.1809,32.3483,115.2689,-53.6321,-0.1759,0.032
1780080240977,2,Pitching Mound.Drive,,Delivery,pitch.1,774785,0.2483,0.0781,0.6476,0.0307,-0.0463,0.0057,0.0,0.0
1780080240977,2,Pitching Mound.Parent,,Delivery,pitch.1,772930,0.543,-9.9158,67.8285,32.379,115.2225,-53.6264,-0.1742,0.0317
1780080240978,2,11.0000004b,Drive,Delivery,pitch.1,774786,0.2622,0.0818,0.635,0.0224,-0.0369,0.0072,0.0,0.0
1780080240978,2,12.00000015,Lower Delivery,Delivery,pitch.1,774300,-11.9935,-2.4828,32.2976,-81.3704,41.269,-32.9607,-0.131,-0.2582
1780080240978,2,12.00000018,Upper Delivery,Delivery,pitch.1,775587,12.2557,-7.5603,34.891,114.3522,73.5809,-28.8371,-0.2161,0.327
1780080240978,2,Pitching Mound.Delivery,,Delivery,pitch.1,773675,0.2622,-10.0431,67.1886,32.1001,114.85,-53.553,-0.1752,0.0326
1780080240978,2,Pitching Mound.Drive,,Delivery,pitch.1,774786,0.2622,0.0818,0.635,0.0224,-0.0369,0.0072,0.0,0.0
1780080240978,2,Pitching Mound.Parent,,Delivery,pitch.1,772931,0.5243,-9.9613,67.8236,32.1226,114.8131,-53.5458,-0.1736,0.0323
1780080240979,2,11.0000004b,Drive,Delivery,pitch.1,774787,0.2734,0.0935,0.6455,0.0113,-0.0224,0.0067,0.0,0.0
1780080240979,2,12.00000015,Lower Delivery,Delivery,pitch.1,774301,-12.0184,-2.5147,32.3639,-81.8173,41.6211,-32.9501,-0.1318,-0.2591
1780080240979,2,12.00000018,Upper Delivery,Delivery,pitch.1,775588,12.2729,-7.5281,34.8425,113.965,73.392,-28.7871,-0.2159,0.327
1780080240979,2,Pitching Mound.Delivery,,Delivery,pitch.1,773676,0.2544,-10.0428,67.2064,31.305,115.0131,-53.4782,-0.1754,0.0322
1780080240979,2,Pitching Mound.Drive,,Delivery,pitch.1,774787,0.2734,0.0935,0.6455,0.0113,-0.0224,0.0067,0.0,0.0
1780080240979,2,Pitching Mound.Parent,,Delivery,pitch.1,772932,0.5278,-9.9493,67.8519,31.3164,114.9906,-53.4715,-0.1737,0.0319
1780080240980,2,11.0000004b,Drive,Delivery,pitch.1,774788,0.2761,0.0845,0.6289,0.0111,-0.0246,0.0074,0.0,0.0
1780080240980,2,12.00000015,Lower Delivery,Delivery,pitch.1,774302,-12.0309,-2.5464,32.3725,-82.1051,41.9781,-32.937,-0.1329,-0.26
1780080240980,2,12.00000018,Upper Delivery,Delivery,pitch.1,775589,12.2639,-7.4773,34.7681,113.478,73.0051,-28.7422,-0.2152,0.327
1780080240980,2,Pitching Mound.Delivery,,Delivery,pitch.1,773677,0.233,-10.0236,67.1406,30.5583,114.9832,-53.4189,-0.1755,0.0319
1780080240980,2,Pitching Mound.Drive,,Delivery,pitch.1,774788,0.2761,0.0845,0.6289,0.0111,-0.0246,0.0074,0.0,0.0
1780080240980,2,Pitching Mound.Parent,,Delivery,pitch.1,772933,0.5092,-9.9391,67.7695,30.5694,114.9586,-53.4115,-0.1739,0.0316
1780080240981,2,11.0000004b,Drive,Delivery,pitch.1,774789,0.2555,0.0693,0.552,0.0098,-0.0245,0.0091,0.0,0.0
1780080240981,2,12.00000015,Lower Delivery,Delivery,pitch.1,774303,-12.0566,-2.5536,32.5015,-82.3174,42.1091,-32.9352,-0.1328,-0.2596
1780080240981,2,12.00000018,Upper Delivery,Delivery,pitch.1,775590,12.2211,-7.4443,34.6893,113.2876,72.7905,-28.7475,-0.2151,0.327
1780080240981,2,Pitching Mound.Delivery,,Delivery,pitch.1,773678,0.1646,-9.998,67.1907,30.2263,114.8995,-53.4282,-0.1753,0.0322
1780080240981,2,Pitching Mound.Drive,,Delivery,pitch.1,774789,0.2555,0.0693,0.552,0.0098,-0.0245,0.0091,0.0,0.0
1780080240981,2,Pitching Mound.Parent,,Delivery,pitch.1,772934,0.4201,-9.9287,67.7427,30.2361,114.875,-53.4191,-0.1738,0.0319
1780080240982,2,11.0000004b,Drive,Delivery,pitch.1,774790,0.2664,0.076,0.5739,0.0115,-0.0251,0.0073,0.0,0.0
1780080240982,2,12.00000015,Lower Delivery,Delivery,pitch.1,774304,-12.0604,-2.5749,32.5987,-82.1386,41.9659,-32.9273,-0.1319,-0.2583
1780080240982,2,12.00000018,Upper Delivery,Delivery,pitch.1,775591,12.2244,-7.3963,34.5338,113.115,72.3903,-28.6925,-0.2149,0.327
1780080240982,2,Pitching Mound.Delivery,,Delivery,pitch.1,773679,0.164,-9.9712,67.1324,30.3185,114.3562,-53.3629,-0.1746,0.033
1780080240982,2,Pitching Mound.Drive,,Delivery,pitch.1,774790,0.2664,0.076,0.5739,0.0115,-0.0251,0.0073,0.0,0.0
1780080240982,2,Pitching Mound.Parent,,Delivery,pitch.1,772935,0.4305,-9.8952,67.7064,30.33,114.3311,-53.3557,-0.1731,0.0327
1780080240983,2,11.0000004b,Drive,Delivery,pitch.1,774791,0.2517,0.0735,0.5401,0.0125,-0.0251,0.0069,0.0,0.0
1780080240983,2,12.00000015,Lower Delivery,Delivery,pitch.1,774305,-12.0822,-2.5741,32.7149,-82.1051,41.8383,-32.899,-0.1311,-0.2572
1780080240983,2,12.00000018,Upper Delivery,Delivery,pitch.1,775592,12.2004,-7.3627,34.4343,112.9207,72.3114,-28.7089,-0.2152,0.327
1780080240983,2,Pitching Mound.Delivery,,Delivery,pitch.1,773680,0.1182,-9.9368,67.1492,30.231,114.1497,-53.3518,-0.1742,0.0337
1780080240983,2,Pitching Mound.Drive,,Delivery,pitch.1,774791,0.2517,0.0735,0.5401,0.0125,-0.0251,0.0069,0.0,0.0
1780080240983,2,Pitching Mound.Parent,,Delivery,pitch.1,772936,0.3698,-9.8633,67.6893,30.2434,114.1246,-53.3449,-0.1728,0.0334
1780080240984,2,11.0000004b,Drive,Delivery,pitch.1,774792,0.2487,0.0826,0.5941,0.0121,-0.0274,0.0066,0.0,0.0
1780080240984,2,12.00000015,Lower Delivery,Delivery,pitch.1,774306,-12.1034,-2.605,32.739,-82.7128,42.6447,-32.8588,-0.1335,-0.2589
1780080240984,2,12.00000018,Upper Delivery,Delivery,pitch.1,775593,12.1581,-7.316,34.3109,112.6532,72.0114,-28.7231,-0.2151,0.327
1780080240984,2,Pitching Mound.Delivery,,Delivery,pitch.1,773681,0.0547,-9.921,67.0499,29.406,114.6561,-53.333,-0.1753,0.0329
1780080240984,2,Pitching Mound.Drive,,Delivery,pitch.1,774792,0.2487,0.0826,0.5941,0.0121,-0.0274,0.0066,0.0,0.0
1780080240984,2,Pitching Mound.Parent,,Delivery,pitch.1,772937,0.3034,-9.8384,67.644,29.4181,114.6287,-53.3264,-0.1737,0.0326
1780080240985,2,11.0000004b,Drive,Delivery,pitch.1,774793,0.2396,0.0843,0.5684,0.0133,-0.0272,0.0056,0.0,0.0
1780080240985,2,12.00000015,Lower Delivery,Delivery,pitch.1,774307,-12.1396,-2.6064,32.8982,-83.1023,42.87,-32.8003,-0.1336,-0.2589
1780080240985,2,12.00000018,Upper Delivery,Delivery,pitch.1,775594,12.1057,-7.3109,34.1683,112.2705,71.7134,-28.7386,-0.2151,0.327
1780080240985,2,Pitching Mound.Delivery,,Delivery,pitch.1,773682,-0.0339,-9.9173,67.0665,28.7364,114.5834,-53.2956,-0.1751,0.0332
1780080240985,2,Pitching Mound.Drive,,Delivery,pitch.1,774793,0.2396,0.0843,0.5684,0.0133,-0.0272,0.0056,0.0,0.0
1780080240985,2,Pitching Mound.Parent,,Delivery,pitch.1,772938,0.2057,-9.833,67.6349,28.7497,114.5562,-53.2899,-0.1736,0.0329
1780080240986,2,11.0000004b,Drive,Delivery,pitch.1,774794,0.2326,0.0889,0.5697,0.0155,-0.0398,0.0046,0.0,0.0
1780080240986,2,12.00000015,Lower Delivery,Delivery,pitch.1,774308,-12.1555,-2.621,32.9862,-83.3043,43.0211,-32.8067,-0.1337,-0.2588
1780080240986,2,12.00000018,Upper Delivery,Delivery,pitch.1,775595,12.0623,-7.3036,33.9573,111.9722,71.5187,-28.766,-0.2159,0.327
1780080240986,2,Pitching Mound.Delivery,,Delivery,pitch.1,773683,-0.0932,-9.9246,66.9434,28.3377,114.5398,-53.3387,-0.1754,0.0334
1780080240986,2,Pitching Mound.Drive,,Delivery,pitch.1,774794,0.2326,0.0889,0.5697,0.0155,-0.0398,0.0046,0.0,0.0
1780080240986,2,Pitching Mound.Parent,,Delivery,pitch.1,772939,0.1394,-9.8357,67.5132,28.3533,114.5001,-53.3341,-0.1739,0.0331
1780080240987,2,11.0000004b,Drive,Delivery,pitch.1,774795,0.2385,0.0911,0.6172,0.0227,-0.092,0.004,0.0,0.0
1780080240987,2,12.00000015,Lower Delivery,Delivery,pitch.1,774309,-12.1961,-2.6665,33.2771,-82.9156,42.5966,-32.7215,-0.1312,-0.2554
1780080240987,2,12.00000018,Upper Delivery,Delivery,pitch.1,775596,12.0413,-7.2787,33.8397,111.5553,71.1416,-28.7302,-0.2155,0.327
1780080240987,2,Pitching Mound.Delivery,,Delivery,pitch.1,773684,-0.1548,-9.9452,67.1168,28.4484,113.7382,-53.211,-0.1737,0.0354
1780080240987,2,Pitching Mound.Drive,,Delivery,pitch.1,774795,0.2385,0.0911,0.6172,0.0227,-0.092,0.004,0.0,0.0
1780080240987,2,Pitching Mound.Parent,,Delivery,pitch.1,772940,0.0837,-9.8541,67.734,28.4712,113.6462,-53.207,-0.1721,0.0351
1780080240988,2,11.0000004b,Drive,Delivery,pitch.1,774796,0.22,0.0908,0.6125,0.0179,-0.0545,0.0047,0.0,0.0
1780080240988,2,12.00000015,Lower Delivery,Delivery,pitch.1,774310,-12.2362,-2.7143,33.4176,-83.435,43.0672,-32.6917,-0.1321,-0.2559
1780080240988,2,12.00000018,Upper Delivery,Delivery,pitch.1,775597,11.9777,-7.2868,33.7017,111.417,70.885,-28.7614,-0.2156,0.327
1780080240988,2,Pitching Mound.Delivery,,Delivery,pitch.1,773685,-0.2585,-10.0011,67.1194,27.8854,113.9522,-53.2204,-0.174,0.0354
1780080240988,2,Pitching Mound.Drive,,Delivery,pitch.1,774796,0.22,0.0908,0.6125,0.0179,-0.0545,0.0047,0.0,0.0
1780080240988,2,Pitching Mound.Parent,,Delivery,pitch.1,772941,-0.0385,-9.9103,67.7319,27.9033,113.8978,-53.2157,-0.1724,0.035
1780080240989,2,11.0000004b,Drive,Delivery,pitch.1,774797,0.2291,0.0669,0.5214,0.028,-0.0868,0.0048,0.0,0.0
1780080240989,2,12.00000015,Lower Delivery,Delivery,pitch.1,774311,-12.2454,-2.7649,33.5464,-83.6757,43.2763,-32.6295,-0.1322,-0.2557
1780080240989,2,12.00000018,Upper Delivery,Delivery,pitch.1,775598,11.9196,-7.2838,33.5438,111.2582,70.6226,-28.8186,-0.2158,0.327
1780080240989,2,Pitching Mound.Delivery,,Delivery,pitch.1,773686,-0.3258,-10.0487,67.0903,27.5834,113.8989,-53.2321,-0.174,0.0357
1780080240989,2,Pitching Mound.Drive,,Delivery,pitch.1,774797,0.2291,0.0669,0.5214,0.028,-0.0868,0.0048,0.0,0.0
1780080240989,2,Pitching Mound.Parent,,Delivery,pitch.1,772942,-0.0967,-9.9819,67.6117,27.6114,113.8121,-53.2272,-0.1727,0.0354
1780080240990,2,11.0000004b,Drive,Delivery,pitch.1,774798,0.2175,0.0584,0.5004,0.0318,-0.145,0.0065,0.0,0.0
1780080240990,2,12.00000015,Lower Delivery,Delivery,pitch.1,774312,-12.2585,-2.8202,33.6766,-83.7235,43.1389,-32.5217,-0.1313,-0.2548
1780080240990,2,12.00000018,Upper Delivery,Delivery,pitch.1,775599,11.9277,-7.267,33.4166,110.7582,70.2669,-28.889,-0.2155,0.327
1780080240990,2,Pitching Mound.Delivery,,Delivery,pitch.1,773687,-0.3308,-10.0872,67.0931,27.1231,113.4057,-53.1874,-0.1732,0.0363
1780080240990,2,Pitching Mound.Drive,,Delivery,pitch.1,774798,0.2175,0.0584,0.5004,0.0318,-0.145,0.0065,0.0,0.0
1780080240990,2,Pitching Mound.Parent,,Delivery,pitch.1,772943,-0.1132,-10.0288,67.5935,27.1549,113.2607,-53.1809,-0.172,0.036
1780080240991,2,11.0000004b,Drive,Delivery,pitch.1,774799,0.2064,0.0569,0.5029,0.0403,-0.1509,0.0087,0.0,0.0
1780080240991,2,12.00000015,Lower Delivery,Delivery,pitch.1,774313,-12.3012,-2.9015,33.7998,-84.3595,43.468,-32.3797,-0.1318,-0.2558
1780080240991,2,12.00000018,Upper Delivery,Delivery,pitch.1,775600,11.8984,-7.2747,33.2485,110.4354,70.0887,-28.9508,-0.2161,0.327
1780080240991,2,Pitching Mound.Delivery,,Delivery,pitch.1,773688,-0.4028,-10.1762,67.0483,26.2633,113.5566,-53.1025,-0.1736,0.036
1780080240991,2,Pitching Mound.Drive,,Delivery,pitch.1,774799,0.2064,0.0569,0.5029,0.0403,-0.1509,0.0087,0.0,0.0
1780080240991,2,Pitching Mound.Parent,,Delivery,pitch.1,772944,-0.1964,-10.1194,67.5512,26.3036,113.4057,-53.0939,-0.1723,0.0357
1780080240992,2,11.0000004b,Drive,Delivery,pitch.1,774800,0.1639,0.0591,0.5601,0.0329,-0.0681,0.0089,0.0,0.0
1780080240992,2,12.00000015,Lower Delivery,Delivery,pitch.1,774314,-12.314,-2.979,33.8817,-84.6381,43.7594,-32.257,-0.1324,-0.256
1780080240992,2,12.00000018,Upper Delivery,Delivery,pitch.1,775601,11.9231,-7.2931,33.1987,110.0672,69.636,-29.0447,-0.215,0.327
1780080240992,2,Pitching Mound.Delivery,,Delivery,pitch.1,773689,-0.3909,-10.2722,67.0804,25.6614,113.3955,-53.061,-0.1733,0.036
1780080240992,2,Pitching Mound.Drive,,Delivery,pitch.1,774800,0.1639,0.0591,0.5601,0.0329,-0.0681,0.0089,0.0,0.0
1780080240992,2,Pitching Mound.Parent,,Delivery,pitch.1,772945,-0.2269,-10.2131,67.6405,25.6942,113.3274,-53.0521,-0.1718,0.0357
1780080240993,2,11.0000004b,Drive,Delivery,pitch.1,774801,0.1727,0.0585,0.5907,0.03,-0.0182,0.0104,0.0,0.0
1780080240993,2,12.00000015,Lower Delivery,Delivery,pitch.1,774315,-12.3374,-3.0648,33.8616,-85.2991,44.3064,-32.1089,-0.1341,-0.2582
1780080240993,2,12.00000018,Upper Delivery,Delivery,pitch.1,775602,11.9027,-7.3036,33.0761,109.7273,69.4158,-29.1664,-0.2151,0.327
1780080240993,2,Pitching Mound.Delivery,,Delivery,pitch.1,773690,-0.4347,-10.3683,66.9377,24.6953,113.7222,-53.0337,-0.1741,0.035
1780080240993,2,Pitching Mound.Drive,,Delivery,pitch.1,774801,0.1727,0.0585,0.5907,0.03,-0.0182,0.0104,0.0,0.0
1780080240993,2,Pitching Mound.Parent,,Delivery,pitch.1,772946,-0.262,-10.3098,67.5284,24.7253,113.704,-53.0233,-0.1726,0.0347
1780080240994,2,11.0000004b,Drive,Delivery,pitch.1,774802,0.1773,0.0589,0.6072,0.0262,-0.0111,0.0117,0.0,0.0
1780080240994,2,12.00000015,Lower Delivery,Delivery,pitch.1,774316,-12.3589,-3.1645,33.9599,-85.7078,44.6828,-31.9536,-0.1349,-0.2587
1780080240994,2,12.00000018,Upper Delivery,Delivery,pitch.1,775603,11.8911,-7.3011,33.0321,109.2957,69.0775,-29.2135,-0.2143,0.327
1780080240994,2,Pitching Mound.Delivery,,Delivery,pitch.1,773691,-0.4678,-10.4656,66.992,23.9033,113.7604,-52.9221,-0.174,0.0348
1780080240994,2,Pitching Mound.Drive,,Delivery,pitch.1,774802,0.1773,0.0589,0.6072,0.0262,-0.0111,0.0117,0.0,0.0
1780080240994,2,Pitching Mound.Parent,,Delivery,pitch.1,772947,-0.2905,-10.4068,67.5991,23.9296,113.7492,-52.9104,-0.1725,0.0345
1780080240995,2,11.0000004b,Drive,Delivery,pitch.1,774803,0.1877,0.0505,0.5388,0.03,-0.0102,0.0124,0.0,0.0
1780080240995,2,12.00000015,Lower Delivery,Delivery,pitch.1,774317,-12.3605,-3.2605,33.9763,-85.6986,44.8739,-31.7587,-0.1354,-0.2585
1780080240995,2,12.00000018,Upper Delivery,Delivery,pitch.1,775604,11.9019,-7.3056,32.9068,108.9776,68.6509,-29.2868,-0.2138,0.327
1780080240995,2,Pitching Mound.Delivery,,Delivery,pitch.1,773692,-0.4586,-10.5662,66.8832,23.6426,113.5248,-52.7963,-0.174,0.035
1780080240995,2,Pitching Mound.Drive,,Delivery,pitch.1,774803,0.1877,0.0505,0.5388,0.03,-0.0102,0.0124,0.0,0.0
1780080240995,2,Pitching Mound.Parent,,Delivery,pitch.1,772948,-0.271,-10.5157,67.422,23.6726,113.5146,-52.7839,-0.1726,0.0347
1780080240996,2,11.0000004b,Drive,Delivery,pitch.1,774804,0.2126,0.0527,0.5139,0.0179,-0.0123,0.0137,0.0,0.0
1780080240996,2,12.00000015,Lower Delivery,Delivery,pitch.1,774318,-12.3752,-3.37,33.9281,-86.0856,45.2894,-31.5547,-0.1368,-0.2601
1780080240996,2,12.00000018,Upper Delivery,Delivery,pitch.1,775605,11.9119,-7.2798,32.7554,108.6596,68.4274,-29.3739,-0.2141,0.327
1780080240996,2,Pitching Mound.Delivery,,Delivery,pitch.1,773693,-0.4633,-10.6497,66.6835,22.9728,113.7168,-52.6709,-0.1748,0.0343
1780080240996,2,Pitching Mound.Drive,,Delivery,pitch.1,774804,0.2126,0.0527,0.5139,0.0179,-0.0123,0.0137,0.0,0.0
1780080240996,2,Pitching Mound.Parent,,Delivery,pitch.1,772949,-0.2507,-10.5971,67.1974,22.9906,113.7045,-52.6572,-0.1735,0.034
1780080240997,2,11.0000004b,Drive,Delivery,pitch.1,774805,0.2086,0.0561,0.5087,0.0192,-0.0126,0.0138,0.0,0.0
1780080240997,2,12.00000015,Lower Delivery,Delivery,pitch.1,774319,-12.35,-3.4995,33.9659,-86.2219,45.5083,-31.29,-0.1373,-0.2602
1780080240997,2,12.00000018,Upper Delivery,Delivery,pitch.1,775606,11.9568,-7.2565,32.6849,108.119,68.0402,-29.4301,-0.2134,0.327
1780080240997,2,Pitching Mound.Delivery,,Delivery,pitch.1,773694,-0.3932,-10.756,66.6508,22.3327,113.5486,-52.4557,-0.1746,0.0343
1780080240997,2,Pitching Mound.Drive,,Delivery,pitch.1,774805,0.2086,0.0561,0.5087,0.0192,-0.0126,0.0138,0.0,0.0
1780080240997,2,Pitching Mound.Parent,,Delivery,pitch.1,772950,-0.1846,-10.6999,67.1595,22.3519,113.536,-52.4419,-0.1733,0.0341
1780080240998,2,11.0000004b,Drive,Delivery,pitch.1,774806,0.2281,0.0554,0.5276,0.0073,-0.0147,0.014,0.0,0.0
1780080240998,2,12.00000015,Lower Delivery,Delivery,pitch.1,774320,-12.3294,-3.6088,33.9177,-86.7063,45.9158,-31.038,-0.1388,-0.262
1780080240998,2,12.00000018,Upper Delivery,Delivery,pitch.1,775607,11.9414,-7.2569,32.5353,107.6258,67.8738,-29.5315,-0.2138,0.327
1780080240998,2,Pitching Mound.Delivery,,Delivery,pitch.1,773695,-0.388,-10.8657,66.453,21.3895,113.7895,-52.3174,-0.1755,0.0335
1780080240998,2,Pitching Mound.Drive,,Delivery,pitch.1,774806,0.2281,0.0554,0.5276,0.0073,-0.0147,0.014,0.0,0.0
1780080240998,2,Pitching Mound.Parent,,Delivery,pitch.1,772951,-0.1599,-10.8103,66.9805,21.3968,113.7748,-52.3034,-0.1741,0.0332
1780080240999,2,11.0000004b,Drive,Delivery,pitch.1,774807,0.2436,0.0501,0.5001,0.0065,-0.018,0.0142,0.0,0.0
1780080240999,2,12.00000015,Lower Delivery,Delivery,pitch.1,774321,-12.3113,-3.6995,34.1299,-86.7012,46.2515,-30.7888,-0.1389,-0.2604
1780080240999,2,12.00000018,Upper Delivery,Delivery,pitch.1,775608,11.9501,-7.2297,32.429,107.1209,67.3972,-29.5911,-0.213,0.327
1780080240999,2,Pitching Mound.Delivery,,Delivery,pitch.1,773696,-0.3612,-10.9292,66.5589,20.998,113.6488,-52.131,-0.175,0.0345
1780080240999,2,Pitching Mound.Drive,,Delivery,pitch.1,774807,0.2436,0.0501,0.5001,0.0065,-0.018,0.0142,0.0,0.0
1780080240999,2,Pitching Mound.Parent,,Delivery,pitch.1,772952,-0.1176,-10.8791,67.059,21.0045,113.6308,-52.1168,-0.1737,0.0343
1780080241000,2,11.0000004b,Drive,Delivery,pitch.1,774808,0.2531,0.0553,0.5236,0.0064,-0.0196,0.0135,0.0,0.0
1780080241000,2,12.00000015,Lower Delivery,Delivery,pitch.1,774322,-12.2954,-3.7764,34.2531,-87.163,46.3985,-30.5429,-0.1388,-0.2608
1780080241000,2,12.00000018,Upper Delivery,Delivery,pitch.1,775609,11.953,-7.1818,32.2647,106.5217,66.9717,-29.6487,-0.2127,0.327
1780080241000,2,Pitching Mound.Delivery,,Delivery,pitch.1,773697,-0.3424,-10.9582,66.5178,20.0347,113.3702,-51.9471,-0.1747,0.0345
1780080241000,2,Pitching Mound.Drive,,Delivery,pitch.1,774808,0.2531,0.0553,0.5236,0.0064,-0.0196,0.0135,0.0,0.0
1780080241000,2,Pitching Mound.Parent,,Delivery,pitch.1,772953,-0.0893,-10.9029,67.0414,20.0412,113.3507,-51.9337,-0.1733,0.0342
1780080241001,2,11.0000004b,Drive,Delivery,pitch.1,774809,0.2221,0.0654,0.6281,0.0074,-0.023,0.0125,0.0,0.0
1780080241001,2,12.00000015,Lower Delivery,Delivery,pitch.1,774323,-12.2604,-3.8583,34.3095,-87.1664,46.3878,-30.2632,-0.1386,-0.2604
1780080241001,2,12.00000018,Upper Delivery,Delivery,pitch.1,775610,11.9628,-7.1285,32.1503,105.8948,66.5592,-29.6579,-0.2122,0.327
1780080241001,2,Pitching Mound.Delivery,,Delivery,pitch.1,773698,-0.2976,-10.9868,66.4599,19.4625,112.947,-51.6853,-0.1742,0.0348
1780080241001,2,Pitching Mound.Drive,,Delivery,pitch.1,774809,0.2221,0.0654,0.6281,0.0074,-0.023,0.0125,0.0,0.0
1780080241001,2,Pitching Mound.Parent,,Delivery,pitch.1,772954,-0.0756,-10.9214,67.088,19.4699,112.9239,-51.6727,-0.1726,0.0345
1780080241002,2,11.0000004b,Drive,Delivery,pitch.1,774810,0.2168,0.066,0.6918,0.0078,-0.0227,0.0119,0.0,0.0
1780080241002,2,12.00000015,Lower Delivery,Delivery,pitch.1,774324,-12.2097,-3.912,34.488,-87.2826,46.526,-30.0332,-0.1383,-0.2594
1780080241002,2,12.00000018,Upper Delivery,Delivery,pitch.1,775611,11.9125,-7.0828,31.9626,105.4058,66.1578,-29.6679,-0.2121,0.327
1780080241002,2,Pitching Mound.Delivery,,Delivery,pitch.1,773699,-0.2972,-10.9948,66.4506,18.9819,112.6838,-51.4996,-0.1738,0.0356
1780080241002,2,Pitching Mound.Drive,,Delivery,pitch.1,774810,0.2168,0.066,0.6918,0.0078,-0.0227,0.0119,0.0,0.0
1780080241002,2,Pitching Mound.Parent,,Delivery,pitch.1,772955,-0.0804,-10.9288,67.1424,18.9896,112.6611,-51.4876,-0.172,0.0352
1780080241003,2,11.0000004b,Drive,Delivery,pitch.1,774811,0.2358,0.0599,0.6107,0.0066,-0.0221,0.0134,0.0,0.0
1780080241003,2,12.00000015,Lower Delivery,Delivery,pitch.1,774325,-12.2032,-3.9844,34.8382,-87.5473,46.677,-29.7604,-0.1373,-0.2576
1780080241003,2,12.00000018,Upper Delivery,Delivery,pitch.1,775612,11.8676,-7.0127,31.7488,104.9777,65.7608,-29.6635,-0.2123,0.327
1780080241003,2,Pitching Mound.Delivery,,Delivery,pitch.1,773700,-0.3356,-10.997,66.587,18.4808,112.4378,-51.2399,-0.1731,0.0369
1780080241003,2,Pitching Mound.Drive,,Delivery,pitch.1,774811,0.2358,0.0599,0.6107,0.0066,-0.0221,0.0134,0.0,0.0
1780080241003,2,Pitching Mound.Parent,,Delivery,pitch.1,772956,-0.0998,-10.9371,67.1977,18.4874,112.4157,-51.2265,-0.1715,0.0366
1780080241004,2,11.0000004b,Drive,Delivery,pitch.1,774812,0.2398,0.0697,0.6307,0.0079,-0.0211,0.0124,0.0,0.0
1780080241004,2,12.00000015,Lower Delivery,Delivery,pitch.1,774326,-12.1743,-4.0452,34.9812,-87.6436,46.6993,-29.5232,-0.1368,-0.2568
1780080241004,2,12.00000018,Upper Delivery,Delivery,pitch.1,775613,11.8304,-6.9774,31.5973,104.6471,65.509,-29.6908,-0.2125,0.327
1780080241004,2,Pitching Mound.Delivery,,Delivery,pitch.1,773701,-0.3439,-11.0226,66.5786,18.154,112.2082,-51.0525,-0.1727,0.0376
1780080241004,2,Pitching Mound.Drive,,Delivery,pitch.1,774812,0.2398,0.0697,0.6307,0.0079,-0.0211,0.0124,0.0,0.0
1780080241004,2,Pitching Mound.Parent,,Delivery,pitch.1,772957,-0.1041,-10.9529,67.2093,18.1619,112.1871,-51.04,-0.1711,0.0372
1780080241005,2,11.0000004b,Drive,Delivery,pitch.1,774813,0.2091,0.0854,0.6976,0.0229,-0.0216,0.009,0.0,0.0
1780080241005,2,12.00000015,Lower Delivery,Delivery,pitch.1,774327,-12.1424,-4.0871,35.2522,-88.0639,47.1446,-29.2705,-0.1371,-0.256
1780080241005,2,12.00000018,Upper Delivery,Delivery,pitch.1,775614,11.7963,-6.9192,31.4141,104.3095,65.2001,-29.6734,-0.2127,0.327
1780080241005,2,Pitching Mound.Delivery,,Delivery,pitch.1,773702,-0.3461,-11.0063,66.6663,17.5506,112.3447,-50.8047,-0.1727,0.0383
1780080241005,2,Pitching Mound.Drive,,Delivery,pitch.1,774813,0.2091,0.0854,0.6976,0.0229,-0.0216,0.009,0.0,0.0
1780080241005,2,Pitching Mound.Parent,,Delivery,pitch.1,772958,-0.1371,-10.9209,67.3639,17.5735,112.3231,-50.7957,-0.1709,0.0379
1780080241006,2,11.0000004b,Drive,Delivery,pitch.1,774814,0.2077,0.1027,0.7401,0.0249,-0.0224,0.008,0.0,0.0
1780080241006,2,12.00000015,Lower Delivery,Delivery,pitch.1,774328,-12.1161,-4.1236,35.4638,-88.1704,47.223,-29.0394,-0.1365,-0.2548
1780080241006,2,12.00000018,Upper Delivery,Delivery,pitch.1,775615,11.8034,-6.8626,31.3045,103.9113,64.6505,-29.6659,-0.2117,0.327
1780080241006,2,Pitching Mound.Delivery,,Delivery,pitch.1,773703,-0.3127,-10.9862,66.7684,17.155,111.8734,-50.5727,-0.1717,0.0392
1780080241006,2,Pitching Mound.Drive,,Delivery,pitch.1,774814,0.2077,0.1027,0.7401,0.0249,-0.0224,0.008,0.0,0.0
1780080241006,2,Pitching Mound.Parent,,Delivery,pitch.1,772959,-0.105,-10.8835,67.5085,17.1799,111.8511,-50.5647,-0.1699,0.0387
1780080241007,2,11.0000004b,Drive,Delivery,pitch.1,774815,0.2014,0.106,0.7813,0.0402,-0.021,0.0069,0.0,0.0
1780080241007,2,12.00000015,Lower Delivery,Delivery,pitch.1,774329,-12.0761,-4.1885,35.6569,-88.2791,47.3255,-28.8526,-0.136,-0.2538
1780080241007,2,12.00000018,Upper Delivery,Delivery,pitch.1,775616,11.7813,-6.8438,31.2069,103.9754,64.486,-29.7077,-0.2118,0.327
1780080241007,2,Pitching Mound.Delivery,,Delivery,pitch.1,773704,-0.2948,-11.0323,66.8637,17.2093,111.8115,-50.4488,-0.1714,0.0399
1780080241007,2,Pitching Mound.Drive,,Delivery,pitch.1,774815,0.2014,0.106,0.7813,0.0402,-0.021,0.0069,0.0,0.0
1780080241007,2,Pitching Mound.Parent,,Delivery,pitch.1,772960,-0.0934,-10.9263,67.6451,17.2495,111.7905,-50.4419,-0.1694,0.0395
1780080241008,2,11.0000004b,Drive,Delivery,pitch.1,774816,0.1774,0.0976,0.7542,0.0395,-0.0202,0.0069,0.0,0.0
1780080241008,2,12.00000015,Lower Delivery,Delivery,pitch.1,774330,-12.04,-4.2419,35.8519,-88.3036,47.6152,-28.5815,-0.1361,-0.2524
1780080241008,2,12.00000018,Upper Delivery,Delivery,pitch.1,775617,11.7069,-6.8109,31.0496,103.6241,64.2021,-29.6475,-0.2119,0.327
1780080241008,2,Pitching Mound.Delivery,,Delivery,pitch.1,773705,-0.3331,-11.0529,66.9015,16.9533,111.8173,-50.1551,-0.1713,0.0409
1780080241008,2,Pitching Mound.Drive,,Delivery,pitch.1,774816,0.1774,0.0976,0.7542,0.0395,-0.0202,0.0069,0.0,0.0
1780080241008,2,Pitching Mound.Parent,,Delivery,pitch.1,772961,-0.1557,-10.9553,67.6558,16.9928,111.7971,-50.1482,-0.1694,0.0404
1780080241009,2,11.0000004b,Drive,Delivery,pitch.1,774817,0.1574,0.093,0.7637,0.041,-0.0192,0.0074,0.0,0.0
1780080241009,2,12.00000015,Lower Delivery,Delivery,pitch.1,774331,-12.0026,-4.2964,35.9584,-88.6093,47.7111,-28.3179,-0.136,-0.2526
1780080241009,2,12.00000015,Lower Delivery,Delivery,pitch.1,774332,-11.966,-4.3587,36.0348,-88.9489,47.922,-28.0494,-0.1363,-0.253
1780080241009,2,12.00000018,Upper Delivery,Delivery,pitch.1,775618,11.7123,-6.7975,30.9917,102.2144,63.1338,-29.5706,-0.2088,0.327
1780080241009,2,Pitching Mound.Delivery,,Delivery,pitch.1,773706,-0.2903,-11.0939,66.95,15.2938,110.8448,-49.8255,-0.1697,0.041
1780080241009,2,Pitching Mound.Drive,,Delivery,pitch.1,774817,0.1574,0.093,0.7637,0.041,-0.0192,0.0074,0.0,0.0
1780080241009,2,Pitching Mound.Parent,,Delivery,pitch.1,772962,-0.1329,-11.0009,67.7137,15.3348,110.8257,-49.8181,-0.1678,0.0405
1780080241010,2,11.0000004b,Drive,Delivery,pitch.1,774818,0.1584,0.0739,0.6908,0.0525,-0.015,0.008,0.0,0.0
1780080241010,2,12.00000018,Upper Delivery,Delivery,pitch.1,775619,11.6813,-6.7857,30.8741,101.6376,62.7639,-29.5561,-0.2084,0.327
1780080241010,2,Pitching Mound.Delivery,,Delivery,pitch.1,773707,-0.2847,-11.1444,66.9089,14.4434,110.6859,-49.5654,-0.1696,0.0409
1780080241010,2,Pitching Mound.Drive,,Delivery,pitch.1,774818,0.1584,0.0739,0.6908,0.0525,-0.015,0.008,0.0,0.0
1780080241010,2,Pitching Mound.Parent,,Delivery,pitch.1,772963,-0.1263,-11.0704,67.5997,14.4958,110.6709,-49.5574,-0.1678,0.0405
1780080241011,2,11.0000004b,Drive,Delivery,pitch.1,774819,0.157,0.0596,0.6309,0.0459,-0.0138,0.0099,0.0,0.0
1780080241011,2,12.00000015,Lower Delivery,Delivery,pitch.1,774333,-11.9357,-4.4354,35.9686,-89.0213,48.0124,-27.7691,-0.1368,-0.2537
1780080241011,2,12.00000015,Lower Delivery,Delivery,pitch.1,774334,-11.9188,-4.5041,36.1257,-89.4619,48.2553,-27.4888,-0.1369,-0.2538
1780080241011,2,12.00000018,Upper Delivery,Delivery,pitch.1,775620,11.6227,-6.7731,30.6537,101.1602,62.3864,-29.543,-0.2086,0.327
1780080241011,2,Pitching Mound.Delivery,,Delivery,pitch.1,773708,-0.313,-11.2085,66.6223,13.946,110.3988,-49.3022,-0.1698,0.0406
1780080241011,2,Pitching Mound.Drive,,Delivery,pitch.1,774819,0.157,0.0596,0.6309,0.0459,-0.0138,0.0099,0.0,0.0
1780080241011,2,Pitching Mound.Parent,,Delivery,pitch.1,772964,-0.156,-11.1489,67.2532,13.9918,110.3851,-49.2923,-0.1682,0.0403
1780080241012,2,11.0000004b,Drive,Delivery,pitch.1,774820,0.1856,0.0592,0.6209,0.0491,-0.013,0.0089,0.0,0.0
1780080241012,2,12.00000015,Lower Delivery,Delivery,pitch.1,774335,-11.8833,-4.5691,36.2405,-89.9713,48.6732,-27.1656,-0.1377,-0.2545
1780080241012,2,12.00000018,Upper Delivery,Delivery,pitch.1,775621,11.6049,-6.8069,30.5691,99.9715,61.5495,-29.516,-0.2064,0.327
1780080241012,2,Pitching Mound.Delivery,,Delivery,pitch.1,773709,-0.3139,-11.311,66.6948,12.3989,109.8048,-49.0068,-0.1687,0.0407
1780080241012,2,Pitching Mound.Drive,,Delivery,pitch.1,774820,0.1856,0.0592,0.6209,0.0491,-0.013,0.0089,0.0,0.0
1780080241012,2,Pitching Mound.Parent,,Delivery,pitch.1,772965,-0.1283,-11.2518,67.3157,12.448,109.7918,-48.9979,-0.1672,0.0404
1780080241013,2,11.0000004b,Drive,Delivery,pitch.1,774821,0.1813,0.0465,0.5608,0.0335,-0.0129,0.0093,0.0,0.0
1780080241013,2,12.00000015,Lower Delivery,Delivery,pitch.1,774336,-11.8416,-4.6332,36.3337,-90.18,48.9974,-26.8917,-0.1382,-0.2544
1780080241013,2,12.00000018,Upper Delivery,Delivery,pitch.1,775622,11.6043,-6.8094,30.5622,99.3947,60.9925,-29.4723,-0.2045,0.327
1780080241013,2,Pitching Mound.Delivery,,Delivery,pitch.1,773710,-0.279,-11.3785,66.8026,11.3541,109.6657,-48.6521,-0.1683,0.0405
1780080241013,2,Pitching Mound.Drive,,Delivery,pitch.1,774821,0.1813,0.0465,0.5608,0.0335,-0.0129,0.0093,0.0,0.0
1780080241013,2,Pitching Mound.Parent,,Delivery,pitch.1,772966,-0.0977,-11.332,67.3634,11.3876,109.6528,-48.6428,-0.1669,0.0401
1780080241014,2,11.0000004b,Drive,Delivery,pitch.1,774822,0.2259,0.0569,0.6014,0.0454,-0.0137,0.0074,0.0,0.0
1780080241014,2,12.00000015,Lower Delivery,Delivery,pitch.1,774337,-11.7825,-4.6928,36.4722,-90.3975,49.3456,-26.5497,-0.1387,-0.254
1780080241014,2,12.00000018,Upper Delivery,Delivery,pitch.1,775623,11.5271,-6.8119,30.3822,99.0192,60.7553,-29.492,-0.205,0.327
1780080241014,2,Pitching Mound.Delivery,,Delivery,pitch.1,773711,-0.3145,-11.4451,66.7159,10.8627,109.7527,-48.4384,-0.1686,0.0407
1780080241014,2,Pitching Mound.Drive,,Delivery,pitch.1,774822,0.2259,0.0569,0.6014,0.0454,-0.0137,0.0074,0.0,0.0
1780080241014,2,Pitching Mound.Parent,,Delivery,pitch.1,772967,-0.0886,-11.3882,67.3172,10.9081,109.739,-48.4309,-0.1671,0.0403
1780080241015,2,11.0000004b,Drive,Delivery,pitch.1,774823,0.2332,0.0432,0.5454,0.039,-0.012,0.0077,0.0,0.0
1780080241015,2,12.00000015,Lower Delivery,Delivery,pitch.1,774338,-11.7393,-4.7412,36.2618,-90.8107,49.7459,-26.2494,-0.1406,-0.2567
1780080241015,2,12.00000018,Upper Delivery,Delivery,pitch.1,775624,11.49,-6.7667,30.1887,99.3306,60.9548,-29.457,-0.207,0.327
1780080241015,2,Pitching Mound.Delivery,,Delivery,pitch.1,773712,-0.2924,-11.4595,66.6609,11.0695,110.3003,-48.094,-0.1696,0.0412
1780080241015,2,Pitching Mound.Drive,,Delivery,pitch.1,774823,0.2332,0.0432,0.5454,0.039,-0.012,0.0077,0.0,0.0
1780080241015,2,Pitching Mound.Parent,,Delivery,pitch.1,772968,-0.0592,-11.4163,67.2063,11.1085,110.2883,-48.0863,-0.1682,0.0408
1780080241016,2,11.0000004b,Drive,Delivery,pitch.1,774824,0.239,0.052,0.5957,0.0388,-0.0116,0.0077,0.0,0.0
1780080241016,2,12.00000015,Lower Delivery,Delivery,pitch.1,774339,-11.6912,-4.8493,36.3044,-91.1008,50.1479,-25.9146,-0.1416,-0.2572
1780080241016,2,12.00000018,Upper Delivery,Delivery,pitch.1,775625,11.4288,-6.7685,30.0319,98.6047,60.4364,-29.4616,-0.2063,0.327
1780080241016,2,Pitching Mound.Delivery,,Delivery,pitch.1,773713,-0.3105,-11.5098,66.2937,9.9122,110.1824,-47.8338,-0.1704,0.0397
1780080241016,2,Pitching Mound.Drive,,Delivery,pitch.1,774824,0.239,0.052,0.5957,0.0388,-0.0116,0.0077,0.0,0.0
1780080241016,2,Pitching Mound.Parent,,Delivery,pitch.1,772969,-0.0715,-11.4577,66.8894,9.951,110.1708,-47.8262,-0.1688,0.0393
1780080241017,2,11.0000004b,Drive,Delivery,pitch.1,774825,0.2366,0.036,0.5138,0.0376,-0.0092,0.0099,0.0,0.0
1780080241017,2,11.0000004b,Drive,Delivery,pitch.1,774826,0.2376,0.0369,0.4891,0.02,-0.0094,0.0103,0.0,0.0
1780080241017,2,12.00000015,Lower Delivery,Delivery,pitch.1,774340,-11.6494,-4.9357,36.4394,-91.3435,50.4473,-25.5426,-0.1419,-0.2569
1780080241017,2,12.00000018,Upper Delivery,Delivery,pitch.1,775626,11.3731,-6.7756,29.8911,98.6238,60.3618,-29.4661,-0.207,0.327
1780080241017,2,Pitching Mound.Delivery,,Delivery,pitch.1,773714,-0.318,-11.6249,66.1956,9.7035,110.5098,-47.5388,-0.1711,0.0396
1780080241017,2,Pitching Mound.Drive,,Delivery,pitch.1,774825,0.2366,0.036,0.5138,0.0376,-0.0092,0.0099,0.0,0.0
1780080241017,2,Pitching Mound.Drive,,Delivery,pitch.1,774826,0.2376,0.0369,0.4891,0.02,-0.0094,0.0103,0.0,0.0
1780080241017,2,Pitching Mound.Parent,,Delivery,pitch.1,772970,-0.0814,-11.5889,66.7094,9.7412,110.5006,-47.5289,-0.1698,0.0392
1780080241018,2,11.0000004b,Drive,Delivery,pitch.1,774827,0.2478,0.0416,0.5313,0.0157,-0.0111,0.0089,0.0,0.0
1780080241018,2,12.00000015,Lower Delivery,Delivery,pitch.1,774341,-11.5823,-5.0059,36.4517,-91.6686,50.8695,-25.236,-0.143,-0.2578
1780080241018,2,12.00000018,Upper Delivery,Delivery,pitch.1,775627,11.3337,-6.7887,29.7345,97.9056,59.7518,-29.4343,-0.206,0.327
1780080241018,2,Pitching Mound.Delivery,,Delivery,pitch.1,773715,-0.3158,-11.7244,66.1739,8.8418,110.1991,-47.1626,-0.1707,0.0399
1780080241018,2,Pitching Mound.Drive,,Delivery,pitch.1,774827,0.2478,0.0416,0.5313,0.0157,-0.0111,0.0089,0.0,0.0
1780080241018,2,Pitching Mound.Parent,,Delivery,pitch.1,772971,-0.0782,-11.6875,66.663,8.8618,110.1897,-47.1523,-0.1694,0.0396
1780080241019,2,11.0000004b,Drive,Delivery,pitch.1,774828,0.2625,0.0469,0.5722,0.0331,-0.0131,0.0081,0.0,0.0
1780080241019,2,12.00000015,Lower Delivery,Delivery,pitch.1,774342,-11.5181,-5.0809,36.545,-92.0398,51.1442,-24.8653,-0.1434,-0.2581
1780080241019,2,12.00000018,Upper Delivery,Delivery,pitch.1,775628,11.2996,-6.759,29.5096,97.3104,59.3881,-29.3822,-0.2063,0.327
1780080241019,2,Pitching Mound.Delivery,,Delivery,pitch.1,773716,-0.2828,-11.7649,65.9614,8.0021,110.2576,-46.8384,-0.1713,0.0396
1780080241019,2,Pitching Mound.Drive,,Delivery,pitch.1,774828,0.2625,0.0469,0.5722,0.0331,-0.0131,0.0081,0.0,0.0
1780080241019,2,Pitching Mound.Parent,,Delivery,pitch.1,772972,-0.0349,-11.7234,66.4926,8.0177,110.2465,-46.8295,-0.17,0.0393
1780080241020,2,11.0000004b,Drive,Delivery,pitch.1,774829,0.267,0.0537,0.5954,0.0195,-0.0149,0.0085,0.0,0.0
1780080241020,2,12.00000015,Lower Delivery,Delivery,pitch.1,774343,-11.449,-5.165,36.5924,-92.231,51.2179,-24.3999,-0.1435,-0.2583
1780080241020,2,12.00000018,Upper Delivery,Delivery,pitch.1,775629,11.2781,-6.7503,29.3894,96.4891,58.7247,-29.3319,-0.2048,0.327
1780080241020,2,Pitching Mound.Delivery,,Delivery,pitch.1,773717,-0.24,-11.8312,65.9344,6.8822,109.8689,-46.4465,-0.1708,0.0396
1780080241020,2,Pitching Mound.Drive,,Delivery,pitch.1,774829,0.267,0.0537,0.5954,0.0195,-0.0149,0.0085,0.0,0.0
1780080241020,2,Pitching Mound.Parent,,Delivery,pitch.1,772973,0.0226,-11.7843,66.5066,6.9153,109.8558,-46.4385,-0.1693,0.0392
1780080241021,2,11.0000004b,Drive,Delivery,pitch.1,774830,0.2796,0.0508,0.5886,0.0177,-0.0211,0.0097,0.0,0.0
1780080241021,2,12.00000015,Lower Delivery,Delivery,pitch.1,774344,-11.3735,-5.2537,36.5849,-92.0462,51.2637,-23.9993,-0.1436,-0.2579
1780080241021,2,12.00000018,Upper Delivery,Delivery,pitch.1,775630,11.2192,-6.7415,29.1652,96.4092,58.6157,-29.2743,-0.206,0.327
1780080241021,2,Pitching Mound.Delivery,,Delivery,pitch.1,773718,-0.2297,-11.9065,65.7577,6.7035,109.8336,-45.9671,-0.1712,0.0397
1780080241021,2,Pitching Mound.Drive,,Delivery,pitch.1,774830,0.2796,0.0508,0.5886,0.0177,-0.0211,0.0097,0.0,0.0
1780080241021,2,Pitching Mound.Parent,,Delivery,pitch.1,772974,0.0373,-11.8528,66.3531,6.723,109.8187,-45.9586,-0.1697,0.0393
1780080241022,2,11.0000004b,Drive,Delivery,pitch.1,774831,0.2831,0.0492,0.5789,0.0225,-0.0384,0.0103,0.0,0.0
1780080241022,2,12.00000015,Lower Delivery,Delivery,pitch.1,774345,-11.3043,-5.3629,36.7523,-92.3497,51.4572,-23.5754,-0.1435,-0.2575
1780080241022,2,12.00000018,Upper Delivery,Delivery,pitch.1,775631,11.1534,-6.7167,29.0026,96.3617,58.51,-29.2212,-0.2068,0.327
1780080241022,2,Pitching Mound.Delivery,,Delivery,pitch.1,773719,-0.22,-11.9704,65.5875,6.8934,109.7737,-45.5613,-0.1715,0.0401
1780080241022,2,Pitching Mound.Drive,,Delivery,pitch.1,774831,0.2831,0.0492,0.5789,0.0225,-0.0384,0.0103,0.0,0.0
1780080241022,2,Pitching Mound.Parent,,Delivery,pitch.1,772975,0.0595,-11.9196,66.1761,6.9111,109.7525,-45.5516,-0.17,0.0397
1780080241023,2,11.0000004b,Drive,Delivery,pitch.1,774832,0.2844,0.0362,0.5477,0.014,-0.0335,0.0097,0.0,0.0
1780080241023,2,12.00000015,Lower Delivery,Delivery,pitch.1,774346,-11.2021,-5.4578,36.8538,-92.8654,51.8538,-23.1044,-0.1442,-0.2583
1780080241023,2,12.00000018,Upper Delivery,Delivery,pitch.1,775632,11.1159,-6.6539,28.7667,96.0605,58.3042,-29.1477,-0.2077,0.327
1780080241023,2,Pitching Mound.Delivery,,Delivery,pitch.1,773720,-0.1884,-12.0168,65.519,6.4258,109.7614,-45.1002,-0.1717,0.0406
1780080241023,2,Pitching Mound.Drive,,Delivery,pitch.1,774832,0.2844,0.0362,0.5477,0.014,-0.0335,0.0097,0.0,0.0
1780080241023,2,Pitching Mound.Parent,,Delivery,pitch.1,772976,0.0947,-11.9676,66.0979,6.4483,109.723,-45.0899,-0.1702,0.0402
1780080241024,2,11.0000004b,Drive,Delivery,pitch.1,774833,0.2563,0.0388,0.562,0.01,-0.0189,0.0102,0.0,0.0
1780080241024,2,12.00000015,Lower Delivery,Delivery,pitch.1,774347,-11.1197,-5.6036,36.8675,-92.7897,51.7942,-22.6419,-0.144,-0.258
1780080241024,2,12.00000018,Upper Delivery,Delivery,pitch.1,775633,11.0361,-6.6267,28.4978,95.7819,58.0665,-29.0574,-0.2088,0.327
1780080241024,2,Pitching Mound.Delivery,,Delivery,pitch.1,773721,-0.1659,-12.0845,65.3516,5.7575,109.9202,-44.6009,-0.1724,0.0404
1780080241024,2,Pitching Mound.Drive,,Delivery,pitch.1,774833,0.2563,0.0388,0.562,0.01,-0.0189,0.0102,0.0,0.0
1780080241024,2,Pitching Mound.Parent,,Delivery,pitch.1,772977,0.1184,-12.0483,65.8993,5.7715,109.8867,-44.5911,-0.171,0.0401
1780080241025,2,11.0000004b,Drive,Delivery,pitch.1,774834,0.2376,0.0392,0.5459,0.0094,-0.0204,0.0104,0.0,0.0
1780080241025,2,12.00000015,Lower Delivery,Delivery,pitch.1,774348,-11.0147,-5.6856,37.066,-93.2965,52.1753,-22.1275,-0.1443,-0.258
1780080241025,2,12.00000018,Upper Delivery,Delivery,pitch.1,775634,11.0259,-6.5974,28.333,93.8438,56.6245,-28.89,-0.2048,0.327
1780080241025,2,Pitching Mound.Delivery,,Delivery,pitch.1,773722,-0.0938,-12.201,65.2006,3.9559,108.4187,-44.0024,-0.1704,0.0407
1780080241025,2,Pitching Mound.Drive,,Delivery,pitch.1,774834,0.2376,0.0392,0.5459,0.0094,-0.0204,0.0104,0.0,0.0
1780080241025,2,Pitching Mound.Parent,,Delivery,pitch.1,772978,0.1625,-12.1622,65.7626,3.9659,108.3998,-43.9921,-0.169,0.0404
1780080241026,2,11.0000004b,Drive,Delivery,pitch.1,774835,0.2052,0.0375,0.5365,0.0082,-0.0205,0.0105,0.0,0.0
1780080241026,2,12.00000015,Lower Delivery,Delivery,pitch.1,774349,-10.8951,-5.796,37.4063,-94.3774,53.0236,-21.6349,-0.1453,-0.2586
1780080241026,2,12.00000018,Upper Delivery,Delivery,pitch.1,775635,10.9789,-6.5836,28.2175,93.4392,56.1535,-28.7607,-0.204,0.327
1780080241026,2,Pitching Mound.Delivery,,Delivery,pitch.1,773723,-0.0359,-12.2691,65.2835,3.1512,108.3288,-43.4103,-0.1701,0.041
1780080241026,2,Pitching Mound.Drive,,Delivery,pitch.1,774835,0.2052,0.0375,0.5365,0.0082,-0.0205,0.0105,0.0,0.0
1780080241026,2,Pitching Mound.Parent,,Delivery,pitch.1,772979,0.2017,-12.23,65.8294,3.1606,108.3085,-43.4,-0.1687,0.0406
1780080241027,2,11.0000004b,Drive,Delivery,pitch.1,774836,0.2306,0.0337,0.5459,0.0088,-0.0213,0.01,0.0,0.0
1780080241027,2,12.00000015,Lower Delivery,Delivery,pitch.1,774350,-10.8301,-5.8835,37.2452,-93.8175,52.6758,-21.1839,-0.145,-0.2582
1780080241027,2,12.00000018,Upper Delivery,Delivery,pitch.1,775636,10.9725,-6.5513,28.0823,91.7079,54.7958,-28.6115,-0.2,0.327
1780080241027,2,Pitching Mound.Delivery,,Delivery,pitch.1,773724,0.0773,-12.3474,65.4885,0.5007,107.8195,-42.8114,-0.1687,0.0409
1780080241027,2,Pitching Mound.Drive,,Delivery,pitch.1,774836,0.2306,0.0337,0.5459,0.0088,-0.0213,0.01,0.0,0.0
1780080241027,2,Pitching Mound.Parent,,Delivery,pitch.1,772980,0.2825,-12.3099,66.025,0.5089,107.799,-42.8009,-0.1674,0.0406
1780080241028,2,11.0000004b,Drive,Delivery,pitch.1,774837,0.2335,0.0383,0.5568,0.0076,-0.0226,0.0102,0.0,0.0
1780080241028,2,12.00000015,Lower Delivery,Delivery,pitch.1,774351,-10.7218,-5.9744,37.2734,-94.2326,52.9595,-20.6739,-0.1456,-0.2591
1780080241028,2,12.00000018,Upper Delivery,Delivery,pitch.1,775637,10.8404,-6.5101,27.7693,92.9714,55.6187,-28.5665,-0.2053,0.327
1780080241028,2,Pitching Mound.Delivery,,Delivery,pitch.1,773725,0.0104,-12.3936,65.0144,2.3757,108.2945,-42.3825,-0.1707,0.0413
1780080241028,2,Pitching Mound.Drive,,Delivery,pitch.1,774837,0.2335,0.0383,0.5568,0.0076,-0.0226,0.0102,0.0,0.0
1780080241028,2,Pitching Mound.Parent,,Delivery,pitch.1,772981,0.241,-12.3599,65.5603,2.3845,108.2732,-42.3725,-0.1693,0.041
1780080241029,2,11.0000004b,Drive,Delivery,pitch.1,774838,0.252,0.0273,0.5194,0.0078,-0.0198,0.01,0.0,0.0
1780080241029,2,12.00000015,Lower Delivery,Delivery,pitch.1,774352,-10.6521,-6.0735,37.314,-94.2512,53.0985,-20.1752,-0.1459,-0.2589
1780080241029,2,12.00000018,Upper Delivery,Delivery,pitch.1,775638,10.7699,-6.4443,27.5763,93.1921,55.837,-28.4445,-0.2075,0.327
1780080241029,2,Pitching Mound.Delivery,,Delivery,pitch.1,773726,0.0481,-12.4187,64.8497,2.2566,108.7965,-41.8113,-0.172,0.041
1780080241029,2,Pitching Mound.Drive,,Delivery,pitch.1,774838,0.252,0.0273,0.5194,0.0078,-0.0198,0.01,0.0,0.0
1780080241029,2,Pitching Mound.Parent,,Delivery,pitch.1,772982,0.2816,-12.3804,65.4065,2.2642,108.7739,-41.8011,-0.1705,0.0406
1780080241030,2,11.0000004b,Drive,Delivery,pitch.1,774839,0.2534,0.0296,0.5111,0.0072,-0.0189,0.0109,0.0,0.0
1780080241030,2,12.00000015,Lower Delivery,Delivery,pitch.1,774353,-10.5772,-6.1602,37.6616,-94.6117,53.2965,-19.6899,-0.145,-0.2575
1780080241030,2,12.00000018,Upper Delivery,Delivery,pitch.1,775639,10.7146,-6.4241,27.3692,92.2802,54.9826,-28.3377,-0.2059,0.327
1780080241030,2,Pitching Mound.Delivery,,Delivery,pitch.1,773727,0.0625,-12.4976,64.6832,1.4102,108.0811,-41.2482,-0.1713,0.0413
1780080241030,2,Pitching Mound.Drive,,Delivery,pitch.1,774839,0.2534,0.0296,0.5111,0.0072,-0.0189,0.0109,0.0,0.0
1780080241030,2,Pitching Mound.Parent,,Delivery,pitch.1,772983,0.3145,-12.4703,65.2027,1.4181,108.0613,-41.2382,-0.1699,0.041
1780080241031,2,11.0000004b,Drive,Delivery,pitch.1,774840,0.265,0.0323,0.5206,0.0066,-0.0171,0.0112,0.0,0.0
1780080241031,2,12.00000015,Lower Delivery,Delivery,pitch.1,774354,-10.4915,-6.2202,37.8143,-94.8976,53.4524,-19.2636,-0.1449,-0.2572
1780080241031,2,12.00000018,Upper Delivery,Delivery,pitch.1,775640,10.6835,-6.3729,27.2441,91.5079,54.4216,-28.1704,-0.2047,0.327
1780080241031,2,Pitching Mound.Delivery,,Delivery,pitch.1,773728,0.1063,-12.5331,64.9057,0.4382,107.7181,-40.6316,-0.1701,0.0424
1780080241031,2,Pitching Mound.Drive,,Delivery,pitch.1,774840,0.265,0.0323,0.5206,0.0066,-0.0171,0.0112,0.0,0.0
1780080241031,2,Pitching Mound.Parent,,Delivery,pitch.1,772984,0.3597,-12.5035,65.4168,0.4454,107.6992,-40.6207,-0.1688,0.0421
1780080241032,2,11.0000004b,Drive,Delivery,pitch.1,774841,0.2619,0.0269,0.501,0.0067,-0.0166,0.0116,0.0,0.0
1780080241032,2,12.00000015,Lower Delivery,Delivery,pitch.1,774355,-10.4272,-6.2949,37.8405,-95.1278,53.5574,-18.8003,-0.1451,-0.2577
1780080241032,2,12.00000018,Upper Delivery,Delivery,pitch.1,775641,10.61,-6.3506,27.1252,91.2293,54.0468,-28.0375,-0.2042,0.327
1780080241032,2,Pitching Mound.Delivery,,Delivery,pitch.1,773729,0.1184,-12.5708,64.9395,-0.034,107.4992,-40.1265,-0.1697,0.0428
1780080241032,2,Pitching Mound.Drive,,Delivery,pitch.1,774841,0.2619,0.0269,0.501,0.0067,-0.0166,0.0116,0.0,0.0
1780080241032,2,Pitching Mound.Parent,,Delivery,pitch.1,772985,0.3835,-12.5385,65.4601,-0.0273,107.4821,-40.1153,-0.1683,0.0424
1780080241033,2,11.0000004b,Drive,Delivery,pitch.1,774842,0.2646,0.0335,0.4897,0.0061,-0.0155,0.0122,0.0,0.0
1780080241033,2,12.00000015,Lower Delivery,Delivery,pitch.1,774356,-10.378,-6.3366,37.8187,-95.0502,53.5143,-18.3687,-0.145,-0.2576
1780080241033,2,12.00000018,Upper Delivery,Delivery,pitch.1,775642,10.5558,-6.3338,26.9168,90.935,53.8276,-27.9561,-0.205,0.327
1780080241033,2,Pitching Mound.Delivery,,Delivery,pitch.1,773730,0.1286,-12.6287,64.7573,-0.4788,107.385,-39.6222,-0.17,0.0427
1780080241033,2,Pitching Mound.Drive,,Delivery,pitch.1,774842,0.2646,0.0335,0.4897,0.0061,-0.0155,0.0122,0.0,0.0
1780080241033,2,Pitching Mound.Parent,,Delivery,pitch.1,772986,0.3905,-12.6018,65.2583,-0.4721,107.3684,-39.6106,-0.1687,0.0424
1780080241034,2,11.0000004b,Drive,Delivery,pitch.1,774843,0.2501,0.0566,0.5908,0.0054,-0.0164,0.0125,0.0,0.0
1780080241034,2,12.00000015,Lower Delivery,Delivery,pitch.1,774357,-10.2686,-6.3933,37.7955,-95.0835,53.5137,-18.0059,-0.1451,-0.2579
1780080241034,2,12.00000018,Upper Delivery,Delivery,pitch.1,775643,10.5195,-6.3158,26.7692,90.4091,53.4678,-27.813,-0.2047,0.327
1780080241034,2,Pitching Mound.Delivery,,Delivery,pitch.1,773731,0.1416,-12.6525,64.5879,-0.8843,106.9821,-39.0765,-0.1698,0.0429
1780080241034,2,Pitching Mound.Drive,,Delivery,pitch.1,774843,0.2501,0.0566,0.5908,0.0054,-0.0164,0.0125,0.0,0.0
1780080241034,2,Pitching Mound.Parent,,Delivery,pitch.1,772987,0.4061,-12.619,65.0775,-0.8782,106.9666,-39.0644,-0.1685,0.0425
1780080241035,2,11.0000004b,Drive,Delivery,pitch.1,774844,0.2524,0.0487,0.5283,0.0056,-0.0154,0.0124,0.0,0.0
1780080241035,2,12.00000015,Lower Delivery,Delivery,pitch.1,774358,-10.1955,-6.4495,37.7379,-95.0915,53.4131,-17.6075,-0.1451,-0.2583
1780080241035,2,12.00000018,Upper Delivery,Delivery,pitch.1,775644,10.4537,-6.3133,26.5855,90.3442,53.4729,-27.7258,-0.2062,0.327
1780080241035,2,Pitching Mound.Delivery,,Delivery,pitch.1,773732,0.185,-12.7066,64.381,-0.928,106.9866,-38.6861,-0.1703,0.0429
1780080241035,2,Pitching Mound.Drive,,Delivery,pitch.1,774844,0.2524,0.0487,0.5283,0.0056,-0.0154,0.0124,0.0,0.0
1780080241035,2,Pitching Mound.Parent,,Delivery,pitch.1,772988,0.4351,-12.65,64.9718,-0.9226,106.9702,-38.6736,-0.1688,0.0425
1780080241036,2,11.0000004b,Drive,Delivery,pitch.1,774845,0.2522,0.0521,0.5425,0.0065,-0.0127,0.0123,0.0,0.0
1780080241036,2,12.00000015,Lower Delivery,Delivery,pitch.1,774359,-10.0767,-6.5091,37.711,-95.7806,53.8338,-17.2516,-0.1463,-0.2603
1780080241036,2,12.00000018,Upper Delivery,Delivery,pitch.1,775645,10.4071,-6.3056,26.4831,90.0985,53.2481,-27.6061,-0.2061,0.327
1780080241036,2,Pitching Mound.Delivery,,Delivery,pitch.1,773733,0.2116,-12.7551,64.2211,-1.1664,106.6613,-38.2088,-0.1702,0.0427
1780080241036,2,Pitching Mound.Drive,,Delivery,pitch.1,774845,0.2522,0.0521,0.5425,0.0065,-0.0127,0.0123,0.0,0.0
1780080241036,2,Pitching Mound.Parent,,Delivery,pitch.1,772989,0.4641,-12.7065,64.7493,-1.1608,106.6459,-38.1963,-0.1688,0.0423
1780080241037,2,11.0000004b,Drive,Delivery,pitch.1,774846,0.267,0.0506,0.5035,0.0076,-0.0118,0.0118,0.0,0.0
1780080241037,2,12.00000018,Upper Delivery,Delivery,pitch.1,775646,10.3607,-6.3028,26.3215,89.0585,52.3835,-27.483,-0.204,0.327
1780080241037,2,Pitching Mound.Delivery,,Delivery,pitch.1,773734,0.284,-12.8119,64.0325,-2.8497,106.2173,-37.7859,-0.17,0.0416
1780080241037,2,Pitching Mound.Drive,,Delivery,pitch.1,774846,0.267,0.0506,0.5035,0.0076,-0.0118,0.0118,0.0,0.0
1780080241037,2,Pitching Mound.Parent,,Delivery,pitch.1,772990,0.5362,-12.7598,64.575,-2.8432,106.2046,-37.7736,-0.1686,0.0412
1780080241038,2,11.0000004b,Drive,Delivery,pitch.1,774847,0.2343,0.0436,0.4236,0.0078,-0.0103,0.0115,0.0,0.0
1780080241038,2,12.00000015,Lower Delivery,Delivery,pitch.1,774360,-9.9818,-6.5768,37.8025,-95.9293,53.8717,-16.9052,-0.1461,-0.2601
1780080241038,2,12.00000015,Lower Delivery,Delivery,pitch.1,774361,-9.8422,-6.5839,37.8296,-95.9372,53.8157,-16.6187,-0.1458,-0.2599
1780080241038,2,12.00000018,Upper Delivery,Delivery,pitch.1,775647,10.2728,-6.289,26.1341,89.5052,52.7091,-27.352,-0.2067,0.327
1780080241038,2,Pitching Mound.Delivery,,Delivery,pitch.1,773735,0.291,-12.8659,63.9366,-2.4569,106.5809,-37.3706,-0.1709,0.0419
1780080241038,2,Pitching Mound.Drive,,Delivery,pitch.1,774847,0.2343,0.0436,0.4236,0.0078,-0.0103,0.0115,0.0,0.0
1780080241038,2,Pitching Mound.Parent,,Delivery,pitch.1,772991,0.558,-12.8152,64.4401,-2.4493,106.5691,-37.3588,-0.1695,0.0416
1780080241039,2,11.0000004b,Drive,Delivery,pitch.1,774848,0.2268,0.0438,0.3914,0.0117,-0.0108,0.0107,0.0,0.0
1780080241039,2,12.00000015,Lower Delivery,Delivery,pitch.1,774362,-9.7485,-6.5949,37.8901,-95.9187,53.8417,-16.395,-0.1456,-0.2595
1780080241039,2,12.00000018,Upper Delivery,Delivery,pitch.1,775648,10.2355,-6.3073,26.0477,88.9486,52.2206,-27.2088,-0.2055,0.327
1780080241039,2,Pitching Mound.Delivery,,Delivery,pitch.1,773736,0.3933,-12.8911,63.8774,-2.9827,106.0363,-37.001,-0.1701,0.0421
1780080241039,2,Pitching Mound.Drive,,Delivery,pitch.1,774848,0.2268,0.0438,0.3914,0.0117,-0.0108,0.0107,0.0,0.0
1780080241039,2,Pitching Mound.Parent,,Delivery,pitch.1,772992,0.6276,-12.8476,64.3009,-2.9749,106.0261,-36.9896,-0.169,0.0419
1780080241040,2,11.0000004b,Drive,Delivery,pitch.1,774849,0.2195,0.0645,0.4322,0.0093,-0.0128,0.0097,0.0,0.0
1780080241040,2,12.00000015,Lower Delivery,Delivery,pitch.1,774363,-9.6892,-6.5929,38.0854,-95.8724,53.7035,-16.1692,-0.1445,-0.258
1780080241040,2,12.00000018,Upper Delivery,Delivery,pitch.1,775649,10.2008,-6.2939,25.9578,88.5466,51.7025,-27.0237,-0.2041,0.327
1780080241040,2,Pitching Mound.Delivery,,Delivery,pitch.1,773737,0.4522,-12.8888,63.8479,-3.3151,105.5442,-36.6359,-0.1694,0.0425
1780080241040,2,Pitching Mound.Drive,,Delivery,pitch.1,774849,0.2195,0.0645,0.4322,0.0093,-0.0128,0.0097,0.0,0.0
1780080241040,2,Pitching Mound.Parent,,Delivery,pitch.1,772993,0.679,-12.845,64.2393,-3.3034,105.5334,-36.6252,-0.1684,0.0423
1780080241041,2,11.0000004b,Drive,Delivery,pitch.1,774850,0.2161,0.069,0.4006,0.0098,-0.0135,0.0087,0.0,0.0
1780080241041,2,12.00000015,Lower Delivery,Delivery,pitch.1,774364,-9.6263,-6.6149,38.2638,-96.215,53.9694,-15.9633,-0.1446,-0.2577
1780080241041,2,12.00000018,Upper Delivery,Delivery,pitch.1,775650,10.1867,-6.2781,25.8886,88.0453,51.3383,-26.8289,-0.2033,0.327
1780080241041,2,Pitching Mound.Delivery,,Delivery,pitch.1,773738,0.4975,-12.871,63.9739,-3.6802,105.0418,-36.2404,-0.1683,0.0436
1780080241041,2,Pitching Mound.Drive,,Delivery,pitch.1,774850,0.2161,0.069,0.4006,0.0098,-0.0135,0.0087,0.0,0.0
1780080241041,2,Pitching Mound.Parent,,Delivery,pitch.1,772994,0.717,-12.8065,64.4061,-3.6709,105.0291,-36.2306,-0.1672,0.0433
1780080241042,2,11.0000004b,Drive,Delivery,pitch.1,774851,0.2017,0.0568,0.3688,0.0097,-0.0129,0.0088,0.0,0.0
1780080241042,2,12.00000015,Lower Delivery,Delivery,pitch.1,774365,-9.5572,-6.6167,38.4051,-96.209,53.9329,-15.7455,-0.1439,-0.2568
1780080241042,2,12.00000018,Upper Delivery,Delivery,pitch.1,775651,10.1377,-6.277,25.7596,87.3708,50.8575,-26.6337,-0.2024,0.327
1780080241042,2,Pitching Mound.Delivery,,Delivery,pitch.1,773739,0.5114,-12.8919,64.0234,-4.5928,104.8269,-35.8772,-0.1678,0.044
1780080241042,2,Pitching Mound.Drive,,Delivery,pitch.1,774851,0.2017,0.0568,0.3688,0.0097,-0.0129,0.0088,0.0,0.0
1780080241042,2,Pitching Mound.Parent,,Delivery,pitch.1,772995,0.7275,-12.8229,64.424,-4.583,104.8134,-35.8685,-0.1668,0.0437
1780080241043,2,11.0000004b,Drive,Delivery,pitch.1,774852,0.2067,0.044,0.3594,0.0096,-0.0129,0.0086,0.0,0.0
1780080241043,2,12.00000018,Upper Delivery,Delivery,pitch.1,775652,10.1358,-6.258,25.5798,85.9312,49.7909,-26.4184,-0.1995,0.327
1780080241043,2,Pitching Mound.Delivery,,Delivery,pitch.1,773740,0.5786,-12.8747,63.9849,-5.9172,103.7238,-35.4682,-0.1662,0.0448
1780080241043,2,Pitching Mound.Drive,,Delivery,pitch.1,774852,0.2067,0.044,0.3594,0.0096,-0.0129,0.0086,0.0,0.0
1780080241043,2,Pitching Mound.Parent,,Delivery,pitch.1,772996,0.7803,-12.8179,64.3537,-5.9075,103.7109,-35.4594,-0.1652,0.0445
1780080241044,2,11.0000004b,Drive,Delivery,pitch.1,774853,0.2397,0.0411,0.425,0.0093,-0.0146,0.0089,0.0,0.0
1780080241044,2,12.00000015,Lower Delivery,Delivery,pitch.1,774366,-9.508,-6.6029,38.5046,-96.6342,54.1829,-15.5755,-0.1442,-0.2572
1780080241044,2,12.00000015,Lower Delivery,Delivery,pitch.1,774367,-9.452,-6.6024,38.5216,-96.9031,54.2275,-15.366,-0.1443,-0.2578
1780080241044,2,12.00000018,Upper Delivery,Delivery,pitch.1,775653,10.0797,-6.2129,25.4497,85.6977,49.5205,-26.2375,-0.1994,0.327
1780080241044,2,Pitching Mound.Delivery,,Delivery,pitch.1,773741,0.5717,-12.8159,63.9543,-6.4978,103.7034,-35.1532,-0.1662,0.0447
1780080241044,2,Pitching Mound.Drive,,Delivery,pitch.1,774853,0.2397,0.0411,0.425,0.0093,-0.0146,0.0089,0.0,0.0
1780080241044,2,Pitching Mound.Parent,,Delivery,pitch.1,772997,0.7784,-12.7719,64.3137,-6.4883,103.6905,-35.1446,-0.1653,0.0444
1780080241045,2,11.0000004b,Drive,Delivery,pitch.1,774854,0.2372,0.0328,0.4079,0.0094,-0.0124,0.0092,0.0,0.0
1780080241045,2,12.00000015,Lower Delivery,Delivery,pitch.1,774368,-9.4312,-6.6298,38.3997,-97.0562,54.2817,-15.1469,-0.1449,-0.2591
1780080241045,2,12.00000018,Upper Delivery,Delivery,pitch.1,775654,10.0148,-6.1826,25.273,86.3823,49.9048,-26.0793,-0.2024,0.327
1780080241045,2,Pitching Mound.Delivery,,Delivery,pitch.1,773742,0.5628,-12.7849,63.7946,-6.0163,104.1323,-34.8267,-0.1673,0.0445
1780080241045,2,Pitching Mound.Drive,,Delivery,pitch.1,774854,0.2372,0.0328,0.4079,0.0094,-0.0124,0.0092,0.0,0.0
1780080241045,2,Pitching Mound.Parent,,Delivery,pitch.1,772998,0.8025,-12.7438,64.2196,-6.0069,104.1177,-34.8177,-0.1662,0.0442
1780080241046,2,11.0000004b,Drive,Delivery,pitch.1,774855,0.2415,0.0344,0.4072,0.0108,-0.0202,0.0092,0.0,0.0
1780080241046,2,12.00000015,Lower Delivery,Delivery,pitch.1,774369,-9.398,-6.6417,38.3967,-97.4674,54.5653,-14.9565,-0.1457,-0.2602
1780080241046,2,12.00000018,Upper Delivery,Delivery,pitch.1,775655,9.9592,-6.1383,25.1382,85.7852,49.5408,-25.8319,-0.202,0.327
1780080241046,2,12.00000018,Upper Delivery,Delivery,pitch.1,775656,9.9081,-6.1065,24.9713,85.0942,48.9595,-25.6406,-0.201,0.327
1780080241046,2,Pitching Mound.Delivery,,Delivery,pitch.1,773743,0.5279,-12.7681,63.5379,-6.7621,103.8226,-34.3861,-0.1675,0.0438
1780080241046,2,Pitching Mound.Delivery,,Delivery,pitch.1,773744,0.5101,-12.7483,63.368,-7.8086,103.5248,-34.033,-0.1674,0.0433
1780080241046,2,Pitching Mound.Drive,,Delivery,pitch.1,774855,0.2415,0.0344,0.4072,0.0108,-0.0202,0.0092,0.0,0.0
1780080241046,2,Pitching Mound.Parent,,Delivery,pitch.1,772999,0.7652,-12.7353,63.9458,-6.7527,103.8101,-34.3769,-0.1664,0.0435
1780080241046,2,Pitching Mound.Parent,,Delivery,pitch.1,773000,0.7516,-12.7139,63.7752,-7.7979,103.5046,-34.0238,-0.1664,0.043
1780080241047,2,11.0000004b,Drive,Delivery,pitch.1,774856,0.2239,0.0306,0.3892,0.0089,-0.0135,0.0089,0.0,0.0
1780080241047,2,12.00000015,Lower Delivery,Delivery,pitch.1,774370,-9.3819,-6.6681,38.3269,-97.4935,54.4226,-14.6959,-0.1455,-0.2607
1780080241047,2,Pitching Mound.Drive,,Delivery,pitch.1,774856,0.2239,0.0306,0.3892,0.0089,-0.0135,0.0089,0.0,0.0
1780080241048,2,11.0000004b,Drive,Delivery,pitch.1,774857,0.2276,0.0304,0.3906,0.0091,-0.013,0.0091,0.0,0.0
1780080241048,2,12.00000015,Lower Delivery,Delivery,pitch.1,774371,-9.3561,-6.7011,38.3931,-97.8106,54.5949,-14.4733,-0.1457,-0.2611
1780080241048,2,12.00000018,Upper Delivery,Delivery,pitch.1,775657,9.8419,-6.0995,24.8469,84.6549,48.6011,-25.5056,-0.2005,0.327
1780080241048,2,12.00000018,Upper Delivery,Delivery,pitch.1,775658,9.7644,-6.1124,24.6754,84.5339,48.5953,-25.3759,-0.2019,0.327
1780080241048,2,Pitching Mound.Delivery,,Delivery,pitch.1,773745,0.46,-12.7676,63.1738,-8.2553,103.0237,-33.6653,-0.1671,0.043
1780080241048,2,Pitching Mound.Delivery,,Delivery,pitch.1,773746,0.4083,-12.8135,63.0686,-8.6127,103.1903,-33.3482,-0.1677,0.0429
1780080241048,2,Pitching Mound.Drive,,Delivery,pitch.1,774857,0.2276,0.0304,0.3906,0.0091,-0.013,0.0091,0.0,0.0
1780080241048,2,Pitching Mound.Parent,,Delivery,pitch.1,773001,0.6838,-12.737,63.5631,-8.2464,103.0101,-33.6565,-0.1661,0.0427
1780080241048,2,Pitching Mound.Parent,,Delivery,pitch.1,773002,0.6359,-12.7831,63.4592,-8.6036,103.1773,-33.3391,-0.1667,0.0427
1780080241049,2,11.0000004b,Drive,Delivery,pitch.1,774858,0.2287,0.0331,0.4,0.0114,-0.0238,0.0091,0.0,0.0
1780080241049,2,12.00000015,Lower Delivery,Delivery,pitch.1,774372,-9.3132,-6.7381,38.4773,-97.8118,54.6596,-14.2542,-0.1456,-0.2605
1780080241049,2,Pitching Mound.Drive,,Delivery,pitch.1,774858,0.2287,0.0331,0.4,0.0114,-0.0238,0.0091,0.0,0.0
1780080241050,2,11.0000004b,Drive,Delivery,pitch.1,774859,0.2198,0.035,0.3978,0.0096,-0.0125,0.0098,0.0,0.0
1780080241050,2,12.00000015,Lower Delivery,Delivery,pitch.1,774373,-9.2668,-6.7861,38.4842,-98.0511,54.8014,-14.0067,-0.146,-0.2611
1780080241050,2,12.00000018,Upper Delivery,Delivery,pitch.1,775660,9.6477,-6.0601,24.3785,84.0631,48.2052,-25.1596,-0.2027,0.327
1780080241050,2,12.00000018,Upper Delivery,Delivery,pitch.1,775659,9.7163,-6.0754,24.5344,84.3608,48.4355,-25.2704,-0.2023,0.327
1780080241050,2,Pitching Mound.Delivery,,Delivery,pitch.1,773747,0.403,-12.8135,63.0117,-8.7103,103.0951,-33.0546,-0.1677,0.0435
1780080241050,2,Pitching Mound.Delivery,,Delivery,pitch.1,773748,0.3809,-12.8462,62.8627,-9.1921,103.0065,-32.7354,-0.1679,0.0432
1780080241050,2,Pitching Mound.Drive,,Delivery,pitch.1,774859,0.2198,0.035,0.3978,0.0096,-0.0125,0.0098,0.0,0.0
1780080241050,2,Pitching Mound.Parent,,Delivery,pitch.1,773003,0.6317,-12.7804,63.4117,-8.6989,103.0713,-33.0455,-0.1666,0.0432
1780080241050,2,Pitching Mound.Parent,,Delivery,pitch.1,773004,0.6007,-12.8112,63.2605,-9.1824,102.9941,-32.7256,-0.1669,0.043
1780080241051,2,11.0000004b,Drive,Delivery,pitch.1,774860,0.2008,0.0182,0.357,0.0142,-0.042,0.0096,0.0,0.0
1780080241051,2,12.00000015,Lower Delivery,Delivery,pitch.1,774374,-9.2354,-6.8361,38.5361,-97.8712,54.7615,-13.7901,-0.1456,-0.2603
1780080241051,2,12.00000018,Upper Delivery,Delivery,pitch.1,775661,9.5873,-6.0584,24.2974,83.7661,48.0542,-25.0497,-0.2027,0.327
1780080241051,2,Pitching Mound.Delivery,,Delivery,pitch.1,773749,0.352,-12.8945,62.8336,-9.2639,102.8157,-32.4401,-0.1677,0.0439
1780080241051,2,Pitching Mound.Drive,,Delivery,pitch.1,774860,0.2008,0.0182,0.357,0.0142,-0.042,0.0096,0.0,0.0
1780080241051,2,Pitching Mound.Parent,,Delivery,pitch.1,773005,0.5527,-12.8763,63.1905,-9.2497,102.7737,-32.4305,-0.1668,0.0436
1780080241052,2,11.0000004b,Drive,Delivery,pitch.1,774861,0.2071,0.0262,0.396,0.0165,-0.0189,0.0095,0.0,0.0
1780080241052,2,12.00000015,Lower Delivery,Delivery,pitch.1,774375,-9.1969,-6.8749,38.6787,-97.9935,54.9891,-13.5556,-0.1457,-0.2597
1780080241052,2,12.00000018,Upper Delivery,Delivery,pitch.1,775662,9.5457,-6.0505,24.1742,83.4238,47.8116,-24.9961,-0.2027,0.327
1780080241052,2,Pitching Mound.Delivery,,Delivery,pitch.1,773750,0.3488,-12.9254,62.8529,-9.6381,102.8006,-32.1792,-0.1676,0.0444
1780080241052,2,Pitching Mound.Drive,,Delivery,pitch.1,774861,0.2071,0.0262,0.396,0.0165,-0.0189,0.0095,0.0,0.0
1780080241052,2,Pitching Mound.Parent,,Delivery,pitch.1,773006,0.556,-12.8992,63.2489,-9.6217,102.7817,-32.1697,-0.1666,0.0442
1780080241053,2,11.0000004b,Drive,Delivery,pitch.1,774862,0.2231,0.028,0.4105,0.0204,-0.0668,0.01,0.0,0.0
1780080241053,2,12.00000015,Lower Delivery,Delivery,pitch.1,774376,-9.1584,-6.8753,38.8892,-98.1774,55.1003,-13.3043,-0.1452,-0.2588
1780080241053,2,12.00000018,Upper Delivery,Delivery,pitch.1,775663,9.5029,-6.0439,24.1179,83.0412,47.7059,-24.9222,-0.2027,0.327
1780080241053,2,Pitching Mound.Delivery,,Delivery,pitch.1,773751,0.3445,-12.9192,63.0072,-10.114,102.8062,-31.8816,-0.1672,0.0452
1780080241053,2,Pitching Mound.Drive,,Delivery,pitch.1,774862,0.2231,0.028,0.4105,0.0204,-0.0668,0.01,0.0,0.0
1780080241053,2,Pitching Mound.Parent,,Delivery,pitch.1,773007,0.5676,-12.8912,63.4177,-10.0935,102.7394,-31.8716,-0.1662,0.0449
1780080241054,2,11.0000004b,Drive,Delivery,pitch.1,774863,0.2133,0.0293,0.3809,0.0225,-0.0763,0.0106,0.0,0.0
1780080241054,2,12.00000015,Lower Delivery,Delivery,pitch.1,774377,-9.094,-6.9102,39.1753,-98.2696,55.1909,-13.1039,-0.1444,-0.2571
1780080241054,2,12.00000018,Upper Delivery,Delivery,pitch.1,775664,9.4585,-6.0347,24.0441,82.7619,47.516,-24.8043,-0.2026,0.327
1780080241054,2,Pitching Mound.Delivery,,Delivery,pitch.1,773752,0.3646,-12.9449,63.2193,-10.3631,102.7068,-31.6003,-0.1665,0.0464
1780080241054,2,Pitching Mound.Drive,,Delivery,pitch.1,774863,0.2133,0.0293,0.3809,0.0225,-0.0763,0.0106,0.0,0.0
1780080241054,2,Pitching Mound.Parent,,Delivery,pitch.1,773008,0.5779,-12.9156,63.6002,-10.3406,102.6306,-31.5897,-0.1655,0.0462
1780080241055,2,11.0000004b,Drive,Delivery,pitch.1,774864,0.2289,0.037,0.4349,0.0313,-0.1668,0.0095,0.0,0.0
1780080241055,2,12.00000015,Lower Delivery,Delivery,pitch.1,774378,-9.0525,-6.92,39.37,-98.5687,55.5358,-12.8614,-0.1446,-0.2566
1780080241055,2,12.00000018,Upper Delivery,Delivery,pitch.1,775665,9.3968,-6.0355,23.9939,82.5265,47.4714,-24.7309,-0.2028,0.327
1780080241055,2,Pitching Mound.Delivery,,Delivery,pitch.1,773753,0.3443,-12.9556,63.3639,-10.8143,103.0072,-31.3195,-0.1666,0.0469
1780080241055,2,Pitching Mound.Drive,,Delivery,pitch.1,774864,0.2289,0.037,0.4349,0.0313,-0.1668,0.0095,0.0,0.0
1780080241055,2,Pitching Mound.Parent,,Delivery,pitch.1,773009,0.5732,-12.9186,63.7988,-10.783,102.8404,-31.3101,-0.1655,0.0466
1780080241056,2,11.0000004b,Drive,Delivery,pitch.1,774865,0.1977,0.0356,0.3758,0.0233,-0.0843,0.0104,0.0,0.0
1780080241056,2,12.00000015,Lower Delivery,Delivery,pitch.1,774379,-9.0152,-6.9396,39.4315,-98.4368,55.4465,-12.6191,-0.1441,-0.2559
1780080241056,2,12.00000018,Upper Delivery,Delivery,pitch.1,775666,9.3869,-5.9838,23.8932,82.2858,47.2335,-24.66,-0.2026,0.327
1780080241056,2,Pitching Mound.Delivery,,Delivery,pitch.1,773754,0.3716,-12.9234,63.3247,-10.868,102.68,-31.0224,-0.1662,0.0475
1780080241056,2,Pitching Mound.Drive,,Delivery,pitch.1,774865,0.1977,0.0356,0.3758,0.0233,-0.0843,0.0104,0.0,0.0
1780080241056,2,Pitching Mound.Parent,,Delivery,pitch.1,773010,0.5693,-12.8877,63.7005,-10.8446,102.5957,-31.0119,-0.1652,0.0472
1780080241057,2,11.0000004b,Drive,Delivery,pitch.1,774866,0.1765,0.0387,0.3369,0.0252,-0.0084,0.0103,0.0,0.0
1780080241057,2,12.00000015,Lower Delivery,Delivery,pitch.1,774380,-8.9431,-6.9363,39.6136,-98.622,55.4684,-12.3689,-0.1435,-0.2552
1780080241057,2,12.00000018,Upper Delivery,Delivery,pitch.1,775667,9.3791,-5.9859,23.8597,82.0447,47.2295,-24.5151,-0.2029,0.327
1780080241057,2,Pitching Mound.Delivery,,Delivery,pitch.1,773755,0.436,-12.9222,63.4734,-11.221,102.6979,-30.6544,-0.1658,0.0481
1780080241057,2,Pitching Mound.Drive,,Delivery,pitch.1,774866,0.1765,0.0387,0.3369,0.0252,-0.0084,0.0103,0.0,0.0
1780080241057,2,Pitching Mound.Parent,,Delivery,pitch.1,773011,0.6125,-12.8835,63.8103,-11.1957,102.6896,-30.6441,-0.165,0.0478
1780080241058,2,11.0000004b,Drive,Delivery,pitch.1,774867,0.1879,0.056,0.418,0.0359,-0.0092,0.0097,0.0,0.0
1780080241058,2,12.00000015,Lower Delivery,Delivery,pitch.1,774381,-8.8639,-6.9592,39.7833,-98.991,55.8408,-12.1628,-0.1439,-0.255
1780080241058,2,Pitching Mound.Drive,,Delivery,pitch.1,774867,0.1879,0.056,0.418,0.0359,-0.0092,0.0097,0.0,0.0
1780080241059,2,11.0000004b,Drive,Delivery,pitch.1,774868,0.1906,0.0637,0.3918,0.0395,-0.0042,0.0103,0.0,0.0
1780080241059,2,12.00000015,Lower Delivery,Delivery,pitch.1,774382,-8.811,-6.9837,39.7606,-99.2145,55.8291,-11.9229,-0.1439,-0.2558
1780080241059,2,12.00000018,Upper Delivery,Delivery,pitch.1,775668,9.3671,-5.9541,23.8088,81.7089,46.9822,-24.3452,-0.2023,0.327
1780080241059,2,Pitching Mound.Delivery,,Delivery,pitch.1,773756,0.5032,-12.9134,63.5921,-11.8507,102.823,-30.3095,-0.1657,0.0483
1780080241059,2,Pitching Mound.Drive,,Delivery,pitch.1,774868,0.1906,0.0637,0.3918,0.0395,-0.0042,0.0103,0.0,0.0
1780080241059,2,Pitching Mound.Parent,,Delivery,pitch.1,773012,0.6911,-12.8574,64.01,-11.8148,102.8138,-30.2999,-0.1646,0.048
1780080241060,2,11.0000004b,Drive,Delivery,pitch.1,774869,0.2104,0.0988,0.4705,0.0384,-0.0078,0.0102,0.0,0.0
1780080241060,2,12.00000015,Lower Delivery,Delivery,pitch.1,774383,-8.7459,-6.9993,39.7258,-99.3797,55.9777,-11.6799,-0.1444,-0.2564
1780080241060,2,12.00000018,Upper Delivery,Delivery,pitch.1,775669,9.3346,-5.9414,23.7251,81.4376,46.8972,-24.2191,-0.2026,0.327
1780080241060,2,Pitching Mound.Delivery,,Delivery,pitch.1,773757,0.5236,-12.9251,63.4857,-12.3248,102.7264,-29.9725,-0.1658,0.0479
1780080241060,2,Pitching Mound.Drive,,Delivery,pitch.1,774869,0.2104,0.0988,0.4705,0.0384,-0.0078,0.0102,0.0,0.0
1780080241060,2,Pitching Mound.Parent,,Delivery,pitch.1,773013,0.7143,-12.8614,63.8775,-12.2853,102.7222,-29.9622,-0.1648,0.0476
1780080241061,2,11.0000004b,Drive,Delivery,pitch.1,774870,0.2053,0.1064,0.4787,0.0298,-0.0099,0.0096,0.0,0.0
1780080241061,2,12.00000015,Lower Delivery,Delivery,pitch.1,774384,-8.6709,-7.0171,40.0044,-99.4553,56.2655,-11.4666,-0.1442,-0.2548
1780080241061,2,12.00000018,Upper Delivery,Delivery,pitch.1,775671,9.2633,-5.9971,23.5928,80.7244,46.4367,-23.9999,-0.2017,0.327
1780080241061,2,12.00000018,Upper Delivery,Delivery,pitch.1,775670,9.3056,-5.9592,23.653,81.0263,46.7872,-24.1263,-0.2027,0.327
1780080241061,2,Pitching Mound.Delivery,,Delivery,pitch.1,773758,0.5597,-12.9585,63.3788,-12.8886,102.7649,-29.6687,-0.1662,0.0476
1780080241061,2,Pitching Mound.Delivery,,Delivery,pitch.1,773759,0.5924,-13.0142,63.5972,-13.151,102.7022,-29.3689,-0.1655,0.0488
1780080241061,2,Pitching Mound.Drive,,Delivery,pitch.1,774870,0.2053,0.1064,0.4787,0.0298,-0.0099,0.0096,0.0,0.0
1780080241061,2,Pitching Mound.Parent,,Delivery,pitch.1,773014,0.7701,-12.8597,63.8493,-12.8502,102.7571,-29.6584,-0.165,0.0472
1780080241061,2,Pitching Mound.Parent,,Delivery,pitch.1,773015,0.7977,-12.9078,64.0759,-13.1212,102.6923,-29.3593,-0.1643,0.0484
1780080241062,2,11.0000004b,Drive,Delivery,pitch.1,774871,0.1815,0.1174,0.4415,0.0192,-0.0119,0.0111,0.0,0.0
1780080241062,2,12.00000015,Lower Delivery,Delivery,pitch.1,774385,-8.6159,-7.0374,40.1594,-99.9277,56.7857,-11.1624,-0.1449,-0.255
1780080241062,2,Pitching Mound.Drive,,Delivery,pitch.1,774871,0.1815,0.1174,0.4415,0.0192,-0.0119,0.0111,0.0,0.0
1780080241063,2,11.0000004b,Drive,Delivery,pitch.1,774872,0.1879,0.12,0.4368,0.0195,-0.0116,0.0107,0.0,0.0
1780080241063,2,12.00000015,Lower Delivery,Delivery,pitch.1,774386,-8.5371,-7.0677,40.3292,-99.897,56.875,-10.9289,-0.1445,-0.2539
1780080241063,2,12.00000018,Upper Delivery,Delivery,pitch.1,775673,9.1752,-6.0111,23.3807,80.4699,46.324,-23.7404,-0.2031,0.327
1780080241063,2,12.00000018,Upper Delivery,Delivery,pitch.1,775672,9.1858,-6.0185,23.4276,80.4593,46.2786,-23.8962,-0.2025,0.327
1780080241063,2,Pitching Mound.Delivery,,Delivery,pitch.1,773760,0.5699,-13.0559,63.587,-13.7795,103.0643,-29.006,-0.1661,0.0489
1780080241063,2,Pitching Mound.Delivery,,Delivery,pitch.1,773761,0.638,-13.0787,63.7099,-13.6646,103.199,-28.6471,-0.166,0.0498
1780080241063,2,Pitching Mound.Drive,,Delivery,pitch.1,774872,0.1879,0.12,0.4368,0.0195,-0.0116,0.0107,0.0,0.0
1780080241063,2,Pitching Mound.Parent,,Delivery,pitch.1,773016,0.7514,-12.9386,64.0285,-13.7603,103.0524,-28.995,-0.165,0.0485
1780080241063,2,Pitching Mound.Parent,,Delivery,pitch.1,773017,0.826,-12.9587,64.1467,-13.6451,103.1874,-28.6365,-0.1649,0.0494
1780080241064,2,11.0000004b,Drive,Delivery,pitch.1,774873,0.1961,0.1108,0.4326,0.0355,-0.0116,0.0103,0.0,0.0
1780080241064,2,12.00000015,Lower Delivery,Delivery,pitch.1,774387,-8.4882,-7.1134,40.3294,-99.9842,57.014,-10.6112,-0.1449,-0.2541
1780080241064,2,12.00000018,Upper Delivery,Delivery,pitch.1,775674,9.1471,-6.0168,23.2651,80.3997,46.2386,-23.6547,-0.2037,0.327
1780080241064,2,Pitching Mound.Delivery,,Delivery,pitch.1,773762,0.6589,-13.1302,63.5945,-13.7826,103.2526,-28.27,-0.1664,0.0497
1780080241064,2,Pitching Mound.Drive,,Delivery,pitch.1,774873,0.1961,0.1108,0.4326,0.0355,-0.0116,0.0103,0.0,0.0
1780080241064,2,Pitching Mound.Parent,,Delivery,pitch.1,773018,0.855,-13.0194,64.0271,-13.7471,103.241,-28.2597,-0.1653,0.0494
1780080241065,2,11.0000004b,Drive,Delivery,pitch.1,774874,0.2139,0.0949,0.4422,0.0368,-0.0121,0.0101,0.0,0.0
1780080241065,2,12.00000015,Lower Delivery,Delivery,pitch.1,774388,-8.4384,-7.1472,40.3633,-100.2229,57.2734,-10.3565,-0.1454,-0.2545
1780080241065,2,Pitching Mound.Drive,,Delivery,pitch.1,774874,0.2139,0.0949,0.4422,0.0368,-0.0121,0.0101,0.0,0.0
1780080241066,2,11.0000004b,Drive,Delivery,pitch.1,774875,0.1994,0.0995,0.4331,0.0271,-0.0129,0.0111,0.0,0.0
1780080241066,2,12.00000015,Lower Delivery,Delivery,pitch.1,774389,-8.3861,-7.2044,40.4945,-100.6272,57.7082,-10.0593,-0.1461,-0.2547
1780080241066,2,12.00000018,Upper Delivery,Delivery,pitch.1,775675,9.09,-6.0468,23.1817,80.3491,46.3051,-23.5654,-0.2047,0.327
1780080241066,2,Pitching Mound.Delivery,,Delivery,pitch.1,773763,0.6516,-13.194,63.545,-14.0321,103.5785,-27.9622,-0.1671,0.0496
1780080241066,2,Pitching Mound.Drive,,Delivery,pitch.1,774875,0.1994,0.0995,0.4331,0.0271,-0.0129,0.0111,0.0,0.0
1780080241066,2,Pitching Mound.Parent,,Delivery,pitch.1,773019,0.8655,-13.0992,63.9872,-13.9953,103.5664,-27.9521,-0.1659,0.0492
1780080241067,2,11.0000004b,Drive,Delivery,pitch.1,774876,0.2378,0.0918,0.4685,0.0323,-0.0147,0.0104,0.0,0.0
1780080241067,2,12.00000015,Lower Delivery,Delivery,pitch.1,774390,-8.3443,-7.2538,40.4857,-101.0658,58.1745,-9.7789,-0.1473,-0.2559
1780080241067,2,12.00000018,Upper Delivery,Delivery,pitch.1,775677,9.0529,-6.0536,23.0766,80.1639,46.0924,-23.4683,-0.2047,0.327
1780080241067,2,12.00000018,Upper Delivery,Delivery,pitch.1,775676,9.0875,-6.0624,23.1789,80.0408,45.9751,-23.5204,-0.2033,0.327
1780080241067,2,Pitching Mound.Delivery,,Delivery,pitch.1,773764,0.7014,-13.2669,63.6734,-14.6991,103.6832,-27.6387,-0.1669,0.0495
1780080241067,2,Pitching Mound.Delivery,,Delivery,pitch.1,773765,0.7086,-13.3073,63.5622,-14.9828,104.2669,-27.3322,-0.1681,0.0489
1780080241067,2,Pitching Mound.Drive,,Delivery,pitch.1,774876,0.2378,0.0918,0.4685,0.0323,-0.0147,0.0104,0.0,0.0
1780080241067,2,Pitching Mound.Parent,,Delivery,pitch.1,773020,0.9008,-13.1674,64.1065,-14.6721,103.6704,-27.6276,-0.1658,0.0492
1780080241067,2,Pitching Mound.Parent,,Delivery,pitch.1,773021,0.9464,-13.2156,64.0308,-14.9504,104.2522,-27.3218,-0.1669,0.0485
1780080241068,2,11.0000004b,Drive,Delivery,pitch.1,774877,0.2364,0.0926,0.4757,0.0195,-0.017,0.0107,0.0,0.0
1780080241068,2,12.00000015,Lower Delivery,Delivery,pitch.1,774391,-8.3071,-7.309,40.6196,-101.3136,58.3444,-9.5268,-0.1472,-0.2556
1780080241068,2,12.00000018,Upper Delivery,Delivery,pitch.1,775678,9.0226,-6.0843,23.0452,80.1985,46.0179,-23.4261,-0.2047,0.327
1780080241068,2,Pitching Mound.Delivery,,Delivery,pitch.1,773766,0.7156,-13.3933,63.6648,-15.1398,104.3623,-27.0608,-0.168,0.0491
1780080241068,2,Pitching Mound.Drive,,Delivery,pitch.1,774877,0.2364,0.0926,0.4757,0.0195,-0.017,0.0107,0.0,0.0
1780080241068,2,Pitching Mound.Parent,,Delivery,pitch.1,773022,0.9519,-13.3007,64.1405,-15.1204,104.3454,-27.0501,-0.1668,0.0488
1780080241069,2,11.0000004b,Drive,Delivery,pitch.1,774878,0.2581,0.0715,0.4899,0.0209,-0.0155,0.0111,0.0,0.0
1780080241069,2,12.00000015,Lower Delivery,Delivery,pitch.1,774392,-8.2636,-7.3484,40.8436,-101.6447,58.5893,-9.2948,-0.147,-0.2551
1780080241069,2,12.00000018,Upper Delivery,Delivery,pitch.1,775679,8.9716,-6.1025,22.9455,80.2002,45.9403,-23.3811,-0.2052,0.327
1780080241069,2,Pitching Mound.Delivery,,Delivery,pitch.1,773767,0.708,-13.4509,63.7892,-15.3592,104.5296,-26.816,-0.168,0.0497
1780080241069,2,Pitching Mound.Drive,,Delivery,pitch.1,774878,0.2581,0.0715,0.4899,0.0209,-0.0155,0.0111,0.0,0.0
1780080241069,2,Pitching Mound.Parent,,Delivery,pitch.1,773023,0.966,-13.3793,64.2791,-15.3383,104.5141,-26.8049,-0.1667,0.0493
1780080241070,2,11.0000004b,Drive,Delivery,pitch.1,774879,0.2278,0.0484,0.4111,0.0084,-0.0187,0.0116,0.0,0.0
1780080241070,2,12.00000015,Lower Delivery,Delivery,pitch.1,774393,-8.2343,-7.3809,41.0703,-102.0682,59.0079,-9.056,-0.1473,-0.2547
1780080241070,2,Pitching Mound.Drive,,Delivery,pitch.1,774879,0.2278,0.0484,0.4111,0.0084,-0.0187,0.0116,0.0,0.0
1780080241071,2,11.0000004b,Drive,Delivery,pitch.1,774880,0.2237,0.0417,0.4101,0.0104,-0.0165,0.0115,0.0,0.0
1780080241071,2,12.00000015,Lower Delivery,Delivery,pitch.1,774394,-8.2462,-7.4251,41.2583,-102.3754,59.1434,-8.8576,-0.1469,-0.2543
1780080241071,2,12.00000018,Upper Delivery,Delivery,pitch.1,775680,8.9692,-6.112,22.9423,80.3032,45.977,-23.3378,-0.2054,0.327
1780080241071,2,12.00000018,Upper Delivery,Delivery,pitch.1,775681,8.946,-6.1108,22.8888,80.2421,45.9723,-23.2612,-0.2059,0.327
1780080241071,2,Pitching Mound.Delivery,,Delivery,pitch.1,773768,0.7349,-13.4929,64.0126,-15.6015,104.9849,-26.5446,-0.1681,0.0501
1780080241071,2,Pitching Mound.Delivery,,Delivery,pitch.1,773769,0.6998,-13.5359,64.147,-15.8876,105.1157,-26.2734,-0.168,0.0505
1780080241071,2,Pitching Mound.Drive,,Delivery,pitch.1,774880,0.2237,0.0417,0.4101,0.0104,-0.0165,0.0115,0.0,0.0
1780080241071,2,Pitching Mound.Parent,,Delivery,pitch.1,773024,0.9626,-13.4446,64.4237,-15.5931,104.9663,-26.5331,-0.167,0.0497
1780080241071,2,Pitching Mound.Parent,,Delivery,pitch.1,773025,0.9235,-13.4942,64.5571,-15.8773,105.0992,-26.2619,-0.1669,0.0502
1780080241072,2,11.0000004b,Drive,Delivery,pitch.1,774881,0.2013,0.0305,0.3672,0.0062,-0.0198,0.0118,0.0,0.0
1780080241072,2,12.00000015,Lower Delivery,Delivery,pitch.1,774395,-8.2302,-7.4611,41.3655,-102.4576,59.1073,-8.6889,-0.1465,-0.2539
1780080241072,2,12.00000018,Upper Delivery,Delivery,pitch.1,775682,8.894,-6.1326,22.8371,80.538,46.095,-23.2243,-0.2069,0.327
1780080241072,2,Pitching Mound.Delivery,,Delivery,pitch.1,773770,0.6638,-13.5938,64.2027,-15.62,105.2023,-26.091,-0.1679,0.0509
1780080241072,2,Pitching Mound.Drive,,Delivery,pitch.1,774881,0.2013,0.0305,0.3672,0.0062,-0.0198,0.0118,0.0,0.0
1780080241072,2,Pitching Mound.Parent,,Delivery,pitch.1,773026,0.8651,-13.5633,64.5699,-15.6138,105.1825,-26.0792,-0.167,0.0506
1780080241073,2,11.0000004b,Drive,Delivery,pitch.1,774882,0.1975,0.0406,0.3929,0.0061,-0.0186,0.0119,0.0,0.0
1780080241073,2,12.00000015,Lower Delivery,Delivery,pitch.1,774396,-8.2018,-7.5079,41.4433,-102.6619,59.2401,-8.4781,-0.1465,-0.2539
1780080241073,2,12.00000018,Upper Delivery,Delivery,pitch.1,775683,8.8937,-6.1469,22.8699,80.3969,46.0222,-23.1254,-0.2063,0.327
1780080241073,2,Pitching Mound.Delivery,,Delivery,pitch.1,773771,0.6919,-13.6548,64.3131,-15.9501,105.2623,-25.7911,-0.1678,0.0509
1780080241073,2,Pitching Mound.Drive,,Delivery,pitch.1,774882,0.1975,0.0406,0.3929,0.0061,-0.0186,0.0119,0.0,0.0
1780080241073,2,Pitching Mound.Parent,,Delivery,pitch.1,773027,0.8894,-13.6142,64.7061,-15.9439,105.2437,-25.7791,-0.1667,0.0506
1780080241074,2,11.0000004b,Drive,Delivery,pitch.1,774883,0.1839,0.0513,0.4303,0.0056,-0.0206,0.0113,0.0,0.0
1780080241074,2,12.00000015,Lower Delivery,Delivery,pitch.1,774397,-8.1937,-7.5565,41.6102,-103.1526,59.4965,-8.2939,-0.1466,-0.2541
1780080241074,2,12.00000018,Upper Delivery,Delivery,pitch.1,775684,8.8612,-6.2024,22.8423,80.2204,45.8962,-23.0901,-0.2059,0.327
1780080241074,2,Pitching Mound.Delivery,,Delivery,pitch.1,773772,0.6675,-13.7588,64.4525,-16.5511,105.3927,-25.5854,-0.1676,0.0509
1780080241074,2,Pitching Mound.Drive,,Delivery,pitch.1,774883,0.1839,0.0513,0.4303,0.0056,-0.0206,0.0113,0.0,0.0
1780080241074,2,Pitching Mound.Parent,,Delivery,pitch.1,773028,0.8514,-13.7075,64.8828,-16.5455,105.3721,-25.5741,-0.1665,0.0505
1780080241075,2,11.0000004b,Drive,Delivery,pitch.1,774884,0.187,0.0415,0.3989,0.0065,-0.0213,0.0102,0.0,0.0
1780080241075,2,12.00000015,Lower Delivery,Delivery,pitch.1,774398,-8.1875,-7.5929,41.945,-103.3635,59.4189,-8.129,-0.1452,-0.2526
1780080241075,2,12.00000018,Upper Delivery,Delivery,pitch.1,775685,8.8665,-6.2136,22.8841,79.9741,45.8661,-22.9816,-0.2054,0.327
1780080241075,2,Pitching Mound.Delivery,,Delivery,pitch.1,773773,0.679,-13.8065,64.8291,-16.9087,105.285,-25.3122,-0.1665,0.052
1780080241075,2,Pitching Mound.Drive,,Delivery,pitch.1,774884,0.187,0.0415,0.3989,0.0065,-0.0213,0.0102,0.0,0.0
1780080241075,2,Pitching Mound.Parent,,Delivery,pitch.1,773029,0.8661,-13.765,65.228,-16.9023,105.2638,-25.302,-0.1654,0.0517
1780080241076,2,11.0000004b,Drive,Delivery,pitch.1,774885,0.2058,0.0434,0.4518,0.006,-0.021,0.0109,0.0,0.0
1780080241076,2,12.00000015,Lower Delivery,Delivery,pitch.1,774399,-8.1717,-7.6541,42.0867,-103.8376,59.6918,-7.9524,-0.1454,-0.2529
1780080241076,2,12.00000018,Upper Delivery,Delivery,pitch.1,775686,8.8969,-6.2032,22.9432,79.8225,45.6663,-22.9455,-0.204,0.327
1780080241076,2,Pitching Mound.Delivery,,Delivery,pitch.1,773774,0.7252,-13.8573,65.0299,-17.5064,105.3581,-25.0945,-0.1661,0.0518
1780080241076,2,Pitching Mound.Drive,,Delivery,pitch.1,774885,0.2058,0.0434,0.4518,0.006,-0.021,0.0109,0.0,0.0
1780080241076,2,Pitching Mound.Parent,,Delivery,pitch.1,773030,0.931,-13.8139,65.4817,-17.5004,105.3372,-25.0837,-0.1649,0.0514
1780080241077,2,11.0000004b,Drive,Delivery,pitch.1,774886,0.2108,0.0404,0.4829,0.0067,-0.0193,0.0104,0.0,0.0
1780080241077,2,12.00000015,Lower Delivery,Delivery,pitch.1,774400,-8.147,-7.7104,42.3813,-104.2355,60.0616,-7.7855,-0.1453,-0.2521
1780080241077,2,12.00000018,Upper Delivery,Delivery,pitch.1,775687,8.8533,-6.2474,22.9493,79.7847,45.7509,-22.8666,-0.2043,0.327
1780080241077,2,Pitching Mound.Delivery,,Delivery,pitch.1,773775,0.7063,-13.9578,65.3306,-17.8439,105.8126,-24.872,-0.166,0.0525
1780080241077,2,Pitching Mound.Drive,,Delivery,pitch.1,774886,0.2108,0.0404,0.4829,0.0067,-0.0193,0.0104,0.0,0.0
1780080241077,2,Pitching Mound.Parent,,Delivery,pitch.1,773031,0.9171,-13.9174,65.8135,-17.8372,105.7932,-24.8616,-0.1648,0.0521
1780080241078,2,11.0000004b,Drive,Delivery,pitch.1,774887,0.2329,0.0428,0.517,0.0064,-0.018,0.011,0.0,0.0
1780080241078,2,12.00000015,Lower Delivery,Delivery,pitch.1,774401,-8.1427,-7.7694,42.6859,-104.5974,60.2014,-7.5606,-0.1446,-0.2512
1780080241078,2,12.00000018,Upper Delivery,Delivery,pitch.1,775688,8.8902,-6.2366,23.0122,79.5323,45.7335,-22.7983,-0.2037,0.327
1780080241078,2,Pitching Mound.Delivery,,Delivery,pitch.1,773776,0.7475,-14.0059,65.6981,-18.376,105.9349,-24.5677,-0.1653,0.0532
1780080241078,2,Pitching Mound.Drive,,Delivery,pitch.1,774887,0.2329,0.0428,0.517,0.0064,-0.018,0.011,0.0,0.0
1780080241078,2,Pitching Mound.Parent,,Delivery,pitch.1,773032,0.9804,-13.9631,66.2151,-18.3697,105.9169,-24.5567,-0.164,0.0528
1780080241079,2,11.0000004b,Drive,Delivery,pitch.1,774888,0.2531,0.0528,0.5956,0.0081,-0.0171,0.0094,0.0,0.0
1780080241079,2,12.00000015,Lower Delivery,Delivery,pitch.1,774402,-8.1652,-7.8342,42.9105,-104.9311,60.4852,-7.3295,-0.1445,-0.2506
1780080241079,2,12.00000018,Upper Delivery,Delivery,pitch.1,775689,8.895,-6.2462,23.0675,79.5607,45.8827,-22.6939,-0.2039,0.327
1780080241079,2,Pitching Mound.Delivery,,Delivery,pitch.1,773777,0.7298,-14.0804,65.978,-18.6238,106.368,-24.2229,-0.1652,0.0536
1780080241079,2,Pitching Mound.Drive,,Delivery,pitch.1,774888,0.2531,0.0528,0.5956,0.0081,-0.0171,0.0094,0.0,0.0
1780080241079,2,Pitching Mound.Parent,,Delivery,pitch.1,773033,0.9829,-14.0276,66.5735,-18.6156,106.3509,-24.2135,-0.1638,0.0531
1780080241080,2,11.0000004b,Drive,Delivery,pitch.1,774889,0.2536,0.0755,0.6307,0.0097,-0.018,0.0079,0.0,0.0
1780080241080,2,12.00000015,Lower Delivery,Delivery,pitch.1,774403,-8.1677,-7.9256,43.1288,-105.4865,60.9065,-7.0794,-0.1447,-0.2507
1780080241080,2,12.00000018,Upper Delivery,Delivery,pitch.1,775690,8.8972,-6.2684,23.0781,79.3945,45.9033,-22.6889,-0.2039,0.327
1780080241080,2,Pitching Mound.Delivery,,Delivery,pitch.1,773778,0.7295,-14.1939,66.2069,-19.2747,106.8099,-23.9662,-0.1654,0.0537
1780080241080,2,Pitching Mound.Drive,,Delivery,pitch.1,774889,0.2536,0.0755,0.6307,0.0097,-0.018,0.0079,0.0,0.0
1780080241080,2,Pitching Mound.Parent,,Delivery,pitch.1,773034,0.983,-14.1184,66.8376,-19.265,106.7919,-23.9583,-0.1638,0.0532
1780080241081,2,11.0000004b,Drive,Delivery,pitch.1,774890,0.2433,0.0748,0.5578,0.0083,-0.016,0.0098,0.0,0.0
1780080241081,2,12.00000015,Lower Delivery,Delivery,pitch.1,774404,-8.1968,-8.0018,43.417,-105.9971,61.5637,-6.8933,-0.1453,-0.2502
1780080241081,2,12.00000018,Upper Delivery,Delivery,pitch.1,775691,8.877,-6.3135,23.0807,79.5178,45.9867,-22.647,-0.2042,0.327
1780080241081,2,Pitching Mound.Delivery,,Delivery,pitch.1,773779,0.6802,-14.3153,66.4976,-19.5649,107.5504,-23.7352,-0.1658,0.0541
1780080241081,2,Pitching Mound.Drive,,Delivery,pitch.1,774890,0.2433,0.0748,0.5578,0.0083,-0.016,0.0098,0.0,0.0
1780080241081,2,Pitching Mound.Parent,,Delivery,pitch.1,773035,0.9236,-14.2405,67.0554,-19.5566,107.5344,-23.7254,-0.1644,0.0537
1780080241082,2,11.0000004b,Drive,Delivery,pitch.1,774891,0.2495,0.0838,0.5609,0.0084,-0.0182,0.0096,0.0,0.0
1780080241082,2,12.00000015,Lower Delivery,Delivery,pitch.1,774405,-8.2093,-8.1079,43.6512,-106.7948,62.1787,-6.687,-0.146,-0.2508
1780080241082,2,12.00000018,Upper Delivery,Delivery,pitch.1,775692,8.8723,-6.3373,23.0871,79.5304,46.0804,-22.6428,-0.2046,0.327
1780080241082,2,Pitching Mound.Delivery,,Delivery,pitch.1,773780,0.663,-14.4452,66.7383,-20.2726,108.2591,-23.522,-0.1663,0.0539
1780080241082,2,Pitching Mound.Drive,,Delivery,pitch.1,774891,0.2495,0.0838,0.5609,0.0084,-0.0182,0.0096,0.0,0.0
1780080241082,2,Pitching Mound.Parent,,Delivery,pitch.1,773036,0.9125,-14.3614,67.2992,-20.2641,108.2409,-23.5125,-0.1649,0.0534
1780080241083,2,11.0000004b,Drive,Delivery,pitch.1,774892,0.2672,0.0991,0.6315,0.0092,-0.0162,0.0089,0.0,0.0
1780080241083,2,12.00000015,Lower Delivery,Delivery,pitch.1,774406,-8.2206,-8.222,43.97,-107.479,62.8701,-6.4686,-0.1466,-0.2505
1780080241083,2,12.00000018,Upper Delivery,Delivery,pitch.1,775693,8.9067,-6.3415,23.1137,79.4221,46.2005,-22.6387,-0.2049,0.327
1780080241083,2,Pitching Mound.Delivery,,Delivery,pitch.1,773781,0.6861,-14.5635,67.0837,-20.9658,109.0707,-23.284,-0.1666,0.0542
1780080241083,2,Pitching Mound.Drive,,Delivery,pitch.1,774892,0.2672,0.0991,0.6315,0.0092,-0.0162,0.0089,0.0,0.0
1780080241083,2,Pitching Mound.Parent,,Delivery,pitch.1,773037,0.9533,-14.4644,67.7152,-20.9565,109.0545,-23.2751,-0.1651,0.0537
1780080241084,2,11.0000004b,Drive,Delivery,pitch.1,774893,0.2548,0.0851,0.6199,0.0131,-0.0317,0.0094,0.0,0.0
1780080241084,2,12.00000015,Lower Delivery,Delivery,pitch.1,774407,-8.259,-8.3109,44.2596,-107.7946,63.2744,-6.2665,-0.1465,-0.2496
1780080241084,2,12.00000018,Upper Delivery,Delivery,pitch.1,775694,8.9503,-6.3517,23.2056,79.0727,46.0008,-22.6451,-0.2032,0.327
1780080241084,2,Pitching Mound.Delivery,,Delivery,pitch.1,773782,0.6913,-14.6626,67.4651,-21.5635,109.2752,-23.0604,-0.166,0.0548
1780080241084,2,Pitching Mound.Drive,,Delivery,pitch.1,774893,0.2548,0.0851,0.6199,0.0131,-0.0317,0.0094,0.0,0.0
1780080241084,2,Pitching Mound.Parent,,Delivery,pitch.1,773038,0.9461,-14.5776,68.0851,-21.5504,109.2435,-23.051,-0.1645,0.0543
1780080241085,2,11.0000004b,Drive,Delivery,pitch.1,774894,0.2556,0.0768,0.5557,0.0239,-0.0197,0.009,0.0,0.0
1780080241085,2,12.00000015,Lower Delivery,Delivery,pitch.1,774408,-8.2746,-8.4005,44.4298,-108.0621,63.6636,-6.088,-0.1469,-0.2493
1780080241085,2,12.00000018,Upper Delivery,Delivery,pitch.1,775695,8.9424,-6.3631,23.2129,79.5677,46.4194,-22.6563,-0.205,0.327
1780080241085,2,Pitching Mound.Delivery,,Delivery,pitch.1,773783,0.6677,-14.7636,67.6427,-21.2807,110.083,-22.8905,-0.1668,0.0551
1780080241085,2,Pitching Mound.Drive,,Delivery,pitch.1,774894,0.2556,0.0768,0.5557,0.0239,-0.0197,0.009,0.0,0.0
1780080241085,2,Pitching Mound.Parent,,Delivery,pitch.1,773039,0.9234,-14.6868,68.1983,-21.2567,110.0633,-22.8815,-0.1654,0.0547
1780080241086,2,11.0000004b,Drive,Delivery,pitch.1,774895,0.2561,0.0692,0.6313,0.0367,-0.016,0.0088,0.0,0.0
1780080241086,2,12.00000015,Lower Delivery,Delivery,pitch.1,774409,-8.2835,-8.5037,44.6522,-108.8813,64.4296,-5.8928,-0.1479,-0.2499
1780080241086,2,12.00000018,Upper Delivery,Delivery,pitch.1,775696,8.9294,-6.3937,23.1964,79.4274,46.4046,-22.727,-0.205,0.327
1780080241086,2,Pitching Mound.Delivery,,Delivery,pitch.1,773784,0.6459,-14.8974,67.8487,-22.159,110.8342,-22.7675,-0.1674,0.0548
1780080241086,2,Pitching Mound.Drive,,Delivery,pitch.1,774895,0.2561,0.0692,0.6313,0.0367,-0.016,0.0088,0.0,0.0
1780080241086,2,Pitching Mound.Parent,,Delivery,pitch.1,773040,0.9021,-14.8282,68.48,-22.1222,110.8182,-22.7587,-0.1659,0.0543
1780080241087,2,11.0000004b,Drive,Delivery,pitch.1,774896,0.2441,0.0482,0.5499,0.0397,-0.0133,0.0082,0.0,0.0
1780080241087,2,12.00000015,Lower Delivery,Delivery,pitch.1,774410,-8.3144,-8.5789,45.033,-109.4728,64.9973,-5.6659,-0.1479,-0.2492
1780080241087,2,12.00000018,Upper Delivery,Delivery,pitch.1,775697,8.9526,-6.4109,23.2047,79.6462,46.5867,-22.7456,-0.2058,0.327
1780080241087,2,Pitching Mound.Delivery,,Delivery,pitch.1,773785,0.6382,-14.9898,68.2377,-22.405,111.5841,-22.5407,-0.1676,0.0555
1780080241087,2,Pitching Mound.Drive,,Delivery,pitch.1,774896,0.2441,0.0482,0.5499,0.0397,-0.0133,0.0082,0.0,0.0
1780080241087,2,Pitching Mound.Parent,,Delivery,pitch.1,773041,0.8822,-14.9416,68.7876,-22.3653,111.5708,-22.5325,-0.1663,0.0551
1780080241088,2,11.0000004b,Drive,Delivery,pitch.1,774897,0.2317,0.0285,0.4901,0.041,-0.0115,0.0088,0.0,0.0
1780080241088,2,12.00000015,Lower Delivery,Delivery,pitch.1,774411,-8.3089,-8.657,45.4379,-110.155,65.9087,-5.4529,-0.1487,-0.2485
1780080241088,2,12.00000018,Upper Delivery,Delivery,pitch.1,775698,8.9443,-6.4427,23.1745,79.9712,46.9272,-22.8015,-0.2075,0.327
1780080241088,2,Pitching Mound.Delivery,,Delivery,pitch.1,773786,0.6354,-15.0997,68.6124,-22.6142,112.8358,-22.3883,-0.1686,0.0562
1780080241088,2,Pitching Mound.Drive,,Delivery,pitch.1,774897,0.2317,0.0285,0.4901,0.041,-0.0115,0.0088,0.0,0.0
1780080241088,2,Pitching Mound.Parent,,Delivery,pitch.1,773042,0.8671,-15.0712,69.1025,-22.5732,112.8243,-22.3794,-0.1674,0.0558
1780080241089,2,11.0000004b,Drive,Delivery,pitch.1,774898,0.2172,0.0205,0.4642,0.0379,-0.0089,0.0088,0.0,0.0
1780080241089,2,12.00000015,Lower Delivery,Delivery,pitch.1,774412,-8.3014,-8.7427,45.5897,-110.9417,66.3769,-5.2552,-0.1492,-0.2494
1780080241089,2,12.00000018,Upper Delivery,Delivery,pitch.1,775699,8.9556,-6.4592,23.2013,80.1665,47.1198,-22.8506,-0.2082,0.327
1780080241089,2,Pitching Mound.Delivery,,Delivery,pitch.1,773787,0.6542,-15.2019,68.791,-23.1631,113.4967,-22.2385,-0.1691,0.0557
1780080241089,2,Pitching Mound.Drive,,Delivery,pitch.1,774898,0.2172,0.0205,0.4642,0.0379,-0.0089,0.0088,0.0,0.0
1780080241089,2,Pitching Mound.Parent,,Delivery,pitch.1,773043,0.8713,-15.1814,69.2552,-23.1252,113.4878,-22.2297,-0.168,0.0553
1780080241090,2,11.0000004b,Drive,Delivery,pitch.1,774899,0.2158,0.0196,0.4361,0.0426,-0.009,0.0101,0.0,0.0
1780080241090,2,12.00000015,Lower Delivery,Delivery,pitch.1,774413,-8.2855,-8.8137,45.9432,-111.4268,66.683,-5.0612,-0.1488,-0.2486
1780080241090,2,12.00000018,Upper Delivery,Delivery,pitch.1,775700,8.9762,-6.4679,23.2632,80.2683,47.1156,-22.8471,-0.2076,0.327
1780080241090,2,Pitching Mound.Delivery,,Delivery,pitch.1,773788,0.6907,-15.2816,69.2064,-23.4473,113.7986,-22.0393,-0.1685,0.0563
1780080241090,2,Pitching Mound.Drive,,Delivery,pitch.1,774899,0.2158,0.0196,0.4361,0.0426,-0.009,0.0101,0.0,0.0
1780080241090,2,Pitching Mound.Parent,,Delivery,pitch.1,773044,0.9065,-15.262,69.6425,-23.4047,113.7896,-22.0292,-0.1675,0.056
1780080241091,2,11.0000004b,Drive,Delivery,pitch.1,774900,0.2169,0.0046,0.3604,0.0394,-0.0078,0.0111,0.0,0.0
1780080241091,2,12.00000015,Lower Delivery,Delivery,pitch.1,774414,-8.2672,-8.8503,46.4549,-112.1841,67.3943,-4.8712,-0.1487,-0.2475
1780080241091,2,12.00000018,Upper Delivery,Delivery,pitch.1,775701,8.9867,-6.4852,23.309,80.386,47.271,-22.9315,-0.2079,0.327
1780080241091,2,Pitching Mound.Delivery,,Delivery,pitch.1,773789,0.7195,-15.3355,69.7639,-23.9284,114.6654,-21.9363,-0.1685,0.0572
1780080241091,2,Pitching Mound.Drive,,Delivery,pitch.1,774900,0.2169,0.0046,0.3604,0.0394,-0.0078,0.0111,0.0,0.0
1780080241091,2,Pitching Mound.Parent,,Delivery,pitch.1,773045,0.9364,-15.3309,70.1243,-23.8891,114.6575,-21.9253,-0.1676,0.057
1780080241092,2,11.0000004b,Drive,Delivery,pitch.1,774901,0.2339,0.0179,0.4358,0.0385,-0.0077,0.0106,0.0,0.0
1780080241092,2,12.00000015,Lower Delivery,Delivery,pitch.1,774415,-8.2328,-8.905,46.7459,-112.971,67.8877,-4.6719,-0.1489,-0.2477
1780080241092,2,12.00000018,Upper Delivery,Delivery,pitch.1,775702,9.0405,-6.4581,23.4633,80.4108,47.2551,-22.9524,-0.2064,0.327
1780080241092,2,Pitching Mound.Delivery,,Delivery,pitch.1,773790,0.8077,-15.3631,70.2092,-24.644,115.1428,-21.7515,-0.1681,0.0571
1780080241092,2,Pitching Mound.Drive,,Delivery,pitch.1,774901,0.2339,0.0179,0.4358,0.0385,-0.0077,0.0106,0.0,0.0
1780080241092,2,Pitching Mound.Parent,,Delivery,pitch.1,773046,1.0416,-15.3452,70.645,-24.6056,115.1351,-21.7408,-0.1671,0.0568
1780080241093,2,11.0000004b,Drive,Delivery,pitch.1,774902,0.2246,0.012,0.4389,0.032,-0.006,0.011,0.0,0.0
1780080241093,2,12.00000015,Lower Delivery,Delivery,pitch.1,774416,-8.1992,-8.9327,47.136,-113.3262,68.2715,-4.4677,-0.1485,-0.2464
1780080241093,2,12.00000018,Upper Delivery,Delivery,pitch.1,775703,9.0393,-6.4547,23.465,80.7138,47.3807,-22.9614,-0.207,0.327
1780080241093,2,Pitching Mound.Delivery,,Delivery,pitch.1,773791,0.8402,-15.3874,70.6011,-24.5643,115.6521,-21.568,-0.1679,0.0582
1780080241093,2,Pitching Mound.Drive,,Delivery,pitch.1,774902,0.2246,0.012,0.4389,0.032,-0.006,0.011,0.0,0.0
1780080241093,2,Pitching Mound.Parent,,Delivery,pitch.1,773047,1.0648,-15.3754,71.0399,-24.5323,115.6461,-21.557,-0.1669,0.0578
1780080241094,2,11.0000004b,Drive,Delivery,pitch.1,774903,0.2067,0.0101,0.4384,0.0204,-0.0062,0.0111,0.0,0.0
1780080241094,2,12.00000015,Lower Delivery,Delivery,pitch.1,774417,-8.1677,-8.9953,47.409,-113.5489,68.4605,-4.3388,-0.148,-0.2455
1780080241094,2,12.00000018,Upper Delivery,Delivery,pitch.1,775704,9.0147,-6.4798,23.5033,80.8734,47.5631,-22.9851,-0.2074,0.327
1780080241094,2,Pitching Mound.Delivery,,Delivery,pitch.1,773792,0.847,-15.4751,70.9122,-24.5475,116.0236,-21.4819,-0.1677,0.0589
1780080241094,2,Pitching Mound.Drive,,Delivery,pitch.1,774903,0.2067,0.0101,0.4384,0.0204,-0.0062,0.0111,0.0,0.0
1780080241094,2,Pitching Mound.Parent,,Delivery,pitch.1,773048,1.0537,-15.465,71.3507,-24.5271,116.0174,-21.4707,-0.1667,0.0585
1780080241095,2,11.0000004b,Drive,Delivery,pitch.1,774904,0.2275,0.0181,0.4679,0.0177,-0.005,0.0098,0.0,0.0
1780080241095,2,12.00000015,Lower Delivery,Delivery,pitch.1,774418,-8.1678,-9.0222,47.7655,-114.1639,68.7801,-4.2483,-0.1476,-0.245
1780080241095,2,12.00000018,Upper Delivery,Delivery,pitch.1,775705,9.0184,-6.4573,23.578,81.4332,47.7986,-22.9542,-0.2078,0.327
1780080241095,2,Pitching Mound.Delivery,,Delivery,pitch.1,773793,0.8507,-15.4795,71.3435,-24.5069,116.5787,-21.3592,-0.1675,0.0593
1780080241095,2,Pitching Mound.Drive,,Delivery,pitch.1,774904,0.2275,0.0181,0.4679,0.0177,-0.005,0.0098,0.0,0.0
1780080241095,2,Pitching Mound.Parent,,Delivery,pitch.1,773049,1.0782,-15.4615,71.8114,-24.4893,116.5737,-21.3494,-0.1664,0.0589
1780080241096,2,11.0000004b,Drive,Delivery,pitch.1,774905,0.2318,0.0167,0.4422,0.0081,-0.0072,0.0102,0.0,0.0
1780080241096,2,12.00000015,Lower Delivery,Delivery,pitch.1,774419,-8.1135,-9.067,47.9999,-114.4873,69.1409,-4.1553,-0.1476,-0.2445
1780080241096,2,12.00000018,Upper Delivery,Delivery,pitch.1,775706,9.0528,-6.4023,23.6775,81.8428,47.9924,-22.9483,-0.2077,0.327
1780080241096,2,Pitching Mound.Delivery,,Delivery,pitch.1,773794,0.9393,-15.4693,71.6774,-24.3749,117.1333,-21.2671,-0.1675,0.0597
1780080241096,2,Pitching Mound.Drive,,Delivery,pitch.1,774905,0.2318,0.0167,0.4422,0.0081,-0.0072,0.0102,0.0,0.0
1780080241096,2,Pitching Mound.Parent,,Delivery,pitch.1,773050,1.1711,-15.4526,72.1197,-24.3668,117.1261,-21.2569,-0.1665,0.0593
1780080241097,2,11.0000004b,Drive,Delivery,pitch.1,774906,0.2301,0.0226,0.4459,0.0072,-0.0085,0.0104,0.0,0.0
1780080241097,2,12.00000015,Lower Delivery,Delivery,pitch.1,774420,-8.0902,-9.0894,48.0865,-114.6921,69.2352,-4.0785,-0.1476,-0.2445
1780080241097,2,12.00000018,Upper Delivery,Delivery,pitch.1,775707,9.0627,-6.3657,23.7413,82.4692,48.4101,-22.8671,-0.209,0.327
1780080241097,2,Pitching Mound.Delivery,,Delivery,pitch.1,773795,0.9726,-15.4551,71.8278,-23.9456,117.6453,-21.1136,-0.1679,0.0597
1780080241097,2,Pitching Mound.Drive,,Delivery,pitch.1,774906,0.2301,0.0226,0.4459,0.0072,-0.0085,0.0104,0.0,0.0
1780080241097,2,Pitching Mound.Parent,,Delivery,pitch.1,773051,1.2027,-15.4325,72.2736,-23.9384,117.6369,-21.1032,-0.1668,0.0593
1780080241098,2,11.0000004b,Drive,Delivery,pitch.1,774907,0.196,0.0711,0.4393,0.0073,-0.0115,0.01,0.0,0.0
1780080241098,2,12.00000015,Lower Delivery,Delivery,pitch.1,774421,-8.0825,-9.0996,48.2655,-115.2393,69.6173,-4.0605,-0.1478,-0.2447
1780080241098,2,12.00000018,Upper Delivery,Delivery,pitch.1,775708,9.0753,-6.3591,23.8654,82.9673,48.6429,-22.8573,-0.2089,0.327
1780080241098,2,Pitching Mound.Delivery,,Delivery,pitch.1,773796,0.9928,-15.4588,72.1309,-23.976,118.2602,-21.0842,-0.168,0.0595
1780080241098,2,Pitching Mound.Drive,,Delivery,pitch.1,774907,0.196,0.0711,0.4393,0.0073,-0.0115,0.01,0.0,0.0
1780080241098,2,Pitching Mound.Parent,,Delivery,pitch.1,773052,1.1888,-15.3876,72.5702,-23.9687,118.2487,-21.0742,-0.167,0.0591
1780080241099,2,11.0000004b,Drive,Delivery,pitch.1,774908,0.1849,0.0687,0.4148,0.007,-0.0106,0.0098,0.0,0.0
1780080241099,2,12.00000015,Lower Delivery,Delivery,pitch.1,774422,-8.0881,-9.1208,48.53,-115.7049,69.7792,-4.0698,-0.1474,-0.2444
1780080241099,2,12.00000018,Upper Delivery,Delivery,pitch.1,775709,9.09,-6.3329,23.9983,83.3033,48.7729,-22.7954,-0.2083,0.327
1780080241099,2,Pitching Mound.Delivery,,Delivery,pitch.1,773797,1.0019,-15.4537,72.5283,-24.0608,118.5521,-21.0246,-0.1675,0.0597
1780080241099,2,Pitching Mound.Drive,,Delivery,pitch.1,774908,0.1849,0.0687,0.4148,0.007,-0.0106,0.0098,0.0,0.0
1780080241099,2,Pitching Mound.Parent,,Delivery,pitch.1,773053,1.1868,-15.3849,72.9431,-24.0538,118.5416,-21.0148,-0.1666,0.0594
1780080241100,2,11.0000004b,Drive,Delivery,pitch.1,774909,0.1648,0.0929,0.4145,0.0076,-0.0117,0.0092,0.0,0.0
1780080241100,2,12.00000015,Lower Delivery,Delivery,pitch.1,774423,-8.1087,-9.1317,48.6158,-115.8776,69.8306,-3.9995,-0.1472,-0.2443
1780080241100,2,12.00000018,Upper Delivery,Delivery,pitch.1,775710,9.0913,-6.2978,24.0893,83.6931,48.9823,-22.7896,-0.2084,0.327
1780080241100,2,Pitching Mound.Delivery,,Delivery,pitch.1,773798,0.9825,-15.4294,72.7052,-23.8455,118.8128,-20.9411,-0.1675,0.0597
1780080241100,2,Pitching Mound.Drive,,Delivery,pitch.1,774909,0.1648,0.0929,0.4145,0.0076,-0.0117,0.0092,0.0,0.0
1780080241100,2,Pitching Mound.Parent,,Delivery,pitch.1,773054,1.1473,-15.3365,73.1197,-23.8379,118.8012,-20.9319,-0.1665,0.0594
1780080241101,2,11.0000004b,Drive,Delivery,pitch.1,774910,0.1848,0.0997,0.4423,0.0089,-0.0121,0.0087,0.0,0.0
1780080241101,2,12.00000015,Lower Delivery,Delivery,pitch.1,774424,-8.1134,-9.1601,48.6757,-116.4466,70.1692,-3.9889,-0.1478,-0.2452
1780080241101,2,12.00000018,Upper Delivery,Delivery,pitch.1,775711,9.0871,-6.2769,24.1679,84.2142,49.2878,-22.731,-0.209,0.327
1780080241101,2,Pitching Mound.Delivery,,Delivery,pitch.1,773799,0.9738,-15.437,72.8436,-23.8997,119.4571,-20.8718,-0.1681,0.059
1780080241101,2,Pitching Mound.Drive,,Delivery,pitch.1,774910,0.1848,0.0997,0.4423,0.0089,-0.0121,0.0087,0.0,0.0
1780080241101,2,Pitching Mound.Parent,,Delivery,pitch.1,773055,1.1586,-15.3373,73.2859,-23.8908,119.4449,-20.8631,-0.1671,0.0587
1780080241102,2,11.0000004b,Drive,Delivery,pitch.1,774911,0.1768,0.1037,0.4341,0.0094,-0.011,0.0079,0.0,0.0
1780080241102,2,12.00000015,Lower Delivery,Delivery,pitch.1,774425,-8.1457,-9.1687,48.8231,-116.7886,70.4856,-3.9443,-0.148,-0.2452
1780080241102,2,12.00000018,Upper Delivery,Delivery,pitch.1,775712,9.1242,-6.2239,24.3624,84.511,49.4046,-22.6281,-0.2078,0.327
1780080241102,2,Pitching Mound.Delivery,,Delivery,pitch.1,773800,0.9785,-15.3926,73.1855,-23.961,119.8902,-20.7007,-0.1679,0.0589
1780080241102,2,Pitching Mound.Drive,,Delivery,pitch.1,774911,0.1768,0.1037,0.4341,0.0094,-0.011,0.0079,0.0,0.0
1780080241102,2,Pitching Mound.Parent,,Delivery,pitch.1,773056,1.1552,-15.289,73.6196,-23.9516,119.8792,-20.6928,-0.1669,0.0586
1780080241103,2,11.0000004b,Drive,Delivery,pitch.1,774912,0.1909,0.1153,0.453,0.0115,-0.0106,0.0074,0.0,0.0
1780080241103,2,12.00000015,Lower Delivery,Delivery,pitch.1,774426,-8.1835,-9.1957,49.0582,-117.2804,70.8286,-3.9365,-0.148,-0.245
1780080241103,2,12.00000018,Upper Delivery,Delivery,pitch.1,775713,9.1243,-6.2057,24.396,84.831,49.563,-22.5799,-0.2082,0.327
1780080241103,2,Pitching Mound.Delivery,,Delivery,pitch.1,773801,0.9409,-15.4013,73.4542,-24.0642,120.3916,-20.6318,-0.168,0.0591
1780080241103,2,Pitching Mound.Drive,,Delivery,pitch.1,774912,0.1909,0.1153,0.453,0.0115,-0.0106,0.0074,0.0,0.0
1780080241103,2,Pitching Mound.Parent,,Delivery,pitch.1,773057,1.1318,-15.2861,73.9072,-24.0527,120.3809,-20.6244,-0.167,0.0588
1780080241104,2,11.0000004b,Drive,Delivery,pitch.1,774913,0.1951,0.1132,0.4556,0.0104,-0.0099,0.0084,0.0,0.0
1780080241104,2,12.00000015,Lower Delivery,Delivery,pitch.1,774427,-8.1836,-9.2211,49.3147,-117.7169,71.162,-3.9037,-0.1479,-0.2447
1780080241104,2,12.00000018,Upper Delivery,Delivery,pitch.1,775714,9.1272,-6.2026,24.5507,85.2093,49.9125,-22.4867,-0.2084,0.327
1780080241104,2,Pitching Mound.Delivery,,Delivery,pitch.1,773802,0.9435,-15.4237,73.8653,-24.0878,121.0745,-20.5047,-0.168,0.0593
1780080241104,2,Pitching Mound.Drive,,Delivery,pitch.1,774913,0.1951,0.1132,0.4556,0.0104,-0.0099,0.0084,0.0,0.0
1780080241104,2,Pitching Mound.Parent,,Delivery,pitch.1,773058,1.1387,-15.3105,74.3209,-24.0774,121.0646,-20.4963,-0.167,0.059
1780080241105,2,11.0000004b,Drive,Delivery,pitch.1,774914,0.1802,0.1194,0.4383,0.0121,-0.0096,0.0084,0.0,0.0
1780080241105,2,12.00000015,Lower Delivery,Delivery,pitch.1,774428,-8.2158,-9.2418,49.5755,-118.5648,71.8593,-3.9299,-0.1486,-0.2451
1780080241105,2,12.00000018,Upper Delivery,Delivery,pitch.1,775715,9.1176,-6.1756,24.6717,85.5299,50.0749,-22.4487,-0.208,0.327
1780080241105,2,Pitching Mound.Delivery,,Delivery,pitch.1,773803,0.9017,-15.4174,74.2472,-24.5676,121.9343,-20.4853,-0.1683,0.059
1780080241105,2,Pitching Mound.Drive,,Delivery,pitch.1,774914,0.1802,0.1194,0.4383,0.0121,-0.0096,0.0084,0.0,0.0
1780080241105,2,Pitching Mound.Parent,,Delivery,pitch.1,773059,1.082,-15.298,74.6855,-24.5555,121.9247,-20.4769,-0.1673,0.0587
1780080241106,2,11.0000004b,Drive,Delivery,pitch.1,774915,0.198,0.1168,0.4673,0.0165,-0.0107,0.0089,0.0,0.0
1780080241106,2,12.00000015,Lower Delivery,Delivery,pitch.1,774429,-8.2328,-9.2717,49.9634,-119.3506,72.4547,-3.9535,-0.1486,-0.2448
1780080241106,2,12.00000018,Upper Delivery,Delivery,pitch.1,775716,9.1277,-6.1651,24.8298,85.5367,50.0037,-22.3767,-0.2064,0.327
1780080241106,2,Pitching Mound.Delivery,,Delivery,pitch.1,773804,0.8949,-15.4368,74.7931,-25.2684,122.4584,-20.4276,-0.1678,0.0593
1780080241106,2,Pitching Mound.Drive,,Delivery,pitch.1,774915,0.198,0.1168,0.4673,0.0165,-0.0107,0.0089,0.0,0.0
1780080241106,2,Pitching Mound.Parent,,Delivery,pitch.1,773060,1.093,-15.32,75.2605,-25.2519,122.4477,-20.4187,-0.1668,0.0589
1780080241107,2,11.0000004b,Drive,Delivery,pitch.1,774916,0.1943,0.124,0.4716,0.0237,-0.0109,0.0088,0.0,0.0
1780080241107,2,12.00000015,Lower Delivery,Delivery,pitch.1,774430,-8.2806,-9.2975,50.1974,-120.0655,72.7937,-3.9704,-0.1486,-0.2452
1780080241107,2,12.00000018,Upper Delivery,Delivery,pitch.1,775717,9.0983,-6.194,24.8954,85.8679,50.2547,-22.3314,-0.2069,0.327
1780080241107,2,Pitching Mound.Delivery,,Delivery,pitch.1,773805,0.8177,-15.4916,75.0928,-25.5949,123.0484,-20.3929,-0.1679,0.0591
1780080241107,2,Pitching Mound.Drive,,Delivery,pitch.1,774916,0.1943,0.124,0.4716,0.0237,-0.0109,0.0088,0.0,0.0
1780080241107,2,Pitching Mound.Parent,,Delivery,pitch.1,773061,1.012,-15.3676,75.5644,-25.5712,123.0375,-20.3841,-0.1669,0.0587
1780080241108,2,11.0000004b,Drive,Delivery,pitch.1,774917,0.2033,0.1158,0.4811,0.0217,-0.0105,0.009,0.0,0.0
1780080241108,2,12.00000015,Lower Delivery,Delivery,pitch.1,774431,-8.3335,-9.3073,50.4213,-120.6859,73.0661,-3.9873,-0.1485,-0.2453
1780080241108,2,12.00000018,Upper Delivery,Delivery,pitch.1,775718,9.1084,-6.1713,25.0061,86.1372,50.416,-22.2912,-0.2066,0.327
1780080241108,2,Pitching Mound.Delivery,,Delivery,pitch.1,773806,0.7749,-15.4786,75.4274,-25.9076,123.4821,-20.3482,-0.1678,0.059
1780080241108,2,Pitching Mound.Drive,,Delivery,pitch.1,774917,0.2033,0.1158,0.4811,0.0217,-0.0105,0.009,0.0,0.0
1780080241108,2,Pitching Mound.Parent,,Delivery,pitch.1,773062,0.9782,-15.3628,75.9085,-25.8859,123.4716,-20.3393,-0.1667,0.0586
1780080241109,2,11.0000004b,Drive,Delivery,pitch.1,774918,0.2297,0.1057,0.5001,0.0267,-0.02,0.0088,0.0,0.0
1780080241109,2,12.00000015,Lower Delivery,Delivery,pitch.1,774432,-8.3775,-9.3334,50.7141,-121.4397,73.6542,-4.0224,-0.1489,-0.2454
1780080241109,2,12.00000018,Upper Delivery,Delivery,pitch.1,775719,9.1137,-6.166,25.123,86.2652,50.4591,-22.1979,-0.2059,0.327
1780080241109,2,Pitching Mound.Delivery,,Delivery,pitch.1,773807,0.7363,-15.4994,75.837,-26.4735,124.1133,-20.2733,-0.1677,0.0589
1780080241109,2,Pitching Mound.Drive,,Delivery,pitch.1,774918,0.2297,0.1057,0.5001,0.0267,-0.02,0.0088,0.0,0.0
1780080241109,2,Pitching Mound.Parent,,Delivery,pitch.1,773063,0.966,-15.3937,76.3371,-26.4468,124.0933,-20.2645,-0.1666,0.0586
1780080241110,2,11.0000004b,Drive,Delivery,pitch.1,774919,0.2099,0.1065,0.4807,0.0154,-0.0196,0.0096,0.0,0.0
1780080241110,2,12.00000015,Lower Delivery,Delivery,pitch.1,774433,-8.4143,-9.3752,51.1317,-122.4513,74.3076,-4.1269,-0.149,-0.2455
1780080241110,2,12.00000018,Upper Delivery,Delivery,pitch.1,775720,9.1153,-6.1437,25.2157,86.7381,50.6683,-22.1003,-0.206,0.327
1780080241110,2,Pitching Mound.Delivery,,Delivery,pitch.1,773808,0.701,-15.5189,76.3474,-26.9018,124.9759,-20.2672,-0.1678,0.059
1780080241110,2,Pitching Mound.Drive,,Delivery,pitch.1,774919,0.2099,0.1065,0.4807,0.0154,-0.0196,0.0096,0.0,0.0
1780080241110,2,Pitching Mound.Parent,,Delivery,pitch.1,773064,0.9109,-15.4125,76.8281,-26.8864,124.9564,-20.2576,-0.1667,0.0587
1780080241111,2,11.0000004b,Drive,Delivery,pitch.1,774920,0.2354,0.0865,0.5086,0.0161,-0.0185,0.0101,0.0,0.0
1780080241111,2,12.00000015,Lower Delivery,Delivery,pitch.1,774434,-8.4525,-9.4129,51.5479,-123.0398,74.9683,-4.2091,-0.1491,-0.2446
1780080241111,2,12.00000018,Upper Delivery,Delivery,pitch.1,775721,9.1002,-6.1836,25.3563,87.0461,50.9113,-22.1054,-0.2058,0.327
1780080241111,2,Pitching Mound.Delivery,,Delivery,pitch.1,773809,0.6477,-15.5965,76.9042,-27.0886,125.8797,-20.3466,-0.1678,0.0596
1780080241111,2,Pitching Mound.Drive,,Delivery,pitch.1,774920,0.2354,0.0865,0.5086,0.0161,-0.0185,0.0101,0.0,0.0
1780080241111,2,Pitching Mound.Parent,,Delivery,pitch.1,773065,0.8831,-15.51,77.4128,-27.0725,125.8612,-20.3365,-0.1667,0.0592
1780080241112,2,11.0000004b,Drive,Delivery,pitch.1,774921,0.2155,0.0563,0.4427,0.014,-0.013,0.0099,0.0,0.0
1780080241112,2,12.00000015,Lower Delivery,Delivery,pitch.1,774435,-8.4941,-9.4424,51.9332,-123.7967,75.4606,-4.2666,-0.1489,-0.2443
1780080241112,2,12.00000018,Upper Delivery,Delivery,pitch.1,775722,9.0932,-6.1846,25.3788,87.3257,51.0221,-22.0577,-0.2061,0.327
1780080241112,2,Pitching Mound.Delivery,,Delivery,pitch.1,773810,0.5991,-15.627,77.312,-27.4425,126.4827,-20.3446,-0.1677,0.06
1780080241112,2,Pitching Mound.Drive,,Delivery,pitch.1,774921,0.2155,0.0563,0.4427,0.014,-0.013,0.0099,0.0,0.0
1780080241112,2,Pitching Mound.Parent,,Delivery,pitch.1,773066,0.8147,-15.5707,77.7547,-27.4285,126.4698,-20.3347,-0.1667,0.0597
1780080241113,2,11.0000004b,Drive,Delivery,pitch.1,774922,0.2143,0.0664,0.4453,0.0194,-0.0144,0.0097,0.0,0.0
1780080241113,2,12.00000015,Lower Delivery,Delivery,pitch.1,774436,-8.5544,-9.5006,52.3581,-124.7635,76.2428,-4.3428,-0.1493,-0.2442
1780080241113,2,12.00000018,Upper Delivery,Delivery,pitch.1,775723,9.1027,-6.1705,25.4248,87.6125,51.1866,-21.9952,-0.2063,0.327
1780080241113,2,Pitching Mound.Delivery,,Delivery,pitch.1,773811,0.5483,-15.6711,77.7829,-27.9937,127.4294,-20.3346,-0.1679,0.0602
1780080241113,2,Pitching Mound.Drive,,Delivery,pitch.1,774922,0.2143,0.0664,0.4453,0.0194,-0.0144,0.0097,0.0,0.0
1780080241113,2,Pitching Mound.Parent,,Delivery,pitch.1,773067,0.7626,-15.6047,78.2282,-27.9742,127.415,-20.3248,-0.167,0.0599
1780080241114,2,11.0000004b,Drive,Delivery,pitch.1,774923,0.2165,0.0708,0.4747,0.0143,-0.0135,0.01,0.0,0.0
1780080241114,2,12.00000015,Lower Delivery,Delivery,pitch.1,774437,-8.6218,-9.5584,52.6441,-125.324,76.6424,-4.4393,-0.1492,-0.244
1780080241114,2,12.00000018,Upper Delivery,Delivery,pitch.1,775724,9.1271,-6.1676,25.5038,87.9702,51.2942,-21.9677,-0.2061,0.327
1780080241114,2,Pitching Mound.Delivery,,Delivery,pitch.1,773812,0.5053,-15.726,78.1479,-28.1261,127.9366,-20.3724,-0.1678,0.0604
1780080241114,2,Pitching Mound.Drive,,Delivery,pitch.1,774923,0.2165,0.0708,0.4747,0.0143,-0.0135,0.01,0.0,0.0
1780080241114,2,Pitching Mound.Parent,,Delivery,pitch.1,773068,0.7218,-15.6552,78.6227,-28.1118,127.923,-20.3624,-0.1668,0.0601
1780080241115,2,11.0000004b,Drive,Delivery,pitch.1,774924,0.1986,0.0716,0.4552,0.013,-0.0174,0.0098,0.0,0.0
1780080241115,2,12.00000015,Lower Delivery,Delivery,pitch.1,774438,-8.6839,-9.646,52.9166,-125.932,77.3377,-4.4669,-0.1498,-0.2439
1780080241115,2,12.00000018,Upper Delivery,Delivery,pitch.1,775725,9.158,-6.1662,25.5389,88.1387,51.3104,-21.9319,-0.2059,0.327
1780080241115,2,Pitching Mound.Delivery,,Delivery,pitch.1,773813,0.4741,-15.8122,78.4555,-28.4849,128.6482,-20.3325,-0.1681,0.0606
1780080241115,2,Pitching Mound.Drive,,Delivery,pitch.1,774924,0.1986,0.0716,0.4552,0.013,-0.0174,0.0098,0.0,0.0
1780080241115,2,Pitching Mound.Parent,,Delivery,pitch.1,773069,0.6727,-15.7406,78.9107,-28.4719,128.6308,-20.3228,-0.1671,0.0602
1780080241116,2,11.0000004b,Drive,Delivery,pitch.1,774925,0.1791,0.0821,0.42,0.016,-0.0139,0.0095,0.0,0.0
1780080241116,2,11.0000004b,Drive,Delivery,pitch.1,774926,0.1858,0.0445,0.4177,0.0134,-0.0154,0.0097,0.0,0.0
1780080241116,2,12.00000015,Lower Delivery,Delivery,pitch.1,774439,-8.7461,-9.7449,53.1452,-126.1858,77.6992,-4.4816,-0.1498,-0.2434
1780080241116,2,12.00000018,Upper Delivery,Delivery,pitch.1,775726,9.1542,-6.164,25.5508,88.5877,51.5057,-21.9288,-0.2066,0.327
1780080241116,2,Pitching Mound.Delivery,,Delivery,pitch.1,773814,0.4081,-15.9089,78.6959,-28.216,129.2049,-20.3243,-0.1683,0.0611
1780080241116,2,Pitching Mound.Drive,,Delivery,pitch.1,774925,0.1791,0.0821,0.42,0.016,-0.0139,0.0095,0.0,0.0
1780080241116,2,Pitching Mound.Drive,,Delivery,pitch.1,774926,0.1858,0.0445,0.4177,0.0134,-0.0154,0.0097,0.0,0.0
1780080241116,2,Pitching Mound.Parent,,Delivery,pitch.1,773070,0.5872,-15.8269,79.1159,-28.2,129.1909,-20.3148,-0.1674,0.0607
1780080241117,2,12.00000015,Lower Delivery,Delivery,pitch.1,774440,-8.8099,-9.8114,53.4877,-126.701,78.1192,-4.4696,-0.1497,-0.2428
1780080241117,2,12.00000018,Upper Delivery,Delivery,pitch.1,775727,9.1758,-6.1583,25.6519,88.7412,51.4257,-21.9105,-0.2055,0.327
1780080241117,2,Pitching Mound.Delivery,,Delivery,pitch.1,773815,0.3658,-15.9698,79.1396,-28.4957,129.5449,-20.265,-0.1678,0.0615
1780080241117,2,Pitching Mound.Parent,,Delivery,pitch.1,773071,0.5516,-15.9252,79.5573,-28.4822,129.5295,-20.2554,-0.1669,0.0612
1780080241118,2,11.0000004b,Drive,Delivery,pitch.1,774927,0.1872,0.0399,0.5106,0.0099,-0.0157,0.0098,0.0,0.0
1780080241118,2,11.0000004b,Drive,Delivery,pitch.1,774928,0.1763,0.0516,0.5623,0.01,-0.0199,0.0086,0.0,0.0
1780080241118,2,12.00000015,Lower Delivery,Delivery,pitch.1,774441,-8.8734,-9.9045,53.8128,-127.0464,78.4401,-4.413,-0.1494,-0.242
1780080241118,2,12.00000018,Upper Delivery,Delivery,pitch.1,775728,9.1835,-6.1744,25.7284,88.7085,51.312,-21.8771,-0.2044,0.327
1780080241118,2,Pitching Mound.Delivery,,Delivery,pitch.1,773816,0.3101,-16.0789,79.5412,-28.7892,129.7521,-20.1507,-0.1672,0.0621
1780080241118,2,Pitching Mound.Drive,,Delivery,pitch.1,774927,0.1872,0.0399,0.5106,0.0099,-0.0157,0.0098,0.0,0.0
1780080241118,2,Pitching Mound.Drive,,Delivery,pitch.1,774928,0.1763,0.0516,0.5623,0.01,-0.0199,0.0086,0.0,0.0
1780080241118,2,Pitching Mound.Parent,,Delivery,pitch.1,773072,0.4973,-16.039,80.0518,-28.7794,129.7363,-20.141,-0.1661,0.0617
1780080241119,2,11.0000004b,Drive,Delivery,pitch.1,774929,0.197,0.0461,0.5744,0.01,-0.0181,0.009,0.0,0.0
1780080241119,2,12.00000015,Lower Delivery,Delivery,pitch.1,774442,-8.9458,-9.9755,54.0966,-127.955,79.1159,-4.4294,-0.1499,-0.2424
1780080241119,2,12.00000018,Upper Delivery,Delivery,pitch.1,775729,9.1461,-6.1976,25.7672,88.7057,51.274,-21.8827,-0.204,0.327
1780080241119,2,Pitching Mound.Delivery,,Delivery,pitch.1,773817,0.2003,-16.1731,79.8638,-29.6172,130.3899,-20.1608,-0.1673,0.0619
1780080241119,2,Pitching Mound.Drive,,Delivery,pitch.1,774929,0.197,0.0461,0.5744,0.01,-0.0181,0.009,0.0,0.0
1780080241119,2,Pitching Mound.Parent,,Delivery,pitch.1,773073,0.3766,-16.1215,80.4261,-29.6072,130.37,-20.1522,-0.1662,0.0615
1780080241120,2,11.0000004b,Drive,Delivery,pitch.1,774930,0.1676,0.0644,0.6551,0.0105,-0.0213,0.0073,0.0,0.0
1780080241120,2,12.00000015,Lower Delivery,Delivery,pitch.1,774443,-9.0135,-10.0527,54.3838,-128.5855,79.5518,-4.4835,-0.1499,-0.2423
1780080241120,2,12.00000018,Upper Delivery,Delivery,pitch.1,775730,9.1424,-6.1728,25.7627,88.7624,51.3931,-21.9185,-0.2045,0.327
1780080241120,2,Pitching Mound.Delivery,,Delivery,pitch.1,773818,0.1288,-16.2255,80.1465,-30.0919,130.9449,-20.229,-0.1675,0.0621
1780080241120,2,Pitching Mound.Drive,,Delivery,pitch.1,774930,0.1676,0.0644,0.6551,0.0105,-0.0213,0.0073,0.0,0.0
1780080241120,2,Pitching Mound.Parent,,Delivery,pitch.1,773074,0.3258,-16.1794,80.7209,-30.0819,130.9268,-20.22,-0.1663,0.0617
1780080241121,2,11.0000004b,Drive,Delivery,pitch.1,774931,0.2022,0.0616,0.6183,0.018,-0.0185,0.0078,0.0,0.0
1780080241121,2,12.00000015,Lower Delivery,Delivery,pitch.1,774444,-9.0657,-10.1018,54.7206,-129.3956,80.2104,-4.4944,-0.1502,-0.2424
1780080241121,2,12.00000018,Upper Delivery,Delivery,pitch.1,775731,9.1237,-6.1944,25.6852,89.2033,51.4626,-21.9465,-0.2054,0.327
1780080241121,2,Pitching Mound.Delivery,,Delivery,pitch.1,773819,0.058,-16.2962,80.4058,-30.3203,131.673,-20.2564,-0.1678,0.0623
1780080241121,2,Pitching Mound.Drive,,Delivery,pitch.1,774931,0.2022,0.0616,0.6183,0.018,-0.0185,0.0078,0.0,0.0
1780080241121,2,Pitching Mound.Parent,,Delivery,pitch.1,773075,0.2256,-16.2318,81.0609,-30.3097,131.6517,-20.2491,-0.1665,0.0618
1780080241122,2,11.0000004b,Drive,Delivery,pitch.1,774932,0.1806,0.0795,0.6735,0.011,-0.0212,0.0064,0.0,0.0
1780080241122,2,12.00000015,Lower Delivery,Delivery,pitch.1,774445,-9.1471,-10.1445,55.0791,-130.3569,80.5915,-4.4948,-0.15,-0.2426
1780080241122,2,12.00000018,Upper Delivery,Delivery,pitch.1,775732,9.1277,-6.1922,25.7828,89.0891,51.4486,-21.8961,-0.2045,0.327
1780080241122,2,Pitching Mound.Delivery,,Delivery,pitch.1,773820,-0.0194,-16.3367,80.8619,-31.307,132.04,-20.1776,-0.1674,0.0622
1780080241122,2,Pitching Mound.Drive,,Delivery,pitch.1,774932,0.1806,0.0795,0.6735,0.011,-0.0212,0.0064,0.0,0.0
1780080241122,2,Pitching Mound.Parent,,Delivery,pitch.1,773076,0.1828,-16.2751,81.4802,-31.289,132.0215,-20.1698,-0.1661,0.0618
1780080241123,2,11.0000004b,Drive,Delivery,pitch.1,774933,0.1963,0.0625,0.6949,0.0122,-0.0194,0.0075,0.0,0.0
1780080241123,2,12.00000015,Lower Delivery,Delivery,pitch.1,774446,-9.2218,-10.199,55.335,-131.1019,81.0273,-4.476,-0.1501,-0.2428
1780080241123,2,12.00000018,Upper Delivery,Delivery,pitch.1,775733,9.1454,-6.178,25.7841,89.2913,51.4705,-21.9505,-0.2046,0.327
1780080241123,2,Pitching Mound.Delivery,,Delivery,pitch.1,773821,-0.0764,-16.377,81.1192,-31.7633,132.4978,-20.1817,-0.1674,0.0622
1780080241123,2,Pitching Mound.Drive,,Delivery,pitch.1,774933,0.1963,0.0625,0.6949,0.0122,-0.0194,0.0075,0.0,0.0
1780080241123,2,Pitching Mound.Parent,,Delivery,pitch.1,773077,0.1042,-16.2975,81.7927,-31.7523,132.4767,-20.1753,-0.166,0.0616
1780080241124,2,11.0000004b,Drive,Delivery,pitch.1,774934,0.1763,0.0742,0.6817,0.0164,-0.0195,0.0067,0.0,0.0
1780080241124,2,12.00000015,Lower Delivery,Delivery,pitch.1,774447,-9.2762,-10.2613,55.5788,-131.8036,81.3775,-4.468,-0.1501,-0.2431
1780080241124,2,12.00000018,Upper Delivery,Delivery,pitch.1,775734,9.0829,-6.2176,25.76,89.71,51.7088,-21.9686,-0.2057,0.327
1780080241124,2,Pitching Mound.Delivery,,Delivery,pitch.1,773822,-0.1932,-16.4789,81.3388,-31.9552,133.0863,-20.1945,-0.1677,0.0621
1780080241124,2,Pitching Mound.Drive,,Delivery,pitch.1,774934,0.1763,0.0742,0.6817,0.0164,-0.0195,0.0067,0.0,0.0
1780080241124,2,Pitching Mound.Parent,,Delivery,pitch.1,773078,0.003,-16.4165,82.0337,-31.943,133.067,-20.187,-0.1663,0.0616
1780080241125,2,11.0000004b,Drive,Delivery,pitch.1,774935,0.2131,0.0747,0.6613,0.0115,-0.0197,0.0067,0.0,0.0
1780080241125,2,12.00000015,Lower Delivery,Delivery,pitch.1,774448,-9.3149,-10.295,55.8126,-132.5684,81.7645,-4.4444,-0.1502,-0.2435
1780080241125,2,12.00000018,Upper Delivery,Delivery,pitch.1,775735,9.0742,-6.2428,25.7645,90.0207,51.7585,-21.982,-0.2059,0.327
1780080241125,2,Pitching Mound.Delivery,,Delivery,pitch.1,773823,-0.2407,-16.5378,81.5771,-32.3314,133.523,-20.1741,-0.1678,0.062
1780080241125,2,Pitching Mound.Drive,,Delivery,pitch.1,774935,0.2131,0.0747,0.6613,0.0115,-0.0197,0.0067,0.0,0.0
1780080241125,2,Pitching Mound.Parent,,Delivery,pitch.1,773079,-0.0644,-16.4636,82.2588,-32.3149,133.5036,-20.1674,-0.1664,0.0614
1780080241126,2,11.0000004b,Drive,Delivery,pitch.1,774936,0.2022,0.0788,0.7299,0.0141,-0.0183,0.0068,0.0,0.0
1780080241126,2,12.00000015,Lower Delivery,Delivery,pitch.1,774449,-9.3378,-10.3389,56.1378,-133.3829,82.361,-4.4377,-0.1504,-0.2435
1780080241126,2,12.00000018,Upper Delivery,Delivery,pitch.1,775736,9.0485,-6.2198,25.6735,90.1013,51.8278,-21.9697,-0.2069,0.327
1780080241126,2,Pitching Mound.Delivery,,Delivery,pitch.1,773824,-0.2892,-16.5587,81.8114,-32.9237,134.1888,-20.1561,-0.1681,0.0621
1780080241126,2,Pitching Mound.Drive,,Delivery,pitch.1,774936,0.2022,0.0788,0.7299,0.0141,-0.0183,0.0068,0.0,0.0
1780080241126,2,Pitching Mound.Parent,,Delivery,pitch.1,773080,-0.0762,-16.484,82.4727,-32.9122,134.1691,-20.1494,-0.1668,0.0616
1780080241127,2,11.0000004b,Drive,Delivery,pitch.1,774937,0.241,0.119,0.6357,0.012,-0.0155,0.0083,0.0,0.0
1780080241127,2,12.00000015,Lower Delivery,Delivery,pitch.1,774450,-9.377,-10.3919,56.4253,-134.3103,82.9855,-4.5141,-0.1507,-0.244
1780080241127,2,12.00000018,Upper Delivery,Delivery,pitch.1,775737,9.0317,-6.2289,25.6765,90.301,51.93,-21.9788,-0.2073,0.327
1780080241127,2,Pitching Mound.Delivery,,Delivery,pitch.1,773825,-0.3453,-16.6207,82.1018,-33.5547,134.9156,-20.234,-0.1684,0.0619
1780080241127,2,Pitching Mound.Drive,,Delivery,pitch.1,774937,0.241,0.119,0.6357,0.012,-0.0155,0.0083,0.0,0.0
1780080241127,2,Pitching Mound.Parent,,Delivery,pitch.1,773081,-0.1431,-16.5419,82.8317,-33.5406,134.8973,-20.2272,-0.1669,0.0614
1780080241128,2,11.0000004b,Drive,Delivery,pitch.1,774938,0.2185,0.1227,0.581,0.0104,-0.0136,0.009,0.0,0.0
1780080241128,2,12.00000015,Lower Delivery,Delivery,pitch.1,774451,-9.4024,-10.4297,56.5779,-134.9395,83.475,-4.5124,-0.1512,-0.2445
1780080241128,2,12.00000015,Lower Delivery,Delivery,pitch.1,774452,-9.4391,-10.4872,56.837,-135.6446,84.1371,-4.5444,-0.1517,-0.2446
1780080241128,2,12.00000018,Upper Delivery,Delivery,pitch.1,775738,9.0098,-6.2569,25.6083,90.3414,51.9228,-21.9753,-0.2078,0.327
1780080241128,2,Pitching Mound.Delivery,,Delivery,pitch.1,773826,-0.3926,-16.6866,82.1862,-34.0683,135.3978,-20.2276,-0.1689,0.0617
1780080241128,2,Pitching Mound.Drive,,Delivery,pitch.1,774938,0.2185,0.1227,0.581,0.0104,-0.0136,0.009,0.0,0.0
1780080241128,2,Pitching Mound.Parent,,Delivery,pitch.1,773082,-0.1516,-16.5677,82.8219,-34.0563,135.3823,-20.2193,-0.1676,0.0613
1780080241129,2,11.0000004b,Drive,Delivery,pitch.1,774939,0.2183,0.1108,0.5459,0.0165,-0.0124,0.0086,0.0,0.0
1780080241129,2,12.00000015,Lower Delivery,Delivery,pitch.1,774453,-9.4493,-10.5256,57.0885,-136.2859,84.9049,-4.5982,-0.1524,-0.2447
1780080241129,2,12.00000018,Upper Delivery,Delivery,pitch.1,775739,8.9617,-6.2814,25.5628,90.6537,52.116,-22.021,-0.209,0.327
1780080241129,2,Pitching Mound.Delivery,,Delivery,pitch.1,773827,-0.4774,-16.7686,82.3998,-34.3577,136.253,-20.3091,-0.1695,0.0618
1780080241129,2,Pitching Mound.Drive,,Delivery,pitch.1,774939,0.2183,0.1108,0.5459,0.0165,-0.0124,0.0086,0.0,0.0
1780080241129,2,Pitching Mound.Parent,,Delivery,pitch.1,773083,-0.2589,-16.6459,82.9808,-34.3473,136.2394,-20.3001,-0.1683,0.0613
1780080241130,2,11.0000004b,Drive,Delivery,pitch.1,774940,0.2204,0.1022,0.5743,0.0212,-0.0138,0.0085,0.0,0.0
1780080241130,2,12.00000018,Upper Delivery,Delivery,pitch.1,775740,8.981,-6.2532,25.5902,91.1266,52.1985,-21.9798,-0.2091,0.327
1780080241130,2,Pitching Mound.Delivery,,Delivery,pitch.1,773828,-0.4684,-16.7788,82.6786,-34.45,137.1034,-20.3116,-0.17,0.0618
1780080241130,2,Pitching Mound.Drive,,Delivery,pitch.1,774940,0.2204,0.1022,0.5743,0.0212,-0.0138,0.0085,0.0,0.0
1780080241130,2,Pitching Mound.Parent,,Delivery,pitch.1,773084,-0.2501,-16.668,83.2246,-34.4335,137.091,-20.3031,-0.1688,0.0614
1780080241131,2,11.0000004b,Drive,Delivery,pitch.1,774941,0.2325,0.083,0.5254,0.0185,-0.0137,0.0085,0.0,0.0
1780080241131,2,12.00000015,Lower Delivery,Delivery,pitch.1,774454,-9.4698,-10.5796,57.3052,-137.0237,85.6509,-4.6597,-0.1532,-0.2451
1780080241131,2,12.00000018,Upper Delivery,Delivery,pitch.1,775741,8.9601,-6.2554,25.5458,91.4266,52.3226,-21.9677,-0.2099,0.327
1780080241131,2,Pitching Mound.Delivery,,Delivery,pitch.1,773829,-0.5097,-16.8349,82.851,-34.7989,137.9736,-20.3612,-0.1707,0.0617
1780080241131,2,Pitching Mound.Drive,,Delivery,pitch.1,774941,0.2325,0.083,0.5254,0.0185,-0.0137,0.0085,0.0,0.0
1780080241131,2,Pitching Mound.Parent,,Delivery,pitch.1,773085,-0.2893,-16.7327,83.4253,-34.7777,137.9598,-20.3527,-0.1695,0.0612
1780080241132,2,11.0000004b,Drive,Delivery,pitch.1,774942,0.2326,0.0626,0.5849,0.0175,-0.0142,0.009,0.0,0.0
1780080241132,2,12.00000015,Lower Delivery,Delivery,pitch.1,774455,-9.5214,-10.617,57.5442,-137.7014,86.1709,-4.6763,-0.1535,-0.2453
1780080241132,2,12.00000018,Upper Delivery,Delivery,pitch.1,775742,8.9494,-6.2826,25.5908,91.3059,52.1948,-21.9355,-0.209,0.327
1780080241132,2,Pitching Mound.Delivery,,Delivery,pitch.1,773830,-0.5721,-16.8996,83.135,-35.5313,138.3657,-20.3317,-0.1706,0.0616
1780080241132,2,Pitching Mound.Drive,,Delivery,pitch.1,774942,0.2326,0.0626,0.5849,0.0175,-0.0142,0.009,0.0,0.0
1780080241132,2,Pitching Mound.Parent,,Delivery,pitch.1,773086,-0.3396,-16.8166,83.6604,-35.5129,138.3521,-20.3232,-0.1695,0.0612
1780080241133,2,11.0000004b,Drive,Delivery,pitch.1,774943,0.2483,0.0542,0.4748,0.0132,-0.0115,0.0111,0.0,0.0
1780080241133,2,12.00000015,Lower Delivery,Delivery,pitch.1,774456,-9.5607,-10.6646,57.8581,-138.3713,86.9413,-4.7419,-0.154,-0.2451
1780080241133,2,12.00000018,Upper Delivery,Delivery,pitch.1,775743,8.9642,-6.2796,25.6447,91.203,52.0957,-21.9411,-0.2082,0.327
1780080241133,2,Pitching Mound.Delivery,,Delivery,pitch.1,773831,-0.5965,-16.9441,83.5028,-36.2157,139.037,-20.3846,-0.1707,0.0618
1780080241133,2,Pitching Mound.Drive,,Delivery,pitch.1,774943,0.2483,0.0542,0.4748,0.0132,-0.0115,0.0111,0.0,0.0
1780080241133,2,Pitching Mound.Parent,,Delivery,pitch.1,773087,-0.3638,-16.8815,84.0877,-36.1982,139.0229,-20.3755,-0.1695,0.0613
1780080241134,2,11.0000004b,Drive,Delivery,pitch.1,774944,0.2493,0.0297,0.5211,0.0094,-0.0109,0.011,0.0,0.0
1780080241134,2,12.00000015,Lower Delivery,Delivery,pitch.1,774457,-9.6213,-10.7177,57.9704,-139.2358,87.3222,-4.78,-0.1544,-0.2462
1780080241134,2,12.00000018,Upper Delivery,Delivery,pitch.1,775744,8.9801,-6.2445,25.7089,91.1673,51.9001,-21.8793,-0.2069,0.327
1780080241134,2,Pitching Mound.Delivery,,Delivery,pitch.1,773832,-0.6412,-16.9621,83.6793,-37.0995,139.2222,-20.3348,-0.1705,0.061
1780080241134,2,Pitching Mound.Drive,,Delivery,pitch.1,774944,0.2493,0.0297,0.5211,0.0094,-0.0109,0.011,0.0,0.0
1780080241134,2,Pitching Mound.Parent,,Delivery,pitch.1,773088,-0.3929,-16.9079,84.154,-37.0864,139.2107,-20.3237,-0.1696,0.0607
1780080241135,2,11.0000004b,Drive,Delivery,pitch.1,774945,0.2597,0.0273,0.4179,0.0087,-0.0094,0.011,0.0,0.0
1780080241135,2,12.00000015,Lower Delivery,Delivery,pitch.1,774458,-9.6817,-10.7466,58.1908,-140.1019,87.7185,-4.7967,-0.1545,-0.2468
1780080241135,2,12.00000018,Upper Delivery,Delivery,pitch.1,775745,9.0122,-6.2046,25.7915,91.2216,52.0168,-21.8451,-0.2067,0.327
1780080241135,2,Pitching Mound.Delivery,,Delivery,pitch.1,773833,-0.6695,-16.9512,83.9823,-37.8645,139.7353,-20.2859,-0.1705,0.0606
1780080241135,2,Pitching Mound.Drive,,Delivery,pitch.1,774945,0.2597,0.0273,0.4179,0.0087,-0.0094,0.011,0.0,0.0
1780080241135,2,Pitching Mound.Parent,,Delivery,pitch.1,773089,-0.4203,-16.9215,84.5034,-37.8551,139.7244,-20.275,-0.1695,0.0602
1780080241136,2,11.0000004b,Drive,Delivery,pitch.1,774946,0.2627,0.0264,0.4329,0.0224,-0.0125,0.01,0.0,0.0
1780080241136,2,12.00000015,Lower Delivery,Delivery,pitch.1,774459,-9.7508,-10.8078,58.4614,-140.9154,88.2885,-4.8637,-0.1548,-0.2471
1780080241136,2,12.00000018,Upper Delivery,Delivery,pitch.1,775746,9.0218,-6.1514,25.8433,91.388,52.0682,-21.7676,-0.2065,0.327
1780080241136,2,Pitching Mound.Delivery,,Delivery,pitch.1,773834,-0.729,-16.9591,84.3048,-38.4372,140.3567,-20.2487,-0.1706,0.0605
1780080241136,2,Pitching Mound.Drive,,Delivery,pitch.1,774946,0.2627,0.0264,0.4329,0.0224,-0.0125,0.01,0.0,0.0
1780080241136,2,Pitching Mound.Parent,,Delivery,pitch.1,773090,-0.4693,-16.9319,84.7226,-38.4285,140.3473,-20.2377,-0.1698,0.0602
1780080241137,2,11.0000004b,Drive,Delivery,pitch.1,774947,0.2531,0.0062,0.401,0.029,-0.0104,0.0097,0.0,0.0
1780080241137,2,12.00000015,Lower Delivery,Delivery,pitch.1,774460,-9.8195,-10.8685,58.6872,-141.6957,88.897,-4.9427,-0.1553,-0.2475
1780080241137,2,12.00000018,Upper Delivery,Delivery,pitch.1,775747,9.0806,-6.1342,26.0578,91.4882,52.1322,-21.773,-0.2051,0.327
1780080241137,2,Pitching Mound.Delivery,,Delivery,pitch.1,773835,-0.7389,-17.0027,84.745,-39.1134,141.0292,-20.2897,-0.1706,0.0601
1780080241137,2,Pitching Mound.Drive,,Delivery,pitch.1,774947,0.2531,0.0062,0.401,0.029,-0.0104,0.0097,0.0,0.0
1780080241137,2,Pitching Mound.Parent,,Delivery,pitch.1,773091,-0.4762,-16.9764,85.1779,-39.0911,141.0167,-20.2797,-0.1697,0.0598
1780080241138,2,11.0000004b,Drive,Delivery,pitch.1,774948,0.2597,0.008,0.38,0.0378,-0.0119,0.0092,0.0,0.0
1780080241138,2,12.00000015,Lower Delivery,Delivery,pitch.1,774461,-9.9121,-10.9123,58.8258,-142.3299,89.3036,-5.0171,-0.1556,-0.248
1780080241138,2,12.00000018,Upper Delivery,Delivery,pitch.1,775748,9.1149,-6.1068,26.2144,91.5539,52.032,-21.6996,-0.2034,0.327
1780080241138,2,Pitching Mound.Delivery,,Delivery,pitch.1,773836,-0.7973,-17.0191,85.0402,-39.6881,141.3356,-20.2476,-0.1703,0.0596
1780080241138,2,Pitching Mound.Drive,,Delivery,pitch.1,774948,0.2597,0.008,0.38,0.0378,-0.0119,0.0092,0.0,0.0
1780080241138,2,Pitching Mound.Parent,,Delivery,pitch.1,773092,-0.5441,-17.0129,85.4412,-39.6591,141.3252,-20.2378,-0.1695,0.0594
1780080241139,2,11.0000004b,Drive,Delivery,pitch.1,774949,0.2616,0.0078,0.3873,0.0483,-0.0109,0.0086,0.0,0.0
1780080241139,2,12.00000015,Lower Delivery,Delivery,pitch.1,774462,-9.9882,-10.9571,58.9988,-143.0071,89.636,-5.0807,-0.1557,-0.2484
1780080241139,2,12.00000018,Upper Delivery,Delivery,pitch.1,775749,9.1371,-6.0522,26.2579,91.7182,52.0964,-21.6456,-0.2034,0.327
1780080241139,2,Pitching Mound.Delivery,,Delivery,pitch.1,773837,-0.8511,-17.0094,85.2567,-40.157,141.7324,-20.2237,-0.1704,0.0594
1780080241139,2,Pitching Mound.Drive,,Delivery,pitch.1,774949,0.2616,0.0078,0.3873,0.0483,-0.0109,0.0086,0.0,0.0
1780080241139,2,Pitching Mound.Parent,,Delivery,pitch.1,773093,-0.5914,-17.0014,85.6367,-40.1192,141.7205,-20.2145,-0.1696,0.0591
1780080241140,2,11.0000004b,Drive,Delivery,pitch.1,774950,0.2509,0.0207,0.4304,0.0467,-0.0109,0.0087,0.0,0.0
1780080241140,2,12.00000015,Lower Delivery,Delivery,pitch.1,774463,-10.0674,-10.9764,59.2475,-143.7074,89.9462,-5.2042,-0.1556,-0.2486
1780080241140,2,12.00000018,Upper Delivery,Delivery,pitch.1,775750,9.1481,-6.0451,26.3602,91.699,51.9856,-21.6129,-0.2021,0.327
1780080241140,2,Pitching Mound.Delivery,,Delivery,pitch.1,773838,-0.9193,-17.0215,85.6077,-40.8267,141.9319,-20.2838,-0.1699,0.0593
1780080241140,2,Pitching Mound.Drive,,Delivery,pitch.1,774950,0.2509,0.0207,0.4304,0.0467,-0.0109,0.0087,0.0,0.0
1780080241140,2,Pitching Mound.Parent,,Delivery,pitch.1,773094,-0.6578,-17.0136,85.995,-40.7784,141.921,-20.2753,-0.1692,0.059
1780080241141,2,11.0000004b,Drive,Delivery,pitch.1,774951,0.2253,0.0313,0.3923,0.0377,-0.0105,0.0098,0.0,0.0
1780080241141,2,12.00000015,Lower Delivery,Delivery,pitch.1,774464,-10.1518,-11.0279,59.4192,-144.3711,90.1026,-5.275,-0.1554,-0.249
1780080241141,2,12.00000018,Upper Delivery,Delivery,pitch.1,775751,9.1375,-6.0216,26.4261,91.7892,52.1001,-21.6057,-0.2021,0.327
1780080241141,2,Pitching Mound.Delivery,,Delivery,pitch.1,773839,-1.0144,-17.0494,85.8454,-41.3642,142.2027,-20.3223,-0.1698,0.059
1780080241141,2,Pitching Mound.Drive,,Delivery,pitch.1,774951,0.2253,0.0313,0.3923,0.0377,-0.0105,0.0098,0.0,0.0
1780080241141,2,Pitching Mound.Parent,,Delivery,pitch.1,773095,-0.7634,-17.0287,86.2758,-41.3176,142.1918,-20.3136,-0.1689,0.0587
1780080241142,2,11.0000004b,Drive,Delivery,pitch.1,774952,0.2146,0.0406,0.4224,0.0356,-0.0103,0.0093,0.0,0.0
1780080241142,2,12.00000015,Lower Delivery,Delivery,pitch.1,774465,-10.2363,-11.0807,59.623,-144.8183,90.2689,-5.3124,-0.1552,-0.249
1780080241142,2,12.00000018,Upper Delivery,Delivery,pitch.1,775752,9.1241,-5.9954,26.4896,91.9179,52.1122,-21.573,-0.2016,0.327
1780080241142,2,Pitching Mound.Delivery,,Delivery,pitch.1,773840,-1.1122,-17.0761,86.1126,-41.6351,142.3811,-20.3029,-0.1695,0.0591
1780080241142,2,Pitching Mound.Drive,,Delivery,pitch.1,774952,0.2146,0.0406,0.4224,0.0356,-0.0103,0.0093,0.0,0.0
1780080241142,2,Pitching Mound.Parent,,Delivery,pitch.1,773096,-0.8869,-17.0448,86.5049,-41.5973,142.3707,-20.2931,-0.1687,0.0588
1780080241143,2,11.0000004b,Drive,Delivery,pitch.1,774953,0.1879,0.0616,0.3757,0.0319,-0.0103,0.0094,0.0,0.0
1780080241143,2,12.00000015,Lower Delivery,Delivery,pitch.1,774466,-10.2898,-11.1192,59.9524,-145.3967,90.6575,-5.3766,-0.155,-0.2486
1780080241143,2,12.00000018,Upper Delivery,Delivery,pitch.1,775753,9.1352,-5.9993,26.6767,92.1477,52.1057,-21.5276,-0.2002,0.327
1780080241143,2,Pitching Mound.Delivery,,Delivery,pitch.1,773841,-1.1545,-17.1185,86.6291,-41.9352,142.7632,-20.2997,-0.1689,0.0593
1780080241143,2,Pitching Mound.Drive,,Delivery,pitch.1,774953,0.1879,0.0616,0.3757,0.0319,-0.0103,0.0094,0.0,0.0
1780080241143,2,Pitching Mound.Parent,,Delivery,pitch.1,773097,-0.94,-17.0779,87.0515,-41.8996,142.7529,-20.2905,-0.1681,0.059
1780080241144,2,11.0000004b,Drive,Delivery,pitch.1,774954,0.1883,0.0598,0.3906,0.0338,-0.0116,0.0083,0.0,0.0
1780080241144,2,12.00000015,Lower Delivery,Delivery,pitch.1,774467,-10.3522,-11.1571,60.2486,-146.2877,91.071,-5.4705,-0.1549,-0.2489
1780080241144,2,12.00000018,Upper Delivery,Delivery,pitch.1,775754,9.1166,-5.993,26.736,92.2493,52.1358,-21.5122,-0.1999,0.327
1780080241144,2,Pitching Mound.Delivery,,Delivery,pitch.1,773842,-1.2356,-17.1501,86.9846,-42.6441,143.2069,-20.3634,-0.1687,0.0591
1780080241144,2,Pitching Mound.Drive,,Delivery,pitch.1,774954,0.1883,0.0598,0.3906,0.0338,-0.0116,0.0083,0.0,0.0
1780080241144,2,Pitching Mound.Parent,,Delivery,pitch.1,773098,-1.0478,-17.0884,87.3602,-42.6122,143.1965,-20.354,-0.168,0.0589
1780080241145,2,11.0000004b,Drive,Delivery,pitch.1,774955,0.1831,0.0487,0.3762,0.0315,-0.0112,0.0086,0.0,0.0
1780080241145,2,12.00000015,Lower Delivery,Delivery,pitch.1,774468,-10.4104,-11.1708,60.6082,-147.1294,91.6315,-5.6068,-0.155,-0.2488
1780080241145,2,12.00000018,Upper Delivery,Delivery,pitch.1,775755,9.13,-5.9853,26.8726,92.4481,52.1,-21.4584,-0.1987,0.327
1780080241145,2,Pitching Mound.Delivery,,Delivery,pitch.1,773843,-1.2803,-17.1561,87.4807,-43.2112,143.7315,-20.4214,-0.1684,0.0592
1780080241145,2,Pitching Mound.Drive,,Delivery,pitch.1,774955,0.1831,0.0487,0.3762,0.0315,-0.0112,0.0086,0.0,0.0
1780080241145,2,Pitching Mound.Parent,,Delivery,pitch.1,773099,-1.092,-17.0964,87.8713,-43.1774,143.72,-20.4131,-0.1677,0.0589
1780080241146,2,11.0000004b,Drive,Delivery,pitch.1,774956,0.2033,0.0612,0.4658,0.039,-0.0138,0.0085,0.0,0.0
1780080241146,2,12.00000015,Lower Delivery,Delivery,pitch.1,774469,-10.4653,-11.2213,60.8782,-147.9484,92.1241,-5.7129,-0.1551,-0.2491
1780080241146,2,12.00000018,Upper Delivery,Delivery,pitch.1,775756,9.0893,-5.9753,26.8181,92.5409,52.0475,-21.4514,-0.1989,0.327
1780080241146,2,Pitching Mound.Delivery,,Delivery,pitch.1,773844,-1.3759,-17.1965,87.6963,-43.8271,144.1716,-20.5157,-0.1685,0.0591
1780080241146,2,Pitching Mound.Drive,,Delivery,pitch.1,774956,0.2033,0.0612,0.4658,0.039,-0.0138,0.0085,0.0,0.0
1780080241146,2,Pitching Mound.Parent,,Delivery,pitch.1,773100,-1.1928,-17.1479,88.0725,-43.7956,144.1604,-20.5072,-0.1678,0.0589
1780080241147,2,11.0000004b,Drive,Delivery,pitch.1,774957,0.1949,0.0547,0.4046,0.0244,-0.0147,0.0097,0.0,0.0
1780080241147,2,12.00000015,Lower Delivery,Delivery,pitch.1,774470,-10.5137,-11.229,61.1977,-148.72,92.494,-5.7966,-0.1549,-0.2491
1780080241147,2,12.00000018,Upper Delivery,Delivery,pitch.1,775757,9.0897,-5.9846,26.8886,92.6811,52.0243,-21.4085,-0.1983,0.327
1780080241147,2,Pitching Mound.Delivery,,Delivery,pitch.1,773845,-1.4241,-17.2136,88.0863,-44.3738,144.5184,-20.5399,-0.1682,0.0592
1780080241147,2,Pitching Mound.Drive,,Delivery,pitch.1,774957,0.1949,0.0547,0.4046,0.0244,-0.0147,0.0097,0.0,0.0
1780080241147,2,Pitching Mound.Parent,,Delivery,pitch.1,773101,-1.2208,-17.1524,88.5522,-44.3348,144.5046,-20.5314,-0.1673,0.0589
1780080241148,2,11.0000004b,Drive,Delivery,pitch.1,774958,0.1751,0.0617,0.3807,0.0232,-0.0143,0.0099,0.0,0.0
1780080241148,2,12.00000015,Lower Delivery,Delivery,pitch.1,774471,-10.5805,-11.2759,61.4192,-149.0402,93.0533,-5.8847,-0.1553,-0.2487
1780080241148,2,12.00000018,Upper Delivery,Delivery,pitch.1,775758,9.0519,-5.9831,26.8567,92.837,51.9468,-21.4029,-0.1982,0.327
1780080241148,2,Pitching Mound.Delivery,,Delivery,pitch.1,773846,-1.5286,-17.259,88.2759,-44.452,145.0001,-20.6125,-0.1684,0.0596
1780080241148,2,Pitching Mound.Drive,,Delivery,pitch.1,774958,0.1751,0.0617,0.3807,0.0232,-0.0143,0.0099,0.0,0.0
1780080241148,2,Pitching Mound.Parent,,Delivery,pitch.1,773102,-1.3337,-17.2042,88.6805,-44.4275,144.9854,-20.6029,-0.1676,0.0593
1780080241149,2,11.0000004b,Drive,Delivery,pitch.1,774959,0.201,0.0743,0.4268,0.0233,-0.0177,0.0089,0.0,0.0
1780080241149,2,12.00000015,Lower Delivery,Delivery,pitch.1,774472,-10.6309,-11.2959,61.7932,-149.9307,93.8981,-5.9778,-0.1557,-0.2487
1780080241149,2,12.00000018,Upper Delivery,Delivery,pitch.1,775759,9.0485,-5.9435,26.8335,92.7767,52.0157,-21.3362,-0.1987,0.327
1780080241149,2,Pitching Mound.Delivery,,Delivery,pitch.1,773847,-1.5824,-17.2394,88.6267,-45.2677,145.9138,-20.623,-0.1687,0.0597
1780080241149,2,Pitching Mound.Drive,,Delivery,pitch.1,774959,0.201,0.0743,0.4268,0.0233,-0.0177,0.0089,0.0,0.0
1780080241149,2,Pitching Mound.Parent,,Delivery,pitch.1,773103,-1.4073,-17.1777,89.0075,-45.2445,145.8995,-20.6131,-0.168,0.0595
1780080241150,2,11.0000004b,Drive,Delivery,pitch.1,774960,0.1927,0.0764,0.4097,0.0186,-0.0178,0.0096,0.0,0.0
1780080241150,2,12.00000015,Lower Delivery,Delivery,pitch.1,774473,-10.6807,-11.3331,61.9803,-150.3167,94.0643,-6.045,-0.1556,-0.2486
1780080241150,2,12.00000018,Upper Delivery,Delivery,pitch.1,775760,9.085,-5.9377,26.9669,93.1351,52.1622,-21.3484,-0.1983,0.327
1780080241150,2,Pitching Mound.Delivery,,Delivery,pitch.1,773848,-1.5956,-17.2709,88.9472,-45.2771,146.2265,-20.6731,-0.1685,0.0598
1780080241150,2,Pitching Mound.Drive,,Delivery,pitch.1,774960,0.1927,0.0764,0.4097,0.0186,-0.0178,0.0096,0.0,0.0
1780080241150,2,Pitching Mound.Parent,,Delivery,pitch.1,773104,-1.3946,-17.1966,89.374,-45.2537,146.2088,-20.6641,-0.1677,0.0595
1780080241151,2,11.0000004b,Drive,Delivery,pitch.1,774961,0.1892,0.0547,0.398,0.0088,-0.0166,0.0101,0.0,0.0
1780080241151,2,12.00000015,Lower Delivery,Delivery,pitch.1,774474,-10.7236,-11.378,62.2553,-151.0133,94.4972,-6.1189,-0.1556,-0.2486
1780080241151,2,12.00000018,Upper Delivery,Delivery,pitch.1,775761,9.0926,-5.9235,26.9769,93.1503,52.1276,-21.2948,-0.1981,0.327
1780080241151,2,Pitching Mound.Delivery,,Delivery,pitch.1,773849,-1.631,-17.3015,89.2323,-45.8683,146.6247,-20.6762,-0.1684,0.0598
1780080241151,2,Pitching Mound.Drive,,Delivery,pitch.1,774961,0.1892,0.0547,0.398,0.0088,-0.0166,0.0101,0.0,0.0
1780080241151,2,Pitching Mound.Parent,,Delivery,pitch.1,773105,-1.4383,-17.2252,89.642,-45.8497,146.6069,-20.6666,-0.1676,0.0596
1780080241152,2,11.0000004b,Drive,Delivery,pitch.1,774962,0.2339,0.0331,0.418,0.0119,-0.0165,0.0095,0.0,0.0
1780080241152,2,12.00000015,Lower Delivery,Delivery,pitch.1,774475,-10.7855,-11.4012,62.409,-151.6164,94.8656,-6.1706,-0.1558,-0.249
1780080241152,2,12.00000018,Upper Delivery,Delivery,pitch.1,775762,9.0958,-5.885,27.0259,93.0873,52.0754,-21.2378,-0.1975,0.327
1780080241152,2,Pitching Mound.Delivery,,Delivery,pitch.1,773850,-1.6897,-17.2862,89.4349,-46.4988,146.941,-20.6487,-0.1684,0.0596
1780080241152,2,Pitching Mound.Drive,,Delivery,pitch.1,774962,0.2339,0.0331,0.418,0.0119,-0.0165,0.0095,0.0,0.0
1780080241152,2,Pitching Mound.Parent,,Delivery,pitch.1,773106,-1.5005,-17.2316,89.833,-46.49,146.9244,-20.6387,-0.1677,0.0593
1780080241153,2,11.0000004b,Drive,Delivery,pitch.1,774963,0.2385,0.0239,0.4029,0.0198,-0.0167,0.0097,0.0,0.0
1780080241153,2,12.00000015,Lower Delivery,Delivery,pitch.1,774476,-10.8353,-11.4087,62.7698,-152.5961,95.5521,-6.2405,-0.156,-0.2492
1780080241153,2,12.00000018,Upper Delivery,Delivery,pitch.1,775763,9.0807,-5.8855,27.0294,93.3157,52.1017,-21.2352,-0.1976,0.327
1780080241153,2,Pitching Mound.Delivery,,Delivery,pitch.1,773851,-1.7546,-17.2942,89.7992,-47.1286,147.6538,-20.7042,-0.1685,0.0596
1780080241153,2,Pitching Mound.Drive,,Delivery,pitch.1,774963,0.2385,0.0239,0.4029,0.0198,-0.0167,0.0097,0.0,0.0
1780080241153,2,Pitching Mound.Parent,,Delivery,pitch.1,773107,-1.5207,-17.2612,90.2172,-47.1167,147.6373,-20.6947,-0.1677,0.0593
1780080241154,2,11.0000004b,Drive,Delivery,pitch.1,774964,0.2453,0.0155,0.4099,0.0101,-0.0173,0.0103,0.0,0.0
1780080241154,2,12.00000015,Lower Delivery,Delivery,pitch.1,774477,-10.9044,-11.4169,63.0726,-153.3239,96.1134,-6.3581,-0.1562,-0.2492
1780080241154,2,12.00000018,Upper Delivery,Delivery,pitch.1,775764,9.0981,-5.876,27.0158,93.353,51.9983,-21.2442,-0.1973,0.327
1780080241154,2,Pitching Mound.Delivery,,Delivery,pitch.1,773852,-1.8063,-17.2929,90.0884,-47.7116,148.1117,-20.8015,-0.1685,0.0597
1780080241154,2,Pitching Mound.Drive,,Delivery,pitch.1,774964,0.2453,0.0155,0.4099,0.0101,-0.0173,0.0103,0.0,0.0
1780080241154,2,Pitching Mound.Parent,,Delivery,pitch.1,773108,-1.5678,-17.269,90.4913,-47.6917,148.0951,-20.7918,-0.1678,0.0594
1780080241155,2,11.0000004b,Drive,Delivery,pitch.1,774965,0.2604,0.0247,0.4546,0.0084,-0.0189,0.0106,0.0,0.0
1780080241155,2,12.00000015,Lower Delivery,Delivery,pitch.1,774478,-10.9725,-11.4354,63.299,-153.9141,96.3304,-6.4125,-0.156,-0.2492
1780080241155,2,12.00000018,Upper Delivery,Delivery,pitch.1,775765,9.0797,-5.8784,27.0243,93.458,51.9869,-21.2343,-0.1972,0.327
1780080241155,2,Pitching Mound.Delivery,,Delivery,pitch.1,773853,-1.8928,-17.3138,90.3233,-48.1227,148.3173,-20.829,-0.1683,0.0597
1780080241155,2,Pitching Mound.Drive,,Delivery,pitch.1,774965,0.2604,0.0247,0.4546,0.0084,-0.0189,0.0106,0.0,0.0
1780080241155,2,Pitching Mound.Parent,,Delivery,pitch.1,773109,-1.6475,-17.2982,90.7333,-48.1125,148.3,-20.8187,-0.1675,0.0595
1780080241156,2,11.0000004b,Drive,Delivery,pitch.1,774966,0.2628,0.0149,0.4483,0.0085,-0.0177,0.0097,0.0,0.0
1780080241156,2,12.00000015,Lower Delivery,Delivery,pitch.1,774479,-11.0304,-11.4611,63.4954,-154.6351,96.7402,-6.4499,-0.1562,-0.2496
1780080241156,2,12.00000018,Upper Delivery,Delivery,pitch.1,775766,9.0731,-5.8724,27.0897,93.4494,51.8868,-21.2646,-0.1963,0.327
1780080241156,2,Pitching Mound.Delivery,,Delivery,pitch.1,773854,-1.9573,-17.3335,90.5851,-48.8077,148.627,-20.8793,-0.1682,0.0595
1780080241156,2,Pitching Mound.Drive,,Delivery,pitch.1,774966,0.2628,0.0149,0.4483,0.0085,-0.0177,0.0097,0.0,0.0
1780080241156,2,Pitching Mound.Parent,,Delivery,pitch.1,773110,-1.6969,-17.3088,91.0397,-48.7993,148.6081,-20.8687,-0.1673,0.0592
1780080241157,2,11.0000004b,Drive,Delivery,pitch.1,774967,0.2525,0.0174,0.4599,0.0092,-0.0157,0.0095,0.0,0.0
1780080241157,2,12.00000015,Lower Delivery,Delivery,pitch.1,774480,-11.1256,-11.4927,63.745,-155.3179,96.9549,-6.4711,-0.1559,-0.2497
1780080241157,2,12.00000018,Upper Delivery,Delivery,pitch.1,775767,9.0639,-5.8794,27.1754,93.8635,51.986,-21.2696,-0.1961,0.327
1780080241157,2,Pitching Mound.Delivery,,Delivery,pitch.1,773855,-2.0617,-17.3721,90.9203,-49.0207,148.9409,-20.8763,-0.1679,0.0594
1780080241157,2,Pitching Mound.Drive,,Delivery,pitch.1,774967,0.2525,0.0174,0.4599,0.0092,-0.0157,0.0095,0.0,0.0
1780080241157,2,Pitching Mound.Parent,,Delivery,pitch.1,773111,-1.7989,-17.3572,91.3686,-49.0123,148.9232,-20.8666,-0.1671,0.0591
1780080241158,2,11.0000004b,Drive,Delivery,pitch.1,774968,0.2453,0.0331,0.5644,0.0102,-0.0159,0.0087,0.0,0.0
1780080241158,2,12.00000015,Lower Delivery,Delivery,pitch.1,774481,-11.1917,-11.5204,63.9634,-156.0908,97.3904,-6.5266,-0.1561,-0.2501
1780080241158,2,12.00000018,Upper Delivery,Delivery,pitch.1,775768,9.0628,-5.9001,27.1714,94.0883,51.9548,-21.3232,-0.196,0.327
1780080241158,2,Pitching Mound.Delivery,,Delivery,pitch.1,773856,-2.1289,-17.4205,91.1348,-49.4932,149.3452,-20.9633,-0.168,0.0592
1780080241158,2,Pitching Mound.Drive,,Delivery,pitch.1,774968,0.2453,0.0331,0.5644,0.0102,-0.0159,0.0087,0.0,0.0
1780080241158,2,Pitching Mound.Parent,,Delivery,pitch.1,773112,-1.8764,-17.4032,91.5948,-49.4841,149.3295,-20.9538,-0.1671,0.0589
1780080241159,2,11.0000004b,Drive,Delivery,pitch.1,774969,0.2821,0.0217,0.5115,0.009,-0.0152,0.0093,0.0,0.0
1780080241159,2,12.00000015,Lower Delivery,Delivery,pitch.1,774482,-11.2557,-11.5484,64.1769,-156.8742,97.8836,-6.5919,-0.1563,-0.2505
1780080241159,2,12.00000018,Upper Delivery,Delivery,pitch.1,775769,9.0602,-5.9076,27.315,94.2002,51.8731,-21.3642,-0.1946,0.327
1780080241159,2,Pitching Mound.Delivery,,Delivery,pitch.1,773857,-2.1955,-17.456,91.4919,-50.141,149.7567,-21.0487,-0.1678,0.0589
1780080241159,2,Pitching Mound.Drive,,Delivery,pitch.1,774969,0.2821,0.0217,0.5115,0.009,-0.0152,0.0093,0.0,0.0
1780080241159,2,Pitching Mound.Parent,,Delivery,pitch.1,773113,-1.9502,-17.4229,92.0563,-50.1308,149.7408,-21.04,-0.1667,0.0585
1780080241160,2,11.0000004b,Drive,Delivery,pitch.1,774970,0.2691,0.0207,0.5169,0.0105,-0.0202,0.0089,0.0,0.0
1780080241160,2,12.00000015,Lower Delivery,Delivery,pitch.1,774483,-11.3224,-11.5885,64.4055,-157.5925,98.194,-6.6343,-0.1563,-0.2508
1780080241160,2,12.00000018,Upper Delivery,Delivery,pitch.1,775770,9.0454,-5.9101,27.3586,94.303,51.8482,-21.3737,-0.1942,0.327
1780080241160,2,Pitching Mound.Delivery,,Delivery,pitch.1,773858,-2.277,-17.4987,91.764,-50.6936,150.0422,-21.0829,-0.1676,0.0587
1780080241160,2,Pitching Mound.Drive,,Delivery,pitch.1,774970,0.2691,0.0207,0.5169,0.0105,-0.0202,0.0089,0.0,0.0
1780080241160,2,Pitching Mound.Parent,,Delivery,pitch.1,773114,-1.9949,-17.477,92.2756,-50.6845,150.027,-21.0736,-0.1667,0.0584
1780080241161,2,11.0000004b,Drive,Delivery,pitch.1,774971,0.2798,0.0223,0.5321,0.0123,-0.0344,0.0089,0.0,0.0
1780080241161,2,12.00000015,Lower Delivery,Delivery,pitch.1,774484,-11.3776,-11.6488,64.6156,-158.2136,98.6597,-6.7075,-0.1565,-0.251
1780080241161,2,12.00000018,Upper Delivery,Delivery,pitch.1,775771,9.0313,-5.8991,27.4321,94.5656,52.0331,-21.3637,-0.1944,0.327
1780080241161,2,Pitching Mound.Delivery,,Delivery,pitch.1,773859,-2.3463,-17.548,92.0477,-51.0056,150.6927,-21.1322,-0.1678,0.0586
1780080241161,2,Pitching Mound.Drive,,Delivery,pitch.1,774971,0.2798,0.0223,0.5321,0.0123,-0.0344,0.0089,0.0,0.0
1780080241161,2,Pitching Mound.Parent,,Delivery,pitch.1,773115,-2.0773,-17.5272,92.5646,-50.9951,150.6725,-21.1233,-0.1669,0.0583
1780080241162,2,11.0000004b,Drive,Delivery,pitch.1,774972,0.309,0.0222,0.5364,0.0102,-0.0171,0.0096,0.0,0.0
1780080241162,2,12.00000015,Lower Delivery,Delivery,pitch.1,774485,-11.4478,-11.6765,64.8111,-158.7869,99.1795,-6.7857,-0.1568,-0.2511
1780080241162,2,12.00000018,Upper Delivery,Delivery,pitch.1,775772,9.0187,-5.9035,27.5059,94.8318,52.0257,-21.3988,-0.1939,0.327
1780080241162,2,Pitching Mound.Delivery,,Delivery,pitch.1,773860,-2.4291,-17.58,92.317,-51.2713,151.2053,-21.2259,-0.1679,0.0585
1780080241162,2,Pitching Mound.Drive,,Delivery,pitch.1,774972,0.309,0.0222,0.5364,0.0102,-0.0171,0.0096,0.0,0.0
1780080241162,2,Pitching Mound.Parent,,Delivery,pitch.1,773116,-2.1492,-17.5577,92.8491,-51.259,151.1708,-21.217,-0.1669,0.0582
1780080241163,2,11.0000004b,Drive,Delivery,pitch.1,774973,0.2865,0.0236,0.5577,0.0087,-0.0096,0.0097,0.0,0.0
1780080241163,2,12.00000015,Lower Delivery,Delivery,pitch.1,774486,-11.4944,-11.734,65.0413,-159.5142,99.6082,-6.8923,-0.157,-0.2514
1780080241163,2,12.00000018,Upper Delivery,Delivery,pitch.1,775773,8.981,-5.8649,27.5283,94.9495,52.105,-21.4209,-0.194,0.327
1780080241163,2,Pitching Mound.Delivery,,Delivery,pitch.1,773861,-2.5134,-17.5989,92.5696,-51.8103,151.7132,-21.3515,-0.168,0.0584
1780080241163,2,Pitching Mound.Drive,,Delivery,pitch.1,774973,0.2865,0.0236,0.5577,0.0087,-0.0096,0.0097,0.0,0.0
1780080241163,2,Pitching Mound.Parent,,Delivery,pitch.1,773117,-2.2269,-17.5753,93.1273,-51.8016,151.7036,-21.3418,-0.167,0.0581
1780080241164,2,11.0000004b,Drive,Delivery,pitch.1,774974,0.2876,0.0304,0.5944,0.0139,-0.0062,0.0093,0.0,0.0
1780080241164,2,12.00000015,Lower Delivery,Delivery,pitch.1,774487,-11.5049,-11.7937,65.1675,-160.0392,100.0604,-6.9614,-0.1574,-0.2517
1780080241164,2,12.00000018,Upper Delivery,Delivery,pitch.1,775774,8.9593,-5.8754,27.5549,95.2987,52.2174,-21.4101,-0.1942,0.327
1780080241164,2,Pitching Mound.Delivery,,Delivery,pitch.1,773862,-2.5456,-17.6691,92.7224,-51.9522,152.2778,-21.4137,-0.1683,0.0582
1780080241164,2,Pitching Mound.Drive,,Delivery,pitch.1,774974,0.2876,0.0304,0.5944,0.0139,-0.0062,0.0093,0.0,0.0
1780080241164,2,Pitching Mound.Parent,,Delivery,pitch.1,773118,-2.258,-17.6387,93.3168,-51.9383,152.2716,-21.4044,-0.1673,0.0578
1780080241165,2,11.0000004b,Drive,Delivery,pitch.1,774975,0.2949,0.0278,0.5833,0.0088,-0.006,0.0097,0.0,0.0
1780080241165,2,12.00000015,Lower Delivery,Delivery,pitch.1,774488,-11.5646,-11.8575,65.4274,-160.6365,100.4005,-7.0506,-0.1573,-0.2516
1780080241165,2,12.00000018,Upper Delivery,Delivery,pitch.1,775775,8.9614,-5.8716,27.6326,95.3763,52.2018,-21.4267,-0.1936,0.327
1780080241165,2,Pitching Mound.Delivery,,Delivery,pitch.1,773863,-2.6032,-17.7291,93.06,-52.41,152.6024,-21.4985,-0.1681,0.0583
1780080241165,2,Pitching Mound.Drive,,Delivery,pitch.1,774975,0.2949,0.0278,0.5833,0.0088,-0.006,0.0097,0.0,0.0
1780080241165,2,Pitching Mound.Parent,,Delivery,pitch.1,773119,-2.3083,-17.7013,93.6433,-52.4012,152.5964,-21.4888,-0.167,0.0579
1780080241166,2,11.0000004b,Drive,Delivery,pitch.1,774976,0.2782,0.0286,0.5392,0.0163,-0.0051,0.0096,0.0,0.0
1780080241166,2,12.00000015,Lower Delivery,Delivery,pitch.1,774489,-11.6033,-11.9133,65.6023,-161.1983,101.0599,-7.1602,-0.1579,-0.2519
1780080241166,2,12.00000018,Upper Delivery,Delivery,pitch.1,775776,8.9447,-5.8635,27.6945,95.5263,52.1695,-21.3922,-0.1931,0.327
1780080241166,2,Pitching Mound.Delivery,,Delivery,pitch.1,773864,-2.6586,-17.7768,93.2968,-52.7834,153.2294,-21.5661,-0.1683,0.0581
1780080241166,2,Pitching Mound.Drive,,Delivery,pitch.1,774976,0.2782,0.0286,0.5392,0.0163,-0.0051,0.0096,0.0,0.0
1780080241166,2,Pitching Mound.Parent,,Delivery,pitch.1,773120,-2.3805,-17.7482,93.836,-52.7671,153.2243,-21.5566,-0.1674,0.0578
1780080241167,2,11.0000004b,Drive,Delivery,pitch.1,774977,0.2917,0.0292,0.5736,0.0083,-0.0066,0.0104,0.0,0.0
1780080241167,2,12.00000015,Lower Delivery,Delivery,pitch.1,774490,-11.6522,-11.9664,65.8187,-161.8957,101.6059,-7.254,-0.1582,-0.2521
1780080241167,2,12.00000015,Lower Delivery,Delivery,pitch.1,774491,-11.7173,-11.9876,66.0521,-162.6416,101.9576,-7.3679,-0.1582,-0.2524
1780080241167,2,12.00000018,Upper Delivery,Delivery,pitch.1,775777,8.9136,-5.84,27.6957,95.7931,52.251,-21.362,-0.1934,0.327
1780080241167,2,Pitching Mound.Delivery,,Delivery,pitch.1,773865,-2.7386,-17.8064,93.5143,-53.1407,153.8569,-21.6236,-0.1686,0.058
1780080241167,2,Pitching Mound.Drive,,Delivery,pitch.1,774977,0.2917,0.0292,0.5736,0.0083,-0.0066,0.0104,0.0,0.0
1780080241167,2,Pitching Mound.Parent,,Delivery,pitch.1,773121,-2.4469,-17.7772,94.088,-53.1324,153.8503,-21.6132,-0.1676,0.0577
1780080241168,2,11.0000004b,Drive,Delivery,pitch.1,774978,0.2823,0.0414,0.609,0.0079,-0.0088,0.0101,0.0,0.0
1780080241168,2,12.00000015,Lower Delivery,Delivery,pitch.1,774492,-11.7716,-12.0134,66.1509,-163.0417,102.1718,-7.449,-0.1583,-0.2526
1780080241168,2,12.00000018,Upper Delivery,Delivery,pitch.1,775778,8.9266,-5.8188,27.8473,96.0083,52.252,-21.3352,-0.1923,0.327
1780080241168,2,Pitching Mound.Delivery,,Delivery,pitch.1,773866,-2.7907,-17.8063,93.8994,-53.6437,154.2096,-21.6842,-0.1683,0.0578
1780080241168,2,Pitching Mound.Drive,,Delivery,pitch.1,774978,0.2823,0.0414,0.609,0.0079,-0.0088,0.0101,0.0,0.0
1780080241168,2,Pitching Mound.Parent,,Delivery,pitch.1,773122,-2.5084,-17.765,94.5084,-53.6358,154.2008,-21.6741,-0.1672,0.0574
1780080241169,2,11.0000004b,Drive,Delivery,pitch.1,774979,0.2728,0.0617,0.5454,0.008,-0.0097,0.0095,0.0,0.0
1780080241169,2,12.00000015,Lower Delivery,Delivery,pitch.1,774493,-11.841,-12.0444,66.391,-163.6138,102.2663,-7.5324,-0.1579,-0.2526
1780080241169,2,12.00000018,Upper Delivery,Delivery,pitch.1,775779,8.9364,-5.79,27.9397,96.1362,52.3149,-21.3147,-0.1919,0.327
1780080241169,2,Pitching Mound.Delivery,,Delivery,pitch.1,773867,-2.8353,-17.8034,94.0906,-53.9137,154.4867,-21.7229,-0.1683,0.0576
1780080241169,2,Pitching Mound.Drive,,Delivery,pitch.1,774979,0.2728,0.0617,0.5454,0.008,-0.0097,0.0095,0.0,0.0
1780080241169,2,Pitching Mound.Parent,,Delivery,pitch.1,773123,-2.5625,-17.7417,94.636,-53.9057,154.477,-21.7135,-0.1673,0.0572
1780080241170,2,11.0000004b,Drive,Delivery,pitch.1,774980,0.2939,0.0471,0.6003,0.0083,-0.0102,0.0101,0.0,0.0
1780080241170,2,12.00000018,Upper Delivery,Delivery,pitch.1,775780,8.9306,-5.7765,27.966,96.3309,52.2616,-21.3029,-0.1915,0.327
1780080241170,2,Pitching Mound.Delivery,,Delivery,pitch.1,773868,-2.9104,-17.8209,94.3569,-54.2184,154.5279,-21.7731,-0.1679,0.0577
1780080241170,2,Pitching Mound.Drive,,Delivery,pitch.1,774980,0.2939,0.0471,0.6003,0.0083,-0.0102,0.0101,0.0,0.0
1780080241170,2,Pitching Mound.Parent,,Delivery,pitch.1,773124,-2.6165,-17.7738,94.9572,-54.2102,154.5177,-21.763,-0.1668,0.0573
1780080241171,2,11.0000004b,Drive,Delivery,pitch.1,774981,0.2975,0.0609,0.551,0.0077,-0.0121,0.0103,0.0,0.0
1780080241171,2,12.00000015,Lower Delivery,Delivery,pitch.1,774494,-11.9166,-12.0668,66.5275,-163.939,102.5518,-7.6529,-0.158,-0.2526
1780080241171,2,12.00000015,Lower Delivery,Delivery,pitch.1,774495,-11.9598,-12.0737,66.7865,-164.499,103.0044,-7.7294,-0.1581,-0.2525
1780080241171,2,12.00000018,Upper Delivery,Delivery,pitch.1,775781,8.9526,-5.737,28.0226,96.3626,52.193,-21.3088,-0.1909,0.327
1780080241171,2,Pitching Mound.Delivery,,Delivery,pitch.1,773869,-2.9639,-17.8038,94.5501,-54.4848,154.7448,-21.8663,-0.1677,0.0577
1780080241171,2,Pitching Mound.Drive,,Delivery,pitch.1,774981,0.2975,0.0609,0.551,0.0077,-0.0121,0.0103,0.0,0.0
1780080241171,2,Pitching Mound.Parent,,Delivery,pitch.1,773125,-2.6664,-17.743,95.1011,-54.4771,154.7327,-21.856,-0.1668,0.0573
1780080241172,2,11.0000004b,Drive,Delivery,pitch.1,774982,0.2816,0.058,0.5335,0.0083,-0.0135,0.0101,0.0,0.0
1780080241172,2,12.00000015,Lower Delivery,Delivery,pitch.1,774496,-12.0303,-12.0952,67.0835,-165.1628,103.3941,-7.8621,-0.158,-0.2523
1780080241172,2,12.00000018,Upper Delivery,Delivery,pitch.1,775782,8.9453,-5.7115,28.1506,96.6663,52.351,-21.2594,-0.1906,0.327
1780080241172,2,Pitching Mound.Delivery,,Delivery,pitch.1,773870,-3.0145,-17.7853,94.937,-54.6965,155.3554,-21.8811,-0.1677,0.0577
1780080241172,2,Pitching Mound.Drive,,Delivery,pitch.1,774982,0.2816,0.058,0.5335,0.0083,-0.0135,0.0101,0.0,0.0
1780080241172,2,Pitching Mound.Parent,,Delivery,pitch.1,773126,-2.7329,-17.7273,95.4706,-54.6883,155.342,-21.871,-0.1668,0.0574
1780080241173,2,11.0000004b,Drive,Delivery,pitch.1,774983,0.2814,0.0476,0.4859,0.0087,-0.0128,0.0097,0.0,0.0
1780080241173,2,12.00000015,Lower Delivery,Delivery,pitch.1,774497,-12.1079,-12.0995,67.252,-165.4142,103.4249,-7.9632,-0.1576,-0.2521
1780080241173,2,12.00000018,Upper Delivery,Delivery,pitch.1,775783,8.9324,-5.6739,28.2827,96.6755,52.2899,-21.2579,-0.1895,0.327
1780080241173,2,Pitching Mound.Delivery,,Delivery,pitch.1,773871,-3.0979,-17.7692,95.3662,-55.2951,155.6841,-21.9927,-0.1673,0.0578
1780080241173,2,Pitching Mound.Drive,,Delivery,pitch.1,774983,0.2814,0.0476,0.4859,0.0087,-0.0128,0.0097,0.0,0.0
1780080241173,2,Pitching Mound.Parent,,Delivery,pitch.1,773127,-2.8165,-17.7215,95.8521,-55.2864,155.6713,-21.983,-0.1665,0.0575
1780080241174,2,11.0000004b,Drive,Delivery,pitch.1,774984,0.2697,0.0454,0.4671,0.0091,-0.0124,0.0098,0.0,0.0
1780080241174,2,12.00000015,Lower Delivery,Delivery,pitch.1,774498,-12.165,-12.1277,67.4851,-165.681,103.5765,-8.0432,-0.1573,-0.2516
1780080241174,2,12.00000018,Upper Delivery,Delivery,pitch.1,775784,8.942,-5.6548,28.3385,96.8658,52.4491,-21.1872,-0.1897,0.327
1780080241174,2,Pitching Mound.Delivery,,Delivery,pitch.1,773872,-3.1659,-17.7543,95.5905,-55.3178,155.8739,-21.9934,-0.1671,0.058
1780080241174,2,Pitching Mound.Drive,,Delivery,pitch.1,774984,0.2697,0.0454,0.4671,0.0091,-0.0124,0.0098,0.0,0.0
1780080241174,2,Pitching Mound.Parent,,Delivery,pitch.1,773128,-2.8962,-17.7089,96.0576,-55.3087,155.8615,-21.9836,-0.1663,0.0577
1780080241175,2,11.0000004b,Drive,Delivery,pitch.1,774985,0.2559,0.018,0.4164,0.0094,-0.0114,0.0095,0.0,0.0
1780080241175,2,12.00000018,Upper Delivery,Delivery,pitch.1,775785,8.9115,-5.6137,28.4737,96.9699,52.4508,-21.181,-0.1888,0.327
1780080241175,2,Pitching Mound.Delivery,,Delivery,pitch.1,773873,-3.2535,-17.7414,95.9588,-55.4473,156.0273,-22.0582,-0.1667,0.0583
1780080241175,2,Pitching Mound.Drive,,Delivery,pitch.1,774985,0.2559,0.018,0.4164,0.0094,-0.0114,0.0095,0.0,0.0
1780080241175,2,Pitching Mound.Parent,,Delivery,pitch.1,773129,-2.9976,-17.7234,96.3752,-55.4379,156.016,-22.0487,-0.1659,0.058
1780080241176,2,11.0000004b,Drive,Delivery,pitch.1,774986,0.2603,0.0147,0.4232,0.0165,-0.0108,0.0092,0.0,0.0
1780080241176,2,12.00000015,Lower Delivery,Delivery,pitch.1,774500,-12.2614,-12.1526,67.8993,-166.5774,103.9677,-8.344,-0.1569,-0.2515
1780080241176,2,12.00000015,Lower Delivery,Delivery,pitch.1,774499,-12.2112,-12.1455,67.6779,-166.1156,103.7488,-8.1773,-0.1571,-0.2516
1780080241176,2,12.00000018,Upper Delivery,Delivery,pitch.1,775786,8.881,-5.5684,28.4987,97.1961,52.5755,-21.1273,-0.1891,0.327
1780080241176,2,Pitching Mound.Delivery,,Delivery,pitch.1,773874,-3.3303,-17.7138,96.1765,-55.5985,156.3243,-22.1332,-0.1666,0.0584
1780080241176,2,Pitching Mound.Drive,,Delivery,pitch.1,774986,0.2603,0.0147,0.4232,0.0165,-0.0108,0.0092,0.0,0.0
1780080241176,2,Pitching Mound.Parent,,Delivery,pitch.1,773130,-3.07,-17.6991,96.5998,-55.5821,156.3135,-22.124,-0.1659,0.0581
1780080241177,2,11.0000004b,Drive,Delivery,pitch.1,774987,0.2648,-0.0004,0.4052,0.0183,-0.0102,0.0094,0.0,0.0
1780080241177,2,12.00000018,Upper Delivery,Delivery,pitch.1,775788,8.8902,-5.5474,28.664,97.4955,52.7877,-21.0895,-0.1888,0.327
1780080241177,2,12.00000018,Upper Delivery,Delivery,pitch.1,775787,8.8938,-5.5323,28.6409,97.4188,52.8431,-21.0943,-0.1891,0.327
1780080241177,2,Pitching Mound.Delivery,,Delivery,pitch.1,773875,-3.3676,-17.6848,96.5401,-55.8107,156.8107,-22.2455,-0.1665,0.0584
1780080241177,2,Pitching Mound.Drive,,Delivery,pitch.1,774987,0.2648,-0.0004,0.4052,0.0183,-0.0102,0.0094,0.0,0.0
1780080241177,2,Pitching Mound.Parent,,Delivery,pitch.1,773131,-3.1028,-17.6852,96.9453,-55.7924,156.8005,-22.2361,-0.1658,0.0582
1780080241178,2,11.0000004b,Drive,Delivery,pitch.1,774988,0.2419,-0.0074,0.3649,0.0173,-0.0096,0.0095,0.0,0.0
1780080241178,2,12.00000015,Lower Delivery,Delivery,pitch.1,774502,-12.3886,-12.141,68.2935,-167.5605,104.3636,-8.5724,-0.1566,-0.2515
1780080241178,2,12.00000015,Lower Delivery,Delivery,pitch.1,774501,-12.3207,-12.1406,68.1102,-167.0354,104.2079,-8.4605,-0.1568,-0.2514
1780080241178,2,Pitching Mound.Delivery,,Delivery,pitch.1,773876,-3.4304,-17.6881,96.7743,-56.1282,156.9956,-22.3383,-0.1663,0.0585
1780080241178,2,Pitching Mound.Drive,,Delivery,pitch.1,774988,0.2419,-0.0074,0.3649,0.0173,-0.0096,0.0095,0.0,0.0
1780080241178,2,Pitching Mound.Parent,,Delivery,pitch.1,773132,-3.1886,-17.6954,97.1392,-56.1109,156.986,-22.3288,-0.1657,0.0583
1780080241179,2,11.0000004b,Drive,Delivery,pitch.1,774989,0.2601,-0.0261,0.3637,0.0199,-0.0086,0.01,0.0,0.0
1780080241179,2,12.00000015,Lower Delivery,Delivery,pitch.1,774503,-12.4302,-12.1522,68.492,-168.0313,104.6161,-8.7404,-0.1566,-0.2515
1780080241179,2,12.00000018,Upper Delivery,Delivery,pitch.1,775789,8.8754,-5.5384,28.6993,97.5733,52.704,-21.0745,-0.1882,0.327
1780080241179,2,Pitching Mound.Delivery,,Delivery,pitch.1,773877,-3.5133,-17.6795,96.9928,-56.5252,157.0676,-22.4171,-0.166,0.0585
1780080241179,2,Pitching Mound.Drive,,Delivery,pitch.1,774989,0.2601,-0.0261,0.3637,0.0199,-0.0086,0.01,0.0,0.0
1780080241179,2,Pitching Mound.Parent,,Delivery,pitch.1,773133,-3.2531,-17.7055,97.3565,-56.5053,157.059,-22.4071,-0.1654,0.0583
1780080241180,2,11.0000004b,Drive,Delivery,pitch.1,774990,0.257,-0.0212,0.3645,0.0222,-0.0059,0.0106,0.0,0.0
1780080241180,2,12.00000018,Upper Delivery,Delivery,pitch.1,775790,8.845,-5.5176,28.7211,97.9592,53.0257,-21.0623,-0.1892,0.327
1780080241180,2,Pitching Mound.Delivery,,Delivery,pitch.1,773878,-3.5852,-17.6698,97.2131,-56.5499,157.6418,-22.5691,-0.1662,0.0586
1780080241180,2,Pitching Mound.Drive,,Delivery,pitch.1,774990,0.257,-0.0212,0.3645,0.0222,-0.0059,0.0106,0.0,0.0
1780080241180,2,Pitching Mound.Parent,,Delivery,pitch.1,773134,-3.3282,-17.691,97.5776,-56.5277,157.6359,-22.5585,-0.1656,0.0583
1780080241181,2,11.0000004b,Drive,Delivery,pitch.1,774991,0.2643,-0.0147,0.3702,0.0246,-0.0059,0.0104,0.0,0.0
1780080241181,2,12.00000015,Lower Delivery,Delivery,pitch.1,774504,-12.4961,-12.151,68.54,-168.4552,104.5119,-8.867,-0.1563,-0.2519
1780080241181,2,12.00000018,Upper Delivery,Delivery,pitch.1,775791,8.8347,-5.5012,28.8103,98.1777,53.0322,-21.0769,-0.1887,0.327
1780080241181,2,Pitching Mound.Delivery,,Delivery,pitch.1,773879,-3.6614,-17.6522,97.3503,-56.7694,157.5442,-22.6915,-0.1659,0.0582
1780080241181,2,Pitching Mound.Drive,,Delivery,pitch.1,774991,0.2643,-0.0147,0.3702,0.0246,-0.0059,0.0104,0.0,0.0
1780080241181,2,Pitching Mound.Parent,,Delivery,pitch.1,773135,-3.397,-17.6669,97.7206,-56.7449,157.5383,-22.6812,-0.1652,0.058
1780080241182,2,11.0000004b,Drive,Delivery,pitch.1,774992,0.2753,-0.0067,0.4,0.0254,-0.006,0.0092,0.0,0.0
1780080241182,2,12.00000015,Lower Delivery,Delivery,pitch.1,774505,-12.5626,-12.1774,68.6393,-168.9854,104.5744,-9.0278,-0.1562,-0.2523
1780080241182,2,12.00000015,Lower Delivery,Delivery,pitch.1,774506,-12.6451,-12.1969,68.7647,-169.3515,104.5829,-9.1206,-0.1559,-0.2524
1780080241182,2,12.00000018,Upper Delivery,Delivery,pitch.1,775792,8.8136,-5.4929,28.8147,98.4615,53.294,-21.0735,-0.1896,0.327
1780080241182,2,Pitching Mound.Delivery,,Delivery,pitch.1,773880,-3.749,-17.6702,97.4539,-56.9836,157.8684,-22.8334,-0.166,0.0579
1780080241182,2,Pitching Mound.Drive,,Delivery,pitch.1,774992,0.2753,-0.0067,0.4,0.0254,-0.006,0.0092,0.0,0.0
1780080241182,2,Pitching Mound.Parent,,Delivery,pitch.1,773136,-3.4738,-17.677,97.8539,-56.9582,157.8624,-22.8242,-0.1654,0.0577
1780080241183,2,11.0000004b,Drive,Delivery,pitch.1,774993,0.2823,0.0017,0.4152,0.0197,-0.0074,0.0106,0.0,0.0
1780080241183,2,12.00000018,Upper Delivery,Delivery,pitch.1,775793,8.8165,-5.474,28.7784,98.4948,53.3044,-21.0636,-0.1898,0.327
1780080241183,2,12.00000018,Upper Delivery,Delivery,pitch.1,775794,8.8266,-5.4706,28.8188,98.8756,53.4857,-21.1329,-0.1902,0.327
1780080241183,2,Pitching Mound.Delivery,,Delivery,pitch.1,773881,-3.8286,-17.6709,97.5431,-57.2613,157.8873,-22.8873,-0.1659,0.0579
1780080241183,2,Pitching Mound.Drive,,Delivery,pitch.1,774993,0.2823,0.0017,0.4152,0.0197,-0.0074,0.0106,0.0,0.0
1780080241183,2,Pitching Mound.Parent,,Delivery,pitch.1,773137,-3.5464,-17.6692,97.9583,-57.2416,157.8799,-22.8767,-0.1652,0.0577
1780080241184,2,11.0000004b,Drive,Delivery,pitch.1,774994,0.2665,0.0007,0.4034,0.0154,-0.0059,0.011,0.0,0.0
1780080241184,2,12.00000015,Lower Delivery,Delivery,pitch.1,774507,-12.6961,-12.2154,68.8012,-169.7081,104.6527,-9.2832,-0.1559,-0.2528
1780080241184,2,12.00000015,Lower Delivery,Delivery,pitch.1,774508,-12.7312,-12.1997,68.9851,-170.4187,105.0382,-9.4303,-0.1561,-0.2532
1780080241184,2,Pitching Mound.Delivery,,Delivery,pitch.1,773882,-3.8695,-17.686,97.62,-57.2385,158.1384,-23.0984,-0.166,0.0576
1780080241184,2,Pitching Mound.Drive,,Delivery,pitch.1,774994,0.2665,0.0007,0.4034,0.0154,-0.0059,0.011,0.0,0.0
1780080241184,2,Pitching Mound.Parent,,Delivery,pitch.1,773138,-3.603,-17.6854,98.0234,-57.2231,158.1325,-23.0873,-0.1654,0.0574
1780080241185,2,11.0000004b,Drive,Delivery,pitch.1,774995,0.2631,0.0076,0.4098,0.0189,-0.0062,0.0103,0.0,0.0
1780080241185,2,12.00000015,Lower Delivery,Delivery,pitch.1,774509,-12.8164,-12.2141,69.0839,-170.677,105.0564,-9.5247,-0.1559,-0.2532
1780080241185,2,12.00000018,Upper Delivery,Delivery,pitch.1,775795,8.8114,-5.4415,28.8415,98.5604,53.1414,-21.1431,-0.1889,0.327
1780080241185,2,12.00000018,Upper Delivery,Delivery,pitch.1,775796,8.817,-5.4207,28.887,98.7892,53.074,-21.1599,-0.1883,0.327
1780080241185,2,Pitching Mound.Delivery,,Delivery,pitch.1,773883,-3.9197,-17.6411,97.8266,-58.2094,158.1796,-23.249,-0.1657,0.0574
1780080241185,2,Pitching Mound.Delivery,,Delivery,pitch.1,773884,-3.9994,-17.6349,97.9709,-58.2208,158.1304,-23.3292,-0.1654,0.0574
1780080241185,2,Pitching Mound.Drive,,Delivery,pitch.1,774995,0.2631,0.0076,0.4098,0.0189,-0.0062,0.0103,0.0,0.0
1780080241185,2,Pitching Mound.Parent,,Delivery,pitch.1,773139,-3.6567,-17.6335,98.2364,-58.1905,158.1734,-23.2387,-0.165,0.0571
1780080241186,2,11.0000004b,Drive,Delivery,pitch.1,774997,0.2525,0.0113,0.4577,0.0328,-0.0062,0.0093,0.0,0.0
1780080241186,2,11.0000004b,Drive,Delivery,pitch.1,774996,0.2531,0.0099,0.4512,0.0397,-0.0064,0.0095,0.0,0.0
1780080241186,2,12.00000018,Upper Delivery,Delivery,pitch.1,775797,8.8579,-5.4131,28.904,98.4436,52.9359,-21.1784,-0.1877,0.327
1780080241186,2,Pitching Mound.Drive,,Delivery,pitch.1,774997,0.2525,0.0113,0.4577,0.0328,-0.0062,0.0093,0.0,0.0
1780080241186,2,Pitching Mound.Drive,,Delivery,pitch.1,774996,0.2531,0.0099,0.4512,0.0397,-0.0064,0.0095,0.0,0.0
1780080241186,2,Pitching Mound.Parent,,Delivery,pitch.1,773140,-3.7463,-17.625,98.4221,-58.1812,158.124,-23.3197,-0.1647,0.0571
1780080241187,2,11.0000004b,Drive,Delivery,pitch.1,774998,0.244,0.0218,0.5198,0.0394,-0.0078,0.0082,0.0,0.0
1780080241187,2,12.00000015,Lower Delivery,Delivery,pitch.1,774510,-12.8823,-12.1935,69.2093,-171.3328,105.3969,-9.6513,-0.1561,-0.2537
1780080241187,2,12.00000015,Lower Delivery,Delivery,pitch.1,774511,-12.9596,-12.185,69.3794,-172.011,105.863,-9.7848,-0.1564,-0.2541
1780080241187,2,12.00000018,Upper Delivery,Delivery,pitch.1,775798,8.8585,-5.3952,28.9646,98.523,53.027,-21.2267,-0.1876,0.327
1780080241187,2,Pitching Mound.Delivery,,Delivery,pitch.1,773885,-4.0244,-17.6066,98.1133,-59.1854,158.3328,-23.438,-0.1654,0.057
1780080241187,2,Pitching Mound.Delivery,,Delivery,pitch.1,773886,-4.1011,-17.5803,98.344,-59.747,158.8901,-23.5934,-0.1656,0.0568
1780080241187,2,Pitching Mound.Drive,,Delivery,pitch.1,774998,0.244,0.0218,0.5198,0.0394,-0.0078,0.0082,0.0,0.0
1780080241187,2,Pitching Mound.Parent,,Delivery,pitch.1,773141,-3.7718,-17.5953,98.571,-59.1526,158.3266,-23.4287,-0.1646,0.0568
1780080241187,2,Pitching Mound.Parent,,Delivery,pitch.1,773142,-3.8571,-17.5584,98.8638,-59.7076,158.8823,-23.5852,-0.1647,0.0565
1780080241188,2,11.0000004b,Drive,Delivery,pitch.1,774999,0.2231,0.0148,0.4034,0.0361,-0.0051,0.009,0.0,0.0
1780080241188,2,12.00000015,Lower Delivery,Delivery,pitch.1,774512,-13.0319,-12.1924,69.5335,-172.3663,105.9123,-9.9172,-0.1561,-0.2541
1780080241188,2,12.00000018,Upper Delivery,Delivery,pitch.1,775799,8.8679,-5.3876,28.9623,98.5065,53.1064,-21.2405,-0.1879,0.327
1780080241188,2,Pitching Mound.Delivery,,Delivery,pitch.1,773887,-4.164,-17.5801,98.4958,-60.0656,159.0187,-23.7118,-0.1655,0.0568
1780080241188,2,Pitching Mound.Drive,,Delivery,pitch.1,774999,0.2231,0.0148,0.4034,0.0361,-0.0051,0.009,0.0,0.0
1780080241188,2,Pitching Mound.Parent,,Delivery,pitch.1,773143,-3.9409,-17.5653,98.8992,-60.0295,159.0137,-23.7028,-0.1648,0.0566
1780080241189,2,11.0000004b,Drive,Delivery,pitch.1,775000,0.2328,0.0051,0.4114,0.0467,-0.004,0.0076,0.0,0.0
1780080241189,2,12.00000015,Lower Delivery,Delivery,pitch.1,774513,-13.0912,-12.2151,69.7006,-172.8832,106.0841,-10.0438,-0.156,-0.2542
1780080241189,2,Pitching Mound.Drive,,Delivery,pitch.1,775000,0.2328,0.0051,0.4114,0.0467,-0.004,0.0076,0.0,0.0
1780080241190,2,12.00000015,Lower Delivery,Delivery,pitch.1,774514,-13.1621,-12.2148,69.866,-173.5508,106.2551,-10.1491,-0.1559,-0.2546
1780080241190,2,12.00000018,Upper Delivery,Delivery,pitch.1,775800,8.8848,-5.3986,29.0362,98.6259,53.0055,-21.2881,-0.1871,0.327
1780080241190,2,12.00000018,Upper Delivery,Delivery,pitch.1,775801,8.8784,-5.3926,29.0612,98.6871,53.0754,-21.3446,-0.1872,0.327
1780080241190,2,Pitching Mound.Delivery,,Delivery,pitch.1,773889,-4.2837,-17.6074,98.9272,-60.9901,159.3305,-23.9999,-0.1651,0.0565
1780080241190,2,Pitching Mound.Delivery,,Delivery,pitch.1,773888,-4.2064,-17.6137,98.7368,-60.4314,159.0896,-23.86,-0.1651,0.0567
1780080241190,2,Pitching Mound.Parent,,Delivery,pitch.1,773144,-3.9736,-17.6085,99.1482,-60.3847,159.0856,-23.8524,-0.1645,0.0565
1780080241191,2,11.0000004b,Drive,Delivery,pitch.1,775001,0.2359,-0.0024,0.3963,0.0503,-0.0037,0.0072,0.0,0.0
1780080241191,2,11.0000004b,Drive,Delivery,pitch.1,775002,0.234,0.0021,0.3934,0.0456,-0.0043,0.0076,0.0,0.0
1780080241191,2,12.00000015,Lower Delivery,Delivery,pitch.1,774515,-13.2132,-12.2163,70.0382,-174.0944,106.5951,-10.2693,-0.156,-0.2548
1780080241191,2,12.00000018,Upper Delivery,Delivery,pitch.1,775802,8.861,-5.3787,29.0338,98.6218,52.9744,-21.401,-0.187,0.327
1780080241191,2,Pitching Mound.Delivery,,Delivery,pitch.1,773890,-4.3522,-17.595,99.0719,-61.5311,159.5696,-24.1651,-0.1651,0.0564
1780080241191,2,Pitching Mound.Drive,,Delivery,pitch.1,775001,0.2359,-0.0024,0.3963,0.0503,-0.0037,0.0072,0.0,0.0
1780080241191,2,Pitching Mound.Drive,,Delivery,pitch.1,775002,0.234,0.0021,0.3934,0.0456,-0.0043,0.0076,0.0,0.0
1780080241191,2,Pitching Mound.Parent,,Delivery,pitch.1,773145,-4.0478,-17.6098,99.3235,-60.9398,159.3269,-23.9927,-0.1644,0.0563
1780080241191,2,Pitching Mound.Parent,,Delivery,pitch.1,773146,-4.1182,-17.5929,99.4654,-61.4855,159.5653,-24.1574,-0.1644,0.0562
1780080241192,2,12.00000015,Lower Delivery,Delivery,pitch.1,774516,-13.2658,-12.2363,70.2535,-174.5292,106.7193,-10.3339,-0.1557,-0.2546
1780080241192,2,12.00000018,Upper Delivery,Delivery,pitch.1,775803,8.9047,-5.3769,29.1529,98.8121,53.0813,-21.4632,-0.1866,0.327
1780080241192,2,Pitching Mound.Delivery,,Delivery,pitch.1,773891,-4.3611,-17.6132,99.4064,-61.7428,159.8006,-24.2591,-0.1648,0.0565
1780080241193,2,11.0000004b,Drive,Delivery,pitch.1,775004,0.2266,0.0027,0.3964,0.0347,-0.0055,0.0073,0.0,0.0
1780080241193,2,11.0000004b,Drive,Delivery,pitch.1,775003,0.2282,-0.0165,0.3491,0.0508,-0.0037,0.0078,0.0,0.0
1780080241193,2,12.00000015,Lower Delivery,Delivery,pitch.1,774517,-13.3042,-12.2443,70.3486,-174.9972,106.8831,-10.4457,-0.1557,-0.255
1780080241193,2,12.00000018,Upper Delivery,Delivery,pitch.1,775804,8.8818,-5.3741,29.0849,98.9593,53.0618,-21.5206,-0.187,0.327
1780080241193,2,Pitching Mound.Delivery,,Delivery,pitch.1,773892,-4.4224,-17.6184,99.4335,-62.0082,159.9449,-24.423,-0.1649,0.0564
1780080241193,2,Pitching Mound.Drive,,Delivery,pitch.1,775004,0.2266,0.0027,0.3964,0.0347,-0.0055,0.0073,0.0,0.0
1780080241193,2,Pitching Mound.Drive,,Delivery,pitch.1,775003,0.2282,-0.0165,0.3491,0.0508,-0.0037,0.0078,0.0,0.0
1780080241193,2,Pitching Mound.Parent,,Delivery,pitch.1,773148,-4.1958,-17.6157,99.8298,-61.9735,159.9394,-24.4158,-0.1642,0.0561
1780080241193,2,Pitching Mound.Parent,,Delivery,pitch.1,773147,-4.133,-17.6297,99.7555,-61.692,159.7969,-24.2513,-0.1642,0.0563
1780080241194,2,12.00000015,Lower Delivery,Delivery,pitch.1,774518,-13.3408,-12.2714,70.5261,-175.5213,106.9819,-10.5328,-0.1555,-0.2551
1780080241194,2,12.00000018,Upper Delivery,Delivery,pitch.1,775805,8.8727,-5.4048,29.1237,99.2851,53.2462,-21.5927,-0.1874,0.327
1780080241194,2,Pitching Mound.Delivery,,Delivery,pitch.1,773893,-4.4681,-17.6762,99.6498,-62.1593,160.2281,-24.5729,-0.1648,0.0563
1780080241195,2,11.0000004b,Drive,Delivery,pitch.1,775005,0.213,-0.0097,0.36,0.0304,-0.0096,0.0077,0.0,0.0
1780080241195,2,12.00000015,Lower Delivery,Delivery,pitch.1,774519,-13.3909,-12.3152,70.6482,-175.9742,107.0027,-10.6402,-0.1552,-0.2553
1780080241195,2,12.00000018,Upper Delivery,Delivery,pitch.1,775806,8.8826,-5.4026,29.0953,99.362,53.317,-21.6913,-0.1878,0.327
1780080241195,2,Pitching Mound.Delivery,,Delivery,pitch.1,773894,-4.5083,-17.7178,99.7435,-62.4841,160.3197,-24.7584,-0.1647,0.0562
1780080241195,2,Pitching Mound.Drive,,Delivery,pitch.1,775005,0.213,-0.0097,0.36,0.0304,-0.0096,0.0077,0.0,0.0
1780080241195,2,Pitching Mound.Parent,,Delivery,pitch.1,773149,-4.2551,-17.6858,100.0098,-62.1289,160.2186,-24.5652,-0.1642,0.0561
1780080241196,2,11.0000004b,Drive,Delivery,pitch.1,775006,0.2322,0.0007,0.364,0.0165,-0.0102,0.0092,0.0,0.0
1780080241196,2,12.00000015,Lower Delivery,Delivery,pitch.1,774520,-13.4183,-12.3457,70.9067,-176.3716,107.1761,-10.7354,-0.1549,-0.2549
1780080241196,2,12.00000018,Upper Delivery,Delivery,pitch.1,775807,8.884,-5.4093,29.101,99.4858,53.4572,-21.7967,-0.1883,0.327
1780080241196,2,Pitching Mound.Delivery,,Delivery,pitch.1,773895,-4.5343,-17.755,100.0078,-62.6719,160.6333,-24.9493,-0.1646,0.0565
1780080241196,2,Pitching Mound.Drive,,Delivery,pitch.1,775006,0.2322,0.0007,0.364,0.0165,-0.0102,0.0092,0.0,0.0
1780080241196,2,Pitching Mound.Parent,,Delivery,pitch.1,773150,-4.2761,-17.7171,100.1075,-62.4676,160.3096,-24.7492,-0.1641,0.056
1780080241197,2,11.0000004b,Drive,Delivery,pitch.1,775008,0.2135,-0.0124,0.3025,0.0088,-0.0078,0.0105,0.0,0.0
1780080241197,2,11.0000004b,Drive,Delivery,pitch.1,775007,0.2333,-0.0063,0.3471,0.0141,-0.0086,0.0097,0.0,0.0
1780080241197,2,12.00000015,Lower Delivery,Delivery,pitch.1,774521,-13.4428,-12.3786,70.9957,-176.7759,107.4635,-10.8006,-0.1551,-0.2552
1780080241197,2,12.00000018,Upper Delivery,Delivery,pitch.1,775808,8.87,-5.4213,29.0925,99.7299,53.656,-21.9392,-0.189,0.327
1780080241197,2,Pitching Mound.Delivery,,Delivery,pitch.1,773896,-4.5728,-17.7999,100.0881,-62.799,161.1194,-25.1534,-0.165,0.0564
1780080241197,2,Pitching Mound.Drive,,Delivery,pitch.1,775008,0.2135,-0.0124,0.3025,0.0088,-0.0078,0.0105,0.0,0.0
1780080241197,2,Pitching Mound.Drive,,Delivery,pitch.1,775007,0.2333,-0.0063,0.3471,0.0141,-0.0086,0.0097,0.0,0.0
1780080241197,2,Pitching Mound.Parent,,Delivery,pitch.1,773151,-4.3011,-17.7613,100.3549,-62.6578,160.6247,-24.9396,-0.1641,0.0563
1780080241197,2,Pitching Mound.Parent,,Delivery,pitch.1,773152,-4.3593,-17.8123,100.3906,-62.7902,161.1116,-25.143,-0.1645,0.0562
1780080241198,2,11.0000004b,Drive,Delivery,pitch.1,775009,0.2088,-0.0319,0.2642,0.0125,-0.0065,0.0103,0.0,0.0
1780080241198,2,12.00000015,Lower Delivery,Delivery,pitch.1,774522,-13.4993,-12.403,71.1012,-176.7647,107.0619,-10.8727,-0.1543,-0.2548
1780080241198,2,12.00000018,Upper Delivery,Delivery,pitch.1,775809,8.8755,-5.3771,29.1237,99.9116,53.6524,-21.9813,-0.1888,0.327
1780080241198,2,Pitching Mound.Delivery,,Delivery,pitch.1,773897,-4.6238,-17.7801,100.2249,-62.5807,160.7143,-25.2466,-0.1644,0.0567
1780080241198,2,Pitching Mound.Drive,,Delivery,pitch.1,775009,0.2088,-0.0319,0.2642,0.0125,-0.0065,0.0103,0.0,0.0
1780080241198,2,Pitching Mound.Parent,,Delivery,pitch.1,773153,-4.415,-17.812,100.4891,-62.5682,160.7078,-25.2363,-0.1639,0.0565
1780080241199,2,11.0000004b,Drive,Delivery,pitch.1,775010,0.192,-0.0378,0.251,0.0066,-0.0094,0.0103,0.0,0.0
1780080241199,2,12.00000015,Lower Delivery,Delivery,pitch.1,774523,-13.5368,-12.4138,71.2128,-177.333,107.3294,-10.9628,-0.1545,-0.2552
1780080241199,2,12.00000018,Upper Delivery,Delivery,pitch.1,775810,8.8652,-5.3719,29.139,100.0574,53.7489,-22.1135,-0.1891,0.327
1780080241199,2,Pitching Mound.Delivery,,Delivery,pitch.1,773898,-4.6715,-17.7857,100.3518,-62.9705,161.0783,-25.4596,-0.1645,0.0564
1780080241199,2,Pitching Mound.Drive,,Delivery,pitch.1,775010,0.192,-0.0378,0.251,0.0066,-0.0094,0.0103,0.0,0.0
1780080241199,2,Pitching Mound.Parent,,Delivery,pitch.1,773154,-4.4795,-17.8234,100.6028,-62.9639,161.0689,-25.4494,-0.1641,0.0562
1780080241200,2,12.00000015,Lower Delivery,Delivery,pitch.1,774524,-13.5902,-12.4511,71.3581,-177.6057,107.5982,-11.0746,-0.1545,-0.2551
1780080241200,2,12.00000018,Upper Delivery,Delivery,pitch.1,775811,8.8805,-5.3395,29.1313,99.988,53.831,-22.1814,-0.1894,0.327
1780080241200,2,Pitching Mound.Delivery,,Delivery,pitch.1,773899,-4.7098,-17.7906,100.4895,-63.2606,161.4292,-25.6159,-0.1647,0.0565
1780080241201,2,11.0000004b,Drive,Delivery,pitch.1,775011,0.1861,-0.0416,0.2333,0.0051,-0.0057,0.0108,0.0,0.0
1780080241201,2,11.0000004b,Drive,Delivery,pitch.1,775012,0.1868,-0.0423,0.2224,0.0083,-0.0077,0.0098,0.0,0.0
1780080241201,2,12.00000015,Lower Delivery,Delivery,pitch.1,774525,-13.6386,-12.4643,71.5399,-177.9849,107.6891,-11.2106,-0.1543,-0.255
1780080241201,2,12.00000018,Upper Delivery,Delivery,pitch.1,775812,8.8855,-5.3282,29.1083,100.1276,53.8365,-22.2488,-0.1896,0.327
1780080241201,2,Pitching Mound.Delivery,,Delivery,pitch.1,773900,-4.7531,-17.7924,100.6482,-63.4306,161.5257,-25.8012,-0.1645,0.0567
1780080241201,2,Pitching Mound.Drive,,Delivery,pitch.1,775011,0.1861,-0.0416,0.2333,0.0051,-0.0057,0.0108,0.0,0.0
1780080241201,2,Pitching Mound.Drive,,Delivery,pitch.1,775012,0.1868,-0.0423,0.2224,0.0083,-0.0077,0.0098,0.0,0.0
1780080241201,2,Pitching Mound.Parent,,Delivery,pitch.1,773156,-4.5663,-17.8348,100.8706,-63.4223,161.518,-25.7914,-0.1641,0.0565
1780080241201,2,Pitching Mound.Parent,,Delivery,pitch.1,773155,-4.5237,-17.8322,100.7228,-63.2555,161.4235,-25.6051,-0.1643,0.0564
1780080241202,2,12.00000015,Lower Delivery,Delivery,pitch.1,774526,-13.7088,-12.484,71.7202,-178.3077,107.851,-11.3135,-0.1541,-0.2548
1780080241202,2,12.00000018,Upper Delivery,Delivery,pitch.1,775813,8.9003,-5.2944,29.1174,100.4683,54.0751,-22.3406,-0.1903,0.327
1780080241202,2,Pitching Mound.Delivery,,Delivery,pitch.1,773901,-4.8085,-17.7784,100.8376,-63.3545,161.9262,-25.967,-0.1646,0.0568
1780080241203,2,11.0000004b,Drive,Delivery,pitch.1,775013,0.1775,-0.0229,0.2396,0.0076,-0.0072,0.0102,0.0,0.0
1780080241203,2,11.0000004b,Drive,Delivery,pitch.1,775014,0.1783,-0.0126,0.2482,0.0072,-0.0064,0.0107,0.0,0.0
1780080241203,2,12.00000015,Lower Delivery,Delivery,pitch.1,774527,-13.7529,-12.5019,71.8613,-178.6929,108.1729,-11.4798,-0.1543,-0.2549
1780080241203,2,12.00000018,Upper Delivery,Delivery,pitch.1,775814,8.8675,-5.2745,29.0894,100.5819,54.0816,-22.4213,-0.1906,0.327
1780080241203,2,Pitching Mound.Delivery,,Delivery,pitch.1,773902,-4.8854,-17.7764,100.9507,-63.5686,162.2545,-26.2102,-0.1647,0.0569
1780080241203,2,Pitching Mound.Drive,,Delivery,pitch.1,775013,0.1775,-0.0229,0.2396,0.0076,-0.0072,0.0102,0.0,0.0
1780080241203,2,Pitching Mound.Drive,,Delivery,pitch.1,775014,0.1783,-0.0126,0.2482,0.0072,-0.0064,0.0107,0.0,0.0
1780080241203,2,Pitching Mound.Parent,,Delivery,pitch.1,773157,-4.6309,-17.8013,101.0772,-63.3469,161.9189,-25.9568,-0.1642,0.0567
1780080241203,2,Pitching Mound.Parent,,Delivery,pitch.1,773158,-4.7071,-17.789,101.1989,-63.5614,162.2481,-26.1995,-0.1643,0.0567
1780080241204,2,11.0000004b,Drive,Delivery,pitch.1,775015,0.1945,-0.0431,0.2216,0.0067,-0.0053,0.0108,0.0,0.0
1780080241204,2,12.00000015,Lower Delivery,Delivery,pitch.1,774528,-13.8002,-12.4897,72.054,-178.9915,108.3544,-11.5856,-0.1541,-0.2546
1780080241204,2,12.00000018,Upper Delivery,Delivery,pitch.1,775815,8.8749,-5.2414,29.0303,100.2023,53.8378,-22.5132,-0.1901,0.327
1780080241204,2,Pitching Mound.Delivery,,Delivery,pitch.1,773903,-4.9254,-17.7311,101.0843,-64.1611,162.1922,-26.3893,-0.1645,0.0571
1780080241204,2,Pitching Mound.Drive,,Delivery,pitch.1,775015,0.1945,-0.0431,0.2216,0.0067,-0.0053,0.0108,0.0,0.0
1780080241204,2,Pitching Mound.Parent,,Delivery,pitch.1,773159,-4.7309,-17.7741,101.3059,-64.1544,162.1869,-26.3785,-0.1641,0.057
1780080241205,2,11.0000004b,Drive,Delivery,pitch.1,775016,0.2173,-0.0225,0.2871,0.0099,-0.0039,0.01,0.0,0.0
1780080241205,2,12.00000015,Lower Delivery,Delivery,pitch.1,774529,-13.8658,-12.4872,72.2124,-179.5904,108.6882,-11.6834,-0.1543,-0.2549
1780080241205,2,12.00000018,Upper Delivery,Delivery,pitch.1,775816,8.8989,-5.2047,29.0599,100.4121,53.8848,-22.5549,-0.1901,0.327
1780080241205,2,Pitching Mound.Delivery,,Delivery,pitch.1,773904,-4.9669,-17.692,101.2723,-64.5065,162.573,-26.4984,-0.1645,0.057
1780080241205,2,Pitching Mound.Drive,,Delivery,pitch.1,775016,0.2173,-0.0225,0.2871,0.0099,-0.0039,0.01,0.0,0.0
1780080241205,2,Pitching Mound.Parent,,Delivery,pitch.1,773160,-4.7496,-17.7145,101.5594,-64.4966,162.5691,-26.4884,-0.1641,0.0568
1780080241206,2,11.0000004b,Drive,Delivery,pitch.1,775017,0.2375,-0.0148,0.33,0.0082,-0.0077,0.01,0.0,0.0
1780080241206,2,12.00000015,Lower Delivery,Delivery,pitch.1,774530,-13.9212,-12.5021,72.3903,-179.8743,108.9172,-11.7572,-0.1542,-0.2547
1780080241206,2,Pitching Mound.Drive,,Delivery,pitch.1,775017,0.2375,-0.0148,0.33,0.0082,-0.0077,0.01,0.0,0.0
1780080241207,2,11.0000004b,Drive,Delivery,pitch.1,775018,0.2278,-0.0028,0.318,0.0174,-0.0103,0.0093,0.0,0.0
1780080241207,2,12.00000015,Lower Delivery,Delivery,pitch.1,774531,-13.9813,-12.5118,72.4851,-180.4131,109.202,-11.8214,-0.1544,-0.2551
1780080241207,2,12.00000018,Upper Delivery,Delivery,pitch.1,775817,8.8861,-5.1768,28.9686,100.3566,53.905,-22.574,-0.1907,0.327
1780080241207,2,12.00000018,Upper Delivery,Delivery,pitch.1,775818,8.8935,-5.1575,28.939,100.4358,53.9117,-22.6182,-0.1909,0.327
1780080241207,2,Pitching Mound.Delivery,,Delivery,pitch.1,773905,-5.0352,-17.679,101.3589,-64.7543,162.8222,-26.5767,-0.1646,0.0572
1780080241207,2,Pitching Mound.Delivery,,Delivery,pitch.1,773906,-5.0878,-17.6692,101.4241,-65.1716,163.1137,-26.6622,-0.1648,0.057
1780080241207,2,Pitching Mound.Drive,,Delivery,pitch.1,775018,0.2278,-0.0028,0.318,0.0174,-0.0103,0.0093,0.0,0.0
1780080241207,2,Pitching Mound.Parent,,Delivery,pitch.1,773162,-4.86,-17.672,101.7421,-65.1542,163.1034,-26.6528,-0.1643,0.0568
1780080241207,2,Pitching Mound.Parent,,Delivery,pitch.1,773161,-4.7977,-17.6937,101.6889,-64.7461,162.8145,-26.5667,-0.1641,0.057
1780080241208,2,11.0000004b,Drive,Delivery,pitch.1,775019,0.2557,0.01,0.3783,0.0198,-0.0128,0.0074,0.0,0.0
1780080241208,2,12.00000015,Lower Delivery,Delivery,pitch.1,774532,-14.0377,-12.5334,72.6849,-180.8124,109.6819,-11.9204,-0.1547,-0.255
1780080241208,2,12.00000018,Upper Delivery,Delivery,pitch.1,775819,8.9079,-5.144,28.9087,100.4841,53.9542,-22.6278,-0.1913,0.327
1780080241208,2,Pitching Mound.Delivery,,Delivery,pitch.1,773907,-5.1297,-17.6774,101.5935,-65.4444,163.6361,-26.7466,-0.1651,0.0571
1780080241208,2,Pitching Mound.Drive,,Delivery,pitch.1,775019,0.2557,0.01,0.3783,0.0198,-0.0128,0.0074,0.0,0.0
1780080241208,2,Pitching Mound.Parent,,Delivery,pitch.1,773163,-4.874,-17.6674,101.9718,-65.4247,163.6233,-26.7393,-0.1645,0.0569
1780080241209,2,11.0000004b,Drive,Delivery,pitch.1,775020,0.2541,0.0251,0.4058,0.018,-0.0161,0.008,0.0,0.0
1780080241209,2,12.00000015,Lower Delivery,Delivery,pitch.1,774533,-14.0881,-12.5302,72.9317,-181.4054,110.0638,-11.9822,-0.1547,-0.2549
1780080241209,2,12.00000018,Upper Delivery,Delivery,pitch.1,775820,8.9016,-5.1351,28.8134,100.4217,53.8847,-22.7462,-0.1917,0.327
1780080241209,2,Pitching Mound.Delivery,,Delivery,pitch.1,773908,-5.1865,-17.6653,101.7452,-65.9835,163.9484,-26.9119,-0.1652,0.0573
1780080241209,2,Pitching Mound.Drive,,Delivery,pitch.1,775020,0.2541,0.0251,0.4058,0.018,-0.0161,0.008,0.0,0.0
1780080241209,2,Pitching Mound.Parent,,Delivery,pitch.1,773164,-4.9323,-17.6402,102.151,-65.9655,163.9324,-26.9039,-0.1645,0.0571
1780080241210,2,11.0000004b,Drive,Delivery,pitch.1,775021,0.2524,0.0139,0.38,0.0166,-0.0171,0.0081,0.0,0.0
1780080241210,2,12.00000015,Lower Delivery,Delivery,pitch.1,774534,-14.1529,-12.5394,73.0341,-181.7758,110.2345,-12.0454,-0.1547,-0.2551
1780080241210,2,12.00000018,Upper Delivery,Delivery,pitch.1,775821,8.9039,-5.124,28.7795,100.5576,53.8755,-22.7884,-0.1919,0.327
1780080241210,2,Pitching Mound.Delivery,,Delivery,pitch.1,773909,-5.249,-17.6634,101.8136,-66.1717,164.11,-26.9945,-0.1652,0.0572
1780080241210,2,Pitching Mound.Drive,,Delivery,pitch.1,775021,0.2524,0.0139,0.38,0.0166,-0.0171,0.0081,0.0,0.0
1780080241210,2,Pitching Mound.Parent,,Delivery,pitch.1,773165,-4.9966,-17.6496,102.1936,-66.1551,164.0929,-26.9864,-0.1646,0.057
1780080241211,2,11.0000004b,Drive,Delivery,pitch.1,775022,0.2746,0.0198,0.4263,0.0152,-0.0156,0.008,0.0,0.0
1780080241211,2,12.00000015,Lower Delivery,Delivery,pitch.1,774535,-14.2194,-12.5736,73.1869,-182.3245,110.5245,-12.1148,-0.1548,-0.2553
1780080241211,2,12.00000018,Upper Delivery,Delivery,pitch.1,775822,8.8874,-5.1312,28.8008,100.7369,53.9593,-22.849,-0.192,0.327
1780080241211,2,Pitching Mound.Delivery,,Delivery,pitch.1,773910,-5.3319,-17.7048,101.9877,-66.4963,164.4838,-27.1075,-0.1653,0.0571
1780080241211,2,Pitching Mound.Drive,,Delivery,pitch.1,775022,0.2746,0.0198,0.4263,0.0152,-0.0156,0.008,0.0,0.0
1780080241211,2,Pitching Mound.Parent,,Delivery,pitch.1,773166,-5.0573,-17.685,102.4139,-66.4812,164.4682,-27.0995,-0.1646,0.0569
1780080241212,2,11.0000004b,Drive,Delivery,pitch.1,775023,0.2529,0.0052,0.3888,0.0094,-0.0138,0.0086,0.0,0.0
1780080241212,2,12.00000015,Lower Delivery,Delivery,pitch.1,774536,-14.2771,-12.5988,73.3584,-182.6762,110.7922,-12.1456,-0.1548,-0.2552
1780080241212,2,12.00000018,Upper Delivery,Delivery,pitch.1,775823,8.8954,-5.1252,28.8343,100.788,53.9488,-22.9225,-0.1918,0.327
1780080241212,2,Pitching Mound.Delivery,,Delivery,pitch.1,773911,-5.3817,-17.724,102.1927,-66.75,164.741,-27.1894,-0.1652,0.0572
1780080241212,2,Pitching Mound.Drive,,Delivery,pitch.1,775023,0.2529,0.0052,0.3888,0.0094,-0.0138,0.0086,0.0,0.0
1780080241212,2,Pitching Mound.Parent,,Delivery,pitch.1,773167,-5.1288,-17.7188,102.5815,-66.7406,164.7272,-27.1807,-0.1646,0.057
1780080241213,2,11.0000004b,Drive,Delivery,pitch.1,775024,0.2384,0.0082,0.4077,0.0129,-0.0143,0.0066,0.0,0.0
1780080241213,2,12.00000015,Lower Delivery,Delivery,pitch.1,774537,-14.3459,-12.6117,73.5243,-183.459,111.1601,-12.1778,-0.155,-0.2557
1780080241213,2,12.00000018,Upper Delivery,Delivery,pitch.1,775824,8.9054,-5.1213,28.8212,100.8175,53.8804,-22.9808,-0.1916,0.327
1780080241213,2,Pitching Mound.Delivery,,Delivery,pitch.1,773912,-5.4404,-17.733,102.3455,-67.4424,165.0405,-27.2531,-0.1653,0.0569
1780080241213,2,Pitching Mound.Drive,,Delivery,pitch.1,775024,0.2384,0.0082,0.4077,0.0129,-0.0143,0.0066,0.0,0.0
1780080241213,2,Pitching Mound.Parent,,Delivery,pitch.1,773168,-5.202,-17.7248,102.7532,-67.4295,165.0262,-27.2465,-0.1646,0.0566
1780080241214,2,11.0000004b,Drive,Delivery,pitch.1,775025,0.242,0.0042,0.4095,0.0194,-0.0136,0.0069,0.0,0.0
1780080241214,2,12.00000015,Lower Delivery,Delivery,pitch.1,774538,-14.4158,-12.6664,73.6312,-183.8049,111.2511,-12.2005,-0.1549,-0.2559
1780080241214,2,12.00000018,Upper Delivery,Delivery,pitch.1,775825,8.9498,-5.1113,28.8611,100.609,53.8592,-23.032,-0.1913,0.327
1780080241214,2,Pitching Mound.Delivery,,Delivery,pitch.1,773913,-5.466,-17.7778,102.4922,-67.974,165.1103,-27.2882,-0.1651,0.0568
1780080241214,2,Pitching Mound.Drive,,Delivery,pitch.1,775025,0.242,0.0042,0.4095,0.0194,-0.0136,0.0069,0.0,0.0
1780080241214,2,Pitching Mound.Parent,,Delivery,pitch.1,773169,-5.224,-17.7736,102.9017,-67.9547,165.0967,-27.2812,-0.1645,0.0566
1780080241215,2,11.0000004b,Drive,Delivery,pitch.1,775026,0.2269,0.0177,0.4576,0.0139,-0.0121,0.0074,0.0,0.0
1780080241215,2,12.00000015,Lower Delivery,Delivery,pitch.1,774539,-14.4613,-12.714,73.8646,-184.2396,111.4934,-12.2724,-0.1547,-0.2557
1780080241215,2,12.00000018,Upper Delivery,Delivery,pitch.1,775826,8.998,-5.1204,28.9041,100.7645,54.0297,-23.0955,-0.1916,0.327
1780080241215,2,Pitching Mound.Delivery,,Delivery,pitch.1,773914,-5.4633,-17.8345,102.7687,-68.1886,165.5231,-27.3917,-0.1651,0.057
1780080241215,2,Pitching Mound.Drive,,Delivery,pitch.1,775026,0.2269,0.0177,0.4576,0.0139,-0.0121,0.0074,0.0,0.0
1780080241215,2,Pitching Mound.Parent,,Delivery,pitch.1,773170,-5.2364,-17.8168,103.2264,-68.1747,165.511,-27.3843,-0.1644,0.0567
1780080241216,2,11.0000004b,Drive,Delivery,pitch.1,775027,0.2304,0.0048,0.395,0.02,-0.0107,0.0086,0.0,0.0
1780080241216,2,12.00000015,Lower Delivery,Delivery,pitch.1,774540,-14.5121,-12.7529,74.1282,-184.9894,111.8898,-12.3469,-0.1547,-0.2558
1780080241216,2,12.00000018,Upper Delivery,Delivery,pitch.1,775827,9.0023,-5.1251,28.9255,100.7724,54.015,-23.2066,-0.1914,0.327
1780080241216,2,Pitching Mound.Delivery,,Delivery,pitch.1,773915,-5.5098,-17.8781,103.0536,-68.848,165.9048,-27.5586,-0.165,0.0569
1780080241216,2,Pitching Mound.Drive,,Delivery,pitch.1,775027,0.2304,0.0048,0.395,0.02,-0.0107,0.0086,0.0,0.0
1780080241216,2,Pitching Mound.Parent,,Delivery,pitch.1,773171,-5.2794,-17.8733,103.4486,-68.828,165.8941,-27.55,-0.1644,0.0567
1780080241217,2,11.0000004b,Drive,Delivery,pitch.1,775028,0.2389,-0.003,0.3728,0.0128,-0.0094,0.0089,0.0,0.0
1780080241217,2,12.00000015,Lower Delivery,Delivery,pitch.1,774541,-14.5748,-12.7719,74.3409,-185.6693,112.1146,-12.4448,-0.1546,-0.256
1780080241217,2,12.00000018,Upper Delivery,Delivery,pitch.1,775828,8.9935,-5.1291,28.8701,100.7149,53.9375,-23.2892,-0.1915,0.327
1780080241217,2,Pitching Mound.Delivery,,Delivery,pitch.1,773916,-5.5813,-17.901,103.2109,-69.4943,166.0521,-27.7207,-0.1649,0.0569
1780080241217,2,Pitching Mound.Drive,,Delivery,pitch.1,775028,0.2389,-0.003,0.3728,0.0128,-0.0094,0.0089,0.0,0.0
1780080241217,2,Pitching Mound.Parent,,Delivery,pitch.1,773172,-5.3424,-17.904,103.5837,-69.4815,166.0427,-27.7118,-0.1643,0.0567
1780080241218,2,12.00000015,Lower Delivery,Delivery,pitch.1,774542,-14.6201,-12.8374,74.461,-186.084,112.3273,-12.504,-0.1546,-0.2561
1780080241218,2,12.00000018,Upper Delivery,Delivery,pitch.1,775829,8.9717,-5.129,28.7313,100.6233,53.9634,-23.4063,-0.1925,0.327
1780080241218,2,Pitching Mound.Delivery,,Delivery,pitch.1,773917,-5.6484,-17.9664,103.1922,-69.9126,166.2907,-27.8891,-0.1652,0.0569
1780080241219,2,11.0000004b,Drive,Delivery,pitch.1,775029,0.2448,0.002,0.4122,0.008,-0.0089,0.0104,0.0,0.0
1780080241219,2,12.00000015,Lower Delivery,Delivery,pitch.1,774543,-14.6724,-12.8701,74.6607,-186.6589,112.7224,-12.6291,-0.1547,-0.2562
1780080241219,2,12.00000018,Upper Delivery,Delivery,pitch.1,775830,8.9859,-5.1442,28.7148,100.503,53.945,-23.4926,-0.1926,0.327
1780080241219,2,Pitching Mound.Delivery,,Delivery,pitch.1,773918,-5.6865,-18.0142,103.3754,-70.5343,166.6674,-28.0779,-0.1652,0.0569
1780080241219,2,Pitching Mound.Drive,,Delivery,pitch.1,775029,0.2448,0.002,0.4122,0.008,-0.0089,0.0104,0.0,0.0
1780080241219,2,Pitching Mound.Parent,,Delivery,pitch.1,773173,-5.4036,-17.9644,103.6045,-69.9046,166.2818,-27.8787,-0.1645,0.0567
1780080241220,2,11.0000004b,Drive,Delivery,pitch.1,775030,0.2501,0.0027,0.4143,0.008,-0.008,0.01,0.0,0.0
1780080241220,2,12.00000015,Lower Delivery,Delivery,pitch.1,774544,-14.7158,-12.901,74.8202,-187.1158,112.9189,-12.7358,-0.1547,-0.2563
1780080241220,2,12.00000018,Upper Delivery,Delivery,pitch.1,775831,8.978,-5.1307,28.6359,100.3729,54.0504,-23.5645,-0.1935,0.327
1780080241220,2,Pitching Mound.Delivery,,Delivery,pitch.1,773919,-5.7378,-18.0316,103.4561,-71.0403,166.9694,-28.2444,-0.1654,0.0569
1780080241220,2,Pitching Mound.Drive,,Delivery,pitch.1,775030,0.2501,0.0027,0.4143,0.008,-0.008,0.01,0.0,0.0
1780080241220,2,Pitching Mound.Parent,,Delivery,pitch.1,773174,-5.4364,-18.0115,103.7898,-70.5263,166.6594,-28.0679,-0.1646,0.0567
1780080241221,2,11.0000004b,Drive,Delivery,pitch.1,775031,0.2348,0.0015,0.4071,0.0073,-0.0058,0.0107,0.0,0.0
1780080241221,2,11.0000004b,Drive,Delivery,pitch.1,775032,0.2362,0.0092,0.4136,0.0067,-0.0061,0.0113,0.0,0.0
1780080241221,2,12.00000015,Lower Delivery,Delivery,pitch.1,774545,-14.7645,-12.9485,74.9595,-187.7351,113.2276,-12.811,-0.1548,-0.2567
1780080241221,2,12.00000018,Upper Delivery,Delivery,pitch.1,775832,8.9877,-5.1296,28.6027,100.1554,53.8007,-23.6537,-0.1928,0.327
1780080241221,2,Pitching Mound.Delivery,,Delivery,pitch.1,773920,-5.7768,-18.0781,103.5621,-71.8183,167.0283,-28.389,-0.1653,0.0567
1780080241221,2,Pitching Mound.Drive,,Delivery,pitch.1,775031,0.2348,0.0015,0.4071,0.0073,-0.0058,0.0107,0.0,0.0
1780080241221,2,Pitching Mound.Drive,,Delivery,pitch.1,775032,0.2362,0.0092,0.4136,0.0067,-0.0061,0.0113,0.0,0.0
1780080241221,2,Pitching Mound.Parent,,Delivery,pitch.1,773175,-5.503,-18.0302,103.8632,-71.033,166.9635,-28.2336,-0.1648,0.0567
1780080241221,2,Pitching Mound.Parent,,Delivery,pitch.1,773176,-5.5406,-18.0689,103.9757,-71.8116,167.0222,-28.3777,-0.1646,0.0565
1780080241222,2,11.0000004b,Drive,Delivery,pitch.1,775033,0.2272,-0.011,0.3471,0.006,-0.0075,0.0115,0.0,0.0
1780080241222,2,12.00000015,Lower Delivery,Delivery,pitch.1,774546,-14.8171,-12.9665,75.1679,-188.2619,113.4893,-12.8967,-0.1547,-0.2567
1780080241222,2,12.00000018,Upper Delivery,Delivery,pitch.1,775833,8.9519,-5.131,28.5488,100.3539,54.0182,-23.7447,-0.1939,0.327
1780080241222,2,Pitching Mound.Delivery,,Delivery,pitch.1,773921,-5.8652,-18.0975,103.7167,-72.0575,167.5074,-28.56,-0.1655,0.0568
1780080241222,2,Pitching Mound.Drive,,Delivery,pitch.1,775033,0.2272,-0.011,0.3471,0.006,-0.0075,0.0115,0.0,0.0
1780080241222,2,Pitching Mound.Parent,,Delivery,pitch.1,773177,-5.638,-18.1085,104.0637,-72.0515,167.4999,-28.5485,-0.165,0.0566
1780080241223,2,11.0000004b,Drive,Delivery,pitch.1,775034,0.2401,-0.0134,0.339,0.0065,-0.0061,0.0113,0.0,0.0
1780080241223,2,12.00000015,Lower Delivery,Delivery,pitch.1,774547,-14.8614,-12.991,75.3256,-188.8575,113.8895,-12.9679,-0.155,-0.257
1780080241223,2,12.00000018,Upper Delivery,Delivery,pitch.1,775834,8.9198,-5.1142,28.4978,100.2199,53.8557,-23.8129,-0.1937,0.327
1780080241223,2,Pitching Mound.Delivery,,Delivery,pitch.1,773922,-5.9415,-18.1051,103.8234,-72.7161,167.7452,-28.6953,-0.1656,0.0567
1780080241223,2,Pitching Mound.Drive,,Delivery,pitch.1,775034,0.2401,-0.0134,0.339,0.0065,-0.0061,0.0113,0.0,0.0
1780080241223,2,Pitching Mound.Parent,,Delivery,pitch.1,773178,-5.7014,-18.1185,104.1624,-72.7096,167.7391,-28.684,-0.1651,0.0565
1780080241224,2,11.0000004b,Drive,Delivery,pitch.1,775035,0.2389,-0.0167,0.3334,0.0063,-0.0052,0.012,0.0,0.0
1780080241224,2,12.00000015,Lower Delivery,Delivery,pitch.1,774548,-14.9083,-12.9992,75.5293,-189.1941,114.2864,-13.0465,-0.1551,-0.2567
1780080241224,2,12.00000018,Upper Delivery,Delivery,pitch.1,775835,8.9264,-5.0756,28.5087,100.0162,53.754,-23.8219,-0.1933,0.327
1780080241224,2,Pitching Mound.Delivery,,Delivery,pitch.1,773923,-5.9818,-18.0749,104.038,-73.1909,168.0404,-28.7646,-0.1655,0.0569
1780080241224,2,Pitching Mound.Drive,,Delivery,pitch.1,775035,0.2389,-0.0167,0.3334,0.0063,-0.0052,0.012,0.0,0.0
1780080241224,2,Pitching Mound.Parent,,Delivery,pitch.1,773179,-5.743,-18.0916,104.3714,-73.1846,168.0352,-28.7525,-0.165,0.0567
1780080241225,2,11.0000004b,Drive,Delivery,pitch.1,775036,0.2206,-0.0352,0.2778,0.0049,-0.0083,0.0129,0.0,0.0
1780080241225,2,12.00000015,Lower Delivery,Delivery,pitch.1,774549,-14.9471,-13.001,75.764,-189.7534,114.6873,-13.1842,-0.1552,-0.2567
1780080241225,2,12.00000018,Upper Delivery,Delivery,pitch.1,775836,8.9157,-5.0638,28.4412,100.2679,54.0192,-23.8991,-0.1947,0.327
1780080241225,2,Pitching Mound.Delivery,,Delivery,pitch.1,773924,-6.0314,-18.0648,104.2052,-73.3957,168.7065,-28.97,-0.1659,0.057
1780080241225,2,Pitching Mound.Drive,,Delivery,pitch.1,775036,0.2206,-0.0352,0.2778,0.0049,-0.0083,0.0129,0.0,0.0
1780080241225,2,Pitching Mound.Parent,,Delivery,pitch.1,773180,-5.8108,-18.1,104.483,-73.3908,168.6982,-28.9571,-0.1655,0.0569
1780080241226,2,11.0000004b,Drive,Delivery,pitch.1,775037,0.2398,-0.0314,0.2988,0.0089,-0.0068,0.0125,0.0,0.0
1780080241226,2,12.00000015,Lower Delivery,Delivery,pitch.1,774550,-15.011,-12.9978,75.882,-190.1954,114.9678,-13.2827,-0.1553,-0.2569
1780080241226,2,12.00000018,Upper Delivery,Delivery,pitch.1,775837,8.8776,-5.0415,28.457,100.4031,53.9077,-23.8736,-0.1942,0.327
1780080241226,2,Pitching Mound.Delivery,,Delivery,pitch.1,773925,-6.1334,-18.0393,104.339,-73.6677,168.8755,-29.0341,-0.1659,0.0569
1780080241226,2,Pitching Mound.Drive,,Delivery,pitch.1,775037,0.2398,-0.0314,0.2988,0.0089,-0.0068,0.0125,0.0,0.0
1780080241226,2,Pitching Mound.Parent,,Delivery,pitch.1,773181,-5.8935,-18.0707,104.6378,-73.6588,168.8687,-29.0217,-0.1654,0.0567
1780080241227,2,11.0000004b,Drive,Delivery,pitch.1,775038,0.2302,-0.0427,0.2677,0.0057,-0.0071,0.0123,0.0,0.0
1780080241227,2,12.00000015,Lower Delivery,Delivery,pitch.1,774551,-15.0767,-13.004,76.0459,-190.6599,115.2389,-13.3371,-0.1553,-0.257
1780080241227,2,12.00000018,Upper Delivery,Delivery,pitch.1,775838,8.8861,-5.0052,28.4808,100.1569,53.8117,-23.8925,-0.1937,0.327
1780080241227,2,Pitching Mound.Delivery,,Delivery,pitch.1,773926,-6.1906,-18.0092,104.5267,-74.3309,169.0506,-29.0822,-0.1658,0.0569
1780080241227,2,Pitching Mound.Drive,,Delivery,pitch.1,775038,0.2302,-0.0427,0.2677,0.0057,-0.0071,0.0123,0.0,0.0
1780080241227,2,Pitching Mound.Parent,,Delivery,pitch.1,773182,-5.9605,-18.0519,104.7944,-74.3252,169.0435,-29.07,-0.1653,0.0567
1780080241228,2,11.0000004b,Drive,Delivery,pitch.1,775039,0.229,-0.0376,0.2792,0.0084,-0.0102,0.0117,0.0,0.0
1780080241228,2,12.00000015,Lower Delivery,Delivery,pitch.1,774552,-15.1195,-13.0044,76.2587,-191.1698,115.6336,-13.4325,-0.1554,-0.2569
1780080241228,2,12.00000018,Upper Delivery,Delivery,pitch.1,775839,8.8945,-4.9703,28.4717,100.3331,53.829,-23.9142,-0.1938,0.327
1780080241228,2,Pitching Mound.Delivery,,Delivery,pitch.1,773927,-6.2251,-17.9747,104.7304,-74.5892,169.4626,-29.1819,-0.1658,0.057
1780080241228,2,Pitching Mound.Drive,,Delivery,pitch.1,775039,0.229,-0.0376,0.2792,0.0084,-0.0102,0.0117,0.0,0.0
1780080241228,2,Pitching Mound.Parent,,Delivery,pitch.1,773183,-5.9961,-18.0123,105.0095,-74.5808,169.4524,-29.1702,-0.1654,0.0568
1780080241229,2,11.0000004b,Drive,Delivery,pitch.1,775040,0.2072,-0.0378,0.2448,0.0158,-0.0093,0.0102,0.0,0.0
1780080241229,2,12.00000015,Lower Delivery,Delivery,pitch.1,774553,-15.1806,-12.9831,76.4452,-191.7966,116.0107,-13.5371,-0.1555,-0.2572
1780080241229,2,12.00000018,Upper Delivery,Delivery,pitch.1,775840,8.8946,-4.9384,28.4709,100.3904,53.8189,-23.8563,-0.1937,0.327
1780080241229,2,Pitching Mound.Delivery,,Delivery,pitch.1,773928,-6.286,-17.9214,104.9162,-75.0949,169.8296,-29.2078,-0.1659,0.0568
1780080241229,2,Pitching Mound.Drive,,Delivery,pitch.1,775040,0.2072,-0.0378,0.2448,0.0158,-0.0093,0.0102,0.0,0.0
1780080241229,2,Pitching Mound.Parent,,Delivery,pitch.1,773184,-6.0788,-17.9592,105.161,-75.0791,169.8203,-29.1977,-0.1655,0.0567
1780080241230,2,11.0000004b,Drive,Delivery,pitch.1,775041,0.1849,-0.0273,0.236,0.0135,-0.013,0.0104,0.0,0.0
1780080241230,2,12.00000015,Lower Delivery,Delivery,pitch.1,774554,-15.2481,-12.9842,76.6696,-192.3603,116.067,-13.6525,-0.1552,-0.2572
1780080241230,2,12.00000018,Upper Delivery,Delivery,pitch.1,775841,8.8918,-4.8923,28.4688,100.1969,53.4941,-23.8451,-0.1926,0.327
1780080241230,2,Pitching Mound.Delivery,,Delivery,pitch.1,773929,-6.3563,-17.8765,105.1383,-75.7751,169.5611,-29.2901,-0.1653,0.0569
1780080241230,2,Pitching Mound.Drive,,Delivery,pitch.1,775041,0.1849,-0.0273,0.236,0.0135,-0.013,0.0104,0.0,0.0
1780080241230,2,Pitching Mound.Parent,,Delivery,pitch.1,773185,-6.1714,-17.9038,105.3743,-75.7616,169.5481,-29.2797,-0.1649,0.0568
1780080241231,2,11.0000004b,Drive,Delivery,pitch.1,775042,0.1901,-0.0116,0.2654,0.012,-0.0135,0.009,0.0,0.0
1780080241231,2,12.00000015,Lower Delivery,Delivery,pitch.1,774555,-15.3406,-12.9682,76.8473,-192.5377,115.9085,-13.7099,-0.1546,-0.2568
1780080241231,2,12.00000018,Upper Delivery,Delivery,pitch.1,775842,8.8832,-4.888,28.4176,100.0885,53.4634,-23.8644,-0.1928,0.327
1780080241231,2,Pitching Mound.Delivery,,Delivery,pitch.1,773930,-6.4574,-17.8562,105.2649,-75.9831,169.3719,-29.3383,-0.1649,0.0572
1780080241231,2,Pitching Mound.Drive,,Delivery,pitch.1,775042,0.1901,-0.0116,0.2654,0.012,-0.0135,0.009,0.0,0.0
1780080241231,2,Pitching Mound.Parent,,Delivery,pitch.1,773186,-6.2673,-17.8677,105.5303,-75.9711,169.3584,-29.3293,-0.1645,0.0571
1780080241232,2,11.0000004b,Drive,Delivery,pitch.1,775043,0.2029,-0.0165,0.2827,0.0174,-0.0124,0.0088,0.0,0.0
1780080241232,2,12.00000015,Lower Delivery,Delivery,pitch.1,774556,-15.4158,-12.9796,77.0817,-193.0649,116.269,-13.88,-0.1546,-0.2567
1780080241232,2,12.00000018,Upper Delivery,Delivery,pitch.1,775843,8.8805,-4.8604,28.3549,99.8832,53.5139,-23.8625,-0.1934,0.327
1780080241232,2,Pitching Mound.Delivery,,Delivery,pitch.1,773931,-6.5353,-17.84,105.4366,-76.6146,169.7829,-29.4818,-0.165,0.0574
1780080241232,2,Pitching Mound.Drive,,Delivery,pitch.1,775043,0.2029,-0.0165,0.2827,0.0174,-0.0124,0.0088,0.0,0.0
1780080241232,2,Pitching Mound.Parent,,Delivery,pitch.1,773187,-6.3324,-17.8564,105.7193,-76.5972,169.7705,-29.473,-0.1646,0.0572
1780080241233,2,11.0000004b,Drive,Delivery,pitch.1,775044,0.2019,0.0272,0.3359,0.0091,-0.0123,0.0093,0.0,0.0
1780080241233,2,12.00000015,Lower Delivery,Delivery,pitch.1,774557,-15.4939,-12.9696,77.2889,-193.5349,116.4829,-14.0133,-0.1545,-0.2567
1780080241233,2,12.00000018,Upper Delivery,Delivery,pitch.1,775844,8.8959,-4.8454,28.3701,99.3811,53.3589,-23.8587,-0.1928,0.327
1780080241233,2,Pitching Mound.Delivery,,Delivery,pitch.1,773932,-6.598,-17.8151,105.659,-77.5214,169.8418,-29.5795,-0.1648,0.0575
1780080241233,2,Pitching Mound.Drive,,Delivery,pitch.1,775044,0.2019,0.0272,0.3359,0.0091,-0.0123,0.0093,0.0,0.0
1780080241233,2,Pitching Mound.Parent,,Delivery,pitch.1,773188,-6.3961,-17.7878,105.9949,-77.5123,169.8295,-29.5702,-0.1642,0.0573
1780080241234,2,11.0000004b,Drive,Delivery,pitch.1,775045,0.1798,0.0005,0.2831,0.0101,-0.009,0.0089,0.0,0.0
1780080241234,2,12.00000015,Lower Delivery,Delivery,pitch.1,774558,-15.5701,-12.964,77.4993,-194.0623,116.5881,-14.1138,-0.1542,-0.2567
1780080241234,2,12.00000018,Upper Delivery,Delivery,pitch.1,775845,8.8583,-4.8318,28.2032,99.1747,53.3612,-23.8681,-0.1939,0.327
1780080241234,2,Pitching Mound.Delivery,,Delivery,pitch.1,773933,-6.7118,-17.7958,105.7026,-78.1269,169.9493,-29.6763,-0.1648,0.0576
1780080241234,2,Pitching Mound.Drive,,Delivery,pitch.1,775045,0.1798,0.0005,0.2831,0.0101,-0.009,0.0089,0.0,0.0
1780080241234,2,Pitching Mound.Parent,,Delivery,pitch.1,773189,-6.532,-17.7952,105.9857,-78.1168,169.9402,-29.6674,-0.1644,0.0575
1780080241235,2,11.0000004b,Drive,Delivery,pitch.1,775046,0.192,0.0311,0.3433,0.0089,-0.0101,0.0092,0.0,0.0
1780080241235,2,12.00000015,Lower Delivery,Delivery,pitch.1,774559,-15.6628,-12.9643,77.6551,-194.4507,116.6437,-14.221,-0.154,-0.2567
1780080241235,2,12.00000018,Upper Delivery,Delivery,pitch.1,775846,8.8346,-4.8195,28.102,98.8068,53.0859,-23.9108,-0.1936,0.327
1780080241235,2,Pitching Mound.Delivery,,Delivery,pitch.1,773934,-6.8282,-17.7838,105.7571,-78.7958,169.7296,-29.8027,-0.1645,0.0578
1780080241235,2,Pitching Mound.Drive,,Delivery,pitch.1,775046,0.192,0.0311,0.3433,0.0089,-0.0101,0.0092,0.0,0.0
1780080241235,2,Pitching Mound.Parent,,Delivery,pitch.1,773190,-6.6362,-17.7527,106.1004,-78.7869,169.7195,-29.7935,-0.164,0.0576
1780080241236,2,11.0000004b,Drive,Delivery,pitch.1,775047,0.1948,0.0272,0.3516,0.0092,-0.01,0.0081,0.0,0.0
1780080241236,2,12.00000015,Lower Delivery,Delivery,pitch.1,774560,-15.7566,-12.9907,77.7876,-194.7888,116.807,-14.3543,-0.1539,-0.2567
1780080241236,2,12.00000018,Upper Delivery,Delivery,pitch.1,775847,8.798,-4.7987,27.9578,98.5213,52.8853,-23.9429,-0.1939,0.327
1780080241236,2,Pitching Mound.Delivery,,Delivery,pitch.1,773935,-6.9585,-17.7894,105.7454,-79.3253,169.6923,-29.9486,-0.1645,0.0579
1780080241236,2,Pitching Mound.Drive,,Delivery,pitch.1,775047,0.1948,0.0272,0.3516,0.0092,-0.01,0.0081,0.0,0.0
1780080241236,2,Pitching Mound.Parent,,Delivery,pitch.1,773191,-6.7638,-17.7622,106.097,-79.3162,169.6823,-29.9405,-0.1639,0.0577
1780080241237,2,11.0000004b,Drive,Delivery,pitch.1,775048,0.2089,0.0056,0.3464,0.0082,-0.0114,0.0084,0.0,0.0
1780080241237,2,12.00000015,Lower Delivery,Delivery,pitch.1,774561,-15.858,-13.0004,78.0129,-195.2167,117.1414,-14.4855,-0.1539,-0.2565
1780080241237,2,12.00000018,Upper Delivery,Delivery,pitch.1,775848,8.7895,-4.7887,27.8382,98.0287,52.7531,-24.0067,-0.1942,0.327
1780080241237,2,Pitching Mound.Delivery,,Delivery,pitch.1,773936,-7.0685,-17.7892,105.8511,-80.1287,169.8945,-30.112,-0.1645,0.0581
1780080241237,2,Pitching Mound.Drive,,Delivery,pitch.1,775048,0.2089,0.0056,0.3464,0.0082,-0.0114,0.0084,0.0,0.0
1780080241237,2,Pitching Mound.Parent,,Delivery,pitch.1,773192,-6.8596,-17.7835,106.1975,-80.1205,169.8832,-30.1036,-0.164,0.058
1780080241238,2,11.0000004b,Drive,Delivery,pitch.1,775049,0.2209,0.002,0.3675,0.0075,-0.0089,0.0088,0.0,0.0
1780080241238,2,12.00000015,Lower Delivery,Delivery,pitch.1,774562,-15.925,-13.0157,78.1111,-195.3738,117.1624,-14.5734,-0.1537,-0.2564
1780080241238,2,12.00000018,Upper Delivery,Delivery,pitch.1,775849,8.7438,-4.777,27.6478,97.6724,52.587,-24.0512,-0.1949,0.327
1780080241238,2,Pitching Mound.Delivery,,Delivery,pitch.1,773937,-7.1812,-17.7928,105.7589,-80.5439,169.7495,-30.2373,-0.1645,0.0584
1780080241238,2,Pitching Mound.Drive,,Delivery,pitch.1,775049,0.2209,0.002,0.3675,0.0075,-0.0089,0.0088,0.0,0.0
1780080241238,2,Pitching Mound.Parent,,Delivery,pitch.1,773193,-6.9603,-17.7908,106.1264,-80.5364,169.7406,-30.2285,-0.1639,0.0582
1780080241239,2,11.0000004b,Drive,Delivery,pitch.1,775050,0.1918,0.0204,0.3518,0.0069,-0.0085,0.0091,0.0,0.0
1780080241239,2,12.00000015,Lower Delivery,Delivery,pitch.1,774563,-16.0199,-12.9978,78.29,-195.7345,117.2363,-14.6498,-0.1535,-0.2562
1780080241239,2,12.00000018,Upper Delivery,Delivery,pitch.1,775850,8.7402,-4.7525,27.5119,97.2288,52.5835,-24.0801,-0.1959,0.327
1780080241239,2,Pitching Mound.Delivery,,Delivery,pitch.1,773938,-7.2797,-17.7503,105.8019,-81.2412,169.8197,-30.3115,-0.1645,0.0586
1780080241239,2,Pitching Mound.Drive,,Delivery,pitch.1,775050,0.1918,0.0204,0.3518,0.0069,-0.0085,0.0091,0.0,0.0
1780080241239,2,Pitching Mound.Parent,,Delivery,pitch.1,773194,-7.0879,-17.7299,106.1537,-81.2342,169.8113,-30.3024,-0.164,0.0584
1780080241240,2,11.0000004b,Drive,Delivery,pitch.1,775051,0.2134,0.0229,0.3819,0.0074,-0.0069,0.009,0.0,0.0
1780080241240,2,12.00000015,Lower Delivery,Delivery,pitch.1,774564,-16.0956,-13.0004,78.434,-195.9431,117.3557,-14.7514,-0.1534,-0.2561
1780080241240,2,12.00000018,Upper Delivery,Delivery,pitch.1,775851,8.6948,-4.7142,27.3694,96.9212,52.3093,-24.1828,-0.1959,0.327
1780080241240,2,Pitching Mound.Delivery,,Delivery,pitch.1,773939,-7.4007,-17.7146,105.8034,-81.66,169.665,-30.5055,-0.1644,0.0589
1780080241240,2,Pitching Mound.Drive,,Delivery,pitch.1,775051,0.2134,0.0229,0.3819,0.0074,-0.0069,0.009,0.0,0.0
1780080241240,2,Pitching Mound.Parent,,Delivery,pitch.1,773195,-7.1874,-17.6917,106.1852,-81.6526,169.6581,-30.4965,-0.1638,0.0587
1780080241241,2,11.0000004b,Drive,Delivery,pitch.1,775052,0.242,0.0207,0.4306,0.0071,-0.0088,0.0098,0.0,0.0
1780080241241,2,12.00000015,Lower Delivery,Delivery,pitch.1,774565,-16.1599,-13.006,78.6623,-196.3198,117.8806,-14.8645,-0.1536,-0.2558
1780080241241,2,12.00000018,Upper Delivery,Delivery,pitch.1,775852,8.6915,-4.7089,27.2554,96.7451,52.2466,-24.2518,-0.1965,0.327
1780080241241,2,Pitching Mound.Delivery,,Delivery,pitch.1,773940,-7.4683,-17.7149,105.9177,-82.0963,170.1272,-30.6669,-0.1646,0.0592
1780080241241,2,Pitching Mound.Drive,,Delivery,pitch.1,775052,0.242,0.0207,0.4306,0.0071,-0.0088,0.0098,0.0,0.0
1780080241241,2,Pitching Mound.Parent,,Delivery,pitch.1,773196,-7.2264,-17.6942,106.3483,-82.0892,170.1184,-30.6571,-0.164,0.059
1780080241242,2,11.0000004b,Drive,Delivery,pitch.1,775053,0.2498,0.0039,0.4141,0.0059,-0.0086,0.0105,0.0,0.0
1780080241242,2,12.00000015,Lower Delivery,Delivery,pitch.1,774566,-16.2213,-13.0037,78.7826,-196.6755,118.2305,-14.9474,-0.1538,-0.2559
1780080241242,2,12.00000018,Upper Delivery,Delivery,pitch.1,775853,8.6703,-4.6734,27.1008,96.3455,52.0146,-24.3024,-0.1967,0.327
1780080241242,2,Pitching Mound.Delivery,,Delivery,pitch.1,773941,-7.551,-17.6771,105.8834,-82.7582,170.2451,-30.7867,-0.1648,0.0593
1780080241242,2,Pitching Mound.Drive,,Delivery,pitch.1,775053,0.2498,0.0039,0.4141,0.0059,-0.0086,0.0105,0.0,0.0
1780080241242,2,Pitching Mound.Parent,,Delivery,pitch.1,773197,-7.3012,-17.6732,106.2975,-82.7523,170.2365,-30.7762,-0.1642,0.059
1780080241243,2,11.0000004b,Drive,Delivery,pitch.1,775054,0.2506,0.0005,0.4178,0.0068,-0.0079,0.0102,0.0,0.0
1780080241243,2,12.00000015,Lower Delivery,Delivery,pitch.1,774567,-16.2828,-13.0173,78.8869,-196.9907,118.3756,-15.0239,-0.1538,-0.2559
1780080241243,2,12.00000018,Upper Delivery,Delivery,pitch.1,775854,8.6403,-4.6507,26.999,96.0754,51.8234,-24.34,-0.1967,0.327
1780080241243,2,Pitching Mound.Delivery,,Delivery,pitch.1,773942,-7.6424,-17.668,105.8859,-83.2734,170.1989,-30.8901,-0.1647,0.0593
1780080241243,2,Pitching Mound.Drive,,Delivery,pitch.1,775054,0.2506,0.0005,0.4178,0.0068,-0.0079,0.0102,0.0,0.0
1780080241243,2,Pitching Mound.Parent,,Delivery,pitch.1,773198,-7.3918,-17.6675,106.3038,-83.2666,170.1911,-30.8799,-0.1641,0.0591
1780080241244,2,11.0000004b,Drive,Delivery,pitch.1,775055,0.2647,-0.0084,0.4204,0.0066,-0.0093,0.0106,0.0,0.0
1780080241244,2,12.00000015,Lower Delivery,Delivery,pitch.1,774568,-16.3406,-13.0145,78.982,-197.1071,118.4463,-15.082,-0.1537,-0.2558
1780080241244,2,12.00000018,Upper Delivery,Delivery,pitch.1,775855,8.6314,-4.6253,26.8057,95.8113,51.7186,-24.3981,-0.1978,0.327
1780080241244,2,Pitching Mound.Delivery,,Delivery,pitch.1,773943,-7.7092,-17.6398,105.7877,-83.5559,170.1649,-30.9897,-0.1649,0.0596
1780080241244,2,Pitching Mound.Drive,,Delivery,pitch.1,775055,0.2647,-0.0084,0.4204,0.0066,-0.0093,0.0106,0.0,0.0
1780080241244,2,Pitching Mound.Parent,,Delivery,pitch.1,773199,-7.4445,-17.6482,106.208,-83.5492,170.1557,-30.9791,-0.1642,0.0594
1780080241245,2,11.0000004b,Drive,Delivery,pitch.1,775056,0.241,-0.0152,0.364,0.0063,-0.01,0.0107,0.0,0.0
1780080241245,2,12.00000015,Lower Delivery,Delivery,pitch.1,774569,-16.3882,-13.038,79.1614,-197.2823,118.7237,-15.1151,-0.1537,-0.2554
1780080241245,2,12.00000018,Upper Delivery,Delivery,pitch.1,775856,8.6301,-4.6068,26.7197,95.7464,51.8604,-24.4122,-0.1989,0.327
1780080241245,2,Pitching Mound.Delivery,,Delivery,pitch.1,773944,-7.7581,-17.6448,105.881,-83.7057,170.5841,-31.0211,-0.1651,0.06
1780080241245,2,Pitching Mound.Drive,,Delivery,pitch.1,775056,0.241,-0.0152,0.364,0.0063,-0.01,0.0107,0.0,0.0
1780080241245,2,Pitching Mound.Parent,,Delivery,pitch.1,773200,-7.5171,-17.66,106.2451,-83.6994,170.5741,-31.0103,-0.1646,0.0597
1780080241246,2,11.0000004b,Drive,Delivery,pitch.1,775057,0.2486,-0.0333,0.3589,0.0066,-0.0078,0.0108,0.0,0.0
1780080241246,2,12.00000015,Lower Delivery,Delivery,pitch.1,774570,-16.4357,-13.0475,79.341,-197.6306,119.1039,-15.1736,-0.1539,-0.2553
1780080241246,2,12.00000018,Upper Delivery,Delivery,pitch.1,775857,8.6122,-4.5794,26.5744,95.6773,51.7781,-24.4569,-0.1997,0.327
1780080241246,2,Pitching Mound.Delivery,,Delivery,pitch.1,773945,-7.8236,-17.6269,105.9154,-84.0127,170.882,-31.1142,-0.1654,0.0602
1780080241246,2,Pitching Mound.Drive,,Delivery,pitch.1,775057,0.2486,-0.0333,0.3589,0.0066,-0.0078,0.0108,0.0,0.0
1780080241246,2,Pitching Mound.Parent,,Delivery,pitch.1,773201,-7.575,-17.6602,106.2743,-84.0061,170.8742,-31.1034,-0.1648,0.06
1780080241247,2,11.0000004b,Drive,Delivery,pitch.1,775058,0.2505,-0.0416,0.3537,0.0065,-0.0078,0.0112,0.0,0.0
1780080241247,2,12.00000015,Lower Delivery,Delivery,pitch.1,774571,-16.4539,-13.0258,79.4669,-198.0053,119.3049,-15.173,-0.1539,-0.2554
1780080241247,2,12.00000018,Upper Delivery,Delivery,pitch.1,775858,8.598,-4.5585,26.4719,95.2323,51.5813,-24.4725,-0.1997,0.327
1780080241247,2,Pitching Mound.Delivery,,Delivery,pitch.1,773946,-7.8559,-17.5844,105.9388,-84.7547,170.8862,-31.1279,-0.1653,0.0602
1780080241247,2,Pitching Mound.Drive,,Delivery,pitch.1,775058,0.2505,-0.0416,0.3537,0.0065,-0.0078,0.0112,0.0,0.0
1780080241247,2,Pitching Mound.Parent,,Delivery,pitch.1,773202,-7.6055,-17.6259,106.2924,-84.7482,170.8784,-31.1167,-0.1648,0.06
1780080241248,2,11.0000004b,Drive,Delivery,pitch.1,775059,0.2526,-0.0364,0.3593,0.0073,-0.009,0.0112,0.0,0.0
1780080241248,2,12.00000015,Lower Delivery,Delivery,pitch.1,774572,-16.4879,-13.036,79.5595,-198.3336,119.4181,-15.1801,-0.1538,-0.2555
1780080241248,2,12.00000018,Upper Delivery,Delivery,pitch.1,775859,8.6057,-4.5316,26.4026,95.0647,51.3629,-24.4979,-0.1994,0.327
1780080241248,2,Pitching Mound.Delivery,,Delivery,pitch.1,773947,-7.8822,-17.5676,105.962,-85.1955,170.7809,-31.1462,-0.1652,0.0602
1780080241248,2,Pitching Mound.Drive,,Delivery,pitch.1,775059,0.2526,-0.0364,0.3593,0.0073,-0.009,0.0112,0.0,0.0
1780080241248,2,Pitching Mound.Parent,,Delivery,pitch.1,773203,-7.6297,-17.604,106.3214,-85.1883,170.772,-31.135,-0.1646,0.06
1780080241249,2,11.0000004b,Drive,Delivery,pitch.1,775060,0.2573,-0.0407,0.352,0.0064,-0.007,0.0121,0.0,0.0
1780080241249,2,12.00000015,Lower Delivery,Delivery,pitch.1,774573,-16.5138,-13.0202,79.6887,-198.6325,119.6168,-15.1768,-0.1539,-0.2555
1780080241249,2,12.00000018,Upper Delivery,Delivery,pitch.1,775860,8.6092,-4.5089,26.3511,94.9794,51.431,-24.5494,-0.2,0.327
1780080241249,2,Pitching Mound.Delivery,,Delivery,pitch.1,773948,-7.9045,-17.5291,106.0398,-85.5183,171.0478,-31.1843,-0.1653,0.0603
1780080241249,2,Pitching Mound.Drive,,Delivery,pitch.1,775060,0.2573,-0.0407,0.352,0.0064,-0.007,0.0121,0.0,0.0
1780080241249,2,Pitching Mound.Parent,,Delivery,pitch.1,773204,-7.6472,-17.5698,106.3919,-85.5119,171.0408,-31.1723,-0.1648,0.0601
1780080241250,2,11.0000004b,Drive,Delivery,pitch.1,775061,0.2552,-0.0427,0.3514,0.0073,-0.006,0.0117,0.0,0.0
1780080241250,2,12.00000015,Lower Delivery,Delivery,pitch.1,774574,-16.54,-13.014,79.8421,-199.0331,120.0406,-15.1859,-0.1541,-0.2555
1780080241250,2,12.00000018,Upper Delivery,Delivery,pitch.1,775861,8.5709,-4.4776,26.2514,94.5926,51.2872,-24.5545,-0.2002,0.327
1780080241250,2,Pitching Mound.Delivery,,Delivery,pitch.1,773949,-7.9692,-17.4916,106.0935,-86.2196,171.3279,-31.2026,-0.1655,0.0604
1780080241250,2,Pitching Mound.Drive,,Delivery,pitch.1,775061,0.2552,-0.0427,0.3514,0.0073,-0.006,0.0117,0.0,0.0
1780080241250,2,Pitching Mound.Parent,,Delivery,pitch.1,773205,-7.714,-17.5343,106.4449,-86.2123,171.3219,-31.1909,-0.165,0.0602
1780080241251,2,11.0000004b,Drive,Delivery,pitch.1,775062,0.2346,-0.0354,0.3361,0.0067,-0.0062,0.0118,0.0,0.0
1780080241251,2,12.00000015,Lower Delivery,Delivery,pitch.1,774575,-16.5611,-13.0004,79.9384,-199.1997,120.2714,-15.1679,-0.1542,-0.2554
1780080241251,2,12.00000018,Upper Delivery,Delivery,pitch.1,775862,8.5688,-4.445,26.204,94.1521,51.0228,-24.5757,-0.1996,0.327
1780080241251,2,Pitching Mound.Delivery,,Delivery,pitch.1,773950,-7.9924,-17.4453,106.1424,-86.7779,171.2942,-31.1994,-0.1654,0.0605
1780080241251,2,Pitching Mound.Drive,,Delivery,pitch.1,775062,0.2346,-0.0354,0.3361,0.0067,-0.0062,0.0118,0.0,0.0
1780080241251,2,Pitching Mound.Parent,,Delivery,pitch.1,773206,-7.7578,-17.4808,106.4784,-86.7712,171.288,-31.1875,-0.1649,0.0603
1780080241252,2,11.0000004b,Drive,Delivery,pitch.1,775063,0.2367,-0.0305,0.3357,0.0061,-0.0043,0.0114,0.0,0.0
1780080241252,2,12.00000015,Lower Delivery,Delivery,pitch.1,774576,-16.5675,-12.965,80.04,-199.6128,120.3092,-15.156,-0.1541,-0.2556
1780080241252,2,12.00000018,Upper Delivery,Delivery,pitch.1,775863,8.5824,-4.4279,26.1635,93.918,51.0264,-24.5932,-0.1999,0.327
1780080241252,2,Pitching Mound.Delivery,,Delivery,pitch.1,773951,-7.9851,-17.393,106.2035,-87.3768,171.3356,-31.1982,-0.1654,0.0604
1780080241252,2,Pitching Mound.Drive,,Delivery,pitch.1,775063,0.2367,-0.0305,0.3357,0.0061,-0.0043,0.0114,0.0,0.0
1780080241252,2,Pitching Mound.Parent,,Delivery,pitch.1,773207,-7.7484,-17.4235,106.5393,-87.3706,171.3312,-31.1868,-0.1648,0.0602
1780080241253,2,11.0000004b,Drive,Delivery,pitch.1,775064,0.2481,-0.0206,0.3691,0.0068,-0.0055,0.0108,0.0,0.0
1780080241253,2,12.00000015,Lower Delivery,Delivery,pitch.1,774577,-16.5936,-12.9521,80.106,-199.861,120.5416,-15.1532,-0.1542,-0.2557
1780080241253,2,12.00000018,Upper Delivery,Delivery,pitch.1,775864,8.5858,-4.3924,26.1271,93.5587,50.9119,-24.59,-0.1997,0.327
1780080241253,2,Pitching Mound.Delivery,,Delivery,pitch.1,773952,-8.0079,-17.3445,106.2331,-87.9495,171.4535,-31.1822,-0.1654,0.0604
1780080241253,2,Pitching Mound.Drive,,Delivery,pitch.1,775064,0.2481,-0.0206,0.3691,0.0068,-0.0055,0.0108,0.0,0.0
1780080241253,2,Pitching Mound.Parent,,Delivery,pitch.1,773208,-7.7598,-17.3651,106.6023,-87.9428,171.448,-31.1714,-0.1648,0.0602
1780080241254,2,11.0000004b,Drive,Delivery,pitch.1,775065,0.2176,-0.0087,0.3184,0.0062,-0.002,0.0117,0.0,0.0
1780080241254,2,12.00000015,Lower Delivery,Delivery,pitch.1,774578,-16.6225,-12.9342,80.1388,-200.055,120.6122,-15.1507,-0.1543,-0.2559
1780080241254,2,12.00000018,Upper Delivery,Delivery,pitch.1,775865,8.5899,-4.3557,26.0756,93.2412,50.9477,-24.6161,-0.2003,0.327
1780080241254,2,Pitching Mound.Delivery,,Delivery,pitch.1,773953,-8.0326,-17.29,106.2143,-88.4324,171.5599,-31.1947,-0.1656,0.0603
1780080241254,2,Pitching Mound.Drive,,Delivery,pitch.1,775065,0.2176,-0.0087,0.3184,0.0062,-0.002,0.0117,0.0,0.0
1780080241254,2,Pitching Mound.Parent,,Delivery,pitch.1,773209,-7.815,-17.2987,106.5327,-88.4261,171.5579,-31.183,-0.1651,0.0601
1780080241255,2,11.0000004b,Drive,Delivery,pitch.1,775066,0.2304,-0.0149,0.3685,0.0072,-0.0009,0.011,0.0,0.0
1780080241255,2,12.00000015,Lower Delivery,Delivery,pitch.1,774579,-16.6259,-12.8868,80.2527,-200.3033,120.6437,-15.1147,-0.1541,-0.2558
1780080241255,2,12.00000018,Upper Delivery,Delivery,pitch.1,775866,8.5679,-4.3294,26.0691,92.9587,50.8218,-24.6089,-0.1998,0.327
1780080241255,2,Pitching Mound.Delivery,,Delivery,pitch.1,773954,-8.058,-17.2161,106.3217,-88.9221,171.4655,-31.1577,-0.1653,0.0604
1780080241255,2,Pitching Mound.Drive,,Delivery,pitch.1,775066,0.2304,-0.0149,0.3685,0.0072,-0.0009,0.011,0.0,0.0
1780080241255,2,Pitching Mound.Parent,,Delivery,pitch.1,773210,-7.8276,-17.231,106.6902,-88.915,171.4646,-31.1466,-0.1647,0.0602
1780080241256,2,11.0000004b,Drive,Delivery,pitch.1,775067,0.2274,-0.0031,0.367,0.0079,-0.0028,0.0108,0.0,0.0
1780080241256,2,12.00000015,Lower Delivery,Delivery,pitch.1,774580,-16.6501,-12.8654,80.215,-200.7634,120.7851,-15.0896,-0.1543,-0.2565
1780080241256,2,12.00000018,Upper Delivery,Delivery,pitch.1,775867,8.5887,-4.2989,26.0949,92.8204,50.8395,-24.6617,-0.1997,0.327
1780080241256,2,Pitching Mound.Delivery,,Delivery,pitch.1,773955,-8.0615,-17.1643,106.3099,-89.5422,171.6247,-31.1701,-0.1655,0.0598
1780080241256,2,Pitching Mound.Drive,,Delivery,pitch.1,775067,0.2274,-0.0031,0.367,0.0079,-0.0028,0.0108,0.0,0.0
1780080241256,2,Pitching Mound.Parent,,Delivery,pitch.1,773211,-7.8341,-17.1674,106.677,-89.5343,171.6219,-31.1593,-0.1649,0.0596
1780080241257,2,11.0000004b,Drive,Delivery,pitch.1,775068,0.2103,0.0135,0.3778,0.0076,-0.0047,0.0108,0.0,0.0
1780080241257,2,12.00000015,Lower Delivery,Delivery,pitch.1,774581,-16.6775,-12.8384,80.1978,-200.8082,120.7454,-15.0593,-0.1543,-0.2566
1780080241257,2,12.00000018,Upper Delivery,Delivery,pitch.1,775868,8.5796,-4.265,26.0907,92.7285,50.8294,-24.7242,-0.1997,0.327
1780080241257,2,Pitching Mound.Delivery,,Delivery,pitch.1,773956,-8.0979,-17.1034,106.2885,-89.6832,171.5749,-31.1961,-0.1655,0.0597
1780080241257,2,Pitching Mound.Drive,,Delivery,pitch.1,775068,0.2103,0.0135,0.3778,0.0076,-0.0047,0.0108,0.0,0.0
1780080241257,2,Pitching Mound.Parent,,Delivery,pitch.1,773212,-7.8876,-17.0899,106.6664,-89.6756,171.5701,-31.1853,-0.1649,0.0595
1780080241258,2,11.0000004b,Drive,Delivery,pitch.1,775069,0.2274,0.0215,0.4067,0.0058,-0.0051,0.0117,0.0,0.0
1780080241258,2,12.00000015,Lower Delivery,Delivery,pitch.1,774582,-16.7104,-12.8173,80.2741,-201.0818,120.8108,-15.0405,-0.1543,-0.2567
1780080241258,2,12.00000018,Upper Delivery,Delivery,pitch.1,775869,8.5476,-4.232,26.0286,92.6621,50.8733,-24.7802,-0.2003,0.327
1780080241258,2,Pitching Mound.Delivery,,Delivery,pitch.1,773957,-8.1628,-17.0493,106.3028,-89.9762,171.6841,-31.233,-0.1655,0.0597
1780080241258,2,Pitching Mound.Drive,,Delivery,pitch.1,775069,0.2274,0.0215,0.4067,0.0058,-0.0051,0.0117,0.0,0.0
1780080241258,2,Pitching Mound.Parent,,Delivery,pitch.1,773213,-7.9354,-17.0278,106.7095,-89.9704,171.679,-31.2213,-0.1649,0.0595
1780080241259,2,11.0000004b,Drive,Delivery,pitch.1,775070,0.241,0.0215,0.416,0.0065,-0.005,0.0112,0.0,0.0
1780080241259,2,12.00000015,Lower Delivery,Delivery,pitch.1,774583,-16.7192,-12.7906,80.3267,-201.2435,121.0391,-15.0917,-0.1544,-0.2568
1780080241259,2,12.00000018,Upper Delivery,Delivery,pitch.1,775870,8.5321,-4.211,26.0462,92.7569,50.8989,-24.7705,-0.2003,0.327
1780080241259,2,Pitching Mound.Delivery,,Delivery,pitch.1,773958,-8.1871,-17.0017,106.3729,-90.0312,171.9381,-31.2767,-0.1657,0.0597
1780080241259,2,Pitching Mound.Drive,,Delivery,pitch.1,775070,0.241,0.0215,0.416,0.0065,-0.005,0.0112,0.0,0.0
1780080241259,2,Pitching Mound.Parent,,Delivery,pitch.1,773214,-7.9461,-16.9801,106.7889,-90.0246,171.9331,-31.2655,-0.165,0.0594
1780080241260,2,11.0000004b,Drive,Delivery,pitch.1,775071,0.2242,0.0017,0.3608,0.0074,-0.0057,0.0107,0.0,0.0
1780080241260,2,12.00000015,Lower Delivery,Delivery,pitch.1,774584,-16.7467,-12.7855,80.4082,-201.1793,121.1675,-15.0761,-0.1545,-0.2564
1780080241260,2,12.00000018,Upper Delivery,Delivery,pitch.1,775871,8.5673,-4.1974,26.0343,92.5052,50.9284,-24.7773,-0.2005,0.327
1780080241260,2,Pitching Mound.Delivery,,Delivery,pitch.1,773959,-8.1794,-16.9829,106.4426,-90.187,172.0959,-31.2467,-0.1657,0.0599
1780080241260,2,Pitching Mound.Drive,,Delivery,pitch.1,775071,0.2242,0.0017,0.3608,0.0074,-0.0057,0.0107,0.0,0.0
1780080241260,2,Pitching Mound.Parent,,Delivery,pitch.1,773215,-7.9553,-16.9812,106.8034,-90.1797,172.0902,-31.2359,-0.1652,0.0597
1780080241261,2,11.0000004b,Drive,Delivery,pitch.1,775072,0.209,-0.0082,0.3186,0.0067,-0.0072,0.0114,0.0,0.0
1780080241261,2,12.00000015,Lower Delivery,Delivery,pitch.1,774585,-16.7671,-12.7689,80.5096,-201.3853,121.2703,-15.0877,-0.1544,-0.2564
1780080241261,2,12.00000018,Upper Delivery,Delivery,pitch.1,775872,8.5461,-4.1942,25.9921,92.6287,51.0886,-24.8118,-0.2015,0.327
1780080241261,2,Pitching Mound.Delivery,,Delivery,pitch.1,773960,-8.2209,-16.9632,106.5017,-90.2206,172.3589,-31.2931,-0.1659,0.06
1780080241261,2,Pitching Mound.Drive,,Delivery,pitch.1,775072,0.209,-0.0082,0.3186,0.0067,-0.0072,0.0114,0.0,0.0
1780080241261,2,Pitching Mound.Parent,,Delivery,pitch.1,773216,-8.012,-16.9714,106.8203,-90.2139,172.3517,-31.2817,-0.1654,0.0599
1780080241262,2,11.0000004b,Drive,Delivery,pitch.1,775073,0.2348,0.0037,0.3604,0.0073,-0.0067,0.0109,0.0,0.0
1780080241262,2,12.00000015,Lower Delivery,Delivery,pitch.1,774586,-16.795,-12.7706,80.6024,-201.3923,121.4467,-15.0782,-0.1544,-0.2561
1780080241262,2,12.00000018,Upper Delivery,Delivery,pitch.1,775873,8.5448,-4.2009,25.9933,92.7735,51.1651,-24.8275,-0.2018,0.327
1780080241262,2,Pitching Mound.Delivery,,Delivery,pitch.1,773961,-8.2503,-16.9715,106.5957,-90.0517,172.6118,-31.2902,-0.166,0.0603
1780080241262,2,Pitching Mound.Drive,,Delivery,pitch.1,775073,0.2348,0.0037,0.3604,0.0073,-0.0067,0.0109,0.0,0.0
1780080241262,2,Pitching Mound.Parent,,Delivery,pitch.1,773217,-8.0154,-16.9677,106.9561,-90.0444,172.6051,-31.2793,-0.1654,0.0601
1780080241263,2,11.0000004b,Drive,Delivery,pitch.1,775074,0.2219,0.0076,0.3464,0.0072,-0.0061,0.0105,0.0,0.0
1780080241263,2,12.00000015,Lower Delivery,Delivery,pitch.1,774587,-16.8236,-12.7523,80.6851,-201.3938,121.5889,-15.055,-0.1545,-0.2558
1780080241263,2,12.00000018,Upper Delivery,Delivery,pitch.1,775874,8.5594,-4.1932,26.0247,92.7738,51.0907,-24.8488,-0.2012,0.327
1780080241263,2,Pitching Mound.Delivery,,Delivery,pitch.1,773962,-8.2643,-16.9454,106.7097,-90.0354,172.6796,-31.2736,-0.1659,0.0605
1780080241263,2,Pitching Mound.Drive,,Delivery,pitch.1,775074,0.2219,0.0076,0.3464,0.0072,-0.0061,0.0105,0.0,0.0
1780080241263,2,Pitching Mound.Parent,,Delivery,pitch.1,773218,-8.0424,-16.9378,107.0561,-90.0282,172.6735,-31.2631,-0.1653,0.0603
1780080241264,2,11.0000004b,Drive,Delivery,pitch.1,775075,0.1873,0.0168,0.3149,0.0066,-0.0055,0.0107,0.0,0.0
1780080241264,2,12.00000015,Lower Delivery,Delivery,pitch.1,774588,-16.8318,-12.7253,80.8834,-201.7949,121.963,-15.0257,-0.1546,-0.2557
1780080241264,2,12.00000018,Upper Delivery,Delivery,pitch.1,775875,8.5514,-4.1897,25.9711,92.6907,51.1172,-24.8427,-0.2017,0.327
1780080241264,2,Pitching Mound.Delivery,,Delivery,pitch.1,773963,-8.2805,-16.915,106.8545,-90.434,173.0801,-31.2381,-0.166,0.0606
1780080241264,2,Pitching Mound.Drive,,Delivery,pitch.1,775075,0.1873,0.0168,0.3149,0.0066,-0.0055,0.0107,0.0,0.0
1780080241264,2,Pitching Mound.Parent,,Delivery,pitch.1,773219,-8.0932,-16.8982,107.1694,-90.4274,173.0747,-31.2274,-0.1655,0.0605
1780080241265,2,11.0000004b,Drive,Delivery,pitch.1,775076,0.2099,0.0257,0.3531,0.0072,-0.0066,0.0098,0.0,0.0
1780080241265,2,12.00000015,Lower Delivery,Delivery,pitch.1,774589,-16.8429,-12.704,81.0178,-201.9598,122.1379,-14.9862,-0.1545,-0.2555
1780080241265,2,12.00000018,Upper Delivery,Delivery,pitch.1,775876,8.5369,-4.2093,25.9032,92.7411,51.1385,-24.8479,-0.2023,0.327
1780080241265,2,Pitching Mound.Delivery,,Delivery,pitch.1,773964,-8.306,-16.9133,106.921,-90.4797,173.2764,-31.205,-0.1661,0.0609
1780080241265,2,Pitching Mound.Drive,,Delivery,pitch.1,775076,0.2099,0.0257,0.3531,0.0072,-0.0066,0.0098,0.0,0.0
1780080241265,2,Pitching Mound.Parent,,Delivery,pitch.1,773220,-8.0961,-16.8876,107.2741,-90.4726,173.2698,-31.1952,-0.1656,0.0607
1780080241266,2,11.0000004b,Drive,Delivery,pitch.1,775077,0.1961,0.0191,0.3254,0.008,-0.0079,0.0085,0.0,0.0
1780080241266,2,12.00000015,Lower Delivery,Delivery,pitch.1,774590,-16.8532,-12.7033,81.114,-201.937,122.191,-14.9649,-0.1544,-0.2552
1780080241266,2,12.00000018,Upper Delivery,Delivery,pitch.1,775877,8.5316,-4.218,25.8404,92.6356,51.2349,-24.8726,-0.2032,0.327
1780080241266,2,Pitching Mound.Delivery,,Delivery,pitch.1,773965,-8.3216,-16.9214,106.9544,-90.5084,173.4259,-31.2067,-0.1662,0.0612
1780080241266,2,Pitching Mound.Drive,,Delivery,pitch.1,775077,0.1961,0.0191,0.3254,0.008,-0.0079,0.0085,0.0,0.0
1780080241266,2,Pitching Mound.Parent,,Delivery,pitch.1,773221,-8.1254,-16.9022,107.2798,-90.5004,173.418,-31.1982,-0.1657,0.061
1780080241267,2,11.0000004b,Drive,Delivery,pitch.1,775078,0.1846,0.0136,0.3046,0.0084,-0.0087,0.0083,0.0,0.0
1780080241267,2,12.00000015,Lower Delivery,Delivery,pitch.1,774591,-16.8965,-12.7124,81.3079,-202.309,122.4337,-14.9139,-0.1543,-0.255
1780080241267,2,12.00000018,Upper Delivery,Delivery,pitch.1,775878,8.5533,-4.2152,25.8262,92.4563,51.0699,-24.8562,-0.2027,0.327
1780080241267,2,Pitching Mound.Delivery,,Delivery,pitch.1,773966,-8.3432,-16.9275,107.1342,-90.9889,173.5036,-31.1171,-0.166,0.0614
1780080241267,2,Pitching Mound.Drive,,Delivery,pitch.1,775078,0.1846,0.0136,0.3046,0.0084,-0.0087,0.0083,0.0,0.0
1780080241267,2,Pitching Mound.Parent,,Delivery,pitch.1,773222,-8.1587,-16.914,107.4388,-90.9805,173.495,-31.1087,-0.1655,0.0612
1780080241268,2,11.0000004b,Drive,Delivery,pitch.1,775079,0.1804,0.0195,0.2921,0.0086,-0.0103,0.0078,0.0,0.0
1780080241268,2,12.00000015,Lower Delivery,Delivery,pitch.1,774592,-16.9001,-12.7086,81.3966,-202.3739,122.3609,-14.9082,-0.1541,-0.2548
1780080241268,2,12.00000015,Lower Delivery,Delivery,pitch.1,774593,-16.9269,-12.7051,81.5219,-202.7764,122.6073,-14.9021,-0.1542,-0.2549
1780080241268,2,12.00000018,Upper Delivery,Delivery,pitch.1,775879,8.5637,-4.2271,25.7638,92.4991,51.2576,-24.864,-0.2039,0.327
1780080241268,2,Pitching Mound.Delivery,,Delivery,pitch.1,773967,-8.3364,-16.9357,107.1604,-90.9596,173.6185,-31.1144,-0.1661,0.0616
1780080241268,2,Pitching Mound.Drive,,Delivery,pitch.1,775079,0.1804,0.0195,0.2921,0.0086,-0.0103,0.0078,0.0,0.0
1780080241268,2,Pitching Mound.Parent,,Delivery,pitch.1,773223,-8.156,-16.9162,107.4525,-90.9511,173.6082,-31.1067,-0.1656,0.0614
1780080241269,2,11.0000004b,Drive,Delivery,pitch.1,775080,0.1933,0.0232,0.3352,0.0088,-0.0102,0.0079,0.0,0.0
1780080241269,2,12.00000018,Upper Delivery,Delivery,pitch.1,775880,8.5862,-4.2355,25.7537,92.2275,51.2355,-24.8377,-0.2039,0.327
1780080241269,2,Pitching Mound.Delivery,,Delivery,pitch.1,773968,-8.3407,-16.9405,107.2756,-91.5877,173.8428,-31.0653,-0.1661,0.0615
1780080241269,2,Pitching Mound.Drive,,Delivery,pitch.1,775080,0.1933,0.0232,0.3352,0.0088,-0.0102,0.0079,0.0,0.0
1780080241269,2,Pitching Mound.Parent,,Delivery,pitch.1,773224,-8.1475,-16.9173,107.6108,-91.5789,173.8326,-31.0574,-0.1656,0.0613
1780080241270,2,11.0000004b,Drive,Delivery,pitch.1,775081,0.1597,0.0088,0.28,0.0087,-0.0119,0.0078,0.0,0.0
1780080241270,2,12.00000015,Lower Delivery,Delivery,pitch.1,774594,-16.9405,-12.7118,81.6246,-203.1879,122.7505,-14.8236,-0.1541,-0.2551
1780080241270,2,12.00000015,Lower Delivery,Delivery,pitch.1,774595,-16.928,-12.7359,81.6199,-203.5518,122.9599,-14.8157,-0.1544,-0.2556
1780080241270,2,12.00000018,Upper Delivery,Delivery,pitch.1,775881,8.578,-4.2179,25.7607,92.1069,50.991,-24.8817,-0.2029,0.327
1780080241270,2,Pitching Mound.Delivery,,Delivery,pitch.1,773969,-8.3625,-16.9297,107.3853,-92.0873,173.7415,-31.029,-0.1658,0.0614
1780080241270,2,Pitching Mound.Drive,,Delivery,pitch.1,775081,0.1597,0.0088,0.28,0.0087,-0.0119,0.0078,0.0,0.0
1780080241270,2,Pitching Mound.Parent,,Delivery,pitch.1,773225,-8.2027,-16.9209,107.6654,-92.0785,173.7296,-31.0212,-0.1654,0.0612
1780080241271,2,11.0000004b,Drive,Delivery,pitch.1,775082,0.1872,0.0166,0.3473,0.0081,-0.0135,0.0085,0.0,0.0
1780080241271,2,12.00000015,Lower Delivery,Delivery,pitch.1,774596,-16.9427,-12.7476,81.7294,-203.7942,122.9553,-14.805,-0.1542,-0.2556
1780080241271,2,12.00000018,Upper Delivery,Delivery,pitch.1,775882,8.589,-4.2294,25.6908,91.9871,51.0376,-24.9079,-0.2036,0.327
1780080241271,2,Pitching Mound.Delivery,,Delivery,pitch.1,773970,-8.3391,-16.9653,107.3107,-92.5487,173.9975,-31.0479,-0.1662,0.0611
1780080241271,2,Pitching Mound.Drive,,Delivery,pitch.1,775082,0.1872,0.0166,0.3473,0.0081,-0.0135,0.0085,0.0,0.0
1780080241271,2,Pitching Mound.Parent,,Delivery,pitch.1,773226,-8.1518,-16.9487,107.658,-92.5406,173.984,-31.0393,-0.1657,0.0609
1780080241272,2,11.0000004b,Drive,Delivery,pitch.1,775083,0.2,0.0018,0.3447,0.0092,-0.0133,0.008,0.0,0.0
1780080241272,2,12.00000015,Lower Delivery,Delivery,pitch.1,774597,-16.9648,-12.7428,81.8767,-204.3083,123.3397,-14.8117,-0.1544,-0.2558
1780080241272,2,12.00000018,Upper Delivery,Delivery,pitch.1,775883,8.6026,-4.2291,25.7267,91.9395,51.174,-24.906,-0.2039,0.327
1780080241272,2,Pitching Mound.Delivery,,Delivery,pitch.1,773971,-8.3401,-16.9767,107.4562,-92.8138,174.1293,-31.0256,-0.1661,0.0611
1780080241272,2,Pitching Mound.Drive,,Delivery,pitch.1,775083,0.2,0.0018,0.3447,0.0092,-0.0133,0.008,0.0,0.0
1780080241272,2,Pitching Mound.Parent,,Delivery,pitch.1,773227,-8.14,-16.9749,107.8009,-92.8045,174.116,-31.0176,-0.1656,0.0609
1780080241273,2,11.0000004b,Drive,Delivery,pitch.1,775084,0.1673,-0.0103,0.2799,0.0084,-0.0118,0.0084,0.0,0.0
1780080241273,2,12.00000015,Lower Delivery,Delivery,pitch.1,774598,-16.9615,-12.7444,82.0554,-204.6488,123.5105,-14.8863,-0.1543,-0.2556
1780080241273,2,12.00000018,Upper Delivery,Delivery,pitch.1,775884,8.6521,-4.2037,25.8064,91.9163,51.0821,-24.9292,-0.2029,0.327
1780080241273,2,Pitching Mound.Delivery,,Delivery,pitch.1,773972,-8.3127,-16.9465,107.6831,-93.3281,174.4219,-31.0311,-0.166,0.0609
1780080241273,2,Pitching Mound.Drive,,Delivery,pitch.1,775084,0.1673,-0.0103,0.2799,0.0084,-0.0118,0.0084,0.0,0.0
1780080241273,2,Pitching Mound.Parent,,Delivery,pitch.1,773228,-8.1454,-16.9567,107.963,-93.3196,174.4101,-31.0227,-0.1656,0.0608
1780080241274,2,11.0000004b,Drive,Delivery,pitch.1,775085,0.2102,-0.0206,0.319,0.0099,-0.0133,0.0083,0.0,0.0
1780080241274,2,12.00000015,Lower Delivery,Delivery,pitch.1,774599,-16.9707,-12.7293,82.214,-204.8575,123.7629,-14.9098,-0.1543,-0.2554
1780080241274,2,12.00000018,Upper Delivery,Delivery,pitch.1,775885,8.629,-4.2279,25.7728,91.9686,51.3415,-24.9469,-0.2042,0.327
1780080241274,2,Pitching Mound.Delivery,,Delivery,pitch.1,773973,-8.3325,-16.9723,107.8281,-93.5442,174.852,-31.1324,-0.1662,0.0611
1780080241274,2,Pitching Mound.Drive,,Delivery,pitch.1,775085,0.2102,-0.0206,0.319,0.0099,-0.0133,0.0083,0.0,0.0
1780080241274,2,Pitching Mound.Parent,,Delivery,pitch.1,773229,-8.1223,-16.9929,108.1471,-93.5342,174.8387,-31.1241,-0.1657,0.0609
1780080241275,2,11.0000004b,Drive,Delivery,pitch.1,775086,0.2159,-0.0239,0.3091,0.0125,-0.0301,0.0082,0.0,0.0
1780080241275,2,12.00000015,Lower Delivery,Delivery,pitch.1,774600,-16.9831,-12.7029,82.3367,-205.0218,123.8965,-14.941,-0.1542,-0.2552
1780080241275,2,12.00000018,Upper Delivery,Delivery,pitch.1,775886,8.6782,-4.193,25.8714,91.9755,51.4237,-24.9686,-0.2037,0.327
1780080241275,2,Pitching Mound.Delivery,,Delivery,pitch.1,773974,-8.2925,-16.9223,108.0854,-93.7255,175.1866,-31.1577,-0.1661,0.0612
1780080241275,2,Pitching Mound.Drive,,Delivery,pitch.1,775086,0.2159,-0.0239,0.3091,0.0125,-0.0301,0.0082,0.0,0.0
1780080241275,2,Pitching Mound.Parent,,Delivery,pitch.1,773230,-8.0766,-16.9462,108.3945,-93.713,175.1566,-31.1495,-0.1657,0.0611
1780080241276,2,11.0000004b,Drive,Delivery,pitch.1,775087,0.2365,-0.0145,0.3468,0.011,-0.0158,0.0075,0.0,0.0
1780080241276,2,12.00000015,Lower Delivery,Delivery,pitch.1,774601,-16.986,-12.6796,82.4643,-205.2574,124.1951,-14.9771,-0.1544,-0.2551
1780080241276,2,12.00000018,Upper Delivery,Delivery,pitch.1,775887,8.7277,-4.1624,25.9888,92.1101,51.4333,-24.9776,-0.2028,0.327
1780080241276,2,Pitching Mound.Delivery,,Delivery,pitch.1,773975,-8.2553,-16.8653,108.3256,-93.7534,175.3298,-31.1769,-0.1659,0.0613
1780080241276,2,Pitching Mound.Drive,,Delivery,pitch.1,775087,0.2365,-0.0145,0.3468,0.011,-0.0158,0.0075,0.0,0.0
1780080241276,2,Pitching Mound.Parent,,Delivery,pitch.1,773231,-8.0189,-16.8797,108.6723,-93.7425,175.3141,-31.1694,-0.1654,0.0611
1780080241277,2,11.0000004b,Drive,Delivery,pitch.1,775088,0.2258,-0.0292,0.295,0.0173,-0.0137,0.0085,0.0,0.0
1780080241277,2,12.00000015,Lower Delivery,Delivery,pitch.1,774602,-17.0001,-12.6284,82.5653,-205.5591,124.5281,-14.9952,-0.1546,-0.2552
1780080241277,2,12.00000018,Upper Delivery,Delivery,pitch.1,775888,8.6996,-4.1648,26.0166,92.2197,51.5419,-24.981,-0.2031,0.327
1780080241277,2,Pitching Mound.Delivery,,Delivery,pitch.1,773976,-8.2864,-16.8444,108.4809,-93.8455,175.737,-31.225,-0.166,0.0614
1780080241277,2,Pitching Mound.Drive,,Delivery,pitch.1,775088,0.2258,-0.0292,0.295,0.0173,-0.0137,0.0085,0.0,0.0
1780080241277,2,Pitching Mound.Parent,,Delivery,pitch.1,773232,-8.0606,-16.8736,108.7759,-93.8282,175.7233,-31.2166,-0.1656,0.0612
1780080241278,2,11.0000004b,Drive,Delivery,pitch.1,775089,0.2502,-0.0323,0.3083,0.0136,-0.0162,0.0086,0.0,0.0
1780080241278,2,12.00000015,Lower Delivery,Delivery,pitch.1,774603,-16.9991,-12.573,82.6491,-205.7676,124.6378,-15.0259,-0.1546,-0.2552
1780080241278,2,12.00000018,Upper Delivery,Delivery,pitch.1,775889,8.7313,-4.1431,26.0924,92.48,51.7204,-25.0007,-0.2032,0.327
1780080241278,2,Pitching Mound.Delivery,,Delivery,pitch.1,773977,-8.2688,-16.7715,108.6577,-93.8783,176.2486,-31.2472,-0.1663,0.0613
1780080241278,2,Pitching Mound.Drive,,Delivery,pitch.1,775089,0.2502,-0.0323,0.3083,0.0136,-0.0162,0.0086,0.0,0.0
1780080241278,2,Pitching Mound.Parent,,Delivery,pitch.1,773233,-8.0186,-16.8038,108.9661,-93.8647,176.2323,-31.2387,-0.1658,0.0612
1780080241279,2,11.0000004b,Drive,Delivery,pitch.1,775090,0.2482,-0.0476,0.2787,0.0252,-0.017,0.0079,0.0,0.0
1780080241279,2,12.00000015,Lower Delivery,Delivery,pitch.1,774604,-16.9918,-12.5257,82.7744,-205.8206,124.7109,-15.0327,-0.1544,-0.2549
1780080241279,2,12.00000018,Upper Delivery,Delivery,pitch.1,775890,8.7447,-4.1405,26.1928,92.6626,51.8388,-25.0015,-0.2029,0.327
1780080241279,2,Pitching Mound.Delivery,,Delivery,pitch.1,773978,-8.2544,-16.7135,108.8419,-93.9099,176.4766,-31.2745,-0.1662,0.0613
1780080241279,2,Pitching Mound.Drive,,Delivery,pitch.1,775090,0.2482,-0.0476,0.2787,0.0252,-0.017,0.0079,0.0,0.0
1780080241279,2,Pitching Mound.Parent,,Delivery,pitch.1,773234,-8.0063,-16.7611,109.1206,-93.8846,176.4596,-31.2665,-0.1658,0.0611
1780080241280,2,11.0000004b,Drive,Delivery,pitch.1,775091,0.2432,-0.0615,0.239,0.02,-0.0055,0.009,0.0,0.0
1780080241280,2,12.00000015,Lower Delivery,Delivery,pitch.1,774605,-16.9982,-12.478,82.8657,-206.077,124.6978,-15.1069,-0.1542,-0.2549
1780080241280,2,12.00000018,Upper Delivery,Delivery,pitch.1,775891,8.7605,-4.1205,26.241,92.8919,52.0413,-25.04,-0.2033,0.327
1780080241280,2,Pitching Mound.Delivery,,Delivery,pitch.1,773979,-8.2314,-16.6462,109.0154,-93.7074,176.7522,-31.3169,-0.1662,0.0615
1780080241280,2,Pitching Mound.Drive,,Delivery,pitch.1,775091,0.2432,-0.0615,0.239,0.02,-0.0055,0.009,0.0,0.0
1780080241280,2,Pitching Mound.Parent,,Delivery,pitch.1,773235,-7.9882,-16.7077,109.2544,-93.6873,176.7467,-31.3079,-0.1658,0.0614
1780080241281,2,11.0000004b,Drive,Delivery,pitch.1,775092,0.2527,-0.0639,0.255,0.0233,-0.0019,0.0097,0.0,0.0
1780080241281,2,12.00000015,Lower Delivery,Delivery,pitch.1,774606,-17.0297,-12.3972,82.9419,-206.3555,124.9104,-15.1777,-0.1544,-0.255
1780080241281,2,12.00000018,Upper Delivery,Delivery,pitch.1,775892,8.8053,-4.1201,26.3783,93.2227,52.3067,-25.0611,-0.2032,0.327
1780080241281,2,Pitching Mound.Delivery,,Delivery,pitch.1,773980,-8.1929,-16.5982,109.244,-93.6487,177.0045,-31.3948,-0.1661,0.0614
1780080241281,2,Pitching Mound.Drive,,Delivery,pitch.1,775092,0.2527,-0.0639,0.255,0.0233,-0.0019,0.0097,0.0,0.0
1780080241281,2,Pitching Mound.Parent,,Delivery,pitch.1,773236,-7.9401,-16.6621,109.499,-93.6254,177.0026,-31.3851,-0.1657,0.0613
1780080241282,2,11.0000004b,Drive,Delivery,pitch.1,775093,0.2368,-0.0596,0.2352,0.0278,-0.0056,0.0082,0.0,0.0
1780080241282,2,12.00000015,Lower Delivery,Delivery,pitch.1,774607,-17.0376,-12.3494,82.941,-206.5857,124.9553,-15.2396,-0.1544,-0.2553
1780080241282,2,12.00000018,Upper Delivery,Delivery,pitch.1,775893,8.7918,-4.0886,26.4603,93.5003,52.4418,-25.0247,-0.2031,0.327
1780080241282,2,Pitching Mound.Delivery,,Delivery,pitch.1,773981,-8.2378,-16.4858,109.4022,-93.6514,177.3521,-31.4231,-0.1662,0.0613
1780080241282,2,Pitching Mound.Drive,,Delivery,pitch.1,775093,0.2368,-0.0596,0.2352,0.0278,-0.0056,0.0082,0.0,0.0
1780080241282,2,Pitching Mound.Parent,,Delivery,pitch.1,773237,-8.0011,-16.5454,109.6374,-93.6235,177.3466,-31.4149,-0.1658,0.0612
1780080241283,2,11.0000004b,Drive,Delivery,pitch.1,775094,0.229,-0.0552,0.2517,0.0232,-0.0064,0.0083,0.0,0.0
1780080241283,2,11.0000004b,Drive,Delivery,pitch.1,775095,0.2137,-0.054,0.2266,0.02,-0.007,0.0096,0.0,0.0
1780080241283,2,12.00000015,Lower Delivery,Delivery,pitch.1,774608,-17.0394,-12.3014,82.936,-206.7635,124.9682,-15.3383,-0.1544,-0.2555
1780080241283,2,12.00000018,Upper Delivery,Delivery,pitch.1,775894,8.8071,-4.0849,26.5419,93.4703,52.502,-25.0816,-0.2027,0.327
1780080241283,2,Pitching Mound.Delivery,,Delivery,pitch.1,773982,-8.2304,-16.4343,109.4828,-93.9397,177.4573,-31.534,-0.1661,0.061
1780080241283,2,Pitching Mound.Drive,,Delivery,pitch.1,775094,0.229,-0.0552,0.2517,0.0232,-0.0064,0.0083,0.0,0.0
1780080241283,2,Pitching Mound.Drive,,Delivery,pitch.1,775095,0.2137,-0.054,0.2266,0.02,-0.007,0.0096,0.0,0.0
1780080241283,2,Pitching Mound.Parent,,Delivery,pitch.1,773238,-8.0014,-16.4895,109.7345,-93.9165,177.4509,-31.5257,-0.1657,0.0609
1780080241284,2,12.00000015,Lower Delivery,Delivery,pitch.1,774609,-17.0407,-12.2756,82.8931,-206.7615,125.0537,-15.4454,-0.1546,-0.2557
1780080241284,2,12.00000018,Upper Delivery,Delivery,pitch.1,775895,8.7967,-4.0754,26.4981,93.6056,52.6433,-25.0865,-0.2036,0.327
1780080241284,2,Pitching Mound.Delivery,,Delivery,pitch.1,773983,-8.2427,-16.3768,109.4341,-93.969,177.6115,-31.6406,-0.1663,0.0609
1780080241284,2,Pitching Mound.Parent,,Delivery,pitch.1,773239,-8.0289,-16.4307,109.6606,-93.949,177.6044,-31.631,-0.166,0.0608
1780080241285,2,11.0000004b,Drive,Delivery,pitch.1,775097,0.2003,-0.0454,0.2366,0.0134,-0.0122,0.0096,0.0,0.0
1780080241285,2,11.0000004b,Drive,Delivery,pitch.1,775096,0.2122,-0.0505,0.251,0.0062,-0.0155,0.0104,0.0,0.0
1780080241285,2,12.00000015,Lower Delivery,Delivery,pitch.1,774610,-17.064,-12.225,82.8577,-207.0024,125.0243,-15.5659,-0.1547,-0.2561
1780080241285,2,12.00000018,Upper Delivery,Delivery,pitch.1,775896,8.846,-4.0501,26.5811,93.6407,52.7175,-25.0876,-0.2033,0.327
1780080241285,2,Pitching Mound.Delivery,,Delivery,pitch.1,773984,-8.1947,-16.3258,109.4743,-93.9747,177.7712,-31.7314,-0.1664,0.0607
1780080241285,2,Pitching Mound.Drive,,Delivery,pitch.1,775097,0.2003,-0.0454,0.2366,0.0134,-0.0122,0.0096,0.0,0.0
1780080241285,2,Pitching Mound.Drive,,Delivery,pitch.1,775096,0.2122,-0.0505,0.251,0.0062,-0.0155,0.0104,0.0,0.0
1780080241285,2,Pitching Mound.Parent,,Delivery,pitch.1,773240,-7.9824,-16.3762,109.7253,-93.9685,177.7557,-31.721,-0.1661,0.0606
1780080241286,2,11.0000004b,Drive,Delivery,pitch.1,775098,0.1789,-0.0412,0.2153,0.0071,-0.0107,0.0109,0.0,0.0
1780080241286,2,12.00000015,Lower Delivery,Delivery,pitch.1,774611,-17.0652,-12.2024,82.8155,-206.9833,124.9245,-15.6823,-0.1546,-0.2562
1780080241286,2,12.00000018,Upper Delivery,Delivery,pitch.1,775897,8.8312,-4.0478,26.603,93.7001,52.7842,-25.0844,-0.2034,0.327
1780080241286,2,Pitching Mound.Delivery,,Delivery,pitch.1,773985,-8.2328,-16.2728,109.4607,-94.1757,177.8085,-31.846,-0.1665,0.0604
1780080241286,2,Pitching Mound.Drive,,Delivery,pitch.1,775098,0.1789,-0.0412,0.2153,0.0071,-0.0107,0.0109,0.0,0.0
1780080241286,2,Pitching Mound.Parent,,Delivery,pitch.1,773241,-8.0324,-16.3182,109.6973,-94.1623,177.7963,-31.8364,-0.1661,0.0603
1780080241287,2,12.00000015,Lower Delivery,Delivery,pitch.1,774612,-17.0868,-12.1644,82.9166,-207.2356,125.1874,-15.8286,-0.1547,-0.2562
1780080241287,2,12.00000018,Upper Delivery,Delivery,pitch.1,775898,8.8236,-4.0465,26.6171,93.7782,52.801,-25.1024,-0.2033,0.327
1780080241287,2,Pitching Mound.Delivery,,Delivery,pitch.1,773986,-8.2416,-16.2489,109.4327,-94.0976,177.7255,-31.9824,-0.1665,0.0603
1780080241287,2,Pitching Mound.Parent,,Delivery,pitch.1,773242,-8.0627,-16.2901,109.648,-94.0905,177.7148,-31.9715,-0.1661,0.0602
1780080241288,2,11.0000004b,Drive,Delivery,pitch.1,775099,0.1808,-0.0392,0.2391,0.006,-0.0128,0.01,0.0,0.0
1780080241288,2,12.00000015,Lower Delivery,Delivery,pitch.1,774613,-17.0888,-12.124,82.8624,-207.4619,125.3839,-16.0243,-0.1551,-0.2566
1780080241288,2,12.00000018,Upper Delivery,Delivery,pitch.1,775899,8.8668,-4.0366,26.6826,93.9449,52.8717,-25.1249,-0.2031,0.327
1780080241288,2,Pitching Mound.Delivery,,Delivery,pitch.1,773987,-8.22,-16.201,109.5991,-94.1711,178.0591,-32.1293,-0.1665,0.0603
1780080241288,2,Pitching Mound.Drive,,Delivery,pitch.1,775099,0.1808,-0.0392,0.2391,0.006,-0.0128,0.01,0.0,0.0
1780080241288,2,Pitching Mound.Parent,,Delivery,pitch.1,773243,-8.0392,-16.2401,109.8382,-94.1651,178.0462,-32.1193,-0.1662,0.0601
1780080241289,2,11.0000004b,Drive,Delivery,pitch.1,775100,0.1768,-0.0405,0.2318,0.0049,-0.0092,0.0106,0.0,0.0
1780080241289,2,12.00000015,Lower Delivery,Delivery,pitch.1,774614,-17.1229,-12.0807,82.9652,-207.6974,125.5207,-16.157,-0.1551,-0.2566
1780080241289,2,12.00000018,Upper Delivery,Delivery,pitch.1,775900,8.8419,-4.0416,26.6443,94.025,52.8859,-25.0971,-0.2034,0.327
1780080241289,2,Pitching Mound.Delivery,,Delivery,pitch.1,773988,-8.2469,-16.1656,109.5067,-94.3228,178.2698,-32.305,-0.1669,0.0599
1780080241289,2,Pitching Mound.Drive,,Delivery,pitch.1,775100,0.1768,-0.0405,0.2318,0.0049,-0.0092,0.0106,0.0,0.0
1780080241289,2,Pitching Mound.Parent,,Delivery,pitch.1,773244,-8.07,-16.2061,109.7385,-94.3179,178.2607,-32.2944,-0.1665,0.0598
1780080241290,2,11.0000004b,Drive,Delivery,pitch.1,775101,0.1778,-0.042,0.2197,0.0061,-0.007,0.0103,0.0,0.0
1780080241290,2,11.0000004b,Drive,Delivery,pitch.1,775102,0.1865,-0.0401,0.2671,0.0062,-0.0036,0.0108,0.0,0.0
1780080241290,2,12.00000015,Lower Delivery,Delivery,pitch.1,774615,-17.1526,-12.0222,82.8924,-207.6696,125.515,-16.3207,-0.1552,-0.2568
1780080241290,2,12.00000018,Upper Delivery,Delivery,pitch.1,775901,8.8269,-4.0275,26.6684,94.228,52.9822,-25.1154,-0.2036,0.327
1780080241290,2,Pitching Mound.Delivery,,Delivery,pitch.1,773989,-8.296,-16.1082,109.6336,-94.3285,178.5029,-32.4495,-0.1669,0.06
1780080241290,2,Pitching Mound.Drive,,Delivery,pitch.1,775101,0.1778,-0.042,0.2197,0.0061,-0.007,0.0103,0.0,0.0
1780080241290,2,Pitching Mound.Drive,,Delivery,pitch.1,775102,0.1865,-0.0401,0.2671,0.0062,-0.0036,0.0108,0.0,0.0
1780080241290,2,Pitching Mound.Parent,,Delivery,pitch.1,773245,-8.1182,-16.1502,109.8533,-94.3224,178.4959,-32.4392,-0.1665,0.0598
1780080241291,2,11.0000004b,Drive,Delivery,pitch.1,775103,0.1975,-0.0437,0.2691,0.0069,-0.0058,0.0106,0.0,0.0
1780080241291,2,12.00000015,Lower Delivery,Delivery,pitch.1,774616,-17.1951,-11.9741,82.9164,-207.9446,125.7103,-16.4209,-0.1554,-0.257
1780080241291,2,12.00000018,Upper Delivery,Delivery,pitch.1,775902,8.806,-4.028,26.6451,94.2783,52.9633,-25.1114,-0.2037,0.327
1780080241291,2,Pitching Mound.Delivery,,Delivery,pitch.1,773990,-8.3466,-16.0502,109.5375,-94.2672,178.4783,-32.6061,-0.167,0.0598
1780080241291,2,Pitching Mound.Drive,,Delivery,pitch.1,775103,0.1975,-0.0437,0.2691,0.0069,-0.0058,0.0106,0.0,0.0
1780080241291,2,Pitching Mound.Parent,,Delivery,pitch.1,773246,-8.1601,-16.0903,109.8046,-94.261,178.4747,-32.5954,-0.1666,0.0597
1780080241292,2,12.00000015,Lower Delivery,Delivery,pitch.1,774617,-17.1939,-11.9223,82.9377,-208.0229,125.7503,-16.5549,-0.1554,-0.2571
1780080241292,2,12.00000018,Upper Delivery,Delivery,pitch.1,775903,8.8108,-4.0209,26.6068,94.3599,52.8504,-25.1342,-0.2036,0.327
1780080241292,2,Pitching Mound.Delivery,,Delivery,pitch.1,773991,-8.3843,-15.9949,109.5233,-94.4394,178.5607,-32.713,-0.1671,0.0597
1780080241292,2,Pitching Mound.Parent,,Delivery,pitch.1,773247,-8.1869,-16.0386,109.7924,-94.4325,178.5549,-32.7024,-0.1667,0.0595
1780080241293,2,11.0000004b,Drive,Delivery,pitch.1,775104,0.2107,-0.0459,0.2879,0.0073,-0.0054,0.0111,0.0,0.0
1780080241293,2,12.00000015,Lower Delivery,Delivery,pitch.1,774618,-17.2418,-11.8718,82.9508,-208.1393,125.8145,-16.6469,-0.1555,-0.2572
1780080241293,2,12.00000018,Upper Delivery,Delivery,pitch.1,775904,8.8235,-4.0192,26.6572,94.351,52.7781,-25.118,-0.2029,0.327
1780080241293,2,Pitching Mound.Delivery,,Delivery,pitch.1,773992,-8.3704,-15.9415,109.5949,-94.5366,178.5284,-32.827,-0.167,0.0596
1780080241293,2,Pitching Mound.Drive,,Delivery,pitch.1,775104,0.2107,-0.0459,0.2879,0.0073,-0.0054,0.0111,0.0,0.0
1780080241293,2,Pitching Mound.Parent,,Delivery,pitch.1,773248,-8.1597,-15.9874,109.8828,-94.5294,178.5229,-32.8159,-0.1665,0.0594
1780080241294,2,11.0000004b,Drive,Delivery,pitch.1,775105,0.2349,-0.0402,0.3254,0.0081,-0.0051,0.0108,0.0,0.0
1780080241294,2,11.0000004b,Drive,Delivery,pitch.1,775106,0.2429,-0.0394,0.344,0.0119,-0.0052,0.0108,0.0,0.0
1780080241294,2,12.00000015,Lower Delivery,Delivery,pitch.1,774619,-17.2803,-11.821,82.9303,-208.0806,125.6587,-16.7686,-0.1553,-0.2572
1780080241294,2,12.00000018,Upper Delivery,Delivery,pitch.1,775905,8.7721,-4.0143,26.5978,94.7353,53.0278,-25.1299,-0.2043,0.327
1780080241294,2,Pitching Mound.Delivery,,Delivery,pitch.1,773993,-8.4697,-15.8861,109.5486,-94.244,178.8423,-32.9321,-0.1673,0.0596
1780080241294,2,Pitching Mound.Drive,,Delivery,pitch.1,775105,0.2349,-0.0402,0.3254,0.0081,-0.0051,0.0108,0.0,0.0
1780080241294,2,Pitching Mound.Drive,,Delivery,pitch.1,775106,0.2429,-0.0394,0.344,0.0119,-0.0052,0.0108,0.0,0.0
1780080241294,2,Pitching Mound.Parent,,Delivery,pitch.1,773249,-8.2348,-15.9263,109.874,-94.2359,178.8372,-32.9214,-0.1668,0.0594
1780080241295,2,11.0000004b,Drive,Delivery,pitch.1,775107,0.24,-0.0422,0.3332,0.0101,-0.0051,0.0098,0.0,0.0
1780080241295,2,12.00000015,Lower Delivery,Delivery,pitch.1,774620,-17.2991,-11.7732,83.0272,-208.4017,125.7676,-16.9715,-0.1553,-0.2573
1780080241295,2,12.00000018,Upper Delivery,Delivery,pitch.1,775906,8.791,-3.9939,26.6654,94.8392,53.1517,-25.1368,-0.2043,0.327
1780080241295,2,Pitching Mound.Delivery,,Delivery,pitch.1,773994,-8.4893,-15.8149,109.5957,-94.1114,178.8104,-33.0412,-0.1672,0.0595
1780080241295,2,Pitching Mound.Drive,,Delivery,pitch.1,775107,0.24,-0.0422,0.3332,0.0101,-0.0051,0.0098,0.0,0.0
1780080241295,2,Pitching Mound.Parent,,Delivery,pitch.1,773250,-8.2464,-15.8543,109.9397,-94.0995,178.8052,-33.0304,-0.1667,0.0593
1780080241296,2,11.0000004b,Drive,Delivery,pitch.1,775108,0.2443,-0.054,0.2952,0.0161,-0.004,0.01,0.0,0.0
1780080241296,2,12.00000015,Lower Delivery,Delivery,pitch.1,774621,-17.3217,-11.7259,83.0898,-208.4131,125.7937,-17.0995,-0.1552,-0.2571
1780080241296,2,12.00000018,Upper Delivery,Delivery,pitch.1,775907,8.7589,-3.9873,26.6992,95.025,53.2715,-25.1296,-0.2045,0.327
1780080241296,2,Pitching Mound.Delivery,,Delivery,pitch.1,773995,-8.5402,-15.7606,109.7264,-94.2252,179.0391,-33.2414,-0.1672,0.0594
1780080241296,2,Pitching Mound.Drive,,Delivery,pitch.1,775108,0.2443,-0.054,0.2952,0.0161,-0.004,0.01,0.0,0.0
1780080241296,2,Pitching Mound.Parent,,Delivery,pitch.1,773251,-8.3002,-15.8027,110.0597,-94.215,179.034,-33.2316,-0.1667,0.0593
1780080241297,2,11.0000004b,Drive,Delivery,pitch.1,775109,0.2454,-0.0535,0.3166,0.0253,-0.0079,0.0083,0.0,0.0
1780080241297,2,12.00000015,Lower Delivery,Delivery,pitch.1,774622,-17.3499,-11.6814,83.115,-208.395,125.6073,-17.2913,-0.1549,-0.257
1780080241297,2,12.00000018,Upper Delivery,Delivery,pitch.1,775908,8.7587,-3.9828,26.7561,95.2109,53.4527,-25.1473,-0.2048,0.327
1780080241297,2,Pitching Mound.Delivery,,Delivery,pitch.1,773996,-8.563,-15.7087,109.8459,-94.0487,179.2464,-33.3795,-0.1673,0.0596
1780080241297,2,Pitching Mound.Drive,,Delivery,pitch.1,775109,0.2454,-0.0535,0.3166,0.0253,-0.0079,0.0083,0.0,0.0
1780080241297,2,Pitching Mound.Parent,,Delivery,pitch.1,773252,-8.3187,-15.7627,110.1411,-94.0326,179.2424,-33.3696,-0.1668,0.0594
1780080241298,2,11.0000004b,Drive,Delivery,pitch.1,775110,0.2405,-0.0548,0.304,0.0308,-0.0071,0.0085,0.0,0.0
1780080241298,2,12.00000015,Lower Delivery,Delivery,pitch.1,774623,-17.3933,-11.6365,83.1097,-208.335,125.5898,-17.4764,-0.1549,-0.2569
1780080241298,2,12.00000018,Upper Delivery,Delivery,pitch.1,775909,8.7589,-3.9657,26.7426,95.2587,53.5432,-25.1619,-0.2052,0.327
1780080241298,2,Pitching Mound.Delivery,,Delivery,pitch.1,773997,-8.5911,-15.6471,109.8577,-93.9697,179.1505,-33.5762,-0.1671,0.0596
1780080241298,2,Pitching Mound.Drive,,Delivery,pitch.1,775110,0.2405,-0.0548,0.304,0.0308,-0.0071,0.0085,0.0,0.0
1780080241298,2,Pitching Mound.Parent,,Delivery,pitch.1,773253,-8.3456,-15.7006,110.1743,-93.9443,179.1425,-33.5679,-0.1667,0.0595
1780080241299,2,11.0000004b,Drive,Delivery,pitch.1,775111,0.2564,-0.0549,0.3128,0.0327,-0.0093,0.0091,0.0,0.0
1780080241299,2,12.00000015,Lower Delivery,Delivery,pitch.1,774624,-17.4064,-11.599,83.0697,-208.0326,125.4326,-17.7353,-0.1548,-0.2567
1780080241299,2,12.00000018,Upper Delivery,Delivery,pitch.1,775910,8.7327,-3.9376,26.7393,95.4138,53.7081,-25.1687,-0.2059,0.327
1780080241299,2,Pitching Mound.Delivery,,Delivery,pitch.1,773998,-8.6606,-15.5741,109.849,-93.7553,179.2979,-33.7623,-0.1673,0.0597
1780080241299,2,Pitching Mound.Drive,,Delivery,pitch.1,775111,0.2564,-0.0549,0.3128,0.0327,-0.0093,0.0091,0.0,0.0
1780080241299,2,Pitching Mound.Parent,,Delivery,pitch.1,773254,-8.4201,-15.6288,110.1529,-93.7245,179.2908,-33.7538,-0.1668,0.0595
1780080241300,2,11.0000004b,Drive,Delivery,pitch.1,775112,0.2608,-0.055,0.3184,0.0148,-0.0075,0.0095,0.0,0.0
1780080241300,2,12.00000015,Lower Delivery,Delivery,pitch.1,774625,-17.4291,-11.547,83.0297,-207.8336,125.1849,-17.9671,-0.1545,-0.2566
1780080241300,2,12.00000018,Upper Delivery,Delivery,pitch.1,775911,8.7369,-3.9017,26.8325,95.3377,53.751,-25.2238,-0.2053,0.327
1780080241300,2,Pitching Mound.Delivery,,Delivery,pitch.1,773999,-8.6695,-15.5008,109.9021,-93.5742,179.1835,-34.0704,-0.1671,0.0598
1780080241300,2,Pitching Mound.Drive,,Delivery,pitch.1,775112,0.2608,-0.055,0.3184,0.0148,-0.0075,0.0095,0.0,0.0
1780080241300,2,Pitching Mound.Parent,,Delivery,pitch.1,773255,-8.413,-15.5557,110.215,-93.5415,179.1742,-34.0613,-0.1666,0.0596
1780080241301,2,11.0000004b,Drive,Delivery,pitch.1,775113,0.2199,-0.0518,0.2559,0.0224,-0.0065,0.0095,0.0,0.0
1780080241301,2,12.00000015,Lower Delivery,Delivery,pitch.1,774626,-17.4653,-11.4814,83.0381,-207.8034,125.0764,-18.1884,-0.1544,-0.2565
1780080241301,2,12.00000018,Upper Delivery,Delivery,pitch.1,775912,8.7189,-3.8879,26.7731,95.4374,53.9371,-25.2728,-0.2065,0.327
1780080241301,2,Pitching Mound.Delivery,,Delivery,pitch.1,774000,-8.7102,-15.4349,109.8028,-93.2689,179.122,-34.3497,-0.1672,0.0599
1780080241301,2,Pitching Mound.Drive,,Delivery,pitch.1,775113,0.2199,-0.0518,0.2559,0.0224,-0.0065,0.0095,0.0,0.0
1780080241301,2,Pitching Mound.Parent,,Delivery,pitch.1,773256,-8.4494,-15.4899,110.1213,-93.2541,179.1144,-34.3402,-0.1667,0.0598
1780080241302,2,11.0000004b,Drive,Delivery,pitch.1,775114,0.2116,-0.054,0.2186,0.0213,-0.0031,0.0108,0.0,0.0
1780080241302,2,12.00000015,Lower Delivery,Delivery,pitch.1,774627,-17.4991,-11.4108,82.9431,-207.6088,124.562,-18.4185,-0.1539,-0.2565
1780080241302,2,12.00000018,Upper Delivery,Delivery,pitch.1,775913,8.7399,-3.8477,26.9128,95.3778,53.8094,-25.3002,-0.2049,0.327
1780080241302,2,Pitching Mound.Delivery,,Delivery,pitch.1,774001,-8.7253,-15.3292,109.9508,-93.3429,178.8858,-34.5788,-0.1668,0.0599
1780080241302,2,Pitching Mound.Drive,,Delivery,pitch.1,775114,0.2116,-0.054,0.2186,0.0213,-0.0031,0.0108,0.0,0.0
1780080241302,2,Pitching Mound.Parent,,Delivery,pitch.1,773257,-8.5054,-15.381,110.2067,-93.3205,178.8793,-34.5693,-0.1664,0.0598
1780080241303,2,11.0000004b,Drive,Delivery,pitch.1,775115,0.1914,-0.0468,0.2143,0.0124,-0.0005,0.0095,0.0,0.0
1780080241303,2,12.00000015,Lower Delivery,Delivery,pitch.1,774628,-17.5168,-11.3309,82.8769,-207.4072,124.4625,-18.7001,-0.1539,-0.2565
1780080241303,2,12.00000018,Upper Delivery,Delivery,pitch.1,775914,8.731,-3.8066,26.9557,95.3841,53.9189,-25.3215,-0.205,0.327
1780080241303,2,Pitching Mound.Delivery,,Delivery,pitch.1,774002,-8.7681,-15.2174,109.8987,-93.189,178.481,-34.8218,-0.1665,0.0598
1780080241303,2,Pitching Mound.Drive,,Delivery,pitch.1,775115,0.1914,-0.0468,0.2143,0.0124,-0.0005,0.0095,0.0,0.0
1780080241303,2,Pitching Mound.Parent,,Delivery,pitch.1,773258,-8.5565,-15.2714,110.1173,-93.1677,178.4779,-34.811,-0.1661,0.0597
1780080241304,2,11.0000004b,Drive,Delivery,pitch.1,775116,0.1905,-0.0423,0.2326,0.0109,0.0023,0.0105,0.0,0.0
1780080241304,2,12.00000015,Lower Delivery,Delivery,pitch.1,774629,-17.5262,-11.2549,82.8032,-207.3345,124.3394,-18.948,-0.1539,-0.2566
1780080241304,2,12.00000018,Upper Delivery,Delivery,pitch.1,775915,8.7308,-3.7632,26.9712,95.5127,53.9916,-25.377,-0.2052,0.327
1780080241304,2,Pitching Mound.Delivery,,Delivery,pitch.1,774003,-8.786,-15.094,109.8481,-92.8865,178.4541,-35.1529,-0.1665,0.0598
1780080241304,2,Pitching Mound.Drive,,Delivery,pitch.1,775116,0.1905,-0.0423,0.2326,0.0109,0.0023,0.0105,0.0,0.0
1780080241304,2,Pitching Mound.Parent,,Delivery,pitch.1,773259,-8.5947,-15.1409,110.0624,-92.8742,178.4536,-35.1434,-0.1662,0.0597
1780080241305,2,11.0000004b,Drive,Delivery,pitch.1,775117,0.1728,-0.0371,0.2156,0.0104,0.0008,0.0093,0.0,0.0
1780080241305,2,12.00000015,Lower Delivery,Delivery,pitch.1,774630,-17.5525,-11.1618,82.6839,-207.2654,124.133,-19.1987,-0.1539,-0.2569
1780080241305,2,12.00000018,Upper Delivery,Delivery,pitch.1,775916,8.7528,-3.7379,26.9992,95.3455,54.0235,-25.4058,-0.2051,0.327
1780080241305,2,Pitching Mound.Delivery,,Delivery,pitch.1,774004,-8.7735,-14.9929,109.8024,-93.0156,178.363,-35.4189,-0.1665,0.0597
1780080241305,2,Pitching Mound.Drive,,Delivery,pitch.1,775117,0.1728,-0.0371,0.2156,0.0104,0.0008,0.0093,0.0,0.0
1780080241305,2,Pitching Mound.Parent,,Delivery,pitch.1,773260,-8.583,-15.0351,110.035,-93.0048,178.3652,-35.4085,-0.1661,0.0595
1780080241306,2,11.0000004b,Drive,Delivery,pitch.1,775118,0.2179,-0.0527,0.2555,0.0167,0.0001,0.0083,0.0,0.0
1780080241306,2,12.00000015,Lower Delivery,Delivery,pitch.1,774631,-17.5694,-11.0611,82.5641,-207.222,124.2263,-19.4528,-0.1542,-0.2572
1780080241306,2,12.00000018,Upper Delivery,Delivery,pitch.1,775917,8.7326,-3.7009,27.0181,95.2384,54.0242,-25.4285,-0.2049,0.327
1780080241306,2,Pitching Mound.Delivery,,Delivery,pitch.1,774005,-8.8199,-14.8627,109.702,-93.1005,178.1572,-35.6903,-0.1665,0.0594
1780080241306,2,Pitching Mound.Drive,,Delivery,pitch.1,775118,0.2179,-0.0527,0.2555,0.0167,0.0001,0.0083,0.0,0.0
1780080241306,2,Pitching Mound.Parent,,Delivery,pitch.1,773261,-8.6471,-14.8998,109.9176,-93.0901,178.158,-35.681,-0.1661,0.0593
1780080241307,2,11.0000004b,Drive,Delivery,pitch.1,775119,0.2106,-0.0496,0.2526,0.0061,0.0044,0.0105,0.0,0.0
1780080241307,2,12.00000015,Lower Delivery,Delivery,pitch.1,774632,-17.5845,-10.9422,82.5062,-207.0784,124.2426,-19.693,-0.1543,-0.2572
1780080241307,2,12.00000018,Upper Delivery,Delivery,pitch.1,775918,8.7524,-3.6558,27.0202,95.2839,53.9919,-25.4824,-0.2048,0.327
1780080241307,2,Pitching Mound.Delivery,,Delivery,pitch.1,774006,-8.817,-14.7169,109.5843,-93.0531,178.2182,-35.9858,-0.1667,0.0592
1780080241307,2,Pitching Mound.Drive,,Delivery,pitch.1,775119,0.2106,-0.0496,0.2526,0.0061,0.0044,0.0105,0.0,0.0
1780080241307,2,Pitching Mound.Parent,,Delivery,pitch.1,773262,-8.5991,-14.7696,109.8398,-93.0364,178.2184,-35.9774,-0.1663,0.059
1780080241308,2,11.0000004b,Drive,Delivery,pitch.1,775120,0.2103,-0.0513,0.242,0.0096,0.0049,0.0104,0.0,0.0
1780080241308,2,12.00000015,Lower Delivery,Delivery,pitch.1,774633,-17.6025,-10.8463,82.4324,-207.2431,124.3295,-19.9864,-0.1546,-0.2577
1780080241308,2,12.00000018,Upper Delivery,Delivery,pitch.1,775919,8.7544,-3.6421,27.0393,95.3621,54.0471,-25.4891,-0.2049,0.327
1780080241308,2,Pitching Mound.Delivery,,Delivery,pitch.1,774007,-8.8301,-14.5843,109.5455,-92.8575,178.2897,-36.2269,-0.1668,0.0591
1780080241308,2,Pitching Mound.Drive,,Delivery,pitch.1,775120,0.2103,-0.0513,0.242,0.0096,0.0049,0.0104,0.0,0.0
1780080241308,2,Pitching Mound.Parent,,Delivery,pitch.1,773263,-8.6195,-14.6339,109.7981,-92.8514,178.2941,-36.2164,-0.1664,0.059
1780080241309,2,11.0000004b,Drive,Delivery,pitch.1,775121,0.2228,-0.051,0.2781,0.0056,0.0055,0.0104,0.0,0.0
1780080241309,2,12.00000015,Lower Delivery,Delivery,pitch.1,774634,-17.6059,-10.7499,82.3209,-206.9485,124.1423,-20.2182,-0.1546,-0.2577
1780080241309,2,12.00000018,Upper Delivery,Delivery,pitch.1,775920,8.7863,-3.5976,27.105,95.3496,54.0676,-25.5036,-0.2045,0.327
1780080241309,2,Pitching Mound.Delivery,,Delivery,pitch.1,774008,-8.8162,-14.4439,109.5374,-93.0822,178.397,-36.5178,-0.1669,0.0587
1780080241309,2,Pitching Mound.Drive,,Delivery,pitch.1,775121,0.2228,-0.051,0.2781,0.0056,0.0055,0.0104,0.0,0.0
1780080241309,2,Pitching Mound.Parent,,Delivery,pitch.1,773264,-8.6059,-14.4952,109.7794,-93.0726,178.4019,-36.5074,-0.1666,0.0586
1780080241310,2,11.0000004b,Drive,Delivery,pitch.1,775122,0.212,-0.0517,0.2376,0.0061,0.0081,0.0098,0.0,0.0
1780080241310,2,12.00000015,Lower Delivery,Delivery,pitch.1,774635,-17.611,-10.6368,82.2915,-206.9927,124.0965,-20.4072,-0.1546,-0.2578
1780080241310,2,12.00000018,Upper Delivery,Delivery,pitch.1,775921,8.8176,-3.5748,27.1736,95.2906,54.0443,-25.5313,-0.2038,0.327
1780080241310,2,Pitching Mound.Delivery,,Delivery,pitch.1,774009,-8.7883,-14.3247,109.4945,-92.9078,178.1865,-36.7655,-0.1668,0.0587
1780080241310,2,Pitching Mound.Drive,,Delivery,pitch.1,775122,0.212,-0.0517,0.2376,0.0061,0.0081,0.0098,0.0,0.0
1780080241310,2,Pitching Mound.Parent,,Delivery,pitch.1,773265,-8.5655,-14.3756,109.7726,-92.9022,178.192,-36.7551,-0.1664,0.0585
1780080241311,2,11.0000004b,Drive,Delivery,pitch.1,775123,0.204,-0.0474,0.2442,0.0053,0.0081,0.0101,0.0,0.0
1780080241311,2,12.00000015,Lower Delivery,Delivery,pitch.1,774636,-17.6256,-10.5386,82.1762,-206.741,124.1115,-20.6708,-0.1548,-0.2579
1780080241311,2,12.00000018,Upper Delivery,Delivery,pitch.1,775922,8.8141,-3.5579,27.1736,95.2715,54.0585,-25.5113,-0.2039,0.327
1780080241311,2,Pitching Mound.Delivery,,Delivery,pitch.1,774010,-8.7968,-14.1947,109.465,-92.9811,178.155,-36.9339,-0.1668,0.0586
1780080241311,2,Pitching Mound.Drive,,Delivery,pitch.1,775123,0.204,-0.0474,0.2442,0.0053,0.0081,0.0101,0.0,0.0
1780080241311,2,Pitching Mound.Parent,,Delivery,pitch.1,773266,-8.5849,-14.2464,109.7027,-92.975,178.1631,-36.9241,-0.1664,0.0584
1780080241312,2,11.0000004b,Drive,Delivery,pitch.1,775124,0.2154,-0.0526,0.2405,-0.003,0.0051,0.0096,0.0,0.0
1780080241312,2,12.00000015,Lower Delivery,Delivery,pitch.1,774637,-17.6387,-10.4191,82.202,-206.4931,124.1692,-20.8761,-0.1548,-0.2575
1780080241312,2,12.00000018,Upper Delivery,Delivery,pitch.1,775923,8.8501,-3.5299,27.2174,95.3708,54.0966,-25.4895,-0.2037,0.327
1780080241312,2,Pitching Mound.Delivery,,Delivery,pitch.1,774011,-8.7755,-14.0685,109.3937,-92.6842,178.2081,-37.1587,-0.167,0.0585
1780080241312,2,Pitching Mound.Drive,,Delivery,pitch.1,775124,0.2154,-0.0526,0.2405,-0.003,0.0051,0.0096,0.0,0.0
1780080241312,2,Pitching Mound.Parent,,Delivery,pitch.1,773267,-8.5715,-14.1159,109.6378,-92.6789,178.2162,-37.1485,-0.1666,0.0583
1780080241313,2,11.0000004b,Drive,Delivery,pitch.1,775125,0.1931,-0.046,0.2204,0.0063,0.0029,0.0093,0.0,0.0
1780080241313,2,12.00000015,Lower Delivery,Delivery,pitch.1,774638,-17.6649,-10.2744,82.169,-206.6714,124.3016,-21.0746,-0.155,-0.2578
1780080241313,2,12.00000018,Upper Delivery,Delivery,pitch.1,775924,8.8375,-3.5422,27.1929,95.5276,54.321,-25.4613,-0.2047,0.327
1780080241313,2,Pitching Mound.Delivery,,Delivery,pitch.1,774012,-8.8012,-13.9613,109.3949,-92.2624,178.4901,-37.3355,-0.1672,0.0588
1780080241313,2,Pitching Mound.Drive,,Delivery,pitch.1,775125,0.1931,-0.046,0.2204,0.0063,0.0029,0.0093,0.0,0.0
1780080241313,2,Pitching Mound.Parent,,Delivery,pitch.1,773268,-8.5858,-14.014,109.6354,-92.2653,178.4952,-37.3259,-0.1669,0.0587
1780080241314,2,11.0000004b,Drive,Delivery,pitch.1,775126,0.2044,-0.0509,0.2116,0.006,0.0028,0.0101,0.0,0.0
1780080241314,2,12.00000015,Lower Delivery,Delivery,pitch.1,774639,-17.6604,-10.1945,82.0741,-206.5877,124.3618,-21.3024,-0.1553,-0.258
1780080241314,2,12.00000018,Upper Delivery,Delivery,pitch.1,775925,8.8312,-3.5322,27.2045,95.5292,54.3348,-25.4558,-0.2047,0.327
1780080241314,2,Pitching Mound.Delivery,,Delivery,pitch.1,774013,-8.8337,-13.8065,109.3735,-92.4543,178.6364,-37.5218,-0.1674,0.0585
1780080241314,2,Pitching Mound.Drive,,Delivery,pitch.1,775126,0.2044,-0.0509,0.2116,0.006,0.0028,0.0101,0.0,0.0
1780080241314,2,Pitching Mound.Parent,,Delivery,pitch.1,773269,-8.6407,-13.8525,109.594,-92.448,178.6393,-37.5125,-0.1671,0.0584
1780080241315,2,11.0000004b,Drive,Delivery,pitch.1,775127,0.1974,-0.0513,0.188,0.0059,0.0002,0.0108,0.0,0.0
1780080241315,2,12.00000015,Lower Delivery,Delivery,pitch.1,774640,-17.6804,-10.085,81.9844,-206.4687,124.4138,-21.55,-0.1555,-0.2581
1780080241315,2,12.00000018,Upper Delivery,Delivery,pitch.1,775926,8.8156,-3.5419,27.2154,95.4245,54.2157,-25.4984,-0.2042,0.327
1780080241315,2,Pitching Mound.Delivery,,Delivery,pitch.1,774014,-8.8448,-13.7363,109.2894,-92.5113,178.5775,-37.7989,-0.1675,0.0584
1780080241315,2,Pitching Mound.Drive,,Delivery,pitch.1,775127,0.1974,-0.0513,0.188,0.0059,0.0002,0.0108,0.0,0.0
1780080241315,2,Pitching Mound.Parent,,Delivery,pitch.1,773270,-8.6403,-13.7873,109.501,-92.5053,178.5804,-37.7888,-0.1672,0.0582
1780080241316,2,11.0000004b,Drive,Delivery,pitch.1,775128,0.1909,-0.0494,0.1836,0.0045,0.0049,0.0114,0.0,0.0
1780080241316,2,12.00000015,Lower Delivery,Delivery,pitch.1,774641,-17.6771,-9.9852,81.9301,-206.2674,124.3158,-21.8047,-0.1555,-0.258
1780080241316,2,12.00000018,Upper Delivery,Delivery,pitch.1,775927,8.793,-3.5257,27.2291,95.7272,54.447,-25.4787,-0.2049,0.327
1780080241316,2,Pitching Mound.Delivery,,Delivery,pitch.1,774015,-8.8875,-13.6107,109.2136,-92.1247,178.8607,-38.0278,-0.1679,0.0582
1780080241316,2,Pitching Mound.Drive,,Delivery,pitch.1,775128,0.1909,-0.0494,0.1836,0.0045,0.0049,0.0114,0.0,0.0
1780080241316,2,Pitching Mound.Parent,,Delivery,pitch.1,773271,-8.69,-13.662,109.4016,-92.1187,178.861,-38.017,-0.1676,0.0581
1780080241317,2,11.0000004b,Drive,Delivery,pitch.1,775129,0.1761,-0.0455,0.1654,0.0039,0.0055,0.0123,0.0,0.0
1780080241317,2,12.00000015,Lower Delivery,Delivery,pitch.1,774642,-17.6937,-9.8851,81.8063,-205.9308,123.8943,-22.0427,-0.1552,-0.258
1780080241317,2,12.00000018,Upper Delivery,Delivery,pitch.1,775929,8.7595,-3.5298,27.2743,95.8981,54.4638,-25.4474,-0.2047,0.327
1780080241317,2,12.00000018,Upper Delivery,Delivery,pitch.1,775928,8.7691,-3.5252,27.2286,95.8396,54.3965,-25.4653,-0.2048,0.327
1780080241317,2,Pitching Mound.Delivery,,Delivery,pitch.1,774016,-8.908,-13.5104,109.1587,-91.8293,178.7123,-38.2783,-0.1678,0.0583
1780080241317,2,Pitching Mound.Delivery,,Delivery,pitch.1,774017,-8.9342,-13.4148,109.0805,-91.4918,178.3581,-38.496,-0.1676,0.0582
1780080241317,2,Pitching Mound.Drive,,Delivery,pitch.1,775129,0.1761,-0.0455,0.1654,0.0039,0.0055,0.0123,0.0,0.0
1780080241317,2,Pitching Mound.Parent,,Delivery,pitch.1,773272,-8.7171,-13.5598,109.3423,-91.8248,178.7171,-38.2669,-0.1675,0.0582
1780080241317,2,Pitching Mound.Parent,,Delivery,pitch.1,773273,-8.7581,-13.4603,109.2459,-91.488,178.3636,-38.4838,-0.1673,0.0582
1780080241318,2,11.0000004b,Drive,Delivery,pitch.1,775130,0.1736,-0.0465,0.1461,0.0046,0.0041,0.0121,0.0,0.0
1780080241318,2,12.00000015,Lower Delivery,Delivery,pitch.1,774643,-17.7098,-9.7784,81.5352,-205.7163,123.4987,-22.2908,-0.1552,-0.2586
1780080241318,2,Pitching Mound.Drive,,Delivery,pitch.1,775130,0.1736,-0.0465,0.1461,0.0046,0.0041,0.0121,0.0,0.0
1780080241319,2,11.0000004b,Drive,Delivery,pitch.1,775131,0.1791,-0.0482,0.1458,0.014,0.0073,0.0104,0.0,0.0
1780080241319,2,12.00000015,Lower Delivery,Delivery,pitch.1,774644,-17.7347,-9.6644,81.5556,-205.8391,123.1748,-22.5203,-0.1548,-0.2587
1780080241319,2,12.00000018,Upper Delivery,Delivery,pitch.1,775930,8.7542,-3.5236,27.2941,96.0143,54.4273,-25.4401,-0.2044,0.327
1780080241319,2,Pitching Mound.Delivery,,Delivery,pitch.1,774018,-8.9556,-13.3021,108.8293,-91.26,177.926,-38.7331,-0.1676,0.0577
1780080241319,2,Pitching Mound.Drive,,Delivery,pitch.1,775131,0.1791,-0.0482,0.1458,0.014,0.0073,0.0104,0.0,0.0
1780080241319,2,Pitching Mound.Parent,,Delivery,pitch.1,773274,-8.782,-13.3486,108.9754,-91.2554,177.9301,-38.721,-0.1673,0.0577
1780080241320,2,11.0000004b,Drive,Delivery,pitch.1,775132,0.1856,-0.0503,0.1534,0.008,0.0016,0.0109,0.0,0.0
1780080241320,2,12.00000015,Lower Delivery,Delivery,pitch.1,774645,-17.7604,-9.5568,81.4029,-205.8586,122.9266,-22.8164,-0.1548,-0.2592
1780080241320,2,12.00000018,Upper Delivery,Delivery,pitch.1,775931,8.729,-3.5199,27.2643,96.0151,54.4748,-25.4132,-0.2048,0.327
1780080241320,2,Pitching Mound.Delivery,,Delivery,pitch.1,774019,-9.0057,-13.1843,108.8198,-91.365,177.6496,-38.9358,-0.1673,0.0577
1780080241320,2,Pitching Mound.Drive,,Delivery,pitch.1,775132,0.1856,-0.0503,0.1534,0.008,0.0016,0.0109,0.0,0.0
1780080241320,2,Pitching Mound.Parent,,Delivery,pitch.1,773275,-8.8267,-13.2324,108.9656,-91.351,177.6569,-38.9254,-0.1671,0.0576
1780080241321,2,11.0000004b,Drive,Delivery,pitch.1,775133,0.2096,-0.0571,0.1814,0.0054,-0.0006,0.0114,0.0,0.0
1780080241321,2,12.00000015,Lower Delivery,Delivery,pitch.1,774646,-17.7701,-9.4497,81.2542,-205.6567,122.4897,-23.1085,-0.1545,-0.2594
1780080241321,2,12.00000018,Upper Delivery,Delivery,pitch.1,775932,8.6919,-3.5059,27.2663,96.0522,54.5217,-25.3801,-0.2049,0.327
1780080241321,2,Pitching Mound.Delivery,,Delivery,pitch.1,774020,-9.0685,-13.0627,108.6693,-91.3999,177.4483,-39.2027,-0.1674,0.0573
1780080241321,2,Pitching Mound.Drive,,Delivery,pitch.1,775133,0.2096,-0.0571,0.1814,0.0054,-0.0006,0.0114,0.0,0.0
1780080241321,2,Pitching Mound.Parent,,Delivery,pitch.1,773276,-8.8828,-13.113,108.8226,-91.392,177.4499,-39.1918,-0.1671,0.0572
1780080241322,2,11.0000004b,Drive,Delivery,pitch.1,775134,0.2184,-0.059,0.1968,0.006,0.0007,0.0114,0.0,0.0
1780080241322,2,12.00000015,Lower Delivery,Delivery,pitch.1,774647,-17.7737,-9.3485,81.115,-205.6738,122.2264,-23.3855,-0.1544,-0.2599
1780080241322,2,12.00000018,Upper Delivery,Delivery,pitch.1,775933,8.6944,-3.4835,27.3266,95.9263,54.5055,-25.32,-0.2044,0.327
1780080241322,2,12.00000018,Upper Delivery,Delivery,pitch.1,775934,8.677,-3.452,27.3047,95.8322,54.3794,-25.2977,-0.2041,0.327
1780080241322,2,Pitching Mound.Delivery,,Delivery,pitch.1,774021,-9.0757,-12.9332,108.5808,-91.395,176.9952,-39.4306,-0.1671,0.057
1780080241322,2,Pitching Mound.Delivery,,Delivery,pitch.1,774022,-9.0967,-12.8004,108.4197,-91.5461,176.6058,-39.69,-0.167,0.0567
1780080241322,2,Pitching Mound.Drive,,Delivery,pitch.1,775134,0.2184,-0.059,0.1968,0.006,0.0007,0.0114,0.0,0.0
1780080241322,2,Pitching Mound.Parent,,Delivery,pitch.1,773277,-8.866,-12.9903,108.7622,-91.3896,176.9946,-39.4192,-0.1668,0.0569
1780080241322,2,Pitching Mound.Parent,,Delivery,pitch.1,773278,-8.8783,-12.8594,108.6165,-91.5401,176.6065,-39.6787,-0.1667,0.0566
1780080241323,2,11.0000004b,Drive,Delivery,pitch.1,775135,0.2445,-0.0679,0.2085,0.0067,0.0015,0.0111,0.0,0.0
1780080241323,2,12.00000015,Lower Delivery,Delivery,pitch.1,774648,-17.7685,-9.249,80.886,-205.4624,121.717,-23.7038,-0.1542,-0.2604
1780080241323,2,12.00000018,Upper Delivery,Delivery,pitch.1,775935,8.6622,-3.4292,27.2834,95.8374,54.4249,-25.2249,-0.2045,0.327
1780080241323,2,Pitching Mound.Delivery,,Delivery,pitch.1,774023,-9.1063,-12.6782,108.1694,-91.4001,176.1419,-39.9423,-0.1669,0.0563
1780080241323,2,Pitching Mound.Drive,,Delivery,pitch.1,775135,0.2445,-0.0679,0.2085,0.0067,0.0015,0.0111,0.0,0.0
1780080241323,2,Pitching Mound.Parent,,Delivery,pitch.1,773279,-8.8617,-12.7461,108.3779,-91.3934,176.1433,-39.9312,-0.1666,0.0562
1780080241324,2,11.0000004b,Drive,Delivery,pitch.1,775136,0.2505,-0.0688,0.2179,0.019,0.0018,0.0098,0.0,0.0
1780080241324,2,12.00000015,Lower Delivery,Delivery,pitch.1,774649,-17.7728,-9.1524,80.5738,-205.2219,121.4246,-23.9995,-0.1545,-0.2611
1780080241324,2,Pitching Mound.Drive,,Delivery,pitch.1,775136,0.2505,-0.0688,0.2179,0.019,0.0018,0.0098,0.0,0.0
1780080241325,2,11.0000004b,Drive,Delivery,pitch.1,775137,0.2309,-0.0619,0.2105,0.0185,-0.0003,0.0104,0.0,0.0
1780080241325,2,12.00000015,Lower Delivery,Delivery,pitch.1,774650,-17.7741,-9.0411,80.3332,-205.0469,121.0694,-24.3047,-0.1545,-0.2616
1780080241325,2,12.00000018,Upper Delivery,Delivery,pitch.1,775936,8.6387,-3.4055,27.34,95.8475,54.3711,-25.1704,-0.2038,0.327
1780080241325,2,Pitching Mound.Delivery,,Delivery,pitch.1,774024,-9.1341,-12.5578,107.9139,-91.2749,175.7957,-40.1899,-0.167,0.0557
1780080241325,2,Pitching Mound.Drive,,Delivery,pitch.1,775137,0.2309,-0.0619,0.2105,0.0185,-0.0003,0.0104,0.0,0.0
1780080241325,2,Pitching Mound.Parent,,Delivery,pitch.1,773280,-8.8836,-12.6266,108.1317,-91.2559,175.7976,-40.1801,-0.1666,0.0555
1780080241326,2,11.0000004b,Drive,Delivery,pitch.1,775138,0.2325,-0.0574,0.2415,0.0085,-0.0029,0.0106,0.0,0.0
1780080241326,2,12.00000015,Lower Delivery,Delivery,pitch.1,774651,-17.7641,-8.938,79.9634,-204.9262,120.7372,-24.5972,-0.1548,-0.2627
1780080241326,2,12.00000018,Upper Delivery,Delivery,pitch.1,775937,8.6224,-3.3643,27.3344,96.0541,54.474,-25.0716,-0.2043,0.327
1780080241326,2,12.00000018,Upper Delivery,Delivery,pitch.1,775938,8.6122,-3.3585,27.3779,96.0188,54.5004,-24.9959,-0.204,0.327
1780080241326,2,Pitching Mound.Delivery,,Delivery,pitch.1,774026,-9.1518,-12.2965,107.3413,-91.0283,175.2376,-40.6252,-0.1673,0.0543
1780080241326,2,Pitching Mound.Delivery,,Delivery,pitch.1,774025,-9.1516,-12.4053,107.6676,-90.9732,175.5435,-40.4015,-0.1671,0.0552
1780080241326,2,Pitching Mound.Drive,,Delivery,pitch.1,775138,0.2325,-0.0574,0.2415,0.0085,-0.0029,0.0106,0.0,0.0
1780080241326,2,Pitching Mound.Parent,,Delivery,pitch.1,773282,-8.9193,-12.3539,107.5828,-91.0198,175.2347,-40.6146,-0.167,0.0542
1780080241326,2,Pitching Mound.Parent,,Delivery,pitch.1,773281,-8.9208,-12.4672,107.8781,-90.9547,175.5432,-40.391,-0.1668,0.0551
1780080241327,2,11.0000004b,Drive,Delivery,pitch.1,775139,0.2129,-0.0536,0.2136,0.0047,-0.0024,0.0107,0.0,0.0
1780080241327,2,12.00000015,Lower Delivery,Delivery,pitch.1,774652,-17.7744,-8.8216,79.695,-204.6107,120.3682,-24.8238,-0.1548,-0.2631
1780080241327,2,12.00000018,Upper Delivery,Delivery,pitch.1,775939,8.5927,-3.3152,27.4269,95.9904,54.5008,-24.8887,-0.2037,0.327
1780080241327,2,Pitching Mound.Delivery,,Delivery,pitch.1,774027,-9.1817,-12.1368,107.1218,-90.8491,174.869,-40.7477,-0.1673,0.0539
1780080241327,2,Pitching Mound.Drive,,Delivery,pitch.1,775139,0.2129,-0.0536,0.2136,0.0047,-0.0024,0.0107,0.0,0.0
1780080241327,2,Pitching Mound.Parent,,Delivery,pitch.1,773283,-8.9689,-12.1905,107.3355,-90.8444,174.8666,-40.737,-0.167,0.0537
1780080241328,2,11.0000004b,Drive,Delivery,pitch.1,775140,0.2064,-0.0517,0.2099,0.0055,-0.0065,0.0103,0.0,0.0
1780080241328,2,12.00000015,Lower Delivery,Delivery,pitch.1,774653,-17.7873,-8.7319,79.3682,-204.4335,120.1541,-25.169,-0.1552,-0.264
1780080241328,2,12.00000018,Upper Delivery,Delivery,pitch.1,775940,8.5625,-3.3066,27.3878,95.9782,54.4232,-24.8429,-0.2037,0.327
1780080241328,2,Pitching Mound.Delivery,,Delivery,pitch.1,774028,-9.2248,-12.0385,106.7559,-90.782,174.5773,-41.0529,-0.1676,0.0532
1780080241328,2,Pitching Mound.Drive,,Delivery,pitch.1,775140,0.2064,-0.0517,0.2099,0.0055,-0.0065,0.0103,0.0,0.0
1780080241328,2,Pitching Mound.Parent,,Delivery,pitch.1,773284,-9.0185,-12.0901,106.9658,-90.7765,174.5708,-41.0426,-0.1673,0.0531
1780080241329,2,11.0000004b,Drive,Delivery,pitch.1,775141,0.2065,-0.0549,0.1866,0.0033,-0.0069,0.0113,0.0,0.0
1780080241329,2,12.00000015,Lower Delivery,Delivery,pitch.1,774654,-17.7805,-8.6314,79.0398,-204.258,119.9431,-25.4668,-0.1555,-0.2649
1780080241329,2,12.00000018,Upper Delivery,Delivery,pitch.1,775941,8.5447,-3.279,27.4077,95.9936,54.377,-24.7503,-0.2034,0.327
1780080241329,2,Pitching Mound.Delivery,,Delivery,pitch.1,774029,-9.2358,-11.9104,106.4475,-90.7095,174.3201,-41.2666,-0.1678,0.0524
1780080241329,2,Pitching Mound.Drive,,Delivery,pitch.1,775141,0.2065,-0.0549,0.1866,0.0033,-0.0069,0.0113,0.0,0.0
1780080241329,2,Pitching Mound.Parent,,Delivery,pitch.1,773285,-9.0292,-11.9653,106.6341,-90.7062,174.3132,-41.2552,-0.1676,0.0524
1780080241330,2,11.0000004b,Drive,Delivery,pitch.1,775142,0.2109,-0.0548,0.1976,0.0031,-0.0054,0.0112,0.0,0.0
1780080241330,2,12.00000015,Lower Delivery,Delivery,pitch.1,774655,-17.7952,-8.5281,78.7942,-204.1641,119.663,-25.6634,-0.1557,-0.2656
1780080241330,2,12.00000018,Upper Delivery,Delivery,pitch.1,775942,8.5435,-3.2835,27.4472,95.8093,54.3264,-24.689,-0.2029,0.327
1780080241330,2,Pitching Mound.Delivery,,Delivery,pitch.1,774030,-9.2517,-11.8116,106.2415,-90.8968,173.9894,-41.3972,-0.1679,0.0518
1780080241330,2,Pitching Mound.Drive,,Delivery,pitch.1,775142,0.2109,-0.0548,0.1976,0.0031,-0.0054,0.0112,0.0,0.0
1780080241330,2,Pitching Mound.Parent,,Delivery,pitch.1,773286,-9.0408,-11.8664,106.4391,-90.8937,173.984,-41.386,-0.1675,0.0517
1780080241331,2,11.0000004b,Drive,Delivery,pitch.1,775143,0.2077,-0.0523,0.197,0.0018,-0.0021,0.0121,0.0,0.0
1780080241331,2,12.00000015,Lower Delivery,Delivery,pitch.1,774656,-17.8184,-8.4341,78.5238,-203.9572,119.6302,-25.8957,-0.1561,-0.2662
1780080241331,2,12.00000018,Upper Delivery,Delivery,pitch.1,775943,8.5576,-3.2814,27.471,95.723,54.2127,-24.6121,-0.2023,0.327
1780080241331,2,Pitching Mound.Delivery,,Delivery,pitch.1,774031,-9.2608,-11.7155,105.9948,-90.8762,173.843,-41.54,-0.1681,0.0513
1780080241331,2,Pitching Mound.Drive,,Delivery,pitch.1,775143,0.2077,-0.0523,0.197,0.0018,-0.0021,0.0121,0.0,0.0
1780080241331,2,Pitching Mound.Parent,,Delivery,pitch.1,773287,-9.0532,-11.7678,106.1918,-90.8744,173.8409,-41.5279,-0.1678,0.0512
1780080241332,2,11.0000004b,Drive,Delivery,pitch.1,775144,0.2076,-0.0526,0.1941,0.0011,-0.0006,0.013,0.0,0.0
1780080241332,2,12.00000015,Lower Delivery,Delivery,pitch.1,774657,-17.8457,-8.353,78.3759,-203.5926,119.1162,-26.0911,-0.1558,-0.2662
1780080241332,2,12.00000018,Upper Delivery,Delivery,pitch.1,775944,8.5545,-3.2659,27.5254,95.6977,53.9698,-24.5701,-0.201,0.327
1780080241332,2,Pitching Mound.Delivery,,Delivery,pitch.1,774032,-9.2911,-11.6189,105.9012,-90.6057,173.086,-41.6852,-0.1675,0.0512
1780080241332,2,Pitching Mound.Drive,,Delivery,pitch.1,775144,0.2076,-0.0526,0.1941,0.0011,-0.0006,0.013,0.0,0.0
1780080241332,2,Pitching Mound.Parent,,Delivery,pitch.1,773288,-9.0835,-11.6715,106.0954,-90.6046,173.0854,-41.6722,-0.1672,0.0511
1780080241333,2,11.0000004b,Drive,Delivery,pitch.1,775145,0.2094,-0.052,0.1981,0.0002,-0.001,0.0138,0.0,0.0
1780080241333,2,12.00000015,Lower Delivery,Delivery,pitch.1,774658,-17.8924,-8.266,78.2828,-203.5184,118.9406,-26.2715,-0.1557,-0.2665
1780080241333,2,12.00000018,Upper Delivery,Delivery,pitch.1,775945,8.5365,-3.2772,27.4614,95.5559,53.9118,-24.5036,-0.2012,0.327
1780080241333,2,Pitching Mound.Delivery,,Delivery,pitch.1,774033,-9.3559,-11.5431,105.7442,-90.6832,172.8523,-41.7893,-0.1675,0.0511
1780080241333,2,Pitching Mound.Drive,,Delivery,pitch.1,775145,0.2094,-0.052,0.1981,0.0002,-0.001,0.0138,0.0,0.0
1780080241333,2,Pitching Mound.Parent,,Delivery,pitch.1,773289,-9.1465,-11.5951,105.9424,-90.683,172.8514,-41.7754,-0.1672,0.051
1780080241334,2,11.0000004b,Drive,Delivery,pitch.1,775146,0.2149,-0.051,0.2173,0.0031,0.0006,0.0123,0.0,0.0
1780080241334,2,12.00000015,Lower Delivery,Delivery,pitch.1,774659,-17.8934,-8.1949,78.1307,-203.3394,118.8969,-26.4431,-0.156,-0.2667
1780080241334,2,12.00000018,Upper Delivery,Delivery,pitch.1,775946,8.493,-3.2804,27.3956,95.3656,53.8056,-24.4332,-0.2013,0.327
1780080241334,2,Pitching Mound.Delivery,,Delivery,pitch.1,774034,-9.4004,-11.4753,105.5263,-90.7239,172.7025,-41.9049,-0.1677,0.0509
1780080241334,2,Pitching Mound.Drive,,Delivery,pitch.1,775146,0.2149,-0.051,0.2173,0.0031,0.0006,0.0123,0.0,0.0
1780080241334,2,Pitching Mound.Parent,,Delivery,pitch.1,773290,-9.1855,-11.5262,105.7436,-90.7208,172.7031,-41.8927,-0.1674,0.0508
1780080241335,2,11.0000004b,Drive,Delivery,pitch.1,775147,0.1956,-0.035,0.2213,0.0026,0.0007,0.0117,0.0,0.0
1780080241335,2,12.00000015,Lower Delivery,Delivery,pitch.1,774660,-17.9146,-8.1456,78.1939,-203.3957,118.6865,-26.5538,-0.1556,-0.2666
1780080241335,2,12.00000018,Upper Delivery,Delivery,pitch.1,775947,8.4639,-3.2722,27.2069,95.1112,53.5473,-24.3741,-0.2017,0.327
1780080241335,2,Pitching Mound.Delivery,,Delivery,pitch.1,774035,-9.4508,-11.4178,105.4008,-90.9489,172.2338,-41.9592,-0.1675,0.0511
1780080241335,2,Pitching Mound.Drive,,Delivery,pitch.1,775147,0.1956,-0.035,0.2213,0.0026,0.0007,0.0117,0.0,0.0
1780080241335,2,Pitching Mound.Parent,,Delivery,pitch.1,773291,-9.2552,-11.4528,105.6222,-90.9463,172.2344,-41.9475,-0.1671,0.051
1780080241336,2,11.0000004b,Drive,Delivery,pitch.1,775148,0.1859,-0.0155,0.2295,0.0025,0.001,0.0121,0.0,0.0
1780080241336,2,12.00000015,Lower Delivery,Delivery,pitch.1,774661,-17.9188,-8.0881,77.9806,-203.1248,118.4451,-26.689,-0.1557,-0.267
1780080241336,2,12.00000018,Upper Delivery,Delivery,pitch.1,775948,8.439,-3.2898,27.197,95.0091,53.4152,-24.3256,-0.2013,0.327
1780080241336,2,Pitching Mound.Delivery,,Delivery,pitch.1,774036,-9.4798,-11.3779,105.1776,-90.8492,171.8604,-42.053,-0.1675,0.0508
1780080241336,2,Pitching Mound.Drive,,Delivery,pitch.1,775148,0.1859,-0.0155,0.2295,0.0025,0.001,0.0121,0.0,0.0
1780080241336,2,Pitching Mound.Parent,,Delivery,pitch.1,773292,-9.2939,-11.3934,105.4071,-90.8467,171.8614,-42.0409,-0.1671,0.0507
1780080241337,2,11.0000004b,Drive,Delivery,pitch.1,775149,0.2008,-0.008,0.2454,0.003,0.0044,0.0121,0.0,0.0
1780080241337,2,12.00000015,Lower Delivery,Delivery,pitch.1,774662,-17.9004,-8.0471,77.7971,-202.8336,118.3699,-26.8457,-0.1559,-0.2672
1780080241337,2,12.00000018,Upper Delivery,Delivery,pitch.1,775949,8.4302,-3.2806,27.0746,94.8088,53.2753,-24.3106,-0.2017,0.327
1780080241337,2,Pitching Mound.Delivery,,Delivery,pitch.1,774037,-9.4701,-11.3278,104.8717,-90.7792,171.6452,-42.2039,-0.1678,0.0506
1780080241337,2,Pitching Mound.Drive,,Delivery,pitch.1,775149,0.2008,-0.008,0.2454,0.003,0.0044,0.0121,0.0,0.0
1780080241337,2,Pitching Mound.Parent,,Delivery,pitch.1,773293,-9.2693,-11.3357,105.1171,-90.7762,171.6496,-42.1918,-0.1674,0.0505
1780080241338,2,11.0000004b,Drive,Delivery,pitch.1,775150,0.2171,-0.0251,0.2623,0.0051,0.0063,0.011,0.0,0.0
1780080241338,2,12.00000015,Lower Delivery,Delivery,pitch.1,774663,-17.8625,-8.0101,77.5213,-202.7696,118.4063,-27.0122,-0.1566,-0.2681
1780080241338,2,12.00000018,Upper Delivery,Delivery,pitch.1,775950,8.3922,-3.3032,27.0106,94.6304,53.1821,-24.2266,-0.2018,0.327
1780080241338,2,Pitching Mound.Delivery,,Delivery,pitch.1,774038,-9.4703,-11.3133,104.5318,-90.9656,171.5885,-42.3122,-0.1682,0.05
1780080241338,2,Pitching Mound.Drive,,Delivery,pitch.1,775150,0.2171,-0.0251,0.2623,0.0051,0.0063,0.011,0.0,0.0
1780080241338,2,Pitching Mound.Parent,,Delivery,pitch.1,773294,-9.2532,-11.3384,104.7942,-90.9605,171.5948,-42.3012,-0.1678,0.0498
1780080241339,2,11.0000004b,Drive,Delivery,pitch.1,775151,0.2173,-0.0289,0.2474,0.0055,0.0047,0.0114,0.0,0.0
1780080241339,2,12.00000015,Lower Delivery,Delivery,pitch.1,774664,-17.8612,-7.9714,77.367,-202.5504,118.4161,-27.164,-0.1569,-0.2683
1780080241339,2,12.00000018,Upper Delivery,Delivery,pitch.1,775951,8.3626,-3.299,26.94,94.4478,52.9609,-24.1596,-0.2015,0.327
1780080241339,2,Pitching Mound.Delivery,,Delivery,pitch.1,774039,-9.4986,-11.2704,104.307,-90.9575,171.3769,-42.4075,-0.1684,0.0498
1780080241339,2,Pitching Mound.Drive,,Delivery,pitch.1,775151,0.2173,-0.0289,0.2474,0.0055,0.0047,0.0114,0.0,0.0
1780080241339,2,Pitching Mound.Parent,,Delivery,pitch.1,773295,-9.2813,-11.2993,104.5544,-90.9519,171.3816,-42.3961,-0.168,0.0497
1780080241340,2,11.0000004b,Drive,Delivery,pitch.1,775152,0.2533,-0.0539,0.254,0.0074,0.0062,0.0105,0.0,0.0
1780080241340,2,12.00000015,Lower Delivery,Delivery,pitch.1,774665,-17.8511,-7.926,77.1778,-202.2715,118.1918,-27.3225,-0.157,-0.2686
1780080241340,2,12.00000018,Upper Delivery,Delivery,pitch.1,775952,8.2999,-3.2827,26.789,94.2292,52.7049,-24.0673,-0.2016,0.327
1780080241340,2,Pitching Mound.Delivery,,Delivery,pitch.1,774040,-9.5512,-11.2088,103.9668,-90.9102,170.8966,-42.4985,-0.1685,0.0496
1780080241340,2,Pitching Mound.Drive,,Delivery,pitch.1,775152,0.2533,-0.0539,0.254,0.0074,0.0062,0.0105,0.0,0.0
1780080241340,2,Pitching Mound.Parent,,Delivery,pitch.1,773296,-9.2979,-11.2627,104.2208,-90.9028,170.9029,-42.488,-0.1681,0.0495
1780080241341,2,11.0000004b,Drive,Delivery,pitch.1,775153,0.2452,-0.0602,0.2183,0.0256,0.0067,0.0101,0.0,0.0
1780080241341,2,12.00000015,Lower Delivery,Delivery,pitch.1,774666,-17.8445,-7.8867,76.9193,-201.9142,118.0675,-27.565,-0.1573,-0.2691
1780080241341,2,12.00000018,Upper Delivery,Delivery,pitch.1,775953,8.2598,-3.2774,26.7236,94.1783,52.6178,-23.9455,-0.2018,0.327
1780080241341,2,Pitching Mound.Delivery,,Delivery,pitch.1,774041,-9.5847,-11.1641,103.6429,-90.6694,170.6853,-42.635,-0.1688,0.0493
1780080241341,2,Pitching Mound.Drive,,Delivery,pitch.1,775153,0.2452,-0.0602,0.2183,0.0256,0.0067,0.0101,0.0,0.0
1780080241341,2,Pitching Mound.Parent,,Delivery,pitch.1,773297,-9.3396,-11.2243,103.8612,-90.6438,170.692,-42.6248,-0.1684,0.0492
1780080241342,2,11.0000004b,Drive,Delivery,pitch.1,775154,0.2724,-0.071,0.2423,0.032,0.0073,0.0082,0.0,0.0
1780080241342,2,12.00000015,Lower Delivery,Delivery,pitch.1,774667,-17.8275,-7.8268,76.6924,-201.8447,117.8711,-27.6856,-0.1575,-0.2698
1780080241342,2,12.00000018,Upper Delivery,Delivery,pitch.1,775954,8.2127,-3.249,26.6081,93.7409,52.4181,-23.8752,-0.2019,0.327
1780080241342,2,Pitching Mound.Delivery,,Delivery,pitch.1,774042,-9.6148,-11.0759,103.3004,-91.0751,170.2891,-42.7072,-0.169,0.0488
1780080241342,2,Pitching Mound.Drive,,Delivery,pitch.1,775154,0.2724,-0.071,0.2423,0.032,0.0073,0.0082,0.0,0.0
1780080241342,2,Pitching Mound.Parent,,Delivery,pitch.1,773298,-9.3425,-11.1469,103.5428,-91.0432,170.2964,-42.6989,-0.1686,0.0487
1780080241343,2,11.0000004b,Drive,Delivery,pitch.1,775155,0.2569,-0.072,0.1999,0.0366,0.0051,0.0083,0.0,0.0
1780080241343,2,12.00000015,Lower Delivery,Delivery,pitch.1,774668,-17.8012,-7.7508,76.5453,-201.9643,117.9547,-27.9033,-0.1579,-0.2704
1780080241343,2,12.00000018,Upper Delivery,Delivery,pitch.1,775955,8.1334,-3.2353,26.4016,93.4908,52.3209,-23.7502,-0.2031,0.327
1780080241343,2,Pitching Mound.Delivery,,Delivery,pitch.1,774043,-9.6678,-10.9861,102.9469,-91.4247,170.2756,-42.8358,-0.1695,0.0484
1780080241343,2,Pitching Mound.Drive,,Delivery,pitch.1,775155,0.2569,-0.072,0.1999,0.0366,0.0051,0.0083,0.0,0.0
1780080241343,2,Pitching Mound.Parent,,Delivery,pitch.1,773299,-9.411,-11.0582,103.1468,-91.3881,170.2807,-42.8275,-0.1692,0.0483
1780080241344,2,11.0000004b,Drive,Delivery,pitch.1,775156,0.2553,-0.0721,0.2002,0.0638,-0.069,0.0054,0.0,0.0
1780080241344,2,12.00000015,Lower Delivery,Delivery,pitch.1,774669,-17.7743,-7.6775,76.2083,-201.5128,117.4705,-28.0671,-0.158,-0.271
1780080241344,2,12.00000018,Upper Delivery,Delivery,pitch.1,775956,8.0828,-3.2112,26.2802,93.0599,52.0095,-23.6152,-0.2028,0.327
1780080241344,2,Pitching Mound.Delivery,,Delivery,pitch.1,774044,-9.6915,-10.8888,102.4885,-91.4774,169.48,-42.891,-0.1695,0.048
1780080241344,2,Pitching Mound.Drive,,Delivery,pitch.1,775156,0.2553,-0.0721,0.2002,0.0638,-0.069,0.0054,0.0,0.0
1780080241344,2,Pitching Mound.Parent,,Delivery,pitch.1,773300,-9.4362,-10.9609,102.6887,-91.4135,169.411,-42.8856,-0.1692,0.0479
1780080241345,2,11.0000004b,Drive,Delivery,pitch.1,775157,0.2444,-0.0664,0.2136,0.0423,-0.0043,0.0068,0.0,0.0
1780080241345,2,12.00000015,Lower Delivery,Delivery,pitch.1,774670,-17.7699,-7.5936,76.0294,-201.4962,117.2638,-28.26,-0.1581,-0.2716
1780080241345,2,12.00000018,Upper Delivery,Delivery,pitch.1,775957,8.0389,-3.1714,26.2404,92.6707,51.6489,-23.497,-0.2017,0.327
1780080241345,2,Pitching Mound.Delivery,,Delivery,pitch.1,774045,-9.731,-10.765,102.2698,-91.8972,168.9127,-42.982,-0.1693,0.0475
1780080241345,2,Pitching Mound.Drive,,Delivery,pitch.1,775157,0.2444,-0.0664,0.2136,0.0423,-0.0043,0.0068,0.0,0.0
1780080241345,2,Pitching Mound.Parent,,Delivery,pitch.1,773301,-9.4866,-10.8313,102.4834,-91.8549,168.9084,-42.9752,-0.1689,0.0474
1780080241346,2,11.0000004b,Drive,Delivery,pitch.1,775158,0.2294,-0.062,0.2061,0.0339,0.0032,0.0078,0.0,0.0
1780080241346,2,12.00000015,Lower Delivery,Delivery,pitch.1,774671,-17.7623,-7.5151,75.8669,-201.2892,116.9884,-28.3891,-0.158,-0.2719
1780080241346,2,Pitching Mound.Drive,,Delivery,pitch.1,775158,0.2294,-0.062,0.2061,0.0339,0.0032,0.0078,0.0,0.0
1780080241347,2,11.0000004b,Drive,Delivery,pitch.1,775159,0.2289,-0.0623,0.1978,0.0358,-0.0505,0.0064,0.0,0.0
1780080241347,2,12.00000015,Lower Delivery,Delivery,pitch.1,774672,-17.7383,-7.4247,75.7094,-201.2018,116.9498,-28.5284,-0.1583,-0.2724
1780080241347,2,12.00000018,Upper Delivery,Delivery,pitch.1,775958,8.0022,-3.116,26.1236,92.0877,51.3845,-23.3581,-0.2016,0.327
1780080241347,2,12.00000018,Upper Delivery,Delivery,pitch.1,775959,7.9406,-3.0567,26.0216,91.701,51.2143,-23.2078,-0.2017,0.327
1780080241347,2,Pitching Mound.Delivery,,Delivery,pitch.1,774046,-9.7602,-10.6311,101.9905,-92.2887,168.373,-42.9873,-0.1692,0.0473
1780080241347,2,Pitching Mound.Delivery,,Delivery,pitch.1,774047,-9.7978,-10.4814,101.7311,-92.6069,168.164,-43.0054,-0.1694,0.047
1780080241347,2,Pitching Mound.Drive,,Delivery,pitch.1,775159,0.2289,-0.0623,0.1978,0.0358,-0.0505,0.0064,0.0,0.0
1780080241347,2,Pitching Mound.Parent,,Delivery,pitch.1,773302,-9.5307,-10.6931,102.1965,-92.2548,168.3762,-42.9795,-0.1689,0.0472
1780080241347,2,Pitching Mound.Parent,,Delivery,pitch.1,773303,-9.5688,-10.5437,101.9289,-92.5711,168.1135,-42.9991,-0.1691,0.0469
1780080241348,2,11.0000004b,Drive,Delivery,pitch.1,775160,0.2251,-0.0609,0.2002,0.0294,-0.0066,0.0073,0.0,0.0
1780080241348,2,12.00000015,Lower Delivery,Delivery,pitch.1,774673,-17.7373,-7.3272,75.6513,-201.1406,116.5634,-28.6576,-0.1579,-0.2725
1780080241348,2,12.00000018,Upper Delivery,Delivery,pitch.1,775960,7.8864,-2.9879,25.9558,91.3186,50.9945,-23.0766,-0.2014,0.327
1780080241348,2,Pitching Mound.Delivery,,Delivery,pitch.1,774048,-9.8508,-10.3151,101.6071,-92.9255,167.5579,-43.0221,-0.169,0.0469
1780080241348,2,Pitching Mound.Drive,,Delivery,pitch.1,775160,0.2251,-0.0609,0.2002,0.0294,-0.0066,0.0073,0.0,0.0
1780080241348,2,Pitching Mound.Parent,,Delivery,pitch.1,773304,-9.6258,-10.3759,101.8073,-92.8961,167.5513,-43.0148,-0.1687,0.0468
1780080241349,2,11.0000004b,Drive,Delivery,pitch.1,775161,0.2242,-0.0604,0.2001,0.0248,-0.0197,0.0075,0.0,0.0
1780080241349,2,12.00000015,Lower Delivery,Delivery,pitch.1,774674,-17.729,-7.2293,75.554,-201.1016,116.2071,-28.7499,-0.1576,-0.2728
1780080241349,2,12.00000018,Upper Delivery,Delivery,pitch.1,775961,7.849,-2.9262,25.9225,91.2465,50.9959,-23.0319,-0.2016,0.327
1780080241349,2,Pitching Mound.Delivery,,Delivery,pitch.1,774049,-9.88,-10.1555,101.4765,-92.9803,167.203,-43.0853,-0.1689,0.0467
1780080241349,2,Pitching Mound.Drive,,Delivery,pitch.1,775161,0.2242,-0.0604,0.2001,0.0248,-0.0197,0.0075,0.0,0.0
1780080241349,2,Pitching Mound.Parent,,Delivery,pitch.1,773305,-9.6558,-10.2159,101.6765,-92.9555,167.1832,-43.0778,-0.1685,0.0466
1780080241350,2,11.0000004b,Drive,Delivery,pitch.1,775162,0.2156,-0.0576,0.1983,0.0303,-0.0329,0.0075,0.0,0.0
1780080241350,2,12.00000015,Lower Delivery,Delivery,pitch.1,774675,-17.7132,-7.1466,75.3111,-200.806,115.9089,-28.8334,-0.1577,-0.2733
1780080241350,2,12.00000018,Upper Delivery,Delivery,pitch.1,775962,7.7721,-2.8582,25.8411,90.6376,50.7108,-22.9287,-0.2011,0.327
1780080241350,2,Pitching Mound.Delivery,,Delivery,pitch.1,774050,-9.941,-10.0048,101.1523,-93.3486,166.6196,-43.0971,-0.1688,0.0464
1780080241350,2,Pitching Mound.Drive,,Delivery,pitch.1,775162,0.2156,-0.0576,0.1983,0.0303,-0.0329,0.0075,0.0,0.0
1780080241350,2,Pitching Mound.Parent,,Delivery,pitch.1,773306,-9.7254,-10.0625,101.3505,-93.3183,166.5867,-43.0896,-0.1685,0.0463
1780080241351,2,11.0000004b,Drive,Delivery,pitch.1,775163,0.2274,-0.058,0.2413,0.0088,-0.0033,0.0091,0.0,0.0
1780080241351,2,12.00000015,Lower Delivery,Delivery,pitch.1,774676,-17.6968,-7.0576,75.1978,-200.6577,115.555,-28.9354,-0.1575,-0.2735
1780080241351,2,12.00000018,Upper Delivery,Delivery,pitch.1,775963,7.7484,-2.8179,25.8827,90.2081,50.2611,-22.853,-0.199,0.327
1780080241351,2,Pitching Mound.Delivery,,Delivery,pitch.1,774051,-9.9484,-9.8755,101.0805,-93.6825,165.8162,-43.137,-0.1681,0.0462
1780080241351,2,Pitching Mound.Drive,,Delivery,pitch.1,775163,0.2274,-0.058,0.2413,0.0088,-0.0033,0.0091,0.0,0.0
1780080241351,2,Pitching Mound.Parent,,Delivery,pitch.1,773307,-9.721,-9.9335,101.3218,-93.6737,165.8129,-43.1279,-0.1677,0.046
1780080241352,2,11.0000004b,Drive,Delivery,pitch.1,775164,0.2213,-0.055,0.2473,0.0069,-0.0042,0.0091,0.0,0.0
1780080241352,2,12.00000015,Lower Delivery,Delivery,pitch.1,774677,-17.6753,-6.9847,75.0473,-200.2794,115.1919,-28.9716,-0.1573,-0.2735
1780080241352,2,12.00000018,Upper Delivery,Delivery,pitch.1,775964,7.689,-2.7498,25.7846,89.8066,49.9736,-22.7537,-0.1986,0.327
1780080241352,2,Pitching Mound.Delivery,,Delivery,pitch.1,774052,-9.9863,-9.7345,100.8319,-93.7235,165.1655,-43.1015,-0.1679,0.0462
1780080241352,2,Pitching Mound.Drive,,Delivery,pitch.1,775164,0.2213,-0.055,0.2473,0.0069,-0.0042,0.0091,0.0,0.0
1780080241352,2,Pitching Mound.Parent,,Delivery,pitch.1,773308,-9.765,-9.7895,101.0793,-93.7166,165.1614,-43.0924,-0.1675,0.046
1780080241353,2,11.0000004b,Drive,Delivery,pitch.1,775165,0.2143,-0.0524,0.2508,0.0061,-0.0044,0.0095,0.0,0.0
1780080241353,2,12.00000015,Lower Delivery,Delivery,pitch.1,774678,-17.6709,-6.8966,75.0425,-200.176,114.8757,-29.0327,-0.1569,-0.2734
1780080241353,2,12.00000018,Upper Delivery,Delivery,pitch.1,775965,7.6324,-2.699,25.6388,88.8175,49.2964,-22.6524,-0.1971,0.327
1780080241353,2,Pitching Mound.Delivery,,Delivery,pitch.1,774053,-10.0385,-9.5956,100.6813,-94.5613,164.1721,-43.082,-0.1671,0.0463
1780080241353,2,Pitching Mound.Drive,,Delivery,pitch.1,775165,0.2143,-0.0524,0.2508,0.0061,-0.0044,0.0095,0.0,0.0
1780080241353,2,Pitching Mound.Parent,,Delivery,pitch.1,773309,-9.8242,-9.6479,100.9322,-94.5552,164.1676,-43.0725,-0.1667,0.0462
1780080241354,2,11.0000004b,Drive,Delivery,pitch.1,775166,0.2108,-0.0518,0.2376,0.0061,-0.0041,0.0092,0.0,0.0
1780080241354,2,12.00000015,Lower Delivery,Delivery,pitch.1,774679,-17.676,-6.8095,74.9255,-199.947,114.7779,-29.1466,-0.157,-0.2735
1780080241354,2,12.00000018,Upper Delivery,Delivery,pitch.1,775966,7.5767,-2.6381,25.5475,88.0993,48.7937,-22.5483,-0.1958,0.327
1780080241354,2,Pitching Mound.Delivery,,Delivery,pitch.1,774054,-10.0993,-9.4476,100.473,-95.0592,163.5716,-43.109,-0.1669,0.0463
1780080241354,2,Pitching Mound.Drive,,Delivery,pitch.1,775166,0.2108,-0.0518,0.2376,0.0061,-0.0041,0.0092,0.0,0.0
1780080241354,2,Pitching Mound.Parent,,Delivery,pitch.1,773310,-9.8885,-9.4994,100.7106,-95.0531,163.5675,-43.0998,-0.1665,0.0462
1780080241355,2,11.0000004b,Drive,Delivery,pitch.1,775167,0.1898,-0.0442,0.2286,0.0054,-0.0042,0.0094,0.0,0.0
1780080241355,2,12.00000015,Lower Delivery,Delivery,pitch.1,774680,-17.6975,-6.6937,75.0656,-200.1719,114.8866,-29.202,-0.1569,-0.2733
1780080241355,2,12.00000018,Upper Delivery,Delivery,pitch.1,775967,7.5484,-2.6138,25.584,88.4127,49.0523,-22.4743,-0.1965,0.327
1780080241355,2,Pitching Mound.Delivery,,Delivery,pitch.1,774055,-10.1491,-9.3075,100.6496,-94.9354,163.9389,-43.0928,-0.1669,0.0464
1780080241355,2,Pitching Mound.Drive,,Delivery,pitch.1,775167,0.1898,-0.0442,0.2286,0.0054,-0.0042,0.0094,0.0,0.0
1780080241355,2,Pitching Mound.Parent,,Delivery,pitch.1,773311,-9.9592,-9.3517,100.8782,-94.9301,163.9347,-43.0833,-0.1666,0.0463
1780080241356,2,11.0000004b,Drive,Delivery,pitch.1,775168,0.1815,-0.0388,0.2165,0.005,-0.0054,0.0099,0.0,0.0
1780080241356,2,12.00000015,Lower Delivery,Delivery,pitch.1,774681,-17.6722,-6.618,74.9195,-200.0614,114.8363,-29.2994,-0.1571,-0.2737
1780080241356,2,12.00000018,Upper Delivery,Delivery,pitch.1,775968,7.4857,-2.5666,25.4689,88.2963,48.9223,-22.3543,-0.1969,0.327
1780080241356,2,Pitching Mound.Delivery,,Delivery,pitch.1,774056,-10.1865,-9.1847,100.3883,-94.9519,163.7586,-43.1001,-0.1672,0.0462
1780080241356,2,Pitching Mound.Drive,,Delivery,pitch.1,775168,0.1815,-0.0388,0.2165,0.005,-0.0054,0.0099,0.0,0.0
1780080241356,2,Pitching Mound.Parent,,Delivery,pitch.1,773312,-10.005,-9.2235,100.6048,-94.9469,163.7532,-43.0902,-0.1668,0.0461
1780080241357,2,11.0000004b,Drive,Delivery,pitch.1,775169,0.2018,-0.0495,0.2233,0.0057,-0.0059,0.0102,0.0,0.0
1780080241357,2,12.00000015,Lower Delivery,Delivery,pitch.1,774682,-17.6391,-6.5299,74.7582,-199.9671,114.8558,-29.3767,-0.1575,-0.2742
1780080241357,2,12.00000018,Upper Delivery,Delivery,pitch.1,775969,7.4302,-2.545,25.341,87.558,48.3057,-22.21,-0.1954,0.327
1780080241357,2,Pitching Mound.Delivery,,Delivery,pitch.1,774057,-10.2088,-9.0749,100.0992,-95.6073,163.1615,-43.0632,-0.1671,0.0459
1780080241357,2,Pitching Mound.Drive,,Delivery,pitch.1,775169,0.2018,-0.0495,0.2233,0.0057,-0.0059,0.0102,0.0,0.0
1780080241357,2,Pitching Mound.Parent,,Delivery,pitch.1,773313,-10.0071,-9.1244,100.3224,-95.6015,163.1556,-43.053,-0.1667,0.0458
1780080241358,2,11.0000004b,Drive,Delivery,pitch.1,775170,0.2036,-0.0489,0.2259,0.0065,-0.0053,0.0102,0.0,0.0
1780080241358,2,12.00000015,Lower Delivery,Delivery,pitch.1,774683,-17.6071,-6.4504,74.6874,-199.8435,114.8609,-29.4158,-0.1576,-0.2742
1780080241358,2,12.00000018,Upper Delivery,Delivery,pitch.1,775970,7.3588,-2.4944,25.2168,87.4591,48.1527,-22.0681,-0.1957,0.327
1780080241358,2,Pitching Mound.Delivery,,Delivery,pitch.1,774058,-10.2483,-8.9448,99.9042,-95.5644,163.0136,-42.9954,-0.1672,0.0459
1780080241358,2,Pitching Mound.Drive,,Delivery,pitch.1,775170,0.2036,-0.0489,0.2259,0.0065,-0.0053,0.0102,0.0,0.0
1780080241358,2,Pitching Mound.Parent,,Delivery,pitch.1,773314,-10.0447,-8.9937,100.1301,-95.5579,163.0084,-42.9852,-0.1669,0.0458
1780080241359,2,11.0000004b,Drive,Delivery,pitch.1,775171,0.2123,-0.0508,0.2507,0.0063,-0.0056,0.0106,0.0,0.0
1780080241359,2,12.00000015,Lower Delivery,Delivery,pitch.1,774684,-17.5404,-6.3752,74.4687,-199.5833,114.6999,-29.4531,-0.1579,-0.2747
1780080241359,2,12.00000018,Upper Delivery,Delivery,pitch.1,775971,7.2981,-2.4909,25.1548,87.1122,47.9179,-21.9525,-0.1952,0.327
1780080241359,2,Pitching Mound.Delivery,,Delivery,pitch.1,774059,-10.2423,-8.8661,99.6235,-95.7044,162.6178,-42.9605,-0.1673,0.0455
1780080241359,2,Pitching Mound.Drive,,Delivery,pitch.1,775171,0.2123,-0.0508,0.2507,0.0063,-0.0056,0.0106,0.0,0.0
1780080241359,2,Pitching Mound.Parent,,Delivery,pitch.1,773315,-10.03,-8.9169,99.8742,-95.6981,162.6122,-42.9499,-0.1669,0.0454
1780080241360,2,11.0000004b,Drive,Delivery,pitch.1,775172,0.1973,-0.0458,0.2389,0.0069,-0.0046,0.0093,0.0,0.0
1780080241360,2,12.00000015,Lower Delivery,Delivery,pitch.1,774685,-17.5001,-6.2894,74.4608,-199.6301,114.9447,-29.5836,-0.1582,-0.2748
1780080241360,2,12.00000018,Upper Delivery,Delivery,pitch.1,775972,7.2618,-2.4555,25.0253,86.6816,47.5834,-21.7786,-0.1949,0.327
1780080241360,2,Pitching Mound.Delivery,,Delivery,pitch.1,774060,-10.2383,-8.7449,99.4861,-96.1404,162.5281,-42.9431,-0.1674,0.0455
1780080241360,2,Pitching Mound.Drive,,Delivery,pitch.1,775172,0.1973,-0.0458,0.2389,0.0069,-0.0046,0.0093,0.0,0.0
1780080241360,2,Pitching Mound.Parent,,Delivery,pitch.1,773316,-10.041,-8.7907,99.725,-96.1336,162.5234,-42.9338,-0.167,0.0454
1780080241361,2,11.0000004b,Drive,Delivery,pitch.1,775173,0.1862,-0.0444,0.2076,0.0046,-0.0046,0.0114,0.0,0.0
1780080241361,2,12.00000015,Lower Delivery,Delivery,pitch.1,774686,-17.4467,-6.1962,74.2729,-199.4835,114.8503,-29.6205,-0.1585,-0.2753
1780080241361,2,12.00000018,Upper Delivery,Delivery,pitch.1,775973,7.2117,-2.4406,24.8826,86.1844,47.1989,-21.6191,-0.1944,0.327
1780080241361,2,Pitching Mound.Delivery,,Delivery,pitch.1,774061,-10.235,-8.6368,99.1556,-96.5065,162.0492,-42.8558,-0.1675,0.0452
1780080241361,2,Pitching Mound.Drive,,Delivery,pitch.1,775173,0.1862,-0.0444,0.2076,0.0046,-0.0046,0.0114,0.0,0.0
1780080241361,2,Pitching Mound.Parent,,Delivery,pitch.1,773317,-10.0488,-8.6812,99.3632,-96.5019,162.0447,-42.8444,-0.1672,0.0451
1780080241362,2,11.0000004b,Drive,Delivery,pitch.1,775174,0.1755,-0.0361,0.2117,0.005,-0.005,0.0108,0.0,0.0
1780080241362,2,12.00000015,Lower Delivery,Delivery,pitch.1,774687,-17.3741,-6.1386,74.0535,-199.2364,114.7968,-29.713,-0.1589,-0.2758
1780080241362,2,12.00000018,Upper Delivery,Delivery,pitch.1,775974,7.1343,-2.3879,24.7855,85.0755,46.4876,-21.459,-0.1922,0.327
1780080241362,2,Pitching Mound.Delivery,,Delivery,pitch.1,774062,-10.2397,-8.5265,98.839,-97.4098,161.2844,-42.8391,-0.1673,0.0449
1780080241362,2,Pitching Mound.Drive,,Delivery,pitch.1,775174,0.1755,-0.0361,0.2117,0.005,-0.005,0.0108,0.0,0.0
1780080241362,2,Pitching Mound.Parent,,Delivery,pitch.1,773318,-10.0642,-8.5627,99.0508,-97.4048,161.2794,-42.8284,-0.1669,0.0448
1780080241363,2,11.0000004b,Drive,Delivery,pitch.1,775175,0.2061,-0.0522,0.2264,0.0048,-0.0043,0.0121,0.0,0.0
1780080241363,2,12.00000015,Lower Delivery,Delivery,pitch.1,774688,-17.3364,-6.0599,73.9665,-199.0322,114.509,-29.7611,-0.1587,-0.2758
1780080241363,2,12.00000018,Upper Delivery,Delivery,pitch.1,775975,7.0956,-2.3671,24.5785,84.2994,46.0174,-21.319,-0.1919,0.327
1780080241363,2,Pitching Mound.Delivery,,Delivery,pitch.1,774063,-10.2408,-8.427,98.545,-97.9409,160.5264,-42.7732,-0.167,0.045
1780080241363,2,Pitching Mound.Drive,,Delivery,pitch.1,775175,0.2061,-0.0522,0.2264,0.0048,-0.0043,0.0121,0.0,0.0
1780080241363,2,Pitching Mound.Parent,,Delivery,pitch.1,773319,-10.0347,-8.4792,98.7715,-97.9361,160.5221,-42.7611,-0.1666,0.0449
1780080241364,2,11.0000004b,Drive,Delivery,pitch.1,775176,0.2174,-0.0549,0.2365,0.0049,-0.0047,0.0123,0.0,0.0
1780080241364,2,12.00000015,Lower Delivery,Delivery,pitch.1,774689,-17.2859,-5.9678,73.8296,-198.9013,114.326,-29.8751,-0.1587,-0.2761
1780080241364,2,12.00000018,Upper Delivery,Delivery,pitch.1,775976,7.0482,-2.336,24.574,84.1039,45.8438,-21.1616,-0.1912,0.327
1780080241364,2,Pitching Mound.Delivery,,Delivery,pitch.1,774064,-10.2377,-8.3038,98.4037,-98.0504,160.1698,-42.7631,-0.1668,0.0447
1780080241364,2,Pitching Mound.Drive,,Delivery,pitch.1,775176,0.2174,-0.0549,0.2365,0.0049,-0.0047,0.0123,0.0,0.0
1780080241364,2,Pitching Mound.Parent,,Delivery,pitch.1,773320,-10.0203,-8.3586,98.6402,-98.0456,160.1651,-42.7509,-0.1664,0.0446
1780080241365,2,11.0000004b,Drive,Delivery,pitch.1,775177,0.1936,-0.0497,0.2076,0.0035,-0.003,0.0129,0.0,0.0
1780080241365,2,12.00000015,Lower Delivery,Delivery,pitch.1,774690,-17.2311,-5.8844,73.8164,-198.8254,114.1238,-30.0158,-0.1585,-0.2761
1780080241365,2,12.00000018,Upper Delivery,Delivery,pitch.1,775977,6.9855,-2.2878,24.3885,83.4091,45.4547,-20.9479,-0.191,0.327
1780080241365,2,Pitching Mound.Delivery,,Delivery,pitch.1,774065,-10.2456,-8.1722,98.2049,-98.6107,159.5785,-42.73,-0.1665,0.0448
1780080241365,2,Pitching Mound.Drive,,Delivery,pitch.1,775177,0.1936,-0.0497,0.2076,0.0035,-0.003,0.0129,0.0,0.0
1780080241365,2,Pitching Mound.Parent,,Delivery,pitch.1,773321,-10.052,-8.2219,98.4125,-98.6072,159.5755,-42.7172,-0.1662,0.0447
1780080241366,2,11.0000004b,Drive,Delivery,pitch.1,775178,0.1993,-0.0508,0.2119,0.0034,-0.0019,0.0128,0.0,0.0
1780080241366,2,12.00000015,Lower Delivery,Delivery,pitch.1,774691,-17.196,-5.7869,73.6488,-198.4136,113.7464,-30.1314,-0.1583,-0.2761
1780080241366,2,12.00000018,Upper Delivery,Delivery,pitch.1,775978,6.8471,-2.2167,23.9667,81.375,44.0864,-20.7267,-0.1885,0.327
1780080241366,2,Pitching Mound.Delivery,,Delivery,pitch.1,774066,-10.3489,-8.0036,97.6155,-100.1466,157.8328,-42.6834,-0.1657,0.045
1780080241366,2,Pitching Mound.Drive,,Delivery,pitch.1,775178,0.1993,-0.0508,0.2119,0.0034,-0.0019,0.0128,0.0,0.0
1780080241366,2,Pitching Mound.Parent,,Delivery,pitch.1,773322,-10.1496,-8.0545,97.8274,-100.1432,157.8309,-42.6706,-0.1654,0.0449
1780080241367,2,11.0000004b,Drive,Delivery,pitch.1,775179,0.1926,-0.0479,0.2114,0.0048,-0.0034,0.0116,0.0,0.0
1780080241367,2,12.00000015,Lower Delivery,Delivery,pitch.1,774692,-17.167,-5.6971,73.5561,-198.2244,113.2763,-30.2207,-0.1578,-0.2762
1780080241367,2,12.00000018,Upper Delivery,Delivery,pitch.1,775979,6.8015,-2.1704,23.8959,80.9384,43.8216,-20.5285,-0.188,0.327
1780080241367,2,Pitching Mound.Delivery,,Delivery,pitch.1,774067,-10.3655,-7.8675,97.452,-100.4015,157.0979,-42.6,-0.1652,0.045
1780080241367,2,Pitching Mound.Drive,,Delivery,pitch.1,775179,0.1926,-0.0479,0.2114,0.0048,-0.0034,0.0116,0.0,0.0
1780080241367,2,Pitching Mound.Parent,,Delivery,pitch.1,773323,-10.1728,-7.9154,97.6634,-100.3968,157.0945,-42.5884,-0.1649,0.0449
1780080241368,2,11.0000004b,Drive,Delivery,pitch.1,775180,0.201,-0.0491,0.2306,0.0049,-0.0014,0.012,0.0,0.0
1780080241368,2,12.00000015,Lower Delivery,Delivery,pitch.1,774693,-17.1469,-5.6104,73.4796,-198.0026,113.0001,-30.3297,-0.1576,-0.2762
1780080241368,2,12.00000018,Upper Delivery,Delivery,pitch.1,775980,6.7322,-2.1231,23.6346,80.115,43.4968,-20.294,-0.1886,0.327
1780080241368,2,Pitching Mound.Delivery,,Delivery,pitch.1,774068,-10.4147,-7.7335,97.1142,-100.9403,156.4969,-42.5048,-0.1652,0.0451
1780080241368,2,Pitching Mound.Drive,,Delivery,pitch.1,775180,0.201,-0.0491,0.2306,0.0049,-0.0014,0.012,0.0,0.0
1780080241368,2,Pitching Mound.Parent,,Delivery,pitch.1,773324,-10.2137,-7.7826,97.3448,-100.9354,156.4955,-42.4928,-0.1648,0.045
1780080241369,2,11.0000004b,Drive,Delivery,pitch.1,775181,0.1989,-0.0473,0.2376,0.0053,-0.0035,0.0111,0.0,0.0
1780080241369,2,12.00000015,Lower Delivery,Delivery,pitch.1,774694,-17.1163,-5.5401,73.3368,-197.723,112.6551,-30.4366,-0.1574,-0.2763
1780080241369,2,12.00000018,Upper Delivery,Delivery,pitch.1,775981,6.6964,-2.0827,23.481,79.4571,43.1712,-20.1147,-0.1884,0.327
1780080241369,2,Pitching Mound.Delivery,,Delivery,pitch.1,774069,-10.4199,-7.6228,96.8178,-101.3149,155.8263,-42.455,-0.165,0.0451
1780080241369,2,Pitching Mound.Drive,,Delivery,pitch.1,775181,0.1989,-0.0473,0.2376,0.0053,-0.0035,0.0111,0.0,0.0
1780080241369,2,Pitching Mound.Parent,,Delivery,pitch.1,773325,-10.2209,-7.6701,97.0554,-101.3096,155.8229,-42.4439,-0.1646,0.045
1780080241370,2,11.0000004b,Drive,Delivery,pitch.1,775182,0.1951,-0.0449,0.2465,0.0052,-0.006,0.011,0.0,0.0
1780080241370,2,12.00000015,Lower Delivery,Delivery,pitch.1,774695,-17.1235,-5.4424,73.3466,-197.8608,112.6891,-30.4939,-0.1575,-0.2765
1780080241370,2,12.00000018,Upper Delivery,Delivery,pitch.1,775982,6.6015,-2.0008,23.2282,78.4641,42.3097,-19.8876,-0.1867,0.327
1780080241370,2,Pitching Mound.Delivery,,Delivery,pitch.1,774070,-10.522,-7.4433,96.5748,-102.3564,154.9988,-42.3149,-0.1645,0.0451
1780080241370,2,Pitching Mound.Drive,,Delivery,pitch.1,775182,0.1951,-0.0449,0.2465,0.0052,-0.006,0.011,0.0,0.0
1780080241370,2,Pitching Mound.Parent,,Delivery,pitch.1,773326,-10.3269,-7.4882,96.8213,-102.3513,154.9929,-42.3039,-0.1641,0.045
1780080241371,2,11.0000004b,Drive,Delivery,pitch.1,775183,0.2111,-0.0496,0.2618,0.0056,-0.0068,0.0112,0.0,0.0
1780080241371,2,11.0000004b,Drive,Delivery,pitch.1,775184,0.1906,-0.0434,0.2399,0.0063,-0.0072,0.01,0.0,0.0
1780080241371,2,12.00000015,Lower Delivery,Delivery,pitch.1,774696,-17.1258,-5.3616,73.2364,-197.5497,112.4516,-30.5524,-0.1574,-0.2765
1780080241371,2,12.00000018,Upper Delivery,Delivery,pitch.1,775983,6.5136,-1.9645,23.046,77.9371,42.1018,-19.7527,-0.1872,0.327
1780080241371,2,Pitching Mound.Delivery,,Delivery,pitch.1,774071,-10.6122,-7.3261,96.2824,-102.5478,154.5534,-42.2678,-0.1645,0.0452
1780080241371,2,Pitching Mound.Drive,,Delivery,pitch.1,775183,0.2111,-0.0496,0.2618,0.0056,-0.0068,0.0112,0.0,0.0
1780080241371,2,Pitching Mound.Drive,,Delivery,pitch.1,775184,0.1906,-0.0434,0.2399,0.0063,-0.0072,0.01,0.0,0.0
1780080241371,2,Pitching Mound.Parent,,Delivery,pitch.1,773327,-10.4011,-7.3757,96.5442,-102.5422,154.5466,-42.2565,-0.1641,0.0451
1780080241372,2,12.00000015,Lower Delivery,Delivery,pitch.1,774697,-17.1074,-5.2707,73.1789,-197.5042,112.3225,-30.5907,-0.1573,-0.2766
1780080241372,2,12.00000018,Upper Delivery,Delivery,pitch.1,775984,6.4645,-1.8922,22.8986,77.5899,41.9052,-19.5695,-0.1876,0.327
1780080241372,2,Pitching Mound.Delivery,,Delivery,pitch.1,774072,-10.643,-7.163,96.0775,-102.819,154.2277,-42.1458,-0.1645,0.0452
1780080241372,2,Pitching Mound.Parent,,Delivery,pitch.1,773328,-10.4524,-7.2063,96.3175,-102.8127,154.2205,-42.1358,-0.1641,0.0451
1780080241373,2,11.0000004b,Drive,Delivery,pitch.1,775186,0.1812,-0.04,0.2279,0.007,-0.0079,0.0092,0.0,0.0
1780080241373,2,11.0000004b,Drive,Delivery,pitch.1,775185,0.185,-0.0419,0.2293,0.0067,-0.0092,0.009,0.0,0.0
1780080241373,2,12.00000015,Lower Delivery,Delivery,pitch.1,774698,-17.0704,-5.176,73.1294,-197.4828,112.3579,-30.5841,-0.1575,-0.2768
1780080241373,2,12.00000018,Upper Delivery,Delivery,pitch.1,775985,6.3588,-1.8771,22.6177,77.7573,42.0503,-19.4873,-0.1906,0.327
1780080241373,2,Pitching Mound.Delivery,,Delivery,pitch.1,774073,-10.7116,-7.0531,95.7471,-102.5514,154.4081,-42.1055,-0.1653,0.0452
1780080241373,2,Pitching Mound.Drive,,Delivery,pitch.1,775186,0.1812,-0.04,0.2279,0.007,-0.0079,0.0092,0.0,0.0
1780080241373,2,Pitching Mound.Drive,,Delivery,pitch.1,775185,0.185,-0.0419,0.2293,0.0067,-0.0092,0.009,0.0,0.0
1780080241373,2,Pitching Mound.Parent,,Delivery,pitch.1,773329,-10.5266,-7.095,95.9764,-102.5448,154.399,-42.0965,-0.1649,0.0451
1780080241374,2,12.00000015,Lower Delivery,Delivery,pitch.1,774699,-17.046,-5.0935,73.0152,-197.3093,112.2521,-30.5968,-0.1576,-0.277
1780080241374,2,12.00000018,Upper Delivery,Delivery,pitch.1,775986,6.3033,-1.8256,22.4689,77.1232,41.704,-19.2959,-0.1902,0.327
1780080241374,2,Pitching Mound.Delivery,,Delivery,pitch.1,774074,-10.7427,-6.9191,95.4842,-103.0003,153.956,-41.9539,-0.1653,0.0451
1780080241374,2,Pitching Mound.Parent,,Delivery,pitch.1,773330,-10.5615,-6.9591,95.7121,-102.9933,153.9481,-41.9447,-0.1649,0.045
1780080241375,2,11.0000004b,Drive,Delivery,pitch.1,775187,0.1844,-0.0403,0.2399,0.0067,-0.0078,0.0091,0.0,0.0
1780080241375,2,12.00000015,Lower Delivery,Delivery,pitch.1,774700,-16.997,-5.0141,72.9514,-197.0901,112.244,-30.4988,-0.1577,-0.2769
1780080241375,2,12.00000018,Upper Delivery,Delivery,pitch.1,775987,6.2042,-1.773,22.1852,75.8457,40.7759,-19.2337,-0.1884,0.327
1780080241375,2,Pitching Mound.Delivery,,Delivery,pitch.1,774075,-10.7928,-6.7871,95.1366,-103.9839,153.0199,-41.8441,-0.1649,0.0454
1780080241375,2,Pitching Mound.Drive,,Delivery,pitch.1,775187,0.1844,-0.0403,0.2399,0.0067,-0.0078,0.0091,0.0,0.0
1780080241375,2,Pitching Mound.Parent,,Delivery,pitch.1,773331,-10.6084,-6.8274,95.3765,-103.9773,153.0121,-41.835,-0.1644,0.0452
1780080241376,2,11.0000004b,Drive,Delivery,pitch.1,775188,0.2071,-0.0491,0.2357,0.0092,-0.0078,0.0089,0.0,0.0
1780080241376,2,11.0000004b,Drive,Delivery,pitch.1,775189,0.2242,-0.0478,0.2599,0.0116,-0.0102,0.0082,0.0,0.0
1780080241376,2,12.00000015,Lower Delivery,Delivery,pitch.1,774701,-16.9681,-4.9153,72.8396,-196.877,111.9548,-30.4168,-0.1575,-0.277
1780080241376,2,12.00000018,Upper Delivery,Delivery,pitch.1,775988,7.0658,-0.3155,26.1892,73.0149,34.2337,-15.5991,-0.134,0.2858
1780080241376,2,Pitching Mound.Delivery,,Delivery,pitch.1,774076,-9.9023,-5.2307,99.0288,-108.001,146.1884,-37.8445,-0.1513,0.032
1780080241376,2,Pitching Mound.Drive,,Delivery,pitch.1,775188,0.2071,-0.0491,0.2357,0.0092,-0.0078,0.0089,0.0,0.0
1780080241376,2,Pitching Mound.Drive,,Delivery,pitch.1,775189,0.2242,-0.0478,0.2599,0.0116,-0.0102,0.0082,0.0,0.0
1780080241376,2,Pitching Mound.Parent,,Delivery,pitch.1,773332,-9.6952,-5.2799,99.2645,-107.9917,146.1807,-37.8356,-0.1509,0.0319
1780080241377,2,12.00000015,Lower Delivery,Delivery,pitch.1,774702,-16.9043,-4.8121,72.8251,-196.6103,111.7699,-30.3345,-0.1573,-0.2767
1780080241377,2,12.00000018,Upper Delivery,Delivery,pitch.1,775989,6.071,-1.683,21.8026,74.4178,39.68,-19.0837,-0.1865,0.327
1780080241377,2,Pitching Mound.Delivery,,Delivery,pitch.1,774077,-10.8333,-6.4952,94.6277,-104.8448,151.4499,-41.6066,-0.164,0.0457
1780080241377,2,Pitching Mound.Parent,,Delivery,pitch.1,773333,-10.609,-6.543,94.8876,-104.8332,151.4397,-41.5984,-0.1636,0.0456
1780080241378,2,11.0000004b,Drive,Delivery,pitch.1,775190,0.2125,-0.0489,0.2507,0.0073,-0.0093,0.0093,0.0,0.0
1780080241378,2,11.0000004b,Drive,Delivery,pitch.1,775191,0.2012,-0.0464,0.2307,0.0068,-0.0104,0.0095,0.0,0.0
1780080241378,2,12.00000015,Lower Delivery,Delivery,pitch.1,774703,-16.8301,-4.7368,72.7095,-196.1411,111.5807,-30.2143,-0.1573,-0.2765
1780080241378,2,12.00000018,Upper Delivery,Delivery,pitch.1,775990,6.0528,-1.6817,21.766,74.7629,40.1096,-19.1418,-0.1889,0.327
1780080241378,2,Pitching Mound.Delivery,,Delivery,pitch.1,774078,-10.7773,-6.4185,94.4754,-104.0574,151.6903,-41.5759,-0.1646,0.0459
1780080241378,2,Pitching Mound.Drive,,Delivery,pitch.1,775190,0.2125,-0.0489,0.2507,0.0073,-0.0093,0.0093,0.0,0.0
1780080241378,2,Pitching Mound.Drive,,Delivery,pitch.1,775191,0.2012,-0.0464,0.2307,0.0068,-0.0104,0.0095,0.0,0.0
1780080241378,2,Pitching Mound.Parent,,Delivery,pitch.1,773334,-10.5648,-6.4674,94.7262,-104.0501,151.681,-41.5667,-0.1641,0.0458
1780080241379,2,12.00000015,Lower Delivery,Delivery,pitch.1,774704,-16.7668,-4.6351,72.6168,-195.738,111.2227,-30.076,-0.157,-0.2763
1780080241379,2,12.00000018,Upper Delivery,Delivery,pitch.1,775991,5.988,-1.675,21.5654,74.3922,39.8942,-19.1359,-0.1896,0.327
1780080241379,2,Pitching Mound.Delivery,,Delivery,pitch.1,774079,-10.7788,-6.3101,94.1822,-103.9884,151.1169,-41.4753,-0.1645,0.0462
1780080241379,2,Pitching Mound.Parent,,Delivery,pitch.1,773335,-10.5776,-6.3565,94.4129,-103.9816,151.1065,-41.4658,-0.1641,0.0461
1780080241380,2,11.0000004b,Drive,Delivery,pitch.1,775193,0.2152,-0.0569,0.1959,0.018,0.0025,0.0085,0.0,0.0
1780080241380,2,11.0000004b,Drive,Delivery,pitch.1,775192,0.2127,-0.0542,0.2134,0.0107,-0.002,0.0093,0.0,0.0
1780080241380,2,12.00000015,Lower Delivery,Delivery,pitch.1,774705,-16.6546,-4.5761,72.6182,-195.4392,111.265,-30.0185,-0.157,-0.2758
1780080241380,2,12.00000018,Upper Delivery,Delivery,pitch.1,775992,5.9391,-1.6266,21.4606,73.939,39.6659,-19.0586,-0.1894,0.327
1780080241380,2,Pitching Mound.Delivery,,Delivery,pitch.1,774080,-10.7154,-6.2027,94.0789,-104.1067,150.9309,-41.3953,-0.1644,0.0466
1780080241380,2,Pitching Mound.Drive,,Delivery,pitch.1,775193,0.2152,-0.0569,0.1959,0.018,0.0025,0.0085,0.0,0.0
1780080241380,2,Pitching Mound.Drive,,Delivery,pitch.1,775192,0.2127,-0.0542,0.2134,0.0107,-0.002,0.0093,0.0,0.0
1780080241380,2,Pitching Mound.Parent,,Delivery,pitch.1,773336,-10.5028,-6.2569,94.2923,-104.0959,150.929,-41.3859,-0.1641,0.0465
1780080241381,2,11.0000004b,Drive,Delivery,pitch.1,775194,0.2195,-0.06,0.1837,0.0151,0.0018,0.0094,0.0,0.0
1780080241381,2,12.00000015,Lower Delivery,Delivery,pitch.1,774706,-16.5729,-4.4935,72.6013,-194.8141,110.8216,-29.8351,-0.1565,-0.275
1780080241381,2,12.00000018,Upper Delivery,Delivery,pitch.1,775993,5.8695,-1.6172,21.1937,73.4212,39.4191,-19.0253,-0.1906,0.327
1780080241381,2,Pitching Mound.Delivery,,Delivery,pitch.1,774081,-10.7034,-6.1107,93.795,-103.9144,150.2406,-41.23,-0.1642,0.0474
1780080241381,2,Pitching Mound.Drive,,Delivery,pitch.1,775194,0.2195,-0.06,0.1837,0.0151,0.0018,0.0094,0.0,0.0
1780080241381,2,Pitching Mound.Parent,,Delivery,pitch.1,773337,-10.4882,-6.1676,93.9909,-103.8964,150.2431,-41.2214,-0.1638,0.0473
1780080241382,2,11.0000004b,Drive,Delivery,pitch.1,775195,0.2318,-0.0632,0.1998,0.0124,0.0002,0.0091,0.0,0.0
1780080241382,2,12.00000015,Lower Delivery,Delivery,pitch.1,774707,-16.4739,-4.4281,72.5535,-194.2553,110.5787,-29.7298,-0.1562,-0.2744
1780080241382,2,12.00000018,Upper Delivery,Delivery,pitch.1,775994,5.8556,-1.5744,21.0049,72.6312,39.0418,-18.8718,-0.1905,0.327
1780080241382,2,Pitching Mound.Delivery,,Delivery,pitch.1,774082,-10.6183,-6.0025,93.5584,-104.0976,149.6204,-41.0096,-0.1639,0.0479
1780080241382,2,Pitching Mound.Drive,,Delivery,pitch.1,775195,0.2318,-0.0632,0.1998,0.0124,0.0002,0.0091,0.0,0.0
1780080241382,2,Pitching Mound.Parent,,Delivery,pitch.1,773338,-10.3988,-6.0625,93.7421,-104.0825,149.6223,-41.0002,-0.1636,0.0478
1780080241383,2,11.0000004b,Drive,Delivery,pitch.1,775196,0.2138,-0.0569,0.1891,0.0064,-0.0053,0.0108,0.0,0.0
1780080241383,2,12.00000015,Lower Delivery,Delivery,pitch.1,774708,-16.378,-4.358,72.5379,-193.8599,110.4254,-29.6972,-0.156,-0.2739
1780080241383,2,12.00000018,Upper Delivery,Delivery,pitch.1,775995,5.825,-1.5528,20.8282,71.8965,38.5249,-18.7225,-0.1896,0.327
1780080241383,2,Pitching Mound.Delivery,,Delivery,pitch.1,774083,-10.5529,-5.9108,93.3661,-104.3821,148.9502,-40.8706,-0.1635,0.0484
1780080241383,2,Pitching Mound.Drive,,Delivery,pitch.1,775196,0.2138,-0.0569,0.1891,0.0064,-0.0053,0.0108,0.0,0.0
1780080241383,2,Pitching Mound.Parent,,Delivery,pitch.1,773339,-10.3211,-5.974,93.5659,-104.3697,148.9505,-40.8615,-0.1632,0.0483
1780080241384,2,11.0000004b,Drive,Delivery,pitch.1,775197,0.2002,-0.0519,0.189,0.0064,-0.0079,0.0097,0.0,0.0
1780080241384,2,12.00000015,Lower Delivery,Delivery,pitch.1,774709,-16.2919,-4.2815,72.466,-193.4601,110.0327,-29.5547,-0.1556,-0.2736
1780080241384,2,12.00000015,Lower Delivery,Delivery,pitch.1,774710,-16.1919,-4.1986,72.463,-193.2283,109.7762,-29.4925,-0.1553,-0.2733
1780080241384,2,12.00000018,Upper Delivery,Delivery,pitch.1,775996,5.7944,-1.4987,20.6801,70.9644,38.0062,-18.5733,-0.1884,0.327
1780080241384,2,Pitching Mound.Delivery,,Delivery,pitch.1,774084,-10.4976,-5.7802,93.146,-104.8885,148.0389,-40.6186,-0.1629,0.0488
1780080241384,2,Pitching Mound.Drive,,Delivery,pitch.1,775197,0.2002,-0.0519,0.189,0.0064,-0.0079,0.0097,0.0,0.0
1780080241384,2,Pitching Mound.Parent,,Delivery,pitch.1,773340,-10.2837,-5.8371,93.3351,-104.8821,148.0337,-40.6078,-0.1626,0.0487
1780080241385,2,11.0000004b,Drive,Delivery,pitch.1,775198,0.1778,-0.0434,0.1851,0.0054,-0.0095,0.0096,0.0,0.0
1780080241385,2,12.00000015,Lower Delivery,Delivery,pitch.1,774711,-16.0883,-4.1234,72.3463,-192.7444,109.606,-29.4615,-0.1553,-0.2731
1780080241385,2,12.00000018,Upper Delivery,Delivery,pitch.1,775997,5.8034,-1.4814,20.7563,72.0415,38.9945,-18.4178,-0.1926,0.327
1780080241385,2,Pitching Mound.Delivery,,Delivery,pitch.1,774085,-10.3885,-5.6799,93.2194,-103.6066,148.7707,-40.4319,-0.1636,0.049
1780080241385,2,Pitching Mound.Drive,,Delivery,pitch.1,775198,0.1778,-0.0434,0.1851,0.0054,-0.0095,0.0096,0.0,0.0
1780080241385,2,Pitching Mound.Parent,,Delivery,pitch.1,773341,-10.1883,-5.7319,93.4084,-103.6002,148.7627,-40.4222,-0.1632,0.0489
1780080241386,2,11.0000004b,Drive,Delivery,pitch.1,775199,0.1797,-0.041,0.2074,0.0048,-0.0075,0.0097,0.0,0.0
1780080241386,2,12.00000015,Lower Delivery,Delivery,pitch.1,774712,-16.0036,-4.0244,72.2818,-192.3706,109.2602,-29.4044,-0.1549,-0.2728
1780080241386,2,12.00000018,Upper Delivery,Delivery,pitch.1,775998,5.752,-1.4281,20.4734,70.6518,38.0202,-18.1816,-0.1903,0.327
1780080241386,2,Pitching Mound.Delivery,,Delivery,pitch.1,774086,-10.3363,-5.5515,92.8196,-104.4558,147.6262,-40.2174,-0.163,0.0493
1780080241386,2,Pitching Mound.Drive,,Delivery,pitch.1,775199,0.1797,-0.041,0.2074,0.0048,-0.0075,0.0097,0.0,0.0
1780080241386,2,Pitching Mound.Parent,,Delivery,pitch.1,773342,-10.1585,-5.595,93.0047,-104.4504,147.6167,-40.2078,-0.1627,0.0492
1780080241387,2,11.0000004b,Drive,Delivery,pitch.1,775200,0.1757,-0.0417,0.1937,0.0049,-0.0075,0.0101,0.0,0.0
1780080241387,2,12.00000015,Lower Delivery,Delivery,pitch.1,774713,-15.9176,-3.9314,72.1052,-191.8403,108.9562,-29.3431,-0.1549,-0.2727
1780080241387,2,12.00000018,Upper Delivery,Delivery,pitch.1,775999,5.7061,-1.3902,20.3149,69.7013,37.4426,-17.9291,-0.1889,0.327
1780080241387,2,Pitching Mound.Delivery,,Delivery,pitch.1,774087,-10.2975,-5.4146,92.5967,-105.0005,146.7028,-39.9522,-0.1624,0.0496
1780080241387,2,Pitching Mound.Drive,,Delivery,pitch.1,775200,0.1757,-0.0417,0.1937,0.0049,-0.0075,0.0101,0.0,0.0
1780080241387,2,Pitching Mound.Parent,,Delivery,pitch.1,773343,-10.1178,-5.4556,92.8041,-104.9957,146.6952,-39.9425,-0.162,0.0495
1780080241388,2,11.0000004b,Drive,Delivery,pitch.1,775201,0.1921,-0.0402,0.2205,0.0062,-0.0044,0.0098,0.0,0.0
1780080241388,2,12.00000018,Upper Delivery,Delivery,pitch.1,776000,5.6433,-1.3618,20.2455,69.4228,37.2363,-17.6869,-0.1885,0.327
1780080241388,2,Pitching Mound.Delivery,,Delivery,pitch.1,774088,-10.2743,-5.2932,92.3506,-104.7852,146.1926,-39.6994,-0.1623,0.0497
1780080241388,2,Pitching Mound.Drive,,Delivery,pitch.1,775201,0.1921,-0.0402,0.2205,0.0062,-0.0044,0.0098,0.0,0.0
1780080241388,2,Pitching Mound.Parent,,Delivery,pitch.1,773344,-10.0986,-5.335,92.5443,-104.7803,146.185,-39.6892,-0.1619,0.0496
1780080241389,2,11.0000004b,Drive,Delivery,pitch.1,775202,0.2173,-0.0241,0.2711,0.0059,-0.0049,0.0099,0.0,0.0
1780080241389,2,12.00000015,Lower Delivery,Delivery,pitch.1,774714,-15.8503,-3.8197,71.9524,-191.6384,108.724,-29.3481,-0.1549,-0.273
1780080241389,2,12.00000018,Upper Delivery,Delivery,pitch.1,776001,5.5897,-1.3233,20.1286,68.8798,37.1022,-17.4433,-0.1889,0.327
1780080241389,2,Pitching Mound.Delivery,,Delivery,pitch.1,774089,-10.2606,-5.1429,92.081,-105.1386,145.8262,-39.5018,-0.1623,0.0495
1780080241389,2,Pitching Mound.Drive,,Delivery,pitch.1,775202,0.2173,-0.0241,0.2711,0.0059,-0.0049,0.0099,0.0,0.0
1780080241389,2,Pitching Mound.Parent,,Delivery,pitch.1,773345,-10.0685,-5.1832,92.3015,-105.1324,145.8217,-39.4921,-0.1619,0.0494
1780080241390,2,11.0000004b,Drive,Delivery,pitch.1,775203,0.1966,-0.0107,0.2606,0.0044,-0.0047,0.0102,0.0,0.0
1780080241390,2,12.00000015,Lower Delivery,Delivery,pitch.1,774715,-15.7831,-3.7027,71.805,-191.2498,108.4689,-29.3344,-0.1548,-0.273
1780080241390,2,12.00000015,Lower Delivery,Delivery,pitch.1,774716,-15.7179,-3.5791,71.6125,-190.8719,108.0249,-29.2424,-0.1546,-0.2732
1780080241390,2,12.00000018,Upper Delivery,Delivery,pitch.1,776002,5.5161,-1.2843,19.9401,67.6494,36.1929,-17.2088,-0.186,0.327
1780080241390,2,Pitching Mound.Delivery,,Delivery,pitch.1,774090,-10.2669,-4.987,91.7451,-105.9663,144.6618,-39.3014,-0.1616,0.0496
1780080241390,2,Pitching Mound.Drive,,Delivery,pitch.1,775203,0.1966,-0.0107,0.2606,0.0044,-0.0047,0.0102,0.0,0.0
1780080241390,2,Pitching Mound.Parent,,Delivery,pitch.1,773346,-10.0496,-5.0111,92.0162,-105.9604,144.6569,-39.2916,-0.1611,0.0495
1780080241391,2,11.0000004b,Drive,Delivery,pitch.1,775204,0.192,-0.0037,0.251,0.0048,-0.004,0.0104,0.0,0.0
1780080241391,2,12.00000015,Lower Delivery,Delivery,pitch.1,774717,-15.6499,-3.4735,71.4679,-190.6194,108.0293,-29.1988,-0.1549,-0.2734
1780080241391,2,12.00000018,Upper Delivery,Delivery,pitch.1,776003,5.448,-1.2665,19.7719,67.0739,35.9235,-16.9348,-0.1862,0.327
1780080241391,2,Pitching Mound.Delivery,,Delivery,pitch.1,774091,-10.2699,-4.8455,91.3845,-106.1722,143.9484,-38.9809,-0.1614,0.0496
1780080241391,2,Pitching Mound.Drive,,Delivery,pitch.1,775204,0.192,-0.0037,0.251,0.0048,-0.004,0.0104,0.0,0.0
1780080241391,2,Pitching Mound.Parent,,Delivery,pitch.1,773347,-10.0732,-4.8562,91.645,-106.1678,143.9437,-38.9706,-0.161,0.0494
1780080241392,2,11.0000004b,Drive,Delivery,pitch.1,775205,0.1924,0.0099,0.2871,0.0051,-0.0041,0.0096,0.0,0.0
1780080241392,2,12.00000015,Lower Delivery,Delivery,pitch.1,774718,-15.587,-3.3683,71.3708,-190.1611,107.678,-29.0453,-0.1546,-0.2731
1780080241392,2,12.00000018,Upper Delivery,Delivery,pitch.1,776004,5.3706,-1.2097,19.6162,65.9944,35.1737,-16.7166,-0.1838,0.327
1780080241392,2,Pitching Mound.Delivery,,Delivery,pitch.1,774092,-10.2793,-4.6832,91.0841,-106.9955,143.203,-38.7684,-0.1611,0.0495
1780080241392,2,Pitching Mound.Drive,,Delivery,pitch.1,775205,0.1924,0.0099,0.2871,0.0051,-0.0041,0.0096,0.0,0.0
1780080241392,2,Pitching Mound.Parent,,Delivery,pitch.1,773348,-10.0872,-4.6869,91.3352,-106.9907,143.199,-38.758,-0.1607,0.0493
1780080241393,2,11.0000004b,Drive,Delivery,pitch.1,775206,0.1682,-0.0216,0.2166,0.0057,-0.0017,0.0091,0.0,0.0
1780080241393,2,12.00000015,Lower Delivery,Delivery,pitch.1,774719,-15.5107,-3.2961,71.2245,-189.661,107.6,-28.9311,-0.1548,-0.2729
1780080241393,2,12.00000018,Upper Delivery,Delivery,pitch.1,776005,5.305,-1.1526,19.6215,66.0225,35.3582,-16.5019,-0.1847,0.327
1780080241393,2,Pitching Mound.Delivery,,Delivery,pitch.1,774093,-10.282,-4.5209,90.9923,-106.5439,143.0362,-38.4438,-0.1611,0.0497
1780080241393,2,Pitching Mound.Drive,,Delivery,pitch.1,775206,0.1682,-0.0216,0.2166,0.0057,-0.0017,0.0091,0.0,0.0
1780080241393,2,Pitching Mound.Parent,,Delivery,pitch.1,773349,-10.0896,-4.511,91.2794,-106.5388,143.0322,-38.4343,-0.1606,0.0495
1780080241394,2,11.0000004b,Drive,Delivery,pitch.1,775207,0.1814,-0.0408,0.1995,0.0062,-0.0016,0.009,0.0,0.0
1780080241394,2,12.00000015,Lower Delivery,Delivery,pitch.1,774720,-15.4222,-3.2205,70.9527,-189.1022,107.0613,-28.7813,-0.1547,-0.2732
1780080241394,2,12.00000018,Upper Delivery,Delivery,pitch.1,776006,5.2235,-1.1448,19.4367,64.4788,34.2739,-16.341,-0.1807,0.327
1780080241394,2,Pitching Mound.Delivery,,Delivery,pitch.1,774094,-10.2872,-4.441,90.6612,-107.5744,141.8739,-38.2224,-0.1604,0.0499
1780080241394,2,Pitching Mound.Drive,,Delivery,pitch.1,775207,0.1814,-0.0408,0.1995,0.0062,-0.0016,0.009,0.0,0.0
1780080241394,2,Pitching Mound.Parent,,Delivery,pitch.1,773350,-10.119,-4.4625,90.8778,-107.5687,141.8722,-38.2133,-0.16,0.0498
1780080241395,2,11.0000004b,Drive,Delivery,pitch.1,775208,0.1616,-0.0331,0.189,0.0063,-0.0035,0.0092,0.0,0.0
1780080241395,2,12.00000015,Lower Delivery,Delivery,pitch.1,774721,-15.3337,-3.1316,70.7906,-188.4357,107.0392,-28.6294,-0.155,-0.2728
1780080241395,2,12.00000018,Upper Delivery,Delivery,pitch.1,776007,5.1833,-1.1312,19.5112,65.4398,35.0722,-16.235,-0.1842,0.327
1780080241395,2,Pitching Mound.Delivery,,Delivery,pitch.1,774095,-10.2388,-4.3518,90.4639,-106.1723,142.1336,-38.0105,-0.161,0.0496
1780080241395,2,Pitching Mound.Drive,,Delivery,pitch.1,775208,0.1616,-0.0331,0.189,0.0063,-0.0035,0.0092,0.0,0.0
1780080241395,2,Pitching Mound.Parent,,Delivery,pitch.1,773351,-10.0574,-4.3925,90.6634,-106.1661,142.1319,-38.0015,-0.1607,0.0495
1780080241396,2,11.0000004b,Drive,Delivery,pitch.1,775209,0.1882,-0.0412,0.2089,0.0061,-0.0044,0.0091,0.0,0.0
1780080241396,2,12.00000015,Lower Delivery,Delivery,pitch.1,774722,-15.2473,-3.0619,70.687,-187.9644,106.7769,-28.4517,-0.1548,-0.2725
1780080241396,2,12.00000018,Upper Delivery,Delivery,pitch.1,776008,5.0991,-1.1081,19.1801,63.8241,33.9922,-16.0837,-0.1816,0.327
1780080241396,2,Pitching Mound.Delivery,,Delivery,pitch.1,774096,-10.2345,-4.2397,89.9707,-107.064,141.0313,-37.766,-0.1607,0.0501
1780080241396,2,Pitching Mound.Drive,,Delivery,pitch.1,775209,0.1882,-0.0412,0.2089,0.0061,-0.0044,0.0091,0.0,0.0
1780080241396,2,Pitching Mound.Parent,,Delivery,pitch.1,773352,-10.0729,-4.2729,90.1597,-107.0577,141.0278,-37.7569,-0.1603,0.05
1780080241397,2,11.0000004b,Drive,Delivery,pitch.1,775210,0.184,-0.0331,0.2052,0.0055,-0.0081,0.0091,0.0,0.0
1780080241397,2,12.00000015,Lower Delivery,Delivery,pitch.1,774723,-15.1312,-2.9944,70.521,-187.4384,106.4448,-28.3072,-0.1547,-0.2724
1780080241397,2,12.00000018,Upper Delivery,Delivery,pitch.1,776009,5.0581,-1.085,19.0858,62.9673,33.2985,-15.9571,-0.1788,0.327
1780080241397,2,Pitching Mound.Delivery,,Delivery,pitch.1,774097,-10.1891,-4.1469,89.7728,-107.4527,140.0755,-37.5049,-0.1599,0.0504
1780080241397,2,Pitching Mound.Drive,,Delivery,pitch.1,775210,0.184,-0.0331,0.2052,0.0055,-0.0081,0.0091,0.0,0.0
1780080241397,2,Pitching Mound.Parent,,Delivery,pitch.1,773353,-10.0009,-4.1881,89.9817,-107.4467,140.071,-37.4958,-0.1596,0.0502
1780080241398,2,11.0000004b,Drive,Delivery,pitch.1,775211,0.1991,-0.0365,0.249,0.0062,-0.0126,0.0087,0.0,0.0
1780080241398,2,12.00000015,Lower Delivery,Delivery,pitch.1,774724,-15.0269,-2.926,70.4731,-186.9494,105.9669,-28.1545,-0.1541,-0.2719
1780080241398,2,12.00000018,Upper Delivery,Delivery,pitch.1,776010,5.0137,-1.0513,19.0195,62.5365,33.2271,-15.8839,-0.1791,0.327
1780080241398,2,Pitching Mound.Delivery,,Delivery,pitch.1,774098,-10.1175,-4.0457,89.5405,-107.3914,139.6719,-37.3418,-0.1599,0.0505
1780080241398,2,Pitching Mound.Drive,,Delivery,pitch.1,775211,0.1991,-0.0365,0.249,0.0062,-0.0126,0.0087,0.0,0.0
1780080241398,2,Pitching Mound.Parent,,Delivery,pitch.1,773354,-9.9335,-4.0788,89.7458,-107.3859,139.6638,-37.3327,-0.1595,0.0504
1780080241399,2,11.0000004b,Drive,Delivery,pitch.1,775212,0.2131,-0.0233,0.2838,0.0067,-0.0123,0.0089,0.0,0.0
1780080241399,2,12.00000015,Lower Delivery,Delivery,pitch.1,774725,-14.9081,-2.8454,70.3634,-186.8526,105.942,-27.9991,-0.1543,-0.2722
1780080241399,2,12.00000018,Upper Delivery,Delivery,pitch.1,776011,4.9499,-1.0372,18.8643,61.9921,32.8288,-15.7759,-0.1784,0.327
1780080241399,2,Pitching Mound.Delivery,,Delivery,pitch.1,774099,-10.077,-3.9632,89.3374,-107.4103,138.7957,-37.1383,-0.1592,0.051
1780080241399,2,Pitching Mound.Drive,,Delivery,pitch.1,775212,0.2131,-0.0233,0.2838,0.0067,-0.0123,0.0089,0.0,0.0
1780080241399,2,Pitching Mound.Parent,,Delivery,pitch.1,773355,-9.8779,-3.9997,89.5864,-107.404,138.7831,-37.1296,-0.1588,0.0508
1780080241400,2,11.0000004b,Drive,Delivery,pitch.1,775213,0.1917,-0.0394,0.2242,0.0074,-0.0123,0.0089,0.0,0.0
1780080241400,2,12.00000015,Lower Delivery,Delivery,pitch.1,774726,-14.768,-2.7642,70.3045,-186.4014,105.6982,-27.9022,-0.1541,-0.2717
1780080241400,2,12.00000018,Upper Delivery,Delivery,pitch.1,776012,4.9156,-1.0392,18.7666,61.4399,32.6235,-15.6481,-0.1782,0.327
1780080241400,2,Pitching Mound.Delivery,,Delivery,pitch.1,774100,-9.9925,-3.8847,89.13,-107.8698,138.5656,-36.9072,-0.1593,0.0508
1780080241400,2,Pitching Mound.Drive,,Delivery,pitch.1,775213,0.1917,-0.0394,0.2242,0.0074,-0.0123,0.0089,0.0,0.0
1780080241400,2,Pitching Mound.Parent,,Delivery,pitch.1,773356,-9.7795,-3.908,89.4138,-107.8631,138.5533,-36.8983,-0.1588,0.0506
1780080241401,2,11.0000004b,Drive,Delivery,pitch.1,775214,0.2046,-0.0437,0.2432,0.0075,-0.0126,0.0091,0.0,0.0
1780080241401,2,12.00000015,Lower Delivery,Delivery,pitch.1,774727,-14.6283,-2.6766,70.2161,-185.953,105.2576,-27.833,-0.1536,-0.2714
1780080241401,2,12.00000018,Upper Delivery,Delivery,pitch.1,776013,4.8491,-1.0377,18.4899,60.2252,31.8161,-15.5137,-0.1764,0.327
1780080241401,2,Pitching Mound.Delivery,,Delivery,pitch.1,774101,-9.9189,-3.8019,88.7944,-108.5592,137.5143,-36.7461,-0.1587,0.0513
1780080241401,2,Pitching Mound.Drive,,Delivery,pitch.1,775214,0.2046,-0.0437,0.2432,0.0075,-0.0126,0.0091,0.0,0.0
1780080241401,2,Pitching Mound.Parent,,Delivery,pitch.1,773357,-9.7272,-3.8413,89.0186,-108.5518,137.5019,-36.7372,-0.1583,0.0512
1780080241402,2,11.0000004b,Drive,Delivery,pitch.1,775215,0.1982,-0.0367,0.2389,0.007,-0.0093,0.0094,0.0,0.0
1780080241402,2,12.00000015,Lower Delivery,Delivery,pitch.1,774728,-14.509,-2.5902,70.054,-185.4425,104.7865,-27.7948,-0.1533,-0.2713
1780080241402,2,12.00000018,Upper Delivery,Delivery,pitch.1,776014,4.8104,-1.0222,18.4312,59.8784,31.655,-15.3453,-0.176,0.327
1780080241402,2,Pitching Mound.Delivery,,Delivery,pitch.1,774102,-9.8179,-3.6988,88.6472,-108.4677,136.9126,-36.5692,-0.1583,0.0516
1780080241402,2,Pitching Mound.Drive,,Delivery,pitch.1,775215,0.1982,-0.0367,0.2389,0.007,-0.0093,0.0094,0.0,0.0
1780080241402,2,Pitching Mound.Parent,,Delivery,pitch.1,773358,-9.6133,-3.7425,88.8904,-108.4602,136.9,-36.56,-0.1579,0.0515
1780080241403,2,11.0000004b,Drive,Delivery,pitch.1,775216,0.1968,-0.0424,0.2196,0.0078,-0.0086,0.0085,0.0,0.0
1780080241403,2,12.00000015,Lower Delivery,Delivery,pitch.1,774729,-14.3854,-2.486,69.9056,-185.1779,104.6207,-27.8511,-0.1534,-0.2715
1780080241403,2,12.00000018,Upper Delivery,Delivery,pitch.1,776015,4.7675,-1.0066,18.3397,59.3886,31.4493,-15.1736,-0.1758,0.327
1780080241403,2,Pitching Mound.Delivery,,Delivery,pitch.1,774103,-9.7415,-3.5968,88.3937,-108.471,136.2358,-36.4144,-0.158,0.0517
1780080241403,2,Pitching Mound.Drive,,Delivery,pitch.1,775216,0.1968,-0.0424,0.2196,0.0078,-0.0086,0.0085,0.0,0.0
1780080241403,2,Pitching Mound.Parent,,Delivery,pitch.1,773359,-9.5432,-3.6335,88.6325,-108.464,136.2265,-36.405,-0.1575,0.0516
1780080241404,2,11.0000004b,Drive,Delivery,pitch.1,775217,0.193,-0.0469,0.2025,0.0088,-0.0059,0.0085,0.0,0.0
1780080241404,2,12.00000015,Lower Delivery,Delivery,pitch.1,774730,-14.2757,-2.3836,69.7735,-185.1189,104.4975,-27.852,-0.1535,-0.2719
1780080241404,2,12.00000018,Upper Delivery,Delivery,pitch.1,776016,4.7148,-0.9992,18.0285,58.251,30.7007,-14.9475,-0.1745,0.327
1780080241404,2,Pitching Mound.Delivery,,Delivery,pitch.1,774104,-9.6707,-3.4852,87.9341,-109.2887,135.3214,-36.3045,-0.1577,0.0518
1780080241404,2,Pitching Mound.Drive,,Delivery,pitch.1,775217,0.193,-0.0469,0.2025,0.0088,-0.0059,0.0085,0.0,0.0
1780080241404,2,Pitching Mound.Parent,,Delivery,pitch.1,773360,-9.4738,-3.5276,88.1536,-109.2808,135.3128,-36.296,-0.1573,0.0517
1780080241405,2,11.0000004b,Drive,Delivery,pitch.1,775218,0.1886,-0.0412,0.2229,0.0082,-0.0035,0.0078,0.0,0.0
1780080241405,2,12.00000018,Upper Delivery,Delivery,pitch.1,776017,4.658,-0.9798,17.7455,57.1864,29.9713,-14.729,-0.1731,0.327
1780080241405,2,Pitching Mound.Delivery,,Delivery,pitch.1,774105,-9.6177,-3.3634,87.5191,-110.2429,134.4688,-36.1435,-0.1575,0.0516
1780080241405,2,Pitching Mound.Drive,,Delivery,pitch.1,775218,0.1886,-0.0412,0.2229,0.0082,-0.0035,0.0078,0.0,0.0
1780080241405,2,Pitching Mound.Parent,,Delivery,pitch.1,773361,-9.4247,-3.4103,87.7215,-110.2341,134.4629,-36.135,-0.1571,0.0515
1780080241406,2,11.0000004b,Drive,Delivery,pitch.1,775219,0.1782,-0.0448,0.1748,0.009,0.0013,0.0086,0.0,0.0
1780080241406,2,12.00000015,Lower Delivery,Delivery,pitch.1,774731,-14.1685,-2.2739,69.5744,-184.5888,104.3186,-27.8387,-0.1537,-0.2719
1780080241406,2,12.00000015,Lower Delivery,Delivery,pitch.1,774732,-14.0647,-2.1912,69.5343,-184.5199,104.4456,-27.794,-0.154,-0.272
1780080241406,2,12.00000018,Upper Delivery,Delivery,pitch.1,776018,4.6166,-0.9804,17.6284,57.1968,30.0657,-14.5372,-0.1748,0.327
1780080241406,2,Pitching Mound.Delivery,,Delivery,pitch.1,774106,-9.552,-3.2543,87.2028,-109.7304,134.3843,-35.9889,-0.158,0.0517
1780080241406,2,Pitching Mound.Drive,,Delivery,pitch.1,775219,0.1782,-0.0448,0.1748,0.009,0.0013,0.0086,0.0,0.0
1780080241406,2,Pitching Mound.Parent,,Delivery,pitch.1,773362,-9.3634,-3.2955,87.4257,-109.7222,134.3808,-35.9811,-0.1575,0.0516
1780080241407,2,11.0000004b,Drive,Delivery,pitch.1,775220,0.1737,-0.0447,0.1607,0.0085,0.002,0.0086,0.0,0.0
1780080241407,2,12.00000015,Lower Delivery,Delivery,pitch.1,774733,-13.995,-2.1039,69.3773,-184.2179,104.4718,-27.653,-0.1543,-0.2722
1780080241407,2,12.00000018,Upper Delivery,Delivery,pitch.1,776019,4.5843,-0.9581,17.4115,56.5373,29.5357,-14.2615,-0.1739,0.327
1780080241407,2,Pitching Mound.Delivery,,Delivery,pitch.1,774107,-9.4804,-3.1492,86.9458,-110.2609,133.9813,-35.7148,-0.1579,0.0518
1780080241407,2,Pitching Mound.Drive,,Delivery,pitch.1,775220,0.1737,-0.0447,0.1607,0.0085,0.002,0.0086,0.0,0.0
1780080241407,2,Pitching Mound.Parent,,Delivery,pitch.1,773363,-9.3022,-3.1941,87.1206,-110.2518,133.9826,-35.7062,-0.1576,0.0517
1780080241408,2,11.0000004b,Drive,Delivery,pitch.1,775221,0.1497,-0.0385,0.1276,0.0091,0.0032,0.0083,0.0,0.0
1780080241408,2,12.00000015,Lower Delivery,Delivery,pitch.1,774734,-13.9281,-2.0214,69.3547,-184.0924,104.5696,-27.4609,-0.1545,-0.2721
1780080241408,2,12.00000018,Upper Delivery,Delivery,pitch.1,776020,4.552,-0.943,17.2582,55.8424,29.1008,-14.0334,-0.1728,0.327
1780080241408,2,Pitching Mound.Delivery,,Delivery,pitch.1,774108,-9.4431,-3.0469,86.6355,-110.6551,133.5726,-35.3805,-0.158,0.0517
1780080241408,2,Pitching Mound.Drive,,Delivery,pitch.1,775221,0.1497,-0.0385,0.1276,0.0091,0.0032,0.0083,0.0,0.0
1780080241408,2,Pitching Mound.Parent,,Delivery,pitch.1,773364,-9.2694,-3.0915,86.7962,-110.6466,133.5746,-35.3719,-0.1577,0.0516
1780080241409,2,11.0000004b,Drive,Delivery,pitch.1,775222,0.1421,-0.0378,0.0995,0.0099,0.0055,0.008,0.0,0.0
1780080241409,2,12.00000018,Upper Delivery,Delivery,pitch.1,776021,4.4963,-0.9472,16.9772,55.1953,28.6228,-13.873,-0.1728,0.327
1780080241409,2,Pitching Mound.Delivery,,Delivery,pitch.1,774109,-9.4318,-2.9685,86.3318,-111.0887,133.1924,-35.0696,-0.1581,0.052
1780080241409,2,Pitching Mound.Drive,,Delivery,pitch.1,775222,0.1421,-0.0378,0.0995,0.0099,0.0055,0.008,0.0,0.0
1780080241409,2,Pitching Mound.Parent,,Delivery,pitch.1,773365,-9.2821,-3.007,86.4594,-111.0797,133.1956,-35.0613,-0.1579,0.052
1780080241410,2,11.0000004b,Drive,Delivery,pitch.1,775223,0.1351,-0.0336,0.1211,0.0096,0.0037,0.0073,0.0,0.0
1780080241410,2,12.00000015,Lower Delivery,Delivery,pitch.1,774735,-13.8548,-1.9635,69.0953,-183.8547,104.5477,-27.279,-0.1551,-0.2727
1780080241410,2,12.00000018,Upper Delivery,Delivery,pitch.1,776022,4.4623,-0.9278,16.7392,54.5845,28.3852,-13.6814,-0.1738,0.327
1780080241410,2,Pitching Mound.Delivery,,Delivery,pitch.1,774110,-9.3925,-2.8913,85.8345,-111.4691,132.9329,-34.7326,-0.1587,0.0516
1780080241410,2,Pitching Mound.Drive,,Delivery,pitch.1,775223,0.1351,-0.0336,0.1211,0.0096,0.0037,0.0073,0.0,0.0
1780080241410,2,Pitching Mound.Parent,,Delivery,pitch.1,773366,-9.2504,-2.9291,85.9341,-111.4592,132.9384,-34.7246,-0.1586,0.0516
1780080241411,2,11.0000004b,Drive,Delivery,pitch.1,775224,0.1413,-0.0353,0.1287,0.0111,-0.0043,0.0073,0.0,0.0
1780080241411,2,12.00000015,Lower Delivery,Delivery,pitch.1,774736,-13.8247,-1.9006,68.9985,-183.378,104.1904,-27.0144,-0.1548,-0.2724
1780080241411,2,12.00000018,Upper Delivery,Delivery,pitch.1,776023,4.4225,-0.9345,16.5331,53.8431,27.7909,-13.5317,-0.1723,0.327
1780080241411,2,Pitching Mound.Delivery,,Delivery,pitch.1,774111,-9.4021,-2.8351,85.5316,-111.6967,131.9812,-34.342,-0.1582,0.052
1780080241411,2,Pitching Mound.Drive,,Delivery,pitch.1,775224,0.1413,-0.0353,0.1287,0.0111,-0.0043,0.0073,0.0,0.0
1780080241411,2,Pitching Mound.Parent,,Delivery,pitch.1,773367,-9.267,-2.8687,85.6528,-111.6871,131.9849,-34.3348,-0.1579,0.0519
1780080241412,2,11.0000004b,Drive,Delivery,pitch.1,775225,0.1289,-0.0317,0.1224,0.0091,0.0002,0.0074,0.0,0.0
1780080241412,2,12.00000015,Lower Delivery,Delivery,pitch.1,774737,-13.7268,-1.8449,68.7335,-182.9655,103.9919,-26.6948,-0.1551,-0.2728
1780080241412,2,12.00000018,Upper Delivery,Delivery,pitch.1,776024,4.3906,-0.9462,16.3382,53.4721,27.5865,-13.4281,-0.1731,0.327
1780080241412,2,Pitching Mound.Delivery,,Delivery,pitch.1,774112,-9.3362,-2.7911,85.0716,-111.679,131.5785,-33.963,-0.1585,0.0518
1780080241412,2,Pitching Mound.Drive,,Delivery,pitch.1,775225,0.1289,-0.0317,0.1224,0.0091,0.0002,0.0074,0.0,0.0
1780080241412,2,Pitching Mound.Parent,,Delivery,pitch.1,773368,-9.1949,-2.8264,85.2004,-111.6679,131.5742,-33.9558,-0.1583,0.0517
1780080241413,2,11.0000004b,Drive,Delivery,pitch.1,775226,0.156,-0.0399,0.1374,0.0122,-0.0002,0.0082,0.0,0.0
1780080241413,2,12.00000015,Lower Delivery,Delivery,pitch.1,774738,-13.6584,-1.8181,68.5361,-182.6964,103.7208,-26.3479,-0.1551,-0.2732
1780080241413,2,12.00000018,Upper Delivery,Delivery,pitch.1,776025,4.3608,-0.9573,16.2031,53.255,27.4132,-13.3686,-0.1734,0.327
1780080241413,2,Pitching Mound.Delivery,,Delivery,pitch.1,774113,-9.2976,-2.7754,84.7392,-111.6482,131.134,-33.59,-0.1586,0.0515
1780080241413,2,Pitching Mound.Drive,,Delivery,pitch.1,775226,0.156,-0.0399,0.1374,0.0122,-0.0002,0.0082,0.0,0.0
1780080241413,2,Pitching Mound.Parent,,Delivery,pitch.1,773369,-9.1687,-2.8071,84.8616,-111.6391,131.1342,-33.5826,-0.1584,0.0515
1780080241414,2,11.0000004b,Drive,Delivery,pitch.1,775227,0.141,-0.0344,0.1302,0.0102,-0.0048,0.0087,0.0,0.0
1780080241414,2,12.00000015,Lower Delivery,Delivery,pitch.1,774739,-13.5499,-1.8108,68.4386,-182.534,103.6325,-26.022,-0.1552,-0.2734
1780080241414,2,12.00000015,Lower Delivery,Delivery,pitch.1,774740,-13.4418,-1.8103,68.1977,-181.824,103.0429,-25.6373,-0.1549,-0.2733
1780080241414,2,12.00000018,Upper Delivery,Delivery,pitch.1,776026,4.334,-0.9608,16.0858,52.9488,27.2108,-13.2723,-0.1734,0.327
1780080241414,2,Pitching Mound.Delivery,,Delivery,pitch.1,774114,-9.2159,-2.7715,84.5244,-111.7853,130.8433,-33.2138,-0.1587,0.0515
1780080241414,2,Pitching Mound.Drive,,Delivery,pitch.1,775227,0.141,-0.0344,0.1302,0.0102,-0.0048,0.0087,0.0,0.0
1780080241414,2,Pitching Mound.Parent,,Delivery,pitch.1,773370,-9.0599,-2.8114,84.6618,-111.7731,130.8431,-33.2056,-0.1584,0.0514
1780080241415,2,11.0000004b,Drive,Delivery,pitch.1,775228,0.1433,-0.0357,0.1183,0.0088,-0.0056,0.0088,0.0,0.0
1780080241415,2,12.00000015,Lower Delivery,Delivery,pitch.1,774741,-13.3108,-1.8028,68.0363,-181.4769,103.2394,-25.291,-0.1555,-0.2734
1780080241415,2,12.00000018,Upper Delivery,Delivery,pitch.1,776027,4.305,-0.9533,15.9393,52.5297,26.9326,-13.2441,-0.1732,0.327
1780080241415,2,Pitching Mound.Delivery,,Delivery,pitch.1,774115,-9.1369,-2.7636,84.137,-111.5264,129.9755,-32.8474,-0.1583,0.0516
1780080241415,2,Pitching Mound.Drive,,Delivery,pitch.1,775228,0.1433,-0.0357,0.1183,0.0088,-0.0056,0.0088,0.0,0.0
1780080241415,2,Pitching Mound.Parent,,Delivery,pitch.1,773371,-8.9959,-2.798,84.2672,-111.5163,129.9707,-32.8387,-0.1581,0.0516
1780080241416,2,11.0000004b,Drive,Delivery,pitch.1,775229,0.1476,-0.0399,0.0858,0.0122,-0.0049,0.0088,0.0,0.0
1780080241416,2,12.00000015,Lower Delivery,Delivery,pitch.1,774742,-13.176,-1.7775,68.0528,-181.6194,103.3817,-25.0175,-0.1557,-0.2735
1780080241416,2,12.00000018,Upper Delivery,Delivery,pitch.1,776028,4.2678,-0.9493,15.6784,51.8642,26.6052,-13.2342,-0.1739,0.327
1780080241416,2,Pitching Mound.Delivery,,Delivery,pitch.1,774116,-9.0431,-2.7521,83.7147,-111.8111,129.8445,-32.5484,-0.159,0.0517
1780080241416,2,Pitching Mound.Drive,,Delivery,pitch.1,775229,0.1476,-0.0399,0.0858,0.0122,-0.0049,0.0088,0.0,0.0
1780080241416,2,Pitching Mound.Parent,,Delivery,pitch.1,773372,-8.8998,-2.7878,83.833,-111.8023,129.839,-32.5396,-0.1587,0.0516
1780080241417,2,11.0000004b,Drive,Delivery,pitch.1,775230,0.1605,-0.0418,0.1231,0.0142,-0.0026,0.0086,0.0,0.0
1780080241417,2,12.00000015,Lower Delivery,Delivery,pitch.1,774743,-13.0221,-1.7636,67.8673,-181.4757,103.2795,-24.7307,-0.156,-0.2741
1780080241417,2,12.00000018,Upper Delivery,Delivery,pitch.1,776029,4.2597,-0.951,15.4993,51.6243,26.5447,-13.2098,-0.1755,0.327
1780080241417,2,Pitching Mound.Delivery,,Delivery,pitch.1,774117,-8.9163,-2.7284,83.552,-112.1269,129.9264,-32.2991,-0.1594,0.0517
1780080241417,2,Pitching Mound.Drive,,Delivery,pitch.1,775230,0.1605,-0.0418,0.1231,0.0142,-0.0026,0.0086,0.0,0.0
1780080241417,2,Pitching Mound.Parent,,Delivery,pitch.1,773373,-8.7687,-2.7683,83.6379,-112.1146,129.9215,-32.2903,-0.1592,0.0517
1780080241418,2,11.0000004b,Drive,Delivery,pitch.1,775231,0.1819,-0.0218,0.1876,0.0057,-0.0108,0.0093,0.0,0.0
1780080241418,2,12.00000018,Upper Delivery,Delivery,pitch.1,776030,4.2427,-0.9477,15.3524,51.1905,26.3571,-13.1508,-0.176,0.327
1780080241418,2,Pitching Mound.Delivery,,Delivery,pitch.1,774118,-8.7794,-2.7114,83.2197,-112.4302,129.6366,-32.0115,-0.1597,0.0514
1780080241418,2,Pitching Mound.Drive,,Delivery,pitch.1,775231,0.1819,-0.0218,0.1876,0.0057,-0.0108,0.0093,0.0,0.0
1780080241418,2,Pitching Mound.Parent,,Delivery,pitch.1,773374,-8.6189,-2.7532,83.3427,-112.416,129.634,-32.0029,-0.1594,0.0513
1780080241419,2,11.0000004b,Drive,Delivery,pitch.1,775232,0.2014,-0.0119,0.2512,0.006,-0.0111,0.0093,0.0,0.0
1780080241419,2,12.00000015,Lower Delivery,Delivery,pitch.1,774744,-12.8542,-1.7418,67.9315,-181.4299,103.4349,-24.431,-0.1561,-0.2737
1780080241419,2,12.00000018,Upper Delivery,Delivery,pitch.1,776031,4.2069,-0.9594,15.3057,51.0353,26.2377,-13.1669,-0.1757,0.327
1780080241419,2,Pitching Mound.Delivery,,Delivery,pitch.1,774119,-8.6472,-2.7012,83.2372,-112.5018,129.6726,-31.7972,-0.1597,0.0517
1780080241419,2,Pitching Mound.Drive,,Delivery,pitch.1,775232,0.2014,-0.0119,0.2512,0.006,-0.0111,0.0093,0.0,0.0
1780080241419,2,Pitching Mound.Parent,,Delivery,pitch.1,773375,-8.4653,-2.7229,83.4248,-112.4962,129.6618,-31.7879,-0.1593,0.0516
1780080241420,2,11.0000004b,Drive,Delivery,pitch.1,775233,0.1944,-0.0207,0.2297,0.0049,-0.0104,0.0094,0.0,0.0
1780080241420,2,12.00000015,Lower Delivery,Delivery,pitch.1,774745,-12.6692,-1.7055,67.6527,-181.1848,103.8204,-24.1519,-0.1573,-0.2745
1780080241420,2,12.00000018,Upper Delivery,Delivery,pitch.1,776032,4.2091,-0.944,15.3146,50.8371,26.2457,-13.1444,-0.1757,0.327
1780080241420,2,Pitching Mound.Delivery,,Delivery,pitch.1,774120,-8.4601,-2.6495,82.9673,-112.5527,130.066,-31.5577,-0.1607,0.051
1780080241420,2,Pitching Mound.Drive,,Delivery,pitch.1,775233,0.1944,-0.0207,0.2297,0.0049,-0.0104,0.0094,0.0,0.0
1780080241420,2,Pitching Mound.Parent,,Delivery,pitch.1,773376,-8.2586,-2.6614,83.2185,-112.5467,130.0549,-31.5485,-0.1602,0.0509
1780080241421,2,11.0000004b,Drive,Delivery,pitch.1,775234,0.1832,-0.0277,0.2361,0.0067,-0.0082,0.0083,0.0,0.0
1780080241421,2,12.00000015,Lower Delivery,Delivery,pitch.1,774746,-12.5052,-1.6531,67.5287,-181.0976,103.9586,-23.8992,-0.1578,-0.2749
1780080241421,2,12.00000018,Upper Delivery,Delivery,pitch.1,776033,4.2023,-0.9381,15.4247,50.7401,26.323,-13.135,-0.1749,0.327
1780080241421,2,Pitching Mound.Delivery,,Delivery,pitch.1,774121,-8.3029,-2.5912,82.9534,-112.6422,130.2816,-31.3536,-0.161,0.0506
1780080241421,2,Pitching Mound.Drive,,Delivery,pitch.1,775234,0.1832,-0.0277,0.2361,0.0067,-0.0082,0.0083,0.0,0.0
1780080241421,2,Pitching Mound.Parent,,Delivery,pitch.1,773377,-8.1085,-2.6119,83.1831,-112.6372,130.2712,-31.3442,-0.1605,0.0505
1780080241422,2,11.0000004b,Drive,Delivery,pitch.1,775235,0.1771,-0.0308,0.2448,0.0058,-0.0089,0.0074,0.0,0.0
1780080241422,2,12.00000015,Lower Delivery,Delivery,pitch.1,774747,-12.3159,-1.5698,67.3719,-181.3074,104.3331,-23.6187,-0.1587,-0.2758
1780080241422,2,12.00000018,Upper Delivery,Delivery,pitch.1,776034,4.1946,-0.9084,15.4506,50.525,26.3292,-13.1136,-0.1747,0.327
1780080241422,2,Pitching Mound.Delivery,,Delivery,pitch.1,774122,-8.1212,-2.4781,82.8225,-113.1292,130.6623,-31.1187,-0.1617,0.0498
1780080241422,2,Pitching Mound.Drive,,Delivery,pitch.1,775235,0.1771,-0.0308,0.2448,0.0058,-0.0089,0.0074,0.0,0.0
1780080241422,2,Pitching Mound.Parent,,Delivery,pitch.1,773378,-7.9381,-2.5059,83.0586,-113.1225,130.6541,-31.1103,-0.1612,0.0496
1780080241423,2,11.0000004b,Drive,Delivery,pitch.1,775236,0.1852,-0.0292,0.2635,0.0062,-0.0079,0.0073,0.0,0.0
1780080241423,2,12.00000015,Lower Delivery,Delivery,pitch.1,774748,-12.1179,-1.4667,67.2937,-181.497,104.9907,-23.323,-0.1599,-0.2764
1780080241423,2,12.00000015,Lower Delivery,Delivery,pitch.1,774749,-11.9158,-1.3304,66.9926,-181.2538,105.1817,-22.9471,-0.1609,-0.2773
1780080241423,2,12.00000018,Upper Delivery,Delivery,pitch.1,776035,4.1596,-0.8794,15.4627,50.4056,26.2502,-13.0825,-0.174,0.327
1780080241423,2,Pitching Mound.Delivery,,Delivery,pitch.1,774123,-7.9583,-2.3461,82.7565,-113.4689,131.2409,-30.8711,-0.1625,0.0493
1780080241423,2,Pitching Mound.Drive,,Delivery,pitch.1,775236,0.1852,-0.0292,0.2635,0.0062,-0.0079,0.0073,0.0,0.0
1780080241423,2,Pitching Mound.Parent,,Delivery,pitch.1,773379,-7.7812,-2.3769,83.0013,-113.4631,131.2321,-30.8637,-0.1621,0.0491
1780080241424,2,11.0000004b,Drive,Delivery,pitch.1,775237,0.1734,-0.0315,0.2438,0.0064,-0.0061,0.0074,0.0,0.0
1780080241424,2,12.00000018,Upper Delivery,Delivery,pitch.1,776036,4.1542,-0.8814,15.4912,50.2727,26.2817,-13.0007,-0.1739,0.327
1780080241424,2,Pitching Mound.Delivery,,Delivery,pitch.1,774124,-7.7616,-2.2119,82.4838,-113.4706,131.4633,-30.484,-0.1634,0.0485
1780080241424,2,Pitching Mound.Drive,,Delivery,pitch.1,775237,0.1734,-0.0315,0.2438,0.0064,-0.0061,0.0074,0.0,0.0
1780080241424,2,Pitching Mound.Parent,,Delivery,pitch.1,773380,-7.5764,-2.2411,82.7473,-113.4644,131.4554,-30.4767,-0.1628,0.0483
1780080241425,2,11.0000004b,Drive,Delivery,pitch.1,775238,0.1759,-0.0387,0.2216,0.0067,-0.0059,0.0069,0.0,0.0
1780080241425,2,12.00000015,Lower Delivery,Delivery,pitch.1,774751,-11.5922,-1.085,66.884,-180.9552,105.1978,-22.4879,-0.1612,-0.2773
1780080241425,2,12.00000015,Lower Delivery,Delivery,pitch.1,774750,-11.7431,-1.2085,66.8942,-181.0845,105.4795,-22.6518,-0.1616,-0.2775
1780080241425,2,12.00000018,Upper Delivery,Delivery,pitch.1,776037,4.1319,-0.8611,15.3552,50.377,26.2292,-12.9124,-0.1751,0.327
1780080241425,2,Pitching Mound.Delivery,,Delivery,pitch.1,774125,-7.6111,-2.0696,82.2494,-113.1843,131.7087,-30.1667,-0.1641,0.0484
1780080241425,2,Pitching Mound.Drive,,Delivery,pitch.1,775238,0.1759,-0.0387,0.2216,0.0067,-0.0059,0.0069,0.0,0.0
1780080241425,2,Pitching Mound.Parent,,Delivery,pitch.1,773381,-7.4377,-2.1011,82.4932,-113.1779,131.7026,-30.1593,-0.1636,0.0483
1780080241426,2,11.0000004b,Drive,Delivery,pitch.1,775239,0.1868,-0.0409,0.227,0.0071,-0.0059,0.0068,0.0,0.0
1780080241426,2,12.00000015,Lower Delivery,Delivery,pitch.1,774752,-11.4551,-0.9598,66.5886,-180.7488,105.1323,-22.2812,-0.1618,-0.2782
1780080241426,2,12.00000018,Upper Delivery,Delivery,pitch.1,776038,4.1494,-0.8769,15.3326,50.2584,26.4185,-12.7901,-0.1766,0.327
1780080241426,2,Pitching Mound.Delivery,,Delivery,pitch.1,774126,-7.4428,-1.9619,82.2166,-113.1693,131.6163,-29.9259,-0.1641,0.0486
1780080241426,2,Pitching Mound.Drive,,Delivery,pitch.1,775239,0.1868,-0.0409,0.227,0.0071,-0.0059,0.0068,0.0,0.0
1780080241426,2,Pitching Mound.Parent,,Delivery,pitch.1,773382,-7.2669,-2.0006,82.4382,-113.1626,131.6104,-29.9189,-0.1636,0.0485
1780080241427,2,11.0000004b,Drive,Delivery,pitch.1,775240,0.1969,-0.0449,0.2265,0.009,-0.0049,0.0069,0.0,0.0
1780080241427,2,12.00000018,Upper Delivery,Delivery,pitch.1,776039,4.1526,-0.8545,15.2755,49.9267,26.3122,-12.6435,-0.1765,0.327
1780080241427,2,Pitching Mound.Delivery,,Delivery,pitch.1,774127,-7.3025,-1.8143,81.8641,-113.3757,131.4446,-29.6182,-0.1646,0.0478
1780080241427,2,Pitching Mound.Drive,,Delivery,pitch.1,775240,0.1969,-0.0449,0.2265,0.009,-0.0049,0.0069,0.0,0.0
1780080241427,2,Pitching Mound.Parent,,Delivery,pitch.1,773383,-7.1157,-1.8552,82.0911,-113.3686,131.4387,-29.6114,-0.1641,0.0477
1780080241428,2,11.0000004b,Drive,Delivery,pitch.1,775241,0.2295,-0.0546,0.2618,0.0081,-0.0062,0.0071,0.0,0.0
1780080241428,2,12.00000015,Lower Delivery,Delivery,pitch.1,774754,-11.2245,-0.7466,66.3049,-180.2484,104.877,-22.0395,-0.1621,-0.2786
1780080241428,2,12.00000015,Lower Delivery,Delivery,pitch.1,774753,-11.3245,-0.8518,66.4464,-180.4069,104.7797,-22.1695,-0.1616,-0.2783
1780080241428,2,12.00000018,Upper Delivery,Delivery,pitch.1,776040,4.1508,-0.8499,15.2549,49.721,26.1363,-12.4967,-0.1756,0.327
1780080241428,2,Pitching Mound.Delivery,,Delivery,pitch.1,774128,-7.1737,-1.7017,81.7013,-113.2808,130.916,-29.4046,-0.1642,0.0478
1780080241428,2,Pitching Mound.Drive,,Delivery,pitch.1,775241,0.2295,-0.0546,0.2618,0.0081,-0.0062,0.0071,0.0,0.0
1780080241428,2,Pitching Mound.Parent,,Delivery,pitch.1,773384,-6.9768,-1.7466,81.9278,-113.2718,130.9112,-29.3977,-0.1638,0.0476
1780080241429,2,11.0000004b,Drive,Delivery,pitch.1,775242,0.2247,-0.055,0.2465,0.015,-0.0021,0.0066,0.0,0.0
1780080241429,2,12.00000015,Lower Delivery,Delivery,pitch.1,774755,-11.1227,-0.6396,66.0954,-180.0219,104.6582,-21.9468,-0.1623,-0.2792
1780080241429,2,12.00000018,Upper Delivery,Delivery,pitch.1,776041,4.1269,-0.8498,15.2154,49.6977,26.1794,-12.3715,-0.1764,0.327
1780080241429,2,Pitching Mound.Delivery,,Delivery,pitch.1,774129,-7.0976,-1.5964,81.5203,-113.1803,131.0565,-29.1915,-0.1648,0.0475
1780080241429,2,Pitching Mound.Drive,,Delivery,pitch.1,775242,0.2247,-0.055,0.2465,0.015,-0.0021,0.0066,0.0,0.0
1780080241429,2,Pitching Mound.Parent,,Delivery,pitch.1,773385,-6.8681,-1.651,81.7822,-113.1721,131.0503,-29.1844,-0.1642,0.0473
1780080241430,2,11.0000004b,Drive,Delivery,pitch.1,775243,0.2502,-0.0634,0.2647,0.0081,-0.0053,0.0081,0.0,0.0
1780080241430,2,12.00000015,Lower Delivery,Delivery,pitch.1,774756,-11.0589,-0.5308,66.0525,-179.955,104.5227,-21.8672,-0.1622,-0.2792
1780080241430,2,12.00000018,Upper Delivery,Delivery,pitch.1,776042,4.1079,-0.847,15.0963,49.5678,26.0075,-12.2331,-0.1766,0.327
1780080241430,2,Pitching Mound.Delivery,,Delivery,pitch.1,774130,-7.0148,-1.4866,81.1918,-113.1144,130.6657,-29.0015,-0.1649,0.0471
1780080241430,2,Pitching Mound.Drive,,Delivery,pitch.1,775243,0.2502,-0.0634,0.2647,0.0081,-0.0053,0.0081,0.0,0.0
1780080241430,2,Pitching Mound.Parent,,Delivery,pitch.1,773386,-6.7901,-1.5416,81.4382,-113.0995,130.6636,-28.9948,-0.1645,0.047
1780080241431,2,11.0000004b,Drive,Delivery,pitch.1,775244,0.2618,-0.0669,0.2728,0.0085,-0.0081,0.0081,0.0,0.0
1780080241431,2,12.00000015,Lower Delivery,Delivery,pitch.1,774757,-10.9988,-0.4544,65.9411,-179.9828,104.6137,-21.7635,-0.1626,-0.2798
1780080241431,2,12.00000018,Upper Delivery,Delivery,pitch.1,776043,4.1005,-0.8531,15.0509,49.0764,25.6974,-12.0444,-0.175,0.327
1780080241431,2,Pitching Mound.Delivery,,Delivery,pitch.1,774131,-6.9584,-1.3839,81.1034,-113.538,130.2201,-28.7574,-0.1646,0.0471
1780080241431,2,Pitching Mound.Drive,,Delivery,pitch.1,775244,0.2618,-0.0669,0.2728,0.0085,-0.0081,0.0081,0.0,0.0
1780080241431,2,Pitching Mound.Parent,,Delivery,pitch.1,773387,-6.7082,-1.4473,81.3681,-113.53,130.2147,-28.7493,-0.164,0.0469
1780080241432,2,11.0000004b,Drive,Delivery,pitch.1,775245,0.2521,-0.0653,0.2533,0.0077,-0.0073,0.009,0.0,0.0
1780080241432,2,12.00000015,Lower Delivery,Delivery,pitch.1,774758,-10.9647,-0.3964,65.9225,-180.026,104.6605,-21.6588,-0.1627,-0.2799
1780080241432,2,12.00000018,Upper Delivery,Delivery,pitch.1,776044,4.0846,-0.8689,15.0513,48.9308,25.7372,-11.935,-0.1753,0.327
1780080241432,2,Pitching Mound.Delivery,,Delivery,pitch.1,774132,-6.9141,-1.3233,80.9924,-113.7495,130.3509,-28.5701,-0.165,0.0466
1780080241432,2,Pitching Mound.Drive,,Delivery,pitch.1,775245,0.2521,-0.0653,0.2533,0.0077,-0.0073,0.009,0.0,0.0
1780080241432,2,Pitching Mound.Parent,,Delivery,pitch.1,773388,-6.6523,-1.3901,81.2652,-113.741,130.3428,-28.562,-0.1644,0.0465
1780080241433,2,11.0000004b,Drive,Delivery,pitch.1,775246,0.2679,-0.0711,0.2571,0.0083,-0.0057,0.0094,0.0,0.0
1780080241433,2,12.00000015,Lower Delivery,Delivery,pitch.1,774759,-10.9277,-0.345,65.8745,-180.084,104.5329,-21.5566,-0.1626,-0.2802
1780080241433,2,12.00000018,Upper Delivery,Delivery,pitch.1,776045,4.0723,-0.9026,14.8464,48.5174,25.4943,-11.8273,-0.176,0.327
1780080241433,2,Pitching Mound.Delivery,,Delivery,pitch.1,774133,-6.8924,-1.299,80.7689,-114.1427,130.1548,-28.3734,-0.1652,0.0467
1780080241433,2,Pitching Mound.Drive,,Delivery,pitch.1,775246,0.2679,-0.0711,0.2571,0.0083,-0.0057,0.0094,0.0,0.0
1780080241433,2,Pitching Mound.Parent,,Delivery,pitch.1,773389,-6.6403,-1.3643,81.0221,-114.135,130.1475,-28.3644,-0.1646,0.0465
1780080241434,2,11.0000004b,Drive,Delivery,pitch.1,775247,0.28,-0.0742,0.2688,0.0093,-0.0049,0.0095,0.0,0.0
1780080241434,2,12.00000015,Lower Delivery,Delivery,pitch.1,774760,-10.8904,-0.3141,65.8512,-180.2765,104.7659,-21.4216,-0.1631,-0.2806
1780080241434,2,12.00000018,Upper Delivery,Delivery,pitch.1,776046,4.0725,-0.9216,14.8246,48.1175,25.1895,-11.7259,-0.1742,0.327
1780080241434,2,Pitching Mound.Delivery,,Delivery,pitch.1,774134,-6.8552,-1.2666,80.6991,-114.6095,129.7225,-28.1824,-0.1648,0.0464
1780080241434,2,Pitching Mound.Drive,,Delivery,pitch.1,775247,0.28,-0.0742,0.2688,0.0093,-0.0049,0.0095,0.0,0.0
1780080241434,2,Pitching Mound.Parent,,Delivery,pitch.1,773390,-6.5873,-1.3377,80.9562,-114.6012,129.7168,-28.173,-0.1642,0.0463
1780080241435,2,11.0000004b,Drive,Delivery,pitch.1,775248,0.2751,-0.0725,0.2693,0.0083,-0.0051,0.01,0.0,0.0
1780080241435,2,12.00000015,Lower Delivery,Delivery,pitch.1,774761,-10.8797,-0.2733,65.8372,-180.5426,105.027,-21.2367,-0.1635,-0.2811
1780080241435,2,12.00000018,Upper Delivery,Delivery,pitch.1,776047,4.054,-0.9548,14.6428,47.4971,24.8082,-11.6517,-0.1737,0.327
1780080241435,2,Pitching Mound.Delivery,,Delivery,pitch.1,774135,-6.8364,-1.2688,80.494,-115.3685,129.5742,-27.9922,-0.165,0.0462
1780080241435,2,Pitching Mound.Drive,,Delivery,pitch.1,775248,0.2751,-0.0725,0.2693,0.0083,-0.0051,0.01,0.0,0.0
1780080241435,2,Pitching Mound.Parent,,Delivery,pitch.1,773391,-6.5564,-1.343,80.7628,-115.3592,129.5693,-27.9827,-0.1644,0.0461
1780080241436,2,11.0000004b,Drive,Delivery,pitch.1,775249,0.2826,-0.0748,0.2768,0.0078,-0.0036,0.0113,0.0,0.0
1780080241436,2,12.00000015,Lower Delivery,Delivery,pitch.1,774762,-10.8697,-0.2605,65.8564,-180.9284,105.3168,-21.031,-0.1639,-0.2816
1780080241436,2,12.00000018,Upper Delivery,Delivery,pitch.1,776048,4.0593,-0.9752,14.6636,47.0739,24.658,-11.6447,-0.1724,0.327
1780080241436,2,Pitching Mound.Delivery,,Delivery,pitch.1,774136,-6.8203,-1.2485,80.5008,-116.0697,129.685,-27.8021,-0.1651,0.0458
1780080241436,2,Pitching Mound.Drive,,Delivery,pitch.1,775249,0.2826,-0.0748,0.2768,0.0078,-0.0036,0.0113,0.0,0.0
1780080241436,2,Pitching Mound.Parent,,Delivery,pitch.1,773392,-6.5452,-1.3211,80.7701,-116.0614,129.6799,-27.792,-0.1646,0.0457
1780080241437,2,11.0000004b,Drive,Delivery,pitch.1,775250,0.2601,-0.0689,0.2546,0.0078,-0.0046,0.0109,0.0,0.0
1780080241437,2,12.00000015,Lower Delivery,Delivery,pitch.1,774763,-10.8386,-0.2305,65.8636,-181.0992,105.5935,-20.884,-0.1643,-0.2818
1780080241437,2,12.00000018,Upper Delivery,Delivery,pitch.1,776049,4.0683,-1.0014,14.6421,46.942,24.5524,-11.5945,-0.1719,0.327
1780080241437,2,Pitching Mound.Delivery,,Delivery,pitch.1,774137,-6.8014,-1.2619,80.4985,-116.5736,129.8692,-27.5466,-0.1654,0.0454
1780080241437,2,Pitching Mound.Drive,,Delivery,pitch.1,775250,0.2601,-0.0689,0.2546,0.0078,-0.0046,0.0109,0.0,0.0
1780080241437,2,Pitching Mound.Parent,,Delivery,pitch.1,773393,-6.5188,-1.3367,80.7754,-116.5658,129.8656,-27.5353,-0.1648,0.0453
1780080241438,2,11.0000004b,Drive,Delivery,pitch.1,775251,0.2671,-0.0712,0.2597,0.008,-0.0046,0.0112,0.0,0.0
1780080241438,2,12.00000015,Lower Delivery,Delivery,pitch.1,774764,-10.8006,-0.2525,65.8526,-181.5204,105.8331,-20.6768,-0.1647,-0.2825
1780080241438,2,12.00000018,Upper Delivery,Delivery,pitch.1,776050,4.0498,-1.0371,14.6278,46.7122,24.4382,-11.6313,-0.1712,0.327
1780080241438,2,Pitching Mound.Delivery,,Delivery,pitch.1,774138,-6.7888,-1.2676,80.4914,-116.9668,130.0317,-27.4532,-0.1656,0.0452
1780080241438,2,Pitching Mound.Drive,,Delivery,pitch.1,775251,0.2671,-0.0712,0.2597,0.008,-0.0046,0.0112,0.0,0.0
1780080241438,2,Pitching Mound.Parent,,Delivery,pitch.1,773394,-6.5287,-1.3365,80.746,-116.959,130.0271,-27.4423,-0.1651,0.0451
1780080241439,2,11.0000004b,Drive,Delivery,pitch.1,775252,0.2284,-0.0617,0.2074,0.0065,-0.0011,0.0114,0.0,0.0
1780080241439,2,12.00000015,Lower Delivery,Delivery,pitch.1,774765,-10.7342,-0.2538,65.8649,-181.8396,106.0208,-20.4672,-0.165,-0.283
1780080241439,2,12.00000018,Upper Delivery,Delivery,pitch.1,776051,4.0627,-1.0624,14.48,46.4069,24.2816,-11.6081,-0.1719,0.327
1780080241439,2,Pitching Mound.Delivery,,Delivery,pitch.1,774139,-6.7379,-1.3148,80.3325,-117.6469,130.1147,-27.2314,-0.166,0.0448
1780080241439,2,Pitching Mound.Drive,,Delivery,pitch.1,775252,0.2284,-0.0617,0.2074,0.0065,-0.0011,0.0114,0.0,0.0
1780080241439,2,Pitching Mound.Parent,,Delivery,pitch.1,773395,-6.4708,-1.3861,80.5922,-117.6389,130.1101,-27.2201,-0.1655,0.0446
1780080241440,2,11.0000004b,Drive,Delivery,pitch.1,775253,0.2185,-0.0567,0.2168,0.0065,-0.0023,0.0113,0.0,0.0
1780080241440,2,12.00000015,Lower Delivery,Delivery,pitch.1,774766,-10.6965,-0.257,65.9882,-182.2935,106.4021,-20.1844,-0.1653,-0.2831
1780080241440,2,12.00000018,Upper Delivery,Delivery,pitch.1,776052,4.0589,-1.0881,14.4122,46.1235,24.1822,-11.5869,-0.172,0.327
1780080241440,2,Pitching Mound.Delivery,,Delivery,pitch.1,774140,-6.6753,-1.3418,80.2771,-118.2221,130.203,-27.0244,-0.1662,0.0445
1780080241440,2,Pitching Mound.Drive,,Delivery,pitch.1,775253,0.2185,-0.0567,0.2168,0.0065,-0.0023,0.0113,0.0,0.0
1780080241440,2,Pitching Mound.Parent,,Delivery,pitch.1,773396,-6.4469,-1.4035,80.4845,-118.2156,130.2019,-27.013,-0.1658,0.0443
1780080241441,2,11.0000004b,Drive,Delivery,pitch.1,775254,0.2144,-0.0558,0.2054,0.0065,-0.0032,0.0115,0.0,0.0
1780080241441,2,12.00000015,Lower Delivery,Delivery,pitch.1,774767,-10.6362,-0.2818,66.0436,-182.4154,106.75,-19.9494,-0.1657,-0.2831
1780080241441,2,12.00000018,Upper Delivery,Delivery,pitch.1,776053,4.0454,-1.1349,14.6256,46.1065,24.3594,-11.5904,-0.1707,0.3231
1780080241441,2,Pitching Mound.Delivery,,Delivery,pitch.1,774141,-6.6511,-1.3918,80.6138,-118.7237,130.7615,-26.7627,-0.1663,0.0435
1780080241441,2,Pitching Mound.Drive,,Delivery,pitch.1,775254,0.2144,-0.0558,0.2054,0.0065,-0.0032,0.0115,0.0,0.0
1780080241441,2,Pitching Mound.Parent,,Delivery,pitch.1,773397,-6.4326,-1.4485,80.8306,-118.7172,130.7593,-26.7514,-0.1658,0.0434
1780080241442,2,11.0000004b,Drive,Delivery,pitch.1,775255,0.231,-0.0613,0.2236,0.0061,-0.0028,0.0111,0.0,0.0
1780080241442,2,12.00000015,Lower Delivery,Delivery,pitch.1,774768,-10.545,-0.2884,66.0584,-182.5813,107.1124,-19.6648,-0.1662,-0.2833
1780080241442,2,12.00000018,Upper Delivery,Delivery,pitch.1,776054,4.0341,-1.1446,14.5866,45.7852,24.1587,-11.5717,-0.1698,0.3217
1780080241442,2,Pitching Mound.Delivery,,Delivery,pitch.1,774142,-6.6021,-1.4264,80.6302,-119.1349,130.9087,-26.5332,-0.1664,0.0433
1780080241442,2,Pitching Mound.Drive,,Delivery,pitch.1,775255,0.231,-0.0613,0.2236,0.0061,-0.0028,0.0111,0.0,0.0
1780080241442,2,Pitching Mound.Parent,,Delivery,pitch.1,773398,-6.3878,-1.4822,80.8356,-119.1284,130.9054,-26.5217,-0.166,0.0432
1780080241443,2,11.0000004b,Drive,Delivery,pitch.1,775256,0.2299,-0.0617,0.2137,0.006,-0.0002,0.011,0.0,0.0
1780080241443,2,12.00000015,Lower Delivery,Delivery,pitch.1,774769,-10.4355,-0.2983,66.1067,-182.9041,107.6439,-19.3282,-0.1669,-0.2836
1780080241443,2,12.00000018,Upper Delivery,Delivery,pitch.1,776055,4.0508,-1.1774,14.3884,45.5993,24.0868,-11.496,-0.1716,0.3248
1780080241443,2,Pitching Mound.Delivery,,Delivery,pitch.1,774143,-6.4942,-1.4658,80.4468,-119.4142,131.1992,-26.1982,-0.1672,0.0439
1780080241443,2,Pitching Mound.Drive,,Delivery,pitch.1,775256,0.2299,-0.0617,0.2137,0.006,-0.0002,0.011,0.0,0.0
1780080241443,2,Pitching Mound.Parent,,Delivery,pitch.1,773399,-6.2633,-1.5271,80.6703,-119.4081,131.1964,-26.1872,-0.1667,0.0437
1780080241444,2,11.0000004b,Drive,Delivery,pitch.1,775257,0.215,-0.0577,0.1975,0.0049,0.0025,0.0111,0.0,0.0
1780080241444,2,12.00000015,Lower Delivery,Delivery,pitch.1,774770,-10.3407,-0.3039,66.2771,-183.4,108.032,-18.9573,-0.1671,-0.2836
1780080241444,2,12.00000018,Upper Delivery,Delivery,pitch.1,776056,4.0452,-1.2101,14.3631,45.4794,24.0794,-11.4331,-0.1718,0.3245
1780080241444,2,Pitching Mound.Delivery,,Delivery,pitch.1,774144,-6.3904,-1.5084,80.4698,-119.8319,131.7233,-25.8379,-0.1678,0.0436
1780080241444,2,Pitching Mound.Drive,,Delivery,pitch.1,775257,0.215,-0.0577,0.1975,0.0049,0.0025,0.0111,0.0,0.0
1780080241444,2,Pitching Mound.Parent,,Delivery,pitch.1,773400,-6.1604,-1.5702,80.6835,-119.8259,131.7231,-25.8269,-0.1673,0.0435
1780080241445,2,11.0000004b,Drive,Delivery,pitch.1,775258,0.225,-0.0616,0.1959,0.0051,0.0019,0.0111,0.0,0.0
1780080241445,2,12.00000015,Lower Delivery,Delivery,pitch.1,774771,-10.2312,-0.2999,66.4138,-183.8544,108.9644,-18.5866,-0.1682,-0.2837
1780080241445,2,12.00000018,Upper Delivery,Delivery,pitch.1,776057,4.0565,-1.2142,14.1748,45.515,24.0664,-11.3682,-0.174,0.327
1780080241445,2,Pitching Mound.Delivery,,Delivery,pitch.1,774145,-6.2841,-1.5181,80.4519,-120.1702,132.0984,-25.4305,-0.1683,0.0442
1780080241445,2,Pitching Mound.Drive,,Delivery,pitch.1,775258,0.225,-0.0616,0.1959,0.0051,0.0019,0.0111,0.0,0.0
1780080241445,2,Pitching Mound.Parent,,Delivery,pitch.1,773401,-6.0692,-1.5758,80.6494,-120.1653,132.1009,-25.4194,-0.1679,0.0441
1780080241446,2,11.0000004b,Drive,Delivery,pitch.1,775259,0.2241,-0.0611,0.1983,0.0056,0.0014,0.0105,0.0,0.0
1780080241446,2,12.00000015,Lower Delivery,Delivery,pitch.1,774772,-10.1109,-0.296,66.9914,-185.5687,111.0043,-18.2412,-0.1698,-0.2839
1780080241446,2,12.00000018,Upper Delivery,Delivery,pitch.1,776058,4.0398,-1.2431,14.1864,45.7015,24.3618,-11.3194,-0.176,0.327
1780080241446,2,Pitching Mound.Delivery,,Delivery,pitch.1,774146,-6.1915,-1.543,80.6002,-120.3956,133.3262,-25.0538,-0.1695,0.0441
1780080241446,2,Pitching Mound.Drive,,Delivery,pitch.1,775259,0.2241,-0.0611,0.1983,0.0056,0.0014,0.0105,0.0,0.0
1780080241446,2,Pitching Mound.Parent,,Delivery,pitch.1,773402,-5.9664,-1.6046,80.7962,-120.3905,133.328,-25.0427,-0.1691,0.044
1780080241447,2,11.0000004b,Drive,Delivery,pitch.1,775260,0.232,-0.064,0.2001,0.0064,0.0049,0.0105,0.0,0.0
1780080241447,2,12.00000015,Lower Delivery,Delivery,pitch.1,774773,-9.9305,-0.3151,66.9647,-186.0167,111.2665,-17.6313,-0.1703,-0.2847
1780080241447,2,12.00000018,Upper Delivery,Delivery,pitch.1,776059,4.0201,-1.2504,14.0631,45.6132,24.2264,-11.279,-0.1766,0.327
1780080241447,2,Pitching Mound.Delivery,,Delivery,pitch.1,774147,-6.0907,-1.5464,81.0545,-121.9599,135.2307,-24.7156,-0.171,0.0441
1780080241447,2,Pitching Mound.Drive,,Delivery,pitch.1,775260,0.232,-0.064,0.2001,0.0064,0.0049,0.0105,0.0,0.0
1780080241447,2,Pitching Mound.Parent,,Delivery,pitch.1,773403,-5.8666,-1.6075,81.2528,-121.9543,135.2322,-24.7051,-0.1706,0.044
1780080241448,2,11.0000004b,Drive,Delivery,pitch.1,775261,0.2111,-0.0577,0.1789,0.0114,0.0087,0.0096,0.0,0.0
1780080241448,2,12.00000015,Lower Delivery,Delivery,pitch.1,774774,-9.7477,-0.3414,66.5795,-185.1946,110.1043,-16.9539,-0.1695,-0.2851
1780080241448,2,12.00000018,Upper Delivery,Delivery,pitch.1,776060,4.0023,-1.2655,14.1514,45.547,24.3436,-11.2634,-0.1763,0.327
1780080241448,2,Pitching Mound.Delivery,,Delivery,pitch.1,774148,-5.9282,-1.5806,81.1161,-122.5131,135.6101,-24.1576,-0.1714,0.0434
1780080241448,2,Pitching Mound.Drive,,Delivery,pitch.1,775261,0.2111,-0.0577,0.1789,0.0114,0.0087,0.0096,0.0,0.0
1780080241448,2,Pitching Mound.Parent,,Delivery,pitch.1,773404,-5.6962,-1.6446,81.3162,-122.5067,135.615,-24.1471,-0.1709,0.0433
1780080241449,2,11.0000004b,Drive,Delivery,pitch.1,775262,0.1836,-0.0503,0.1451,0.0163,0.0118,0.0091,0.0,0.0
1780080241449,2,12.00000015,Lower Delivery,Delivery,pitch.1,774775,-9.5543,-0.3273,66.6617,-185.7957,110.6694,-16.3617,-0.1702,-0.2857
1780080241449,2,12.00000018,Upper Delivery,Delivery,pitch.1,776061,4.0128,-1.2587,14.0849,45.5683,24.3364,-11.178,-0.1771,0.327
1780080241449,2,Pitching Mound.Delivery,,Delivery,pitch.1,774149,-5.7349,-1.6001,80.6644,-121.7782,134.4407,-23.4533,-0.1708,0.0431
1780080241449,2,Pitching Mound.Drive,,Delivery,pitch.1,775262,0.1836,-0.0503,0.1451,0.0163,0.0118,0.0091,0.0,0.0
1780080241449,2,Pitching Mound.Parent,,Delivery,pitch.1,773405,-5.5239,-1.6578,80.8433,-121.7668,134.4494,-23.4437,-0.1704,0.043
1780080241450,2,11.0000004b,Drive,Delivery,pitch.1,775263,0.1801,-0.05,0.1366,0.0063,0.0028,0.0103,0.0,0.0
1780080241450,2,12.00000015,Lower Delivery,Delivery,pitch.1,774776,-9.3429,-0.3276,66.8418,-187.1036,111.1147,-15.5971,-0.1704,-0.2869
1780080241450,2,12.00000018,Upper Delivery,Delivery,pitch.1,776062,4.0018,-1.2693,14.194,45.6416,24.4398,-11.134,-0.1765,0.327
1780080241450,2,Pitching Mound.Delivery,,Delivery,pitch.1,774150,-5.5525,-1.5966,80.8557,-122.315,135.1092,-22.8866,-0.1713,0.0425
1780080241450,2,Pitching Mound.Drive,,Delivery,pitch.1,775263,0.1801,-0.05,0.1366,0.0063,0.0028,0.0103,0.0,0.0
1780080241450,2,Pitching Mound.Parent,,Delivery,pitch.1,773406,-5.3689,-1.6469,81.0008,-122.2987,135.121,-22.8775,-0.171,0.0424
1780080241451,2,11.0000004b,Drive,Delivery,pitch.1,775264,0.1701,-0.0478,0.1217,0.0068,0.0021,0.0096,0.0,0.0
1780080241451,2,12.00000015,Lower Delivery,Delivery,pitch.1,774777,-9.182,-0.3318,67.0088,-187.8679,111.6418,-15.1342,-0.1708,-0.2874
1780080241451,2,12.00000018,Upper Delivery,Delivery,pitch.1,776063,4.0289,-1.2609,14.1306,45.6246,24.4802,-11.096,-0.1776,0.327
1780080241451,2,Pitching Mound.Delivery,,Delivery,pitch.1,774151,-5.314,-1.5885,80.9724,-123.5572,135.5949,-22.1467,-0.1716,0.0416
1780080241451,2,Pitching Mound.Drive,,Delivery,pitch.1,775264,0.1701,-0.0478,0.1217,0.0068,0.0021,0.0096,0.0,0.0
1780080241451,2,Pitching Mound.Parent,,Delivery,pitch.1,773407,-5.1338,-1.6385,81.109,-123.5509,135.5977,-22.1364,-0.1713,0.0415
1780080241452,2,11.0000004b,Drive,Delivery,pitch.1,775265,0.1746,-0.0478,0.132,0.006,0.0008,0.0094,0.0,0.0
1780080241452,2,12.00000015,Lower Delivery,Delivery,pitch.1,774778,-9.0821,-0.2999,67.2934,-188.5555,112.6234,-14.8958,-0.1715,-0.2872
1780080241452,2,12.00000018,Upper Delivery,Delivery,pitch.1,776064,4.0057,-1.2513,14.0253,45.8733,24.6307,-10.9847,-0.18,0.327
1780080241452,2,12.00000018,Upper Delivery,Delivery,pitch.1,776065,4.017,-1.2637,13.9953,46.2247,24.7918,-10.968,-0.1816,0.327
1780080241452,2,Pitching Mound.Delivery,,Delivery,pitch.1,774152,-5.1763,-1.5831,81.0341,-123.9802,136.2725,-21.635,-0.1724,0.0413
1780080241452,2,Pitching Mound.Delivery,,Delivery,pitch.1,774153,-5.0651,-1.5637,81.2887,-124.2095,137.4152,-21.4101,-0.1733,0.0415
1780080241452,2,Pitching Mound.Drive,,Delivery,pitch.1,775265,0.1746,-0.0478,0.132,0.006,0.0008,0.0094,0.0,0.0
1780080241452,2,Pitching Mound.Parent,,Delivery,pitch.1,773408,-5.0062,-1.6309,81.1557,-123.9734,136.2746,-21.6254,-0.1721,0.0412
1780080241452,2,Pitching Mound.Parent,,Delivery,pitch.1,773409,-4.8905,-1.6114,81.4206,-124.2035,137.4161,-21.4007,-0.173,0.0414
1780080241453,2,11.0000004b,Drive,Delivery,pitch.1,775266,0.1911,-0.0525,0.1518,0.0054,-0.003,0.0103,0.0,0.0
1780080241453,2,12.00000015,Lower Delivery,Delivery,pitch.1,774779,-8.9659,-0.2833,67.2096,-188.0598,112.3253,-14.7283,-0.1713,-0.2868
1780080241453,2,12.00000018,Upper Delivery,Delivery,pitch.1,776066,4.0294,-1.2464,14.1405,46.3529,24.7708,-10.9158,-0.1795,0.327
1780080241453,2,Pitching Mound.Delivery,,Delivery,pitch.1,774154,-4.9365,-1.5297,81.35,-123.6633,137.0962,-21.2257,-0.1727,0.0417
1780080241453,2,Pitching Mound.Drive,,Delivery,pitch.1,775266,0.1911,-0.0525,0.1518,0.0054,-0.003,0.0103,0.0,0.0
1780080241453,2,Pitching Mound.Parent,,Delivery,pitch.1,773410,-4.7454,-1.5822,81.5019,-123.6579,137.0931,-21.2154,-0.1724,0.0416
1780080241454,2,11.0000004b,Drive,Delivery,pitch.1,775267,0.1994,-0.0533,0.1755,0.0058,-0.0066,0.0104,0.0,0.0
1780080241454,2,12.00000015,Lower Delivery,Delivery,pitch.1,774780,-8.8912,-0.2475,67.3609,-188.3707,112.2717,-14.4494,-0.1708,-0.2866
1780080241454,2,Pitching Mound.Drive,,Delivery,pitch.1,775267,0.1994,-0.0533,0.1755,0.0058,-0.0066,0.0104,0.0,0.0
1780080241455,2,11.0000004b,Drive,Delivery,pitch.1,775268,0.2202,-0.0583,0.205,0.0049,-0.008,0.011,0.0,0.0
1780080241455,2,12.00000015,Lower Delivery,Delivery,pitch.1,774781,-8.809,-0.2258,67.2787,-187.8916,111.8396,-14.2748,-0.1704,-0.2862
1780080241455,2,12.00000018,Upper Delivery,Delivery,pitch.1,776067,4.0498,-1.247,14.293,46.5256,24.9166,-10.8749,-0.1787,0.327
1780080241455,2,12.00000018,Upper Delivery,Delivery,pitch.1,776068,4.0184,-1.2291,14.3171,46.4118,24.9068,-10.8073,-0.1783,0.327
1780080241455,2,Pitching Mound.Delivery,,Delivery,pitch.1,774155,-4.8414,-1.4946,81.6539,-123.802,137.1883,-20.9243,-0.1722,0.0418
1780080241455,2,Pitching Mound.Delivery,,Delivery,pitch.1,774156,-4.7907,-1.4548,81.5958,-123.473,136.7465,-20.7207,-0.1718,0.042
1780080241455,2,Pitching Mound.Drive,,Delivery,pitch.1,775268,0.2202,-0.0583,0.205,0.0049,-0.008,0.011,0.0,0.0
1780080241455,2,Pitching Mound.Parent,,Delivery,pitch.1,773411,-4.642,-1.5479,81.8295,-123.7962,137.1817,-20.914,-0.1718,0.0417
1780080241455,2,Pitching Mound.Parent,,Delivery,pitch.1,773412,-4.5705,-1.5131,81.8008,-123.468,136.7385,-20.7097,-0.1713,0.0419
1780080241456,2,11.0000004b,Drive,Delivery,pitch.1,775269,0.2218,-0.0615,0.1805,0.0047,-0.006,0.0111,0.0,0.0
1780080241456,2,12.00000015,Lower Delivery,Delivery,pitch.1,774782,-8.7313,-0.1895,67.7083,-189.4317,113.0482,-14.026,-0.1711,-0.2868
1780080241456,2,Pitching Mound.Drive,,Delivery,pitch.1,775269,0.2218,-0.0615,0.1805,0.0047,-0.006,0.0111,0.0,0.0
1780080241457,2,11.0000004b,Drive,Delivery,pitch.1,775270,0.2191,-0.0601,0.1821,0.0052,-0.0094,0.0103,0.0,0.0
1780080241457,2,12.00000015,Lower Delivery,Delivery,pitch.1,774783,-8.6571,-0.1467,68.0343,-190.7588,114.2845,-13.7473,-0.1722,-0.2874
1780080241457,2,12.00000018,Upper Delivery,Delivery,pitch.1,776069,4.0248,-1.218,14.4237,46.439,24.904,-10.7598,-0.177,0.327
1780080241457,2,Pitching Mound.Delivery,,Delivery,pitch.1,774157,-4.7065,-1.4075,82.132,-124.876,137.9521,-20.4487,-0.1722,0.0416
1780080241457,2,Pitching Mound.Drive,,Delivery,pitch.1,775270,0.2191,-0.0601,0.1821,0.0052,-0.0094,0.0103,0.0,0.0
1780080241457,2,Pitching Mound.Parent,,Delivery,pitch.1,773413,-4.4847,-1.4689,82.3125,-124.8713,137.9461,-20.4377,-0.1718,0.0415
1780080241458,2,11.0000004b,Drive,Delivery,pitch.1,775271,0.2323,-0.0592,0.2241,0.0057,-0.0102,0.0105,0.0,0.0
1780080241458,2,12.00000015,Lower Delivery,Delivery,pitch.1,774784,-8.6272,-0.1115,68.2154,-191.3015,114.6719,-13.5625,-0.1723,-0.2874
1780080241458,2,12.00000018,Upper Delivery,Delivery,pitch.1,776070,4.0594,-1.236,14.6158,46.6759,25.2168,-10.7063,-0.1768,0.327
1780080241458,2,Pitching Mound.Delivery,,Delivery,pitch.1,774158,-4.5977,-1.3827,82.6501,-125.9206,139.5014,-20.1299,-0.173,0.041
1780080241458,2,Pitching Mound.Drive,,Delivery,pitch.1,775271,0.2323,-0.0592,0.2241,0.0057,-0.0102,0.0105,0.0,0.0
1780080241458,2,Pitching Mound.Parent,,Delivery,pitch.1,773414,-4.3786,-1.4428,82.8323,-125.9154,139.4919,-20.1196,-0.1726,0.0409
1780080241459,2,11.0000004b,Drive,Delivery,pitch.1,775272,0.239,-0.0546,0.2514,0.0059,-0.0107,0.0107,0.0,0.0
1780080241459,2,12.00000015,Lower Delivery,Delivery,pitch.1,774785,-8.5958,-0.0802,68.3426,-192.0323,115.2659,-13.3182,-0.1729,-0.288
1780080241459,2,12.00000018,Upper Delivery,Delivery,pitch.1,776071,4.0351,-1.2492,14.6742,46.7846,25.351,-10.6228,-0.1771,0.3268
1780080241459,2,Pitching Mound.Delivery,,Delivery,pitch.1,774159,-4.5921,-1.3607,82.8895,-126.3129,140.0229,-19.8801,-0.1731,0.0409
1780080241459,2,Pitching Mound.Drive,,Delivery,pitch.1,775272,0.239,-0.0546,0.2514,0.0059,-0.0107,0.0107,0.0,0.0
1780080241459,2,Pitching Mound.Parent,,Delivery,pitch.1,773415,-4.3598,-1.4199,83.1137,-126.3072,140.0127,-19.8697,-0.1727,0.0408
1780080241460,2,11.0000004b,Drive,Delivery,pitch.1,775273,0.2394,-0.0506,0.2477,0.0068,-0.0094,0.0097,0.0,0.0
1780080241460,2,12.00000015,Lower Delivery,Delivery,pitch.1,774786,-8.582,-0.038,68.3922,-192.2638,115.4478,-13.0692,-0.173,-0.2881
1780080241460,2,12.00000018,Upper Delivery,Delivery,pitch.1,776072,4.0222,-1.2606,14.5699,46.4125,25.281,-10.603,-0.1778,0.3265
1780080241460,2,12.00000018,Upper Delivery,Delivery,pitch.1,776073,4.0186,-1.2925,14.5641,45.9271,25.082,-10.5169,-0.1765,0.3232
1780080241460,2,Pitching Mound.Delivery,,Delivery,pitch.1,774161,-4.5634,-1.3306,82.9563,-128.0352,140.5299,-19.3019,-0.1736,0.0398
1780080241460,2,Pitching Mound.Delivery,,Delivery,pitch.1,774160,-4.5736,-1.3408,82.9125,-127.3371,140.5469,-19.6311,-0.1737,0.0405
1780080241460,2,Pitching Mound.Drive,,Delivery,pitch.1,775273,0.2394,-0.0506,0.2477,0.0068,-0.0094,0.0097,0.0,0.0
1780080241460,2,Pitching Mound.Parent,,Delivery,pitch.1,773417,-4.324,-1.3812,83.204,-128.0283,140.5205,-19.2922,-0.1731,0.0397
1780080241460,2,Pitching Mound.Parent,,Delivery,pitch.1,773416,-4.3346,-1.3954,83.1639,-127.3312,140.5361,-19.6204,-0.1732,0.0404
1780080241461,2,11.0000004b,Drive,Delivery,pitch.1,775274,0.2261,-0.0491,0.2338,0.0076,-0.0092,0.009,0.0,0.0
1780080241461,2,12.00000015,Lower Delivery,Delivery,pitch.1,774787,-8.5569,-0.0292,68.487,-192.4747,115.7206,-12.8344,-0.1732,-0.2881
1780080241461,2,Pitching Mound.Drive,,Delivery,pitch.1,775274,0.2261,-0.0491,0.2338,0.0076,-0.0092,0.009,0.0,0.0
1780080241462,2,11.0000004b,Drive,Delivery,pitch.1,775275,0.2126,-0.0408,0.222,0.0086,-0.0073,0.0092,0.0,0.0
1780080241462,2,12.00000015,Lower Delivery,Delivery,pitch.1,774788,-8.5464,-0.0349,68.6031,-193.0651,116.0021,-12.5978,-0.1733,-0.2884
1780080241462,2,12.00000018,Upper Delivery,Delivery,pitch.1,776075,3.9974,-1.3382,14.3631,45.383,24.8661,-10.3994,-0.1774,0.3239
1780080241462,2,12.00000018,Upper Delivery,Delivery,pitch.1,776074,4.025,-1.3234,14.4376,45.7138,25.0545,-10.4439,-0.1779,0.3245
1780080241462,2,Pitching Mound.Delivery,,Delivery,pitch.1,774162,-4.5319,-1.3526,82.9247,-128.3841,140.7751,-19.0005,-0.174,0.0402
1780080241462,2,Pitching Mound.Delivery,,Delivery,pitch.1,774163,-4.5491,-1.3731,82.9663,-129.2405,140.8682,-18.7323,-0.174,0.0398
1780080241462,2,Pitching Mound.Drive,,Delivery,pitch.1,775275,0.2126,-0.0408,0.222,0.0086,-0.0073,0.0092,0.0,0.0
1780080241462,2,Pitching Mound.Parent,,Delivery,pitch.1,773418,-4.3058,-1.4017,83.1585,-128.3764,140.7659,-18.9915,-0.1735,0.0401
1780080241462,2,Pitching Mound.Parent,,Delivery,pitch.1,773419,-4.3364,-1.4139,83.1883,-129.2319,140.8609,-18.7231,-0.1736,0.0397
1780080241463,2,11.0000004b,Drive,Delivery,pitch.1,775276,0.1818,-0.0447,0.1722,0.0108,-0.0073,0.0086,0.0,0.0
1780080241463,2,12.00000015,Lower Delivery,Delivery,pitch.1,774789,-8.5314,-0.0222,68.7397,-193.6945,116.6096,-12.3205,-0.1739,-0.2888
1780080241463,2,12.00000018,Upper Delivery,Delivery,pitch.1,776076,3.9853,-1.3654,14.0412,44.9083,24.5813,-10.3992,-0.1794,0.327
1780080241463,2,Pitching Mound.Delivery,,Delivery,pitch.1,774164,-4.5461,-1.3877,82.7809,-130.1887,141.1909,-18.464,-0.1748,0.0403
1780080241463,2,Pitching Mound.Drive,,Delivery,pitch.1,775276,0.1818,-0.0447,0.1722,0.0108,-0.0073,0.0086,0.0,0.0
1780080241463,2,Pitching Mound.Parent,,Delivery,pitch.1,773420,-4.3642,-1.4324,82.9531,-130.1779,141.1836,-18.4554,-0.1745,0.0402
1780080241464,2,11.0000004b,Drive,Delivery,pitch.1,775277,0.1779,-0.0291,0.188,0.0079,-0.0075,0.0101,0.0,0.0
1780080241464,2,12.00000015,Lower Delivery,Delivery,pitch.1,774790,-8.5092,-0.04,68.8569,-194.3151,117.2502,-12.0754,-0.1745,-0.2892
1780080241464,2,Pitching Mound.Drive,,Delivery,pitch.1,775277,0.1779,-0.0291,0.188,0.0079,-0.0075,0.0101,0.0,0.0
1780080241465,2,11.0000004b,Drive,Delivery,pitch.1,775278,0.1795,-0.0452,0.1655,0.0148,-0.0056,0.0085,0.0,0.0
1780080241465,2,12.00000015,Lower Delivery,Delivery,pitch.1,774791,-8.4784,-0.082,68.9427,-194.8307,117.8085,-11.7695,-0.1751,-0.2896
1780080241465,2,12.00000018,Upper Delivery,Delivery,pitch.1,776077,3.9756,-1.3876,13.8989,44.708,24.4276,-10.3848,-0.1801,0.327
1780080241465,2,12.00000018,Upper Delivery,Delivery,pitch.1,776078,3.9908,-1.4112,14.0314,44.7949,24.6295,-10.3469,-0.1799,0.327
1780080241465,2,Pitching Mound.Delivery,,Delivery,pitch.1,774165,-4.5335,-1.4275,82.7558,-130.9214,141.6778,-18.2154,-0.1755,0.0401
1780080241465,2,Pitching Mound.Delivery,,Delivery,pitch.1,774166,-4.4876,-1.4932,82.9741,-131.366,142.438,-17.8769,-0.1759,0.0396
1780080241465,2,Pitching Mound.Drive,,Delivery,pitch.1,775278,0.1795,-0.0452,0.1655,0.0148,-0.0056,0.0085,0.0,0.0
1780080241465,2,Pitching Mound.Parent,,Delivery,pitch.1,773421,-4.3556,-1.4566,82.9437,-130.9135,141.6703,-18.2053,-0.1751,0.04
1780080241465,2,Pitching Mound.Parent,,Delivery,pitch.1,773422,-4.3081,-1.5385,83.1396,-131.3512,142.4325,-17.8684,-0.1756,0.0396
1780080241466,2,11.0000004b,Drive,Delivery,pitch.1,775279,0.1215,-0.0173,0.1291,0.006,-0.0105,0.0098,0.0,0.0
1780080241466,2,12.00000015,Lower Delivery,Delivery,pitch.1,774792,-8.4548,-0.1033,69.1293,-195.4785,118.4727,-11.4915,-0.1757,-0.2898
1780080241466,2,Pitching Mound.Drive,,Delivery,pitch.1,775279,0.1215,-0.0173,0.1291,0.006,-0.0105,0.0098,0.0,0.0
1780080241467,2,11.0000004b,Drive,Delivery,pitch.1,775280,0.1549,-0.0252,0.18,0.0064,-0.0121,0.0097,0.0,0.0
1780080241467,2,12.00000015,Lower Delivery,Delivery,pitch.1,774793,-8.4219,-0.1213,69.2949,-196.1543,119.1223,-11.2365,-0.1762,-0.2901
1780080241467,2,12.00000018,Upper Delivery,Delivery,pitch.1,776079,3.9887,-1.4368,14.0447,44.8881,24.6471,-10.3077,-0.1799,0.327
1780080241467,2,Pitching Mound.Delivery,,Delivery,pitch.1,774167,-4.4661,-1.5401,83.174,-131.8616,143.1198,-17.5685,-0.1764,0.0395
1780080241467,2,Pitching Mound.Drive,,Delivery,pitch.1,775280,0.1549,-0.0252,0.18,0.0064,-0.0121,0.0097,0.0,0.0
1780080241467,2,Pitching Mound.Parent,,Delivery,pitch.1,773423,-4.3447,-1.5574,83.303,-131.8556,143.1093,-17.5587,-0.1761,0.0394
1780080241468,2,11.0000004b,Drive,Delivery,pitch.1,775281,0.1647,-0.0279,0.194,0.0075,-0.0117,0.0092,0.0,0.0
1780080241468,2,12.00000015,Lower Delivery,Delivery,pitch.1,774794,-8.3684,-0.1515,69.3446,-196.4097,119.3867,-10.9593,-0.1765,-0.2903
1780080241468,2,12.00000018,Upper Delivery,Delivery,pitch.1,776080,3.9919,-1.4599,14.0762,44.9594,24.8525,-10.2811,-0.181,0.327
1780080241468,2,12.00000018,Upper Delivery,Delivery,pitch.1,776081,4.0216,-1.4627,14.3415,45.3781,25.1977,-10.2659,-0.1801,0.3243
1780080241468,2,Pitching Mound.Delivery,,Delivery,pitch.1,774168,-4.4301,-1.5811,83.3711,-132.4205,143.9748,-17.2968,-0.177,0.0393
1780080241468,2,Pitching Mound.Delivery,,Delivery,pitch.1,774169,-4.3468,-1.6141,83.6861,-132.3305,144.5844,-17.0126,-0.1771,0.0385
1780080241468,2,Pitching Mound.Drive,,Delivery,pitch.1,775281,0.1647,-0.0279,0.194,0.0075,-0.0117,0.0092,0.0,0.0
1780080241468,2,Pitching Mound.Parent,,Delivery,pitch.1,773424,-4.2654,-1.6091,83.5652,-132.413,143.9631,-17.2876,-0.1766,0.0392
1780080241469,2,11.0000004b,Drive,Delivery,pitch.1,775282,0.1594,-0.0347,0.1745,0.0058,-0.0141,0.0092,0.0,0.0
1780080241469,2,12.00000015,Lower Delivery,Delivery,pitch.1,774795,-8.3157,-0.1642,69.5355,-197.3466,120.364,-10.5998,-0.1774,-0.2909
1780080241469,2,Pitching Mound.Drive,,Delivery,pitch.1,775282,0.1594,-0.0347,0.1745,0.0058,-0.0141,0.0092,0.0,0.0
1780080241469,2,Pitching Mound.Parent,,Delivery,pitch.1,773425,-4.1874,-1.6489,83.8606,-132.3247,144.5703,-17.0034,-0.1767,0.0384
1780080241470,2,11.0000004b,Drive,Delivery,pitch.1,775283,0.1796,-0.0407,0.184,0.0073,-0.0099,0.0093,0.0,0.0
1780080241470,2,12.00000015,Lower Delivery,Delivery,pitch.1,774796,-8.2493,-0.2027,69.6726,-197.5883,120.5861,-10.3672,-0.1774,-0.2907
1780080241470,2,12.00000018,Upper Delivery,Delivery,pitch.1,776082,4.0392,-1.4735,14.2251,45.212,25.0865,-10.2801,-0.1808,0.3258
1780080241470,2,Pitching Mound.Delivery,,Delivery,pitch.1,774170,-4.2765,-1.6376,83.7606,-133.329,145.4505,-16.6793,-0.178,0.0384
1780080241470,2,Pitching Mound.Drive,,Delivery,pitch.1,775283,0.1796,-0.0407,0.184,0.0073,-0.0099,0.0093,0.0,0.0
1780080241470,2,Pitching Mound.Parent,,Delivery,pitch.1,773426,-4.0969,-1.6783,83.9446,-133.3217,145.4406,-16.6699,-0.1776,0.0383
1780080241471,2,11.0000004b,Drive,Delivery,pitch.1,775284,0.1696,-0.0209,0.1965,0.0047,-0.01,0.0106,0.0,0.0
1780080241471,2,12.00000015,Lower Delivery,Delivery,pitch.1,774797,-8.1705,-0.2165,70.0504,-198.9175,121.6607,-10.0611,-0.178,-0.291
1780080241471,2,12.00000018,Upper Delivery,Delivery,pitch.1,776083,4.0705,-1.4673,14.227,45.5454,25.396,-10.249,-0.183,0.327
1780080241471,2,12.00000018,Upper Delivery,Delivery,pitch.1,776084,4.067,-1.4529,14.3188,45.7271,25.4914,-10.3023,-0.1825,0.327
1780080241471,2,Pitching Mound.Delivery,,Delivery,pitch.1,774171,-4.1788,-1.67,83.8996,-133.1914,145.9821,-16.4275,-0.1783,0.0388
1780080241471,2,Pitching Mound.Delivery,,Delivery,pitch.1,774172,-4.1035,-1.6694,84.3692,-134.2416,147.1521,-16.2027,-0.1788,0.0384
1780080241471,2,Pitching Mound.Drive,,Delivery,pitch.1,775284,0.1696,-0.0209,0.1965,0.0047,-0.01,0.0106,0.0,0.0
1780080241471,2,Pitching Mound.Parent,,Delivery,pitch.1,773427,-4.0092,-1.6909,84.0961,-133.1867,145.9721,-16.4169,-0.1779,0.0387
1780080241472,2,11.0000004b,Drive,Delivery,pitch.1,775285,0.1679,-0.0349,0.1752,0.0045,-0.0086,0.0105,0.0,0.0
1780080241472,2,11.0000004b,Drive,Delivery,pitch.1,775286,0.1854,-0.0328,0.2143,0.0053,-0.008,0.0085,0.0,0.0
1780080241472,2,12.00000015,Lower Delivery,Delivery,pitch.1,774798,-8.0693,-0.2111,70.0401,-199.1723,121.9616,-9.8204,-0.1785,-0.2915
1780080241472,2,12.00000018,Upper Delivery,Delivery,pitch.1,776085,4.0618,-1.4205,14.5411,46.1356,25.7358,-10.3078,-0.1814,0.3252
1780080241472,2,Pitching Mound.Delivery,,Delivery,pitch.1,774173,-4.0075,-1.6316,84.5812,-134.167,147.6974,-16.0036,-0.179,0.0376
1780080241472,2,Pitching Mound.Drive,,Delivery,pitch.1,775285,0.1679,-0.0349,0.1752,0.0045,-0.0086,0.0105,0.0,0.0
1780080241472,2,Pitching Mound.Drive,,Delivery,pitch.1,775286,0.1854,-0.0328,0.2143,0.0053,-0.008,0.0085,0.0,0.0
1780080241472,2,Pitching Mound.Parent,,Delivery,pitch.1,773428,-3.9356,-1.7043,84.5444,-134.2372,147.1435,-16.1921,-0.1784,0.0384
1780080241472,2,Pitching Mound.Parent,,Delivery,pitch.1,773429,-3.8221,-1.6644,84.7955,-134.1618,147.6894,-15.9952,-0.1785,0.0376
1780080241473,2,11.0000004b,Drive,Delivery,pitch.1,775287,0.209,-0.0309,0.2462,0.0061,-0.0069,0.0085,0.0,0.0
1780080241473,2,12.00000015,Lower Delivery,Delivery,pitch.1,774799,-7.9726,-0.1512,70.2948,-200.374,123.0237,-9.6372,-0.1794,-0.2922
1780080241473,2,Pitching Mound.Drive,,Delivery,pitch.1,775287,0.209,-0.0309,0.2462,0.0061,-0.0069,0.0085,0.0,0.0
1780080241474,2,11.0000004b,Drive,Delivery,pitch.1,775288,0.2087,-0.0506,0.2216,0.0062,-0.0041,0.0079,0.0,0.0
1780080241474,2,12.00000015,Lower Delivery,Delivery,pitch.1,774800,-7.8868,-0.1095,70.2755,-200.1203,122.8809,-9.5097,-0.1792,-0.2919
1780080241474,2,12.00000018,Upper Delivery,Delivery,pitch.1,776086,4.0764,-1.3937,14.5688,46.5036,25.9236,-10.3553,-0.1824,0.327
1780080241474,2,12.00000018,Upper Delivery,Delivery,pitch.1,776087,4.097,-1.3513,14.84,46.7525,26.2521,-10.3134,-0.1813,0.3229
1780080241474,2,Pitching Mound.Delivery,,Delivery,pitch.1,774174,-3.8962,-1.5449,84.8636,-134.9236,148.9473,-15.8959,-0.1799,0.0374
1780080241474,2,Pitching Mound.Delivery,,Delivery,pitch.1,774175,-3.7898,-1.4608,85.1155,-134.5197,149.133,-15.7486,-0.1796,0.0368
1780080241474,2,Pitching Mound.Drive,,Delivery,pitch.1,775288,0.2087,-0.0506,0.2216,0.0062,-0.0041,0.0079,0.0,0.0
1780080241474,2,Pitching Mound.Parent,,Delivery,pitch.1,773430,-3.6872,-1.5758,85.1097,-134.9175,148.9404,-15.8874,-0.1794,0.0373
1780080241474,2,Pitching Mound.Parent,,Delivery,pitch.1,773431,-3.5811,-1.5114,85.3371,-134.5136,149.1289,-15.7407,-0.1791,0.0367
1780080241475,2,11.0000004b,Drive,Delivery,pitch.1,775289,0.2248,-0.0346,0.2576,0.0057,-0.0053,0.0086,0.0,0.0
1780080241475,2,12.00000015,Lower Delivery,Delivery,pitch.1,774801,-7.79,-0.0444,70.5279,-200.8128,123.617,-9.4435,-0.1796,-0.2918
1780080241475,2,12.00000018,Upper Delivery,Delivery,pitch.1,776088,4.0917,-1.3028,14.9137,47.1322,26.4648,-10.3026,-0.1819,0.3239
1780080241475,2,Pitching Mound.Delivery,,Delivery,pitch.1,774176,-3.6984,-1.3473,85.4417,-134.7717,150.0818,-15.7063,-0.18,0.037
1780080241475,2,Pitching Mound.Drive,,Delivery,pitch.1,775289,0.2248,-0.0346,0.2576,0.0057,-0.0053,0.0086,0.0,0.0
1780080241475,2,Pitching Mound.Parent,,Delivery,pitch.1,773432,-3.4736,-1.3818,85.6992,-134.766,150.0765,-15.6977,-0.1795,0.0368
1780080241476,2,11.0000004b,Drive,Delivery,pitch.1,775290,0.2505,-0.0532,0.2534,0.0072,-0.002,0.0087,0.0,0.0
1780080241476,2,12.00000015,Lower Delivery,Delivery,pitch.1,774802,-7.7015,0.0653,70.8397,-201.5758,124.1422,-9.3866,-0.1796,-0.2917
1780080241476,2,12.00000018,Upper Delivery,Delivery,pitch.1,776089,4.1139,-1.2566,14.835,47.3903,26.3926,-10.2947,-0.1823,0.327
1780080241476,2,Pitching Mound.Delivery,,Delivery,pitch.1,774177,-3.5875,-1.1913,85.6747,-135.1439,150.5349,-15.6641,-0.1801,0.0377
1780080241476,2,Pitching Mound.Drive,,Delivery,pitch.1,775290,0.2505,-0.0532,0.2534,0.0072,-0.002,0.0087,0.0,0.0
1780080241476,2,Pitching Mound.Parent,,Delivery,pitch.1,773433,-3.337,-1.2445,85.9281,-135.1367,150.5329,-15.6554,-0.1796,0.0376
1780080241477,2,11.0000004b,Drive,Delivery,pitch.1,775291,0.2653,-0.0515,0.2732,0.0061,-0.0028,0.0096,0.0,0.0
1780080241477,2,12.00000015,Lower Delivery,Delivery,pitch.1,774803,-7.6147,0.1618,70.8421,-201.5012,124.2625,-9.3479,-0.1798,-0.2915
1780080241477,2,12.00000018,Upper Delivery,Delivery,pitch.1,776090,4.1498,-1.2048,14.936,47.6174,26.565,-10.2842,-0.1823,0.3268
1780080241477,2,Pitching Mound.Delivery,,Delivery,pitch.1,774178,-3.4649,-1.0431,85.7781,-134.8757,150.8275,-15.6322,-0.1802,0.0377
1780080241477,2,Pitching Mound.Drive,,Delivery,pitch.1,775291,0.2653,-0.0515,0.2732,0.0061,-0.0028,0.0096,0.0,0.0
1780080241477,2,Pitching Mound.Parent,,Delivery,pitch.1,773434,-3.1996,-1.0946,86.0513,-134.8695,150.8246,-15.6226,-0.1796,0.0376
1780080241478,2,11.0000004b,Drive,Delivery,pitch.1,775292,0.2585,-0.0553,0.2652,0.0095,0.0007,0.0096,0.0,0.0
1780080241478,2,12.00000015,Lower Delivery,Delivery,pitch.1,774804,-7.5485,0.2859,70.8305,-201.5083,124.5048,-9.2597,-0.1802,-0.2916
1780080241478,2,12.00000018,Upper Delivery,Delivery,pitch.1,776091,4.1487,-1.1515,14.9537,47.8982,26.6813,-10.2439,-0.1829,0.327
1780080241478,2,Pitching Mound.Delivery,,Delivery,pitch.1,774179,-3.3998,-0.8657,85.7842,-134.612,151.1862,-15.5266,-0.1806,0.0377
1780080241478,2,Pitching Mound.Drive,,Delivery,pitch.1,775292,0.2585,-0.0553,0.2652,0.0095,0.0007,0.0096,0.0,0.0
1780080241478,2,Pitching Mound.Parent,,Delivery,pitch.1,773435,-3.1412,-0.9209,86.0494,-134.6025,151.1869,-15.5169,-0.1801,0.0376
1780080241479,2,12.00000015,Lower Delivery,Delivery,pitch.1,774805,-7.5033,0.3923,70.9535,-201.7845,124.6772,-9.175,-0.1801,-0.2915
1780080241479,2,12.00000018,Upper Delivery,Delivery,pitch.1,776092,4.1423,-1.1165,14.9298,47.997,26.8407,-10.1593,-0.1843,0.327
1780080241479,2,Pitching Mound.Delivery,,Delivery,pitch.1,774180,-3.361,-0.7241,85.8834,-134.7394,151.5179,-15.3748,-0.1808,0.0378
1780080241480,2,11.0000004b,Drive,Delivery,pitch.1,775293,0.2651,-0.0681,0.2587,0.0121,0.0029,0.0087,0.0,0.0
1780080241480,2,11.0000004b,Drive,Delivery,pitch.1,775294,0.2738,-0.072,0.2626,0.0212,0.0051,0.0078,0.0,0.0
1780080241480,2,12.00000015,Lower Delivery,Delivery,pitch.1,774806,-7.4745,0.5018,71.1519,-202.6019,125.3883,-8.9953,-0.1806,-0.2918
1780080241480,2,12.00000018,Upper Delivery,Delivery,pitch.1,776093,4.1299,-1.0809,14.8696,47.7622,26.6918,-10.0622,-0.184,0.327
1780080241480,2,Pitching Mound.Delivery,,Delivery,pitch.1,774181,-3.3445,-0.5791,86.0215,-135.7038,152.0801,-15.112,-0.1812,0.0376
1780080241480,2,Pitching Mound.Drive,,Delivery,pitch.1,775293,0.2651,-0.0681,0.2587,0.0121,0.0029,0.0087,0.0,0.0
1780080241480,2,Pitching Mound.Drive,,Delivery,pitch.1,775294,0.2738,-0.072,0.2626,0.0212,0.0051,0.0078,0.0,0.0
1780080241480,2,Pitching Mound.Parent,,Delivery,pitch.1,773436,-3.0959,-0.7923,86.1421,-134.7273,151.5208,-15.3661,-0.1803,0.0377
1780080241480,2,Pitching Mound.Parent,,Delivery,pitch.1,773437,-3.0707,-0.651,86.2841,-135.6826,152.0852,-15.1042,-0.1807,0.0375
1780080241481,2,11.0000004b,Drive,Delivery,pitch.1,775295,0.2676,-0.0699,0.2649,0.0208,0.008,0.0085,0.0,0.0
1780080241481,2,12.00000015,Lower Delivery,Delivery,pitch.1,774807,-7.4475,0.5818,71.2804,-203.4301,125.9107,-8.7813,-0.181,-0.2925
1780080241481,2,12.00000018,Upper Delivery,Delivery,pitch.1,776094,4.1404,-1.0797,15.049,48.0123,26.9277,-10.0156,-0.1834,0.327
1780080241481,2,Pitching Mound.Delivery,,Delivery,pitch.1,774182,-3.3072,-0.498,86.3294,-136.2991,152.8384,-14.857,-0.1815,0.0369
1780080241481,2,Pitching Mound.Drive,,Delivery,pitch.1,775295,0.2676,-0.0699,0.2649,0.0208,0.008,0.0085,0.0,0.0
1780080241481,2,Pitching Mound.Parent,,Delivery,pitch.1,773438,-3.0396,-0.5679,86.5943,-136.2782,152.8464,-14.8485,-0.1809,0.0368
1780080241482,2,11.0000004b,Drive,Delivery,pitch.1,775296,0.2681,-0.0634,0.2819,0.018,0.0035,0.0085,0.0,0.0
1780080241482,2,12.00000015,Lower Delivery,Delivery,pitch.1,774808,-7.4389,0.6648,71.5773,-204.3626,126.7996,-8.5722,-0.1816,-0.2926
1780080241482,2,12.00000018,Upper Delivery,Delivery,pitch.1,776095,4.0827,-1.0816,14.8449,47.9128,26.895,-9.9625,-0.1857,0.327
1780080241482,2,Pitching Mound.Delivery,,Delivery,pitch.1,774183,-3.3562,-0.4168,86.4222,-137.1608,153.6946,-14.6174,-0.1823,0.037
1780080241482,2,Pitching Mound.Drive,,Delivery,pitch.1,775296,0.2681,-0.0634,0.2819,0.018,0.0035,0.0085,0.0,0.0
1780080241482,2,Pitching Mound.Parent,,Delivery,pitch.1,773439,-3.0881,-0.4802,86.7041,-137.1428,153.6981,-14.6088,-0.1817,0.0369
1780080241483,2,11.0000004b,Drive,Delivery,pitch.1,775297,0.276,-0.0699,0.2776,0.0252,-0.0343,0.0085,0.0,0.0
1780080241483,2,12.00000015,Lower Delivery,Delivery,pitch.1,774809,-7.4434,0.7345,71.7824,-205.1659,127.3282,-8.3577,-0.1818,-0.2929
1780080241483,2,12.00000018,Upper Delivery,Delivery,pitch.1,776096,4.0635,-1.0855,14.7655,47.9359,27.1172,-9.8897,-0.1882,0.327
1780080241483,2,Pitching Mound.Delivery,,Delivery,pitch.1,774184,-3.3799,-0.351,86.5479,-137.8443,154.4453,-14.3351,-0.1829,0.0368
1780080241483,2,Pitching Mound.Drive,,Delivery,pitch.1,775297,0.276,-0.0699,0.2776,0.0252,-0.0343,0.0085,0.0,0.0
1780080241483,2,Pitching Mound.Parent,,Delivery,pitch.1,773440,-3.1039,-0.4209,86.8255,-137.8191,154.411,-14.3266,-0.1823,0.0367
1780080241484,2,11.0000004b,Drive,Delivery,pitch.1,775298,0.2751,-0.0664,0.2855,0.012,-0.0009,0.0098,0.0,0.0
1780080241484,2,12.00000015,Lower Delivery,Delivery,pitch.1,774810,-7.4358,0.7425,71.8463,-205.6773,127.8566,-8.167,-0.1824,-0.2934
1780080241484,2,12.00000018,Upper Delivery,Delivery,pitch.1,776097,4.0369,-1.1158,14.82,47.8171,27.102,-9.9013,-0.1874,0.327
1780080241484,2,Pitching Mound.Delivery,,Delivery,pitch.1,774185,-3.3989,-0.3733,86.6663,-138.4713,154.9586,-14.1675,-0.1833,0.0364
1780080241484,2,Pitching Mound.Drive,,Delivery,pitch.1,775298,0.2751,-0.0664,0.2855,0.012,-0.0009,0.0098,0.0,0.0
1780080241484,2,Pitching Mound.Parent,,Delivery,pitch.1,773441,-3.1239,-0.4397,86.9518,-138.4593,154.9576,-14.1577,-0.1827,0.0363
1780080241485,2,11.0000004b,Drive,Delivery,pitch.1,775299,0.2732,-0.069,0.2735,0.0181,0.0012,0.009,0.0,0.0
1780080241485,2,12.00000015,Lower Delivery,Delivery,pitch.1,774811,-7.4562,0.7518,72.0674,-206.2686,128.078,-8.0337,-0.1822,-0.2934
1780080241485,2,12.00000018,Upper Delivery,Delivery,pitch.1,776098,4.012,-1.1358,14.6763,47.8513,26.9934,-9.8801,-0.1885,0.327
1780080241485,2,Pitching Mound.Delivery,,Delivery,pitch.1,774186,-3.4442,-0.3841,86.7437,-138.9043,155.0714,-14.0145,-0.1832,0.0366
1780080241485,2,Pitching Mound.Drive,,Delivery,pitch.1,775299,0.2732,-0.069,0.2735,0.0181,0.0012,0.009,0.0,0.0
1780080241485,2,Pitching Mound.Parent,,Delivery,pitch.1,773442,-3.171,-0.4531,87.0172,-138.8862,155.0726,-14.0056,-0.1827,0.0364
1780080241486,2,11.0000004b,Drive,Delivery,pitch.1,775300,0.2573,-0.0662,0.2545,0.0157,0.0003,0.0096,0.0,0.0
1780080241486,2,12.00000015,Lower Delivery,Delivery,pitch.1,774812,-7.4728,0.7661,72.1825,-206.6413,128.3509,-7.9215,-0.1823,-0.2934
1780080241486,2,12.00000018,Upper Delivery,Delivery,pitch.1,776099,4.0074,-1.1614,14.6741,48.0365,26.8954,-9.9183,-0.1879,0.327
1780080241486,2,Pitching Mound.Delivery,,Delivery,pitch.1,774187,-3.4654,-0.3953,86.8566,-139.0519,155.2463,-13.9365,-0.1832,0.0365
1780080241486,2,Pitching Mound.Drive,,Delivery,pitch.1,775300,0.2573,-0.0662,0.2545,0.0157,0.0003,0.0096,0.0,0.0
1780080241486,2,Pitching Mound.Parent,,Delivery,pitch.1,773443,-3.2081,-0.4615,87.1111,-139.0362,155.2465,-13.9269,-0.1827,0.0364
1780080241487,2,11.0000004b,Drive,Delivery,pitch.1,775301,0.2404,-0.0606,0.2547,0.0103,-0.0064,0.0092,0.0,0.0
1780080241487,2,12.00000015,Lower Delivery,Delivery,pitch.1,774813,-7.4692,0.7653,72.3229,-207.1895,129.0123,-7.8115,-0.1828,-0.2936
1780080241487,2,12.00000018,Upper Delivery,Delivery,pitch.1,776100,3.9769,-1.1887,14.5631,47.8133,26.572,-9.9779,-0.187,0.327
1780080241487,2,Pitching Mound.Delivery,,Delivery,pitch.1,774188,-3.4923,-0.4234,86.886,-139.7378,155.5843,-13.8977,-0.1835,0.0364
1780080241487,2,Pitching Mound.Drive,,Delivery,pitch.1,775301,0.2404,-0.0606,0.2547,0.0103,-0.0064,0.0092,0.0,0.0
1780080241487,2,Pitching Mound.Parent,,Delivery,pitch.1,773444,-3.2519,-0.4841,87.1407,-139.7274,155.5778,-13.8885,-0.183,0.0363
1780080241488,2,11.0000004b,Drive,Delivery,pitch.1,775302,0.1994,-0.0504,0.1983,0.0132,-0.0037,0.0082,0.0,0.0
1780080241488,2,12.00000015,Lower Delivery,Delivery,pitch.1,774814,-7.4844,0.7732,72.4573,-207.7325,129.043,-7.7485,-0.1825,-0.2938
1780080241488,2,12.00000018,Upper Delivery,Delivery,pitch.1,776101,3.9858,-1.2207,14.6718,48.0965,27.0101,-10.0634,-0.1887,0.327
1780080241488,2,Pitching Mound.Delivery,,Delivery,pitch.1,774189,-3.4986,-0.4475,87.1291,-139.989,156.0532,-13.912,-0.1836,0.0362
1780080241488,2,Pitching Mound.Drive,,Delivery,pitch.1,775302,0.1994,-0.0504,0.1983,0.0132,-0.0037,0.0082,0.0,0.0
1780080241488,2,Pitching Mound.Parent,,Delivery,pitch.1,773445,-3.2992,-0.4979,87.3274,-139.9757,156.0495,-13.9038,-0.1832,0.0361
1780080241489,2,11.0000004b,Drive,Delivery,pitch.1,775303,0.211,-0.0539,0.2098,0.0125,-0.0059,0.0084,0.0,0.0
1780080241489,2,12.00000015,Lower Delivery,Delivery,pitch.1,774815,-7.5162,0.7901,72.6999,-208.4005,129.1386,-7.7904,-0.1821,-0.2938
1780080241489,2,12.00000018,Upper Delivery,Delivery,pitch.1,776102,3.997,-1.2471,14.8177,48.3704,27.197,-10.2239,-0.1881,0.327
1780080241489,2,Pitching Mound.Delivery,,Delivery,pitch.1,774190,-3.5192,-0.457,87.5175,-140.3502,156.3356,-14.0999,-0.1831,0.0362
1780080241489,2,Pitching Mound.Drive,,Delivery,pitch.1,775303,0.211,-0.0539,0.2098,0.0125,-0.0059,0.0084,0.0,0.0
1780080241489,2,Pitching Mound.Parent,,Delivery,pitch.1,773446,-3.3082,-0.5109,87.7274,-140.3377,156.3297,-14.0915,-0.1827,0.0361
1780080241490,2,11.0000004b,Drive,Delivery,pitch.1,775304,0.1955,-0.0504,0.1852,0.017,-0.0029,0.0089,0.0,0.0
1780080241490,2,12.00000015,Lower Delivery,Delivery,pitch.1,774816,-7.5105,0.811,72.7875,-208.8302,129.7189,-7.78,-0.1827,-0.2941
1780080241490,2,12.00000018,Upper Delivery,Delivery,pitch.1,776103,4.0189,-1.2489,14.8369,48.8662,27.5777,-10.3184,-0.1905,0.327
1780080241490,2,Pitching Mound.Delivery,,Delivery,pitch.1,774191,-3.4916,-0.4379,87.6245,-140.2607,157.2966,-14.1784,-0.184,0.036
1780080241490,2,Pitching Mound.Drive,,Delivery,pitch.1,775304,0.1955,-0.0504,0.1852,0.017,-0.0029,0.0089,0.0,0.0
1780080241490,2,Pitching Mound.Parent,,Delivery,pitch.1,773447,-3.2961,-0.4883,87.8097,-140.2437,157.2937,-14.1695,-0.1836,0.0359
1780080241491,2,11.0000004b,Drive,Delivery,pitch.1,775305,0.166,-0.0397,0.1803,0.0098,-0.007,0.0096,0.0,0.0
1780080241491,2,12.00000015,Lower Delivery,Delivery,pitch.1,774817,-7.5183,0.8349,72.8946,-209.1596,129.4381,-7.7509,-0.182,-0.2941
1780080241491,2,12.00000018,Upper Delivery,Delivery,pitch.1,776104,4.0622,-1.2373,15.0159,49.2797,27.7954,-10.4581,-0.1897,0.327
1780080241491,2,Pitching Mound.Delivery,,Delivery,pitch.1,774192,-3.456,-0.4024,87.9104,-140.2012,157.2335,-14.2716,-0.1833,0.0358
1780080241491,2,Pitching Mound.Drive,,Delivery,pitch.1,775305,0.166,-0.0397,0.1803,0.0098,-0.007,0.0096,0.0,0.0
1780080241491,2,Pitching Mound.Parent,,Delivery,pitch.1,773448,-3.2901,-0.4421,88.0908,-140.1914,157.2265,-14.2621,-0.1829,0.0358
1780080241492,2,11.0000004b,Drive,Delivery,pitch.1,775306,0.1646,-0.0387,0.1878,0.0099,-0.0076,0.0086,0.0,0.0
1780080241492,2,12.00000015,Lower Delivery,Delivery,pitch.1,774818,-7.4834,0.8805,73.0723,-209.6912,129.8822,-7.7917,-0.1822,-0.2941
1780080241492,2,12.00000018,Upper Delivery,Delivery,pitch.1,776105,4.0948,-1.2069,15.2123,50.0997,28.1642,-10.5262,-0.1898,0.327
1780080241492,2,Pitching Mound.Delivery,,Delivery,pitch.1,774193,-3.3886,-0.3265,88.2846,-139.9191,158.0464,-14.3812,-0.1835,0.0357
1780080241492,2,Pitching Mound.Drive,,Delivery,pitch.1,775306,0.1646,-0.0387,0.1878,0.0099,-0.0076,0.0086,0.0,0.0
1780080241492,2,Pitching Mound.Parent,,Delivery,pitch.1,773449,-3.2239,-0.3652,88.4723,-139.9092,158.0389,-14.3726,-0.1831,0.0357
1780080241493,2,11.0000004b,Drive,Delivery,pitch.1,775307,0.1405,-0.0303,0.1817,0.006,-0.009,0.0085,0.0,0.0
1780080241493,2,12.00000015,Lower Delivery,Delivery,pitch.1,774819,-7.4624,0.937,73.0977,-209.9881,129.8704,-7.7222,-0.1821,-0.2944
1780080241493,2,12.00000018,Upper Delivery,Delivery,pitch.1,776106,4.1117,-1.1695,15.3387,50.5651,28.4869,-10.5828,-0.1904,0.327
1780080241493,2,Pitching Mound.Delivery,,Delivery,pitch.1,774194,-3.3507,-0.2325,88.4363,-139.7849,158.3573,-14.3699,-0.1835,0.0354
1780080241493,2,Pitching Mound.Drive,,Delivery,pitch.1,775307,0.1405,-0.0303,0.1817,0.006,-0.009,0.0085,0.0,0.0
1780080241493,2,Pitching Mound.Parent,,Delivery,pitch.1,773450,-3.2102,-0.2628,88.618,-139.779,158.3483,-14.3613,-0.1832,0.0353
1780080241494,2,11.0000004b,Drive,Delivery,pitch.1,775308,0.1412,-0.0316,0.1718,0.0052,-0.0071,0.009,0.0,0.0
1780080241494,2,12.00000015,Lower Delivery,Delivery,pitch.1,774820,-7.4279,1.0063,73.2053,-210.1758,129.9427,-7.7369,-0.1819,-0.2943
1780080241494,2,12.00000018,Upper Delivery,Delivery,pitch.1,776107,4.139,-1.1221,15.481,50.7907,28.6382,-10.6372,-0.1896,0.327
1780080241494,2,Pitching Mound.Delivery,,Delivery,pitch.1,774195,-3.2889,-0.1158,88.6863,-139.7588,158.5809,-14.4414,-0.1833,0.0355
1780080241494,2,Pitching Mound.Drive,,Delivery,pitch.1,775308,0.1412,-0.0316,0.1718,0.0052,-0.0071,0.009,0.0,0.0
1780080241494,2,Pitching Mound.Parent,,Delivery,pitch.1,773451,-3.1477,-0.1474,88.8581,-139.7536,158.5737,-14.4324,-0.1829,0.0354
1780080241495,2,11.0000004b,Drive,Delivery,pitch.1,775309,0.1325,-0.0296,0.1597,0.0054,-0.0072,0.0093,0.0,0.0
1780080241495,2,12.00000015,Lower Delivery,Delivery,pitch.1,774821,-7.3923,1.077,73.2417,-210.2096,129.9438,-7.6963,-0.1818,-0.2942
1780080241495,2,12.00000018,Upper Delivery,Delivery,pitch.1,776108,4.1701,-1.0587,15.6356,51.2047,28.7849,-10.6552,-0.1887,0.327
1780080241495,2,Pitching Mound.Delivery,,Delivery,pitch.1,774196,-3.2222,0.0183,88.8773,-139.4188,158.7287,-14.4203,-0.183,0.0355
1780080241495,2,Pitching Mound.Drive,,Delivery,pitch.1,775309,0.1325,-0.0296,0.1597,0.0054,-0.0072,0.0093,0.0,0.0
1780080241495,2,Pitching Mound.Parent,,Delivery,pitch.1,773452,-3.0897,-0.0114,89.037,-139.4135,158.7214,-14.411,-0.1827,0.0354
1780080241496,2,11.0000004b,Drive,Delivery,pitch.1,775310,0.1567,-0.0356,0.1916,0.0056,-0.0108,0.0088,0.0,0.0
1780080241496,2,12.00000015,Lower Delivery,Delivery,pitch.1,774822,-7.3245,1.1766,73.2427,-210.4661,130.1172,-7.6741,-0.1821,-0.2945
1780080241496,2,12.00000018,Upper Delivery,Delivery,pitch.1,776109,4.1922,-0.9861,16.0265,51.7157,29.2122,-10.6942,-0.1868,0.327
1780080241496,2,Pitching Mound.Delivery,,Delivery,pitch.1,774197,-3.1322,0.1905,89.2692,-139.2968,159.3294,-14.4526,-0.1829,0.035
1780080241496,2,Pitching Mound.Drive,,Delivery,pitch.1,775310,0.1567,-0.0356,0.1916,0.0056,-0.0108,0.0088,0.0,0.0
1780080241496,2,Pitching Mound.Parent,,Delivery,pitch.1,773453,-2.9755,0.1549,89.4608,-139.2912,159.3186,-14.4438,-0.1825,0.0349
1780080241497,2,11.0000004b,Drive,Delivery,pitch.1,775311,0.1724,-0.0408,0.1953,0.0059,-0.0096,0.0088,0.0,0.0
1780080241497,2,12.00000015,Lower Delivery,Delivery,pitch.1,774823,-7.2517,1.2801,73.4607,-210.5287,130.3748,-7.7081,-0.1819,-0.2937
1780080241497,2,12.00000018,Upper Delivery,Delivery,pitch.1,776110,4.2277,-0.9076,16.2356,52.1469,29.4267,-10.6607,-0.1858,0.327
1780080241497,2,Pitching Mound.Delivery,,Delivery,pitch.1,774198,-3.0241,0.3725,89.6962,-138.9252,159.8015,-14.4658,-0.1826,0.0355
1780080241497,2,Pitching Mound.Drive,,Delivery,pitch.1,775311,0.1724,-0.0408,0.1953,0.0059,-0.0096,0.0088,0.0,0.0
1780080241497,2,Pitching Mound.Parent,,Delivery,pitch.1,773454,-2.8517,0.3318,89.8915,-138.9192,159.792,-14.457,-0.1822,0.0355
1780080241498,2,12.00000015,Lower Delivery,Delivery,pitch.1,774824,-7.1978,1.3967,73.5178,-210.677,130.8373,-7.7141,-0.1824,-0.2937
1780080241498,2,12.00000018,Upper Delivery,Delivery,pitch.1,776111,4.251,-0.8256,16.3955,52.6329,29.7262,-10.6673,-0.1858,0.327
1780080241498,2,Pitching Mound.Delivery,,Delivery,pitch.1,774199,-2.9468,0.5711,89.9133,-138.6226,160.5635,-14.4888,-0.183,0.0355
1780080241499,2,11.0000004b,Drive,Delivery,pitch.1,775313,0.1772,-0.0416,0.1979,0.0055,-0.0107,0.0099,0.0,0.0
1780080241499,2,11.0000004b,Drive,Delivery,pitch.1,775312,0.1851,-0.0454,0.1999,0.0121,-0.006,0.0089,0.0,0.0
1780080241499,2,12.00000015,Lower Delivery,Delivery,pitch.1,774825,-7.1259,1.5,73.6655,-211.0227,131.4437,-7.7763,-0.1829,-0.2936
1780080241499,2,12.00000018,Upper Delivery,Delivery,pitch.1,776112,4.2839,-0.7659,16.5878,52.9071,30.0529,-10.6054,-0.1857,0.3269
1780080241499,2,Pitching Mound.Delivery,,Delivery,pitch.1,774200,-2.842,0.7341,90.2532,-138.7091,161.4966,-14.5023,-0.1834,0.0355
1780080241499,2,Pitching Mound.Drive,,Delivery,pitch.1,775313,0.1772,-0.0416,0.1979,0.0055,-0.0107,0.0099,0.0,0.0
1780080241499,2,Pitching Mound.Drive,,Delivery,pitch.1,775312,0.1851,-0.0454,0.1999,0.0121,-0.006,0.0089,0.0,0.0
1780080241499,2,Pitching Mound.Parent,,Delivery,pitch.1,773455,-2.7617,0.5257,90.1132,-138.6105,160.5575,-14.48,-0.1826,0.0354
1780080241499,2,Pitching Mound.Parent,,Delivery,pitch.1,773456,-2.6648,0.6924,90.4512,-138.7037,161.4858,-14.4924,-0.183,0.0354
1780080241500,2,11.0000004b,Drive,Delivery,pitch.1,775314,0.191,-0.0473,0.192,0.0215,-0.0046,0.0079,0.0,0.0
1780080241500,2,12.00000015,Lower Delivery,Delivery,pitch.1,774826,-7.0511,1.614,74.0338,-211.4788,132.1729,-7.7818,-0.183,-0.2928
1780080241500,2,12.00000018,Upper Delivery,Delivery,pitch.1,776113,4.3021,-0.7165,16.7688,53.184,30.3485,-10.5336,-0.1855,0.3251
1780080241500,2,Pitching Mound.Delivery,,Delivery,pitch.1,774201,-2.749,0.8976,90.8027,-138.8247,162.5213,-14.4552,-0.1834,0.0357
1780080241500,2,Pitching Mound.Drive,,Delivery,pitch.1,775314,0.191,-0.0473,0.192,0.0215,-0.0046,0.0079,0.0,0.0
1780080241500,2,Pitching Mound.Parent,,Delivery,pitch.1,773457,-2.558,0.8502,90.9947,-138.8031,162.5167,-14.4474,-0.1831,0.0357
1780080241501,2,12.00000015,Lower Delivery,Delivery,pitch.1,774827,-6.987,1.715,74.0638,-212.0651,132.6654,-7.7665,-0.1836,-0.2935
1780080241501,2,12.00000018,Upper Delivery,Delivery,pitch.1,776114,4.3153,-0.6699,16.8337,53.281,30.4952,-10.4814,-0.1857,0.3244
1780080241501,2,Pitching Mound.Delivery,,Delivery,pitch.1,774202,-2.6717,1.0451,90.8975,-139.3259,163.1605,-14.4051,-0.184,0.035
1780080241502,2,11.0000004b,Drive,Delivery,pitch.1,775315,0.2163,-0.052,0.2308,0.0209,-0.0054,0.008,0.0,0.0
1780080241502,2,11.0000004b,Drive,Delivery,pitch.1,775316,0.2064,-0.0512,0.2012,0.0214,-0.0069,0.0073,0.0,0.0
1780080241502,2,12.00000015,Lower Delivery,Delivery,pitch.1,774828,-6.9521,1.7616,74.2461,-212.3221,132.9983,-7.7339,-0.1836,-0.2931
1780080241502,2,12.00000018,Upper Delivery,Delivery,pitch.1,776115,4.3118,-0.6425,16.9723,53.5339,30.6855,-10.4402,-0.1853,0.3233
1780080241502,2,Pitching Mound.Delivery,,Delivery,pitch.1,774203,-2.6404,1.1192,91.2184,-139.3151,163.6838,-14.3443,-0.1839,0.0351
1780080241502,2,Pitching Mound.Drive,,Delivery,pitch.1,775315,0.2163,-0.052,0.2308,0.0209,-0.0054,0.008,0.0,0.0
1780080241502,2,Pitching Mound.Drive,,Delivery,pitch.1,775316,0.2064,-0.0512,0.2012,0.0214,-0.0069,0.0073,0.0,0.0
1780080241502,2,Pitching Mound.Parent,,Delivery,pitch.1,773458,-2.4555,0.9932,91.1283,-139.3049,163.1551,-14.3971,-0.1835,0.0349
1780080241502,2,Pitching Mound.Parent,,Delivery,pitch.1,773459,-2.434,1.068,91.4196,-139.2937,163.677,-14.3371,-0.1835,0.035
1780080241503,2,11.0000004b,Drive,Delivery,pitch.1,775317,0.2006,-0.0456,0.1997,0.02,-0.0055,0.0085,0.0,0.0
1780080241503,2,12.00000015,Lower Delivery,Delivery,pitch.1,774829,-6.9248,1.8861,74.4941,-212.9471,133.3519,-7.7212,-0.1835,-0.293
1780080241503,2,12.00000018,Upper Delivery,Delivery,pitch.1,776116,4.3315,-0.6232,17.1972,53.8667,31.0729,-10.5054,-0.1852,0.321
1780080241503,2,Pitching Mound.Delivery,,Delivery,pitch.1,774204,-2.5933,1.2629,91.6913,-139.5995,164.4247,-14.3995,-0.1838,0.0346
1780080241503,2,Pitching Mound.Drive,,Delivery,pitch.1,775317,0.2006,-0.0456,0.1997,0.02,-0.0055,0.0085,0.0,0.0
1780080241503,2,Pitching Mound.Parent,,Delivery,pitch.1,773460,-2.3927,1.2173,91.891,-139.5795,164.4193,-14.391,-0.1834,0.0346
1780080241504,2,11.0000004b,Drive,Delivery,pitch.1,775318,0.2205,-0.0569,0.2013,0.0246,-0.0062,0.0073,0.0,0.0
1780080241504,2,12.00000015,Lower Delivery,Delivery,pitch.1,774830,-6.9005,1.9686,74.5251,-213.1976,134.0883,-7.6845,-0.1844,-0.2932
1780080241504,2,12.00000018,Upper Delivery,Delivery,pitch.1,776117,4.3287,-0.6264,17.3256,54.3473,31.3821,-10.4851,-0.1856,0.3215
1780080241504,2,Pitching Mound.Delivery,,Delivery,pitch.1,774205,-2.5718,1.3422,91.8507,-139.4024,165.4704,-14.3516,-0.1846,0.0345
1780080241504,2,Pitching Mound.Drive,,Delivery,pitch.1,775318,0.2205,-0.0569,0.2013,0.0246,-0.0062,0.0073,0.0,0.0
1780080241504,2,Pitching Mound.Parent,,Delivery,pitch.1,773461,-2.3513,1.2853,92.052,-139.3778,165.4643,-14.3443,-0.1842,0.0344
1780080241505,2,11.0000004b,Drive,Delivery,pitch.1,775319,0.1997,-0.052,0.1609,0.0343,-0.0043,0.0062,0.0,0.0
1780080241505,2,12.00000015,Lower Delivery,Delivery,pitch.1,774831,-6.8743,2.0644,74.69,-213.8262,134.5889,-7.6428,-0.1847,-0.2934
1780080241505,2,12.00000018,Upper Delivery,Delivery,pitch.1,776118,4.3091,-0.6457,17.4999,54.7013,31.7045,-10.5063,-0.1857,0.3204
1780080241505,2,Pitching Mound.Delivery,,Delivery,pitch.1,774206,-2.5652,1.4187,92.1899,-139.6804,166.2934,-14.3468,-0.1849,0.034
1780080241505,2,Pitching Mound.Drive,,Delivery,pitch.1,775319,0.1997,-0.052,0.1609,0.0343,-0.0043,0.0062,0.0,0.0
1780080241505,2,Pitching Mound.Parent,,Delivery,pitch.1,773462,-2.3655,1.3667,92.3507,-139.6461,166.2891,-14.3406,-0.1846,0.0339
1780080241506,2,11.0000004b,Drive,Delivery,pitch.1,775320,0.1967,-0.052,0.1617,0.0368,-0.0011,0.006,0.0,0.0
1780080241506,2,12.00000015,Lower Delivery,Delivery,pitch.1,774832,-6.8724,2.1455,74.9263,-214.421,135.5989,-7.5745,-0.1855,-0.2933
1780080241506,2,12.00000018,Upper Delivery,Delivery,pitch.1,776119,4.3026,-0.6717,17.4205,54.2898,31.6279,-10.5428,-0.1861,0.3194
1780080241506,2,Pitching Mound.Delivery,,Delivery,pitch.1,774207,-2.5698,1.4738,92.3468,-140.5792,167.2268,-14.3177,-0.1856,0.034
1780080241506,2,Pitching Mound.Drive,,Delivery,pitch.1,775320,0.1967,-0.052,0.1617,0.0368,-0.0011,0.006,0.0,0.0
1780080241506,2,Pitching Mound.Parent,,Delivery,pitch.1,773463,-2.3731,1.4218,92.5084,-140.5425,167.2257,-14.3118,-0.1853,0.0339
1780080241507,2,11.0000004b,Drive,Delivery,pitch.1,775321,0.1855,-0.0494,0.142,0.0309,-0.0016,0.0065,0.0,0.0
1780080241507,2,12.00000015,Lower Delivery,Delivery,pitch.1,774833,-6.8735,2.229,75.1597,-214.7701,136.2652,-7.5409,-0.1858,-0.2929
1780080241507,2,12.00000018,Upper Delivery,Delivery,pitch.1,776120,4.2853,-0.7055,17.3934,54.3591,31.5369,-10.608,-0.1858,0.3203
1780080241507,2,Pitching Mound.Delivery,,Delivery,pitch.1,774208,-2.5882,1.5235,92.5531,-140.7705,167.8021,-14.3549,-0.1858,0.0346
1780080241507,2,Pitching Mound.Drive,,Delivery,pitch.1,775321,0.1855,-0.0494,0.142,0.0309,-0.0016,0.0065,0.0,0.0
1780080241507,2,Pitching Mound.Parent,,Delivery,pitch.1,773464,-2.4027,1.4741,92.6951,-140.7396,167.8005,-14.3484,-0.1855,0.0345
1780080241508,2,11.0000004b,Drive,Delivery,pitch.1,775322,0.1655,-0.0425,0.1295,0.0291,-0.0013,0.007,0.0,0.0
1780080241508,2,12.00000015,Lower Delivery,Delivery,pitch.1,774834,-6.8896,2.3004,75.3343,-215.3674,136.4475,-7.472,-0.1856,-0.293
1780080241508,2,12.00000018,Upper Delivery,Delivery,pitch.1,776121,4.2335,-0.7408,17.3802,54.1967,31.6421,-10.6777,-0.1866,0.3196
1780080241508,2,Pitching Mound.Delivery,,Delivery,pitch.1,774209,-2.6561,1.5597,92.7145,-141.4663,168.0896,-14.3678,-0.1858,0.0344
1780080241508,2,Pitching Mound.Drive,,Delivery,pitch.1,775322,0.1655,-0.0425,0.1295,0.0291,-0.0013,0.007,0.0,0.0
1780080241508,2,Pitching Mound.Parent,,Delivery,pitch.1,773465,-2.4906,1.5172,92.844,-141.4372,168.0883,-14.3608,-0.1856,0.0343
1780080241509,2,11.0000004b,Drive,Delivery,pitch.1,775323,0.1817,-0.0494,0.1363,0.0324,0.0007,0.0055,0.0,0.0
1780080241509,2,12.00000015,Lower Delivery,Delivery,pitch.1,774835,-6.8992,2.3612,75.5241,-215.7437,136.7961,-7.4103,-0.1856,-0.2928
1780080241509,2,12.00000018,Upper Delivery,Delivery,pitch.1,776122,4.2145,-0.7608,17.439,54.38,31.6966,-10.7432,-0.1863,0.3196
1780080241509,2,Pitching Mound.Delivery,,Delivery,pitch.1,774210,-2.6847,1.6004,92.9632,-141.6147,168.4927,-14.3748,-0.1858,0.0345
1780080241509,2,Pitching Mound.Drive,,Delivery,pitch.1,775323,0.1817,-0.0494,0.1363,0.0324,0.0007,0.0055,0.0,0.0
1780080241509,2,Pitching Mound.Parent,,Delivery,pitch.1,773466,-2.5031,1.5509,93.0994,-141.5824,168.4934,-14.3693,-0.1855,0.0345
1780080241510,2,11.0000004b,Drive,Delivery,pitch.1,775324,0.1882,-0.0517,0.1406,0.0201,-0.0073,0.0058,0.0,0.0
1780080241510,2,12.00000015,Lower Delivery,Delivery,pitch.1,774836,-6.8924,2.4052,75.5643,-216.0344,137.3479,-7.3764,-0.1863,-0.293
1780080241510,2,12.00000018,Upper Delivery,Delivery,pitch.1,776123,4.1934,-0.7608,17.3579,54.4498,31.6751,-10.8279,-0.187,0.3215
1780080241510,2,Pitching Mound.Delivery,,Delivery,pitch.1,774211,-2.6989,1.6444,92.9222,-141.7944,169.023,-14.4351,-0.1864,0.0347
1780080241510,2,Pitching Mound.Drive,,Delivery,pitch.1,775324,0.1882,-0.0517,0.1406,0.0201,-0.0073,0.0058,0.0,0.0
1780080241510,2,Pitching Mound.Parent,,Delivery,pitch.1,773467,-2.5108,1.5927,93.0628,-141.7743,169.0157,-14.4293,-0.1862,0.0347
1780080241511,2,11.0000004b,Drive,Delivery,pitch.1,775325,0.1465,-0.0359,0.1355,0.0205,-0.0074,0.0067,0.0,0.0
1780080241511,2,12.00000015,Lower Delivery,Delivery,pitch.1,774837,-6.8717,2.4407,75.646,-216.3105,137.7145,-7.324,-0.1866,-0.2931
1780080241511,2,12.00000018,Upper Delivery,Delivery,pitch.1,776124,4.1676,-0.7598,17.4265,54.7243,31.6127,-10.8898,-0.1859,0.3219
1780080241511,2,Pitching Mound.Delivery,,Delivery,pitch.1,774212,-2.7042,1.6809,93.0726,-141.7916,169.3272,-14.4605,-0.1865,0.0347
1780080241511,2,Pitching Mound.Drive,,Delivery,pitch.1,775325,0.1465,-0.0359,0.1355,0.0205,-0.0074,0.0067,0.0,0.0
1780080241511,2,Pitching Mound.Parent,,Delivery,pitch.1,773468,-2.5577,1.645,93.2081,-141.7711,169.3198,-14.4537,-0.1862,0.0347
1780080241512,2,11.0000004b,Drive,Delivery,pitch.1,775326,0.1743,-0.0463,0.1399,0.0255,-0.0025,0.0064,0.0,0.0
1780080241512,2,12.00000015,Lower Delivery,Delivery,pitch.1,774838,-6.8739,2.4819,75.8351,-216.6219,138.1086,-7.3176,-0.1867,-0.2928
1780080241512,2,12.00000018,Upper Delivery,Delivery,pitch.1,776125,4.175,-0.7649,17.4224,54.5754,31.7547,-10.98,-0.1868,0.3211
1780080241512,2,Pitching Mound.Delivery,,Delivery,pitch.1,774213,-2.6989,1.717,93.2575,-142.1862,169.8633,-14.541,-0.1867,0.0349
1780080241512,2,Pitching Mound.Drive,,Delivery,pitch.1,775326,0.1743,-0.0463,0.1399,0.0255,-0.0025,0.0064,0.0,0.0
1780080241512,2,Pitching Mound.Parent,,Delivery,pitch.1,773469,-2.5246,1.6707,93.3974,-142.1607,169.8608,-14.5346,-0.1864,0.0348
1780080241513,2,11.0000004b,Drive,Delivery,pitch.1,775327,0.1603,-0.0433,0.1159,0.0312,0.002,0.0071,0.0,0.0
1780080241513,2,12.00000015,Lower Delivery,Delivery,pitch.1,774839,-6.8534,2.5145,75.8164,-216.6502,138.0909,-7.2438,-0.1867,-0.2929
1780080241513,2,12.00000018,Upper Delivery,Delivery,pitch.1,776126,4.1776,-0.7465,17.4852,54.6522,31.8595,-11.0185,-0.1868,0.3204
1780080241513,2,Pitching Mound.Delivery,,Delivery,pitch.1,774214,-2.6758,1.768,93.3015,-142.1653,169.9503,-14.5117,-0.1867,0.0346
1780080241513,2,Pitching Mound.Drive,,Delivery,pitch.1,775327,0.1603,-0.0433,0.1159,0.0312,0.002,0.0071,0.0,0.0
1780080241513,2,Pitching Mound.Parent,,Delivery,pitch.1,773470,-2.5154,1.7247,93.4174,-142.1341,169.9523,-14.5046,-0.1865,0.0346
1780080241514,2,11.0000004b,Drive,Delivery,pitch.1,775328,0.1694,-0.0464,0.123,0.0269,0.0031,0.0073,0.0,0.0
1780080241514,2,12.00000015,Lower Delivery,Delivery,pitch.1,774840,-6.8212,2.5385,75.8157,-216.7234,138.1609,-7.2019,-0.1868,-0.293
1780080241514,2,12.00000018,Upper Delivery,Delivery,pitch.1,776127,4.1739,-0.7364,17.4353,54.4828,31.647,-11.0507,-0.186,0.3203
1780080241514,2,Pitching Mound.Delivery,,Delivery,pitch.1,774215,-2.6474,1.8021,93.2509,-142.3912,169.8079,-14.5143,-0.1866,0.0345
1780080241514,2,Pitching Mound.Drive,,Delivery,pitch.1,775328,0.1694,-0.0464,0.123,0.0269,0.0031,0.0073,0.0,0.0
1780080241514,2,Pitching Mound.Parent,,Delivery,pitch.1,773471,-2.478,1.7557,93.3739,-142.3643,169.811,-14.507,-0.1864,0.0345
1780080241515,2,11.0000004b,Drive,Delivery,pitch.1,775329,0.1683,-0.046,0.1281,0.0236,0.0029,0.0083,0.0,0.0
1780080241515,2,12.00000015,Lower Delivery,Delivery,pitch.1,774841,-6.7862,2.5918,75.9907,-217.0981,138.0648,-7.1554,-0.1862,-0.2928
1780080241515,2,12.00000018,Upper Delivery,Delivery,pitch.1,776128,4.1981,-0.6996,17.3559,54.4062,31.506,-11.0925,-0.1861,0.3213
1780080241515,2,Pitching Mound.Delivery,,Delivery,pitch.1,774216,-2.5881,1.8922,93.3466,-142.7561,169.5708,-14.5132,-0.1862,0.0349
1780080241515,2,Pitching Mound.Drive,,Delivery,pitch.1,775329,0.1683,-0.046,0.1281,0.0236,0.0029,0.0083,0.0,0.0
1780080241515,2,Pitching Mound.Parent,,Delivery,pitch.1,773472,-2.4199,1.8463,93.4747,-142.7325,169.5737,-14.5049,-0.1859,0.0349
1780080241516,2,11.0000004b,Drive,Delivery,pitch.1,775330,0.1615,-0.044,0.1235,0.0136,-0.0003,0.0099,0.0,0.0
1780080241516,2,12.00000015,Lower Delivery,Delivery,pitch.1,774842,-6.7332,2.6309,76.0404,-217.3785,138.3138,-7.1069,-0.1864,-0.293
1780080241516,2,12.00000018,Upper Delivery,Delivery,pitch.1,776129,4.2277,-0.6528,17.4883,54.7341,31.6963,-11.1444,-0.1858,0.3208
1780080241516,2,Pitching Mound.Delivery,,Delivery,pitch.1,774217,-2.5055,1.9781,93.5286,-142.7367,170.0101,-14.5245,-0.1863,0.0346
1780080241516,2,Pitching Mound.Drive,,Delivery,pitch.1,775330,0.1615,-0.044,0.1235,0.0136,-0.0003,0.0099,0.0,0.0
1780080241516,2,Pitching Mound.Parent,,Delivery,pitch.1,773473,-2.344,1.9341,93.6521,-142.7231,170.0098,-14.5146,-0.1861,0.0346
1780080241517,2,11.0000004b,Drive,Delivery,pitch.1,775331,0.1624,-0.0432,0.1381,0.0058,-0.0066,0.01,0.0,0.0
1780080241517,2,12.00000015,Lower Delivery,Delivery,pitch.1,774843,-6.6923,2.6928,76.1699,-217.4759,138.3764,-6.9922,-0.1862,-0.2926
1780080241517,2,12.00000018,Upper Delivery,Delivery,pitch.1,776130,4.2432,-0.5851,17.5462,55.4059,31.6861,-11.178,-0.1851,0.3237
1780080241517,2,Pitching Mound.Delivery,,Delivery,pitch.1,774218,-2.4492,2.1077,93.7161,-142.1379,170.0625,-14.4521,-0.186,0.0354
1780080241517,2,Pitching Mound.Drive,,Delivery,pitch.1,775331,0.1624,-0.0432,0.1381,0.0058,-0.0066,0.01,0.0,0.0
1780080241517,2,Pitching Mound.Parent,,Delivery,pitch.1,773474,-2.2867,2.0645,93.8542,-142.1322,170.0559,-14.4421,-0.1857,0.0354
1780080241518,2,11.0000004b,Drive,Delivery,pitch.1,775332,0.1647,-0.0442,0.1362,0.0071,-0.0074,0.0099,0.0,0.0
1780080241518,2,12.00000015,Lower Delivery,Delivery,pitch.1,774844,-6.6177,2.7381,76.2411,-217.8808,138.6195,-6.8928,-0.1864,-0.2929
1780080241518,2,12.00000018,Upper Delivery,Delivery,pitch.1,776131,4.29,-0.5322,17.6592,55.9135,31.9681,-11.2415,-0.1855,0.3245
1780080241518,2,Pitching Mound.Delivery,,Delivery,pitch.1,774219,-2.3277,2.2059,93.9004,-142.0494,170.5876,-14.4257,-0.1862,0.0353
1780080241518,2,Pitching Mound.Drive,,Delivery,pitch.1,775332,0.1647,-0.0442,0.1362,0.0071,-0.0074,0.0099,0.0,0.0
1780080241518,2,Pitching Mound.Parent,,Delivery,pitch.1,773475,-2.163,2.1617,94.0365,-142.0423,170.5802,-14.4158,-0.1859,0.0353
1780080241519,2,11.0000004b,Drive,Delivery,pitch.1,775333,0.1554,-0.0401,0.1411,0.0057,-0.0093,0.0109,0.0,0.0
1780080241519,2,12.00000015,Lower Delivery,Delivery,pitch.1,774845,-6.5396,2.7992,76.3283,-218.3198,139.0514,-6.8869,-0.1867,-0.2932
1780080241519,2,12.00000018,Upper Delivery,Delivery,pitch.1,776132,4.3317,-0.4673,17.8092,56.4347,32.2669,-11.3089,-0.1857,0.3248
1780080241519,2,Pitching Mound.Delivery,,Delivery,pitch.1,774220,-2.2079,2.3319,94.1375,-141.9886,171.3184,-14.4996,-0.1865,0.0351
1780080241519,2,Pitching Mound.Drive,,Delivery,pitch.1,775333,0.1554,-0.0401,0.1411,0.0057,-0.0093,0.0109,0.0,0.0
1780080241519,2,Pitching Mound.Parent,,Delivery,pitch.1,773476,-2.0525,2.2918,94.2786,-141.9829,171.3091,-14.4887,-0.1862,0.035
1780080241520,2,11.0000004b,Drive,Delivery,pitch.1,775334,0.1413,-0.0351,0.1291,0.0053,-0.0057,0.0122,0.0,0.0
1780080241520,2,12.00000015,Lower Delivery,Delivery,pitch.1,774846,-6.4564,2.8552,76.5411,-218.4362,139.3317,-6.8071,-0.1866,-0.2925
1780080241520,2,12.00000018,Upper Delivery,Delivery,pitch.1,776133,4.3472,-0.4063,17.8368,56.6472,32.2689,-11.3139,-0.1854,0.3255
1780080241520,2,Pitching Mound.Delivery,,Delivery,pitch.1,774221,-2.1092,2.4488,94.3779,-141.8296,171.6006,-14.4478,-0.1864,0.0358
1780080241520,2,Pitching Mound.Drive,,Delivery,pitch.1,775334,0.1413,-0.0351,0.1291,0.0053,-0.0057,0.0122,0.0,0.0
1780080241520,2,Pitching Mound.Parent,,Delivery,pitch.1,773477,-1.9679,2.4138,94.507,-141.8243,171.5949,-14.4357,-0.1861,0.0357
1780080241521,2,11.0000004b,Drive,Delivery,pitch.1,775335,0.1413,-0.0354,0.1305,0.0054,-0.005,0.0117,0.0,0.0
1780080241521,2,12.00000015,Lower Delivery,Delivery,pitch.1,774847,-6.3785,2.9319,76.6566,-218.4568,139.2604,-6.717,-0.1862,-0.2921
1780080241521,2,12.00000018,Upper Delivery,Delivery,pitch.1,776134,4.3852,-0.3398,18.0521,57.4182,32.7134,-11.3674,-0.1857,0.326
1780080241521,2,Pitching Mound.Delivery,,Delivery,pitch.1,774222,-1.9932,2.5921,94.7087,-141.1131,171.9738,-14.4247,-0.1861,0.0361
1780080241521,2,Pitching Mound.Drive,,Delivery,pitch.1,775335,0.1413,-0.0354,0.1305,0.0054,-0.005,0.0117,0.0,0.0
1780080241521,2,Pitching Mound.Parent,,Delivery,pitch.1,773478,-1.8519,2.5567,94.8392,-141.1077,171.9688,-14.413,-0.1859,0.0361
1780080241522,2,11.0000004b,Drive,Delivery,pitch.1,775336,0.1472,-0.0369,0.1395,0.0135,0.0015,0.0107,0.0,0.0
1780080241522,2,12.00000015,Lower Delivery,Delivery,pitch.1,774848,-6.3212,3.0027,76.9232,-218.7464,139.415,-6.6776,-0.1858,-0.2915
1780080241522,2,12.00000018,Upper Delivery,Delivery,pitch.1,776135,4.4097,-0.2996,18.0778,57.792,32.8989,-11.464,-0.1865,0.327
1780080241522,2,Pitching Mound.Delivery,,Delivery,pitch.1,774223,-1.9116,2.7031,95.0011,-140.947,172.3139,-14.493,-0.1859,0.0368
1780080241522,2,Pitching Mound.Drive,,Delivery,pitch.1,775336,0.1472,-0.0369,0.1395,0.0135,0.0015,0.0107,0.0,0.0
1780080241522,2,Pitching Mound.Parent,,Delivery,pitch.1,773479,-1.7643,2.6662,95.1405,-140.9335,172.3154,-14.4824,-0.1856,0.0368
1780080241523,2,11.0000004b,Drive,Delivery,pitch.1,775337,0.1377,-0.0314,0.1428,0.0049,-0.0057,0.011,0.0,0.0
1780080241523,2,12.00000015,Lower Delivery,Delivery,pitch.1,774849,-6.2556,3.0888,77.026,-218.7714,139.5395,-6.5594,-0.1857,-0.2911
1780080241523,2,12.00000018,Upper Delivery,Delivery,pitch.1,776136,4.4447,-0.2487,18.0757,57.928,32.7705,-11.5226,-0.1858,0.327
1780080241523,2,Pitching Mound.Delivery,,Delivery,pitch.1,774224,-1.8109,2.84,95.1017,-140.8002,172.3099,-14.4439,-0.1857,0.0371
1780080241523,2,Pitching Mound.Drive,,Delivery,pitch.1,775337,0.1377,-0.0314,0.1428,0.0049,-0.0057,0.011,0.0,0.0
1780080241523,2,Pitching Mound.Parent,,Delivery,pitch.1,773480,-1.6732,2.8086,95.2446,-140.7953,172.3043,-14.4329,-0.1854,0.0371
1780080241524,2,11.0000004b,Drive,Delivery,pitch.1,775338,0.1797,-0.0452,0.1841,0.0092,-0.0025,0.0103,0.0,0.0
1780080241524,2,12.00000015,Lower Delivery,Delivery,pitch.1,774850,-6.2016,3.1746,77.3995,-219.2783,139.836,-6.4869,-0.1852,-0.2904
1780080241524,2,12.00000018,Upper Delivery,Delivery,pitch.1,776137,4.4558,-0.2052,18.2443,58.3751,33.0414,-11.5752,-0.1856,0.327
1780080241524,2,Pitching Mound.Delivery,,Delivery,pitch.1,774225,-1.7458,2.9693,95.6438,-140.7904,172.8774,-14.4386,-0.1853,0.0377
1780080241524,2,Pitching Mound.Drive,,Delivery,pitch.1,775338,0.1797,-0.0452,0.1841,0.0092,-0.0025,0.0103,0.0,0.0
1780080241524,2,Pitching Mound.Parent,,Delivery,pitch.1,773481,-1.5661,2.9241,95.8279,-140.7812,172.8749,-14.4283,-0.1849,0.0376
1780080241525,2,11.0000004b,Drive,Delivery,pitch.1,775339,0.1775,-0.0437,0.1901,0.0075,-0.0026,0.011,0.0,0.0
1780080241525,2,12.00000015,Lower Delivery,Delivery,pitch.1,774851,-6.1487,3.2594,77.8464,-219.6911,140.1196,-6.3833,-0.1845,-0.2893
1780080241525,2,12.00000018,Upper Delivery,Delivery,pitch.1,776138,4.4625,-0.1664,18.3646,58.765,33.4228,-11.6265,-0.1865,0.327
1780080241525,2,Pitching Mound.Delivery,,Delivery,pitch.1,774226,-1.6862,3.093,96.2109,-140.7023,173.5424,-14.402,-0.1849,0.0386
1780080241525,2,Pitching Mound.Drive,,Delivery,pitch.1,775339,0.1775,-0.0437,0.1901,0.0075,-0.0026,0.011,0.0,0.0
1780080241525,2,Pitching Mound.Parent,,Delivery,pitch.1,773482,-1.5086,3.0493,96.401,-140.6948,173.5398,-14.3911,-0.1845,0.0385
1780080241526,2,11.0000004b,Drive,Delivery,pitch.1,775340,0.1767,-0.0428,0.1894,0.004,-0.004,0.0111,0.0,0.0
1780080241526,2,12.00000015,Lower Delivery,Delivery,pitch.1,774852,-6.0865,3.363,78.1133,-220.0042,140.3364,-6.2162,-0.1841,-0.2887
1780080241526,2,12.00000018,Upper Delivery,Delivery,pitch.1,776139,4.4542,-0.1354,18.3925,58.9478,33.2756,-11.6728,-0.1854,0.327
1780080241526,2,Pitching Mound.Delivery,,Delivery,pitch.1,774227,-1.6324,3.2276,96.5058,-140.7513,173.612,-14.3052,-0.1844,0.0391
1780080241526,2,Pitching Mound.Drive,,Delivery,pitch.1,775340,0.1767,-0.0428,0.1894,0.004,-0.004,0.0111,0.0,0.0
1780080241526,2,Pitching Mound.Parent,,Delivery,pitch.1,773483,-1.4557,3.1847,96.6952,-140.7473,173.6081,-14.2941,-0.184,0.039
1780080241527,2,11.0000004b,Drive,Delivery,pitch.1,775341,0.2211,-0.0564,0.2296,0.0057,-0.0022,0.0117,0.0,0.0
1780080241527,2,12.00000015,Lower Delivery,Delivery,pitch.1,774853,-6.0413,3.4344,78.4943,-220.4905,140.6668,-6.1463,-0.1837,-0.2879
1780080241527,2,12.00000018,Upper Delivery,Delivery,pitch.1,776140,4.4496,-0.1245,18.5407,59.2651,33.4277,-11.723,-0.1848,0.327
1780080241527,2,Pitching Mound.Delivery,,Delivery,pitch.1,774228,-1.5917,3.3098,97.035,-140.8412,174.0945,-14.3024,-0.1839,0.0397
1780080241527,2,Pitching Mound.Drive,,Delivery,pitch.1,775341,0.2211,-0.0564,0.2296,0.0057,-0.0022,0.0117,0.0,0.0
1780080241527,2,Pitching Mound.Parent,,Delivery,pitch.1,773484,-1.3705,3.2535,97.2646,-140.8354,174.0923,-14.2907,-0.1835,0.0396
1780080241528,2,11.0000004b,Drive,Delivery,pitch.1,775342,0.2231,-0.0592,0.2151,0.0057,-0.0013,0.011,0.0,0.0
1780080241528,2,12.00000015,Lower Delivery,Delivery,pitch.1,774854,-5.98,3.5041,78.7503,-220.7753,140.9839,-6.0467,-0.1835,-0.2873
1780080241528,2,12.00000018,Upper Delivery,Delivery,pitch.1,776141,4.4195,-0.1331,18.6622,59.4486,33.7235,-11.7534,-0.1852,0.3265
1780080241528,2,Pitching Mound.Delivery,,Delivery,pitch.1,774229,-1.5605,3.371,97.4125,-140.8968,174.7074,-14.2643,-0.1838,0.04
1780080241528,2,Pitching Mound.Drive,,Delivery,pitch.1,775342,0.2231,-0.0592,0.2151,0.0057,-0.0013,0.011,0.0,0.0
1780080241528,2,Pitching Mound.Parent,,Delivery,pitch.1,773485,-1.3374,3.3118,97.6276,-140.8911,174.7061,-14.2534,-0.1834,0.0399
1780080241529,2,11.0000004b,Drive,Delivery,pitch.1,775343,0.2217,-0.0586,0.2182,0.0047,-0.0011,0.0109,0.0,0.0
1780080241529,2,12.00000015,Lower Delivery,Delivery,pitch.1,774855,-5.9326,3.5806,78.8404,-220.9391,141.0138,-5.9972,-0.1833,-0.2872
1780080241529,2,12.00000018,Upper Delivery,Delivery,pitch.1,776142,4.401,-0.127,18.7797,59.6292,33.931,-11.8197,-0.1852,0.3254
1780080241529,2,Pitching Mound.Delivery,,Delivery,pitch.1,774230,-1.5315,3.4536,97.6201,-140.8892,174.9448,-14.3035,-0.1837,0.0398
1780080241529,2,Pitching Mound.Drive,,Delivery,pitch.1,775343,0.2217,-0.0586,0.2182,0.0047,-0.0011,0.0109,0.0,0.0
1780080241529,2,Pitching Mound.Parent,,Delivery,pitch.1,773486,-1.3098,3.395,97.8383,-140.8846,174.9437,-14.2926,-0.1833,0.0397
1780080241530,2,11.0000004b,Drive,Delivery,pitch.1,775344,0.212,-0.0567,0.1997,0.0052,0.0009,0.0103,0.0,0.0
1780080241530,2,12.00000015,Lower Delivery,Delivery,pitch.1,774856,-5.8997,3.6648,79.0015,-221.3087,141.2377,-5.9634,-0.1832,-0.2871
1780080241530,2,12.00000018,Upper Delivery,Delivery,pitch.1,776143,4.3591,-0.1275,18.8781,59.7585,33.901,-11.8024,-0.1841,0.3244
1780080241530,2,Pitching Mound.Delivery,,Delivery,pitch.1,774231,-1.5406,3.5373,97.8796,-141.1082,175.1387,-14.2777,-0.1834,0.0397
1780080241530,2,Pitching Mound.Drive,,Delivery,pitch.1,775344,0.212,-0.0567,0.1997,0.0052,0.0009,0.0103,0.0,0.0
1780080241530,2,Pitching Mound.Parent,,Delivery,pitch.1,773487,-1.3286,3.4806,98.0793,-141.1031,175.1395,-14.2674,-0.183,0.0396
1780080241531,2,11.0000004b,Drive,Delivery,pitch.1,775345,0.2166,-0.0578,0.2031,0.0058,-0.0041,0.0096,0.0,0.0
1780080241531,2,12.00000015,Lower Delivery,Delivery,pitch.1,774857,-5.8677,3.7336,79.1004,-221.6427,141.3533,-5.9842,-0.1832,-0.2872
1780080241531,2,12.00000018,Upper Delivery,Delivery,pitch.1,776144,4.3327,-0.1355,18.9507,59.9717,34.1543,-11.8285,-0.1847,0.3244
1780080241531,2,Pitching Mound.Delivery,,Delivery,pitch.1,774232,-1.535,3.5981,98.0512,-141.2201,175.5076,-14.3446,-0.1835,0.0396
1780080241531,2,Pitching Mound.Drive,,Delivery,pitch.1,775345,0.2166,-0.0578,0.2031,0.0058,-0.0041,0.0096,0.0,0.0
1780080241531,2,Pitching Mound.Parent,,Delivery,pitch.1,773488,-1.3185,3.5403,98.2542,-141.2143,175.5036,-14.335,-0.1831,0.0395
1780080241532,2,11.0000004b,Drive,Delivery,pitch.1,775346,0.1939,-0.0512,0.1819,0.0048,-0.0037,0.0107,0.0,0.0
1780080241532,2,12.00000015,Lower Delivery,Delivery,pitch.1,774858,-5.8316,3.7863,79.0266,-222.0868,141.6818,-6.0503,-0.1838,-0.288
1780080241532,2,12.00000018,Upper Delivery,Delivery,pitch.1,776145,4.3171,-0.139,18.9809,60.0237,34.1535,-11.8385,-0.1844,0.3241
1780080241532,2,Pitching Mound.Delivery,,Delivery,pitch.1,774233,-1.5145,3.6473,98.0075,-141.6476,175.8353,-14.4383,-0.1839,0.0388
1780080241532,2,Pitching Mound.Drive,,Delivery,pitch.1,775346,0.1939,-0.0512,0.1819,0.0048,-0.0037,0.0107,0.0,0.0
1780080241532,2,Pitching Mound.Parent,,Delivery,pitch.1,773489,-1.3207,3.5961,98.1894,-141.6428,175.8315,-14.4276,-0.1835,0.0388
1780080241533,2,11.0000004b,Drive,Delivery,pitch.1,775347,0.168,-0.0425,0.1687,0.0059,-0.0036,0.0102,0.0,0.0
1780080241533,2,12.00000015,Lower Delivery,Delivery,pitch.1,774859,-5.7849,3.8583,79.1435,-222.3898,141.9557,-6.176,-0.1838,-0.288
1780080241533,2,12.00000018,Upper Delivery,Delivery,pitch.1,776146,4.2915,-0.1014,19.0246,60.2089,34.1196,-11.8414,-0.1838,0.3244
1780080241533,2,Pitching Mound.Delivery,,Delivery,pitch.1,774234,-1.4933,3.7568,98.1681,-141.7405,176.0753,-14.5915,-0.1838,0.0389
1780080241533,2,Pitching Mound.Drive,,Delivery,pitch.1,775347,0.168,-0.0425,0.1687,0.0059,-0.0036,0.0102,0.0,0.0
1780080241533,2,Pitching Mound.Parent,,Delivery,pitch.1,773490,-1.3253,3.7143,98.3367,-141.7346,176.0717,-14.5812,-0.1835,0.0388
1780080241534,2,11.0000004b,Drive,Delivery,pitch.1,775348,0.1813,-0.046,0.1849,0.0051,-0.0019,0.0103,0.0,0.0
1780080241534,2,12.00000015,Lower Delivery,Delivery,pitch.1,774860,-5.7747,3.9199,78.9909,-222.5558,141.7907,-6.3443,-0.184,-0.2888
1780080241534,2,12.00000015,Lower Delivery,Delivery,pitch.1,774861,-5.7588,3.9787,78.7281,-222.8595,142.0056,-6.5188,-0.1849,-0.2901
1780080241534,2,12.00000018,Upper Delivery,Delivery,pitch.1,776147,4.284,-0.078,19.032,60.1963,34.313,-11.8338,-0.1848,0.3242
1780080241534,2,Pitching Mound.Delivery,,Delivery,pitch.1,774235,-1.4907,3.8419,98.0229,-141.9734,176.1037,-14.7582,-0.1841,0.0382
1780080241534,2,Pitching Mound.Drive,,Delivery,pitch.1,775348,0.1813,-0.046,0.1849,0.0051,-0.0019,0.0103,0.0,0.0
1780080241534,2,Pitching Mound.Parent,,Delivery,pitch.1,773491,-1.3094,3.7959,98.2078,-141.9683,176.1019,-14.7479,-0.1838,0.0381
1780080241535,2,11.0000004b,Drive,Delivery,pitch.1,775349,0.1426,-0.0354,0.1405,0.0047,-0.0016,0.0104,0.0,0.0
1780080241535,2,12.00000018,Upper Delivery,Delivery,pitch.1,776148,4.2472,-0.0431,19.0301,60.224,34.3451,-11.838,-0.185,0.3244
1780080241535,2,Pitching Mound.Delivery,,Delivery,pitch.1,774236,-1.5116,3.9356,97.7583,-142.3382,176.3507,-14.9548,-0.1849,0.0371
1780080241535,2,Pitching Mound.Drive,,Delivery,pitch.1,775349,0.1426,-0.0354,0.1405,0.0047,-0.0016,0.0104,0.0,0.0
1780080241535,2,Pitching Mound.Parent,,Delivery,pitch.1,773492,-1.369,3.9002,97.8988,-142.3335,176.3491,-14.9444,-0.1846,0.0371
1780080241536,2,11.0000004b,Drive,Delivery,pitch.1,775350,0.14,-0.034,0.146,0.005,0.0013,0.0097,0.0,0.0
1780080241536,2,12.00000015,Lower Delivery,Delivery,pitch.1,774862,-5.76,4.0456,78.5135,-223.2478,142.1372,-6.7557,-0.1856,-0.2914
1780080241536,2,12.00000018,Upper Delivery,Delivery,pitch.1,776149,4.2592,-0.009,19.036,60.2931,34.3468,-11.8395,-0.1849,0.3246
1780080241536,2,Pitching Mound.Delivery,,Delivery,pitch.1,774237,-1.5008,4.0366,97.5495,-142.7324,176.484,-15.1887,-0.1854,0.0361
1780080241536,2,Pitching Mound.Drive,,Delivery,pitch.1,775350,0.14,-0.034,0.146,0.005,0.0013,0.0097,0.0,0.0
1780080241536,2,Pitching Mound.Parent,,Delivery,pitch.1,773493,-1.3608,4.0026,97.6954,-142.7273,176.4853,-15.179,-0.1852,0.036
1780080241537,2,11.0000004b,Drive,Delivery,pitch.1,775351,0.1309,-0.0304,0.1417,0.0061,-0.0001,0.0093,0.0,0.0
1780080241537,2,12.00000015,Lower Delivery,Delivery,pitch.1,774863,-5.7451,4.1066,78.5107,-223.5094,142.146,-6.9618,-0.1856,-0.2918
1780080241537,2,12.00000018,Upper Delivery,Delivery,pitch.1,776150,4.2367,0.0317,19.039,60.344,34.2336,-11.8766,-0.1843,0.3249
1780080241537,2,Pitching Mound.Delivery,,Delivery,pitch.1,774238,-1.5083,4.1382,97.5496,-142.945,176.3796,-15.4446,-0.1853,0.0358
1780080241537,2,Pitching Mound.Drive,,Delivery,pitch.1,775351,0.1309,-0.0304,0.1417,0.0061,-0.0001,0.0093,0.0,0.0
1780080241537,2,Pitching Mound.Parent,,Delivery,pitch.1,773494,-1.3774,4.1078,97.6914,-142.9389,176.3796,-15.4354,-0.1851,0.0358
1780080241538,2,11.0000004b,Drive,Delivery,pitch.1,775352,0.1057,-0.0241,0.1052,0.005,-0.0001,0.0093,0.0,0.0
1780080241538,2,12.00000015,Lower Delivery,Delivery,pitch.1,774864,-5.774,4.1864,78.7532,-223.9899,142.0514,-7.1028,-0.1849,-0.2915
1780080241538,2,12.00000018,Upper Delivery,Delivery,pitch.1,776151,4.2284,0.0928,19.0211,60.4804,34.1717,-11.8161,-0.1841,0.3259
1780080241538,2,Pitching Mound.Delivery,,Delivery,pitch.1,774239,-1.5456,4.2792,97.7743,-143.2006,176.2231,-15.518,-0.1847,0.0363
1780080241538,2,Pitching Mound.Drive,,Delivery,pitch.1,775352,0.1057,-0.0241,0.1052,0.005,-0.0001,0.0093,0.0,0.0
1780080241538,2,Pitching Mound.Parent,,Delivery,pitch.1,773495,-1.4399,4.2551,97.8795,-143.1956,176.223,-15.5088,-0.1845,0.0363
1780080241539,2,11.0000004b,Drive,Delivery,pitch.1,775353,0.1103,-0.0249,0.113,0.0059,0.0007,0.0085,0.0,0.0
1780080241539,2,12.00000015,Lower Delivery,Delivery,pitch.1,774865,-5.8046,4.2488,78.6948,-224.3816,142.0538,-7.2888,-0.185,-0.2922
1780080241539,2,12.00000018,Upper Delivery,Delivery,pitch.1,776152,4.2249,0.1665,18.9944,60.3865,34.0041,-11.7951,-0.1835,0.3258
1780080241539,2,Pitching Mound.Delivery,,Delivery,pitch.1,774240,-1.5797,4.4152,97.6892,-143.697,176.0579,-15.6739,-0.1847,0.0357
1780080241539,2,Pitching Mound.Drive,,Delivery,pitch.1,775353,0.1103,-0.0249,0.113,0.0059,0.0007,0.0085,0.0,0.0
1780080241539,2,Pitching Mound.Parent,,Delivery,pitch.1,773496,-1.4693,4.3903,97.8022,-143.6911,176.0586,-15.6654,-0.1845,0.0357
1780080241540,2,11.0000004b,Drive,Delivery,pitch.1,775354,0.1268,-0.0311,0.1122,0.0069,0.0065,0.0094,0.0,0.0
1780080241540,2,12.00000015,Lower Delivery,Delivery,pitch.1,774866,-5.8132,4.3085,78.9123,-224.9017,142.2937,-7.4215,-0.1848,-0.2921
1780080241540,2,12.00000015,Lower Delivery,Delivery,pitch.1,774867,-5.8277,4.371,78.9781,-225.3316,142.2891,-7.4865,-0.1847,-0.2924
1780080241540,2,12.00000018,Upper Delivery,Delivery,pitch.1,776153,4.2426,0.2392,19.0437,60.4702,33.8775,-11.8163,-0.1823,0.3255
1780080241540,2,Pitching Mound.Delivery,,Delivery,pitch.1,774241,-1.5706,4.5478,97.956,-144.0761,176.1712,-15.8188,-0.1843,0.0358
1780080241540,2,Pitching Mound.Drive,,Delivery,pitch.1,775354,0.1268,-0.0311,0.1122,0.0069,0.0065,0.0094,0.0,0.0
1780080241540,2,Pitching Mound.Parent,,Delivery,pitch.1,773497,-1.4438,4.5167,98.0682,-144.0693,176.1777,-15.8094,-0.1841,0.0357
1780080241541,2,11.0000004b,Drive,Delivery,pitch.1,775355,0.1288,-0.0298,0.1361,0.0063,0.0031,0.0095,0.0,0.0
1780080241541,2,12.00000018,Upper Delivery,Delivery,pitch.1,776154,4.2516,0.2896,19.086,60.6525,33.7688,-11.8309,-0.1813,0.3257
1780080241541,2,Pitching Mound.Delivery,,Delivery,pitch.1,774242,-1.5761,4.6606,98.0641,-144.3158,176.0579,-15.8904,-0.184,0.0355
1780080241541,2,Pitching Mound.Drive,,Delivery,pitch.1,775355,0.1288,-0.0298,0.1361,0.0063,0.0031,0.0095,0.0,0.0
1780080241541,2,Pitching Mound.Parent,,Delivery,pitch.1,773498,-1.4472,4.6308,98.2002,-144.3094,176.061,-15.8809,-0.1838,0.0355
1780080241542,2,11.0000004b,Drive,Delivery,pitch.1,775356,0.1708,-0.0438,0.1581,0.0124,0.0083,0.0091,0.0,0.0
1780080241542,2,12.00000015,Lower Delivery,Delivery,pitch.1,774868,-5.8434,4.4311,79.0347,-225.5297,142.2996,-7.5809,-0.1845,-0.2925
1780080241542,2,12.00000018,Upper Delivery,Delivery,pitch.1,776155,4.2394,0.3664,19.0232,60.6999,33.5521,-11.8436,-0.1808,0.327
1780080241542,2,Pitching Mound.Delivery,,Delivery,pitch.1,774243,-1.6039,4.7975,98.0579,-144.4258,175.8516,-15.9964,-0.1838,0.0358
1780080241542,2,Pitching Mound.Drive,,Delivery,pitch.1,775356,0.1708,-0.0438,0.1581,0.0124,0.0083,0.0091,0.0,0.0
1780080241542,2,Pitching Mound.Parent,,Delivery,pitch.1,773499,-1.4331,4.7537,98.216,-144.4134,175.8599,-15.9873,-0.1835,0.0357
1780080241543,2,11.0000004b,Drive,Delivery,pitch.1,775357,0.186,-0.0483,0.1691,0.0124,0.0073,0.0083,0.0,0.0
1780080241543,2,12.00000015,Lower Delivery,Delivery,pitch.1,774869,-5.8396,4.4876,79.0407,-225.6572,142.1114,-7.6238,-0.1843,-0.2926
1780080241543,2,12.00000015,Lower Delivery,Delivery,pitch.1,774870,-5.841,4.5295,78.9769,-225.2737,142.1067,-7.6498,-0.1844,-0.2924
1780080241543,2,12.00000018,Upper Delivery,Delivery,pitch.1,776156,4.2321,0.4209,19.0711,60.8357,33.6206,-11.8889,-0.1807,0.327
1780080241543,2,Pitching Mound.Delivery,,Delivery,pitch.1,774244,-1.6075,4.9084,98.1118,-144.4318,175.732,-16.0883,-0.1836,0.0356
1780080241543,2,Pitching Mound.Drive,,Delivery,pitch.1,775357,0.186,-0.0483,0.1691,0.0124,0.0073,0.0083,0.0,0.0
1780080241543,2,Pitching Mound.Parent,,Delivery,pitch.1,773500,-1.4215,4.8601,98.2809,-144.4194,175.7393,-16.08,-0.1833,0.0356
1780080241544,2,11.0000004b,Drive,Delivery,pitch.1,775358,0.205,-0.0533,0.1931,0.0176,0.01,0.0079,0.0,0.0
1780080241544,2,12.00000018,Upper Delivery,Delivery,pitch.1,776157,4.2105,0.4631,19.1022,61.1062,33.6571,-11.9277,-0.1806,0.327
1780080241544,2,Pitching Mound.Delivery,,Delivery,pitch.1,774245,-1.6305,4.9926,98.0791,-143.8101,175.7638,-16.16,-0.1837,0.0358
1780080241544,2,Pitching Mound.Drive,,Delivery,pitch.1,775358,0.205,-0.0533,0.1931,0.0176,0.01,0.0079,0.0,0.0
1780080241544,2,Pitching Mound.Parent,,Delivery,pitch.1,773501,-1.4255,4.9393,98.2722,-143.7925,175.7738,-16.1521,-0.1833,0.0358
1780080241545,2,11.0000004b,Drive,Delivery,pitch.1,775359,0.2052,-0.0527,0.2,0.0223,0.0115,0.0075,0.0,0.0
1780080241545,2,12.00000015,Lower Delivery,Delivery,pitch.1,774871,-5.8292,4.5897,79.0917,-225.3703,142.0615,-7.6358,-0.1841,-0.2921
1780080241545,2,12.00000018,Upper Delivery,Delivery,pitch.1,776158,4.2105,0.5251,19.0529,61.3172,33.4154,-12.0067,-0.1798,0.327
1780080241545,2,Pitching Mound.Delivery,,Delivery,pitch.1,774246,-1.6186,5.1148,98.1446,-143.6399,175.4769,-16.229,-0.1833,0.0361
1780080241545,2,Pitching Mound.Drive,,Delivery,pitch.1,775359,0.2052,-0.0527,0.2,0.0223,0.0115,0.0075,0.0,0.0
1780080241545,2,Pitching Mound.Parent,,Delivery,pitch.1,773502,-1.4134,5.0621,98.3446,-143.6177,175.4884,-16.2215,-0.1829,0.036
1780080241546,2,11.0000004b,Drive,Delivery,pitch.1,775360,0.2059,-0.0543,0.1806,0.0297,0.0144,0.0065,0.0,0.0
1780080241546,2,12.00000015,Lower Delivery,Delivery,pitch.1,774872,-5.7992,4.6249,79.0606,-225.5962,141.92,-7.6909,-0.184,-0.2925
1780080241546,2,12.00000018,Upper Delivery,Delivery,pitch.1,776159,4.2349,0.5431,19.1435,61.4803,33.5097,-12.1073,-0.1794,0.327
1780080241546,2,Pitching Mound.Delivery,,Delivery,pitch.1,774247,-1.5643,5.1681,98.2041,-143.744,175.4297,-16.3866,-0.1831,0.0357
1780080241546,2,Pitching Mound.Drive,,Delivery,pitch.1,775360,0.2059,-0.0543,0.1806,0.0297,0.0144,0.0065,0.0,0.0
1780080241546,2,Pitching Mound.Parent,,Delivery,pitch.1,773503,-1.3584,5.1137,98.3847,-143.7144,175.444,-16.3801,-0.1828,0.0357
1780080241547,2,11.0000004b,Drive,Delivery,pitch.1,775361,0.1928,-0.05,0.1715,0.0288,0.0136,0.0068,0.0,0.0
1780080241547,2,12.00000015,Lower Delivery,Delivery,pitch.1,774873,-5.7944,4.6925,79.1207,-225.4238,141.8625,-7.6778,-0.1838,-0.292
1780080241547,2,12.00000018,Upper Delivery,Delivery,pitch.1,776160,4.2405,0.5755,19.2004,61.6154,33.6613,-12.2003,-0.1797,0.327
1780080241547,2,Pitching Mound.Delivery,,Delivery,pitch.1,774248,-1.5539,5.268,98.3212,-143.4355,175.5238,-16.4661,-0.183,0.0361
1780080241547,2,Pitching Mound.Drive,,Delivery,pitch.1,775361,0.1928,-0.05,0.1715,0.0288,0.0136,0.0068,0.0,0.0
1780080241547,2,Pitching Mound.Parent,,Delivery,pitch.1,773504,-1.3611,5.218,98.4927,-143.4067,175.5375,-16.4594,-0.1827,0.036
1780080241548,2,11.0000004b,Drive,Delivery,pitch.1,775362,0.2287,-0.063,0.1784,0.035,0.0185,0.0065,0.0,0.0
1780080241548,2,12.00000015,Lower Delivery,Delivery,pitch.1,774874,-5.7726,4.7651,79.0519,-225.3216,141.815,-7.6835,-0.1839,-0.2921
1780080241548,2,12.00000015,Lower Delivery,Delivery,pitch.1,774875,-5.7171,4.8277,79.0596,-225.4914,142.0869,-7.7043,-0.1842,-0.2923
1780080241548,2,12.00000018,Upper Delivery,Delivery,pitch.1,776161,4.2453,0.6098,19.2547,61.6758,33.6973,-12.3103,-0.1794,0.327
1780080241548,2,Pitching Mound.Delivery,,Delivery,pitch.1,774249,-1.5273,5.3749,98.3066,-143.3147,175.5123,-16.5877,-0.183,0.0359
1780080241548,2,Pitching Mound.Drive,,Delivery,pitch.1,775362,0.2287,-0.063,0.1784,0.035,0.0185,0.0065,0.0,0.0
1780080241548,2,Pitching Mound.Parent,,Delivery,pitch.1,773505,-1.2986,5.3119,98.485,-143.2797,175.5307,-16.5811,-0.1827,0.0359
1780080241549,2,11.0000004b,Drive,Delivery,pitch.1,775363,0.2489,-0.0683,0.2078,0.0253,0.0098,0.007,0.0,0.0
1780080241549,2,12.00000018,Upper Delivery,Delivery,pitch.1,776162,4.2418,0.6307,19.1912,61.7396,33.8858,-12.3814,-0.181,0.327
1780080241549,2,Pitching Mound.Delivery,,Delivery,pitch.1,774250,-1.4753,5.4583,98.2507,-143.3966,175.9726,-16.6996,-0.1836,0.0358
1780080241549,2,Pitching Mound.Drive,,Delivery,pitch.1,775363,0.2489,-0.0683,0.2078,0.0253,0.0098,0.007,0.0,0.0
1780080241549,2,Pitching Mound.Parent,,Delivery,pitch.1,773506,-1.2264,5.3901,98.4585,-143.3713,175.9824,-16.6926,-0.1832,0.0357
1780080241550,2,11.0000004b,Drive,Delivery,pitch.1,775364,0.2626,-0.068,0.2454,0.0258,0.0085,0.0072,0.0,0.0
1780080241550,2,12.00000015,Lower Delivery,Delivery,pitch.1,774876,-5.6773,4.9098,79.2366,-225.6903,142.4074,-7.7598,-0.1842,-0.2919
1780080241550,2,12.00000018,Upper Delivery,Delivery,pitch.1,776163,4.2378,0.6571,19.1271,61.7453,33.926,-12.4434,-0.1818,0.327
1780080241550,2,Pitching Mound.Delivery,,Delivery,pitch.1,774251,-1.4395,5.567,98.3637,-143.5077,176.3334,-16.832,-0.1837,0.0362
1780080241550,2,Pitching Mound.Drive,,Delivery,pitch.1,775364,0.2626,-0.068,0.2454,0.0258,0.0085,0.0072,0.0,0.0
1780080241550,2,Pitching Mound.Parent,,Delivery,pitch.1,773507,-1.1769,5.499,98.6091,-143.4819,176.3419,-16.8248,-0.1833,0.0361
1780080241551,2,11.0000004b,Drive,Delivery,pitch.1,775365,0.2561,-0.0652,0.2277,0.0241,0.0062,0.0075,0.0,0.0
1780080241551,2,12.00000015,Lower Delivery,Delivery,pitch.1,774877,-5.6291,4.9855,79.118,-225.7126,142.3591,-7.7924,-0.1844,-0.2924
1780080241551,2,12.00000015,Lower Delivery,Delivery,pitch.1,774878,-5.564,5.0351,79.0928,-226.0802,142.928,-7.8772,-0.1852,-0.293
1780080241551,2,12.00000018,Upper Delivery,Delivery,pitch.1,776164,4.2342,0.6719,19.1208,61.8204,33.889,-12.5191,-0.1817,0.327
1780080241551,2,Pitching Mound.Delivery,,Delivery,pitch.1,774252,-1.3949,5.6574,98.2388,-143.4932,176.2481,-16.958,-0.1839,0.0358
1780080241551,2,Pitching Mound.Drive,,Delivery,pitch.1,775365,0.2561,-0.0652,0.2277,0.0241,0.0062,0.0075,0.0,0.0
1780080241551,2,Pitching Mound.Parent,,Delivery,pitch.1,773508,-1.1389,5.5922,98.4665,-143.4692,176.2543,-16.9505,-0.1835,0.0357
1780080241552,2,11.0000004b,Drive,Delivery,pitch.1,775366,0.2434,-0.063,0.2205,0.0464,-0.0684,0.0058,0.0,0.0
1780080241552,2,12.00000018,Upper Delivery,Delivery,pitch.1,776165,4.2335,0.712,19.0438,61.7641,34.0783,-12.5839,-0.1834,0.327
1780080241552,2,Pitching Mound.Delivery,,Delivery,pitch.1,774253,-1.3306,5.7471,98.1365,-143.8994,177.0063,-17.13,-0.1849,0.0354
1780080241552,2,Pitching Mound.Drive,,Delivery,pitch.1,775366,0.2434,-0.063,0.2205,0.0464,-0.0684,0.0058,0.0,0.0
1780080241552,2,Pitching Mound.Parent,,Delivery,pitch.1,773509,-1.0872,5.6841,98.357,-143.853,176.9379,-17.1242,-0.1845,0.0353
1780080241553,2,11.0000004b,Drive,Delivery,pitch.1,775367,0.2297,-0.0385,0.2342,0.0501,-0.114,0.0059,0.0,0.0
1780080241553,2,12.00000015,Lower Delivery,Delivery,pitch.1,774880,-5.4151,5.1527,79.2956,-226.6582,143.1574,-7.8712,-0.185,-0.293
1780080241553,2,12.00000015,Lower Delivery,Delivery,pitch.1,774879,-5.5044,5.1105,79.2078,-226.499,143.0452,-7.8351,-0.1851,-0.2931
1780080241553,2,12.00000018,Upper Delivery,Delivery,pitch.1,776166,4.2568,0.7378,19.0206,61.6876,33.9378,-12.638,-0.1829,0.327
1780080241553,2,Pitching Mound.Delivery,,Delivery,pitch.1,774254,-1.2476,5.8483,98.2284,-144.3477,176.983,-17.1543,-0.1847,0.0353
1780080241553,2,Pitching Mound.Drive,,Delivery,pitch.1,775367,0.2297,-0.0385,0.2342,0.0501,-0.114,0.0059,0.0,0.0
1780080241553,2,Pitching Mound.Parent,,Delivery,pitch.1,773510,-1.018,5.8098,98.4625,-144.2976,176.869,-17.1484,-0.1842,0.0352
1780080241554,2,11.0000004b,Drive,Delivery,pitch.1,775368,0.2197,-0.0409,0.2222,0.0503,-0.134,0.0058,0.0,0.0
1780080241554,2,12.00000015,Lower Delivery,Delivery,pitch.1,774881,-5.3504,5.2323,79.4327,-226.7835,143.4883,-7.8733,-0.1851,-0.2926
1780080241554,2,12.00000018,Upper Delivery,Delivery,pitch.1,776167,4.2712,0.7428,18.9837,61.6551,34.2206,-12.6877,-0.1848,0.327
1780080241554,2,Pitching Mound.Delivery,,Delivery,pitch.1,774255,-1.1439,5.8955,98.2794,-144.497,177.378,-17.2655,-0.185,0.0354
1780080241554,2,Pitching Mound.Drive,,Delivery,pitch.1,775368,0.2197,-0.0409,0.2222,0.0503,-0.134,0.0058,0.0,0.0
1780080241554,2,Pitching Mound.Parent,,Delivery,pitch.1,773511,-0.9242,5.8546,98.5016,-144.4468,177.244,-17.2597,-0.1846,0.0354
1780080241555,2,11.0000004b,Drive,Delivery,pitch.1,775369,0.195,-0.0351,0.2089,0.0319,-0.0154,0.0072,0.0,0.0
1780080241555,2,12.00000015,Lower Delivery,Delivery,pitch.1,774882,-5.2947,5.2746,79.4144,-226.7753,143.4207,-7.8955,-0.1851,-0.2927
1780080241555,2,12.00000018,Upper Delivery,Delivery,pitch.1,776168,4.2893,0.7697,19.06,61.6981,33.9844,-12.6801,-0.1828,0.327
1780080241555,2,Pitching Mound.Delivery,,Delivery,pitch.1,774256,-1.0611,6.0019,98.4927,-144.5586,177.4727,-17.2759,-0.1847,0.0357
1780080241555,2,Pitching Mound.Drive,,Delivery,pitch.1,775369,0.195,-0.0351,0.2089,0.0319,-0.0154,0.0072,0.0,0.0
1780080241555,2,Pitching Mound.Parent,,Delivery,pitch.1,773512,-0.8661,5.9669,98.7016,-144.5267,177.4573,-17.2686,-0.1843,0.0356
1780080241556,2,11.0000004b,Drive,Delivery,pitch.1,775370,0.1904,-0.0433,0.1885,0.0305,-0.0061,0.0069,0.0,0.0
1780080241556,2,12.00000015,Lower Delivery,Delivery,pitch.1,774883,-5.2274,5.3268,79.4804,-226.5996,143.4525,-7.8864,-0.185,-0.2922
1780080241556,2,12.00000018,Upper Delivery,Delivery,pitch.1,776169,4.2793,0.7943,19.0639,61.7313,34.3864,-12.6884,-0.1849,0.327
1780080241556,2,Pitching Mound.Delivery,,Delivery,pitch.1,774257,-1.0154,6.069,98.4783,-144.5248,177.8071,-17.3288,-0.1851,0.0356
1780080241556,2,Pitching Mound.Drive,,Delivery,pitch.1,775370,0.1904,-0.0433,0.1885,0.0305,-0.0061,0.0069,0.0,0.0
1780080241556,2,Pitching Mound.Parent,,Delivery,pitch.1,773513,-0.8251,6.0256,98.6668,-144.4943,177.801,-17.3219,-0.1847,0.0356
1780080241557,2,11.0000004b,Drive,Delivery,pitch.1,775371,0.2178,-0.0544,0.2229,0.0339,-0.0121,0.0063,0.0,0.0
1780080241557,2,12.00000015,Lower Delivery,Delivery,pitch.1,774884,-5.1688,5.3751,79.557,-226.5984,143.233,-7.8786,-0.1845,-0.2919
1780080241557,2,12.00000018,Upper Delivery,Delivery,pitch.1,776170,4.2749,0.8473,18.9581,61.623,34.3973,-12.6155,-0.186,0.327
1780080241557,2,Pitching Mound.Delivery,,Delivery,pitch.1,774258,-0.9525,6.1742,98.4385,-144.399,177.8498,-17.2711,-0.1852,0.0361
1780080241557,2,Pitching Mound.Drive,,Delivery,pitch.1,775371,0.2178,-0.0544,0.2229,0.0339,-0.0121,0.0063,0.0,0.0
1780080241557,2,Pitching Mound.Parent,,Delivery,pitch.1,773514,-0.7348,6.1198,98.6614,-144.3651,177.8377,-17.2648,-0.1848,0.036
1780080241558,2,11.0000004b,Drive,Delivery,pitch.1,775372,0.2037,-0.0506,0.2108,0.0269,0.0084,0.0074,0.0,0.0
1780080241558,2,12.00000015,Lower Delivery,Delivery,pitch.1,774885,-5.1276,5.4049,79.6955,-227.054,143.5174,-7.8792,-0.1846,-0.292
1780080241558,2,12.00000018,Upper Delivery,Delivery,pitch.1,776171,4.2494,0.8648,18.9484,61.6104,34.2034,-12.6077,-0.185,0.327
1780080241558,2,Pitching Mound.Delivery,,Delivery,pitch.1,774259,-0.9195,6.2399,98.5054,-144.381,177.4363,-17.2841,-0.1846,0.0363
1780080241558,2,Pitching Mound.Drive,,Delivery,pitch.1,775372,0.2037,-0.0506,0.2108,0.0269,0.0084,0.0074,0.0,0.0
1780080241558,2,Pitching Mound.Parent,,Delivery,pitch.1,773515,-0.7158,6.1893,98.7162,-144.3541,177.4447,-17.2767,-0.1842,0.0362
1780080241559,2,11.0000004b,Drive,Delivery,pitch.1,775373,0.2172,-0.0519,0.2441,0.0234,0.0055,0.0077,0.0,0.0
1780080241559,2,12.00000015,Lower Delivery,Delivery,pitch.1,774886,-5.0982,5.4303,79.5607,-226.9634,143.2437,-7.8469,-0.1845,-0.2924
1780080241559,2,12.00000018,Upper Delivery,Delivery,pitch.1,776172,4.2338,0.8945,18.928,61.5314,34.2174,-12.59,-0.1853,0.327
1780080241559,2,Pitching Mound.Delivery,,Delivery,pitch.1,774260,-0.8938,6.2994,98.6234,-144.8616,177.7348,-17.2864,-0.1847,0.0363
1780080241559,2,Pitching Mound.Drive,,Delivery,pitch.1,775373,0.2172,-0.0519,0.2441,0.0234,0.0055,0.0077,0.0,0.0
1780080241559,2,Pitching Mound.Parent,,Delivery,pitch.1,773516,-0.6766,6.2475,98.8675,-144.8382,177.7403,-17.2787,-0.1843,0.0362
1780080241560,2,11.0000004b,Drive,Delivery,pitch.1,775374,0.2122,-0.05,0.2428,0.008,-0.0048,0.0093,0.0,0.0
1780080241560,2,12.00000015,Lower Delivery,Delivery,pitch.1,774887,-5.0506,5.4523,79.3757,-226.8783,142.9817,-7.8004,-0.1846,-0.293
1780080241560,2,12.00000018,Upper Delivery,Delivery,pitch.1,776173,4.2388,0.9331,18.9603,61.5816,34.0644,-12.6009,-0.1841,0.327
1780080241560,2,Pitching Mound.Delivery,,Delivery,pitch.1,774261,-0.8594,6.3635,98.521,-144.7777,177.3081,-17.2731,-0.1845,0.036
1780080241560,2,Pitching Mound.Drive,,Delivery,pitch.1,775374,0.2122,-0.05,0.2428,0.008,-0.0048,0.0093,0.0,0.0
1780080241560,2,Pitching Mound.Parent,,Delivery,pitch.1,773517,-0.6472,6.3135,98.7638,-144.7697,177.3033,-17.2639,-0.184,0.0359
1780080241561,2,11.0000004b,Drive,Delivery,pitch.1,775375,0.2206,-0.0548,0.2353,0.0079,-0.0048,0.0095,0.0,0.0
1780080241561,2,12.00000015,Lower Delivery,Delivery,pitch.1,774888,-5.0185,5.4826,79.4859,-227.2141,143.2363,-7.855,-0.1847,-0.293
1780080241561,2,12.00000018,Upper Delivery,Delivery,pitch.1,776174,4.2162,0.9545,19.1416,61.6934,34.245,-12.6361,-0.1834,0.327
1780080241561,2,Pitching Mound.Delivery,,Delivery,pitch.1,774262,-0.8344,6.4068,98.5173,-144.7053,177.2266,-17.2858,-0.1844,0.0354
1780080241561,2,Pitching Mound.Drive,,Delivery,pitch.1,775375,0.2206,-0.0548,0.2353,0.0079,-0.0048,0.0095,0.0,0.0
1780080241561,2,Pitching Mound.Parent,,Delivery,pitch.1,773518,-0.6138,6.3519,98.7526,-144.6974,177.2218,-17.2763,-0.1839,0.0353
1780080241562,2,11.0000004b,Drive,Delivery,pitch.1,775376,0.2469,-0.0642,0.2474,0.0046,-0.0064,0.0107,0.0,0.0
1780080241562,2,12.00000015,Lower Delivery,Delivery,pitch.1,774889,-5.0315,5.5077,79.4396,-227.2831,142.9437,-7.8092,-0.1844,-0.2932
1780080241562,2,12.00000018,Upper Delivery,Delivery,pitch.1,776175,4.1865,0.9754,19.0551,61.4956,34.1186,-12.6276,-0.1835,0.327
1780080241562,2,Pitching Mound.Delivery,,Delivery,pitch.1,774263,-0.832,6.458,98.541,-145.172,177.3548,-17.3529,-0.1845,0.0354
1780080241562,2,Pitching Mound.Drive,,Delivery,pitch.1,775376,0.2469,-0.0642,0.2474,0.0046,-0.0064,0.0107,0.0,0.0
1780080241562,2,Pitching Mound.Parent,,Delivery,pitch.1,773519,-0.5851,6.3937,98.7884,-145.1674,177.3485,-17.3421,-0.184,0.0353
1780080241563,2,11.0000004b,Drive,Delivery,pitch.1,775377,0.2625,-0.0681,0.2717,0.0042,-0.009,0.0108,0.0,0.0
1780080241563,2,12.00000015,Lower Delivery,Delivery,pitch.1,774890,-5.0241,5.5459,79.3575,-227.7057,142.9346,-7.8258,-0.1846,-0.2941
1780080241563,2,12.00000018,Upper Delivery,Delivery,pitch.1,776176,4.1757,1.0116,19.1099,61.4704,33.9437,-12.639,-0.1821,0.327
1780080241563,2,Pitching Mound.Delivery,,Delivery,pitch.1,774264,-0.8558,6.5193,98.5495,-145.3007,176.8874,-17.3178,-0.184,0.0352
1780080241563,2,Pitching Mound.Drive,,Delivery,pitch.1,775377,0.2625,-0.0681,0.2717,0.0042,-0.009,0.0108,0.0,0.0
1780080241563,2,Pitching Mound.Parent,,Delivery,pitch.1,773520,-0.5933,6.4512,98.8212,-145.2965,176.8784,-17.3069,-0.1835,0.0351
1780080241564,2,11.0000004b,Drive,Delivery,pitch.1,775378,0.2724,-0.0721,0.2698,0.0032,-0.0044,0.012,0.0,0.0
1780080241564,2,12.00000015,Lower Delivery,Delivery,pitch.1,774891,-5.0349,5.5839,79.3227,-228.0941,143.2313,-7.8277,-0.1851,-0.2947
1780080241564,2,12.00000018,Upper Delivery,Delivery,pitch.1,776177,4.1618,1.0431,19.1882,61.4602,34.1004,-12.6975,-0.1821,0.327
1780080241564,2,Pitching Mound.Delivery,,Delivery,pitch.1,774265,-0.8623,6.5889,98.5458,-145.788,177.035,-17.4001,-0.1841,0.0344
1780080241564,2,Pitching Mound.Drive,,Delivery,pitch.1,775378,0.2724,-0.0721,0.2698,0.0032,-0.0044,0.012,0.0,0.0
1780080241564,2,Pitching Mound.Parent,,Delivery,pitch.1,773521,-0.5899,6.5168,98.8156,-145.7847,177.0306,-17.3881,-0.1836,0.0343
1780080241565,2,11.0000004b,Drive,Delivery,pitch.1,775379,0.2708,-0.0725,0.2659,0.0033,-0.0068,0.0117,0.0,0.0
1780080241565,2,12.00000015,Lower Delivery,Delivery,pitch.1,774892,-5.0303,5.627,79.3147,-228.1249,143.0358,-7.8065,-0.1848,-0.2948
1780080241565,2,12.00000018,Upper Delivery,Delivery,pitch.1,776178,4.1247,1.0638,19.1516,61.4013,34.167,-12.6973,-0.1829,0.327
1780080241565,2,Pitching Mound.Delivery,,Delivery,pitch.1,774266,-0.9102,6.6477,98.4744,-146.2346,177.3983,-17.4107,-0.1846,0.0339
1780080241565,2,Pitching Mound.Drive,,Delivery,pitch.1,775379,0.2708,-0.0725,0.2659,0.0033,-0.0068,0.0117,0.0,0.0
1780080241565,2,Pitching Mound.Parent,,Delivery,pitch.1,773522,-0.6394,6.5751,98.7403,-146.2314,177.3914,-17.399,-0.1841,0.0339
1780080241566,2,11.0000004b,Drive,Delivery,pitch.1,775380,0.2863,-0.0773,0.2767,0.0039,-0.0064,0.0121,0.0,0.0
1780080241566,2,12.00000015,Lower Delivery,Delivery,pitch.1,774893,-5.0256,5.6794,79.4532,-228.4352,143.4046,-7.8037,-0.185,-0.2947
1780080241566,2,12.00000018,Upper Delivery,Delivery,pitch.1,776179,4.1104,1.0928,19.0366,61.1891,33.9584,-12.72,-0.1828,0.327
1780080241566,2,Pitching Mound.Delivery,,Delivery,pitch.1,774267,-0.9199,6.7198,98.3513,-146.4413,176.9942,-17.4187,-0.1845,0.0339
1780080241566,2,Pitching Mound.Drive,,Delivery,pitch.1,775380,0.2863,-0.0773,0.2767,0.0039,-0.0064,0.0121,0.0,0.0
1780080241566,2,Pitching Mound.Parent,,Delivery,pitch.1,773523,-0.6336,6.6424,98.628,-146.4374,176.9877,-17.4066,-0.1839,0.0338
1780080241567,2,11.0000004b,Drive,Delivery,pitch.1,775381,0.2752,-0.0748,0.2591,0.004,-0.0044,0.0122,0.0,0.0
1780080241567,2,12.00000015,Lower Delivery,Delivery,pitch.1,774894,-5.0065,5.7183,79.2376,-228.3807,143.2448,-7.7433,-0.1853,-0.2954
1780080241567,2,12.00000018,Upper Delivery,Delivery,pitch.1,776180,4.1129,1.1143,19.0608,61.1607,33.6534,-12.7837,-0.181,0.327
1780080241567,2,Pitching Mound.Delivery,,Delivery,pitch.1,774268,-0.9127,6.7937,98.514,-146.7411,177.058,-17.4804,-0.1842,0.034
1780080241567,2,Pitching Mound.Drive,,Delivery,pitch.1,775381,0.2752,-0.0748,0.2591,0.004,-0.0044,0.0122,0.0,0.0
1780080241567,2,Pitching Mound.Parent,,Delivery,pitch.1,773524,-0.6375,6.7188,98.7731,-146.7371,177.0536,-17.4682,-0.1837,0.0339
1780080241568,2,11.0000004b,Drive,Delivery,pitch.1,775382,0.2753,-0.074,0.2653,0.0043,-0.0082,0.0118,0.0,0.0
1780080241568,2,12.00000015,Lower Delivery,Delivery,pitch.1,774895,-4.9986,5.7851,79.2627,-228.6348,143.4743,-7.7055,-0.1855,-0.2956
1780080241568,2,12.00000018,Upper Delivery,Delivery,pitch.1,776181,4.1131,1.1316,19.095,61.1331,33.6274,-12.8211,-0.1805,0.327
1780080241568,2,Pitching Mound.Delivery,,Delivery,pitch.1,774269,-0.8934,6.8498,98.3326,-146.7991,176.8722,-17.4637,-0.1844,0.0334
1780080241568,2,Pitching Mound.Drive,,Delivery,pitch.1,775382,0.2753,-0.074,0.2653,0.0043,-0.0082,0.0118,0.0,0.0
1780080241568,2,Pitching Mound.Parent,,Delivery,pitch.1,773525,-0.6181,6.7759,98.5979,-146.7948,176.8641,-17.4519,-0.1839,0.0333
1780080241569,2,11.0000004b,Drive,Delivery,pitch.1,775383,0.2756,-0.0715,0.2777,0.0038,-0.0064,0.0127,0.0,0.0
1780080241569,2,12.00000015,Lower Delivery,Delivery,pitch.1,774896,-4.959,5.8292,79.2313,-228.3887,143.2246,-7.6148,-0.1853,-0.2954
1780080241569,2,12.00000018,Upper Delivery,Delivery,pitch.1,776182,4.11,1.1608,19.1116,61.072,33.6076,-12.868,-0.1802,0.327
1780080241569,2,Pitching Mound.Delivery,,Delivery,pitch.1,774270,-0.8885,6.9459,98.3742,-147.1115,177.0819,-17.4766,-0.1845,0.0332
1780080241569,2,Pitching Mound.Drive,,Delivery,pitch.1,775383,0.2756,-0.0715,0.2777,0.0038,-0.0064,0.0127,0.0,0.0
1780080241569,2,Pitching Mound.Parent,,Delivery,pitch.1,773526,-0.6129,6.8744,98.6519,-147.1077,177.0755,-17.4638,-0.184,0.0331
1780080241570,2,11.0000004b,Drive,Delivery,pitch.1,775384,0.2758,-0.0683,0.2843,0.0044,-0.0091,0.0124,0.0,0.0
1780080241570,2,12.00000015,Lower Delivery,Delivery,pitch.1,774897,-4.9583,5.8733,79.3476,-228.4488,143.3374,-7.562,-0.1852,-0.2951
1780080241570,2,12.00000018,Upper Delivery,Delivery,pitch.1,776183,4.1146,1.1772,19.1574,60.9705,33.8688,-12.8521,-0.1812,0.3262
1780080241570,2,Pitching Mound.Delivery,,Delivery,pitch.1,774271,-0.8444,7.0065,98.3886,-146.9932,177.0935,-17.3819,-0.1845,0.0332
1780080241570,2,Pitching Mound.Drive,,Delivery,pitch.1,775384,0.2758,-0.0683,0.2843,0.0044,-0.0091,0.0124,0.0,0.0
1780080241570,2,Pitching Mound.Parent,,Delivery,pitch.1,773527,-0.5685,6.9382,98.6729,-146.9888,177.0844,-17.3696,-0.184,0.0331
1780080241571,2,11.0000004b,Drive,Delivery,pitch.1,775385,0.2961,-0.0607,0.3157,0.0062,-0.0099,0.0113,0.0,0.0
1780080241571,2,12.00000015,Lower Delivery,Delivery,pitch.1,774898,-4.9045,5.9395,79.335,-228.3251,143.4544,-7.4878,-0.1853,-0.295
1780080241571,2,12.00000018,Upper Delivery,Delivery,pitch.1,776184,4.1091,1.1853,19.0577,60.8073,33.7897,-12.8325,-0.1817,0.327
1780080241571,2,Pitching Mound.Delivery,,Delivery,pitch.1,774272,-0.8492,7.0586,98.4053,-147.143,177.1271,-17.3116,-0.1845,0.0337
1780080241571,2,Pitching Mound.Drive,,Delivery,pitch.1,775385,0.2961,-0.0607,0.3157,0.0062,-0.0099,0.0113,0.0,0.0
1780080241571,2,Pitching Mound.Parent,,Delivery,pitch.1,773528,-0.5531,6.9979,98.721,-147.1368,177.1172,-17.3003,-0.1839,0.0336
1780080241572,2,11.0000004b,Drive,Delivery,pitch.1,775386,0.2785,-0.061,0.3076,0.0053,-0.0077,0.0114,0.0,0.0
1780080241572,2,12.00000015,Lower Delivery,Delivery,pitch.1,774899,-4.8769,5.9983,79.3255,-228.2631,143.7182,-7.3536,-0.1857,-0.2949
1780080241572,2,12.00000018,Upper Delivery,Delivery,pitch.1,776185,4.1295,1.1894,19.0385,60.5803,33.8804,-12.8195,-0.1824,0.3261
1780080241572,2,Pitching Mound.Delivery,,Delivery,pitch.1,774273,-0.7749,7.1289,98.3735,-147.2441,177.3348,-17.2358,-0.1848,0.0336
1780080241572,2,Pitching Mound.Drive,,Delivery,pitch.1,775386,0.2785,-0.061,0.3076,0.0053,-0.0077,0.0114,0.0,0.0
1780080241572,2,Pitching Mound.Parent,,Delivery,pitch.1,773529,-0.4964,7.0679,98.6811,-147.2388,177.3271,-17.2244,-0.1842,0.0335
1780080241573,2,11.0000004b,Drive,Delivery,pitch.1,775387,0.2898,-0.0615,0.3026,0.006,-0.0056,0.0109,0.0,0.0
1780080241573,2,12.00000015,Lower Delivery,Delivery,pitch.1,774900,-4.8026,6.0343,79.375,-228.0032,143.6256,-7.2743,-0.1855,-0.2944
1780080241573,2,12.00000018,Upper Delivery,Delivery,pitch.1,776186,4.1324,1.1927,19.0394,60.4824,33.7544,-12.7331,-0.1817,0.3256
1780080241573,2,Pitching Mound.Delivery,,Delivery,pitch.1,774274,-0.7445,7.191,98.3649,-147.2835,177.4726,-17.0236,-0.1849,0.0336
1780080241573,2,Pitching Mound.Drive,,Delivery,pitch.1,775387,0.2898,-0.0615,0.3026,0.006,-0.0056,0.0109,0.0,0.0
1780080241573,2,Pitching Mound.Parent,,Delivery,pitch.1,773530,-0.4547,7.1294,98.6676,-147.2775,177.467,-17.0127,-0.1844,0.0335
1780080241574,2,11.0000004b,Drive,Delivery,pitch.1,775388,0.3024,-0.0497,0.3357,0.006,-0.0012,0.0119,0.0,0.0
1780080241574,2,12.00000015,Lower Delivery,Delivery,pitch.1,774901,-4.7427,6.0676,79.3599,-227.8147,143.6353,-7.1122,-0.1855,-0.2942
1780080241574,2,12.00000018,Upper Delivery,Delivery,pitch.1,776187,4.1273,1.1898,18.9124,60.0909,33.7002,-12.6667,-0.1826,0.3257
1780080241574,2,Pitching Mound.Delivery,,Delivery,pitch.1,774275,-0.6752,7.2241,98.2874,-147.355,177.3258,-16.9048,-0.1849,0.0341
1780080241574,2,Pitching Mound.Drive,,Delivery,pitch.1,775388,0.3024,-0.0497,0.3357,0.006,-0.0012,0.0119,0.0,0.0
1780080241574,2,Pitching Mound.Parent,,Delivery,pitch.1,773531,-0.3729,7.1744,98.6231,-147.349,177.3246,-16.8929,-0.1843,0.0339
1780080241575,2,11.0000004b,Drive,Delivery,pitch.1,775389,0.3145,-0.0443,0.3553,0.0067,0.0,0.0109,0.0,0.0
1780080241575,2,12.00000015,Lower Delivery,Delivery,pitch.1,774902,-4.6831,6.1059,79.5621,-227.8083,143.5926,-6.9925,-0.185,-0.2935
1780080241575,2,12.00000018,Upper Delivery,Delivery,pitch.1,776188,4.1106,1.202,18.8042,59.9645,33.1771,-12.5998,-0.1808,0.3268
1780080241575,2,Pitching Mound.Delivery,,Delivery,pitch.1,774276,-0.6321,7.2696,98.1641,-147.2613,176.8124,-16.7018,-0.1846,0.0345
1780080241575,2,Pitching Mound.Drive,,Delivery,pitch.1,775389,0.3145,-0.0443,0.3553,0.0067,0.0,0.0109,0.0,0.0
1780080241575,2,Pitching Mound.Parent,,Delivery,pitch.1,773532,-0.3176,7.2253,98.5194,-147.2546,176.8124,-16.6909,-0.1839,0.0344
1780080241576,2,11.0000004b,Drive,Delivery,pitch.1,775390,0.3068,-0.0601,0.3156,0.0106,0.0024,0.0102,0.0,0.0
1780080241576,2,12.00000015,Lower Delivery,Delivery,pitch.1,774903,-4.6127,6.1171,79.4116,-228.0298,143.608,-6.8361,-0.1854,-0.2943
1780080241576,2,12.00000018,Upper Delivery,Delivery,pitch.1,776189,4.0959,1.2006,18.6873,59.6132,32.6167,-12.5348,-0.1789,0.327
1780080241576,2,Pitching Mound.Delivery,,Delivery,pitch.1,774277,-0.5872,7.3066,98.2494,-147.4977,176.2093,-16.5424,-0.1838,0.0352
1780080241576,2,Pitching Mound.Drive,,Delivery,pitch.1,775390,0.3068,-0.0601,0.3156,0.0106,0.0024,0.0102,0.0,0.0
1780080241576,2,Pitching Mound.Parent,,Delivery,pitch.1,773533,-0.2804,7.2464,98.5651,-147.487,176.2117,-16.5322,-0.1832,0.0351
1780080241577,2,11.0000004b,Drive,Delivery,pitch.1,775391,0.3094,-0.0349,0.339,0.0102,0.0025,0.0101,0.0,0.0
1780080241577,2,12.00000015,Lower Delivery,Delivery,pitch.1,774904,-4.5431,6.1122,79.2108,-227.8008,143.4832,-6.6853,-0.1857,-0.2948
1780080241577,2,12.00000018,Upper Delivery,Delivery,pitch.1,776190,4.0714,1.2021,18.5285,59.3642,32.2819,-12.535,-0.1786,0.327
1780080241577,2,Pitching Mound.Delivery,,Delivery,pitch.1,774278,-0.5413,7.3192,97.9401,-147.9653,175.89,-16.4185,-0.1841,0.0346
1780080241577,2,Pitching Mound.Drive,,Delivery,pitch.1,775391,0.3094,-0.0349,0.339,0.0102,0.0025,0.0101,0.0,0.0
1780080241577,2,Pitching Mound.Parent,,Delivery,pitch.1,773534,-0.2319,7.2842,98.2791,-147.9552,175.8925,-16.4084,-0.1834,0.0345
1780080241578,2,11.0000004b,Drive,Delivery,pitch.1,775392,0.3115,-0.0467,0.3131,0.0179,0.0063,0.0087,0.0,0.0
1780080241578,2,12.00000015,Lower Delivery,Delivery,pitch.1,774905,-4.4837,6.1172,79.3008,-228.0953,143.7718,-6.5357,-0.1858,-0.2948
1780080241578,2,12.00000018,Upper Delivery,Delivery,pitch.1,776191,4.036,1.1957,18.4288,59.0193,32.1687,-12.4352,-0.1789,0.327
1780080241578,2,Pitching Mound.Delivery,,Delivery,pitch.1,774279,-0.5072,7.3079,97.6396,-148.1156,175.6519,-16.2036,-0.1844,0.0342
1780080241578,2,Pitching Mound.Drive,,Delivery,pitch.1,775392,0.3115,-0.0467,0.3131,0.0179,0.0063,0.0087,0.0,0.0
1780080241578,2,Pitching Mound.Parent,,Delivery,pitch.1,773535,-0.1957,7.2612,97.9527,-148.0977,175.6582,-16.1949,-0.1838,0.0341
1780080241579,2,11.0000004b,Drive,Delivery,pitch.1,775393,0.3001,-0.0528,0.2779,0.0208,0.0062,0.0084,0.0,0.0
1780080241579,2,12.00000015,Lower Delivery,Delivery,pitch.1,774906,-4.4192,6.1035,79.3482,-227.8881,143.4514,-6.3243,-0.1853,-0.2944
1780080241579,2,12.00000018,Upper Delivery,Delivery,pitch.1,776192,4.0039,1.2123,18.2529,58.5748,31.861,-12.4075,-0.1789,0.327
1780080241579,2,Pitching Mound.Delivery,,Delivery,pitch.1,774280,-0.4798,7.3295,97.5537,-148.7642,175.6328,-16.0574,-0.1845,0.0343
1780080241579,2,Pitching Mound.Drive,,Delivery,pitch.1,775393,0.3001,-0.0528,0.2779,0.0208,0.0062,0.0084,0.0,0.0
1780080241579,2,Pitching Mound.Parent,,Delivery,pitch.1,773536,-0.1796,7.2767,97.8316,-148.7434,175.639,-16.049,-0.184,0.0342
1780080241580,2,11.0000004b,Drive,Delivery,pitch.1,775394,0.3009,-0.0575,0.2631,0.0287,-0.0235,0.0079,0.0,0.0
1780080241580,2,12.00000015,Lower Delivery,Delivery,pitch.1,774907,-4.3749,6.095,79.357,-228.0215,143.5658,-6.0889,-0.1854,-0.2945
1780080241580,2,12.00000018,Upper Delivery,Delivery,pitch.1,776193,3.9758,1.2152,18.1556,58.3001,31.8189,-12.4346,-0.1796,0.327
1780080241580,2,Pitching Mound.Delivery,,Delivery,pitch.1,774281,-0.4434,7.3187,97.5038,-148.7825,175.2703,-15.9046,-0.1842,0.0347
1780080241580,2,Pitching Mound.Drive,,Delivery,pitch.1,775394,0.3009,-0.0575,0.2631,0.0287,-0.0235,0.0079,0.0,0.0
1780080241580,2,Pitching Mound.Parent,,Delivery,pitch.1,773537,-0.1425,7.2611,97.7668,-148.7538,175.2468,-15.8966,-0.1837,0.0346
1780080241581,2,11.0000004b,Drive,Delivery,pitch.1,775395,0.2698,-0.0745,0.1936,0.0291,-0.0015,0.0069,0.0,0.0
1780080241581,2,12.00000015,Lower Delivery,Delivery,pitch.1,774908,-4.3066,6.0632,79.4302,-228.1028,143.5574,-5.7923,-0.1852,-0.2943
1780080241581,2,12.00000018,Upper Delivery,Delivery,pitch.1,776194,3.9446,1.2144,17.9848,57.9599,31.5318,-12.4079,-0.1797,0.327
1780080241581,2,Pitching Mound.Delivery,,Delivery,pitch.1,774282,-0.4303,7.3095,97.3417,-149.195,175.0976,-15.6681,-0.1844,0.0347
1780080241581,2,Pitching Mound.Drive,,Delivery,pitch.1,775395,0.2698,-0.0745,0.1936,0.0291,-0.0015,0.0069,0.0,0.0
1780080241581,2,Pitching Mound.Parent,,Delivery,pitch.1,773538,-0.1605,7.235,97.5353,-149.1659,175.0961,-15.6612,-0.184,0.0346
1780080241582,2,11.0000004b,Drive,Delivery,pitch.1,775396,0.2461,-0.0725,0.1521,0.0219,0.0135,0.0069,0.0,0.0
1780080241582,2,12.00000015,Lower Delivery,Delivery,pitch.1,774909,-4.2806,6.0206,79.5347,-227.9321,143.1936,-5.4934,-0.1845,-0.2937
1780080241582,2,12.00000018,Upper Delivery,Delivery,pitch.1,776195,3.9157,1.2067,18.0324,57.8286,31.4611,-12.4288,-0.1788,0.327
1780080241582,2,Pitching Mound.Delivery,,Delivery,pitch.1,774283,-0.391,7.2699,97.4626,-149.3989,175.0185,-15.4255,-0.1841,0.0348
1780080241582,2,Pitching Mound.Drive,,Delivery,pitch.1,775396,0.2461,-0.0725,0.1521,0.0219,0.0135,0.0069,0.0,0.0
1780080241582,2,Pitching Mound.Parent,,Delivery,pitch.1,773539,-0.1449,7.1974,97.6147,-149.377,175.0321,-15.4186,-0.1838,0.0348
1780080241583,2,11.0000004b,Drive,Delivery,pitch.1,775397,0.2347,-0.0682,0.1546,0.0294,0.0052,0.0066,0.0,0.0
1780080241583,2,12.00000015,Lower Delivery,Delivery,pitch.1,774910,-4.2169,5.9661,79.6973,-227.2483,142.785,-5.2051,-0.1836,-0.2923
1780080241583,2,12.00000018,Upper Delivery,Delivery,pitch.1,776196,3.8753,1.2101,18.0235,57.7678,31.2449,-12.405,-0.1777,0.327
1780080241583,2,Pitching Mound.Delivery,,Delivery,pitch.1,774284,-0.4053,7.2306,97.5582,-149.2504,174.4385,-15.1254,-0.1833,0.0353
1780080241583,2,Pitching Mound.Drive,,Delivery,pitch.1,775397,0.2347,-0.0682,0.1546,0.0294,0.0052,0.0066,0.0,0.0
1780080241583,2,Pitching Mound.Parent,,Delivery,pitch.1,773540,-0.1706,7.1625,97.7127,-149.2211,174.4436,-15.1188,-0.183,0.0353
1780080241584,2,11.0000004b,Drive,Delivery,pitch.1,775398,0.2223,-0.066,0.1284,0.0257,0.0153,0.0074,0.0,0.0
1780080241584,2,12.00000015,Lower Delivery,Delivery,pitch.1,774911,-4.1571,5.9265,79.8082,-226.9162,142.8245,-4.8807,-0.1834,-0.2914
1780080241584,2,12.00000018,Upper Delivery,Delivery,pitch.1,776197,3.8501,1.2267,18.0365,57.5325,31.4139,-12.4625,-0.1785,0.3269
1780080241584,2,Pitching Mound.Delivery,,Delivery,pitch.1,774285,-0.3668,7.1928,97.7338,-148.7511,174.1989,-14.9248,-0.1827,0.0365
1780080241584,2,Pitching Mound.Drive,,Delivery,pitch.1,775398,0.2223,-0.066,0.1284,0.0257,0.0153,0.0074,0.0,0.0
1780080241584,2,Pitching Mound.Parent,,Delivery,pitch.1,773541,-0.1445,7.1268,97.8623,-148.7254,174.2142,-14.9174,-0.1824,0.0365
1780080241585,2,11.0000004b,Drive,Delivery,pitch.1,775399,0.2228,-0.0663,0.1252,0.0304,0.0193,0.0068,0.0,0.0
1780080241585,2,12.00000015,Lower Delivery,Delivery,pitch.1,774912,-4.1046,5.8667,79.908,-226.4693,142.6865,-4.5864,-0.183,-0.2905
1780080241585,2,12.00000018,Upper Delivery,Delivery,pitch.1,776199,3.7894,1.2403,18.0523,57.323,31.4228,-12.4668,-0.1784,0.3255
1780080241585,2,12.00000018,Upper Delivery,Delivery,pitch.1,776198,3.8178,1.2315,18.0556,57.3911,31.4159,-12.468,-0.1783,0.3258
1780080241585,2,Pitching Mound.Delivery,,Delivery,pitch.1,774287,-0.3152,7.107,97.9604,-148.1154,174.1093,-14.3692,-0.1822,0.0377
1780080241585,2,Pitching Mound.Delivery,,Delivery,pitch.1,774286,-0.3393,7.158,97.8638,-148.5291,174.2404,-14.6372,-0.1825,0.037
1780080241585,2,Pitching Mound.Drive,,Delivery,pitch.1,775399,0.2228,-0.0663,0.1252,0.0304,0.0193,0.0068,0.0,0.0
1780080241585,2,Pitching Mound.Parent,,Delivery,pitch.1,773542,-0.1165,7.0917,97.989,-148.4987,174.2597,-14.6304,-0.1823,0.0369
1780080241586,2,11.0000004b,Drive,Delivery,pitch.1,775400,0.2274,-0.0664,0.1415,0.0257,0.0172,0.0068,0.0,0.0
1780080241586,2,12.00000015,Lower Delivery,Delivery,pitch.1,774913,-4.0717,5.8169,80.0074,-226.3367,142.6602,-4.3716,-0.1828,-0.29
1780080241586,2,Pitching Mound.Drive,,Delivery,pitch.1,775400,0.2274,-0.0664,0.1415,0.0257,0.0172,0.0068,0.0,0.0
1780080241586,2,Pitching Mound.Parent,,Delivery,pitch.1,773543,-0.0878,7.0406,98.1019,-148.0897,174.1265,-14.3624,-0.1819,0.0377
1780080241587,2,11.0000004b,Drive,Delivery,pitch.1,775402,0.219,-0.0649,0.126,0.0365,0.0265,0.0072,0.0,0.0
1780080241587,2,11.0000004b,Drive,Delivery,pitch.1,775401,0.2273,-0.0666,0.142,0.0292,0.0216,0.0069,0.0,0.0
1780080241587,2,12.00000015,Lower Delivery,Delivery,pitch.1,774914,-4.0296,5.7981,80.1729,-226.1513,142.6487,-4.2129,-0.1824,-0.2891
1780080241587,2,12.00000018,Upper Delivery,Delivery,pitch.1,776200,3.7465,1.2639,17.9687,57.0574,31.2875,-12.4227,-0.1785,0.3255
1780080241587,2,Pitching Mound.Delivery,,Delivery,pitch.1,774288,-0.3252,7.0807,97.9761,-148.1861,173.9477,-14.1361,-0.182,0.0382
1780080241587,2,Pitching Mound.Drive,,Delivery,pitch.1,775402,0.219,-0.0649,0.126,0.0365,0.0265,0.0072,0.0,0.0
1780080241587,2,Pitching Mound.Drive,,Delivery,pitch.1,775401,0.2273,-0.0666,0.142,0.0292,0.0216,0.0069,0.0,0.0
1780080241587,2,Pitching Mound.Parent,,Delivery,pitch.1,773544,-0.0979,7.0141,98.1181,-148.1569,173.9693,-14.1292,-0.1817,0.0381
1780080241588,2,12.00000015,Lower Delivery,Delivery,pitch.1,774915,-3.9887,5.7854,80.3408,-226.2547,142.5499,-4.0579,-0.1819,-0.2886
1780080241588,2,12.00000018,Upper Delivery,Delivery,pitch.1,776201,3.7234,1.3003,17.9753,56.7899,31.0481,-12.353,-0.177,0.3238
1780080241588,2,Pitching Mound.Delivery,,Delivery,pitch.1,774289,-0.3063,7.0984,98.1482,-148.2141,173.6968,-13.9298,-0.1814,0.0386
1780080241588,2,Pitching Mound.Parent,,Delivery,pitch.1,773545,-0.0873,7.0334,98.2742,-148.1777,173.7233,-13.9226,-0.1812,0.0386
1780080241589,2,11.0000004b,Drive,Delivery,pitch.1,775403,0.1994,-0.0614,0.082,0.0321,0.0233,0.0076,0.0,0.0
1780080241589,2,11.0000004b,Drive,Delivery,pitch.1,775404,0.2073,-0.0633,0.0878,0.0348,0.025,0.0077,0.0,0.0
1780080241589,2,12.00000015,Lower Delivery,Delivery,pitch.1,774916,-3.9694,5.7928,80.459,-225.842,142.3929,-4.0054,-0.1814,-0.2877
1780080241589,2,12.00000018,Upper Delivery,Delivery,pitch.1,776202,3.6682,1.3216,17.8521,56.6985,30.7429,-12.2946,-0.1765,0.3255
1780080241589,2,Pitching Mound.Delivery,,Delivery,pitch.1,774290,-0.3204,7.107,98.1928,-148.3101,173.2928,-13.7492,-0.1809,0.0394
1780080241589,2,Pitching Mound.Drive,,Delivery,pitch.1,775403,0.1994,-0.0614,0.082,0.0321,0.0233,0.0076,0.0,0.0
1780080241589,2,Pitching Mound.Drive,,Delivery,pitch.1,775404,0.2073,-0.0633,0.0878,0.0348,0.025,0.0077,0.0,0.0
1780080241589,2,Pitching Mound.Parent,,Delivery,pitch.1,773546,-0.121,7.0456,98.2748,-148.278,173.3161,-13.7415,-0.1807,0.0394
1780080241590,2,12.00000015,Lower Delivery,Delivery,pitch.1,774917,-3.9421,5.7934,80.4304,-225.8464,142.3531,-4.0202,-0.1814,-0.2878
1780080241590,2,12.00000018,Upper Delivery,Delivery,pitch.1,776203,3.6184,1.3567,17.7923,56.5326,30.4106,-12.2547,-0.1752,0.3257
1780080241590,2,Pitching Mound.Delivery,,Delivery,pitch.1,774291,-0.3509,7.1495,98.2512,-148.0027,172.8035,-13.6802,-0.1803,0.0402
1780080241590,2,Pitching Mound.Parent,,Delivery,pitch.1,773547,-0.1436,7.0862,98.3391,-147.9679,172.8285,-13.6725,-0.1801,0.0402
1780080241591,2,11.0000004b,Drive,Delivery,pitch.1,775405,0.2026,-0.0598,0.1065,0.028,0.0177,0.0076,0.0,0.0
1780080241591,2,11.0000004b,Drive,Delivery,pitch.1,775406,0.1853,-0.0537,0.0981,0.0296,0.0171,0.0076,0.0,0.0
1780080241591,2,12.00000015,Lower Delivery,Delivery,pitch.1,774918,-3.9109,5.8228,80.3136,-225.9031,142.4279,-4.0385,-0.1818,-0.2883
1780080241591,2,12.00000018,Upper Delivery,Delivery,pitch.1,776204,3.592,1.3961,17.6959,56.3933,29.9436,-12.1924,-0.1734,0.3266
1780080241591,2,12.00000018,Upper Delivery,Delivery,pitch.1,776205,3.5444,1.4398,17.5235,56.1417,29.615,-12.0975,-0.1732,0.327
1780080241591,2,Pitching Mound.Delivery,,Delivery,pitch.1,774292,-0.3501,7.1895,98.1264,-148.1233,172.2967,-13.6509,-0.18,0.0404
1780080241591,2,Pitching Mound.Delivery,,Delivery,pitch.1,774293,-0.3665,7.2627,97.8371,-148.4127,172.043,-13.6012,-0.1802,0.0401
1780080241591,2,Pitching Mound.Drive,,Delivery,pitch.1,775405,0.2026,-0.0598,0.1065,0.028,0.0177,0.0076,0.0,0.0
1780080241591,2,Pitching Mound.Drive,,Delivery,pitch.1,775406,0.1853,-0.0537,0.0981,0.0296,0.0171,0.0076,0.0,0.0
1780080241591,2,Pitching Mound.Parent,,Delivery,pitch.1,773548,-0.1475,7.1297,98.2329,-148.0953,172.3144,-13.6433,-0.1798,0.0403
1780080241591,2,Pitching Mound.Parent,,Delivery,pitch.1,773549,-0.1812,7.209,97.9351,-148.3831,172.0601,-13.5936,-0.1801,0.0401
1780080241592,2,12.00000015,Lower Delivery,Delivery,pitch.1,774919,-3.8815,5.8612,80.2942,-225.8792,142.517,-4.0941,-0.1819,-0.2883
1780080241593,2,11.0000004b,Drive,Delivery,pitch.1,775407,0.1759,-0.051,0.0888,0.0295,0.0136,0.0072,0.0,0.0
1780080241593,2,12.00000015,Lower Delivery,Delivery,pitch.1,774920,-3.8566,5.9006,80.1099,-225.5562,142.12,-4.114,-0.1818,-0.2886
1780080241593,2,12.00000018,Upper Delivery,Delivery,pitch.1,776206,3.5149,1.4891,17.3067,55.6422,28.9999,-12.0267,-0.1717,0.327
1780080241593,2,Pitching Mound.Delivery,,Delivery,pitch.1,774294,-0.3665,7.3503,97.6009,-148.8212,171.5169,-13.606,-0.1801,0.0402
1780080241593,2,Pitching Mound.Drive,,Delivery,pitch.1,775407,0.1759,-0.051,0.0888,0.0295,0.0136,0.0072,0.0,0.0
1780080241593,2,Pitching Mound.Parent,,Delivery,pitch.1,773550,-0.1906,7.2993,97.6896,-148.7917,171.5305,-13.5988,-0.18,0.0402
1780080241594,2,11.0000004b,Drive,Delivery,pitch.1,775408,0.1606,-0.045,0.0949,0.0178,0.003,0.0081,0.0,0.0
1780080241594,2,11.0000004b,Drive,Delivery,pitch.1,775409,0.1507,-0.0412,0.0948,0.0159,0.0004,0.0082,0.0,0.0
1780080241594,2,12.00000015,Lower Delivery,Delivery,pitch.1,774921,-3.8638,5.9549,80.1692,-225.5326,142.077,-4.1407,-0.1816,-0.2883
1780080241594,2,12.00000018,Upper Delivery,Delivery,pitch.1,776207,3.4688,1.5363,17.0395,55.2146,28.69,-11.9841,-0.1726,0.327
1780080241594,2,12.00000018,Upper Delivery,Delivery,pitch.1,776208,3.4393,1.5502,16.9929,54.9802,28.3506,-11.8762,-0.171,0.327
1780080241594,2,Pitching Mound.Delivery,,Delivery,pitch.1,774295,-0.3878,7.4369,97.1494,-148.8977,170.81,-13.6075,-0.1802,0.0401
1780080241594,2,Pitching Mound.Delivery,,Delivery,pitch.1,774296,-0.4245,7.5051,97.1621,-149.0725,170.4276,-13.5338,-0.1798,0.0404
1780080241594,2,Pitching Mound.Drive,,Delivery,pitch.1,775408,0.1606,-0.045,0.0949,0.0178,0.003,0.0081,0.0,0.0
1780080241594,2,Pitching Mound.Drive,,Delivery,pitch.1,775409,0.1507,-0.0412,0.0948,0.0159,0.0004,0.0082,0.0,0.0
1780080241594,2,Pitching Mound.Parent,,Delivery,pitch.1,773551,-0.2272,7.3919,97.2443,-148.8798,170.813,-13.5994,-0.18,0.0401
1780080241594,2,Pitching Mound.Parent,,Delivery,pitch.1,773552,-0.2738,7.4639,97.2569,-149.0565,170.428,-13.5256,-0.1796,0.0403
1780080241595,2,11.0000004b,Drive,Delivery,pitch.1,775410,0.1331,-0.0346,0.0943,0.0179,0.0018,0.0091,0.0,0.0
1780080241595,2,12.00000015,Lower Delivery,Delivery,pitch.1,774922,-3.8498,5.9911,80.2202,-225.5116,141.9679,-4.1328,-0.1814,-0.2881
1780080241595,2,Pitching Mound.Drive,,Delivery,pitch.1,775410,0.1331,-0.0346,0.0943,0.0179,0.0018,0.0091,0.0,0.0
1780080241596,2,11.0000004b,Drive,Delivery,pitch.1,775411,0.1387,-0.035,0.1163,0.0089,-0.0028,0.0105,0.0,0.0
1780080241596,2,12.00000015,Lower Delivery,Delivery,pitch.1,774923,-3.8405,6.0159,80.0903,-225.3494,142.1536,-4.1042,-0.1819,-0.2884
1780080241596,2,12.00000018,Upper Delivery,Delivery,pitch.1,776209,3.397,1.5806,16.7393,54.6516,27.9259,-11.8056,-0.171,0.327
1780080241596,2,12.00000018,Upper Delivery,Delivery,pitch.1,776210,3.3868,1.5819,16.7397,54.2204,27.5684,-11.7388,-0.1688,0.327
1780080241596,2,Pitching Mound.Delivery,,Delivery,pitch.1,774297,-0.4528,7.5717,96.9595,-149.2764,169.8938,-13.4745,-0.1796,0.0407
1780080241596,2,Pitching Mound.Delivery,,Delivery,pitch.1,774298,-0.4537,7.5978,96.83,-149.5897,169.722,-13.3857,-0.1797,0.0404
1780080241596,2,Pitching Mound.Drive,,Delivery,pitch.1,775411,0.1387,-0.035,0.1163,0.0089,-0.0028,0.0105,0.0,0.0
1780080241596,2,Pitching Mound.Parent,,Delivery,pitch.1,773553,-0.3197,7.5371,97.0538,-149.2585,169.8956,-13.4653,-0.1794,0.0406
1780080241596,2,Pitching Mound.Parent,,Delivery,pitch.1,773554,-0.315,7.5628,96.9463,-149.5809,169.7192,-13.3752,-0.1794,0.0404
1780080241597,2,11.0000004b,Drive,Delivery,pitch.1,775412,0.1603,-0.0394,0.1573,0.0134,0.0011,0.0102,0.0,0.0
1780080241597,2,12.00000015,Lower Delivery,Delivery,pitch.1,774924,-3.8325,6.0372,80.1335,-225.6549,142.2577,-4.0063,-0.182,-0.2886
1780080241597,2,12.00000018,Upper Delivery,Delivery,pitch.1,776211,3.3654,1.5942,16.5583,53.8925,26.7693,-11.6716,-0.1657,0.327
1780080241597,2,Pitching Mound.Delivery,,Delivery,pitch.1,774299,-0.4671,7.6314,96.6919,-150.1468,169.027,-13.2306,-0.1792,0.0404
1780080241597,2,Pitching Mound.Drive,,Delivery,pitch.1,775412,0.1603,-0.0394,0.1573,0.0134,0.0011,0.0102,0.0,0.0
1780080241597,2,Pitching Mound.Parent,,Delivery,pitch.1,773555,-0.3068,7.5921,96.8492,-150.1335,169.0282,-13.2203,-0.1789,0.0403
1780080241598,2,11.0000004b,Drive,Delivery,pitch.1,775413,0.1624,-0.0393,0.162,0.006,0.0008,0.0123,0.0,0.0
1780080241598,2,12.00000015,Lower Delivery,Delivery,pitch.1,774925,-3.8219,6.0328,80.0112,-225.4345,142.0132,-3.9246,-0.1819,-0.2888
1780080241598,2,12.00000018,Upper Delivery,Delivery,pitch.1,776212,3.3699,1.5778,16.4835,53.6061,26.4774,-11.6199,-0.1646,0.327
1780080241598,2,Pitching Mound.Delivery,,Delivery,pitch.1,774300,-0.452,7.6106,96.4948,-150.229,168.4906,-13.0993,-0.179,0.0403
1780080241598,2,Pitching Mound.Drive,,Delivery,pitch.1,775413,0.1624,-0.0393,0.162,0.006,0.0008,0.0123,0.0,0.0
1780080241598,2,Pitching Mound.Parent,,Delivery,pitch.1,773556,-0.2896,7.5713,96.6567,-150.2231,168.4914,-13.087,-0.1787,0.0402
1780080241599,2,11.0000004b,Drive,Delivery,pitch.1,775414,0.1762,-0.0417,0.1951,0.0098,-0.0003,0.0106,0.0,0.0
1780080241599,2,12.00000015,Lower Delivery,Delivery,pitch.1,774926,-3.846,6.0189,79.9305,-225.5293,142.4201,-3.7971,-0.1826,-0.2892
1780080241599,2,12.00000018,Upper Delivery,Delivery,pitch.1,776213,3.3442,1.5568,16.3779,53.1625,26.0894,-11.5734,-0.1633,0.327
1780080241599,2,Pitching Mound.Delivery,,Delivery,pitch.1,774301,-0.5019,7.5757,96.3085,-150.7589,168.5096,-12.9258,-0.1793,0.04
1780080241599,2,Pitching Mound.Drive,,Delivery,pitch.1,775414,0.1762,-0.0417,0.1951,0.0098,-0.0003,0.0106,0.0,0.0
1780080241599,2,Pitching Mound.Parent,,Delivery,pitch.1,773557,-0.3257,7.5339,96.5035,-150.7491,168.5093,-12.9152,-0.179,0.0399
1780080241600,2,11.0000004b,Drive,Delivery,pitch.1,775415,0.1819,-0.0452,0.1877,0.014,0.0052,0.0111,0.0,0.0
1780080241600,2,12.00000015,Lower Delivery,Delivery,pitch.1,774927,-3.8476,5.9849,80.0095,-225.8783,142.6074,-3.6743,-0.1827,-0.2894
1780080241600,2,12.00000018,Upper Delivery,Delivery,pitch.1,776214,3.3248,1.5512,16.1645,52.9287,25.7105,-11.5354,-0.163,0.327
1780080241600,2,Pitching Mound.Delivery,,Delivery,pitch.1,774302,-0.5228,7.536,96.1741,-151.2422,168.3179,-12.7711,-0.1794,0.0399
1780080241600,2,Pitching Mound.Drive,,Delivery,pitch.1,775415,0.1819,-0.0452,0.1877,0.014,0.0052,0.0111,0.0,0.0
1780080241600,2,Pitching Mound.Parent,,Delivery,pitch.1,773558,-0.3408,7.4908,96.3617,-151.2282,168.3231,-12.76,-0.179,0.0399
1780080241601,2,11.0000004b,Drive,Delivery,pitch.1,775416,0.1947,-0.0481,0.211,0.0061,0.002,0.0123,0.0,0.0
1780080241601,2,12.00000015,Lower Delivery,Delivery,pitch.1,774928,-3.852,5.953,79.915,-225.9265,142.5958,-3.5011,-0.1829,-0.2898
1780080241601,2,12.00000018,Upper Delivery,Delivery,pitch.1,776215,3.2536,1.5324,15.885,52.3541,25.5584,-11.5082,-0.1649,0.327
1780080241601,2,Pitching Mound.Delivery,,Delivery,pitch.1,774303,-0.5984,7.4854,95.8,-151.8022,168.1542,-12.5935,-0.1799,0.0398
1780080241601,2,Pitching Mound.Drive,,Delivery,pitch.1,775416,0.1947,-0.0481,0.211,0.0061,0.002,0.0123,0.0,0.0
1780080241601,2,Pitching Mound.Parent,,Delivery,pitch.1,773559,-0.4037,7.4373,96.011,-151.7962,168.1561,-12.5812,-0.1795,0.0397
1780080241602,2,11.0000004b,Drive,Delivery,pitch.1,775417,0.2093,-0.0555,0.193,0.0192,0.0125,0.0115,0.0,0.0
1780080241602,2,12.00000015,Lower Delivery,Delivery,pitch.1,774929,-3.8607,5.9305,79.9982,-226.0096,142.949,-3.3525,-0.1831,-0.2896
1780080241602,2,12.00000018,Upper Delivery,Delivery,pitch.1,776216,3.2351,1.5016,15.7992,52.2453,25.5387,-11.5167,-0.1657,0.327
1780080241602,2,Pitching Mound.Delivery,,Delivery,pitch.1,774304,-0.6256,7.4321,95.7974,-151.9367,168.4877,-12.4566,-0.1803,0.04
1780080241602,2,Pitching Mound.Drive,,Delivery,pitch.1,775417,0.2093,-0.0555,0.193,0.0192,0.0125,0.0115,0.0,0.0
1780080241602,2,Pitching Mound.Parent,,Delivery,pitch.1,773560,-0.4164,7.3766,95.9904,-151.9175,168.5002,-12.4452,-0.1799,0.0399
1780080241603,2,11.0000004b,Drive,Delivery,pitch.1,775418,0.2246,-0.0593,0.2148,0.0125,0.0072,0.0118,0.0,0.0
1780080241603,2,12.00000015,Lower Delivery,Delivery,pitch.1,774930,-3.8704,5.9002,80.0357,-226.2943,143.196,-3.1914,-0.1834,-0.2898
1780080241603,2,12.00000018,Upper Delivery,Delivery,pitch.1,776217,3.2092,1.4786,15.6224,51.862,25.3638,-11.5353,-0.1664,0.327
1780080241603,2,Pitching Mound.Delivery,,Delivery,pitch.1,774305,-0.6612,7.3788,95.6581,-152.5318,168.5598,-12.3196,-0.1806,0.0399
1780080241603,2,Pitching Mound.Drive,,Delivery,pitch.1,775418,0.2246,-0.0593,0.2148,0.0125,0.0072,0.0118,0.0,0.0
1780080241603,2,Pitching Mound.Parent,,Delivery,pitch.1,773561,-0.4366,7.3196,95.8729,-152.5193,168.567,-12.3078,-0.1802,0.0398
1780080241604,2,11.0000004b,Drive,Delivery,pitch.1,775419,0.2341,-0.0638,0.1988,0.0296,0.014,0.0097,0.0,0.0
1780080241604,2,12.00000015,Lower Delivery,Delivery,pitch.1,774931,-3.8314,5.8776,79.9582,-226.2147,143.8686,-3.0392,-0.1844,-0.29
1780080241604,2,12.00000018,Upper Delivery,Delivery,pitch.1,776218,3.218,1.45,15.7015,51.8074,25.1611,-11.5744,-0.1642,0.327
1780080241604,2,Pitching Mound.Delivery,,Delivery,pitch.1,774306,-0.6134,7.3275,95.6597,-152.56,169.0297,-12.2168,-0.1811,0.0397
1780080241604,2,Pitching Mound.Drive,,Delivery,pitch.1,775419,0.2341,-0.0638,0.1988,0.0296,0.014,0.0097,0.0,0.0
1780080241604,2,Pitching Mound.Parent,,Delivery,pitch.1,773562,-0.3793,7.2637,95.8585,-152.5305,169.0437,-12.2071,-0.1807,0.0396
1780080241605,2,11.0000004b,Drive,Delivery,pitch.1,775420,0.2332,-0.0663,0.1682,0.027,0.0143,0.0101,0.0,0.0
1780080241605,2,12.00000015,Lower Delivery,Delivery,pitch.1,774932,-3.8118,5.8388,79.8676,-226.1315,144.1008,-2.5408,-0.1849,-0.2902
1780080241605,2,12.00000018,Upper Delivery,Delivery,pitch.1,776219,3.1606,1.4436,15.4672,51.4735,25.0984,-11.5816,-0.1663,0.327
1780080241605,2,Pitching Mound.Delivery,,Delivery,pitch.1,774307,-0.6512,7.2825,95.3348,-152.7619,169.1992,-11.7518,-0.1819,0.0396
1780080241605,2,Pitching Mound.Drive,,Delivery,pitch.1,775420,0.2332,-0.0663,0.1682,0.027,0.0143,0.0101,0.0,0.0
1780080241605,2,Pitching Mound.Parent,,Delivery,pitch.1,773563,-0.418,7.2161,95.503,-152.7349,169.2135,-11.7416,-0.1816,0.0395
1780080241606,2,11.0000004b,Drive,Delivery,pitch.1,775421,0.2275,-0.064,0.1672,0.0208,0.0102,0.0105,0.0,0.0
1780080241606,2,12.00000015,Lower Delivery,Delivery,pitch.1,774933,-3.7685,5.8286,79.7325,-225.9516,144.1635,-2.2665,-0.1853,-0.2905
1780080241606,2,12.00000018,Upper Delivery,Delivery,pitch.1,776220,3.1613,1.4244,15.5366,51.2089,25.03,-11.6234,-0.1651,0.327
1780080241606,2,Pitching Mound.Delivery,,Delivery,pitch.1,774308,-0.6072,7.253,95.2691,-152.9161,169.1935,-11.5338,-0.182,0.0393
1780080241606,2,Pitching Mound.Drive,,Delivery,pitch.1,775421,0.2275,-0.064,0.1672,0.0208,0.0102,0.0105,0.0,0.0
1780080241606,2,Pitching Mound.Parent,,Delivery,pitch.1,773564,-0.3798,7.189,95.4364,-152.8953,169.2038,-11.5233,-0.1817,0.0393
1780080241607,2,11.0000004b,Drive,Delivery,pitch.1,775422,0.181,-0.0487,0.1357,0.0204,0.0083,0.0096,0.0,0.0
1780080241607,2,12.00000015,Lower Delivery,Delivery,pitch.1,774934,-3.7256,5.8055,79.8173,-225.5755,144.0206,-2.0344,-0.1849,-0.2897
1780080241607,2,Pitching Mound.Drive,,Delivery,pitch.1,775422,0.181,-0.0487,0.1357,0.0204,0.0083,0.0096,0.0,0.0
1780080241608,2,11.0000004b,Drive,Delivery,pitch.1,775423,0.181,-0.05,0.1216,0.0134,0.0021,0.0104,0.0,0.0
1780080241608,2,12.00000015,Lower Delivery,Delivery,pitch.1,774935,-3.6665,5.7868,79.7794,-225.1965,143.7356,-1.9409,-0.1847,-0.2893
1780080241608,2,12.00000018,Upper Delivery,Delivery,pitch.1,776222,3.1074,1.4226,15.1927,50.777,25.0614,-11.6815,-0.1691,0.327
1780080241608,2,12.00000018,Upper Delivery,Delivery,pitch.1,776221,3.1123,1.4241,15.3025,50.9278,25.063,-11.6375,-0.1679,0.327
1780080241608,2,Pitching Mound.Delivery,,Delivery,pitch.1,774309,-0.6133,7.2296,95.1198,-152.7128,169.0836,-11.347,-0.1822,0.0401
1780080241608,2,Pitching Mound.Delivery,,Delivery,pitch.1,774310,-0.5591,7.2094,94.9721,-152.4601,168.797,-11.3192,-0.1822,0.0405
1780080241608,2,Pitching Mound.Drive,,Delivery,pitch.1,775423,0.181,-0.05,0.1216,0.0134,0.0021,0.0104,0.0,0.0
1780080241608,2,Pitching Mound.Parent,,Delivery,pitch.1,773565,-0.4323,7.1809,95.2555,-152.6923,169.0919,-11.3374,-0.1819,0.0401
1780080241608,2,Pitching Mound.Parent,,Delivery,pitch.1,773566,-0.3781,7.1594,95.0937,-152.4467,168.7991,-11.3088,-0.1819,0.0404
1780080241609,2,11.0000004b,Drive,Delivery,pitch.1,775424,0.1642,-0.0444,0.114,0.0102,0.0018,0.0108,0.0,0.0
1780080241609,2,12.00000015,Lower Delivery,Delivery,pitch.1,774936,-3.6071,5.7733,79.6641,-224.937,143.7229,-1.7613,-0.1849,-0.2894
1780080241609,2,12.00000018,Upper Delivery,Delivery,pitch.1,776223,3.1108,1.4471,15.1147,50.3176,25.2161,-11.7026,-0.171,0.327
1780080241609,2,Pitching Mound.Delivery,,Delivery,pitch.1,774311,-0.4963,7.2203,94.7788,-152.6726,168.939,-11.1798,-0.1827,0.0405
1780080241609,2,Pitching Mound.Drive,,Delivery,pitch.1,775424,0.1642,-0.0444,0.114,0.0102,0.0018,0.0108,0.0,0.0
1780080241609,2,Pitching Mound.Parent,,Delivery,pitch.1,773567,-0.3321,7.1759,94.8928,-152.6625,168.9408,-11.169,-0.1825,0.0404
1780080241610,2,11.0000004b,Drive,Delivery,pitch.1,775425,0.1676,-0.0504,0.0511,0.0026,-0.0025,0.0122,0.0,0.0
1780080241610,2,12.00000015,Lower Delivery,Delivery,pitch.1,774937,-3.5273,5.7552,79.539,-224.6345,143.1995,-1.6473,-0.1845,-0.2895
1780080241610,2,Pitching Mound.Drive,,Delivery,pitch.1,775425,0.1676,-0.0504,0.0511,0.0026,-0.0025,0.0122,0.0,0.0
1780080241611,2,11.0000004b,Drive,Delivery,pitch.1,775426,0.1484,-0.0408,0.0888,0.0015,-0.0005,0.0116,0.0,0.0
1780080241611,2,12.00000015,Lower Delivery,Delivery,pitch.1,774938,-3.4504,5.7394,79.3304,-224.2714,142.8949,-1.4726,-0.1846,-0.2898
1780080241611,2,12.00000018,Upper Delivery,Delivery,pitch.1,776225,3.1289,1.4795,15.0654,50.0067,24.4514,-11.7282,-0.1664,0.327
1780080241611,2,12.00000018,Upper Delivery,Delivery,pitch.1,776224,3.112,1.4703,15.084,50.2209,24.7879,-11.6944,-0.1684,0.327
1780080241611,2,Pitching Mound.Delivery,,Delivery,pitch.1,774312,-0.4153,7.2255,94.623,-152.4989,167.9875,-11.0843,-0.182,0.0404
1780080241611,2,Pitching Mound.Delivery,,Delivery,pitch.1,774313,-0.3215,7.2188,94.3958,-152.4146,167.3462,-10.9639,-0.1817,0.0402
1780080241611,2,Pitching Mound.Drive,,Delivery,pitch.1,775426,0.1484,-0.0408,0.0888,0.0015,-0.0005,0.0116,0.0,0.0
1780080241611,2,Pitching Mound.Parent,,Delivery,pitch.1,773568,-0.2477,7.1752,94.6741,-152.4963,167.9849,-11.0721,-0.1819,0.0404
1780080241611,2,Pitching Mound.Parent,,Delivery,pitch.1,773569,-0.1731,7.178,94.4846,-152.4131,167.3457,-10.9523,-0.1815,0.0401
1780080241612,2,11.0000004b,Drive,Delivery,pitch.1,775427,0.1629,-0.044,0.1148,0.0025,-0.0021,0.0116,0.0,0.0
1780080241612,2,12.00000015,Lower Delivery,Delivery,pitch.1,774939,-3.3683,5.7504,79.23,-223.9549,142.7754,-1.2394,-0.1847,-0.2897
1780080241612,2,12.00000018,Upper Delivery,Delivery,pitch.1,776226,3.1261,1.5022,14.853,49.639,23.9419,-11.6779,-0.1652,0.327
1780080241612,2,Pitching Mound.Delivery,,Delivery,pitch.1,774314,-0.2421,7.2525,94.083,-152.4277,166.7173,-10.7092,-0.1816,0.0403
1780080241612,2,Pitching Mound.Drive,,Delivery,pitch.1,775427,0.1629,-0.044,0.1148,0.0025,-0.0021,0.0116,0.0,0.0
1780080241612,2,Pitching Mound.Parent,,Delivery,pitch.1,773570,-0.0792,7.2085,94.1978,-152.4252,166.7152,-10.6976,-0.1814,0.0402
1780080241613,2,11.0000004b,Drive,Delivery,pitch.1,775428,0.1555,-0.0409,0.1201,0.0022,-0.004,0.0113,0.0,0.0
1780080241613,2,12.00000015,Lower Delivery,Delivery,pitch.1,774940,-3.3217,5.7271,79.0966,-223.6882,142.5512,-1.0316,-0.1847,-0.2899
1780080241613,2,12.00000018,Upper Delivery,Delivery,pitch.1,776227,3.1351,1.5368,14.7496,49.4889,23.7449,-11.5727,-0.165,0.327
1780080241613,2,Pitching Mound.Delivery,,Delivery,pitch.1,774315,-0.1866,7.2639,93.8462,-152.3214,166.2961,-10.409,-0.1816,0.0402
1780080241613,2,Pitching Mound.Drive,,Delivery,pitch.1,775428,0.1555,-0.0409,0.1201,0.0022,-0.004,0.0113,0.0,0.0
1780080241613,2,Pitching Mound.Parent,,Delivery,pitch.1,773571,-0.0311,7.2231,93.9662,-152.3192,166.2921,-10.3978,-0.1814,0.0402
1780080241614,2,11.0000004b,Drive,Delivery,pitch.1,775429,0.1792,-0.0482,0.1364,0.0108,0.0034,0.0096,0.0,0.0
1780080241614,2,12.00000015,Lower Delivery,Delivery,pitch.1,774941,-3.2615,5.741,79.1883,-223.3481,142.2922,-0.845,-0.1842,-0.2891
1780080241614,2,12.00000018,Upper Delivery,Delivery,pitch.1,776228,3.1055,1.5673,14.478,49.0641,23.5088,-11.5357,-0.1664,0.327
1780080241614,2,Pitching Mound.Delivery,,Delivery,pitch.1,774316,-0.156,7.3083,93.6663,-152.2825,165.801,-10.2159,-0.1814,0.041
1780080241614,2,Pitching Mound.Drive,,Delivery,pitch.1,775429,0.1792,-0.0482,0.1364,0.0108,0.0034,0.0096,0.0,0.0
1780080241614,2,Pitching Mound.Parent,,Delivery,pitch.1,773572,0.0231,7.2601,93.8027,-152.2717,165.8044,-10.2062,-0.1812,0.041
1780080241615,2,11.0000004b,Drive,Delivery,pitch.1,775430,0.1873,-0.0521,0.1307,0.0092,0.0062,0.0103,0.0,0.0
1780080241615,2,12.00000015,Lower Delivery,Delivery,pitch.1,774942,-3.1984,5.7294,79.0652,-223.2058,142.1719,-0.6685,-0.1843,-0.2893
1780080241615,2,12.00000018,Upper Delivery,Delivery,pitch.1,776229,3.1111,1.5835,14.359,48.5895,23.1572,-11.4337,-0.1653,0.327
1780080241615,2,Pitching Mound.Delivery,,Delivery,pitch.1,774317,-0.0873,7.3129,93.4242,-152.6163,165.3291,-9.957,-0.1814,0.0409
1780080241615,2,Pitching Mound.Drive,,Delivery,pitch.1,775430,0.1873,-0.0521,0.1307,0.0092,0.0062,0.0103,0.0,0.0
1780080241615,2,Pitching Mound.Parent,,Delivery,pitch.1,773573,0.1,7.2608,93.5549,-152.6071,165.3353,-9.9467,-0.1811,0.0408
1780080241616,2,11.0000004b,Drive,Delivery,pitch.1,775431,0.203,-0.0569,0.1437,0.0187,0.0161,0.0099,0.0,0.0
1780080241616,2,12.00000015,Lower Delivery,Delivery,pitch.1,774943,-3.1394,5.7487,79.1182,-223.2025,142.3996,-0.5088,-0.1845,-0.2892
1780080241616,2,12.00000018,Upper Delivery,Delivery,pitch.1,776230,3.1136,1.6029,14.2514,48.372,22.5203,-11.3814,-0.162,0.327
1780080241616,2,Pitching Mound.Delivery,,Delivery,pitch.1,774318,-0.0258,7.3517,93.3696,-152.7758,164.9199,-9.7642,-0.181,0.0411
1780080241616,2,Pitching Mound.Drive,,Delivery,pitch.1,775431,0.203,-0.0569,0.1437,0.0187,0.0161,0.0099,0.0,0.0
1780080241616,2,Pitching Mound.Parent,,Delivery,pitch.1,773574,0.1772,7.2948,93.5133,-152.7571,164.9361,-9.7542,-0.1808,0.041
1780080241617,2,11.0000004b,Drive,Delivery,pitch.1,775432,0.2286,-0.0672,0.1425,0.0145,0.0112,0.0103,0.0,0.0
1780080241617,2,12.00000015,Lower Delivery,Delivery,pitch.1,774944,-3.0902,5.7564,79.0302,-223.0303,142.2731,-0.3644,-0.1845,-0.2893
1780080241617,2,12.00000018,Upper Delivery,Delivery,pitch.1,776231,3.0844,1.6354,13.9464,47.5931,22.2075,-11.3021,-0.1632,0.327
1780080241617,2,Pitching Mound.Delivery,,Delivery,pitch.1,774319,-0.0058,7.3918,92.9766,-153.3086,164.4806,-9.5672,-0.1813,0.0412
1780080241617,2,Pitching Mound.Drive,,Delivery,pitch.1,775432,0.2286,-0.0672,0.1425,0.0145,0.0112,0.0103,0.0,0.0
1780080241617,2,Pitching Mound.Parent,,Delivery,pitch.1,773575,0.2228,7.3246,93.1191,-153.2941,164.4917,-9.5569,-0.181,0.0411
1780080241618,2,11.0000004b,Drive,Delivery,pitch.1,775433,0.2537,-0.0745,0.1672,0.0218,0.0141,0.0092,0.0,0.0
1780080241618,2,12.00000015,Lower Delivery,Delivery,pitch.1,774945,-3.0354,5.7617,78.8611,-222.808,142.0926,-0.2188,-0.1847,-0.2896
1780080241618,2,12.00000018,Upper Delivery,Delivery,pitch.1,776232,3.0529,1.6393,13.8294,47.0041,21.9983,-11.2689,-0.163,0.327
1780080241618,2,Pitching Mound.Delivery,,Delivery,pitch.1,774320,0.0175,7.401,92.6904,-153.6931,164.0908,-9.4177,-0.1814,0.041
1780080241618,2,Pitching Mound.Drive,,Delivery,pitch.1,775433,0.2537,-0.0745,0.1672,0.0218,0.0141,0.0092,0.0,0.0
1780080241618,2,Pitching Mound.Parent,,Delivery,pitch.1,773576,0.2712,7.3265,92.8576,-153.6714,164.1049,-9.4085,-0.1811,0.0409
1780080241619,2,11.0000004b,Drive,Delivery,pitch.1,775434,0.2543,-0.0736,0.1792,0.0247,0.013,0.0083,0.0,0.0
1780080241619,2,12.00000015,Lower Delivery,Delivery,pitch.1,774946,-2.9999,5.7953,78.9711,-222.642,142.4503,-0.0689,-0.1849,-0.289
1780080241619,2,12.00000018,Upper Delivery,Delivery,pitch.1,776233,3.051,1.6416,13.7443,46.7315,21.5721,-11.2315,-0.1609,0.327
1780080241619,2,Pitching Mound.Delivery,,Delivery,pitch.1,774321,0.0511,7.4368,92.7154,-153.7334,164.0224,-9.2431,-0.1813,0.0415
1780080241619,2,Pitching Mound.Drive,,Delivery,pitch.1,775434,0.2543,-0.0736,0.1792,0.0247,0.013,0.0083,0.0,0.0
1780080241619,2,Pitching Mound.Parent,,Delivery,pitch.1,773577,0.3055,7.3633,92.8946,-153.7088,164.0354,-9.2348,-0.181,0.0415
1780080241620,2,11.0000004b,Drive,Delivery,pitch.1,775435,0.2539,-0.0737,0.1753,0.0243,0.0129,0.0081,0.0,0.0
1780080241620,2,12.00000015,Lower Delivery,Delivery,pitch.1,774947,-2.9603,5.8285,79.0531,-222.2911,142.2771,0.0616,-0.1845,-0.2882
1780080241620,2,12.00000018,Upper Delivery,Delivery,pitch.1,776234,3.0163,1.6457,13.6351,46.4536,21.3341,-11.2013,-0.1604,0.327
1780080241620,2,Pitching Mound.Delivery,,Delivery,pitch.1,774322,0.056,7.4741,92.6882,-153.5954,163.6112,-9.1077,-0.1809,0.0423
1780080241620,2,Pitching Mound.Drive,,Delivery,pitch.1,775435,0.2539,-0.0737,0.1753,0.0243,0.0129,0.0081,0.0,0.0
1780080241620,2,Pitching Mound.Parent,,Delivery,pitch.1,773578,0.3099,7.4004,92.8635,-153.5711,163.6241,-9.0996,-0.1806,0.0422
1780080241621,2,11.0000004b,Drive,Delivery,pitch.1,775436,0.2617,-0.0756,0.1863,0.0338,0.0185,0.0071,0.0,0.0
1780080241621,2,12.00000015,Lower Delivery,Delivery,pitch.1,774948,-2.9287,5.8492,79.2654,-222.2509,142.6095,0.1872,-0.1844,-0.2874
1780080241621,2,12.00000018,Upper Delivery,Delivery,pitch.1,776235,2.9916,1.6313,13.5427,46.1019,21.1621,-11.1587,-0.1602,0.327
1780080241621,2,Pitching Mound.Delivery,,Delivery,pitch.1,774323,0.0629,7.4805,92.8081,-153.8033,163.7716,-8.9586,-0.1809,0.043
1780080241621,2,Pitching Mound.Drive,,Delivery,pitch.1,775436,0.2617,-0.0756,0.1863,0.0338,0.0185,0.0071,0.0,0.0
1780080241621,2,Pitching Mound.Parent,,Delivery,pitch.1,773579,0.3246,7.4048,92.9944,-153.7695,163.7901,-8.9515,-0.1805,0.043
1780080241622,2,11.0000004b,Drive,Delivery,pitch.1,775437,0.2562,-0.0737,0.1865,0.0278,0.0116,0.0078,0.0,0.0
1780080241622,2,12.00000015,Lower Delivery,Delivery,pitch.1,774949,-2.9169,5.8796,79.6284,-222.3374,143.1499,0.318,-0.1843,-0.2862
1780080241622,2,12.00000018,Upper Delivery,Delivery,pitch.1,776236,2.9747,1.6181,13.4325,45.4776,21.0964,-11.1722,-0.161,0.327
1780080241622,2,Pitching Mound.Delivery,,Delivery,pitch.1,774324,0.0578,7.4977,93.0609,-154.3533,164.2464,-8.8511,-0.1809,0.0442
1780080241622,2,Pitching Mound.Drive,,Delivery,pitch.1,775437,0.2562,-0.0737,0.1865,0.0278,0.0116,0.0078,0.0,0.0
1780080241622,2,Pitching Mound.Parent,,Delivery,pitch.1,773580,0.314,7.4239,93.2475,-154.3254,164.258,-8.8433,-0.1805,0.0441
1780080241623,2,11.0000004b,Drive,Delivery,pitch.1,775438,0.2571,-0.0764,0.166,0.0316,0.0154,0.0076,0.0,0.0
1780080241623,2,12.00000015,Lower Delivery,Delivery,pitch.1,774950,-2.8831,5.8811,79.6951,-222.0198,142.884,0.5222,-0.1838,-0.2855
1780080241623,2,12.00000018,Upper Delivery,Delivery,pitch.1,776237,2.9495,1.5918,13.3288,45.2115,20.9062,-11.1998,-0.1608,0.327
1780080241623,2,Pitching Mound.Delivery,,Delivery,pitch.1,774325,0.0664,7.4729,93.0239,-154.2437,163.7902,-8.6944,-0.1805,0.0448
1780080241623,2,Pitching Mound.Drive,,Delivery,pitch.1,775438,0.2571,-0.0764,0.166,0.0316,0.0154,0.0076,0.0,0.0
1780080241623,2,Pitching Mound.Parent,,Delivery,pitch.1,773581,0.3235,7.3965,93.1899,-154.2121,163.8056,-8.6868,-0.1801,0.0447
1780080241624,2,11.0000004b,Drive,Delivery,pitch.1,775439,0.2653,-0.0806,0.1562,0.0266,0.013,0.0084,0.0,0.0
1780080241624,2,12.00000015,Lower Delivery,Delivery,pitch.1,774951,-2.8635,5.8739,79.772,-221.9947,143.0797,0.6893,-0.1838,-0.2852
1780080241624,2,12.00000018,Upper Delivery,Delivery,pitch.1,776238,2.8814,1.5694,13.3051,45.1878,20.5945,-11.2267,-0.1586,0.327
1780080241624,2,Pitching Mound.Delivery,,Delivery,pitch.1,774326,0.018,7.4433,93.0771,-154.2081,163.6742,-8.5841,-0.1802,0.0451
1780080241624,2,Pitching Mound.Drive,,Delivery,pitch.1,775439,0.2653,-0.0806,0.1562,0.0266,0.013,0.0084,0.0,0.0
1780080241624,2,Pitching Mound.Parent,,Delivery,pitch.1,773582,0.2833,7.3627,93.2333,-154.1815,163.6872,-8.5756,-0.1799,0.045
1780080241625,2,11.0000004b,Drive,Delivery,pitch.1,775440,0.2376,-0.0705,0.1503,0.0192,0.0046,0.0081,0.0,0.0
1780080241625,2,12.00000015,Lower Delivery,Delivery,pitch.1,774952,-2.8359,5.8464,79.7324,-221.7162,143.1226,0.8995,-0.184,-0.285
1780080241625,2,12.00000018,Upper Delivery,Delivery,pitch.1,776239,2.8575,1.5434,13.2196,45.152,20.2707,-11.265,-0.1572,0.327
1780080241625,2,Pitching Mound.Delivery,,Delivery,pitch.1,774327,0.0216,7.3898,92.9519,-153.9498,163.3933,-8.4297,-0.1802,0.0453
1780080241625,2,Pitching Mound.Drive,,Delivery,pitch.1,775440,0.2376,-0.0705,0.1503,0.0192,0.0046,0.0081,0.0,0.0
1780080241625,2,Pitching Mound.Parent,,Delivery,pitch.1,773583,0.2592,7.3193,93.1022,-153.9307,163.3979,-8.4216,-0.1799,0.0452
1780080241626,2,11.0000004b,Drive,Delivery,pitch.1,775441,0.2413,-0.0732,0.1341,0.0205,0.0068,0.0072,0.0,0.0
1780080241626,2,12.00000015,Lower Delivery,Delivery,pitch.1,774953,-2.8142,5.8099,79.6937,-221.5306,143.3427,1.1237,-0.1844,-0.2849
1780080241626,2,12.00000018,Upper Delivery,Delivery,pitch.1,776240,2.8269,1.5209,13.2071,44.9671,20.227,-11.3537,-0.157,0.327
1780080241626,2,Pitching Mound.Delivery,,Delivery,pitch.1,774328,0.0127,7.3308,92.9009,-153.9581,163.5697,-8.312,-0.1805,0.0454
1780080241626,2,Pitching Mound.Drive,,Delivery,pitch.1,775441,0.2413,-0.0732,0.1341,0.0205,0.0068,0.0072,0.0,0.0
1780080241626,2,Pitching Mound.Parent,,Delivery,pitch.1,773584,0.254,7.2577,93.035,-153.9375,163.5765,-8.3048,-0.1802,0.0453
1780080241627,2,11.0000004b,Drive,Delivery,pitch.1,775442,0.2109,-0.0644,0.1033,0.0124,0.0024,0.0082,0.0,0.0
1780080241627,2,12.00000015,Lower Delivery,Delivery,pitch.1,774954,-2.7954,5.7557,79.6616,-221.4916,143.4614,1.344,-0.1846,-0.285
1780080241627,2,12.00000018,Upper Delivery,Delivery,pitch.1,776241,2.8147,1.4899,13.1338,45.1169,19.8111,-11.3721,-0.1546,0.327
1780080241627,2,Pitching Mound.Delivery,,Delivery,pitch.1,774329,0.0193,7.2456,92.7955,-153.7552,163.2725,-8.1207,-0.1803,0.0454
1780080241627,2,Pitching Mound.Drive,,Delivery,pitch.1,775442,0.2109,-0.0644,0.1033,0.0124,0.0024,0.0082,0.0,0.0
1780080241627,2,Pitching Mound.Parent,,Delivery,pitch.1,773585,0.2302,7.1812,92.8988,-153.7428,163.275,-8.1125,-0.1801,0.0453
1780080241628,2,11.0000004b,Drive,Delivery,pitch.1,775443,0.2168,-0.0633,0.1374,0.021,0.0076,0.0058,0.0,0.0
1780080241628,2,12.00000015,Lower Delivery,Delivery,pitch.1,774955,-2.7741,5.7136,79.7364,-221.3345,144.0031,1.5431,-0.1851,-0.2845
1780080241628,2,12.00000018,Upper Delivery,Delivery,pitch.1,776242,2.8233,1.4779,13.0767,45.0955,19.6488,-11.4129,-0.154,0.327
1780080241628,2,Pitching Mound.Delivery,,Delivery,pitch.1,774330,0.0491,7.1915,92.8132,-153.5747,163.652,-7.9667,-0.1807,0.0458
1780080241628,2,Pitching Mound.Drive,,Delivery,pitch.1,775443,0.2168,-0.0633,0.1374,0.021,0.0076,0.0058,0.0,0.0
1780080241628,2,Pitching Mound.Parent,,Delivery,pitch.1,773586,0.2659,7.1282,92.9506,-153.5537,163.6596,-7.9609,-0.1805,0.0458
1780080241629,2,11.0000004b,Drive,Delivery,pitch.1,775444,0.1994,-0.0572,0.1327,0.0241,0.0125,0.0067,0.0,0.0
1780080241629,2,12.00000015,Lower Delivery,Delivery,pitch.1,774956,-2.7461,5.6696,79.6221,-221.2952,144.2177,1.756,-0.1856,-0.2849
1780080241629,2,12.00000018,Upper Delivery,Delivery,pitch.1,776243,2.7697,1.4802,12.8075,44.8386,19.5,-11.3976,-0.1561,0.327
1780080241629,2,Pitching Mound.Delivery,,Delivery,pitch.1,774331,0.0237,7.1498,92.4296,-153.7397,163.7177,-7.7661,-0.1815,0.0457
1780080241629,2,Pitching Mound.Drive,,Delivery,pitch.1,775444,0.1994,-0.0572,0.1327,0.0241,0.0125,0.0067,0.0,0.0
1780080241629,2,Pitching Mound.Parent,,Delivery,pitch.1,773587,0.2231,7.0927,92.5623,-153.7155,163.7302,-7.7594,-0.1813,0.0456
1780080241630,2,11.0000004b,Drive,Delivery,pitch.1,775445,0.2075,-0.0626,0.1104,0.0271,0.0144,0.0076,0.0,0.0
1780080241630,2,12.00000015,Lower Delivery,Delivery,pitch.1,774957,-2.6956,5.5977,79.3501,-221.0312,144.628,1.968,-0.1868,-0.2855
1780080241630,2,12.00000018,Upper Delivery,Delivery,pitch.1,776244,2.7491,1.4734,12.6765,44.5975,19.161,-11.4048,-0.1549,0.327
1780080241630,2,Pitching Mound.Delivery,,Delivery,pitch.1,774332,0.0535,7.0711,92.0266,-153.7647,163.7889,-7.5855,-0.1824,0.0452
1780080241630,2,Pitching Mound.Drive,,Delivery,pitch.1,775445,0.2075,-0.0626,0.1104,0.0271,0.0144,0.0076,0.0,0.0
1780080241630,2,Pitching Mound.Parent,,Delivery,pitch.1,773588,0.261,7.0085,92.137,-153.7376,163.8033,-7.5779,-0.1822,0.0451
1780080241631,2,11.0000004b,Drive,Delivery,pitch.1,775446,0.2099,-0.0635,0.1062,0.0244,0.0122,0.0077,0.0,0.0
1780080241631,2,12.00000015,Lower Delivery,Delivery,pitch.1,774958,-2.6706,5.554,79.2413,-220.858,144.6775,2.1666,-0.1871,-0.2857
1780080241631,2,12.00000018,Upper Delivery,Delivery,pitch.1,776245,2.7277,1.4763,12.5268,44.5197,18.9968,-11.427,-0.1554,0.327
1780080241631,2,Pitching Mound.Delivery,,Delivery,pitch.1,774333,0.0571,7.0302,91.7681,-153.6554,163.6743,-7.425,-0.1828,0.0451
1780080241631,2,Pitching Mound.Drive,,Delivery,pitch.1,775446,0.2099,-0.0635,0.1062,0.0244,0.0122,0.0077,0.0,0.0
1780080241631,2,Pitching Mound.Parent,,Delivery,pitch.1,773589,0.267,6.9667,91.8743,-153.631,163.6866,-7.4173,-0.1826,0.0451
1780080241632,2,11.0000004b,Drive,Delivery,pitch.1,775447,0.1872,-0.0559,0.0965,0.0343,0.0219,0.0072,0.0,0.0
1780080241632,2,12.00000015,Lower Delivery,Delivery,pitch.1,774959,-2.6342,5.5339,79.1205,-220.9491,144.9749,2.3896,-0.1878,-0.2862
1780080241632,2,12.00000018,Upper Delivery,Delivery,pitch.1,776246,2.7094,1.5001,12.2663,44.1677,18.7776,-11.4231,-0.1569,0.327
1780080241632,2,Pitching Mound.Delivery,,Delivery,pitch.1,774334,0.0752,7.034,91.3868,-154.051,163.7525,-7.2167,-0.1837,0.0448
1780080241632,2,Pitching Mound.Drive,,Delivery,pitch.1,775447,0.1872,-0.0559,0.0965,0.0343,0.0219,0.0072,0.0,0.0
1780080241632,2,Pitching Mound.Parent,,Delivery,pitch.1,773590,0.2623,6.9781,91.4833,-154.0167,163.7745,-7.2095,-0.1835,0.0448
1780080241633,2,11.0000004b,Drive,Delivery,pitch.1,775448,0.2008,-0.0607,0.0992,0.0428,0.0299,0.0064,0.0,0.0
1780080241633,2,12.00000015,Lower Delivery,Delivery,pitch.1,774960,-2.5897,5.5015,78.89,-220.9668,144.9996,2.5644,-0.1884,-0.2871
1780080241633,2,12.00000018,Upper Delivery,Delivery,pitch.1,776247,2.7091,1.5128,12.234,44.0127,18.5054,-11.3919,-0.155,0.327
1780080241633,2,Pitching Mound.Delivery,,Delivery,pitch.1,774335,0.1195,7.0143,91.1241,-154.2911,163.505,-7.026,-0.1839,0.0441
1780080241633,2,Pitching Mound.Drive,,Delivery,pitch.1,775448,0.2008,-0.0607,0.0992,0.0428,0.0299,0.0064,0.0,0.0
1780080241633,2,Pitching Mound.Parent,,Delivery,pitch.1,773591,0.3203,6.9536,91.2233,-154.2483,163.5349,-7.0195,-0.1837,0.044
1780080241634,2,11.0000004b,Drive,Delivery,pitch.1,775449,0.2007,-0.0586,0.1186,0.0345,0.0238,0.0069,0.0,0.0
1780080241634,2,12.00000015,Lower Delivery,Delivery,pitch.1,774961,-2.5391,5.4705,78.7718,-221.1154,145.1526,2.7365,-0.1889,-0.2877
1780080241634,2,12.00000018,Upper Delivery,Delivery,pitch.1,776248,2.7252,1.5431,12.1632,43.6727,18.3946,-11.3455,-0.155,0.327
1780080241634,2,Pitching Mound.Delivery,,Delivery,pitch.1,774336,0.1861,7.0136,90.935,-154.7958,163.5472,-6.8191,-0.1843,0.0436
1780080241634,2,Pitching Mound.Drive,,Delivery,pitch.1,775449,0.2007,-0.0586,0.1186,0.0345,0.0238,0.0069,0.0,0.0
1780080241634,2,Pitching Mound.Parent,,Delivery,pitch.1,773592,0.3869,6.955,91.0536,-154.7612,163.571,-6.8123,-0.1841,0.0435
1780080241635,2,11.0000004b,Drive,Delivery,pitch.1,775450,0.1802,-0.0502,0.1273,0.0228,0.0138,0.0086,0.0,0.0
1780080241635,2,12.00000015,Lower Delivery,Delivery,pitch.1,774962,-2.4959,5.4751,78.8154,-221.3564,145.6243,2.8855,-0.1894,-0.2879
1780080241635,2,12.00000018,Upper Delivery,Delivery,pitch.1,776249,2.7173,1.5687,11.9449,43.3391,18.1935,-11.3401,-0.1561,0.327
1780080241635,2,Pitching Mound.Delivery,,Delivery,pitch.1,774337,0.2214,7.0439,90.7603,-155.2813,163.8178,-6.6821,-0.185,0.0436
1780080241635,2,Pitching Mound.Drive,,Delivery,pitch.1,775450,0.1802,-0.0502,0.1273,0.0228,0.0138,0.0086,0.0,0.0
1780080241635,2,Pitching Mound.Parent,,Delivery,pitch.1,773593,0.4016,6.9936,90.8876,-155.2585,163.8316,-6.6735,-0.1847,0.0435
1780080241636,2,11.0000004b,Drive,Delivery,pitch.1,775451,0.2069,-0.0584,0.1519,0.0098,0.0062,0.01,0.0,0.0
1780080241636,2,12.00000015,Lower Delivery,Delivery,pitch.1,774963,-2.4448,5.4822,78.8864,-221.5051,145.9061,3.0868,-0.1896,-0.2878
1780080241636,2,12.00000018,Upper Delivery,Delivery,pitch.1,776250,2.7256,1.602,11.7941,42.8569,18.0714,-11.3213,-0.157,0.327
1780080241636,2,Pitching Mound.Delivery,,Delivery,pitch.1,774338,0.2808,7.0842,90.6805,-155.8368,163.9775,-6.4766,-0.1853,0.0437
1780080241636,2,Pitching Mound.Drive,,Delivery,pitch.1,775451,0.2069,-0.0584,0.1519,0.0098,0.0062,0.01,0.0,0.0
1780080241636,2,Pitching Mound.Parent,,Delivery,pitch.1,773594,0.4877,7.0258,90.8324,-155.827,163.9837,-6.4666,-0.185,0.0437
1780080241637,2,11.0000004b,Drive,Delivery,pitch.1,775452,0.178,-0.0509,0.1127,0.0081,0.0053,0.0107,0.0,0.0
1780080241637,2,12.00000015,Lower Delivery,Delivery,pitch.1,774964,-2.3832,5.461,78.9388,-221.6216,145.7322,3.2797,-0.1892,-0.2878
1780080241637,2,12.00000018,Upper Delivery,Delivery,pitch.1,776251,2.7269,1.6253,11.8178,42.5866,18.0027,-11.2739,-0.1561,0.327
1780080241637,2,Pitching Mound.Delivery,,Delivery,pitch.1,774339,0.3437,7.0863,90.7566,-156.2138,163.7349,-6.2569,-0.1849,0.0438
1780080241637,2,Pitching Mound.Drive,,Delivery,pitch.1,775452,0.178,-0.0509,0.1127,0.0081,0.0053,0.0107,0.0,0.0
1780080241637,2,Pitching Mound.Parent,,Delivery,pitch.1,773595,0.5217,7.0353,90.8693,-156.2058,163.7403,-6.2462,-0.1847,0.0437
1780080241638,2,11.0000004b,Drive,Delivery,pitch.1,775453,0.1842,-0.0521,0.1281,0.0035,0.0037,0.0106,0.0,0.0
1780080241638,2,12.00000015,Lower Delivery,Delivery,pitch.1,774965,-2.3355,5.4732,78.9632,-221.5359,145.7866,3.4784,-0.1892,-0.2876
1780080241638,2,12.00000018,Upper Delivery,Delivery,pitch.1,776252,2.7212,1.6418,11.742,42.3068,18.0937,-11.2302,-0.1579,0.327
1780080241638,2,Pitching Mound.Delivery,,Delivery,pitch.1,774340,0.3857,7.115,90.7051,-156.3739,163.8803,-6.0325,-0.1852,0.044
1780080241638,2,Pitching Mound.Drive,,Delivery,pitch.1,775453,0.1842,-0.0521,0.1281,0.0035,0.0037,0.0106,0.0,0.0
1780080241638,2,Pitching Mound.Parent,,Delivery,pitch.1,773596,0.5699,7.0629,90.8332,-156.3703,163.884,-6.022,-0.1849,0.0439
1780080241639,2,11.0000004b,Drive,Delivery,pitch.1,775454,0.2077,-0.0591,0.148,0.0039,0.0059,0.0106,0.0,0.0
1780080241639,2,12.00000015,Lower Delivery,Delivery,pitch.1,774966,-2.2765,5.464,79.1423,-221.6794,145.856,3.7078,-0.1889,-0.2871
1780080241639,2,12.00000018,Upper Delivery,Delivery,pitch.1,776253,2.7403,1.6438,11.7617,41.8913,18.0336,-11.1762,-0.1572,0.327
1780080241639,2,Pitching Mound.Delivery,,Delivery,pitch.1,774341,0.4639,7.1078,90.904,-156.8787,163.8896,-5.7627,-0.1848,0.0444
1780080241639,2,Pitching Mound.Drive,,Delivery,pitch.1,775454,0.2077,-0.0591,0.148,0.0039,0.0059,0.0106,0.0,0.0
1780080241639,2,Pitching Mound.Parent,,Delivery,pitch.1,773597,0.6715,7.0487,91.052,-156.8747,163.8955,-5.7521,-0.1845,0.0443
1780080241640,2,11.0000004b,Drive,Delivery,pitch.1,775455,0.1904,-0.0537,0.1327,0.0038,0.0042,0.0103,0.0,0.0
1780080241640,2,12.00000015,Lower Delivery,Delivery,pitch.1,774967,-2.2279,5.4592,79.2117,-221.7572,145.94,3.9449,-0.1888,-0.2869
1780080241640,2,12.00000018,Upper Delivery,Delivery,pitch.1,776254,2.7358,1.6453,11.8151,41.7504,18.0458,-11.1905,-0.1565,0.327
1780080241640,2,Pitching Mound.Delivery,,Delivery,pitch.1,774342,0.5079,7.1044,91.0268,-157.092,163.9858,-5.5579,-0.1846,0.0445
1780080241640,2,Pitching Mound.Drive,,Delivery,pitch.1,775455,0.1904,-0.0537,0.1327,0.0038,0.0042,0.0103,0.0,0.0
1780080241640,2,Pitching Mound.Parent,,Delivery,pitch.1,773598,0.6982,7.0507,91.1595,-157.0882,163.9899,-5.5476,-0.1844,0.0444
1780080241641,2,11.0000004b,Drive,Delivery,pitch.1,775456,0.1841,-0.0517,0.1308,0.0033,0.0069,0.0104,0.0,0.0
1780080241641,2,12.00000015,Lower Delivery,Delivery,pitch.1,774968,-2.2081,5.4576,79.5307,-221.896,146.1961,4.1797,-0.1884,-0.286
1780080241641,2,12.00000018,Upper Delivery,Delivery,pitch.1,776255,2.7113,1.6359,11.809,41.4083,18.1123,-11.1636,-0.1572,0.327
1780080241641,2,Pitching Mound.Delivery,,Delivery,pitch.1,774343,0.5032,7.0936,91.3398,-157.4624,164.3083,-5.3114,-0.1844,0.0454
1780080241641,2,Pitching Mound.Drive,,Delivery,pitch.1,775456,0.1841,-0.0517,0.1308,0.0033,0.0069,0.0104,0.0,0.0
1780080241641,2,Pitching Mound.Parent,,Delivery,pitch.1,773599,0.6874,7.0419,91.4706,-157.4591,164.3153,-5.301,-0.1841,0.0453
1780080241642,2,11.0000004b,Drive,Delivery,pitch.1,775457,0.2243,-0.0654,0.1559,0.0039,0.0074,0.0111,0.0,0.0
1780080241642,2,12.00000015,Lower Delivery,Delivery,pitch.1,774969,-2.166,5.4677,79.8854,-222.1156,146.3882,4.4081,-0.1878,-0.285
1780080241642,2,12.00000018,Upper Delivery,Delivery,pitch.1,776256,2.7261,1.617,11.9864,41.5457,17.822,-11.2012,-0.1524,0.327
1780080241642,2,Pitching Mound.Delivery,,Delivery,pitch.1,774344,0.5601,7.0847,91.8718,-157.4843,164.2101,-5.1298,-0.1832,0.0461
1780080241642,2,Pitching Mound.Drive,,Delivery,pitch.1,775457,0.2243,-0.0654,0.1559,0.0039,0.0074,0.0111,0.0,0.0
1780080241642,2,Pitching Mound.Parent,,Delivery,pitch.1,773600,0.7845,7.0194,92.0276,-157.4804,164.2175,-5.1187,-0.1829,0.0461
1780080241643,2,11.0000004b,Drive,Delivery,pitch.1,775458,0.2007,-0.0597,0.1188,0.0039,0.0068,0.0115,0.0,0.0
1780080241643,2,12.00000015,Lower Delivery,Delivery,pitch.1,774970,-2.1181,5.4597,80.0733,-222.063,146.6391,4.6096,-0.1877,-0.2842
1780080241643,2,12.00000018,Upper Delivery,Delivery,pitch.1,776257,2.75,1.5899,12.1016,41.6386,17.895,-11.2177,-0.1516,0.327
1780080241643,2,Pitching Mound.Delivery,,Delivery,pitch.1,774345,0.6319,7.0496,92.1749,-157.314,164.534,-4.953,-0.183,0.0467
1780080241643,2,Pitching Mound.Drive,,Delivery,pitch.1,775458,0.2007,-0.0597,0.1188,0.0039,0.0068,0.0115,0.0,0.0
1780080241643,2,Pitching Mound.Parent,,Delivery,pitch.1,773601,0.8326,6.9898,92.2937,-157.3101,164.5409,-4.9415,-0.1827,0.0467
1780080241644,2,11.0000004b,Drive,Delivery,pitch.1,775459,0.2043,-0.0614,0.1168,0.0035,0.0055,0.0127,0.0,0.0
1780080241644,2,12.00000015,Lower Delivery,Delivery,pitch.1,774971,-2.0932,5.4412,80.1552,-221.9776,146.4548,4.8332,-0.1873,-0.2838
1780080241644,2,12.00000018,Upper Delivery,Delivery,pitch.1,776258,2.7513,1.575,12.1547,41.5564,17.8206,-11.2555,-0.1503,0.327
1780080241644,2,Pitching Mound.Delivery,,Delivery,pitch.1,774346,0.6581,7.0163,92.3098,-157.3011,164.2754,-4.7752,-0.1824,0.0471
1780080241644,2,Pitching Mound.Drive,,Delivery,pitch.1,775459,0.2043,-0.0614,0.1168,0.0035,0.0055,0.0127,0.0,0.0
1780080241644,2,Pitching Mound.Parent,,Delivery,pitch.1,773602,0.8624,6.9549,92.4267,-157.2976,164.2809,-4.7626,-0.1822,0.047
1780080241645,2,11.0000004b,Drive,Delivery,pitch.1,775460,0.2118,-0.0634,0.1244,0.005,0.006,0.012,0.0,0.0
1780080241645,2,12.00000015,Lower Delivery,Delivery,pitch.1,774972,-2.0763,5.4537,80.4935,-222.2897,146.8409,5.0027,-0.187,-0.283
1780080241645,2,12.00000018,Upper Delivery,Delivery,pitch.1,776259,2.7749,1.5407,12.2906,41.5917,17.6849,-11.3274,-0.1475,0.327
1780080241645,2,Pitching Mound.Delivery,,Delivery,pitch.1,774347,0.6987,6.9945,92.7842,-157.5091,164.5258,-4.6752,-0.1817,0.0477
1780080241645,2,Pitching Mound.Drive,,Delivery,pitch.1,775460,0.2118,-0.0634,0.1244,0.005,0.006,0.012,0.0,0.0
1780080241645,2,Pitching Mound.Parent,,Delivery,pitch.1,773603,0.9104,6.9311,92.9086,-157.5041,164.5318,-4.6632,-0.1815,0.0476
1780080241646,2,11.0000004b,Drive,Delivery,pitch.1,775461,0.1909,-0.0573,0.1008,0.0052,0.0077,0.012,0.0,0.0
1780080241646,2,12.00000015,Lower Delivery,Delivery,pitch.1,774973,-2.0471,5.4428,80.5365,-222.2697,146.7632,5.1688,-0.1868,-0.2829
1780080241646,2,12.00000018,Upper Delivery,Delivery,pitch.1,776260,2.7472,1.5304,12.2016,41.3047,17.9095,-11.3827,-0.1504,0.327
1780080241646,2,Pitching Mound.Delivery,,Delivery,pitch.1,774348,0.7001,6.9731,92.738,-157.7311,164.6727,-4.5838,-0.182,0.0479
1780080241646,2,Pitching Mound.Drive,,Delivery,pitch.1,775461,0.1909,-0.0573,0.1008,0.0052,0.0077,0.012,0.0,0.0
1780080241646,2,Pitching Mound.Parent,,Delivery,pitch.1,773604,0.891,6.9159,92.8388,-157.7258,164.6805,-4.5718,-0.1818,0.0479
1780080241647,2,11.0000004b,Drive,Delivery,pitch.1,775462,0.1826,-0.0544,0.0928,0.0063,0.008,0.0118,0.0,0.0
1780080241647,2,12.00000015,Lower Delivery,Delivery,pitch.1,774974,-2.0058,5.4269,80.5001,-222.2809,147.0188,5.3345,-0.1872,-0.283
1780080241647,2,12.00000018,Upper Delivery,Delivery,pitch.1,776261,2.7629,1.5328,12.3281,40.9646,18.1833,-11.4693,-0.1512,0.327
1780080241647,2,Pitching Mound.Delivery,,Delivery,pitch.1,774349,0.7571,6.9597,92.8282,-158.1379,165.202,-4.5135,-0.1824,0.0477
1780080241647,2,Pitching Mound.Drive,,Delivery,pitch.1,775462,0.1826,-0.0544,0.0928,0.0063,0.008,0.0118,0.0,0.0
1780080241647,2,Pitching Mound.Parent,,Delivery,pitch.1,773605,0.9397,6.9052,92.921,-158.1315,165.21,-4.5016,-0.1822,0.0476
1780080241648,2,11.0000004b,Drive,Delivery,pitch.1,775463,0.1886,-0.0538,0.1246,0.0067,0.0057,0.011,0.0,0.0
1780080241648,2,12.00000015,Lower Delivery,Delivery,pitch.1,774975,-1.9858,5.421,80.63,-222.3887,147.623,5.4489,-0.1877,-0.2827
1780080241648,2,12.00000018,Upper Delivery,Delivery,pitch.1,776262,2.7637,1.5221,12.305,40.9156,18.2672,-11.5315,-0.1522,0.327
1780080241648,2,Pitching Mound.Delivery,,Delivery,pitch.1,774350,0.7779,6.9431,92.935,-158.2427,165.8902,-4.4678,-0.183,0.048
1780080241648,2,Pitching Mound.Drive,,Delivery,pitch.1,775463,0.1886,-0.0538,0.1246,0.0067,0.0057,0.011,0.0,0.0
1780080241648,2,Pitching Mound.Parent,,Delivery,pitch.1,773606,0.9665,6.8893,93.0596,-158.236,165.8959,-4.4568,-0.1827,0.0479
1780080241649,2,11.0000004b,Drive,Delivery,pitch.1,775464,0.1825,-0.0524,0.1106,0.0137,0.0096,0.0104,0.0,0.0
1780080241649,2,12.00000015,Lower Delivery,Delivery,pitch.1,774976,-1.938,5.4035,80.5823,-222.4858,148.1306,5.5879,-0.1884,-0.283
1780080241649,2,12.00000018,Upper Delivery,Delivery,pitch.1,776263,2.7644,1.5101,12.285,40.8808,18.092,-11.588,-0.1509,0.327
1780080241649,2,Pitching Mound.Delivery,,Delivery,pitch.1,774351,0.8265,6.9136,92.8673,-158.3839,166.2225,-4.4013,-0.1835,0.0478
1780080241649,2,Pitching Mound.Drive,,Delivery,pitch.1,775464,0.1825,-0.0524,0.1106,0.0137,0.0096,0.0104,0.0,0.0
1780080241649,2,Pitching Mound.Parent,,Delivery,pitch.1,773607,1.0089,6.8612,92.9779,-158.3702,166.2321,-4.3909,-0.1832,0.0477
1780080241650,2,11.0000004b,Drive,Delivery,pitch.1,775465,0.1896,-0.052,0.1476,0.02,0.0121,0.0099,0.0,0.0
1780080241650,2,12.00000015,Lower Delivery,Delivery,pitch.1,774977,-1.9097,5.4075,80.6458,-222.5383,148.4863,5.7066,-0.1887,-0.2828
1780080241650,2,12.00000018,Upper Delivery,Delivery,pitch.1,776264,2.7428,1.5224,12.1779,40.9177,17.9837,-11.6587,-0.1514,0.327
1780080241650,2,Pitching Mound.Delivery,,Delivery,pitch.1,774352,0.8331,6.9298,92.8237,-158.3416,166.47,-4.3703,-0.1838,0.048
1780080241650,2,Pitching Mound.Drive,,Delivery,pitch.1,775465,0.1896,-0.052,0.1476,0.02,0.0121,0.0099,0.0,0.0
1780080241650,2,Pitching Mound.Parent,,Delivery,pitch.1,773608,1.0227,6.8779,92.9712,-158.3215,166.4822,-4.3604,-0.1835,0.0479
1780080241651,2,11.0000004b,Drive,Delivery,pitch.1,775466,0.1752,-0.047,0.1423,0.0164,0.0087,0.0101,0.0,0.0
1780080241651,2,12.00000015,Lower Delivery,Delivery,pitch.1,774978,-1.8524,5.4162,80.6835,-222.5758,148.5894,5.7534,-0.1888,-0.2827
1780080241651,2,12.00000018,Upper Delivery,Delivery,pitch.1,776265,2.7685,1.5443,12.1016,40.9924,17.822,-11.6965,-0.1509,0.327
1780080241651,2,Pitching Mound.Delivery,,Delivery,pitch.1,774353,0.9161,6.9605,92.7851,-158.2656,166.4114,-4.372,-0.1838,0.0481
1780080241651,2,Pitching Mound.Drive,,Delivery,pitch.1,775466,0.1752,-0.047,0.1423,0.0164,0.0087,0.0101,0.0,0.0
1780080241651,2,Pitching Mound.Parent,,Delivery,pitch.1,773609,1.0913,6.9135,92.9274,-158.2493,166.4201,-4.3619,-0.1835,0.048
1780080241652,2,11.0000004b,Drive,Delivery,pitch.1,775467,0.2026,-0.0549,0.1654,0.0124,0.0032,0.0095,0.0,0.0
1780080241652,2,12.00000015,Lower Delivery,Delivery,pitch.1,774979,-1.8276,5.4181,80.5952,-222.9062,148.5611,5.8386,-0.1889,-0.2835
1780080241652,2,12.00000018,Upper Delivery,Delivery,pitch.1,776266,2.7442,1.5663,12.002,40.5236,18.019,-11.731,-0.1539,0.327
1780080241652,2,Pitching Mound.Delivery,,Delivery,pitch.1,774354,0.9167,6.9844,92.5972,-159.0609,166.5801,-4.338,-0.1844,0.0475
1780080241652,2,Pitching Mound.Drive,,Delivery,pitch.1,775467,0.2026,-0.0549,0.1654,0.0124,0.0032,0.0095,0.0,0.0
1780080241652,2,Pitching Mound.Parent,,Delivery,pitch.1,773610,1.1192,6.9295,92.7626,-159.0485,166.5834,-4.3285,-0.1841,0.0474
1780080241653,2,11.0000004b,Drive,Delivery,pitch.1,775468,0.1921,-0.052,0.1484,0.0297,0.0157,0.0075,0.0,0.0
1780080241653,2,12.00000015,Lower Delivery,Delivery,pitch.1,774980,-1.7738,5.4271,80.614,-223.1323,148.8018,5.882,-0.1892,-0.2837
1780080241653,2,12.00000018,Upper Delivery,Delivery,pitch.1,776267,2.7152,1.6037,11.8259,40.3886,18.0543,-11.7143,-0.1565,0.327
1780080241653,2,Pitching Mound.Delivery,,Delivery,pitch.1,774355,0.9414,7.0308,92.4399,-159.3558,166.8561,-4.306,-0.185,0.0474
1780080241653,2,Pitching Mound.Drive,,Delivery,pitch.1,775468,0.1921,-0.052,0.1484,0.0297,0.0157,0.0075,0.0,0.0
1780080241653,2,Pitching Mound.Parent,,Delivery,pitch.1,773611,1.1336,6.9788,92.5883,-159.3261,166.8717,-4.2984,-0.1847,0.0474
1780080241654,2,11.0000004b,Drive,Delivery,pitch.1,775469,0.1793,-0.047,0.1501,0.0175,0.008,0.0073,0.0,0.0
1780080241654,2,12.00000015,Lower Delivery,Delivery,pitch.1,774981,-1.7547,5.4487,80.7106,-223.3159,148.613,5.8942,-0.1887,-0.2836
1780080241654,2,12.00000018,Upper Delivery,Delivery,pitch.1,776268,2.6949,1.6399,11.7107,40.0573,18.1124,-11.7048,-0.1585,0.327
1780080241654,2,Pitching Mound.Delivery,,Delivery,pitch.1,774356,0.9402,7.0886,92.4214,-159.7987,166.7254,-4.2978,-0.1849,0.0476
1780080241654,2,Pitching Mound.Drive,,Delivery,pitch.1,775469,0.1793,-0.047,0.1501,0.0175,0.008,0.0073,0.0,0.0
1780080241654,2,Pitching Mound.Parent,,Delivery,pitch.1,773612,1.1195,7.0416,92.5715,-159.7812,166.7335,-4.2904,-0.1846,0.0475
1780080241655,2,11.0000004b,Drive,Delivery,pitch.1,775470,0.1907,-0.0511,0.1505,0.0264,0.0119,0.0058,0.0,0.0
1780080241655,2,12.00000015,Lower Delivery,Delivery,pitch.1,774982,-1.708,5.4508,80.7667,-223.4209,148.8725,5.8998,-0.1889,-0.2835
1780080241655,2,12.00000018,Upper Delivery,Delivery,pitch.1,776269,2.6778,1.6708,11.6814,40.129,18.0508,-11.6586,-0.1584,0.327
1780080241655,2,Pitching Mound.Delivery,,Delivery,pitch.1,774357,0.9698,7.1216,92.4481,-159.8029,166.9232,-4.2676,-0.1851,0.0477
1780080241655,2,Pitching Mound.Drive,,Delivery,pitch.1,775470,0.1907,-0.0511,0.1505,0.0264,0.0119,0.0058,0.0,0.0
1780080241655,2,Pitching Mound.Parent,,Delivery,pitch.1,773613,1.1605,7.0705,92.5986,-159.7765,166.9352,-4.2619,-0.1848,0.0476
1780080241656,2,11.0000004b,Drive,Delivery,pitch.1,775471,0.1838,-0.049,0.146,0.0117,0.0032,0.008,0.0,0.0
1780080241656,2,12.00000015,Lower Delivery,Delivery,pitch.1,774983,-1.6764,5.4686,80.9768,-223.4315,148.7957,5.8621,-0.1883,-0.2828
1780080241656,2,12.00000018,Upper Delivery,Delivery,pitch.1,776270,2.6646,1.7123,11.6268,40.0568,17.996,-11.6573,-0.1586,0.327
1780080241656,2,Pitching Mound.Delivery,,Delivery,pitch.1,774358,0.9882,7.1809,92.6036,-159.7957,166.7917,-4.3193,-0.1846,0.0484
1780080241656,2,Pitching Mound.Drive,,Delivery,pitch.1,775471,0.1838,-0.049,0.146,0.0117,0.0032,0.008,0.0,0.0
1780080241656,2,Pitching Mound.Parent,,Delivery,pitch.1,773614,1.172,7.1319,92.7496,-159.784,166.7948,-4.3113,-0.1843,0.0483
1780080241657,2,11.0000004b,Drive,Delivery,pitch.1,775472,0.2004,-0.0551,0.1475,0.0062,-0.0003,0.0096,0.0,0.0
1780080241657,2,12.00000015,Lower Delivery,Delivery,pitch.1,774984,-1.6759,5.4839,81.1122,-223.6329,148.6375,5.8363,-0.1878,-0.2826
1780080241657,2,12.00000018,Upper Delivery,Delivery,pitch.1,776271,2.6611,1.7515,11.5991,40.1625,17.9284,-11.636,-0.1584,0.327
1780080241657,2,Pitching Mound.Delivery,,Delivery,pitch.1,774359,0.9852,7.2354,92.7113,-159.8359,166.5659,-4.3251,-0.1841,0.0486
1780080241657,2,Pitching Mound.Drive,,Delivery,pitch.1,775472,0.2004,-0.0551,0.1475,0.0062,-0.0003,0.0096,0.0,0.0
1780080241657,2,Pitching Mound.Parent,,Delivery,pitch.1,773615,1.1856,7.1803,92.8588,-159.8297,166.5656,-4.3155,-0.1839,0.0485
1780080241658,2,11.0000004b,Drive,Delivery,pitch.1,775473,0.2069,-0.0583,0.1395,0.0089,0.0004,0.0101,0.0,0.0
1780080241658,2,12.00000015,Lower Delivery,Delivery,pitch.1,774985,-1.668,5.5189,81.1638,-223.7304,148.6288,5.7733,-0.1877,-0.2825
1780080241658,2,12.00000018,Upper Delivery,Delivery,pitch.1,776272,2.65,1.7693,11.7017,40.5259,17.5302,-11.5871,-0.1535,0.327
1780080241658,2,Pitching Mound.Delivery,,Delivery,pitch.1,774360,0.982,7.2882,92.8656,-159.5874,166.159,-4.3457,-0.1834,0.0486
1780080241658,2,Pitching Mound.Drive,,Delivery,pitch.1,775473,0.2069,-0.0583,0.1395,0.0089,0.0004,0.0101,0.0,0.0
1780080241658,2,Pitching Mound.Parent,,Delivery,pitch.1,773616,1.1889,7.2299,93.005,-159.5785,166.1594,-4.3356,-0.1831,0.0485
1780080241659,2,11.0000004b,Drive,Delivery,pitch.1,775474,0.2095,-0.0602,0.129,0.0123,0.0031,0.01,0.0,0.0
1780080241659,2,11.0000004b,Drive,Delivery,pitch.1,775475,0.2054,-0.0586,0.1258,0.0219,0.0048,0.009,0.0,0.0
1780080241659,2,12.00000015,Lower Delivery,Delivery,pitch.1,774986,-1.6539,5.5643,81.3715,-223.9539,148.7804,5.7103,-0.1874,-0.2821
1780080241659,2,12.00000018,Upper Delivery,Delivery,pitch.1,776273,2.6312,1.7963,11.7796,40.1865,17.7494,-11.575,-0.1544,0.327
1780080241659,2,Pitching Mound.Delivery,,Delivery,pitch.1,774361,0.9773,7.3606,93.1511,-160.1062,166.5299,-4.4078,-0.1832,0.0489
1780080241659,2,Pitching Mound.Drive,,Delivery,pitch.1,775474,0.2095,-0.0602,0.129,0.0123,0.0031,0.01,0.0,0.0
1780080241659,2,Pitching Mound.Drive,,Delivery,pitch.1,775475,0.2054,-0.0586,0.1258,0.0219,0.0048,0.009,0.0,0.0
1780080241659,2,Pitching Mound.Parent,,Delivery,pitch.1,773617,1.1868,7.3004,93.2801,-160.0939,166.533,-4.3978,-0.183,0.0489
1780080241660,2,11.0000004b,Drive,Delivery,pitch.1,775476,0.2054,-0.0616,0.0887,0.0355,0.0121,0.0078,0.0,0.0
1780080241660,2,12.00000015,Lower Delivery,Delivery,pitch.1,774987,-1.6639,5.597,81.4694,-223.9171,148.6979,5.6757,-0.1871,-0.2817
1780080241660,2,12.00000018,Upper Delivery,Delivery,pitch.1,776274,2.6366,1.804,11.8772,40.1755,17.8074,-11.5822,-0.1537,0.327
1780080241660,2,Pitching Mound.Delivery,,Delivery,pitch.1,774362,0.9727,7.4011,93.3466,-160.0802,166.5053,-4.4443,-0.1828,0.0492
1780080241660,2,Pitching Mound.Drive,,Delivery,pitch.1,775476,0.2054,-0.0616,0.0887,0.0355,0.0121,0.0078,0.0,0.0
1780080241660,2,Pitching Mound.Parent,,Delivery,pitch.1,773618,1.1781,7.3424,93.4724,-160.0583,166.5102,-4.4353,-0.1826,0.0492
1780080241661,2,12.00000015,Lower Delivery,Delivery,pitch.1,774988,-1.6954,5.6578,81.6255,-224.1941,149.2606,5.6533,-0.1874,-0.2815
1780080241661,2,12.00000018,Upper Delivery,Delivery,pitch.1,776275,2.6317,1.8134,11.9627,40.2064,17.9051,-11.5982,-0.1534,0.327
1780080241661,2,Pitching Mound.Delivery,,Delivery,pitch.1,774363,0.9363,7.4712,93.5882,-160.3024,167.1657,-4.4737,-0.1831,0.0494
1780080241661,2,Pitching Mound.Parent,,Delivery,pitch.1,773619,1.1417,7.4096,93.6769,-160.2669,167.1778,-4.4658,-0.1829,0.0493
1780080241662,2,11.0000004b,Drive,Delivery,pitch.1,775477,0.1939,-0.0576,0.071,0.0271,0.0153,0.0064,0.0,0.0
1780080241662,2,12.00000015,Lower Delivery,Delivery,pitch.1,774989,-1.7211,5.706,81.9538,-224.4093,149.5361,5.655,-0.187,-0.2807
1780080241662,2,12.00000018,Upper Delivery,Delivery,pitch.1,776276,2.6369,1.8091,12.1341,40.089,17.9221,-11.5941,-0.1514,0.327
1780080241662,2,Pitching Mound.Delivery,,Delivery,pitch.1,774364,0.9158,7.5151,94.0879,-160.5816,167.4581,-4.4574,-0.1824,0.05
1780080241662,2,Pitching Mound.Drive,,Delivery,pitch.1,775477,0.1939,-0.0576,0.071,0.0271,0.0153,0.0064,0.0,0.0
1780080241662,2,Pitching Mound.Parent,,Delivery,pitch.1,773620,1.1098,7.4575,94.1589,-160.5544,167.4735,-4.4511,-0.1823,0.05
1780080241663,2,11.0000004b,Drive,Delivery,pitch.1,775478,0.2049,-0.0577,0.0769,0.0386,0.0148,0.0057,0.0,0.0
1780080241663,2,11.0000004b,Drive,Delivery,pitch.1,775479,0.1917,-0.0577,0.0515,0.0193,0.0131,0.0065,0.0,0.0
1780080241663,2,12.00000015,Lower Delivery,Delivery,pitch.1,774990,-1.7658,5.759,82.0012,-224.8117,149.7936,5.6122,-0.1872,-0.281
1780080241663,2,12.00000018,Upper Delivery,Delivery,pitch.1,776277,2.6779,1.7955,12.2759,40.475,17.9859,-11.6698,-0.1502,0.327
1780080241663,2,Pitching Mound.Delivery,,Delivery,pitch.1,774365,0.912,7.5545,94.2771,-160.6301,167.7795,-4.5467,-0.1824,0.0496
1780080241663,2,Pitching Mound.Drive,,Delivery,pitch.1,775478,0.2049,-0.0577,0.0769,0.0386,0.0148,0.0057,0.0,0.0
1780080241663,2,Pitching Mound.Drive,,Delivery,pitch.1,775479,0.1917,-0.0577,0.0515,0.0193,0.0131,0.0065,0.0,0.0
1780080241663,2,Pitching Mound.Parent,,Delivery,pitch.1,773621,1.117,7.4967,94.354,-160.5914,167.7943,-4.541,-0.1823,0.0496
1780080241664,2,11.0000004b,Drive,Delivery,pitch.1,775480,0.2087,-0.0574,0.1314,0.044,0.0159,0.0074,0.0,0.0
1780080241664,2,12.00000015,Lower Delivery,Delivery,pitch.1,774991,-1.813,5.8249,82.1522,-225.2392,150.3272,5.6421,-0.1876,-0.281
1780080241664,2,12.00000018,Upper Delivery,Delivery,pitch.1,776278,2.6831,1.7821,12.3988,40.6427,18.0182,-11.7021,-0.1489,0.327
1780080241664,2,Pitching Mound.Delivery,,Delivery,pitch.1,774366,0.8701,7.607,94.551,-160.8803,168.3454,-4.5313,-0.1825,0.0495
1780080241664,2,Pitching Mound.Drive,,Delivery,pitch.1,775480,0.2087,-0.0574,0.1314,0.044,0.0159,0.0074,0.0,0.0
1780080241664,2,Pitching Mound.Parent,,Delivery,pitch.1,773622,1.0618,7.5493,94.6026,-160.861,168.3585,-4.5248,-0.1824,0.0495
1780080241665,2,11.0000004b,Drive,Delivery,pitch.1,775481,0.1924,-0.0497,0.1337,0.0309,0.0071,0.0088,0.0,0.0
1780080241665,2,12.00000015,Lower Delivery,Delivery,pitch.1,774992,-1.8249,5.8608,81.9868,-225.2597,150.4158,5.6537,-0.188,-0.2816
1780080241665,2,12.00000018,Upper Delivery,Delivery,pitch.1,776279,2.6858,1.781,12.5676,40.6297,18.0919,-11.7689,-0.1475,0.327
1780080241665,2,Pitching Mound.Delivery,,Delivery,pitch.1,774367,0.8609,7.6418,94.5545,-161.0274,168.5076,-4.5815,-0.1827,0.0489
1780080241665,2,Pitching Mound.Drive,,Delivery,pitch.1,775481,0.1924,-0.0497,0.1337,0.0309,0.0071,0.0088,0.0,0.0
1780080241665,2,Pitching Mound.Parent,,Delivery,pitch.1,773623,1.0696,7.5844,94.6859,-160.9834,168.5235,-4.5742,-0.1824,0.0488
1780080241666,2,12.00000015,Lower Delivery,Delivery,pitch.1,774993,-1.864,5.9017,82.1708,-225.6823,150.581,5.7009,-0.1878,-0.2815
1780080241666,2,12.00000018,Upper Delivery,Delivery,pitch.1,776280,2.7187,1.7662,12.5846,40.7716,18.1855,-11.8725,-0.1481,0.327
1780080241666,2,Pitching Mound.Delivery,,Delivery,pitch.1,774368,0.8546,7.6679,94.7554,-161.2513,168.7665,-4.6135,-0.1826,0.049
1780080241666,2,Pitching Mound.Parent,,Delivery,pitch.1,773624,1.047,7.6183,94.8891,-161.2204,168.7736,-4.6047,-0.1823,0.0489
1780080241667,2,11.0000004b,Drive,Delivery,pitch.1,775482,0.1814,-0.0489,0.1288,0.0341,0.0063,0.0082,0.0,0.0
1780080241667,2,11.0000004b,Drive,Delivery,pitch.1,775483,0.1841,-0.0509,0.1279,0.0277,0.0068,0.0078,0.0,0.0
1780080241667,2,12.00000015,Lower Delivery,Delivery,pitch.1,774994,-1.8754,5.9481,82.1885,-225.9118,150.4855,5.7033,-0.1877,-0.2817
1780080241667,2,12.00000018,Upper Delivery,Delivery,pitch.1,776281,2.735,1.7492,12.5816,40.8675,18.2677,-11.9251,-0.1488,0.327
1780080241667,2,Pitching Mound.Delivery,,Delivery,pitch.1,774369,0.8596,7.6973,94.7701,-161.3781,168.7533,-4.6543,-0.1825,0.0488
1780080241667,2,Pitching Mound.Drive,,Delivery,pitch.1,775482,0.1814,-0.0489,0.1288,0.0341,0.0063,0.0082,0.0,0.0
1780080241667,2,Pitching Mound.Drive,,Delivery,pitch.1,775483,0.1841,-0.0509,0.1279,0.0277,0.0068,0.0078,0.0,0.0
1780080241667,2,Pitching Mound.Parent,,Delivery,pitch.1,773625,1.041,7.6484,94.8989,-161.3439,168.7596,-4.6461,-0.1823,0.0487
1780080241668,2,12.00000015,Lower Delivery,Delivery,pitch.1,774995,-1.8737,5.9864,82.5714,-226.0152,150.736,5.7631,-0.1871,-0.2805
1780080241668,2,12.00000018,Upper Delivery,Delivery,pitch.1,776282,2.7526,1.7418,12.6636,41.0465,18.5201,-12.0113,-0.1499,0.327
1780080241668,2,Pitching Mound.Delivery,,Delivery,pitch.1,774370,0.8789,7.7282,95.235,-161.2,169.2561,-4.6752,-0.1822,0.0498
1780080241668,2,Pitching Mound.Parent,,Delivery,pitch.1,773626,1.063,7.6772,95.3629,-161.1723,169.2628,-4.6674,-0.1819,0.0498
1780080241669,2,11.0000004b,Drive,Delivery,pitch.1,775484,0.1781,-0.0453,0.1422,0.032,0.0016,0.0086,0.0,0.0
1780080241669,2,11.0000004b,Drive,Delivery,pitch.1,775485,0.1623,-0.0438,0.118,0.014,-0.0006,0.0105,0.0,0.0
1780080241669,2,12.00000015,Lower Delivery,Delivery,pitch.1,774996,-1.8647,6.0087,82.6371,-226.3011,150.9057,5.819,-0.1872,-0.2807
1780080241669,2,12.00000018,Upper Delivery,Delivery,pitch.1,776283,2.7784,1.7269,12.6876,41.1095,18.5984,-12.1084,-0.1502,0.327
1780080241669,2,Pitching Mound.Delivery,,Delivery,pitch.1,774371,0.9137,7.7356,95.3247,-161.4088,169.504,-4.7107,-0.1823,0.0497
1780080241669,2,Pitching Mound.Drive,,Delivery,pitch.1,775484,0.1781,-0.0453,0.1422,0.032,0.0016,0.0086,0.0,0.0
1780080241669,2,Pitching Mound.Drive,,Delivery,pitch.1,775485,0.1623,-0.0438,0.118,0.014,-0.0006,0.0105,0.0,0.0
1780080241669,2,Pitching Mound.Parent,,Delivery,pitch.1,773627,1.0918,7.6903,95.4668,-161.3767,169.5057,-4.7022,-0.182,0.0496
1780080241670,2,11.0000004b,Drive,Delivery,pitch.1,775486,0.1861,-0.0486,0.1572,0.0125,-0.0011,0.0106,0.0,0.0
1780080241670,2,12.00000015,Lower Delivery,Delivery,pitch.1,774997,-1.8464,5.9928,82.5817,-226.2512,151.0546,5.8823,-0.1875,-0.2808
1780080241670,2,12.00000018,Upper Delivery,Delivery,pitch.1,776284,2.7835,1.7153,12.619,41.8035,18.6258,-12.2163,-0.1513,0.327
1780080241670,2,Pitching Mound.Delivery,,Delivery,pitch.1,774372,0.9371,7.7081,95.2007,-160.6604,169.6804,-4.7599,-0.1827,0.0496
1780080241670,2,Pitching Mound.Drive,,Delivery,pitch.1,775486,0.1861,-0.0486,0.1572,0.0125,-0.0011,0.0106,0.0,0.0
1780080241670,2,Pitching Mound.Parent,,Delivery,pitch.1,773628,1.0994,7.6643,95.3187,-160.6465,169.6798,-4.7494,-0.1825,0.0496
1780080241671,2,11.0000004b,Drive,Delivery,pitch.1,775487,0.1585,-0.0415,0.1291,0.0098,-0.0036,0.0114,0.0,0.0
1780080241671,2,12.00000015,Lower Delivery,Delivery,pitch.1,774998,-1.812,6.017,82.7264,-226.5621,151.2842,5.9066,-0.1874,-0.2807
1780080241671,2,12.00000015,Lower Delivery,Delivery,pitch.1,774999,-1.7839,6.0173,82.8158,-226.9116,151.5401,5.9008,-0.1876,-0.2808
1780080241671,2,12.00000018,Upper Delivery,Delivery,pitch.1,776285,2.8047,1.7164,12.635,41.8157,18.627,-12.2838,-0.1511,0.327
1780080241671,2,Pitching Mound.Delivery,,Delivery,pitch.1,774373,0.9926,7.7335,95.3614,-160.9154,169.9113,-4.8076,-0.1826,0.0497
1780080241671,2,Pitching Mound.Drive,,Delivery,pitch.1,775487,0.1585,-0.0415,0.1291,0.0098,-0.0036,0.0114,0.0,0.0
1780080241671,2,Pitching Mound.Parent,,Delivery,pitch.1,773629,1.1788,7.6848,95.5186,-160.9029,169.9102,-4.797,-0.1823,0.0496
1780080241672,2,11.0000004b,Drive,Delivery,pitch.1,775488,0.1631,-0.0463,0.0978,0.0098,-0.0044,0.0125,0.0,0.0
1780080241672,2,12.00000018,Upper Delivery,Delivery,pitch.1,776286,2.8082,1.7241,12.6648,41.7551,18.7562,-12.3266,-0.1518,0.327
1780080241672,2,Pitching Mound.Delivery,,Delivery,pitch.1,774374,1.0244,7.7414,95.4806,-161.3051,170.2963,-4.8645,-0.1828,0.0496
1780080241672,2,Pitching Mound.Drive,,Delivery,pitch.1,775488,0.1631,-0.0463,0.0978,0.0098,-0.0044,0.0125,0.0,0.0
1780080241672,2,Pitching Mound.Parent,,Delivery,pitch.1,773630,1.1829,7.6998,95.6097,-161.2953,170.2927,-4.8531,-0.1826,0.0495
1780080241673,2,11.0000004b,Drive,Delivery,pitch.1,775489,0.1619,-0.0451,0.1112,0.0074,-0.0004,0.0124,0.0,0.0
1780080241673,2,12.00000015,Lower Delivery,Delivery,pitch.1,775000,-1.7537,6.0226,82.7102,-227.3616,151.5811,5.9272,-0.1878,-0.2817
1780080241673,2,12.00000018,Upper Delivery,Delivery,pitch.1,776287,2.812,1.7524,12.7113,41.8048,18.7442,-12.3961,-0.1511,0.327
1780080241673,2,Pitching Mound.Delivery,,Delivery,pitch.1,774375,1.0583,7.775,95.4215,-161.7572,170.3253,-4.9166,-0.183,0.0488
1780080241673,2,Pitching Mound.Drive,,Delivery,pitch.1,775489,0.1619,-0.0451,0.1112,0.0074,-0.0004,0.0124,0.0,0.0
1780080241673,2,Pitching Mound.Parent,,Delivery,pitch.1,773631,1.2214,7.7287,95.5193,-161.7474,170.3209,-4.9041,-0.1828,0.0487
1780080241674,2,11.0000004b,Drive,Delivery,pitch.1,775490,0.1439,-0.0412,0.0667,0.0114,0.0008,0.012,0.0,0.0
1780080241674,2,12.00000015,Lower Delivery,Delivery,pitch.1,775001,-1.7067,6.031,82.7489,-227.7253,151.9512,5.9459,-0.1882,-0.2821
1780080241674,2,12.00000018,Upper Delivery,Delivery,pitch.1,776288,2.8378,1.7672,12.8238,41.8275,18.7927,-12.4504,-0.1502,0.327
1780080241674,2,Pitching Mound.Delivery,,Delivery,pitch.1,774376,1.1311,7.7982,95.5728,-162.1232,170.7439,-4.9593,-0.1831,0.0484
1780080241674,2,Pitching Mound.Drive,,Delivery,pitch.1,775490,0.1439,-0.0412,0.0667,0.0114,0.0008,0.012,0.0,0.0
1780080241674,2,Pitching Mound.Parent,,Delivery,pitch.1,773632,1.293,7.7531,95.684,-162.1158,170.7435,-4.9469,-0.1829,0.0484
1780080241675,2,11.0000004b,Drive,Delivery,pitch.1,775491,0.1385,-0.0399,0.0495,0.0119,0.0024,0.0108,0.0,0.0
1780080241675,2,12.00000015,Lower Delivery,Delivery,pitch.1,775002,-1.6701,6.0158,82.7399,-227.8996,151.9337,5.9394,-0.1882,-0.2823
1780080241675,2,12.00000018,Upper Delivery,Delivery,pitch.1,776289,2.8501,1.8021,12.9425,41.7182,18.8351,-12.4218,-0.1492,0.327
1780080241675,2,Pitching Mound.Delivery,,Delivery,pitch.1,774377,1.1801,7.818,95.6823,-162.4503,170.7689,-4.9455,-0.1829,0.0481
1780080241675,2,Pitching Mound.Drive,,Delivery,pitch.1,775491,0.1385,-0.0399,0.0495,0.0119,0.0024,0.0108,0.0,0.0
1780080241675,2,Pitching Mound.Parent,,Delivery,pitch.1,773633,1.324,7.7768,95.749,-162.4389,170.7697,-4.9335,-0.1828,0.0481
1780080241676,2,11.0000004b,Drive,Delivery,pitch.1,775492,0.1611,-0.0477,0.0576,0.0141,0.005,0.0108,0.0,0.0
1780080241676,2,12.00000015,Lower Delivery,Delivery,pitch.1,775003,-1.6227,6.0112,82.8679,-228.2966,152.2617,5.9091,-0.1883,-0.2824
1780080241676,2,12.00000018,Upper Delivery,Delivery,pitch.1,776290,2.8853,1.8502,13.0324,41.8073,18.9387,-12.4183,-0.1489,0.327
1780080241676,2,Pitching Mound.Delivery,,Delivery,pitch.1,774378,1.2626,7.8613,95.9004,-162.7453,171.2004,-4.9765,-0.183,0.048
1780080241676,2,Pitching Mound.Drive,,Delivery,pitch.1,775492,0.1611,-0.0477,0.0576,0.0141,0.005,0.0108,0.0,0.0
1780080241676,2,Pitching Mound.Parent,,Delivery,pitch.1,773634,1.4011,7.8214,95.9499,-162.7333,171.2028,-4.9656,-0.1829,0.048
1780080241677,2,11.0000004b,Drive,Delivery,pitch.1,775493,0.181,-0.0551,0.053,0.0221,0.0116,0.0097,0.0,0.0
1780080241677,2,12.00000015,Lower Delivery,Delivery,pitch.1,775004,-1.5878,6.031,82.881,-228.4873,152.5461,5.8717,-0.1886,-0.2826
1780080241677,2,12.00000018,Upper Delivery,Delivery,pitch.1,776291,2.8547,1.8787,13.0279,41.7403,19.1981,-12.4062,-0.151,0.327
1780080241677,2,Pitching Mound.Delivery,,Delivery,pitch.1,774379,1.2669,7.9097,95.9089,-162.9969,171.7442,-5.0241,-0.1835,0.0479
1780080241677,2,Pitching Mound.Drive,,Delivery,pitch.1,775493,0.181,-0.0551,0.053,0.0221,0.0116,0.0097,0.0,0.0
1780080241677,2,Pitching Mound.Parent,,Delivery,pitch.1,773635,1.428,7.862,95.9664,-162.9828,171.7492,-5.0133,-0.1834,0.0478
1780080241678,2,11.0000004b,Drive,Delivery,pitch.1,775494,0.183,-0.0555,0.0648,0.0211,0.0136,0.0094,0.0,0.0
1780080241678,2,12.00000015,Lower Delivery,Delivery,pitch.1,775006,-1.5043,6.0403,82.8486,-228.8446,152.9918,5.7364,-0.1893,-0.2831
1780080241678,2,12.00000015,Lower Delivery,Delivery,pitch.1,775005,-1.5357,6.0227,82.8539,-228.6106,152.9325,5.805,-0.1892,-0.2828
1780080241678,2,12.00000018,Upper Delivery,Delivery,pitch.1,776292,2.8341,1.9331,13.0663,41.8658,19.2787,-12.4168,-0.1512,0.327
1780080241678,2,Pitching Mound.Delivery,,Delivery,pitch.1,774380,1.2984,7.9559,95.9203,-163.017,172.2112,-5.126,-0.184,0.0476
1780080241678,2,Pitching Mound.Drive,,Delivery,pitch.1,775494,0.183,-0.0555,0.0648,0.0211,0.0136,0.0094,0.0,0.0
1780080241678,2,Pitching Mound.Parent,,Delivery,pitch.1,773636,1.4794,7.9007,95.9732,-162.9949,172.2228,-5.1164,-0.1839,0.0476
1780080241679,2,12.00000018,Upper Delivery,Delivery,pitch.1,776293,2.8391,1.978,13.1862,41.7661,19.2657,-12.4169,-0.1498,0.3246
1780080241679,2,Pitching Mound.Delivery,,Delivery,pitch.1,774381,1.3349,8.0183,96.0348,-163.3932,172.2575,-5.2037,-0.1838,0.047
1780080241679,2,Pitching Mound.Parent,,Delivery,pitch.1,773637,1.5178,7.9629,96.0996,-163.3721,172.2712,-5.1943,-0.1837,0.0469
1780080241680,2,11.0000004b,Drive,Delivery,pitch.1,775495,0.1843,-0.0549,0.0876,0.0411,0.0077,0.0069,0.0,0.0
1780080241680,2,12.00000015,Lower Delivery,Delivery,pitch.1,775007,-1.5007,6.0837,83.1155,-228.9689,153.2755,5.6608,-0.189,-0.2824
1780080241680,2,12.00000015,Lower Delivery,Delivery,pitch.1,775008,-1.482,6.1267,83.403,-228.9485,153.5623,5.5417,-0.1887,-0.2814
1780080241680,2,12.00000018,Upper Delivery,Delivery,pitch.1,776294,2.8415,2.0255,13.356,41.9361,19.3762,-12.3955,-0.1487,0.3218
1780080241680,2,Pitching Mound.Delivery,,Delivery,pitch.1,774382,1.3408,8.1091,96.4716,-163.3145,172.6517,-5.2584,-0.1834,0.0471
1780080241680,2,Pitching Mound.Drive,,Delivery,pitch.1,775495,0.1843,-0.0549,0.0876,0.0411,0.0077,0.0069,0.0,0.0
1780080241680,2,Pitching Mound.Parent,,Delivery,pitch.1,773638,1.5252,8.0542,96.5592,-163.2734,172.6594,-5.2515,-0.1833,0.0471
1780080241681,2,11.0000004b,Drive,Delivery,pitch.1,775496,0.1933,-0.0575,0.0987,0.0474,-0.0408,0.0055,0.0,0.0
1780080241681,2,12.00000015,Lower Delivery,Delivery,pitch.1,775009,-1.4873,6.186,83.511,-228.931,153.74,5.4816,-0.1887,-0.281
1780080241681,2,12.00000018,Upper Delivery,Delivery,pitch.1,776295,2.7664,2.0645,13.2236,41.679,19.3158,-12.3817,-0.1497,0.323
1780080241681,2,Pitching Mound.Delivery,,Delivery,pitch.1,774383,1.2845,8.1911,96.6266,-163.4084,172.8781,-5.3956,-0.1834,0.0483
1780080241681,2,Pitching Mound.Drive,,Delivery,pitch.1,775496,0.1933,-0.0575,0.0987,0.0474,-0.0408,0.0055,0.0,0.0
1780080241681,2,Pitching Mound.Parent,,Delivery,pitch.1,773639,1.4777,8.1337,96.7254,-163.3611,172.8372,-5.3901,-0.1832,0.0482
1780080241682,2,11.0000004b,Drive,Delivery,pitch.1,775497,0.1737,-0.0515,0.0779,0.035,0.0142,0.0065,0.0,0.0
1780080241682,2,12.00000015,Lower Delivery,Delivery,pitch.1,775010,-1.504,6.2248,83.6619,-228.971,153.668,5.3847,-0.1883,-0.2805
1780080241682,2,12.00000018,Upper Delivery,Delivery,pitch.1,776296,2.7404,2.0922,13.2987,41.8051,19.2163,-12.3713,-0.1481,0.3222
1780080241682,2,Pitching Mound.Delivery,,Delivery,pitch.1,774384,1.2531,8.2782,96.8097,-163.2537,172.9563,-5.4522,-0.1831,0.0485
1780080241682,2,Pitching Mound.Drive,,Delivery,pitch.1,775497,0.1737,-0.0515,0.0779,0.035,0.0142,0.0065,0.0,0.0
1780080241682,2,Pitching Mound.Parent,,Delivery,pitch.1,773640,1.4269,8.2268,96.8876,-163.2187,172.9705,-5.4458,-0.183,0.0484
1780080241683,2,11.0000004b,Drive,Delivery,pitch.1,775498,0.197,-0.0583,0.1082,0.0351,-0.0625,0.0045,0.0,0.0
1780080241683,2,11.0000004b,Drive,Delivery,pitch.1,775499,0.187,-0.0548,0.1065,0.0392,-0.0387,0.0056,0.0,0.0
1780080241683,2,12.00000018,Upper Delivery,Delivery,pitch.1,776297,2.7269,2.1089,13.3251,41.9309,19.1334,-12.3849,-0.1472,0.3225
1780080241683,2,Pitching Mound.Delivery,,Delivery,pitch.1,774385,1.2229,8.3337,96.9871,-163.1256,172.8014,-5.5617,-0.1826,0.0489
1780080241683,2,Pitching Mound.Drive,,Delivery,pitch.1,775498,0.197,-0.0583,0.1082,0.0351,-0.0625,0.0045,0.0,0.0
1780080241683,2,Pitching Mound.Drive,,Delivery,pitch.1,775499,0.187,-0.0548,0.1065,0.0392,-0.0387,0.0056,0.0,0.0
1780080241683,2,Pitching Mound.Parent,,Delivery,pitch.1,773641,1.42,8.2754,97.0953,-163.0904,172.7389,-5.5572,-0.1824,0.0489
1780080241684,2,12.00000015,Lower Delivery,Delivery,pitch.1,775011,-1.517,6.2738,83.7913,-229.0427,154.043,5.3032,-0.1884,-0.2802
1780080241684,2,12.00000015,Lower Delivery,Delivery,pitch.1,775012,-1.5295,6.3203,83.9323,-229.3879,154.4923,5.1894,-0.1887,-0.2801
1780080241684,2,12.00000018,Upper Delivery,Delivery,pitch.1,776298,2.6827,2.1284,13.38,42.1291,19.1437,-12.3717,-0.1466,0.3227
1780080241684,2,Pitching Mound.Delivery,,Delivery,pitch.1,774386,1.1657,8.4022,97.1713,-162.9737,173.1868,-5.6406,-0.1827,0.0492
1780080241684,2,Pitching Mound.Parent,,Delivery,pitch.1,773642,1.3527,8.3474,97.2778,-162.9346,173.1481,-5.635,-0.1825,0.0492
1780080241685,2,11.0000004b,Drive,Delivery,pitch.1,775500,0.2147,-0.0611,0.1526,0.0602,-0.1805,0.0034,0.0,0.0
1780080241685,2,12.00000018,Upper Delivery,Delivery,pitch.1,776299,2.6718,2.1262,13.3608,42.1804,19.1337,-12.3806,-0.1468,0.3236
1780080241685,2,Pitching Mound.Delivery,,Delivery,pitch.1,774387,1.1423,8.4464,97.2932,-163.2132,173.626,-5.7628,-0.1829,0.0494
1780080241685,2,Pitching Mound.Drive,,Delivery,pitch.1,775500,0.2147,-0.0611,0.1526,0.0602,-0.1805,0.0034,0.0,0.0
1780080241685,2,Pitching Mound.Parent,,Delivery,pitch.1,773643,1.357,8.3854,97.4457,-163.1529,173.4456,-5.7594,-0.1826,0.0493
1780080241686,2,11.0000004b,Drive,Delivery,pitch.1,775501,0.2244,-0.0632,0.1722,0.0515,-0.1747,0.0035,0.0,0.0
1780080241686,2,12.00000015,Lower Delivery,Delivery,pitch.1,775013,-1.5747,6.387,83.9845,-229.7562,154.7496,5.0996,-0.1889,-0.2804
1780080241686,2,12.00000018,Upper Delivery,Delivery,pitch.1,776300,2.6576,2.1327,13.3845,42.3958,19.0268,-12.4479,-0.1457,0.3247
1780080241686,2,Pitching Mound.Delivery,,Delivery,pitch.1,774388,1.0829,8.5198,97.369,-163.3564,173.7764,-5.9093,-0.1829,0.0493
1780080241686,2,Pitching Mound.Drive,,Delivery,pitch.1,775501,0.2244,-0.0632,0.1722,0.0515,-0.1747,0.0035,0.0,0.0
1780080241686,2,Pitching Mound.Parent,,Delivery,pitch.1,773644,1.3074,8.4566,97.5412,-163.3049,173.6017,-5.9057,-0.1826,0.0492
1780080241687,2,11.0000004b,Drive,Delivery,pitch.1,775502,0.2463,-0.0692,0.1949,0.0524,-0.1538,0.0037,0.0,0.0
1780080241687,2,12.00000015,Lower Delivery,Delivery,pitch.1,775014,-1.6193,6.4519,84.0435,-230.0599,155.0832,5.0245,-0.1891,-0.2806
1780080241687,2,12.00000018,Upper Delivery,Delivery,pitch.1,776301,2.6478,2.1288,13.4957,42.5385,19.0347,-12.4992,-0.1446,0.3231
1780080241687,2,Pitching Mound.Delivery,,Delivery,pitch.1,774389,1.0285,8.5807,97.5392,-163.5352,174.118,-6.0239,-0.183,0.0489
1780080241687,2,Pitching Mound.Drive,,Delivery,pitch.1,775502,0.2463,-0.0692,0.1949,0.0524,-0.1538,0.0037,0.0,0.0
1780080241687,2,Pitching Mound.Parent,,Delivery,pitch.1,773645,1.2748,8.5115,97.7341,-163.4827,173.9641,-6.0202,-0.1826,0.0488
1780080241688,2,11.0000004b,Drive,Delivery,pitch.1,775503,0.2404,-0.0659,0.2055,0.0307,-0.0191,0.0052,0.0,0.0
1780080241688,2,11.0000004b,Drive,Delivery,pitch.1,775504,0.225,-0.0603,0.2032,0.0148,0.0025,0.0067,0.0,0.0
1780080241688,2,12.00000015,Lower Delivery,Delivery,pitch.1,775015,-1.6467,6.4743,84.1259,-230.152,155.2592,4.9435,-0.1892,-0.2804
1780080241688,2,12.00000018,Upper Delivery,Delivery,pitch.1,776302,2.6121,2.1347,13.6237,43.0298,19.0024,-12.5627,-0.143,0.3237
1780080241688,2,Pitching Mound.Delivery,,Delivery,pitch.1,774390,0.9655,8.6091,97.7495,-163.1514,174.2616,-6.1712,-0.1827,0.049
1780080241688,2,Pitching Mound.Drive,,Delivery,pitch.1,775503,0.2404,-0.0659,0.2055,0.0307,-0.0191,0.0052,0.0,0.0
1780080241688,2,Pitching Mound.Drive,,Delivery,pitch.1,775504,0.225,-0.0603,0.2032,0.0148,0.0025,0.0067,0.0,0.0
1780080241688,2,Pitching Mound.Parent,,Delivery,pitch.1,773646,1.2059,8.5431,97.955,-163.1208,174.2425,-6.1659,-0.1823,0.0489
1780080241689,2,12.00000015,Lower Delivery,Delivery,pitch.1,775016,-1.7019,6.5177,84.2407,-230.6576,155.8069,4.8252,-0.1896,-0.2806
1780080241689,2,12.00000018,Upper Delivery,Delivery,pitch.1,776303,2.6189,2.1379,13.7941,43.2967,18.9218,-12.6056,-0.1406,0.3217
1780080241689,2,Pitching Mound.Delivery,,Delivery,pitch.1,774391,0.917,8.6556,98.0348,-163.4091,174.7287,-6.3113,-0.1827,0.0484
1780080241689,2,Pitching Mound.Parent,,Delivery,pitch.1,773647,1.142,8.5953,98.238,-163.3943,174.7313,-6.3046,-0.1823,0.0483
1780080241690,2,11.0000004b,Drive,Delivery,pitch.1,775505,0.2446,-0.065,0.2322,0.0098,-0.0005,0.0079,0.0,0.0
1780080241690,2,12.00000015,Lower Delivery,Delivery,pitch.1,775017,-1.723,6.5416,84.3497,-231.0393,156.2514,4.7771,-0.1899,-0.2807
1780080241690,2,12.00000018,Upper Delivery,Delivery,pitch.1,776304,2.646,2.1361,13.851,43.2426,19.2424,-12.6884,-0.1424,0.32
1780080241690,2,Pitching Mound.Delivery,,Delivery,pitch.1,774392,0.923,8.6776,98.2007,-163.8271,175.4938,-6.4259,-0.1832,0.0481
1780080241690,2,Pitching Mound.Drive,,Delivery,pitch.1,775505,0.2446,-0.065,0.2322,0.0098,-0.0005,0.0079,0.0,0.0
1780080241690,2,Pitching Mound.Parent,,Delivery,pitch.1,773648,1.1676,8.6126,98.4329,-163.8173,175.4934,-6.418,-0.1827,0.048
1780080241691,2,11.0000004b,Drive,Delivery,pitch.1,775506,0.2406,-0.0651,0.2178,0.0065,-0.0053,0.0087,0.0,0.0
1780080241691,2,12.00000015,Lower Delivery,Delivery,pitch.1,775018,-1.7384,6.551,84.4659,-231.2698,156.4632,4.7428,-0.1899,-0.2806
1780080241691,2,12.00000018,Upper Delivery,Delivery,pitch.1,776305,2.6581,2.1562,14.0947,43.6517,19.3506,-12.7574,-0.1407,0.3174
1780080241691,2,Pitching Mound.Delivery,,Delivery,pitch.1,774393,0.9196,8.7071,98.5606,-163.6918,175.8138,-6.5198,-0.1828,0.0476
1780080241691,2,Pitching Mound.Drive,,Delivery,pitch.1,775506,0.2406,-0.0651,0.2178,0.0065,-0.0053,0.0087,0.0,0.0
1780080241691,2,Pitching Mound.Parent,,Delivery,pitch.1,773649,1.1602,8.642,98.7784,-163.6853,175.8086,-6.5111,-0.1824,0.0475
1780080241692,2,11.0000004b,Drive,Delivery,pitch.1,775507,0.233,-0.0633,0.2076,0.0058,-0.0035,0.0096,0.0,0.0
1780080241692,2,12.00000015,Lower Delivery,Delivery,pitch.1,775019,-1.769,6.5662,84.7059,-231.5172,156.7155,4.7283,-0.1896,-0.2801
1780080241692,2,12.00000018,Upper Delivery,Delivery,pitch.1,776306,2.6566,2.1568,14.1615,43.5377,19.8987,-12.8309,-0.144,0.3151
1780080241692,2,Pitching Mound.Delivery,,Delivery,pitch.1,774394,0.8876,8.723,98.8674,-163.9944,176.6142,-6.5979,-0.1831,0.0477
1780080241692,2,Pitching Mound.Drive,,Delivery,pitch.1,775507,0.233,-0.0633,0.2076,0.0058,-0.0035,0.0096,0.0,0.0
1780080241692,2,Pitching Mound.Parent,,Delivery,pitch.1,773650,1.1206,8.6597,99.075,-163.9887,176.6108,-6.5883,-0.1827,0.0476
1780080241693,2,11.0000004b,Drive,Delivery,pitch.1,775508,0.2289,-0.0625,0.1994,0.0046,-0.0052,0.0096,0.0,0.0
1780080241693,2,12.00000015,Lower Delivery,Delivery,pitch.1,775020,-1.7621,6.5672,84.7025,-231.7464,156.8717,4.6709,-0.1898,-0.2804
1780080241693,2,12.00000018,Upper Delivery,Delivery,pitch.1,776307,2.6624,2.16,14.2922,43.6847,19.9663,-12.8837,-0.1432,0.3133
1780080241693,2,Pitching Mound.Delivery,,Delivery,pitch.1,774395,0.9003,8.7272,98.9947,-164.1221,176.838,-6.7085,-0.1831,0.0471
1780080241693,2,Pitching Mound.Drive,,Delivery,pitch.1,775508,0.2289,-0.0625,0.1994,0.0046,-0.0052,0.0096,0.0,0.0
1780080241693,2,Pitching Mound.Parent,,Delivery,pitch.1,773651,1.1292,8.6648,99.1942,-164.1175,176.8329,-6.6989,-0.1827,0.047
1780080241694,2,11.0000004b,Drive,Delivery,pitch.1,775509,0.2266,-0.0608,0.2031,0.0048,-0.0061,0.0085,0.0,0.0
1780080241694,2,12.00000015,Lower Delivery,Delivery,pitch.1,775022,-1.7766,6.5969,85.0049,-232.5072,157.7103,4.5262,-0.1902,-0.2803
1780080241694,2,12.00000015,Lower Delivery,Delivery,pitch.1,775021,-1.7766,6.5894,84.7944,-232.1841,157.3537,4.6011,-0.1902,-0.2807
1780080241694,2,12.00000018,Upper Delivery,Delivery,pitch.1,776308,2.7024,2.171,14.4933,43.9868,20.011,-12.9234,-0.1415,0.3111
1780080241694,2,Pitching Mound.Delivery,,Delivery,pitch.1,774396,0.9257,8.7603,99.2877,-164.2949,177.3647,-6.7994,-0.1831,0.0465
1780080241694,2,Pitching Mound.Drive,,Delivery,pitch.1,775509,0.2266,-0.0608,0.2031,0.0048,-0.0061,0.0085,0.0,0.0
1780080241694,2,Pitching Mound.Parent,,Delivery,pitch.1,773652,1.1523,8.6996,99.4909,-164.2901,177.3586,-6.7909,-0.1827,0.0464
1780080241695,2,11.0000004b,Drive,Delivery,pitch.1,775510,0.2196,-0.0609,0.1728,0.0048,-0.0035,0.0087,0.0,0.0
1780080241695,2,12.00000015,Lower Delivery,Delivery,pitch.1,775023,-1.7527,6.6102,85.1325,-232.8013,157.9529,4.4776,-0.1902,-0.2803
1780080241695,2,12.00000018,Upper Delivery,Delivery,pitch.1,776309,2.7213,2.1556,14.436,43.9268,20.1784,-12.9813,-0.1433,0.3119
1780080241695,2,Pitching Mound.Delivery,,Delivery,pitch.1,774397,0.9448,8.7525,99.4409,-164.5869,177.8887,-6.9258,-0.1834,0.0469
1780080241695,2,Pitching Mound.Drive,,Delivery,pitch.1,775510,0.2196,-0.0609,0.1728,0.0048,-0.0035,0.0087,0.0,0.0
1780080241695,2,Pitching Mound.Parent,,Delivery,pitch.1,773653,1.1644,8.6916,99.6137,-164.5821,177.8853,-6.9171,-0.183,0.0468
1780080241696,2,11.0000004b,Drive,Delivery,pitch.1,775511,0.2204,-0.0636,0.1462,0.0097,0.0032,0.0085,0.0,0.0
1780080241696,2,12.00000015,Lower Delivery,Delivery,pitch.1,775024,-1.7318,6.6024,85.3308,-232.911,158.2529,4.4651,-0.1901,-0.2798
1780080241696,2,12.00000018,Upper Delivery,Delivery,pitch.1,776310,2.7298,2.1876,14.6462,44.2231,20.2951,-13.0448,-0.142,0.3095
1780080241696,2,Pitching Mound.Delivery,,Delivery,pitch.1,774398,0.9772,8.7977,99.7787,-164.6128,178.248,-7.0431,-0.1831,0.0465
1780080241696,2,Pitching Mound.Drive,,Delivery,pitch.1,775511,0.2204,-0.0636,0.1462,0.0097,0.0032,0.0085,0.0,0.0
1780080241696,2,Pitching Mound.Parent,,Delivery,pitch.1,773654,1.1976,8.7341,99.925,-164.6032,178.2512,-7.0346,-0.1828,0.0464
1780080241697,2,11.0000004b,Drive,Delivery,pitch.1,775512,0.2469,-0.0704,0.183,0.0107,0.0064,0.0086,0.0,0.0
1780080241697,2,12.00000015,Lower Delivery,Delivery,pitch.1,775025,-1.7271,6.6273,85.548,-233.251,158.4566,4.4524,-0.1898,-0.2795
1780080241697,2,12.00000018,Upper Delivery,Delivery,pitch.1,776311,2.732,2.2009,14.7168,44.5924,20.1971,-13.0396,-0.1407,0.3106
1780080241697,2,Pitching Mound.Delivery,,Delivery,pitch.1,774399,1.0001,8.8033,100.0476,-164.3099,178.4499,-7.0568,-0.1828,0.047
1780080241697,2,Pitching Mound.Drive,,Delivery,pitch.1,775512,0.2469,-0.0704,0.183,0.0107,0.0064,0.0086,0.0,0.0
1780080241697,2,Pitching Mound.Parent,,Delivery,pitch.1,773655,1.2471,8.7329,100.2305,-164.2991,178.4563,-7.0482,-0.1825,0.047
1780080241698,2,11.0000004b,Drive,Delivery,pitch.1,775513,0.236,-0.0688,0.1538,0.0221,0.0133,0.0074,0.0,0.0
1780080241698,2,12.00000015,Lower Delivery,Delivery,pitch.1,775026,-1.7241,6.6669,85.6675,-233.5818,158.6049,4.3984,-0.1898,-0.2795
1780080241698,2,12.00000018,Upper Delivery,Delivery,pitch.1,776312,2.7225,2.2103,14.6096,44.6796,20.4371,-13.071,-0.1434,0.3135
1780080241698,2,Pitching Mound.Delivery,,Delivery,pitch.1,774400,0.9955,8.8376,100.1576,-164.4523,178.8938,-7.1058,-0.1831,0.0478
1780080241698,2,Pitching Mound.Drive,,Delivery,pitch.1,775513,0.236,-0.0688,0.1538,0.0221,0.0133,0.0074,0.0,0.0
1780080241698,2,Pitching Mound.Parent,,Delivery,pitch.1,773656,1.2314,8.7688,100.3114,-164.4302,178.9071,-7.0984,-0.1828,0.0478
1780080241699,2,11.0000004b,Drive,Delivery,pitch.1,775514,0.2271,-0.0667,0.1361,0.0229,0.0155,0.0065,0.0,0.0
1780080241699,2,11.0000004b,Drive,Delivery,pitch.1,775515,0.2408,-0.0696,0.1611,0.0375,-0.0123,0.0056,0.0,0.0
1780080241699,2,12.00000015,Lower Delivery,Delivery,pitch.1,775027,-1.7007,6.6805,85.6923,-233.4022,158.6526,4.345,-0.1898,-0.2792
1780080241699,2,12.00000018,Upper Delivery,Delivery,pitch.1,776313,2.7291,2.2382,14.6791,44.568,20.4783,-13.0594,-0.143,0.3112
1780080241699,2,Pitching Mound.Delivery,,Delivery,pitch.1,774401,1.005,8.9052,100.3466,-164.8778,179.0832,-7.1469,-0.1829,0.0475
1780080241699,2,Pitching Mound.Drive,,Delivery,pitch.1,775514,0.2271,-0.0667,0.1361,0.0229,0.0155,0.0065,0.0,0.0
1780080241699,2,Pitching Mound.Drive,,Delivery,pitch.1,775515,0.2408,-0.0696,0.1611,0.0375,-0.0123,0.0056,0.0,0.0
1780080241699,2,Pitching Mound.Parent,,Delivery,pitch.1,773657,1.2322,8.8385,100.4827,-164.8549,179.0987,-7.1404,-0.1827,0.0474
1780080241700,2,11.0000004b,Drive,Delivery,pitch.1,775516,0.2385,-0.0709,0.1391,0.044,-0.0264,0.0057,0.0,0.0
1780080241700,2,12.00000015,Lower Delivery,Delivery,pitch.1,775028,-1.6721,6.6868,85.7924,-233.3762,158.6766,4.2384,-0.1896,-0.2788
1780080241700,2,12.00000018,Upper Delivery,Delivery,pitch.1,776314,2.7108,2.2586,14.6403,44.8049,20.2336,-13.0473,-0.1417,0.3137
1780080241700,2,Pitching Mound.Delivery,,Delivery,pitch.1,774402,1.0101,8.9391,100.3326,-164.4396,178.8862,-7.2024,-0.1827,0.0481
1780080241700,2,Pitching Mound.Drive,,Delivery,pitch.1,775516,0.2385,-0.0709,0.1391,0.044,-0.0264,0.0057,0.0,0.0
1780080241700,2,Pitching Mound.Parent,,Delivery,pitch.1,773658,1.2509,8.8695,100.4937,-164.4021,178.8739,-7.1968,-0.1824,0.048
1780080241701,2,11.0000004b,Drive,Delivery,pitch.1,775517,0.238,-0.0677,0.1699,0.0331,0.0148,0.0053,0.0,0.0
1780080241701,2,12.00000015,Lower Delivery,Delivery,pitch.1,775029,-1.6555,6.6914,85.6819,-233.4836,158.6493,4.2194,-0.1898,-0.2793
1780080241701,2,12.00000018,Upper Delivery,Delivery,pitch.1,776315,2.7125,2.2877,14.6444,45.0065,20.3326,-13.0382,-0.1423,0.315
1780080241701,2,Pitching Mound.Delivery,,Delivery,pitch.1,774403,1.0404,8.9745,100.4368,-164.1794,179.0092,-7.309,-0.1827,0.0486
1780080241701,2,Pitching Mound.Drive,,Delivery,pitch.1,775517,0.238,-0.0677,0.1699,0.0331,0.0148,0.0053,0.0,0.0
1780080241701,2,Pitching Mound.Parent,,Delivery,pitch.1,773659,1.2789,8.9036,100.5759,-164.1354,178.9828,-7.3034,-0.1824,0.0486
1780080241702,2,11.0000004b,Drive,Delivery,pitch.1,775518,0.2473,-0.0702,0.179,0.0648,-0.1383,0.0027,0.0,0.0
1780080241702,2,12.00000015,Lower Delivery,Delivery,pitch.1,775030,-1.6396,6.7129,85.7276,-233.8072,158.8889,4.1588,-0.19,-0.2795
1780080241702,2,12.00000018,Upper Delivery,Delivery,pitch.1,776316,2.6879,2.3253,14.6332,44.9263,20.3647,-13.0717,-0.1426,0.3147
1780080241702,2,Pitching Mound.Delivery,,Delivery,pitch.1,774404,1.0324,9.0167,100.3151,-164.4007,179.014,-7.3756,-0.1829,0.0482
1780080241702,2,Pitching Mound.Drive,,Delivery,pitch.1,775518,0.2473,-0.0702,0.179,0.0648,-0.1383,0.0027,0.0,0.0
1780080241702,2,Pitching Mound.Parent,,Delivery,pitch.1,773660,1.2704,8.949,100.485,-164.3676,179.0288,-7.3702,-0.1826,0.0481
1780080241703,2,11.0000004b,Drive,Delivery,pitch.1,775519,0.2465,-0.0712,0.1713,0.0514,-0.0849,0.0048,0.0,0.0
1780080241703,2,12.00000015,Lower Delivery,Delivery,pitch.1,775031,-1.6322,6.7417,85.8038,-234.0122,159.0486,4.1043,-0.19,-0.2795
1780080241703,2,12.00000018,Upper Delivery,Delivery,pitch.1,776317,2.6819,2.3434,14.6786,45.4575,19.8673,-13.0889,-0.1387,0.3174
1780080241703,2,Pitching Mound.Delivery,,Delivery,pitch.1,774405,1.0424,9.0564,100.4062,-164.193,178.7562,-7.4608,-0.1825,0.0483
1780080241703,2,Pitching Mound.Drive,,Delivery,pitch.1,775519,0.2465,-0.0712,0.1713,0.0514,-0.0849,0.0048,0.0,0.0
1780080241703,2,Pitching Mound.Parent,,Delivery,pitch.1,773661,1.2896,8.9862,100.5852,-164.1283,178.6179,-7.4581,-0.1822,0.0482
1780080241704,2,11.0000004b,Drive,Delivery,pitch.1,775520,0.2533,-0.0717,0.1924,0.0424,-0.0829,0.0052,0.0,0.0
1780080241704,2,12.00000015,Lower Delivery,Delivery,pitch.1,775032,-1.6218,6.734,85.729,-233.8803,158.9572,4.0562,-0.19,-0.2796
1780080241704,2,12.00000018,Upper Delivery,Delivery,pitch.1,776318,2.6471,2.3913,14.7252,45.1199,20.0954,-13.0761,-0.1399,0.3141
1780080241704,2,Pitching Mound.Delivery,,Delivery,pitch.1,774406,1.015,9.133,100.529,-164.7256,179.144,-7.5168,-0.1826,0.0478
1780080241704,2,Pitching Mound.Drive,,Delivery,pitch.1,775520,0.2533,-0.0717,0.1924,0.0424,-0.0829,0.0052,0.0,0.0
1780080241704,2,Pitching Mound.Parent,,Delivery,pitch.1,773662,1.2615,9.0618,100.7003,-164.6742,179.0591,-7.512,-0.1823,0.0477
1780080241705,2,11.0000004b,Drive,Delivery,pitch.1,775521,0.2305,-0.0644,0.1787,0.0217,0.01,0.0062,0.0,0.0
1780080241705,2,12.00000015,Lower Delivery,Delivery,pitch.1,775033,-1.6169,6.7649,85.735,-234.5451,159.2789,4.0237,-0.1904,-0.2804
1780080241705,2,12.00000018,Upper Delivery,Delivery,pitch.1,776319,2.6573,2.4251,14.8121,44.8038,20.3879,-13.0602,-0.1411,0.31
1780080241705,2,Pitching Mound.Delivery,,Delivery,pitch.1,774407,1.0356,9.1591,100.5411,-164.9647,179.3451,-7.5491,-0.1828,0.0471
1780080241705,2,Pitching Mound.Drive,,Delivery,pitch.1,775521,0.2305,-0.0644,0.1787,0.0217,0.01,0.0062,0.0,0.0
1780080241705,2,Pitching Mound.Parent,,Delivery,pitch.1,773663,1.2888,9.0874,100.7334,-164.9223,179.2621,-7.5439,-0.1825,0.047
1780080241706,2,11.0000004b,Drive,Delivery,pitch.1,775522,0.2306,-0.0642,0.1816,0.0073,0.0027,0.0082,0.0,0.0
1780080241706,2,12.00000015,Lower Delivery,Delivery,pitch.1,775034,-1.6433,6.7951,85.7168,-235.1242,159.4817,3.965,-0.1907,-0.2811
1780080241706,2,12.00000018,Upper Delivery,Delivery,pitch.1,776320,2.6467,2.4434,14.8877,44.9309,20.5653,-13.0823,-0.1416,0.3093
1780080241706,2,Pitching Mound.Delivery,,Delivery,pitch.1,774408,1.0297,9.2082,100.6227,-165.5261,179.8442,-7.609,-0.1832,0.0462
1780080241706,2,Pitching Mound.Drive,,Delivery,pitch.1,775522,0.2306,-0.0642,0.1816,0.0073,0.0027,0.0082,0.0,0.0
1780080241706,2,Pitching Mound.Parent,,Delivery,pitch.1,773664,1.2602,9.1438,100.8014,-165.5044,179.8542,-7.6028,-0.1829,0.0462
1780080241707,2,11.0000004b,Drive,Delivery,pitch.1,775523,0.2195,-0.0607,0.1713,0.0064,0.0027,0.0091,0.0,0.0
1780080241707,2,12.00000015,Lower Delivery,Delivery,pitch.1,775035,-1.662,6.8341,85.8114,-235.6066,159.7283,3.8798,-0.1908,-0.2814
1780080241707,2,12.00000018,Upper Delivery,Delivery,pitch.1,776321,2.6347,2.4592,14.8594,44.6821,20.6359,-13.0875,-0.1423,0.3082
1780080241707,2,Pitching Mound.Delivery,,Delivery,pitch.1,774409,0.9914,9.2543,100.5762,-166.3505,180.1176,-7.668,-0.1836,0.0455
1780080241707,2,Pitching Mound.Drive,,Delivery,pitch.1,775523,0.2195,-0.0607,0.1713,0.0064,0.0027,0.0091,0.0,0.0
1780080241707,2,Pitching Mound.Parent,,Delivery,pitch.1,773665,1.222,9.1901,100.7578,-166.3433,180.1204,-7.6598,-0.1832,0.0454
1780080241708,2,11.0000004b,Drive,Delivery,pitch.1,775524,0.1931,-0.0536,0.142,0.0053,-0.0002,0.0086,0.0,0.0
1780080241708,2,12.00000015,Lower Delivery,Delivery,pitch.1,775036,-1.6716,6.8678,85.7562,-236.1541,159.963,3.7978,-0.1912,-0.2822
1780080241708,2,12.00000018,Upper Delivery,Delivery,pitch.1,776322,2.6277,2.4726,14.7966,44.4449,20.7879,-13.0857,-0.144,0.3079
1780080241708,2,Pitching Mound.Delivery,,Delivery,pitch.1,774410,0.9657,9.3067,100.608,-167.0167,180.5161,-7.7474,-0.1839,0.0452
1780080241708,2,Pitching Mound.Drive,,Delivery,pitch.1,775524,0.1931,-0.0536,0.142,0.0053,-0.0002,0.0086,0.0,0.0
1780080241708,2,Pitching Mound.Parent,,Delivery,pitch.1,773666,1.1852,9.246,100.7793,-167.0103,180.5189,-7.7383,-0.1836,0.0452
1780080241709,2,11.0000004b,Drive,Delivery,pitch.1,775525,0.1759,-0.0469,0.1439,0.0051,-0.0023,0.0086,0.0,0.0
1780080241709,2,12.00000015,Lower Delivery,Delivery,pitch.1,775037,-1.6949,6.9036,85.9256,-236.5773,160.249,3.7452,-0.1912,-0.2822
1780080241709,2,12.00000018,Upper Delivery,Delivery,pitch.1,776323,2.6043,2.4887,14.8671,44.6057,20.6725,-13.0976,-0.1425,0.3075
1780080241709,2,Pitching Mound.Delivery,,Delivery,pitch.1,774411,0.9327,9.3566,100.6233,-167.4461,180.6355,-7.846,-0.184,0.0444
1780080241709,2,Pitching Mound.Drive,,Delivery,pitch.1,775525,0.1759,-0.0469,0.1439,0.0051,-0.0023,0.0086,0.0,0.0
1780080241709,2,Pitching Mound.Parent,,Delivery,pitch.1,773667,1.1258,9.303,100.7652,-167.4408,180.6353,-7.8375,-0.1837,0.0444
1780080241710,2,11.0000004b,Drive,Delivery,pitch.1,775526,0.1856,-0.0493,0.1565,0.0051,-0.0044,0.0084,0.0,0.0
1780080241710,2,12.00000015,Lower Delivery,Delivery,pitch.1,775038,-1.7269,6.9539,86.0093,-236.7174,160.1398,3.7229,-0.1908,-0.2821
1780080241710,2,12.00000018,Upper Delivery,Delivery,pitch.1,776324,2.588,2.5017,14.9378,44.674,20.749,-13.12,-0.1424,0.3065
1780080241710,2,Pitching Mound.Delivery,,Delivery,pitch.1,774412,0.8931,9.4053,100.8634,-167.7674,180.9981,-7.9186,-0.1839,0.0443
1780080241710,2,Pitching Mound.Drive,,Delivery,pitch.1,775526,0.1856,-0.0493,0.1565,0.0051,-0.0044,0.0084,0.0,0.0
1780080241710,2,Pitching Mound.Parent,,Delivery,pitch.1,773668,1.0691,9.3584,101.0073,-167.7623,180.9958,-7.91,-0.1837,0.0442
1780080241711,2,11.0000004b,Drive,Delivery,pitch.1,775527,0.1986,-0.0531,0.1663,0.0043,-0.0051,0.0086,0.0,0.0
1780080241711,2,12.00000015,Lower Delivery,Delivery,pitch.1,775039,-1.7486,7.009,86.2374,-237.1431,160.5136,3.6664,-0.1908,-0.2818
1780080241711,2,12.00000018,Upper Delivery,Delivery,pitch.1,776325,2.5875,2.5012,14.9966,44.899,20.6454,-13.1815,-0.1411,0.3069
1780080241711,2,Pitching Mound.Delivery,,Delivery,pitch.1,774413,0.8605,9.4551,101.0059,-167.6742,180.7852,-7.9917,-0.1835,0.0444
1780080241711,2,Pitching Mound.Drive,,Delivery,pitch.1,775527,0.1986,-0.0531,0.1663,0.0043,-0.0051,0.0086,0.0,0.0
1780080241711,2,Pitching Mound.Parent,,Delivery,pitch.1,773669,1.0461,9.4059,101.1624,-167.6691,180.7808,-7.9833,-0.1832,0.0443
1780080241712,2,11.0000004b,Drive,Delivery,pitch.1,775528,0.2039,-0.0552,0.1688,0.0044,-0.0042,0.009,0.0,0.0
1780080241712,2,12.00000015,Lower Delivery,Delivery,pitch.1,775040,-1.7938,7.0476,86.2653,-237.3638,160.741,3.6096,-0.191,-0.282
1780080241712,2,12.00000018,Upper Delivery,Delivery,pitch.1,776326,2.5877,2.4917,14.9845,45.0284,20.485,-13.1947,-0.1401,0.308
1780080241712,2,Pitching Mound.Delivery,,Delivery,pitch.1,774414,0.8391,9.5007,101.2218,-167.8887,180.9986,-8.054,-0.1833,0.0448
1780080241712,2,Pitching Mound.Drive,,Delivery,pitch.1,775528,0.2039,-0.0552,0.1688,0.0044,-0.0042,0.009,0.0,0.0
1780080241712,2,Pitching Mound.Parent,,Delivery,pitch.1,773670,1.0377,9.4477,101.3881,-167.8844,180.9936,-8.0453,-0.183,0.0447
1780080241713,2,11.0000004b,Drive,Delivery,pitch.1,775529,0.2124,-0.058,0.1806,0.005,-0.0058,0.0085,0.0,0.0
1780080241713,2,12.00000015,Lower Delivery,Delivery,pitch.1,775041,-1.8077,7.0826,86.2426,-237.305,160.6705,3.5361,-0.1909,-0.282
1780080241713,2,12.00000018,Upper Delivery,Delivery,pitch.1,776327,2.6065,2.4854,15.0677,45.3113,20.552,-13.1717,-0.1398,0.3082
1780080241713,2,Pitching Mound.Delivery,,Delivery,pitch.1,774415,0.8127,9.533,101.333,-167.8453,181.293,-8.066,-0.1834,0.0446
1780080241713,2,Pitching Mound.Drive,,Delivery,pitch.1,775529,0.2124,-0.058,0.1806,0.005,-0.0058,0.0085,0.0,0.0
1780080241713,2,Pitching Mound.Parent,,Delivery,pitch.1,773671,1.0166,9.4779,101.5018,-167.841,181.2888,-8.057,-0.1831,0.0446
1780080241714,2,11.0000004b,Drive,Delivery,pitch.1,775530,0.1954,-0.0538,0.1592,0.0044,-0.0048,0.0084,0.0,0.0
1780080241714,2,12.00000015,Lower Delivery,Delivery,pitch.1,775042,-1.8251,7.1203,86.4008,-237.2752,160.6795,3.4478,-0.1906,-0.2815
1780080241714,2,12.00000018,Upper Delivery,Delivery,pitch.1,776328,2.6071,2.4761,15.002,45.3887,20.595,-13.1861,-0.1407,0.3101
1780080241714,2,Pitching Mound.Delivery,,Delivery,pitch.1,774416,0.7994,9.5588,101.2446,-167.6945,181.2654,-8.149,-0.1835,0.045
1780080241714,2,Pitching Mound.Drive,,Delivery,pitch.1,775530,0.1954,-0.0538,0.1592,0.0044,-0.0048,0.0084,0.0,0.0
1780080241714,2,Pitching Mound.Parent,,Delivery,pitch.1,773672,1.0118,9.5008,101.4251,-167.6895,181.2596,-8.1405,-0.1832,0.0449
1780080241715,2,11.0000004b,Drive,Delivery,pitch.1,775531,0.2168,-0.06,0.18,0.0048,-0.0053,0.0089,0.0,0.0
1780080241715,2,12.00000015,Lower Delivery,Delivery,pitch.1,775043,-1.8611,7.1598,86.4731,-237.2435,160.7722,3.3991,-0.1906,-0.2812
1780080241715,2,12.00000018,Upper Delivery,Delivery,pitch.1,776329,2.6065,2.4595,14.9857,45.4733,20.5575,-13.2202,-0.1406,0.311
1780080241715,2,Pitching Mound.Delivery,,Delivery,pitch.1,774417,0.7814,9.5798,101.3865,-167.5208,181.237,-8.2657,-0.1832,0.0456
1780080241715,2,Pitching Mound.Drive,,Delivery,pitch.1,775531,0.2168,-0.06,0.18,0.0048,-0.0053,0.0089,0.0,0.0
1780080241715,2,Pitching Mound.Parent,,Delivery,pitch.1,773673,0.9768,9.526,101.5457,-167.5165,181.2322,-8.2573,-0.1829,0.0455
1780080241716,2,11.0000004b,Drive,Delivery,pitch.1,775532,0.2224,-0.061,0.1937,0.0067,-0.0061,0.0086,0.0,0.0
1780080241716,2,12.00000015,Lower Delivery,Delivery,pitch.1,775044,-1.875,7.1585,86.5048,-237.0757,160.8734,3.3446,-0.1906,-0.2809
1780080241716,2,12.00000018,Upper Delivery,Delivery,pitch.1,776330,2.5929,2.4597,14.9338,45.4785,20.6822,-13.2169,-0.1419,0.3121
1780080241716,2,Pitching Mound.Delivery,,Delivery,pitch.1,774418,0.7318,9.6195,101.4069,-167.4416,181.4544,-8.3034,-0.1834,0.046
1780080241716,2,Pitching Mound.Drive,,Delivery,pitch.1,775532,0.2224,-0.061,0.1937,0.0067,-0.0061,0.0086,0.0,0.0
1780080241716,2,Pitching Mound.Parent,,Delivery,pitch.1,773674,0.9486,9.5595,101.5869,-167.4369,181.4491,-8.2945,-0.1831,0.046
1780080241717,2,11.0000004b,Drive,Delivery,pitch.1,775533,0.1913,-0.052,0.1598,0.0098,-0.0014,0.0087,0.0,0.0
1780080241717,2,12.00000015,Lower Delivery,Delivery,pitch.1,775045,-1.87,7.1745,86.549,-236.9051,160.8798,3.2744,-0.1905,-0.2806
1780080241717,2,12.00000018,Upper Delivery,Delivery,pitch.1,776331,2.5797,2.4817,14.9615,45.3663,20.8712,-13.2683,-0.143,0.3108
1780080241717,2,Pitching Mound.Delivery,,Delivery,pitch.1,774419,0.7047,9.6402,101.4663,-167.3847,181.7446,-8.4091,-0.1836,0.0461
1780080241717,2,Pitching Mound.Drive,,Delivery,pitch.1,775533,0.1913,-0.052,0.1598,0.0098,-0.0014,0.0087,0.0,0.0
1780080241717,2,Pitching Mound.Parent,,Delivery,pitch.1,773675,0.9271,9.5792,101.66,-167.378,181.7385,-8.4004,-0.1832,0.046
1780080241718,2,11.0000004b,Drive,Delivery,pitch.1,775534,0.214,-0.0585,0.1824,0.022,0.0041,0.0077,0.0,0.0
1780080241718,2,12.00000015,Lower Delivery,Delivery,pitch.1,775046,-1.8827,7.1741,86.4228,-237.179,161.1374,3.1863,-0.1911,-0.2813
1780080241718,2,12.00000018,Upper Delivery,Delivery,pitch.1,776332,2.6045,2.4802,14.9762,45.4586,20.9743,-13.2539,-0.1435,0.3111
1780080241718,2,Pitching Mound.Delivery,,Delivery,pitch.1,774420,0.7345,9.6547,101.5252,-167.1117,181.8541,-8.4581,-0.1836,0.0464
1780080241718,2,Pitching Mound.Drive,,Delivery,pitch.1,775534,0.214,-0.0585,0.1824,0.022,0.0041,0.0077,0.0,0.0
1780080241718,2,Pitching Mound.Parent,,Delivery,pitch.1,773676,0.9259,9.6026,101.685,-167.102,181.8527,-8.4494,-0.1833,0.0463
1780080241719,2,11.0000004b,Drive,Delivery,pitch.1,775535,0.1988,-0.0538,0.1673,0.02,0.0058,0.0075,0.0,0.0
1780080241719,2,12.00000015,Lower Delivery,Delivery,pitch.1,775047,-1.9031,7.173,86.3666,-237.382,161.4129,3.1051,-0.1916,-0.2817
1780080241719,2,12.00000018,Upper Delivery,Delivery,pitch.1,776333,2.6163,2.4894,15.0523,45.3353,21.1109,-13.25,-0.1437,0.3087
1780080241719,2,Pitching Mound.Delivery,,Delivery,pitch.1,774421,0.7336,9.6635,101.4752,-167.5777,182.2483,-8.534,-0.1841,0.0454
1780080241719,2,Pitching Mound.Drive,,Delivery,pitch.1,775535,0.1988,-0.0538,0.1673,0.02,0.0058,0.0075,0.0,0.0
1780080241719,2,Pitching Mound.Parent,,Delivery,pitch.1,773677,0.9476,9.6049,101.6576,-167.5557,182.2523,-8.5263,-0.1837,0.0453
1780080241720,2,11.0000004b,Drive,Delivery,pitch.1,775536,0.188,-0.0502,0.1603,0.0249,0.0107,0.0075,0.0,0.0
1780080241720,2,12.00000015,Lower Delivery,Delivery,pitch.1,775048,-1.8935,7.1714,86.2809,-237.8066,161.3965,3.056,-0.1917,-0.2825
1780080241720,2,12.00000018,Upper Delivery,Delivery,pitch.1,776334,2.627,2.4819,15.0402,45.267,21.2308,-13.2903,-0.1447,0.3085
1780080241720,2,Pitching Mound.Delivery,,Delivery,pitch.1,774422,0.7239,9.6548,101.4068,-167.864,182.6437,-8.645,-0.1846,0.045
1780080241720,2,Pitching Mound.Drive,,Delivery,pitch.1,775536,0.188,-0.0502,0.1603,0.0249,0.0107,0.0075,0.0,0.0
1780080241720,2,Pitching Mound.Parent,,Delivery,pitch.1,773678,0.9227,9.601,101.5741,-167.844,182.6495,-8.6375,-0.1843,0.0449
1780080241721,2,11.0000004b,Drive,Delivery,pitch.1,775537,0.2034,-0.0574,0.1451,0.0423,-0.0483,0.0066,0.0,0.0
1780080241721,2,12.00000015,Lower Delivery,Delivery,pitch.1,775049,-1.9003,7.1855,86.3012,-238.3448,161.9357,2.9323,-0.1923,-0.2831
1780080241721,2,12.00000018,Upper Delivery,Delivery,pitch.1,776335,2.6207,2.5,15.0231,45.3263,21.3802,-13.3034,-0.1459,0.3092
1780080241721,2,Pitching Mound.Delivery,,Delivery,pitch.1,774423,0.7272,9.6714,101.304,-168.2526,182.7767,-8.7126,-0.1849,0.0444
1780080241721,2,Pitching Mound.Drive,,Delivery,pitch.1,775537,0.2034,-0.0574,0.1451,0.0423,-0.0483,0.0066,0.0,0.0
1780080241721,2,Pitching Mound.Parent,,Delivery,pitch.1,773679,0.9152,9.6213,101.4643,-168.2277,182.7874,-8.7051,-0.1846,0.0443
1780080241722,2,11.0000004b,Drive,Delivery,pitch.1,775538,0.182,-0.0505,0.1368,0.0206,0.0087,0.0087,0.0,0.0
1780080241722,2,12.00000015,Lower Delivery,Delivery,pitch.1,775050,-1.915,7.2219,86.3312,-238.3244,161.9094,2.8945,-0.1922,-0.2829
1780080241722,2,12.00000018,Upper Delivery,Delivery,pitch.1,776336,2.6456,2.5124,15.126,45.2567,21.5101,-13.3153,-0.1458,0.3067
1780080241722,2,Pitching Mound.Delivery,,Delivery,pitch.1,774424,0.7453,9.6978,101.4272,-168.8886,183.4458,-8.8374,-0.1854,0.0435
1780080241722,2,Pitching Mound.Drive,,Delivery,pitch.1,775538,0.182,-0.0505,0.1368,0.0206,0.0087,0.0087,0.0,0.0
1780080241722,2,Pitching Mound.Parent,,Delivery,pitch.1,773680,0.9486,9.6404,101.5723,-168.8462,183.3975,-8.8309,-0.1851,0.0434
1780080241723,2,11.0000004b,Drive,Delivery,pitch.1,775539,0.19,-0.0512,0.1614,0.0197,0.0112,0.0102,0.0,0.0
1780080241723,2,12.00000015,Lower Delivery,Delivery,pitch.1,775051,-1.8834,7.2307,86.3502,-238.767,162.3154,2.8046,-0.1927,-0.2834
1780080241723,2,12.00000018,Upper Delivery,Delivery,pitch.1,776337,2.6299,2.5307,15.1304,45.0754,21.4906,-13.3216,-0.1456,0.3053
1780080241723,2,Pitching Mound.Delivery,,Delivery,pitch.1,774425,0.7148,9.7527,101.4617,-169.0407,183.4,-8.8818,-0.1853,0.0434
1780080241723,2,Pitching Mound.Drive,,Delivery,pitch.1,775539,0.19,-0.0512,0.1614,0.0197,0.0112,0.0102,0.0,0.0
1780080241723,2,Pitching Mound.Parent,,Delivery,pitch.1,773681,0.8969,9.7022,101.5985,-169.0201,183.4086,-8.8731,-0.185,0.0433
1780080241724,2,11.0000004b,Drive,Delivery,pitch.1,775540,0.1793,-0.0474,0.1511,0.0261,0.0165,0.01,0.0,0.0
1780080241724,2,12.00000015,Lower Delivery,Delivery,pitch.1,775052,-1.8616,7.2417,86.4328,-239.0361,162.5972,2.7054,-0.1928,-0.2835
1780080241724,2,12.00000018,Upper Delivery,Delivery,pitch.1,776338,2.6256,2.5353,15.1296,45.2098,21.4768,-13.3415,-0.1455,0.3063
1780080241724,2,Pitching Mound.Delivery,,Delivery,pitch.1,774426,0.7422,9.766,101.4798,-169.3421,183.7922,-9.0038,-0.1856,0.0431
1780080241724,2,Pitching Mound.Drive,,Delivery,pitch.1,775540,0.1793,-0.0474,0.1511,0.0261,0.0165,0.01,0.0,0.0
1780080241724,2,Pitching Mound.Parent,,Delivery,pitch.1,773682,0.9322,9.7148,101.6412,-169.3224,183.8035,-8.9936,-0.1853,0.0431
1780080241725,2,11.0000004b,Drive,Delivery,pitch.1,775541,0.1814,-0.0474,0.1597,0.0186,0.0108,0.0103,0.0,0.0
1780080241725,2,12.00000015,Lower Delivery,Delivery,pitch.1,775053,-1.8448,7.2694,86.4825,-238.7954,162.6337,2.709,-0.1927,-0.283
1780080241725,2,12.00000018,Upper Delivery,Delivery,pitch.1,776339,2.6185,2.5812,15.2787,45.1376,21.6903,-13.3911,-0.1455,0.3028
1780080241725,2,Pitching Mound.Delivery,,Delivery,pitch.1,774427,0.7569,9.8229,101.7115,-169.706,184.2875,-9.1625,-0.1857,0.0425
1780080241725,2,Pitching Mound.Drive,,Delivery,pitch.1,775541,0.1814,-0.0474,0.1597,0.0186,0.0108,0.0103,0.0,0.0
1780080241725,2,Pitching Mound.Parent,,Delivery,pitch.1,773683,0.9362,9.7755,101.8626,-169.6799,184.304,-9.1526,-0.1854,0.0424
1780080241726,2,11.0000004b,Drive,Delivery,pitch.1,775542,0.1733,-0.0413,0.1666,0.0184,0.011,0.0103,0.0,0.0
1780080241726,2,12.00000015,Lower Delivery,Delivery,pitch.1,775054,-1.8152,7.2831,86.4523,-238.6489,162.5899,2.6537,-0.1928,-0.2829
1780080241726,2,12.00000018,Upper Delivery,Delivery,pitch.1,776340,2.6288,2.607,15.3363,45.4201,21.8997,-13.401,-0.1464,0.3036
1780080241726,2,Pitching Mound.Delivery,,Delivery,pitch.1,774428,0.7841,9.8764,101.8188,-169.1856,184.5334,-9.171,-0.1858,0.0429
1780080241726,2,Pitching Mound.Drive,,Delivery,pitch.1,775542,0.1733,-0.0413,0.1666,0.0184,0.011,0.0103,0.0,0.0
1780080241726,2,Pitching Mound.Parent,,Delivery,pitch.1,773684,0.9655,9.829,101.9785,-169.167,184.5442,-9.1607,-0.1855,0.0428
1780080241727,2,11.0000004b,Drive,Delivery,pitch.1,775543,0.1872,-0.0476,0.1745,0.0135,0.0072,0.0117,0.0,0.0
1780080241727,2,12.00000015,Lower Delivery,Delivery,pitch.1,775055,-1.7919,7.3042,86.5017,-238.191,162.3501,2.591,-0.1924,-0.2822
1780080241727,2,12.00000018,Upper Delivery,Delivery,pitch.1,776341,2.6307,2.6483,15.3819,45.4503,21.8869,-13.45,-0.1458,0.3029
1780080241727,2,Pitching Mound.Delivery,,Delivery,pitch.1,774429,0.8154,9.9314,101.8342,-169.0346,184.4769,-9.2846,-0.1857,0.0428
1780080241727,2,Pitching Mound.Drive,,Delivery,pitch.1,775543,0.1872,-0.0476,0.1745,0.0135,0.0072,0.0117,0.0,0.0
1780080241727,2,Pitching Mound.Parent,,Delivery,pitch.1,773685,0.9888,9.8901,102.0008,-169.0162,184.4879,-9.2743,-0.1854,0.0428
1780080241728,2,11.0000004b,Drive,Delivery,pitch.1,775544,0.1747,-0.0451,0.1527,0.0059,0.0009,0.0122,0.0,0.0
1780080241728,2,12.00000015,Lower Delivery,Delivery,pitch.1,775056,-1.7784,7.3314,86.6246,-238.0545,162.4452,2.5448,-0.1922,-0.2817
1780080241728,2,12.00000018,Upper Delivery,Delivery,pitch.1,776342,2.6093,2.6661,15.3754,45.3127,21.7568,-13.4271,-0.145,0.3021
1780080241728,2,Pitching Mound.Delivery,,Delivery,pitch.1,774430,0.8174,9.9704,101.8771,-168.6953,184.1069,-9.3396,-0.1852,0.0433
1780080241728,2,Pitching Mound.Drive,,Delivery,pitch.1,775544,0.1747,-0.0451,0.1527,0.0059,0.0009,0.0122,0.0,0.0
1780080241728,2,Pitching Mound.Parent,,Delivery,pitch.1,773686,1.0046,9.9228,102.0516,-168.6818,184.1141,-9.3279,-0.1849,0.0433
1780080241729,2,11.0000004b,Drive,Delivery,pitch.1,775545,0.1537,-0.0409,0.1082,0.0031,-0.0007,0.012,0.0,0.0
1780080241729,2,12.00000015,Lower Delivery,Delivery,pitch.1,775057,-1.7776,7.3642,86.7271,-237.9556,162.4847,2.524,-0.192,-0.2812
1780080241729,2,12.00000018,Upper Delivery,Delivery,pitch.1,776343,2.6094,2.679,15.3747,45.3331,21.7719,-13.4997,-0.1451,0.3022
1780080241729,2,Pitching Mound.Delivery,,Delivery,pitch.1,774431,0.831,10.0104,101.9993,-168.4965,184.2171,-9.4631,-0.1851,0.0438
1780080241729,2,Pitching Mound.Drive,,Delivery,pitch.1,775545,0.1537,-0.0409,0.1082,0.0031,-0.0007,0.012,0.0,0.0
1780080241729,2,Pitching Mound.Parent,,Delivery,pitch.1,773687,1.0057,9.9653,102.152,-168.4906,184.2179,-9.4509,-0.1848,0.0438
1780080241730,2,11.0000004b,Drive,Delivery,pitch.1,775546,0.1578,-0.0431,0.1147,0.0037,0.0024,0.0127,0.0,0.0
1780080241730,2,12.00000015,Lower Delivery,Delivery,pitch.1,775058,-1.7555,7.3888,86.7132,-238.1359,162.6974,2.442,-0.1923,-0.2815
1780080241730,2,12.00000018,Upper Delivery,Delivery,pitch.1,776344,2.5925,2.6975,15.3264,45.3907,21.9871,-13.4838,-0.147,0.3035
1780080241730,2,Pitching Mound.Delivery,,Delivery,pitch.1,774432,0.815,10.0617,102.0535,-168.2886,184.4718,-9.474,-0.1853,0.0445
1780080241730,2,Pitching Mound.Drive,,Delivery,pitch.1,775546,0.1578,-0.0431,0.1147,0.0037,0.0024,0.0127,0.0,0.0
1780080241730,2,Pitching Mound.Parent,,Delivery,pitch.1,773688,0.9686,10.0209,102.1616,-168.2856,184.471,-9.462,-0.1851,0.0444
1780080241731,2,11.0000004b,Drive,Delivery,pitch.1,775547,0.1623,-0.0442,0.1246,0.0032,0.0005,0.0118,0.0,0.0
1780080241731,2,12.00000015,Lower Delivery,Delivery,pitch.1,775059,-1.7612,7.4124,86.7937,-238.1802,162.8706,2.3659,-0.1923,-0.2813
1780080241731,2,12.00000018,Upper Delivery,Delivery,pitch.1,776345,2.5892,2.7129,15.3676,45.4044,21.9585,-13.52,-0.1465,0.3028
1780080241731,2,Pitching Mound.Delivery,,Delivery,pitch.1,774433,0.8337,10.1017,102.0808,-168.474,184.6559,-9.6007,-0.1854,0.0441
1780080241731,2,Pitching Mound.Drive,,Delivery,pitch.1,775547,0.1623,-0.0442,0.1246,0.0032,0.0005,0.0118,0.0,0.0
1780080241731,2,Pitching Mound.Parent,,Delivery,pitch.1,773689,0.9915,10.0586,102.1956,-168.4703,184.6582,-9.5881,-0.1852,0.0441
1780080241732,2,11.0000004b,Drive,Delivery,pitch.1,775548,0.1504,-0.0399,0.1243,0.0031,0.0009,0.0115,0.0,0.0
1780080241732,2,12.00000015,Lower Delivery,Delivery,pitch.1,775060,-1.7468,7.4314,86.6758,-237.9849,162.5248,2.2898,-0.1922,-0.2814
1780080241732,2,12.00000018,Upper Delivery,Delivery,pitch.1,776346,2.5846,2.7189,15.3456,45.3615,21.9806,-13.5125,-0.1468,0.303
1780080241732,2,Pitching Mound.Delivery,,Delivery,pitch.1,774434,0.8233,10.1313,102.1393,-168.5264,184.8512,-9.669,-0.1855,0.0443
1780080241732,2,Pitching Mound.Drive,,Delivery,pitch.1,775548,0.1504,-0.0399,0.1243,0.0031,0.0009,0.0115,0.0,0.0
1780080241732,2,Pitching Mound.Parent,,Delivery,pitch.1,773690,0.9856,10.0871,102.2639,-168.5231,184.8517,-9.6572,-0.1853,0.0443
1780080241733,2,11.0000004b,Drive,Delivery,pitch.1,775549,0.143,-0.0408,0.0772,0.0033,0.0026,0.0109,0.0,0.0
1780080241733,2,12.00000015,Lower Delivery,Delivery,pitch.1,775061,-1.7218,7.4537,86.5822,-238.1091,162.7313,2.2484,-0.1926,-0.2819
1780080241733,2,12.00000018,Upper Delivery,Delivery,pitch.1,776347,2.5763,2.7361,15.3296,45.4747,21.9577,-13.4692,-0.1468,0.304
1780080241733,2,12.00000018,Upper Delivery,Delivery,pitch.1,776348,2.5687,2.7322,15.3408,45.7189,21.8907,-13.5211,-0.1463,0.3055
1780080241733,2,Pitching Mound.Delivery,,Delivery,pitch.1,774435,0.8296,10.1675,102.0055,-168.2525,184.4825,-9.7095,-0.1854,0.0444
1780080241733,2,Pitching Mound.Delivery,,Delivery,pitch.1,774436,0.8469,10.1859,101.923,-168.1681,184.622,-9.814,-0.1857,0.0442
1780080241733,2,Pitching Mound.Drive,,Delivery,pitch.1,775549,0.143,-0.0408,0.0772,0.0033,0.0026,0.0109,0.0,0.0
1780080241733,2,Pitching Mound.Parent,,Delivery,pitch.1,773691,0.98,10.1276,102.1298,-168.2493,184.4835,-9.6981,-0.1851,0.0443
1780080241733,2,Pitching Mound.Parent,,Delivery,pitch.1,773692,0.9899,10.1452,102.0002,-168.1648,184.6245,-9.8031,-0.1855,0.0441
1780080241734,2,11.0000004b,Drive,Delivery,pitch.1,775550,0.1791,-0.0488,0.1456,0.0038,0.0025,0.0107,0.0,0.0
1780080241734,2,12.00000015,Lower Delivery,Delivery,pitch.1,775062,-1.7155,7.4866,86.6352,-238.0525,162.5969,2.2375,-0.1924,-0.2816
1780080241734,2,12.00000018,Upper Delivery,Delivery,pitch.1,776349,2.5689,2.7311,15.3809,45.6332,21.7646,-13.5581,-0.145,0.3041
1780080241734,2,Pitching Mound.Delivery,,Delivery,pitch.1,774437,0.8533,10.2177,102.0161,-168.1929,184.3615,-9.8638,-0.1852,0.0442
1780080241734,2,Pitching Mound.Drive,,Delivery,pitch.1,775550,0.1791,-0.0488,0.1456,0.0038,0.0025,0.0107,0.0,0.0
1780080241734,2,Pitching Mound.Parent,,Delivery,pitch.1,773693,1.0324,10.1689,102.1617,-168.189,184.364,-9.8531,-0.185,0.0441
1780080241735,2,11.0000004b,Drive,Delivery,pitch.1,775551,0.1684,-0.0483,0.1132,0.0038,0.0013,0.011,0.0,0.0
1780080241735,2,12.00000015,Lower Delivery,Delivery,pitch.1,775063,-1.7302,7.5196,86.6874,-238.2361,162.4486,2.1649,-0.1921,-0.2817
1780080241735,2,Pitching Mound.Drive,,Delivery,pitch.1,775551,0.1684,-0.0483,0.1132,0.0038,0.0013,0.011,0.0,0.0
1780080241736,2,11.0000004b,Drive,Delivery,pitch.1,775552,0.1772,-0.0513,0.1141,0.0043,0.0022,0.0112,0.0,0.0
1780080241736,2,12.00000015,Lower Delivery,Delivery,pitch.1,775064,-1.7282,7.5422,86.5192,-238.6492,162.5168,2.1048,-0.1925,-0.2827
1780080241736,2,12.00000018,Upper Delivery,Delivery,pitch.1,776351,2.5509,2.7309,15.3804,46.1094,21.6276,-13.6254,-0.1441,0.3073
1780080241736,2,12.00000018,Upper Delivery,Delivery,pitch.1,776350,2.5515,2.7417,15.3872,45.9636,21.7429,-13.5774,-0.1448,0.3062
1780080241736,2,Pitching Mound.Delivery,,Delivery,pitch.1,774438,0.8213,10.2613,102.0746,-168.0304,184.1915,-9.9566,-0.185,0.0444
1780080241736,2,Pitching Mound.Delivery,,Delivery,pitch.1,774439,0.8227,10.2732,101.8996,-168.3526,184.1444,-10.0657,-0.1852,0.0437
1780080241736,2,Pitching Mound.Drive,,Delivery,pitch.1,775552,0.1772,-0.0513,0.1141,0.0043,0.0022,0.0112,0.0,0.0
1780080241736,2,Pitching Mound.Parent,,Delivery,pitch.1,773694,0.9896,10.213,102.1877,-168.0266,184.1928,-9.9457,-0.1847,0.0444
1780080241736,2,Pitching Mound.Parent,,Delivery,pitch.1,773695,0.9999,10.2219,102.0137,-168.3483,184.1467,-10.0544,-0.185,0.0436
1780080241737,2,11.0000004b,Drive,Delivery,pitch.1,775553,0.1951,-0.0569,0.1281,0.0058,0.008,0.0113,0.0,0.0
1780080241737,2,12.00000015,Lower Delivery,Delivery,pitch.1,775065,-1.7644,7.5842,86.6069,-238.9181,162.7333,2.0651,-0.1926,-0.2827
1780080241737,2,12.00000018,Upper Delivery,Delivery,pitch.1,776352,2.5342,2.7074,15.3322,46.241,21.462,-13.6225,-0.1435,0.3091
1780080241737,2,Pitching Mound.Delivery,,Delivery,pitch.1,774440,0.7698,10.2916,101.9391,-168.4438,184.1954,-10.096,-0.1852,0.044
1780080241737,2,Pitching Mound.Drive,,Delivery,pitch.1,775553,0.1951,-0.0569,0.1281,0.0058,0.008,0.0113,0.0,0.0
1780080241737,2,Pitching Mound.Parent,,Delivery,pitch.1,773696,0.9649,10.2347,102.0672,-168.438,184.2034,-10.0847,-0.185,0.0439
1780080241738,2,11.0000004b,Drive,Delivery,pitch.1,775554,0.1911,-0.0561,0.1165,0.0085,0.0117,0.0107,0.0,0.0
1780080241738,2,12.00000015,Lower Delivery,Delivery,pitch.1,775066,-1.7666,7.6021,86.531,-238.985,162.5176,2.0201,-0.1925,-0.2831
1780080241738,2,12.00000018,Upper Delivery,Delivery,pitch.1,776353,2.5368,2.689,15.3034,46.4743,21.4606,-13.5762,-0.1437,0.3113
1780080241738,2,Pitching Mound.Delivery,,Delivery,pitch.1,774441,0.7701,10.2911,101.8344,-168.2933,183.9782,-10.0929,-0.1852,0.0441
1780080241738,2,Pitching Mound.Drive,,Delivery,pitch.1,775554,0.1911,-0.0561,0.1165,0.0085,0.0117,0.0107,0.0,0.0
1780080241738,2,Pitching Mound.Parent,,Delivery,pitch.1,773697,0.9612,10.235,101.9509,-168.2848,183.9899,-10.0822,-0.185,0.044
1780080241739,2,11.0000004b,Drive,Delivery,pitch.1,775555,0.1848,-0.0525,0.1321,0.0063,0.0074,0.0104,0.0,0.0
1780080241739,2,12.00000015,Lower Delivery,Delivery,pitch.1,775067,-1.7646,7.6294,86.3699,-238.7403,162.205,1.9502,-0.1925,-0.2833
1780080241739,2,12.00000018,Upper Delivery,Delivery,pitch.1,776354,2.5314,2.6936,15.3197,46.2633,21.4162,-13.5965,-0.1433,0.3095
1780080241739,2,Pitching Mound.Delivery,,Delivery,pitch.1,774442,0.7668,10.323,101.6897,-168.32,183.6212,-10.1857,-0.1851,0.0436
1780080241739,2,Pitching Mound.Drive,,Delivery,pitch.1,775555,0.1848,-0.0525,0.1321,0.0063,0.0074,0.0104,0.0,0.0
1780080241739,2,Pitching Mound.Parent,,Delivery,pitch.1,773698,0.9516,10.2705,101.8218,-168.3137,183.6286,-10.1753,-0.1848,0.0435
1780080241740,2,11.0000004b,Drive,Delivery,pitch.1,775556,0.2034,-0.0581,0.1499,0.0065,0.0069,0.0105,0.0,0.0
1780080241740,2,12.00000015,Lower Delivery,Delivery,pitch.1,775068,-1.7631,7.6512,86.4205,-238.6648,162.3015,1.853,-0.1925,-0.2831
1780080241740,2,12.00000018,Upper Delivery,Delivery,pitch.1,776355,2.5174,2.691,15.2554,46.2426,21.4008,-13.6037,-0.1438,0.3107
1780080241740,2,Pitching Mound.Delivery,,Delivery,pitch.1,774443,0.7543,10.3422,101.6758,-168.2261,183.7023,-10.2954,-0.1852,0.044
1780080241740,2,Pitching Mound.Drive,,Delivery,pitch.1,775556,0.2034,-0.0581,0.1499,0.0065,0.0069,0.0105,0.0,0.0
1780080241740,2,Pitching Mound.Parent,,Delivery,pitch.1,773699,0.9577,10.2841,101.8257,-168.2195,183.7092,-10.2849,-0.1849,0.0439
1780080241741,2,11.0000004b,Drive,Delivery,pitch.1,775557,0.1626,-0.0435,0.1372,0.0057,0.0049,0.0105,0.0,0.0
1780080241741,2,12.00000015,Lower Delivery,Delivery,pitch.1,775069,-1.7581,7.6574,86.3668,-238.4716,162.0898,1.839,-0.1924,-0.283
1780080241741,2,Pitching Mound.Drive,,Delivery,pitch.1,775557,0.1626,-0.0435,0.1372,0.0057,0.0049,0.0105,0.0,0.0
1780080241742,2,11.0000004b,Drive,Delivery,pitch.1,775558,0.1993,-0.0551,0.1649,0.0052,0.0039,0.0108,0.0,0.0
1780080241742,2,12.00000015,Lower Delivery,Delivery,pitch.1,775070,-1.7476,7.6662,86.1974,-238.1729,162.0515,1.8112,-0.1927,-0.2832
1780080241742,2,12.00000018,Upper Delivery,Delivery,pitch.1,776356,2.5139,2.6805,15.2738,46.2495,21.6396,-13.5873,-0.1452,0.3104
1780080241742,2,12.00000018,Upper Delivery,Delivery,pitch.1,776357,2.5024,2.6936,15.2202,46.0892,21.6726,-13.5859,-0.1459,0.3104
1780080241742,2,Pitching Mound.Delivery,,Delivery,pitch.1,774444,0.7557,10.3379,101.6406,-168.0505,183.7293,-10.2958,-0.1853,0.044
1780080241742,2,Pitching Mound.Delivery,,Delivery,pitch.1,774445,0.7547,10.3598,101.4176,-167.9514,183.7241,-10.3297,-0.1857,0.0438
1780080241742,2,Pitching Mound.Drive,,Delivery,pitch.1,775558,0.1993,-0.0551,0.1649,0.0052,0.0039,0.0108,0.0,0.0
1780080241742,2,Pitching Mound.Parent,,Delivery,pitch.1,773700,0.9183,10.2945,101.7778,-168.0448,183.7342,-10.2852,-0.185,0.0439
1780080241742,2,Pitching Mound.Parent,,Delivery,pitch.1,773701,0.9541,10.3046,101.5825,-167.9462,183.728,-10.3189,-0.1854,0.0438
1780080241743,2,11.0000004b,Drive,Delivery,pitch.1,775559,0.2118,-0.0613,0.1472,0.0118,0.01,0.0099,0.0,0.0
1780080241743,2,12.00000015,Lower Delivery,Delivery,pitch.1,775071,-1.7458,7.671,86.1946,-238.1621,161.9046,1.7605,-0.1925,-0.2832
1780080241743,2,12.00000018,Upper Delivery,Delivery,pitch.1,776358,2.4939,2.6777,15.2115,46.0203,21.6497,-13.6253,-0.1459,0.3101
1780080241743,2,Pitching Mound.Delivery,,Delivery,pitch.1,774446,0.7481,10.3487,101.4061,-168.0076,183.5543,-10.4233,-0.1855,0.0438
1780080241743,2,Pitching Mound.Drive,,Delivery,pitch.1,775559,0.2118,-0.0613,0.1472,0.0118,0.01,0.0099,0.0,0.0
1780080241743,2,Pitching Mound.Parent,,Delivery,pitch.1,773702,0.9599,10.2874,101.5533,-167.9957,183.5642,-10.4134,-0.1853,0.0437
1780080241744,2,11.0000004b,Drive,Delivery,pitch.1,775560,0.2091,-0.0606,0.1434,0.0066,0.0071,0.0109,0.0,0.0
1780080241744,2,12.00000015,Lower Delivery,Delivery,pitch.1,775072,-1.7334,7.6829,86.1462,-238.2831,162.1348,1.6909,-0.1929,-0.2835
1780080241744,2,Pitching Mound.Drive,,Delivery,pitch.1,775560,0.2091,-0.0606,0.1434,0.0066,0.0071,0.0109,0.0,0.0
1780080241745,2,11.0000004b,Drive,Delivery,pitch.1,775561,0.18,-0.0522,0.1147,0.0055,0.0069,0.0115,0.0,0.0
1780080241745,2,12.00000015,Lower Delivery,Delivery,pitch.1,775073,-1.7415,7.7043,86.1005,-238.2356,162.3136,1.6256,-0.1932,-0.2836
1780080241745,2,12.00000018,Upper Delivery,Delivery,pitch.1,776359,2.4927,2.6789,15.1547,45.9449,21.6511,-13.6479,-0.1464,0.3107
1780080241745,2,Pitching Mound.Delivery,,Delivery,pitch.1,774447,0.7594,10.3619,101.3008,-168.201,183.7859,-10.5202,-0.186,0.0437
1780080241745,2,Pitching Mound.Drive,,Delivery,pitch.1,775561,0.18,-0.0522,0.1147,0.0055,0.0069,0.0115,0.0,0.0
1780080241745,2,Pitching Mound.Parent,,Delivery,pitch.1,773703,0.9685,10.3013,101.4442,-168.1944,183.793,-10.5092,-0.1857,0.0436
1780080241746,2,11.0000004b,Drive,Delivery,pitch.1,775562,0.1669,-0.0465,0.1197,0.005,0.008,0.011,0.0,0.0
1780080241746,2,12.00000015,Lower Delivery,Delivery,pitch.1,775074,-1.7439,7.7258,86.0842,-238.2116,162.4173,1.5783,-0.1934,-0.2836
1780080241746,2,12.00000018,Upper Delivery,Delivery,pitch.1,776360,2.5024,2.6808,15.1243,45.9153,21.7082,-13.6178,-0.1471,0.3112
1780080241746,2,12.00000018,Upper Delivery,Delivery,pitch.1,776361,2.5088,2.6709,15.1696,46.0461,21.535,-13.6561,-0.1455,0.3111
1780080241746,2,Pitching Mound.Delivery,,Delivery,pitch.1,774448,0.7609,10.3851,101.2248,-168.1884,184.0219,-10.5494,-0.1863,0.0437
1780080241746,2,Pitching Mound.Delivery,,Delivery,pitch.1,774449,0.7649,10.3967,101.2538,-168.0546,183.9523,-10.6319,-0.1862,0.0436
1780080241746,2,Pitching Mound.Drive,,Delivery,pitch.1,775562,0.1669,-0.0465,0.1197,0.005,0.008,0.011,0.0,0.0
1780080241746,2,Pitching Mound.Parent,,Delivery,pitch.1,773704,0.9409,10.3329,101.3396,-168.1829,184.0288,-10.5379,-0.1861,0.0436
1780080241746,2,Pitching Mound.Parent,,Delivery,pitch.1,773705,0.9318,10.3502,101.3735,-168.0496,183.9603,-10.6209,-0.186,0.0436
1780080241747,2,11.0000004b,Drive,Delivery,pitch.1,775563,0.186,-0.0528,0.1323,0.006,0.0056,0.0116,0.0,0.0
1780080241747,2,12.00000015,Lower Delivery,Delivery,pitch.1,775075,-1.7283,7.7511,86.1396,-237.9789,162.5114,1.5004,-0.1934,-0.2832
1780080241747,2,Pitching Mound.Drive,,Delivery,pitch.1,775563,0.186,-0.0528,0.1323,0.006,0.0056,0.0116,0.0,0.0
1780080241748,2,11.0000004b,Drive,Delivery,pitch.1,775564,0.195,-0.0556,0.1385,0.0047,0.0035,0.0117,0.0,0.0
1780080241748,2,12.00000015,Lower Delivery,Delivery,pitch.1,775076,-1.7171,7.7765,86.0733,-238.2545,162.7765,1.456,-0.1938,-0.2837
1780080241748,2,12.00000018,Upper Delivery,Delivery,pitch.1,776363,2.4889,2.7065,15.3251,46.1505,21.8306,-13.6828,-0.146,0.3087
1780080241748,2,12.00000018,Upper Delivery,Delivery,pitch.1,776362,2.4954,2.6921,15.2767,45.9921,21.6076,-13.6432,-0.145,0.3086
1780080241748,2,Pitching Mound.Delivery,,Delivery,pitch.1,774450,0.7671,10.4432,101.4163,-167.8934,184.119,-10.7067,-0.1861,0.0435
1780080241748,2,Pitching Mound.Delivery,,Delivery,pitch.1,774451,0.7718,10.483,101.3985,-168.0496,184.6071,-10.7968,-0.1866,0.043
1780080241748,2,Pitching Mound.Drive,,Delivery,pitch.1,775564,0.195,-0.0556,0.1385,0.0047,0.0035,0.0117,0.0,0.0
1780080241748,2,Pitching Mound.Parent,,Delivery,pitch.1,773706,0.953,10.3903,101.5486,-167.8874,184.1245,-10.695,-0.1858,0.0435
1780080241748,2,Pitching Mound.Parent,,Delivery,pitch.1,773707,0.9668,10.4274,101.537,-168.0449,184.6106,-10.7851,-0.1863,0.043
1780080241749,2,11.0000004b,Drive,Delivery,pitch.1,775565,0.1874,-0.0528,0.1387,0.0038,0.0026,0.0123,0.0,0.0
1780080241749,2,12.00000015,Lower Delivery,Delivery,pitch.1,775077,-1.7021,7.8015,86.0769,-238.2533,162.7886,1.41,-0.1938,-0.2837
1780080241749,2,12.00000018,Upper Delivery,Delivery,pitch.1,776364,2.4767,2.7244,15.375,46.1472,21.9293,-13.7191,-0.1462,0.3076
1780080241749,2,Pitching Mound.Delivery,,Delivery,pitch.1,774452,0.7746,10.5259,101.4519,-168.0674,184.7178,-10.8883,-0.1866,0.0429
1780080241749,2,Pitching Mound.Drive,,Delivery,pitch.1,775565,0.1874,-0.0528,0.1387,0.0038,0.0026,0.0123,0.0,0.0
1780080241749,2,Pitching Mound.Parent,,Delivery,pitch.1,773708,0.962,10.473,101.5906,-168.0636,184.7204,-10.876,-0.1864,0.0428
1780080241750,2,11.0000004b,Drive,Delivery,pitch.1,775566,0.2169,-0.0634,0.146,0.0039,0.0011,0.0122,0.0,0.0
1780080241750,2,12.00000015,Lower Delivery,Delivery,pitch.1,775078,-1.7079,7.825,86.1398,-238.4541,163.0551,1.3344,-0.194,-0.2837
1780080241750,2,12.00000018,Upper Delivery,Delivery,pitch.1,776365,2.4908,2.7166,15.3776,45.9072,21.8862,-13.7189,-0.1459,0.306
1780080241750,2,Pitching Mound.Delivery,,Delivery,pitch.1,774453,0.7828,10.5415,101.5174,-168.4878,184.9413,-10.957,-0.1867,0.0426
1780080241750,2,Pitching Mound.Drive,,Delivery,pitch.1,775566,0.2169,-0.0634,0.146,0.0039,0.0011,0.0122,0.0,0.0
1780080241750,2,Pitching Mound.Parent,,Delivery,pitch.1,773709,0.9998,10.4781,101.6634,-168.4839,184.9425,-10.9448,-0.1865,0.0425
1780080241751,2,11.0000004b,Drive,Delivery,pitch.1,775567,0.2243,-0.064,0.1686,0.0036,-0.0007,0.0127,0.0,0.0
1780080241751,2,12.00000015,Lower Delivery,Delivery,pitch.1,775079,-1.6973,7.8637,86.123,-238.6357,163.2155,1.3211,-0.1942,-0.284
1780080241751,2,Pitching Mound.Drive,,Delivery,pitch.1,775567,0.2243,-0.064,0.1686,0.0036,-0.0007,0.0127,0.0,0.0
1780080241752,2,11.0000004b,Drive,Delivery,pitch.1,775568,0.2325,-0.0647,0.1887,0.0039,-0.0007,0.0122,0.0,0.0
1780080241752,2,12.00000015,Lower Delivery,Delivery,pitch.1,775080,-1.681,7.8854,86.1609,-238.633,163.1056,1.2305,-0.194,-0.2839
1780080241752,2,12.00000018,Upper Delivery,Delivery,pitch.1,776366,2.4933,2.7436,15.4779,46.1745,21.8298,-13.7604,-0.1446,0.3058
1780080241752,2,12.00000018,Upper Delivery,Delivery,pitch.1,776367,2.5124,2.7659,15.5079,46.2603,21.8734,-13.7799,-0.1446,0.3057
1780080241752,2,Pitching Mound.Delivery,,Delivery,pitch.1,774454,0.796,10.6073,101.6009,-168.4418,185.0453,-11.0146,-0.1867,0.0423
1780080241752,2,Pitching Mound.Delivery,,Delivery,pitch.1,774455,0.8314,10.6513,101.6688,-168.3507,184.979,-11.1236,-0.1865,0.0423
1780080241752,2,Pitching Mound.Drive,,Delivery,pitch.1,775568,0.2325,-0.0647,0.1887,0.0039,-0.0007,0.0122,0.0,0.0
1780080241752,2,Pitching Mound.Parent,,Delivery,pitch.1,773710,1.0202,10.5433,101.7695,-168.4383,185.0446,-11.0019,-0.1864,0.0422
1780080241752,2,Pitching Mound.Parent,,Delivery,pitch.1,773711,1.064,10.5866,101.8575,-168.3468,184.9783,-11.1114,-0.1861,0.0423
1780080241753,2,11.0000004b,Drive,Delivery,pitch.1,775569,0.2587,-0.0722,0.216,0.0045,-0.0034,0.012,0.0,0.0
1780080241753,2,12.00000015,Lower Delivery,Delivery,pitch.1,775081,-1.67,7.9341,86.2399,-238.7037,163.1479,1.2438,-0.1939,-0.2837
1780080241753,2,12.00000018,Upper Delivery,Delivery,pitch.1,776368,2.5241,2.7705,15.5352,46.2789,22.1032,-13.8384,-0.1458,0.3053
1780080241753,2,Pitching Mound.Delivery,,Delivery,pitch.1,774456,0.854,10.7046,101.7752,-168.3852,185.2511,-11.1687,-0.1866,0.0424
1780080241753,2,Pitching Mound.Drive,,Delivery,pitch.1,775569,0.2587,-0.0722,0.216,0.0045,-0.0034,0.012,0.0,0.0
1780080241753,2,Pitching Mound.Parent,,Delivery,pitch.1,773712,1.1127,10.6324,101.9912,-168.3806,185.2477,-11.1567,-0.1862,0.0423
1780080241754,2,11.0000004b,Drive,Delivery,pitch.1,775570,0.2529,-0.0695,0.2216,0.0136,0.0051,0.0113,0.0,0.0
1780080241754,2,12.00000015,Lower Delivery,Delivery,pitch.1,775082,-1.6641,7.9827,86.3711,-238.8711,163.395,1.2494,-0.1939,-0.2835
1780080241754,2,Pitching Mound.Drive,,Delivery,pitch.1,775570,0.2529,-0.0695,0.2216,0.0136,0.0051,0.0113,0.0,0.0
1780080241755,2,11.0000004b,Drive,Delivery,pitch.1,775571,0.2356,-0.0625,0.2258,0.0147,0.0012,0.0104,0.0,0.0
1780080241755,2,12.00000015,Lower Delivery,Delivery,pitch.1,775083,-1.6479,8.0054,86.1874,-238.5677,163.0087,1.2195,-0.1939,-0.2837
1780080241755,2,12.00000018,Upper Delivery,Delivery,pitch.1,776369,2.5165,2.7754,15.5345,46.3392,22.1784,-13.8176,-0.1463,0.3057
1780080241755,2,Pitching Mound.Delivery,,Delivery,pitch.1,774457,0.8524,10.7582,101.9056,-168.4474,185.5734,-11.1468,-0.1866,0.0427
1780080241755,2,Pitching Mound.Drive,,Delivery,pitch.1,775571,0.2356,-0.0625,0.2258,0.0147,0.0012,0.0104,0.0,0.0
1780080241755,2,Pitching Mound.Parent,,Delivery,pitch.1,773713,1.1054,10.6886,102.1272,-168.4338,185.5785,-11.1355,-0.1862,0.0426
1780080241756,2,11.0000004b,Drive,Delivery,pitch.1,775572,0.2204,-0.058,0.2108,0.0126,0.0011,0.0113,0.0,0.0
1780080241756,2,12.00000015,Lower Delivery,Delivery,pitch.1,775084,-1.6195,8.0245,86.1571,-238.5601,162.9131,1.2082,-0.1938,-0.2838
1780080241756,2,12.00000018,Upper Delivery,Delivery,pitch.1,776370,2.5084,2.762,15.4762,46.1357,22.0247,-13.8424,-0.1459,0.3055
1780080241756,2,Pitching Mound.Delivery,,Delivery,pitch.1,774458,0.8605,10.7673,101.6636,-168.3902,185.0334,-11.2097,-0.1865,0.0425
1780080241756,2,Pitching Mound.Drive,,Delivery,pitch.1,775572,0.2204,-0.058,0.2108,0.0126,0.0011,0.0113,0.0,0.0
1780080241756,2,Pitching Mound.Parent,,Delivery,pitch.1,773714,1.0809,10.7094,101.8745,-168.3776,185.0345,-11.1984,-0.1862,0.0424
1780080241757,2,11.0000004b,Drive,Delivery,pitch.1,775574,0.2106,-0.0551,0.1949,0.0182,0.0026,0.0091,0.0,0.0
1780080241757,2,11.0000004b,Drive,Delivery,pitch.1,775573,0.2386,-0.0635,0.2217,0.0208,0.0047,0.0101,0.0,0.0
1780080241757,2,12.00000015,Lower Delivery,Delivery,pitch.1,775085,-1.6004,8.0456,86.1005,-238.7323,163.1642,1.1708,-0.1942,-0.2842
1780080241757,2,12.00000018,Upper Delivery,Delivery,pitch.1,776371,2.5012,2.7817,15.5128,46.2421,22.349,-13.8341,-0.1477,0.3055
1780080241757,2,12.00000018,Upper Delivery,Delivery,pitch.1,776372,2.5134,2.7872,15.5239,46.3682,22.353,-13.8263,-0.1476,0.3061
1780080241757,2,Pitching Mound.Delivery,,Delivery,pitch.1,774460,0.9129,10.8328,101.6244,-168.368,185.5172,-11.2569,-0.1871,0.0421
1780080241757,2,Pitching Mound.Delivery,,Delivery,pitch.1,774459,0.8817,10.8061,101.67,-168.2989,185.2621,-11.2248,-0.1868,0.0424
1780080241757,2,Pitching Mound.Drive,,Delivery,pitch.1,775574,0.2106,-0.0551,0.1949,0.0182,0.0026,0.0091,0.0,0.0
1780080241757,2,Pitching Mound.Drive,,Delivery,pitch.1,775573,0.2386,-0.0635,0.2217,0.0208,0.0047,0.0101,0.0,0.0
1780080241757,2,Pitching Mound.Parent,,Delivery,pitch.1,773715,1.1204,10.7426,101.8917,-168.2781,185.2669,-11.2147,-0.1864,0.0423
1780080241757,2,Pitching Mound.Parent,,Delivery,pitch.1,773716,1.1235,10.7777,101.8193,-168.3499,185.5198,-11.2478,-0.1867,0.042
1780080241758,2,12.00000015,Lower Delivery,Delivery,pitch.1,775086,-1.5688,8.0547,85.8992,-238.7203,163.0323,1.1484,-0.1945,-0.2848
1780080241759,2,11.0000004b,Drive,Delivery,pitch.1,775575,0.2239,-0.0593,0.1978,0.0232,0.0058,0.0088,0.0,0.0
1780080241759,2,12.00000015,Lower Delivery,Delivery,pitch.1,775087,-1.5377,8.0809,85.9867,-238.5283,163.1035,1.1542,-0.1944,-0.2843
1780080241759,2,12.00000018,Upper Delivery,Delivery,pitch.1,776373,2.5251,2.7849,15.5116,46.2766,22.4364,-13.7966,-0.1483,0.3058
1780080241759,2,12.00000018,Upper Delivery,Delivery,pitch.1,776374,2.5185,2.773,15.5077,46.5215,22.3321,-13.8112,-0.1476,0.3075
1780080241759,2,Pitching Mound.Delivery,,Delivery,pitch.1,774461,0.9563,10.8396,101.4108,-168.5119,185.4687,-11.2562,-0.1875,0.0415
1780080241759,2,Pitching Mound.Delivery,,Delivery,pitch.1,774462,0.9809,10.8539,101.4944,-168.0439,185.4356,-11.2779,-0.1873,0.0422
1780080241759,2,Pitching Mound.Drive,,Delivery,pitch.1,775575,0.2239,-0.0593,0.1978,0.0232,0.0058,0.0088,0.0,0.0
1780080241759,2,Pitching Mound.Parent,,Delivery,pitch.1,773717,1.1802,10.7803,101.6085,-168.4887,185.4745,-11.2474,-0.1871,0.0414
1780080241760,2,11.0000004b,Drive,Delivery,pitch.1,775577,0.2143,-0.0554,0.195,0.0364,0.0125,0.008,0.0,0.0
1780080241760,2,11.0000004b,Drive,Delivery,pitch.1,775576,0.2258,-0.0592,0.2068,0.0341,0.0114,0.0075,0.0,0.0
1780080241760,2,12.00000015,Lower Delivery,Delivery,pitch.1,775088,-1.5115,8.0919,85.9005,-238.4528,163.0572,1.0891,-0.1946,-0.2845
1780080241760,2,12.00000018,Upper Delivery,Delivery,pitch.1,776375,2.5127,2.7891,15.5141,46.4878,22.3063,-13.7977,-0.1474,0.3071
1780080241760,2,Pitching Mound.Delivery,,Delivery,pitch.1,774463,1.0013,10.881,101.4146,-168.0335,185.3635,-11.3404,-0.1873,0.042
1780080241760,2,Pitching Mound.Drive,,Delivery,pitch.1,775577,0.2143,-0.0554,0.195,0.0364,0.0125,0.008,0.0,0.0
1780080241760,2,Pitching Mound.Drive,,Delivery,pitch.1,775576,0.2258,-0.0592,0.2068,0.0341,0.0114,0.0075,0.0,0.0
1780080241760,2,Pitching Mound.Parent,,Delivery,pitch.1,773718,1.2067,10.7948,101.7012,-168.0098,185.447,-11.2704,-0.1869,0.0421
1780080241760,2,Pitching Mound.Parent,,Delivery,pitch.1,773719,1.2156,10.8256,101.6096,-167.9972,185.376,-11.3324,-0.187,0.0419
1780080241761,2,11.0000004b,Drive,Delivery,pitch.1,775578,0.1885,-0.0496,0.154,0.0496,-0.0315,0.0071,0.0,0.0
1780080241761,2,12.00000015,Lower Delivery,Delivery,pitch.1,775089,-1.5012,8.1361,85.8452,-238.327,163.1467,1.0147,-0.1948,-0.2846
1780080241761,2,12.00000018,Upper Delivery,Delivery,pitch.1,776376,2.52,2.7721,15.5606,46.6001,22.3442,-13.8056,-0.1472,0.3069
1780080241761,2,Pitching Mound.Delivery,,Delivery,pitch.1,774464,1.0189,10.9082,101.4058,-167.8302,185.4909,-11.4237,-0.1875,0.0419
1780080241761,2,Pitching Mound.Drive,,Delivery,pitch.1,775578,0.1885,-0.0496,0.154,0.0496,-0.0315,0.0071,0.0,0.0
1780080241761,2,Pitching Mound.Parent,,Delivery,pitch.1,773720,1.2074,10.8586,101.5598,-167.7806,185.4594,-11.4166,-0.1872,0.0418
1780080241762,2,11.0000004b,Drive,Delivery,pitch.1,775579,0.191,-0.0523,0.1358,0.0581,-0.0668,0.0063,0.0,0.0
1780080241762,2,12.00000015,Lower Delivery,Delivery,pitch.1,775090,-1.4734,8.135,85.8327,-238.0601,162.9587,0.9906,-0.1946,-0.2843
1780080241762,2,12.00000018,Upper Delivery,Delivery,pitch.1,776377,2.5285,2.7784,15.6381,47.0718,21.9926,-13.8415,-0.1441,0.3085
1780080241762,2,Pitching Mound.Delivery,,Delivery,pitch.1,774465,1.0551,10.9134,101.4708,-167.1221,184.9513,-11.4903,-0.1868,0.0423
1780080241762,2,Pitching Mound.Drive,,Delivery,pitch.1,775579,0.191,-0.0523,0.1358,0.0581,-0.0668,0.0063,0.0,0.0
1780080241762,2,Pitching Mound.Parent,,Delivery,pitch.1,773721,1.2461,10.8611,101.6066,-167.064,184.8845,-11.484,-0.1866,0.0422
1780080241763,2,11.0000004b,Drive,Delivery,pitch.1,775580,0.1754,-0.0476,0.1265,0.0382,0.0182,0.0077,0.0,0.0
1780080241763,2,12.00000015,Lower Delivery,Delivery,pitch.1,775091,-1.4391,8.1464,85.8419,-238.0388,163.1328,0.9513,-0.1948,-0.2842
1780080241763,2,12.00000018,Upper Delivery,Delivery,pitch.1,776378,2.5263,2.75,15.6026,46.8928,22.1269,-13.8355,-0.1454,0.308
1780080241763,2,Pitching Mound.Delivery,,Delivery,pitch.1,774466,1.0871,10.8965,101.4445,-167.2646,185.2597,-11.5359,-0.1872,0.0423
1780080241763,2,Pitching Mound.Drive,,Delivery,pitch.1,775580,0.1754,-0.0476,0.1265,0.0382,0.0182,0.0077,0.0,0.0
1780080241763,2,Pitching Mound.Parent,,Delivery,pitch.1,773722,1.2625,10.8489,101.571,-167.2264,185.2779,-11.5282,-0.1869,0.0422
1780080241764,2,11.0000004b,Drive,Delivery,pitch.1,775581,0.1407,-0.0358,0.1069,0.0313,0.0119,0.0075,0.0,0.0
1780080241764,2,12.00000015,Lower Delivery,Delivery,pitch.1,775092,-1.425,8.1473,85.7911,-237.8336,163.1289,0.8843,-0.1949,-0.2841
1780080241764,2,12.00000018,Upper Delivery,Delivery,pitch.1,776379,2.5067,2.7573,15.6209,46.9062,21.9878,-13.8642,-0.1443,0.3078
1780080241764,2,Pitching Mound.Delivery,,Delivery,pitch.1,774467,1.0817,10.9045,101.4119,-167.0695,185.1168,-11.6432,-0.1871,0.0423
1780080241764,2,Pitching Mound.Drive,,Delivery,pitch.1,775581,0.1407,-0.0358,0.1069,0.0313,0.0119,0.0075,0.0,0.0
1780080241764,2,Pitching Mound.Parent,,Delivery,pitch.1,773723,1.2224,10.8687,101.5188,-167.0382,185.1286,-11.6357,-0.1869,0.0422
1780080241765,2,11.0000004b,Drive,Delivery,pitch.1,775582,0.1443,-0.0354,0.1124,0.0343,0.0142,0.0074,0.0,0.0
1780080241765,2,12.00000015,Lower Delivery,Delivery,pitch.1,775093,-1.4135,8.1558,85.7774,-238.0518,163.1119,0.8577,-0.1949,-0.2844
1780080241765,2,12.00000018,Upper Delivery,Delivery,pitch.1,776380,2.5377,2.7857,15.68,46.8853,22.1267,-13.887,-0.1446,0.3065
1780080241765,2,Pitching Mound.Delivery,,Delivery,pitch.1,774468,1.1241,10.9415,101.4574,-167.3333,185.2385,-11.6859,-0.1871,0.0418
1780080241765,2,Pitching Mound.Drive,,Delivery,pitch.1,775582,0.1443,-0.0354,0.1124,0.0343,0.0142,0.0074,0.0,0.0
1780080241765,2,Pitching Mound.Parent,,Delivery,pitch.1,773724,1.2684,10.9062,101.5698,-167.299,185.2527,-11.6785,-0.1869,0.0417
1780080241766,2,11.0000004b,Drive,Delivery,pitch.1,775583,0.1447,-0.0384,0.0951,0.0424,0.002,0.0059,0.0,0.0
1780080241766,2,12.00000015,Lower Delivery,Delivery,pitch.1,775094,-1.4198,8.1826,85.8768,-238.1821,163.3774,0.8272,-0.195,-0.2843
1780080241766,2,12.00000018,Upper Delivery,Delivery,pitch.1,776381,2.5447,2.7681,15.6979,47.0189,22.1517,-13.9543,-0.1446,0.307
1780080241766,2,Pitching Mound.Delivery,,Delivery,pitch.1,774469,1.1248,10.9507,101.5747,-167.3024,185.5291,-11.7792,-0.1872,0.042
1780080241766,2,Pitching Mound.Drive,,Delivery,pitch.1,775583,0.1447,-0.0384,0.0951,0.0424,0.002,0.0059,0.0,0.0
1780080241766,2,Pitching Mound.Parent,,Delivery,pitch.1,773725,1.2695,10.9122,101.6699,-167.26,185.531,-11.7733,-0.187,0.042
1780080241767,2,11.0000004b,Drive,Delivery,pitch.1,775584,0.1456,-0.039,0.0901,0.0251,0.0097,0.0077,0.0,0.0
1780080241767,2,12.00000015,Lower Delivery,Delivery,pitch.1,775095,-1.4089,8.2065,85.9534,-238.0232,163.5108,0.7809,-0.195,-0.2838
1780080241767,2,12.00000018,Upper Delivery,Delivery,pitch.1,776382,2.5414,2.7626,15.6749,46.966,22.0599,-13.9484,-0.1442,0.3071
1780080241767,2,Pitching Mound.Delivery,,Delivery,pitch.1,774470,1.1325,10.9691,101.6283,-167.1625,185.5707,-11.8243,-0.1872,0.0424
1780080241767,2,Pitching Mound.Drive,,Delivery,pitch.1,775584,0.1456,-0.039,0.0901,0.0251,0.0097,0.0077,0.0,0.0
1780080241767,2,Pitching Mound.Parent,,Delivery,pitch.1,773726,1.2781,10.9301,101.7184,-167.1374,185.5804,-11.8166,-0.187,0.0424
1780080241768,2,12.00000015,Lower Delivery,Delivery,pitch.1,775096,-1.4033,8.2264,85.9255,-237.7962,163.3546,0.764,-0.1949,-0.2837
1780080241768,2,12.00000018,Upper Delivery,Delivery,pitch.1,776383,2.5343,2.752,15.5835,46.8508,22.0154,-13.9506,-0.1448,0.3081
1780080241768,2,Pitching Mound.Delivery,,Delivery,pitch.1,774471,1.1311,10.9784,101.5089,-167.0291,185.3701,-11.8478,-0.1872,0.0428
1780080241769,2,11.0000004b,Drive,Delivery,pitch.1,775585,0.1439,-0.0369,0.0951,0.0224,0.0068,0.0087,0.0,0.0
1780080241769,2,11.0000004b,Drive,Delivery,pitch.1,775586,0.1564,-0.0415,0.1109,0.018,0.0028,0.0092,0.0,0.0
1780080241769,2,12.00000015,Lower Delivery,Delivery,pitch.1,775097,-1.4038,8.2453,86.0048,-237.9773,163.4308,0.7152,-0.1948,-0.2836
1780080241769,2,12.00000018,Upper Delivery,Delivery,pitch.1,776384,2.5335,2.7383,15.5509,46.9153,22.0358,-13.9868,-0.1452,0.3092
1780080241769,2,Pitching Mound.Delivery,,Delivery,pitch.1,774472,1.1297,10.9836,101.5557,-167.1076,185.4666,-11.933,-0.1872,0.043
1780080241769,2,Pitching Mound.Drive,,Delivery,pitch.1,775585,0.1439,-0.0369,0.0951,0.0224,0.0068,0.0087,0.0,0.0
1780080241769,2,Pitching Mound.Drive,,Delivery,pitch.1,775586,0.1564,-0.0415,0.1109,0.018,0.0028,0.0092,0.0,0.0
1780080241769,2,Pitching Mound.Parent,,Delivery,pitch.1,773727,1.275,10.9415,101.604,-167.0067,185.3769,-11.8391,-0.187,0.0428
1780080241769,2,Pitching Mound.Parent,,Delivery,pitch.1,773728,1.2862,10.9421,101.6666,-167.0896,185.4694,-11.9238,-0.187,0.043
1780080241770,2,11.0000004b,Drive,Delivery,pitch.1,775587,0.146,-0.0389,0.102,0.0042,-0.0046,0.0097,0.0,0.0
1780080241770,2,12.00000015,Lower Delivery,Delivery,pitch.1,775098,-1.392,8.2492,85.8102,-238.1073,163.3858,0.6712,-0.1952,-0.2844
1780080241770,2,12.00000018,Upper Delivery,Delivery,pitch.1,776385,2.5502,2.7606,15.5857,46.8802,21.8715,-14.0124,-0.1438,0.3083
1780080241770,2,Pitching Mound.Delivery,,Delivery,pitch.1,774473,1.1582,11.0098,101.396,-167.3508,185.2573,-12.0008,-0.1873,0.0422
1780080241770,2,Pitching Mound.Drive,,Delivery,pitch.1,775587,0.146,-0.0389,0.102,0.0042,-0.0046,0.0097,0.0,0.0
1780080241770,2,Pitching Mound.Parent,,Delivery,pitch.1,773729,1.3042,10.9709,101.498,-167.3466,185.2527,-11.991,-0.1871,0.0421
1780080241771,2,12.00000015,Lower Delivery,Delivery,pitch.1,775099,-1.3776,8.2572,85.7605,-238.3324,163.6334,0.6591,-0.1956,-0.2848
1780080241771,2,12.00000018,Upper Delivery,Delivery,pitch.1,776386,2.5492,2.7754,15.5994,47.071,21.8724,-14.1057,-0.1437,0.3093
1780080241771,2,Pitching Mound.Delivery,,Delivery,pitch.1,774474,1.1716,11.0326,101.3599,-167.4066,185.5058,-12.1115,-0.1876,0.0419
1780080241772,2,11.0000004b,Drive,Delivery,pitch.1,775588,0.1515,-0.0426,0.0843,0.0016,-0.0061,0.0107,0.0,0.0
1780080241772,2,11.0000004b,Drive,Delivery,pitch.1,775589,0.1619,-0.0451,0.1014,0.0016,-0.0074,0.0101,0.0,0.0
1780080241772,2,12.00000015,Lower Delivery,Delivery,pitch.1,775100,-1.3747,8.2844,85.759,-238.5116,163.9167,0.6101,-0.1959,-0.2851
1780080241772,2,12.00000018,Upper Delivery,Delivery,pitch.1,776387,2.5483,2.7867,15.6157,46.8618,22.2345,-14.1118,-0.1459,0.3076
1780080241772,2,Pitching Mound.Delivery,,Delivery,pitch.1,774475,1.1736,11.0711,101.3746,-167.801,186.1512,-12.1678,-0.1882,0.0415
1780080241772,2,Pitching Mound.Drive,,Delivery,pitch.1,775588,0.1515,-0.0426,0.0843,0.0016,-0.0061,0.0107,0.0,0.0
1780080241772,2,Pitching Mound.Drive,,Delivery,pitch.1,775589,0.1619,-0.0451,0.1014,0.0016,-0.0074,0.0101,0.0,0.0
1780080241772,2,Pitching Mound.Parent,,Delivery,pitch.1,773731,1.3355,11.026,101.476,-167.7995,186.1438,-12.1577,-0.188,0.0414
1780080241772,2,Pitching Mound.Parent,,Delivery,pitch.1,773730,1.3232,10.99,101.4442,-167.405,185.4997,-12.1008,-0.1874,0.0419
1780080241773,2,11.0000004b,Drive,Delivery,pitch.1,775590,0.1639,-0.0439,0.1192,0.0027,-0.0075,0.0103,0.0,0.0
1780080241773,2,12.00000015,Lower Delivery,Delivery,pitch.1,775101,-1.3449,8.3007,85.789,-238.8416,163.976,0.5761,-0.1959,-0.2854
1780080241773,2,12.00000018,Upper Delivery,Delivery,pitch.1,776388,2.541,2.779,15.5524,46.5428,22.2977,-14.1124,-0.1469,0.3067
1780080241773,2,Pitching Mound.Delivery,,Delivery,pitch.1,774476,1.1961,11.0798,101.3414,-168.4184,186.2738,-12.2151,-0.1884,0.0412
1780080241773,2,Pitching Mound.Drive,,Delivery,pitch.1,775590,0.1639,-0.0439,0.1192,0.0027,-0.0075,0.0103,0.0,0.0
1780080241773,2,Pitching Mound.Parent,,Delivery,pitch.1,773732,1.36,11.0359,101.4607,-168.4157,186.2662,-12.2049,-0.1882,0.0411
1780080241774,2,12.00000015,Lower Delivery,Delivery,pitch.1,775102,-1.3386,8.3382,85.7581,-238.7553,163.9629,0.5373,-0.196,-0.2854
1780080241774,2,12.00000018,Upper Delivery,Delivery,pitch.1,776389,2.5736,2.8002,15.644,46.6028,22.295,-14.154,-0.1461,0.3053
1780080241774,2,Pitching Mound.Delivery,,Delivery,pitch.1,774477,1.2349,11.1384,101.402,-168.3137,186.2579,-12.2865,-0.1883,0.0409
1780080241775,2,11.0000004b,Drive,Delivery,pitch.1,775591,0.2095,-0.0587,0.1464,0.0037,-0.0029,0.0096,0.0,0.0
1780080241775,2,11.0000004b,Drive,Delivery,pitch.1,775592,0.2347,-0.0674,0.159,0.0057,0.0008,0.01,0.0,0.0
1780080241775,2,12.00000015,Lower Delivery,Delivery,pitch.1,775103,-1.3131,8.371,85.711,-238.946,164.0621,0.5138,-0.1962,-0.2857
1780080241775,2,12.00000018,Upper Delivery,Delivery,pitch.1,776390,2.5725,2.7884,15.5795,46.6352,22.1824,-14.1959,-0.1459,0.3068
1780080241775,2,Pitching Mound.Delivery,,Delivery,pitch.1,774478,1.2594,11.1594,101.2905,-168.4662,186.2445,-12.361,-0.1885,0.0408
1780080241775,2,Pitching Mound.Drive,,Delivery,pitch.1,775591,0.2095,-0.0587,0.1464,0.0037,-0.0029,0.0096,0.0,0.0
1780080241775,2,Pitching Mound.Drive,,Delivery,pitch.1,775592,0.2347,-0.0674,0.159,0.0057,0.0008,0.01,0.0,0.0
1780080241775,2,Pitching Mound.Parent,,Delivery,pitch.1,773734,1.4941,11.092,101.4495,-168.4605,186.2453,-12.351,-0.1882,0.0407
1780080241775,2,Pitching Mound.Parent,,Delivery,pitch.1,773733,1.4444,11.0797,101.5484,-168.31,186.255,-12.2769,-0.188,0.0408
1780080241776,2,11.0000004b,Drive,Delivery,pitch.1,775593,0.2336,-0.0655,0.1778,0.0088,0.0022,0.0103,0.0,0.0
1780080241776,2,12.00000015,Lower Delivery,Delivery,pitch.1,775104,-1.2942,8.3964,85.75,-238.9188,164.0858,0.4714,-0.1961,-0.2856
1780080241776,2,12.00000018,Upper Delivery,Delivery,pitch.1,776391,2.5588,2.7884,15.5785,46.5194,22.1132,-14.2397,-0.1455,0.3061
1780080241776,2,Pitching Mound.Delivery,,Delivery,pitch.1,774479,1.2647,11.1848,101.3285,-168.5411,186.1989,-12.4583,-0.1883,0.0408
1780080241776,2,Pitching Mound.Drive,,Delivery,pitch.1,775593,0.2336,-0.0655,0.1778,0.0088,0.0022,0.0103,0.0,0.0
1780080241776,2,Pitching Mound.Parent,,Delivery,pitch.1,773735,1.4982,11.1193,101.5063,-168.5323,186.2011,-12.448,-0.188,0.0408
1780080241777,2,11.0000004b,Drive,Delivery,pitch.1,775594,0.2408,-0.0657,0.2043,0.0197,0.0069,0.0095,0.0,0.0
1780080241777,2,12.00000015,Lower Delivery,Delivery,pitch.1,775105,-1.2525,8.4239,85.6978,-238.5984,163.9312,0.472,-0.1961,-0.2854
1780080241777,2,12.00000018,Upper Delivery,Delivery,pitch.1,776392,2.5528,2.8096,15.6018,46.3457,22.2622,-14.2468,-0.1463,0.3045
1780080241777,2,Pitching Mound.Delivery,,Delivery,pitch.1,774480,1.3003,11.2335,101.2996,-168.4201,186.1934,-12.481,-0.1884,0.0407
1780080241777,2,Pitching Mound.Drive,,Delivery,pitch.1,775594,0.2408,-0.0657,0.2043,0.0197,0.0069,0.0095,0.0,0.0
1780080241777,2,Pitching Mound.Parent,,Delivery,pitch.1,773736,1.5411,11.1678,101.5039,-168.4004,186.2004,-12.4715,-0.188,0.0407
1780080241778,2,11.0000004b,Drive,Delivery,pitch.1,775595,0.2262,-0.0611,0.1939,0.027,0.0107,0.009,0.0,0.0
1780080241778,2,12.00000015,Lower Delivery,Delivery,pitch.1,775106,-1.2486,8.4533,85.7494,-238.7115,163.8728,0.464,-0.1959,-0.2853
1780080241778,2,12.00000018,Upper Delivery,Delivery,pitch.1,776393,2.5443,2.8171,15.5908,46.31,22.198,-14.2474,-0.1459,0.3044
1780080241778,2,Pitching Mound.Delivery,,Delivery,pitch.1,774481,1.2957,11.2704,101.3402,-168.5475,186.0709,-12.4938,-0.1882,0.0408
1780080241778,2,Pitching Mound.Drive,,Delivery,pitch.1,775595,0.2262,-0.0611,0.1939,0.027,0.0107,0.009,0.0,0.0
1780080241778,2,Pitching Mound.Parent,,Delivery,pitch.1,773737,1.5218,11.2092,101.5341,-168.5204,186.0815,-12.4848,-0.1878,0.0407
1780080241779,2,11.0000004b,Drive,Delivery,pitch.1,775596,0.2345,-0.063,0.2092,0.0224,0.0118,0.0095,0.0,0.0
1780080241779,2,12.00000015,Lower Delivery,Delivery,pitch.1,775107,-1.2274,8.466,85.7716,-238.7738,163.7691,0.4067,-0.1957,-0.2853
1780080241779,2,12.00000018,Upper Delivery,Delivery,pitch.1,776394,2.5384,2.8162,15.5935,46.1231,22.3818,-14.267,-0.1471,0.3032
1780080241779,2,Pitching Mound.Delivery,,Delivery,pitch.1,774482,1.311,11.2821,101.3651,-168.7902,186.1508,-12.58,-0.1882,0.0406
1780080241779,2,Pitching Mound.Drive,,Delivery,pitch.1,775596,0.2345,-0.063,0.2092,0.0224,0.0118,0.0095,0.0,0.0
1780080241779,2,Pitching Mound.Parent,,Delivery,pitch.1,773738,1.5455,11.2191,101.5743,-168.7677,186.1626,-12.5704,-0.1878,0.0405
1780080241780,2,11.0000004b,Drive,Delivery,pitch.1,775597,0.2181,-0.059,0.1844,0.0475,-0.003,0.0069,0.0,0.0
1780080241780,2,12.00000015,Lower Delivery,Delivery,pitch.1,775108,-1.2101,8.4955,85.8667,-238.5571,163.7925,0.395,-0.1955,-0.2848
1780080241780,2,12.00000018,Upper Delivery,Delivery,pitch.1,776395,2.5443,2.8354,15.637,46.1809,22.7054,-14.3134,-0.1488,0.3027
1780080241780,2,Pitching Mound.Delivery,,Delivery,pitch.1,774483,1.3342,11.3309,101.5037,-168.4981,186.4979,-12.6418,-0.1883,0.041
1780080241780,2,Pitching Mound.Drive,,Delivery,pitch.1,775597,0.2181,-0.059,0.1844,0.0475,-0.003,0.0069,0.0,0.0
1780080241780,2,Pitching Mound.Parent,,Delivery,pitch.1,773739,1.5523,11.2719,101.6881,-168.4506,186.4949,-12.6349,-0.188,0.0409
1780080241781,2,11.0000004b,Drive,Delivery,pitch.1,775598,0.2338,-0.0629,0.2006,0.0723,-0.1225,0.0052,0.0,0.0
1780080241781,2,12.00000015,Lower Delivery,Delivery,pitch.1,775109,-1.1836,8.5133,85.9704,-238.3636,163.8102,0.3268,-0.1953,-0.2842
1780080241781,2,12.00000018,Upper Delivery,Delivery,pitch.1,776396,2.5182,2.832,15.6018,46.0759,22.732,-14.3339,-0.1493,0.3027
1780080241781,2,Pitching Mound.Delivery,,Delivery,pitch.1,774484,1.3346,11.3452,101.5722,-168.3624,186.5422,-12.7485,-0.1882,0.0415
1780080241781,2,Pitching Mound.Drive,,Delivery,pitch.1,775598,0.2338,-0.0629,0.2006,0.0723,-0.1225,0.0052,0.0,0.0
1780080241781,2,Pitching Mound.Parent,,Delivery,pitch.1,773740,1.5683,11.2823,101.7728,-168.2901,186.4197,-12.7433,-0.1879,0.0414
1780080241782,2,11.0000004b,Drive,Delivery,pitch.1,775599,0.2423,-0.0659,0.2037,0.0602,-0.0534,0.0067,0.0,0.0
1780080241782,2,12.00000015,Lower Delivery,Delivery,pitch.1,775110,-1.1385,8.5189,85.9189,-238.3159,163.8406,0.3005,-0.1954,-0.2843
1780080241782,2,12.00000018,Upper Delivery,Delivery,pitch.1,776397,2.5125,2.8229,15.5467,45.7608,22.7272,-14.2792,-0.1498,0.3017
1780080241782,2,Pitching Mound.Delivery,,Delivery,pitch.1,774485,1.3739,11.3418,101.4656,-168.6286,186.5678,-12.7373,-0.1885,0.0413
1780080241782,2,Pitching Mound.Drive,,Delivery,pitch.1,775599,0.2423,-0.0659,0.2037,0.0602,-0.0534,0.0067,0.0,0.0
1780080241782,2,Pitching Mound.Parent,,Delivery,pitch.1,773741,1.6162,11.2759,101.6694,-168.5684,186.5143,-12.7306,-0.1881,0.0412
1780080241783,2,11.0000004b,Drive,Delivery,pitch.1,775600,0.234,-0.0657,0.1675,0.0728,-0.1311,0.0058,0.0,0.0
1780080241783,2,12.00000015,Lower Delivery,Delivery,pitch.1,775111,-1.1131,8.5395,85.9949,-238.2218,164.1327,0.2539,-0.1956,-0.2839
1780080241783,2,12.00000018,Upper Delivery,Delivery,pitch.1,776398,2.5171,2.8193,15.4803,45.7986,22.5639,-14.2667,-0.1494,0.3032
1780080241783,2,Pitching Mound.Delivery,,Delivery,pitch.1,774486,1.404,11.3588,101.4752,-168.4481,186.6966,-12.7785,-0.1886,0.0419
1780080241783,2,Pitching Mound.Drive,,Delivery,pitch.1,775600,0.234,-0.0657,0.1675,0.0728,-0.1311,0.0058,0.0,0.0
1780080241783,2,Pitching Mound.Parent,,Delivery,pitch.1,773742,1.6379,11.2931,101.6427,-168.3753,186.5655,-12.7727,-0.1883,0.0418
1780080241784,2,11.0000004b,Drive,Delivery,pitch.1,775601,0.2512,-0.0719,0.171,0.0714,-0.1344,0.0057,0.0,0.0
1780080241784,2,12.00000015,Lower Delivery,Delivery,pitch.1,775112,-1.0978,8.5567,85.9107,-238.3674,164.2452,0.1986,-0.196,-0.2844
1780080241784,2,12.00000018,Upper Delivery,Delivery,pitch.1,776399,2.4923,2.8197,15.5369,45.9256,22.5383,-14.2766,-0.1487,0.303
1780080241784,2,Pitching Mound.Delivery,,Delivery,pitch.1,774487,1.3945,11.3764,101.4476,-168.5148,186.7835,-12.8574,-0.1887,0.0414
1780080241784,2,Pitching Mound.Drive,,Delivery,pitch.1,775601,0.2512,-0.0719,0.171,0.0714,-0.1344,0.0057,0.0,0.0
1780080241784,2,Pitching Mound.Parent,,Delivery,pitch.1,773743,1.6457,11.3045,101.6186,-168.4434,186.6491,-12.8517,-0.1884,0.0414
1780080241785,2,11.0000004b,Drive,Delivery,pitch.1,775602,0.2418,-0.069,0.1649,0.045,0.0019,0.0071,0.0,0.0
1780080241785,2,12.00000015,Lower Delivery,Delivery,pitch.1,775113,-1.108,8.5822,85.9186,-238.4676,164.3499,0.135,-0.1961,-0.2845
1780080241785,2,12.00000018,Upper Delivery,Delivery,pitch.1,776400,2.4796,2.8215,15.4603,45.8376,22.3845,-14.3173,-0.1484,0.3039
1780080241785,2,Pitching Mound.Delivery,,Delivery,pitch.1,774488,1.3716,11.4037,101.379,-168.6742,186.7344,-12.9625,-0.1888,0.0415
1780080241785,2,Pitching Mound.Drive,,Delivery,pitch.1,775602,0.2418,-0.069,0.1649,0.045,0.0019,0.0071,0.0,0.0
1780080241785,2,Pitching Mound.Parent,,Delivery,pitch.1,773744,1.6134,11.3347,101.5439,-168.6292,186.7363,-12.9555,-0.1885,0.0415
1780080241786,2,11.0000004b,Drive,Delivery,pitch.1,775603,0.2369,-0.0683,0.1514,0.0339,0.017,0.008,0.0,0.0
1780080241786,2,12.00000015,Lower Delivery,Delivery,pitch.1,775114,-1.0828,8.5663,85.8717,-238.2473,164.0226,0.0621,-0.1958,-0.2844
1780080241786,2,12.00000018,Upper Delivery,Delivery,pitch.1,776401,2.4715,2.8073,15.3777,45.5676,22.3978,-14.2715,-0.1493,0.3037
1780080241786,2,Pitching Mound.Delivery,,Delivery,pitch.1,774489,1.3886,11.3736,101.2494,-168.7117,186.4204,-13.001,-0.1887,0.0417
1780080241786,2,Pitching Mound.Drive,,Delivery,pitch.1,775603,0.2369,-0.0683,0.1514,0.0339,0.017,0.008,0.0,0.0
1780080241786,2,Pitching Mound.Parent,,Delivery,pitch.1,773745,1.6255,11.3053,101.4009,-168.6778,186.4374,-12.9931,-0.1884,0.0416
1780080241787,2,11.0000004b,Drive,Delivery,pitch.1,775604,0.2496,-0.0731,0.1487,0.0522,-0.0526,0.0071,0.0,0.0
1780080241787,2,12.00000015,Lower Delivery,Delivery,pitch.1,775115,-1.0771,8.5715,85.9,-238.4787,164.1366,-0.0221,-0.1958,-0.2846
1780080241787,2,12.00000018,Upper Delivery,Delivery,pitch.1,776402,2.4487,2.7972,15.249,45.3196,22.4581,-14.1607,-0.151,0.3046
1780080241787,2,Pitching Mound.Delivery,,Delivery,pitch.1,774490,1.3716,11.3687,101.149,-169.1377,186.5947,-12.9841,-0.1891,0.0418
1780080241787,2,Pitching Mound.Drive,,Delivery,pitch.1,775604,0.2496,-0.0731,0.1487,0.0522,-0.0526,0.0071,0.0,0.0
1780080241787,2,Pitching Mound.Parent,,Delivery,pitch.1,773746,1.6212,11.2955,101.2977,-169.0855,186.5421,-12.977,-0.1888,0.0417
1780080241788,2,11.0000004b,Drive,Delivery,pitch.1,775605,0.2305,-0.069,0.1177,0.0252,0.0127,0.0094,0.0,0.0
1780080241788,2,12.00000015,Lower Delivery,Delivery,pitch.1,775116,-1.0776,8.5862,85.8781,-238.5665,164.3093,-0.0948,-0.1961,-0.2847
1780080241788,2,12.00000018,Upper Delivery,Delivery,pitch.1,776403,2.442,2.7776,15.1352,45.2842,22.3323,-14.1842,-0.1512,0.3067
1780080241788,2,Pitching Mound.Delivery,,Delivery,pitch.1,774491,1.3643,11.3638,101.0132,-169.2297,186.6416,-13.0824,-0.1894,0.042
1780080241788,2,Pitching Mound.Drive,,Delivery,pitch.1,775605,0.2305,-0.069,0.1177,0.0252,0.0127,0.0094,0.0,0.0
1780080241788,2,Pitching Mound.Parent,,Delivery,pitch.1,773747,1.5948,11.2948,101.131,-169.2045,186.6543,-13.073,-0.1892,0.0419
1780080241789,2,11.0000004b,Drive,Delivery,pitch.1,775606,0.2562,-0.0782,0.1284,0.0107,0.0057,0.0116,0.0,0.0
1780080241789,2,12.00000015,Lower Delivery,Delivery,pitch.1,775117,-1.0576,8.607,85.8273,-238.5371,164.5471,-0.0668,-0.1965,-0.2849
1780080241789,2,12.00000018,Upper Delivery,Delivery,pitch.1,776404,2.4277,2.7692,15.1135,45.2115,22.051,-14.1705,-0.1495,0.3066
1780080241789,2,Pitching Mound.Delivery,,Delivery,pitch.1,774492,1.37,11.3762,100.9408,-169.2829,186.5982,-13.0523,-0.1895,0.0419
1780080241789,2,Pitching Mound.Drive,,Delivery,pitch.1,775606,0.2562,-0.0782,0.1284,0.0107,0.0057,0.0116,0.0,0.0
1780080241789,2,Pitching Mound.Parent,,Delivery,pitch.1,773748,1.6262,11.298,101.0692,-169.2722,186.6039,-13.0408,-0.1892,0.0418
1780080241790,2,11.0000004b,Drive,Delivery,pitch.1,775607,0.2481,-0.0753,0.1281,0.0044,-0.0008,0.0121,0.0,0.0
1780080241790,2,12.00000015,Lower Delivery,Delivery,pitch.1,775118,-1.0544,8.6366,85.81,-238.7965,164.5025,-0.1201,-0.1965,-0.2852
1780080241790,2,12.00000018,Upper Delivery,Delivery,pitch.1,776405,2.4317,2.7664,15.0439,45.0754,21.8715,-14.1457,-0.149,0.3071
1780080241790,2,Pitching Mound.Delivery,,Delivery,pitch.1,774493,1.3773,11.403,100.8539,-169.6606,186.374,-13.0805,-0.1894,0.0417
1780080241790,2,Pitching Mound.Drive,,Delivery,pitch.1,775607,0.2481,-0.0753,0.1281,0.0044,-0.0008,0.0121,0.0,0.0
1780080241790,2,Pitching Mound.Parent,,Delivery,pitch.1,773749,1.6254,11.3276,100.982,-169.6561,186.3732,-13.0684,-0.1892,0.0416
1780080241791,2,11.0000004b,Drive,Delivery,pitch.1,775608,0.2278,-0.0679,0.1289,0.0025,-0.0027,0.0129,0.0,0.0
1780080241791,2,12.00000015,Lower Delivery,Delivery,pitch.1,775119,-1.042,8.6618,85.8538,-238.8451,164.576,-0.128,-0.1965,-0.2851
1780080241791,2,12.00000018,Upper Delivery,Delivery,pitch.1,776406,2.419,2.7395,14.9768,44.9049,21.738,-14.1511,-0.1488,0.3073
1780080241791,2,Pitching Mound.Delivery,,Delivery,pitch.1,774494,1.377,11.4014,100.8306,-169.842,186.314,-13.1023,-0.1894,0.0419
1780080241791,2,Pitching Mound.Drive,,Delivery,pitch.1,775608,0.2278,-0.0679,0.1289,0.0025,-0.0027,0.0129,0.0,0.0
1780080241791,2,Pitching Mound.Parent,,Delivery,pitch.1,773750,1.6048,11.3335,100.9595,-169.8395,186.3113,-13.0895,-0.1891,0.0418
1780080241792,2,11.0000004b,Drive,Delivery,pitch.1,775609,0.2004,-0.0608,0.098,0.0004,-0.0028,0.0135,0.0,0.0
1780080241792,2,12.00000015,Lower Delivery,Delivery,pitch.1,775120,-1.0341,8.6793,85.7967,-238.8719,164.5429,-0.2385,-0.1966,-0.2854
1780080241792,2,12.00000018,Upper Delivery,Delivery,pitch.1,776407,2.4233,2.7319,14.9032,44.7903,21.5517,-14.0611,-0.1482,0.308
1780080241792,2,Pitching Mound.Delivery,,Delivery,pitch.1,774495,1.3892,11.4112,100.6999,-169.9777,186.0946,-13.124,-0.1894,0.0418
1780080241792,2,Pitching Mound.Drive,,Delivery,pitch.1,775609,0.2004,-0.0608,0.098,0.0004,-0.0028,0.0135,0.0,0.0
1780080241792,2,Pitching Mound.Parent,,Delivery,pitch.1,773751,1.5896,11.3504,100.7979,-169.9773,186.0918,-13.1106,-0.1892,0.0418
1780080241793,2,11.0000004b,Drive,Delivery,pitch.1,775610,0.1995,-0.0595,0.1075,0.0013,-0.0003,0.0126,0.0,0.0
1780080241793,2,12.00000015,Lower Delivery,Delivery,pitch.1,775121,-1.0214,8.676,85.8456,-238.567,164.3277,-0.2889,-0.1962,-0.2848
1780080241793,2,12.00000018,Upper Delivery,Delivery,pitch.1,776408,2.4108,2.7282,14.8902,44.9488,21.3736,-14.0598,-0.1471,0.3094
1780080241793,2,Pitching Mound.Delivery,,Delivery,pitch.1,774496,1.3893,11.4042,100.7358,-169.4933,185.7013,-13.1817,-0.1889,0.0425
1780080241793,2,Pitching Mound.Drive,,Delivery,pitch.1,775610,0.1995,-0.0595,0.1075,0.0013,-0.0003,0.0126,0.0,0.0
1780080241793,2,Pitching Mound.Parent,,Delivery,pitch.1,773752,1.5888,11.3447,100.8433,-169.4921,185.701,-13.1691,-0.1887,0.0424
1780080241794,2,11.0000004b,Drive,Delivery,pitch.1,775611,0.2053,-0.0575,0.1599,0.0014,-0.0009,0.0132,0.0,0.0
1780080241794,2,12.00000015,Lower Delivery,Delivery,pitch.1,775122,-0.9999,8.6671,85.8279,-238.4622,164.0642,-0.3687,-0.1959,-0.2848
1780080241794,2,12.00000018,Upper Delivery,Delivery,pitch.1,776409,2.4257,2.7194,14.8491,44.656,21.6298,-14.0196,-0.1493,0.3082
1780080241794,2,Pitching Mound.Delivery,,Delivery,pitch.1,774497,1.4258,11.3865,100.6771,-169.6735,185.694,-13.2236,-0.189,0.0424
1780080241794,2,Pitching Mound.Drive,,Delivery,pitch.1,775611,0.2053,-0.0575,0.1599,0.0014,-0.0009,0.0132,0.0,0.0
1780080241794,2,Pitching Mound.Parent,,Delivery,pitch.1,773753,1.6311,11.329,100.837,-169.6721,185.693,-13.2105,-0.1887,0.0423
1780080241795,2,11.0000004b,Drive,Delivery,pitch.1,775612,0.1978,-0.0589,0.1087,0.0011,0.0007,0.0132,0.0,0.0
1780080241795,2,12.00000015,Lower Delivery,Delivery,pitch.1,775123,-0.9964,8.6737,85.9429,-238.5801,164.6352,-0.3912,-0.1963,-0.2845
1780080241795,2,12.00000018,Upper Delivery,Delivery,pitch.1,776410,2.4188,2.7352,14.8465,44.5234,21.5063,-14.0187,-0.1485,0.3074
1780080241795,2,Pitching Mound.Delivery,,Delivery,pitch.1,774498,1.4223,11.4088,100.7893,-169.8839,186.1415,-13.2487,-0.1893,0.0425
1780080241795,2,Pitching Mound.Drive,,Delivery,pitch.1,775612,0.1978,-0.0589,0.1087,0.0011,0.0007,0.0132,0.0,0.0
1780080241795,2,Pitching Mound.Parent,,Delivery,pitch.1,773754,1.6201,11.3499,100.8981,-169.8828,186.1422,-13.2355,-0.1891,0.0424
1780080241796,2,11.0000004b,Drive,Delivery,pitch.1,775613,0.2077,-0.0623,0.1109,0.0009,-0.003,0.0128,0.0,0.0
1780080241796,2,12.00000015,Lower Delivery,Delivery,pitch.1,775124,-0.9835,8.6876,85.9838,-238.5718,164.5627,-0.4907,-0.1962,-0.2844
1780080241796,2,12.00000018,Upper Delivery,Delivery,pitch.1,776411,2.4166,2.7298,14.8943,44.5118,21.4636,-13.9633,-0.1477,0.3063
1780080241796,2,Pitching Mound.Delivery,,Delivery,pitch.1,774499,1.4331,11.4173,100.8782,-169.8895,186.0264,-13.298,-0.189,0.0424
1780080241796,2,Pitching Mound.Drive,,Delivery,pitch.1,775613,0.2077,-0.0623,0.1109,0.0009,-0.003,0.0128,0.0,0.0
1780080241796,2,Pitching Mound.Parent,,Delivery,pitch.1,773755,1.6408,11.3551,100.9891,-169.8886,186.0233,-13.2852,-0.1888,0.0424
1780080241797,2,11.0000004b,Drive,Delivery,pitch.1,775614,0.2208,-0.0662,0.1243,0.001,0.0028,0.0132,0.0,0.0
1780080241797,2,12.00000015,Lower Delivery,Delivery,pitch.1,775125,-0.9684,8.6878,85.9032,-238.558,164.2869,-0.5557,-0.196,-0.2846
1780080241797,2,12.00000018,Upper Delivery,Delivery,pitch.1,776412,2.4051,2.7404,14.8691,44.4442,21.4216,-13.9454,-0.1477,0.3064
1780080241797,2,Pitching Mound.Delivery,,Delivery,pitch.1,774500,1.4367,11.4282,100.7723,-169.9622,185.7085,-13.3541,-0.1889,0.0422
1780080241797,2,Pitching Mound.Drive,,Delivery,pitch.1,775614,0.2208,-0.0662,0.1243,0.001,0.0028,0.0132,0.0,0.0
1780080241797,2,Pitching Mound.Parent,,Delivery,pitch.1,773756,1.6575,11.362,100.8966,-169.9612,185.7113,-13.3409,-0.1887,0.0422
1780080241798,2,11.0000004b,Drive,Delivery,pitch.1,775615,0.2096,-0.0645,0.0865,0.0015,0.0003,0.0133,0.0,0.0
1780080241798,2,12.00000015,Lower Delivery,Delivery,pitch.1,775126,-0.9559,8.7155,85.7681,-238.6988,164.2591,-0.5777,-0.1963,-0.2853
1780080241798,2,12.00000018,Upper Delivery,Delivery,pitch.1,776413,2.4178,2.7535,14.9922,44.5728,21.3776,-13.9637,-0.1461,0.3047
1780080241798,2,Pitching Mound.Delivery,,Delivery,pitch.1,774501,1.4619,11.469,100.7602,-170.0622,185.6367,-13.3944,-0.1888,0.0414
1780080241798,2,Pitching Mound.Drive,,Delivery,pitch.1,775615,0.2096,-0.0645,0.0865,0.0015,0.0003,0.0133,0.0,0.0
1780080241798,2,Pitching Mound.Parent,,Delivery,pitch.1,773757,1.6714,11.4045,100.8467,-170.0608,185.637,-13.3811,-0.1887,0.0413
1780080241799,2,11.0000004b,Drive,Delivery,pitch.1,775616,0.1943,-0.0591,0.08,0.0019,0.0053,0.0131,0.0,0.0
1780080241799,2,12.00000015,Lower Delivery,Delivery,pitch.1,775127,-0.9582,8.7163,85.8187,-238.6199,164.1612,-0.6265,-0.1961,-0.285
1780080241799,2,12.00000018,Upper Delivery,Delivery,pitch.1,776414,2.418,2.7551,14.9853,44.3454,21.5388,-13.9421,-0.1473,0.3033
1780080241799,2,Pitching Mound.Delivery,,Delivery,pitch.1,774502,1.4598,11.4714,100.804,-170.1912,185.7,-13.4207,-0.1888,0.0414
1780080241799,2,Pitching Mound.Drive,,Delivery,pitch.1,775616,0.1943,-0.0591,0.08,0.0019,0.0053,0.0131,0.0,0.0
1780080241799,2,Pitching Mound.Parent,,Delivery,pitch.1,773758,1.6541,11.4123,100.8839,-170.1893,185.7053,-13.4077,-0.1887,0.0413
1780080241800,2,11.0000004b,Drive,Delivery,pitch.1,775617,0.1857,-0.056,0.088,0.0017,0.0,0.0121,0.0,0.0
1780080241800,2,12.00000015,Lower Delivery,Delivery,pitch.1,775128,-0.9499,8.7253,85.9006,-238.4784,164.0511,-0.6615,-0.1957,-0.2845
1780080241800,2,12.00000018,Upper Delivery,Delivery,pitch.1,776415,2.4184,2.7622,14.9081,44.1259,21.4764,-13.929,-0.1477,0.3034
1780080241800,2,Pitching Mound.Delivery,,Delivery,pitch.1,774503,1.4685,11.4874,100.8086,-170.2151,185.5274,-13.4453,-0.1886,0.0418
1780080241800,2,Pitching Mound.Drive,,Delivery,pitch.1,775617,0.1857,-0.056,0.088,0.0017,0.0,0.0121,0.0,0.0
1780080241800,2,Pitching Mound.Parent,,Delivery,pitch.1,773759,1.6542,11.4315,100.8966,-170.2134,185.5274,-13.4332,-0.1885,0.0418
1780080241801,2,11.0000004b,Drive,Delivery,pitch.1,775618,0.169,-0.0504,0.074,0.0023,-0.0002,0.0121,0.0,0.0
1780080241801,2,12.00000015,Lower Delivery,Delivery,pitch.1,775129,-0.9765,8.7236,85.9835,-238.7666,164.0394,-0.6904,-0.1955,-0.2846
1780080241801,2,12.00000018,Upper Delivery,Delivery,pitch.1,776416,2.4041,2.763,14.7771,43.7812,21.3932,-13.8927,-0.1484,0.3037
1780080241801,2,Pitching Mound.Delivery,,Delivery,pitch.1,774504,1.4277,11.4866,100.7606,-170.7752,185.4326,-13.4337,-0.1886,0.0419
1780080241801,2,Pitching Mound.Drive,,Delivery,pitch.1,775618,0.169,-0.0504,0.074,0.0023,-0.0002,0.0121,0.0,0.0
1780080241801,2,Pitching Mound.Parent,,Delivery,pitch.1,773760,1.5967,11.4362,100.8346,-170.7729,185.4323,-13.4216,-0.1885,0.0419
1780080241802,2,11.0000004b,Drive,Delivery,pitch.1,775619,0.1735,-0.0514,0.0906,0.0027,-0.0004,0.0124,0.0,0.0
1780080241802,2,12.00000015,Lower Delivery,Delivery,pitch.1,775130,-0.9901,8.7396,85.9071,-238.9832,164.0898,-0.7194,-0.1958,-0.2851
1780080241802,2,12.00000018,Upper Delivery,Delivery,pitch.1,776417,2.4179,2.7687,14.6872,43.7827,21.3477,-13.8646,-0.149,0.3055
1780080241802,2,Pitching Mound.Delivery,,Delivery,pitch.1,774505,1.4278,11.5082,100.5943,-170.9857,185.4375,-13.4253,-0.1889,0.0418
1780080241802,2,Pitching Mound.Drive,,Delivery,pitch.1,775619,0.1735,-0.0514,0.0906,0.0027,-0.0004,0.0124,0.0,0.0
1780080241802,2,Pitching Mound.Parent,,Delivery,pitch.1,773761,1.6013,11.4568,100.6849,-170.983,185.437,-13.4129,-0.1888,0.0418
1780080241803,2,11.0000004b,Drive,Delivery,pitch.1,775620,0.2012,-0.0603,0.1109,0.0056,-0.0016,0.0116,0.0,0.0
1780080241803,2,12.00000015,Lower Delivery,Delivery,pitch.1,775131,-0.9764,8.7532,85.8722,-239.1732,164.1308,-0.7293,-0.1959,-0.2855
1780080241803,2,12.00000018,Upper Delivery,Delivery,pitch.1,776418,2.4266,2.7788,14.8262,43.8206,21.4481,-13.8644,-0.1483,0.3029
1780080241803,2,Pitching Mound.Delivery,,Delivery,pitch.1,774506,1.4502,11.532,100.6983,-171.197,185.579,-13.4367,-0.1889,0.041
1780080241803,2,Pitching Mound.Drive,,Delivery,pitch.1,775620,0.2012,-0.0603,0.1109,0.0056,-0.0016,0.0116,0.0,0.0
1780080241803,2,Pitching Mound.Parent,,Delivery,pitch.1,773762,1.6514,11.4716,100.8092,-171.1914,185.5774,-13.4251,-0.1887,0.041
1780080241804,2,11.0000004b,Drive,Delivery,pitch.1,775621,0.1781,-0.0534,0.0883,0.0144,0.0088,0.0117,0.0,0.0
1780080241804,2,12.00000015,Lower Delivery,Delivery,pitch.1,775132,-0.9923,8.7721,85.7435,-239.0803,164.0149,-0.7903,-0.1961,-0.2858
1780080241804,2,12.00000018,Upper Delivery,Delivery,pitch.1,776419,2.4298,2.7717,14.7697,43.707,21.3131,-13.8416,-0.1479,0.3033
1780080241804,2,Pitching Mound.Delivery,,Delivery,pitch.1,774507,1.4375,11.5438,100.5132,-171.2422,185.328,-13.4683,-0.189,0.0409
1780080241804,2,Pitching Mound.Drive,,Delivery,pitch.1,775621,0.1781,-0.0534,0.0883,0.0144,0.0088,0.0117,0.0,0.0
1780080241804,2,Pitching Mound.Parent,,Delivery,pitch.1,773763,1.6156,11.4904,100.6015,-171.2279,185.3368,-13.4566,-0.1888,0.0408
1780080241805,2,11.0000004b,Drive,Delivery,pitch.1,775622,0.1835,-0.0555,0.0894,0.0091,0.0059,0.0111,0.0,0.0
1780080241805,2,12.00000015,Lower Delivery,Delivery,pitch.1,775133,-0.9935,8.7952,85.7455,-238.9992,163.9727,-0.7882,-0.196,-0.2857
1780080241805,2,12.00000018,Upper Delivery,Delivery,pitch.1,776420,2.4259,2.7724,14.6856,43.6891,21.1001,-13.8295,-0.1473,0.3049
1780080241805,2,Pitching Mound.Delivery,,Delivery,pitch.1,774508,1.4324,11.5676,100.4311,-171.1497,185.0728,-13.4551,-0.1889,0.0412
1780080241805,2,Pitching Mound.Drive,,Delivery,pitch.1,775622,0.1835,-0.0555,0.0894,0.0091,0.0059,0.0111,0.0,0.0
1780080241805,2,Pitching Mound.Parent,,Delivery,pitch.1,773764,1.616,11.5121,100.5205,-171.1406,185.0787,-13.444,-0.1887,0.0412
1780080241806,2,11.0000004b,Drive,Delivery,pitch.1,775623,0.2185,-0.0672,0.1049,0.013,0.0078,0.0114,0.0,0.0
1780080241806,2,12.00000015,Lower Delivery,Delivery,pitch.1,775134,-0.9872,8.8119,85.807,-239.1566,164.0824,-0.8126,-0.196,-0.2857
1780080241806,2,12.00000018,Upper Delivery,Delivery,pitch.1,776421,2.4273,2.7484,14.5693,43.3771,20.9938,-13.7335,-0.1477,0.3052
1780080241806,2,Pitching Mound.Delivery,,Delivery,pitch.1,774509,1.4401,11.5603,100.3763,-171.5587,185.0762,-13.3852,-0.189,0.0414
1780080241806,2,Pitching Mound.Drive,,Delivery,pitch.1,775623,0.2185,-0.0672,0.1049,0.013,0.0078,0.0114,0.0,0.0
1780080241806,2,Pitching Mound.Parent,,Delivery,pitch.1,773765,1.6586,11.493,100.4812,-171.5457,185.084,-13.3737,-0.1888,0.0413
1780080241807,2,11.0000004b,Drive,Delivery,pitch.1,775624,0.22,-0.0668,0.1148,0.0115,0.0082,0.0116,0.0,0.0
1780080241807,2,12.00000015,Lower Delivery,Delivery,pitch.1,775135,-0.9898,8.8274,85.8339,-239.1286,164.1134,-0.8132,-0.196,-0.2855
1780080241807,2,12.00000018,Upper Delivery,Delivery,pitch.1,776422,2.4486,2.7603,14.5958,43.3343,20.9676,-13.6923,-0.1472,0.3043
1780080241807,2,Pitching Mound.Delivery,,Delivery,pitch.1,774510,1.4588,11.5877,100.4298,-171.5733,185.0809,-13.3364,-0.1889,0.0414
1780080241807,2,Pitching Mound.Drive,,Delivery,pitch.1,775624,0.22,-0.0668,0.1148,0.0115,0.0082,0.0116,0.0,0.0
1780080241807,2,Pitching Mound.Parent,,Delivery,pitch.1,773766,1.6788,11.5209,100.5446,-171.5619,185.0891,-13.3248,-0.1887,0.0413
1780080241808,2,11.0000004b,Drive,Delivery,pitch.1,775625,0.1908,-0.0582,0.0864,0.012,0.0083,0.0116,0.0,0.0
1780080241808,2,12.00000015,Lower Delivery,Delivery,pitch.1,775136,-0.9556,8.8243,85.8853,-239.1595,164.2625,-0.8788,-0.196,-0.2854
1780080241808,2,12.00000015,Lower Delivery,Delivery,pitch.1,775137,-0.951,8.826,86.002,-239.3129,164.3176,-0.9297,-0.1958,-0.2852
1780080241808,2,12.00000018,Upper Delivery,Delivery,pitch.1,776423,2.4599,2.7682,14.5927,43.2818,20.7949,-13.6646,-0.1461,0.304
1780080241808,2,Pitching Mound.Delivery,,Delivery,pitch.1,774511,1.5043,11.5925,100.478,-171.6382,185.0573,-13.3821,-0.1888,0.0414
1780080241808,2,Pitching Mound.Drive,,Delivery,pitch.1,775625,0.1908,-0.0582,0.0864,0.012,0.0083,0.0116,0.0,0.0
1780080241808,2,Pitching Mound.Parent,,Delivery,pitch.1,773767,1.6951,11.5343,100.5644,-171.6262,185.0656,-13.3705,-0.1886,0.0414
1780080241809,2,11.0000004b,Drive,Delivery,pitch.1,775626,0.205,-0.0633,0.0919,0.0035,0.0051,0.0129,0.0,0.0
1780080241809,2,12.00000015,Lower Delivery,Delivery,pitch.1,775138,-0.957,8.8304,86.0074,-239.2197,164.1851,-1.0016,-0.1957,-0.2851
1780080241809,2,12.00000018,Upper Delivery,Delivery,pitch.1,776424,2.4303,2.7491,14.4239,42.9527,20.7509,-13.5994,-0.1475,0.3052
1780080241809,2,Pitching Mound.Delivery,,Delivery,pitch.1,774512,1.4793,11.5751,100.4259,-172.0237,185.0685,-13.3795,-0.1889,0.0419
1780080241809,2,Pitching Mound.Drive,,Delivery,pitch.1,775626,0.205,-0.0633,0.0919,0.0035,0.0051,0.0129,0.0,0.0
1780080241809,2,Pitching Mound.Parent,,Delivery,pitch.1,773768,1.6844,11.5118,100.5178,-172.0202,185.0735,-13.3666,-0.1887,0.0419
1780080241810,2,11.0000004b,Drive,Delivery,pitch.1,775627,0.1948,-0.0594,0.0894,0.0145,0.0102,0.0116,0.0,0.0
1780080241810,2,12.00000015,Lower Delivery,Delivery,pitch.1,775139,-0.9636,8.8332,85.9957,-239.1043,164.0406,-1.0655,-0.1955,-0.285
1780080241810,2,12.00000018,Upper Delivery,Delivery,pitch.1,776425,2.4374,2.7546,14.3899,42.7125,20.6949,-13.6099,-0.1474,0.3042
1780080241810,2,Pitching Mound.Delivery,,Delivery,pitch.1,774513,1.4803,11.585,100.3972,-172.1573,184.8799,-13.4574,-0.1887,0.0419
1780080241810,2,Pitching Mound.Drive,,Delivery,pitch.1,775627,0.1948,-0.0594,0.0894,0.0145,0.0102,0.0116,0.0,0.0
1780080241810,2,Pitching Mound.Parent,,Delivery,pitch.1,773769,1.6751,11.5256,100.4866,-172.1428,184.8901,-13.4458,-0.1886,0.0419
1780080241811,2,11.0000004b,Drive,Delivery,pitch.1,775628,0.2111,-0.0651,0.0926,0.0219,0.0184,0.0113,0.0,0.0
1780080241811,2,12.00000018,Upper Delivery,Delivery,pitch.1,776426,2.4192,2.7526,14.3157,42.583,20.4532,-13.5388,-0.1464,0.3049
1780080241811,2,Pitching Mound.Delivery,,Delivery,pitch.1,774514,1.4556,11.5858,100.3114,-172.1501,184.4938,-13.4542,-0.1885,0.0422
1780080241811,2,Pitching Mound.Drive,,Delivery,pitch.1,775628,0.2111,-0.0651,0.0926,0.0219,0.0184,0.0113,0.0,0.0
1780080241811,2,Pitching Mound.Parent,,Delivery,pitch.1,773770,1.6667,11.5206,100.404,-172.1282,184.5123,-13.4429,-0.1883,0.0421
1780080241812,2,11.0000004b,Drive,Delivery,pitch.1,775629,0.1909,-0.0577,0.0825,0.0352,0.0302,0.0102,0.0,0.0
1780080241812,2,12.00000015,Lower Delivery,Delivery,pitch.1,775140,-0.9589,8.8325,85.9684,-238.909,163.7524,-1.1043,-0.1952,-0.2848
1780080241812,2,12.00000018,Upper Delivery,Delivery,pitch.1,776427,2.402,2.7433,14.2337,42.3249,20.3686,-13.4824,-0.1467,0.3048
1780080241812,2,Pitching Mound.Delivery,,Delivery,pitch.1,774515,1.4431,11.5758,100.2021,-172.1943,184.121,-13.444,-0.1883,0.0423
1780080241812,2,Pitching Mound.Drive,,Delivery,pitch.1,775629,0.1909,-0.0577,0.0825,0.0352,0.0302,0.0102,0.0,0.0
1780080241812,2,Pitching Mound.Parent,,Delivery,pitch.1,773771,1.634,11.5181,100.2846,-172.159,184.1512,-13.4339,-0.1882,0.0423
1780080241813,2,11.0000004b,Drive,Delivery,pitch.1,775630,0.1718,-0.0508,0.0785,0.0305,0.027,0.0103,0.0,0.0
1780080241813,2,12.00000015,Lower Delivery,Delivery,pitch.1,775141,-0.9626,8.8405,86.0273,-238.9302,163.8616,-1.1767,-0.1952,-0.2847
1780080241813,2,12.00000015,Lower Delivery,Delivery,pitch.1,775142,-0.991,8.8663,86.1185,-239.082,163.8559,-1.1621,-0.195,-0.2845
1780080241813,2,12.00000018,Upper Delivery,Delivery,pitch.1,776428,2.391,2.7576,14.2447,42.1779,20.4445,-13.4399,-0.1471,0.3035
1780080241813,2,Pitching Mound.Delivery,,Delivery,pitch.1,774516,1.4284,11.5981,100.272,-172.3462,184.3062,-13.4764,-0.1884,0.0423
1780080241813,2,Pitching Mound.Drive,,Delivery,pitch.1,775630,0.1718,-0.0508,0.0785,0.0305,0.027,0.0103,0.0,0.0
1780080241813,2,Pitching Mound.Parent,,Delivery,pitch.1,773772,1.6002,11.5472,100.3505,-172.3157,184.3332,-13.4661,-0.1882,0.0423
1780080241814,2,11.0000004b,Drive,Delivery,pitch.1,775631,0.1459,-0.0418,0.0667,0.0343,0.009,0.0096,0.0,0.0
1780080241814,2,12.00000015,Lower Delivery,Delivery,pitch.1,775143,-0.9848,8.8661,86.101,-239.0625,163.6638,-1.2003,-0.1948,-0.2846
1780080241814,2,12.00000018,Upper Delivery,Delivery,pitch.1,776429,2.37,2.7523,14.0876,41.9299,20.4863,-13.4201,-0.149,0.3051
1780080241814,2,Pitching Mound.Delivery,,Delivery,pitch.1,774517,1.379,11.6186,100.2061,-172.6616,184.3422,-13.4395,-0.1886,0.0427
1780080241814,2,Pitching Mound.Drive,,Delivery,pitch.1,775631,0.1459,-0.0418,0.0667,0.0343,0.009,0.0096,0.0,0.0
1780080241814,2,Pitching Mound.Parent,,Delivery,pitch.1,773773,1.525,11.5768,100.2728,-172.6273,184.3512,-13.4299,-0.1884,0.0427
1780080241815,2,11.0000004b,Drive,Delivery,pitch.1,775632,0.1506,-0.0437,0.0543,0.0494,-0.0479,0.0081,0.0,0.0
1780080241815,2,12.00000015,Lower Delivery,Delivery,pitch.1,775144,-1.0013,8.8726,85.9026,-238.8395,163.6834,-1.2426,-0.1953,-0.285
1780080241815,2,12.00000018,Upper Delivery,Delivery,pitch.1,776430,2.3678,2.7596,14.0904,41.82,20.3718,-13.448,-0.1482,0.3042
1780080241815,2,Pitching Mound.Delivery,,Delivery,pitch.1,774518,1.3831,11.6257,100.1915,-172.7588,184.0356,-13.5084,-0.1883,0.0426
1780080241815,2,Pitching Mound.Drive,,Delivery,pitch.1,775632,0.1506,-0.0437,0.0543,0.0494,-0.0479,0.0081,0.0,0.0
1780080241815,2,Pitching Mound.Parent,,Delivery,pitch.1,773774,1.5336,11.582,100.2457,-172.7094,183.9877,-13.5003,-0.1882,0.0426
1780080241816,2,11.0000004b,Drive,Delivery,pitch.1,775633,0.1538,-0.0454,0.0384,0.0357,0.0222,0.0091,0.0,0.0
1780080241816,2,12.00000018,Upper Delivery,Delivery,pitch.1,776431,2.36,2.751,14.087,41.8077,20.2871,-13.3874,-0.1476,0.3042
1780080241816,2,Pitching Mound.Delivery,,Delivery,pitch.1,774519,1.3587,11.6235,99.9896,-172.6145,183.9705,-13.4872,-0.1886,0.0422
1780080241816,2,Pitching Mound.Drive,,Delivery,pitch.1,775633,0.1538,-0.0454,0.0384,0.0357,0.0222,0.0091,0.0,0.0
1780080241816,2,Pitching Mound.Parent,,Delivery,pitch.1,773775,1.5125,11.5782,100.028,-172.5788,183.9928,-13.4781,-0.1885,0.0422
1780080241817,2,11.0000004b,Drive,Delivery,pitch.1,775634,0.1376,-0.0399,0.0256,0.0415,0.0345,0.0088,0.0,0.0
1780080241817,2,12.00000015,Lower Delivery,Delivery,pitch.1,775145,-1.0035,8.8772,85.8686,-238.5822,163.3668,-1.3041,-0.195,-0.2848
1780080241817,2,12.00000015,Lower Delivery,Delivery,pitch.1,775146,-1.0142,8.8868,85.7595,-238.7657,163.4685,-1.3437,-0.1954,-0.2854
1780080241817,2,12.00000018,Upper Delivery,Delivery,pitch.1,776432,2.3273,2.7494,13.9936,41.6936,20.19,-13.3807,-0.1479,0.3054
1780080241817,2,Pitching Mound.Delivery,,Delivery,pitch.1,774520,1.3238,11.6267,99.8622,-172.4512,183.5568,-13.5523,-0.1884,0.0426
1780080241817,2,Pitching Mound.Drive,,Delivery,pitch.1,775634,0.1376,-0.0399,0.0256,0.0415,0.0345,0.0088,0.0,0.0
1780080241817,2,Pitching Mound.Parent,,Delivery,pitch.1,773776,1.4614,11.5867,99.8879,-172.4097,183.5913,-13.5435,-0.1883,0.0426
1780080241818,2,11.0000004b,Drive,Delivery,pitch.1,775635,0.1615,-0.0477,0.0592,0.0345,0.0257,0.0086,0.0,0.0
1780080241818,2,12.00000018,Upper Delivery,Delivery,pitch.1,776433,2.3251,2.726,13.9055,41.4238,19.9629,-13.3416,-0.1471,0.3053
1780080241818,2,Pitching Mound.Delivery,,Delivery,pitch.1,774521,1.3109,11.6128,99.6649,-172.9116,183.4314,-13.5499,-0.1886,0.0422
1780080241818,2,Pitching Mound.Drive,,Delivery,pitch.1,775635,0.1615,-0.0477,0.0592,0.0345,0.0257,0.0086,0.0,0.0
1780080241818,2,Pitching Mound.Parent,,Delivery,pitch.1,773777,1.4724,11.5651,99.7241,-172.8771,183.4571,-13.5414,-0.1885,0.0422
1780080241819,2,11.0000004b,Drive,Delivery,pitch.1,775636,0.1598,-0.0474,0.0476,0.0331,0.0243,0.0087,0.0,0.0
1780080241819,2,12.00000015,Lower Delivery,Delivery,pitch.1,775148,-1.0387,8.9044,85.5728,-238.6488,163.4901,-1.3701,-0.1958,-0.2858
1780080241819,2,12.00000015,Lower Delivery,Delivery,pitch.1,775147,-1.0207,8.8953,85.6366,-238.6386,163.4541,-1.3653,-0.1956,-0.2856
1780080241819,2,12.00000018,Upper Delivery,Delivery,pitch.1,776434,2.3185,2.7182,13.9164,41.5157,19.7924,-13.3812,-0.1458,0.3058
1780080241819,2,Pitching Mound.Delivery,,Delivery,pitch.1,774522,1.2977,11.6135,99.553,-172.738,183.2464,-13.6112,-0.1887,0.042
1780080241819,2,Pitching Mound.Drive,,Delivery,pitch.1,775636,0.1598,-0.0474,0.0476,0.0331,0.0243,0.0087,0.0,0.0
1780080241819,2,Pitching Mound.Parent,,Delivery,pitch.1,773778,1.4576,11.5661,99.6005,-172.7048,183.2707,-13.6025,-0.1886,0.042
1780080241820,2,11.0000004b,Drive,Delivery,pitch.1,775637,0.1626,-0.0479,0.0594,0.0361,0.0241,0.0085,0.0,0.0
1780080241820,2,12.00000015,Lower Delivery,Delivery,pitch.1,775149,-1.0305,8.901,85.5456,-238.8036,163.5877,-1.4334,-0.196,-0.2861
1780080241820,2,12.00000018,Upper Delivery,Delivery,pitch.1,776435,2.3265,2.7179,13.9073,41.6234,19.8283,-13.3192,-0.1461,0.3068
1780080241820,2,Pitching Mound.Delivery,,Delivery,pitch.1,774523,1.2878,11.6223,99.48,-172.6592,183.3184,-13.5451,-0.1889,0.0419
1780080241820,2,Pitching Mound.Drive,,Delivery,pitch.1,775637,0.1626,-0.0479,0.0594,0.0361,0.0241,0.0085,0.0,0.0
1780080241820,2,Pitching Mound.Parent,,Delivery,pitch.1,773779,1.4504,11.5744,99.5395,-172.6231,183.3425,-13.5366,-0.1888,0.0419
1780080241821,2,11.0000004b,Drive,Delivery,pitch.1,775638,0.1454,-0.0417,0.0525,0.0326,0.0247,0.0092,0.0,0.0
1780080241821,2,12.00000015,Lower Delivery,Delivery,pitch.1,775150,-1.0297,8.9079,85.5653,-238.9079,163.7636,-1.5234,-0.1962,-0.2862
1780080241821,2,12.00000018,Upper Delivery,Delivery,pitch.1,776436,2.3022,2.7027,13.7861,41.3954,19.5659,-13.2673,-0.1455,0.3078
1780080241821,2,Pitching Mound.Delivery,,Delivery,pitch.1,774524,1.2717,11.6037,99.3317,-173.0099,183.1536,-13.5675,-0.189,0.0419
1780080241821,2,Pitching Mound.Drive,,Delivery,pitch.1,775638,0.1454,-0.0417,0.0525,0.0326,0.0247,0.0092,0.0,0.0
1780080241821,2,Pitching Mound.Parent,,Delivery,pitch.1,773780,1.4171,11.5619,99.3843,-172.9773,183.1784,-13.5583,-0.1889,0.0419
1780080241822,2,11.0000004b,Drive,Delivery,pitch.1,775639,0.1605,-0.0472,0.0601,0.0352,0.0226,0.0088,0.0,0.0
1780080241822,2,12.00000015,Lower Delivery,Delivery,pitch.1,775151,-1.0336,8.9058,85.4181,-238.8195,163.8293,-1.5702,-0.1966,-0.2866
1780080241822,2,12.00000018,Upper Delivery,Delivery,pitch.1,776437,2.3099,2.7069,13.7828,41.2888,19.5987,-13.3002,-0.1457,0.307
1780080241822,2,Pitching Mound.Delivery,,Delivery,pitch.1,774525,1.2802,11.6148,99.3482,-173.213,183.3623,-13.6881,-0.1892,0.0418
1780080241822,2,Pitching Mound.Drive,,Delivery,pitch.1,775639,0.1605,-0.0472,0.0601,0.0352,0.0226,0.0088,0.0,0.0
1780080241822,2,Pitching Mound.Parent,,Delivery,pitch.1,773781,1.4407,11.5676,99.4083,-173.1778,183.3849,-13.6793,-0.1891,0.0418
1780080241823,2,11.0000004b,Drive,Delivery,pitch.1,775640,0.1575,-0.046,0.0655,0.0251,0.0118,0.0087,0.0,0.0
1780080241823,2,12.00000015,Lower Delivery,Delivery,pitch.1,775152,-1.0329,8.9073,85.4098,-238.8534,163.6443,-1.6205,-0.1964,-0.2866
1780080241823,2,12.00000018,Upper Delivery,Delivery,pitch.1,776438,2.3156,2.6889,13.8319,41.2823,19.6317,-13.2694,-0.1455,0.3059
1780080241823,2,Pitching Mound.Delivery,,Delivery,pitch.1,774526,1.282,11.5946,99.2499,-173.1979,183.4611,-13.7008,-0.1895,0.0412
1780080241823,2,Pitching Mound.Drive,,Delivery,pitch.1,775640,0.1575,-0.046,0.0655,0.0251,0.0118,0.0087,0.0,0.0
1780080241823,2,Pitching Mound.Parent,,Delivery,pitch.1,773782,1.4395,11.5486,99.3154,-173.1728,183.4728,-13.6921,-0.1893,0.0412
1780080241824,2,11.0000004b,Drive,Delivery,pitch.1,775641,0.1421,-0.0405,0.06,0.0291,0.0168,0.009,0.0,0.0
1780080241824,2,12.00000015,Lower Delivery,Delivery,pitch.1,775153,-1.0438,8.913,85.2899,-238.6715,163.614,-1.7072,-0.1966,-0.2868
1780080241824,2,12.00000018,Upper Delivery,Delivery,pitch.1,776439,2.3031,2.6899,13.8133,41.2421,19.5558,-13.2671,-0.1451,0.306
1780080241824,2,Pitching Mound.Delivery,,Delivery,pitch.1,774527,1.2702,11.5972,99.2231,-173.2685,183.2001,-13.7534,-0.1892,0.0412
1780080241824,2,Pitching Mound.Drive,,Delivery,pitch.1,775641,0.1421,-0.0405,0.06,0.0291,0.0168,0.009,0.0,0.0
1780080241824,2,Pitching Mound.Parent,,Delivery,pitch.1,773783,1.4123,11.5568,99.283,-173.2394,183.2169,-13.7444,-0.1891,0.0412
1780080241825,2,11.0000004b,Drive,Delivery,pitch.1,775642,0.0925,-0.0223,0.0602,0.0162,0.0053,0.0097,0.0,0.0
1780080241825,2,12.00000018,Upper Delivery,Delivery,pitch.1,776440,2.3012,2.6749,13.8347,41.4808,19.3376,-13.222,-0.1433,0.3073
1780080241825,2,Pitching Mound.Delivery,,Delivery,pitch.1,774528,1.2574,11.588,99.1246,-172.896,182.9516,-13.7918,-0.1892,0.0412
1780080241825,2,Pitching Mound.Drive,,Delivery,pitch.1,775642,0.0925,-0.0223,0.0602,0.0162,0.0053,0.0097,0.0,0.0
1780080241825,2,Pitching Mound.Parent,,Delivery,pitch.1,773784,1.3499,11.5657,99.1848,-172.8797,182.9569,-13.7821,-0.1891,0.0412
1780080241826,2,11.0000004b,Drive,Delivery,pitch.1,775643,0.0989,-0.0245,0.0652,0.0218,0.0101,0.0094,0.0,0.0
1780080241826,2,12.00000015,Lower Delivery,Delivery,pitch.1,775154,-1.0296,8.8984,85.2582,-238.759,163.5515,-1.7622,-0.1966,-0.287
1780080241826,2,12.00000015,Lower Delivery,Delivery,pitch.1,775155,-1.0378,8.9306,85.3374,-238.9815,163.7586,-1.8368,-0.1967,-0.287
1780080241826,2,12.00000018,Upper Delivery,Delivery,pitch.1,776441,2.3081,2.681,13.8216,41.1757,19.3915,-13.2388,-0.1438,0.3053
1780080241826,2,Pitching Mound.Delivery,,Delivery,pitch.1,774529,1.2784,11.5794,99.0798,-173.2948,182.943,-13.8663,-0.1892,0.0407
1780080241826,2,Pitching Mound.Drive,,Delivery,pitch.1,775643,0.0989,-0.0245,0.0652,0.0218,0.0101,0.0094,0.0,0.0
1780080241826,2,Pitching Mound.Parent,,Delivery,pitch.1,773785,1.3774,11.5549,99.145,-173.273,182.9531,-13.8568,-0.1891,0.0407
1780080241827,2,11.0000004b,Drive,Delivery,pitch.1,775644,0.0859,-0.0202,0.0532,0.0174,0.0094,0.01,0.0,0.0
1780080241827,2,12.00000015,Lower Delivery,Delivery,pitch.1,775156,-1.0239,8.9363,85.3611,-239.2888,163.9728,-1.9301,-0.1969,-0.2873
1780080241827,2,12.00000018,Upper Delivery,Delivery,pitch.1,776442,2.2926,2.683,13.7752,41.0001,19.4556,-13.2735,-0.1448,0.3051
1780080241827,2,Pitching Mound.Delivery,,Delivery,pitch.1,774530,1.2549,11.6135,99.1125,-173.6503,183.2142,-13.978,-0.1895,0.0408
1780080241827,2,Pitching Mound.Drive,,Delivery,pitch.1,775644,0.0859,-0.0202,0.0532,0.0174,0.0094,0.01,0.0,0.0
1780080241827,2,Pitching Mound.Parent,,Delivery,pitch.1,773786,1.3408,11.5933,99.1658,-173.6328,183.2236,-13.968,-0.1894,0.0407
1780080241828,2,11.0000004b,Drive,Delivery,pitch.1,775645,0.114,-0.0294,0.0715,0.0201,0.0117,0.0092,0.0,0.0
1780080241828,2,12.00000015,Lower Delivery,Delivery,pitch.1,775157,-1.0186,8.932,85.2942,-239.322,164.0005,-2.0941,-0.1971,-0.2876
1780080241828,2,12.00000018,Upper Delivery,Delivery,pitch.1,776443,2.3012,2.6926,13.8156,40.9581,19.3286,-13.2457,-0.1434,0.3039
1780080241828,2,Pitching Mound.Delivery,,Delivery,pitch.1,774531,1.2773,11.6289,99.1767,-174.0052,183.3014,-14.0453,-0.1894,0.0403
1780080241828,2,Pitching Mound.Drive,,Delivery,pitch.1,775645,0.114,-0.0294,0.0715,0.0201,0.0117,0.0092,0.0,0.0
1780080241828,2,Pitching Mound.Parent,,Delivery,pitch.1,773787,1.3912,11.5995,99.2483,-173.9851,183.3131,-14.036,-0.1893,0.0403
1780080241829,2,11.0000004b,Drive,Delivery,pitch.1,775646,0.0901,-0.0214,0.0566,0.0226,0.015,0.0095,0.0,0.0
1780080241829,2,12.00000018,Upper Delivery,Delivery,pitch.1,776444,2.2994,2.6991,13.859,41.0377,19.4148,-13.2814,-0.1436,0.3035
1780080241829,2,Pitching Mound.Delivery,,Delivery,pitch.1,774532,1.2807,11.6311,99.1532,-173.9963,183.4154,-14.2473,-0.1896,0.04
1780080241829,2,Pitching Mound.Drive,,Delivery,pitch.1,775646,0.0901,-0.0214,0.0566,0.0226,0.015,0.0095,0.0,0.0
1780080241829,2,Pitching Mound.Parent,,Delivery,pitch.1,773788,1.3708,11.6097,99.2098,-173.9737,183.4304,-14.2378,-0.1895,0.04
1780080241830,2,11.0000004b,Drive,Delivery,pitch.1,775647,0.0873,-0.0208,0.0513,0.018,0.0086,0.009,0.0,0.0
1780080241830,2,12.00000015,Lower Delivery,Delivery,pitch.1,775158,-1.0146,8.9554,85.3505,-239.3631,163.9483,-2.3874,-0.1969,-0.2874
1780080241830,2,12.00000015,Lower Delivery,Delivery,pitch.1,775159,-1.0151,8.9896,85.4238,-239.4094,164.0508,-2.4775,-0.1968,-0.2873
1780080241830,2,12.00000018,Upper Delivery,Delivery,pitch.1,776445,2.3164,2.7041,13.8054,40.7739,19.3962,-13.1977,-0.144,0.3027
1780080241830,2,Pitching Mound.Delivery,,Delivery,pitch.1,774533,1.3018,11.6595,99.1559,-174.2639,183.3445,-14.4526,-0.1895,0.04
1780080241830,2,Pitching Mound.Drive,,Delivery,pitch.1,775647,0.0873,-0.0208,0.0513,0.018,0.0086,0.009,0.0,0.0
1780080241830,2,Pitching Mound.Parent,,Delivery,pitch.1,773789,1.3891,11.6387,99.2072,-174.2459,183.353,-14.4436,-0.1894,0.04
1780080241831,2,11.0000004b,Drive,Delivery,pitch.1,775648,0.0826,-0.0193,0.0439,0.0185,0.0099,0.0077,0.0,0.0
1780080241831,2,12.00000018,Upper Delivery,Delivery,pitch.1,776446,2.3194,2.688,13.8027,40.568,19.1262,-13.196,-0.142,0.3012
1780080241831,2,Pitching Mound.Delivery,,Delivery,pitch.1,774534,1.3043,11.6776,99.2264,-174.4902,183.1769,-14.5397,-0.1892,0.04
1780080241831,2,Pitching Mound.Drive,,Delivery,pitch.1,775648,0.0826,-0.0193,0.0439,0.0185,0.0099,0.0077,0.0,0.0
1780080241831,2,Pitching Mound.Parent,,Delivery,pitch.1,773790,1.3869,11.6583,99.2703,-174.4717,183.1868,-14.532,-0.1891,0.04
1780080241832,2,11.0000004b,Drive,Delivery,pitch.1,775649,0.1011,-0.0255,0.0569,0.0199,0.0131,0.0072,0.0,0.0
1780080241832,2,12.00000015,Lower Delivery,Delivery,pitch.1,775160,-1.0001,9.0131,85.485,-239.3146,163.8822,-2.5918,-0.1965,-0.2869
1780080241832,2,12.00000018,Upper Delivery,Delivery,pitch.1,776447,2.3296,2.6928,13.805,40.4229,18.9639,-13.1772,-0.1408,0.3001
1780080241832,2,Pitching Mound.Delivery,,Delivery,pitch.1,774535,1.3295,11.706,99.2899,-174.5205,182.8461,-14.6369,-0.1887,0.0401
1780080241832,2,Pitching Mound.Drive,,Delivery,pitch.1,775649,0.1011,-0.0255,0.0569,0.0199,0.0131,0.0072,0.0,0.0
1780080241832,2,Pitching Mound.Parent,,Delivery,pitch.1,773791,1.4306,11.6805,99.3469,-174.5006,182.8592,-14.6297,-0.1886,0.0401
1780080241833,2,11.0000004b,Drive,Delivery,pitch.1,775650,0.1468,-0.0391,0.1016,0.0283,0.0164,0.0062,0.0,0.0
1780080241833,2,12.00000015,Lower Delivery,Delivery,pitch.1,775161,-0.9807,9.0412,85.5322,-239.3222,163.7195,-2.8124,-0.1962,-0.2868
1780080241833,2,12.00000015,Lower Delivery,Delivery,pitch.1,775162,-0.9535,9.0469,85.6016,-239.2115,163.2722,-2.981,-0.1955,-0.2864
1780080241833,2,12.00000018,Upper Delivery,Delivery,pitch.1,776448,2.3332,2.6795,13.7688,40.2189,18.8577,-13.1429,-0.1404,0.2994
1780080241833,2,Pitching Mound.Delivery,,Delivery,pitch.1,774536,1.3525,11.7208,99.301,-174.7037,182.5771,-14.8286,-0.1884,0.0402
1780080241833,2,Pitching Mound.Drive,,Delivery,pitch.1,775650,0.1468,-0.0391,0.1016,0.0283,0.0164,0.0062,0.0,0.0
1780080241833,2,Pitching Mound.Parent,,Delivery,pitch.1,773792,1.4993,11.6817,99.4026,-174.6754,182.5935,-14.8224,-0.1883,0.0402
1780080241834,2,11.0000004b,Drive,Delivery,pitch.1,775651,0.1566,-0.0443,0.0841,0.0369,0.0268,0.0057,0.0,0.0
1780080241834,2,12.00000015,Lower Delivery,Delivery,pitch.1,775163,-0.9536,9.0734,85.6613,-239.198,163.3966,-3.2553,-0.1955,-0.2862
1780080241834,2,12.00000018,Upper Delivery,Delivery,pitch.1,776449,2.3251,2.6861,13.6171,40.1296,18.7049,-13.1131,-0.1408,0.3021
1780080241834,2,Pitching Mound.Delivery,,Delivery,pitch.1,774537,1.3716,11.733,99.2188,-174.6071,181.9772,-14.9794,-0.188,0.041
1780080241834,2,Pitching Mound.Drive,,Delivery,pitch.1,775651,0.1566,-0.0443,0.0841,0.0369,0.0268,0.0057,0.0,0.0
1780080241834,2,Pitching Mound.Parent,,Delivery,pitch.1,773793,1.5282,11.6887,99.3028,-174.5702,182.004,-14.9737,-0.1878,0.041
1780080241835,2,11.0000004b,Drive,Delivery,pitch.1,775652,0.1588,-0.0449,0.0882,0.0343,0.0225,0.0053,0.0,0.0
1780080241835,2,12.00000015,Lower Delivery,Delivery,pitch.1,775164,-0.9285,9.091,85.5503,-239.0995,163.3767,-3.3476,-0.1957,-0.2865
1780080241835,2,12.00000018,Upper Delivery,Delivery,pitch.1,776450,2.3265,2.6777,13.5777,40.1611,18.5426,-13.0402,-0.14,0.3032
1780080241835,2,Pitching Mound.Delivery,,Delivery,pitch.1,774538,1.3729,11.7511,99.239,-174.5285,181.9392,-15.1803,-0.1879,0.0414
1780080241835,2,Pitching Mound.Drive,,Delivery,pitch.1,775652,0.1588,-0.0449,0.0882,0.0343,0.0225,0.0053,0.0,0.0
1780080241835,2,Pitching Mound.Parent,,Delivery,pitch.1,773794,1.5317,11.7061,99.3272,-174.4942,181.9617,-15.175,-0.1877,0.0414
1780080241836,2,11.0000004b,Drive,Delivery,pitch.1,775653,0.1515,-0.0435,0.0722,0.0429,0.0295,0.0048,0.0,0.0
1780080241836,2,12.00000015,Lower Delivery,Delivery,pitch.1,775165,-0.9363,9.1164,85.5804,-239.112,163.308,-3.4774,-0.1956,-0.2864
1780080241836,2,12.00000018,Upper Delivery,Delivery,pitch.1,776451,2.3438,2.6669,13.5255,40.0969,18.3513,-13.0135,-0.1391,0.3039
1780080241836,2,Pitching Mound.Delivery,,Delivery,pitch.1,774539,1.4153,11.7579,99.0758,-174.5141,181.728,-15.2484,-0.188,0.0413
1780080241836,2,Pitching Mound.Drive,,Delivery,pitch.1,775653,0.1515,-0.0435,0.0722,0.0429,0.0295,0.0048,0.0,0.0
1780080241836,2,Pitching Mound.Parent,,Delivery,pitch.1,773795,1.5668,11.7144,99.148,-174.4713,181.7575,-15.2436,-0.1879,0.0413
1780080241837,2,11.0000004b,Drive,Delivery,pitch.1,775654,0.1698,-0.0483,0.0985,0.0446,0.0278,0.0043,0.0,0.0
1780080241837,2,12.00000015,Lower Delivery,Delivery,pitch.1,775166,-0.9115,9.1193,85.5086,-238.9843,163.1939,-3.5824,-0.1956,-0.2865
1780080241837,2,12.00000018,Upper Delivery,Delivery,pitch.1,776452,2.3449,2.6551,13.4798,40.2246,18.1878,-12.9568,-0.1383,0.3059
1780080241837,2,Pitching Mound.Delivery,,Delivery,pitch.1,774540,1.4086,11.7715,99.0601,-174.3732,181.4958,-15.3185,-0.1878,0.0417
1780080241837,2,Pitching Mound.Drive,,Delivery,pitch.1,775654,0.1698,-0.0483,0.0985,0.0446,0.0278,0.0043,0.0,0.0
1780080241837,2,Pitching Mound.Parent,,Delivery,pitch.1,773796,1.5784,11.7232,99.1587,-174.3286,181.5236,-15.3143,-0.1876,0.0416
1780080241838,2,11.0000004b,Drive,Delivery,pitch.1,775655,0.184,-0.0518,0.1181,0.0406,0.0233,0.0043,0.0,0.0
1780080241838,2,12.00000015,Lower Delivery,Delivery,pitch.1,775167,-0.9083,9.1577,85.4715,-238.9598,163.0512,-3.6427,-0.1955,-0.2866
1780080241838,2,12.00000018,Upper Delivery,Delivery,pitch.1,776453,2.3522,2.6549,13.4755,40.2402,18.1896,-12.9076,-0.1384,0.3061
1780080241838,2,Pitching Mound.Delivery,,Delivery,pitch.1,774541,1.4407,11.7742,98.9841,-174.2529,181.3835,-15.3804,-0.1878,0.0416
1780080241838,2,Pitching Mound.Drive,,Delivery,pitch.1,775655,0.184,-0.0518,0.1181,0.0406,0.0233,0.0043,0.0,0.0
1780080241838,2,Pitching Mound.Parent,,Delivery,pitch.1,773797,1.6247,11.7224,99.1022,-174.2123,181.4068,-15.376,-0.1876,0.0416
1780080241839,2,11.0000004b,Drive,Delivery,pitch.1,775656,0.2087,-0.0607,0.1222,0.0506,0.0306,0.0024,0.0,0.0
1780080241839,2,12.00000015,Lower Delivery,Delivery,pitch.1,775168,-0.9187,9.1751,85.3048,-238.7823,162.7583,-3.7005,-0.1956,-0.2869
1780080241839,2,12.00000018,Upper Delivery,Delivery,pitch.1,776454,2.3524,2.6738,13.4774,40.0176,18.2785,-12.8627,-0.139,0.3043
1780080241839,2,Pitching Mound.Delivery,,Delivery,pitch.1,774542,1.4441,11.8316,98.9489,-174.4642,181.3297,-15.3967,-0.1878,0.0413
1780080241839,2,Pitching Mound.Drive,,Delivery,pitch.1,775656,0.2087,-0.0607,0.1222,0.0506,0.0306,0.0024,0.0,0.0
1780080241839,2,Pitching Mound.Parent,,Delivery,pitch.1,773798,1.6528,11.7708,99.0711,-174.4136,181.3603,-15.3943,-0.1876,0.0413
1780080241840,2,11.0000004b,Drive,Delivery,pitch.1,775657,0.2063,-0.0593,0.1293,0.0502,0.0314,0.0031,0.0,0.0
1780080241840,2,12.00000015,Lower Delivery,Delivery,pitch.1,775169,-0.9135,9.1956,85.2614,-238.6786,162.7656,-3.7998,-0.1957,-0.2869
1780080241840,2,12.00000018,Upper Delivery,Delivery,pitch.1,776455,2.3351,2.6584,13.3411,40.0631,18.1641,-12.8455,-0.1395,0.3078
1780080241840,2,Pitching Mound.Delivery,,Delivery,pitch.1,774543,1.4163,11.8335,98.6458,-174.2515,180.9224,-15.4397,-0.188,0.0416
1780080241840,2,Pitching Mound.Drive,,Delivery,pitch.1,775657,0.2063,-0.0593,0.1293,0.0502,0.0314,0.0031,0.0,0.0
1780080241840,2,Pitching Mound.Parent,,Delivery,pitch.1,773799,1.6227,11.7742,98.7752,-174.2013,180.9538,-15.4366,-0.1877,0.0415
1780080241841,2,11.0000004b,Drive,Delivery,pitch.1,775658,0.2249,-0.066,0.1337,0.076,-0.084,0.0022,0.0,0.0
1780080241841,2,12.00000015,Lower Delivery,Delivery,pitch.1,775170,-0.9101,9.2065,85.0736,-238.451,162.4854,-3.8227,-0.1958,-0.2873
1780080241841,2,12.00000018,Upper Delivery,Delivery,pitch.1,776456,2.3077,2.6481,13.3038,39.9601,18.1272,-12.8061,-0.1397,0.3079
1780080241841,2,Pitching Mound.Delivery,,Delivery,pitch.1,774544,1.3942,11.8437,98.5651,-174.253,180.8928,-15.5106,-0.1881,0.0416
1780080241841,2,Pitching Mound.Drive,,Delivery,pitch.1,775658,0.2249,-0.066,0.1337,0.076,-0.084,0.0022,0.0,0.0
1780080241841,2,Pitching Mound.Parent,,Delivery,pitch.1,773800,1.6191,11.7777,98.6988,-174.177,180.8088,-15.5084,-0.1879,0.0415
1780080241842,2,11.0000004b,Drive,Delivery,pitch.1,775659,0.2372,-0.0679,0.1639,0.0853,-0.1743,0.004,0.0,0.0
1780080241842,2,12.00000015,Lower Delivery,Delivery,pitch.1,775171,-0.9177,9.2296,84.9945,-238.2578,162.3079,-3.8722,-0.1957,-0.2873
1780080241842,2,12.00000018,Upper Delivery,Delivery,pitch.1,776457,2.308,2.6641,13.2341,39.9698,17.8962,-12.7635,-0.1386,0.3096
1780080241842,2,Pitching Mound.Delivery,,Delivery,pitch.1,774545,1.3979,11.8706,98.3077,-174.0558,180.3816,-15.492,-0.1881,0.0415
1780080241842,2,Pitching Mound.Drive,,Delivery,pitch.1,775659,0.2372,-0.0679,0.1639,0.0853,-0.1743,0.004,0.0,0.0
1780080241842,2,Pitching Mound.Parent,,Delivery,pitch.1,773801,1.6351,11.8027,98.4716,-173.9704,180.2073,-15.4881,-0.1878,0.0415
1780080241843,2,11.0000004b,Drive,Delivery,pitch.1,775660,0.2462,-0.071,0.1686,0.1041,-0.2846,0.0041,0.0,0.0
1780080241843,2,11.0000004b,Drive,Delivery,pitch.1,775661,0.2427,-0.0701,0.1589,0.0984,-0.2906,0.0028,0.0,0.0
1780080241843,2,12.00000015,Lower Delivery,Delivery,pitch.1,775172,-0.9371,9.2609,84.8773,-238.2495,162.2673,-3.9215,-0.1959,-0.2877
1780080241843,2,12.00000018,Upper Delivery,Delivery,pitch.1,776458,2.2761,2.6683,13.2002,39.8392,17.9294,-12.7347,-0.1392,0.3093
1780080241843,2,Pitching Mound.Delivery,,Delivery,pitch.1,774546,1.3583,11.898,98.1947,-174.0085,180.2372,-15.521,-0.1881,0.0415
1780080241843,2,Pitching Mound.Drive,,Delivery,pitch.1,775660,0.2462,-0.071,0.1686,0.1041,-0.2846,0.0041,0.0,0.0
1780080241843,2,Pitching Mound.Drive,,Delivery,pitch.1,775661,0.2427,-0.0701,0.1589,0.0984,-0.2906,0.0028,0.0,0.0
1780080241843,2,Pitching Mound.Parent,,Delivery,pitch.1,773802,1.6045,11.827,98.3633,-173.9044,179.9526,-15.5169,-0.1878,0.0414
1780080241844,2,12.00000015,Lower Delivery,Delivery,pitch.1,775173,-0.9337,9.3114,84.745,-237.922,161.9324,-3.9187,-0.1958,-0.2878
1780080241844,2,12.00000018,Upper Delivery,Delivery,pitch.1,776459,2.2627,2.6659,13.1229,39.4981,17.9016,-12.7017,-0.1398,0.3085
1780080241844,2,Pitching Mound.Delivery,,Delivery,pitch.1,774547,1.3256,11.9269,98.0002,-174.355,180.169,-15.5353,-0.1884,0.0411
1780080241844,2,Pitching Mound.Parent,,Delivery,pitch.1,773803,1.5683,11.8567,98.1591,-174.2566,179.8783,-15.5326,-0.1881,0.041
1780080241845,2,11.0000004b,Drive,Delivery,pitch.1,775663,0.2556,-0.0745,0.1637,0.1142,-0.3439,0.0039,0.0,0.0
1780080241845,2,11.0000004b,Drive,Delivery,pitch.1,775662,0.2217,-0.065,0.1272,0.1099,-0.3363,0.0038,0.0,0.0
1780080241845,2,12.00000015,Lower Delivery,Delivery,pitch.1,775174,-0.9213,9.3278,84.7369,-237.8834,161.6496,-3.9768,-0.1955,-0.2877
1780080241845,2,12.00000018,Upper Delivery,Delivery,pitch.1,776460,2.2618,2.6622,13.18,39.5068,17.7436,-12.7281,-0.138,0.3072
1780080241845,2,Pitching Mound.Delivery,,Delivery,pitch.1,774548,1.3281,11.9735,97.9251,-174.083,179.676,-15.5604,-0.1881,0.0408
1780080241845,2,Pitching Mound.Drive,,Delivery,pitch.1,775663,0.2556,-0.0745,0.1637,0.1142,-0.3439,0.0039,0.0,0.0
1780080241845,2,Pitching Mound.Drive,,Delivery,pitch.1,775662,0.2217,-0.065,0.1272,0.1099,-0.3363,0.0038,0.0,0.0
1780080241845,2,Pitching Mound.Parent,,Delivery,pitch.1,773804,1.5498,11.9086,98.0523,-173.9731,179.3397,-15.5566,-0.1878,0.0407
1780080241846,2,12.00000015,Lower Delivery,Delivery,pitch.1,775175,-0.9184,9.3692,84.7763,-237.8026,161.4182,-4.0684,-0.1952,-0.2875
1780080241846,2,12.00000018,Upper Delivery,Delivery,pitch.1,776461,2.2503,2.6486,13.027,39.3174,17.6319,-12.6983,-0.1387,0.3093
1780080241846,2,Pitching Mound.Delivery,,Delivery,pitch.1,774549,1.329,11.9765,97.764,-174.1846,179.2814,-15.5968,-0.188,0.0412
1780080241846,2,Pitching Mound.Parent,,Delivery,pitch.1,773805,1.5846,11.9019,97.9277,-174.0704,178.9375,-15.5929,-0.1876,0.0411
1780080241847,2,11.0000004b,Drive,Delivery,pitch.1,775664,0.2688,-0.0787,0.1769,0.1161,-0.3626,0.0048,0.0,0.0
1780080241847,2,12.00000015,Lower Delivery,Delivery,pitch.1,775176,-0.909,9.3996,84.7627,-237.7296,161.5063,-4.1205,-0.1953,-0.2875
1780080241847,2,12.00000018,Upper Delivery,Delivery,pitch.1,776462,2.2237,2.645,12.9676,39.1225,17.5533,-12.676,-0.1387,0.3092
1780080241847,2,Pitching Mound.Delivery,,Delivery,pitch.1,774550,1.3053,12.0142,97.7439,-174.2651,178.9715,-15.676,-0.1877,0.0414
1780080241847,2,Pitching Mound.Drive,,Delivery,pitch.1,775664,0.2688,-0.0787,0.1769,0.1161,-0.3626,0.0048,0.0,0.0
1780080241847,2,Pitching Mound.Parent,,Delivery,pitch.1,773806,1.5741,11.9355,97.9208,-174.149,178.609,-15.6712,-0.1873,0.0414
1780080241848,2,11.0000004b,Drive,Delivery,pitch.1,775666,0.2686,-0.0812,0.1489,0.117,-0.3242,0.0043,0.0,0.0
1780080241848,2,11.0000004b,Drive,Delivery,pitch.1,775665,0.239,-0.0717,0.1325,0.0934,-0.2186,0.0053,0.0,0.0
1780080241848,2,12.00000015,Lower Delivery,Delivery,pitch.1,775177,-0.9008,9.4237,84.7299,-237.4737,161.3644,-4.1971,-0.1952,-0.2873
1780080241848,2,12.00000018,Upper Delivery,Delivery,pitch.1,776463,2.2106,2.6579,12.7944,38.796,17.352,-12.6256,-0.139,0.3108
1780080241848,2,Pitching Mound.Delivery,,Delivery,pitch.1,774551,1.3016,12.0575,97.5572,-174.4644,178.8584,-15.6854,-0.1879,0.0418
1780080241848,2,Pitching Mound.Drive,,Delivery,pitch.1,775666,0.2686,-0.0812,0.1489,0.117,-0.3242,0.0043,0.0,0.0
1780080241848,2,Pitching Mound.Drive,,Delivery,pitch.1,775665,0.239,-0.0717,0.1325,0.0934,-0.2186,0.0053,0.0,0.0
1780080241848,2,Pitching Mound.Parent,,Delivery,pitch.1,773807,1.5406,11.9858,97.6897,-174.3709,178.6398,-15.6801,-0.1877,0.0418
1780080241849,2,11.0000004b,Drive,Delivery,pitch.1,775667,0.2626,-0.0785,0.1563,0.0649,-0.0795,0.0074,0.0,0.0
1780080241849,2,12.00000015,Lower Delivery,Delivery,pitch.1,775178,-0.8926,9.4375,84.6327,-237.5753,161.4741,-4.3203,-0.1956,-0.2877
1780080241849,2,12.00000018,Upper Delivery,Delivery,pitch.1,776464,2.1905,2.6544,12.794,38.774,17.2635,-12.5888,-0.1383,0.3106
1780080241849,2,Pitching Mound.Delivery,,Delivery,pitch.1,774552,1.2896,12.0781,97.5238,-174.2415,178.6279,-15.735,-0.1877,0.042
1780080241849,2,Pitching Mound.Drive,,Delivery,pitch.1,775667,0.2626,-0.0785,0.1563,0.0649,-0.0795,0.0074,0.0,0.0
1780080241849,2,Pitching Mound.Parent,,Delivery,pitch.1,773808,1.5583,11.9969,97.6727,-174.1245,178.3037,-15.7307,-0.1874,0.0419
1780080241850,2,11.0000004b,Drive,Delivery,pitch.1,775668,0.2429,-0.0735,0.1296,0.0654,-0.0755,0.0083,0.0,0.0
1780080241850,2,12.00000015,Lower Delivery,Delivery,pitch.1,775179,-0.8827,9.4623,84.6129,-237.5549,161.4626,-4.364,-0.1956,-0.2878
1780080241850,2,12.00000018,Upper Delivery,Delivery,pitch.1,776465,2.1918,2.6483,12.574,38.5482,17.1412,-12.6101,-0.1397,0.3142
1780080241850,2,Pitching Mound.Delivery,,Delivery,pitch.1,774553,1.2992,12.0858,97.2067,-174.5272,178.6152,-15.8817,-0.1883,0.0422
1780080241850,2,Pitching Mound.Drive,,Delivery,pitch.1,775668,0.2429,-0.0735,0.1296,0.0654,-0.0755,0.0083,0.0,0.0
1780080241850,2,Pitching Mound.Parent,,Delivery,pitch.1,773809,1.5618,12.0073,97.363,-174.4623,178.5357,-15.8743,-0.188,0.0421
1780080241851,2,11.0000004b,Drive,Delivery,pitch.1,775669,0.2362,-0.0693,0.1485,0.0442,0.0015,0.0094,0.0,0.0
1780080241851,2,12.00000015,Lower Delivery,Delivery,pitch.1,775180,-0.8546,9.4615,84.44,-237.4342,161.3984,-4.4152,-0.1959,-0.2882
1780080241851,2,12.00000018,Upper Delivery,Delivery,pitch.1,776466,2.1818,2.6562,12.567,38.4225,17.0456,-12.5436,-0.139,0.3134
1780080241851,2,Pitching Mound.Delivery,,Delivery,pitch.1,774554,1.299,12.1184,97.1798,-174.6368,178.5081,-15.8657,-0.1883,0.042
1780080241851,2,Pitching Mound.Drive,,Delivery,pitch.1,775669,0.2362,-0.0693,0.1485,0.0442,0.0015,0.0094,0.0,0.0
1780080241851,2,Pitching Mound.Parent,,Delivery,pitch.1,773810,1.5419,12.0449,97.3094,-174.5714,178.4326,-15.8574,-0.188,0.042
1780080241852,2,11.0000004b,Drive,Delivery,pitch.1,775670,0.2112,-0.0613,0.1316,0.0356,0.0253,0.0101,0.0,0.0
1780080241852,2,12.00000015,Lower Delivery,Delivery,pitch.1,775181,-0.8396,9.4758,84.5157,-237.5603,161.4463,-4.449,-0.1958,-0.2881
1780080241852,2,12.00000018,Upper Delivery,Delivery,pitch.1,776467,2.1722,2.6744,12.6701,38.2382,16.9691,-12.522,-0.1373,0.3093
1780080241852,2,Pitching Mound.Delivery,,Delivery,pitch.1,774555,1.3175,12.1358,97.1101,-174.7943,178.3675,-15.9082,-0.1883,0.041
1780080241852,2,Pitching Mound.Drive,,Delivery,pitch.1,775670,0.2112,-0.0613,0.1316,0.0356,0.0253,0.0101,0.0,0.0
1780080241852,2,Pitching Mound.Parent,,Delivery,pitch.1,773811,1.5538,12.0666,97.2586,-174.7501,178.369,-15.8987,-0.188,0.041
1780080241853,2,11.0000004b,Drive,Delivery,pitch.1,775671,0.1935,-0.0576,0.0994,0.025,0.0204,0.0104,0.0,0.0
1780080241853,2,12.00000015,Lower Delivery,Delivery,pitch.1,775182,-0.8252,9.4814,84.4376,-237.1969,161.2083,-4.5094,-0.1957,-0.2879
1780080241853,2,12.00000018,Upper Delivery,Delivery,pitch.1,776468,2.1623,2.657,12.5304,38.0792,17.1368,-12.4646,-0.1402,0.3115
1780080241853,2,Pitching Mound.Delivery,,Delivery,pitch.1,774556,1.3227,12.1328,97.0461,-175.006,178.5831,-15.8929,-0.1886,0.0415
1780080241853,2,Pitching Mound.Drive,,Delivery,pitch.1,775671,0.1935,-0.0576,0.0994,0.025,0.0204,0.0104,0.0,0.0
1780080241853,2,Pitching Mound.Parent,,Delivery,pitch.1,773812,1.5339,12.0715,97.1777,-174.9704,178.6084,-15.8828,-0.1884,0.0415
1780080241854,2,11.0000004b,Drive,Delivery,pitch.1,775672,0.2044,-0.0622,0.0965,0.0165,0.0163,0.0113,0.0,0.0
1780080241854,2,12.00000015,Lower Delivery,Delivery,pitch.1,775183,-0.8035,9.5127,84.4311,-237.0083,160.9382,-4.591,-0.1954,-0.2877
1780080241854,2,12.00000018,Upper Delivery,Delivery,pitch.1,776469,2.1432,2.6571,12.4402,37.9752,16.9782,-12.443,-0.1399,0.3129
1780080241854,2,Pitching Mound.Delivery,,Delivery,pitch.1,774557,1.3179,12.1385,96.8778,-174.7426,178.1864,-15.9431,-0.1885,0.0419
1780080241854,2,Pitching Mound.Drive,,Delivery,pitch.1,775672,0.2044,-0.0622,0.0965,0.0165,0.0163,0.0113,0.0,0.0
1780080241854,2,Pitching Mound.Parent,,Delivery,pitch.1,773813,1.5115,12.0809,96.9772,-174.7176,178.2068,-15.9327,-0.1883,0.0419
1780080241855,2,11.0000004b,Drive,Delivery,pitch.1,775673,0.2488,-0.0743,0.1499,0.0063,0.0088,0.0111,0.0,0.0
1780080241855,2,12.00000015,Lower Delivery,Delivery,pitch.1,775184,-0.7955,9.5042,84.3717,-236.8411,160.9037,-4.7033,-0.1955,-0.2877
1780080241855,2,12.00000018,Upper Delivery,Delivery,pitch.1,776470,2.1365,2.6496,12.3696,37.6103,16.9555,-12.3717,-0.1405,0.3116
1780080241855,2,Pitching Mound.Delivery,,Delivery,pitch.1,774558,1.3329,12.1624,96.8008,-174.8971,177.8937,-15.9631,-0.1884,0.042
1780080241855,2,Pitching Mound.Drive,,Delivery,pitch.1,775673,0.2488,-0.0743,0.1499,0.0063,0.0088,0.0111,0.0,0.0
1780080241855,2,Pitching Mound.Parent,,Delivery,pitch.1,773814,1.5374,12.1002,96.8972,-174.8806,177.91,-15.9518,-0.1882,0.0419
1780080241856,2,11.0000004b,Drive,Delivery,pitch.1,775674,0.2434,-0.0721,0.1509,0.0045,0.0064,0.0108,0.0,0.0
1780080241856,2,12.00000015,Lower Delivery,Delivery,pitch.1,775185,-0.8015,9.5257,84.3498,-236.582,160.7708,-4.7204,-0.1954,-0.2875
1780080241856,2,12.00000018,Upper Delivery,Delivery,pitch.1,776471,2.1145,2.6555,12.1427,37.0655,16.8829,-12.3106,-0.1425,0.3129
1780080241856,2,Pitching Mound.Delivery,,Delivery,pitch.1,774559,1.319,12.1597,96.5144,-175.2178,177.7866,-16.0245,-0.1888,0.0423
1780080241856,2,Pitching Mound.Drive,,Delivery,pitch.1,775674,0.2434,-0.0721,0.1509,0.0045,0.0064,0.0108,0.0,0.0
1780080241856,2,Pitching Mound.Parent,,Delivery,pitch.1,773815,1.5678,12.0855,96.6643,-175.2115,177.7954,-16.0134,-0.1885,0.0422
1780080241857,2,11.0000004b,Drive,Delivery,pitch.1,775675,0.2294,-0.0683,0.1328,0.0053,0.0059,0.0104,0.0,0.0
1780080241857,2,12.00000015,Lower Delivery,Delivery,pitch.1,775186,-0.8091,9.5341,84.1528,-236.2907,160.164,-4.7712,-0.1951,-0.2878
1780080241857,2,12.00000018,Upper Delivery,Delivery,pitch.1,776472,2.1134,2.6565,12.1775,36.9549,16.7486,-12.2448,-0.141,0.311
1780080241857,2,Pitching Mound.Delivery,,Delivery,pitch.1,774560,1.3119,12.1822,96.5273,-175.0885,177.5195,-15.9742,-0.1885,0.0422
1780080241857,2,Pitching Mound.Drive,,Delivery,pitch.1,775675,0.2294,-0.0683,0.1328,0.0053,0.0059,0.0104,0.0,0.0
1780080241857,2,Pitching Mound.Parent,,Delivery,pitch.1,773816,1.5553,12.1101,96.6782,-175.084,177.5259,-15.9634,-0.1882,0.0422
1780080241858,2,11.0000004b,Drive,Delivery,pitch.1,775676,0.2576,-0.0752,0.1732,0.0126,0.0103,0.0107,0.0,0.0
1780080241858,2,12.00000015,Lower Delivery,Delivery,pitch.1,775187,-0.7922,9.5495,84.1458,-235.9715,159.7729,-4.8955,-0.1946,-0.2874
1780080241858,2,12.00000018,Upper Delivery,Delivery,pitch.1,776473,2.0948,2.6381,11.9769,36.6377,16.7893,-12.1793,-0.1437,0.3135
1780080241858,2,Pitching Mound.Delivery,,Delivery,pitch.1,774561,1.2857,12.1722,96.1296,-175.1132,176.9533,-15.9632,-0.1887,0.0424
1780080241858,2,Pitching Mound.Drive,,Delivery,pitch.1,775676,0.2576,-0.0752,0.1732,0.0126,0.0103,0.0107,0.0,0.0
1780080241858,2,Pitching Mound.Parent,,Delivery,pitch.1,773817,1.5152,12.1039,96.2624,-175.1079,176.9592,-15.9527,-0.1884,0.0423
1780080241859,2,11.0000004b,Drive,Delivery,pitch.1,775677,0.2661,-0.0788,0.1683,0.0144,0.0142,0.0108,0.0,0.0
1780080241859,2,12.00000015,Lower Delivery,Delivery,pitch.1,775188,-0.7871,9.5645,84.0273,-235.7841,159.5278,-4.9222,-0.1946,-0.2876
1780080241859,2,12.00000018,Upper Delivery,Delivery,pitch.1,776474,2.086,2.622,11.7979,36.4039,16.6346,-12.101,-0.1445,0.3163
1780080241859,2,Pitching Mound.Delivery,,Delivery,pitch.1,774562,1.2939,12.1715,95.9438,-174.9693,176.4075,-16.0179,-0.1885,0.0432
1780080241859,2,Pitching Mound.Drive,,Delivery,pitch.1,775677,0.2661,-0.0788,0.1683,0.0144,0.0142,0.0108,0.0,0.0
1780080241859,2,Pitching Mound.Parent,,Delivery,pitch.1,773818,1.5515,12.0964,96.117,-174.9567,176.4178,-16.0072,-0.1881,0.0431
1780080241860,2,11.0000004b,Drive,Delivery,pitch.1,775678,0.2598,-0.0753,0.1791,0.0224,0.0142,0.0094,0.0,0.0
1780080241860,2,12.00000015,Lower Delivery,Delivery,pitch.1,775189,-0.7992,9.5873,84.1412,-235.5701,159.3271,-4.9745,-0.1941,-0.287
1780080241860,2,12.00000018,Upper Delivery,Delivery,pitch.1,776475,2.0662,2.6218,11.6938,36.1815,16.5805,-12.0646,-0.1453,0.3171
1780080241860,2,Pitching Mound.Delivery,,Delivery,pitch.1,774563,1.2791,12.1862,95.7211,-175.0092,176.1082,-16.0168,-0.1886,0.0432
1780080241860,2,Pitching Mound.Drive,,Delivery,pitch.1,775678,0.2598,-0.0753,0.1791,0.0224,0.0142,0.0094,0.0,0.0
1780080241860,2,Pitching Mound.Parent,,Delivery,pitch.1,773819,1.5451,12.1074,95.8894,-174.9948,176.1224,-16.0059,-0.1882,0.0431
1780080241861,2,11.0000004b,Drive,Delivery,pitch.1,775679,0.2559,-0.0729,0.1875,0.022,0.007,0.0083,0.0,0.0
1780080241861,2,12.00000015,Lower Delivery,Delivery,pitch.1,775190,-0.8108,9.6349,84.0694,-235.7452,159.4571,-5.0752,-0.1944,-0.2874
1780080241861,2,12.00000018,Upper Delivery,Delivery,pitch.1,776476,2.051,2.5986,11.5861,36.1886,16.5346,-12.0506,-0.1463,0.3201
1780080241861,2,Pitching Mound.Delivery,,Delivery,pitch.1,774564,1.2518,12.1859,95.7274,-174.7128,175.8617,-16.056,-0.1883,0.0442
1780080241861,2,Pitching Mound.Drive,,Delivery,pitch.1,775679,0.2559,-0.0729,0.1875,0.022,0.007,0.0083,0.0,0.0
1780080241861,2,Pitching Mound.Parent,,Delivery,pitch.1,773820,1.5116,12.1107,95.9065,-174.6904,175.8759,-16.0466,-0.1879,0.0441
1780080241862,2,11.0000004b,Drive,Delivery,pitch.1,775680,0.2437,-0.0707,0.1583,0.0383,0.0174,0.007,0.0,0.0
1780080241862,2,12.00000015,Lower Delivery,Delivery,pitch.1,775191,-0.8273,9.6783,84.044,-235.8003,159.4798,-5.1425,-0.1945,-0.2876
1780080241862,2,12.00000018,Upper Delivery,Delivery,pitch.1,776477,2.046,2.5798,11.5085,36.1024,16.4591,-11.9775,-0.1466,0.3215
1780080241862,2,Pitching Mound.Delivery,,Delivery,pitch.1,774565,1.2352,12.2147,95.5779,-174.9721,175.9162,-16.0813,-0.1886,0.044
1780080241862,2,Pitching Mound.Drive,,Delivery,pitch.1,775680,0.2437,-0.0707,0.1583,0.0383,0.0174,0.007,0.0,0.0
1780080241862,2,Pitching Mound.Parent,,Delivery,pitch.1,773821,1.4911,12.1418,95.7654,-174.9501,175.9232,-16.073,-0.1883,0.0439
1780080241863,2,11.0000004b,Drive,Delivery,pitch.1,775681,0.2711,-0.0771,0.1961,0.0486,0.0194,0.0053,0.0,0.0
1780080241863,2,12.00000015,Lower Delivery,Delivery,pitch.1,775192,-0.8132,9.6885,83.8871,-235.7153,159.4461,-5.1999,-0.1948,-0.288
1780080241863,2,12.00000018,Upper Delivery,Delivery,pitch.1,776478,2.0343,2.5749,11.3644,35.9579,16.317,-11.9289,-0.1472,0.3243
1780080241863,2,Pitching Mound.Delivery,,Delivery,pitch.1,774566,1.207,12.2532,95.4084,-175.1313,175.7968,-16.0985,-0.1889,0.0443
1780080241863,2,Pitching Mound.Drive,,Delivery,pitch.1,775681,0.2711,-0.0771,0.1961,0.0486,0.0194,0.0053,0.0,0.0
1780080241863,2,Pitching Mound.Parent,,Delivery,pitch.1,773822,1.4508,12.1826,95.5667,-175.093,175.8142,-16.0914,-0.1885,0.0442
1780080241864,2,11.0000004b,Drive,Delivery,pitch.1,775682,0.2786,-0.0783,0.2107,0.0503,0.0183,0.0047,0.0,0.0
1780080241864,2,12.00000015,Lower Delivery,Delivery,pitch.1,775193,-0.8289,9.73,83.9633,-235.8664,159.5228,-5.2604,-0.1947,-0.2879
1780080241864,2,12.00000018,Upper Delivery,Delivery,pitch.1,776479,2.0324,2.5774,11.3973,35.9193,16.2767,-11.8925,-0.1464,0.323
1780080241864,2,Pitching Mound.Delivery,,Delivery,pitch.1,774567,1.2192,12.2659,95.2844,-175.1494,175.7228,-16.1249,-0.189,0.0437
1780080241864,2,Pitching Mound.Drive,,Delivery,pitch.1,775682,0.2786,-0.0783,0.2107,0.0503,0.0183,0.0047,0.0,0.0
1780080241864,2,Pitching Mound.Parent,,Delivery,pitch.1,773823,1.4903,12.1888,95.4805,-175.1008,175.7422,-16.1196,-0.1886,0.0437
1780080241865,2,11.0000004b,Drive,Delivery,pitch.1,775683,0.2758,-0.0781,0.2036,0.0501,0.0212,0.0053,0.0,0.0
1780080241865,2,12.00000015,Lower Delivery,Delivery,pitch.1,775194,-0.8417,9.7465,83.8185,-235.588,159.0043,-5.3186,-0.1944,-0.2881
1780080241865,2,12.00000018,Upper Delivery,Delivery,pitch.1,776480,2.0246,2.5653,11.3587,35.6871,16.1042,-11.8199,-0.1453,0.322
1780080241865,2,Pitching Mound.Delivery,,Delivery,pitch.1,774568,1.1958,12.2953,95.322,-175.4938,175.627,-16.1101,-0.1888,0.0437
1780080241865,2,Pitching Mound.Drive,,Delivery,pitch.1,775683,0.2758,-0.0781,0.2036,0.0501,0.0212,0.0053,0.0,0.0
1780080241865,2,Pitching Mound.Parent,,Delivery,pitch.1,773824,1.4744,12.2169,95.5327,-175.4435,175.6452,-16.1054,-0.1884,0.0436
1780080241866,2,11.0000004b,Drive,Delivery,pitch.1,775684,0.2638,-0.0761,0.178,0.0514,0.0208,0.0051,0.0,0.0
1780080241866,2,12.00000015,Lower Delivery,Delivery,pitch.1,775195,-0.8353,9.7792,83.7172,-235.4746,158.8106,-5.3741,-0.1944,-0.2883
1780080241866,2,12.00000018,Upper Delivery,Delivery,pitch.1,776481,2.0228,2.5595,11.4034,35.8141,16.0918,-11.7631,-0.1446,0.3219
1780080241866,2,Pitching Mound.Delivery,,Delivery,pitch.1,774569,1.1811,12.306,95.222,-175.1527,175.0961,-16.1077,-0.1885,0.0435
1780080241866,2,Pitching Mound.Drive,,Delivery,pitch.1,775684,0.2638,-0.0761,0.178,0.0514,0.0208,0.0051,0.0,0.0
1780080241866,2,Pitching Mound.Parent,,Delivery,pitch.1,773825,1.4569,12.2279,95.4256,-175.1025,175.1173,-16.1025,-0.1881,0.0434
1780080241867,2,11.0000004b,Drive,Delivery,pitch.1,775685,0.2417,-0.0724,0.1279,0.0453,0.0194,0.0062,0.0,0.0
1780080241867,2,12.00000015,Lower Delivery,Delivery,pitch.1,775196,-0.8345,9.7882,83.573,-235.4241,158.7577,-5.4418,-0.1947,-0.2887
1780080241867,2,12.00000018,Upper Delivery,Delivery,pitch.1,776482,2.0231,2.5485,11.4077,35.8537,15.9952,-11.7169,-0.1437,0.3221
1780080241867,2,Pitching Mound.Delivery,,Delivery,pitch.1,774570,1.1878,12.3277,95.1249,-175.0357,174.8057,-16.1192,-0.1883,0.0434
1780080241867,2,Pitching Mound.Drive,,Delivery,pitch.1,775685,0.2417,-0.0724,0.1279,0.0453,0.0194,0.0062,0.0,0.0
1780080241867,2,Pitching Mound.Parent,,Delivery,pitch.1,773826,1.4516,12.2516,95.3029,-174.9843,174.8266,-16.1141,-0.188,0.0433
1780080241868,2,11.0000004b,Drive,Delivery,pitch.1,775686,0.237,-0.0741,0.098,0.0433,0.0205,0.0073,0.0,0.0
1780080241868,2,12.00000015,Lower Delivery,Delivery,pitch.1,775197,-0.8475,9.8134,83.6626,-235.3567,158.7218,-5.5139,-0.1944,-0.2883
1780080241868,2,12.00000018,Upper Delivery,Delivery,pitch.1,776483,2.0116,2.5532,11.5614,35.8429,15.8164,-11.7084,-0.1402,0.3178
1780080241868,2,Pitching Mound.Delivery,,Delivery,pitch.1,774571,1.1771,12.3414,95.1344,-175.0972,174.574,-16.1826,-0.1881,0.0423
1780080241868,2,Pitching Mound.Drive,,Delivery,pitch.1,775686,0.237,-0.0741,0.098,0.0433,0.0205,0.0073,0.0,0.0
1780080241868,2,Pitching Mound.Parent,,Delivery,pitch.1,773827,1.4188,12.269,95.2624,-175.0519,174.5934,-16.1764,-0.1878,0.0423
1780080241869,2,11.0000004b,Drive,Delivery,pitch.1,775687,0.2215,-0.0692,0.084,0.0418,0.0198,0.0059,0.0,0.0
1780080241869,2,12.00000015,Lower Delivery,Delivery,pitch.1,775198,-0.8491,9.8369,84.0758,-235.2714,158.3746,-5.5539,-0.1931,-0.2868
1780080241869,2,12.00000018,Upper Delivery,Delivery,pitch.1,776484,2.01,2.5412,11.5737,35.9876,15.708,-11.6679,-0.1391,0.3187
1780080241869,2,Pitching Mound.Delivery,,Delivery,pitch.1,774572,1.1625,12.3547,95.2363,-174.8589,174.4298,-16.2102,-0.1877,0.0428
1780080241869,2,Pitching Mound.Drive,,Delivery,pitch.1,775687,0.2215,-0.0692,0.084,0.0418,0.0198,0.0059,0.0,0.0
1780080241869,2,Pitching Mound.Parent,,Delivery,pitch.1,773828,1.3995,12.2806,95.3343,-174.8156,174.4503,-16.2029,-0.1875,0.0428
1780080241870,2,11.0000004b,Drive,Delivery,pitch.1,775688,0.2038,-0.0628,0.0828,0.0405,0.0195,0.0074,0.0,0.0
1780080241870,2,12.00000015,Lower Delivery,Delivery,pitch.1,775199,-0.8601,9.8743,84.1997,-235.4261,158.3973,-5.6404,-0.1928,-0.2866
1780080241870,2,12.00000018,Upper Delivery,Delivery,pitch.1,776485,2.0163,2.5461,11.6147,35.9481,15.6537,-11.6653,-0.1381,0.3172
1780080241870,2,Pitching Mound.Delivery,,Delivery,pitch.1,774573,1.1672,12.383,95.6906,-174.6865,174.0283,-16.2451,-0.1864,0.044
1780080241870,2,Pitching Mound.Drive,,Delivery,pitch.1,775688,0.2038,-0.0628,0.0828,0.0405,0.0195,0.0074,0.0,0.0
1780080241870,2,Pitching Mound.Parent,,Delivery,pitch.1,773829,1.3887,12.3138,95.7746,-174.6447,174.0481,-16.2392,-0.1862,0.0439
1780080241871,2,11.0000004b,Drive,Delivery,pitch.1,775689,0.2029,-0.0624,0.0785,0.0493,0.0238,0.0053,0.0,0.0
1780080241871,2,12.00000015,Lower Delivery,Delivery,pitch.1,775200,-0.8447,9.8796,84.2885,-235.2763,158.1991,-5.7298,-0.1924,-0.2861
1780080241871,2,12.00000018,Upper Delivery,Delivery,pitch.1,776486,2.0138,2.5345,11.6948,35.9189,15.4846,-11.6116,-0.1357,0.3148
1780080241871,2,Pitching Mound.Delivery,,Delivery,pitch.1,774574,1.1537,12.4088,95.8945,-174.8556,173.8819,-16.2749,-0.1859,0.0438
1780080241871,2,Pitching Mound.Drive,,Delivery,pitch.1,775689,0.2029,-0.0624,0.0785,0.0493,0.0238,0.0053,0.0,0.0
1780080241871,2,Pitching Mound.Parent,,Delivery,pitch.1,773830,1.3575,12.346,95.9773,-174.8151,173.9014,-16.2676,-0.1857,0.0438
1780080241872,2,11.0000004b,Drive,Delivery,pitch.1,775690,0.2221,-0.0692,0.0857,0.057,0.0026,0.0061,0.0,0.0
1780080241872,2,12.00000015,Lower Delivery,Delivery,pitch.1,775201,-0.8262,9.865,84.1224,-235.0397,157.8778,-5.774,-0.1924,-0.2864
1780080241872,2,12.00000018,Upper Delivery,Delivery,pitch.1,776487,2.005,2.5434,11.6124,35.9399,15.5141,-11.5693,-0.1369,0.3172
1780080241872,2,Pitching Mound.Delivery,,Delivery,pitch.1,774575,1.1603,12.423,95.9009,-174.6266,173.7132,-16.3302,-0.1857,0.0446
1780080241872,2,Pitching Mound.Drive,,Delivery,pitch.1,775690,0.2221,-0.0692,0.0857,0.057,0.0026,0.0061,0.0,0.0
1780080241872,2,Pitching Mound.Parent,,Delivery,pitch.1,773831,1.3632,12.3607,95.9794,-174.5773,173.737,-16.3249,-0.1855,0.0446
1780080241873,2,11.0000004b,Drive,Delivery,pitch.1,775691,0.2063,-0.0636,0.0789,0.0498,0.0301,0.0058,0.0,0.0
1780080241873,2,12.00000015,Lower Delivery,Delivery,pitch.1,775202,-0.8166,9.8844,84.5135,-234.9523,157.7238,-5.844,-0.1913,-0.2849
1780080241873,2,12.00000018,Upper Delivery,Delivery,pitch.1,776488,2.0189,2.5553,11.8093,36.1418,15.3053,-11.5884,-0.1328,0.3137
1780080241873,2,Pitching Mound.Delivery,,Delivery,pitch.1,774576,1.1927,12.4203,95.9317,-174.3114,173.1831,-16.3951,-0.185,0.0438
1780080241873,2,Pitching Mound.Drive,,Delivery,pitch.1,775691,0.2063,-0.0636,0.0789,0.0498,0.0301,0.0058,0.0,0.0
1780080241873,2,Pitching Mound.Parent,,Delivery,pitch.1,773832,1.4148,12.3511,96.0174,-174.2545,173.1857,-16.389,-0.1849,0.0437
1780080241874,2,11.0000004b,Drive,Delivery,pitch.1,775692,0.1984,-0.0606,0.0818,0.0431,0.027,0.0067,0.0,0.0
1780080241874,2,12.00000015,Lower Delivery,Delivery,pitch.1,775203,-0.8168,9.8944,84.4842,-234.8845,157.7094,-5.9316,-0.1913,-0.285
1780080241874,2,12.00000018,Upper Delivery,Delivery,pitch.1,776489,2.0026,2.5545,11.7798,35.8703,15.2315,-11.5807,-0.1325,0.3121
1780080241874,2,Pitching Mound.Delivery,,Delivery,pitch.1,774577,1.1861,12.439,96.2933,-174.3525,172.9554,-16.4662,-0.1841,0.0449
1780080241874,2,Pitching Mound.Drive,,Delivery,pitch.1,775692,0.1984,-0.0606,0.0818,0.0431,0.027,0.0067,0.0,0.0
1780080241874,2,Pitching Mound.Parent,,Delivery,pitch.1,773833,1.3924,12.3754,96.3722,-174.3028,172.9854,-16.4603,-0.1839,0.0449
1780080241875,2,11.0000004b,Drive,Delivery,pitch.1,775693,0.2055,-0.0626,0.0887,0.0475,0.0247,0.0057,0.0,0.0
1780080241875,2,12.00000015,Lower Delivery,Delivery,pitch.1,775204,-0.7948,9.9171,84.4189,-235.0786,157.7542,-5.967,-0.1915,-0.2854
1780080241875,2,12.00000018,Upper Delivery,Delivery,pitch.1,776490,1.9857,2.5508,11.7512,35.9096,15.1327,-11.5601,-0.132,0.3132
1780080241875,2,Pitching Mound.Delivery,,Delivery,pitch.1,774578,1.1689,12.4452,96.2355,-174.2457,172.8421,-16.5388,-0.1841,0.045
1780080241875,2,Pitching Mound.Drive,,Delivery,pitch.1,775693,0.2055,-0.0626,0.0887,0.0475,0.0247,0.0057,0.0,0.0
1780080241875,2,Pitching Mound.Parent,,Delivery,pitch.1,773834,1.3674,12.3846,96.3172,-174.2025,172.8691,-16.5322,-0.1839,0.045
1780080241876,2,11.0000004b,Drive,Delivery,pitch.1,775694,0.1976,-0.0576,0.1097,0.0353,0.0217,0.0064,0.0,0.0
1780080241876,2,12.00000015,Lower Delivery,Delivery,pitch.1,775205,-0.7648,9.9184,84.2075,-235.2316,157.9026,-6.043,-0.1922,-0.2863
1780080241876,2,12.00000018,Upper Delivery,Delivery,pitch.1,776491,1.9929,2.5544,11.7046,35.9013,15.0133,-11.5367,-0.1315,0.3144
1780080241876,2,Pitching Mound.Delivery,,Delivery,pitch.1,774579,1.1981,12.4715,96.1236,-174.4545,172.7674,-16.5559,-0.1842,0.0448
1780080241876,2,Pitching Mound.Drive,,Delivery,pitch.1,775694,0.1976,-0.0576,0.1097,0.0353,0.0217,0.0064,0.0,0.0
1780080241876,2,Pitching Mound.Parent,,Delivery,pitch.1,773835,1.4036,12.4089,96.2123,-174.407,172.7921,-16.5502,-0.184,0.0448
1780080241877,2,11.0000004b,Drive,Delivery,pitch.1,775695,0.1955,-0.0569,0.1085,0.0402,0.0254,0.0054,0.0,0.0
1780080241877,2,12.00000015,Lower Delivery,Delivery,pitch.1,775206,-0.7519,9.9342,83.7916,-235.3739,157.9315,-6.1043,-0.1932,-0.2879
1780080241877,2,12.00000018,Upper Delivery,Delivery,pitch.1,776492,1.9893,2.5627,11.6729,35.716,14.9213,-11.5282,-0.131,0.3136
1780080241877,2,Pitching Mound.Delivery,,Delivery,pitch.1,774580,1.2245,12.4811,95.8804,-174.8538,172.824,-16.6348,-0.1847,0.0439
1780080241877,2,Pitching Mound.Drive,,Delivery,pitch.1,775695,0.1955,-0.0569,0.1085,0.0402,0.0254,0.0054,0.0,0.0
1780080241877,2,Pitching Mound.Parent,,Delivery,pitch.1,773836,1.4221,12.4236,95.9901,-174.8185,172.8457,-16.6284,-0.1845,0.0439
1780080241878,2,11.0000004b,Drive,Delivery,pitch.1,775696,0.2205,-0.0659,0.1146,0.0422,0.0263,0.0039,0.0,0.0
1780080241878,2,12.00000015,Lower Delivery,Delivery,pitch.1,775207,-0.7257,9.9544,83.168,-235.3741,158.2392,-6.1554,-0.195,-0.2901
1780080241878,2,12.00000018,Upper Delivery,Delivery,pitch.1,776493,1.9801,2.5657,11.6468,35.6727,14.9719,-11.526,-0.1318,0.3139
1780080241878,2,Pitching Mound.Delivery,,Delivery,pitch.1,774581,1.2282,12.4999,95.4384,-175.172,172.9035,-16.7014,-0.1857,0.0425
1780080241878,2,Pitching Mound.Drive,,Delivery,pitch.1,775696,0.2205,-0.0659,0.1146,0.0422,0.0263,0.0039,0.0,0.0
1780080241878,2,Pitching Mound.Parent,,Delivery,pitch.1,773837,1.4237,12.443,95.5469,-175.1318,172.9288,-16.696,-0.1855,0.0425
1780080241879,2,11.0000004b,Drive,Delivery,pitch.1,775697,0.2267,-0.0667,0.1307,0.0478,0.0307,0.0038,0.0,0.0
1780080241879,2,12.00000015,Lower Delivery,Delivery,pitch.1,775208,-0.7147,9.9808,82.9577,-235.4137,158.3345,-6.2651,-0.1956,-0.2909
1780080241879,2,12.00000018,Upper Delivery,Delivery,pitch.1,776494,1.9676,2.5597,11.7449,35.7257,15.0065,-11.4913,-0.131,0.3118
1780080241879,2,Pitching Mound.Delivery,,Delivery,pitch.1,774582,1.2418,12.5141,94.913,-175.3646,173.2457,-16.731,-0.1871,0.0403
1780080241879,2,Pitching Mound.Drive,,Delivery,pitch.1,775697,0.2267,-0.0667,0.1307,0.0478,0.0307,0.0038,0.0,0.0
1780080241879,2,Pitching Mound.Parent,,Delivery,pitch.1,773838,1.4623,12.4482,95.0276,-175.3224,173.272,-16.7271,-0.1869,0.0402
1780080241880,2,11.0000004b,Drive,Delivery,pitch.1,775698,0.2466,-0.0714,0.1644,0.0352,0.0253,0.0061,0.0,0.0
1780080241880,2,12.00000015,Lower Delivery,Delivery,pitch.1,775209,-0.7114,10.0155,82.8178,-235.5625,158.5354,-6.315,-0.1962,-0.2915
1780080241880,2,12.00000018,Upper Delivery,Delivery,pitch.1,776496,1.9351,2.5896,11.5379,35.3053,14.9735,-11.4598,-0.133,0.3136
1780080241880,2,12.00000018,Upper Delivery,Delivery,pitch.1,776495,1.9623,2.5746,11.6234,35.468,14.8333,-11.4967,-0.1308,0.3128
1780080241880,2,Pitching Mound.Delivery,,Delivery,pitch.1,774583,1.2476,12.5554,94.5812,-175.692,173.1678,-16.8516,-0.1877,0.0398
1780080241880,2,Pitching Mound.Delivery,,Delivery,pitch.1,774584,1.2236,12.6051,94.3556,-176.022,173.5089,-16.875,-0.1885,0.0393
1780080241880,2,Pitching Mound.Drive,,Delivery,pitch.1,775698,0.2466,-0.0714,0.1644,0.0352,0.0253,0.0061,0.0,0.0
1780080241880,2,Pitching Mound.Parent,,Delivery,pitch.1,773839,1.4743,12.4887,94.7119,-175.6442,173.1985,-16.8477,-0.1874,0.0397
1780080241880,2,Pitching Mound.Parent,,Delivery,pitch.1,773840,1.4702,12.5336,94.52,-175.9867,173.5341,-16.8689,-0.1881,0.0392
1780080241881,2,11.0000004b,Drive,Delivery,pitch.1,775699,0.2404,-0.0704,0.1507,0.0305,0.0221,0.0056,0.0,0.0
1780080241881,2,12.00000015,Lower Delivery,Delivery,pitch.1,775210,-0.7131,10.0454,82.8183,-235.7519,158.7281,-6.391,-0.1964,-0.2918
1780080241881,2,12.00000018,Upper Delivery,Delivery,pitch.1,776497,1.9241,2.6022,11.474,35.1244,14.9826,-11.4193,-0.1338,0.3138
1780080241881,2,Pitching Mound.Delivery,,Delivery,pitch.1,774585,1.211,12.6476,94.2923,-176.3703,173.7108,-16.9136,-0.1888,0.0392
1780080241881,2,Pitching Mound.Drive,,Delivery,pitch.1,775699,0.2404,-0.0704,0.1507,0.0305,0.0221,0.0056,0.0,0.0
1780080241881,2,Pitching Mound.Parent,,Delivery,pitch.1,773841,1.4514,12.5773,94.443,-176.3398,173.7328,-16.908,-0.1885,0.0391
1780080241882,2,11.0000004b,Drive,Delivery,pitch.1,775700,0.2521,-0.074,0.1655,0.0078,0.0057,0.0089,0.0,0.0
1780080241882,2,12.00000015,Lower Delivery,Delivery,pitch.1,775211,-0.7182,10.0843,82.7742,-235.9877,158.8773,-6.4568,-0.1967,-0.2922
1780080241882,2,12.00000018,Upper Delivery,Delivery,pitch.1,776498,1.9151,2.6207,11.5301,34.9639,15.1217,-11.3995,-0.1344,0.3108
1780080241882,2,Pitching Mound.Delivery,,Delivery,pitch.1,774586,1.1969,12.705,94.3043,-176.8008,173.999,-16.961,-0.1891,0.0384
1780080241882,2,Pitching Mound.Drive,,Delivery,pitch.1,775700,0.2521,-0.074,0.1655,0.0078,0.0057,0.0089,0.0,0.0
1780080241882,2,Pitching Mound.Parent,,Delivery,pitch.1,773842,1.449,12.631,94.4698,-176.793,174.0047,-16.9521,-0.1888,0.0383
1780080241883,2,11.0000004b,Drive,Delivery,pitch.1,775701,0.2415,-0.0714,0.1482,0.024,0.0142,0.0075,0.0,0.0
1780080241883,2,12.00000015,Lower Delivery,Delivery,pitch.1,775212,-0.7163,10.1304,82.869,-236.1898,158.9545,-6.5467,-0.1966,-0.2921
1780080241883,2,12.00000018,Upper Delivery,Delivery,pitch.1,776499,1.9192,2.6359,11.5063,34.9391,15.2023,-11.4008,-0.1354,0.3112
1780080241883,2,Pitching Mound.Delivery,,Delivery,pitch.1,774587,1.2029,12.7663,94.3752,-176.9875,174.1568,-17.0514,-0.1891,0.0385
1780080241883,2,Pitching Mound.Drive,,Delivery,pitch.1,775701,0.2415,-0.0714,0.1482,0.024,0.0142,0.0075,0.0,0.0
1780080241883,2,Pitching Mound.Parent,,Delivery,pitch.1,773843,1.4444,12.6949,94.5234,-176.9635,174.171,-17.0439,-0.1888,0.0385
1780080241884,2,11.0000004b,Drive,Delivery,pitch.1,775702,0.2418,-0.0713,0.1494,0.0157,0.0075,0.0087,0.0,0.0
1780080241884,2,12.00000015,Lower Delivery,Delivery,pitch.1,775213,-0.7021,10.1512,82.6437,-236.332,158.9966,-6.6314,-0.1972,-0.2931
1780080241884,2,12.00000018,Upper Delivery,Delivery,pitch.1,776500,1.9043,2.6225,11.4996,34.9634,15.1195,-11.3661,-0.1348,0.3116
1780080241884,2,Pitching Mound.Delivery,,Delivery,pitch.1,774588,1.2022,12.7736,94.1432,-177.1796,174.1162,-17.1113,-0.1896,0.0377
1780080241884,2,Pitching Mound.Drive,,Delivery,pitch.1,775702,0.2418,-0.0713,0.1494,0.0157,0.0075,0.0087,0.0,0.0
1780080241884,2,Pitching Mound.Parent,,Delivery,pitch.1,773844,1.444,12.7023,94.2926,-177.1639,174.1237,-17.1026,-0.1893,0.0376
1780080241885,2,11.0000004b,Drive,Delivery,pitch.1,775703,0.2443,-0.0731,0.1376,0.0186,0.0057,0.0083,0.0,0.0
1780080241885,2,12.00000015,Lower Delivery,Delivery,pitch.1,775214,-0.6941,10.1802,82.5735,-236.6359,159.2588,-6.7495,-0.1977,-0.2937
1780080241885,2,12.00000018,Upper Delivery,Delivery,pitch.1,776501,1.9092,2.6648,11.5827,35.1206,15.1753,-11.3523,-0.1343,0.3108
1780080241885,2,Pitching Mound.Delivery,,Delivery,pitch.1,774589,1.215,12.845,94.1563,-177.3784,174.4341,-17.2167,-0.1899,0.037
1780080241885,2,Pitching Mound.Drive,,Delivery,pitch.1,775703,0.2443,-0.0731,0.1376,0.0186,0.0057,0.0083,0.0,0.0
1780080241885,2,Pitching Mound.Parent,,Delivery,pitch.1,773845,1.4593,12.7719,94.2938,-177.3598,174.4398,-17.2084,-0.1896,0.0369
1780080241886,2,11.0000004b,Drive,Delivery,pitch.1,775704,0.2477,-0.076,0.1181,0.0191,0.0053,0.0089,0.0,0.0
1780080241886,2,12.00000015,Lower Delivery,Delivery,pitch.1,775215,-0.7008,10.2213,82.6956,-236.9077,159.2778,-6.8361,-0.1974,-0.2936
1780080241886,2,12.00000018,Upper Delivery,Delivery,pitch.1,776502,1.8995,2.6658,11.6397,35.1476,15.2274,-11.3594,-0.1341,0.3095
1780080241886,2,Pitching Mound.Delivery,,Delivery,pitch.1,774590,1.1987,12.8871,94.3353,-177.6011,174.5052,-17.3115,-0.1896,0.0369
1780080241886,2,Pitching Mound.Drive,,Delivery,pitch.1,775704,0.2477,-0.076,0.1181,0.0191,0.0053,0.0089,0.0,0.0
1780080241886,2,Pitching Mound.Parent,,Delivery,pitch.1,773846,1.4464,12.8111,94.4534,-177.582,174.5105,-17.3025,-0.1894,0.0368
1780080241887,2,11.0000004b,Drive,Delivery,pitch.1,775705,0.2613,-0.0786,0.1441,0.0322,0.0126,0.0068,0.0,0.0
1780080241887,2,12.00000015,Lower Delivery,Delivery,pitch.1,775216,-0.7118,10.2667,82.8591,-237.0794,159.0842,-6.9448,-0.1968,-0.2933
1780080241887,2,12.00000018,Upper Delivery,Delivery,pitch.1,776503,1.8845,2.676,11.6929,34.9399,15.2124,-11.3342,-0.1333,0.3063
1780080241887,2,Pitching Mound.Delivery,,Delivery,pitch.1,774591,1.1727,12.9426,94.552,-177.943,174.2966,-17.3963,-0.1889,0.0368
1780080241887,2,Pitching Mound.Drive,,Delivery,pitch.1,775705,0.2613,-0.0786,0.1441,0.0322,0.0126,0.0068,0.0,0.0
1780080241887,2,Pitching Mound.Parent,,Delivery,pitch.1,773847,1.434,12.8641,94.6961,-177.9108,174.3092,-17.3895,-0.1887,0.0367
1780080241888,2,11.0000004b,Drive,Delivery,pitch.1,775706,0.2732,-0.0844,0.1361,0.0299,0.0133,0.009,0.0,0.0
1780080241888,2,12.00000015,Lower Delivery,Delivery,pitch.1,775217,-0.7087,10.3024,83.0502,-236.9467,158.8301,-7.0217,-0.196,-0.2924
1780080241888,2,12.00000018,Upper Delivery,Delivery,pitch.1,776504,1.8736,2.6848,11.6475,34.9266,15.1796,-11.2999,-0.1336,0.3073
1780080241888,2,Pitching Mound.Delivery,,Delivery,pitch.1,774592,1.1649,12.9872,94.6977,-177.7432,174.0097,-17.4436,-0.1883,0.0377
1780080241888,2,Pitching Mound.Drive,,Delivery,pitch.1,775706,0.2732,-0.0844,0.1361,0.0299,0.0133,0.009,0.0,0.0
1780080241888,2,Pitching Mound.Parent,,Delivery,pitch.1,773848,1.4381,12.9028,94.8338,-177.7133,174.0231,-17.4346,-0.1881,0.0377
1780080241889,2,11.0000004b,Drive,Delivery,pitch.1,775707,0.2594,-0.0803,0.1256,0.0177,0.0048,0.0104,0.0,0.0
1780080241889,2,12.00000015,Lower Delivery,Delivery,pitch.1,775218,-0.7174,10.344,83.4311,-236.8225,158.5682,-7.1337,-0.1948,-0.2909
1780080241889,2,12.00000018,Upper Delivery,Delivery,pitch.1,776505,1.8751,2.6954,11.6416,34.7359,14.9864,-11.2709,-0.1319,0.3058
1780080241889,2,Pitching Mound.Delivery,,Delivery,pitch.1,774593,1.1577,13.0394,95.0727,-177.6782,173.5546,-17.5231,-0.1871,0.0389
1780080241889,2,Pitching Mound.Drive,,Delivery,pitch.1,775707,0.2594,-0.0803,0.1256,0.0177,0.0048,0.0104,0.0,0.0
1780080241889,2,Pitching Mound.Parent,,Delivery,pitch.1,773849,1.4171,12.9591,95.1983,-177.6605,173.5594,-17.5127,-0.1869,0.0388
1780080241890,2,11.0000004b,Drive,Delivery,pitch.1,775708,0.2401,-0.0735,0.1195,0.0138,0.0052,0.0099,0.0,0.0
1780080241890,2,12.00000015,Lower Delivery,Delivery,pitch.1,775219,-0.7226,10.3962,83.9599,-237.2429,158.6792,-7.2461,-0.1937,-0.2896
1780080241890,2,12.00000018,Upper Delivery,Delivery,pitch.1,776506,1.8531,2.7187,11.6993,34.7694,15.0159,-11.3011,-0.1316,0.3046
1780080241890,2,Pitching Mound.Delivery,,Delivery,pitch.1,774594,1.1305,13.1149,95.6592,-177.9048,173.6951,-17.6715,-0.1861,0.0399
1780080241890,2,Pitching Mound.Drive,,Delivery,pitch.1,775708,0.2401,-0.0735,0.1195,0.0138,0.0052,0.0099,0.0,0.0
1780080241890,2,Pitching Mound.Parent,,Delivery,pitch.1,773850,1.3707,13.0414,95.7787,-177.891,173.7003,-17.6616,-0.1859,0.0398
1780080241891,2,11.0000004b,Drive,Delivery,pitch.1,775709,0.2504,-0.0766,0.1261,0.021,0.0114,0.0091,0.0,0.0
1780080241891,2,12.00000015,Lower Delivery,Delivery,pitch.1,775220,-0.7497,10.429,84.5315,-237.2607,158.5573,-7.3825,-0.1923,-0.2877
1780080241891,2,12.00000018,Upper Delivery,Delivery,pitch.1,776507,1.8374,2.7158,11.6973,34.7578,15.04,-11.2859,-0.1318,0.3046
1780080241891,2,Pitching Mound.Delivery,,Delivery,pitch.1,774595,1.0878,13.1448,96.2288,-177.7393,173.5973,-17.7889,-0.1849,0.0417
1780080241891,2,Pitching Mound.Drive,,Delivery,pitch.1,775709,0.2504,-0.0766,0.1261,0.021,0.0114,0.0091,0.0,0.0
1780080241891,2,Pitching Mound.Parent,,Delivery,pitch.1,773851,1.3381,13.0682,96.3549,-177.7183,173.6087,-17.7797,-0.1847,0.0416
1780080241892,2,11.0000004b,Drive,Delivery,pitch.1,775710,0.2347,-0.0711,0.1234,0.0118,0.0047,0.0097,0.0,0.0
1780080241892,2,12.00000015,Lower Delivery,Delivery,pitch.1,775221,-0.7523,10.4787,84.6649,-237.0643,158.2547,-7.5116,-0.1916,-0.287
1780080241892,2,12.00000018,Upper Delivery,Delivery,pitch.1,776508,1.8181,2.7168,11.6884,34.776,14.9326,-11.2787,-0.1309,0.3049
1780080241892,2,Pitching Mound.Delivery,,Delivery,pitch.1,774596,1.0657,13.1955,96.3533,-177.4763,173.1873,-17.9164,-0.1842,0.0423
1780080241892,2,Pitching Mound.Drive,,Delivery,pitch.1,775710,0.2347,-0.0711,0.1234,0.0118,0.0047,0.0097,0.0,0.0
1780080241892,2,Pitching Mound.Parent,,Delivery,pitch.1,773852,1.3004,13.1244,96.4767,-177.4645,173.192,-17.9067,-0.184,0.0423
1780080241893,2,11.0000004b,Drive,Delivery,pitch.1,775711,0.1976,-0.0593,0.1028,0.0127,0.008,0.0104,0.0,0.0
1780080241893,2,12.00000015,Lower Delivery,Delivery,pitch.1,775222,-0.7612,10.5056,85.1083,-236.8208,158.1883,-7.6414,-0.1905,-0.2852
1780080241893,2,12.00000018,Upper Delivery,Delivery,pitch.1,776509,1.7942,2.7177,11.8537,34.8561,14.8351,-11.2894,-0.1283,0.3014
1780080241893,2,Pitching Mound.Delivery,,Delivery,pitch.1,774597,1.0331,13.2233,96.962,-177.0582,173.0234,-18.0619,-0.1829,0.0434
1780080241893,2,Pitching Mound.Drive,,Delivery,pitch.1,775711,0.1976,-0.0593,0.1028,0.0127,0.008,0.0104,0.0,0.0
1780080241893,2,Pitching Mound.Parent,,Delivery,pitch.1,773853,1.2307,13.164,97.0648,-177.0455,173.0314,-18.0516,-0.1827,0.0433
1780080241894,2,11.0000004b,Drive,Delivery,pitch.1,775712,0.2065,-0.0608,0.1217,0.0027,0.0023,0.0106,0.0,0.0
1780080241894,2,12.00000015,Lower Delivery,Delivery,pitch.1,775223,-0.7806,10.5352,85.4985,-237.0334,158.2273,-7.8362,-0.1897,-0.2842
1780080241894,2,12.00000018,Upper Delivery,Delivery,pitch.1,776510,1.7604,2.7342,11.7808,34.7779,15.0652,-11.2695,-0.1311,0.3026
1780080241894,2,Pitching Mound.Delivery,,Delivery,pitch.1,774598,0.9797,13.2694,97.2793,-177.1915,173.2925,-18.2418,-0.1826,0.0446
1780080241894,2,Pitching Mound.Drive,,Delivery,pitch.1,775712,0.2065,-0.0608,0.1217,0.0027,0.0023,0.0106,0.0,0.0
1780080241894,2,Pitching Mound.Parent,,Delivery,pitch.1,773854,1.1862,13.2087,97.401,-177.1888,173.2948,-18.2312,-0.1824,0.0445
1780080241895,2,11.0000004b,Drive,Delivery,pitch.1,775713,0.1957,-0.0593,0.0804,0.0017,0.0022,0.0103,0.0,0.0
1780080241895,2,12.00000015,Lower Delivery,Delivery,pitch.1,775224,-0.7771,10.5748,85.5773,-237.0353,158.0179,-7.9714,-0.1893,-0.2839
1780080241895,2,12.00000018,Upper Delivery,Delivery,pitch.1,776511,1.7364,2.761,11.7361,34.7721,15.3985,-11.2249,-0.1345,0.3037
1780080241895,2,Pitching Mound.Delivery,,Delivery,pitch.1,774599,0.9593,13.3358,97.3134,-177.1572,173.4164,-18.3417,-0.1827,0.045
1780080241895,2,Pitching Mound.Drive,,Delivery,pitch.1,775713,0.1957,-0.0593,0.0804,0.0017,0.0022,0.0103,0.0,0.0
1780080241895,2,Pitching Mound.Parent,,Delivery,pitch.1,773855,1.1549,13.2764,97.3938,-177.1555,173.4186,-18.3314,-0.1825,0.0449
1780080241896,2,11.0000004b,Drive,Delivery,pitch.1,775714,0.2079,-0.06,0.135,0.0022,0.0044,0.0111,0.0,0.0
1780080241896,2,12.00000015,Lower Delivery,Delivery,pitch.1,775225,-0.8063,10.5795,86.0496,-237.3348,158.3458,-8.0763,-0.1886,-0.2827
1780080241896,2,12.00000018,Upper Delivery,Delivery,pitch.1,776512,1.6981,2.7678,11.6433,34.5733,15.2945,-11.1832,-0.1346,0.3043
1780080241896,2,Pitching Mound.Delivery,,Delivery,pitch.1,774600,0.8919,13.3473,97.693,-177.4634,173.6404,-18.408,-0.1822,0.0462
1780080241896,2,Pitching Mound.Drive,,Delivery,pitch.1,775714,0.2079,-0.06,0.135,0.0022,0.0044,0.0111,0.0,0.0
1780080241896,2,Pitching Mound.Parent,,Delivery,pitch.1,773856,1.0997,13.2873,97.828,-177.4612,173.6447,-18.3969,-0.1819,0.0462
1780080241897,2,11.0000004b,Drive,Delivery,pitch.1,775715,0.1958,-0.0555,0.1351,0.002,0.0074,0.0112,0.0,0.0
1780080241897,2,12.00000015,Lower Delivery,Delivery,pitch.1,775226,-0.3946,10.9108,79.6795,-234.8147,156.8142,-8.1235,-0.2017,-0.3021
1780080241897,2,12.00000018,Upper Delivery,Delivery,pitch.1,776513,1.6996,2.782,11.7214,34.6577,15.3438,-11.1622,-0.1342,0.3031
1780080241897,2,Pitching Mound.Delivery,,Delivery,pitch.1,774601,1.305,13.6928,91.4009,-177.0512,172.1581,-18.5737,-0.1931,0.0283
1780080241897,2,Pitching Mound.Drive,,Delivery,pitch.1,775715,0.1958,-0.0555,0.1351,0.002,0.0074,0.0112,0.0,0.0
1780080241897,2,Pitching Mound.Parent,,Delivery,pitch.1,773857,1.5008,13.6373,91.536,-177.0492,172.1655,-18.5625,-0.1928,0.0283
1780080241898,2,11.0000004b,Drive,Delivery,pitch.1,775716,0.184,-0.052,0.1216,0.0016,0.0059,0.011,0.0,0.0
1780080241898,2,12.00000015,Lower Delivery,Delivery,pitch.1,775227,-0.7908,10.6308,85.2101,-237.1868,158.274,-8.3251,-0.1904,-0.2853
1780080241898,2,12.00000018,Upper Delivery,Delivery,pitch.1,776514,1.6797,2.7952,11.7343,34.8318,15.2859,-11.1586,-0.1335,0.3042
1780080241898,2,Pitching Mound.Delivery,,Delivery,pitch.1,774602,0.889,13.426,96.9444,-177.3732,173.5598,-18.6437,-0.1835,0.0438
1780080241898,2,Pitching Mound.Drive,,Delivery,pitch.1,775716,0.184,-0.052,0.1216,0.0016,0.0059,0.011,0.0,0.0
1780080241898,2,Pitching Mound.Parent,,Delivery,pitch.1,773858,1.0729,13.374,97.0661,-177.3716,173.5657,-18.6326,-0.1833,0.0437
1780080241899,2,11.0000004b,Drive,Delivery,pitch.1,775717,0.1798,-0.05,0.1218,0.0135,0.0091,0.0092,0.0,0.0
1780080241899,2,12.00000015,Lower Delivery,Delivery,pitch.1,775228,-0.7685,10.6364,84.5452,-237.4821,158.513,-8.5037,-0.1922,-0.2879
1780080241899,2,12.00000018,Upper Delivery,Delivery,pitch.1,776515,1.6581,2.7885,11.6403,34.8291,15.2366,-11.1009,-0.1342,0.3067
1780080241899,2,Pitching Mound.Delivery,,Delivery,pitch.1,774603,0.8896,13.4249,96.1855,-177.8653,173.7496,-18.7795,-0.1851,0.0418
1780080241899,2,Pitching Mound.Drive,,Delivery,pitch.1,775717,0.1798,-0.05,0.1218,0.0135,0.0091,0.0092,0.0,0.0
1780080241899,2,Pitching Mound.Parent,,Delivery,pitch.1,773859,1.0694,13.3749,96.3072,-177.8518,173.7587,-18.7704,-0.1849,0.0417
1780080241900,2,11.0000004b,Drive,Delivery,pitch.1,775718,0.1989,-0.0539,0.1385,0.022,0.0126,0.0082,0.0,0.0
1780080241900,2,12.00000015,Lower Delivery,Delivery,pitch.1,775229,-0.7278,10.6425,83.487,-237.64,158.6334,-8.6279,-0.1948,-0.2917
1780080241900,2,12.00000018,Upper Delivery,Delivery,pitch.1,776516,1.649,2.8175,11.7379,34.9903,15.3751,-11.0634,-0.1343,0.3055
1780080241900,2,Pitching Mound.Delivery,,Delivery,pitch.1,774604,0.9213,13.4599,95.2249,-178.2549,174.0086,-18.8832,-0.1873,0.0381
1780080241900,2,Pitching Mound.Drive,,Delivery,pitch.1,775718,0.1989,-0.0539,0.1385,0.022,0.0126,0.0082,0.0,0.0
1780080241900,2,Pitching Mound.Parent,,Delivery,pitch.1,773860,1.1202,13.406,95.3634,-178.2329,174.0212,-18.875,-0.187,0.038
1780080241901,2,11.0000004b,Drive,Delivery,pitch.1,775719,0.2031,-0.0576,0.131,0.0219,0.0105,0.0079,0.0,0.0
1780080241901,2,12.00000015,Lower Delivery,Delivery,pitch.1,775230,-0.7163,10.6905,82.9512,-237.2455,158.6936,-8.7714,-0.1961,-0.2931
1780080241901,2,12.00000018,Upper Delivery,Delivery,pitch.1,776517,1.6388,2.8113,11.8317,35.2312,15.4353,-11.0018,-0.1337,0.3052
1780080241901,2,Pitching Mound.Delivery,,Delivery,pitch.1,774605,0.9225,13.5017,94.7829,-177.8336,174.1289,-18.9725,-0.1883,0.0367
1780080241901,2,Pitching Mound.Drive,,Delivery,pitch.1,775719,0.2031,-0.0576,0.131,0.0219,0.0105,0.0079,0.0,0.0
1780080241901,2,Pitching Mound.Parent,,Delivery,pitch.1,773861,1.1256,13.4441,94.9139,-177.8117,174.1395,-18.9647,-0.188,0.0366
1780080241902,2,11.0000004b,Drive,Delivery,pitch.1,775720,0.2193,-0.0633,0.1385,0.0204,0.0084,0.0074,0.0,0.0
1780080241902,2,12.00000015,Lower Delivery,Delivery,pitch.1,775231,-0.7228,10.72,83.2723,-237.3314,158.9113,-8.9233,-0.1956,-0.2921
1780080241902,2,12.00000018,Upper Delivery,Delivery,pitch.1,776518,1.6349,2.8191,11.9619,35.321,15.4164,-10.9784,-0.1321,0.3026
1780080241902,2,Pitching Mound.Delivery,,Delivery,pitch.1,774606,0.9121,13.5391,95.2342,-177.7648,174.3277,-19.1001,-0.1876,0.0372
1780080241902,2,Pitching Mound.Drive,,Delivery,pitch.1,775720,0.2193,-0.0633,0.1385,0.0204,0.0084,0.0074,0.0,0.0
1780080241902,2,Pitching Mound.Parent,,Delivery,pitch.1,773862,1.1314,13.4758,95.3726,-177.7444,174.3361,-19.0927,-0.1873,0.0371
1780080241903,2,11.0000004b,Drive,Delivery,pitch.1,775721,0.2436,-0.0725,0.14,0.0316,0.0174,0.0068,0.0,0.0
1780080241903,2,12.00000015,Lower Delivery,Delivery,pitch.1,775232,-0.6965,10.7356,83.0736,-237.1795,158.7648,-8.9991,-0.1959,-0.2926
1780080241903,2,12.00000018,Upper Delivery,Delivery,pitch.1,776519,1.6306,2.8112,11.9512,35.0874,15.402,-10.9035,-0.1321,0.3009
1780080241903,2,Pitching Mound.Delivery,,Delivery,pitch.1,774607,0.9341,13.5467,95.0248,-177.9105,174.1668,-19.1114,-0.1879,0.0365
1780080241903,2,Pitching Mound.Drive,,Delivery,pitch.1,775721,0.2436,-0.0725,0.14,0.0316,0.0174,0.0068,0.0,0.0
1780080241903,2,Pitching Mound.Parent,,Delivery,pitch.1,773863,1.1777,13.4742,95.1648,-177.8789,174.1842,-19.1046,-0.1876,0.0364
1780080241904,2,11.0000004b,Drive,Delivery,pitch.1,775722,0.2648,-0.0796,0.1494,0.0345,0.0166,0.0051,0.0,0.0
1780080241904,2,12.00000015,Lower Delivery,Delivery,pitch.1,775233,-0.6894,10.7635,83.0598,-237.5712,158.9246,-9.1809,-0.1961,-0.2932
1780080241904,2,12.00000018,Upper Delivery,Delivery,pitch.1,776520,1.6105,2.834,11.9689,35.323,15.5007,-10.8675,-0.1327,0.3025
1780080241904,2,Pitching Mound.Delivery,,Delivery,pitch.1,774608,0.921,13.5975,95.0288,-178.0774,174.4253,-19.2664,-0.1881,0.0362
1780080241904,2,Pitching Mound.Drive,,Delivery,pitch.1,775722,0.2648,-0.0796,0.1494,0.0345,0.0166,0.0051,0.0,0.0
1780080241904,2,Pitching Mound.Parent,,Delivery,pitch.1,773864,1.1859,13.5179,95.1781,-178.0429,174.4419,-19.2613,-0.1878,0.0362
1780080241905,2,11.0000004b,Drive,Delivery,pitch.1,775723,0.2524,-0.0784,0.1125,0.0379,0.022,0.0051,0.0,0.0
1780080241905,2,12.00000015,Lower Delivery,Delivery,pitch.1,775234,-0.6808,10.7902,83.0673,-237.508,158.815,-9.3406,-0.196,-0.2931
1780080241905,2,12.00000018,Upper Delivery,Delivery,pitch.1,776521,1.6111,2.817,12.0052,35.2354,15.229,-10.8453,-0.13,0.3008
1780080241905,2,Pitching Mound.Delivery,,Delivery,pitch.1,774609,0.9303,13.6073,95.0725,-178.1115,174.0439,-19.4066,-0.1876,0.0361
1780080241905,2,Pitching Mound.Drive,,Delivery,pitch.1,775723,0.2524,-0.0784,0.1125,0.0379,0.022,0.0051,0.0,0.0
1780080241905,2,Pitching Mound.Parent,,Delivery,pitch.1,773865,1.1827,13.5289,95.185,-178.0736,174.0659,-19.4015,-0.1874,0.036
1780080241906,2,11.0000004b,Drive,Delivery,pitch.1,775724,0.2534,-0.0781,0.1148,0.0382,0.0203,0.0048,0.0,0.0
1780080241906,2,12.00000015,Lower Delivery,Delivery,pitch.1,775235,-0.6946,10.8416,83.2341,-237.6922,158.8325,-9.4574,-0.1956,-0.2927
1780080241906,2,12.00000018,Upper Delivery,Delivery,pitch.1,776522,1.596,2.8343,12.0379,34.9606,15.4843,-10.8523,-0.1318,0.2977
1780080241906,2,Pitching Mound.Delivery,,Delivery,pitch.1,774610,0.9014,13.6759,95.2721,-178.525,174.3168,-19.5309,-0.1875,0.036
1780080241906,2,Pitching Mound.Drive,,Delivery,pitch.1,775724,0.2534,-0.0781,0.1148,0.0382,0.0203,0.0048,0.0,0.0
1780080241906,2,Pitching Mound.Parent,,Delivery,pitch.1,773866,1.1547,13.5978,95.3869,-178.4867,174.3371,-19.5261,-0.1873,0.0359
1780080241907,2,11.0000004b,Drive,Delivery,pitch.1,775725,0.2472,-0.0777,0.0958,0.0441,0.0251,0.004,0.0,0.0
1780080241907,2,12.00000015,Lower Delivery,Delivery,pitch.1,775236,-0.6795,10.8861,83.4015,-237.9991,158.6578,-9.5846,-0.195,-0.2925
1780080241907,2,12.00000018,Upper Delivery,Delivery,pitch.1,776523,1.583,2.8385,12.0452,35.0746,15.5303,-10.8499,-0.1321,0.2985
1780080241907,2,Pitching Mound.Delivery,,Delivery,pitch.1,774611,0.9035,13.7246,95.4467,-178.6634,174.1881,-19.6652,-0.1871,0.0363
1780080241907,2,Pitching Mound.Drive,,Delivery,pitch.1,775725,0.2472,-0.0777,0.0958,0.0441,0.0251,0.004,0.0,0.0
1780080241907,2,Pitching Mound.Parent,,Delivery,pitch.1,773867,1.1508,13.6469,95.5425,-178.6193,174.2132,-19.6613,-0.1869,0.0362
1780080241908,2,11.0000004b,Drive,Delivery,pitch.1,775726,0.2685,-0.0859,0.0914,0.0465,0.0046,0.0018,0.0,0.0
1780080241908,2,12.00000015,Lower Delivery,Delivery,pitch.1,775237,-0.6822,10.9224,83.8966,-238.2771,158.681,-9.6922,-0.1939,-0.2911
1780080241908,2,12.00000018,Upper Delivery,Delivery,pitch.1,776524,1.5611,2.8404,11.9761,34.9966,15.5319,-10.84,-0.1329,0.2995
1780080241908,2,Pitching Mound.Delivery,,Delivery,pitch.1,774612,0.879,13.7627,95.8727,-178.8275,174.2129,-19.7694,-0.1862,0.0377
1780080241908,2,Pitching Mound.Drive,,Delivery,pitch.1,775726,0.2685,-0.0859,0.0914,0.0465,0.0046,0.0018,0.0,0.0
1780080241908,2,Pitching Mound.Parent,,Delivery,pitch.1,773868,1.1474,13.6769,95.9641,-178.781,174.2176,-19.7676,-0.1861,0.0377
1780080241909,2,11.0000004b,Drive,Delivery,pitch.1,775727,0.2658,-0.0847,0.0952,0.0542,-0.0059,0.0021,0.0,0.0
1780080241909,2,12.00000015,Lower Delivery,Delivery,pitch.1,775238,-0.6899,10.9593,84.2998,-238.4259,158.4863,-9.8454,-0.1927,-0.2899
1780080241909,2,12.00000018,Upper Delivery,Delivery,pitch.1,776525,1.5578,2.8368,11.958,34.9191,15.5598,-10.8257,-0.1334,0.2993
1780080241909,2,Pitching Mound.Delivery,,Delivery,pitch.1,774613,0.868,13.7961,96.2578,-178.9106,174.0461,-19.9069,-0.1853,0.0388
1780080241909,2,Pitching Mound.Drive,,Delivery,pitch.1,775727,0.2658,-0.0847,0.0952,0.0542,-0.0059,0.0021,0.0,0.0
1780080241909,2,Pitching Mound.Parent,,Delivery,pitch.1,773869,1.1338,13.7114,96.3529,-178.8563,174.0402,-19.9048,-0.1851,0.0388
1780080241910,2,11.0000004b,Drive,Delivery,pitch.1,775728,0.2417,-0.0759,0.089,0.0514,-0.0045,0.0029,0.0,0.0
1780080241910,2,12.00000015,Lower Delivery,Delivery,pitch.1,775239,-0.6946,10.998,84.6444,-238.4288,158.3935,-9.9474,-0.1918,-0.2887
1780080241910,2,12.00000018,Upper Delivery,Delivery,pitch.1,776526,1.5531,2.837,11.9943,35.2621,15.7694,-10.7956,-0.1348,0.3013
1780080241910,2,Pitching Mound.Delivery,,Delivery,pitch.1,774614,0.8586,13.835,96.6387,-178.4657,174.1628,-19.9787,-0.1847,0.0401
1780080241910,2,Pitching Mound.Drive,,Delivery,pitch.1,775728,0.2417,-0.0759,0.089,0.0514,-0.0045,0.0029,0.0,0.0
1780080241910,2,Pitching Mound.Parent,,Delivery,pitch.1,773870,1.1002,13.7591,96.7277,-178.4143,174.1584,-19.9759,-0.1845,0.0401
1780080241911,2,11.0000004b,Drive,Delivery,pitch.1,775729,0.2124,-0.066,0.0742,0.0428,0.0303,0.004,0.0,0.0
1780080241911,2,12.00000015,Lower Delivery,Delivery,pitch.1,775240,-0.7023,11.0302,85.2305,-238.3091,158.1245,-10.0381,-0.1902,-0.2866
1780080241911,2,12.00000018,Upper Delivery,Delivery,pitch.1,776527,1.5495,2.8197,11.9219,35.1506,15.8865,-10.7892,-0.1366,0.3022
1780080241911,2,Pitching Mound.Delivery,,Delivery,pitch.1,774615,0.8471,13.8499,97.1523,-178.2336,174.0111,-20.0617,-0.1836,0.0422
1780080241911,2,Pitching Mound.Drive,,Delivery,pitch.1,775729,0.2124,-0.066,0.0742,0.0428,0.0303,0.004,0.0,0.0
1780080241911,2,Pitching Mound.Parent,,Delivery,pitch.1,773871,1.0596,13.7839,97.2265,-178.1908,174.0413,-20.0577,-0.1834,0.0422
1780080241912,2,11.0000004b,Drive,Delivery,pitch.1,775730,0.1985,-0.0607,0.0757,0.0471,0.0107,0.0029,0.0,0.0
1780080241912,2,12.00000015,Lower Delivery,Delivery,pitch.1,775241,-0.7222,11.0815,85.7812,-238.9563,158.1499,-10.2013,-0.189,-0.2855
1780080241912,2,12.00000018,Upper Delivery,Delivery,pitch.1,776528,1.5311,2.8268,11.8713,35.0249,15.7862,-10.7404,-0.1363,0.3024
1780080241912,2,Pitching Mound.Delivery,,Delivery,pitch.1,774616,0.8089,13.9083,97.6525,-178.802,173.9361,-20.1755,-0.1826,0.0433
1780080241912,2,Pitching Mound.Drive,,Delivery,pitch.1,775730,0.1985,-0.0607,0.0757,0.0471,0.0107,0.0029,0.0,0.0
1780080241912,2,Pitching Mound.Parent,,Delivery,pitch.1,773872,1.0075,13.8476,97.7282,-178.7549,173.9468,-20.1726,-0.1824,0.0433
1780080241913,2,11.0000004b,Drive,Delivery,pitch.1,775731,0.2058,-0.0632,0.0765,0.0568,-0.0553,0.0023,0.0,0.0
1780080241913,2,12.00000015,Lower Delivery,Delivery,pitch.1,775242,-0.7304,11.121,85.5449,-239.0592,158.1778,-10.307,-0.1895,-0.2864
1780080241913,2,12.00000018,Upper Delivery,Delivery,pitch.1,776529,1.5214,2.8147,11.8319,35.0385,15.7196,-10.7199,-0.1362,0.3035
1780080241913,2,Pitching Mound.Delivery,,Delivery,pitch.1,774617,0.791,13.9357,97.3767,-178.9583,173.8974,-20.2613,-0.183,0.0426
1780080241913,2,Pitching Mound.Drive,,Delivery,pitch.1,775731,0.2058,-0.0632,0.0765,0.0568,-0.0553,0.0023,0.0,0.0
1780080241913,2,Pitching Mound.Parent,,Delivery,pitch.1,773873,0.9967,13.8725,97.4532,-178.9015,173.8421,-20.2589,-0.1829,0.0426
1780080241914,2,11.0000004b,Drive,Delivery,pitch.1,775732,0.1891,-0.0567,0.0837,0.0264,0.0192,0.0048,0.0,0.0
1780080241914,2,12.00000015,Lower Delivery,Delivery,pitch.1,775243,-0.7417,11.1506,85.589,-239.6538,158.3927,-10.4503,-0.1897,-0.287
1780080241914,2,12.00000018,Upper Delivery,Delivery,pitch.1,776530,1.5217,2.7969,11.8505,35.159,15.5052,-10.7049,-0.1341,0.3041
1780080241914,2,Pitching Mound.Delivery,,Delivery,pitch.1,774618,0.78,13.9475,97.4394,-179.4236,173.8979,-20.3856,-0.1829,0.0422
1780080241914,2,Pitching Mound.Drive,,Delivery,pitch.1,775732,0.1891,-0.0567,0.0837,0.0264,0.0192,0.0048,0.0,0.0
1780080241914,2,Pitching Mound.Parent,,Delivery,pitch.1,773874,0.9691,13.8908,97.5231,-179.3973,173.9171,-20.3808,-0.1828,0.0422
1780080241915,2,11.0000004b,Drive,Delivery,pitch.1,775733,0.1872,-0.0568,0.0698,0.0228,0.02,0.0057,0.0,0.0
1780080241915,2,12.00000015,Lower Delivery,Delivery,pitch.1,775244,-0.759,11.1926,85.8968,-239.7035,158.461,-10.5717,-0.1891,-0.286
1780080241915,2,12.00000018,Upper Delivery,Delivery,pitch.1,776531,1.5013,2.7923,11.8234,35.2128,15.2207,-10.653,-0.1319,0.3053
1780080241915,2,Pitching Mound.Delivery,,Delivery,pitch.1,774619,0.7424,13.9849,97.7202,-179.3057,173.6817,-20.4561,-0.1822,0.0432
1780080241915,2,Pitching Mound.Drive,,Delivery,pitch.1,775733,0.1872,-0.0568,0.0698,0.0228,0.02,0.0057,0.0,0.0
1780080241915,2,Pitching Mound.Parent,,Delivery,pitch.1,773875,0.9296,13.9281,97.79,-179.2829,173.7017,-20.4504,-0.182,0.0432
1780080241916,2,11.0000004b,Drive,Delivery,pitch.1,775734,0.1797,-0.0541,0.0749,0.0116,0.0114,0.007,0.0,0.0
1780080241916,2,12.00000015,Lower Delivery,Delivery,pitch.1,775245,-0.7652,11.2158,85.6382,-240.384,158.6992,-10.7171,-0.1899,-0.2877
1780080241916,2,12.00000018,Upper Delivery,Delivery,pitch.1,776532,1.4832,2.8005,11.8699,35.3916,15.2013,-10.6159,-0.1313,0.3056
1780080241916,2,Pitching Mound.Delivery,,Delivery,pitch.1,774620,0.718,14.0163,97.5081,-179.9111,173.9005,-20.5685,-0.1828,0.0417
1780080241916,2,Pitching Mound.Drive,,Delivery,pitch.1,775734,0.1797,-0.0541,0.0749,0.0116,0.0114,0.007,0.0,0.0
1780080241916,2,Pitching Mound.Parent,,Delivery,pitch.1,773876,0.8977,13.9622,97.5831,-179.8995,173.912,-20.5616,-0.1827,0.0417
1780080241917,2,11.0000004b,Drive,Delivery,pitch.1,775735,0.1717,-0.0514,0.0691,0.0098,0.0094,0.0073,0.0,0.0
1780080241917,2,11.0000004b,Drive,Delivery,pitch.1,775736,0.1626,-0.0484,0.063,0.0119,0.0113,0.0081,0.0,0.0
1780080241917,2,12.00000015,Lower Delivery,Delivery,pitch.1,775246,-0.7533,11.2465,85.564,-240.6069,158.8543,-10.8384,-0.1903,-0.2882
1780080241917,2,12.00000018,Upper Delivery,Delivery,pitch.1,776533,1.467,2.7961,11.8316,35.6697,15.1047,-10.5868,-0.1308,0.309
1780080241917,2,Pitching Mound.Delivery,,Delivery,pitch.1,774621,0.7137,14.0427,97.3956,-179.8682,173.959,-20.6703,-0.1831,0.0417
1780080241917,2,Pitching Mound.Drive,,Delivery,pitch.1,775735,0.1717,-0.0514,0.0691,0.0098,0.0094,0.0073,0.0,0.0
1780080241917,2,Pitching Mound.Drive,,Delivery,pitch.1,775736,0.1626,-0.0484,0.063,0.0119,0.0113,0.0081,0.0,0.0
1780080241917,2,Pitching Mound.Parent,,Delivery,pitch.1,773877,0.8853,13.9913,97.4646,-179.8584,173.9684,-20.6631,-0.1829,0.0417
1780080241918,2,12.00000015,Lower Delivery,Delivery,pitch.1,775247,-0.7539,11.2712,85.4121,-240.7844,158.9874,-10.978,-0.1908,-0.2889
1780080241918,2,12.00000018,Upper Delivery,Delivery,pitch.1,776534,1.4597,2.7945,11.8213,35.2594,14.8797,-10.5191,-0.129,0.3057
1780080241918,2,Pitching Mound.Delivery,,Delivery,pitch.1,774622,0.7058,14.0657,97.2334,-180.5042,173.867,-20.7444,-0.1833,0.0407
1780080241918,2,Pitching Mound.Parent,,Delivery,pitch.1,773878,0.8684,14.0173,97.2964,-180.4923,173.8783,-20.7364,-0.1832,0.0407
1780080241919,2,11.0000004b,Drive,Delivery,pitch.1,775737,0.1707,-0.0509,0.0752,0.0118,0.0096,0.0084,0.0,0.0
1780080241919,2,12.00000015,Lower Delivery,Delivery,pitch.1,775248,-0.7683,11.3094,85.5567,-241.1824,159.1755,-11.1372,-0.1907,-0.2889
1780080241919,2,12.00000018,Upper Delivery,Delivery,pitch.1,776535,1.4398,2.7963,11.8022,35.3292,14.904,-10.4487,-0.1294,0.3068
1780080241919,2,Pitching Mound.Delivery,,Delivery,pitch.1,774623,0.6716,14.1058,97.3589,-180.7767,174.0795,-20.8351,-0.1833,0.0409
1780080241919,2,Pitching Mound.Drive,,Delivery,pitch.1,775737,0.1707,-0.0509,0.0752,0.0118,0.0096,0.0084,0.0,0.0
1780080241919,2,Pitching Mound.Parent,,Delivery,pitch.1,773879,0.8423,14.0549,97.4342,-180.7649,174.0891,-20.8267,-0.1831,0.0408
1780080241920,2,11.0000004b,Drive,Delivery,pitch.1,775738,0.1657,-0.0488,0.0778,0.0115,0.0073,0.0084,0.0,0.0
1780080241920,2,11.0000004b,Drive,Delivery,pitch.1,775739,0.1819,-0.0516,0.1102,0.0111,0.0051,0.0089,0.0,0.0
1780080241920,2,12.00000015,Lower Delivery,Delivery,pitch.1,775249,-0.7546,11.3423,85.1915,-241.7155,159.5114,-11.3029,-0.1919,-0.2908
1780080241920,2,12.00000018,Upper Delivery,Delivery,pitch.1,776536,1.4173,2.7972,11.8239,35.0466,14.7678,-10.4227,-0.128,0.3038
1780080241920,2,Pitching Mound.Delivery,,Delivery,pitch.1,774624,0.6627,14.1395,97.0154,-181.7239,174.2792,-20.9872,-0.1841,0.0388
1780080241920,2,Pitching Mound.Drive,,Delivery,pitch.1,775738,0.1657,-0.0488,0.0778,0.0115,0.0073,0.0084,0.0,0.0
1780080241920,2,Pitching Mound.Drive,,Delivery,pitch.1,775739,0.1819,-0.0516,0.1102,0.0111,0.0051,0.0089,0.0,0.0
1780080241920,2,Pitching Mound.Parent,,Delivery,pitch.1,773880,0.8285,14.0907,97.0932,-181.7124,174.2866,-20.9788,-0.184,0.0388
1780080241921,2,11.0000004b,Drive,Delivery,pitch.1,775740,0.1811,-0.0528,0.0951,0.008,0.0045,0.0097,0.0,0.0
1780080241921,2,12.00000015,Lower Delivery,Delivery,pitch.1,775250,-0.7806,11.3748,85.3814,-241.6628,159.441,-11.4332,-0.1914,-0.2901
1780080241921,2,12.00000018,Upper Delivery,Delivery,pitch.1,776537,1.4122,2.8052,11.8817,35.0323,14.5893,-10.4198,-0.1259,0.3022
1780080241921,2,Pitching Mound.Delivery,,Delivery,pitch.1,774625,0.6316,14.18,97.2631,-181.6406,174.0302,-21.1074,-0.1834,0.0392
1780080241921,2,Pitching Mound.Drive,,Delivery,pitch.1,775740,0.1811,-0.0528,0.0951,0.008,0.0045,0.0097,0.0,0.0
1780080241921,2,Pitching Mound.Parent,,Delivery,pitch.1,773881,0.8135,14.1284,97.3734,-181.6295,174.0354,-21.0985,-0.1832,0.0391
1780080241922,2,11.0000004b,Drive,Delivery,pitch.1,775741,0.2125,-0.0586,0.1552,0.0076,-0.0006,0.0094,0.0,0.0
1780080241922,2,12.00000015,Lower Delivery,Delivery,pitch.1,775251,-0.7722,11.4067,85.0297,-241.6587,159.6208,-11.5947,-0.1924,-0.2913
1780080241922,2,12.00000018,Upper Delivery,Delivery,pitch.1,776538,1.399,2.8212,11.822,35.0612,14.5381,-10.4002,-0.126,0.304
1780080241922,2,Pitching Mound.Delivery,,Delivery,pitch.1,774626,0.6268,14.228,96.8517,-181.7069,174.1588,-21.2566,-0.1843,0.0384
1780080241922,2,Pitching Mound.Drive,,Delivery,pitch.1,775741,0.2125,-0.0586,0.1552,0.0076,-0.0006,0.0094,0.0,0.0
1780080241922,2,Pitching Mound.Parent,,Delivery,pitch.1,773882,0.808,14.1752,96.9469,-181.6989,174.1633,-21.247,-0.1841,0.0383
1780080241923,2,11.0000004b,Drive,Delivery,pitch.1,775742,0.1953,-0.0544,0.1369,0.002,-0.0032,0.0108,0.0,0.0
1780080241923,2,12.00000015,Lower Delivery,Delivery,pitch.1,775252,-0.7737,11.4055,84.6329,-241.4204,159.7368,-11.7494,-0.1934,-0.2924
1780080241923,2,12.00000018,Upper Delivery,Delivery,pitch.1,776539,1.4042,2.824,11.831,35.1236,14.4769,-10.3966,-0.1254,0.3043
1780080241923,2,Pitching Mound.Delivery,,Delivery,pitch.1,774627,0.6305,14.2295,96.4639,-181.5442,174.2137,-21.4055,-0.1851,0.0374
1780080241923,2,Pitching Mound.Drive,,Delivery,pitch.1,775742,0.1953,-0.0544,0.1369,0.002,-0.0032,0.0108,0.0,0.0
1780080241923,2,Pitching Mound.Parent,,Delivery,pitch.1,773883,0.843,14.1709,96.6191,-181.5366,174.2131,-21.3961,-0.1848,0.0373
1780080241924,2,11.0000004b,Drive,Delivery,pitch.1,775743,0.2068,-0.059,0.1314,0.0041,-0.0026,0.0103,0.0,0.0
1780080241924,2,12.00000015,Lower Delivery,Delivery,pitch.1,775253,-0.7625,11.4135,84.4892,-241.0591,159.6641,-11.8933,-0.1937,-0.2924
1780080241924,2,12.00000018,Upper Delivery,Delivery,pitch.1,776540,1.4016,2.8412,11.8465,35.2345,14.6113,-10.392,-0.1264,0.3048
1780080241924,2,Pitching Mound.Delivery,,Delivery,pitch.1,774628,0.6391,14.2547,96.3357,-181.126,174.2755,-21.5495,-0.1854,0.0374
1780080241924,2,Pitching Mound.Drive,,Delivery,pitch.1,775743,0.2068,-0.059,0.1314,0.0041,-0.0026,0.0103,0.0,0.0
1780080241924,2,Pitching Mound.Parent,,Delivery,pitch.1,773884,0.8344,14.2004,96.4726,-181.124,174.2723,-21.5386,-0.1852,0.0373
1780080241925,2,11.0000004b,Drive,Delivery,pitch.1,775744,0.2177,-0.0596,0.1666,0.0097,-0.0021,0.0105,0.0,0.0
1780080241925,2,12.00000015,Lower Delivery,Delivery,pitch.1,775254,-0.7578,11.4446,84.2842,-241.3702,159.9231,-12.0915,-0.1945,-0.2935
1780080241925,2,12.00000018,Upper Delivery,Delivery,pitch.1,776541,1.3852,2.8383,11.7901,35.2143,14.5583,-10.3177,-0.1266,0.3061
1780080241925,2,Pitching Mound.Delivery,,Delivery,pitch.1,774629,0.6274,14.283,96.0743,-181.5079,174.4813,-21.6806,-0.1861,0.0366
1780080241925,2,Pitching Mound.Drive,,Delivery,pitch.1,775744,0.2177,-0.0596,0.1666,0.0097,-0.0021,0.0105,0.0,0.0
1780080241925,2,Pitching Mound.Parent,,Delivery,pitch.1,773885,0.8342,14.2239,96.2057,-181.5037,174.4787,-21.6702,-0.1859,0.0366
1780080241926,2,11.0000004b,Drive,Delivery,pitch.1,775745,0.1987,-0.0541,0.1524,0.0172,0.0039,0.0102,0.0,0.0
1780080241926,2,12.00000015,Lower Delivery,Delivery,pitch.1,775255,-0.7382,11.469,84.1155,-241.4924,159.705,-12.2586,-0.1946,-0.2943
1780080241926,2,12.00000018,Upper Delivery,Delivery,pitch.1,776542,1.3786,2.8565,11.8506,35.2282,14.5369,-10.3429,-0.1257,0.3047
1780080241926,2,Pitching Mound.Delivery,,Delivery,pitch.1,774630,0.6405,14.3255,95.9661,-181.6941,174.2419,-21.8818,-0.1861,0.0357
1780080241926,2,Pitching Mound.Drive,,Delivery,pitch.1,775745,0.1987,-0.0541,0.1524,0.0172,0.0039,0.0102,0.0,0.0
1780080241926,2,Pitching Mound.Parent,,Delivery,pitch.1,773886,0.8582,14.2659,96.1326,-181.6845,174.2398,-21.8712,-0.1858,0.0357
1780080241927,2,11.0000004b,Drive,Delivery,pitch.1,775746,0.2121,-0.0571,0.1848,0.0073,-0.002,0.0112,0.0,0.0
1780080241927,2,12.00000015,Lower Delivery,Delivery,pitch.1,775256,-0.7505,11.5132,84.1318,-241.4648,159.7102,-12.4115,-0.1946,-0.2942
1780080241927,2,12.00000018,Upper Delivery,Delivery,pitch.1,776543,1.356,2.8484,11.8101,34.7772,14.378,-10.3019,-0.1248,0.3018
1780080241927,2,Pitching Mound.Delivery,,Delivery,pitch.1,774631,0.6055,14.3616,95.9418,-182.0982,174.0882,-21.9973,-0.186,0.0355
1780080241927,2,Pitching Mound.Drive,,Delivery,pitch.1,775746,0.2121,-0.0571,0.1848,0.0073,-0.002,0.0112,0.0,0.0
1780080241927,2,Pitching Mound.Parent,,Delivery,pitch.1,773887,0.8042,14.3075,96.0942,-182.081,174.0921,-21.987,-0.1857,0.0354
1780080241928,2,11.0000004b,Drive,Delivery,pitch.1,775747,0.2264,-0.0621,0.1917,0.0082,-0.0011,0.0111,0.0,0.0
1780080241928,2,12.00000015,Lower Delivery,Delivery,pitch.1,775257,-0.7423,11.5495,84.3462,-241.4214,159.7762,-12.5664,-0.1942,-0.2934
1780080241928,2,12.00000018,Upper Delivery,Delivery,pitch.1,776544,1.3543,2.86,11.853,34.7619,14.4001,-10.3201,-0.1245,0.3006
1780080241928,2,Pitching Mound.Delivery,,Delivery,pitch.1,774632,0.612,14.4095,96.1991,-182.0119,174.1763,-22.1736,-0.1856,0.036
1780080241928,2,Pitching Mound.Drive,,Delivery,pitch.1,775747,0.2264,-0.0621,0.1917,0.0082,-0.0011,0.0111,0.0,0.0
1780080241928,2,Pitching Mound.Parent,,Delivery,pitch.1,773888,0.824,14.3524,96.3839,-182.0045,174.1743,-22.1624,-0.1852,0.036
1780080241929,2,11.0000004b,Drive,Delivery,pitch.1,775748,0.2086,-0.0572,0.1705,0.0086,0.0033,0.0104,0.0,0.0
1780080241929,2,12.00000015,Lower Delivery,Delivery,pitch.1,775258,-0.7525,11.6153,84.655,-241.2956,159.687,-12.7005,-0.1933,-0.2921
1780080241929,2,12.00000018,Upper Delivery,Delivery,pitch.1,776545,1.3426,2.8616,11.8505,34.539,14.3357,-10.3137,-0.124,0.2987
1780080241929,2,Pitching Mound.Delivery,,Delivery,pitch.1,774633,0.5901,14.4769,96.5055,-182.003,174.0227,-22.3019,-0.1848,0.0369
1780080241929,2,Pitching Mound.Drive,,Delivery,pitch.1,775748,0.2086,-0.0572,0.1705,0.0086,0.0033,0.0104,0.0,0.0
1780080241929,2,Pitching Mound.Parent,,Delivery,pitch.1,773889,0.8165,14.4148,96.6972,-181.9948,174.0216,-22.2907,-0.1845,0.0368
1780080241930,2,11.0000004b,Drive,Delivery,pitch.1,775749,0.1849,-0.0517,0.1315,0.0068,0.0047,0.0102,0.0,0.0
1780080241930,2,12.00000015,Lower Delivery,Delivery,pitch.1,775259,-0.7534,11.6606,84.7486,-241.4815,159.5764,-12.818,-0.193,-0.292
1780080241930,2,12.00000018,Upper Delivery,Delivery,pitch.1,776546,1.321,2.8532,11.8149,34.2811,14.2694,-10.2578,-0.1238,0.2974
1780080241930,2,Pitching Mound.Delivery,,Delivery,pitch.1,774634,0.5676,14.5139,96.5636,-182.403,173.8458,-22.3706,-0.1845,0.0369
1780080241930,2,Pitching Mound.Drive,,Delivery,pitch.1,775749,0.1849,-0.0517,0.1315,0.0068,0.0047,0.0102,0.0,0.0
1780080241930,2,Pitching Mound.Parent,,Delivery,pitch.1,773890,0.7762,14.4567,96.734,-182.3943,173.8491,-22.3602,-0.1842,0.0368
1780080241931,2,12.00000015,Lower Delivery,Delivery,pitch.1,775260,-0.7675,11.7274,85.2061,-241.8391,159.6174,-12.9801,-0.192,-0.2909
1780080241931,2,12.00000018,Upper Delivery,Delivery,pitch.1,776547,1.3225,2.8636,11.7917,34.3901,14.412,-10.2559,-0.1253,0.2989
1780080241931,2,Pitching Mound.Delivery,,Delivery,pitch.1,774635,0.555,14.591,96.9978,-182.4881,174.0294,-22.5254,-0.1839,0.0381
1780080241931,2,Pitching Mound.Parent,,Delivery,pitch.1,773891,0.7399,14.5393,97.1293,-182.4813,174.034,-22.5152,-0.1836,0.0381
1780080241932,2,11.0000004b,Drive,Delivery,pitch.1,775750,0.2074,-0.0603,0.1357,0.0069,0.0082,0.0118,0.0,0.0
1780080241932,2,12.00000015,Lower Delivery,Delivery,pitch.1,775261,-0.7694,11.7803,85.1009,-242.1839,159.6158,-13.1215,-0.1922,-0.2917
1780080241932,2,12.00000018,Upper Delivery,Delivery,pitch.1,776548,1.3086,2.868,11.7827,34.1008,14.5881,-10.2097,-0.1269,0.2966
1780080241932,2,Pitching Mound.Delivery,,Delivery,pitch.1,774636,0.5392,14.6483,96.8835,-183.1549,174.2039,-22.6246,-0.1843,0.0372
1780080241932,2,Pitching Mound.Drive,,Delivery,pitch.1,775750,0.2074,-0.0603,0.1357,0.0069,0.0082,0.0118,0.0,0.0
1780080241932,2,Pitching Mound.Parent,,Delivery,pitch.1,773892,0.7465,14.588,97.0193,-183.1479,174.2121,-22.6128,-0.184,0.0371
1780080241933,2,11.0000004b,Drive,Delivery,pitch.1,775751,0.2224,-0.0652,0.146,0.0129,0.0113,0.0094,0.0,0.0
1780080241933,2,12.00000015,Lower Delivery,Delivery,pitch.1,775262,-0.7844,11.8423,85.6942,-242.326,159.4066,-13.2729,-0.1907,-0.2898
1780080241933,2,12.00000018,Upper Delivery,Delivery,pitch.1,776549,1.3144,2.8718,11.8189,33.7716,14.4906,-10.2025,-0.1257,0.2929
1780080241933,2,Pitching Mound.Delivery,,Delivery,pitch.1,774637,0.53,14.7141,97.5131,-183.4368,173.8972,-22.7619,-0.1828,0.0384
1780080241933,2,Pitching Mound.Drive,,Delivery,pitch.1,775751,0.2224,-0.0652,0.146,0.0129,0.0113,0.0094,0.0,0.0
1780080241933,2,Pitching Mound.Parent,,Delivery,pitch.1,773893,0.7524,14.6489,97.6591,-183.4239,173.9084,-22.7525,-0.1825,0.0383
1780080241934,2,11.0000004b,Drive,Delivery,pitch.1,775752,0.2198,-0.0635,0.1535,0.0123,0.0124,0.0094,0.0,0.0
1780080241934,2,12.00000015,Lower Delivery,Delivery,pitch.1,775263,-0.7948,11.9269,86.0857,-242.976,159.2627,-13.3771,-0.1896,-0.2893
1780080241934,2,12.00000018,Upper Delivery,Delivery,pitch.1,776550,1.3046,2.8708,11.7946,33.8482,14.2682,-10.2104,-0.124,0.2941
1780080241934,2,Pitching Mound.Delivery,,Delivery,pitch.1,774638,0.5098,14.7977,97.8803,-183.8688,173.5308,-22.8738,-0.1817,0.0391
1780080241934,2,Pitching Mound.Drive,,Delivery,pitch.1,775752,0.2198,-0.0635,0.1535,0.0123,0.0124,0.0094,0.0,0.0
1780080241934,2,Pitching Mound.Parent,,Delivery,pitch.1,773894,0.7296,14.7342,98.0338,-183.8565,173.5432,-22.8644,-0.1814,0.039
1780080241935,2,11.0000004b,Drive,Delivery,pitch.1,775753,0.2206,-0.0631,0.1614,0.0152,0.0135,0.0093,0.0,0.0
1780080241935,2,12.00000015,Lower Delivery,Delivery,pitch.1,775265,-0.8255,12.0484,86.4289,-244.0246,159.1991,-13.6122,-0.1888,-0.2894
1780080241935,2,12.00000015,Lower Delivery,Delivery,pitch.1,775264,-0.7974,11.9926,86.2096,-243.9485,159.1469,-13.5069,-0.1892,-0.29
1780080241935,2,12.00000018,Upper Delivery,Delivery,pitch.1,776551,1.3026,2.8631,11.8054,33.7146,14.2207,-10.1542,-0.1235,0.2927
1780080241935,2,Pitching Mound.Delivery,,Delivery,pitch.1,774639,0.5052,14.8557,98.015,-184.9365,173.3676,-22.9471,-0.1813,0.0383
1780080241935,2,Pitching Mound.Drive,,Delivery,pitch.1,775753,0.2206,-0.0631,0.1614,0.0152,0.0135,0.0093,0.0,0.0
1780080241935,2,Pitching Mound.Parent,,Delivery,pitch.1,773895,0.7258,14.7926,98.1764,-184.9213,173.3811,-22.9378,-0.181,0.0382
1780080241936,2,11.0000004b,Drive,Delivery,pitch.1,775754,0.2164,-0.061,0.165,0.0297,-0.0098,0.008,0.0,0.0
1780080241936,2,12.00000018,Upper Delivery,Delivery,pitch.1,776552,1.3029,2.8807,11.8049,33.6948,14.1905,-10.1399,-0.1232,0.2926
1780080241936,2,Pitching Mound.Delivery,,Delivery,pitch.1,774640,0.4774,14.9291,98.2338,-184.9577,173.3896,-23.0285,-0.1809,0.0388
1780080241936,2,Pitching Mound.Drive,,Delivery,pitch.1,775754,0.2164,-0.061,0.165,0.0297,-0.0098,0.008,0.0,0.0
1780080241936,2,Pitching Mound.Parent,,Delivery,pitch.1,773896,0.6939,14.868,98.3988,-184.928,173.3798,-23.0205,-0.1806,0.0388
1780080241937,2,11.0000004b,Drive,Delivery,pitch.1,775755,0.2174,-0.0632,0.1469,0.0253,0.0146,0.0069,0.0,0.0
1780080241937,2,12.00000015,Lower Delivery,Delivery,pitch.1,775266,-0.8246,12.099,86.3407,-244.285,159.3733,-13.727,-0.1892,-0.29
1780080241937,2,12.00000018,Upper Delivery,Delivery,pitch.1,776553,1.3005,2.8877,11.7744,33.3884,14.2091,-10.0916,-0.1237,0.2906
1780080241937,2,Pitching Mound.Delivery,,Delivery,pitch.1,774641,0.4759,14.9867,98.1152,-185.5441,173.5824,-23.0961,-0.1813,0.0381
1780080241937,2,Pitching Mound.Drive,,Delivery,pitch.1,775755,0.2174,-0.0632,0.1469,0.0253,0.0146,0.0069,0.0,0.0
1780080241937,2,Pitching Mound.Parent,,Delivery,pitch.1,773897,0.6933,14.9234,98.2621,-185.5188,173.597,-23.0892,-0.1811,0.038
1780080241938,2,11.0000004b,Drive,Delivery,pitch.1,775756,0.2272,-0.0654,0.1605,0.025,0.0126,0.0071,0.0,0.0
1780080241938,2,12.00000015,Lower Delivery,Delivery,pitch.1,775267,-0.7853,12.1216,85.9355,-243.789,159.2206,-13.8661,-0.1899,-0.2908
1780080241938,2,12.00000018,Upper Delivery,Delivery,pitch.1,776554,1.2986,2.8886,11.8001,33.4869,14.3088,-10.0596,-0.1243,0.2909
1780080241938,2,Pitching Mound.Delivery,,Delivery,pitch.1,774642,0.5134,15.0101,97.7356,-185.0961,173.5294,-23.2172,-0.182,0.0374
1780080241938,2,Pitching Mound.Drive,,Delivery,pitch.1,775756,0.2272,-0.0654,0.1605,0.025,0.0126,0.0071,0.0,0.0
1780080241938,2,Pitching Mound.Parent,,Delivery,pitch.1,773898,0.7405,14.9448,97.8961,-185.0711,173.542,-23.2101,-0.1817,0.0373
1780080241939,2,11.0000004b,Drive,Delivery,pitch.1,775757,0.2343,-0.0691,0.1485,0.0463,-0.0786,0.0049,0.0,0.0
1780080241939,2,11.0000004b,Drive,Delivery,pitch.1,775758,0.2352,-0.069,0.1537,0.0356,-0.0286,0.0057,0.0,0.0
1780080241939,2,12.00000015,Lower Delivery,Delivery,pitch.1,775268,-0.7858,12.1694,85.9316,-243.8137,159.3112,-14.0334,-0.19,-0.2908
1780080241939,2,12.00000018,Upper Delivery,Delivery,pitch.1,776555,1.2922,2.8856,11.6915,33.2897,14.0754,-9.9958,-0.1234,0.2918
1780080241939,2,Pitching Mound.Delivery,,Delivery,pitch.1,774643,0.5064,15.055,97.623,-185.2824,173.3866,-23.3227,-0.182,0.0375
1780080241939,2,Pitching Mound.Drive,,Delivery,pitch.1,775757,0.2343,-0.0691,0.1485,0.0463,-0.0786,0.0049,0.0,0.0
1780080241939,2,Pitching Mound.Drive,,Delivery,pitch.1,775758,0.2352,-0.069,0.1537,0.0356,-0.0286,0.0057,0.0,0.0
1780080241939,2,Pitching Mound.Parent,,Delivery,pitch.1,773899,0.7407,14.9859,97.7715,-185.2361,173.3079,-23.3178,-0.1818,0.0375
1780080241940,2,11.0000004b,Drive,Delivery,pitch.1,775759,0.2296,-0.0685,0.1383,0.0305,-0.0155,0.0061,0.0,0.0
1780080241940,2,12.00000015,Lower Delivery,Delivery,pitch.1,775269,-0.7609,12.2049,85.8302,-243.7419,159.1891,-14.169,-0.1901,-0.2911
1780080241940,2,12.00000018,Upper Delivery,Delivery,pitch.1,776556,1.2823,2.8718,11.54,33.0251,13.9345,-9.9594,-0.1238,0.2933
1780080241940,2,Pitching Mound.Delivery,,Delivery,pitch.1,774644,0.5214,15.0767,97.3702,-185.4581,173.1236,-23.4337,-0.1822,0.0376
1780080241940,2,Pitching Mound.Drive,,Delivery,pitch.1,775759,0.2296,-0.0685,0.1383,0.0305,-0.0155,0.0061,0.0,0.0
1780080241940,2,Pitching Mound.Parent,,Delivery,pitch.1,773900,0.7566,15.0076,97.5239,-185.4225,173.095,-23.428,-0.1819,0.0375
1780080241941,2,11.0000004b,Drive,Delivery,pitch.1,775760,0.2256,-0.0693,0.1115,0.041,-0.0687,0.0057,0.0,0.0
1780080241941,2,12.00000015,Lower Delivery,Delivery,pitch.1,775270,-0.7375,12.242,85.8289,-243.7939,159.2721,-14.2796,-0.1902,-0.2911
1780080241941,2,12.00000018,Upper Delivery,Delivery,pitch.1,776557,1.295,2.8757,11.5735,32.7796,13.9027,-9.938,-0.1231,0.2903
1780080241941,2,Pitching Mound.Delivery,,Delivery,pitch.1,774645,0.5575,15.1177,97.4025,-185.7675,173.1748,-23.5266,-0.1822,0.0372
1780080241941,2,Pitching Mound.Drive,,Delivery,pitch.1,775760,0.2256,-0.0693,0.1115,0.041,-0.0687,0.0057,0.0,0.0
1780080241941,2,Pitching Mound.Parent,,Delivery,pitch.1,773901,0.7872,15.0492,97.5408,-185.737,173.1593,-23.5205,-0.182,0.0371
1780080241942,2,11.0000004b,Drive,Delivery,pitch.1,775761,0.2087,-0.0645,0.0903,0.038,-0.1155,0.0046,0.0,0.0
1780080241942,2,12.00000015,Lower Delivery,Delivery,pitch.1,775271,-0.7289,12.2996,86.0014,-243.2256,159.384,-14.3906,-0.19,-0.2899
1780080241942,2,12.00000018,Upper Delivery,Delivery,pitch.1,776558,1.2801,2.8706,11.4808,32.7602,13.7764,-9.9014,-0.123,0.2925
1780080241942,2,Pitching Mound.Delivery,,Delivery,pitch.1,774646,0.5511,15.1701,97.4821,-185.1284,173.1604,-23.6089,-0.1821,0.0386
1780080241942,2,Pitching Mound.Drive,,Delivery,pitch.1,775761,0.2087,-0.0645,0.0903,0.038,-0.1155,0.0046,0.0,0.0
1780080241942,2,Pitching Mound.Parent,,Delivery,pitch.1,773902,0.7767,15.1008,97.5936,-185.0874,173.0917,-23.6032,-0.1819,0.0386
1780080241943,2,11.0000004b,Drive,Delivery,pitch.1,775762,0.1985,-0.0608,0.0904,0.019,0.0213,0.0068,0.0,0.0
1780080241943,2,12.00000015,Lower Delivery,Delivery,pitch.1,775272,-0.7336,12.3745,86.5844,-243.4012,159.446,-14.5356,-0.1887,-0.2881
1780080241943,2,12.00000018,Upper Delivery,Delivery,pitch.1,776559,1.2795,2.8718,11.5083,32.7276,13.7545,-9.8667,-0.1225,0.2915
1780080241943,2,Pitching Mound.Delivery,,Delivery,pitch.1,774647,0.546,15.2463,98.0926,-185.1477,173.2005,-23.7179,-0.181,0.0401
1780080241943,2,Pitching Mound.Drive,,Delivery,pitch.1,775762,0.1985,-0.0608,0.0904,0.019,0.0213,0.0068,0.0,0.0
1780080241943,2,Pitching Mound.Parent,,Delivery,pitch.1,773903,0.7547,15.1818,98.1829,-185.1097,173.085,-23.7133,-0.1808,0.0401
1780080241944,2,11.0000004b,Drive,Delivery,pitch.1,775763,0.1637,-0.0491,0.0534,0.0021,0.0148,0.0088,0.0,0.0
1780080241944,2,12.00000015,Lower Delivery,Delivery,pitch.1,775273,-0.7054,12.429,86.8082,-243.3653,159.5083,-14.6366,-0.1883,-0.2873
1780080241944,2,12.00000018,Upper Delivery,Delivery,pitch.1,776560,1.2534,2.8818,11.4668,32.6937,13.5868,-9.8107,-0.1214,0.2922
1780080241944,2,Pitching Mound.Delivery,,Delivery,pitch.1,774648,0.548,15.3109,98.275,-185.0555,173.0951,-23.7813,-0.1805,0.0409
1780080241944,2,Pitching Mound.Drive,,Delivery,pitch.1,775763,0.1637,-0.0491,0.0534,0.0021,0.0148,0.0088,0.0,0.0
1780080241944,2,Pitching Mound.Parent,,Delivery,pitch.1,773904,0.7464,15.25,98.3655,-185.0365,173.1164,-23.7745,-0.1804,0.0409
1780080241945,2,11.0000004b,Drive,Delivery,pitch.1,775764,0.1414,-0.0415,0.0316,-0.0136,0.0212,0.0062,0.0,0.0
1780080241945,2,12.00000015,Lower Delivery,Delivery,pitch.1,775274,-0.6871,12.4753,87.3726,-243.1031,159.283,-14.7671,-0.1869,-0.2852
1780080241945,2,12.00000018,Upper Delivery,Delivery,pitch.1,776561,1.2506,2.8593,11.5076,32.6775,13.5864,-9.7903,-0.121,0.291
1780080241945,2,Pitching Mound.Delivery,,Delivery,pitch.1,774649,0.5635,15.3346,98.8802,-184.6316,172.8694,-23.8986,-0.1792,0.0427
1780080241945,2,Pitching Mound.Drive,,Delivery,pitch.1,775764,0.1414,-0.0415,0.0316,-0.0136,0.0212,0.0062,0.0,0.0
1780080241945,2,Pitching Mound.Parent,,Delivery,pitch.1,773905,0.7272,15.2856,98.9336,-184.6295,172.8842,-23.8898,-0.1791,0.0427
1780080241946,2,11.0000004b,Drive,Delivery,pitch.1,775765,0.1516,-0.0457,0.0269,0.0012,0.0217,0.0068,0.0,0.0
1780080241946,2,12.00000015,Lower Delivery,Delivery,pitch.1,775275,-0.6748,12.5276,88.3461,-243.9131,159.2943,-14.8801,-0.1848,-0.283
1780080241946,2,12.00000018,Upper Delivery,Delivery,pitch.1,776562,1.2536,2.873,11.5528,32.535,13.4557,-9.7898,-0.1194,0.2886
1780080241946,2,Pitching Mound.Delivery,,Delivery,pitch.1,774650,0.5788,15.4006,99.8989,-185.2684,172.7499,-24.0143,-0.1772,0.0445
1780080241946,2,Pitching Mound.Drive,,Delivery,pitch.1,775765,0.1516,-0.0457,0.0269,0.0012,0.0217,0.0068,0.0,0.0
1780080241946,2,Pitching Mound.Parent,,Delivery,pitch.1,773906,0.7201,15.3591,99.9304,-185.282,172.7711,-24.0081,-0.1772,0.0445
1780080241947,2,11.0000004b,Drive,Delivery,pitch.1,775766,0.1384,-0.0401,0.041,0.0016,0.022,0.0067,0.0,0.0
1780080241947,2,12.00000015,Lower Delivery,Delivery,pitch.1,775276,-0.6378,12.5608,88.508,-243.4722,159.0973,-14.9786,-0.1842,-0.2819
1780080241947,2,12.00000018,Upper Delivery,Delivery,pitch.1,776563,1.243,2.8594,11.4247,32.3746,13.4788,-9.7167,-0.1209,0.2904
1780080241947,2,Pitching Mound.Delivery,,Delivery,pitch.1,774651,0.6052,15.4202,99.9327,-184.8892,172.5761,-24.0558,-0.177,0.0457
1780080241947,2,Pitching Mound.Drive,,Delivery,pitch.1,775766,0.1384,-0.0401,0.041,0.0016,0.022,0.0067,0.0,0.0
1780080241947,2,Pitching Mound.Parent,,Delivery,pitch.1,773907,0.7568,15.3745,99.9595,-184.8881,172.5978,-24.049,-0.177,0.0457
1780080241948,2,11.0000004b,Drive,Delivery,pitch.1,775767,0.1427,-0.0423,0.0171,-0.0004,0.0234,0.005,0.0,0.0
1780080241948,2,12.00000015,Lower Delivery,Delivery,pitch.1,775277,-0.6362,12.604,89.1987,-243.8105,158.6121,-15.0414,-0.1823,-0.2802
1780080241948,2,12.00000018,Upper Delivery,Delivery,pitch.1,776564,1.2316,2.8531,11.2862,32.436,13.2829,-9.6765,-0.1206,0.2946
1780080241948,2,Pitching Mound.Delivery,,Delivery,pitch.1,774652,0.5954,15.4571,100.4848,-184.8843,171.895,-24.0828,-0.1753,0.048
1780080241948,2,Pitching Mound.Drive,,Delivery,pitch.1,775767,0.1427,-0.0423,0.0171,-0.0004,0.0234,0.005,0.0,0.0
1780080241948,2,Pitching Mound.Parent,,Delivery,pitch.1,773908,0.7338,15.417,100.5258,-184.8827,171.917,-24.0761,-0.1753,0.048
1780080241949,2,11.0000004b,Drive,Delivery,pitch.1,775768,0.1367,-0.0408,-0.005,0.007,0.0235,0.0056,0.0,0.0
1780080241949,2,12.00000015,Lower Delivery,Delivery,pitch.1,775278,-0.6277,12.6637,89.7236,-244.542,158.6086,-15.1567,-0.1812,-0.2794
1780080241949,2,12.00000018,Upper Delivery,Delivery,pitch.1,776565,1.2119,2.8538,11.3543,32.4139,13.1536,-9.6827,-0.1187,0.2926
1780080241949,2,Pitching Mound.Delivery,,Delivery,pitch.1,774653,0.5842,15.5175,101.0779,-185.4826,171.7622,-24.214,-0.1742,0.0485
1780080241949,2,Pitching Mound.Drive,,Delivery,pitch.1,775768,0.1367,-0.0408,-0.005,0.007,0.0235,0.0056,0.0,0.0
1780080241949,2,Pitching Mound.Parent,,Delivery,pitch.1,773909,0.7269,15.4751,101.0949,-185.483,171.7857,-24.209,-0.1741,0.0485
1780080241950,2,11.0000004b,Drive,Delivery,pitch.1,775769,0.143,-0.0427,0.004,-0.0171,0.0229,0.0029,0.0,0.0
1780080241950,2,12.00000015,Lower Delivery,Delivery,pitch.1,775279,-0.6068,12.6856,89.5971,-245.0432,158.543,-15.2899,-0.1814,-0.2803
1780080241950,2,12.00000018,Upper Delivery,Delivery,pitch.1,776566,1.1976,2.861,11.3839,32.2178,13.0069,-9.6224,-0.1171,0.2901
1780080241950,2,Pitching Mound.Delivery,,Delivery,pitch.1,774654,0.5908,15.5466,100.981,-186.233,171.5499,-24.2988,-0.1741,0.0473
1780080241950,2,Pitching Mound.Drive,,Delivery,pitch.1,775769,0.143,-0.0427,0.004,-0.0171,0.0229,0.0029,0.0,0.0
1780080241950,2,Pitching Mound.Parent,,Delivery,pitch.1,773910,0.7275,15.5058,100.976,-186.2259,171.5733,-24.2932,-0.1741,0.0473
1780080241951,2,11.0000004b,Drive,Delivery,pitch.1,775770,0.1406,-0.0424,-0.0158,-0.004,0.0269,0.004,0.0,0.0
1780080241951,2,12.00000015,Lower Delivery,Delivery,pitch.1,775280,-0.5974,12.746,89.7489,-245.0642,158.4437,-15.2967,-0.1809,-0.2799
1780080241951,2,12.00000018,Upper Delivery,Delivery,pitch.1,776567,1.1783,2.861,11.4076,32.4394,12.9372,-9.5941,-0.1162,0.2915
1780080241951,2,Pitching Mound.Delivery,,Delivery,pitch.1,774655,0.5809,15.6071,101.1565,-185.9888,171.3808,-24.2871,-0.1736,0.0479
1780080241951,2,Pitching Mound.Drive,,Delivery,pitch.1,775770,0.1406,-0.0424,-0.0158,-0.004,0.0269,0.004,0.0,0.0
1780080241951,2,Pitching Mound.Parent,,Delivery,pitch.1,773911,0.7238,15.5644,101.1605,-186.0059,171.4038,-24.2842,-0.1736,0.0479
1780080241952,2,11.0000004b,Drive,Delivery,pitch.1,775771,0.1552,-0.0468,0.0154,-0.0142,0.0283,0.004,0.0,0.0
1780080241952,2,12.00000015,Lower Delivery,Delivery,pitch.1,775281,-0.581,12.7843,89.5259,-245.2644,158.4923,-15.4318,-0.1815,-0.2808
1780080241952,2,12.00000018,Upper Delivery,Delivery,pitch.1,776568,1.1677,2.8587,11.4247,32.1738,12.6893,-9.5517,-0.1138,0.2886
1780080241952,2,Pitching Mound.Delivery,,Delivery,pitch.1,774656,0.5868,15.643,100.9506,-186.5362,171.1816,-24.3889,-0.1738,0.0467
1780080241952,2,Pitching Mound.Drive,,Delivery,pitch.1,775771,0.1552,-0.0468,0.0154,-0.0142,0.0283,0.004,0.0,0.0
1780080241952,2,Pitching Mound.Parent,,Delivery,pitch.1,773912,0.7274,15.6006,100.9348,-186.5401,171.2085,-24.3848,-0.1738,0.0467
1780080241953,2,11.0000004b,Drive,Delivery,pitch.1,775772,0.1664,-0.0493,0.0594,-0.0001,0.0231,0.0058,0.0,0.0
1780080241953,2,12.00000015,Lower Delivery,Delivery,pitch.1,775282,-0.5674,12.8242,89.4442,-245.113,158.5675,-15.5848,-0.1817,-0.2809
1780080241953,2,12.00000018,Upper Delivery,Delivery,pitch.1,776569,1.1503,2.8616,11.3576,31.9642,12.6846,-9.4734,-0.1145,0.2885
1780080241953,2,Pitching Mound.Delivery,,Delivery,pitch.1,774657,0.5829,15.6858,100.8018,-186.5993,171.2521,-24.4741,-0.1741,0.0467
1780080241953,2,Pitching Mound.Drive,,Delivery,pitch.1,775772,0.1664,-0.0493,0.0594,-0.0001,0.0231,0.0058,0.0,0.0
1780080241953,2,Pitching Mound.Parent,,Delivery,pitch.1,773913,0.7381,15.6389,100.8172,-186.6136,171.2804,-24.4701,-0.1741,0.0466
1780080241954,2,12.00000015,Lower Delivery,Delivery,pitch.1,775283,-0.5499,12.875,89.4958,-245.7072,158.9844,-15.7127,-0.1821,-0.2814
1780080241954,2,12.00000015,Lower Delivery,Delivery,pitch.1,775284,-0.5264,12.8999,89.0665,-245.4415,158.927,-15.8454,-0.1829,-0.2824
1780080241954,2,12.00000018,Upper Delivery,Delivery,pitch.1,776570,1.1402,2.8555,11.3646,32.2041,12.6391,-9.4407,-0.114,0.2904
1780080241954,2,Pitching Mound.Delivery,,Delivery,pitch.1,774658,0.5903,15.7304,100.8603,-186.9385,171.6235,-24.5788,-0.1744,0.0464
1780080241954,2,Pitching Mound.Parent,,Delivery,pitch.1,773914,0.7567,15.6811,100.9197,-186.9386,171.6466,-24.573,-0.1743,0.0464
1780080241955,2,11.0000004b,Drive,Delivery,pitch.1,775773,0.1573,-0.0458,0.0626,0.0126,0.0307,0.0049,0.0,0.0
1780080241955,2,11.0000004b,Drive,Delivery,pitch.1,775774,0.1818,-0.0546,0.0673,0.0093,-0.056,0.0006,0.0,0.0
1780080241955,2,12.00000018,Upper Delivery,Delivery,pitch.1,776571,1.1296,2.8646,11.3348,31.8745,12.5611,-9.4022,-0.1136,0.2882
1780080241955,2,Pitching Mound.Delivery,,Delivery,pitch.1,774659,0.6032,15.7644,100.4013,-187.1383,171.4881,-24.6846,-0.1751,0.0452
1780080241955,2,Pitching Mound.Drive,,Delivery,pitch.1,775773,0.1573,-0.0458,0.0626,0.0126,0.0307,0.0049,0.0,0.0
1780080241955,2,Pitching Mound.Drive,,Delivery,pitch.1,775774,0.1818,-0.0546,0.0673,0.0093,-0.056,0.0006,0.0,0.0
1780080241955,2,Pitching Mound.Parent,,Delivery,pitch.1,773915,0.7605,15.7186,100.4638,-187.1257,171.5188,-24.6797,-0.175,0.0452
1780080241956,2,11.0000004b,Drive,Delivery,pitch.1,775775,0.204,-0.0625,0.0764,-0.0003,-0.0767,0.0001,0.0,0.0
1780080241956,2,12.00000015,Lower Delivery,Delivery,pitch.1,775285,-0.5165,12.9541,88.8421,-245.4453,159.3466,-16.0021,-0.1838,-0.2832
1780080241956,2,12.00000018,Upper Delivery,Delivery,pitch.1,776572,1.1066,2.8576,11.1155,31.533,12.5329,-9.3358,-0.1156,0.2908
1780080241956,2,Pitching Mound.Delivery,,Delivery,pitch.1,774660,0.5901,15.8117,99.9576,-187.4853,171.8795,-24.786,-0.1762,0.045
1780080241956,2,Pitching Mound.Drive,,Delivery,pitch.1,775775,0.204,-0.0625,0.0764,-0.0003,-0.0767,0.0001,0.0,0.0
1780080241956,2,Pitching Mound.Parent,,Delivery,pitch.1,773916,0.772,15.757,100.0249,-187.4761,171.8235,-24.7854,-0.1761,0.045
1780080241957,2,11.0000004b,Drive,Delivery,pitch.1,775776,0.2177,-0.0662,0.094,0.0438,-0.2214,0.0005,0.0,0.0
1780080241957,2,12.00000015,Lower Delivery,Delivery,pitch.1,775286,-0.4997,13.012,88.7036,-245.0032,159.5272,-16.1826,-0.1843,-0.2831
1780080241957,2,12.00000018,Upper Delivery,Delivery,pitch.1,776573,1.0949,2.844,11.1011,31.6345,12.5798,-9.3212,-0.1161,0.2921
1780080241957,2,Pitching Mound.Delivery,,Delivery,pitch.1,774661,0.5952,15.8561,99.8047,-186.9838,172.107,-24.9617,-0.1767,0.0452
1780080241957,2,Pitching Mound.Drive,,Delivery,pitch.1,775776,0.2177,-0.0662,0.094,0.0438,-0.2214,0.0005,0.0,0.0
1780080241957,2,Pitching Mound.Parent,,Delivery,pitch.1,773917,0.7992,15.7936,99.8811,-186.9841,172.0303,-24.9616,-0.1766,0.0452
1780080241958,2,11.0000004b,Drive,Delivery,pitch.1,775777,0.2037,-0.0614,0.0922,0.0584,-0.1963,0.0024,0.0,0.0
1780080241958,2,12.00000015,Lower Delivery,Delivery,pitch.1,775288,-0.4627,13.1724,89.1641,-245.692,159.9787,-16.4234,-0.1839,-0.2824
1780080241958,2,12.00000015,Lower Delivery,Delivery,pitch.1,775287,-0.4869,13.0993,89.0229,-245.3763,159.5635,-16.3006,-0.1837,-0.2825
1780080241958,2,12.00000018,Upper Delivery,Delivery,pitch.1,776574,1.0948,2.8264,11.0898,31.5265,12.4226,-9.2304,-0.1148,0.2914
1780080241958,2,Pitching Mound.Delivery,,Delivery,pitch.1,774662,0.6079,15.9257,100.1128,-187.3526,171.9862,-24.9933,-0.1761,0.0457
1780080241958,2,Pitching Mound.Drive,,Delivery,pitch.1,775777,0.2037,-0.0614,0.0922,0.0584,-0.1963,0.0024,0.0,0.0
1780080241958,2,Pitching Mound.Parent,,Delivery,pitch.1,773918,0.8256,15.8595,100.2068,-187.3088,171.7647,-24.9928,-0.1759,0.0457
1780080241959,2,11.0000004b,Drive,Delivery,pitch.1,775778,0.221,-0.066,0.1126,0.0645,-0.222,0.0031,0.0,0.0
1780080241959,2,12.00000015,Lower Delivery,Delivery,pitch.1,775289,-0.4415,13.2346,89.161,-245.6412,159.8713,-16.5333,-0.1838,-0.2824
1780080241959,2,12.00000018,Upper Delivery,Delivery,pitch.1,776575,1.0976,2.8234,11.0155,31.4527,12.5227,-9.1884,-0.1165,0.2927
1780080241959,2,Pitching Mound.Delivery,,Delivery,pitch.1,774663,0.635,15.9957,100.1796,-187.6687,172.5014,-25.0813,-0.1765,0.046
1780080241959,2,Pitching Mound.Drive,,Delivery,pitch.1,775778,0.221,-0.066,0.1126,0.0645,-0.222,0.0031,0.0,0.0
1780080241959,2,Pitching Mound.Parent,,Delivery,pitch.1,773919,0.8386,15.9343,100.2718,-187.6103,172.3051,-25.0789,-0.1763,0.046
1780080241960,2,11.0000004b,Drive,Delivery,pitch.1,775779,0.2046,-0.0619,0.0946,0.0474,-0.0016,0.0056,0.0,0.0
1780080241960,2,12.00000015,Lower Delivery,Delivery,pitch.1,775290,-0.4227,13.3062,90.1409,-245.972,159.7727,-16.6724,-0.1817,-0.2797
1780080241960,2,12.00000018,Upper Delivery,Delivery,pitch.1,776576,1.101,2.8038,10.9691,31.3184,12.5367,-9.0943,-0.1171,0.2926
1780080241960,2,Pitching Mound.Delivery,,Delivery,pitch.1,774664,0.6595,16.0384,100.1301,-187.7375,172.408,-25.1032,-0.1765,0.0461
1780080241960,2,Pitching Mound.Drive,,Delivery,pitch.1,775779,0.2046,-0.0619,0.0946,0.0474,-0.0016,0.0056,0.0,0.0
1780080241960,2,Pitching Mound.Parent,,Delivery,pitch.1,773920,0.8805,15.9724,100.2427,-187.673,172.186,-25.1001,-0.1763,0.0461
1780080241961,2,11.0000004b,Drive,Delivery,pitch.1,775780,0.2261,-0.0682,0.1131,0.0325,0.0256,0.0067,0.0,0.0
1780080241961,2,12.00000015,Lower Delivery,Delivery,pitch.1,775291,-0.4207,13.3671,90.3973,-245.9025,159.8161,-16.8141,-0.1812,-0.2788
1780080241961,2,12.00000018,Upper Delivery,Delivery,pitch.1,776577,1.0971,2.7942,10.8423,31.3302,12.6708,-9.047,-0.1198,0.2962
1780080241961,2,Pitching Mound.Delivery,,Delivery,pitch.1,774665,0.6744,16.1004,100.9833,-187.6803,172.4435,-25.2027,-0.175,0.0491
1780080241961,2,Pitching Mound.Drive,,Delivery,pitch.1,775780,0.2261,-0.0682,0.1131,0.0325,0.0256,0.0067,0.0,0.0
1780080241961,2,Pitching Mound.Parent,,Delivery,pitch.1,773921,0.879,16.0385,101.0778,-187.6329,172.4419,-25.1971,-0.1749,0.0491
1780080241962,2,11.0000004b,Drive,Delivery,pitch.1,775781,0.1733,-0.0516,0.0719,0.0326,0.0287,0.0069,0.0,0.0
1780080241962,2,12.00000015,Lower Delivery,Delivery,pitch.1,775292,-0.397,13.4572,90.6708,-246.3908,159.5707,-16.9233,-0.1804,-0.2785
1780080241962,2,12.00000018,Upper Delivery,Delivery,pitch.1,776578,1.0959,2.7911,10.8536,31.1333,12.7073,-9.0099,-0.12,0.294
1780080241962,2,Pitching Mound.Delivery,,Delivery,pitch.1,774666,0.6751,16.1582,101.2509,-187.7243,172.5234,-25.3084,-0.1746,0.0497
1780080241962,2,Pitching Mound.Drive,,Delivery,pitch.1,775781,0.1733,-0.0516,0.0719,0.0326,0.0287,0.0069,0.0,0.0
1780080241962,2,Pitching Mound.Parent,,Delivery,pitch.1,773922,0.9012,16.09,101.364,-187.6918,172.5491,-25.3017,-0.1744,0.0496
1780080241963,2,11.0000004b,Drive,Delivery,pitch.1,775782,0.1726,-0.0513,0.0732,0.0295,0.0271,0.0079,0.0,0.0
1780080241963,2,12.00000015,Lower Delivery,Delivery,pitch.1,775293,-0.3843,13.5364,90.7278,-246.5678,159.4392,-17.0191,-0.1801,-0.2785
1780080241963,2,12.00000018,Upper Delivery,Delivery,pitch.1,776579,1.0956,2.7721,10.7252,30.8459,12.5544,-8.9314,-0.12,0.2948
1780080241963,2,Pitching Mound.Delivery,,Delivery,pitch.1,774667,0.6987,16.2293,101.3959,-188.3634,172.1251,-25.3472,-0.174,0.0502
1780080241963,2,Pitching Mound.Drive,,Delivery,pitch.1,775782,0.1726,-0.0513,0.0732,0.0295,0.0271,0.0079,0.0,0.0
1780080241963,2,Pitching Mound.Parent,,Delivery,pitch.1,773923,0.8719,16.1777,101.4678,-188.3308,172.1538,-25.3403,-0.1739,0.0502
1780080241964,2,11.0000004b,Drive,Delivery,pitch.1,775783,0.134,-0.0389,0.0243,0.0159,0.0167,0.0084,0.0,0.0
1780080241964,2,12.00000018,Upper Delivery,Delivery,pitch.1,776580,1.0852,2.7608,10.7179,30.6653,12.5069,-8.8757,-0.1196,0.2933
1780080241964,2,Pitching Mound.Delivery,,Delivery,pitch.1,774668,0.7009,16.2972,101.4457,-188.6991,171.9461,-25.3951,-0.1737,0.05
1780080241964,2,Pitching Mound.Drive,,Delivery,pitch.1,775783,0.134,-0.0389,0.0243,0.0159,0.0167,0.0084,0.0,0.0
1780080241964,2,Pitching Mound.Parent,,Delivery,pitch.1,773924,0.8735,16.2459,101.5189,-188.6696,171.9731,-25.3872,-0.1736,0.05
1780080241965,2,11.0000004b,Drive,Delivery,pitch.1,775784,0.1228,-0.0362,-0.0132,0.012,0.0155,0.0091,0.0,0.0
1780080241965,2,12.00000015,Lower Delivery,Delivery,pitch.1,775294,-0.3739,13.6076,90.6884,-246.3028,159.123,-17.1844,-0.1798,-0.2784
1780080241965,2,12.00000015,Lower Delivery,Delivery,pitch.1,775295,-0.3462,13.6693,90.5031,-245.7021,159.0044,-17.3164,-0.1801,-0.2783
1780080241965,2,12.00000018,Upper Delivery,Delivery,pitch.1,776581,1.0661,2.741,10.7111,30.349,12.3799,-8.8051,-0.1185,0.2904
1780080241965,2,Pitching Mound.Delivery,,Delivery,pitch.1,774669,0.6922,16.3486,101.3995,-188.7616,171.5029,-25.4999,-0.1734,0.0499
1780080241965,2,Pitching Mound.Drive,,Delivery,pitch.1,775784,0.1228,-0.0362,-0.0132,0.012,0.0155,0.0091,0.0,0.0
1780080241965,2,Pitching Mound.Parent,,Delivery,pitch.1,773925,0.8263,16.3097,101.4238,-188.7456,171.5196,-25.4915,-0.1733,0.0499
1780080241966,2,11.0000004b,Drive,Delivery,pitch.1,775785,0.1063,-0.0307,-0.0367,0.013,0.0157,0.0084,0.0,0.0
1780080241966,2,12.00000015,Lower Delivery,Delivery,pitch.1,775296,-0.3026,13.6999,90.4354,-245.534,158.6624,-17.4632,-0.1798,-0.2783
1780080241966,2,12.00000018,Upper Delivery,Delivery,pitch.1,776582,1.0556,2.731,10.5498,29.9933,12.3095,-8.7225,-0.1196,0.2914
1780080241966,2,Pitching Mound.Delivery,,Delivery,pitch.1,774670,0.7093,16.4003,101.0529,-188.5247,171.3139,-25.5624,-0.1738,0.0502
1780080241966,2,Pitching Mound.Drive,,Delivery,pitch.1,775785,0.1063,-0.0307,-0.0367,0.013,0.0157,0.0084,0.0,0.0
1780080241966,2,Pitching Mound.Parent,,Delivery,pitch.1,773926,0.8322,16.3641,101.0396,-188.5127,171.3295,-25.5533,-0.1738,0.0502
1780080241967,2,11.0000004b,Drive,Delivery,pitch.1,775786,0.1024,-0.0295,-0.0382,0.0016,0.0112,0.0103,0.0,0.0
1780080241967,2,12.00000015,Lower Delivery,Delivery,pitch.1,775297,-0.2989,13.7763,90.4765,-245.5794,158.4808,-17.5678,-0.1795,-0.2782
1780080241967,2,12.00000018,Upper Delivery,Delivery,pitch.1,776583,1.0409,2.7169,10.4783,29.7073,11.9534,-8.667,-0.1169,0.2906
1780080241967,2,Pitching Mound.Delivery,,Delivery,pitch.1,774671,0.7383,16.4168,100.9137,-188.6413,170.6158,-25.6734,-0.1733,0.0502
1780080241967,2,Pitching Mound.Drive,,Delivery,pitch.1,775786,0.1024,-0.0295,-0.0382,0.0016,0.0112,0.0103,0.0,0.0
1780080241967,2,Pitching Mound.Parent,,Delivery,pitch.1,773927,0.8446,16.3861,100.877,-188.6283,170.6315,-25.665,-0.1734,0.0502
1780080241968,2,11.0000004b,Drive,Delivery,pitch.1,775787,0.1292,-0.0381,-0.0014,0.0109,0.0169,0.0095,0.0,0.0
1780080241968,2,12.00000015,Lower Delivery,Delivery,pitch.1,775298,-0.2646,13.8329,90.5141,-245.5589,158.311,-17.7295,-0.1793,-0.2781
1780080241968,2,12.00000018,Upper Delivery,Delivery,pitch.1,776584,1.0383,2.7159,10.4265,29.5601,11.8506,-8.5995,-0.1165,0.2906
1780080241968,2,Pitching Mound.Delivery,,Delivery,pitch.1,774672,0.7394,16.4922,100.903,-188.8023,170.3314,-25.7127,-0.173,0.0503
1780080241968,2,Pitching Mound.Drive,,Delivery,pitch.1,775787,0.1292,-0.0381,-0.0014,0.0109,0.0169,0.0095,0.0,0.0
1780080241968,2,Pitching Mound.Parent,,Delivery,pitch.1,773928,0.8418,16.4628,100.8649,-188.8006,170.3426,-25.7024,-0.1731,0.0503
1780080241969,2,11.0000004b,Drive,Delivery,pitch.1,775788,0.1208,-0.0356,-0.023,0.0181,0.0213,0.0098,0.0,0.0
1780080241969,2,12.00000015,Lower Delivery,Delivery,pitch.1,775299,-0.2511,13.8772,90.4661,-245.9706,157.9786,-17.908,-0.179,-0.2787
1780080241969,2,12.00000018,Upper Delivery,Delivery,pitch.1,776585,1.0003,2.7179,10.2768,29.183,11.4579,-8.5361,-0.1143,0.2911
1780080241969,2,Pitching Mound.Delivery,,Delivery,pitch.1,774673,0.7357,16.5508,100.7909,-189.0953,169.7689,-25.8355,-0.1726,0.0506
1780080241969,2,Pitching Mound.Drive,,Delivery,pitch.1,775788,0.1208,-0.0356,-0.023,0.0181,0.0213,0.0098,0.0,0.0
1780080241969,2,Pitching Mound.Parent,,Delivery,pitch.1,773929,0.8649,16.5127,100.7895,-189.0844,169.7858,-25.8259,-0.1726,0.0506
1780080241970,2,11.0000004b,Drive,Delivery,pitch.1,775789,0.1265,-0.0371,-0.0077,0.0227,0.0255,0.0097,0.0,0.0
1780080241970,2,12.00000015,Lower Delivery,Delivery,pitch.1,775300,-0.2152,13.8899,90.3927,-245.5581,157.6671,-18.0671,-0.1788,-0.2784
1780080241970,2,12.00000018,Upper Delivery,Delivery,pitch.1,776586,0.9861,2.7133,10.2787,29.1186,11.0505,-8.4416,-0.1102,0.2904
1780080241970,2,Pitching Mound.Delivery,,Delivery,pitch.1,774674,0.7351,16.5905,100.7448,-189.5882,169.029,-25.929,-0.172,0.05
1780080241970,2,Pitching Mound.Drive,,Delivery,pitch.1,775789,0.1265,-0.0371,-0.0077,0.0227,0.0255,0.0097,0.0,0.0
1780080241970,2,Pitching Mound.Parent,,Delivery,pitch.1,773930,0.8558,16.5549,100.7219,-189.5701,169.0504,-25.9192,-0.172,0.05
1780080241971,2,11.0000004b,Drive,Delivery,pitch.1,775790,0.1345,-0.0401,-0.0086,0.0243,0.025,0.0101,0.0,0.0
1780080241971,2,12.00000018,Upper Delivery,Delivery,pitch.1,776587,0.9664,2.6965,10.1421,28.6213,10.8484,-8.3588,-0.1096,0.2892
1780080241971,2,Pitching Mound.Delivery,,Delivery,pitch.1,774675,0.7512,16.5864,100.5348,-189.6516,168.5155,-26.0242,-0.1718,0.0502
1780080241971,2,Pitching Mound.Drive,,Delivery,pitch.1,775790,0.1345,-0.0401,-0.0086,0.0243,0.025,0.0101,0.0,0.0
1780080241971,2,Pitching Mound.Parent,,Delivery,pitch.1,773931,0.8777,16.5494,100.527,-189.6289,168.5411,-26.0145,-0.1718,0.0502
1780080241972,2,11.0000004b,Drive,Delivery,pitch.1,775791,0.1227,-0.0352,0.0119,0.0213,0.0222,0.0105,0.0,0.0
1780080241972,2,12.00000015,Lower Delivery,Delivery,pitch.1,775301,-0.205,13.9344,90.317,-245.408,157.6701,-18.1844,-0.1789,-0.2785
1780080241972,2,12.00000018,Upper Delivery,Delivery,pitch.1,776588,0.9451,2.6794,10.0,28.3035,10.6102,-8.2807,-0.1087,0.2901
1780080241972,2,Pitching Mound.Delivery,,Delivery,pitch.1,774676,0.7401,16.6138,100.317,-189.7967,168.2803,-26.074,-0.1719,0.0504
1780080241972,2,Pitching Mound.Drive,,Delivery,pitch.1,775791,0.1227,-0.0352,0.0119,0.0213,0.0222,0.0105,0.0,0.0
1780080241972,2,Pitching Mound.Parent,,Delivery,pitch.1,773932,0.8746,16.5737,100.3084,-189.7724,168.3053,-26.0639,-0.1719,0.0504
1780080241973,2,11.0000004b,Drive,Delivery,pitch.1,775792,0.1368,-0.0394,0.0405,0.0208,0.0213,0.0101,0.0,0.0
1780080241973,2,12.00000015,Lower Delivery,Delivery,pitch.1,775302,-0.1815,13.9559,90.185,-244.7212,157.4284,-18.3064,-0.1789,-0.2781
1780080241973,2,12.00000018,Upper Delivery,Delivery,pitch.1,776589,0.933,2.6744,10.0079,28.3623,10.4744,-8.2049,-0.1073,0.2905
1780080241973,2,Pitching Mound.Delivery,,Delivery,pitch.1,774677,0.7515,16.6303,100.1929,-189.0987,167.9028,-26.1323,-0.1718,0.0507
1780080241973,2,Pitching Mound.Drive,,Delivery,pitch.1,775792,0.1368,-0.0394,0.0405,0.0208,0.0213,0.0101,0.0,0.0
1780080241973,2,Pitching Mound.Parent,,Delivery,pitch.1,773933,0.8742,16.5951,100.2048,-189.0774,167.9251,-26.1219,-0.1717,0.0507
1780080241974,2,11.0000004b,Drive,Delivery,pitch.1,775793,0.1419,-0.0409,0.0538,0.0336,0.0273,0.0084,0.0,0.0
1780080241974,2,12.00000015,Lower Delivery,Delivery,pitch.1,775303,-0.1762,13.9967,90.2081,-244.5519,157.3658,-18.4124,-0.1788,-0.2779
1780080241974,2,12.00000018,Upper Delivery,Delivery,pitch.1,776590,0.9138,2.6574,9.8118,28.0389,10.3484,-8.1258,-0.1081,0.2929
1780080241974,2,Pitching Mound.Delivery,,Delivery,pitch.1,774678,0.7376,16.6541,100.0199,-189.1782,167.7143,-26.1676,-0.1719,0.0514
1780080241974,2,Pitching Mound.Drive,,Delivery,pitch.1,775793,0.1419,-0.0409,0.0538,0.0336,0.0273,0.0084,0.0,0.0
1780080241974,2,Pitching Mound.Parent,,Delivery,pitch.1,773934,0.8744,16.6147,100.0604,-189.1574,167.7356,-26.1575,-0.1718,0.0514
1780080241975,2,11.0000004b,Drive,Delivery,pitch.1,775794,0.1454,-0.0417,0.0668,0.0347,0.0277,0.0087,0.0,0.0
1780080241975,2,12.00000015,Lower Delivery,Delivery,pitch.1,775304,-0.1596,14.0333,90.1393,-244.4067,157.2802,-18.552,-0.1788,-0.2779
1780080241975,2,12.00000018,Upper Delivery,Delivery,pitch.1,776591,0.911,2.6517,9.8093,27.7131,10.3203,-8.0129,-0.1078,0.2896
1780080241975,2,Pitching Mound.Delivery,,Delivery,pitch.1,774679,0.7514,16.6851,99.9486,-189.3815,167.6005,-26.2009,-0.1719,0.051
1780080241975,2,Pitching Mound.Drive,,Delivery,pitch.1,775794,0.1454,-0.0417,0.0668,0.0347,0.0277,0.0087,0.0,0.0
1780080241975,2,Pitching Mound.Parent,,Delivery,pitch.1,773935,0.8933,16.6442,100.0024,-189.3479,167.6277,-26.1925,-0.1718,0.051
1780080241976,2,11.0000004b,Drive,Delivery,pitch.1,775795,0.1424,-0.0406,0.0674,0.0545,-0.0369,0.0072,0.0,0.0
1780080241976,2,12.00000015,Lower Delivery,Delivery,pitch.1,775305,-0.1517,14.0613,89.9382,-244.4863,157.2096,-18.6844,-0.1792,-0.2786
1780080241976,2,12.00000018,Upper Delivery,Delivery,pitch.1,776592,0.8998,2.6332,9.8808,27.6656,10.1107,-7.9342,-0.1049,0.287
1780080241976,2,Pitching Mound.Delivery,,Delivery,pitch.1,774680,0.748,16.6945,99.8189,-189.6012,167.3203,-26.2611,-0.1718,0.0501
1780080241976,2,Pitching Mound.Drive,,Delivery,pitch.1,775795,0.1424,-0.0406,0.0674,0.0545,-0.0369,0.0072,0.0,0.0
1780080241976,2,Pitching Mound.Parent,,Delivery,pitch.1,773936,0.8935,16.6528,99.8857,-189.5665,167.348,-26.2524,-0.1717,0.05
1780080241977,2,11.0000004b,Drive,Delivery,pitch.1,775796,0.1557,-0.0453,0.0709,0.0405,0.0287,0.0077,0.0,0.0
1780080241977,2,12.00000015,Lower Delivery,Delivery,pitch.1,775306,-0.1421,14.1133,89.8875,-244.2985,157.04,-18.7707,-0.1791,-0.2786
1780080241977,2,12.00000018,Upper Delivery,Delivery,pitch.1,776593,0.9001,2.6063,9.9728,27.7268,10.104,-7.8527,-0.1038,0.285
1780080241977,2,Pitching Mound.Delivery,,Delivery,pitch.1,774681,0.7581,16.7197,99.8603,-189.4008,167.1441,-26.2691,-0.1716,0.0498
1780080241977,2,Pitching Mound.Drive,,Delivery,pitch.1,775796,0.1557,-0.0453,0.0709,0.0405,0.0287,0.0077,0.0,0.0
1780080241977,2,Pitching Mound.Parent,,Delivery,pitch.1,773937,0.9004,16.6791,99.9277,-189.3463,167.1071,-26.2619,-0.1714,0.0498
1780080241978,2,11.0000004b,Drive,Delivery,pitch.1,775797,0.1789,-0.0535,0.0803,0.0444,0.0277,0.0084,0.0,0.0
1780080241978,2,12.00000015,Lower Delivery,Delivery,pitch.1,775307,-0.1467,14.1767,89.8192,-244.8491,157.0787,-18.8945,-0.1792,-0.2794
1780080241978,2,12.00000018,Upper Delivery,Delivery,pitch.1,776594,0.8966,2.596,9.9398,27.5929,9.8476,-7.7439,-0.1015,0.2845
1780080241978,2,Pitching Mound.Delivery,,Delivery,pitch.1,774682,0.75,16.7728,99.759,-190.0973,166.9263,-26.2837,-0.1715,0.049
1780080241978,2,Pitching Mound.Drive,,Delivery,pitch.1,775797,0.1789,-0.0535,0.0803,0.0444,0.0277,0.0084,0.0,0.0
1780080241978,2,Pitching Mound.Parent,,Delivery,pitch.1,773938,0.9057,16.7274,99.8299,-190.0568,166.955,-26.276,-0.1714,0.049
1780080241979,2,11.0000004b,Drive,Delivery,pitch.1,775798,0.1666,-0.0496,0.0638,0.0358,0.0255,0.0087,0.0,0.0
1780080241979,2,12.00000015,Lower Delivery,Delivery,pitch.1,775308,-0.1337,14.2247,89.7374,-244.961,156.9098,-19.0126,-0.1792,-0.2798
1780080241979,2,12.00000018,Upper Delivery,Delivery,pitch.1,776595,0.8879,2.5799,9.9025,27.2188,9.7045,-7.6791,-0.1004,0.2817
1780080241979,2,Pitching Mound.Delivery,,Delivery,pitch.1,774683,0.7542,16.8046,99.6399,-190.5983,166.6144,-26.3444,-0.1714,0.0484
1780080241979,2,Pitching Mound.Drive,,Delivery,pitch.1,775798,0.1666,-0.0496,0.0638,0.0358,0.0255,0.0087,0.0,0.0
1780080241979,2,Pitching Mound.Parent,,Delivery,pitch.1,773939,0.9331,16.7511,99.7202,-190.554,166.642,-26.3359,-0.1713,0.0484
1780080241980,2,11.0000004b,Drive,Delivery,pitch.1,775799,0.211,-0.0627,0.1135,0.0461,0.0003,0.007,0.0,0.0
1780080241980,2,12.00000015,Lower Delivery,Delivery,pitch.1,775309,-0.1338,14.2907,89.6712,-244.752,156.7597,-19.1161,-0.1792,-0.2798
1780080241980,2,12.00000018,Upper Delivery,Delivery,pitch.1,776596,0.8856,2.5697,9.7832,26.9139,9.6136,-7.5781,-0.1007,0.282
1780080241980,2,Pitching Mound.Delivery,,Delivery,pitch.1,774684,0.7518,16.8604,99.4544,-190.6762,166.3733,-26.3477,-0.1715,0.0486
1780080241980,2,Pitching Mound.Drive,,Delivery,pitch.1,775799,0.211,-0.0627,0.1135,0.0461,0.0003,0.007,0.0,0.0
1780080241980,2,Pitching Mound.Parent,,Delivery,pitch.1,773940,0.9184,16.8108,99.5182,-190.6404,166.3988,-26.339,-0.1713,0.0486
1780080241981,2,11.0000004b,Drive,Delivery,pitch.1,775800,0.2205,-0.0668,0.1129,0.0331,0.0206,0.0075,0.0,0.0
1780080241981,2,12.00000015,Lower Delivery,Delivery,pitch.1,775310,-0.1163,14.3578,89.6365,-244.5119,156.3405,-19.2074,-0.1788,-0.2796
1780080241981,2,12.00000018,Upper Delivery,Delivery,pitch.1,776597,0.8594,2.5505,9.8054,26.8947,9.5151,-7.5633,-0.0995,0.2811
1780080241981,2,Pitching Mound.Delivery,,Delivery,pitch.1,774685,0.7431,16.9083,99.4419,-190.4746,165.8556,-26.4389,-0.1709,0.0487
1780080241981,2,Pitching Mound.Drive,,Delivery,pitch.1,775800,0.2205,-0.0668,0.1129,0.0331,0.0206,0.0075,0.0,0.0
1780080241981,2,Pitching Mound.Parent,,Delivery,pitch.1,773941,0.9542,16.8456,99.5555,-190.4285,165.8559,-26.432,-0.1708,0.0486
1780080241982,2,11.0000004b,Drive,Delivery,pitch.1,775801,0.2277,-0.0711,0.0976,0.0362,0.0216,0.0071,0.0,0.0
1780080241982,2,12.00000015,Lower Delivery,Delivery,pitch.1,775311,-0.0963,14.4286,89.6302,-245.4839,156.3521,-19.3163,-0.1788,-0.2807
1780080241982,2,12.00000018,Upper Delivery,Delivery,pitch.1,776598,0.8552,2.5239,9.7179,26.5694,9.461,-7.4107,-0.0998,0.2802
1780080241982,2,Pitching Mound.Delivery,,Delivery,pitch.1,774686,0.7589,16.9524,99.3481,-191.7443,165.8131,-26.4035,-0.1711,0.0476
1780080241982,2,Pitching Mound.Drive,,Delivery,pitch.1,775801,0.2277,-0.0711,0.0976,0.0362,0.0216,0.0071,0.0,0.0
1780080241982,2,Pitching Mound.Parent,,Delivery,pitch.1,773942,0.9794,16.8856,99.461,-191.7112,165.8338,-26.396,-0.1709,0.0476
1780080241983,2,11.0000004b,Drive,Delivery,pitch.1,775802,0.2422,-0.0742,0.1226,0.0548,-0.056,0.0062,0.0,0.0
1780080241983,2,12.00000015,Lower Delivery,Delivery,pitch.1,775312,-0.0758,14.501,89.6878,-245.5393,155.8029,-19.3596,-0.1781,-0.2806
1780080241983,2,12.00000018,Upper Delivery,Delivery,pitch.1,776599,0.8452,2.5126,9.6524,26.4768,9.3089,-7.3547,-0.0988,0.2811
1780080241983,2,Pitching Mound.Delivery,,Delivery,pitch.1,774687,0.7694,17.0136,99.3402,-191.8505,165.1118,-26.4012,-0.1704,0.0479
1780080241983,2,Pitching Mound.Drive,,Delivery,pitch.1,775802,0.2422,-0.0742,0.1226,0.0548,-0.056,0.0062,0.0,0.0
1780080241983,2,Pitching Mound.Parent,,Delivery,pitch.1,773943,0.9971,16.9425,99.4378,-191.8143,165.1334,-26.3941,-0.1702,0.0479
1780080241984,2,11.0000004b,Drive,Delivery,pitch.1,775803,0.2427,-0.0741,0.1276,0.0613,-0.0895,0.0065,0.0,0.0
1780080241984,2,12.00000015,Lower Delivery,Delivery,pitch.1,775313,-0.0623,14.5662,89.8104,-246.3363,155.8141,-19.4763,-0.1778,-0.2811
1780080241984,2,12.00000018,Upper Delivery,Delivery,pitch.1,776600,0.8357,2.4824,9.5722,26.2166,9.0805,-7.2659,-0.0972,0.2807
1780080241984,2,Pitching Mound.Delivery,,Delivery,pitch.1,774688,0.7734,17.0486,99.3826,-192.8388,164.8946,-26.4369,-0.1701,0.0475
1780080241984,2,Pitching Mound.Drive,,Delivery,pitch.1,775803,0.2427,-0.0741,0.1276,0.0613,-0.0895,0.0065,0.0,0.0
1780080241984,2,Pitching Mound.Parent,,Delivery,pitch.1,773944,1.0155,16.9744,99.5052,-192.784,164.8385,-26.4307,-0.1698,0.0474
1780080241985,2,11.0000004b,Drive,Delivery,pitch.1,775804,0.2364,-0.0709,0.1316,0.0592,-0.0513,0.0061,0.0,0.0
1780080241985,2,12.00000015,Lower Delivery,Delivery,pitch.1,775315,0.0145,14.6899,89.9634,-246.4586,155.1848,-19.7432,-0.1768,-0.2808
1780080241985,2,12.00000015,Lower Delivery,Delivery,pitch.1,775314,-0.0111,14.6264,89.8878,-246.4574,155.435,-19.6242,-0.1772,-0.281
1780080241985,2,12.00000018,Upper Delivery,Delivery,pitch.1,776601,0.8381,2.4586,9.4992,26.223,8.9748,-7.1657,-0.0968,0.2829
1780080241985,2,Pitching Mound.Delivery,,Delivery,pitch.1,774689,0.8269,17.085,99.3869,-192.9023,164.4097,-26.5012,-0.1696,0.0479
1780080241985,2,Pitching Mound.Drive,,Delivery,pitch.1,775804,0.2364,-0.0709,0.1316,0.0592,-0.0513,0.0061,0.0,0.0
1780080241985,2,Pitching Mound.Parent,,Delivery,pitch.1,773945,1.0696,17.0109,99.5146,-192.841,164.3202,-26.4946,-0.1693,0.0478
1780080241986,2,11.0000004b,Drive,Delivery,pitch.1,775805,0.242,-0.0703,0.1567,0.0842,-0.1778,0.0042,0.0,0.0
1780080241986,2,12.00000018,Upper Delivery,Delivery,pitch.1,776602,0.8151,2.4319,9.487,26.2196,8.7377,-7.0929,-0.0944,0.2833
1780080241986,2,Pitching Mound.Delivery,,Delivery,pitch.1,774690,0.8296,17.1218,99.4503,-192.8771,163.9226,-26.5639,-0.1689,0.0482
1780080241986,2,Pitching Mound.Drive,,Delivery,pitch.1,775805,0.242,-0.0703,0.1567,0.0842,-0.1778,0.0042,0.0,0.0
1780080241986,2,Pitching Mound.Parent,,Delivery,pitch.1,773946,1.066,17.0509,99.5819,-192.8179,163.8712,-26.5578,-0.1687,0.0481
1780080241987,2,11.0000004b,Drive,Delivery,pitch.1,775806,0.2354,-0.0674,0.1639,0.0515,0.0177,0.0052,0.0,0.0
1780080241987,2,12.00000015,Lower Delivery,Delivery,pitch.1,775316,0.022,14.7758,90.0655,-246.2381,154.9812,-19.8487,-0.1764,-0.2802
1780080241987,2,12.00000015,Lower Delivery,Delivery,pitch.1,775317,0.0509,14.8468,90.0448,-245.8545,154.6357,-19.9622,-0.176,-0.2798
1780080241987,2,12.00000018,Upper Delivery,Delivery,pitch.1,776603,0.8146,2.4084,9.3147,25.8946,8.764,-7.0072,-0.0964,0.2849
1780080241987,2,Pitching Mound.Delivery,,Delivery,pitch.1,774691,0.8366,17.1842,99.3802,-192.8883,163.7453,-26.5864,-0.1689,0.049
1780080241987,2,Pitching Mound.Drive,,Delivery,pitch.1,775806,0.2354,-0.0674,0.1639,0.0515,0.0177,0.0052,0.0,0.0
1780080241987,2,Pitching Mound.Parent,,Delivery,pitch.1,773947,1.0785,17.1138,99.5369,-192.8041,163.5675,-26.5822,-0.1686,0.0489
1780080241988,2,11.0000004b,Drive,Delivery,pitch.1,775807,0.2147,-0.0586,0.1756,0.0454,0.0197,0.0057,0.0,0.0
1780080241988,2,12.00000018,Upper Delivery,Delivery,pitch.1,776604,0.7996,2.389,9.148,25.5382,8.5492,-6.8917,-0.0958,0.2861
1780080241988,2,Pitching Mound.Delivery,,Delivery,pitch.1,774692,0.8504,17.2358,99.1928,-192.8114,163.1849,-26.5993,-0.1686,0.0496
1780080241988,2,Pitching Mound.Drive,,Delivery,pitch.1,775807,0.2147,-0.0586,0.1756,0.0454,0.0197,0.0057,0.0,0.0
1780080241988,2,Pitching Mound.Parent,,Delivery,pitch.1,773948,1.0859,17.1684,99.3567,-192.7599,163.2026,-26.5941,-0.1683,0.0496
1780080241989,2,11.0000004b,Drive,Delivery,pitch.1,775808,0.2028,-0.0596,0.1164,0.0541,0.0239,0.005,0.0,0.0
1780080241989,2,12.00000015,Lower Delivery,Delivery,pitch.1,775318,0.0996,14.9048,89.9865,-244.7403,154.3022,-20.0771,-0.1758,-0.2788
1780080241989,2,12.00000015,Lower Delivery,Delivery,pitch.1,775319,0.1306,14.9518,89.8507,-243.9009,153.9691,-20.1566,-0.1756,-0.2782
1780080241989,2,12.00000018,Upper Delivery,Delivery,pitch.1,776605,0.7667,2.3518,9.0719,25.3804,8.6127,-6.7793,-0.0973,0.2868
1780080241989,2,Pitching Mound.Delivery,,Delivery,pitch.1,774693,0.8663,17.2567,99.0583,-191.8489,162.9148,-26.6296,-0.1686,0.0508
1780080241989,2,Pitching Mound.Drive,,Delivery,pitch.1,775808,0.2028,-0.0596,0.1164,0.0541,0.0239,0.005,0.0,0.0
1780080241989,2,Pitching Mound.Parent,,Delivery,pitch.1,773949,1.081,17.1981,99.2339,-191.8035,162.9346,-26.6239,-0.1683,0.0507
1780080241990,2,11.0000004b,Drive,Delivery,pitch.1,775809,0.1994,-0.056,0.1355,0.055,0.0227,0.0052,0.0,0.0
1780080241990,2,12.00000015,Lower Delivery,Delivery,pitch.1,775320,0.161,15.0294,89.9166,-243.506,153.81,-20.2904,-0.1753,-0.2776
1780080241990,2,12.00000018,Upper Delivery,Delivery,pitch.1,776606,0.7535,2.3116,8.9063,25.0531,8.3956,-6.6683,-0.0966,0.2883
1780080241990,2,Pitching Mound.Delivery,,Delivery,pitch.1,774694,0.8841,17.2634,98.7569,-191.3267,162.3647,-26.6131,-0.1685,0.0515
1780080241990,2,Pitching Mound.Drive,,Delivery,pitch.1,775809,0.1994,-0.056,0.1355,0.055,0.0227,0.0052,0.0,0.0
1780080241990,2,Pitching Mound.Parent,,Delivery,pitch.1,773950,1.0835,17.2074,98.8924,-191.2717,162.3874,-26.6079,-0.1683,0.0515
1780080241991,2,11.0000004b,Drive,Delivery,pitch.1,775810,0.1993,-0.054,0.1548,0.0501,0.0198,0.0062,0.0,0.0
1780080241991,2,12.00000015,Lower Delivery,Delivery,pitch.1,775321,0.1765,15.1156,89.8471,-242.9767,153.7654,-20.4207,-0.1754,-0.2772
1780080241991,2,12.00000018,Upper Delivery,Delivery,pitch.1,776607,0.7368,2.2664,8.903,25.1438,8.2579,-6.5953,-0.0951,0.2895
1780080241991,2,Pitching Mound.Delivery,,Delivery,pitch.1,774695,0.8978,17.2958,98.8196,-190.8175,162.0679,-26.69,-0.1681,0.0523
1780080241991,2,Pitching Mound.Drive,,Delivery,pitch.1,775810,0.1993,-0.054,0.1548,0.0501,0.0198,0.0062,0.0,0.0
1780080241991,2,Pitching Mound.Parent,,Delivery,pitch.1,773951,1.0971,17.2418,98.9744,-190.7675,162.0876,-26.6838,-0.1678,0.0522
1780080241992,2,11.0000004b,Drive,Delivery,pitch.1,775811,0.1598,-0.0432,0.1086,0.0507,0.0182,0.0073,0.0,0.0
1780080241992,2,12.00000018,Upper Delivery,Delivery,pitch.1,776608,0.7187,2.2345,8.7652,24.9646,8.1133,-6.4928,-0.0949,0.2919
1780080241992,2,Pitching Mound.Delivery,,Delivery,pitch.1,774696,0.8952,17.3501,98.6123,-190.4443,161.8788,-26.7291,-0.1683,0.053
1780080241992,2,Pitching Mound.Drive,,Delivery,pitch.1,775811,0.1598,-0.0432,0.1086,0.0507,0.0182,0.0073,0.0,0.0
1780080241992,2,Pitching Mound.Parent,,Delivery,pitch.1,773952,1.0551,17.3069,98.7209,-190.3936,161.897,-26.7218,-0.1681,0.0529
1780080241993,2,11.0000004b,Drive,Delivery,pitch.1,775812,0.1611,-0.0427,0.1178,0.0271,0.0056,0.0089,0.0,0.0
1780080241993,2,12.00000015,Lower Delivery,Delivery,pitch.1,775322,0.1787,15.2084,89.8762,-242.3307,153.4941,-20.5561,-0.175,-0.2764
1780080241993,2,12.00000018,Upper Delivery,Delivery,pitch.1,776609,0.6982,2.2197,8.6298,24.8109,7.9844,-6.3712,-0.0948,0.2947
1780080241993,2,Pitching Mound.Delivery,,Delivery,pitch.1,774697,0.8769,17.4281,98.506,-189.896,161.4785,-26.7507,-0.168,0.0541
1780080241993,2,Pitching Mound.Drive,,Delivery,pitch.1,775812,0.1611,-0.0427,0.1178,0.0271,0.0056,0.0089,0.0,0.0
1780080241993,2,Pitching Mound.Parent,,Delivery,pitch.1,773953,1.0379,17.3854,98.6238,-189.8689,161.484,-26.7418,-0.1678,0.054
1780080241994,2,11.0000004b,Drive,Delivery,pitch.1,775813,0.1666,-0.0435,0.132,0.0164,0.0009,0.0105,0.0,0.0
1780080241994,2,12.00000015,Lower Delivery,Delivery,pitch.1,775323,0.2084,15.2904,89.8532,-242.251,153.3028,-20.745,-0.1749,-0.2763
1780080241994,2,12.00000015,Lower Delivery,Delivery,pitch.1,775324,0.2516,15.3493,89.7653,-241.7988,153.0395,-20.9075,-0.1747,-0.2761
1780080241994,2,12.00000018,Upper Delivery,Delivery,pitch.1,776610,0.6877,2.1931,8.6762,24.7388,7.6878,-6.2589,-0.0908,0.2922
1780080241994,2,Pitching Mound.Delivery,,Delivery,pitch.1,774698,0.8961,17.4835,98.5294,-189.912,160.9906,-26.8409,-0.1675,0.0539
1780080241994,2,Pitching Mound.Drive,,Delivery,pitch.1,775813,0.1666,-0.0435,0.132,0.0164,0.0009,0.0105,0.0,0.0
1780080241994,2,Pitching Mound.Parent,,Delivery,pitch.1,773954,1.0627,17.44,98.6613,-189.8956,160.9915,-26.8303,-0.1672,0.0538
1780080241995,2,11.0000004b,Drive,Delivery,pitch.1,775814,0.1579,-0.04,0.1354,0.0026,-0.0097,0.0108,0.0,0.0
1780080241995,2,12.00000018,Upper Delivery,Delivery,pitch.1,776611,0.6675,2.1679,8.5006,24.5894,7.6404,-6.1949,-0.0921,0.2965
1780080241995,2,Pitching Mound.Delivery,,Delivery,pitch.1,774699,0.9191,17.5172,98.2659,-189.5793,160.6799,-26.9609,-0.1676,0.0546
1780080241995,2,Pitching Mound.Drive,,Delivery,pitch.1,775814,0.1579,-0.04,0.1354,0.0026,-0.0097,0.0108,0.0,0.0
1780080241995,2,Pitching Mound.Parent,,Delivery,pitch.1,773955,1.077,17.4772,98.4013,-189.5767,160.6701,-26.9502,-0.1674,0.0545
1780080241996,2,11.0000004b,Drive,Delivery,pitch.1,775815,0.1762,-0.0496,0.1116,0.0014,-0.0062,0.0119,0.0,0.0
1780080241996,2,12.00000015,Lower Delivery,Delivery,pitch.1,775325,0.2648,15.4333,89.7424,-241.395,152.9494,-21.0688,-0.1747,-0.2757
1780080241996,2,12.00000018,Upper Delivery,Delivery,pitch.1,776612,0.6396,2.135,8.3715,24.342,7.4855,-6.0771,-0.0916,0.298
1780080241996,2,Pitching Mound.Delivery,,Delivery,pitch.1,774700,0.9043,17.5683,98.1139,-189.3869,160.4349,-27.0185,-0.1676,0.0552
1780080241996,2,Pitching Mound.Drive,,Delivery,pitch.1,775815,0.1762,-0.0496,0.1116,0.0014,-0.0062,0.0119,0.0,0.0
1780080241996,2,Pitching Mound.Parent,,Delivery,pitch.1,773956,1.0806,17.5188,98.2255,-189.3854,160.4287,-27.0065,-0.1674,0.0552
1780080241997,2,11.0000004b,Drive,Delivery,pitch.1,775816,0.182,-0.05,0.1317,0.0094,0.0033,0.0119,0.0,0.0
1780080241997,2,12.00000015,Lower Delivery,Delivery,pitch.1,775326,0.2964,15.5016,89.6916,-242.0167,152.6107,-21.2085,-0.1744,-0.2766
1780080241997,2,12.00000018,Upper Delivery,Delivery,pitch.1,776613,0.6061,2.1047,8.2964,24.4313,7.2898,-6.0014,-0.0901,0.3018
1780080241997,2,Pitching Mound.Delivery,,Delivery,pitch.1,774701,0.9025,17.6063,97.9881,-189.911,159.9004,-27.1046,-0.1673,0.0548
1780080241997,2,Pitching Mound.Drive,,Delivery,pitch.1,775816,0.182,-0.05,0.1317,0.0094,0.0033,0.0119,0.0,0.0
1780080241997,2,Pitching Mound.Parent,,Delivery,pitch.1,773957,1.0846,17.5563,98.1198,-189.9016,159.9038,-27.0927,-0.167,0.0548
1780080241998,2,11.0000004b,Drive,Delivery,pitch.1,775817,0.1871,-0.0511,0.1433,0.012,0.0017,0.0113,0.0,0.0
1780080241998,2,12.00000015,Lower Delivery,Delivery,pitch.1,775328,0.3447,15.6225,89.7997,-242.1047,151.9427,-21.5325,-0.1734,-0.2763
1780080241998,2,12.00000015,Lower Delivery,Delivery,pitch.1,775327,0.3236,15.5656,89.7777,-241.5977,152.1969,-21.4017,-0.1738,-0.2758
1780080241998,2,12.00000018,Upper Delivery,Delivery,pitch.1,776614,0.5791,2.0831,8.2022,24.4381,7.1128,-5.8829,-0.0889,0.3054
1780080241998,2,Pitching Mound.Delivery,,Delivery,pitch.1,774702,0.9027,17.6487,97.9799,-189.4239,159.3096,-27.1977,-0.1667,0.0559
1780080241998,2,Pitching Mound.Drive,,Delivery,pitch.1,775817,0.1871,-0.0511,0.1433,0.012,0.0017,0.0113,0.0,0.0
1780080241998,2,Pitching Mound.Parent,,Delivery,pitch.1,773958,1.0898,17.5976,98.1232,-189.4119,159.3113,-27.1864,-0.1664,0.0558
1780080241999,2,11.0000004b,Drive,Delivery,pitch.1,775818,0.1772,-0.0476,0.1397,0.0153,0.0033,0.0109,0.0,0.0
1780080241999,2,12.00000015,Lower Delivery,Delivery,pitch.1,775329,0.3381,15.6908,89.853,-242.3613,151.5013,-21.7106,-0.1728,-0.2765
1780080241999,2,12.00000018,Upper Delivery,Delivery,pitch.1,776615,0.5623,2.0683,8.1193,24.135,6.8251,-5.7918,-0.0862,0.3047
1780080241999,2,12.00000018,Upper Delivery,Delivery,pitch.1,776616,0.5224,2.0361,7.9429,24.086,6.7243,-5.6733,-0.0868,0.3108
1780080241999,2,Pitching Mound.Delivery,,Delivery,pitch.1,774703,0.907,17.6908,97.9189,-190.1983,158.7678,-27.2504,-0.1662,0.0555
1780080241999,2,Pitching Mound.Delivery,,Delivery,pitch.1,774704,0.8604,17.727,97.7959,-190.4258,158.2255,-27.3212,-0.1658,0.056
1780080241999,2,Pitching Mound.Drive,,Delivery,pitch.1,775818,0.1772,-0.0476,0.1397,0.0153,0.0033,0.0109,0.0,0.0
1780080241999,2,Pitching Mound.Parent,,Delivery,pitch.1,773959,1.0842,17.6431,98.0586,-190.183,158.7711,-27.2395,-0.166,0.0554
1780080242000,2,11.0000004b,Drive,Delivery,pitch.1,775819,0.1613,-0.0436,0.1199,0.0119,0.0005,0.0112,0.0,0.0
1780080242000,2,12.00000015,Lower Delivery,Delivery,pitch.1,775330,0.3585,15.7669,90.0073,-242.1944,150.9604,-21.8557,-0.1719,-0.2758
1780080242000,2,Pitching Mound.Drive,,Delivery,pitch.1,775819,0.1613,-0.0436,0.1199,0.0119,0.0005,0.0112,0.0,0.0
1780080242000,2,Pitching Mound.Parent,,Delivery,pitch.1,773960,1.0218,17.6834,97.9158,-190.414,158.2261,-27.31,-0.1656,0.0559
1780080242001,2,11.0000004b,Drive,Delivery,pitch.1,775820,0.1587,-0.0436,0.107,0.0246,0.0134,0.0102,0.0,0.0
1780080242001,2,12.00000015,Lower Delivery,Delivery,pitch.1,775331,0.3678,15.8241,89.9444,-242.2228,150.5578,-22.0461,-0.1716,-0.276
1780080242001,2,12.00000018,Upper Delivery,Delivery,pitch.1,776617,0.4959,2.0112,7.8153,23.8119,6.6758,-5.5576,-0.0876,0.3123
1780080242001,2,12.00000018,Upper Delivery,Delivery,pitch.1,776618,0.4596,1.9999,7.6523,23.6099,6.5231,-5.4504,-0.0874,0.3162
1780080242001,2,Pitching Mound.Delivery,,Delivery,pitch.1,774705,0.8544,17.7781,97.8226,-190.4372,157.6362,-27.3667,-0.1652,0.0569
1780080242001,2,Pitching Mound.Delivery,,Delivery,pitch.1,774706,0.8274,17.8241,97.5967,-190.6336,157.0809,-27.4653,-0.165,0.0571
1780080242001,2,Pitching Mound.Drive,,Delivery,pitch.1,775820,0.1587,-0.0436,0.107,0.0246,0.0134,0.0102,0.0,0.0
1780080242001,2,Pitching Mound.Parent,,Delivery,pitch.1,773961,1.0131,17.7345,97.9296,-190.4126,157.6496,-27.3565,-0.165,0.0568
1780080242002,2,11.0000004b,Drive,Delivery,pitch.1,775821,0.111,-0.0296,0.0473,0.0285,0.0148,0.0089,0.0,0.0
1780080242002,2,12.00000015,Lower Delivery,Delivery,pitch.1,775332,0.3702,15.8897,89.9091,-241.089,149.966,-22.2242,-0.171,-0.2748
1780080242002,2,12.00000018,Upper Delivery,Delivery,pitch.1,776619,0.4589,1.9756,7.7089,23.6074,6.469,-5.3306,-0.086,0.3139
1780080242002,2,Pitching Mound.Delivery,,Delivery,pitch.1,774707,0.8291,17.8653,97.618,-189.5336,156.435,-27.5247,-0.1643,0.058
1780080242002,2,Pitching Mound.Drive,,Delivery,pitch.1,775821,0.111,-0.0296,0.0473,0.0285,0.0148,0.0089,0.0,0.0
1780080242002,2,Pitching Mound.Parent,,Delivery,pitch.1,773962,0.9384,17.7944,97.644,-190.6051,157.0957,-27.4564,-0.1649,0.0571
1780080242003,2,11.0000004b,Drive,Delivery,pitch.1,775822,0.1441,-0.0406,0.0742,0.032,0.0202,0.0083,0.0,0.0
1780080242003,2,12.00000015,Lower Delivery,Delivery,pitch.1,775333,0.3843,15.9483,89.823,-241.0306,149.53,-22.4079,-0.1706,-0.275
1780080242003,2,Pitching Mound.Drive,,Delivery,pitch.1,775822,0.1441,-0.0406,0.0742,0.032,0.0202,0.0083,0.0,0.0
1780080242003,2,Pitching Mound.Parent,,Delivery,pitch.1,773963,0.9732,17.8247,97.6922,-189.5016,156.4552,-27.5164,-0.1641,0.0579
1780080242004,2,11.0000004b,Drive,Delivery,pitch.1,775823,0.1504,-0.0442,0.0428,0.039,0.0217,0.0079,0.0,0.0
1780080242004,2,12.00000015,Lower Delivery,Delivery,pitch.1,775334,0.3616,16.0004,89.6323,-241.2144,149.0887,-22.5372,-0.1705,-0.2758
1780080242004,2,12.00000018,Upper Delivery,Delivery,pitch.1,776620,0.4352,1.95,7.5901,23.7103,6.4346,-5.2276,-0.0869,0.3202
1780080242004,2,Pitching Mound.Delivery,,Delivery,pitch.1,774708,0.8195,17.8983,97.4131,-189.3611,155.9647,-27.6182,-0.1641,0.0584
1780080242004,2,Pitching Mound.Drive,,Delivery,pitch.1,775823,0.1504,-0.0442,0.0428,0.039,0.0217,0.0079,0.0,0.0
1780080242004,2,Pitching Mound.Parent,,Delivery,pitch.1,773964,0.9698,17.854,97.4559,-189.3221,155.9864,-27.6103,-0.164,0.0583
1780080242005,2,11.0000004b,Drive,Delivery,pitch.1,775824,0.1408,-0.0411,0.0265,0.035,0.0189,0.0082,0.0,0.0
1780080242005,2,12.00000015,Lower Delivery,Delivery,pitch.1,775335,0.3411,16.0973,89.6903,-241.6456,148.5923,-22.7174,-0.1698,-0.2761
1780080242005,2,12.00000018,Upper Delivery,Delivery,pitch.1,776622,0.3766,1.9108,7.6062,23.8159,5.9722,-4.9326,-0.0805,0.3209
1780080242005,2,12.00000018,Upper Delivery,Delivery,pitch.1,776621,0.3985,1.929,7.4758,23.7958,6.3752,-5.0672,-0.0874,0.3262
1780080242005,2,Pitching Mound.Delivery,,Delivery,pitch.1,774709,0.7601,17.9294,97.1082,-189.4853,155.4639,-27.5918,-0.1641,0.0582
1780080242005,2,Pitching Mound.Delivery,,Delivery,pitch.1,774710,0.7177,18.0082,97.2965,-189.9211,154.5645,-27.6379,-0.1628,0.0574
1780080242005,2,Pitching Mound.Drive,,Delivery,pitch.1,775824,0.1408,-0.0411,0.0265,0.035,0.0189,0.0082,0.0,0.0
1780080242005,2,Pitching Mound.Parent,,Delivery,pitch.1,773965,0.9009,17.8883,97.1347,-189.4504,155.4828,-27.5836,-0.164,0.0582
1780080242006,2,11.0000004b,Drive,Delivery,pitch.1,775825,0.1885,-0.0579,0.05,0.0527,-0.0263,0.0075,0.0,0.0
1780080242006,2,12.00000015,Lower Delivery,Delivery,pitch.1,775336,0.3202,16.1561,89.6842,-241.6267,148.2742,-22.8933,-0.1695,-0.2761
1780080242006,2,Pitching Mound.Drive,,Delivery,pitch.1,775825,0.1885,-0.0579,0.05,0.0527,-0.0263,0.0075,0.0,0.0
1780080242006,2,Pitching Mound.Parent,,Delivery,pitch.1,773966,0.9061,17.9503,97.3465,-189.8684,154.5382,-27.6304,-0.1627,0.0573
1780080242007,2,11.0000004b,Drive,Delivery,pitch.1,775826,0.1907,-0.058,0.0699,0.0461,0.0153,0.0079,0.0,0.0
1780080242007,2,12.00000015,Lower Delivery,Delivery,pitch.1,775337,0.3005,16.2176,89.6413,-240.856,147.7675,-23.0817,-0.169,-0.2754
1780080242007,2,12.00000018,Upper Delivery,Delivery,pitch.1,776623,0.3757,1.9213,7.6379,23.8813,5.902,-4.7595,-0.0792,0.3205
1780080242007,2,Pitching Mound.Delivery,,Delivery,pitch.1,774711,0.6959,18.0774,97.3221,-189.8497,154.1761,-27.634,-0.1624,0.0573
1780080242007,2,Pitching Mound.Drive,,Delivery,pitch.1,775826,0.1907,-0.058,0.0699,0.0461,0.0153,0.0079,0.0,0.0
1780080242007,2,Pitching Mound.Parent,,Delivery,pitch.1,773967,0.8866,18.0195,97.3921,-189.8036,154.1914,-27.6261,-0.1623,0.0573
1780080242008,2,11.0000004b,Drive,Delivery,pitch.1,775827,0.1631,-0.0493,0.0234,0.0374,0.0257,0.0081,0.0,0.0
1780080242008,2,12.00000015,Lower Delivery,Delivery,pitch.1,775338,0.2955,16.2714,89.4077,-240.8807,147.364,-23.2791,-0.1689,-0.2761
1780080242008,2,12.00000018,Upper Delivery,Delivery,pitch.1,776624,0.3213,1.9033,7.177,23.8194,6.2506,-4.664,-0.0893,0.327
1780080242008,2,12.00000018,Upper Delivery,Delivery,pitch.1,776625,0.2949,1.9015,7.0763,23.8988,6.4104,-4.5753,-0.0929,0.327
1780080242008,2,Pitching Mound.Delivery,,Delivery,pitch.1,774712,0.6217,18.1209,96.8183,-188.9987,154.0181,-27.7387,-0.163,0.0589
1780080242008,2,Pitching Mound.Delivery,,Delivery,pitch.1,774713,0.5904,18.1729,96.484,-188.9892,153.7744,-27.8546,-0.1634,0.0582
1780080242008,2,Pitching Mound.Drive,,Delivery,pitch.1,775827,0.1631,-0.0493,0.0234,0.0374,0.0257,0.0081,0.0,0.0
1780080242008,2,Pitching Mound.Parent,,Delivery,pitch.1,773968,0.7848,18.0716,96.8417,-188.9614,154.0438,-27.7306,-0.163,0.0588
1780080242009,2,11.0000004b,Drive,Delivery,pitch.1,775828,0.1948,-0.0604,0.0423,0.0312,0.0232,0.0085,0.0,0.0
1780080242009,2,12.00000015,Lower Delivery,Delivery,pitch.1,775339,0.2742,16.3182,89.3613,-240.2996,147.0043,-23.4861,-0.1686,-0.2756
1780080242009,2,12.00000018,Upper Delivery,Delivery,pitch.1,776626,0.2751,1.8882,7.0645,24.0018,6.1186,-4.3956,-0.0888,0.327
1780080242009,2,Pitching Mound.Delivery,,Delivery,pitch.1,774714,0.5494,18.2063,96.4258,-188.3169,153.1229,-27.8814,-0.1628,0.0587
1780080242009,2,Pitching Mound.Drive,,Delivery,pitch.1,775828,0.1948,-0.0604,0.0423,0.0312,0.0232,0.0085,0.0,0.0
1780080242009,2,Pitching Mound.Parent,,Delivery,pitch.1,773969,0.7852,18.1125,96.5263,-188.958,153.7976,-27.8461,-0.1633,0.0582
1780080242010,2,11.0000004b,Drive,Delivery,pitch.1,775829,0.2034,-0.0629,0.0581,0.027,0.0238,0.0095,0.0,0.0
1780080242010,2,12.00000015,Lower Delivery,Delivery,pitch.1,775340,0.2707,16.3592,89.1684,-239.2807,146.6189,-23.6491,-0.1685,-0.275
1780080242010,2,12.00000018,Upper Delivery,Delivery,pitch.1,776627,0.2691,1.8946,7.0767,23.7112,6.0172,-4.2944,-0.0871,0.327
1780080242010,2,Pitching Mound.Delivery,,Delivery,pitch.1,774715,0.5398,18.2538,96.2451,-187.6583,152.636,-27.9441,-0.1625,0.0592
1780080242010,2,Pitching Mound.Drive,,Delivery,pitch.1,775829,0.2034,-0.0629,0.0581,0.027,0.0238,0.0095,0.0,0.0
1780080242010,2,Pitching Mound.Parent,,Delivery,pitch.1,773970,0.7528,18.1434,96.4839,-188.2898,153.1467,-27.8719,-0.1627,0.0587
1780080242011,2,11.0000004b,Drive,Delivery,pitch.1,775830,0.2231,-0.0695,0.0788,0.0349,0.0259,0.0082,0.0,0.0
1780080242011,2,12.00000015,Lower Delivery,Delivery,pitch.1,775341,0.2352,16.4271,89.1563,-239.7508,146.4525,-23.8252,-0.1684,-0.2756
1780080242011,2,Pitching Mound.Drive,,Delivery,pitch.1,775830,0.2231,-0.0695,0.0788,0.0349,0.0259,0.0082,0.0,0.0
1780080242011,2,Pitching Mound.Parent,,Delivery,pitch.1,773971,0.7629,18.1843,96.3239,-187.6234,152.6619,-27.9359,-0.1624,0.0592
1780080242012,2,11.0000004b,Drive,Delivery,pitch.1,775831,0.2336,-0.073,0.0906,0.0403,0.0266,0.0074,0.0,0.0
1780080242012,2,12.00000015,Lower Delivery,Delivery,pitch.1,775342,0.2237,16.4812,89.0667,-238.8333,146.3047,-24.0486,-0.1684,-0.2748
1780080242012,2,12.00000018,Upper Delivery,Delivery,pitch.1,776628,0.2264,1.8938,6.9193,23.8451,6.4342,-4.1587,-0.0953,0.327
1780080242012,2,12.00000018,Upper Delivery,Delivery,pitch.1,776629,0.1875,1.8692,6.7954,23.7678,6.4247,-4.0908,-0.0969,0.327
1780080242012,2,Pitching Mound.Delivery,,Delivery,pitch.1,774716,0.4616,18.3209,96.0756,-187.945,152.8867,-27.9869,-0.1631,0.0588
1780080242012,2,Pitching Mound.Delivery,,Delivery,pitch.1,774717,0.4112,18.3503,95.8621,-187.0932,152.7293,-28.1517,-0.1633,0.0596
1780080242012,2,Pitching Mound.Drive,,Delivery,pitch.1,775831,0.2336,-0.073,0.0906,0.0403,0.0266,0.0074,0.0,0.0
1780080242012,2,Pitching Mound.Parent,,Delivery,pitch.1,773972,0.6952,18.2479,96.1662,-187.9047,152.9133,-27.9795,-0.1629,0.0588
1780080242013,2,11.0000004b,Drive,Delivery,pitch.1,775832,0.2456,-0.0771,0.1006,0.042,0.0287,0.0069,0.0,0.0
1780080242013,2,12.00000015,Lower Delivery,Delivery,pitch.1,775343,0.2106,16.5293,89.068,-238.5658,145.9336,-24.1804,-0.1679,-0.2745
1780080242013,2,12.00000018,Upper Delivery,Delivery,pitch.1,776630,0.1692,1.8479,6.8595,24.0131,6.5041,-3.9942,-0.0972,0.327
1780080242013,2,Pitching Mound.Delivery,,Delivery,pitch.1,774718,0.3798,18.3772,95.9275,-186.6017,152.4377,-28.1887,-0.1629,0.0599
1780080242013,2,Pitching Mound.Drive,,Delivery,pitch.1,775832,0.2456,-0.0771,0.1006,0.042,0.0287,0.0069,0.0,0.0
1780080242013,2,Pitching Mound.Parent,,Delivery,pitch.1,773973,0.6568,18.2732,95.9627,-187.0512,152.758,-28.1449,-0.1631,0.0596
1780080242014,2,11.0000004b,Drive,Delivery,pitch.1,775833,0.2424,-0.0762,0.0991,0.0476,0.029,0.0055,0.0,0.0
1780080242014,2,12.00000015,Lower Delivery,Delivery,pitch.1,775344,0.1879,16.5914,88.944,-238.0203,145.5715,-24.3715,-0.1677,-0.2743
1780080242014,2,12.00000018,Upper Delivery,Delivery,pitch.1,776631,0.1623,1.8272,6.9551,24.1157,6.2983,-3.8554,-0.0928,0.327
1780080242014,2,Pitching Mound.Delivery,,Delivery,pitch.1,774719,0.3503,18.4185,95.8992,-186.0284,151.8698,-28.2356,-0.1623,0.06
1780080242014,2,Pitching Mound.Drive,,Delivery,pitch.1,775833,0.2424,-0.0762,0.0991,0.0476,0.029,0.0055,0.0,0.0
1780080242014,2,Pitching Mound.Parent,,Delivery,pitch.1,773974,0.6223,18.301,96.0266,-186.5541,152.4667,-28.1832,-0.1627,0.0598
1780080242015,2,11.0000004b,Drive,Delivery,pitch.1,775834,0.2137,-0.0659,0.0902,0.0432,0.027,0.0062,0.0,0.0
1780080242015,2,12.00000015,Lower Delivery,Delivery,pitch.1,775345,0.1778,16.6526,88.8952,-237.0473,144.7615,-24.5353,-0.1669,-0.2733
1780080242015,2,12.00000018,Upper Delivery,Delivery,pitch.1,776632,0.1759,1.8053,6.8551,23.9279,6.3444,-3.7727,-0.0949,0.327
1780080242015,2,Pitching Mound.Delivery,,Delivery,pitch.1,774720,0.3537,18.4579,95.7503,-185.2257,151.1058,-28.3086,-0.1617,0.061
1780080242015,2,Pitching Mound.Drive,,Delivery,pitch.1,775834,0.2137,-0.0659,0.0902,0.0432,0.027,0.0062,0.0,0.0
1780080242015,2,Pitching Mound.Parent,,Delivery,pitch.1,773975,0.5639,18.3526,95.9893,-185.9852,151.8968,-28.2293,-0.1622,0.06
1780080242016,2,11.0000004b,Drive,Delivery,pitch.1,775835,0.1997,-0.0609,0.0884,0.0436,0.0284,0.0054,0.0,0.0
1780080242016,2,12.00000015,Lower Delivery,Delivery,pitch.1,775346,0.1695,16.7098,88.7484,-236.1492,143.791,-24.6774,-0.1661,-0.2727
1780080242016,2,12.00000018,Upper Delivery,Delivery,pitch.1,776633,0.184,1.7662,6.8157,23.777,6.0843,-3.6445,-0.0915,0.327
1780080242016,2,Pitching Mound.Delivery,,Delivery,pitch.1,774721,0.3535,18.476,95.5641,-184.5151,149.8754,-28.317,-0.1607,0.0615
1780080242016,2,Pitching Mound.Drive,,Delivery,pitch.1,775835,0.1997,-0.0609,0.0884,0.0436,0.0284,0.0054,0.0,0.0
1780080242016,2,Pitching Mound.Parent,,Delivery,pitch.1,773976,0.5534,18.3971,95.8386,-185.1822,151.1342,-28.3032,-0.1616,0.0609
1780080242017,2,11.0000004b,Drive,Delivery,pitch.1,775836,0.1626,-0.0472,0.0922,0.0425,0.0271,0.0062,0.0,0.0
1780080242017,2,12.00000015,Lower Delivery,Delivery,pitch.1,775347,0.1515,16.7818,88.592,-235.5859,143.1931,-24.816,-0.1657,-0.2726
1780080242017,2,12.00000018,Upper Delivery,Delivery,pitch.1,776634,0.1969,1.7401,6.7151,23.6835,5.9397,-3.5169,-0.0907,0.327
1780080242017,2,Pitching Mound.Delivery,,Delivery,pitch.1,774722,0.3484,18.5219,95.3071,-184.0643,149.1328,-28.3175,-0.1604,0.0618
1780080242017,2,Pitching Mound.Drive,,Delivery,pitch.1,775836,0.1626,-0.0472,0.0922,0.0425,0.0271,0.0062,0.0,0.0
1780080242017,2,Pitching Mound.Parent,,Delivery,pitch.1,773977,0.5161,18.4288,95.6564,-184.4726,149.9025,-28.3108,-0.1606,0.0615
1780080242018,2,11.0000004b,Drive,Delivery,pitch.1,775837,0.1561,-0.0451,0.082,0.0431,0.0272,0.0057,0.0,0.0
1780080242018,2,12.00000015,Lower Delivery,Delivery,pitch.1,775348,0.1476,16.8431,88.4801,-235.1928,142.5399,-24.9719,-0.1651,-0.2724
1780080242018,2,12.00000018,Upper Delivery,Delivery,pitch.1,776635,0.1962,1.7206,6.7406,23.1998,5.6075,-3.3869,-0.0853,0.327
1780080242018,2,Pitching Mound.Delivery,,Delivery,pitch.1,774723,0.3438,18.5637,95.2207,-184.2015,148.1473,-28.3423,-0.1595,0.0619
1780080242018,2,Pitching Mound.Drive,,Delivery,pitch.1,775837,0.1561,-0.0451,0.082,0.0431,0.0272,0.0057,0.0,0.0
1780080242018,2,Pitching Mound.Parent,,Delivery,pitch.1,773978,0.5045,18.4767,95.3891,-184.0213,149.16,-28.3117,-0.1602,0.0617
1780080242019,2,11.0000004b,Drive,Delivery,pitch.1,775838,0.2107,-0.0641,0.1053,0.0316,0.0219,0.0073,0.0,0.0
1780080242019,2,12.00000015,Lower Delivery,Delivery,pitch.1,775349,0.1412,16.9137,88.6327,-234.5266,141.9155,-25.0973,-0.1641,-0.2712
1780080242019,2,12.00000018,Upper Delivery,Delivery,pitch.1,776636,0.2127,1.6879,6.6375,22.5206,5.2254,-3.2419,-0.0807,0.327
1780080242019,2,Pitching Mound.Delivery,,Delivery,pitch.1,774724,0.3539,18.6016,95.2702,-184.1276,147.1409,-28.3148,-0.1583,0.0631
1780080242019,2,Pitching Mound.Drive,,Delivery,pitch.1,775838,0.2107,-0.0641,0.1053,0.0316,0.0219,0.0073,0.0,0.0
1780080242019,2,Pitching Mound.Parent,,Delivery,pitch.1,773979,0.5544,18.4996,95.326,-184.1699,148.1693,-28.3349,-0.1593,0.0618
1780080242020,2,11.0000004b,Drive,Delivery,pitch.1,775839,0.1795,-0.053,0.0983,0.0333,0.0264,0.008,0.0,0.0
1780080242020,2,12.00000015,Lower Delivery,Delivery,pitch.1,775350,0.1247,17.0017,88.7915,-234.3203,141.3346,-25.2576,-0.1631,-0.2705
1780080242020,2,12.00000018,Upper Delivery,Delivery,pitch.1,776637,0.2018,1.6698,6.662,22.2208,5.1915,-3.1254,-0.0799,0.327
1780080242020,2,Pitching Mound.Delivery,,Delivery,pitch.1,774725,0.3265,18.6715,95.4535,-184.1755,146.5261,-28.3568,-0.1573,0.0638
1780080242020,2,Pitching Mound.Drive,,Delivery,pitch.1,775839,0.1795,-0.053,0.0983,0.0333,0.0264,0.008,0.0,0.0
1780080242020,2,Pitching Mound.Parent,,Delivery,pitch.1,773980,0.5333,18.5486,95.3685,-184.0943,147.1673,-28.3068,-0.1581,0.063
1780080242021,2,11.0000004b,Drive,Delivery,pitch.1,775840,0.1777,-0.0525,0.0974,0.0154,0.0143,0.0097,0.0,0.0
1780080242021,2,12.00000015,Lower Delivery,Delivery,pitch.1,775351,0.1129,17.0876,88.9322,-234.7478,141.306,-25.4347,-0.1629,-0.2705
1780080242021,2,12.00000018,Upper Delivery,Delivery,pitch.1,776638,0.1778,1.6406,6.5181,22.4626,5.2942,-3.0514,-0.0832,0.327
1780080242021,2,Pitching Mound.Delivery,,Delivery,pitch.1,774726,0.2908,18.7281,95.4504,-184.2645,146.6002,-28.4641,-0.1574,0.0638
1780080242021,2,Pitching Mound.Drive,,Delivery,pitch.1,775840,0.1777,-0.0525,0.0974,0.0154,0.0143,0.0097,0.0,0.0
1780080242021,2,Pitching Mound.Parent,,Delivery,pitch.1,773981,0.5042,18.619,95.5509,-184.1601,146.5404,-28.3472,-0.1572,0.0637
1780080242022,2,11.0000004b,Drive,Delivery,pitch.1,775841,0.169,-0.0496,0.0924,0.0207,0.0191,0.009,0.0,0.0
1780080242022,2,12.00000015,Lower Delivery,Delivery,pitch.1,775352,0.1332,17.1392,88.8819,-234.0078,140.6087,-25.5463,-0.1621,-0.2698
1780080242022,2,12.00000018,Upper Delivery,Delivery,pitch.1,776639,0.1711,1.6187,6.4441,21.7275,5.2211,-2.9826,-0.083,0.327
1780080242022,2,Pitching Mound.Delivery,,Delivery,pitch.1,774727,0.3043,18.7578,95.326,-184.2515,145.8298,-28.5161,-0.1568,0.0645
1780080242022,2,Pitching Mound.Drive,,Delivery,pitch.1,775841,0.169,-0.0496,0.0924,0.0207,0.0191,0.009,0.0,0.0
1780080242022,2,Pitching Mound.Parent,,Delivery,pitch.1,773982,0.4598,18.6785,95.5427,-184.2438,146.6192,-28.4551,-0.1573,0.0638
1780080242023,2,11.0000004b,Drive,Delivery,pitch.1,775842,0.1757,-0.052,0.0982,0.0107,0.0134,0.0109,0.0,0.0
1780080242023,2,11.0000004b,Drive,Delivery,pitch.1,775843,0.1459,-0.0418,0.077,0.0046,0.0066,0.0101,0.0,0.0
1780080242023,2,12.00000015,Lower Delivery,Delivery,pitch.1,775353,0.1335,17.2031,88.886,-233.5498,139.9325,-25.6452,-0.1614,-0.2693
1780080242023,2,12.00000018,Upper Delivery,Delivery,pitch.1,776640,0.1849,1.6089,6.441,21.6807,5.3561,-2.865,-0.0852,0.327
1780080242023,2,Pitching Mound.Delivery,,Delivery,pitch.1,774728,0.3184,18.812,95.327,-183.8378,145.2886,-28.4928,-0.1562,0.065
1780080242023,2,Pitching Mound.Drive,,Delivery,pitch.1,775842,0.1757,-0.052,0.0982,0.0107,0.0134,0.0109,0.0,0.0
1780080242023,2,Pitching Mound.Drive,,Delivery,pitch.1,775843,0.1459,-0.0418,0.077,0.0046,0.0066,0.0101,0.0,0.0
1780080242023,2,Pitching Mound.Parent,,Delivery,pitch.1,773983,0.48,18.7059,95.4242,-184.2408,145.8433,-28.5052,-0.1566,0.0645
1780080242023,2,Pitching Mound.Parent,,Delivery,pitch.1,773984,0.4643,18.7702,95.404,-183.8332,145.2952,-28.4826,-0.1561,0.065
1780080242024,2,11.0000004b,Drive,Delivery,pitch.1,775844,0.1803,-0.0539,0.0834,0.0076,0.0081,0.0113,0.0,0.0
1780080242024,2,12.00000015,Lower Delivery,Delivery,pitch.1,775354,0.1267,17.2802,88.877,-233.1713,139.4451,-25.7165,-0.1608,-0.2689
1780080242024,2,12.00000018,Upper Delivery,Delivery,pitch.1,776641,0.2043,1.5839,6.2668,21.5141,5.4116,-2.8109,-0.0885,0.327
1780080242024,2,Pitching Mound.Delivery,,Delivery,pitch.1,774729,0.331,18.8641,95.1438,-183.5698,144.8567,-28.501,-0.156,0.0656
1780080242024,2,Pitching Mound.Drive,,Delivery,pitch.1,775844,0.1803,-0.0539,0.0834,0.0076,0.0081,0.0113,0.0,0.0
1780080242024,2,Pitching Mound.Parent,,Delivery,pitch.1,773985,0.5113,18.8103,95.2272,-183.5622,144.8648,-28.4897,-0.1559,0.0655
1780080242025,2,11.0000004b,Drive,Delivery,pitch.1,775845,0.1686,-0.0499,0.0719,0.0056,0.007,0.0114,0.0,0.0
1780080242025,2,12.00000015,Lower Delivery,Delivery,pitch.1,775355,0.1486,17.3195,88.7547,-232.574,139.0655,-25.8167,-0.1606,-0.2686
1780080242025,2,12.00000018,Upper Delivery,Delivery,pitch.1,776642,0.2226,1.5651,6.1368,21.415,5.3406,-2.7121,-0.0892,0.327
1780080242025,2,Pitching Mound.Delivery,,Delivery,pitch.1,774730,0.3712,18.8846,94.8915,-183.069,144.4062,-28.5036,-0.156,0.066
1780080242025,2,Pitching Mound.Drive,,Delivery,pitch.1,775845,0.1686,-0.0499,0.0719,0.0056,0.007,0.0114,0.0,0.0
1780080242025,2,Pitching Mound.Parent,,Delivery,pitch.1,773986,0.5399,18.8347,94.9635,-183.0633,144.4131,-28.4922,-0.1559,0.0659
1780080242026,2,11.0000004b,Drive,Delivery,pitch.1,775846,0.1992,-0.0611,0.0816,0.004,0.006,0.0111,0.0,0.0
1780080242026,2,12.00000015,Lower Delivery,Delivery,pitch.1,775356,0.1477,17.3585,88.6339,-232.3777,138.7199,-25.8501,-0.1604,-0.2687
1780080242026,2,12.00000018,Upper Delivery,Delivery,pitch.1,776643,0.2074,1.5457,6.1975,21.1762,5.1831,-2.6334,-0.0857,0.327
1780080242026,2,Pitching Mound.Delivery,,Delivery,pitch.1,774731,0.3551,18.9042,94.8314,-183.1732,143.903,-28.4631,-0.1555,0.0658
1780080242026,2,Pitching Mound.Drive,,Delivery,pitch.1,775846,0.1992,-0.0611,0.0816,0.004,0.006,0.0111,0.0,0.0
1780080242026,2,Pitching Mound.Parent,,Delivery,pitch.1,773987,0.5543,18.8431,94.913,-183.1691,143.909,-28.4521,-0.1554,0.0657
1780080242027,2,11.0000004b,Drive,Delivery,pitch.1,775847,0.2015,-0.0619,0.0781,0.0074,0.0088,0.0105,0.0,0.0
1780080242027,2,12.00000015,Lower Delivery,Delivery,pitch.1,775357,0.1702,17.3835,88.4345,-231.6819,138.2065,-25.9049,-0.1602,-0.2685
1780080242027,2,12.00000018,Upper Delivery,Delivery,pitch.1,776644,0.2167,1.5094,6.1162,20.8029,5.4002,-2.5679,-0.0905,0.327
1780080242027,2,Pitching Mound.Delivery,,Delivery,pitch.1,774732,0.3868,18.8929,94.5506,-182.8907,143.6067,-28.457,-0.1557,0.066
1780080242027,2,Pitching Mound.Drive,,Delivery,pitch.1,775847,0.2015,-0.0619,0.0781,0.0074,0.0088,0.0105,0.0,0.0
1780080242027,2,Pitching Mound.Parent,,Delivery,pitch.1,773988,0.5883,18.831,94.6288,-182.8833,143.6155,-28.4465,-0.1555,0.066
1780080242028,2,11.0000004b,Drive,Delivery,pitch.1,775848,0.2123,-0.0658,0.0814,0.0005,0.0068,0.011,0.0,0.0
1780080242028,2,12.00000015,Lower Delivery,Delivery,pitch.1,775358,0.1952,17.4075,88.2778,-231.0371,137.6068,-25.9906,-0.1598,-0.2682
1780080242028,2,12.00000018,Upper Delivery,Delivery,pitch.1,776645,0.1918,1.4942,6.2454,20.9001,5.0481,-2.4524,-0.0828,0.327
1780080242028,2,Pitching Mound.Delivery,,Delivery,pitch.1,774733,0.387,18.9017,94.5232,-182.246,142.655,-28.4441,-0.1547,0.0662
1780080242028,2,Pitching Mound.Drive,,Delivery,pitch.1,775848,0.2123,-0.0658,0.0814,0.0005,0.0068,0.011,0.0,0.0
1780080242028,2,Pitching Mound.Parent,,Delivery,pitch.1,773989,0.5994,18.8359,94.6046,-182.2455,142.6617,-28.4332,-0.1546,0.0661
1780080242029,2,11.0000004b,Drive,Delivery,pitch.1,775849,0.2157,-0.0669,0.0821,0.0011,0.0055,0.0108,0.0,0.0
1780080242029,2,12.00000015,Lower Delivery,Delivery,pitch.1,775359,0.2178,17.4655,88.1795,-230.3808,137.0941,-26.0391,-0.1594,-0.2678
1780080242029,2,12.00000018,Upper Delivery,Delivery,pitch.1,776646,0.1764,1.4758,6.1837,20.8936,5.129,-2.3804,-0.085,0.327
1780080242029,2,Pitching Mound.Delivery,,Delivery,pitch.1,774734,0.3942,18.9414,94.3633,-181.6086,142.2231,-28.4336,-0.1545,0.0666
1780080242029,2,Pitching Mound.Drive,,Delivery,pitch.1,775849,0.2157,-0.0669,0.0821,0.0011,0.0055,0.0108,0.0,0.0
1780080242029,2,Pitching Mound.Parent,,Delivery,pitch.1,773990,0.61,18.8745,94.4454,-181.6075,142.2286,-28.4227,-0.1543,0.0666
1780080242030,2,11.0000004b,Drive,Delivery,pitch.1,775850,0.1897,-0.0576,0.0724,0.0024,0.0092,0.0106,0.0,0.0
1780080242030,2,12.00000015,Lower Delivery,Delivery,pitch.1,775360,0.2191,17.4936,88.0269,-230.3501,136.8933,-26.0739,-0.1594,-0.2682
1780080242030,2,12.00000018,Upper Delivery,Delivery,pitch.1,776647,0.1916,1.4608,6.0512,21.0634,5.2713,-2.2914,-0.0893,0.327
1780080242030,2,Pitching Mound.Delivery,,Delivery,pitch.1,774735,0.4106,18.9544,94.0782,-181.4149,142.1646,-28.3746,-0.1549,0.0663
1780080242030,2,Pitching Mound.Drive,,Delivery,pitch.1,775850,0.1897,-0.0576,0.0724,0.0024,0.0092,0.0106,0.0,0.0
1780080242030,2,Pitching Mound.Parent,,Delivery,pitch.1,773991,0.6003,18.8968,94.1505,-181.4125,142.1737,-28.364,-0.1548,0.0663
1780080242031,2,11.0000004b,Drive,Delivery,pitch.1,775851,0.2035,-0.0627,0.0734,0.0043,0.0087,0.0095,0.0,0.0
1780080242031,2,12.00000015,Lower Delivery,Delivery,pitch.1,775361,0.2648,17.5104,87.5696,-229.4449,136.227,-26.1243,-0.1594,-0.2686
1780080242031,2,12.00000018,Upper Delivery,Delivery,pitch.1,776648,0.1665,1.4351,6.076,20.9134,5.3672,-2.2269,-0.0905,0.327
1780080242031,2,Pitching Mound.Delivery,,Delivery,pitch.1,774736,0.4312,18.9456,93.6456,-180.8237,141.5942,-28.3847,-0.155,0.066
1780080242031,2,Pitching Mound.Drive,,Delivery,pitch.1,775851,0.2035,-0.0627,0.0734,0.0043,0.0087,0.0095,0.0,0.0
1780080242031,2,Pitching Mound.Parent,,Delivery,pitch.1,773992,0.6348,18.8829,93.719,-180.8194,141.6029,-28.3751,-0.1549,0.0659
1780080242032,2,11.0000004b,Drive,Delivery,pitch.1,775852,0.1975,-0.0605,0.0703,0.0106,0.0118,0.0086,0.0,0.0
1780080242032,2,12.00000015,Lower Delivery,Delivery,pitch.1,775362,0.261,17.54,87.4961,-228.7025,135.6046,-26.1439,-0.1589,-0.2679
1780080242032,2,12.00000018,Upper Delivery,Delivery,pitch.1,776649,0.158,1.4122,6.166,20.7221,5.1967,-2.1051,-0.0864,0.327
1780080242032,2,Pitching Mound.Delivery,,Delivery,pitch.1,774737,0.419,18.9522,93.6622,-180.3281,140.8013,-28.284,-0.1541,0.0665
1780080242032,2,Pitching Mound.Drive,,Delivery,pitch.1,775852,0.1975,-0.0605,0.0703,0.0106,0.0118,0.0086,0.0,0.0
1780080242032,2,Pitching Mound.Parent,,Delivery,pitch.1,773993,0.6165,18.8916,93.7325,-180.3175,140.8131,-28.2754,-0.154,0.0664
1780080242033,2,11.0000004b,Drive,Delivery,pitch.1,775853,0.2185,-0.0669,0.0893,0.0214,0.0187,0.0079,0.0,0.0
1780080242033,2,12.00000015,Lower Delivery,Delivery,pitch.1,775363,0.267,17.6054,87.3725,-228.4391,135.3638,-26.1906,-0.1588,-0.268
1780080242033,2,12.00000018,Upper Delivery,Delivery,pitch.1,776650,0.1855,1.3768,5.9505,20.4851,4.8781,-1.9992,-0.084,0.327
1780080242033,2,Pitching Mound.Delivery,,Delivery,pitch.1,774738,0.4525,18.9822,93.323,-180.2706,140.2419,-28.2175,-0.154,0.0666
1780080242033,2,Pitching Mound.Drive,,Delivery,pitch.1,775853,0.2185,-0.0669,0.0893,0.0214,0.0187,0.0079,0.0,0.0
1780080242033,2,Pitching Mound.Parent,,Delivery,pitch.1,773994,0.671,18.9153,93.4123,-180.2492,140.2605,-28.2097,-0.1539,0.0665
1780080242034,2,11.0000004b,Drive,Delivery,pitch.1,775854,0.2225,-0.0688,0.0893,0.0302,0.0283,0.0087,0.0,0.0
1780080242034,2,12.00000015,Lower Delivery,Delivery,pitch.1,775364,0.2697,17.6522,87.27,-228.1772,135.2067,-26.2721,-0.1588,-0.268
1780080242034,2,12.00000018,Upper Delivery,Delivery,pitch.1,776651,0.1759,1.3527,6.0148,20.0925,4.8878,-1.8472,-0.0833,0.327
1780080242034,2,Pitching Mound.Delivery,,Delivery,pitch.1,774739,0.4456,19.005,93.2848,-180.4579,140.0945,-28.1512,-0.1539,0.0665
1780080242034,2,Pitching Mound.Drive,,Delivery,pitch.1,775854,0.2225,-0.0688,0.0893,0.0302,0.0283,0.0087,0.0,0.0
1780080242034,2,Pitching Mound.Parent,,Delivery,pitch.1,773995,0.668,18.9361,93.3741,-180.4277,140.1228,-28.1425,-0.1538,0.0665
1780080242035,2,11.0000004b,Drive,Delivery,pitch.1,775855,0.2073,-0.0637,0.0807,0.0445,0.0376,0.0067,0.0,0.0
1780080242035,2,12.00000015,Lower Delivery,Delivery,pitch.1,775365,0.2714,17.6821,87.0991,-227.3115,134.594,-26.3563,-0.1584,-0.2675
1780080242035,2,12.00000018,Upper Delivery,Delivery,pitch.1,776652,0.1665,1.3275,6.064,19.8446,4.6437,-1.7142,-0.0785,0.327
1780080242035,2,Pitching Mound.Delivery,,Delivery,pitch.1,774740,0.4378,19.0096,93.1632,-179.915,139.2377,-28.1062,-0.1532,0.0669
1780080242035,2,Pitching Mound.Drive,,Delivery,pitch.1,775855,0.2073,-0.0637,0.0807,0.0445,0.0376,0.0067,0.0,0.0
1780080242035,2,Pitching Mound.Parent,,Delivery,pitch.1,773996,0.6451,18.9459,93.2438,-179.8705,139.2753,-28.0994,-0.1531,0.0669
1780080242036,2,11.0000004b,Drive,Delivery,pitch.1,775856,0.2131,-0.0658,0.0891,0.0477,0.042,0.0071,0.0,0.0
1780080242036,2,12.00000015,Lower Delivery,Delivery,pitch.1,775366,0.2703,17.7415,86.9508,-227.2012,134.3404,-26.4008,-0.1584,-0.2678
1780080242036,2,12.00000018,Upper Delivery,Delivery,pitch.1,776653,0.1225,1.3128,6.0661,19.6637,4.5752,-1.5999,-0.0773,0.327
1780080242036,2,Pitching Mound.Delivery,,Delivery,pitch.1,774741,0.3929,19.0543,93.0169,-180.0367,138.9155,-28.0509,-0.1531,0.0666
1780080242036,2,Pitching Mound.Drive,,Delivery,pitch.1,775856,0.2131,-0.0658,0.0891,0.0477,0.042,0.0071,0.0,0.0
1780080242036,2,Pitching Mound.Parent,,Delivery,pitch.1,773997,0.606,18.9885,93.1061,-179.989,138.9576,-28.0438,-0.1529,0.0666
1780080242037,2,12.00000015,Lower Delivery,Delivery,pitch.1,775367,0.2761,17.8094,87.0074,-227.1859,134.179,-26.4955,-0.1581,-0.2676
1780080242037,2,12.00000018,Upper Delivery,Delivery,pitch.1,776654,0.1118,1.287,5.8787,19.5239,4.5196,-1.5134,-0.0788,0.327
1780080242037,2,Pitching Mound.Delivery,,Delivery,pitch.1,774742,0.388,19.0964,92.8861,-180.0783,138.6986,-28.0648,-0.153,0.067
1780080242038,2,11.0000004b,Drive,Delivery,pitch.1,775857,0.2167,-0.0669,0.0924,0.0484,0.0424,0.0078,0.0,0.0
1780080242038,2,12.00000015,Lower Delivery,Delivery,pitch.1,775368,0.2759,17.8617,86.882,-226.4978,133.5683,-26.5243,-0.1576,-0.2672
1780080242038,2,12.00000018,Upper Delivery,Delivery,pitch.1,776655,0.0816,1.2724,5.9375,19.4319,4.2635,-1.3841,-0.0736,0.327
1780080242038,2,Pitching Mound.Delivery,,Delivery,pitch.1,774743,0.3574,19.1341,92.8195,-179.5447,137.8317,-27.9744,-0.1522,0.0673
1780080242038,2,Pitching Mound.Drive,,Delivery,pitch.1,775857,0.2167,-0.0669,0.0924,0.0484,0.0424,0.0078,0.0,0.0
1780080242038,2,Pitching Mound.Parent,,Delivery,pitch.1,773998,0.6046,19.0295,92.9785,-180.0298,138.741,-28.0569,-0.1529,0.0669
1780080242039,2,11.0000004b,Drive,Delivery,pitch.1,775858,0.2391,-0.0749,0.0975,0.0611,0.0009,0.007,0.0,0.0
1780080242039,2,12.00000015,Lower Delivery,Delivery,pitch.1,775369,0.2791,17.9097,86.706,-225.7747,132.8957,-26.5711,-0.1571,-0.2669
1780080242039,2,12.00000018,Upper Delivery,Delivery,pitch.1,776656,0.0737,1.2407,5.7278,18.9934,4.123,-1.2577,-0.0738,0.327
1780080242039,2,Pitching Mound.Delivery,,Delivery,pitch.1,774744,0.3528,19.1503,92.4338,-179.2487,137.0187,-27.8986,-0.1519,0.0678
1780080242039,2,Pitching Mound.Drive,,Delivery,pitch.1,775858,0.2391,-0.0749,0.0975,0.0611,0.0009,0.007,0.0,0.0
1780080242039,2,Pitching Mound.Parent,,Delivery,pitch.1,773999,0.5965,19.0592,92.917,-179.4836,137.8327,-27.9675,-0.152,0.0672
1780080242040,2,11.0000004b,Drive,Delivery,pitch.1,775859,0.2193,-0.0677,0.0887,0.0861,-0.1467,0.0055,0.0,0.0
1780080242040,2,12.00000015,Lower Delivery,Delivery,pitch.1,775370,0.2625,17.9745,86.7393,-225.5565,132.7189,-26.6216,-0.1568,-0.2665
1780080242040,2,12.00000018,Upper Delivery,Delivery,pitch.1,776657,0.0748,1.2085,5.7204,18.5825,3.6352,-1.1594,-0.0651,0.327
1780080242040,2,Pitching Mound.Delivery,,Delivery,pitch.1,774745,0.3373,19.1831,92.4596,-179.4275,136.3541,-27.8448,-0.1512,0.0681
1780080242040,2,Pitching Mound.Drive,,Delivery,pitch.1,775859,0.2193,-0.0677,0.0887,0.0861,-0.1467,0.0055,0.0,0.0
1780080242040,2,Pitching Mound.Parent,,Delivery,pitch.1,774000,0.5721,19.0826,92.5225,-179.1626,136.872,-27.8931,-0.1518,0.0677
1780080242041,2,11.0000004b,Drive,Delivery,pitch.1,775860,0.2196,-0.0679,0.0923,0.0698,-0.062,0.0063,0.0,0.0
1780080242041,2,12.00000015,Lower Delivery,Delivery,pitch.1,775371,0.2583,18.0228,86.6864,-225.1885,132.1894,-26.6956,-0.1563,-0.2663
1780080242041,2,12.00000018,Upper Delivery,Delivery,pitch.1,776658,0.0431,1.1835,5.5039,18.1254,3.6571,-1.0784,-0.0681,0.327
1780080242041,2,Pitching Mound.Delivery,,Delivery,pitch.1,774746,0.3014,19.2063,92.1903,-179.4611,135.8465,-27.8471,-0.151,0.0686
1780080242041,2,Pitching Mound.Drive,,Delivery,pitch.1,775860,0.2196,-0.0679,0.0923,0.0698,-0.062,0.0063,0.0,0.0
1780080242041,2,Pitching Mound.Parent,,Delivery,pitch.1,774001,0.5569,19.1152,92.5519,-179.3577,136.2921,-27.8386,-0.151,0.0681
1780080242042,2,11.0000004b,Drive,Delivery,pitch.1,775861,0.2013,-0.0613,0.0881,0.0524,0.0053,0.0067,0.0,0.0
1780080242042,2,12.00000015,Lower Delivery,Delivery,pitch.1,775372,0.2555,18.0711,86.4719,-224.1021,131.2244,-26.665,-0.1555,-0.2656
1780080242042,2,12.00000018,Upper Delivery,Delivery,pitch.1,776659,0.0565,1.1644,5.3234,17.9447,3.4497,-1.0341,-0.0664,0.327
1780080242042,2,Pitching Mound.Delivery,,Delivery,pitch.1,774747,0.312,19.2356,91.7953,-178.5669,134.6741,-27.7668,-0.1504,0.0693
1780080242042,2,Pitching Mound.Drive,,Delivery,pitch.1,775861,0.2013,-0.0613,0.0881,0.0524,0.0053,0.0067,0.0,0.0
1780080242042,2,Pitching Mound.Parent,,Delivery,pitch.1,774002,0.5027,19.1451,92.2784,-179.4087,135.8518,-27.8404,-0.1509,0.0685
1780080242043,2,11.0000004b,Drive,Delivery,pitch.1,775862,0.2064,-0.0631,0.0929,0.0391,0.0356,0.0073,0.0,0.0
1780080242043,2,12.00000015,Lower Delivery,Delivery,pitch.1,775373,0.2376,18.1275,86.3889,-223.2631,130.4886,-26.7236,-0.1548,-0.2649
1780080242043,2,12.00000018,Upper Delivery,Delivery,pitch.1,776660,0.0747,1.1351,5.1096,17.3472,3.661,-0.957,-0.0734,0.327
1780080242043,2,Pitching Mound.Delivery,,Delivery,pitch.1,774748,0.3123,19.2625,91.4985,-178.2809,134.1496,-27.7359,-0.1503,0.0702
1780080242043,2,Pitching Mound.Drive,,Delivery,pitch.1,775862,0.2064,-0.0631,0.0929,0.0391,0.0356,0.0073,0.0,0.0
1780080242043,2,Pitching Mound.Parent,,Delivery,pitch.1,774003,0.5185,19.1725,91.8882,-178.5278,134.7097,-27.7594,-0.1502,0.0692
1780080242044,2,11.0000004b,Drive,Delivery,pitch.1,775863,0.18,-0.0534,0.0893,0.0261,0.0296,0.0069,0.0,0.0
1780080242044,2,12.00000015,Lower Delivery,Delivery,pitch.1,775374,0.2147,18.1722,86.3543,-222.7189,130.0398,-26.7197,-0.1543,-0.2643
1780080242044,2,12.00000018,Upper Delivery,Delivery,pitch.1,776661,0.0668,1.093,4.8195,17.1945,3.404,-0.8101,-0.0724,0.327
1780080242044,2,Pitching Mound.Delivery,,Delivery,pitch.1,774749,0.2816,19.2652,91.1738,-177.8026,133.4438,-27.5801,-0.15,0.071
1780080242044,2,Pitching Mound.Drive,,Delivery,pitch.1,775863,0.18,-0.0534,0.0893,0.0261,0.0296,0.0069,0.0,0.0
1780080242044,2,Pitching Mound.Parent,,Delivery,pitch.1,774004,0.4923,19.2092,91.5878,-178.2548,134.1792,-27.7291,-0.1501,0.0701
1780080242045,2,11.0000004b,Drive,Delivery,pitch.1,775864,0.2103,-0.0642,0.0981,0.0358,0.0414,0.0067,0.0,0.0
1780080242045,2,11.0000004b,Drive,Delivery,pitch.1,775865,0.1692,-0.0493,0.0868,0.0268,0.0407,0.007,0.0,0.0
1780080242045,2,12.00000015,Lower Delivery,Delivery,pitch.1,775375,0.2107,18.1986,85.9279,-221.2448,128.9768,-26.7753,-0.1538,-0.2639
1780080242045,2,12.00000018,Upper Delivery,Delivery,pitch.1,776662,0.0741,1.0541,4.5326,17.0109,3.6138,-0.705,-0.0817,0.327
1780080242045,2,Pitching Mound.Delivery,,Delivery,pitch.1,774750,0.2848,19.2527,90.4604,-176.5594,132.5907,-27.5268,-0.1502,0.0716
1780080242045,2,Pitching Mound.Drive,,Delivery,pitch.1,775864,0.2103,-0.0642,0.0981,0.0358,0.0414,0.0067,0.0,0.0
1780080242045,2,Pitching Mound.Drive,,Delivery,pitch.1,775865,0.1692,-0.0493,0.0868,0.0268,0.0407,0.007,0.0,0.0
1780080242045,2,Pitching Mound.Parent,,Delivery,pitch.1,774005,0.4919,19.201,91.2719,-177.7668,133.4852,-27.5733,-0.1499,0.0709
1780080242045,2,Pitching Mound.Parent,,Delivery,pitch.1,774006,0.454,19.2033,90.5472,-176.5326,132.6313,-27.5198,-0.1501,0.0716
1780080242046,2,11.0000004b,Drive,Delivery,pitch.1,775866,0.1609,-0.0474,0.0534,0.0192,0.0386,0.0084,0.0,0.0
1780080242046,2,12.00000015,Lower Delivery,Delivery,pitch.1,775376,0.2157,18.2406,85.7453,-220.4993,128.5783,-26.8251,-0.1537,-0.2636
1780080242046,2,12.00000018,Upper Delivery,Delivery,pitch.1,776663,0.088,1.0194,4.3639,17.1139,3.5298,-0.6733,-0.0829,0.327
1780080242046,2,Pitching Mound.Delivery,,Delivery,pitch.1,774751,0.3037,19.26,90.1092,-175.7157,132.1082,-27.5418,-0.1503,0.0721
1780080242046,2,Pitching Mound.Drive,,Delivery,pitch.1,775866,0.1609,-0.0474,0.0534,0.0192,0.0386,0.0084,0.0,0.0
1780080242046,2,Pitching Mound.Parent,,Delivery,pitch.1,774007,0.4647,19.2125,90.1626,-175.6966,132.1468,-27.5334,-0.1502,0.0721
1780080242047,2,11.0000004b,Drive,Delivery,pitch.1,775867,0.1393,-0.0412,-0.0034,0.0091,0.0425,0.006,0.0,0.0
1780080242047,2,12.00000015,Lower Delivery,Delivery,pitch.1,775377,0.2196,18.2835,85.3525,-219.3852,127.8174,-26.8737,-0.1535,-0.2634
1780080242047,2,12.00000018,Upper Delivery,Delivery,pitch.1,776664,0.0953,0.9837,4.2257,16.8466,3.6412,-0.6916,-0.0883,0.327
1780080242047,2,Pitching Mound.Delivery,,Delivery,pitch.1,774752,0.3149,19.2672,89.5782,-174.9555,131.4586,-27.6075,-0.1504,0.0723
1780080242047,2,Pitching Mound.Drive,,Delivery,pitch.1,775867,0.1393,-0.0412,-0.0034,0.0091,0.0425,0.006,0.0,0.0
1780080242047,2,Pitching Mound.Parent,,Delivery,pitch.1,774008,0.4542,19.226,89.5748,-174.9465,131.5011,-27.6015,-0.1504,0.0723
1780080242048,2,11.0000004b,Drive,Delivery,pitch.1,775868,0.1366,-0.0394,0.0203,0.0308,0.0388,0.0064,0.0,0.0
1780080242048,2,12.00000015,Lower Delivery,Delivery,pitch.1,775378,0.2267,18.3147,85.0563,-218.7913,127.4392,-27.0008,-0.1536,-0.2636
1780080242048,2,12.00000018,Upper Delivery,Delivery,pitch.1,776665,0.0991,0.9598,4.1814,16.8334,3.4704,-0.6043,-0.0851,0.327
1780080242048,2,Pitching Mound.Delivery,,Delivery,pitch.1,774753,0.3257,19.2745,89.2377,-174.4604,130.9097,-27.6484,-0.1504,0.0722
1780080242048,2,Pitching Mound.Drive,,Delivery,pitch.1,775868,0.1366,-0.0394,0.0203,0.0308,0.0388,0.0064,0.0,0.0
1780080242048,2,Pitching Mound.Parent,,Delivery,pitch.1,774009,0.4623,19.2351,89.258,-174.4296,130.9485,-27.6421,-0.1503,0.0721
1780080242049,2,11.0000004b,Drive,Delivery,pitch.1,775869,0.1461,-0.0426,0.0288,0.0288,0.031,0.0083,0.0,0.0
1780080242049,2,12.00000015,Lower Delivery,Delivery,pitch.1,775379,0.2545,18.3853,84.9011,-218.7216,127.3207,-27.0783,-0.1537,-0.264
1780080242049,2,12.00000018,Upper Delivery,Delivery,pitch.1,776666,0.1066,0.9335,3.9729,16.6131,3.7135,-0.5314,-0.0958,0.327
1780080242049,2,Pitching Mound.Delivery,,Delivery,pitch.1,774754,0.3611,19.3188,88.874,-174.5929,131.0342,-27.66,-0.1511,0.072
1780080242049,2,Pitching Mound.Drive,,Delivery,pitch.1,775869,0.1461,-0.0426,0.0288,0.0288,0.031,0.0083,0.0,0.0
1780080242049,2,Pitching Mound.Parent,,Delivery,pitch.1,774010,0.5073,19.2762,88.9029,-174.5642,131.0652,-27.6517,-0.1511,0.072
1780080242050,2,11.0000004b,Drive,Delivery,pitch.1,775870,0.1517,-0.0442,0.0414,0.0272,0.0291,0.0085,0.0,0.0
1780080242050,2,12.00000015,Lower Delivery,Delivery,pitch.1,775380,0.295,18.451,84.4252,-217.7564,126.8472,-27.0833,-0.154,-0.2644
1780080242050,2,12.00000018,Upper Delivery,Delivery,pitch.1,776667,0.1186,0.9087,4.006,16.4012,3.3129,-0.4416,-0.0848,0.327
1780080242050,2,Pitching Mound.Delivery,,Delivery,pitch.1,774755,0.4136,19.3597,88.4312,-174.0126,130.1601,-27.5848,-0.1509,0.0716
1780080242050,2,Pitching Mound.Drive,,Delivery,pitch.1,775870,0.1517,-0.0442,0.0414,0.0272,0.0291,0.0085,0.0,0.0
1780080242050,2,Pitching Mound.Parent,,Delivery,pitch.1,774011,0.5653,19.3155,88.4727,-173.9854,130.1892,-27.5764,-0.1508,0.0716
1780080242051,2,11.0000004b,Drive,Delivery,pitch.1,775871,0.1335,-0.0379,0.0295,0.0225,0.0264,0.0086,0.0,0.0
1780080242051,2,12.00000015,Lower Delivery,Delivery,pitch.1,775381,0.3443,18.5281,84.148,-216.9078,126.6035,-27.0905,-0.1542,-0.2642
1780080242051,2,12.00000018,Upper Delivery,Delivery,pitch.1,776668,0.0678,0.9005,4.1152,16.3927,3.1289,-0.3002,-0.0779,0.327
1780080242051,2,Pitching Mound.Delivery,,Delivery,pitch.1,774756,0.4121,19.4287,88.2632,-173.304,129.7324,-27.4848,-0.1507,0.0717
1780080242051,2,Pitching Mound.Drive,,Delivery,pitch.1,775871,0.1335,-0.0379,0.0295,0.0225,0.0264,0.0086,0.0,0.0
1780080242051,2,Pitching Mound.Parent,,Delivery,pitch.1,774012,0.5456,19.3908,88.2927,-173.2815,129.7588,-27.4762,-0.1506,0.0716
1780080242052,2,11.0000004b,Drive,Delivery,pitch.1,775872,0.1415,-0.04,0.0577,0.0308,0.0293,0.0072,0.0,0.0
1780080242052,2,12.00000015,Lower Delivery,Delivery,pitch.1,775382,0.4198,18.6258,84.1549,-216.6019,126.4121,-27.1032,-0.154,-0.2638
1780080242052,2,12.00000018,Upper Delivery,Delivery,pitch.1,776669,0.0456,0.8913,4.2168,15.9566,2.9233,-0.1516,-0.0711,0.327
1780080242052,2,Pitching Mound.Delivery,,Delivery,pitch.1,774757,0.4654,19.5171,88.3717,-173.4664,129.3354,-27.382,-0.15,0.0719
1780080242052,2,Pitching Mound.Drive,,Delivery,pitch.1,775872,0.1415,-0.04,0.0577,0.0308,0.0293,0.0072,0.0,0.0
1780080242052,2,Pitching Mound.Parent,,Delivery,pitch.1,774013,0.6069,19.4771,88.4294,-173.4356,129.3647,-27.3748,-0.1499,0.0719
1780080242053,2,11.0000004b,Drive,Delivery,pitch.1,775873,0.1482,-0.0429,0.0471,0.0433,0.0367,0.007,0.0,0.0
1780080242053,2,12.00000015,Lower Delivery,Delivery,pitch.1,775383,0.4709,18.7616,84.241,-216.8029,126.3214,-27.146,-0.1537,-0.2638
1780080242053,2,12.00000018,Upper Delivery,Delivery,pitch.1,776670,0.0296,0.8783,4.2747,15.8609,2.805,-0.0307,-0.0673,0.327
1780080242053,2,Pitching Mound.Delivery,,Delivery,pitch.1,774758,0.5006,19.6399,88.5157,-173.7535,129.1264,-27.3267,-0.1495,0.0719
1780080242053,2,Pitching Mound.Drive,,Delivery,pitch.1,775873,0.1482,-0.0429,0.0471,0.0433,0.0367,0.007,0.0,0.0
1780080242053,2,Pitching Mound.Parent,,Delivery,pitch.1,774014,0.6488,19.597,88.5629,-173.7102,129.1631,-27.3198,-0.1494,0.0719
1780080242054,2,11.0000004b,Drive,Delivery,pitch.1,775874,0.117,-0.031,0.0663,0.0292,0.0263,0.0081,0.0,0.0
1780080242054,2,12.00000015,Lower Delivery,Delivery,pitch.1,775384,0.5228,18.8658,84.1101,-216.7528,126.2726,-27.2105,-0.1539,-0.2641
1780080242054,2,12.00000018,Upper Delivery,Delivery,pitch.1,776671,0.0079,0.8604,4.1909,15.6913,2.6091,0.2022,-0.0638,0.327
1780080242054,2,Pitching Mound.Delivery,,Delivery,pitch.1,774759,0.5307,19.7262,88.301,-173.889,128.8817,-27.1833,-0.1496,0.0717
1780080242054,2,Pitching Mound.Drive,,Delivery,pitch.1,775874,0.117,-0.031,0.0663,0.0292,0.0263,0.0081,0.0,0.0
1780080242054,2,Pitching Mound.Parent,,Delivery,pitch.1,774015,0.6478,19.6952,88.3673,-173.8599,128.9079,-27.1752,-0.1495,0.0716
1780080242055,2,11.0000004b,Drive,Delivery,pitch.1,775875,0.1296,-0.0361,0.0564,0.0308,0.0237,0.0069,0.0,0.0
1780080242055,2,12.00000015,Lower Delivery,Delivery,pitch.1,775385,0.5649,18.982,84.1667,-216.655,125.8575,-27.1865,-0.1533,-0.2638
1780080242055,2,12.00000018,Upper Delivery,Delivery,pitch.1,776672,-0.0024,0.8401,4.0985,15.3109,2.6712,0.2401,-0.0668,0.327
1780080242055,2,Pitching Mound.Delivery,,Delivery,pitch.1,774760,0.5625,19.8221,88.2651,-174.1209,128.5286,-27.1394,-0.1492,0.072
1780080242055,2,Pitching Mound.Drive,,Delivery,pitch.1,775875,0.1296,-0.0361,0.0564,0.0308,0.0237,0.0069,0.0,0.0
1780080242055,2,Pitching Mound.Parent,,Delivery,pitch.1,774016,0.6922,19.786,88.3216,-174.0901,128.5524,-27.1325,-0.1492,0.072
1780080242056,2,11.0000004b,Drive,Delivery,pitch.1,775876,0.1354,-0.0367,0.0819,0.0318,0.0213,0.0057,0.0,0.0
1780080242056,2,12.00000015,Lower Delivery,Delivery,pitch.1,775386,0.5743,19.107,84.3607,-216.6466,125.8214,-27.2048,-0.1529,-0.2632
1780080242056,2,12.00000018,Upper Delivery,Delivery,pitch.1,776673,-0.0091,0.806,4.1906,15.1416,2.5581,0.3469,-0.0626,0.327
1780080242056,2,Pitching Mound.Delivery,,Delivery,pitch.1,774761,0.5652,19.9129,88.5514,-174.2471,128.3794,-27.0562,-0.1486,0.0725
1780080242056,2,Pitching Mound.Drive,,Delivery,pitch.1,775876,0.1354,-0.0367,0.0819,0.0318,0.0213,0.0057,0.0,0.0
1780080242056,2,Pitching Mound.Parent,,Delivery,pitch.1,774017,0.7006,19.8762,88.6333,-174.2153,128.4008,-27.0505,-0.1485,0.0725
1780080242057,2,11.0000004b,Drive,Delivery,pitch.1,775877,0.145,-0.0414,0.0719,0.0296,0.0202,0.0058,0.0,0.0
1780080242057,2,12.00000015,Lower Delivery,Delivery,pitch.1,775387,0.5761,19.2236,84.4909,-216.8636,125.6925,-27.1937,-0.1525,-0.2631
1780080242057,2,12.00000018,Upper Delivery,Delivery,pitch.1,776674,-0.0127,0.7808,4.4227,14.6863,2.4921,0.4111,-0.0578,0.327
1780080242057,2,Pitching Mound.Delivery,,Delivery,pitch.1,774762,0.5633,20.0044,88.9136,-174.9541,128.1846,-26.9828,-0.1478,0.0725
1780080242057,2,Pitching Mound.Drive,,Delivery,pitch.1,775877,0.145,-0.0414,0.0719,0.0296,0.0202,0.0058,0.0,0.0
1780080242057,2,Pitching Mound.Parent,,Delivery,pitch.1,774018,0.7084,19.9629,88.9855,-174.9245,128.2048,-26.977,-0.1476,0.0724
1780080242058,2,11.0000004b,Drive,Delivery,pitch.1,775878,0.1681,-0.0474,0.1048,0.0279,0.0192,0.0065,0.0,0.0
1780080242058,2,12.00000015,Lower Delivery,Delivery,pitch.1,775388,0.5614,19.321,84.5073,-216.6139,125.5048,-27.213,-0.1522,-0.2627
1780080242058,2,12.00000018,Upper Delivery,Delivery,pitch.1,776675,0.0048,0.7357,4.3496,14.3935,2.6212,0.5865,-0.0618,0.327
1780080242058,2,Pitching Mound.Delivery,,Delivery,pitch.1,774763,0.5662,20.0568,88.8569,-174.9669,128.126,-26.8158,-0.1478,0.0729
1780080242058,2,Pitching Mound.Drive,,Delivery,pitch.1,775878,0.1681,-0.0474,0.1048,0.0279,0.0192,0.0065,0.0,0.0
1780080242058,2,Pitching Mound.Parent,,Delivery,pitch.1,774019,0.7343,20.0094,88.9617,-174.9389,128.1452,-26.8093,-0.1476,0.0728
1780080242059,2,11.0000004b,Drive,Delivery,pitch.1,775879,0.1603,-0.0456,0.0923,0.0258,0.0179,0.0075,0.0,0.0
1780080242059,2,12.00000015,Lower Delivery,Delivery,pitch.1,775389,0.5478,19.4255,84.502,-215.9754,125.2075,-27.2523,-0.1519,-0.262
1780080242059,2,12.00000018,Upper Delivery,Delivery,pitch.1,776676,-0.0435,0.7001,4.2024,14.2271,2.5117,0.6515,-0.0613,0.327
1780080242059,2,Pitching Mound.Delivery,,Delivery,pitch.1,774764,0.5043,20.1256,88.7044,-174.4464,127.7191,-26.8018,-0.1476,0.0737
1780080242059,2,Pitching Mound.Drive,,Delivery,pitch.1,775879,0.1603,-0.0456,0.0923,0.0258,0.0179,0.0075,0.0,0.0
1780080242059,2,Pitching Mound.Parent,,Delivery,pitch.1,774020,0.6646,20.08,88.7967,-174.4206,127.7371,-26.7944,-0.1474,0.0736
1780080242060,2,11.0000004b,Drive,Delivery,pitch.1,775880,0.1573,-0.0432,0.1078,0.0311,0.0205,0.0066,0.0,0.0
1780080242060,2,12.00000015,Lower Delivery,Delivery,pitch.1,775390,0.5365,19.4842,84.3262,-215.337,124.7628,-27.3325,-0.1516,-0.2617
1780080242060,2,12.00000018,Upper Delivery,Delivery,pitch.1,776677,-0.0415,0.6465,4.214,13.4369,2.4705,0.7459,-0.0601,0.3268
1780080242060,2,Pitching Mound.Delivery,,Delivery,pitch.1,774765,0.495,20.1307,88.5402,-174.6619,127.2333,-26.7831,-0.1473,0.0739
1780080242060,2,Pitching Mound.Drive,,Delivery,pitch.1,775880,0.1573,-0.0432,0.1078,0.0311,0.0205,0.0066,0.0,0.0
1780080242060,2,Pitching Mound.Parent,,Delivery,pitch.1,774021,0.6523,20.0876,88.648,-174.6308,127.2537,-26.7765,-0.1471,0.0738
1780080242061,2,11.0000004b,Drive,Delivery,pitch.1,775881,0.1697,-0.0507,0.0775,0.0367,0.0245,0.006,0.0,0.0
1780080242061,2,12.00000015,Lower Delivery,Delivery,pitch.1,775391,0.494,19.5592,84.2762,-215.3068,124.7844,-27.4257,-0.1518,-0.2619
1780080242061,2,12.00000018,Upper Delivery,Delivery,pitch.1,776678,-0.0569,0.6019,4.0209,13.4331,2.3234,0.8158,-0.0592,0.327
1780080242061,2,Pitching Mound.Delivery,,Delivery,pitch.1,774766,0.4372,20.161,88.2971,-174.5869,127.1078,-26.7972,-0.1475,0.074
1780080242061,2,Pitching Mound.Drive,,Delivery,pitch.1,775881,0.1697,-0.0507,0.0775,0.0367,0.0245,0.006,0.0,0.0
1780080242061,2,Pitching Mound.Parent,,Delivery,pitch.1,774022,0.6068,20.1104,88.3746,-174.5503,127.1323,-26.7912,-0.1474,0.0739
1780080242062,2,11.0000004b,Drive,Delivery,pitch.1,775882,0.1633,-0.0478,0.0875,0.0241,0.0167,0.008,0.0,0.0
1780080242062,2,12.00000015,Lower Delivery,Delivery,pitch.1,775392,0.4943,19.5955,84.1089,-214.4885,124.5032,-27.5122,-0.1517,-0.2614
1780080242062,2,12.00000018,Upper Delivery,Delivery,pitch.1,776679,-0.0347,0.5407,3.7436,13.1236,2.3908,0.8884,-0.0655,0.327
1780080242062,2,Pitching Mound.Delivery,,Delivery,pitch.1,774767,0.4596,20.1361,87.8525,-174.0407,126.8941,-26.8037,-0.148,0.0747
1780080242062,2,Pitching Mound.Drive,,Delivery,pitch.1,775882,0.1633,-0.0478,0.0875,0.0241,0.0167,0.008,0.0,0.0
1780080242062,2,Pitching Mound.Parent,,Delivery,pitch.1,774023,0.623,20.0884,87.94,-174.0166,126.9108,-26.7956,-0.1479,0.0746
1780080242063,2,11.0000004b,Drive,Delivery,pitch.1,775883,0.1581,-0.046,0.0708,0.0288,0.0235,0.0091,0.0,0.0
1780080242063,2,12.00000015,Lower Delivery,Delivery,pitch.1,775393,0.4638,19.6355,83.8315,-214.0646,124.3424,-27.6229,-0.152,-0.2617
1780080242063,2,12.00000018,Upper Delivery,Delivery,pitch.1,776680,-0.0274,0.487,3.3059,13.1378,2.3681,0.9374,-0.0734,0.327
1780080242063,2,Pitching Mound.Delivery,,Delivery,pitch.1,774768,0.4365,20.1224,87.1374,-173.5481,126.7105,-26.8526,-0.149,0.0748
1780080242063,2,Pitching Mound.Drive,,Delivery,pitch.1,775883,0.1581,-0.046,0.0708,0.0288,0.0235,0.0091,0.0,0.0
1780080242063,2,Pitching Mound.Parent,,Delivery,pitch.1,774024,0.5945,20.0764,87.2082,-173.5193,126.7341,-26.8435,-0.1489,0.0748
1780080242064,2,11.0000004b,Drive,Delivery,pitch.1,775884,0.1614,-0.0472,0.07,0.0186,0.0188,0.0096,0.0,0.0
1780080242064,2,12.00000015,Lower Delivery,Delivery,pitch.1,775394,0.4723,19.6762,83.6075,-213.3816,123.9972,-27.6225,-0.152,-0.2616
1780080242064,2,12.00000018,Upper Delivery,Delivery,pitch.1,776681,-0.0619,0.443,3.3519,12.6387,2.2127,0.963,-0.0677,0.327
1780080242064,2,Pitching Mound.Delivery,,Delivery,pitch.1,774769,0.4104,20.1192,86.9593,-173.4559,126.2099,-26.8411,-0.1488,0.0749
1780080242064,2,Pitching Mound.Drive,,Delivery,pitch.1,775884,0.1614,-0.0472,0.07,0.0186,0.0188,0.0096,0.0,0.0
1780080242064,2,Pitching Mound.Parent,,Delivery,pitch.1,774025,0.5718,20.072,87.0293,-173.4374,126.2287,-26.8315,-0.1486,0.0748
1780080242065,2,11.0000004b,Drive,Delivery,pitch.1,775885,0.1719,-0.0512,0.0706,0.0141,0.0146,0.0104,0.0,0.0
1780080242065,2,12.00000015,Lower Delivery,Delivery,pitch.1,775395,0.4689,19.6995,83.3832,-212.7715,123.6511,-27.6697,-0.152,-0.2615
1780080242065,2,12.00000018,Upper Delivery,Delivery,pitch.1,776682,-0.034,0.3882,3.0522,10.9255,1.778,1.0114,-0.0597,0.327
1780080242065,2,Pitching Mound.Delivery,,Delivery,pitch.1,774770,0.4349,20.0877,86.4353,-174.5334,125.4291,-26.8293,-0.1487,0.0752
1780080242065,2,Pitching Mound.Drive,,Delivery,pitch.1,775885,0.1719,-0.0512,0.0706,0.0141,0.0146,0.0104,0.0,0.0
1780080242065,2,Pitching Mound.Parent,,Delivery,pitch.1,774026,0.6068,20.0366,86.5059,-174.5193,125.4437,-26.8189,-0.1486,0.0752
1780080242066,2,11.0000004b,Drive,Delivery,pitch.1,775886,0.2107,-0.0643,0.1016,0.0115,0.0149,0.0112,0.0,0.0
1780080242066,2,12.00000015,Lower Delivery,Delivery,pitch.1,775396,0.4901,19.7445,83.2619,-212.5502,123.3574,-27.6272,-0.1519,-0.2616
1780080242066,2,12.00000018,Upper Delivery,Delivery,pitch.1,776683,-0.0211,0.3298,2.9268,9.9726,1.4113,1.0224,-0.0494,0.327
1780080242066,2,Pitching Mound.Delivery,,Delivery,pitch.1,774771,0.469,20.0742,86.1886,-175.2636,124.7687,-26.7786,-0.1484,0.0753
1780080242066,2,Pitching Mound.Drive,,Delivery,pitch.1,775886,0.2107,-0.0643,0.1016,0.0115,0.0149,0.0112,0.0,0.0
1780080242066,2,Pitching Mound.Parent,,Delivery,pitch.1,774027,0.6797,20.0099,86.2902,-175.2521,124.7836,-26.7675,-0.1482,0.0752
1780080242067,2,11.0000004b,Drive,Delivery,pitch.1,775887,0.2134,-0.0657,0.0964,0.0073,0.0122,0.0111,0.0,0.0
1780080242067,2,12.00000015,Lower Delivery,Delivery,pitch.1,775397,0.5082,19.7629,82.9485,-212.2907,122.9376,-27.6145,-0.1519,-0.2623
1780080242067,2,12.00000018,Upper Delivery,Delivery,pitch.1,776684,-0.0211,0.286,2.5406,9.0018,1.1491,0.9956,-0.0464,0.327
1780080242067,2,Pitching Mound.Delivery,,Delivery,pitch.1,774772,0.4871,20.0489,85.489,-175.9502,124.0867,-26.7989,-0.1488,0.075
1780080242067,2,Pitching Mound.Drive,,Delivery,pitch.1,775887,0.2134,-0.0657,0.0964,0.0073,0.0122,0.0111,0.0,0.0
1780080242067,2,Pitching Mound.Parent,,Delivery,pitch.1,774028,0.7005,19.9832,85.5854,-175.9429,124.0989,-26.7879,-0.1486,0.0749
1780080242068,2,11.0000004b,Drive,Delivery,pitch.1,775888,0.2198,-0.0679,0.1031,0.0087,0.0113,0.0102,0.0,0.0
1780080242068,2,12.00000015,Lower Delivery,Delivery,pitch.1,775398,0.5289,19.8122,82.939,-211.9971,122.7701,-27.637,-0.1517,-0.262
1780080242068,2,12.00000018,Upper Delivery,Delivery,pitch.1,776685,-0.0202,0.2296,2.3795,8.4221,1.2015,0.9846,-0.0518,0.327
1780080242068,2,Pitching Mound.Delivery,,Delivery,pitch.1,774773,0.5087,20.0418,85.3185,-176.1847,123.9716,-26.8391,-0.1489,0.0755
1780080242068,2,Pitching Mound.Drive,,Delivery,pitch.1,775888,0.2198,-0.0679,0.1031,0.0087,0.0113,0.0102,0.0,0.0
1780080242068,2,Pitching Mound.Parent,,Delivery,pitch.1,774029,0.7285,19.9739,85.4216,-176.1761,123.9829,-26.8289,-0.1488,0.0754
1780080242069,2,11.0000004b,Drive,Delivery,pitch.1,775889,0.2279,-0.0708,0.1057,0.0125,0.0145,0.0097,0.0,0.0
1780080242069,2,12.00000015,Lower Delivery,Delivery,pitch.1,775399,0.5217,19.8687,82.9259,-211.6732,122.3574,-27.5612,-0.1512,-0.2616
1780080242069,2,12.00000018,Upper Delivery,Delivery,pitch.1,776686,0.0119,0.1652,2.2385,7.8669,0.9176,0.9415,0.0,0.0
1780080242069,2,Pitching Mound.Delivery,,Delivery,pitch.1,774774,0.5336,20.0339,85.1644,-176.3726,123.2749,-26.7931,-0.1473,0.0674
1780080242069,2,Pitching Mound.Drive,,Delivery,pitch.1,775889,0.2279,-0.0708,0.1057,0.0125,0.0145,0.0097,0.0,0.0
1780080242069,2,Pitching Mound.Parent,,Delivery,pitch.1,774030,0.7615,19.9631,85.2701,-176.3601,123.2894,-26.7834,-0.1471,0.0673
1780080242070,2,11.0000004b,Drive,Delivery,pitch.1,775890,0.2316,-0.0724,0.1003,0.0303,0.0254,0.0071,0.0,0.0
1780080242070,2,12.00000015,Lower Delivery,Delivery,pitch.1,775400,0.5574,19.8978,82.8533,-211.4453,122.1432,-27.5684,-0.1511,-0.2616
1780080242070,2,12.00000018,Upper Delivery,Delivery,pitch.1,776687,0.0201,0.1254,2.0633,6.8863,0.6714,0.8845,0.0,0.0
1780080242070,2,Pitching Mound.Delivery,,Delivery,pitch.1,774775,0.5775,20.0232,84.9166,-177.0903,122.8146,-26.8665,-0.1474,0.0683
1780080242070,2,Pitching Mound.Drive,,Delivery,pitch.1,775890,0.2316,-0.0724,0.1003,0.0303,0.0254,0.0071,0.0,0.0
1780080242070,2,Pitching Mound.Parent,,Delivery,pitch.1,774031,0.8091,19.9509,85.0169,-177.06,122.84,-26.8594,-0.1473,0.0682
1780080242071,2,11.0000004b,Drive,Delivery,pitch.1,775891,0.2273,-0.071,0.0918,0.0363,0.029,0.007,0.0,0.0
1780080242071,2,12.00000015,Lower Delivery,Delivery,pitch.1,775401,0.5584,19.9558,82.5086,-210.9416,121.6456,-27.515,-0.1511,-0.262
1780080242071,2,12.00000018,Upper Delivery,Delivery,pitch.1,776688,0.0181,0.059,1.9472,6.5181,0.4261,0.8538,0.0,0.0
1780080242071,2,Pitching Mound.Delivery,,Delivery,pitch.1,774776,0.5766,20.0148,84.4559,-177.0326,122.0717,-26.8449,-0.1476,0.0683
1780080242071,2,Pitching Mound.Drive,,Delivery,pitch.1,775891,0.2273,-0.071,0.0918,0.0363,0.029,0.007,0.0,0.0
1780080242071,2,Pitching Mound.Parent,,Delivery,pitch.1,774032,0.8039,19.9438,84.5477,-176.9963,122.1007,-26.8379,-0.1475,0.0683
1780080242072,2,11.0000004b,Drive,Delivery,pitch.1,775892,0.2399,-0.0754,0.1005,0.0521,0.0324,0.004,0.0,0.0
1780080242072,2,12.00000015,Lower Delivery,Delivery,pitch.1,775402,0.5739,19.9686,82.2009,-209.9044,120.9649,-27.4891,-0.1508,-0.2617
1780080242072,2,12.00000018,Upper Delivery,Delivery,pitch.1,776689,0.0464,0.0009,1.7834,5.4377,0.3386,0.8343,0.0,0.0
1780080242072,2,Pitching Mound.Delivery,,Delivery,pitch.1,774777,0.6203,19.9695,83.9842,-177.1248,121.3034,-26.8341,-0.1476,0.0694
1780080242072,2,Pitching Mound.Drive,,Delivery,pitch.1,775892,0.2399,-0.0754,0.1005,0.0521,0.0324,0.004,0.0,0.0
1780080242072,2,Pitching Mound.Parent,,Delivery,pitch.1,774033,0.8602,19.8941,84.0847,-177.0727,121.3359,-26.83,-0.1475,0.0693
1780080242073,2,11.0000004b,Drive,Delivery,pitch.1,775893,0.2361,-0.0743,0.096,0.065,-0.0092,0.0025,0.0,0.0
1780080242073,2,12.00000015,Lower Delivery,Delivery,pitch.1,775403,0.5648,19.9992,81.9299,-209.2228,120.3944,-27.4267,-0.1506,-0.2617
1780080242073,2,12.00000018,Upper Delivery,Delivery,pitch.1,776690,0.0542,-0.0474,1.6073,4.171,0.107,0.7437,0.0,0.0
1780080242073,2,Pitching Mound.Delivery,,Delivery,pitch.1,774778,0.6189,19.9518,83.5372,-177.7422,120.5014,-26.8567,-0.1477,0.0702
1780080242073,2,Pitching Mound.Drive,,Delivery,pitch.1,775893,0.2361,-0.0743,0.096,0.065,-0.0092,0.0025,0.0,0.0
1780080242073,2,Pitching Mound.Parent,,Delivery,pitch.1,774034,0.8551,19.8776,83.6333,-177.6772,120.4921,-26.8542,-0.1475,0.0701
1780080242074,2,11.0000004b,Drive,Delivery,pitch.1,775894,0.2267,-0.0711,0.0844,0.0802,-0.0444,0.0011,0.0,0.0
1780080242074,2,12.00000015,Lower Delivery,Delivery,pitch.1,775404,0.5701,20.0242,81.699,-208.7957,120.0328,-27.4498,-0.1506,-0.2619
1780080242074,2,12.00000018,Upper Delivery,Delivery,pitch.1,776691,0.0423,-0.0899,1.5059,3.246,0.0479,0.7155,0.0,0.0
1780080242074,2,Pitching Mound.Delivery,,Delivery,pitch.1,774779,0.6124,19.9343,83.2049,-178.2841,120.0806,-26.9137,-0.1479,0.0705
1780080242074,2,Pitching Mound.Drive,,Delivery,pitch.1,775894,0.2267,-0.0711,0.0844,0.0802,-0.0444,0.0011,0.0,0.0
1780080242074,2,Pitching Mound.Parent,,Delivery,pitch.1,774035,0.8391,19.8632,83.2894,-178.2039,120.0363,-26.9126,-0.1477,0.0704
1780080242075,2,11.0000004b,Drive,Delivery,pitch.1,775895,0.2381,-0.0751,0.0972,0.0675,0.0106,0.0008,0.0,0.0
1780080242075,2,12.00000015,Lower Delivery,Delivery,pitch.1,775405,0.5805,20.0559,81.4223,-208.1273,119.4416,-27.4791,-0.1504,-0.262
1780080242075,2,12.00000018,Upper Delivery,Delivery,pitch.1,776692,0.0251,-0.1165,1.5347,2.9475,-0.0907,0.7064,0.0,0.0
1780080242075,2,Pitching Mound.Delivery,,Delivery,pitch.1,774780,0.6056,19.9394,82.957,-178.0181,119.3509,-26.9616,-0.1476,0.0703
1780080242075,2,Pitching Mound.Drive,,Delivery,pitch.1,775895,0.2381,-0.0751,0.0972,0.0675,0.0106,0.0008,0.0,0.0
1780080242075,2,Pitching Mound.Parent,,Delivery,pitch.1,774036,0.8437,19.8642,83.0542,-177.9506,119.3615,-26.9608,-0.1474,0.0702
1780080242076,2,11.0000004b,Drive,Delivery,pitch.1,775896,0.2253,-0.0707,0.0907,0.0701,-0.0096,0.0003,0.0,0.0
1780080242076,2,12.00000015,Lower Delivery,Delivery,pitch.1,775406,0.5911,20.0594,81.0447,-206.7077,118.6349,-27.526,-0.15,-0.2614
1780080242076,2,12.00000018,Upper Delivery,Delivery,pitch.1,776693,0.0499,-0.1608,1.3703,2.7815,-0.116,0.6958,0.0,0.0
1780080242076,2,Pitching Mound.Delivery,,Delivery,pitch.1,774781,0.641,19.8986,82.4151,-176.8369,118.5189,-27.0141,-0.1475,0.0716
1780080242076,2,Pitching Mound.Drive,,Delivery,pitch.1,775896,0.2253,-0.0707,0.0907,0.0701,-0.0096,0.0003,0.0,0.0
1780080242076,2,Pitching Mound.Parent,,Delivery,pitch.1,774037,0.8663,19.8278,82.5057,-176.7668,118.5092,-27.0138,-0.1474,0.0715
1780080242077,2,11.0000004b,Drive,Delivery,pitch.1,775897,0.219,-0.0686,0.088,0.0594,0.0406,0.0022,0.0,0.0
1780080242077,2,12.00000015,Lower Delivery,Delivery,pitch.1,775407,0.5773,20.1043,81.1525,-208.228,119.3032,-27.4913,-0.1507,-0.263
1780080242077,2,12.00000018,Upper Delivery,Delivery,pitch.1,776694,0.0319,-0.2013,1.3821,2.5285,-0.3377,0.7031,0.0,0.0
1780080242077,2,Pitching Mound.Delivery,,Delivery,pitch.1,774782,0.6092,19.903,82.5346,-178.5775,118.9655,-26.9736,-0.1482,0.07
1780080242077,2,Pitching Mound.Drive,,Delivery,pitch.1,775897,0.219,-0.0686,0.088,0.0594,0.0406,0.0022,0.0,0.0
1780080242077,2,Pitching Mound.Parent,,Delivery,pitch.1,774038,0.8282,19.8344,82.6226,-178.5182,119.006,-26.9714,-0.148,0.07
1780080242078,2,11.0000004b,Drive,Delivery,pitch.1,775898,0.2259,-0.0708,0.0959,0.0539,0.0365,0.0029,0.0,0.0
1780080242078,2,12.00000015,Lower Delivery,Delivery,pitch.1,775408,0.5776,20.1223,80.6817,-206.335,118.3858,-27.5268,-0.1504,-0.2621
1780080242078,2,12.00000018,Upper Delivery,Delivery,pitch.1,776695,0.0375,-0.2558,1.2607,2.2802,-0.3143,0.6717,0.0,0.0
1780080242078,2,Pitching Mound.Delivery,,Delivery,pitch.1,774783,0.615,19.8664,81.9423,-177.0516,118.0715,-27.0386,-0.1481,0.0715
1780080242078,2,Pitching Mound.Drive,,Delivery,pitch.1,775898,0.2259,-0.0708,0.0959,0.0539,0.0365,0.0029,0.0,0.0
1780080242078,2,Pitching Mound.Parent,,Delivery,pitch.1,774039,0.8409,19.7956,82.0382,-176.9978,118.108,-27.0357,-0.1479,0.0714
1780080242079,2,11.0000004b,Drive,Delivery,pitch.1,775899,0.2315,-0.0694,0.1299,0.0552,0.0278,0.0049,0.0,0.0
1780080242079,2,12.00000015,Lower Delivery,Delivery,pitch.1,775409,0.5793,20.1466,80.4445,-205.1196,117.8158,-27.435,-0.1501,-0.2613
1780080242079,2,12.00000018,Upper Delivery,Delivery,pitch.1,776696,0.0257,-0.2977,1.166,1.8889,-0.3619,0.6959,0.0,0.0
1780080242079,2,Pitching Mound.Delivery,,Delivery,pitch.1,774784,0.605,19.8489,81.6105,-176.276,117.4539,-26.9273,-0.148,0.0727
1780080242079,2,Pitching Mound.Drive,,Delivery,pitch.1,775899,0.2315,-0.0694,0.1299,0.0552,0.0278,0.0049,0.0,0.0
1780080242079,2,Pitching Mound.Parent,,Delivery,pitch.1,774040,0.8365,19.7795,81.7404,-176.2208,117.4817,-26.9224,-0.1477,0.0726
1780080242080,2,11.0000004b,Drive,Delivery,pitch.1,775900,0.211,-0.0649,0.0962,0.0501,0.0383,0.0052,0.0,0.0
1780080242080,2,12.00000015,Lower Delivery,Delivery,pitch.1,775410,0.6109,20.156,80.1497,-204.0736,117.1655,-27.3633,-0.1498,-0.261
1780080242080,2,12.00000018,Upper Delivery,Delivery,pitch.1,776697,0.0571,-0.3394,0.9612,0.9338,-0.3702,0.6085,0.0,0.0
1780080242080,2,Pitching Mound.Delivery,,Delivery,pitch.1,774785,0.668,19.8166,81.111,-176.2156,116.7953,-26.9431,-0.1481,0.0741
1780080242080,2,Pitching Mound.Drive,,Delivery,pitch.1,775900,0.211,-0.0649,0.0962,0.0501,0.0383,0.0052,0.0,0.0
1780080242080,2,Pitching Mound.Parent,,Delivery,pitch.1,774041,0.879,19.7517,81.2072,-176.1655,116.8336,-26.9379,-0.1479,0.074
1780080242081,2,11.0000004b,Drive,Delivery,pitch.1,775901,0.2201,-0.0686,0.0963,0.0446,0.0358,0.0059,0.0,0.0
1780080242081,2,12.00000015,Lower Delivery,Delivery,pitch.1,775411,0.611,20.1764,80.0329,-203.8113,116.93,-27.2807,-0.1497,-0.261
1780080242081,2,12.00000018,Upper Delivery,Delivery,pitch.1,776698,0.0958,-0.3858,0.8396,0.0035,-0.0832,0.5645,0.0,0.0
1780080242081,2,Pitching Mound.Delivery,,Delivery,pitch.1,774786,0.7068,19.7906,80.8725,-176.8821,116.8468,-26.8913,-0.1482,0.0746
1780080242081,2,Pitching Mound.Drive,,Delivery,pitch.1,775901,0.2201,-0.0686,0.0963,0.0446,0.0358,0.0059,0.0,0.0
1780080242081,2,Pitching Mound.Parent,,Delivery,pitch.1,774042,0.9269,19.722,80.9689,-176.8374,116.8826,-26.8855,-0.148,0.0745
1780080242082,2,11.0000004b,Drive,Delivery,pitch.1,775902,0.226,-0.07,0.1037,0.0417,0.0334,0.006,0.0,0.0
1780080242082,2,12.00000015,Lower Delivery,Delivery,pitch.1,775412,0.6104,20.2173,79.9572,-203.6655,116.5538,-27.2008,-0.1494,-0.2611
1780080242082,2,12.00000018,Upper Delivery,Delivery,pitch.1,776699,0.117,-0.4152,0.7237,-0.1335,-0.0041,0.5584,0.0,0.0
1780080242082,2,Pitching Mound.Delivery,,Delivery,pitch.1,774787,0.7274,19.8021,80.6809,-176.8596,116.5498,-26.8101,-0.1481,0.0752
1780080242082,2,Pitching Mound.Drive,,Delivery,pitch.1,775902,0.226,-0.07,0.1037,0.0417,0.0334,0.006,0.0,0.0
1780080242082,2,Pitching Mound.Parent,,Delivery,pitch.1,774043,0.9534,19.7321,80.7846,-176.8179,116.5832,-26.8042,-0.1479,0.0751
1780080242083,2,11.0000004b,Drive,Delivery,pitch.1,775903,0.2105,-0.0647,0.0973,0.0253,0.0246,0.0086,0.0,0.0
1780080242083,2,12.00000015,Lower Delivery,Delivery,pitch.1,775413,0.6016,20.2267,79.7711,-203.5512,116.3133,-27.0807,-0.1494,-0.2615
1780080242083,2,12.00000018,Upper Delivery,Delivery,pitch.1,776700,0.1474,-0.4056,0.5426,-0.1279,-0.0074,0.4392,0.0,0.0
1780080242083,2,Pitching Mound.Delivery,,Delivery,pitch.1,774788,0.749,19.8211,80.3137,-176.7414,116.306,-26.7959,-0.1484,0.0756
1780080242083,2,Pitching Mound.Drive,,Delivery,pitch.1,775903,0.2105,-0.0647,0.0973,0.0253,0.0246,0.0086,0.0,0.0
1780080242083,2,Pitching Mound.Parent,,Delivery,pitch.1,774044,0.9596,19.7564,80.411,-176.716,116.3306,-26.7873,-0.1483,0.0755
1780080242084,2,11.0000004b,Drive,Delivery,pitch.1,775904,0.2244,-0.0699,0.099,0.033,0.0292,0.008,0.0,0.0
1780080242084,2,12.00000015,Lower Delivery,Delivery,pitch.1,775414,0.6031,20.2575,79.5066,-201.8947,115.527,-26.9929,-0.1489,-0.2603
1780080242084,2,12.00000018,Upper Delivery,Delivery,pitch.1,776701,0.1533,-0.4204,0.4991,-0.1365,-0.0023,0.536,0.0,0.0
1780080242084,2,Pitching Mound.Delivery,,Delivery,pitch.1,774789,0.7564,19.8371,80.0057,-175.1687,115.5247,-26.6098,-0.148,0.0771
1780080242084,2,Pitching Mound.Drive,,Delivery,pitch.1,775904,0.2244,-0.0699,0.099,0.033,0.0292,0.008,0.0,0.0
1780080242084,2,Pitching Mound.Parent,,Delivery,pitch.1,774045,0.9808,19.7671,80.1048,-175.1357,115.5539,-26.6018,-0.1478,0.077
1780080242085,2,11.0000004b,Drive,Delivery,pitch.1,775905,0.2143,-0.0663,0.0948,0.0373,0.0333,0.0086,0.0,0.0
1780080242085,2,12.00000015,Lower Delivery,Delivery,pitch.1,775415,0.6143,20.2649,79.1997,-200.5946,115.033,-26.8738,-0.1489,-0.2596
1780080242085,2,12.00000018,Upper Delivery,Delivery,pitch.1,776702,0.1864,-0.4064,0.4334,-0.1414,0.0005,0.59,0.0,0.0
1780080242085,2,Pitching Mound.Delivery,,Delivery,pitch.1,774790,0.8007,19.8585,79.6331,-173.9555,115.0335,-26.4293,-0.1481,0.0781
1780080242085,2,Pitching Mound.Drive,,Delivery,pitch.1,775905,0.2143,-0.0663,0.0948,0.0373,0.0333,0.0086,0.0,0.0
1780080242085,2,Pitching Mound.Parent,,Delivery,pitch.1,774046,1.015,19.7922,79.7279,-173.9182,115.0668,-26.4207,-0.1479,0.078
1780080242086,2,11.0000004b,Drive,Delivery,pitch.1,775906,0.2251,-0.0705,0.0918,0.041,0.0377,0.0074,0.0,0.0
1780080242086,2,12.00000015,Lower Delivery,Delivery,pitch.1,775416,0.6113,20.2784,79.0422,-199.813,114.6906,-26.855,-0.1487,-0.2591
1780080242086,2,12.00000018,Upper Delivery,Delivery,pitch.1,776703,0.2252,-0.4198,0.4109,-0.1389,-0.0009,0.5628,0.0,0.0
1780080242086,2,Pitching Mound.Delivery,,Delivery,pitch.1,774791,0.8365,19.8586,79.453,-173.2173,114.6897,-26.4235,-0.148,0.0787
1780080242086,2,Pitching Mound.Drive,,Delivery,pitch.1,775906,0.2251,-0.0705,0.0918,0.041,0.0377,0.0074,0.0,0.0
1780080242086,2,Pitching Mound.Parent,,Delivery,pitch.1,774047,1.0616,19.7881,79.5448,-173.1763,114.7274,-26.4161,-0.1478,0.0786
1780080242087,2,11.0000004b,Drive,Delivery,pitch.1,775907,0.2069,-0.064,0.0853,0.0262,0.0279,0.009,0.0,0.0
1780080242087,2,12.00000015,Lower Delivery,Delivery,pitch.1,775417,0.6196,20.2693,78.7471,-198.8953,114.0777,-26.7447,-0.1485,-0.2589
1780080242087,2,12.00000018,Upper Delivery,Delivery,pitch.1,776704,0.2379,-0.4249,0.3895,-0.1448,0.0025,0.6279,0.0,0.0
1780080242087,2,Pitching Mound.Delivery,,Delivery,pitch.1,774792,0.8575,19.8444,79.1367,-172.3985,114.0802,-26.2466,-0.1477,0.0791
1780080242087,2,Pitching Mound.Drive,,Delivery,pitch.1,775907,0.2069,-0.064,0.0853,0.0262,0.0279,0.009,0.0,0.0
1780080242087,2,Pitching Mound.Parent,,Delivery,pitch.1,774048,1.0644,19.7804,79.222,-172.3723,114.1082,-26.2376,-0.1476,0.079
1780080242088,2,11.0000004b,Drive,Delivery,pitch.1,775908,0.2348,-0.0741,0.0882,0.0313,0.0316,0.007,0.0,0.0
1780080242088,2,12.00000015,Lower Delivery,Delivery,pitch.1,775418,0.6485,20.2546,78.2329,-196.2311,112.8335,-26.6554,-0.1478,-0.2571
1780080242088,2,12.00000018,Upper Delivery,Delivery,pitch.1,776705,0.2634,-0.4197,0.3027,-0.1426,0.0012,0.6034,0.0,0.0
1780080242088,2,Pitching Mound.Delivery,,Delivery,pitch.1,774793,0.9119,19.8349,78.5356,-169.8774,112.8348,-26.1829,-0.1473,0.0813
1780080242088,2,Pitching Mound.Drive,,Delivery,pitch.1,775908,0.2348,-0.0741,0.0882,0.0313,0.0316,0.007,0.0,0.0
1780080242088,2,Pitching Mound.Parent,,Delivery,pitch.1,774049,1.1467,19.7608,78.6238,-169.8461,112.8664,-26.1759,-0.1471,0.0812
1780080242089,2,11.0000004b,Drive,Delivery,pitch.1,775909,0.233,-0.0733,0.0869,0.0205,0.0235,0.0079,0.0,0.0
1780080242089,2,12.00000015,Lower Delivery,Delivery,pitch.1,775419,0.6586,20.2497,77.9119,-195.4813,112.6496,-26.5665,-0.1482,-0.2572
1780080242089,2,12.00000015,Lower Delivery,Delivery,pitch.1,775420,0.6793,20.2087,77.3707,-193.4051,111.6816,-26.4525,-0.1479,-0.2562
1780080242089,2,12.00000018,Upper Delivery,Delivery,pitch.1,776706,0.2605,-0.4229,0.293,-0.1458,0.0031,0.6391,0.0,0.0
1780080242089,2,Pitching Mound.Delivery,,Delivery,pitch.1,774794,0.9191,19.8268,78.2048,-169.2367,112.6527,-26.0627,-0.1476,0.0813
1780080242089,2,Pitching Mound.Drive,,Delivery,pitch.1,775909,0.233,-0.0733,0.0869,0.0205,0.0235,0.0079,0.0,0.0
1780080242089,2,Pitching Mound.Parent,,Delivery,pitch.1,774050,1.1521,19.7534,78.2917,-169.2162,112.6762,-26.0548,-0.1475,0.0812
1780080242090,2,11.0000004b,Drive,Delivery,pitch.1,775910,0.2411,-0.0762,0.0913,0.0211,0.0233,0.0078,0.0,0.0
1780080242090,2,12.00000015,Lower Delivery,Delivery,pitch.1,775421,0.685,20.2055,77.1272,-192.5424,111.1222,-26.3149,-0.1477,-0.2559
1780080242090,2,12.00000018,Upper Delivery,Delivery,pitch.1,776707,0.2955,-0.4326,0.2125,-0.1402,-0.0002,0.5767,0.0,0.0
1780080242090,2,Pitching Mound.Delivery,,Delivery,pitch.1,774795,0.9748,19.7761,77.5832,-167.3115,111.6814,-26.0063,-0.1475,0.0826
1780080242090,2,Pitching Mound.Drive,,Delivery,pitch.1,775910,0.2411,-0.0762,0.0913,0.0211,0.0233,0.0078,0.0,0.0
1780080242090,2,Pitching Mound.Parent,,Delivery,pitch.1,774051,1.216,19.6999,77.6744,-167.2904,111.7048,-25.9985,-0.1474,0.0825
1780080242091,2,11.0000004b,Drive,Delivery,pitch.1,775911,0.2616,-0.0834,0.1007,0.0283,0.0297,0.0064,0.0,0.0
1780080242091,2,12.00000018,Upper Delivery,Delivery,pitch.1,776708,0.3113,-0.448,0.2658,-0.1446,0.0024,0.626,0.0,0.0
1780080242091,2,Pitching Mound.Delivery,,Delivery,pitch.1,774796,0.9963,19.7575,77.393,-166.5541,111.1246,-25.816,-0.1472,0.0827
1780080242091,2,Pitching Mound.Drive,,Delivery,pitch.1,775911,0.2616,-0.0834,0.1007,0.0283,0.0297,0.0064,0.0,0.0
1780080242091,2,Pitching Mound.Parent,,Delivery,pitch.1,774052,1.2579,19.6741,77.4937,-166.5258,111.1543,-25.8096,-0.147,0.0826
1780080242092,2,11.0000004b,Drive,Delivery,pitch.1,775912,0.265,-0.0843,0.103,0.0443,0.0322,0.0048,0.0,0.0
1780080242092,2,12.00000015,Lower Delivery,Delivery,pitch.1,775422,0.693,20.1244,76.3402,-189.7497,110.0506,-26.2028,-0.1478,-0.2548
1780080242092,2,12.00000018,Upper Delivery,Delivery,pitch.1,776709,0.3026,-0.4705,0.3034,-0.1469,0.0038,0.652,0.0,0.0
1780080242092,2,Pitching Mound.Delivery,,Delivery,pitch.1,774797,0.9957,19.6539,76.6436,-164.0441,110.0544,-25.6835,-0.1472,0.0836
1780080242092,2,Pitching Mound.Drive,,Delivery,pitch.1,775912,0.265,-0.0843,0.103,0.0443,0.0322,0.0048,0.0,0.0
1780080242092,2,Pitching Mound.Parent,,Delivery,pitch.1,774053,1.2607,19.5696,76.7466,-163.9998,110.0866,-25.6788,-0.147,0.0834
1780080242093,2,11.0000004b,Drive,Delivery,pitch.1,775913,0.2521,-0.0797,0.0968,0.0554,0.0117,0.0036,0.0,0.0
1780080242093,2,12.00000015,Lower Delivery,Delivery,pitch.1,775423,0.7088,20.078,75.8059,-188.3192,109.3652,-25.9995,-0.1479,-0.2546
1780080242093,2,12.00000018,Upper Delivery,Delivery,pitch.1,776710,0.2999,-0.4723,0.3394,-0.1468,0.0037,0.6509,0.0,0.0
1780080242093,2,Pitching Mound.Delivery,,Delivery,pitch.1,774798,1.0087,19.6057,76.1453,-162.8074,109.369,-25.4876,-0.1472,0.0835
1780080242093,2,Pitching Mound.Drive,,Delivery,pitch.1,775913,0.2521,-0.0797,0.0968,0.0554,0.0117,0.0036,0.0,0.0
1780080242093,2,Pitching Mound.Parent,,Delivery,pitch.1,774054,1.2609,19.526,76.2421,-162.7521,109.3806,-25.484,-0.147,0.0834
1780080242094,2,11.0000004b,Drive,Delivery,pitch.1,775914,0.2817,-0.0903,0.1054,0.0701,-0.0284,0.0018,0.0,0.0
1780080242094,2,12.00000015,Lower Delivery,Delivery,pitch.1,775424,0.7267,20.034,75.5026,-187.7007,108.536,-25.8999,-0.1473,-0.2548
1780080242094,2,12.00000018,Upper Delivery,Delivery,pitch.1,776711,0.3097,-0.4681,0.3622,-0.1466,0.0035,0.6478,0.0,0.0
1780080242094,2,Pitching Mound.Delivery,,Delivery,pitch.1,774799,1.0363,19.5659,75.8648,-162.2995,108.5396,-25.3939,-0.1466,0.0832
1780080242094,2,Pitching Mound.Drive,,Delivery,pitch.1,775914,0.2817,-0.0903,0.1054,0.0701,-0.0284,0.0018,0.0,0.0
1780080242094,2,Pitching Mound.Parent,,Delivery,pitch.1,774055,1.3181,19.4756,75.9702,-162.2294,108.5112,-25.3921,-0.1464,0.0831
1780080242095,2,11.0000004b,Drive,Delivery,pitch.1,775915,0.2626,-0.0834,0.0982,0.0812,-0.1093,0.0011,0.0,0.0
1780080242095,2,12.00000015,Lower Delivery,Delivery,pitch.1,775425,0.7342,19.9661,74.9542,-186.1464,107.8474,-25.7794,-0.1475,-0.2545
1780080242095,2,12.00000018,Upper Delivery,Delivery,pitch.1,776712,0.337,-0.4567,0.2293,-0.1436,0.0018,0.6144,0.0,0.0
1780080242095,2,Pitching Mound.Delivery,,Delivery,pitch.1,774800,1.0712,19.5094,75.1835,-160.8835,107.8492,-25.3,-0.147,0.0842
1780080242095,2,Pitching Mound.Drive,,Delivery,pitch.1,775915,0.2626,-0.0834,0.0982,0.0812,-0.1093,0.0011,0.0,0.0
1780080242095,2,Pitching Mound.Parent,,Delivery,pitch.1,774056,1.3338,19.426,75.2817,-160.8024,107.7399,-25.2989,-0.1468,0.084
1780080242096,2,11.0000004b,Drive,Delivery,pitch.1,775916,0.2399,-0.0753,0.0903,0.0931,-0.1938,0.0008,0.0,0.0
1780080242096,2,12.00000015,Lower Delivery,Delivery,pitch.1,775426,0.7197,19.8931,74.5187,-184.8834,106.7077,-25.6499,-0.1468,-0.2543
1780080242096,2,12.00000015,Lower Delivery,Delivery,pitch.1,775427,0.7243,19.8261,73.8852,-183.029,105.711,-25.4204,-0.1466,-0.2539
1780080242096,2,12.00000018,Upper Delivery,Delivery,pitch.1,776713,0.3649,-0.4652,0.3007,-0.1392,-0.0008,0.5652,0.0,0.0
1780080242096,2,Pitching Mound.Delivery,,Delivery,pitch.1,774801,1.0846,19.4279,74.8194,-159.7884,106.7069,-25.2053,-0.1462,0.084
1780080242096,2,Pitching Mound.Drive,,Delivery,pitch.1,775916,0.2399,-0.0753,0.0903,0.0931,-0.1938,0.0008,0.0,0.0
1780080242096,2,Pitching Mound.Parent,,Delivery,pitch.1,774057,1.3245,19.3526,74.9098,-159.6953,106.5132,-25.2045,-0.146,0.0839
1780080242097,2,11.0000004b,Drive,Delivery,pitch.1,775917,0.2507,-0.079,0.0994,0.091,-0.1821,0.0003,0.0,0.0
1780080242097,2,12.00000015,Lower Delivery,Delivery,pitch.1,775428,0.7487,19.7605,73.3163,-181.1997,105.0155,-25.2376,-0.1468,-0.2533
1780080242097,2,12.00000018,Upper Delivery,Delivery,pitch.1,776714,0.3255,-0.4735,0.4163,-0.1373,-0.0018,0.5446,0.0,0.0
1780080242097,2,Pitching Mound.Delivery,,Delivery,pitch.1,774802,1.0498,19.3527,74.3015,-158.1869,105.7091,-25.0114,-0.1458,0.0837
1780080242097,2,Pitching Mound.Drive,,Delivery,pitch.1,775917,0.2507,-0.079,0.0994,0.091,-0.1821,0.0003,0.0,0.0
1780080242097,2,Pitching Mound.Parent,,Delivery,pitch.1,774058,1.3005,19.2737,74.4009,-158.0959,105.527,-25.0111,-0.1456,0.0836
1780080242098,2,11.0000004b,Drive,Delivery,pitch.1,775918,0.2474,-0.0776,0.0983,0.1029,-0.258,0.0011,0.0,0.0
1780080242098,2,12.00000015,Lower Delivery,Delivery,pitch.1,775429,0.7473,19.6838,72.5384,-178.8727,103.4314,-25.0666,-0.1461,-0.2527
1780080242098,2,12.00000018,Upper Delivery,Delivery,pitch.1,776715,0.4,-0.4688,0.3635,-0.1293,-0.0065,0.4556,0.0,0.0
1780080242098,2,Pitching Mound.Delivery,,Delivery,pitch.1,774803,1.1487,19.2917,73.6798,-156.525,105.009,-24.9006,-0.1461,0.0846
1780080242098,2,Pitching Mound.Drive,,Delivery,pitch.1,775918,0.2474,-0.0776,0.0983,0.1029,-0.258,0.0011,0.0,0.0
1780080242098,2,Pitching Mound.Parent,,Delivery,pitch.1,774059,1.3962,19.214,73.7781,-156.4221,104.751,-24.8995,-0.1459,0.0845
1780080242099,2,11.0000004b,Drive,Delivery,pitch.1,775919,0.2658,-0.0846,0.1004,0.0961,-0.2315,0.0018,0.0,0.0
1780080242099,2,12.00000015,Lower Delivery,Delivery,pitch.1,775430,0.7743,19.5832,72.09,-178.0884,102.4977,-24.9591,-0.1457,-0.2532
1780080242099,2,12.00000018,Upper Delivery,Delivery,pitch.1,776716,0.4021,-0.4768,0.3803,-0.1269,-0.0079,0.428,0.0,0.0
1780080242099,2,Pitching Mound.Delivery,,Delivery,pitch.1,774804,1.1494,19.207,72.9188,-154.4658,103.4234,-24.7559,-0.1454,0.085
1780080242099,2,Pitching Mound.Drive,,Delivery,pitch.1,775919,0.2658,-0.0846,0.1004,0.0961,-0.2315,0.0018,0.0,0.0
1780080242099,2,Pitching Mound.Parent,,Delivery,pitch.1,774060,1.4152,19.1224,73.0192,-154.3696,103.192,-24.7541,-0.1452,0.0849
1780080242100,2,11.0000004b,Drive,Delivery,pitch.1,775920,0.2704,-0.0863,0.097,0.1069,-0.298,0.0025,0.0,0.0
1780080242100,2,12.00000015,Lower Delivery,Delivery,pitch.1,775431,0.7775,19.5466,71.6825,-177.4361,101.6273,-24.6623,-0.1453,-0.2537
1780080242100,2,12.00000018,Upper Delivery,Delivery,pitch.1,776717,0.4234,-0.4975,0.4705,-0.1291,-0.0066,0.4536,0.0,0.0
1780080242100,2,Pitching Mound.Delivery,,Delivery,pitch.1,774805,1.1977,19.0857,72.5605,-153.8669,102.4911,-24.6249,-0.1448,0.084
1780080242100,2,Pitching Mound.Drive,,Delivery,pitch.1,775920,0.2704,-0.0863,0.097,0.1069,-0.298,0.0025,0.0,0.0
1780080242100,2,Pitching Mound.Parent,,Delivery,pitch.1,774061,1.4681,18.9994,72.6575,-153.76,102.1931,-24.6224,-0.1446,0.0839
1780080242101,2,11.0000004b,Drive,Delivery,pitch.1,775921,0.2701,-0.0863,0.0994,0.0938,-0.241,0.0034,0.0,0.0
1780080242101,2,12.00000015,Lower Delivery,Delivery,pitch.1,775432,0.8065,19.4995,71.2759,-176.8005,101.1587,-24.4715,-0.1455,-0.2542
1780080242101,2,12.00000018,Upper Delivery,Delivery,pitch.1,776718,0.4336,-0.4972,0.4141,-0.1309,-0.0056,0.4728,0.0,0.0
1780080242101,2,Pitching Mound.Delivery,,Delivery,pitch.1,774806,1.2111,19.0494,72.0966,-153.3357,101.6217,-24.3064,-0.1445,0.0838
1780080242101,2,Pitching Mound.Drive,,Delivery,pitch.1,775921,0.2701,-0.0863,0.0994,0.0938,-0.241,0.0034,0.0,0.0
1780080242101,2,Pitching Mound.Parent,,Delivery,pitch.1,774062,1.4812,18.9631,72.196,-153.242,101.3807,-24.303,-0.1443,0.0837
1780080242102,2,11.0000004b,Drive,Delivery,pitch.1,775922,0.2469,-0.0782,0.0895,0.0566,-0.0564,0.0058,0.0,0.0
1780080242102,2,12.00000015,Lower Delivery,Delivery,pitch.1,775433,0.8437,19.4284,70.833,-175.3539,100.0044,-24.3496,-0.1447,-0.2537
1780080242102,2,12.00000018,Upper Delivery,Delivery,pitch.1,776719,0.433,-0.4919,0.3466,-0.127,-0.0079,0.4297,0.0,0.0
1780080242102,2,Pitching Mound.Delivery,,Delivery,pitch.1,774807,1.2394,19.0076,71.6225,-152.8116,101.1509,-24.1688,-0.1448,0.0837
1780080242102,2,Pitching Mound.Drive,,Delivery,pitch.1,775922,0.2469,-0.0782,0.0895,0.0566,-0.0564,0.0058,0.0,0.0
1780080242102,2,Pitching Mound.Parent,,Delivery,pitch.1,774063,1.4864,18.9294,71.712,-152.755,101.0945,-24.163,-0.1446,0.0836
1780080242103,2,11.0000004b,Drive,Delivery,pitch.1,775923,0.2422,-0.0769,0.0876,0.0577,-0.0035,0.0053,0.0,0.0
1780080242103,2,12.00000015,Lower Delivery,Delivery,pitch.1,775434,0.8462,19.3656,70.3369,-174.3971,99.5445,-24.1164,-0.1451,-0.2541
1780080242103,2,12.00000018,Upper Delivery,Delivery,pitch.1,776720,0.4276,-0.4837,0.4357,-0.1213,-0.0112,0.366,0.0,0.0
1780080242103,2,Pitching Mound.Delivery,,Delivery,pitch.1,774808,1.2713,18.9447,71.2687,-151.5401,99.9932,-24.1251,-0.1438,0.0837
1780080242103,2,Pitching Mound.Drive,,Delivery,pitch.1,775923,0.2422,-0.0769,0.0876,0.0577,-0.0035,0.0053,0.0,0.0
1780080242103,2,Pitching Mound.Parent,,Delivery,pitch.1,774064,1.5135,18.8678,71.3563,-151.4824,99.9897,-24.1198,-0.1436,0.0836
1780080242104,2,11.0000004b,Drive,Delivery,pitch.1,775924,0.2313,-0.0729,0.0816,0.0557,0.0182,0.0056,0.0,0.0
1780080242104,2,11.0000004b,Drive,Delivery,pitch.1,775925,0.1878,-0.0574,0.0695,0.0431,0.0303,0.0063,0.0,0.0
1780080242104,2,12.00000015,Lower Delivery,Delivery,pitch.1,775435,0.9048,19.2547,69.4442,-171.9995,98.1634,-23.7959,-0.1449,-0.2539
1780080242104,2,12.00000018,Upper Delivery,Delivery,pitch.1,776721,0.4017,-0.4632,0.3924,-0.1184,-0.0129,0.3334,0.0,0.0
1780080242104,2,Pitching Mound.Delivery,,Delivery,pitch.1,774809,1.2479,18.9024,70.7294,-150.7343,99.5316,-23.9341,-0.1443,0.0835
1780080242104,2,Pitching Mound.Drive,,Delivery,pitch.1,775924,0.2313,-0.0729,0.0816,0.0557,0.0182,0.0056,0.0,0.0
1780080242104,2,Pitching Mound.Drive,,Delivery,pitch.1,775925,0.1878,-0.0574,0.0695,0.0431,0.0303,0.0063,0.0,0.0
1780080242104,2,Pitching Mound.Parent,,Delivery,pitch.1,774065,1.4792,18.8295,70.8109,-150.6787,99.5499,-23.9285,-0.1441,0.0834
1780080242105,2,12.00000015,Lower Delivery,Delivery,pitch.1,775436,0.9312,19.1839,68.8165,-170.4511,97.4452,-23.589,-0.1451,-0.2539
1780080242105,2,12.00000018,Upper Delivery,Delivery,pitch.1,776722,0.4044,-0.4588,0.378,-0.1149,-0.0149,0.2942,0.0,0.0
1780080242105,2,Pitching Mound.Delivery,,Delivery,pitch.1,774810,1.3091,18.7958,69.8223,-148.6318,98.1485,-23.6719,-0.1441,0.0838
1780080242105,2,Pitching Mound.Parent,,Delivery,pitch.1,774066,1.4969,18.7385,69.8917,-148.5887,98.1788,-23.6655,-0.144,0.0838
1780080242106,2,11.0000004b,Drive,Delivery,pitch.1,775926,0.2036,-0.0633,0.0753,0.0459,0.0308,0.0054,0.0,0.0
1780080242106,2,11.0000004b,Drive,Delivery,pitch.1,775927,0.1966,-0.0609,0.071,0.0434,0.031,0.0055,0.0,0.0
1780080242106,2,12.00000015,Lower Delivery,Delivery,pitch.1,775437,0.9717,19.1149,68.2148,-169.2589,96.6968,-23.2822,-0.1453,-0.2543
1780080242106,2,12.00000018,Upper Delivery,Delivery,pitch.1,776723,0.3899,-0.4401,0.4181,-0.1113,-0.017,0.2542,0.0,0.0
1780080242106,2,Pitching Mound.Delivery,,Delivery,pitch.1,774811,1.3211,18.7438,69.2346,-147.3069,97.4282,-23.5189,-0.1443,0.0836
1780080242106,2,Pitching Mound.Drive,,Delivery,pitch.1,775926,0.2036,-0.0633,0.0753,0.0459,0.0308,0.0054,0.0,0.0
1780080242106,2,Pitching Mound.Drive,,Delivery,pitch.1,775927,0.1966,-0.0609,0.071,0.0434,0.031,0.0055,0.0,0.0
1780080242106,2,Pitching Mound.Parent,,Delivery,pitch.1,774067,1.5247,18.6805,69.3099,-147.261,97.459,-23.5135,-0.1441,0.0835
1780080242107,2,11.0000004b,Drive,Delivery,pitch.1,775928,0.1771,-0.0539,0.0648,0.0407,0.034,0.0062,0.0,0.0
1780080242107,2,12.00000018,Upper Delivery,Delivery,pitch.1,776724,0.3637,-0.4372,0.4562,-0.1067,-0.0197,0.203,0.0,0.0
1780080242107,2,Pitching Mound.Delivery,,Delivery,pitch.1,774812,1.3353,18.6777,68.6711,-146.3276,96.6771,-23.2859,-0.1443,0.0829
1780080242107,2,Pitching Mound.Drive,,Delivery,pitch.1,775928,0.1771,-0.0539,0.0648,0.0407,0.034,0.0062,0.0,0.0
1780080242107,2,Pitching Mound.Parent,,Delivery,pitch.1,774068,1.5319,18.6168,68.742,-146.2842,96.7081,-23.2804,-0.1442,0.0828
1780080242108,2,12.00000015,Lower Delivery,Delivery,pitch.1,775438,1.0198,19.0261,67.0342,-166.2018,95.9845,-23.0034,-0.1468,-0.2541
1780080242108,2,12.00000015,Lower Delivery,Delivery,pitch.1,775439,1.018,18.9295,66.4741,-164.6618,94.0975,-22.814,-0.1451,-0.2539
1780080242108,2,12.00000018,Upper Delivery,Delivery,pitch.1,776725,0.3639,-0.4229,0.4308,-0.1057,-0.0203,0.1919,0.0,0.0
1780080242108,2,Pitching Mound.Delivery,,Delivery,pitch.1,774813,1.3837,18.6033,67.465,-143.6623,95.9643,-23.0345,-0.1458,0.0832
1780080242108,2,Pitching Mound.Parent,,Delivery,pitch.1,774069,1.5609,18.5494,67.5298,-143.6216,95.9982,-23.0283,-0.1457,0.0831
1780080242109,2,11.0000004b,Drive,Delivery,pitch.1,775930,0.1741,-0.0523,0.0691,0.0461,0.0388,0.0071,0.0,0.0
1780080242109,2,11.0000004b,Drive,Delivery,pitch.1,775929,0.1774,-0.0535,0.0679,0.0539,0.0404,0.0059,0.0,0.0
1780080242109,2,12.00000015,Lower Delivery,Delivery,pitch.1,775440,1.0292,18.878,66.1434,-163.8188,93.9937,-22.6247,-0.1457,-0.2539
1780080242109,2,12.00000018,Upper Delivery,Delivery,pitch.1,776726,0.4328,-0.4832,0.6607,-0.1079,-0.019,0.2164,0.0,0.0
1780080242109,2,Pitching Mound.Delivery,,Delivery,pitch.1,774814,1.4508,18.4463,67.1348,-142.3931,94.0785,-22.7966,-0.1437,0.0819
1780080242109,2,Pitching Mound.Drive,,Delivery,pitch.1,775930,0.1741,-0.0523,0.0691,0.0461,0.0388,0.0071,0.0,0.0
1780080242109,2,Pitching Mound.Drive,,Delivery,pitch.1,775929,0.1774,-0.0535,0.0679,0.0539,0.0404,0.0059,0.0,0.0
1780080242109,2,Pitching Mound.Parent,,Delivery,pitch.1,774070,1.6282,18.3928,67.2027,-142.3392,94.1189,-22.7907,-0.1435,0.0818
1780080242110,2,12.00000015,Lower Delivery,Delivery,pitch.1,775441,1.0518,18.7742,65.4283,-162.2266,92.7669,-22.4126,-0.1453,-0.2541
1780080242110,2,12.00000018,Upper Delivery,Delivery,pitch.1,776727,0.3993,-0.4622,0.5966,-0.1021,-0.0224,0.1519,0.0,0.0
1780080242110,2,Pitching Mound.Delivery,,Delivery,pitch.1,774815,1.4285,18.4157,66.74,-141.635,93.9714,-22.687,-0.1443,0.0823
1780080242110,2,Pitching Mound.Parent,,Delivery,pitch.1,774071,1.6027,18.3634,66.8091,-141.5889,94.0102,-22.6799,-0.1442,0.0823
1780080242111,2,11.0000004b,Drive,Delivery,pitch.1,775931,0.1511,-0.0442,0.059,0.0362,0.0313,0.0073,0.0,0.0
1780080242111,2,11.0000004b,Drive,Delivery,pitch.1,775932,0.16,-0.0472,0.0653,0.0286,0.0285,0.0079,0.0,0.0
1780080242111,2,12.00000018,Upper Delivery,Delivery,pitch.1,776728,0.3641,-0.4459,0.5973,-0.1081,-0.0189,0.2184,0.0,0.0
1780080242111,2,Pitching Mound.Delivery,,Delivery,pitch.1,774816,1.4159,18.3283,66.0257,-140.2921,92.748,-22.4281,-0.144,0.082
1780080242111,2,Pitching Mound.Drive,,Delivery,pitch.1,775931,0.1511,-0.0442,0.059,0.0362,0.0313,0.0073,0.0,0.0
1780080242111,2,Pitching Mound.Drive,,Delivery,pitch.1,775932,0.16,-0.0472,0.0653,0.0286,0.0285,0.0079,0.0,0.0
1780080242111,2,Pitching Mound.Parent,,Delivery,pitch.1,774072,1.567,18.2842,66.0847,-140.2559,92.7793,-22.4208,-0.1439,0.0819
1780080242112,2,12.00000015,Lower Delivery,Delivery,pitch.1,775442,1.1081,18.6932,64.5734,-160.276,92.6056,-22.0806,-0.147,-0.2544
1780080242112,2,12.00000015,Lower Delivery,Delivery,pitch.1,775443,1.1214,18.5934,64.1005,-159.2453,91.5355,-21.9171,-0.1464,-0.2546
1780080242112,2,12.00000018,Upper Delivery,Delivery,pitch.1,776729,0.2833,-0.3798,0.4226,-0.0912,-0.0287,0.0299,0.0,0.0
1780080242112,2,Pitching Mound.Delivery,,Delivery,pitch.1,774817,1.3914,18.3135,64.996,-138.5559,92.5768,-22.3311,-0.146,0.0828
1780080242112,2,Pitching Mound.Parent,,Delivery,pitch.1,774073,1.5513,18.2662,65.0613,-138.5273,92.6053,-22.3232,-0.1459,0.0827
1780080242113,2,11.0000004b,Drive,Delivery,pitch.1,775933,0.17,-0.0507,0.0719,0.0202,0.0271,0.0095,0.0,0.0
1780080242113,2,11.0000004b,Drive,Delivery,pitch.1,775934,0.21,-0.0648,0.0878,0.0141,0.0263,0.0102,0.0,0.0
1780080242113,2,12.00000015,Lower Delivery,Delivery,pitch.1,775444,1.144,18.5115,63.4992,-157.6521,90.7207,-21.6556,-0.1464,-0.2545
1780080242113,2,12.00000018,Upper Delivery,Delivery,pitch.1,776730,0.3568,-0.4327,0.5446,-0.0928,-0.0278,0.0481,0.0,0.0
1780080242113,2,Pitching Mound.Delivery,,Delivery,pitch.1,774818,1.4782,18.1608,64.645,-137.7291,91.5077,-22.1289,-0.1451,0.0818
1780080242113,2,Pitching Mound.Drive,,Delivery,pitch.1,775933,0.17,-0.0507,0.0719,0.0202,0.0271,0.0095,0.0,0.0
1780080242113,2,Pitching Mound.Drive,,Delivery,pitch.1,775934,0.21,-0.0648,0.0878,0.0141,0.0263,0.0102,0.0,0.0
1780080242113,2,Pitching Mound.Parent,,Delivery,pitch.1,774074,1.6482,18.1101,64.7169,-137.7089,91.5348,-22.1194,-0.145,0.0817
1780080242114,2,12.00000015,Lower Delivery,Delivery,pitch.1,775445,1.2197,18.4216,62.7453,-155.8383,90.226,-21.3014,-0.1474,-0.2546
1780080242114,2,12.00000018,Upper Delivery,Delivery,pitch.1,776731,0.3504,-0.4323,0.4034,-0.0884,-0.0304,-0.0012,0.0,0.0
1780080242114,2,Pitching Mound.Delivery,,Delivery,pitch.1,774819,1.4944,18.0791,63.9026,-136.2878,90.6903,-21.9266,-0.1455,0.0828
1780080242114,2,Pitching Mound.Parent,,Delivery,pitch.1,774075,1.7044,18.0143,63.9904,-136.2737,90.7166,-21.9164,-0.1453,0.0827
1780080242115,2,11.0000004b,Drive,Delivery,pitch.1,775935,0.2023,-0.0619,0.0882,0.0125,0.0286,0.0104,0.0,0.0
1780080242115,2,12.00000015,Lower Delivery,Delivery,pitch.1,775446,1.2458,18.3334,62.3932,-155.2705,89.5446,-21.087,-0.1471,-0.2551
1780080242115,2,12.00000018,Upper Delivery,Delivery,pitch.1,776732,0.3577,-0.4411,0.3541,-0.0884,-0.0304,-0.0012,0.0,0.0
1780080242115,2,Pitching Mound.Delivery,,Delivery,pitch.1,774820,1.5775,17.9805,63.0994,-134.7136,90.1956,-21.5957,-0.1466,0.083
1780080242115,2,Pitching Mound.Drive,,Delivery,pitch.1,775935,0.2023,-0.0619,0.0882,0.0125,0.0286,0.0104,0.0,0.0
1780080242115,2,Pitching Mound.Parent,,Delivery,pitch.1,774076,1.7797,17.9186,63.1876,-134.7012,90.2242,-21.5853,-0.1464,0.0829
1780080242116,2,11.0000004b,Drive,Delivery,pitch.1,775936,0.2047,-0.0628,0.0843,0.0258,0.03,0.0087,0.0,0.0
1780080242116,2,12.00000015,Lower Delivery,Delivery,pitch.1,775447,1.3027,18.2682,61.5379,-152.7068,89.025,-20.7337,-0.1483,-0.2543
1780080242116,2,12.00000018,Upper Delivery,Delivery,pitch.1,776733,0.3326,-0.4233,0.196,-0.0884,-0.0304,-0.0012,0.0,0.0
1780080242116,2,Pitching Mound.Delivery,,Delivery,pitch.1,774821,1.5784,17.9102,62.5892,-134.2118,89.5143,-21.3987,-0.1466,0.0836
1780080242116,2,Pitching Mound.Drive,,Delivery,pitch.1,775936,0.2047,-0.0628,0.0843,0.0258,0.03,0.0087,0.0,0.0
1780080242116,2,Pitching Mound.Parent,,Delivery,pitch.1,774077,1.7831,17.8473,62.6735,-134.186,89.5443,-21.39,-0.1464,0.0835
1780080242117,2,11.0000004b,Drive,Delivery,pitch.1,775937,0.2127,-0.0657,0.0841,0.0283,0.0296,0.0085,0.0,0.0
1780080242117,2,11.0000004b,Drive,Delivery,pitch.1,775938,0.2148,-0.0667,0.0802,0.0406,-0.012,0.0067,0.0,0.0
1780080242117,2,12.00000015,Lower Delivery,Delivery,pitch.1,775448,1.3623,18.1471,61.0616,-151.6388,88.3049,-20.4346,-0.1482,-0.2545
1780080242117,2,12.00000018,Upper Delivery,Delivery,pitch.1,776734,0.3355,-0.441,0.1723,-0.0884,-0.0304,-0.0012,0.0,0.0
1780080242117,2,Pitching Mound.Delivery,,Delivery,pitch.1,774822,1.6382,17.8272,61.7102,-131.9309,88.9946,-21.0638,-0.1479,0.0845
1780080242117,2,Pitching Mound.Drive,,Delivery,pitch.1,775937,0.2127,-0.0657,0.0841,0.0283,0.0296,0.0085,0.0,0.0
1780080242117,2,Pitching Mound.Drive,,Delivery,pitch.1,775938,0.2148,-0.0667,0.0802,0.0406,-0.012,0.0067,0.0,0.0
1780080242117,2,Pitching Mound.Parent,,Delivery,pitch.1,774078,1.8509,17.7615,61.7942,-131.9027,89.0242,-21.0553,-0.1477,0.0844
1780080242118,2,11.0000004b,Drive,Delivery,pitch.1,775939,0.2157,-0.0671,0.079,0.0385,0.0337,0.007,0.0,0.0
1780080242118,2,12.00000015,Lower Delivery,Delivery,pitch.1,775449,1.4289,18.0575,60.0014,-149.0582,87.7008,-20.228,-0.1498,-0.2546
1780080242118,2,12.00000018,Upper Delivery,Delivery,pitch.1,776735,0.3417,-0.4492,0.1483,-0.0884,-0.0304,-0.0012,0.0,0.0
1780080242118,2,Pitching Mound.Delivery,,Delivery,pitch.1,774823,1.704,17.6979,61.2099,-131.0166,88.2745,-20.7829,-0.1479,0.0844
1780080242118,2,Pitching Mound.Drive,,Delivery,pitch.1,775939,0.2157,-0.0671,0.079,0.0385,0.0337,0.007,0.0,0.0
1780080242118,2,Pitching Mound.Parent,,Delivery,pitch.1,774079,1.9188,17.6313,61.2901,-130.976,88.2625,-20.7762,-0.1477,0.0843
1780080242119,2,11.0000004b,Drive,Delivery,pitch.1,775940,0.2167,-0.0675,0.0757,0.0431,0.0396,0.0063,0.0,0.0
1780080242119,2,12.00000015,Lower Delivery,Delivery,pitch.1,775450,1.5115,17.8816,59.4302,-147.5077,86.2101,-19.9282,-0.1487,-0.2544
1780080242119,2,12.00000018,Upper Delivery,Delivery,pitch.1,776736,0.3322,-0.4459,0.1347,-0.0884,-0.0304,-0.0012,0.0,0.0
1780080242119,2,Pitching Mound.Delivery,,Delivery,pitch.1,774824,1.7611,17.6116,60.1361,-128.7919,87.6704,-20.6021,-0.1495,0.0844
1780080242119,2,Pitching Mound.Drive,,Delivery,pitch.1,775940,0.2167,-0.0675,0.0757,0.0431,0.0396,0.0063,0.0,0.0
1780080242119,2,Pitching Mound.Parent,,Delivery,pitch.1,774080,1.9768,17.5445,60.2151,-128.7533,87.7042,-20.5951,-0.1493,0.0843
1780080242120,2,12.00000015,Lower Delivery,Delivery,pitch.1,775451,1.6024,17.7606,58.4064,-145.1912,86.1319,-19.4596,-0.1511,-0.2548
1780080242120,2,12.00000018,Upper Delivery,Delivery,pitch.1,776737,0.3304,-0.4685,0.1523,-0.0884,-0.0304,-0.0012,0.0,0.0
1780080242120,2,Pitching Mound.Delivery,,Delivery,pitch.1,774825,1.8419,17.4131,59.5826,-127.4416,86.1797,-20.3309,-0.1483,0.0845
1780080242120,2,Pitching Mound.Parent,,Delivery,pitch.1,774081,2.0587,17.3456,59.6583,-127.3985,86.2193,-20.3246,-0.1481,0.0844
1780080242121,2,11.0000004b,Drive,Delivery,pitch.1,775942,0.2575,-0.0819,0.0869,0.0963,-0.2161,0.0013,0.0,0.0
1780080242121,2,11.0000004b,Drive,Delivery,pitch.1,775941,0.2506,-0.0797,0.0758,0.0713,-0.1003,0.0026,0.0,0.0
1780080242121,2,12.00000015,Lower Delivery,Delivery,pitch.1,775452,1.6336,17.6229,58.0115,-144.2545,85.5126,-19.2512,-0.1511,-0.2549
1780080242121,2,12.00000018,Upper Delivery,Delivery,pitch.1,776738,0.3529,-0.505,0.2139,-0.091,-0.0288,0.028,0.0,0.0
1780080242121,2,Pitching Mound.Delivery,,Delivery,pitch.1,774826,1.9552,17.2556,58.6203,-125.4967,86.103,-19.8563,-0.1506,0.0837
1780080242121,2,Pitching Mound.Drive,,Delivery,pitch.1,775942,0.2575,-0.0819,0.0869,0.0963,-0.2161,0.0013,0.0,0.0
1780080242121,2,Pitching Mound.Drive,,Delivery,pitch.1,775941,0.2506,-0.0797,0.0758,0.0713,-0.1003,0.0026,0.0,0.0
1780080242121,2,Pitching Mound.Parent,,Delivery,pitch.1,774082,2.2059,17.1758,58.6961,-125.4254,86.0028,-19.8537,-0.1504,0.0836
1780080242122,2,11.0000004b,Drive,Delivery,pitch.1,775943,0.2327,-0.0731,0.0773,0.0505,0.0029,0.002,0.0,0.0
1780080242122,2,12.00000015,Lower Delivery,Delivery,pitch.1,775453,1.6855,17.4703,57.5553,-143.2753,84.6198,-19.073,-0.1507,-0.2551
1780080242122,2,12.00000018,Upper Delivery,Delivery,pitch.1,776739,0.3455,-0.5141,0.2102,-0.0933,-0.0275,0.0543,0.0,0.0
1780080242122,2,Pitching Mound.Delivery,,Delivery,pitch.1,774827,1.9791,17.1088,58.2217,-124.6954,85.4851,-19.6349,-0.1505,0.0836
1780080242122,2,Pitching Mound.Drive,,Delivery,pitch.1,775943,0.2327,-0.0731,0.0773,0.0505,0.0029,0.002,0.0,0.0
1780080242122,2,Pitching Mound.Parent,,Delivery,pitch.1,774083,2.2366,17.0269,58.3086,-124.5991,85.2691,-19.6336,-0.1503,0.0835
1780080242123,2,11.0000004b,Drive,Delivery,pitch.1,775944,0.2374,-0.0745,0.0812,0.0805,-0.0856,0.0024,0.0,0.0
1780080242123,2,12.00000015,Lower Delivery,Delivery,pitch.1,775454,1.7109,17.3118,56.644,-140.7045,83.6551,-18.7517,-0.1514,-0.2546
1780080242123,2,12.00000018,Upper Delivery,Delivery,pitch.1,776740,0.3777,-0.5542,0.2995,-0.0958,-0.026,0.082,0.0,0.0
1780080242123,2,Pitching Mound.Delivery,,Delivery,pitch.1,774828,2.0632,16.9161,57.8548,-123.9042,84.5938,-19.4356,-0.1499,0.0827
1780080242123,2,Pitching Mound.Drive,,Delivery,pitch.1,775944,0.2374,-0.0745,0.0812,0.0805,-0.0856,0.0024,0.0,0.0
1780080242123,2,Pitching Mound.Parent,,Delivery,pitch.1,774084,2.2959,16.843,57.932,-123.8537,84.5967,-19.4336,-0.1497,0.0825
1780080242124,2,11.0000004b,Drive,Delivery,pitch.1,775945,0.1964,-0.0599,0.0724,0.0464,0.0327,0.0026,0.0,0.0
1780080242124,2,12.00000015,Lower Delivery,Delivery,pitch.1,775455,1.748,17.1618,56.0546,-139.1274,82.5289,-18.6754,-0.1509,-0.2544
1780080242124,2,12.00000018,Upper Delivery,Delivery,pitch.1,776741,0.4127,-0.6056,0.4146,-0.1088,-0.0184,0.2269,0.0,0.0
1780080242124,2,Pitching Mound.Delivery,,Delivery,pitch.1,774829,2.1236,16.7061,57.0585,-121.6953,83.6366,-18.9661,-0.1503,0.0823
1780080242124,2,Pitching Mound.Drive,,Delivery,pitch.1,775945,0.1964,-0.0599,0.0724,0.0464,0.0327,0.0026,0.0,0.0
1780080242124,2,Pitching Mound.Parent,,Delivery,pitch.1,774085,2.361,16.6316,57.1398,-121.6148,83.551,-18.9637,-0.1501,0.0822
1780080242125,2,11.0000004b,Drive,Delivery,pitch.1,775946,0.2021,-0.0618,0.0806,0.0472,0.0371,0.0042,0.0,0.0
1780080242125,2,12.00000015,Lower Delivery,Delivery,pitch.1,775456,1.7798,16.9864,55.1944,-136.9255,81.0849,-18.3515,-0.1506,-0.2543
1780080242125,2,12.00000018,Upper Delivery,Delivery,pitch.1,776742,0.3374,-0.5502,0.3621,-0.108,-0.0189,0.2181,0.0,0.0
1780080242125,2,Pitching Mound.Delivery,,Delivery,pitch.1,774830,2.0854,16.6116,56.4167,-120.3,82.5099,-18.9368,-0.1499,0.0829
1780080242125,2,Pitching Mound.Drive,,Delivery,pitch.1,775946,0.2021,-0.0618,0.0806,0.0472,0.0371,0.0042,0.0,0.0
1780080242125,2,Pitching Mound.Parent,,Delivery,pitch.1,774086,2.2818,16.5517,56.4891,-120.2536,82.5427,-18.9342,-0.1497,0.0828
1780080242126,2,11.0000004b,Drive,Delivery,pitch.1,775947,0.1866,-0.0565,0.0713,0.0397,0.0345,0.0037,0.0,0.0
1780080242126,2,12.00000015,Lower Delivery,Delivery,pitch.1,775457,1.7928,16.8663,54.2132,-134.8387,80.4374,-18.0676,-0.1521,-0.2549
1780080242126,2,12.00000018,Upper Delivery,Delivery,pitch.1,776743,0.3784,-0.5919,0.4393,-0.1162,-0.0142,0.3088,0.0,0.0
1780080242126,2,Pitching Mound.Delivery,,Delivery,pitch.1,774831,2.1582,16.3945,55.6337,-118.4249,81.0707,-18.5192,-0.1494,0.0824
1780080242126,2,Pitching Mound.Drive,,Delivery,pitch.1,775947,0.1866,-0.0565,0.0713,0.0397,0.0345,0.0037,0.0,0.0
1780080242126,2,Pitching Mound.Parent,,Delivery,pitch.1,774087,2.3603,16.3327,55.7143,-118.3777,81.1078,-18.515,-0.1492,0.0823
1780080242127,2,11.0000004b,Drive,Delivery,pitch.1,775948,0.176,-0.0535,0.0455,0.0171,0.0367,0.002,0.0,0.0
1780080242127,2,12.00000015,Lower Delivery,Delivery,pitch.1,775458,1.8537,16.7548,53.8182,-133.5484,79.0514,-17.8945,-0.1506,-0.2543
1780080242127,2,12.00000018,Upper Delivery,Delivery,pitch.1,776744,0.3813,-0.6019,0.4281,-0.1198,-0.012,0.3494,0.0,0.0
1780080242127,2,Pitching Mound.Delivery,,Delivery,pitch.1,774832,2.1741,16.2644,54.6413,-116.6716,80.4253,-18.1981,-0.1509,0.0817
1780080242127,2,Pitching Mound.Drive,,Delivery,pitch.1,775948,0.176,-0.0535,0.0455,0.0171,0.0367,0.002,0.0,0.0
1780080242127,2,Pitching Mound.Parent,,Delivery,pitch.1,774088,2.3607,16.2079,54.7126,-116.6319,80.4598,-18.1944,-0.1507,0.0816
1780080242128,2,11.0000004b,Drive,Delivery,pitch.1,775949,0.1688,-0.0517,0.0184,0.0187,0.0296,0.0026,0.0,0.0
1780080242128,2,12.00000015,Lower Delivery,Delivery,pitch.1,775459,1.8632,16.5736,53.3915,-132.3918,78.4706,-17.5241,-0.1506,-0.2542
1780080242128,2,12.00000018,Upper Delivery,Delivery,pitch.1,776745,0.3633,-0.5897,0.4112,-0.1197,-0.0121,0.3479,0.0,0.0
1780080242128,2,Pitching Mound.Delivery,,Delivery,pitch.1,774833,2.217,16.1652,54.2293,-115.5097,79.0392,-18.0534,-0.1494,0.0824
1780080242128,2,Pitching Mound.Drive,,Delivery,pitch.1,775949,0.1688,-0.0517,0.0184,0.0187,0.0296,0.0026,0.0,0.0
1780080242128,2,Pitching Mound.Parent,,Delivery,pitch.1,774089,2.393,16.1117,54.2748,-115.4926,79.0759,-18.0514,-0.1493,0.0824
1780080242129,2,11.0000004b,Drive,Delivery,pitch.1,775950,0.1697,-0.0526,0.0022,0.0033,0.033,0.0024,0.0,0.0
1780080242129,2,12.00000015,Lower Delivery,Delivery,pitch.1,775460,1.8909,16.47,52.7484,-130.3972,77.3505,-17.2151,-0.1503,-0.2534
1780080242129,2,12.00000018,Upper Delivery,Delivery,pitch.1,776746,0.374,-0.603,0.379,-0.1232,-0.0101,0.3871,0.0,0.0
1780080242129,2,Pitching Mound.Delivery,,Delivery,pitch.1,774834,2.2372,15.9706,53.7706,-114.4907,78.4605,-17.6434,-0.1496,0.0828
1780080242129,2,Pitching Mound.Drive,,Delivery,pitch.1,775950,0.1697,-0.0526,0.0022,0.0033,0.033,0.0024,0.0,0.0
1780080242129,2,Pitching Mound.Parent,,Delivery,pitch.1,774090,2.406,15.9188,53.7889,-114.472,78.4901,-17.6408,-0.1495,0.0828
1780080242130,2,11.0000004b,Drive,Delivery,pitch.1,775951,0.161,-0.0491,0.0105,0.0275,0.0247,0.0047,0.0,0.0
1780080242130,2,12.00000015,Lower Delivery,Delivery,pitch.1,775461,1.9048,16.2909,52.4404,-129.4779,76.247,-16.8351,-0.149,-0.2531
1780080242130,2,12.00000018,Upper Delivery,Delivery,pitch.1,776747,0.3803,-0.6069,0.3712,-0.1266,-0.0081,0.4254,0.0,0.0
1780080242130,2,Pitching Mound.Delivery,,Delivery,pitch.1,774835,2.2711,15.8631,53.1195,-112.7156,77.3424,-17.3034,-0.1492,0.0836
1780080242130,2,Pitching Mound.Drive,,Delivery,pitch.1,775951,0.161,-0.0491,0.0105,0.0275,0.0247,0.0047,0.0,0.0
1780080242130,2,Pitching Mound.Parent,,Delivery,pitch.1,774091,2.4408,15.8105,53.1217,-112.7123,77.3754,-17.3009,-0.1492,0.0836
1780080242131,2,11.0000004b,Drive,Delivery,pitch.1,775952,0.1391,-0.0419,-0.0139,0.0291,0.0247,0.0063,0.0,0.0
1780080242131,2,12.00000015,Lower Delivery,Delivery,pitch.1,775462,1.8954,16.2135,51.5327,-126.8343,74.7421,-16.7382,-0.1487,-0.2523
1780080242131,2,12.00000018,Upper Delivery,Delivery,pitch.1,776748,0.3695,-0.5936,0.3278,-0.1256,-0.0087,0.4138,0.0,0.0
1780080242131,2,Pitching Mound.Delivery,,Delivery,pitch.1,774836,2.2743,15.6973,52.7682,-111.8852,76.2383,-16.9433,-0.1481,0.0843
1780080242131,2,Pitching Mound.Drive,,Delivery,pitch.1,775952,0.1391,-0.0419,-0.0139,0.0291,0.0247,0.0063,0.0,0.0
1780080242131,2,Pitching Mound.Parent,,Delivery,pitch.1,774092,2.4353,15.6482,52.7787,-111.8577,76.2629,-16.9385,-0.1481,0.0843
1780080242132,2,11.0000004b,Drive,Delivery,pitch.1,775953,0.1594,-0.0489,-0.0029,0.028,0.0252,0.0068,0.0,0.0
1780080242132,2,12.00000015,Lower Delivery,Delivery,pitch.1,775463,1.9043,16.0834,50.7372,-124.8917,73.677,-16.3705,-0.1488,-0.2523
1780080242132,2,12.00000018,Upper Delivery,Delivery,pitch.1,776749,0.371,-0.5831,0.2918,-0.1315,-0.0052,0.4801,0.0,0.0
1780080242132,2,Pitching Mound.Delivery,,Delivery,pitch.1,774837,2.2664,15.6305,51.8245,-109.5439,74.7369,-16.7764,-0.1478,0.0853
1780080242132,2,Pitching Mound.Drive,,Delivery,pitch.1,775953,0.1594,-0.0489,-0.0029,0.028,0.0252,0.0068,0.0,0.0
1780080242132,2,Pitching Mound.Parent,,Delivery,pitch.1,774093,2.4055,15.5885,51.8106,-109.5148,74.7616,-16.7701,-0.1479,0.0853
1780080242133,2,11.0000004b,Drive,Delivery,pitch.1,775954,0.1569,-0.0482,-0.0033,0.0254,0.022,0.0063,0.0,0.0
1780080242133,2,12.00000015,Lower Delivery,Delivery,pitch.1,775464,1.8981,15.9618,49.719,-122.2842,73.4359,-15.9361,-0.1514,-0.2521
1780080242133,2,12.00000018,Upper Delivery,Delivery,pitch.1,776750,0.3849,-0.5986,0.327,-0.1376,-0.0017,0.5481,0.0,0.0
1780080242133,2,Pitching Mound.Delivery,,Delivery,pitch.1,774838,2.2891,15.4849,51.0641,-107.8898,73.6753,-16.339,-0.1479,0.085
1780080242133,2,Pitching Mound.Drive,,Delivery,pitch.1,775954,0.1569,-0.0482,-0.0033,0.0254,0.022,0.0063,0.0,0.0
1780080242133,2,Pitching Mound.Parent,,Delivery,pitch.1,774094,2.4485,15.436,51.0612,-107.8618,73.7005,-16.3323,-0.1479,0.085
1780080242134,2,11.0000004b,Drive,Delivery,pitch.1,775955,0.1834,-0.0564,0.0442,0.0281,0.0213,0.006,0.0,0.0
1780080242134,2,12.00000015,Lower Delivery,Delivery,pitch.1,775465,1.921,15.7934,49.0287,-120.3147,72.1239,-15.6956,-0.1508,-0.2515
1780080242134,2,12.00000018,Upper Delivery,Delivery,pitch.1,776751,0.3941,-0.6047,0.3528,-0.1391,-0.0008,0.5647,0.0,0.0
1780080242134,2,Pitching Mound.Delivery,,Delivery,pitch.1,774839,2.2922,15.3571,50.0718,-105.6388,73.4351,-15.8828,-0.1503,0.0849
1780080242134,2,Pitching Mound.Drive,,Delivery,pitch.1,775955,0.1834,-0.0564,0.0442,0.0281,0.0213,0.006,0.0,0.0
1780080242134,2,Pitching Mound.Parent,,Delivery,pitch.1,774095,2.4491,15.3088,50.0685,-105.6134,73.4572,-15.8764,-0.1503,0.0849
1780080242135,2,11.0000004b,Drive,Delivery,pitch.1,775956,0.1796,-0.0558,0.0214,0.0399,0.0296,0.0057,0.0,0.0
1780080242135,2,12.00000015,Lower Delivery,Delivery,pitch.1,775466,1.9532,15.7471,48.0862,-117.4705,71.2007,-15.3289,-0.1518,-0.2504
1780080242135,2,12.00000018,Upper Delivery,Delivery,pitch.1,776752,0.4171,-0.6206,0.4345,-0.1387,-0.001,0.5604,0.0,0.0
1780080242135,2,Pitching Mound.Delivery,,Delivery,pitch.1,774840,2.3381,15.1728,49.4632,-103.9314,72.1229,-15.6466,-0.1495,0.0847
1780080242135,2,Pitching Mound.Drive,,Delivery,pitch.1,775956,0.1796,-0.0558,0.0214,0.0399,0.0296,0.0057,0.0,0.0
1780080242135,2,Pitching Mound.Parent,,Delivery,pitch.1,774096,2.5215,15.1163,49.5074,-103.9033,72.1442,-15.6406,-0.1493,0.0846
1780080242136,2,11.0000004b,Drive,Delivery,pitch.1,775957,0.186,-0.0571,0.0481,0.0438,0.0327,0.0054,0.0,0.0
1780080242136,2,12.00000015,Lower Delivery,Delivery,pitch.1,775467,1.9755,15.6083,47.9613,-116.5045,69.3866,-15.0852,-0.1483,-0.249
1780080242136,2,12.00000018,Upper Delivery,Delivery,pitch.1,776753,0.4519,-0.7028,0.5217,-0.1082,-0.0186,0.7187,0.0,0.0
1780080242136,2,Pitching Mound.Delivery,,Delivery,pitch.1,774841,2.4051,15.0443,48.6079,-101.4068,71.1821,-15.1206,-0.1501,0.085
1780080242136,2,Pitching Mound.Drive,,Delivery,pitch.1,775957,0.186,-0.0571,0.0481,0.0438,0.0327,0.0054,0.0,0.0
1780080242136,2,Pitching Mound.Parent,,Delivery,pitch.1,774097,2.5847,14.9885,48.6294,-101.3669,71.2118,-15.115,-0.1501,0.085
1780080242137,2,11.0000004b,Drive,Delivery,pitch.1,775958,0.2038,-0.063,0.0679,0.0443,0.0319,0.0062,0.0,0.0
1780080242137,2,12.00000015,Lower Delivery,Delivery,pitch.1,775468,2.0506,15.4191,46.7784,-113.4396,68.9368,-14.7319,-0.151,-0.2486
1780080242137,2,12.00000018,Upper Delivery,Delivery,pitch.1,776754,0.4409,-0.7655,0.7281,-0.1548,0.0083,0.7392,0.0,0.0
1780080242137,2,Pitching Mound.Delivery,,Delivery,pitch.1,774842,2.4165,14.8429,48.6894,-100.6,69.3949,-14.8677,-0.1461,0.0846
1780080242137,2,Pitching Mound.Drive,,Delivery,pitch.1,775958,0.2038,-0.063,0.0679,0.0443,0.0319,0.0062,0.0,0.0
1780080242137,2,Pitching Mound.Parent,,Delivery,pitch.1,774098,2.6025,14.7858,48.7376,-100.5562,69.4276,-14.8623,-0.1459,0.0845
1780080242138,2,11.0000004b,Drive,Delivery,pitch.1,775959,0.2242,-0.0699,0.0844,0.0504,0.0353,0.0053,0.0,0.0
1780080242138,2,12.00000015,Lower Delivery,Delivery,pitch.1,775469,2.0664,15.1979,46.1585,-111.6117,67.6317,-14.4868,-0.1502,-0.2478
1780080242138,2,12.00000018,Upper Delivery,Delivery,pitch.1,776755,0.4578,-0.745,0.7071,-0.1516,0.0065,0.7043,0.0,0.0
1780080242138,2,Pitching Mound.Delivery,,Delivery,pitch.1,774843,2.5084,14.6741,47.4855,-97.927,68.9433,-14.5692,-0.1488,0.085
1780080242138,2,Pitching Mound.Drive,,Delivery,pitch.1,775959,0.2242,-0.0699,0.0844,0.0504,0.0353,0.0053,0.0,0.0
1780080242138,2,Pitching Mound.Parent,,Delivery,pitch.1,774099,2.7122,14.6111,47.5534,-97.8827,68.9752,-14.563,-0.1486,0.0849
1780080242139,2,11.0000004b,Drive,Delivery,pitch.1,775960,0.2144,-0.0665,0.083,0.0666,-0.0784,0.0053,0.0,0.0
1780080242139,2,12.00000015,Lower Delivery,Delivery,pitch.1,775470,2.1128,15.064,45.3782,-109.3013,66.1519,-14.2033,-0.1494,-0.2469
1780080242139,2,12.00000018,Upper Delivery,Delivery,pitch.1,776756,0.4715,-0.7724,0.8623,-0.1444,0.0023,0.6238,0.0,0.0
1780080242139,2,Pitching Mound.Delivery,,Delivery,pitch.1,774844,2.5379,14.4255,47.0207,-96.3554,67.634,-14.4053,-0.1474,0.0842
1780080242139,2,Pitching Mound.Drive,,Delivery,pitch.1,775960,0.2144,-0.0665,0.083,0.0666,-0.0784,0.0053,0.0,0.0
1780080242139,2,Pitching Mound.Parent,,Delivery,pitch.1,774100,2.7621,14.3556,47.1051,-96.305,67.6694,-14.4,-0.1472,0.0841
1780080242140,2,11.0000004b,Drive,Delivery,pitch.1,775961,0.2428,-0.0766,0.0931,0.0753,-0.1083,0.0037,0.0,0.0
1780080242140,2,12.00000015,Lower Delivery,Delivery,pitch.1,775471,2.2116,14.8711,44.9502,-107.5402,65.7587,-13.9705,-0.1499,-0.2452
1780080242140,2,12.00000018,Upper Delivery,Delivery,pitch.1,776757,0.4879,-0.7656,0.8922,-0.1441,0.0021,0.62,0.0,0.0
1780080242140,2,Pitching Mound.Delivery,,Delivery,pitch.1,774845,2.6006,14.2984,46.2704,-94.3201,66.1539,-14.1357,-0.1465,0.0848
1780080242140,2,Pitching Mound.Drive,,Delivery,pitch.1,775961,0.2428,-0.0766,0.0931,0.0753,-0.1083,0.0037,0.0,0.0
1780080242140,2,Pitching Mound.Parent,,Delivery,pitch.1,774101,2.8151,14.2319,46.3534,-94.2535,66.0756,-14.1305,-0.1463,0.0846
1780080242141,2,11.0000004b,Drive,Delivery,pitch.1,775962,0.2239,-0.0698,0.0892,0.0762,-0.1245,0.0036,0.0,0.0
1780080242141,2,12.00000015,Lower Delivery,Delivery,pitch.1,775472,2.2656,14.6794,43.9727,-105.0977,64.2769,-13.551,-0.1498,-0.245
1780080242141,2,12.00000018,Upper Delivery,Delivery,pitch.1,776758,0.4894,-0.7901,0.9534,-0.1359,-0.0027,0.5287,0.0,0.0
1780080242141,2,Pitching Mound.Delivery,,Delivery,pitch.1,774846,2.7011,14.081,45.9036,-92.7172,65.756,-14.0273,-0.1468,0.0858
1780080242141,2,Pitching Mound.Drive,,Delivery,pitch.1,775962,0.2239,-0.0698,0.0892,0.0762,-0.1245,0.0036,0.0,0.0
1780080242141,2,Pitching Mound.Parent,,Delivery,pitch.1,774102,2.9438,14.0044,45.9966,-92.6419,65.6477,-14.0237,-0.1465,0.0856
1780080242142,2,11.0000004b,Drive,Delivery,pitch.1,775963,0.1905,-0.0581,0.0748,0.052,-0.0085,0.0054,0.0,0.0
1780080242142,2,12.00000015,Lower Delivery,Delivery,pitch.1,775473,2.2848,14.5244,43.7294,-104.1444,63.0924,-13.4461,-0.1479,-0.2441
1780080242142,2,12.00000018,Upper Delivery,Delivery,pitch.1,776759,0.5028,-0.7543,0.8968,-0.1255,-0.0088,0.4124,0.0,0.0
1780080242142,2,Pitching Mound.Delivery,,Delivery,pitch.1,774847,2.7684,13.9252,44.8695,-90.5774,64.2682,-13.738,-0.1468,0.0863
1780080242142,2,Pitching Mound.Drive,,Delivery,pitch.1,775963,0.1905,-0.0581,0.0748,0.052,-0.0085,0.0054,0.0,0.0
1780080242142,2,Pitching Mound.Parent,,Delivery,pitch.1,774103,2.9924,13.8554,44.9587,-90.5011,64.1437,-13.7344,-0.1465,0.0862
1780080242143,2,11.0000004b,Drive,Delivery,pitch.1,775964,0.1902,-0.0594,0.0344,0.0616,-0.0651,0.0047,0.0,0.0
1780080242143,2,12.00000015,Lower Delivery,Delivery,pitch.1,775474,2.3628,14.3739,42.8495,-101.153,60.9979,-13.2769,-0.1459,-0.242
1780080242143,2,12.00000018,Upper Delivery,Delivery,pitch.1,776760,0.5075,-0.7797,0.9778,-0.1186,-0.0127,0.3365,0.0,0.0
1780080242143,2,Pitching Mound.Delivery,,Delivery,pitch.1,774848,2.7923,13.7447,44.7073,-89.7275,63.0797,-13.7139,-0.1446,0.0864
1780080242143,2,Pitching Mound.Drive,,Delivery,pitch.1,775964,0.1902,-0.0594,0.0344,0.0616,-0.0651,0.0047,0.0,0.0
1780080242143,2,Pitching Mound.Parent,,Delivery,pitch.1,774104,2.9828,13.6866,44.782,-89.6755,63.0712,-13.7084,-0.1444,0.0862
1780080242144,2,11.0000004b,Drive,Delivery,pitch.1,775965,0.1861,-0.059,0.0031,0.0379,0.0363,0.0067,0.0,0.0
1780080242144,2,12.00000015,Lower Delivery,Delivery,pitch.1,775475,2.5083,14.1815,41.9038,-99.1004,61.5524,-12.7082,-0.1506,-0.2424
1780080242144,2,12.00000018,Upper Delivery,Delivery,pitch.1,776761,0.532,-0.7543,0.971,-0.1092,-0.0182,0.2308,0.0,0.0
1780080242144,2,Pitching Mound.Delivery,,Delivery,pitch.1,774849,2.8948,13.6196,43.8205,-87.0235,60.9797,-13.6686,-0.1427,0.0883
1780080242144,2,Pitching Mound.Drive,,Delivery,pitch.1,775965,0.1861,-0.059,0.0031,0.0379,0.0363,0.0067,0.0,0.0
1780080242144,2,Pitching Mound.Parent,,Delivery,pitch.1,774105,3.085,13.5602,43.8548,-86.9619,60.9146,-13.6638,-0.1426,0.0883
1780080242145,2,11.0000004b,Drive,Delivery,pitch.1,775966,0.1586,-0.0501,-0.0441,0.0366,0.0374,0.0075,0.0,0.0
1780080242145,2,12.00000015,Lower Delivery,Delivery,pitch.1,775476,2.5526,14.0294,40.774,-96.7604,59.6597,-12.3333,-0.15,-0.2432
1780080242145,2,12.00000018,Upper Delivery,Delivery,pitch.1,776762,0.5509,-0.7412,0.958,-0.1061,-0.02,0.1966,0.0,0.0
1780080242145,2,Pitching Mound.Delivery,,Delivery,pitch.1,774850,3.0592,13.4403,42.8618,-85.285,61.5324,-13.1771,-0.1472,0.0878
1780080242145,2,Pitching Mound.Drive,,Delivery,pitch.1,775966,0.1586,-0.0501,-0.0441,0.0366,0.0374,0.0075,0.0,0.0
1780080242145,2,Pitching Mound.Parent,,Delivery,pitch.1,774106,3.2453,13.3813,42.8648,-85.2471,61.5687,-13.1704,-0.1472,0.0878
1780080242146,2,11.0000004b,Drive,Delivery,pitch.1,775967,0.1565,-0.0492,-0.0391,0.0355,0.0362,0.0072,0.0,0.0
1780080242146,2,12.00000015,Lower Delivery,Delivery,pitch.1,775477,2.6183,13.9143,38.8203,-92.0251,56.0685,-12.0454,-0.148,-0.243
1780080242146,2,12.00000018,Upper Delivery,Delivery,pitch.1,776764,0.5222,-0.7292,0.9804,-0.1009,-0.0231,0.1382,0.0,0.0
1780080242146,2,12.00000018,Upper Delivery,Delivery,pitch.1,776763,0.531,-0.739,0.9796,-0.098,-0.0248,0.1058,0.0,0.0
1780080242146,2,Pitching Mound.Delivery,,Delivery,pitch.1,774852,3.1405,13.1851,39.8007,-79.2604,56.0454,-12.6199,-0.1444,0.0863
1780080242146,2,Pitching Mound.Delivery,,Delivery,pitch.1,774851,3.0835,13.2904,41.7535,-83.3283,59.6349,-12.9148,-0.1465,0.0865
1780080242146,2,Pitching Mound.Drive,,Delivery,pitch.1,775967,0.1565,-0.0492,-0.0391,0.0355,0.0362,0.0072,0.0,0.0
1780080242146,2,Pitching Mound.Parent,,Delivery,pitch.1,774108,3.297,13.1359,39.7616,-79.2249,56.0816,-12.6127,-0.1445,0.0864
1780080242146,2,Pitching Mound.Parent,,Delivery,pitch.1,774107,3.2421,13.2403,41.7095,-83.2917,59.6724,-12.9073,-0.1466,0.0866
1780080242147,2,11.0000004b,Drive,Delivery,pitch.1,775968,0.1759,-0.055,0.0027,0.0393,0.0366,0.0064,0.0,0.0
1780080242147,2,12.00000015,Lower Delivery,Delivery,pitch.1,775478,2.7303,13.7661,38.8472,-90.6005,54.7675,-11.5764,-0.1445,-0.239
1780080242147,2,Pitching Mound.Drive,,Delivery,pitch.1,775968,0.1759,-0.055,0.0027,0.0393,0.0366,0.0064,0.0,0.0
1780080242148,2,11.0000004b,Drive,Delivery,pitch.1,775969,0.1625,-0.0506,-0.014,0.0411,0.0374,0.0065,0.0,0.0
1780080242148,2,12.00000015,Lower Delivery,Delivery,pitch.1,775479,2.9404,13.7478,38.2876,-87.4716,53.5739,-11.2034,-0.1434,-0.2342
1780080242148,2,12.00000018,Upper Delivery,Delivery,pitch.1,776765,0.5205,-0.7411,0.9928,-0.1055,-0.0204,0.1903,0.0,0.0
1780080242148,2,Pitching Mound.Delivery,,Delivery,pitch.1,774853,3.2508,13.025,39.84,-77.8355,54.7471,-12.1375,-0.1409,0.09
1780080242148,2,Pitching Mound.Drive,,Delivery,pitch.1,775969,0.1625,-0.0506,-0.014,0.0411,0.0374,0.0065,0.0,0.0
1780080242148,2,Pitching Mound.Parent,,Delivery,pitch.1,774109,3.4267,12.97,39.8427,-77.7962,54.7837,-12.131,-0.1409,0.09
1780080242149,2,11.0000004b,Drive,Delivery,pitch.1,775970,0.1677,-0.052,0.0066,0.0383,0.0331,0.0072,0.0,0.0
1780080242149,2,12.00000015,Lower Delivery,Delivery,pitch.1,775480,3.0068,13.6143,37.833,-86.438,52.3964,-10.8856,-0.1419,-0.2342
1780080242149,2,12.00000018,Upper Delivery,Delivery,pitch.1,776766,0.5155,-0.7782,1.1212,-0.1109,-0.0172,0.2505,0.0,0.0
1780080242149,2,Pitching Mound.Delivery,,Delivery,pitch.1,774854,3.456,12.9695,39.4088,-74.946,53.5567,-11.7773,-0.1393,0.0932
1780080242149,2,Pitching Mound.Drive,,Delivery,pitch.1,775970,0.1677,-0.052,0.0066,0.0383,0.0331,0.0072,0.0,0.0
1780080242149,2,Pitching Mound.Parent,,Delivery,pitch.1,774110,3.6185,12.9189,39.3949,-74.9049,53.5942,-11.7708,-0.1394,0.0932
1780080242150,2,11.0000004b,Drive,Delivery,pitch.1,775971,0.1565,-0.0474,0.0163,0.0347,0.0308,0.0076,0.0,0.0
1780080242150,2,12.00000015,Lower Delivery,Delivery,pitch.1,775481,3.0105,13.4386,37.6796,-86.6151,53.5414,-10.6659,-0.1456,-0.2356
1780080242150,2,12.00000018,Upper Delivery,Delivery,pitch.1,776767,0.5009,-0.8144,1.2099,-0.1208,-0.0114,0.3609,0.0,0.0
1780080242150,2,Pitching Mound.Delivery,,Delivery,pitch.1,774855,3.5077,12.7999,39.0429,-74.107,52.3849,-11.3767,-0.1376,0.092
1780080242150,2,Pitching Mound.Drive,,Delivery,pitch.1,775971,0.1565,-0.0474,0.0163,0.0347,0.0308,0.0076,0.0,0.0
1780080242150,2,Pitching Mound.Parent,,Delivery,pitch.1,774111,3.6754,12.7479,39.0495,-74.0687,52.4181,-11.3695,-0.1375,0.092
1780080242151,2,11.0000004b,Drive,Delivery,pitch.1,775972,0.1772,-0.0535,0.0692,0.0316,0.0241,0.008,0.0,0.0
1780080242151,2,12.00000015,Lower Delivery,Delivery,pitch.1,775482,3.1949,13.2915,36.4412,-82.6396,49.9438,-10.214,-0.1405,-0.2324
1780080242151,2,12.00000018,Upper Delivery,Delivery,pitch.1,776768,0.5018,-0.8098,1.2179,-0.1222,-0.0106,0.3764,0.0,0.0
1780080242151,2,Pitching Mound.Delivery,,Delivery,pitch.1,774856,3.5123,12.6287,38.8975,-74.3404,53.5308,-11.1425,-0.1411,0.0905
1780080242151,2,Pitching Mound.Drive,,Delivery,pitch.1,775972,0.1772,-0.0535,0.0692,0.0316,0.0241,0.008,0.0,0.0
1780080242151,2,Pitching Mound.Parent,,Delivery,pitch.1,774112,3.6688,12.5814,38.9138,-74.3057,53.5616,-11.1349,-0.141,0.0904
1780080242152,2,11.0000004b,Drive,Delivery,pitch.1,775973,0.1802,-0.0546,0.0676,0.0398,0.0303,0.0065,0.0,0.0
1780080242152,2,12.00000015,Lower Delivery,Delivery,pitch.1,775483,3.2462,13.174,36.3967,-82.7516,51.0662,-9.8896,-0.1438,-0.233
1780080242152,2,12.00000018,Upper Delivery,Delivery,pitch.1,776769,0.4733,-0.8785,1.406,-0.1336,-0.004,0.5028,0.0,0.0
1780080242152,2,Pitching Mound.Delivery,,Delivery,pitch.1,774857,3.6682,12.4129,37.8471,-70.8612,49.9397,-10.6365,-0.1353,0.0909
1780080242152,2,Pitching Mound.Drive,,Delivery,pitch.1,775973,0.1802,-0.0546,0.0676,0.0398,0.0303,0.0065,0.0,0.0
1780080242152,2,Pitching Mound.Parent,,Delivery,pitch.1,774113,3.8454,12.3594,37.9163,-70.8297,49.9638,-10.6285,-0.135,0.0908
1780080242153,2,11.0000004b,Drive,Delivery,pitch.1,775974,0.2171,-0.0681,0.0786,0.0396,0.0279,0.0055,0.0,0.0
1780080242153,2,12.00000015,Lower Delivery,Delivery,pitch.1,775484,3.3196,13.0316,35.5412,-80.0847,49.7155,-9.7355,-0.1434,-0.231
1780080242153,2,12.00000018,Upper Delivery,Delivery,pitch.1,776770,0.4488,-0.9072,1.5127,-0.1458,0.0031,0.6391,0.0,0.0
1780080242153,2,Pitching Mound.Delivery,,Delivery,pitch.1,774858,3.6949,12.2668,37.9095,-71.0368,51.0693,-10.2016,-0.1381,0.0891
1780080242153,2,Pitching Mound.Drive,,Delivery,pitch.1,775974,0.2171,-0.0681,0.0786,0.0396,0.0279,0.0055,0.0,0.0
1780080242153,2,Pitching Mound.Parent,,Delivery,pitch.1,774114,3.8751,12.2122,37.9771,-70.997,51.0996,-10.1951,-0.1378,0.089
1780080242154,2,11.0000004b,Drive,Delivery,pitch.1,775975,0.2294,-0.0727,0.0804,0.0362,0.0271,0.0053,0.0,0.0
1780080242154,2,12.00000015,Lower Delivery,Delivery,pitch.1,775485,3.3537,12.8325,34.7495,-78.213,48.5305,-9.4576,-0.1431,-0.2307
1780080242154,2,12.00000018,Upper Delivery,Delivery,pitch.1,776771,0.4482,-0.9054,1.4941,-0.15,0.0056,0.6866,0.0,0.0
1780080242154,2,Pitching Mound.Delivery,,Delivery,pitch.1,774859,3.7678,12.1262,37.0353,-68.6587,49.7211,-10.0251,-0.1376,0.0909
1780080242154,2,Pitching Mound.Drive,,Delivery,pitch.1,775975,0.2294,-0.0727,0.0804,0.0362,0.0271,0.0053,0.0,0.0
1780080242154,2,Pitching Mound.Parent,,Delivery,pitch.1,774115,3.9848,12.0581,37.1139,-68.6191,49.749,-10.0196,-0.1373,0.0907
1780080242155,2,11.0000004b,Drive,Delivery,pitch.1,775976,0.2248,-0.0711,0.0824,0.0397,0.0298,0.0057,0.0,0.0
1780080242155,2,12.00000015,Lower Delivery,Delivery,pitch.1,775486,3.3871,12.6535,33.7379,-76.1509,47.5836,-9.2608,-0.1446,-0.2313
1780080242155,2,12.00000018,Upper Delivery,Delivery,pitch.1,776772,0.4275,-0.9532,1.5984,-0.2106,0.0767,0.7954,0.0,0.0
1780080242155,2,Pitching Mound.Delivery,,Delivery,pitch.1,774860,3.7812,11.8793,36.3479,-67.1522,48.6072,-9.6572,-0.1368,0.0895
1780080242155,2,Pitching Mound.Drive,,Delivery,pitch.1,775976,0.2248,-0.0711,0.0824,0.0397,0.0298,0.0057,0.0,0.0
1780080242155,2,Pitching Mound.Parent,,Delivery,pitch.1,774116,4.0106,11.8066,36.4283,-67.116,48.6343,-9.6519,-0.1365,0.0894
1780080242156,2,11.0000004b,Drive,Delivery,pitch.1,775977,0.2157,-0.0679,0.0814,0.0494,0.0334,0.005,0.0,0.0
1780080242156,2,12.00000015,Lower Delivery,Delivery,pitch.1,775487,3.426,12.504,33.1089,-74.6969,46.341,-9.0363,-0.1435,-0.2312
1780080242156,2,12.00000018,Upper Delivery,Delivery,pitch.1,776773,0.4116,-1.0145,1.7861,0.1344,0.0056,0.8905,0.0,0.0
1780080242156,2,12.00000018,Upper Delivery,Delivery,pitch.1,776774,0.4109,-1.0602,1.8749,0.4486,0.178,1.025,0.0,0.0
1780080242156,2,Pitching Mound.Delivery,,Delivery,pitch.1,774861,3.7987,11.6389,35.524,-65.1529,47.5893,-9.3819,-0.1373,0.0861
1780080242156,2,Pitching Mound.Delivery,,Delivery,pitch.1,774862,3.837,11.4438,34.9838,-63.6287,46.5191,-9.0364,-0.1358,0.0847
1780080242156,2,Pitching Mound.Drive,,Delivery,pitch.1,775977,0.2157,-0.0679,0.0814,0.0494,0.0334,0.005,0.0,0.0
1780080242156,2,Pitching Mound.Parent,,Delivery,pitch.1,774117,4.0235,11.5679,35.6064,-65.1133,47.619,-9.3762,-0.137,0.0859
1780080242156,2,Pitching Mound.Parent,,Delivery,pitch.1,774118,4.0526,11.376,35.0652,-63.5793,46.5524,-9.0314,-0.1355,0.0845
1780080242157,2,11.0000004b,Drive,Delivery,pitch.1,775978,0.1846,-0.0568,0.0725,0.0392,0.0299,0.0071,0.0,0.0
1780080242157,2,12.00000015,Lower Delivery,Delivery,pitch.1,775488,3.4351,12.3559,32.4125,-72.6926,45.4934,-8.9106,-0.1439,-0.2299
1780080242157,2,Pitching Mound.Drive,,Delivery,pitch.1,775978,0.1846,-0.0568,0.0725,0.0392,0.0299,0.0071,0.0,0.0
1780080242158,2,11.0000004b,Drive,Delivery,pitch.1,775979,0.1646,-0.0497,0.0598,0.047,0.035,0.0054,0.0,0.0
1780080242158,2,12.00000015,Lower Delivery,Delivery,pitch.1,775489,3.4913,12.1457,31.4147,-70.1755,44.4167,-8.7715,-0.1449,-0.229
1780080242158,2,12.00000018,Upper Delivery,Delivery,pitch.1,776775,0.4027,-1.0629,1.8909,0.7619,0.467,1.0696,0.0,0.0
1780080242158,2,12.00000018,Upper Delivery,Delivery,pitch.1,776776,0.3728,-1.105,1.9694,0.7626,0.4986,1.0838,0.0,0.0
1780080242158,2,Pitching Mound.Delivery,,Delivery,pitch.1,774863,3.8378,11.293,34.3035,-61.5533,45.9604,-8.8721,-0.1359,0.0853
1780080242158,2,Pitching Mound.Delivery,,Delivery,pitch.1,774864,3.8641,11.0406,33.3841,-59.4015,44.9153,-8.748,-0.1364,0.0844
1780080242158,2,Pitching Mound.Drive,,Delivery,pitch.1,775979,0.1646,-0.0497,0.0598,0.047,0.035,0.0054,0.0,0.0
1780080242158,2,Pitching Mound.Parent,,Delivery,pitch.1,774119,4.0224,11.2362,34.3759,-61.5141,45.9903,-8.865,-0.1356,0.0851
1780080242158,2,Pitching Mound.Parent,,Delivery,pitch.1,774120,4.0287,10.991,33.4439,-59.3545,44.9503,-8.7426,-0.1361,0.0843
1780080242159,2,11.0000004b,Drive,Delivery,pitch.1,775980,0.1577,-0.0471,0.0604,0.0389,0.0299,0.0061,0.0,0.0
1780080242159,2,12.00000015,Lower Delivery,Delivery,pitch.1,775490,3.4985,11.9497,30.2905,-67.1158,43.0343,-8.623,-0.1456,-0.2271
1780080242159,2,Pitching Mound.Drive,,Delivery,pitch.1,775980,0.1577,-0.0471,0.0604,0.0389,0.0299,0.0061,0.0,0.0
1780080242160,2,11.0000004b,Drive,Delivery,pitch.1,775981,0.1648,-0.0494,0.0647,0.0462,0.0354,0.0059,0.0,0.0
1780080242160,2,12.00000015,Lower Delivery,Delivery,pitch.1,775491,3.4811,11.7514,29.5316,-65.8152,42.4006,-8.3216,-0.1472,-0.2284
1780080242160,2,12.00000018,Upper Delivery,Delivery,pitch.1,776778,0.3273,-1.1875,2.096,1.5263,0.682,1.212,0.0,0.0
1780080242160,2,12.00000018,Upper Delivery,Delivery,pitch.1,776777,0.3553,-1.1665,2.1263,1.4305,0.6774,1.1901,0.0,0.0
1780080242160,2,Pitching Mound.Delivery,,Delivery,pitch.1,774866,3.8085,10.5639,31.6277,-54.9608,43.0827,-8.1819,-0.1374,0.0816
1780080242160,2,Pitching Mound.Delivery,,Delivery,pitch.1,774865,3.8538,10.7831,32.4168,-56.1094,43.7117,-8.5015,-0.1361,0.0832
1780080242160,2,Pitching Mound.Drive,,Delivery,pitch.1,775981,0.1648,-0.0494,0.0647,0.0462,0.0354,0.0059,0.0,0.0
1780080242160,2,Pitching Mound.Parent,,Delivery,pitch.1,774122,3.9733,10.5145,31.6924,-54.9146,43.1181,-8.176,-0.1371,0.0815
1780080242160,2,Pitching Mound.Parent,,Delivery,pitch.1,774121,4.0115,10.736,32.4772,-56.0705,43.7416,-8.4955,-0.1358,0.083
1780080242161,2,11.0000004b,Drive,Delivery,pitch.1,775982,0.1771,-0.0538,0.0713,0.0484,0.0349,0.0061,0.0,0.0
1780080242161,2,12.00000015,Lower Delivery,Delivery,pitch.1,775492,3.451,11.6256,28.654,-63.4564,40.8094,-8.2772,-0.146,-0.227
1780080242161,2,Pitching Mound.Drive,,Delivery,pitch.1,775982,0.1771,-0.0538,0.0713,0.0484,0.0349,0.0061,0.0,0.0
1780080242162,2,11.0000004b,Drive,Delivery,pitch.1,775983,0.146,-0.0427,0.0547,0.0491,0.037,0.0058,0.0,0.0
1780080242162,2,12.00000015,Lower Delivery,Delivery,pitch.1,775493,3.4173,11.4616,27.6935,-61.2641,39.3809,-8.0828,-0.1458,-0.2267
1780080242162,2,12.00000018,Upper Delivery,Delivery,pitch.1,776780,0.3177,-1.2148,2.2362,1.7941,0.6713,1.2553,0.0,0.0
1780080242162,2,12.00000018,Upper Delivery,Delivery,pitch.1,776779,0.3087,-1.1902,2.1293,1.3942,0.5988,1.2262,0.0,0.0
1780080242162,2,Pitching Mound.Delivery,,Delivery,pitch.1,774868,3.735,10.2468,29.9298,-50.8145,40.0522,-7.8813,-0.1349,0.0794
1780080242162,2,Pitching Mound.Delivery,,Delivery,pitch.1,774867,3.7597,10.4355,30.7833,-53.0439,41.4082,-8.1194,-0.1359,0.0817
1780080242162,2,Pitching Mound.Drive,,Delivery,pitch.1,775983,0.146,-0.0427,0.0547,0.0491,0.037,0.0058,0.0,0.0
1780080242162,2,Pitching Mound.Parent,,Delivery,pitch.1,774124,3.881,10.2042,29.9845,-50.7654,40.0893,-7.8755,-0.1346,0.0792
1780080242162,2,Pitching Mound.Parent,,Delivery,pitch.1,774123,3.9368,10.3817,30.8546,-52.9955,41.4431,-8.1133,-0.1356,0.0815
1780080242163,2,11.0000004b,Drive,Delivery,pitch.1,775984,0.1475,-0.0433,0.0531,0.0524,0.0322,0.0054,0.0,0.0
1780080242163,2,12.00000015,Lower Delivery,Delivery,pitch.1,775494,3.3527,11.307,26.8447,-60.3135,38.6085,-7.9207,-0.1474,-0.2303
1780080242163,2,12.00000018,Upper Delivery,Delivery,pitch.1,776781,0.3032,-1.2149,2.2071,1.491,0.3294,1.2784,0.0,0.0
1780080242163,2,Pitching Mound.Delivery,,Delivery,pitch.1,774869,3.6559,10.092,29.0518,-50.4457,38.9379,-7.6791,-0.1362,0.0756
1780080242163,2,Pitching Mound.Drive,,Delivery,pitch.1,775984,0.1475,-0.0433,0.0531,0.0524,0.0322,0.0054,0.0,0.0
1780080242163,2,Pitching Mound.Parent,,Delivery,pitch.1,774125,3.8034,10.0488,29.1049,-50.3933,38.9701,-7.6737,-0.136,0.0754
1780080242164,2,11.0000004b,Drive,Delivery,pitch.1,775985,0.1288,-0.0366,0.0427,0.0547,0.0277,0.0045,0.0,0.0
1780080242164,2,12.00000015,Lower Delivery,Delivery,pitch.1,775495,3.3007,11.12,26.0513,-59.3977,37.5298,-7.721,-0.1477,-0.2337
1780080242164,2,12.00000018,Upper Delivery,Delivery,pitch.1,776782,0.3021,-1.2443,2.3527,1.7181,0.3566,1.3276,-0.0155,0.0748
1780080242164,2,Pitching Mound.Delivery,,Delivery,pitch.1,774870,3.6028,9.8756,28.404,-49.6221,37.8864,-7.4129,-0.1367,0.0755
1780080242164,2,Pitching Mound.Drive,,Delivery,pitch.1,775985,0.1288,-0.0366,0.0427,0.0547,0.0277,0.0045,0.0,0.0
1780080242164,2,Pitching Mound.Parent,,Delivery,pitch.1,774126,3.7316,9.839,28.4467,-49.5674,37.914,-7.4084,-0.1365,0.0754
1780080242165,2,11.0000004b,Drive,Delivery,pitch.1,775986,0.1457,-0.0425,0.0539,0.0572,0.0175,0.0038,0.0,0.0
1780080242165,2,12.00000015,Lower Delivery,Delivery,pitch.1,775496,3.2267,10.9787,24.9667,-57.9049,36.9971,-7.6114,-0.1519,-0.2377
1780080242165,2,12.00000018,Upper Delivery,Delivery,pitch.1,776783,0.2885,-1.2752,2.4249,1.5249,0.3652,1.3253,-0.0154,0.0645
1780080242165,2,Pitching Mound.Delivery,,Delivery,pitch.1,774871,3.5152,9.7034,27.3916,-48.7158,37.3623,-7.285,-0.1398,0.0688
1780080242165,2,Pitching Mound.Drive,,Delivery,pitch.1,775986,0.1457,-0.0425,0.0539,0.0572,0.0175,0.0038,0.0,0.0
1780080242165,2,Pitching Mound.Parent,,Delivery,pitch.1,774127,3.6609,9.6609,27.4455,-48.6585,37.3798,-7.2812,-0.1395,0.0687
1780080242166,2,11.0000004b,Drive,Delivery,pitch.1,775987,0.1655,-0.0495,0.0554,0.0721,-0.0704,0.0023,0.0,0.0
1780080242166,2,12.00000015,Lower Delivery,Delivery,pitch.1,775497,3.1462,10.8122,24.1501,-56.353,35.6259,-7.594,-0.1512,-0.2392
1780080242166,2,12.00000018,Upper Delivery,Delivery,pitch.1,776784,0.2805,-1.2535,2.4083,1.3949,0.3792,1.3522,-0.0161,0.0594
1780080242166,2,Pitching Mound.Delivery,,Delivery,pitch.1,774872,3.4267,9.5587,26.5583,-47.5659,36.0051,-7.2161,-0.139,0.0662
1780080242166,2,Pitching Mound.Drive,,Delivery,pitch.1,775987,0.1655,-0.0495,0.0554,0.0721,-0.0704,0.0023,0.0,0.0
1780080242166,2,Pitching Mound.Parent,,Delivery,pitch.1,774128,3.5922,9.5093,26.6137,-47.4937,35.9347,-7.2138,-0.1387,0.0661
1780080242167,2,11.0000004b,Drive,Delivery,pitch.1,775988,0.1674,-0.0502,0.0538,0.0627,-0.0277,0.0016,0.0,0.0
1780080242167,2,12.00000015,Lower Delivery,Delivery,pitch.1,775498,3.0877,10.6453,23.5027,-54.9278,34.3727,-7.5561,-0.1499,-0.2395
1780080242167,2,12.00000018,Upper Delivery,Delivery,pitch.1,776785,0.3063,-1.2539,2.4097,1.3361,0.4582,1.2729,-0.0195,0.0568
1780080242167,2,Pitching Mound.Delivery,,Delivery,pitch.1,774873,3.3939,9.3913,25.9124,-46.4201,34.8308,-7.2289,-0.1378,0.0648
1780080242167,2,Pitching Mound.Drive,,Delivery,pitch.1,775988,0.1674,-0.0502,0.0538,0.0627,-0.0277,0.0016,0.0,0.0
1780080242167,2,Pitching Mound.Parent,,Delivery,pitch.1,774129,3.5614,9.3411,25.9662,-46.3574,34.8031,-7.2273,-0.1375,0.0647
1780080242168,2,11.0000004b,Drive,Delivery,pitch.1,775989,0.1834,-0.0563,0.0481,0.1289,-0.3879,-0.0039,0.0,0.0
1780080242168,2,12.00000015,Lower Delivery,Delivery,pitch.1,775499,3.0148,10.4902,22.5532,-53.31,33.6395,-7.2922,-0.1529,-0.2423
1780080242168,2,12.00000018,Upper Delivery,Delivery,pitch.1,776786,0.3166,-1.2958,2.3587,1.0247,0.5345,1.2893,-0.0232,0.0445
1780080242168,2,Pitching Mound.Delivery,,Delivery,pitch.1,774874,3.3314,9.1944,24.9118,-45.4192,34.174,-6.9202,-0.1406,0.0605
1780080242168,2,Pitching Mound.Drive,,Delivery,pitch.1,775989,0.1834,-0.0563,0.0481,0.1289,-0.3879,-0.0039,0.0,0.0
1780080242168,2,Pitching Mound.Parent,,Delivery,pitch.1,774130,3.5147,9.1381,24.9599,-45.2903,33.786,-6.9242,-0.1403,0.0604
1780080242169,2,11.0000004b,Drive,Delivery,pitch.1,775990,0.2077,-0.0649,0.0558,0.1044,-0.2319,-0.003,0.0,0.0
1780080242169,2,12.00000015,Lower Delivery,Delivery,pitch.1,775500,2.9494,10.2598,21.6725,-51.2784,32.7284,-7.245,-0.1548,-0.2425
1780080242169,2,12.00000018,Upper Delivery,Delivery,pitch.1,776787,0.3256,-1.368,2.2858,0.9104,0.7764,1.3068,-0.0348,0.0408
1780080242169,2,Pitching Mound.Delivery,,Delivery,pitch.1,774875,3.275,8.8918,23.9583,-43.7765,33.5048,-6.8303,-0.1433,0.0596
1780080242169,2,Pitching Mound.Drive,,Delivery,pitch.1,775990,0.2077,-0.0649,0.0558,0.1044,-0.2319,-0.003,0.0,0.0
1780080242169,2,Pitching Mound.Parent,,Delivery,pitch.1,774131,3.4827,8.8269,24.014,-43.6721,33.2729,-6.8333,-0.143,0.0595
1780080242170,2,11.0000004b,Drive,Delivery,pitch.1,775991,0.2158,-0.0679,0.0592,0.1434,-0.4542,-0.0048,0.0,0.0
1780080242170,2,12.00000015,Lower Delivery,Delivery,pitch.1,775501,2.8955,10.0537,21.1822,-50.1396,31.8017,-7.0738,-0.1539,-0.2426
1780080242170,2,12.00000018,Upper Delivery,Delivery,pitch.1,776788,0.3147,-1.3708,2.2085,0.6569,0.6368,1.3163,0.0,0.0
1780080242170,2,Pitching Mound.Delivery,,Delivery,pitch.1,774876,3.2102,8.6829,23.3907,-43.0317,32.4385,-6.6349,-0.1394,0.0561
1780080242170,2,Pitching Mound.Drive,,Delivery,pitch.1,775991,0.2158,-0.0679,0.0592,0.1434,-0.4542,-0.0048,0.0,0.0
1780080242170,2,Pitching Mound.Parent,,Delivery,pitch.1,774132,3.426,8.615,23.4499,-42.8883,31.9843,-6.6398,-0.139,0.0559
1780080242171,2,11.0000004b,Drive,Delivery,pitch.1,775992,0.18,-0.0546,0.0507,0.1249,-0.3485,-0.003,0.0,0.0
1780080242171,2,12.00000015,Lower Delivery,Delivery,pitch.1,775502,2.8322,9.8474,20.2382,-48.2913,30.7132,-6.8953,-0.1555,-0.2446
1780080242171,2,12.00000018,Upper Delivery,Delivery,pitch.1,776789,0.3049,-1.3482,1.9823,0.2235,0.4006,1.3609,0.0,0.0
1780080242171,2,Pitching Mound.Delivery,,Delivery,pitch.1,774877,3.1371,8.4992,22.2205,-41.8608,31.1138,-6.3937,0.0,0.0
1780080242171,2,Pitching Mound.Drive,,Delivery,pitch.1,775992,0.18,-0.0546,0.0507,0.1249,-0.3485,-0.003,0.0,0.0
1780080242171,2,Pitching Mound.Parent,,Delivery,pitch.1,774133,3.3171,8.4446,22.2712,-41.7359,30.7653,-6.3967,-0.1413,0.0565
1780080242172,2,11.0000004b,Drive,Delivery,pitch.1,775993,0.1736,-0.052,0.0546,0.1154,-0.2947,-0.0021,0.0,0.0
1780080242172,2,12.00000015,Lower Delivery,Delivery,pitch.1,775503,2.7824,9.573,19.527,-46.3495,30.0645,-6.7933,-0.1578,-0.2433
1780080242172,2,12.00000018,Upper Delivery,Delivery,pitch.1,776790,0.3337,-1.3212,2.111,0.2936,0.3051,1.3736,0.0,0.0
1780080242172,2,Pitching Mound.Delivery,,Delivery,pitch.1,774878,3.116,8.2518,21.638,-40.1345,30.3696,-6.2523,0.0,0.0
1780080242172,2,Pitching Mound.Drive,,Delivery,pitch.1,775993,0.1736,-0.052,0.0546,0.1154,-0.2947,-0.0021,0.0,0.0
1780080242172,2,Pitching Mound.Parent,,Delivery,pitch.1,774134,3.2897,8.1998,21.6926,-40.0191,30.0749,-6.2544,0.0,0.0
1780080242173,2,11.0000004b,Drive,Delivery,pitch.1,775994,0.1794,-0.054,0.0587,0.1065,-0.2409,-0.0018,0.0,0.0
1780080242173,2,12.00000015,Lower Delivery,Delivery,pitch.1,775504,2.7287,9.4199,19.3508,-46.2263,29.5014,-6.6299,-0.1563,-0.2448
1780080242173,2,12.00000018,Upper Delivery,Delivery,pitch.1,776791,0.3142,-1.3885,1.8641,-0.05,0.4896,1.3574,0.0,0.0
1780080242173,2,Pitching Mound.Delivery,,Delivery,pitch.1,774879,3.0429,8.0314,21.2149,-40.3308,29.991,-6.0934,0.0,0.0
1780080242173,2,Pitching Mound.Drive,,Delivery,pitch.1,775994,0.1794,-0.054,0.0587,0.1065,-0.2409,-0.0018,0.0,0.0
1780080242173,2,Pitching Mound.Parent,,Delivery,pitch.1,774135,3.2223,7.9773,21.2736,-40.2243,29.7501,-6.0952,0.0,0.0
1780080242174,2,11.0000004b,Drive,Delivery,pitch.1,775995,0.1797,-0.0541,0.0649,0.0947,-0.1881,0.0001,0.0,0.0
1780080242174,2,12.00000015,Lower Delivery,Delivery,pitch.1,775505,2.646,9.1529,18.2772,-43.6961,28.2894,-6.4975,-0.1586,-0.245
1780080242174,2,12.00000018,Upper Delivery,Delivery,pitch.1,776792,0.3095,-1.3662,1.7935,-0.1328,0.5539,1.393,0.0,0.0
1780080242174,2,Pitching Mound.Delivery,,Delivery,pitch.1,774880,2.9555,7.7866,20.0707,-38.2245,28.8433,-5.899,0.0,0.0
1780080242174,2,Pitching Mound.Drive,,Delivery,pitch.1,775995,0.1797,-0.0541,0.0649,0.0947,-0.1881,0.0001,0.0,0.0
1780080242174,2,Pitching Mound.Parent,,Delivery,pitch.1,774136,3.1352,7.7326,20.1356,-38.1298,28.6552,-5.8988,0.0,0.0
1780080242175,2,11.0000004b,Drive,Delivery,pitch.1,775996,0.1425,-0.0406,0.0605,0.0679,-0.0578,0.0016,0.0,0.0
1780080242175,2,12.00000015,Lower Delivery,Delivery,pitch.1,775506,2.5852,8.9045,17.29,-41.6665,27.2825,-6.388,-0.1617,-0.247
1780080242175,2,12.00000018,Upper Delivery,Delivery,pitch.1,776793,0.3196,-1.3776,1.7196,-0.3436,0.6949,1.3639,0.0,0.0
1780080242175,2,Pitching Mound.Delivery,,Delivery,pitch.1,774881,2.9048,7.5269,19.0096,-36.7162,27.9775,-5.7944,0.0,0.0
1780080242175,2,Pitching Mound.Drive,,Delivery,pitch.1,775996,0.1425,-0.0406,0.0605,0.0679,-0.0578,0.0016,0.0,0.0
1780080242175,2,Pitching Mound.Parent,,Delivery,pitch.1,774137,3.0473,7.4863,19.0701,-36.6483,27.9197,-5.7928,0.0,0.0
1780080242176,2,11.0000004b,Drive,Delivery,pitch.1,775997,0.1205,-0.0328,0.0489,0.0467,0.0227,0.003,0.0,0.0
1780080242176,2,12.00000015,Lower Delivery,Delivery,pitch.1,775507,2.5257,8.7357,16.9771,-41.0932,26.3601,-6.1259,-0.1591,-0.2481
1780080242176,2,12.00000018,Upper Delivery,Delivery,pitch.1,776794,0.3199,-1.3405,1.8621,-0.3713,0.7437,1.3667,0.0,0.0
1780080242176,2,Pitching Mound.Delivery,,Delivery,pitch.1,774882,2.8457,7.3953,18.8392,-36.3255,27.1037,-5.5092,0.0,0.0
1780080242176,2,Pitching Mound.Drive,,Delivery,pitch.1,775997,0.1205,-0.0328,0.0489,0.0467,0.0227,0.003,0.0,0.0
1780080242176,2,Pitching Mound.Parent,,Delivery,pitch.1,774138,2.9662,7.3624,18.8881,-36.2787,27.1264,-5.5062,0.0,0.0
1780080242177,2,11.0000004b,Drive,Delivery,pitch.1,775998,0.1125,-0.0305,0.0334,0.0364,0.0275,0.0054,0.0,0.0
1780080242177,2,12.00000015,Lower Delivery,Delivery,pitch.1,775508,2.4494,8.5557,16.2134,-39.3314,25.3422,-6.0093,-0.1602,-0.2486
1780080242177,2,12.00000018,Upper Delivery,Delivery,pitch.1,776795,0.2862,-1.3871,1.5468,-0.528,0.8162,1.393,0.0,0.0
1780080242177,2,Pitching Mound.Delivery,,Delivery,pitch.1,774883,2.7355,7.1687,17.7602,-34.8728,26.1584,-5.3518,0.0,0.0
1780080242177,2,Pitching Mound.Drive,,Delivery,pitch.1,775998,0.1125,-0.0305,0.0334,0.0364,0.0275,0.0054,0.0,0.0
1780080242177,2,Pitching Mound.Parent,,Delivery,pitch.1,774139,2.848,7.1382,17.7936,-34.8364,26.1859,-5.3464,0.0,0.0
1780080242178,2,11.0000004b,Drive,Delivery,pitch.1,775999,0.1038,-0.0283,0.0099,0.0335,0.03,0.0071,0.0,0.0
1780080242178,2,12.00000015,Lower Delivery,Delivery,pitch.1,775509,2.3915,8.3466,15.6726,-38.1735,24.5595,-5.8945,-0.1606,-0.2496
1780080242178,2,12.00000018,Upper Delivery,Delivery,pitch.1,776796,0.296,-1.3414,1.6893,-0.5486,0.8383,1.4309,0.0,0.0
1780080242178,2,Pitching Mound.Delivery,,Delivery,pitch.1,774884,2.6875,7.0052,17.3619,-33.9678,25.3978,-5.1761,0.0,0.0
1780080242178,2,Pitching Mound.Drive,,Delivery,pitch.1,775999,0.1038,-0.0283,0.0099,0.0335,0.03,0.0071,0.0,0.0
1780080242178,2,Pitching Mound.Parent,,Delivery,pitch.1,774140,2.7913,6.9769,17.3717,-33.9343,25.4278,-5.169,0.0,0.0
1780080242179,2,11.0000004b,Drive,Delivery,pitch.1,776000,0.1041,-0.0289,-0.006,0.027,0.0312,0.0086,0.0,0.0
1780080242179,2,12.00000015,Lower Delivery,Delivery,pitch.1,775510,2.3375,8.084,15.1974,-36.2373,23.7054,-5.8239,-0.1599,-0.2444
1780080242179,2,12.00000018,Upper Delivery,Delivery,pitch.1,776797,0.2781,-1.3706,1.7057,-0.5874,0.8752,1.4661,0.0,0.0
1780080242179,2,Pitching Mound.Delivery,,Delivery,pitch.1,774885,2.6157,6.7134,16.9031,-32.2375,24.5806,-5.058,0.0,0.0
1780080242179,2,Pitching Mound.Drive,,Delivery,pitch.1,776000,0.1041,-0.0289,-0.006,0.027,0.0312,0.0086,0.0,0.0
1780080242179,2,Pitching Mound.Parent,,Delivery,pitch.1,774141,2.7198,6.6845,16.8971,-32.2104,24.6118,-5.0494,0.0,0.0
1780080242180,2,11.0000004b,Drive,Delivery,pitch.1,776001,0.087,-0.0234,-0.0271,0.0263,0.0314,0.0079,0.0,0.0
1780080242180,2,12.00000015,Lower Delivery,Delivery,pitch.1,775511,2.2686,7.8197,14.6414,-34.1762,22.9207,-5.7586,-0.1605,-0.2392
1780080242180,2,12.00000018,Upper Delivery,Delivery,pitch.1,776798,0.3001,-1.3261,1.7349,-0.4226,0.8689,1.3848,0.0,0.0
1780080242180,2,Pitching Mound.Delivery,,Delivery,pitch.1,774886,2.5687,6.4936,16.3763,-30.2106,23.7895,-5.043,0.0,0.0
1780080242180,2,Pitching Mound.Drive,,Delivery,pitch.1,776001,0.087,-0.0234,-0.0271,0.0263,0.0314,0.0079,0.0,0.0
1780080242180,2,Pitching Mound.Parent,,Delivery,pitch.1,774142,2.6557,6.4702,16.3492,-30.1843,23.821,-5.0352,0.0,0.0
1780080242181,2,11.0000004b,Drive,Delivery,pitch.1,776002,0.1345,-0.0389,0.0238,0.0408,0.0388,0.0066,0.0,0.0
1780080242181,2,12.00000015,Lower Delivery,Delivery,pitch.1,775512,2.1858,7.6967,14.0954,-33.331,21.8402,-5.6593,-0.1588,-0.2424
1780080242181,2,12.00000018,Upper Delivery,Delivery,pitch.1,776799,0.2833,-1.3421,1.8942,-0.3931,0.8637,1.4052,0.0,0.0
1780080242181,2,Pitching Mound.Delivery,,Delivery,pitch.1,774887,2.4691,6.3547,15.9896,-29.5757,22.7039,-4.901,0.0,0.0
1780080242181,2,Pitching Mound.Drive,,Delivery,pitch.1,776002,0.1345,-0.0389,0.0238,0.0408,0.0388,0.0066,0.0,0.0
1780080242181,2,Pitching Mound.Parent,,Delivery,pitch.1,774143,2.6036,6.3157,16.0133,-29.5349,22.7427,-4.8944,0.0,0.0
1780080242182,2,11.0000004b,Drive,Delivery,pitch.1,776003,0.1504,-0.0439,0.0474,0.0513,0.0424,0.0053,0.0,0.0
1780080242182,2,12.00000015,Lower Delivery,Delivery,pitch.1,775513,2.144,7.4973,14.0528,-32.0098,21.2641,-5.6046,-0.1551,-0.2335
1780080242182,2,12.00000018,Upper Delivery,Delivery,pitch.1,776800,0.2619,-1.3569,1.83,-0.6692,0.9524,1.4164,0.0,0.0
1780080242182,2,Pitching Mound.Delivery,,Delivery,pitch.1,774888,2.4059,6.1403,15.8828,-28.5232,22.2165,-4.8282,0.0,0.0
1780080242182,2,Pitching Mound.Drive,,Delivery,pitch.1,776003,0.1504,-0.0439,0.0474,0.0513,0.0424,0.0053,0.0,0.0
1780080242182,2,Pitching Mound.Parent,,Delivery,pitch.1,774144,2.5563,6.0964,15.9303,-28.4719,22.259,-4.8229,0.0,0.0
1780080242183,2,11.0000004b,Drive,Delivery,pitch.1,776004,0.1414,-0.0417,0.0117,0.0618,0.0368,0.0045,0.0,0.0
1780080242183,2,12.00000015,Lower Delivery,Delivery,pitch.1,775514,2.049,7.277,13.5377,-29.89,20.4201,-5.4763,-0.1546,-0.2263
1780080242183,2,12.00000018,Upper Delivery,Delivery,pitch.1,776801,0.2479,-1.3095,2.0313,-0.6535,0.9201,1.4197,0.0,0.0
1780080242183,2,Pitching Mound.Delivery,,Delivery,pitch.1,774889,2.2969,5.9675,15.569,-26.6313,21.3402,-4.669,0.0,0.0
1780080242183,2,Pitching Mound.Drive,,Delivery,pitch.1,776004,0.1414,-0.0417,0.0117,0.0618,0.0368,0.0045,0.0,0.0
1780080242183,2,Pitching Mound.Parent,,Delivery,pitch.1,774145,2.4383,5.9258,15.5807,-26.5696,21.3771,-4.6644,0.0,0.0
1780080242184,2,11.0000004b,Drive,Delivery,pitch.1,776005,0.1548,-0.0457,0.0337,0.0694,0.0124,0.0038,0.0,0.0
1780080242184,2,12.00000015,Lower Delivery,Delivery,pitch.1,775515,1.9471,7.0475,12.8334,-27.9069,19.6742,-5.45,-0.1571,-0.2229
1780080242184,2,12.00000018,Upper Delivery,Delivery,pitch.1,776802,0.2417,-1.2755,2.12,-0.6714,0.9591,1.3834,0.0,0.0
1780080242184,2,Pitching Mound.Delivery,,Delivery,pitch.1,774890,2.1889,5.772,14.9534,-24.9357,20.6333,-4.6464,0.0,0.0
1780080242184,2,Pitching Mound.Drive,,Delivery,pitch.1,776005,0.1548,-0.0457,0.0337,0.0694,0.0124,0.0038,0.0,0.0
1780080242184,2,Pitching Mound.Parent,,Delivery,pitch.1,774146,2.3437,5.7262,14.9871,-24.8663,20.6458,-4.6426,0.0,0.0
1780080242185,2,11.0000004b,Drive,Delivery,pitch.1,776006,0.1491,-0.0437,0.0318,0.0801,-0.0565,0.0027,0.0,0.0
1780080242185,2,12.00000015,Lower Delivery,Delivery,pitch.1,775516,1.9178,6.8434,12.6417,-26.5736,18.7871,-5.2167,-0.1523,-0.2155
1780080242185,2,12.00000018,Upper Delivery,Delivery,pitch.1,776803,0.205,-1.2481,2.2516,-0.671,0.9272,1.401,0.0,0.0
1780080242185,2,Pitching Mound.Delivery,,Delivery,pitch.1,774891,2.1228,5.5953,14.8932,-23.712,19.7143,-4.398,0.0,0.0
1780080242185,2,Pitching Mound.Drive,,Delivery,pitch.1,776006,0.1491,-0.0437,0.0318,0.0801,-0.0565,0.0027,0.0,0.0
1780080242185,2,Pitching Mound.Parent,,Delivery,pitch.1,774147,2.2719,5.5516,14.9251,-23.6319,19.6579,-4.3954,0.0,0.0
1780080242186,2,11.0000004b,Drive,Delivery,pitch.1,776007,0.165,-0.0497,0.0196,0.1096,-0.2122,0.0008,0.0,0.0
1780080242186,2,12.00000015,Lower Delivery,Delivery,pitch.1,775517,1.8272,6.6439,12.5444,-25.1185,18.7526,-5.1914,-0.1532,-0.2052
1780080242186,2,12.00000018,Upper Delivery,Delivery,pitch.1,776804,0.1919,-1.2366,2.2476,-0.5073,0.7983,1.4078,0.0,0.0
1780080242186,2,Pitching Mound.Delivery,,Delivery,pitch.1,774892,2.0191,5.4073,14.792,-22.1249,19.5509,-4.3396,0.0,0.0
1780080242186,2,Pitching Mound.Drive,,Delivery,pitch.1,776007,0.165,-0.0497,0.0196,0.1096,-0.2122,0.0008,0.0,0.0
1780080242186,2,Pitching Mound.Parent,,Delivery,pitch.1,774148,2.1842,5.3576,14.8116,-22.0152,19.3387,-4.3388,0.0,0.0
1780080242187,2,11.0000004b,Drive,Delivery,pitch.1,776008,0.1862,-0.0561,0.0637,0.1588,-0.5026,-0.0029,0.0,0.0
1780080242187,2,12.00000015,Lower Delivery,Delivery,pitch.1,775518,1.7666,6.397,12.4101,-25.1781,16.8176,-4.8272,-0.1389,-0.2079
1780080242187,2,12.00000018,Upper Delivery,Delivery,pitch.1,776805,0.1776,-1.2133,2.2582,-0.5947,0.867,1.413,0.0,0.0
1780080242187,2,Pitching Mound.Delivery,,Delivery,pitch.1,774893,1.9442,5.1837,14.6683,-22.3211,17.6847,-3.9545,0.0,0.0
1780080242187,2,Pitching Mound.Drive,,Delivery,pitch.1,776008,0.1862,-0.0561,0.0637,0.1588,-0.5026,-0.0029,0.0,0.0
1780080242187,2,Pitching Mound.Parent,,Delivery,pitch.1,774149,2.1304,5.1276,14.7321,-22.1623,17.1821,-3.9573,0.0,0.0
1780080242188,2,11.0000004b,Drive,Delivery,pitch.1,776009,0.1881,-0.0572,0.0548,0.1733,-0.6226,-0.0048,0.0,0.0
1780080242188,2,12.00000015,Lower Delivery,Delivery,pitch.1,775519,1.6355,6.228,12.1031,-23.4217,16.7458,-4.8657,-0.1418,-0.1983
1780080242188,2,12.00000018,Upper Delivery,Delivery,pitch.1,776806,0.1798,-1.1485,2.3031,-0.3168,0.7041,1.4037,-0.0313,-0.0141
1780080242188,2,Pitching Mound.Delivery,,Delivery,pitch.1,774894,1.8153,5.0796,14.4062,-20.4066,17.4499,-3.957,0.0,0.0
1780080242188,2,Pitching Mound.Drive,,Delivery,pitch.1,776009,0.1881,-0.0572,0.0548,0.1733,-0.6226,-0.0048,0.0,0.0
1780080242188,2,Pitching Mound.Parent,,Delivery,pitch.1,774150,2.0033,5.0224,14.461,-20.2333,16.8273,-3.9617,0.0,0.0
1780080242189,2,11.0000004b,Drive,Delivery,pitch.1,776010,0.1994,-0.0611,0.0657,0.1788,-0.6547,-0.0068,0.0,0.0
1780080242189,2,12.00000015,Lower Delivery,Delivery,pitch.1,775520,1.5338,5.9981,11.8534,-21.7551,15.9878,-4.7222,-0.1382,-0.1881
1780080242189,2,12.00000018,Upper Delivery,Delivery,pitch.1,776807,0.1333,-1.1721,2.3623,-0.6068,0.8786,1.447,-0.0381,-0.0263
1780080242189,2,Pitching Mound.Delivery,,Delivery,pitch.1,774895,1.6672,4.826,14.2156,-19.1349,16.8663,-3.7513,0.0,0.0
1780080242189,2,Pitching Mound.Drive,,Delivery,pitch.1,776010,0.1994,-0.0611,0.0657,0.1788,-0.6547,-0.0068,0.0,0.0
1780080242189,2,Pitching Mound.Parent,,Delivery,pitch.1,774151,1.8666,4.7649,14.2813,-18.9561,16.2116,-3.7581,0.0,0.0
1780080242190,2,11.0000004b,Drive,Delivery,pitch.1,776011,0.191,-0.0581,0.0591,0.1887,-0.7092,-0.0066,0.0,0.0
1780080242190,2,12.00000015,Lower Delivery,Delivery,pitch.1,775521,1.4487,5.8079,11.943,-21.8035,15.132,-4.5837,-0.1299,-0.1871
1780080242190,2,12.00000018,Upper Delivery,Delivery,pitch.1,776808,0.0815,-1.0738,2.3512,-0.6796,0.9123,1.3085,-0.0398,-0.0296
1780080242190,2,Pitching Mound.Delivery,,Delivery,pitch.1,774896,1.5303,4.7341,14.2942,-19.2219,16.0443,-3.74,0.0,0.0
1780080242190,2,Pitching Mound.Drive,,Delivery,pitch.1,776011,0.191,-0.0581,0.0591,0.1887,-0.7092,-0.0066,0.0,0.0
1780080242190,2,Pitching Mound.Parent,,Delivery,pitch.1,774152,1.7213,4.6761,14.3533,-19.0332,15.3351,-3.7466,0.0,0.0
1780080242191,2,11.0000004b,Drive,Delivery,pitch.1,776012,0.2137,-0.0659,0.0748,0.1728,-0.6164,-0.0046,0.0,0.0
1780080242191,2,12.00000015,Lower Delivery,Delivery,pitch.1,775522,1.419,5.5921,11.4176,-21.2171,14.1877,-4.3457,-0.1274,-0.1905
1780080242191,2,12.00000018,Upper Delivery,Delivery,pitch.1,776809,0.0537,-1.2197,2.1028,-0.534,0.9215,1.4559,0.0,0.0
1780080242191,2,Pitching Mound.Delivery,,Delivery,pitch.1,774897,1.4727,4.3725,13.5204,-18.5841,15.1092,-3.3539,0.0,0.0
1780080242191,2,Pitching Mound.Drive,,Delivery,pitch.1,776012,0.2137,-0.0659,0.0748,0.1728,-0.6164,-0.0046,0.0,0.0
1780080242191,2,Pitching Mound.Parent,,Delivery,pitch.1,774153,1.6864,4.3066,13.5952,-18.4113,14.4927,-3.3585,0.0,0.0
1780080242192,2,11.0000004b,Drive,Delivery,pitch.1,776013,0.1934,-0.0589,0.0631,0.1575,-0.5321,-0.0047,0.0,0.0
1780080242192,2,12.00000015,Lower Delivery,Delivery,pitch.1,775523,1.2974,5.4056,11.0993,-20.335,13.7722,-4.2972,-0.1272,-0.1878
1780080242192,2,12.00000018,Upper Delivery,Delivery,pitch.1,776810,0.0683,-1.2268,1.8221,-0.6016,0.8766,1.4486,0.0,0.0
1780080242192,2,Pitching Mound.Delivery,,Delivery,pitch.1,774898,1.3658,4.1787,12.9214,-17.7824,14.6488,-3.2664,0.0,0.0
1780080242192,2,Pitching Mound.Drive,,Delivery,pitch.1,776013,0.1934,-0.0589,0.0631,0.1575,-0.5321,-0.0047,0.0,0.0
1780080242192,2,Pitching Mound.Parent,,Delivery,pitch.1,774154,1.5592,4.1198,12.9845,-17.6249,14.1167,-3.2712,0.0,0.0
1780080242193,2,11.0000004b,Drive,Delivery,pitch.1,776014,0.1998,-0.0609,0.0692,0.1748,-0.6512,-0.0038,0.0,0.0
1780080242193,2,12.00000015,Lower Delivery,Delivery,pitch.1,775524,1.1843,5.2297,11.1889,-18.8174,12.8982,-4.189,-0.1182,-0.1724
1780080242193,2,12.00000018,Upper Delivery,Delivery,pitch.1,776811,0.0872,-1.272,1.5775,-0.6292,0.891,1.3844,0.0,0.0
1780080242193,2,Pitching Mound.Delivery,,Delivery,pitch.1,774899,1.2715,3.9577,12.7664,-16.1787,13.7892,-3.1776,0.0,0.0
1780080242193,2,Pitching Mound.Drive,,Delivery,pitch.1,776014,0.1998,-0.0609,0.0692,0.1748,-0.6512,-0.0038,0.0,0.0
1780080242193,2,Pitching Mound.Parent,,Delivery,pitch.1,774155,1.4713,3.8968,12.8356,-16.0039,13.138,-3.1814,0.0,0.0
1780080242194,2,11.0000004b,Drive,Delivery,pitch.1,776015,0.1997,-0.0607,0.0786,0.1673,-0.6001,-0.0036,0.0,0.0
1780080242194,2,12.00000015,Lower Delivery,Delivery,pitch.1,775525,1.1066,5.0223,10.7061,-18.3783,12.2468,-4.0746,-0.1172,-0.1759
1780080242194,2,12.00000018,Upper Delivery,Delivery,pitch.1,776812,0.0586,-1.3366,1.5122,-0.7705,1.0111,1.4025,0.0,0.0
1780080242194,2,Pitching Mound.Delivery,,Delivery,pitch.1,774900,1.1652,3.6857,12.2183,-16.0229,13.2579,-3.0284,0.0,0.0
1780080242194,2,Pitching Mound.Drive,,Delivery,pitch.1,776015,0.1997,-0.0607,0.0786,0.1673,-0.6001,-0.0036,0.0,0.0
1780080242194,2,Pitching Mound.Parent,,Delivery,pitch.1,774156,1.3649,3.625,12.2969,-15.8556,12.6578,-3.0319,0.0,0.0
1780080242195,2,11.0000004b,Drive,Delivery,pitch.1,776016,0.2098,-0.0642,0.0859,0.1782,-0.6532,-0.0031,0.0,0.0
1780080242195,2,12.00000015,Lower Delivery,Delivery,pitch.1,775526,1.0328,4.8371,10.3476,-17.6688,11.7203,-3.9978,-0.1161,-0.175
1780080242195,2,12.00000018,Upper Delivery,Delivery,pitch.1,776813,0.0608,-1.3496,1.3931,-0.7482,0.9904,1.3961,0.0,0.0
1780080242195,2,Pitching Mound.Delivery,,Delivery,pitch.1,774901,1.0936,3.4875,11.7407,-15.3724,12.7107,-2.9322,0.0,0.0
1780080242195,2,Pitching Mound.Drive,,Delivery,pitch.1,776016,0.2098,-0.0642,0.0859,0.1782,-0.6532,-0.0031,0.0,0.0
1780080242195,2,Pitching Mound.Parent,,Delivery,pitch.1,774157,1.3035,3.4232,11.8266,-15.1942,12.0575,-2.9353,0.0,0.0
1780080242196,2,11.0000004b,Drive,Delivery,pitch.1,776017,0.2428,-0.0763,0.0925,0.1687,-0.5978,-0.003,0.0,0.0
1780080242196,2,12.00000015,Lower Delivery,Delivery,pitch.1,775527,0.9354,4.6119,10.2038,-16.8859,11.3245,-4.0018,-0.1138,-0.1696
1780080242196,2,12.00000018,Upper Delivery,Delivery,pitch.1,776814,0.0871,-1.3935,1.3634,-0.6935,0.9396,1.3435,0.0,0.0
1780080242196,2,Pitching Mound.Delivery,,Delivery,pitch.1,774902,1.0225,3.2184,11.5673,-14.5736,12.2641,-2.9467,0.0,0.0
1780080242196,2,Pitching Mound.Drive,,Delivery,pitch.1,776017,0.2428,-0.0763,0.0925,0.1687,-0.5978,-0.003,0.0,0.0
1780080242196,2,Pitching Mound.Parent,,Delivery,pitch.1,774158,1.2653,3.1421,11.6598,-14.4049,11.6663,-2.9496,0.0,0.0
1780080242197,2,11.0000004b,Drive,Delivery,pitch.1,776018,0.2389,-0.0749,0.092,0.1481,-0.4918,-0.0006,0.0,0.0
1780080242197,2,12.00000015,Lower Delivery,Delivery,pitch.1,775528,0.849,4.384,9.934,-16.5469,10.8191,-3.9972,-0.1116,-0.1707
1780080242197,2,12.00000018,Upper Delivery,Delivery,pitch.1,776815,0.0932,-1.3892,1.3449,-0.8575,1.0777,1.3617,0.0,0.0
1780080242197,2,Pitching Mound.Delivery,,Delivery,pitch.1,774903,0.9422,2.9947,11.2789,-14.4842,11.8968,-2.8925,0.0,0.0
1780080242197,2,Pitching Mound.Drive,,Delivery,pitch.1,776018,0.2389,-0.0749,0.092,0.1481,-0.4918,-0.0006,0.0,0.0
1780080242197,2,Pitching Mound.Parent,,Delivery,pitch.1,774159,1.1811,2.9199,11.3709,-14.336,11.405,-2.8931,0.0,0.0
1780080242198,2,11.0000004b,Drive,Delivery,pitch.1,776019,0.2242,-0.0695,0.087,0.1345,-0.4215,0.0016,0.0,0.0
1780080242198,2,12.00000015,Lower Delivery,Delivery,pitch.1,775529,0.7852,4.2056,9.6891,-15.4695,9.8266,-3.8519,-0.1039,-0.1636
1780080242198,2,12.00000018,Upper Delivery,Delivery,pitch.1,776816,0.102,-1.401,1.3187,-0.741,0.9759,1.3141,0.0,0.0
1780080242198,2,Pitching Mound.Delivery,,Delivery,pitch.1,774904,0.8872,2.8047,11.0078,-13.3645,10.8025,-2.7701,0.0,0.0
1780080242198,2,Pitching Mound.Drive,,Delivery,pitch.1,776019,0.2242,-0.0695,0.087,0.1345,-0.4215,0.0016,0.0,0.0
1780080242198,2,Pitching Mound.Parent,,Delivery,pitch.1,774160,1.1114,2.7351,11.0948,-13.23,10.381,-2.7685,0.0,0.0
1780080242199,2,11.0000004b,Drive,Delivery,pitch.1,776020,0.2353,-0.0735,0.0907,0.1454,-0.4703,0.0016,0.0,0.0
1780080242199,2,12.00000015,Lower Delivery,Delivery,pitch.1,775530,0.7211,4.0135,9.3915,-14.8253,9.7193,-3.7845,-0.1061,-0.1618
1780080242199,2,12.00000018,Upper Delivery,Delivery,pitch.1,776817,0.0716,-1.4122,1.364,-0.8628,1.0773,1.3188,0.0,0.0
1780080242199,2,Pitching Mound.Delivery,,Delivery,pitch.1,774905,0.7927,2.6013,10.7555,-12.9588,10.7965,-2.6865,0.0,0.0
1780080242199,2,Pitching Mound.Drive,,Delivery,pitch.1,776020,0.2353,-0.0735,0.0907,0.1454,-0.4703,0.0016,0.0,0.0
1780080242199,2,Pitching Mound.Parent,,Delivery,pitch.1,774161,1.028,2.5278,10.8461,-12.8133,10.3262,-2.6849,0.0,0.0
1780080242200,2,11.0000004b,Drive,Delivery,pitch.1,776021,0.242,-0.0761,0.0889,0.16,-0.5959,0.0002,0.0,0.0
1780080242200,2,12.00000015,Lower Delivery,Delivery,pitch.1,775531,0.6446,3.8243,9.4065,-14.1855,9.2762,-3.6993,-0.1011,-0.1546
1780080242200,2,12.00000018,Upper Delivery,Delivery,pitch.1,776818,0.051,-1.403,1.3372,-0.7853,1.0119,1.3058,0.0,0.0
1780080242200,2,Pitching Mound.Delivery,,Delivery,pitch.1,774906,0.6955,2.4212,10.7437,-12.2273,10.2881,-2.5953,0.0,0.0
1780080242200,2,Pitching Mound.Drive,,Delivery,pitch.1,776021,0.242,-0.0761,0.0889,0.16,-0.5959,0.0002,0.0,0.0
1780080242200,2,Pitching Mound.Parent,,Delivery,pitch.1,774162,0.9375,2.3452,10.8326,-12.0673,9.6922,-2.5951,0.0,0.0
1780080242201,2,11.0000004b,Drive,Delivery,pitch.1,776022,0.2254,-0.0702,0.0775,0.1348,-0.5699,0.0004,0.0,0.0
1780080242201,2,12.00000015,Lower Delivery,Delivery,pitch.1,775532,0.6066,3.6662,9.1567,-13.5354,8.7003,-3.6266,-0.0974,-0.1515
1780080242201,2,12.00000018,Upper Delivery,Delivery,pitch.1,776819,0.1046,-1.3526,1.305,-0.6861,0.9193,1.2391,0.0,0.0
1780080242201,2,Pitching Mound.Delivery,,Delivery,pitch.1,774907,0.7111,2.3136,10.4618,-11.5519,9.6196,-2.5583,0.0,0.0
1780080242201,2,Pitching Mound.Drive,,Delivery,pitch.1,776022,0.2254,-0.0702,0.0775,0.1348,-0.5699,0.0004,0.0,0.0
1780080242201,2,Pitching Mound.Parent,,Delivery,pitch.1,774163,0.9365,2.2433,10.5393,-11.4171,9.0497,-2.5578,0.0,0.0
1780080242202,2,11.0000004b,Drive,Delivery,pitch.1,776023,0.2019,-0.0621,0.0647,0.1231,-0.641,-0.0037,0.0,0.0
1780080242202,2,12.00000015,Lower Delivery,Delivery,pitch.1,775533,0.5901,3.5069,9.3351,-12.6736,8.753,-3.5237,-0.0961,-0.1392
1780080242202,2,12.00000018,Upper Delivery,Delivery,pitch.1,776820,0.0854,-1.3224,1.3637,-0.7196,0.9437,1.2322,0.0,0.0
1780080242202,2,Pitching Mound.Delivery,,Delivery,pitch.1,774908,0.6755,2.1844,10.6988,-10.683,9.6967,-2.4631,0.0,0.0
1780080242202,2,Pitching Mound.Drive,,Delivery,pitch.1,776023,0.2019,-0.0621,0.0647,0.1231,-0.641,-0.0037,0.0,0.0
1780080242202,2,Pitching Mound.Parent,,Delivery,pitch.1,774164,0.8775,2.1223,10.7635,-10.5599,9.0557,-2.4668,0.0,0.0
1780080242203,2,11.0000004b,Drive,Delivery,pitch.1,776024,0.2195,-0.0692,0.0707,0.0791,-0.52,-0.0033,0.0,0.0
1780080242203,2,12.00000015,Lower Delivery,Delivery,pitch.1,775534,0.4534,3.332,8.8636,-12.0334,7.9768,-3.4112,-0.0922,-0.1391
1780080242203,2,12.00000018,Upper Delivery,Delivery,pitch.1,776821,0.0612,-1.3422,1.4266,-0.6779,0.91,1.2472,0.0,0.0
1780080242203,2,Pitching Mound.Delivery,,Delivery,pitch.1,774909,0.5146,1.9898,10.2902,-10.1827,8.8868,-2.2973,0.0,0.0
1780080242203,2,Pitching Mound.Drive,,Delivery,pitch.1,776024,0.2195,-0.0692,0.0707,0.0791,-0.52,-0.0033,0.0,0.0
1780080242203,2,Pitching Mound.Parent,,Delivery,pitch.1,774165,0.734,1.9206,10.3609,-10.1036,8.3668,-2.3006,0.0,0.0
1780080242204,2,11.0000004b,Drive,Delivery,pitch.1,776025,0.2324,-0.0762,0.0785,0.0707,-0.43,-0.0026,0.0,0.0
1780080242204,2,12.00000015,Lower Delivery,Delivery,pitch.1,775535,0.3822,3.1786,8.6678,-11.5276,7.6575,-3.2786,-0.0905,-0.1363
1780080242204,2,12.00000018,Upper Delivery,Delivery,pitch.1,776822,0.0583,-1.3075,1.4629,-0.4485,0.9517,1.2484,0.0,0.0
1780080242204,2,Pitching Mound.Delivery,,Delivery,pitch.1,774910,0.4405,1.8711,10.1307,-9.5264,8.6092,-2.1403,0.0,0.0
1780080242204,2,Pitching Mound.Drive,,Delivery,pitch.1,776025,0.2324,-0.0762,0.0785,0.0707,-0.43,-0.0026,0.0,0.0
1780080242204,2,Pitching Mound.Parent,,Delivery,pitch.1,774166,0.6728,1.7949,10.2092,-9.4557,8.1792,-2.143,0.0,0.0
1780080242205,2,11.0000004b,Drive,Delivery,pitch.1,776026,0.2492,-0.084,0.0828,0.0684,-0.2389,0.0001,0.0,0.0
1780080242205,2,12.00000015,Lower Delivery,Delivery,pitch.1,775536,0.3581,3.0684,8.4898,-10.7087,7.3405,-3.1371,-0.0886,-0.1293
1780080242205,2,12.00000015,Lower Delivery,Delivery,pitch.1,775537,0.2299,2.8823,8.0958,-10.5288,6.909,-3.0343,-0.0875,-0.1333
1780080242205,2,12.00000018,Upper Delivery,Delivery,pitch.1,776823,0.0757,-1.2784,1.5272,-0.4197,0.7655,1.1525,0.0,0.0
1780080242205,2,Pitching Mound.Delivery,,Delivery,pitch.1,774911,0.4339,1.79,10.017,-8.7611,8.1061,-2.0806,0.0,0.0
1780080242205,2,Pitching Mound.Drive,,Delivery,pitch.1,776026,0.2492,-0.084,0.0828,0.0684,-0.2389,0.0001,0.0,0.0
1780080242205,2,Pitching Mound.Parent,,Delivery,pitch.1,774167,0.6831,1.7059,10.0997,-8.6927,7.8671,-2.0805,0.0,0.0
1780080242206,2,11.0000004b,Drive,Delivery,pitch.1,776027,0.2445,-0.0931,0.1076,0.0759,-0.2937,0.0005,0.0,0.0
1780080242206,2,12.00000018,Upper Delivery,Delivery,pitch.1,776824,0.0505,-1.2794,1.5148,-0.1987,0.8044,1.1666,0.0,0.0
1780080242206,2,Pitching Mound.Delivery,,Delivery,pitch.1,774912,0.2804,1.6029,9.6106,-8.4901,7.7134,-1.9288,0.0,0.0
1780080242206,2,Pitching Mound.Drive,,Delivery,pitch.1,776027,0.2445,-0.0931,0.1076,0.0759,-0.2937,0.0005,0.0,0.0
1780080242206,2,Pitching Mound.Parent,,Delivery,pitch.1,774168,0.5249,1.5098,9.7182,-8.4141,7.4197,-1.9283,0.0,0.0
1780080242207,2,11.0000004b,Drive,Delivery,pitch.1,776028,0.2496,-0.0894,0.1071,0.083,-0.2285,-0.0003,0.0,0.0
1780080242207,2,11.0000004b,Drive,Delivery,pitch.1,776029,0.2223,-0.0864,0.1088,0.0848,-0.3122,-0.0026,0.0,0.0
1780080242207,2,12.00000015,Lower Delivery,Delivery,pitch.1,775538,0.1293,2.7528,7.8355,-10.1736,7.3147,-2.9042,-0.0957,-0.1331
1780080242207,2,12.00000018,Upper Delivery,Delivery,pitch.1,776825,0.0541,-1.265,1.5488,0.1271,0.7995,1.1476,0.0,0.0
1780080242207,2,Pitching Mound.Delivery,,Delivery,pitch.1,774913,0.1834,1.4879,9.3843,-7.9091,8.1142,-1.7822,0.0,0.0
1780080242207,2,Pitching Mound.Drive,,Delivery,pitch.1,776028,0.2496,-0.0894,0.1071,0.083,-0.2285,-0.0003,0.0,0.0
1780080242207,2,Pitching Mound.Drive,,Delivery,pitch.1,776029,0.2223,-0.0864,0.1088,0.0848,-0.3122,-0.0026,0.0,0.0
1780080242207,2,Pitching Mound.Parent,,Delivery,pitch.1,774169,0.433,1.3985,9.4914,-7.8261,7.8856,-1.7825,0.0,0.0
1780080242208,2,11.0000004b,Drive,Delivery,pitch.1,776030,0.2264,-0.0782,0.0888,0.0922,-0.2617,-0.0008,0.0,0.0
1780080242208,2,12.00000015,Lower Delivery,Delivery,pitch.1,775539,0.084,2.6561,7.5793,-9.8131,7.2358,-2.8374,-0.0979,-0.1327
1780080242208,2,12.00000018,Upper Delivery,Delivery,pitch.1,776826,0.0486,-1.2215,1.5954,0.0983,0.7901,1.131,0.0,0.0
1780080242208,2,Pitching Mound.Delivery,,Delivery,pitch.1,774914,0.1326,1.4346,9.1747,-7.6804,8.026,-1.7184,0.0,0.0
1780080242208,2,Pitching Mound.Drive,,Delivery,pitch.1,776030,0.2264,-0.0782,0.0888,0.0922,-0.2617,-0.0008,0.0,0.0
1780080242208,2,Pitching Mound.Parent,,Delivery,pitch.1,774170,0.3549,1.3482,9.2835,-7.5956,7.7138,-1.7211,0.0,0.0
1780080242209,2,12.00000015,Lower Delivery,Delivery,pitch.1,775540,0.0173,2.5264,7.2428,-9.7611,7.4452,-2.7544,-0.1054,-0.1381
1780080242209,2,12.00000015,Lower Delivery,Delivery,pitch.1,775541,-0.0495,2.4027,6.8762,-9.7702,7.86,-2.6801,-0.1172,-0.1456
1780080242209,2,12.00000018,Upper Delivery,Delivery,pitch.1,776827,0.0646,-1.1985,1.8428,0.0037,0.6827,1.1197,0.0,0.0
1780080242209,2,Pitching Mound.Delivery,,Delivery,pitch.1,774915,0.0819,1.328,9.0856,-7.9214,8.1279,-1.6186,0.0,0.0
1780080242209,2,Pitching Mound.Parent,,Delivery,pitch.1,774171,0.3082,1.2498,9.1745,-7.8292,7.8662,-1.6194,0.0,0.0
1780080242210,2,11.0000004b,Drive,Delivery,pitch.1,776031,0.215,-0.0753,0.0873,0.0615,-0.0699,0.0027,0.0,0.0
1780080242210,2,12.00000018,Upper Delivery,Delivery,pitch.1,776828,0.065,-1.1846,1.6202,-0.0153,0.6545,1.1034,0.0,0.0
1780080242210,2,Pitching Mound.Delivery,,Delivery,pitch.1,774916,0.0156,1.218,8.4964,-7.9984,8.5145,-1.5379,0.0,0.0
1780080242210,2,Pitching Mound.Drive,,Delivery,pitch.1,776031,0.215,-0.0753,0.0873,0.0615,-0.0699,0.0027,0.0,0.0
1780080242210,2,Pitching Mound.Parent,,Delivery,pitch.1,774172,0.2306,1.1427,8.5837,-7.9369,8.4446,-1.5352,0.0,0.0
1780080242211,2,11.0000004b,Drive,Delivery,pitch.1,776032,0.2094,-0.0657,0.0739,0.0406,0.0305,0.0042,0.0,0.0
1780080242211,2,11.0000004b,Drive,Delivery,pitch.1,776033,0.205,-0.0641,0.0769,0.0369,0.0306,0.0051,0.0,0.0
1780080242211,2,12.00000015,Lower Delivery,Delivery,pitch.1,775542,-0.1424,2.2702,6.4584,-9.603,8.042,-2.6279,-0.1276,-0.1524
1780080242211,2,12.00000015,Lower Delivery,Delivery,pitch.1,775543,-0.1491,2.1567,6.2067,-8.9683,7.9049,-2.6021,-0.1305,-0.1481
1780080242211,2,12.00000018,Upper Delivery,Delivery,pitch.1,776829,0.065,-1.0394,1.8379,0.1439,0.5719,0.9737,0.0,0.0
1780080242211,2,Pitching Mound.Delivery,,Delivery,pitch.1,774917,-0.0774,1.2309,8.2963,-7.8881,8.6139,-1.5837,0.0,0.0
1780080242211,2,Pitching Mound.Drive,,Delivery,pitch.1,776032,0.2094,-0.0657,0.0739,0.0406,0.0305,0.0042,0.0,0.0
1780080242211,2,Pitching Mound.Drive,,Delivery,pitch.1,776033,0.205,-0.0641,0.0769,0.0369,0.0306,0.0051,0.0,0.0
1780080242211,2,Pitching Mound.Parent,,Delivery,pitch.1,774173,0.132,1.1651,8.3702,-7.8475,8.6444,-1.5795,0.0,0.0
1780080242212,2,11.0000004b,Drive,Delivery,pitch.1,776034,0.2166,-0.0686,0.0784,0.0201,0.0192,0.0073,0.0,0.0
1780080242212,2,12.00000018,Upper Delivery,Delivery,pitch.1,776830,0.0663,-1.1758,1.9205,0.3369,0.6677,1.0684,0.0,0.0
1780080242212,2,Pitching Mound.Delivery,,Delivery,pitch.1,774918,-0.0828,0.9808,8.1272,-7.1741,8.5727,-1.4604,0.0,0.0
1780080242212,2,Pitching Mound.Drive,,Delivery,pitch.1,776034,0.2166,-0.0686,0.0784,0.0201,0.0192,0.0073,0.0,0.0
1780080242212,2,Pitching Mound.Parent,,Delivery,pitch.1,774174,0.1223,0.9167,8.2042,-7.1373,8.6032,-1.4553,0.0,0.0
1780080242213,2,11.0000004b,Drive,Delivery,pitch.1,776035,0.2208,-0.0698,0.078,0.0125,0.0128,0.0077,0.0,0.0
1780080242213,2,12.00000015,Lower Delivery,Delivery,pitch.1,775544,-0.2386,2.0088,5.6418,-8.0619,7.8791,-2.5362,-0.1431,-0.1465
1780080242213,2,12.00000018,Upper Delivery,Delivery,pitch.1,776831,0.0477,-1.0599,1.6975,0.1483,0.5167,0.9748,0.0,0.0
1780080242213,2,Pitching Mound.Delivery,,Delivery,pitch.1,774919,-0.1909,0.949,7.3393,-6.5725,8.3957,-1.4641,0.0,0.0
1780080242213,2,Pitching Mound.Drive,,Delivery,pitch.1,776035,0.2208,-0.0698,0.078,0.0125,0.0128,0.0077,0.0,0.0
1780080242213,2,Pitching Mound.Parent,,Delivery,pitch.1,774175,0.0257,0.8804,7.4177,-6.5524,8.4149,-1.4568,0.0,0.0
1780080242214,2,11.0000004b,Drive,Delivery,pitch.1,776036,0.1862,-0.0572,0.0705,0.0118,0.0157,0.008,0.0,0.0
1780080242214,2,12.00000015,Lower Delivery,Delivery,pitch.1,775545,-0.2534,1.9137,5.4869,-7.5371,8.1169,-2.4681,-0.1516,-0.1408
1780080242214,2,12.00000018,Upper Delivery,Delivery,pitch.1,776832,0.0187,-1.0924,1.5923,0.1245,0.5625,0.9746,0.0,0.0
1780080242214,2,Pitching Mound.Delivery,,Delivery,pitch.1,774920,-0.2347,0.8214,7.0792,-6.0885,8.6795,-1.401,0.0,0.0
1780080242214,2,Pitching Mound.Drive,,Delivery,pitch.1,776036,0.1862,-0.0572,0.0705,0.0118,0.0157,0.008,0.0,0.0
1780080242214,2,Pitching Mound.Parent,,Delivery,pitch.1,774176,-0.0139,0.7516,7.1572,-6.076,8.6922,-1.3933,0.0,0.0
1780080242215,2,11.0000004b,Drive,Delivery,pitch.1,776037,0.156,-0.0462,0.0683,0.006,0.0126,0.0078,0.0,0.0
1780080242215,2,12.00000015,Lower Delivery,Delivery,pitch.1,775546,-0.3159,1.8037,5.6176,-6.9466,7.952,-2.4967,-0.1451,-0.1267
1780080242215,2,12.00000015,Lower Delivery,Delivery,pitch.1,775547,-0.4065,1.668,5.3118,-6.5445,7.9788,-2.4371,-0.154,-0.1263
1780080242215,2,12.00000018,Upper Delivery,Delivery,pitch.1,776833,-0.0103,-1.1103,1.6452,0.1829,0.6152,0.965,0.0,0.0
1780080242215,2,Pitching Mound.Delivery,,Delivery,pitch.1,774921,-0.3262,0.6934,7.2628,-5.4131,8.5672,-1.4278,0.0,0.0
1780080242215,2,Pitching Mound.Drive,,Delivery,pitch.1,776037,0.156,-0.0462,0.0683,0.006,0.0126,0.0078,0.0,0.0
1780080242215,2,Pitching Mound.Parent,,Delivery,pitch.1,774177,-0.14,0.6362,7.3334,-5.4013,8.5829,-1.4198,0.0,0.0
1780080242216,2,11.0000004b,Drive,Delivery,pitch.1,776038,0.1366,-0.0393,0.0591,0.0065,0.0097,0.009,0.0,0.0
1780080242216,2,12.00000015,Lower Delivery,Delivery,pitch.1,775548,-0.4511,1.5769,5.2021,-5.3433,7.7799,-2.3455,-0.1533,-0.1053
1780080242216,2,12.00000018,Upper Delivery,Delivery,pitch.1,776834,-0.0499,-1.1332,1.6315,0.2704,0.7042,0.9895,0.0,0.0
1780080242216,2,Pitching Mound.Delivery,,Delivery,pitch.1,774922,-0.4564,0.5348,6.9433,-5.0228,8.683,-1.3264,0.0,0.0
1780080242216,2,Pitching Mound.Drive,,Delivery,pitch.1,776038,0.1366,-0.0393,0.0591,0.0065,0.0097,0.009,0.0,0.0
1780080242216,2,Pitching Mound.Parent,,Delivery,pitch.1,774178,-0.3004,0.4886,7.0116,-5.0168,8.6956,-1.3186,0.0,0.0
1780080242217,2,11.0000004b,Drive,Delivery,pitch.1,776039,0.1599,-0.0476,0.0658,0.0069,0.0126,0.0086,0.0,0.0
1780080242217,2,12.00000015,Lower Delivery,Delivery,pitch.1,775549,-0.4569,1.496,5.3021,-5.4992,7.6669,-2.2672,-0.1482,-0.1063
1780080242217,2,12.00000018,Upper Delivery,Delivery,pitch.1,776835,-0.0765,-1.1579,1.6715,0.3716,0.7397,0.966,0.0,0.0
1780080242217,2,Pitching Mound.Delivery,,Delivery,pitch.1,774923,-0.5276,0.419,6.8737,-3.7713,8.5196,-1.2521,0.0,0.0
1780080242217,2,Pitching Mound.Drive,,Delivery,pitch.1,776039,0.1599,-0.0476,0.0658,0.0069,0.0126,0.0086,0.0,0.0
1780080242217,2,Pitching Mound.Parent,,Delivery,pitch.1,774179,-0.391,0.3796,6.9327,-3.7648,8.5293,-1.2431,0.0,0.0
1780080242218,2,11.0000004b,Drive,Delivery,pitch.1,776040,0.1442,-0.0415,0.0766,0.0056,0.014,0.0099,0.0,0.0
1780080242218,2,12.00000015,Lower Delivery,Delivery,pitch.1,775550,-0.5367,1.3819,5.0768,-4.986,7.8836,-2.199,-0.1592,-0.1007
1780080242218,2,12.00000018,Upper Delivery,Delivery,pitch.1,776836,-0.0877,-1.3357,1.7412,0.1105,0.8724,1.05,0.0,0.0
1780080242218,2,Pitching Mound.Delivery,,Delivery,pitch.1,774924,-0.5446,0.1603,7.0433,-4.178,8.5394,-1.0916,0.0,0.0
1780080242218,2,Pitching Mound.Drive,,Delivery,pitch.1,776040,0.1442,-0.0415,0.0766,0.0056,0.014,0.0099,0.0,0.0
1780080242218,2,Pitching Mound.Parent,,Delivery,pitch.1,774180,-0.3847,0.1127,7.1091,-4.1711,8.552,-1.083,0.0,0.0
1780080242219,2,11.0000004b,Drive,Delivery,pitch.1,776041,0.1682,-0.0502,0.0773,0.0188,0.0203,0.0077,0.0,0.0
1780080242219,2,12.00000015,Lower Delivery,Delivery,pitch.1,775551,-0.5799,1.295,4.9416,-4.9078,7.7809,-2.1177,-0.1614,-0.1018
1780080242219,2,12.00000018,Upper Delivery,Delivery,pitch.1,776837,-0.0847,-1.3423,1.5469,0.3254,0.8407,1.0291,0.0,0.0
1780080242219,2,Pitching Mound.Delivery,,Delivery,pitch.1,774925,-0.6214,0.0396,6.6237,-3.4605,8.7243,-1.0162,0.0,0.0
1780080242219,2,Pitching Mound.Drive,,Delivery,pitch.1,776041,0.1682,-0.0502,0.0773,0.0188,0.0203,0.0077,0.0,0.0
1780080242219,2,Pitching Mound.Parent,,Delivery,pitch.1,774181,-0.4772,-0.0019,6.7003,-3.4549,8.7383,-1.0064,0.0,0.0
1780080242220,2,12.00000015,Lower Delivery,Delivery,pitch.1,775552,-0.6064,1.2186,4.8817,-4.5638,7.761,-2.0932,-0.1629,-0.0958
1780080242220,2,12.00000018,Upper Delivery,Delivery,pitch.1,776838,-0.1372,-1.344,1.2588,0.2175,0.9882,1.0338,0.0,0.0
1780080242220,2,Pitching Mound.Delivery,,Delivery,pitch.1,774926,-0.7172,-0.049,6.2004,-3.4382,8.769,-0.9333,0.0,0.0
1780080242220,2,Pitching Mound.Parent,,Delivery,pitch.1,774182,-0.549,-0.0992,6.2777,-3.4194,8.7893,-0.9256,0.0,0.0
1780080242221,2,11.0000004b,Drive,Delivery,pitch.1,776043,0.168,-0.0502,0.0798,0.0398,0.0316,0.0055,0.0,0.0
1780080242221,2,11.0000004b,Drive,Delivery,pitch.1,776042,0.1519,-0.0446,0.0712,0.0285,0.0266,0.007,0.0,0.0
1780080242221,2,12.00000015,Lower Delivery,Delivery,pitch.1,775553,-0.6156,1.152,4.6509,-4.0981,7.6178,-1.9819,-0.1679,-0.0903
1780080242221,2,12.00000018,Upper Delivery,Delivery,pitch.1,776839,-0.0996,-1.3562,1.2765,0.2172,0.8657,0.9751,0.0,0.0
1780080242221,2,Pitching Mound.Delivery,,Delivery,pitch.1,774927,-0.706,-0.1376,6.1583,-3.1208,8.6268,-0.9458,0.0,0.0
1780080242221,2,Pitching Mound.Drive,,Delivery,pitch.1,776043,0.168,-0.0502,0.0798,0.0398,0.0316,0.0055,0.0,0.0
1780080242221,2,Pitching Mound.Drive,,Delivery,pitch.1,776042,0.1519,-0.0446,0.0712,0.0285,0.0266,0.007,0.0,0.0
1780080242221,2,Pitching Mound.Parent,,Delivery,pitch.1,774183,-0.5541,-0.1822,6.2294,-3.0923,8.6534,-0.9388,0.0,0.0
1780080242222,2,11.0000004b,Drive,Delivery,pitch.1,776044,0.1757,-0.0528,0.085,0.0436,0.035,0.0056,0.0,0.0
1780080242222,2,12.00000015,Lower Delivery,Delivery,pitch.1,775554,-0.6534,1.0517,4.6283,-4.0529,7.0737,-1.9117,-0.1566,-0.0898
1780080242222,2,12.00000018,Upper Delivery,Delivery,pitch.1,776840,-0.0863,-1.31,1.3029,0.1035,0.9155,0.9946,0.0,0.0
1780080242222,2,Pitching Mound.Delivery,,Delivery,pitch.1,774928,-0.7019,-0.158,5.9538,-2.8563,8.5333,-0.8074,0.0,0.0
1780080242222,2,Pitching Mound.Drive,,Delivery,pitch.1,776044,0.1757,-0.0528,0.085,0.0436,0.035,0.0056,0.0,0.0
1780080242222,2,Pitching Mound.Parent,,Delivery,pitch.1,774184,-0.5338,-0.2082,6.0336,-2.8165,8.5649,-0.8019,0.0,0.0
1780080242223,2,11.0000004b,Drive,Delivery,pitch.1,776045,0.1791,-0.054,0.0906,0.0433,0.0377,0.0065,0.0,0.0
1780080242223,2,12.00000015,Lower Delivery,Delivery,pitch.1,775555,-0.6531,0.9835,4.5938,-3.6447,7.2996,-1.8618,-0.1629,-0.0813
1780080242223,2,12.00000018,Upper Delivery,Delivery,pitch.1,776841,-0.0531,-1.2952,1.2924,0.0808,0.8569,0.9335,0.0,0.0
1780080242223,2,Pitching Mound.Delivery,,Delivery,pitch.1,774929,-0.7065,-0.2434,5.9207,-2.838,7.9306,-0.774,0.0,0.0
1780080242223,2,Pitching Mound.Drive,,Delivery,pitch.1,776045,0.1791,-0.054,0.0906,0.0433,0.0377,0.0065,0.0,0.0
1780080242223,2,Pitching Mound.Parent,,Delivery,pitch.1,774185,-0.5308,-0.2962,6.0058,-2.7944,7.9657,-0.7684,0.0,0.0
1780080242224,2,11.0000004b,Drive,Delivery,pitch.1,776046,0.155,-0.0452,0.0825,0.0509,0.0429,0.0053,0.0,0.0
1780080242224,2,12.00000018,Upper Delivery,Delivery,pitch.1,776842,-0.0294,-1.2792,1.3158,0.3985,0.8689,0.9086,0.0,0.0
1780080242224,2,Pitching Mound.Delivery,,Delivery,pitch.1,774930,-0.6824,-0.2957,5.9096,-2.1317,8.1684,-0.7411,0.0,0.0
1780080242224,2,Pitching Mound.Drive,,Delivery,pitch.1,776046,0.155,-0.0452,0.0825,0.0509,0.0429,0.0053,0.0,0.0
1780080242224,2,Pitching Mound.Parent,,Delivery,pitch.1,774186,-0.5033,-0.3497,6.0002,-2.0884,8.2061,-0.7346,0.0,0.0
1780080242225,2,11.0000004b,Drive,Delivery,pitch.1,776047,0.154,-0.0448,0.0795,0.0547,0.0446,0.0051,0.0,0.0
1780080242225,2,12.00000015,Lower Delivery,Delivery,pitch.1,775556,-0.6658,0.9077,4.5499,-3.414,7.199,-1.801,-0.1622,-0.0769
1780080242225,2,12.00000015,Lower Delivery,Delivery,pitch.1,775557,-0.6724,0.8552,4.4967,-2.9626,6.9693,-1.7386,-0.1589,-0.0675
1780080242225,2,12.00000018,Upper Delivery,Delivery,pitch.1,776843,0.006,-1.2466,1.29,0.6651,0.8316,0.892,0.0,0.0
1780080242225,2,Pitching Mound.Delivery,,Delivery,pitch.1,774931,-0.6598,-0.3388,5.8399,-1.6405,8.0306,-0.6806,0.0,0.0
1780080242225,2,Pitching Mound.Drive,,Delivery,pitch.1,776047,0.154,-0.0448,0.0795,0.0547,0.0446,0.0051,0.0,0.0
1780080242225,2,Pitching Mound.Parent,,Delivery,pitch.1,774187,-0.5047,-0.3841,5.9224,-1.5896,8.0735,-0.6753,0.0,0.0
1780080242226,2,11.0000004b,Drive,Delivery,pitch.1,776048,0.1752,-0.0525,0.0854,0.0555,0.0241,0.0047,0.0,0.0
1780080242226,2,12.00000015,Lower Delivery,Delivery,pitch.1,775558,-0.6646,0.8009,4.4617,-2.7496,6.9251,-1.669,-0.1591,-0.0632
1780080242226,2,12.00000018,Upper Delivery,Delivery,pitch.1,776844,0.0216,-1.2201,1.2578,0.5692,0.8408,0.8952,0.0,0.0
1780080242226,2,Pitching Mound.Delivery,,Delivery,pitch.1,774932,-0.6508,-0.3649,5.7545,-1.2922,7.8102,-0.6074,0.0,0.0
1780080242226,2,Pitching Mound.Drive,,Delivery,pitch.1,776048,0.1752,-0.0525,0.0854,0.0555,0.0241,0.0047,0.0,0.0
1780080242226,2,Pitching Mound.Parent,,Delivery,pitch.1,774188,-0.4969,-0.4096,5.834,-1.2376,7.8547,-0.6023,0.0,0.0
1780080242227,2,11.0000004b,Drive,Delivery,pitch.1,776049,0.1636,-0.0483,0.0784,0.0499,0.0427,0.005,0.0,0.0
1780080242227,2,12.00000018,Upper Delivery,Delivery,pitch.1,776845,0.0242,-1.2442,1.2903,0.5133,0.762,0.8405,0.0,0.0
1780080242227,2,Pitching Mound.Delivery,,Delivery,pitch.1,774933,-0.6404,-0.4433,5.752,-1.1581,7.687,-0.5943,0.0,0.0
1780080242227,2,Pitching Mound.Drive,,Delivery,pitch.1,776049,0.1636,-0.0483,0.0784,0.0499,0.0427,0.005,0.0,0.0
1780080242227,2,Pitching Mound.Parent,,Delivery,pitch.1,774189,-0.4652,-0.4958,5.8374,-1.1026,7.7112,-0.5895,0.0,0.0
1780080242228,2,11.0000004b,Drive,Delivery,pitch.1,776050,0.1607,-0.0469,0.0799,0.0537,0.0323,0.0048,0.0,0.0
1780080242228,2,12.00000015,Lower Delivery,Delivery,pitch.1,775559,-0.7206,0.6994,4.3905,-2.9676,6.7211,-1.692,-0.1569,-0.0693
1780080242228,2,12.00000015,Lower Delivery,Delivery,pitch.1,775560,-0.7258,0.6289,4.2596,-2.8491,6.4904,-1.6633,-0.1562,-0.0686
1780080242228,2,12.00000018,Upper Delivery,Delivery,pitch.1,776846,0.0405,-1.2239,1.257,0.63,0.7641,0.838,0.0,0.0
1780080242228,2,Pitching Mound.Delivery,,Delivery,pitch.1,774934,-0.6802,-0.5245,5.6475,-1.2722,7.4852,-0.5953,0.0,0.0
1780080242228,2,Pitching Mound.Drive,,Delivery,pitch.1,776050,0.1607,-0.0469,0.0799,0.0537,0.0323,0.0048,0.0,0.0
1780080242228,2,Pitching Mound.Parent,,Delivery,pitch.1,774190,-0.5166,-0.5728,5.7259,-1.2223,7.5279,-0.5903,0.0,0.0
1780080242229,2,11.0000004b,Drive,Delivery,pitch.1,776051,0.1447,-0.0412,0.075,0.0429,0.039,0.0054,0.0,0.0
1780080242229,2,12.00000015,Lower Delivery,Delivery,pitch.1,775561,-0.696,0.5497,4.2284,-2.9421,5.9691,-1.66,-0.1447,-0.0713
1780080242229,2,12.00000018,Upper Delivery,Delivery,pitch.1,776847,0.0593,-1.2072,1.3131,0.3536,0.7215,0.8208,0.0,0.0
1780080242229,2,Pitching Mound.Delivery,,Delivery,pitch.1,774935,-0.6665,-0.5783,5.5727,-1.4937,7.2119,-0.5756,0.0,0.0
1780080242229,2,Pitching Mound.Drive,,Delivery,pitch.1,776051,0.1447,-0.0412,0.075,0.0429,0.039,0.0054,0.0,0.0
1780080242229,2,Pitching Mound.Parent,,Delivery,pitch.1,774191,-0.5057,-0.6252,5.6526,-1.44,7.2442,-0.5708,0.0,0.0
1780080242230,2,11.0000004b,Drive,Delivery,pitch.1,776052,0.1341,-0.0377,0.0669,0.0364,0.0343,0.0066,0.0,0.0
1780080242230,2,12.00000015,Lower Delivery,Delivery,pitch.1,775562,-0.7023,0.4438,4.1814,-2.5504,5.5879,-1.6407,-0.137,-0.0625
1780080242230,2,12.00000018,Upper Delivery,Delivery,pitch.1,776848,0.0509,-1.2169,1.3664,0.2176,0.6746,0.7834,0.0,0.0
1780080242230,2,Pitching Mound.Delivery,,Delivery,pitch.1,774936,-0.6451,-0.6672,5.5948,-1.7514,6.6437,-0.6227,0.0,0.0
1780080242230,2,Pitching Mound.Drive,,Delivery,pitch.1,776052,0.1341,-0.0377,0.0669,0.0364,0.0343,0.0066,0.0,0.0
1780080242230,2,Pitching Mound.Parent,,Delivery,pitch.1,774192,-0.5004,-0.7084,5.6698,-1.7085,6.6827,-0.6173,0.0,0.0
1780080242231,2,11.0000004b,Drive,Delivery,pitch.1,776053,0.1336,-0.0373,0.0696,0.0284,0.031,0.0076,0.0,0.0
1780080242231,2,12.00000015,Lower Delivery,Delivery,pitch.1,775563,-0.6826,0.3809,4.1132,-2.8101,5.219,-1.5731,-0.1301,-0.07
1780080242231,2,12.00000018,Upper Delivery,Delivery,pitch.1,776849,0.0875,-1.2313,1.4272,0.0759,0.3157,0.6498,0.0,0.0
1780080242231,2,Pitching Mound.Delivery,,Delivery,pitch.1,774937,-0.6147,-0.7875,5.6086,-1.5381,5.9037,-0.7224,0.0,0.0
1780080242231,2,Pitching Mound.Drive,,Delivery,pitch.1,776053,0.1336,-0.0373,0.0696,0.0284,0.031,0.0076,0.0,0.0
1780080242231,2,Pitching Mound.Parent,,Delivery,pitch.1,774193,-0.4806,-0.8252,5.6755,-1.5017,5.9379,-0.7158,0.0,0.0
1780080242232,2,11.0000004b,Drive,Delivery,pitch.1,776054,0.1254,-0.0345,0.0633,0.028,0.0318,0.0081,0.0,0.0
1780080242232,2,12.00000015,Lower Delivery,Delivery,pitch.1,775564,-0.6992,0.2855,4.0047,-3.1514,5.0535,-1.5519,-0.1293,-0.0807
1780080242232,2,12.00000018,Upper Delivery,Delivery,pitch.1,776850,0.0697,-1.225,1.3165,0.1236,0.4788,0.6398,0.0,0.0
1780080242232,2,Pitching Mound.Delivery,,Delivery,pitch.1,774938,-0.613,-0.844,5.4297,-1.7356,5.6977,-0.6775,0.0,0.0
1780080242232,2,Pitching Mound.Drive,,Delivery,pitch.1,776054,0.1254,-0.0345,0.0633,0.028,0.0318,0.0081,0.0,0.0
1780080242232,2,Pitching Mound.Parent,,Delivery,pitch.1,774194,-0.4794,-0.8813,5.4993,-1.7072,5.7287,-0.6699,0.0,0.0
1780080242233,2,11.0000004b,Drive,Delivery,pitch.1,776055,0.1396,-0.0399,0.0587,0.0343,0.033,0.0072,0.0,0.0
1780080242233,2,12.00000015,Lower Delivery,Delivery,pitch.1,775565,-0.7211,0.1706,3.9328,-2.5933,4.5339,-1.5556,-0.1182,-0.0676
1780080242233,2,12.00000018,Upper Delivery,Delivery,pitch.1,776851,0.0397,-1.2249,1.3384,0.1957,0.6474,0.6637,0.0,0.0
1780080242233,2,Pitching Mound.Delivery,,Delivery,pitch.1,774939,-0.6595,-0.9394,5.3432,-2.0491,5.7009,-0.637,0.0,0.0
1780080242233,2,Pitching Mound.Drive,,Delivery,pitch.1,776055,0.1396,-0.0399,0.0587,0.0343,0.033,0.0072,0.0,0.0
1780080242233,2,Pitching Mound.Parent,,Delivery,pitch.1,774195,-0.5342,-0.9739,5.4065,-2.0212,5.7327,-0.6289,0.0,0.0
1780080242234,2,11.0000004b,Drive,Delivery,pitch.1,776056,0.1346,-0.039,0.0321,0.0388,0.0369,0.0064,0.0,0.0
1780080242234,2,12.00000015,Lower Delivery,Delivery,pitch.1,775566,-0.681,0.1444,3.8668,-2.4516,4.1908,-1.5145,-0.1111,-0.065
1780080242234,2,12.00000018,Upper Delivery,Delivery,pitch.1,776852,0.0783,-1.237,1.2889,0.0874,0.314,0.55,0.0,0.0
1780080242234,2,Pitching Mound.Delivery,,Delivery,pitch.1,774940,-0.6428,-1.0664,5.2217,-1.607,4.8479,-0.7339,0.0,0.0
1780080242234,2,Pitching Mound.Drive,,Delivery,pitch.1,776056,0.1346,-0.039,0.0321,0.0388,0.0369,0.0064,0.0,0.0
1780080242234,2,Pitching Mound.Parent,,Delivery,pitch.1,774196,-0.5032,-1.1064,5.2804,-1.5727,4.8809,-0.7267,0.0,0.0
1780080242235,2,11.0000004b,Drive,Delivery,pitch.1,776057,0.1168,-0.0343,-0.0151,0.0365,0.0322,0.0072,0.0,0.0
1780080242235,2,12.00000015,Lower Delivery,Delivery,pitch.1,775567,-0.689,0.1415,3.7527,-2.3101,4.1865,-1.4826,-0.1143,-0.0631
1780080242235,2,12.00000018,Upper Delivery,Delivery,pitch.1,776853,0.0695,-1.1958,1.2388,0.1519,0.4056,0.556,0.0,0.0
1780080242235,2,Pitching Mound.Delivery,,Delivery,pitch.1,774941,-0.6115,-1.0514,5.1056,-1.4061,4.5964,-0.7033,0.0,0.0
1780080242235,2,Pitching Mound.Drive,,Delivery,pitch.1,776057,0.1168,-0.0343,-0.0151,0.0365,0.0322,0.0072,0.0,0.0
1780080242235,2,Pitching Mound.Parent,,Delivery,pitch.1,774197,-0.4769,-1.0904,5.1377,-1.3673,4.6333,-0.697,0.0,0.0
1780080242236,2,11.0000004b,Drive,Delivery,pitch.1,776058,0.1109,-0.0315,0.0002,0.0216,0.0227,0.0073,0.0,0.0
1780080242236,2,12.00000015,Lower Delivery,Delivery,pitch.1,775568,-0.6719,0.1395,3.6464,-2.254,3.9435,-1.4414,-0.1108,-0.0634
1780080242236,2,12.00000018,Upper Delivery,Delivery,pitch.1,776854,0.0566,-1.1977,1.2961,0.1139,0.3323,0.4436,0.0,0.0
1780080242236,2,Pitching Mound.Delivery,,Delivery,pitch.1,774942,-0.6324,-1.0562,5.0488,-1.361,4.5187,-0.7854,0.0,0.0
1780080242236,2,Pitching Mound.Drive,,Delivery,pitch.1,776058,0.1109,-0.0315,0.0002,0.0216,0.0227,0.0073,0.0,0.0
1780080242236,2,Pitching Mound.Parent,,Delivery,pitch.1,774198,-0.5156,-1.0905,5.0337,-1.3245,4.5509,-0.7782,0.0,0.0
1780080242237,2,11.0000004b,Drive,Delivery,pitch.1,776059,0.1106,-0.0315,-0.0025,0.0235,0.0214,0.008,0.0,0.0
1780080242237,2,12.00000015,Lower Delivery,Delivery,pitch.1,775569,-0.6736,0.0567,3.4829,-1.9834,3.5256,-1.4393,-0.1038,-0.0584
1780080242237,2,12.00000018,Upper Delivery,Delivery,pitch.1,776855,0.082,-1.1986,1.2049,0.0492,0.2316,0.3872,0.0,0.0
1780080242237,2,Pitching Mound.Delivery,,Delivery,pitch.1,774943,-0.5899,-1.0592,4.8513,-1.3747,4.1751,-0.7979,0.0,0.0
1780080242237,2,Pitching Mound.Drive,,Delivery,pitch.1,776059,0.1106,-0.0315,-0.0025,0.0235,0.0214,0.008,0.0,0.0
1780080242237,2,Pitching Mound.Parent,,Delivery,pitch.1,774199,-0.479,-1.0907,4.8515,-1.3531,4.1978,-0.7906,0.0,0.0
1780080242238,2,11.0000004b,Drive,Delivery,pitch.1,776060,0.1233,-0.0376,-0.0412,0.0246,0.0255,0.0088,0.0,0.0
1780080242238,2,12.00000015,Lower Delivery,Delivery,pitch.1,775570,-0.6569,0.0013,3.3514,-1.7317,3.2262,-1.383,-0.0987,-0.053
1780080242238,2,12.00000018,Upper Delivery,Delivery,pitch.1,776856,0.1006,-1.1527,1.2204,0.0113,0.1678,0.3276,0.0,0.0
1780080242238,2,Pitching Mound.Delivery,,Delivery,pitch.1,774944,-0.573,-1.0961,4.7033,-1.2029,3.6934,-0.8484,0.0,0.0
1780080242238,2,Pitching Mound.Drive,,Delivery,pitch.1,776060,0.1233,-0.0376,-0.0412,0.0246,0.0255,0.0088,0.0,0.0
1780080242238,2,Pitching Mound.Parent,,Delivery,pitch.1,774200,-0.4624,-1.1276,4.7008,-1.1793,3.7148,-0.8404,0.0,0.0
1780080242239,2,11.0000004b,Drive,Delivery,pitch.1,776061,0.1225,-0.0365,-0.0265,0.0234,0.022,0.0079,0.0,0.0
1780080242239,2,12.00000015,Lower Delivery,Delivery,pitch.1,775571,-0.6714,0.0558,3.3471,-1.628,3.0513,-1.3217,-0.0934,-0.0499
1780080242239,2,12.00000018,Upper Delivery,Delivery,pitch.1,776857,0.1151,-1.0993,1.3124,-0.112,-0.0166,0.2619,0.0,0.0
1780080242239,2,Pitching Mound.Delivery,,Delivery,pitch.1,774945,-0.5418,-1.098,4.6638,-1.1504,3.2096,-0.8586,0.0,0.0
1780080242239,2,Pitching Mound.Drive,,Delivery,pitch.1,776061,0.1225,-0.0365,-0.0265,0.0234,0.022,0.0079,0.0,0.0
1780080242239,2,Pitching Mound.Parent,,Delivery,pitch.1,774201,-0.4184,-1.1356,4.6226,-1.1257,3.2351,-0.8498,0.0,0.0
1780080242240,2,11.0000004b,Drive,Delivery,pitch.1,776062,0.1334,-0.0404,-0.03,0.0296,0.0248,0.0077,0.0,0.0
1780080242240,2,12.00000015,Lower Delivery,Delivery,pitch.1,775572,-0.6921,0.0203,3.1864,-1.6909,2.9987,-1.2856,-0.0965,-0.0544
1780080242240,2,12.00000018,Upper Delivery,Delivery,pitch.1,776858,0.1257,-1.0877,1.316,-0.1096,-0.018,0.2353,0.0,0.0
1780080242240,2,Pitching Mound.Delivery,,Delivery,pitch.1,774946,-0.5457,-1.0319,4.6631,-1.047,3.0333,-0.8155,0.0,0.0
1780080242240,2,Pitching Mound.Drive,,Delivery,pitch.1,776062,0.1334,-0.0404,-0.03,0.0296,0.0248,0.0077,0.0,0.0
1780080242240,2,Pitching Mound.Parent,,Delivery,pitch.1,774202,-0.4232,-1.0684,4.6366,-1.0236,3.0552,-0.8076,0.0,0.0
1780080242241,2,11.0000004b,Drive,Delivery,pitch.1,776063,0.1254,-0.0376,-0.0299,0.0237,0.0188,0.0079,0.0,0.0
1780080242241,2,12.00000015,Lower Delivery,Delivery,pitch.1,775573,-0.6868,0.0316,3.1689,-1.5672,2.5132,-1.269,-0.0813,-0.0507
1780080242241,2,12.00000018,Upper Delivery,Delivery,pitch.1,776859,0.1144,-1.0667,1.2824,-0.1118,-0.0167,0.2602,0.0,0.0
1780080242241,2,Pitching Mound.Delivery,,Delivery,pitch.1,774947,-0.5776,-1.0464,4.4688,-1.1554,2.982,-0.7512,0.0,0.0
1780080242241,2,Pitching Mound.Drive,,Delivery,pitch.1,776063,0.1254,-0.0376,-0.0299,0.0237,0.0188,0.0079,0.0,0.0
1780080242241,2,Pitching Mound.Parent,,Delivery,pitch.1,774203,-0.4442,-1.0868,4.4388,-1.1258,3.0068,-0.7435,0.0,0.0
1780080242242,2,11.0000004b,Drive,Delivery,pitch.1,776064,0.1399,-0.0429,-0.03,0.0258,0.0192,0.0064,0.0,0.0
1780080242242,2,12.00000018,Upper Delivery,Delivery,pitch.1,776860,0.1014,-1.0738,1.3109,-0.1105,-0.0175,0.2453,0.0,0.0
1780080242242,2,Pitching Mound.Delivery,,Delivery,pitch.1,774948,-0.5854,-1.0422,4.4799,-1.0459,2.4957,-0.7556,0.0,0.0
1780080242242,2,Pitching Mound.Drive,,Delivery,pitch.1,776064,0.1399,-0.0429,-0.03,0.0258,0.0192,0.0064,0.0,0.0
1780080242242,2,Pitching Mound.Parent,,Delivery,pitch.1,774204,-0.4599,-1.0798,4.45,-1.0222,2.5145,-0.7478,0.0,0.0
1780080242243,2,11.0000004b,Drive,Delivery,pitch.1,776065,0.1258,-0.038,-0.0384,0.0204,0.0166,0.0076,0.0,0.0
1780080242243,2,12.00000015,Lower Delivery,Delivery,pitch.1,775574,-0.7061,0.0232,3.1517,-1.5269,2.5828,-1.2832,-0.084,-0.0497
1780080242243,2,12.00000018,Upper Delivery,Delivery,pitch.1,776861,0.1319,-1.0521,1.5822,-0.102,-0.0224,0.1512,0.0,0.0
1780080242243,2,Pitching Mound.Delivery,,Delivery,pitch.1,774949,-0.5741,-1.0289,4.7339,-1.0953,2.5604,-0.847,0.0,0.0
1780080242243,2,Pitching Mound.Drive,,Delivery,pitch.1,776065,0.1258,-0.038,-0.0384,0.0204,0.0166,0.0076,0.0,0.0
1780080242243,2,Pitching Mound.Parent,,Delivery,pitch.1,774205,-0.4343,-1.0718,4.7039,-1.0695,2.5796,-0.8406,0.0,0.0
1780080242244,2,11.0000004b,Drive,Delivery,pitch.1,776066,0.1365,-0.0404,0.0074,0.0273,0.0218,0.0055,0.0,0.0
1780080242244,2,12.00000015,Lower Delivery,Delivery,pitch.1,775575,-0.7182,0.0891,3.2155,-1.4529,2.6335,-1.2563,-0.0839,-0.0463
1780080242244,2,12.00000018,Upper Delivery,Delivery,pitch.1,776862,0.1283,-1.0474,1.5004,-0.0976,-0.025,0.1014,0.0,0.0
1780080242244,2,Pitching Mound.Delivery,,Delivery,pitch.1,774950,-0.5899,-0.9584,4.7159,-0.9673,2.6085,-0.8671,0.0,0.0
1780080242244,2,Pitching Mound.Drive,,Delivery,pitch.1,776066,0.1365,-0.0404,0.0074,0.0273,0.0218,0.0055,0.0,0.0
1780080242244,2,Pitching Mound.Parent,,Delivery,pitch.1,774206,-0.4642,-0.9963,4.6775,-0.9469,2.625,-0.8595,0.0,0.0
1780080242245,2,11.0000004b,Drive,Delivery,pitch.1,776067,0.1169,-0.034,-0.0125,0.0297,0.0222,0.0048,0.0,0.0
1780080242245,2,12.00000015,Lower Delivery,Delivery,pitch.1,775576,-0.7191,0.0611,3.1442,-1.4401,2.7662,-1.2328,-0.0902,-0.0469
1780080242245,2,12.00000018,Upper Delivery,Delivery,pitch.1,776863,0.1256,-1.0618,1.3355,-0.1012,-0.0229,0.1425,0.0,0.0
1780080242245,2,Pitching Mound.Delivery,,Delivery,pitch.1,774951,-0.5936,-1.0007,4.4797,-0.9263,2.7434,-0.8031,0.0,0.0
1780080242245,2,Pitching Mound.Drive,,Delivery,pitch.1,776067,0.1169,-0.034,-0.0125,0.0297,0.0222,0.0048,0.0,0.0
1780080242245,2,Pitching Mound.Parent,,Delivery,pitch.1,774207,-0.4571,-1.0411,4.4871,-0.899,2.7652,-0.7976,0.0,0.0
1780080242246,2,11.0000004b,Drive,Delivery,pitch.1,776068,0.1131,-0.0333,-0.0289,0.0337,0.0261,0.0033,0.0,0.0
1780080242246,2,12.00000015,Lower Delivery,Delivery,pitch.1,775578,-0.7175,0.1089,3.2321,-1.6568,3.0679,-1.2651,-0.0973,-0.0525
1780080242246,2,12.00000015,Lower Delivery,Delivery,pitch.1,775577,-0.7318,0.0624,3.1789,-1.5279,2.8997,-1.2657,-0.0935,-0.0493
1780080242246,2,12.00000018,Upper Delivery,Delivery,pitch.1,776864,0.1423,-1.0653,1.5073,-0.1002,-0.0235,0.1305,0.0,0.0
1780080242246,2,Pitching Mound.Delivery,,Delivery,pitch.1,774952,-0.5895,-1.0029,4.6861,-1.0597,2.8762,-0.838,0.0,0.0
1780080242246,2,Pitching Mound.Drive,,Delivery,pitch.1,776068,0.1131,-0.0333,-0.0289,0.0337,0.0261,0.0033,0.0,0.0
1780080242246,2,Pitching Mound.Parent,,Delivery,pitch.1,774208,-0.4726,-1.0369,4.6737,-1.03,2.8984,-0.8332,0.0,0.0
1780080242247,2,11.0000004b,Drive,Delivery,pitch.1,776069,0.088,-0.0247,-0.0419,0.0217,0.0317,0.0021,0.0,0.0
1780080242247,2,12.00000015,Lower Delivery,Delivery,pitch.1,775579,-0.707,0.1467,3.3002,-1.7535,3.6952,-1.1839,-0.1148,-0.0545
1780080242247,2,12.00000018,Upper Delivery,Delivery,pitch.1,776865,0.1436,-1.0971,1.3122,-0.1022,-0.0223,0.1532,0.0,0.0
1780080242247,2,Pitching Mound.Delivery,,Delivery,pitch.1,774953,-0.5738,-0.9882,4.5444,-1.1062,3.0456,-0.8191,0.0,0.0
1780080242247,2,Pitching Mound.Drive,,Delivery,pitch.1,776069,0.088,-0.0247,-0.0419,0.0217,0.0317,0.0021,0.0,0.0
1780080242247,2,Pitching Mound.Parent,,Delivery,pitch.1,774209,-0.4608,-1.0215,4.5154,-1.0726,3.0717,-0.8159,0.0,0.0
1780080242248,2,11.0000004b,Drive,Delivery,pitch.1,776070,0.0794,-0.0203,-0.0077,0.0119,0.038,0.0013,0.0,0.0
1780080242248,2,12.00000015,Lower Delivery,Delivery,pitch.1,775580,-0.6582,0.1381,3.4806,-1.7998,3.6704,-1.1944,-0.1081,-0.053
1780080242248,2,12.00000018,Upper Delivery,Delivery,pitch.1,776866,0.1395,-1.1009,1.1819,-0.1023,-0.0222,0.1545,0.0,0.0
1780080242248,2,Pitching Mound.Delivery,,Delivery,pitch.1,774954,-0.5675,-0.9542,4.4821,-1.1356,3.673,-0.7417,0.0,0.0
1780080242248,2,Pitching Mound.Drive,,Delivery,pitch.1,776070,0.0794,-0.0203,-0.0077,0.0119,0.038,0.0013,0.0,0.0
1780080242248,2,Pitching Mound.Parent,,Delivery,pitch.1,774210,-0.4795,-0.9789,4.4402,-1.1139,3.7046,-0.7395,0.0,0.0
1780080242249,2,11.0000004b,Drive,Delivery,pitch.1,776071,0.0852,-0.0224,0.0036,0.0014,0.0286,0.0034,0.0,0.0
1780080242249,2,12.00000015,Lower Delivery,Delivery,pitch.1,775581,-0.6436,0.1345,3.5351,-1.8609,4.0887,-1.1648,-0.1185,-0.054
1780080242249,2,12.00000018,Upper Delivery,Delivery,pitch.1,776867,0.1524,-1.097,1.105,-0.1034,-0.0216,0.1662,0.0,0.0
1780080242249,2,Pitching Mound.Delivery,,Delivery,pitch.1,774955,-0.5057,-0.9589,4.5857,-1.0954,3.6488,-0.7526,0.0,0.0
1780080242249,2,Pitching Mound.Drive,,Delivery,pitch.1,776071,0.0852,-0.0224,0.0036,0.0014,0.0286,0.0034,0.0,0.0
1780080242249,2,Pitching Mound.Parent,,Delivery,pitch.1,774211,-0.4264,-0.9792,4.578,-1.0835,3.6868,-0.7514,0.0,0.0
1780080242250,2,11.0000004b,Drive,Delivery,pitch.1,776072,0.0831,-0.0205,0.0263,0.0189,0.0162,0.0024,0.0,0.0
1780080242250,2,12.00000015,Lower Delivery,Delivery,pitch.1,775582,-0.6011,0.123,3.6398,-2.028,4.0406,-1.1602,-0.1138,-0.0571
1780080242250,2,12.00000018,Upper Delivery,Delivery,pitch.1,776868,0.144,-1.1437,1.0312,-0.1015,-0.0227,0.1451,0.0,0.0
1780080242250,2,Pitching Mound.Delivery,,Delivery,pitch.1,774956,-0.4996,-1.0092,4.5663,-1.1111,4.0659,-0.752,0.0,0.0
1780080242250,2,Pitching Mound.Drive,,Delivery,pitch.1,776072,0.0831,-0.0205,0.0263,0.0189,0.0162,0.0024,0.0,0.0
1780080242250,2,Pitching Mound.Parent,,Delivery,pitch.1,774212,-0.4144,-1.0316,4.5698,-1.1097,4.0945,-0.7486,0.0,0.0
1780080242251,2,11.0000004b,Drive,Delivery,pitch.1,776073,0.0899,-0.0229,0.0335,0.0178,0.0407,0.0038,0.0,0.0
1780080242251,2,12.00000015,Lower Delivery,Delivery,pitch.1,775583,-0.5652,0.1148,3.749,-2.3357,4.7601,-1.1208,-0.1301,-0.0639
1780080242251,2,12.00000018,Upper Delivery,Delivery,pitch.1,776869,0.136,-1.1502,1.0762,-0.1031,-0.0218,0.1629,0.0,0.0
1780080242251,2,Pitching Mound.Delivery,,Delivery,pitch.1,774957,-0.4651,-1.0272,4.7159,-1.2594,4.0188,-0.7467,0.0,0.0
1780080242251,2,Pitching Mound.Drive,,Delivery,pitch.1,776073,0.0899,-0.0229,0.0335,0.0178,0.0407,0.0038,0.0,0.0
1780080242251,2,Pitching Mound.Parent,,Delivery,pitch.1,774213,-0.382,-1.0477,4.7422,-1.2405,4.0351,-0.7443,0.0,0.0
1780080242252,2,11.0000004b,Drive,Delivery,pitch.1,776074,0.1061,-0.0286,0.035,0.0408,-0.0759,-0.0005,0.0,0.0
1780080242252,2,12.00000015,Lower Delivery,Delivery,pitch.1,775584,-0.5296,0.1069,3.8373,-2.2957,4.4032,-1.1073,-0.1176,-0.0613
1780080242252,2,12.00000018,Upper Delivery,Delivery,pitch.1,776870,0.1356,-1.1365,1.1016,-0.1061,-0.02,0.1969,0.0,0.0
1780080242252,2,Pitching Mound.Delivery,,Delivery,pitch.1,774958,-0.4296,-1.0217,4.8505,-1.5417,4.74,-0.6856,0.0,0.0
1780080242252,2,Pitching Mound.Drive,,Delivery,pitch.1,776074,0.1061,-0.0286,0.035,0.0408,-0.0759,-0.0005,0.0,0.0
1780080242252,2,Pitching Mound.Parent,,Delivery,pitch.1,774214,-0.3397,-1.0446,4.884,-1.5239,4.7808,-0.6818,0.0,0.0
1780080242253,2,11.0000004b,Drive,Delivery,pitch.1,776075,0.1016,-0.0271,0.0296,0.0304,-0.0638,-0.0004,0.0,0.0
1780080242253,2,12.00000015,Lower Delivery,Delivery,pitch.1,775585,-0.4976,0.1041,3.9684,-2.3785,4.1617,-1.0295,-0.1075,-0.0614
1780080242253,2,12.00000018,Upper Delivery,Delivery,pitch.1,776871,0.1221,-1.1565,1.1183,-0.1059,-0.005,0.2792,0.0,0.0
1780080242253,2,Pitching Mound.Delivery,,Delivery,pitch.1,774959,-0.4075,-1.0496,4.9556,-1.4771,4.3982,-0.6064,0.0,0.0
1780080242253,2,Pitching Mound.Drive,,Delivery,pitch.1,776075,0.1016,-0.0271,0.0296,0.0304,-0.0638,-0.0004,0.0,0.0
1780080242253,2,Pitching Mound.Parent,,Delivery,pitch.1,774215,-0.3014,-1.0782,4.9906,-1.4363,4.3222,-0.6069,0.0,0.0
1780080242254,2,11.0000004b,Drive,Delivery,pitch.1,776076,0.1132,-0.031,0.037,0.0747,-0.2116,0.0002,0.0,0.0
1780080242254,2,12.00000015,Lower Delivery,Delivery,pitch.1,775586,-0.4623,0.1012,4.0192,-2.4998,3.8738,-0.9683,-0.0988,-0.0637
1780080242254,2,12.00000018,Upper Delivery,Delivery,pitch.1,776872,0.1052,-1.1717,1.1324,0.0478,0.226,0.3671,0.0,0.0
1780080242254,2,Pitching Mound.Delivery,,Delivery,pitch.1,774960,-0.3924,-1.0676,5.1008,-1.3666,4.3877,-0.4575,0.0,0.0
1780080242254,2,Pitching Mound.Drive,,Delivery,pitch.1,776076,0.1132,-0.031,0.037,0.0747,-0.2116,0.0002,0.0,0.0
1780080242254,2,Pitching Mound.Parent,,Delivery,pitch.1,774216,-0.2908,-1.0947,5.1304,-1.3362,4.3239,-0.4579,0.0,0.0
1780080242255,2,11.0000004b,Drive,Delivery,pitch.1,776077,0.1037,-0.0291,-0.0112,0.0477,-0.0897,0.0003,0.0,0.0
1780080242255,2,12.00000015,Lower Delivery,Delivery,pitch.1,775587,-0.4305,0.0869,4.1324,-2.4708,3.6136,-0.9759,-0.0896,-0.0613
1780080242255,2,12.00000018,Upper Delivery,Delivery,pitch.1,776873,0.0994,-1.1887,1.1231,0.2226,0.516,0.4534,0.0,0.0
1780080242255,2,Pitching Mound.Delivery,,Delivery,pitch.1,774961,-0.3629,-1.0875,5.1423,-1.2925,4.3898,-0.3239,0.0,0.0
1780080242255,2,Pitching Mound.Drive,,Delivery,pitch.1,776077,0.1037,-0.0291,-0.0112,0.0477,-0.0897,0.0003,0.0,0.0
1780080242255,2,Pitching Mound.Parent,,Delivery,pitch.1,774217,-0.2496,-1.1185,5.1793,-1.2178,4.1782,-0.3237,0.0,0.0
1780080242256,2,11.0000004b,Drive,Delivery,pitch.1,776078,0.1294,-0.0368,0.0342,0.0732,-0.1161,0.0028,0.0,0.0
1780080242256,2,12.00000015,Lower Delivery,Delivery,pitch.1,775588,-0.4326,0.081,4.061,-2.5142,3.1989,-1.0132,-0.0807,-0.0635
1780080242256,2,12.00000018,Upper Delivery,Delivery,pitch.1,776874,0.094,-1.1312,1.1889,0.2242,0.5016,0.4347,0.0,0.0
1780080242256,2,Pitching Mound.Delivery,,Delivery,pitch.1,774962,-0.3366,-1.0443,5.3213,-1.2458,4.1151,-0.363,0.0,0.0
1780080242256,2,Pitching Mound.Drive,,Delivery,pitch.1,776078,0.1294,-0.0368,0.0342,0.0732,-0.1161,0.0028,0.0,0.0
1780080242256,2,Pitching Mound.Parent,,Delivery,pitch.1,774218,-0.2329,-1.0734,5.31,-1.1981,4.0254,-0.3627,0.0,0.0
1780080242257,2,11.0000004b,Drive,Delivery,pitch.1,776079,0.1279,-0.0365,0.0335,0.0468,0.0036,0.005,0.0,0.0
1780080242257,2,12.00000015,Lower Delivery,Delivery,pitch.1,775589,-0.443,0.0842,3.9836,-2.4506,3.2998,-1.0042,-0.0849,-0.0631
1780080242257,2,12.00000018,Upper Delivery,Delivery,pitch.1,776875,0.0678,-1.1158,1.2288,0.3149,0.6915,0.4802,0.0,0.0
1780080242257,2,Pitching Mound.Delivery,,Delivery,pitch.1,774963,-0.3648,-1.0348,5.2898,-1.2364,3.8904,-0.3629,0.0,0.0
1780080242257,2,Pitching Mound.Drive,,Delivery,pitch.1,776079,0.1279,-0.0365,0.0335,0.0468,0.0036,0.005,0.0,0.0
1780080242257,2,Pitching Mound.Parent,,Delivery,pitch.1,774219,-0.2354,-1.0716,5.324,-1.1632,3.7743,-0.3601,0.0,0.0
1780080242258,2,11.0000004b,Drive,Delivery,pitch.1,776080,0.138,-0.0396,0.0475,0.0582,-0.0521,0.0044,0.0,0.0
1780080242258,2,12.00000015,Lower Delivery,Delivery,pitch.1,775590,-0.4345,0.0766,3.9088,-2.3696,2.8746,-1.0089,-0.0754,-0.0621
1780080242258,2,12.00000018,Upper Delivery,Delivery,pitch.1,776876,0.0509,-1.1043,1.3781,0.2482,0.6884,0.5301,0.0,0.0
1780080242258,2,Pitching Mound.Delivery,,Delivery,pitch.1,774964,-0.3921,-1.0201,5.3617,-1.3165,3.9883,-0.3062,0.0,0.0
1780080242258,2,Pitching Mound.Drive,,Delivery,pitch.1,776080,0.138,-0.0396,0.0475,0.0582,-0.0521,0.0044,0.0,0.0
1780080242258,2,Pitching Mound.Parent,,Delivery,pitch.1,774220,-0.2642,-1.0566,5.3952,-1.2698,3.9919,-0.3012,0.0,0.0
1780080242259,2,11.0000004b,Drive,Delivery,pitch.1,776081,0.1363,-0.0395,0.0335,0.0366,0.0359,0.0058,0.0,0.0
1780080242259,2,12.00000015,Lower Delivery,Delivery,pitch.1,775591,-0.4639,0.0341,3.8019,-2.1548,2.8666,-1.0143,-0.0773,-0.0581
1780080242259,2,12.00000018,Upper Delivery,Delivery,pitch.1,776877,0.0179,-1.1229,1.2686,0.4244,0.8384,0.5938,0.0,0.0
1780080242259,2,Pitching Mound.Delivery,,Delivery,pitch.1,774965,-0.4166,-1.0463,5.1774,-1.0475,3.713,-0.2613,0.0,0.0
1780080242259,2,Pitching Mound.Drive,,Delivery,pitch.1,776081,0.1363,-0.0395,0.0335,0.0366,0.0359,0.0058,0.0,0.0
1780080242259,2,Pitching Mound.Parent,,Delivery,pitch.1,774221,-0.2786,-1.0859,5.2249,-0.9893,3.6609,-0.257,0.0,0.0
1780080242260,2,11.0000004b,Drive,Delivery,pitch.1,776082,0.1394,-0.0407,0.0275,0.0332,0.0321,0.0065,0.0,0.0
1780080242260,2,12.00000015,Lower Delivery,Delivery,pitch.1,775592,-0.4863,-0.0212,3.7,-2.0007,2.491,-1.0252,-0.069,-0.0554
1780080242260,2,12.00000018,Upper Delivery,Delivery,pitch.1,776878,-0.019,-1.1303,1.3494,0.48,0.98,0.5823,0.0,0.0
1780080242260,2,Pitching Mound.Delivery,,Delivery,pitch.1,774966,-0.483,-1.0962,5.1513,-0.841,3.8466,-0.2807,0.0,0.0
1780080242260,2,Pitching Mound.Drive,,Delivery,pitch.1,776082,0.1394,-0.0407,0.0275,0.0332,0.0321,0.0065,0.0,0.0
1780080242260,2,Pitching Mound.Parent,,Delivery,pitch.1,774222,-0.3466,-1.1358,5.1849,-0.8044,3.8825,-0.2749,0.0,0.0
1780080242261,2,11.0000004b,Drive,Delivery,pitch.1,776083,0.1271,-0.0363,0.0301,0.028,0.0289,0.0064,0.0,0.0
1780080242261,2,12.00000015,Lower Delivery,Delivery,pitch.1,775593,-0.4705,-0.0372,3.5956,-1.9714,2.2364,-1.007,-0.0637,-0.0562
1780080242261,2,12.00000018,Upper Delivery,Delivery,pitch.1,776879,0.0029,-1.0822,1.2522,0.5801,0.6343,0.5511,0.0,0.0
1780080242261,2,Pitching Mound.Delivery,,Delivery,pitch.1,774967,-0.4834,-1.1033,4.9523,-0.5883,3.1253,-0.3077,0.0,0.0
1780080242261,2,Pitching Mound.Drive,,Delivery,pitch.1,776083,0.1271,-0.0363,0.0301,0.028,0.0289,0.0064,0.0,0.0
1780080242261,2,Pitching Mound.Parent,,Delivery,pitch.1,774223,-0.344,-1.144,4.9798,-0.5551,3.1574,-0.3012,0.0,0.0
1780080242262,2,11.0000004b,Drive,Delivery,pitch.1,776084,0.1227,-0.0353,0.0109,0.0325,0.0293,0.0065,0.0,0.0
1780080242262,2,12.00000015,Lower Delivery,Delivery,pitch.1,775594,-0.505,-0.0773,3.3806,-1.7413,2.1014,-1.0136,-0.0637,-0.0528
1780080242262,2,12.00000018,Upper Delivery,Delivery,pitch.1,776880,-0.0186,-1.0937,1.2111,0.7485,0.5371,0.5476,0.0,0.0
1780080242262,2,Pitching Mound.Delivery,,Delivery,pitch.1,774968,-0.4891,-1.1309,4.8067,-0.4121,2.7735,-0.3058,0.0,0.0
1780080242262,2,Pitching Mound.Drive,,Delivery,pitch.1,776084,0.1227,-0.0353,0.0109,0.0325,0.0293,0.0065,0.0,0.0
1780080242262,2,Pitching Mound.Parent,,Delivery,pitch.1,774224,-0.362,-1.1672,4.8368,-0.3841,2.8024,-0.2994,0.0,0.0
1780080242263,2,11.0000004b,Drive,Delivery,pitch.1,776085,0.1312,-0.0388,-0.0012,0.0361,0.0353,0.0064,0.0,0.0
1780080242263,2,12.00000015,Lower Delivery,Delivery,pitch.1,775595,-0.5196,-0.1438,3.2125,-1.389,2.1043,-1.029,-0.0671,-0.0443
1780080242263,2,12.00000018,Upper Delivery,Delivery,pitch.1,776881,0.0349,-1.0499,1.2969,0.1851,0.4167,0.5046,0.0,0.0
1780080242263,2,Pitching Mound.Delivery,,Delivery,pitch.1,774969,-0.4701,-1.1272,4.6775,-0.8477,2.5181,-0.3255,0.0,0.0
1780080242263,2,Pitching Mound.Drive,,Delivery,pitch.1,776085,0.1312,-0.0388,-0.0012,0.0361,0.0353,0.0064,0.0,0.0
1780080242263,2,Pitching Mound.Parent,,Delivery,pitch.1,774225,-0.3474,-1.1625,4.6884,-0.8152,2.5475,-0.319,0.0,0.0
1780080242264,2,11.0000004b,Drive,Delivery,pitch.1,776086,0.1341,-0.0384,0.0415,0.0319,0.0327,0.0077,0.0,0.0
1780080242264,2,12.00000015,Lower Delivery,Delivery,pitch.1,775596,-0.4965,-0.1782,3.1187,-1.3636,1.8317,-1.0451,-0.0602,-0.0448
1780080242264,2,12.00000018,Upper Delivery,Delivery,pitch.1,776882,0.0463,-1.004,1.2686,0.0533,0.2988,0.4236,0.0,0.0
1780080242264,2,Pitching Mound.Delivery,,Delivery,pitch.1,774970,-0.4734,-1.1477,4.4811,-0.6748,2.4031,-0.413,0.0,0.0
1780080242264,2,Pitching Mound.Drive,,Delivery,pitch.1,776086,0.1341,-0.0384,0.0415,0.0319,0.0327,0.0077,0.0,0.0
1780080242264,2,Pitching Mound.Parent,,Delivery,pitch.1,774226,-0.3422,-1.1866,4.4799,-0.6387,2.4383,-0.4065,0.0,0.0
1780080242265,2,11.0000004b,Drive,Delivery,pitch.1,776087,0.1392,-0.0403,0.0457,0.0236,0.0257,0.0073,0.0,0.0
1780080242265,2,12.00000015,Lower Delivery,Delivery,pitch.1,775597,-0.5127,-0.2424,2.9134,-1.0385,1.1521,-1.0691,-0.0405,-0.0365
1780080242265,2,12.00000018,Upper Delivery,Delivery,pitch.1,776883,0.0571,-0.9374,1.4303,-0.1182,-0.013,0.331,0.0,0.0
1780080242265,2,Pitching Mound.Delivery,,Delivery,pitch.1,774971,-0.4393,-1.1156,4.549,-0.9077,1.8187,-0.5259,0.0,0.0
1780080242265,2,Pitching Mound.Drive,,Delivery,pitch.1,776087,0.1392,-0.0403,0.0457,0.0236,0.0257,0.0073,0.0,0.0
1780080242265,2,Pitching Mound.Parent,,Delivery,pitch.1,774227,-0.3052,-1.154,4.5905,-0.8757,1.8515,-0.5182,0.0,0.0
1780080242266,2,11.0000004b,Drive,Delivery,pitch.1,776088,0.1398,-0.0402,0.0597,0.0189,0.0224,0.0081,0.0,0.0
1780080242266,2,12.00000015,Lower Delivery,Delivery,pitch.1,775598,-0.4895,-0.2159,2.895,-1.4263,1.2186,-1.0422,-0.0431,-0.0505
1780080242266,2,12.00000018,Upper Delivery,Delivery,pitch.1,776884,0.0807,-0.9413,1.4712,-0.1118,-0.0167,0.2597,0.0,0.0
1780080242266,2,Pitching Mound.Delivery,,Delivery,pitch.1,774972,-0.432,-1.1837,4.3847,-0.6599,1.1354,-0.6076,0.0,0.0
1780080242266,2,Pitching Mound.Drive,,Delivery,pitch.1,776088,0.1398,-0.0402,0.0597,0.0189,0.0224,0.0081,0.0,0.0
1780080242266,2,Pitching Mound.Parent,,Delivery,pitch.1,774228,-0.2928,-1.224,4.4304,-0.6363,1.1611,-0.6003,0.0,0.0
1780080242267,2,11.0000004b,Drive,Delivery,pitch.1,776089,0.1552,-0.0457,0.0649,0.0185,0.0192,0.0072,0.0,0.0
1780080242267,2,12.00000015,Lower Delivery,Delivery,pitch.1,775599,-0.5209,-0.2751,2.78,-1.4384,1.1061,-1.0172,-0.0408,-0.053
1780080242267,2,12.00000018,Upper Delivery,Delivery,pitch.1,776885,0.0726,-0.9488,1.3338,-0.1092,-0.0182,0.2311,0.0,0.0
1780080242267,2,Pitching Mound.Delivery,,Delivery,pitch.1,774973,-0.4169,-1.1648,4.2288,-1.0046,1.2004,-0.62,0.0,0.0
1780080242267,2,Pitching Mound.Drive,,Delivery,pitch.1,776089,0.1552,-0.0457,0.0649,0.0185,0.0192,0.0072,0.0,0.0
1780080242267,2,Pitching Mound.Parent,,Delivery,pitch.1,774229,-0.2771,-1.205,4.2886,-0.9857,1.2227,-0.6119,0.0,0.0
1780080242268,2,11.0000004b,Drive,Delivery,pitch.1,776090,0.1661,-0.0495,0.0655,0.0212,0.021,0.0079,0.0,0.0
1780080242268,2,12.00000015,Lower Delivery,Delivery,pitch.1,775600,-0.5262,-0.2146,2.8928,-1.4777,1.1831,-0.9776,-0.0419,-0.0524
1780080242268,2,12.00000018,Upper Delivery,Delivery,pitch.1,776886,0.0659,-0.9212,1.417,-0.1074,-0.0193,0.2111,0.0,0.0
1780080242268,2,Pitching Mound.Delivery,,Delivery,pitch.1,774974,-0.455,-1.1963,4.197,-1.0824,1.0868,-0.6066,0.0,0.0
1780080242268,2,Pitching Mound.Drive,,Delivery,pitch.1,776090,0.1661,-0.0495,0.0655,0.0212,0.021,0.0079,0.0,0.0
1780080242268,2,Pitching Mound.Parent,,Delivery,pitch.1,774230,-0.2998,-1.242,4.2619,-1.0638,1.106,-0.5994,0.0,0.0
1780080242269,2,11.0000004b,Drive,Delivery,pitch.1,776091,0.1882,-0.0574,0.0711,0.0037,0.0097,0.0087,0.0,0.0
1780080242269,2,12.00000015,Lower Delivery,Delivery,pitch.1,775601,-0.5293,-0.2205,2.968,-1.4417,1.59,-1.0181,-0.0549,-0.0498
1780080242269,2,12.00000018,Upper Delivery,Delivery,pitch.1,776887,0.0765,-0.9511,1.3923,-0.1075,-0.0192,0.212,0.0,0.0
1780080242269,2,Pitching Mound.Delivery,,Delivery,pitch.1,774975,-0.4498,-1.1658,4.2851,-1.075,1.1639,-0.5607,0.0,0.0
1780080242269,2,Pitching Mound.Drive,,Delivery,pitch.1,776091,0.1882,-0.0574,0.0711,0.0037,0.0097,0.0087,0.0,0.0
1780080242269,2,Pitching Mound.Parent,,Delivery,pitch.1,774231,-0.2837,-1.2153,4.3506,-1.0538,1.1849,-0.5528,0.0,0.0
1780080242270,2,11.0000004b,Drive,Delivery,pitch.1,776092,0.1759,-0.0529,0.0719,0.0152,0.015,0.0079,0.0,0.0
1780080242270,2,12.00000015,Lower Delivery,Delivery,pitch.1,775602,-0.5379,-0.2458,2.9723,-1.639,1.7818,-0.9888,-0.0614,-0.0565
1780080242270,2,12.00000018,Upper Delivery,Delivery,pitch.1,776888,0.0571,-0.9575,1.2585,-0.1087,-0.0185,0.225,0.0,0.0
1780080242270,2,Pitching Mound.Delivery,,Delivery,pitch.1,774976,-0.4722,-1.1779,4.2265,-0.9692,1.5715,-0.5937,0.0,0.0
1780080242270,2,Pitching Mound.Drive,,Delivery,pitch.1,776092,0.1759,-0.0529,0.0719,0.0152,0.015,0.0079,0.0,0.0
1780080242270,2,Pitching Mound.Parent,,Delivery,pitch.1,774232,-0.2841,-1.2354,4.2976,-0.9654,1.5812,-0.585,0.0,0.0
1780080242271,2,11.0000004b,Drive,Delivery,pitch.1,776093,0.1809,-0.0546,0.0716,0.016,0.0149,0.008,0.0,0.0
1780080242271,2,12.00000015,Lower Delivery,Delivery,pitch.1,775603,-0.5436,-0.2496,3.0173,-1.6038,1.7625,-1.0158,-0.0599,-0.0545
1780080242271,2,12.00000018,Upper Delivery,Delivery,pitch.1,776889,0.0468,-0.9788,1.1717,-0.1127,-0.0162,0.2707,0.0,0.0
1780080242271,2,Pitching Mound.Delivery,,Delivery,pitch.1,774977,-0.4911,-1.2246,4.144,-1.1396,1.7656,-0.5193,0.0,0.0
1780080242271,2,Pitching Mound.Drive,,Delivery,pitch.1,776093,0.1809,-0.0546,0.0716,0.016,0.0149,0.008,0.0,0.0
1780080242271,2,Pitching Mound.Parent,,Delivery,pitch.1,774233,-0.3152,-1.2775,4.216,-1.1244,1.7807,-0.5114,0.0,0.0
1780080242272,2,11.0000004b,Drive,Delivery,pitch.1,776094,0.1721,-0.0517,0.0644,0.0097,0.0112,0.0083,0.0,0.0
1780080242272,2,12.00000015,Lower Delivery,Delivery,pitch.1,775604,-0.5515,-0.2267,3.136,-1.7062,2.0677,-1.0054,-0.0676,-0.0558
1780080242272,2,12.00000018,Upper Delivery,Delivery,pitch.1,776890,0.0391,-1.0248,1.2532,-0.117,-0.0137,0.3178,0.0,0.0
1780080242272,2,Pitching Mound.Delivery,,Delivery,pitch.1,774978,-0.5046,-1.2744,4.2704,-1.121,1.7488,-0.4999,0.0,0.0
1780080242272,2,Pitching Mound.Drive,,Delivery,pitch.1,776094,0.1721,-0.0517,0.0644,0.0097,0.0112,0.0083,0.0,0.0
1780080242272,2,Pitching Mound.Parent,,Delivery,pitch.1,774234,-0.3236,-1.329,4.3421,-1.105,1.7637,-0.4919,0.0,0.0
1780080242273,2,11.0000004b,Drive,Delivery,pitch.1,776095,0.1838,-0.0559,0.0718,0.0062,0.0087,0.0086,0.0,0.0
1780080242273,2,12.00000015,Lower Delivery,Delivery,pitch.1,775605,-0.5409,-0.2355,3.2194,-1.6647,1.9518,-0.9951,-0.0621,-0.053
1780080242273,2,12.00000018,Upper Delivery,Delivery,pitch.1,776891,0.053,-1.0137,1.2725,-0.12,-0.0119,0.3513,0.0,0.0
1780080242273,2,Pitching Mound.Delivery,,Delivery,pitch.1,774979,-0.4985,-1.2404,4.4085,-1.1926,2.0558,-0.4486,0.0,0.0
1780080242273,2,Pitching Mound.Drive,,Delivery,pitch.1,776095,0.1838,-0.0559,0.0718,0.0062,0.0087,0.0086,0.0,0.0
1780080242273,2,Pitching Mound.Parent,,Delivery,pitch.1,774235,-0.3264,-1.2921,4.4729,-1.1829,2.067,-0.4403,0.0,0.0
1780080242274,2,11.0000004b,Drive,Delivery,pitch.1,776096,0.1501,-0.0436,0.0677,0.0035,0.0053,0.0086,0.0,0.0
1780080242274,2,12.00000015,Lower Delivery,Delivery,pitch.1,775606,-0.5697,-0.2156,3.2762,-1.7769,1.8317,-1.0237,-0.0573,-0.0556
1780080242274,2,12.00000018,Upper Delivery,Delivery,pitch.1,776892,0.0438,-1.0295,1.1685,-0.1265,-0.0082,0.424,0.0,0.0
1780080242274,2,Pitching Mound.Delivery,,Delivery,pitch.1,774980,-0.4971,-1.265,4.3879,-1.0939,1.9436,-0.3724,0.0,0.0
1780080242274,2,Pitching Mound.Drive,,Delivery,pitch.1,776096,0.1501,-0.0436,0.0677,0.0035,0.0053,0.0086,0.0,0.0
1780080242274,2,Pitching Mound.Parent,,Delivery,pitch.1,774236,-0.3133,-1.3209,4.4596,-1.0876,1.9524,-0.3637,0.0,0.0
1780080242275,2,11.0000004b,Drive,Delivery,pitch.1,776097,0.1564,-0.0464,0.0625,0.003,0.0034,0.0081,0.0,0.0
1780080242275,2,12.00000015,Lower Delivery,Delivery,pitch.1,775607,-0.5758,-0.2127,3.2551,-1.5937,2.0195,-1.0268,-0.0636,-0.0502
1780080242275,2,12.00000018,Upper Delivery,Delivery,pitch.1,776893,0.0511,-1.0437,1.2399,-0.1258,-0.0085,0.4164,0.0,0.0
1780080242275,2,12.00000018,Upper Delivery,Delivery,pitch.1,776894,0.0781,-1.0717,1.2685,-0.1265,-0.0082,0.424,0.0,0.0
1780080242275,2,Pitching Mound.Delivery,,Delivery,pitch.1,774981,-0.5186,-1.2593,4.5162,-1.2104,1.8232,-0.3962,0.0,0.0
1780080242275,2,Pitching Mound.Delivery,,Delivery,pitch.1,774982,-0.4977,-1.2844,4.5236,-1.0447,2.0114,-0.3805,0.0,0.0
1780080242275,2,Pitching Mound.Drive,,Delivery,pitch.1,776097,0.1564,-0.0464,0.0625,0.003,0.0034,0.0081,0.0,0.0
1780080242275,2,Pitching Mound.Parent,,Delivery,pitch.1,774237,-0.3684,-1.3029,4.5838,-1.2069,1.8285,-0.3876,0.0,0.0
1780080242275,2,Pitching Mound.Parent,,Delivery,pitch.1,774238,-0.3413,-1.3308,4.5861,-1.0417,2.0148,-0.3724,0.0,0.0
1780080242276,2,11.0000004b,Drive,Delivery,pitch.1,776098,0.1527,-0.0455,0.0409,0.0208,0.013,0.0057,0.0,0.0
1780080242276,2,12.00000015,Lower Delivery,Delivery,pitch.1,775608,-0.5651,-0.2144,3.346,-1.7178,2.1102,-1.0116,-0.0646,-0.0526
1780080242276,2,Pitching Mound.Drive,,Delivery,pitch.1,776098,0.1527,-0.0455,0.0409,0.0208,0.013,0.0057,0.0,0.0
1780080242277,2,11.0000004b,Drive,Delivery,pitch.1,776099,0.152,-0.0448,0.0497,0.0229,0.0155,0.006,0.0,0.0
1780080242277,2,12.00000015,Lower Delivery,Delivery,pitch.1,775609,-0.5674,-0.1887,3.4555,-1.8317,2.58,-0.9685,-0.0765,-0.0543
1780080242277,2,12.00000018,Upper Delivery,Delivery,pitch.1,776895,0.0961,-1.0661,1.27,-0.1206,-0.0116,0.3586,0.0,0.0
1780080242277,2,Pitching Mound.Delivery,,Delivery,pitch.1,774983,-0.469,-1.2805,4.616,-1.1326,2.0987,-0.4282,0.0,0.0
1780080242277,2,Pitching Mound.Drive,,Delivery,pitch.1,776099,0.152,-0.0448,0.0497,0.0229,0.0155,0.006,0.0,0.0
1780080242277,2,Pitching Mound.Parent,,Delivery,pitch.1,774239,-0.3163,-1.3259,4.6569,-1.1118,2.1117,-0.4225,0.0,0.0
1780080242278,2,11.0000004b,Drive,Delivery,pitch.1,776100,0.151,-0.045,0.029,0.0376,0.0227,0.0046,0.0,0.0
1780080242278,2,12.00000015,Lower Delivery,Delivery,pitch.1,775610,-0.5152,-0.1912,3.4713,-1.8342,1.9274,-0.9511,-0.0569,-0.0542
1780080242278,2,12.00000018,Upper Delivery,Delivery,pitch.1,776896,0.1147,-1.0398,1.3729,-0.1186,-0.0128,0.3359,0.0,0.0
1780080242278,2,Pitching Mound.Delivery,,Delivery,pitch.1,774984,-0.4526,-1.2285,4.8284,-1.2422,2.5672,-0.4007,0.0,0.0
1780080242278,2,Pitching Mound.Drive,,Delivery,pitch.1,776100,0.151,-0.045,0.029,0.0376,0.0227,0.0046,0.0,0.0
1780080242278,2,Pitching Mound.Parent,,Delivery,pitch.1,774240,-0.3007,-1.2733,4.8781,-1.2193,2.5828,-0.3947,0.0,0.0
1780080242279,2,11.0000004b,Drive,Delivery,pitch.1,776101,0.1558,-0.0472,0.0179,0.0509,0.0231,0.0039,0.0,0.0
1780080242279,2,12.00000015,Lower Delivery,Delivery,pitch.1,775611,-0.5267,-0.1944,3.3571,-2.0504,1.6395,-0.9831,-0.0501,-0.0626
1780080242279,2,12.00000018,Upper Delivery,Delivery,pitch.1,776897,0.1241,-1.0046,1.3865,-0.1185,-0.0128,0.3352,0.0,0.0
1780080242279,2,Pitching Mound.Delivery,,Delivery,pitch.1,774985,-0.3911,-1.1958,4.8578,-1.2439,1.9146,-0.3986,0.0,0.0
1780080242279,2,Pitching Mound.Drive,,Delivery,pitch.1,776101,0.1558,-0.0472,0.0179,0.0509,0.0231,0.0039,0.0,0.0
1780080242279,2,Pitching Mound.Parent,,Delivery,pitch.1,774241,-0.2402,-1.2408,4.8868,-1.2063,1.9373,-0.394,0.0,0.0
1780080242280,2,11.0000004b,Drive,Delivery,pitch.1,776102,0.1414,-0.0423,0.004,0.0647,-0.0419,0.0019,0.0,0.0
1780080242280,2,12.00000015,Lower Delivery,Delivery,pitch.1,775612,-0.5022,-0.2073,3.3415,-2.0137,1.3856,-0.9571,-0.0425,-0.0618
1780080242280,2,12.00000018,Upper Delivery,Delivery,pitch.1,776898,0.1176,-0.9668,1.4842,-0.1226,-0.0104,0.3807,0.0,0.0
1780080242280,2,Pitching Mound.Delivery,,Delivery,pitch.1,774986,-0.4091,-1.1612,4.8413,-1.5362,1.6291,-0.3834,0.0,0.0
1780080242280,2,Pitching Mound.Drive,,Delivery,pitch.1,776102,0.1414,-0.0423,0.004,0.0647,-0.0419,0.0019,0.0,0.0
1780080242280,2,Pitching Mound.Parent,,Delivery,pitch.1,774242,-0.2533,-1.2084,4.8592,-1.4853,1.6521,-0.3796,0.0,0.0
1780080242281,2,11.0000004b,Drive,Delivery,pitch.1,776103,0.1366,-0.0415,-0.0277,0.0585,-0.0181,0.0019,0.0,0.0
1780080242281,2,12.00000015,Lower Delivery,Delivery,pitch.1,775613,-0.4818,-0.1961,3.3295,-2.3307,0.8415,-0.9051,-0.0259,-0.0717
1780080242281,2,12.00000018,Upper Delivery,Delivery,pitch.1,776899,0.1126,-0.9437,1.625,-0.1091,0.0193,0.4407,0.0,0.0
1780080242281,2,12.00000018,Upper Delivery,Delivery,pitch.1,776900,0.1209,-0.9065,1.8552,-0.1165,-0.014,0.312,0.0,0.0
1780080242281,2,Pitching Mound.Delivery,,Delivery,pitch.1,774987,-0.3896,-1.151,4.9665,-1.5392,1.4049,-0.3074,0.0,0.0
1780080242281,2,Pitching Mound.Delivery,,Delivery,pitch.1,774988,-0.3609,-1.1025,5.1846,-1.9459,0.8275,-0.3881,0.0,0.0
1780080242281,2,Pitching Mound.Drive,,Delivery,pitch.1,776103,0.1366,-0.0415,-0.0277,0.0585,-0.0181,0.0019,0.0,0.0
1780080242281,2,Pitching Mound.Parent,,Delivery,pitch.1,774243,-0.2483,-1.1934,4.9705,-1.4745,1.363,-0.3055,0.0,0.0
1780080242281,2,Pitching Mound.Parent,,Delivery,pitch.1,774244,-0.2243,-1.1441,5.1569,-1.8874,0.8095,-0.3862,0.0,0.0
1780080242282,2,11.0000004b,Drive,Delivery,pitch.1,776104,0.1419,-0.0424,0.0026,0.0733,-0.0932,-0.0003,0.0,0.0
1780080242282,2,12.00000015,Lower Delivery,Delivery,pitch.1,775614,-0.4838,-0.2155,3.3115,-2.2349,1.0874,-0.8739,-0.0337,-0.0692
1780080242282,2,12.00000018,Upper Delivery,Delivery,pitch.1,776901,0.0901,-0.8705,1.8013,-0.1065,0.0074,0.3533,0.0,0.0
1780080242282,2,Pitching Mound.Delivery,,Delivery,pitch.1,774989,-0.3937,-1.086,5.1128,-1.8279,1.0948,-0.3255,0.0,0.0
1780080242282,2,Pitching Mound.Drive,,Delivery,pitch.1,776104,0.1419,-0.0424,0.0026,0.0733,-0.0932,-0.0003,0.0,0.0
1780080242282,2,Pitching Mound.Parent,,Delivery,pitch.1,774245,-0.2519,-1.1284,5.1154,-1.7546,1.0015,-0.3258,0.0,0.0
1780080242283,2,11.0000004b,Drive,Delivery,pitch.1,776105,0.1333,-0.0401,-0.024,0.0998,-0.2573,-0.0009,0.0,0.0
1780080242283,2,12.00000015,Lower Delivery,Delivery,pitch.1,775615,-0.4764,-0.2215,3.2712,-1.9264,1.0872,-0.8891,-0.0341,-0.0604
1780080242283,2,12.00000018,Upper Delivery,Delivery,pitch.1,776902,0.0898,-0.853,1.8838,-0.1211,-0.0113,0.3642,0.0,0.0
1780080242283,2,Pitching Mound.Delivery,,Delivery,pitch.1,774990,-0.3865,-1.0745,5.155,-1.5758,1.0759,-0.3323,0.0,0.0
1780080242283,2,Pitching Mound.Drive,,Delivery,pitch.1,776105,0.1333,-0.0401,-0.024,0.0998,-0.2573,-0.0009,0.0,0.0
1780080242283,2,Pitching Mound.Parent,,Delivery,pitch.1,774246,-0.2533,-1.1147,5.131,-1.4759,0.8186,-0.3332,0.0,0.0
1780080242284,2,11.0000004b,Drive,Delivery,pitch.1,776106,0.1471,-0.0444,0.0032,0.0851,-0.1859,0.0,0.0,0.0
1780080242284,2,12.00000015,Lower Delivery,Delivery,pitch.1,775616,-0.4504,-0.2239,3.3322,-1.9892,1.1156,-0.8589,-0.0343,-0.0612
1780080242284,2,Pitching Mound.Drive,,Delivery,pitch.1,776106,0.1471,-0.0444,0.0032,0.0851,-0.1859,0.0,0.0,0.0
1780080242285,2,11.0000004b,Drive,Delivery,pitch.1,776107,0.1496,-0.0443,0.026,0.1056,-0.3206,-0.001,0.0,0.0
1780080242285,2,12.00000015,Lower Delivery,Delivery,pitch.1,775617,-0.4511,-0.2382,3.3162,-1.9029,1.2539,-0.8963,-0.0388,-0.0588
1780080242285,2,12.00000018,Upper Delivery,Delivery,pitch.1,776904,0.0824,-0.8445,1.9539,-0.1168,-0.0138,0.3162,0.0,0.0
1780080242285,2,12.00000018,Upper Delivery,Delivery,pitch.1,776903,0.0823,-0.8666,1.8555,-0.0964,0.032,0.4124,0.0,0.0
1780080242285,2,Pitching Mound.Delivery,,Delivery,pitch.1,774992,-0.3687,-1.0828,5.2701,-1.5565,1.2401,-0.3986,0.0,0.0
1780080242285,2,Pitching Mound.Delivery,,Delivery,pitch.1,774991,-0.3681,-1.0905,5.1877,-1.5834,1.1476,-0.2654,0.0,0.0
1780080242285,2,Pitching Mound.Drive,,Delivery,pitch.1,776107,0.1496,-0.0443,0.026,0.1056,-0.3206,-0.001,0.0,0.0
1780080242285,2,Pitching Mound.Parent,,Delivery,pitch.1,774248,-0.2191,-1.1271,5.2961,-1.4509,0.9194,-0.3997,0.0,0.0
1780080242285,2,Pitching Mound.Parent,,Delivery,pitch.1,774247,-0.221,-1.1349,5.1909,-1.4984,0.9617,-0.2654,0.0,0.0
1780080242286,2,11.0000004b,Drive,Delivery,pitch.1,776108,0.1524,-0.0453,0.035,0.1053,-0.3135,-0.0007,0.0,0.0
1780080242286,2,12.00000015,Lower Delivery,Delivery,pitch.1,775618,-0.4361,-0.2142,3.3894,-1.9504,1.3123,-0.8675,-0.0397,-0.059
1780080242286,2,12.00000018,Upper Delivery,Delivery,pitch.1,776905,0.1029,-0.8153,1.9738,-0.1122,-0.0165,0.2643,0.0,0.0
1780080242286,2,Pitching Mound.Delivery,,Delivery,pitch.1,774993,-0.3331,-1.0295,5.3632,-1.5812,1.2958,-0.42,0.0,0.0
1780080242286,2,Pitching Mound.Drive,,Delivery,pitch.1,776108,0.1524,-0.0453,0.035,0.1053,-0.3135,-0.0007,0.0,0.0
1780080242286,2,Pitching Mound.Parent,,Delivery,pitch.1,774249,-0.1807,-1.0749,5.3982,-1.4759,0.9823,-0.4207,0.0,0.0
1780080242287,2,11.0000004b,Drive,Delivery,pitch.1,776109,0.1451,-0.0426,0.0344,0.0902,-0.2418,-0.0002,0.0,0.0
1780080242287,2,12.00000015,Lower Delivery,Delivery,pitch.1,775619,-0.4265,-0.1608,3.4657,-2.0345,1.1558,-0.8646,-0.0342,-0.0602
1780080242287,2,12.00000018,Upper Delivery,Delivery,pitch.1,776906,0.0949,-0.8106,2.1078,-0.1164,-0.014,0.3118,0.0,0.0
1780080242287,2,Pitching Mound.Delivery,,Delivery,pitch.1,774994,-0.3316,-0.9714,5.5735,-1.6892,1.1418,-0.3755,0.0,0.0
1780080242287,2,Pitching Mound.Drive,,Delivery,pitch.1,776109,0.1451,-0.0426,0.0344,0.0902,-0.2418,-0.0002,0.0,0.0
1780080242287,2,Pitching Mound.Parent,,Delivery,pitch.1,774250,-0.1865,-1.014,5.6079,-1.599,0.8999,-0.3757,0.0,0.0
1780080242288,2,11.0000004b,Drive,Delivery,pitch.1,776110,0.1607,-0.0479,0.0469,0.0872,-0.1711,-0.001,0.0,0.0
1780080242288,2,12.00000015,Lower Delivery,Delivery,pitch.1,775620,-0.402,-0.2073,3.3242,-1.8428,0.7234,-0.9054,-0.0223,-0.0568
1780080242288,2,12.00000018,Upper Delivery,Delivery,pitch.1,776907,0.1105,-0.8291,1.9932,-0.1161,-0.0142,0.3086,0.0,0.0
1780080242288,2,Pitching Mound.Delivery,,Delivery,pitch.1,774995,-0.2915,-1.0364,5.3174,-1.5064,0.7092,-0.4226,0.0,0.0
1780080242288,2,Pitching Mound.Drive,,Delivery,pitch.1,776110,0.1607,-0.0479,0.0469,0.0872,-0.1711,-0.001,0.0,0.0
1780080242288,2,Pitching Mound.Parent,,Delivery,pitch.1,774251,-0.1307,-1.0843,5.3643,-1.4193,0.5381,-0.4236,0.0,0.0
1780080242289,2,11.0000004b,Drive,Delivery,pitch.1,776111,0.154,-0.0452,0.0575,0.0601,-0.0584,0.0021,0.0,0.0
1780080242289,2,12.00000015,Lower Delivery,Delivery,pitch.1,775621,-0.4078,-0.2025,3.3753,-1.8294,0.8459,-0.9387,-0.0257,-0.0556
1780080242289,2,12.00000018,Upper Delivery,Delivery,pitch.1,776908,0.1058,-0.844,1.9411,-0.1152,-0.0147,0.2985,0.0,0.0
1780080242289,2,Pitching Mound.Delivery,,Delivery,pitch.1,774996,-0.302,-1.0465,5.3163,-1.457,0.8312,-0.4656,0.0,0.0
1780080242289,2,Pitching Mound.Drive,,Delivery,pitch.1,776111,0.154,-0.0452,0.0575,0.0601,-0.0584,0.0021,0.0,0.0
1780080242289,2,Pitching Mound.Parent,,Delivery,pitch.1,774252,-0.148,-1.0917,5.3738,-1.3969,0.7727,-0.4635,0.0,0.0
1780080242290,2,11.0000004b,Drive,Delivery,pitch.1,776112,0.1364,-0.0399,0.0265,0.043,0.0153,0.0032,0.0,0.0
1780080242290,2,12.00000015,Lower Delivery,Delivery,pitch.1,775622,-0.4071,-0.1847,3.4402,-1.7519,0.7525,-0.9167,-0.0224,-0.0522
1780080242290,2,12.00000018,Upper Delivery,Delivery,pitch.1,776909,0.1426,-0.8427,1.5509,-0.1013,-0.0228,0.1435,0.0,0.0
1780080242290,2,Pitching Mound.Delivery,,Delivery,pitch.1,774997,-0.2645,-1.0274,4.9911,-1.2109,0.7297,-0.5863,0.0,0.0
1780080242290,2,Pitching Mound.Drive,,Delivery,pitch.1,776112,0.1364,-0.0399,0.0265,0.043,0.0153,0.0032,0.0,0.0
1780080242290,2,Pitching Mound.Parent,,Delivery,pitch.1,774253,-0.1281,-1.0673,5.0177,-1.1679,0.7449,-0.5831,0.0,0.0
1780080242291,2,11.0000004b,Drive,Delivery,pitch.1,776113,0.135,-0.0386,0.0556,0.0321,0.0262,0.0042,0.0,0.0
1780080242291,2,11.0000004b,Drive,Delivery,pitch.1,776114,0.1425,-0.0411,0.0637,0.0413,0.0332,0.0042,0.0,0.0
1780080242291,2,12.00000015,Lower Delivery,Delivery,pitch.1,775623,-0.4067,-0.2014,3.3941,-1.8507,0.5192,-0.9614,-0.0157,-0.0559
1780080242291,2,12.00000018,Upper Delivery,Delivery,pitch.1,776910,0.1354,-0.8262,1.7067,-0.1043,-0.0211,0.176,0.0,0.0
1780080242291,2,Pitching Mound.Delivery,,Delivery,pitch.1,774998,-0.2712,-1.0276,5.1007,-1.3813,0.4981,-0.601,0.0,0.0
1780080242291,2,Pitching Mound.Drive,,Delivery,pitch.1,776113,0.135,-0.0386,0.0556,0.0321,0.0262,0.0042,0.0,0.0
1780080242291,2,Pitching Mound.Drive,,Delivery,pitch.1,776114,0.1425,-0.0411,0.0637,0.0413,0.0332,0.0042,0.0,0.0
1780080242291,2,Pitching Mound.Parent,,Delivery,pitch.1,774254,-0.1362,-1.0663,5.1564,-1.3492,0.5244,-0.5968,0.0,0.0
1780080242292,2,11.0000004b,Drive,Delivery,pitch.1,776115,0.147,-0.0428,0.0625,0.0405,0.0352,0.0047,0.0,0.0
1780080242292,2,12.00000015,Lower Delivery,Delivery,pitch.1,775624,-0.4234,-0.2343,3.3899,-1.5421,0.8508,-0.9625,-0.0257,-0.0466
1780080242292,2,12.00000018,Upper Delivery,Delivery,pitch.1,776911,0.1341,-0.8386,1.6878,-0.1094,-0.0181,0.233,0.0,0.0
1780080242292,2,Pitching Mound.Delivery,,Delivery,pitch.1,774999,-0.2893,-1.0729,5.0777,-1.0728,0.8327,-0.54,0.0,0.0
1780080242292,2,Pitching Mound.Drive,,Delivery,pitch.1,776115,0.147,-0.0428,0.0625,0.0405,0.0352,0.0047,0.0,0.0
1780080242292,2,Pitching Mound.Parent,,Delivery,pitch.1,774255,-0.1468,-1.114,5.1414,-1.0315,0.8658,-0.5358,0.0,0.0
1780080242293,2,12.00000015,Lower Delivery,Delivery,pitch.1,775625,-0.4208,-0.2633,3.3872,-1.7661,0.271,-1.0107,-0.0082,-0.0534
1780080242293,2,12.00000018,Upper Delivery,Delivery,pitch.1,776912,0.1589,-0.8264,1.632,-0.1001,-0.0235,0.1295,0.0,0.0
1780080242293,2,Pitching Mound.Delivery,,Delivery,pitch.1,775000,-0.262,-1.0898,5.0191,-1.2694,0.2475,-0.6841,0.0,0.0
1780080242293,2,Pitching Mound.Parent,,Delivery,pitch.1,774256,-0.115,-1.1325,5.0817,-1.2289,0.2827,-0.6795,0.0,0.0
1780080242294,2,11.0000004b,Drive,Delivery,pitch.1,776116,0.1572,-0.0464,0.0628,0.0444,0.0335,0.0037,0.0,0.0
1780080242294,2,11.0000004b,Drive,Delivery,pitch.1,776117,0.172,-0.0516,0.0648,0.0464,0.038,0.0033,0.0,0.0
1780080242294,2,12.00000015,Lower Delivery,Delivery,pitch.1,775626,-0.4262,-0.2667,3.3457,-1.7345,0.3265,-1.061,-0.01,-0.0531
1780080242294,2,Pitching Mound.Drive,,Delivery,pitch.1,776116,0.1572,-0.0464,0.0628,0.0444,0.0335,0.0037,0.0,0.0
1780080242294,2,Pitching Mound.Drive,,Delivery,pitch.1,776117,0.172,-0.0516,0.0648,0.0464,0.038,0.0033,0.0,0.0
1780080242295,2,12.00000015,Lower Delivery,Delivery,pitch.1,775627,-0.4452,-0.2782,3.2645,-1.7315,0.5671,-1.0326,-0.0178,-0.0544
1780080242295,2,12.00000018,Upper Delivery,Delivery,pitch.1,776913,0.1397,-0.8459,1.7062,-0.1074,-0.0193,0.2109,0.0,0.0
1780080242295,2,12.00000018,Upper Delivery,Delivery,pitch.1,776914,0.1356,-0.8445,1.7605,-0.1086,-0.0186,0.224,0.0,0.0
1780080242295,2,Pitching Mound.Delivery,,Delivery,pitch.1,775001,-0.2866,-1.1126,5.0519,-1.2845,0.3072,-0.6577,0.0,0.0
1780080242295,2,Pitching Mound.Delivery,,Delivery,pitch.1,775002,-0.3096,-1.1226,5.025,-1.3287,0.5485,-0.6112,0.0,0.0
1780080242295,2,Pitching Mound.Parent,,Delivery,pitch.1,774257,-0.1146,-1.1642,5.1167,-1.2381,0.3452,-0.6544,0.0,0.0
1780080242296,2,11.0000004b,Drive,Delivery,pitch.1,776119,0.1298,-0.0365,0.0499,0.0308,0.0366,0.0032,0.0,0.0
1780080242296,2,11.0000004b,Drive,Delivery,pitch.1,776118,0.1408,-0.0405,0.0542,0.0301,0.04,0.0019,0.0,0.0
1780080242296,2,12.00000015,Lower Delivery,Delivery,pitch.1,775628,-0.4466,-0.3288,3.2937,-1.5418,0.706,-1.0007,-0.022,-0.048
1780080242296,2,12.00000018,Upper Delivery,Delivery,pitch.1,776915,0.1157,-0.8765,1.6924,-0.1157,-0.0145,0.3034,0.0,0.0
1780080242296,2,Pitching Mound.Delivery,,Delivery,pitch.1,775003,-0.3308,-1.2053,4.9861,-1.1131,0.6915,-0.506,0.0,0.0
1780080242296,2,Pitching Mound.Drive,,Delivery,pitch.1,776119,0.1298,-0.0365,0.0499,0.0308,0.0366,0.0032,0.0,0.0
1780080242296,2,Pitching Mound.Drive,,Delivery,pitch.1,776118,0.1408,-0.0405,0.0542,0.0301,0.04,0.0019,0.0,0.0
1780080242296,2,Pitching Mound.Parent,,Delivery,pitch.1,774259,-0.201,-1.2418,5.036,-1.0823,0.7281,-0.5029,0.0,0.0
1780080242296,2,Pitching Mound.Parent,,Delivery,pitch.1,774258,-0.1688,-1.1632,5.0792,-1.2986,0.5885,-0.6093,0.0,0.0
1780080242297,2,11.0000004b,Drive,Delivery,pitch.1,776120,0.1484,-0.0432,0.0533,0.0229,0.0408,0.0017,0.0,0.0
1780080242297,2,12.00000015,Lower Delivery,Delivery,pitch.1,775629,-0.4665,-0.3797,3.1226,-1.5792,0.9263,-1.0007,-0.0304,-0.0518
1780080242297,2,12.00000018,Upper Delivery,Delivery,pitch.1,776916,0.0938,-0.8961,1.4544,-0.1184,-0.0129,0.334,0.0,0.0
1780080242297,2,Pitching Mound.Delivery,,Delivery,pitch.1,775004,-0.3727,-1.2758,4.577,-1.1304,0.9134,-0.4762,0.0,0.0
1780080242297,2,Pitching Mound.Drive,,Delivery,pitch.1,776120,0.1484,-0.0432,0.0533,0.0229,0.0408,0.0017,0.0,0.0
1780080242297,2,Pitching Mound.Parent,,Delivery,pitch.1,774260,-0.2244,-1.319,4.6303,-1.1075,0.9542,-0.4746,0.0,0.0
1780080242298,2,11.0000004b,Drive,Delivery,pitch.1,776121,0.1455,-0.0422,0.0517,0.0168,0.0408,0.0013,0.0,0.0
1780080242298,2,12.00000015,Lower Delivery,Delivery,pitch.1,775630,-0.4804,-0.396,3.0994,-1.6194,1.1003,-0.9947,-0.0364,-0.0536
1780080242298,2,Pitching Mound.Drive,,Delivery,pitch.1,776121,0.1455,-0.0422,0.0517,0.0168,0.0408,0.0013,0.0,0.0
1780080242299,2,11.0000004b,Drive,Delivery,pitch.1,776122,0.161,-0.0476,0.0554,0.0184,0.0395,0.0017,0.0,0.0
1780080242299,2,12.00000015,Lower Delivery,Delivery,pitch.1,775631,-0.4963,-0.4111,3.0476,-1.6711,1.2621,-1.0299,-0.0424,-0.0562
1780080242299,2,12.00000018,Upper Delivery,Delivery,pitch.1,776917,0.0953,-0.9099,1.4257,-0.1217,-0.011,0.3703,0.0,0.0
1780080242299,2,Pitching Mound.Delivery,,Delivery,pitch.1,775005,-0.385,-1.3059,4.5251,-1.172,1.0893,-0.4287,0.0,0.0
1780080242299,2,Pitching Mound.Drive,,Delivery,pitch.1,776122,0.161,-0.0476,0.0554,0.0184,0.0395,0.0017,0.0,0.0
1780080242299,2,Pitching Mound.Parent,,Delivery,pitch.1,774261,-0.2396,-1.3481,4.5768,-1.1552,1.1301,-0.4274,0.0,0.0
1780080242300,2,11.0000004b,Drive,Delivery,pitch.1,776123,0.1766,-0.0532,0.0564,0.0262,0.0373,0.0013,0.0,0.0
1780080242300,2,12.00000015,Lower Delivery,Delivery,pitch.1,775632,-0.4807,-0.4206,3.0169,-1.709,1.3336,-1.0191,-0.0453,-0.0581
1780080242300,2,12.00000018,Upper Delivery,Delivery,pitch.1,776918,0.0979,-0.9285,1.3211,-0.121,-0.0113,0.363,0.0,0.0
1780080242300,2,12.00000018,Upper Delivery,Delivery,pitch.1,776919,0.0675,-0.9285,1.2327,-0.1218,-0.0109,0.3715,0.0,0.0
1780080242300,2,Pitching Mound.Delivery,,Delivery,pitch.1,775006,-0.3984,-1.3397,4.3687,-1.2052,1.2508,-0.4648,0.0,0.0
1780080242300,2,Pitching Mound.Delivery,,Delivery,pitch.1,775007,-0.4131,-1.3491,4.2496,-1.2242,1.3227,-0.4613,0.0,0.0
1780080242300,2,Pitching Mound.Drive,,Delivery,pitch.1,776123,0.1766,-0.0532,0.0564,0.0262,0.0373,0.0013,0.0,0.0
1780080242300,2,Pitching Mound.Parent,,Delivery,pitch.1,774262,-0.2374,-1.3872,4.4241,-1.1867,1.2903,-0.4632,0.0,0.0
1780080242300,2,Pitching Mound.Parent,,Delivery,pitch.1,774263,-0.2365,-1.4023,4.306,-1.1979,1.36,-0.4599,0.0,0.0
1780080242301,2,11.0000004b,Drive,Delivery,pitch.1,776124,0.205,-0.0633,0.0691,0.0508,0.0332,0.0033,0.0,0.0
1780080242301,2,12.00000015,Lower Delivery,Delivery,pitch.1,775633,-0.4751,-0.4455,2.7631,-1.7056,1.3358,-0.9477,-0.0496,-0.0633
1780080242301,2,Pitching Mound.Drive,,Delivery,pitch.1,776124,0.205,-0.0633,0.0691,0.0508,0.0332,0.0033,0.0,0.0
1780080242302,2,11.0000004b,Drive,Delivery,pitch.1,776125,0.2025,-0.0624,0.0696,0.0538,0.0003,0.0028,0.0,0.0
1780080242302,2,12.00000015,Lower Delivery,Delivery,pitch.1,775634,-0.4636,-0.4359,2.828,-1.6713,1.6343,-0.9776,-0.0592,-0.0606
1780080242302,2,12.00000018,Upper Delivery,Delivery,pitch.1,776921,0.0645,-1.0253,1.1119,-0.1276,-0.0075,0.4367,0.0,0.0
1780080242302,2,12.00000018,Upper Delivery,Delivery,pitch.1,776920,0.0606,-0.9617,1.1047,-0.1333,-0.0042,0.4998,0.0,0.0
1780080242302,2,Pitching Mound.Delivery,,Delivery,pitch.1,775008,-0.4145,-1.4073,3.8678,-1.275,1.3316,-0.2657,0.0,0.0
1780080242302,2,Pitching Mound.Delivery,,Delivery,pitch.1,775009,-0.3991,-1.4612,3.9398,-1.2154,1.6268,-0.3613,0.0,0.0
1780080242302,2,Pitching Mound.Drive,,Delivery,pitch.1,776125,0.2025,-0.0624,0.0696,0.0538,0.0003,0.0028,0.0,0.0
1780080242302,2,Pitching Mound.Parent,,Delivery,pitch.1,774264,-0.2095,-1.4706,3.9368,-1.2242,1.3649,-0.2624,0.0,0.0
1780080242302,2,Pitching Mound.Parent,,Delivery,pitch.1,774265,-0.1966,-1.5235,4.0094,-1.1617,1.6271,-0.3585,0.0,0.0
1780080242303,2,11.0000004b,Drive,Delivery,pitch.1,776126,0.1738,-0.0518,0.0606,0.0572,0.0,0.0026,0.0,0.0
1780080242303,2,12.00000015,Lower Delivery,Delivery,pitch.1,775635,-0.4526,-0.4204,2.8946,-1.6525,1.7649,-0.9216,-0.0625,-0.0585
1780080242303,2,12.00000018,Upper Delivery,Delivery,pitch.1,776922,0.047,-1.034,1.3192,-0.1289,-0.0068,0.4505,0.0,0.0
1780080242303,2,Pitching Mound.Delivery,,Delivery,pitch.1,775010,-0.4056,-1.4544,4.2138,-1.2457,1.7581,-0.3013,0.0,0.0
1780080242303,2,Pitching Mound.Drive,,Delivery,pitch.1,776126,0.1738,-0.0518,0.0606,0.0572,0.0,0.0026,0.0,0.0
1780080242303,2,Pitching Mound.Parent,,Delivery,pitch.1,774266,-0.2318,-1.5063,4.2744,-1.1885,1.7581,-0.2987,0.0,0.0
1780080242304,2,11.0000004b,Drive,Delivery,pitch.1,776127,0.1473,-0.0427,0.0507,0.0336,0.0261,0.0056,0.0,0.0
1780080242304,2,12.00000015,Lower Delivery,Delivery,pitch.1,775636,-0.4432,-0.3976,2.956,-1.4804,2.0028,-0.8769,-0.0694,-0.0513
1780080242304,2,12.00000018,Upper Delivery,Delivery,pitch.1,776923,0.005,-1.0899,1.2426,-0.1321,-0.0049,0.4867,0.0,0.0
1780080242304,2,Pitching Mound.Delivery,,Delivery,pitch.1,775011,-0.4382,-1.4874,4.1986,-1.03,1.9979,-0.2378,0.0,0.0
1780080242304,2,Pitching Mound.Drive,,Delivery,pitch.1,776127,0.1473,-0.0427,0.0507,0.0336,0.0261,0.0056,0.0,0.0
1780080242304,2,Pitching Mound.Parent,,Delivery,pitch.1,774267,-0.291,-1.5301,4.2493,-0.9964,2.0241,-0.2323,0.0,0.0
1780080242305,2,11.0000004b,Drive,Delivery,pitch.1,776128,0.149,-0.0433,0.0517,0.0283,0.0253,0.0056,0.0,0.0
1780080242305,2,12.00000015,Lower Delivery,Delivery,pitch.1,775637,-0.4337,-0.3902,3.0388,-1.4227,2.0633,-0.8752,-0.0696,-0.048
1780080242305,2,12.00000018,Upper Delivery,Delivery,pitch.1,776924,-0.0073,-1.0448,1.1504,-0.0259,0.1287,0.5488,0.0,0.0
1780080242305,2,Pitching Mound.Delivery,,Delivery,pitch.1,775012,-0.441,-1.435,4.1892,-0.8066,2.192,-0.1815,0.0,0.0
1780080242305,2,Pitching Mound.Drive,,Delivery,pitch.1,776128,0.149,-0.0433,0.0517,0.0283,0.0253,0.0056,0.0,0.0
1780080242305,2,Pitching Mound.Parent,,Delivery,pitch.1,774268,-0.292,-1.4783,4.2409,-0.7783,2.2173,-0.1759,0.0,0.0
1780080242306,2,11.0000004b,Drive,Delivery,pitch.1,776129,0.1538,-0.0448,0.0585,0.0244,0.02,0.0051,0.0,0.0
1780080242306,2,12.00000015,Lower Delivery,Delivery,pitch.1,775638,-0.4377,-0.3998,2.9488,-1.276,2.3315,-0.864,-0.081,-0.0444
1780080242306,2,12.00000018,Upper Delivery,Delivery,pitch.1,776925,0.0037,-1.0584,1.1821,-0.1288,-0.0068,0.4492,0.0,0.0
1780080242306,2,Pitching Mound.Delivery,,Delivery,pitch.1,775013,-0.434,-1.4582,4.1309,-0.8041,2.3246,-0.2648,0.0,0.0
1780080242306,2,Pitching Mound.Drive,,Delivery,pitch.1,776129,0.1538,-0.0448,0.0585,0.0244,0.02,0.0051,0.0,0.0
1780080242306,2,Pitching Mound.Parent,,Delivery,pitch.1,774269,-0.2802,-1.503,4.1894,-0.7797,2.3446,-0.2597,0.0,0.0
1780080242307,2,11.0000004b,Drive,Delivery,pitch.1,776130,0.1514,-0.044,0.0629,0.0138,0.0144,0.0061,0.0,0.0
1780080242307,2,12.00000015,Lower Delivery,Delivery,pitch.1,775639,-0.429,-0.3489,3.0817,-1.2565,2.5003,-0.8496,-0.0832,-0.0418
1780080242307,2,12.00000018,Upper Delivery,Delivery,pitch.1,776926,0.0224,-1.0186,1.252,-0.1242,-0.0095,0.3988,0.0,0.0
1780080242307,2,Pitching Mound.Delivery,,Delivery,pitch.1,775014,-0.4067,-1.3675,4.3337,-0.7586,2.4908,-0.2973,0.0,0.0
1780080242307,2,Pitching Mound.Drive,,Delivery,pitch.1,776130,0.1514,-0.044,0.0629,0.0138,0.0144,0.0061,0.0,0.0
1780080242307,2,Pitching Mound.Parent,,Delivery,pitch.1,774270,-0.2553,-1.4115,4.3966,-0.7448,2.5052,-0.2912,0.0,0.0
1780080242308,2,11.0000004b,Drive,Delivery,pitch.1,776131,0.1456,-0.0421,0.0614,0.0082,0.014,0.0065,0.0,0.0
1780080242308,2,12.00000015,Lower Delivery,Delivery,pitch.1,775640,-0.4112,-0.2994,3.1647,-1.4331,2.1325,-0.9179,-0.0691,-0.0464
1780080242308,2,12.00000018,Upper Delivery,Delivery,pitch.1,776927,0.0328,-1.0005,1.5163,-0.1219,-0.0108,0.3733,0.0,0.0
1780080242308,2,Pitching Mound.Delivery,,Delivery,pitch.1,775015,-0.3784,-1.2998,4.681,-0.9946,2.1217,-0.3936,0.0,0.0
1780080242308,2,Pitching Mound.Drive,,Delivery,pitch.1,776131,0.1456,-0.0421,0.0614,0.0082,0.014,0.0065,0.0,0.0
1780080242308,2,Pitching Mound.Parent,,Delivery,pitch.1,774271,-0.2328,-1.3419,4.7424,-0.9864,2.1357,-0.3872,0.0,0.0
1780080242309,2,11.0000004b,Drive,Delivery,pitch.1,776132,0.133,-0.038,0.052,0.0101,0.0134,0.0055,0.0,0.0
1780080242309,2,12.00000015,Lower Delivery,Delivery,pitch.1,775641,-0.3961,-0.3081,3.199,-1.2854,2.5004,-0.9274,-0.0801,-0.0412
1780080242309,2,12.00000018,Upper Delivery,Delivery,pitch.1,776928,0.0322,-0.9784,1.5807,-0.1206,-0.0116,0.3588,0.0,0.0
1780080242309,2,Pitching Mound.Delivery,,Delivery,pitch.1,775016,-0.3639,-1.2865,4.7798,-0.8558,2.4889,-0.423,0.0,0.0
1780080242309,2,Pitching Mound.Drive,,Delivery,pitch.1,776132,0.133,-0.038,0.052,0.0101,0.0134,0.0055,0.0,0.0
1780080242309,2,Pitching Mound.Parent,,Delivery,pitch.1,774272,-0.2309,-1.3245,4.8318,-0.8457,2.5023,-0.4175,0.0,0.0
1780080242310,2,11.0000004b,Drive,Delivery,pitch.1,776133,0.094,-0.024,0.0454,0.0035,0.008,0.006,0.0,0.0
1780080242310,2,12.00000015,Lower Delivery,Delivery,pitch.1,775642,-0.3857,-0.2851,3.3394,-1.4742,2.4507,-0.8607,-0.0752,-0.0452
1780080242310,2,12.00000018,Upper Delivery,Delivery,pitch.1,776929,0.0328,-0.9383,1.6722,0.0656,0.2379,0.4708,0.0,0.0
1780080242310,2,Pitching Mound.Delivery,,Delivery,pitch.1,775017,-0.3529,-1.2233,5.0116,-0.8418,2.6887,-0.2475,0.0,0.0
1780080242310,2,Pitching Mound.Drive,,Delivery,pitch.1,776133,0.094,-0.024,0.0454,0.0035,0.008,0.006,0.0,0.0
1780080242310,2,Pitching Mound.Parent,,Delivery,pitch.1,774273,-0.2589,-1.2474,5.057,-0.8383,2.6967,-0.2415,0.0,0.0
1780080242311,2,11.0000004b,Drive,Delivery,pitch.1,776134,0.0769,-0.0182,0.0359,0.0149,0.0159,0.0047,0.0,0.0
1780080242311,2,12.00000015,Lower Delivery,Delivery,pitch.1,775643,-0.3664,-0.2896,3.4195,-1.6425,2.3217,-0.8239,-0.0696,-0.0492
1780080242311,2,12.00000018,Upper Delivery,Delivery,pitch.1,776930,0.0621,-0.9267,1.6982,0.0341,0.2399,0.4368,0.0,0.0
1780080242311,2,Pitching Mound.Delivery,,Delivery,pitch.1,775018,-0.3043,-1.2163,5.1176,-1.0231,2.5617,-0.2414,0.0,0.0
1780080242311,2,Pitching Mound.Drive,,Delivery,pitch.1,776134,0.0769,-0.0182,0.0359,0.0149,0.0159,0.0047,0.0,0.0
1780080242311,2,Pitching Mound.Parent,,Delivery,pitch.1,774274,-0.2274,-1.2345,5.1535,-1.0082,2.5776,-0.2367,0.0,0.0
1780080242312,2,11.0000004b,Drive,Delivery,pitch.1,776135,0.0573,-0.0114,0.0286,0.0166,0.0119,0.0042,0.0,0.0
1780080242312,2,12.00000015,Lower Delivery,Delivery,pitch.1,775644,-0.3753,-0.2557,3.532,-1.8154,2.4573,-0.7683,-0.0713,-0.0527
1780080242312,2,12.00000018,Upper Delivery,Delivery,pitch.1,776931,0.0631,-0.8718,1.918,0.0497,0.2911,0.4292,0.0,0.0
1780080242312,2,Pitching Mound.Delivery,,Delivery,pitch.1,775019,-0.3122,-1.1275,5.45,-1.217,2.7484,-0.19,0.0,0.0
1780080242312,2,Pitching Mound.Drive,,Delivery,pitch.1,776135,0.0573,-0.0114,0.0286,0.0166,0.0119,0.0042,0.0,0.0
1780080242312,2,Pitching Mound.Parent,,Delivery,pitch.1,774275,-0.2548,-1.1389,5.4786,-1.2004,2.7603,-0.1858,0.0,0.0
1780080242313,2,11.0000004b,Drive,Delivery,pitch.1,776136,0.0798,-0.0194,0.0359,0.0303,0.0211,0.0031,0.0,0.0
1780080242313,2,12.00000015,Lower Delivery,Delivery,pitch.1,775645,-0.388,-0.2144,3.6641,-1.9492,2.1573,-0.7328,-0.0603,-0.0545
1780080242313,2,12.00000018,Upper Delivery,Delivery,pitch.1,776932,0.0397,-0.8291,1.8405,0.1867,0.5148,0.4902,0.0,0.0
1780080242313,2,Pitching Mound.Delivery,,Delivery,pitch.1,775020,-0.3484,-1.0435,5.5046,-1.1424,2.6722,-0.0972,0.0,0.0
1780080242313,2,Pitching Mound.Drive,,Delivery,pitch.1,776136,0.0798,-0.0194,0.0359,0.0303,0.0211,0.0031,0.0,0.0
1780080242313,2,Pitching Mound.Parent,,Delivery,pitch.1,774276,-0.2686,-1.0629,5.5404,-1.1122,2.6932,-0.0941,0.0,0.0
1780080242314,2,11.0000004b,Drive,Delivery,pitch.1,776137,0.1017,-0.0273,0.043,0.0411,0.0252,0.0028,0.0,0.0
1780080242314,2,12.00000015,Lower Delivery,Delivery,pitch.1,775646,-0.3784,-0.2532,3.6196,-2.0295,1.9364,-0.7549,-0.0548,-0.0575
1780080242314,2,12.00000018,Upper Delivery,Delivery,pitch.1,776933,0.0449,-0.8397,1.8222,0.1641,0.5218,0.5153,0.0,0.0
1780080242314,2,Pitching Mound.Delivery,,Delivery,pitch.1,775021,-0.3335,-1.0929,5.4417,-1.2542,2.4582,-0.0957,0.0,0.0
1780080242314,2,Pitching Mound.Drive,,Delivery,pitch.1,776137,0.1017,-0.0273,0.043,0.0411,0.0252,0.0028,0.0,0.0
1780080242314,2,Pitching Mound.Parent,,Delivery,pitch.1,774277,-0.2318,-1.1202,5.4848,-1.2131,2.4834,-0.0928,0.0,0.0
1780080242315,2,11.0000004b,Drive,Delivery,pitch.1,776138,0.1163,-0.0325,0.048,0.0491,0.0271,0.0027,0.0,0.0
1780080242315,2,12.00000015,Lower Delivery,Delivery,pitch.1,775647,-0.3743,-0.2499,3.5962,-2.0869,1.822,-0.7364,-0.0519,-0.0595
1780080242315,2,12.00000018,Upper Delivery,Delivery,pitch.1,776934,0.0538,-0.8078,1.9053,0.1096,0.3415,0.4789,0.0,0.0
1780080242315,2,Pitching Mound.Delivery,,Delivery,pitch.1,775022,-0.3205,-1.0577,5.5016,-1.4024,2.1635,-0.1119,0.0,0.0
1780080242315,2,Pitching Mound.Drive,,Delivery,pitch.1,776138,0.1163,-0.0325,0.048,0.0491,0.0271,0.0027,0.0,0.0
1780080242315,2,Pitching Mound.Parent,,Delivery,pitch.1,774278,-0.2042,-1.0902,5.5496,-1.3534,2.1906,-0.1092,0.0,0.0
1780080242316,2,11.0000004b,Drive,Delivery,pitch.1,776139,0.1234,-0.0348,0.0474,0.0545,0.0299,0.0031,0.0,0.0
1780080242316,2,12.00000015,Lower Delivery,Delivery,pitch.1,775648,-0.367,-0.1902,3.6139,-2.2225,1.5583,-0.6385,-0.0442,-0.063
1780080242316,2,12.00000018,Upper Delivery,Delivery,pitch.1,776935,0.0305,-0.8317,1.8319,0.1827,0.5268,0.5362,0.0,0.0
1780080242316,2,Pitching Mound.Delivery,,Delivery,pitch.1,775023,-0.3365,-1.0219,5.4457,-1.4339,2.085,0.0328,0.0,0.0
1780080242316,2,Pitching Mound.Drive,,Delivery,pitch.1,776139,0.1234,-0.0348,0.0474,0.0545,0.0299,0.0031,0.0,0.0
1780080242316,2,Pitching Mound.Parent,,Delivery,pitch.1,774279,-0.213,-1.0567,5.4931,-1.3794,2.1149,0.0359,0.0,0.0
1780080242317,2,11.0000004b,Drive,Delivery,pitch.1,776140,0.1152,-0.0318,0.0367,0.0534,0.0301,0.0035,0.0,0.0
1780080242317,2,12.00000015,Lower Delivery,Delivery,pitch.1,775649,-0.3647,-0.1682,3.5767,-2.2018,1.4329,-0.6182,-0.0411,-0.0631
1780080242317,2,12.00000018,Upper Delivery,Delivery,pitch.1,776936,0.009,-0.8406,1.6493,0.3044,0.6601,0.6274,0.0,0.0
1780080242317,2,Pitching Mound.Delivery,,Delivery,pitch.1,775024,-0.3557,-1.0088,5.226,-1.242,2.0931,0.1362,0.0,0.0
1780080242317,2,Pitching Mound.Drive,,Delivery,pitch.1,776140,0.1152,-0.0318,0.0367,0.0534,0.0301,0.0035,0.0,0.0
1780080242317,2,Pitching Mound.Parent,,Delivery,pitch.1,774280,-0.2405,-1.0406,5.2627,-1.1887,2.1232,0.1397,0.0,0.0
1780080242318,2,11.0000004b,Drive,Delivery,pitch.1,776141,0.1103,-0.0298,0.0367,0.0464,0.0273,0.0049,0.0,0.0
1780080242318,2,12.00000015,Lower Delivery,Delivery,pitch.1,775650,-0.3513,-0.1345,3.5194,-2.2541,1.7012,-0.5987,-0.0495,-0.0656
1780080242318,2,12.00000018,Upper Delivery,Delivery,pitch.1,776937,0.0395,-0.8457,1.4461,0.1983,0.5361,0.5261,0.0,0.0
1780080242318,2,Pitching Mound.Delivery,,Delivery,pitch.1,775025,-0.3118,-0.9802,4.9655,-1.3508,2.2374,0.0602,0.0,0.0
1780080242318,2,Pitching Mound.Drive,,Delivery,pitch.1,776141,0.1103,-0.0298,0.0367,0.0464,0.0273,0.0049,0.0,0.0
1780080242318,2,Pitching Mound.Parent,,Delivery,pitch.1,774281,-0.2015,-1.01,5.0022,-1.3044,2.2647,0.0651,0.0,0.0
1780080242319,2,11.0000004b,Drive,Delivery,pitch.1,776142,0.154,-0.0456,0.0533,0.0468,0.0273,0.0051,0.0,0.0
1780080242319,2,12.00000015,Lower Delivery,Delivery,pitch.1,775651,-0.3327,-0.1119,3.5077,-1.9477,2.2582,-0.5512,-0.066,-0.0569
1780080242319,2,12.00000018,Upper Delivery,Delivery,pitch.1,776938,-0.0025,-0.8659,1.3013,0.1832,0.5524,0.6,0.0,0.0
1780080242319,2,Pitching Mound.Delivery,,Delivery,pitch.1,775026,-0.3352,-0.9778,4.8089,-1.0143,2.8106,0.1611,0.0,0.0
1780080242319,2,Pitching Mound.Drive,,Delivery,pitch.1,776142,0.154,-0.0456,0.0533,0.0468,0.0273,0.0051,0.0,0.0
1780080242319,2,Pitching Mound.Parent,,Delivery,pitch.1,774282,-0.1811,-1.0234,4.8622,-0.9675,2.8379,0.1662,0.0,0.0
1780080242320,2,11.0000004b,Drive,Delivery,pitch.1,776143,0.1572,-0.0467,0.0546,0.0449,0.0284,0.0066,0.0,0.0
1780080242320,2,12.00000015,Lower Delivery,Delivery,pitch.1,775652,-0.3325,-0.0932,3.2514,-2.1275,1.5904,-0.5401,-0.0501,-0.0671
1780080242320,2,12.00000018,Upper Delivery,Delivery,pitch.1,776939,0.0087,-0.8405,1.3505,0.2043,0.5046,0.5354,0.0,0.0
1780080242320,2,Pitching Mound.Delivery,,Delivery,pitch.1,775027,-0.3238,-0.9337,4.602,-1.2769,2.095,0.1113,0.0,0.0
1780080242320,2,Pitching Mound.Drive,,Delivery,pitch.1,776143,0.1572,-0.0467,0.0546,0.0449,0.0284,0.0066,0.0,0.0
1780080242320,2,Pitching Mound.Parent,,Delivery,pitch.1,774283,-0.1666,-0.9805,4.6566,-1.2321,2.1234,0.1179,0.0,0.0
1780080242321,2,11.0000004b,Drive,Delivery,pitch.1,776144,0.1701,-0.0514,0.057,0.0457,0.0309,0.0067,0.0,0.0
1780080242321,2,12.00000015,Lower Delivery,Delivery,pitch.1,775653,-0.3563,-0.1458,3.2039,-2.0077,1.8994,-0.5094,-0.0608,-0.0642
1780080242321,2,12.00000018,Upper Delivery,Delivery,pitch.1,776940,-0.0074,-0.8972,1.3428,0.1598,0.4092,0.5148,0.0,0.0
1780080242321,2,Pitching Mound.Delivery,,Delivery,pitch.1,775028,-0.3637,-1.043,4.5467,-1.2152,2.3086,0.124,0.0,0.0
1780080242321,2,Pitching Mound.Drive,,Delivery,pitch.1,776144,0.1701,-0.0514,0.057,0.0457,0.0309,0.0067,0.0,0.0
1780080242321,2,Pitching Mound.Parent,,Delivery,pitch.1,774284,-0.1936,-1.0944,4.6037,-1.1694,2.3395,0.1307,0.0,0.0
1780080242322,2,11.0000004b,Drive,Delivery,pitch.1,776145,0.2067,-0.0643,0.0734,0.0337,0.0229,0.0077,0.0,0.0
1780080242322,2,12.00000015,Lower Delivery,Delivery,pitch.1,775654,-0.363,-0.1822,3.1613,-1.9017,1.5004,-0.5521,-0.0486,-0.0617
1780080242322,2,12.00000018,Upper Delivery,Delivery,pitch.1,776941,-0.0123,-0.8984,1.291,0.1287,0.3649,0.5099,0.0,0.0
1780080242322,2,Pitching Mound.Delivery,,Delivery,pitch.1,775029,-0.3753,-1.0806,4.4522,-1.1371,1.8653,0.0771,0.0,0.0
1780080242322,2,Pitching Mound.Drive,,Delivery,pitch.1,776145,0.2067,-0.0643,0.0734,0.0337,0.0229,0.0077,0.0,0.0
1780080242322,2,Pitching Mound.Parent,,Delivery,pitch.1,774285,-0.1686,-1.1449,4.5256,-1.1034,1.8881,0.0848,0.0,0.0
1780080242323,2,11.0000004b,Drive,Delivery,pitch.1,776146,0.2126,-0.0664,0.0717,0.0369,0.0263,0.008,0.0,0.0
1780080242323,2,12.00000015,Lower Delivery,Delivery,pitch.1,775655,-0.348,-0.2006,3.1283,-1.9231,1.1314,-0.5433,-0.0371,-0.063
1780080242323,2,12.00000018,Upper Delivery,Delivery,pitch.1,776942,-0.0016,-0.8703,1.2022,-0.1055,0.0304,0.4758,0.0,0.0
1780080242323,2,Pitching Mound.Delivery,,Delivery,pitch.1,775030,-0.3496,-1.0709,4.3304,-1.3738,1.1618,0.0503,0.0,0.0
1780080242323,2,Pitching Mound.Drive,,Delivery,pitch.1,776146,0.2126,-0.0664,0.0717,0.0369,0.0263,0.008,0.0,0.0
1780080242323,2,Pitching Mound.Parent,,Delivery,pitch.1,774286,-0.137,-1.1373,4.4021,-1.3368,1.1881,0.0582,0.0,0.0
1780080242324,2,11.0000004b,Drive,Delivery,pitch.1,776147,0.2089,-0.0653,0.0693,0.0172,0.0143,0.0097,0.0,0.0
1780080242324,2,12.00000015,Lower Delivery,Delivery,pitch.1,775656,-0.3362,-0.2565,2.9865,-2.0517,0.6349,-0.6116,-0.0218,-0.0704
1780080242324,2,12.00000018,Upper Delivery,Delivery,pitch.1,776943,0.0039,-0.8499,1.2126,-0.1273,-0.0077,0.4328,0.0,0.0
1780080242324,2,Pitching Mound.Delivery,,Delivery,pitch.1,775031,-0.3323,-1.1063,4.1991,-1.5758,0.6272,-0.0631,0.0,0.0
1780080242324,2,Pitching Mound.Drive,,Delivery,pitch.1,776147,0.2089,-0.0653,0.0693,0.0172,0.0143,0.0097,0.0,0.0
1780080242324,2,Pitching Mound.Parent,,Delivery,pitch.1,774287,-0.1234,-1.1717,4.2684,-1.5586,0.6415,-0.0534,0.0,0.0
1780080242325,2,11.0000004b,Drive,Delivery,pitch.1,776148,0.2334,-0.0741,0.0781,0.0104,0.0089,0.0088,0.0,0.0
1780080242325,2,12.00000015,Lower Delivery,Delivery,pitch.1,775657,-0.345,-0.2673,2.9979,-2.4865,0.3568,-0.5467,-0.0122,-0.085
1780080242325,2,12.00000018,Upper Delivery,Delivery,pitch.1,776944,0.0226,-0.8278,1.1599,-0.124,-0.0096,0.3959,0.0,0.0
1780080242325,2,Pitching Mound.Delivery,,Delivery,pitch.1,775032,-0.3224,-1.0951,4.1578,-1.9856,0.3472,-0.0258,0.0,0.0
1780080242325,2,Pitching Mound.Drive,,Delivery,pitch.1,776148,0.2334,-0.0741,0.0781,0.0104,0.0089,0.0088,0.0,0.0
1780080242325,2,Pitching Mound.Parent,,Delivery,pitch.1,774288,-0.089,-1.1692,4.236,-1.9751,0.3561,-0.017,0.0,0.0
1780080242326,2,11.0000004b,Drive,Delivery,pitch.1,776149,0.2416,-0.0768,0.0881,0.0143,0.0103,0.0098,0.0,0.0
1780080242326,2,12.00000015,Lower Delivery,Delivery,pitch.1,775658,-0.3287,-0.2438,3.0314,-2.5018,0.2092,-0.5337,-0.0071,-0.0846
1780080242326,2,12.00000018,Upper Delivery,Delivery,pitch.1,776945,0.0108,-0.8278,1.1525,-0.1229,-0.0103,0.3834,0.0,0.0
1780080242326,2,Pitching Mound.Delivery,,Delivery,pitch.1,775033,-0.3178,-1.0717,4.1839,-1.9858,0.199,-0.0349,0.0,0.0
1780080242326,2,Pitching Mound.Drive,,Delivery,pitch.1,776149,0.2416,-0.0768,0.0881,0.0143,0.0103,0.0098,0.0,0.0
1780080242326,2,Pitching Mound.Parent,,Delivery,pitch.1,774289,-0.0762,-1.1485,4.272,-1.9715,0.2093,-0.025,0.0,0.0
1780080242327,2,11.0000004b,Drive,Delivery,pitch.1,776150,0.2,-0.0619,0.077,0.0047,0.0046,0.0113,0.0,0.0
1780080242327,2,12.00000015,Lower Delivery,Delivery,pitch.1,775659,-0.3311,-0.2457,2.9661,-2.4395,0.4372,-0.5468,-0.0151,-0.0843
1780080242327,2,12.00000018,Upper Delivery,Delivery,pitch.1,776946,0.0081,-0.8419,1.1745,-0.1192,-0.0124,0.3426,0.0,0.0
1780080242327,2,Pitching Mound.Delivery,,Delivery,pitch.1,775034,-0.323,-1.0875,4.1406,-1.9496,0.4248,-0.0888,0.0,0.0
1780080242327,2,Pitching Mound.Drive,,Delivery,pitch.1,776150,0.2,-0.0619,0.077,0.0047,0.0046,0.0113,0.0,0.0
1780080242327,2,Pitching Mound.Parent,,Delivery,pitch.1,774290,-0.123,-1.1494,4.2176,-1.9449,0.4294,-0.0775,0.0,0.0
1780080242328,2,11.0000004b,Drive,Delivery,pitch.1,776151,0.2093,-0.0654,0.0755,0.0158,0.0141,0.0105,0.0,0.0
1780080242328,2,12.00000015,Lower Delivery,Delivery,pitch.1,775660,-0.3473,-0.2465,2.9774,-2.4701,0.4706,-0.4994,-0.0162,-0.085
1780080242328,2,12.00000018,Upper Delivery,Delivery,pitch.1,776947,0.0273,-0.8373,1.1435,-0.1247,-0.0092,0.4038,0.0,0.0
1780080242328,2,Pitching Mound.Delivery,,Delivery,pitch.1,775035,-0.3201,-1.0838,4.1209,-1.9713,0.4614,0.0318,0.0,0.0
1780080242328,2,Pitching Mound.Drive,,Delivery,pitch.1,776151,0.2093,-0.0654,0.0755,0.0158,0.0141,0.0105,0.0,0.0
1780080242328,2,Pitching Mound.Parent,,Delivery,pitch.1,774291,-0.1108,-1.1492,4.1964,-1.9555,0.4755,0.0423,0.0,0.0
1780080242329,2,11.0000004b,Drive,Delivery,pitch.1,776152,0.2017,-0.0625,0.0709,0.0256,0.021,0.0093,0.0,0.0
1780080242329,2,12.00000015,Lower Delivery,Delivery,pitch.1,775661,-0.3656,-0.2657,2.9545,-2.4173,0.567,-0.5174,-0.0197,-0.0839
1780080242329,2,12.00000018,Upper Delivery,Delivery,pitch.1,776948,0.0242,-0.8055,1.1198,-0.1255,-0.0087,0.4133,0.0,0.0
1780080242329,2,Pitching Mound.Delivery,,Delivery,pitch.1,775036,-0.3414,-1.0712,4.0743,-1.919,0.5583,0.0284,0.0,0.0
1780080242329,2,Pitching Mound.Drive,,Delivery,pitch.1,776152,0.2017,-0.0625,0.0709,0.0256,0.021,0.0093,0.0,0.0
1780080242329,2,Pitching Mound.Parent,,Delivery,pitch.1,774292,-0.1396,-1.1337,4.1451,-1.8934,0.5793,0.0377,0.0,0.0
1780080242330,2,11.0000004b,Drive,Delivery,pitch.1,776153,0.2088,-0.0651,0.0698,0.0379,-0.0221,0.008,0.0,0.0
1780080242330,2,12.00000015,Lower Delivery,Delivery,pitch.1,775662,-0.378,-0.2812,2.908,-2.4987,0.3915,-0.5336,-0.0138,-0.0881
1780080242330,2,12.00000018,Upper Delivery,Delivery,pitch.1,776949,0.0077,-0.7943,1.2273,-0.1269,-0.0079,0.4286,0.0,0.0
1780080242330,2,Pitching Mound.Delivery,,Delivery,pitch.1,775037,-0.3703,-1.0754,4.1352,-2.0542,0.3836,0.0261,0.0,0.0
1780080242330,2,Pitching Mound.Drive,,Delivery,pitch.1,776153,0.2088,-0.0651,0.0698,0.0379,-0.0221,0.008,0.0,0.0
1780080242330,2,Pitching Mound.Parent,,Delivery,pitch.1,774293,-0.1615,-1.1405,4.2051,-2.0163,0.3615,0.0341,0.0,0.0
1780080242331,2,11.0000004b,Drive,Delivery,pitch.1,776154,0.2326,-0.0734,0.0789,0.0657,-0.1256,0.0064,0.0,0.0
1780080242331,2,12.00000015,Lower Delivery,Delivery,pitch.1,775663,-0.3793,-0.2865,3.0186,-2.1677,0.7744,-0.5556,-0.0263,-0.0736
1780080242331,2,12.00000018,Upper Delivery,Delivery,pitch.1,776950,0.0131,-0.8239,1.1617,-0.133,-0.0044,0.4961,0.0,0.0
1780080242331,2,Pitching Mound.Delivery,,Delivery,pitch.1,775038,-0.3662,-1.1104,4.1803,-1.6693,0.77,0.0738,0.0,0.0
1780080242331,2,Pitching Mound.Drive,,Delivery,pitch.1,776154,0.2326,-0.0734,0.0789,0.0657,-0.1256,0.0064,0.0,0.0
1780080242331,2,Pitching Mound.Parent,,Delivery,pitch.1,774294,-0.1336,-1.1838,4.2592,-1.6036,0.6444,0.0803,0.0,0.0
1780080242332,2,11.0000004b,Drive,Delivery,pitch.1,776155,0.2101,-0.0652,0.0743,0.0399,0.0299,0.0079,0.0,0.0
1780080242332,2,12.00000015,Lower Delivery,Delivery,pitch.1,775664,-0.365,-0.2599,2.9924,-2.2487,0.9081,-0.526,-0.0311,-0.077
1780080242332,2,12.00000018,Upper Delivery,Delivery,pitch.1,776951,0.0454,-0.793,1.1598,-0.1253,-0.0089,0.4103,0.0,0.0
1780080242332,2,Pitching Mound.Delivery,,Delivery,pitch.1,775039,-0.3196,-1.0529,4.1522,-1.7509,0.8992,0.0238,0.0,0.0
1780080242332,2,Pitching Mound.Drive,,Delivery,pitch.1,776155,0.2101,-0.0652,0.0743,0.0399,0.0299,0.0079,0.0,0.0
1780080242332,2,Pitching Mound.Parent,,Delivery,pitch.1,774295,-0.1095,-1.1181,4.2265,-1.711,0.9291,0.0317,0.0,0.0
1780080242333,2,11.0000004b,Drive,Delivery,pitch.1,776156,0.203,-0.0629,0.0683,0.0455,0.0333,0.0065,0.0,0.0
1780080242333,2,12.00000015,Lower Delivery,Delivery,pitch.1,775665,-0.3844,-0.2021,3.0953,-2.1165,1.1302,-0.4871,-0.0374,-0.0701
1780080242333,2,12.00000018,Upper Delivery,Delivery,pitch.1,776952,0.0243,-0.8257,1.2318,-0.1337,-0.0039,0.5049,0.0,0.0
1780080242333,2,Pitching Mound.Delivery,,Delivery,pitch.1,775040,-0.3601,-1.0278,4.3271,-1.6167,1.1263,0.1568,0.0,0.0
1780080242333,2,Pitching Mound.Drive,,Delivery,pitch.1,776156,0.203,-0.0629,0.0683,0.0455,0.0333,0.0065,0.0,0.0
1780080242333,2,Pitching Mound.Parent,,Delivery,pitch.1,774296,-0.1571,-1.0906,4.3954,-1.5712,1.1596,0.1633,0.0,0.0
1780080242334,2,11.0000004b,Drive,Delivery,pitch.1,776157,0.1717,-0.0519,0.0581,0.0308,0.0245,0.0074,0.0,0.0
1780080242334,2,12.00000015,Lower Delivery,Delivery,pitch.1,775666,-0.3627,-0.1606,3.1253,-2.0415,1.1537,-0.4715,-0.0378,-0.067
1780080242334,2,12.00000018,Upper Delivery,Delivery,pitch.1,776953,0.018,-0.8165,1.2583,-0.0931,0.0459,0.4645,0.0,0.0
1780080242334,2,Pitching Mound.Delivery,,Delivery,pitch.1,775041,-0.3447,-0.9771,4.3836,-1.4998,1.1996,0.1225,0.0,0.0
1780080242334,2,Pitching Mound.Drive,,Delivery,pitch.1,776157,0.1717,-0.0519,0.0581,0.0308,0.0245,0.0074,0.0,0.0
1780080242334,2,Pitching Mound.Parent,,Delivery,pitch.1,774297,-0.173,-1.0289,4.4418,-1.4691,1.2241,0.1299,0.0,0.0
1780080242335,2,11.0000004b,Drive,Delivery,pitch.1,776158,0.1681,-0.0504,0.0595,0.043,0.0321,0.0062,0.0,0.0
1780080242335,2,12.00000015,Lower Delivery,Delivery,pitch.1,775667,-0.3669,-0.1352,2.9805,-1.7028,1.7926,-0.4541,-0.0616,-0.0586
1780080242335,2,12.00000018,Upper Delivery,Delivery,pitch.1,776954,0.0098,-0.8609,1.313,0.004,0.1867,0.4909,0.0,0.0
1780080242335,2,Pitching Mound.Delivery,,Delivery,pitch.1,775042,-0.3571,-0.9961,4.2935,-1.1318,1.9793,0.1648,0.0,0.0
1780080242335,2,Pitching Mound.Drive,,Delivery,pitch.1,776158,0.1681,-0.0504,0.0595,0.043,0.0321,0.0062,0.0,0.0
1780080242335,2,Pitching Mound.Parent,,Delivery,pitch.1,774298,-0.189,-1.0465,4.353,-1.0888,2.0114,0.171,0.0,0.0
1780080242336,2,11.0000004b,Drive,Delivery,pitch.1,776159,0.1342,-0.0381,0.0466,0.0455,0.0373,0.0063,0.0,0.0
1780080242336,2,12.00000015,Lower Delivery,Delivery,pitch.1,775668,-0.3679,-0.1384,2.9985,-1.839,1.5276,-0.4525,-0.0522,-0.0629
1780080242336,2,12.00000018,Upper Delivery,Delivery,pitch.1,776955,0.0316,-0.8597,1.2899,-0.11,0.0134,0.4152,0.0,0.0
1780080242336,2,Pitching Mound.Delivery,,Delivery,pitch.1,775043,-0.3363,-0.998,4.2884,-1.368,1.541,0.0986,0.0,0.0
1780080242336,2,Pitching Mound.Drive,,Delivery,pitch.1,776159,0.1342,-0.0381,0.0466,0.0455,0.0373,0.0063,0.0,0.0
1780080242336,2,Pitching Mound.Parent,,Delivery,pitch.1,774299,-0.2021,-1.0361,4.335,-1.3225,1.5784,0.1048,0.0,0.0
1780080242337,2,11.0000004b,Drive,Delivery,pitch.1,776160,0.1645,-0.0493,0.0422,0.0434,0.0327,0.0058,0.0,0.0
1780080242337,2,12.00000015,Lower Delivery,Delivery,pitch.1,775669,-0.3877,-0.1572,3.0894,-1.7804,1.5411,-0.5003,-0.0511,-0.0591
1780080242337,2,12.00000018,Upper Delivery,Delivery,pitch.1,776956,0.0546,-0.8139,1.3719,-0.123,-0.0102,0.3845,0.0,0.0
1780080242337,2,Pitching Mound.Delivery,,Delivery,pitch.1,775044,-0.3331,-0.9711,4.4612,-1.3195,1.5309,0.0346,0.0,0.0
1780080242337,2,Pitching Mound.Drive,,Delivery,pitch.1,776160,0.1645,-0.0493,0.0422,0.0434,0.0327,0.0058,0.0,0.0
1780080242337,2,Pitching Mound.Parent,,Delivery,pitch.1,774300,-0.1686,-1.0205,4.5035,-1.2761,1.5636,0.0404,0.0,0.0
1780080242338,2,11.0000004b,Drive,Delivery,pitch.1,776161,0.177,-0.0535,0.055,0.0711,-0.0369,0.0037,0.0,0.0
1780080242338,2,12.00000015,Lower Delivery,Delivery,pitch.1,775670,-0.37,-0.1426,3.1559,-1.8569,1.2217,-0.5327,-0.0397,-0.0603
1780080242338,2,12.00000018,Upper Delivery,Delivery,pitch.1,776957,0.0356,-0.8324,1.4417,-0.1268,-0.008,0.4273,0.0,0.0
1780080242338,2,Pitching Mound.Delivery,,Delivery,pitch.1,775045,-0.3344,-0.975,4.5976,-1.4008,1.2137,0.0325,0.0,0.0
1780080242338,2,Pitching Mound.Drive,,Delivery,pitch.1,776161,0.177,-0.0535,0.055,0.0711,-0.0369,0.0037,0.0,0.0
1780080242338,2,Pitching Mound.Parent,,Delivery,pitch.1,774301,-0.1574,-1.0285,4.6526,-1.3297,1.1768,0.0362,0.0,0.0
1780080242339,2,11.0000004b,Drive,Delivery,pitch.1,776162,0.175,-0.0532,0.0481,0.0704,-0.0488,0.0031,0.0,0.0
1780080242339,2,12.00000015,Lower Delivery,Delivery,pitch.1,775671,-0.3696,-0.147,3.0834,-1.8017,1.1656,-0.5041,-0.0387,-0.0599
1780080242339,2,12.00000018,Upper Delivery,Delivery,pitch.1,776958,0.0099,-0.8539,1.3655,-0.1234,-0.01,0.3893,0.0,0.0
1780080242339,2,Pitching Mound.Delivery,,Delivery,pitch.1,775046,-0.3597,-1.001,4.4489,-1.341,1.1556,0.0142,0.0,0.0
1780080242339,2,Pitching Mound.Drive,,Delivery,pitch.1,776162,0.175,-0.0532,0.0481,0.0704,-0.0488,0.0031,0.0,0.0
1780080242339,2,Pitching Mound.Parent,,Delivery,pitch.1,774302,-0.1848,-1.0541,4.497,-1.2706,1.1068,0.0173,0.0,0.0
1780080242340,2,11.0000004b,Drive,Delivery,pitch.1,776163,0.164,-0.0493,0.0464,0.0543,0.0194,0.0047,0.0,0.0
1780080242340,2,12.00000015,Lower Delivery,Delivery,pitch.1,775672,-0.388,-0.1794,2.9514,-1.7116,1.2115,-0.5194,-0.0421,-0.0594
1780080242340,2,12.00000018,Upper Delivery,Delivery,pitch.1,776959,0.0285,-0.8652,1.3793,-0.1151,-0.0148,0.2971,0.0,0.0
1780080242340,2,Pitching Mound.Delivery,,Delivery,pitch.1,775047,-0.3596,-1.0446,4.3308,-1.2922,1.1967,-0.0807,0.0,0.0
1780080242340,2,Pitching Mound.Drive,,Delivery,pitch.1,776163,0.164,-0.0493,0.0464,0.0543,0.0194,0.0047,0.0,0.0
1780080242340,2,Pitching Mound.Parent,,Delivery,pitch.1,774303,-0.1955,-1.0939,4.3772,-1.2378,1.2161,-0.076,0.0,0.0
1780080242341,2,11.0000004b,Drive,Delivery,pitch.1,776164,0.177,-0.0537,0.0492,0.0948,-0.186,0.0019,0.0,0.0
1780080242341,2,12.00000015,Lower Delivery,Delivery,pitch.1,775673,-0.3832,-0.2211,2.7726,-1.5302,1.5254,-0.4419,-0.0564,-0.0566
1780080242341,2,12.00000018,Upper Delivery,Delivery,pitch.1,776960,0.0374,-0.8495,1.4425,-0.1142,-0.0153,0.2865,0.0,0.0
1780080242341,2,Pitching Mound.Delivery,,Delivery,pitch.1,775048,-0.3458,-1.0706,4.2151,-1.1921,1.5101,-0.0124,0.0,0.0
1780080242341,2,Pitching Mound.Drive,,Delivery,pitch.1,776164,0.177,-0.0537,0.0492,0.0948,-0.186,0.0019,0.0,0.0
1780080242341,2,Pitching Mound.Parent,,Delivery,pitch.1,774304,-0.1688,-1.1243,4.2643,-1.0973,1.324,-0.0105,0.0,0.0
1780080242342,2,11.0000004b,Drive,Delivery,pitch.1,776165,0.1694,-0.0515,0.0301,0.0944,-0.2187,0.0003,0.0,0.0
1780080242342,2,12.00000015,Lower Delivery,Delivery,pitch.1,775674,-0.3386,-0.2214,2.7281,-1.7266,0.966,-0.5408,-0.0363,-0.0649
1780080242342,2,12.00000018,Upper Delivery,Delivery,pitch.1,776961,-0.0209,-0.873,1.5678,-0.123,-0.0102,0.3853,0.0,0.0
1780080242342,2,Pitching Mound.Delivery,,Delivery,pitch.1,775049,-0.3595,-1.0945,4.2959,-1.4552,0.9558,-0.0474,0.0,0.0
1780080242342,2,Pitching Mound.Drive,,Delivery,pitch.1,776165,0.1694,-0.0515,0.0301,0.0944,-0.2187,0.0003,0.0,0.0
1780080242342,2,Pitching Mound.Parent,,Delivery,pitch.1,774305,-0.1901,-1.1459,4.326,-1.3608,0.7371,-0.0471,0.0,0.0
1780080242343,2,11.0000004b,Drive,Delivery,pitch.1,776166,0.1582,-0.0467,0.0427,0.0857,-0.3785,-0.0033,0.0,0.0
1780080242343,2,12.00000015,Lower Delivery,Delivery,pitch.1,775675,-0.3522,-0.2756,2.6435,-1.69,0.971,-0.525,-0.0376,-0.0655
1780080242343,2,12.00000018,Upper Delivery,Delivery,pitch.1,776962,-0.0135,-0.8672,1.6043,-0.1204,-0.0117,0.3556,0.0,0.0
1780080242343,2,Pitching Mound.Delivery,,Delivery,pitch.1,775050,-0.3656,-1.1427,4.2479,-1.457,0.9592,-0.0542,0.0,0.0
1780080242343,2,Pitching Mound.Drive,,Delivery,pitch.1,776166,0.1582,-0.0467,0.0427,0.0857,-0.3785,-0.0033,0.0,0.0
1780080242343,2,Pitching Mound.Parent,,Delivery,pitch.1,774306,-0.2075,-1.1895,4.2906,-1.3714,0.5807,-0.0576,0.0,0.0
1780080242344,2,11.0000004b,Drive,Delivery,pitch.1,776167,0.1991,-0.0612,0.0621,0.1095,-0.5786,-0.0055,0.0,0.0
1780080242344,2,12.00000015,Lower Delivery,Delivery,pitch.1,775676,-0.336,-0.301,2.5969,-1.8877,0.929,-0.5737,-0.0367,-0.0745
1780080242344,2,12.00000018,Upper Delivery,Delivery,pitch.1,776963,0.0023,-0.9025,1.5282,-0.1169,-0.0138,0.3167,0.0,0.0
1780080242344,2,Pitching Mound.Delivery,,Delivery,pitch.1,775051,-0.3338,-1.2034,4.1252,-1.6412,0.9153,-0.1419,0.0,0.0
1780080242344,2,Pitching Mound.Drive,,Delivery,pitch.1,776167,0.1991,-0.0612,0.0621,0.1095,-0.5786,-0.0055,0.0,0.0
1780080242344,2,Pitching Mound.Parent,,Delivery,pitch.1,774307,-0.1346,-1.2646,4.1873,-1.5317,0.3366,-0.1475,0.0,0.0
1780080242345,2,11.0000004b,Drive,Delivery,pitch.1,776168,0.1867,-0.0565,0.063,0.0891,-0.5943,-0.007,0.0,0.0
1780080242345,2,12.00000015,Lower Delivery,Delivery,pitch.1,775677,-0.3366,-0.3156,2.5575,-2.0285,1.0249,-0.5797,-0.0411,-0.0813
1780080242345,2,12.00000018,Upper Delivery,Delivery,pitch.1,776964,-0.0216,-0.9091,1.5082,-0.1233,-0.01,0.3884,0.0,0.0
1780080242345,2,Pitching Mound.Delivery,,Delivery,pitch.1,775052,-0.3582,-1.2247,4.0657,-1.7951,1.0149,-0.0842,0.0,0.0
1780080242345,2,Pitching Mound.Drive,,Delivery,pitch.1,776168,0.1867,-0.0565,0.063,0.0891,-0.5943,-0.007,0.0,0.0
1780080242345,2,Pitching Mound.Parent,,Delivery,pitch.1,774308,-0.1715,-1.2812,4.1287,-1.706,0.4207,-0.0912,0.0,0.0
1780080242346,2,11.0000004b,Drive,Delivery,pitch.1,776169,0.2051,-0.0631,0.0636,0.0837,-0.5311,-0.0048,0.0,0.0
1780080242346,2,12.00000015,Lower Delivery,Delivery,pitch.1,775678,-0.3278,-0.3025,2.666,-2.006,0.8757,-0.5656,-0.0337,-0.0771
1780080242346,2,12.00000018,Upper Delivery,Delivery,pitch.1,776965,-0.014,-0.9074,1.4644,-0.1251,-0.009,0.4083,0.0,0.0
1780080242346,2,Pitching Mound.Delivery,,Delivery,pitch.1,775053,-0.3417,-1.2099,4.1303,-1.7225,0.8667,-0.0506,0.0,0.0
1780080242346,2,Pitching Mound.Drive,,Delivery,pitch.1,776169,0.2051,-0.0631,0.0636,0.0837,-0.5311,-0.0048,0.0,0.0
1780080242346,2,Pitching Mound.Parent,,Delivery,pitch.1,774309,-0.1366,-1.273,4.1939,-1.6388,0.3356,-0.0554,0.0,0.0
1780080242347,2,11.0000004b,Drive,Delivery,pitch.1,776170,0.2216,-0.0692,0.0679,0.1234,-0.635,-0.0035,0.0,0.0
1780080242347,2,12.00000015,Lower Delivery,Delivery,pitch.1,775679,-0.3392,-0.3134,2.6323,-1.8203,1.1607,-0.5525,-0.0452,-0.0709
1780080242347,2,12.00000018,Upper Delivery,Delivery,pitch.1,776966,-0.0501,-0.9007,1.437,-0.0781,0.0808,0.5427,0.0,0.0
1780080242347,2,Pitching Mound.Delivery,,Delivery,pitch.1,775054,-0.3892,-1.214,4.0693,-1.4921,1.2415,0.0885,0.0,0.0
1780080242347,2,Pitching Mound.Drive,,Delivery,pitch.1,776170,0.2216,-0.0692,0.0679,0.1234,-0.635,-0.0035,0.0,0.0
1780080242347,2,Pitching Mound.Parent,,Delivery,pitch.1,774310,-0.1676,-1.2832,4.1372,-1.3687,0.6064,0.085,0.0,0.0
1780080242348,2,11.0000004b,Drive,Delivery,pitch.1,776171,0.2049,-0.0633,0.0613,0.1145,-0.5023,-0.0018,0.0,0.0
1780080242348,2,12.00000015,Lower Delivery,Delivery,pitch.1,775680,-0.3169,-0.2818,2.6574,-1.6573,1.2111,-0.5366,-0.0467,-0.0639
1780080242348,2,12.00000018,Upper Delivery,Delivery,pitch.1,776967,-0.0166,-0.9113,1.5867,-0.1294,-0.0065,0.4562,0.0,0.0
1780080242348,2,Pitching Mound.Delivery,,Delivery,pitch.1,775055,-0.3335,-1.1932,4.244,-1.4227,1.2046,0.0217,0.0,0.0
1780080242348,2,Pitching Mound.Drive,,Delivery,pitch.1,776171,0.2049,-0.0633,0.0613,0.1145,-0.5023,-0.0018,0.0,0.0
1780080242348,2,Pitching Mound.Parent,,Delivery,pitch.1,774311,-0.1285,-1.2564,4.3053,-1.3082,0.7023,0.0199,0.0,0.0
1780080242349,2,11.0000004b,Drive,Delivery,pitch.1,776172,0.2098,-0.065,0.0651,0.0931,-0.3969,-0.0008,0.0,0.0
1780080242349,2,12.00000015,Lower Delivery,Delivery,pitch.1,775681,-0.3059,-0.2754,2.7243,-1.8253,1.0978,-0.4757,-0.0413,-0.0687
1780080242349,2,12.00000018,Upper Delivery,Delivery,pitch.1,776968,-0.0175,-0.9212,1.6275,-0.1288,-0.0068,0.45,0.0,0.0
1780080242349,2,Pitching Mound.Delivery,,Delivery,pitch.1,775056,-0.3234,-1.1966,4.3518,-1.5812,1.091,0.0723,0.0,0.0
1780080242349,2,Pitching Mound.Drive,,Delivery,pitch.1,776172,0.2098,-0.065,0.0651,0.0931,-0.3969,-0.0008,0.0,0.0
1780080242349,2,Pitching Mound.Parent,,Delivery,pitch.1,774312,-0.1136,-1.2616,4.4168,-1.4881,0.6941,0.0715,0.0,0.0
1780080242350,2,11.0000004b,Drive,Delivery,pitch.1,776173,0.2323,-0.0729,0.0724,0.0747,-0.3326,-0.0007,0.0,0.0
1780080242350,2,12.00000015,Lower Delivery,Delivery,pitch.1,775682,-0.2977,-0.2629,2.7995,-1.8226,0.9858,-0.5106,-0.0361,-0.0667
1780080242350,2,12.00000018,Upper Delivery,Delivery,pitch.1,776969,-0.0058,-0.9028,1.7433,-0.1212,-0.0112,0.3653,0.0,0.0
1780080242350,2,Pitching Mound.Delivery,,Delivery,pitch.1,775057,-0.3034,-1.1657,4.5428,-1.5847,0.9745,-0.0461,0.0,0.0
1780080242350,2,Pitching Mound.Drive,,Delivery,pitch.1,776173,0.2323,-0.0729,0.0724,0.0747,-0.3326,-0.0007,0.0,0.0
1780080242350,2,Pitching Mound.Parent,,Delivery,pitch.1,774313,-0.0712,-1.2386,4.6151,-1.51,0.6419,-0.0467,0.0,0.0
1780080242351,2,11.0000004b,Drive,Delivery,pitch.1,776174,0.2631,-0.084,0.0829,0.1122,-0.4171,-0.001,0.0,0.0
1780080242351,2,12.00000015,Lower Delivery,Delivery,pitch.1,775683,-0.2906,-0.2298,2.9945,-1.9718,0.8756,-0.4939,-0.03,-0.0675
1780080242351,2,12.00000018,Upper Delivery,Delivery,pitch.1,776970,-0.0012,-0.9046,1.7281,-0.1254,-0.0088,0.4117,0.0,0.0
1780080242351,2,Pitching Mound.Delivery,,Delivery,pitch.1,775058,-0.2918,-1.1345,4.7227,-1.6667,0.8668,0.0161,0.0,0.0
1780080242351,2,Pitching Mound.Drive,,Delivery,pitch.1,776174,0.2631,-0.084,0.0829,0.1122,-0.4171,-0.001,0.0,0.0
1780080242351,2,Pitching Mound.Parent,,Delivery,pitch.1,774314,-0.0287,-1.2184,4.8056,-1.5545,0.4498,0.0151,0.0,0.0
1780080242352,2,11.0000004b,Drive,Delivery,pitch.1,776175,0.2519,-0.0802,0.0844,0.1007,-0.3392,-0.0005,0.0,0.0
1780080242352,2,12.00000015,Lower Delivery,Delivery,pitch.1,775684,-0.2794,-0.2212,3.0736,-2.0258,0.5175,-0.4541,-0.0173,-0.0676
1780080242352,2,12.00000018,Upper Delivery,Delivery,pitch.1,776971,0.0051,-0.9206,1.635,-0.1186,-0.0128,0.3357,0.0,0.0
1780080242352,2,Pitching Mound.Delivery,,Delivery,pitch.1,775059,-0.2742,-1.1418,4.7086,-1.6552,0.5047,-0.0216,0.0,0.0
1780080242352,2,Pitching Mound.Drive,,Delivery,pitch.1,776175,0.2519,-0.0802,0.0844,0.1007,-0.3392,-0.0005,0.0,0.0
1780080242352,2,Pitching Mound.Parent,,Delivery,pitch.1,774315,-0.0224,-1.222,4.793,-1.5545,0.1655,-0.0222,0.0,0.0
1780080242353,2,11.0000004b,Drive,Delivery,pitch.1,776176,0.2425,-0.0768,0.0826,0.0892,-0.2379,0.0016,0.0,0.0
1780080242353,2,12.00000015,Lower Delivery,Delivery,pitch.1,775685,-0.3085,-0.2004,3.0376,-1.9414,0.9056,-0.3839,-0.0306,-0.0655
1780080242353,2,12.00000018,Upper Delivery,Delivery,pitch.1,776972,0.0136,-0.9079,1.5595,-0.1116,-0.0168,0.2578,0.0,0.0
1780080242353,2,Pitching Mound.Delivery,,Delivery,pitch.1,775060,-0.2949,-1.1083,4.5971,-1.5504,0.8887,-0.0165,0.0,0.0
1780080242353,2,Pitching Mound.Drive,,Delivery,pitch.1,776176,0.2425,-0.0768,0.0826,0.0892,-0.2379,0.0016,0.0,0.0
1780080242353,2,Pitching Mound.Parent,,Delivery,pitch.1,774316,-0.0525,-1.1852,4.6797,-1.4612,0.6509,-0.0149,0.0,0.0
1780080242354,2,11.0000004b,Drive,Delivery,pitch.1,776177,0.2614,-0.0835,0.0868,0.1031,-0.27,0.0016,0.0,0.0
1780080242354,2,12.00000015,Lower Delivery,Delivery,pitch.1,775686,-0.3082,-0.2129,2.9355,-1.6051,1.4337,-0.3957,-0.0501,-0.056
1780080242354,2,12.00000018,Upper Delivery,Delivery,pitch.1,776973,0.0236,-0.8992,1.5334,-0.1083,-0.0187,0.2212,0.0,0.0
1780080242354,2,Pitching Mound.Delivery,,Delivery,pitch.1,775061,-0.2846,-1.1121,4.469,-1.2367,1.415,-0.0616,0.0,0.0
1780080242354,2,Pitching Mound.Drive,,Delivery,pitch.1,776177,0.2614,-0.0835,0.0868,0.1031,-0.27,0.0016,0.0,0.0
1780080242354,2,Pitching Mound.Parent,,Delivery,pitch.1,774317,-0.0232,-1.1956,4.5558,-1.1336,1.145,-0.06,0.0,0.0
1780080242355,2,11.0000004b,Drive,Delivery,pitch.1,776178,0.2257,-0.0708,0.0767,0.0549,-0.0184,0.0048,0.0,0.0
1780080242355,2,12.00000015,Lower Delivery,Delivery,pitch.1,775687,-0.312,-0.1912,2.9456,-1.5983,1.6861,-0.3824,-0.0587,-0.0556
1780080242355,2,12.00000018,Upper Delivery,Delivery,pitch.1,776974,0.0337,-0.8342,1.5335,-0.1133,-0.0159,0.2765,0.0,0.0
1780080242355,2,Pitching Mound.Delivery,,Delivery,pitch.1,775062,-0.2784,-1.0253,4.4791,-1.2314,1.6703,0.0117,0.0,0.0
1780080242355,2,Pitching Mound.Drive,,Delivery,pitch.1,776178,0.2257,-0.0708,0.0767,0.0549,-0.0184,0.0048,0.0,0.0
1780080242355,2,Pitching Mound.Parent,,Delivery,pitch.1,774318,-0.0526,-1.0961,4.5557,-1.1765,1.6519,0.0165,0.0,0.0
1780080242356,2,11.0000004b,Drive,Delivery,pitch.1,776179,0.2377,-0.0752,0.0831,0.0539,-0.0327,0.0045,0.0,0.0
1780080242356,2,12.00000015,Lower Delivery,Delivery,pitch.1,775688,-0.339,-0.2455,2.6687,-1.539,1.8786,-0.3799,-0.0722,-0.0591
1780080242356,2,12.00000015,Lower Delivery,Delivery,pitch.1,775689,-0.3342,-0.2677,2.5174,-1.6345,1.7972,-0.3618,-0.0732,-0.0665
1780080242356,2,12.00000018,Upper Delivery,Delivery,pitch.1,776975,0.0398,-0.8129,1.5496,-0.1061,-0.02,0.1967,0.0,0.0
1780080242356,2,Pitching Mound.Delivery,,Delivery,pitch.1,775063,-0.2993,-1.0584,4.2183,-1.2646,1.8586,-0.0544,0.0,0.0
1780080242356,2,Pitching Mound.Drive,,Delivery,pitch.1,776179,0.2377,-0.0752,0.0831,0.0539,-0.0327,0.0045,0.0,0.0
1780080242356,2,Pitching Mound.Parent,,Delivery,pitch.1,774319,-0.0615,-1.1336,4.3013,-1.2107,1.8259,-0.05,0.0,0.0
1780080242357,2,11.0000004b,Drive,Delivery,pitch.1,776180,0.226,-0.0712,0.0841,0.039,0.0287,0.0057,0.0,0.0
1780080242357,2,12.00000018,Upper Delivery,Delivery,pitch.1,776976,0.047,-0.8163,1.6195,-0.0986,-0.0244,0.1126,0.0,0.0
1780080242357,2,Pitching Mound.Delivery,,Delivery,pitch.1,775064,-0.2872,-1.084,4.1369,-1.4278,1.7728,-0.1196,0.0,0.0
1780080242357,2,Pitching Mound.Drive,,Delivery,pitch.1,776180,0.226,-0.0712,0.0841,0.039,0.0287,0.0057,0.0,0.0
1780080242357,2,Pitching Mound.Parent,,Delivery,pitch.1,774320,-0.0612,-1.1552,4.221,-1.3889,1.8015,-0.1139,0.0,0.0
1780080242358,2,11.0000004b,Drive,Delivery,pitch.1,776181,0.2341,-0.0739,0.0931,0.0289,0.0199,0.0069,0.0,0.0
1780080242358,2,12.00000015,Lower Delivery,Delivery,pitch.1,775690,-0.3033,-0.2398,2.5681,-1.7233,1.7331,-0.3706,-0.0692,-0.0688
1780080242358,2,12.00000018,Upper Delivery,Delivery,pitch.1,776977,0.0425,-0.8147,1.5933,-0.1028,-0.0219,0.1601,0.0,0.0
1780080242358,2,Pitching Mound.Delivery,,Delivery,pitch.1,775065,-0.2608,-1.0546,4.1613,-1.4947,1.7112,-0.0929,0.0,0.0
1780080242358,2,Pitching Mound.Drive,,Delivery,pitch.1,776181,0.2341,-0.0739,0.0931,0.0289,0.0199,0.0069,0.0,0.0
1780080242358,2,Pitching Mound.Parent,,Delivery,pitch.1,774321,-0.0267,-1.1285,4.2544,-1.4658,1.7311,-0.086,0.0,0.0
1780080242359,2,11.0000004b,Drive,Delivery,pitch.1,776182,0.2368,-0.0749,0.0973,0.017,0.0096,0.0085,0.0,0.0
1780080242359,2,12.00000015,Lower Delivery,Delivery,pitch.1,775692,-0.2969,-0.2361,2.3093,-1.7022,1.2866,-0.3483,-0.0571,-0.0755
1780080242359,2,12.00000015,Lower Delivery,Delivery,pitch.1,775691,-0.2964,-0.2275,2.4514,-1.8126,1.1948,-0.3489,-0.05,-0.0758
1780080242359,2,12.00000018,Upper Delivery,Delivery,pitch.1,776978,0.0186,-0.8047,1.7537,-0.1095,-0.0181,0.234,0.0,0.0
1780080242359,2,Pitching Mound.Delivery,,Delivery,pitch.1,775066,-0.2778,-1.0323,4.2051,-1.6849,1.1767,-0.0078,0.0,0.0
1780080242359,2,Pitching Mound.Drive,,Delivery,pitch.1,776182,0.2368,-0.0749,0.0973,0.017,0.0096,0.0085,0.0,0.0
1780080242359,2,Pitching Mound.Parent,,Delivery,pitch.1,774322,-0.041,-1.1072,4.3024,-1.6678,1.1864,0.0007,0.0,0.0
1780080242360,2,11.0000004b,Drive,Delivery,pitch.1,776183,0.2389,-0.0754,0.1031,0.0139,0.0064,0.0088,0.0,0.0
1780080242360,2,12.00000018,Upper Delivery,Delivery,pitch.1,776979,0.0507,-0.7667,1.7473,-0.1009,-0.0231,0.1386,0.0,0.0
1780080242360,2,Pitching Mound.Delivery,,Delivery,pitch.1,775067,-0.2462,-1.0028,4.0567,-1.612,1.2635,-0.0915,0.0,0.0
1780080242360,2,Pitching Mound.Drive,,Delivery,pitch.1,776183,0.2389,-0.0754,0.1031,0.0139,0.0064,0.0088,0.0,0.0
1780080242360,2,Pitching Mound.Parent,,Delivery,pitch.1,774323,-0.0073,-1.0781,4.1598,-1.5981,1.2699,-0.0827,0.0,0.0
1780080242361,2,11.0000004b,Drive,Delivery,pitch.1,776184,0.2071,-0.0639,0.0939,0.0057,0.0021,0.0099,0.0,0.0
1780080242361,2,12.00000015,Lower Delivery,Delivery,pitch.1,775693,-0.282,-0.2182,2.3524,-1.8277,1.2461,-0.3206,-0.0543,-0.0796
1780080242361,2,12.00000015,Lower Delivery,Delivery,pitch.1,775694,-0.2439,-0.1909,2.4879,-2.0597,0.9214,-0.3332,-0.038,-0.0849
1780080242361,2,12.00000018,Upper Delivery,Delivery,pitch.1,776980,0.0681,-0.7816,1.6538,-0.1079,-0.019,0.2167,0.0,0.0
1780080242361,2,Pitching Mound.Delivery,,Delivery,pitch.1,775068,-0.214,-0.9998,4.0062,-1.698,1.2271,0.0151,0.0,0.0
1780080242361,2,Pitching Mound.Drive,,Delivery,pitch.1,776184,0.2071,-0.0639,0.0939,0.0057,0.0021,0.0099,0.0,0.0
1780080242361,2,Pitching Mound.Parent,,Delivery,pitch.1,774324,-0.0069,-1.0637,4.1001,-1.6924,1.2292,0.025,0.0,0.0
1780080242362,2,11.0000004b,Drive,Delivery,pitch.1,776185,0.1865,-0.0565,0.083,0.0057,0.0037,0.0114,0.0,0.0
1780080242362,2,12.00000018,Upper Delivery,Delivery,pitch.1,776981,0.0451,-0.7935,1.5735,-0.1136,-0.0157,0.28,0.0,0.0
1780080242362,2,Pitching Mound.Delivery,,Delivery,pitch.1,775069,-0.1987,-0.9844,4.0614,-1.8624,0.9058,0.0451,0.0,0.0
1780080242362,2,Pitching Mound.Drive,,Delivery,pitch.1,776185,0.1865,-0.0565,0.083,0.0057,0.0037,0.0114,0.0,0.0
1780080242362,2,Pitching Mound.Parent,,Delivery,pitch.1,774325,-0.0122,-1.0409,4.1444,-1.8568,0.9094,0.0565,0.0,0.0
1780080242363,2,11.0000004b,Drive,Delivery,pitch.1,776186,0.1923,-0.0583,0.0873,0.0111,0.0083,0.0103,0.0,0.0
1780080242363,2,12.00000015,Lower Delivery,Delivery,pitch.1,775695,-0.2527,-0.1878,2.4002,-2.0357,0.9881,-0.2661,-0.0422,-0.0869
1780080242363,2,12.00000015,Lower Delivery,Delivery,pitch.1,775696,-0.2682,-0.2025,2.4115,-2.062,1.0005,-0.2715,-0.0425,-0.0876
1780080242363,2,12.00000018,Upper Delivery,Delivery,pitch.1,776982,0.0441,-0.7804,1.4339,-0.1154,-0.0146,0.3004,0.0,0.0
1780080242363,2,Pitching Mound.Delivery,,Delivery,pitch.1,775070,-0.2086,-0.9682,3.8341,-1.8226,0.9735,0.1352,0.0,0.0
1780080242363,2,Pitching Mound.Drive,,Delivery,pitch.1,776186,0.1923,-0.0583,0.0873,0.0111,0.0083,0.0103,0.0,0.0
1780080242363,2,Pitching Mound.Parent,,Delivery,pitch.1,774326,-0.0164,-1.0265,3.9214,-1.8114,0.9818,0.1455,0.0,0.0
1780080242364,2,11.0000004b,Drive,Delivery,pitch.1,776187,0.1776,-0.053,0.0816,0.005,0.0041,0.012,0.0,0.0
1780080242364,2,12.00000015,Lower Delivery,Delivery,pitch.1,775697,-0.2567,-0.1778,2.5955,-2.1872,0.7974,-0.2256,-0.0315,-0.0864
1780080242364,2,12.00000018,Upper Delivery,Delivery,pitch.1,776983,0.0771,-0.7805,1.4384,-0.1163,-0.0141,0.3105,0.0,0.0
1780080242364,2,Pitching Mound.Delivery,,Delivery,pitch.1,775071,-0.1911,-0.9829,3.8499,-1.8474,0.9865,0.1564,0.0,0.0
1780080242364,2,Pitching Mound.Drive,,Delivery,pitch.1,776187,0.1776,-0.053,0.0816,0.005,0.0041,0.012,0.0,0.0
1780080242364,2,Pitching Mound.Parent,,Delivery,pitch.1,774327,-0.0136,-1.0359,3.9315,-1.8424,0.9906,0.1683,0.0,0.0
1780080242365,2,11.0000004b,Drive,Delivery,pitch.1,776188,0.1884,-0.0572,0.0837,0.0191,0.0101,0.0102,0.0,0.0
1780080242365,2,12.00000015,Lower Delivery,Delivery,pitch.1,775698,-0.2316,-0.1523,2.6309,-2.2553,0.8376,-0.234,-0.0326,-0.0879
1780080242365,2,12.00000018,Upper Delivery,Delivery,pitch.1,776984,0.057,-0.7809,1.3105,-0.1259,-0.0085,0.4172,0.0,0.0
1780080242365,2,Pitching Mound.Delivery,,Delivery,pitch.1,775072,-0.1997,-0.9587,3.906,-1.8762,0.7889,0.2982,0.0,0.0
1780080242365,2,Pitching Mound.Drive,,Delivery,pitch.1,776188,0.1884,-0.0572,0.0837,0.0191,0.0101,0.0102,0.0,0.0
1780080242365,2,Pitching Mound.Parent,,Delivery,pitch.1,774328,-0.0112,-1.0159,3.9897,-1.857,0.799,0.3085,0.0,0.0
1780080242366,2,11.0000004b,Drive,Delivery,pitch.1,776189,0.1918,-0.0582,0.0884,0.0396,0.0263,0.0082,0.0,0.0
1780080242366,2,12.00000015,Lower Delivery,Delivery,pitch.1,775699,-0.24,-0.1549,2.663,-2.1817,0.7762,-0.2269,-0.0299,-0.084
1780080242366,2,12.00000018,Upper Delivery,Delivery,pitch.1,776985,0.0522,-0.7735,1.4669,-0.118,-0.0131,0.3294,0.0,0.0
1780080242366,2,Pitching Mound.Delivery,,Delivery,pitch.1,775073,-0.1794,-0.9257,4.0978,-1.9775,0.8245,0.192,0.0,0.0
1780080242366,2,Pitching Mound.Drive,,Delivery,pitch.1,776189,0.1918,-0.0582,0.0884,0.0396,0.0263,0.0082,0.0,0.0
1780080242366,2,Pitching Mound.Parent,,Delivery,pitch.1,774329,0.0124,-0.9839,4.1862,-1.9379,0.8508,0.2002,0.0,0.0
1780080242367,2,11.0000004b,Drive,Delivery,pitch.1,776190,0.1655,-0.0487,0.0722,0.0535,0.0367,0.0062,0.0,0.0
1780080242367,2,12.00000015,Lower Delivery,Delivery,pitch.1,775700,-0.2162,-0.1306,2.8649,-2.1628,0.8197,-0.2206,-0.0293,-0.0774
1780080242367,2,12.00000018,Upper Delivery,Delivery,pitch.1,776986,0.0774,-0.7836,1.2819,-0.1141,-0.0154,0.286,0.0,0.0
1780080242367,2,Pitching Mound.Delivery,,Delivery,pitch.1,775074,-0.1626,-0.9386,3.945,-1.8263,0.7608,0.167,0.0,0.0
1780080242367,2,Pitching Mound.Drive,,Delivery,pitch.1,776190,0.1655,-0.0487,0.0722,0.0535,0.0367,0.0062,0.0,0.0
1780080242367,2,Pitching Mound.Parent,,Delivery,pitch.1,774330,0.0028,-0.9872,4.0171,-1.7727,0.7976,0.1732,0.0,0.0
1780080242368,2,11.0000004b,Drive,Delivery,pitch.1,776191,0.1649,-0.0483,0.0721,0.0607,0.0327,0.0051,0.0,0.0
1780080242368,2,12.00000015,Lower Delivery,Delivery,pitch.1,775701,-0.2359,-0.1471,2.8804,-2.0728,1.0309,-0.2893,-0.0367,-0.0738
1780080242368,2,12.00000018,Upper Delivery,Delivery,pitch.1,776987,0.0689,-0.7758,1.1994,-0.1219,-0.0108,0.3727,0.0,0.0
1780080242368,2,Pitching Mound.Delivery,,Delivery,pitch.1,775075,-0.1473,-0.9063,4.0643,-1.7184,0.8088,0.249,0.0,0.0
1780080242368,2,Pitching Mound.Drive,,Delivery,pitch.1,776191,0.1649,-0.0483,0.0721,0.0607,0.0327,0.0051,0.0,0.0
1780080242368,2,Pitching Mound.Parent,,Delivery,pitch.1,774331,0.0175,-0.9547,4.1363,-1.6577,0.8416,0.2541,0.0,0.0
1780080242369,2,11.0000004b,Drive,Delivery,pitch.1,776192,0.1568,-0.0451,0.0705,0.0721,0.0091,0.0046,0.0,0.0
1780080242369,2,12.00000015,Lower Delivery,Delivery,pitch.1,775702,-0.2417,-0.1651,2.9303,-1.9751,1.094,-0.2957,-0.0383,-0.0691
1780080242369,2,12.00000018,Upper Delivery,Delivery,pitch.1,776988,0.0857,-0.7304,1.4368,-0.1217,-0.011,0.3701,0.0,0.0
1780080242369,2,Pitching Mound.Delivery,,Delivery,pitch.1,775076,-0.1502,-0.8775,4.3172,-1.7037,1.0199,0.1902,0.0,0.0
1780080242369,2,Pitching Mound.Drive,,Delivery,pitch.1,776192,0.1568,-0.0451,0.0705,0.0721,0.0091,0.0046,0.0,0.0
1780080242369,2,Pitching Mound.Parent,,Delivery,pitch.1,774332,0.0066,-0.9226,4.3878,-1.6315,1.029,0.1948,0.0,0.0
1780080242370,2,11.0000004b,Drive,Delivery,pitch.1,776193,0.1717,-0.051,0.0628,0.077,-0.0483,0.0043,0.0,0.0
1780080242370,2,12.00000015,Lower Delivery,Delivery,pitch.1,775703,-0.2433,-0.1608,2.9795,-1.9966,1.6279,-0.3029,-0.056,-0.0687
1780080242370,2,12.00000018,Upper Delivery,Delivery,pitch.1,776989,0.0815,-0.7486,1.4406,-0.1186,-0.0128,0.3358,0.0,0.0
1780080242370,2,Pitching Mound.Delivery,,Delivery,pitch.1,775077,-0.1603,-0.9137,4.3709,-1.5872,1.0812,0.1501,0.0,0.0
1780080242370,2,Pitching Mound.Drive,,Delivery,pitch.1,776193,0.1717,-0.051,0.0628,0.077,-0.0483,0.0043,0.0,0.0
1780080242370,2,Pitching Mound.Parent,,Delivery,pitch.1,774333,0.0115,-0.9647,4.4337,-1.5102,1.0329,0.1544,0.0,0.0
1780080242371,2,11.0000004b,Drive,Delivery,pitch.1,776194,0.1516,-0.0439,0.0534,0.0795,-0.0611,0.0038,0.0,0.0
1780080242371,2,12.00000015,Lower Delivery,Delivery,pitch.1,775704,-0.2518,-0.1805,2.8204,-1.9623,1.6553,-0.3245,-0.0602,-0.0713
1780080242371,2,12.00000018,Upper Delivery,Delivery,pitch.1,776990,0.1021,-0.7267,1.3364,-0.1096,-0.018,0.2358,0.0,0.0
1780080242371,2,Pitching Mound.Delivery,,Delivery,pitch.1,775078,-0.1411,-0.8876,4.316,-1.5475,1.6099,0.0504,0.0,0.0
1780080242371,2,Pitching Mound.Drive,,Delivery,pitch.1,776194,0.1516,-0.0439,0.0534,0.0795,-0.0611,0.0038,0.0,0.0
1780080242371,2,Pitching Mound.Parent,,Delivery,pitch.1,774334,0.0105,-0.9314,4.3694,-1.468,1.5487,0.0542,0.0,0.0
1780080242372,2,11.0000004b,Drive,Delivery,pitch.1,776195,0.172,-0.0514,0.0591,0.0861,-0.0818,0.0025,0.0,0.0
1780080242372,2,12.00000015,Lower Delivery,Delivery,pitch.1,775705,-0.2814,-0.2282,2.6032,-1.9704,1.4603,-0.3304,-0.0575,-0.0776
1780080242372,2,12.00000018,Upper Delivery,Delivery,pitch.1,776991,0.0891,-0.709,1.475,-0.1096,-0.018,0.2352,0.0,0.0
1780080242372,2,Pitching Mound.Delivery,,Delivery,pitch.1,775079,-0.1627,-0.8895,4.2954,-1.6144,1.6373,0.0267,0.0,0.0
1780080242372,2,Pitching Mound.Drive,,Delivery,pitch.1,776195,0.172,-0.0514,0.0591,0.0861,-0.0818,0.0025,0.0,0.0
1780080242372,2,Pitching Mound.Parent,,Delivery,pitch.1,774335,0.0093,-0.9409,4.3545,-1.5283,1.5556,0.0292,0.0,0.0
1780080242373,2,11.0000004b,Drive,Delivery,pitch.1,776196,0.1994,-0.0611,0.0675,0.0857,-0.1059,0.0042,0.0,0.0
1780080242373,2,12.00000015,Lower Delivery,Delivery,pitch.1,775706,-0.2897,-0.2517,2.5855,-1.8718,1.833,-0.3615,-0.0727,-0.0742
1780080242373,2,12.00000018,Upper Delivery,Delivery,pitch.1,776992,0.1064,-0.6852,1.4551,-0.1066,-0.0198,0.2018,0.0,0.0
1780080242373,2,Pitching Mound.Delivery,,Delivery,pitch.1,775080,-0.175,-0.9133,4.0583,-1.6866,1.4406,0.0032,0.0,0.0
1780080242373,2,Pitching Mound.Drive,,Delivery,pitch.1,776196,0.1994,-0.0611,0.0675,0.0857,-0.1059,0.0042,0.0,0.0
1780080242373,2,Pitching Mound.Parent,,Delivery,pitch.1,774336,0.0244,-0.9745,4.1258,-1.601,1.3347,0.0074,0.0,0.0
1780080242374,2,11.0000004b,Drive,Delivery,pitch.1,776197,0.1709,-0.051,0.0599,0.0664,-0.0013,0.0046,0.0,0.0
1780080242374,2,12.00000018,Upper Delivery,Delivery,pitch.1,776993,0.1011,-0.6935,1.4929,-0.1049,-0.0208,0.1828,0.0,0.0
1780080242374,2,Pitching Mound.Delivery,,Delivery,pitch.1,775081,-0.1885,-0.9452,4.0784,-1.6052,1.8122,-0.0459,0.0,0.0
1780080242374,2,Pitching Mound.Drive,,Delivery,pitch.1,776197,0.1709,-0.051,0.0599,0.0664,-0.0013,0.0046,0.0,0.0
1780080242374,2,Pitching Mound.Parent,,Delivery,pitch.1,774337,-0.0176,-0.9962,4.1383,-1.5388,1.8109,-0.0412,0.0,0.0
1780080242375,2,11.0000004b,Drive,Delivery,pitch.1,776198,0.1783,-0.0537,0.058,0.0582,0.0387,0.004,0.0,0.0
1780080242375,2,12.00000015,Lower Delivery,Delivery,pitch.1,775707,-0.2716,-0.2283,2.6523,-1.9067,1.5292,-0.3657,-0.0591,-0.0737
1780080242375,2,12.00000015,Lower Delivery,Delivery,pitch.1,775708,-0.2786,-0.2454,2.4595,-1.912,1.5,-0.4066,-0.0625,-0.0797
1780080242375,2,12.00000018,Upper Delivery,Delivery,pitch.1,776994,0.1012,-0.6921,1.5601,-0.1089,-0.0184,0.2276,0.0,0.0
1780080242375,2,Pitching Mound.Delivery,,Delivery,pitch.1,775082,-0.1704,-0.9204,4.2124,-1.6442,1.5107,-0.0113,0.0,0.0
1780080242375,2,Pitching Mound.Drive,,Delivery,pitch.1,776198,0.1783,-0.0537,0.058,0.0582,0.0387,0.004,0.0,0.0
1780080242375,2,Pitching Mound.Parent,,Delivery,pitch.1,774338,0.0079,-0.9741,4.2704,-1.586,1.5495,-0.0073,0.0,0.0
1780080242376,2,11.0000004b,Drive,Delivery,pitch.1,776199,0.1676,-0.0499,0.0573,0.0583,0.038,0.0031,0.0,0.0
1780080242376,2,12.00000015,Lower Delivery,Delivery,pitch.1,775709,-0.2663,-0.235,2.6055,-1.9033,1.2228,-0.4285,-0.0481,-0.0749
1780080242376,2,12.00000018,Upper Delivery,Delivery,pitch.1,776995,0.1044,-0.7219,1.4842,-0.1015,-0.0227,0.1452,0.0,0.0
1780080242376,2,Pitching Mound.Delivery,,Delivery,pitch.1,775083,-0.1742,-0.9674,3.9437,-1.6819,1.4772,-0.1312,0.0,0.0
1780080242376,2,Pitching Mound.Drive,,Delivery,pitch.1,776199,0.1676,-0.0499,0.0573,0.0583,0.038,0.0031,0.0,0.0
1780080242376,2,Pitching Mound.Parent,,Delivery,pitch.1,774339,-0.0066,-1.0172,4.001,-1.6236,1.5152,-0.1281,0.0,0.0
1780080242377,2,11.0000004b,Drive,Delivery,pitch.1,776200,0.1434,-0.0414,0.0467,0.0456,0.0348,0.0054,0.0,0.0
1780080242377,2,12.00000015,Lower Delivery,Delivery,pitch.1,775710,-0.2322,-0.1973,2.6351,-1.8712,1.0859,-0.3732,-0.0422,-0.0728
1780080242377,2,12.00000018,Upper Delivery,Delivery,pitch.1,776996,0.0891,-0.7408,1.653,-0.1053,-0.0205,0.1882,0.0,0.0
1780080242377,2,Pitching Mound.Delivery,,Delivery,pitch.1,775084,-0.1772,-0.9757,4.2585,-1.6848,1.2023,-0.1195,0.0,0.0
1780080242377,2,Pitching Mound.Drive,,Delivery,pitch.1,776200,0.1434,-0.0414,0.0467,0.0456,0.0348,0.0054,0.0,0.0
1780080242377,2,Pitching Mound.Parent,,Delivery,pitch.1,774340,-0.0337,-1.0171,4.3052,-1.6392,1.2371,-0.1141,0.0,0.0
1780080242378,2,11.0000004b,Drive,Delivery,pitch.1,776201,0.1574,-0.046,0.0641,0.0425,0.0323,0.0049,0.0,0.0
1780080242378,2,12.00000015,Lower Delivery,Delivery,pitch.1,775711,-0.2226,-0.2063,2.4666,-1.7013,0.8974,-0.2966,-0.0373,-0.0707
1780080242378,2,12.00000018,Upper Delivery,Delivery,pitch.1,776997,0.0599,-0.7891,1.7469,-0.1075,-0.0192,0.2123,0.0,0.0
1780080242378,2,Pitching Mound.Delivery,,Delivery,pitch.1,775085,-0.1723,-0.9864,4.382,-1.6767,1.0667,-0.0617,0.0,0.0
1780080242378,2,Pitching Mound.Drive,,Delivery,pitch.1,776201,0.1574,-0.046,0.0641,0.0425,0.0323,0.0049,0.0,0.0
1780080242378,2,Pitching Mound.Parent,,Delivery,pitch.1,774341,-0.0149,-1.0324,4.4461,-1.6342,1.0989,-0.0567,0.0,0.0
1780080242379,2,11.0000004b,Drive,Delivery,pitch.1,776202,0.1209,-0.0332,0.0491,0.0298,0.0271,0.0068,0.0,0.0
1780080242379,2,12.00000015,Lower Delivery,Delivery,pitch.1,775712,-0.2145,-0.2137,2.3186,-1.8037,0.6971,-0.2409,-0.0308,-0.0797
1780080242379,2,12.00000018,Upper Delivery,Delivery,pitch.1,776998,0.068,-0.8049,1.5386,-0.1093,-0.0182,0.2321,0.0,0.0
1780080242379,2,Pitching Mound.Delivery,,Delivery,pitch.1,775086,-0.1545,-1.0112,4.0051,-1.4951,0.8792,0.0343,0.0,0.0
1780080242379,2,Pitching Mound.Drive,,Delivery,pitch.1,776202,0.1209,-0.0332,0.0491,0.0298,0.0271,0.0068,0.0,0.0
1780080242379,2,Pitching Mound.Parent,,Delivery,pitch.1,774342,-0.0337,-1.0445,4.0543,-1.4653,0.9064,0.0411,0.0,0.0
1780080242380,2,11.0000004b,Drive,Delivery,pitch.1,776203,0.1208,-0.034,0.0291,0.0321,0.0287,0.0048,0.0,0.0
1780080242380,2,12.00000015,Lower Delivery,Delivery,pitch.1,775713,-0.1912,-0.1965,2.3682,-1.9705,0.578,-0.2815,-0.025,-0.0853
1780080242380,2,12.00000018,Upper Delivery,Delivery,pitch.1,776999,0.0772,-0.7881,1.5448,-0.1071,-0.0194,0.2081,0.0,0.0
1780080242380,2,Pitching Mound.Delivery,,Delivery,pitch.1,775087,-0.1373,-1.0018,3.8634,-1.6478,0.6777,0.0665,0.0,0.0
1780080242380,2,Pitching Mound.Drive,,Delivery,pitch.1,776203,0.1208,-0.034,0.0291,0.0321,0.0287,0.0048,0.0,0.0
1780080242380,2,Pitching Mound.Parent,,Delivery,pitch.1,774343,-0.0165,-1.0359,3.8925,-1.6157,0.7064,0.0713,0.0,0.0
1780080242381,2,11.0000004b,Drive,Delivery,pitch.1,776204,0.1389,-0.0402,0.0416,0.0437,0.0354,0.0039,0.0,0.0
1780080242381,2,12.00000015,Lower Delivery,Delivery,pitch.1,775714,-0.1843,-0.1888,2.4713,-1.8826,0.7199,-0.2779,-0.0299,-0.0781
1780080242381,2,12.00000018,Upper Delivery,Delivery,pitch.1,777000,0.1056,-0.7682,1.434,-0.1065,-0.0198,0.2006,0.0,0.0
1780080242381,2,Pitching Mound.Delivery,,Delivery,pitch.1,775088,-0.0856,-0.9647,3.8022,-1.7593,0.5582,0.0201,0.0,0.0
1780080242381,2,Pitching Mound.Drive,,Delivery,pitch.1,776204,0.1389,-0.0402,0.0416,0.0437,0.0354,0.0039,0.0,0.0
1780080242381,2,Pitching Mound.Parent,,Delivery,pitch.1,774344,0.0533,-1.0049,3.8439,-1.7157,0.5936,0.0239,0.0,0.0
1780080242382,2,11.0000004b,Drive,Delivery,pitch.1,776205,0.1407,-0.0409,0.043,0.0391,0.0307,0.0038,0.0,0.0
1780080242382,2,12.00000015,Lower Delivery,Delivery,pitch.1,775715,-0.1797,-0.175,2.5686,-1.8626,0.8916,-0.2883,-0.0356,-0.0743
1780080242382,2,12.00000018,Upper Delivery,Delivery,pitch.1,777001,0.1069,-0.804,1.2489,-0.1065,-0.0198,0.201,0.0,0.0
1780080242382,2,Pitching Mound.Delivery,,Delivery,pitch.1,775089,-0.0773,-0.9928,3.7202,-1.5735,0.7001,0.022,0.0,0.0
1780080242382,2,Pitching Mound.Drive,,Delivery,pitch.1,776205,0.1407,-0.0409,0.043,0.0391,0.0307,0.0038,0.0,0.0
1780080242382,2,Pitching Mound.Parent,,Delivery,pitch.1,774345,0.0634,-1.0337,3.7632,-1.5344,0.7308,0.0258,0.0,0.0
1780080242383,2,11.0000004b,Drive,Delivery,pitch.1,776206,0.1368,-0.0392,0.0512,0.0263,0.0239,0.0043,0.0,0.0
1780080242383,2,12.00000015,Lower Delivery,Delivery,pitch.1,775716,-0.1631,-0.1491,2.7123,-1.844,0.8973,-0.3044,-0.0339,-0.0697
1780080242383,2,12.00000018,Upper Delivery,Delivery,pitch.1,777002,0.1,-0.7753,1.3402,-0.105,-0.0207,0.1838,0.0,0.0
1780080242383,2,Pitching Mound.Delivery,,Delivery,pitch.1,775090,-0.0796,-0.9503,3.9088,-1.5499,0.8709,-0.0094,0.0,0.0
1780080242383,2,Pitching Mound.Drive,,Delivery,pitch.1,776206,0.1368,-0.0392,0.0512,0.0263,0.0239,0.0043,0.0,0.0
1780080242383,2,Pitching Mound.Parent,,Delivery,pitch.1,774346,0.0571,-0.9896,3.96,-1.5236,0.8948,-0.0051,0.0,0.0
1780080242384,2,11.0000004b,Drive,Delivery,pitch.1,776207,0.1466,-0.0426,0.0612,0.0251,0.0208,0.0033,0.0,0.0
1780080242384,2,12.00000015,Lower Delivery,Delivery,pitch.1,775717,-0.1448,-0.1137,2.8162,-2.0331,0.8817,-0.3471,-0.0321,-0.074
1780080242384,2,12.00000018,Upper Delivery,Delivery,pitch.1,777003,0.0975,-0.7929,1.1871,-0.1104,-0.0175,0.2443,0.0,0.0
1780080242384,2,Pitching Mound.Delivery,,Delivery,pitch.1,775091,-0.0656,-0.942,3.8994,-1.4358,0.8797,0.0285,0.0,0.0
1780080242384,2,Pitching Mound.Drive,,Delivery,pitch.1,776207,0.1466,-0.0426,0.0612,0.0251,0.0208,0.0033,0.0,0.0
1780080242384,2,Pitching Mound.Parent,,Delivery,pitch.1,774347,0.081,-0.9846,3.9606,-1.4106,0.9006,0.0319,0.0,0.0
1780080242385,2,11.0000004b,Drive,Delivery,pitch.1,776208,0.1657,-0.0493,0.0649,0.0264,0.026,0.0047,0.0,0.0
1780080242385,2,12.00000015,Lower Delivery,Delivery,pitch.1,775718,-0.1723,-0.1381,2.866,-1.8695,0.9638,-0.3306,-0.0345,-0.0669
1780080242385,2,12.00000018,Upper Delivery,Delivery,pitch.1,777004,0.1068,-0.7791,1.3078,-0.1046,-0.0209,0.1804,0.0,0.0
1780080242385,2,Pitching Mound.Delivery,,Delivery,pitch.1,775092,-0.038,-0.8927,4.124,-1.6249,0.8608,-0.0812,0.0,0.0
1780080242385,2,Pitching Mound.Drive,,Delivery,pitch.1,776208,0.1657,-0.0493,0.0649,0.0264,0.026,0.0047,0.0,0.0
1780080242385,2,Pitching Mound.Parent,,Delivery,pitch.1,774348,0.1277,-0.942,4.1889,-1.5984,0.8868,-0.0765,0.0,0.0
1780080242386,2,11.0000004b,Drive,Delivery,pitch.1,776209,0.1689,-0.0504,0.0668,0.0226,0.0208,0.0045,0.0,0.0
1780080242386,2,12.00000015,Lower Delivery,Delivery,pitch.1,775719,-0.1785,-0.1387,2.8258,-1.7912,1.2339,-0.3066,-0.0448,-0.065
1780080242386,2,12.00000018,Upper Delivery,Delivery,pitch.1,777005,0.0949,-0.8051,1.2107,-0.1115,-0.0169,0.2564,0.0,0.0
1780080242386,2,Pitching Mound.Delivery,,Delivery,pitch.1,775093,-0.0774,-0.9432,4.0767,-1.4181,0.9469,0.0167,0.0,0.0
1780080242386,2,Pitching Mound.Drive,,Delivery,pitch.1,776209,0.1689,-0.0504,0.0668,0.0226,0.0208,0.0045,0.0,0.0
1780080242386,2,Pitching Mound.Parent,,Delivery,pitch.1,774349,0.0914,-0.9936,4.1435,-1.3955,0.9677,0.0212,0.0,0.0
1780080242387,2,11.0000004b,Drive,Delivery,pitch.1,776210,0.1616,-0.0479,0.0596,0.0227,0.0212,0.0048,0.0,0.0
1780080242387,2,12.00000015,Lower Delivery,Delivery,pitch.1,775720,-0.1916,-0.1375,2.9392,-1.9613,1.2328,-0.3079,-0.043,-0.0684
1780080242387,2,12.00000018,Upper Delivery,Delivery,pitch.1,777006,0.1161,-0.7575,1.281,-0.1093,-0.0182,0.2319,0.0,0.0
1780080242387,2,Pitching Mound.Delivery,,Delivery,pitch.1,775094,-0.0624,-0.8962,4.1068,-1.3752,1.2157,0.0254,0.0,0.0
1780080242387,2,Pitching Mound.Drive,,Delivery,pitch.1,776210,0.1616,-0.0479,0.0596,0.0227,0.0212,0.0048,0.0,0.0
1780080242387,2,Pitching Mound.Parent,,Delivery,pitch.1,774350,0.0992,-0.9441,4.1663,-1.3525,1.2369,0.0302,0.0,0.0
1780080242388,2,11.0000004b,Drive,Delivery,pitch.1,776211,0.165,-0.0491,0.0606,0.0266,0.0236,0.0046,0.0,0.0
1780080242388,2,12.00000015,Lower Delivery,Delivery,pitch.1,775721,-0.203,-0.1462,2.9012,-1.6984,1.7821,-0.2708,-0.063,-0.06
1780080242388,2,12.00000018,Upper Delivery,Delivery,pitch.1,777007,0.1201,-0.7591,1.289,-0.1132,-0.0159,0.2758,0.0,0.0
1780080242388,2,Pitching Mound.Delivery,,Delivery,pitch.1,775095,-0.0715,-0.8966,4.2282,-1.5135,1.2169,0.0739,0.0,0.0
1780080242388,2,Pitching Mound.Drive,,Delivery,pitch.1,776211,0.165,-0.0491,0.0606,0.0266,0.0236,0.0046,0.0,0.0
1780080242388,2,Pitching Mound.Parent,,Delivery,pitch.1,774351,0.0934,-0.9458,4.2888,-1.4869,1.2405,0.0785,0.0,0.0
1780080242389,2,11.0000004b,Drive,Delivery,pitch.1,776212,0.1587,-0.047,0.0574,0.0114,0.0159,0.0061,0.0,0.0
1780080242389,2,12.00000015,Lower Delivery,Delivery,pitch.1,775722,-0.2076,-0.1454,2.9561,-1.669,1.8405,-0.3057,-0.0638,-0.0579
1780080242389,2,12.00000018,Upper Delivery,Delivery,pitch.1,777008,0.116,-0.7748,1.3035,-0.1171,-0.0136,0.319,0.0,0.0
1780080242389,2,Pitching Mound.Delivery,,Delivery,pitch.1,775096,-0.087,-0.921,4.2047,-1.2722,1.7685,0.1566,0.0,0.0
1780080242389,2,Pitching Mound.Drive,,Delivery,pitch.1,776212,0.1587,-0.047,0.0574,0.0114,0.0159,0.0061,0.0,0.0
1780080242389,2,Pitching Mound.Parent,,Delivery,pitch.1,774352,0.0717,-0.968,4.2621,-1.2609,1.7843,0.1627,0.0,0.0
1780080242390,2,11.0000004b,Drive,Delivery,pitch.1,776213,0.1654,-0.0492,0.0648,0.0137,0.0166,0.006,0.0,0.0
1780080242390,2,12.00000015,Lower Delivery,Delivery,pitch.1,775723,-0.1794,-0.1162,3.0555,-1.7836,1.7559,-0.2737,-0.0589,-0.0598
1780080242390,2,12.00000018,Upper Delivery,Delivery,pitch.1,777009,0.0784,-0.7858,1.4729,-0.1239,-0.0097,0.3947,0.0,0.0
1780080242390,2,Pitching Mound.Delivery,,Delivery,pitch.1,775097,-0.1292,-0.9312,4.429,-1.2885,1.8308,0.1862,0.0,0.0
1780080242390,2,Pitching Mound.Drive,,Delivery,pitch.1,776213,0.1654,-0.0492,0.0648,0.0137,0.0166,0.006,0.0,0.0
1780080242390,2,Pitching Mound.Parent,,Delivery,pitch.1,774353,0.0362,-0.9804,4.4938,-1.2748,1.8474,0.1923,0.0,0.0
1780080242391,2,11.0000004b,Drive,Delivery,pitch.1,776214,0.1512,-0.044,0.0572,0.0199,0.0241,0.0068,0.0,0.0
1780080242391,2,11.0000004b,Drive,Delivery,pitch.1,776215,0.1724,-0.0517,0.0657,0.012,0.0147,0.0075,0.0,0.0
1780080242391,2,12.00000015,Lower Delivery,Delivery,pitch.1,775724,-0.184,-0.1145,3.0003,-1.8077,1.7547,-0.2322,-0.0599,-0.0618
1780080242391,2,12.00000018,Upper Delivery,Delivery,pitch.1,777010,0.0878,-0.7891,1.3712,-0.1146,-0.0151,0.2918,0.0,0.0
1780080242391,2,Pitching Mound.Delivery,,Delivery,pitch.1,775098,-0.0916,-0.9053,4.4267,-1.3256,1.7409,0.109,0.0,0.0
1780080242391,2,Pitching Mound.Drive,,Delivery,pitch.1,776214,0.1512,-0.044,0.0572,0.0199,0.0241,0.0068,0.0,0.0
1780080242391,2,Pitching Mound.Drive,,Delivery,pitch.1,776215,0.1724,-0.0517,0.0657,0.012,0.0147,0.0075,0.0,0.0
1780080242391,2,Pitching Mound.Parent,,Delivery,pitch.1,774354,0.0596,-0.9493,4.4839,-1.3057,1.765,0.1158,0.0,0.0
1780080242392,2,12.00000015,Lower Delivery,Delivery,pitch.1,775725,-0.2105,-0.1377,2.9341,-1.7854,1.8179,-0.2223,-0.0635,-0.0624
1780080242392,2,12.00000018,Upper Delivery,Delivery,pitch.1,777011,0.0583,-0.8294,1.3327,-0.1184,-0.0129,0.3339,0.0,0.0
1780080242392,2,Pitching Mound.Delivery,,Delivery,pitch.1,775099,-0.1258,-0.9439,4.3329,-1.3591,1.7418,0.1841,0.0,0.0
1780080242392,2,Pitching Mound.Parent,,Delivery,pitch.1,774355,0.0466,-0.9956,4.3986,-1.3471,1.7565,0.1917,0.0,0.0
1780080242393,2,11.0000004b,Drive,Delivery,pitch.1,776216,0.1521,-0.0446,0.0532,0.0151,0.016,0.0067,0.0,0.0
1780080242393,2,12.00000015,Lower Delivery,Delivery,pitch.1,775726,-0.212,-0.141,2.8151,-1.7093,1.757,-0.1164,-0.064,-0.0622
1780080242393,2,12.00000018,Upper Delivery,Delivery,pitch.1,777012,0.0456,-0.8411,1.4933,-0.1168,-0.0138,0.3159,0.0,0.0
1780080242393,2,Pitching Mound.Delivery,,Delivery,pitch.1,775100,-0.165,-0.9788,4.4274,-1.4123,1.8041,0.1807,0.0,0.0
1780080242393,2,Pitching Mound.Drive,,Delivery,pitch.1,776216,0.1521,-0.0446,0.0532,0.0151,0.016,0.0067,0.0,0.0
1780080242393,2,Pitching Mound.Parent,,Delivery,pitch.1,774356,-0.0129,-1.0234,4.4806,-1.3972,1.82,0.1874,0.0,0.0
1780080242394,2,11.0000004b,Drive,Delivery,pitch.1,776217,0.156,-0.0462,0.0494,0.0298,0.0251,0.0058,0.0,0.0
1780080242394,2,12.00000015,Lower Delivery,Delivery,pitch.1,775727,-0.2303,-0.1613,2.786,-1.4229,2.2402,-0.0817,-0.0824,-0.0523
1780080242394,2,12.00000018,Upper Delivery,Delivery,pitch.1,777013,0.0436,-0.8339,1.3645,-0.1101,-0.0177,0.2411,0.0,0.0
1780080242394,2,Pitching Mound.Delivery,,Delivery,pitch.1,775101,-0.1684,-0.9749,4.1797,-1.3262,1.7393,0.2116,0.0,0.0
1780080242394,2,Pitching Mound.Drive,,Delivery,pitch.1,776217,0.156,-0.0462,0.0494,0.0298,0.0251,0.0058,0.0,0.0
1780080242394,2,Pitching Mound.Parent,,Delivery,pitch.1,774357,-0.0123,-1.0211,4.229,-1.2963,1.7645,0.2174,0.0,0.0
1780080242395,2,11.0000004b,Drive,Delivery,pitch.1,776218,0.1774,-0.0538,0.0536,0.0339,0.0251,0.005,0.0,0.0
1780080242395,2,12.00000015,Lower Delivery,Delivery,pitch.1,775728,-0.2183,-0.1476,2.707,-1.4217,2.3123,-0.0704,-0.0875,-0.0538
1780080242395,2,12.00000018,Upper Delivery,Delivery,pitch.1,777014,0.0524,-0.8243,1.3804,-0.1069,-0.0196,0.2054,0.0,0.0
1780080242395,2,Pitching Mound.Delivery,,Delivery,pitch.1,775102,-0.178,-0.9856,4.1663,-1.0519,2.2206,0.2198,0.0,0.0
1780080242395,2,Pitching Mound.Drive,,Delivery,pitch.1,776218,0.1774,-0.0538,0.0536,0.0339,0.0251,0.005,0.0,0.0
1780080242395,2,Pitching Mound.Parent,,Delivery,pitch.1,774358,-0.0005,-1.0394,4.2199,-1.0179,2.2457,0.2249,0.0,0.0
1780080242396,2,11.0000004b,Drive,Delivery,pitch.1,776219,0.1654,-0.0496,0.044,0.0373,0.0281,0.0045,0.0,0.0
1780080242396,2,11.0000004b,Drive,Delivery,pitch.1,776220,0.1727,-0.0523,0.0428,0.0443,0.0335,0.0042,0.0,0.0
1780080242396,2,12.00000015,Lower Delivery,Delivery,pitch.1,775729,-0.2159,-0.1548,2.5241,-1.3802,2.2245,-0.0478,-0.0903,-0.056
1780080242396,2,12.00000018,Upper Delivery,Delivery,pitch.1,777015,0.0662,-0.8045,1.4248,-0.1081,-0.0189,0.2188,0.0,0.0
1780080242396,2,Pitching Mound.Delivery,,Delivery,pitch.1,775103,-0.1521,-0.952,4.1319,-1.0939,2.2934,0.2451,0.0,0.0
1780080242396,2,Pitching Mound.Drive,,Delivery,pitch.1,776219,0.1654,-0.0496,0.044,0.0373,0.0281,0.0045,0.0,0.0
1780080242396,2,Pitching Mound.Drive,,Delivery,pitch.1,776220,0.1727,-0.0523,0.0428,0.0443,0.0335,0.0042,0.0,0.0
1780080242396,2,Pitching Mound.Parent,,Delivery,pitch.1,774359,0.0132,-1.0017,4.1759,-1.0566,2.3215,0.2496,0.0,0.0
1780080242397,2,12.00000015,Lower Delivery,Delivery,pitch.1,775730,-0.1886,-0.1311,2.6941,-1.4894,1.8725,-0.0465,-0.0712,-0.0567
1780080242397,2,12.00000018,Upper Delivery,Delivery,pitch.1,777016,0.0944,-0.7589,1.3826,-0.0985,-0.0245,0.112,0.0,0.0
1780080242397,2,Pitching Mound.Delivery,,Delivery,pitch.1,775104,-0.1215,-0.9137,3.9068,-1.0907,2.2001,0.1697,0.0,0.0
1780080242397,2,Pitching Mound.Parent,,Delivery,pitch.1,774360,0.0513,-0.966,3.9496,-1.0463,2.2336,0.1739,0.0,0.0
1780080242398,2,11.0000004b,Drive,Delivery,pitch.1,776221,0.1899,-0.0583,0.0515,0.0485,0.0362,0.0048,0.0,0.0
1780080242398,2,11.0000004b,Drive,Delivery,pitch.1,776222,0.1857,-0.0567,0.0481,0.0512,0.0351,0.0041,0.0,0.0
1780080242398,2,12.00000015,Lower Delivery,Delivery,pitch.1,775731,-0.2229,-0.1817,2.389,-1.496,1.79,-0.0348,-0.0768,-0.0642
1780080242398,2,12.00000018,Upper Delivery,Delivery,pitch.1,777017,0.0609,-0.8145,1.3989,-0.1102,-0.0177,0.2418,0.0,0.0
1780080242398,2,Pitching Mound.Delivery,,Delivery,pitch.1,775105,-0.1277,-0.9456,4.093,-1.1591,1.8548,0.2801,0.0,0.0
1780080242398,2,Pitching Mound.Drive,,Delivery,pitch.1,776221,0.1899,-0.0583,0.0515,0.0485,0.0362,0.0048,0.0,0.0
1780080242398,2,Pitching Mound.Drive,,Delivery,pitch.1,776222,0.1857,-0.0567,0.0481,0.0512,0.0351,0.0041,0.0,0.0
1780080242398,2,Pitching Mound.Parent,,Delivery,pitch.1,774361,0.0622,-1.0039,4.1445,-1.1107,1.8911,0.2849,0.0,0.0
1780080242399,2,11.0000004b,Drive,Delivery,pitch.1,776223,0.1764,-0.0533,0.0461,0.0474,0.0347,0.0047,0.0,0.0
1780080242399,2,12.00000015,Lower Delivery,Delivery,pitch.1,775732,-0.2481,-0.224,2.3975,-1.3418,1.7084,-0.1059,-0.073,-0.0574
1780080242399,2,12.00000018,Upper Delivery,Delivery,pitch.1,777018,0.0477,-0.8379,1.2125,-0.1078,-0.019,0.2156,0.0,0.0
1780080242399,2,Pitching Mound.Delivery,,Delivery,pitch.1,775106,-0.1751,-1.0196,3.6015,-1.2038,1.7709,0.2728,0.0,0.0
1780080242399,2,Pitching Mound.Drive,,Delivery,pitch.1,776223,0.1764,-0.0533,0.0461,0.0474,0.0347,0.0047,0.0,0.0
1780080242399,2,Pitching Mound.Parent,,Delivery,pitch.1,774362,0.0106,-1.0763,3.6496,-1.1526,1.806,0.2768,0.0,0.0
1780080242400,2,11.0000004b,Drive,Delivery,pitch.1,776224,0.1811,-0.0549,0.0464,0.0623,0.0435,0.0035,0.0,0.0
1780080242400,2,12.00000015,Lower Delivery,Delivery,pitch.1,775733,-0.2443,-0.2294,2.3687,-1.6667,1.6699,-0.1036,-0.0723,-0.0721
1780080242400,2,12.00000018,Upper Delivery,Delivery,pitch.1,777019,0.0482,-0.8155,1.1916,-0.1074,-0.0193,0.2107,0.0,0.0
1780080242400,2,Pitching Mound.Delivery,,Delivery,pitch.1,775107,-0.2,-1.0396,3.5891,-1.0392,1.6891,0.2055,0.0,0.0
1780080242400,2,Pitching Mound.Drive,,Delivery,pitch.1,776224,0.1811,-0.0549,0.0464,0.0623,0.0435,0.0035,0.0,0.0
1780080242400,2,Pitching Mound.Parent,,Delivery,pitch.1,774363,-0.0236,-1.0928,3.6352,-0.9918,1.7238,0.2102,0.0,0.0
1780080242401,2,11.0000004b,Drive,Delivery,pitch.1,776225,0.1733,-0.053,0.0258,0.0558,0.0397,0.0046,0.0,0.0
1780080242401,2,12.00000015,Lower Delivery,Delivery,pitch.1,775734,-0.265,-0.2361,2.4379,-1.3996,1.8832,-0.148,-0.0792,-0.0588
1780080242401,2,12.00000018,Upper Delivery,Delivery,pitch.1,777020,0.059,-0.8367,1.262,-0.0992,-0.024,0.1199,0.0,0.0
1780080242401,2,Pitching Mound.Delivery,,Delivery,pitch.1,775108,-0.1853,-1.0662,3.6307,-1.3897,1.6459,0.1194,0.0,0.0
1780080242401,2,Pitching Mound.Drive,,Delivery,pitch.1,776225,0.1733,-0.053,0.0258,0.0558,0.0397,0.0046,0.0,0.0
1780080242401,2,Pitching Mound.Parent,,Delivery,pitch.1,774364,-0.0042,-1.1211,3.6771,-1.3274,1.6893,0.1229,0.0,0.0
1780080242402,2,11.0000004b,Drive,Delivery,pitch.1,776226,0.1758,-0.0539,0.0242,0.0522,0.0405,0.0051,0.0,0.0
1780080242402,2,12.00000015,Lower Delivery,Delivery,pitch.1,775735,-0.2736,-0.2432,2.3907,-1.4835,1.9193,-0.1323,-0.0823,-0.0636
1780080242402,2,12.00000018,Upper Delivery,Delivery,pitch.1,777021,0.0221,-0.8606,1.6233,-0.1077,-0.0191,0.2141,0.0,0.0
1780080242402,2,Pitching Mound.Delivery,,Delivery,pitch.1,775109,-0.2429,-1.0967,4.0612,-1.2303,1.864,0.1637,0.0,0.0
1780080242402,2,Pitching Mound.Drive,,Delivery,pitch.1,776226,0.1758,-0.0539,0.0242,0.0522,0.0405,0.0051,0.0,0.0
1780080242402,2,Pitching Mound.Parent,,Delivery,pitch.1,774365,-0.0696,-1.1497,4.087,-1.1745,1.9037,0.1683,0.0,0.0
1780080242403,2,12.00000015,Lower Delivery,Delivery,pitch.1,775736,-0.2738,-0.2519,2.2939,-1.5042,1.954,-0.1867,-0.0873,-0.0672
1780080242403,2,12.00000018,Upper Delivery,Delivery,pitch.1,777022,0.045,-0.8333,1.3967,-0.1032,-0.0217,0.1638,0.0,0.0
1780080242403,2,Pitching Mound.Delivery,,Delivery,pitch.1,775110,-0.2286,-1.0765,3.7874,-1.2487,1.8975,0.1398,0.0,0.0
1780080242403,2,Pitching Mound.Parent,,Delivery,pitch.1,774366,-0.0527,-1.1304,3.8116,-1.1965,1.938,0.1449,0.0,0.0
1780080242404,2,11.0000004b,Drive,Delivery,pitch.1,776227,0.1948,-0.0599,0.0512,0.0581,0.0429,0.0048,0.0,0.0
1780080242404,2,11.0000004b,Drive,Delivery,pitch.1,776228,0.1777,-0.0546,0.0197,0.0531,0.0413,0.0051,0.0,0.0
1780080242404,2,12.00000015,Lower Delivery,Delivery,pitch.1,775737,-0.2648,-0.2273,2.4913,-1.6725,2.039,-0.2305,-0.0839,-0.0688
1780080242404,2,12.00000018,Upper Delivery,Delivery,pitch.1,777023,0.0204,-0.8404,1.5064,-0.1155,-0.0145,0.3019,0.0,0.0
1780080242404,2,Pitching Mound.Delivery,,Delivery,pitch.1,775111,-0.2534,-1.0922,3.8004,-1.352,1.9395,0.2152,0.0,0.0
1780080242404,2,Pitching Mound.Drive,,Delivery,pitch.1,776227,0.1948,-0.0599,0.0512,0.0581,0.0429,0.0048,0.0,0.0
1780080242404,2,Pitching Mound.Drive,,Delivery,pitch.1,776228,0.1777,-0.0546,0.0197,0.0531,0.0413,0.0051,0.0,0.0
1780080242404,2,Pitching Mound.Parent,,Delivery,pitch.1,774367,-0.0586,-1.1521,3.8516,-1.2939,1.9824,0.22,0.0,0.0
1780080242405,2,11.0000004b,Drive,Delivery,pitch.1,776229,0.1619,-0.0495,-0.0016,0.0615,0.0466,0.0047,0.0,0.0
1780080242405,2,12.00000015,Lower Delivery,Delivery,pitch.1,775738,-0.2781,-0.2452,2.4893,-1.9006,1.5765,-0.2363,-0.0649,-0.0783
1780080242405,2,12.00000018,Upper Delivery,Delivery,pitch.1,777024,0.0141,-0.8663,1.2559,-0.1185,-0.0128,0.3351,0.0,0.0
1780080242405,2,Pitching Mound.Delivery,,Delivery,pitch.1,775112,-0.2506,-1.0935,3.7472,-1.371,2.0262,0.1994,0.0,0.0
1780080242405,2,Pitching Mound.Drive,,Delivery,pitch.1,776229,0.1619,-0.0495,-0.0016,0.0615,0.0466,0.0047,0.0,0.0
1780080242405,2,Pitching Mound.Parent,,Delivery,pitch.1,774368,-0.0729,-1.1482,3.7668,-1.3179,2.0675,0.2046,0.0,0.0
1780080242406,2,11.0000004b,Drive,Delivery,pitch.1,776230,0.1367,-0.0403,-0.0016,0.0495,0.039,0.0059,0.0,0.0
1780080242406,2,12.00000015,Lower Delivery,Delivery,pitch.1,775739,-0.2767,-0.2697,2.3657,-1.8451,1.6122,-0.2907,-0.0698,-0.0799
1780080242406,2,12.00000018,Upper Delivery,Delivery,pitch.1,777025,0.019,-0.8689,1.1773,-0.1197,-0.0121,0.3477,0.0,0.0
1780080242406,2,Pitching Mound.Delivery,,Delivery,pitch.1,775113,-0.2591,-1.114,3.6666,-1.5742,1.5644,0.2124,0.0,0.0
1780080242406,2,Pitching Mound.Drive,,Delivery,pitch.1,776230,0.1367,-0.0403,-0.0016,0.0495,0.039,0.0059,0.0,0.0
1780080242406,2,Pitching Mound.Parent,,Delivery,pitch.1,774369,-0.0971,-1.1635,3.6649,-1.5127,1.611,0.2171,0.0,0.0
1780080242407,2,12.00000015,Lower Delivery,Delivery,pitch.1,775740,-0.2885,-0.2894,2.2913,-1.9101,1.5194,-0.2928,-0.068,-0.0854
1780080242407,2,12.00000018,Upper Delivery,Delivery,pitch.1,777026,0.0231,-0.8686,1.0195,-0.1201,-0.0119,0.3529,0.0,0.0
1780080242407,2,Pitching Mound.Delivery,,Delivery,pitch.1,775114,-0.2536,-1.1383,3.3852,-1.5076,1.6003,0.1642,0.0,0.0
1780080242407,2,Pitching Mound.Parent,,Delivery,pitch.1,774370,-0.1168,-1.1786,3.3836,-1.4581,1.6393,0.1701,0.0,0.0
1780080242408,2,11.0000004b,Drive,Delivery,pitch.1,776231,0.1819,-0.0549,0.0573,0.0524,0.041,0.0051,0.0,0.0
1780080242408,2,11.0000004b,Drive,Delivery,pitch.1,776232,0.1761,-0.0534,0.0337,0.0498,0.0397,0.0057,0.0,0.0
1780080242408,2,12.00000015,Lower Delivery,Delivery,pitch.1,775741,-0.2785,-0.2811,2.2745,-1.9579,1.509,-0.2723,0.0,0.0
1780080242408,2,12.00000018,Upper Delivery,Delivery,pitch.1,777027,0.0416,-0.8415,1.101,-0.1132,-0.0159,0.2757,0.0,0.0
1780080242408,2,Pitching Mound.Delivery,,Delivery,pitch.1,775115,-0.247,-1.1308,3.3923,-1.6186,1.5035,0.0951,0.0,0.0
1780080242408,2,Pitching Mound.Drive,,Delivery,pitch.1,776231,0.1819,-0.0549,0.0573,0.0524,0.041,0.0051,0.0,0.0
1780080242408,2,Pitching Mound.Drive,,Delivery,pitch.1,776232,0.1761,-0.0534,0.0337,0.0498,0.0397,0.0057,0.0,0.0
1780080242408,2,Pitching Mound.Parent,,Delivery,pitch.1,774371,-0.065,-1.1857,3.4496,-1.5661,1.5445,0.1002,0.0,0.0
1780080242409,2,11.0000004b,Drive,Delivery,pitch.1,776233,0.1701,-0.0508,0.0448,0.0527,0.0405,0.0062,0.0,0.0
1780080242409,2,12.00000015,Lower Delivery,Delivery,pitch.1,775742,-0.2617,-0.2449,2.3699,-2.0538,1.1813,-0.2354,-0.0511,-0.0888
1780080242409,2,12.00000018,Upper Delivery,Delivery,pitch.1,777028,0.0557,-0.8286,1.1301,-0.1153,-0.0147,0.299,0.0,0.0
1780080242409,2,Pitching Mound.Delivery,,Delivery,pitch.1,775116,-0.2228,-1.1098,3.4046,-1.6841,1.4943,0.1404,0.0,0.0
1780080242409,2,Pitching Mound.Drive,,Delivery,pitch.1,776233,0.1701,-0.0508,0.0448,0.0527,0.0405,0.0062,0.0,0.0
1780080242409,2,Pitching Mound.Parent,,Delivery,pitch.1,774372,-0.0467,-1.1631,3.4383,-1.6343,1.534,0.1462,0.0,0.0
1780080242410,2,11.0000004b,Drive,Delivery,pitch.1,776234,0.1995,-0.0605,0.0779,0.0528,0.0379,0.0062,0.0,0.0
1780080242410,2,12.00000015,Lower Delivery,Delivery,pitch.1,775743,-0.2401,-0.2257,2.4923,-2.4005,0.6534,-0.2742,-0.0269,-0.0987
1780080242410,2,12.00000018,Upper Delivery,Delivery,pitch.1,777029,0.0431,-0.8229,1.1422,-0.1176,-0.0133,0.3252,0.0,0.0
1780080242410,2,Pitching Mound.Delivery,,Delivery,pitch.1,775117,-0.2186,-1.0678,3.5121,-1.754,1.1679,0.1935,0.0,0.0
1780080242410,2,Pitching Mound.Drive,,Delivery,pitch.1,776234,0.1995,-0.0605,0.0779,0.0528,0.0379,0.0062,0.0,0.0
1780080242410,2,Pitching Mound.Parent,,Delivery,pitch.1,774373,-0.0486,-1.1187,3.5568,-1.7013,1.2084,0.1996,0.0,0.0
1780080242411,2,11.0000004b,Drive,Delivery,pitch.1,776235,0.2325,-0.0725,0.0865,0.0552,0.0398,0.0053,0.0,0.0
1780080242411,2,12.00000015,Lower Delivery,Delivery,pitch.1,775744,-0.2301,-0.2344,2.4088,-2.1185,0.7889,-0.2069,-0.0336,-0.0901
1780080242411,2,12.00000018,Upper Delivery,Delivery,pitch.1,777030,0.0429,-0.8575,1.2535,-0.1203,-0.0118,0.3544,0.0,0.0
1780080242411,2,Pitching Mound.Delivery,,Delivery,pitch.1,775118,-0.1971,-1.0832,3.7458,-2.0996,0.6416,0.1764,0.0,0.0
1780080242411,2,Pitching Mound.Drive,,Delivery,pitch.1,776235,0.2325,-0.0725,0.0865,0.0552,0.0398,0.0053,0.0,0.0
1780080242411,2,Pitching Mound.Parent,,Delivery,pitch.1,774374,0.0023,-1.1437,3.8236,-2.0468,0.6794,0.1826,0.0,0.0
1780080242412,2,11.0000004b,Drive,Delivery,pitch.1,776236,0.2381,-0.0743,0.0898,0.0729,-0.034,0.0044,0.0,0.0
1780080242412,2,12.00000015,Lower Delivery,Delivery,pitch.1,775745,-0.2191,-0.2283,2.3252,-2.2973,0.6066,-0.1034,-0.0267,-0.1013
1780080242412,2,12.00000018,Upper Delivery,Delivery,pitch.1,777031,0.0312,-0.8167,1.2115,-0.1233,-0.01,0.3881,0.0,0.0
1780080242412,2,Pitching Mound.Delivery,,Delivery,pitch.1,775119,-0.1989,-1.0511,3.6203,-1.8347,0.7789,0.2701,0.0,0.0
1780080242412,2,Pitching Mound.Drive,,Delivery,pitch.1,776236,0.2381,-0.0743,0.0898,0.0729,-0.034,0.0044,0.0,0.0
1780080242412,2,Pitching Mound.Parent,,Delivery,pitch.1,774375,0.0336,-1.1236,3.7068,-1.7795,0.8187,0.2755,0.0,0.0
1780080242413,2,11.0000004b,Drive,Delivery,pitch.1,776237,0.2251,-0.0697,0.0855,0.0835,-0.0856,0.0035,0.0,0.0
1780080242413,2,12.00000015,Lower Delivery,Delivery,pitch.1,775746,-0.2054,-0.2111,2.3847,-2.3988,0.5214,-0.12,-0.0224,-0.1031
1780080242413,2,12.00000018,Upper Delivery,Delivery,pitch.1,777032,0.022,-0.8302,1.1731,-0.1251,-0.009,0.4081,0.0,0.0
1780080242413,2,Pitching Mound.Delivery,,Delivery,pitch.1,775120,-0.197,-1.0585,3.4983,-2.0306,0.5976,0.3866,0.0,0.0
1780080242413,2,Pitching Mound.Drive,,Delivery,pitch.1,776237,0.2251,-0.0697,0.0855,0.0835,-0.0856,0.0035,0.0,0.0
1780080242413,2,Pitching Mound.Parent,,Delivery,pitch.1,774376,0.0411,-1.1328,3.588,-1.9578,0.5637,0.391,0.0,0.0
1780080242414,2,11.0000004b,Drive,Delivery,pitch.1,776238,0.2239,-0.0694,0.0838,0.1063,-0.2155,0.0018,0.0,0.0
1780080242414,2,12.00000015,Lower Delivery,Delivery,pitch.1,775747,-0.2041,-0.2075,2.5336,-2.2945,0.6227,-0.1182,-0.0252,-0.0928
1780080242414,2,12.00000018,Upper Delivery,Delivery,pitch.1,777033,0.0228,-0.8312,1.2811,-0.1271,-0.0078,0.4311,0.0,0.0
1780080242414,2,Pitching Mound.Delivery,,Delivery,pitch.1,775121,-0.1826,-1.0422,3.6658,-2.1507,0.5136,0.3886,0.0,0.0
1780080242414,2,Pitching Mound.Drive,,Delivery,pitch.1,776238,0.2239,-0.0694,0.0838,0.1063,-0.2155,0.0018,0.0,0.0
1780080242414,2,Pitching Mound.Parent,,Delivery,pitch.1,774377,0.0426,-1.1119,3.7513,-2.0672,0.428,0.3921,0.0,0.0
1780080242415,2,11.0000004b,Drive,Delivery,pitch.1,776239,0.2198,-0.0678,0.0849,0.1148,-0.278,0.0025,0.0,0.0
1780080242415,2,12.00000015,Lower Delivery,Delivery,pitch.1,775748,-0.2374,-0.232,2.5353,-2.1225,0.6335,-0.0987,-0.0256,-0.0858
1780080242415,2,12.00000018,Upper Delivery,Delivery,pitch.1,777034,0.0349,-0.801,1.3276,-0.1212,-0.0113,0.3644,0.0,0.0
1780080242415,2,Pitching Mound.Delivery,,Delivery,pitch.1,775122,-0.1692,-1.0086,3.8612,-2.0056,0.6114,0.3274,0.0,0.0
1780080242415,2,Pitching Mound.Drive,,Delivery,pitch.1,776239,0.2198,-0.0678,0.0849,0.1148,-0.278,0.0025,0.0,0.0
1780080242415,2,Pitching Mound.Parent,,Delivery,pitch.1,774378,0.0547,-1.078,3.945,-1.8994,0.3959,0.3293,0.0,0.0
1780080242416,2,11.0000004b,Drive,Delivery,pitch.1,776240,0.2378,-0.0743,0.092,0.0897,-0.1155,0.0033,0.0,0.0
1780080242416,2,12.00000015,Lower Delivery,Delivery,pitch.1,775749,-0.2405,-0.2108,2.5963,-1.999,1.0108,-0.0893,-0.0399,-0.0789
1780080242416,2,12.00000018,Upper Delivery,Delivery,pitch.1,777035,0.0369,-0.7942,1.4146,-0.1223,-0.0106,0.3775,0.0,0.0
1780080242416,2,Pitching Mound.Delivery,,Delivery,pitch.1,775123,-0.2005,-1.0263,3.9499,-1.8638,0.623,0.372,0.0,0.0
1780080242416,2,Pitching Mound.Drive,,Delivery,pitch.1,776240,0.2378,-0.0743,0.092,0.0897,-0.1155,0.0033,0.0,0.0
1780080242416,2,Pitching Mound.Parent,,Delivery,pitch.1,774379,0.0193,-1.094,4.0348,-1.749,0.345,0.3745,0.0,0.0
1780080242417,2,11.0000004b,Drive,Delivery,pitch.1,776241,0.208,-0.0635,0.0842,0.0866,-0.1027,0.004,0.0,0.0
1780080242417,2,12.00000015,Lower Delivery,Delivery,pitch.1,775750,-0.2264,-0.1813,2.8189,-1.8729,1.1018,-0.0974,-0.0401,-0.0681
1780080242417,2,12.00000018,Upper Delivery,Delivery,pitch.1,777036,0.0054,-0.8311,1.2225,-0.1261,-0.0084,0.4193,0.0,0.0
1780080242417,2,12.00000018,Upper Delivery,Delivery,pitch.1,777037,0.0236,-0.8227,1.4544,-0.122,-0.0108,0.3738,0.0,0.0
1780080242417,2,Pitching Mound.Delivery,,Delivery,pitch.1,775124,-0.2351,-1.0419,3.8188,-1.658,1.0024,0.4137,0.0,0.0
1780080242417,2,Pitching Mound.Delivery,,Delivery,pitch.1,775125,-0.2028,-1.0041,4.2734,-1.531,1.091,0.3614,0.0,0.0
1780080242417,2,Pitching Mound.Drive,,Delivery,pitch.1,776241,0.208,-0.0635,0.0842,0.0866,-0.1027,0.004,0.0,0.0
1780080242417,2,Pitching Mound.Parent,,Delivery,pitch.1,774380,0.0027,-1.1162,3.9108,-1.5683,0.8869,0.4169,0.0,0.0
1780080242417,2,Pitching Mound.Parent,,Delivery,pitch.1,774381,0.0052,-1.0676,4.3576,-1.4444,0.9883,0.3654,0.0,0.0
1780080242418,2,11.0000004b,Drive,Delivery,pitch.1,776242,0.194,-0.0586,0.0782,0.0921,-0.1332,0.0032,0.0,0.0
1780080242418,2,12.00000015,Lower Delivery,Delivery,pitch.1,775751,-0.214,-0.1839,2.7401,-1.9729,1.2198,-0.1503,-0.0456,-0.0738
1780080242418,2,Pitching Mound.Drive,,Delivery,pitch.1,776242,0.194,-0.0586,0.0782,0.0921,-0.1332,0.0032,0.0,0.0
1780080242419,2,11.0000004b,Drive,Delivery,pitch.1,776243,0.1944,-0.0591,0.0786,0.0637,0.0145,0.0041,0.0,0.0
1780080242419,2,12.00000015,Lower Delivery,Delivery,pitch.1,775752,-0.2487,-0.2228,2.6262,-1.8338,1.2858,-0.1593,-0.0502,-0.0716
1780080242419,2,12.00000018,Upper Delivery,Delivery,pitch.1,777038,0.0027,-0.8682,1.1792,-0.0649,0.0845,0.4595,0.0,0.0
1780080242419,2,12.00000018,Upper Delivery,Delivery,pitch.1,777039,0.011,-0.8246,1.4602,-0.0158,0.1593,0.493,0.0,0.0
1780080242419,2,Pitching Mound.Delivery,,Delivery,pitch.1,775126,-0.2113,-1.0521,3.9193,-1.5071,1.3043,0.3828,0.0,0.0
1780080242419,2,Pitching Mound.Delivery,,Delivery,pitch.1,775127,-0.2376,-1.0474,4.0864,-1.4532,1.4451,0.422,0.0,0.0
1780080242419,2,Pitching Mound.Drive,,Delivery,pitch.1,776243,0.1944,-0.0591,0.0786,0.0637,0.0145,0.0041,0.0,0.0
1780080242419,2,Pitching Mound.Parent,,Delivery,pitch.1,774382,-0.0173,-1.1108,3.9975,-1.415,1.1711,0.3861,0.0,0.0
1780080242419,2,Pitching Mound.Parent,,Delivery,pitch.1,774383,-0.0432,-1.1064,4.165,-1.3895,1.4595,0.4261,0.0,0.0
1780080242420,2,11.0000004b,Drive,Delivery,pitch.1,776244,0.1748,-0.0523,0.0663,0.0478,0.038,0.0056,0.0,0.0
1780080242420,2,12.00000015,Lower Delivery,Delivery,pitch.1,775753,-0.2455,-0.2249,2.5215,-1.9017,1.191,-0.1006,-0.0484,-0.0773
1780080242420,2,12.00000018,Upper Delivery,Delivery,pitch.1,777040,0.0309,-0.8306,1.4276,-0.0261,0.1413,0.4733,0.0,0.0
1780080242420,2,Pitching Mound.Delivery,,Delivery,pitch.1,775128,-0.2146,-1.0555,3.9492,-1.5559,1.3324,0.4666,0.0,0.0
1780080242420,2,Pitching Mound.Drive,,Delivery,pitch.1,776244,0.1748,-0.0523,0.0663,0.0478,0.038,0.0056,0.0,0.0
1780080242420,2,Pitching Mound.Parent,,Delivery,pitch.1,774384,-0.0399,-1.1078,4.0155,-1.5081,1.3704,0.4721,0.0,0.0
1780080242421,2,11.0000004b,Drive,Delivery,pitch.1,776245,0.1696,-0.0504,0.0661,0.0544,0.0426,0.0039,0.0,0.0
1780080242421,2,12.00000015,Lower Delivery,Delivery,pitch.1,775754,-0.2496,-0.2172,2.5427,-1.7781,1.6094,-0.1025,-0.0649,-0.0717
1780080242421,2,12.00000018,Upper Delivery,Delivery,pitch.1,777041,0.0588,-0.8207,1.6645,-0.1307,-0.0057,0.4704,0.0,0.0
1780080242421,2,Pitching Mound.Delivery,,Delivery,pitch.1,775129,-0.1908,-1.0378,4.2071,-1.6101,1.6036,0.4727,0.0,0.0
1780080242421,2,Pitching Mound.Drive,,Delivery,pitch.1,776245,0.1696,-0.0504,0.0661,0.0544,0.0426,0.0039,0.0,0.0
1780080242421,2,Pitching Mound.Parent,,Delivery,pitch.1,774385,-0.0212,-1.0883,4.2732,-1.5558,1.6463,0.4765,0.0,0.0
1780080242422,2,11.0000004b,Drive,Delivery,pitch.1,776246,0.1581,-0.0463,0.0587,0.0533,0.0412,0.0039,0.0,0.0
1780080242422,2,12.00000015,Lower Delivery,Delivery,pitch.1,775755,-0.2455,-0.2325,2.3819,-1.607,1.4604,-0.0811,-0.0628,-0.0691
1780080242422,2,12.00000018,Upper Delivery,Delivery,pitch.1,777042,0.0618,-0.8242,1.657,-0.1219,-0.0108,0.3732,0.0,0.0
1780080242422,2,Pitching Mound.Delivery,,Delivery,pitch.1,775130,-0.1837,-1.0567,4.0388,-1.4824,1.4496,0.3966,0.0,0.0
1780080242422,2,Pitching Mound.Drive,,Delivery,pitch.1,776246,0.1581,-0.0463,0.0587,0.0533,0.0412,0.0039,0.0,0.0
1780080242422,2,Pitching Mound.Parent,,Delivery,pitch.1,774386,-0.0257,-1.103,4.0975,-1.4292,1.4908,0.4005,0.0,0.0
1780080242423,2,11.0000004b,Drive,Delivery,pitch.1,776247,0.1625,-0.0482,0.058,0.0491,0.0389,0.0031,0.0,0.0
1780080242423,2,12.00000015,Lower Delivery,Delivery,pitch.1,775756,-0.2359,-0.2119,2.4408,-1.6324,1.257,-0.0773,-0.0528,-0.0685
1780080242423,2,12.00000018,Upper Delivery,Delivery,pitch.1,777043,0.0343,-0.847,1.4746,-0.1255,-0.0087,0.4126,0.0,0.0
1780080242423,2,Pitching Mound.Delivery,,Delivery,pitch.1,775131,-0.2016,-1.0589,3.9154,-1.4294,1.2483,0.4271,0.0,0.0
1780080242423,2,Pitching Mound.Drive,,Delivery,pitch.1,776247,0.1625,-0.0482,0.058,0.0491,0.0389,0.0031,0.0,0.0
1780080242423,2,Pitching Mound.Parent,,Delivery,pitch.1,774387,-0.0391,-1.1071,3.9733,-1.3803,1.2872,0.4302,0.0,0.0
1780080242424,2,11.0000004b,Drive,Delivery,pitch.1,776248,0.1524,-0.0441,0.0582,0.0675,-0.0308,0.004,0.0,0.0
1780080242424,2,12.00000015,Lower Delivery,Delivery,pitch.1,775757,-0.2208,-0.1834,2.4942,-1.5702,1.3001,-0.0658,-0.0534,-0.0645
1780080242424,2,12.00000018,Upper Delivery,Delivery,pitch.1,777044,0.041,-0.8208,1.4022,-0.1251,-0.009,0.4081,0.0,0.0
1780080242424,2,Pitching Mound.Delivery,,Delivery,pitch.1,775132,-0.1798,-1.0042,3.8964,-1.324,1.2911,0.4313,0.0,0.0
1780080242424,2,Pitching Mound.Drive,,Delivery,pitch.1,776248,0.1524,-0.0441,0.0582,0.0675,-0.0308,0.004,0.0,0.0
1780080242424,2,Pitching Mound.Parent,,Delivery,pitch.1,774388,-0.0275,-1.0483,3.9546,-1.2564,1.2604,0.4353,0.0,0.0
1780080242425,2,11.0000004b,Drive,Delivery,pitch.1,776249,0.134,-0.0377,0.0538,0.0482,0.0424,0.0045,0.0,0.0
1780080242425,2,12.00000015,Lower Delivery,Delivery,pitch.1,775758,-0.2495,-0.2203,2.3904,-1.4728,1.1808,-0.0706,-0.0506,-0.0632
1780080242425,2,12.00000018,Upper Delivery,Delivery,pitch.1,777045,0.0301,-0.8042,1.5418,-0.1266,-0.0081,0.4256,0.0,0.0
1780080242425,2,Pitching Mound.Delivery,,Delivery,pitch.1,775133,-0.2194,-1.0244,3.9322,-1.3109,1.1728,0.45,0.0,0.0
1780080242425,2,Pitching Mound.Drive,,Delivery,pitch.1,776249,0.134,-0.0377,0.0538,0.0482,0.0424,0.0045,0.0,0.0
1780080242425,2,Pitching Mound.Parent,,Delivery,pitch.1,774389,-0.0854,-1.0621,3.986,-1.2627,1.2152,0.4546,0.0,0.0
1780080242426,2,11.0000004b,Drive,Delivery,pitch.1,776250,0.1454,-0.0418,0.0529,0.0582,-0.0247,0.004,0.0,0.0
1780080242426,2,12.00000015,Lower Delivery,Delivery,pitch.1,775759,-0.2336,-0.1916,2.5402,-1.2052,1.4163,-0.0512,-0.0571,-0.0486
1780080242426,2,12.00000018,Upper Delivery,Delivery,pitch.1,777046,0.0414,-0.7827,1.6932,-0.1229,-0.0102,0.3842,0.0,0.0
1780080242426,2,Pitching Mound.Delivery,,Delivery,pitch.1,775134,-0.1922,-0.9743,4.2334,-1.0401,1.4061,0.4266,0.0,0.0
1780080242426,2,Pitching Mound.Drive,,Delivery,pitch.1,776250,0.1454,-0.0418,0.0529,0.0582,-0.0247,0.004,0.0,0.0
1780080242426,2,Pitching Mound.Parent,,Delivery,pitch.1,774390,-0.0468,-1.0161,4.2863,-0.9819,1.3814,0.4306,0.0,0.0
1780080242427,2,11.0000004b,Drive,Delivery,pitch.1,776251,0.1008,-0.0276,-0.0123,0.003,0.0383,0.0034,0.0,0.0
1780080242427,2,12.00000015,Lower Delivery,Delivery,pitch.1,775760,-0.222,-0.1692,2.6292,-1.3432,1.177,-0.0424,-0.0459,-0.0524
1780080242427,2,12.00000018,Upper Delivery,Delivery,pitch.1,777047,0.077,-0.747,1.5601,-0.1172,-0.0135,0.3208,0.0,0.0
1780080242427,2,Pitching Mound.Delivery,,Delivery,pitch.1,775135,-0.1451,-0.9162,4.1892,-1.0969,1.1634,0.3801,0.0,0.0
1780080242427,2,Pitching Mound.Drive,,Delivery,pitch.1,776251,0.1008,-0.0276,-0.0123,0.003,0.0383,0.0034,0.0,0.0
1780080242427,2,Pitching Mound.Parent,,Delivery,pitch.1,774391,-0.0443,-0.9438,4.1769,-1.0939,1.2017,0.3835,0.0,0.0
1780080242428,2,11.0000004b,Drive,Delivery,pitch.1,776252,0.1035,-0.0281,0.0011,0.0054,0.0291,0.0033,0.0,0.0
1780080242428,2,12.00000015,Lower Delivery,Delivery,pitch.1,775761,-0.2494,-0.1794,2.5278,-1.2697,1.4628,-0.0067,-0.0593,-0.0515
1780080242428,2,12.00000018,Upper Delivery,Delivery,pitch.1,777048,0.079,-0.7594,1.5456,-0.1146,-0.0151,0.2917,0.0,0.0
1780080242428,2,Pitching Mound.Delivery,,Delivery,pitch.1,775136,-0.1704,-0.9388,4.0734,-1.0503,1.4477,0.3967,0.0,0.0
1780080242428,2,Pitching Mound.Drive,,Delivery,pitch.1,776252,0.1035,-0.0281,0.0011,0.0054,0.0291,0.0033,0.0,0.0
1780080242428,2,Pitching Mound.Parent,,Delivery,pitch.1,774392,-0.0669,-0.9669,4.0746,-1.045,1.4769,0.4,0.0,0.0
1780080242429,2,11.0000004b,Drive,Delivery,pitch.1,776253,0.1237,-0.0345,0.0344,0.0177,-0.0486,0.0019,0.0,0.0
1780080242429,2,12.00000015,Lower Delivery,Delivery,pitch.1,775762,-0.2694,-0.1902,2.5996,-1.1247,1.6916,0.0022,-0.0667,-0.0443
1780080242429,2,12.00000018,Upper Delivery,Delivery,pitch.1,777049,0.1,-0.7303,1.5495,-0.108,-0.0189,0.2181,0.0,0.0
1780080242429,2,Pitching Mound.Delivery,,Delivery,pitch.1,775137,-0.1694,-0.9204,4.1492,-0.8757,1.6727,0.3458,0.0,0.0
1780080242429,2,Pitching Mound.Drive,,Delivery,pitch.1,776253,0.1237,-0.0345,0.0344,0.0177,-0.0486,0.0019,0.0,0.0
1780080242429,2,Pitching Mound.Parent,,Delivery,pitch.1,774393,-0.0457,-0.9549,4.1836,-0.8579,1.6241,0.3477,0.0,0.0
1780080242430,2,11.0000004b,Drive,Delivery,pitch.1,776254,0.1251,-0.0366,-0.0151,0.0052,0.0302,0.0024,0.0,0.0
1780080242430,2,12.00000015,Lower Delivery,Delivery,pitch.1,775763,-0.2333,-0.1708,2.617,-1.429,1.5881,-0.0007,-0.0622,-0.056
1780080242430,2,12.00000018,Upper Delivery,Delivery,pitch.1,777050,0.1281,-0.6855,1.1186,-0.0961,-0.0259,0.0846,0.0,0.0
1780080242430,2,Pitching Mound.Delivery,,Delivery,pitch.1,775138,-0.1051,-0.8563,3.7356,-1.0156,1.5622,0.2067,0.0,0.0
1780080242430,2,Pitching Mound.Drive,,Delivery,pitch.1,776254,0.1251,-0.0366,-0.0151,0.0052,0.0302,0.0024,0.0,0.0
1780080242430,2,Pitching Mound.Parent,,Delivery,pitch.1,774394,0.0199,-0.8929,3.7205,-1.0104,1.5924,0.2091,0.0,0.0
1780080242431,2,11.0000004b,Drive,Delivery,pitch.1,776255,0.12,-0.0354,-0.0314,-0.0086,0.0433,0.0028,0.0,0.0
1780080242431,2,12.00000015,Lower Delivery,Delivery,pitch.1,775764,-0.2446,-0.1692,2.5823,-1.3991,1.6556,-0.0118,-0.0657,-0.0555
1780080242431,2,12.00000018,Upper Delivery,Delivery,pitch.1,777051,0.1148,-0.7151,1.2285,-0.1051,-0.0206,0.186,0.0,0.0
1780080242431,2,Pitching Mound.Delivery,,Delivery,pitch.1,775139,-0.1298,-0.8843,3.8108,-1.044,1.635,0.2963,0.0,0.0
1780080242431,2,Pitching Mound.Drive,,Delivery,pitch.1,776255,0.12,-0.0354,-0.0314,-0.0086,0.0433,0.0028,0.0,0.0
1780080242431,2,Pitching Mound.Parent,,Delivery,pitch.1,774395,-0.0098,-0.9198,3.7794,-1.0526,1.6783,0.2991,0.0,0.0
1780080242432,2,11.0000004b,Drive,Delivery,pitch.1,776256,0.1318,-0.0384,0.0054,0.0107,0.04,0.0047,0.0,0.0
1780080242432,2,12.00000015,Lower Delivery,Delivery,pitch.1,775765,-0.2338,-0.175,2.7314,-1.5584,1.7753,-0.0151,-0.0666,-0.0585
1780080242432,2,Pitching Mound.Drive,,Delivery,pitch.1,776256,0.1318,-0.0384,0.0054,0.0107,0.04,0.0047,0.0,0.0
1780080242433,2,11.0000004b,Drive,Delivery,pitch.1,776257,0.1269,-0.0372,-0.0117,0.011,0.0399,0.0048,0.0,0.0
1780080242433,2,12.00000015,Lower Delivery,Delivery,pitch.1,775766,-0.2577,-0.1972,2.6663,-1.7584,1.7594,-0.0477,-0.0676,-0.0676
1780080242433,2,12.00000018,Upper Delivery,Delivery,pitch.1,777052,0.0868,-0.7027,1.125,-0.1059,-0.0202,0.1941,0.0,0.0
1780080242433,2,Pitching Mound.Delivery,,Delivery,pitch.1,775140,-0.147,-0.8777,3.8564,-1.1181,1.7551,0.288,0.0,0.0
1780080242433,2,Pitching Mound.Drive,,Delivery,pitch.1,776257,0.1269,-0.0372,-0.0117,0.011,0.0399,0.0048,0.0,0.0
1780080242433,2,Pitching Mound.Parent,,Delivery,pitch.1,774396,-0.0152,-0.9161,3.8618,-1.1074,1.7951,0.2928,0.0,0.0
1780080242434,2,11.0000004b,Drive,Delivery,pitch.1,776258,0.1274,-0.0377,-0.0163,0.0073,0.0386,0.0047,0.0,0.0
1780080242434,2,12.00000015,Lower Delivery,Delivery,pitch.1,775767,-0.2685,-0.2168,2.5933,-1.7537,2.0857,-0.0374,-0.0824,-0.0693
1780080242434,2,12.00000018,Upper Delivery,Delivery,pitch.1,777054,0.1103,-0.7188,1.2169,-0.1046,-0.0209,0.1796,0.0,0.0
1780080242434,2,12.00000018,Upper Delivery,Delivery,pitch.1,777053,0.1124,-0.7219,1.0237,-0.1077,-0.0191,0.214,0.0,0.0
1780080242434,2,Pitching Mound.Delivery,,Delivery,pitch.1,775142,-0.1582,-0.9355,3.8102,-1.3903,2.0647,0.271,0.0,0.0
1780080242434,2,Pitching Mound.Delivery,,Delivery,pitch.1,775141,-0.1453,-0.9192,3.6901,-1.3076,1.7403,0.2921,0.0,0.0
1780080242434,2,Pitching Mound.Drive,,Delivery,pitch.1,776258,0.1274,-0.0377,-0.0163,0.0073,0.0386,0.0047,0.0,0.0
1780080242434,2,Pitching Mound.Parent,,Delivery,pitch.1,774398,-0.0308,-0.9732,3.7939,-1.383,2.1033,0.2758,0.0,0.0
1780080242434,2,Pitching Mound.Parent,,Delivery,pitch.1,774397,-0.0184,-0.9563,3.6784,-1.2966,1.7802,0.297,0.0,0.0
1780080242435,2,11.0000004b,Drive,Delivery,pitch.1,776259,0.1214,-0.0362,-0.0271,0.004,0.0323,0.0057,0.0,0.0
1780080242435,2,12.00000015,Lower Delivery,Delivery,pitch.1,775768,-0.2688,-0.2324,2.5235,-2.003,1.6966,-0.0552,-0.0689,-0.0814
1780080242435,2,Pitching Mound.Drive,,Delivery,pitch.1,776259,0.1214,-0.0362,-0.0271,0.004,0.0323,0.0057,0.0,0.0
1780080242436,2,11.0000004b,Drive,Delivery,pitch.1,776260,0.1186,-0.0338,-0.0005,0.0309,0.0298,0.007,0.0,0.0
1780080242436,2,12.00000015,Lower Delivery,Delivery,pitch.1,775769,-0.2586,-0.2243,2.6047,-2.0035,1.6249,-0.045,-0.0639,-0.0788
1780080242436,2,12.00000018,Upper Delivery,Delivery,pitch.1,777055,0.0901,-0.7419,1.328,-0.1114,-0.0169,0.2562,0.0,0.0
1780080242436,2,Pitching Mound.Delivery,,Delivery,pitch.1,775143,-0.1787,-0.9743,3.8515,-1.708,1.6797,0.3231,0.0,0.0
1780080242436,2,Pitching Mound.Drive,,Delivery,pitch.1,776260,0.1186,-0.0338,-0.0005,0.0309,0.0298,0.007,0.0,0.0
1780080242436,2,Pitching Mound.Parent,,Delivery,pitch.1,774399,-0.0573,-1.0105,3.8244,-1.704,1.712,0.3288,0.0,0.0
1780080242437,2,11.0000004b,Drive,Delivery,pitch.1,776261,0.1211,-0.0355,-0.0083,0.0233,0.0235,0.0075,0.0,0.0
1780080242437,2,12.00000015,Lower Delivery,Delivery,pitch.1,775770,-0.288,-0.2314,2.5739,-2.0462,1.3816,-0.0303,-0.055,-0.0815
1780080242437,2,12.00000018,Upper Delivery,Delivery,pitch.1,777056,0.0958,-0.723,1.4847,-0.1114,-0.0169,0.2561,0.0,0.0
1780080242437,2,12.00000018,Upper Delivery,Delivery,pitch.1,777057,0.0903,-0.7459,1.5535,-0.1104,-0.0176,0.2441,0.0,0.0
1780080242437,2,Pitching Mound.Delivery,,Delivery,pitch.1,775144,-0.1628,-0.9473,4.0894,-1.7341,1.608,0.3316,0.0,0.0
1780080242437,2,Pitching Mound.Delivery,,Delivery,pitch.1,775145,-0.1977,-0.9773,4.1275,-1.8096,1.364,0.3424,0.0,0.0
1780080242437,2,Pitching Mound.Drive,,Delivery,pitch.1,776261,0.1211,-0.0355,-0.0083,0.0233,0.0235,0.0075,0.0,0.0
1780080242437,2,Pitching Mound.Parent,,Delivery,pitch.1,774400,-0.0442,-0.981,4.0889,-1.7032,1.6377,0.3386,0.0,0.0
1780080242437,2,Pitching Mound.Parent,,Delivery,pitch.1,774401,-0.0767,-1.0129,4.1192,-1.7863,1.3876,0.3499,0.0,0.0
1780080242438,2,11.0000004b,Drive,Delivery,pitch.1,776262,0.1289,-0.037,0.0176,0.0122,0.0191,0.0083,0.0,0.0
1780080242438,2,12.00000015,Lower Delivery,Delivery,pitch.1,775771,-0.2924,-0.2621,2.4544,-2.0801,1.4184,-0.0296,-0.0592,-0.0869
1780080242438,2,12.00000018,Upper Delivery,Delivery,pitch.1,777058,0.0435,-0.769,1.5454,-0.114,-0.0155,0.2842,0.0,0.0
1780080242438,2,Pitching Mound.Delivery,,Delivery,pitch.1,775146,-0.2489,-1.0311,3.9998,-1.8851,1.4029,0.3689,0.0,0.0
1780080242438,2,Pitching Mound.Drive,,Delivery,pitch.1,776262,0.1289,-0.037,0.0176,0.0122,0.0191,0.0083,0.0,0.0
1780080242438,2,Pitching Mound.Parent,,Delivery,pitch.1,774402,-0.12,-1.068,4.0174,-1.8729,1.4221,0.3771,0.0,0.0
1780080242439,2,11.0000004b,Drive,Delivery,pitch.1,776263,0.1194,-0.0336,0.0229,0.0027,0.0094,0.0095,0.0,0.0
1780080242439,2,12.00000015,Lower Delivery,Delivery,pitch.1,775772,-0.2799,-0.2644,2.5152,-2.1006,1.3123,-0.056,-0.0535,-0.0856
1780080242439,2,12.00000018,Upper Delivery,Delivery,pitch.1,777059,0.0409,-0.7386,1.5136,-0.1158,-0.0144,0.3053,0.0,0.0
1780080242439,2,Pitching Mound.Delivery,,Delivery,pitch.1,775147,-0.239,-1.003,4.0289,-1.8759,1.298,0.3583,0.0,0.0
1780080242439,2,Pitching Mound.Drive,,Delivery,pitch.1,776263,0.1194,-0.0336,0.0229,0.0027,0.0094,0.0095,0.0,0.0
1780080242439,2,Pitching Mound.Parent,,Delivery,pitch.1,774403,-0.1196,-1.0366,4.0518,-1.8733,1.3074,0.3678,0.0,0.0
1780080242440,2,11.0000004b,Drive,Delivery,pitch.1,776264,0.1179,-0.0325,0.0327,0.0053,0.0101,0.0087,0.0,0.0
1780080242440,2,12.00000015,Lower Delivery,Delivery,pitch.1,775773,-0.3009,-0.2869,2.3637,-1.9069,1.6631,-0.0854,-0.0721,-0.0827
1780080242440,2,12.00000018,Upper Delivery,Delivery,pitch.1,777060,0.0355,-0.7282,1.5253,-0.1252,-0.0089,0.4093,0.0,0.0
1780080242440,2,Pitching Mound.Delivery,,Delivery,pitch.1,775148,-0.2654,-1.0151,3.889,-1.747,1.6542,0.4382,0.0,0.0
1780080242440,2,Pitching Mound.Drive,,Delivery,pitch.1,776264,0.1179,-0.0325,0.0327,0.0053,0.0101,0.0087,0.0,0.0
1780080242440,2,Pitching Mound.Parent,,Delivery,pitch.1,774404,-0.1475,-1.0476,3.9217,-1.7417,1.6643,0.4469,0.0,0.0
1780080242441,2,11.0000004b,Drive,Delivery,pitch.1,776265,0.1276,-0.035,0.0581,0.0024,0.0067,0.0095,0.0,0.0
1780080242441,2,12.00000015,Lower Delivery,Delivery,pitch.1,775774,-0.2976,-0.2714,2.4221,-1.9112,1.4214,-0.0624,-0.0602,-0.0809
1780080242441,2,12.00000018,Upper Delivery,Delivery,pitch.1,777061,0.0086,-0.7905,1.5269,-0.1239,-0.0097,0.3953,0.0,0.0
1780080242441,2,Pitching Mound.Delivery,,Delivery,pitch.1,775149,-0.289,-1.0619,3.949,-1.7308,1.4118,0.437,0.0,0.0
1780080242441,2,Pitching Mound.Drive,,Delivery,pitch.1,776265,0.1276,-0.035,0.0581,0.0024,0.0067,0.0095,0.0,0.0
1780080242441,2,Pitching Mound.Parent,,Delivery,pitch.1,774405,-0.1614,-1.0969,4.007,-1.7284,1.4184,0.4465,0.0,0.0
1780080242442,2,11.0000004b,Drive,Delivery,pitch.1,776266,0.1186,-0.032,0.053,0.0031,0.0035,0.0097,0.0,0.0
1780080242442,2,12.00000015,Lower Delivery,Delivery,pitch.1,775775,-0.2937,-0.2571,2.4728,-1.8889,1.0642,-0.0463,-0.0441,-0.0783
1780080242442,2,12.00000018,Upper Delivery,Delivery,pitch.1,777062,0.0227,-0.7645,1.6424,-0.1185,-0.0128,0.3344,0.0,0.0
1780080242442,2,Pitching Mound.Delivery,,Delivery,pitch.1,775150,-0.271,-1.0216,4.1152,-1.725,1.0513,0.3956,0.0,0.0
1780080242442,2,Pitching Mound.Drive,,Delivery,pitch.1,776266,0.1186,-0.032,0.053,0.0031,0.0035,0.0097,0.0,0.0
1780080242442,2,Pitching Mound.Parent,,Delivery,pitch.1,774406,-0.1524,-1.0535,4.1682,-1.722,1.0549,0.4054,0.0,0.0
1780080242443,2,11.0000004b,Drive,Delivery,pitch.1,776267,0.113,-0.0307,0.0386,0.0023,0.0043,0.0105,0.0,0.0
1780080242443,2,12.00000015,Lower Delivery,Delivery,pitch.1,775776,-0.2816,-0.2798,2.2963,-2.1932,0.766,-0.0496,-0.0342,-0.0979
1780080242443,2,12.00000018,Upper Delivery,Delivery,pitch.1,777063,0.0423,-0.78,1.8301,-0.1166,-0.0139,0.3132,0.0,0.0
1780080242443,2,Pitching Mound.Delivery,,Delivery,pitch.1,775151,-0.2393,-1.0597,4.1264,-2.1512,0.7521,0.3737,0.0,0.0
1780080242443,2,Pitching Mound.Drive,,Delivery,pitch.1,776267,0.113,-0.0307,0.0386,0.0023,0.0043,0.0105,0.0,0.0
1780080242443,2,Pitching Mound.Parent,,Delivery,pitch.1,774407,-0.1263,-1.0904,4.1649,-2.149,0.7564,0.3842,0.0,0.0
1780080242444,2,11.0000004b,Drive,Delivery,pitch.1,776268,0.1123,-0.0296,0.0601,0.0024,0.0024,0.0102,0.0,0.0
1780080242444,2,12.00000015,Lower Delivery,Delivery,pitch.1,775777,-0.2599,-0.2537,2.3012,-2.2007,0.8951,-0.0399,-0.0399,-0.098
1780080242444,2,12.00000018,Upper Delivery,Delivery,pitch.1,777064,0.0157,-0.7818,1.9899,-0.1143,-0.0152,0.2886,0.0,0.0
1780080242444,2,Pitching Mound.Delivery,,Delivery,pitch.1,775152,-0.2441,-1.0355,4.2911,-2.2092,0.8799,0.3424,0.0,0.0
1780080242444,2,Pitching Mound.Drive,,Delivery,pitch.1,776268,0.1123,-0.0296,0.0601,0.0024,0.0024,0.0102,0.0,0.0
1780080242444,2,Pitching Mound.Parent,,Delivery,pitch.1,774408,-0.1318,-1.065,4.3512,-2.2068,0.8823,0.3526,0.0,0.0
1780080242445,2,11.0000004b,Drive,Delivery,pitch.1,776269,0.1012,-0.0249,0.074,0.0022,0.0023,0.0094,0.0,0.0
1780080242445,2,12.00000015,Lower Delivery,Delivery,pitch.1,775778,-0.2337,-0.2202,2.366,-2.6146,0.7129,-0.0419,-0.0309,-0.1133
1780080242445,2,12.00000018,Upper Delivery,Delivery,pitch.1,777065,0.0206,-0.7391,1.9373,-0.1142,-0.0153,0.2866,0.0,0.0
1780080242445,2,Pitching Mound.Delivery,,Delivery,pitch.1,775153,-0.2131,-0.9593,4.3033,-2.583,0.6975,0.3312,0.0,0.0
1780080242445,2,Pitching Mound.Drive,,Delivery,pitch.1,776269,0.1012,-0.0249,0.074,0.0022,0.0023,0.0094,0.0,0.0
1780080242445,2,Pitching Mound.Parent,,Delivery,pitch.1,774409,-0.1119,-0.9842,4.3774,-2.5808,0.6999,0.3405,0.0,0.0
1780080242446,2,11.0000004b,Drive,Delivery,pitch.1,776270,0.1174,-0.0312,0.0697,0.0023,0.0028,0.009,0.0,0.0
1780080242446,2,12.00000015,Lower Delivery,Delivery,pitch.1,775779,-0.2383,-0.2279,2.2319,-2.4672,0.6216,-0.0722,0.0,0.0
1780080242446,2,12.00000018,Upper Delivery,Delivery,pitch.1,777066,0.0121,-0.8026,1.7921,-0.117,-0.0137,0.3177,0.0,0.0
1780080242446,2,Pitching Mound.Delivery,,Delivery,pitch.1,775154,-0.2262,-1.0305,4.024,-2.4347,0.6079,0.3306,0.0,0.0
1780080242446,2,Pitching Mound.Drive,,Delivery,pitch.1,776270,0.1174,-0.0312,0.0697,0.0023,0.0028,0.009,0.0,0.0
1780080242446,2,Pitching Mound.Parent,,Delivery,pitch.1,774410,-0.1087,-1.0617,4.0936,-2.4324,0.6108,0.3395,0.0,0.0
1780080242447,2,11.0000004b,Drive,Delivery,pitch.1,776271,0.1081,-0.0279,0.0676,0.0027,0.0058,0.0081,0.0,0.0
1780080242447,2,12.00000015,Lower Delivery,Delivery,pitch.1,775780,-0.1904,-0.1966,2.2782,-2.629,0.4943,-0.0876,0.0,0.0
1780080242447,2,12.00000018,Upper Delivery,Delivery,pitch.1,777067,0.0018,-0.8339,1.7154,-0.1135,-0.0157,0.2793,0.0,0.0
1780080242447,2,Pitching Mound.Delivery,,Delivery,pitch.1,775155,-0.1886,-1.0304,3.9936,-2.5512,0.4786,0.257,0.0,0.0
1780080242447,2,Pitching Mound.Drive,,Delivery,pitch.1,776271,0.1081,-0.0279,0.0676,0.0027,0.0058,0.0081,0.0,0.0
1780080242447,2,Pitching Mound.Parent,,Delivery,pitch.1,774411,-0.0805,-1.0584,4.0612,-2.5485,0.4844,0.2652,0.0,0.0
1780080242448,2,11.0000004b,Drive,Delivery,pitch.1,776272,0.0881,-0.0213,0.0503,0.0033,0.0045,0.0075,0.0,0.0
1780080242448,2,12.00000015,Lower Delivery,Delivery,pitch.1,775781,-0.1862,-0.1793,2.2938,-2.7204,0.3283,-0.0958,-0.0147,-0.1216
1780080242448,2,12.00000018,Upper Delivery,Delivery,pitch.1,777068,0.0019,-0.8308,1.7719,-0.1142,-0.0153,0.2864,0.0,0.0
1780080242448,2,Pitching Mound.Delivery,,Delivery,pitch.1,775156,-0.1843,-1.0101,4.0657,-2.6571,0.313,0.2545,0.0,0.0
1780080242448,2,Pitching Mound.Drive,,Delivery,pitch.1,776272,0.0881,-0.0213,0.0503,0.0033,0.0045,0.0075,0.0,0.0
1780080242448,2,Pitching Mound.Parent,,Delivery,pitch.1,774412,-0.0961,-1.0314,4.1159,-2.6538,0.3175,0.262,0.0,0.0
1780080242449,2,11.0000004b,Drive,Delivery,pitch.1,776273,0.0828,-0.0196,0.0421,0.0037,0.0019,0.0073,0.0,0.0
1780080242449,2,12.00000015,Lower Delivery,Delivery,pitch.1,775782,-0.1842,-0.1532,2.4255,-2.668,0.4196,-0.1137,-0.0177,-0.1127
1780080242449,2,Pitching Mound.Drive,,Delivery,pitch.1,776273,0.0828,-0.0196,0.0421,0.0037,0.0019,0.0073,0.0,0.0
1780080242450,2,11.0000004b,Drive,Delivery,pitch.1,776274,0.0761,-0.0175,0.0395,0.0044,0.0034,0.0072,0.0,0.0
1780080242450,2,12.00000015,Lower Delivery,Delivery,pitch.1,775783,-0.1962,-0.1631,2.4911,-2.875,0.2977,-0.0991,-0.0122,-0.1183
1780080242450,2,12.00000018,Upper Delivery,Delivery,pitch.1,777069,0.0189,-0.8349,1.7503,-0.1068,-0.0196,0.204,0.0,0.0
1780080242450,2,12.00000018,Upper Delivery,Delivery,pitch.1,777070,0.0473,-0.7997,1.6494,-0.1082,-0.0188,0.2195,0.0,0.0
1780080242450,2,Pitching Mound.Delivery,,Delivery,pitch.1,775157,-0.1653,-0.9881,4.1758,-2.5452,0.4,0.1593,0.0,0.0
1780080242450,2,Pitching Mound.Delivery,,Delivery,pitch.1,775158,-0.1489,-0.9628,4.1405,-2.697,0.2788,0.2032,0.0,0.0
1780080242450,2,Pitching Mound.Drive,,Delivery,pitch.1,776274,0.0761,-0.0175,0.0395,0.0044,0.0034,0.0072,0.0,0.0
1780080242450,2,Pitching Mound.Parent,,Delivery,pitch.1,774413,-0.0826,-1.0077,4.2179,-2.5415,0.4019,0.1666,0.0,0.0
1780080242450,2,Pitching Mound.Parent,,Delivery,pitch.1,774414,-0.0728,-0.9803,4.18,-2.6926,0.2822,0.2104,0.0,0.0
1780080242451,2,11.0000004b,Drive,Delivery,pitch.1,776275,0.0748,-0.0178,0.02,0.0041,0.0039,0.0077,0.0,0.0
1780080242451,2,12.00000015,Lower Delivery,Delivery,pitch.1,775784,-0.2112,-0.1731,2.4534,-2.657,0.3524,-0.0757,-0.0147,-0.111
1780080242451,2,12.00000018,Upper Delivery,Delivery,pitch.1,777071,0.0248,-0.8408,1.7635,-0.1095,-0.018,0.2347,0.0,0.0
1780080242451,2,Pitching Mound.Delivery,,Delivery,pitch.1,775159,-0.1864,-1.0139,4.2169,-2.5319,0.3343,0.2391,0.0,0.0
1780080242451,2,Pitching Mound.Drive,,Delivery,pitch.1,776275,0.0748,-0.0178,0.02,0.0041,0.0039,0.0077,0.0,0.0
1780080242451,2,Pitching Mound.Parent,,Delivery,pitch.1,774415,-0.1116,-1.0316,4.2369,-2.5278,0.3383,0.2468,0.0,0.0
1780080242452,2,11.0000004b,Drive,Delivery,pitch.1,776276,0.075,-0.0176,0.0348,0.004,0.0043,0.0073,0.0,0.0
1780080242452,2,12.00000015,Lower Delivery,Delivery,pitch.1,775785,-0.2216,-0.1817,2.5638,-2.1326,0.6373,-0.0536,-0.0255,-0.0853
1780080242452,2,12.00000018,Upper Delivery,Delivery,pitch.1,777072,0.0316,-0.8093,1.7284,-0.11,-0.0178,0.2397,0.0,0.0
1780080242452,2,Pitching Mound.Delivery,,Delivery,pitch.1,775160,-0.19,-0.991,4.2922,-1.9586,0.6195,0.2723,0.0,0.0
1780080242452,2,Pitching Mound.Drive,,Delivery,pitch.1,776276,0.075,-0.0176,0.0348,0.004,0.0043,0.0073,0.0,0.0
1780080242452,2,Pitching Mound.Parent,,Delivery,pitch.1,774416,-0.1149,-1.0085,4.3271,-1.9546,0.6239,0.2795,0.0,0.0
1780080242453,2,11.0000004b,Drive,Delivery,pitch.1,776277,0.0791,-0.0196,0.0207,0.0036,0.0044,0.0078,0.0,0.0
1780080242453,2,12.00000015,Lower Delivery,Delivery,pitch.1,775786,-0.22,-0.181,2.6089,-2.1591,0.7659,-0.0539,-0.0301,-0.0848
1780080242453,2,12.00000018,Upper Delivery,Delivery,pitch.1,777073,0.0268,-0.7974,1.7769,-0.1124,-0.0164,0.267,0.0,0.0
1780080242453,2,Pitching Mound.Delivery,,Delivery,pitch.1,775161,-0.1931,-0.9784,4.3858,-1.9887,0.7496,0.297,0.0,0.0
1780080242453,2,Pitching Mound.Drive,,Delivery,pitch.1,776277,0.0791,-0.0196,0.0207,0.0036,0.0044,0.0078,0.0,0.0
1780080242453,2,Pitching Mound.Parent,,Delivery,pitch.1,774417,-0.1141,-0.998,4.4065,-1.9851,0.754,0.3048,0.0,0.0
1780080242454,2,11.0000004b,Drive,Delivery,pitch.1,776278,0.0655,-0.0154,0.0044,0.004,0.0036,0.0085,0.0,0.0
1780080242454,2,12.00000015,Lower Delivery,Delivery,pitch.1,775787,-0.1933,-0.1489,2.797,-2.0973,0.7687,-0.0409,-0.0282,-0.0769
1780080242454,2,12.00000018,Upper Delivery,Delivery,pitch.1,777074,0.0291,-0.8011,1.5788,-0.1209,-0.0114,0.3617,0.0,0.0
1780080242454,2,Pitching Mound.Delivery,,Delivery,pitch.1,775162,-0.1642,-0.95,4.3758,-1.804,0.7573,0.3964,0.0,0.0
1780080242454,2,Pitching Mound.Drive,,Delivery,pitch.1,776278,0.0655,-0.0154,0.0044,0.004,0.0036,0.0085,0.0,0.0
1780080242454,2,Pitching Mound.Parent,,Delivery,pitch.1,774418,-0.0987,-0.9653,4.3802,-1.8,0.7609,0.4049,0.0,0.0
1780080242455,2,11.0000004b,Drive,Delivery,pitch.1,776279,0.0779,-0.02,0.0024,0.0034,0.0041,0.0092,0.0,0.0
1780080242455,2,12.00000015,Lower Delivery,Delivery,pitch.1,775788,-0.2036,-0.1333,2.9188,-1.9688,1.1013,-0.0489,-0.0387,-0.0691
1780080242455,2,12.00000018,Upper Delivery,Delivery,pitch.1,777075,0.0206,-0.8226,1.555,-0.1226,-0.0104,0.3807,0.0,0.0
1780080242455,2,Pitching Mound.Delivery,,Delivery,pitch.1,775163,-0.1829,-0.9559,4.4738,-1.6277,1.0908,0.408,0.0,0.0
1780080242455,2,Pitching Mound.Drive,,Delivery,pitch.1,776279,0.0779,-0.02,0.0024,0.0034,0.0041,0.0092,0.0,0.0
1780080242455,2,Pitching Mound.Parent,,Delivery,pitch.1,774419,-0.105,-0.9759,4.4762,-1.6244,1.095,0.4172,0.0,0.0
1780080242456,2,11.0000004b,Drive,Delivery,pitch.1,776280,0.1277,-0.0374,0.0306,0.0049,0.0034,0.0086,0.0,0.0
1780080242456,2,12.00000015,Lower Delivery,Delivery,pitch.1,775789,-0.1773,-0.1359,2.849,-1.8399,1.1712,-0.0439,-0.0421,-0.0662
1780080242456,2,12.00000018,Upper Delivery,Delivery,pitch.1,777076,0.0064,-0.8618,1.3177,-0.1289,-0.0068,0.4507,0.0,0.0
1780080242456,2,Pitching Mound.Delivery,,Delivery,pitch.1,775164,-0.1709,-0.9977,4.1667,-1.4481,1.1645,0.4692,0.0,0.0
1780080242456,2,Pitching Mound.Drive,,Delivery,pitch.1,776280,0.1277,-0.0374,0.0306,0.0049,0.0034,0.0086,0.0,0.0
1780080242456,2,Pitching Mound.Parent,,Delivery,pitch.1,774420,-0.0432,-1.0351,4.1973,-1.4432,1.1679,0.4779,0.0,0.0
1780080242457,2,11.0000004b,Drive,Delivery,pitch.1,776281,0.1357,-0.0395,0.0521,0.0041,0.0012,0.0087,0.0,0.0
1780080242457,2,12.00000015,Lower Delivery,Delivery,pitch.1,775790,-0.16,-0.1235,2.9406,-1.8608,1.2082,-0.0207,-0.0421,-0.0649
1780080242457,2,12.00000018,Upper Delivery,Delivery,pitch.1,777077,0.0316,-0.8174,1.3983,-0.1238,-0.0097,0.3944,0.0,0.0
1780080242457,2,Pitching Mound.Delivery,,Delivery,pitch.1,775165,-0.1284,-0.9409,4.339,-1.4603,1.1985,0.4389,0.0,0.0
1780080242457,2,Pitching Mound.Drive,,Delivery,pitch.1,776281,0.1357,-0.0395,0.0521,0.0041,0.0012,0.0087,0.0,0.0
1780080242457,2,Pitching Mound.Parent,,Delivery,pitch.1,774421,0.0073,-0.9803,4.3911,-1.4562,1.1996,0.4476,0.0,0.0
1780080242458,2,11.0000004b,Drive,Delivery,pitch.1,776282,0.1644,-0.0493,0.0692,0.0035,0.0028,0.0093,0.0,0.0
1780080242458,2,12.00000015,Lower Delivery,Delivery,pitch.1,775791,-0.1516,-0.1026,3.0106,-1.8994,1.2029,-0.0112,-0.041,-0.0647
1780080242458,2,12.00000018,Upper Delivery,Delivery,pitch.1,777078,0.0657,-0.8261,1.6558,-0.1155,-0.0146,0.301,0.0,0.0
1780080242458,2,Pitching Mound.Delivery,,Delivery,pitch.1,775166,-0.0859,-0.9286,4.6665,-1.5543,1.1884,0.3637,0.0,0.0
1780080242458,2,Pitching Mound.Drive,,Delivery,pitch.1,776282,0.1644,-0.0493,0.0692,0.0035,0.0028,0.0093,0.0,0.0
1780080242458,2,Pitching Mound.Parent,,Delivery,pitch.1,774422,0.0785,-0.978,4.7357,-1.5507,1.1912,0.3729,0.0,0.0
1780080242459,2,11.0000004b,Drive,Delivery,pitch.1,776283,0.1646,-0.0491,0.0724,0.0035,0.0045,0.0094,0.0,0.0
1780080242459,2,12.00000015,Lower Delivery,Delivery,pitch.1,775792,-0.1405,-0.1047,2.7835,-1.8672,0.8741,-0.0111,-0.0322,-0.0688
1780080242459,2,Pitching Mound.Delivery,,Delivery,pitch.1,775167,-0.0827,-0.9233,4.3927,-1.5824,0.8589,0.3467,0.0,0.0
1780080242459,2,Pitching Mound.Drive,,Delivery,pitch.1,776283,0.1646,-0.0491,0.0724,0.0035,0.0045,0.0094,0.0,0.0
1780080242459,2,Pitching Mound.Parent,,Delivery,pitch.1,774423,0.0819,-0.9724,4.4652,-1.5789,0.8634,0.3562,0.0,0.0
