Time (Unix ms),Phase,Device Id,Position Id,Phase Name,Capture Phase Id,Record Id,Fx,Fy,Fz,Mx,My,Mz,COPx,COPy
1779816504517,1,12.00000018,Upper Delivery,Loading,pitch.0,333651,1.0915,0.7373,0.4421,0.9502,-1.0393,1.7996,0.0,0.0
1779816504517,1,Pitching Mound.Parent,,Loading,pitch.0,332568,-0.9246,6.2034,61.4895,45.1206,26.9925,6.4205,-0.0484,0.0787
1779816504518,1,11.0000004b,Drive,Loading,pitch.0,333368,-1.7732,6.1333,59.7061,43.7856,27.8357,4.2072,-0.0495,0.0779
1779816504518,1,12.00000015,Lower Delivery,Loading,pitch.0,333097,-0.2519,-0.6709,0.9002,-0.0844,0.0009,-0.0055,0.0,0.0
1779816504518,1,12.00000018,Upper Delivery,Loading,pitch.0,333652,1.1107,0.749,0.4376,1.1358,-0.9709,1.7807,0.0,0.0
1779816504518,1,Pitching Mound.Delivery,,Loading,pitch.0,332861,0.8588,0.0782,1.3378,1.2087,-0.97,2.2385,0.0,0.0
1779816504518,1,Pitching Mound.Drive,,Loading,pitch.0,333368,-1.7732,6.1333,59.7061,43.7856,27.8357,4.2072,-0.0495,0.0779
1779816504518,1,Pitching Mound.Parent,,Loading,pitch.0,332569,-0.9196,6.247,61.3399,45.1708,26.8143,6.4327,-0.0481,0.0787
1779816504519,1,11.0000004b,Drive,Loading,pitch.0,333369,-1.765,6.1216,59.5789,43.639,27.6486,4.2061,-0.0493,0.0778
1779816504519,1,12.00000015,Lower Delivery,Loading,pitch.0,333098,-0.2633,-0.6787,0.9323,-0.0766,0.0014,-0.0086,0.0,0.0
1779816504519,1,12.00000018,Upper Delivery,Loading,pitch.0,333653,1.1232,0.7717,0.4228,1.0897,-0.8063,1.7196,0.0,0.0
1779816504519,1,Pitching Mound.Delivery,,Loading,pitch.0,332862,0.8598,0.093,1.3551,1.1863,-0.8049,2.1824,0.0,0.0
1779816504519,1,Pitching Mound.Drive,,Loading,pitch.0,333369,-1.765,6.1216,59.5789,43.639,27.6486,4.2061,-0.0493,0.0778
1779816504519,1,Pitching Mound.Parent,,Loading,pitch.0,332570,-0.9134,6.2263,61.0613,44.9719,27.0308,6.3896,-0.0484,0.079
1779816504520,1,11.0000004b,Drive,Loading,pitch.0,333370,-1.7621,6.1084,59.4514,43.5769,27.5932,4.2046,-0.0493,0.0778
1779816504520,1,12.00000015,Lower Delivery,Loading,pitch.0,333099,-0.2756,-0.6981,0.8647,-0.0667,0.0029,0.0028,0.0,0.0
1779816504520,1,12.00000018,Upper Delivery,Loading,pitch.0,333654,1.1114,0.7199,0.4627,1.2924,-1.0578,1.7798,0.0,0.0
1779816504520,1,Pitching Mound.Delivery,,Loading,pitch.0,332863,0.8358,0.0218,1.3274,1.3623,-1.0549,2.2542,0.0,0.0
1779816504520,1,Pitching Mound.Drive,,Loading,pitch.0,333370,-1.7621,6.1084,59.4514,43.5769,27.5932,4.2046,-0.0493,0.0778
1779816504520,1,Pitching Mound.Parent,,Loading,pitch.0,332571,-0.9292,6.1434,60.9063,45.0014,26.5937,6.4603,-0.0482,0.0783
1779816504521,1,11.0000004b,Drive,Loading,pitch.0,333371,-1.7696,6.0877,59.2205,43.578,27.5456,4.2116,-0.0494,0.0781
1779816504521,1,12.00000015,Lower Delivery,Loading,pitch.0,333100,-0.2638,-0.7069,0.8241,-0.0681,-0.0038,-0.0021,0.0,0.0
1779816504521,1,12.00000018,Upper Delivery,Loading,pitch.0,333655,1.1191,0.7773,0.4028,1.1923,-0.6867,1.7809,0.0,0.0
1779816504521,1,Pitching Mound.Delivery,,Loading,pitch.0,332864,0.8554,0.0704,1.2269,1.2674,-0.6905,2.249,0.0,0.0
1779816504521,1,Pitching Mound.Drive,,Loading,pitch.0,333371,-1.7696,6.0877,59.2205,43.578,27.5456,4.2116,-0.0494,0.0781
1779816504521,1,Pitching Mound.Parent,,Loading,pitch.0,332572,-0.9142,6.1581,60.4475,44.8454,26.8551,6.4606,-0.0484,0.0789
1779816504522,1,11.0000004b,Drive,Loading,pitch.0,333372,-1.7625,6.0518,59.105,43.3969,27.3646,4.2602,-0.0492,0.0779
1779816504522,1,12.00000015,Lower Delivery,Loading,pitch.0,333101,-0.2619,-0.6575,0.7586,-0.0802,-0.0117,-0.0173,0.0,0.0
1779816504522,1,12.00000018,Upper Delivery,Loading,pitch.0,333656,1.1545,0.8104,0.3402,1.19,-0.6095,1.7903,0.0,0.0
1779816504522,1,Pitching Mound.Delivery,,Loading,pitch.0,332865,0.8926,0.153,1.0988,1.252,-0.6212,2.2547,0.0,0.0
1779816504522,1,Pitching Mound.Drive,,Loading,pitch.0,333372,-1.7625,6.0518,59.105,43.3969,27.3646,4.2602,-0.0492,0.0779
1779816504522,1,Pitching Mound.Parent,,Loading,pitch.0,332573,-0.8699,6.2047,60.2038,44.649,26.7434,6.5149,-0.0483,0.0789
1779816504523,1,11.0000004b,Drive,Loading,pitch.0,333373,-1.7567,6.038,59.0505,43.1959,27.2973,4.2725,-0.0491,0.0777
1779816504523,1,12.00000015,Lower Delivery,Loading,pitch.0,333102,-0.2596,-0.6631,0.8102,-0.0845,-0.0209,-0.0178,0.0,0.0
1779816504523,1,12.00000018,Upper Delivery,Loading,pitch.0,333657,1.1722,0.8534,0.3207,1.097,-0.5384,1.7699,0.0,0.0
1779816504523,1,Pitching Mound.Delivery,,Loading,pitch.0,332866,0.9126,0.1902,1.1309,1.179,-0.5592,2.2389,0.0,0.0
1779816504523,1,Pitching Mound.Drive,,Loading,pitch.0,333373,-1.7567,6.038,59.0505,43.1959,27.2973,4.2725,-0.0491,0.0777
1779816504523,1,Pitching Mound.Parent,,Loading,pitch.0,332574,-0.8441,6.2282,60.1814,44.3748,26.738,6.5114,-0.0482,0.079
1779816504524,1,11.0000004b,Drive,Loading,pitch.0,333374,-1.7688,6.0205,58.896,43.0945,27.1498,4.2498,-0.0489,0.0777
1779816504524,1,12.00000015,Lower Delivery,Loading,pitch.0,333103,-0.2581,-0.6768,0.7945,-0.0934,-0.025,-0.0146,0.0,0.0
1779816504524,1,12.00000018,Upper Delivery,Loading,pitch.0,333658,1.1774,0.8407,0.3529,1.2798,-0.7386,1.73,0.0,0.0
1779816504524,1,Pitching Mound.Delivery,,Loading,pitch.0,332867,0.9193,0.1639,1.1473,1.3365,-0.7636,2.2035,0.0,0.0
1779816504524,1,Pitching Mound.Drive,,Loading,pitch.0,333374,-1.7688,6.0205,58.896,43.0945,27.1498,4.2498,-0.0489,0.0777
1779816504524,1,Pitching Mound.Parent,,Loading,pitch.0,332575,-0.8495,6.1844,60.0434,44.4311,26.3862,6.4533,-0.048,0.0787
1779816504525,1,11.0000004b,Drive,Loading,pitch.0,333375,-1.7606,6.0023,58.7987,43.0383,26.9475,4.2925,-0.0487,0.0777
1779816504525,1,12.00000015,Lower Delivery,Loading,pitch.0,333104,-0.2581,-0.6798,0.7845,-0.0963,-0.0213,-0.0144,0.0,0.0
1779816504525,1,12.00000018,Upper Delivery,Loading,pitch.0,333659,1.1558,0.8405,0.3954,1.2597,-0.7293,1.7009,0.0,0.0
1779816504525,1,Pitching Mound.Delivery,,Loading,pitch.0,332868,0.8976,0.1607,1.1799,1.2957,-0.7506,2.1673,0.0,0.0
1779816504525,1,Pitching Mound.Drive,,Loading,pitch.0,333375,-1.7606,6.0023,58.7987,43.0383,26.9475,4.2925,-0.0487,0.0777
1779816504525,1,Pitching Mound.Parent,,Loading,pitch.0,332576,-0.8629,6.1629,59.9786,44.334,26.1969,6.4598,-0.0477,0.0784
1779816504526,1,11.0000004b,Drive,Loading,pitch.0,333376,-1.7613,5.9939,58.6549,42.9202,26.8516,4.297,-0.0486,0.0777
1779816504526,1,12.00000015,Lower Delivery,Loading,pitch.0,333105,-0.2642,-0.6992,0.7716,-0.0909,-0.0168,-0.0095,0.0,0.0
1779816504526,1,12.00000018,Upper Delivery,Loading,pitch.0,333660,1.1558,0.8418,0.3893,1.2456,-0.7156,1.6586,0.0,0.0
1779816504526,1,Pitching Mound.Delivery,,Loading,pitch.0,332869,0.8916,0.1426,1.1609,1.2847,-0.7324,2.1319,0.0,0.0
1779816504526,1,Pitching Mound.Drive,,Loading,pitch.0,333376,-1.7613,5.9939,58.6549,42.9202,26.8516,4.297,-0.0486,0.0777
1779816504526,1,Pitching Mound.Parent,,Loading,pitch.0,332577,-0.8696,6.1365,59.8158,44.2049,26.1192,6.4288,-0.0477,0.0783
1779816504527,1,11.0000004b,Drive,Loading,pitch.0,333377,-1.751,5.9766,58.6367,42.8463,26.6442,4.3253,-0.0482,0.0776
1779816504527,1,12.00000015,Lower Delivery,Loading,pitch.0,333106,-0.2505,-0.6865,0.7084,-0.0794,-0.0172,-0.0059,0.0,0.0
1779816504527,1,12.00000018,Upper Delivery,Loading,pitch.0,333661,1.1069,0.8147,0.4262,1.297,-0.6865,1.6878,0.0,0.0
1779816504527,1,Pitching Mound.Delivery,,Loading,pitch.0,332870,0.8564,0.1281,1.1346,1.3136,-0.7037,2.1434,0.0,0.0
1779816504527,1,Pitching Mound.Drive,,Loading,pitch.0,333377,-1.751,5.9766,58.6367,42.8463,26.6442,4.3253,-0.0482,0.0776
1779816504527,1,Pitching Mound.Parent,,Loading,pitch.0,332578,-0.8946,6.1047,59.7713,44.1599,25.9405,6.4687,-0.0473,0.0777
1779816504528,1,11.0000004b,Drive,Loading,pitch.0,333378,-1.7444,5.9614,58.5704,42.8525,26.6657,4.3527,-0.0483,0.0777
1779816504528,1,12.00000015,Lower Delivery,Loading,pitch.0,333107,-0.2656,-0.6844,0.7165,-0.0729,-0.0085,0.0058,0.0,0.0
1779816504528,1,12.00000018,Upper Delivery,Loading,pitch.0,333662,1.1074,0.8723,0.3949,1.1231,-0.5577,1.7115,0.0,0.0
1779816504528,1,Pitching Mound.Delivery,,Loading,pitch.0,332871,0.8419,0.1878,1.1114,1.1596,-0.5661,2.1841,0.0,0.0
1779816504528,1,Pitching Mound.Drive,,Loading,pitch.0,333378,-1.7444,5.9614,58.5704,42.8525,26.6657,4.3527,-0.0483,0.0777
1779816504528,1,Pitching Mound.Parent,,Loading,pitch.0,332579,-0.9025,6.1493,59.6818,44.012,26.0995,6.5368,-0.0474,0.0781
1779816504529,1,11.0000004b,Drive,Loading,pitch.0,333379,-1.7355,5.954,58.5054,42.8065,26.4778,4.321,-0.048,0.0777
1779816504529,1,12.00000015,Lower Delivery,Loading,pitch.0,333108,-0.2641,-0.6651,0.674,-0.0706,-0.0077,0.0069,0.0,0.0
1779816504529,1,12.00000018,Upper Delivery,Loading,pitch.0,333663,1.0884,0.851,0.4445,1.0209,-0.5065,1.7171,0.0,0.0
1779816504529,1,Pitching Mound.Delivery,,Loading,pitch.0,332872,0.8243,0.1859,1.1185,1.0284,-0.5142,2.1839,0.0,0.0
1779816504529,1,Pitching Mound.Drive,,Loading,pitch.0,333379,-1.7355,5.954,58.5054,42.8065,26.4778,4.321,-0.048,0.0777
1779816504529,1,Pitching Mound.Parent,,Loading,pitch.0,332580,-0.9113,6.1399,59.6239,43.8349,25.9636,6.5049,-0.0471,0.0775
1779816504530,1,11.0000004b,Drive,Loading,pitch.0,333380,-1.7442,5.935,58.3006,42.6972,26.4025,4.3137,-0.0481,0.0777
1779816504530,1,12.00000015,Lower Delivery,Loading,pitch.0,333109,-0.2655,-0.6855,0.7379,-0.0671,-0.0098,0.0078,0.0,0.0
1779816504530,1,12.00000018,Upper Delivery,Loading,pitch.0,333664,1.0965,0.8313,0.4551,1.1856,-0.5085,1.7172,0.0,0.0
1779816504530,1,Pitching Mound.Delivery,,Loading,pitch.0,332873,0.831,0.1458,1.193,1.2146,-0.5184,2.188,0.0,0.0
1779816504530,1,Pitching Mound.Drive,,Loading,pitch.0,333380,-1.7442,5.935,58.3006,42.6972,26.4025,4.3137,-0.0481,0.0777
1779816504530,1,Pitching Mound.Parent,,Loading,pitch.0,332581,-0.9131,6.0808,59.4936,43.9118,25.8842,6.5017,-0.0471,0.0778
1779816504531,1,11.0000004b,Drive,Loading,pitch.0,333381,-1.7397,5.9203,58.1509,42.6639,26.4054,4.3312,-0.0482,0.0779
1779816504531,1,12.00000015,Lower Delivery,Loading,pitch.0,333110,-0.2838,-0.6995,0.7398,-0.0643,-0.0068,0.0058,0.0,0.0
1779816504531,1,12.00000018,Upper Delivery,Loading,pitch.0,333665,1.0843,0.8123,0.4546,1.0439,-0.4157,1.6558,0.0,0.0
1779816504531,1,Pitching Mound.Delivery,,Loading,pitch.0,332874,0.8004,0.1128,1.1944,1.0766,-0.4225,2.1268,0.0,0.0
1779816504531,1,Pitching Mound.Drive,,Loading,pitch.0,333381,-1.7397,5.9203,58.1509,42.6639,26.4054,4.3312,-0.0482,0.0779
1779816504531,1,Pitching Mound.Parent,,Loading,pitch.0,332582,-0.9393,6.0331,59.3452,43.7405,25.9829,6.458,-0.0472,0.078
1779816504532,1,11.0000004b,Drive,Loading,pitch.0,333382,-1.7472,5.903,58.0299,42.5448,26.4639,4.3216,-0.0484,0.0778
1779816504532,1,12.00000015,Lower Delivery,Loading,pitch.0,333111,-0.2931,-0.7324,0.827,-0.0619,-0.008,0.0557,0.0,0.0
1779816504532,1,12.00000018,Upper Delivery,Loading,pitch.0,333666,1.0935,0.8328,0.4444,1.2466,-0.3169,1.6908,0.0,0.0
1779816504532,1,Pitching Mound.Delivery,,Loading,pitch.0,332875,0.8004,0.1005,1.2714,1.3147,-0.3249,2.218,0.0,0.0
1779816504532,1,Pitching Mound.Drive,,Loading,pitch.0,333382,-1.7472,5.903,58.0299,42.5448,26.4639,4.3216,-0.0484,0.0778
1779816504532,1,Pitching Mound.Parent,,Loading,pitch.0,332583,-0.9469,6.0035,59.3012,43.8595,26.139,6.5396,-0.0474,0.0784
1779816504533,1,11.0000004b,Drive,Loading,pitch.0,333383,-1.7489,5.889,57.9073,42.4585,26.3604,4.3125,-0.0483,0.0778
1779816504533,1,12.00000015,Lower Delivery,Loading,pitch.0,333112,-0.3045,-0.7304,0.9031,-0.0626,-0.0103,0.0849,0.0,0.0
1779816504533,1,12.00000018,Upper Delivery,Loading,pitch.0,333667,1.0756,0.8797,0.5132,1.1255,-0.403,1.656,0.0,0.0
1779816504533,1,Pitching Mound.Delivery,,Loading,pitch.0,332876,0.771,0.1494,1.4163,1.1955,-0.4133,2.2101,0.0,0.0
1779816504533,1,Pitching Mound.Drive,,Loading,pitch.0,333383,-1.7489,5.889,57.9073,42.4585,26.3604,4.3125,-0.0483,0.0778
1779816504533,1,Pitching Mound.Parent,,Loading,pitch.0,332584,-0.9779,6.0384,59.3237,43.654,25.9471,6.5227,-0.0472,0.0782
1779816504534,1,11.0000004b,Drive,Loading,pitch.0,333384,-1.7582,5.8731,57.7228,42.4177,26.4948,4.336,-0.0487,0.078
1779816504534,1,12.00000015,Lower Delivery,Loading,pitch.0,333113,-0.3252,-0.7359,0.8571,-0.063,-0.016,0.0441,0.0,0.0
1779816504534,1,12.00000018,Upper Delivery,Loading,pitch.0,333668,1.0361,0.8992,0.5668,1.143,-0.2902,1.6742,0.0,0.0
1779816504534,1,Pitching Mound.Delivery,,Loading,pitch.0,332877,0.7109,0.1633,1.4238,1.1787,-0.3062,2.1812,0.0,0.0
1779816504534,1,Pitching Mound.Drive,,Loading,pitch.0,333384,-1.7582,5.8731,57.7228,42.4177,26.4948,4.336,-0.0487,0.078
1779816504534,1,Pitching Mound.Parent,,Loading,pitch.0,332585,-1.0474,6.0363,59.1466,43.5963,26.1885,6.5171,-0.0476,0.0778
1779816504535,1,11.0000004b,Drive,Loading,pitch.0,333385,-1.7587,5.8683,57.5473,42.4287,26.5247,4.342,-0.0489,0.0783
1779816504535,1,12.00000015,Lower Delivery,Loading,pitch.0,333114,-0.3177,-0.7212,0.8975,-0.0685,-0.0189,0.0611,0.0,0.0
1779816504535,1,12.00000018,Upper Delivery,Loading,pitch.0,333669,1.048,0.873,0.4696,0.9823,-0.1436,1.668,0.0,0.0
1779816504535,1,Pitching Mound.Delivery,,Loading,pitch.0,332878,0.7303,0.1518,1.3671,1.0593,-0.1625,2.1934,0.0,0.0
1779816504535,1,Pitching Mound.Drive,,Loading,pitch.0,333385,-1.7587,5.8683,57.5473,42.4287,26.5247,4.342,-0.0489,0.0783
1779816504535,1,Pitching Mound.Parent,,Loading,pitch.0,332586,-1.0284,6.0201,58.9145,43.488,26.3622,6.5354,-0.0478,0.0789
1779816504536,1,11.0000004b,Drive,Loading,pitch.0,333386,-1.7541,5.8386,57.3829,42.2766,26.5443,4.359,-0.0491,0.0782
1779816504536,1,12.00000015,Lower Delivery,Loading,pitch.0,333115,-0.3056,-0.7169,0.9394,-0.0716,-0.0279,0.0939,0.0,0.0
1779816504536,1,12.00000018,Upper Delivery,Loading,pitch.0,333670,1.0763,0.8592,0.4198,1.1068,-0.3284,1.6652,0.0,0.0
1779816504536,1,Pitching Mound.Delivery,,Loading,pitch.0,332879,0.7707,0.1423,1.3591,1.2118,-0.3563,2.2289,0.0,0.0
1779816504536,1,Pitching Mound.Drive,,Loading,pitch.0,333386,-1.7541,5.8386,57.3829,42.2766,26.5443,4.359,-0.0491,0.0782
1779816504536,1,Pitching Mound.Parent,,Loading,pitch.0,332587,-0.9834,5.981,58.742,43.4885,26.188,6.588,-0.048,0.0794
1779816504537,1,11.0000004b,Drive,Loading,pitch.0,333387,-1.7519,5.82,57.2666,42.2092,26.6949,4.3588,-0.0495,0.0782
1779816504537,1,12.00000015,Lower Delivery,Loading,pitch.0,333116,-0.2998,-0.7069,0.9143,-0.0695,-0.0247,0.1117,0.0,0.0
1779816504537,1,12.00000018,Upper Delivery,Loading,pitch.0,333671,1.0808,0.8688,0.4438,1.1419,-0.3833,1.6451,0.0,0.0
1779816504537,1,Pitching Mound.Delivery,,Loading,pitch.0,332880,0.781,0.1618,1.3581,1.2324,-0.408,2.2262,0.0,0.0
1779816504537,1,Pitching Mound.Drive,,Loading,pitch.0,333387,-1.7519,5.82,57.2666,42.2092,26.6949,4.3588,-0.0495,0.0782
1779816504537,1,Pitching Mound.Parent,,Loading,pitch.0,332588,-0.9709,5.9819,58.6247,43.4416,26.2869,6.585,-0.0483,0.0792
1779816504538,1,11.0000004b,Drive,Loading,pitch.0,333388,-1.7559,5.8088,57.1012,42.1021,26.6296,4.34,-0.0495,0.0783
1779816504538,1,12.00000015,Lower Delivery,Loading,pitch.0,333117,-0.303,-0.7236,0.8979,-0.0672,-0.017,0.112,0.0,0.0
1779816504538,1,12.00000018,Upper Delivery,Loading,pitch.0,333672,1.1269,0.9734,0.4976,1.2575,-0.298,1.6203,0.0,0.0
1779816504538,1,Pitching Mound.Delivery,,Loading,pitch.0,332881,0.8239,0.2497,1.3955,1.3264,-0.315,2.2184,0.0,0.0
1779816504538,1,Pitching Mound.Drive,,Loading,pitch.0,333388,-1.7559,5.8088,57.1012,42.1021,26.6296,4.34,-0.0495,0.0783
1779816504538,1,Pitching Mound.Parent,,Loading,pitch.0,332589,-0.932,6.0586,58.4967,43.4285,26.3146,6.5584,-0.0483,0.0787
1779816504539,1,11.0000004b,Drive,Loading,pitch.0,333389,-1.7591,5.7839,56.9239,42.0439,26.708,4.3919,-0.0498,0.0784
1779816504539,1,12.00000015,Lower Delivery,Loading,pitch.0,333118,-0.3089,-0.713,0.8726,-0.0672,-0.0194,0.0934,0.0,0.0
1779816504539,1,12.00000018,Upper Delivery,Loading,pitch.0,333673,1.1195,0.9403,0.5033,1.2164,-0.3752,1.5784,0.0,0.0
1779816504539,1,Pitching Mound.Delivery,,Loading,pitch.0,332882,0.8106,0.2273,1.3759,1.2747,-0.3947,2.1575,0.0,0.0
1779816504539,1,Pitching Mound.Drive,,Loading,pitch.0,333389,-1.7591,5.7839,56.9239,42.0439,26.708,4.3919,-0.0498,0.0784
1779816504539,1,Pitching Mound.Parent,,Loading,pitch.0,332590,-0.9486,6.0112,58.2998,43.3187,26.3134,6.5494,-0.0486,0.0787
1779816504540,1,11.0000004b,Drive,Loading,pitch.0,333390,-1.7588,5.7526,56.8372,41.8607,26.5882,4.3586,-0.0497,0.0782
1779816504540,1,12.00000015,Lower Delivery,Loading,pitch.0,333119,-0.2919,-0.7229,0.891,-0.0619,-0.0157,0.1654,0.0,0.0
1779816504540,1,12.00000018,Upper Delivery,Loading,pitch.0,333674,1.1411,0.9186,0.4514,1.2705,-0.4299,1.5442,0.0,0.0
1779816504540,1,Pitching Mound.Delivery,,Loading,pitch.0,332883,0.8492,0.1957,1.3424,1.3581,-0.4456,2.1969,0.0,0.0
1779816504540,1,Pitching Mound.Drive,,Loading,pitch.0,333390,-1.7588,5.7526,56.8372,41.8607,26.5882,4.3586,-0.0497,0.0782
1779816504540,1,Pitching Mound.Parent,,Loading,pitch.0,332591,-0.9096,5.9484,58.1796,43.2189,26.1426,6.5554,-0.0485,0.079
1779816504541,1,11.0000004b,Drive,Loading,pitch.0,333391,-1.7519,5.7193,56.7912,41.7971,26.5097,4.3655,-0.0496,0.0781
1779816504541,1,12.00000015,Lower Delivery,Loading,pitch.0,333120,-0.3044,-0.7453,0.9716,-0.0645,-0.013,0.1649,0.0,0.0
1779816504541,1,12.00000018,Upper Delivery,Loading,pitch.0,333675,1.1383,0.9225,0.4827,1.2376,-0.4687,1.5368,0.0,0.0
1779816504541,1,Pitching Mound.Delivery,,Loading,pitch.0,332884,0.8339,0.1772,1.4543,1.3394,-0.4816,2.1922,0.0,0.0
1779816504541,1,Pitching Mound.Drive,,Loading,pitch.0,333391,-1.7519,5.7193,56.7912,41.7971,26.5097,4.3655,-0.0496,0.0781
1779816504541,1,Pitching Mound.Parent,,Loading,pitch.0,332592,-0.918,5.8965,58.2455,43.1365,26.028,6.5578,-0.0483,0.079
1779816504542,1,11.0000004b,Drive,Loading,pitch.0,333392,-1.7406,5.6994,56.6389,41.651,26.5925,4.3965,-0.0498,0.0781
1779816504542,1,12.00000015,Lower Delivery,Loading,pitch.0,333121,-0.3103,-0.741,0.9242,-0.0682,-0.0116,0.084,0.0,0.0
1779816504542,1,12.00000018,Upper Delivery,Loading,pitch.0,333676,1.1707,0.9506,0.4517,1.2535,-0.5938,1.5279,0.0,0.0
1779816504542,1,Pitching Mound.Delivery,,Loading,pitch.0,332885,0.8604,0.2097,1.3759,1.3459,-0.6055,2.1154,0.0,0.0
1779816504542,1,Pitching Mound.Drive,,Loading,pitch.0,333392,-1.7406,5.6994,56.6389,41.651,26.5925,4.3965,-0.0498,0.0781
1779816504542,1,Pitching Mound.Parent,,Loading,pitch.0,332593,-0.8802,5.909,58.0148,42.9969,25.987,6.5119,-0.0487,0.079
1779816504543,1,11.0000004b,Drive,Loading,pitch.0,333393,-1.7322,5.6719,56.5904,41.672,26.5016,4.4055,-0.0497,0.0782
1779816504543,1,12.00000015,Lower Delivery,Loading,pitch.0,333122,-0.2906,-0.7385,0.7925,-0.0613,-0.0071,0.1414,0.0,0.0
1779816504543,1,12.00000018,Upper Delivery,Loading,pitch.0,333677,1.1268,0.9212,0.4212,1.0667,-0.6061,1.5444,0.0,0.0
1779816504543,1,Pitching Mound.Delivery,,Loading,pitch.0,332886,0.8361,0.1827,1.2137,1.1316,-0.6132,2.1677,0.0,0.0
1779816504543,1,Pitching Mound.Drive,,Loading,pitch.0,333393,-1.7322,5.6719,56.5904,41.672,26.5016,4.4055,-0.0497,0.0782
1779816504543,1,Pitching Mound.Parent,,Loading,pitch.0,332594,-0.896,5.8546,57.8042,42.8036,25.8885,6.5733,-0.0487,0.0787
1779816504544,1,11.0000004b,Drive,Loading,pitch.0,333394,-1.7355,5.6625,56.4753,41.4803,26.4295,4.3998,-0.0497,0.078
1779816504544,1,12.00000015,Lower Delivery,Loading,pitch.0,333123,-0.2798,-0.7508,0.7943,-0.0613,-0.0092,0.1372,0.0,0.0
1779816504544,1,12.00000018,Upper Delivery,Loading,pitch.0,333678,1.1543,0.9191,0.4394,1.0392,-0.6533,1.5803,0.0,0.0
1779816504544,1,Pitching Mound.Delivery,,Loading,pitch.0,332887,0.8745,0.1683,1.2337,1.0986,-0.6625,2.2051,0.0,0.0
1779816504544,1,Pitching Mound.Drive,,Loading,pitch.0,333394,-1.7355,5.6625,56.4753,41.4803,26.4295,4.3998,-0.0497,0.078
1779816504544,1,Pitching Mound.Parent,,Loading,pitch.0,332595,-0.861,5.8308,57.709,42.5789,25.767,6.6049,-0.0486,0.0784
1779816504545,1,11.0000004b,Drive,Loading,pitch.0,333395,-1.7183,5.6414,56.3491,41.4302,26.2886,4.4203,-0.0495,0.0781
1779816504545,1,12.00000015,Lower Delivery,Loading,pitch.0,333124,-0.2773,-0.7531,0.7144,-0.0545,0.0007,0.1643,0.0,0.0
1779816504545,1,12.00000018,Upper Delivery,Loading,pitch.0,333679,1.1723,0.901,0.3293,1.1346,-0.8548,1.6062,0.0,0.0
1779816504545,1,Pitching Mound.Delivery,,Loading,pitch.0,332888,0.895,0.1478,1.0438,1.211,-0.8541,2.2633,0.0,0.0
1779816504545,1,Pitching Mound.Drive,,Loading,pitch.0,333395,-1.7183,5.6414,56.3491,41.4302,26.2886,4.4203,-0.0495,0.0781
1779816504545,1,Pitching Mound.Parent,,Loading,pitch.0,332596,-0.8234,5.7892,57.3929,42.6413,25.4345,6.6837,-0.0486,0.0789
1779816504546,1,11.0000004b,Drive,Loading,pitch.0,333396,-1.717,5.6174,56.2943,41.376,26.1394,4.4181,-0.0493,0.078
1779816504546,1,12.00000015,Lower Delivery,Loading,pitch.0,333125,-0.2883,-0.764,0.6883,-0.047,0.0057,0.2109,0.0,0.0
1779816504546,1,12.00000018,Upper Delivery,Loading,pitch.0,333680,1.1729,0.9554,0.3903,1.2699,-0.8807,1.6103,0.0,0.0
1779816504546,1,Pitching Mound.Delivery,,Loading,pitch.0,332889,0.8846,0.1914,1.0786,1.3241,-0.875,2.3181,0.0,0.0
1779816504546,1,Pitching Mound.Drive,,Loading,pitch.0,333396,-1.717,5.6174,56.2943,41.376,26.1394,4.4181,-0.0493,0.078
1779816504546,1,Pitching Mound.Parent,,Loading,pitch.0,332597,-0.8325,5.8088,57.3729,42.7002,25.2644,6.7362,-0.0484,0.0783
1779816504547,1,11.0000004b,Drive,Loading,pitch.0,333397,-1.7077,5.6054,56.3043,41.3161,26.012,4.4292,-0.049,0.0779
1779816504547,1,12.00000015,Lower Delivery,Loading,pitch.0,333126,-0.2655,-0.7679,0.7355,-0.0594,0.0119,0.1591,0.0,0.0
1779816504547,1,12.00000018,Upper Delivery,Loading,pitch.0,333681,1.1398,0.8556,0.3501,1.0656,-0.8819,1.6036,0.0,0.0
1779816504547,1,Pitching Mound.Delivery,,Loading,pitch.0,332890,0.8743,0.0877,1.0856,1.1372,-0.87,2.2404,0.0,0.0
1779816504547,1,Pitching Mound.Drive,,Loading,pitch.0,333397,-1.7077,5.6054,56.3043,41.3161,26.012,4.4292,-0.049,0.0779
1779816504547,1,Pitching Mound.Parent,,Loading,pitch.0,332598,-0.8335,5.6931,57.3899,42.4534,25.142,6.6696,-0.0481,0.0787
1779816504548,1,11.0000004b,Drive,Loading,pitch.0,333398,-1.7186,5.5794,56.1868,41.1887,25.9035,4.4495,-0.0489,0.0778
1779816504548,1,12.00000015,Lower Delivery,Loading,pitch.0,333127,-0.2585,-0.774,0.715,-0.0677,0.0091,0.107,0.0,0.0
1779816504548,1,12.00000018,Upper Delivery,Loading,pitch.0,333682,1.1248,0.8177,0.3241,1.1728,-0.9241,1.6417,0.0,0.0
1779816504548,1,Pitching Mound.Delivery,,Loading,pitch.0,332891,0.8663,0.0437,1.0391,1.238,-0.915,2.2189,0.0,0.0
1779816504548,1,Pitching Mound.Drive,,Loading,pitch.0,333398,-1.7186,5.5794,56.1868,41.1887,25.9035,4.4495,-0.0489,0.0778
1779816504548,1,Pitching Mound.Parent,,Loading,pitch.0,332599,-0.8523,5.6231,57.226,42.4266,24.9885,6.6685,-0.0481,0.0787
1779816504549,1,11.0000004b,Drive,Loading,pitch.0,333399,-1.7202,5.5662,56.1043,41.117,25.7648,4.4798,-0.0488,0.0778
1779816504549,1,12.00000015,Lower Delivery,Loading,pitch.0,333128,-0.264,-0.7756,0.7585,-0.0763,0.0064,0.1232,0.0,0.0
1779816504549,1,12.00000018,Upper Delivery,Loading,pitch.0,333683,1.0994,0.776,0.4013,1.0259,-0.8768,1.6426,0.0,0.0
1779816504549,1,Pitching Mound.Delivery,,Loading,pitch.0,332892,0.8355,0.0004,1.1598,1.0711,-0.8704,2.2293,0.0,0.0
1779816504549,1,Pitching Mound.Drive,,Loading,pitch.0,333399,-1.7202,5.5662,56.1043,41.117,25.7648,4.4798,-0.0488,0.0778
1779816504549,1,Pitching Mound.Parent,,Loading,pitch.0,332600,-0.8848,5.5666,57.2641,42.1881,24.8944,6.7091,-0.0478,0.0783
1779816504550,1,11.0000004b,Drive,Loading,pitch.0,333400,-1.7158,5.5612,56.0509,41.0862,25.7447,4.4659,-0.0488,0.0778
1779816504550,1,12.00000015,Lower Delivery,Loading,pitch.0,333129,-0.2548,-0.7776,0.7472,-0.0739,0.0051,0.1127,0.0,0.0
1779816504550,1,12.00000018,Upper Delivery,Loading,pitch.0,333684,1.1173,0.8073,0.338,1.128,-0.8885,1.6526,0.0,0.0
1779816504550,1,Pitching Mound.Delivery,,Loading,pitch.0,332893,0.8625,0.0297,1.0852,1.1932,-0.8834,2.2318,0.0,0.0
1779816504550,1,Pitching Mound.Drive,,Loading,pitch.0,333400,-1.7158,5.5612,56.0509,41.0862,25.7447,4.4659,-0.0488,0.0778
1779816504550,1,Pitching Mound.Parent,,Loading,pitch.0,332601,-0.8533,5.5909,57.1361,42.2793,24.8613,6.6977,-0.0478,0.0788
1779816504551,1,11.0000004b,Drive,Loading,pitch.0,333401,-1.702,5.5693,55.8941,41.0125,25.715,4.4897,-0.0488,0.0779
1779816504551,1,12.00000015,Lower Delivery,Loading,pitch.0,333130,-0.2705,-0.7736,0.7533,-0.0684,0.0058,0.1022,0.0,0.0
1779816504551,1,12.00000018,Upper Delivery,Loading,pitch.0,333685,1.1018,0.8355,0.3643,1.0494,-0.6734,1.6931,0.0,0.0
1779816504551,1,Pitching Mound.Delivery,,Loading,pitch.0,332894,0.8313,0.0619,1.1176,1.1132,-0.6676,2.2618,0.0,0.0
1779816504551,1,Pitching Mound.Drive,,Loading,pitch.0,333401,-1.702,5.5693,55.8941,41.0125,25.715,4.4897,-0.0488,0.0779
1779816504551,1,Pitching Mound.Parent,,Loading,pitch.0,332602,-0.8707,5.6311,57.0117,42.1258,25.0474,6.7515,-0.0479,0.0787
1779816504552,1,11.0000004b,Drive,Loading,pitch.0,333402,-1.7183,5.5669,55.8683,41.0352,25.5619,4.5233,-0.0486,0.078
1779816504552,1,12.00000015,Lower Delivery,Loading,pitch.0,333131,-0.2433,-0.7595,0.7671,-0.0776,0.001,0.1145,0.0,0.0
1779816504552,1,12.00000018,Upper Delivery,Loading,pitch.0,333686,1.1175,0.8008,0.3556,1.0744,-0.8564,1.7325,0.0,0.0
1779816504552,1,Pitching Mound.Delivery,,Loading,pitch.0,332895,0.8742,0.0413,1.1227,1.1368,-0.8554,2.3097,0.0,0.0
1779816504552,1,Pitching Mound.Drive,,Loading,pitch.0,333402,-1.7183,5.5669,55.8683,41.0352,25.5619,4.5233,-0.0486,0.078
1779816504552,1,Pitching Mound.Parent,,Loading,pitch.0,332603,-0.844,5.6083,56.991,42.172,24.7065,6.8329,-0.0476,0.0789
1779816504553,1,11.0000004b,Drive,Loading,pitch.0,333403,-1.7187,5.5591,55.8854,41.0687,25.3338,4.514,-0.0481,0.078
1779816504553,1,12.00000015,Lower Delivery,Loading,pitch.0,333132,-0.2319,-0.7547,0.786,-0.0891,0.0018,0.0566,0.0,0.0
1779816504553,1,12.00000018,Upper Delivery,Loading,pitch.0,333687,1.0999,0.7566,0.3901,1.0755,-0.9889,1.7376,0.0,0.0
1779816504553,1,Pitching Mound.Delivery,,Loading,pitch.0,332896,0.868,0.0019,1.1761,1.121,-0.9871,2.247,0.0,0.0
1779816504553,1,Pitching Mound.Drive,,Loading,pitch.0,333403,-1.7187,5.5591,55.8854,41.0687,25.3338,4.514,-0.0481,0.078
1779816504553,1,Pitching Mound.Parent,,Loading,pitch.0,332604,-0.8506,5.561,57.0615,42.1897,24.3467,6.761,-0.0471,0.0788
1779816504554,1,11.0000004b,Drive,Loading,pitch.0,333404,-1.7289,5.5623,55.7789,41.066,25.426,4.5236,-0.0484,0.0782
1779816504554,1,12.00000015,Lower Delivery,Loading,pitch.0,333133,-0.2416,-0.7368,0.7435,-0.1313,-0.015,0.0245,0.0,0.0
1779816504554,1,12.00000018,Upper Delivery,Loading,pitch.0,333688,1.1051,0.7555,0.4091,1.077,-1.2132,1.7346,0.0,0.0
1779816504554,1,Pitching Mound.Delivery,,Loading,pitch.0,332897,0.8635,0.0188,1.1527,1.0594,-1.2282,2.2169,0.0,0.0
1779816504554,1,Pitching Mound.Drive,,Loading,pitch.0,333404,-1.7289,5.5623,55.7789,41.066,25.426,4.5236,-0.0484,0.0782
1779816504554,1,Pitching Mound.Parent,,Loading,pitch.0,332605,-0.8654,5.5811,56.9316,42.1254,24.1978,6.7405,-0.0474,0.0786
1779816504555,1,11.0000004b,Drive,Loading,pitch.0,333405,-1.7337,5.5538,55.7032,41.0485,25.3069,4.5702,-0.0482,0.0782
1779816504555,1,12.00000015,Lower Delivery,Loading,pitch.0,333134,-0.246,-0.7212,0.7859,-0.0939,-0.0079,0.0366,0.0,0.0
1779816504555,1,12.00000018,Upper Delivery,Loading,pitch.0,333689,1.1014,0.7496,0.3882,1.0526,-1.4604,1.7404,0.0,0.0
1779816504555,1,Pitching Mound.Delivery,,Loading,pitch.0,332898,0.8555,0.0284,1.1741,1.0939,-1.4683,2.2351,0.0,0.0
1779816504555,1,Pitching Mound.Drive,,Loading,pitch.0,333405,-1.7337,5.5538,55.7032,41.0485,25.3069,4.5702,-0.0482,0.0782
1779816504555,1,Pitching Mound.Parent,,Loading,pitch.0,332606,-0.8782,5.5822,56.8773,42.1425,23.8386,6.8053,-0.0472,0.079
1779816504556,1,11.0000004b,Drive,Loading,pitch.0,333406,-1.7543,5.5414,55.615,41.0344,25.4349,4.5758,-0.0486,0.0783
1779816504556,1,12.00000015,Lower Delivery,Loading,pitch.0,333135,-0.2431,-0.7139,0.813,-0.0859,-0.0114,0.0609,0.0,0.0
1779816504556,1,12.00000018,Upper Delivery,Loading,pitch.0,333690,1.095,0.7456,0.3509,1.0646,-1.141,1.735,0.0,0.0
1779816504556,1,Pitching Mound.Delivery,,Loading,pitch.0,332899,0.8519,0.0317,1.1638,1.1358,-1.1523,2.2508,0.0,0.0
1779816504556,1,Pitching Mound.Drive,,Loading,pitch.0,333406,-1.7543,5.5414,55.615,41.0344,25.4349,4.5758,-0.0486,0.0783
1779816504556,1,Pitching Mound.Parent,,Loading,pitch.0,332607,-0.9024,5.5731,56.7788,42.1702,24.2826,6.8266,-0.0476,0.0795
1779816504557,1,11.0000004b,Drive,Loading,pitch.0,333407,-1.7566,5.5471,55.5419,41.0492,25.4375,4.5847,-0.0486,0.0785
1779816504557,1,12.00000015,Lower Delivery,Loading,pitch.0,333136,-0.2285,-0.7076,0.7726,-0.1033,-0.0228,0.0064,0.0,0.0
1779816504557,1,12.00000018,Upper Delivery,Loading,pitch.0,333691,1.0784,0.7106,0.3615,1.0022,-1.1477,1.7483,0.0,0.0
1779816504557,1,Pitching Mound.Delivery,,Loading,pitch.0,332900,0.85,0.003,1.1341,1.0386,-1.1705,2.199,0.0,0.0
1779816504557,1,Pitching Mound.Drive,,Loading,pitch.0,333407,-1.7566,5.5471,55.5419,41.0492,25.4375,4.5847,-0.0486,0.0785
1779816504557,1,Pitching Mound.Parent,,Loading,pitch.0,332608,-0.9067,5.5501,56.676,42.0878,24.2669,6.7837,-0.0476,0.0794
1779816504558,1,11.0000004b,Drive,Loading,pitch.0,333408,-1.763,5.5281,55.4832,41.0157,25.4693,4.5909,-0.0487,0.0785
1779816504558,1,12.00000015,Lower Delivery,Loading,pitch.0,333137,-0.2474,-0.716,0.8208,-0.0978,-0.0324,0.0192,0.0,0.0
1779816504558,1,12.00000018,Upper Delivery,Loading,pitch.0,333692,1.1141,0.7585,0.3043,0.949,-1.2654,1.7664,0.0,0.0
1779816504558,1,Pitching Mound.Delivery,,Loading,pitch.0,332901,0.8667,0.0425,1.1251,1.0269,-1.2978,2.2486,0.0,0.0
1779816504558,1,Pitching Mound.Drive,,Loading,pitch.0,333408,-1.763,5.5281,55.4832,41.0157,25.4693,4.5909,-0.0487,0.0785
1779816504558,1,Pitching Mound.Parent,,Loading,pitch.0,332609,-0.8963,5.5706,56.6083,42.0426,24.1715,6.8395,-0.0478,0.08
1779816504559,1,11.0000004b,Drive,Loading,pitch.0,333409,-1.765,5.5288,55.4014,40.916,25.5891,4.5961,-0.049,0.0784
1779816504559,1,12.00000015,Lower Delivery,Loading,pitch.0,333138,-0.2493,-0.7374,0.8172,-0.094,-0.0235,0.0126,0.0,0.0
1779816504559,1,12.00000018,Upper Delivery,Loading,pitch.0,333693,1.0964,0.73,0.3156,0.8542,-1.1339,1.7397,0.0,0.0
1779816504559,1,Pitching Mound.Delivery,,Loading,pitch.0,332902,0.8471,-0.0074,1.1328,0.9308,-1.1574,2.2098,0.0,0.0
1779816504559,1,Pitching Mound.Drive,,Loading,pitch.0,333409,-1.765,5.5288,55.4014,40.916,25.5891,4.5961,-0.049,0.0784
1779816504559,1,Pitching Mound.Parent,,Loading,pitch.0,332610,-0.9178,5.5214,56.5342,41.8468,24.4317,6.8059,-0.0481,0.0799
1779816504560,1,11.0000004b,Drive,Loading,pitch.0,333410,-1.7826,5.5256,55.4142,40.8231,25.5734,4.5937,-0.049,0.0782
1779816504560,1,12.00000015,Lower Delivery,Loading,pitch.0,333139,-0.2524,-0.7074,0.7371,-0.096,-0.0266,-0.0017,0.0,0.0
1779816504560,1,12.00000018,Upper Delivery,Loading,pitch.0,333694,1.129,0.7645,0.2958,0.7778,-1.0705,1.7139,0.0,0.0
1779816504560,1,Pitching Mound.Delivery,,Loading,pitch.0,332903,0.8766,0.0571,1.0329,0.8318,-1.0971,2.1818,0.0,0.0
1779816504560,1,Pitching Mound.Drive,,Loading,pitch.0,333410,-1.7826,5.5256,55.4142,40.8231,25.5734,4.5937,-0.049,0.0782
1779816504560,1,Pitching Mound.Parent,,Loading,pitch.0,332611,-0.906,5.5827,56.4472,41.6549,24.4763,6.7755,-0.0481,0.0794
1779816504561,1,11.0000004b,Drive,Loading,pitch.0,333411,-1.7752,5.4983,55.3837,40.72,25.5328,4.5901,-0.0489,0.0781
1779816504561,1,12.00000015,Lower Delivery,Loading,pitch.0,333140,-0.257,-0.722,0.7209,-0.0875,-0.0231,0.0166,0.0,0.0
1779816504561,1,12.00000018,Upper Delivery,Loading,pitch.0,333695,1.118,0.7563,0.3483,0.8636,-0.8361,1.6886,0.0,0.0
1779816504561,1,Pitching Mound.Delivery,,Loading,pitch.0,332904,0.861,0.0342,1.0692,0.9028,-0.8592,2.1728,0.0,0.0
1779816504561,1,Pitching Mound.Drive,,Loading,pitch.0,333411,-1.7752,5.4983,55.3837,40.72,25.5328,4.5901,-0.0489,0.0781
1779816504561,1,Pitching Mound.Parent,,Loading,pitch.0,332612,-0.9142,5.5325,56.453,41.6228,24.6736,6.7629,-0.048,0.0788
1779816504562,1,11.0000004b,Drive,Loading,pitch.0,333412,-1.7786,5.506,55.3593,40.7098,25.5332,4.5833,-0.049,0.0781
1779816504562,1,12.00000015,Lower Delivery,Loading,pitch.0,333141,-0.2532,-0.7196,0.763,-0.0919,-0.0259,0.0049,0.0,0.0
1779816504562,1,12.00000018,Upper Delivery,Loading,pitch.0,333696,1.143,0.7745,0.3464,0.9486,-0.6196,1.7379,0.0,0.0
1779816504562,1,Pitching Mound.Delivery,,Loading,pitch.0,332905,0.8898,0.0549,1.1094,0.9983,-0.6455,2.2175,0.0,0.0
1779816504562,1,Pitching Mound.Drive,,Loading,pitch.0,333412,-1.7786,5.506,55.3593,40.7098,25.5332,4.5833,-0.049,0.0781
1779816504562,1,Pitching Mound.Parent,,Loading,pitch.0,332613,-0.8888,5.5608,56.4687,41.708,24.8877,6.8008,-0.048,0.079
1779816504563,1,11.0000004b,Drive,Loading,pitch.0,333413,-1.7768,5.4961,55.2759,40.706,25.5714,4.61,-0.0491,0.0782
1779816504563,1,12.00000015,Lower Delivery,Loading,pitch.0,333142,-0.2637,-0.7289,0.7538,-0.0802,-0.0173,0.0002,0.0,0.0
1779816504563,1,12.00000018,Upper Delivery,Loading,pitch.0,333697,1.1338,0.7922,0.3629,0.9736,-0.4683,1.6761,0.0,0.0
1779816504563,1,Pitching Mound.Delivery,,Loading,pitch.0,332906,0.8702,0.0633,1.1167,1.0264,-0.4856,2.1515,0.0,0.0
1779816504563,1,Pitching Mound.Drive,,Loading,pitch.0,333413,-1.7768,5.4961,55.2759,40.706,25.5714,4.61,-0.0491,0.0782
1779816504563,1,Pitching Mound.Parent,,Loading,pitch.0,332614,-0.9066,5.5593,56.3925,41.7324,25.0857,6.7615,-0.0481,0.079
1779816504564,1,11.0000004b,Drive,Loading,pitch.0,333414,-1.7654,5.4899,55.2239,40.5877,25.6774,4.6221,-0.0494,0.078
1779816504564,1,12.00000015,Lower Delivery,Loading,pitch.0,333143,-0.2771,-0.7263,0.7496,-0.0771,-0.0132,0.0123,0.0,0.0
1779816504564,1,12.00000018,Upper Delivery,Loading,pitch.0,333698,1.1388,0.7881,0.3296,0.9664,-0.6037,1.6547,0.0,0.0
1779816504564,1,Pitching Mound.Delivery,,Loading,pitch.0,332907,0.8617,0.0618,1.0792,1.032,-0.6169,2.1484,0.0,0.0
1779816504564,1,Pitching Mound.Drive,,Loading,pitch.0,333414,-1.7654,5.4899,55.2239,40.5877,25.6774,4.6221,-0.0494,0.078
1779816504564,1,Pitching Mound.Parent,,Loading,pitch.0,332615,-0.9037,5.5517,56.3031,41.6197,25.0605,6.7705,-0.0484,0.0791
1779816504565,1,11.0000004b,Drive,Loading,pitch.0,333415,-1.7694,5.4813,55.1557,40.5242,25.7506,4.6252,-0.0496,0.078
1779816504565,1,12.00000015,Lower Delivery,Loading,pitch.0,333144,-0.2735,-0.7465,0.8225,-0.0716,-0.0156,0.0147,0.0,0.0
1779816504565,1,12.00000018,Upper Delivery,Loading,pitch.0,333699,1.1261,0.7784,0.3249,0.9793,-0.6632,1.6781,0.0,0.0
1779816504565,1,Pitching Mound.Delivery,,Loading,pitch.0,332908,0.8526,0.0319,1.1474,1.0769,-0.6788,2.1687,0.0,0.0
1779816504565,1,Pitching Mound.Drive,,Loading,pitch.0,333415,-1.7694,5.4813,55.1557,40.5242,25.7506,4.6252,-0.0496,0.078
1779816504565,1,Pitching Mound.Parent,,Loading,pitch.0,332616,-0.9168,5.5132,56.3031,41.6011,25.0719,6.7939,-0.0486,0.0794
1779816504566,1,11.0000004b,Drive,Loading,pitch.0,333416,-1.7618,5.4927,55.1922,40.5679,25.6381,4.6307,-0.0493,0.078
1779816504566,1,12.00000015,Lower Delivery,Loading,pitch.0,333145,-0.2527,-0.7375,0.7294,-0.0748,-0.0069,-0.0056,0.0,0.0
1779816504566,1,12.00000018,Upper Delivery,Loading,pitch.0,333700,1.1247,0.7927,0.2944,0.9205,-0.746,1.6584,0.0,0.0
1779816504566,1,Pitching Mound.Delivery,,Loading,pitch.0,332909,0.8721,0.0552,1.0237,0.9936,-0.753,2.1211,0.0,0.0
1779816504566,1,Pitching Mound.Drive,,Loading,pitch.0,333416,-1.7618,5.4927,55.1922,40.5679,25.6381,4.6307,-0.0493,0.078
1779816504566,1,Pitching Mound.Parent,,Loading,pitch.0,332617,-0.8898,5.5478,56.2159,41.5615,24.8852,6.7518,-0.0484,0.0792
1779816504567,1,11.0000004b,Drive,Loading,pitch.0,333417,-1.743,5.4944,55.2481,40.6209,25.3751,4.6405,-0.0488,0.0781
1779816504567,1,12.00000015,Lower Delivery,Loading,pitch.0,333146,-0.2588,-0.7412,0.6993,-0.0603,-0.0017,-0.0032,0.0,0.0
1779816504567,1,12.00000018,Upper Delivery,Loading,pitch.0,333701,1.1417,0.814,0.3394,1.0594,-0.4904,1.6303,0.0,0.0
1779816504567,1,Pitching Mound.Delivery,,Loading,pitch.0,332910,0.8828,0.0728,1.0387,1.1215,-0.4921,2.1032,0.0,0.0
1779816504567,1,Pitching Mound.Drive,,Loading,pitch.0,333417,-1.743,5.4944,55.2481,40.6209,25.3751,4.6405,-0.0488,0.0781
1779816504567,1,Pitching Mound.Parent,,Loading,pitch.0,332618,-0.8602,5.5672,56.2868,41.7424,24.883,6.7437,-0.0479,0.0788
1779816504568,1,11.0000004b,Drive,Loading,pitch.0,333418,-1.7431,5.492,55.1556,40.5816,25.3678,4.6678,-0.0488,0.0781
1779816504568,1,12.00000015,Lower Delivery,Loading,pitch.0,333147,-0.2555,-0.717,0.7589,-0.068,-0.0051,-0.0126,0.0,0.0
1779816504568,1,12.00000018,Upper Delivery,Loading,pitch.0,333702,1.1224,0.7919,0.3628,1.0318,-0.4764,1.6207,0.0,0.0
1779816504568,1,Pitching Mound.Delivery,,Loading,pitch.0,332911,0.8669,0.0749,1.1216,1.0984,-0.4815,2.0765,0.0,0.0
1779816504568,1,Pitching Mound.Drive,,Loading,pitch.0,333418,-1.7431,5.492,55.1556,40.5816,25.3678,4.6678,-0.0488,0.0781
1779816504568,1,Pitching Mound.Parent,,Loading,pitch.0,332619,-0.8762,5.5669,56.2772,41.68,24.8863,6.7443,-0.0479,0.0789
1779816504569,1,11.0000004b,Drive,Loading,pitch.0,333419,-1.7417,5.499,55.1501,40.6772,25.3669,4.6754,-0.0488,0.0783
1779816504569,1,12.00000015,Lower Delivery,Loading,pitch.0,333148,-0.2593,-0.7063,0.7483,-0.0555,0.0004,-0.0091,0.0,0.0
1779816504569,1,12.00000018,Upper Delivery,Loading,pitch.0,333703,1.0998,0.786,0.3779,0.9944,-0.4736,1.5941,0.0,0.0
1779816504569,1,Pitching Mound.Delivery,,Loading,pitch.0,332912,0.8405,0.0797,1.1262,1.0648,-0.4732,2.0472,0.0,0.0
1779816504569,1,Pitching Mound.Drive,,Loading,pitch.0,333419,-1.7417,5.499,55.1501,40.6772,25.3669,4.6754,-0.0488,0.0783
1779816504569,1,Pitching Mound.Parent,,Loading,pitch.0,332620,-0.9013,5.5787,56.2762,41.742,24.8937,6.7226,-0.0479,0.079
1779816504570,1,11.0000004b,Drive,Loading,pitch.0,333420,-1.7447,5.497,55.2194,40.678,25.1188,4.6825,-0.0483,0.0782
1779816504570,1,12.00000015,Lower Delivery,Loading,pitch.0,333149,-0.2683,-0.6852,0.673,-0.0542,-0.0034,-0.0095,0.0,0.0
1779816504570,1,12.00000018,Upper Delivery,Loading,pitch.0,333704,1.1018,0.7988,0.3501,1.0538,-0.6209,1.6077,0.0,0.0
1779816504570,1,Pitching Mound.Delivery,,Loading,pitch.0,332913,0.8335,0.1136,1.0231,1.1094,-0.6243,2.064,0.0,0.0
1779816504570,1,Pitching Mound.Drive,,Loading,pitch.0,333420,-1.7447,5.497,55.2194,40.678,25.1188,4.6825,-0.0483,0.0782
1779816504570,1,Pitching Mound.Parent,,Loading,pitch.0,332621,-0.9112,5.6106,56.2425,41.7874,24.4945,6.7465,-0.0474,0.0787
1779816504571,1,11.0000004b,Drive,Loading,pitch.0,333421,-1.7293,5.498,55.164,40.7406,25.159,4.709,-0.0484,0.0784
1779816504571,1,12.00000015,Lower Delivery,Loading,pitch.0,333150,-0.2738,-0.6887,0.6774,-0.0526,-0.0059,-0.0022,0.0,0.0
1779816504571,1,12.00000018,Upper Delivery,Loading,pitch.0,333705,1.0955,0.7798,0.3975,0.9432,-0.7346,1.6237,0.0,0.0
1779816504571,1,Pitching Mound.Delivery,,Loading,pitch.0,332914,0.8217,0.0912,1.0749,0.9858,-0.7405,2.087,0.0,0.0
1779816504571,1,Pitching Mound.Drive,,Loading,pitch.0,333421,-1.7293,5.498,55.164,40.7406,25.159,4.709,-0.0484,0.0784
1779816504571,1,Pitching Mound.Parent,,Loading,pitch.0,332622,-0.9075,5.5891,56.2389,41.7264,24.4185,6.7961,-0.0475,0.0786
1779816504572,1,11.0000004b,Drive,Loading,pitch.0,333422,-1.7296,5.4956,55.0935,40.6737,25.1014,4.7295,-0.0484,0.0784
1779816504572,1,12.00000015,Lower Delivery,Loading,pitch.0,333151,-0.2617,-0.6828,0.6879,-0.053,-0.0012,0.0021,0.0,0.0
1779816504572,1,12.00000018,Upper Delivery,Loading,pitch.0,333706,1.087,0.7861,0.3732,0.9597,-0.799,1.6242,0.0,0.0
1779816504572,1,Pitching Mound.Delivery,,Loading,pitch.0,332915,0.8253,0.1034,1.061,1.0137,-0.8003,2.0849,0.0,0.0
1779816504572,1,Pitching Mound.Drive,,Loading,pitch.0,333422,-1.7296,5.4956,55.0935,40.6737,25.1014,4.7295,-0.0484,0.0784
1779816504572,1,Pitching Mound.Parent,,Loading,pitch.0,332623,-0.9043,5.599,56.1545,41.6874,24.3011,6.8144,-0.0475,0.0788
1779816504573,1,11.0000004b,Drive,Loading,pitch.0,333423,-1.7248,5.4993,54.9674,40.7341,25.2535,4.7557,-0.0488,0.0787
1779816504573,1,12.00000015,Lower Delivery,Loading,pitch.0,333152,-0.2534,-0.6775,0.5848,-0.0502,-0.0021,-0.0023,0.0,0.0
1779816504573,1,12.00000018,Upper Delivery,Loading,pitch.0,333707,1.1145,0.8261,0.3315,1.1072,-0.6766,1.5891,0.0,0.0
1779816504573,1,12.00000018,Upper Delivery,Loading,pitch.0,333708,1.0943,0.7803,0.384,1.1381,-0.7907,1.5995,0.0,0.0
1779816504573,1,Pitching Mound.Delivery,,Loading,pitch.0,332916,0.861,0.1486,0.9163,1.1432,-0.6787,2.0519,0.0,0.0
1779816504573,1,Pitching Mound.Drive,,Loading,pitch.0,333423,-1.7248,5.4993,54.9674,40.7341,25.2535,4.7557,-0.0488,0.0787
1779816504573,1,Pitching Mound.Parent,,Loading,pitch.0,332624,-0.8637,5.6479,55.8837,41.8773,24.5749,6.8075,-0.048,0.0789
1779816504574,1,11.0000004b,Drive,Loading,pitch.0,333424,-1.7195,5.496,54.9941,40.689,25.2305,4.7334,-0.0487,0.0785
1779816504574,1,12.00000015,Lower Delivery,Loading,pitch.0,333153,-0.2584,-0.6803,0.5765,-0.04,-0.0028,0.0477,0.0,0.0
1779816504574,1,Pitching Mound.Delivery,,Loading,pitch.0,332917,0.8359,0.1,0.9605,1.1636,-0.7936,2.1072,0.0,0.0
1779816504574,1,Pitching Mound.Drive,,Loading,pitch.0,333424,-1.7195,5.496,54.9941,40.689,25.2305,4.7334,-0.0487,0.0785
1779816504574,1,Pitching Mound.Parent,,Loading,pitch.0,332625,-0.8836,5.5959,55.9546,41.8526,24.4369,6.8406,-0.0479,0.0784
1779816504575,1,11.0000004b,Drive,Loading,pitch.0,333425,-1.7171,5.501,54.9912,40.686,24.9787,4.706,-0.0482,0.0785
1779816504575,1,12.00000015,Lower Delivery,Loading,pitch.0,333154,-0.2515,-0.6929,0.5613,-0.0521,-0.0028,0.0274,0.0,0.0
1779816504575,1,12.00000018,Upper Delivery,Loading,pitch.0,333709,1.0855,0.7869,0.3839,1.2427,-0.8224,1.6475,0.0,0.0
1779816504575,1,12.00000018,Upper Delivery,Loading,pitch.0,333710,1.1058,0.7995,0.3664,1.0929,-0.7614,1.6499,0.0,0.0
1779816504575,1,Pitching Mound.Delivery,,Loading,pitch.0,332918,0.834,0.094,0.9452,1.2508,-0.8252,2.1295,0.0,0.0
1779816504575,1,Pitching Mound.Drive,,Loading,pitch.0,333425,-1.7171,5.501,54.9912,40.686,24.9787,4.706,-0.0482,0.0785
1779816504575,1,Pitching Mound.Parent,,Loading,pitch.0,332626,-0.8831,5.595,55.9363,41.9369,24.1536,6.8356,-0.0474,0.0783
1779816504576,1,11.0000004b,Drive,Loading,pitch.0,333426,-1.7228,5.5007,54.9208,40.6167,25.0628,4.6906,-0.0484,0.0785
1779816504576,1,12.00000015,Lower Delivery,Loading,pitch.0,333155,-0.267,-0.7024,0.5627,-0.0468,0.0071,0.0512,0.0,0.0
1779816504576,1,Pitching Mound.Delivery,,Loading,pitch.0,332919,0.8388,0.0971,0.9292,1.1129,-0.7543,2.1679,0.0,0.0
1779816504576,1,Pitching Mound.Drive,,Loading,pitch.0,333426,-1.7228,5.5007,54.9208,40.6167,25.0628,4.6906,-0.0484,0.0785
1779816504576,1,Pitching Mound.Parent,,Loading,pitch.0,332627,-0.8841,5.5978,55.8499,41.7296,24.3085,6.8585,-0.0476,0.0784
1779816504577,1,11.0000004b,Drive,Loading,pitch.0,333427,-1.708,5.4829,54.9112,40.6066,25.0446,4.719,-0.0484,0.0785
1779816504577,1,12.00000015,Lower Delivery,Loading,pitch.0,333156,-0.2774,-0.7034,0.5824,-0.0503,0.0128,0.0437,0.0,0.0
1779816504577,1,12.00000018,Upper Delivery,Loading,pitch.0,333712,1.0905,0.7802,0.3428,1.0531,-0.6583,1.6532,0.0,0.0
1779816504577,1,12.00000018,Upper Delivery,Loading,pitch.0,333711,1.0791,0.7752,0.395,1.0615,-0.7294,1.6908,0.0,0.0
1779816504577,1,Pitching Mound.Delivery,,Loading,pitch.0,332920,0.8017,0.0718,0.9774,1.0749,-0.7166,2.1957,0.0,0.0
1779816504577,1,Pitching Mound.Drive,,Loading,pitch.0,333427,-1.708,5.4829,54.9112,40.6066,25.0446,4.719,-0.0484,0.0785
1779816504577,1,Pitching Mound.Parent,,Loading,pitch.0,332628,-0.9063,5.5546,55.8886,41.6815,24.328,6.9147,-0.0476,0.0783
1779816504578,1,11.0000004b,Drive,Loading,pitch.0,333428,-1.7131,5.4689,54.8535,40.4934,25.0706,4.7177,-0.0485,0.0784
1779816504578,1,12.00000015,Lower Delivery,Loading,pitch.0,333157,-0.2811,-0.7061,0.5971,-0.063,0.0108,0.0547,0.0,0.0
1779816504578,1,Pitching Mound.Delivery,,Loading,pitch.0,332921,0.8094,0.0741,0.9399,1.0766,-0.6474,2.1742,0.0,0.0
1779816504578,1,Pitching Mound.Drive,,Loading,pitch.0,333428,-1.7131,5.4689,54.8535,40.4934,25.0706,4.7177,-0.0485,0.0784
1779816504578,1,Pitching Mound.Parent,,Loading,pitch.0,332629,-0.9036,5.543,55.7933,41.57,24.4231,6.8919,-0.0477,0.0786
1779816504579,1,11.0000004b,Drive,Loading,pitch.0,333429,-1.7124,5.4751,54.9336,40.4894,25.015,4.73,-0.0483,0.0782
1779816504579,1,12.00000015,Lower Delivery,Loading,pitch.0,333158,-0.2907,-0.7504,0.6676,-0.0601,0.0099,0.1596,0.0,0.0
1779816504579,1,12.00000018,Upper Delivery,Loading,pitch.0,333714,1.102,0.7868,0.2149,1.0913,-0.5568,1.7109,0.0,0.0
1779816504579,1,12.00000018,Upper Delivery,Loading,pitch.0,333713,1.1037,0.7959,0.2502,0.9957,-0.6027,1.7086,0.0,0.0
1779816504579,1,Pitching Mound.Delivery,,Loading,pitch.0,332922,0.813,0.0456,0.9178,1.0775,-0.5928,2.3422,0.0,0.0
1779816504579,1,Pitching Mound.Drive,,Loading,pitch.0,333429,-1.7124,5.4751,54.9336,40.4894,25.015,4.73,-0.0483,0.0782
1779816504579,1,Pitching Mound.Parent,,Loading,pitch.0,332630,-0.8994,5.5207,55.8514,41.5669,24.4223,7.0722,-0.0475,0.0795
1779816504580,1,11.0000004b,Drive,Loading,pitch.0,333430,-1.6991,5.4558,54.7944,40.3739,25.1318,4.7594,-0.0487,0.0782
1779816504580,1,12.00000015,Lower Delivery,Loading,pitch.0,333159,-0.2845,-0.7299,0.6685,-0.0674,0.0105,0.1052,0.0,0.0
1779816504580,1,12.00000018,Upper Delivery,Loading,pitch.0,333715,1.1089,0.7997,0.1993,1.0124,-0.4925,1.7213,0.0,0.0
1779816504580,1,Pitching Mound.Delivery,,Loading,pitch.0,332923,0.8175,0.0569,0.8834,1.1781,-0.5462,2.2875,0.0,0.0
1779816504580,1,Pitching Mound.Drive,,Loading,pitch.0,333430,-1.6991,5.4558,54.7944,40.3739,25.1318,4.7594,-0.0487,0.0782
1779816504580,1,Pitching Mound.Parent,,Loading,pitch.0,332631,-0.8816,5.5127,55.6778,41.5519,24.5856,7.0469,-0.0479,0.0798
1779816504581,1,11.0000004b,Drive,Loading,pitch.0,333431,-1.7017,5.4494,54.7819,40.3225,25.2701,4.7834,-0.049,0.0781
1779816504581,1,12.00000015,Lower Delivery,Loading,pitch.0,333160,-0.29,-0.7283,0.6863,-0.0788,0.0064,0.0526,0.0,0.0
1779816504581,1,12.00000018,Upper Delivery,Loading,pitch.0,333716,1.1061,0.8081,0.1767,0.9971,-0.4814,1.7337,0.0,0.0
1779816504581,1,Pitching Mound.Delivery,,Loading,pitch.0,332924,0.8188,0.0713,0.8856,1.0991,-0.4861,2.2495,0.0,0.0
1779816504581,1,Pitching Mound.Drive,,Loading,pitch.0,333431,-1.7017,5.4494,54.7819,40.3225,25.2701,4.7834,-0.049,0.0781
1779816504581,1,Pitching Mound.Parent,,Loading,pitch.0,332632,-0.8829,5.5207,55.6675,41.4217,24.7839,7.0329,-0.0482,0.0799
1779816504582,1,11.0000004b,Drive,Loading,pitch.0,333432,-1.7,5.4446,54.5802,40.2131,25.3631,4.7577,-0.0493,0.0782
1779816504582,1,11.0000004b,Drive,Loading,pitch.0,333433,-1.6995,5.4358,54.6435,40.2111,25.3756,4.7415,-0.0493,0.0781
1779816504582,1,12.00000015,Lower Delivery,Loading,pitch.0,333161,-0.29,-0.7266,0.6878,-0.0776,0.0075,0.0677,0.0,0.0
1779816504582,1,Pitching Mound.Delivery,,Loading,pitch.0,332925,0.816,0.0815,0.8645,1.0933,-0.4738,2.276,0.0,0.0
1779816504582,1,Pitching Mound.Drive,,Loading,pitch.0,333432,-1.7,5.4446,54.5802,40.2131,25.3631,4.7577,-0.0493,0.0782
1779816504582,1,Pitching Mound.Drive,,Loading,pitch.0,333433,-1.6995,5.4358,54.6435,40.2111,25.3756,4.7415,-0.0493,0.0781
1779816504582,1,Pitching Mound.Parent,,Loading,pitch.0,332633,-0.884,5.5261,55.4447,41.3064,24.8892,7.0338,-0.0486,0.0801
1779816504583,1,12.00000015,Lower Delivery,Loading,pitch.0,333162,-0.2929,-0.7205,0.7129,-0.0842,0.0062,0.0201,0.0,0.0
1779816504583,1,12.00000015,Lower Delivery,Loading,pitch.0,333163,-0.2912,-0.7104,0.8252,-0.0766,0.0009,0.0685,0.0,0.0
1779816504583,1,12.00000018,Upper Delivery,Loading,pitch.0,333717,1.0956,0.8091,0.1734,0.9332,-0.4778,1.7296,0.0,0.0
1779816504583,1,Pitching Mound.Delivery,,Loading,pitch.0,332926,0.8027,0.0886,0.8863,1.0324,-0.4716,2.2218,0.0,0.0
1779816504583,1,Pitching Mound.Parent,,Loading,pitch.0,332634,-0.8968,5.5244,55.5298,41.2435,24.904,6.9633,-0.0485,0.0802
1779816504584,1,11.0000004b,Drive,Loading,pitch.0,333434,-1.6845,5.437,54.6032,40.1891,25.5017,4.7658,-0.0496,0.0781
1779816504584,1,12.00000015,Lower Delivery,Loading,pitch.0,333164,-0.287,-0.7086,0.8313,-0.0829,-0.0046,0.0212,0.0,0.0
1779816504584,1,12.00000018,Upper Delivery,Loading,pitch.0,333718,1.1197,0.8268,0.1591,0.8871,-0.3796,1.7647,0.0,0.0
1779816504584,1,Pitching Mound.Delivery,,Loading,pitch.0,332927,0.8286,0.1164,0.9842,1.0369,-0.3788,2.3128,0.0,0.0
1779816504584,1,Pitching Mound.Drive,,Loading,pitch.0,333434,-1.6845,5.437,54.6032,40.1891,25.5017,4.7658,-0.0496,0.0781
1779816504584,1,Pitching Mound.Parent,,Loading,pitch.0,332635,-0.8559,5.5534,55.5874,41.226,25.123,7.0786,-0.0487,0.0808
1779816504585,1,11.0000004b,Drive,Loading,pitch.0,333435,-1.6806,5.428,54.5559,40.1747,25.5376,4.7327,-0.0497,0.0782
1779816504585,1,11.0000004b,Drive,Loading,pitch.0,333436,-1.6729,5.4135,54.4704,40.0843,25.5616,4.7263,-0.0498,0.0781
1779816504585,1,12.00000015,Lower Delivery,Loading,pitch.0,333165,-0.2794,-0.6829,0.9752,-0.0751,-0.0075,0.0188,0.0,0.0
1779816504585,1,12.00000018,Upper Delivery,Loading,pitch.0,333719,1.142,0.8379,0.1437,0.9965,-0.4386,1.7946,0.0,0.0
1779816504585,1,Pitching Mound.Delivery,,Loading,pitch.0,332928,0.855,0.1293,0.975,1.1474,-0.4432,2.3017,0.0,0.0
1779816504585,1,Pitching Mound.Drive,,Loading,pitch.0,333435,-1.6806,5.428,54.5559,40.1747,25.5376,4.7327,-0.0497,0.0782
1779816504585,1,Pitching Mound.Drive,,Loading,pitch.0,333436,-1.6729,5.4135,54.4704,40.0843,25.5616,4.7263,-0.0498,0.0781
1779816504585,1,Pitching Mound.Parent,,Loading,pitch.0,332636,-0.8257,5.5573,55.5309,41.3222,25.0944,7.0344,-0.0488,0.081
1779816504586,1,11.0000004b,Drive,Loading,pitch.0,333437,-1.6694,5.424,54.4406,40.1102,25.5656,4.74,-0.0499,0.0782
1779816504586,1,12.00000015,Lower Delivery,Loading,pitch.0,333166,-0.2701,-0.655,0.969,-0.0824,-0.0136,0.0003,0.0,0.0
1779816504586,1,12.00000018,Upper Delivery,Loading,pitch.0,333720,1.1534,0.8633,0.1842,0.8372,-0.2293,1.7658,0.0,0.0
1779816504586,1,Pitching Mound.Delivery,,Loading,pitch.0,332929,0.874,0.1805,1.1594,1.031,-0.2369,2.2718,0.0,0.0
1779816504586,1,Pitching Mound.Drive,,Loading,pitch.0,333437,-1.6694,5.424,54.4406,40.1102,25.5656,4.74,-0.0499,0.0782
1779816504586,1,Pitching Mound.Parent,,Loading,pitch.0,332637,-0.799,5.594,55.6298,41.1154,25.3248,6.9981,-0.0488,0.0813
1779816504587,1,11.0000004b,Drive,Loading,pitch.0,333438,-1.6575,5.4197,54.4052,40.08,25.4749,4.7524,-0.0497,0.0782
1779816504587,1,12.00000015,Lower Delivery,Loading,pitch.0,333167,-0.2544,-0.6378,0.9281,-0.0831,-0.0205,-0.003,0.0,0.0
1779816504587,1,12.00000018,Upper Delivery,Loading,pitch.0,333721,1.1587,0.8804,0.1835,0.9579,-0.3183,1.8113,0.0,0.0
1779816504587,1,Pitching Mound.Delivery,,Loading,pitch.0,332930,0.8886,0.2254,1.1524,1.1426,-0.3318,2.2974,0.0,0.0
1779816504587,1,Pitching Mound.Drive,,Loading,pitch.0,333438,-1.6575,5.4197,54.4052,40.08,25.4749,4.7524,-0.0497,0.0782
1779816504587,1,Pitching Mound.Parent,,Loading,pitch.0,332638,-0.7808,5.6494,55.593,41.2528,25.2338,7.0374,-0.0488,0.0814
1779816504588,1,11.0000004b,Drive,Loading,pitch.0,333439,-1.6573,5.4174,54.2653,40.0851,25.5996,4.7394,-0.0501,0.0784
1779816504588,1,12.00000015,Lower Delivery,Loading,pitch.0,333168,-0.2279,-0.6473,0.9919,-0.0864,-0.0264,0.0012,0.0,0.0
1779816504588,1,12.00000018,Upper Delivery,Loading,pitch.0,333722,1.1839,0.8993,0.2163,0.9772,-0.3551,1.7922,0.0,0.0
1779816504588,1,Pitching Mound.Delivery,,Loading,pitch.0,332931,0.9295,0.2615,1.1444,1.1361,-0.3756,2.2782,0.0,0.0
1779816504588,1,Pitching Mound.Drive,,Loading,pitch.0,333439,-1.6573,5.4174,54.2653,40.0851,25.5996,4.7394,-0.0501,0.0784
1779816504588,1,Pitching Mound.Parent,,Loading,pitch.0,332639,-0.728,5.6812,55.5497,41.2161,25.0993,7.0306,-0.0487,0.081
1779816504589,1,11.0000004b,Drive,Loading,pitch.0,333440,-1.6449,5.4097,54.1799,40.0434,25.7125,4.7518,-0.0504,0.0785
1779816504589,1,12.00000015,Lower Delivery,Loading,pitch.0,333169,-0.2135,-0.6324,0.9498,-0.0877,-0.0306,-0.0203,0.0,0.0
1779816504589,1,12.00000018,Upper Delivery,Loading,pitch.0,333724,1.1315,0.8557,0.2957,1.0321,-0.2005,1.8025,0.0,0.0
1779816504589,1,12.00000018,Upper Delivery,Loading,pitch.0,333723,1.1471,0.8782,0.2836,0.9827,-0.2939,1.7349,0.0,0.0
1779816504589,1,Pitching Mound.Delivery,,Loading,pitch.0,332932,0.9192,0.2309,1.2755,1.1372,-0.3203,2.2035,0.0,0.0
1779816504589,1,Pitching Mound.Delivery,,Loading,pitch.0,332933,0.918,0.2232,1.2455,1.1668,-0.2311,2.2395,0.0,0.0
1779816504589,1,Pitching Mound.Drive,,Loading,pitch.0,333440,-1.6449,5.4097,54.1799,40.0434,25.7125,4.7518,-0.0504,0.0785
1779816504589,1,Pitching Mound.Parent,,Loading,pitch.0,332640,-0.7381,5.6483,55.5408,41.2223,25.2793,6.9429,-0.0489,0.081
1779816504589,1,Pitching Mound.Parent,,Loading,pitch.0,332641,-0.7269,5.6329,55.4254,41.2102,25.4814,6.9913,-0.0493,0.0807
1779816504590,1,11.0000004b,Drive,Loading,pitch.0,333441,-1.6385,5.4179,54.2148,40.0668,25.6477,4.748,-0.0502,0.0785
1779816504590,1,12.00000015,Lower Delivery,Loading,pitch.0,333170,-0.1929,-0.6393,1.0723,-0.0802,-0.0328,-0.018,0.0,0.0
1779816504590,1,12.00000018,Upper Delivery,Loading,pitch.0,333725,1.138,0.8666,0.3651,0.9796,-0.0691,1.7337,0.0,0.0
1779816504590,1,Pitching Mound.Delivery,,Loading,pitch.0,332934,0.9451,0.2273,1.4374,1.1398,-0.1019,2.1682,0.0,0.0
1779816504590,1,Pitching Mound.Drive,,Loading,pitch.0,333441,-1.6385,5.4179,54.2148,40.0668,25.6477,4.748,-0.0502,0.0785
1779816504590,1,Pitching Mound.Parent,,Loading,pitch.0,332642,-0.6934,5.6453,55.6523,41.2066,25.5458,6.9162,-0.0489,0.0808
1779816504591,1,11.0000004b,Drive,Loading,pitch.0,333442,-1.6243,5.4149,54.1989,40.0609,25.5215,4.7643,-0.05,0.0785
1779816504591,1,12.00000015,Lower Delivery,Loading,pitch.0,333171,-0.1891,-0.6049,0.9825,-0.0778,-0.0306,-0.0159,0.0,0.0
1779816504591,1,Pitching Mound.Drive,,Loading,pitch.0,333442,-1.6243,5.4149,54.1989,40.0609,25.5215,4.7643,-0.05,0.0785
1779816504592,1,11.0000004b,Drive,Loading,pitch.0,333443,-1.6143,5.4234,54.1798,40.1175,25.4058,4.7686,-0.0498,0.0786
1779816504592,1,12.00000015,Lower Delivery,Loading,pitch.0,333172,-0.1811,-0.5985,1.0033,-0.0843,-0.0345,-0.0183,0.0,0.0
1779816504592,1,12.00000018,Upper Delivery,Loading,pitch.0,333726,1.1404,0.8859,0.386,1.0424,-0.1951,1.7076,0.0,0.0
1779816504592,1,Pitching Mound.Delivery,,Loading,pitch.0,332935,0.9513,0.281,1.3685,1.1674,-0.2257,2.1438,0.0,0.0
1779816504592,1,Pitching Mound.Drive,,Loading,pitch.0,333443,-1.6143,5.4234,54.1798,40.1175,25.4058,4.7686,-0.0498,0.0786
1779816504592,1,Pitching Mound.Parent,,Loading,pitch.0,332643,-0.673,5.6959,55.5674,41.2283,25.2959,6.908,-0.0488,0.0802
1779816504593,1,11.0000004b,Drive,Loading,pitch.0,333444,-1.6216,5.4239,54.1839,40.0951,25.3247,4.7749,-0.0496,0.0786
1779816504593,1,12.00000015,Lower Delivery,Loading,pitch.0,333173,-0.1959,-0.616,0.9564,-0.0695,-0.0313,-0.0162,0.0,0.0
1779816504593,1,12.00000018,Upper Delivery,Loading,pitch.0,333727,1.1198,0.8482,0.4354,0.9548,-0.1436,1.7025,0.0,0.0
1779816504593,1,12.00000018,Upper Delivery,Loading,pitch.0,333728,1.1198,0.8553,0.4079,0.9961,-0.2725,1.6823,0.0,0.0
1779816504593,1,Pitching Mound.Delivery,,Loading,pitch.0,332936,0.9387,0.2497,1.4387,1.0636,-0.1781,2.1266,0.0,0.0
1779816504593,1,Pitching Mound.Delivery,,Loading,pitch.0,332937,0.9239,0.2393,1.3643,1.113,-0.3038,2.1135,0.0,0.0
1779816504593,1,Pitching Mound.Drive,,Loading,pitch.0,333444,-1.6216,5.4239,54.1839,40.0951,25.3247,4.7749,-0.0496,0.0786
1779816504593,1,Pitching Mound.Parent,,Loading,pitch.0,332645,-0.6977,5.6632,55.5483,41.2081,25.0208,6.8884,-0.0484,0.08
1779816504593,1,Pitching Mound.Parent,,Loading,pitch.0,332644,-0.6756,5.6731,55.6185,41.1811,25.2277,6.8952,-0.0485,0.08
1779816504594,1,11.0000004b,Drive,Loading,pitch.0,333445,-1.6184,5.4111,54.1363,40.0586,25.3411,4.7853,-0.0497,0.0786
1779816504594,1,12.00000015,Lower Delivery,Loading,pitch.0,333174,-0.2065,-0.6151,0.9306,-0.0701,-0.0287,0.002,0.0,0.0
1779816504594,1,12.00000018,Upper Delivery,Loading,pitch.0,333729,1.1423,0.896,0.4111,1.0211,-0.2808,1.6517,0.0,0.0
1779816504594,1,Pitching Mound.Delivery,,Loading,pitch.0,332938,0.9358,0.2809,1.3417,1.1276,-0.3095,2.1123,0.0,0.0
1779816504594,1,Pitching Mound.Drive,,Loading,pitch.0,333445,-1.6184,5.4111,54.1363,40.0586,25.3411,4.7853,-0.0497,0.0786
1779816504594,1,Pitching Mound.Parent,,Loading,pitch.0,332646,-0.6826,5.6919,55.478,41.1862,25.0316,6.8976,-0.0485,0.0798
1779816504595,1,11.0000004b,Drive,Loading,pitch.0,333446,-1.6164,5.4186,54.0753,40.02,25.3877,4.8281,-0.0498,0.0786
1779816504595,1,12.00000015,Lower Delivery,Loading,pitch.0,333175,-0.221,-0.6218,0.9112,-0.0772,-0.0253,0.0021,0.0,0.0
1779816504595,1,Pitching Mound.Drive,,Loading,pitch.0,333446,-1.6164,5.4186,54.0753,40.02,25.3877,4.8281,-0.0498,0.0786
1779816504596,1,11.0000004b,Drive,Loading,pitch.0,333447,-1.6144,5.4135,53.9886,39.9722,25.5564,4.8572,-0.0503,0.0786
1779816504596,1,12.00000015,Lower Delivery,Loading,pitch.0,333176,-0.2281,-0.6232,0.8891,-0.0792,-0.0278,0.0287,0.0,0.0
1779816504596,1,12.00000018,Upper Delivery,Loading,pitch.0,333730,1.1435,0.9219,0.4495,1.0752,-0.345,1.6695,0.0,0.0
1779816504596,1,12.00000018,Upper Delivery,Loading,pitch.0,333731,1.0851,0.7922,0.4552,1.007,-0.3654,1.6473,0.0,0.0
1779816504596,1,Pitching Mound.Delivery,,Loading,pitch.0,332939,0.9225,0.3001,1.3606,1.155,-0.3703,2.1355,0.0,0.0
1779816504596,1,Pitching Mound.Delivery,,Loading,pitch.0,332940,0.8569,0.169,1.3443,1.0753,-0.3932,2.1225,0.0,0.0
1779816504596,1,Pitching Mound.Drive,,Loading,pitch.0,333447,-1.6144,5.4135,53.9886,39.9722,25.5564,4.8572,-0.0503,0.0786
1779816504596,1,Pitching Mound.Parent,,Loading,pitch.0,332647,-0.6939,5.7187,55.4359,41.175,25.0175,6.9635,-0.0486,0.0795
1779816504596,1,Pitching Mound.Parent,,Loading,pitch.0,332648,-0.7575,5.5825,55.3329,41.0475,25.1631,6.9797,-0.049,0.0794
1779816504597,1,11.0000004b,Drive,Loading,pitch.0,333448,-1.6099,5.4113,54.0197,39.9594,25.6967,4.8481,-0.0505,0.0785
1779816504597,1,12.00000015,Lower Delivery,Loading,pitch.0,333177,-0.2481,-0.651,0.8567,-0.0762,-0.0222,0.0422,0.0,0.0
1779816504597,1,12.00000018,Upper Delivery,Loading,pitch.0,333732,1.079,0.7876,0.4702,0.9772,-0.3056,1.6679,0.0,0.0
1779816504597,1,Pitching Mound.Delivery,,Loading,pitch.0,332941,0.8309,0.1367,1.3269,1.0323,-0.3278,2.1613,0.0,0.0
1779816504597,1,Pitching Mound.Drive,,Loading,pitch.0,333448,-1.6099,5.4113,54.0197,39.9594,25.6967,4.8481,-0.0505,0.0785
1779816504597,1,Pitching Mound.Parent,,Loading,pitch.0,332649,-0.779,5.548,55.3466,40.9918,25.3689,7.0094,-0.0493,0.079
1779816504598,1,11.0000004b,Drive,Loading,pitch.0,333449,-1.6056,5.4173,53.981,40.0175,25.7762,4.8462,-0.0507,0.0787
1779816504598,1,12.00000015,Lower Delivery,Loading,pitch.0,333178,-0.2465,-0.6855,0.8639,-0.0799,-0.0234,0.0385,0.0,0.0
1779816504598,1,12.00000018,Upper Delivery,Loading,pitch.0,333733,1.075,0.7761,0.4204,1.0529,-0.5421,1.648,0.0,0.0
1779816504598,1,Pitching Mound.Delivery,,Loading,pitch.0,332942,0.8286,0.0906,1.2843,1.1237,-0.5654,2.1358,0.0,0.0
1779816504598,1,Pitching Mound.Drive,,Loading,pitch.0,333449,-1.6056,5.4173,53.981,40.0175,25.7762,4.8462,-0.0507,0.0787
1779816504598,1,Pitching Mound.Parent,,Loading,pitch.0,332650,-0.777,5.5079,55.2653,41.1412,25.2108,6.982,-0.0495,0.0796
1779816504599,1,11.0000004b,Drive,Loading,pitch.0,333450,-1.5979,5.4164,53.9598,40.01,25.6869,4.8656,-0.0505,0.0787
1779816504599,1,12.00000015,Lower Delivery,Loading,pitch.0,333179,-0.2571,-0.7013,0.8898,-0.0704,-0.021,0.0797,0.0,0.0
1779816504599,1,12.00000018,Upper Delivery,Loading,pitch.0,333734,1.0939,0.7879,0.3921,1.0897,-0.7106,1.6557,0.0,0.0
1779816504599,1,Pitching Mound.Delivery,,Loading,pitch.0,332943,0.8368,0.0867,1.2819,1.1885,-0.7316,2.1948,0.0,0.0
1779816504599,1,Pitching Mound.Drive,,Loading,pitch.0,333450,-1.5979,5.4164,53.9598,40.01,25.6869,4.8656,-0.0505,0.0787
1779816504599,1,Pitching Mound.Parent,,Loading,pitch.0,332651,-0.7612,5.5031,55.2417,41.1984,24.9553,7.0604,-0.0494,0.08
1779816504600,1,11.0000004b,Drive,Loading,pitch.0,333451,-1.6103,5.4088,53.8944,40.0012,25.6266,4.82,-0.0505,0.0788
1779816504600,1,12.00000015,Lower Delivery,Loading,pitch.0,333180,-0.2569,-0.7015,0.8779,-0.0723,-0.0193,0.0748,0.0,0.0
1779816504600,1,12.00000018,Upper Delivery,Loading,pitch.0,333735,1.0749,0.7428,0.3984,1.0416,-0.717,1.6285,0.0,0.0
1779816504600,1,Pitching Mound.Delivery,,Loading,pitch.0,332944,0.818,0.0413,1.2763,1.1324,-0.7362,2.1561,0.0,0.0
1779816504600,1,Pitching Mound.Drive,,Loading,pitch.0,333451,-1.6103,5.4088,53.8944,40.0012,25.6266,4.82,-0.0505,0.0788
1779816504600,1,Pitching Mound.Parent,,Loading,pitch.0,332652,-0.7923,5.4501,55.1707,41.1336,24.8904,6.9761,-0.0493,0.0799
1779816504601,1,11.0000004b,Drive,Loading,pitch.0,333452,-1.6165,5.4057,53.84,40.0006,25.5601,4.8021,-0.0504,0.0789
1779816504601,1,12.00000015,Lower Delivery,Loading,pitch.0,333181,-0.2783,-0.705,0.8442,-0.0867,-0.0349,0.0608,0.0,0.0
1779816504601,1,12.00000018,Upper Delivery,Loading,pitch.0,333736,1.0739,0.7508,0.356,1.0507,-0.6055,1.6001,0.0,0.0
1779816504601,1,Pitching Mound.Delivery,,Loading,pitch.0,332945,0.7956,0.0458,1.2002,1.13,-0.6403,2.1207,0.0,0.0
1779816504601,1,Pitching Mound.Drive,,Loading,pitch.0,333452,-1.6165,5.4057,53.84,40.0006,25.5601,4.8021,-0.0504,0.0789
1779816504601,1,Pitching Mound.Parent,,Loading,pitch.0,332653,-0.8209,5.4515,55.0402,41.1307,24.9198,6.9228,-0.0493,0.0802
1779816504602,1,11.0000004b,Drive,Loading,pitch.0,333453,-1.6232,5.4008,53.8165,39.9366,25.6191,4.7968,-0.0505,0.0788
1779816504602,1,12.00000015,Lower Delivery,Loading,pitch.0,333182,-0.2669,-0.7146,0.893,-0.0906,-0.0327,0.0675,0.0,0.0
1779816504602,1,12.00000018,Upper Delivery,Loading,pitch.0,333737,1.0587,0.7325,0.3004,1.0511,-0.5129,1.6348,0.0,0.0
1779816504602,1,Pitching Mound.Delivery,,Loading,pitch.0,332946,0.7918,0.0179,1.1933,1.1619,-0.5456,2.1529,0.0,0.0
1779816504602,1,Pitching Mound.Drive,,Loading,pitch.0,333453,-1.6232,5.4008,53.8165,39.9366,25.6191,4.7968,-0.0505,0.0788
1779816504602,1,Pitching Mound.Parent,,Loading,pitch.0,332654,-0.8314,5.4188,55.0099,41.0985,25.0735,6.9497,-0.0494,0.0807
1779816504603,1,11.0000004b,Drive,Loading,pitch.0,333454,-1.6349,5.3915,53.8128,39.834,25.4891,4.8012,-0.0503,0.0786
1779816504603,1,12.00000015,Lower Delivery,Loading,pitch.0,333183,-0.2626,-0.7234,0.8733,-0.0862,-0.0249,0.1087,0.0,0.0
1779816504603,1,12.00000018,Upper Delivery,Loading,pitch.0,333738,1.0608,0.7575,0.2068,1.0223,-0.4535,1.6784,0.0,0.0
1779816504603,1,Pitching Mound.Delivery,,Loading,pitch.0,332947,0.7982,0.0341,1.0801,1.1627,-0.4783,2.2371,0.0,0.0
1779816504603,1,Pitching Mound.Drive,,Loading,pitch.0,333454,-1.6349,5.3915,53.8128,39.834,25.4891,4.8012,-0.0503,0.0786
1779816504603,1,Pitching Mound.Parent,,Loading,pitch.0,332655,-0.8368,5.4256,54.8928,40.9966,25.0107,7.0383,-0.0493,0.0812
1779816504604,1,11.0000004b,Drive,Loading,pitch.0,333455,-1.6184,5.377,53.8161,39.8478,25.4625,4.8417,-0.0502,0.0786
1779816504604,1,12.00000015,Lower Delivery,Loading,pitch.0,333184,-0.2516,-0.733,0.7831,-0.0826,-0.0189,0.1305,0.0,0.0
1779816504604,1,12.00000018,Upper Delivery,Loading,pitch.0,333739,1.0469,0.7327,0.3037,0.9495,-0.2376,1.6407,0.0,0.0
1779816504604,1,Pitching Mound.Delivery,,Loading,pitch.0,332948,0.7954,-0.0003,1.0868,1.0298,-0.2564,2.2127,0.0,0.0
1779816504604,1,Pitching Mound.Drive,,Loading,pitch.0,333455,-1.6184,5.377,53.8161,39.8478,25.4625,4.8417,-0.0502,0.0786
1779816504604,1,Pitching Mound.Parent,,Loading,pitch.0,332656,-0.8231,5.3767,54.9029,40.8776,25.2061,7.0544,-0.0492,0.08
1779816504605,1,11.0000004b,Drive,Loading,pitch.0,333456,-1.6108,5.3789,53.8167,39.804,25.325,4.8369,-0.05,0.0785
1779816504605,1,12.00000015,Lower Delivery,Loading,pitch.0,333185,-0.2463,-0.7237,0.6998,-0.0978,-0.0191,0.0209,0.0,0.0
1779816504605,1,12.00000018,Upper Delivery,Loading,pitch.0,333740,1.0346,0.7203,0.3556,0.9209,-0.1546,1.6056,0.0,0.0
1779816504605,1,Pitching Mound.Delivery,,Loading,pitch.0,332949,0.7883,-0.0034,1.0554,0.9401,-0.1737,2.0619,0.0,0.0
1779816504605,1,Pitching Mound.Drive,,Loading,pitch.0,333456,-1.6108,5.3789,53.8167,39.804,25.325,4.8369,-0.05,0.0785
1779816504605,1,Pitching Mound.Parent,,Loading,pitch.0,332657,-0.8225,5.3756,54.8722,40.7441,25.1513,6.8988,-0.049,0.0791
1779816504606,1,11.0000004b,Drive,Loading,pitch.0,333457,-1.6121,5.367,53.7222,39.8153,25.3043,4.8408,-0.05,0.0787
1779816504606,1,12.00000015,Lower Delivery,Loading,pitch.0,333186,-0.2545,-0.7205,0.6841,-0.0906,-0.0213,0.0111,0.0,0.0
1779816504606,1,12.00000018,Upper Delivery,Loading,pitch.0,333741,1.0469,0.7465,0.3386,0.811,0.0521,1.6624,0.0,0.0
1779816504606,1,Pitching Mound.Delivery,,Loading,pitch.0,332950,0.7924,0.026,1.0227,0.8379,0.0308,2.116,0.0,0.0
1779816504606,1,Pitching Mound.Drive,,Loading,pitch.0,333457,-1.6121,5.367,53.7222,39.8153,25.3043,4.8408,-0.05,0.0787
1779816504606,1,Pitching Mound.Parent,,Loading,pitch.0,332658,-0.8197,5.3929,54.7448,40.6531,25.3351,6.9568,-0.0491,0.0794
1779816504607,1,11.0000004b,Drive,Loading,pitch.0,333458,-1.6064,5.3631,53.6716,39.675,25.2112,4.8347,-0.0499,0.0785
1779816504607,1,12.00000015,Lower Delivery,Loading,pitch.0,333187,-0.2571,-0.737,0.6971,-0.0862,-0.0184,0.0029,0.0,0.0
1779816504607,1,12.00000018,Upper Delivery,Loading,pitch.0,333742,1.0939,0.7718,0.3957,0.7679,0.1573,1.6259,0.0,0.0
1779816504607,1,Pitching Mound.Delivery,,Loading,pitch.0,332951,0.8368,0.0348,1.0928,0.7842,0.1388,2.0882,0.0,0.0
1779816504607,1,Pitching Mound.Drive,,Loading,pitch.0,333458,-1.6064,5.3631,53.6716,39.675,25.2112,4.8347,-0.0499,0.0785
1779816504607,1,Pitching Mound.Parent,,Loading,pitch.0,332659,-0.7696,5.3979,54.7645,40.4592,25.35,6.9229,-0.0489,0.0788
1779816504608,1,11.0000004b,Drive,Loading,pitch.0,333459,-1.5989,5.3635,53.6264,39.5646,25.1119,4.8502,-0.0497,0.0783
1779816504608,1,12.00000015,Lower Delivery,Loading,pitch.0,333188,-0.2639,-0.7531,0.6968,-0.0796,-0.0138,0.0002,0.0,0.0
1779816504608,1,12.00000018,Upper Delivery,Loading,pitch.0,333743,1.1038,0.7837,0.3592,0.7851,0.1239,1.6643,0.0,0.0
1779816504608,1,Pitching Mound.Delivery,,Loading,pitch.0,332952,0.8399,0.0306,1.0559,0.8203,0.1101,2.1295,0.0,0.0
1779816504608,1,Pitching Mound.Drive,,Loading,pitch.0,333459,-1.5989,5.3635,53.6264,39.5646,25.1119,4.8502,-0.0497,0.0783
1779816504608,1,Pitching Mound.Parent,,Loading,pitch.0,332660,-0.759,5.3941,54.6824,40.385,25.2221,6.9797,-0.0488,0.0789
1779816504609,1,11.0000004b,Drive,Loading,pitch.0,333460,-1.5996,5.3588,53.6204,39.5322,24.948,4.8611,-0.0494,0.0783
1779816504609,1,12.00000015,Lower Delivery,Loading,pitch.0,333189,-0.2571,-0.7584,0.7505,-0.0759,-0.0027,0.0165,0.0,0.0
1779816504609,1,12.00000018,Upper Delivery,Loading,pitch.0,333744,1.0684,0.7563,0.4019,0.7412,0.2888,1.6001,0.0,0.0
1779816504609,1,Pitching Mound.Delivery,,Loading,pitch.0,332953,0.8113,-0.0021,1.1524,0.7838,0.2861,2.0673,0.0,0.0
1779816504609,1,Pitching Mound.Drive,,Loading,pitch.0,333460,-1.5996,5.3588,53.6204,39.5322,24.948,4.8611,-0.0494,0.0783
1779816504609,1,Pitching Mound.Parent,,Loading,pitch.0,332661,-0.7882,5.3568,54.7728,40.3159,25.2341,6.9284,-0.0484,0.0788
1779816504610,1,11.0000004b,Drive,Loading,pitch.0,333461,-1.5837,5.3429,53.5175,39.4341,24.9549,4.8587,-0.0495,0.0782
1779816504610,1,12.00000015,Lower Delivery,Loading,pitch.0,333190,-0.2925,-0.754,0.8263,-0.0688,-0.0084,0.0191,0.0,0.0
1779816504610,1,12.00000018,Upper Delivery,Loading,pitch.0,333745,1.0864,0.7521,0.4502,0.853,0.1228,1.6447,0.0,0.0
1779816504610,1,Pitching Mound.Delivery,,Loading,pitch.0,332954,0.7939,-0.0019,1.2765,0.9121,0.1145,2.1327,0.0,0.0
1779816504610,1,Pitching Mound.Drive,,Loading,pitch.0,333461,-1.5837,5.3429,53.5175,39.4341,24.9549,4.8587,-0.0495,0.0782
1779816504610,1,Pitching Mound.Parent,,Loading,pitch.0,332662,-0.7898,5.341,54.794,40.3462,25.0693,6.9913,-0.0483,0.0787
1779816504611,1,11.0000004b,Drive,Loading,pitch.0,333462,-1.5775,5.3438,53.4217,39.3151,24.9709,4.9008,-0.0496,0.0781
1779816504611,1,12.00000015,Lower Delivery,Loading,pitch.0,333191,-0.2814,-0.753,0.8807,-0.0617,-0.0102,0.0457,0.0,0.0
1779816504611,1,12.00000018,Upper Delivery,Loading,pitch.0,333746,1.1007,0.7884,0.4311,0.8563,0.1392,1.6269,0.0,0.0
1779816504611,1,Pitching Mound.Delivery,,Loading,pitch.0,332955,0.8194,0.0354,1.3117,0.9474,0.129,2.1425,0.0,0.0
1779816504611,1,Pitching Mound.Drive,,Loading,pitch.0,333462,-1.5775,5.3438,53.4217,39.3151,24.9709,4.9008,-0.0496,0.0781
1779816504611,1,Pitching Mound.Parent,,Loading,pitch.0,332663,-0.7582,5.3791,54.7335,40.2625,25.0999,7.0434,-0.0484,0.079
1779816504612,1,11.0000004b,Drive,Loading,pitch.0,333463,-1.5671,5.3487,53.354,39.3372,24.993,4.9206,-0.0497,0.0783
1779816504612,1,12.00000015,Lower Delivery,Loading,pitch.0,333192,-0.2717,-0.7504,0.8515,-0.0556,-0.0054,0.0333,0.0,0.0
1779816504612,1,12.00000018,Upper Delivery,Loading,pitch.0,333747,1.1068,0.8096,0.426,0.8686,0.1875,1.6023,0.0,0.0
1779816504612,1,Pitching Mound.Delivery,,Loading,pitch.0,332956,0.8351,0.0592,1.2775,0.9577,0.1821,2.1043,0.0,0.0
1779816504612,1,Pitching Mound.Drive,,Loading,pitch.0,333463,-1.5671,5.3487,53.354,39.3372,24.993,4.9206,-0.0497,0.0783
1779816504612,1,Pitching Mound.Parent,,Loading,pitch.0,332664,-0.7319,5.4079,54.6315,40.2949,25.1751,7.0249,-0.0486,0.0791
1779816504613,1,11.0000004b,Drive,Loading,pitch.0,333464,-1.5478,5.3471,53.2623,39.3377,24.9805,4.9049,-0.0498,0.0784
1779816504613,1,12.00000015,Lower Delivery,Loading,pitch.0,333193,-0.2695,-0.7602,0.8629,-0.0528,-0.0062,0.0406,0.0,0.0
1779816504613,1,12.00000018,Upper Delivery,Loading,pitch.0,333748,1.131,0.842,0.4443,0.8864,0.1354,1.6064,0.0,0.0
1779816504613,1,Pitching Mound.Delivery,,Loading,pitch.0,332957,0.8615,0.0818,1.3072,0.9759,0.1292,2.1232,0.0,0.0
1779816504613,1,Pitching Mound.Drive,,Loading,pitch.0,333464,-1.5478,5.3471,53.2623,39.3377,24.9805,4.9049,-0.0498,0.0784
1779816504613,1,Pitching Mound.Parent,,Loading,pitch.0,332665,-0.6863,5.4288,54.5696,40.3136,25.1097,7.028,-0.0486,0.0791
1779816504614,1,11.0000004b,Drive,Loading,pitch.0,333465,-1.5321,5.333,53.1712,39.27,24.8621,4.893,-0.0496,0.0784
1779816504614,1,12.00000015,Lower Delivery,Loading,pitch.0,333194,-0.2678,-0.726,0.93,-0.0721,-0.022,0.0022,0.0,0.0
1779816504614,1,12.00000018,Upper Delivery,Loading,pitch.0,333749,1.1562,0.8458,0.4196,0.9006,0.0349,1.6127,0.0,0.0
1779816504614,1,Pitching Mound.Delivery,,Loading,pitch.0,332958,0.8883,0.1198,1.3497,1.002,0.0129,2.099,0.0,0.0
1779816504614,1,Pitching Mound.Drive,,Loading,pitch.0,333465,-1.5321,5.333,53.1712,39.27,24.8621,4.893,-0.0496,0.0784
1779816504614,1,Pitching Mound.Parent,,Loading,pitch.0,332666,-0.6438,5.4528,54.5208,40.272,24.875,6.992,-0.0484,0.0796
1779816504615,1,11.0000004b,Drive,Loading,pitch.0,333466,-1.531,5.3256,53.1684,39.1774,24.7873,4.8842,-0.0495,0.0782
1779816504615,1,12.00000015,Lower Delivery,Loading,pitch.0,333195,-0.2824,-0.7254,0.8993,-0.0706,-0.0245,0.0122,0.0,0.0
1779816504615,1,12.00000018,Upper Delivery,Loading,pitch.0,333750,1.1531,0.8377,0.4026,0.9097,0.0299,1.5887,0.0,0.0
1779816504615,1,Pitching Mound.Delivery,,Loading,pitch.0,332959,0.8706,0.1122,1.3019,1.0079,0.0054,2.089,0.0,0.0
1779816504615,1,Pitching Mound.Drive,,Loading,pitch.0,333466,-1.531,5.3256,53.1684,39.1774,24.7873,4.8842,-0.0495,0.0782
1779816504615,1,Pitching Mound.Parent,,Loading,pitch.0,332667,-0.6603,5.4378,54.4703,40.1853,24.7926,6.9732,-0.0483,0.0795
1779816504616,1,11.0000004b,Drive,Loading,pitch.0,333467,-1.5333,5.3207,53.0041,39.091,24.932,4.9187,-0.0499,0.0783
1779816504616,1,12.00000015,Lower Delivery,Loading,pitch.0,333196,-0.2906,-0.7232,0.9273,-0.0732,-0.024,0.0146,0.0,0.0
1779816504616,1,12.00000018,Upper Delivery,Loading,pitch.0,333751,1.1568,0.8669,0.3476,0.9843,-0.1638,1.58,0.0,0.0
1779816504616,1,Pitching Mound.Delivery,,Loading,pitch.0,332960,0.8662,0.1436,1.275,1.1081,-0.1879,2.0868,0.0,0.0
1779816504616,1,Pitching Mound.Drive,,Loading,pitch.0,333467,-1.5333,5.3207,53.0041,39.091,24.932,4.9187,-0.0499,0.0783
1779816504616,1,Pitching Mound.Parent,,Loading,pitch.0,332668,-0.667,5.4643,54.2791,40.1992,24.7441,7.0054,-0.0488,0.0801
1779816504617,1,11.0000004b,Drive,Loading,pitch.0,333468,-1.5214,5.3117,53.0302,39.0219,24.6532,4.9158,-0.0494,0.0781
1779816504617,1,12.00000015,Lower Delivery,Loading,pitch.0,333197,-0.2742,-0.7081,0.8057,-0.0744,-0.0183,0.0174,0.0,0.0
1779816504617,1,12.00000018,Upper Delivery,Loading,pitch.0,333752,1.1619,0.855,0.3049,1.0667,-0.3816,1.557,0.0,0.0
1779816504617,1,Pitching Mound.Delivery,,Loading,pitch.0,332961,0.8877,0.1469,1.1107,1.1625,-0.3999,2.0627,0.0,0.0
1779816504617,1,Pitching Mound.Drive,,Loading,pitch.0,333468,-1.5214,5.3117,53.0302,39.0219,24.6532,4.9158,-0.0494,0.0781
1779816504617,1,Pitching Mound.Parent,,Loading,pitch.0,332669,-0.6336,5.4586,54.1409,40.1844,24.2533,6.9784,-0.0483,0.0797
1779816504618,1,11.0000004b,Drive,Loading,pitch.0,333469,-1.5301,5.3112,52.8389,38.9724,24.7677,4.9485,-0.0498,0.0783
1779816504618,1,12.00000015,Lower Delivery,Loading,pitch.0,333198,-0.2726,-0.7086,0.8043,-0.0847,-0.0237,0.0023,0.0,0.0
1779816504618,1,12.00000018,Upper Delivery,Loading,pitch.0,333753,1.189,0.926,0.2436,1.0673,-0.4069,1.58,0.0,0.0
1779816504618,1,Pitching Mound.Delivery,,Loading,pitch.0,332962,0.9164,0.2174,1.0479,1.1732,-0.4306,2.0792,0.0,0.0
1779816504618,1,Pitching Mound.Drive,,Loading,pitch.0,333469,-1.5301,5.3112,52.8389,38.9724,24.7677,4.9485,-0.0498,0.0783
1779816504618,1,Pitching Mound.Parent,,Loading,pitch.0,332670,-0.6137,5.5286,53.8868,40.1456,24.337,7.0277,-0.0488,0.0803
1779816504619,1,11.0000004b,Drive,Loading,pitch.0,333470,-1.5213,5.2958,52.7331,38.8854,24.8824,4.9187,-0.0501,0.0783
1779816504619,1,12.00000015,Lower Delivery,Loading,pitch.0,333199,-0.2915,-0.7127,0.8116,-0.084,-0.0226,0.0295,0.0,0.0
1779816504619,1,12.00000018,Upper Delivery,Loading,pitch.0,333754,1.1789,0.8911,0.292,1.1562,-0.5192,1.5626,0.0,0.0
1779816504619,1,Pitching Mound.Delivery,,Loading,pitch.0,332963,0.8874,0.1785,1.1036,1.2489,-0.5418,2.092,0.0,0.0
1779816504619,1,Pitching Mound.Drive,,Loading,pitch.0,333470,-1.5213,5.2958,52.7331,38.8854,24.8824,4.9187,-0.0501,0.0783
1779816504619,1,Pitching Mound.Parent,,Loading,pitch.0,332671,-0.6339,5.4743,53.8367,40.1342,24.3406,7.0107,-0.0491,0.08
1779816504620,1,11.0000004b,Drive,Loading,pitch.0,333471,-1.507,5.288,52.6788,38.8725,24.7609,4.9155,-0.0499,0.0783
1779816504620,1,12.00000015,Lower Delivery,Loading,pitch.0,333200,-0.2677,-0.7264,0.8139,-0.0859,-0.0143,-0.0052,0.0,0.0
1779816504620,1,12.00000018,Upper Delivery,Loading,pitch.0,333755,1.155,0.941,0.3228,1.04,-0.4528,1.5342,0.0,0.0
1779816504620,1,Pitching Mound.Delivery,,Loading,pitch.0,332964,0.8873,0.2146,1.1367,1.1211,-0.4671,2.0127,0.0,0.0
1779816504620,1,Pitching Mound.Drive,,Loading,pitch.0,333471,-1.507,5.288,52.6788,38.8725,24.7609,4.9155,-0.0499,0.0783
1779816504620,1,Pitching Mound.Parent,,Loading,pitch.0,332672,-0.6197,5.5026,53.8155,39.9935,24.2938,6.9281,-0.0488,0.0798
1779816504621,1,11.0000004b,Drive,Loading,pitch.0,333472,-1.5112,5.287,52.5445,38.7076,24.7061,4.9207,-0.0499,0.0782
1779816504621,1,12.00000015,Lower Delivery,Loading,pitch.0,333201,-0.2544,-0.7354,0.7861,-0.0882,-0.0126,-0.0026,0.0,0.0
1779816504621,1,12.00000018,Upper Delivery,Loading,pitch.0,333756,1.1237,0.9515,0.3391,1.1248,-0.4958,1.6268,0.0,0.0
1779816504621,1,Pitching Mound.Delivery,,Loading,pitch.0,332965,0.8692,0.2161,1.1252,1.1886,-0.5085,2.0928,0.0,0.0
1779816504621,1,Pitching Mound.Drive,,Loading,pitch.0,333472,-1.5112,5.287,52.5445,38.7076,24.7061,4.9207,-0.0499,0.0782
1779816504621,1,Pitching Mound.Parent,,Loading,pitch.0,332673,-0.6419,5.5031,53.6697,39.8961,24.1976,7.0135,-0.0489,0.0794
1779816504622,1,11.0000004b,Drive,Loading,pitch.0,333473,-1.5094,5.2741,52.4893,38.6558,24.7405,4.9023,-0.05,0.0782
1779816504622,1,12.00000015,Lower Delivery,Loading,pitch.0,333202,-0.2577,-0.7536,0.756,-0.0832,0.0003,0.0164,0.0,0.0
1779816504622,1,12.00000018,Upper Delivery,Loading,pitch.0,333757,1.1351,0.8996,0.3157,1.0811,-0.5606,1.6273,0.0,0.0
1779816504622,1,Pitching Mound.Delivery,,Loading,pitch.0,332966,0.8774,0.146,1.0717,1.1476,-0.5603,2.1173,0.0,0.0
1779816504622,1,Pitching Mound.Drive,,Loading,pitch.0,333473,-1.5094,5.2741,52.4893,38.6558,24.7405,4.9023,-0.05,0.0782
1779816504622,1,Pitching Mound.Parent,,Loading,pitch.0,332674,-0.632,5.4201,53.561,39.8034,24.1802,7.0196,-0.049,0.0794
1779816504623,1,11.0000004b,Drive,Loading,pitch.0,333474,-1.5021,5.2795,52.3946,38.6018,24.6322,4.9204,-0.0499,0.0782
1779816504623,1,12.00000015,Lower Delivery,Loading,pitch.0,333203,-0.2464,-0.7672,0.7935,-0.0856,-0.0007,-0.0088,0.0,0.0
1779816504623,1,12.00000018,Upper Delivery,Loading,pitch.0,333758,1.1388,0.9221,0.3397,1.0165,-0.5305,1.6601,0.0,0.0
1779816504623,1,Pitching Mound.Delivery,,Loading,pitch.0,332967,0.8924,0.1549,1.1332,1.0852,-0.5312,2.1222,0.0,0.0
1779816504623,1,Pitching Mound.Drive,,Loading,pitch.0,333474,-1.5021,5.2795,52.3946,38.6018,24.6322,4.9204,-0.0499,0.0782
1779816504623,1,Pitching Mound.Parent,,Loading,pitch.0,332675,-0.6097,5.4344,53.5278,39.687,24.101,7.0426,-0.0489,0.0794
1779816504624,1,11.0000004b,Drive,Loading,pitch.0,333475,-1.506,5.2736,52.2203,38.5089,24.6314,4.93,-0.0501,0.0783
1779816504624,1,12.00000015,Lower Delivery,Loading,pitch.0,333204,-0.2436,-0.7476,0.754,-0.0837,0.0024,-0.0132,0.0,0.0
1779816504624,1,12.00000018,Upper Delivery,Loading,pitch.0,333759,1.1178,0.8684,0.2814,0.9934,-0.4267,1.6634,0.0,0.0
1779816504624,1,Pitching Mound.Delivery,,Loading,pitch.0,332968,0.8743,0.1208,1.0354,1.0704,-0.4243,2.1131,0.0,0.0
1779816504624,1,Pitching Mound.Drive,,Loading,pitch.0,333475,-1.506,5.2736,52.2203,38.5089,24.6314,4.93,-0.0501,0.0783
1779816504624,1,Pitching Mound.Parent,,Loading,pitch.0,332676,-0.6317,5.3944,53.2557,39.5793,24.2071,7.043,-0.0491,0.0798
1779816504625,1,11.0000004b,Drive,Loading,pitch.0,333476,-1.4874,5.2738,52.2653,38.4927,24.5324,4.9276,-0.0498,0.0782
1779816504625,1,12.00000015,Lower Delivery,Loading,pitch.0,333205,-0.2438,-0.758,0.8289,-0.0655,0.0047,0.0146,0.0,0.0
1779816504625,1,12.00000018,Upper Delivery,Loading,pitch.0,333760,1.1236,0.9215,0.3287,0.9688,-0.5285,1.6797,0.0,0.0
1779816504625,1,Pitching Mound.Delivery,,Loading,pitch.0,332969,0.8798,0.1636,1.1577,1.0733,-0.5237,2.1592,0.0,0.0
1779816504625,1,Pitching Mound.Drive,,Loading,pitch.0,333476,-1.4874,5.2738,52.2653,38.4927,24.5324,4.9276,-0.0498,0.0782
1779816504625,1,Pitching Mound.Parent,,Loading,pitch.0,332677,-0.6076,5.4373,53.4229,39.566,24.0087,7.0869,-0.0488,0.0797
1779816504626,1,11.0000004b,Drive,Loading,pitch.0,333477,-1.4876,5.2719,52.1098,38.4112,24.5006,4.9269,-0.0499,0.0783
1779816504626,1,12.00000015,Lower Delivery,Loading,pitch.0,333206,-0.2351,-0.7516,0.8792,-0.0799,-0.0086,-0.0061,0.0,0.0
1779816504626,1,12.00000018,Upper Delivery,Loading,pitch.0,333761,1.1059,0.9129,0.3564,0.9182,-0.2244,1.7137,0.0,0.0
1779816504626,1,Pitching Mound.Delivery,,Loading,pitch.0,332970,0.8708,0.1613,1.2356,1.0161,-0.2329,2.1636,0.0,0.0
1779816504626,1,Pitching Mound.Drive,,Loading,pitch.0,333477,-1.4876,5.2719,52.1098,38.4112,24.5006,4.9269,-0.0499,0.0783
1779816504626,1,Pitching Mound.Parent,,Loading,pitch.0,332678,-0.6168,5.4332,53.3454,39.4272,24.2676,7.0905,-0.0488,0.0798
1779816504627,1,11.0000004b,Drive,Loading,pitch.0,333478,-1.4953,5.2691,52.105,38.3406,24.3645,4.898,-0.0496,0.0781
1779816504627,1,12.00000015,Lower Delivery,Loading,pitch.0,333207,-0.2064,-0.7526,0.908,-0.0733,-0.0124,0.0292,0.0,0.0
1779816504627,1,12.00000018,Upper Delivery,Loading,pitch.0,333762,1.104,0.8751,0.305,0.9409,-0.3964,1.7066,0.0,0.0
1779816504627,1,Pitching Mound.Delivery,,Loading,pitch.0,332971,0.8976,0.1226,1.213,1.0727,-0.4088,2.1814,0.0,0.0
1779816504627,1,Pitching Mound.Drive,,Loading,pitch.0,333478,-1.4953,5.2691,52.105,38.3406,24.3645,4.898,-0.0496,0.0781
1779816504627,1,Pitching Mound.Parent,,Loading,pitch.0,332679,-0.5976,5.3916,53.318,39.4133,23.9556,7.0794,-0.0485,0.0802
1779816504628,1,11.0000004b,Drive,Loading,pitch.0,333479,-1.4885,5.2605,52.0784,38.2727,24.1135,4.9318,-0.0492,0.078
1779816504628,1,12.00000015,Lower Delivery,Loading,pitch.0,333208,-0.2084,-0.732,0.8782,-0.085,-0.0192,-0.011,0.0,0.0
1779816504628,1,12.00000018,Upper Delivery,Loading,pitch.0,333763,1.1207,0.8708,0.2545,0.962,-0.3326,1.7024,0.0,0.0
1779816504628,1,Pitching Mound.Delivery,,Loading,pitch.0,332972,0.9123,0.1388,1.1326,1.089,-0.3519,2.1433,0.0,0.0
1779816504628,1,Pitching Mound.Drive,,Loading,pitch.0,333479,-1.4885,5.2605,52.0784,38.2727,24.1135,4.9318,-0.0492,0.078
1779816504628,1,Pitching Mound.Parent,,Loading,pitch.0,332680,-0.5762,5.3994,53.211,39.3617,23.7616,7.0751,-0.0481,0.0803
1779816504629,1,11.0000004b,Drive,Loading,pitch.0,333480,-1.5025,5.2723,52.0462,38.3067,24.1281,4.9316,-0.0492,0.0781
1779816504629,1,12.00000015,Lower Delivery,Loading,pitch.0,333209,-0.2039,-0.7386,0.8811,-0.0816,-0.0219,-0.014,0.0,0.0
1779816504629,1,12.00000018,Upper Delivery,Loading,pitch.0,333764,1.0836,0.884,0.2992,1.0117,-0.3273,1.6959,0.0,0.0
1779816504629,1,Pitching Mound.Delivery,,Loading,pitch.0,332973,0.8797,0.1454,1.1802,1.128,-0.3492,2.1196,0.0,0.0
1779816504629,1,Pitching Mound.Drive,,Loading,pitch.0,333480,-1.5025,5.2723,52.0462,38.3067,24.1281,4.9316,-0.0492,0.0781
1779816504629,1,Pitching Mound.Parent,,Loading,pitch.0,332681,-0.6228,5.4177,53.2264,39.4347,23.7789,7.0512,-0.0481,0.0801
1779816504630,1,11.0000004b,Drive,Loading,pitch.0,333481,-1.5026,5.2718,52.0347,38.1828,24.0053,4.9686,-0.049,0.0779
1779816504630,1,12.00000015,Lower Delivery,Loading,pitch.0,333210,-0.1988,-0.7338,0.8714,-0.0872,-0.0172,-0.0151,0.0,0.0
1779816504630,1,12.00000018,Upper Delivery,Loading,pitch.0,333765,1.0752,0.9063,0.286,0.896,-0.0712,1.6566,0.0,0.0
1779816504630,1,Pitching Mound.Delivery,,Loading,pitch.0,332974,0.8764,0.1725,1.1573,1.0078,-0.0884,2.0746,0.0,0.0
1779816504630,1,Pitching Mound.Drive,,Loading,pitch.0,333481,-1.5026,5.2718,52.0347,38.1828,24.0053,4.9686,-0.049,0.0779
1779816504630,1,Pitching Mound.Parent,,Loading,pitch.0,332682,-0.6262,5.4443,53.1921,39.1906,23.917,7.0432,-0.0479,0.0799
1779816504631,1,11.0000004b,Drive,Loading,pitch.0,333482,-1.5141,5.2674,51.9942,38.136,23.9331,4.9795,-0.0489,0.0779
1779816504631,1,12.00000015,Lower Delivery,Loading,pitch.0,333211,-0.2171,-0.715,0.8077,-0.0904,-0.0259,-0.0124,0.0,0.0
1779816504631,1,12.00000018,Upper Delivery,Loading,pitch.0,333766,1.066,0.8972,0.3016,0.8485,-0.0387,1.6377,0.0,0.0
1779816504631,1,Pitching Mound.Delivery,,Loading,pitch.0,332975,0.849,0.1822,1.1093,0.9302,-0.0645,2.0615,0.0,0.0
1779816504631,1,Pitching Mound.Drive,,Loading,pitch.0,333482,-1.5141,5.2674,51.9942,38.136,23.9331,4.9795,-0.0489,0.0779
1779816504631,1,Pitching Mound.Parent,,Loading,pitch.0,332683,-0.6652,5.4496,53.1035,39.0662,23.8686,7.041,-0.0478,0.0795
1779816504632,1,11.0000004b,Drive,Loading,pitch.0,333483,-1.5254,5.2638,51.9874,38.1559,23.8853,5.0124,-0.0488,0.0779
1779816504632,1,12.00000015,Lower Delivery,Loading,pitch.0,333212,-0.2305,-0.7031,0.7619,-0.0882,-0.0268,-0.0149,0.0,0.0
1779816504632,1,12.00000018,Upper Delivery,Loading,pitch.0,333767,1.0539,0.8923,0.3276,0.824,-0.113,1.6334,0.0,0.0
1779816504632,1,Pitching Mound.Delivery,,Loading,pitch.0,332976,0.8234,0.1891,1.0895,0.8835,-0.1398,2.0552,0.0,0.0
1779816504632,1,Pitching Mound.Drive,,Loading,pitch.0,333483,-1.5254,5.2638,51.9874,38.1559,23.8853,5.0124,-0.0488,0.0779
1779816504632,1,Pitching Mound.Parent,,Loading,pitch.0,332684,-0.702,5.4529,53.0769,39.0394,23.7455,7.0676,-0.0478,0.0791
1779816504633,1,11.0000004b,Drive,Loading,pitch.0,333484,-1.5387,5.2591,51.9177,38.0851,23.8931,5.0706,-0.0489,0.0779
1779816504633,1,12.00000015,Lower Delivery,Loading,pitch.0,333213,-0.2267,-0.6987,0.8137,-0.0854,-0.0291,-0.0026,0.0,0.0
1779816504633,1,12.00000018,Upper Delivery,Loading,pitch.0,333768,1.0456,0.8733,0.352,0.832,-0.0428,1.5886,0.0,0.0
1779816504633,1,Pitching Mound.Delivery,,Loading,pitch.0,332977,0.8189,0.1745,1.1656,0.9036,-0.0719,2.0186,0.0,0.0
1779816504633,1,Pitching Mound.Drive,,Loading,pitch.0,333484,-1.5387,5.2591,51.9177,38.0851,23.8931,5.0706,-0.0489,0.0779
1779816504633,1,Pitching Mound.Parent,,Loading,pitch.0,332685,-0.7198,5.4336,53.0834,38.9886,23.8212,7.0892,-0.0478,0.0791
1779816504634,1,11.0000004b,Drive,Loading,pitch.0,333485,-1.5476,5.2485,51.8592,38.0335,23.786,5.0655,-0.0487,0.0779
1779816504634,1,12.00000015,Lower Delivery,Loading,pitch.0,333214,-0.2478,-0.6968,0.8146,-0.0767,-0.0318,0.0157,0.0,0.0
1779816504634,1,12.00000018,Upper Delivery,Loading,pitch.0,333769,1.0246,0.8698,0.3732,0.8046,-0.0439,1.5543,0.0,0.0
1779816504634,1,Pitching Mound.Delivery,,Loading,pitch.0,332978,0.7768,0.173,1.1878,0.878,-0.0756,2.0026,0.0,0.0
1779816504634,1,Pitching Mound.Drive,,Loading,pitch.0,333485,-1.5476,5.2485,51.8592,38.0335,23.786,5.0655,-0.0487,0.0779
1779816504634,1,Pitching Mound.Parent,,Loading,pitch.0,332686,-0.7708,5.4215,53.047,38.9115,23.7103,7.068,-0.0476,0.0789
1779816504635,1,11.0000004b,Drive,Loading,pitch.0,333486,-1.5696,5.2452,51.8121,37.9952,23.7512,5.0951,-0.0487,0.0779
1779816504635,1,12.00000015,Lower Delivery,Loading,pitch.0,333215,-0.2523,-0.6999,0.8372,-0.0802,-0.0307,0.0158,0.0,0.0
1779816504635,1,12.00000018,Upper Delivery,Loading,pitch.0,333770,1.0558,0.8732,0.3199,0.747,0.0723,1.5403,0.0,0.0
1779816504635,1,Pitching Mound.Delivery,,Loading,pitch.0,332979,0.8035,0.1733,1.157,0.8428,0.0416,2.0009,0.0,0.0
1779816504635,1,Pitching Mound.Drive,,Loading,pitch.0,333486,-1.5696,5.2452,51.8121,37.9952,23.7512,5.0951,-0.0487,0.0779
1779816504635,1,Pitching Mound.Parent,,Loading,pitch.0,332687,-0.7661,5.4185,52.9691,38.838,23.7928,7.0959,-0.0476,0.0795
1779816504636,1,11.0000004b,Drive,Loading,pitch.0,333487,-1.5799,5.238,51.7628,37.9115,23.6509,5.1176,-0.0485,0.0778
1779816504636,1,12.00000015,Lower Delivery,Loading,pitch.0,333216,-0.2694,-0.7083,0.8754,-0.0829,-0.0267,0.0086,0.0,0.0
1779816504636,1,12.00000018,Upper Delivery,Loading,pitch.0,333771,1.0985,0.855,0.2693,0.7736,-0.1208,1.5477,0.0,0.0
1779816504636,1,Pitching Mound.Delivery,,Loading,pitch.0,332980,0.8292,0.1467,1.1447,0.8967,-0.1476,2.0213,0.0,0.0
1779816504636,1,Pitching Mound.Drive,,Loading,pitch.0,333487,-1.5799,5.238,51.7628,37.9115,23.6509,5.1176,-0.0485,0.0778
1779816504636,1,Pitching Mound.Parent,,Loading,pitch.0,332688,-0.7507,5.3847,52.9075,38.8082,23.5033,7.1389,-0.0475,0.08
1779816504637,1,11.0000004b,Drive,Loading,pitch.0,333488,-1.5804,5.2376,51.6496,37.9379,23.6292,5.1518,-0.0486,0.078
1779816504637,1,12.00000015,Lower Delivery,Loading,pitch.0,333217,-0.2699,-0.7199,0.8633,-0.0816,-0.0181,0.0262,0.0,0.0
1779816504637,1,12.00000018,Upper Delivery,Loading,pitch.0,333772,1.0853,0.8136,0.292,0.6986,-0.0996,1.5569,0.0,0.0
1779816504637,1,Pitching Mound.Delivery,,Loading,pitch.0,332981,0.8154,0.0937,1.1552,0.8113,-0.1177,2.0439,0.0,0.0
1779816504637,1,Pitching Mound.Drive,,Loading,pitch.0,333488,-1.5804,5.2376,51.6496,37.9379,23.6292,5.1518,-0.0486,0.078
1779816504637,1,Pitching Mound.Parent,,Loading,pitch.0,332689,-0.765,5.3313,52.8049,38.7491,23.5115,7.1956,-0.0475,0.08
1779816504638,1,11.0000004b,Drive,Loading,pitch.0,333489,-1.5791,5.2495,51.6987,37.8851,23.3213,5.1807,-0.0479,0.0778
1779816504638,1,12.00000015,Lower Delivery,Loading,pitch.0,333218,-0.2592,-0.7154,0.8709,-0.0823,-0.0186,0.012,0.0,0.0
1779816504638,1,12.00000018,Upper Delivery,Loading,pitch.0,333773,1.0958,0.8217,0.2291,0.6854,0.114,1.5543,0.0,0.0
1779816504638,1,Pitching Mound.Delivery,,Loading,pitch.0,332982,0.8366,0.1063,1.1,0.8213,0.0954,2.027,0.0,0.0
1779816504638,1,Pitching Mound.Drive,,Loading,pitch.0,333489,-1.5791,5.2495,51.6987,37.8851,23.3213,5.1807,-0.0479,0.0778
1779816504638,1,Pitching Mound.Parent,,Loading,pitch.0,332690,-0.7424,5.3558,52.7987,38.7065,23.4166,7.2077,-0.0469,0.0803
1779816504639,1,11.0000004b,Drive,Loading,pitch.0,333490,-1.5938,5.2492,51.5822,37.8518,23.4278,5.2036,-0.0482,0.0779
1779816504639,1,12.00000015,Lower Delivery,Loading,pitch.0,333219,-0.2685,-0.7089,0.909,-0.0803,-0.0213,0.0254,0.0,0.0
1779816504639,1,12.00000018,Upper Delivery,Loading,pitch.0,333774,1.1079,0.8326,0.2517,0.7498,-0.1163,1.5549,0.0,0.0
1779816504639,1,Pitching Mound.Delivery,,Loading,pitch.0,332983,0.8394,0.1238,1.1607,0.893,-0.1376,2.0483,0.0,0.0
1779816504639,1,Pitching Mound.Drive,,Loading,pitch.0,333490,-1.5938,5.2492,51.5822,37.8518,23.4278,5.2036,-0.0482,0.0779
1779816504639,1,Pitching Mound.Parent,,Loading,pitch.0,332691,-0.7544,5.373,52.7429,38.7448,23.2902,7.2519,-0.0472,0.0804
1779816504640,1,11.0000004b,Drive,Loading,pitch.0,333491,-1.6221,5.25,51.5641,37.7852,23.4039,5.227,-0.0482,0.0778
1779816504640,1,12.00000015,Lower Delivery,Loading,pitch.0,333220,-0.2573,-0.7225,0.8996,-0.0796,-0.018,0.0221,0.0,0.0
1779816504640,1,12.00000018,Upper Delivery,Loading,pitch.0,333775,1.1516,0.8351,0.2433,0.7509,-0.1605,1.5877,0.0,0.0
1779816504640,1,Pitching Mound.Delivery,,Loading,pitch.0,332984,0.8944,0.1127,1.1429,0.8944,-0.1786,2.0888,0.0,0.0
1779816504640,1,Pitching Mound.Drive,,Loading,pitch.0,333491,-1.6221,5.25,51.5641,37.7852,23.4039,5.227,-0.0482,0.0778
1779816504640,1,Pitching Mound.Parent,,Loading,pitch.0,332692,-0.7277,5.3627,52.7069,38.6796,23.2253,7.3159,-0.0471,0.0803
1779816504641,1,11.0000004b,Drive,Loading,pitch.0,333492,-1.6309,5.2686,51.5294,37.8201,23.4441,5.2499,-0.0483,0.0779
1779816504641,1,12.00000015,Lower Delivery,Loading,pitch.0,333221,-0.263,-0.7147,0.9276,-0.0808,-0.0147,0.0043,0.0,0.0
1779816504641,1,12.00000018,Upper Delivery,Loading,pitch.0,333776,1.1531,0.8573,0.2609,0.7666,-0.1391,1.5974,0.0,0.0
1779816504641,1,Pitching Mound.Delivery,,Loading,pitch.0,332985,0.8901,0.1426,1.1884,0.9125,-0.1538,2.0832,0.0,0.0
1779816504641,1,Pitching Mound.Drive,,Loading,pitch.0,333492,-1.6309,5.2686,51.5294,37.8201,23.4441,5.2499,-0.0483,0.0779
1779816504641,1,Pitching Mound.Parent,,Loading,pitch.0,332693,-0.7408,5.4112,52.7178,38.7325,23.2903,7.3331,-0.0472,0.0805
1779816504642,1,11.0000004b,Drive,Loading,pitch.0,333493,-1.662,5.2715,51.5014,37.7961,23.5169,5.2723,-0.0485,0.0779
1779816504642,1,12.00000015,Lower Delivery,Loading,pitch.0,333222,-0.2686,-0.7259,0.8593,-0.0775,-0.0115,-0.0019,0.0,0.0
1779816504642,1,12.00000018,Upper Delivery,Loading,pitch.0,333777,1.1808,0.8588,0.2879,0.7197,-0.1424,1.594,0.0,0.0
1779816504642,1,Pitching Mound.Delivery,,Loading,pitch.0,332986,0.9122,0.1328,1.1472,0.8365,-0.154,2.0849,0.0,0.0
1779816504642,1,Pitching Mound.Drive,,Loading,pitch.0,333493,-1.662,5.2715,51.5014,37.7961,23.5169,5.2723,-0.0485,0.0779
1779816504642,1,Pitching Mound.Parent,,Loading,pitch.0,332694,-0.7498,5.4043,52.6487,38.6326,23.363,7.3572,-0.0474,0.0799
1779816504643,1,11.0000004b,Drive,Loading,pitch.0,333494,-1.6416,5.2789,51.498,37.7441,23.3347,5.2915,-0.0481,0.0778
1779816504643,1,12.00000015,Lower Delivery,Loading,pitch.0,333223,-0.2379,-0.7124,0.9192,-0.0807,-0.0192,0.0192,0.0,0.0
1779816504643,1,12.00000018,Upper Delivery,Loading,pitch.0,333778,1.1986,0.8882,0.3073,0.6575,-0.1153,1.5857,0.0,0.0
1779816504643,1,Pitching Mound.Delivery,,Loading,pitch.0,332987,0.9607,0.1758,1.2265,0.7849,-0.1345,2.0933,0.0,0.0
1779816504643,1,Pitching Mound.Drive,,Loading,pitch.0,333494,-1.6416,5.2789,51.498,37.7441,23.3347,5.2915,-0.0481,0.0778
1779816504643,1,Pitching Mound.Parent,,Loading,pitch.0,332695,-0.6809,5.4547,52.7244,38.5289,23.2002,7.3848,-0.047,0.0799
1779816504644,1,11.0000004b,Drive,Loading,pitch.0,333495,-1.6566,5.2883,51.5941,37.8117,23.0181,5.3126,-0.0474,0.0778
1779816504644,1,12.00000015,Lower Delivery,Loading,pitch.0,333224,-0.2511,-0.7218,0.8497,-0.0715,-0.0055,0.0286,0.0,0.0
1779816504644,1,12.00000018,Upper Delivery,Loading,pitch.0,333779,1.1633,0.8704,0.2662,0.7348,-0.0086,1.6049,0.0,0.0
1779816504644,1,Pitching Mound.Delivery,,Loading,pitch.0,332988,0.9122,0.1486,1.1159,0.8617,-0.0141,2.1144,0.0,0.0
1779816504644,1,Pitching Mound.Drive,,Loading,pitch.0,333495,-1.6566,5.2883,51.5941,37.8117,23.0181,5.3126,-0.0474,0.0778
1779816504644,1,Pitching Mound.Parent,,Loading,pitch.0,332696,-0.7444,5.4369,52.71,38.6735,23.004,7.4271,-0.0464,0.0799
1779816504645,1,11.0000004b,Drive,Loading,pitch.0,333496,-1.6691,5.289,51.5784,37.823,22.9695,5.324,-0.0473,0.0779
1779816504645,1,12.00000015,Lower Delivery,Loading,pitch.0,333225,-0.2713,-0.741,0.9007,-0.07,0.0032,0.049,0.0,0.0
1779816504645,1,12.00000018,Upper Delivery,Loading,pitch.0,333780,1.1208,0.8173,0.3087,0.6427,0.0596,1.5968,0.0,0.0
1779816504645,1,Pitching Mound.Delivery,,Loading,pitch.0,332989,0.8495,0.0764,1.2094,0.774,0.0628,2.1191,0.0,0.0
1779816504645,1,Pitching Mound.Drive,,Loading,pitch.0,333496,-1.6691,5.289,51.5784,37.823,22.9695,5.324,-0.0473,0.0779
1779816504645,1,Pitching Mound.Parent,,Loading,pitch.0,332697,-0.8196,5.3654,52.7879,38.597,23.0323,7.4431,-0.0462,0.0799
1779816504646,1,11.0000004b,Drive,Loading,pitch.0,333497,-1.6789,5.3126,51.5803,37.9736,23.0381,5.3501,-0.0474,0.0782
1779816504646,1,12.00000015,Lower Delivery,Loading,pitch.0,333226,-0.2563,-0.7559,0.8074,-0.0652,0.0137,0.0426,0.0,0.0
1779816504646,1,12.00000018,Upper Delivery,Loading,pitch.0,333781,1.1455,0.8194,0.3716,0.7297,-0.1055,1.5903,0.0,0.0
1779816504646,1,Pitching Mound.Delivery,,Loading,pitch.0,332990,0.8892,0.0634,1.1791,0.8127,-0.0918,2.1096,0.0,0.0
1779816504646,1,Pitching Mound.Drive,,Loading,pitch.0,333497,-1.6789,5.3126,51.5803,37.9736,23.0381,5.3501,-0.0474,0.0782
1779816504646,1,Pitching Mound.Parent,,Loading,pitch.0,332698,-0.7897,5.3761,52.7593,38.7864,22.9463,7.4597,-0.0464,0.0792
1779816504647,1,11.0000004b,Drive,Loading,pitch.0,333498,-1.6935,5.3226,51.5298,37.9104,23.0435,5.3708,-0.0475,0.0781
1779816504647,1,12.00000015,Lower Delivery,Loading,pitch.0,333227,-0.2571,-0.7455,0.813,-0.0681,0.0046,0.0275,0.0,0.0
1779816504647,1,12.00000018,Upper Delivery,Loading,pitch.0,333782,1.1287,0.7923,0.3926,0.7287,0.0178,1.561,0.0,0.0
1779816504647,1,Pitching Mound.Delivery,,Loading,pitch.0,332991,0.8716,0.0468,1.2056,0.8035,0.0224,2.0597,0.0,0.0
1779816504647,1,Pitching Mound.Drive,,Loading,pitch.0,333498,-1.6935,5.3226,51.5298,37.9104,23.0435,5.3708,-0.0475,0.0781
1779816504647,1,Pitching Mound.Parent,,Loading,pitch.0,332699,-0.8219,5.3694,52.7355,38.7139,23.0659,7.4305,-0.0464,0.079
1779816504648,1,11.0000004b,Drive,Loading,pitch.0,333499,-1.7208,5.3268,51.5932,37.8565,22.9127,5.4016,-0.0471,0.0779
1779816504648,1,12.00000015,Lower Delivery,Loading,pitch.0,333228,-0.2745,-0.7605,0.8617,-0.0615,0.0054,0.0515,0.0,0.0
1779816504648,1,12.00000018,Upper Delivery,Loading,pitch.0,333783,1.1293,0.8046,0.33,0.7855,0.0303,1.6041,0.0,0.0
1779816504648,1,Pitching Mound.Delivery,,Loading,pitch.0,332992,0.8548,0.0442,1.1916,0.9048,0.0357,2.1329,0.0,0.0
1779816504648,1,Pitching Mound.Drive,,Loading,pitch.0,333499,-1.7208,5.3268,51.5932,37.8565,22.9127,5.4016,-0.0471,0.0779
1779816504648,1,Pitching Mound.Parent,,Loading,pitch.0,332700,-0.866,5.371,52.7848,38.7612,22.9484,7.5345,-0.0461,0.0796
1779816504649,1,11.0000004b,Drive,Loading,pitch.0,333500,-1.7382,5.328,51.5748,37.8463,22.9836,5.4166,-0.0473,0.0779
1779816504649,1,12.00000015,Lower Delivery,Loading,pitch.0,333229,-0.2941,-0.7501,0.8238,-0.0598,0.0178,0.0413,0.0,0.0
1779816504649,1,12.00000018,Upper Delivery,Loading,pitch.0,333784,1.1468,0.8258,0.3296,0.8289,-0.1985,1.5697,0.0,0.0
1779816504649,1,Pitching Mound.Delivery,,Loading,pitch.0,332993,0.8527,0.0757,1.1533,0.9371,-0.1808,2.1009,0.0,0.0
1779816504649,1,Pitching Mound.Drive,,Loading,pitch.0,333500,-1.7382,5.328,51.5748,37.8463,22.9836,5.4166,-0.0473,0.0779
1779816504649,1,Pitching Mound.Parent,,Loading,pitch.0,332701,-0.8855,5.4037,52.7281,38.7834,22.8028,7.5175,-0.0463,0.0794
1779816504650,1,11.0000004b,Drive,Loading,pitch.0,333501,-1.753,5.3469,51.616,37.9116,22.9975,5.4459,-0.0473,0.078
1779816504650,1,12.00000015,Lower Delivery,Loading,pitch.0,333230,-0.2844,-0.7459,0.809,-0.0623,0.0176,0.0148,0.0,0.0
1779816504650,1,12.00000018,Upper Delivery,Loading,pitch.0,333785,1.1282,0.8225,0.3147,0.7906,-0.2713,1.5409,0.0,0.0
1779816504650,1,Pitching Mound.Delivery,,Loading,pitch.0,332994,0.8439,0.0766,1.1237,0.8963,-0.2537,2.036,0.0,0.0
1779816504650,1,Pitching Mound.Drive,,Loading,pitch.0,333501,-1.753,5.3469,51.616,37.9116,22.9975,5.4459,-0.0473,0.078
1779816504650,1,Pitching Mound.Parent,,Loading,pitch.0,332702,-0.9092,5.4235,52.7397,38.8079,22.7438,7.4819,-0.0463,0.0795
1779816504651,1,11.0000004b,Drive,Loading,pitch.0,333502,-1.7681,5.3355,51.688,37.8512,22.7254,5.4754,-0.0467,0.0777
1779816504651,1,12.00000015,Lower Delivery,Loading,pitch.0,333231,-0.2852,-0.7461,0.8019,-0.0618,0.0178,0.0288,0.0,0.0
1779816504651,1,12.00000018,Upper Delivery,Loading,pitch.0,333786,1.1576,0.8186,0.3849,0.8623,-0.3843,1.568,0.0,0.0
1779816504651,1,Pitching Mound.Delivery,,Loading,pitch.0,332995,0.8723,0.0725,1.1868,0.9423,-0.3664,2.0874,0.0,0.0
1779816504651,1,Pitching Mound.Drive,,Loading,pitch.0,333502,-1.7681,5.3355,51.688,37.8512,22.7254,5.4754,-0.0467,0.0777
1779816504651,1,Pitching Mound.Parent,,Loading,pitch.0,332703,-0.8958,5.408,52.8748,38.7935,22.3589,7.5628,-0.0456,0.0787
1779816504652,1,11.0000004b,Drive,Loading,pitch.0,333503,-1.7795,5.342,51.7292,37.8617,22.7216,5.4759,-0.0466,0.0777
1779816504652,1,12.00000015,Lower Delivery,Loading,pitch.0,333232,-0.2952,-0.7182,0.7011,-0.0538,0.0242,0.0498,0.0,0.0
1779816504652,1,12.00000018,Upper Delivery,Loading,pitch.0,333787,1.1629,0.8285,0.3157,0.9462,-0.5173,1.6027,0.0,0.0
1779816504652,1,Pitching Mound.Delivery,,Loading,pitch.0,332996,0.8678,0.1104,1.0168,1.0234,-0.4931,2.1482,0.0,0.0
1779816504652,1,Pitching Mound.Drive,,Loading,pitch.0,333503,-1.7795,5.342,51.7292,37.8617,22.7216,5.4759,-0.0466,0.0777
1779816504652,1,Pitching Mound.Parent,,Loading,pitch.0,332704,-0.9117,5.4523,52.746,38.8851,22.2285,7.6242,-0.0457,0.0787
1779816504653,1,11.0000004b,Drive,Loading,pitch.0,333504,-1.7845,5.3532,51.7009,37.8865,22.7285,5.5325,-0.0467,0.0778
1779816504653,1,12.00000015,Lower Delivery,Loading,pitch.0,333233,-0.2837,-0.709,0.7841,-0.0653,0.0124,0.0236,0.0,0.0
1779816504653,1,12.00000018,Upper Delivery,Loading,pitch.0,333788,1.186,0.8518,0.3397,1.0044,-0.6115,1.6264,0.0,0.0
1779816504653,1,Pitching Mound.Delivery,,Loading,pitch.0,332997,0.9022,0.1428,1.1238,1.0902,-0.5991,2.1497,0.0,0.0
1779816504653,1,Pitching Mound.Drive,,Loading,pitch.0,333504,-1.7845,5.3532,51.7009,37.8865,22.7285,5.5325,-0.0467,0.0778
1779816504653,1,Pitching Mound.Parent,,Loading,pitch.0,332705,-0.8823,5.496,52.8247,38.9768,22.1294,7.6821,-0.0457,0.079
1779816504654,1,11.0000004b,Drive,Loading,pitch.0,333505,-1.8116,5.3582,51.7128,37.8031,22.703,5.5643,-0.0466,0.0776
1779816504654,1,12.00000015,Lower Delivery,Loading,pitch.0,333234,-0.297,-0.7255,0.8128,-0.0659,0.013,0.0093,0.0,0.0
1779816504654,1,12.00000018,Upper Delivery,Loading,pitch.0,333789,1.1892,0.8514,0.3141,1.0105,-0.5502,1.6068,0.0,0.0
1779816504654,1,Pitching Mound.Delivery,,Loading,pitch.0,332998,0.8921,0.1259,1.1269,1.1141,-0.5372,2.1214,0.0,0.0
1779816504654,1,Pitching Mound.Drive,,Loading,pitch.0,333505,-1.8116,5.3582,51.7128,37.8031,22.703,5.5643,-0.0466,0.0776
1779816504654,1,Pitching Mound.Parent,,Loading,pitch.0,332706,-0.9195,5.4841,52.8397,38.9171,22.1659,7.6857,-0.0456,0.0792
1779816504655,1,11.0000004b,Drive,Loading,pitch.0,333506,-1.828,5.3689,51.7705,37.7879,22.7486,5.5713,-0.0466,0.0775
1779816504655,1,12.00000015,Lower Delivery,Loading,pitch.0,333235,-0.2932,-0.7086,0.7791,-0.071,0.0069,-0.0001,0.0,0.0
1779816504655,1,12.00000018,Upper Delivery,Loading,pitch.0,333790,1.1991,0.893,0.2369,1.1262,-0.4785,1.6382,0.0,0.0
1779816504655,1,Pitching Mound.Delivery,,Loading,pitch.0,332999,0.9059,0.1843,1.016,1.2395,-0.4716,2.1455,0.0,0.0
1779816504655,1,Pitching Mound.Drive,,Loading,pitch.0,333506,-1.828,5.3689,51.7705,37.7879,22.7486,5.5713,-0.0466,0.0775
1779816504655,1,Pitching Mound.Parent,,Loading,pitch.0,332707,-0.9221,5.5533,52.7865,39.0274,22.277,7.7167,-0.0458,0.0795
1779816504656,1,11.0000004b,Drive,Loading,pitch.0,333507,-1.8239,5.3737,51.706,37.6332,22.8579,5.6021,-0.0469,0.0773
1779816504656,1,12.00000015,Lower Delivery,Loading,pitch.0,333236,-0.2882,-0.7175,0.7853,-0.0722,0.0054,0.0007,0.0,0.0
1779816504656,1,12.00000018,Upper Delivery,Loading,pitch.0,333791,1.2222,0.9135,0.2129,1.1915,-0.7391,1.6424,0.0,0.0
1779816504656,1,Pitching Mound.Delivery,,Loading,pitch.0,333000,0.9339,0.196,0.9982,1.3139,-0.7337,2.1566,0.0,0.0
1779816504656,1,Pitching Mound.Drive,,Loading,pitch.0,333507,-1.8239,5.3737,51.706,37.6332,22.8579,5.6021,-0.0469,0.0773
1779816504656,1,Pitching Mound.Parent,,Loading,pitch.0,332708,-0.89,5.5697,52.7043,38.947,22.1241,7.7587,-0.046,0.0795
1779816504657,1,11.0000004b,Drive,Loading,pitch.0,333508,-1.8199,5.3771,51.763,37.7479,22.8746,5.6472,-0.0469,0.0774
1779816504657,1,12.00000015,Lower Delivery,Loading,pitch.0,333237,-0.2767,-0.7027,0.8322,-0.0818,-0.0168,0.0079,0.0,0.0
1779816504657,1,12.00000018,Upper Delivery,Loading,pitch.0,333792,1.2063,0.9329,0.1887,1.0496,-0.4026,1.6074,0.0,0.0
1779816504657,1,Pitching Mound.Delivery,,Loading,pitch.0,333001,0.9297,0.2302,1.0209,1.1865,-0.4194,2.1195,0.0,0.0
1779816504657,1,Pitching Mound.Drive,,Loading,pitch.0,333508,-1.8199,5.3771,51.763,37.7479,22.8746,5.6472,-0.0469,0.0774
1779816504657,1,Pitching Mound.Parent,,Loading,pitch.0,332709,-0.8902,5.6072,52.7839,38.9344,22.4551,7.7667,-0.046,0.0801
1779816504658,1,11.0000004b,Drive,Loading,pitch.0,333509,-1.8337,5.3713,51.7744,37.7117,22.8336,5.6248,-0.0468,0.0773
1779816504658,1,12.00000015,Lower Delivery,Loading,pitch.0,333238,-0.2653,-0.7262,0.7946,-0.0843,-0.0112,0.0031,0.0,0.0
1779816504658,1,12.00000018,Upper Delivery,Loading,pitch.0,333793,1.2278,0.9512,0.1245,1.1619,-0.4728,1.5765,0.0,0.0
1779816504658,1,Pitching Mound.Delivery,,Loading,pitch.0,333002,0.9624,0.225,0.9192,1.3054,-0.4841,2.0872,0.0,0.0
1779816504658,1,Pitching Mound.Drive,,Loading,pitch.0,333509,-1.8337,5.3713,51.7744,37.7117,22.8336,5.6248,-0.0468,0.0773
1779816504658,1,Pitching Mound.Parent,,Loading,pitch.0,332710,-0.8713,5.5963,52.6936,39.0171,22.3495,7.712,-0.046,0.0803
1779816504659,1,11.0000004b,Drive,Loading,pitch.0,333510,-1.8295,5.3795,51.7756,37.7714,22.8912,5.6257,-0.0469,0.0774
1779816504659,1,12.00000015,Lower Delivery,Loading,pitch.0,333239,-0.2505,-0.7384,0.8313,-0.0931,-0.0178,-0.0045,0.0,0.0
1779816504659,1,12.00000018,Upper Delivery,Loading,pitch.0,333794,1.2528,0.9405,0.1492,1.2396,-0.4857,1.5478,0.0,0.0
1779816504659,1,Pitching Mound.Delivery,,Loading,pitch.0,333003,1.0023,0.2021,0.9805,1.3784,-0.5034,2.0544,0.0,0.0
1779816504659,1,Pitching Mound.Drive,,Loading,pitch.0,333510,-1.8295,5.3795,51.7756,37.7714,22.8912,5.6257,-0.0469,0.0774
1779816504659,1,Pitching Mound.Parent,,Loading,pitch.0,332711,-0.8271,5.5816,52.7561,39.1498,22.3878,7.6802,-0.0461,0.0804
1779816504660,1,11.0000004b,Drive,Loading,pitch.0,333511,-1.8219,5.3839,51.7046,37.8205,23.0936,5.6494,-0.0474,0.0777
1779816504660,1,12.00000015,Lower Delivery,Loading,pitch.0,333240,-0.2534,-0.7367,0.8304,-0.0872,-0.0162,-0.0068,0.0,0.0
1779816504660,1,12.00000018,Upper Delivery,Loading,pitch.0,333795,1.2372,0.9106,0.1341,1.2434,-0.5689,1.6011,0.0,0.0
1779816504660,1,Pitching Mound.Delivery,,Loading,pitch.0,333004,0.9838,0.1739,0.9645,1.393,-0.5851,2.1011,0.0,0.0
1779816504660,1,Pitching Mound.Drive,,Loading,pitch.0,333511,-1.8219,5.3839,51.7046,37.8205,23.0936,5.6494,-0.0474,0.0777
1779816504660,1,Pitching Mound.Parent,,Loading,pitch.0,332712,-0.8381,5.5578,52.6691,39.2135,22.5084,7.7505,-0.0465,0.0807
1779816504661,1,11.0000004b,Drive,Loading,pitch.0,333512,-1.8112,5.3812,51.6545,37.8838,23.017,5.6625,-0.0473,0.0779
1779816504661,1,12.00000015,Lower Delivery,Loading,pitch.0,333241,-0.2454,-0.7205,0.842,-0.0915,-0.0191,-0.0093,0.0,0.0
1779816504661,1,12.00000018,Upper Delivery,Loading,pitch.0,333796,1.2241,0.8952,0.1485,1.2498,-0.5786,1.6087,0.0,0.0
1779816504661,1,Pitching Mound.Delivery,,Loading,pitch.0,333005,0.9787,0.1747,0.9906,1.3941,-0.5977,2.099,0.0,0.0
1779816504661,1,Pitching Mound.Drive,,Loading,pitch.0,333512,-1.8112,5.3812,51.6545,37.8838,23.017,5.6625,-0.0473,0.0779
1779816504661,1,Pitching Mound.Parent,,Loading,pitch.0,332713,-0.8324,5.5558,52.645,39.2779,22.4193,7.7615,-0.0464,0.0809
1779816504662,1,11.0000004b,Drive,Loading,pitch.0,333513,-1.7903,5.3801,51.613,37.8303,23.2156,5.659,-0.0478,0.0778
1779816504662,1,12.00000015,Lower Delivery,Loading,pitch.0,333242,-0.2588,-0.7041,0.7979,-0.0932,-0.0268,-0.0109,0.0,0.0
1779816504662,1,12.00000018,Upper Delivery,Loading,pitch.0,333797,1.1996,0.8764,0.106,1.2992,-0.6438,1.6026,0.0,0.0
1779816504662,1,Pitching Mound.Delivery,,Loading,pitch.0,333006,0.9408,0.1723,0.9038,1.4413,-0.6705,2.0876,0.0,0.0
1779816504662,1,Pitching Mound.Drive,,Loading,pitch.0,333513,-1.7903,5.3801,51.613,37.8303,23.2156,5.659,-0.0478,0.0778
1779816504662,1,Pitching Mound.Parent,,Loading,pitch.0,332714,-0.8494,5.5524,52.5168,39.2715,22.545,7.7466,-0.0469,0.081
1779816504663,1,11.0000004b,Drive,Loading,pitch.0,333514,-1.7848,5.3821,51.6059,37.7665,23.1913,5.6482,-0.0477,0.0777
1779816504663,1,12.00000015,Lower Delivery,Loading,pitch.0,333243,-0.2573,-0.7323,0.8978,-0.0879,-0.0163,-0.0013,0.0,0.0
1779816504663,1,12.00000018,Upper Delivery,Loading,pitch.0,333798,1.1952,0.8729,0.1127,1.3147,-0.6549,1.5669,0.0,0.0
1779816504663,1,Pitching Mound.Delivery,,Loading,pitch.0,333007,0.9379,0.1406,1.0105,1.4937,-0.6713,2.0594,0.0,0.0
1779816504663,1,Pitching Mound.Drive,,Loading,pitch.0,333514,-1.7848,5.3821,51.6059,37.7665,23.1913,5.6482,-0.0477,0.0777
1779816504663,1,Pitching Mound.Parent,,Loading,pitch.0,332715,-0.8469,5.5227,52.6164,39.2602,22.52,7.7076,-0.0468,0.0813
1779816504664,1,11.0000004b,Drive,Loading,pitch.0,333515,-1.7628,5.3584,51.6193,37.7628,23.2175,5.6125,-0.0478,0.0777
1779816504664,1,12.00000015,Lower Delivery,Loading,pitch.0,333244,-0.2641,-0.7277,0.9297,-0.0842,-0.0173,-0.0046,0.0,0.0
1779816504664,1,12.00000018,Upper Delivery,Loading,pitch.0,333799,1.1767,0.8548,0.1345,1.2469,-0.6615,1.5694,0.0,0.0
1779816504664,1,Pitching Mound.Delivery,,Loading,pitch.0,333008,0.9126,0.1271,1.0642,1.433,-0.6788,2.0546,0.0,0.0
1779816504664,1,Pitching Mound.Drive,,Loading,pitch.0,333515,-1.7628,5.3584,51.6193,37.7628,23.2175,5.6125,-0.0478,0.0777
1779816504664,1,Pitching Mound.Parent,,Loading,pitch.0,332716,-0.8502,5.4854,52.6834,39.1958,22.5388,7.6671,-0.0468,0.0812
1779816504665,1,11.0000004b,Drive,Loading,pitch.0,333516,-1.7585,5.3568,51.5786,37.6954,23.2824,5.6038,-0.0479,0.0776
1779816504665,1,12.00000015,Lower Delivery,Loading,pitch.0,333245,-0.2697,-0.7187,0.8766,-0.0806,-0.014,0.0008,0.0,0.0
1779816504665,1,12.00000018,Upper Delivery,Loading,pitch.0,333800,1.1833,0.8492,0.1515,1.1462,-0.6336,1.6024,0.0,0.0
1779816504665,1,Pitching Mound.Delivery,,Loading,pitch.0,333009,0.9136,0.1304,1.0281,1.3121,-0.6477,2.0971,0.0,0.0
1779816504665,1,Pitching Mound.Drive,,Loading,pitch.0,333516,-1.7585,5.3568,51.5786,37.6954,23.2824,5.6038,-0.0479,0.0776
1779816504665,1,Pitching Mound.Parent,,Loading,pitch.0,332717,-0.8449,5.4872,52.6068,39.0075,22.6348,7.7009,-0.047,0.0808
1779816504666,1,11.0000004b,Drive,Loading,pitch.0,333517,-1.7411,5.3605,51.6141,37.7965,23.1275,5.639,-0.0476,0.0777
1779816504666,1,12.00000015,Lower Delivery,Loading,pitch.0,333246,-0.258,-0.7328,0.8356,-0.0842,-0.0113,0.015,0.0,0.0
1779816504666,1,12.00000018,Upper Delivery,Loading,pitch.0,333801,1.1654,0.8286,0.2328,1.0676,-0.6937,1.6378,0.0,0.0
1779816504666,1,Pitching Mound.Delivery,,Loading,pitch.0,333010,0.9074,0.0958,1.0684,1.1884,-0.705,2.1368,0.0,0.0
1779816504666,1,Pitching Mound.Drive,,Loading,pitch.0,333517,-1.7411,5.3605,51.6141,37.7965,23.1275,5.639,-0.0476,0.0777
1779816504666,1,Pitching Mound.Parent,,Loading,pitch.0,332718,-0.8337,5.4563,52.6826,38.9848,22.4225,7.7757,-0.0466,0.0801
1779816504667,1,11.0000004b,Drive,Loading,pitch.0,333518,-1.7475,5.3474,51.7082,37.8614,23.0275,5.6476,-0.0473,0.0777
1779816504667,1,12.00000015,Lower Delivery,Loading,pitch.0,333247,-0.2712,-0.7483,0.8126,-0.0863,-0.0027,-0.0078,0.0,0.0
1779816504667,1,12.00000018,Upper Delivery,Loading,pitch.0,333802,1.1857,0.8443,0.1998,1.1147,-0.6883,1.6929,0.0,0.0
1779816504667,1,Pitching Mound.Delivery,,Loading,pitch.0,333011,0.9146,0.096,1.0123,1.2368,-0.691,2.1804,0.0,0.0
1779816504667,1,Pitching Mound.Drive,,Loading,pitch.0,333518,-1.7475,5.3474,51.7082,37.8614,23.0275,5.6476,-0.0473,0.0777
1779816504667,1,Pitching Mound.Parent,,Loading,pitch.0,332719,-0.8329,5.4434,52.7205,39.0982,22.3365,7.828,-0.0464,0.0802
1779816504668,1,11.0000004b,Drive,Loading,pitch.0,333519,-1.7577,5.343,51.6495,37.871,23.2011,5.6424,-0.0477,0.0778
1779816504668,1,12.00000015,Lower Delivery,Loading,pitch.0,333248,-0.2671,-0.7554,0.8304,-0.0808,-0.0012,-0.0062,0.0,0.0
1779816504668,1,12.00000018,Upper Delivery,Loading,pitch.0,333803,1.2064,0.8577,0.209,1.0117,-0.6215,1.6603,0.0,0.0
1779816504668,1,Pitching Mound.Delivery,,Loading,pitch.0,333012,0.9393,0.1024,1.0394,1.1421,-0.6227,2.155,0.0,0.0
1779816504668,1,Pitching Mound.Drive,,Loading,pitch.0,333519,-1.7577,5.343,51.6495,37.871,23.2011,5.6424,-0.0477,0.0778
1779816504668,1,Pitching Mound.Parent,,Loading,pitch.0,332720,-0.8184,5.4454,52.6889,39.0131,22.5783,7.7975,-0.0467,0.0803
1779816504669,1,11.0000004b,Drive,Loading,pitch.0,333520,-1.7462,5.3359,51.5716,37.8413,23.2281,5.6216,-0.0478,0.0779
1779816504669,1,12.00000015,Lower Delivery,Loading,pitch.0,333249,-0.2706,-0.777,0.8476,-0.076,0.0024,0.0078,0.0,0.0
1779816504669,1,12.00000018,Upper Delivery,Loading,pitch.0,333804,1.236,0.8796,0.196,0.9935,-0.5648,1.6864,0.0,0.0
1779816504669,1,Pitching Mound.Delivery,,Loading,pitch.0,333013,0.9654,0.1026,1.0437,1.139,-0.5624,2.2064,0.0,0.0
1779816504669,1,Pitching Mound.Drive,,Loading,pitch.0,333520,-1.7462,5.3359,51.5716,37.8413,23.2281,5.6216,-0.0478,0.0779
1779816504669,1,Pitching Mound.Parent,,Loading,pitch.0,332721,-0.7807,5.4385,52.6153,38.9803,22.6657,7.828,-0.0469,0.0806
1779816504670,1,11.0000004b,Drive,Loading,pitch.0,333521,-1.7313,5.3352,51.6342,37.8472,23.1085,5.6446,-0.0475,0.0778
1779816504670,1,12.00000015,Lower Delivery,Loading,pitch.0,333250,-0.2722,-0.7733,0.8575,-0.0843,-0.0008,0.0073,0.0,0.0
1779816504670,1,12.00000018,Upper Delivery,Loading,pitch.0,333805,1.1993,0.8609,0.2367,0.8876,-0.5258,1.6782,0.0,0.0
1779816504670,1,Pitching Mound.Delivery,,Loading,pitch.0,333014,0.9271,0.0875,1.0942,1.0144,-0.5266,2.1858,0.0,0.0
1779816504670,1,Pitching Mound.Drive,,Loading,pitch.0,333521,-1.7313,5.3352,51.6342,37.8472,23.1085,5.6446,-0.0475,0.0778
1779816504670,1,Pitching Mound.Parent,,Loading,pitch.0,332722,-0.8043,5.4227,52.7284,38.8616,22.5819,7.8305,-0.0465,0.0802
1779816504671,1,11.0000004b,Drive,Loading,pitch.0,333522,-1.7216,5.3285,51.7053,37.851,23.105,5.5919,-0.0474,0.0777
1779816504671,1,12.00000015,Lower Delivery,Loading,pitch.0,333251,-0.2769,-0.7816,0.818,-0.0827,-0.0032,0.0496,0.0,0.0
1779816504671,1,12.00000018,Upper Delivery,Loading,pitch.0,333806,1.198,0.8669,0.2447,0.9455,-0.6481,1.6875,0.0,0.0
1779816504671,1,Pitching Mound.Delivery,,Loading,pitch.0,333015,0.9212,0.0853,1.0627,1.0577,-0.6512,2.2385,0.0,0.0
1779816504671,1,Pitching Mound.Drive,,Loading,pitch.0,333522,-1.7216,5.3285,51.7053,37.851,23.105,5.5919,-0.0474,0.0777
1779816504671,1,Pitching Mound.Parent,,Loading,pitch.0,332723,-0.8005,5.4138,52.768,38.9088,22.4538,7.8304,-0.0465,0.0798
1779816504672,1,11.0000004b,Drive,Loading,pitch.0,333523,-1.7207,5.329,51.7795,37.836,23.097,5.5963,-0.0474,0.0776
1779816504672,1,12.00000015,Lower Delivery,Loading,pitch.0,333252,-0.2607,-0.7897,0.8279,-0.0809,-0.0028,0.0786,0.0,0.0
1779816504672,1,12.00000018,Upper Delivery,Loading,pitch.0,333807,1.2092,0.8843,0.2483,0.8789,-0.5632,1.7296,0.0,0.0
1779816504672,1,Pitching Mound.Delivery,,Loading,pitch.0,333016,0.9485,0.0946,1.0762,0.9951,-0.566,2.308,0.0,0.0
1779816504672,1,Pitching Mound.Drive,,Loading,pitch.0,333523,-1.7207,5.329,51.7795,37.836,23.097,5.5963,-0.0474,0.0776
1779816504672,1,Pitching Mound.Parent,,Loading,pitch.0,332724,-0.7723,5.4236,52.8556,38.8311,22.531,7.9043,-0.0464,0.0797
1779816504673,1,11.0000004b,Drive,Loading,pitch.0,333524,-1.7107,5.3508,51.8922,37.8842,22.9066,5.6103,-0.0469,0.0775
1779816504673,1,12.00000015,Lower Delivery,Loading,pitch.0,333253,-0.2598,-0.7804,0.807,-0.0813,-0.0062,0.0591,0.0,0.0
1779816504673,1,12.00000018,Upper Delivery,Loading,pitch.0,333808,1.2006,0.8766,0.2891,0.8402,-0.6196,1.7179,0.0,0.0
1779816504673,1,Pitching Mound.Delivery,,Loading,pitch.0,333017,0.9407,0.0962,1.0961,0.935,-0.6257,2.2735,0.0,0.0
1779816504673,1,Pitching Mound.Drive,,Loading,pitch.0,333524,-1.7107,5.3508,51.8922,37.8842,22.9066,5.6103,-0.0469,0.0775
1779816504673,1,Pitching Mound.Parent,,Loading,pitch.0,332725,-0.77,5.4471,52.9883,38.8192,22.2808,7.8838,-0.0459,0.0792
1779816504674,1,11.0000004b,Drive,Loading,pitch.0,333525,-1.7186,5.3391,51.9113,37.8734,22.7833,5.6104,-0.0466,0.0775
1779816504674,1,12.00000015,Lower Delivery,Loading,pitch.0,333254,-0.2524,-0.7804,0.8159,-0.0945,-0.0148,0.0198,0.0,0.0
1779816504674,1,12.00000018,Upper Delivery,Loading,pitch.0,333809,1.188,0.8688,0.3152,0.8126,-0.5531,1.7239,0.0,0.0
1779816504674,1,Pitching Mound.Delivery,,Loading,pitch.0,333018,0.9356,0.0883,1.1311,0.8883,-0.5679,2.2334,0.0,0.0
1779816504674,1,Pitching Mound.Drive,,Loading,pitch.0,333525,-1.7186,5.3391,51.9113,37.8734,22.7833,5.6104,-0.0466,0.0775
1779816504674,1,Pitching Mound.Parent,,Loading,pitch.0,332726,-0.783,5.4275,53.0424,38.7617,22.2154,7.8437,-0.0456,0.079
1779816504675,1,11.0000004b,Drive,Loading,pitch.0,333526,-1.7144,5.341,51.8446,37.8739,22.7997,5.6395,-0.0467,0.0776
1779816504675,1,12.00000015,Lower Delivery,Loading,pitch.0,333255,-0.2496,-0.769,0.7771,-0.0941,-0.0168,0.0328,0.0,0.0
1779816504675,1,12.00000018,Upper Delivery,Loading,pitch.0,333810,1.1896,0.8853,0.2563,0.8567,-0.3978,1.6833,0.0,0.0
1779816504675,1,Pitching Mound.Delivery,,Loading,pitch.0,333019,0.9399,0.1162,1.0335,0.9396,-0.4146,2.2054,0.0,0.0
1779816504675,1,Pitching Mound.Drive,,Loading,pitch.0,333526,-1.7144,5.341,51.8446,37.8739,22.7997,5.6395,-0.0467,0.0776
1779816504675,1,Pitching Mound.Parent,,Loading,pitch.0,332727,-0.7745,5.4573,52.878,38.8135,22.3851,7.8449,-0.0458,0.0794
1779816504676,1,11.0000004b,Drive,Loading,pitch.0,333527,-1.691,5.3521,51.8623,37.8807,22.7614,5.6314,-0.0466,0.0775
1779816504676,1,12.00000015,Lower Delivery,Loading,pitch.0,333256,-0.2368,-0.767,0.7857,-0.0932,-0.0177,0.0117,0.0,0.0
1779816504676,1,12.00000018,Upper Delivery,Loading,pitch.0,333811,1.1576,0.8676,0.2784,0.8245,-0.3351,1.7017,0.0,0.0
1779816504676,1,Pitching Mound.Delivery,,Loading,pitch.0,333020,0.9208,0.1006,1.0641,0.9038,-0.3528,2.1875,0.0,0.0
1779816504676,1,Pitching Mound.Drive,,Loading,pitch.0,333527,-1.691,5.3521,51.8623,37.8807,22.7614,5.6314,-0.0466,0.0775
1779816504676,1,Pitching Mound.Parent,,Loading,pitch.0,332728,-0.7701,5.4527,52.9265,38.7846,22.4086,7.8189,-0.0457,0.0792
1779816504677,1,11.0000004b,Drive,Loading,pitch.0,333528,-1.6875,5.3458,51.861,37.8217,23.0021,5.6262,-0.0471,0.0774
1779816504677,1,12.00000015,Lower Delivery,Loading,pitch.0,333257,-0.2394,-0.7776,0.8685,-0.0877,-0.0129,0.042,0.0,0.0
1779816504677,1,12.00000018,Upper Delivery,Loading,pitch.0,333812,1.1276,0.8515,0.2468,0.8256,-0.1786,1.6733,0.0,0.0
1779816504677,1,Pitching Mound.Delivery,,Loading,pitch.0,333021,0.8882,0.0739,1.1154,0.9493,-0.1915,2.18,0.0,0.0
1779816504677,1,Pitching Mound.Drive,,Loading,pitch.0,333528,-1.6875,5.3458,51.861,37.8217,23.0021,5.6262,-0.0471,0.0774
1779816504677,1,Pitching Mound.Parent,,Loading,pitch.0,332729,-0.7993,5.4196,52.9763,38.7709,22.8106,7.8061,-0.0461,0.0798
1779816504678,1,11.0000004b,Drive,Loading,pitch.0,333529,-1.6627,5.3592,51.7786,37.8414,23.1029,5.6419,-0.0474,0.0776
1779816504678,1,12.00000015,Lower Delivery,Loading,pitch.0,333258,-0.2346,-0.7435,0.9069,-0.0891,-0.0151,0.0188,0.0,0.0
1779816504678,1,12.00000018,Upper Delivery,Loading,pitch.0,333813,1.1226,0.8222,0.2147,0.952,-0.2829,1.6221,0.0,0.0
1779816504678,1,Pitching Mound.Delivery,,Loading,pitch.0,333022,0.888,0.0787,1.1216,1.0982,-0.298,2.1024,0.0,0.0
1779816504678,1,Pitching Mound.Drive,,Loading,pitch.0,333529,-1.6627,5.3592,51.7786,37.8414,23.1029,5.6419,-0.0474,0.0776
1779816504678,1,Pitching Mound.Parent,,Loading,pitch.0,332730,-0.7747,5.4379,52.9003,38.9396,22.8048,7.7443,-0.0464,0.0804
1779816504679,1,11.0000004b,Drive,Loading,pitch.0,333530,-1.6344,5.3526,51.7847,37.8028,23.1435,5.6461,-0.0474,0.0775
1779816504679,1,12.00000015,Lower Delivery,Loading,pitch.0,333259,-0.2409,-0.7511,0.8298,-0.0866,-0.0072,0.015,0.0,0.0
1779816504679,1,12.00000018,Upper Delivery,Loading,pitch.0,333814,1.0959,0.8032,0.2124,0.9488,-0.2601,1.6464,0.0,0.0
1779816504679,1,Pitching Mound.Delivery,,Loading,pitch.0,333023,0.8549,0.0521,1.0422,1.0722,-0.2673,2.1159,0.0,0.0
1779816504679,1,Pitching Mound.Drive,,Loading,pitch.0,333530,-1.6344,5.3526,51.7847,37.8028,23.1435,5.6461,-0.0474,0.0775
1779816504679,1,Pitching Mound.Parent,,Loading,pitch.0,332731,-0.7795,5.4047,52.8269,38.8749,22.8762,7.762,-0.0465,0.0799
1779816504680,1,11.0000004b,Drive,Loading,pitch.0,333531,-1.6391,5.3659,51.771,37.8336,23.3464,5.657,-0.0479,0.0776
1779816504680,1,12.00000015,Lower Delivery,Loading,pitch.0,333260,-0.2315,-0.7282,0.7651,-0.0923,-0.0086,-0.0074,0.0,0.0
1779816504680,1,12.00000018,Upper Delivery,Loading,pitch.0,333815,1.0661,0.7893,0.2384,0.9703,-0.2549,1.6275,0.0,0.0
1779816504680,1,Pitching Mound.Delivery,,Loading,pitch.0,333024,0.8345,0.0612,1.0035,1.057,-0.2635,2.0613,0.0,0.0
1779816504680,1,Pitching Mound.Drive,,Loading,pitch.0,333531,-1.6391,5.3659,51.771,37.8336,23.3464,5.657,-0.0479,0.0776
1779816504680,1,Pitching Mound.Parent,,Loading,pitch.0,332732,-0.8046,5.427,52.7745,38.8907,23.0829,7.7183,-0.047,0.0795
1779816504681,1,11.0000004b,Drive,Loading,pitch.0,333532,-1.6425,5.3744,51.7249,37.7797,23.5609,5.6495,-0.0484,0.0775
1779816504681,1,12.00000015,Lower Delivery,Loading,pitch.0,333261,-0.2581,-0.6908,0.7327,-0.0845,-0.012,-0.0057,0.0,0.0
1779816504681,1,12.00000018,Upper Delivery,Loading,pitch.0,333816,1.0793,0.7856,0.2364,1.0354,-0.4043,1.6464,0.0,0.0
1779816504681,1,Pitching Mound.Delivery,,Loading,pitch.0,333025,0.8213,0.0947,0.969,1.1196,-0.4163,2.0955,0.0,0.0
1779816504681,1,Pitching Mound.Drive,,Loading,pitch.0,333532,-1.6425,5.3744,51.7249,37.7797,23.5609,5.6495,-0.0484,0.0775
1779816504681,1,Pitching Mound.Parent,,Loading,pitch.0,332733,-0.8212,5.4692,52.6939,38.8993,23.1446,7.7449,-0.0475,0.0793
1779816504682,1,11.0000004b,Drive,Loading,pitch.0,333533,-1.6337,5.3855,51.6512,37.8696,23.6438,5.653,-0.0486,0.0778
1779816504682,1,12.00000015,Lower Delivery,Loading,pitch.0,333262,-0.2416,-0.6886,0.7586,-0.0852,-0.0166,-0.0151,0.0,0.0
1779816504682,1,12.00000018,Upper Delivery,Loading,pitch.0,333817,1.096,0.805,0.1867,1.0653,-0.3904,1.6925,0.0,0.0
1779816504682,1,Pitching Mound.Delivery,,Loading,pitch.0,333026,0.8544,0.1164,0.9453,1.1746,-0.407,2.1322,0.0,0.0
1779816504682,1,Pitching Mound.Drive,,Loading,pitch.0,333533,-1.6337,5.3855,51.6512,37.8696,23.6438,5.653,-0.0486,0.0778
1779816504682,1,Pitching Mound.Parent,,Loading,pitch.0,332734,-0.7793,5.5019,52.5966,39.0442,23.2368,7.7852,-0.0477,0.0801
1779816504683,1,11.0000004b,Drive,Loading,pitch.0,333534,-1.6275,5.386,51.6181,37.8878,23.6294,5.6527,-0.0486,0.0779
1779816504683,1,12.00000015,Lower Delivery,Loading,pitch.0,333263,-0.2364,-0.7123,0.7676,-0.0811,-0.0184,-0.017,0.0,0.0
1779816504683,1,12.00000018,Upper Delivery,Loading,pitch.0,333818,1.0794,0.7818,0.2259,0.9976,-0.3451,1.6695,0.0,0.0
1779816504683,1,Pitching Mound.Delivery,,Loading,pitch.0,333027,0.843,0.0695,0.9935,1.1007,-0.3634,2.0998,0.0,0.0
1779816504683,1,Pitching Mound.Drive,,Loading,pitch.0,333534,-1.6275,5.386,51.6181,37.8878,23.6294,5.6527,-0.0486,0.0779
1779816504683,1,Pitching Mound.Parent,,Loading,pitch.0,332735,-0.7846,5.4555,52.6117,38.9884,23.266,7.7526,-0.0477,0.08
1779816504684,1,11.0000004b,Drive,Loading,pitch.0,333535,-1.6125,5.4,51.559,37.9033,23.7327,5.6185,-0.0489,0.078
1779816504684,1,12.00000015,Lower Delivery,Loading,pitch.0,333264,-0.24,-0.7286,0.7686,-0.0755,-0.0172,-0.0187,0.0,0.0
1779816504684,1,12.00000018,Upper Delivery,Loading,pitch.0,333819,1.0677,0.7837,0.2161,0.9988,-0.3811,1.7063,0.0,0.0
1779816504684,1,Pitching Mound.Delivery,,Loading,pitch.0,333028,0.8277,0.0552,0.9848,1.1112,-0.3983,2.1322,0.0,0.0
1779816504684,1,Pitching Mound.Drive,,Loading,pitch.0,333535,-1.6125,5.4,51.559,37.9033,23.7327,5.6185,-0.0489,0.078
1779816504684,1,Pitching Mound.Parent,,Loading,pitch.0,332736,-0.7848,5.4552,52.5437,39.0145,23.3344,7.7506,-0.048,0.0802
1779816504685,1,11.0000004b,Drive,Loading,pitch.0,333536,-1.5939,5.396,51.5604,37.9556,23.845,5.5878,-0.0491,0.0782
1779816504685,1,11.0000004b,Drive,Loading,pitch.0,333537,-1.5964,5.4083,51.5863,37.8729,23.8497,5.6085,-0.0491,0.0779
1779816504685,1,12.00000015,Lower Delivery,Loading,pitch.0,333265,-0.2251,-0.7048,0.7594,-0.0725,-0.0137,-0.0183,0.0,0.0
1779816504685,1,12.00000018,Upper Delivery,Loading,pitch.0,333820,1.1197,0.8259,0.2146,1.1041,-0.5181,1.6688,0.0,0.0
1779816504685,1,Pitching Mound.Delivery,,Loading,pitch.0,333029,0.8946,0.1211,0.9741,1.2169,-0.5318,2.1077,0.0,0.0
1779816504685,1,Pitching Mound.Drive,,Loading,pitch.0,333536,-1.5939,5.396,51.5604,37.9556,23.845,5.5878,-0.0491,0.0782
1779816504685,1,Pitching Mound.Drive,,Loading,pitch.0,333537,-1.5964,5.4083,51.5863,37.8729,23.8497,5.6085,-0.0491,0.0779
1779816504685,1,Pitching Mound.Parent,,Loading,pitch.0,332737,-0.6992,5.5172,52.5344,39.1724,23.3132,7.6955,-0.0482,0.0802
1779816504686,1,11.0000004b,Drive,Loading,pitch.0,333538,-1.6081,5.4002,51.5709,37.9147,23.9247,5.6157,-0.0493,0.0781
1779816504686,1,12.00000015,Lower Delivery,Loading,pitch.0,333266,-0.2499,-0.7283,0.8,-0.0624,-0.0111,-0.0171,0.0,0.0
1779816504686,1,12.00000018,Upper Delivery,Loading,pitch.0,333821,1.0902,0.8012,0.2569,1.0926,-0.5386,1.7336,0.0,0.0
1779816504686,1,Pitching Mound.Delivery,,Loading,pitch.0,333030,0.8403,0.073,1.0569,1.2149,-0.5496,2.1721,0.0,0.0
1779816504686,1,Pitching Mound.Drive,,Loading,pitch.0,333538,-1.6081,5.4002,51.5709,37.9147,23.9247,5.6157,-0.0493,0.0781
1779816504686,1,Pitching Mound.Parent,,Loading,pitch.0,332738,-0.7561,5.4812,52.6432,39.0877,23.3,7.7806,-0.0481,0.0799
1779816504687,1,11.0000004b,Drive,Loading,pitch.0,333539,-1.5927,5.3913,51.6141,37.8682,23.8079,5.6012,-0.049,0.0779
1779816504687,1,12.00000015,Lower Delivery,Loading,pitch.0,333267,-0.2722,-0.7297,0.7641,-0.0574,-0.0147,-0.0132,0.0,0.0
1779816504687,1,12.00000018,Upper Delivery,Loading,pitch.0,333822,1.0873,0.7877,0.3238,1.0795,-0.5555,1.7675,0.0,0.0
1779816504687,1,Pitching Mound.Delivery,,Loading,pitch.0,333031,0.8152,0.058,1.088,1.1718,-0.5702,2.2166,0.0,0.0
1779816504687,1,Pitching Mound.Drive,,Loading,pitch.0,333539,-1.5927,5.3913,51.6141,37.8682,23.8079,5.6012,-0.049,0.0779
1779816504687,1,Pitching Mound.Parent,,Loading,pitch.0,332739,-0.793,5.4582,52.6589,39.0865,23.3545,7.8322,-0.0482,0.0793
1779816504688,1,11.0000004b,Drive,Loading,pitch.0,333540,-1.6043,5.3886,51.5682,37.8999,23.937,5.6092,-0.0493,0.078
1779816504688,1,12.00000015,Lower Delivery,Loading,pitch.0,333268,-0.2692,-0.7394,0.7951,-0.0604,-0.0173,-0.0161,0.0,0.0
1779816504688,1,12.00000018,Upper Delivery,Loading,pitch.0,333823,1.0949,0.8259,0.2972,1.1169,-0.5367,1.7314,0.0,0.0
1779816504688,1,Pitching Mound.Delivery,,Loading,pitch.0,333032,0.8256,0.0865,1.0924,1.2258,-0.554,2.1791,0.0,0.0
1779816504688,1,Pitching Mound.Drive,,Loading,pitch.0,333540,-1.6043,5.3886,51.5682,37.8999,23.937,5.6092,-0.0493,0.078
1779816504688,1,Pitching Mound.Parent,,Loading,pitch.0,332740,-0.7671,5.4778,52.7064,39.0939,23.2539,7.7803,-0.048,0.0795
1779816504689,1,11.0000004b,Drive,Loading,pitch.0,333541,-1.5916,5.3837,51.6011,37.8971,23.9182,5.6185,-0.0492,0.078
1779816504689,1,12.00000015,Lower Delivery,Loading,pitch.0,333269,-0.2811,-0.7418,0.8057,-0.0599,-0.0151,-0.017,0.0,0.0
1779816504689,1,12.00000018,Upper Delivery,Loading,pitch.0,333824,1.1302,0.87,0.3171,1.1063,-0.5634,1.7097,0.0,0.0
1779816504689,1,Pitching Mound.Delivery,,Loading,pitch.0,333033,0.8491,0.1282,1.1227,1.2124,-0.5785,2.1725,0.0,0.0
1779816504689,1,Pitching Mound.Drive,,Loading,pitch.0,333541,-1.5916,5.3837,51.6011,37.8971,23.9182,5.6185,-0.0492,0.078
1779816504689,1,Pitching Mound.Parent,,Loading,pitch.0,332741,-0.7552,5.5168,52.6909,39.1124,23.3585,7.7817,-0.0482,0.0795
1779816504690,1,11.0000004b,Drive,Loading,pitch.0,333542,-1.5917,5.3873,51.6225,37.9389,23.8902,5.6227,-0.0491,0.078
1779816504690,1,12.00000015,Lower Delivery,Loading,pitch.0,333270,-0.2586,-0.7374,0.809,-0.0592,-0.0204,-0.0178,0.0,0.0
1779816504690,1,12.00000018,Upper Delivery,Loading,pitch.0,333825,1.1142,0.8728,0.3324,1.1776,-0.6114,1.6762,0.0,0.0
1779816504690,1,Pitching Mound.Delivery,,Loading,pitch.0,333034,0.8556,0.1354,1.1414,1.2805,-0.6318,2.1251,0.0,0.0
1779816504690,1,Pitching Mound.Drive,,Loading,pitch.0,333542,-1.5917,5.3873,51.6225,37.9389,23.8902,5.6227,-0.0491,0.078
1779816504690,1,Pitching Mound.Parent,,Loading,pitch.0,332742,-0.736,5.5192,52.7425,39.1776,23.2865,7.7437,-0.0481,0.0794
1779816504691,1,11.0000004b,Drive,Loading,pitch.0,333543,-1.5956,5.3883,51.65,37.9288,23.9159,5.6166,-0.0492,0.078
1779816504691,1,12.00000015,Lower Delivery,Loading,pitch.0,333271,-0.2543,-0.7136,0.78,-0.0541,-0.0157,-0.0125,0.0,0.0
1779816504691,1,12.00000018,Upper Delivery,Loading,pitch.0,333826,1.1122,0.8544,0.2988,1.1919,-0.6106,1.6516,0.0,0.0
1779816504691,1,Pitching Mound.Delivery,,Loading,pitch.0,333035,0.8579,0.1408,1.0788,1.3014,-0.6262,2.1037,0.0,0.0
1779816504691,1,Pitching Mound.Drive,,Loading,pitch.0,333543,-1.5956,5.3883,51.65,37.9288,23.9159,5.6166,-0.0492,0.078
1779816504691,1,Pitching Mound.Parent,,Loading,pitch.0,332743,-0.7338,5.5282,52.7014,39.2402,23.264,7.7264,-0.0481,0.0795
1779816504692,1,11.0000004b,Drive,Loading,pitch.0,333544,-1.595,5.3852,51.6963,37.9318,23.9511,5.633,-0.0492,0.0779
1779816504692,1,12.00000015,Lower Delivery,Loading,pitch.0,333272,-0.2682,-0.7159,0.7681,-0.0608,-0.0128,-0.0149,0.0,0.0
1779816504692,1,12.00000018,Upper Delivery,Loading,pitch.0,333827,1.1063,0.9005,0.3798,1.2421,-0.7689,1.6408,0.0,0.0
1779816504692,1,Pitching Mound.Delivery,,Loading,pitch.0,333036,0.8382,0.1846,1.1479,1.3133,-0.7817,2.0933,0.0,0.0
1779816504692,1,Pitching Mound.Drive,,Loading,pitch.0,333544,-1.595,5.3852,51.6963,37.9318,23.9511,5.633,-0.0492,0.0779
1779816504692,1,Pitching Mound.Parent,,Loading,pitch.0,332744,-0.7574,5.5728,52.7979,39.2421,23.1342,7.7099,-0.0481,0.0788
1779816504693,1,11.0000004b,Drive,Loading,pitch.0,333545,-1.6035,5.3867,51.7327,38.0617,23.9261,5.6365,-0.0491,0.0781
1779816504693,1,12.00000015,Lower Delivery,Loading,pitch.0,333273,-0.2736,-0.7057,0.762,-0.0652,-0.0022,-0.0149,0.0,0.0
1779816504693,1,12.00000018,Upper Delivery,Loading,pitch.0,333828,1.1249,0.8952,0.4621,1.1952,-0.7796,1.6125,0.0,0.0
1779816504693,1,Pitching Mound.Delivery,,Loading,pitch.0,333037,0.8513,0.1895,1.224,1.232,-0.7818,2.0731,0.0,0.0
1779816504693,1,Pitching Mound.Drive,,Loading,pitch.0,333545,-1.6035,5.3867,51.7327,38.0617,23.9261,5.6365,-0.0491,0.0781
1779816504693,1,Pitching Mound.Parent,,Loading,pitch.0,332745,-0.7437,5.5748,52.9204,39.1638,23.1693,7.7061,-0.048,0.078
1779816504694,1,11.0000004b,Drive,Loading,pitch.0,333546,-1.6054,5.3836,51.6967,38.016,23.9202,5.6654,-0.0491,0.0781
1779816504694,1,12.00000015,Lower Delivery,Loading,pitch.0,333274,-0.2527,-0.6729,0.7085,-0.0741,-0.014,-0.0172,0.0,0.0
1779816504694,1,12.00000018,Upper Delivery,Loading,pitch.0,333829,1.1172,0.8702,0.4317,1.2413,-0.9352,1.647,0.0,0.0
1779816504694,1,Pitching Mound.Delivery,,Loading,pitch.0,333038,0.8646,0.1973,1.1402,1.2613,-0.9492,2.0955,0.0,0.0
1779816504694,1,Pitching Mound.Drive,,Loading,pitch.0,333546,-1.6054,5.3836,51.6967,38.016,23.9202,5.6654,-0.0491,0.0781
1779816504694,1,Pitching Mound.Parent,,Loading,pitch.0,332746,-0.7389,5.5841,52.8728,39.323,22.9769,7.732,-0.048,0.0782
1779816504695,1,11.0000004b,Drive,Loading,pitch.0,333547,-1.6055,5.384,51.7607,37.955,23.8291,5.6968,-0.0489,0.0778
1779816504695,1,12.00000015,Lower Delivery,Loading,pitch.0,333275,-0.2774,-0.6585,0.6843,-0.0689,-0.008,-0.0184,0.0,0.0
1779816504695,1,12.00000018,Upper Delivery,Loading,pitch.0,333830,1.1282,0.8443,0.4395,1.2205,-0.9172,1.5885,0.0,0.0
1779816504695,1,Pitching Mound.Delivery,,Loading,pitch.0,333039,0.8508,0.1858,1.1238,1.2349,-0.9252,2.0479,0.0,0.0
1779816504695,1,Pitching Mound.Drive,,Loading,pitch.0,333547,-1.6055,5.384,51.7607,37.955,23.8291,5.6968,-0.0489,0.0778
1779816504695,1,Pitching Mound.Parent,,Loading,pitch.0,332747,-0.7546,5.5694,52.8205,39.2508,22.995,7.7133,-0.0481,0.078
1779816504696,1,11.0000004b,Drive,Loading,pitch.0,333548,-1.5987,5.3831,51.7412,38.0144,23.8726,5.6704,-0.049,0.078
1779816504696,1,12.00000015,Lower Delivery,Loading,pitch.0,333276,-0.2712,-0.669,0.6545,-0.0624,-0.0047,-0.0157,0.0,0.0
1779816504696,1,12.00000018,Upper Delivery,Loading,pitch.0,333831,1.106,0.8262,0.4629,1.2174,-0.9366,1.6051,0.0,0.0
1779816504696,1,Pitching Mound.Delivery,,Loading,pitch.0,333040,0.8348,0.1572,1.1174,1.2202,-0.9413,2.0577,0.0,0.0
1779816504696,1,Pitching Mound.Drive,,Loading,pitch.0,333548,-1.5987,5.3831,51.7412,38.0144,23.8726,5.6704,-0.049,0.078
1779816504696,1,Pitching Mound.Parent,,Loading,pitch.0,332748,-0.7707,5.5413,52.8781,39.1752,22.8879,7.7545,-0.0478,0.0774
1779816504697,1,11.0000004b,Drive,Loading,pitch.0,333549,-1.5917,5.4003,51.7819,38.0824,23.8791,5.6681,-0.049,0.0781
1779816504697,1,12.00000015,Lower Delivery,Loading,pitch.0,333277,-0.2661,-0.6771,0.683,-0.0693,-0.0096,-0.0159,0.0,0.0
1779816504697,1,12.00000018,Upper Delivery,Loading,pitch.0,333832,1.1471,0.8437,0.4434,1.2381,-1.1353,1.5977,0.0,0.0
1779816504697,1,Pitching Mound.Delivery,,Loading,pitch.0,333041,0.881,0.1666,1.1264,1.2503,-1.1449,2.0624,0.0,0.0
1779816504697,1,Pitching Mound.Drive,,Loading,pitch.0,333549,-1.5917,5.4003,51.7819,38.0824,23.8791,5.6681,-0.049,0.0781
1779816504697,1,Pitching Mound.Parent,,Loading,pitch.0,332749,-0.7178,5.5497,52.8675,39.2647,22.7277,7.7327,-0.0479,0.0779
1779816504698,1,11.0000004b,Drive,Loading,pitch.0,333550,-1.6149,5.4085,51.8224,38.119,23.9384,5.6699,-0.049,0.0781
1779816504698,1,12.00000015,Lower Delivery,Loading,pitch.0,333278,-0.2734,-0.7043,0.6927,-0.0734,-0.0099,-0.0145,0.0,0.0
1779816504698,1,12.00000018,Upper Delivery,Loading,pitch.0,333833,1.136,0.8629,0.4804,1.3148,-1.0418,1.6067,0.0,0.0
1779816504698,1,Pitching Mound.Delivery,,Loading,pitch.0,333042,0.8626,0.1586,1.1731,1.3136,-1.0517,2.0713,0.0,0.0
1779816504698,1,Pitching Mound.Drive,,Loading,pitch.0,333550,-1.6149,5.4085,51.8224,38.119,23.9384,5.6699,-0.049,0.0781
1779816504698,1,Pitching Mound.Parent,,Loading,pitch.0,332750,-0.7291,5.5589,52.955,39.396,22.8274,7.7394,-0.0479,0.0777
1779816504699,1,11.0000004b,Drive,Loading,pitch.0,333551,-1.6128,5.4184,51.8468,38.1433,23.9823,5.6657,-0.0491,0.0781
1779816504699,1,12.00000015,Lower Delivery,Loading,pitch.0,333279,-0.281,-0.7006,0.7089,-0.0757,-0.0163,-0.012,0.0,0.0
1779816504699,1,12.00000018,Upper Delivery,Loading,pitch.0,333834,1.1632,0.8615,0.5091,1.4207,-0.7894,1.6271,0.0,0.0
1779816504699,1,Pitching Mound.Delivery,,Loading,pitch.0,333043,0.8822,0.161,1.218,1.4129,-0.8057,2.1061,0.0,0.0
1779816504699,1,Pitching Mound.Drive,,Loading,pitch.0,333551,-1.6128,5.4184,51.8468,38.1433,23.9823,5.6657,-0.0491,0.0781
1779816504699,1,Pitching Mound.Parent,,Loading,pitch.0,332751,-0.7327,5.5694,53.0404,39.5319,23.1327,7.776,-0.0479,0.0776
1779816504700,1,11.0000004b,Drive,Loading,pitch.0,333552,-1.6024,5.428,51.9321,38.2333,23.9196,5.6531,-0.0489,0.0782
1779816504700,1,12.00000015,Lower Delivery,Loading,pitch.0,333280,-0.2778,-0.6913,0.69,-0.081,-0.0085,-0.0079,0.0,0.0
1779816504700,1,12.00000018,Upper Delivery,Loading,pitch.0,333835,1.1556,0.8435,0.472,1.346,-0.8157,1.6653,0.0,0.0
1779816504700,1,Pitching Mound.Delivery,,Loading,pitch.0,333044,0.8777,0.1522,1.1621,1.3391,-0.8242,2.1448,0.0,0.0
1779816504700,1,Pitching Mound.Drive,,Loading,pitch.0,333552,-1.6024,5.428,51.9321,38.2333,23.9196,5.6531,-0.0489,0.0782
1779816504700,1,Pitching Mound.Parent,,Loading,pitch.0,332752,-0.7351,5.5706,53.0088,39.4824,23.1581,7.8105,-0.048,0.0778
1779816504701,1,11.0000004b,Drive,Loading,pitch.0,333553,-1.6053,5.4376,51.9696,38.3144,24.1271,5.6571,-0.0493,0.0783
1779816504701,1,12.00000015,Lower Delivery,Loading,pitch.0,333281,-0.2866,-0.7168,0.6922,-0.0804,-0.0094,-0.0073,0.0,0.0
1779816504701,1,12.00000018,Upper Delivery,Loading,pitch.0,333836,1.1446,0.8339,0.4721,1.3647,-1.073,1.692,0.0,0.0
1779816504701,1,Pitching Mound.Delivery,,Loading,pitch.0,333045,0.8579,0.1171,1.1643,1.3591,-1.0824,2.1713,0.0,0.0
1779816504701,1,Pitching Mound.Drive,,Loading,pitch.0,333553,-1.6053,5.4376,51.9696,38.3144,24.1271,5.6571,-0.0493,0.0783
1779816504701,1,Pitching Mound.Parent,,Loading,pitch.0,332753,-0.7445,5.5452,53.0964,39.5924,22.8372,7.8244,-0.0478,0.0779
1779816504702,1,11.0000004b,Drive,Loading,pitch.0,333554,-1.6098,5.4383,51.9291,38.2929,24.1061,5.6462,-0.0493,0.0783
1779816504702,1,12.00000015,Lower Delivery,Loading,pitch.0,333282,-0.2802,-0.7087,0.711,-0.0937,-0.0076,-0.0004,0.0,0.0
1779816504702,1,12.00000018,Upper Delivery,Loading,pitch.0,333837,1.1436,0.8256,0.4263,1.2512,-0.9652,1.7067,0.0,0.0
1779816504702,1,Pitching Mound.Delivery,,Loading,pitch.0,333046,0.8634,0.1169,1.1372,1.2543,-0.9729,2.1904,0.0,0.0
1779816504702,1,Pitching Mound.Drive,,Loading,pitch.0,333554,-1.6098,5.4383,51.9291,38.2929,24.1061,5.6462,-0.0493,0.0783
1779816504702,1,Pitching Mound.Parent,,Loading,pitch.0,332754,-0.7419,5.5545,53.1068,39.5688,23.1542,7.8475,-0.0482,0.0784
1779816504703,1,11.0000004b,Drive,Loading,pitch.0,333555,-1.5964,5.443,52.0001,38.2474,24.0448,5.6194,-0.0491,0.0781
1779816504703,1,12.00000015,Lower Delivery,Loading,pitch.0,333284,-0.2762,-0.7045,0.7112,-0.1028,-0.0088,0.0355,0.0,0.0
1779816504703,1,12.00000015,Lower Delivery,Loading,pitch.0,333283,-0.2763,-0.7058,0.723,-0.0953,-0.0056,0.0324,0.0,0.0
1779816504703,1,12.00000018,Upper Delivery,Loading,pitch.0,333838,1.1402,0.8362,0.3878,1.2382,-0.7011,1.6885,0.0,0.0
1779816504703,1,Pitching Mound.Delivery,,Loading,pitch.0,333047,0.8638,0.1304,1.1108,1.2568,-0.7066,2.2025,0.0,0.0
1779816504703,1,Pitching Mound.Drive,,Loading,pitch.0,333555,-1.5964,5.443,52.0001,38.2474,24.0448,5.6194,-0.0491,0.0781
1779816504703,1,Pitching Mound.Parent,,Loading,pitch.0,332755,-0.7459,5.5688,53.04,39.5497,23.3995,7.8487,-0.0482,0.0788
1779816504704,1,11.0000004b,Drive,Loading,pitch.0,333556,-1.5934,5.4357,51.9605,38.1819,24.1449,5.6467,-0.0493,0.078
1779816504704,1,12.00000018,Upper Delivery,Loading,pitch.0,333839,1.1464,0.8406,0.371,1.2446,-0.8462,1.6689,0.0,0.0
1779816504704,1,Pitching Mound.Delivery,,Loading,pitch.0,333048,0.8701,0.1361,1.0823,1.2574,-0.855,2.188,0.0,0.0
1779816504704,1,Pitching Mound.Drive,,Loading,pitch.0,333556,-1.5934,5.4357,51.9605,38.1819,24.1449,5.6467,-0.0493,0.078
1779816504704,1,Pitching Mound.Parent,,Loading,pitch.0,332756,-0.7263,5.5791,53.0823,39.5048,23.1898,7.8075,-0.0481,0.0787
1779816504705,1,11.0000004b,Drive,Loading,pitch.0,333557,-1.5831,5.4398,52.1048,38.2649,24.1191,5.5957,-0.0491,0.078
1779816504705,1,12.00000015,Lower Delivery,Loading,pitch.0,333285,-0.2647,-0.7151,0.7135,-0.0958,-0.0026,0.0519,0.0,0.0
1779816504705,1,12.00000015,Lower Delivery,Loading,pitch.0,333286,-0.2742,-0.7103,0.761,-0.0889,-0.0117,0.1291,0.0,0.0
1779816504705,1,12.00000018,Upper Delivery,Loading,pitch.0,333840,1.1599,0.8626,0.3608,1.117,-0.5999,1.7059,0.0,0.0
1779816504705,1,Pitching Mound.Delivery,,Loading,pitch.0,333049,0.8952,0.1475,1.0742,1.1411,-0.6026,2.2422,0.0,0.0
1779816504705,1,Pitching Mound.Drive,,Loading,pitch.0,333557,-1.5831,5.4398,52.1048,38.2649,24.1191,5.5957,-0.0491,0.078
1779816504705,1,Pitching Mound.Parent,,Loading,pitch.0,332757,-0.6982,5.5832,53.0347,39.323,23.5424,7.8889,-0.0483,0.0787
1779816504706,1,11.0000004b,Drive,Loading,pitch.0,333558,-1.5696,5.446,52.0154,38.1817,24.1545,5.5923,-0.0493,0.0779
1779816504706,1,12.00000015,Lower Delivery,Loading,pitch.0,333287,-0.2657,-0.6626,0.7158,-0.0876,-0.0156,0.1321,0.0,0.0
1779816504706,1,12.00000018,Upper Delivery,Loading,pitch.0,333841,1.1669,0.8831,0.4455,1.1625,-0.6207,1.6884,0.0,0.0
1779816504706,1,Pitching Mound.Delivery,,Loading,pitch.0,333050,0.8927,0.1728,1.2066,1.1809,-0.6324,2.3076,0.0,0.0
1779816504706,1,Pitching Mound.Drive,,Loading,pitch.0,333558,-1.5696,5.446,52.0154,38.1817,24.1545,5.5923,-0.0493,0.0779
1779816504706,1,Pitching Mound.Parent,,Loading,pitch.0,332758,-0.6905,5.6126,53.3114,39.4458,23.4867,7.9032,-0.048,0.0782
1779816504707,1,11.0000004b,Drive,Loading,pitch.0,333559,-1.5693,5.4577,52.1822,38.2956,24.0365,5.6292,-0.0489,0.0779
1779816504707,1,12.00000015,Lower Delivery,Loading,pitch.0,333288,-0.2574,-0.6668,0.7913,-0.0861,-0.029,0.1388,0.0,0.0
1779816504707,1,12.00000018,Upper Delivery,Loading,pitch.0,333842,1.1798,0.852,0.4042,1.0781,-0.5434,1.6966,0.0,0.0
1779816504707,1,12.00000018,Upper Delivery,Loading,pitch.0,333843,1.1544,0.8263,0.4319,1.1165,-0.6578,1.7024,0.0,0.0
1779816504707,1,Pitching Mound.Delivery,,Loading,pitch.0,333051,0.9141,0.1894,1.12,1.0965,-0.559,2.3202,0.0,0.0
1779816504707,1,Pitching Mound.Delivery,,Loading,pitch.0,333052,0.897,0.1595,1.2232,1.1526,-0.6867,2.3212,0.0,0.0
1779816504707,1,Pitching Mound.Drive,,Loading,pitch.0,333559,-1.5693,5.4577,52.1822,38.2956,24.0365,5.6292,-0.0489,0.0779
1779816504707,1,Pitching Mound.Parent,,Loading,pitch.0,332759,-0.6555,5.6354,53.1354,39.2782,23.5955,7.9125,-0.0483,0.0783
1779816504707,1,Pitching Mound.Parent,,Loading,pitch.0,332760,-0.6723,5.6172,53.4054,39.4482,23.3497,7.9504,-0.0478,0.0784
1779816504708,1,11.0000004b,Drive,Loading,pitch.0,333560,-1.5657,5.4514,52.248,38.2288,23.9468,5.6555,-0.0487,0.0777
1779816504708,1,Pitching Mound.Drive,,Loading,pitch.0,333560,-1.5657,5.4514,52.248,38.2288,23.9468,5.6555,-0.0487,0.0777
1779816504709,1,11.0000004b,Drive,Loading,pitch.0,333561,-1.5441,5.4534,52.2087,38.2167,23.9865,5.6579,-0.0488,0.0777
1779816504709,1,12.00000015,Lower Delivery,Loading,pitch.0,333289,-0.2364,-0.6592,0.7946,-0.0884,-0.0283,0.1065,0.0,0.0
1779816504709,1,12.00000015,Lower Delivery,Loading,pitch.0,333290,-0.2411,-0.6685,0.7758,-0.0856,-0.0131,0.1219,0.0,0.0
1779816504709,1,12.00000018,Upper Delivery,Loading,pitch.0,333844,1.1739,0.8347,0.4228,1.1138,-0.6064,1.7304,0.0,0.0
1779816504709,1,12.00000018,Upper Delivery,Loading,pitch.0,333845,1.1631,0.8157,0.4085,1.0877,-0.7871,1.6916,0.0,0.0
1779816504709,1,Pitching Mound.Delivery,,Loading,pitch.0,333054,0.922,0.1472,1.1844,1.1271,-0.8003,2.291,0.0,0.0
1779816504709,1,Pitching Mound.Delivery,,Loading,pitch.0,333053,0.9375,0.1755,1.2173,1.1518,-0.6347,2.3164,0.0,0.0
1779816504709,1,Pitching Mound.Drive,,Loading,pitch.0,333561,-1.5441,5.4534,52.2087,38.2167,23.9865,5.6579,-0.0488,0.0777
1779816504709,1,Pitching Mound.Parent,,Loading,pitch.0,332761,-0.6282,5.627,53.4654,39.3807,23.3121,7.9718,-0.0475,0.0783
1779816504709,1,Pitching Mound.Parent,,Loading,pitch.0,332762,-0.6221,5.6005,53.3931,39.3438,23.1862,7.9489,-0.0477,0.0783
1779816504710,1,11.0000004b,Drive,Loading,pitch.0,333562,-1.5384,5.4548,52.2129,38.1133,24.0805,5.672,-0.049,0.0775
1779816504710,1,12.00000018,Upper Delivery,Loading,pitch.0,333846,1.1312,0.77,0.4913,1.1421,-1.0241,1.6809,0.0,0.0
1779816504710,1,Pitching Mound.Drive,,Loading,pitch.0,333562,-1.5384,5.4548,52.2129,38.1133,24.0805,5.672,-0.049,0.0775
1779816504711,1,11.0000004b,Drive,Loading,pitch.0,333563,-1.5276,5.4542,52.226,38.1618,24.0458,5.6993,-0.0489,0.0776
1779816504711,1,12.00000015,Lower Delivery,Loading,pitch.0,333291,-0.2088,-0.6628,0.7737,-0.0974,-0.021,0.0442,0.0,0.0
1779816504711,1,12.00000018,Upper Delivery,Loading,pitch.0,333847,1.1562,0.8108,0.4519,1.2048,-0.9699,1.637,0.0,0.0
1779816504711,1,Pitching Mound.Delivery,,Loading,pitch.0,333055,0.9224,0.1072,1.265,1.1407,-1.0451,2.1807,0.0,0.0
1779816504711,1,Pitching Mound.Drive,,Loading,pitch.0,333563,-1.5276,5.4542,52.226,38.1618,24.0458,5.6993,-0.0489,0.0776
1779816504711,1,Pitching Mound.Parent,,Loading,pitch.0,332763,-0.6159,5.5621,53.4779,39.254,23.0353,7.8527,-0.0478,0.0775
1779816504712,1,11.0000004b,Drive,Loading,pitch.0,333564,-1.5259,5.4525,52.2437,38.1046,23.9935,5.6753,-0.0488,0.0774
1779816504712,1,12.00000015,Lower Delivery,Loading,pitch.0,333292,-0.2072,-0.6275,0.7593,-0.1015,-0.0277,0.0145,0.0,0.0
1779816504712,1,12.00000018,Upper Delivery,Loading,pitch.0,333848,1.1636,0.8202,0.5003,1.264,-0.8348,1.6284,0.0,0.0
1779816504712,1,Pitching Mound.Delivery,,Loading,pitch.0,333056,0.949,0.1833,1.2112,1.2078,-0.9976,2.1151,0.0,0.0
1779816504712,1,Pitching Mound.Drive,,Loading,pitch.0,333564,-1.5259,5.4525,52.2437,38.1046,23.9935,5.6753,-0.0488,0.0774
1779816504712,1,Pitching Mound.Parent,,Loading,pitch.0,332764,-0.5786,5.6375,53.4371,39.3696,23.0482,7.8144,-0.0478,0.0778
1779816504713,1,11.0000004b,Drive,Loading,pitch.0,333565,-1.5107,5.4408,52.2929,38.0961,23.9535,5.6778,-0.0486,0.0773
1779816504713,1,12.00000015,Lower Delivery,Loading,pitch.0,333293,-0.2015,-0.5975,0.6899,-0.1057,-0.0345,-0.0064,0.0,0.0
1779816504713,1,12.00000018,Upper Delivery,Loading,pitch.0,333849,1.1621,0.7897,0.446,1.2614,-0.9209,1.6387,0.0,0.0
1779816504713,1,Pitching Mound.Delivery,,Loading,pitch.0,333057,0.9621,0.2227,1.1902,1.2228,-0.8693,2.0861,0.0,0.0
1779816504713,1,Pitching Mound.Drive,,Loading,pitch.0,333565,-1.5107,5.4408,52.2929,38.0961,23.9535,5.6778,-0.0486,0.0773
1779816504713,1,Pitching Mound.Parent,,Loading,pitch.0,332765,-0.5638,5.6752,53.434,39.3274,23.1242,7.7614,-0.0477,0.0769
1779816504714,1,11.0000004b,Drive,Loading,pitch.0,333566,-1.5224,5.4506,52.2623,38.0822,24.0572,5.6935,-0.0489,0.0774
1779816504714,1,12.00000015,Lower Delivery,Loading,pitch.0,333294,-0.1967,-0.577,0.6461,-0.1073,-0.0285,-0.0101,0.0,0.0
1779816504714,1,Pitching Mound.Delivery,,Loading,pitch.0,333058,0.9654,0.2128,1.0921,1.2222,-0.9494,2.0906,0.0,0.0
1779816504714,1,Pitching Mound.Drive,,Loading,pitch.0,333566,-1.5224,5.4506,52.2623,38.0822,24.0572,5.6935,-0.0489,0.0774
1779816504714,1,Pitching Mound.Parent,,Loading,pitch.0,332766,-0.5453,5.6536,53.3851,39.3182,23.0041,7.7684,-0.0476,0.077
1779816504715,1,11.0000004b,Drive,Loading,pitch.0,333567,-1.5229,5.4599,52.2906,38.1149,24.0843,5.6871,-0.0489,0.0774
1779816504715,1,12.00000015,Lower Delivery,Loading,pitch.0,333295,-0.2179,-0.6117,0.6586,-0.0953,-0.0237,-0.0071,0.0,0.0
1779816504715,1,12.00000018,Upper Delivery,Loading,pitch.0,333850,1.1913,0.8189,0.396,1.1818,-0.8455,1.6396,0.0,0.0
1779816504715,1,12.00000018,Upper Delivery,Loading,pitch.0,333851,1.2184,0.8545,0.3198,1.0965,-0.7357,1.6089,0.0,0.0
1779816504715,1,Pitching Mound.Delivery,,Loading,pitch.0,333059,0.9733,0.2072,1.0545,1.1757,-0.8693,2.1116,0.0,0.0
1779816504715,1,Pitching Mound.Drive,,Loading,pitch.0,333567,-1.5229,5.4599,52.2906,38.1149,24.0843,5.6871,-0.0489,0.0774
1779816504715,1,Pitching Mound.Parent,,Loading,pitch.0,332767,-0.5491,5.6578,53.3168,39.2579,23.1879,7.8051,-0.0479,0.0775
1779816504716,1,11.0000004b,Drive,Loading,pitch.0,333568,-1.5183,5.459,52.2558,38.1094,24.0757,5.6806,-0.0489,0.0774
1779816504716,1,12.00000015,Lower Delivery,Loading,pitch.0,333296,-0.2314,-0.6126,0.6597,-0.1042,-0.0274,-0.01,0.0,0.0
1779816504716,1,Pitching Mound.Delivery,,Loading,pitch.0,333060,0.987,0.2419,0.9795,1.1079,-0.763,2.0918,0.0,0.0
1779816504716,1,Pitching Mound.Drive,,Loading,pitch.0,333568,-1.5183,5.459,52.2558,38.1094,24.0757,5.6806,-0.0489,0.0774
1779816504716,1,Pitching Mound.Parent,,Loading,pitch.0,332768,-0.5359,5.7018,53.2701,39.2228,23.3213,7.7788,-0.048,0.0781
1779816504717,1,11.0000004b,Drive,Loading,pitch.0,333569,-1.5226,5.4682,52.2939,38.1799,24.0644,5.6987,-0.0489,0.0775
1779816504717,1,12.00000015,Lower Delivery,Loading,pitch.0,333297,-0.2263,-0.6569,0.7257,-0.1017,-0.0219,0.0147,0.0,0.0
1779816504717,1,12.00000018,Upper Delivery,Loading,pitch.0,333852,1.2079,0.8831,0.3044,1.1115,-0.7666,1.6795,0.0,0.0
1779816504717,1,12.00000018,Upper Delivery,Loading,pitch.0,333853,1.1988,0.8654,0.2492,1.0675,-0.9171,1.6302,0.0,0.0
1779816504717,1,Pitching Mound.Delivery,,Loading,pitch.0,333061,0.9816,0.2262,1.0301,1.1531,-0.7885,2.1818,0.0,0.0
1779816504717,1,Pitching Mound.Drive,,Loading,pitch.0,333569,-1.5226,5.4682,52.2939,38.1799,24.0644,5.6987,-0.0489,0.0775
1779816504717,1,Pitching Mound.Parent,,Loading,pitch.0,332769,-0.5367,5.6852,53.286,39.2625,23.2871,7.8624,-0.048,0.0786
1779816504718,1,11.0000004b,Drive,Loading,pitch.0,333570,-1.5179,5.4699,52.2925,38.1239,24.1644,5.6566,-0.0491,0.0774
1779816504718,1,12.00000015,Lower Delivery,Loading,pitch.0,333298,-0.2383,-0.6731,0.6897,-0.094,-0.0069,0.01,0.0,0.0
1779816504718,1,12.00000018,Upper Delivery,Loading,pitch.0,333854,1.2044,0.8795,0.322,1.1568,-0.8464,1.6534,0.0,0.0
1779816504718,1,Pitching Mound.Delivery,,Loading,pitch.0,333062,0.9606,0.1923,0.9389,1.1232,-0.924,2.1288,0.0,0.0
1779816504718,1,Pitching Mound.Drive,,Loading,pitch.0,333570,-1.5179,5.4699,52.2925,38.1239,24.1644,5.6566,-0.0491,0.0774
1779816504718,1,Pitching Mound.Parent,,Loading,pitch.0,332770,-0.562,5.6605,53.2329,39.3031,23.1404,7.8275,-0.048,0.079
1779816504719,1,11.0000004b,Drive,Loading,pitch.0,333571,-1.513,5.4669,52.2845,38.1163,24.0817,5.6568,-0.0489,0.0774
1779816504719,1,12.00000015,Lower Delivery,Loading,pitch.0,333299,-0.2575,-0.6937,0.6218,-0.0864,0.0025,0.011,0.0,0.0
1779816504719,1,12.00000018,Upper Delivery,Loading,pitch.0,333855,1.2038,0.8721,0.3122,1.0788,-0.8062,1.6442,0.0,0.0
1779816504719,1,Pitching Mound.Delivery,,Loading,pitch.0,333063,0.9469,0.1858,0.9438,1.1723,-0.8439,2.1615,0.0,0.0
1779816504719,1,Pitching Mound.Drive,,Loading,pitch.0,333571,-1.513,5.4669,52.2845,38.1163,24.0817,5.6568,-0.0489,0.0774
1779816504719,1,Pitching Mound.Parent,,Loading,pitch.0,332771,-0.5711,5.6557,53.2363,39.2962,23.3205,7.8181,-0.0482,0.0779
1779816504720,1,11.0000004b,Drive,Loading,pitch.0,333572,-1.5158,5.471,52.3252,38.1661,24.0945,5.6468,-0.0489,0.0774
1779816504720,1,12.00000015,Lower Delivery,Loading,pitch.0,333300,-0.2529,-0.7091,0.6376,-0.0959,-0.0019,0.0116,0.0,0.0
1779816504720,1,12.00000018,Upper Delivery,Loading,pitch.0,333856,1.2217,0.8723,0.3272,1.2238,-0.5371,1.7194,0.0,0.0
1779816504720,1,Pitching Mound.Delivery,,Loading,pitch.0,333064,0.951,0.163,0.9498,1.0935,-0.8081,2.1512,0.0,0.0
1779816504720,1,Pitching Mound.Drive,,Loading,pitch.0,333572,-1.5158,5.471,52.3252,38.1661,24.0945,5.6468,-0.0489,0.0774
1779816504720,1,Pitching Mound.Parent,,Loading,pitch.0,332772,-0.5621,5.6299,53.2343,39.2099,23.2737,7.808,-0.048,0.0781
1779816504721,1,11.0000004b,Drive,Loading,pitch.0,333573,-1.5128,5.468,52.3214,38.1904,24.0681,5.6712,-0.0488,0.0775
1779816504721,1,12.00000015,Lower Delivery,Loading,pitch.0,333301,-0.2576,-0.7357,0.6924,-0.098,-0.0001,0.0095,0.0,0.0
1779816504721,1,12.00000018,Upper Delivery,Loading,pitch.0,333857,1.184,0.8265,0.3463,1.1375,-0.5428,1.7174,0.0,0.0
1779816504721,1,Pitching Mound.Delivery,,Loading,pitch.0,333065,0.9641,0.1366,1.0196,1.2499,-0.5372,2.2318,0.0,0.0
1779816504721,1,Pitching Mound.Drive,,Loading,pitch.0,333573,-1.5128,5.468,52.3214,38.1904,24.0681,5.6712,-0.0488,0.0775
1779816504721,1,Pitching Mound.Parent,,Loading,pitch.0,332773,-0.5517,5.6075,53.3448,39.4161,23.5573,7.8787,-0.048,0.0783
1779816504722,1,11.0000004b,Drive,Loading,pitch.0,333574,-1.5099,5.4694,52.2609,38.1542,24.1823,5.6876,-0.0491,0.0775
1779816504722,1,12.00000015,Lower Delivery,Loading,pitch.0,333302,-0.2541,-0.7289,0.7404,-0.0953,-0.0009,0.0322,0.0,0.0
1779816504722,1,12.00000018,Upper Delivery,Loading,pitch.0,333858,1.166,0.8221,0.3256,1.226,-0.4467,1.7238,0.0,0.0
1779816504722,1,Pitching Mound.Delivery,,Loading,pitch.0,333066,0.9299,0.0976,1.0867,1.1762,-0.5437,2.2385,0.0,0.0
1779816504722,1,Pitching Mound.Drive,,Loading,pitch.0,333574,-1.5099,5.4694,52.2609,38.1542,24.1823,5.6876,-0.0491,0.0775
1779816504722,1,Pitching Mound.Parent,,Loading,pitch.0,332774,-0.5829,5.5656,53.4081,39.3666,23.5244,7.9097,-0.0478,0.0784
1779816504723,1,11.0000004b,Drive,Loading,pitch.0,333575,-1.5039,5.4663,52.3063,38.1257,24.2348,5.7036,-0.0492,0.0774
1779816504723,1,12.00000015,Lower Delivery,Loading,pitch.0,333303,-0.2578,-0.7238,0.774,-0.0895,0.0039,0.0108,0.0,0.0
1779816504723,1,12.00000018,Upper Delivery,Loading,pitch.0,333859,1.1608,0.8255,0.3211,1.3925,-0.3238,1.7121,0.0,0.0
1779816504723,1,Pitching Mound.Delivery,,Loading,pitch.0,333067,0.9081,0.0983,1.0996,1.289,-0.4429,2.2186,0.0,0.0
1779816504723,1,Pitching Mound.Drive,,Loading,pitch.0,333575,-1.5039,5.4663,52.3063,38.1257,24.2348,5.7036,-0.0492,0.0774
1779816504723,1,Pitching Mound.Parent,,Loading,pitch.0,332775,-0.6018,5.5677,53.3605,39.4431,23.7395,7.9062,-0.0481,0.0788
1779816504724,1,11.0000004b,Drive,Loading,pitch.0,333576,-1.5039,5.4649,52.2696,38.1776,24.2758,5.6723,-0.0493,0.0775
1779816504724,1,12.00000015,Lower Delivery,Loading,pitch.0,333304,-0.259,-0.7541,0.8971,-0.081,0.0079,0.0561,0.0,0.0
1779816504724,1,12.00000018,Upper Delivery,Loading,pitch.0,333860,1.1442,0.8165,0.3712,1.5232,-0.2382,1.708,0.0,0.0
1779816504724,1,Pitching Mound.Delivery,,Loading,pitch.0,333068,0.9018,0.0714,1.2182,1.5073,-0.316,2.2509,0.0,0.0
1779816504724,1,Pitching Mound.Drive,,Loading,pitch.0,333576,-1.5039,5.4649,52.2696,38.1776,24.2758,5.6723,-0.0493,0.0775
1779816504724,1,Pitching Mound.Parent,,Loading,pitch.0,332776,-0.6021,5.5377,53.5245,39.633,23.9189,7.9545,-0.0481,0.0793
1779816504725,1,11.0000004b,Drive,Loading,pitch.0,333577,-1.4973,5.4754,52.2551,38.1422,24.388,5.7053,-0.0495,0.0775
1779816504725,1,12.00000015,Lower Delivery,Loading,pitch.0,333305,-0.2528,-0.7449,0.902,-0.0802,0.0049,0.0298,0.0,0.0
1779816504725,1,12.00000018,Upper Delivery,Loading,pitch.0,333861,1.1329,0.795,0.3657,1.4953,-0.2547,1.6864,0.0,0.0
1779816504725,1,Pitching Mound.Delivery,,Loading,pitch.0,333069,0.8914,0.0716,1.2731,1.6234,-0.2333,2.2127,0.0,0.0
1779816504725,1,Pitching Mound.Drive,,Loading,pitch.0,333577,-1.4973,5.4754,52.2551,38.1422,24.388,5.7053,-0.0495,0.0775
1779816504725,1,Pitching Mound.Parent,,Loading,pitch.0,332777,-0.6126,5.5365,53.5427,39.801,24.0424,7.8851,-0.0481,0.0791
1779816504726,1,11.0000004b,Drive,Loading,pitch.0,333578,-1.4925,5.4713,52.2635,38.1234,24.3642,5.6907,-0.0495,0.0774
1779816504726,1,12.00000015,Lower Delivery,Loading,pitch.0,333306,-0.2815,-0.7477,0.9519,-0.0769,0.0137,0.0218,0.0,0.0
1779816504726,1,12.00000018,Upper Delivery,Loading,pitch.0,333862,1.1285,0.7838,0.3658,1.5443,-0.2715,1.6974,0.0,0.0
1779816504726,1,Pitching Mound.Delivery,,Loading,pitch.0,333070,0.8514,0.0473,1.3175,1.6177,-0.241,2.1891,0.0,0.0
1779816504726,1,Pitching Mound.Drive,,Loading,pitch.0,333578,-1.4925,5.4713,52.2635,38.1234,24.3642,5.6907,-0.0495,0.0774
1779816504726,1,Pitching Mound.Parent,,Loading,pitch.0,332778,-0.6459,5.5227,53.5726,39.7599,24.1471,7.8944,-0.0483,0.0793
1779816504727,1,11.0000004b,Drive,Loading,pitch.0,333579,-1.4811,5.4758,52.2912,38.2248,24.3136,5.7076,-0.0494,0.0776
1779816504727,1,12.00000015,Lower Delivery,Loading,pitch.0,333307,-0.2712,-0.752,0.9452,-0.0603,0.0074,0.0457,0.0,0.0
1779816504727,1,12.00000015,Lower Delivery,Loading,pitch.0,333308,-0.2767,-0.7316,0.8248,-0.0733,0.009,0.0173,0.0,0.0
1779816504727,1,12.00000018,Upper Delivery,Loading,pitch.0,333863,1.1233,0.7796,0.3727,1.5595,-0.2741,1.6662,0.0,0.0
1779816504727,1,Pitching Mound.Delivery,,Loading,pitch.0,333072,0.8466,0.048,1.1975,1.64,-0.2651,2.1595,0.0,0.0
1779816504727,1,Pitching Mound.Delivery,,Loading,pitch.0,333071,0.8573,0.0318,1.311,1.681,-0.2641,2.219,0.0,0.0
1779816504727,1,Pitching Mound.Drive,,Loading,pitch.0,333579,-1.4811,5.4758,52.2912,38.2248,24.3136,5.7076,-0.0494,0.0776
1779816504727,1,Pitching Mound.Parent,,Loading,pitch.0,332779,-0.6352,5.5031,53.5745,39.8043,24.1001,7.9097,-0.0483,0.0792
1779816504727,1,Pitching Mound.Parent,,Loading,pitch.0,332780,-0.6344,5.5238,53.4887,39.8647,24.0485,7.8671,-0.0483,0.0787
1779816504728,1,11.0000004b,Drive,Loading,pitch.0,333580,-1.4876,5.472,52.3626,38.3462,24.3632,5.7026,-0.0494,0.0777
1779816504728,1,12.00000018,Upper Delivery,Loading,pitch.0,333864,1.1506,0.8067,0.386,1.5945,-0.3229,1.6401,0.0,0.0
1779816504728,1,Pitching Mound.Drive,,Loading,pitch.0,333580,-1.4876,5.472,52.3626,38.3462,24.3632,5.7026,-0.0494,0.0777
1779816504729,1,11.0000004b,Drive,Loading,pitch.0,333581,-1.4822,5.4823,52.351,38.353,24.3584,5.7295,-0.0494,0.0778
1779816504729,1,12.00000015,Lower Delivery,Loading,pitch.0,333309,-0.2707,-0.6833,0.7893,-0.0803,-0.0036,0.0175,0.0,0.0
1779816504729,1,12.00000018,Upper Delivery,Loading,pitch.0,333865,1.162,0.8123,0.3798,1.5971,-0.3283,1.6324,0.0,0.0
1779816504729,1,Pitching Mound.Delivery,,Loading,pitch.0,333073,0.8799,0.1233,1.1753,1.6514,-0.3265,2.1409,0.0,0.0
1779816504729,1,Pitching Mound.Drive,,Loading,pitch.0,333581,-1.4822,5.4823,52.351,38.353,24.3584,5.7295,-0.0494,0.0778
1779816504729,1,Pitching Mound.Parent,,Loading,pitch.0,332781,-0.6077,5.5953,53.5379,39.9976,24.0367,7.8434,-0.0483,0.0786
1779816504730,1,11.0000004b,Drive,Loading,pitch.0,333582,-1.4861,5.485,52.301,38.4318,24.398,5.7316,-0.0495,0.078
1779816504730,1,12.00000015,Lower Delivery,Loading,pitch.0,333311,-0.2752,-0.6964,0.8694,-0.0789,-0.0055,0.007,0.0,0.0
1779816504730,1,12.00000015,Lower Delivery,Loading,pitch.0,333310,-0.2667,-0.678,0.81,-0.0828,-0.0045,0.0071,0.0,0.0
1779816504730,1,12.00000018,Upper Delivery,Loading,pitch.0,333866,1.1665,0.8359,0.3511,1.6224,-0.3198,1.5971,0.0,0.0
1779816504730,1,Pitching Mound.Delivery,,Loading,pitch.0,333074,0.8952,0.1343,1.1897,1.6605,-0.3328,2.1252,0.0,0.0
1779816504730,1,Pitching Mound.Delivery,,Loading,pitch.0,333075,0.8913,0.1395,1.2205,1.7198,-0.3253,2.0944,0.0,0.0
1779816504730,1,Pitching Mound.Drive,,Loading,pitch.0,333582,-1.4861,5.485,52.301,38.4318,24.398,5.7316,-0.0495,0.078
1779816504730,1,Pitching Mound.Parent,,Loading,pitch.0,332783,-0.5948,5.6245,53.5215,40.1516,24.0727,7.826,-0.0484,0.0795
1779816504730,1,Pitching Mound.Parent,,Loading,pitch.0,332782,-0.587,5.6166,53.5408,40.0135,24.0256,7.8547,-0.0483,0.0788
1779816504731,1,11.0000004b,Drive,Loading,pitch.0,333583,-1.4929,5.4898,52.263,38.329,24.4588,5.7212,-0.0497,0.0779
1779816504731,1,12.00000015,Lower Delivery,Loading,pitch.0,333312,-0.2781,-0.6618,0.7529,-0.0856,-0.0152,-0.002,0.0,0.0
1779816504731,1,12.00000018,Upper Delivery,Loading,pitch.0,333867,1.1639,0.8585,0.3679,1.4655,-0.4337,1.5718,0.0,0.0
1779816504731,1,Pitching Mound.Delivery,,Loading,pitch.0,333076,0.8858,0.1967,1.1207,1.5108,-0.4489,2.06,0.0,0.0
1779816504731,1,Pitching Mound.Drive,,Loading,pitch.0,333583,-1.4929,5.4898,52.263,38.329,24.4588,5.7212,-0.0497,0.0779
1779816504731,1,Pitching Mound.Parent,,Loading,pitch.0,332784,-0.6071,5.6865,53.3837,39.8398,24.0099,7.7812,-0.0486,0.0787
1779816504732,1,11.0000004b,Drive,Loading,pitch.0,333584,-1.4988,5.4795,52.2364,38.3239,24.4282,5.7092,-0.0496,0.0779
1779816504732,1,12.00000015,Lower Delivery,Loading,pitch.0,333313,-0.2938,-0.707,0.7887,-0.07,0.0012,0.0158,0.0,0.0
1779816504732,1,12.00000018,Upper Delivery,Loading,pitch.0,333868,1.115,0.8596,0.5075,1.4713,-0.5383,1.526,0.0,0.0
1779816504732,1,Pitching Mound.Delivery,,Loading,pitch.0,333077,0.8212,0.1526,1.2962,1.4969,-0.5371,2.0208,0.0,0.0
1779816504732,1,Pitching Mound.Drive,,Loading,pitch.0,333584,-1.4988,5.4795,52.2364,38.3239,24.4282,5.7092,-0.0496,0.0779
1779816504732,1,Pitching Mound.Parent,,Loading,pitch.0,332785,-0.6776,5.6322,53.5325,39.8208,23.8911,7.73,-0.0484,0.0778
1779816504733,1,11.0000004b,Drive,Loading,pitch.0,333585,-1.503,5.4917,52.2442,38.2526,24.3636,5.669,-0.0495,0.0777
1779816504733,1,12.00000015,Lower Delivery,Loading,pitch.0,333314,-0.2832,-0.7117,0.7532,-0.0711,-0.0007,0.0012,0.0,0.0
1779816504733,1,12.00000018,Upper Delivery,Loading,pitch.0,333869,1.1683,0.8437,0.3892,1.3686,-0.6059,1.5304,0.0,0.0
1779816504733,1,Pitching Mound.Delivery,,Loading,pitch.0,333078,0.8851,0.132,1.1424,1.4212,-0.6066,2.0251,0.0,0.0
1779816504733,1,Pitching Mound.Drive,,Loading,pitch.0,333585,-1.503,5.4917,52.2442,38.2526,24.3636,5.669,-0.0495,0.0777
1779816504733,1,Pitching Mound.Parent,,Loading,pitch.0,332786,-0.6179,5.6237,53.3866,39.6738,23.757,7.6942,-0.0484,0.0784
1779816504734,1,11.0000004b,Drive,Loading,pitch.0,333586,-1.5201,5.4928,52.234,38.3499,24.5424,5.6979,-0.0499,0.0779
1779816504734,1,12.00000015,Lower Delivery,Loading,pitch.0,333315,-0.2932,-0.6863,0.7166,-0.0698,-0.0034,-0.0002,0.0,0.0
1779816504734,1,12.00000018,Upper Delivery,Loading,pitch.0,333870,1.1699,0.8407,0.3557,1.389,-0.6734,1.5363,0.0,0.0
1779816504734,1,Pitching Mound.Delivery,,Loading,pitch.0,333079,0.8767,0.1544,1.0722,1.442,-0.6769,2.0336,0.0,0.0
1779816504734,1,Pitching Mound.Drive,,Loading,pitch.0,333586,-1.5201,5.4928,52.234,38.3499,24.5424,5.6979,-0.0499,0.0779
1779816504734,1,Pitching Mound.Parent,,Loading,pitch.0,332787,-0.6434,5.6472,53.3062,39.7918,23.8655,7.7315,-0.0489,0.0787
1779816504735,1,11.0000004b,Drive,Loading,pitch.0,333587,-1.5085,5.4993,52.2491,38.3314,24.4681,5.6928,-0.0497,0.0779
1779816504735,1,12.00000015,Lower Delivery,Loading,pitch.0,333316,-0.2753,-0.6821,0.6718,-0.065,-0.002,-0.0088,0.0,0.0
1779816504735,1,12.00000018,Upper Delivery,Loading,pitch.0,333871,1.1546,0.8324,0.4387,1.3615,-0.7405,1.5556,0.0,0.0
1779816504735,1,Pitching Mound.Delivery,,Loading,pitch.0,333080,0.8793,0.1502,1.1105,1.3758,-0.7426,2.0329,0.0,0.0
1779816504735,1,Pitching Mound.Drive,,Loading,pitch.0,333587,-1.5085,5.4993,52.2491,38.3314,24.4681,5.6928,-0.0497,0.0779
1779816504735,1,Pitching Mound.Parent,,Loading,pitch.0,332788,-0.6292,5.6495,53.3597,39.7072,23.7255,7.7258,-0.0487,0.0777
1779816504736,1,11.0000004b,Drive,Loading,pitch.0,333588,-1.5235,5.4906,52.142,38.3263,24.6253,5.6838,-0.0501,0.078
1779816504736,1,12.00000015,Lower Delivery,Loading,pitch.0,333317,-0.2643,-0.7011,0.724,-0.0642,-0.0016,-0.0113,0.0,0.0
1779816504736,1,12.00000018,Upper Delivery,Loading,pitch.0,333872,1.141,0.8271,0.4495,1.3365,-0.7506,1.5849,0.0,0.0
1779816504736,1,Pitching Mound.Delivery,,Loading,pitch.0,333081,0.8768,0.126,1.1735,1.3657,-0.7523,2.0514,0.0,0.0
1779816504736,1,Pitching Mound.Drive,,Loading,pitch.0,333588,-1.5235,5.4906,52.142,38.3263,24.6253,5.6838,-0.0501,0.078
1779816504736,1,Pitching Mound.Parent,,Loading,pitch.0,332789,-0.6468,5.6166,53.3155,39.692,23.873,7.7352,-0.049,0.0781
1779816504737,1,11.0000004b,Drive,Loading,pitch.0,333589,-1.5238,5.5099,52.1633,38.3187,24.5787,5.6804,-0.05,0.078
1779816504737,1,12.00000015,Lower Delivery,Loading,pitch.0,333318,-0.2668,-0.726,0.7412,-0.0614,0.0065,-0.0059,0.0,0.0
1779816504737,1,12.00000018,Upper Delivery,Loading,pitch.0,333873,1.118,0.8834,0.4308,1.3564,-0.941,1.5982,0.0,0.0
1779816504737,1,Pitching Mound.Delivery,,Loading,pitch.0,333082,0.8512,0.1574,1.1719,1.4005,-0.9345,2.063,0.0,0.0
1779816504737,1,Pitching Mound.Drive,,Loading,pitch.0,333589,-1.5238,5.5099,52.1633,38.3187,24.5787,5.6804,-0.05,0.078
1779816504737,1,Pitching Mound.Parent,,Loading,pitch.0,332790,-0.6725,5.6673,53.3352,39.7192,23.6443,7.7434,-0.0489,0.0783
1779816504738,1,11.0000004b,Drive,Loading,pitch.0,333590,-1.5286,5.5086,52.0362,38.2018,24.6315,5.6816,-0.0503,0.0779
1779816504738,1,12.00000015,Lower Delivery,Loading,pitch.0,333319,-0.284,-0.7244,0.7763,-0.0672,0.0005,-0.0113,0.0,0.0
1779816504738,1,12.00000018,Upper Delivery,Loading,pitch.0,333874,1.1449,0.9174,0.3678,1.2382,-0.6845,1.5915,0.0,0.0
1779816504738,1,Pitching Mound.Delivery,,Loading,pitch.0,333083,0.8609,0.193,1.1441,1.3099,-0.6841,2.066,0.0,0.0
1779816504738,1,Pitching Mound.Drive,,Loading,pitch.0,333590,-1.5286,5.5086,52.0362,38.2018,24.6315,5.6816,-0.0503,0.0779
1779816504738,1,Pitching Mound.Parent,,Loading,pitch.0,332791,-0.6677,5.7016,53.1803,39.5117,23.9474,7.7476,-0.0492,0.0789
1779816504739,1,11.0000004b,Drive,Loading,pitch.0,333591,-1.5383,5.5122,52.0309,38.1877,24.5943,5.6788,-0.0502,0.0779
1779816504739,1,12.00000015,Lower Delivery,Loading,pitch.0,333320,-0.2976,-0.7484,0.7329,-0.0644,0.0087,-0.0087,0.0,0.0
1779816504739,1,12.00000018,Upper Delivery,Loading,pitch.0,333875,1.15,0.9414,0.3554,1.1985,-0.4895,1.614,0.0,0.0
1779816504739,1,Pitching Mound.Delivery,,Loading,pitch.0,333084,0.8525,0.193,1.0883,1.2625,-0.4808,2.0974,0.0,0.0
1779816504739,1,Pitching Mound.Drive,,Loading,pitch.0,333591,-1.5383,5.5122,52.0309,38.1877,24.5943,5.6788,-0.0502,0.0779
1779816504739,1,Pitching Mound.Parent,,Loading,pitch.0,332792,-0.6858,5.7052,53.1191,39.4502,24.1135,7.7763,-0.0492,0.0787
1779816504740,1,11.0000004b,Drive,Loading,pitch.0,333592,-1.5349,5.5097,52.0908,38.2044,24.5777,5.6537,-0.0501,0.0779
1779816504740,1,12.00000015,Lower Delivery,Loading,pitch.0,333321,-0.2837,-0.753,0.7071,-0.068,0.0137,-0.0051,0.0,0.0
1779816504740,1,12.00000018,Upper Delivery,Loading,pitch.0,333876,1.1266,0.9424,0.3602,1.1796,-0.3813,1.6169,0.0,0.0
1779816504740,1,Pitching Mound.Delivery,,Loading,pitch.0,333085,0.8429,0.1894,1.0672,1.2295,-0.3675,2.0913,0.0,0.0
1779816504740,1,Pitching Mound.Drive,,Loading,pitch.0,333592,-1.5349,5.5097,52.0908,38.2044,24.5777,5.6537,-0.0501,0.0779
1779816504740,1,Pitching Mound.Parent,,Loading,pitch.0,332793,-0.6921,5.6991,53.158,39.434,24.2102,7.745,-0.0491,0.0785
1779816504741,1,11.0000004b,Drive,Loading,pitch.0,333593,-1.5396,5.5205,52.1102,38.1054,24.5982,5.6557,-0.0501,0.0776
1779816504741,1,12.00000015,Lower Delivery,Loading,pitch.0,333322,-0.282,-0.7789,0.7582,-0.0728,0.0093,0.0052,0.0,0.0
1779816504741,1,12.00000018,Upper Delivery,Loading,pitch.0,333877,1.1139,0.9569,0.3448,1.0733,-0.2754,1.641,0.0,0.0
1779816504741,1,Pitching Mound.Delivery,,Loading,pitch.0,333086,0.8319,0.1779,1.103,1.141,-0.2661,2.1208,0.0,0.0
1779816504741,1,Pitching Mound.Drive,,Loading,pitch.0,333593,-1.5396,5.5205,52.1102,38.1054,24.5982,5.6557,-0.0501,0.0776
1779816504741,1,Pitching Mound.Parent,,Loading,pitch.0,332794,-0.7077,5.6984,53.2131,39.2465,24.3322,7.7765,-0.0491,0.0787
1779816504742,1,11.0000004b,Drive,Loading,pitch.0,333594,-1.5403,5.5341,52.198,38.2245,24.6409,5.6855,-0.0501,0.0777
1779816504742,1,12.00000015,Lower Delivery,Loading,pitch.0,333323,-0.2827,-0.7628,0.7948,-0.0795,0.0023,0.0109,0.0,0.0
1779816504742,1,12.00000018,Upper Delivery,Loading,pitch.0,333878,1.1105,0.9651,0.3721,1.0234,-0.2378,1.6504,0.0,0.0
1779816504742,1,Pitching Mound.Delivery,,Loading,pitch.0,333087,0.8278,0.2023,1.1668,1.0876,-0.2355,2.135,0.0,0.0
1779816504742,1,Pitching Mound.Drive,,Loading,pitch.0,333594,-1.5403,5.5341,52.198,38.2245,24.6409,5.6855,-0.0501,0.0777
1779816504742,1,Pitching Mound.Parent,,Loading,pitch.0,332795,-0.7125,5.7364,53.3649,39.3121,24.4054,7.8205,-0.049,0.0787
1779816504743,1,11.0000004b,Drive,Loading,pitch.0,333595,-1.5442,5.5313,52.2633,38.2263,24.6285,5.6541,-0.05,0.0776
1779816504743,1,12.00000015,Lower Delivery,Loading,pitch.0,333324,-0.2828,-0.7684,0.8704,-0.09,-0.0055,0.013,0.0,0.0
1779816504743,1,12.00000018,Upper Delivery,Loading,pitch.0,333879,1.1332,0.9741,0.3667,1.0159,-0.3147,1.664,0.0,0.0
1779816504743,1,Pitching Mound.Delivery,,Loading,pitch.0,333088,0.8505,0.2057,1.2371,1.0972,-0.3202,2.1584,0.0,0.0
1779816504743,1,Pitching Mound.Drive,,Loading,pitch.0,333595,-1.5442,5.5313,52.2633,38.2263,24.6285,5.6541,-0.05,0.0776
1779816504743,1,Pitching Mound.Parent,,Loading,pitch.0,332796,-0.6937,5.737,53.5004,39.3235,24.3084,7.8126,-0.0489,0.0791
1779816504744,1,11.0000004b,Drive,Loading,pitch.0,333596,-1.548,5.5354,52.3504,38.3039,24.6257,5.6648,-0.0499,0.0777
1779816504744,1,12.00000015,Lower Delivery,Loading,pitch.0,333325,-0.2877,-0.7657,0.859,-0.0839,-0.0032,0.0379,0.0,0.0
1779816504744,1,12.00000018,Upper Delivery,Loading,pitch.0,333880,1.1372,0.9979,0.4317,1.197,-0.2983,1.7066,0.0,0.0
1779816504744,1,Pitching Mound.Delivery,,Loading,pitch.0,333089,0.8495,0.2323,1.2908,1.2584,-0.3016,2.229,0.0,0.0
1779816504744,1,Pitching Mound.Drive,,Loading,pitch.0,333596,-1.548,5.5354,52.3504,38.3039,24.6257,5.6648,-0.0499,0.0777
1779816504744,1,Pitching Mound.Parent,,Loading,pitch.0,332797,-0.6985,5.7677,53.6412,39.5623,24.3241,7.8938,-0.0487,0.0785
1779816504745,1,11.0000004b,Drive,Loading,pitch.0,333597,-1.5473,5.5518,52.3724,38.2591,24.5532,5.6419,-0.0498,0.0776
1779816504745,1,12.00000015,Lower Delivery,Loading,pitch.0,333326,-0.2786,-0.7858,0.88,-0.0895,-0.0085,0.0392,0.0,0.0
1779816504745,1,12.00000018,Upper Delivery,Loading,pitch.0,333881,1.1364,1.0041,0.3931,1.0522,-0.2639,1.6829,0.0,0.0
1779816504745,1,Pitching Mound.Delivery,,Loading,pitch.0,333090,0.8578,0.2183,1.2731,1.1283,-0.2725,2.2032,0.0,0.0
1779816504745,1,Pitching Mound.Drive,,Loading,pitch.0,333597,-1.5473,5.5518,52.3724,38.2591,24.5532,5.6419,-0.0498,0.0776
1779816504745,1,Pitching Mound.Parent,,Loading,pitch.0,332798,-0.6895,5.7701,53.6455,39.3874,24.2807,7.845,-0.0486,0.0788
1779816504746,1,11.0000004b,Drive,Loading,pitch.0,333598,-1.5586,5.5442,52.3936,38.1817,24.5332,5.6427,-0.0497,0.0774
1779816504746,1,12.00000015,Lower Delivery,Loading,pitch.0,333327,-0.2915,-0.7735,0.887,-0.0882,-0.0012,0.0818,0.0,0.0
1779816504746,1,12.00000018,Upper Delivery,Loading,pitch.0,333882,1.1304,0.9148,0.3344,0.8701,-0.2039,1.6458,0.0,0.0
1779816504746,1,Pitching Mound.Delivery,,Loading,pitch.0,333091,0.8388,0.1413,1.2214,0.9699,-0.2051,2.2111,0.0,0.0
1779816504746,1,Pitching Mound.Drive,,Loading,pitch.0,333598,-1.5586,5.5442,52.3936,38.1817,24.5332,5.6427,-0.0497,0.0774
1779816504746,1,Pitching Mound.Parent,,Loading,pitch.0,332799,-0.7197,5.6855,53.615,39.1515,24.3281,7.8537,-0.0486,0.0791
1779816504747,1,11.0000004b,Drive,Loading,pitch.0,333599,-1.5641,5.542,52.3806,38.0857,24.4952,5.6394,-0.0496,0.0772
1779816504747,1,12.00000015,Lower Delivery,Loading,pitch.0,333328,-0.3002,-0.7734,0.8849,-0.0948,0.0037,0.0792,0.0,0.0
1779816504747,1,12.00000018,Upper Delivery,Loading,pitch.0,333883,1.1185,0.8993,0.313,0.9912,-0.3903,1.6717,0.0,0.0
1779816504747,1,Pitching Mound.Delivery,,Loading,pitch.0,333092,0.8183,0.126,1.1979,1.0908,-0.3866,2.2333,0.0,0.0
1779816504747,1,Pitching Mound.Drive,,Loading,pitch.0,333599,-1.5641,5.542,52.3806,38.0857,24.4952,5.6394,-0.0496,0.0772
1779816504747,1,Pitching Mound.Parent,,Loading,pitch.0,332800,-0.7458,5.668,53.5785,39.1765,24.1086,7.8727,-0.0485,0.0791
1779816504748,1,11.0000004b,Drive,Loading,pitch.0,333600,-1.5691,5.54,52.4556,38.1075,24.4752,5.6447,-0.0495,0.0771
1779816504748,1,12.00000015,Lower Delivery,Loading,pitch.0,333329,-0.2944,-0.759,0.889,-0.0826,0.0129,0.0413,0.0,0.0
1779816504748,1,12.00000018,Upper Delivery,Loading,pitch.0,333884,1.1366,0.8958,0.3419,0.9222,-0.3766,1.6279,0.0,0.0
1779816504748,1,Pitching Mound.Delivery,,Loading,pitch.0,333093,0.8422,0.1367,1.2309,1.0256,-0.3637,2.1558,0.0,0.0
1779816504748,1,Pitching Mound.Drive,,Loading,pitch.0,333600,-1.5691,5.54,52.4556,38.1075,24.4752,5.6447,-0.0495,0.0771
1779816504748,1,Pitching Mound.Parent,,Loading,pitch.0,332801,-0.7269,5.6768,53.6864,39.1331,24.1115,7.8005,-0.0484,0.0788
1779816504749,1,11.0000004b,Drive,Loading,pitch.0,333601,-1.5683,5.5456,52.5318,38.1813,24.43,5.6483,-0.0494,0.0772
1779816504749,1,12.00000015,Lower Delivery,Loading,pitch.0,333330,-0.2939,-0.7807,0.827,-0.0759,0.023,0.0556,0.0,0.0
1779816504749,1,12.00000018,Upper Delivery,Loading,pitch.0,333885,1.1493,0.8696,0.3167,0.9681,-0.5094,1.6076,0.0,0.0
1779816504749,1,Pitching Mound.Delivery,,Loading,pitch.0,333094,0.8554,0.0889,1.1437,1.0657,-0.4863,2.1538,0.0,0.0
1779816504749,1,Pitching Mound.Drive,,Loading,pitch.0,333601,-1.5683,5.5456,52.5318,38.1813,24.43,5.6483,-0.0494,0.0772
1779816504749,1,Pitching Mound.Parent,,Loading,pitch.0,332802,-0.7129,5.6345,53.6755,39.247,23.9437,7.8022,-0.0483,0.0787
1779816504750,1,11.0000004b,Drive,Loading,pitch.0,333602,-1.5808,5.5421,52.5025,38.1427,24.5088,5.6571,-0.0496,0.0771
1779816504750,1,12.00000015,Lower Delivery,Loading,pitch.0,333331,-0.2899,-0.7728,0.7665,-0.0906,0.0126,0.014,0.0,0.0
1779816504750,1,12.00000018,Upper Delivery,Loading,pitch.0,333886,1.1222,0.8485,0.3179,1.0145,-0.5469,1.6015,0.0,0.0
1779816504750,1,Pitching Mound.Delivery,,Loading,pitch.0,333095,0.8323,0.0757,1.0844,1.0765,-0.5343,2.0956,0.0,0.0
1779816504750,1,Pitching Mound.Drive,,Loading,pitch.0,333602,-1.5808,5.5421,52.5025,38.1427,24.5088,5.6571,-0.0496,0.0771
1779816504750,1,Pitching Mound.Parent,,Loading,pitch.0,332803,-0.7485,5.6178,53.5869,39.2192,23.9745,7.7527,-0.0486,0.0784
1779816504751,1,11.0000004b,Drive,Loading,pitch.0,333603,-1.5963,5.5419,52.4678,38.1402,24.4692,5.6519,-0.0495,0.0772
1779816504751,1,12.00000015,Lower Delivery,Loading,pitch.0,333332,-0.2975,-0.7685,0.7728,-0.0835,0.0119,0.0109,0.0,0.0
1779816504751,1,12.00000018,Upper Delivery,Loading,pitch.0,333887,1.1368,0.8615,0.2716,1.0986,-0.6695,1.6196,0.0,0.0
1779816504751,1,Pitching Mound.Delivery,,Loading,pitch.0,333096,0.8393,0.093,1.0444,1.1855,-0.6577,2.1181,0.0,0.0
1779816504751,1,Pitching Mound.Drive,,Loading,pitch.0,333603,-1.5963,5.5419,52.4678,38.1402,24.4692,5.6519,-0.0495,0.0772
1779816504751,1,Pitching Mound.Parent,,Loading,pitch.0,332804,-0.757,5.6349,53.5122,39.3257,23.8115,7.77,-0.0485,0.0789
1779816504752,1,11.0000004b,Drive,Loading,pitch.0,333604,-1.5961,5.5409,52.5048,38.1867,24.4619,5.6318,-0.0495,0.0772
1779816504752,1,12.00000015,Lower Delivery,Loading,pitch.0,333333,-0.2997,-0.7811,0.7414,-0.0708,0.0229,0.0077,0.0,0.0
1779816504752,1,12.00000018,Upper Delivery,Loading,pitch.0,333888,1.1298,0.8496,0.3428,1.218,-0.6495,1.5721,0.0,0.0
1779816504752,1,Pitching Mound.Delivery,,Loading,pitch.0,333097,0.8301,0.0685,1.0842,1.2827,-0.6267,2.0658,0.0,0.0
1779816504752,1,Pitching Mound.Drive,,Loading,pitch.0,333604,-1.5961,5.5409,52.5048,38.1867,24.4619,5.6318,-0.0495,0.0772
1779816504752,1,Pitching Mound.Parent,,Loading,pitch.0,332805,-0.766,5.6094,53.589,39.4693,23.8352,7.6975,-0.0485,0.0782
1779816504753,1,11.0000004b,Drive,Loading,pitch.0,333605,-1.5976,5.5295,52.4507,38.1194,24.4091,5.6311,-0.0494,0.0772
1779816504753,1,12.00000015,Lower Delivery,Loading,pitch.0,333334,-0.285,-0.7634,0.7109,-0.0714,0.0159,-0.0012,0.0,0.0
1779816504753,1,12.00000018,Upper Delivery,Loading,pitch.0,333889,1.1074,0.8423,0.3711,1.1817,-0.71,1.568,0.0,0.0
1779816504753,1,Pitching Mound.Delivery,,Loading,pitch.0,333098,0.8224,0.0788,1.082,1.2258,-0.6941,2.0403,0.0,0.0
1779816504753,1,Pitching Mound.Drive,,Loading,pitch.0,333605,-1.5976,5.5295,52.4507,38.1194,24.4091,5.6311,-0.0494,0.0772
1779816504753,1,Pitching Mound.Parent,,Loading,pitch.0,332806,-0.7752,5.6083,53.5327,39.3452,23.715,7.6715,-0.0484,0.0778
1779816504754,1,11.0000004b,Drive,Loading,pitch.0,333606,-1.6087,5.5455,52.5218,38.2359,24.449,5.65,-0.0494,0.0773
1779816504754,1,12.00000015,Lower Delivery,Loading,pitch.0,333335,-0.2906,-0.7571,0.6995,-0.0616,0.0182,-0.0003,0.0,0.0
1779816504754,1,12.00000018,Upper Delivery,Loading,pitch.0,333890,1.1016,0.8262,0.3805,1.1808,-0.8326,1.5522,0.0,0.0
1779816504754,1,Pitching Mound.Delivery,,Loading,pitch.0,333099,0.811,0.0692,1.0801,1.2277,-0.8143,2.0252,0.0,0.0
1779816504754,1,Pitching Mound.Drive,,Loading,pitch.0,333606,-1.6087,5.5455,52.5218,38.2359,24.449,5.65,-0.0494,0.0773
1779816504754,1,Pitching Mound.Parent,,Loading,pitch.0,332807,-0.7977,5.6147,53.6018,39.4636,23.6346,7.6753,-0.0484,0.0778
1779816504755,1,11.0000004b,Drive,Loading,pitch.0,333607,-1.6066,5.5565,52.4517,38.2335,24.5223,5.6984,-0.0496,0.0774
1779816504755,1,12.00000015,Lower Delivery,Loading,pitch.0,333336,-0.2759,-0.7476,0.7277,-0.0519,0.0144,0.0098,0.0,0.0
1779816504755,1,12.00000018,Upper Delivery,Loading,pitch.0,333891,1.0709,0.7791,0.385,1.1919,-0.7125,1.605,0.0,0.0
1779816504755,1,Pitching Mound.Delivery,,Loading,pitch.0,333100,0.795,0.0316,1.1127,1.2565,-0.6981,2.0727,0.0,0.0
1779816504755,1,Pitching Mound.Drive,,Loading,pitch.0,333607,-1.6066,5.5565,52.4517,38.2335,24.5223,5.6984,-0.0496,0.0774
1779816504755,1,Pitching Mound.Parent,,Loading,pitch.0,332808,-0.8116,5.5881,53.5644,39.4899,23.8242,7.771,-0.0486,0.078
1779816504756,1,11.0000004b,Drive,Loading,pitch.0,333608,-1.6187,5.5677,52.4763,38.227,24.5769,5.6867,-0.0497,0.0773
1779816504756,1,12.00000015,Lower Delivery,Loading,pitch.0,333337,-0.2688,-0.7455,0.7965,-0.0556,0.0075,0.0067,0.0,0.0
1779816504756,1,12.00000018,Upper Delivery,Loading,pitch.0,333892,1.0677,0.7928,0.388,1.1473,-0.623,1.6089,0.0,0.0
1779816504756,1,Pitching Mound.Delivery,,Loading,pitch.0,333101,0.7989,0.0473,1.1845,1.2306,-0.6156,2.0701,0.0,0.0
1779816504756,1,Pitching Mound.Drive,,Loading,pitch.0,333608,-1.6187,5.5677,52.4763,38.227,24.5769,5.6867,-0.0497,0.0773
1779816504756,1,Pitching Mound.Parent,,Loading,pitch.0,332809,-0.8199,5.615,53.6608,39.4576,23.9613,7.7568,-0.0486,0.0782
1779816504757,1,11.0000004b,Drive,Loading,pitch.0,333609,-1.6087,5.5743,52.433,38.3258,24.5722,5.6816,-0.0498,0.0776
1779816504757,1,12.00000015,Lower Delivery,Loading,pitch.0,333338,-0.2625,-0.7479,0.8074,-0.0632,-0.0013,0.0115,0.0,0.0
1779816504757,1,12.00000018,Upper Delivery,Loading,pitch.0,333893,1.0544,0.793,0.3792,1.1488,-0.606,1.5928,0.0,0.0
1779816504757,1,Pitching Mound.Delivery,,Loading,pitch.0,333102,0.7919,0.0451,1.1866,1.2311,-0.6072,2.052,0.0,0.0
1779816504757,1,Pitching Mound.Drive,,Loading,pitch.0,333609,-1.6087,5.5743,52.433,38.3258,24.5722,5.6816,-0.0498,0.0776
1779816504757,1,Pitching Mound.Parent,,Loading,pitch.0,332810,-0.8168,5.6195,53.6196,39.557,23.9649,7.7337,-0.0487,0.0786
1779816504758,1,11.0000004b,Drive,Loading,pitch.0,333610,-1.6208,5.5781,52.5046,38.3522,24.6859,5.683,-0.0499,0.0775
1779816504758,1,12.00000015,Lower Delivery,Loading,pitch.0,333339,-0.2465,-0.7624,0.8178,-0.0646,0.0025,0.02,0.0,0.0
1779816504758,1,12.00000018,Upper Delivery,Loading,pitch.0,333894,1.0556,0.7841,0.3637,1.1711,-0.7271,1.6343,0.0,0.0
1779816504758,1,Pitching Mound.Delivery,,Loading,pitch.0,333103,0.8091,0.0217,1.1815,1.2608,-0.7246,2.097,0.0,0.0
1779816504758,1,Pitching Mound.Drive,,Loading,pitch.0,333610,-1.6208,5.5781,52.5046,38.3522,24.6859,5.683,-0.0499,0.0775
1779816504758,1,Pitching Mound.Parent,,Loading,pitch.0,332811,-0.8117,5.5998,53.686,39.613,23.9613,7.7799,-0.0488,0.0787
1779816504759,1,11.0000004b,Drive,Loading,pitch.0,333611,-1.6225,5.5805,52.487,38.4252,24.7205,5.6701,-0.05,0.0777
1779816504759,1,12.00000015,Lower Delivery,Loading,pitch.0,333340,-0.2358,-0.7558,0.8671,-0.0658,-0.0024,0.0137,0.0,0.0
1779816504759,1,12.00000018,Upper Delivery,Loading,pitch.0,333895,1.0536,0.804,0.4144,1.1833,-0.7132,1.6667,0.0,0.0
1779816504759,1,Pitching Mound.Delivery,,Loading,pitch.0,333104,0.8178,0.0481,1.2815,1.2715,-0.7157,2.1188,0.0,0.0
1779816504759,1,Pitching Mound.Drive,,Loading,pitch.0,333611,-1.6225,5.5805,52.487,38.4252,24.7205,5.6701,-0.05,0.0777
1779816504759,1,Pitching Mound.Parent,,Loading,pitch.0,332812,-0.8047,5.6286,53.7684,39.6966,24.0048,7.7889,-0.0488,0.0787
1779816504760,1,11.0000004b,Drive,Loading,pitch.0,333612,-1.6451,5.5832,52.4007,38.3845,24.9133,5.6866,-0.0505,0.0778
1779816504760,1,12.00000015,Lower Delivery,Loading,pitch.0,333341,-0.238,-0.7294,0.8627,-0.0755,-0.0098,0.0098,0.0,0.0
1779816504760,1,12.00000018,Upper Delivery,Loading,pitch.0,333896,1.0345,0.7966,0.3068,1.2688,-1.026,1.707,0.0,0.0
1779816504760,1,Pitching Mound.Delivery,,Loading,pitch.0,333105,0.7965,0.0672,1.1695,1.3823,-1.0358,2.1494,0.0,0.0
1779816504760,1,Pitching Mound.Drive,,Loading,pitch.0,333612,-1.6451,5.5832,52.4007,38.3845,24.9133,5.6866,-0.0505,0.0778
1779816504760,1,Pitching Mound.Parent,,Loading,pitch.0,332813,-0.8486,5.6504,53.5702,39.7668,23.8776,7.836,-0.0494,0.0796
1779816504761,1,11.0000004b,Drive,Loading,pitch.0,333613,-1.6317,5.5837,52.4628,38.4085,24.9003,5.6606,-0.0504,0.0777
1779816504761,1,12.00000015,Lower Delivery,Loading,pitch.0,333342,-0.2318,-0.7292,0.8662,-0.0769,-0.0114,0.0185,0.0,0.0
1779816504761,1,12.00000018,Upper Delivery,Loading,pitch.0,333897,1.0394,0.7777,0.3356,1.1452,-0.5617,1.6848,0.0,0.0
1779816504761,1,Pitching Mound.Delivery,,Loading,pitch.0,333106,0.8075,0.0485,1.2017,1.2488,-0.5731,2.1355,0.0,0.0
1779816504761,1,Pitching Mound.Drive,,Loading,pitch.0,333613,-1.6317,5.5837,52.4628,38.4085,24.9003,5.6606,-0.0504,0.0777
1779816504761,1,Pitching Mound.Parent,,Loading,pitch.0,332814,-0.8242,5.6321,53.6645,39.6573,24.3272,7.7961,-0.0493,0.0793
1779816504762,1,11.0000004b,Drive,Loading,pitch.0,333614,-1.6318,5.5827,52.3923,38.3734,24.8593,5.6425,-0.0504,0.0778
1779816504762,1,12.00000015,Lower Delivery,Loading,pitch.0,333343,-0.2455,-0.7085,0.7883,-0.0831,-0.0206,-0.0018,0.0,0.0
1779816504762,1,12.00000018,Upper Delivery,Loading,pitch.0,333898,1.0314,0.7739,0.3198,1.2043,-0.839,1.7151,0.0,0.0
1779816504762,1,Pitching Mound.Delivery,,Loading,pitch.0,333107,0.7859,0.0654,1.1081,1.2805,-0.8596,2.1474,0.0,0.0
1779816504762,1,Pitching Mound.Drive,,Loading,pitch.0,333614,-1.6318,5.5827,52.3923,38.3734,24.8593,5.6425,-0.0504,0.0778
1779816504762,1,Pitching Mound.Parent,,Loading,pitch.0,332815,-0.8459,5.6481,53.5004,39.6539,23.9997,7.7899,-0.0493,0.0791
1779816504763,1,11.0000004b,Drive,Loading,pitch.0,333615,-1.6252,5.607,52.3666,38.4108,24.9704,5.6416,-0.0506,0.0779
1779816504763,1,12.00000015,Lower Delivery,Loading,pitch.0,333344,-0.2406,-0.7076,0.7966,-0.0943,-0.0207,-0.0093,0.0,0.0
1779816504763,1,12.00000018,Upper Delivery,Loading,pitch.0,333899,1.0621,0.7749,0.3049,1.1584,-0.5167,1.7247,0.0,0.0
1779816504763,1,Pitching Mound.Delivery,,Loading,pitch.0,333108,0.8215,0.0673,1.1015,1.2314,-0.5374,2.1584,0.0,0.0
1779816504763,1,Pitching Mound.Drive,,Loading,pitch.0,333615,-1.6252,5.607,52.3666,38.4108,24.9704,5.6416,-0.0506,0.0779
1779816504763,1,Pitching Mound.Parent,,Loading,pitch.0,332816,-0.8037,5.6743,53.4681,39.6421,24.433,7.8,-0.0496,0.0794
1779816504764,1,11.0000004b,Drive,Loading,pitch.0,333616,-1.6268,5.5828,52.4406,38.3507,24.9701,5.632,-0.0506,0.0776
1779816504764,1,11.0000004b,Drive,Loading,pitch.0,333617,-1.6232,5.5875,52.4177,38.4108,25.0843,5.64,-0.0508,0.0778
1779816504764,1,12.00000015,Lower Delivery,Loading,pitch.0,333345,-0.2533,-0.6959,0.8604,-0.0972,-0.0322,0.0139,0.0,0.0
1779816504764,1,12.00000018,Upper Delivery,Loading,pitch.0,333900,1.0679,0.7956,0.2913,1.1742,-0.552,1.7684,0.0,0.0
1779816504764,1,Pitching Mound.Delivery,,Loading,pitch.0,333109,0.8146,0.0996,1.1517,1.2704,-0.5842,2.2316,0.0,0.0
1779816504764,1,Pitching Mound.Drive,,Loading,pitch.0,333616,-1.6268,5.5828,52.4406,38.3507,24.9701,5.632,-0.0506,0.0776
1779816504764,1,Pitching Mound.Drive,,Loading,pitch.0,333617,-1.6232,5.5875,52.4177,38.4108,25.0843,5.64,-0.0508,0.0778
1779816504764,1,Pitching Mound.Parent,,Loading,pitch.0,332817,-0.8121,5.6824,53.5923,39.6211,24.3859,7.8636,-0.0495,0.0796
1779816504765,1,11.0000004b,Drive,Loading,pitch.0,333618,-1.626,5.5929,52.3915,38.4813,24.9689,5.6272,-0.0506,0.078
1779816504765,1,12.00000015,Lower Delivery,Loading,pitch.0,333346,-0.254,-0.6847,0.8006,-0.0936,-0.027,-0.0032,0.0,0.0
1779816504765,1,12.00000018,Upper Delivery,Loading,pitch.0,333901,1.0714,0.7949,0.2717,1.1386,-0.5866,1.7188,0.0,0.0
1779816504765,1,Pitching Mound.Delivery,,Loading,pitch.0,333110,0.8173,0.1102,1.0723,1.2248,-0.6136,2.1662,0.0,0.0
1779816504765,1,Pitching Mound.Drive,,Loading,pitch.0,333618,-1.626,5.5929,52.3915,38.4813,24.9689,5.6272,-0.0506,0.078
1779816504765,1,Pitching Mound.Parent,,Loading,pitch.0,332818,-0.8059,5.6977,53.49,39.6357,24.4707,7.8061,-0.0498,0.0796
1779816504766,1,12.00000015,Lower Delivery,Loading,pitch.0,333347,-0.2582,-0.7124,0.8644,-0.094,-0.0254,-0.0109,0.0,0.0
1779816504766,1,12.00000018,Upper Delivery,Loading,pitch.0,333902,1.0267,0.7615,0.2562,1.0545,-0.411,1.7458,0.0,0.0
1779816504766,1,Pitching Mound.Delivery,,Loading,pitch.0,333111,0.7685,0.0491,1.1206,1.1673,-0.4364,2.1718,0.0,0.0
1779816504766,1,Pitching Mound.Parent,,Loading,pitch.0,332819,-0.8575,5.642,53.5121,39.6486,24.5326,7.799,-0.0495,0.0802
1779816504767,1,11.0000004b,Drive,Loading,pitch.0,333619,-1.6156,5.5992,52.3821,38.5044,24.9453,5.6104,-0.0506,0.078
1779816504767,1,12.00000015,Lower Delivery,Loading,pitch.0,333348,-0.2484,-0.7023,0.8405,-0.0989,-0.0249,-0.0084,0.0,0.0
1779816504767,1,12.00000018,Upper Delivery,Loading,pitch.0,333903,1.0285,0.7445,0.294,0.9928,-0.2982,1.6769,0.0,0.0
1779816504767,1,Pitching Mound.Delivery,,Loading,pitch.0,333112,0.7801,0.0421,1.1345,1.0797,-0.3231,2.1027,0.0,0.0
1779816504767,1,Pitching Mound.Drive,,Loading,pitch.0,333619,-1.6156,5.5992,52.3821,38.5044,24.9453,5.6104,-0.0506,0.078
1779816504767,1,Pitching Mound.Parent,,Loading,pitch.0,332820,-0.8355,5.6413,53.5166,39.5841,24.6222,7.7131,-0.0495,0.0799
1779816504768,1,11.0000004b,Drive,Loading,pitch.0,333620,-1.6213,5.5899,52.3702,38.4634,24.9379,5.6198,-0.0506,0.078
1779816504768,1,12.00000015,Lower Delivery,Loading,pitch.0,333349,-0.2542,-0.6992,0.8777,-0.0936,-0.026,-0.0067,0.0,0.0
1779816504768,1,12.00000018,Upper Delivery,Loading,pitch.0,333904,1.0388,0.74,0.2573,0.9421,-0.2185,1.6772,0.0,0.0
1779816504768,1,Pitching Mound.Delivery,,Loading,pitch.0,333113,0.7846,0.0409,1.135,1.0595,-0.2445,2.1101,0.0,0.0
1779816504768,1,Pitching Mound.Drive,,Loading,pitch.0,333620,-1.6213,5.5899,52.3702,38.4634,24.9379,5.6198,-0.0506,0.078
1779816504768,1,Pitching Mound.Parent,,Loading,pitch.0,332821,-0.8367,5.6308,53.5052,39.523,24.6934,7.7299,-0.0495,0.0803
1779816504769,1,11.0000004b,Drive,Loading,pitch.0,333621,-1.6168,5.5887,52.4105,38.4317,25.0268,5.6319,-0.0507,0.0778
1779816504769,1,11.0000004b,Drive,Loading,pitch.0,333622,-1.6088,5.5973,52.3967,38.4513,24.925,5.6132,-0.0505,0.0779
1779816504769,1,12.00000015,Lower Delivery,Loading,pitch.0,333350,-0.2564,-0.6884,0.9133,-0.0954,-0.0307,-0.01,0.0,0.0
1779816504769,1,12.00000018,Upper Delivery,Loading,pitch.0,333905,1.0588,0.7549,0.2614,0.9485,-0.3116,1.6013,0.0,0.0
1779816504769,1,Pitching Mound.Delivery,,Loading,pitch.0,333114,0.8024,0.0666,1.1747,1.0747,-0.3423,2.0385,0.0,0.0
1779816504769,1,Pitching Mound.Drive,,Loading,pitch.0,333621,-1.6168,5.5887,52.4105,38.4317,25.0268,5.6319,-0.0507,0.0778
1779816504769,1,Pitching Mound.Drive,,Loading,pitch.0,333622,-1.6088,5.5973,52.3967,38.4513,24.925,5.6132,-0.0505,0.0779
1779816504769,1,Pitching Mound.Parent,,Loading,pitch.0,332822,-0.8144,5.6552,53.5852,39.5065,24.6845,7.6704,-0.0496,0.0803
1779816504770,1,11.0000004b,Drive,Loading,pitch.0,333623,-1.5966,5.5943,52.4099,38.3835,24.9139,5.6045,-0.0505,0.0778
1779816504770,1,12.00000015,Lower Delivery,Loading,pitch.0,333351,-0.2546,-0.6875,0.8622,-0.0933,-0.026,-0.004,0.0,0.0
1779816504770,1,12.00000018,Upper Delivery,Loading,pitch.0,333906,1.0506,0.7322,0.314,0.8977,-0.3272,1.6007,0.0,0.0
1779816504770,1,Pitching Mound.Delivery,,Loading,pitch.0,333115,0.796,0.0447,1.1762,0.9909,-0.3532,2.0404,0.0,0.0
1779816504770,1,Pitching Mound.Drive,,Loading,pitch.0,333623,-1.5966,5.5943,52.4099,38.3835,24.9139,5.6045,-0.0505,0.0778
1779816504770,1,Pitching Mound.Parent,,Loading,pitch.0,332823,-0.8128,5.642,53.5729,39.4422,24.5718,7.6536,-0.0494,0.0797
1779816504771,1,11.0000004b,Drive,Loading,pitch.0,333624,-1.6099,5.5958,52.4686,38.4914,24.9562,5.6198,-0.0505,0.0779
1779816504771,1,12.00000015,Lower Delivery,Loading,pitch.0,333352,-0.2569,-0.7098,0.8486,-0.0858,-0.0209,-0.0002,0.0,0.0
1779816504771,1,12.00000018,Upper Delivery,Loading,pitch.0,333907,1.0618,0.7482,0.3374,1.0545,-0.3762,1.5978,0.0,0.0
1779816504771,1,Pitching Mound.Delivery,,Loading,pitch.0,333116,0.8049,0.0384,1.186,1.1425,-0.3972,2.046,0.0,0.0
1779816504771,1,Pitching Mound.Drive,,Loading,pitch.0,333624,-1.6099,5.5958,52.4686,38.4914,24.9562,5.6198,-0.0505,0.0779
1779816504771,1,Pitching Mound.Parent,,Loading,pitch.0,332824,-0.7918,5.6328,53.5959,39.526,24.5168,7.6505,-0.0493,0.0793
1779816504772,1,12.00000015,Lower Delivery,Loading,pitch.0,333353,-0.257,-0.7105,0.8338,-0.0821,-0.0132,0.0057,0.0,0.0
1779816504772,1,12.00000018,Upper Delivery,Loading,pitch.0,333908,1.0899,0.7896,0.3468,1.1033,-0.3438,1.5524,0.0,0.0
1779816504772,1,Pitching Mound.Delivery,,Loading,pitch.0,333117,0.8329,0.0791,1.1805,1.1867,-0.357,2.0161,0.0,0.0
1779816504772,1,Pitching Mound.Parent,,Loading,pitch.0,332825,-0.777,5.6749,53.6492,39.6781,24.5992,7.6359,-0.0494,0.0793
1779816504773,1,11.0000004b,Drive,Loading,pitch.0,333626,-1.6204,5.5994,52.4847,38.4415,24.9638,5.6243,-0.0505,0.0778
1779816504773,1,11.0000004b,Drive,Loading,pitch.0,333625,-1.6108,5.5977,52.4944,38.4996,24.9636,5.6276,-0.0505,0.0779
1779816504773,1,12.00000015,Lower Delivery,Loading,pitch.0,333354,-0.2607,-0.7098,0.8209,-0.074,-0.0118,0.0275,0.0,0.0
1779816504773,1,12.00000018,Upper Delivery,Loading,pitch.0,333909,1.0986,0.8025,0.3208,1.0621,-0.3448,1.5128,0.0,0.0
1779816504773,1,Pitching Mound.Delivery,,Loading,pitch.0,333118,0.8379,0.0927,1.1417,1.1581,-0.3567,2.0025,0.0,0.0
1779816504773,1,Pitching Mound.Drive,,Loading,pitch.0,333626,-1.6204,5.5994,52.4847,38.4415,24.9638,5.6243,-0.0505,0.0778
1779816504773,1,Pitching Mound.Drive,,Loading,pitch.0,333625,-1.6108,5.5977,52.4944,38.4996,24.9636,5.6276,-0.0505,0.0779
1779816504773,1,Pitching Mound.Parent,,Loading,pitch.0,332826,-0.7728,5.6904,53.6361,39.6577,24.607,7.6302,-0.0494,0.0794
1779816504774,1,11.0000004b,Drive,Loading,pitch.0,333627,-1.6193,5.6061,52.4858,38.4881,25.0683,5.6195,-0.0507,0.0778
1779816504774,1,12.00000015,Lower Delivery,Loading,pitch.0,333355,-0.2526,-0.7075,0.8296,-0.0785,-0.0134,0.008,0.0,0.0
1779816504774,1,12.00000018,Upper Delivery,Loading,pitch.0,333910,1.0849,0.7738,0.3675,1.116,-0.3423,1.5152,0.0,0.0
1779816504774,1,Pitching Mound.Delivery,,Loading,pitch.0,333119,0.8324,0.0663,1.197,1.1946,-0.3558,1.978,0.0,0.0
1779816504774,1,Pitching Mound.Drive,,Loading,pitch.0,333627,-1.6193,5.6061,52.4858,38.4881,25.0683,5.6195,-0.0507,0.0778
1779816504774,1,Pitching Mound.Parent,,Loading,pitch.0,332827,-0.788,5.6657,53.6817,39.6362,24.608,7.6023,-0.0494,0.0789
1779816504775,1,11.0000004b,Drive,Loading,pitch.0,333628,-1.6241,5.6156,52.5233,38.5768,25.0425,5.573,-0.0506,0.078
1779816504775,1,12.00000015,Lower Delivery,Loading,pitch.0,333356,-0.2592,-0.7285,0.8518,-0.0743,-0.0047,-0.0073,0.0,0.0
1779816504775,1,12.00000018,Upper Delivery,Loading,pitch.0,333911,1.0721,0.7637,0.3822,0.9324,-0.37,1.4848,0.0,0.0
1779816504775,1,Pitching Mound.Delivery,,Loading,pitch.0,333120,0.8129,0.0352,1.234,1.0179,-0.3746,1.9301,0.0,0.0
1779816504775,1,Pitching Mound.Drive,,Loading,pitch.0,333628,-1.6241,5.6156,52.5233,38.5768,25.0425,5.573,-0.0506,0.078
1779816504775,1,Pitching Mound.Parent,,Loading,pitch.0,332828,-0.8064,5.6413,53.7198,39.5059,24.6936,7.5496,-0.0495,0.079
1779816504776,1,11.0000004b,Drive,Loading,pitch.0,333629,-1.6351,5.6329,52.5069,38.5735,25.1933,5.5499,-0.0509,0.078
1779816504776,1,12.00000015,Lower Delivery,Loading,pitch.0,333357,-0.2542,-0.7235,0.8749,-0.0726,-0.0105,0.0021,0.0,0.0
1779816504776,1,12.00000018,Upper Delivery,Loading,pitch.0,333912,1.0903,0.7737,0.3879,0.9102,-0.1857,1.5085,0.0,0.0
1779816504776,1,Pitching Mound.Delivery,,Loading,pitch.0,333121,0.8362,0.0502,1.2628,1.0032,-0.1962,1.9677,0.0,0.0
1779816504776,1,Pitching Mound.Drive,,Loading,pitch.0,333629,-1.6351,5.6329,52.5069,38.5735,25.1933,5.5499,-0.0509,0.078
1779816504776,1,Pitching Mound.Parent,,Loading,pitch.0,332829,-0.788,5.6658,53.7861,39.58,24.8463,7.5408,-0.0494,0.0792
1779816504777,1,11.0000004b,Drive,Loading,pitch.0,333630,-1.6255,5.6153,52.5711,38.6225,24.9837,5.5479,-0.0505,0.078
1779816504777,1,12.00000015,Lower Delivery,Loading,pitch.0,333358,-0.2613,-0.7104,0.8601,-0.0704,-0.0086,0.0192,0.0,0.0
1779816504777,1,12.00000018,Upper Delivery,Loading,pitch.0,333913,1.1038,0.7764,0.4009,1.0383,-0.425,1.5816,0.0,0.0
1779816504777,1,Pitching Mound.Delivery,,Loading,pitch.0,333122,0.8425,0.066,1.261,1.124,-0.4336,2.065,0.0,0.0
1779816504777,1,Pitching Mound.Drive,,Loading,pitch.0,333630,-1.6255,5.6153,52.5711,38.6225,24.9837,5.5479,-0.0505,0.078
1779816504777,1,Pitching Mound.Parent,,Loading,pitch.0,332830,-0.7926,5.6989,53.768,39.6975,24.7597,7.6148,-0.0497,0.0791
1779816504778,1,12.00000015,Lower Delivery,Loading,pitch.0,333359,-0.2386,-0.7198,0.8685,-0.0736,-0.0108,0.0055,0.0,0.0
1779816504778,1,12.00000018,Upper Delivery,Loading,pitch.0,333914,1.0917,0.7639,0.3812,1.0267,-0.3703,1.5414,0.0,0.0
1779816504778,1,Pitching Mound.Delivery,,Loading,pitch.0,333123,0.8532,0.0441,1.2497,1.1187,-0.3811,1.9992,0.0,0.0
1779816504778,1,Pitching Mound.Parent,,Loading,pitch.0,332831,-0.7723,5.6594,53.8207,39.7412,24.6026,7.5471,-0.0493,0.0793
1779816504779,1,11.0000004b,Drive,Loading,pitch.0,333631,-1.6462,5.6347,52.6246,38.6998,25.0634,5.522,-0.0506,0.0781
1779816504779,1,12.00000015,Lower Delivery,Loading,pitch.0,333360,-0.2527,-0.7285,0.829,-0.0691,-0.0069,0.013,0.0,0.0
1779816504779,1,12.00000018,Upper Delivery,Loading,pitch.0,333915,1.0978,0.8026,0.3623,0.9118,-0.2204,1.5576,0.0,0.0
1779816504779,1,Pitching Mound.Delivery,,Loading,pitch.0,333124,0.8451,0.074,1.1912,1.0013,-0.2273,2.0297,0.0,0.0
1779816504779,1,Pitching Mound.Drive,,Loading,pitch.0,333631,-1.6462,5.6347,52.6246,38.6998,25.0634,5.522,-0.0506,0.0781
1779816504779,1,Pitching Mound.Parent,,Loading,pitch.0,332832,-0.8011,5.7088,53.8158,39.7011,24.8361,7.5517,-0.0494,0.0793
1779816504780,1,11.0000004b,Drive,Loading,pitch.0,333632,-1.6618,5.6287,52.6673,38.7999,25.1673,5.5271,-0.0507,0.0782
1779816504780,1,12.00000015,Lower Delivery,Loading,pitch.0,333361,-0.2522,-0.718,0.8299,-0.0588,0.0049,0.045,0.0,0.0
1779816504780,1,12.00000018,Upper Delivery,Loading,pitch.0,333916,1.1046,0.8032,0.3983,1.0081,-0.3612,1.5935,0.0,0.0
1779816504780,1,Pitching Mound.Delivery,,Loading,pitch.0,333125,0.8523,0.0852,1.2282,1.0961,-0.3563,2.0998,0.0,0.0
1779816504780,1,Pitching Mound.Drive,,Loading,pitch.0,333632,-1.6618,5.6287,52.6673,38.7999,25.1673,5.5271,-0.0507,0.0782
1779816504780,1,Pitching Mound.Parent,,Loading,pitch.0,332833,-0.8095,5.7139,53.8955,39.896,24.811,7.627,-0.0496,0.0792
1779816504781,1,11.0000004b,Drive,Loading,pitch.0,333633,-1.6629,5.6466,52.6986,38.8277,25.1953,5.543,-0.0508,0.0782
1779816504781,1,12.00000015,Lower Delivery,Loading,pitch.0,333362,-0.2659,-0.7352,0.866,-0.0576,0.0047,0.0847,0.0,0.0
1779816504781,1,12.00000018,Upper Delivery,Loading,pitch.0,333917,1.137,0.8747,0.4465,0.9293,-0.2289,1.5833,0.0,0.0
1779816504781,1,Pitching Mound.Delivery,,Loading,pitch.0,333126,0.8711,0.1395,1.3124,1.0143,-0.2242,2.145,0.0,0.0
1779816504781,1,Pitching Mound.Drive,,Loading,pitch.0,333633,-1.6629,5.6466,52.6986,38.8277,25.1953,5.543,-0.0508,0.0782
1779816504781,1,Pitching Mound.Parent,,Loading,pitch.0,332834,-0.7918,5.786,54.011,39.842,24.9711,7.688,-0.0495,0.079
1779816504782,1,11.0000004b,Drive,Loading,pitch.0,333634,-1.6837,5.6496,52.7652,38.9592,25.246,5.5386,-0.0508,0.0784
1779816504782,1,12.00000015,Lower Delivery,Loading,pitch.0,333363,-0.2726,-0.7199,0.801,-0.0681,0.0028,0.0294,0.0,0.0
1779816504782,1,12.00000018,Upper Delivery,Loading,pitch.0,333918,1.1458,0.9199,0.467,0.9734,-0.2978,1.6308,0.0,0.0
1779816504782,1,Pitching Mound.Delivery,,Loading,pitch.0,333127,0.8732,0.2,1.268,1.0188,-0.295,2.1425,0.0,0.0
1779816504782,1,Pitching Mound.Drive,,Loading,pitch.0,333634,-1.6837,5.6496,52.7652,38.9592,25.246,5.5386,-0.0508,0.0784
1779816504782,1,Pitching Mound.Parent,,Loading,pitch.0,332835,-0.8105,5.8496,54.0332,39.978,24.951,7.6811,-0.0496,0.0786
1779816504783,1,11.0000004b,Drive,Loading,pitch.0,333635,-1.6889,5.6501,52.7478,38.9966,25.4017,5.5731,-0.0511,0.0785
1779816504783,1,12.00000015,Lower Delivery,Loading,pitch.0,333364,-0.2603,-0.7045,0.7447,-0.0739,0.0012,0.0126,0.0,0.0
1779816504783,1,12.00000018,Upper Delivery,Loading,pitch.0,333919,1.1397,0.9113,0.4863,1.0282,-0.3992,1.6228,0.0,0.0
1779816504783,1,Pitching Mound.Delivery,,Loading,pitch.0,333128,0.8794,0.2068,1.231,1.0422,-0.398,2.1114,0.0,0.0
1779816504783,1,Pitching Mound.Drive,,Loading,pitch.0,333635,-1.6889,5.6501,52.7478,38.9966,25.4017,5.5731,-0.0511,0.0785
1779816504783,1,Pitching Mound.Parent,,Loading,pitch.0,332836,-0.8095,5.8569,53.9788,40.0388,25.0037,7.6846,-0.05,0.0783
1779816504784,1,11.0000004b,Drive,Loading,pitch.0,333637,-1.6831,5.6334,52.9362,39.1367,25.2452,5.5663,-0.0506,0.0785
1779816504784,1,11.0000004b,Drive,Loading,pitch.0,333636,-1.6836,5.6493,52.7972,39.0455,25.3615,5.5602,-0.051,0.0785
1779816504784,1,12.00000015,Lower Delivery,Loading,pitch.0,333365,-0.2633,-0.7171,0.7295,-0.0754,0.0042,0.0159,0.0,0.0
1779816504784,1,12.00000018,Upper Delivery,Loading,pitch.0,333920,1.1826,0.9582,0.4066,1.0575,-0.443,1.6203,0.0,0.0
1779816504784,1,Pitching Mound.Delivery,,Loading,pitch.0,333129,0.9192,0.2411,1.1361,1.0918,-0.4388,2.1279,0.0,0.0
1779816504784,1,Pitching Mound.Drive,,Loading,pitch.0,333637,-1.6831,5.6334,52.9362,39.1367,25.2452,5.5663,-0.0506,0.0785
1779816504784,1,Pitching Mound.Drive,,Loading,pitch.0,333636,-1.6836,5.6493,52.7972,39.0455,25.3615,5.5602,-0.051,0.0785
1779816504784,1,Pitching Mound.Parent,,Loading,pitch.0,332837,-0.7644,5.8905,53.9334,40.1373,24.9227,7.688,-0.0499,0.0789
1779816504785,1,12.00000015,Lower Delivery,Loading,pitch.0,333366,-0.2769,-0.7291,0.7368,-0.0729,0.0125,0.0055,0.0,0.0
1779816504785,1,12.00000018,Upper Delivery,Loading,pitch.0,333921,1.1767,0.9664,0.4904,1.1788,-0.4717,1.6175,0.0,0.0
1779816504785,1,Pitching Mound.Delivery,,Loading,pitch.0,333130,0.8999,0.2372,1.2272,1.1897,-0.4592,2.1172,0.0,0.0
1779816504785,1,Pitching Mound.Parent,,Loading,pitch.0,332838,-0.7833,5.8706,54.1634,40.3264,24.786,7.6835,-0.0495,0.0783
1779816504786,1,11.0000004b,Drive,Loading,pitch.0,333638,-1.687,5.633,53.0008,39.1229,25.2772,5.6127,-0.0506,0.0784
1779816504786,1,12.00000015,Lower Delivery,Loading,pitch.0,333367,-0.2867,-0.7396,0.7116,-0.0672,0.0236,0.017,0.0,0.0
1779816504786,1,12.00000018,Upper Delivery,Loading,pitch.0,333922,1.1943,1.0016,0.553,1.1871,-0.4679,1.6014,0.0,0.0
1779816504786,1,Pitching Mound.Delivery,,Loading,pitch.0,333131,0.9076,0.262,1.2645,1.1738,-0.4443,2.122,0.0,0.0
1779816504786,1,Pitching Mound.Drive,,Loading,pitch.0,333638,-1.687,5.633,53.0008,39.1229,25.2772,5.6127,-0.0506,0.0784
1779816504786,1,Pitching Mound.Parent,,Loading,pitch.0,332839,-0.7794,5.895,54.2654,40.2967,24.8329,7.7347,-0.0495,0.0775
1779816504787,1,11.0000004b,Drive,Loading,pitch.0,333639,-1.6809,5.6368,53.0278,38.9581,25.2461,5.6214,-0.0505,0.078
1779816504787,1,12.00000015,Lower Delivery,Loading,pitch.0,333368,-0.2703,-0.729,0.6672,-0.0657,0.02,0.0469,0.0,0.0
1779816504787,1,12.00000018,Upper Delivery,Loading,pitch.0,333923,1.1608,1.0134,0.4936,1.1942,-0.472,1.6257,0.0,0.0
1779816504787,1,Pitching Mound.Delivery,,Loading,pitch.0,333132,0.8906,0.2844,1.1608,1.1875,-0.452,2.1592,0.0,0.0
1779816504787,1,Pitching Mound.Drive,,Loading,pitch.0,333639,-1.6809,5.6368,53.0278,38.9581,25.2461,5.6214,-0.0505,0.078
1779816504787,1,Pitching Mound.Parent,,Loading,pitch.0,332840,-0.7903,5.9212,54.1886,40.1456,24.7941,7.7806,-0.0495,0.0774
1779816504788,1,11.0000004b,Drive,Loading,pitch.0,333640,-1.6944,5.625,53.0194,38.9395,25.3979,5.6349,-0.0509,0.078
1779816504788,1,11.0000004b,Drive,Loading,pitch.0,333641,-1.7031,5.6419,53.1165,39.034,25.5162,5.6503,-0.051,0.078
1779816504788,1,12.00000015,Lower Delivery,Loading,pitch.0,333369,-0.281,-0.7403,0.7296,-0.0715,0.0089,0.0095,0.0,0.0
1779816504788,1,12.00000018,Upper Delivery,Loading,pitch.0,333924,1.1408,1.0204,0.4821,1.1705,-0.4553,1.6378,0.0,0.0
1779816504788,1,Pitching Mound.Delivery,,Loading,pitch.0,333133,0.8598,0.2801,1.2117,1.1831,-0.4464,2.1307,0.0,0.0
1779816504788,1,Pitching Mound.Drive,,Loading,pitch.0,333640,-1.6944,5.625,53.0194,38.9395,25.3979,5.6349,-0.0509,0.078
1779816504788,1,Pitching Mound.Drive,,Loading,pitch.0,333641,-1.7031,5.6419,53.1165,39.034,25.5162,5.6503,-0.051,0.078
1779816504788,1,Pitching Mound.Parent,,Loading,pitch.0,332841,-0.8345,5.9051,54.231,40.1226,24.9515,7.7656,-0.0497,0.0778
1779816504789,1,12.00000015,Lower Delivery,Loading,pitch.0,333370,-0.2812,-0.7408,0.7286,-0.0676,0.0103,0.0209,0.0,0.0
1779816504789,1,12.00000018,Upper Delivery,Loading,pitch.0,333925,1.1248,0.9853,0.3722,1.1655,-0.4566,1.6387,0.0,0.0
1779816504789,1,Pitching Mound.Delivery,,Loading,pitch.0,333134,0.8436,0.2445,1.1008,1.2191,-0.4463,2.1375,0.0,0.0
1779816504789,1,Pitching Mound.Parent,,Loading,pitch.0,332842,-0.8595,5.8864,54.2172,40.253,25.07,7.7879,-0.05,0.0787
1779816504790,1,11.0000004b,Drive,Loading,pitch.0,333642,-1.6983,5.64,53.1847,38.9379,25.417,5.6475,-0.0507,0.0777
1779816504790,1,12.00000015,Lower Delivery,Loading,pitch.0,333371,-0.2826,-0.7407,0.6949,-0.0594,0.0197,0.0058,0.0,0.0
1779816504790,1,12.00000018,Upper Delivery,Loading,pitch.0,333926,1.0845,0.9942,0.411,1.1525,-0.5528,1.6306,0.0,0.0
1779816504790,1,Pitching Mound.Delivery,,Loading,pitch.0,333135,0.8019,0.2535,1.1059,1.1896,-0.5332,2.1012,0.0,0.0
1779816504790,1,Pitching Mound.Drive,,Loading,pitch.0,333642,-1.6983,5.64,53.1847,38.9379,25.417,5.6475,-0.0507,0.0777
1779816504790,1,Pitching Mound.Parent,,Loading,pitch.0,332843,-0.8963,5.8935,54.2907,40.1275,24.8838,7.7486,-0.0497,0.0779
1779816504791,1,11.0000004b,Drive,Loading,pitch.0,333643,-1.6968,5.6411,53.2083,38.9753,25.4871,5.6813,-0.0509,0.0778
1779816504791,1,11.0000004b,Drive,Loading,pitch.0,333644,-1.6931,5.6509,53.2562,38.9589,25.4191,5.6513,-0.0507,0.0777
1779816504791,1,12.00000015,Lower Delivery,Loading,pitch.0,333372,-0.2715,-0.7428,0.7417,-0.0663,0.0145,0.0044,0.0,0.0
1779816504791,1,12.00000018,Upper Delivery,Loading,pitch.0,333927,1.0527,0.9686,0.4094,1.0435,-0.4224,1.6146,0.0,0.0
1779816504791,1,Pitching Mound.Delivery,,Loading,pitch.0,333136,0.7812,0.2258,1.1511,1.0902,-0.4078,2.0692,0.0,0.0
1779816504791,1,Pitching Mound.Drive,,Loading,pitch.0,333643,-1.6968,5.6411,53.2083,38.9753,25.4871,5.6813,-0.0509,0.0778
1779816504791,1,Pitching Mound.Drive,,Loading,pitch.0,333644,-1.6931,5.6509,53.2562,38.9589,25.4191,5.6513,-0.0507,0.0777
1779816504791,1,Pitching Mound.Parent,,Loading,pitch.0,332844,-0.9156,5.8669,54.3595,40.0655,25.0793,7.7505,-0.0498,0.0782
1779816504792,1,11.0000004b,Drive,Loading,pitch.0,333645,-1.6854,5.6569,53.1904,38.9935,25.4976,5.6298,-0.0509,0.0778
1779816504792,1,12.00000015,Lower Delivery,Loading,pitch.0,333373,-0.2614,-0.7401,0.7537,-0.0679,0.0124,0.0067,0.0,0.0
1779816504792,1,12.00000018,Upper Delivery,Loading,pitch.0,333928,1.0504,0.9598,0.3973,0.9129,-0.3296,1.5723,0.0,0.0
1779816504792,1,Pitching Mound.Delivery,,Loading,pitch.0,333137,0.789,0.2197,1.151,0.9662,-0.3172,2.025,0.0,0.0
1779816504792,1,Pitching Mound.Drive,,Loading,pitch.0,333645,-1.6854,5.6569,53.1904,38.9935,25.4976,5.6298,-0.0509,0.0778
1779816504792,1,Pitching Mound.Parent,,Loading,pitch.0,332845,-0.9041,5.8706,54.4073,39.9251,25.1019,7.6763,-0.0496,0.0782
1779816504793,1,12.00000015,Lower Delivery,Loading,pitch.0,333374,-0.2525,-0.7407,0.7382,-0.0621,0.0218,0.0213,0.0,0.0
1779816504793,1,12.00000018,Upper Delivery,Loading,pitch.0,333929,1.0117,0.9146,0.3612,0.7765,-0.277,1.545,0.0,0.0
1779816504793,1,Pitching Mound.Delivery,,Loading,pitch.0,333138,0.7592,0.1739,1.0994,0.8426,-0.2552,1.9961,0.0,0.0
1779816504793,1,Pitching Mound.Parent,,Loading,pitch.0,332846,-0.9262,5.8308,54.2898,39.8361,25.2424,7.6259,-0.0499,0.0786
1779816504794,1,11.0000004b,Drive,Loading,pitch.0,333647,-1.6973,5.6739,53.3022,39.159,25.5475,5.6216,-0.0509,0.078
1779816504794,1,11.0000004b,Drive,Loading,pitch.0,333646,-1.6906,5.6493,53.2264,38.9517,25.479,5.6149,-0.0508,0.0777
1779816504794,1,12.00000015,Lower Delivery,Loading,pitch.0,333375,-0.2479,-0.7366,0.7704,-0.047,0.0188,0.0805,0.0,0.0
1779816504794,1,12.00000018,Upper Delivery,Loading,pitch.0,333930,1.0374,0.8756,0.3228,0.8643,-0.1979,1.5655,0.0,0.0
1779816504794,1,Pitching Mound.Delivery,,Loading,pitch.0,333139,0.7895,0.1389,1.0932,0.9694,-0.1792,2.083,0.0,0.0
1779816504794,1,Pitching Mound.Drive,,Loading,pitch.0,333647,-1.6973,5.6739,53.3022,39.159,25.5475,5.6216,-0.0509,0.078
1779816504794,1,Pitching Mound.Drive,,Loading,pitch.0,333646,-1.6906,5.6493,53.2264,38.9517,25.479,5.6149,-0.0508,0.0777
1779816504794,1,Pitching Mound.Parent,,Loading,pitch.0,332847,-0.9011,5.7882,54.3196,39.9211,25.2998,7.6979,-0.0498,0.0789
1779816504795,1,11.0000004b,Drive,Loading,pitch.0,333648,-1.7025,5.6742,53.2736,39.202,25.5818,5.5998,-0.051,0.0781
1779816504795,1,12.00000015,Lower Delivery,Loading,pitch.0,333376,-0.2413,-0.7217,0.7597,-0.0564,0.0198,0.0278,0.0,0.0
1779816504795,1,12.00000018,Upper Delivery,Loading,pitch.0,333931,0.9957,0.829,0.3025,0.8571,-0.1543,1.5517,0.0,0.0
1779816504795,1,Pitching Mound.Delivery,,Loading,pitch.0,333140,0.7544,0.1074,1.0621,0.9561,-0.1345,2.0001,0.0,0.0
1779816504795,1,Pitching Mound.Drive,,Loading,pitch.0,333648,-1.7025,5.6742,53.2736,39.202,25.5818,5.5998,-0.051,0.0781
1779816504795,1,Pitching Mound.Parent,,Loading,pitch.0,332848,-0.9429,5.7813,54.3643,40.115,25.413,7.6217,-0.0499,0.0793
1779816504796,1,12.00000015,Lower Delivery,Loading,pitch.0,333377,-0.2259,-0.7014,0.8151,-0.0698,-0.0023,0.0243,0.0,0.0
1779816504796,1,12.00000018,Upper Delivery,Loading,pitch.0,333932,1.0106,0.8375,0.3263,0.8875,-0.2397,1.5415,0.0,0.0
1779816504796,1,Pitching Mound.Delivery,,Loading,pitch.0,333141,0.7848,0.1361,1.1414,0.9839,-0.242,1.9862,0.0,0.0
1779816504796,1,Pitching Mound.Parent,,Loading,pitch.0,332849,-0.9177,5.8103,54.415,40.186,25.3398,7.586,-0.0499,0.0795
1779816504797,1,11.0000004b,Drive,Loading,pitch.0,333649,-1.7212,5.6834,53.4256,39.3389,25.5322,5.5704,-0.0507,0.0782
1779816504797,1,11.0000004b,Drive,Loading,pitch.0,333650,-1.7044,5.6851,53.5081,39.5396,25.5005,5.574,-0.0506,0.0784
1779816504797,1,12.00000015,Lower Delivery,Loading,pitch.0,333378,-0.2236,-0.6965,0.8796,-0.0795,-0.0028,0.0025,0.0,0.0
1779816504797,1,12.00000018,Upper Delivery,Loading,pitch.0,333933,1.0271,0.787,0.3088,0.9664,-0.2596,1.5878,0.0,0.0
1779816504797,1,Pitching Mound.Delivery,,Loading,pitch.0,333142,0.8034,0.0904,1.1884,1.081,-0.2625,2.0156,0.0,0.0
1779816504797,1,Pitching Mound.Drive,,Loading,pitch.0,333649,-1.7212,5.6834,53.4256,39.3389,25.5322,5.5704,-0.0507,0.0782
1779816504797,1,Pitching Mound.Drive,,Loading,pitch.0,333650,-1.7044,5.6851,53.5081,39.5396,25.5005,5.574,-0.0506,0.0784
1779816504797,1,Pitching Mound.Parent,,Loading,pitch.0,332850,-0.9178,5.7738,54.614,40.4199,25.2698,7.586,-0.0496,0.08
1779816504798,1,12.00000015,Lower Delivery,Loading,pitch.0,333379,-0.2449,-0.678,0.8679,-0.0759,-0.0034,-0.0075,0.0,0.0
1779816504798,1,12.00000018,Upper Delivery,Loading,pitch.0,333934,1.021,0.8221,0.3115,0.9414,-0.2795,1.554,0.0,0.0
1779816504798,1,Pitching Mound.Delivery,,Loading,pitch.0,333143,0.7761,0.1441,1.1794,1.0547,-0.2829,1.9768,0.0,0.0
1779816504798,1,Pitching Mound.Parent,,Loading,pitch.0,332851,-0.9283,5.8292,54.6875,40.5943,25.2176,7.5509,-0.0495,0.0802
1779816504799,1,11.0000004b,Drive,Loading,pitch.0,333651,-1.707,5.6783,53.5671,39.6537,25.5091,5.5531,-0.0506,0.0786
1779816504799,1,12.00000015,Lower Delivery,Loading,pitch.0,333380,-0.2244,-0.6819,0.9191,-0.0745,-0.0019,0.0006,0.0,0.0
1779816504799,1,12.00000018,Upper Delivery,Loading,pitch.0,333935,1.026,0.7772,0.3872,0.929,-0.2747,1.5636,0.0,0.0
1779816504799,1,Pitching Mound.Delivery,,Loading,pitch.0,333144,0.8016,0.0953,1.3064,1.0353,-0.2766,1.9894,0.0,0.0
1779816504799,1,Pitching Mound.Drive,,Loading,pitch.0,333651,-1.707,5.6783,53.5671,39.6537,25.5091,5.5531,-0.0506,0.0786
1779816504799,1,Pitching Mound.Parent,,Loading,pitch.0,332852,-0.9054,5.7737,54.8735,40.689,25.2325,7.5425,-0.0494,0.08
1779816504800,1,11.0000004b,Drive,Loading,pitch.0,333652,-1.7058,5.6806,53.6153,39.6771,25.4662,5.5699,-0.0504,0.0786
1779816504800,1,11.0000004b,Drive,Loading,pitch.0,333653,-1.7057,5.685,53.6777,39.805,25.4588,5.5751,-0.0504,0.0787
1779816504800,1,12.00000015,Lower Delivery,Loading,pitch.0,333381,-0.2483,-0.6712,0.922,-0.0865,-0.01,-0.0154,0.0,0.0
1779816504800,1,12.00000018,Upper Delivery,Loading,pitch.0,333936,0.9902,0.7456,0.4136,0.9164,-0.2155,1.5408,0.0,0.0
1779816504800,1,Pitching Mound.Delivery,,Loading,pitch.0,333145,0.7419,0.0743,1.3356,1.0028,-0.2255,1.9465,0.0,0.0
1779816504800,1,Pitching Mound.Drive,,Loading,pitch.0,333652,-1.7058,5.6806,53.6153,39.6771,25.4662,5.5699,-0.0504,0.0786
1779816504800,1,Pitching Mound.Drive,,Loading,pitch.0,333653,-1.7057,5.685,53.6777,39.805,25.4588,5.5751,-0.0504,0.0787
1779816504800,1,Pitching Mound.Parent,,Loading,pitch.0,332853,-0.9639,5.7549,54.9509,40.6799,25.2408,7.5163,-0.0492,0.0798
1779816504801,1,12.00000015,Lower Delivery,Loading,pitch.0,333382,-0.2558,-0.6705,0.9749,-0.0943,-0.0131,-0.0013,0.0,0.0
1779816504801,1,12.00000018,Upper Delivery,Loading,pitch.0,333937,1.0474,0.7749,0.3939,0.9248,-0.1634,1.5668,0.0,0.0
1779816504801,1,Pitching Mound.Delivery,,Loading,pitch.0,333146,0.7916,0.1044,1.3688,1.028,-0.1765,2.0086,0.0,0.0
1779816504801,1,Pitching Mound.Parent,,Loading,pitch.0,332854,-0.9141,5.7894,55.0465,40.833,25.2823,7.5838,-0.0491,0.0804
1779816504802,1,11.0000004b,Drive,Loading,pitch.0,333654,-1.7044,5.6812,53.735,39.7979,25.3487,5.5572,-0.0501,0.0786
1779816504802,1,12.00000015,Lower Delivery,Loading,pitch.0,333383,-0.2456,-0.6703,0.9748,-0.0948,-0.0143,0.0033,0.0,0.0
1779816504802,1,12.00000018,Upper Delivery,Loading,pitch.0,333938,1.064,0.8265,0.3929,0.9403,-0.1069,1.618,0.0,0.0
1779816504802,1,Pitching Mound.Delivery,,Loading,pitch.0,333147,0.8184,0.1562,1.3677,1.0433,-0.1212,2.0665,0.0,0.0
1779816504802,1,Pitching Mound.Drive,,Loading,pitch.0,333654,-1.7044,5.6812,53.735,39.7979,25.3487,5.5572,-0.0501,0.0786
1779816504802,1,Pitching Mound.Parent,,Loading,pitch.0,332855,-0.886,5.8374,55.1026,40.8413,25.2275,7.6237,-0.0488,0.0803
1779816504803,1,11.0000004b,Drive,Loading,pitch.0,333655,-1.705,5.6878,53.7766,39.8378,25.4104,5.5442,-0.0502,0.0786
1779816504803,1,12.00000015,Lower Delivery,Loading,pitch.0,333384,-0.2514,-0.6541,0.899,-0.0938,-0.0204,-0.008,0.0,0.0
1779816504803,1,12.00000018,Upper Delivery,Loading,pitch.0,333939,1.0749,0.8231,0.4045,0.9502,-0.1356,1.6467,0.0,0.0
1779816504803,1,Pitching Mound.Delivery,,Loading,pitch.0,333148,0.8236,0.169,1.3034,1.0245,-0.1559,2.0897,0.0,0.0
1779816504803,1,Pitching Mound.Drive,,Loading,pitch.0,333655,-1.705,5.6878,53.7766,39.8378,25.4104,5.5442,-0.0502,0.0786
1779816504803,1,Pitching Mound.Parent,,Loading,pitch.0,332856,-0.8814,5.8568,55.08,40.8623,25.2544,7.6339,-0.049,0.0798
1779816504804,1,11.0000004b,Drive,Loading,pitch.0,333656,-1.6946,5.6951,53.8169,39.7971,25.4837,5.5779,-0.0503,0.0785
1779816504804,1,11.0000004b,Drive,Loading,pitch.0,333657,-1.6954,5.6952,53.8284,39.7432,25.4376,5.5489,-0.0502,0.0784
1779816504804,1,12.00000015,Lower Delivery,Loading,pitch.0,333385,-0.2488,-0.6678,0.8944,-0.0929,-0.0198,0.0015,0.0,0.0
1779816504804,1,12.00000018,Upper Delivery,Loading,pitch.0,333940,1.1115,0.8427,0.4264,0.9643,-0.2073,1.617,0.0,0.0
1779816504804,1,Pitching Mound.Delivery,,Loading,pitch.0,333149,0.8627,0.1749,1.3208,1.0305,-0.2271,2.081,0.0,0.0
1779816504804,1,Pitching Mound.Drive,,Loading,pitch.0,333656,-1.6946,5.6951,53.8169,39.7971,25.4837,5.5779,-0.0503,0.0785
1779816504804,1,Pitching Mound.Drive,,Loading,pitch.0,333657,-1.6954,5.6952,53.8284,39.7432,25.4376,5.5489,-0.0502,0.0784
1779816504804,1,Pitching Mound.Parent,,Loading,pitch.0,332857,-0.8319,5.87,55.1377,40.8277,25.2566,7.6589,-0.0491,0.0795
1779816504805,1,11.0000004b,Drive,Loading,pitch.0,333658,-1.6986,5.7009,53.8412,39.773,25.5416,5.5415,-0.0504,0.0784
1779816504805,1,12.00000015,Lower Delivery,Loading,pitch.0,333386,-0.2526,-0.669,0.8666,-0.1008,-0.0214,-0.0115,0.0,0.0
1779816504805,1,12.00000018,Upper Delivery,Loading,pitch.0,333941,1.1432,0.8443,0.4236,0.9516,-0.2955,1.5868,0.0,0.0
1779816504805,1,Pitching Mound.Delivery,,Loading,pitch.0,333150,0.8905,0.1753,1.2902,1.0014,-0.3169,2.0499,0.0,0.0
1779816504805,1,Pitching Mound.Drive,,Loading,pitch.0,333658,-1.6986,5.7009,53.8412,39.773,25.5416,5.5415,-0.0504,0.0784
1779816504805,1,Pitching Mound.Parent,,Loading,pitch.0,332858,-0.8049,5.8705,55.1186,40.7446,25.1207,7.5987,-0.049,0.0793
1779816504806,1,11.0000004b,Drive,Loading,pitch.0,333659,-1.695,5.6898,53.8111,39.6941,25.4408,5.5254,-0.0502,0.0783
1779816504806,1,12.00000015,Lower Delivery,Loading,pitch.0,333387,-0.2551,-0.68,0.8565,-0.0937,-0.0138,-0.0063,0.0,0.0
1779816504806,1,12.00000018,Upper Delivery,Loading,pitch.0,333942,1.1349,0.8396,0.4519,0.9171,-0.3169,1.5875,0.0,0.0
1779816504806,1,Pitching Mound.Delivery,,Loading,pitch.0,333151,0.8797,0.1596,1.3085,0.961,-0.3307,2.0537,0.0,0.0
1779816504806,1,Pitching Mound.Drive,,Loading,pitch.0,333659,-1.695,5.6898,53.8111,39.6941,25.4408,5.5254,-0.0502,0.0783
1779816504806,1,Pitching Mound.Parent,,Loading,pitch.0,332859,-0.8188,5.8606,55.1496,40.7341,25.2109,7.5952,-0.0492,0.0791
1779816504807,1,11.0000004b,Drive,Loading,pitch.0,333660,-1.6892,5.7011,53.8598,39.7511,25.6099,5.5357,-0.0505,0.0784
1779816504807,1,12.00000015,Lower Delivery,Loading,pitch.0,333388,-0.2415,-0.6816,0.8151,-0.089,-0.023,-0.0058,0.0,0.0
1779816504807,1,12.00000018,Upper Delivery,Loading,pitch.0,333943,1.1004,0.7689,0.479,0.8859,-0.3487,1.5727,0.0,0.0
1779816504807,1,Pitching Mound.Delivery,,Loading,pitch.0,333152,0.8589,0.0873,1.2942,0.9112,-0.3717,2.0232,0.0,0.0
1779816504807,1,Pitching Mound.Drive,,Loading,pitch.0,333660,-1.6892,5.7011,53.8598,39.7511,25.6099,5.5357,-0.0505,0.0784
1779816504807,1,Pitching Mound.Parent,,Loading,pitch.0,332860,-0.8361,5.7771,55.1053,40.6053,25.0691,7.5486,-0.049,0.0785
1779816504808,1,11.0000004b,Drive,Loading,pitch.0,333661,-1.6972,5.6998,53.887,39.7624,25.7578,5.5244,-0.0507,0.0783
1779816504808,1,12.00000015,Lower Delivery,Loading,pitch.0,333389,-0.2342,-0.6865,0.8087,-0.0919,-0.0214,0.0069,0.0,0.0
1779816504808,1,12.00000018,Upper Delivery,Loading,pitch.0,333944,1.1127,0.7781,0.5053,0.8985,-0.2143,1.5603,0.0,0.0
1779816504808,1,Pitching Mound.Delivery,,Loading,pitch.0,333153,0.8785,0.0916,1.314,0.9097,-0.2357,2.0251,0.0,0.0
1779816504808,1,Pitching Mound.Drive,,Loading,pitch.0,333661,-1.6972,5.6998,53.887,39.7624,25.7578,5.5244,-0.0507,0.0783
1779816504808,1,Pitching Mound.Parent,,Loading,pitch.0,332861,-0.8108,5.7927,55.1738,40.6608,25.3742,7.5608,-0.0493,0.0784
1779816504809,1,11.0000004b,Drive,Loading,pitch.0,333662,-1.6849,5.704,53.9005,39.7367,25.5707,5.5005,-0.0504,0.0783
1779816504809,1,12.00000015,Lower Delivery,Loading,pitch.0,333390,-0.2362,-0.6641,0.7386,-0.0901,-0.0257,-0.0118,0.0,0.0
1779816504809,1,12.00000018,Upper Delivery,Loading,pitch.0,333945,1.089,0.7489,0.4759,0.8909,-0.3049,1.5929,0.0,0.0
1779816504809,1,Pitching Mound.Delivery,,Loading,pitch.0,333154,0.8527,0.0848,1.2145,0.8901,-0.3306,2.0317,0.0,0.0
1779816504809,1,Pitching Mound.Drive,,Loading,pitch.0,333662,-1.6849,5.704,53.9005,39.7367,25.5707,5.5005,-0.0504,0.0783
1779816504809,1,Pitching Mound.Parent,,Loading,pitch.0,332862,-0.8445,5.7846,55.1015,40.6525,25.4272,7.5561,-0.0496,0.0782
1779816504810,1,11.0000004b,Drive,Loading,pitch.0,333663,-1.6922,5.7023,53.9681,39.7994,25.6005,5.4798,-0.0504,0.0783
1779816504810,1,12.00000015,Lower Delivery,Loading,pitch.0,333391,-0.231,-0.6876,0.7712,-0.0962,-0.0271,-0.0202,0.0,0.0
1779816504810,1,12.00000018,Upper Delivery,Loading,pitch.0,333946,1.0559,0.7046,0.4792,0.7339,-0.2664,1.5533,0.0,0.0
1779816504810,1,Pitching Mound.Delivery,,Loading,pitch.0,333155,0.8249,0.017,1.2503,0.737,-0.2935,1.9706,0.0,0.0
1779816504810,1,Pitching Mound.Drive,,Loading,pitch.0,333663,-1.6922,5.7023,53.9681,39.7994,25.6005,5.4798,-0.0504,0.0783
1779816504810,1,Pitching Mound.Parent,,Loading,pitch.0,332863,-0.86,5.721,55.1509,40.4736,25.2772,7.4711,-0.0492,0.0783
1779816504811,1,11.0000004b,Drive,Loading,pitch.0,333664,-1.6926,5.7024,53.8948,39.72,25.8181,5.4681,-0.0509,0.0782
1779816504811,1,12.00000015,Lower Delivery,Loading,pitch.0,333392,-0.2359,-0.7019,0.8019,-0.097,-0.026,-0.0169,0.0,0.0
1779816504811,1,12.00000018,Upper Delivery,Loading,pitch.0,333947,1.0427,0.6937,0.4347,0.8046,-0.2532,1.5392,0.0,0.0
1779816504811,1,Pitching Mound.Delivery,,Loading,pitch.0,333156,0.8067,-0.0082,1.2366,0.8324,-0.2792,1.9571,0.0,0.0
1779816504811,1,Pitching Mound.Drive,,Loading,pitch.0,333664,-1.6926,5.7024,53.8948,39.72,25.8181,5.4681,-0.0509,0.0782
1779816504811,1,Pitching Mound.Parent,,Loading,pitch.0,332864,-0.8854,5.6941,55.2047,40.6318,25.3213,7.4368,-0.0492,0.0788
1779816504812,1,11.0000004b,Drive,Loading,pitch.0,333665,-1.6971,5.6995,53.9201,39.8429,25.7718,5.4703,-0.0507,0.0784
1779816504812,1,12.00000015,Lower Delivery,Loading,pitch.0,333393,-0.2263,-0.6882,0.7565,-0.1084,-0.0255,-0.0096,0.0,0.0
1779816504812,1,12.00000018,Upper Delivery,Loading,pitch.0,333948,1.0382,0.6816,0.4473,0.8648,-0.3446,1.5447,0.0,0.0
1779816504812,1,Pitching Mound.Delivery,,Loading,pitch.0,333157,0.8119,-0.0066,1.2038,0.8616,-0.3702,1.9651,0.0,0.0
1779816504812,1,Pitching Mound.Drive,,Loading,pitch.0,333665,-1.6971,5.6995,53.9201,39.8429,25.7718,5.4703,-0.0507,0.0784
1779816504812,1,Pitching Mound.Parent,,Loading,pitch.0,332865,-0.8807,5.6959,55.0986,40.5816,25.4479,7.4332,-0.0497,0.0784
1779816504813,1,11.0000004b,Drive,Loading,pitch.0,333666,-1.6988,5.7051,53.9602,39.7758,25.8567,5.437,-0.0509,0.0783
1779816504813,1,12.00000015,Lower Delivery,Loading,pitch.0,333394,-0.2267,-0.697,0.7451,-0.1089,-0.0162,-0.0095,0.0,0.0
1779816504813,1,12.00000018,Upper Delivery,Loading,pitch.0,333949,1.0081,0.6633,0.4339,0.859,-0.3143,1.5428,0.0,0.0
1779816504813,1,Pitching Mound.Delivery,,Loading,pitch.0,333158,0.7814,-0.0337,1.1789,0.8559,-0.3306,1.9532,0.0,0.0
1779816504813,1,Pitching Mound.Drive,,Loading,pitch.0,333666,-1.6988,5.7051,53.9602,39.7758,25.8567,5.437,-0.0509,0.0783
1779816504813,1,Pitching Mound.Parent,,Loading,pitch.0,332866,-0.9157,5.6657,55.0991,40.6988,25.4413,7.4235,-0.0497,0.0787
1779816504814,1,11.0000004b,Drive,Loading,pitch.0,333667,-1.6989,5.7061,54.0149,39.8341,25.8769,5.409,-0.0509,0.0783
1779816504814,1,12.00000015,Lower Delivery,Loading,pitch.0,333395,-0.2328,-0.6942,0.7745,-0.1083,-0.0097,-0.0091,0.0,0.0
1779816504814,1,12.00000018,Upper Delivery,Loading,pitch.0,333950,1.0381,0.6944,0.4325,0.9855,-0.5487,1.5927,0.0,0.0
1779816504814,1,Pitching Mound.Delivery,,Loading,pitch.0,333159,0.8053,0.0001,1.2069,0.9934,-0.5584,2.0157,0.0,0.0
1779816504814,1,Pitching Mound.Drive,,Loading,pitch.0,333667,-1.6989,5.7061,54.0149,39.8341,25.8769,5.409,-0.0509,0.0783
1779816504814,1,Pitching Mound.Parent,,Loading,pitch.0,332867,-0.8936,5.7053,55.1671,40.7692,25.2983,7.4528,-0.0498,0.0787
1779816504815,1,11.0000004b,Drive,Loading,pitch.0,333668,-1.6937,5.6923,53.9566,39.832,26.08,5.4047,-0.0513,0.0784
1779816504815,1,12.00000015,Lower Delivery,Loading,pitch.0,333396,-0.241,-0.695,0.8114,-0.1041,-0.0075,0.0067,0.0,0.0
1779816504815,1,12.00000018,Upper Delivery,Loading,pitch.0,333951,1.0366,0.7051,0.4716,0.8527,-0.3956,1.5645,0.0,0.0
1779816504815,1,Pitching Mound.Delivery,,Loading,pitch.0,333160,0.7956,0.0101,1.283,0.8641,-0.403,2.0056,0.0,0.0
1779816504815,1,Pitching Mound.Drive,,Loading,pitch.0,333668,-1.6937,5.6923,53.9566,39.832,26.08,5.4047,-0.0513,0.0784
1779816504815,1,Pitching Mound.Parent,,Loading,pitch.0,332868,-0.9033,5.7161,55.2979,40.6982,25.4739,7.4146,-0.0497,0.0786
1779816504816,1,11.0000004b,Drive,Loading,pitch.0,333669,-1.692,5.6908,53.9902,39.7391,26.1599,5.4151,-0.0514,0.0781
1779816504816,1,12.00000015,Lower Delivery,Loading,pitch.0,333397,-0.2447,-0.6996,0.8127,-0.1025,-0.0022,0.0282,0.0,0.0
1779816504816,1,12.00000018,Upper Delivery,Loading,pitch.0,333952,1.0527,0.7358,0.4359,0.9019,-0.4621,1.6257,0.0,0.0
1779816504816,1,Pitching Mound.Delivery,,Loading,pitch.0,333161,0.8081,0.0362,1.2486,0.9276,-0.4643,2.095,0.0,0.0
1779816504816,1,Pitching Mound.Drive,,Loading,pitch.0,333669,-1.692,5.6908,53.9902,39.7391,26.1599,5.4151,-0.0514,0.0781
1779816504816,1,Pitching Mound.Parent,,Loading,pitch.0,332869,-0.8856,5.7285,55.2052,40.7596,25.6157,7.4997,-0.0502,0.0789
1779816504817,1,11.0000004b,Drive,Loading,pitch.0,333670,-1.6915,5.698,53.899,39.7949,26.2643,5.3962,-0.0517,0.0784
1779816504817,1,12.00000015,Lower Delivery,Loading,pitch.0,333398,-0.2559,-0.6992,0.834,-0.1105,-0.0091,0.0129,0.0,0.0
1779816504817,1,12.00000018,Upper Delivery,Loading,pitch.0,333953,1.0533,0.735,0.4247,1.0061,-0.7517,1.6669,0.0,0.0
1779816504817,1,Pitching Mound.Delivery,,Loading,pitch.0,333162,0.7974,0.0358,1.2586,1.0348,-0.7608,2.125,0.0,0.0
1779816504817,1,Pitching Mound.Drive,,Loading,pitch.0,333670,-1.6915,5.698,53.899,39.7949,26.2643,5.3962,-0.0517,0.0784
1779816504817,1,Pitching Mound.Parent,,Loading,pitch.0,332870,-0.8946,5.7267,55.2488,40.7739,25.3991,7.54,-0.0503,0.0789
1779816504818,1,11.0000004b,Drive,Loading,pitch.0,333671,-1.6794,5.6871,53.9629,39.8192,26.249,5.3723,-0.0516,0.0783
1779816504818,1,12.00000015,Lower Delivery,Loading,pitch.0,333399,-0.2417,-0.705,0.8076,-0.1142,-0.0055,-0.0008,0.0,0.0
1779816504818,1,12.00000018,Upper Delivery,Loading,pitch.0,333954,1.0828,0.7799,0.3848,0.9234,-0.3095,1.6439,0.0,0.0
1779816504818,1,Pitching Mound.Delivery,,Loading,pitch.0,333163,0.841,0.0749,1.1924,0.953,-0.315,2.0934,0.0,0.0
1779816504818,1,Pitching Mound.Drive,,Loading,pitch.0,333671,-1.6794,5.6871,53.9629,39.8192,26.249,5.3723,-0.0516,0.0783
1779816504818,1,Pitching Mound.Parent,,Loading,pitch.0,332871,-0.8504,5.7729,55.0914,40.7479,25.9493,7.4897,-0.0506,0.0793
1779816504819,1,11.0000004b,Drive,Loading,pitch.0,333672,-1.6588,5.6907,53.9046,39.8322,26.2147,5.3478,-0.0516,0.0784
1779816504819,1,12.00000015,Lower Delivery,Loading,pitch.0,333400,-0.2359,-0.698,0.8255,-0.1133,-0.0106,-0.0018,0.0,0.0
1779816504819,1,12.00000018,Upper Delivery,Loading,pitch.0,333955,1.0742,0.7745,0.4299,0.9423,-0.3652,1.6175,0.0,0.0
1779816504819,1,Pitching Mound.Delivery,,Loading,pitch.0,333164,0.8384,0.0764,1.2554,0.9635,-0.3758,2.0611,0.0,0.0
1779816504819,1,Pitching Mound.Drive,,Loading,pitch.0,333672,-1.6588,5.6907,53.9046,39.8322,26.2147,5.3478,-0.0516,0.0784
1779816504819,1,Pitching Mound.Parent,,Loading,pitch.0,332872,-0.8411,5.7635,55.2184,40.7828,25.8733,7.4334,-0.0505,0.079
1779816504820,1,11.0000004b,Drive,Loading,pitch.0,333673,-1.6515,5.6803,53.8608,39.7882,26.2366,5.366,-0.0517,0.0784
1779816504820,1,12.00000015,Lower Delivery,Loading,pitch.0,333401,-0.2311,-0.6789,0.7861,-0.1082,-0.0165,0.0071,0.0,0.0
1779816504820,1,12.00000018,Upper Delivery,Loading,pitch.0,333956,1.0797,0.7782,0.4392,0.9265,-0.3003,1.6322,0.0,0.0
1779816504820,1,Pitching Mound.Delivery,,Loading,pitch.0,333165,0.8486,0.0993,1.2254,0.9362,-0.3168,2.085,0.0,0.0
1779816504820,1,Pitching Mound.Drive,,Loading,pitch.0,333673,-1.6515,5.6803,53.8608,39.7882,26.2366,5.366,-0.0517,0.0784
1779816504820,1,Pitching Mound.Parent,,Loading,pitch.0,332873,-0.8101,5.79,55.13,40.7684,25.8979,7.4328,-0.0505,0.0788
1779816504821,1,11.0000004b,Drive,Loading,pitch.0,333674,-1.6546,5.6724,53.7872,39.7151,26.2755,5.3557,-0.0519,0.0784
1779816504821,1,12.00000015,Lower Delivery,Loading,pitch.0,333402,-0.2294,-0.6873,0.7864,-0.0965,-0.0132,0.0609,0.0,0.0
1779816504821,1,12.00000018,Upper Delivery,Loading,pitch.0,333957,1.116,0.7977,0.4686,0.966,-0.4792,1.6213,0.0,0.0
1779816504821,1,Pitching Mound.Delivery,,Loading,pitch.0,333166,0.8865,0.1104,1.2549,0.9776,-0.4924,2.1397,0.0,0.0
1779816504821,1,Pitching Mound.Drive,,Loading,pitch.0,333674,-1.6546,5.6724,53.7872,39.7151,26.2755,5.3557,-0.0519,0.0784
1779816504821,1,Pitching Mound.Parent,,Loading,pitch.0,332874,-0.765,5.7907,55.1158,40.7657,25.7442,7.5057,-0.0505,0.0786
1779816504822,1,11.0000004b,Drive,Loading,pitch.0,333675,-1.6409,5.6716,53.836,39.7367,26.2844,5.3418,-0.0518,0.0784
1779816504822,1,12.00000015,Lower Delivery,Loading,pitch.0,333403,-0.2302,-0.6948,0.7557,-0.0947,-0.0092,0.0794,0.0,0.0
1779816504822,1,12.00000018,Upper Delivery,Loading,pitch.0,333958,1.1286,0.8359,0.4943,0.914,-0.5976,1.6415,0.0,0.0
1779816504822,1,Pitching Mound.Delivery,,Loading,pitch.0,333167,0.8984,0.1411,1.2501,0.9082,-0.6067,2.1829,0.0,0.0
1779816504822,1,Pitching Mound.Drive,,Loading,pitch.0,333675,-1.6409,5.6716,53.836,39.7367,26.2844,5.3418,-0.0518,0.0784
1779816504822,1,Pitching Mound.Parent,,Loading,pitch.0,332875,-0.7562,5.8134,55.0372,40.6233,25.6688,7.5386,-0.0507,0.0782
1779816504823,1,11.0000004b,Drive,Loading,pitch.0,333676,-1.6313,5.679,53.7966,39.7091,26.2339,5.3124,-0.0518,0.0784
1779816504823,1,12.00000015,Lower Delivery,Loading,pitch.0,333404,-0.2489,-0.6957,0.7994,-0.0863,-0.0154,0.041,0.0,0.0
1779816504823,1,12.00000018,Upper Delivery,Loading,pitch.0,333959,1.1372,0.8399,0.4659,0.928,-0.5957,1.6048,0.0,0.0
1779816504823,1,Pitching Mound.Delivery,,Loading,pitch.0,333168,0.8883,0.1442,1.2652,0.9551,-0.6111,2.1172,0.0,0.0
1779816504823,1,Pitching Mound.Drive,,Loading,pitch.0,333676,-1.6313,5.679,53.7966,39.7091,26.2339,5.3124,-0.0518,0.0784
1779816504823,1,Pitching Mound.Parent,,Loading,pitch.0,332876,-0.7525,5.8157,55.1013,40.6918,25.6734,7.4589,-0.0506,0.0786
1779816504824,1,11.0000004b,Drive,Loading,pitch.0,333677,-1.6287,5.6749,53.8381,39.7558,26.2319,5.3179,-0.0517,0.0784
1779816504824,1,12.00000015,Lower Delivery,Loading,pitch.0,333405,-0.2593,-0.7215,0.811,-0.0908,-0.0118,0.0039,0.0,0.0
1779816504824,1,12.00000018,Upper Delivery,Loading,pitch.0,333960,1.1147,0.8011,0.4243,0.9502,-0.4911,1.6659,0.0,0.0
1779816504824,1,Pitching Mound.Delivery,,Loading,pitch.0,333169,0.8554,0.0797,1.2353,0.9909,-0.5028,2.1369,0.0,0.0
1779816504824,1,Pitching Mound.Drive,,Loading,pitch.0,333677,-1.6287,5.6749,53.8381,39.7558,26.2319,5.3179,-0.0517,0.0784
1779816504824,1,Pitching Mound.Parent,,Loading,pitch.0,332877,-0.7758,5.7587,55.0319,40.7,25.7311,7.4493,-0.0506,0.079
1779816504825,1,11.0000004b,Drive,Loading,pitch.0,333678,-1.6263,5.6832,53.8362,39.7646,26.2303,5.287,-0.0517,0.0784
1779816504825,1,12.00000015,Lower Delivery,Loading,pitch.0,333406,-0.2817,-0.7325,0.8127,-0.0874,-0.0143,0.0289,0.0,0.0
1779816504825,1,12.00000018,Upper Delivery,Loading,pitch.0,333961,1.1195,0.7982,0.4104,0.9715,-0.4356,1.6431,0.0,0.0
1779816504825,1,Pitching Mound.Delivery,,Loading,pitch.0,333170,0.8378,0.0657,1.2231,1.0208,-0.4499,2.1484,0.0,0.0
1779816504825,1,Pitching Mound.Drive,,Loading,pitch.0,333678,-1.6263,5.6832,53.8362,39.7646,26.2303,5.287,-0.0517,0.0784
1779816504825,1,Pitching Mound.Parent,,Loading,pitch.0,332878,-0.7909,5.7407,55.0612,40.7766,25.782,7.4663,-0.0506,0.0791
1779816504826,1,11.0000004b,Drive,Loading,pitch.0,333679,-1.6208,5.6904,53.8564,39.8829,26.2493,5.2821,-0.0517,0.0786
1779816504826,1,12.00000015,Lower Delivery,Loading,pitch.0,333407,-0.2661,-0.735,0.8283,-0.0734,-0.0081,0.0904,0.0,0.0
1779816504826,1,12.00000018,Upper Delivery,Loading,pitch.0,333962,1.0778,0.741,0.4402,0.9462,-0.5413,1.6455,0.0,0.0
1779816504826,1,Pitching Mound.Delivery,,Loading,pitch.0,333171,0.8117,0.006,1.2685,1.0047,-0.5494,2.1928,0.0,0.0
1779816504826,1,Pitching Mound.Drive,,Loading,pitch.0,333679,-1.6208,5.6904,53.8564,39.8829,26.2493,5.2821,-0.0517,0.0786
1779816504826,1,Pitching Mound.Parent,,Loading,pitch.0,332879,-0.8146,5.6891,55.1048,40.7692,25.6809,7.4799,-0.0505,0.079
1779816504827,1,11.0000004b,Drive,Loading,pitch.0,333680,-1.631,5.6873,53.8745,39.8814,26.117,5.2696,-0.0515,0.0786
1779816504827,1,12.00000015,Lower Delivery,Loading,pitch.0,333408,-0.2781,-0.7601,0.7914,-0.0722,-0.0044,0.0886,0.0,0.0
1779816504827,1,12.00000018,Upper Delivery,Loading,pitch.0,333963,1.0835,0.7481,0.4094,0.8878,-0.4598,1.6456,0.0,0.0
1779816504827,1,Pitching Mound.Delivery,,Loading,pitch.0,333172,0.8054,-0.012,1.2008,0.9455,-0.4642,2.1971,0.0,0.0
1779816504827,1,Pitching Mound.Drive,,Loading,pitch.0,333680,-1.631,5.6873,53.8745,39.8814,26.117,5.2696,-0.0515,0.0786
1779816504827,1,Pitching Mound.Parent,,Loading,pitch.0,332880,-0.8154,5.6784,55.0572,40.8284,25.7851,7.4793,-0.0506,0.0793
1779816504828,1,11.0000004b,Drive,Loading,pitch.0,333681,-1.6159,5.6896,53.8712,39.894,26.3304,5.2768,-0.0519,0.0786
1779816504828,1,12.00000015,Lower Delivery,Loading,pitch.0,333409,-0.2861,-0.7538,0.6428,-0.0695,-0.0057,0.0966,0.0,0.0
1779816504828,1,12.00000018,Upper Delivery,Loading,pitch.0,333964,1.0453,0.7163,0.3873,0.9602,-0.4908,1.6594,0.0,0.0
1779816504828,1,Pitching Mound.Delivery,,Loading,pitch.0,333173,0.7592,-0.0376,1.0301,0.9776,-0.4965,2.2087,0.0,0.0
1779816504828,1,Pitching Mound.Drive,,Loading,pitch.0,333681,-1.6159,5.6896,53.8712,39.894,26.3304,5.2768,-0.0519,0.0786
1779816504828,1,Pitching Mound.Parent,,Loading,pitch.0,332881,-0.8718,5.6497,54.9046,40.8589,25.6204,7.4783,-0.0505,0.0787
1779816504829,1,11.0000004b,Drive,Loading,pitch.0,333682,-1.6212,5.6832,53.8891,39.7565,26.1379,5.2555,-0.0515,0.0783
1779816504829,1,12.00000015,Lower Delivery,Loading,pitch.0,333410,-0.2846,-0.7461,0.7027,-0.0735,-0.0144,0.0499,0.0,0.0
1779816504829,1,12.00000018,Upper Delivery,Loading,pitch.0,333965,1.0285,0.7007,0.3914,0.9689,-0.6307,1.6421,0.0,0.0
1779816504829,1,Pitching Mound.Delivery,,Loading,pitch.0,333174,0.744,-0.0454,1.0941,1.0012,-0.6451,2.1385,0.0,0.0
1779816504829,1,Pitching Mound.Drive,,Loading,pitch.0,333682,-1.6212,5.6832,53.8891,39.7565,26.1379,5.2555,-0.0515,0.0783
1779816504829,1,Pitching Mound.Parent,,Loading,pitch.0,332882,-0.872,5.6442,54.9652,40.8951,25.6852,7.4152,-0.0509,0.079
1779816504830,1,11.0000004b,Drive,Loading,pitch.0,333683,-1.6293,5.6933,53.9041,39.8604,26.1998,5.2662,-0.0516,0.0785
1779816504830,1,12.00000015,Lower Delivery,Loading,pitch.0,333411,-0.2777,-0.7571,0.6998,-0.0712,-0.0134,0.0706,0.0,0.0
1779816504830,1,12.00000018,Upper Delivery,Loading,pitch.0,333966,1.0346,0.6956,0.3847,0.9644,-0.7106,1.6345,0.0,0.0
1779816504830,1,Pitching Mound.Delivery,,Loading,pitch.0,333175,0.7568,-0.0615,1.0845,1.0004,-0.7239,2.1513,0.0,0.0
1779816504830,1,Pitching Mound.Drive,,Loading,pitch.0,333683,-1.6293,5.6933,53.9041,39.8604,26.1998,5.2662,-0.0516,0.0785
1779816504830,1,Pitching Mound.Parent,,Loading,pitch.0,332883,-0.8644,5.6216,54.9736,40.7568,25.414,7.4068,-0.0505,0.0787
1779816504831,1,11.0000004b,Drive,Loading,pitch.0,333684,-1.6301,5.7002,53.8865,39.9282,26.2861,5.2433,-0.0518,0.0787
1779816504831,1,12.00000015,Lower Delivery,Loading,pitch.0,333412,-0.2726,-0.7614,0.722,-0.0677,-0.0153,0.0617,0.0,0.0
1779816504831,1,12.00000018,Upper Delivery,Loading,pitch.0,333967,1.0186,0.6915,0.3997,1.0323,-0.7736,1.6583,0.0,0.0
1779816504831,1,Pitching Mound.Delivery,,Loading,pitch.0,333176,0.7459,-0.0698,1.1217,1.0741,-0.7889,2.159,0.0,0.0
1779816504831,1,Pitching Mound.Drive,,Loading,pitch.0,333684,-1.6301,5.7002,53.8865,39.9282,26.2861,5.2433,-0.0518,0.0787
1779816504831,1,Pitching Mound.Parent,,Loading,pitch.0,332884,-0.8833,5.6235,55.0258,40.9345,25.4109,7.4252,-0.0505,0.0789
1779816504832,1,11.0000004b,Drive,Loading,pitch.0,333685,-1.6133,5.6954,53.8992,39.9944,26.2461,5.2685,-0.0517,0.0788
1779816504832,1,12.00000015,Lower Delivery,Loading,pitch.0,333413,-0.2616,-0.7376,0.727,-0.0697,-0.0123,0.0254,0.0,0.0
1779816504832,1,12.00000018,Upper Delivery,Loading,pitch.0,333968,1.0079,0.6795,0.479,1.0404,-0.7016,1.6614,0.0,0.0
1779816504832,1,Pitching Mound.Delivery,,Loading,pitch.0,333177,0.7463,-0.0581,1.206,1.055,-0.7139,2.1184,0.0,0.0
1779816504832,1,Pitching Mound.Drive,,Loading,pitch.0,333685,-1.6133,5.6954,53.8992,39.9944,26.2461,5.2685,-0.0517,0.0788
1779816504832,1,Pitching Mound.Parent,,Loading,pitch.0,332885,-0.8838,5.6421,55.0925,40.9832,25.5721,7.3616,-0.0507,0.0785
1779816504833,1,11.0000004b,Drive,Loading,pitch.0,333686,-1.6053,5.6912,53.8634,39.8936,26.2465,5.2266,-0.0517,0.0786
1779816504833,1,12.00000015,Lower Delivery,Loading,pitch.0,333414,-0.2661,-0.7586,0.7727,-0.0686,-0.0115,0.0426,0.0,0.0
1779816504833,1,12.00000018,Upper Delivery,Loading,pitch.0,333969,1.016,0.6537,0.438,0.9777,-0.8216,1.5918,0.0,0.0
1779816504833,1,Pitching Mound.Delivery,,Loading,pitch.0,333178,0.7499,-0.1049,1.2107,1.0229,-0.8332,2.0704,0.0,0.0
1779816504833,1,Pitching Mound.Drive,,Loading,pitch.0,333686,-1.6053,5.6912,53.8634,39.8936,26.2465,5.2266,-0.0517,0.0786
1779816504833,1,Pitching Mound.Parent,,Loading,pitch.0,332886,-0.8634,5.5905,55.1099,41.0173,25.4129,7.3388,-0.0506,0.0791
1779816504834,1,11.0000004b,Drive,Loading,pitch.0,333687,-1.6087,5.6816,53.9437,39.9491,26.2682,5.222,-0.0517,0.0786
1779816504834,1,12.00000015,Lower Delivery,Loading,pitch.0,333415,-0.263,-0.7665,0.7479,-0.06,-0.014,0.0913,0.0,0.0
1779816504834,1,12.00000018,Upper Delivery,Loading,pitch.0,333970,1.008,0.6529,0.4317,0.9845,-0.7405,1.6015,0.0,0.0
1779816504834,1,Pitching Mound.Delivery,,Loading,pitch.0,333179,0.745,-0.1136,1.1796,1.0321,-0.7545,2.1249,0.0,0.0
1779816504834,1,Pitching Mound.Drive,,Loading,pitch.0,333687,-1.6087,5.6816,53.9437,39.9491,26.2682,5.222,-0.0517,0.0786
1779816504834,1,Pitching Mound.Parent,,Loading,pitch.0,332887,-0.8603,5.5776,55.043,40.9257,25.492,7.3515,-0.0506,0.0789
1779816504835,1,11.0000004b,Drive,Loading,pitch.0,333688,-1.6073,5.6725,53.8734,39.9093,26.3375,5.2186,-0.0519,0.0786
1779816504835,1,12.00000015,Lower Delivery,Loading,pitch.0,333416,-0.2627,-0.7629,0.7626,-0.0481,-0.011,0.1539,0.0,0.0
1779816504835,1,12.00000018,Upper Delivery,Loading,pitch.0,333971,1.0178,0.6584,0.4609,1.0223,-0.8579,1.5346,0.0,0.0
1779816504835,1,Pitching Mound.Delivery,,Loading,pitch.0,333180,0.755,-0.1046,1.2234,1.0767,-0.869,2.1238,0.0,0.0
1779816504835,1,Pitching Mound.Drive,,Loading,pitch.0,333688,-1.6073,5.6725,53.8734,39.9093,26.3375,5.2186,-0.0519,0.0786
1779816504835,1,Pitching Mound.Parent,,Loading,pitch.0,332888,-0.8536,5.577,55.1671,41.0258,25.3992,7.3459,-0.0506,0.0787
1779816504836,1,11.0000004b,Drive,Loading,pitch.0,333689,-1.5923,5.6847,53.9014,39.9489,26.307,5.2072,-0.0518,0.0787
1779816504836,1,12.00000015,Lower Delivery,Loading,pitch.0,333417,-0.265,-0.7574,0.7733,-0.0575,-0.0096,0.0609,0.0,0.0
1779816504836,1,12.00000018,Upper Delivery,Loading,pitch.0,333972,1.0237,0.6842,0.5027,0.9884,-0.8154,1.5334,0.0,0.0
1779816504836,1,Pitching Mound.Delivery,,Loading,pitch.0,333181,0.7587,-0.0733,1.276,1.0229,-0.825,2.0324,0.0,0.0
1779816504836,1,Pitching Mound.Drive,,Loading,pitch.0,333689,-1.5923,5.6847,53.9014,39.9489,26.307,5.2072,-0.0518,0.0787
1779816504836,1,Pitching Mound.Parent,,Loading,pitch.0,332889,-0.8485,5.5993,55.1495,40.9322,25.5125,7.251,-0.0507,0.0785
1779816504837,1,11.0000004b,Drive,Loading,pitch.0,333690,-1.601,5.6844,53.9308,40.0222,26.3315,5.2205,-0.0518,0.0788
1779816504837,1,12.00000015,Lower Delivery,Loading,pitch.0,333418,-0.2749,-0.7856,0.8831,-0.0409,0.0127,0.1401,0.0,0.0
1779816504837,1,12.00000018,Upper Delivery,Loading,pitch.0,333973,1.0781,0.7412,0.4312,0.973,-0.6366,1.4765,0.0,0.0
1779816504837,1,Pitching Mound.Delivery,,Loading,pitch.0,333182,0.8031,-0.0445,1.3143,1.0858,-0.6239,2.0766,0.0,0.0
1779816504837,1,Pitching Mound.Drive,,Loading,pitch.0,333690,-1.601,5.6844,53.9308,40.0222,26.3315,5.2205,-0.0518,0.0788
1779816504837,1,Pitching Mound.Parent,,Loading,pitch.0,332890,-0.7892,5.6402,55.2157,41.0347,25.6831,7.2838,-0.0506,0.0796
1779816504838,1,11.0000004b,Drive,Loading,pitch.0,333691,-1.5906,5.6848,53.8386,39.9826,26.4526,5.195,-0.0522,0.0788
1779816504838,1,12.00000015,Lower Delivery,Loading,pitch.0,333419,-0.277,-0.7575,0.8282,-0.054,-0.0032,0.0702,0.0,0.0
1779816504838,1,12.00000018,Upper Delivery,Loading,pitch.0,333974,1.0767,0.7407,0.4059,1.1332,-0.6999,1.5351,0.0,0.0
1779816504838,1,Pitching Mound.Delivery,,Loading,pitch.0,333183,0.7997,-0.0169,1.234,1.2227,-0.7031,2.0655,0.0,0.0
1779816504838,1,Pitching Mound.Drive,,Loading,pitch.0,333691,-1.5906,5.6848,53.8386,39.9826,26.4526,5.195,-0.0522,0.0788
1779816504838,1,Pitching Mound.Parent,,Loading,pitch.0,332891,-0.8013,5.6676,55.1648,41.245,25.6284,7.2861,-0.0507,0.0796
1779816504839,1,11.0000004b,Drive,Loading,pitch.0,333692,-1.5799,5.6835,53.8797,39.9985,26.4191,5.1769,-0.0521,0.0788
1779816504839,1,12.00000015,Lower Delivery,Loading,pitch.0,333420,-0.2713,-0.7612,0.9347,-0.0608,-0.0085,0.0709,0.0,0.0
1779816504839,1,12.00000018,Upper Delivery,Loading,pitch.0,333975,1.0775,0.7136,0.4417,1.0143,-0.6788,1.4664,0.0,0.0
1779816504839,1,Pitching Mound.Delivery,,Loading,pitch.0,333184,0.8062,-0.0476,1.3764,1.1211,-0.6873,1.9959,0.0,0.0
1779816504839,1,Pitching Mound.Drive,,Loading,pitch.0,333692,-1.5799,5.6835,53.8797,39.9985,26.4191,5.1769,-0.0521,0.0788
1779816504839,1,Pitching Mound.Parent,,Loading,pitch.0,332892,-0.7844,5.6372,55.215,41.1037,25.7653,7.191,-0.0509,0.0799
1779816504840,1,11.0000004b,Drive,Loading,pitch.0,333693,-1.5903,5.6868,53.8524,39.9864,26.4271,5.1267,-0.0521,0.0788
1779816504840,1,12.00000015,Lower Delivery,Loading,pitch.0,333421,-0.2805,-0.7669,0.9731,-0.0441,-0.0088,0.1574,0.0,0.0
1779816504840,1,12.00000015,Lower Delivery,Loading,pitch.0,333422,-0.2904,-0.7504,0.9519,-0.0357,-0.0034,0.2266,0.0,0.0
1779816504840,1,12.00000018,Upper Delivery,Loading,pitch.0,333976,1.1326,0.7992,0.3104,1.1166,-0.5821,1.4517,0.0,0.0
1779816504840,1,Pitching Mound.Delivery,,Loading,pitch.0,333185,0.852,0.0323,1.2835,1.2978,-0.5908,2.0896,0.0,0.0
1779816504840,1,Pitching Mound.Drive,,Loading,pitch.0,333693,-1.5903,5.6868,53.8524,39.9864,26.4271,5.1267,-0.0521,0.0788
1779816504840,1,Pitching Mound.Parent,,Loading,pitch.0,332893,-0.7279,5.7158,55.1631,41.2963,25.8283,7.2665,-0.0508,0.0811
1779816504841,1,11.0000004b,Drive,Loading,pitch.0,333694,-1.5732,5.6704,53.8368,40.0456,26.3233,5.1319,-0.0519,0.079
1779816504841,1,12.00000018,Upper Delivery,Loading,pitch.0,333977,1.1482,0.8142,0.29,1.074,-0.5578,1.483,0.0,0.0
1779816504841,1,Pitching Mound.Delivery,,Loading,pitch.0,333186,0.8578,0.0638,1.2419,1.2633,-0.5612,2.1988,0.0,0.0
1779816504841,1,Pitching Mound.Drive,,Loading,pitch.0,333694,-1.5732,5.6704,53.8368,40.0456,26.3233,5.1319,-0.0519,0.079
1779816504841,1,Pitching Mound.Parent,,Loading,pitch.0,332894,-0.7325,5.7506,55.0943,41.2497,25.8659,7.3255,-0.0509,0.0811
1779816504842,1,11.0000004b,Drive,Loading,pitch.0,333695,-1.5826,5.6659,53.8022,39.9916,26.4128,5.1117,-0.0521,0.0789
1779816504842,1,12.00000015,Lower Delivery,Loading,pitch.0,333424,-0.2763,-0.7512,0.997,-0.0589,-0.0036,0.1711,0.0,0.0
1779816504842,1,12.00000015,Lower Delivery,Loading,pitch.0,333423,-0.2775,-0.7548,0.9637,-0.0578,-0.0071,0.1771,0.0,0.0
1779816504842,1,12.00000018,Upper Delivery,Loading,pitch.0,333978,1.1858,0.8625,0.2425,1.2158,-0.5912,1.5451,0.0,0.0
1779816504842,1,Pitching Mound.Delivery,,Loading,pitch.0,333187,0.9083,0.1077,1.2061,1.4032,-0.5983,2.2198,0.0,0.0
1779816504842,1,Pitching Mound.Drive,,Loading,pitch.0,333695,-1.5826,5.6659,53.8022,39.9916,26.4128,5.1117,-0.0521,0.0789
1779816504842,1,Pitching Mound.Parent,,Loading,pitch.0,332895,-0.6649,5.7781,55.0429,41.4489,25.725,7.3517,-0.0508,0.0817
1779816504843,1,11.0000004b,Drive,Loading,pitch.0,333696,-1.5882,5.6629,53.7524,39.97,26.4221,5.0985,-0.0522,0.0789
1779816504843,1,12.00000018,Upper Delivery,Loading,pitch.0,333979,1.1815,0.8801,0.2254,1.2299,-0.5921,1.5285,0.0,0.0
1779816504843,1,Pitching Mound.Delivery,,Loading,pitch.0,333188,0.9052,0.1289,1.2224,1.4333,-0.5957,2.1952,0.0,0.0
1779816504843,1,Pitching Mound.Drive,,Loading,pitch.0,333696,-1.5882,5.6629,53.7524,39.97,26.4221,5.0985,-0.0522,0.0789
1779816504843,1,Pitching Mound.Parent,,Loading,pitch.0,332896,-0.6774,5.7948,55.0246,41.4249,25.8171,7.3069,-0.051,0.0819
1779816504844,1,11.0000004b,Drive,Loading,pitch.0,333697,-1.6033,5.6731,53.75,40.0166,26.5331,5.0918,-0.0524,0.079
1779816504844,1,12.00000015,Lower Delivery,Loading,pitch.0,333426,-0.2723,-0.7077,0.823,-0.0929,0.0022,0.1358,0.0,0.0
1779816504844,1,12.00000015,Lower Delivery,Loading,pitch.0,333425,-0.3013,-0.7305,0.9093,-0.0604,0.0041,0.1998,0.0,0.0
1779816504844,1,12.00000018,Upper Delivery,Loading,pitch.0,333980,1.1523,0.8463,0.259,1.1486,-0.7921,1.6056,0.0,0.0
1779816504844,1,Pitching Mound.Delivery,,Loading,pitch.0,333189,0.851,0.1158,1.1683,1.3093,-0.788,2.2996,0.0,0.0
1779816504844,1,Pitching Mound.Drive,,Loading,pitch.0,333697,-1.6033,5.6731,53.75,40.0166,26.5331,5.0918,-0.0524,0.079
1779816504844,1,Pitching Mound.Parent,,Loading,pitch.0,332897,-0.7372,5.7787,54.9207,41.2793,25.6341,7.3981,-0.0511,0.0813
1779816504845,1,11.0000004b,Drive,Loading,pitch.0,333698,-1.5969,5.67,53.7735,40.028,26.4867,5.0906,-0.0523,0.079
1779816504845,1,12.00000015,Lower Delivery,Loading,pitch.0,333427,-0.2594,-0.7097,0.8437,-0.098,0.0073,0.1701,0.0,0.0
1779816504845,1,12.00000018,Upper Delivery,Loading,pitch.0,333981,1.1503,0.8684,0.2665,1.2499,-0.9767,1.5909,0.0,0.0
1779816504845,1,Pitching Mound.Delivery,,Loading,pitch.0,333190,0.878,0.1607,1.0895,1.3462,-0.9745,2.2105,0.0,0.0
1779816504845,1,Pitching Mound.Drive,,Loading,pitch.0,333698,-1.5969,5.67,53.7735,40.028,26.4867,5.0906,-0.0523,0.079
1779816504845,1,Pitching Mound.Parent,,Loading,pitch.0,332898,-0.7253,5.8337,54.8395,41.3628,25.5586,7.3023,-0.0514,0.0809
1779816504846,1,11.0000004b,Drive,Loading,pitch.0,333699,-1.6068,5.6713,53.8119,40.0772,26.2982,5.0785,-0.0519,0.0791
1779816504846,1,12.00000015,Lower Delivery,Loading,pitch.0,333428,-0.248,-0.6956,0.8671,-0.0812,0.0081,0.1639,0.0,0.0
1779816504846,1,12.00000018,Upper Delivery,Loading,pitch.0,333982,1.1695,0.8531,0.2133,1.2439,-1.1472,1.6514,0.0,0.0
1779816504846,1,12.00000018,Upper Delivery,Loading,pitch.0,333983,1.1616,0.8389,0.2425,1.3208,-1.1944,1.6626,0.0,0.0
1779816504846,1,Pitching Mound.Delivery,,Loading,pitch.0,333191,0.9101,0.1434,1.0571,1.3603,-1.1399,2.3073,0.0,0.0
1779816504846,1,Pitching Mound.Delivery,,Loading,pitch.0,333192,0.9135,0.1433,1.1096,1.4521,-1.1863,2.3058,0.0,0.0
1779816504846,1,Pitching Mound.Drive,,Loading,pitch.0,333699,-1.6068,5.6713,53.8119,40.0772,26.2982,5.0785,-0.0519,0.0791
1779816504846,1,Pitching Mound.Parent,,Loading,pitch.0,332899,-0.6868,5.8134,54.8306,41.3883,25.3468,7.3979,-0.0513,0.0814
1779816504846,1,Pitching Mound.Parent,,Loading,pitch.0,332900,-0.6933,5.8145,54.9215,41.5293,25.1119,7.3844,-0.0508,0.0813
1779816504847,1,11.0000004b,Drive,Loading,pitch.0,333700,-1.6018,5.666,53.82,39.9861,26.2418,5.0952,-0.0518,0.0789
1779816504847,1,12.00000015,Lower Delivery,Loading,pitch.0,333429,-0.2574,-0.6996,0.8209,-0.0849,0.0028,0.1204,0.0,0.0
1779816504847,1,12.00000018,Upper Delivery,Loading,pitch.0,333984,1.1496,0.8403,0.2005,1.4345,-1.1226,1.7068,0.0,0.0
1779816504847,1,Pitching Mound.Delivery,,Loading,pitch.0,333193,0.8922,0.1406,1.0214,1.5605,-1.1198,2.3057,0.0,0.0
1779816504847,1,Pitching Mound.Drive,,Loading,pitch.0,333700,-1.6018,5.666,53.82,39.9861,26.2418,5.0952,-0.0518,0.0789
1779816504847,1,Pitching Mound.Parent,,Loading,pitch.0,332901,-0.7096,5.8067,54.8414,41.5466,25.122,7.4008,-0.0508,0.0813
1779816504848,1,11.0000004b,Drive,Loading,pitch.0,333701,-1.5997,5.6745,53.8584,39.9982,26.0961,5.0922,-0.0514,0.0788
1779816504848,1,12.00000015,Lower Delivery,Loading,pitch.0,333430,-0.2564,-0.6784,0.7936,-0.077,0.0063,0.1566,0.0,0.0
1779816504848,1,12.00000018,Upper Delivery,Loading,pitch.0,333985,1.1654,0.8401,0.2341,1.3796,-1.1488,1.6917,0.0,0.0
1779816504848,1,Pitching Mound.Delivery,,Loading,pitch.0,333194,0.909,0.1617,1.0277,1.4928,-1.1425,2.3317,0.0,0.0
1779816504848,1,Pitching Mound.Drive,,Loading,pitch.0,333701,-1.5997,5.6745,53.8584,39.9982,26.0961,5.0922,-0.0514,0.0788
1779816504848,1,Pitching Mound.Parent,,Loading,pitch.0,332902,-0.6907,5.8362,54.8861,41.491,24.9536,7.4238,-0.0505,0.0808
1779816504849,1,11.0000004b,Drive,Loading,pitch.0,333702,-1.6015,5.665,53.8074,39.9939,26.3035,5.1321,-0.0519,0.0789
1779816504849,1,12.00000015,Lower Delivery,Loading,pitch.0,333431,-0.2382,-0.6689,0.8034,-0.0851,-0.0013,0.0726,0.0,0.0
1779816504849,1,12.00000018,Upper Delivery,Loading,pitch.0,333986,1.1398,0.8233,0.2639,1.3701,-1.1956,1.6763,0.0,0.0
1779816504849,1,Pitching Mound.Delivery,,Loading,pitch.0,333195,0.9016,0.1543,1.0674,1.4684,-1.1968,2.2174,0.0,0.0
1779816504849,1,Pitching Mound.Drive,,Loading,pitch.0,333702,-1.6015,5.665,53.8074,39.9939,26.3035,5.1321,-0.0519,0.0789
1779816504849,1,Pitching Mound.Parent,,Loading,pitch.0,332903,-0.7,5.8194,54.8747,41.4624,25.1067,7.3495,-0.0509,0.0807
1779816504850,1,11.0000004b,Drive,Loading,pitch.0,333703,-1.6203,5.6774,53.7994,40.0644,26.3253,5.1393,-0.0519,0.0791
1779816504850,1,12.00000018,Upper Delivery,Loading,pitch.0,333987,1.1062,0.7799,0.306,1.2142,-0.8479,1.648,0.0,0.0
1779816504850,1,Pitching Mound.Drive,,Loading,pitch.0,333703,-1.6203,5.6774,53.7994,40.0644,26.3253,5.1393,-0.0519,0.0791
1779816504851,1,11.0000004b,Drive,Loading,pitch.0,333704,-1.6133,5.6831,53.7538,40.1135,26.3914,5.1336,-0.0521,0.0792
1779816504851,1,12.00000015,Lower Delivery,Loading,pitch.0,333432,-0.2105,-0.6627,0.7647,-0.0891,-0.0093,0.0189,0.0,0.0
1779816504851,1,12.00000015,Lower Delivery,Loading,pitch.0,333433,-0.2215,-0.6258,0.8072,-0.0809,-0.0148,0.025,0.0,0.0
1779816504851,1,12.00000018,Upper Delivery,Loading,pitch.0,333988,1.1123,0.7798,0.3076,1.1582,-0.6278,1.6869,0.0,0.0
1779816504851,1,Pitching Mound.Delivery,,Loading,pitch.0,333196,0.8957,0.1172,1.0707,1.2811,-0.8573,2.1146,0.0,0.0
1779816504851,1,Pitching Mound.Delivery,,Loading,pitch.0,333197,0.8908,0.154,1.1148,1.2471,-0.6426,2.1654,0.0,0.0
1779816504851,1,Pitching Mound.Drive,,Loading,pitch.0,333704,-1.6133,5.6831,53.7538,40.1135,26.3914,5.1336,-0.0521,0.0792
1779816504851,1,Pitching Mound.Parent,,Loading,pitch.0,332904,-0.7245,5.7946,54.8701,41.3455,25.468,7.2538,-0.0509,0.0804
1779816504851,1,Pitching Mound.Parent,,Loading,pitch.0,332905,-0.7225,5.8371,54.8686,41.3607,25.7488,7.299,-0.0511,0.0807
1779816504852,1,11.0000004b,Drive,Loading,pitch.0,333705,-1.6099,5.7019,53.7914,40.0939,26.4133,5.1665,-0.0521,0.0791
1779816504852,1,12.00000015,Lower Delivery,Loading,pitch.0,333434,-0.2233,-0.6017,0.7945,-0.0693,-0.002,0.0152,0.0,0.0
1779816504852,1,12.00000018,Upper Delivery,Loading,pitch.0,333989,1.1242,0.7855,0.2465,1.09,-0.6112,1.6381,0.0,0.0
1779816504852,1,Pitching Mound.Delivery,,Loading,pitch.0,333198,0.901,0.1838,1.041,1.207,-0.6132,2.1115,0.0,0.0
1779816504852,1,Pitching Mound.Drive,,Loading,pitch.0,333705,-1.6099,5.7019,53.7914,40.0939,26.4133,5.1665,-0.0521,0.0791
1779816504852,1,Pitching Mound.Parent,,Loading,pitch.0,332906,-0.7089,5.8858,54.8324,41.3009,25.8,7.278,-0.0511,0.081
1779816504853,1,11.0000004b,Drive,Loading,pitch.0,333706,-1.6019,5.7015,53.8106,40.0945,26.3663,5.1592,-0.052,0.0791
1779816504853,1,12.00000015,Lower Delivery,Loading,pitch.0,333435,-0.2335,-0.5926,0.7945,-0.0656,-0.0098,0.0198,0.0,0.0
1779816504853,1,12.00000018,Upper Delivery,Loading,pitch.0,333990,1.1294,0.7764,0.2603,1.0947,-0.5438,1.6266,0.0,0.0
1779816504853,1,Pitching Mound.Delivery,,Loading,pitch.0,333199,0.8958,0.1838,1.0548,1.2108,-0.5535,2.1098,0.0,0.0
1779816504853,1,Pitching Mound.Drive,,Loading,pitch.0,333706,-1.6019,5.7015,53.8106,40.0945,26.3663,5.1592,-0.052,0.0791
1779816504853,1,Pitching Mound.Parent,,Loading,pitch.0,332907,-0.7061,5.8852,54.8654,41.3053,25.8128,7.269,-0.051,0.0809
1779816504854,1,11.0000004b,Drive,Loading,pitch.0,333707,-1.6073,5.7111,53.7925,40.1156,26.5762,5.15,-0.0524,0.0792
1779816504854,1,12.00000015,Lower Delivery,Loading,pitch.0,333436,-0.2287,-0.5749,0.7909,-0.0708,-0.0065,-0.004,0.0,0.0
1779816504854,1,Pitching Mound.Drive,,Loading,pitch.0,333707,-1.6073,5.7111,53.7925,40.1156,26.5762,5.15,-0.0524,0.0792
1779816504855,1,11.0000004b,Drive,Loading,pitch.0,333708,-1.5966,5.7117,53.8003,40.1503,26.5318,5.1164,-0.0524,0.0792
1779816504855,1,12.00000015,Lower Delivery,Loading,pitch.0,333437,-0.2402,-0.568,0.7288,-0.0679,-0.0044,-0.0107,0.0,0.0
1779816504855,1,12.00000018,Upper Delivery,Loading,pitch.0,333991,1.1304,0.7853,0.2485,1.0799,-0.6052,1.6597,0.0,0.0
1779816504855,1,Pitching Mound.Delivery,,Loading,pitch.0,333200,0.9017,0.2105,1.0393,1.1935,-0.6118,2.1178,0.0,0.0
1779816504855,1,Pitching Mound.Drive,,Loading,pitch.0,333708,-1.5966,5.7117,53.8003,40.1503,26.5318,5.1164,-0.0524,0.0792
1779816504855,1,Pitching Mound.Parent,,Loading,pitch.0,332908,-0.6949,5.9221,54.8396,41.3438,25.92,7.2342,-0.0514,0.0811
1779816504856,1,11.0000004b,Drive,Loading,pitch.0,333709,-1.5923,5.7201,53.8178,40.1049,26.473,5.1158,-0.0522,0.0791
1779816504856,1,12.00000015,Lower Delivery,Loading,pitch.0,333438,-0.2601,-0.5904,0.7298,-0.0671,-0.0035,0.004,0.0,0.0
1779816504856,1,12.00000018,Upper Delivery,Loading,pitch.0,333993,1.1846,0.8562,0.3338,0.9854,-0.4423,1.6854,0.0,0.0
1779816504856,1,12.00000018,Upper Delivery,Loading,pitch.0,333992,1.1648,0.8238,0.2882,1.0344,-0.4493,1.6561,0.0,0.0
1779816504856,1,Pitching Mound.Delivery,,Loading,pitch.0,333202,0.9245,0.2658,1.0636,1.053,-0.4457,2.1806,0.0,0.0
1779816504856,1,Pitching Mound.Delivery,,Loading,pitch.0,333201,0.9247,0.2558,1.017,1.1164,-0.4537,2.123,0.0,0.0
1779816504856,1,Pitching Mound.Drive,,Loading,pitch.0,333709,-1.5923,5.7201,53.8178,40.1049,26.473,5.1158,-0.0522,0.0791
1779816504856,1,Pitching Mound.Parent,,Loading,pitch.0,332909,-0.6676,5.9759,54.8348,41.2212,26.0193,7.2388,-0.0513,0.0804
1779816504857,1,11.0000004b,Drive,Loading,pitch.0,333710,-1.588,5.7174,53.7946,40.1144,26.5314,5.1171,-0.0524,0.0792
1779816504857,1,12.00000015,Lower Delivery,Loading,pitch.0,333439,-0.2794,-0.6078,0.6532,-0.0711,-0.0043,-0.0055,0.0,0.0
1779816504857,1,12.00000018,Upper Delivery,Loading,pitch.0,333994,1.1711,0.8298,0.3524,0.9964,-0.3768,1.6523,0.0,0.0
1779816504857,1,Pitching Mound.Delivery,,Loading,pitch.0,333203,0.8916,0.2219,1.0057,1.0276,-0.3811,2.1399,0.0,0.0
1779816504857,1,Pitching Mound.Drive,,Loading,pitch.0,333710,-1.588,5.7174,53.7946,40.1144,26.5314,5.1171,-0.0524,0.0792
1779816504857,1,Pitching Mound.Parent,,Loading,pitch.0,332910,-0.6635,5.9832,54.8582,41.1674,26.0857,7.2977,-0.0513,0.0801
1779816504858,1,11.0000004b,Drive,Loading,pitch.0,333711,-1.596,5.7284,53.8354,40.1882,26.6133,5.1033,-0.0525,0.0793
1779816504858,1,12.00000015,Lower Delivery,Loading,pitch.0,333440,-0.3036,-0.6579,0.7175,-0.061,0.0049,0.0266,0.0,0.0
1779816504858,1,12.00000018,Upper Delivery,Loading,pitch.0,333995,1.1682,0.8443,0.3366,1.0205,-0.23,1.6982,0.0,0.0
1779816504858,1,Pitching Mound.Delivery,,Loading,pitch.0,333204,0.8646,0.1865,1.0541,1.089,-0.2251,2.2252,0.0,0.0
1779816504858,1,Pitching Mound.Drive,,Loading,pitch.0,333711,-1.596,5.7284,53.8354,40.1882,26.6133,5.1033,-0.0525,0.0793
1779816504858,1,Pitching Mound.Parent,,Loading,pitch.0,332911,-0.7043,5.9503,54.841,41.2158,26.2322,7.2432,-0.0515,0.0797
1779816504859,1,11.0000004b,Drive,Loading,pitch.0,333712,-1.5981,5.734,53.7994,40.2404,26.6587,5.0744,-0.0526,0.0794
1779816504859,1,12.00000015,Lower Delivery,Loading,pitch.0,333441,-0.3091,-0.6945,0.7018,-0.0656,-0.0019,0.0407,0.0,0.0
1779816504859,1,Pitching Mound.Drive,,Loading,pitch.0,333712,-1.5981,5.734,53.7994,40.2404,26.6587,5.0744,-0.0526,0.0794
1779816504859,1,Pitching Mound.Parent,,Loading,pitch.0,332912,-0.7335,5.9205,54.8535,41.3294,26.4335,7.2996,-0.0516,0.0802
1779816504860,1,11.0000004b,Drive,Loading,pitch.0,333713,-1.6085,5.7361,53.7935,40.2278,26.6154,5.0585,-0.0525,0.0794
1779816504860,1,12.00000015,Lower Delivery,Loading,pitch.0,333442,-0.3158,-0.7363,0.7328,-0.0579,-0.0005,0.0735,0.0,0.0
1779816504860,1,12.00000018,Upper Delivery,Loading,pitch.0,333997,1.1628,0.8607,0.3073,0.9285,-0.1731,1.6499,0.0,0.0
1779816504860,1,12.00000018,Upper Delivery,Loading,pitch.0,333996,1.1558,0.8232,0.3761,1.0096,-0.3657,1.6676,0.0,0.0
1779816504860,1,Pitching Mound.Delivery,,Loading,pitch.0,333205,0.8467,0.1287,1.0778,1.0547,-0.3676,2.2064,0.0,0.0
1779816504860,1,Pitching Mound.Delivery,,Loading,pitch.0,333206,0.847,0.1244,1.04,1.0153,-0.1736,2.2262,0.0,0.0
1779816504860,1,Pitching Mound.Drive,,Loading,pitch.0,333713,-1.6085,5.7361,53.7935,40.2278,26.6154,5.0585,-0.0525,0.0794
1779816504860,1,Pitching Mound.Parent,,Loading,pitch.0,332913,-0.7618,5.8649,54.8714,41.2824,26.2478,7.2649,-0.0515,0.0798
1779816504861,1,11.0000004b,Drive,Loading,pitch.0,333714,-1.6035,5.7421,53.9117,40.2569,26.4618,5.0495,-0.0521,0.0793
1779816504861,1,12.00000015,Lower Delivery,Loading,pitch.0,333443,-0.3342,-0.7309,0.8213,-0.0597,0.0033,0.0927,0.0,0.0
1779816504861,1,Pitching Mound.Drive,,Loading,pitch.0,333714,-1.6035,5.7421,53.9117,40.2569,26.4618,5.0495,-0.0521,0.0793
1779816504861,1,Pitching Mound.Parent,,Loading,pitch.0,332914,-0.7565,5.8665,54.9517,41.2722,26.2882,7.2756,-0.0511,0.0804
1779816504862,1,11.0000004b,Drive,Loading,pitch.0,333715,-1.6146,5.7487,53.8878,40.288,26.5948,5.0181,-0.0524,0.0794
1779816504862,1,12.00000015,Lower Delivery,Loading,pitch.0,333444,-0.3383,-0.7378,0.7704,-0.0715,0.0059,0.0869,0.0,0.0
1779816504862,1,12.00000018,Upper Delivery,Loading,pitch.0,333998,1.0847,0.7668,0.3306,0.8077,-0.2286,1.6363,0.0,0.0
1779816504862,1,Pitching Mound.Delivery,,Loading,pitch.0,333207,0.7505,0.0359,1.1518,0.9149,-0.2253,2.2114,0.0,0.0
1779816504862,1,Pitching Mound.Drive,,Loading,pitch.0,333715,-1.6146,5.7487,53.8878,40.288,26.5948,5.0181,-0.0524,0.0794
1779816504862,1,Pitching Mound.Parent,,Loading,pitch.0,332915,-0.8641,5.7846,55.0397,41.2029,26.3695,7.2295,-0.0513,0.0807
1779816504863,1,11.0000004b,Drive,Loading,pitch.0,333716,-1.6234,5.7553,53.9594,40.2756,26.5684,4.9963,-0.0523,0.0792
1779816504863,1,12.00000015,Lower Delivery,Loading,pitch.0,333445,-0.3369,-0.733,0.8675,-0.0774,0.0009,0.0984,0.0,0.0
1779816504863,1,12.00000018,Upper Delivery,Loading,pitch.0,333999,1.0694,0.7312,0.3683,0.7747,-0.301,1.5471,0.0,0.0
1779816504863,1,Pitching Mound.Delivery,,Loading,pitch.0,333208,0.7311,-0.0066,1.1387,0.8399,-0.295,2.1126,0.0,0.0
1779816504863,1,Pitching Mound.Drive,,Loading,pitch.0,333716,-1.6234,5.7553,53.9594,40.2756,26.5684,4.9963,-0.0523,0.0792
1779816504863,1,Pitching Mound.Parent,,Loading,pitch.0,332916,-0.8924,5.7487,55.0981,41.1155,26.2733,7.1089,-0.0512,0.0801
1779816504864,1,11.0000004b,Drive,Loading,pitch.0,333717,-1.63,5.7455,53.9639,40.2719,26.4633,5.0051,-0.0521,0.0792
1779816504864,1,11.0000004b,Drive,Loading,pitch.0,333718,-1.6224,5.7424,54.0668,40.2583,26.3076,5.0287,-0.0517,0.079
1779816504864,1,12.00000015,Lower Delivery,Loading,pitch.0,333446,-0.3066,-0.7373,0.8563,-0.0873,-0.0029,0.0786,0.0,0.0
1779816504864,1,12.00000018,Upper Delivery,Loading,pitch.0,334000,1.068,0.7199,0.385,0.6798,-0.3878,1.5713,0.0,0.0
1779816504864,1,Pitching Mound.Delivery,,Loading,pitch.0,333209,0.7311,-0.0131,1.2526,0.7665,-0.3869,2.1474,0.0,0.0
1779816504864,1,Pitching Mound.Drive,,Loading,pitch.0,333717,-1.63,5.7455,53.9639,40.2719,26.4633,5.0051,-0.0521,0.0792
1779816504864,1,Pitching Mound.Drive,,Loading,pitch.0,333718,-1.6224,5.7424,54.0668,40.2583,26.3076,5.0287,-0.0517,0.079
1779816504864,1,Pitching Mound.Parent,,Loading,pitch.0,332917,-0.8989,5.7324,55.2165,41.0384,26.0764,7.1524,-0.0509,0.0804
1779816504865,1,12.00000015,Lower Delivery,Loading,pitch.0,333447,-0.3121,-0.7474,0.8493,-0.0755,-0.0058,0.1257,0.0,0.0
1779816504865,1,12.00000018,Upper Delivery,Loading,pitch.0,334001,1.0403,0.6976,0.3997,0.3747,-0.2632,1.5924,0.0,0.0
1779816504865,1,12.00000018,Upper Delivery,Loading,pitch.0,334002,1.0559,0.709,0.3866,0.3349,-0.3258,1.5765,0.0,0.0
1779816504865,1,Pitching Mound.Delivery,,Loading,pitch.0,333210,0.7338,-0.0397,1.2561,0.4426,-0.2661,2.1289,0.0,0.0
1779816504865,1,Pitching Mound.Delivery,,Loading,pitch.0,333211,0.7438,-0.0384,1.2359,0.4167,-0.3316,2.1673,0.0,0.0
1779816504865,1,Pitching Mound.Parent,,Loading,pitch.0,332918,-0.8886,5.7027,55.3228,40.7008,26.0415,7.1576,-0.0505,0.0801
1779816504866,1,11.0000004b,Drive,Loading,pitch.0,333719,-1.6283,5.7344,54.0606,40.2438,26.2821,5.0271,-0.0516,0.079
1779816504866,1,12.00000015,Lower Delivery,Loading,pitch.0,333448,-0.2978,-0.7427,0.8958,-0.0628,-0.0146,0.1476,0.0,0.0
1779816504866,1,Pitching Mound.Drive,,Loading,pitch.0,333719,-1.6283,5.7344,54.0606,40.2438,26.2821,5.0271,-0.0516,0.079
1779816504866,1,Pitching Mound.Parent,,Loading,pitch.0,332919,-0.8845,5.696,55.2965,40.6605,25.9505,7.1944,-0.0505,0.0801
1779816504867,1,11.0000004b,Drive,Loading,pitch.0,333720,-1.6258,5.7374,54.0401,40.1274,26.3765,5.0159,-0.0518,0.0788
1779816504867,1,11.0000004b,Drive,Loading,pitch.0,333721,-1.6307,5.7389,54.0597,40.0868,26.4882,5.0445,-0.052,0.0787
1779816504867,1,12.00000015,Lower Delivery,Loading,pitch.0,333449,-0.285,-0.7497,0.875,-0.0718,-0.0119,0.0881,0.0,0.0
1779816504867,1,12.00000018,Upper Delivery,Loading,pitch.0,334003,1.0445,0.6813,0.3836,0.0938,-0.4863,1.5375,0.0,0.0
1779816504867,1,12.00000018,Upper Delivery,Loading,pitch.0,334004,1.0671,0.7093,0.3295,0.0999,-0.7028,1.5741,0.0,0.0
1779816504867,1,Pitching Mound.Delivery,,Loading,pitch.0,333212,0.7467,-0.0614,1.2794,0.2051,-0.5009,2.1414,0.0,0.0
1779816504867,1,Pitching Mound.Delivery,,Loading,pitch.0,333213,0.782,-0.0404,1.2045,0.2135,-0.7147,2.122,0.0,0.0
1779816504867,1,Pitching Mound.Drive,,Loading,pitch.0,333720,-1.6258,5.7374,54.0401,40.1274,26.3765,5.0159,-0.0518,0.0788
1779816504867,1,Pitching Mound.Drive,,Loading,pitch.0,333721,-1.6307,5.7389,54.0597,40.0868,26.4882,5.0445,-0.052,0.0787
1779816504867,1,Pitching Mound.Parent,,Loading,pitch.0,332920,-0.879,5.676,55.3196,40.3326,25.8757,7.1573,-0.0506,0.0802
1779816504867,1,Pitching Mound.Parent,,Loading,pitch.0,332921,-0.8487,5.6985,55.2642,40.3003,25.7735,7.1664,-0.0509,0.0804
1779816504868,1,11.0000004b,Drive,Loading,pitch.0,333722,-1.6435,5.7378,53.9782,39.9931,26.472,5.0372,-0.0521,0.0787
1779816504868,1,12.00000015,Lower Delivery,Loading,pitch.0,333450,-0.2687,-0.7474,0.8946,-0.0642,-0.0135,0.0514,0.0,0.0
1779816504868,1,12.00000018,Upper Delivery,Loading,pitch.0,334005,1.0834,0.7262,0.32,0.3212,-0.7774,1.5787,0.0,0.0
1779816504868,1,Pitching Mound.Delivery,,Loading,pitch.0,333214,0.8147,-0.0213,1.2145,0.4524,-0.7909,2.0898,0.0,0.0
1779816504868,1,Pitching Mound.Drive,,Loading,pitch.0,333722,-1.6435,5.7378,53.9782,39.9931,26.472,5.0372,-0.0521,0.0787
1779816504868,1,Pitching Mound.Parent,,Loading,pitch.0,332922,-0.8289,5.7166,55.1927,40.4455,25.681,7.127,-0.0509,0.0805
1779816504869,1,11.0000004b,Drive,Loading,pitch.0,333723,-1.6423,5.7321,54.0057,40.0031,26.5168,5.0837,-0.0521,0.0786
1779816504869,1,12.00000015,Lower Delivery,Loading,pitch.0,333451,-0.2737,-0.7493,0.9036,-0.0633,-0.0115,0.0259,0.0,0.0
1779816504869,1,12.00000018,Upper Delivery,Loading,pitch.0,334006,1.0646,0.7068,0.2733,0.2968,-1.1193,1.5949,0.0,0.0
1779816504869,1,Pitching Mound.Delivery,,Loading,pitch.0,333215,0.7909,-0.0425,1.1769,0.4478,-1.1307,2.0758,0.0,0.0
1779816504869,1,Pitching Mound.Drive,,Loading,pitch.0,333723,-1.6423,5.7321,54.0057,40.0031,26.5168,5.0837,-0.0521,0.0786
1779816504869,1,Pitching Mound.Parent,,Loading,pitch.0,332923,-0.8514,5.6896,55.1826,40.4509,25.3861,7.1596,-0.051,0.0808
1779816504870,1,11.0000004b,Drive,Loading,pitch.0,333724,-1.6523,5.728,54.0326,40.0081,26.5493,5.0771,-0.0522,0.0786
1779816504870,1,12.00000015,Lower Delivery,Loading,pitch.0,333452,-0.2608,-0.751,0.9264,-0.0664,-0.0121,0.0261,0.0,0.0
1779816504870,1,12.00000018,Upper Delivery,Loading,pitch.0,334007,1.0929,0.7138,0.2217,0.624,-1.5335,1.642,0.0,0.0
1779816504870,1,Pitching Mound.Delivery,,Loading,pitch.0,333216,0.8321,-0.0372,1.1481,0.7973,-1.5455,2.1284,0.0,0.0
1779816504870,1,Pitching Mound.Drive,,Loading,pitch.0,333724,-1.6523,5.728,54.0326,40.0081,26.5493,5.0771,-0.0522,0.0786
1779816504870,1,Pitching Mound.Parent,,Loading,pitch.0,332924,-0.8202,5.6908,55.1807,40.8053,25.0037,7.2055,-0.0511,0.0813
1779816504871,1,11.0000004b,Drive,Loading,pitch.0,333725,-1.6712,5.7269,54.0803,39.9932,26.4344,5.1044,-0.0519,0.0785
1779816504871,1,12.00000015,Lower Delivery,Loading,pitch.0,333453,-0.2561,-0.759,0.9117,-0.0567,-0.0031,0.0659,0.0,0.0
1779816504871,1,12.00000018,Upper Delivery,Loading,pitch.0,334008,1.1176,0.7393,0.2103,0.5589,-1.5587,1.6685,0.0,0.0
1779816504871,1,Pitching Mound.Delivery,,Loading,pitch.0,333217,0.8615,-0.0197,1.122,0.7407,-1.5618,2.2014,0.0,0.0
1779816504871,1,Pitching Mound.Drive,,Loading,pitch.0,333725,-1.6712,5.7269,54.0803,39.9932,26.4344,5.1044,-0.0519,0.0785
1779816504871,1,Pitching Mound.Parent,,Loading,pitch.0,332925,-0.8097,5.7072,55.2023,40.7339,24.8726,7.3058,-0.0508,0.0812
1779816504872,1,11.0000004b,Drive,Loading,pitch.0,333726,-1.6722,5.7152,54.0082,39.956,26.4737,5.114,-0.052,0.0785
1779816504872,1,12.00000015,Lower Delivery,Loading,pitch.0,333454,-0.2644,-0.7554,0.7862,-0.04,0.0071,0.1089,0.0,0.0
1779816504872,1,12.00000018,Upper Delivery,Loading,pitch.0,334009,1.1721,0.8087,0.1162,0.7061,-1.518,1.6694,0.0,0.0
1779816504872,1,Pitching Mound.Delivery,,Loading,pitch.0,333218,0.9077,0.0533,0.9024,0.8939,-1.5109,2.2667,0.0,0.0
1779816504872,1,Pitching Mound.Drive,,Loading,pitch.0,333726,-1.6722,5.7152,54.0082,39.956,26.4737,5.114,-0.052,0.0785
1779816504872,1,Pitching Mound.Parent,,Loading,pitch.0,332926,-0.7644,5.7685,54.9106,40.8499,24.9629,7.3806,-0.0512,0.0814
1779816504873,1,11.0000004b,Drive,Loading,pitch.0,333727,-1.675,5.713,54.0605,39.9569,26.3484,5.1056,-0.0517,0.0785
1779816504873,1,12.00000015,Lower Delivery,Loading,pitch.0,333455,-0.2734,-0.7628,0.806,-0.0416,0.0212,0.0242,0.0,0.0
1779816504873,1,12.00000018,Upper Delivery,Loading,pitch.0,334010,1.1484,0.7924,0.1537,0.6769,-1.5359,1.6648,0.0,0.0
1779816504873,1,Pitching Mound.Delivery,,Loading,pitch.0,333219,0.875,0.0296,0.9597,0.857,-1.5147,2.1723,0.0,0.0
1779816504873,1,Pitching Mound.Drive,,Loading,pitch.0,333727,-1.675,5.713,54.0605,39.9569,26.3484,5.1056,-0.0517,0.0785
1779816504873,1,Pitching Mound.Parent,,Loading,pitch.0,332927,-0.8,5.7426,55.0202,40.8139,24.8337,7.2779,-0.0508,0.0811
1779816504874,1,12.00000015,Lower Delivery,Loading,pitch.0,333456,-0.2664,-0.7854,0.8328,-0.0459,0.0262,0.0162,0.0,0.0
1779816504874,1,12.00000018,Upper Delivery,Loading,pitch.0,334011,1.1411,0.7888,0.169,0.766,-1.3922,1.6838,0.0,0.0
1779816504874,1,Pitching Mound.Delivery,,Loading,pitch.0,333220,0.8747,0.0033,1.0017,0.9457,-1.366,2.1786,0.0,0.0
1779816504875,1,11.0000004b,Drive,Loading,pitch.0,333728,-1.6646,5.7329,54.0709,40.0418,26.3555,5.1107,-0.0517,0.0786
1779816504875,1,12.00000015,Lower Delivery,Loading,pitch.0,333457,-0.2757,-0.7716,0.8524,-0.0438,0.0224,0.0049,0.0,0.0
1779816504875,1,12.00000018,Upper Delivery,Loading,pitch.0,334012,1.138,0.7949,0.1544,0.7597,-1.4231,1.6733,0.0,0.0
1779816504875,1,Pitching Mound.Delivery,,Loading,pitch.0,333221,0.8622,0.0233,1.0068,0.9532,-1.4007,2.1588,0.0,0.0
1779816504875,1,Pitching Mound.Drive,,Loading,pitch.0,333728,-1.6646,5.7329,54.0709,40.0418,26.3555,5.1107,-0.0517,0.0786
1779816504875,1,Pitching Mound.Parent,,Loading,pitch.0,332928,-0.7899,5.7362,55.0726,40.9875,24.9895,7.2893,-0.0508,0.0813
1779816504876,1,11.0000004b,Drive,Loading,pitch.0,333729,-1.6865,5.7405,54.0551,40.1455,26.3438,5.0823,-0.0517,0.0788
1779816504876,1,11.0000004b,Drive,Loading,pitch.0,333730,-1.6761,5.7382,53.9978,40.1424,26.4402,5.0959,-0.052,0.0789
1779816504876,1,12.00000015,Lower Delivery,Loading,pitch.0,333458,-0.2846,-0.7444,0.8472,-0.0367,0.0262,0.0012,0.0,0.0
1779816504876,1,12.00000018,Upper Delivery,Loading,pitch.0,334013,1.1097,0.7733,0.2006,0.6484,-1.3316,1.7119,0.0,0.0
1779816504876,1,Pitching Mound.Delivery,,Loading,pitch.0,333222,0.8251,0.0289,1.0478,0.8315,-1.3054,2.1872,0.0,0.0
1779816504876,1,Pitching Mound.Drive,,Loading,pitch.0,333729,-1.6865,5.7405,54.0551,40.1455,26.3438,5.0823,-0.0517,0.0788
1779816504876,1,Pitching Mound.Drive,,Loading,pitch.0,333730,-1.6761,5.7382,53.9978,40.1424,26.4402,5.0959,-0.052,0.0789
1779816504876,1,Pitching Mound.Parent,,Loading,pitch.0,332929,-0.8243,5.7638,55.0618,41.0988,24.9431,7.2411,-0.0508,0.0817
1779816504876,1,Pitching Mound.Parent,,Loading,pitch.0,332930,-0.851,5.7671,55.0457,40.974,25.1348,7.2831,-0.051,0.0814
1779816504877,1,12.00000015,Lower Delivery,Loading,pitch.0,333459,-0.2704,-0.7571,0.8643,-0.0506,0.0275,0.0035,0.0,0.0
1779816504877,1,12.00000018,Upper Delivery,Loading,pitch.0,334014,1.1007,0.7578,0.283,0.7748,-1.2045,1.7165,0.0,0.0
1779816504877,1,Pitching Mound.Delivery,,Loading,pitch.0,333223,0.8303,0.0007,1.1473,0.9218,-1.1769,2.1862,0.0,0.0
1779816504878,1,11.0000004b,Drive,Loading,pitch.0,333731,-1.6667,5.736,53.9572,40.1846,26.5304,5.1065,-0.0522,0.0791
1779816504878,1,12.00000015,Lower Delivery,Loading,pitch.0,333460,-0.2886,-0.7722,0.8402,-0.0557,0.0253,0.0003,0.0,0.0
1779816504878,1,12.00000018,Upper Delivery,Loading,pitch.0,334015,1.0764,0.7395,0.3053,0.7487,-0.9197,1.7221,0.0,0.0
1779816504878,1,Pitching Mound.Delivery,,Loading,pitch.0,333224,0.7878,-0.0327,1.1454,0.8748,-0.8945,2.1865,0.0,0.0
1779816504878,1,Pitching Mound.Drive,,Loading,pitch.0,333731,-1.6667,5.736,53.9572,40.1846,26.5304,5.1065,-0.0522,0.0791
1779816504878,1,Pitching Mound.Parent,,Loading,pitch.0,332931,-0.8364,5.7367,55.1046,41.1064,25.3535,7.2928,-0.0511,0.081
1779816504879,1,11.0000004b,Drive,Loading,pitch.0,333732,-1.671,5.7362,54.0782,40.2841,26.5376,5.0769,-0.0521,0.0791
1779816504879,1,12.00000015,Lower Delivery,Loading,pitch.0,333461,-0.2974,-0.7708,0.8068,-0.062,0.0175,0.0045,0.0,0.0
1779816504879,1,12.00000018,Upper Delivery,Loading,pitch.0,334016,1.0639,0.7143,0.3598,0.6171,-1.1252,1.6661,0.0,0.0
1779816504879,1,Pitching Mound.Delivery,,Loading,pitch.0,333225,0.7665,-0.0566,1.1667,0.707,-1.1077,2.1334,0.0,0.0
1779816504879,1,Pitching Mound.Drive,,Loading,pitch.0,333732,-1.671,5.7362,54.0782,40.2841,26.5376,5.0769,-0.0521,0.0791
1779816504879,1,Pitching Mound.Parent,,Loading,pitch.0,332932,-0.8832,5.7035,55.2236,41.1589,25.6432,7.2634,-0.051,0.0807
1779816504880,1,11.0000004b,Drive,Loading,pitch.0,333734,-1.6589,5.7303,54.1696,40.4238,26.2877,5.0479,-0.0515,0.0792
1779816504880,1,11.0000004b,Drive,Loading,pitch.0,333733,-1.6749,5.7503,54.1684,40.472,26.4005,5.0462,-0.0517,0.0793
1779816504880,1,12.00000015,Lower Delivery,Loading,pitch.0,333462,-0.2889,-0.7612,0.8084,-0.0666,0.0091,0.0277,0.0,0.0
1779816504880,1,12.00000018,Upper Delivery,Loading,pitch.0,334017,1.0705,0.7158,0.4279,0.9154,-1.165,1.7112,0.0,0.0
1779816504880,1,Pitching Mound.Delivery,,Loading,pitch.0,333226,0.7816,-0.0453,1.2363,0.9782,-1.1559,2.2011,0.0,0.0
1779816504880,1,Pitching Mound.Drive,,Loading,pitch.0,333734,-1.6589,5.7303,54.1696,40.4238,26.2877,5.0479,-0.0515,0.0792
1779816504880,1,Pitching Mound.Drive,,Loading,pitch.0,333733,-1.6749,5.7503,54.1684,40.472,26.4005,5.0462,-0.0517,0.0793
1779816504880,1,Pitching Mound.Parent,,Loading,pitch.0,332933,-0.9084,5.6937,55.335,41.179,25.2928,7.1796,-0.0507,0.0804
1779816504880,1,Pitching Mound.Parent,,Loading,pitch.0,332934,-0.8773,5.685,55.4059,41.4021,25.1318,7.249,-0.0504,0.0798
1779816504881,1,12.00000015,Lower Delivery,Loading,pitch.0,333463,-0.3062,-0.7546,0.8002,-0.0695,0.0047,0.075,0.0,0.0
1779816504881,1,12.00000018,Upper Delivery,Loading,pitch.0,334018,1.0631,0.7151,0.4226,0.8731,-1.0665,1.6703,0.0,0.0
1779816504881,1,Pitching Mound.Delivery,,Loading,pitch.0,333227,0.7569,-0.0396,1.2228,0.932,-1.0618,2.2108,0.0,0.0
1779816504882,1,11.0000004b,Drive,Loading,pitch.0,333735,-1.6813,5.7271,54.1739,40.3348,26.1907,5.0095,-0.0513,0.079
1779816504882,1,11.0000004b,Drive,Loading,pitch.0,333736,-1.6703,5.7213,54.1546,40.2517,26.2739,5.0059,-0.0515,0.0789
1779816504882,1,12.00000015,Lower Delivery,Loading,pitch.0,333464,-0.3088,-0.7436,0.7764,-0.074,-0.0005,0.043,0.0,0.0
1779816504882,1,12.00000018,Upper Delivery,Loading,pitch.0,334019,1.0546,0.6884,0.5358,0.813,-1.2842,1.6663,0.0,0.0
1779816504882,1,Pitching Mound.Delivery,,Loading,pitch.0,333228,0.7458,-0.0553,1.3122,0.8209,-1.2847,2.1729,0.0,0.0
1779816504882,1,Pitching Mound.Drive,,Loading,pitch.0,333735,-1.6813,5.7271,54.1739,40.3348,26.1907,5.0095,-0.0513,0.079
1779816504882,1,Pitching Mound.Drive,,Loading,pitch.0,333736,-1.6703,5.7213,54.1546,40.2517,26.2739,5.0059,-0.0515,0.0789
1779816504882,1,Pitching Mound.Parent,,Loading,pitch.0,332935,-0.9243,5.6876,55.3967,41.2668,25.1289,7.2203,-0.0502,0.0796
1779816504882,1,Pitching Mound.Parent,,Loading,pitch.0,332936,-0.9246,5.6661,55.4668,41.0726,24.9892,7.1788,-0.0503,0.0785
1779816504883,1,11.0000004b,Drive,Loading,pitch.0,333737,-1.6683,5.7331,54.1399,40.2447,26.2841,4.9849,-0.0515,0.0789
1779816504883,1,12.00000015,Lower Delivery,Loading,pitch.0,333465,-0.3167,-0.7421,0.7553,-0.0732,0.0053,0.0445,0.0,0.0
1779816504883,1,12.00000018,Upper Delivery,Loading,pitch.0,334020,1.0673,0.6861,0.521,1.1605,-1.0999,1.6138,0.0,0.0
1779816504883,1,Pitching Mound.Delivery,,Loading,pitch.0,333229,0.7506,-0.056,1.2762,1.1669,-1.0945,2.1289,0.0,0.0
1779816504883,1,Pitching Mound.Drive,,Loading,pitch.0,333737,-1.6683,5.7331,54.1399,40.2447,26.2841,4.9849,-0.0515,0.0789
1779816504883,1,Pitching Mound.Parent,,Loading,pitch.0,332937,-0.9177,5.6772,55.4161,41.4116,25.1896,7.1138,-0.0504,0.0785
1779816504884,1,12.00000015,Lower Delivery,Loading,pitch.0,333466,-0.3112,-0.7506,0.7669,-0.0664,0.0022,0.0905,0.0,0.0
1779816504884,1,12.00000018,Upper Delivery,Loading,pitch.0,334021,1.081,0.7101,0.5023,1.1497,-1.0302,1.573,0.0,0.0
1779816504884,1,Pitching Mound.Delivery,,Loading,pitch.0,333230,0.7698,-0.0405,1.2692,1.1733,-1.028,2.1369,0.0,0.0
1779816504885,1,11.0000004b,Drive,Loading,pitch.0,333738,-1.6822,5.7366,54.1035,40.2088,26.3671,4.9708,-0.0517,0.0789
1779816504885,1,11.0000004b,Drive,Loading,pitch.0,333739,-1.6854,5.7222,54.1982,40.1967,26.1526,4.9746,-0.0512,0.0787
1779816504885,1,12.00000015,Lower Delivery,Loading,pitch.0,333467,-0.3067,-0.7488,0.7535,-0.0628,0.0002,0.0985,0.0,0.0
1779816504885,1,12.00000018,Upper Delivery,Loading,pitch.0,334022,1.1014,0.7295,0.5241,1.1713,-0.9262,1.5376,0.0,0.0
1779816504885,1,Pitching Mound.Delivery,,Loading,pitch.0,333231,0.7947,-0.0193,1.2776,1.1865,-0.926,2.1149,0.0,0.0
1779816504885,1,Pitching Mound.Drive,,Loading,pitch.0,333738,-1.6822,5.7366,54.1035,40.2088,26.3671,4.9708,-0.0517,0.0789
1779816504885,1,Pitching Mound.Drive,,Loading,pitch.0,333739,-1.6854,5.7222,54.1982,40.1967,26.1526,4.9746,-0.0512,0.0787
1779816504885,1,Pitching Mound.Parent,,Loading,pitch.0,332938,-0.9124,5.6961,55.3728,41.3821,25.3392,7.1077,-0.0506,0.0787
1779816504885,1,Pitching Mound.Parent,,Loading,pitch.0,332939,-0.8907,5.7029,55.4758,41.3832,25.2265,7.0895,-0.05,0.0783
1779816504886,1,11.0000004b,Drive,Loading,pitch.0,333740,-1.695,5.7134,54.1645,40.0473,26.3636,4.9662,-0.0517,0.0785
1779816504886,1,12.00000015,Lower Delivery,Loading,pitch.0,333468,-0.3081,-0.7606,0.7073,-0.0684,-0.0016,0.1278,0.0,0.0
1779816504886,1,12.00000018,Upper Delivery,Loading,pitch.0,334023,1.1178,0.7516,0.4778,1.2781,-0.7286,1.5003,0.0,0.0
1779816504886,1,Pitching Mound.Delivery,,Loading,pitch.0,333232,0.8096,-0.009,1.185,1.2877,-0.7302,2.113,0.0,0.0
1779816504886,1,Pitching Mound.Drive,,Loading,pitch.0,333740,-1.695,5.7134,54.1645,40.0473,26.3636,4.9662,-0.0517,0.0785
1779816504886,1,Pitching Mound.Parent,,Loading,pitch.0,332940,-0.8854,5.7044,55.3495,41.335,25.6334,7.0792,-0.0506,0.0782
1779816504887,1,11.0000004b,Drive,Loading,pitch.0,333741,-1.703,5.7179,54.2345,40.0369,26.2288,4.9577,-0.0513,0.0784
1779816504887,1,12.00000015,Lower Delivery,Loading,pitch.0,333469,-0.298,-0.759,0.6773,-0.0575,0.0009,0.1706,0.0,0.0
1779816504887,1,12.00000018,Upper Delivery,Loading,pitch.0,334024,1.1407,0.7634,0.4759,1.2308,-0.6433,1.4924,0.0,0.0
1779816504887,1,Pitching Mound.Delivery,,Loading,pitch.0,333233,0.8427,0.0043,1.1532,1.2418,-0.6424,2.1522,0.0,0.0
1779816504887,1,Pitching Mound.Drive,,Loading,pitch.0,333741,-1.703,5.7179,54.2345,40.0369,26.2288,4.9577,-0.0513,0.0784
1779816504887,1,Pitching Mound.Parent,,Loading,pitch.0,332941,-0.8603,5.7222,55.3877,41.2787,25.5864,7.1098,-0.0503,0.078
1779816504888,1,11.0000004b,Drive,Loading,pitch.0,333742,-1.7033,5.7126,54.1726,40.0148,26.1861,4.9325,-0.0513,0.0784
1779816504888,1,12.00000015,Lower Delivery,Loading,pitch.0,333470,-0.2924,-0.7414,0.7433,-0.0586,0.0056,0.1011,0.0,0.0
1779816504888,1,12.00000018,Upper Delivery,Loading,pitch.0,334025,1.1722,0.8052,0.3606,1.347,-0.6731,1.505,0.0,0.0
1779816504888,1,Pitching Mound.Delivery,,Loading,pitch.0,333234,0.8798,0.0638,1.1039,1.4186,-0.6675,2.104,0.0,0.0
1779816504888,1,Pitching Mound.Drive,,Loading,pitch.0,333742,-1.7033,5.7126,54.1726,40.0148,26.1861,4.9325,-0.0513,0.0784
1779816504888,1,Pitching Mound.Parent,,Loading,pitch.0,332942,-0.8235,5.7764,55.2765,41.4334,25.5186,7.0365,-0.0503,0.0792
1779816504889,1,11.0000004b,Drive,Loading,pitch.0,333743,-1.7011,5.709,54.0816,39.9395,26.2033,4.9278,-0.0514,0.0784
1779816504889,1,12.00000015,Lower Delivery,Loading,pitch.0,333471,-0.2928,-0.7428,0.6807,-0.0584,0.0112,0.0493,0.0,0.0
1779816504889,1,12.00000018,Upper Delivery,Loading,pitch.0,334026,1.186,0.8152,0.3529,1.2687,-0.6393,1.4685,0.0,0.0
1779816504889,1,Pitching Mound.Delivery,,Loading,pitch.0,333235,0.8932,0.0724,1.0336,1.3217,-0.6282,2.0206,0.0,0.0
1779816504889,1,Pitching Mound.Drive,,Loading,pitch.0,333743,-1.7011,5.709,54.0816,39.9395,26.2033,4.9278,-0.0514,0.0784
1779816504889,1,Pitching Mound.Parent,,Loading,pitch.0,332943,-0.8079,5.7815,55.1152,41.2613,25.5752,6.9484,-0.0505,0.079
1779816504890,1,11.0000004b,Drive,Loading,pitch.0,333744,-1.7117,5.7052,54.0771,39.8132,26.2909,4.9083,-0.0516,0.0782
1779816504890,1,12.00000015,Lower Delivery,Loading,pitch.0,333472,-0.2755,-0.7422,0.7231,-0.0634,0.0037,0.0762,0.0,0.0
1779816504890,1,12.00000018,Upper Delivery,Loading,pitch.0,334027,1.2031,0.8738,0.3657,1.3021,-0.3765,1.4224,0.0,0.0
1779816504890,1,Pitching Mound.Delivery,,Loading,pitch.0,333236,0.9276,0.1316,1.0888,1.3602,-0.3728,2.0014,0.0,0.0
1779816504890,1,Pitching Mound.Drive,,Loading,pitch.0,333744,-1.7117,5.7052,54.0771,39.8132,26.2909,4.9083,-0.0516,0.0782
1779816504890,1,Pitching Mound.Parent,,Loading,pitch.0,332944,-0.7841,5.8368,55.1659,41.1734,25.9181,6.9097,-0.0506,0.0788
1779816504891,1,11.0000004b,Drive,Loading,pitch.0,333745,-1.7103,5.6909,54.0245,39.7939,26.3372,4.9144,-0.0518,0.0782
1779816504891,1,12.00000015,Lower Delivery,Loading,pitch.0,333473,-0.2936,-0.7399,0.6815,-0.0663,0.0036,0.0311,0.0,0.0
1779816504891,1,12.00000018,Upper Delivery,Loading,pitch.0,334028,1.2182,0.8841,0.3887,1.1943,-0.3495,1.4306,0.0,0.0
1779816504891,1,Pitching Mound.Delivery,,Loading,pitch.0,333237,0.9246,0.1443,1.0703,1.2275,-0.3458,1.9757,0.0,0.0
1779816504891,1,Pitching Mound.Drive,,Loading,pitch.0,333745,-1.7103,5.6909,54.0245,39.7939,26.3372,4.9144,-0.0518,0.0782
1779816504891,1,Pitching Mound.Parent,,Loading,pitch.0,332945,-0.7858,5.8352,55.0948,41.0215,25.9913,6.8902,-0.0507,0.0785
1779816504892,1,11.0000004b,Drive,Loading,pitch.0,333746,-1.7193,5.7002,53.9936,39.8227,26.5721,4.9313,-0.0522,0.0783
1779816504892,1,12.00000015,Lower Delivery,Loading,pitch.0,333474,-0.2759,-0.7274,0.7152,-0.0713,0.0029,0.0211,0.0,0.0
1779816504892,1,12.00000018,Upper Delivery,Loading,pitch.0,334029,1.2184,0.8875,0.3419,1.012,-0.3598,1.4643,0.0,0.0
1779816504892,1,Pitching Mound.Delivery,,Loading,pitch.0,333238,0.9425,0.1601,1.0571,1.0676,-0.3569,1.9935,0.0,0.0
1779816504892,1,Pitching Mound.Drive,,Loading,pitch.0,333746,-1.7193,5.7002,53.9936,39.8227,26.5721,4.9313,-0.0522,0.0783
1779816504892,1,Pitching Mound.Parent,,Loading,pitch.0,332946,-0.7767,5.8603,55.0507,40.8903,26.2153,6.9248,-0.0512,0.0791
1779816504893,1,11.0000004b,Drive,Loading,pitch.0,333747,-1.7277,5.6947,53.9903,39.9164,26.5913,4.911,-0.0523,0.0785
1779816504893,1,12.00000015,Lower Delivery,Loading,pitch.0,333475,-0.2783,-0.7306,0.6863,-0.0636,0.0019,0.0737,0.0,0.0
1779816504893,1,12.00000018,Upper Delivery,Loading,pitch.0,334030,1.2055,0.8843,0.3394,1.0615,-0.3422,1.4758,0.0,0.0
1779816504893,1,Pitching Mound.Delivery,,Loading,pitch.0,333239,0.9272,0.1538,1.0257,1.1158,-0.3403,2.054,0.0,0.0
1779816504893,1,Pitching Mound.Drive,,Loading,pitch.0,333747,-1.7277,5.6947,53.9903,39.9164,26.5913,4.911,-0.0523,0.0785
1779816504893,1,Pitching Mound.Parent,,Loading,pitch.0,332947,-0.8005,5.8484,55.0159,41.0322,26.251,6.965,-0.0513,0.0792
1779816504894,1,12.00000015,Lower Delivery,Loading,pitch.0,333476,-0.272,-0.7184,0.6934,-0.0766,0.0041,0.0228,0.0,0.0
1779816504894,1,12.00000018,Upper Delivery,Loading,pitch.0,334031,1.1876,0.8755,0.3356,0.9626,-0.323,1.504,0.0,0.0
1779816504894,1,Pitching Mound.Delivery,,Loading,pitch.0,333240,0.9155,0.1571,1.029,1.0077,-0.3189,2.0231,0.0,0.0
1779816504895,1,11.0000004b,Drive,Loading,pitch.0,333748,-1.7218,5.6966,53.9182,39.8465,26.502,4.9226,-0.0522,0.0785
1779816504895,1,12.00000015,Lower Delivery,Loading,pitch.0,333477,-0.2655,-0.7013,0.6666,-0.0752,-0.0018,0.0085,0.0,0.0
1779816504895,1,12.00000018,Upper Delivery,Loading,pitch.0,334032,1.1797,0.8719,0.342,0.9967,-0.3911,1.5516,0.0,0.0
1779816504895,1,Pitching Mound.Delivery,,Loading,pitch.0,333241,0.9142,0.1705,1.0086,1.0319,-0.3929,2.0514,0.0,0.0
1779816504895,1,Pitching Mound.Drive,,Loading,pitch.0,333748,-1.7218,5.6966,53.9182,39.8465,26.502,4.9226,-0.0522,0.0785
1779816504895,1,Pitching Mound.Parent,,Loading,pitch.0,332948,-0.8062,5.8537,54.9473,40.8541,26.1831,6.9457,-0.0512,0.0792
1779816504896,1,11.0000004b,Drive,Loading,pitch.0,333749,-1.7254,5.6973,53.8374,39.744,26.5684,4.9109,-0.0524,0.0784
1779816504896,1,12.00000015,Lower Delivery,Loading,pitch.0,333478,-0.2581,-0.698,0.6678,-0.0694,-0.0101,-0.0023,0.0,0.0
1779816504896,1,12.00000018,Upper Delivery,Loading,pitch.0,334033,1.1858,0.8774,0.3075,1.1007,-0.5306,1.6094,0.0,0.0
1779816504896,1,Pitching Mound.Delivery,,Loading,pitch.0,333242,0.9277,0.1793,0.9754,1.1538,-0.5407,2.098,0.0,0.0
1779816504896,1,Pitching Mound.Drive,,Loading,pitch.0,333749,-1.7254,5.6973,53.8374,39.744,26.5684,4.9109,-0.0524,0.0784
1779816504896,1,Pitching Mound.Parent,,Loading,pitch.0,332949,-0.8112,5.8679,54.846,40.7759,26.1755,6.9623,-0.0514,0.0789
1779816504897,1,11.0000004b,Drive,Loading,pitch.0,333750,-1.7333,5.6963,53.7671,39.759,26.4353,4.9192,-0.0522,0.0785
1779816504897,1,12.00000015,Lower Delivery,Loading,pitch.0,333479,-0.2562,-0.6588,0.6586,-0.0776,-0.0096,-0.0144,0.0,0.0
1779816504897,1,12.00000018,Upper Delivery,Loading,pitch.0,334034,1.1829,0.8842,0.3076,1.1352,-0.7042,1.6627,0.0,0.0
1779816504897,1,Pitching Mound.Delivery,,Loading,pitch.0,333243,0.9267,0.2254,0.9662,1.177,-0.7138,2.1376,0.0,0.0
1779816504897,1,Pitching Mound.Drive,,Loading,pitch.0,333750,-1.7333,5.6963,53.7671,39.759,26.4353,4.9192,-0.0522,0.0785
1779816504897,1,Pitching Mound.Parent,,Loading,pitch.0,332950,-0.8055,5.8757,54.7425,40.9128,25.8946,7.0173,-0.0513,0.0793
1779816504898,1,11.0000004b,Drive,Loading,pitch.0,333751,-1.7418,5.685,53.7785,39.7136,26.3399,4.9314,-0.052,0.0784
1779816504898,1,12.00000015,Lower Delivery,Loading,pitch.0,333480,-0.2613,-0.6642,0.7006,-0.0854,-0.0196,-0.0192,0.0,0.0
1779816504898,1,12.00000018,Upper Delivery,Loading,pitch.0,334035,1.1794,0.8808,0.2899,1.1169,-0.463,1.6428,0.0,0.0
1779816504898,1,Pitching Mound.Delivery,,Loading,pitch.0,333244,0.9181,0.2166,0.9906,1.1711,-0.4826,2.1134,0.0,0.0
1779816504898,1,Pitching Mound.Drive,,Loading,pitch.0,333751,-1.7418,5.685,53.7785,39.7136,26.3399,4.9314,-0.052,0.0784
1779816504898,1,Pitching Mound.Parent,,Loading,pitch.0,332951,-0.8151,5.9103,54.7448,40.8906,25.6262,7.069,-0.0511,0.0792
1779816504899,1,11.0000004b,Drive,Loading,pitch.0,333753,-1.7548,5.697,53.7878,39.6755,26.225,4.9747,-0.0518,0.0783
1779816504899,1,11.0000004b,Drive,Loading,pitch.0,333752,-1.7419,5.6889,53.8053,39.673,26.1579,4.9225,-0.0516,0.0783
1779816504899,1,12.00000015,Lower Delivery,Loading,pitch.0,333481,-0.2651,-0.687,0.7224,-0.0842,-0.0179,-0.0184,0.0,0.0
1779816504899,1,12.00000018,Upper Delivery,Loading,pitch.0,334036,1.1457,0.8302,0.3586,1.0124,-1.0251,1.636,0.0,0.0
1779816504899,1,Pitching Mound.Delivery,,Loading,pitch.0,333245,0.8806,0.1432,1.081,1.0519,-1.043,2.0973,0.0,0.0
1779816504899,1,Pitching Mound.Drive,,Loading,pitch.0,333753,-1.7548,5.697,53.7878,39.6755,26.225,4.9747,-0.0518,0.0783
1779816504899,1,Pitching Mound.Drive,,Loading,pitch.0,333752,-1.7419,5.6889,53.8053,39.673,26.1579,4.9225,-0.0516,0.0783
1779816504899,1,Pitching Mound.Parent,,Loading,pitch.0,332952,-0.8237,5.9055,54.7958,40.8441,25.6753,7.0359,-0.0507,0.0794
1779816504899,1,Pitching Mound.Parent,,Loading,pitch.0,332953,-0.8741,5.8402,54.8688,40.7274,25.182,7.072,-0.0507,0.079
1779816504900,1,12.00000015,Lower Delivery,Loading,pitch.0,333482,-0.2551,-0.6781,0.7017,-0.0833,-0.0185,-0.0148,0.0,0.0
1779816504900,1,12.00000018,Upper Delivery,Loading,pitch.0,334037,1.157,0.8368,0.3137,0.9462,-0.9383,1.634,0.0,0.0
1779816504900,1,Pitching Mound.Delivery,,Loading,pitch.0,333246,0.902,0.1587,1.0155,0.9948,-0.9568,2.0993,0.0,0.0
1779816504901,1,11.0000004b,Drive,Loading,pitch.0,333754,-1.7709,5.6948,53.8,39.6614,26.1368,4.971,-0.0516,0.0783
1779816504901,1,12.00000015,Lower Delivery,Loading,pitch.0,333483,-0.2546,-0.6719,0.6876,-0.0801,-0.0187,-0.0147,0.0,0.0
1779816504901,1,12.00000018,Upper Delivery,Loading,pitch.0,334038,1.1717,0.8363,0.3033,0.8153,-0.7887,1.626,0.0,0.0
1779816504901,1,Pitching Mound.Delivery,,Loading,pitch.0,333247,0.9171,0.1643,0.991,0.8658,-0.8074,2.0963,0.0,0.0
1779816504901,1,Pitching Mound.Drive,,Loading,pitch.0,333754,-1.7709,5.6948,53.8,39.6614,26.1368,4.971,-0.0516,0.0783
1779816504901,1,Pitching Mound.Parent,,Loading,pitch.0,332954,-0.8689,5.8535,54.8155,40.6563,25.1801,7.0702,-0.0506,0.0792
1779816504902,1,11.0000004b,Drive,Loading,pitch.0,333755,-1.7578,5.694,53.7669,39.6299,26.1766,4.9713,-0.0517,0.0782
1779816504902,1,12.00000015,Lower Delivery,Loading,pitch.0,333484,-0.2768,-0.6703,0.6751,-0.0867,-0.0181,-0.0169,0.0,0.0
1779816504902,1,12.00000018,Upper Delivery,Loading,pitch.0,334039,1.1216,0.7902,0.2731,0.8081,-0.5604,1.6442,0.0,0.0
1779816504902,1,Pitching Mound.Delivery,,Loading,pitch.0,333248,0.8448,0.1199,0.9483,0.858,-0.5785,2.1028,0.0,0.0
1779816504902,1,Pitching Mound.Drive,,Loading,pitch.0,333755,-1.7578,5.694,53.7669,39.6299,26.1766,4.9713,-0.0517,0.0782
1779816504902,1,Pitching Mound.Parent,,Loading,pitch.0,332955,-0.8408,5.8584,54.7579,40.4957,25.3692,7.0676,-0.0508,0.0792
1779816504903,1,11.0000004b,Drive,Loading,pitch.0,333756,-1.745,5.7046,53.8134,39.5689,26.0256,4.96,-0.0513,0.0781
1779816504903,1,12.00000015,Lower Delivery,Loading,pitch.0,333485,-0.2756,-0.6933,0.7021,-0.0843,-0.02,-0.009,0.0,0.0
1779816504903,1,12.00000018,Upper Delivery,Loading,pitch.0,334040,1.1228,0.8165,0.2672,0.829,-0.4575,1.6271,0.0,0.0
1779816504903,1,Pitching Mound.Delivery,,Loading,pitch.0,333249,0.8473,0.1232,0.9694,0.8925,-0.4774,2.0936,0.0,0.0
1779816504903,1,Pitching Mound.Drive,,Loading,pitch.0,333756,-1.745,5.7046,53.8134,39.5689,26.0256,4.96,-0.0513,0.0781
1779816504903,1,Pitching Mound.Parent,,Loading,pitch.0,332956,-0.9001,5.8245,54.7617,40.4269,25.4471,7.0628,-0.0505,0.0792
1779816504904,1,11.0000004b,Drive,Loading,pitch.0,333757,-1.7544,5.7052,53.8235,39.5474,25.9823,4.9521,-0.0512,0.078
1779816504904,1,12.00000015,Lower Delivery,Loading,pitch.0,333486,-0.2768,-0.6857,0.7422,-0.0936,-0.0155,-0.0113,0.0,0.0
1779816504904,1,12.00000018,Upper Delivery,Loading,pitch.0,334041,1.0878,0.7875,0.3401,0.8282,-0.3616,1.6055,0.0,0.0
1779816504904,1,Pitching Mound.Delivery,,Loading,pitch.0,333250,0.811,0.1019,1.0823,0.8714,-0.3771,2.0582,0.0,0.0
1779816504904,1,Pitching Mound.Drive,,Loading,pitch.0,333757,-1.7544,5.7052,53.8235,39.5474,25.9823,4.9521,-0.0512,0.078
1779816504904,1,Pitching Mound.Parent,,Loading,pitch.0,332957,-0.9072,5.8284,54.7929,40.4399,25.5049,7.0457,-0.0503,0.0793
1779816504905,1,11.0000004b,Drive,Loading,pitch.0,333758,-1.7468,5.6959,53.7684,39.5521,25.9448,4.9317,-0.0512,0.0781
1779816504905,1,11.0000004b,Drive,Loading,pitch.0,333759,-1.7591,5.7014,53.8671,39.7445,25.8694,4.9301,-0.051,0.0783
1779816504905,1,12.00000015,Lower Delivery,Loading,pitch.0,333487,-0.2751,-0.6721,0.8336,-0.0893,-0.0192,0.0118,0.0,0.0
1779816504905,1,12.00000018,Upper Delivery,Loading,pitch.0,334042,1.0805,0.7839,0.357,0.9276,-0.3449,1.587,0.0,0.0
1779816504905,1,Pitching Mound.Delivery,,Loading,pitch.0,333251,0.8054,0.1119,1.1906,1.0004,-0.3642,2.0597,0.0,0.0
1779816504905,1,Pitching Mound.Drive,,Loading,pitch.0,333758,-1.7468,5.6959,53.7684,39.5521,25.9448,4.9317,-0.0512,0.0781
1779816504905,1,Pitching Mound.Drive,,Loading,pitch.0,333759,-1.7591,5.7014,53.8671,39.7445,25.8694,4.9301,-0.051,0.0783
1779816504905,1,Pitching Mound.Parent,,Loading,pitch.0,332958,-0.9358,5.7977,54.8507,40.4235,25.5677,6.9899,-0.0502,0.079
1779816504905,1,Pitching Mound.Parent,,Loading,pitch.0,332959,-0.9537,5.8133,55.0577,40.7449,25.5052,6.9898,-0.0499,0.0796
1779816504906,1,12.00000015,Lower Delivery,Loading,pitch.0,333488,-0.2771,-0.6921,0.8228,-0.088,-0.0095,0.028,0.0,0.0
1779816504906,1,12.00000018,Upper Delivery,Loading,pitch.0,334043,1.0647,0.7659,0.3263,0.794,0.0096,1.5338,0.0,0.0
1779816504906,1,Pitching Mound.Delivery,,Loading,pitch.0,333252,0.7876,0.0738,1.1492,0.8749,0.0001,2.0181,0.0,0.0
1779816504907,1,11.0000004b,Drive,Loading,pitch.0,333760,-1.759,5.7012,53.9066,39.7087,25.7568,4.9221,-0.0507,0.0782
1779816504907,1,11.0000004b,Drive,Loading,pitch.0,333761,-1.7512,5.7021,53.9259,39.6851,25.6979,4.9452,-0.0506,0.0781
1779816504907,1,12.00000015,Lower Delivery,Loading,pitch.0,333489,-0.2796,-0.7043,0.8293,-0.0879,-0.0016,0.0251,0.0,0.0
1779816504907,1,12.00000018,Upper Delivery,Loading,pitch.0,334044,1.0635,0.7894,0.295,0.9323,-0.023,1.5523,0.0,0.0
1779816504907,1,Pitching Mound.Delivery,,Loading,pitch.0,333253,0.7839,0.0852,1.1243,1.0261,-0.0246,2.034,0.0,0.0
1779816504907,1,Pitching Mound.Drive,,Loading,pitch.0,333760,-1.759,5.7012,53.9066,39.7087,25.7568,4.9221,-0.0507,0.0782
1779816504907,1,Pitching Mound.Drive,,Loading,pitch.0,333761,-1.7512,5.7021,53.9259,39.6851,25.6979,4.9452,-0.0506,0.0781
1779816504907,1,Pitching Mound.Parent,,Loading,pitch.0,332960,-0.9714,5.775,55.0557,40.5835,25.757,6.9402,-0.0497,0.0796
1779816504907,1,Pitching Mound.Parent,,Loading,pitch.0,332961,-0.9673,5.7873,55.0502,40.7113,25.6733,6.9792,-0.0496,0.0798
1779816504908,1,11.0000004b,Drive,Loading,pitch.0,333762,-1.7548,5.6973,53.8683,39.7204,25.7371,4.9195,-0.0507,0.0783
1779816504908,1,12.00000015,Lower Delivery,Loading,pitch.0,333490,-0.2861,-0.7294,0.8446,-0.0755,0.0052,0.0401,0.0,0.0
1779816504908,1,12.00000018,Upper Delivery,Loading,pitch.0,334045,1.0562,0.7827,0.2805,0.974,-0.1052,1.5279,0.0,0.0
1779816504908,1,Pitching Mound.Delivery,,Loading,pitch.0,333254,0.7701,0.0533,1.1251,1.0903,-0.0999,2.0244,0.0,0.0
1779816504908,1,Pitching Mound.Drive,,Loading,pitch.0,333762,-1.7548,5.6973,53.8683,39.7204,25.7371,4.9195,-0.0507,0.0783
1779816504908,1,Pitching Mound.Parent,,Loading,pitch.0,332962,-0.9846,5.7506,54.9934,40.8107,25.6372,6.9439,-0.0497,0.0802
1779816504909,1,11.0000004b,Drive,Loading,pitch.0,333763,-1.7539,5.704,53.895,39.8116,25.6347,4.9103,-0.0505,0.0784
1779816504909,1,12.00000015,Lower Delivery,Loading,pitch.0,333491,-0.2714,-0.7234,0.8373,-0.0808,0.0001,0.032,0.0,0.0
1779816504909,1,12.00000018,Upper Delivery,Loading,pitch.0,334046,1.0468,0.781,0.2699,1.0826,-0.3679,1.5575,0.0,0.0
1779816504909,1,Pitching Mound.Delivery,,Loading,pitch.0,333255,0.7755,0.0576,1.1072,1.1948,-0.3678,2.0377,0.0,0.0
1779816504909,1,Pitching Mound.Drive,,Loading,pitch.0,333763,-1.7539,5.704,53.895,39.8116,25.6347,4.9103,-0.0505,0.0784
1779816504909,1,Pitching Mound.Parent,,Loading,pitch.0,332963,-0.9785,5.7616,55.0022,41.0064,25.2669,6.9479,-0.0495,0.0804
1779816504910,1,11.0000004b,Drive,Loading,pitch.0,333764,-1.754,5.7029,53.9325,39.8106,25.5438,4.9,-0.0503,0.0784
1779816504910,1,12.00000015,Lower Delivery,Loading,pitch.0,333492,-0.2796,-0.7385,0.7866,-0.0626,0.0077,0.0472,0.0,0.0
1779816504910,1,12.00000018,Upper Delivery,Loading,pitch.0,334047,1.0695,0.8137,0.2174,1.0813,-0.4055,1.5542,0.0,0.0
1779816504910,1,Pitching Mound.Delivery,,Loading,pitch.0,333256,0.79,0.0752,1.004,1.2122,-0.3978,2.0601,0.0,0.0
1779816504910,1,Pitching Mound.Drive,,Loading,pitch.0,333764,-1.754,5.7029,53.9325,39.8106,25.5438,4.9,-0.0503,0.0784
1779816504910,1,Pitching Mound.Parent,,Loading,pitch.0,332964,-0.964,5.7781,54.9365,41.0229,25.146,6.9602,-0.0494,0.0805
1779816504911,1,11.0000004b,Drive,Loading,pitch.0,333765,-1.7562,5.7072,53.8416,39.7602,25.541,4.8939,-0.0504,0.0784
1779816504911,1,12.00000015,Lower Delivery,Loading,pitch.0,333493,-0.2668,-0.7479,0.7208,-0.0536,0.0061,0.0512,0.0,0.0
1779816504911,1,12.00000018,Upper Delivery,Loading,pitch.0,334048,1.069,0.8134,0.1903,1.0374,-0.3379,1.5841,0.0,0.0
1779816504911,1,Pitching Mound.Delivery,,Loading,pitch.0,333257,0.8021,0.0655,0.9111,1.1642,-0.3318,2.0895,0.0,0.0
1779816504911,1,Pitching Mound.Drive,,Loading,pitch.0,333765,-1.7562,5.7072,53.8416,39.7602,25.541,4.8939,-0.0504,0.0784
1779816504911,1,Pitching Mound.Parent,,Loading,pitch.0,332965,-0.9541,5.7727,54.7527,40.9244,25.2091,6.9834,-0.0495,0.0804
1779816504912,1,11.0000004b,Drive,Loading,pitch.0,333766,-1.7719,5.7091,53.7897,39.6481,25.6581,4.8728,-0.0506,0.0783
1779816504912,1,12.00000015,Lower Delivery,Loading,pitch.0,333494,-0.2686,-0.7519,0.721,-0.0475,-0.0025,0.098,0.0,0.0
1779816504912,1,12.00000018,Upper Delivery,Loading,pitch.0,334049,1.0986,0.8849,0.1258,1.1085,-0.5324,1.6656,0.0,0.0
1779816504912,1,Pitching Mound.Delivery,,Loading,pitch.0,333258,0.8299,0.133,0.8469,1.2633,-0.5349,2.2285,0.0,0.0
1779816504912,1,Pitching Mound.Drive,,Loading,pitch.0,333766,-1.7719,5.7091,53.7897,39.6481,25.6581,4.8728,-0.0506,0.0783
1779816504912,1,Pitching Mound.Parent,,Loading,pitch.0,332966,-0.942,5.8421,54.6366,40.9115,25.1232,7.1013,-0.0499,0.0807
1779816504913,1,11.0000004b,Drive,Loading,pitch.0,333767,-1.779,5.7114,53.7683,39.6705,25.839,4.8869,-0.051,0.0783
1779816504913,1,12.00000015,Lower Delivery,Loading,pitch.0,333495,-0.2541,-0.7416,0.714,-0.0445,0.0003,0.1185,0.0,0.0
1779816504913,1,12.00000018,Upper Delivery,Loading,pitch.0,334050,1.145,0.8847,0.1135,1.1468,-0.5577,1.6119,0.0,0.0
1779816504913,1,Pitching Mound.Delivery,,Loading,pitch.0,333259,0.891,0.1431,0.8274,1.3065,-0.5573,2.2061,0.0,0.0
1779816504913,1,Pitching Mound.Drive,,Loading,pitch.0,333767,-1.779,5.7114,53.7683,39.6705,25.839,4.8869,-0.051,0.0783
1779816504913,1,Pitching Mound.Parent,,Loading,pitch.0,332967,-0.888,5.8545,54.5957,40.977,25.2817,7.093,-0.0502,0.0809
1779816504914,1,11.0000004b,Drive,Loading,pitch.0,333768,-1.7627,5.7063,53.6792,39.7097,25.9747,4.8809,-0.0514,0.0785
1779816504914,1,12.00000015,Lower Delivery,Loading,pitch.0,333496,-0.2629,-0.7086,0.6384,-0.0548,-0.0001,0.0456,0.0,0.0
1779816504914,1,12.00000018,Upper Delivery,Loading,pitch.0,334051,1.1801,0.9191,0.0802,1.1918,-0.6875,1.6095,0.0,0.0
1779816504914,1,Pitching Mound.Delivery,,Loading,pitch.0,333260,0.9172,0.2105,0.7185,1.3268,-0.6876,2.1457,0.0,0.0
1779816504914,1,Pitching Mound.Drive,,Loading,pitch.0,333768,-1.7627,5.7063,53.6792,39.7097,25.9747,4.8809,-0.0514,0.0785
1779816504914,1,Pitching Mound.Parent,,Loading,pitch.0,332968,-0.8455,5.9168,54.3978,41.0366,25.2871,7.0266,-0.0507,0.081
1779816504915,1,11.0000004b,Drive,Loading,pitch.0,333769,-1.781,5.7187,53.6107,39.5926,25.9524,4.8847,-0.0514,0.0784
1779816504915,1,12.00000015,Lower Delivery,Loading,pitch.0,333497,-0.2594,-0.7195,0.6262,-0.0415,0.0093,0.076,0.0,0.0
1779816504915,1,12.00000018,Upper Delivery,Loading,pitch.0,334052,1.2107,0.9282,0.1141,1.0873,-0.6054,1.6,0.0,0.0
1779816504915,1,Pitching Mound.Delivery,,Loading,pitch.0,333261,0.9513,0.2086,0.7402,1.2199,-0.5961,2.1758,0.0,0.0
1779816504915,1,Pitching Mound.Drive,,Loading,pitch.0,333769,-1.781,5.7187,53.6107,39.5926,25.9524,4.8847,-0.0514,0.0784
1779816504915,1,Pitching Mound.Parent,,Loading,pitch.0,332969,-0.8296,5.9273,54.351,40.8125,25.3563,7.0605,-0.0507,0.0805
1779816504916,1,11.0000004b,Drive,Loading,pitch.0,333770,-1.7787,5.7162,53.646,39.6367,25.8902,4.8878,-0.0512,0.0784
1779816504916,1,12.00000015,Lower Delivery,Loading,pitch.0,333498,-0.2727,-0.7179,0.5998,-0.0613,0.0034,0.0277,0.0,0.0
1779816504916,1,12.00000018,Upper Delivery,Loading,pitch.0,334053,1.1958,0.9205,0.1152,1.1738,-0.876,1.6148,0.0,0.0
1779816504916,1,Pitching Mound.Delivery,,Loading,pitch.0,333262,0.9231,0.2026,0.715,1.2772,-0.8726,2.1418,0.0,0.0
1779816504916,1,Pitching Mound.Drive,,Loading,pitch.0,333770,-1.7787,5.7162,53.646,39.6367,25.8902,4.8878,-0.0512,0.0784
1779816504916,1,Pitching Mound.Parent,,Loading,pitch.0,332970,-0.8556,5.9188,54.3609,40.914,25.0176,7.0296,-0.0506,0.0804
1779816504917,1,11.0000004b,Drive,Loading,pitch.0,333771,-1.7891,5.715,53.5126,39.6002,26.1467,4.8678,-0.0519,0.0786
1779816504917,1,12.00000015,Lower Delivery,Loading,pitch.0,333499,-0.2727,-0.7147,0.6162,-0.0719,-0.0011,0.0168,0.0,0.0
1779816504917,1,12.00000018,Upper Delivery,Loading,pitch.0,334054,1.1901,0.8998,0.1929,1.1642,-0.7597,1.6108,0.0,0.0
1779816504917,1,Pitching Mound.Delivery,,Loading,pitch.0,333263,0.9174,0.1851,0.8091,1.2362,-0.7608,2.1249,0.0,0.0
1779816504917,1,Pitching Mound.Drive,,Loading,pitch.0,333771,-1.7891,5.715,53.5126,39.6002,26.1467,4.8678,-0.0519,0.0786
1779816504917,1,Pitching Mound.Parent,,Loading,pitch.0,332971,-0.8717,5.9,54.3217,40.8364,25.3859,6.9927,-0.0511,0.08
1779816504918,1,11.0000004b,Drive,Loading,pitch.0,333772,-1.7822,5.7188,53.4723,39.6003,26.2661,4.8697,-0.0521,0.0786
1779816504918,1,12.00000015,Lower Delivery,Loading,pitch.0,333500,-0.2652,-0.7072,0.7092,-0.0745,-0.002,0.0304,0.0,0.0
1779816504918,1,12.00000018,Upper Delivery,Loading,pitch.0,334055,1.148,0.8363,0.2395,1.1231,-0.6879,1.6365,0.0,0.0
1779816504918,1,Pitching Mound.Delivery,,Loading,pitch.0,333264,0.8828,0.1292,0.9486,1.2083,-0.6899,2.1475,0.0,0.0
1779816504918,1,Pitching Mound.Drive,,Loading,pitch.0,333772,-1.7822,5.7188,53.4723,39.6003,26.2661,4.8697,-0.0521,0.0786
1779816504918,1,Pitching Mound.Parent,,Loading,pitch.0,332972,-0.8994,5.848,54.421,40.8086,25.5762,7.0171,-0.0512,0.0802
1779816504919,1,11.0000004b,Drive,Loading,pitch.0,333773,-1.7703,5.7209,53.4587,39.5945,26.3129,4.8539,-0.0523,0.0786
1779816504919,1,12.00000015,Lower Delivery,Loading,pitch.0,333501,-0.2486,-0.716,0.6881,-0.0716,-0.0013,0.0701,0.0,0.0
1779816504919,1,12.00000018,Upper Delivery,Loading,pitch.0,334056,1.1784,0.8536,0.2899,1.2076,-0.4822,1.6182,0.0,0.0
1779816504919,1,Pitching Mound.Delivery,,Loading,pitch.0,333265,0.9298,0.1376,0.9779,1.2714,-0.4835,2.1735,0.0,0.0
1779816504919,1,Pitching Mound.Drive,,Loading,pitch.0,333773,-1.7703,5.7209,53.4587,39.5945,26.3129,4.8539,-0.0523,0.0786
1779816504919,1,Pitching Mound.Parent,,Loading,pitch.0,332973,-0.8405,5.8585,54.4367,40.866,25.8294,7.0274,-0.0513,0.0797
1779816504920,1,11.0000004b,Drive,Loading,pitch.0,333774,-1.7625,5.7221,53.5145,39.6587,26.3629,4.87,-0.0523,0.0787
1779816504920,1,12.00000015,Lower Delivery,Loading,pitch.0,333502,-0.2482,-0.7092,0.7194,-0.0607,0.0022,0.169,0.0,0.0
1779816504920,1,12.00000018,Upper Delivery,Loading,pitch.0,334057,1.1593,0.8194,0.277,1.1051,-0.4248,1.6243,0.0,0.0
1779816504920,1,Pitching Mound.Delivery,,Loading,pitch.0,333266,0.9112,0.1102,0.9964,1.1949,-0.4226,2.2719,0.0,0.0
1779816504920,1,Pitching Mound.Drive,,Loading,pitch.0,333774,-1.7625,5.7221,53.5145,39.6587,26.3629,4.87,-0.0523,0.0787
1779816504920,1,Pitching Mound.Parent,,Loading,pitch.0,332974,-0.8513,5.8323,54.5109,40.8536,25.9404,7.1419,-0.0513,0.08
1779816504921,1,11.0000004b,Drive,Loading,pitch.0,333775,-1.7486,5.7196,53.4929,39.6848,26.3573,4.8371,-0.0523,0.0788
1779816504921,1,12.00000015,Lower Delivery,Loading,pitch.0,333503,-0.2381,-0.7294,0.7239,-0.0799,-0.0079,0.0761,0.0,0.0
1779816504921,1,12.00000018,Upper Delivery,Loading,pitch.0,334058,1.149,0.8199,0.3062,1.2526,-0.3801,1.6378,0.0,0.0
1779816504921,1,Pitching Mound.Delivery,,Loading,pitch.0,333267,0.9109,0.0905,1.0301,1.3147,-0.3879,2.1856,0.0,0.0
1779816504921,1,Pitching Mound.Drive,,Loading,pitch.0,333775,-1.7486,5.7196,53.4929,39.6848,26.3573,4.8371,-0.0523,0.0788
1779816504921,1,Pitching Mound.Parent,,Loading,pitch.0,332975,-0.8377,5.8101,54.523,40.9995,25.9694,7.0227,-0.0513,0.0799
1779816504922,1,11.0000004b,Drive,Loading,pitch.0,333776,-1.7486,5.7074,53.625,39.6497,26.3325,4.8642,-0.0521,0.0785
1779816504922,1,12.00000015,Lower Delivery,Loading,pitch.0,333504,-0.2491,-0.7458,0.8009,-0.0702,0.0005,0.1403,0.0,0.0
1779816504922,1,12.00000018,Upper Delivery,Loading,pitch.0,334059,1.1486,0.8299,0.3419,1.288,-0.3973,1.708,0.0,0.0
1779816504922,1,Pitching Mound.Delivery,,Loading,pitch.0,333268,0.8995,0.0841,1.1429,1.3739,-0.3968,2.3235,0.0,0.0
1779816504922,1,Pitching Mound.Drive,,Loading,pitch.0,333776,-1.7486,5.7074,53.625,39.6497,26.3325,4.8642,-0.0521,0.0785
1779816504922,1,Pitching Mound.Parent,,Loading,pitch.0,332976,-0.849,5.7915,54.7679,41.0235,25.9356,7.1877,-0.051,0.0797
1779816504923,1,11.0000004b,Drive,Loading,pitch.0,333777,-1.7415,5.713,53.6246,39.8096,26.2758,4.8708,-0.052,0.0788
1779816504923,1,12.00000015,Lower Delivery,Loading,pitch.0,333505,-0.2554,-0.7627,0.7891,-0.0855,0.0006,0.0999,0.0,0.0
1779816504923,1,12.00000018,Upper Delivery,Loading,pitch.0,334060,1.1532,0.8203,0.3592,1.2271,-0.5277,1.6995,0.0,0.0
1779816504923,1,Pitching Mound.Delivery,,Loading,pitch.0,333269,0.8978,0.0576,1.1484,1.2879,-0.5271,2.2784,0.0,0.0
1779816504923,1,Pitching Mound.Drive,,Loading,pitch.0,333777,-1.7415,5.713,53.6246,39.8096,26.2758,4.8708,-0.052,0.0788
1779816504923,1,Pitching Mound.Parent,,Loading,pitch.0,332977,-0.8436,5.7706,54.773,41.0975,25.7487,7.1492,-0.0509,0.0798
1779816504924,1,11.0000004b,Drive,Loading,pitch.0,333778,-1.7456,5.7147,53.6309,39.7521,26.3134,4.8828,-0.0521,0.0787
1779816504924,1,12.00000015,Lower Delivery,Loading,pitch.0,333506,-0.2577,-0.7659,0.8193,-0.093,-0.0001,0.047,0.0,0.0
1779816504924,1,12.00000018,Upper Delivery,Loading,pitch.0,334061,1.1684,0.8334,0.332,1.1836,-0.531,1.7016,0.0,0.0
1779816504924,1,Pitching Mound.Delivery,,Loading,pitch.0,333270,0.9107,0.0675,1.1513,1.2563,-0.5311,2.2334,0.0,0.0
1779816504924,1,Pitching Mound.Drive,,Loading,pitch.0,333778,-1.7456,5.7147,53.6309,39.7521,26.3134,4.8828,-0.0521,0.0787
1779816504924,1,Pitching Mound.Parent,,Loading,pitch.0,332978,-0.8348,5.7823,54.7822,41.0084,25.7823,7.1162,-0.051,0.0801
1779816504925,1,11.0000004b,Drive,Loading,pitch.0,333779,-1.7456,5.7124,53.6619,39.7152,26.2398,4.8611,-0.0519,0.0786
1779816504925,1,12.00000015,Lower Delivery,Loading,pitch.0,333507,-0.2372,-0.7633,0.8168,-0.0772,-0.0011,0.0942,0.0,0.0
1779816504925,1,12.00000018,Upper Delivery,Loading,pitch.0,334062,1.1867,0.8525,0.338,1.1336,-0.5561,1.7718,0.0,0.0
1779816504925,1,Pitching Mound.Delivery,,Loading,pitch.0,333271,0.9495,0.0892,1.1549,1.2192,-0.5572,2.3502,0.0,0.0
1779816504925,1,Pitching Mound.Drive,,Loading,pitch.0,333779,-1.7456,5.7124,53.6619,39.7152,26.2398,4.8611,-0.0519,0.0786
1779816504925,1,Pitching Mound.Parent,,Loading,pitch.0,332979,-0.7961,5.8016,54.8167,40.9344,25.6826,7.2113,-0.0508,0.0799
1779816504926,1,11.0000004b,Drive,Loading,pitch.0,333780,-1.732,5.695,53.6873,39.6118,26.2,4.8234,-0.0518,0.0783
1779816504926,1,12.00000015,Lower Delivery,Loading,pitch.0,333508,-0.2656,-0.7792,0.9007,-0.0751,-0.002,0.0935,0.0,0.0
1779816504926,1,12.00000018,Upper Delivery,Loading,pitch.0,334063,1.1543,0.8203,0.363,1.0523,-0.4594,1.7062,0.0,0.0
1779816504926,1,Pitching Mound.Delivery,,Loading,pitch.0,333272,0.8887,0.041,1.2637,1.16,-0.4614,2.2825,0.0,0.0
1779816504926,1,Pitching Mound.Drive,,Loading,pitch.0,333780,-1.732,5.695,53.6873,39.6118,26.2,4.8234,-0.0518,0.0783
1779816504926,1,Pitching Mound.Parent,,Loading,pitch.0,332980,-0.8433,5.736,54.951,40.7718,25.7386,7.1059,-0.0506,0.0799
1779816504927,1,11.0000004b,Drive,Loading,pitch.0,333781,-1.7377,5.6902,53.6945,39.5759,26.2468,4.8137,-0.0519,0.0782
1779816504927,1,12.00000015,Lower Delivery,Loading,pitch.0,333509,-0.2381,-0.776,0.8993,-0.0616,-0.0009,0.1085,0.0,0.0
1779816504927,1,12.00000018,Upper Delivery,Loading,pitch.0,334064,1.1459,0.8258,0.3426,1.0209,-0.4575,1.7451,0.0,0.0
1779816504927,1,Pitching Mound.Delivery,,Loading,pitch.0,333273,0.9078,0.0499,1.2418,1.1486,-0.4584,2.3241,0.0,0.0
1779816504927,1,Pitching Mound.Drive,,Loading,pitch.0,333781,-1.7377,5.6902,53.6945,39.5759,26.2468,4.8137,-0.0519,0.0782
1779816504927,1,Pitching Mound.Parent,,Loading,pitch.0,332981,-0.8299,5.74,54.9363,40.7244,25.7884,7.1378,-0.0507,0.0799
1779816504928,1,11.0000004b,Drive,Loading,pitch.0,333782,-1.7354,5.6813,53.66,39.4885,26.2979,4.8061,-0.052,0.0781
1779816504928,1,12.00000015,Lower Delivery,Loading,pitch.0,333510,-0.2473,-0.77,0.8951,-0.0587,0.0026,0.1146,0.0,0.0
1779816504928,1,12.00000018,Upper Delivery,Loading,pitch.0,334065,1.1529,0.8469,0.3362,1.1212,-0.5193,1.7479,0.0,0.0
1779816504928,1,Pitching Mound.Delivery,,Loading,pitch.0,333274,0.9056,0.0769,1.2313,1.2525,-0.5167,2.3386,0.0,0.0
1779816504928,1,Pitching Mound.Drive,,Loading,pitch.0,333782,-1.7354,5.6813,53.66,39.4885,26.2979,4.8061,-0.052,0.0781
1779816504928,1,Pitching Mound.Parent,,Loading,pitch.0,332982,-0.8298,5.7583,54.8914,40.7409,25.7812,7.1447,-0.0509,0.0798
1779816504929,1,11.0000004b,Drive,Loading,pitch.0,333783,-1.7509,5.687,53.6718,39.4635,26.2269,4.773,-0.0519,0.0781
1779816504929,1,12.00000015,Lower Delivery,Loading,pitch.0,333511,-0.2618,-0.7774,0.893,-0.0679,0.0018,0.0869,0.0,0.0
1779816504929,1,12.00000018,Upper Delivery,Loading,pitch.0,334066,1.142,0.8258,0.3798,1.0295,-0.5117,1.6842,0.0,0.0
1779816504929,1,Pitching Mound.Delivery,,Loading,pitch.0,333275,0.8802,0.0484,1.2729,1.1361,-0.5099,2.2484,0.0,0.0
1779816504929,1,Pitching Mound.Drive,,Loading,pitch.0,333783,-1.7509,5.687,53.6718,39.4635,26.2269,4.773,-0.0519,0.0781
1779816504929,1,Pitching Mound.Parent,,Loading,pitch.0,332983,-0.8707,5.7353,54.9447,40.5996,25.717,7.0214,-0.0507,0.0794
1779816504930,1,11.0000004b,Drive,Loading,pitch.0,333784,-1.7631,5.6801,53.7377,39.4115,26.1634,4.7793,-0.0517,0.0779
1779816504930,1,12.00000015,Lower Delivery,Loading,pitch.0,333512,-0.2559,-0.7699,0.8512,-0.063,0.0046,0.0959,0.0,0.0
1779816504930,1,12.00000018,Upper Delivery,Loading,pitch.0,334067,1.152,0.8424,0.3481,1.063,-0.6236,1.7215,0.0,0.0
1779816504930,1,Pitching Mound.Delivery,,Loading,pitch.0,333276,0.896,0.0726,1.1993,1.1711,-0.619,2.2961,0.0,0.0
1779816504930,1,Pitching Mound.Drive,,Loading,pitch.0,333784,-1.7631,5.6801,53.7377,39.4115,26.1634,4.7793,-0.0517,0.0779
1779816504930,1,Pitching Mound.Parent,,Loading,pitch.0,332984,-0.867,5.7527,54.937,40.5826,25.5444,7.0754,-0.0506,0.0793
1779816504931,1,11.0000004b,Drive,Loading,pitch.0,333785,-1.7523,5.6659,53.71,39.2862,26.1042,4.7562,-0.0516,0.0777
1779816504931,1,12.00000015,Lower Delivery,Loading,pitch.0,333513,-0.2739,-0.7758,0.8484,-0.0497,0.008,0.1592,0.0,0.0
1779816504931,1,12.00000018,Upper Delivery,Loading,pitch.0,334068,1.1533,0.8537,0.3677,1.1884,-0.7205,1.7283,0.0,0.0
1779816504931,1,Pitching Mound.Delivery,,Loading,pitch.0,333277,0.8794,0.0779,1.2162,1.3021,-0.7125,2.3728,0.0,0.0
1779816504931,1,Pitching Mound.Drive,,Loading,pitch.0,333785,-1.7523,5.6659,53.71,39.2862,26.1042,4.7562,-0.0516,0.0777
1779816504931,1,Pitching Mound.Parent,,Loading,pitch.0,332985,-0.8729,5.7438,54.9261,40.5883,25.3917,7.129,-0.0505,0.0789
1779816504932,1,11.0000004b,Drive,Loading,pitch.0,333786,-1.7543,5.6728,53.6491,39.3103,26.1122,4.7218,-0.0517,0.0778
1779816504932,1,12.00000015,Lower Delivery,Loading,pitch.0,333514,-0.2698,-0.7594,0.8189,-0.0463,0.0087,0.2254,0.0,0.0
1779816504932,1,12.00000018,Upper Delivery,Loading,pitch.0,334069,1.1435,0.8083,0.3823,1.1147,-0.633,1.6472,0.0,0.0
1779816504932,1,Pitching Mound.Delivery,,Loading,pitch.0,333278,0.8737,0.049,1.2012,1.2168,-0.6243,2.3531,0.0,0.0
1779816504932,1,Pitching Mound.Drive,,Loading,pitch.0,333786,-1.7543,5.6728,53.6491,39.3103,26.1122,4.7218,-0.0517,0.0778
1779816504932,1,Pitching Mound.Parent,,Loading,pitch.0,332986,-0.8806,5.7218,54.8503,40.5271,25.4879,7.0749,-0.0505,0.0788
1779816504933,1,11.0000004b,Drive,Loading,pitch.0,333787,-1.7575,5.6625,53.5935,39.2731,26.0142,4.7134,-0.0515,0.0778
1779816504933,1,12.00000015,Lower Delivery,Loading,pitch.0,333515,-0.275,-0.7573,0.7705,-0.0614,0.0074,0.1116,0.0,0.0
1779816504933,1,12.00000018,Upper Delivery,Loading,pitch.0,334070,1.1203,0.7848,0.376,1.1151,-0.4598,1.6193,0.0,0.0
1779816504933,1,Pitching Mound.Delivery,,Loading,pitch.0,333279,0.8453,0.0275,1.1464,1.1879,-0.4524,2.2054,0.0,0.0
1779816504933,1,Pitching Mound.Drive,,Loading,pitch.0,333787,-1.7575,5.6625,53.5935,39.2731,26.0142,4.7134,-0.0515,0.0778
1779816504933,1,Pitching Mound.Parent,,Loading,pitch.0,332987,-0.9122,5.69,54.7399,40.4609,25.5618,6.9188,-0.0505,0.0786
1779816504934,1,11.0000004b,Drive,Loading,pitch.0,333788,-1.7508,5.6734,53.5714,39.2037,25.9483,4.6969,-0.0514,0.0777
1779816504934,1,12.00000015,Lower Delivery,Loading,pitch.0,333516,-0.2826,-0.7377,0.8133,-0.0627,-0.005,0.1779,0.0,0.0
1779816504934,1,12.00000018,Upper Delivery,Loading,pitch.0,334071,1.1295,0.7994,0.3702,1.0816,-0.4584,1.6191,0.0,0.0
1779816504934,1,Pitching Mound.Delivery,,Loading,pitch.0,333280,0.8468,0.0618,1.1835,1.1696,-0.4635,2.2771,0.0,0.0
1779816504934,1,Pitching Mound.Drive,,Loading,pitch.0,333788,-1.7508,5.6734,53.5714,39.2037,25.9483,4.6969,-0.0514,0.0777
1779816504934,1,Pitching Mound.Parent,,Loading,pitch.0,332988,-0.9039,5.7352,54.7549,40.3734,25.4849,6.974,-0.0503,0.0788
1779816504935,1,11.0000004b,Drive,Loading,pitch.0,333789,-1.7523,5.6672,53.4933,39.1725,25.9467,4.7057,-0.0515,0.0777
1779816504935,1,12.00000015,Lower Delivery,Loading,pitch.0,333517,-0.2799,-0.7618,0.742,-0.0737,0.0002,0.1084,0.0,0.0
1779816504935,1,12.00000018,Upper Delivery,Loading,pitch.0,334072,1.1054,0.7794,0.3724,1.1994,-0.7912,1.6107,0.0,0.0
1779816504935,1,Pitching Mound.Delivery,,Loading,pitch.0,333281,0.8255,0.0177,1.1143,1.2513,-0.791,2.1901,0.0,0.0
1779816504935,1,Pitching Mound.Drive,,Loading,pitch.0,333789,-1.7523,5.6672,53.4933,39.1725,25.9467,4.7057,-0.0515,0.0777
1779816504935,1,Pitching Mound.Parent,,Loading,pitch.0,332989,-0.9268,5.6848,54.6077,40.4238,25.1558,6.8959,-0.0504,0.0785
1779816504936,1,11.0000004b,Drive,Loading,pitch.0,333790,-1.75,5.6729,53.4987,39.2596,25.9568,4.6659,-0.0515,0.0779
1779816504936,1,12.00000015,Lower Delivery,Loading,pitch.0,333518,-0.2735,-0.764,0.7267,-0.0837,-0.0115,0.0978,0.0,0.0
1779816504936,1,12.00000018,Upper Delivery,Loading,pitch.0,334073,1.1047,0.7559,0.4159,1.2112,-0.852,1.5806,0.0,0.0
1779816504936,1,Pitching Mound.Delivery,,Loading,pitch.0,333282,0.8312,-0.0082,1.1426,1.2333,-0.8635,2.147,0.0,0.0
1779816504936,1,Pitching Mound.Drive,,Loading,pitch.0,333790,-1.75,5.6729,53.4987,39.2596,25.9568,4.6659,-0.0515,0.0779
1779816504936,1,Pitching Mound.Parent,,Loading,pitch.0,332990,-0.9188,5.6647,54.6413,40.4929,25.0933,6.8129,-0.0504,0.0782
1779816504937,1,11.0000004b,Drive,Loading,pitch.0,333791,-1.7502,5.6752,53.457,39.2045,26.0046,4.6677,-0.0516,0.0779
1779816504937,1,12.00000015,Lower Delivery,Loading,pitch.0,333519,-0.2595,-0.7397,0.6819,-0.0714,0.0013,0.0487,0.0,0.0
1779816504937,1,12.00000018,Upper Delivery,Loading,pitch.0,334074,1.1195,0.7722,0.4016,1.1083,-1.1141,1.677,0.0,0.0
1779816504937,1,Pitching Mound.Delivery,,Loading,pitch.0,333283,0.86,0.0325,1.0835,1.1322,-1.1128,2.1946,0.0,0.0
1779816504937,1,Pitching Mound.Drive,,Loading,pitch.0,333791,-1.7502,5.6752,53.457,39.2045,26.0046,4.6677,-0.0516,0.0779
1779816504937,1,Pitching Mound.Parent,,Loading,pitch.0,332991,-0.8902,5.7077,54.5406,40.3367,24.8919,6.8623,-0.0506,0.0781
1779816504938,1,11.0000004b,Drive,Loading,pitch.0,333792,-1.7275,5.6673,53.3637,39.2528,26.1244,4.6769,-0.052,0.0781
1779816504938,1,12.00000015,Lower Delivery,Loading,pitch.0,333520,-0.268,-0.7418,0.6881,-0.073,0.0059,0.0294,0.0,0.0
1779816504938,1,12.00000018,Upper Delivery,Loading,pitch.0,334075,1.1335,0.8083,0.3495,1.0905,-0.8894,1.6552,0.0,0.0
1779816504938,1,Pitching Mound.Delivery,,Loading,pitch.0,333284,0.8655,0.0665,1.0376,1.1326,-0.8835,2.1612,0.0,0.0
1779816504938,1,Pitching Mound.Drive,,Loading,pitch.0,333792,-1.7275,5.6673,53.3637,39.2528,26.1244,4.6769,-0.052,0.0781
1779816504938,1,Pitching Mound.Parent,,Loading,pitch.0,332992,-0.862,5.7338,54.4014,40.3854,25.2409,6.8381,-0.051,0.0787
1779816504939,1,11.0000004b,Drive,Loading,pitch.0,333793,-1.7342,5.6801,53.3859,39.362,26.1873,4.6913,-0.0521,0.0783
1779816504939,1,12.00000015,Lower Delivery,Loading,pitch.0,333521,-0.26,-0.7356,0.6665,-0.0715,0.0093,0.0032,0.0,0.0
1779816504939,1,12.00000018,Upper Delivery,Loading,pitch.0,334076,1.0916,0.7775,0.4116,0.9853,-0.7647,1.6376,0.0,0.0
1779816504939,1,Pitching Mound.Delivery,,Loading,pitch.0,333285,0.8316,0.0418,1.0781,1.0006,-0.7554,2.1003,0.0,0.0
1779816504939,1,Pitching Mound.Drive,,Loading,pitch.0,333793,-1.7342,5.6801,53.3859,39.362,26.1873,4.6913,-0.0521,0.0783
1779816504939,1,Pitching Mound.Parent,,Loading,pitch.0,332993,-0.9026,5.7219,54.4641,40.3625,25.4319,6.7916,-0.051,0.0783
1779816504940,1,11.0000004b,Drive,Loading,pitch.0,333794,-1.7173,5.6726,53.3589,39.3084,26.2842,4.6977,-0.0523,0.0782
1779816504940,1,12.00000015,Lower Delivery,Loading,pitch.0,333522,-0.247,-0.7426,0.8116,-0.0687,0.0025,0.0369,0.0,0.0
1779816504940,1,12.00000018,Upper Delivery,Loading,pitch.0,334077,1.0895,0.7715,0.3694,1.0614,-0.7824,1.6823,0.0,0.0
1779816504940,1,Pitching Mound.Delivery,,Loading,pitch.0,333286,0.8425,0.0289,1.181,1.143,-0.7798,2.1736,0.0,0.0
1779816504940,1,Pitching Mound.Drive,,Loading,pitch.0,333794,-1.7173,5.6726,53.3589,39.3084,26.2842,4.6977,-0.0523,0.0782
1779816504940,1,Pitching Mound.Parent,,Loading,pitch.0,332994,-0.8748,5.7015,54.5399,40.4514,25.5043,6.8713,-0.0512,0.0793
1779816504941,1,11.0000004b,Drive,Loading,pitch.0,333795,-1.7039,5.6693,53.3896,39.3067,26.2711,4.6943,-0.0522,0.0782
1779816504941,1,12.00000015,Lower Delivery,Loading,pitch.0,333523,-0.2411,-0.7351,0.817,-0.0836,0.001,-0.0045,0.0,0.0
1779816504941,1,12.00000018,Upper Delivery,Loading,pitch.0,334078,1.0761,0.761,0.341,0.998,-0.6619,1.7006,0.0,0.0
1779816504941,1,Pitching Mound.Delivery,,Loading,pitch.0,333287,0.8349,0.0259,1.1579,1.0763,-0.6609,2.144,0.0,0.0
1779816504941,1,Pitching Mound.Drive,,Loading,pitch.0,333795,-1.7039,5.6693,53.3896,39.3067,26.2711,4.6943,-0.0522,0.0782
1779816504941,1,Pitching Mound.Parent,,Loading,pitch.0,332995,-0.8689,5.6952,54.5475,40.383,25.6102,6.8383,-0.0511,0.0795
1779816504942,1,11.0000004b,Drive,Loading,pitch.0,333796,-1.7058,5.6644,53.4066,39.3171,26.4517,4.7212,-0.0526,0.0782
1779816504942,1,12.00000015,Lower Delivery,Loading,pitch.0,333524,-0.2392,-0.7444,0.8309,-0.0766,0.0002,0.0246,0.0,0.0
1779816504942,1,12.00000018,Upper Delivery,Loading,pitch.0,334079,1.066,0.7541,0.3787,1.0417,-0.6514,1.6963,0.0,0.0
1779816504942,1,Pitching Mound.Delivery,,Loading,pitch.0,333288,0.8268,0.0097,1.2096,1.1188,-0.6512,2.1646,0.0,0.0
1779816504942,1,Pitching Mound.Drive,,Loading,pitch.0,333796,-1.7058,5.6644,53.4066,39.3171,26.4517,4.7212,-0.0526,0.0782
1779816504942,1,Pitching Mound.Parent,,Loading,pitch.0,332996,-0.879,5.6741,54.6162,40.436,25.8006,6.8857,-0.0514,0.0792
1779816504943,1,11.0000004b,Drive,Loading,pitch.0,333797,-1.7051,5.6577,53.5326,39.3821,26.5027,4.7091,-0.0526,0.0781
1779816504943,1,12.00000015,Lower Delivery,Loading,pitch.0,333525,-0.2352,-0.7402,0.8241,-0.0804,-0.0069,0.0054,0.0,0.0
1779816504943,1,12.00000018,Upper Delivery,Loading,pitch.0,334080,1.0527,0.7337,0.4215,1.1255,-0.7309,1.7296,0.0,0.0
1779816504943,1,Pitching Mound.Delivery,,Loading,pitch.0,333289,0.8175,-0.0065,1.2456,1.182,-0.7378,2.1729,0.0,0.0
1779816504943,1,Pitching Mound.Drive,,Loading,pitch.0,333797,-1.7051,5.6577,53.5326,39.3821,26.5027,4.7091,-0.0526,0.0781
1779816504943,1,Pitching Mound.Parent,,Loading,pitch.0,332997,-0.8876,5.6512,54.7782,40.5641,25.7649,6.8819,-0.0514,0.0788
1779816504944,1,11.0000004b,Drive,Loading,pitch.0,333798,-1.706,5.6505,53.479,39.3064,26.6823,4.6965,-0.053,0.078
1779816504944,1,12.00000015,Lower Delivery,Loading,pitch.0,333526,-0.2387,-0.7283,0.7546,-0.0802,-0.0058,-0.0099,0.0,0.0
1779816504944,1,12.00000018,Upper Delivery,Loading,pitch.0,334081,1.0352,0.7074,0.4808,1.264,-0.6684,1.7306,0.0,0.0
1779816504944,1,Pitching Mound.Delivery,,Loading,pitch.0,333290,0.7965,-0.0208,1.2354,1.2769,-0.6742,2.1538,0.0,0.0
1779816504944,1,Pitching Mound.Drive,,Loading,pitch.0,333798,-1.706,5.6505,53.479,39.3064,26.6823,4.6965,-0.053,0.078
1779816504944,1,Pitching Mound.Parent,,Loading,pitch.0,332998,-0.9095,5.6297,54.7144,40.5833,26.0081,6.8503,-0.0518,0.078
1779816504945,1,11.0000004b,Drive,Loading,pitch.0,333799,-1.6947,5.6447,53.5164,39.3273,26.7081,4.6768,-0.053,0.078
1779816504945,1,12.00000015,Lower Delivery,Loading,pitch.0,333527,-0.2505,-0.7407,0.757,-0.0858,0.0042,-0.0054,0.0,0.0
1779816504945,1,12.00000018,Upper Delivery,Loading,pitch.0,334082,1.0119,0.6921,0.4755,1.2608,-0.6734,1.7255,0.0,0.0
1779816504945,1,Pitching Mound.Delivery,,Loading,pitch.0,333291,0.7614,-0.0486,1.2325,1.2707,-0.6691,2.1493,0.0,0.0
1779816504945,1,Pitching Mound.Drive,,Loading,pitch.0,333799,-1.6947,5.6447,53.5164,39.3273,26.7081,4.6768,-0.053,0.078
1779816504945,1,Pitching Mound.Parent,,Loading,pitch.0,332999,-0.9333,5.5961,54.7489,40.598,26.039,6.8261,-0.0518,0.078
1779816504946,1,11.0000004b,Drive,Loading,pitch.0,333800,-1.6879,5.643,53.5461,39.4004,26.8512,4.7111,-0.0532,0.0781
1779816504946,1,12.00000015,Lower Delivery,Loading,pitch.0,333528,-0.2322,-0.7244,0.7383,-0.0944,-0.0005,-0.0185,0.0,0.0
1779816504946,1,12.00000018,Upper Delivery,Loading,pitch.0,334083,1.0006,0.6645,0.4921,1.2933,-0.597,1.7231,0.0,0.0
1779816504946,1,Pitching Mound.Delivery,,Loading,pitch.0,333292,0.7685,-0.06,1.2304,1.2825,-0.5976,2.1237,0.0,0.0
1779816504946,1,Pitching Mound.Drive,,Loading,pitch.0,333800,-1.6879,5.643,53.5461,39.4004,26.8512,4.7111,-0.0532,0.0781
1779816504946,1,Pitching Mound.Parent,,Loading,pitch.0,333000,-0.9195,5.5831,54.7765,40.6829,26.2536,6.8348,-0.052,0.0779
1779816504947,1,11.0000004b,Drive,Loading,pitch.0,333801,-1.6761,5.6437,53.5764,39.4331,26.915,4.6836,-0.0533,0.0781
1779816504947,1,12.00000015,Lower Delivery,Loading,pitch.0,333529,-0.2359,-0.721,0.7235,-0.0929,0.0002,-0.0154,0.0,0.0
1779816504947,1,12.00000018,Upper Delivery,Loading,pitch.0,334084,1.0006,0.6543,0.5246,1.3486,-0.6436,1.7094,0.0,0.0
1779816504947,1,Pitching Mound.Delivery,,Loading,pitch.0,333293,0.7647,-0.0667,1.2481,1.3233,-0.6434,2.1144,0.0,0.0
1779816504947,1,Pitching Mound.Drive,,Loading,pitch.0,333801,-1.6761,5.6437,53.5764,39.4331,26.915,4.6836,-0.0533,0.0781
1779816504947,1,Pitching Mound.Parent,,Loading,pitch.0,333001,-0.9113,5.577,54.8244,40.7564,26.2717,6.798,-0.0521,0.0776
1779816504948,1,11.0000004b,Drive,Loading,pitch.0,333802,-1.6652,5.656,53.5274,39.5008,26.9833,4.6875,-0.0535,0.0783
1779816504948,1,12.00000015,Lower Delivery,Loading,pitch.0,333530,-0.2542,-0.7261,0.7422,-0.0968,-0.0002,-0.0088,0.0,0.0
1779816504948,1,12.00000018,Upper Delivery,Loading,pitch.0,334085,1.021,0.7019,0.4172,1.2375,-0.6931,1.6967,0.0,0.0
1779816504948,1,Pitching Mound.Delivery,,Loading,pitch.0,333294,0.7668,-0.0242,1.1595,1.2512,-0.6933,2.1215,0.0,0.0
1779816504948,1,Pitching Mound.Drive,,Loading,pitch.0,333802,-1.6652,5.656,53.5274,39.5008,26.9833,4.6875,-0.0535,0.0783
1779816504948,1,Pitching Mound.Parent,,Loading,pitch.0,333002,-0.8984,5.6319,54.6869,40.752,26.29,6.809,-0.0524,0.0787
1779816504949,1,11.0000004b,Drive,Loading,pitch.0,333803,-1.669,5.6624,53.6164,39.4701,26.8078,4.664,-0.0531,0.0782
1779816504949,1,12.00000015,Lower Delivery,Loading,pitch.0,333531,-0.2544,-0.7256,0.7439,-0.0963,0.0023,-0.0129,0.0,0.0
1779816504949,1,12.00000018,Upper Delivery,Loading,pitch.0,334086,1.0442,0.7201,0.3979,1.0036,-0.6284,1.7198,0.0,0.0
1779816504949,1,Pitching Mound.Delivery,,Loading,pitch.0,333295,0.7899,-0.0055,1.1417,1.0249,-0.6261,2.1484,0.0,0.0
1779816504949,1,Pitching Mound.Drive,,Loading,pitch.0,333803,-1.669,5.6624,53.6164,39.4701,26.8078,4.664,-0.0531,0.0782
1779816504949,1,Pitching Mound.Parent,,Loading,pitch.0,333003,-0.8792,5.6569,54.7581,40.495,26.1817,6.8124,-0.052,0.0787
1779816504950,1,11.0000004b,Drive,Loading,pitch.0,333804,-1.6558,5.6604,53.5566,39.4475,26.9282,4.633,-0.0534,0.0782
1779816504950,1,12.00000015,Lower Delivery,Loading,pitch.0,333532,-0.2593,-0.719,0.7367,-0.1012,0.0066,0.001,0.0,0.0
1779816504950,1,12.00000018,Upper Delivery,Loading,pitch.0,334087,1.0454,0.7147,0.4235,1.0488,-0.5746,1.6951,0.0,0.0
1779816504950,1,Pitching Mound.Delivery,,Loading,pitch.0,333296,0.786,-0.0043,1.1602,1.0541,-0.568,2.1396,0.0,0.0
1779816504950,1,Pitching Mound.Drive,,Loading,pitch.0,333804,-1.6558,5.6604,53.5566,39.4475,26.9282,4.633,-0.0534,0.0782
1779816504950,1,Pitching Mound.Parent,,Loading,pitch.0,333004,-0.8698,5.6561,54.7169,40.5016,26.3602,6.7727,-0.0522,0.0785
1779816504951,1,11.0000004b,Drive,Loading,pitch.0,333805,-1.6532,5.6521,53.5596,39.5183,26.9686,4.6099,-0.0535,0.0783
1779816504951,1,12.00000015,Lower Delivery,Loading,pitch.0,333533,-0.2628,-0.7189,0.6609,-0.0941,0.0154,-0.005,0.0,0.0
1779816504951,1,12.00000018,Upper Delivery,Loading,pitch.0,334088,1.0257,0.7228,0.4411,1.0,-0.4951,1.6697,0.0,0.0
1779816504951,1,Pitching Mound.Delivery,,Loading,pitch.0,333297,0.763,0.0039,1.102,0.9806,-0.4797,2.1028,0.0,0.0
1779816504951,1,Pitching Mound.Drive,,Loading,pitch.0,333805,-1.6532,5.6521,53.5596,39.5183,26.9686,4.6099,-0.0535,0.0783
1779816504951,1,Pitching Mound.Parent,,Loading,pitch.0,333005,-0.8903,5.656,54.6617,40.4989,26.4888,6.7126,-0.0524,0.0781
1779816504952,1,11.0000004b,Drive,Loading,pitch.0,333806,-1.6618,5.6568,53.4643,39.5577,27.1156,4.5747,-0.0538,0.0785
1779816504952,1,12.00000015,Lower Delivery,Loading,pitch.0,333534,-0.2604,-0.7319,0.7239,-0.0883,0.0209,0.0115,0.0,0.0
1779816504952,1,12.00000018,Upper Delivery,Loading,pitch.0,334089,1.022,0.7271,0.4191,1.0536,-0.4719,1.7003,0.0,0.0
1779816504952,1,Pitching Mound.Delivery,,Loading,pitch.0,333298,0.7616,-0.0047,1.143,1.0689,-0.451,2.1478,0.0,0.0
1779816504952,1,Pitching Mound.Drive,,Loading,pitch.0,333806,-1.6618,5.6568,53.4643,39.5577,27.1156,4.5747,-0.0538,0.0785
1779816504952,1,Pitching Mound.Parent,,Loading,pitch.0,333006,-0.9002,5.6521,54.6073,40.6267,26.6646,6.7224,-0.0527,0.0788
1779816504953,1,11.0000004b,Drive,Loading,pitch.0,333807,-1.6675,5.6479,53.4459,39.5557,27.0384,4.5604,-0.0537,0.0786
1779816504953,1,12.00000015,Lower Delivery,Loading,pitch.0,333535,-0.2526,-0.7446,0.8165,-0.0873,0.0087,-0.0014,0.0,0.0
1779816504953,1,12.00000018,Upper Delivery,Loading,pitch.0,334090,1.0396,0.7605,0.3742,1.0494,-0.4339,1.691,0.0,0.0
1779816504953,1,Pitching Mound.Delivery,,Loading,pitch.0,333299,0.787,0.0159,1.1906,1.1125,-0.4252,2.129,0.0,0.0
1779816504953,1,Pitching Mound.Drive,,Loading,pitch.0,333807,-1.6675,5.6479,53.4459,39.5557,27.0384,4.5604,-0.0537,0.0786
1779816504953,1,Pitching Mound.Parent,,Loading,pitch.0,333007,-0.8805,5.6638,54.6365,40.6682,26.6132,6.6894,-0.0525,0.0796
1779816504954,1,11.0000004b,Drive,Loading,pitch.0,333808,-1.659,5.6459,53.4903,39.5583,26.9035,4.5594,-0.0534,0.0785
1779816504954,1,12.00000015,Lower Delivery,Loading,pitch.0,333536,-0.2549,-0.743,0.7993,-0.0825,0.0082,0.0092,0.0,0.0
1779816504954,1,12.00000018,Upper Delivery,Loading,pitch.0,334091,1.05,0.7614,0.3495,0.9458,-0.2281,1.6648,0.0,0.0
1779816504954,1,Pitching Mound.Delivery,,Loading,pitch.0,333300,0.7951,0.0184,1.1488,1.0162,-0.2199,2.1177,0.0,0.0
1779816504954,1,Pitching Mound.Drive,,Loading,pitch.0,333808,-1.659,5.6459,53.4903,39.5583,26.9035,4.5594,-0.0534,0.0785
1779816504954,1,Pitching Mound.Parent,,Loading,pitch.0,333008,-0.8639,5.6643,54.6391,40.5746,26.6836,6.6771,-0.0523,0.0797
1779816504955,1,11.0000004b,Drive,Loading,pitch.0,333809,-1.6425,5.6516,53.5152,39.606,26.9846,4.5773,-0.0535,0.0786
1779816504955,1,12.00000015,Lower Delivery,Loading,pitch.0,333537,-0.2576,-0.739,0.834,-0.0716,0.0072,0.0243,0.0,0.0
1779816504955,1,12.00000018,Upper Delivery,Loading,pitch.0,334092,1.0541,0.7734,0.348,0.9728,-0.2728,1.6688,0.0,0.0
1779816504955,1,Pitching Mound.Delivery,,Loading,pitch.0,333301,0.7965,0.0344,1.182,1.0664,-0.2656,2.1391,0.0,0.0
1779816504955,1,Pitching Mound.Drive,,Loading,pitch.0,333809,-1.6425,5.6516,53.5152,39.606,26.9846,4.5773,-0.0535,0.0786
1779816504955,1,Pitching Mound.Parent,,Loading,pitch.0,333009,-0.846,5.686,54.6972,40.6724,26.719,6.7164,-0.0524,0.0799
1779816504956,1,11.0000004b,Drive,Loading,pitch.0,333810,-1.6517,5.6467,53.552,39.7081,26.9463,4.5658,-0.0534,0.0787
1779816504956,1,12.00000015,Lower Delivery,Loading,pitch.0,333538,-0.2804,-0.7303,0.7598,-0.0639,-0.0002,0.0088,0.0,0.0
1779816504956,1,12.00000018,Upper Delivery,Loading,pitch.0,334093,1.101,0.827,0.3087,1.0369,-0.3892,1.6683,0.0,0.0
1779816504956,1,Pitching Mound.Delivery,,Loading,pitch.0,333302,0.8206,0.0967,1.0686,1.1263,-0.3894,2.1467,0.0,0.0
1779816504956,1,Pitching Mound.Drive,,Loading,pitch.0,333810,-1.6517,5.6467,53.552,39.7081,26.9463,4.5658,-0.0534,0.0787
1779816504956,1,Pitching Mound.Parent,,Loading,pitch.0,333010,-0.8311,5.7434,54.6206,40.8344,26.5568,6.7126,-0.0524,0.08
1779816504957,1,11.0000004b,Drive,Loading,pitch.0,333811,-1.647,5.6392,53.5732,39.544,26.7972,4.5656,-0.0531,0.0784
1779816504957,1,12.00000015,Lower Delivery,Loading,pitch.0,333539,-0.2744,-0.7543,0.8314,-0.0566,0.0027,0.0389,0.0,0.0
1779816504957,1,12.00000018,Upper Delivery,Loading,pitch.0,334094,1.1052,0.8564,0.2644,1.0223,-0.327,1.685,0.0,0.0
1779816504957,1,Pitching Mound.Delivery,,Loading,pitch.0,333303,0.8308,0.1021,1.0958,1.1585,-0.3243,2.193,0.0,0.0
1779816504957,1,Pitching Mound.Drive,,Loading,pitch.0,333811,-1.647,5.6392,53.5732,39.544,26.7972,4.5656,-0.0531,0.0784
1779816504957,1,Pitching Mound.Parent,,Loading,pitch.0,333011,-0.8162,5.7414,54.6691,40.7025,26.4729,6.7585,-0.052,0.0803
1779816504958,1,11.0000004b,Drive,Loading,pitch.0,333812,-1.6549,5.6369,53.5791,39.5381,26.9003,4.5963,-0.0533,0.0783
1779816504958,1,12.00000015,Lower Delivery,Loading,pitch.0,333540,-0.2904,-0.7549,0.7785,-0.0395,0.0025,0.1342,0.0,0.0
1779816504958,1,12.00000018,Upper Delivery,Loading,pitch.0,334095,1.1267,0.8919,0.3143,0.9528,-0.389,1.6636,0.0,0.0
1779816504958,1,Pitching Mound.Delivery,,Loading,pitch.0,333304,0.8363,0.137,1.0928,1.0711,-0.3866,2.2797,0.0,0.0
1779816504958,1,Pitching Mound.Drive,,Loading,pitch.0,333812,-1.6549,5.6369,53.5791,39.5381,26.9003,4.5963,-0.0533,0.0783
1779816504958,1,Pitching Mound.Parent,,Loading,pitch.0,333012,-0.8186,5.7739,54.6719,40.6092,26.5138,6.8759,-0.0522,0.0797
1779816504959,1,11.0000004b,Drive,Loading,pitch.0,333813,-1.6608,5.6251,53.6471,39.5165,26.6838,4.5821,-0.0528,0.0782
1779816504959,1,12.00000015,Lower Delivery,Loading,pitch.0,333541,-0.2829,-0.7509,0.8322,-0.0484,-0.0065,0.0665,0.0,0.0
1779816504959,1,12.00000018,Upper Delivery,Loading,pitch.0,334096,1.1478,0.8931,0.2823,0.8757,-0.1976,1.6079,0.0,0.0
1779816504959,1,Pitching Mound.Delivery,,Loading,pitch.0,333305,0.8649,0.1422,1.1144,1.0142,-0.2041,2.1608,0.0,0.0
1779816504959,1,Pitching Mound.Drive,,Loading,pitch.0,333813,-1.6608,5.6251,53.6471,39.5165,26.6838,4.5821,-0.0528,0.0782
1779816504959,1,Pitching Mound.Parent,,Loading,pitch.0,333013,-0.7959,5.7673,54.7616,40.5307,26.4798,6.7429,-0.0517,0.08
1779816504960,1,11.0000004b,Drive,Loading,pitch.0,333814,-1.6558,5.6195,53.6784,39.4541,26.796,4.5715,-0.053,0.078
1779816504960,1,12.00000015,Lower Delivery,Loading,pitch.0,333542,-0.2917,-0.7684,0.866,-0.0418,-0.0007,0.074,0.0,0.0
1779816504960,1,12.00000018,Upper Delivery,Loading,pitch.0,334097,1.1526,0.9285,0.3356,0.8098,-0.3009,1.6308,0.0,0.0
1779816504960,1,Pitching Mound.Delivery,,Loading,pitch.0,333306,0.8609,0.1601,1.2016,0.9484,-0.3016,2.1959,0.0,0.0
1779816504960,1,Pitching Mound.Drive,,Loading,pitch.0,333814,-1.6558,5.6195,53.6784,39.4541,26.796,4.5715,-0.053,0.078
1779816504960,1,Pitching Mound.Parent,,Loading,pitch.0,333014,-0.7949,5.7796,54.88,40.4025,26.4944,6.7674,-0.0518,0.0796
1779816504961,1,11.0000004b,Drive,Loading,pitch.0,333815,-1.6513,5.6088,53.685,39.4875,26.7939,4.5386,-0.053,0.0781
1779816504961,1,12.00000015,Lower Delivery,Loading,pitch.0,333543,-0.3099,-0.7855,0.9031,-0.0378,0.0039,0.1005,0.0,0.0
1779816504961,1,12.00000018,Upper Delivery,Loading,pitch.0,334098,1.1205,0.9144,0.307,0.8737,-0.1504,1.5983,0.0,0.0
1779816504961,1,Pitching Mound.Delivery,,Loading,pitch.0,333307,0.8106,0.1289,1.2101,1.0386,-0.1465,2.1852,0.0,0.0
1779816504961,1,Pitching Mound.Drive,,Loading,pitch.0,333815,-1.6513,5.6088,53.685,39.4875,26.7939,4.5386,-0.053,0.0781
1779816504961,1,Pitching Mound.Parent,,Loading,pitch.0,333015,-0.8408,5.7377,54.8951,40.526,26.6474,6.7237,-0.0518,0.0801
1779816504962,1,11.0000004b,Drive,Loading,pitch.0,333816,-1.6649,5.612,53.7218,39.5445,26.6896,4.519,-0.0527,0.0781
1779816504962,1,12.00000015,Lower Delivery,Loading,pitch.0,333544,-0.2993,-0.7614,1.0159,-0.0421,-0.0089,0.0864,0.0,0.0
1779816504962,1,12.00000018,Upper Delivery,Loading,pitch.0,334099,1.1187,0.933,0.2791,0.8792,-0.0972,1.6174,0.0,0.0
1779816504962,1,Pitching Mound.Delivery,,Loading,pitch.0,333308,0.8194,0.1716,1.295,1.0876,-0.1061,2.1859,0.0,0.0
1779816504962,1,Pitching Mound.Drive,,Loading,pitch.0,333816,-1.6649,5.612,53.7218,39.5445,26.6896,4.519,-0.0527,0.0781
1779816504962,1,Pitching Mound.Parent,,Loading,pitch.0,333016,-0.8455,5.7836,55.0168,40.6321,26.5836,6.7049,-0.0515,0.0809
1779816504963,1,11.0000004b,Drive,Loading,pitch.0,333817,-1.6604,5.6143,53.7498,39.5527,26.7261,4.5327,-0.0528,0.0781
1779816504963,1,12.00000015,Lower Delivery,Loading,pitch.0,333545,-0.3004,-0.7698,1.0569,-0.054,-0.0105,0.0463,0.0,0.0
1779816504963,1,12.00000018,Upper Delivery,Loading,pitch.0,334100,1.1268,0.9382,0.2619,0.9022,-0.2417,1.5974,0.0,0.0
1779816504963,1,Pitching Mound.Delivery,,Loading,pitch.0,333309,0.8263,0.1684,1.3188,1.1185,-0.2522,2.129,0.0,0.0
1779816504963,1,Pitching Mound.Drive,,Loading,pitch.0,333817,-1.6604,5.6143,53.7498,39.5527,26.7261,4.5327,-0.0528,0.0781
1779816504963,1,Pitching Mound.Parent,,Loading,pitch.0,333017,-0.8341,5.7827,55.0687,40.6712,26.4739,6.6617,-0.0515,0.0812
1779816504964,1,11.0000004b,Drive,Loading,pitch.0,333818,-1.6506,5.6176,53.7235,39.5361,26.9678,4.5006,-0.0533,0.0781
1779816504964,1,12.00000015,Lower Delivery,Loading,pitch.0,333546,-0.2913,-0.7743,1.1211,-0.0455,-0.0014,0.0605,0.0,0.0
1779816504964,1,12.00000018,Upper Delivery,Loading,pitch.0,334101,1.0959,0.9475,0.2739,0.9125,-0.2401,1.5561,0.0,0.0
1779816504964,1,Pitching Mound.Delivery,,Loading,pitch.0,333310,0.8046,0.1732,1.395,1.1551,-0.2415,2.0883,0.0,0.0
1779816504964,1,Pitching Mound.Drive,,Loading,pitch.0,333818,-1.6506,5.6176,53.7235,39.5361,26.9678,4.5006,-0.0533,0.0781
1779816504964,1,Pitching Mound.Parent,,Loading,pitch.0,333018,-0.846,5.7908,55.1185,40.6911,26.7263,6.5889,-0.0519,0.0814
1779816504965,1,11.0000004b,Drive,Loading,pitch.0,333819,-1.6567,5.6201,53.7346,39.5548,27.0086,4.5008,-0.0534,0.0781
1779816504965,1,12.00000015,Lower Delivery,Loading,pitch.0,333547,-0.2773,-0.7698,1.1156,-0.0264,0.02,0.146,0.0,0.0
1779816504965,1,12.00000018,Upper Delivery,Loading,pitch.0,334102,1.0822,0.996,0.3201,0.9801,-0.3992,1.4811,0.0,0.0
1779816504965,1,Pitching Mound.Delivery,,Loading,pitch.0,333311,0.8049,0.2262,1.4357,1.2241,-0.3791,2.0893,0.0,0.0
1779816504965,1,Pitching Mound.Drive,,Loading,pitch.0,333819,-1.6567,5.6201,53.7346,39.5548,27.0086,4.5008,-0.0534,0.0781
1779816504965,1,Pitching Mound.Parent,,Loading,pitch.0,333019,-0.8518,5.8463,55.1704,40.7789,26.6294,6.5902,-0.052,0.081
1779816504966,1,11.0000004b,Drive,Loading,pitch.0,333820,-1.6496,5.6178,53.7632,39.5781,27.0817,4.4857,-0.0535,0.0782
1779816504966,1,12.00000015,Lower Delivery,Loading,pitch.0,333549,-0.2767,-0.7766,1.1421,-0.0432,0.0201,0.0887,0.0,0.0
1779816504966,1,12.00000015,Lower Delivery,Loading,pitch.0,333548,-0.285,-0.7842,1.0847,-0.0321,0.0245,0.1264,0.0,0.0
1779816504966,1,12.00000018,Upper Delivery,Loading,pitch.0,334103,1.0888,1.0391,0.3302,0.9541,-0.355,1.4844,0.0,0.0
1779816504966,1,Pitching Mound.Delivery,,Loading,pitch.0,333312,0.8039,0.2549,1.415,1.1785,-0.3305,2.0779,0.0,0.0
1779816504966,1,Pitching Mound.Drive,,Loading,pitch.0,333820,-1.6496,5.6178,53.7632,39.5781,27.0817,4.4857,-0.0535,0.0782
1779816504966,1,Pitching Mound.Parent,,Loading,pitch.0,333020,-0.8457,5.8727,55.1781,40.7566,26.7513,6.5636,-0.0521,0.0808
1779816504967,1,11.0000004b,Drive,Loading,pitch.0,333821,-1.649,5.6221,53.7482,39.6018,27.1458,4.4971,-0.0536,0.0782
1779816504967,1,12.00000018,Upper Delivery,Loading,pitch.0,334104,1.0776,1.0293,0.2635,1.0909,-0.5568,1.4385,0.0,0.0
1779816504967,1,Pitching Mound.Delivery,,Loading,pitch.0,333313,0.8009,0.2528,1.4056,1.3465,-0.5366,1.9877,0.0,0.0
1779816504967,1,Pitching Mound.Drive,,Loading,pitch.0,333821,-1.649,5.6221,53.7482,39.6018,27.1458,4.4971,-0.0536,0.0782
1779816504967,1,Pitching Mound.Parent,,Loading,pitch.0,333021,-0.8482,5.8748,55.1538,40.9483,26.6092,6.4847,-0.0523,0.0816
1779816504968,1,11.0000004b,Drive,Loading,pitch.0,333822,-1.6539,5.625,53.7613,39.5946,27.2437,4.4664,-0.0538,0.0782
1779816504968,1,12.00000015,Lower Delivery,Loading,pitch.0,333550,-0.2842,-0.7673,1.0932,-0.0598,0.0063,0.0275,0.0,0.0
1779816504968,1,12.00000015,Lower Delivery,Loading,pitch.0,333551,-0.2765,-0.7654,1.0692,-0.0574,0.0107,0.0182,0.0,0.0
1779816504968,1,12.00000018,Upper Delivery,Loading,pitch.0,334105,1.0803,1.0717,0.3242,1.0554,-0.5161,1.4746,0.0,0.0
1779816504968,1,Pitching Mound.Delivery,,Loading,pitch.0,333314,0.7961,0.3044,1.4174,1.257,-0.5098,1.966,0.0,0.0
1779816504968,1,Pitching Mound.Drive,,Loading,pitch.0,333822,-1.6539,5.625,53.7613,39.5946,27.2437,4.4664,-0.0538,0.0782
1779816504968,1,Pitching Mound.Parent,,Loading,pitch.0,333022,-0.8578,5.9294,55.1788,40.8516,26.7338,6.4325,-0.0524,0.0809
1779816504969,1,11.0000004b,Drive,Loading,pitch.0,333823,-1.6588,5.6448,53.866,39.7119,27.2234,4.4576,-0.0537,0.0783
1779816504969,1,12.00000018,Upper Delivery,Loading,pitch.0,334106,1.0775,0.9889,0.2819,1.1422,-0.6105,1.5213,0.0,0.0
1779816504969,1,Pitching Mound.Delivery,,Loading,pitch.0,333315,0.8011,0.2236,1.3511,1.3524,-0.5998,1.9998,0.0,0.0
1779816504969,1,Pitching Mound.Drive,,Loading,pitch.0,333823,-1.6588,5.6448,53.866,39.7119,27.2234,4.4576,-0.0537,0.0783
1779816504969,1,Pitching Mound.Parent,,Loading,pitch.0,333023,-0.8577,5.8684,55.2171,41.0643,26.6237,6.4574,-0.0523,0.0812
1779816504970,1,11.0000004b,Drive,Loading,pitch.0,333824,-1.6566,5.651,53.8268,39.7849,27.3677,4.4564,-0.054,0.0785
1779816504970,1,11.0000004b,Drive,Loading,pitch.0,333825,-1.6542,5.6605,53.8156,39.8094,27.271,4.4649,-0.0538,0.0785
1779816504970,1,12.00000015,Lower Delivery,Loading,pitch.0,333553,-0.2789,-0.7612,0.948,-0.0671,0.0049,0.0071,0.0,0.0
1779816504970,1,12.00000015,Lower Delivery,Loading,pitch.0,333552,-0.2929,-0.7663,1.0174,-0.0537,0.0106,0.0306,0.0,0.0
1779816504970,1,12.00000018,Upper Delivery,Loading,pitch.0,334107,1.0902,0.9592,0.2056,1.2815,-0.8919,1.6103,0.0,0.0
1779816504970,1,Pitching Mound.Delivery,,Loading,pitch.0,333316,0.7973,0.1929,1.223,1.5038,-0.8814,2.1111,0.0,0.0
1779816504970,1,Pitching Mound.Drive,,Loading,pitch.0,333824,-1.6566,5.651,53.8268,39.7849,27.3677,4.4564,-0.054,0.0785
1779816504970,1,Pitching Mound.Drive,,Loading,pitch.0,333825,-1.6542,5.6605,53.8156,39.8094,27.271,4.4649,-0.0538,0.0785
1779816504970,1,Pitching Mound.Parent,,Loading,pitch.0,333024,-0.8593,5.8439,55.0497,41.2887,26.4863,6.5675,-0.0528,0.0817
1779816504971,1,12.00000018,Upper Delivery,Loading,pitch.0,334108,1.1108,0.8941,0.1327,1.2808,-0.8687,1.5998,0.0,0.0
1779816504971,1,12.00000018,Upper Delivery,Loading,pitch.0,334109,1.1478,0.9176,0.2085,1.157,-0.7461,1.6222,0.0,0.0
1779816504971,1,Pitching Mound.Delivery,,Loading,pitch.0,333317,0.8318,0.1329,1.0807,1.4909,-0.8638,2.0794,0.0,0.0
1779816504971,1,Pitching Mound.Parent,,Loading,pitch.0,333025,-0.8223,5.7934,54.8963,41.3002,26.4072,6.5443,-0.0527,0.082
1779816504972,1,11.0000004b,Drive,Loading,pitch.0,333826,-1.6465,5.6671,53.8502,39.8065,27.2431,4.5007,-0.0537,0.0785
1779816504972,1,12.00000015,Lower Delivery,Loading,pitch.0,333554,-0.2943,-0.7472,0.9019,-0.0728,0.0006,0.0073,0.0,0.0
1779816504972,1,12.00000018,Upper Delivery,Loading,pitch.0,334110,1.1555,0.8935,0.2697,1.2162,-0.7058,1.6453,0.0,0.0
1779816504972,1,Pitching Mound.Delivery,,Loading,pitch.0,333318,0.8535,0.1704,1.1104,1.3199,-0.7455,2.1198,0.0,0.0
1779816504972,1,Pitching Mound.Drive,,Loading,pitch.0,333826,-1.6465,5.6671,53.8502,39.8065,27.2431,4.5007,-0.0537,0.0785
1779816504972,1,Pitching Mound.Parent,,Loading,pitch.0,333026,-0.793,5.8375,54.9606,41.1264,26.4976,6.6204,-0.0526,0.0812
1779816504973,1,11.0000004b,Drive,Loading,pitch.0,333827,-1.636,5.6679,53.8871,39.8076,27.275,4.5231,-0.0537,0.0784
1779816504973,1,12.00000015,Lower Delivery,Loading,pitch.0,333555,-0.2773,-0.7449,0.7303,-0.0679,0.0019,0.0104,0.0,0.0
1779816504973,1,12.00000018,Upper Delivery,Loading,pitch.0,334111,1.1764,0.8947,0.2746,1.2943,-0.6077,1.6525,0.0,0.0
1779816504973,1,Pitching Mound.Delivery,,Loading,pitch.0,333319,0.8782,0.1486,1.0001,1.305,-0.7039,2.1428,0.0,0.0
1779816504973,1,Pitching Mound.Drive,,Loading,pitch.0,333827,-1.636,5.6679,53.8871,39.8076,27.275,4.5231,-0.0537,0.0784
1779816504973,1,Pitching Mound.Parent,,Loading,pitch.0,333027,-0.7577,5.8165,54.8871,41.1126,26.571,6.666,-0.0528,0.0798
1779816504974,1,11.0000004b,Drive,Loading,pitch.0,333828,-1.6446,5.6618,53.9124,39.7967,27.1885,4.5114,-0.0535,0.0784
1779816504974,1,11.0000004b,Drive,Loading,pitch.0,333829,-1.6321,5.6544,53.9095,39.7381,27.2797,4.5055,-0.0537,0.0783
1779816504974,1,12.00000015,Lower Delivery,Loading,pitch.0,333556,-0.2707,-0.7408,0.714,-0.0669,-0.0011,0.0516,0.0,0.0
1779816504974,1,12.00000015,Lower Delivery,Loading,pitch.0,333557,-0.2654,-0.7284,0.6788,-0.0729,-0.0165,0.082,0.0,0.0
1779816504974,1,12.00000018,Upper Delivery,Loading,pitch.0,334112,1.2038,0.8949,0.3188,1.4064,-0.5082,1.6917,0.0,0.0
1779816504974,1,Pitching Mound.Delivery,,Loading,pitch.0,333320,0.9058,0.1539,0.9886,1.3768,-0.6087,2.1961,0.0,0.0
1779816504974,1,Pitching Mound.Delivery,,Loading,pitch.0,333321,0.9385,0.1664,0.9976,1.4559,-0.5248,2.2732,0.0,0.0
1779816504974,1,Pitching Mound.Drive,,Loading,pitch.0,333828,-1.6446,5.6618,53.9124,39.7967,27.1885,4.5114,-0.0535,0.0784
1779816504974,1,Pitching Mound.Drive,,Loading,pitch.0,333829,-1.6321,5.6544,53.9095,39.7381,27.2797,4.5055,-0.0537,0.0783
1779816504974,1,Pitching Mound.Parent,,Loading,pitch.0,333028,-0.7389,5.8157,54.901,41.1735,26.5798,6.7075,-0.0526,0.0797
1779816504974,1,Pitching Mound.Parent,,Loading,pitch.0,333029,-0.6936,5.8208,54.9071,41.194,26.7549,6.7787,-0.0527,0.0791
1779816504975,1,11.0000004b,Drive,Loading,pitch.0,333830,-1.6222,5.6569,53.8829,39.6825,27.1568,4.5087,-0.0535,0.0782
1779816504975,1,12.00000015,Lower Delivery,Loading,pitch.0,333558,-0.2664,-0.7365,0.6783,-0.0777,-0.0219,0.0359,0.0,0.0
1779816504975,1,12.00000018,Upper Delivery,Loading,pitch.0,334113,1.164,0.826,0.399,1.5162,-0.4175,1.7511,0.0,0.0
1779816504975,1,Pitching Mound.Delivery,,Loading,pitch.0,333322,0.8977,0.0895,1.0773,1.5334,-0.4393,2.2733,0.0,0.0
1779816504975,1,Pitching Mound.Drive,,Loading,pitch.0,333830,-1.6222,5.6569,53.8829,39.6825,27.1568,4.5087,-0.0535,0.0782
1779816504975,1,Pitching Mound.Parent,,Loading,pitch.0,333030,-0.7245,5.7464,54.9603,41.2159,26.7175,6.782,-0.0525,0.0784
1779816504976,1,12.00000018,Upper Delivery,Loading,pitch.0,334114,1.1534,0.8179,0.4359,1.5327,-0.277,1.7635,0.0,0.0
1779816504977,1,11.0000004b,Drive,Loading,pitch.0,333831,-1.6326,5.6561,53.8705,39.7016,27.2502,4.5214,-0.0537,0.0782
1779816504977,1,12.00000015,Lower Delivery,Loading,pitch.0,333559,-0.2552,-0.7297,0.6343,-0.0778,-0.0201,0.0494,0.0,0.0
1779816504977,1,12.00000015,Lower Delivery,Loading,pitch.0,333560,-0.2545,-0.7353,0.6917,-0.0591,-0.0138,0.1527,0.0,0.0
1779816504977,1,12.00000018,Upper Delivery,Loading,pitch.0,334115,1.1826,0.8524,0.4295,1.6132,-0.259,1.7424,0.0,0.0
1779816504977,1,Pitching Mound.Delivery,,Loading,pitch.0,333323,0.8981,0.0882,1.0702,1.5223,-0.2971,2.2918,0.0,0.0
1779816504977,1,Pitching Mound.Delivery,,Loading,pitch.0,333324,0.9281,0.117,1.1213,1.6432,-0.2728,2.3836,0.0,0.0
1779816504977,1,Pitching Mound.Drive,,Loading,pitch.0,333831,-1.6326,5.6561,53.8705,39.7016,27.2502,4.5214,-0.0537,0.0782
1779816504977,1,Pitching Mound.Parent,,Loading,pitch.0,333031,-0.7345,5.7442,54.9407,41.2239,26.9531,6.8131,-0.0527,0.0779
1779816504978,1,11.0000004b,Drive,Loading,pitch.0,333832,-1.6259,5.6503,53.7969,39.6631,27.253,4.4932,-0.0538,0.0783
1779816504978,1,12.00000015,Lower Delivery,Loading,pitch.0,333561,-0.2426,-0.7269,0.6125,-0.0606,-0.0184,0.1716,0.0,0.0
1779816504978,1,12.00000018,Upper Delivery,Loading,pitch.0,334116,1.1803,0.8482,0.4386,1.5352,-0.3797,1.657,0.0,0.0
1779816504978,1,Pitching Mound.Delivery,,Loading,pitch.0,333325,0.9378,0.1213,1.051,1.5338,-0.3981,2.3124,0.0,0.0
1779816504978,1,Pitching Mound.Drive,,Loading,pitch.0,333832,-1.6259,5.6503,53.7969,39.6631,27.253,4.4932,-0.0538,0.0783
1779816504978,1,Pitching Mound.Parent,,Loading,pitch.0,333032,-0.6978,5.7674,54.9182,41.3063,26.9802,6.8768,-0.0527,0.0783
1779816504979,1,11.0000004b,Drive,Loading,pitch.0,333833,-1.6202,5.6206,53.7677,39.6355,27.1613,4.4475,-0.0536,0.0783
1779816504979,1,11.0000004b,Drive,Loading,pitch.0,333834,-1.615,5.6152,53.7596,39.6304,27.3225,4.4575,-0.054,0.0783
1779816504979,1,12.00000015,Lower Delivery,Loading,pitch.0,333562,-0.2364,-0.7349,0.5451,-0.0627,-0.0081,0.108,0.0,0.0
1779816504979,1,12.00000018,Upper Delivery,Loading,pitch.0,334117,1.2019,0.9448,0.5012,1.4889,-0.1169,1.6821,0.0,0.0
1779816504979,1,Pitching Mound.Delivery,,Loading,pitch.0,333326,0.9654,0.2099,1.0462,1.4411,-0.125,2.2791,0.0,0.0
1779816504979,1,Pitching Mound.Drive,,Loading,pitch.0,333833,-1.6202,5.6206,53.7677,39.6355,27.1613,4.4475,-0.0536,0.0783
1779816504979,1,Pitching Mound.Drive,,Loading,pitch.0,333834,-1.615,5.6152,53.7596,39.6304,27.3225,4.4575,-0.054,0.0783
1779816504979,1,Pitching Mound.Parent,,Loading,pitch.0,333034,-0.6495,5.8251,54.8058,41.0715,27.1975,6.7366,-0.0529,0.077
1779816504979,1,Pitching Mound.Parent,,Loading,pitch.0,333033,-0.6824,5.7419,54.8187,41.1692,26.7632,6.7598,-0.0526,0.0778
1779816504980,1,11.0000004b,Drive,Loading,pitch.0,333835,-1.6117,5.615,53.7279,39.7047,27.4004,4.4225,-0.0541,0.0785
1779816504980,1,12.00000015,Lower Delivery,Loading,pitch.0,333563,-0.2382,-0.7268,0.6252,-0.0671,-0.0198,0.1202,0.0,0.0
1779816504980,1,12.00000018,Upper Delivery,Loading,pitch.0,334118,1.2029,0.9568,0.5287,1.7218,-0.2127,1.6534,0.0,0.0
1779816504980,1,Pitching Mound.Delivery,,Loading,pitch.0,333327,0.9647,0.23,1.1539,1.6874,-0.2326,2.2635,0.0,0.0
1779816504980,1,Pitching Mound.Drive,,Loading,pitch.0,333835,-1.6117,5.615,53.7279,39.7047,27.4004,4.4225,-0.0541,0.0785
1779816504980,1,Pitching Mound.Parent,,Loading,pitch.0,333035,-0.6471,5.8451,54.8818,41.3921,27.1678,6.6859,-0.053,0.0774
1779816504981,1,11.0000004b,Drive,Loading,pitch.0,333836,-1.6027,5.6089,53.7513,39.7136,27.2726,4.418,-0.0539,0.0784
1779816504981,1,12.00000015,Lower Delivery,Loading,pitch.0,333564,-0.2365,-0.7157,0.6056,-0.0676,-0.0147,0.0959,0.0,0.0
1779816504981,1,Pitching Mound.Drive,,Loading,pitch.0,333836,-1.6027,5.6089,53.7513,39.7136,27.2726,4.418,-0.0539,0.0784
1779816504982,1,11.0000004b,Drive,Loading,pitch.0,333837,-1.6179,5.6108,53.7776,39.6753,27.29,4.3842,-0.0539,0.0783
1779816504982,1,12.00000015,Lower Delivery,Loading,pitch.0,333565,-0.2258,-0.7038,0.5972,-0.0728,-0.0201,0.0311,0.0,0.0
1779816504982,1,12.00000018,Upper Delivery,Loading,pitch.0,334119,1.1974,0.9693,0.5179,1.6171,-0.237,1.6297,0.0,0.0
1779816504982,1,12.00000018,Upper Delivery,Loading,pitch.0,334120,1.1889,0.9901,0.5238,1.5943,-0.2249,1.5997,0.0,0.0
1779816504982,1,Pitching Mound.Delivery,,Loading,pitch.0,333328,0.9609,0.2536,1.1236,1.5793,-0.2517,2.2132,0.0,0.0
1779816504982,1,Pitching Mound.Delivery,,Loading,pitch.0,333329,0.9631,0.2863,1.121,1.5464,-0.245,2.1117,0.0,0.0
1779816504982,1,Pitching Mound.Drive,,Loading,pitch.0,333837,-1.6179,5.6108,53.7776,39.6753,27.29,4.3842,-0.0539,0.0783
1779816504982,1,Pitching Mound.Parent,,Loading,pitch.0,333036,-0.6418,5.8625,54.8749,41.2929,27.0209,6.6312,-0.0528,0.0774
1779816504982,1,Pitching Mound.Parent,,Loading,pitch.0,333037,-0.6548,5.8971,54.8986,41.2217,27.045,6.4959,-0.0528,0.0772
1779816504983,1,11.0000004b,Drive,Loading,pitch.0,333838,-1.6177,5.5994,53.7341,39.7506,27.3992,4.3999,-0.0541,0.0785
1779816504983,1,12.00000015,Lower Delivery,Loading,pitch.0,333566,-0.2217,-0.6939,0.6293,-0.0742,-0.0305,-0.0063,0.0,0.0
1779816504983,1,Pitching Mound.Drive,,Loading,pitch.0,333838,-1.6177,5.5994,53.7341,39.7506,27.3992,4.3999,-0.0541,0.0785
1779816504984,1,11.0000004b,Drive,Loading,pitch.0,333839,-1.6207,5.6047,53.648,39.7906,27.5526,4.4071,-0.0545,0.0787
1779816504984,1,12.00000015,Lower Delivery,Loading,pitch.0,333567,-0.217,-0.6952,0.663,-0.0658,-0.0307,0.0022,0.0,0.0
1779816504984,1,12.00000018,Upper Delivery,Loading,pitch.0,334121,1.1822,0.9905,0.5582,1.546,-0.2307,1.577,0.0,0.0
1779816504984,1,12.00000018,Upper Delivery,Loading,pitch.0,334122,1.1566,0.9661,0.5207,1.513,-0.3126,1.5723,0.0,0.0
1779816504984,1,Pitching Mound.Delivery,,Loading,pitch.0,333330,0.9605,0.2966,1.1875,1.496,-0.2612,2.048,0.0,0.0
1779816504984,1,Pitching Mound.Delivery,,Loading,pitch.0,333331,0.9396,0.2709,1.1837,1.4956,-0.3433,2.0416,0.0,0.0
1779816504984,1,Pitching Mound.Drive,,Loading,pitch.0,333839,-1.6207,5.6047,53.648,39.7906,27.5526,4.4071,-0.0545,0.0787
1779816504984,1,Pitching Mound.Parent,,Loading,pitch.0,333038,-0.6572,5.896,54.9216,41.2466,27.138,6.4479,-0.053,0.0773
1779816504984,1,Pitching Mound.Parent,,Loading,pitch.0,333039,-0.6812,5.8756,54.8316,41.2862,27.2092,6.4487,-0.0533,0.0779
1779816504985,1,11.0000004b,Drive,Loading,pitch.0,333840,-1.6154,5.6098,53.5716,39.7783,27.4214,4.3576,-0.0543,0.0788
1779816504985,1,12.00000015,Lower Delivery,Loading,pitch.0,333568,-0.2128,-0.7042,0.6589,-0.0776,-0.0332,-0.013,0.0,0.0
1779816504985,1,Pitching Mound.Drive,,Loading,pitch.0,333840,-1.6154,5.6098,53.5716,39.7783,27.4214,4.3576,-0.0543,0.0788
1779816504986,1,11.0000004b,Drive,Loading,pitch.0,333841,-1.6296,5.605,53.6023,39.7907,27.5417,4.3684,-0.0545,0.0788
1779816504986,1,12.00000015,Lower Delivery,Loading,pitch.0,333569,-0.2361,-0.6973,0.6477,-0.0761,-0.0336,-0.016,0.0,0.0
1779816504986,1,12.00000018,Upper Delivery,Loading,pitch.0,334124,1.1549,0.8937,0.4467,1.4838,-0.4021,1.5287,0.0,0.0
1779816504986,1,12.00000018,Upper Delivery,Loading,pitch.0,334123,1.1542,0.922,0.4775,1.4701,-0.341,1.5694,0.0,0.0
1779816504986,1,Pitching Mound.Delivery,,Loading,pitch.0,333332,0.9413,0.2178,1.1364,1.4541,-0.3742,2.0212,0.0,0.0
1779816504986,1,Pitching Mound.Delivery,,Loading,pitch.0,333333,0.9187,0.1963,1.0944,1.476,-0.4357,1.9856,0.0,0.0
1779816504986,1,Pitching Mound.Drive,,Loading,pitch.0,333841,-1.6296,5.605,53.6023,39.7907,27.5417,4.3684,-0.0545,0.0788
1779816504986,1,Pitching Mound.Parent,,Loading,pitch.0,333040,-0.6741,5.8276,54.708,41.2324,27.0472,6.3789,-0.0532,0.0783
1779816504986,1,Pitching Mound.Parent,,Loading,pitch.0,333041,-0.7109,5.8014,54.6967,41.2667,27.1059,6.354,-0.0535,0.0785
1779816504987,1,11.0000004b,Drive,Loading,pitch.0,333842,-1.6187,5.6043,53.5839,39.6862,27.4824,4.3533,-0.0544,0.0786
1779816504987,1,12.00000015,Lower Delivery,Loading,pitch.0,333570,-0.2366,-0.7152,0.693,-0.0758,-0.0216,-0.0111,0.0,0.0
1779816504987,1,Pitching Mound.Drive,,Loading,pitch.0,333842,-1.6187,5.6043,53.5839,39.6862,27.4824,4.3533,-0.0544,0.0786
1779816504988,1,11.0000004b,Drive,Loading,pitch.0,333843,-1.6274,5.6054,53.5958,39.7079,27.4415,4.3521,-0.0544,0.0787
1779816504988,1,12.00000015,Lower Delivery,Loading,pitch.0,333571,-0.2554,-0.7281,0.7347,-0.0751,-0.0214,-0.0073,0.0,0.0
1779816504988,1,12.00000018,Upper Delivery,Loading,pitch.0,334125,1.1351,0.8482,0.4608,1.4057,-0.4999,1.4863,0.0,0.0
1779816504988,1,Pitching Mound.Delivery,,Loading,pitch.0,333334,0.8985,0.133,1.1538,1.4088,-0.5215,1.9416,0.0,0.0
1779816504988,1,Pitching Mound.Drive,,Loading,pitch.0,333843,-1.6274,5.6054,53.5958,39.7079,27.4415,4.3521,-0.0544,0.0787
1779816504988,1,Pitching Mound.Parent,,Loading,pitch.0,333042,-0.7202,5.7372,54.7377,41.095,26.961,6.2949,-0.0533,0.0784
1779816504989,1,11.0000004b,Drive,Loading,pitch.0,333844,-1.6173,5.6106,53.5256,39.6821,27.678,4.323,-0.0549,0.0787
1779816504989,1,12.00000015,Lower Delivery,Loading,pitch.0,333572,-0.263,-0.7317,0.7968,-0.0711,-0.0087,-0.0025,0.0,0.0
1779816504989,1,12.00000018,Upper Delivery,Loading,pitch.0,334126,1.1384,0.8365,0.4757,1.3613,-0.5517,1.5281,0.0,0.0
1779816504989,1,12.00000018,Upper Delivery,Loading,pitch.0,334127,1.1379,0.8283,0.4375,1.2844,-0.63,1.5318,0.0,0.0
1779816504989,1,Pitching Mound.Delivery,,Loading,pitch.0,333336,0.8749,0.0966,1.2343,1.3355,-0.6387,2.0056,0.0,0.0
1779816504989,1,Pitching Mound.Delivery,,Loading,pitch.0,333335,0.883,0.1084,1.2104,1.3743,-0.5731,1.9947,0.0,0.0
1779816504989,1,Pitching Mound.Drive,,Loading,pitch.0,333844,-1.6173,5.6106,53.5256,39.6821,27.678,4.323,-0.0549,0.0787
1779816504989,1,Pitching Mound.Parent,,Loading,pitch.0,333044,-0.7424,5.7072,54.7599,41.0176,27.0393,6.3286,-0.0537,0.0792
1779816504989,1,Pitching Mound.Parent,,Loading,pitch.0,333043,-0.7443,5.7138,54.8062,41.0822,26.8684,6.3468,-0.0532,0.0785
1779816504990,1,11.0000004b,Drive,Loading,pitch.0,333845,-1.6124,5.5897,53.5055,39.6683,27.5846,4.3058,-0.0547,0.0787
1779816504990,1,12.00000015,Lower Delivery,Loading,pitch.0,333573,-0.2916,-0.722,0.8418,-0.0587,-0.0012,0.0191,0.0,0.0
1779816504990,1,Pitching Mound.Drive,,Loading,pitch.0,333845,-1.6124,5.5897,53.5055,39.6683,27.5846,4.3058,-0.0547,0.0787
1779816504991,1,11.0000004b,Drive,Loading,pitch.0,333846,-1.621,5.5915,53.4565,39.6712,27.4402,4.2827,-0.0545,0.0788
1779816504991,1,12.00000015,Lower Delivery,Loading,pitch.0,333574,-0.2876,-0.7077,0.7845,-0.0599,0.004,-0.0037,0.0,0.0
1779816504991,1,12.00000018,Upper Delivery,Loading,pitch.0,334128,1.122,0.816,0.4569,1.3151,-0.6871,1.5387,0.0,0.0
1779816504991,1,12.00000018,Upper Delivery,Loading,pitch.0,334129,1.1084,0.7921,0.4676,1.1124,-0.518,1.521,0.0,0.0
1779816504991,1,Pitching Mound.Delivery,,Loading,pitch.0,333337,0.8304,0.094,1.2987,1.3873,-0.6883,2.0383,0.0,0.0
1779816504991,1,Pitching Mound.Delivery,,Loading,pitch.0,333338,0.8208,0.0844,1.252,1.1603,-0.514,1.9919,0.0,0.0
1779816504991,1,Pitching Mound.Drive,,Loading,pitch.0,333846,-1.621,5.5915,53.4565,39.6712,27.4402,4.2827,-0.0545,0.0788
1779816504991,1,Pitching Mound.Parent,,Loading,pitch.0,333045,-0.782,5.6837,54.8042,41.0556,26.8963,6.3441,-0.0534,0.0792
1779816504991,1,Pitching Mound.Parent,,Loading,pitch.0,333046,-0.8002,5.6759,54.7085,40.8315,26.9262,6.2746,-0.0532,0.079
1779816504992,1,11.0000004b,Drive,Loading,pitch.0,333847,-1.6253,5.5928,53.2925,39.631,27.7293,4.2909,-0.0552,0.0789
1779816504992,1,12.00000015,Lower Delivery,Loading,pitch.0,333575,-0.2861,-0.7181,0.8427,-0.0525,-0.0016,0.0221,0.0,0.0
1779816504992,1,12.00000018,Upper Delivery,Loading,pitch.0,334130,1.1346,0.8278,0.4445,1.2144,-0.5779,1.549,0.0,0.0
1779816504992,1,Pitching Mound.Delivery,,Loading,pitch.0,333339,0.8485,0.1097,1.2873,1.2973,-0.5795,2.0542,0.0,0.0
1779816504992,1,Pitching Mound.Drive,,Loading,pitch.0,333847,-1.6253,5.5928,53.2925,39.631,27.7293,4.2909,-0.0552,0.0789
1779816504992,1,Pitching Mound.Parent,,Loading,pitch.0,333047,-0.7768,5.7025,54.5798,40.9283,27.1498,6.3451,-0.0539,0.0796
1779816504993,1,11.0000004b,Drive,Loading,pitch.0,333848,-1.6206,5.5905,53.2324,39.5641,27.7576,4.3249,-0.0554,0.0789
1779816504993,1,12.00000015,Lower Delivery,Loading,pitch.0,333576,-0.2996,-0.7128,0.8957,-0.0556,-0.0046,0.0365,0.0,0.0
1779816504993,1,12.00000018,Upper Delivery,Loading,pitch.0,334131,1.1304,0.8065,0.417,1.2086,-0.6364,1.5422,0.0,0.0
1779816504993,1,Pitching Mound.Delivery,,Loading,pitch.0,333340,0.8308,0.0937,1.3127,1.3158,-0.641,2.0649,0.0,0.0
1779816504993,1,Pitching Mound.Drive,,Loading,pitch.0,333848,-1.6206,5.5905,53.2324,39.5641,27.7576,4.3249,-0.0554,0.0789
1779816504993,1,Pitching Mound.Parent,,Loading,pitch.0,333048,-0.7898,5.6843,54.545,40.8799,27.1167,6.3898,-0.054,0.08
1779816504994,1,11.0000004b,Drive,Loading,pitch.0,333849,-1.6158,5.5761,53.178,39.5081,27.6787,4.2912,-0.0553,0.0789
1779816504994,1,12.00000015,Lower Delivery,Loading,pitch.0,333577,-0.3204,-0.6937,0.8014,-0.0552,0.003,0.009,0.0,0.0
1779816504994,1,Pitching Mound.Drive,,Loading,pitch.0,333849,-1.6158,5.5761,53.178,39.5081,27.6787,4.2912,-0.0553,0.0789
1779816504995,1,11.0000004b,Drive,Loading,pitch.0,333850,-1.6006,5.5719,53.2081,39.4871,27.4231,4.276,-0.0547,0.0788
1779816504995,1,12.00000015,Lower Delivery,Loading,pitch.0,333578,-0.3194,-0.6815,0.8409,-0.0568,0.0093,0.0007,0.0,0.0
1779816504995,1,12.00000018,Upper Delivery,Loading,pitch.0,334132,1.1345,0.8125,0.3958,1.2349,-0.6657,1.5279,0.0,0.0
1779816504995,1,12.00000018,Upper Delivery,Loading,pitch.0,334133,1.1778,0.8475,0.395,1.1871,-0.6395,1.517,0.0,0.0
1779816504995,1,Pitching Mound.Delivery,,Loading,pitch.0,333341,0.814,0.1188,1.1972,1.3176,-0.6626,2.0316,0.0,0.0
1779816504995,1,Pitching Mound.Delivery,,Loading,pitch.0,333342,0.8584,0.166,1.2359,1.2819,-0.6302,2.0268,0.0,0.0
1779816504995,1,Pitching Mound.Drive,,Loading,pitch.0,333850,-1.6006,5.5719,53.2081,39.4871,27.4231,4.276,-0.0547,0.0788
1779816504995,1,Pitching Mound.Parent,,Loading,pitch.0,333050,-0.7422,5.7379,54.444,40.7689,26.7929,6.3029,-0.0535,0.0798
1779816504995,1,Pitching Mound.Parent,,Loading,pitch.0,333049,-0.8018,5.6949,54.3752,40.8257,27.0161,6.3228,-0.054,0.0797
1779816504996,1,11.0000004b,Drive,Loading,pitch.0,333851,-1.6068,5.5571,53.1491,39.4749,27.5779,4.298,-0.0551,0.0788
1779816504996,1,12.00000015,Lower Delivery,Loading,pitch.0,333579,-0.3172,-0.6469,0.8001,-0.0559,0.0046,-0.006,0.0,0.0
1779816504996,1,12.00000018,Upper Delivery,Loading,pitch.0,334134,1.1675,0.8549,0.3328,1.0682,-0.5605,1.5158,0.0,0.0
1779816504996,1,Pitching Mound.Delivery,,Loading,pitch.0,333343,0.8503,0.208,1.1329,1.1712,-0.5559,2.0146,0.0,0.0
1779816504996,1,Pitching Mound.Drive,,Loading,pitch.0,333851,-1.6068,5.5571,53.1491,39.4749,27.5779,4.298,-0.0551,0.0788
1779816504996,1,Pitching Mound.Parent,,Loading,pitch.0,333051,-0.7565,5.7651,54.282,40.6461,27.022,6.3126,-0.0539,0.0801
1779816504997,1,11.0000004b,Drive,Loading,pitch.0,333852,-1.5879,5.5425,53.1137,39.3077,27.4377,4.2735,-0.0548,0.0786
1779816504997,1,12.00000015,Lower Delivery,Loading,pitch.0,333580,-0.2838,-0.6483,0.7649,-0.0647,0.0067,-0.0107,0.0,0.0
1779816504997,1,12.00000018,Upper Delivery,Loading,pitch.0,334135,1.1794,0.8555,0.3198,1.1125,-0.6303,1.5578,0.0,0.0
1779816504997,1,Pitching Mound.Delivery,,Loading,pitch.0,333344,0.8956,0.2071,1.0847,1.1992,-0.6235,2.0446,0.0,0.0
1779816504997,1,Pitching Mound.Drive,,Loading,pitch.0,333852,-1.5879,5.5425,53.1137,39.3077,27.4377,4.2735,-0.0548,0.0786
1779816504997,1,Pitching Mound.Parent,,Loading,pitch.0,333052,-0.6923,5.7496,54.1983,40.5069,26.8142,6.3182,-0.0537,0.0798
1779816504998,1,11.0000004b,Drive,Loading,pitch.0,333853,-1.5907,5.5393,53.0283,39.341,27.4071,4.3094,-0.0549,0.0788
1779816504998,1,12.00000015,Lower Delivery,Loading,pitch.0,333581,-0.2817,-0.6315,0.6384,-0.0615,0.0006,-0.0122,0.0,0.0
1779816504998,1,12.00000018,Upper Delivery,Loading,pitch.0,334136,1.1758,0.8715,0.2285,0.9792,-0.4911,1.6065,0.0,0.0
1779816504998,1,Pitching Mound.Delivery,,Loading,pitch.0,333345,0.894,0.24,0.867,1.0571,-0.4905,2.0899,0.0,0.0
1779816504998,1,Pitching Mound.Drive,,Loading,pitch.0,333853,-1.5907,5.5393,53.0283,39.341,27.4071,4.3094,-0.0549,0.0788
1779816504998,1,Pitching Mound.Parent,,Loading,pitch.0,333053,-0.6966,5.7792,53.8953,40.3981,26.9167,6.3993,-0.054,0.0801
1779816504999,1,11.0000004b,Drive,Loading,pitch.0,333854,-1.5903,5.5317,52.9444,39.255,27.5415,4.3017,-0.0552,0.0787
1779816504999,1,12.00000015,Lower Delivery,Loading,pitch.0,333582,-0.2657,-0.6726,0.7735,-0.0697,-0.002,-0.0018,0.0,0.0
1779816504999,1,12.00000018,Upper Delivery,Loading,pitch.0,334137,1.1875,0.8734,0.2481,1.096,-0.4952,1.5697,0.0,0.0
1779816504999,1,Pitching Mound.Delivery,,Loading,pitch.0,333346,0.9218,0.2008,1.0216,1.2049,-0.4972,2.062,0.0,0.0
1779816504999,1,Pitching Mound.Drive,,Loading,pitch.0,333854,-1.5903,5.5317,52.9444,39.255,27.5415,4.3017,-0.0552,0.0787
1779816504999,1,Pitching Mound.Parent,,Loading,pitch.0,333054,-0.6684,5.7325,53.9661,40.4599,27.0443,6.3637,-0.0542,0.0805
1779816505000,1,11.0000004b,Drive,Loading,pitch.0,333855,-1.5877,5.5287,52.8684,39.1935,27.5712,4.3135,-0.0554,0.0787
1779816505000,1,12.00000015,Lower Delivery,Loading,pitch.0,333583,-0.2418,-0.6785,0.7306,-0.084,-0.0099,-0.0073,0.0,0.0
1779816505000,1,12.00000018,Upper Delivery,Loading,pitch.0,334138,1.1751,0.8404,0.1914,1.087,-0.4571,1.5948,0.0,0.0
1779816505000,1,Pitching Mound.Delivery,,Loading,pitch.0,333347,0.9333,0.1618,0.922,1.1864,-0.4671,2.0692,0.0,0.0
1779816505000,1,Pitching Mound.Drive,,Loading,pitch.0,333855,-1.5877,5.5287,52.8684,39.1935,27.5712,4.3135,-0.0554,0.0787
1779816505000,1,Pitching Mound.Parent,,Loading,pitch.0,333055,-0.6545,5.6905,53.7904,40.3798,27.1041,6.3827,-0.0544,0.0808
1779816505001,1,11.0000004b,Drive,Loading,pitch.0,333856,-1.5752,5.5164,52.8372,39.179,27.4532,4.3519,-0.0552,0.0787
1779816505001,1,12.00000015,Lower Delivery,Loading,pitch.0,333584,-0.2125,-0.6798,0.7082,-0.0879,-0.0112,-0.002,0.0,0.0
1779816505001,1,12.00000018,Upper Delivery,Loading,pitch.0,334139,1.1995,0.8534,0.1284,1.062,-0.4318,1.5874,0.0,0.0
1779816505001,1,Pitching Mound.Delivery,,Loading,pitch.0,333348,0.9869,0.1736,0.8365,1.1712,-0.443,2.0655,0.0,0.0
1779816505001,1,Pitching Mound.Drive,,Loading,pitch.0,333856,-1.5752,5.5164,52.8372,39.179,27.4532,4.3519,-0.0552,0.0787
1779816505001,1,Pitching Mound.Parent,,Loading,pitch.0,333056,-0.5883,5.69,53.6737,40.3502,27.0102,6.4174,-0.0543,0.0812
1779816505002,1,11.0000004b,Drive,Loading,pitch.0,333857,-1.5772,5.5195,52.7631,39.173,27.5435,4.3403,-0.0554,0.0788
1779816505002,1,12.00000015,Lower Delivery,Loading,pitch.0,333585,-0.2197,-0.6706,0.7116,-0.0814,-0.0065,-0.0074,0.0,0.0
1779816505002,1,12.00000018,Upper Delivery,Loading,pitch.0,334140,1.2061,0.8686,0.1038,1.1386,-0.5131,1.5813,0.0,0.0
1779816505002,1,Pitching Mound.Delivery,,Loading,pitch.0,333349,0.9864,0.198,0.8155,1.2638,-0.5196,2.0587,0.0,0.0
1779816505002,1,Pitching Mound.Drive,,Loading,pitch.0,333857,-1.5772,5.5195,52.7631,39.173,27.5435,4.3403,-0.0554,0.0788
1779816505002,1,Pitching Mound.Parent,,Loading,pitch.0,333057,-0.5908,5.7176,53.5785,40.4368,27.024,6.3989,-0.0546,0.0815
1779816505003,1,11.0000004b,Drive,Loading,pitch.0,333858,-1.5712,5.5068,52.7051,39.0736,27.5511,4.3259,-0.0555,0.0787
1779816505003,1,12.00000015,Lower Delivery,Loading,pitch.0,333586,-0.2111,-0.671,0.6491,-0.0836,-0.0043,-0.0124,0.0,0.0
1779816505003,1,12.00000018,Upper Delivery,Loading,pitch.0,334141,1.2322,0.8779,0.1231,1.0125,-0.6468,1.5717,0.0,0.0
1779816505003,1,Pitching Mound.Delivery,,Loading,pitch.0,333350,1.0211,0.2068,0.7722,1.1078,-0.6511,2.0501,0.0,0.0
1779816505003,1,Pitching Mound.Drive,,Loading,pitch.0,333858,-1.5712,5.5068,52.7051,39.0736,27.5511,4.3259,-0.0555,0.0787
1779816505003,1,Pitching Mound.Parent,,Loading,pitch.0,333058,-0.5501,5.7137,53.4773,40.1814,26.9001,6.3759,-0.0547,0.0809
1779816505004,1,11.0000004b,Drive,Loading,pitch.0,333859,-1.5506,5.493,52.6637,38.9581,27.3782,4.2725,-0.0552,0.0785
1779816505004,1,12.00000015,Lower Delivery,Loading,pitch.0,333587,-0.216,-0.7004,0.7509,-0.0808,0.0032,0.0004,0.0,0.0
1779816505004,1,12.00000018,Upper Delivery,Loading,pitch.0,334142,1.163,0.8359,0.1341,1.0838,-0.485,1.5728,0.0,0.0
1779816505004,1,Pitching Mound.Delivery,,Loading,pitch.0,333351,0.9469,0.1355,0.8849,1.2127,-0.4818,2.0421,0.0,0.0
1779816505004,1,Pitching Mound.Drive,,Loading,pitch.0,333859,-1.5506,5.493,52.6637,38.9581,27.3782,4.2725,-0.0552,0.0785
1779816505004,1,Pitching Mound.Parent,,Loading,pitch.0,333059,-0.6037,5.6285,53.5486,40.1707,26.8964,6.3146,-0.0543,0.0812
1779816505005,1,11.0000004b,Drive,Loading,pitch.0,333860,-1.5544,5.4937,52.5477,38.9301,27.4312,4.2286,-0.0554,0.0787
1779816505005,1,12.00000015,Lower Delivery,Loading,pitch.0,333588,-0.2227,-0.7482,0.8677,-0.0759,0.0074,0.0437,0.0,0.0
1779816505005,1,12.00000018,Upper Delivery,Loading,pitch.0,334143,1.1455,0.8199,0.208,0.9393,-0.4848,1.6133,0.0,0.0
1779816505005,1,Pitching Mound.Delivery,,Loading,pitch.0,333352,0.9227,0.0717,1.0757,1.0877,-0.4774,2.1221,0.0,0.0
1779816505005,1,Pitching Mound.Drive,,Loading,pitch.0,333860,-1.5544,5.4937,52.5477,38.9301,27.4312,4.2286,-0.0554,0.0787
1779816505005,1,Pitching Mound.Parent,,Loading,pitch.0,333060,-0.6317,5.5655,53.6234,40.0178,26.9538,6.3508,-0.0543,0.0813
1779816505006,1,11.0000004b,Drive,Loading,pitch.0,333861,-1.558,5.4895,52.5093,38.9414,27.4566,4.2081,-0.0555,0.0787
1779816505006,1,12.00000015,Lower Delivery,Loading,pitch.0,333589,-0.2305,-0.7203,0.7681,-0.0581,0.0072,0.0751,0.0,0.0
1779816505006,1,12.00000018,Upper Delivery,Loading,pitch.0,334144,1.1341,0.8169,0.2557,1.1287,-0.5147,1.6199,0.0,0.0
1779816505006,1,Pitching Mound.Delivery,,Loading,pitch.0,333353,0.9037,0.0966,1.0238,1.2448,-0.5075,2.159,0.0,0.0
1779816505006,1,Pitching Mound.Drive,,Loading,pitch.0,333861,-1.558,5.4895,52.5093,38.9414,27.4566,4.2081,-0.0555,0.0787
1779816505006,1,Pitching Mound.Parent,,Loading,pitch.0,333061,-0.6543,5.5861,53.5331,40.1862,26.9491,6.3671,-0.0544,0.0805
1779816505007,1,11.0000004b,Drive,Loading,pitch.0,333862,-1.5645,5.4852,52.3957,38.8259,27.4287,4.1802,-0.0556,0.0787
1779816505007,1,12.00000015,Lower Delivery,Loading,pitch.0,333590,-0.2491,-0.7546,0.7908,-0.0582,0.0047,0.1523,0.0,0.0
1779816505007,1,12.00000018,Upper Delivery,Loading,pitch.0,334145,1.1253,0.7835,0.3414,1.1528,-0.6477,1.608,0.0,0.0
1779816505007,1,Pitching Mound.Delivery,,Loading,pitch.0,333354,0.8763,0.0288,1.1322,1.2474,-0.643,2.2276,0.0,0.0
1779816505007,1,Pitching Mound.Drive,,Loading,pitch.0,333862,-1.5645,5.4852,52.3957,38.8259,27.4287,4.1802,-0.0556,0.0787
1779816505007,1,Pitching Mound.Parent,,Loading,pitch.0,333062,-0.6883,5.514,53.5279,40.0733,26.7858,6.4078,-0.0544,0.0799
1779816505008,1,11.0000004b,Drive,Loading,pitch.0,333863,-1.5698,5.4778,52.3561,38.9047,27.4534,4.1589,-0.0557,0.0789
1779816505008,1,12.00000015,Lower Delivery,Loading,pitch.0,333591,-0.2578,-0.7813,0.8193,-0.0602,0.0001,0.1301,0.0,0.0
1779816505008,1,12.00000018,Upper Delivery,Loading,pitch.0,334146,1.1051,0.7801,0.3744,1.039,-0.4864,1.6156,0.0,0.0
1779816505008,1,Pitching Mound.Delivery,,Loading,pitch.0,333355,0.8472,-0.0012,1.1937,1.1301,-0.4862,2.209,0.0,0.0
1779816505008,1,Pitching Mound.Drive,,Loading,pitch.0,333863,-1.5698,5.4778,52.3561,38.9047,27.4534,4.1589,-0.0557,0.0789
1779816505008,1,Pitching Mound.Parent,,Loading,pitch.0,333063,-0.7226,5.4767,53.5498,40.0348,26.9672,6.3679,-0.0544,0.08
1779816505009,1,11.0000004b,Drive,Loading,pitch.0,333864,-1.5644,5.4796,52.3869,38.8142,27.2411,4.1501,-0.0552,0.0787
1779816505009,1,12.00000015,Lower Delivery,Loading,pitch.0,333592,-0.2769,-0.7787,0.8078,-0.0684,-0.0032,0.0686,0.0,0.0
1779816505009,1,12.00000018,Upper Delivery,Loading,pitch.0,334147,1.0797,0.7796,0.432,1.0344,-0.4265,1.5582,0.0,0.0
1779816505009,1,Pitching Mound.Delivery,,Loading,pitch.0,333356,0.8028,0.0009,1.2398,1.0938,-0.4297,2.088,0.0,0.0
1779816505009,1,Pitching Mound.Drive,,Loading,pitch.0,333864,-1.5644,5.4796,52.3869,38.8142,27.2411,4.1501,-0.0552,0.0787
1779816505009,1,Pitching Mound.Parent,,Loading,pitch.0,333064,-0.7616,5.4805,53.6266,39.908,26.8114,6.2381,-0.0539,0.0792
1779816505010,1,11.0000004b,Drive,Loading,pitch.0,333865,-1.559,5.4626,52.2849,38.8084,27.2671,4.1119,-0.0554,0.0788
1779816505010,1,12.00000015,Lower Delivery,Loading,pitch.0,333593,-0.3022,-0.7684,0.7327,-0.0738,-0.0052,0.0205,0.0,0.0
1779816505010,1,12.00000018,Upper Delivery,Loading,pitch.0,334148,1.0508,0.7447,0.4833,1.0527,-0.3624,1.6221,0.0,0.0
1779816505010,1,Pitching Mound.Delivery,,Loading,pitch.0,333357,0.7486,-0.0237,1.2159,1.0637,-0.3676,2.1027,0.0,0.0
1779816505010,1,Pitching Mound.Drive,,Loading,pitch.0,333865,-1.559,5.4626,52.2849,38.8084,27.2671,4.1119,-0.0554,0.0788
1779816505010,1,Pitching Mound.Parent,,Loading,pitch.0,333065,-0.8104,5.4389,53.5009,39.8721,26.8995,6.2146,-0.0541,0.0786
1779816505011,1,11.0000004b,Drive,Loading,pitch.0,333866,-1.5647,5.4598,52.2466,38.6863,27.1282,4.0926,-0.0551,0.0786
1779816505011,1,12.00000015,Lower Delivery,Loading,pitch.0,333594,-0.3031,-0.7643,0.6377,-0.0727,-0.0041,0.0159,0.0,0.0
1779816505011,1,12.00000018,Upper Delivery,Loading,pitch.0,334149,1.0444,0.7784,0.4853,1.1562,-0.2851,1.6137,0.0,0.0
1779816505011,1,Pitching Mound.Delivery,,Loading,pitch.0,333358,0.7413,0.0141,1.123,1.1354,-0.2891,2.0878,0.0,0.0
1779816505011,1,Pitching Mound.Drive,,Loading,pitch.0,333866,-1.5647,5.4598,52.2466,38.6863,27.1282,4.0926,-0.0551,0.0786
1779816505011,1,Pitching Mound.Parent,,Loading,pitch.0,333066,-0.8234,5.4739,53.3696,39.8217,26.839,6.1804,-0.054,0.0779
1779816505012,1,11.0000004b,Drive,Loading,pitch.0,333867,-1.562,5.454,52.1945,38.657,27.0773,4.0843,-0.0551,0.0786
1779816505012,1,12.00000015,Lower Delivery,Loading,pitch.0,333595,-0.3054,-0.7456,0.6404,-0.0657,-0.0119,0.0375,0.0,0.0
1779816505012,1,12.00000018,Upper Delivery,Loading,pitch.0,334150,1.0469,0.767,0.4985,1.0317,-0.2514,1.6754,0.0,0.0
1779816505012,1,Pitching Mound.Delivery,,Loading,pitch.0,333359,0.7415,0.0214,1.1389,1.0142,-0.2632,2.1727,0.0,0.0
1779816505012,1,Pitching Mound.Drive,,Loading,pitch.0,333867,-1.562,5.454,52.1945,38.657,27.0773,4.0843,-0.0551,0.0786
1779816505012,1,Pitching Mound.Parent,,Loading,pitch.0,333067,-0.8205,5.4754,53.3334,39.6712,26.8141,6.2569,-0.0539,0.0779
1779816505013,1,11.0000004b,Drive,Loading,pitch.0,333868,-1.5553,5.4364,52.125,38.6068,27.0746,4.0538,-0.0551,0.0786
1779816505013,1,12.00000015,Lower Delivery,Loading,pitch.0,333596,-0.3133,-0.7564,0.6734,-0.0751,-0.009,0.0517,0.0,0.0
1779816505013,1,12.00000018,Upper Delivery,Loading,pitch.0,334151,1.0235,0.7388,0.5219,1.001,-0.1246,1.6283,0.0,0.0
1779816505013,1,Pitching Mound.Delivery,,Loading,pitch.0,333360,0.7102,-0.0177,1.1953,0.9773,-0.1336,2.1345,0.0,0.0
1779816505013,1,Pitching Mound.Drive,,Loading,pitch.0,333868,-1.5553,5.4364,52.125,38.6068,27.0746,4.0538,-0.0551,0.0786
1779816505013,1,Pitching Mound.Parent,,Loading,pitch.0,333068,-0.8451,5.4187,53.3203,39.5841,26.941,6.1883,-0.0539,0.0778
1779816505014,1,11.0000004b,Drive,Loading,pitch.0,333869,-1.5534,5.4405,52.0413,38.6241,27.3053,4.0786,-0.0557,0.0788
1779816505014,1,12.00000015,Lower Delivery,Loading,pitch.0,333597,-0.3056,-0.7548,0.6823,-0.0705,-0.0056,0.0494,0.0,0.0
1779816505014,1,12.00000018,Upper Delivery,Loading,pitch.0,334152,1.0539,0.7756,0.5338,1.0346,-0.2489,1.6139,0.0,0.0
1779816505014,1,Pitching Mound.Delivery,,Loading,pitch.0,333361,0.7483,0.0208,1.2161,1.0146,-0.2545,2.1255,0.0,0.0
1779816505014,1,Pitching Mound.Drive,,Loading,pitch.0,333869,-1.5534,5.4405,52.0413,38.6241,27.3053,4.0786,-0.0557,0.0788
1779816505014,1,Pitching Mound.Parent,,Loading,pitch.0,333069,-0.8051,5.4612,53.2575,39.6387,27.0508,6.2041,-0.0544,0.0779
1779816505015,1,11.0000004b,Drive,Loading,pitch.0,333870,-1.5458,5.4052,51.9575,38.5326,27.3558,4.0562,-0.0559,0.0787
1779816505015,1,12.00000015,Lower Delivery,Loading,pitch.0,333598,-0.2905,-0.6951,0.6489,-0.0666,-0.0073,0.0452,0.0,0.0
1779816505015,1,12.00000018,Upper Delivery,Loading,pitch.0,334153,1.0592,0.7847,0.5189,1.0423,-0.3421,1.656,0.0,0.0
1779816505015,1,Pitching Mound.Delivery,,Loading,pitch.0,333362,0.7687,0.0896,1.1678,1.0199,-0.3493,2.1601,0.0,0.0
1779816505015,1,Pitching Mound.Drive,,Loading,pitch.0,333870,-1.5458,5.4052,51.9575,38.5326,27.3558,4.0562,-0.0559,0.0787
1779816505015,1,Pitching Mound.Parent,,Loading,pitch.0,333070,-0.7771,5.4948,53.1253,39.5525,27.0064,6.2163,-0.0547,0.0778
1779816505016,1,11.0000004b,Drive,Loading,pitch.0,333871,-1.5339,5.3931,51.9018,38.3315,27.1487,4.099,-0.0555,0.0784
1779816505016,1,12.00000015,Lower Delivery,Loading,pitch.0,333599,-0.2993,-0.7116,0.6465,-0.0675,-0.0068,0.0374,0.0,0.0
1779816505016,1,12.00000018,Upper Delivery,Loading,pitch.0,334154,1.0852,0.806,0.4405,1.0296,-0.3079,1.657,0.0,0.0
1779816505016,1,Pitching Mound.Delivery,,Loading,pitch.0,333363,0.7859,0.0944,1.087,1.0321,-0.3147,2.1652,0.0,0.0
1779816505016,1,Pitching Mound.Drive,,Loading,pitch.0,333871,-1.5339,5.3931,51.9018,38.3315,27.1487,4.099,-0.0555,0.0784
1779816505016,1,Pitching Mound.Parent,,Loading,pitch.0,333071,-0.7479,5.4876,52.9888,39.3636,26.834,6.2642,-0.0544,0.0781
1779816505017,1,11.0000004b,Drive,Loading,pitch.0,333872,-1.5298,5.3836,51.8683,38.2836,27.133,4.0869,-0.0555,0.0784
1779816505017,1,12.00000015,Lower Delivery,Loading,pitch.0,333600,-0.2789,-0.7276,0.6342,-0.0706,-0.0114,0.0296,0.0,0.0
1779816505017,1,12.00000018,Upper Delivery,Loading,pitch.0,334155,1.025,0.7277,0.4824,0.9811,-0.2003,1.6428,0.0,0.0
1779816505017,1,Pitching Mound.Delivery,,Loading,pitch.0,333364,0.7461,0.0001,1.1166,0.9621,-0.2117,2.1157,0.0,0.0
1779816505017,1,Pitching Mound.Drive,,Loading,pitch.0,333872,-1.5298,5.3836,51.8683,38.2836,27.133,4.0869,-0.0555,0.0784
1779816505017,1,Pitching Mound.Parent,,Loading,pitch.0,333072,-0.7837,5.3837,52.9849,39.2457,26.9213,6.2026,-0.0544,0.0777
1779816505018,1,11.0000004b,Drive,Loading,pitch.0,333873,-1.5199,5.3702,51.7792,38.1879,27.3016,4.0745,-0.056,0.0783
1779816505018,1,12.00000015,Lower Delivery,Loading,pitch.0,333601,-0.2715,-0.7224,0.6516,-0.0682,-0.0132,0.0371,0.0,0.0
1779816505018,1,12.00000018,Upper Delivery,Loading,pitch.0,334156,1.0609,0.771,0.4222,0.9476,-0.1465,1.6628,0.0,0.0
1779816505018,1,Pitching Mound.Delivery,,Loading,pitch.0,333365,0.7893,0.0486,1.0737,0.9575,-0.1597,2.1529,0.0,0.0
1779816505018,1,Pitching Mound.Drive,,Loading,pitch.0,333873,-1.5199,5.3702,51.7792,38.1879,27.3016,4.0745,-0.056,0.0783
1779816505018,1,Pitching Mound.Parent,,Loading,pitch.0,333073,-0.7306,5.4188,52.853,39.1453,27.1419,6.2274,-0.0548,0.0782
1779816505019,1,11.0000004b,Drive,Loading,pitch.0,333874,-1.5074,5.3497,51.7545,38.1103,27.2554,4.0488,-0.0559,0.0782
1779816505019,1,12.00000015,Lower Delivery,Loading,pitch.0,333602,-0.2635,-0.6798,0.594,-0.0797,-0.0171,0.0166,0.0,0.0
1779816505019,1,12.00000018,Upper Delivery,Loading,pitch.0,334157,1.0818,0.7913,0.4523,0.9772,-0.226,1.6466,0.0,0.0
1779816505019,1,Pitching Mound.Delivery,,Loading,pitch.0,333366,0.8183,0.1116,1.0463,0.9457,-0.2431,2.1205,0.0,0.0
1779816505019,1,Pitching Mound.Drive,,Loading,pitch.0,333874,-1.5074,5.3497,51.7545,38.1103,27.2554,4.0488,-0.0559,0.0782
1779816505019,1,Pitching Mound.Parent,,Loading,pitch.0,333074,-0.6891,5.4612,52.8008,39.056,27.0123,6.1693,-0.0548,0.0775
1779816505020,1,11.0000004b,Drive,Loading,pitch.0,333875,-1.5039,5.3362,51.6004,38.0303,27.407,4.0429,-0.0564,0.0782
1779816505020,1,12.00000015,Lower Delivery,Loading,pitch.0,333603,-0.2667,-0.7107,0.6449,-0.0697,-0.0205,0.0996,0.0,0.0
1779816505020,1,12.00000018,Upper Delivery,Loading,pitch.0,334158,1.0888,0.7684,0.4164,0.9576,-0.1264,1.6582,0.0,0.0
1779816505020,1,Pitching Mound.Delivery,,Loading,pitch.0,333367,0.8221,0.0577,1.0613,0.9655,-0.147,2.2186,0.0,0.0
1779816505020,1,Pitching Mound.Drive,,Loading,pitch.0,333875,-1.5039,5.3362,51.6004,38.0303,27.407,4.0429,-0.0564,0.0782
1779816505020,1,Pitching Mound.Parent,,Loading,pitch.0,333075,-0.6818,5.3938,52.6617,38.9958,27.26,6.2615,-0.0553,0.0781
1779816505021,1,11.0000004b,Drive,Loading,pitch.0,333876,-1.4922,5.3243,51.5818,37.9663,27.3974,4.0295,-0.0564,0.0781
1779816505021,1,12.00000015,Lower Delivery,Loading,pitch.0,333604,-0.2463,-0.698,0.6304,-0.0578,-0.0197,0.1616,0.0,0.0
1779816505021,1,12.00000018,Upper Delivery,Loading,pitch.0,334159,1.129,0.815,0.4351,0.9739,-0.2356,1.6126,0.0,0.0
1779816505021,1,Pitching Mound.Delivery,,Loading,pitch.0,333368,0.8827,0.117,1.0655,0.9825,-0.2553,2.2418,0.0,0.0
1779816505021,1,Pitching Mound.Drive,,Loading,pitch.0,333876,-1.4922,5.3243,51.5818,37.9663,27.3974,4.0295,-0.0564,0.0781
1779816505021,1,Pitching Mound.Parent,,Loading,pitch.0,333076,-0.6096,5.4413,52.6473,38.9488,27.142,6.2713,-0.0552,0.0778
1779816505022,1,11.0000004b,Drive,Loading,pitch.0,333877,-1.479,5.3138,51.433,37.8533,27.5259,4.0358,-0.0568,0.0781
1779816505022,1,12.00000015,Lower Delivery,Loading,pitch.0,333605,-0.2565,-0.6713,0.6275,-0.0598,-0.0135,0.1018,0.0,0.0
1779816505022,1,12.00000018,Upper Delivery,Loading,pitch.0,334160,1.0988,0.7667,0.5017,0.9862,-0.1568,1.6097,0.0,0.0
1779816505022,1,Pitching Mound.Delivery,,Loading,pitch.0,333369,0.8423,0.0954,1.1292,0.9692,-0.1703,2.1723,0.0,0.0
1779816505022,1,Pitching Mound.Drive,,Loading,pitch.0,333877,-1.479,5.3138,51.433,37.8533,27.5259,4.0358,-0.0568,0.0781
1779816505022,1,Pitching Mound.Parent,,Loading,pitch.0,333077,-0.6367,5.4093,52.5622,38.8225,27.3556,6.2081,-0.0556,0.0773
1779816505023,1,11.0000004b,Drive,Loading,pitch.0,333878,-1.4704,5.313,51.422,37.8645,27.524,4.0017,-0.0568,0.0782
1779816505023,1,12.00000015,Lower Delivery,Loading,pitch.0,333606,-0.2497,-0.6581,0.6019,-0.0719,-0.0234,0.0988,0.0,0.0
1779816505023,1,12.00000018,Upper Delivery,Loading,pitch.0,334161,1.1109,0.7817,0.5175,1.207,-0.1602,1.5633,0.0,0.0
1779816505023,1,Pitching Mound.Delivery,,Loading,pitch.0,333370,0.8612,0.1237,1.1193,1.1637,-0.1836,2.1247,0.0,0.0
1779816505023,1,Pitching Mound.Drive,,Loading,pitch.0,333878,-1.4704,5.313,51.422,37.8645,27.524,4.0017,-0.0568,0.0782
1779816505023,1,Pitching Mound.Parent,,Loading,pitch.0,333078,-0.6092,5.4366,52.5413,39.0282,27.3404,6.1264,-0.0556,0.0771
1779816505024,1,11.0000004b,Drive,Loading,pitch.0,333879,-1.4635,5.3096,51.3857,37.8592,27.4225,3.9925,-0.0567,0.0782
1779816505024,1,12.00000015,Lower Delivery,Loading,pitch.0,333607,-0.2625,-0.6834,0.6156,-0.06,-0.0082,0.1632,0.0,0.0
1779816505024,1,12.00000018,Upper Delivery,Loading,pitch.0,334162,1.1192,0.7863,0.4921,1.2015,-0.2614,1.6088,0.0,0.0
1779816505024,1,Pitching Mound.Delivery,,Loading,pitch.0,333371,0.8567,0.1029,1.1077,1.1835,-0.2696,2.2417,0.0,0.0
1779816505024,1,Pitching Mound.Drive,,Loading,pitch.0,333879,-1.4635,5.3096,51.3857,37.8592,27.4225,3.9925,-0.0567,0.0782
1779816505024,1,Pitching Mound.Parent,,Loading,pitch.0,333079,-0.6068,5.4125,52.4934,39.0427,27.1529,6.2342,-0.0555,0.0774
1779816505025,1,11.0000004b,Drive,Loading,pitch.0,333880,-1.4619,5.2979,51.3346,37.8907,27.3506,4.0139,-0.0566,0.0784
1779816505025,1,12.00000015,Lower Delivery,Loading,pitch.0,333608,-0.26,-0.6796,0.6122,-0.0572,0.0039,0.1245,0.0,0.0
1779816505025,1,12.00000018,Upper Delivery,Loading,pitch.0,334163,1.1203,0.8006,0.497,1.1028,-0.1349,1.5891,0.0,0.0
1779816505025,1,Pitching Mound.Delivery,,Loading,pitch.0,333372,0.8603,0.121,1.1092,1.0848,-0.1309,2.183,0.0,0.0
1779816505025,1,Pitching Mound.Drive,,Loading,pitch.0,333880,-1.4619,5.2979,51.3346,37.8907,27.3506,4.0139,-0.0566,0.0784
1779816505025,1,Pitching Mound.Parent,,Loading,pitch.0,333080,-0.6017,5.4189,52.4438,38.9755,27.2197,6.1969,-0.0554,0.0774
1779816505026,1,11.0000004b,Drive,Loading,pitch.0,333881,-1.4512,5.2949,51.2226,37.8683,27.3649,4.0274,-0.0567,0.0785
1779816505026,1,12.00000015,Lower Delivery,Loading,pitch.0,333609,-0.2536,-0.6954,0.8031,-0.057,0.0069,0.169,0.0,0.0
1779816505026,1,12.00000018,Upper Delivery,Loading,pitch.0,334164,1.1379,0.8223,0.4356,1.3037,-0.2228,1.5562,0.0,0.0
1779816505026,1,Pitching Mound.Delivery,,Loading,pitch.0,333373,0.8843,0.1269,1.2386,1.3717,-0.2159,2.1983,0.0,0.0
1779816505026,1,Pitching Mound.Drive,,Loading,pitch.0,333881,-1.4512,5.2949,51.2226,37.8683,27.3649,4.0274,-0.0567,0.0785
1779816505026,1,Pitching Mound.Parent,,Loading,pitch.0,333081,-0.5669,5.4218,52.4613,39.24,27.149,6.2257,-0.0554,0.079
1779816505027,1,11.0000004b,Drive,Loading,pitch.0,333882,-1.4488,5.2896,51.1798,37.8909,27.3843,3.9912,-0.0568,0.0786
1779816505027,1,12.00000015,Lower Delivery,Loading,pitch.0,333610,-0.2353,-0.6821,0.8519,-0.061,-0.0008,0.1443,0.0,0.0
1779816505027,1,12.00000018,Upper Delivery,Loading,pitch.0,334165,1.1388,0.8344,0.4178,1.4295,-0.29,1.5944,0.0,0.0
1779816505027,1,Pitching Mound.Delivery,,Loading,pitch.0,333374,0.9035,0.1523,1.2698,1.5161,-0.2908,2.2059,0.0,0.0
1779816505027,1,Pitching Mound.Drive,,Loading,pitch.0,333882,-1.4488,5.2896,51.1798,37.8909,27.3843,3.9912,-0.0568,0.0786
1779816505027,1,Pitching Mound.Parent,,Loading,pitch.0,333082,-0.5453,5.4419,52.4496,39.407,27.0935,6.1971,-0.0554,0.0795
1779816505028,1,11.0000004b,Drive,Loading,pitch.0,333883,-1.4428,5.2911,51.1337,37.9003,27.4745,3.9935,-0.057,0.0787
1779816505028,1,12.00000015,Lower Delivery,Loading,pitch.0,333611,-0.2392,-0.668,0.7405,-0.0654,-0.0055,0.1414,0.0,0.0
1779816505028,1,12.00000018,Upper Delivery,Loading,pitch.0,334166,1.168,0.8867,0.4263,1.4598,-0.3225,1.5631,0.0,0.0
1779816505028,1,Pitching Mound.Delivery,,Loading,pitch.0,333375,0.9287,0.2187,1.1669,1.5012,-0.3281,2.1829,0.0,0.0
1779816505028,1,Pitching Mound.Drive,,Loading,pitch.0,333883,-1.4428,5.2911,51.1337,37.9003,27.4745,3.9935,-0.057,0.0787
1779816505028,1,Pitching Mound.Parent,,Loading,pitch.0,333083,-0.5141,5.5098,52.3005,39.4015,27.1464,6.1764,-0.0558,0.079
1779816505029,1,11.0000004b,Drive,Loading,pitch.0,333884,-1.4406,5.2761,51.0652,37.8468,27.2901,3.9709,-0.0567,0.0787
1779816505029,1,12.00000015,Lower Delivery,Loading,pitch.0,333612,-0.2378,-0.6711,0.8373,-0.0701,-0.0155,0.1398,0.0,0.0
1779816505029,1,12.00000018,Upper Delivery,Loading,pitch.0,334167,1.1548,0.8862,0.4276,1.351,-0.4274,1.5201,0.0,0.0
1779816505029,1,Pitching Mound.Delivery,,Loading,pitch.0,333376,0.917,0.215,1.2648,1.4202,-0.4429,2.1334,0.0,0.0
1779816505029,1,Pitching Mound.Drive,,Loading,pitch.0,333884,-1.4406,5.2761,51.0652,37.8468,27.2901,3.9709,-0.0567,0.0787
1779816505029,1,Pitching Mound.Parent,,Loading,pitch.0,333084,-0.5236,5.4912,52.33,39.267,26.8472,6.1043,-0.0554,0.0794
1779816505030,1,11.0000004b,Drive,Loading,pitch.0,333885,-1.4499,5.2745,50.9541,37.8672,27.3197,3.9786,-0.0569,0.0789
1779816505030,1,12.00000015,Lower Delivery,Loading,pitch.0,333613,-0.232,-0.6923,0.8824,-0.0662,-0.0149,0.1708,0.0,0.0
1779816505030,1,12.00000018,Upper Delivery,Loading,pitch.0,334168,1.1463,0.8799,0.3854,1.2902,-0.5361,1.465,0.0,0.0
1779816505030,1,Pitching Mound.Delivery,,Loading,pitch.0,333377,0.9143,0.1876,1.2678,1.393,-0.551,2.1044,0.0,0.0
1779816505030,1,Pitching Mound.Drive,,Loading,pitch.0,333885,-1.4499,5.2745,50.9541,37.8672,27.3197,3.9786,-0.0569,0.0789
1779816505030,1,Pitching Mound.Parent,,Loading,pitch.0,333085,-0.5356,5.462,52.2219,39.2602,26.7688,6.083,-0.0555,0.0802
1779816505031,1,11.0000004b,Drive,Loading,pitch.0,333886,-1.4549,5.2738,50.8748,37.823,27.3819,3.9622,-0.0571,0.0789
1779816505031,1,12.00000015,Lower Delivery,Loading,pitch.0,333614,-0.2251,-0.6863,0.8158,-0.0688,-0.0167,0.1734,0.0,0.0
1779816505031,1,12.00000018,Upper Delivery,Loading,pitch.0,334169,1.1547,0.8843,0.4046,1.1504,-0.6303,1.4868,0.0,0.0
1779816505031,1,Pitching Mound.Delivery,,Loading,pitch.0,333378,0.9297,0.1979,1.2204,1.2214,-0.6471,2.1294,0.0,0.0
1779816505031,1,Pitching Mound.Drive,,Loading,pitch.0,333886,-1.4549,5.2738,50.8748,37.823,27.3819,3.9622,-0.0571,0.0789
1779816505031,1,Pitching Mound.Parent,,Loading,pitch.0,333086,-0.5253,5.4717,52.0951,39.0444,26.7349,6.0916,-0.0558,0.0798
1779816505032,1,11.0000004b,Drive,Loading,pitch.0,333887,-1.4478,5.2584,50.7455,37.7347,27.5517,3.9257,-0.0576,0.0789
1779816505032,1,12.00000015,Lower Delivery,Loading,pitch.0,333615,-0.2236,-0.7174,0.7231,-0.0604,-0.0103,0.1288,0.0,0.0
1779816505032,1,12.00000018,Upper Delivery,Loading,pitch.0,334170,1.1552,0.9107,0.4019,1.154,-0.6169,1.4648,0.0,0.0
1779816505032,1,Pitching Mound.Delivery,,Loading,pitch.0,333379,0.9316,0.1933,1.125,1.2028,-0.6273,2.0624,0.0,0.0
1779816505032,1,Pitching Mound.Drive,,Loading,pitch.0,333887,-1.4478,5.2584,50.7455,37.7347,27.5517,3.9257,-0.0576,0.0789
1779816505032,1,Pitching Mound.Parent,,Loading,pitch.0,333087,-0.5162,5.4517,51.8706,38.9375,26.9244,5.9881,-0.0564,0.0793
1779816505033,1,11.0000004b,Drive,Loading,pitch.0,333888,-1.4703,5.2527,50.6629,37.7487,27.4325,3.9266,-0.0575,0.0791
1779816505033,1,12.00000015,Lower Delivery,Loading,pitch.0,333616,-0.202,-0.7181,0.6679,-0.0643,-0.0093,0.1079,0.0,0.0
1779816505033,1,12.00000018,Upper Delivery,Loading,pitch.0,334171,1.149,0.8851,0.2842,1.135,-0.6418,1.4444,0.0,0.0
1779816505033,1,Pitching Mound.Delivery,,Loading,pitch.0,333380,0.947,0.167,0.9521,1.2012,-0.6511,2.0116,0.0,0.0
1779816505033,1,Pitching Mound.Drive,,Loading,pitch.0,333888,-1.4703,5.2527,50.6629,37.7487,27.4325,3.9266,-0.0575,0.0791
1779816505033,1,Pitching Mound.Parent,,Loading,pitch.0,333088,-0.5234,5.4196,51.615,38.9499,26.7814,5.9382,-0.0564,0.0802
1779816505034,1,11.0000004b,Drive,Loading,pitch.0,333889,-1.4791,5.2383,50.5814,37.6715,27.5211,3.8975,-0.0578,0.0791
1779816505034,1,12.00000015,Lower Delivery,Loading,pitch.0,333617,-0.2017,-0.7295,0.744,-0.0644,-0.0061,0.0612,0.0,0.0
1779816505034,1,12.00000018,Upper Delivery,Loading,pitch.0,334172,1.1344,0.8601,0.277,1.1112,-0.5266,1.447,0.0,0.0
1779816505034,1,Pitching Mound.Delivery,,Loading,pitch.0,333381,0.9326,0.1306,1.021,1.2055,-0.5327,1.9624,0.0,0.0
1779816505034,1,Pitching Mound.Drive,,Loading,pitch.0,333889,-1.4791,5.2383,50.5814,37.6715,27.5211,3.8975,-0.0578,0.0791
1779816505034,1,Pitching Mound.Parent,,Loading,pitch.0,333089,-0.5465,5.3689,51.6024,38.8771,26.9884,5.8599,-0.0566,0.0806
1779816505035,1,11.0000004b,Drive,Loading,pitch.0,333890,-1.4727,5.2229,50.5394,37.5952,27.432,3.8638,-0.0576,0.079
1779816505035,1,12.00000015,Lower Delivery,Loading,pitch.0,333618,-0.2046,-0.7445,0.7816,-0.0848,-0.0104,0.0813,0.0,0.0
1779816505035,1,12.00000018,Upper Delivery,Loading,pitch.0,334173,1.0924,0.8224,0.193,1.0461,-0.5315,1.4646,0.0,0.0
1779816505035,1,Pitching Mound.Delivery,,Loading,pitch.0,333382,0.8878,0.0779,0.9746,1.1615,-0.5419,1.9869,0.0,0.0
1779816505035,1,Pitching Mound.Drive,,Loading,pitch.0,333890,-1.4727,5.2229,50.5394,37.5952,27.432,3.8638,-0.0576,0.079
1779816505035,1,Pitching Mound.Parent,,Loading,pitch.0,333090,-0.5849,5.3008,51.514,38.7567,26.8902,5.8507,-0.0565,0.0814
1779816505036,1,11.0000004b,Drive,Loading,pitch.0,333891,-1.4748,5.2126,50.4471,37.5158,27.5492,3.8746,-0.058,0.0789
1779816505036,1,12.00000015,Lower Delivery,Loading,pitch.0,333619,-0.2243,-0.7303,0.7975,-0.0946,-0.0087,0.0766,0.0,0.0
1779816505036,1,12.00000018,Upper Delivery,Loading,pitch.0,334174,1.0876,0.8023,0.2016,1.0915,-0.5349,1.4783,0.0,0.0
1779816505036,1,Pitching Mound.Delivery,,Loading,pitch.0,333383,0.8633,0.072,0.9991,1.1995,-0.5436,2.0009,0.0,0.0
1779816505036,1,Pitching Mound.Drive,,Loading,pitch.0,333891,-1.4748,5.2126,50.4471,37.5158,27.5492,3.8746,-0.058,0.0789
1779816505036,1,Pitching Mound.Parent,,Loading,pitch.0,333091,-0.6115,5.2846,51.4462,38.7153,27.0056,5.8755,-0.0568,0.0814
1779816505037,1,11.0000004b,Drive,Loading,pitch.0,333892,-1.4614,5.1965,50.4472,37.411,27.5177,3.8495,-0.0579,0.0787
1779816505037,1,12.00000015,Lower Delivery,Loading,pitch.0,333620,-0.2331,-0.7031,0.7404,-0.0706,0.0051,0.1238,0.0,0.0
1779816505037,1,12.00000018,Upper Delivery,Loading,pitch.0,334175,1.1016,0.8208,0.1624,1.0962,-0.6122,1.4979,0.0,0.0
1779816505037,1,Pitching Mound.Delivery,,Loading,pitch.0,333384,0.8685,0.1177,0.9028,1.2222,-0.6071,2.0755,0.0,0.0
1779816505037,1,Pitching Mound.Drive,,Loading,pitch.0,333892,-1.4614,5.1965,50.4472,37.411,27.5177,3.8495,-0.0579,0.0787
1779816505037,1,Pitching Mound.Parent,,Loading,pitch.0,333092,-0.5929,5.3142,51.35,38.6332,26.9107,5.925,-0.0569,0.0812
1779816505038,1,11.0000004b,Drive,Loading,pitch.0,333893,-1.4544,5.1679,50.3135,37.2965,27.4836,3.8479,-0.058,0.0787
1779816505038,1,12.00000015,Lower Delivery,Loading,pitch.0,333621,-0.2257,-0.7296,0.7901,-0.0819,0.0024,0.0817,0.0,0.0
1779816505038,1,12.00000018,Upper Delivery,Loading,pitch.0,334176,1.0874,0.8123,0.1969,1.0526,-0.4462,1.4897,0.0,0.0
1779816505038,1,Pitching Mound.Delivery,,Loading,pitch.0,333385,0.8617,0.0827,0.987,1.1724,-0.4438,2.0178,0.0,0.0
1779816505038,1,Pitching Mound.Drive,,Loading,pitch.0,333893,-1.4544,5.1679,50.3135,37.2965,27.4836,3.8479,-0.058,0.0787
1779816505038,1,Pitching Mound.Parent,,Loading,pitch.0,333093,-0.5927,5.2506,51.3005,38.4689,27.0398,5.8658,-0.0569,0.0811
1779816505039,1,11.0000004b,Drive,Loading,pitch.0,333894,-1.4497,5.1534,50.3766,37.2538,27.2581,3.8321,-0.0574,0.0785
1779816505039,1,12.00000015,Lower Delivery,Loading,pitch.0,333622,-0.2169,-0.7187,0.7708,-0.082,0.0068,0.0948,0.0,0.0
1779816505039,1,12.00000018,Upper Delivery,Loading,pitch.0,334177,1.0803,0.7956,0.1784,1.0789,-0.4782,1.5284,0.0,0.0
1779816505039,1,Pitching Mound.Delivery,,Loading,pitch.0,333386,0.8634,0.077,0.9492,1.1984,-0.4714,2.0642,0.0,0.0
1779816505039,1,Pitching Mound.Drive,,Loading,pitch.0,333894,-1.4497,5.1534,50.3766,37.2538,27.2581,3.8321,-0.0574,0.0785
1779816505039,1,Pitching Mound.Parent,,Loading,pitch.0,333094,-0.5863,5.2304,51.3258,38.4522,26.7867,5.8963,-0.0564,0.081
1779816505040,1,11.0000004b,Drive,Loading,pitch.0,333895,-1.4414,5.1413,50.2757,37.1828,27.3231,3.8451,-0.0577,0.0785
1779816505040,1,12.00000015,Lower Delivery,Loading,pitch.0,333623,-0.234,-0.7039,0.7997,-0.0855,0.0033,0.0371,0.0,0.0
1779816505040,1,12.00000018,Upper Delivery,Loading,pitch.0,334178,1.1037,0.827,0.1305,1.0902,-0.5246,1.5752,0.0,0.0
1779816505040,1,Pitching Mound.Delivery,,Loading,pitch.0,333387,0.8697,0.1231,0.9302,1.2322,-0.5213,2.0672,0.0,0.0
1779816505040,1,Pitching Mound.Drive,,Loading,pitch.0,333895,-1.4414,5.1413,50.2757,37.1828,27.3231,3.8451,-0.0577,0.0785
1779816505040,1,Pitching Mound.Parent,,Loading,pitch.0,333095,-0.5717,5.2644,51.2059,38.4151,26.8017,5.9122,-0.0566,0.0815
1779816505041,1,11.0000004b,Drive,Loading,pitch.0,333896,-1.4329,5.1099,50.2083,37.1217,27.2144,3.8009,-0.0575,0.0785
1779816505041,1,12.00000015,Lower Delivery,Loading,pitch.0,333624,-0.2311,-0.7067,0.7469,-0.0805,0.0063,0.035,0.0,0.0
1779816505041,1,12.00000018,Upper Delivery,Loading,pitch.0,334179,1.0923,0.8031,0.1736,1.0904,-0.5827,1.6001,0.0,0.0
1779816505041,1,Pitching Mound.Delivery,,Loading,pitch.0,333388,0.8612,0.0964,0.9205,1.2049,-0.5764,2.085,0.0,0.0
1779816505041,1,Pitching Mound.Drive,,Loading,pitch.0,333896,-1.4329,5.1099,50.2083,37.1217,27.2144,3.8009,-0.0575,0.0785
1779816505041,1,Pitching Mound.Parent,,Loading,pitch.0,333096,-0.5717,5.2062,51.1289,38.3266,26.638,5.8859,-0.0565,0.0809
1779816505042,1,11.0000004b,Drive,Loading,pitch.0,333897,-1.4204,5.1004,50.1279,37.0934,27.2329,3.7957,-0.0577,0.0786
1779816505042,1,12.00000015,Lower Delivery,Loading,pitch.0,333625,-0.236,-0.7174,0.8169,-0.0848,0.0029,0.0208,0.0,0.0
1779816505042,1,12.00000018,Upper Delivery,Loading,pitch.0,334180,1.1257,0.8361,0.1959,1.1166,-0.5346,1.6455,0.0,0.0
1779816505042,1,Pitching Mound.Delivery,,Loading,pitch.0,333389,0.8897,0.1186,1.0128,1.243,-0.5318,2.1293,0.0,0.0
1779816505042,1,Pitching Mound.Drive,,Loading,pitch.0,333897,-1.4204,5.1004,50.1279,37.0934,27.2329,3.7957,-0.0577,0.0786
1779816505042,1,Pitching Mound.Parent,,Loading,pitch.0,333097,-0.5307,5.219,51.1408,38.3364,26.7012,5.925,-0.0565,0.0811
1779816505043,1,11.0000004b,Drive,Loading,pitch.0,333898,-1.4259,5.0854,50.1711,37.0908,27.1193,3.764,-0.0574,0.0785
1779816505043,1,12.00000015,Lower Delivery,Loading,pitch.0,333626,-0.2264,-0.7017,0.8763,-0.081,-0.0014,0.0512,0.0,0.0
1779816505043,1,12.00000018,Upper Delivery,Loading,pitch.0,334181,1.107,0.8053,0.2364,1.0709,-0.6549,1.6597,0.0,0.0
1779816505043,1,Pitching Mound.Delivery,,Loading,pitch.0,333390,0.8805,0.1036,1.1127,1.2075,-0.6563,2.1642,0.0,0.0
1779816505043,1,Pitching Mound.Drive,,Loading,pitch.0,333898,-1.4259,5.0854,50.1711,37.0908,27.1193,3.764,-0.0574,0.0785
1779816505043,1,Pitching Mound.Parent,,Loading,pitch.0,333098,-0.5454,5.189,51.2838,38.2982,26.463,5.9282,-0.0561,0.081
1779816505044,1,11.0000004b,Drive,Loading,pitch.0,333899,-1.4038,5.0596,50.0404,37.0174,27.2842,3.7424,-0.0579,0.0785
1779816505044,1,12.00000015,Lower Delivery,Loading,pitch.0,333627,-0.2383,-0.6915,0.947,-0.0781,0.0008,0.0597,0.0,0.0
1779816505044,1,12.00000018,Upper Delivery,Loading,pitch.0,334182,1.1018,0.7973,0.3081,1.1205,-0.8636,1.6495,0.0,0.0
1779816505044,1,Pitching Mound.Delivery,,Loading,pitch.0,333391,0.8634,0.1058,1.255,1.2596,-0.8628,2.1648,0.0,0.0
1779816505044,1,Pitching Mound.Drive,,Loading,pitch.0,333899,-1.4038,5.0596,50.0404,37.0174,27.2842,3.7424,-0.0579,0.0785
1779816505044,1,Pitching Mound.Parent,,Loading,pitch.0,333099,-0.5403,5.1654,51.2954,38.277,26.4214,5.9073,-0.0565,0.0808
1779816505045,1,11.0000004b,Drive,Loading,pitch.0,333900,-1.4024,5.0536,49.8731,36.9663,27.3619,3.7398,-0.0582,0.0787
1779816505045,1,12.00000015,Lower Delivery,Loading,pitch.0,333628,-0.242,-0.6926,0.9166,-0.0786,0.0031,0.0259,0.0,0.0
1779816505045,1,12.00000018,Upper Delivery,Loading,pitch.0,334183,1.1042,0.8033,0.3323,1.0798,-0.8648,1.7227,0.0,0.0
1779816505045,1,Pitching Mound.Delivery,,Loading,pitch.0,333392,0.8622,0.1107,1.2489,1.1999,-0.8617,2.2063,0.0,0.0
1779816505045,1,Pitching Mound.Drive,,Loading,pitch.0,333900,-1.4024,5.0536,49.8731,36.9663,27.3619,3.7398,-0.0582,0.0787
1779816505045,1,Pitching Mound.Parent,,Loading,pitch.0,333100,-0.5402,5.1644,51.1219,38.1662,26.5002,5.9462,-0.0568,0.0807
1779816505046,1,11.0000004b,Drive,Loading,pitch.0,333901,-1.4007,5.0463,49.777,36.9335,27.2707,3.6988,-0.0582,0.0788
1779816505046,1,12.00000015,Lower Delivery,Loading,pitch.0,333629,-0.2385,-0.6769,0.8414,-0.0923,-0.0055,0.0111,0.0,0.0
1779816505046,1,12.00000018,Upper Delivery,Loading,pitch.0,334184,1.1044,0.8099,0.41,0.9522,-0.5342,1.7287,0.0,0.0
1779816505046,1,Pitching Mound.Delivery,,Loading,pitch.0,333393,0.8659,0.133,1.2514,1.0067,-0.5396,2.1964,0.0,0.0
1779816505046,1,Pitching Mound.Drive,,Loading,pitch.0,333901,-1.4007,5.0463,49.777,36.9335,27.2707,3.6988,-0.0582,0.0788
1779816505046,1,Pitching Mound.Parent,,Loading,pitch.0,333101,-0.5348,5.1794,51.0283,37.9401,26.7311,5.8952,-0.0567,0.0797
1779816505047,1,11.0000004b,Drive,Loading,pitch.0,333902,-1.3932,5.0347,49.794,36.9093,27.3438,3.6535,-0.0583,0.0787
1779816505047,1,12.00000015,Lower Delivery,Loading,pitch.0,333630,-0.2521,-0.6569,0.7706,-0.0832,0.0109,-0.0053,0.0,0.0
1779816505047,1,12.00000018,Upper Delivery,Loading,pitch.0,334185,1.0743,0.7856,0.3681,0.9807,-0.3673,1.7222,0.0,0.0
1779816505047,1,Pitching Mound.Delivery,,Loading,pitch.0,333394,0.8222,0.1287,1.1387,1.0344,-0.3563,2.1678,0.0,0.0
1779816505047,1,Pitching Mound.Drive,,Loading,pitch.0,333902,-1.3932,5.0347,49.794,36.9093,27.3438,3.6535,-0.0583,0.0787
1779816505047,1,Pitching Mound.Parent,,Loading,pitch.0,333102,-0.571,5.1633,50.9327,37.9437,26.9874,5.8214,-0.057,0.0796
1779816505048,1,11.0000004b,Drive,Loading,pitch.0,333903,-1.4045,5.0361,49.7549,36.9094,27.2693,3.6373,-0.0582,0.0788
1779816505048,1,12.00000015,Lower Delivery,Loading,pitch.0,333631,-0.2598,-0.6918,0.7735,-0.0809,0.0204,0.0042,0.0,0.0
1779816505048,1,12.00000018,Upper Delivery,Loading,pitch.0,334186,1.0769,0.7718,0.3658,1.0073,-0.3408,1.7057,0.0,0.0
1779816505048,1,Pitching Mound.Delivery,,Loading,pitch.0,333395,0.8171,0.08,1.1392,1.065,-0.3203,2.1643,0.0,0.0
1779816505048,1,Pitching Mound.Drive,,Loading,pitch.0,333903,-1.4045,5.0361,49.7549,36.9094,27.2693,3.6373,-0.0582,0.0788
1779816505048,1,Pitching Mound.Parent,,Loading,pitch.0,333103,-0.5874,5.1161,50.8941,37.9744,26.949,5.8017,-0.0569,0.0797
1779816505049,1,11.0000004b,Drive,Loading,pitch.0,333904,-1.3948,5.0423,49.7766,36.9522,27.1135,3.6003,-0.0578,0.0788
1779816505049,1,12.00000015,Lower Delivery,Loading,pitch.0,333632,-0.2681,-0.7002,0.7986,-0.076,0.0181,0.0265,0.0,0.0
1779816505049,1,12.00000018,Upper Delivery,Loading,pitch.0,334187,1.1013,0.7939,0.3066,0.8842,-0.2743,1.7143,0.0,0.0
1779816505049,1,Pitching Mound.Delivery,,Loading,pitch.0,333396,0.8331,0.0937,1.1052,0.9755,-0.2562,2.2064,0.0,0.0
1779816505049,1,Pitching Mound.Drive,,Loading,pitch.0,333904,-1.3948,5.0423,49.7766,36.9522,27.1135,3.6003,-0.0578,0.0788
1779816505049,1,Pitching Mound.Parent,,Loading,pitch.0,333104,-0.5616,5.136,50.8818,37.9277,26.8573,5.8067,-0.0566,0.0804
1779816505050,1,11.0000004b,Drive,Loading,pitch.0,333905,-1.3876,5.034,49.6645,36.8563,27.1679,3.5517,-0.0581,0.0788
1779816505050,1,12.00000015,Lower Delivery,Loading,pitch.0,333633,-0.2773,-0.7434,0.8574,-0.069,0.0283,0.0377,0.0,0.0
1779816505050,1,12.00000018,Upper Delivery,Loading,pitch.0,334188,1.0768,0.7795,0.3438,0.9344,-0.2943,1.6629,0.0,0.0
1779816505050,1,Pitching Mound.Delivery,,Loading,pitch.0,333397,0.7995,0.0361,1.2013,1.04,-0.2659,2.161,0.0,0.0
1779816505050,1,Pitching Mound.Drive,,Loading,pitch.0,333905,-1.3876,5.034,49.6645,36.8563,27.1679,3.5517,-0.0581,0.0788
1779816505050,1,Pitching Mound.Parent,,Loading,pitch.0,333105,-0.5882,5.0701,50.8657,37.8963,26.902,5.7127,-0.0567,0.0804
1779816505051,1,11.0000004b,Drive,Loading,pitch.0,333906,-1.3665,5.0127,49.5313,36.8292,26.9948,3.519,-0.0579,0.0789
1779816505051,1,12.00000015,Lower Delivery,Loading,pitch.0,333634,-0.2813,-0.7502,0.915,-0.0643,0.0349,0.0886,0.0,0.0
1779816505051,1,12.00000018,Upper Delivery,Loading,pitch.0,334189,1.0927,0.7983,0.2889,0.9573,-0.4627,1.6606,0.0,0.0
1779816505051,1,Pitching Mound.Delivery,,Loading,pitch.0,333398,0.8114,0.0481,1.2039,1.1059,-0.4278,2.2164,0.0,0.0
1779816505051,1,Pitching Mound.Drive,,Loading,pitch.0,333906,-1.3665,5.0127,49.5313,36.8292,26.9948,3.519,-0.0579,0.0789
1779816505051,1,Pitching Mound.Parent,,Loading,pitch.0,333106,-0.5551,5.0607,50.7352,37.935,26.567,5.7354,-0.0565,0.0813
1779816505052,1,11.0000004b,Drive,Loading,pitch.0,333907,-1.3546,5.001,49.3533,36.6828,26.9102,3.5323,-0.0579,0.0789
1779816505052,1,12.00000015,Lower Delivery,Loading,pitch.0,333635,-0.2662,-0.7641,0.9662,-0.0594,0.0206,0.184,0.0,0.0
1779816505052,1,12.00000018,Upper Delivery,Loading,pitch.0,334190,1.0891,0.8015,0.2759,0.9813,-0.4642,1.6591,0.0,0.0
1779816505052,1,Pitching Mound.Delivery,,Loading,pitch.0,333399,0.823,0.0374,1.2422,1.1567,-0.4436,2.3039,0.0,0.0
1779816505052,1,Pitching Mound.Drive,,Loading,pitch.0,333907,-1.3546,5.001,49.3533,36.6828,26.9102,3.5323,-0.0579,0.0789
1779816505052,1,Pitching Mound.Parent,,Loading,pitch.0,333107,-0.5317,5.0385,50.5954,37.8395,26.4666,5.8361,-0.0565,0.0816
1779816505053,1,11.0000004b,Drive,Loading,pitch.0,333908,-1.3506,4.9728,49.255,36.5976,26.8259,3.4961,-0.0578,0.0789
1779816505053,1,12.00000015,Lower Delivery,Loading,pitch.0,333636,-0.2731,-0.7655,0.93,-0.0576,0.0133,0.0566,0.0,0.0
1779816505053,1,12.00000018,Upper Delivery,Loading,pitch.0,334191,1.0767,0.8184,0.2073,1.0561,-0.5217,1.6263,0.0,0.0
1779816505053,1,Pitching Mound.Delivery,,Loading,pitch.0,333400,0.8036,0.0529,1.1373,1.2443,-0.5084,2.1418,0.0,0.0
1779816505053,1,Pitching Mound.Drive,,Loading,pitch.0,333908,-1.3506,4.9728,49.255,36.5976,26.8259,3.4961,-0.0578,0.0789
1779816505053,1,Pitching Mound.Parent,,Loading,pitch.0,333108,-0.5471,5.0257,50.3923,37.8419,26.3174,5.6379,-0.0565,0.082
1779816505054,1,11.0000004b,Drive,Loading,pitch.0,333909,-1.3375,4.9513,49.0898,36.4897,26.9299,3.5125,-0.0582,0.0789
1779816505054,1,12.00000015,Lower Delivery,Loading,pitch.0,333637,-0.2812,-0.7718,0.9503,-0.0601,0.0139,0.0433,0.0,0.0
1779816505054,1,12.00000018,Upper Delivery,Loading,pitch.0,334192,1.0976,0.8466,0.1511,1.1227,-0.7952,1.6632,0.0,0.0
1779816505054,1,Pitching Mound.Delivery,,Loading,pitch.0,333401,0.8164,0.0748,1.1014,1.3343,-0.7813,2.1753,0.0,0.0
1779816505054,1,Pitching Mound.Drive,,Loading,pitch.0,333909,-1.3375,4.9513,49.0898,36.4897,26.9299,3.5125,-0.0582,0.0789
1779816505054,1,Pitching Mound.Parent,,Loading,pitch.0,333109,-0.5211,5.0261,50.1912,37.824,26.1486,5.6878,-0.057,0.0826
1779816505055,1,11.0000004b,Drive,Loading,pitch.0,333910,-1.3314,4.9363,48.9783,36.435,26.8505,3.4825,-0.0582,0.079
1779816505055,1,12.00000015,Lower Delivery,Loading,pitch.0,333638,-0.2774,-0.7534,0.9418,-0.0586,0.0057,0.0906,0.0,0.0
1779816505055,1,12.00000018,Upper Delivery,Loading,pitch.0,334193,1.0819,0.8291,0.1821,1.2268,-0.9243,1.6215,0.0,0.0
1779816505055,1,Pitching Mound.Delivery,,Loading,pitch.0,333402,0.8045,0.0757,1.1239,1.4265,-0.9186,2.1743,0.0,0.0
1779816505055,1,Pitching Mound.Drive,,Loading,pitch.0,333910,-1.3314,4.9363,48.9783,36.435,26.8505,3.4825,-0.0582,0.079
1779816505055,1,Pitching Mound.Parent,,Loading,pitch.0,333110,-0.5269,5.012,50.1022,37.8615,25.9319,5.6569,-0.0569,0.0824
1779816505056,1,11.0000004b,Drive,Loading,pitch.0,333911,-1.3185,4.9088,48.8606,36.3079,26.9711,3.4581,-0.0586,0.0789
1779816505056,1,12.00000015,Lower Delivery,Loading,pitch.0,333639,-0.2588,-0.7495,0.9153,-0.0643,0.0085,0.0723,0.0,0.0
1779816505056,1,12.00000018,Upper Delivery,Loading,pitch.0,334194,1.1115,0.876,0.2272,1.0304,-0.6052,1.6066,0.0,0.0
1779816505056,1,Pitching Mound.Delivery,,Loading,pitch.0,333403,0.8528,0.1265,1.1425,1.2001,-0.5967,2.1448,0.0,0.0
1779816505056,1,Pitching Mound.Drive,,Loading,pitch.0,333911,-1.3185,4.9088,48.8606,36.3079,26.9711,3.4581,-0.0586,0.0789
1779816505056,1,Pitching Mound.Parent,,Loading,pitch.0,333111,-0.4657,5.0353,50.003,37.508,26.3744,5.6029,-0.0573,0.0818
1779816505057,1,11.0000004b,Drive,Loading,pitch.0,333912,-1.3095,4.8831,48.7209,36.1547,27.0867,3.4843,-0.059,0.0788
1779816505057,1,12.00000015,Lower Delivery,Loading,pitch.0,333640,-0.2676,-0.7348,0.9091,-0.0558,0.0102,0.1146,0.0,0.0
1779816505057,1,12.00000018,Upper Delivery,Loading,pitch.0,334195,1.114,0.828,0.229,1.0493,-0.7358,1.5934,0.0,0.0
1779816505057,1,Pitching Mound.Delivery,,Loading,pitch.0,333404,0.8463,0.0932,1.1381,1.2246,-0.7256,2.1777,0.0,0.0
1779816505057,1,Pitching Mound.Drive,,Loading,pitch.0,333912,-1.3095,4.8831,48.7209,36.1547,27.0867,3.4843,-0.059,0.0788
1779816505057,1,Pitching Mound.Parent,,Loading,pitch.0,333112,-0.4632,4.9763,49.859,37.3793,26.3612,5.662,-0.0577,0.0816
1779816505058,1,11.0000004b,Drive,Loading,pitch.0,333913,-1.3046,4.8518,48.5606,36.0631,27.1254,3.4588,-0.0593,0.0788
1779816505058,1,12.00000015,Lower Delivery,Loading,pitch.0,333641,-0.2726,-0.7197,0.9137,-0.0421,0.0149,0.1575,0.0,0.0
1779816505058,1,12.00000018,Upper Delivery,Loading,pitch.0,334196,1.1144,0.88,0.2554,0.9878,-0.7408,1.5801,0.0,0.0
1779816505058,1,Pitching Mound.Delivery,,Loading,pitch.0,333405,0.8417,0.1602,1.1691,1.1694,-0.7259,2.2092,0.0,0.0
1779816505058,1,Pitching Mound.Drive,,Loading,pitch.0,333913,-1.3046,4.8518,48.5606,36.0631,27.1254,3.4588,-0.0593,0.0788
1779816505058,1,Pitching Mound.Parent,,Loading,pitch.0,333113,-0.4629,5.012,49.7297,37.2325,26.3995,5.668,-0.0579,0.0815
1779816505059,1,11.0000004b,Drive,Loading,pitch.0,333914,-1.294,4.8252,48.3779,36.0388,27.0867,3.4359,-0.0594,0.0791
1779816505059,1,12.00000015,Lower Delivery,Loading,pitch.0,333642,-0.2644,-0.7001,0.9193,-0.0473,0.0096,0.1338,0.0,0.0
1779816505059,1,12.00000018,Upper Delivery,Loading,pitch.0,334197,1.105,0.9122,0.4224,1.1237,-0.3862,1.589,0.0,0.0
1779816505059,1,Pitching Mound.Delivery,,Loading,pitch.0,333406,0.8407,0.2121,1.3417,1.2454,-0.3766,2.1885,0.0,0.0
1779816505059,1,Pitching Mound.Drive,,Loading,pitch.0,333914,-1.294,4.8252,48.3779,36.0388,27.0867,3.4359,-0.0594,0.0791
1779816505059,1,Pitching Mound.Parent,,Loading,pitch.0,333114,-0.4533,5.0372,49.7196,37.2842,26.7101,5.6244,-0.0578,0.0803
1779816505060,1,11.0000004b,Drive,Loading,pitch.0,333915,-1.2916,4.8012,48.1621,35.8843,27.1676,3.3788,-0.0599,0.0791
1779816505060,1,11.0000004b,Drive,Loading,pitch.0,333916,-1.2848,4.7637,47.9034,35.8066,27.253,3.36,-0.0604,0.0794
1779816505060,1,12.00000015,Lower Delivery,Loading,pitch.0,333643,-0.2614,-0.6466,0.7978,-0.0667,0.0053,0.0215,0.0,0.0
1779816505060,1,12.00000018,Upper Delivery,Loading,pitch.0,334198,1.0919,0.8828,0.488,1.32,-0.6255,1.6242,0.0,0.0
1779816505060,1,Pitching Mound.Delivery,,Loading,pitch.0,333407,0.8305,0.2362,1.2858,1.3586,-0.6202,2.1059,0.0,0.0
1779816505060,1,Pitching Mound.Drive,,Loading,pitch.0,333915,-1.2916,4.8012,48.1621,35.8843,27.1676,3.3788,-0.0599,0.0791
1779816505060,1,Pitching Mound.Drive,,Loading,pitch.0,333916,-1.2848,4.7637,47.9034,35.8066,27.253,3.36,-0.0604,0.0794
1779816505060,1,Pitching Mound.Parent,,Loading,pitch.0,333115,-0.461,5.0374,49.4479,37.2429,26.5474,5.4847,-0.0583,0.0792
1779816505061,1,11.0000004b,Drive,Loading,pitch.0,333917,-1.2836,4.7489,47.8319,35.704,27.2871,3.3526,-0.0606,0.0792
1779816505061,1,12.00000015,Lower Delivery,Loading,pitch.0,333644,-0.2668,-0.6707,0.7567,-0.0703,0.0082,0.0033,0.0,0.0
1779816505061,1,12.00000018,Upper Delivery,Loading,pitch.0,334199,1.0907,0.9306,0.4728,1.299,-0.3654,1.598,0.0,0.0
1779816505061,1,Pitching Mound.Delivery,,Loading,pitch.0,333408,0.8238,0.2599,1.2294,1.3252,-0.3571,2.0629,0.0,0.0
1779816505061,1,Pitching Mound.Drive,,Loading,pitch.0,333917,-1.2836,4.7489,47.8319,35.704,27.2871,3.3526,-0.0606,0.0792
1779816505061,1,Pitching Mound.Parent,,Loading,pitch.0,333116,-0.461,5.0236,49.1328,37.1318,26.8958,5.4229,-0.0589,0.0793
1779816505062,1,12.00000015,Lower Delivery,Loading,pitch.0,333645,-0.2611,-0.6584,0.7914,-0.0675,0.0116,0.0108,0.0,0.0
1779816505062,1,12.00000018,Upper Delivery,Loading,pitch.0,334200,1.1209,0.8955,0.4646,1.207,-0.5205,1.6213,0.0,0.0
1779816505062,1,Pitching Mound.Delivery,,Loading,pitch.0,333409,0.8599,0.237,1.2559,1.2506,-0.5089,2.102,0.0,0.0
1779816505062,1,Pitching Mound.Parent,,Loading,pitch.0,333117,-0.4237,4.986,49.0878,36.9546,26.7783,5.4546,-0.059,0.0795
1779816505063,1,11.0000004b,Drive,Loading,pitch.0,333918,-1.2769,4.7216,47.6408,35.5388,27.3282,3.3009,-0.0609,0.0792
1779816505063,1,12.00000015,Lower Delivery,Loading,pitch.0,333646,-0.2519,-0.6769,0.7628,-0.0657,0.015,0.0106,0.0,0.0
1779816505063,1,12.00000018,Upper Delivery,Loading,pitch.0,334201,1.1076,0.8709,0.391,1.1431,-0.6598,1.5964,0.0,0.0
1779816505063,1,Pitching Mound.Delivery,,Loading,pitch.0,333410,0.8557,0.194,1.1538,1.2039,-0.6448,2.0692,0.0,0.0
1779816505063,1,Pitching Mound.Drive,,Loading,pitch.0,333918,-1.2769,4.7216,47.6408,35.5388,27.3282,3.3009,-0.0609,0.0792
1779816505063,1,Pitching Mound.Parent,,Loading,pitch.0,333118,-0.4213,4.9156,48.7946,36.7427,26.6834,5.3701,-0.0595,0.0799
1779816505064,1,11.0000004b,Drive,Loading,pitch.0,333919,-1.26,4.7017,47.5173,35.4305,27.2885,3.3089,-0.061,0.0792
1779816505064,1,12.00000015,Lower Delivery,Loading,pitch.0,333647,-0.2473,-0.6904,0.7082,-0.0728,0.0114,0.0095,0.0,0.0
1779816505064,1,12.00000018,Upper Delivery,Loading,pitch.0,334202,1.1068,0.87,0.4217,1.0666,-0.644,1.5802,0.0,0.0
1779816505064,1,Pitching Mound.Delivery,,Loading,pitch.0,333411,0.8595,0.1796,1.1299,1.0912,-0.6325,2.0501,0.0,0.0
1779816505064,1,Pitching Mound.Drive,,Loading,pitch.0,333919,-1.26,4.7017,47.5173,35.4305,27.2885,3.3089,-0.061,0.0792
1779816505064,1,Pitching Mound.Parent,,Loading,pitch.0,333119,-0.4005,4.8813,48.6473,36.5216,26.6559,5.359,-0.0596,0.0793
1779816505065,1,11.0000004b,Drive,Loading,pitch.0,333920,-1.2636,4.6592,47.3611,35.305,27.2047,3.2602,-0.061,0.0791
1779816505065,1,12.00000015,Lower Delivery,Loading,pitch.0,333648,-0.2459,-0.7332,0.6987,-0.0671,0.0182,0.0237,0.0,0.0
1779816505065,1,12.00000018,Upper Delivery,Loading,pitch.0,334203,1.0952,0.8421,0.354,1.0301,-0.4691,1.5802,0.0,0.0
1779816505065,1,Pitching Mound.Delivery,,Loading,pitch.0,333412,0.8493,0.1089,1.0527,1.0802,-0.4509,2.0599,0.0,0.0
1779816505065,1,Pitching Mound.Drive,,Loading,pitch.0,333920,-1.2636,4.6592,47.3611,35.305,27.2047,3.2602,-0.061,0.0791
1779816505065,1,Pitching Mound.Parent,,Loading,pitch.0,333120,-0.4142,4.768,48.4138,36.3851,26.7538,5.3201,-0.0597,0.0798
1779816505066,1,11.0000004b,Drive,Loading,pitch.0,333921,-1.2503,4.6421,47.0926,35.2483,27.291,3.2584,-0.0615,0.0795
1779816505066,1,12.00000015,Lower Delivery,Loading,pitch.0,333649,-0.26,-0.7373,0.5826,-0.0573,0.0198,0.0911,0.0,0.0
1779816505066,1,12.00000018,Upper Delivery,Loading,pitch.0,334204,1.0546,0.7932,0.3131,0.881,-0.5847,1.5174,0.0,0.0
1779816505066,1,Pitching Mound.Delivery,,Loading,pitch.0,333413,0.7945,0.0558,0.8958,0.9154,-0.5649,2.0555,0.0,0.0
1779816505066,1,Pitching Mound.Drive,,Loading,pitch.0,333921,-1.2503,4.6421,47.0926,35.2483,27.291,3.2584,-0.0615,0.0795
1779816505066,1,Pitching Mound.Parent,,Loading,pitch.0,333121,-0.4558,4.6979,47.9884,36.1637,26.7261,5.3139,-0.0604,0.0799
1779816505067,1,11.0000004b,Drive,Loading,pitch.0,333922,-1.2421,4.6168,46.9703,35.0542,27.2394,3.2329,-0.0616,0.0792
1779816505067,1,12.00000015,Lower Delivery,Loading,pitch.0,333650,-0.2621,-0.758,0.6146,-0.0628,0.0242,0.0156,0.0,0.0
1779816505067,1,12.00000018,Upper Delivery,Loading,pitch.0,334205,1.0354,0.756,0.3982,0.7475,-0.5475,1.5235,0.0,0.0
1779816505067,1,Pitching Mound.Delivery,,Loading,pitch.0,333414,0.7733,-0.002,1.0128,0.7583,-0.5233,1.9802,0.0,0.0
1779816505067,1,Pitching Mound.Drive,,Loading,pitch.0,333922,-1.2421,4.6168,46.9703,35.0542,27.2394,3.2329,-0.0616,0.0792
1779816505067,1,Pitching Mound.Parent,,Loading,pitch.0,333122,-0.4688,4.6148,47.9831,35.8125,26.7161,5.2131,-0.0603,0.0791
1779816505068,1,11.0000004b,Drive,Loading,pitch.0,333923,-1.2349,4.587,46.8888,34.9901,27.1488,3.2058,-0.0615,0.0792
1779816505068,1,12.00000015,Lower Delivery,Loading,pitch.0,333651,-0.258,-0.7766,0.6373,-0.053,0.0221,0.0679,0.0,0.0
1779816505068,1,12.00000018,Upper Delivery,Loading,pitch.0,334206,1.0548,0.7847,0.3647,0.8658,-0.73,1.5139,0.0,0.0
1779816505068,1,Pitching Mound.Delivery,,Loading,pitch.0,333415,0.7968,0.0081,1.0021,0.9055,-0.7079,2.0282,0.0,0.0
1779816505068,1,Pitching Mound.Drive,,Loading,pitch.0,333923,-1.2349,4.587,46.8888,34.9901,27.1488,3.2058,-0.0615,0.0792
1779816505068,1,Pitching Mound.Parent,,Loading,pitch.0,333123,-0.4381,4.5951,47.8908,35.8955,26.4409,5.234,-0.0602,0.0795
1779816505069,1,11.0000004b,Drive,Loading,pitch.0,333924,-1.2289,4.5659,46.7598,34.7497,27.1767,3.1787,-0.0617,0.0789
1779816505069,1,12.00000015,Lower Delivery,Loading,pitch.0,333652,-0.246,-0.7748,0.7006,-0.0497,0.0192,0.1243,0.0,0.0
1779816505069,1,12.00000018,Upper Delivery,Loading,pitch.0,334207,1.0588,0.7514,0.418,0.9596,-0.5234,1.5442,0.0,0.0
1779816505069,1,Pitching Mound.Delivery,,Loading,pitch.0,333416,0.8127,-0.0234,1.1186,1.006,-0.5042,2.1122,0.0,0.0
1779816505069,1,Pitching Mound.Drive,,Loading,pitch.0,333924,-1.2289,4.5659,46.7598,34.7497,27.1767,3.1787,-0.0617,0.0789
1779816505069,1,Pitching Mound.Parent,,Loading,pitch.0,333124,-0.4162,4.5425,47.8784,35.7558,26.6725,5.2909,-0.0603,0.0791
1779816505070,1,11.0000004b,Drive,Loading,pitch.0,333925,-1.2088,4.5409,46.573,34.5647,27.2554,3.1447,-0.0621,0.0788
1779816505070,1,12.00000015,Lower Delivery,Loading,pitch.0,333653,-0.2525,-0.7811,0.6127,-0.033,0.0279,0.186,0.0,0.0
1779816505070,1,12.00000018,Upper Delivery,Loading,pitch.0,334208,1.0604,0.7529,0.3733,0.8763,-0.596,1.5303,0.0,0.0
1779816505070,1,Pitching Mound.Delivery,,Loading,pitch.0,333417,0.808,-0.0283,0.986,0.9247,-0.5681,2.1627,0.0,0.0
1779816505070,1,Pitching Mound.Drive,,Loading,pitch.0,333925,-1.2088,4.5409,46.573,34.5647,27.2554,3.1447,-0.0621,0.0788
1779816505070,1,Pitching Mound.Parent,,Loading,pitch.0,333125,-0.4009,4.5126,47.559,35.4894,26.6872,5.3074,-0.0608,0.0789
1779816505071,1,11.0000004b,Drive,Loading,pitch.0,333926,-1.2001,4.5048,46.4717,34.5074,27.2295,3.1588,-0.0622,0.0788
1779816505071,1,11.0000004b,Drive,Loading,pitch.0,333927,-1.1897,4.5009,46.341,34.3501,27.1773,3.1085,-0.0623,0.0787
1779816505071,1,12.00000015,Lower Delivery,Loading,pitch.0,333654,-0.2667,-0.7969,0.7093,-0.0302,0.0262,0.2621,0.0,0.0
1779816505071,1,12.00000018,Upper Delivery,Loading,pitch.0,334209,1.035,0.7183,0.501,0.9431,-0.4425,1.4886,0.0,0.0
1779816505071,1,Pitching Mound.Delivery,,Loading,pitch.0,333418,0.7684,-0.0786,1.2103,0.9836,-0.4163,2.1932,0.0,0.0
1779816505071,1,Pitching Mound.Drive,,Loading,pitch.0,333926,-1.2001,4.5048,46.4717,34.5074,27.2295,3.1588,-0.0622,0.0788
1779816505071,1,Pitching Mound.Drive,,Loading,pitch.0,333927,-1.1897,4.5009,46.341,34.3501,27.1773,3.1085,-0.0623,0.0787
1779816505071,1,Pitching Mound.Parent,,Loading,pitch.0,333126,-0.4317,4.4262,47.682,35.4911,26.8132,5.3521,-0.0606,0.0783
1779816505072,1,11.0000004b,Drive,Loading,pitch.0,333928,-1.1731,4.473,46.2084,34.1968,27.1024,3.0779,-0.0623,0.0786
1779816505072,1,12.00000015,Lower Delivery,Loading,pitch.0,333655,-0.2733,-0.7791,0.7449,-0.02,0.026,0.2965,0.0,0.0
1779816505072,1,12.00000018,Upper Delivery,Loading,pitch.0,334210,1.0497,0.7203,0.4921,1.0452,-0.7149,1.5348,0.0,0.0
1779816505072,1,Pitching Mound.Delivery,,Loading,pitch.0,333419,0.7764,-0.0588,1.237,1.1112,-0.6889,2.2811,0.0,0.0
1779816505072,1,Pitching Mound.Drive,,Loading,pitch.0,333928,-1.1731,4.473,46.2084,34.1968,27.1024,3.0779,-0.0623,0.0786
1779816505072,1,Pitching Mound.Parent,,Loading,pitch.0,333127,-0.4133,4.4421,47.5779,35.4612,26.4884,5.3897,-0.0606,0.0785
1779816505073,1,11.0000004b,Drive,Loading,pitch.0,333929,-1.1636,4.4606,46.1021,34.0547,26.9647,3.052,-0.0621,0.0784
1779816505073,1,12.00000015,Lower Delivery,Loading,pitch.0,333656,-0.2748,-0.7575,0.7404,-0.0298,0.0194,0.2872,0.0,0.0
1779816505073,1,12.00000018,Upper Delivery,Loading,pitch.0,334211,1.0556,0.7339,0.4733,0.9426,-0.2581,1.5089,0.0,0.0
1779816505073,1,Pitching Mound.Delivery,,Loading,pitch.0,333420,0.7808,-0.0236,1.2137,1.0036,-0.2387,2.2485,0.0,0.0
1779816505073,1,Pitching Mound.Drive,,Loading,pitch.0,333929,-1.1636,4.4606,46.1021,34.0547,26.9647,3.052,-0.0621,0.0784
1779816505073,1,Pitching Mound.Parent,,Loading,pitch.0,333128,-0.3923,4.4494,47.4221,35.2004,26.8637,5.3263,-0.0607,0.0785
1779816505074,1,11.0000004b,Drive,Loading,pitch.0,333930,-1.162,4.4596,45.9512,33.9045,26.9719,3.0208,-0.0623,0.0783
1779816505074,1,12.00000015,Lower Delivery,Loading,pitch.0,333657,-0.3075,-0.7665,0.698,-0.0405,0.0065,0.2711,0.0,0.0
1779816505074,1,12.00000018,Upper Delivery,Loading,pitch.0,334212,1.0284,0.6998,0.4595,1.1269,-0.5633,1.5403,0.0,0.0
1779816505074,1,Pitching Mound.Delivery,,Loading,pitch.0,333421,0.7209,-0.0667,1.1575,1.1674,-0.5568,2.2656,0.0,0.0
1779816505074,1,Pitching Mound.Drive,,Loading,pitch.0,333930,-1.162,4.4596,45.9512,33.9045,26.9719,3.0208,-0.0623,0.0783
1779816505074,1,Pitching Mound.Parent,,Loading,pitch.0,333129,-0.4427,4.3939,47.2596,35.2221,26.4078,5.3176,-0.0606,0.0782
1779816505075,1,11.0000004b,Drive,Loading,pitch.0,333931,-1.1562,4.4368,45.841,33.8178,26.9237,3.0012,-0.0624,0.0783
1779816505075,1,12.00000015,Lower Delivery,Loading,pitch.0,333658,-0.3001,-0.7571,0.7016,-0.0356,0.0036,0.2602,0.0,0.0
1779816505075,1,12.00000018,Upper Delivery,Loading,pitch.0,334213,1.0485,0.7147,0.4541,1.1047,-0.5839,1.5583,0.0,0.0
1779816505075,1,Pitching Mound.Delivery,,Loading,pitch.0,333422,0.7484,-0.0424,1.1558,1.1532,-0.5803,2.277,0.0,0.0
1779816505075,1,Pitching Mound.Drive,,Loading,pitch.0,333931,-1.1562,4.4368,45.841,33.8178,26.9237,3.0012,-0.0624,0.0783
1779816505075,1,Pitching Mound.Parent,,Loading,pitch.0,333130,-0.4136,4.4172,47.107,35.0577,26.3916,5.2978,-0.0608,0.0782
1779816505076,1,11.0000004b,Drive,Loading,pitch.0,333932,-1.1367,4.4262,45.6959,33.6998,26.763,2.9665,-0.0622,0.0783
1779816505076,1,12.00000015,Lower Delivery,Loading,pitch.0,333659,-0.2992,-0.7304,0.6717,-0.0333,0.0077,0.2528,0.0,0.0
1779816505076,1,12.00000018,Upper Delivery,Loading,pitch.0,334214,1.0627,0.7238,0.4349,1.1188,-0.5423,1.568,0.0,0.0
1779816505076,1,Pitching Mound.Delivery,,Loading,pitch.0,333423,0.7635,-0.0066,1.1066,1.166,-0.5346,2.2839,0.0,0.0
1779816505076,1,Pitching Mound.Drive,,Loading,pitch.0,333932,-1.1367,4.4262,45.6959,33.6998,26.763,2.9665,-0.0622,0.0783
1779816505076,1,Pitching Mound.Parent,,Loading,pitch.0,333131,-0.3926,4.4301,46.9476,34.9838,26.389,5.2851,-0.0609,0.0782
1779816505077,1,11.0000004b,Drive,Loading,pitch.0,333933,-1.1219,4.4136,45.5435,33.5674,26.7618,2.9463,-0.0624,0.0782
1779816505077,1,12.00000015,Lower Delivery,Loading,pitch.0,333660,-0.2773,-0.7185,0.642,-0.0501,-0.003,0.2066,0.0,0.0
1779816505077,1,12.00000018,Upper Delivery,Loading,pitch.0,334215,1.0598,0.72,0.4586,1.2323,-0.7762,1.5812,0.0,0.0
1779816505077,1,Pitching Mound.Delivery,,Loading,pitch.0,333424,0.7826,0.0015,1.1006,1.2445,-0.7792,2.2424,0.0,0.0
1779816505077,1,Pitching Mound.Drive,,Loading,pitch.0,333933,-1.1219,4.4136,45.5435,33.5674,26.7618,2.9463,-0.0624,0.0782
1779816505077,1,Pitching Mound.Parent,,Loading,pitch.0,333132,-0.3542,4.4278,46.7965,34.9444,25.9838,5.2089,-0.0607,0.0778
1779816505078,1,11.0000004b,Drive,Loading,pitch.0,333934,-1.121,4.3892,45.3864,33.3899,26.6635,2.9109,-0.0624,0.0781
1779816505078,1,12.00000015,Lower Delivery,Loading,pitch.0,333661,-0.284,-0.7272,0.7379,-0.0433,-0.0056,0.193,0.0,0.0
1779816505078,1,12.00000018,Upper Delivery,Loading,pitch.0,334216,1.0896,0.7661,0.4459,1.0696,-0.5532,1.5999,0.0,0.0
1779816505078,1,Pitching Mound.Delivery,,Loading,pitch.0,333425,0.8055,0.0389,1.1838,1.1256,-0.5587,2.26,0.0,0.0
1779816505078,1,Pitching Mound.Drive,,Loading,pitch.0,333934,-1.121,4.3892,45.3864,33.3899,26.6635,2.9109,-0.0624,0.0781
1779816505078,1,Pitching Mound.Parent,,Loading,pitch.0,333133,-0.3164,4.4525,46.7273,34.693,26.2031,5.2063,-0.0608,0.0784
1779816505079,1,11.0000004b,Drive,Loading,pitch.0,333935,-1.1035,4.372,45.3009,33.3075,26.5251,2.9115,-0.0622,0.0781
1779816505079,1,12.00000015,Lower Delivery,Loading,pitch.0,333662,-0.2764,-0.7166,0.777,-0.0503,-0.009,0.1698,0.0,0.0
1779816505079,1,12.00000018,Upper Delivery,Loading,pitch.0,334217,1.0639,0.7591,0.3869,1.2022,-0.6458,1.5985,0.0,0.0
1779816505079,1,Pitching Mound.Delivery,,Loading,pitch.0,333426,0.7875,0.0424,1.1639,1.2846,-0.6548,2.224,0.0,0.0
1779816505079,1,Pitching Mound.Drive,,Loading,pitch.0,333935,-1.1035,4.372,45.3009,33.3075,26.5251,2.9115,-0.0622,0.0781
1779816505079,1,Pitching Mound.Parent,,Loading,pitch.0,333134,-0.3335,4.4316,46.5503,34.6745,26.0088,5.1349,-0.0608,0.079
1779816505080,1,11.0000004b,Drive,Loading,pitch.0,333936,-1.0787,4.3441,45.1721,33.2133,26.4681,2.8814,-0.0622,0.0781
1779816505080,1,12.00000015,Lower Delivery,Loading,pitch.0,333663,-0.2709,-0.6941,0.7529,-0.0548,-0.0092,0.1937,0.0,0.0
1779816505080,1,12.00000018,Upper Delivery,Loading,pitch.0,334218,1.0366,0.7584,0.4119,1.1929,-0.6741,1.5841,0.0,0.0
1779816505080,1,Pitching Mound.Delivery,,Loading,pitch.0,333427,0.7658,0.0643,1.1648,1.254,-0.6833,2.2224,0.0,0.0
1779816505080,1,Pitching Mound.Drive,,Loading,pitch.0,333936,-1.0787,4.3441,45.1721,33.2133,26.4681,2.8814,-0.0622,0.0781
1779816505080,1,Pitching Mound.Parent,,Loading,pitch.0,333135,-0.3377,4.4363,46.4657,34.5615,25.8418,5.1339,-0.0606,0.0786
1779816505081,1,11.0000004b,Drive,Loading,pitch.0,333937,-1.0816,4.3463,45.0259,33.076,26.4851,2.8437,-0.0624,0.078
1779816505081,1,12.00000015,Lower Delivery,Loading,pitch.0,333664,-0.2747,-0.6845,0.7027,-0.0708,-0.0102,0.0579,0.0,0.0
1779816505081,1,12.00000018,Upper Delivery,Loading,pitch.0,334219,1.0382,0.7656,0.3696,1.2916,-0.8093,1.606,0.0,0.0
1779816505081,1,Pitching Mound.Delivery,,Loading,pitch.0,333428,0.7636,0.0812,1.0723,1.334,-0.8196,2.1103,0.0,0.0
1779816505081,1,Pitching Mound.Drive,,Loading,pitch.0,333937,-1.0816,4.3463,45.0259,33.076,26.4851,2.8437,-0.0624,0.078
1779816505081,1,Pitching Mound.Parent,,Loading,pitch.0,333136,-0.3151,4.4253,46.2444,34.5473,25.6485,4.9916,-0.0608,0.0787
1779816505082,1,11.0000004b,Drive,Loading,pitch.0,333938,-1.0637,4.3381,44.8558,32.9799,26.5223,2.8462,-0.0628,0.0781
1779816505082,1,12.00000015,Lower Delivery,Loading,pitch.0,333665,-0.2673,-0.6772,0.6874,-0.0668,-0.0137,0.0353,0.0,0.0
1779816505082,1,12.00000018,Upper Delivery,Loading,pitch.0,334220,1.0127,0.7493,0.3808,1.2483,-0.7128,1.6049,0.0,0.0
1779816505082,1,Pitching Mound.Delivery,,Loading,pitch.0,333429,0.7454,0.0721,1.0682,1.2858,-0.7265,2.0753,0.0,0.0
1779816505082,1,Pitching Mound.Drive,,Loading,pitch.0,333938,-1.0637,4.3381,44.8558,32.9799,26.5223,2.8462,-0.0628,0.0781
1779816505082,1,Pitching Mound.Parent,,Loading,pitch.0,333137,-0.3361,4.4184,46.0941,34.3618,25.7586,4.919,-0.061,0.0784
1779816505083,1,11.0000004b,Drive,Loading,pitch.0,333939,-1.0537,4.3178,44.7233,32.8811,26.5319,2.831,-0.063,0.0781
1779816505083,1,12.00000015,Lower Delivery,Loading,pitch.0,333666,-0.2687,-0.6881,0.725,-0.0715,-0.0057,0.0186,0.0,0.0
1779816505083,1,12.00000018,Upper Delivery,Loading,pitch.0,334221,1.0332,0.7737,0.387,1.0754,-0.5321,1.6336,0.0,0.0
1779816505083,1,Pitching Mound.Delivery,,Loading,pitch.0,333430,0.7644,0.0857,1.112,1.1189,-0.5378,2.0949,0.0,0.0
1779816505083,1,Pitching Mound.Drive,,Loading,pitch.0,333939,-1.0537,4.3178,44.7233,32.8811,26.5319,2.831,-0.063,0.0781
1779816505083,1,Pitching Mound.Parent,,Loading,pitch.0,333138,-0.2993,4.4238,45.9677,34.0988,25.9845,4.9411,-0.0613,0.0787
1779816505084,1,11.0000004b,Drive,Loading,pitch.0,333940,-1.0474,4.3009,44.6127,32.8255,26.4953,2.8099,-0.063,0.0781
1779816505084,1,12.00000015,Lower Delivery,Loading,pitch.0,333667,-0.2694,-0.6976,0.7444,-0.0638,-0.0127,0.0484,0.0,0.0
1779816505084,1,12.00000018,Upper Delivery,Loading,pitch.0,334222,1.0308,0.7697,0.4427,0.9842,-0.3274,1.6898,0.0,0.0
1779816505084,1,Pitching Mound.Delivery,,Loading,pitch.0,333431,0.7614,0.0722,1.1871,1.023,-0.34,2.1802,0.0,0.0
1779816505084,1,Pitching Mound.Drive,,Loading,pitch.0,333940,-1.0474,4.3009,44.6127,32.8255,26.4953,2.8099,-0.063,0.0781
1779816505084,1,Pitching Mound.Parent,,Loading,pitch.0,333139,-0.2923,4.39,45.9104,33.9041,26.1919,5.0113,-0.0614,0.0783
1779816505085,1,11.0000004b,Drive,Loading,pitch.0,333941,-1.0426,4.2854,44.4535,32.6982,26.4534,2.7667,-0.0632,0.0781
1779816505085,1,12.00000015,Lower Delivery,Loading,pitch.0,333668,-0.2429,-0.6876,0.7878,-0.0697,-0.0184,0.0005,0.0,0.0
1779816505085,1,12.00000015,Lower Delivery,Loading,pitch.0,333669,-0.2525,-0.6592,0.7348,-0.0771,-0.0198,-0.0092,0.0,0.0
1779816505085,1,12.00000018,Upper Delivery,Loading,pitch.0,334223,1.0172,0.7862,0.5202,0.9759,-0.4372,1.7415,0.0,0.0
1779816505085,1,Pitching Mound.Delivery,,Loading,pitch.0,333432,0.7743,0.0986,1.308,0.9972,-0.4557,2.1704,0.0,0.0
1779816505085,1,Pitching Mound.Drive,,Loading,pitch.0,333941,-1.0426,4.2854,44.4535,32.6982,26.4534,2.7667,-0.0632,0.0781
1779816505085,1,Pitching Mound.Parent,,Loading,pitch.0,333140,-0.2731,4.3995,45.9207,33.8228,26.0397,4.9803,-0.0613,0.0779
1779816505086,1,11.0000004b,Drive,Loading,pitch.0,333942,-1.0353,4.2738,44.4208,32.6091,26.4855,2.7897,-0.0633,0.0779
1779816505086,1,12.00000018,Upper Delivery,Loading,pitch.0,334224,1.0163,0.7666,0.5189,0.9717,-0.3644,1.7155,0.0,0.0
1779816505086,1,Pitching Mound.Delivery,,Loading,pitch.0,333433,0.7638,0.1075,1.2538,0.968,-0.3842,2.1377,0.0,0.0
1779816505086,1,Pitching Mound.Drive,,Loading,pitch.0,333942,-1.0353,4.2738,44.4208,32.6091,26.4855,2.7897,-0.0633,0.0779
1779816505086,1,Pitching Mound.Parent,,Loading,pitch.0,333141,-0.2788,4.3929,45.7072,33.6662,26.0692,4.9044,-0.0614,0.0776
1779816505087,1,11.0000004b,Drive,Loading,pitch.0,333943,-1.0436,4.264,44.3089,32.5347,26.431,2.7698,-0.0633,0.078
1779816505087,1,12.00000015,Lower Delivery,Loading,pitch.0,333670,-0.2459,-0.6957,0.8285,-0.0793,-0.0207,-0.0074,0.0,0.0
1779816505087,1,12.00000018,Upper Delivery,Loading,pitch.0,334225,0.9711,0.7147,0.5746,0.9058,-0.4211,1.7476,0.0,0.0
1779816505087,1,Pitching Mound.Delivery,,Loading,pitch.0,333434,0.7251,0.0191,1.4031,0.9128,-0.4417,2.1539,0.0,0.0
1779816505087,1,Pitching Mound.Drive,,Loading,pitch.0,333943,-1.0436,4.264,44.3089,32.5347,26.431,2.7698,-0.0633,0.078
1779816505087,1,Pitching Mound.Parent,,Loading,pitch.0,333142,-0.3101,4.2929,45.8239,33.522,26.0438,4.9436,-0.0614,0.0774
1779816505088,1,11.0000004b,Drive,Loading,pitch.0,333944,-1.0429,4.2737,44.1826,32.4534,26.289,2.7366,-0.0632,0.078
1779816505088,1,12.00000015,Lower Delivery,Loading,pitch.0,333671,-0.254,-0.694,0.8052,-0.0882,-0.015,-0.0079,0.0,0.0
1779816505088,1,12.00000015,Lower Delivery,Loading,pitch.0,333672,-0.2624,-0.6697,0.7087,-0.0882,-0.0127,-0.0134,0.0,0.0
1779816505088,1,12.00000018,Upper Delivery,Loading,pitch.0,334226,0.9818,0.7141,0.5852,0.9275,-0.0267,1.7644,0.0,0.0
1779816505088,1,Pitching Mound.Delivery,,Loading,pitch.0,333435,0.7279,0.0201,1.3904,0.9141,-0.0417,2.1767,0.0,0.0
1779816505088,1,Pitching Mound.Drive,,Loading,pitch.0,333944,-1.0429,4.2737,44.1826,32.4534,26.289,2.7366,-0.0632,0.078
1779816505088,1,Pitching Mound.Parent,,Loading,pitch.0,333143,-0.3158,4.284,45.6993,33.4488,26.3893,4.9465,-0.0614,0.0772
1779816505089,1,11.0000004b,Drive,Loading,pitch.0,333945,-1.0368,4.2672,44.0872,32.353,26.2709,2.7176,-0.0633,0.0779
1779816505089,1,12.00000015,Lower Delivery,Loading,pitch.0,333673,-0.252,-0.6664,0.724,-0.0924,-0.0152,-0.0091,0.0,0.0
1779816505089,1,12.00000018,Upper Delivery,Loading,pitch.0,334227,0.9678,0.7104,0.6018,0.9328,-0.1473,1.7258,0.0,0.0
1779816505089,1,Pitching Mound.Delivery,,Loading,pitch.0,333436,0.7054,0.0407,1.3104,0.8809,-0.1601,2.1307,0.0,0.0
1779816505089,1,Pitching Mound.Drive,,Loading,pitch.0,333945,-1.0368,4.2672,44.0872,32.353,26.2709,2.7176,-0.0633,0.0779
1779816505089,1,Pitching Mound.Parent,,Loading,pitch.0,333144,-0.3375,4.3144,45.493,33.3343,26.129,4.8673,-0.0613,0.0765
1779816505090,1,11.0000004b,Drive,Loading,pitch.0,333946,-1.0582,4.2601,43.9702,32.4014,26.2426,2.6712,-0.0634,0.0782
1779816505090,1,12.00000018,Upper Delivery,Loading,pitch.0,334228,0.9797,0.7139,0.55,0.9021,-0.209,1.7012,0.0,0.0
1779816505090,1,Pitching Mound.Delivery,,Loading,pitch.0,333437,0.7277,0.0475,1.2739,0.8688,-0.2243,2.1108,0.0,0.0
1779816505090,1,Pitching Mound.Drive,,Loading,pitch.0,333946,-1.0582,4.2601,43.9702,32.4014,26.2426,2.6712,-0.0634,0.0782
1779816505090,1,Pitching Mound.Parent,,Loading,pitch.0,333145,-0.309,4.3147,45.3611,33.2218,26.0466,4.8285,-0.0615,0.077
1779816505091,1,11.0000004b,Drive,Loading,pitch.0,333947,-1.0571,4.2487,43.9367,32.316,26.153,2.652,-0.0632,0.0781
1779816505091,1,12.00000015,Lower Delivery,Loading,pitch.0,333674,-0.2591,-0.649,0.6766,-0.0888,-0.0117,-0.0102,0.0,0.0
1779816505091,1,12.00000018,Upper Delivery,Loading,pitch.0,334229,0.9765,0.713,0.5156,0.8912,-0.3568,1.6699,0.0,0.0
1779816505091,1,Pitching Mound.Delivery,,Loading,pitch.0,333438,0.7174,0.064,1.1922,0.8572,-0.3685,2.0797,0.0,0.0
1779816505091,1,Pitching Mound.Drive,,Loading,pitch.0,333947,-1.0571,4.2487,43.9367,32.316,26.153,2.652,-0.0632,0.0781
1779816505091,1,Pitching Mound.Parent,,Loading,pitch.0,333146,-0.3407,4.3241,45.1624,33.2586,25.8741,4.751,-0.0617,0.0774
1779816505092,1,11.0000004b,Drive,Loading,pitch.0,333948,-1.0689,4.2509,43.9133,32.2837,26.0551,2.6205,-0.063,0.078
1779816505092,1,12.00000015,Lower Delivery,Loading,pitch.0,333675,-0.2395,-0.6715,0.721,-0.0824,-0.0093,0.0044,0.0,0.0
1779816505092,1,12.00000018,Upper Delivery,Loading,pitch.0,334230,1.0098,0.7461,0.5081,0.9573,-0.275,1.6242,0.0,0.0
1779816505092,1,Pitching Mound.Delivery,,Loading,pitch.0,333439,0.7703,0.0746,1.2291,0.9472,-0.2844,2.0533,0.0,0.0
1779816505092,1,Pitching Mound.Drive,,Loading,pitch.0,333948,-1.0689,4.2509,43.9133,32.2837,26.0551,2.6205,-0.063,0.078
1779816505092,1,Pitching Mound.Parent,,Loading,pitch.0,333147,-0.2868,4.3233,45.1659,33.2633,25.8686,4.7054,-0.0615,0.0776
1779816505093,1,11.0000004b,Drive,Loading,pitch.0,333949,-1.085,4.2387,43.8165,32.2213,26.004,2.6085,-0.063,0.0781
1779816505093,1,12.00000015,Lower Delivery,Loading,pitch.0,333676,-0.2525,-0.6783,0.634,-0.0775,-0.0059,0.0506,0.0,0.0
1779816505093,1,12.00000018,Upper Delivery,Loading,pitch.0,334231,1.05,0.8057,0.5123,1.1298,-0.3542,1.5973,0.0,0.0
1779816505093,1,Pitching Mound.Delivery,,Loading,pitch.0,333440,0.7975,0.1274,1.1462,1.0937,-0.3601,2.0907,0.0,0.0
1779816505093,1,Pitching Mound.Drive,,Loading,pitch.0,333949,-1.085,4.2387,43.8165,32.2213,26.004,2.6085,-0.063,0.0781
1779816505093,1,Pitching Mound.Parent,,Loading,pitch.0,333148,-0.2715,4.3783,45.0595,33.3774,25.6951,4.7112,-0.0614,0.077
1779816505094,1,11.0000004b,Drive,Loading,pitch.0,333950,-1.0792,4.2397,43.7867,32.2337,25.9069,2.5593,-0.0628,0.0782
1779816505094,1,12.00000015,Lower Delivery,Loading,pitch.0,333677,-0.2357,-0.649,0.6527,-0.0822,-0.0119,0.0786,0.0,0.0
1779816505094,1,12.00000015,Lower Delivery,Loading,pitch.0,333678,-0.2316,-0.6319,0.6317,-0.0954,-0.0135,0.03,0.0,0.0
1779816505094,1,12.00000018,Upper Delivery,Loading,pitch.0,334232,1.0516,0.8429,0.449,1.1194,-0.4289,1.6245,0.0,0.0
1779816505094,1,Pitching Mound.Delivery,,Loading,pitch.0,333441,0.8159,0.1938,1.1017,1.1065,-0.4408,2.1408,0.0,0.0
1779816505094,1,Pitching Mound.Drive,,Loading,pitch.0,333950,-1.0792,4.2397,43.7867,32.2337,25.9069,2.5593,-0.0628,0.0782
1779816505094,1,Pitching Mound.Parent,,Loading,pitch.0,333149,-0.2691,4.4326,44.9181,33.3278,25.5632,4.7492,-0.0615,0.0777
1779816505095,1,11.0000004b,Drive,Loading,pitch.0,333951,-1.084,4.2198,43.67,32.1446,25.8775,2.5357,-0.0629,0.0781
1779816505095,1,12.00000015,Lower Delivery,Loading,pitch.0,333679,-0.2331,-0.6356,0.5811,-0.0923,-0.0057,0.0711,0.0,0.0
1779816505095,1,12.00000018,Upper Delivery,Loading,pitch.0,334233,1.0939,0.8646,0.3614,1.1926,-0.5513,1.5882,0.0,0.0
1779816505095,1,Pitching Mound.Delivery,,Loading,pitch.0,333442,0.8623,0.2327,0.9931,1.1891,-0.5648,2.0689,0.0,0.0
1779816505095,1,Pitching Mound.Drive,,Loading,pitch.0,333951,-1.084,4.2198,43.67,32.1446,25.8775,2.5357,-0.0629,0.0781
1779816505095,1,Pitching Mound.Parent,,Loading,pitch.0,333150,-0.2168,4.4724,44.7798,33.4228,25.3421,4.6282,-0.0614,0.0785
1779816505096,1,11.0000004b,Drive,Loading,pitch.0,333952,-1.0859,4.2046,43.623,32.0847,25.7017,2.5275,-0.0625,0.0781
1779816505096,1,12.00000015,Lower Delivery,Loading,pitch.0,333680,-0.2459,-0.644,0.6015,-0.0863,-0.0069,0.0604,0.0,0.0
1779816505096,1,12.00000018,Upper Delivery,Loading,pitch.0,334234,1.0676,0.8066,0.4481,1.1839,-0.8921,1.5207,0.0,0.0
1779816505096,1,Pitching Mound.Delivery,,Loading,pitch.0,333443,0.8345,0.171,1.0292,1.1368,-0.8978,2.0341,0.0,0.0
1779816505096,1,Pitching Mound.Drive,,Loading,pitch.0,333952,-1.0859,4.2046,43.623,32.0847,25.7017,2.5275,-0.0625,0.0781
1779816505096,1,Pitching Mound.Parent,,Loading,pitch.0,333151,-0.2495,4.3908,44.6992,33.2815,24.9797,4.5698,-0.0615,0.0774
1779816505097,1,11.0000004b,Drive,Loading,pitch.0,333953,-1.0919,4.2062,43.5219,32.0958,25.6967,2.468,-0.0627,0.0783
1779816505097,1,12.00000015,Lower Delivery,Loading,pitch.0,333681,-0.2539,-0.6504,0.6426,-0.0925,-0.0086,0.0387,0.0,0.0
1779816505097,1,12.00000018,Upper Delivery,Loading,pitch.0,334235,1.0814,0.8093,0.4509,1.1868,-0.751,1.5003,0.0,0.0
1779816505097,1,Pitching Mound.Delivery,,Loading,pitch.0,333444,0.8355,0.1653,1.0524,1.1517,-0.7579,2.0121,0.0,0.0
1779816505097,1,Pitching Mound.Drive,,Loading,pitch.0,333953,-1.0919,4.2062,43.5219,32.0958,25.6967,2.468,-0.0627,0.0783
1779816505097,1,Pitching Mound.Parent,,Loading,pitch.0,333152,-0.2504,4.3699,44.6754,33.2364,24.9439,4.5396,-0.0611,0.0774
1779816505098,1,11.0000004b,Drive,Loading,pitch.0,333954,-1.0893,4.1921,43.4155,32.0766,25.7427,2.4309,-0.0629,0.0784
1779816505098,1,12.00000015,Lower Delivery,Loading,pitch.0,333682,-0.2591,-0.6903,0.6586,-0.0844,-0.0132,0.1059,0.0,0.0
1779816505098,1,12.00000018,Upper Delivery,Loading,pitch.0,334236,1.1308,0.8472,0.4458,1.2844,-0.7129,1.5552,0.0,0.0
1779816505098,1,Pitching Mound.Delivery,,Loading,pitch.0,333445,0.8768,0.1968,1.0884,1.2589,-0.7214,2.0648,0.0,0.0
1779816505098,1,Pitching Mound.Drive,,Loading,pitch.0,333954,-1.0893,4.1921,43.4155,32.0766,25.7427,2.4309,-0.0629,0.0784
1779816505098,1,Pitching Mound.Parent,,Loading,pitch.0,333153,-0.2151,4.403,44.6103,33.3547,24.9753,4.5328,-0.0612,0.0779
1779816505099,1,11.0000004b,Drive,Loading,pitch.0,333955,-1.1086,4.1831,43.2984,32.1011,25.7058,2.4591,-0.063,0.0787
1779816505099,1,12.00000018,Upper Delivery,Loading,pitch.0,334237,1.1235,0.8435,0.4547,1.2445,-0.7215,1.5688,0.0,0.0
1779816505099,1,Pitching Mound.Delivery,,Loading,pitch.0,333446,0.8644,0.1532,1.1132,1.2295,-0.7347,2.1448,0.0,0.0
1779816505099,1,Pitching Mound.Drive,,Loading,pitch.0,333955,-1.1086,4.1831,43.2984,32.1011,25.7058,2.4591,-0.063,0.0787
1779816505099,1,Pitching Mound.Parent,,Loading,pitch.0,333154,-0.2249,4.3453,44.5287,33.306,25.008,4.5757,-0.0614,0.078
1779816505100,1,11.0000004b,Drive,Loading,pitch.0,333956,-1.1261,4.1701,43.1048,32.0503,25.7818,2.4253,-0.0635,0.0789
1779816505100,1,12.00000015,Lower Delivery,Loading,pitch.0,333683,-0.2544,-0.6891,0.6578,-0.0915,-0.0122,0.063,0.0,0.0
1779816505100,1,12.00000015,Lower Delivery,Loading,pitch.0,333684,-0.2553,-0.6957,0.6139,-0.0791,-0.0045,0.1229,0.0,0.0
1779816505100,1,12.00000018,Upper Delivery,Loading,pitch.0,334238,1.1725,0.8569,0.3753,1.3317,-0.6897,1.5744,0.0,0.0
1779816505100,1,Pitching Mound.Delivery,,Loading,pitch.0,333447,0.9181,0.1678,1.033,1.3363,-0.7019,2.1225,0.0,0.0
1779816505100,1,Pitching Mound.Drive,,Loading,pitch.0,333956,-1.1261,4.1701,43.1048,32.0503,25.7818,2.4253,-0.0635,0.0789
1779816505100,1,Pitching Mound.Parent,,Loading,pitch.0,333155,-0.1905,4.3509,44.3314,33.4374,25.0039,4.5816,-0.0616,0.079
1779816505101,1,11.0000004b,Drive,Loading,pitch.0,333957,-1.111,4.1668,43.1058,32.019,25.6389,2.4172,-0.0631,0.0789
1779816505101,1,12.00000015,Lower Delivery,Loading,pitch.0,333685,-0.2524,-0.7217,0.6122,-0.0785,-0.009,0.1486,0.0,0.0
1779816505101,1,12.00000018,Upper Delivery,Loading,pitch.0,334239,1.1564,0.8263,0.4369,1.3266,-0.7635,1.5526,0.0,0.0
1779816505101,1,Pitching Mound.Delivery,,Loading,pitch.0,333448,0.901,0.1306,1.0507,1.3076,-0.768,2.1555,0.0,0.0
1779816505101,1,Pitching Mound.Drive,,Loading,pitch.0,333957,-1.111,4.1668,43.1058,32.019,25.6389,2.4172,-0.0631,0.0789
1779816505101,1,Pitching Mound.Parent,,Loading,pitch.0,333156,-0.2251,4.3007,44.1555,33.3579,25.0138,4.5808,-0.062,0.0784
1779816505102,1,11.0000004b,Drive,Loading,pitch.0,333958,-1.0975,4.1522,42.951,31.9506,25.7424,2.4023,-0.0636,0.079
1779816505102,1,12.00000015,Lower Delivery,Loading,pitch.0,333686,-0.2693,-0.7216,0.6162,-0.0593,-0.0053,0.1841,0.0,0.0
1779816505102,1,12.00000018,Upper Delivery,Loading,pitch.0,334240,1.1525,0.8189,0.4404,1.3066,-0.6984,1.5996,0.0,0.0
1779816505102,1,Pitching Mound.Delivery,,Loading,pitch.0,333449,0.9001,0.0972,1.0526,1.2865,-0.7073,2.2258,0.0,0.0
1779816505102,1,Pitching Mound.Drive,,Loading,pitch.0,333958,-1.0975,4.1522,42.951,31.9506,25.7424,2.4023,-0.0636,0.079
1779816505102,1,Pitching Mound.Parent,,Loading,pitch.0,333157,-0.2108,4.264,44.1585,33.3055,24.9316,4.643,-0.0616,0.0783
1779816505103,1,11.0000004b,Drive,Loading,pitch.0,333959,-1.0928,4.1294,42.859,31.8296,25.7305,2.3995,-0.0637,0.0788
1779816505103,1,12.00000015,Lower Delivery,Loading,pitch.0,333687,-0.272,-0.7337,0.629,-0.0641,-0.0125,0.1747,0.0,0.0
1779816505103,1,12.00000018,Upper Delivery,Loading,pitch.0,334241,1.1241,0.8028,0.3824,1.2347,-0.9044,1.6126,0.0,0.0
1779816505103,1,Pitching Mound.Delivery,,Loading,pitch.0,333450,0.8548,0.0812,0.9986,1.2549,-0.9097,2.2706,0.0,0.0
1779816505103,1,Pitching Mound.Drive,,Loading,pitch.0,333959,-1.0928,4.1294,42.859,31.8296,25.7305,2.3995,-0.0637,0.0788
1779816505103,1,Pitching Mound.Parent,,Loading,pitch.0,333158,-0.2427,4.2334,43.9496,33.2055,24.8327,4.6728,-0.0622,0.079
1779816505104,1,11.0000004b,Drive,Loading,pitch.0,333960,-1.0706,4.1195,42.6867,31.7422,25.7796,2.3633,-0.0641,0.0789
1779816505104,1,12.00000015,Lower Delivery,Loading,pitch.0,333688,-0.2752,-0.7756,0.6413,-0.055,0.0005,0.1543,0.0,0.0
1779816505104,1,12.00000018,Upper Delivery,Loading,pitch.0,334242,1.0985,0.7603,0.3823,1.162,-0.7304,1.5665,0.0,0.0
1779816505104,1,Pitching Mound.Delivery,,Loading,pitch.0,333451,0.8265,0.0266,1.0113,1.1817,-0.7429,2.2071,0.0,0.0
1779816505104,1,Pitching Mound.Drive,,Loading,pitch.0,333960,-1.0706,4.1195,42.6867,31.7422,25.7796,2.3633,-0.0641,0.0789
1779816505104,1,Pitching Mound.Parent,,Loading,pitch.0,333159,-0.2663,4.1561,43.8703,33.0113,24.9876,4.6066,-0.0623,0.0789
1779816505105,1,11.0000004b,Drive,Loading,pitch.0,333961,-1.0697,4.0978,42.5921,31.6042,25.7019,2.3237,-0.0641,0.0788
1779816505105,1,12.00000018,Upper Delivery,Loading,pitch.0,334243,1.1104,0.7711,0.4064,1.057,-0.6999,1.5774,0.0,0.0
1779816505105,1,Pitching Mound.Delivery,,Loading,pitch.0,333452,0.8352,-0.0045,1.0478,1.0819,-0.6994,2.2029,0.0,0.0
1779816505105,1,Pitching Mound.Drive,,Loading,pitch.0,333961,-1.0697,4.0978,42.5921,31.6042,25.7019,2.3237,-0.0641,0.0788
1779816505105,1,Pitching Mound.Parent,,Loading,pitch.0,333160,-0.2354,4.115,43.7344,32.8241,25.0802,4.5662,-0.0626,0.0789
1779816505106,1,11.0000004b,Drive,Loading,pitch.0,333962,-1.077,4.0864,42.4522,31.4028,25.605,2.3246,-0.064,0.0785
1779816505106,1,12.00000015,Lower Delivery,Loading,pitch.0,333689,-0.289,-0.772,0.584,-0.0438,0.0096,0.1442,0.0,0.0
1779816505106,1,12.00000015,Lower Delivery,Loading,pitch.0,333690,-0.2636,-0.7508,0.5243,-0.0501,0.0084,0.1041,0.0,0.0
1779816505106,1,12.00000018,Upper Delivery,Loading,pitch.0,334244,1.1256,0.7818,0.3885,0.887,-0.4911,1.6241,0.0,0.0
1779816505106,1,12.00000018,Upper Delivery,Loading,pitch.0,334245,1.1415,0.8198,0.3631,0.814,-0.418,1.6205,0.0,0.0
1779816505106,1,Pitching Mound.Delivery,,Loading,pitch.0,333453,0.8366,0.0098,0.9725,0.9097,-0.4816,2.2492,0.0,0.0
1779816505106,1,Pitching Mound.Delivery,,Loading,pitch.0,333454,0.8779,0.069,0.8874,0.8188,-0.4096,2.2024,0.0,0.0
1779816505106,1,Pitching Mound.Drive,,Loading,pitch.0,333962,-1.077,4.0864,42.4522,31.4028,25.605,2.3246,-0.064,0.0785
1779816505106,1,Pitching Mound.Parent,,Loading,pitch.0,333162,-0.199,4.1554,43.3396,32.2215,25.1954,4.527,-0.0627,0.0782
1779816505106,1,Pitching Mound.Parent,,Loading,pitch.0,333161,-0.2331,4.1076,43.5646,32.514,25.2203,4.5729,-0.0626,0.0785
1779816505107,1,11.0000004b,Drive,Loading,pitch.0,333963,-1.0646,4.0685,42.2375,31.2589,25.4857,2.2523,-0.0641,0.0786
1779816505107,1,Pitching Mound.Drive,,Loading,pitch.0,333963,-1.0646,4.0685,42.2375,31.2589,25.4857,2.2523,-0.0641,0.0786
1779816505108,1,11.0000004b,Drive,Loading,pitch.0,333964,-1.0609,4.0494,42.1306,31.1282,25.53,2.2502,-0.0643,0.0784
1779816505108,1,12.00000015,Lower Delivery,Loading,pitch.0,333691,-0.2728,-0.7492,0.525,-0.0449,0.0117,0.1157,0.0,0.0
1779816505108,1,12.00000018,Upper Delivery,Loading,pitch.0,334246,1.129,0.8208,0.3507,0.9651,-0.5331,1.6248,0.0,0.0
1779816505108,1,Pitching Mound.Delivery,,Loading,pitch.0,333455,0.8562,0.0717,0.8757,0.9795,-0.5214,2.2171,0.0,0.0
1779816505108,1,Pitching Mound.Drive,,Loading,pitch.0,333964,-1.0609,4.0494,42.1306,31.1282,25.53,2.2502,-0.0643,0.0784
1779816505108,1,Pitching Mound.Parent,,Loading,pitch.0,333163,-0.2085,4.1402,43.1132,32.2384,24.9643,4.4695,-0.0628,0.0783
1779816505109,1,11.0000004b,Drive,Loading,pitch.0,333965,-1.0525,4.0303,41.9477,30.9076,25.5091,2.1964,-0.0646,0.0782
1779816505109,1,12.00000015,Lower Delivery,Loading,pitch.0,333692,-0.2387,-0.7266,0.574,-0.0525,0.0141,0.0567,0.0,0.0
1779816505109,1,12.00000018,Upper Delivery,Loading,pitch.0,334247,1.1087,0.8214,0.3221,0.9137,-0.4923,1.6067,0.0,0.0
1779816505109,1,12.00000018,Upper Delivery,Loading,pitch.0,334248,1.1064,0.8261,0.3149,0.8547,-0.4106,1.5646,0.0,0.0
1779816505109,1,Pitching Mound.Delivery,,Loading,pitch.0,333456,0.87,0.0948,0.8961,0.9468,-0.4782,2.1215,0.0,0.0
1779816505109,1,Pitching Mound.Drive,,Loading,pitch.0,333965,-1.0525,4.0303,41.9477,30.9076,25.5091,2.1964,-0.0646,0.0782
1779816505109,1,Pitching Mound.Parent,,Loading,pitch.0,333164,-0.1909,4.1443,43.0267,32.0751,25.0518,4.3717,-0.063,0.0788
1779816505110,1,11.0000004b,Drive,Loading,pitch.0,333966,-1.0354,4.0261,41.8341,30.8479,25.4423,2.153,-0.0646,0.0783
1779816505110,1,12.00000015,Lower Delivery,Loading,pitch.0,333693,-0.2396,-0.7163,0.6009,-0.0613,0.0103,0.0096,0.0,0.0
1779816505110,1,12.00000018,Upper Delivery,Loading,pitch.0,334249,1.1307,0.8498,0.2842,0.9446,-0.4976,1.6383,0.0,0.0
1779816505110,1,Pitching Mound.Delivery,,Loading,pitch.0,333457,0.8667,0.1099,0.9158,0.8906,-0.4003,2.0319,0.0,0.0
1779816505110,1,Pitching Mound.Drive,,Loading,pitch.0,333966,-1.0354,4.0261,41.8341,30.8479,25.4423,2.153,-0.0646,0.0783
1779816505110,1,Pitching Mound.Parent,,Loading,pitch.0,333165,-0.1858,4.1402,42.8635,31.7982,25.1088,4.2282,-0.0632,0.0788
1779816505111,1,11.0000004b,Drive,Loading,pitch.0,333967,-1.0306,3.9982,41.695,30.7852,25.2416,2.1166,-0.0643,0.0784
1779816505111,1,12.00000015,Lower Delivery,Loading,pitch.0,333694,-0.2392,-0.7193,0.649,-0.0654,0.0119,-0.0019,0.0,0.0
1779816505111,1,12.00000018,Upper Delivery,Loading,pitch.0,334250,1.1185,0.8281,0.2349,0.9771,-0.4337,1.7219,0.0,0.0
1779816505111,1,Pitching Mound.Delivery,,Loading,pitch.0,333458,0.8915,0.1305,0.9332,1.0033,-0.4857,2.1021,0.0,0.0
1779816505111,1,Pitching Mound.Drive,,Loading,pitch.0,333967,-1.0306,3.9982,41.695,30.7852,25.2416,2.1166,-0.0643,0.0784
1779816505111,1,Pitching Mound.Parent,,Loading,pitch.0,333166,-0.1439,4.1566,42.7673,31.8511,24.9566,4.2551,-0.0632,0.0795
1779816505112,1,11.0000004b,Drive,Loading,pitch.0,333968,-1.0401,3.9587,41.6018,30.5652,25.1868,2.0962,-0.0643,0.078
1779816505112,1,12.00000015,Lower Delivery,Loading,pitch.0,333695,-0.2435,-0.7171,0.6634,-0.0776,0.0086,-0.0078,0.0,0.0
1779816505112,1,12.00000018,Upper Delivery,Loading,pitch.0,334251,1.1151,0.8424,0.1836,0.9312,-0.2978,1.7062,0.0,0.0
1779816505112,1,Pitching Mound.Delivery,,Loading,pitch.0,333459,0.875,0.111,0.8983,1.0453,-0.4251,2.1771,0.0,0.0
1779816505112,1,Pitching Mound.Drive,,Loading,pitch.0,333968,-1.0401,3.9587,41.6018,30.5652,25.1868,2.0962,-0.0643,0.078
1779816505112,1,Pitching Mound.Parent,,Loading,pitch.0,333167,-0.1556,4.1092,42.5933,31.8305,24.8165,4.2938,-0.0629,0.0802
1779816505113,1,11.0000004b,Drive,Loading,pitch.0,333969,-1.0422,3.955,41.3383,30.4713,25.0315,2.0712,-0.0643,0.0783
1779816505113,1,12.00000015,Lower Delivery,Loading,pitch.0,333696,-0.2517,-0.7297,0.6738,-0.0827,0.0019,-0.002,0.0,0.0
1779816505113,1,12.00000018,Upper Delivery,Loading,pitch.0,334252,1.1218,0.8899,0.2212,1.0342,-0.4438,1.6632,0.0,0.0
1779816505113,1,Pitching Mound.Delivery,,Loading,pitch.0,333460,0.8634,0.1127,0.8574,1.0152,-0.2959,2.169,0.0,0.0
1779816505113,1,Pitching Mound.Drive,,Loading,pitch.0,333969,-1.0422,3.955,41.3383,30.4713,25.0315,2.0712,-0.0643,0.0783
1779816505113,1,Pitching Mound.Parent,,Loading,pitch.0,333168,-0.1767,4.0714,42.4592,31.5804,24.8909,4.2652,-0.063,0.0803
1779816505114,1,11.0000004b,Drive,Loading,pitch.0,333970,-1.0539,3.9447,41.2799,30.4548,25.0334,2.0529,-0.0644,0.0783
1779816505114,1,12.00000015,Lower Delivery,Loading,pitch.0,333697,-0.2553,-0.7271,0.7396,-0.0868,0.0008,0.0176,0.0,0.0
1779816505114,1,12.00000018,Upper Delivery,Loading,pitch.0,334253,1.1004,0.8885,0.2881,1.1305,-0.3919,1.6821,0.0,0.0
1779816505114,1,Pitching Mound.Delivery,,Loading,pitch.0,333461,0.8665,0.1628,0.9608,1.1237,-0.443,2.1491,0.0,0.0
1779816505114,1,Pitching Mound.Drive,,Loading,pitch.0,333970,-1.0539,3.9447,41.2799,30.4548,25.0334,2.0529,-0.0644,0.0783
1779816505114,1,Pitching Mound.Parent,,Loading,pitch.0,333169,-0.1757,4.1177,42.2992,31.5951,24.5885,4.2203,-0.0628,0.0806
1779816505115,1,11.0000004b,Drive,Loading,pitch.0,333971,-1.0585,3.9332,41.1181,30.3936,24.9134,2.013,-0.0643,0.0785
1779816505115,1,12.00000015,Lower Delivery,Loading,pitch.0,333698,-0.2467,-0.7131,0.7254,-0.0944,-0.0118,0.0078,0.0,0.0
1779816505115,1,12.00000018,Upper Delivery,Loading,pitch.0,334254,1.0763,0.8383,0.3135,1.19,-0.6336,1.6368,0.0,0.0
1779816505115,1,Pitching Mound.Delivery,,Loading,pitch.0,333462,0.8536,0.1753,1.0135,1.1848,-0.4037,2.1478,0.0,0.0
1779816505115,1,Pitching Mound.Drive,,Loading,pitch.0,333971,-1.0585,3.9332,41.1181,30.3936,24.9134,2.013,-0.0643,0.0785
1779816505115,1,Pitching Mound.Parent,,Loading,pitch.0,333170,-0.2002,4.12,42.2934,31.6397,24.6297,4.2008,-0.0628,0.08
1779816505116,1,11.0000004b,Drive,Loading,pitch.0,333972,-1.0513,3.9173,41.0459,30.3607,25.0064,1.9836,-0.0647,0.0785
1779816505116,1,12.00000015,Lower Delivery,Loading,pitch.0,333699,-0.2526,-0.7037,0.7012,-0.0956,-0.0143,-0.003,0.0,0.0
1779816505116,1,12.00000018,Upper Delivery,Loading,pitch.0,334255,1.0824,0.8646,0.3887,1.2208,-0.7663,1.682,0.0,0.0
1779816505116,1,Pitching Mound.Delivery,,Loading,pitch.0,333463,0.8237,0.1346,1.0147,1.2262,-0.6479,2.0856,0.0,0.0
1779816505116,1,Pitching Mound.Drive,,Loading,pitch.0,333972,-1.0513,3.9173,41.0459,30.3607,25.0064,1.9836,-0.0647,0.0785
1779816505116,1,Pitching Mound.Parent,,Loading,pitch.0,333171,-0.2347,4.0679,42.1328,31.6198,24.2655,4.0986,-0.0628,0.0797
1779816505117,1,11.0000004b,Drive,Loading,pitch.0,333973,-1.046,3.9019,40.9585,30.3411,24.9058,1.9975,-0.0646,0.0786
1779816505117,1,12.00000015,Lower Delivery,Loading,pitch.0,333700,-0.2673,-0.7002,0.7181,-0.0931,-0.0217,0.0358,0.0,0.0
1779816505117,1,Pitching Mound.Delivery,,Loading,pitch.0,333464,0.8152,0.1644,1.1068,1.2397,-0.788,2.1768,0.0,0.0
1779816505117,1,Pitching Mound.Drive,,Loading,pitch.0,333973,-1.046,3.9019,40.9585,30.3411,24.9058,1.9975,-0.0646,0.0786
1779816505117,1,Pitching Mound.Parent,,Loading,pitch.0,333172,-0.2361,4.0817,42.1527,31.6004,24.2184,4.1603,-0.063,0.0791
1779816505118,1,11.0000004b,Drive,Loading,pitch.0,333974,-1.0524,3.8942,40.8827,30.2572,24.8899,1.9801,-0.0646,0.0786
1779816505118,1,12.00000015,Lower Delivery,Loading,pitch.0,333701,-0.2674,-0.7129,0.6942,-0.0924,-0.0189,0.0575,0.0,0.0
1779816505118,1,12.00000018,Upper Delivery,Loading,pitch.0,334256,1.0969,0.8435,0.391,1.3049,-0.7418,1.6529,0.0,0.0
1779816505118,1,12.00000018,Upper Delivery,Loading,pitch.0,334257,1.1137,0.8164,0.4281,1.2126,-0.7281,1.6717,0.0,0.0
1779816505118,1,Pitching Mound.Delivery,,Loading,pitch.0,333465,0.8296,0.1306,1.0852,1.3156,-0.7608,2.1743,0.0,0.0
1779816505118,1,Pitching Mound.Drive,,Loading,pitch.0,333974,-1.0524,3.8942,40.8827,30.2572,24.8899,1.9801,-0.0646,0.0786
1779816505118,1,Pitching Mound.Parent,,Loading,pitch.0,333173,-0.2164,4.0324,42.0437,31.6567,24.1451,4.1718,-0.0629,0.0791
1779816505119,1,11.0000004b,Drive,Loading,pitch.0,333975,-1.045,3.8815,40.7549,30.1225,24.7595,1.9505,-0.0645,0.0785
1779816505119,1,12.00000015,Lower Delivery,Loading,pitch.0,333702,-0.2673,-0.7096,0.7082,-0.0863,-0.0222,0.0557,0.0,0.0
1779816505119,1,12.00000015,Lower Delivery,Loading,pitch.0,333703,-0.267,-0.7157,0.6218,-0.0726,-0.0188,0.0719,0.0,0.0
1779816505119,1,12.00000018,Upper Delivery,Loading,pitch.0,334258,1.1338,0.8455,0.4464,1.3678,-0.7047,1.6579,0.0,0.0
1779816505119,1,Pitching Mound.Delivery,,Loading,pitch.0,333467,0.8667,0.1298,1.0682,1.3548,-0.7235,2.2061,0.0,0.0
1779816505119,1,Pitching Mound.Delivery,,Loading,pitch.0,333466,0.8464,0.1068,1.1363,1.2215,-0.7504,2.197,0.0,0.0
1779816505119,1,Pitching Mound.Drive,,Loading,pitch.0,333975,-1.045,3.8815,40.7549,30.1225,24.7595,1.9505,-0.0645,0.0785
1779816505119,1,Pitching Mound.Parent,,Loading,pitch.0,333174,-0.206,4.001,42.019,31.4787,24.1396,4.1771,-0.0629,0.0787
1779816505119,1,Pitching Mound.Parent,,Loading,pitch.0,333175,-0.1783,4.0113,41.8232,31.4773,24.0359,4.1566,-0.0628,0.0779
1779816505120,1,11.0000004b,Drive,Loading,pitch.0,333976,-1.0348,3.8755,40.7319,30.1094,24.7604,1.9172,-0.0645,0.0785
1779816505120,1,12.00000018,Upper Delivery,Loading,pitch.0,334259,1.1334,0.8442,0.4885,1.2984,-0.8007,1.6533,0.0,0.0
1779816505120,1,Pitching Mound.Drive,,Loading,pitch.0,333976,-1.0348,3.8755,40.7319,30.1094,24.7604,1.9172,-0.0645,0.0785
1779816505121,1,11.0000004b,Drive,Loading,pitch.0,333977,-1.0424,3.8473,40.4882,29.9268,24.7034,1.9089,-0.0648,0.0785
1779816505121,1,12.00000015,Lower Delivery,Loading,pitch.0,333704,-0.2636,-0.7142,0.6231,-0.0797,-0.0222,0.0589,0.0,0.0
1779816505121,1,12.00000018,Upper Delivery,Loading,pitch.0,334260,1.1206,0.8165,0.4849,1.2973,-0.6702,1.6044,0.0,0.0
1779816505121,1,Pitching Mound.Delivery,,Loading,pitch.0,333468,0.8698,0.13,1.1116,1.2645,-0.8228,2.1871,0.0,0.0
1779816505121,1,Pitching Mound.Drive,,Loading,pitch.0,333977,-1.0424,3.8473,40.4882,29.9268,24.7034,1.9089,-0.0648,0.0785
1779816505121,1,Pitching Mound.Parent,,Loading,pitch.0,333176,-0.165,4.0055,41.8435,31.3739,23.9376,4.1043,-0.0628,0.0775
1779816505122,1,11.0000004b,Drive,Loading,pitch.0,333978,-1.0305,3.8455,40.3976,29.8671,24.6368,1.8844,-0.0647,0.0785
1779816505122,1,12.00000015,Lower Delivery,Loading,pitch.0,333705,-0.2604,-0.7093,0.6108,-0.0766,-0.0222,0.0478,0.0,0.0
1779816505122,1,12.00000018,Upper Delivery,Loading,pitch.0,334261,1.1143,0.8234,0.5255,1.2293,-0.6327,1.5474,0.0,0.0
1779816505122,1,Pitching Mound.Delivery,,Loading,pitch.0,333469,0.8602,0.1072,1.0957,1.2635,-0.6924,2.1217,0.0,0.0
1779816505122,1,Pitching Mound.Drive,,Loading,pitch.0,333978,-1.0305,3.8455,40.3976,29.8671,24.6368,1.8844,-0.0647,0.0785
1779816505122,1,Pitching Mound.Parent,,Loading,pitch.0,333177,-0.1821,3.9545,41.5839,31.1903,24.011,4.0306,-0.0631,0.0774
1779816505123,1,11.0000004b,Drive,Loading,pitch.0,333979,-1.0137,3.8486,40.2775,29.799,24.615,1.9081,-0.0649,0.0785
1779816505123,1,12.00000015,Lower Delivery,Loading,pitch.0,333706,-0.2536,-0.7028,0.5773,-0.0702,-0.0207,0.0524,0.0,0.0
1779816505123,1,12.00000018,Upper Delivery,Loading,pitch.0,334262,1.1389,0.8348,0.5089,1.0494,-0.6684,1.5716,0.0,0.0
1779816505123,1,Pitching Mound.Delivery,,Loading,pitch.0,333470,0.8608,0.1206,1.1028,1.1768,-0.6534,2.0649,0.0,0.0
1779816505123,1,Pitching Mound.Drive,,Loading,pitch.0,333979,-1.0137,3.8486,40.2775,29.799,24.615,1.9081,-0.0649,0.0785
1779816505123,1,Pitching Mound.Parent,,Loading,pitch.0,333178,-0.1697,3.9661,41.5003,31.0439,23.9834,3.9493,-0.063,0.0768
1779816505124,1,11.0000004b,Drive,Loading,pitch.0,333980,-1.0189,3.8301,40.164,29.7299,24.5424,1.8876,-0.0649,0.0786
1779816505124,1,12.00000015,Lower Delivery,Loading,pitch.0,333707,-0.2744,-0.6846,0.5347,-0.0612,-0.0173,0.0735,0.0,0.0
1779816505124,1,12.00000015,Lower Delivery,Loading,pitch.0,333708,-0.2693,-0.6859,0.5359,-0.0718,-0.0195,0.0536,0.0,0.0
1779816505124,1,12.00000018,Upper Delivery,Loading,pitch.0,334263,1.1436,0.835,0.4134,1.0932,-0.6734,1.584,0.0,0.0
1779816505124,1,Pitching Mound.Delivery,,Loading,pitch.0,333472,0.8743,0.149,0.9493,1.063,-0.6929,2.1179,0.0,0.0
1779816505124,1,Pitching Mound.Delivery,,Loading,pitch.0,333471,0.8645,0.1502,1.0436,0.9969,-0.6856,2.1256,0.0,0.0
1779816505124,1,Pitching Mound.Drive,,Loading,pitch.0,333980,-1.0189,3.8301,40.164,29.7299,24.5424,1.8876,-0.0649,0.0786
1779816505124,1,Pitching Mound.Parent,,Loading,pitch.0,333179,-0.1492,3.9988,41.3211,30.7959,23.9294,4.0336,-0.0632,0.0768
1779816505124,1,Pitching Mound.Parent,,Loading,pitch.0,333180,-0.1446,3.9791,41.1132,30.7929,23.8495,4.0055,-0.0634,0.0778
1779816505125,1,11.0000004b,Drive,Loading,pitch.0,333981,-1.0286,3.814,39.9552,29.5857,24.447,1.8638,-0.065,0.0786
1779816505125,1,12.00000015,Lower Delivery,Loading,pitch.0,333709,-0.2973,-0.7102,0.5401,-0.0582,-0.0091,0.1035,0.0,0.0
1779816505125,1,12.00000018,Upper Delivery,Loading,pitch.0,334264,1.142,0.8201,0.3982,1.114,-0.6567,1.5445,0.0,0.0
1779816505125,1,Pitching Mound.Delivery,,Loading,pitch.0,333473,0.8447,0.1099,0.9382,1.1041,-0.6658,2.1374,0.0,0.0
1779816505125,1,Pitching Mound.Drive,,Loading,pitch.0,333981,-1.0286,3.814,39.9552,29.5857,24.447,1.8638,-0.065,0.0786
1779816505125,1,Pitching Mound.Parent,,Loading,pitch.0,333181,-0.1839,3.9239,40.8934,30.6898,23.7812,4.0012,-0.0635,0.078
1779816505126,1,11.0000004b,Drive,Loading,pitch.0,333982,-1.0254,3.8018,39.8666,29.4687,24.3566,1.8536,-0.0649,0.0785
1779816505126,1,12.00000018,Upper Delivery,Loading,pitch.0,334265,1.1361,0.8067,0.4202,1.0707,-0.5035,1.5645,0.0,0.0
1779816505126,1,Pitching Mound.Drive,,Loading,pitch.0,333982,-1.0254,3.8018,39.8666,29.4687,24.3566,1.8536,-0.0649,0.0785
1779816505127,1,11.0000004b,Drive,Loading,pitch.0,333983,-1.021,3.7895,39.6988,29.4372,24.3296,1.8469,-0.0651,0.0787
1779816505127,1,12.00000015,Lower Delivery,Loading,pitch.0,333710,-0.298,-0.6977,0.6218,-0.0629,-0.0132,0.0717,0.0,0.0
1779816505127,1,12.00000018,Upper Delivery,Loading,pitch.0,334266,1.1489,0.8115,0.3956,1.0612,-0.5455,1.5449,0.0,0.0
1779816505127,1,Pitching Mound.Delivery,,Loading,pitch.0,333474,0.8381,0.109,1.0421,1.0763,-0.5167,2.1238,0.0,0.0
1779816505127,1,Pitching Mound.Drive,,Loading,pitch.0,333983,-1.021,3.7895,39.6988,29.4372,24.3296,1.8469,-0.0651,0.0787
1779816505127,1,Pitching Mound.Parent,,Loading,pitch.0,333182,-0.1874,3.9108,40.9087,30.545,23.8399,3.9774,-0.0632,0.0782
1779816505128,1,11.0000004b,Drive,Loading,pitch.0,333984,-1.0308,3.772,39.6096,29.325,24.2308,1.8256,-0.0649,0.0786
1779816505128,1,12.00000015,Lower Delivery,Loading,pitch.0,333711,-0.2959,-0.6964,0.6471,-0.0633,-0.0071,0.0388,0.0,0.0
1779816505128,1,12.00000018,Upper Delivery,Loading,pitch.0,334267,1.1232,0.814,0.3037,1.0617,-0.4427,1.5136,0.0,0.0
1779816505128,1,Pitching Mound.Delivery,,Loading,pitch.0,333475,0.853,0.1151,1.0427,1.0834,-0.5526,2.0749,0.0,0.0
1779816505128,1,Pitching Mound.Drive,,Loading,pitch.0,333984,-1.0308,3.772,39.6096,29.325,24.2308,1.8256,-0.0649,0.0786
1779816505128,1,Pitching Mound.Parent,,Loading,pitch.0,333183,-0.168,3.9046,40.7415,30.5207,23.7771,3.9218,-0.0634,0.0788
1779816505129,1,11.0000004b,Drive,Loading,pitch.0,333985,-1.0508,3.7396,39.3817,29.2112,24.092,1.7882,-0.0649,0.0787
1779816505129,1,12.00000015,Lower Delivery,Loading,pitch.0,333712,-0.2828,-0.6882,0.6411,-0.0647,-0.0063,0.0271,0.0,0.0
1779816505129,1,12.00000015,Lower Delivery,Loading,pitch.0,333713,-0.3008,-0.6945,0.6697,-0.0641,-0.0005,0.025,0.0,0.0
1779816505129,1,12.00000018,Upper Delivery,Loading,pitch.0,334268,1.1062,0.7967,0.3471,1.0077,-0.4186,1.5148,0.0,0.0
1779816505129,1,Pitching Mound.Delivery,,Loading,pitch.0,333476,0.8404,0.1258,0.9448,1.1117,-0.449,2.0187,0.0,0.0
1779816505129,1,Pitching Mound.Delivery,,Loading,pitch.0,333477,0.8054,0.1022,1.0168,1.0532,-0.4191,2.0182,0.0,0.0
1779816505129,1,Pitching Mound.Drive,,Loading,pitch.0,333985,-1.0508,3.7396,39.3817,29.2112,24.092,1.7882,-0.0649,0.0787
1779816505129,1,Pitching Mound.Parent,,Loading,pitch.0,333184,-0.1904,3.8978,40.5543,30.4367,23.7818,3.8443,-0.0634,0.0796
1779816505129,1,Pitching Mound.Parent,,Loading,pitch.0,333185,-0.2454,3.8419,40.3984,30.2644,23.6729,3.8064,-0.0633,0.0795
1779816505130,1,11.0000004b,Drive,Loading,pitch.0,333986,-1.0556,3.7117,39.2304,29.2061,23.9808,1.7555,-0.0649,0.079
1779816505130,1,12.00000015,Lower Delivery,Loading,pitch.0,333714,-0.2862,-0.6935,0.7739,-0.0713,-0.0106,0.0535,0.0,0.0
1779816505130,1,12.00000018,Upper Delivery,Loading,pitch.0,334269,1.1016,0.7636,0.3963,1.0499,-0.6554,1.5487,0.0,0.0
1779816505130,1,Pitching Mound.Delivery,,Loading,pitch.0,333478,0.8154,0.0701,1.1702,1.1069,-0.666,2.0741,0.0,0.0
1779816505130,1,Pitching Mound.Drive,,Loading,pitch.0,333986,-1.0556,3.7117,39.2304,29.2061,23.9808,1.7555,-0.0649,0.079
1779816505130,1,Pitching Mound.Parent,,Loading,pitch.0,333186,-0.2402,3.7818,40.4006,30.313,23.3149,3.8296,-0.063,0.0799
1779816505131,1,11.0000004b,Drive,Loading,pitch.0,333987,-1.0592,3.6825,39.0878,29.0591,23.792,1.7556,-0.0646,0.0789
1779816505131,1,12.00000018,Upper Delivery,Loading,pitch.0,334270,1.0827,0.7576,0.4323,1.0113,-0.5029,1.5444,0.0,0.0
1779816505131,1,Pitching Mound.Drive,,Loading,pitch.0,333987,-1.0592,3.6825,39.0878,29.0591,23.792,1.7556,-0.0646,0.0789
1779816505132,1,11.0000004b,Drive,Loading,pitch.0,333988,-1.0707,3.6635,38.9347,29.0156,23.7288,1.7165,-0.0647,0.0791
1779816505132,1,12.00000015,Lower Delivery,Loading,pitch.0,333715,-0.2893,-0.6976,0.7941,-0.0659,-0.012,0.0841,0.0,0.0
1779816505132,1,12.00000015,Lower Delivery,Loading,pitch.0,333716,-0.2664,-0.6983,0.7031,-0.0754,-0.0128,0.0415,0.0,0.0
1779816505132,1,12.00000018,Upper Delivery,Loading,pitch.0,334271,1.1248,0.8138,0.4544,1.0054,-0.5691,1.5997,0.0,0.0
1779816505132,1,Pitching Mound.Delivery,,Loading,pitch.0,333480,0.8584,0.1154,1.1575,1.0145,-0.582,2.1142,0.0,0.0
1779816505132,1,Pitching Mound.Delivery,,Loading,pitch.0,333479,0.7934,0.0599,1.2264,1.0684,-0.5149,2.095,0.0,0.0
1779816505132,1,Pitching Mound.Drive,,Loading,pitch.0,333988,-1.0707,3.6635,38.9347,29.0156,23.7288,1.7165,-0.0647,0.0791
1779816505132,1,Pitching Mound.Parent,,Loading,pitch.0,333187,-0.2658,3.7424,40.3142,30.1276,23.2771,3.8506,-0.0627,0.0796
1779816505132,1,Pitching Mound.Parent,,Loading,pitch.0,333188,-0.2123,3.779,40.0922,30.0302,23.1469,3.8307,-0.0628,0.0789
1779816505133,1,11.0000004b,Drive,Loading,pitch.0,333989,-1.0763,3.6453,38.7294,28.9958,23.6264,1.6333,-0.0648,0.0795
1779816505133,1,12.00000015,Lower Delivery,Loading,pitch.0,333717,-0.273,-0.7083,0.7594,-0.0876,-0.0172,0.0148,0.0,0.0
1779816505133,1,12.00000018,Upper Delivery,Loading,pitch.0,334272,1.1181,0.771,0.4548,0.9867,-0.4126,1.5651,0.0,0.0
1779816505133,1,Pitching Mound.Delivery,,Loading,pitch.0,333481,0.845,0.0626,1.2142,1.0026,-0.4298,2.0529,0.0,0.0
1779816505133,1,Pitching Mound.Drive,,Loading,pitch.0,333989,-1.0763,3.6453,38.7294,28.9958,23.6264,1.6333,-0.0648,0.0795
1779816505133,1,Pitching Mound.Parent,,Loading,pitch.0,333189,-0.2312,3.708,39.9436,29.9985,23.1966,3.6862,-0.0628,0.0797
1779816505134,1,11.0000004b,Drive,Loading,pitch.0,333990,-1.0775,3.627,38.6,28.8876,23.5218,1.58,-0.0647,0.0795
1779816505134,1,12.00000015,Lower Delivery,Loading,pitch.0,333718,-0.2772,-0.6946,0.6766,-0.0853,-0.0175,0.0069,0.0,0.0
1779816505134,1,12.00000018,Upper Delivery,Loading,pitch.0,334273,1.1138,0.7878,0.4876,0.9892,-0.3845,1.6114,0.0,0.0
1779816505134,1,Pitching Mound.Delivery,,Loading,pitch.0,333482,0.8367,0.0931,1.1642,0.9682,-0.402,2.0912,0.0,0.0
1779816505134,1,Pitching Mound.Drive,,Loading,pitch.0,333990,-1.0775,3.627,38.6,28.8876,23.5218,1.58,-0.0647,0.0795
1779816505134,1,Pitching Mound.Parent,,Loading,pitch.0,333190,-0.2408,3.7202,39.7642,29.8557,23.1199,3.6712,-0.0628,0.0787
1779816505135,1,11.0000004b,Drive,Loading,pitch.0,333991,-1.079,3.608,38.3864,28.8331,23.4495,1.5566,-0.0649,0.0797
1779816505135,1,12.00000015,Lower Delivery,Loading,pitch.0,333719,-0.2926,-0.6899,0.6747,-0.088,-0.0253,-0.0016,0.0,0.0
1779816505135,1,12.00000018,Upper Delivery,Loading,pitch.0,334274,1.1296,0.8101,0.4945,1.0262,-0.417,1.5891,0.0,0.0
1779816505135,1,Pitching Mound.Delivery,,Loading,pitch.0,333483,0.837,0.1202,1.1692,0.9994,-0.4423,2.0711,0.0,0.0
1779816505135,1,Pitching Mound.Drive,,Loading,pitch.0,333991,-1.079,3.608,38.3864,28.8331,23.4495,1.5566,-0.0649,0.0797
1779816505135,1,Pitching Mound.Parent,,Loading,pitch.0,333191,-0.2419,3.7282,39.5556,29.8325,23.0073,3.6277,-0.0629,0.0789
1779816505136,1,11.0000004b,Drive,Loading,pitch.0,333992,-1.0792,3.603,38.1979,28.7351,23.3985,1.5261,-0.065,0.0799
1779816505136,1,12.00000015,Lower Delivery,Loading,pitch.0,333720,-0.286,-0.6688,0.6271,-0.082,-0.0193,0.0226,0.0,0.0
1779816505136,1,12.00000018,Upper Delivery,Loading,pitch.0,334275,1.1138,0.792,0.4666,1.0264,-0.4534,1.5972,0.0,0.0
1779816505136,1,Pitching Mound.Delivery,,Loading,pitch.0,333484,0.8279,0.1232,1.0937,0.999,-0.4727,2.0957,0.0,0.0
1779816505136,1,Pitching Mound.Drive,,Loading,pitch.0,333992,-1.0792,3.603,38.1979,28.7351,23.3985,1.5261,-0.065,0.0799
1779816505136,1,Pitching Mound.Parent,,Loading,pitch.0,333192,-0.2513,3.7262,39.2917,29.7342,22.9258,3.6219,-0.0632,0.079
1779816505137,1,11.0000004b,Drive,Loading,pitch.0,333993,-1.0869,3.5774,38.1272,28.5913,23.3956,1.4889,-0.0651,0.0796
1779816505137,1,12.00000015,Lower Delivery,Loading,pitch.0,333721,-0.2557,-0.6657,0.6865,-0.0787,-0.0171,0.0349,0.0,0.0
1779816505137,1,12.00000018,Upper Delivery,Loading,pitch.0,334276,1.1143,0.8348,0.4882,1.2203,-0.3983,1.6015,0.0,0.0
1779816505137,1,Pitching Mound.Delivery,,Loading,pitch.0,333485,0.8587,0.1691,1.1747,1.2091,-0.4154,2.1022,0.0,0.0
1779816505137,1,Pitching Mound.Drive,,Loading,pitch.0,333993,-1.0869,3.5774,38.1272,28.5913,23.3956,1.4889,-0.0651,0.0796
1779816505137,1,Pitching Mound.Parent,,Loading,pitch.0,333193,-0.2282,3.7464,39.302,29.8004,22.9803,3.5911,-0.0632,0.0789
1779816505138,1,11.0000004b,Drive,Loading,pitch.0,333994,-1.08,3.553,37.98,28.4928,23.2532,1.4773,-0.065,0.0796
1779816505138,1,12.00000015,Lower Delivery,Loading,pitch.0,333722,-0.2606,-0.6739,0.6934,-0.0677,-0.0102,0.0799,0.0,0.0
1779816505138,1,12.00000018,Upper Delivery,Loading,pitch.0,334277,1.1477,0.9189,0.4835,1.3178,-0.3741,1.6059,0.0,0.0
1779816505138,1,Pitching Mound.Delivery,,Loading,pitch.0,333486,0.8871,0.2451,1.1768,1.3214,-0.3842,2.1647,0.0,0.0
1779816505138,1,Pitching Mound.Drive,,Loading,pitch.0,333994,-1.08,3.553,37.98,28.4928,23.2532,1.4773,-0.065,0.0796
1779816505138,1,Pitching Mound.Parent,,Loading,pitch.0,333194,-0.193,3.7981,39.1569,29.8142,22.869,3.642,-0.063,0.0791
1779816505139,1,11.0000004b,Drive,Loading,pitch.0,333995,-1.0744,3.5381,37.8203,28.3202,23.2099,1.4604,-0.0652,0.0795
1779816505139,1,12.00000015,Lower Delivery,Loading,pitch.0,333723,-0.2446,-0.669,0.7198,-0.0761,-0.0092,0.0091,0.0,0.0
1779816505139,1,12.00000018,Upper Delivery,Loading,pitch.0,334278,1.1288,0.8509,0.423,1.2668,-0.3429,1.6312,0.0,0.0
1779816505139,1,Pitching Mound.Delivery,,Loading,pitch.0,333487,0.8842,0.1819,1.1428,1.2916,-0.3521,2.1072,0.0,0.0
1779816505139,1,Pitching Mound.Drive,,Loading,pitch.0,333995,-1.0744,3.5381,37.8203,28.3202,23.2099,1.4604,-0.0652,0.0795
1779816505139,1,Pitching Mound.Parent,,Loading,pitch.0,333195,-0.1902,3.72,38.9631,29.6118,22.8578,3.5676,-0.0632,0.0798
1779816505140,1,11.0000004b,Drive,Loading,pitch.0,333996,-1.0614,3.5178,37.7045,28.2601,23.0733,1.4342,-0.065,0.0796
1779816505140,1,12.00000015,Lower Delivery,Loading,pitch.0,333724,-0.2478,-0.6407,0.6577,-0.0748,-0.0118,0.0073,0.0,0.0
1779816505140,1,12.00000018,Upper Delivery,Loading,pitch.0,334279,1.1123,0.8356,0.4215,1.2411,-0.4797,1.6146,0.0,0.0
1779816505140,1,Pitching Mound.Delivery,,Loading,pitch.0,333488,0.8645,0.1948,1.0792,1.2467,-0.4915,2.0843,0.0,0.0
1779816505140,1,Pitching Mound.Drive,,Loading,pitch.0,333996,-1.0614,3.5178,37.7045,28.2601,23.0733,1.4342,-0.065,0.0796
1779816505140,1,Pitching Mound.Parent,,Loading,pitch.0,333196,-0.1969,3.7126,38.7837,29.5068,22.5819,3.5186,-0.0632,0.0794
1779816505141,1,11.0000004b,Drive,Loading,pitch.0,333997,-1.0656,3.5128,37.6359,28.1634,23.018,1.4114,-0.0649,0.0794
1779816505141,1,12.00000015,Lower Delivery,Loading,pitch.0,333725,-0.2531,-0.6959,0.6927,-0.0679,0.0042,0.0291,0.0,0.0
1779816505141,1,12.00000018,Upper Delivery,Loading,pitch.0,334280,1.1078,0.8208,0.3966,1.3082,-0.5507,1.5905,0.0,0.0
1779816505141,1,Pitching Mound.Delivery,,Loading,pitch.0,333489,0.8546,0.1249,1.0893,1.341,-0.5465,2.0823,0.0,0.0
1779816505141,1,Pitching Mound.Drive,,Loading,pitch.0,333997,-1.0656,3.5128,37.6359,28.1634,23.018,1.4114,-0.0649,0.0794
1779816505141,1,Pitching Mound.Parent,,Loading,pitch.0,333197,-0.2109,3.6377,38.7252,29.5043,22.4715,3.4936,-0.0631,0.0798
1779816505142,1,11.0000004b,Drive,Loading,pitch.0,333998,-1.0468,3.4895,37.5343,28.0667,22.9063,1.4113,-0.0648,0.0794
1779816505142,1,12.00000015,Lower Delivery,Loading,pitch.0,333726,-0.2583,-0.7081,0.6879,-0.0522,0.0145,0.081,0.0,0.0
1779816505142,1,12.00000018,Upper Delivery,Loading,pitch.0,334281,1.1149,0.8164,0.3409,1.3066,-0.5581,1.6471,0.0,0.0
1779816505142,1,Pitching Mound.Delivery,,Loading,pitch.0,333490,0.8567,0.1082,1.0288,1.3723,-0.5436,2.195,0.0,0.0
1779816505142,1,Pitching Mound.Drive,,Loading,pitch.0,333998,-1.0468,3.4895,37.5343,28.0667,22.9063,1.4113,-0.0648,0.0794
1779816505142,1,Pitching Mound.Parent,,Loading,pitch.0,333198,-0.1901,3.5977,38.563,29.4391,22.3627,3.6063,-0.0631,0.0803
1779816505143,1,11.0000004b,Drive,Loading,pitch.0,333999,-1.0534,3.4572,37.5142,27.9805,22.8161,1.3664,-0.0646,0.0792
1779816505143,1,12.00000015,Lower Delivery,Loading,pitch.0,333727,-0.2678,-0.7201,0.7146,-0.0366,0.022,0.1307,0.0,0.0
1779816505143,1,12.00000018,Upper Delivery,Loading,pitch.0,334282,1.0953,0.7973,0.386,1.3106,-0.7317,1.5754,0.0,0.0
1779816505143,1,Pitching Mound.Delivery,,Loading,pitch.0,333491,0.8275,0.0773,1.1006,1.3857,-0.7097,2.1696,0.0,0.0
1779816505143,1,Pitching Mound.Drive,,Loading,pitch.0,333999,-1.0534,3.4572,37.5142,27.9805,22.8161,1.3664,-0.0646,0.0792
1779816505143,1,Pitching Mound.Parent,,Loading,pitch.0,333199,-0.2258,3.5344,38.6148,29.3663,22.1064,3.536,-0.0627,0.0798
1779816505144,1,11.0000004b,Drive,Loading,pitch.0,334000,-1.0512,3.4472,37.3759,27.8201,22.7777,1.3511,-0.0647,0.079
1779816505144,1,12.00000015,Lower Delivery,Loading,pitch.0,333728,-0.2599,-0.7326,0.7074,-0.0388,0.0283,0.1406,0.0,0.0
1779816505144,1,12.00000018,Upper Delivery,Loading,pitch.0,334283,1.0895,0.7873,0.3586,1.2755,-0.9433,1.6338,0.0,0.0
1779816505144,1,Pitching Mound.Delivery,,Loading,pitch.0,333492,0.8296,0.0547,1.066,1.3553,-0.915,2.2332,0.0,0.0
1779816505144,1,Pitching Mound.Drive,,Loading,pitch.0,334000,-1.0512,3.4472,37.3759,27.8201,22.7777,1.3511,-0.0647,0.079
1779816505144,1,Pitching Mound.Parent,,Loading,pitch.0,333200,-0.2216,3.5019,38.4418,29.1754,21.8627,3.5843,-0.0629,0.0799
1779816505145,1,11.0000004b,Drive,Loading,pitch.0,334001,-1.0592,3.412,37.2495,27.7693,22.6845,1.3259,-0.0647,0.0791
1779816505145,1,12.00000015,Lower Delivery,Loading,pitch.0,333729,-0.2684,-0.7401,0.7287,-0.0368,0.026,0.1358,0.0,0.0
1779816505145,1,12.00000018,Upper Delivery,Loading,pitch.0,334284,1.0887,0.8016,0.3833,1.3462,-0.8712,1.6362,0.0,0.0
1779816505145,1,Pitching Mound.Delivery,,Loading,pitch.0,333493,0.8204,0.0616,1.1121,1.4268,-0.8452,2.2334,0.0,0.0
1779816505145,1,Pitching Mound.Drive,,Loading,pitch.0,334001,-1.0592,3.412,37.2495,27.7693,22.6845,1.3259,-0.0647,0.0791
1779816505145,1,Pitching Mound.Parent,,Loading,pitch.0,333201,-0.2389,3.4735,38.3616,29.1962,21.8393,3.5593,-0.0628,0.0799
1779816505146,1,11.0000004b,Drive,Loading,pitch.0,334002,-1.0378,3.3841,37.1416,27.6527,22.6322,1.3118,-0.0647,0.079
1779816505146,1,12.00000015,Lower Delivery,Loading,pitch.0,333730,-0.267,-0.7387,0.797,-0.0424,0.0178,0.142,0.0,0.0
1779816505146,1,12.00000018,Upper Delivery,Loading,pitch.0,334285,1.1104,0.788,0.3518,1.3927,-0.8014,1.6154,0.0,0.0
1779816505146,1,Pitching Mound.Delivery,,Loading,pitch.0,333494,0.8434,0.0493,1.1488,1.5017,-0.7836,2.2256,0.0,0.0
1779816505146,1,Pitching Mound.Drive,,Loading,pitch.0,334002,-1.0378,3.3841,37.1416,27.6527,22.6322,1.3118,-0.0647,0.079
1779816505146,1,Pitching Mound.Parent,,Loading,pitch.0,333202,-0.1945,3.4334,38.2904,29.1545,21.8486,3.5374,-0.0627,0.0806
1779816505147,1,11.0000004b,Drive,Loading,pitch.0,334003,-1.0433,3.354,37.0203,27.5721,22.5553,1.2724,-0.0647,0.0791
1779816505147,1,12.00000015,Lower Delivery,Loading,pitch.0,333731,-0.2875,-0.7338,0.7206,-0.0461,0.0044,0.1083,0.0,0.0
1779816505147,1,12.00000018,Upper Delivery,Loading,pitch.0,334286,1.0963,0.7621,0.4434,1.2618,-0.9149,1.5995,0.0,0.0
1779816505147,1,Pitching Mound.Delivery,,Loading,pitch.0,333495,0.8088,0.0283,1.1639,1.31,-0.9104,2.1783,0.0,0.0
1779816505147,1,Pitching Mound.Drive,,Loading,pitch.0,334003,-1.0433,3.354,37.0203,27.5721,22.5553,1.2724,-0.0647,0.0791
1779816505147,1,Pitching Mound.Parent,,Loading,pitch.0,333203,-0.2345,3.3823,38.1842,28.8821,21.6449,3.4507,-0.0627,0.0791
1779816505148,1,11.0000004b,Drive,Loading,pitch.0,334004,-1.0358,3.3459,36.9422,27.5778,22.4297,1.2718,-0.0645,0.0793
1779816505148,1,12.00000015,Lower Delivery,Loading,pitch.0,333732,-0.3079,-0.76,0.739,-0.0366,0.0139,0.1393,0.0,0.0
1779816505148,1,12.00000018,Upper Delivery,Loading,pitch.0,334287,1.0945,0.7606,0.4502,1.2725,-0.7378,1.6031,0.0,0.0
1779816505148,1,Pitching Mound.Delivery,,Loading,pitch.0,333496,0.7866,0.0006,1.1892,1.3341,-0.7239,2.2193,0.0,0.0
1779816505148,1,Pitching Mound.Drive,,Loading,pitch.0,334004,-1.0358,3.3459,36.9422,27.5778,22.4297,1.2718,-0.0645,0.0793
1779816505148,1,Pitching Mound.Parent,,Loading,pitch.0,333204,-0.2492,3.3465,38.1314,28.912,21.7058,3.491,-0.0624,0.0794
1779816505149,1,11.0000004b,Drive,Loading,pitch.0,334005,-1.0521,3.339,36.7423,27.4633,22.4447,1.2231,-0.0649,0.0794
1779816505149,1,12.00000015,Lower Delivery,Loading,pitch.0,333733,-0.2908,-0.7573,0.7199,-0.0623,-0.0014,0.0389,0.0,0.0
1779816505149,1,12.00000018,Upper Delivery,Loading,pitch.0,334288,1.0973,0.7519,0.4334,1.1593,-0.7106,1.6106,0.0,0.0
1779816505149,1,Pitching Mound.Delivery,,Loading,pitch.0,333497,0.8065,-0.0054,1.1533,1.1945,-0.712,2.1215,0.0,0.0
1779816505149,1,Pitching Mound.Drive,,Loading,pitch.0,334005,-1.0521,3.339,36.7423,27.4633,22.4447,1.2231,-0.0649,0.0794
1779816505149,1,Pitching Mound.Parent,,Loading,pitch.0,333205,-0.2457,3.3336,37.8956,28.6578,21.7327,3.3446,-0.0629,0.0795
1779816505150,1,11.0000004b,Drive,Loading,pitch.0,334007,-1.0654,3.2905,36.4346,27.256,22.2633,1.2168,-0.0649,0.0794
1779816505150,1,11.0000004b,Drive,Loading,pitch.0,334006,-1.05,3.3044,36.5504,27.3453,22.342,1.2177,-0.0649,0.0794
1779816505150,1,12.00000015,Lower Delivery,Loading,pitch.0,333734,-0.3109,-0.7653,0.7845,-0.0576,0.0012,0.097,0.0,0.0
1779816505150,1,12.00000018,Upper Delivery,Loading,pitch.0,334289,1.0781,0.7366,0.4942,1.106,-0.5666,1.6151,0.0,0.0
1779816505150,1,Pitching Mound.Delivery,,Loading,pitch.0,333498,0.7673,-0.0287,1.2788,1.1471,-0.5654,2.1844,0.0,0.0
1779816505150,1,Pitching Mound.Drive,,Loading,pitch.0,334007,-1.0654,3.2905,36.4346,27.256,22.2633,1.2168,-0.0649,0.0794
1779816505150,1,Pitching Mound.Drive,,Loading,pitch.0,334006,-1.05,3.3044,36.5504,27.3453,22.342,1.2177,-0.0649,0.0794
1779816505150,1,Pitching Mound.Parent,,Loading,pitch.0,333206,-0.2828,3.2756,37.8291,28.4924,21.7766,3.402,-0.0627,0.0794
1779816505151,1,11.0000004b,Drive,Loading,pitch.0,334008,-1.0678,3.262,36.3105,27.1721,22.0902,1.1986,-0.0646,0.0794
1779816505151,1,12.00000015,Lower Delivery,Loading,pitch.0,333735,-0.3126,-0.7612,0.7927,-0.0538,-0.0018,0.0883,0.0,0.0
1779816505151,1,12.00000018,Upper Delivery,Loading,pitch.0,334290,1.111,0.743,0.4855,1.2444,-0.5313,1.6588,0.0,0.0
1779816505151,1,Pitching Mound.Delivery,,Loading,pitch.0,333499,0.7985,-0.0182,1.2782,1.295,-0.5331,2.2311,0.0,0.0
1779816505151,1,Pitching Mound.Drive,,Loading,pitch.0,334008,-1.0678,3.262,36.3105,27.1721,22.0902,1.1986,-0.0646,0.0794
1779816505151,1,Pitching Mound.Parent,,Loading,pitch.0,333207,-0.2669,3.2723,37.7128,28.551,21.7302,3.4479,-0.0627,0.0795
1779816505152,1,11.0000004b,Drive,Loading,pitch.0,334009,-1.0648,3.2445,36.1351,27.0863,22.0524,1.1606,-0.0648,0.0796
1779816505152,1,12.00000015,Lower Delivery,Loading,pitch.0,333736,-0.306,-0.7231,0.7306,-0.0586,-0.0077,0.0545,0.0,0.0
1779816505152,1,12.00000018,Upper Delivery,Loading,pitch.0,334291,1.097,0.7387,0.4924,1.0276,-0.5186,1.6066,0.0,0.0
1779816505152,1,Pitching Mound.Delivery,,Loading,pitch.0,333500,0.791,0.0156,1.223,1.0499,-0.5262,2.1381,0.0,0.0
1779816505152,1,Pitching Mound.Drive,,Loading,pitch.0,334009,-1.0648,3.2445,36.1351,27.0863,22.0524,1.1606,-0.0648,0.0796
1779816505152,1,Pitching Mound.Parent,,Loading,pitch.0,333208,-0.2768,3.2775,37.5335,28.222,21.564,3.3366,-0.0625,0.079
1779816505153,1,11.0000004b,Drive,Loading,pitch.0,334010,-1.0435,3.2247,35.9535,26.9848,21.8068,1.1321,-0.0644,0.0797
1779816505153,1,12.00000015,Lower Delivery,Loading,pitch.0,333737,-0.3141,-0.7244,0.7592,-0.0622,-0.0088,0.0597,0.0,0.0
1779816505153,1,12.00000018,Upper Delivery,Loading,pitch.0,334292,1.098,0.7235,0.5046,0.9504,-0.6293,1.5962,0.0,0.0
1779816505153,1,Pitching Mound.Delivery,,Loading,pitch.0,333501,0.7839,-0.0009,1.2638,0.9748,-0.6382,2.136,0.0,0.0
1779816505153,1,Pitching Mound.Drive,,Loading,pitch.0,334010,-1.0435,3.2247,35.9535,26.9848,21.8068,1.1321,-0.0644,0.0797
1779816505153,1,Pitching Mound.Parent,,Loading,pitch.0,333209,-0.2809,3.2436,37.3989,28.061,21.4142,3.2966,-0.0626,0.0792
1779816505154,1,11.0000004b,Drive,Loading,pitch.0,334011,-1.0355,3.1819,35.8851,26.8362,21.6923,1.0908,-0.0642,0.0794
1779816505154,1,12.00000015,Lower Delivery,Loading,pitch.0,333738,-0.3175,-0.7385,0.7767,-0.0616,-0.0065,0.0373,0.0,0.0
1779816505154,1,12.00000018,Upper Delivery,Loading,pitch.0,334293,1.1033,0.7546,0.3672,0.9717,-0.5746,1.5649,0.0,0.0
1779816505154,1,Pitching Mound.Delivery,,Loading,pitch.0,333502,0.7858,0.0161,1.1439,1.0494,-0.5811,2.0852,0.0,0.0
1779816505154,1,Pitching Mound.Drive,,Loading,pitch.0,334011,-1.0355,3.1819,35.8851,26.8362,21.6923,1.0908,-0.0642,0.0794
1779816505154,1,Pitching Mound.Parent,,Loading,pitch.0,333210,-0.2577,3.2408,37.0974,28.0341,21.2257,3.2173,-0.0624,0.081
1779816505155,1,12.00000015,Lower Delivery,Loading,pitch.0,333739,-0.3151,-0.7552,0.7543,-0.054,-0.0059,0.1091,0.0,0.0
1779816505155,1,12.00000018,Upper Delivery,Loading,pitch.0,334294,1.1573,0.7945,0.3517,0.9538,-0.5165,1.5814,0.0,0.0
1779816505155,1,Pitching Mound.Delivery,,Loading,pitch.0,333503,0.8421,0.0392,1.106,1.0367,-0.5223,2.1911,0.0,0.0
1779816505155,1,Pitching Mound.Parent,,Loading,pitch.0,333211,-0.1933,3.2211,36.9911,27.8729,21.17,3.2819,-0.0623,0.0807
1779816505156,1,11.0000004b,Drive,Loading,pitch.0,334012,-1.0303,3.158,35.709,26.7463,21.7153,1.0839,-0.0646,0.0795
1779816505156,1,12.00000015,Lower Delivery,Loading,pitch.0,333740,-0.3222,-0.757,0.7301,-0.0443,0.0016,0.1362,0.0,0.0
1779816505156,1,12.00000018,Upper Delivery,Loading,pitch.0,334295,1.1436,0.7768,0.3504,1.1157,-0.6009,1.5907,0.0,0.0
1779816505156,1,Pitching Mound.Delivery,,Loading,pitch.0,333504,0.8214,0.0198,1.0805,1.2005,-0.5993,2.2253,0.0,0.0
1779816505156,1,Pitching Mound.Drive,,Loading,pitch.0,334012,-1.0303,3.158,35.709,26.7463,21.7153,1.0839,-0.0646,0.0795
1779816505156,1,Pitching Mound.Parent,,Loading,pitch.0,333212,-0.2089,3.1778,36.7896,27.9468,21.116,3.3093,-0.0627,0.0807
1779816505157,1,11.0000004b,Drive,Loading,pitch.0,334013,-1.0243,3.1508,35.5166,26.7309,21.7598,1.0375,-0.065,0.0799
1779816505157,1,12.00000015,Lower Delivery,Loading,pitch.0,333741,-0.2942,-0.7499,0.6773,-0.0575,0.0004,0.0841,0.0,0.0
1779816505157,1,12.00000018,Upper Delivery,Loading,pitch.0,334296,1.11,0.748,0.3315,0.9944,-0.4026,1.5932,0.0,0.0
1779816505157,1,Pitching Mound.Delivery,,Loading,pitch.0,333505,0.8158,-0.0019,1.0089,1.0544,-0.4022,2.1547,0.0,0.0
1779816505157,1,Pitching Mound.Drive,,Loading,pitch.0,334013,-1.0243,3.1508,35.5166,26.7309,21.7598,1.0375,-0.065,0.0799
1779816505157,1,Pitching Mound.Parent,,Loading,pitch.0,333213,-0.2085,3.1489,36.5255,27.7853,21.3576,3.1922,-0.0632,0.0809
1779816505158,1,11.0000004b,Drive,Loading,pitch.0,334014,-1.0311,3.137,35.389,26.7154,21.6686,1.0289,-0.065,0.0801
1779816505158,1,12.00000015,Lower Delivery,Loading,pitch.0,333742,-0.2886,-0.7518,0.7005,-0.0517,0.0086,0.0884,0.0,0.0
1779816505158,1,12.00000018,Upper Delivery,Loading,pitch.0,334297,1.1243,0.7985,0.2504,1.0089,-0.4641,1.602,0.0,0.0
1779816505158,1,Pitching Mound.Delivery,,Loading,pitch.0,333506,0.8357,0.0467,0.9509,1.1103,-0.4555,2.1708,0.0,0.0
1779816505158,1,Pitching Mound.Drive,,Loading,pitch.0,334014,-1.0311,3.137,35.389,26.7154,21.6686,1.0289,-0.065,0.0801
1779816505158,1,Pitching Mound.Parent,,Loading,pitch.0,333214,-0.1954,3.1837,36.3399,27.8257,21.2131,3.1997,-0.0633,0.0823
1779816505159,1,11.0000004b,Drive,Loading,pitch.0,334015,-1.0237,3.1096,35.2602,26.6767,21.5842,0.995,-0.065,0.0803
1779816505159,1,12.00000015,Lower Delivery,Loading,pitch.0,333743,-0.2651,-0.7079,0.6866,-0.0595,0.008,0.0401,0.0,0.0
1779816505159,1,12.00000018,Upper Delivery,Loading,pitch.0,334298,1.0881,0.777,0.1938,1.0012,-0.2937,1.5259,0.0,0.0
1779816505159,1,Pitching Mound.Delivery,,Loading,pitch.0,333507,0.8229,0.0691,0.8804,1.1092,-0.2857,2.0261,0.0,0.0
1779816505159,1,Pitching Mound.Drive,,Loading,pitch.0,334015,-1.0237,3.1096,35.2602,26.6767,21.5842,0.995,-0.065,0.0803
1779816505159,1,Pitching Mound.Parent,,Loading,pitch.0,333215,-0.2007,3.1787,36.1406,27.7859,21.2985,3.0211,-0.0634,0.083
1779816505160,1,11.0000004b,Drive,Loading,pitch.0,334016,-1.0006,3.0966,35.0938,26.6307,21.592,0.9564,-0.0653,0.0806
1779816505160,1,12.00000015,Lower Delivery,Loading,pitch.0,333744,-0.2404,-0.6944,0.6327,-0.068,0.001,0.0191,0.0,0.0
1779816505160,1,12.00000018,Upper Delivery,Loading,pitch.0,334299,1.1372,0.835,0.1666,1.0247,-0.4623,1.5592,0.0,0.0
1779816505160,1,Pitching Mound.Delivery,,Loading,pitch.0,333508,0.8968,0.1405,0.7992,1.1151,-0.4614,2.0467,0.0,0.0
1779816505160,1,Pitching Mound.Drive,,Loading,pitch.0,334016,-1.0006,3.0966,35.0938,26.6307,21.592,0.9564,-0.0653,0.0806
1779816505160,1,Pitching Mound.Parent,,Loading,pitch.0,333216,-0.1038,3.2371,35.893,27.7458,21.1307,3.0031,-0.0639,0.0832
1779816505161,1,11.0000004b,Drive,Loading,pitch.0,334017,-0.9942,3.0772,34.9629,26.6246,21.5631,0.9371,-0.0655,0.0808
1779816505161,1,12.00000015,Lower Delivery,Loading,pitch.0,333745,-0.2238,-0.7086,0.6738,-0.072,-0.0099,0.0299,0.0,0.0
1779816505161,1,12.00000018,Upper Delivery,Loading,pitch.0,334300,1.1154,0.8158,0.2126,1.0443,-0.4966,1.5232,0.0,0.0
1779816505161,1,Pitching Mound.Delivery,,Loading,pitch.0,333509,0.8917,0.1072,0.8864,1.1291,-0.5064,2.0085,0.0,0.0
1779816505161,1,Pitching Mound.Drive,,Loading,pitch.0,334017,-0.9942,3.0772,34.9629,26.6246,21.5631,0.9371,-0.0655,0.0808
1779816505161,1,Pitching Mound.Parent,,Loading,pitch.0,333217,-0.1026,3.1844,35.8493,27.7537,21.0566,2.9456,-0.0639,0.0832
1779816505162,1,11.0000004b,Drive,Loading,pitch.0,334018,-0.9776,3.0502,34.8593,26.5528,21.6727,0.9336,-0.066,0.0809
1779816505162,1,12.00000015,Lower Delivery,Loading,pitch.0,333746,-0.196,-0.7171,0.6651,-0.0853,-0.0184,0.0079,0.0,0.0
1779816505162,1,12.00000018,Upper Delivery,Loading,pitch.0,334301,1.1145,0.8189,0.2054,1.0464,-0.5233,1.537,0.0,0.0
1779816505162,1,Pitching Mound.Delivery,,Loading,pitch.0,333510,0.9185,0.1017,0.8705,1.1175,-0.5417,1.9904,0.0,0.0
1779816505162,1,Pitching Mound.Drive,,Loading,pitch.0,334018,-0.9776,3.0502,34.8593,26.5528,21.6727,0.9336,-0.066,0.0809
1779816505162,1,Pitching Mound.Parent,,Loading,pitch.0,333218,-0.0591,3.152,35.7298,27.6703,21.131,2.9241,-0.0644,0.0833
1779816505163,1,11.0000004b,Drive,Loading,pitch.0,334019,-0.9776,3.0163,34.7154,26.4579,21.7148,0.8868,-0.0664,0.0809
1779816505163,1,12.00000015,Lower Delivery,Loading,pitch.0,333747,-0.2102,-0.7244,0.7125,-0.0773,-0.0124,0.0172,0.0,0.0
1779816505163,1,12.00000018,Upper Delivery,Loading,pitch.0,334302,1.0931,0.8025,0.1755,1.0906,-0.5572,1.5584,0.0,0.0
1779816505163,1,Pitching Mound.Delivery,,Loading,pitch.0,333511,0.8829,0.0782,0.888,1.1959,-0.5696,2.0187,0.0,0.0
1779816505163,1,Pitching Mound.Drive,,Loading,pitch.0,334019,-0.9776,3.0163,34.7154,26.4579,21.7148,0.8868,-0.0664,0.0809
1779816505163,1,Pitching Mound.Parent,,Loading,pitch.0,333219,-0.0947,3.0944,35.6033,27.6537,21.1452,2.9055,-0.0647,0.084
1779816505164,1,11.0000004b,Drive,Loading,pitch.0,334020,-0.9762,3.0027,34.6378,26.4444,21.744,0.8837,-0.0666,0.0811
1779816505164,1,12.00000015,Lower Delivery,Loading,pitch.0,333748,-0.2114,-0.7062,0.6793,-0.0835,-0.0163,-0.0008,0.0,0.0
1779816505164,1,12.00000018,Upper Delivery,Loading,pitch.0,334303,1.0719,0.7914,0.2486,1.0442,-0.5062,1.5518,0.0,0.0
1779816505164,1,Pitching Mound.Delivery,,Loading,pitch.0,333512,0.8605,0.0852,0.9279,1.1071,-0.5225,1.9873,0.0,0.0
1779816505164,1,Pitching Mound.Drive,,Loading,pitch.0,334020,-0.9762,3.0027,34.6378,26.4444,21.744,0.8837,-0.0666,0.0811
1779816505164,1,Pitching Mound.Parent,,Loading,pitch.0,333220,-0.1156,3.0879,35.5656,27.5515,21.2215,2.871,-0.0649,0.0831
1779816505165,1,11.0000004b,Drive,Loading,pitch.0,334021,-0.9728,2.9806,34.5718,26.4627,21.8169,0.8705,-0.067,0.0813
1779816505165,1,12.00000015,Lower Delivery,Loading,pitch.0,333749,-0.2102,-0.7012,0.6741,-0.0854,-0.0103,0.0337,0.0,0.0
1779816505165,1,12.00000018,Upper Delivery,Loading,pitch.0,334304,1.0598,0.7814,0.239,1.2467,-0.6897,1.5772,0.0,0.0
1779816505165,1,Pitching Mound.Delivery,,Loading,pitch.0,333513,0.8496,0.0802,0.9131,1.3092,-0.7,2.0427,0.0,0.0
1779816505165,1,Pitching Mound.Drive,,Loading,pitch.0,334021,-0.9728,2.9806,34.5718,26.4627,21.8169,0.8705,-0.067,0.0813
1779816505165,1,Pitching Mound.Parent,,Loading,pitch.0,333221,-0.1233,3.0608,35.4849,27.7719,21.1169,2.9133,-0.0653,0.0833
1779816505166,1,11.0000004b,Drive,Loading,pitch.0,334022,-0.9697,2.9657,34.4252,26.4269,21.7552,0.833,-0.0671,0.0815
1779816505166,1,12.00000015,Lower Delivery,Loading,pitch.0,333750,-0.2287,-0.6882,0.6901,-0.0836,-0.0084,0.0429,0.0,0.0
1779816505166,1,12.00000018,Upper Delivery,Loading,pitch.0,334305,1.0318,0.7571,0.2718,1.3044,-0.7702,1.5805,0.0,0.0
1779816505166,1,Pitching Mound.Delivery,,Loading,pitch.0,333514,0.8032,0.0689,0.9618,1.363,-0.7786,2.052,0.0,0.0
1779816505166,1,Pitching Mound.Drive,,Loading,pitch.0,334022,-0.9697,2.9657,34.4252,26.4269,21.7552,0.833,-0.0671,0.0815
1779816505166,1,Pitching Mound.Parent,,Loading,pitch.0,333222,-0.1665,3.0346,35.3871,27.79,20.9765,2.885,-0.0653,0.0833
1779816505167,1,11.0000004b,Drive,Loading,pitch.0,334024,-0.9385,2.9256,34.2346,26.2908,21.648,0.7419,-0.0671,0.0815
1779816505167,1,11.0000004b,Drive,Loading,pitch.0,334023,-0.9511,2.9469,34.3513,26.3624,21.6753,0.8033,-0.067,0.0815
1779816505167,1,12.00000015,Lower Delivery,Loading,pitch.0,333751,-0.2575,-0.701,0.7423,-0.0688,-0.0033,0.0982,0.0,0.0
1779816505167,1,12.00000018,Upper Delivery,Loading,pitch.0,334306,1.0163,0.7503,0.3238,1.2754,-0.6789,1.6211,0.0,0.0
1779816505167,1,Pitching Mound.Delivery,,Loading,pitch.0,333515,0.7589,0.0493,1.0661,1.3489,-0.6822,2.1524,0.0,0.0
1779816505167,1,Pitching Mound.Drive,,Loading,pitch.0,334024,-0.9385,2.9256,34.2346,26.2908,21.648,0.7419,-0.0671,0.0815
1779816505167,1,Pitching Mound.Drive,,Loading,pitch.0,334023,-0.9511,2.9469,34.3513,26.3624,21.6753,0.8033,-0.067,0.0815
1779816505167,1,Pitching Mound.Parent,,Loading,pitch.0,333223,-0.1922,2.9962,35.4174,27.7113,20.993,2.9558,-0.065,0.083
1779816505168,1,11.0000004b,Drive,Loading,pitch.0,334025,-0.9234,2.8955,34.0845,26.2056,21.464,0.712,-0.0669,0.0816
1779816505168,1,12.00000015,Lower Delivery,Loading,pitch.0,333752,-0.2792,-0.7254,0.7609,-0.0448,0.0044,0.1565,0.0,0.0
1779816505168,1,12.00000018,Upper Delivery,Loading,pitch.0,334307,1.0432,0.7601,0.2943,1.2571,-0.7159,1.6292,0.0,0.0
1779816505168,1,Pitching Mound.Delivery,,Loading,pitch.0,333516,0.764,0.0346,1.0552,1.3709,-0.7114,2.2354,0.0,0.0
1779816505168,1,Pitching Mound.Drive,,Loading,pitch.0,334025,-0.9234,2.8955,34.0845,26.2056,21.464,0.712,-0.0669,0.0816
1779816505168,1,Pitching Mound.Parent,,Loading,pitch.0,333224,-0.1744,2.9602,35.2898,27.6617,20.9365,2.9773,-0.0651,0.0836
1779816505169,1,11.0000004b,Drive,Loading,pitch.0,334026,-0.8988,2.8733,33.9058,26.1222,21.4621,0.6644,-0.0672,0.0818
1779816505169,1,12.00000015,Lower Delivery,Loading,pitch.0,333753,-0.267,-0.7425,0.821,-0.0546,-0.0016,0.1594,0.0,0.0
1779816505169,1,12.00000018,Upper Delivery,Loading,pitch.0,334308,1.0362,0.7372,0.3647,1.2123,-0.843,1.6418,0.0,0.0
1779816505169,1,Pitching Mound.Delivery,,Loading,pitch.0,333517,0.7692,-0.0053,1.1857,1.3129,-0.8446,2.2443,0.0,0.0
1779816505169,1,Pitching Mound.Drive,,Loading,pitch.0,334026,-0.8988,2.8733,33.9058,26.1222,21.4621,0.6644,-0.0672,0.0818
1779816505169,1,Pitching Mound.Parent,,Loading,pitch.0,333225,-0.1542,2.8902,35.2702,27.5185,20.6194,2.9562,-0.0646,0.0833
1779816505170,1,11.0000004b,Drive,Loading,pitch.0,334027,-0.8906,2.8468,33.7506,26.0179,21.3833,0.6174,-0.0673,0.0818
1779816505170,1,12.00000015,Lower Delivery,Loading,pitch.0,333754,-0.2759,-0.7533,0.8936,-0.0516,-0.0081,0.1427,0.0,0.0
1779816505170,1,12.00000018,Upper Delivery,Loading,pitch.0,334309,1.0174,0.7145,0.4103,1.1919,-0.7821,1.6871,0.0,0.0
1779816505170,1,Pitching Mound.Delivery,,Loading,pitch.0,333518,0.7415,-0.0388,1.3039,1.3047,-0.7902,2.2695,0.0,0.0
1779816505170,1,Pitching Mound.Drive,,Loading,pitch.0,334027,-0.8906,2.8468,33.7506,26.0179,21.3833,0.6174,-0.0673,0.0818
1779816505170,1,Pitching Mound.Parent,,Loading,pitch.0,333226,-0.1573,2.8346,35.2096,27.4269,20.6719,2.934,-0.0647,0.0834
1779816505171,1,11.0000004b,Drive,Loading,pitch.0,334028,-0.8813,2.8373,33.6405,26.0007,21.2629,0.5657,-0.0671,0.0821
1779816505171,1,12.00000015,Lower Delivery,Loading,pitch.0,333755,-0.2711,-0.7489,0.9552,-0.0521,-0.0185,0.1813,0.0,0.0
1779816505171,1,12.00000018,Upper Delivery,Loading,pitch.0,334310,1.0216,0.7117,0.4872,1.1875,-0.8556,1.6769,0.0,0.0
1779816505171,1,Pitching Mound.Delivery,,Loading,pitch.0,333519,0.7505,-0.0372,1.4425,1.2946,-0.8741,2.2978,0.0,0.0
1779816505171,1,Pitching Mound.Drive,,Loading,pitch.0,334028,-0.8813,2.8373,33.6405,26.0007,21.2629,0.5657,-0.0671,0.0821
1779816505171,1,Pitching Mound.Parent,,Loading,pitch.0,333227,-0.1401,2.8096,35.1931,27.3125,20.5091,2.9151,-0.0645,0.083
1779816505172,1,11.0000004b,Drive,Loading,pitch.0,334029,-0.8689,2.8052,33.4569,25.8888,21.1913,0.5084,-0.0672,0.0821
1779816505172,1,12.00000015,Lower Delivery,Loading,pitch.0,333756,-0.2733,-0.7456,0.969,-0.0559,-0.0197,0.1716,0.0,0.0
1779816505172,1,12.00000018,Upper Delivery,Loading,pitch.0,334311,1.0201,0.7354,0.4545,1.1815,-0.8155,1.6297,0.0,0.0
1779816505172,1,Pitching Mound.Delivery,,Loading,pitch.0,333520,0.7468,-0.0103,1.4235,1.3005,-0.8352,2.241,0.0,0.0
1779816505172,1,Pitching Mound.Drive,,Loading,pitch.0,334029,-0.8689,2.8052,33.4569,25.8888,21.1913,0.5084,-0.0672,0.0821
1779816505172,1,Pitching Mound.Parent,,Loading,pitch.0,333228,-0.1344,2.8271,35.064,27.3012,20.4277,2.8068,-0.0644,0.0837
1779816505173,1,11.0000004b,Drive,Loading,pitch.0,334030,-0.8641,2.7948,33.2668,25.8333,21.1723,0.4713,-0.0676,0.0824
1779816505173,1,12.00000015,Lower Delivery,Loading,pitch.0,333757,-0.2955,-0.7278,0.8868,-0.0699,-0.0198,0.1421,0.0,0.0
1779816505173,1,12.00000018,Upper Delivery,Loading,pitch.0,334312,1.0424,0.7571,0.4651,1.1493,-0.932,1.611,0.0,0.0
1779816505173,1,Pitching Mound.Delivery,,Loading,pitch.0,333521,0.7469,0.0293,1.3519,1.2227,-0.9518,2.2079,0.0,0.0
1779816505173,1,Pitching Mound.Drive,,Loading,pitch.0,334030,-0.8641,2.7948,33.2668,25.8333,21.1723,0.4713,-0.0676,0.0824
1779816505173,1,Pitching Mound.Parent,,Loading,pitch.0,333229,-0.122,2.8345,34.8088,27.1115,20.2396,2.7163,-0.0646,0.0831
1779816505174,1,11.0000004b,Drive,Loading,pitch.0,334031,-0.8391,2.775,33.1287,25.7577,21.1933,0.4031,-0.0679,0.0825
1779816505174,1,12.00000015,Lower Delivery,Loading,pitch.0,333758,-0.2795,-0.7358,0.9113,-0.085,-0.0197,0.0534,0.0,0.0
1779816505174,1,12.00000018,Upper Delivery,Loading,pitch.0,334313,1.0262,0.7372,0.5111,1.0896,-1.0155,1.598,0.0,0.0
1779816505174,1,Pitching Mound.Delivery,,Loading,pitch.0,333522,0.7467,0.0014,1.4224,1.1407,-1.0352,2.0953,0.0,0.0
1779816505174,1,Pitching Mound.Drive,,Loading,pitch.0,334031,-0.8391,2.775,33.1287,25.7577,21.1933,0.4031,-0.0679,0.0825
1779816505174,1,Pitching Mound.Parent,,Loading,pitch.0,333230,-0.1173,2.7962,34.6892,26.974,20.1371,2.5667,-0.0648,0.083
1779816505175,1,11.0000004b,Drive,Loading,pitch.0,334032,-0.817,2.7574,33.0221,25.6274,20.9861,0.3532,-0.0675,0.0824
1779816505175,1,12.00000015,Lower Delivery,Loading,pitch.0,333759,-0.2659,-0.7021,0.755,-0.0852,-0.0172,0.0014,0.0,0.0
1779816505175,1,12.00000018,Upper Delivery,Loading,pitch.0,334314,1.0382,0.7451,0.5116,1.1837,-1.0689,1.5509,0.0,0.0
1779816505175,1,Pitching Mound.Delivery,,Loading,pitch.0,333523,0.7723,0.0429,1.2666,1.1812,-1.0861,1.9957,0.0,0.0
1779816505175,1,Pitching Mound.Drive,,Loading,pitch.0,334032,-0.817,2.7574,33.0221,25.6274,20.9861,0.3532,-0.0675,0.0824
1779816505175,1,Pitching Mound.Parent,,Loading,pitch.0,333231,-0.0668,2.8179,34.3953,26.9389,20.1072,2.3988,-0.0654,0.0819
1779816505176,1,11.0000004b,Drive,Loading,pitch.0,334033,-0.8083,2.7281,32.794,25.4948,20.9254,0.2873,-0.0677,0.0825
1779816505176,1,12.00000015,Lower Delivery,Loading,pitch.0,333760,-0.2629,-0.7011,0.7318,-0.0892,-0.0153,0.0085,0.0,0.0
1779816505176,1,12.00000018,Upper Delivery,Loading,pitch.0,334315,1.035,0.7541,0.5086,1.2209,-0.9505,1.5546,0.0,0.0
1779816505176,1,Pitching Mound.Delivery,,Loading,pitch.0,333524,0.7721,0.0531,1.2404,1.2076,-0.9658,2.0044,0.0,0.0
1779816505176,1,Pitching Mound.Drive,,Loading,pitch.0,334033,-0.8083,2.7281,32.794,25.4948,20.9254,0.2873,-0.0677,0.0825
1779816505176,1,Pitching Mound.Parent,,Loading,pitch.0,333232,-0.0449,2.8104,34.2625,26.8351,20.0203,2.3576,-0.065,0.0816
1779816505177,1,11.0000004b,Drive,Loading,pitch.0,334034,-0.7902,2.7105,32.7559,25.4614,20.8822,0.2472,-0.0677,0.0825
1779816505177,1,12.00000015,Lower Delivery,Loading,pitch.0,333761,-0.2684,-0.6713,0.696,-0.0897,-0.0246,0.0156,0.0,0.0
1779816505177,1,12.00000018,Upper Delivery,Loading,pitch.0,334316,1.0132,0.744,0.4897,1.1125,-0.4827,1.5652,0.0,0.0
1779816505177,1,Pitching Mound.Delivery,,Loading,pitch.0,333525,0.7447,0.0727,1.1857,1.0929,-0.5073,2.0166,0.0,0.0
1779816505177,1,Pitching Mound.Drive,,Loading,pitch.0,334034,-0.7902,2.7105,32.7559,25.4614,20.8822,0.2472,-0.0677,0.0825
1779816505177,1,Pitching Mound.Parent,,Loading,pitch.0,333233,-0.0635,2.8008,33.9797,26.5877,20.4181,2.3039,-0.0654,0.0817
1779816505178,1,11.0000004b,Drive,Loading,pitch.0,334035,-0.7824,2.6961,32.7316,25.4375,20.8712,0.2293,-0.0677,0.0825
1779816505178,1,12.00000015,Lower Delivery,Loading,pitch.0,333762,-0.264,-0.635,0.651,-0.0937,-0.0222,-0.0002,0.0,0.0
1779816505178,1,12.00000018,Upper Delivery,Loading,pitch.0,334317,1.0241,0.7467,0.4704,0.993,-0.4593,1.5143,0.0,0.0
1779816505178,1,Pitching Mound.Delivery,,Loading,pitch.0,333526,0.76,0.1116,1.1214,0.9607,-0.4816,1.9521,0.0,0.0
1779816505178,1,Pitching Mound.Drive,,Loading,pitch.0,334035,-0.7824,2.6961,32.7316,25.4375,20.8712,0.2293,-0.0677,0.0825
1779816505178,1,Pitching Mound.Parent,,Loading,pitch.0,333234,-0.0302,2.8222,33.8773,26.4221,20.4006,2.1992,-0.0654,0.0816
1779816505179,1,11.0000004b,Drive,Loading,pitch.0,334036,-0.7523,2.6698,32.5458,25.3109,20.8417,0.188,-0.068,0.0826
1779816505179,1,12.00000015,Lower Delivery,Loading,pitch.0,333763,-0.2546,-0.6221,0.6298,-0.0873,-0.0211,0.0004,0.0,0.0
1779816505179,1,12.00000018,Upper Delivery,Loading,pitch.0,334318,1.0319,0.7579,0.4304,0.8915,-0.2046,1.4937,0.0,0.0
1779816505179,1,Pitching Mound.Delivery,,Loading,pitch.0,333527,0.7773,0.1358,1.0602,0.872,-0.2256,1.9314,0.0,0.0
1779816505179,1,Pitching Mound.Drive,,Loading,pitch.0,334036,-0.7523,2.6698,32.5458,25.3109,20.8417,0.188,-0.068,0.0826
1779816505179,1,Pitching Mound.Parent,,Loading,pitch.0,333235,-0.0051,2.8319,33.7919,26.3096,20.6456,2.1607,-0.0656,0.0819
1779816505180,1,11.0000004b,Drive,Loading,pitch.0,334037,-0.7423,2.6516,32.448,25.252,20.75,0.1546,-0.0679,0.0826
1779816505180,1,12.00000015,Lower Delivery,Loading,pitch.0,333764,-0.2671,-0.6,0.5129,-0.0822,-0.0216,-0.0032,0.0,0.0
1779816505180,1,12.00000018,Upper Delivery,Loading,pitch.0,334319,1.077,0.8209,0.3447,0.7309,0.109,1.5088,0.0,0.0
1779816505180,1,Pitching Mound.Delivery,,Loading,pitch.0,333528,0.8099,0.2209,0.8577,0.7059,0.0874,1.9625,0.0,0.0
1779816505180,1,Pitching Mound.Drive,,Loading,pitch.0,334037,-0.7423,2.6516,32.448,25.252,20.75,0.1546,-0.0679,0.0826
1779816505180,1,Pitching Mound.Parent,,Loading,pitch.0,333236,0.0576,2.8907,33.4035,26.0168,20.929,2.1505,-0.0662,0.0822
1779816505181,1,11.0000004b,Drive,Loading,pitch.0,334038,-0.7208,2.6315,32.2914,25.2076,20.6926,0.1283,-0.068,0.0829
1779816505181,1,12.00000015,Lower Delivery,Loading,pitch.0,333765,-0.2796,-0.6142,0.5058,-0.0765,-0.0125,0.0105,0.0,0.0
1779816505181,1,12.00000018,Upper Delivery,Loading,pitch.0,334320,1.0696,0.8095,0.2887,0.7181,0.1287,1.4658,0.0,0.0
1779816505181,1,Pitching Mound.Delivery,,Loading,pitch.0,333529,0.7901,0.1953,0.7945,0.7154,0.1162,1.935,0.0,0.0
1779816505181,1,Pitching Mound.Drive,,Loading,pitch.0,334038,-0.7208,2.6315,32.2914,25.2076,20.6926,0.1283,-0.068,0.0829
1779816505181,1,Pitching Mound.Parent,,Loading,pitch.0,333237,0.0478,2.8469,33.2426,25.9674,20.8662,2.0896,-0.0663,0.0829
1779816505182,1,11.0000004b,Drive,Loading,pitch.0,334039,-0.684,2.6102,32.0494,25.1308,20.7141,0.1233,-0.0686,0.0832
1779816505182,1,12.00000015,Lower Delivery,Loading,pitch.0,333766,-0.2724,-0.6323,0.5158,-0.0765,-0.0067,0.0171,0.0,0.0
1779816505182,1,12.00000018,Upper Delivery,Loading,pitch.0,334321,1.0615,0.7904,0.2797,0.7122,0.1682,1.5027,0.0,0.0
1779816505182,1,Pitching Mound.Delivery,,Loading,pitch.0,333530,0.7891,0.1581,0.7954,0.716,0.1615,1.9733,0.0,0.0
1779816505182,1,Pitching Mound.Drive,,Loading,pitch.0,334039,-0.684,2.6102,32.0494,25.1308,20.7141,0.1233,-0.0686,0.0832
1779816505182,1,Pitching Mound.Parent,,Loading,pitch.0,333238,0.0683,2.7896,33.0868,25.9236,20.8541,2.1016,-0.0664,0.0833
1779816505183,1,11.0000004b,Drive,Loading,pitch.0,334040,-0.6605,2.5991,31.9704,25.0579,20.6758,0.1102,-0.0687,0.0832
1779816505183,1,12.00000015,Lower Delivery,Loading,pitch.0,333767,-0.2843,-0.6707,0.5258,-0.0681,-0.0025,0.0263,0.0,0.0
1779816505183,1,12.00000018,Upper Delivery,Loading,pitch.0,334322,1.0417,0.7649,0.2796,0.7612,0.1272,1.5004,0.0,0.0
1779816505183,1,Pitching Mound.Delivery,,Loading,pitch.0,333531,0.7574,0.0942,0.8054,0.7767,0.1247,1.9775,0.0,0.0
1779816505183,1,Pitching Mound.Drive,,Loading,pitch.0,334040,-0.6605,2.5991,31.9704,25.0579,20.6758,0.1102,-0.0687,0.0832
1779816505183,1,Pitching Mound.Parent,,Loading,pitch.0,333239,0.0734,2.7044,32.8548,25.9075,20.8388,2.1008,-0.0669,0.0838
1779816505184,1,11.0000004b,Drive,Loading,pitch.0,334041,-0.6401,2.5883,31.7884,25.0034,20.5375,0.1001,-0.0686,0.0835
1779816505184,1,12.00000015,Lower Delivery,Loading,pitch.0,333768,-0.2745,-0.7035,0.5617,-0.0715,-0.0044,0.0395,0.0,0.0
1779816505184,1,12.00000018,Upper Delivery,Loading,pitch.0,334323,1.0963,0.8255,0.1802,0.6755,0.2593,1.5786,0.0,0.0
1779816505184,1,Pitching Mound.Delivery,,Loading,pitch.0,333532,0.8218,0.1219,0.7419,0.7337,0.2549,2.0843,0.0,0.0
1779816505184,1,Pitching Mound.Drive,,Loading,pitch.0,334041,-0.6401,2.5883,31.7884,25.0034,20.5375,0.1001,-0.0686,0.0835
1779816505184,1,Pitching Mound.Parent,,Loading,pitch.0,333240,0.1614,2.721,32.7122,25.7916,20.9307,2.1945,-0.0671,0.0853
1779816505185,1,11.0000004b,Drive,Loading,pitch.0,334042,-0.6183,2.5561,31.5751,24.9323,20.4361,0.0858,-0.0687,0.0838
1779816505185,1,12.00000015,Lower Delivery,Loading,pitch.0,333769,-0.2657,-0.7094,0.5855,-0.075,-0.0081,0.0275,0.0,0.0
1779816505185,1,12.00000018,Upper Delivery,Loading,pitch.0,334324,1.079,0.8242,0.2593,0.6542,0.2762,1.5062,0.0,0.0
1779816505185,1,Pitching Mound.Delivery,,Loading,pitch.0,333533,0.8133,0.1148,0.8448,0.6901,0.2681,1.9908,0.0,0.0
1779816505185,1,Pitching Mound.Drive,,Loading,pitch.0,334042,-0.6183,2.5561,31.5751,24.9323,20.4361,0.0858,-0.0687,0.0838
1779816505185,1,Pitching Mound.Parent,,Loading,pitch.0,333241,0.1732,2.703,32.6332,25.6935,20.8056,2.0909,-0.0668,0.0847
1779816505186,1,11.0000004b,Drive,Loading,pitch.0,334043,-0.6169,2.5459,31.4689,24.9034,20.5826,0.0832,-0.0694,0.084
1779816505186,1,12.00000015,Lower Delivery,Loading,pitch.0,333770,-0.2673,-0.7106,0.6605,-0.0698,-0.0109,0.059,0.0,0.0
1779816505186,1,12.00000018,Upper Delivery,Loading,pitch.0,334325,1.0665,0.8791,0.2894,0.6303,0.2959,1.5499,0.0,0.0
1779816505186,1,Pitching Mound.Delivery,,Loading,pitch.0,333534,0.7992,0.1685,0.9499,0.6866,0.2851,2.0624,0.0,0.0
1779816505186,1,Pitching Mound.Drive,,Loading,pitch.0,334043,-0.6169,2.5459,31.4689,24.9034,20.5826,0.0832,-0.0694,0.084
1779816505186,1,Pitching Mound.Parent,,Loading,pitch.0,333242,0.1808,2.7246,32.525,25.6189,20.7212,2.1482,-0.0667,0.0853
1779816505187,1,11.0000004b,Drive,Loading,pitch.0,334044,-0.5933,2.5298,31.3993,24.8236,20.5189,0.0831,-0.0694,0.0839
1779816505187,1,12.00000015,Lower Delivery,Loading,pitch.0,333771,-0.275,-0.6946,0.6355,-0.0846,-0.0095,0.0028,0.0,0.0
1779816505187,1,12.00000018,Upper Delivery,Loading,pitch.0,334326,1.0811,0.8229,0.238,0.6486,0.2866,1.5604,0.0,0.0
1779816505187,1,Pitching Mound.Delivery,,Loading,pitch.0,333535,0.8061,0.1283,0.8735,0.6992,0.2771,2.0242,0.0,0.0
1779816505187,1,Pitching Mound.Drive,,Loading,pitch.0,334044,-0.5933,2.5298,31.3993,24.8236,20.5189,0.0831,-0.0694,0.0839
1779816505187,1,Pitching Mound.Parent,,Loading,pitch.0,333243,0.1893,2.6742,32.3423,25.6026,20.8596,2.1074,-0.0676,0.0859
1779816505188,1,11.0000004b,Drive,Loading,pitch.0,334045,-0.5804,2.5151,31.192,24.6956,20.5757,0.0385,-0.07,0.0841
1779816505188,1,12.00000015,Lower Delivery,Loading,pitch.0,333772,-0.2558,-0.6837,0.6685,-0.1008,-0.0183,0.0046,0.0,0.0
1779816505188,1,12.00000018,Upper Delivery,Loading,pitch.0,334327,1.0917,0.8194,0.1997,0.6966,0.2589,1.5451,0.0,0.0
1779816505188,1,Pitching Mound.Delivery,,Loading,pitch.0,333536,0.8359,0.1357,0.8682,0.7552,0.2406,2.0079,0.0,0.0
1779816505188,1,Pitching Mound.Drive,,Loading,pitch.0,334045,-0.5804,2.5151,31.192,24.6956,20.5757,0.0385,-0.07,0.0841
1779816505188,1,Pitching Mound.Parent,,Loading,pitch.0,333244,0.2426,2.6655,32.2674,25.5788,20.7595,2.0909,-0.0675,0.0866
1779816505189,1,11.0000004b,Drive,Loading,pitch.0,334046,-0.5752,2.5071,31.0919,24.6458,20.7023,0.0263,-0.0707,0.0842
1779816505189,1,12.00000015,Lower Delivery,Loading,pitch.0,333773,-0.2675,-0.6577,0.64,-0.1021,-0.021,-0.006,0.0,0.0
1779816505189,1,12.00000018,Upper Delivery,Loading,pitch.0,334328,1.0603,0.8486,0.2836,0.7481,0.1658,1.5203,0.0,0.0
1779816505189,1,Pitching Mound.Delivery,,Loading,pitch.0,333537,0.7927,0.1909,0.9235,0.7672,0.1448,1.9658,0.0,0.0
1779816505189,1,Pitching Mound.Drive,,Loading,pitch.0,334046,-0.5752,2.5071,31.0919,24.6458,20.7023,0.0263,-0.0707,0.0842
1779816505189,1,Pitching Mound.Parent,,Loading,pitch.0,333245,0.2123,2.706,32.1155,25.4628,20.7205,2.0043,-0.068,0.0854
1779816505190,1,11.0000004b,Drive,Loading,pitch.0,334047,-0.5676,2.488,30.9018,24.5592,20.7292,0.0074,-0.0712,0.0844
1779816505190,1,12.00000015,Lower Delivery,Loading,pitch.0,333774,-0.2647,-0.6366,0.6977,-0.0986,-0.0238,-0.0003,0.0,0.0
1779816505190,1,12.00000018,Upper Delivery,Loading,pitch.0,334329,1.0599,0.8431,0.3115,0.8948,-0.0769,1.5322,0.0,0.0
1779816505190,1,Pitching Mound.Delivery,,Loading,pitch.0,333538,0.7952,0.2065,1.0092,0.9276,-0.1007,1.9823,0.0,0.0
1779816505190,1,Pitching Mound.Drive,,Loading,pitch.0,334047,-0.5676,2.488,30.9018,24.5592,20.7292,0.0074,-0.0712,0.0844
1779816505190,1,Pitching Mound.Parent,,Loading,pitch.0,333246,0.22,2.7136,32.1011,25.5734,20.6016,2.0086,-0.0685,0.0856
1779816505191,1,11.0000004b,Drive,Loading,pitch.0,334048,-0.5518,2.4759,30.7879,24.4657,20.5927,-0.0241,-0.071,0.0844
1779816505191,1,12.00000015,Lower Delivery,Loading,pitch.0,333775,-0.2728,-0.6516,0.7245,-0.0913,-0.018,-0.0091,0.0,0.0
1779816505191,1,12.00000018,Upper Delivery,Loading,pitch.0,334330,1.0687,0.8318,0.3054,0.9022,-0.1168,1.5431,0.0,0.0
1779816505191,1,Pitching Mound.Delivery,,Loading,pitch.0,333539,0.7959,0.1802,1.0299,0.9533,-0.1348,1.9901,0.0,0.0
1779816505191,1,Pitching Mound.Drive,,Loading,pitch.0,334048,-0.5518,2.4759,30.7879,24.4657,20.5927,-0.0241,-0.071,0.0844
1779816505191,1,Pitching Mound.Parent,,Loading,pitch.0,333247,0.2282,2.6682,31.9317,25.5125,20.5944,1.9975,-0.0689,0.0861
1779816505192,1,11.0000004b,Drive,Loading,pitch.0,334049,-0.5571,2.4672,30.7375,24.4176,20.6243,-0.0619,-0.0712,0.0843
1779816505192,1,12.00000015,Lower Delivery,Loading,pitch.0,333776,-0.2728,-0.6659,0.7809,-0.0935,-0.022,0.0018,0.0,0.0
1779816505192,1,12.00000018,Upper Delivery,Loading,pitch.0,334331,1.0768,0.8476,0.3233,1.0627,-0.3628,1.5681,0.0,0.0
1779816505192,1,Pitching Mound.Delivery,,Loading,pitch.0,333540,0.804,0.1817,1.1042,1.1247,-0.3848,2.0288,0.0,0.0
1779816505192,1,Pitching Mound.Drive,,Loading,pitch.0,334049,-0.5571,2.4672,30.7375,24.4176,20.6243,-0.0619,-0.0712,0.0843
1779816505192,1,Pitching Mound.Parent,,Loading,pitch.0,333248,0.2521,2.6576,31.8921,25.5904,20.2079,2.0047,-0.0685,0.0863
1779816505193,1,11.0000004b,Drive,Loading,pitch.0,334050,-0.5471,2.456,30.7769,24.3362,20.4045,-0.0849,-0.0704,0.0839
1779816505193,1,12.00000015,Lower Delivery,Loading,pitch.0,333777,-0.2759,-0.6299,0.7204,-0.0937,-0.0267,-0.003,0.0,0.0
1779816505193,1,12.00000018,Upper Delivery,Loading,pitch.0,334332,1.0976,0.8295,0.3657,1.1344,-0.5526,1.5693,0.0,0.0
1779816505193,1,Pitching Mound.Delivery,,Loading,pitch.0,333541,0.8217,0.1996,1.0861,1.1613,-0.5793,2.0333,0.0,0.0
1779816505193,1,Pitching Mound.Drive,,Loading,pitch.0,334050,-0.5471,2.456,30.7769,24.3362,20.4045,-0.0849,-0.0704,0.0839
1779816505193,1,Pitching Mound.Parent,,Loading,pitch.0,333249,0.2646,2.6669,31.8236,25.5789,20.045,1.9714,-0.0688,0.0852
1779816505194,1,11.0000004b,Drive,Loading,pitch.0,334051,-0.5634,2.4452,30.5701,24.2705,20.4518,-0.1203,-0.071,0.0843
1779816505194,1,12.00000015,Lower Delivery,Loading,pitch.0,333778,-0.2899,-0.6474,0.6779,-0.0875,-0.0164,-0.0037,0.0,0.0
1779816505194,1,12.00000018,Upper Delivery,Loading,pitch.0,334333,1.1122,0.839,0.2718,1.2399,-0.8003,1.5895,0.0,0.0
1779816505194,1,Pitching Mound.Delivery,,Loading,pitch.0,333542,0.8224,0.1916,0.9497,1.2905,-0.8167,2.0625,0.0,0.0
1779816505194,1,Pitching Mound.Drive,,Loading,pitch.0,334051,-0.5634,2.4452,30.5701,24.2705,20.4518,-0.1203,-0.071,0.0843
1779816505194,1,Pitching Mound.Parent,,Loading,pitch.0,333250,0.2752,2.6476,31.7266,25.6267,19.5877,1.9776,-0.0683,0.0858
1779816505195,1,11.0000004b,Drive,Loading,pitch.0,334052,-0.5637,2.439,30.6356,24.2525,20.3077,-0.1224,-0.0704,0.084
1779816505195,1,12.00000015,Lower Delivery,Loading,pitch.0,333779,-0.2782,-0.6955,0.7798,-0.0799,-0.0081,0.0046,0.0,0.0
1779816505195,1,12.00000018,Upper Delivery,Loading,pitch.0,334334,1.093,0.8366,0.3527,1.1791,-1.0054,1.6029,0.0,0.0
1779816505195,1,Pitching Mound.Delivery,,Loading,pitch.0,333543,0.8148,0.1412,1.1325,1.2444,-1.0134,2.0737,0.0,0.0
1779816505195,1,Pitching Mound.Drive,,Loading,pitch.0,334052,-0.5637,2.439,30.6356,24.2525,20.3077,-0.1224,-0.0704,0.084
1779816505195,1,Pitching Mound.Parent,,Loading,pitch.0,333251,0.2514,2.5864,31.7026,25.5149,19.4384,1.9534,-0.0685,0.0859
1779816505196,1,11.0000004b,Drive,Loading,pitch.0,334053,-0.5702,2.4474,30.42,24.1142,20.3634,-0.1551,-0.0711,0.0842
1779816505196,1,12.00000015,Lower Delivery,Loading,pitch.0,333780,-0.2865,-0.7178,0.7404,-0.0636,0.0071,0.0102,0.0,0.0
1779816505196,1,12.00000018,Upper Delivery,Loading,pitch.0,334335,1.131,0.84,0.2671,1.1641,-1.1676,1.6346,0.0,0.0
1779816505196,1,Pitching Mound.Delivery,,Loading,pitch.0,333544,0.8445,0.1222,1.0075,1.2614,-1.1605,2.1268,0.0,0.0
1779816505196,1,Pitching Mound.Drive,,Loading,pitch.0,334053,-0.5702,2.4474,30.42,24.1142,20.3634,-0.1551,-0.0711,0.0842
1779816505196,1,Pitching Mound.Parent,,Loading,pitch.0,333252,0.2809,2.5612,31.6431,25.5139,19.1471,2.0044,-0.0681,0.0865
1779816505197,1,11.0000004b,Drive,Loading,pitch.0,334054,-0.5678,2.4307,30.4174,24.0428,20.2443,-0.1582,-0.0707,0.0839
1779816505197,1,12.00000015,Lower Delivery,Loading,pitch.0,333781,-0.2911,-0.7079,0.7616,-0.0705,0.0111,0.0131,0.0,0.0
1779816505197,1,12.00000018,Upper Delivery,Loading,pitch.0,334336,1.1073,0.8164,0.2852,1.189,-0.8075,1.6537,0.0,0.0
1779816505197,1,Pitching Mound.Delivery,,Loading,pitch.0,333545,0.8163,0.1085,1.0468,1.2804,-0.7964,2.1423,0.0,0.0
1779816505197,1,Pitching Mound.Drive,,Loading,pitch.0,334054,-0.5678,2.4307,30.4174,24.0428,20.2443,-0.1582,-0.0707,0.0839
1779816505197,1,Pitching Mound.Parent,,Loading,pitch.0,333253,0.2461,2.5558,31.4668,25.3947,19.567,1.9872,-0.0687,0.0865
1779816505198,1,11.0000004b,Drive,Loading,pitch.0,334055,-0.5741,2.4276,30.4373,24.0568,20.1793,-0.1891,-0.0704,0.0839
1779816505198,1,12.00000015,Lower Delivery,Loading,pitch.0,333782,-0.2863,-0.7318,0.8172,-0.0493,0.0156,0.0825,0.0,0.0
1779816505198,1,12.00000018,Upper Delivery,Loading,pitch.0,334337,1.0953,0.8607,0.2715,1.1186,-0.7373,1.662,0.0,0.0
1779816505198,1,Pitching Mound.Delivery,,Loading,pitch.0,333546,0.8089,0.1289,1.0886,1.2549,-0.7217,2.2142,0.0,0.0
1779816505198,1,Pitching Mound.Drive,,Loading,pitch.0,334055,-0.5741,2.4276,30.4373,24.0568,20.1793,-0.1891,-0.0704,0.0839
1779816505198,1,Pitching Mound.Parent,,Loading,pitch.0,333254,0.2411,2.5596,31.5061,25.2977,19.5226,2.056,-0.0682,0.0869
1779816505199,1,11.0000004b,Drive,Loading,pitch.0,334056,-0.6035,2.4116,30.492,24.0745,20.1405,-0.2002,-0.0701,0.0838
1779816505199,1,12.00000015,Lower Delivery,Loading,pitch.0,333783,-0.297,-0.7441,0.8457,-0.0593,0.0034,0.1419,0.0,0.0
1779816505199,1,12.00000018,Upper Delivery,Loading,pitch.0,334338,1.0917,0.8893,0.3159,1.0645,-0.7625,1.6516,0.0,0.0
1779816505199,1,Pitching Mound.Delivery,,Loading,pitch.0,333547,0.7948,0.1452,1.1616,1.1854,-0.7591,2.2656,0.0,0.0
1779816505199,1,Pitching Mound.Drive,,Loading,pitch.0,334056,-0.6035,2.4116,30.492,24.0745,20.1405,-0.2002,-0.0701,0.0838
1779816505199,1,Pitching Mound.Parent,,Loading,pitch.0,333255,0.2206,2.5728,31.5989,25.2422,19.4203,2.0765,-0.0678,0.0865
1779816505200,1,11.0000004b,Drive,Loading,pitch.0,334057,-0.6046,2.4142,30.5773,24.1175,20.3069,-0.21,-0.0705,0.0837
1779816505200,1,12.00000015,Lower Delivery,Loading,pitch.0,333784,-0.2912,-0.7442,0.9017,-0.038,0.0091,0.1392,0.0,0.0
1779816505200,1,12.00000018,Upper Delivery,Loading,pitch.0,334339,1.0918,0.9013,0.3316,1.1296,-1.0218,1.6722,0.0,0.0
1779816505200,1,Pitching Mound.Delivery,,Loading,pitch.0,333548,0.8007,0.1571,1.2333,1.2855,-1.0127,2.2816,0.0,0.0
1779816505200,1,Pitching Mound.Drive,,Loading,pitch.0,334057,-0.6046,2.4142,30.5773,24.1175,20.3069,-0.21,-0.0705,0.0837
1779816505200,1,Pitching Mound.Parent,,Loading,pitch.0,333256,0.1971,2.5687,31.7253,25.3599,19.1278,2.0814,-0.0674,0.0867
1779816505201,1,11.0000004b,Drive,Loading,pitch.0,334058,-0.6218,2.4249,30.6306,24.0831,20.2352,-0.2143,-0.0701,0.0835
1779816505201,1,12.00000015,Lower Delivery,Loading,pitch.0,333785,-0.2907,-0.7563,0.7599,-0.0534,0.0035,0.114,0.0,0.0
1779816505201,1,12.00000018,Upper Delivery,Loading,pitch.0,334340,1.0806,0.9087,0.3614,1.0208,-0.8464,1.7044,0.0,0.0
1779816505201,1,Pitching Mound.Delivery,,Loading,pitch.0,333549,0.79,0.1523,1.1213,1.1029,-0.8429,2.2847,0.0,0.0
1779816505201,1,Pitching Mound.Drive,,Loading,pitch.0,334058,-0.6218,2.4249,30.6306,24.0831,20.2352,-0.2143,-0.0701,0.0835
1779816505201,1,Pitching Mound.Parent,,Loading,pitch.0,333257,0.1854,2.5665,31.6986,25.2205,19.464,2.0746,-0.068,0.085
1779816505202,1,11.0000004b,Drive,Loading,pitch.0,334059,-0.6266,2.4204,30.5913,24.0877,20.2208,-0.2101,-0.0702,0.0836
1779816505202,1,12.00000015,Lower Delivery,Loading,pitch.0,333786,-0.288,-0.7562,0.7946,-0.0604,0.0044,0.1397,0.0,0.0
1779816505202,1,12.00000018,Upper Delivery,Loading,pitch.0,334341,1.1107,0.9086,0.3168,0.8545,-0.4357,1.6913,0.0,0.0
1779816505202,1,Pitching Mound.Delivery,,Loading,pitch.0,333550,0.8226,0.1524,1.1114,0.9566,-0.4313,2.3066,0.0,0.0
1779816505202,1,Pitching Mound.Drive,,Loading,pitch.0,334059,-0.6266,2.4204,30.5913,24.0877,20.2208,-0.2101,-0.0702,0.0836
1779816505202,1,Pitching Mound.Parent,,Loading,pitch.0,333258,0.2008,2.5773,31.7419,25.0397,19.8039,2.0923,-0.0677,0.0857
1779816505203,1,11.0000004b,Drive,Loading,pitch.0,334060,-0.6533,2.4237,30.5767,24.0677,20.3539,-0.2417,-0.0707,0.0836
1779816505203,1,12.00000015,Lower Delivery,Loading,pitch.0,333787,-0.2809,-0.7601,0.7126,-0.0725,0.0049,0.0665,0.0,0.0
1779816505203,1,12.00000018,Upper Delivery,Loading,pitch.0,334342,1.1079,0.8901,0.2542,0.8424,-0.4202,1.6951,0.0,0.0
1779816505203,1,Pitching Mound.Delivery,,Loading,pitch.0,333551,0.827,0.1299,0.9668,0.9258,-0.4153,2.2337,0.0,0.0
1779816505203,1,Pitching Mound.Drive,,Loading,pitch.0,334060,-0.6533,2.4237,30.5767,24.0677,20.3539,-0.2417,-0.0707,0.0836
1779816505203,1,Pitching Mound.Parent,,Loading,pitch.0,333259,0.2005,2.5503,31.5581,25.0135,19.8055,2.0236,-0.068,0.086
1779816505204,1,11.0000004b,Drive,Loading,pitch.0,334061,-0.6707,2.436,30.6614,24.1048,20.3991,-0.2134,-0.0706,0.0835
1779816505204,1,12.00000015,Lower Delivery,Loading,pitch.0,333788,-0.2829,-0.7651,0.6598,-0.0864,0.0028,0.0399,0.0,0.0
1779816505204,1,12.00000018,Upper Delivery,Loading,pitch.0,334343,1.0745,0.8654,0.2726,0.8436,-0.3439,1.6752,0.0,0.0
1779816505204,1,Pitching Mound.Delivery,,Loading,pitch.0,333552,0.7917,0.1003,0.9323,0.8888,-0.3412,2.1767,0.0,0.0
1779816505204,1,Pitching Mound.Drive,,Loading,pitch.0,334061,-0.6707,2.436,30.6614,24.1048,20.3991,-0.2134,-0.0706,0.0835
1779816505204,1,Pitching Mound.Parent,,Loading,pitch.0,333260,0.1383,2.524,31.5091,24.9565,20.0127,1.935,-0.0686,0.0853
1779816505205,1,11.0000004b,Drive,Loading,pitch.0,334062,-0.6962,2.4436,30.7034,24.0785,20.4235,-0.1951,-0.0706,0.0833
1779816505205,1,12.00000015,Lower Delivery,Loading,pitch.0,333789,-0.2857,-0.7601,0.6219,-0.0859,0.001,0.1069,0.0,0.0
1779816505205,1,12.00000018,Upper Delivery,Loading,pitch.0,334344,1.0971,0.8951,0.232,0.7998,-0.1586,1.6012,0.0,0.0
1779816505205,1,Pitching Mound.Delivery,,Loading,pitch.0,333553,0.8114,0.135,0.8538,0.8465,-0.1576,2.1782,0.0,0.0
1779816505205,1,Pitching Mound.Drive,,Loading,pitch.0,334062,-0.6962,2.4436,30.7034,24.0785,20.4235,-0.1951,-0.0706,0.0833
1779816505205,1,Pitching Mound.Parent,,Loading,pitch.0,333261,0.1407,2.571,31.5152,24.9514,20.2416,1.9648,-0.0687,0.0854
1779816505206,1,11.0000004b,Drive,Loading,pitch.0,334063,-0.7031,2.4347,30.8064,24.0812,20.3684,-0.2008,-0.0702,0.083
1779816505206,1,12.00000015,Lower Delivery,Loading,pitch.0,333790,-0.2635,-0.7396,0.7123,-0.0912,-0.0019,0.1016,0.0,0.0
1779816505206,1,12.00000018,Upper Delivery,Loading,pitch.0,334345,1.0835,0.8516,0.225,0.8434,-0.2302,1.5887,0.0,0.0
1779816505206,1,Pitching Mound.Delivery,,Loading,pitch.0,333554,0.8201,0.1119,0.9373,0.9179,-0.2321,2.1483,0.0,0.0
1779816505206,1,Pitching Mound.Drive,,Loading,pitch.0,334063,-0.7031,2.4347,30.8064,24.0812,20.3684,-0.2008,-0.0702,0.083
1779816505206,1,Pitching Mound.Parent,,Loading,pitch.0,333262,0.1238,2.5555,31.6407,24.9964,20.1914,1.9531,-0.0685,0.086
1779816505207,1,11.0000004b,Drive,Loading,pitch.0,334064,-0.7359,2.4409,30.9007,24.1136,20.2305,-0.1983,-0.0695,0.0828
1779816505207,1,12.00000015,Lower Delivery,Loading,pitch.0,333791,-0.2709,-0.7269,0.5967,-0.0777,-0.0056,0.1505,0.0,0.0
1779816505207,1,12.00000018,Upper Delivery,Loading,pitch.0,334346,1.0522,0.7969,0.2464,0.8948,-0.3047,1.5853,0.0,0.0
1779816505207,1,Pitching Mound.Delivery,,Loading,pitch.0,333555,0.7814,0.07,0.8431,0.9363,-0.3102,2.1857,0.0,0.0
1779816505207,1,Pitching Mound.Drive,,Loading,pitch.0,334064,-0.7359,2.4409,30.9007,24.1136,20.2305,-0.1983,-0.0695,0.0828
1779816505207,1,Pitching Mound.Parent,,Loading,pitch.0,333263,0.0783,2.5047,31.6495,25.0175,20.0582,1.9849,-0.0683,0.0845
1779816505208,1,11.0000004b,Drive,Loading,pitch.0,334065,-0.7442,2.4375,30.9882,24.1548,20.3397,-0.2009,-0.0697,0.0828
1779816505208,1,12.00000015,Lower Delivery,Loading,pitch.0,333792,-0.2729,-0.7327,0.7143,-0.0679,-0.0025,0.1604,0.0,0.0
1779816505208,1,12.00000018,Upper Delivery,Loading,pitch.0,334347,1.0663,0.8048,0.2809,0.9556,-0.2794,1.5672,0.0,0.0
1779816505208,1,Pitching Mound.Delivery,,Loading,pitch.0,333556,0.7935,0.0721,0.9952,1.0351,-0.2818,2.183,0.0,0.0
1779816505208,1,Pitching Mound.Drive,,Loading,pitch.0,334065,-0.7442,2.4375,30.9882,24.1548,20.3397,-0.2009,-0.0697,0.0828
1779816505208,1,Pitching Mound.Parent,,Loading,pitch.0,333264,0.0576,2.5131,31.8959,25.1487,19.9487,1.9847,-0.0673,0.0849
1779816505209,1,11.0000004b,Drive,Loading,pitch.0,334066,-0.762,2.4575,31.0611,24.1871,20.3217,-0.1998,-0.0695,0.0827
1779816505209,1,12.00000015,Lower Delivery,Loading,pitch.0,333793,-0.2588,-0.727,0.751,-0.0822,-0.0103,0.0743,0.0,0.0
1779816505209,1,12.00000018,Upper Delivery,Loading,pitch.0,334348,1.0727,0.7814,0.3201,0.9881,-0.3664,1.5674,0.0,0.0
1779816505209,1,Pitching Mound.Delivery,,Loading,pitch.0,333557,0.8139,0.0544,1.0711,1.0524,-0.3767,2.0945,0.0,0.0
1779816505209,1,Pitching Mound.Drive,,Loading,pitch.0,334066,-0.762,2.4575,31.0611,24.1871,20.3217,-0.1998,-0.0695,0.0827
1779816505209,1,Pitching Mound.Parent,,Loading,pitch.0,333265,0.0696,2.4919,32.0592,25.2071,19.963,1.8936,-0.0674,0.0846
1779816505210,1,11.0000004b,Drive,Loading,pitch.0,334067,-0.773,2.453,31.1611,24.1848,20.2684,-0.1885,-0.0691,0.0824
1779816505210,1,12.00000015,Lower Delivery,Loading,pitch.0,333794,-0.2523,-0.7129,0.6691,-0.082,-0.0156,0.0147,0.0,0.0
1779816505210,1,12.00000018,Upper Delivery,Loading,pitch.0,334349,1.0186,0.7278,0.3277,0.9439,-0.2825,1.533,0.0,0.0
1779816505210,1,Pitching Mound.Delivery,,Loading,pitch.0,333558,0.7663,0.0149,0.9968,0.978,-0.2982,1.9798,0.0,0.0
1779816505210,1,Pitching Mound.Drive,,Loading,pitch.0,334067,-0.773,2.453,31.1611,24.1848,20.2684,-0.1885,-0.0691,0.0824
1779816505210,1,Pitching Mound.Parent,,Loading,pitch.0,333266,-0.0067,2.4679,32.1579,25.1628,19.9703,1.7913,-0.0669,0.0835
1779816505211,1,11.0000004b,Drive,Loading,pitch.0,334068,-0.7789,2.456,31.2473,24.2206,20.221,-0.2312,-0.0687,0.0823
1779816505211,1,12.00000015,Lower Delivery,Loading,pitch.0,333795,-0.2225,-0.7093,0.6683,-0.0806,-0.0131,0.0087,0.0,0.0
1779816505211,1,12.00000018,Upper Delivery,Loading,pitch.0,334350,1.0291,0.7145,0.3625,1.0186,-0.3085,1.559,0.0,0.0
1779816505211,1,Pitching Mound.Delivery,,Loading,pitch.0,333559,0.8066,0.0052,1.0307,1.0421,-0.3216,1.9933,0.0,0.0
1779816505211,1,Pitching Mound.Drive,,Loading,pitch.0,334068,-0.7789,2.456,31.2473,24.2206,20.221,-0.2312,-0.0687,0.0823
1779816505211,1,Pitching Mound.Parent,,Loading,pitch.0,333267,0.0277,2.4612,32.278,25.2627,19.8994,1.7621,-0.0665,0.0829
1779816505212,1,11.0000004b,Drive,Loading,pitch.0,334069,-0.7864,2.4563,31.2619,24.2375,20.3004,-0.2743,-0.0689,0.0823
1779816505212,1,12.00000015,Lower Delivery,Loading,pitch.0,333796,-0.2299,-0.7117,0.7582,-0.0635,-0.0009,0.0901,0.0,0.0
1779816505212,1,12.00000018,Upper Delivery,Loading,pitch.0,334351,1.0206,0.6819,0.3879,1.0639,-0.4267,1.566,0.0,0.0
1779816505212,1,Pitching Mound.Delivery,,Loading,pitch.0,333560,0.7907,-0.0299,1.1461,1.1263,-0.4276,2.0812,0.0,0.0
1779816505212,1,Pitching Mound.Drive,,Loading,pitch.0,334069,-0.7864,2.4563,31.2619,24.2375,20.3004,-0.2743,-0.0689,0.0823
1779816505212,1,Pitching Mound.Parent,,Loading,pitch.0,333268,0.0043,2.4264,32.4081,25.3638,19.8727,1.8069,-0.0665,0.0833
1779816505213,1,11.0000004b,Drive,Loading,pitch.0,334070,-0.8018,2.4559,31.3589,24.3388,20.2391,-0.2816,-0.0685,0.0824
1779816505213,1,12.00000015,Lower Delivery,Loading,pitch.0,333797,-0.2517,-0.7001,0.7613,-0.0654,0.0077,0.0459,0.0,0.0
1779816505213,1,12.00000018,Upper Delivery,Loading,pitch.0,334352,1.0158,0.6834,0.427,1.1652,-0.4633,1.5887,0.0,0.0
1779816505213,1,Pitching Mound.Delivery,,Loading,pitch.0,333561,0.7641,-0.0167,1.1883,1.2134,-0.4556,2.0655,0.0,0.0
1779816505213,1,Pitching Mound.Drive,,Loading,pitch.0,334070,-0.8018,2.4559,31.3589,24.3388,20.2391,-0.2816,-0.0685,0.0824
1779816505213,1,Pitching Mound.Parent,,Loading,pitch.0,333269,-0.0377,2.4393,32.5472,25.5522,19.7835,1.784,-0.066,0.0829
1779816505214,1,11.0000004b,Drive,Loading,pitch.0,334071,-0.8137,2.4612,31.5016,24.4106,20.2431,-0.3068,-0.0682,0.0823
1779816505214,1,12.00000015,Lower Delivery,Loading,pitch.0,333798,-0.2428,-0.6924,0.7968,-0.1028,-0.0028,0.1498,0.0,0.0
1779816505214,1,12.00000018,Upper Delivery,Loading,pitch.0,334353,1.0296,0.6847,0.4454,1.0483,-0.399,1.6362,0.0,0.0
1779816505214,1,Pitching Mound.Delivery,,Loading,pitch.0,333562,0.7868,-0.0077,1.2422,1.0649,-0.4018,2.2186,0.0,0.0
1779816505214,1,Pitching Mound.Drive,,Loading,pitch.0,334071,-0.8137,2.4612,31.5016,24.4106,20.2431,-0.3068,-0.0682,0.0823
1779816505214,1,Pitching Mound.Parent,,Loading,pitch.0,333270,-0.0269,2.4535,32.7438,25.4755,19.8413,1.9117,-0.0656,0.0828
1779816505215,1,11.0000004b,Drive,Loading,pitch.0,334072,-0.8113,2.4419,31.4721,24.4308,20.2191,-0.3672,-0.0682,0.0824
1779816505215,1,12.00000015,Lower Delivery,Loading,pitch.0,333799,-0.2769,-0.6937,0.7785,-0.046,0.009,0.1033,0.0,0.0
1779816505215,1,12.00000018,Upper Delivery,Loading,pitch.0,334354,1.049,0.7128,0.4102,1.0653,-0.3875,1.6797,0.0,0.0
1779816505215,1,Pitching Mound.Delivery,,Loading,pitch.0,333563,0.7721,0.0191,1.1887,1.1445,-0.3785,2.2337,0.0,0.0
1779816505215,1,Pitching Mound.Drive,,Loading,pitch.0,334072,-0.8113,2.4419,31.4721,24.4308,20.2191,-0.3672,-0.0682,0.0824
1779816505215,1,Pitching Mound.Parent,,Loading,pitch.0,333271,-0.0392,2.461,32.6607,25.5752,19.8406,1.8665,-0.0657,0.0832
1779816505216,1,11.0000004b,Drive,Loading,pitch.0,334073,-0.8171,2.4431,31.5071,24.5068,20.2331,-0.3653,-0.0682,0.0826
1779816505216,1,12.00000015,Lower Delivery,Loading,pitch.0,333800,-0.2871,-0.6884,0.7763,-0.1131,-0.0145,0.1487,0.0,0.0
1779816505216,1,12.00000018,Upper Delivery,Loading,pitch.0,334355,1.0397,0.6969,0.4283,1.0445,-0.5432,1.6606,0.0,0.0
1779816505216,1,Pitching Mound.Delivery,,Loading,pitch.0,333564,0.7526,0.0085,1.2046,1.0497,-0.5578,2.2604,0.0,0.0
1779816505216,1,Pitching Mound.Drive,,Loading,pitch.0,334073,-0.8171,2.4431,31.5071,24.5068,20.2331,-0.3653,-0.0682,0.0826
1779816505216,1,Pitching Mound.Parent,,Loading,pitch.0,333272,-0.0645,2.4516,32.7117,25.5565,19.6753,1.8951,-0.0657,0.0832
1779816505217,1,11.0000004b,Drive,Loading,pitch.0,334074,-0.8028,2.4389,31.5843,24.588,20.2801,-0.4189,-0.0682,0.0826
1779816505217,1,12.00000015,Lower Delivery,Loading,pitch.0,333801,-0.2833,-0.6983,0.7131,-0.2842,-0.0705,0.1961,0.0,0.0
1779816505217,1,12.00000018,Upper Delivery,Loading,pitch.0,334356,1.042,0.7014,0.4087,1.0042,-0.4619,1.7322,0.0,0.0
1779816505217,1,Pitching Mound.Delivery,,Loading,pitch.0,333565,0.7588,0.0031,1.1219,0.8235,-0.5324,2.3789,0.0,0.0
1779816505217,1,Pitching Mound.Drive,,Loading,pitch.0,334074,-0.8028,2.4389,31.5843,24.588,20.2801,-0.4189,-0.0682,0.0826
1779816505217,1,Pitching Mound.Parent,,Loading,pitch.0,333273,-0.044,2.442,32.7062,25.4115,19.7478,1.96,-0.0658,0.083
1779816505218,1,11.0000004b,Drive,Loading,pitch.0,334075,-0.8196,2.438,31.6123,24.6096,20.3408,-0.4379,-0.0683,0.0826
1779816505218,1,12.00000015,Lower Delivery,Loading,pitch.0,333802,-0.2876,-0.7013,0.6957,-0.144,-0.0195,0.1362,0.0,0.0
1779816505218,1,12.00000018,Upper Delivery,Loading,pitch.0,334357,1.0522,0.7112,0.4176,0.97,-0.4775,1.7544,0.0,0.0
1779816505218,1,Pitching Mound.Delivery,,Loading,pitch.0,333566,0.7646,0.0099,1.1133,0.9205,-0.497,2.3461,0.0,0.0
1779816505218,1,Pitching Mound.Drive,,Loading,pitch.0,334075,-0.8196,2.438,31.6123,24.6096,20.3408,-0.4379,-0.0683,0.0826
1779816505218,1,Pitching Mound.Parent,,Loading,pitch.0,333274,-0.0551,2.4479,32.7256,25.5302,19.8437,1.9082,-0.066,0.0827
1779816505219,1,11.0000004b,Drive,Loading,pitch.0,334076,-0.8239,2.442,31.6425,24.6604,20.2331,-0.4515,-0.0679,0.0827
1779816505219,1,12.00000015,Lower Delivery,Loading,pitch.0,333803,-0.2776,-0.7157,0.6562,-0.2084,-0.0479,0.1306,0.0,0.0
1779816505219,1,12.00000018,Upper Delivery,Loading,pitch.0,334358,1.0547,0.7338,0.4088,0.9355,-0.3384,1.7565,0.0,0.0
1779816505219,1,Pitching Mound.Delivery,,Loading,pitch.0,333567,0.7771,0.0181,1.065,0.8113,-0.3863,2.3401,0.0,0.0
1779816505219,1,Pitching Mound.Drive,,Loading,pitch.0,334076,-0.8239,2.442,31.6425,24.6604,20.2331,-0.4515,-0.0679,0.0827
1779816505219,1,Pitching Mound.Parent,,Loading,pitch.0,333275,-0.0468,2.4601,32.7075,25.4717,19.8468,1.8886,-0.0657,0.0826
1779816505220,1,11.0000004b,Drive,Loading,pitch.0,334077,-0.8286,2.4248,31.7578,24.7023,20.3269,-0.4603,-0.068,0.0826
1779816505220,1,12.00000015,Lower Delivery,Loading,pitch.0,333804,-0.2848,-0.7312,0.6937,-0.2007,-0.0462,0.1651,0.0,0.0
1779816505220,1,12.00000018,Upper Delivery,Loading,pitch.0,334359,1.0419,0.7391,0.4172,0.9636,-0.1354,1.7822,0.0,0.0
1779816505220,1,Pitching Mound.Delivery,,Loading,pitch.0,333568,0.7571,0.0079,1.1109,0.8569,-0.1816,2.3983,0.0,0.0
1779816505220,1,Pitching Mound.Drive,,Loading,pitch.0,334077,-0.8286,2.4248,31.7578,24.7023,20.3269,-0.4603,-0.068,0.0826
1779816505220,1,Pitching Mound.Parent,,Loading,pitch.0,333276,-0.0715,2.4327,32.8687,25.5592,20.1453,1.938,-0.0657,0.0826
1779816505221,1,11.0000004b,Drive,Loading,pitch.0,334078,-0.8231,2.4202,31.811,24.7874,20.5533,-0.4903,-0.0686,0.0827
1779816505221,1,12.00000015,Lower Delivery,Loading,pitch.0,333805,-0.2855,-0.7186,0.7364,-0.1092,-0.0232,0.2113,0.0,0.0
1779816505221,1,12.00000018,Upper Delivery,Loading,pitch.0,334360,1.0546,0.753,0.494,0.9625,-0.1315,1.8088,0.0,0.0
1779816505221,1,Pitching Mound.Delivery,,Loading,pitch.0,333569,0.7691,0.0345,1.2304,0.9357,-0.1548,2.4757,0.0,0.0
1779816505221,1,Pitching Mound.Drive,,Loading,pitch.0,334078,-0.8231,2.4202,31.811,24.7874,20.5533,-0.4903,-0.0686,0.0827
1779816505221,1,Pitching Mound.Parent,,Loading,pitch.0,333277,-0.054,2.4547,33.0414,25.7231,20.3986,1.9854,-0.066,0.0821
1779816505222,1,11.0000004b,Drive,Loading,pitch.0,334079,-0.8254,2.4122,31.8141,24.7771,20.4968,-0.4545,-0.0684,0.0827
1779816505222,1,12.00000015,Lower Delivery,Loading,pitch.0,333806,-0.2978,-0.718,0.7108,-0.0717,-0.0169,0.0509,0.0,0.0
1779816505222,1,12.00000018,Upper Delivery,Loading,pitch.0,334361,1.0319,0.7426,0.4664,0.9826,-0.2058,1.7733,0.0,0.0
1779816505222,1,Pitching Mound.Delivery,,Loading,pitch.0,333570,0.7341,0.0245,1.1773,0.994,-0.2226,2.2763,0.0,0.0
1779816505222,1,Pitching Mound.Drive,,Loading,pitch.0,334079,-0.8254,2.4122,31.8141,24.7771,20.4968,-0.4545,-0.0684,0.0827
1779816505222,1,Pitching Mound.Parent,,Loading,pitch.0,333278,-0.0914,2.4367,32.9914,25.7712,20.2742,1.8218,-0.066,0.0822
1779816505223,1,11.0000004b,Drive,Loading,pitch.0,334080,-0.831,2.4014,31.899,24.8754,20.4877,-0.4568,-0.0682,0.0828
1779816505223,1,12.00000015,Lower Delivery,Loading,pitch.0,333807,-0.2917,-0.7134,0.7335,-0.0674,-0.0151,0.064,0.0,0.0
1779816505223,1,12.00000018,Upper Delivery,Loading,pitch.0,334362,0.9986,0.7165,0.4714,0.9497,-0.1139,1.7824,0.0,0.0
1779816505223,1,Pitching Mound.Delivery,,Loading,pitch.0,333571,0.7069,0.0032,1.2049,0.9714,-0.129,2.2851,0.0,0.0
1779816505223,1,Pitching Mound.Drive,,Loading,pitch.0,334080,-0.831,2.4014,31.899,24.8754,20.4877,-0.4568,-0.0682,0.0828
1779816505223,1,Pitching Mound.Parent,,Loading,pitch.0,333279,-0.1242,2.4046,33.1039,25.8468,20.3588,1.8282,-0.0657,0.0825
1779816505224,1,11.0000004b,Drive,Loading,pitch.0,334081,-0.8259,2.3986,31.9672,24.8606,20.655,-0.4819,-0.0686,0.0826
1779816505224,1,12.00000015,Lower Delivery,Loading,pitch.0,333808,-0.3083,-0.7255,0.6462,-0.0687,-0.0095,0.0447,0.0,0.0
1779816505224,1,12.00000018,Upper Delivery,Loading,pitch.0,334363,0.9739,0.6906,0.458,0.9575,-0.1457,1.7723,0.0,0.0
1779816505224,1,Pitching Mound.Delivery,,Loading,pitch.0,333572,0.6656,-0.0349,1.1042,0.9528,-0.1552,2.2529,0.0,0.0
1779816505224,1,Pitching Mound.Drive,,Loading,pitch.0,334081,-0.8259,2.3986,31.9672,24.8606,20.655,-0.4819,-0.0686,0.0826
1779816505224,1,Pitching Mound.Parent,,Loading,pitch.0,333280,-0.1603,2.3637,33.0714,25.8133,20.4998,1.771,-0.0663,0.0817
1779816505225,1,11.0000004b,Drive,Loading,pitch.0,334082,-0.8283,2.3935,32.0187,24.9249,20.69,-0.4951,-0.0686,0.0826
1779816505225,1,12.00000015,Lower Delivery,Loading,pitch.0,333809,-0.2926,-0.7095,0.6413,-0.0701,-0.0111,0.0165,0.0,0.0
1779816505225,1,12.00000018,Upper Delivery,Loading,pitch.0,334364,0.9746,0.6974,0.4626,0.9308,-0.0487,1.7437,0.0,0.0
1779816505225,1,Pitching Mound.Delivery,,Loading,pitch.0,333573,0.682,-0.012,1.1039,0.9215,-0.0598,2.191,0.0,0.0
1779816505225,1,Pitching Mound.Drive,,Loading,pitch.0,334082,-0.8283,2.3935,32.0187,24.9249,20.69,-0.4951,-0.0686,0.0826
1779816505225,1,Pitching Mound.Parent,,Loading,pitch.0,333281,-0.1463,2.3815,33.1226,25.8464,20.6302,1.696,-0.0663,0.0817
1779816505226,1,11.0000004b,Drive,Loading,pitch.0,334083,-0.824,2.3858,32.0549,24.9329,20.6315,-0.4942,-0.0683,0.0826
1779816505226,1,12.00000015,Lower Delivery,Loading,pitch.0,333810,-0.2886,-0.7374,0.6362,-0.0691,-0.0019,0.0193,0.0,0.0
1779816505226,1,12.00000018,Upper Delivery,Loading,pitch.0,334365,0.9663,0.6762,0.4509,0.9363,-0.1067,1.7052,0.0,0.0
1779816505226,1,Pitching Mound.Delivery,,Loading,pitch.0,333574,0.6776,-0.0612,1.0871,0.9301,-0.1086,2.1512,0.0,0.0
1779816505226,1,Pitching Mound.Drive,,Loading,pitch.0,334083,-0.824,2.3858,32.0549,24.9329,20.6315,-0.4942,-0.0683,0.0826
1779816505226,1,Pitching Mound.Parent,,Loading,pitch.0,333282,-0.1464,2.3246,33.142,25.863,20.5229,1.6569,-0.0661,0.0818
1779816505227,1,11.0000004b,Drive,Loading,pitch.0,334084,-0.8419,2.3788,32.0965,24.9996,20.8305,-0.5221,-0.0689,0.0827
1779816505227,1,12.00000015,Lower Delivery,Loading,pitch.0,333811,-0.2917,-0.7512,0.6332,-0.0623,0.0024,0.0361,0.0,0.0
1779816505227,1,12.00000018,Upper Delivery,Loading,pitch.0,334366,0.974,0.6884,0.4156,0.926,-0.0628,1.7401,0.0,0.0
1779816505227,1,Pitching Mound.Delivery,,Loading,pitch.0,333575,0.6824,-0.0628,1.0488,0.9377,-0.0604,2.2065,0.0,0.0
1779816505227,1,Pitching Mound.Drive,,Loading,pitch.0,334084,-0.8419,2.3788,32.0965,24.9996,20.8305,-0.5221,-0.0689,0.0827
1779816505227,1,Pitching Mound.Parent,,Loading,pitch.0,333283,-0.1595,2.316,33.1453,25.9373,20.7701,1.6844,-0.0667,0.0823
1779816505228,1,11.0000004b,Drive,Loading,pitch.0,334085,-0.8395,2.3706,32.1094,24.9907,20.9514,-0.5165,-0.0693,0.0826
1779816505228,1,12.00000015,Lower Delivery,Loading,pitch.0,333812,-0.2956,-0.7511,0.6401,-0.0636,-0.0046,0.0895,0.0,0.0
1779816505228,1,12.00000018,Upper Delivery,Loading,pitch.0,334367,0.983,0.7147,0.3505,0.8554,0.0843,1.6813,0.0,0.0
1779816505228,1,Pitching Mound.Delivery,,Loading,pitch.0,333576,0.6874,-0.0364,0.9906,0.8903,0.0797,2.2056,0.0,0.0
1779816505228,1,Pitching Mound.Drive,,Loading,pitch.0,334085,-0.8395,2.3706,32.1094,24.9907,20.9514,-0.5165,-0.0693,0.0826
1779816505228,1,Pitching Mound.Parent,,Loading,pitch.0,333284,-0.1522,2.3342,33.1,25.8809,21.0312,1.6891,-0.0672,0.0831
1779816505229,1,11.0000004b,Drive,Loading,pitch.0,334086,-0.8524,2.3572,32.119,24.9783,20.9317,-0.5393,-0.0692,0.0826
1779816505229,1,12.00000015,Lower Delivery,Loading,pitch.0,333813,-0.2967,-0.7597,0.6987,-0.0677,-0.004,0.076,0.0,0.0
1779816505229,1,12.00000018,Upper Delivery,Loading,pitch.0,334368,0.9659,0.6982,0.2962,0.7941,0.1057,1.67,0.0,0.0
1779816505229,1,Pitching Mound.Delivery,,Loading,pitch.0,333577,0.6691,-0.0615,0.9949,0.8632,0.1017,2.1752,0.0,0.0
1779816505229,1,Pitching Mound.Drive,,Loading,pitch.0,334086,-0.8524,2.3572,32.119,24.9783,20.9317,-0.5393,-0.0692,0.0826
1779816505229,1,Pitching Mound.Parent,,Loading,pitch.0,333285,-0.1832,2.2957,33.114,25.8415,21.0334,1.6359,-0.0671,0.0842
1779816505230,1,11.0000004b,Drive,Loading,pitch.0,334087,-0.8476,2.3592,32.2417,25.1364,21.0442,-0.5629,-0.0693,0.0828
1779816505230,1,12.00000015,Lower Delivery,Loading,pitch.0,333815,-0.2983,-0.7486,0.6644,-0.083,0.0006,0.0382,0.0,0.0
1779816505230,1,12.00000015,Lower Delivery,Loading,pitch.0,333814,-0.3083,-0.7512,0.6635,-0.0659,0.0036,0.0341,0.0,0.0
1779816505230,1,12.00000018,Upper Delivery,Loading,pitch.0,334369,0.9918,0.7274,0.2869,0.8822,-0.1078,1.6301,0.0,0.0
1779816505230,1,Pitching Mound.Delivery,,Loading,pitch.0,333578,0.6835,-0.0238,0.9503,0.9443,-0.1041,2.1062,0.0,0.0
1779816505230,1,Pitching Mound.Drive,,Loading,pitch.0,334087,-0.8476,2.3592,32.2417,25.1364,21.0442,-0.5629,-0.0693,0.0828
1779816505230,1,Pitching Mound.Parent,,Loading,pitch.0,333286,-0.1641,2.3354,33.192,26.0807,20.9401,1.5433,-0.0673,0.0843
1779816505231,1,11.0000004b,Drive,Loading,pitch.0,334088,-0.8426,2.3645,32.1396,25.058,21.0553,-0.5696,-0.0695,0.0828
1779816505231,1,12.00000015,Lower Delivery,Loading,pitch.0,333816,-0.2863,-0.7444,0.6742,-0.0863,0.0061,0.0177,0.0,0.0
1779816505231,1,12.00000018,Upper Delivery,Loading,pitch.0,334370,1.0025,0.7445,0.2861,0.8356,0.0167,1.6455,0.0,0.0
1779816505231,1,Pitching Mound.Delivery,,Loading,pitch.0,333579,0.7042,-0.0041,0.9504,0.8812,0.0173,2.126,0.0,0.0
1779816505231,1,Pitching Mound.Drive,,Loading,pitch.0,334088,-0.8426,2.3645,32.1396,25.058,21.0553,-0.5696,-0.0695,0.0828
1779816505231,1,Pitching Mound.Parent,,Loading,pitch.0,333287,-0.1384,2.3605,33.09,25.9391,21.0726,1.5564,-0.0676,0.0843
1779816505232,1,11.0000004b,Drive,Loading,pitch.0,334089,-0.8454,2.3481,32.2596,25.1195,21.0302,-0.6181,-0.0692,0.0827
1779816505232,1,12.00000018,Upper Delivery,Loading,pitch.0,334371,1.0406,0.7758,0.2612,1.0069,-0.3199,1.5896,0.0,0.0
1779816505232,1,12.00000018,Upper Delivery,Loading,pitch.0,334372,1.052,0.781,0.2516,1.0423,-0.3585,1.6494,0.0,0.0
1779816505232,1,Pitching Mound.Delivery,,Loading,pitch.0,333580,0.7543,0.0314,0.9354,1.061,-0.3138,2.0585,0.0,0.0
1779816505232,1,Pitching Mound.Drive,,Loading,pitch.0,334089,-0.8454,2.3481,32.2596,25.1195,21.0302,-0.6181,-0.0692,0.0827
1779816505232,1,Pitching Mound.Parent,,Loading,pitch.0,333288,-0.0911,2.3795,33.195,26.1806,20.7164,1.4404,-0.0673,0.0846
1779816505233,1,11.0000004b,Drive,Loading,pitch.0,334090,-0.8269,2.3335,32.2758,25.1858,21.1505,-0.6501,-0.0696,0.0828
1779816505233,1,12.00000015,Lower Delivery,Loading,pitch.0,333817,-0.2886,-0.7292,0.6681,-0.0839,0.005,0.0138,0.0,0.0
1779816505233,1,12.00000015,Lower Delivery,Loading,pitch.0,333818,-0.2722,-0.742,0.7514,-0.0794,0.0092,0.0404,0.0,0.0
1779816505233,1,Pitching Mound.Delivery,,Loading,pitch.0,333581,0.7634,0.0518,0.9197,1.1,-0.3536,2.119,0.0,0.0
1779816505233,1,Pitching Mound.Drive,,Loading,pitch.0,334090,-0.8269,2.3335,32.2758,25.1858,21.1505,-0.6501,-0.0696,0.0828
1779816505233,1,Pitching Mound.Parent,,Loading,pitch.0,333289,-0.0635,2.3852,33.1955,26.2857,20.797,1.4688,-0.0676,0.0848
1779816505234,1,11.0000004b,Drive,Loading,pitch.0,334091,-0.8115,2.3326,32.3123,25.1817,21.3188,-0.6304,-0.07,0.0827
1779816505234,1,12.00000018,Upper Delivery,Loading,pitch.0,334373,1.0741,0.8025,0.2713,0.9927,-0.3137,1.6181,0.0,0.0
1779816505234,1,Pitching Mound.Delivery,,Loading,pitch.0,333582,0.8019,0.0605,1.0226,1.0765,-0.3045,2.1163,0.0,0.0
1779816505234,1,Pitching Mound.Drive,,Loading,pitch.0,334091,-0.8115,2.3326,32.3123,25.1817,21.3188,-0.6304,-0.07,0.0827
1779816505234,1,Pitching Mound.Parent,,Loading,pitch.0,333290,-0.0096,2.3931,33.335,26.2582,21.0143,1.4859,-0.0679,0.0851
1779816505235,1,11.0000004b,Drive,Loading,pitch.0,334092,-0.8134,2.3108,32.3427,25.3275,21.3506,-0.659,-0.0701,0.0831
1779816505235,1,12.00000015,Lower Delivery,Loading,pitch.0,333819,-0.2717,-0.7441,0.7996,-0.0853,-0.0011,0.0017,0.0,0.0
1779816505235,1,12.00000015,Lower Delivery,Loading,pitch.0,333820,-0.2574,-0.692,0.7701,-0.0864,-0.0023,-0.0046,0.0,0.0
1779816505235,1,12.00000018,Upper Delivery,Loading,pitch.0,334374,1.0636,0.7927,0.3204,1.1153,-0.4984,1.5641,0.0,0.0
1779816505235,1,Pitching Mound.Delivery,,Loading,pitch.0,333583,0.7919,0.0487,1.12,1.193,-0.4994,2.0198,0.0,0.0
1779816505235,1,Pitching Mound.Drive,,Loading,pitch.0,334092,-0.8134,2.3108,32.3427,25.3275,21.3506,-0.659,-0.0701,0.0831
1779816505235,1,Pitching Mound.Parent,,Loading,pitch.0,333291,-0.0215,2.3594,33.4628,26.5204,20.8512,1.3608,-0.0677,0.0852
1779816505236,1,11.0000004b,Drive,Loading,pitch.0,334093,-0.8035,2.3062,32.4067,25.3432,21.3773,-0.6718,-0.07,0.083
1779816505236,1,12.00000018,Upper Delivery,Loading,pitch.0,334375,1.0793,0.7981,0.3901,1.1729,-0.804,1.6132,0.0,0.0
1779816505236,1,Pitching Mound.Delivery,,Loading,pitch.0,333584,0.8219,0.1061,1.1602,1.2157,-0.8063,2.0631,0.0,0.0
1779816505236,1,Pitching Mound.Drive,,Loading,pitch.0,334093,-0.8035,2.3062,32.4067,25.3432,21.3773,-0.6718,-0.07,0.083
1779816505236,1,Pitching Mound.Parent,,Loading,pitch.0,333292,0.0184,2.4123,33.5669,26.559,20.571,1.3913,-0.0676,0.084
1779816505237,1,11.0000004b,Drive,Loading,pitch.0,334094,-0.8005,2.306,32.4288,25.4271,21.5468,-0.737,-0.0705,0.0832
1779816505237,1,12.00000015,Lower Delivery,Loading,pitch.0,333821,-0.2388,-0.6381,0.6869,-0.0847,-0.002,-0.0095,0.0,0.0
1779816505237,1,12.00000015,Lower Delivery,Loading,pitch.0,333822,-0.2404,-0.6566,0.672,-0.0936,-0.0113,-0.018,0.0,0.0
1779816505237,1,12.00000018,Upper Delivery,Loading,pitch.0,334376,1.0654,0.7879,0.4454,1.065,-0.5896,1.5469,0.0,0.0
1779816505237,1,Pitching Mound.Delivery,,Loading,pitch.0,333585,0.8265,0.1498,1.1324,1.0625,-0.5916,1.9808,0.0,0.0
1779816505237,1,Pitching Mound.Drive,,Loading,pitch.0,334094,-0.8005,2.306,32.4288,25.4271,21.5468,-0.737,-0.0705,0.0832
1779816505237,1,Pitching Mound.Parent,,Loading,pitch.0,333293,0.026,2.4558,33.5612,26.4896,20.9552,1.2438,-0.0682,0.0829
1779816505238,1,11.0000004b,Drive,Loading,pitch.0,334095,-0.7773,2.2949,32.4688,25.384,21.4194,-0.7405,-0.07,0.083
1779816505238,1,12.00000015,Lower Delivery,Loading,pitch.0,333823,-0.2392,-0.632,0.659,-0.1062,-0.0204,-0.0194,0.0,0.0
1779816505238,1,12.00000018,Upper Delivery,Loading,pitch.0,334377,1.0454,0.7521,0.5119,0.9289,-0.6416,1.5644,0.0,0.0
1779816505238,1,Pitching Mound.Delivery,,Loading,pitch.0,333586,0.805,0.0955,1.1839,0.8897,-0.6528,1.9836,0.0,0.0
1779816505238,1,Pitching Mound.Drive,,Loading,pitch.0,334095,-0.7773,2.2949,32.4688,25.384,21.4194,-0.7405,-0.07,0.083
1779816505238,1,Pitching Mound.Parent,,Loading,pitch.0,333294,0.0276,2.3904,33.6527,26.2738,20.7665,1.2431,-0.0676,0.0817
1779816505239,1,11.0000004b,Drive,Loading,pitch.0,334096,-0.7732,2.2814,32.4761,25.4334,21.4236,-0.7505,-0.07,0.0831
1779816505239,1,12.00000015,Lower Delivery,Loading,pitch.0,333824,-0.2728,-0.6945,0.7237,-0.1128,-0.0208,-0.0153,0.0,0.0
1779816505239,1,12.00000018,Upper Delivery,Loading,pitch.0,334378,1.0416,0.7392,0.5461,1.0003,-0.6139,1.5716,0.0,0.0
1779816505239,1,12.00000018,Upper Delivery,Loading,pitch.0,334379,1.0505,0.7335,0.5862,0.9607,-0.5946,1.5969,0.0,0.0
1779816505239,1,Pitching Mound.Delivery,,Loading,pitch.0,333587,0.8024,0.1072,1.2051,0.9325,-0.6343,1.9876,0.0,0.0
1779816505239,1,Pitching Mound.Delivery,,Loading,pitch.0,333588,0.7777,0.039,1.3099,0.8946,-0.6154,2.0315,0.0,0.0
1779816505239,1,Pitching Mound.Drive,,Loading,pitch.0,334096,-0.7732,2.2814,32.4761,25.4334,21.4236,-0.7505,-0.07,0.0831
1779816505239,1,Pitching Mound.Parent,,Loading,pitch.0,333295,0.0292,2.3886,33.6812,26.3659,20.7894,1.237,-0.0675,0.0813
1779816505240,1,11.0000004b,Drive,Loading,pitch.0,334097,-0.7622,2.28,32.4941,25.4773,21.4073,-0.7436,-0.0699,0.0832
1779816505240,1,12.00000015,Lower Delivery,Loading,pitch.0,333825,-0.2574,-0.6975,0.7187,-0.1095,-0.0231,-0.0086,0.0,0.0
1779816505240,1,12.00000018,Upper Delivery,Loading,pitch.0,334380,1.0511,0.7213,0.587,0.9247,-0.4614,1.5703,0.0,0.0
1779816505240,1,Pitching Mound.Delivery,,Loading,pitch.0,333589,0.7937,0.0238,1.3056,0.86,-0.4845,2.0066,0.0,0.0
1779816505240,1,Pitching Mound.Drive,,Loading,pitch.0,334097,-0.7622,2.28,32.4941,25.4773,21.4073,-0.7436,-0.0699,0.0832
1779816505240,1,Pitching Mound.Parent,,Loading,pitch.0,333296,0.0155,2.3191,33.804,26.3719,20.7919,1.2879,-0.0672,0.0814
1779816505241,1,11.0000004b,Drive,Loading,pitch.0,334098,-0.7567,2.2686,32.4489,25.4615,21.354,-0.7909,-0.0699,0.0833
1779816505241,1,12.00000015,Lower Delivery,Loading,pitch.0,333826,-0.2923,-0.7155,0.7726,-0.1041,-0.0283,0.0218,0.0,0.0
1779816505241,1,12.00000018,Upper Delivery,Loading,pitch.0,334381,1.0493,0.7231,0.5194,0.9158,-0.4806,1.5973,0.0,0.0
1779816505241,1,Pitching Mound.Delivery,,Loading,pitch.0,333590,0.757,0.0076,1.292,0.8977,-0.5089,2.0752,0.0,0.0
1779816505241,1,Pitching Mound.Drive,,Loading,pitch.0,334098,-0.7567,2.2686,32.4489,25.4615,21.354,-0.7909,-0.0699,0.0833
1779816505241,1,Pitching Mound.Parent,,Loading,pitch.0,333297,0.037,2.2923,33.7545,26.3214,20.8694,1.2157,-0.0672,0.0814
1779816505242,1,11.0000004b,Drive,Loading,pitch.0,334099,-0.757,2.2637,32.5413,25.5384,21.4141,-0.824,-0.0699,0.0833
1779816505242,1,12.00000015,Lower Delivery,Loading,pitch.0,333827,-0.2854,-0.7034,0.7579,-0.104,-0.029,0.0176,0.0,0.0
1779816505242,1,12.00000018,Upper Delivery,Loading,pitch.0,334382,1.0347,0.7014,0.5611,0.9723,-0.3198,1.6036,0.0,0.0
1779816505242,1,Pitching Mound.Delivery,,Loading,pitch.0,333591,0.7493,-0.002,1.319,0.9353,-0.3489,2.0701,0.0,0.0
1779816505242,1,Pitching Mound.Drive,,Loading,pitch.0,334099,-0.757,2.2637,32.5413,25.5384,21.4141,-0.824,-0.0699,0.0833
1779816505242,1,Pitching Mound.Parent,,Loading,pitch.0,333298,0.0,2.2714,33.8332,26.4361,20.9052,1.2512,-0.0672,0.0827
1779816505243,1,11.0000004b,Drive,Loading,pitch.0,334100,-0.7459,2.2666,32.4174,25.5377,21.3646,-0.801,-0.07,0.0836
1779816505243,1,12.00000015,Lower Delivery,Loading,pitch.0,333828,-0.2861,-0.6998,0.7947,-0.096,-0.0253,0.0445,0.0,0.0
1779816505243,1,12.00000018,Upper Delivery,Loading,pitch.0,334383,1.0659,0.7253,0.5427,0.9724,-0.2824,1.5418,0.0,0.0
1779816505243,1,Pitching Mound.Delivery,,Loading,pitch.0,333592,0.7798,0.0255,1.3374,0.962,-0.3077,2.0459,0.0,0.0
1779816505243,1,Pitching Mound.Drive,,Loading,pitch.0,334100,-0.7459,2.2666,32.4174,25.5377,21.3646,-0.801,-0.07,0.0836
1779816505243,1,Pitching Mound.Parent,,Loading,pitch.0,333299,0.0034,2.2645,33.7364,26.473,21.0157,1.269,-0.0672,0.0823
1779816505244,1,11.0000004b,Drive,Loading,pitch.0,334101,-0.7281,2.2562,32.5615,25.5568,21.4876,-0.8349,-0.0701,0.0833
1779816505244,1,12.00000015,Lower Delivery,Loading,pitch.0,333829,-0.2824,-0.7049,0.8556,-0.0953,-0.027,0.0497,0.0,0.0
1779816505244,1,12.00000018,Upper Delivery,Loading,pitch.0,334384,1.0549,0.7171,0.4723,0.9969,-0.3901,1.5493,0.0,0.0
1779816505244,1,Pitching Mound.Delivery,,Loading,pitch.0,333593,0.7725,0.0122,1.328,1.0319,-0.4171,2.0537,0.0,0.0
1779816505244,1,Pitching Mound.Drive,,Loading,pitch.0,334101,-0.7281,2.2562,32.5615,25.5568,21.4876,-0.8349,-0.0701,0.0833
1779816505244,1,Pitching Mound.Parent,,Loading,pitch.0,333300,0.0517,2.2817,33.8989,26.5188,21.1799,1.211,-0.0673,0.0826
1779816505245,1,11.0000004b,Drive,Loading,pitch.0,334102,-0.7333,2.2573,32.6703,25.7341,21.5683,-0.882,-0.0701,0.0836
1779816505245,1,12.00000015,Lower Delivery,Loading,pitch.0,333830,-0.2717,-0.7012,0.8911,-0.0879,-0.0277,0.1222,0.0,0.0
1779816505245,1,12.00000018,Upper Delivery,Loading,pitch.0,334385,1.0428,0.7119,0.5259,0.9596,-0.4013,1.5503,0.0,0.0
1779816505245,1,Pitching Mound.Delivery,,Loading,pitch.0,333594,0.7711,0.0107,1.4171,0.9959,-0.429,2.1195,0.0,0.0
1779816505245,1,Pitching Mound.Drive,,Loading,pitch.0,334102,-0.7333,2.2573,32.6703,25.7341,21.5683,-0.882,-0.0701,0.0836
1779816505245,1,Pitching Mound.Parent,,Loading,pitch.0,333301,0.0392,2.2695,33.9982,26.7659,21.1512,1.1717,-0.0673,0.0842
1779816505246,1,11.0000004b,Drive,Loading,pitch.0,334103,-0.729,2.2787,32.6755,25.7674,21.6373,-0.883,-0.0703,0.0837
1779816505246,1,12.00000015,Lower Delivery,Loading,pitch.0,333831,-0.2721,-0.7146,1.027,-0.0817,-0.0173,0.1266,0.0,0.0
1779816505246,1,12.00000018,Upper Delivery,Loading,pitch.0,334386,1.0533,0.7156,0.4658,0.9784,-0.5739,1.5686,0.0,0.0
1779816505246,1,Pitching Mound.Delivery,,Loading,pitch.0,333595,0.7813,0.001,1.4928,1.0875,-0.5912,2.1458,0.0,0.0
1779816505246,1,Pitching Mound.Drive,,Loading,pitch.0,334103,-0.729,2.2787,32.6755,25.7674,21.6373,-0.883,-0.0703,0.0837
1779816505246,1,Pitching Mound.Parent,,Loading,pitch.0,333302,0.0421,2.2894,34.0925,26.7633,21.2083,1.2365,-0.0674,0.0839
1779816505247,1,11.0000004b,Drive,Loading,pitch.0,334104,-0.7161,2.2825,32.6683,25.7969,21.5687,-0.9248,-0.0701,0.0838
1779816505247,1,12.00000015,Lower Delivery,Loading,pitch.0,333832,-0.2748,-0.7182,1.0466,-0.0629,-0.0052,0.1684,0.0,0.0
1779816505247,1,12.00000018,Upper Delivery,Loading,pitch.0,334387,1.0399,0.7156,0.4158,1.0096,-0.5148,1.5281,0.0,0.0
1779816505247,1,Pitching Mound.Delivery,,Loading,pitch.0,333596,0.765,-0.0027,1.4624,1.1612,-0.5199,2.1435,0.0,0.0
1779816505247,1,Pitching Mound.Drive,,Loading,pitch.0,334104,-0.7161,2.2825,32.6683,25.7969,21.5687,-0.9248,-0.0701,0.0838
1779816505247,1,Pitching Mound.Parent,,Loading,pitch.0,333303,0.0651,2.2835,34.1611,26.8845,20.9775,1.2211,-0.067,0.0858
1779816505248,1,11.0000004b,Drive,Loading,pitch.0,334105,-0.7219,2.2787,32.8202,25.862,21.8269,-0.9321,-0.0706,0.0837
1779816505248,1,12.00000015,Lower Delivery,Loading,pitch.0,333833,-0.2597,-0.7145,1.0192,-0.0693,-0.0148,0.174,0.0,0.0
1779816505248,1,12.00000018,Upper Delivery,Loading,pitch.0,334388,1.0587,0.73,0.3663,1.0515,-0.6541,1.508,0.0,0.0
1779816505248,1,Pitching Mound.Delivery,,Loading,pitch.0,333597,0.799,0.0155,1.3854,1.2042,-0.6689,2.1302,0.0,0.0
1779816505248,1,Pitching Mound.Drive,,Loading,pitch.0,334105,-0.7219,2.2787,32.8202,25.862,21.8269,-0.9321,-0.0706,0.0837
1779816505248,1,Pitching Mound.Parent,,Loading,pitch.0,333304,0.0432,2.276,34.2826,27.0233,21.3069,1.2114,-0.0676,0.0863
1779816505249,1,11.0000004b,Drive,Loading,pitch.0,334106,-0.7186,2.2907,32.8767,25.9833,21.8937,-0.959,-0.0707,0.0839
1779816505249,1,12.00000015,Lower Delivery,Loading,pitch.0,333834,-0.2507,-0.7092,0.8905,-0.0725,-0.0124,0.1509,0.0,0.0
1779816505249,1,12.00000018,Upper Delivery,Loading,pitch.0,334389,1.0471,0.7473,0.3276,1.1092,-0.521,1.5193,0.0,0.0
1779816505249,1,Pitching Mound.Delivery,,Loading,pitch.0,333598,0.7964,0.0381,1.2181,1.228,-0.5334,2.1115,0.0,0.0
1779816505249,1,Pitching Mound.Drive,,Loading,pitch.0,334106,-0.7186,2.2907,32.8767,25.9833,21.8937,-0.959,-0.0707,0.0839
1779816505249,1,Pitching Mound.Parent,,Loading,pitch.0,333305,0.0804,2.3062,34.2621,27.1875,21.2248,1.1711,-0.0678,0.087
1779816505250,1,11.0000004b,Drive,Loading,pitch.0,334107,-0.7099,2.3119,32.8922,26.0329,21.8206,-1.0061,-0.0704,0.084
1779816505250,1,12.00000015,Lower Delivery,Loading,pitch.0,333835,-0.2649,-0.7125,0.9217,-0.0744,-0.0115,0.1129,0.0,0.0
1779816505250,1,12.00000018,Upper Delivery,Loading,pitch.0,334390,1.0686,0.7807,0.3171,1.2287,-0.7171,1.482,0.0,0.0
1779816505250,1,Pitching Mound.Delivery,,Loading,pitch.0,333599,0.8037,0.0682,1.2387,1.3598,-0.7286,2.0482,0.0,0.0
1779816505250,1,Pitching Mound.Drive,,Loading,pitch.0,334107,-0.7099,2.3119,32.8922,26.0329,21.8206,-1.0061,-0.0704,0.084
1779816505250,1,Pitching Mound.Parent,,Loading,pitch.0,333306,0.0865,2.35,34.1103,27.2609,21.2872,1.1054,-0.0679,0.0866
1779816505251,1,11.0000004b,Drive,Loading,pitch.0,334108,-0.697,2.3181,32.9286,25.9885,21.8295,-1.0468,-0.0704,0.0838
1779816505251,1,12.00000015,Lower Delivery,Loading,pitch.0,333836,-0.2561,-0.7126,0.8882,-0.0844,-0.0162,0.041,0.0,0.0
1779816505251,1,12.00000018,Upper Delivery,Loading,pitch.0,334391,1.0578,0.7717,0.3272,1.1355,-0.6088,1.5018,0.0,0.0
1779816505251,1,Pitching Mound.Delivery,,Loading,pitch.0,333600,0.8017,0.0591,1.2155,1.2419,-0.625,1.9895,0.0,0.0
1779816505251,1,Pitching Mound.Drive,,Loading,pitch.0,334108,-0.697,2.3181,32.9286,25.9885,21.8295,-1.0468,-0.0704,0.0838
1779816505251,1,Pitching Mound.Parent,,Loading,pitch.0,333307,0.1067,2.3863,34.1673,27.3483,21.1009,1.0015,-0.0678,0.0868
1779816505252,1,11.0000004b,Drive,Loading,pitch.0,334109,-0.6807,2.3112,33.0252,26.0515,22.0117,-1.0873,-0.0708,0.0837
1779816505252,1,12.00000015,Lower Delivery,Loading,pitch.0,333837,-0.2635,-0.7185,0.894,-0.0813,-0.0162,0.0711,0.0,0.0
1779816505252,1,12.00000018,Upper Delivery,Loading,pitch.0,334392,1.0954,0.8301,0.2673,1.1427,-0.678,1.4619,0.0,0.0
1779816505252,1,Pitching Mound.Delivery,,Loading,pitch.0,333601,0.8319,0.1116,1.1613,1.2746,-0.6942,1.995,0.0,0.0
1779816505252,1,Pitching Mound.Drive,,Loading,pitch.0,334109,-0.6807,2.3112,33.0252,26.0515,22.0117,-1.0873,-0.0708,0.0837
1779816505252,1,Pitching Mound.Parent,,Loading,pitch.0,333308,0.121,2.3702,34.2406,27.2934,21.3867,0.9022,-0.0682,0.0863
1779816505253,1,11.0000004b,Drive,Loading,pitch.0,334110,-0.6762,2.322,33.0833,26.0382,21.9055,-1.1385,-0.0703,0.0836
1779816505253,1,12.00000015,Lower Delivery,Loading,pitch.0,333838,-0.2813,-0.7292,0.9234,-0.0982,-0.0178,0.0153,0.0,0.0
1779816505253,1,12.00000018,Upper Delivery,Loading,pitch.0,334393,1.1031,0.8421,0.2632,1.1378,-0.5993,1.473,0.0,0.0
1779816505253,1,Pitching Mound.Delivery,,Loading,pitch.0,333602,0.8218,0.1129,1.1866,1.2641,-0.6172,1.959,0.0,0.0
1779816505253,1,Pitching Mound.Drive,,Loading,pitch.0,334110,-0.6762,2.322,33.0833,26.0382,21.9055,-1.1385,-0.0703,0.0836
1779816505253,1,Pitching Mound.Parent,,Loading,pitch.0,333309,0.1557,2.4336,34.2446,27.3128,21.2113,0.8565,-0.0679,0.0869
1779816505254,1,11.0000004b,Drive,Loading,pitch.0,334111,-0.6694,2.3178,33.1086,25.9939,21.6648,-1.1593,-0.0695,0.0833
1779816505254,1,11.0000004b,Drive,Loading,pitch.0,334112,-0.6616,2.3323,33.103,26.01,21.4975,-1.2027,-0.0689,0.0834
1779816505254,1,12.00000015,Lower Delivery,Loading,pitch.0,333839,-0.2874,-0.7186,0.8872,-0.1041,-0.0265,0.0017,0.0,0.0
1779816505254,1,12.00000018,Upper Delivery,Loading,pitch.0,334394,1.0747,0.802,0.2832,1.1538,-0.5792,1.5301,0.0,0.0
1779816505254,1,Pitching Mound.Delivery,,Loading,pitch.0,333603,0.7873,0.0835,1.1704,1.2551,-0.6057,1.9949,0.0,0.0
1779816505254,1,Pitching Mound.Drive,,Loading,pitch.0,334111,-0.6694,2.3178,33.1086,25.9939,21.6648,-1.1593,-0.0695,0.0833
1779816505254,1,Pitching Mound.Drive,,Loading,pitch.0,334112,-0.6616,2.3323,33.103,26.01,21.4975,-1.2027,-0.0689,0.0834
1779816505254,1,Pitching Mound.Parent,,Loading,pitch.0,333310,0.1524,2.4307,34.2952,27.2579,21.0476,0.7997,-0.0671,0.087
1779816505254,1,Pitching Mound.Parent,,Loading,pitch.0,333311,0.1257,2.4158,34.2734,27.2652,20.8918,0.7922,-0.0666,0.0866
1779816505255,1,12.00000015,Lower Delivery,Loading,pitch.0,333840,-0.2937,-0.7274,0.856,-0.1024,-0.0289,0.0047,0.0,0.0
1779816505255,1,12.00000018,Upper Delivery,Loading,pitch.0,334395,1.1026,0.8179,0.3108,1.0716,-0.3371,1.5716,0.0,0.0
1779816505255,1,Pitching Mound.Delivery,,Loading,pitch.0,333604,0.8088,0.0904,1.1668,1.1545,-0.366,2.051,0.0,0.0
1779816505256,1,11.0000004b,Drive,Loading,pitch.0,334114,-0.6563,2.3447,33.363,26.0958,21.5624,-1.2773,-0.0686,0.083
1779816505256,1,11.0000004b,Drive,Loading,pitch.0,334113,-0.6637,2.3533,33.1914,26.0669,21.4035,-1.2447,-0.0685,0.0834
1779816505256,1,12.00000015,Lower Delivery,Loading,pitch.0,333841,-0.2987,-0.726,0.7409,-0.0924,-0.0243,-0.0096,0.0,0.0
1779816505256,1,12.00000018,Upper Delivery,Loading,pitch.0,334396,1.108,0.8178,0.3187,1.148,-0.427,1.5582,0.0,0.0
1779816505256,1,Pitching Mound.Delivery,,Loading,pitch.0,333605,0.8092,0.0918,1.0596,1.1992,-0.4513,2.0268,0.0,0.0
1779816505256,1,Pitching Mound.Drive,,Loading,pitch.0,334114,-0.6563,2.3447,33.363,26.0958,21.5624,-1.2773,-0.0686,0.083
1779816505256,1,Pitching Mound.Drive,,Loading,pitch.0,334113,-0.6637,2.3533,33.1914,26.0669,21.4035,-1.2447,-0.0685,0.0834
1779816505256,1,Pitching Mound.Parent,,Loading,pitch.0,333312,0.1451,2.4437,34.3582,27.2214,21.0375,0.8063,-0.0661,0.0859
1779816505256,1,Pitching Mound.Parent,,Loading,pitch.0,333313,0.1529,2.4365,34.4226,27.295,21.1111,0.7496,-0.0665,0.0847
1779816505257,1,12.00000015,Lower Delivery,Loading,pitch.0,333842,-0.3002,-0.7113,0.7012,-0.0904,-0.0227,-0.0157,0.0,0.0
1779816505257,1,12.00000018,Upper Delivery,Loading,pitch.0,334397,1.1507,0.8626,0.2836,1.1925,-0.4275,1.597,0.0,0.0
1779816505257,1,Pitching Mound.Delivery,,Loading,pitch.0,333606,0.8505,0.1513,0.9848,1.2441,-0.4502,2.0746,0.0,0.0
1779816505258,1,11.0000004b,Drive,Loading,pitch.0,334115,-0.6419,2.3476,33.4512,26.1337,21.4339,-1.3022,-0.068,0.0829
1779816505258,1,12.00000015,Lower Delivery,Loading,pitch.0,333843,-0.3122,-0.7156,0.737,-0.0836,-0.0128,-0.014,0.0,0.0
1779816505258,1,12.00000018,Upper Delivery,Loading,pitch.0,334398,1.16,0.8744,0.2557,1.2165,-0.445,1.6377,0.0,0.0
1779816505258,1,Pitching Mound.Delivery,,Loading,pitch.0,333607,0.8478,0.1588,0.9927,1.2965,-0.4578,2.1242,0.0,0.0
1779816505258,1,Pitching Mound.Drive,,Loading,pitch.0,334115,-0.6419,2.3476,33.4512,26.1337,21.4339,-1.3022,-0.068,0.0829
1779816505258,1,Pitching Mound.Parent,,Loading,pitch.0,333314,0.2086,2.4989,34.436,27.3778,20.9837,0.7725,-0.0661,0.0847
1779816505259,1,11.0000004b,Drive,Loading,pitch.0,334116,-0.6447,2.3605,33.5663,26.1671,21.4275,-1.3281,-0.0678,0.0828
1779816505259,1,12.00000015,Lower Delivery,Loading,pitch.0,333844,-0.2966,-0.6952,0.6875,-0.0772,-0.0031,-0.0097,0.0,0.0
1779816505259,1,12.00000018,Upper Delivery,Loading,pitch.0,334399,1.1527,0.8608,0.3563,1.2323,-0.467,1.6428,0.0,0.0
1779816505259,1,Pitching Mound.Delivery,,Loading,pitch.0,333608,0.8561,0.1656,1.0438,1.2678,-0.4701,2.1259,0.0,0.0
1779816505259,1,Pitching Mound.Drive,,Loading,pitch.0,334116,-0.6447,2.3605,33.5663,26.1671,21.4275,-1.3281,-0.0678,0.0828
1779816505259,1,Pitching Mound.Parent,,Loading,pitch.0,333315,0.2031,2.5193,34.559,27.4636,20.9696,0.7961,-0.0658,0.0851
1779816505260,1,11.0000004b,Drive,Loading,pitch.0,334118,-0.6335,2.3751,33.817,26.3665,21.5742,-1.3727,-0.0677,0.0828
1779816505260,1,11.0000004b,Drive,Loading,pitch.0,334117,-0.6453,2.3623,33.6631,26.2009,21.3336,-1.3645,-0.0673,0.0826
1779816505260,1,12.00000015,Lower Delivery,Loading,pitch.0,333845,-0.2927,-0.708,0.659,-0.0707,-0.0035,-0.0063,0.0,0.0
1779816505260,1,12.00000018,Upper Delivery,Loading,pitch.0,334400,1.1693,0.868,0.3188,1.2525,-0.5332,1.6684,0.0,0.0
1779816505260,1,Pitching Mound.Delivery,,Loading,pitch.0,333609,0.8766,0.1601,0.9778,1.2975,-0.5368,2.1592,0.0,0.0
1779816505260,1,Pitching Mound.Drive,,Loading,pitch.0,334118,-0.6335,2.3751,33.817,26.3665,21.5742,-1.3727,-0.0677,0.0828
1779816505260,1,Pitching Mound.Drive,,Loading,pitch.0,334117,-0.6453,2.3623,33.6631,26.2009,21.3336,-1.3645,-0.0673,0.0826
1779816505260,1,Pitching Mound.Parent,,Loading,pitch.0,333317,0.2431,2.5352,34.7948,27.6639,21.0374,0.7865,-0.0658,0.0838
1779816505260,1,Pitching Mound.Parent,,Loading,pitch.0,333316,0.2108,2.5279,34.7069,27.4687,20.8635,0.7614,-0.0653,0.0834
1779816505261,1,11.0000004b,Drive,Loading,pitch.0,334119,-0.6393,2.4021,33.9933,26.4895,21.471,-1.4607,-0.0671,0.0827
1779816505261,1,12.00000015,Lower Delivery,Loading,pitch.0,333846,-0.2943,-0.7161,0.676,-0.0659,0.0023,0.007,0.0,0.0
1779816505261,1,12.00000018,Upper Delivery,Loading,pitch.0,334401,1.1766,0.8652,0.3436,1.2525,-0.5476,1.6622,0.0,0.0
1779816505261,1,Pitching Mound.Delivery,,Loading,pitch.0,333610,0.8824,0.1491,1.0196,1.2997,-0.5453,2.1693,0.0,0.0
1779816505261,1,Pitching Mound.Drive,,Loading,pitch.0,334119,-0.6393,2.4021,33.9933,26.4895,21.471,-1.4607,-0.0671,0.0827
1779816505261,1,Pitching Mound.Parent,,Loading,pitch.0,333318,0.243,2.5512,35.0128,27.7892,20.9257,0.7086,-0.0651,0.0835
1779816505262,1,11.0000004b,Drive,Loading,pitch.0,334120,-0.6419,2.4118,34.122,26.5221,21.4594,-1.4621,-0.0668,0.0825
1779816505262,1,12.00000015,Lower Delivery,Loading,pitch.0,333847,-0.3103,-0.7193,0.6703,-0.0648,-0.0024,0.0107,0.0,0.0
1779816505262,1,12.00000018,Upper Delivery,Loading,pitch.0,334402,1.1803,0.8751,0.3642,1.0669,-0.4425,1.6778,0.0,0.0
1779816505262,1,Pitching Mound.Delivery,,Loading,pitch.0,333611,0.87,0.1558,1.0345,1.1062,-0.4449,2.1953,0.0,0.0
1779816505262,1,Pitching Mound.Drive,,Loading,pitch.0,334120,-0.6419,2.4118,34.122,26.5221,21.4594,-1.4621,-0.0668,0.0825
1779816505262,1,Pitching Mound.Parent,,Loading,pitch.0,333319,0.228,2.5676,35.1565,27.6283,21.0146,0.7332,-0.0648,0.083
1779816505263,1,11.0000004b,Drive,Loading,pitch.0,334121,-0.636,2.4237,34.3669,26.7303,21.6942,-1.5046,-0.067,0.0826
1779816505263,1,12.00000015,Lower Delivery,Loading,pitch.0,333848,-0.2808,-0.7045,0.6531,-0.0653,-0.0074,0.0221,0.0,0.0
1779816505263,1,12.00000018,Upper Delivery,Loading,pitch.0,334403,1.1579,0.8357,0.3671,1.111,-0.614,1.722,0.0,0.0
1779816505263,1,Pitching Mound.Delivery,,Loading,pitch.0,333612,0.8772,0.1311,1.0202,1.143,-0.6214,2.2333,0.0,0.0
1779816505263,1,Pitching Mound.Drive,,Loading,pitch.0,334121,-0.636,2.4237,34.3669,26.7303,21.6942,-1.5046,-0.067,0.0826
1779816505263,1,Pitching Mound.Parent,,Loading,pitch.0,333320,0.2411,2.5548,35.3871,27.8733,21.0729,0.7287,-0.0651,0.0829
1779816505264,1,11.0000004b,Drive,Loading,pitch.0,334122,-0.6389,2.4319,34.5304,26.7619,21.8227,-1.515,-0.0671,0.0823
1779816505264,1,12.00000015,Lower Delivery,Loading,pitch.0,333849,-0.2767,-0.711,0.7004,-0.0702,-0.0133,0.042,0.0,0.0
1779816505264,1,12.00000018,Upper Delivery,Loading,pitch.0,334404,1.1185,0.8119,0.3172,1.0176,-0.5862,1.7162,0.0,0.0
1779816505264,1,Pitching Mound.Delivery,,Loading,pitch.0,333613,0.8419,0.1009,1.0176,1.0777,-0.5994,2.2325,0.0,0.0
1779816505264,1,Pitching Mound.Drive,,Loading,pitch.0,334122,-0.6389,2.4319,34.5304,26.7619,21.8227,-1.515,-0.0671,0.0823
1779816505264,1,Pitching Mound.Parent,,Loading,pitch.0,333321,0.2029,2.5328,35.548,27.8396,21.2233,0.7175,-0.0652,0.0836
1779816505265,1,11.0000004b,Drive,Loading,pitch.0,334123,-0.6381,2.4396,34.686,26.7565,21.8488,-1.5378,-0.0669,0.0819
1779816505265,1,12.00000015,Lower Delivery,Loading,pitch.0,333850,-0.2703,-0.7145,0.7132,-0.0616,-0.0023,0.0838,0.0,0.0
1779816505265,1,12.00000018,Upper Delivery,Loading,pitch.0,334405,1.1056,0.8172,0.3301,1.033,-0.4087,1.6969,0.0,0.0
1779816505265,1,Pitching Mound.Delivery,,Loading,pitch.0,333614,0.8352,0.1026,1.0433,1.1017,-0.411,2.2486,0.0,0.0
1779816505265,1,Pitching Mound.Drive,,Loading,pitch.0,334123,-0.6381,2.4396,34.686,26.7565,21.8488,-1.5378,-0.0669,0.0819
1779816505265,1,Pitching Mound.Parent,,Loading,pitch.0,333322,0.1971,2.5422,35.7293,27.8582,21.4379,0.7108,-0.0649,0.0831
1779816505266,1,11.0000004b,Drive,Loading,pitch.0,334124,-0.6431,2.4517,34.7886,26.7908,21.9548,-1.585,-0.067,0.0818
1779816505266,1,12.00000015,Lower Delivery,Loading,pitch.0,333851,-0.2862,-0.7173,0.6944,-0.0663,-0.0055,0.0738,0.0,0.0
1779816505266,1,12.00000018,Upper Delivery,Loading,pitch.0,334406,1.0903,0.778,0.3525,1.1836,-0.6666,1.7431,0.0,0.0
1779816505266,1,Pitching Mound.Delivery,,Loading,pitch.0,333615,0.8041,0.0607,1.0469,1.2335,-0.6721,2.2849,0.0,0.0
1779816505266,1,Pitching Mound.Drive,,Loading,pitch.0,334124,-0.6431,2.4517,34.7886,26.7908,21.9548,-1.585,-0.067,0.0818
1779816505266,1,Pitching Mound.Parent,,Loading,pitch.0,333323,0.1609,2.5125,35.8354,28.0242,21.2827,0.7,-0.065,0.0826
1779816505267,1,11.0000004b,Drive,Loading,pitch.0,334125,-0.6472,2.4697,34.9898,26.9307,22.0115,-1.6071,-0.0668,0.0817
1779816505267,1,12.00000015,Lower Delivery,Loading,pitch.0,333852,-0.2834,-0.7365,0.6124,-0.0783,0.0005,0.0792,0.0,0.0
1779816505267,1,12.00000018,Upper Delivery,Loading,pitch.0,334407,1.1064,0.7853,0.3148,1.0758,-0.6341,1.6334,0.0,0.0
1779816505267,1,Pitching Mound.Delivery,,Loading,pitch.0,333616,0.8229,0.0487,0.9272,1.0986,-0.6336,2.1852,0.0,0.0
1779816505267,1,Pitching Mound.Drive,,Loading,pitch.0,334125,-0.6472,2.4697,34.9898,26.9307,22.0115,-1.6071,-0.0668,0.0817
1779816505267,1,Pitching Mound.Parent,,Loading,pitch.0,333324,0.1757,2.5184,35.917,28.0293,21.3778,0.578,-0.0651,0.0824
1779816505268,1,11.0000004b,Drive,Loading,pitch.0,334126,-0.6462,2.4814,35.1672,27.0377,22.1808,-1.6658,-0.067,0.0816
1779816505268,1,12.00000015,Lower Delivery,Loading,pitch.0,333853,-0.2632,-0.7338,0.593,-0.0715,-0.0006,0.1528,0.0,0.0
1779816505268,1,12.00000018,Upper Delivery,Loading,pitch.0,334408,1.0846,0.7718,0.3611,1.0963,-0.6015,1.6086,0.0,0.0
1779816505268,1,Pitching Mound.Delivery,,Loading,pitch.0,333617,0.8214,0.038,0.954,1.1036,-0.6021,2.2196,0.0,0.0
1779816505268,1,Pitching Mound.Drive,,Loading,pitch.0,334126,-0.6462,2.4814,35.1672,27.0377,22.1808,-1.6658,-0.067,0.0816
1779816505268,1,Pitching Mound.Parent,,Loading,pitch.0,333325,0.1753,2.5194,36.1212,28.1413,21.5787,0.5538,-0.0652,0.0816
1779816505269,1,11.0000004b,Drive,Loading,pitch.0,334127,-0.6424,2.4969,35.2891,27.1433,22.1183,-1.7038,-0.0665,0.0817
1779816505269,1,12.00000015,Lower Delivery,Loading,pitch.0,333854,-0.2819,-0.7314,0.5477,-0.1004,-0.0057,0.09,0.0,0.0
1779816505269,1,12.00000018,Upper Delivery,Loading,pitch.0,334409,1.0731,0.7696,0.3405,1.0401,-0.5422,1.6123,0.0,0.0
1779816505269,1,Pitching Mound.Delivery,,Loading,pitch.0,333618,0.7912,0.0382,0.8882,1.0102,-0.5479,2.163,0.0,0.0
1779816505269,1,Pitching Mound.Drive,,Loading,pitch.0,334127,-0.6424,2.4969,35.2891,27.1433,22.1183,-1.7038,-0.0665,0.0817
1779816505269,1,Pitching Mound.Parent,,Loading,pitch.0,333326,0.1487,2.535,36.1774,28.1535,21.5704,0.4592,-0.0649,0.0816
1779816505270,1,11.0000004b,Drive,Loading,pitch.0,334128,-0.6514,2.5185,35.5688,27.257,22.4149,-1.7402,-0.0669,0.0814
1779816505270,1,12.00000015,Lower Delivery,Loading,pitch.0,333855,-0.2797,-0.7093,0.5741,-0.1005,-0.0151,0.0402,0.0,0.0
1779816505270,1,12.00000018,Upper Delivery,Loading,pitch.0,334410,1.083,0.7785,0.2821,1.0992,-0.5866,1.608,0.0,0.0
1779816505270,1,Pitching Mound.Delivery,,Loading,pitch.0,333619,0.8032,0.0691,0.8562,1.0979,-0.6016,2.1114,0.0,0.0
1779816505270,1,Pitching Mound.Drive,,Loading,pitch.0,334128,-0.6514,2.5185,35.5688,27.257,22.4149,-1.7402,-0.0669,0.0814
1779816505270,1,Pitching Mound.Parent,,Loading,pitch.0,333327,0.1518,2.5877,36.425,28.3549,21.8132,0.3713,-0.0653,0.0822
1779816505271,1,11.0000004b,Drive,Loading,pitch.0,334129,-0.6637,2.5336,35.7506,27.2969,22.6491,-1.8038,-0.0673,0.0811
1779816505271,1,12.00000015,Lower Delivery,Loading,pitch.0,333856,-0.2669,-0.715,0.5456,-0.1092,-0.0163,0.0439,0.0,0.0
1779816505271,1,12.00000018,Upper Delivery,Loading,pitch.0,334411,1.0783,0.7686,0.2698,1.109,-0.5142,1.6026,0.0,0.0
1779816505271,1,Pitching Mound.Delivery,,Loading,pitch.0,333620,0.8114,0.0536,0.8155,1.0935,-0.5305,2.1039,0.0,0.0
1779816505271,1,Pitching Mound.Drive,,Loading,pitch.0,334129,-0.6637,2.5336,35.7506,27.2969,22.6491,-1.8038,-0.0673,0.0811
1779816505271,1,Pitching Mound.Parent,,Loading,pitch.0,333328,0.1478,2.5872,36.566,28.3904,22.1186,0.3,-0.0658,0.0818
1779816505272,1,11.0000004b,Drive,Loading,pitch.0,334130,-0.6661,2.5447,35.8522,27.3478,22.7376,-1.8301,-0.0673,0.081
1779816505272,1,12.00000015,Lower Delivery,Loading,pitch.0,333857,-0.2655,-0.7227,0.5438,-0.1034,-0.0117,0.0515,0.0,0.0
1779816505272,1,12.00000018,Upper Delivery,Loading,pitch.0,334412,1.1104,0.8154,0.2803,1.1595,-0.649,1.5947,0.0,0.0
1779816505272,1,Pitching Mound.Delivery,,Loading,pitch.0,333621,0.8449,0.0927,0.8241,1.1456,-0.6607,2.114,0.0,0.0
1779816505272,1,Pitching Mound.Drive,,Loading,pitch.0,334130,-0.6661,2.5447,35.8522,27.3478,22.7376,-1.8301,-0.0673,0.081
1779816505272,1,Pitching Mound.Parent,,Loading,pitch.0,333329,0.1788,2.6374,36.6763,28.4934,22.0769,0.2838,-0.0658,0.0816
1779816505273,1,11.0000004b,Drive,Loading,pitch.0,334131,-0.6748,2.5618,36.0334,27.5362,22.9696,-1.869,-0.0677,0.0811
1779816505273,1,12.00000015,Lower Delivery,Loading,pitch.0,333858,-0.2553,-0.7073,0.5448,-0.1016,-0.0149,0.027,0.0,0.0
1779816505273,1,12.00000018,Upper Delivery,Loading,pitch.0,334413,1.1133,0.8011,0.3071,1.1482,-0.6271,1.5222,0.0,0.0
1779816505273,1,Pitching Mound.Delivery,,Loading,pitch.0,333622,0.8579,0.0938,0.8518,1.1274,-0.642,2.0146,0.0,0.0
1779816505273,1,Pitching Mound.Drive,,Loading,pitch.0,334131,-0.6748,2.5618,36.0334,27.5362,22.9696,-1.869,-0.0677,0.0811
1779816505273,1,Pitching Mound.Parent,,Loading,pitch.0,333330,0.1832,2.6556,36.8852,28.6637,22.3275,0.1456,-0.0661,0.0814
1779816505274,1,11.0000004b,Drive,Loading,pitch.0,334132,-0.6779,2.5889,36.0851,27.6446,23.1235,-1.9246,-0.068,0.0813
1779816505274,1,12.00000015,Lower Delivery,Loading,pitch.0,333859,-0.2767,-0.7319,0.5665,-0.0962,-0.0079,-0.0027,0.0,0.0
1779816505274,1,12.00000018,Upper Delivery,Loading,pitch.0,334414,1.0993,0.8126,0.2693,1.2335,-0.7035,1.5277,0.0,0.0
1779816505274,1,Pitching Mound.Delivery,,Loading,pitch.0,333623,0.8226,0.0807,0.8357,1.2384,-0.7114,1.9928,0.0,0.0
1779816505274,1,Pitching Mound.Drive,,Loading,pitch.0,334132,-0.6779,2.5889,36.0851,27.6446,23.1235,-1.9246,-0.068,0.0813
1779816505274,1,Pitching Mound.Parent,,Loading,pitch.0,333331,0.1447,2.6696,36.9209,28.8829,22.4122,0.0682,-0.0665,0.0822
1779816505275,1,11.0000004b,Drive,Loading,pitch.0,334133,-0.6753,2.6154,36.3235,27.7594,23.4094,-1.957,-0.0684,0.0811
1779816505275,1,12.00000015,Lower Delivery,Loading,pitch.0,333860,-0.2886,-0.7359,0.5706,-0.0806,-0.005,0.0161,0.0,0.0
1779816505275,1,12.00000018,Upper Delivery,Loading,pitch.0,334415,1.1728,0.8622,0.2609,1.2906,-0.8066,1.5983,0.0,0.0
1779816505275,1,Pitching Mound.Delivery,,Loading,pitch.0,333624,0.8842,0.1263,0.8315,1.3153,-0.8116,2.1112,0.0,0.0
1779816505275,1,Pitching Mound.Drive,,Loading,pitch.0,334133,-0.6753,2.6154,36.3235,27.7594,23.4094,-1.957,-0.0684,0.0811
1779816505275,1,Pitching Mound.Parent,,Loading,pitch.0,333332,0.2089,2.7417,37.155,29.0747,22.5978,0.1542,-0.0669,0.0822
1779816505276,1,11.0000004b,Drive,Loading,pitch.0,334134,-0.6689,2.6399,36.4402,27.8427,23.5428,-1.9739,-0.0686,0.0811
1779816505276,1,12.00000015,Lower Delivery,Loading,pitch.0,333861,-0.2777,-0.7221,0.543,-0.0686,-0.0057,0.0387,0.0,0.0
1779816505276,1,12.00000018,Upper Delivery,Loading,pitch.0,334416,1.1655,0.8675,0.2574,1.2357,-0.7795,1.5116,0.0,0.0
1779816505276,1,Pitching Mound.Delivery,,Loading,pitch.0,333625,0.8878,0.1454,0.8004,1.2641,-0.7852,2.0409,0.0,0.0
1779816505276,1,Pitching Mound.Drive,,Loading,pitch.0,334134,-0.6689,2.6399,36.4402,27.8427,23.5428,-1.9739,-0.0686,0.0811
1779816505276,1,Pitching Mound.Parent,,Loading,pitch.0,333333,0.2189,2.7853,37.2406,29.1068,22.7577,0.067,-0.0671,0.082
1779816505277,1,11.0000004b,Drive,Loading,pitch.0,334135,-0.6674,2.6542,36.6923,27.9606,23.8371,-2.0295,-0.069,0.0809
1779816505277,1,12.00000015,Lower Delivery,Loading,pitch.0,333862,-0.2774,-0.7207,0.5832,-0.0742,-0.0059,0.0108,0.0,0.0
1779816505277,1,12.00000018,Upper Delivery,Loading,pitch.0,334417,1.1927,0.9463,0.3016,1.0272,-0.5405,1.5053,0.0,0.0
1779816505277,1,Pitching Mound.Delivery,,Loading,pitch.0,333626,0.9152,0.2256,0.8849,1.0487,-0.5464,2.016,0.0,0.0
1779816505277,1,Pitching Mound.Drive,,Loading,pitch.0,334135,-0.6674,2.6542,36.6923,27.9606,23.8371,-2.0295,-0.069,0.0809
1779816505277,1,Pitching Mound.Parent,,Loading,pitch.0,333334,0.2479,2.8798,37.5772,29.0093,23.2907,-0.0135,-0.0673,0.0815
1779816505278,1,11.0000004b,Drive,Loading,pitch.0,334136,-0.6657,2.685,36.8528,28.0266,23.9177,-2.0897,-0.0689,0.0807
1779816505278,1,12.00000015,Lower Delivery,Loading,pitch.0,333863,-0.281,-0.695,0.5688,-0.0621,0.0028,0.0145,0.0,0.0
1779816505278,1,12.00000018,Upper Delivery,Loading,pitch.0,334418,1.1643,0.8793,0.2523,1.1071,-0.6002,1.5598,0.0,0.0
1779816505278,1,Pitching Mound.Delivery,,Loading,pitch.0,333627,0.8833,0.1843,0.8212,1.1526,-0.5975,2.0657,0.0,0.0
1779816505278,1,Pitching Mound.Drive,,Loading,pitch.0,334136,-0.6657,2.685,36.8528,28.0266,23.9177,-2.0897,-0.0689,0.0807
1779816505278,1,Pitching Mound.Parent,,Loading,pitch.0,333335,0.2177,2.8693,37.674,29.1792,23.3202,-0.024,-0.0674,0.0818
1779816505279,1,11.0000004b,Drive,Loading,pitch.0,334137,-0.6708,2.7059,36.8496,28.059,23.8263,-2.0794,-0.0686,0.0808
1779816505279,1,12.00000015,Lower Delivery,Loading,pitch.0,333864,-0.2906,-0.7044,0.56,-0.0632,0.0078,-0.0011,0.0,0.0
1779816505279,1,12.00000018,Upper Delivery,Loading,pitch.0,334419,1.1855,0.8581,0.2633,1.0803,-0.6625,1.574,0.0,0.0
1779816505279,1,Pitching Mound.Delivery,,Loading,pitch.0,333628,0.8948,0.1537,0.8234,1.118,-0.6547,2.0747,0.0,0.0
1779816505279,1,Pitching Mound.Drive,,Loading,pitch.0,334137,-0.6708,2.7059,36.8496,28.059,23.8263,-2.0794,-0.0686,0.0808
1779816505279,1,Pitching Mound.Parent,,Loading,pitch.0,333336,0.224,2.8597,37.673,29.177,23.1716,-0.0046,-0.0671,0.0817
1779816505280,1,11.0000004b,Drive,Loading,pitch.0,334138,-0.6699,2.716,36.9559,28.0669,24.0345,-2.1184,-0.069,0.0806
1779816505280,1,12.00000015,Lower Delivery,Loading,pitch.0,333865,-0.2907,-0.6778,0.5035,-0.051,0.0132,0.0005,0.0,0.0
1779816505280,1,12.00000018,Upper Delivery,Loading,pitch.0,334420,1.1815,0.8385,0.2808,1.1859,-0.8117,1.5455,0.0,0.0
1779816505280,1,Pitching Mound.Delivery,,Loading,pitch.0,333629,0.8908,0.1607,0.7843,1.2106,-0.7985,2.0465,0.0,0.0
1779816505280,1,Pitching Mound.Drive,,Loading,pitch.0,334138,-0.6699,2.716,36.9559,28.0669,24.0345,-2.1184,-0.069,0.0806
1779816505280,1,Pitching Mound.Parent,,Loading,pitch.0,333337,0.2209,2.8767,37.7401,29.2775,23.236,-0.0719,-0.0676,0.081
1779816505281,1,11.0000004b,Drive,Loading,pitch.0,334139,-0.6699,2.7448,36.9421,28.0403,23.8877,-2.1593,-0.0686,0.0806
1779816505281,1,12.00000015,Lower Delivery,Loading,pitch.0,333866,-0.2922,-0.6838,0.5592,-0.0526,0.0069,0.009,0.0,0.0
1779816505281,1,12.00000018,Upper Delivery,Loading,pitch.0,334421,1.1606,0.8177,0.2709,1.3705,-1.3369,1.5715,0.0,0.0
1779816505281,1,Pitching Mound.Delivery,,Loading,pitch.0,333630,0.8684,0.1339,0.8301,1.4159,-1.33,2.0745,0.0,0.0
1779816505281,1,Pitching Mound.Drive,,Loading,pitch.0,334139,-0.6699,2.7448,36.9421,28.0403,23.8877,-2.1593,-0.0686,0.0806
1779816505281,1,Pitching Mound.Parent,,Loading,pitch.0,333338,0.1984,2.8787,37.7722,29.4562,22.5577,-0.0849,-0.0671,0.0814
1779816505282,1,11.0000004b,Drive,Loading,pitch.0,334140,-0.6538,2.7639,37.0815,28.0938,23.7473,-2.1646,-0.068,0.0804
1779816505282,1,12.00000015,Lower Delivery,Loading,pitch.0,333867,-0.2852,-0.6724,0.6048,-0.0596,0.0131,-0.0096,0.0,0.0
1779816505282,1,12.00000018,Upper Delivery,Loading,pitch.0,334422,1.1451,0.7847,0.316,1.2493,-1.662,1.6046,0.0,0.0
1779816505282,1,Pitching Mound.Delivery,,Loading,pitch.0,333631,0.8599,0.1123,0.9208,1.2879,-1.6488,2.0813,0.0,0.0
1779816505282,1,Pitching Mound.Drive,,Loading,pitch.0,334140,-0.6538,2.7639,37.0815,28.0938,23.7473,-2.1646,-0.068,0.0804
1779816505282,1,Pitching Mound.Parent,,Loading,pitch.0,333339,0.2062,2.8762,38.0023,29.3818,22.0984,-0.0833,-0.0663,0.0811
1779816505283,1,11.0000004b,Drive,Loading,pitch.0,334141,-0.6579,2.796,37.2712,28.1935,23.765,-2.1894,-0.0677,0.0803
1779816505283,1,12.00000015,Lower Delivery,Loading,pitch.0,333868,-0.3048,-0.6594,0.6253,-0.0545,0.0112,-0.0103,0.0,0.0
1779816505283,1,12.00000018,Upper Delivery,Loading,pitch.0,334423,1.1404,0.7912,0.3373,1.4608,-1.3288,1.6055,0.0,0.0
1779816505283,1,Pitching Mound.Delivery,,Loading,pitch.0,333632,0.8356,0.1319,0.9626,1.5042,-1.3176,2.0866,0.0,0.0
1779816505283,1,Pitching Mound.Drive,,Loading,pitch.0,334141,-0.6579,2.796,37.2712,28.1935,23.765,-2.1894,-0.0677,0.0803
1779816505283,1,Pitching Mound.Parent,,Loading,pitch.0,333340,0.1778,2.9279,38.2338,29.6976,22.4474,-0.1028,-0.066,0.0808
1779816505284,1,11.0000004b,Drive,Loading,pitch.0,334142,-0.6676,2.8144,37.4313,28.2335,23.8136,-2.2066,-0.0675,0.0801
1779816505284,1,12.00000015,Lower Delivery,Loading,pitch.0,333869,-0.2939,-0.6696,0.685,-0.0631,0.0037,-0.0094,0.0,0.0
1779816505284,1,12.00000018,Upper Delivery,Loading,pitch.0,334424,1.1127,0.7678,0.3871,1.4047,-1.2646,1.6199,0.0,0.0
1779816505284,1,Pitching Mound.Delivery,,Loading,pitch.0,333633,0.8188,0.0981,1.0721,1.4429,-1.2609,2.0887,0.0,0.0
1779816505284,1,Pitching Mound.Drive,,Loading,pitch.0,334142,-0.6676,2.8144,37.4313,28.2335,23.8136,-2.2066,-0.0675,0.0801
1779816505284,1,Pitching Mound.Parent,,Loading,pitch.0,333341,0.1512,2.9125,38.5034,29.6764,22.5527,-0.1179,-0.0657,0.0805
1779816505285,1,11.0000004b,Drive,Loading,pitch.0,334143,-0.6651,2.8466,37.3844,28.2046,23.445,-2.2495,-0.0666,0.0801
1779816505285,1,12.00000015,Lower Delivery,Loading,pitch.0,333870,-0.2921,-0.6572,0.6834,-0.069,-0.0015,-0.0081,0.0,0.0
1779816505285,1,12.00000018,Upper Delivery,Loading,pitch.0,334425,1.1309,0.761,0.4159,1.37,-1.3083,1.5791,0.0,0.0
1779816505285,1,Pitching Mound.Delivery,,Loading,pitch.0,333634,0.8388,0.1038,1.0992,1.392,-1.3098,2.0548,0.0,0.0
1779816505285,1,Pitching Mound.Drive,,Loading,pitch.0,334143,-0.6651,2.8466,37.3844,28.2046,23.445,-2.2495,-0.0666,0.0801
1779816505285,1,Pitching Mound.Parent,,Loading,pitch.0,333342,0.1736,2.9504,38.4836,29.5966,22.1351,-0.1947,-0.0647,0.0802
1779816505286,1,11.0000004b,Drive,Loading,pitch.0,334144,-0.6739,2.8595,37.5947,28.3103,23.6788,-2.2711,-0.0669,0.0799
1779816505286,1,12.00000015,Lower Delivery,Loading,pitch.0,333871,-0.2872,-0.6417,0.599,-0.0818,-0.0151,-0.0132,0.0,0.0
1779816505286,1,12.00000018,Upper Delivery,Loading,pitch.0,334426,1.1078,0.7566,0.4029,1.3868,-1.1981,1.5472,0.0,0.0
1779816505286,1,Pitching Mound.Delivery,,Loading,pitch.0,333635,0.8206,0.1149,1.0019,1.3717,-1.2132,2.0083,0.0,0.0
1779816505286,1,Pitching Mound.Drive,,Loading,pitch.0,334144,-0.6739,2.8595,37.5947,28.3103,23.6788,-2.2711,-0.0669,0.0799
1779816505286,1,Pitching Mound.Parent,,Loading,pitch.0,333343,0.1467,2.9744,38.5966,29.682,22.4656,-0.2628,-0.0651,0.0796
1779816505287,1,11.0000004b,Drive,Loading,pitch.0,334145,-0.6938,2.8899,37.6814,28.4226,23.6467,-2.2896,-0.0666,0.0801
1779816505287,1,12.00000015,Lower Delivery,Loading,pitch.0,333872,-0.2752,-0.6913,0.6766,-0.0889,-0.0127,-0.0088,0.0,0.0
1779816505287,1,12.00000018,Upper Delivery,Loading,pitch.0,334427,1.0961,0.7497,0.3317,1.339,-1.1917,1.5788,0.0,0.0
1779816505287,1,Pitching Mound.Delivery,,Loading,pitch.0,333636,0.8209,0.0585,1.0083,1.3674,-1.2044,2.0362,0.0,0.0
1779816505287,1,Pitching Mound.Drive,,Loading,pitch.0,334145,-0.6938,2.8899,37.6814,28.4226,23.6467,-2.2896,-0.0666,0.0801
1779816505287,1,Pitching Mound.Parent,,Loading,pitch.0,333344,0.1271,2.9484,38.6897,29.79,22.4423,-0.2533,-0.0649,0.081
1779816505288,1,11.0000004b,Drive,Loading,pitch.0,334146,-0.6979,2.9321,37.7244,28.5327,23.7453,-2.3257,-0.0668,0.0803
1779816505288,1,12.00000015,Lower Delivery,Loading,pitch.0,333873,-0.2919,-0.706,0.738,-0.0844,-0.0119,0.0155,0.0,0.0
1779816505288,1,12.00000018,Upper Delivery,Loading,pitch.0,334428,1.0761,0.7364,0.3639,1.3477,-1.024,1.5693,0.0,0.0
1779816505288,1,Pitching Mound.Delivery,,Loading,pitch.0,333637,0.7841,0.0304,1.1019,1.3905,-1.0359,2.0498,0.0,0.0
1779816505288,1,Pitching Mound.Drive,,Loading,pitch.0,334146,-0.6979,2.9321,37.7244,28.5327,23.7453,-2.3257,-0.0668,0.0803
1779816505288,1,Pitching Mound.Parent,,Loading,pitch.0,333345,0.0863,2.9625,38.8263,29.9232,22.7094,-0.2759,-0.0649,0.0813
1779816505289,1,11.0000004b,Drive,Loading,pitch.0,334147,-0.6928,2.9667,37.9087,28.5822,23.959,-2.3643,-0.0671,0.08
1779816505289,1,12.00000015,Lower Delivery,Loading,pitch.0,333874,-0.2978,-0.7182,0.7219,-0.0818,-0.0071,0.0016,0.0,0.0
1779816505289,1,12.00000018,Upper Delivery,Loading,pitch.0,334429,1.1176,0.7729,0.3454,1.3157,-0.8668,1.6242,0.0,0.0
1779816505289,1,Pitching Mound.Delivery,,Loading,pitch.0,333638,0.8197,0.0547,1.0673,1.3619,-0.8739,2.1071,0.0,0.0
1779816505289,1,Pitching Mound.Drive,,Loading,pitch.0,334147,-0.6928,2.9667,37.9087,28.5822,23.959,-2.3643,-0.0671,0.08
1779816505289,1,Pitching Mound.Parent,,Loading,pitch.0,333346,0.1269,3.0214,38.976,29.9441,23.0851,-0.2573,-0.0653,0.0811
1779816505290,1,11.0000004b,Drive,Loading,pitch.0,334148,-0.7097,2.9869,38.1226,28.7056,23.8833,-2.4064,-0.0665,0.0799
1779816505290,1,12.00000015,Lower Delivery,Loading,pitch.0,333875,-0.2876,-0.7406,0.7951,-0.0854,-0.0091,0.0143,0.0,0.0
1779816505290,1,12.00000018,Upper Delivery,Loading,pitch.0,334430,1.1286,0.7881,0.3259,1.3089,-0.6153,1.6444,0.0,0.0
1779816505290,1,Pitching Mound.Delivery,,Loading,pitch.0,333639,0.841,0.0475,1.121,1.3831,-0.6244,2.1403,0.0,0.0
1779816505290,1,Pitching Mound.Drive,,Loading,pitch.0,334148,-0.7097,2.9869,38.1226,28.7056,23.8833,-2.4064,-0.0665,0.0799
1779816505290,1,Pitching Mound.Parent,,Loading,pitch.0,333347,0.1313,3.0344,39.2435,30.0886,23.2589,-0.2661,-0.0646,0.0817
1779816505291,1,11.0000004b,Drive,Loading,pitch.0,334149,-0.7254,3.0283,38.3509,28.879,24.1344,-2.4549,-0.0668,0.0799
1779816505291,1,12.00000015,Lower Delivery,Loading,pitch.0,333876,-0.2739,-0.7405,0.8655,-0.0792,-0.0085,0.0442,0.0,0.0
1779816505291,1,12.00000018,Upper Delivery,Loading,pitch.0,334431,1.1315,0.8207,0.3467,1.233,-0.5125,1.6444,0.0,0.0
1779816505291,1,Pitching Mound.Delivery,,Loading,pitch.0,333640,0.8576,0.0802,1.2122,1.3302,-0.521,2.1664,0.0,0.0
1779816505291,1,Pitching Mound.Drive,,Loading,pitch.0,334149,-0.7254,3.0283,38.3509,28.879,24.1344,-2.4549,-0.0668,0.0799
1779816505291,1,Pitching Mound.Parent,,Loading,pitch.0,333348,0.1322,3.1085,39.5631,30.2092,23.6134,-0.2885,-0.0648,0.082
1779816505292,1,11.0000004b,Drive,Loading,pitch.0,334150,-0.7317,3.0633,38.5231,29.002,24.1992,-2.4752,-0.0667,0.0799
1779816505292,1,12.00000015,Lower Delivery,Loading,pitch.0,333877,-0.2974,-0.7588,0.8876,-0.0734,-0.0023,0.0188,0.0,0.0
1779816505292,1,12.00000018,Upper Delivery,Loading,pitch.0,334432,1.1467,0.8567,0.3753,1.063,-0.3777,1.5801,0.0,0.0
1779816505292,1,Pitching Mound.Delivery,,Loading,pitch.0,333641,0.8493,0.0979,1.2628,1.1638,-0.3801,2.0899,0.0,0.0
1779816505292,1,Pitching Mound.Drive,,Loading,pitch.0,334150,-0.7317,3.0633,38.5231,29.002,24.1992,-2.4752,-0.0667,0.0799
1779816505292,1,Pitching Mound.Parent,,Loading,pitch.0,333349,0.1176,3.1612,39.7859,30.1657,23.8191,-0.3854,-0.0646,0.0818
1779816505293,1,11.0000004b,Drive,Loading,pitch.0,334151,-0.7494,3.0985,38.728,29.1483,24.4845,-2.5498,-0.0671,0.0799
1779816505293,1,12.00000015,Lower Delivery,Loading,pitch.0,333878,-0.2915,-0.7366,0.8599,-0.0617,-0.0008,0.0791,0.0,0.0
1779816505293,1,12.00000018,Upper Delivery,Loading,pitch.0,334433,1.1352,0.8964,0.3927,1.077,-0.3263,1.6108,0.0,0.0
1779816505293,1,Pitching Mound.Delivery,,Loading,pitch.0,333642,0.8437,0.1598,1.2526,1.1742,-0.3272,2.1749,0.0,0.0
1779816505293,1,Pitching Mound.Drive,,Loading,pitch.0,334151,-0.7494,3.0985,38.728,29.1483,24.4845,-2.5498,-0.0671,0.0799
1779816505293,1,Pitching Mound.Parent,,Loading,pitch.0,333350,0.0943,3.2583,39.9806,30.3224,24.1573,-0.3749,-0.065,0.0814
1779816505294,1,11.0000004b,Drive,Loading,pitch.0,334152,-0.7566,3.1273,38.8672,29.209,24.5866,-2.6065,-0.0672,0.0798
1779816505294,1,12.00000015,Lower Delivery,Loading,pitch.0,333879,-0.2834,-0.7293,0.8222,-0.0715,-0.0102,0.0189,0.0,0.0
1779816505294,1,12.00000018,Upper Delivery,Loading,pitch.0,334434,1.1416,0.8655,0.3774,1.1066,-0.31,1.6525,0.0,0.0
1779816505294,1,Pitching Mound.Delivery,,Loading,pitch.0,333643,0.8582,0.1362,1.1997,1.1863,-0.3201,2.1559,0.0,0.0
1779816505294,1,Pitching Mound.Drive,,Loading,pitch.0,334152,-0.7566,3.1273,38.8672,29.209,24.5866,-2.6065,-0.0672,0.0798
1779816505294,1,Pitching Mound.Parent,,Loading,pitch.0,333351,0.1016,3.2635,40.0668,30.3953,24.2665,-0.4506,-0.0651,0.0812
1779816505295,1,11.0000004b,Drive,Loading,pitch.0,334153,-0.757,3.1505,39.1024,29.3457,24.7382,-2.6358,-0.0672,0.0797
1779816505295,1,12.00000015,Lower Delivery,Loading,pitch.0,333880,-0.2795,-0.7347,0.8232,-0.0669,-0.0045,0.0102,0.0,0.0
1779816505295,1,12.00000018,Upper Delivery,Loading,pitch.0,334435,1.1348,0.8611,0.3602,1.0349,-0.1365,1.6988,0.0,0.0
1779816505295,1,Pitching Mound.Delivery,,Loading,pitch.0,333644,0.8553,0.1264,1.1834,1.1255,-0.1409,2.1899,0.0,0.0
1779816505295,1,Pitching Mound.Drive,,Loading,pitch.0,334153,-0.757,3.1505,39.1024,29.3457,24.7382,-2.6358,-0.0672,0.0797
1779816505295,1,Pitching Mound.Parent,,Loading,pitch.0,333352,0.0983,3.2769,40.2858,30.4712,24.5973,-0.4459,-0.0652,0.0812
1779816505296,1,11.0000004b,Drive,Loading,pitch.0,334154,-0.7588,3.1679,39.5003,29.531,25.0367,-2.6905,-0.0673,0.0794
1779816505296,1,12.00000015,Lower Delivery,Loading,pitch.0,333881,-0.288,-0.7212,0.841,-0.066,-0.0086,0.0197,0.0,0.0
1779816505296,1,12.00000018,Upper Delivery,Loading,pitch.0,334436,1.1269,0.8634,0.3915,1.2103,-0.2929,1.7372,0.0,0.0
1779816505296,1,Pitching Mound.Delivery,,Loading,pitch.0,333645,0.8389,0.1422,1.2325,1.2972,-0.3015,2.2379,0.0,0.0
1779816505296,1,Pitching Mound.Drive,,Loading,pitch.0,334154,-0.7588,3.1679,39.5003,29.531,25.0367,-2.6905,-0.0673,0.0794
1779816505296,1,Pitching Mound.Parent,,Loading,pitch.0,333353,0.0801,3.3101,40.7328,30.8282,24.7352,-0.4526,-0.0653,0.0807
1779816505297,1,11.0000004b,Drive,Loading,pitch.0,334155,-0.782,3.2025,39.7273,29.5697,25.036,-2.7276,-0.0669,0.079
1779816505297,1,12.00000015,Lower Delivery,Loading,pitch.0,333882,-0.2878,-0.7134,0.7891,-0.0684,-0.008,0.0091,0.0,0.0
1779816505297,1,12.00000018,Upper Delivery,Loading,pitch.0,334437,1.116,0.8484,0.3568,1.2114,-0.3438,1.7113,0.0,0.0
1779816505297,1,Pitching Mound.Delivery,,Loading,pitch.0,333646,0.8282,0.1351,1.1459,1.2899,-0.3518,2.1978,0.0,0.0
1779816505297,1,Pitching Mound.Drive,,Loading,pitch.0,334155,-0.782,3.2025,39.7273,29.5697,25.036,-2.7276,-0.0669,0.079
1779816505297,1,Pitching Mound.Parent,,Loading,pitch.0,333354,0.0462,3.3376,40.8732,30.8596,24.6843,-0.5299,-0.065,0.0804
1779816505298,1,11.0000004b,Drive,Loading,pitch.0,334156,-0.7823,3.2238,39.9044,29.6795,25.0632,-2.7621,-0.0667,0.079
1779816505298,1,12.00000015,Lower Delivery,Loading,pitch.0,333883,-0.2817,-0.7194,0.7751,-0.0659,0.0014,0.0047,0.0,0.0
1779816505298,1,12.00000018,Upper Delivery,Loading,pitch.0,334438,1.1025,0.8891,0.4185,1.1592,-0.4359,1.6714,0.0,0.0
1779816505298,1,Pitching Mound.Delivery,,Loading,pitch.0,333647,0.8208,0.1697,1.1936,1.2145,-0.4345,2.1467,0.0,0.0
1779816505298,1,Pitching Mound.Drive,,Loading,pitch.0,334156,-0.7823,3.2238,39.9044,29.6795,25.0632,-2.7621,-0.0667,0.079
1779816505298,1,Pitching Mound.Parent,,Loading,pitch.0,333355,0.0385,3.3934,41.098,30.894,24.6287,-0.6155,-0.0647,0.0796
1779816505299,1,11.0000004b,Drive,Loading,pitch.0,334157,-0.7908,3.2505,40.3079,29.8089,25.3612,-2.822,-0.0668,0.0785
1779816505299,1,12.00000015,Lower Delivery,Loading,pitch.0,333884,-0.2737,-0.7114,0.737,-0.0741,-0.0028,-0.0047,0.0,0.0
1779816505299,1,12.00000018,Upper Delivery,Loading,pitch.0,334439,1.0623,0.858,0.3804,1.0426,-0.3414,1.6793,0.0,0.0
1779816505299,1,Pitching Mound.Delivery,,Loading,pitch.0,333648,0.7887,0.1467,1.1174,1.0897,-0.3441,2.1289,0.0,0.0
1779816505299,1,Pitching Mound.Drive,,Loading,pitch.0,334157,-0.7908,3.2505,40.3079,29.8089,25.3612,-2.822,-0.0668,0.0785
1779816505299,1,Pitching Mound.Parent,,Loading,pitch.0,333356,-0.0021,3.3972,41.4253,30.8986,25.017,-0.6931,-0.065,0.0793
1779816505300,1,11.0000004b,Drive,Loading,pitch.0,334158,-0.8087,3.2744,40.3996,29.929,25.3158,-2.8586,-0.0665,0.0786
1779816505300,1,12.00000015,Lower Delivery,Loading,pitch.0,333885,-0.2829,-0.7329,0.7172,-0.0686,-0.0058,0.0107,0.0,0.0
1779816505300,1,12.00000018,Upper Delivery,Loading,pitch.0,334440,1.0338,0.8546,0.4158,0.9359,-0.2406,1.6513,0.0,0.0
1779816505300,1,Pitching Mound.Delivery,,Loading,pitch.0,333649,0.751,0.1217,1.133,0.9698,-0.2463,2.1097,0.0,0.0
1779816505300,1,Pitching Mound.Drive,,Loading,pitch.0,334158,-0.8087,3.2744,40.3996,29.929,25.3158,-2.8586,-0.0665,0.0786
1779816505300,1,Pitching Mound.Parent,,Loading,pitch.0,333357,-0.0577,3.3961,41.5326,30.8988,25.0695,-0.7489,-0.0647,0.079
1779816505301,1,11.0000004b,Drive,Loading,pitch.0,334159,-0.8284,3.3144,40.7121,30.1162,25.6556,-2.8975,-0.0669,0.0785
1779816505301,1,12.00000015,Lower Delivery,Loading,pitch.0,333886,-0.2717,-0.7233,0.7142,-0.073,-0.0063,0.0023,0.0,0.0
1779816505301,1,12.00000018,Upper Delivery,Loading,pitch.0,334441,1.0328,0.8705,0.4487,0.9373,-0.248,1.6512,0.0,0.0
1779816505301,1,Pitching Mound.Delivery,,Loading,pitch.0,333650,0.7611,0.1472,1.1628,0.9546,-0.2543,2.097,0.0,0.0
1779816505301,1,Pitching Mound.Drive,,Loading,pitch.0,334159,-0.8284,3.3144,40.7121,30.1162,25.6556,-2.8975,-0.0669,0.0785
1779816505301,1,Pitching Mound.Parent,,Loading,pitch.0,333358,-0.0674,3.4616,41.875,31.0709,25.4013,-0.8005,-0.065,0.0785
1779816505302,1,11.0000004b,Drive,Loading,pitch.0,334160,-0.8181,3.3559,41.0214,30.2203,25.8825,-2.9299,-0.067,0.0782
1779816505302,1,12.00000015,Lower Delivery,Loading,pitch.0,333887,-0.2774,-0.717,0.6732,-0.0646,-0.0022,0.0194,0.0,0.0
1779816505302,1,12.00000018,Upper Delivery,Loading,pitch.0,334442,0.9946,0.8634,0.4016,1.0637,-0.4022,1.6411,0.0,0.0
1779816505302,1,Pitching Mound.Delivery,,Loading,pitch.0,333651,0.7171,0.1464,1.0748,1.0914,-0.4044,2.093,0.0,0.0
1779816505302,1,Pitching Mound.Drive,,Loading,pitch.0,334160,-0.8181,3.3559,41.0214,30.2203,25.8825,-2.9299,-0.067,0.0782
1779816505302,1,Pitching Mound.Parent,,Loading,pitch.0,333359,-0.101,3.5024,42.0962,31.3117,25.4781,-0.8369,-0.0653,0.0784
1779816505303,1,11.0000004b,Drive,Loading,pitch.0,334161,-0.823,3.3741,41.3054,30.3422,25.9672,-2.9426,-0.0667,0.078
1779816505303,1,12.00000015,Lower Delivery,Loading,pitch.0,333888,-0.2929,-0.7331,0.7542,-0.0598,0.0048,0.0106,0.0,0.0
1779816505303,1,12.00000018,Upper Delivery,Loading,pitch.0,334443,1.0035,0.813,0.424,1.16,-0.6235,1.6758,0.0,0.0
1779816505303,1,Pitching Mound.Delivery,,Loading,pitch.0,333652,0.7106,0.0799,1.1782,1.2125,-0.6187,2.1272,0.0,0.0
1779816505303,1,Pitching Mound.Drive,,Loading,pitch.0,334161,-0.823,3.3741,41.3054,30.3422,25.9672,-2.9426,-0.0667,0.078
1779816505303,1,Pitching Mound.Parent,,Loading,pitch.0,333360,-0.1124,3.454,42.4836,31.5547,25.3485,-0.8155,-0.0649,0.0785
1779816505304,1,11.0000004b,Drive,Loading,pitch.0,334162,-0.8299,3.4195,41.5338,30.5059,26.083,-2.9974,-0.0667,0.078
1779816505304,1,12.00000015,Lower Delivery,Loading,pitch.0,333889,-0.2891,-0.7121,0.7249,-0.0578,0.0078,0.01,0.0,0.0
1779816505304,1,12.00000018,Upper Delivery,Loading,pitch.0,334444,1.0102,0.7877,0.4071,1.0967,-0.4205,1.6332,0.0,0.0
1779816505304,1,Pitching Mound.Delivery,,Loading,pitch.0,333653,0.721,0.0757,1.132,1.1469,-0.4128,2.085,0.0,0.0
1779816505304,1,Pitching Mound.Drive,,Loading,pitch.0,334162,-0.8299,3.4195,41.5338,30.5059,26.083,-2.9974,-0.0667,0.078
1779816505304,1,Pitching Mound.Parent,,Loading,pitch.0,333361,-0.1089,3.4952,42.6658,31.6528,25.6703,-0.9124,-0.0649,0.0784
1779816505305,1,11.0000004b,Drive,Loading,pitch.0,334163,-0.8374,3.4631,41.945,30.7564,26.5294,-3.0135,-0.0671,0.0778
1779816505305,1,12.00000015,Lower Delivery,Loading,pitch.0,333890,-0.2765,-0.7181,0.803,-0.0503,0.007,0.0446,0.0,0.0
1779816505305,1,12.00000018,Upper Delivery,Loading,pitch.0,334445,1.0211,0.7945,0.4661,1.106,-0.4788,1.6173,0.0,0.0
1779816505305,1,Pitching Mound.Delivery,,Loading,pitch.0,333654,0.7446,0.0764,1.2691,1.1703,-0.4719,2.1031,0.0,0.0
1779816505305,1,Pitching Mound.Drive,,Loading,pitch.0,334163,-0.8374,3.4631,41.945,30.7564,26.5294,-3.0135,-0.0671,0.0778
1779816505305,1,Pitching Mound.Parent,,Loading,pitch.0,333362,-0.0928,3.5395,43.2141,31.9267,26.0575,-0.9104,-0.0652,0.0782
1779816505306,1,11.0000004b,Drive,Loading,pitch.0,334164,-0.85,3.4939,42.1331,30.8734,26.5527,-3.0598,-0.0669,0.0778
1779816505306,1,12.00000015,Lower Delivery,Loading,pitch.0,333891,-0.2837,-0.7264,0.8303,-0.0485,0.0111,0.0172,0.0,0.0
1779816505306,1,12.00000018,Upper Delivery,Loading,pitch.0,334446,0.9948,0.7607,0.5216,1.0907,-0.5127,1.657,0.0,0.0
1779816505306,1,Pitching Mound.Delivery,,Loading,pitch.0,333655,0.7111,0.0343,1.352,1.1472,-0.5016,2.1089,0.0,0.0
1779816505306,1,Pitching Mound.Drive,,Loading,pitch.0,334164,-0.85,3.4939,42.1331,30.8734,26.5527,-3.0598,-0.0669,0.0778
1779816505306,1,Pitching Mound.Parent,,Loading,pitch.0,333363,-0.1389,3.5282,43.485,32.0206,26.0511,-0.9509,-0.0648,0.0778
1779816505307,1,11.0000004b,Drive,Loading,pitch.0,334165,-0.8627,3.5477,42.4266,31.0655,26.7356,-3.123,-0.0669,0.0777
1779816505307,1,12.00000015,Lower Delivery,Loading,pitch.0,333892,-0.2573,-0.7384,0.8782,-0.0506,0.013,0.0325,0.0,0.0
1779816505307,1,12.00000018,Upper Delivery,Loading,pitch.0,334447,1.0117,0.7461,0.5267,0.9752,-0.5449,1.6763,0.0,0.0
1779816505307,1,Pitching Mound.Delivery,,Loading,pitch.0,333656,0.7544,0.0078,1.4049,1.0441,-0.5319,2.1403,0.0,0.0
1779816505307,1,Pitching Mound.Drive,,Loading,pitch.0,334165,-0.8627,3.5477,42.4266,31.0655,26.7356,-3.123,-0.0669,0.0777
1779816505307,1,Pitching Mound.Parent,,Loading,pitch.0,333364,-0.1083,3.5555,43.8316,32.1096,26.2038,-0.9827,-0.0648,0.078
1779816505308,1,11.0000004b,Drive,Loading,pitch.0,334166,-0.8689,3.5913,42.7366,31.2196,26.8082,-3.2049,-0.0666,0.0776
1779816505308,1,12.00000015,Lower Delivery,Loading,pitch.0,333893,-0.2625,-0.7187,0.8245,-0.0557,0.0099,-0.0042,0.0,0.0
1779816505308,1,12.00000018,Upper Delivery,Loading,pitch.0,334448,1.0165,0.756,0.5773,0.8906,-0.509,1.6891,0.0,0.0
1779816505308,1,Pitching Mound.Delivery,,Loading,pitch.0,333657,0.754,0.0373,1.4018,0.919,-0.4991,2.1198,0.0,0.0
1779816505308,1,Pitching Mound.Drive,,Loading,pitch.0,334166,-0.8689,3.5913,42.7366,31.2196,26.8082,-3.2049,-0.0666,0.0776
1779816505308,1,Pitching Mound.Parent,,Loading,pitch.0,333365,-0.1149,3.6287,44.1383,32.1386,26.3091,-1.0851,-0.0645,0.077
1779816505309,1,11.0000004b,Drive,Loading,pitch.0,334167,-0.875,3.6342,43.1418,31.4996,27.0799,-3.286,-0.0666,0.0775
1779816505309,1,12.00000015,Lower Delivery,Loading,pitch.0,333894,-0.2621,-0.7253,0.8486,-0.0685,-0.0089,-0.0071,0.0,0.0
1779816505309,1,12.00000018,Upper Delivery,Loading,pitch.0,334449,1.0217,0.7419,0.5951,0.9125,-0.1464,1.678,0.0,0.0
1779816505309,1,Pitching Mound.Delivery,,Loading,pitch.0,333658,0.7596,0.0167,1.4437,0.9302,-0.1553,2.1074,0.0,0.0
1779816505309,1,Pitching Mound.Drive,,Loading,pitch.0,334167,-0.875,3.6342,43.1418,31.4996,27.0799,-3.286,-0.0666,0.0775
1779816505309,1,Pitching Mound.Parent,,Loading,pitch.0,333366,-0.1153,3.6508,44.5855,32.4298,26.9246,-1.1786,-0.0645,0.0769
1779816505310,1,11.0000004b,Drive,Loading,pitch.0,334168,-0.8845,3.6879,43.3913,31.7504,27.1984,-3.3443,-0.0665,0.0777
1779816505310,1,12.00000015,Lower Delivery,Loading,pitch.0,333895,-0.2809,-0.6916,0.7517,-0.0719,-0.0013,-0.0119,0.0,0.0
1779816505310,1,12.00000018,Upper Delivery,Loading,pitch.0,334450,1.0343,0.7567,0.6007,0.9729,-0.1493,1.6959,0.0,0.0
1779816505310,1,Pitching Mound.Delivery,,Loading,pitch.0,333659,0.7534,0.0652,1.3523,0.9523,-0.1506,2.1312,0.0,0.0
1779816505310,1,Pitching Mound.Drive,,Loading,pitch.0,334168,-0.8845,3.6879,43.3913,31.7504,27.1984,-3.3443,-0.0665,0.0777
1779816505310,1,Pitching Mound.Parent,,Loading,pitch.0,333367,-0.1311,3.7531,44.7436,32.7027,27.0478,-1.2131,-0.0645,0.0765
1779816505311,1,11.0000004b,Drive,Loading,pitch.0,334169,-0.8913,3.7462,43.6846,32.0862,27.4135,-3.4117,-0.0666,0.078
1779816505311,1,12.00000015,Lower Delivery,Loading,pitch.0,333896,-0.2534,-0.6837,0.753,-0.0843,-0.0122,-0.0029,0.0,0.0
1779816505311,1,12.00000018,Upper Delivery,Loading,pitch.0,334451,1.0581,0.7609,0.5488,0.9564,-0.0833,1.6607,0.0,0.0
1779816505311,1,Pitching Mound.Delivery,,Loading,pitch.0,333660,0.8048,0.0772,1.3018,0.9415,-0.0955,2.1037,0.0,0.0
1779816505311,1,Pitching Mound.Drive,,Loading,pitch.0,334169,-0.8913,3.7462,43.6846,32.0862,27.4135,-3.4117,-0.0666,0.078
1779816505311,1,Pitching Mound.Parent,,Loading,pitch.0,333368,-0.0866,3.8234,44.9864,33.0276,27.318,-1.308,-0.0647,0.0773
1779816505312,1,11.0000004b,Drive,Loading,pitch.0,334170,-0.9104,3.7931,43.9089,32.3302,27.5665,-3.4433,-0.0667,0.0782
1779816505312,1,12.00000015,Lower Delivery,Loading,pitch.0,333897,-0.2529,-0.6758,0.6807,-0.0913,-0.0078,-0.0083,0.0,0.0
1779816505312,1,12.00000018,Upper Delivery,Loading,pitch.0,334452,1.0824,0.7964,0.5336,1.0037,-0.2375,1.6315,0.0,0.0
1779816505312,1,Pitching Mound.Delivery,,Loading,pitch.0,333661,0.8295,0.1206,1.2143,0.9624,-0.2453,2.0772,0.0,0.0
1779816505312,1,Pitching Mound.Drive,,Loading,pitch.0,334170,-0.9104,3.7931,43.9089,32.3302,27.5665,-3.4433,-0.0667,0.0782
1779816505312,1,Pitching Mound.Parent,,Loading,pitch.0,333369,-0.0809,3.9136,45.1232,33.2926,27.3212,-1.3661,-0.0649,0.0772
1779816505313,1,11.0000004b,Drive,Loading,pitch.0,334171,-0.938,3.8427,44.2273,32.5883,27.7366,-3.51,-0.0666,0.0782
1779816505313,1,12.00000015,Lower Delivery,Loading,pitch.0,333898,-0.2724,-0.6828,0.7111,-0.0916,0.0046,0.0031,0.0,0.0
1779816505313,1,12.00000018,Upper Delivery,Loading,pitch.0,334453,1.0998,0.8046,0.5169,1.0362,-0.1519,1.5983,0.0,0.0
1779816505313,1,Pitching Mound.Delivery,,Loading,pitch.0,333662,0.8275,0.1217,1.228,1.0106,-0.1473,2.0679,0.0,0.0
1779816505313,1,Pitching Mound.Drive,,Loading,pitch.0,334171,-0.938,3.8427,44.2273,32.5883,27.7366,-3.51,-0.0666,0.0782
1779816505313,1,Pitching Mound.Parent,,Loading,pitch.0,333370,-0.1105,3.9644,45.4553,33.5989,27.5892,-1.4421,-0.0648,0.0776
1779816505314,1,11.0000004b,Drive,Loading,pitch.0,334172,-0.9408,3.9041,44.5552,32.9066,28.0517,-3.5812,-0.0668,0.0784
1779816505314,1,12.00000015,Lower Delivery,Loading,pitch.0,333899,-0.2629,-0.7097,0.7314,-0.0876,0.0094,0.002,0.0,0.0
1779816505314,1,12.00000018,Upper Delivery,Loading,pitch.0,334454,1.1202,0.8228,0.4724,1.0723,-0.1957,1.5954,0.0,0.0
1779816505314,1,Pitching Mound.Delivery,,Loading,pitch.0,333663,0.8572,0.113,1.2039,1.0727,-0.1864,2.0676,0.0,0.0
1779816505314,1,Pitching Mound.Drive,,Loading,pitch.0,334172,-0.9408,3.9041,44.5552,32.9066,28.0517,-3.5812,-0.0668,0.0784
1779816505314,1,Pitching Mound.Parent,,Loading,pitch.0,333371,-0.0836,4.0172,45.7591,33.9793,27.8653,-1.5136,-0.0651,0.0783
1779816505315,1,11.0000004b,Drive,Loading,pitch.0,334173,-0.9577,3.9524,44.9176,33.1543,28.1288,-3.64,-0.0665,0.0784
1779816505315,1,12.00000015,Lower Delivery,Loading,pitch.0,333900,-0.265,-0.7042,0.6958,-0.0911,0.0087,0.0088,0.0,0.0
1779816505315,1,12.00000018,Upper Delivery,Loading,pitch.0,334455,1.1343,0.8027,0.4575,1.0117,-0.3822,1.5759,0.0,0.0
1779816505315,1,Pitching Mound.Delivery,,Loading,pitch.0,333664,0.8693,0.0985,1.1533,1.0016,-0.3736,2.0604,0.0,0.0
1779816505315,1,Pitching Mound.Drive,,Loading,pitch.0,334173,-0.9577,3.9524,44.9176,33.1543,28.1288,-3.64,-0.0665,0.0784
1779816505315,1,Pitching Mound.Parent,,Loading,pitch.0,333372,-0.0884,4.051,46.071,34.1559,27.7552,-1.5796,-0.0648,0.0782
1779816505316,1,11.0000004b,Drive,Loading,pitch.0,334174,-0.972,3.9988,45.2762,33.3876,28.3194,-3.6741,-0.0664,0.0783
1779816505316,1,12.00000015,Lower Delivery,Loading,pitch.0,333901,-0.2751,-0.7052,0.7106,-0.0875,0.0093,0.0117,0.0,0.0
1779816505316,1,12.00000018,Upper Delivery,Loading,pitch.0,334456,1.1375,0.8183,0.4387,1.0894,-0.4181,1.5151,0.0,0.0
1779816505316,1,Pitching Mound.Delivery,,Loading,pitch.0,333665,0.8623,0.1131,1.1493,1.0944,-0.4088,2.0072,0.0,0.0
1779816505316,1,Pitching Mound.Drive,,Loading,pitch.0,334174,-0.972,3.9988,45.2762,33.3876,28.3194,-3.6741,-0.0664,0.0783
1779816505316,1,Pitching Mound.Parent,,Loading,pitch.0,333373,-0.1097,4.1119,46.4256,34.4819,27.9106,-1.6669,-0.0648,0.0783
1779816505317,1,11.0000004b,Drive,Loading,pitch.0,334175,-0.9905,4.061,45.7135,33.6133,28.5734,-3.7247,-0.0664,0.0781
1779816505317,1,12.00000015,Lower Delivery,Loading,pitch.0,333902,-0.2763,-0.7225,0.7167,-0.0887,0.0109,0.0246,0.0,0.0
1779816505317,1,12.00000018,Upper Delivery,Loading,pitch.0,334457,1.1248,0.7919,0.3938,1.1814,-0.6154,1.5692,0.0,0.0
1779816505317,1,Pitching Mound.Delivery,,Loading,pitch.0,333666,0.8485,0.0694,1.1105,1.2025,-0.6045,2.0701,0.0,0.0
1779816505317,1,Pitching Mound.Drive,,Loading,pitch.0,334175,-0.9905,4.061,45.7135,33.6133,28.5734,-3.7247,-0.0664,0.0781
1779816505317,1,Pitching Mound.Parent,,Loading,pitch.0,333374,-0.142,4.1305,46.824,34.8158,27.9689,-1.6546,-0.0648,0.0786
1779816505318,1,11.0000004b,Drive,Loading,pitch.0,334176,-1.0049,4.1274,46.2291,33.8859,28.7571,-3.7604,-0.066,0.0778
1779816505318,1,12.00000015,Lower Delivery,Loading,pitch.0,333903,-0.3029,-0.7182,0.6757,-0.0858,0.0065,0.0124,0.0,0.0
1779816505318,1,12.00000018,Upper Delivery,Loading,pitch.0,334458,1.1169,0.7688,0.4469,1.1638,-0.8618,1.5555,0.0,0.0
1779816505318,1,Pitching Mound.Delivery,,Loading,pitch.0,333667,0.8141,0.0506,1.1225,1.1558,-0.8553,2.0506,0.0,0.0
1779816505318,1,Pitching Mound.Drive,,Loading,pitch.0,334176,-1.0049,4.1274,46.2291,33.8859,28.7571,-3.7604,-0.066,0.0778
1779816505318,1,Pitching Mound.Parent,,Loading,pitch.0,333375,-0.1909,4.1781,47.3516,35.0417,27.9018,-1.7098,-0.0645,0.0776
1779816505319,1,11.0000004b,Drive,Loading,pitch.0,334177,-1.0318,4.1782,46.6511,34.1228,28.9534,-3.7982,-0.0659,0.0777
1779816505319,1,12.00000015,Lower Delivery,Loading,pitch.0,333904,-0.2822,-0.7289,0.7096,-0.0861,0.007,0.0257,0.0,0.0
1779816505319,1,12.00000018,Upper Delivery,Loading,pitch.0,334459,1.1405,0.8102,0.373,1.1752,-0.7941,1.5133,0.0,0.0
1779816505319,1,Pitching Mound.Delivery,,Loading,pitch.0,333668,0.8583,0.0813,1.0826,1.2036,-0.7871,2.0228,0.0,0.0
1779816505319,1,Pitching Mound.Drive,,Loading,pitch.0,334177,-1.0318,4.1782,46.6511,34.1228,28.9534,-3.7982,-0.0659,0.0777
1779816505319,1,Pitching Mound.Parent,,Loading,pitch.0,333376,-0.1735,4.2595,47.7338,35.3263,28.1664,-1.7755,-0.0644,0.0783
1779816505320,1,11.0000004b,Drive,Loading,pitch.0,334178,-1.0601,4.2378,47.1199,34.3949,29.2391,-3.8461,-0.0659,0.0775
1779816505320,1,12.00000015,Lower Delivery,Loading,pitch.0,333905,-0.2954,-0.7538,0.8061,-0.0734,0.0076,0.0706,0.0,0.0
1779816505320,1,12.00000018,Upper Delivery,Loading,pitch.0,334460,1.1777,0.845,0.3393,1.204,-0.8916,1.5242,0.0,0.0
1779816505320,1,Pitching Mound.Delivery,,Loading,pitch.0,333669,0.8823,0.0912,1.1454,1.2893,-0.884,2.0957,0.0,0.0
1779816505320,1,Pitching Mound.Drive,,Loading,pitch.0,334178,-1.0601,4.2378,47.1199,34.3949,29.2391,-3.8461,-0.0659,0.0775
1779816505320,1,Pitching Mound.Parent,,Loading,pitch.0,333377,-0.1779,4.329,48.2653,35.6843,28.3551,-1.7504,-0.0643,0.0789
1779816505321,1,11.0000004b,Drive,Loading,pitch.0,334179,-1.0849,4.2893,47.6814,34.6726,29.5473,-3.8673,-0.0658,0.0772
1779816505321,1,12.00000015,Lower Delivery,Loading,pitch.0,333906,-0.2943,-0.755,0.8196,-0.0719,-0.0002,0.0763,0.0,0.0
1779816505321,1,12.00000018,Upper Delivery,Loading,pitch.0,334461,1.1831,0.8619,0.3335,1.2172,-0.6589,1.558,0.0,0.0
1779816505321,1,Pitching Mound.Delivery,,Loading,pitch.0,333670,0.8888,0.107,1.1531,1.3106,-0.6591,2.1366,0.0,0.0
1779816505321,1,Pitching Mound.Drive,,Loading,pitch.0,334179,-1.0849,4.2893,47.6814,34.6726,29.5473,-3.8673,-0.0658,0.0772
1779816505321,1,Pitching Mound.Parent,,Loading,pitch.0,333378,-0.1961,4.3963,48.8344,35.9832,28.8882,-1.7307,-0.0642,0.0788
1779816505322,1,11.0000004b,Drive,Loading,pitch.0,334180,-1.108,4.3627,48.3079,35.034,29.7874,-3.9336,-0.0655,0.077
1779816505322,1,12.00000015,Lower Delivery,Loading,pitch.0,333907,-0.2971,-0.7736,0.8413,-0.0659,0.0037,0.0934,0.0,0.0
1779816505322,1,12.00000018,Upper Delivery,Loading,pitch.0,334462,1.1628,0.8349,0.3796,1.2578,-0.9241,1.5873,0.0,0.0
1779816505322,1,Pitching Mound.Delivery,,Loading,pitch.0,333671,0.8657,0.0613,1.2209,1.3489,-0.9203,2.177,0.0,0.0
1779816505322,1,Pitching Mound.Drive,,Loading,pitch.0,334180,-1.108,4.3627,48.3079,35.034,29.7874,-3.9336,-0.0655,0.077
1779816505322,1,Pitching Mound.Parent,,Loading,pitch.0,333379,-0.2423,4.424,49.5288,36.3829,28.867,-1.7566,-0.0638,0.0783
1779816505323,1,11.0000004b,Drive,Loading,pitch.0,334181,-1.1218,4.4204,48.7788,35.2527,30.0113,-4.0134,-0.0653,0.0767
1779816505323,1,12.00000015,Lower Delivery,Loading,pitch.0,333908,-0.2964,-0.7845,0.9017,-0.0549,0.0057,0.0965,0.0,0.0
1779816505323,1,12.00000018,Upper Delivery,Loading,pitch.0,334463,1.1466,0.7912,0.4093,1.2133,-0.9962,1.6289,0.0,0.0
1779816505323,1,Pitching Mound.Delivery,,Loading,pitch.0,333672,0.8502,0.0067,1.3111,1.3258,-0.9905,2.2159,0.0,0.0
1779816505323,1,Pitching Mound.Drive,,Loading,pitch.0,334181,-1.1218,4.4204,48.7788,35.2527,30.0113,-4.0134,-0.0653,0.0767
1779816505323,1,Pitching Mound.Parent,,Loading,pitch.0,333380,-0.2716,4.4272,50.0899,36.5786,29.0208,-1.7974,-0.0636,0.0781
1779816505324,1,11.0000004b,Drive,Loading,pitch.0,334182,-1.1396,4.48,49.3112,35.5457,30.2164,-4.0771,-0.0651,0.0765
1779816505324,1,12.00000015,Lower Delivery,Loading,pitch.0,333909,-0.2954,-0.7691,0.8666,-0.0544,-0.0029,0.0723,0.0,0.0
1779816505324,1,12.00000018,Upper Delivery,Loading,pitch.0,334464,1.1292,0.7956,0.401,1.2193,-1.0423,1.67,0.0,0.0
1779816505324,1,Pitching Mound.Delivery,,Loading,pitch.0,333673,0.8339,0.0266,1.2676,1.3232,-1.0452,2.2266,0.0,0.0
1779816505324,1,Pitching Mound.Drive,,Loading,pitch.0,334182,-1.1396,4.48,49.3112,35.5457,30.2164,-4.0771,-0.0651,0.0765
1779816505324,1,Pitching Mound.Parent,,Loading,pitch.0,333381,-0.3058,4.5065,50.5788,36.8689,29.1712,-1.8505,-0.0634,0.0777
1779816505325,1,11.0000004b,Drive,Loading,pitch.0,334183,-1.1754,4.5571,49.6984,35.7878,30.396,-4.1171,-0.0649,0.0764
1779816505325,1,12.00000015,Lower Delivery,Loading,pitch.0,333910,-0.2873,-0.7778,0.9083,-0.053,-0.0011,0.1027,0.0,0.0
1779816505325,1,12.00000018,Upper Delivery,Loading,pitch.0,334465,1.1333,0.795,0.4413,1.3129,-0.8095,1.7027,0.0,0.0
1779816505325,1,Pitching Mound.Delivery,,Loading,pitch.0,333674,0.846,0.0172,1.3496,1.4187,-0.8106,2.2884,0.0,0.0
1779816505325,1,Pitching Mound.Drive,,Loading,pitch.0,334183,-1.1754,4.5571,49.6984,35.7878,30.396,-4.1171,-0.0649,0.0764
1779816505325,1,Pitching Mound.Parent,,Loading,pitch.0,333382,-0.3294,4.5743,51.048,37.2065,29.5853,-1.8288,-0.0632,0.0775
1779816505326,1,11.0000004b,Drive,Loading,pitch.0,334184,-1.2269,4.6293,50.1742,36.1454,30.8718,-4.2104,-0.0653,0.0765
1779816505326,1,12.00000015,Lower Delivery,Loading,pitch.0,333911,-0.2876,-0.7884,0.9305,-0.0493,0.0072,0.0976,0.0,0.0
1779816505326,1,12.00000018,Upper Delivery,Loading,pitch.0,334466,1.1531,0.8272,0.4153,1.3305,-0.583,1.7468,0.0,0.0
1779816505326,1,Pitching Mound.Delivery,,Loading,pitch.0,333675,0.8655,0.0388,1.3457,1.4564,-0.5758,2.3342,0.0,0.0
1779816505326,1,Pitching Mound.Drive,,Loading,pitch.0,334184,-1.2269,4.6293,50.1742,36.1454,30.8718,-4.2104,-0.0653,0.0765
1779816505326,1,Pitching Mound.Parent,,Loading,pitch.0,333383,-0.3614,4.6682,51.5199,37.6018,30.2959,-1.8762,-0.0636,0.0779
1779816505327,1,11.0000004b,Drive,Loading,pitch.0,334185,-1.239,4.694,50.6957,36.4562,31.049,-4.2863,-0.065,0.0763
1779816505327,1,12.00000015,Lower Delivery,Loading,pitch.0,333912,-0.2857,-0.7744,0.8974,-0.0552,-0.0009,0.0791,0.0,0.0
1779816505327,1,12.00000018,Upper Delivery,Loading,pitch.0,334467,1.1213,0.7792,0.4457,1.4189,-0.5197,1.7366,0.0,0.0
1779816505327,1,Pitching Mound.Delivery,,Loading,pitch.0,333676,0.8356,0.0048,1.3431,1.5172,-0.5206,2.2941,0.0,0.0
1779816505327,1,Pitching Mound.Drive,,Loading,pitch.0,334185,-1.239,4.694,50.6957,36.4562,31.049,-4.2863,-0.065,0.0763
1779816505327,1,Pitching Mound.Parent,,Loading,pitch.0,333384,-0.4034,4.6988,52.0388,37.9734,30.5284,-1.9923,-0.0633,0.0773
1779816505328,1,11.0000004b,Drive,Loading,pitch.0,334186,-1.265,4.7596,51.1447,36.7986,31.3844,-4.3145,-0.0651,0.0764
1779816505328,1,12.00000015,Lower Delivery,Loading,pitch.0,333913,-0.2848,-0.7867,0.9205,-0.0486,0.0008,0.0901,0.0,0.0
1779816505328,1,12.00000018,Upper Delivery,Loading,pitch.0,334468,1.1278,0.7962,0.427,1.2758,-0.7379,1.757,0.0,0.0
1779816505328,1,Pitching Mound.Delivery,,Loading,pitch.0,333677,0.843,0.0094,1.3476,1.395,-0.7371,2.3274,0.0,0.0
1779816505328,1,Pitching Mound.Drive,,Loading,pitch.0,334186,-1.265,4.7596,51.1447,36.7986,31.3844,-4.3145,-0.0651,0.0764
1779816505328,1,Pitching Mound.Parent,,Loading,pitch.0,333385,-0.422,4.769,52.4923,38.1935,30.6474,-1.9871,-0.0635,0.0776
1779816505329,1,11.0000004b,Drive,Loading,pitch.0,334187,-1.2945,4.8096,51.68,37.183,31.6605,-4.3846,-0.065,0.0764
1779816505329,1,12.00000015,Lower Delivery,Loading,pitch.0,333914,-0.2889,-0.7985,0.9046,-0.0433,0.0103,0.1025,0.0,0.0
1779816505329,1,12.00000018,Upper Delivery,Loading,pitch.0,334469,1.1279,0.7846,0.3945,1.3138,-0.9663,1.7346,0.0,0.0
1779816505329,1,Pitching Mound.Delivery,,Loading,pitch.0,333678,0.839,-0.0139,1.2991,1.4439,-0.956,2.3188,0.0,0.0
1779816505329,1,Pitching Mound.Drive,,Loading,pitch.0,334187,-1.2945,4.8096,51.68,37.183,31.6605,-4.3846,-0.065,0.0764
1779816505329,1,Pitching Mound.Parent,,Loading,pitch.0,333386,-0.4555,4.7957,52.9791,38.627,30.7045,-2.0658,-0.0634,0.0778
1779816505330,1,11.0000004b,Drive,Loading,pitch.0,334188,-1.3153,4.8743,52.1608,37.5865,31.756,-4.4654,-0.0646,0.0765
1779816505330,1,12.00000015,Lower Delivery,Loading,pitch.0,333915,-0.2747,-0.794,0.8384,-0.0544,-0.0022,0.1319,0.0,0.0
1779816505330,1,12.00000018,Upper Delivery,Loading,pitch.0,334470,1.1243,0.7788,0.4472,1.151,-1.0652,1.7547,0.0,0.0
1779816505330,1,Pitching Mound.Delivery,,Loading,pitch.0,333679,0.8497,-0.0152,1.2857,1.2296,-1.0675,2.3623,0.0,0.0
1779816505330,1,Pitching Mound.Drive,,Loading,pitch.0,334188,-1.3153,4.8743,52.1608,37.5865,31.756,-4.4654,-0.0646,0.0765
1779816505330,1,Pitching Mound.Parent,,Loading,pitch.0,333387,-0.4657,4.8591,53.4465,38.8161,30.6885,-2.1031,-0.0631,0.0771
1779816505331,1,11.0000004b,Drive,Loading,pitch.0,334189,-1.3308,4.9337,52.6414,37.8866,31.7675,-4.5011,-0.0641,0.0764
1779816505331,1,12.00000015,Lower Delivery,Loading,pitch.0,333916,-0.2691,-0.7828,0.8287,-0.0526,0.0072,0.1132,0.0,0.0
1779816505331,1,12.00000018,Upper Delivery,Loading,pitch.0,334471,1.0794,0.7213,0.4846,1.2903,-1.3428,1.7029,0.0,0.0
1779816505331,1,Pitching Mound.Delivery,,Loading,pitch.0,333680,0.8102,-0.0614,1.3133,1.3547,-1.3356,2.2745,0.0,0.0
1779816505331,1,Pitching Mound.Drive,,Loading,pitch.0,334189,-1.3308,4.9337,52.6414,37.8866,31.7675,-4.5011,-0.0641,0.0764
1779816505331,1,Pitching Mound.Parent,,Loading,pitch.0,333388,-0.5206,4.8722,53.9547,39.2413,30.4319,-2.2266,-0.0625,0.0767
1779816505332,1,11.0000004b,Drive,Loading,pitch.0,334190,-1.3402,4.997,53.2416,38.2807,31.9967,-4.5669,-0.0638,0.0763
1779816505332,1,12.00000015,Lower Delivery,Loading,pitch.0,333917,-0.264,-0.7874,0.7959,-0.0724,0.0103,0.0425,0.0,0.0
1779816505332,1,12.00000018,Upper Delivery,Loading,pitch.0,334472,1.0659,0.7168,0.4881,1.3398,-1.5834,1.69,0.0,0.0
1779816505332,1,Pitching Mound.Delivery,,Loading,pitch.0,333681,0.8019,-0.0706,1.284,1.372,-1.573,2.1847,0.0,0.0
1779816505332,1,Pitching Mound.Drive,,Loading,pitch.0,334190,-1.3402,4.997,53.2416,38.2807,31.9967,-4.5669,-0.0638,0.0763
1779816505332,1,Pitching Mound.Parent,,Loading,pitch.0,333389,-0.5383,4.9264,54.5256,39.6527,30.4237,-2.3823,-0.0623,0.0765
1779816505333,1,11.0000004b,Drive,Loading,pitch.0,334191,-1.3185,5.0724,53.6993,38.6703,32.16,-4.6335,-0.0636,0.0765
1779816505333,1,12.00000015,Lower Delivery,Loading,pitch.0,333918,-0.2662,-0.7802,0.8939,-0.0703,0.012,0.105,0.0,0.0
1779816505333,1,12.00000018,Upper Delivery,Loading,pitch.0,334473,1.1178,0.7642,0.5055,1.2947,-1.3689,1.6565,0.0,0.0
1779816505333,1,Pitching Mound.Delivery,,Loading,pitch.0,333682,0.8517,-0.0161,1.3993,1.3564,-1.3569,2.2321,0.0,0.0
1779816505333,1,Pitching Mound.Drive,,Loading,pitch.0,334191,-1.3185,5.0724,53.6993,38.6703,32.16,-4.6335,-0.0636,0.0765
1779816505333,1,Pitching Mound.Parent,,Loading,pitch.0,333390,-0.4668,5.0563,55.0987,40.0267,30.8031,-2.4014,-0.062,0.0769
1779816505334,1,11.0000004b,Drive,Loading,pitch.0,334192,-1.3187,5.1319,54.2216,39.2149,32.5232,-4.7119,-0.0637,0.0768
1779816505334,1,12.00000015,Lower Delivery,Loading,pitch.0,333919,-0.2572,-0.7741,0.808,-0.0758,0.013,0.0564,0.0,0.0
1779816505334,1,12.00000018,Upper Delivery,Loading,pitch.0,334474,1.0943,0.7665,0.4891,1.2422,-1.17,1.6693,0.0,0.0
1779816505334,1,Pitching Mound.Delivery,,Loading,pitch.0,333683,0.8371,-0.0077,1.297,1.2748,-1.157,2.1852,0.0,0.0
1779816505334,1,Pitching Mound.Drive,,Loading,pitch.0,334192,-1.3187,5.1319,54.2216,39.2149,32.5232,-4.7119,-0.0637,0.0768
1779816505334,1,Pitching Mound.Parent,,Loading,pitch.0,333391,-0.4816,5.1242,55.5186,40.4897,31.3662,-2.5267,-0.0622,0.0769
1779816505335,1,11.0000004b,Drive,Loading,pitch.0,334193,-1.3174,5.1737,54.6844,39.4716,32.6228,-4.7676,-0.0633,0.0766
1779816505335,1,12.00000015,Lower Delivery,Loading,pitch.0,333920,-0.2761,-0.7865,0.7794,-0.0679,0.0212,0.0663,0.0,0.0
1779816505335,1,12.00000018,Upper Delivery,Loading,pitch.0,334475,1.1174,0.7813,0.5341,1.2471,-1.1613,1.5816,0.0,0.0
1779816505335,1,Pitching Mound.Delivery,,Loading,pitch.0,333684,0.8413,-0.0052,1.3135,1.2627,-1.1401,2.1218,0.0,0.0
1779816505335,1,Pitching Mound.Drive,,Loading,pitch.0,334193,-1.3174,5.1737,54.6844,39.4716,32.6228,-4.7676,-0.0633,0.0766
1779816505335,1,Pitching Mound.Parent,,Loading,pitch.0,333392,-0.4761,5.1685,55.9979,40.7343,31.4827,-2.6459,-0.0618,0.0763
1779816505336,1,11.0000004b,Drive,Loading,pitch.0,334194,-1.2917,5.2535,55.213,39.9638,32.8944,-4.8341,-0.0632,0.0768
1779816505336,1,12.00000015,Lower Delivery,Loading,pitch.0,333921,-0.259,-0.7766,0.8311,-0.0827,0.0175,0.0039,0.0,0.0
1779816505336,1,12.00000018,Upper Delivery,Loading,pitch.0,334476,1.0886,0.7753,0.5602,1.2083,-0.996,1.5793,0.0,0.0
1779816505336,1,Pitching Mound.Delivery,,Loading,pitch.0,333685,0.8295,-0.0013,1.3913,1.2176,-0.9785,2.0414,0.0,0.0
1779816505336,1,Pitching Mound.Drive,,Loading,pitch.0,334194,-1.2917,5.2535,55.213,39.9638,32.8944,-4.8341,-0.0632,0.0768
1779816505336,1,Pitching Mound.Parent,,Loading,pitch.0,333393,-0.4621,5.2522,56.6044,41.1814,31.9158,-2.7927,-0.0617,0.0766
1779816505337,1,11.0000004b,Drive,Loading,pitch.0,334196,-1.2951,5.3559,55.9919,40.2283,32.9176,-4.9067,-0.0624,0.0763
1779816505337,1,11.0000004b,Drive,Loading,pitch.0,334195,-1.288,5.2963,55.593,40.0242,32.8258,-4.8687,-0.0627,0.0764
1779816505337,1,12.00000015,Lower Delivery,Loading,pitch.0,333922,-0.2511,-0.7647,0.7917,-0.0812,0.0153,0.0118,0.0,0.0
1779816505337,1,12.00000018,Upper Delivery,Loading,pitch.0,334477,1.0691,0.7936,0.5858,1.081,-0.8937,1.5795,0.0,0.0
1779816505337,1,Pitching Mound.Delivery,,Loading,pitch.0,333686,0.818,0.0289,1.3775,1.0698,-0.8784,2.0402,0.0,0.0
1779816505337,1,Pitching Mound.Drive,,Loading,pitch.0,334196,-1.2951,5.3559,55.9919,40.2283,32.9176,-4.9067,-0.0624,0.0763
1779816505337,1,Pitching Mound.Drive,,Loading,pitch.0,334195,-1.288,5.2963,55.593,40.0242,32.8258,-4.8687,-0.0627,0.0764
1779816505337,1,Pitching Mound.Parent,,Loading,pitch.0,333394,-0.47,5.3252,56.9705,41.0941,31.9474,-2.8284,-0.0612,0.0758
1779816505338,1,12.00000015,Lower Delivery,Loading,pitch.0,333923,-0.2612,-0.7581,0.8642,-0.0764,0.0177,-0.0087,0.0,0.0
1779816505338,1,12.00000018,Upper Delivery,Loading,pitch.0,334478,1.0696,0.8048,0.5881,0.9979,-0.6927,1.573,0.0,0.0
1779816505338,1,Pitching Mound.Delivery,,Loading,pitch.0,333687,0.8084,0.0467,1.4523,1.0153,-0.675,2.0168,0.0,0.0
1779816505338,1,Pitching Mound.Parent,,Loading,pitch.0,333395,-0.4866,5.4026,57.4442,41.2436,32.2426,-2.89,-0.0608,0.076
1779816505339,1,11.0000004b,Drive,Loading,pitch.0,334197,-1.2367,5.448,57.0689,41.1258,33.7013,-5.0754,-0.0627,0.0765
1779816505339,1,12.00000015,Lower Delivery,Loading,pitch.0,333924,-0.2567,-0.7488,0.9285,-0.0782,0.0086,-0.007,0.0,0.0
1779816505339,1,12.00000018,Upper Delivery,Loading,pitch.0,334479,1.0836,0.8027,0.6435,0.8788,-0.5252,1.5792,0.0,0.0
1779816505339,1,Pitching Mound.Delivery,,Loading,pitch.0,333688,0.827,0.0539,1.572,0.8976,-0.5166,2.0279,0.0,0.0
1779816505339,1,Pitching Mound.Drive,,Loading,pitch.0,334197,-1.2367,5.448,57.0689,41.1258,33.7013,-5.0754,-0.0627,0.0765
1779816505339,1,Pitching Mound.Parent,,Loading,pitch.0,333396,-0.4097,5.5019,58.6409,42.0233,33.1847,-3.0474,-0.061,0.0761
1779816505340,1,11.0000004b,Drive,Loading,pitch.0,334198,-1.2493,5.4928,57.1413,41.048,33.4421,-5.0873,-0.0621,0.0763
1779816505340,1,12.00000015,Lower Delivery,Loading,pitch.0,333925,-0.2538,-0.736,0.9151,-0.082,0.0038,-0.007,0.0,0.0
1779816505340,1,12.00000018,Upper Delivery,Loading,pitch.0,334480,1.0779,0.8073,0.5677,0.9401,-0.4398,1.64,0.0,0.0
1779816505340,1,Pitching Mound.Delivery,,Loading,pitch.0,333689,0.8242,0.0714,1.4828,0.9762,-0.4359,2.0858,0.0,0.0
1779816505340,1,Pitching Mound.Drive,,Loading,pitch.0,334198,-1.2493,5.4928,57.1413,41.048,33.4421,-5.0873,-0.0621,0.0763
1779816505340,1,Pitching Mound.Parent,,Loading,pitch.0,333397,-0.4252,5.5642,58.6241,42.0242,33.0062,-3.0015,-0.0606,0.0763
1779816505341,1,11.0000004b,Drive,Loading,pitch.0,334199,-1.226,5.5559,57.9709,41.8186,34.3145,-5.1956,-0.0628,0.0766
1779816505341,1,12.00000015,Lower Delivery,Loading,pitch.0,333926,-0.2459,-0.7314,0.9326,-0.0825,0.0063,-0.0064,0.0,0.0
1779816505341,1,12.00000018,Upper Delivery,Loading,pitch.0,334481,1.0834,0.7638,0.4703,0.7986,-0.2763,1.617,0.0,0.0
1779816505341,1,Pitching Mound.Delivery,,Loading,pitch.0,333690,0.8375,0.0325,1.4029,0.8733,-0.2699,2.0625,0.0,0.0
1779816505341,1,Pitching Mound.Drive,,Loading,pitch.0,334199,-1.226,5.5559,57.9709,41.8186,34.3145,-5.1956,-0.0628,0.0766
1779816505341,1,Pitching Mound.Parent,,Loading,pitch.0,333398,-0.3885,5.5884,59.3738,42.6919,34.0446,-3.1331,-0.0614,0.0774
1779816505342,1,11.0000004b,Drive,Loading,pitch.0,334200,-1.2428,5.6131,58.3113,41.9462,34.4381,-5.2364,-0.0627,0.0764
1779816505342,1,12.00000015,Lower Delivery,Loading,pitch.0,333927,-0.2526,-0.7227,0.8947,-0.0842,-0.0078,-0.013,0.0,0.0
1779816505342,1,12.00000018,Upper Delivery,Loading,pitch.0,334482,1.1281,0.8446,0.473,0.836,-0.1744,1.6188,0.0,0.0
1779816505342,1,Pitching Mound.Delivery,,Loading,pitch.0,333691,0.8755,0.1219,1.3677,0.8952,-0.1822,2.0753,0.0,0.0
1779816505342,1,Pitching Mound.Drive,,Loading,pitch.0,334200,-1.2428,5.6131,58.3113,41.9462,34.4381,-5.2364,-0.0627,0.0764
1779816505342,1,Pitching Mound.Parent,,Loading,pitch.0,333399,-0.3673,5.735,59.679,42.8414,34.2559,-3.1611,-0.0613,0.077
1779816505343,1,11.0000004b,Drive,Loading,pitch.0,334201,-1.2217,5.6831,59.1501,42.7147,35.2233,-5.4226,-0.0632,0.0767
1779816505343,1,12.00000015,Lower Delivery,Loading,pitch.0,333928,-0.2331,-0.7236,0.9323,-0.086,-0.0057,-0.0106,0.0,0.0
1779816505343,1,12.00000018,Upper Delivery,Loading,pitch.0,334483,1.1189,0.7943,0.4201,0.7861,-0.1948,1.6787,0.0,0.0
1779816505343,1,Pitching Mound.Delivery,,Loading,pitch.0,333692,0.8858,0.0707,1.3524,0.8742,-0.2005,2.1278,0.0,0.0
1779816505343,1,Pitching Mound.Drive,,Loading,pitch.0,334201,-1.2217,5.6831,59.1501,42.7147,35.2233,-5.4226,-0.0632,0.0767
1779816505343,1,Pitching Mound.Parent,,Loading,pitch.0,333400,-0.3359,5.7538,60.5025,43.589,35.0228,-3.2948,-0.0618,0.0778
1779816505344,1,11.0000004b,Drive,Loading,pitch.0,334202,-1.2632,5.7301,59.3298,42.7405,35.1029,-5.4276,-0.0628,0.0765
1779816505344,1,12.00000015,Lower Delivery,Loading,pitch.0,333929,-0.2354,-0.6971,0.8834,-0.0793,-0.0008,-0.0122,0.0,0.0
1779816505344,1,12.00000018,Upper Delivery,Loading,pitch.0,334484,1.1306,0.8146,0.3797,0.7888,-0.2226,1.6988,0.0,0.0
1779816505344,1,Pitching Mound.Delivery,,Loading,pitch.0,333693,0.8952,0.1175,1.2631,0.8808,-0.2233,2.151,0.0,0.0
1779816505344,1,Pitching Mound.Drive,,Loading,pitch.0,334202,-1.2632,5.7301,59.3298,42.7405,35.1029,-5.4276,-0.0628,0.0765
1779816505344,1,Pitching Mound.Parent,,Loading,pitch.0,333401,-0.368,5.8476,60.5929,43.6213,34.8796,-3.2766,-0.0615,0.0777
1779816505345,1,11.0000004b,Drive,Loading,pitch.0,334203,-1.2566,5.787,59.9849,43.2524,35.5758,-5.5464,-0.063,0.0765
1779816505345,1,12.00000015,Lower Delivery,Loading,pitch.0,333930,-0.2429,-0.7071,0.9162,-0.0798,0.0,-0.0064,0.0,0.0
1779816505345,1,12.00000018,Upper Delivery,Loading,pitch.0,334485,1.1318,0.8704,0.3635,0.8196,-0.1906,1.7183,0.0,0.0
1779816505345,1,Pitching Mound.Delivery,,Loading,pitch.0,333694,0.8889,0.1633,1.2797,0.9277,-0.1905,2.1793,0.0,0.0
1779816505345,1,Pitching Mound.Drive,,Loading,pitch.0,334203,-1.2566,5.787,59.9849,43.2524,35.5758,-5.5464,-0.063,0.0765
1779816505345,1,Pitching Mound.Parent,,Loading,pitch.0,333402,-0.3677,5.9502,61.2646,44.1801,35.3852,-3.3671,-0.0616,0.078
1779816505346,1,11.0000004b,Drive,Loading,pitch.0,334204,-1.271,5.8523,60.7174,43.7995,36.2564,-5.6577,-0.0634,0.0766
1779816505346,1,12.00000015,Lower Delivery,Loading,pitch.0,333931,-0.2246,-0.6951,0.9433,-0.0851,-0.0052,-0.0105,0.0,0.0
1779816505346,1,12.00000018,Upper Delivery,Loading,pitch.0,334486,1.1244,0.8418,0.3012,0.7674,-0.1023,1.7672,0.0,0.0
1779816505346,1,Pitching Mound.Delivery,,Loading,pitch.0,333695,0.8997,0.1467,1.2444,0.9006,-0.1075,2.2153,0.0,0.0
1779816505346,1,Pitching Mound.Drive,,Loading,pitch.0,334204,-1.271,5.8523,60.7174,43.7995,36.2564,-5.6577,-0.0634,0.0766
1779816505346,1,Pitching Mound.Parent,,Loading,pitch.0,333403,-0.3713,5.999,61.9618,44.7001,36.1489,-3.4424,-0.0621,0.0786
1779816505347,1,11.0000004b,Drive,Loading,pitch.0,334205,-1.2991,5.9011,60.9529,43.8933,36.3332,-5.6953,-0.0633,0.0764
1779816505347,1,12.00000015,Lower Delivery,Loading,pitch.0,333932,-0.2163,-0.6865,0.8741,-0.0803,-0.0011,-0.0095,0.0,0.0
1779816505347,1,12.00000018,Upper Delivery,Loading,pitch.0,334487,1.1295,0.8662,0.2873,0.8899,-0.2515,1.7987,0.0,0.0
1779816505347,1,Pitching Mound.Delivery,,Loading,pitch.0,333696,0.9132,0.1797,1.1614,1.0091,-0.2526,2.2467,0.0,0.0
1779816505347,1,Pitching Mound.Drive,,Loading,pitch.0,334205,-1.2991,5.9011,60.9529,43.8933,36.3332,-5.6953,-0.0633,0.0764
1779816505347,1,Pitching Mound.Parent,,Loading,pitch.0,333404,-0.3858,6.0808,62.1143,44.9024,36.0806,-3.4486,-0.0621,0.0782
1779816505348,1,11.0000004b,Drive,Loading,pitch.0,334206,-1.2855,5.9883,61.6225,44.5203,37.0055,-5.8145,-0.0638,0.0767
1779816505348,1,12.00000015,Lower Delivery,Loading,pitch.0,333933,-0.2315,-0.702,0.8879,-0.0788,-0.0058,-0.0074,0.0,0.0
1779816505348,1,12.00000018,Upper Delivery,Loading,pitch.0,334488,1.1098,0.9056,0.3167,1.0715,-0.3185,1.8367,0.0,0.0
1779816505348,1,Pitching Mound.Delivery,,Loading,pitch.0,333697,0.8783,0.2036,1.2046,1.1869,-0.3242,2.2854,0.0,0.0
1779816505348,1,Pitching Mound.Drive,,Loading,pitch.0,334206,-1.2855,5.9883,61.6225,44.5203,37.0055,-5.8145,-0.0638,0.0767
1779816505348,1,Pitching Mound.Parent,,Loading,pitch.0,333405,-0.4072,6.1919,62.8271,45.7072,36.6812,-3.5291,-0.0625,0.0783
1779816505349,1,11.0000004b,Drive,Loading,pitch.0,334207,-1.3101,6.0459,61.9057,44.6159,37.0392,-5.852,-0.0635,0.0765
1779816505349,1,12.00000015,Lower Delivery,Loading,pitch.0,333934,-0.2393,-0.6987,0.8779,-0.0744,-0.0053,-0.0132,0.0,0.0
1779816505349,1,12.00000018,Upper Delivery,Loading,pitch.0,334489,1.0885,0.9109,0.2827,1.1032,-0.3588,1.8183,0.0,0.0
1779816505349,1,Pitching Mound.Delivery,,Loading,pitch.0,333698,0.8492,0.2121,1.1606,1.2311,-0.3641,2.2565,0.0,0.0
1779816505349,1,Pitching Mound.Drive,,Loading,pitch.0,334207,-1.3101,6.0459,61.9057,44.6159,37.0392,-5.852,-0.0635,0.0765
1779816505349,1,Pitching Mound.Parent,,Loading,pitch.0,333406,-0.4609,6.258,63.0662,45.8471,36.6752,-3.5955,-0.0624,0.0783
1779816505350,1,11.0000004b,Drive,Loading,pitch.0,334208,-1.291,6.1272,62.4705,45.1525,37.5985,-5.9791,-0.0639,0.0767
1779816505350,1,12.00000015,Lower Delivery,Loading,pitch.0,333935,-0.2446,-0.7067,0.8848,-0.0775,-0.0081,-0.0165,0.0,0.0
1779816505350,1,12.00000018,Upper Delivery,Loading,pitch.0,334490,1.105,0.963,0.3686,1.1151,-0.4652,1.799,0.0,0.0
1779816505350,1,Pitching Mound.Delivery,,Loading,pitch.0,333699,0.8603,0.2563,1.2534,1.2131,-0.4732,2.2414,0.0,0.0
1779816505350,1,Pitching Mound.Drive,,Loading,pitch.0,334208,-1.291,6.1272,62.4705,45.1525,37.5985,-5.9791,-0.0639,0.0767
1779816505350,1,Pitching Mound.Parent,,Loading,pitch.0,333407,-0.4306,6.3836,63.7238,46.3656,37.1253,-3.7377,-0.0626,0.078
1779816505351,1,11.0000004b,Drive,Loading,pitch.0,334209,-1.3028,6.2077,62.8042,45.4372,37.8846,-6.082,-0.064,0.0768
1779816505351,1,11.0000004b,Drive,Loading,pitch.0,334210,-1.2986,6.2776,63.2016,45.6372,37.9876,-6.1358,-0.0638,0.0767
1779816505351,1,12.00000015,Lower Delivery,Loading,pitch.0,333936,-0.2494,-0.7056,0.8911,-0.0774,-0.0084,-0.0174,0.0,0.0
1779816505351,1,12.00000018,Upper Delivery,Loading,pitch.0,334491,1.1221,0.9017,0.2863,1.0793,-0.4052,1.781,0.0,0.0
1779816505351,1,Pitching Mound.Delivery,,Loading,pitch.0,333700,0.8727,0.1961,1.1774,1.2075,-0.4136,2.2299,0.0,0.0
1779816505351,1,Pitching Mound.Drive,,Loading,pitch.0,334209,-1.3028,6.2077,62.8042,45.4372,37.8846,-6.082,-0.064,0.0768
1779816505351,1,Pitching Mound.Drive,,Loading,pitch.0,334210,-1.2986,6.2776,63.2016,45.6372,37.9876,-6.1358,-0.0638,0.0767
1779816505351,1,Pitching Mound.Parent,,Loading,pitch.0,333408,-0.43,6.4038,63.9816,46.6447,37.4709,-3.8521,-0.0629,0.0786
1779816505352,1,12.00000015,Lower Delivery,Loading,pitch.0,333937,-0.2709,-0.721,0.922,-0.0726,-0.0189,-0.0105,0.0,0.0
1779816505352,1,12.00000018,Upper Delivery,Loading,pitch.0,334492,1.1189,0.8838,0.2936,1.1468,-0.4859,1.7789,0.0,0.0
1779816505352,1,Pitching Mound.Delivery,,Loading,pitch.0,333701,0.8481,0.1628,1.2156,1.2879,-0.5048,2.241,0.0,0.0
1779816505352,1,Pitching Mound.Parent,,Loading,pitch.0,333409,-0.4506,6.4404,64.4172,46.9251,37.4828,-3.8948,-0.0626,0.0785
1779816505353,1,11.0000004b,Drive,Loading,pitch.0,334211,-1.2905,6.3545,63.6531,45.9975,38.2376,-6.2088,-0.0638,0.0767
1779816505353,1,12.00000015,Lower Delivery,Loading,pitch.0,333938,-0.2661,-0.7212,0.8103,-0.0673,-0.0129,-0.0088,0.0,0.0
1779816505353,1,12.00000018,Upper Delivery,Loading,pitch.0,334493,1.0869,0.8015,0.2685,1.074,-0.3964,1.7695,0.0,0.0
1779816505353,1,Pitching Mound.Delivery,,Loading,pitch.0,333702,0.8208,0.0803,1.0788,1.1909,-0.4093,2.2207,0.0,0.0
1779816505353,1,Pitching Mound.Drive,,Loading,pitch.0,334211,-1.2905,6.3545,63.6531,45.9975,38.2376,-6.2088,-0.0638,0.0767
1779816505353,1,Pitching Mound.Parent,,Loading,pitch.0,333410,-0.4697,6.4348,64.7319,47.1884,37.8283,-3.9881,-0.0627,0.0783
1779816505354,1,11.0000004b,Drive,Loading,pitch.0,334212,-1.2903,6.4238,63.9744,46.2652,38.5006,-6.2614,-0.0639,0.0768
1779816505354,1,12.00000015,Lower Delivery,Loading,pitch.0,333939,-0.2925,-0.7241,0.7892,-0.0612,-0.0086,-0.0112,0.0,0.0
1779816505354,1,12.00000018,Upper Delivery,Loading,pitch.0,334494,1.0896,0.7979,0.2757,1.0111,-0.3169,1.7439,0.0,0.0
1779816505354,1,Pitching Mound.Delivery,,Loading,pitch.0,333703,0.7971,0.0738,1.0649,1.1245,-0.3255,2.2027,0.0,0.0
1779816505354,1,Pitching Mound.Drive,,Loading,pitch.0,334212,-1.2903,6.4238,63.9744,46.2652,38.5006,-6.2614,-0.0639,0.0768
1779816505354,1,Pitching Mound.Parent,,Loading,pitch.0,333411,-0.4933,6.4976,65.0393,47.3898,38.1751,-4.0587,-0.0628,0.0782
1779816505355,1,11.0000004b,Drive,Loading,pitch.0,334213,-1.2807,6.5058,64.3926,46.5461,38.7683,-6.3435,-0.0639,0.0767
1779816505355,1,12.00000015,Lower Delivery,Loading,pitch.0,333940,-0.2997,-0.718,0.7245,-0.0568,-0.0017,-0.0124,0.0,0.0
1779816505355,1,12.00000018,Upper Delivery,Loading,pitch.0,334495,1.1043,0.8135,0.2458,1.0482,-0.4183,1.7121,0.0,0.0
1779816505355,1,Pitching Mound.Delivery,,Loading,pitch.0,333704,0.8046,0.0955,0.9704,1.1542,-0.42,2.1771,0.0,0.0
1779816505355,1,Pitching Mound.Drive,,Loading,pitch.0,334213,-1.2807,6.5058,64.3926,46.5461,38.7683,-6.3435,-0.0639,0.0767
1779816505355,1,Pitching Mound.Parent,,Loading,pitch.0,333412,-0.4761,6.6014,65.3629,47.7002,38.3483,-4.1665,-0.063,0.0781
1779816505356,1,11.0000004b,Drive,Loading,pitch.0,334214,-1.2554,6.5921,64.8641,46.8952,38.8992,-6.3919,-0.0637,0.0768
1779816505356,1,11.0000004b,Drive,Loading,pitch.0,334215,-1.2457,6.6606,65.3091,47.1942,39.0954,-6.4775,-0.0636,0.0767
1779816505356,1,12.00000015,Lower Delivery,Loading,pitch.0,333941,-0.3012,-0.7053,0.6945,-0.0609,-0.0077,-0.0114,0.0,0.0
1779816505356,1,12.00000018,Upper Delivery,Loading,pitch.0,334496,1.1133,0.7834,0.3034,1.0036,-0.3589,1.7033,0.0,0.0
1779816505356,1,Pitching Mound.Delivery,,Loading,pitch.0,333705,0.8121,0.0781,0.9979,1.0756,-0.3667,2.1728,0.0,0.0
1779816505356,1,Pitching Mound.Drive,,Loading,pitch.0,334214,-1.2554,6.5921,64.8641,46.8952,38.8992,-6.3919,-0.0637,0.0768
1779816505356,1,Pitching Mound.Drive,,Loading,pitch.0,334215,-1.2457,6.6606,65.3091,47.1942,39.0954,-6.4775,-0.0636,0.0767
1779816505356,1,Pitching Mound.Parent,,Loading,pitch.0,333413,-0.4433,6.6703,65.8619,47.9708,38.5326,-4.2191,-0.0627,0.0776
1779816505357,1,11.0000004b,Drive,Loading,pitch.0,334216,-1.2505,6.7328,65.7431,47.5429,39.0968,-6.5342,-0.0631,0.0768
1779816505357,1,12.00000015,Lower Delivery,Loading,pitch.0,333942,-0.3033,-0.7089,0.7212,-0.0576,-0.0019,-0.0107,0.0,0.0
1779816505357,1,12.00000018,Upper Delivery,Loading,pitch.0,334497,1.1182,0.7726,0.3544,1.037,-0.4669,1.6671,0.0,0.0
1779816505357,1,Pitching Mound.Delivery,,Loading,pitch.0,333706,0.8149,0.0638,1.0756,1.1041,-0.4688,2.1396,0.0,0.0
1779816505357,1,Pitching Mound.Drive,,Loading,pitch.0,334216,-1.2505,6.7328,65.7431,47.5429,39.0968,-6.5342,-0.0631,0.0768
1779816505357,1,Pitching Mound.Parent,,Loading,pitch.0,333414,-0.4308,6.7244,66.3847,48.2984,38.6265,-4.3378,-0.0625,0.0774
1779816505358,1,11.0000004b,Drive,Loading,pitch.0,334217,-1.2406,6.7952,66.181,47.7528,39.0973,-6.6319,-0.0627,0.0766
1779816505358,1,12.00000015,Lower Delivery,Loading,pitch.0,333943,-0.3191,-0.6909,0.7431,-0.0662,-0.0045,-0.015,0.0,0.0
1779816505358,1,12.00000018,Upper Delivery,Loading,pitch.0,334498,1.1256,0.7699,0.3909,1.0746,-0.4434,1.6985,0.0,0.0
1779816505358,1,Pitching Mound.Delivery,,Loading,pitch.0,333707,0.8065,0.079,1.134,1.1282,-0.448,2.1747,0.0,0.0
1779816505358,1,Pitching Mound.Drive,,Loading,pitch.0,334217,-1.2406,6.7952,66.181,47.7528,39.0973,-6.6319,-0.0627,0.0766
1779816505358,1,Pitching Mound.Parent,,Loading,pitch.0,333415,-0.4439,6.8119,66.8771,48.6711,38.6489,-4.3595,-0.0621,0.0773
1779816505359,1,11.0000004b,Drive,Loading,pitch.0,334218,-1.2391,6.8469,66.6515,48.0316,39.2126,-6.6768,-0.0625,0.0765
1779816505359,1,12.00000015,Lower Delivery,Loading,pitch.0,333944,-0.3169,-0.7031,0.798,-0.0675,0.0054,-0.0156,0.0,0.0
1779816505359,1,12.00000018,Upper Delivery,Loading,pitch.0,334499,1.1231,0.7582,0.443,1.1041,-0.6307,1.6932,0.0,0.0
1779816505359,1,Pitching Mound.Delivery,,Loading,pitch.0,333708,0.8062,0.0551,1.241,1.1572,-0.6253,2.1672,0.0,0.0
1779816505359,1,Pitching Mound.Drive,,Loading,pitch.0,334218,-1.2391,6.8469,66.6515,48.0316,39.2126,-6.6768,-0.0625,0.0765
1779816505359,1,Pitching Mound.Parent,,Loading,pitch.0,333416,-0.4344,6.8503,67.4221,48.9101,38.4719,-4.4647,-0.0616,0.077
1779816505360,1,11.0000004b,Drive,Loading,pitch.0,334219,-1.2521,6.9113,66.9714,48.2807,39.2556,-6.7317,-0.0622,0.0765
1779816505360,1,12.00000015,Lower Delivery,Loading,pitch.0,333945,-0.3051,-0.694,0.8185,-0.0616,-0.0023,-0.011,0.0,0.0
1779816505360,1,12.00000018,Upper Delivery,Loading,pitch.0,334500,1.1129,0.7489,0.4351,1.0916,-0.799,1.6872,0.0,0.0
1779816505360,1,Pitching Mound.Delivery,,Loading,pitch.0,333709,0.8077,0.0549,1.2536,1.1603,-0.8013,2.1584,0.0,0.0
1779816505360,1,Pitching Mound.Drive,,Loading,pitch.0,334219,-1.2521,6.9113,66.9714,48.2807,39.2556,-6.7317,-0.0622,0.0765
1779816505360,1,Pitching Mound.Parent,,Loading,pitch.0,333417,-0.4313,6.9018,67.9051,49.1919,38.4113,-4.5184,-0.0613,0.077
1779816505361,1,11.0000004b,Drive,Loading,pitch.0,334220,-1.26,6.9611,67.4492,48.5097,39.3486,-6.7781,-0.0619,0.0764
1779816505361,1,12.00000015,Lower Delivery,Loading,pitch.0,333946,-0.3009,-0.6562,0.8218,-0.0627,0.0051,-0.0135,0.0,0.0
1779816505361,1,12.00000018,Upper Delivery,Loading,pitch.0,334501,1.0725,0.7268,0.4933,1.0906,-0.7769,1.6853,0.0,0.0
1779816505361,1,Pitching Mound.Delivery,,Loading,pitch.0,333710,0.7716,0.0706,1.3151,1.1396,-0.7719,2.1388,0.0,0.0
1779816505361,1,Pitching Mound.Drive,,Loading,pitch.0,334220,-1.26,6.9611,67.4492,48.5097,39.3486,-6.7781,-0.0619,0.0764
1779816505361,1,Pitching Mound.Parent,,Loading,pitch.0,333418,-0.4805,6.9819,68.2865,49.4202,38.4838,-4.5929,-0.061,0.0767
1779816505362,1,11.0000004b,Drive,Loading,pitch.0,334221,-1.2594,6.9967,67.8045,48.6796,39.4823,-6.8305,-0.0618,0.0762
1779816505362,1,12.00000015,Lower Delivery,Loading,pitch.0,333947,-0.2953,-0.6956,0.8464,-0.0578,0.006,-0.0054,0.0,0.0
1779816505362,1,12.00000018,Upper Delivery,Loading,pitch.0,334502,1.0751,0.7586,0.5336,1.22,-0.7965,1.7194,0.0,0.0
1779816505362,1,Pitching Mound.Delivery,,Loading,pitch.0,333711,0.7798,0.0631,1.38,1.2686,-0.7905,2.18,0.0,0.0
1779816505362,1,Pitching Mound.Drive,,Loading,pitch.0,334221,-1.2594,6.9967,67.8045,48.6796,39.4823,-6.8305,-0.0618,0.0762
1779816505362,1,Pitching Mound.Parent,,Loading,pitch.0,333419,-0.4802,7.0242,68.8292,49.7783,38.5581,-4.5981,-0.0607,0.0764
1779816505363,1,11.0000004b,Drive,Loading,pitch.0,334222,-1.2782,7.0606,68.2298,48.9228,39.5953,-6.9247,-0.0616,0.0761
1779816505363,1,12.00000015,Lower Delivery,Loading,pitch.0,333948,-0.2692,-0.6939,0.8836,-0.0722,-0.0028,-0.0094,0.0,0.0
1779816505363,1,12.00000018,Upper Delivery,Loading,pitch.0,334503,1.0596,0.7665,0.5125,1.2377,-0.6629,1.7012,0.0,0.0
1779816505363,1,Pitching Mound.Delivery,,Loading,pitch.0,333712,0.7903,0.0726,1.396,1.2917,-0.6657,2.1436,0.0,0.0
1779816505363,1,Pitching Mound.Drive,,Loading,pitch.0,334222,-1.2782,7.0606,68.2298,48.9228,39.5953,-6.9247,-0.0616,0.0761
1779816505363,1,Pitching Mound.Parent,,Loading,pitch.0,333420,-0.4691,7.0693,69.2005,49.9712,38.8166,-4.6869,-0.0606,0.0765
1779816505364,1,11.0000004b,Drive,Loading,pitch.0,334223,-1.2914,7.1013,68.5677,49.0158,39.7863,-7.0057,-0.0616,0.0759
1779816505364,1,12.00000015,Lower Delivery,Loading,pitch.0,333949,-0.2666,-0.7096,0.8995,-0.069,0.0062,-0.0062,0.0,0.0
1779816505364,1,12.00000018,Upper Delivery,Loading,pitch.0,334505,1.0206,0.8219,0.4918,1.1877,-0.7156,1.6735,0.0,0.0
1779816505364,1,12.00000018,Upper Delivery,Loading,pitch.0,334504,1.0079,0.7547,0.5537,1.2138,-0.859,1.6897,0.0,0.0
1779816505364,1,Pitching Mound.Delivery,,Loading,pitch.0,333713,0.7413,0.0452,1.4533,1.2623,-0.8529,2.1169,0.0,0.0
1779816505364,1,Pitching Mound.Drive,,Loading,pitch.0,334223,-1.2914,7.1013,68.5677,49.0158,39.7863,-7.0057,-0.0616,0.0759
1779816505364,1,Pitching Mound.Parent,,Loading,pitch.0,333421,-0.5369,7.1058,69.683,50.1851,38.7425,-4.8078,-0.0603,0.0762
1779816505365,1,11.0000004b,Drive,Loading,pitch.0,334224,-1.309,7.1504,69.0349,49.3591,40.1185,-7.0741,-0.0617,0.0759
1779816505365,1,12.00000015,Lower Delivery,Loading,pitch.0,333950,-0.2478,-0.6813,0.8799,-0.0721,-0.0022,-0.0003,0.0,0.0
1779816505365,1,Pitching Mound.Delivery,,Loading,pitch.0,333714,0.7728,0.1405,1.3717,1.2476,-0.7179,2.1044,0.0,0.0
1779816505365,1,Pitching Mound.Drive,,Loading,pitch.0,334224,-1.309,7.1504,69.0349,49.3591,40.1185,-7.0741,-0.0617,0.0759
1779816505365,1,Pitching Mound.Parent,,Loading,pitch.0,333422,-0.5187,7.2419,69.9394,50.2634,39.0684,-4.9013,-0.0604,0.0763
1779816505366,1,11.0000004b,Drive,Loading,pitch.0,334225,-1.3197,7.1916,69.4973,49.6232,40.4084,-7.1901,-0.0617,0.0758
1779816505366,1,12.00000015,Lower Delivery,Loading,pitch.0,333951,-0.239,-0.663,0.875,-0.0734,-0.0047,0.0138,0.0,0.0
1779816505366,1,12.00000018,Upper Delivery,Loading,pitch.0,334506,1.006,0.853,0.5227,1.1163,-0.4238,1.6348,0.0,0.0
1779816505366,1,12.00000018,Upper Delivery,Loading,pitch.0,334507,1.0085,0.9008,0.4608,1.05,-0.3421,1.5728,0.0,0.0
1779816505366,1,Pitching Mound.Delivery,,Loading,pitch.0,333715,0.767,0.19,1.3977,1.1627,-0.4285,2.0719,0.0,0.0
1779816505366,1,Pitching Mound.Drive,,Loading,pitch.0,334225,-1.3197,7.1916,69.4973,49.6232,40.4084,-7.1901,-0.0617,0.0758
1779816505366,1,Pitching Mound.Parent,,Loading,pitch.0,333423,-0.542,7.3404,70.4326,50.5218,39.69,-5.0021,-0.0605,0.0761
1779816505367,1,11.0000004b,Drive,Loading,pitch.0,334226,-1.3219,7.2399,69.8925,49.9188,40.7366,-7.2764,-0.0619,0.0758
1779816505367,1,12.00000015,Lower Delivery,Loading,pitch.0,333952,-0.2418,-0.6494,0.8608,-0.0758,-0.0042,0.0041,0.0,0.0
1779816505367,1,Pitching Mound.Delivery,,Loading,pitch.0,333716,0.7667,0.2514,1.3216,1.1103,-0.3462,2.0019,0.0,0.0
1779816505367,1,Pitching Mound.Drive,,Loading,pitch.0,334226,-1.3219,7.2399,69.8925,49.9188,40.7366,-7.2764,-0.0619,0.0758
1779816505367,1,Pitching Mound.Parent,,Loading,pitch.0,333424,-0.553,7.443,70.8189,50.7334,40.0621,-5.1881,-0.0606,0.0763
1779816505368,1,11.0000004b,Drive,Loading,pitch.0,334227,-1.332,7.2789,70.1813,50.0435,40.9864,-7.3169,-0.062,0.0757
1779816505368,1,12.00000015,Lower Delivery,Loading,pitch.0,333953,-0.2567,-0.6222,0.7833,-0.0759,-0.0008,-0.0112,0.0,0.0
1779816505368,1,12.00000018,Upper Delivery,Loading,pitch.0,334508,0.9848,0.9139,0.49,1.0079,-0.2381,1.5951,0.0,0.0
1779816505368,1,Pitching Mound.Delivery,,Loading,pitch.0,333717,0.7281,0.2917,1.2733,1.0317,-0.239,2.0061,0.0,0.0
1779816505368,1,Pitching Mound.Drive,,Loading,pitch.0,334227,-1.332,7.2789,70.1813,50.0435,40.9864,-7.3169,-0.062,0.0757
1779816505368,1,Pitching Mound.Parent,,Loading,pitch.0,333425,-0.5938,7.5315,71.1658,50.9505,40.4977,-5.2703,-0.0608,0.0759
1779816505369,1,11.0000004b,Drive,Loading,pitch.0,334228,-1.3405,7.3079,70.4487,50.2337,41.1454,-7.3776,-0.062,0.0757
1779816505369,1,12.00000015,Lower Delivery,Loading,pitch.0,333954,-0.256,-0.6497,0.818,-0.0701,-0.0047,-0.0005,0.0,0.0
1779816505369,1,12.00000018,Upper Delivery,Loading,pitch.0,334510,0.9704,0.8562,0.4206,0.9411,-0.1634,1.5677,0.0,0.0
1779816505369,1,12.00000018,Upper Delivery,Loading,pitch.0,334509,0.9736,0.8777,0.5153,0.9292,-0.2127,1.5518,0.0,0.0
1779816505369,1,Pitching Mound.Delivery,,Loading,pitch.0,333718,0.7176,0.2279,1.3333,0.962,-0.2174,1.9693,0.0,0.0
1779816505369,1,Pitching Mound.Drive,,Loading,pitch.0,334228,-1.3405,7.3079,70.4487,50.2337,41.1454,-7.3776,-0.062,0.0757
1779816505369,1,Pitching Mound.Parent,,Loading,pitch.0,333426,-0.6144,7.5069,71.5146,51.0055,40.769,-5.3476,-0.0608,0.0757
1779816505370,1,11.0000004b,Drive,Loading,pitch.0,334229,-1.3531,7.3641,70.8624,50.5818,41.3989,-7.4631,-0.062,0.0758
1779816505370,1,12.00000015,Lower Delivery,Loading,pitch.0,333955,-0.2609,-0.6606,0.7962,-0.0859,-0.0105,-0.0131,0.0,0.0
1779816505370,1,Pitching Mound.Delivery,,Loading,pitch.0,333719,0.7094,0.1955,1.2169,0.9829,-0.1739,1.9732,0.0,0.0
1779816505370,1,Pitching Mound.Drive,,Loading,pitch.0,334229,-1.3531,7.3641,70.8624,50.5818,41.3989,-7.4631,-0.062,0.0758
1779816505370,1,Pitching Mound.Parent,,Loading,pitch.0,333427,-0.6311,7.5034,71.6655,51.2166,40.9715,-5.4044,-0.061,0.0762
1779816505371,1,11.0000004b,Drive,Loading,pitch.0,334230,-1.336,7.4057,71.3186,50.8941,41.6959,-7.5601,-0.0621,0.0758
1779816505371,1,12.00000015,Lower Delivery,Loading,pitch.0,333956,-0.2532,-0.662,0.7451,-0.0862,-0.0228,-0.0223,0.0,0.0
1779816505371,1,12.00000018,Upper Delivery,Loading,pitch.0,334511,0.9936,0.8595,0.3696,0.9417,-0.2324,1.6009,0.0,0.0
1779816505371,1,12.00000018,Upper Delivery,Loading,pitch.0,334512,1.0197,0.8487,0.3215,0.9813,-0.4256,1.6543,0.0,0.0
1779816505371,1,Pitching Mound.Delivery,,Loading,pitch.0,333720,0.7403,0.1976,1.1147,0.9832,-0.2552,2.0025,0.0,0.0
1779816505371,1,Pitching Mound.Drive,,Loading,pitch.0,334230,-1.336,7.4057,71.3186,50.8941,41.6959,-7.5601,-0.0621,0.0758
1779816505371,1,Pitching Mound.Parent,,Loading,pitch.0,333428,-0.6127,7.5617,71.9772,51.565,41.1437,-5.4606,-0.0611,0.0764
1779816505372,1,11.0000004b,Drive,Loading,pitch.0,334231,-1.335,7.4535,71.7852,51.2406,41.9697,-7.6373,-0.0621,0.0758
1779816505372,1,12.00000015,Lower Delivery,Loading,pitch.0,333957,-0.2545,-0.6851,0.7701,-0.0898,-0.0243,-0.0219,0.0,0.0
1779816505372,1,Pitching Mound.Delivery,,Loading,pitch.0,333721,0.7652,0.1635,1.0916,1.044,-0.45,2.0656,0.0,0.0
1779816505372,1,Pitching Mound.Drive,,Loading,pitch.0,334231,-1.335,7.4535,71.7852,51.2406,41.9697,-7.6373,-0.0621,0.0758
1779816505372,1,Pitching Mound.Parent,,Loading,pitch.0,333429,-0.5708,7.5693,72.4102,51.9381,41.246,-5.4945,-0.0611,0.0767
1779816505373,1,11.0000004b,Drive,Loading,pitch.0,334232,-1.3224,7.4897,72.2659,51.538,42.2008,-7.7337,-0.062,0.0757
1779816505373,1,12.00000015,Lower Delivery,Loading,pitch.0,333958,-0.2679,-0.6883,0.7064,-0.0857,-0.023,-0.025,0.0,0.0
1779816505373,1,12.00000018,Upper Delivery,Loading,pitch.0,334513,1.0318,0.8677,0.3043,1.0385,-0.3681,1.6215,0.0,0.0
1779816505373,1,12.00000018,Upper Delivery,Loading,pitch.0,334514,1.0481,0.8781,0.3471,1.0772,-0.4927,1.6042,0.0,0.0
1779816505373,1,Pitching Mound.Delivery,,Loading,pitch.0,333722,0.7639,0.1795,1.0107,1.0895,-0.3911,2.0384,0.0,0.0
1779816505373,1,Pitching Mound.Drive,,Loading,pitch.0,334232,-1.3224,7.4897,72.2659,51.538,42.2008,-7.7337,-0.062,0.0757
1779816505373,1,Pitching Mound.Parent,,Loading,pitch.0,333430,-0.5711,7.633,72.7959,52.3301,41.5786,-5.5989,-0.0612,0.0766
1779816505374,1,11.0000004b,Drive,Loading,pitch.0,334233,-1.3093,7.5272,72.597,51.8683,42.3837,-7.8289,-0.062,0.0758
1779816505374,1,12.00000015,Lower Delivery,Loading,pitch.0,333959,-0.265,-0.6689,0.6639,-0.0854,-0.023,-0.0254,0.0,0.0
1779816505374,1,12.00000018,Upper Delivery,Loading,pitch.0,334515,1.0644,0.9099,0.3596,1.1438,-0.5884,1.6239,0.0,0.0
1779816505374,1,Pitching Mound.Delivery,,Loading,pitch.0,333723,0.7831,0.2092,1.011,1.0995,-0.5157,2.0253,0.0,0.0
1779816505374,1,Pitching Mound.Drive,,Loading,pitch.0,334233,-1.3093,7.5272,72.597,51.8683,42.3837,-7.8289,-0.062,0.0758
1779816505374,1,Pitching Mound.Parent,,Loading,pitch.0,333431,-0.5393,7.699,73.277,52.6375,41.6851,-5.7084,-0.0611,0.0761
1779816505375,1,11.0000004b,Drive,Loading,pitch.0,334234,-1.3158,7.5597,72.9522,52.0906,42.4764,-7.8846,-0.0618,0.0758
1779816505375,1,12.00000015,Lower Delivery,Loading,pitch.0,333960,-0.2705,-0.6772,0.6736,-0.0848,-0.0285,-0.0278,0.0,0.0
1779816505375,1,Pitching Mound.Delivery,,Loading,pitch.0,333724,0.794,0.2327,1.0332,1.1658,-0.6169,2.05,0.0,0.0
1779816505375,1,Pitching Mound.Drive,,Loading,pitch.0,334234,-1.3158,7.5597,72.9522,52.0906,42.4764,-7.8846,-0.0618,0.0758
1779816505375,1,Pitching Mound.Parent,,Loading,pitch.0,333432,-0.5154,7.7599,73.6302,53.0341,41.7668,-5.7789,-0.0611,0.0762
1779816505376,1,11.0000004b,Drive,Loading,pitch.0,334235,-1.3129,7.5966,73.2559,52.23,42.6204,-7.9574,-0.0618,0.0757
1779816505376,1,12.00000015,Lower Delivery,Loading,pitch.0,333961,-0.2873,-0.6921,0.7148,-0.0799,-0.0275,-0.0253,0.0,0.0
1779816505376,1,12.00000018,Upper Delivery,Loading,pitch.0,334516,1.0459,0.8048,0.3596,1.0829,-0.4968,1.6738,0.0,0.0
1779816505376,1,12.00000018,Upper Delivery,Loading,pitch.0,334517,1.0359,0.8185,0.4297,0.9996,-0.4212,1.6485,0.0,0.0
1779816505376,1,Pitching Mound.Delivery,,Loading,pitch.0,333725,0.7586,0.1126,1.0744,1.1238,-0.5243,2.1018,0.0,0.0
1779816505376,1,Pitching Mound.Drive,,Loading,pitch.0,334235,-1.3129,7.5966,73.2559,52.23,42.6204,-7.9574,-0.0618,0.0757
1779816505376,1,Pitching Mound.Parent,,Loading,pitch.0,333433,-0.5572,7.6724,74.0267,53.2143,41.9521,-5.7828,-0.0609,0.0763
1779816505377,1,11.0000004b,Drive,Loading,pitch.0,334236,-1.2983,7.6297,73.5664,52.4313,42.8265,-8.0367,-0.0618,0.0757
1779816505377,1,12.00000015,Lower Delivery,Loading,pitch.0,333962,-0.2859,-0.7033,0.8835,-0.0819,-0.0119,-0.0201,0.0,0.0
1779816505377,1,12.00000018,Upper Delivery,Loading,pitch.0,334518,1.0255,0.8284,0.4694,1.0053,-0.4356,1.6703,0.0,0.0
1779816505377,1,Pitching Mound.Delivery,,Loading,pitch.0,333726,0.75,0.1152,1.3132,1.072,-0.4331,2.0778,0.0,0.0
1779816505377,1,Pitching Mound.Drive,,Loading,pitch.0,334236,-1.2983,7.6297,73.5664,52.4313,42.8265,-8.0367,-0.0618,0.0757
1779816505377,1,Pitching Mound.Parent,,Loading,pitch.0,333434,-0.5629,7.7118,74.5691,53.3019,42.1873,-5.8796,-0.0607,0.0764
1779816505378,1,11.0000004b,Drive,Loading,pitch.0,334237,-1.2963,7.6633,73.9762,52.6092,43.0891,-8.1412,-0.0618,0.0755
1779816505378,1,12.00000015,Lower Delivery,Loading,pitch.0,333963,-0.2923,-0.7181,0.9415,-0.07,-0.0045,-0.0161,0.0,0.0
1779816505378,1,Pitching Mound.Delivery,,Loading,pitch.0,333727,0.7331,0.1104,1.4109,1.0959,-0.4401,2.1022,0.0,0.0
1779816505378,1,Pitching Mound.Drive,,Loading,pitch.0,334237,-1.2963,7.6633,73.9762,52.6092,43.0891,-8.1412,-0.0618,0.0755
1779816505378,1,Pitching Mound.Parent,,Loading,pitch.0,333435,-0.5652,7.7401,74.9774,53.5272,42.3863,-5.9345,-0.0606,0.0764
1779816505379,1,11.0000004b,Drive,Loading,pitch.0,334238,-1.2766,7.6958,74.3391,52.8848,43.3405,-8.2475,-0.0619,0.0755
1779816505379,1,12.00000015,Lower Delivery,Loading,pitch.0,333964,-0.3072,-0.711,0.9625,-0.0712,0.0002,-0.0173,0.0,0.0
1779816505379,1,12.00000018,Upper Delivery,Loading,pitch.0,334519,1.0425,0.8683,0.4523,0.988,-0.4041,1.7121,0.0,0.0
1779816505379,1,12.00000018,Upper Delivery,Loading,pitch.0,334520,1.0506,0.8262,0.4828,1.008,-0.5131,1.722,0.0,0.0
1779816505379,1,Pitching Mound.Delivery,,Loading,pitch.0,333728,0.7352,0.1572,1.4149,1.0903,-0.4038,2.1537,0.0,0.0
1779816505379,1,Pitching Mound.Drive,,Loading,pitch.0,334238,-1.2766,7.6958,74.3391,52.8848,43.3405,-8.2475,-0.0619,0.0755
1779816505379,1,Pitching Mound.Parent,,Loading,pitch.0,333436,-0.561,7.8206,75.391,53.6995,42.6853,-5.9876,-0.0607,0.0764
1779816505380,1,11.0000004b,Drive,Loading,pitch.0,334239,-1.2687,7.7465,74.6561,53.1268,43.5825,-8.3191,-0.062,0.0755
1779816505380,1,12.00000015,Lower Delivery,Loading,pitch.0,333965,-0.2859,-0.7177,0.998,-0.0794,-0.0033,-0.0148,0.0,0.0
1779816505380,1,12.00000018,Upper Delivery,Loading,pitch.0,334521,1.0421,0.8178,0.5555,1.0126,-0.4211,1.7276,0.0,0.0
1779816505380,1,Pitching Mound.Delivery,,Loading,pitch.0,333729,0.7647,0.1085,1.4809,1.1037,-0.5164,2.1616,0.0,0.0
1779816505380,1,Pitching Mound.Drive,,Loading,pitch.0,334239,-1.2687,7.7465,74.6561,53.1268,43.5825,-8.3191,-0.062,0.0755
1779816505380,1,Pitching Mound.Parent,,Loading,pitch.0,333437,-0.5119,7.8043,75.8199,53.9885,42.824,-6.0859,-0.0607,0.0764
1779816505381,1,11.0000004b,Drive,Loading,pitch.0,334240,-1.2343,7.7801,75.0595,53.2901,43.8097,-8.4233,-0.062,0.0754
1779816505381,1,12.00000015,Lower Delivery,Loading,pitch.0,333966,-0.2845,-0.7083,0.9233,-0.0715,-0.0027,-0.0139,0.0,0.0
1779816505381,1,Pitching Mound.Delivery,,Loading,pitch.0,333730,0.7575,0.1095,1.4788,1.0661,-0.4238,2.1647,0.0,0.0
1779816505381,1,Pitching Mound.Drive,,Loading,pitch.0,334240,-1.2343,7.7801,75.0595,53.2901,43.8097,-8.4233,-0.062,0.0754
1779816505381,1,Pitching Mound.Parent,,Loading,pitch.0,333438,-0.5112,7.8561,76.1349,54.193,43.1588,-6.1543,-0.0608,0.0757
1779816505382,1,11.0000004b,Drive,Loading,pitch.0,334241,-1.2144,7.8166,75.3198,53.5057,43.9309,-8.5203,-0.0619,0.0754
1779816505382,1,12.00000015,Lower Delivery,Loading,pitch.0,333967,-0.2761,-0.6911,0.9345,-0.0623,-0.006,0.0004,0.0,0.0
1779816505382,1,12.00000018,Upper Delivery,Loading,pitch.0,334522,1.0091,0.8202,0.4972,0.973,-0.5666,1.7199,0.0,0.0
1779816505382,1,12.00000018,Upper Delivery,Loading,pitch.0,334523,1.0226,0.801,0.5002,1.0311,-0.4786,1.7365,0.0,0.0
1779816505382,1,Pitching Mound.Delivery,,Loading,pitch.0,333731,0.733,0.129,1.4317,1.0594,-0.5726,2.1572,0.0,0.0
1779816505382,1,Pitching Mound.Drive,,Loading,pitch.0,334241,-1.2144,7.8166,75.3198,53.5057,43.9309,-8.5203,-0.0619,0.0754
1779816505382,1,Pitching Mound.Parent,,Loading,pitch.0,333439,-0.5013,7.9091,76.4912,54.3495,43.2372,-6.2661,-0.0608,0.0759
1779816505383,1,11.0000004b,Drive,Loading,pitch.0,334242,-1.2037,7.8478,75.5147,53.6689,43.9762,-8.6017,-0.0618,0.0755
1779816505383,1,12.00000015,Lower Delivery,Loading,pitch.0,333968,-0.2647,-0.7015,0.945,-0.0669,-0.0093,-0.0063,0.0,0.0
1779816505383,1,Pitching Mound.Delivery,,Loading,pitch.0,333732,0.7578,0.0996,1.4452,1.1155,-0.4879,2.1679,0.0,0.0
1779816505383,1,Pitching Mound.Drive,,Loading,pitch.0,334242,-1.2037,7.8478,75.5147,53.6689,43.9762,-8.6017,-0.0618,0.0755
1779816505383,1,Pitching Mound.Parent,,Loading,pitch.0,333440,-0.4565,7.9162,76.765,54.6212,43.4429,-6.3524,-0.0608,0.076
1779816505384,1,11.0000004b,Drive,Loading,pitch.0,334243,-1.1732,7.9004,75.8279,53.8798,44.3255,-8.6793,-0.0621,0.0754
1779816505384,1,12.00000015,Lower Delivery,Loading,pitch.0,333969,-0.2499,-0.7043,0.958,-0.0724,-0.015,-0.0119,0.0,0.0
1779816505384,1,12.00000018,Upper Delivery,Loading,pitch.0,334524,1.047,0.8163,0.4988,1.0245,-0.4005,1.8017,0.0,0.0
1779816505384,1,12.00000018,Upper Delivery,Loading,pitch.0,334525,1.0435,0.8308,0.4341,0.9865,-0.4159,1.7794,0.0,0.0
1779816505384,1,Pitching Mound.Delivery,,Loading,pitch.0,333733,0.7971,0.112,1.4568,1.1082,-0.4155,2.2307,0.0,0.0
1779816505384,1,Pitching Mound.Drive,,Loading,pitch.0,334243,-1.1732,7.9004,75.8279,53.8798,44.3255,-8.6793,-0.0621,0.0754
1779816505384,1,Pitching Mound.Parent,,Loading,pitch.0,333441,-0.4067,7.9598,76.9715,54.7771,43.5607,-6.371,-0.0607,0.0761
1779816505385,1,11.0000004b,Drive,Loading,pitch.0,334244,-1.1368,7.929,76.1678,54.1671,44.4844,-8.7667,-0.062,0.0755
1779816505385,1,12.00000015,Lower Delivery,Loading,pitch.0,333970,-0.2583,-0.7181,1.0121,-0.053,-0.0003,0.0002,0.0,0.0
1779816505385,1,12.00000018,Upper Delivery,Loading,pitch.0,334526,1.0501,0.7925,0.3951,1.0774,-0.4718,1.8231,0.0,0.0
1779816505385,1,Pitching Mound.Delivery,,Loading,pitch.0,333734,0.7852,0.1127,1.4462,1.13,-0.4163,2.2222,0.0,0.0
1779816505385,1,Pitching Mound.Drive,,Loading,pitch.0,334244,-1.1368,7.929,76.1678,54.1671,44.4844,-8.7667,-0.062,0.0755
1779816505385,1,Pitching Mound.Parent,,Loading,pitch.0,333442,-0.3879,8.0131,77.2741,55.0097,43.9092,-6.4571,-0.0609,0.0766
1779816505386,1,11.0000004b,Drive,Loading,pitch.0,334245,-1.0901,7.9653,76.6284,54.4996,44.7987,-8.8965,-0.0621,0.0755
1779816505386,1,12.00000015,Lower Delivery,Loading,pitch.0,333971,-0.2315,-0.7244,1.0062,-0.0606,-0.0151,0.0008,0.0,0.0
1779816505386,1,12.00000018,Upper Delivery,Loading,pitch.0,334527,1.0825,0.8267,0.3905,1.2917,-0.4352,1.7896,0.0,0.0
1779816505386,1,Pitching Mound.Delivery,,Loading,pitch.0,333735,0.8187,0.068,1.4013,1.2246,-0.4868,2.2596,0.0,0.0
1779816505386,1,Pitching Mound.Drive,,Loading,pitch.0,334245,-1.0901,7.9653,76.6284,54.4996,44.7987,-8.8965,-0.0621,0.0755
1779816505386,1,Pitching Mound.Parent,,Loading,pitch.0,333443,-0.3181,7.997,77.5691,55.3917,43.9975,-6.507,-0.0609,0.0768
1779816505387,1,11.0000004b,Drive,Loading,pitch.0,334246,-1.0511,7.9926,76.9281,54.7359,45.0458,-9.0103,-0.0622,0.0755
1779816505387,1,12.00000015,Lower Delivery,Loading,pitch.0,333972,-0.2004,-0.7028,0.9585,-0.0654,-0.021,-0.0085,0.0,0.0
1779816505387,1,12.00000018,Upper Delivery,Loading,pitch.0,334528,1.0724,0.8079,0.3279,1.2266,-0.4303,1.8097,0.0,0.0
1779816505387,1,Pitching Mound.Delivery,,Loading,pitch.0,333736,0.8821,0.1239,1.349,1.4194,-0.4562,2.2173,0.0,0.0
1779816505387,1,Pitching Mound.Drive,,Loading,pitch.0,334246,-1.0511,7.9926,76.9281,54.7359,45.0458,-9.0103,-0.0622,0.0755
1779816505387,1,Pitching Mound.Parent,,Loading,pitch.0,333444,-0.208,8.0892,77.9774,55.919,44.3425,-6.6792,-0.061,0.0767
1779816505388,1,11.0000004b,Drive,Loading,pitch.0,334247,-1.0245,8.0183,77.1105,54.8349,44.9793,-9.0426,-0.0619,0.0755
1779816505388,1,12.00000015,Lower Delivery,Loading,pitch.0,333973,-0.1906,-0.6962,0.9765,-0.0726,-0.0261,-0.0122,0.0,0.0
1779816505388,1,Pitching Mound.Delivery,,Loading,pitch.0,333737,0.8818,0.1117,1.3044,1.3745,-0.4564,2.2269,0.0,0.0
1779816505388,1,Pitching Mound.Drive,,Loading,pitch.0,334247,-1.0245,8.0183,77.1105,54.8349,44.9793,-9.0426,-0.0619,0.0755
1779816505388,1,Pitching Mound.Parent,,Loading,pitch.0,333445,-0.1693,8.1044,78.2325,56.1104,44.5894,-6.7834,-0.0611,0.0771
1779816505389,1,11.0000004b,Drive,Loading,pitch.0,334248,-0.9644,8.0602,77.6277,55.402,45.4643,-9.1869,-0.0622,0.0758
1779816505389,1,12.00000015,Lower Delivery,Loading,pitch.0,333974,-0.1879,-0.6637,0.9024,-0.0694,-0.0304,-0.0138,0.0,0.0
1779816505389,1,12.00000018,Upper Delivery,Loading,pitch.0,334529,1.1349,0.8966,0.3322,1.4109,-0.4448,1.7957,0.0,0.0
1779816505389,1,12.00000018,Upper Delivery,Loading,pitch.0,334530,1.1391,0.9113,0.3877,1.4408,-0.5459,1.8358,0.0,0.0
1779816505389,1,Pitching Mound.Delivery,,Loading,pitch.0,333738,0.947,0.233,1.2346,1.5353,-0.4752,2.2317,0.0,0.0
1779816505389,1,Pitching Mound.Drive,,Loading,pitch.0,334248,-0.9644,8.0602,77.6277,55.402,45.4643,-9.1869,-0.0622,0.0758
1779816505389,1,Pitching Mound.Parent,,Loading,pitch.0,333446,-0.0775,8.2512,78.345,56.3703,44.5041,-6.8109,-0.0609,0.0768
1779816505390,1,11.0000004b,Drive,Loading,pitch.0,334249,-0.9539,8.0729,77.9311,55.4686,45.5059,-9.2755,-0.062,0.0756
1779816505390,1,12.00000015,Lower Delivery,Loading,pitch.0,333975,-0.1682,-0.6461,0.8494,-0.0731,-0.0341,-0.0115,0.0,0.0
1779816505390,1,12.00000018,Upper Delivery,Loading,pitch.0,334531,1.1376,0.9316,0.3656,1.3776,-0.454,1.8593,0.0,0.0
1779816505390,1,Pitching Mound.Delivery,,Loading,pitch.0,333739,0.9709,0.2652,1.2371,1.5247,-0.5799,2.2687,0.0,0.0
1779816505390,1,Pitching Mound.Drive,,Loading,pitch.0,334249,-0.9539,8.0729,77.9311,55.4686,45.5059,-9.2755,-0.062,0.0756
1779816505390,1,Pitching Mound.Parent,,Loading,pitch.0,333447,0.0064,8.3254,78.8648,56.9267,44.8844,-6.9182,-0.0612,0.0766
1779816505391,1,11.0000004b,Drive,Loading,pitch.0,334250,-0.9008,8.1162,78.4291,55.8865,45.9442,-9.4226,-0.0622,0.0756
1779816505391,1,12.00000015,Lower Delivery,Loading,pitch.0,333976,-0.1849,-0.6605,0.8537,-0.0693,-0.0348,-0.0067,0.0,0.0
1779816505391,1,Pitching Mound.Delivery,,Loading,pitch.0,333740,0.9527,0.2711,1.2193,1.4743,-0.4889,2.3022,0.0,0.0
1779816505391,1,Pitching Mound.Drive,,Loading,pitch.0,334250,-0.9008,8.1162,78.4291,55.8865,45.9442,-9.4226,-0.0622,0.0756
1779816505391,1,Pitching Mound.Parent,,Loading,pitch.0,333448,-0.0013,8.3439,79.1504,56.9429,45.0171,-6.9732,-0.061,0.0765
1779816505392,1,11.0000004b,Drive,Loading,pitch.0,334251,-0.8826,8.1381,78.6131,56.0686,46.1884,-9.4991,-0.0624,0.0757
1779816505392,1,12.00000015,Lower Delivery,Loading,pitch.0,333977,-0.1889,-0.6425,0.9204,-0.0759,-0.0385,-0.0105,0.0,0.0
1779816505392,1,12.00000018,Upper Delivery,Loading,pitch.0,334532,1.1236,0.921,0.3439,1.3677,-0.5839,1.8049,0.0,0.0
1779816505392,1,12.00000018,Upper Delivery,Loading,pitch.0,334533,1.161,0.8853,0.2705,1.3153,-0.6217,1.8062,0.0,0.0
1779816505392,1,Pitching Mound.Delivery,,Loading,pitch.0,333741,0.9347,0.2785,1.2643,1.4879,-0.6224,2.2406,0.0,0.0
1779816505392,1,Pitching Mound.Drive,,Loading,pitch.0,334251,-0.8826,8.1381,78.6131,56.0686,46.1884,-9.4991,-0.0624,0.0757
1779816505392,1,Pitching Mound.Parent,,Loading,pitch.0,333449,0.0339,8.3947,79.6934,57.3744,45.3217,-7.182,-0.0612,0.0769
1779816505393,1,11.0000004b,Drive,Loading,pitch.0,334252,-0.825,8.1598,79.0242,56.2646,46.4302,-9.6079,-0.0624,0.0756
1779816505393,1,12.00000015,Lower Delivery,Loading,pitch.0,333978,-0.2068,-0.6213,0.7806,-0.0772,-0.0373,-0.0153,0.0,0.0
1779816505393,1,12.00000018,Upper Delivery,Loading,pitch.0,334534,1.1418,0.8744,0.3075,1.2971,-0.725,1.7737,0.0,0.0
1779816505393,1,Pitching Mound.Delivery,,Loading,pitch.0,333742,0.9542,0.264,1.0511,1.4115,-0.6589,2.2559,0.0,0.0
1779816505393,1,Pitching Mound.Drive,,Loading,pitch.0,334252,-0.825,8.1598,79.0242,56.2646,46.4302,-9.6079,-0.0624,0.0756
1779816505393,1,Pitching Mound.Parent,,Loading,pitch.0,333450,0.0715,8.4022,79.6642,57.48,45.5294,-7.2432,-0.0616,0.0769
1779816505394,1,11.0000004b,Drive,Loading,pitch.0,334253,-0.7936,8.1772,79.1364,56.3922,46.5783,-9.6866,-0.0625,0.0757
1779816505394,1,12.00000015,Lower Delivery,Loading,pitch.0,333979,-0.1878,-0.6446,0.8308,-0.0791,-0.031,-0.0137,0.0,0.0
1779816505394,1,12.00000018,Upper Delivery,Loading,pitch.0,334535,1.1458,0.8671,0.2941,1.3461,-0.8052,1.7341,0.0,0.0
1779816505394,1,Pitching Mound.Delivery,,Loading,pitch.0,333743,0.954,0.2297,1.1383,1.3959,-0.7559,2.212,0.0,0.0
1779816505394,1,Pitching Mound.Drive,,Loading,pitch.0,334253,-0.7936,8.1772,79.1364,56.3922,46.5783,-9.6866,-0.0625,0.0757
1779816505394,1,Pitching Mound.Parent,,Loading,pitch.0,333451,0.129,8.3895,80.1626,57.6605,45.6743,-7.3958,-0.0615,0.0767
1779816505395,1,11.0000004b,Drive,Loading,pitch.0,334254,-0.7409,8.2096,79.707,56.8355,46.9654,-9.8429,-0.0626,0.0757
1779816505395,1,12.00000015,Lower Delivery,Loading,pitch.0,333980,-0.2271,-0.6357,0.7464,-0.0885,-0.0361,-0.0149,0.0,0.0
1779816505395,1,12.00000018,Upper Delivery,Loading,pitch.0,334536,1.137,0.8958,0.3507,1.3691,-0.8495,1.7334,0.0,0.0
1779816505395,1,Pitching Mound.Delivery,,Loading,pitch.0,333744,0.9187,0.2314,1.0404,1.4114,-0.8412,2.186,0.0,0.0
1779816505395,1,Pitching Mound.Drive,,Loading,pitch.0,334254,-0.7409,8.2096,79.707,56.8355,46.9654,-9.8429,-0.0626,0.0757
1779816505395,1,Pitching Mound.Parent,,Loading,pitch.0,333452,0.1251,8.4086,80.1768,57.8037,45.737,-7.5006,-0.0617,0.0766
1779816505396,1,11.0000004b,Drive,Loading,pitch.0,334255,-0.6932,8.2525,80.0893,57.1234,47.2641,-9.9586,-0.0627,0.0757
1779816505396,1,12.00000015,Lower Delivery,Loading,pitch.0,333981,-0.227,-0.6011,0.738,-0.1009,-0.0438,-0.0178,0.0,0.0
1779816505396,1,12.00000018,Upper Delivery,Loading,pitch.0,334537,1.1421,0.9012,0.3645,1.3035,-0.7252,1.7306,0.0,0.0
1779816505396,1,Pitching Mound.Delivery,,Loading,pitch.0,333745,0.91,0.2947,1.0887,1.3999,-0.8932,2.1794,0.0,0.0
1779816505396,1,Pitching Mound.Drive,,Loading,pitch.0,334255,-0.6932,8.2525,80.0893,57.1234,47.2641,-9.9586,-0.0627,0.0757
1779816505396,1,Pitching Mound.Parent,,Loading,pitch.0,333453,0.1691,8.5043,80.7957,58.2354,46.0722,-7.6635,-0.0617,0.0763
1779816505397,1,11.0000004b,Drive,Loading,pitch.0,334256,-0.628,8.3,80.6464,57.6524,47.8198,-10.1162,-0.0629,0.0759
1779816505397,1,12.00000015,Lower Delivery,Loading,pitch.0,333983,-0.2576,-0.5965,0.6968,-0.1097,-0.0356,-0.0189,0.0,0.0
1779816505397,1,12.00000015,Lower Delivery,Loading,pitch.0,333982,-0.2263,-0.6096,0.6984,-0.1045,-0.0396,-0.0148,0.0,0.0
1779816505397,1,12.00000018,Upper Delivery,Loading,pitch.0,334538,1.1393,0.8878,0.3706,1.3123,-0.6911,1.6892,0.0,0.0
1779816505397,1,Pitching Mound.Delivery,,Loading,pitch.0,333746,0.9159,0.2916,1.0629,1.3125,-0.7648,2.181,0.0,0.0
1779816505397,1,Pitching Mound.Delivery,,Loading,pitch.0,333747,0.8817,0.2913,1.0674,1.3135,-0.7267,2.1453,0.0,0.0
1779816505397,1,Pitching Mound.Drive,,Loading,pitch.0,334256,-0.628,8.3,80.6464,57.6524,47.8198,-10.1162,-0.0629,0.0759
1779816505397,1,Pitching Mound.Parent,,Loading,pitch.0,333454,0.2226,8.5441,81.1523,58.4359,46.4993,-7.7776,-0.0618,0.0761
1779816505397,1,Pitching Mound.Parent,,Loading,pitch.0,333455,0.2537,8.5913,81.7138,58.9658,47.093,-7.9709,-0.0621,0.0763
1779816505398,1,11.0000004b,Drive,Loading,pitch.0,334257,-0.5802,8.3242,81.1832,58.0196,48.1302,-10.2524,-0.0629,0.0759
1779816505398,1,12.00000015,Lower Delivery,Loading,pitch.0,333984,-0.2454,-0.6177,0.7113,-0.1059,-0.0303,-0.0147,0.0,0.0
1779816505398,1,12.00000018,Upper Delivery,Loading,pitch.0,334539,1.1155,0.8831,0.4153,1.3215,-0.6704,1.6949,0.0,0.0
1779816505398,1,Pitching Mound.Delivery,,Loading,pitch.0,333748,0.8701,0.2654,1.1267,1.3162,-0.7007,2.1429,0.0,0.0
1779816505398,1,Pitching Mound.Drive,,Loading,pitch.0,334257,-0.5802,8.3242,81.1832,58.0196,48.1302,-10.2524,-0.0629,0.0759
1779816505398,1,Pitching Mound.Parent,,Loading,pitch.0,333456,0.2899,8.5896,82.3098,59.3358,47.4295,-8.1095,-0.0621,0.0761
1779816505399,1,11.0000004b,Drive,Loading,pitch.0,334258,-0.5502,8.3562,81.4583,58.0774,48.0918,-10.3184,-0.0627,0.0757
1779816505399,1,12.00000015,Lower Delivery,Loading,pitch.0,333985,-0.2685,-0.6356,0.7969,-0.0984,-0.0231,-0.0171,0.0,0.0
1779816505399,1,12.00000018,Upper Delivery,Loading,pitch.0,334540,1.1265,0.8407,0.3795,1.3498,-0.7288,1.705,0.0,0.0
1779816505399,1,Pitching Mound.Delivery,,Loading,pitch.0,333749,0.858,0.2052,1.1765,1.3933,-0.7519,2.1622,0.0,0.0
1779816505399,1,Pitching Mound.Drive,,Loading,pitch.0,334258,-0.5502,8.3562,81.4583,58.0774,48.0918,-10.3184,-0.0627,0.0757
1779816505399,1,Pitching Mound.Parent,,Loading,pitch.0,333457,0.3078,8.5614,82.6348,59.4707,47.3399,-8.1561,-0.0618,0.0763
1779816505400,1,11.0000004b,Drive,Loading,pitch.0,334259,-0.5051,8.3921,81.8696,58.4493,48.5158,-10.4372,-0.0629,0.0758
1779816505400,1,12.00000015,Lower Delivery,Loading,pitch.0,333986,-0.2656,-0.6351,0.8023,-0.096,-0.0272,-0.0165,0.0,0.0
1779816505400,1,12.00000018,Upper Delivery,Loading,pitch.0,334541,1.1368,0.8455,0.407,1.4445,-1.0229,1.6932,0.0,0.0
1779816505400,1,Pitching Mound.Delivery,,Loading,pitch.0,333750,0.8712,0.2104,1.2093,1.4829,-1.0502,2.1535,0.0,0.0
1779816505400,1,Pitching Mound.Drive,,Loading,pitch.0,334259,-0.5051,8.3921,81.8696,58.4493,48.5158,-10.4372,-0.0629,0.0758
1779816505400,1,Pitching Mound.Parent,,Loading,pitch.0,333458,0.3661,8.6025,83.0789,59.9323,47.4656,-8.2837,-0.062,0.0763
1779816505401,1,11.0000004b,Drive,Loading,pitch.0,334260,-0.4612,8.4264,82.1851,58.6101,48.5525,-10.5093,-0.0627,0.0757
1779816505401,1,12.00000018,Upper Delivery,Loading,pitch.0,334542,1.1333,0.816,0.3785,1.4169,-1.151,1.6189,0.0,0.0
1779816505401,1,Pitching Mound.Drive,,Loading,pitch.0,334260,-0.4612,8.4264,82.1851,58.6101,48.5525,-10.5093,-0.0627,0.0757
1779816505402,1,11.0000004b,Drive,Loading,pitch.0,334261,-0.3806,8.4871,83.1286,59.6174,49.656,-10.7336,-0.0634,0.0761
1779816505402,1,12.00000015,Lower Delivery,Loading,pitch.0,333987,-0.2925,-0.65,0.9251,-0.0941,-0.0327,-0.0164,0.0,0.0
1779816505402,1,12.00000015,Lower Delivery,Loading,pitch.0,333988,-0.2997,-0.6992,1.0033,-0.0821,-0.0239,-0.0122,0.0,0.0
1779816505402,1,12.00000018,Upper Delivery,Loading,pitch.0,334543,1.1963,0.8847,0.2921,1.3703,-1.0836,1.6714,0.0,0.0
1779816505402,1,Pitching Mound.Delivery,,Loading,pitch.0,333751,0.8408,0.166,1.3037,1.5086,-1.1837,2.0873,0.0,0.0
1779816505402,1,Pitching Mound.Delivery,,Loading,pitch.0,333752,0.8966,0.1855,1.2953,1.53,-1.1076,2.1678,0.0,0.0
1779816505402,1,Pitching Mound.Drive,,Loading,pitch.0,334261,-0.3806,8.4871,83.1286,59.6174,49.656,-10.7336,-0.0634,0.0761
1779816505402,1,Pitching Mound.Parent,,Loading,pitch.0,333459,0.3796,8.5924,83.4888,60.1187,47.3688,-8.422,-0.0617,0.0768
1779816505402,1,Pitching Mound.Parent,,Loading,pitch.0,333460,0.516,8.6726,84.424,61.1474,48.5484,-8.5657,-0.0624,0.0778
1779816505403,1,11.0000004b,Drive,Loading,pitch.0,334262,-0.3698,8.509,83.2987,59.5611,49.6812,-10.7868,-0.0633,0.0759
1779816505403,1,12.00000015,Lower Delivery,Loading,pitch.0,333989,-0.2993,-0.7119,0.9401,-0.0823,-0.0224,-0.0096,0.0,0.0
1779816505403,1,12.00000018,Upper Delivery,Loading,pitch.0,334544,1.1822,0.8523,0.3436,1.2781,-1.2167,1.6539,0.0,0.0
1779816505403,1,Pitching Mound.Delivery,,Loading,pitch.0,333753,0.8828,0.1404,1.2837,1.3986,-1.2391,2.1481,0.0,0.0
1779816505403,1,Pitching Mound.Drive,,Loading,pitch.0,334262,-0.3698,8.509,83.2987,59.5611,49.6812,-10.7868,-0.0633,0.0759
1779816505403,1,Pitching Mound.Parent,,Loading,pitch.0,333461,0.513,8.6493,84.5824,60.9598,48.4421,-8.6388,-0.0624,0.0772
1779816505404,1,11.0000004b,Drive,Loading,pitch.0,334263,-0.3316,8.5504,83.8112,59.991,50.0275,-10.9045,-0.0634,0.076
1779816505404,1,12.00000015,Lower Delivery,Loading,pitch.0,333990,-0.288,-0.7181,0.9816,-0.0806,-0.0229,-0.0042,0.0,0.0
1779816505404,1,12.00000018,Upper Delivery,Loading,pitch.0,334545,1.1941,0.8514,0.4048,1.2853,-1.3759,1.6789,0.0,0.0
1779816505404,1,Pitching Mound.Delivery,,Loading,pitch.0,333754,0.9061,0.1333,1.3864,1.4008,-1.3988,2.1786,0.0,0.0
1779816505404,1,Pitching Mound.Drive,,Loading,pitch.0,334263,-0.3316,8.5504,83.8112,59.991,50.0275,-10.9045,-0.0634,0.076
1779816505404,1,Pitching Mound.Parent,,Loading,pitch.0,333462,0.5745,8.6836,85.1976,61.3918,48.6287,-8.7259,-0.0623,0.0771
1779816505405,1,11.0000004b,Drive,Loading,pitch.0,334264,-0.2854,8.5817,84.3066,60.2868,50.3781,-11.0025,-0.0634,0.0759
1779816505405,1,12.00000015,Lower Delivery,Loading,pitch.0,333991,-0.2775,-0.7368,1.0141,-0.0776,-0.0195,0.0072,0.0,0.0
1779816505405,1,12.00000018,Upper Delivery,Loading,pitch.0,334546,1.1979,0.8537,0.3621,1.173,-1.3554,1.6649,0.0,0.0
1779816505405,1,Pitching Mound.Delivery,,Loading,pitch.0,333755,0.9204,0.117,1.3762,1.317,-1.3748,2.1738,0.0,0.0
1779816505405,1,Pitching Mound.Drive,,Loading,pitch.0,334264,-0.2854,8.5817,84.3066,60.2868,50.3781,-11.0025,-0.0634,0.0759
1779816505405,1,Pitching Mound.Parent,,Loading,pitch.0,333463,0.635,8.6987,85.6827,61.6038,49.0033,-8.8287,-0.0624,0.0773
1779816505406,1,11.0000004b,Drive,Loading,pitch.0,334265,-0.1863,8.6335,85.1645,61.0535,51.2487,-11.206,-0.0639,0.0761
1779816505406,1,12.00000015,Lower Delivery,Loading,pitch.0,333992,-0.2853,-0.7453,0.9401,-0.0753,-0.0135,0.0084,0.0,0.0
1779816505406,1,12.00000018,Upper Delivery,Loading,pitch.0,334547,1.1645,0.8499,0.3865,1.1732,-1.1373,1.672,0.0,0.0
1779816505406,1,Pitching Mound.Delivery,,Loading,pitch.0,333756,0.8792,0.1046,1.3265,1.2861,-1.1508,2.1734,0.0,0.0
1779816505406,1,Pitching Mound.Drive,,Loading,pitch.0,334265,-0.1863,8.6335,85.1645,61.0535,51.2487,-11.206,-0.0639,0.0761
1779816505406,1,Pitching Mound.Parent,,Loading,pitch.0,333464,0.6929,8.7381,86.4911,62.3395,50.0979,-9.0327,-0.0629,0.0771
1779816505407,1,11.0000004b,Drive,Loading,pitch.0,334266,-0.1249,8.6753,85.5568,61.4617,51.5867,-11.2904,-0.064,0.0763
1779816505407,1,12.00000015,Lower Delivery,Loading,pitch.0,333993,-0.2795,-0.7553,0.9036,-0.0743,-0.0053,0.0084,0.0,0.0
1779816505407,1,12.00000018,Upper Delivery,Loading,pitch.0,334548,1.1503,0.8044,0.4023,1.1952,-1.288,1.6526,0.0,0.0
1779816505407,1,Pitching Mound.Delivery,,Loading,pitch.0,333757,0.8708,0.0491,1.3059,1.2913,-1.2933,2.1471,0.0,0.0
1779816505407,1,Pitching Mound.Drive,,Loading,pitch.0,334266,-0.1249,8.6753,85.5568,61.4617,51.5867,-11.2904,-0.064,0.0763
1779816505407,1,Pitching Mound.Parent,,Loading,pitch.0,333465,0.7459,8.7244,86.8627,62.753,50.2934,-9.1433,-0.063,0.0771
1779816505408,1,11.0000004b,Drive,Loading,pitch.0,334267,-0.054,8.7026,85.9532,61.8159,51.952,-11.4129,-0.0642,0.0764
1779816505408,1,12.00000015,Lower Delivery,Loading,pitch.0,333994,-0.2713,-0.7581,0.9014,-0.0779,0.005,0.0143,0.0,0.0
1779816505408,1,12.00000018,Upper Delivery,Loading,pitch.0,334549,1.1407,0.7993,0.377,0.9969,-1.0252,1.664,0.0,0.0
1779816505408,1,Pitching Mound.Delivery,,Loading,pitch.0,333758,0.8694,0.0412,1.2784,1.0973,-1.0201,2.1584,0.0,0.0
1779816505408,1,Pitching Mound.Drive,,Loading,pitch.0,334267,-0.054,8.7026,85.9532,61.8159,51.952,-11.4129,-0.0642,0.0764
1779816505408,1,Pitching Mound.Parent,,Loading,pitch.0,333466,0.8154,8.7438,87.2317,62.9132,50.9319,-9.2545,-0.0632,0.0773
1779816505409,1,11.0000004b,Drive,Loading,pitch.0,334268,0.0215,8.73,86.4965,62.2282,52.288,-11.5119,-0.0642,0.0764
1779816505409,1,12.00000015,Lower Delivery,Loading,pitch.0,333995,-0.2629,-0.7391,0.9246,-0.0859,0.0022,0.0111,0.0,0.0
1779816505409,1,12.00000018,Upper Delivery,Loading,pitch.0,334550,1.1173,0.7802,0.3838,1.0871,-1.2114,1.6867,0.0,0.0
1779816505409,1,Pitching Mound.Delivery,,Loading,pitch.0,333759,0.8543,0.0411,1.3084,1.185,-1.2092,2.167,0.0,0.0
1779816505409,1,Pitching Mound.Drive,,Loading,pitch.0,334268,0.0215,8.73,86.4965,62.2282,52.288,-11.5119,-0.0642,0.0764
1779816505409,1,Pitching Mound.Parent,,Loading,pitch.0,333467,0.8758,8.7711,87.8049,63.4133,51.0788,-9.3449,-0.0632,0.0773
1779816505410,1,11.0000004b,Drive,Loading,pitch.0,334269,0.0653,8.7429,86.5611,62.1975,52.2024,-11.6024,-0.064,0.0763
1779816505410,1,12.00000015,Lower Delivery,Loading,pitch.0,333996,-0.2344,-0.7297,0.9581,-0.081,-0.0022,0.0504,0.0,0.0
1779816505410,1,12.00000018,Upper Delivery,Loading,pitch.0,334551,1.0712,0.7492,0.433,1.1421,-0.9391,1.718,0.0,0.0
1779816505410,1,Pitching Mound.Delivery,,Loading,pitch.0,333760,0.8368,0.0195,1.3911,1.2396,-0.9412,2.2123,0.0,0.0
1779816505410,1,Pitching Mound.Drive,,Loading,pitch.0,334269,0.0653,8.7429,86.5611,62.1975,52.2024,-11.6024,-0.064,0.0763
1779816505410,1,Pitching Mound.Parent,,Loading,pitch.0,333468,0.902,8.7624,87.9522,63.4372,51.2612,-9.39,-0.063,0.0771
1779816505411,1,11.0000004b,Drive,Loading,pitch.0,334270,0.125,8.7873,87.2153,62.7887,52.779,-11.7616,-0.0642,0.0764
1779816505411,1,12.00000018,Upper Delivery,Loading,pitch.0,334552,1.0946,0.7689,0.3891,1.1159,-0.7628,1.6895,0.0,0.0
1779816505411,1,Pitching Mound.Drive,,Loading,pitch.0,334270,0.125,8.7873,87.2153,62.7887,52.779,-11.7616,-0.0642,0.0764
1779816505412,1,11.0000004b,Drive,Loading,pitch.0,334271,0.1836,8.8059,87.6363,63.0135,52.8539,-11.8257,-0.064,0.0763
1779816505412,1,12.00000015,Lower Delivery,Loading,pitch.0,333997,-0.2506,-0.7435,0.9071,-0.0826,0.0055,0.0326,0.0,0.0
1779816505412,1,12.00000018,Upper Delivery,Loading,pitch.0,334553,1.098,0.7785,0.3691,1.1014,-0.6236,1.7109,0.0,0.0
1779816505412,1,Pitching Mound.Delivery,,Loading,pitch.0,333761,0.844,0.0254,1.2963,1.2094,-0.7574,2.1795,0.0,0.0
1779816505412,1,Pitching Mound.Drive,,Loading,pitch.0,334271,0.1836,8.8059,87.6363,63.0135,52.8539,-11.8257,-0.064,0.0763
1779816505412,1,Pitching Mound.Parent,,Loading,pitch.0,333469,0.969,8.8127,88.5116,63.9981,52.0216,-9.5821,-0.0633,0.0773
1779816505413,1,11.0000004b,Drive,Loading,pitch.0,334272,0.293,8.8544,88.3964,63.6139,53.482,-12.0229,-0.0642,0.0764
1779816505413,1,12.00000015,Lower Delivery,Loading,pitch.0,333998,-0.2387,-0.7153,0.8394,-0.0909,0.0036,0.0336,0.0,0.0
1779816505413,1,12.00000018,Upper Delivery,Loading,pitch.0,334554,1.111,0.8065,0.3678,1.0564,-0.4534,1.6716,0.0,0.0
1779816505413,1,Pitching Mound.Delivery,,Loading,pitch.0,333762,0.8593,0.0633,1.2085,1.1703,-0.62,2.199,0.0,0.0
1779816505413,1,Pitching Mound.Drive,,Loading,pitch.0,334272,0.293,8.8544,88.3964,63.6139,53.482,-12.0229,-0.0642,0.0764
1779816505413,1,Pitching Mound.Parent,,Loading,pitch.0,333470,1.0428,8.8691,88.8448,64.1839,52.2339,-9.6267,-0.0632,0.0771
1779816505414,1,11.0000004b,Drive,Loading,pitch.0,334273,0.3252,8.8875,88.5464,63.6818,53.5278,-12.0586,-0.0642,0.0764
1779816505414,1,12.00000015,Lower Delivery,Loading,pitch.0,333999,-0.2308,-0.6723,0.8319,-0.0914,-0.0022,0.0115,0.0,0.0
1779816505414,1,12.00000018,Upper Delivery,Loading,pitch.0,334555,1.1158,0.8149,0.3298,1.0372,-0.3645,1.7147,0.0,0.0
1779816505414,1,Pitching Mound.Delivery,,Loading,pitch.0,333763,0.8801,0.1342,1.1997,1.1228,-0.4556,2.1393,0.0,0.0
1779816505414,1,Pitching Mound.Drive,,Loading,pitch.0,334273,0.3252,8.8875,88.5464,63.6818,53.5278,-12.0586,-0.0642,0.0764
1779816505414,1,Pitching Mound.Parent,,Loading,pitch.0,333471,1.1731,8.9886,89.5961,64.7367,53.0264,-9.8837,-0.0634,0.0771
1779816505415,1,11.0000004b,Drive,Loading,pitch.0,334274,0.4019,8.9292,88.9574,64.1394,54.0048,-12.1916,-0.0644,0.0765
1779816505415,1,12.00000015,Lower Delivery,Loading,pitch.0,334000,-0.2457,-0.6956,0.8579,-0.0786,-0.003,0.0351,0.0,0.0
1779816505415,1,12.00000018,Upper Delivery,Loading,pitch.0,334556,1.1189,0.8256,0.2988,1.1241,-0.4225,1.6589,0.0,0.0
1779816505415,1,Pitching Mound.Delivery,,Loading,pitch.0,333764,0.8701,0.1193,1.1877,1.1382,-0.3675,2.2126,0.0,0.0
1779816505415,1,Pitching Mound.Drive,,Loading,pitch.0,334274,0.4019,8.9292,88.9574,64.1394,54.0048,-12.1916,-0.0644,0.0765
1779816505415,1,Pitching Mound.Parent,,Loading,pitch.0,333472,1.1953,9.0068,89.7341,64.8201,53.1603,-9.8459,-0.0633,0.0773
1779816505416,1,11.0000004b,Drive,Loading,pitch.0,334275,0.4584,8.9755,89.4271,64.5207,54.387,-12.3395,-0.0646,0.0766
1779816505416,1,12.00000015,Lower Delivery,Loading,pitch.0,334001,-0.2459,-0.6972,0.8424,-0.076,-0.0014,0.0299,0.0,0.0
1779816505416,1,12.00000018,Upper Delivery,Loading,pitch.0,334557,1.1403,0.9128,0.3291,1.2587,-0.4201,1.6733,0.0,0.0
1779816505416,1,Pitching Mound.Delivery,,Loading,pitch.0,333765,0.873,0.1284,1.1412,1.2329,-0.424,2.1528,0.0,0.0
1779816505416,1,Pitching Mound.Drive,,Loading,pitch.0,334275,0.4584,8.9755,89.4271,64.5207,54.387,-12.3395,-0.0646,0.0766
1779816505416,1,Pitching Mound.Parent,,Loading,pitch.0,333473,1.2749,9.0577,90.0986,65.3724,53.5809,-10.0388,-0.0636,0.0776
1779816505417,1,11.0000004b,Drive,Loading,pitch.0,334276,0.4943,8.9929,89.665,64.5109,54.4447,-12.392,-0.0645,0.0764
1779816505417,1,12.00000015,Lower Delivery,Loading,pitch.0,334002,-0.2661,-0.7091,0.9053,-0.0733,-0.0042,0.0585,0.0,0.0
1779816505417,1,12.00000018,Upper Delivery,Loading,pitch.0,334558,1.1542,0.9358,0.3716,1.3148,-0.4089,1.6853,0.0,0.0
1779816505417,1,Pitching Mound.Delivery,,Loading,pitch.0,333766,0.8742,0.2037,1.2344,1.3812,-0.4243,2.2099,0.0,0.0
1779816505417,1,Pitching Mound.Drive,,Loading,pitch.0,334276,0.4943,8.9929,89.665,64.5109,54.4447,-12.392,-0.0645,0.0764
1779816505417,1,Pitching Mound.Parent,,Loading,pitch.0,333474,1.3685,9.1967,90.8995,65.8922,54.0204,-10.182,-0.0636,0.0775
1779816505418,1,12.00000015,Lower Delivery,Loading,pitch.0,334003,-0.2663,-0.6826,0.8523,-0.0733,-0.0135,0.0261,0.0,0.0
1779816505418,1,12.00000018,Upper Delivery,Loading,pitch.0,334559,1.1574,0.9411,0.3586,1.2891,-0.445,1.6826,0.0,0.0
1779816505418,1,Pitching Mound.Delivery,,Loading,pitch.0,333767,0.8879,0.2532,1.2239,1.405,-0.4224,2.1944,0.0,0.0
1779816505419,1,11.0000004b,Drive,Loading,pitch.0,334277,0.5623,9.0369,90.3557,65.0849,54.9081,-12.5473,-0.0645,0.0765
1779816505419,1,12.00000015,Lower Delivery,Loading,pitch.0,334004,-0.2713,-0.6992,0.9187,-0.0749,-0.0144,0.0406,0.0,0.0
1779816505419,1,12.00000018,Upper Delivery,Loading,pitch.0,334560,1.1573,0.9423,0.3766,1.3938,-0.419,1.6777,0.0,0.0
1779816505419,1,Pitching Mound.Delivery,,Loading,pitch.0,333768,0.8861,0.2419,1.2774,1.4046,-0.4594,2.2089,0.0,0.0
1779816505419,1,Pitching Mound.Drive,,Loading,pitch.0,334277,0.5623,9.0369,90.3557,65.0849,54.9081,-12.5473,-0.0645,0.0765
1779816505419,1,Pitching Mound.Parent,,Loading,pitch.0,333475,1.4485,9.2787,91.6331,66.4895,54.4487,-10.3385,-0.0636,0.0775
1779816505420,1,11.0000004b,Drive,Loading,pitch.0,334278,0.6444,9.0946,91.201,65.7782,55.624,-12.6841,-0.0647,0.0766
1779816505420,1,12.00000015,Lower Delivery,Loading,pitch.0,334005,-0.2801,-0.699,0.8924,-0.0742,-0.0113,0.0157,0.0,0.0
1779816505420,1,12.00000015,Lower Delivery,Loading,pitch.0,334006,-0.283,-0.6983,0.919,-0.0814,-0.0162,0.0044,0.0,0.0
1779816505420,1,12.00000018,Upper Delivery,Loading,pitch.0,334561,1.1646,0.8852,0.3139,1.2475,-0.5769,1.6089,0.0,0.0
1779816505420,1,Pitching Mound.Delivery,,Loading,pitch.0,333769,0.8773,0.2433,1.2689,1.495,-0.4303,2.1821,0.0,0.0
1779816505420,1,Pitching Mound.Delivery,,Loading,pitch.0,333770,0.8816,0.1869,1.2329,1.3718,-0.593,2.1055,0.0,0.0
1779816505420,1,Pitching Mound.Drive,,Loading,pitch.0,334278,0.6444,9.0946,91.201,65.7782,55.624,-12.6841,-0.0647,0.0766
1779816505420,1,Pitching Mound.Parent,,Loading,pitch.0,333476,1.5216,9.3379,92.4699,67.2732,55.1937,-10.502,-0.0639,0.0774
1779816505421,1,11.0000004b,Drive,Loading,pitch.0,334279,0.6801,9.1489,91.4439,65.9697,55.8766,-12.789,-0.0649,0.0766
1779816505421,1,12.00000015,Lower Delivery,Loading,pitch.0,334007,-0.2882,-0.7064,0.8966,-0.0775,-0.0105,0.0006,0.0,0.0
1779816505421,1,12.00000018,Upper Delivery,Loading,pitch.0,334562,1.2243,0.8711,0.2908,1.2476,-0.6649,1.5962,0.0,0.0
1779816505421,1,Pitching Mound.Delivery,,Loading,pitch.0,333771,0.936,0.1647,1.1875,1.3761,-0.6754,2.111,0.0,0.0
1779816505421,1,Pitching Mound.Drive,,Loading,pitch.0,334279,0.6801,9.1489,91.4439,65.9697,55.8766,-12.789,-0.0649,0.0766
1779816505421,1,Pitching Mound.Parent,,Loading,pitch.0,333477,1.5618,9.3358,92.6768,67.3415,55.2835,-10.6835,-0.064,0.0778
1779816505422,1,11.0000004b,Drive,Loading,pitch.0,334280,0.696,9.1623,91.6866,66.188,55.999,-12.8386,-0.0648,0.0766
1779816505422,1,12.00000018,Upper Delivery,Loading,pitch.0,334563,1.2193,0.8934,0.2794,1.1481,-0.9706,1.6197,0.0,0.0
1779816505422,1,Pitching Mound.Drive,,Loading,pitch.0,334280,0.696,9.1623,91.6866,66.188,55.999,-12.8386,-0.0648,0.0766
1779816505422,1,Pitching Mound.Parent,,Loading,pitch.0,333478,1.632,9.327,92.8741,67.564,55.3237,-10.7276,-0.064,0.0779
1779816505423,1,11.0000004b,Drive,Loading,pitch.0,334281,0.7446,9.2221,92.1607,66.624,56.3834,-12.9209,-0.0649,0.0767
1779816505423,1,12.00000015,Lower Delivery,Loading,pitch.0,334008,-0.2738,-0.6964,0.8864,-0.0857,-0.0153,-0.0054,0.0,0.0
1779816505423,1,12.00000015,Lower Delivery,Loading,pitch.0,334009,-0.2635,-0.7057,0.9464,-0.0879,-0.0145,-0.0087,0.0,0.0
1779816505423,1,12.00000018,Upper Delivery,Loading,pitch.0,334564,1.2082,0.9007,0.2489,1.0931,-0.7994,1.5896,0.0,0.0
1779816505423,1,Pitching Mound.Delivery,,Loading,pitch.0,333772,0.9455,0.197,1.1658,1.2687,-0.9859,2.1219,0.0,0.0
1779816505423,1,Pitching Mound.Delivery,,Loading,pitch.0,333773,0.9447,0.1949,1.1953,1.2424,-0.8139,2.0813,0.0,0.0
1779816505423,1,Pitching Mound.Drive,,Loading,pitch.0,334281,0.7446,9.2221,92.1607,66.624,56.3834,-12.9209,-0.0649,0.0767
1779816505423,1,Pitching Mound.Parent,,Loading,pitch.0,333479,1.6901,9.419,93.3265,67.8927,55.3975,-10.799,-0.0641,0.078
1779816505424,1,11.0000004b,Drive,Loading,pitch.0,334282,0.7542,9.246,92.2556,66.6799,56.3409,-12.895,-0.0648,0.0767
1779816505424,1,12.00000018,Upper Delivery,Loading,pitch.0,334565,1.2076,0.881,0.3031,1.0868,-0.8272,1.5792,0.0,0.0
1779816505424,1,Pitching Mound.Drive,,Loading,pitch.0,334282,0.7542,9.246,92.2556,66.6799,56.3409,-12.895,-0.0648,0.0767
1779816505424,1,Pitching Mound.Parent,,Loading,pitch.0,333480,1.6989,9.441,93.4509,67.9223,55.527,-10.8137,-0.064,0.0783
1779816505425,1,11.0000004b,Drive,Loading,pitch.0,334283,0.7456,9.2694,92.4545,66.7914,56.5084,-12.9348,-0.0649,0.0767
1779816505425,1,12.00000015,Lower Delivery,Loading,pitch.0,334011,-0.2386,-0.7078,0.9037,-0.0848,-0.0161,-0.0167,0.0,0.0
1779816505425,1,12.00000015,Lower Delivery,Loading,pitch.0,334010,-0.263,-0.7024,0.9104,-0.0791,-0.0093,-0.0076,0.0,0.0
1779816505425,1,12.00000018,Upper Delivery,Loading,pitch.0,334566,1.1779,0.8498,0.3516,0.9982,-0.8148,1.5817,0.0,0.0
1779816505425,1,Pitching Mound.Delivery,,Loading,pitch.0,333775,0.9393,0.142,1.2553,1.1012,-0.8309,2.0466,0.0,0.0
1779816505425,1,Pitching Mound.Delivery,,Loading,pitch.0,333774,0.9445,0.1785,1.2135,1.2142,-0.8366,2.0716,0.0,0.0
1779816505425,1,Pitching Mound.Drive,,Loading,pitch.0,334283,0.7456,9.2694,92.4545,66.7914,56.5084,-12.9348,-0.0649,0.0767
1779816505425,1,Pitching Mound.Parent,,Loading,pitch.0,333481,1.6901,9.4479,93.668,68.0056,55.6719,-10.8632,-0.064,0.0779
1779816505426,1,11.0000004b,Drive,Loading,pitch.0,334284,0.785,9.3057,92.9871,67.2969,57.0329,-13.0049,-0.0651,0.0768
1779816505426,1,12.00000018,Upper Delivery,Loading,pitch.0,334567,1.1734,0.8283,0.3401,1.038,-1.0865,1.6744,0.0,0.0
1779816505426,1,Pitching Mound.Drive,,Loading,pitch.0,334284,0.785,9.3057,92.9871,67.2969,57.0329,-13.0049,-0.0651,0.0768
1779816505426,1,Pitching Mound.Parent,,Loading,pitch.0,333482,1.7243,9.4477,94.2424,68.3981,56.202,-10.9584,-0.0642,0.0778
1779816505427,1,11.0000004b,Drive,Loading,pitch.0,334285,0.8011,9.3469,93.3451,67.6527,57.3345,-13.0708,-0.0652,0.0769
1779816505427,1,12.00000015,Lower Delivery,Loading,pitch.0,334012,-0.2458,-0.6915,0.9347,-0.0832,-0.0149,-0.0165,0.0,0.0
1779816505427,1,12.00000018,Upper Delivery,Loading,pitch.0,334568,1.1834,0.8209,0.3687,1.205,-0.975,1.6571,0.0,0.0
1779816505427,1,Pitching Mound.Delivery,,Loading,pitch.0,333776,0.9277,0.1368,1.2748,1.157,-1.1014,2.1404,0.0,0.0
1779816505427,1,Pitching Mound.Drive,,Loading,pitch.0,334285,0.8011,9.3469,93.3451,67.6527,57.3345,-13.0708,-0.0652,0.0769
1779816505427,1,Pitching Mound.Parent,,Loading,pitch.0,333483,1.7287,9.4837,94.6199,68.8096,56.233,-10.9304,-0.0643,0.078
1779816505428,1,11.0000004b,Drive,Loading,pitch.0,334286,0.8362,9.3725,93.9039,68.1661,57.7687,-13.1391,-0.0653,0.0771
1779816505428,1,12.00000015,Lower Delivery,Loading,pitch.0,334013,-0.2348,-0.6827,0.9557,-0.0877,-0.0205,-0.0169,0.0,0.0
1779816505428,1,12.00000015,Lower Delivery,Loading,pitch.0,334014,-0.2441,-0.6631,1.0212,-0.0864,-0.0184,-0.0168,0.0,0.0
1779816505428,1,12.00000018,Upper Delivery,Loading,pitch.0,334569,1.1894,0.8255,0.4159,1.4767,-0.6595,1.6418,0.0,0.0
1779816505428,1,Pitching Mound.Delivery,,Loading,pitch.0,333777,0.9486,0.1382,1.3244,1.317,-0.9955,2.1224,0.0,0.0
1779816505428,1,Pitching Mound.Delivery,,Loading,pitch.0,333778,0.9453,0.1624,1.4372,1.596,-0.6778,2.1124,0.0,0.0
1779816505428,1,Pitching Mound.Drive,,Loading,pitch.0,334286,0.8362,9.3725,93.9039,68.1661,57.7687,-13.1391,-0.0653,0.0771
1779816505428,1,Pitching Mound.Parent,,Loading,pitch.0,333484,1.7848,9.5107,95.2283,69.4831,56.7732,-11.0167,-0.0644,0.0781
1779816505429,1,11.0000004b,Drive,Loading,pitch.0,334287,0.8622,9.4142,94.3762,68.5727,58.2378,-13.1743,-0.0655,0.0771
1779816505429,1,12.00000018,Upper Delivery,Loading,pitch.0,334570,1.2073,0.8209,0.409,1.5459,-0.6586,1.6697,0.0,0.0
1779816505429,1,Pitching Mound.Drive,,Loading,pitch.0,334287,0.8622,9.4142,94.3762,68.5727,58.2378,-13.1743,-0.0655,0.0771
1779816505429,1,Pitching Mound.Parent,,Loading,pitch.0,333485,1.8075,9.5766,95.8133,70.1688,57.5599,-11.0619,-0.0645,0.0781
1779816505430,1,11.0000004b,Drive,Loading,pitch.0,334288,0.8764,9.4505,94.6488,68.8684,58.5336,-13.2146,-0.0657,0.0772
1779816505430,1,12.00000015,Lower Delivery,Loading,pitch.0,334015,-0.2446,-0.6263,1.0182,-0.086,-0.0275,-0.0187,0.0,0.0
1779816505430,1,12.00000015,Lower Delivery,Loading,pitch.0,334016,-0.2322,-0.6409,1.0964,-0.0934,-0.0407,-0.0114,0.0,0.0
1779816505430,1,12.00000018,Upper Delivery,Loading,pitch.0,334571,1.2048,0.818,0.421,1.5256,-0.6166,1.7446,0.0,0.0
1779816505430,1,Pitching Mound.Delivery,,Loading,pitch.0,333780,0.9726,0.177,1.5173,1.6619,-0.6573,2.2218,0.0,0.0
1779816505430,1,Pitching Mound.Delivery,,Loading,pitch.0,333779,0.9627,0.1946,1.4272,1.6671,-0.6861,2.1447,0.0,0.0
1779816505430,1,Pitching Mound.Drive,,Loading,pitch.0,334288,0.8764,9.4505,94.6488,68.8684,58.5336,-13.2146,-0.0657,0.0772
1779816505430,1,Pitching Mound.Parent,,Loading,pitch.0,333486,1.8391,9.6451,96.076,70.5355,57.8475,-11.0699,-0.0647,0.0783
1779816505431,1,11.0000004b,Drive,Loading,pitch.0,334289,0.9173,9.4697,95.1593,69.2411,58.7675,-13.2803,-0.0656,0.0772
1779816505431,1,12.00000015,Lower Delivery,Loading,pitch.0,334017,-0.2418,-0.6219,0.9932,-0.0809,-0.0303,-0.0095,0.0,0.0
1779816505431,1,12.00000018,Upper Delivery,Loading,pitch.0,334572,1.1683,0.823,0.3837,1.306,-0.5165,1.7382,0.0,0.0
1779816505431,1,Pitching Mound.Delivery,,Loading,pitch.0,333781,0.9265,0.2011,1.3769,1.4323,-0.5468,2.2081,0.0,0.0
1779816505431,1,Pitching Mound.Drive,,Loading,pitch.0,334289,0.9173,9.4697,95.1593,69.2411,58.7675,-13.2803,-0.0656,0.0772
1779816505431,1,Pitching Mound.Parent,,Loading,pitch.0,333487,1.8899,9.6467,96.6766,70.903,58.1102,-11.0585,-0.0645,0.0784
1779816505432,1,11.0000004b,Drive,Loading,pitch.0,334290,0.9292,9.4784,95.4332,69.4544,58.88,-13.2821,-0.0655,0.0773
1779816505432,1,12.00000018,Upper Delivery,Loading,pitch.0,334573,1.1507,0.8267,0.3951,1.446,-0.4925,1.7152,0.0,0.0
1779816505432,1,Pitching Mound.Drive,,Loading,pitch.0,334290,0.9292,9.4784,95.4332,69.4544,58.88,-13.2821,-0.0655,0.0773
1779816505432,1,Pitching Mound.Parent,,Loading,pitch.0,333488,1.8557,9.6795,96.8101,70.8867,58.3332,-11.074,-0.0646,0.0783
1779816505433,1,11.0000004b,Drive,Loading,pitch.0,334291,0.9526,9.5004,95.7491,69.5781,59.0912,-13.2918,-0.0655,0.0771
1779816505433,1,11.0000004b,Drive,Loading,pitch.0,334292,0.9807,9.5252,96.0772,69.8878,59.319,-13.3219,-0.0655,0.0772
1779816505433,1,12.00000015,Lower Delivery,Loading,pitch.0,334018,-0.2247,-0.6291,1.0097,-0.0845,-0.0327,-0.0127,0.0,0.0
1779816505433,1,12.00000018,Upper Delivery,Loading,pitch.0,334574,1.1561,0.8177,0.377,1.4498,-0.4181,1.7388,0.0,0.0
1779816505433,1,Pitching Mound.Delivery,,Loading,pitch.0,333782,0.926,0.1976,1.4048,1.5705,-0.5252,2.1701,0.0,0.0
1779816505433,1,Pitching Mound.Drive,,Loading,pitch.0,334291,0.9526,9.5004,95.7491,69.5781,59.0912,-13.2918,-0.0655,0.0771
1779816505433,1,Pitching Mound.Drive,,Loading,pitch.0,334292,0.9807,9.5252,96.0772,69.8878,59.319,-13.3219,-0.0655,0.0772
1779816505433,1,Pitching Mound.Parent,,Loading,pitch.0,333489,1.8786,9.6981,97.154,71.1486,58.566,-11.1217,-0.0646,0.0782
1779816505434,1,12.00000015,Lower Delivery,Loading,pitch.0,334019,-0.2253,-0.6193,1.0455,-0.082,-0.0309,-0.0097,0.0,0.0
1779816505434,1,12.00000018,Upper Delivery,Loading,pitch.0,334575,1.1649,0.8004,0.3212,1.5272,-0.5536,1.7748,0.0,0.0
1779816505434,1,Pitching Mound.Delivery,,Loading,pitch.0,333783,0.9308,0.1984,1.4226,1.5951,-0.449,2.1987,0.0,0.0
1779816505434,1,Pitching Mound.Parent,,Loading,pitch.0,333490,1.9114,9.7235,97.4998,71.483,58.87,-11.1232,-0.0646,0.0784
1779816505435,1,11.0000004b,Drive,Loading,pitch.0,334293,1.012,9.5478,96.6559,70.2572,59.5159,-13.3808,-0.0654,0.0772
1779816505435,1,11.0000004b,Drive,Loading,pitch.0,334294,1.0453,9.5917,97.1073,70.5729,59.7296,-13.3715,-0.0653,0.0772
1779816505435,1,12.00000015,Lower Delivery,Loading,pitch.0,334020,-0.2354,-0.6089,0.9749,-0.0821,-0.0253,-0.0109,0.0,0.0
1779816505435,1,12.00000018,Upper Delivery,Loading,pitch.0,334576,1.1529,0.7925,0.3098,1.3613,-0.665,1.7516,0.0,0.0
1779816505435,1,Pitching Mound.Delivery,,Loading,pitch.0,333784,0.9296,0.1915,1.2961,1.6674,-0.5789,2.2401,0.0,0.0
1779816505435,1,Pitching Mound.Drive,,Loading,pitch.0,334293,1.012,9.5478,96.6559,70.2572,59.5159,-13.3808,-0.0654,0.0772
1779816505435,1,Pitching Mound.Drive,,Loading,pitch.0,334294,1.0453,9.5917,97.1073,70.5729,59.7296,-13.3715,-0.0653,0.0772
1779816505435,1,Pitching Mound.Parent,,Loading,pitch.0,333491,1.9416,9.7393,97.952,71.9246,58.937,-11.1408,-0.0645,0.0784
1779816505436,1,11.0000004b,Drive,Loading,pitch.0,334295,1.0572,9.6139,97.4243,70.8305,59.8135,-13.3979,-0.0652,0.0772
1779816505436,1,12.00000015,Lower Delivery,Loading,pitch.0,334021,-0.2439,-0.6266,0.998,-0.0881,-0.0271,0.0063,0.0,0.0
1779816505436,1,12.00000015,Lower Delivery,Loading,pitch.0,334022,-0.252,-0.678,0.9792,-0.0812,-0.0127,0.0453,0.0,0.0
1779816505436,1,12.00000018,Upper Delivery,Loading,pitch.0,334577,1.1524,0.8215,0.2975,1.3852,-0.7557,1.79,0.0,0.0
1779816505436,1,Pitching Mound.Delivery,,Loading,pitch.0,333785,0.909,0.1659,1.3078,1.5072,-0.6921,2.2328,0.0,0.0
1779816505436,1,Pitching Mound.Delivery,,Loading,pitch.0,333786,0.9004,0.1435,1.2767,1.5358,-0.7684,2.3127,0.0,0.0
1779816505436,1,Pitching Mound.Drive,,Loading,pitch.0,334295,1.0572,9.6139,97.4243,70.8305,59.8135,-13.3979,-0.0652,0.0772
1779816505436,1,Pitching Mound.Parent,,Loading,pitch.0,333493,1.9576,9.7573,98.701,72.3663,59.0451,-11.0852,-0.0643,0.0785
1779816505436,1,Pitching Mound.Parent,,Loading,pitch.0,333492,1.9543,9.7577,98.4151,72.0801,59.0375,-11.1387,-0.0644,0.0785
1779816505437,1,11.0000004b,Drive,Loading,pitch.0,334296,1.0727,9.6447,97.8538,71.1044,59.9245,-13.415,-0.065,0.0771
1779816505437,1,12.00000015,Lower Delivery,Loading,pitch.0,334023,-0.2425,-0.6741,0.9525,-0.0836,-0.01,0.045,0.0,0.0
1779816505437,1,12.00000018,Upper Delivery,Loading,pitch.0,334578,1.1382,0.7949,0.2625,1.06,-0.7498,1.77,0.0,0.0
1779816505437,1,Pitching Mound.Delivery,,Loading,pitch.0,333787,0.8957,0.1208,1.2151,1.211,-0.7598,2.2844,0.0,0.0
1779816505437,1,Pitching Mound.Drive,,Loading,pitch.0,334296,1.0727,9.6447,97.8538,71.1044,59.9245,-13.415,-0.065,0.0771
1779816505437,1,Pitching Mound.Parent,,Loading,pitch.0,333494,1.9683,9.7655,99.0688,72.3154,59.1647,-11.1306,-0.0642,0.0786
1779816505438,1,11.0000004b,Drive,Loading,pitch.0,334297,1.0771,9.6755,98.149,71.3669,60.0577,-13.424,-0.065,0.0772
1779816505438,1,12.00000015,Lower Delivery,Loading,pitch.0,334024,-0.2515,-0.6647,0.8296,-0.0856,0.0011,0.0559,0.0,0.0
1779816505438,1,12.00000018,Upper Delivery,Loading,pitch.0,334579,1.1297,0.7843,0.281,1.0622,-0.7163,1.8009,0.0,0.0
1779816505438,1,Pitching Mound.Delivery,,Loading,pitch.0,333788,0.8782,0.1196,1.1106,1.1631,-0.7152,2.3264,0.0,0.0
1779816505438,1,Pitching Mound.Drive,,Loading,pitch.0,334297,1.0771,9.6755,98.149,71.3669,60.0577,-13.424,-0.065,0.0772
1779816505438,1,Pitching Mound.Parent,,Loading,pitch.0,333495,1.9553,9.7951,99.2596,72.53,59.3425,-11.0976,-0.0642,0.0782
1779816505439,1,12.00000018,Upper Delivery,Loading,pitch.0,334580,1.1347,0.7818,0.2453,1.1197,-0.7687,1.8071,0.0,0.0
1779816505440,1,11.0000004b,Drive,Loading,pitch.0,334298,1.0718,9.6981,98.527,71.6922,60.0812,-13.4122,-0.0647,0.0772
1779816505440,1,11.0000004b,Drive,Loading,pitch.0,334299,1.0962,9.7267,99.104,71.9007,60.1619,-13.4249,-0.0644,0.077
1779816505440,1,12.00000015,Lower Delivery,Loading,pitch.0,334025,-0.2521,-0.648,0.7952,-0.0962,0.0031,0.0153,0.0,0.0
1779816505440,1,12.00000015,Lower Delivery,Loading,pitch.0,334026,-0.2452,-0.6805,0.8895,-0.0858,0.008,0.0025,0.0,0.0
1779816505440,1,12.00000018,Upper Delivery,Loading,pitch.0,334581,1.1517,0.8043,0.2729,1.0219,-0.6094,1.8109,0.0,0.0
1779816505440,1,Pitching Mound.Delivery,,Loading,pitch.0,333789,0.8827,0.1339,1.0405,1.2105,-0.7656,2.2939,0.0,0.0
1779816505440,1,Pitching Mound.Delivery,,Loading,pitch.0,333790,0.9065,0.1238,1.1624,1.1458,-0.6014,2.2884,0.0,0.0
1779816505440,1,Pitching Mound.Drive,,Loading,pitch.0,334298,1.0718,9.6981,98.527,71.6922,60.0812,-13.4122,-0.0647,0.0772
1779816505440,1,Pitching Mound.Drive,,Loading,pitch.0,334299,1.0962,9.7267,99.104,71.9007,60.1619,-13.4249,-0.0644,0.077
1779816505440,1,Pitching Mound.Parent,,Loading,pitch.0,333496,1.9544,9.832,99.5675,72.9027,59.3156,-11.1183,-0.0641,0.0783
1779816505440,1,Pitching Mound.Parent,,Loading,pitch.0,333497,2.0027,9.8505,100.2664,73.0465,59.5604,-11.1365,-0.0637,0.0782
1779816505441,1,12.00000015,Lower Delivery,Loading,pitch.0,334027,-0.2516,-0.6967,0.8597,-0.0949,0.006,-0.0088,0.0,0.0
1779816505441,1,12.00000018,Upper Delivery,Loading,pitch.0,334582,1.1344,0.7851,0.2622,1.0269,-0.5682,1.799,0.0,0.0
1779816505441,1,Pitching Mound.Delivery,,Loading,pitch.0,333791,0.8827,0.0884,1.1219,1.1351,-0.5622,2.2614,0.0,0.0
1779816505442,1,11.0000004b,Drive,Loading,pitch.0,334301,1.0803,9.775,99.9973,72.4062,60.6003,-13.457,-0.0643,0.0769
1779816505442,1,11.0000004b,Drive,Loading,pitch.0,334300,1.081,9.7439,99.6389,72.2137,60.449,-13.4517,-0.0644,0.0769
1779816505442,1,12.00000015,Lower Delivery,Loading,pitch.0,334028,-0.2605,-0.7013,0.8534,-0.1045,-0.0006,-0.008,0.0,0.0
1779816505442,1,12.00000018,Upper Delivery,Loading,pitch.0,334583,1.1557,0.8058,0.2738,1.0409,-0.6566,1.814,0.0,0.0
1779816505442,1,Pitching Mound.Delivery,,Loading,pitch.0,333792,0.8953,0.1045,1.1272,1.1335,-0.6572,2.2875,0.0,0.0
1779816505442,1,Pitching Mound.Drive,,Loading,pitch.0,334301,1.0803,9.775,99.9973,72.4062,60.6003,-13.457,-0.0643,0.0769
1779816505442,1,Pitching Mound.Drive,,Loading,pitch.0,334300,1.081,9.7439,99.6389,72.2137,60.449,-13.4517,-0.0644,0.0769
1779816505442,1,Pitching Mound.Parent,,Loading,pitch.0,333498,1.9638,9.8323,100.7607,73.3488,59.8868,-11.1903,-0.0637,0.0781
1779816505442,1,Pitching Mound.Parent,,Loading,pitch.0,333499,1.9755,9.8796,101.1245,73.5397,59.9431,-11.1695,-0.0636,0.078
1779816505443,1,11.0000004b,Drive,Loading,pitch.0,334302,1.0771,9.7927,100.413,72.5292,60.6752,-13.4939,-0.0641,0.0767
1779816505443,1,12.00000015,Lower Delivery,Loading,pitch.0,334029,-0.2521,-0.7003,0.8474,-0.1012,0.0025,-0.0095,0.0,0.0
1779816505443,1,12.00000018,Upper Delivery,Loading,pitch.0,334584,1.1443,0.7879,0.2443,1.0509,-0.625,1.7978,0.0,0.0
1779816505443,1,Pitching Mound.Delivery,,Loading,pitch.0,333793,0.8922,0.0876,1.0916,1.1548,-0.6225,2.2631,0.0,0.0
1779816505443,1,Pitching Mound.Drive,,Loading,pitch.0,334302,1.0771,9.7927,100.413,72.5292,60.6752,-13.4939,-0.0641,0.0767
1779816505443,1,Pitching Mound.Parent,,Loading,pitch.0,333500,1.9692,9.8803,101.5047,73.684,60.0527,-11.2308,-0.0635,0.0779
1779816505444,1,11.0000004b,Drive,Loading,pitch.0,334303,1.0568,9.8177,100.6923,72.6921,61.0926,-13.5027,-0.0644,0.0766
1779816505444,1,12.00000015,Lower Delivery,Loading,pitch.0,334030,-0.2446,-0.6851,0.8189,-0.0992,-0.0156,-0.0103,0.0,0.0
1779816505444,1,12.00000018,Upper Delivery,Loading,pitch.0,334585,1.1613,0.8093,0.2168,1.1364,-0.7109,1.7369,0.0,0.0
1779816505444,1,Pitching Mound.Delivery,,Loading,pitch.0,333794,0.9167,0.1242,1.0357,1.2419,-0.7265,2.2046,0.0,0.0
1779816505444,1,Pitching Mound.Drive,,Loading,pitch.0,334303,1.0568,9.8177,100.6923,72.6921,61.0926,-13.5027,-0.0644,0.0766
1779816505444,1,Pitching Mound.Parent,,Loading,pitch.0,333501,1.9735,9.9419,101.7281,73.934,60.3661,-11.2981,-0.0638,0.0779
1779816505445,1,11.0000004b,Drive,Loading,pitch.0,334304,1.06,9.8352,100.9267,72.8282,61.4244,-13.5148,-0.0646,0.0766
1779816505445,1,12.00000015,Lower Delivery,Loading,pitch.0,334031,-0.253,-0.6964,0.8252,-0.1,-0.0109,-0.0083,0.0,0.0
1779816505445,1,12.00000018,Upper Delivery,Loading,pitch.0,334586,1.1343,0.7839,0.2519,1.0568,-0.6088,1.6806,0.0,0.0
1779816505445,1,Pitching Mound.Delivery,,Loading,pitch.0,333795,0.8813,0.0875,1.077,1.1517,-0.6197,2.144,0.0,0.0
1779816505445,1,Pitching Mound.Drive,,Loading,pitch.0,334304,1.06,9.8352,100.9267,72.8282,61.4244,-13.5148,-0.0646,0.0766
1779816505445,1,Pitching Mound.Parent,,Loading,pitch.0,333502,1.9413,9.9226,102.0037,73.9799,60.8046,-11.3708,-0.0639,0.0777
1779816505446,1,11.0000004b,Drive,Loading,pitch.0,334305,1.056,9.8618,101.1985,72.982,61.4666,-13.4894,-0.0645,0.0766
1779816505446,1,12.00000015,Lower Delivery,Loading,pitch.0,334032,-0.2404,-0.6984,0.7997,-0.0874,-0.0135,-0.0067,0.0,0.0
1779816505446,1,12.00000018,Upper Delivery,Loading,pitch.0,334587,1.1587,0.8105,0.2584,1.0081,-0.6793,1.67,0.0,0.0
1779816505446,1,Pitching Mound.Delivery,,Loading,pitch.0,333796,0.9183,0.1121,1.0581,1.1048,-0.6928,2.139,0.0,0.0
1779816505446,1,Pitching Mound.Drive,,Loading,pitch.0,334305,1.056,9.8618,101.1985,72.982,61.4666,-13.4894,-0.0645,0.0766
1779816505446,1,Pitching Mound.Parent,,Loading,pitch.0,333503,1.9742,9.9739,102.2566,74.0868,60.7738,-11.3504,-0.0638,0.0776
1779816505447,1,11.0000004b,Drive,Loading,pitch.0,334306,1.051,9.8915,101.5676,73.175,61.7573,-13.5153,-0.0646,0.0765
1779816505447,1,12.00000015,Lower Delivery,Loading,pitch.0,334033,-0.2496,-0.6977,0.8391,-0.0863,-0.0106,-0.0099,0.0,0.0
1779816505447,1,12.00000018,Upper Delivery,Loading,pitch.0,334588,1.1648,0.8373,0.275,0.9635,-0.5524,1.6426,0.0,0.0
1779816505447,1,Pitching Mound.Delivery,,Loading,pitch.0,333797,0.9152,0.1397,1.1141,1.069,-0.563,2.1136,0.0,0.0
1779816505447,1,Pitching Mound.Drive,,Loading,pitch.0,334306,1.051,9.8915,101.5676,73.175,61.7573,-13.5153,-0.0646,0.0765
1779816505447,1,Pitching Mound.Parent,,Loading,pitch.0,333504,1.9662,10.0312,102.6817,74.244,61.1943,-11.4018,-0.0639,0.0775
1779816505448,1,12.00000015,Lower Delivery,Loading,pitch.0,334034,-0.2631,-0.69,0.7878,-0.0864,-0.0163,-0.0072,0.0,0.0
1779816505448,1,12.00000018,Upper Delivery,Loading,pitch.0,334589,1.1267,0.811,0.2902,0.9939,-0.5304,1.5969,0.0,0.0
1779816505448,1,Pitching Mound.Delivery,,Loading,pitch.0,333798,0.8636,0.121,1.078,1.0767,-0.5467,2.0622,0.0,0.0
1779816505449,1,11.0000004b,Drive,Loading,pitch.0,334307,1.0573,9.9209,101.8348,73.322,61.915,-13.5051,-0.0645,0.0764
1779816505449,1,12.00000015,Lower Delivery,Loading,pitch.0,334035,-0.2694,-0.6753,0.8396,-0.0907,-0.0224,-0.013,0.0,0.0
1779816505449,1,12.00000018,Upper Delivery,Loading,pitch.0,334590,1.1185,0.8141,0.3359,1.0071,-0.5273,1.5905,0.0,0.0
1779816505449,1,Pitching Mound.Delivery,,Loading,pitch.0,333799,0.8492,0.1388,1.1755,1.0877,-0.5497,2.0494,0.0,0.0
1779816505449,1,Pitching Mound.Drive,,Loading,pitch.0,334307,1.0573,9.9209,101.8348,73.322,61.915,-13.5051,-0.0645,0.0764
1779816505449,1,Pitching Mound.Parent,,Loading,pitch.0,333505,1.9209,10.0418,102.9128,74.3988,61.3683,-11.4429,-0.0639,0.0773
1779816505450,1,11.0000004b,Drive,Loading,pitch.0,334308,1.0664,9.9344,101.9692,73.4882,61.789,-13.503,-0.0643,0.0765
1779816505450,1,12.00000015,Lower Delivery,Loading,pitch.0,334036,-0.2676,-0.6801,0.9494,-0.0915,-0.0276,0.0022,0.0,0.0
1779816505450,1,12.00000018,Upper Delivery,Loading,pitch.0,334591,1.0991,0.8167,0.3261,0.9693,-0.4677,1.5718,0.0,0.0
1779816505450,1,Pitching Mound.Delivery,,Loading,pitch.0,333800,0.8315,0.1366,1.2754,1.0898,-0.4953,2.0386,0.0,0.0
1779816505450,1,Pitching Mound.Drive,,Loading,pitch.0,334308,1.0664,9.9344,101.9692,73.4882,61.789,-13.503,-0.0643,0.0765
1779816505450,1,Pitching Mound.Parent,,Loading,pitch.0,333506,1.9155,10.0732,103.1447,74.5758,61.2394,-11.4536,-0.0636,0.0773
1779816505451,1,11.0000004b,Drive,Loading,pitch.0,334309,1.0946,9.9789,102.1186,73.5776,61.8606,-13.5251,-0.0643,0.0765
1779816505451,1,12.00000015,Lower Delivery,Loading,pitch.0,334037,-0.255,-0.6771,0.8016,-0.0916,-0.0269,-0.0096,0.0,0.0
1779816505451,1,12.00000018,Upper Delivery,Loading,pitch.0,334592,1.0772,0.8156,0.3098,1.0191,-0.332,1.5974,0.0,0.0
1779816505451,1,Pitching Mound.Delivery,,Loading,pitch.0,333801,0.8222,0.1385,1.1114,1.0947,-0.3589,2.0407,0.0,0.0
1779816505451,1,Pitching Mound.Drive,,Loading,pitch.0,334309,1.0946,9.9789,102.1186,73.5776,61.8606,-13.5251,-0.0643,0.0765
1779816505451,1,Pitching Mound.Parent,,Loading,pitch.0,333507,1.9261,10.1155,103.394,74.6673,61.3653,-11.4865,-0.0635,0.0776
1779816505452,1,11.0000004b,Drive,Loading,pitch.0,334310,1.1154,10.008,102.3214,73.7248,61.8604,-13.4962,-0.0642,0.0765
1779816505452,1,12.00000015,Lower Delivery,Loading,pitch.0,334038,-0.2425,-0.6861,0.876,-0.0904,-0.0245,-0.003,0.0,0.0
1779816505452,1,12.00000018,Upper Delivery,Loading,pitch.0,334593,1.0818,0.8409,0.3827,1.0093,-0.2758,1.5778,0.0,0.0
1779816505452,1,Pitching Mound.Delivery,,Loading,pitch.0,333802,0.8393,0.1549,1.2587,1.0866,-0.3003,2.025,0.0,0.0
1779816505452,1,Pitching Mound.Drive,,Loading,pitch.0,334310,1.1154,10.008,102.3214,73.7248,61.8604,-13.4962,-0.0642,0.0765
1779816505452,1,Pitching Mound.Parent,,Loading,pitch.0,333508,1.9376,10.1465,103.4327,74.8195,61.5015,-11.4555,-0.0635,0.0773
1779816505453,1,11.0000004b,Drive,Loading,pitch.0,334311,1.1248,10.0347,102.3599,73.8276,61.7702,-13.4987,-0.0641,0.0766
1779816505453,1,12.00000015,Lower Delivery,Loading,pitch.0,334039,-0.2404,-0.6935,0.8985,-0.0899,-0.0227,-0.009,0.0,0.0
1779816505453,1,12.00000018,Upper Delivery,Loading,pitch.0,334594,1.0702,0.7897,0.3696,1.0241,-0.313,1.5521,0.0,0.0
1779816505453,1,Pitching Mound.Delivery,,Loading,pitch.0,333803,0.8299,0.0962,1.2681,1.114,-0.3357,1.9887,0.0,0.0
1779816505453,1,Pitching Mound.Drive,,Loading,pitch.0,334311,1.1248,10.0347,102.3599,73.8276,61.7702,-13.4987,-0.0641,0.0766
1779816505453,1,Pitching Mound.Parent,,Loading,pitch.0,333509,1.9641,10.1896,103.6186,74.9142,61.4699,-11.4738,-0.0633,0.0773
1779816505454,1,11.0000004b,Drive,Loading,pitch.0,334312,1.1361,10.0605,102.4501,74.0151,61.7424,-13.4637,-0.064,0.0767
1779816505454,1,12.00000015,Lower Delivery,Loading,pitch.0,334040,-0.2278,-0.6894,0.9076,-0.0872,-0.0192,-0.0041,0.0,0.0
1779816505454,1,12.00000018,Upper Delivery,Loading,pitch.0,334595,1.0408,0.7704,0.3103,0.9389,-0.1333,1.654,0.0,0.0
1779816505454,1,Pitching Mound.Delivery,,Loading,pitch.0,333804,0.813,0.081,1.218,1.0548,-0.1525,2.0813,0.0,0.0
1779816505454,1,Pitching Mound.Drive,,Loading,pitch.0,334312,1.1361,10.0605,102.4501,74.0151,61.7424,-13.4637,-0.064,0.0767
1779816505454,1,Pitching Mound.Parent,,Loading,pitch.0,333510,1.966,10.1567,103.7182,75.1292,61.4067,-11.475,-0.0632,0.0775
1779816505455,1,11.0000004b,Drive,Loading,pitch.0,334313,1.1521,10.0973,102.6662,74.1721,61.8532,-13.4785,-0.064,0.0767
1779816505455,1,12.00000015,Lower Delivery,Loading,pitch.0,334041,-0.2265,-0.7007,1.0462,-0.0868,-0.0121,-0.0011,0.0,0.0
1779816505455,1,12.00000018,Upper Delivery,Loading,pitch.0,334596,1.0538,0.7795,0.3398,0.9577,-0.2083,1.6662,0.0,0.0
1779816505455,1,Pitching Mound.Delivery,,Loading,pitch.0,333805,0.8273,0.0788,1.3859,1.1111,-0.2204,2.1004,0.0,0.0
1779816505455,1,Pitching Mound.Drive,,Loading,pitch.0,334313,1.1521,10.0973,102.6662,74.1721,61.8532,-13.4785,-0.064,0.0767
1779816505455,1,Pitching Mound.Parent,,Loading,pitch.0,333511,1.9651,10.1782,103.8841,75.2269,61.7007,-11.3973,-0.0632,0.0778
1779816505456,1,11.0000004b,Drive,Loading,pitch.0,334314,1.1672,10.1196,102.8186,74.2677,61.6748,-13.4637,-0.0637,0.0767
1779816505456,1,11.0000004b,Drive,Loading,pitch.0,334315,1.1676,10.1472,102.9798,74.3518,61.596,-13.4887,-0.0635,0.0766
1779816505456,1,12.00000015,Lower Delivery,Loading,pitch.0,334042,-0.2234,-0.6859,0.9904,-0.0945,-0.0175,-0.0202,0.0,0.0
1779816505456,1,12.00000018,Upper Delivery,Loading,pitch.0,334597,1.0273,0.7652,0.3218,0.9267,-0.0734,1.7003,0.0,0.0
1779816505456,1,Pitching Mound.Delivery,,Loading,pitch.0,333806,0.8038,0.0793,1.3122,1.0596,-0.0909,2.1053,0.0,0.0
1779816505456,1,Pitching Mound.Drive,,Loading,pitch.0,334314,1.1672,10.1196,102.8186,74.2677,61.6748,-13.4637,-0.0637,0.0767
1779816505456,1,Pitching Mound.Drive,,Loading,pitch.0,334315,1.1676,10.1472,102.9798,74.3518,61.596,-13.4887,-0.0635,0.0766
1779816505456,1,Pitching Mound.Parent,,Loading,pitch.0,333512,1.9944,10.1985,104.2045,75.3788,61.4545,-11.3633,-0.0628,0.078
1779816505456,1,Pitching Mound.Parent,,Loading,pitch.0,333513,1.9714,10.2265,104.292,75.4114,61.5051,-11.3833,-0.0627,0.0779
1779816505457,1,12.00000015,Lower Delivery,Loading,pitch.0,334043,-0.2212,-0.69,0.9452,-0.0928,-0.0181,-0.0224,0.0,0.0
1779816505457,1,12.00000018,Upper Delivery,Loading,pitch.0,334598,1.0521,0.8168,0.3473,0.9228,-0.0396,1.7354,0.0,0.0
1779816505457,1,Pitching Mound.Delivery,,Loading,pitch.0,333807,0.8308,0.1268,1.2924,1.0333,-0.0577,2.1459,0.0,0.0
1779816505458,1,11.0000004b,Drive,Loading,pitch.0,334316,1.1785,10.1794,103.2308,74.4729,61.747,-13.4885,-0.0635,0.0766
1779816505458,1,12.00000015,Lower Delivery,Loading,pitch.0,334044,-0.2299,-0.6791,0.946,-0.1021,-0.0222,-0.0222,0.0,0.0
1779816505458,1,12.00000018,Upper Delivery,Loading,pitch.0,334599,1.0323,0.7972,0.3421,0.9204,0.002,1.6801,0.0,0.0
1779816505458,1,Pitching Mound.Delivery,,Loading,pitch.0,333808,0.8024,0.1181,1.2881,1.0236,-0.0203,2.087,0.0,0.0
1779816505458,1,Pitching Mound.Drive,,Loading,pitch.0,334316,1.1785,10.1794,103.2308,74.4729,61.747,-13.4885,-0.0635,0.0766
1779816505458,1,Pitching Mound.Parent,,Loading,pitch.0,333514,2.0093,10.3063,104.5232,75.5062,61.6893,-11.3426,-0.0627,0.0776
1779816505459,1,11.0000004b,Drive,Loading,pitch.0,334317,1.1828,10.203,103.4158,74.5393,61.7975,-13.4627,-0.0634,0.0765
1779816505459,1,12.00000015,Lower Delivery,Loading,pitch.0,334045,-0.2296,-0.6752,1.0318,-0.1029,-0.0231,-0.0229,0.0,0.0
1779816505459,1,12.00000018,Upper Delivery,Loading,pitch.0,334600,1.0199,0.787,0.376,0.8752,0.0386,1.6737,0.0,0.0
1779816505459,1,Pitching Mound.Delivery,,Loading,pitch.0,333809,0.7903,0.1118,1.4078,0.9952,0.0154,2.0756,0.0,0.0
1779816505459,1,Pitching Mound.Drive,,Loading,pitch.0,334317,1.1828,10.203,103.4158,74.5393,61.7975,-13.4627,-0.0634,0.0765
1779816505459,1,Pitching Mound.Parent,,Loading,pitch.0,333515,1.9852,10.3211,104.7039,75.563,61.7772,-11.3758,-0.0627,0.0775
1779816505460,1,11.0000004b,Drive,Loading,pitch.0,334318,1.1689,10.2307,103.5571,74.6103,61.7745,-13.4406,-0.0633,0.0765
1779816505460,1,12.00000015,Lower Delivery,Loading,pitch.0,334046,-0.2367,-0.6819,1.1013,-0.105,-0.01,-0.0209,0.0,0.0
1779816505460,1,12.00000018,Upper Delivery,Loading,pitch.0,334601,1.0124,0.7361,0.3957,0.8978,-0.0848,1.7122,0.0,0.0
1779816505460,1,Pitching Mound.Delivery,,Loading,pitch.0,333810,0.7758,0.0542,1.4969,1.0327,-0.0948,2.116,0.0,0.0
1779816505460,1,Pitching Mound.Drive,,Loading,pitch.0,334318,1.1689,10.2307,103.5571,74.6103,61.7745,-13.4406,-0.0633,0.0765
1779816505460,1,Pitching Mound.Parent,,Loading,pitch.0,333516,1.9592,10.3425,104.965,75.6055,61.79,-11.365,-0.0625,0.0776
1779816505461,1,11.0000004b,Drive,Loading,pitch.0,334319,1.1436,10.2555,103.6477,74.6311,61.9152,-13.4518,-0.0634,0.0764
1779816505461,1,12.00000015,Lower Delivery,Loading,pitch.0,334047,-0.2384,-0.675,1.0648,-0.0991,-0.007,-0.0206,0.0,0.0
1779816505461,1,12.00000018,Upper Delivery,Loading,pitch.0,334602,1.0277,0.7588,0.4618,0.9012,-0.0659,1.6384,0.0,0.0
1779816505461,1,Pitching Mound.Delivery,,Loading,pitch.0,333811,0.7893,0.0838,1.5266,1.0071,-0.073,2.0483,0.0,0.0
1779816505461,1,Pitching Mound.Drive,,Loading,pitch.0,334319,1.1436,10.2555,103.6477,74.6311,61.9152,-13.4518,-0.0634,0.0764
1779816505461,1,Pitching Mound.Parent,,Loading,pitch.0,333517,1.9194,10.3097,105.1446,75.6638,61.8204,-11.3358,-0.0625,0.0776
1779816505462,1,11.0000004b,Drive,Loading,pitch.0,334320,1.1344,10.2702,103.8157,74.6194,61.8418,-13.4423,-0.0632,0.0763
1779816505462,1,11.0000004b,Drive,Loading,pitch.0,334321,1.1214,10.2911,103.9143,74.5496,61.8797,-13.4594,-0.0632,0.0762
1779816505462,1,12.00000015,Lower Delivery,Loading,pitch.0,334048,-0.2642,-0.7027,1.1897,-0.0911,0.0054,-0.0189,0.0,0.0
1779816505462,1,12.00000018,Upper Delivery,Loading,pitch.0,334603,1.0457,0.7688,0.4516,0.8861,-0.097,1.6615,0.0,0.0
1779816505462,1,Pitching Mound.Delivery,,Loading,pitch.0,333812,0.7815,0.066,1.6412,1.046,-0.0917,2.0881,0.0,0.0
1779816505462,1,Pitching Mound.Drive,,Loading,pitch.0,334320,1.1344,10.2702,103.8157,74.6194,61.8418,-13.4423,-0.0632,0.0763
1779816505462,1,Pitching Mound.Drive,,Loading,pitch.0,334321,1.1214,10.2911,103.9143,74.5496,61.8797,-13.4594,-0.0632,0.0762
1779816505462,1,Pitching Mound.Parent,,Loading,pitch.0,333518,1.9237,10.354,105.3424,75.6265,61.7688,-11.394,-0.0623,0.0771
1779816505462,1,Pitching Mound.Parent,,Loading,pitch.0,333519,1.9029,10.3571,105.5556,75.5957,61.788,-11.3714,-0.0622,0.0774
1779816505463,1,11.0000004b,Drive,Loading,pitch.0,334322,1.1083,10.3099,103.9387,74.5017,61.8895,-13.4628,-0.0632,0.0761
1779816505463,1,12.00000015,Lower Delivery,Loading,pitch.0,334049,-0.2643,-0.6939,1.0901,-0.0907,0.003,-0.0206,0.0,0.0
1779816505463,1,12.00000018,Upper Delivery,Loading,pitch.0,334604,1.0069,0.736,0.4267,0.8978,0.0095,1.648,0.0,0.0
1779816505463,1,Pitching Mound.Delivery,,Loading,pitch.0,333813,0.7426,0.0422,1.5167,1.0327,0.0125,2.0596,0.0,0.0
1779816505463,1,Pitching Mound.Drive,,Loading,pitch.0,334322,1.1083,10.3099,103.9387,74.5017,61.8895,-13.4628,-0.0632,0.0761
1779816505463,1,Pitching Mound.Parent,,Loading,pitch.0,333520,1.851,10.3521,105.4554,75.5344,61.902,-11.4032,-0.0623,0.0771
1779816505464,1,11.0000004b,Drive,Loading,pitch.0,334323,1.1095,10.3134,104.0642,74.4765,61.9902,-13.4532,-0.0632,0.076
1779816505464,1,12.00000015,Lower Delivery,Loading,pitch.0,334050,-0.2496,-0.7153,1.2264,-0.093,0.0018,-0.019,0.0,0.0
1779816505464,1,12.00000018,Upper Delivery,Loading,pitch.0,334605,1.0338,0.7553,0.4478,0.8969,-0.0405,1.6894,0.0,0.0
1779816505464,1,Pitching Mound.Delivery,,Loading,pitch.0,333814,0.7841,0.04,1.6742,1.0686,-0.0388,2.1068,0.0,0.0
1779816505464,1,Pitching Mound.Drive,,Loading,pitch.0,334323,1.1095,10.3134,104.0642,74.4765,61.9902,-13.4532,-0.0632,0.076
1779816505464,1,Pitching Mound.Parent,,Loading,pitch.0,333521,1.8936,10.3534,105.7383,75.5451,61.9515,-11.3464,-0.0622,0.0773
1779816505465,1,11.0000004b,Drive,Loading,pitch.0,334324,1.0891,10.3342,104.0427,74.3941,61.94,-13.4534,-0.0632,0.0759
1779816505465,1,12.00000015,Lower Delivery,Loading,pitch.0,334051,-0.2761,-0.734,1.1334,-0.0825,0.0139,-0.0179,0.0,0.0
1779816505465,1,12.00000018,Upper Delivery,Loading,pitch.0,334606,1.0643,0.8302,0.469,0.9263,-0.1433,1.582,0.0,0.0
1779816505465,1,Pitching Mound.Delivery,,Loading,pitch.0,333815,0.7882,0.0963,1.6024,1.0697,-0.1295,2.0198,0.0,0.0
1779816505465,1,Pitching Mound.Drive,,Loading,pitch.0,334324,1.0891,10.3342,104.0427,74.3941,61.94,-13.4534,-0.0632,0.0759
1779816505465,1,Pitching Mound.Parent,,Loading,pitch.0,333522,1.8772,10.4305,105.6451,75.4638,61.8105,-11.4336,-0.0622,0.0769
1779816505466,1,11.0000004b,Drive,Loading,pitch.0,334325,1.0898,10.3546,104.2228,74.5038,61.9683,-13.4337,-0.0631,0.0759
1779816505466,1,12.00000015,Lower Delivery,Loading,pitch.0,334052,-0.2752,-0.7452,1.0355,-0.0877,0.0016,-0.015,0.0,0.0
1779816505466,1,12.00000018,Upper Delivery,Loading,pitch.0,334607,1.0746,0.899,0.4869,0.9827,-0.2656,1.6659,0.0,0.0
1779816505466,1,Pitching Mound.Delivery,,Loading,pitch.0,333816,0.7994,0.1538,1.5224,1.0815,-0.264,2.1099,0.0,0.0
1779816505466,1,Pitching Mound.Drive,,Loading,pitch.0,334325,1.0898,10.3546,104.2228,74.5038,61.9683,-13.4337,-0.0631,0.0759
1779816505466,1,Pitching Mound.Parent,,Loading,pitch.0,333523,1.8892,10.5083,105.7452,75.5853,61.7043,-11.3238,-0.0622,0.0766
1779816505467,1,11.0000004b,Drive,Loading,pitch.0,334326,1.0913,10.3692,104.2887,74.5096,62.0846,-13.3859,-0.0632,0.0758
1779816505467,1,12.00000015,Lower Delivery,Loading,pitch.0,334053,-0.2755,-0.7435,1.0309,-0.0817,0.0036,-0.0131,0.0,0.0
1779816505467,1,12.00000018,Upper Delivery,Loading,pitch.0,334608,1.0918,0.8864,0.4529,0.9733,-0.4678,1.651,0.0,0.0
1779816505467,1,Pitching Mound.Delivery,,Loading,pitch.0,333817,0.8163,0.1429,1.4839,1.0881,-0.4641,2.1027,0.0,0.0
1779816505467,1,Pitching Mound.Drive,,Loading,pitch.0,334326,1.0913,10.3692,104.2887,74.5096,62.0846,-13.3859,-0.0632,0.0758
1779816505467,1,Pitching Mound.Parent,,Loading,pitch.0,333524,1.9076,10.5121,105.7725,75.5977,61.6205,-11.2832,-0.0623,0.0766
1779816505468,1,11.0000004b,Drive,Loading,pitch.0,334327,1.0944,10.3782,104.425,74.5597,62.1468,-13.387,-0.0632,0.0758
1779816505468,1,12.00000015,Lower Delivery,Loading,pitch.0,334054,-0.2789,-0.7491,1.0935,-0.0624,0.0118,0.0037,0.0,0.0
1779816505468,1,12.00000018,Upper Delivery,Loading,pitch.0,334609,1.0857,0.852,0.3812,0.8863,-0.5479,1.6176,0.0,0.0
1779816505468,1,Pitching Mound.Delivery,,Loading,pitch.0,333818,0.8068,0.1029,1.4747,1.0661,-0.5361,2.0852,0.0,0.0
1779816505468,1,Pitching Mound.Drive,,Loading,pitch.0,334327,1.0944,10.3782,104.425,74.5597,62.1468,-13.387,-0.0632,0.0758
1779816505468,1,Pitching Mound.Parent,,Loading,pitch.0,333525,1.9012,10.4811,105.8997,75.6258,61.6107,-11.3018,-0.0623,0.077
1779816505469,1,11.0000004b,Drive,Loading,pitch.0,334328,1.1042,10.3903,104.4772,74.5386,62.1032,-13.3902,-0.0631,0.0757
1779816505469,1,12.00000015,Lower Delivery,Loading,pitch.0,334055,-0.2648,-0.7515,0.9928,-0.0758,-0.0023,0.0002,0.0,0.0
1779816505469,1,12.00000018,Upper Delivery,Loading,pitch.0,334610,1.1032,0.919,0.3363,1.113,-0.6179,1.67,0.0,0.0
1779816505469,1,Pitching Mound.Delivery,,Loading,pitch.0,333819,0.8384,0.1675,1.3291,1.2604,-0.6202,2.1354,0.0,0.0
1779816505469,1,Pitching Mound.Drive,,Loading,pitch.0,334328,1.1042,10.3903,104.4772,74.5386,62.1032,-13.3902,-0.0631,0.0757
1779816505469,1,Pitching Mound.Parent,,Loading,pitch.0,333526,1.9426,10.5578,105.8063,75.799,61.4831,-11.2548,-0.0623,0.0769
1779816505470,1,11.0000004b,Drive,Loading,pitch.0,334329,1.1097,10.4138,104.5815,74.5502,62.1377,-13.3973,-0.0631,0.0757
1779816505470,1,12.00000015,Lower Delivery,Loading,pitch.0,334056,-0.2684,-0.7656,0.9358,-0.0675,0.0024,0.0024,0.0,0.0
1779816505470,1,12.00000018,Upper Delivery,Loading,pitch.0,334611,1.1223,0.9032,0.2984,1.2201,-0.6449,1.6884,0.0,0.0
1779816505470,1,Pitching Mound.Delivery,,Loading,pitch.0,333820,0.8539,0.1376,1.2342,1.3693,-0.6425,2.1636,0.0,0.0
1779816505470,1,Pitching Mound.Drive,,Loading,pitch.0,334329,1.1097,10.4138,104.5815,74.5502,62.1377,-13.3973,-0.0631,0.0757
1779816505470,1,Pitching Mound.Parent,,Loading,pitch.0,333527,1.9636,10.5514,105.8157,75.9196,61.4952,-11.2338,-0.0623,0.0768
1779816505471,1,11.0000004b,Drive,Loading,pitch.0,334330,1.1217,10.4399,104.7732,74.5642,62.3686,-13.3715,-0.0632,0.0756
1779816505471,1,12.00000015,Lower Delivery,Loading,pitch.0,334057,-0.2692,-0.7612,0.9381,-0.0717,-0.0059,0.0014,0.0,0.0
1779816505471,1,12.00000018,Upper Delivery,Loading,pitch.0,334612,1.122,0.8921,0.2865,1.2625,-0.5888,1.6501,0.0,0.0
1779816505471,1,Pitching Mound.Delivery,,Loading,pitch.0,333821,0.8528,0.1309,1.2246,1.4123,-0.5947,2.1245,0.0,0.0
1779816505471,1,Pitching Mound.Drive,,Loading,pitch.0,334330,1.1217,10.4399,104.7732,74.5642,62.3686,-13.3715,-0.0632,0.0756
1779816505471,1,Pitching Mound.Parent,,Loading,pitch.0,333528,1.9745,10.5708,105.9978,75.9765,61.7738,-11.2469,-0.0625,0.0768
1779816505472,1,11.0000004b,Drive,Loading,pitch.0,334331,1.1348,10.453,104.9964,74.6263,62.6042,-13.3523,-0.0633,0.0755
1779816505472,1,12.00000015,Lower Delivery,Loading,pitch.0,334058,-0.2702,-0.7577,0.9511,-0.0754,-0.011,0.0167,0.0,0.0
1779816505472,1,12.00000018,Upper Delivery,Loading,pitch.0,334613,1.1409,0.8756,0.2412,1.3754,-0.6861,1.7053,0.0,0.0
1779816505472,1,Pitching Mound.Delivery,,Loading,pitch.0,333822,0.8707,0.1179,1.1922,1.5414,-0.697,2.2018,0.0,0.0
1779816505472,1,Pitching Mound.Drive,,Loading,pitch.0,334331,1.1348,10.453,104.9964,74.6263,62.6042,-13.3523,-0.0633,0.0755
1779816505472,1,Pitching Mound.Parent,,Loading,pitch.0,333529,2.0055,10.5709,106.1886,76.1676,61.9072,-11.1505,-0.0626,0.0769
1779816505473,1,11.0000004b,Drive,Loading,pitch.0,334332,1.1345,10.4693,104.9269,74.5998,62.5193,-13.3111,-0.0633,0.0755
1779816505473,1,12.00000015,Lower Delivery,Loading,pitch.0,334059,-0.2404,-0.7387,0.9353,-0.0921,-0.0197,-0.0007,0.0,0.0
1779816505473,1,12.00000018,Upper Delivery,Loading,pitch.0,334614,1.1423,0.849,0.2237,1.3016,-0.6501,1.7074,0.0,0.0
1779816505473,1,Pitching Mound.Delivery,,Loading,pitch.0,333823,0.9019,0.1104,1.159,1.4514,-0.6697,2.1768,0.0,0.0
1779816505473,1,Pitching Mound.Drive,,Loading,pitch.0,334332,1.1345,10.4693,104.9269,74.5998,62.5193,-13.3111,-0.0633,0.0755
1779816505473,1,Pitching Mound.Parent,,Loading,pitch.0,333530,2.0364,10.5797,106.0859,76.0512,61.8496,-11.1343,-0.0626,0.0769
1779816505474,1,11.0000004b,Drive,Loading,pitch.0,334333,1.1659,10.4923,104.9514,74.6021,62.5848,-13.3132,-0.0633,0.0755
1779816505474,1,12.00000015,Lower Delivery,Loading,pitch.0,334060,-0.2199,-0.7531,0.9635,-0.0964,-0.0187,-0.0024,0.0,0.0
1779816505474,1,12.00000018,Upper Delivery,Loading,pitch.0,334615,1.1429,0.8561,0.2223,1.2522,-0.5731,1.7102,0.0,0.0
1779816505474,1,Pitching Mound.Delivery,,Loading,pitch.0,333824,0.923,0.103,1.1859,1.4078,-0.5918,2.1711,0.0,0.0
1779816505474,1,Pitching Mound.Drive,,Loading,pitch.0,334333,1.1659,10.4923,104.9514,74.6021,62.5848,-13.3132,-0.0633,0.0755
1779816505474,1,Pitching Mound.Parent,,Loading,pitch.0,333531,2.0889,10.5954,106.1373,76.01,61.9931,-11.1421,-0.0626,0.077
1779816505475,1,11.0000004b,Drive,Loading,pitch.0,334334,1.1746,10.5105,104.8487,74.4741,62.4924,-13.2852,-0.0633,0.0754
1779816505475,1,12.00000015,Lower Delivery,Loading,pitch.0,334061,-0.2162,-0.7336,0.8196,-0.093,-0.0172,-0.0048,0.0,0.0
1779816505475,1,12.00000018,Upper Delivery,Loading,pitch.0,334616,1.1115,0.7837,0.229,1.0929,-0.4586,1.6794,0.0,0.0
1779816505475,1,Pitching Mound.Delivery,,Loading,pitch.0,333825,0.8952,0.05,1.0486,1.2008,-0.4759,2.126,0.0,0.0
1779816505475,1,Pitching Mound.Drive,,Loading,pitch.0,334334,1.1746,10.5105,104.8487,74.4741,62.4924,-13.2852,-0.0633,0.0754
1779816505475,1,Pitching Mound.Parent,,Loading,pitch.0,333532,2.0698,10.5605,105.8973,75.6749,62.0165,-11.1592,-0.0626,0.0766
1779816505476,1,11.0000004b,Drive,Loading,pitch.0,334335,1.1971,10.5245,104.8326,74.4089,62.3699,-13.2607,-0.0632,0.0754
1779816505476,1,12.00000015,Lower Delivery,Loading,pitch.0,334062,-0.214,-0.7145,0.9038,-0.1122,-0.0281,-0.0126,0.0,0.0
1779816505476,1,12.00000018,Upper Delivery,Loading,pitch.0,334617,1.1218,0.777,0.2733,1.1364,-0.4503,1.7115,0.0,0.0
1779816505476,1,Pitching Mound.Delivery,,Loading,pitch.0,333826,0.9078,0.0625,1.1771,1.2386,-0.4783,2.1531,0.0,0.0
1779816505476,1,Pitching Mound.Drive,,Loading,pitch.0,334335,1.1971,10.5245,104.8326,74.4089,62.3699,-13.2607,-0.0632,0.0754
1779816505476,1,Pitching Mound.Parent,,Loading,pitch.0,333533,2.1049,10.587,106.0097,75.6475,61.8915,-11.1076,-0.0625,0.0765
1779816505477,1,11.0000004b,Drive,Loading,pitch.0,334336,1.2054,10.5368,104.7379,74.2572,62.3044,-13.2338,-0.0632,0.0753
1779816505477,1,12.00000015,Lower Delivery,Loading,pitch.0,334063,-0.1928,-0.7131,0.9215,-0.1126,-0.0329,-0.0176,0.0,0.0
1779816505477,1,12.00000018,Upper Delivery,Loading,pitch.0,334618,1.1166,0.7433,0.2719,0.996,-0.396,1.7079,0.0,0.0
1779816505477,1,Pitching Mound.Delivery,,Loading,pitch.0,333827,0.9238,0.0303,1.1934,1.1043,-0.4289,2.1355,0.0,0.0
1779816505477,1,Pitching Mound.Drive,,Loading,pitch.0,334336,1.2054,10.5368,104.7379,74.2572,62.3044,-13.2338,-0.0632,0.0753
1779816505477,1,Pitching Mound.Parent,,Loading,pitch.0,333534,2.1292,10.5671,105.9312,75.3615,61.8754,-11.0983,-0.0624,0.0765
1779816505478,1,11.0000004b,Drive,Loading,pitch.0,334337,1.2226,10.5584,104.6278,74.1662,62.212,-13.2224,-0.0631,0.0753
1779816505478,1,12.00000015,Lower Delivery,Loading,pitch.0,334064,-0.1877,-0.7223,0.967,-0.1104,-0.0281,-0.0173,0.0,0.0
1779816505478,1,12.00000018,Upper Delivery,Loading,pitch.0,334619,1.1187,0.7409,0.2751,1.1528,-0.595,1.7566,0.0,0.0
1779816505478,1,Pitching Mound.Delivery,,Loading,pitch.0,333828,0.931,0.0186,1.2421,1.2777,-0.623,2.1835,0.0,0.0
1779816505478,1,Pitching Mound.Drive,,Loading,pitch.0,334337,1.2226,10.5584,104.6278,74.1662,62.212,-13.2224,-0.0631,0.0753
1779816505478,1,Pitching Mound.Parent,,Loading,pitch.0,333535,2.1537,10.5771,105.8699,75.4439,61.5889,-11.0389,-0.0624,0.0766
1779816505479,1,11.0000004b,Drive,Loading,pitch.0,334338,1.2388,10.5891,104.6086,74.0749,62.1803,-13.2145,-0.0631,0.0752
1779816505479,1,12.00000015,Lower Delivery,Loading,pitch.0,334065,-0.1861,-0.6967,0.9154,-0.1014,-0.0273,-0.0173,0.0,0.0
1779816505479,1,12.00000018,Upper Delivery,Loading,pitch.0,334620,1.0987,0.7257,0.3338,1.299,-0.6455,1.7878,0.0,0.0
1779816505479,1,Pitching Mound.Delivery,,Loading,pitch.0,333829,0.9126,0.029,1.2492,1.3953,-0.6727,2.2073,0.0,0.0
1779816505479,1,Pitching Mound.Drive,,Loading,pitch.0,334338,1.2388,10.5891,104.6086,74.0749,62.1803,-13.2145,-0.0631,0.0752
1779816505479,1,Pitching Mound.Parent,,Loading,pitch.0,333536,2.1514,10.6181,105.8578,75.4702,61.5076,-11.0072,-0.0624,0.0762
1779816505480,1,11.0000004b,Drive,Loading,pitch.0,334339,1.2449,10.6016,104.5513,74.0323,62.0676,-13.1658,-0.063,0.0752
1779816505480,1,12.00000015,Lower Delivery,Loading,pitch.0,334066,-0.1815,-0.6843,0.8768,-0.1039,-0.0256,-0.0191,0.0,0.0
1779816505480,1,12.00000018,Upper Delivery,Loading,pitch.0,334621,1.116,0.7398,0.3369,1.0699,-0.6121,1.7448,0.0,0.0
1779816505480,1,Pitching Mound.Delivery,,Loading,pitch.0,333830,0.9345,0.0555,1.2138,1.1495,-0.6378,2.1669,0.0,0.0
1779816505480,1,Pitching Mound.Drive,,Loading,pitch.0,334339,1.2449,10.6016,104.5513,74.0323,62.0676,-13.1658,-0.063,0.0752
1779816505480,1,Pitching Mound.Parent,,Loading,pitch.0,333537,2.1795,10.6571,105.7651,75.1819,61.4298,-10.9989,-0.0623,0.076
1779816505481,1,11.0000004b,Drive,Loading,pitch.0,334340,1.2659,10.6046,104.6693,74.0414,62.0201,-13.1297,-0.0629,0.0751
1779816505481,1,12.00000015,Lower Delivery,Loading,pitch.0,334067,-0.1708,-0.6941,0.9604,-0.0992,-0.026,-0.0194,0.0,0.0
1779816505481,1,12.00000018,Upper Delivery,Loading,pitch.0,334622,1.1176,0.7609,0.3588,1.1235,-0.4557,1.7847,0.0,0.0
1779816505481,1,Pitching Mound.Delivery,,Loading,pitch.0,333831,0.9468,0.0668,1.3192,1.2288,-0.4816,2.2034,0.0,0.0
1779816505481,1,Pitching Mound.Drive,,Loading,pitch.0,334340,1.2659,10.6046,104.6693,74.0414,62.0201,-13.1297,-0.0629,0.0751
1779816505481,1,Pitching Mound.Parent,,Loading,pitch.0,333538,2.2127,10.6713,105.9885,75.2702,61.5385,-10.9263,-0.0621,0.0761
1779816505482,1,11.0000004b,Drive,Loading,pitch.0,334341,1.2874,10.6219,104.6191,73.9475,61.9148,-13.1335,-0.0628,0.075
1779816505482,1,12.00000015,Lower Delivery,Loading,pitch.0,334068,-0.1795,-0.6819,0.9284,-0.0892,-0.0267,-0.0223,0.0,0.0
1779816505482,1,12.00000018,Upper Delivery,Loading,pitch.0,334623,1.1162,0.7496,0.3952,1.0464,-0.6321,1.7629,0.0,0.0
1779816505482,1,Pitching Mound.Delivery,,Loading,pitch.0,333832,0.9367,0.0677,1.3236,1.1385,-0.6588,2.1811,0.0,0.0
1779816505482,1,Pitching Mound.Drive,,Loading,pitch.0,334341,1.2874,10.6219,104.6191,73.9475,61.9148,-13.1335,-0.0628,0.075
1779816505482,1,Pitching Mound.Parent,,Loading,pitch.0,333539,2.2241,10.6896,105.9427,75.0859,61.256,-10.9524,-0.062,0.0758
1779816505483,1,11.0000004b,Drive,Loading,pitch.0,334342,1.297,10.6379,104.7188,73.9069,61.8835,-13.1165,-0.0627,0.0749
1779816505483,1,12.00000015,Lower Delivery,Loading,pitch.0,334069,-0.1826,-0.6869,0.9486,-0.0915,-0.0139,-0.0206,0.0,0.0
1779816505483,1,12.00000018,Upper Delivery,Loading,pitch.0,334624,1.13,0.7675,0.4173,0.9856,-0.6459,1.7378,0.0,0.0
1779816505483,1,Pitching Mound.Delivery,,Loading,pitch.0,333833,0.9474,0.0807,1.3659,1.0748,-0.6598,2.1635,0.0,0.0
1779816505483,1,Pitching Mound.Drive,,Loading,pitch.0,334342,1.297,10.6379,104.7188,73.9069,61.8835,-13.1165,-0.0627,0.0749
1779816505483,1,Pitching Mound.Parent,,Loading,pitch.0,333540,2.2444,10.7185,106.0847,74.9817,61.2236,-10.953,-0.0619,0.0757
1779816505484,1,11.0000004b,Drive,Loading,pitch.0,334343,1.3127,10.6364,104.7448,73.9238,61.6836,-13.1,-0.0625,0.0749
1779816505484,1,12.00000015,Lower Delivery,Loading,pitch.0,334070,-0.2007,-0.6994,0.971,-0.0826,-0.0097,-0.018,0.0,0.0
1779816505484,1,12.00000018,Upper Delivery,Loading,pitch.0,334625,1.1811,0.8152,0.3735,1.0252,-0.6508,1.7228,0.0,0.0
1779816505484,1,Pitching Mound.Delivery,,Loading,pitch.0,333834,0.9804,0.1158,1.3445,1.1457,-0.6606,2.1746,0.0,0.0
1779816505484,1,Pitching Mound.Drive,,Loading,pitch.0,334343,1.3127,10.6364,104.7448,73.9238,61.6836,-13.1,-0.0625,0.0749
1779816505484,1,Pitching Mound.Parent,,Loading,pitch.0,333541,2.2931,10.7522,106.0893,75.0695,61.023,-10.9253,-0.0617,0.0759
1779816505485,1,11.0000004b,Drive,Loading,pitch.0,334344,1.3395,10.6578,104.8349,73.8534,61.5662,-13.0655,-0.0623,0.0748
1779816505485,1,12.00000015,Lower Delivery,Loading,pitch.0,334071,-0.2143,-0.7093,0.9073,-0.077,-0.0111,-0.016,0.0,0.0
1779816505485,1,12.00000018,Upper Delivery,Loading,pitch.0,334626,1.1485,0.7941,0.429,1.0112,-0.5188,1.6661,0.0,0.0
1779816505485,1,Pitching Mound.Delivery,,Loading,pitch.0,333835,0.9342,0.0848,1.3362,1.0969,-0.5299,2.1134,0.0,0.0
1779816505485,1,Pitching Mound.Drive,,Loading,pitch.0,334344,1.3395,10.6578,104.8349,73.8534,61.5662,-13.0655,-0.0623,0.0748
1779816505485,1,Pitching Mound.Parent,,Loading,pitch.0,333542,2.2736,10.7426,106.1711,74.9503,61.0362,-10.9521,-0.0616,0.0754
1779816505486,1,11.0000004b,Drive,Loading,pitch.0,334345,1.344,10.6648,104.8853,73.8854,61.5787,-13.0447,-0.0623,0.0748
1779816505486,1,12.00000015,Lower Delivery,Loading,pitch.0,334072,-0.2267,-0.6993,0.9163,-0.0831,-0.0138,-0.015,0.0,0.0
1779816505486,1,12.00000018,Upper Delivery,Loading,pitch.0,334627,1.1606,0.8102,0.4482,1.042,-0.6817,1.6741,0.0,0.0
1779816505486,1,Pitching Mound.Delivery,,Loading,pitch.0,333836,0.9339,0.1109,1.3645,1.118,-0.6955,2.1307,0.0,0.0
1779816505486,1,Pitching Mound.Drive,,Loading,pitch.0,334345,1.344,10.6648,104.8853,73.8854,61.5787,-13.0447,-0.0623,0.0748
1779816505486,1,Pitching Mound.Parent,,Loading,pitch.0,333543,2.2778,10.7757,106.2498,75.0034,60.8831,-10.9139,-0.0615,0.0753
1779816505487,1,11.0000004b,Drive,Loading,pitch.0,334346,1.3575,10.6662,104.9264,73.8149,61.5938,-12.9982,-0.0623,0.0747
1779816505487,1,12.00000015,Lower Delivery,Loading,pitch.0,334073,-0.227,-0.7048,0.8197,-0.0792,-0.01,-0.0116,0.0,0.0
1779816505487,1,12.00000018,Upper Delivery,Loading,pitch.0,334628,1.1708,0.8252,0.4464,1.0416,-0.7368,1.6952,0.0,0.0
1779816505487,1,Pitching Mound.Delivery,,Loading,pitch.0,333837,0.9438,0.1204,1.2661,1.0892,-0.7468,2.1588,0.0,0.0
1779816505487,1,Pitching Mound.Drive,,Loading,pitch.0,334346,1.3575,10.6662,104.9264,73.8149,61.5938,-12.9982,-0.0623,0.0747
1779816505487,1,Pitching Mound.Parent,,Loading,pitch.0,333544,2.3013,10.7866,106.1925,74.9042,60.847,-10.8394,-0.0616,0.075
1779816505488,1,11.0000004b,Drive,Loading,pitch.0,334347,1.3761,10.6753,104.9077,73.7649,61.4135,-13.0051,-0.0621,0.0746
1779816505488,1,12.00000015,Lower Delivery,Loading,pitch.0,334074,-0.2385,-0.6932,0.7582,-0.0745,-0.0055,-0.01,0.0,0.0
1779816505488,1,12.00000018,Upper Delivery,Loading,pitch.0,334629,1.1714,0.8674,0.4637,1.1193,-0.7639,1.6438,0.0,0.0
1779816505488,1,Pitching Mound.Delivery,,Loading,pitch.0,333838,0.9329,0.1741,1.2219,1.1449,-0.7694,2.1131,0.0,0.0
1779816505488,1,Pitching Mound.Drive,,Loading,pitch.0,334347,1.3761,10.6753,104.9077,73.7649,61.4135,-13.0051,-0.0621,0.0746
1779816505488,1,Pitching Mound.Parent,,Loading,pitch.0,333545,2.309,10.8494,106.1295,74.9098,60.6441,-10.8919,-0.0614,0.0747
1779816505489,1,11.0000004b,Drive,Loading,pitch.0,334348,1.3915,10.683,104.8514,73.6229,61.475,-12.9649,-0.0622,0.0745
1779816505489,1,12.00000015,Lower Delivery,Loading,pitch.0,334075,-0.2478,-0.6789,0.7233,-0.0776,-0.0035,-0.0122,0.0,0.0
1779816505489,1,12.00000018,Upper Delivery,Loading,pitch.0,334630,1.1708,0.8415,0.4658,1.0424,-0.7676,1.6123,0.0,0.0
1779816505489,1,Pitching Mound.Delivery,,Loading,pitch.0,333839,0.923,0.1626,1.1892,1.0523,-0.771,2.0825,0.0,0.0
1779816505489,1,Pitching Mound.Drive,,Loading,pitch.0,334348,1.3915,10.683,104.8514,73.6229,61.475,-12.9649,-0.0622,0.0745
1779816505489,1,Pitching Mound.Parent,,Loading,pitch.0,333546,2.3145,10.8456,106.0406,74.6752,60.7039,-10.8825,-0.0615,0.0745
1779816505490,1,11.0000004b,Drive,Loading,pitch.0,334349,1.4063,10.7011,104.9001,73.5981,61.4792,-12.9488,-0.0622,0.0745
1779816505490,1,12.00000015,Lower Delivery,Loading,pitch.0,334076,-0.2572,-0.6725,0.6919,-0.076,-0.0088,-0.0119,0.0,0.0
1779816505490,1,12.00000018,Upper Delivery,Loading,pitch.0,334631,1.1725,0.87,0.4349,1.1736,-0.741,1.6019,0.0,0.0
1779816505490,1,Pitching Mound.Delivery,,Loading,pitch.0,333840,0.9153,0.1975,1.1268,1.185,-0.7499,2.0761,0.0,0.0
1779816505490,1,Pitching Mound.Drive,,Loading,pitch.0,334349,1.4063,10.7011,104.9001,73.5981,61.4792,-12.9488,-0.0622,0.0745
1779816505490,1,Pitching Mound.Parent,,Loading,pitch.0,333547,2.3216,10.8986,106.0269,74.7831,60.7293,-10.8728,-0.0616,0.0745
1779816505491,1,11.0000004b,Drive,Loading,pitch.0,334350,1.415,10.6967,104.8596,73.4928,61.495,-12.8827,-0.0623,0.0744
1779816505491,1,12.00000015,Lower Delivery,Loading,pitch.0,334077,-0.2579,-0.6894,0.7176,-0.0793,-0.0068,-0.0133,0.0,0.0
1779816505491,1,12.00000018,Upper Delivery,Loading,pitch.0,334632,1.1587,0.8511,0.457,1.244,-0.7344,1.5834,0.0,0.0
1779816505491,1,Pitching Mound.Delivery,,Loading,pitch.0,333841,0.9008,0.1616,1.1746,1.2534,-0.7412,2.0518,0.0,0.0
1779816505491,1,Pitching Mound.Drive,,Loading,pitch.0,334350,1.415,10.6967,104.8596,73.4928,61.495,-12.8827,-0.0623,0.0744
1779816505491,1,Pitching Mound.Parent,,Loading,pitch.0,333548,2.3158,10.8584,106.0342,74.7462,60.7539,-10.8309,-0.0616,0.0744
1779816505492,1,11.0000004b,Drive,Loading,pitch.0,334351,1.4314,10.7025,104.8647,73.3917,61.2869,-12.8851,-0.062,0.0743
1779816505492,1,12.00000015,Lower Delivery,Loading,pitch.0,334078,-0.2588,-0.7065,0.7333,-0.0774,0.0024,-0.0114,0.0,0.0
1779816505492,1,12.00000018,Upper Delivery,Loading,pitch.0,334633,1.1861,0.8893,0.4072,1.2749,-0.6157,1.5772,0.0,0.0
1779816505492,1,Pitching Mound.Delivery,,Loading,pitch.0,333842,0.9272,0.1828,1.1405,1.3084,-0.6132,2.057,0.0,0.0
1779816505492,1,Pitching Mound.Drive,,Loading,pitch.0,334351,1.4314,10.7025,104.8647,73.3917,61.2869,-12.8851,-0.062,0.0743
1779816505492,1,Pitching Mound.Parent,,Loading,pitch.0,333549,2.3587,10.8853,106.0052,74.7001,60.6736,-10.8281,-0.0614,0.0745
1779816505493,1,11.0000004b,Drive,Loading,pitch.0,334352,1.4376,10.7108,104.8407,73.2377,61.1334,-12.8183,-0.0619,0.0742
1779816505493,1,12.00000015,Lower Delivery,Loading,pitch.0,334079,-0.2351,-0.6973,0.7215,-0.0835,-0.0097,-0.0051,0.0,0.0
1779816505493,1,12.00000018,Upper Delivery,Loading,pitch.0,334634,1.1517,0.9217,0.432,1.1315,-0.3744,1.5726,0.0,0.0
1779816505493,1,Pitching Mound.Delivery,,Loading,pitch.0,333843,0.9166,0.2243,1.1536,1.1464,-0.3842,2.039,0.0,0.0
1779816505493,1,Pitching Mound.Drive,,Loading,pitch.0,334352,1.4376,10.7108,104.8407,73.2377,61.1334,-12.8183,-0.0619,0.0742
1779816505493,1,Pitching Mound.Parent,,Loading,pitch.0,333550,2.3542,10.9351,105.9943,74.3841,60.7493,-10.7793,-0.0612,0.0743
1779816505494,1,11.0000004b,Drive,Loading,pitch.0,334353,1.4396,10.7277,104.714,73.2433,61.0526,-12.7863,-0.0619,0.0743
1779816505494,1,12.00000015,Lower Delivery,Loading,pitch.0,334080,-0.2324,-0.7115,0.7296,-0.0813,-0.0073,-0.0012,0.0,0.0
1779816505494,1,12.00000018,Upper Delivery,Loading,pitch.0,334635,1.1399,0.9544,0.3515,1.1909,-0.3083,1.5671,0.0,0.0
1779816505494,1,Pitching Mound.Delivery,,Loading,pitch.0,333844,0.9075,0.2429,1.0811,1.2382,-0.3155,2.0325,0.0,0.0
1779816505494,1,Pitching Mound.Drive,,Loading,pitch.0,334353,1.4396,10.7277,104.714,73.2433,61.0526,-12.7863,-0.0619,0.0743
1779816505494,1,Pitching Mound.Parent,,Loading,pitch.0,333551,2.3471,10.9706,105.7952,74.4815,60.7371,-10.7538,-0.0613,0.0747
1779816505495,1,11.0000004b,Drive,Loading,pitch.0,334354,1.448,10.7247,104.6207,73.0377,61.1178,-12.7336,-0.062,0.0741
1779816505495,1,12.00000015,Lower Delivery,Loading,pitch.0,334081,-0.2181,-0.7378,0.8099,-0.0827,-0.0078,0.0064,0.0,0.0
1779816505495,1,12.00000018,Upper Delivery,Loading,pitch.0,334636,1.1217,1.0046,0.4362,1.1306,-0.1309,1.573,0.0,0.0
1779816505495,1,Pitching Mound.Delivery,,Loading,pitch.0,333845,0.9036,0.2668,1.2462,1.1749,-0.1387,2.0349,0.0,0.0
1779816505495,1,Pitching Mound.Drive,,Loading,pitch.0,334354,1.448,10.7247,104.6207,73.0377,61.1178,-12.7336,-0.062,0.0741
1779816505495,1,Pitching Mound.Parent,,Loading,pitch.0,333552,2.3516,10.9915,105.8669,74.2126,60.9791,-10.6987,-0.0613,0.0744
1779816505496,1,11.0000004b,Drive,Loading,pitch.0,334355,1.4469,10.7253,104.5469,72.9624,61.0053,-12.6966,-0.0619,0.0741
1779816505496,1,12.00000015,Lower Delivery,Loading,pitch.0,334082,-0.2237,-0.7482,0.882,-0.0713,-0.014,0.1125,0.0,0.0
1779816505496,1,12.00000018,Upper Delivery,Loading,pitch.0,334637,1.1191,1.0006,0.4119,1.1697,-0.1266,1.6041,0.0,0.0
1779816505496,1,Pitching Mound.Delivery,,Loading,pitch.0,333846,0.8954,0.2524,1.2939,1.2582,-0.1407,2.1732,0.0,0.0
1779816505496,1,Pitching Mound.Drive,,Loading,pitch.0,334355,1.4469,10.7253,104.5469,72.9624,61.0053,-12.6966,-0.0619,0.0741
1779816505496,1,Pitching Mound.Parent,,Loading,pitch.0,333553,2.3423,10.9776,105.8408,74.2207,60.8647,-10.5234,-0.0612,0.0747
1779816505497,1,11.0000004b,Drive,Loading,pitch.0,334356,1.4277,10.7423,104.4587,72.8337,60.7884,-12.6681,-0.0618,0.074
1779816505497,1,12.00000015,Lower Delivery,Loading,pitch.0,334083,-0.2338,-0.77,0.8873,-0.0788,-0.0242,0.0804,0.0,0.0
1779816505497,1,12.00000018,Upper Delivery,Loading,pitch.0,334638,1.115,1.0477,0.5198,1.1723,-0.0294,1.596,0.0,0.0
1779816505497,1,Pitching Mound.Delivery,,Loading,pitch.0,333847,0.8812,0.2777,1.4072,1.2184,-0.0536,2.135,0.0,0.0
1779816505497,1,Pitching Mound.Drive,,Loading,pitch.0,334356,1.4277,10.7423,104.4587,72.8337,60.7884,-12.6681,-0.0618,0.074
1779816505497,1,Pitching Mound.Parent,,Loading,pitch.0,333554,2.3089,11.02,105.8658,74.0521,60.7348,-10.5331,-0.061,0.0742
1779816505498,1,11.0000004b,Drive,Loading,pitch.0,334357,1.4267,10.7469,104.3183,72.725,60.6821,-12.6462,-0.0618,0.074
1779816505498,1,12.00000015,Lower Delivery,Loading,pitch.0,334084,-0.2436,-0.7898,0.903,-0.0792,-0.0215,0.0392,0.0,0.0
1779816505498,1,12.00000018,Upper Delivery,Loading,pitch.0,334639,1.1002,0.9878,0.4677,1.1633,-0.1402,1.6037,0.0,0.0
1779816505498,1,Pitching Mound.Delivery,,Loading,pitch.0,333848,0.8565,0.198,1.3707,1.2321,-0.1617,2.0998,0.0,0.0
1779816505498,1,Pitching Mound.Drive,,Loading,pitch.0,334357,1.4267,10.7469,104.3183,72.725,60.6821,-12.6462,-0.0618,0.074
1779816505498,1,Pitching Mound.Parent,,Loading,pitch.0,333555,2.2833,10.9449,105.6891,73.9571,60.5205,-10.5463,-0.061,0.0745
1779816505499,1,11.0000004b,Drive,Loading,pitch.0,334358,1.4282,10.754,104.2471,72.5998,60.6343,-12.5762,-0.0617,0.0739
1779816505499,1,12.00000015,Lower Delivery,Loading,pitch.0,334085,-0.2574,-0.8066,1.0251,-0.081,-0.0149,0.0696,0.0,0.0
1779816505499,1,12.00000018,Upper Delivery,Loading,pitch.0,334640,1.1166,0.9399,0.454,1.1641,-0.6367,1.6601,0.0,0.0
1779816505499,1,Pitching Mound.Delivery,,Loading,pitch.0,333849,0.8592,0.1333,1.4791,1.2773,-0.6515,2.1969,0.0,0.0
1779816505499,1,Pitching Mound.Drive,,Loading,pitch.0,334358,1.4282,10.754,104.2471,72.5998,60.6343,-12.5762,-0.0617,0.0739
1779816505499,1,Pitching Mound.Parent,,Loading,pitch.0,333556,2.2874,10.8872,105.7262,73.8771,59.9827,-10.3794,-0.0609,0.0747
1779816505500,1,11.0000004b,Drive,Loading,pitch.0,334359,1.427,10.7543,104.2624,72.4656,60.4723,-12.5235,-0.0616,0.0738
1779816505500,1,12.00000015,Lower Delivery,Loading,pitch.0,334086,-0.2521,-0.8106,1.0087,-0.077,-0.0167,0.0548,0.0,0.0
1779816505500,1,12.00000018,Upper Delivery,Loading,pitch.0,334641,1.1439,0.934,0.4062,1.2045,-0.9267,1.6914,0.0,0.0
1779816505500,1,Pitching Mound.Delivery,,Loading,pitch.0,333850,0.8919,0.1234,1.415,1.3324,-0.9434,2.2208,0.0,0.0
1779816505500,1,Pitching Mound.Drive,,Loading,pitch.0,334359,1.427,10.7543,104.2624,72.4656,60.4723,-12.5235,-0.0616,0.0738
1779816505500,1,Pitching Mound.Parent,,Loading,pitch.0,333557,2.3188,10.8778,105.6773,73.798,59.5289,-10.3027,-0.0608,0.0747
1779816505501,1,11.0000004b,Drive,Loading,pitch.0,334360,1.4162,10.7496,104.1312,72.2784,60.2314,-12.4667,-0.0614,0.0737
1779816505501,1,12.00000015,Lower Delivery,Loading,pitch.0,334087,-0.2595,-0.8006,1.1164,-0.0765,-0.0192,0.1328,0.0,0.0
1779816505501,1,12.00000018,Upper Delivery,Loading,pitch.0,334642,1.1001,0.8829,0.4365,1.0741,-0.8804,1.6949,0.0,0.0
1779816505501,1,12.00000018,Upper Delivery,Loading,pitch.0,334643,1.1546,0.905,0.3845,1.0744,-1.0678,1.7451,0.0,0.0
1779816505501,1,Pitching Mound.Delivery,,Loading,pitch.0,333851,0.8405,0.0823,1.5528,1.2288,-0.8996,2.29,0.0,0.0
1779816505501,1,Pitching Mound.Drive,,Loading,pitch.0,334360,1.4162,10.7496,104.1312,72.2784,60.2314,-12.4667,-0.0614,0.0737
1779816505501,1,Pitching Mound.Parent,,Loading,pitch.0,333558,2.2568,10.8319,105.684,73.5072,59.3318,-10.1767,-0.0605,0.0748
1779816505502,1,11.0000004b,Drive,Loading,pitch.0,334361,1.4148,10.7523,104.1354,72.2044,60.1642,-12.4383,-0.0613,0.0736
1779816505502,1,12.00000015,Lower Delivery,Loading,pitch.0,334088,-0.2576,-0.7893,1.137,-0.0772,-0.0212,0.13,0.0,0.0
1779816505502,1,12.00000018,Upper Delivery,Loading,pitch.0,334644,1.1159,0.8844,0.4469,1.0497,-1.1504,1.678,0.0,0.0
1779816505502,1,Pitching Mound.Delivery,,Loading,pitch.0,333852,0.897,0.1157,1.5215,1.253,-1.089,2.3552,0.0,0.0
1779816505502,1,Pitching Mound.Drive,,Loading,pitch.0,334361,1.4148,10.7523,104.1354,72.2044,60.1642,-12.4383,-0.0613,0.0736
1779816505502,1,Pitching Mound.Parent,,Loading,pitch.0,333559,2.3118,10.868,105.6569,73.4574,59.0752,-10.0831,-0.0605,0.075
1779816505503,1,11.0000004b,Drive,Loading,pitch.0,334362,1.3954,10.752,103.9002,71.9517,60.0837,-12.3821,-0.0614,0.0735
1779816505503,1,12.00000015,Lower Delivery,Loading,pitch.0,334089,-0.28,-0.7983,1.1923,-0.084,-0.0253,0.0643,0.0,0.0
1779816505503,1,Pitching Mound.Delivery,,Loading,pitch.0,333853,0.8359,0.086,1.6392,1.2191,-1.1757,2.2169,0.0,0.0
1779816505503,1,Pitching Mound.Drive,,Loading,pitch.0,334362,1.3954,10.752,103.9002,71.9517,60.0837,-12.3821,-0.0614,0.0735
1779816505503,1,Pitching Mound.Parent,,Loading,pitch.0,333560,2.2313,10.838,105.5394,73.1708,58.908,-10.1652,-0.0604,0.0748
1779816505504,1,11.0000004b,Drive,Loading,pitch.0,334363,1.3924,10.7499,103.8374,71.8362,60.0891,-12.3121,-0.0614,0.0734
1779816505504,1,12.00000015,Lower Delivery,Loading,pitch.0,334090,-0.2738,-0.7951,1.1902,-0.0688,-0.0167,0.1109,0.0,0.0
1779816505504,1,12.00000018,Upper Delivery,Loading,pitch.0,334645,1.1329,0.8606,0.4564,1.1192,-1.3074,1.6767,0.0,0.0
1779816505504,1,12.00000018,Upper Delivery,Loading,pitch.0,334646,1.112,0.8821,0.5616,1.0988,-1.3134,1.6793,0.0,0.0
1779816505504,1,Pitching Mound.Delivery,,Loading,pitch.0,333854,0.8591,0.0655,1.6466,1.3,-1.3241,2.2658,0.0,0.0
1779816505504,1,Pitching Mound.Drive,,Loading,pitch.0,334363,1.3924,10.7499,103.8374,71.8362,60.0891,-12.3121,-0.0614,0.0734
1779816505504,1,Pitching Mound.Parent,,Loading,pitch.0,333561,2.2515,10.8154,105.484,73.1362,58.765,-10.0463,-0.0605,0.0747
1779816505505,1,11.0000004b,Drive,Loading,pitch.0,334364,1.3905,10.741,103.7874,71.6584,60.0252,-12.2544,-0.0614,0.0733
1779816505505,1,12.00000015,Lower Delivery,Loading,pitch.0,334091,-0.2899,-0.7867,1.1709,-0.0752,-0.0171,0.0636,0.0,0.0
1779816505505,1,Pitching Mound.Delivery,,Loading,pitch.0,333855,0.8222,0.0954,1.7325,1.2308,-1.3305,2.2196,0.0,0.0
1779816505505,1,Pitching Mound.Drive,,Loading,pitch.0,334364,1.3905,10.741,103.7874,71.6584,60.0252,-12.2544,-0.0614,0.0733
1779816505505,1,Pitching Mound.Parent,,Loading,pitch.0,333562,2.2126,10.8364,105.5199,72.8892,58.6948,-10.0348,-0.0604,0.0741
1779816505506,1,11.0000004b,Drive,Loading,pitch.0,334365,1.4004,10.7419,103.8136,71.5621,59.8919,-12.1983,-0.0612,0.0732
1779816505506,1,12.00000015,Lower Delivery,Loading,pitch.0,334092,-0.2865,-0.7624,1.0481,-0.0786,-0.0047,0.0187,0.0,0.0
1779816505506,1,12.00000018,Upper Delivery,Loading,pitch.0,334647,1.1243,0.8259,0.4617,1.0917,-1.3186,1.6374,0.0,0.0
1779816505506,1,12.00000018,Upper Delivery,Loading,pitch.0,334648,1.0864,0.8183,0.526,1.1958,-1.3779,1.6413,0.0,0.0
1779816505506,1,Pitching Mound.Delivery,,Loading,pitch.0,333856,0.8378,0.0634,1.5098,1.2126,-1.3234,2.1358,0.0,0.0
1779816505506,1,Pitching Mound.Drive,,Loading,pitch.0,334365,1.4004,10.7419,103.8136,71.5621,59.8919,-12.1983,-0.0612,0.0732
1779816505506,1,Pitching Mound.Parent,,Loading,pitch.0,333563,2.2382,10.8053,105.3234,72.7747,58.5685,-10.0625,-0.0604,0.074
1779816505507,1,11.0000004b,Drive,Loading,pitch.0,334366,1.3868,10.7462,103.7178,71.3414,59.6021,-12.1481,-0.061,0.073
1779816505507,1,12.00000015,Lower Delivery,Loading,pitch.0,334093,-0.2835,-0.7654,0.9974,-0.0736,-0.0034,-0.0044,0.0,0.0
1779816505507,1,Pitching Mound.Delivery,,Loading,pitch.0,333857,0.8028,0.0529,1.5234,1.2824,-1.3814,2.1026,0.0,0.0
1779816505507,1,Pitching Mound.Drive,,Loading,pitch.0,334366,1.3868,10.7462,103.7178,71.3414,59.6021,-12.1481,-0.061,0.073
1779816505507,1,Pitching Mound.Parent,,Loading,pitch.0,333564,2.1897,10.7991,105.2411,72.6239,58.2207,-10.0454,-0.0601,0.0735
1779816505508,1,11.0000004b,Drive,Loading,pitch.0,334367,1.3887,10.7307,103.6209,71.231,59.5482,-12.0866,-0.061,0.073
1779816505508,1,12.00000015,Lower Delivery,Loading,pitch.0,334094,-0.2967,-0.7472,1.0125,-0.0817,0.0075,0.0003,0.0,0.0
1779816505508,1,12.00000018,Upper Delivery,Loading,pitch.0,334650,1.108,0.8054,0.4695,1.127,-1.2302,1.5907,0.0,0.0
1779816505508,1,12.00000018,Upper Delivery,Loading,pitch.0,334649,1.078,0.7882,0.5056,1.1654,-1.4566,1.6222,0.0,0.0
1779816505508,1,Pitching Mound.Delivery,,Loading,pitch.0,333858,0.7812,0.041,1.5181,1.256,-1.4491,2.0899,0.0,0.0
1779816505508,1,Pitching Mound.Drive,,Loading,pitch.0,334367,1.3887,10.7307,103.6209,71.231,59.5482,-12.0866,-0.061,0.073
1779816505508,1,Pitching Mound.Parent,,Loading,pitch.0,333565,2.1699,10.7717,105.139,72.487,58.0991,-9.9967,-0.0601,0.0736
1779816505509,1,11.0000004b,Drive,Loading,pitch.0,334368,1.3841,10.7308,103.5461,71.0938,59.4831,-12.0253,-0.061,0.0729
1779816505509,1,12.00000015,Lower Delivery,Loading,pitch.0,334095,-0.2915,-0.7137,0.9952,-0.0875,0.0147,-0.0084,0.0,0.0
1779816505509,1,Pitching Mound.Delivery,,Loading,pitch.0,333859,0.8165,0.0916,1.4647,1.2182,-1.2155,2.0581,0.0,0.0
1779816505509,1,Pitching Mound.Drive,,Loading,pitch.0,334368,1.3841,10.7308,103.5461,71.0938,59.4831,-12.0253,-0.061,0.0729
1779816505509,1,Pitching Mound.Parent,,Loading,pitch.0,333566,2.2006,10.8225,105.0108,72.312,58.2676,-9.9672,-0.0601,0.0736
1779816505510,1,11.0000004b,Drive,Loading,pitch.0,334369,1.3799,10.72,103.4615,70.9404,59.2518,-11.9803,-0.0608,0.0728
1779816505510,1,12.00000015,Lower Delivery,Loading,pitch.0,334096,-0.2992,-0.7122,0.9478,-0.0777,0.0236,-0.007,0.0,0.0
1779816505510,1,12.00000018,Upper Delivery,Loading,pitch.0,334651,1.1056,0.8101,0.3828,1.0105,-0.4671,1.5755,0.0,0.0
1779816505510,1,Pitching Mound.Delivery,,Loading,pitch.0,333860,0.8064,0.0979,1.3306,1.125,-0.4435,2.0462,0.0,0.0
1779816505510,1,Pitching Mound.Drive,,Loading,pitch.0,334369,1.3799,10.72,103.4615,70.9404,59.2518,-11.9803,-0.0608,0.0728
1779816505510,1,Pitching Mound.Parent,,Loading,pitch.0,333567,2.1863,10.8179,104.7921,72.0653,58.8083,-9.9341,-0.06,0.0737
1779816505511,1,11.0000004b,Drive,Loading,pitch.0,334370,1.3702,10.7156,103.3475,70.8335,59.1122,-11.9261,-0.0607,0.0728
1779816505511,1,12.00000015,Lower Delivery,Loading,pitch.0,334097,-0.2718,-0.6829,0.8867,-0.0774,0.0138,-0.0108,0.0,0.0
1779816505511,1,12.00000018,Upper Delivery,Loading,pitch.0,334652,1.073,0.8468,0.4865,0.9767,-0.5036,1.5543,0.0,0.0
1779816505511,1,12.00000018,Upper Delivery,Loading,pitch.0,334653,1.0616,0.8502,0.4842,1.0289,-0.5194,1.5692,0.0,0.0
1779816505511,1,Pitching Mound.Delivery,,Loading,pitch.0,333861,0.8013,0.1639,1.3733,1.0354,-0.4898,2.0007,0.0,0.0
1779816505511,1,Pitching Mound.Drive,,Loading,pitch.0,334370,1.3702,10.7156,103.3475,70.8335,59.1122,-11.9261,-0.0607,0.0728
1779816505511,1,Pitching Mound.Parent,,Loading,pitch.0,333568,2.1715,10.8796,104.7208,71.8689,58.6224,-9.9254,-0.0599,0.0731
1779816505512,1,11.0000004b,Drive,Loading,pitch.0,334371,1.3691,10.7275,103.2176,70.7317,58.8768,-11.8465,-0.0606,0.0727
1779816505512,1,12.00000015,Lower Delivery,Loading,pitch.0,334098,-0.272,-0.7026,0.8362,-0.0803,0.0067,-0.0133,0.0,0.0
1779816505512,1,12.00000018,Upper Delivery,Loading,pitch.0,334654,1.0767,0.8634,0.4298,0.9823,-0.4691,1.5308,0.0,0.0
1779816505512,1,Pitching Mound.Delivery,,Loading,pitch.0,333862,0.7896,0.1476,1.3205,1.0683,-0.5126,2.0093,0.0,0.0
1779816505512,1,Pitching Mound.Drive,,Loading,pitch.0,334371,1.3691,10.7275,103.2176,70.7317,58.8768,-11.8465,-0.0606,0.0727
1779816505512,1,Pitching Mound.Parent,,Loading,pitch.0,333569,2.1587,10.875,104.5381,71.7999,58.3641,-9.8372,-0.0598,0.073
1779816505513,1,11.0000004b,Drive,Loading,pitch.0,334372,1.3704,10.7271,103.0701,70.5896,58.6879,-11.7597,-0.0604,0.0727
1779816505513,1,12.00000015,Lower Delivery,Loading,pitch.0,334099,-0.2732,-0.6755,0.8333,-0.08,-0.0033,-0.0152,0.0,0.0
1779816505513,1,Pitching Mound.Delivery,,Loading,pitch.0,333863,0.8035,0.1878,1.2631,1.0394,-0.4724,1.9745,0.0,0.0
1779816505513,1,Pitching Mound.Drive,,Loading,pitch.0,334372,1.3704,10.7271,103.0701,70.5896,58.6879,-11.7597,-0.0604,0.0727
1779816505513,1,Pitching Mound.Parent,,Loading,pitch.0,333570,2.1739,10.9149,104.3332,71.629,58.2155,-9.7852,-0.0597,0.0731
1779816505514,1,11.0000004b,Drive,Loading,pitch.0,334373,1.3759,10.7232,102.8514,70.3497,58.2857,-11.6708,-0.0602,0.0726
1779816505514,1,12.00000015,Lower Delivery,Loading,pitch.0,334100,-0.2624,-0.6991,0.7701,-0.0749,0.0028,-0.0137,0.0,0.0
1779816505514,1,12.00000018,Upper Delivery,Loading,pitch.0,334655,1.0768,0.85,0.368,1.0015,-0.4768,1.5888,0.0,0.0
1779816505514,1,12.00000018,Upper Delivery,Loading,pitch.0,334656,1.0707,0.8019,0.3475,0.9252,-0.3884,1.567,0.0,0.0
1779816505514,1,Pitching Mound.Delivery,,Loading,pitch.0,333864,0.8145,0.1509,1.138,1.0633,-0.474,2.0305,0.0,0.0
1779816505514,1,Pitching Mound.Drive,,Loading,pitch.0,334373,1.3759,10.7232,102.8514,70.3497,58.2857,-11.6708,-0.0602,0.0726
1779816505514,1,Pitching Mound.Parent,,Loading,pitch.0,333571,2.1904,10.8741,103.9894,71.4129,57.8117,-9.6404,-0.0595,0.0731
1779816505515,1,11.0000004b,Drive,Loading,pitch.0,334374,1.3938,10.7287,102.6349,70.2276,57.8591,-11.5991,-0.0598,0.0726
1779816505515,1,12.00000015,Lower Delivery,Loading,pitch.0,334101,-0.266,-0.7101,0.8058,-0.0739,0.0031,-0.0126,0.0,0.0
1779816505515,1,Pitching Mound.Delivery,,Loading,pitch.0,333865,0.8047,0.0918,1.1533,1.0071,-0.3853,2.0088,0.0,0.0
1779816505515,1,Pitching Mound.Drive,,Loading,pitch.0,334374,1.3938,10.7287,102.6349,70.2276,57.8591,-11.5991,-0.0598,0.0726
1779816505515,1,Pitching Mound.Parent,,Loading,pitch.0,333572,2.1986,10.8205,103.7883,71.2348,57.4737,-9.5903,-0.0592,0.0733
1779816505516,1,11.0000004b,Drive,Loading,pitch.0,334375,1.3945,10.7259,102.5042,70.0447,57.68,-11.5148,-0.0597,0.0725
1779816505516,1,12.00000015,Lower Delivery,Loading,pitch.0,334102,-0.2637,-0.7284,0.8525,-0.0712,-0.0044,-0.0011,0.0,0.0
1779816505516,1,12.00000018,Upper Delivery,Loading,pitch.0,334657,1.0776,0.8285,0.2859,0.9673,-0.3834,1.5683,0.0,0.0
1779816505516,1,Pitching Mound.Delivery,,Loading,pitch.0,333866,0.8139,0.1,1.1384,1.0888,-0.3878,2.0232,0.0,0.0
1779816505516,1,Pitching Mound.Drive,,Loading,pitch.0,334375,1.3945,10.7259,102.5042,70.0447,57.68,-11.5148,-0.0597,0.0725
1779816505516,1,Pitching Mound.Parent,,Loading,pitch.0,333573,2.2085,10.8259,103.6426,71.1334,57.2922,-9.4916,-0.0591,0.0736
1779816505517,1,11.0000004b,Drive,Loading,pitch.0,334376,1.4114,10.7237,102.3629,69.9319,57.3994,-11.4509,-0.0595,0.0725
1779816505517,1,12.00000015,Lower Delivery,Loading,pitch.0,334103,-0.2784,-0.7226,0.8693,-0.0754,0.005,0.0132,0.0,0.0
1779816505517,1,12.00000018,Upper Delivery,Loading,pitch.0,334658,1.0705,0.8478,0.3521,0.8612,-0.2224,1.5708,0.0,0.0
1779816505517,1,Pitching Mound.Delivery,,Loading,pitch.0,333867,0.7921,0.1252,1.2214,0.9617,-0.2174,2.0426,0.0,0.0
1779816505517,1,Pitching Mound.Drive,,Loading,pitch.0,334376,1.4114,10.7237,102.3629,69.9319,57.3994,-11.4509,-0.0595,0.0725
1779816505517,1,Pitching Mound.Parent,,Loading,pitch.0,333574,2.2035,10.8489,103.5843,70.8936,57.182,-9.4084,-0.0588,0.0734
1779816505518,1,11.0000004b,Drive,Loading,pitch.0,334377,1.4035,10.7118,102.0322,69.7355,57.1037,-11.3715,-0.0594,0.0726
1779816505518,1,12.00000015,Lower Delivery,Loading,pitch.0,334104,-0.2756,-0.7414,0.8713,-0.0796,0.0048,0.0196,0.0,0.0
1779816505518,1,12.00000018,Upper Delivery,Loading,pitch.0,334659,1.0848,0.8946,0.3593,0.8755,-0.3356,1.5636,0.0,0.0
1779816505518,1,Pitching Mound.Delivery,,Loading,pitch.0,333868,0.8092,0.1532,1.2306,0.9699,-0.3309,2.0458,0.0,0.0
1779816505518,1,Pitching Mound.Drive,,Loading,pitch.0,334377,1.4035,10.7118,102.0322,69.7355,57.1037,-11.3715,-0.0594,0.0726
1779816505518,1,Pitching Mound.Parent,,Loading,pitch.0,333575,2.2126,10.865,103.2628,70.7055,56.7728,-9.3257,-0.0587,0.0734
1779816505519,1,11.0000004b,Drive,Loading,pitch.0,334378,1.4203,10.7053,101.9746,69.6727,56.8378,-11.311,-0.0592,0.0725
1779816505519,1,12.00000015,Lower Delivery,Loading,pitch.0,334105,-0.2421,-0.7299,0.8611,-0.0784,0.0077,0.0126,0.0,0.0
1779816505519,1,12.00000018,Upper Delivery,Loading,pitch.0,334661,1.0634,0.9254,0.4386,0.8543,-0.2829,1.6178,0.0,0.0
1779816505519,1,12.00000018,Upper Delivery,Loading,pitch.0,334660,1.0804,0.9248,0.4283,0.7608,-0.2526,1.584,0.0,0.0
1779816505519,1,Pitching Mound.Delivery,,Loading,pitch.0,333869,0.8383,0.1949,1.2894,0.8296,-0.2448,2.0462,0.0,0.0
1779816505519,1,Pitching Mound.Drive,,Loading,pitch.0,334378,1.4203,10.7053,101.9746,69.6727,56.8378,-11.311,-0.0592,0.0725
1779816505519,1,Pitching Mound.Parent,,Loading,pitch.0,333576,2.2586,10.9002,103.264,70.5023,56.5929,-9.2648,-0.0584,0.0731
1779816505520,1,11.0000004b,Drive,Loading,pitch.0,334379,1.4321,10.6836,101.7405,69.343,56.2638,-11.2234,-0.0587,0.0724
1779816505520,1,12.00000015,Lower Delivery,Loading,pitch.0,334106,-0.2469,-0.7789,0.8895,-0.0667,0.0165,0.049,0.0,0.0
1779816505520,1,12.00000018,Upper Delivery,Loading,pitch.0,334662,1.0531,0.9281,0.4613,0.8678,-0.2997,1.5912,0.0,0.0
1779816505520,1,Pitching Mound.Delivery,,Loading,pitch.0,333870,0.8165,0.1465,1.3281,0.9409,-0.2664,2.1123,0.0,0.0
1779816505520,1,Pitching Mound.Drive,,Loading,pitch.0,334379,1.4321,10.6836,101.7405,69.343,56.2638,-11.2234,-0.0587,0.0724
1779816505520,1,Pitching Mound.Parent,,Loading,pitch.0,333577,2.2486,10.8301,103.0687,70.2839,55.9974,-9.111,-0.058,0.0729
1779816505521,1,11.0000004b,Drive,Loading,pitch.0,334380,1.4393,10.6783,101.5917,69.2219,56.1922,-11.1442,-0.0587,0.0723
1779816505521,1,12.00000015,Lower Delivery,Loading,pitch.0,334107,-0.2394,-0.7631,0.8221,-0.0729,0.0215,0.0119,0.0,0.0
1779816505521,1,12.00000018,Upper Delivery,Loading,pitch.0,334663,1.0706,0.9237,0.4021,0.8979,-0.2792,1.5834,0.0,0.0
1779816505521,1,Pitching Mound.Delivery,,Loading,pitch.0,333871,0.8137,0.165,1.2835,0.9176,-0.2782,2.0426,0.0,0.0
1779816505521,1,Pitching Mound.Drive,,Loading,pitch.0,334380,1.4393,10.6783,101.5917,69.2219,56.1922,-11.1442,-0.0587,0.0723
1779816505521,1,Pitching Mound.Parent,,Loading,pitch.0,333578,2.253,10.8433,102.8752,70.1395,55.914,-9.1016,-0.058,0.0726
1779816505522,1,11.0000004b,Drive,Loading,pitch.0,334381,1.437,10.6671,101.5834,69.1921,56.109,-11.0872,-0.0586,0.0723
1779816505522,1,12.00000015,Lower Delivery,Loading,pitch.0,334108,-0.2272,-0.7521,0.8086,-0.0719,0.0124,0.0206,0.0,0.0
1779816505522,1,12.00000018,Upper Delivery,Loading,pitch.0,334664,1.0591,0.9196,0.41,1.0431,-0.4384,1.6001,0.0,0.0
1779816505522,1,Pitching Mound.Delivery,,Loading,pitch.0,333872,0.8434,0.1716,1.2107,0.9642,-0.2668,2.0453,0.0,0.0
1779816505522,1,Pitching Mound.Drive,,Loading,pitch.0,334381,1.437,10.6671,101.5834,69.1921,56.109,-11.0872,-0.0586,0.0723
1779816505522,1,Pitching Mound.Parent,,Loading,pitch.0,333579,2.2804,10.8388,102.7941,70.1563,55.8421,-9.0419,-0.0579,0.0728
1779816505523,1,11.0000004b,Drive,Loading,pitch.0,334382,1.4349,10.6539,101.582,69.0665,55.7368,-11.0276,-0.0583,0.0722
1779816505523,1,12.00000015,Lower Delivery,Loading,pitch.0,334110,-0.2314,-0.763,0.8542,-0.0662,0.0144,0.0328,0.0,0.0
1779816505523,1,12.00000015,Lower Delivery,Loading,pitch.0,334109,-0.2353,-0.7702,0.832,-0.0656,0.0085,0.0178,0.0,0.0
1779816505523,1,12.00000018,Upper Delivery,Loading,pitch.0,334665,1.0883,0.9714,0.4368,1.1052,-0.4783,1.6198,0.0,0.0
1779816505523,1,Pitching Mound.Delivery,,Loading,pitch.0,333874,0.857,0.2084,1.291,1.1808,-0.4639,2.1013,0.0,0.0
1779816505523,1,Pitching Mound.Delivery,,Loading,pitch.0,333873,0.8238,0.1495,1.2421,1.1209,-0.4299,2.0579,0.0,0.0
1779816505523,1,Pitching Mound.Drive,,Loading,pitch.0,334382,1.4349,10.6539,101.582,69.0665,55.7368,-11.0276,-0.0583,0.0722
1779816505523,1,Pitching Mound.Parent,,Loading,pitch.0,333580,2.2587,10.8033,102.8241,70.1874,55.3069,-8.9696,-0.0575,0.0727
1779816505524,1,11.0000004b,Drive,Loading,pitch.0,334383,1.4231,10.6398,101.5717,69.0754,55.6887,-10.9495,-0.0582,0.0722
1779816505524,1,12.00000015,Lower Delivery,Loading,pitch.0,334111,-0.2231,-0.7535,0.949,-0.0641,0.0067,0.0686,0.0,0.0
1779816505524,1,12.00000018,Upper Delivery,Loading,pitch.0,334666,1.0983,0.9776,0.4385,1.2506,-0.636,1.6211,0.0,0.0
1779816505524,1,Pitching Mound.Delivery,,Loading,pitch.0,333875,0.8752,0.2241,1.3874,1.3601,-0.6293,2.139,0.0,0.0
1779816505524,1,Pitching Mound.Drive,,Loading,pitch.0,334383,1.4231,10.6398,101.5717,69.0754,55.6887,-10.9495,-0.0582,0.0722
1779816505524,1,Pitching Mound.Parent,,Loading,pitch.0,333581,2.2801,10.8482,102.8627,70.2562,55.2248,-8.8482,-0.0575,0.0727
1779816505525,1,11.0000004b,Drive,Loading,pitch.0,334384,1.4194,10.6252,101.5172,69.0216,55.5527,-10.8746,-0.0581,0.0722
1779816505525,1,12.00000015,Lower Delivery,Loading,pitch.0,334112,-0.2317,-0.7568,0.9407,-0.0735,-0.0078,0.0073,0.0,0.0
1779816505525,1,12.00000018,Upper Delivery,Loading,pitch.0,334667,1.1299,0.993,0.3914,1.3705,-0.5498,1.5871,0.0,0.0
1779816505525,1,Pitching Mound.Delivery,,Loading,pitch.0,333876,0.8982,0.2362,1.3321,1.4839,-0.5576,2.0574,0.0,0.0
1779816505525,1,Pitching Mound.Drive,,Loading,pitch.0,334384,1.4194,10.6252,101.5172,69.0216,55.5527,-10.8746,-0.0581,0.0722
1779816505525,1,Pitching Mound.Parent,,Loading,pitch.0,333582,2.2946,10.8493,102.9046,70.3816,54.9234,-8.7356,-0.0573,0.0729
1779816505526,1,11.0000004b,Drive,Loading,pitch.0,334385,1.4107,10.6061,101.448,68.8548,55.4947,-10.7907,-0.0581,0.0721
1779816505526,1,12.00000018,Upper Delivery,Loading,pitch.0,334668,1.1682,0.983,0.4331,1.3722,-0.6377,1.6087,0.0,0.0
1779816505526,1,Pitching Mound.Drive,,Loading,pitch.0,334385,1.4107,10.6061,101.448,68.8548,55.4947,-10.7907,-0.0581,0.0721
1779816505526,1,Pitching Mound.Parent,,Loading,pitch.0,333583,2.309,10.8423,102.7801,70.3387,54.9371,-8.7333,-0.0573,0.0729
1779816505527,1,11.0000004b,Drive,Loading,pitch.0,334386,1.4053,10.5889,101.3568,68.8292,55.2846,-10.6929,-0.0579,0.0721
1779816505527,1,12.00000015,Lower Delivery,Loading,pitch.0,334113,-0.2223,-0.7442,0.9358,-0.0708,-0.0058,0.0195,0.0,0.0
1779816505527,1,12.00000015,Lower Delivery,Loading,pitch.0,334114,-0.2232,-0.7519,0.9671,-0.0699,-0.003,0.0199,0.0,0.0
1779816505527,1,12.00000018,Upper Delivery,Loading,pitch.0,334669,1.1866,0.966,0.4018,1.3989,-0.7147,1.6068,0.0,0.0
1779816505527,1,Pitching Mound.Delivery,,Loading,pitch.0,333877,0.9458,0.2388,1.369,1.4723,-0.6435,2.101,0.0,0.0
1779816505527,1,Pitching Mound.Delivery,,Loading,pitch.0,333878,0.9633,0.2142,1.3689,1.5212,-0.7177,2.1061,0.0,0.0
1779816505527,1,Pitching Mound.Drive,,Loading,pitch.0,334386,1.4053,10.5889,101.3568,68.8292,55.2846,-10.6929,-0.0579,0.0721
1779816505527,1,Pitching Mound.Parent,,Loading,pitch.0,333584,2.3511,10.8277,102.7258,70.3016,54.6411,-8.5919,-0.0571,0.0728
1779816505528,1,11.0000004b,Drive,Loading,pitch.0,334387,1.4099,10.5746,101.3224,68.7653,55.1407,-10.632,-0.0578,0.0721
1779816505528,1,12.00000018,Upper Delivery,Loading,pitch.0,334670,1.2058,0.9459,0.4063,1.3372,-0.696,1.6156,0.0,0.0
1779816505528,1,Pitching Mound.Drive,,Loading,pitch.0,334387,1.4099,10.5746,101.3224,68.7653,55.1407,-10.632,-0.0578,0.0721
1779816505528,1,Pitching Mound.Parent,,Loading,pitch.0,333585,2.3733,10.7888,102.6912,70.2865,54.4231,-8.5259,-0.057,0.073
1779816505529,1,11.0000004b,Drive,Loading,pitch.0,334388,1.4118,10.563,101.4307,68.693,55.0265,-10.5481,-0.0576,0.0719
1779816505529,1,12.00000015,Lower Delivery,Loading,pitch.0,334115,-0.2361,-0.7495,0.9736,-0.0628,0.0021,0.0209,0.0,0.0
1779816505529,1,12.00000018,Upper Delivery,Loading,pitch.0,334671,1.2496,0.9588,0.4075,1.3608,-0.6573,1.6625,0.0,0.0
1779816505529,1,Pitching Mound.Delivery,,Loading,pitch.0,333879,0.9697,0.1964,1.3799,1.4673,-0.6939,2.1267,0.0,0.0
1779816505529,1,Pitching Mound.Drive,,Loading,pitch.0,334388,1.4118,10.563,101.4307,68.693,55.0265,-10.5481,-0.0576,0.0719
1779816505529,1,Pitching Mound.Parent,,Loading,pitch.0,333586,2.3816,10.7593,102.8106,70.1603,54.3325,-8.4214,-0.0568,0.0728
1779816505530,1,11.0000004b,Drive,Loading,pitch.0,334389,1.401,10.5472,101.4208,68.5432,54.9717,-10.4612,-0.0575,0.0717
1779816505530,1,12.00000015,Lower Delivery,Loading,pitch.0,334116,-0.2471,-0.7615,1.0065,-0.0657,0.0032,0.0542,0.0,0.0
1779816505530,1,12.00000018,Upper Delivery,Loading,pitch.0,334672,1.2187,0.9599,0.4929,1.3504,-0.6507,1.6577,0.0,0.0
1779816505530,1,Pitching Mound.Delivery,,Loading,pitch.0,333880,1.0025,0.1973,1.414,1.4987,-0.6541,2.2256,0.0,0.0
1779816505530,1,Pitching Mound.Drive,,Loading,pitch.0,334389,1.401,10.5472,101.4208,68.5432,54.9717,-10.4612,-0.0575,0.0717
1779816505530,1,Pitching Mound.Parent,,Loading,pitch.0,333587,2.4035,10.7445,102.8348,70.0419,54.3176,-8.2356,-0.0568,0.0727
1779816505531,1,11.0000004b,Drive,Loading,pitch.0,334390,1.3958,10.5406,101.3679,68.4569,54.701,-10.3778,-0.0573,0.0717
1779816505531,1,12.00000015,Lower Delivery,Loading,pitch.0,334117,-0.2526,-0.7546,1.0089,-0.0695,-0.0013,0.0926,0.0,0.0
1779816505531,1,12.00000015,Lower Delivery,Loading,pitch.0,334118,-0.2803,-0.7702,1.0062,-0.0541,-0.0019,0.1917,0.0,0.0
1779816505531,1,12.00000018,Upper Delivery,Loading,pitch.0,334673,1.2386,0.9232,0.4106,1.3399,-0.6659,1.6265,0.0,0.0
1779816505531,1,Pitching Mound.Delivery,,Loading,pitch.0,333881,0.9661,0.2053,1.5018,1.4564,-0.652,2.2505,0.0,0.0
1779816505531,1,Pitching Mound.Delivery,,Loading,pitch.0,333882,0.9583,0.153,1.4168,1.4883,-0.6678,2.3347,0.0,0.0
1779816505531,1,Pitching Mound.Drive,,Loading,pitch.0,334390,1.3958,10.5406,101.3679,68.4569,54.701,-10.3778,-0.0573,0.0717
1779816505531,1,Pitching Mound.Parent,,Loading,pitch.0,333588,2.3619,10.7459,102.8697,69.9133,54.0489,-8.1273,-0.0565,0.0724
1779816505532,1,11.0000004b,Drive,Loading,pitch.0,334391,1.3987,10.5225,101.3515,68.4148,54.402,-10.2977,-0.057,0.0717
1779816505532,1,12.00000018,Upper Delivery,Loading,pitch.0,334674,1.2441,0.9124,0.504,1.4519,-0.6078,1.6274,0.0,0.0
1779816505532,1,Pitching Mound.Drive,,Loading,pitch.0,334391,1.3987,10.5225,101.3515,68.4148,54.402,-10.2977,-0.057,0.0717
1779816505532,1,Pitching Mound.Parent,,Loading,pitch.0,333589,2.357,10.6755,102.7684,69.9031,53.7342,-7.9631,-0.0562,0.0726
1779816505533,1,11.0000004b,Drive,Loading,pitch.0,334392,1.3856,10.4966,101.2428,68.207,54.2945,-10.201,-0.0569,0.0715
1779816505533,1,12.00000015,Lower Delivery,Loading,pitch.0,334119,-0.2819,-0.7762,1.0448,-0.046,0.0049,0.2683,0.0,0.0
1779816505533,1,12.00000018,Upper Delivery,Loading,pitch.0,334675,1.2644,0.8952,0.5709,1.428,-0.5511,1.648,0.0,0.0
1779816505533,1,Pitching Mound.Delivery,,Loading,pitch.0,333883,0.9623,0.1362,1.5488,1.5898,-0.6028,2.4145,0.0,0.0
1779816505533,1,Pitching Mound.Drive,,Loading,pitch.0,334392,1.3856,10.4966,101.2428,68.207,54.2945,-10.201,-0.0569,0.0715
1779816505533,1,Pitching Mound.Parent,,Loading,pitch.0,333590,2.3478,10.6328,102.7917,69.7968,53.6917,-7.7865,-0.0561,0.0722
1779816505534,1,11.0000004b,Drive,Loading,pitch.0,334393,1.3742,10.4833,101.1075,68.0906,54.144,-10.1119,-0.0569,0.0715
1779816505534,1,12.00000015,Lower Delivery,Loading,pitch.0,334121,-0.283,-0.8026,1.0711,-0.066,0.0028,0.1867,0.0,0.0
1779816505534,1,12.00000015,Lower Delivery,Loading,pitch.0,334120,-0.2884,-0.7739,1.0457,-0.057,0.0031,0.2295,0.0,0.0
1779816505534,1,12.00000018,Upper Delivery,Loading,pitch.0,334676,1.2501,0.8902,0.6294,1.4154,-0.5057,1.6533,0.0,0.0
1779816505534,1,Pitching Mound.Delivery,,Loading,pitch.0,333884,0.976,0.1213,1.6166,1.5324,-0.548,2.4054,0.0,0.0
1779816505534,1,Pitching Mound.Delivery,,Loading,pitch.0,333885,0.9671,0.0877,1.7005,1.4996,-0.503,2.3612,0.0,0.0
1779816505534,1,Pitching Mound.Drive,,Loading,pitch.0,334393,1.3742,10.4833,101.1075,68.0906,54.144,-10.1119,-0.0569,0.0715
1779816505534,1,Pitching Mound.Parent,,Loading,pitch.0,333591,2.3502,10.6046,102.7241,69.6229,53.596,-7.7065,-0.056,0.0719
1779816505535,1,11.0000004b,Drive,Loading,pitch.0,334394,1.3913,10.4495,100.9612,67.891,53.7241,-9.9965,-0.0565,0.0714
1779816505535,1,12.00000015,Lower Delivery,Loading,pitch.0,334122,-0.2987,-0.7892,0.9833,-0.0792,0.003,0.124,0.0,0.0
1779816505535,1,12.00000018,Upper Delivery,Loading,pitch.0,334677,1.2192,0.9138,0.7015,1.4994,-0.4309,1.6376,0.0,0.0
1779816505535,1,Pitching Mound.Delivery,,Loading,pitch.0,333886,0.9205,0.1247,1.6848,1.516,-0.4279,2.2777,0.0,0.0
1779816505535,1,Pitching Mound.Drive,,Loading,pitch.0,334394,1.3913,10.4495,100.9612,67.891,53.7241,-9.9965,-0.0565,0.0714
1779816505535,1,Pitching Mound.Parent,,Loading,pitch.0,333592,2.3584,10.5371,102.6616,69.3906,53.2211,-7.6353,-0.0556,0.0717
1779816505536,1,11.0000004b,Drive,Loading,pitch.0,334395,1.3894,10.4363,100.9566,67.8599,53.5918,-9.9157,-0.0564,0.0714
1779816505536,1,12.00000018,Upper Delivery,Loading,pitch.0,334678,1.1706,0.8873,0.7832,1.5081,-0.4093,1.6738,0.0,0.0
1779816505536,1,Pitching Mound.Drive,,Loading,pitch.0,334395,1.3894,10.4363,100.9566,67.8599,53.5918,-9.9157,-0.0564,0.0714
1779816505536,1,Pitching Mound.Parent,,Loading,pitch.0,333593,2.3099,10.561,102.6414,69.3758,53.1639,-7.638,-0.0554,0.0711
1779816505537,1,11.0000004b,Drive,Loading,pitch.0,334396,1.3728,10.4126,100.7831,67.6633,53.3532,-9.7999,-0.0562,0.0713
1779816505537,1,11.0000004b,Drive,Loading,pitch.0,334397,1.3394,10.4079,100.6084,67.5062,53.0137,-9.6853,-0.0559,0.0712
1779816505537,1,12.00000015,Lower Delivery,Loading,pitch.0,334123,-0.2927,-0.7725,0.9644,-0.0718,0.0127,0.1162,0.0,0.0
1779816505537,1,12.00000018,Upper Delivery,Loading,pitch.0,334679,1.2137,0.8887,0.6083,1.3798,-0.4649,1.6911,0.0,0.0
1779816505537,1,Pitching Mound.Delivery,,Loading,pitch.0,333887,0.8778,0.1148,1.7475,1.4979,-0.3966,2.2875,0.0,0.0
1779816505537,1,Pitching Mound.Drive,,Loading,pitch.0,334396,1.3728,10.4126,100.7831,67.6633,53.3532,-9.7999,-0.0562,0.0713
1779816505537,1,Pitching Mound.Drive,,Loading,pitch.0,334397,1.3394,10.4079,100.6084,67.5062,53.0137,-9.6853,-0.0559,0.0712
1779816505537,1,Pitching Mound.Parent,,Loading,pitch.0,333594,2.2506,10.5273,102.5307,69.1612,52.9566,-7.5124,-0.0552,0.0707
1779816505538,1,11.0000004b,Drive,Loading,pitch.0,334398,1.3307,10.4077,100.4756,67.3898,52.5475,-9.5837,-0.0555,0.0712
1779816505538,1,12.00000015,Lower Delivery,Loading,pitch.0,334124,-0.2905,-0.8037,1.0307,-0.0767,0.016,0.069,0.0,0.0
1779816505538,1,12.00000018,Upper Delivery,Loading,pitch.0,334680,1.199,0.8188,0.5002,1.2853,-0.6258,1.7097,0.0,0.0
1779816505538,1,Pitching Mound.Delivery,,Loading,pitch.0,333888,0.9232,0.0851,1.639,1.4468,-0.4489,2.2714,0.0,0.0
1779816505538,1,Pitching Mound.Drive,,Loading,pitch.0,334398,1.3307,10.4077,100.4756,67.3898,52.5475,-9.5837,-0.0555,0.0712
1779816505538,1,Pitching Mound.Parent,,Loading,pitch.0,333595,2.2627,10.4929,102.2474,68.953,52.5648,-7.4139,-0.055,0.0715
1779816505539,1,11.0000004b,Drive,Loading,pitch.0,334399,1.3192,10.3796,100.2732,67.27,52.3114,-9.4484,-0.0554,0.0712
1779816505539,1,12.00000015,Lower Delivery,Loading,pitch.0,334125,-0.2729,-0.7684,0.9591,-0.0727,0.0018,0.0476,0.0,0.0
1779816505539,1,12.00000015,Lower Delivery,Loading,pitch.0,334126,-0.2624,-0.7592,0.9393,-0.0674,-0.0006,0.0487,0.0,0.0
1779816505539,1,12.00000018,Upper Delivery,Loading,pitch.0,334681,1.1989,0.8033,0.4104,1.2212,-0.754,1.6701,0.0,0.0
1779816505539,1,Pitching Mound.Delivery,,Loading,pitch.0,333890,0.9364,0.0441,1.3496,1.3337,-0.7547,2.2157,0.0,0.0
1779816505539,1,Pitching Mound.Delivery,,Loading,pitch.0,333889,0.9261,0.0504,1.4593,1.3686,-0.624,2.2578,0.0,0.0
1779816505539,1,Pitching Mound.Drive,,Loading,pitch.0,334399,1.3192,10.3796,100.2732,67.27,52.3114,-9.4484,-0.0554,0.0712
1779816505539,1,Pitching Mound.Parent,,Loading,pitch.0,333596,2.2567,10.4581,101.9349,68.7584,51.9235,-7.3259,-0.0547,0.0717
1779816505539,1,Pitching Mound.Parent,,Loading,pitch.0,333597,2.2556,10.4237,101.6229,68.6036,51.5567,-7.2327,-0.0546,0.072
1779816505540,1,11.0000004b,Drive,Loading,pitch.0,334400,1.2885,10.3623,100.1693,67.2277,52.0693,-9.3363,-0.0552,0.0713
1779816505540,1,12.00000018,Upper Delivery,Loading,pitch.0,334682,1.1814,0.7936,0.3491,1.2091,-0.7504,1.7118,0.0,0.0
1779816505540,1,Pitching Mound.Drive,,Loading,pitch.0,334400,1.2885,10.3623,100.1693,67.2277,52.0693,-9.3363,-0.0552,0.0713
1779816505541,1,11.0000004b,Drive,Loading,pitch.0,334401,1.2624,10.3446,100.0826,67.1548,51.9246,-9.1913,-0.0551,0.0712
1779816505541,1,12.00000015,Lower Delivery,Loading,pitch.0,334127,-0.2611,-0.7666,0.9176,-0.0604,0.0068,0.0478,0.0,0.0
1779816505541,1,12.00000018,Upper Delivery,Loading,pitch.0,334683,1.201,0.7927,0.3257,1.3031,-0.8038,1.7116,0.0,0.0
1779816505541,1,Pitching Mound.Delivery,,Loading,pitch.0,333891,0.9203,0.027,1.2667,1.342,-0.7436,2.2501,0.0,0.0
1779816505541,1,Pitching Mound.Drive,,Loading,pitch.0,334401,1.2624,10.3446,100.0826,67.1548,51.9246,-9.1913,-0.0551,0.0712
1779816505541,1,Pitching Mound.Parent,,Loading,pitch.0,333598,2.2088,10.3893,101.436,68.5698,51.3257,-7.0862,-0.0545,0.0723
1779816505542,1,11.0000004b,Drive,Loading,pitch.0,334402,1.2309,10.3296,99.9367,67.0067,51.8726,-9.0757,-0.0551,0.0712
1779816505542,1,12.00000015,Lower Delivery,Loading,pitch.0,334128,-0.2695,-0.7621,0.8631,-0.0708,0.0006,-0.0086,0.0,0.0
1779816505542,1,12.00000018,Upper Delivery,Loading,pitch.0,334684,1.1676,0.8194,0.2878,1.2463,-0.8521,1.7575,0.0,0.0
1779816505542,1,Pitching Mound.Delivery,,Loading,pitch.0,333892,0.9315,0.0306,1.1888,1.415,-0.8033,2.203,0.0,0.0
1779816505542,1,Pitching Mound.Drive,,Loading,pitch.0,334402,1.2309,10.3296,99.9367,67.0067,51.8726,-9.0757,-0.0551,0.0712
1779816505542,1,Pitching Mound.Parent,,Loading,pitch.0,333599,2.1939,10.3752,101.2714,68.5698,51.1213,-6.9884,-0.0544,0.0722
1779816505543,1,11.0000004b,Drive,Loading,pitch.0,334403,1.2126,10.3156,99.9672,67.0318,51.5861,-8.9348,-0.0548,0.0712
1779816505543,1,12.00000015,Lower Delivery,Loading,pitch.0,334130,-0.2629,-0.7235,0.8317,-0.0685,-0.0129,-0.0154,0.0,0.0
1779816505543,1,12.00000015,Lower Delivery,Loading,pitch.0,334129,-0.2586,-0.7621,0.8528,-0.073,-0.0096,-0.0122,0.0,0.0
1779816505543,1,12.00000018,Upper Delivery,Loading,pitch.0,334685,1.1164,0.7555,0.2514,1.2671,-1.0658,1.8319,0.0,0.0
1779816505543,1,Pitching Mound.Delivery,,Loading,pitch.0,333893,0.909,0.0573,1.1406,1.3655,-0.8617,2.2302,0.0,0.0
1779816505543,1,Pitching Mound.Delivery,,Loading,pitch.0,333894,0.8535,0.032,1.083,1.3959,-1.0787,2.2855,0.0,0.0
1779816505543,1,Pitching Mound.Drive,,Loading,pitch.0,334403,1.2126,10.3156,99.9672,67.0318,51.5861,-8.9348,-0.0548,0.0712
1779816505543,1,Pitching Mound.Parent,,Loading,pitch.0,333600,2.1399,10.3869,101.0773,68.3721,51.0109,-6.8456,-0.0545,0.0723
1779816505543,1,Pitching Mound.Parent,,Loading,pitch.0,333601,2.066,10.3476,101.0502,68.4277,50.5074,-6.6494,-0.0542,0.0724
1779816505544,1,12.00000018,Upper Delivery,Loading,pitch.0,334686,1.146,0.7878,0.2314,1.3607,-0.963,1.7296,0.0,0.0
1779816505545,1,11.0000004b,Drive,Loading,pitch.0,334404,1.1755,10.2921,100.0109,66.9711,51.4707,-8.8244,-0.0546,0.0711
1779816505545,1,12.00000015,Lower Delivery,Loading,pitch.0,334131,-0.2544,-0.7485,0.8242,-0.0634,-0.0132,-0.0161,0.0,0.0
1779816505545,1,12.00000015,Lower Delivery,Loading,pitch.0,334132,-0.2622,-0.7498,0.8855,-0.0608,-0.018,-0.0132,0.0,0.0
1779816505545,1,12.00000018,Upper Delivery,Loading,pitch.0,334687,1.1252,0.7504,0.2615,1.2239,-1.1164,1.7683,0.0,0.0
1779816505545,1,Pitching Mound.Delivery,,Loading,pitch.0,333895,0.8916,0.0393,1.0556,1.4988,-0.9761,2.1897,0.0,0.0
1779816505545,1,Pitching Mound.Delivery,,Loading,pitch.0,333896,0.863,0.0006,1.147,1.3753,-1.1344,2.2269,0.0,0.0
1779816505545,1,Pitching Mound.Drive,,Loading,pitch.0,334404,1.1755,10.2921,100.0109,66.9711,51.4707,-8.8244,-0.0546,0.0711
1779816505545,1,Pitching Mound.Parent,,Loading,pitch.0,333602,2.0671,10.3314,101.0665,68.4699,50.4946,-6.6347,-0.0541,0.0723
1779816505546,1,11.0000004b,Drive,Loading,pitch.0,334405,1.1435,10.2724,99.8431,66.9,51.2882,-8.6894,-0.0545,0.0711
1779816505546,1,12.00000015,Lower Delivery,Loading,pitch.0,334133,-0.258,-0.7571,0.8887,-0.0607,-0.008,-0.0107,0.0,0.0
1779816505546,1,12.00000018,Upper Delivery,Loading,pitch.0,334688,1.1072,0.7647,0.2899,1.1898,-1.0268,1.7577,0.0,0.0
1779816505546,1,Pitching Mound.Delivery,,Loading,pitch.0,333897,0.8492,0.0076,1.1786,1.3327,-1.0348,2.2112,0.0,0.0
1779816505546,1,Pitching Mound.Drive,,Loading,pitch.0,334405,1.1435,10.2724,99.8431,66.9,51.2882,-8.6894,-0.0545,0.0711
1779816505546,1,Pitching Mound.Parent,,Loading,pitch.0,333603,2.0065,10.273,100.9901,68.2753,50.1538,-6.4625,-0.0539,0.0724
1779816505547,1,11.0000004b,Drive,Loading,pitch.0,334406,1.1137,10.258,99.8535,66.8874,51.0393,-8.5641,-0.0543,0.0711
1779816505547,1,12.00000015,Lower Delivery,Loading,pitch.0,334134,-0.2682,-0.7616,0.8402,-0.0632,-0.0163,-0.0059,0.0,0.0
1779816505547,1,12.00000018,Upper Delivery,Loading,pitch.0,334689,1.0815,0.733,0.2648,1.2009,-0.9318,1.7456,0.0,0.0
1779816505547,1,Pitching Mound.Delivery,,Loading,pitch.0,333898,0.8133,-0.0285,1.105,1.3334,-0.9482,2.1986,0.0,0.0
1779816505547,1,Pitching Mound.Drive,,Loading,pitch.0,334406,1.1137,10.258,99.8535,66.8874,51.0393,-8.5641,-0.0543,0.0711
1779816505547,1,Pitching Mound.Parent,,Loading,pitch.0,333604,1.9629,10.2656,101.0321,68.2201,50.0045,-6.3528,-0.0536,0.0723
1779816505548,1,11.0000004b,Drive,Loading,pitch.0,334408,1.0574,10.2148,99.8935,66.8975,50.7194,-8.3309,-0.0539,0.0711
1779816505548,1,11.0000004b,Drive,Loading,pitch.0,334407,1.0837,10.2383,99.827,66.8602,50.8283,-8.4555,-0.0541,0.0711
1779816505548,1,12.00000015,Lower Delivery,Loading,pitch.0,334135,-0.2622,-0.7612,0.8545,-0.0679,-0.0143,-0.0035,0.0,0.0
1779816505548,1,12.00000018,Upper Delivery,Loading,pitch.0,334690,1.0772,0.7385,0.3359,1.1675,-0.8496,1.7824,0.0,0.0
1779816505548,1,Pitching Mound.Delivery,,Loading,pitch.0,333899,0.815,-0.0227,1.1903,1.2759,-0.8639,2.2343,0.0,0.0
1779816505548,1,Pitching Mound.Drive,,Loading,pitch.0,334408,1.0574,10.2148,99.8935,66.8975,50.7194,-8.3309,-0.0539,0.0711
1779816505548,1,Pitching Mound.Drive,,Loading,pitch.0,334407,1.0837,10.2383,99.827,66.8602,50.8283,-8.4555,-0.0541,0.0711
1779816505548,1,Pitching Mound.Parent,,Loading,pitch.0,333605,1.897,10.2098,100.9321,68.1936,49.8802,-6.2569,-0.0535,0.0723
1779816505548,1,Pitching Mound.Parent,,Loading,pitch.0,333606,1.8724,10.1922,101.0839,68.1734,49.8556,-6.0966,-0.0533,0.072
1779816505549,1,11.0000004b,Drive,Loading,pitch.0,334409,1.0261,10.1963,99.8828,66.928,50.6755,-8.2181,-0.0539,0.0711
1779816505549,1,12.00000015,Lower Delivery,Loading,pitch.0,334136,-0.2839,-0.7519,0.8205,-0.0683,-0.0054,-0.0018,0.0,0.0
1779816505549,1,12.00000018,Upper Delivery,Loading,pitch.0,334691,1.1214,0.801,0.3031,1.2502,-1.0264,1.8057,0.0,0.0
1779816505549,1,Pitching Mound.Delivery,,Loading,pitch.0,333900,0.8375,0.0491,1.1236,1.3578,-1.0318,2.2817,0.0,0.0
1779816505549,1,Pitching Mound.Drive,,Loading,pitch.0,334409,1.0261,10.1963,99.8828,66.928,50.6755,-8.2181,-0.0539,0.0711
1779816505549,1,Pitching Mound.Parent,,Loading,pitch.0,333607,1.8636,10.2454,101.0064,68.2858,49.6437,-5.9363,-0.0533,0.0721
1779816505550,1,11.0000004b,Drive,Loading,pitch.0,334410,0.9935,10.1876,99.749,66.8512,50.3516,-8.0947,-0.0536,0.0711
1779816505550,1,12.00000015,Lower Delivery,Loading,pitch.0,334137,-0.2712,-0.7516,0.8193,-0.0708,-0.005,-0.0011,0.0,0.0
1779816505550,1,12.00000018,Upper Delivery,Loading,pitch.0,334692,1.1431,0.9131,0.3518,1.1199,-0.7654,1.8006,0.0,0.0
1779816505550,1,Pitching Mound.Delivery,,Loading,pitch.0,333901,0.8719,0.1615,1.171,1.2081,-0.7704,2.2804,0.0,0.0
1779816505550,1,Pitching Mound.Drive,,Loading,pitch.0,334410,0.9935,10.1876,99.749,66.8512,50.3516,-8.0947,-0.0536,0.0711
1779816505550,1,Pitching Mound.Parent,,Loading,pitch.0,333608,1.8654,10.3491,100.9201,68.0593,49.5812,-5.8142,-0.053,0.0719
1779816505551,1,12.00000015,Lower Delivery,Loading,pitch.0,334138,-0.2664,-0.7565,0.9141,-0.0743,-0.0084,-0.0013,0.0,0.0
1779816505551,1,12.00000018,Upper Delivery,Loading,pitch.0,334693,1.1633,0.8491,0.2802,1.3295,-0.9461,1.7913,0.0,0.0
1779816505551,1,Pitching Mound.Delivery,,Loading,pitch.0,333902,0.8969,0.0926,1.1944,1.4707,-0.9545,2.2761,0.0,0.0
1779816505552,1,11.0000004b,Drive,Loading,pitch.0,334411,0.9736,10.1657,99.7072,66.855,50.1978,-7.9778,-0.0534,0.0712
1779816505552,1,12.00000015,Lower Delivery,Loading,pitch.0,334139,-0.2603,-0.7466,0.9318,-0.0724,-0.0068,0.0144,0.0,0.0
1779816505552,1,12.00000018,Upper Delivery,Loading,pitch.0,334694,1.1789,0.8754,0.3125,1.2239,-0.7721,1.7534,0.0,0.0
1779816505552,1,Pitching Mound.Delivery,,Loading,pitch.0,333903,0.9186,0.1288,1.2443,1.3621,-0.7789,2.2572,0.0,0.0
1779816505552,1,Pitching Mound.Drive,,Loading,pitch.0,334411,0.9736,10.1657,99.7072,66.855,50.1978,-7.9778,-0.0534,0.0712
1779816505552,1,Pitching Mound.Parent,,Loading,pitch.0,333609,1.8705,10.2582,100.9015,68.3257,49.2433,-5.7017,-0.0528,0.0725
1779816505553,1,11.0000004b,Drive,Loading,pitch.0,334412,0.9343,10.1488,99.74,66.8557,50.0261,-7.846,-0.0532,0.0712
1779816505553,1,12.00000015,Lower Delivery,Loading,pitch.0,334140,-0.2657,-0.7686,0.9537,-0.0643,-0.0056,0.0262,0.0,0.0
1779816505553,1,12.00000018,Upper Delivery,Loading,pitch.0,334695,1.1955,0.8794,0.3822,1.2898,-0.8232,1.7351,0.0,0.0
1779816505553,1,Pitching Mound.Delivery,,Loading,pitch.0,333904,0.9298,0.1108,1.3358,1.4198,-0.8287,2.2581,0.0,0.0
1779816505553,1,Pitching Mound.Drive,,Loading,pitch.0,334412,0.9343,10.1488,99.74,66.8557,50.0261,-7.846,-0.0532,0.0712
1779816505553,1,Pitching Mound.Parent,,Loading,pitch.0,333610,1.8528,10.2776,100.9844,68.2178,49.2472,-5.5888,-0.0526,0.0724
1779816505554,1,11.0000004b,Drive,Loading,pitch.0,334413,0.9334,10.1295,99.6355,66.7667,49.6849,-7.7507,-0.0529,0.0711
1779816505554,1,12.00000015,Lower Delivery,Loading,pitch.0,334141,-0.2432,-0.7712,0.9644,-0.0625,0.0011,0.0212,0.0,0.0
1779816505554,1,12.00000018,Upper Delivery,Loading,pitch.0,334696,1.2354,0.9138,0.4105,1.2656,-0.5923,1.7079,0.0,0.0
1779816505554,1,Pitching Mound.Delivery,,Loading,pitch.0,333905,0.9922,0.1426,1.3749,1.3914,-0.5912,2.2319,0.0,0.0
1779816505554,1,Pitching Mound.Drive,,Loading,pitch.0,334413,0.9334,10.1295,99.6355,66.7667,49.6849,-7.7507,-0.0529,0.0711
1779816505554,1,Pitching Mound.Parent,,Loading,pitch.0,333611,1.8631,10.2403,100.9713,68.1865,48.8562,-5.4926,-0.0522,0.0721
1779816505555,1,11.0000004b,Drive,Loading,pitch.0,334414,0.9009,10.1233,99.5519,66.851,49.5025,-7.6406,-0.0528,0.0713
1779816505555,1,12.00000015,Lower Delivery,Loading,pitch.0,334142,-0.2503,-0.7668,0.9895,-0.0632,0.0004,0.0291,0.0,0.0
1779816505555,1,12.00000018,Upper Delivery,Loading,pitch.0,334697,1.2433,0.9147,0.3908,1.0746,-0.8883,1.7789,0.0,0.0
1779816505555,1,Pitching Mound.Delivery,,Loading,pitch.0,333906,0.993,0.1479,1.3803,1.2149,-0.8879,2.3157,0.0,0.0
1779816505555,1,Pitching Mound.Drive,,Loading,pitch.0,334414,0.9009,10.1233,99.5519,66.851,49.5025,-7.6406,-0.0528,0.0713
1779816505555,1,Pitching Mound.Parent,,Loading,pitch.0,333612,1.8931,10.2659,100.9268,68.2424,48.9113,-5.4087,-0.0521,0.0722
1779816505556,1,11.0000004b,Drive,Loading,pitch.0,334415,0.8811,10.0963,99.4298,66.7038,49.3755,-7.4876,-0.0527,0.0712
1779816505556,1,12.00000015,Lower Delivery,Loading,pitch.0,334143,-0.2513,-0.7665,0.9425,-0.0658,-0.0025,0.0053,0.0,0.0
1779816505556,1,12.00000018,Upper Delivery,Loading,pitch.0,334698,1.2254,0.8892,0.3716,1.0787,-0.9548,1.7503,0.0,0.0
1779816505556,1,Pitching Mound.Delivery,,Loading,pitch.0,333907,0.9741,0.1227,1.3141,1.207,-0.9573,2.2577,0.0,0.0
1779816505556,1,Pitching Mound.Drive,,Loading,pitch.0,334415,0.8811,10.0963,99.4298,66.7038,49.3755,-7.4876,-0.0527,0.0712
1779816505556,1,Pitching Mound.Parent,,Loading,pitch.0,333613,1.8741,10.2442,100.81,67.9187,48.4875,-5.1718,-0.052,0.0723
1779816505557,1,11.0000004b,Drive,Loading,pitch.0,334416,0.8558,10.0794,99.3723,66.4698,49.0789,-7.3924,-0.0524,0.071
1779816505557,1,12.00000015,Lower Delivery,Loading,pitch.0,334144,-0.2499,-0.7488,1.0036,-0.0786,-0.0158,-0.0027,0.0,0.0
1779816505557,1,12.00000018,Upper Delivery,Loading,pitch.0,334699,1.2565,0.9148,0.3098,1.0456,-1.0528,1.7621,0.0,0.0
1779816505557,1,Pitching Mound.Delivery,,Loading,pitch.0,333908,1.0066,0.1661,1.3134,1.2029,-1.0686,2.2716,0.0,0.0
1779816505557,1,Pitching Mound.Drive,,Loading,pitch.0,334416,0.8558,10.0794,99.3723,66.4698,49.0789,-7.3924,-0.0524,0.071
1779816505557,1,Pitching Mound.Parent,,Loading,pitch.0,333614,1.8299,10.2021,100.6864,67.6769,48.1216,-5.1346,-0.0517,0.072
1779816505558,1,11.0000004b,Drive,Loading,pitch.0,334417,0.8286,10.0782,99.4093,66.4536,48.9566,-7.2793,-0.0523,0.071
1779816505558,1,12.00000015,Lower Delivery,Loading,pitch.0,334145,-0.2476,-0.7348,1.0334,-0.0791,-0.0157,-0.0053,0.0,0.0
1779816505558,1,12.00000018,Upper Delivery,Loading,pitch.0,334700,1.2387,0.9063,0.3778,1.0931,-1.1767,1.7402,0.0,0.0
1779816505558,1,Pitching Mound.Delivery,,Loading,pitch.0,333909,0.9911,0.1714,1.4112,1.2369,-1.1923,2.2403,0.0,0.0
1779816505558,1,Pitching Mound.Drive,,Loading,pitch.0,334417,0.8286,10.0782,99.4093,66.4536,48.9566,-7.2793,-0.0523,0.071
1779816505558,1,Pitching Mound.Parent,,Loading,pitch.0,333615,1.8352,10.2443,100.7227,67.6565,47.888,-5.0078,-0.0516,0.0724
1779816505559,1,11.0000004b,Drive,Loading,pitch.0,334418,0.8114,10.0581,99.3286,66.3714,48.6911,-7.1658,-0.052,0.0709
1779816505559,1,12.00000015,Lower Delivery,Loading,pitch.0,334146,-0.2488,-0.7291,1.1137,-0.0828,-0.02,-0.0024,0.0,0.0
1779816505559,1,12.00000018,Upper Delivery,Loading,pitch.0,334701,1.2141,0.9071,0.3355,1.3333,-1.4159,1.69,0.0,0.0
1779816505559,1,Pitching Mound.Delivery,,Loading,pitch.0,333910,0.9654,0.178,1.4492,1.5151,-1.4358,2.185,0.0,0.0
1779816505559,1,Pitching Mound.Drive,,Loading,pitch.0,334418,0.8114,10.0581,99.3286,66.3714,48.6911,-7.1658,-0.052,0.0709
1779816505559,1,Pitching Mound.Parent,,Loading,pitch.0,333616,1.8025,10.2295,100.7398,67.6083,47.4987,-4.9255,-0.0513,0.0722
1779816505560,1,11.0000004b,Drive,Loading,pitch.0,334419,0.7986,10.0295,99.3575,66.3482,48.574,-7.0858,-0.0519,0.0709
1779816505560,1,11.0000004b,Drive,Loading,pitch.0,334420,0.7845,10.0119,99.3753,66.2227,48.3754,-6.9787,-0.0517,0.0707
1779816505560,1,12.00000015,Lower Delivery,Loading,pitch.0,334147,-0.2602,-0.7571,1.1401,-0.0848,-0.0162,0.0031,0.0,0.0
1779816505560,1,12.00000018,Upper Delivery,Loading,pitch.0,334702,1.2132,0.898,0.3567,1.4414,-1.4241,1.642,0.0,0.0
1779816505560,1,Pitching Mound.Delivery,,Loading,pitch.0,333911,0.9531,0.1409,1.4968,1.623,-1.4403,2.146,0.0,0.0
1779816505560,1,Pitching Mound.Drive,,Loading,pitch.0,334419,0.7986,10.0295,99.3575,66.3482,48.574,-7.0858,-0.0519,0.0709
1779816505560,1,Pitching Mound.Drive,,Loading,pitch.0,334420,0.7845,10.0119,99.3753,66.2227,48.3754,-6.9787,-0.0517,0.0707
1779816505560,1,Pitching Mound.Parent,,Loading,pitch.0,333617,1.7639,10.2075,100.8067,67.8633,47.1382,-4.9008,-0.0512,0.0725
1779816505560,1,Pitching Mound.Parent,,Loading,pitch.0,333618,1.7376,10.1529,100.8721,67.8456,46.9351,-4.8326,-0.0509,0.0723
1779816505561,1,11.0000004b,Drive,Loading,pitch.0,334421,0.7631,9.9857,99.217,66.0744,48.223,-6.8825,-0.0516,0.0707
1779816505561,1,12.00000015,Lower Delivery,Loading,pitch.0,334148,-0.2726,-0.7591,1.093,-0.0886,-0.0198,0.0032,0.0,0.0
1779816505561,1,12.00000018,Upper Delivery,Loading,pitch.0,334703,1.1852,0.8544,0.414,1.5103,-1.5045,1.6978,0.0,0.0
1779816505561,1,Pitching Mound.Delivery,,Loading,pitch.0,333912,0.9126,0.0953,1.507,1.6526,-1.5243,2.1966,0.0,0.0
1779816505561,1,Pitching Mound.Drive,,Loading,pitch.0,334421,0.7631,9.9857,99.217,66.0744,48.223,-6.8825,-0.0516,0.0707
1779816505561,1,Pitching Mound.Parent,,Loading,pitch.0,333619,1.6757,10.081,100.724,67.7271,46.6987,-4.6858,-0.0508,0.0719
1779816505562,1,11.0000004b,Drive,Loading,pitch.0,334422,0.7548,9.9805,99.2189,66.0112,47.8461,-6.7769,-0.0512,0.0706
1779816505562,1,12.00000015,Lower Delivery,Loading,pitch.0,334149,-0.2752,-0.7335,0.9892,-0.086,-0.0216,-0.0045,0.0,0.0
1779816505562,1,12.00000018,Upper Delivery,Loading,pitch.0,334704,1.2062,0.8646,0.4044,1.5928,-1.3487,1.6246,0.0,0.0
1779816505562,1,Pitching Mound.Delivery,,Loading,pitch.0,333913,0.931,0.1311,1.3936,1.7056,-1.3703,2.1237,0.0,0.0
1779816505562,1,Pitching Mound.Drive,,Loading,pitch.0,334422,0.7548,9.9805,99.2189,66.0112,47.8461,-6.7769,-0.0512,0.0706
1779816505562,1,Pitching Mound.Parent,,Loading,pitch.0,333620,1.6858,10.1116,100.6125,67.7169,46.4758,-4.6531,-0.0505,0.0716
1779816505563,1,11.0000004b,Drive,Loading,pitch.0,334423,0.74,9.9687,99.1427,65.9581,47.7447,-6.68,-0.0511,0.0706
1779816505563,1,12.00000015,Lower Delivery,Loading,pitch.0,334150,-0.2903,-0.7332,0.9455,-0.0866,-0.0189,-0.0026,0.0,0.0
1779816505563,1,12.00000018,Upper Delivery,Loading,pitch.0,334705,1.1863,0.8577,0.3934,1.6432,-1.4145,1.6261,0.0,0.0
1779816505563,1,Pitching Mound.Delivery,,Loading,pitch.0,333914,0.896,0.1246,1.339,1.7443,-1.4334,2.1255,0.0,0.0
1779816505563,1,Pitching Mound.Drive,,Loading,pitch.0,334423,0.74,9.9687,99.1427,65.9581,47.7447,-6.68,-0.0511,0.0706
1779816505563,1,Pitching Mound.Parent,,Loading,pitch.0,333621,1.636,10.0933,100.4817,67.7023,46.3113,-4.5545,-0.0504,0.0716
1779816505564,1,11.0000004b,Drive,Loading,pitch.0,334424,0.7211,9.9635,99.1482,65.9839,47.4878,-6.5872,-0.0508,0.0707
1779816505564,1,12.00000015,Lower Delivery,Loading,pitch.0,334151,-0.2749,-0.7236,1.0349,-0.0849,-0.0193,0.0106,0.0,0.0
1779816505564,1,12.00000018,Upper Delivery,Loading,pitch.0,334706,1.1691,0.8332,0.3922,1.5484,-1.3274,1.6358,0.0,0.0
1779816505564,1,Pitching Mound.Delivery,,Loading,pitch.0,333915,0.8942,0.1096,1.4271,1.6821,-1.3467,2.1375,0.0,0.0
1779816505564,1,Pitching Mound.Drive,,Loading,pitch.0,334424,0.7211,9.9635,99.1482,65.9839,47.4878,-6.5872,-0.0508,0.0707
1779816505564,1,Pitching Mound.Parent,,Loading,pitch.0,333622,1.6153,10.0732,100.5753,67.6659,46.1411,-4.4497,-0.0501,0.0718
1779816505565,1,11.0000004b,Drive,Loading,pitch.0,334425,0.6939,9.9513,99.2054,65.9669,47.2913,-6.468,-0.0506,0.0706
1779816505565,1,12.00000015,Lower Delivery,Loading,pitch.0,334152,-0.295,-0.7255,0.954,-0.0782,-0.0177,-0.0002,0.0,0.0
1779816505565,1,12.00000018,Upper Delivery,Loading,pitch.0,334707,1.1574,0.8315,0.421,1.5064,-1.2651,1.6454,0.0,0.0
1779816505565,1,Pitching Mound.Delivery,,Loading,pitch.0,333916,0.8624,0.106,1.375,1.6095,-1.2828,2.1389,0.0,0.0
1779816505565,1,Pitching Mound.Drive,,Loading,pitch.0,334425,0.6939,9.9513,99.2054,65.9669,47.2913,-6.468,-0.0506,0.0706
1779816505565,1,Pitching Mound.Parent,,Loading,pitch.0,333623,1.5563,10.0573,100.5804,67.5764,46.0085,-4.329,-0.0499,0.0714
1779816505566,1,11.0000004b,Drive,Loading,pitch.0,334426,0.6973,9.9546,99.1601,65.9752,47.0593,-6.3793,-0.0504,0.0706
1779816505566,1,12.00000015,Lower Delivery,Loading,pitch.0,334153,-0.2986,-0.7203,0.8951,-0.077,-0.0142,0.0071,0.0,0.0
1779816505566,1,12.00000018,Upper Delivery,Loading,pitch.0,334708,1.1317,0.8443,0.4565,1.4278,-1.0729,1.5776,0.0,0.0
1779816505566,1,Pitching Mound.Delivery,,Loading,pitch.0,333917,0.8331,0.124,1.3516,1.4999,-1.0871,2.071,0.0,0.0
1779816505566,1,Pitching Mound.Drive,,Loading,pitch.0,334426,0.6973,9.9546,99.1601,65.9752,47.0593,-6.3793,-0.0504,0.0706
1779816505566,1,Pitching Mound.Parent,,Loading,pitch.0,333624,1.5304,10.0786,100.5117,67.4752,45.9722,-4.3083,-0.0497,0.0712
1779816505567,1,11.0000004b,Drive,Loading,pitch.0,334427,0.6853,9.9475,99.0976,66.0106,46.7954,-6.2702,-0.0501,0.0707
1779816505567,1,12.00000015,Lower Delivery,Loading,pitch.0,334154,-0.3123,-0.7049,0.8826,-0.08,-0.0191,0.0132,0.0,0.0
1779816505567,1,12.00000018,Upper Delivery,Loading,pitch.0,334709,1.1286,0.8338,0.4409,1.3397,-1.0161,1.6364,0.0,0.0
1779816505567,1,Pitching Mound.Delivery,,Loading,pitch.0,333918,0.8163,0.1289,1.3235,1.4099,-1.0352,2.1394,0.0,0.0
1779816505567,1,Pitching Mound.Drive,,Loading,pitch.0,334427,0.6853,9.9475,99.0976,66.0106,46.7954,-6.2702,-0.0501,0.0707
1779816505567,1,Pitching Mound.Parent,,Loading,pitch.0,333625,1.5016,10.0764,100.4211,67.4205,45.7603,-4.1307,-0.0495,0.0713
1779816505568,1,11.0000004b,Drive,Loading,pitch.0,334428,0.6753,9.9427,99.1722,66.0022,46.6473,-6.1904,-0.0499,0.0707
1779816505568,1,12.00000015,Lower Delivery,Loading,pitch.0,334155,-0.3147,-0.7239,0.8557,-0.0755,-0.0127,0.0155,0.0,0.0
1779816505568,1,12.00000018,Upper Delivery,Loading,pitch.0,334710,1.0741,0.7644,0.4172,1.3217,-1.0468,1.5897,0.0,0.0
1779816505568,1,Pitching Mound.Delivery,,Loading,pitch.0,333919,0.7594,0.0405,1.2728,1.3953,-1.0595,2.0774,0.0,0.0
1779816505568,1,Pitching Mound.Drive,,Loading,pitch.0,334428,0.6753,9.9427,99.1722,66.0022,46.6473,-6.1904,-0.0499,0.0707
1779816505568,1,Pitching Mound.Parent,,Loading,pitch.0,333626,1.4347,9.9832,100.445,67.3975,45.5877,-4.113,-0.0493,0.0712
1779816505569,1,11.0000004b,Drive,Loading,pitch.0,334429,0.6567,9.9488,99.0298,65.9174,46.3939,-6.0615,-0.0497,0.0707
1779816505569,1,12.00000015,Lower Delivery,Loading,pitch.0,334156,-0.2919,-0.7042,0.9164,-0.0741,-0.0155,0.035,0.0,0.0
1779816505569,1,12.00000018,Upper Delivery,Loading,pitch.0,334711,1.0853,0.795,0.3615,1.0057,-0.5123,1.5845,0.0,0.0
1779816505569,1,Pitching Mound.Delivery,,Loading,pitch.0,333920,0.7934,0.0908,1.2779,1.1203,-0.5279,2.0878,0.0,0.0
1779816505569,1,Pitching Mound.Drive,,Loading,pitch.0,334429,0.6567,9.9488,99.0298,65.9174,46.3939,-6.0615,-0.0497,0.0707
1779816505569,1,Pitching Mound.Parent,,Loading,pitch.0,333627,1.4501,10.0395,100.3078,67.0377,45.866,-3.9737,-0.0491,0.0716
1779816505570,1,11.0000004b,Drive,Loading,pitch.0,334430,0.6652,9.9447,99.0757,65.8118,46.1879,-5.9583,-0.0495,0.0705
1779816505570,1,12.00000015,Lower Delivery,Loading,pitch.0,334157,-0.2918,-0.6926,0.8793,-0.0791,-0.0142,0.0148,0.0,0.0
1779816505570,1,12.00000018,Upper Delivery,Loading,pitch.0,334712,1.0762,0.8272,0.3506,1.0239,-0.5089,1.5874,0.0,0.0
1779816505570,1,Pitching Mound.Delivery,,Loading,pitch.0,333921,0.7844,0.1346,1.2299,1.1246,-0.5231,2.0673,0.0,0.0
1779816505570,1,Pitching Mound.Drive,,Loading,pitch.0,334430,0.6652,9.9447,99.0757,65.8118,46.1879,-5.9583,-0.0495,0.0705
1779816505570,1,Pitching Mound.Parent,,Loading,pitch.0,333628,1.4496,10.0793,100.3056,66.9364,45.6648,-3.891,-0.0489,0.0714
1779816505571,1,11.0000004b,Drive,Loading,pitch.0,334431,0.6541,9.9422,99.0571,65.8694,46.0342,-5.863,-0.0493,0.0706
1779816505571,1,12.00000015,Lower Delivery,Loading,pitch.0,334158,-0.2713,-0.6965,0.9128,-0.0861,-0.0168,0.0003,0.0,0.0
1779816505571,1,12.00000018,Upper Delivery,Loading,pitch.0,334713,1.0222,0.8208,0.3604,0.8945,-0.3687,1.5627,0.0,0.0
1779816505571,1,Pitching Mound.Delivery,,Loading,pitch.0,333922,0.7509,0.1242,1.2732,0.9962,-0.3855,2.0028,0.0,0.0
1779816505571,1,Pitching Mound.Drive,,Loading,pitch.0,334431,0.6541,9.9422,99.0571,65.8694,46.0342,-5.863,-0.0493,0.0706
1779816505571,1,Pitching Mound.Parent,,Loading,pitch.0,333629,1.405,10.0664,100.3304,66.8656,45.6487,-3.8602,-0.0487,0.0716
1779816505572,1,11.0000004b,Drive,Loading,pitch.0,334432,0.6502,9.9504,99.2454,65.9371,45.8909,-5.7943,-0.0491,0.0705
1779816505572,1,12.00000015,Lower Delivery,Loading,pitch.0,334159,-0.2655,-0.6986,0.8907,-0.082,-0.0136,0.0039,0.0,0.0
1779816505572,1,12.00000018,Upper Delivery,Loading,pitch.0,334714,1.01,0.8355,0.3773,0.8427,-0.462,1.5513,0.0,0.0
1779816505572,1,Pitching Mound.Delivery,,Loading,pitch.0,333923,0.7446,0.1368,1.268,0.9353,-0.4756,1.9888,0.0,0.0
1779816505572,1,Pitching Mound.Drive,,Loading,pitch.0,334432,0.6502,9.9504,99.2454,65.9371,45.8909,-5.7943,-0.0491,0.0705
1779816505572,1,Pitching Mound.Parent,,Loading,pitch.0,333630,1.3947,10.0873,100.5134,66.8724,45.4153,-3.8054,-0.0485,0.0714
1779816505573,1,11.0000004b,Drive,Loading,pitch.0,334433,0.6562,9.9609,99.2067,65.8765,45.7766,-5.7091,-0.049,0.0705
1779816505573,1,12.00000015,Lower Delivery,Loading,pitch.0,334160,-0.2675,-0.6998,0.9669,-0.0842,-0.0035,0.0047,0.0,0.0
1779816505573,1,12.00000018,Upper Delivery,Loading,pitch.0,334715,0.9904,0.8015,0.4256,0.7964,-0.3431,1.5881,0.0,0.0
1779816505573,1,Pitching Mound.Delivery,,Loading,pitch.0,333924,0.7229,0.1017,1.3924,0.8962,-0.3465,2.0205,0.0,0.0
1779816505573,1,Pitching Mound.Drive,,Loading,pitch.0,334433,0.6562,9.9609,99.2067,65.8765,45.7766,-5.7091,-0.049,0.0705
1779816505573,1,Pitching Mound.Parent,,Loading,pitch.0,333631,1.3791,10.0627,100.5991,66.7728,45.4301,-3.6886,-0.0483,0.0713
1779816505574,1,11.0000004b,Drive,Loading,pitch.0,334434,0.6561,9.9642,99.2775,65.7935,45.6142,-5.629,-0.0488,0.0704
1779816505574,1,12.00000015,Lower Delivery,Loading,pitch.0,334161,-0.2512,-0.6953,0.9279,-0.0779,-0.0011,0.0241,0.0,0.0
1779816505574,1,12.00000018,Upper Delivery,Loading,pitch.0,334716,1.0083,0.8557,0.438,0.7613,-0.4311,1.621,0.0,0.0
1779816505574,1,Pitching Mound.Delivery,,Loading,pitch.0,333925,0.7572,0.1604,1.3659,0.8499,-0.4322,2.0733,0.0,0.0
1779816505574,1,Pitching Mound.Drive,,Loading,pitch.0,334434,0.6561,9.9642,99.2775,65.7935,45.6142,-5.629,-0.0488,0.0704
1779816505574,1,Pitching Mound.Parent,,Loading,pitch.0,333632,1.4133,10.1246,100.6434,66.6435,45.182,-3.5557,-0.0481,0.0711
1779816505575,1,11.0000004b,Drive,Loading,pitch.0,334435,0.6564,9.9507,99.3083,65.704,45.4253,-5.5368,-0.0486,0.0702
1779816505575,1,12.00000015,Lower Delivery,Loading,pitch.0,334162,-0.2218,-0.6733,0.8503,-0.0736,-0.0087,0.0038,0.0,0.0
1779816505575,1,12.00000018,Upper Delivery,Loading,pitch.0,334717,1.0176,0.8654,0.3925,0.8626,-0.5464,1.6081,0.0,0.0
1779816505575,1,Pitching Mound.Delivery,,Loading,pitch.0,333926,0.7959,0.1921,1.2429,0.9446,-0.5551,2.0333,0.0,0.0
1779816505575,1,Pitching Mound.Drive,,Loading,pitch.0,334435,0.6564,9.9507,99.3083,65.704,45.4253,-5.5368,-0.0486,0.0702
1779816505575,1,Pitching Mound.Parent,,Loading,pitch.0,333633,1.4523,10.1428,100.5512,66.6486,44.8702,-3.5035,-0.048,0.0709
1779816505576,1,11.0000004b,Drive,Loading,pitch.0,334436,0.6318,9.9516,99.3201,65.6544,45.2386,-5.4506,-0.0484,0.0702
1779816505576,1,12.00000015,Lower Delivery,Loading,pitch.0,334163,-0.2267,-0.6932,0.8567,-0.0759,0.0019,-0.0009,0.0,0.0
1779816505576,1,12.00000018,Upper Delivery,Loading,pitch.0,334718,1.0418,0.8583,0.4169,0.8313,-0.8501,1.5828,0.0,0.0
1779816505576,1,Pitching Mound.Delivery,,Loading,pitch.0,333927,0.8151,0.1651,1.2736,0.9049,-0.8482,2.0132,0.0,0.0
1779816505576,1,Pitching Mound.Drive,,Loading,pitch.0,334436,0.6318,9.9516,99.3201,65.6544,45.2386,-5.4506,-0.0484,0.0702
1779816505576,1,Pitching Mound.Parent,,Loading,pitch.0,333634,1.4469,10.1167,100.5936,66.5594,44.3904,-3.4374,-0.0477,0.0708
1779816505577,1,11.0000004b,Drive,Loading,pitch.0,334437,0.6211,9.9429,99.2303,65.577,45.0796,-5.3614,-0.0482,0.0702
1779816505577,1,12.00000015,Lower Delivery,Loading,pitch.0,334164,-0.2286,-0.6808,0.85,-0.0787,0.0,-0.0094,0.0,0.0
1779816505577,1,12.00000018,Upper Delivery,Loading,pitch.0,334719,1.0919,0.8293,0.3893,0.8626,-0.9566,1.6043,0.0,0.0
1779816505577,1,Pitching Mound.Delivery,,Loading,pitch.0,333928,0.8634,0.1484,1.2393,0.9405,-0.9566,2.0439,0.0,0.0
1779816505577,1,Pitching Mound.Drive,,Loading,pitch.0,334437,0.6211,9.9429,99.2303,65.577,45.0796,-5.3614,-0.0482,0.0702
1779816505577,1,Pitching Mound.Parent,,Loading,pitch.0,333635,1.4844,10.0913,100.4696,66.5175,44.123,-3.3175,-0.0476,0.0709
1779816505578,1,11.0000004b,Drive,Loading,pitch.0,334438,0.6012,9.9354,99.2985,65.4774,45.1372,-5.3,-0.0483,0.07
1779816505578,1,12.00000015,Lower Delivery,Loading,pitch.0,334165,-0.2387,-0.7014,0.8458,-0.0791,0.0001,-0.0099,0.0,0.0
1779816505578,1,12.00000018,Upper Delivery,Loading,pitch.0,334720,1.1301,0.8104,0.3296,0.9454,-1.1724,1.6207,0.0,0.0
1779816505578,1,Pitching Mound.Delivery,,Loading,pitch.0,333929,0.8915,0.109,1.1754,1.0418,-1.1723,2.0763,0.0,0.0
1779816505578,1,Pitching Mound.Drive,,Loading,pitch.0,334438,0.6012,9.9354,99.2985,65.4774,45.1372,-5.3,-0.0483,0.07
1779816505578,1,Pitching Mound.Parent,,Loading,pitch.0,333636,1.4927,10.0443,100.4739,66.5192,43.9649,-3.2238,-0.0477,0.0709
1779816505579,1,11.0000004b,Drive,Loading,pitch.0,334439,0.5851,9.9465,99.2614,65.4307,45.0201,-5.2315,-0.0482,0.07
1779816505579,1,12.00000015,Lower Delivery,Loading,pitch.0,334166,-0.2346,-0.6783,0.7824,-0.0891,-0.0097,-0.0139,0.0,0.0
1779816505579,1,12.00000018,Upper Delivery,Loading,pitch.0,334721,1.1759,0.8302,0.3666,0.9905,-1.1333,1.6719,0.0,0.0
1779816505579,1,Pitching Mound.Delivery,,Loading,pitch.0,333930,0.9412,0.1519,1.149,1.0428,-1.143,2.1376,0.0,0.0
1779816505579,1,Pitching Mound.Drive,,Loading,pitch.0,334439,0.5851,9.9465,99.2614,65.4307,45.0201,-5.2315,-0.0482,0.07
1779816505579,1,Pitching Mound.Parent,,Loading,pitch.0,333637,1.5263,10.0984,100.4104,66.4736,43.8772,-3.0939,-0.0476,0.0706
1779816505580,1,11.0000004b,Drive,Loading,pitch.0,334440,0.5663,9.9655,99.3787,65.5194,44.991,-5.1813,-0.0481,0.07
1779816505580,1,12.00000015,Lower Delivery,Loading,pitch.0,334167,-0.2388,-0.6966,0.7326,-0.0821,-0.0091,-0.0085,0.0,0.0
1779816505580,1,12.00000018,Upper Delivery,Loading,pitch.0,334722,1.164,0.8291,0.364,1.3899,-1.2017,1.7012,0.0,0.0
1779816505580,1,Pitching Mound.Delivery,,Loading,pitch.0,333931,0.9252,0.1325,1.0965,1.4331,-1.2108,2.1696,0.0,0.0
1779816505580,1,Pitching Mound.Drive,,Loading,pitch.0,334440,0.5663,9.9655,99.3787,65.5194,44.991,-5.1813,-0.0481,0.07
1779816505580,1,Pitching Mound.Parent,,Loading,pitch.0,333638,1.4915,10.0979,100.4752,66.9525,43.7802,-3.0116,-0.0475,0.0705
1779816505581,1,11.0000004b,Drive,Loading,pitch.0,334441,0.5544,9.9658,99.299,65.3723,44.8056,-5.1076,-0.0479,0.0699
1779816505581,1,12.00000015,Lower Delivery,Loading,pitch.0,334168,-0.2405,-0.7037,0.7787,-0.0823,-0.0169,-0.0087,0.0,0.0
1779816505581,1,12.00000018,Upper Delivery,Loading,pitch.0,334723,1.215,0.8269,0.2934,1.376,-1.1447,1.7474,0.0,0.0
1779816505581,1,Pitching Mound.Delivery,,Loading,pitch.0,333932,0.9745,0.1232,1.0721,1.4588,-1.1616,2.2335,0.0,0.0
1779816505581,1,Pitching Mound.Drive,,Loading,pitch.0,334441,0.5544,9.9658,99.299,65.3723,44.8056,-5.1076,-0.0479,0.0699
1779816505581,1,Pitching Mound.Parent,,Loading,pitch.0,333639,1.5289,10.089,100.3711,66.8311,43.644,-2.8741,-0.0474,0.0708
1779816505582,1,11.0000004b,Drive,Loading,pitch.0,334442,0.5447,9.9781,99.301,65.3473,44.6603,-5.0317,-0.0477,0.0699
1779816505582,1,12.00000015,Lower Delivery,Loading,pitch.0,334169,-0.222,-0.6682,0.7747,-0.0909,-0.0234,-0.0123,0.0,0.0
1779816505582,1,12.00000018,Upper Delivery,Loading,pitch.0,334724,1.2165,0.8074,0.2963,1.3286,-1.506,1.7623,0.0,0.0
1779816505582,1,Pitching Mound.Delivery,,Loading,pitch.0,333933,0.9946,0.1391,1.071,1.4003,-1.5294,2.2391,0.0,0.0
1779816505582,1,Pitching Mound.Drive,,Loading,pitch.0,334442,0.5447,9.9781,99.301,65.3473,44.6603,-5.0317,-0.0477,0.0699
1779816505582,1,Pitching Mound.Parent,,Loading,pitch.0,333640,1.5393,10.1172,100.372,66.7476,43.1309,-2.7927,-0.0472,0.0707
1779816505583,1,11.0000004b,Drive,Loading,pitch.0,334443,0.5283,9.9822,99.254,65.1551,44.555,-4.9228,-0.0477,0.0697
1779816505583,1,12.00000015,Lower Delivery,Loading,pitch.0,334170,-0.2224,-0.6891,0.8412,-0.09,-0.0331,-0.0008,0.0,0.0
1779816505583,1,12.00000018,Upper Delivery,Loading,pitch.0,334725,1.2166,0.834,0.2535,1.3472,-1.1768,1.7036,0.0,0.0
1779816505583,1,Pitching Mound.Delivery,,Loading,pitch.0,333934,0.9943,0.1449,1.0948,1.4571,-1.2099,2.1921,0.0,0.0
1779816505583,1,Pitching Mound.Drive,,Loading,pitch.0,334443,0.5283,9.9822,99.254,65.1551,44.555,-4.9228,-0.0477,0.0697
1779816505583,1,Pitching Mound.Parent,,Loading,pitch.0,333641,1.5226,10.127,100.3488,66.6122,43.3451,-2.7307,-0.0471,0.0709
1779816505584,1,11.0000004b,Drive,Loading,pitch.0,334444,0.4943,9.9796,99.1399,64.992,44.3499,-4.8201,-0.0475,0.0696
1779816505584,1,12.00000015,Lower Delivery,Loading,pitch.0,334171,-0.2431,-0.6939,0.8367,-0.0942,-0.0337,-0.0101,0.0,0.0
1779816505584,1,12.00000018,Upper Delivery,Loading,pitch.0,334726,1.259,0.8619,0.2697,1.3524,-0.9683,1.6945,0.0,0.0
1779816505584,1,Pitching Mound.Delivery,,Loading,pitch.0,333935,1.0159,0.168,1.1064,1.451,-1.002,2.1952,0.0,0.0
1779816505584,1,Pitching Mound.Drive,,Loading,pitch.0,334444,0.4943,9.9796,99.1399,64.992,44.3499,-4.8201,-0.0475,0.0696
1779816505584,1,Pitching Mound.Parent,,Loading,pitch.0,333642,1.5102,10.1476,100.2463,66.443,43.3479,-2.6249,-0.047,0.0708
1779816505585,1,11.0000004b,Drive,Loading,pitch.0,334445,0.4769,9.9797,99.2573,64.9754,44.2175,-4.7576,-0.0473,0.0695
1779816505585,1,12.00000015,Lower Delivery,Loading,pitch.0,334172,-0.2514,-0.7074,0.9107,-0.0929,-0.0271,-0.0059,0.0,0.0
1779816505585,1,12.00000018,Upper Delivery,Loading,pitch.0,334727,1.2353,0.829,0.2568,1.3561,-1.2755,1.7328,0.0,0.0
1779816505585,1,Pitching Mound.Delivery,,Loading,pitch.0,333936,0.9839,0.1217,1.1675,1.4855,-1.3027,2.2323,0.0,0.0
1779816505585,1,Pitching Mound.Drive,,Loading,pitch.0,334445,0.4769,9.9797,99.2573,64.9754,44.2175,-4.7576,-0.0473,0.0695
1779816505585,1,Pitching Mound.Parent,,Loading,pitch.0,333643,1.4608,10.1014,100.4248,66.461,42.9148,-2.5253,-0.0467,0.0709
1779816505586,1,11.0000004b,Drive,Loading,pitch.0,334446,0.4707,9.974,99.229,64.8571,44.0331,-4.6686,-0.0471,0.0694
1779816505586,1,12.00000015,Lower Delivery,Loading,pitch.0,334173,-0.2737,-0.721,0.8691,-0.0831,-0.0232,0.0031,0.0,0.0
1779816505586,1,12.00000018,Upper Delivery,Loading,pitch.0,334728,1.2339,0.8574,0.2906,1.4063,-1.0812,1.7393,0.0,0.0
1779816505586,1,Pitching Mound.Delivery,,Loading,pitch.0,333937,0.9602,0.1364,1.1597,1.5199,-1.1045,2.255,0.0,0.0
1779816505586,1,Pitching Mound.Drive,,Loading,pitch.0,334446,0.4707,9.974,99.229,64.8571,44.0331,-4.6686,-0.0471,0.0694
1779816505586,1,Pitching Mound.Parent,,Loading,pitch.0,333644,1.4309,10.1104,100.3887,66.377,42.9287,-2.4136,-0.0466,0.0705
1779816505587,1,11.0000004b,Drive,Loading,pitch.0,334447,0.4553,9.9757,99.1967,64.668,43.7268,-4.4763,-0.0468,0.0692
1779816505587,1,12.00000015,Lower Delivery,Loading,pitch.0,334174,-0.248,-0.7024,0.9369,-0.0845,-0.0308,0.0139,0.0,0.0
1779816505587,1,12.00000018,Upper Delivery,Loading,pitch.0,334729,1.2196,0.8687,0.2996,1.4074,-1.1585,1.7664,0.0,0.0
1779816505587,1,Pitching Mound.Delivery,,Loading,pitch.0,333938,0.9716,0.1663,1.2366,1.5395,-1.1893,2.2793,0.0,0.0
1779816505587,1,Pitching Mound.Drive,,Loading,pitch.0,334447,0.4553,9.9757,99.1967,64.668,43.7268,-4.4763,-0.0468,0.0692
1779816505587,1,Pitching Mound.Parent,,Loading,pitch.0,333645,1.4269,10.142,100.4333,66.2076,42.5375,-2.197,-0.0462,0.0705
1779816505588,1,11.0000004b,Drive,Loading,pitch.0,334448,0.4316,9.9855,99.2446,64.5841,43.2873,-4.2829,-0.0463,0.0691
1779816505588,1,12.00000015,Lower Delivery,Loading,pitch.0,334175,-0.25,-0.7023,0.9399,-0.0806,-0.0245,0.0587,0.0,0.0
1779816505588,1,12.00000018,Upper Delivery,Loading,pitch.0,334730,1.2134,0.8813,0.2996,1.2517,-0.8554,1.7402,0.0,0.0
1779816505588,1,Pitching Mound.Delivery,,Loading,pitch.0,333939,0.9634,0.1791,1.2395,1.3889,-0.8799,2.2964,0.0,0.0
1779816505588,1,Pitching Mound.Drive,,Loading,pitch.0,334448,0.4316,9.9855,99.2446,64.5841,43.2873,-4.2829,-0.0463,0.0691
1779816505588,1,Pitching Mound.Parent,,Loading,pitch.0,333646,1.395,10.1645,100.4841,65.9729,42.4075,-1.9865,-0.0457,0.0704
1779816505589,1,11.0000004b,Drive,Loading,pitch.0,334449,0.4279,9.9865,99.3613,64.591,42.9986,-4.0942,-0.0459,0.069
1779816505589,1,12.00000015,Lower Delivery,Loading,pitch.0,334176,-0.2549,-0.7216,0.9813,-0.0752,-0.0203,0.0546,0.0,0.0
1779816505589,1,12.00000018,Upper Delivery,Loading,pitch.0,334731,1.1673,0.8765,0.3591,0.9463,-0.7757,1.7043,0.0,0.0
1779816505589,1,Pitching Mound.Delivery,,Loading,pitch.0,333940,0.9123,0.1549,1.3404,1.0826,-0.796,2.2424,0.0,0.0
1779816505589,1,Pitching Mound.Drive,,Loading,pitch.0,334449,0.4279,9.9865,99.3613,64.591,42.9986,-4.0942,-0.0459,0.069
1779816505589,1,Pitching Mound.Parent,,Loading,pitch.0,333647,1.3402,10.1413,100.7017,65.6736,42.2026,-1.8518,-0.0453,0.0702
1779816505590,1,11.0000004b,Drive,Loading,pitch.0,334450,0.406,9.9785,99.1256,64.2993,42.6184,-3.8176,-0.0456,0.0689
1779816505590,1,12.00000015,Lower Delivery,Loading,pitch.0,334177,-0.2548,-0.7215,0.9617,-0.0802,-0.0164,0.0265,0.0,0.0
1779816505590,1,12.00000018,Upper Delivery,Loading,pitch.0,334732,1.1731,0.9375,0.4163,0.9547,-0.7625,1.6733,0.0,0.0
1779816505590,1,Pitching Mound.Delivery,,Loading,pitch.0,333941,0.9184,0.216,1.378,1.0598,-0.7789,2.1853,0.0,0.0
1779816505590,1,Pitching Mound.Drive,,Loading,pitch.0,334450,0.406,9.9785,99.1256,64.2993,42.6184,-3.8176,-0.0456,0.0689
1779816505590,1,Pitching Mound.Parent,,Loading,pitch.0,333648,1.3244,10.1946,100.5036,65.3592,41.8395,-1.6323,-0.045,0.0698
1779816505591,1,11.0000004b,Drive,Loading,pitch.0,334451,0.3987,9.9814,99.3237,64.3333,42.34,-3.5872,-0.0453,0.0688
1779816505591,1,12.00000015,Lower Delivery,Loading,pitch.0,334178,-0.2344,-0.7378,1.0403,-0.0845,-0.0148,0.0331,0.0,0.0
1779816505591,1,12.00000018,Upper Delivery,Loading,pitch.0,334733,1.1663,0.9648,0.4649,0.8994,-0.7025,1.6473,0.0,0.0
1779816505591,1,Pitching Mound.Delivery,,Loading,pitch.0,333942,0.9319,0.227,1.5052,1.0105,-0.7173,2.1567,0.0,0.0
1779816505591,1,Pitching Mound.Drive,,Loading,pitch.0,334451,0.3987,9.9814,99.3237,64.3333,42.34,-3.5872,-0.0453,0.0688
1779816505591,1,Pitching Mound.Parent,,Loading,pitch.0,333649,1.3306,10.2083,100.8289,65.3438,41.6228,-1.4305,-0.0446,0.0697
1779816505592,1,12.00000015,Lower Delivery,Loading,pitch.0,334179,-0.243,-0.7414,1.0373,-0.0777,-0.01,0.0301,0.0,0.0
1779816505593,1,12.00000015,Lower Delivery,Loading,pitch.0,334180,-0.2462,-0.7375,1.0778,-0.077,-0.0107,0.025,0.0,0.0
1779816505594,1,12.00000015,Lower Delivery,Loading,pitch.0,334181,-0.2557,-0.7226,1.1525,-0.0877,-0.0195,-0.0008,0.0,0.0
1779816505595,1,12.00000015,Lower Delivery,Loading,pitch.0,334182,-0.2442,-0.7265,1.1706,-0.0825,-0.0182,0.0369,0.0,0.0
1779816505596,1,12.00000015,Lower Delivery,Loading,pitch.0,334183,-0.2279,-0.7138,1.1858,-0.0949,-0.0311,0.0032,0.0,0.0
1779816505608,1,12.00000018,Upper Delivery,Loading,pitch.0,334734,1.1786,0.9646,0.4742,0.7853,-0.5063,1.6257,0.0,0.0
1779816505608,1,Pitching Mound.Delivery,,Loading,pitch.0,333943,0.9508,0.2508,1.66,0.9324,-0.5374,2.1071,0.0,0.0
1779816505609,1,11.0000004b,Drive,Loading,pitch.0,334452,0.2259,9.8888,97.7958,62.0912,40.1845,-2.9863,-0.0436,0.0674
1779816505609,1,12.00000018,Upper Delivery,Loading,pitch.0,334735,1.1825,0.9251,0.4624,0.7964,-0.5198,1.6378,0.0,0.0
1779816505609,1,Pitching Mound.Drive,,Loading,pitch.0,334452,0.2259,9.8888,97.7958,62.0912,40.1845,-2.9863,-0.0436,0.0674
1779816505609,1,Pitching Mound.Parent,,Loading,pitch.0,333650,1.1806,10.1001,99.4441,63.0387,39.6336,-0.8659,-0.0429,0.0688
1779816505610,1,11.0000004b,Drive,Loading,pitch.0,334453,0.2192,9.8846,97.7615,62.0111,39.8932,-2.7748,-0.0433,0.0673
1779816505610,1,12.00000018,Upper Delivery,Loading,pitch.0,334736,1.2112,0.939,0.4388,0.7221,-0.29,1.6723,0.0,0.0
1779816505610,1,Pitching Mound.Drive,,Loading,pitch.0,334453,0.2192,9.8846,97.7615,62.0111,39.8932,-2.7748,-0.0433,0.0673
1779816505611,1,11.0000004b,Drive,Loading,pitch.0,334454,0.1944,9.8764,97.6646,61.8512,39.5374,-2.5295,-0.043,0.0672
1779816505611,1,12.00000018,Upper Delivery,Loading,pitch.0,334737,1.1953,0.9909,0.4656,0.7597,-0.4507,1.6896,0.0,0.0
1779816505611,1,Pitching Mound.Drive,,Loading,pitch.0,334454,0.1944,9.8764,97.6646,61.8512,39.5374,-2.5295,-0.043,0.0672
1779816505612,1,11.0000004b,Drive,Loading,pitch.0,334455,0.1753,9.8734,97.4806,61.5887,39.1179,-2.2907,-0.0426,0.0671
1779816505612,1,12.00000018,Upper Delivery,Loading,pitch.0,334738,1.139,0.9042,0.5065,0.8104,-0.4056,1.6605,0.0,0.0
1779816505612,1,Pitching Mound.Drive,,Loading,pitch.0,334455,0.1753,9.8734,97.4806,61.5887,39.1179,-2.2907,-0.0426,0.0671
1779816505613,1,11.0000004b,Drive,Loading,pitch.0,334456,0.1569,9.8767,97.3726,61.369,38.8034,-2.0798,-0.0423,0.0669
1779816505613,1,12.00000018,Upper Delivery,Loading,pitch.0,334739,1.163,0.9152,0.4105,0.8812,-0.3367,1.6671,0.0,0.0
1779816505613,1,Pitching Mound.Drive,,Loading,pitch.0,334456,0.1569,9.8767,97.3726,61.369,38.8034,-2.0798,-0.0423,0.0669
1779816505614,1,11.0000004b,Drive,Loading,pitch.0,334457,0.1292,9.8753,97.2297,61.2131,38.4615,-1.8816,-0.042,0.0668
1779816505614,1,12.00000015,Lower Delivery,Loading,pitch.0,334184,-0.2309,-0.6892,1.1309,-0.1011,-0.0396,-0.0075,0.0,0.0
1779816505614,1,12.00000018,Upper Delivery,Loading,pitch.0,334740,1.1675,0.8578,0.3182,0.947,-0.3202,1.6544,0.0,0.0
1779816505614,1,Pitching Mound.Delivery,,Loading,pitch.0,333944,0.9321,0.2259,1.5414,1.025,-0.3763,2.1335,0.0,0.0
1779816505614,1,Pitching Mound.Drive,,Loading,pitch.0,334457,0.1292,9.8753,97.2297,61.2131,38.4615,-1.8816,-0.042,0.0668
1779816505614,1,Pitching Mound.Parent,,Loading,pitch.0,333651,1.089,10.1026,98.914,62.3941,38.4271,0.0537,-0.0416,0.0683
1779816505615,1,11.0000004b,Drive,Loading,pitch.0,334458,0.1136,9.8737,97.318,61.0813,38.378,-1.7566,-0.0419,0.0666
1779816505615,1,12.00000015,Lower Delivery,Loading,pitch.0,334185,-0.2465,-0.7017,1.1944,-0.1004,-0.0403,-0.002,0.0,0.0
1779816505615,1,12.00000018,Upper Delivery,Loading,pitch.0,334741,1.1242,0.7858,0.3435,0.9882,-0.4743,1.7339,0.0,0.0
1779816505615,1,Pitching Mound.Delivery,,Loading,pitch.0,333945,0.921,0.1561,1.5126,1.1445,-0.3604,2.1332,0.0,0.0
1779816505615,1,Pitching Mound.Drive,,Loading,pitch.0,334458,0.1136,9.8737,97.318,61.0813,38.378,-1.7566,-0.0419,0.0666
1779816505615,1,Pitching Mound.Parent,,Loading,pitch.0,333652,1.0502,10.0314,98.7423,62.3576,38.101,0.2516,-0.0414,0.0688
1779816505616,1,11.0000004b,Drive,Loading,pitch.0,334459,0.0874,9.876,97.2125,60.9642,38.0183,-1.6329,-0.0415,0.0666
1779816505616,1,12.00000015,Lower Delivery,Loading,pitch.0,334186,-0.2523,-0.7031,1.2135,-0.1,-0.0396,0.025,0.0,0.0
1779816505616,1,12.00000018,Upper Delivery,Loading,pitch.0,334742,1.1113,0.7528,0.3358,1.1576,-0.6555,1.7364,0.0,0.0
1779816505616,1,Pitching Mound.Delivery,,Loading,pitch.0,333946,0.8719,0.0827,1.557,1.184,-0.5139,2.2269,0.0,0.0
1779816505616,1,Pitching Mound.Drive,,Loading,pitch.0,334459,0.0874,9.876,97.2125,60.9642,38.0183,-1.6329,-0.0415,0.0666
1779816505616,1,Pitching Mound.Parent,,Loading,pitch.0,333653,0.9855,9.9564,98.8751,62.2653,37.8641,0.4703,-0.0412,0.0686
1779816505617,1,11.0000004b,Drive,Loading,pitch.0,334460,0.0614,9.8668,97.2127,60.8852,37.9323,-1.5535,-0.0414,0.0665
1779816505617,1,12.00000015,Lower Delivery,Loading,pitch.0,334187,-0.2501,-0.6932,1.2178,-0.0985,-0.0392,0.038,0.0,0.0
1779816505617,1,12.00000018,Upper Delivery,Loading,pitch.0,334743,1.0959,0.7475,0.3527,1.1786,-0.6712,1.772,0.0,0.0
1779816505617,1,Pitching Mound.Delivery,,Loading,pitch.0,333947,0.8611,0.0596,1.5536,1.359,-0.6946,2.2372,0.0,0.0
1779816505617,1,Pitching Mound.Drive,,Loading,pitch.0,334460,0.0614,9.8668,97.2127,60.8852,37.9323,-1.5535,-0.0414,0.0665
1779816505617,1,Pitching Mound.Parent,,Loading,pitch.0,333654,0.9486,9.9356,98.7661,62.3232,37.3237,0.6044,-0.0409,0.0686
1779816505618,1,11.0000004b,Drive,Loading,pitch.0,334461,0.0308,9.8628,97.1289,60.7439,37.5128,-1.4043,-0.041,0.0664
1779816505618,1,12.00000015,Lower Delivery,Loading,pitch.0,334188,-0.252,-0.6891,1.1942,-0.1006,-0.0445,0.0235,0.0,0.0
1779816505618,1,12.00000018,Upper Delivery,Loading,pitch.0,334744,1.1091,0.749,0.3564,1.1706,-0.682,1.7555,0.0,0.0
1779816505618,1,Pitching Mound.Delivery,,Loading,pitch.0,333948,0.8439,0.0584,1.5469,1.364,-0.7157,2.2538,0.0,0.0
1779816505618,1,Pitching Mound.Drive,,Loading,pitch.0,334461,0.0308,9.8628,97.1289,60.7439,37.5128,-1.4043,-0.041,0.0664
1779816505618,1,Pitching Mound.Parent,,Loading,pitch.0,333655,0.9053,9.9252,98.7596,62.2492,37.2165,0.7003,-0.0408,0.0683
1779816505619,1,11.0000004b,Drive,Loading,pitch.0,334462,-0.0002,9.8732,97.0552,60.579,37.2474,-1.307,-0.0407,0.0663
1779816505619,1,12.00000015,Lower Delivery,Loading,pitch.0,334189,-0.2735,-0.6961,1.1072,-0.1039,-0.0452,-0.0032,0.0,0.0
1779816505619,1,12.00000018,Upper Delivery,Loading,pitch.0,334745,1.0852,0.7558,0.3526,1.234,-1.0525,1.728,0.0,0.0
1779816505619,1,Pitching Mound.Delivery,,Loading,pitch.0,333949,0.8117,0.0596,1.4599,1.3866,-1.0977,2.1867,0.0,0.0
1779816505619,1,Pitching Mound.Drive,,Loading,pitch.0,334462,-0.0002,9.8732,97.0552,60.579,37.2474,-1.307,-0.0407,0.0663
1779816505619,1,Pitching Mound.Parent,,Loading,pitch.0,333656,0.8115,9.9328,98.5151,61.9656,36.1497,0.8797,-0.0401,0.0679
1779816505620,1,11.0000004b,Drive,Loading,pitch.0,334463,-0.0392,9.8893,96.9307,60.461,36.9083,-1.1692,-0.0404,0.0662
1779816505620,1,12.00000015,Lower Delivery,Loading,pitch.0,334190,-0.2833,-0.6974,1.03,-0.101,-0.0394,-0.0031,0.0,0.0
1779816505620,1,12.00000018,Upper Delivery,Loading,pitch.0,334746,1.0769,0.7452,0.3841,1.2697,-1.0079,1.761,0.0,0.0
1779816505620,1,Pitching Mound.Delivery,,Loading,pitch.0,333950,0.7936,0.0479,1.4142,1.3883,-1.0473,2.2204,0.0,0.0
1779816505620,1,Pitching Mound.Drive,,Loading,pitch.0,334463,-0.0392,9.8893,96.9307,60.461,36.9083,-1.1692,-0.0404,0.0662
1779816505620,1,Pitching Mound.Parent,,Loading,pitch.0,333657,0.7544,9.9372,98.3448,61.8493,35.861,1.0512,-0.0398,0.0675
1779816505621,1,11.0000004b,Drive,Loading,pitch.0,334464,-0.0687,9.9021,96.9253,60.4398,36.8663,-1.0613,-0.0404,0.0662
1779816505621,1,12.00000015,Lower Delivery,Loading,pitch.0,334191,-0.2687,-0.7118,1.0318,-0.0902,-0.0295,0.0296,0.0,0.0
1779816505621,1,12.00000018,Upper Delivery,Loading,pitch.0,334747,1.0799,0.7498,0.397,1.252,-1.3844,1.7252,0.0,0.0
1779816505621,1,Pitching Mound.Delivery,,Loading,pitch.0,333951,0.8111,0.038,1.4289,1.3776,-1.4139,2.2134,0.0,0.0
1779816505621,1,Pitching Mound.Drive,,Loading,pitch.0,334464,-0.0687,9.9021,96.9253,60.4398,36.8663,-1.0613,-0.0404,0.0662
1779816505621,1,Pitching Mound.Parent,,Loading,pitch.0,333658,0.7424,9.94,98.3542,61.8174,35.4524,1.1521,-0.0398,0.0674
1779816505622,1,11.0000004b,Drive,Loading,pitch.0,334465,-0.1076,9.9146,96.9845,60.3914,36.5762,-0.9718,-0.04,0.0661
1779816505622,1,12.00000015,Lower Delivery,Loading,pitch.0,334192,-0.2647,-0.7074,0.8552,-0.0829,-0.0223,0.0087,0.0,0.0
1779816505622,1,12.00000018,Upper Delivery,Loading,pitch.0,334748,1.0914,0.7686,0.344,1.224,-1.4399,1.7106,0.0,0.0
1779816505622,1,Pitching Mound.Delivery,,Loading,pitch.0,333952,0.8266,0.0612,1.1992,1.3149,-1.4622,2.1805,0.0,0.0
1779816505622,1,Pitching Mound.Drive,,Loading,pitch.0,334465,-0.1076,9.9146,96.9845,60.3914,36.5762,-0.9718,-0.04,0.0661
1779816505622,1,Pitching Mound.Parent,,Loading,pitch.0,333659,0.719,9.9758,98.1836,61.7062,35.114,1.2087,-0.0395,0.0671
1779816505623,1,11.0000004b,Drive,Loading,pitch.0,334466,-0.1475,9.9318,96.9722,60.2551,36.2595,-0.8203,-0.0397,0.066
1779816505623,1,12.00000015,Lower Delivery,Loading,pitch.0,334193,-0.2684,-0.7111,0.8478,-0.0711,-0.0141,0.0173,0.0,0.0
1779816505623,1,12.00000018,Upper Delivery,Loading,pitch.0,334749,1.1117,0.7964,0.2922,1.2315,-1.2946,1.7321,0.0,0.0
1779816505623,1,Pitching Mound.Delivery,,Loading,pitch.0,333953,0.8434,0.0853,1.1399,1.3492,-1.3088,2.2187,0.0,0.0
1779816505623,1,Pitching Mound.Drive,,Loading,pitch.0,334466,-0.1475,9.9318,96.9722,60.2551,36.2595,-0.8203,-0.0397,0.066
1779816505623,1,Pitching Mound.Parent,,Loading,pitch.0,333660,0.6959,10.0171,98.1121,61.6043,34.9508,1.3984,-0.0392,0.0671
1779816505624,1,11.0000004b,Drive,Loading,pitch.0,334467,-0.1752,9.9416,96.8895,60.231,36.0595,-0.6994,-0.0395,0.066
1779816505624,1,12.00000015,Lower Delivery,Loading,pitch.0,334194,-0.262,-0.719,0.9061,-0.0747,-0.0083,0.0128,0.0,0.0
1779816505624,1,12.00000018,Upper Delivery,Loading,pitch.0,334750,1.1345,0.8144,0.3078,1.1523,-1.1223,1.7506,0.0,0.0
1779816505624,1,Pitching Mound.Delivery,,Loading,pitch.0,333954,0.8725,0.0954,1.2139,1.281,-1.1306,2.2381,0.0,0.0
1779816505624,1,Pitching Mound.Drive,,Loading,pitch.0,334467,-0.1752,9.9416,96.8895,60.231,36.0595,-0.6994,-0.0395,0.066
1779816505624,1,Pitching Mound.Parent,,Loading,pitch.0,333661,0.6973,10.037,98.1034,61.512,34.9289,1.5388,-0.039,0.0673
1779816505625,1,11.0000004b,Drive,Loading,pitch.0,334468,-0.2032,9.9495,96.8528,60.1105,35.7093,-0.5579,-0.0391,0.0659
1779816505625,1,12.00000015,Lower Delivery,Loading,pitch.0,334195,-0.2589,-0.7326,0.9186,-0.072,0.0065,0.0068,0.0,0.0
1779816505625,1,12.00000018,Upper Delivery,Loading,pitch.0,334751,1.1595,0.8354,0.3383,1.0985,-1.1718,1.7027,0.0,0.0
1779816505625,1,Pitching Mound.Delivery,,Loading,pitch.0,333955,0.9006,0.1028,1.2569,1.2238,-1.1652,2.1917,0.0,0.0
1779816505625,1,Pitching Mound.Drive,,Loading,pitch.0,334468,-0.2032,9.9495,96.8528,60.1105,35.7093,-0.5579,-0.0391,0.0659
1779816505625,1,Pitching Mound.Parent,,Loading,pitch.0,333662,0.6974,10.0523,98.1096,61.3342,34.544,1.6338,-0.0386,0.0671
1779816505626,1,11.0000004b,Drive,Loading,pitch.0,334469,-0.2416,9.9628,96.7622,60.0247,35.4765,-0.4364,-0.0389,0.0659
1779816505626,1,12.00000015,Lower Delivery,Loading,pitch.0,334196,-0.2581,-0.7126,0.9494,-0.0741,0.0175,0.0039,0.0,0.0
1779816505626,1,12.00000018,Upper Delivery,Loading,pitch.0,334752,1.1514,0.8548,0.3942,1.2079,-0.9262,1.6742,0.0,0.0
1779816505626,1,Pitching Mound.Delivery,,Loading,pitch.0,333956,0.8932,0.1422,1.3436,1.3226,-0.9087,2.1573,0.0,0.0
1779816505626,1,Pitching Mound.Drive,,Loading,pitch.0,334469,-0.2416,9.9628,96.7622,60.0247,35.4765,-0.4364,-0.0389,0.0659
1779816505626,1,Pitching Mound.Parent,,Loading,pitch.0,333663,0.6516,10.105,98.1059,61.3473,34.5677,1.7209,-0.0384,0.0669
1779816505627,1,11.0000004b,Drive,Loading,pitch.0,334470,-0.2715,9.9777,96.6561,59.7978,35.1423,-0.2919,-0.0386,0.0657
1779816505627,1,12.00000015,Lower Delivery,Loading,pitch.0,334197,-0.2685,-0.7041,0.8745,-0.0743,0.0256,-0.0039,0.0,0.0
1779816505627,1,12.00000018,Upper Delivery,Loading,pitch.0,334753,1.1533,0.8448,0.3464,1.0997,-0.8091,1.6947,0.0,0.0
1779816505627,1,Pitching Mound.Delivery,,Loading,pitch.0,333957,0.8848,0.1407,1.2209,1.205,-0.7835,2.1742,0.0,0.0
1779816505627,1,Pitching Mound.Drive,,Loading,pitch.0,334470,-0.2715,9.9777,96.6561,59.7978,35.1423,-0.2919,-0.0386,0.0657
1779816505627,1,Pitching Mound.Parent,,Loading,pitch.0,333664,0.6132,10.1184,97.877,61.0027,34.3587,1.8823,-0.0381,0.0667
1779816505628,1,11.0000004b,Drive,Loading,pitch.0,334471,-0.306,9.9983,96.5967,59.5957,34.7465,-0.1743,-0.0382,0.0655
1779816505628,1,12.00000015,Lower Delivery,Loading,pitch.0,334198,-0.2728,-0.6758,0.8198,-0.0743,0.0268,-0.009,0.0,0.0
1779816505628,1,12.00000018,Upper Delivery,Loading,pitch.0,334754,1.1581,0.8204,0.3669,1.1619,-0.9235,1.7158,0.0,0.0
1779816505628,1,Pitching Mound.Delivery,,Loading,pitch.0,333958,0.8853,0.1446,1.1866,1.2415,-0.8967,2.1933,0.0,0.0
1779816505628,1,Pitching Mound.Drive,,Loading,pitch.0,334471,-0.306,9.9983,96.5967,59.5957,34.7465,-0.1743,-0.0382,0.0655
1779816505628,1,Pitching Mound.Parent,,Loading,pitch.0,333665,0.5793,10.143,97.7833,60.8373,33.8498,2.0189,-0.0377,0.0663
1779816505629,1,11.0000004b,Drive,Loading,pitch.0,334472,-0.3594,10.0057,96.4697,59.4608,34.4356,0.003,-0.0379,0.0654
1779816505629,1,12.00000015,Lower Delivery,Loading,pitch.0,334199,-0.2652,-0.6703,0.9392,-0.0719,0.0259,-0.0115,0.0,0.0
1779816505629,1,12.00000018,Upper Delivery,Loading,pitch.0,334755,1.1428,0.8547,0.4156,1.1765,-0.8667,1.7002,0.0,0.0
1779816505629,1,Pitching Mound.Delivery,,Loading,pitch.0,333959,0.8776,0.1844,1.3548,1.2827,-0.8409,2.1675,0.0,0.0
1779816505629,1,Pitching Mound.Drive,,Loading,pitch.0,334472,-0.3594,10.0057,96.4697,59.4608,34.4356,0.003,-0.0379,0.0654
1779816505629,1,Pitching Mound.Parent,,Loading,pitch.0,333666,0.5183,10.1901,97.8246,60.7435,33.5947,2.1705,-0.0374,0.0663
1779816505630,1,11.0000004b,Drive,Loading,pitch.0,334473,-0.3886,10.0248,96.2503,59.2827,34.0048,0.0591,-0.0375,0.0654
1779816505630,1,12.00000015,Lower Delivery,Loading,pitch.0,334200,-0.24,-0.6811,0.9945,-0.074,0.0199,-0.0178,0.0,0.0
1779816505630,1,12.00000018,Upper Delivery,Loading,pitch.0,334756,1.1323,0.7986,0.4667,1.0324,-0.9782,1.6524,0.0,0.0
1779816505630,1,Pitching Mound.Delivery,,Loading,pitch.0,333960,0.8923,0.1174,1.4613,1.1378,-0.9583,2.1011,0.0,0.0
1779816505630,1,Pitching Mound.Drive,,Loading,pitch.0,334473,-0.3886,10.0248,96.2503,59.2827,34.0048,0.0591,-0.0375,0.0654
1779816505630,1,Pitching Mound.Parent,,Loading,pitch.0,333667,0.5038,10.1422,97.7115,60.4205,33.0465,2.1603,-0.0369,0.0662
1779816505631,1,11.0000004b,Drive,Loading,pitch.0,334474,-0.4434,10.0196,96.1765,59.084,33.7289,0.3165,-0.0372,0.0652
1779816505631,1,12.00000015,Lower Delivery,Loading,pitch.0,334201,-0.2243,-0.6471,0.9764,-0.0865,0.007,-0.0198,0.0,0.0
1779816505631,1,12.00000018,Upper Delivery,Loading,pitch.0,334757,1.1326,0.8142,0.477,1.0558,-0.8566,1.6223,0.0,0.0
1779816505631,1,Pitching Mound.Delivery,,Loading,pitch.0,333961,0.9083,0.1672,1.4535,1.1392,-0.8496,2.0638,0.0,0.0
1779816505631,1,Pitching Mound.Drive,,Loading,pitch.0,334474,-0.4434,10.0196,96.1765,59.084,33.7289,0.3165,-0.0372,0.0652
1779816505631,1,Pitching Mound.Parent,,Loading,pitch.0,333668,0.4649,10.1868,97.6299,60.2232,32.8794,2.3803,-0.0367,0.066
1779816505632,1,11.0000004b,Drive,Loading,pitch.0,334475,-0.4743,10.0294,95.9222,58.8349,33.3253,0.6187,-0.0369,0.0651
1779816505632,1,12.00000015,Lower Delivery,Loading,pitch.0,334202,-0.2222,-0.6234,0.9001,-0.0855,0.0004,-0.02,0.0,0.0
1779816505632,1,12.00000018,Upper Delivery,Loading,pitch.0,334758,1.1097,0.8277,0.4247,1.2615,-0.8705,1.6986,0.0,0.0
1779816505632,1,Pitching Mound.Delivery,,Loading,pitch.0,333962,0.8875,0.2043,1.3248,1.3377,-0.8701,2.1315,0.0,0.0
1779816505632,1,Pitching Mound.Drive,,Loading,pitch.0,334475,-0.4743,10.0294,95.9222,58.8349,33.3253,0.6187,-0.0369,0.0651
1779816505632,1,Pitching Mound.Parent,,Loading,pitch.0,333669,0.4132,10.2337,97.247,60.1726,32.4552,2.7502,-0.0364,0.0659
1779816505633,1,11.0000004b,Drive,Loading,pitch.0,334476,-0.5121,10.0349,95.7676,58.7215,32.9968,0.719,-0.0366,0.0651
1779816505633,1,12.00000015,Lower Delivery,Loading,pitch.0,334203,-0.2282,-0.6058,0.9369,-0.085,0.0078,-0.0206,0.0,0.0
1779816505633,1,12.00000018,Upper Delivery,Loading,pitch.0,334759,1.1401,0.8576,0.4343,1.1404,-0.9506,1.725,0.0,0.0
1779816505633,1,Pitching Mound.Delivery,,Loading,pitch.0,333963,0.9119,0.2518,1.3712,1.2263,-0.9428,2.1697,0.0,0.0
1779816505633,1,Pitching Mound.Drive,,Loading,pitch.0,334476,-0.5121,10.0349,95.7676,58.7215,32.9968,0.719,-0.0366,0.0651
1779816505633,1,Pitching Mound.Parent,,Loading,pitch.0,333670,0.3999,10.2867,97.1388,59.9478,32.054,2.8886,-0.0361,0.0659
1779816505634,1,11.0000004b,Drive,Loading,pitch.0,334477,-0.5435,10.046,95.6053,58.4926,32.7407,0.8668,-0.0364,0.065
1779816505634,1,12.00000015,Lower Delivery,Loading,pitch.0,334204,-0.2386,-0.5946,0.9325,-0.0868,0.0026,-0.0186,0.0,0.0
1779816505634,1,12.00000018,Upper Delivery,Loading,pitch.0,334760,1.1506,0.8406,0.4745,1.0727,-0.9897,1.6668,0.0,0.0
1779816505634,1,Pitching Mound.Delivery,,Loading,pitch.0,333964,0.912,0.246,1.4069,1.1416,-0.9871,2.1205,0.0,0.0
1779816505634,1,Pitching Mound.Drive,,Loading,pitch.0,334477,-0.5435,10.046,95.6053,58.4926,32.7407,0.8668,-0.0364,0.065
1779816505634,1,Pitching Mound.Parent,,Loading,pitch.0,333671,0.3686,10.292,97.0122,59.6342,31.7536,2.9873,-0.0358,0.0656
1779816505635,1,11.0000004b,Drive,Loading,pitch.0,334478,-0.575,10.0555,95.3435,58.3383,32.5297,0.9995,-0.0362,0.065
1779816505635,1,12.00000015,Lower Delivery,Loading,pitch.0,334205,-0.2417,-0.6095,0.8941,-0.087,0.0116,-0.0164,0.0,0.0
1779816505635,1,12.00000018,Upper Delivery,Loading,pitch.0,334761,1.1568,0.8587,0.4624,1.15,-1.2373,1.6903,0.0,0.0
1779816505635,1,Pitching Mound.Delivery,,Loading,pitch.0,333965,0.9152,0.2493,1.3565,1.2098,-1.2258,2.1494,0.0,0.0
1779816505635,1,Pitching Mound.Drive,,Loading,pitch.0,334478,-0.575,10.0555,95.3435,58.3383,32.5297,0.9995,-0.0362,0.065
1779816505635,1,Pitching Mound.Parent,,Loading,pitch.0,333672,0.3402,10.3048,96.7,59.5481,31.3039,3.1488,-0.0357,0.0656
1779816505636,1,11.0000004b,Drive,Loading,pitch.0,334479,-0.6124,10.0585,95.3053,58.1796,32.5193,1.1286,-0.0362,0.0648
1779816505636,1,12.00000015,Lower Delivery,Loading,pitch.0,334206,-0.2457,-0.6592,0.966,-0.1055,-0.0023,-0.0137,0.0,0.0
1779816505636,1,12.00000018,Upper Delivery,Loading,pitch.0,334762,1.1677,0.9048,0.4422,1.1772,-1.3573,1.705,0.0,0.0
1779816505636,1,Pitching Mound.Delivery,,Loading,pitch.0,333966,0.922,0.2455,1.4082,1.2498,-1.3596,2.1719,0.0,0.0
1779816505636,1,Pitching Mound.Drive,,Loading,pitch.0,334479,-0.6124,10.0585,95.3053,58.1796,32.5193,1.1286,-0.0362,0.0648
1779816505636,1,Pitching Mound.Parent,,Loading,pitch.0,333673,0.3096,10.304,96.7135,59.4295,31.1597,3.3005,-0.0357,0.0657
1779816505637,1,11.0000004b,Drive,Loading,pitch.0,334480,-0.6455,10.0615,95.2768,58.102,32.0805,1.2737,-0.0357,0.0647
1779816505637,1,12.00000015,Lower Delivery,Loading,pitch.0,334207,-0.2658,-0.6843,0.8726,-0.1116,-0.0067,-0.0119,0.0,0.0
1779816505637,1,12.00000018,Upper Delivery,Loading,pitch.0,334763,1.1979,0.8561,0.3572,1.1872,-1.4452,1.7082,0.0,0.0
1779816505637,1,Pitching Mound.Delivery,,Loading,pitch.0,333967,0.9321,0.1718,1.2298,1.2509,-1.4519,2.1939,0.0,0.0
1779816505637,1,Pitching Mound.Drive,,Loading,pitch.0,334480,-0.6455,10.0615,95.2768,58.102,32.0805,1.2737,-0.0357,0.0647
1779816505637,1,Pitching Mound.Parent,,Loading,pitch.0,333674,0.2866,10.2333,96.5065,59.3529,30.6285,3.4677,-0.0353,0.0657
1779816505638,1,11.0000004b,Drive,Loading,pitch.0,334481,-0.6654,10.0659,95.1438,57.8679,31.7226,1.3932,-0.0354,0.0646
1779816505638,1,12.00000015,Lower Delivery,Loading,pitch.0,334208,-0.2686,-0.6829,0.9102,-0.1243,-0.0035,-0.0105,0.0,0.0
1779816505638,1,12.00000018,Upper Delivery,Loading,pitch.0,334764,1.1962,0.8939,0.3511,1.2078,-1.4185,1.6522,0.0,0.0
1779816505638,1,Pitching Mound.Delivery,,Loading,pitch.0,333968,0.9276,0.211,1.2613,1.2736,-1.422,2.1398,0.0,0.0
1779816505638,1,Pitching Mound.Drive,,Loading,pitch.0,334481,-0.6654,10.0659,95.1438,57.8679,31.7226,1.3932,-0.0354,0.0646
1779816505638,1,Pitching Mound.Parent,,Loading,pitch.0,333675,0.2622,10.2769,96.4052,59.1415,30.3005,3.5329,-0.0349,0.0657
1779816505639,1,11.0000004b,Drive,Loading,pitch.0,334482,-0.6963,10.0574,95.0361,57.7909,31.5625,1.5455,-0.0353,0.0646
1779816505639,1,12.00000015,Lower Delivery,Loading,pitch.0,334209,-0.2616,-0.7037,0.9442,-0.1192,-0.003,-0.0091,0.0,0.0
1779816505639,1,12.00000018,Upper Delivery,Loading,pitch.0,334765,1.2108,0.9262,0.404,1.2337,-1.449,1.6241,0.0,0.0
1779816505639,1,Pitching Mound.Delivery,,Loading,pitch.0,333969,0.9492,0.2225,1.3482,1.2981,-1.452,2.1156,0.0,0.0
1779816505639,1,Pitching Mound.Drive,,Loading,pitch.0,334482,-0.6963,10.0574,95.0361,57.7909,31.5625,1.5455,-0.0353,0.0646
1779816505639,1,Pitching Mound.Parent,,Loading,pitch.0,333676,0.2529,10.2799,96.3843,59.089,30.1105,3.6611,-0.0348,0.0656
1779816505640,1,11.0000004b,Drive,Loading,pitch.0,334483,-0.7353,10.0672,94.8822,57.6264,31.3207,1.6528,-0.035,0.0645
1779816505640,1,12.00000015,Lower Delivery,Loading,pitch.0,334210,-0.2763,-0.7334,0.99,-0.1115,-0.0001,-0.0093,0.0,0.0
1779816505640,1,12.00000018,Upper Delivery,Loading,pitch.0,334766,1.2055,0.8605,0.3416,1.1449,-1.7159,1.6713,0.0,0.0
1779816505640,1,Pitching Mound.Delivery,,Loading,pitch.0,333970,0.9292,0.1271,1.3316,1.2538,-1.716,2.1658,0.0,0.0
1779816505640,1,Pitching Mound.Drive,,Loading,pitch.0,334483,-0.7353,10.0672,94.8822,57.6264,31.3207,1.6528,-0.035,0.0645
1779816505640,1,Pitching Mound.Parent,,Loading,pitch.0,333677,0.1939,10.1943,96.2138,58.8802,29.6047,3.8186,-0.0346,0.0659
1779816505641,1,11.0000004b,Drive,Loading,pitch.0,334484,-0.7667,10.0574,94.6534,57.3441,30.9391,1.8218,-0.0347,0.0643
1779816505641,1,12.00000015,Lower Delivery,Loading,pitch.0,334211,-0.2991,-0.7379,0.9161,-0.1153,-0.0023,-0.0098,0.0,0.0
1779816505641,1,12.00000015,Lower Delivery,Loading,pitch.0,334212,-0.294,-0.739,1.0037,-0.095,0.0083,-0.007,0.0,0.0
1779816505641,1,12.00000018,Upper Delivery,Loading,pitch.0,334767,1.236,0.9346,0.3521,1.1832,-1.3731,1.5991,0.0,0.0
1779816505641,1,Pitching Mound.Delivery,,Loading,pitch.0,333971,0.9369,0.1966,1.2682,1.2597,-1.3754,2.1113,0.0,0.0
1779816505641,1,Pitching Mound.Drive,,Loading,pitch.0,334484,-0.7667,10.0574,94.6534,57.3441,30.9391,1.8218,-0.0347,0.0643
1779816505641,1,Pitching Mound.Parent,,Loading,pitch.0,333678,0.1702,10.254,95.9216,58.6038,29.5637,3.9331,-0.0342,0.0655
1779816505642,1,11.0000004b,Drive,Loading,pitch.0,334485,-0.8076,10.0529,94.4904,57.2995,30.5445,1.9638,-0.0343,0.0644
1779816505642,1,12.00000015,Lower Delivery,Loading,pitch.0,334213,-0.2881,-0.7462,0.9414,-0.0961,0.0094,-0.0095,0.0,0.0
1779816505642,1,12.00000018,Upper Delivery,Loading,pitch.0,334768,1.2564,0.9211,0.2852,1.2068,-1.2575,1.6685,0.0,0.0
1779816505642,1,Pitching Mound.Delivery,,Loading,pitch.0,333972,0.9624,0.1821,1.2888,1.3561,-1.2492,2.1886,0.0,0.0
1779816505642,1,Pitching Mound.Drive,,Loading,pitch.0,334485,-0.8076,10.0529,94.4904,57.2995,30.5445,1.9638,-0.0343,0.0644
1779816505642,1,Pitching Mound.Parent,,Loading,pitch.0,333679,0.1548,10.235,95.7793,58.6556,29.2954,4.1524,-0.0339,0.0661
1779816505643,1,11.0000004b,Drive,Loading,pitch.0,334486,-0.8415,10.0584,94.6144,57.3082,30.4007,2.1079,-0.0341,0.0643
1779816505643,1,12.00000015,Lower Delivery,Loading,pitch.0,334214,-0.3017,-0.7557,0.9989,-0.0898,0.0164,-0.0105,0.0,0.0
1779816505643,1,12.00000018,Upper Delivery,Loading,pitch.0,334769,1.2159,0.9268,0.3914,1.2544,-1.227,1.6249,0.0,0.0
1779816505643,1,Pitching Mound.Delivery,,Loading,pitch.0,333973,0.9278,0.1807,1.3328,1.3454,-1.2176,2.1268,0.0,0.0
1779816505643,1,Pitching Mound.Drive,,Loading,pitch.0,334486,-0.8415,10.0584,94.6144,57.3082,30.4007,2.1079,-0.0341,0.0643
1779816505643,1,Pitching Mound.Parent,,Loading,pitch.0,333680,0.0863,10.2391,95.9472,58.6536,29.1831,4.2346,-0.0336,0.0654
1779816505644,1,11.0000004b,Drive,Loading,pitch.0,334487,-0.8838,10.0567,94.6462,57.3821,30.0283,2.2173,-0.0337,0.0644
1779816505644,1,12.00000015,Lower Delivery,Loading,pitch.0,334215,-0.2971,-0.7748,1.0916,-0.0861,0.0121,-0.0116,0.0,0.0
1779816505644,1,12.00000018,Upper Delivery,Loading,pitch.0,334770,1.2092,0.908,0.3904,1.28,-1.1566,1.6317,0.0,0.0
1779816505644,1,Pitching Mound.Delivery,,Loading,pitch.0,333974,0.9075,0.1523,1.3893,1.3971,-1.1403,2.1349,0.0,0.0
1779816505644,1,Pitching Mound.Drive,,Loading,pitch.0,334487,-0.8838,10.0567,94.6462,57.3821,30.0283,2.2173,-0.0337,0.0644
1779816505644,1,Pitching Mound.Parent,,Loading,pitch.0,333681,0.0237,10.209,96.0355,58.7792,28.888,4.3522,-0.0332,0.0656
1779816505645,1,11.0000004b,Drive,Loading,pitch.0,334488,-0.9326,10.0607,94.5638,57.3475,29.6483,2.3505,-0.0333,0.0644
1779816505645,1,12.00000018,Upper Delivery,Loading,pitch.0,334771,1.1866,0.9485,0.4369,1.406,-1.1185,1.6565,0.0,0.0
1779816505645,1,12.00000018,Upper Delivery,Loading,pitch.0,334772,1.1945,0.9551,0.4157,1.5391,-0.9865,1.7158,0.0,0.0
1779816505645,1,Pitching Mound.Delivery,,Loading,pitch.0,333975,0.8895,0.1737,1.5285,1.5425,-1.1065,2.1494,0.0,0.0
1779816505645,1,Pitching Mound.Drive,,Loading,pitch.0,334488,-0.9326,10.0607,94.5638,57.3475,29.6483,2.3505,-0.0333,0.0644
1779816505645,1,Pitching Mound.Parent,,Loading,pitch.0,333682,-0.0431,10.2344,96.0923,58.89,28.5419,4.4999,-0.0328,0.0657
1779816505646,1,11.0000004b,Drive,Loading,pitch.0,334489,-0.9805,10.0705,94.6697,57.419,29.3765,2.4605,-0.0329,0.0644
1779816505646,1,12.00000015,Lower Delivery,Loading,pitch.0,334216,-0.3036,-0.7626,1.017,-0.079,0.0064,-0.0148,0.0,0.0
1779816505646,1,12.00000018,Upper Delivery,Loading,pitch.0,334773,1.1602,0.9074,0.4567,1.4254,-0.8145,1.6793,0.0,0.0
1779816505646,1,Pitching Mound.Delivery,,Loading,pitch.0,333976,0.8909,0.1925,1.4327,1.6645,-0.9801,2.2104,0.0,0.0
1779816505646,1,Pitching Mound.Drive,,Loading,pitch.0,334489,-0.9805,10.0705,94.6697,57.419,29.3765,2.4605,-0.0329,0.0644
1779816505646,1,Pitching Mound.Parent,,Loading,pitch.0,333683,-0.0896,10.263,96.1024,59.0835,28.3964,4.6708,-0.0325,0.0656
1779816505647,1,11.0000004b,Drive,Loading,pitch.0,334490,-1.011,10.0634,94.6821,57.3612,29.1692,2.5782,-0.0327,0.0643
1779816505647,1,12.00000015,Lower Delivery,Loading,pitch.0,334217,-0.2806,-0.7544,1.0331,-0.0753,0.0022,-0.012,0.0,0.0
1779816505647,1,12.00000018,Upper Delivery,Loading,pitch.0,334774,1.1094,0.8178,0.446,1.3434,-0.9671,1.6996,0.0,0.0
1779816505647,1,Pitching Mound.Delivery,,Loading,pitch.0,333977,0.8796,0.1529,1.4898,1.5461,-0.8123,2.1572,0.0,0.0
1779816505647,1,Pitching Mound.Drive,,Loading,pitch.0,334490,-1.011,10.0634,94.6821,57.3612,29.1692,2.5782,-0.0327,0.0643
1779816505647,1,Pitching Mound.Parent,,Loading,pitch.0,333684,-0.1313,10.2163,96.1719,58.9072,28.3569,4.7354,-0.0322,0.0654
1779816505648,1,11.0000004b,Drive,Loading,pitch.0,334491,-1.0612,10.0633,94.534,57.3767,29.0215,2.6871,-0.0326,0.0644
1779816505648,1,12.00000015,Lower Delivery,Loading,pitch.0,334218,-0.2846,-0.785,1.0163,-0.0759,0.0068,-0.0149,0.0,0.0
1779816505648,1,12.00000015,Lower Delivery,Loading,pitch.0,334219,-0.273,-0.7861,1.0535,-0.0761,0.0012,-0.0091,0.0,0.0
1779816505648,1,12.00000018,Upper Delivery,Loading,pitch.0,334775,1.117,0.7799,0.4202,1.2879,-1.0424,1.7273,0.0,0.0
1779816505648,1,Pitching Mound.Delivery,,Loading,pitch.0,333979,0.844,-0.0062,1.4737,1.4271,-1.0412,2.1907,0.0,0.0
1779816505648,1,Pitching Mound.Delivery,,Loading,pitch.0,333978,0.8247,0.0328,1.4622,1.4614,-0.9603,2.1587,0.0,0.0
1779816505648,1,Pitching Mound.Drive,,Loading,pitch.0,334491,-1.0612,10.0633,94.534,57.3767,29.0215,2.6871,-0.0326,0.0644
1779816505648,1,Pitching Mound.Parent,,Loading,pitch.0,333685,-0.2365,10.0961,95.9962,58.8381,28.0612,4.8458,-0.0321,0.0655
1779816505649,1,11.0000004b,Drive,Loading,pitch.0,334492,-1.095,10.0716,94.624,57.4923,28.8393,2.8186,-0.0324,0.0645
1779816505649,1,12.00000018,Upper Delivery,Loading,pitch.0,334776,1.1485,0.8179,0.3584,1.3375,-0.9132,1.7356,0.0,0.0
1779816505649,1,Pitching Mound.Drive,,Loading,pitch.0,334492,-1.095,10.0716,94.624,57.4923,28.8393,2.8186,-0.0324,0.0645
1779816505649,1,Pitching Mound.Parent,,Loading,pitch.0,333686,-0.251,10.0654,96.0978,58.9194,27.7981,5.0093,-0.0319,0.0658
1779816505650,1,11.0000004b,Drive,Loading,pitch.0,334493,-1.1308,10.0728,94.6135,57.2548,28.8734,2.9223,-0.0324,0.0642
1779816505650,1,12.00000015,Lower Delivery,Loading,pitch.0,334220,-0.2684,-0.7814,1.0301,-0.0932,-0.0094,-0.016,0.0,0.0
1779816505650,1,12.00000018,Upper Delivery,Loading,pitch.0,334777,1.1744,0.8303,0.3557,1.3835,-0.7357,1.7127,0.0,0.0
1779816505650,1,Pitching Mound.Delivery,,Loading,pitch.0,333980,0.8801,0.0365,1.3885,1.4727,-0.9226,2.2013,0.0,0.0
1779816505650,1,Pitching Mound.Drive,,Loading,pitch.0,334493,-1.1308,10.0728,94.6135,57.2548,28.8734,2.9223,-0.0324,0.0642
1779816505650,1,Pitching Mound.Parent,,Loading,pitch.0,333687,-0.2507,10.1093,96.002,58.7275,27.9508,5.1236,-0.0319,0.0657
1779816505651,1,11.0000004b,Drive,Loading,pitch.0,334494,-1.16,10.0714,94.7059,57.374,28.6718,3.0471,-0.0321,0.0643
1779816505651,1,12.00000015,Lower Delivery,Loading,pitch.0,334221,-0.2735,-0.7695,1.0221,-0.1036,-0.013,-0.0132,0.0,0.0
1779816505651,1,12.00000015,Lower Delivery,Loading,pitch.0,334222,-0.2688,-0.7546,1.0834,-0.1072,-0.0141,-0.0109,0.0,0.0
1779816505651,1,12.00000018,Upper Delivery,Loading,pitch.0,334778,1.1515,0.8127,0.3437,1.3924,-0.813,1.7831,0.0,0.0
1779816505651,1,Pitching Mound.Delivery,,Loading,pitch.0,333982,0.8826,0.0581,1.4271,1.5367,-0.8271,2.255,0.0,0.0
1779816505651,1,Pitching Mound.Delivery,,Loading,pitch.0,333981,0.901,0.0609,1.3778,1.5065,-0.7487,2.1918,0.0,0.0
1779816505651,1,Pitching Mound.Drive,,Loading,pitch.0,334494,-1.16,10.0714,94.7059,57.374,28.6718,3.0471,-0.0321,0.0643
1779816505651,1,Pitching Mound.Parent,,Loading,pitch.0,333688,-0.2591,10.1323,96.0837,58.8805,27.9231,5.2389,-0.0317,0.0658
1779816505652,1,11.0000004b,Drive,Loading,pitch.0,334495,-1.1862,10.0803,94.6726,57.2313,28.7471,3.1607,-0.0322,0.0642
1779816505652,1,Pitching Mound.Drive,,Loading,pitch.0,334495,-1.1862,10.0803,94.6726,57.2313,28.7471,3.1607,-0.0322,0.0642
1779816505652,1,Pitching Mound.Parent,,Loading,pitch.0,333689,-0.3036,10.1383,96.0997,58.7679,27.9199,5.4157,-0.0318,0.0658
1779816505653,1,11.0000004b,Drive,Loading,pitch.0,334496,-1.2241,10.0846,94.6344,57.1763,28.6268,3.2739,-0.0321,0.0641
1779816505653,1,12.00000015,Lower Delivery,Loading,pitch.0,334223,-0.2779,-0.75,1.0536,-0.0975,-0.009,-0.0065,0.0,0.0
1779816505653,1,12.00000015,Lower Delivery,Loading,pitch.0,334224,-0.2679,-0.7212,1.067,-0.0981,-0.0207,-0.0094,0.0,0.0
1779816505653,1,12.00000018,Upper Delivery,Loading,pitch.0,334779,1.1897,0.8558,0.3668,1.3865,-0.8303,1.7336,0.0,0.0
1779816505653,1,12.00000018,Upper Delivery,Loading,pitch.0,334780,1.2018,0.8896,0.3485,1.3713,-0.8896,1.6921,0.0,0.0
1779816505653,1,Pitching Mound.Delivery,,Loading,pitch.0,333983,0.9117,0.1058,1.4205,1.5225,-0.8393,2.2261,0.0,0.0
1779816505653,1,Pitching Mound.Delivery,,Loading,pitch.0,333984,0.9339,0.1684,1.4155,1.5176,-0.9104,2.1823,0.0,0.0
1779816505653,1,Pitching Mound.Drive,,Loading,pitch.0,334496,-1.2241,10.0846,94.6344,57.1763,28.6268,3.2739,-0.0321,0.0641
1779816505653,1,Pitching Mound.Parent,,Loading,pitch.0,333690,-0.3124,10.1904,96.0549,58.6988,27.7875,5.5,-0.0316,0.0656
1779816505654,1,11.0000004b,Drive,Loading,pitch.0,334497,-1.2452,10.0977,94.5605,57.0815,28.4181,3.3857,-0.0319,0.0641
1779816505654,1,12.00000015,Lower Delivery,Loading,pitch.0,334225,-0.2616,-0.6977,1.0058,-0.1029,-0.0251,-0.0132,0.0,0.0
1779816505654,1,Pitching Mound.Drive,,Loading,pitch.0,334497,-1.2452,10.0977,94.5605,57.0815,28.4181,3.3857,-0.0319,0.0641
1779816505654,1,Pitching Mound.Parent,,Loading,pitch.0,333691,-0.3113,10.2661,95.976,58.5991,27.5078,5.568,-0.0314,0.0657
1779816505655,1,11.0000004b,Drive,Loading,pitch.0,334498,-1.2767,10.11,94.5158,57.0049,28.4644,3.5217,-0.032,0.064
1779816505655,1,11.0000004b,Drive,Loading,pitch.0,334499,-1.3041,10.1212,94.4988,56.9187,28.5616,3.6654,-0.0321,0.0639
1779816505655,1,12.00000015,Lower Delivery,Loading,pitch.0,334226,-0.2679,-0.6819,0.9887,-0.0997,-0.0252,-0.014,0.0,0.0
1779816505655,1,12.00000018,Upper Delivery,Loading,pitch.0,334781,1.1735,0.8517,0.3522,1.4082,-0.8099,1.6736,0.0,0.0
1779816505655,1,12.00000018,Upper Delivery,Loading,pitch.0,334782,1.1467,0.8595,0.364,1.3764,-0.7595,1.6941,0.0,0.0
1779816505655,1,Pitching Mound.Delivery,,Loading,pitch.0,333985,0.912,0.154,1.358,1.5275,-0.835,2.1484,0.0,0.0
1779816505655,1,Pitching Mound.Delivery,,Loading,pitch.0,333986,0.8788,0.1776,1.3526,1.4891,-0.7847,2.161,0.0,0.0
1779816505655,1,Pitching Mound.Drive,,Loading,pitch.0,334498,-1.2767,10.11,94.5158,57.0049,28.4644,3.5217,-0.032,0.064
1779816505655,1,Pitching Mound.Drive,,Loading,pitch.0,334499,-1.3041,10.1212,94.4988,56.9187,28.5616,3.6654,-0.0321,0.0639
1779816505655,1,Pitching Mound.Parent,,Loading,pitch.0,333692,-0.3647,10.2641,95.8738,58.5324,27.6295,5.6701,-0.0315,0.0654
1779816505655,1,Pitching Mound.Parent,,Loading,pitch.0,333693,-0.4253,10.2988,95.8514,58.4078,27.7769,5.8265,-0.0316,0.0653
1779816505656,1,12.00000015,Lower Delivery,Loading,pitch.0,334227,-0.2615,-0.6963,0.9672,-0.0912,-0.0088,-0.0139,0.0,0.0
1779816505657,1,11.0000004b,Drive,Loading,pitch.0,334500,-1.3177,10.1134,94.3352,56.8278,28.5759,3.8165,-0.0322,0.064
1779816505657,1,12.00000015,Lower Delivery,Loading,pitch.0,334228,-0.2605,-0.6905,0.9288,-0.0871,-0.0098,-0.0149,0.0,0.0
1779816505657,1,12.00000018,Upper Delivery,Loading,pitch.0,334783,1.129,0.8799,0.4473,1.0619,-0.685,1.6579,0.0,0.0
1779816505657,1,Pitching Mound.Delivery,,Loading,pitch.0,333987,0.8675,0.1836,1.4145,1.1476,-0.6937,2.1168,0.0,0.0
1779816505657,1,Pitching Mound.Drive,,Loading,pitch.0,334500,-1.3177,10.1134,94.3352,56.8278,28.5759,3.8165,-0.0322,0.064
1779816505657,1,Pitching Mound.Parent,,Loading,pitch.0,333694,-0.4502,10.297,95.7497,57.9754,27.8822,5.9332,-0.0317,0.0649
1779816505658,1,11.0000004b,Drive,Loading,pitch.0,334501,-1.3449,10.1257,94.4156,56.8091,28.5136,3.9228,-0.0321,0.0639
1779816505658,1,12.00000015,Lower Delivery,Loading,pitch.0,334229,-0.2493,-0.6813,1.0162,-0.0808,-0.0066,-0.0089,0.0,0.0
1779816505658,1,12.00000018,Upper Delivery,Loading,pitch.0,334784,1.1348,0.8716,0.456,1.0682,-0.6829,1.6654,0.0,0.0
1779816505658,1,12.00000018,Upper Delivery,Loading,pitch.0,334785,1.1425,0.9431,0.4899,1.0396,-0.788,1.6658,0.0,0.0
1779816505658,1,Pitching Mound.Delivery,,Loading,pitch.0,333989,0.8931,0.2618,1.5061,1.1378,-0.7946,2.1301,0.0,0.0
1779816505658,1,Pitching Mound.Delivery,,Loading,pitch.0,333988,0.8743,0.1811,1.3848,1.1418,-0.6927,2.125,0.0,0.0
1779816505658,1,Pitching Mound.Drive,,Loading,pitch.0,334501,-1.3449,10.1257,94.4156,56.8091,28.5136,3.9228,-0.0321,0.0639
1779816505658,1,Pitching Mound.Parent,,Loading,pitch.0,333695,-0.4706,10.3068,95.8004,57.9509,27.8209,6.0478,-0.0316,0.0646
1779816505659,1,11.0000004b,Drive,Loading,pitch.0,334502,-1.3753,10.1358,94.373,56.8339,28.3527,4.0203,-0.0319,0.0639
1779816505659,1,12.00000015,Lower Delivery,Loading,pitch.0,334230,-0.2831,-0.6867,0.9838,-0.0778,0.0032,-0.0082,0.0,0.0
1779816505659,1,Pitching Mound.Drive,,Loading,pitch.0,334502,-1.3753,10.1358,94.373,56.8339,28.3527,4.0203,-0.0319,0.0639
1779816505659,1,Pitching Mound.Parent,,Loading,pitch.0,333696,-0.4822,10.3976,95.8791,57.9717,27.5581,6.1504,-0.0314,0.0648
1779816505660,1,11.0000004b,Drive,Loading,pitch.0,334503,-1.3716,10.1516,94.3964,56.8382,28.3311,4.1547,-0.0319,0.0639
1779816505660,1,12.00000015,Lower Delivery,Loading,pitch.0,334231,-0.2967,-0.6815,0.9763,-0.0811,-0.0049,-0.0077,0.0,0.0
1779816505660,1,12.00000018,Upper Delivery,Loading,pitch.0,334787,1.1044,0.9596,0.5071,0.8686,-0.6171,1.6835,0.0,0.0
1779816505660,1,12.00000018,Upper Delivery,Loading,pitch.0,334786,1.1263,0.9107,0.4482,0.9818,-0.7909,1.6625,0.0,0.0
1779816505660,1,Pitching Mound.Delivery,,Loading,pitch.0,333990,0.8432,0.224,1.4319,1.0861,-0.7877,2.1335,0.0,0.0
1779816505660,1,Pitching Mound.Delivery,,Loading,pitch.0,333991,0.8077,0.278,1.4835,0.947,-0.622,2.1522,0.0,0.0
1779816505660,1,Pitching Mound.Drive,,Loading,pitch.0,334503,-1.3716,10.1516,94.3964,56.8382,28.3311,4.1547,-0.0319,0.0639
1779816505660,1,Pitching Mound.Parent,,Loading,pitch.0,333697,-0.5284,10.3756,95.8284,57.9243,27.5434,6.2882,-0.0314,0.0649
1779816505661,1,11.0000004b,Drive,Loading,pitch.0,334505,-1.4044,10.1709,94.4362,56.8549,28.0114,4.3599,-0.0315,0.0639
1779816505661,1,11.0000004b,Drive,Loading,pitch.0,334504,-1.3799,10.1595,94.3995,56.9294,28.0965,4.2598,-0.0316,0.064
1779816505661,1,12.00000015,Lower Delivery,Loading,pitch.0,334232,-0.2804,-0.6799,0.9515,-0.0868,-0.0114,-0.0123,0.0,0.0
1779816505661,1,Pitching Mound.Drive,,Loading,pitch.0,334505,-1.4044,10.1709,94.4362,56.8549,28.0114,4.3599,-0.0315,0.0639
1779816505661,1,Pitching Mound.Drive,,Loading,pitch.0,334504,-1.3799,10.1595,94.3995,56.9294,28.0965,4.2598,-0.0316,0.064
1779816505661,1,Pitching Mound.Parent,,Loading,pitch.0,333698,-0.5723,10.4376,95.8829,57.8765,27.4745,6.412,-0.0311,0.0647
1779816505662,1,12.00000015,Lower Delivery,Loading,pitch.0,334233,-0.3004,-0.6906,0.9273,-0.0868,-0.0122,-0.0112,0.0,0.0
1779816505662,1,12.00000018,Upper Delivery,Loading,pitch.0,334789,1.0977,0.831,0.4549,0.7701,-0.5835,1.6093,0.0,0.0
1779816505662,1,12.00000018,Upper Delivery,Loading,pitch.0,334788,1.1008,0.8781,0.4901,0.8456,-0.7886,1.665,0.0,0.0
1779816505662,1,Pitching Mound.Delivery,,Loading,pitch.0,333992,0.8204,0.1983,1.4416,0.9157,-0.8001,2.1223,0.0,0.0
1779816505662,1,Pitching Mound.Delivery,,Loading,pitch.0,333993,0.7973,0.1404,1.3822,0.8439,-0.5957,2.0735,0.0,0.0
1779816505662,1,Pitching Mound.Parent,,Loading,pitch.0,333699,-0.584,10.3692,95.8778,57.7706,27.2113,6.4822,-0.031,0.0646
1779816505663,1,11.0000004b,Drive,Loading,pitch.0,334506,-1.4146,10.1844,94.6557,56.8868,27.9312,4.4708,-0.0313,0.0638
1779816505663,1,11.0000004b,Drive,Loading,pitch.0,334507,-1.439,10.1981,94.7614,56.8793,27.8318,4.5789,-0.0312,0.0637
1779816505663,1,12.00000015,Lower Delivery,Loading,pitch.0,334234,-0.2934,-0.6942,0.8828,-0.0892,-0.0107,-0.0086,0.0,0.0
1779816505663,1,12.00000018,Upper Delivery,Loading,pitch.0,334790,1.0963,0.7991,0.3873,0.8505,-0.6288,1.6487,0.0,0.0
1779816505663,1,Pitching Mound.Delivery,,Loading,pitch.0,333994,0.8029,0.1049,1.2701,0.9298,-0.6395,2.1126,0.0,0.0
1779816505663,1,Pitching Mound.Drive,,Loading,pitch.0,334506,-1.4146,10.1844,94.6557,56.8868,27.9312,4.4708,-0.0313,0.0638
1779816505663,1,Pitching Mound.Drive,,Loading,pitch.0,334507,-1.439,10.1981,94.7614,56.8793,27.8318,4.5789,-0.0312,0.0637
1779816505663,1,Pitching Mound.Parent,,Loading,pitch.0,333700,-0.6174,10.3248,96.0379,57.7307,27.3355,6.5443,-0.0309,0.0646
1779816505663,1,Pitching Mound.Parent,,Loading,pitch.0,333701,-0.6362,10.3029,96.0314,57.8091,27.1923,6.6916,-0.0308,0.0646
1779816505664,1,11.0000004b,Drive,Loading,pitch.0,334508,-1.4599,10.2138,94.6533,56.798,27.8314,4.7068,-0.0312,0.0637
1779816505664,1,12.00000015,Lower Delivery,Loading,pitch.0,334235,-0.2971,-0.7194,0.8468,-0.087,-0.0112,-0.0084,0.0,0.0
1779816505664,1,12.00000018,Upper Delivery,Loading,pitch.0,334791,1.079,0.7817,0.3531,0.8574,-0.5495,1.6291,0.0,0.0
1779816505664,1,Pitching Mound.Delivery,,Loading,pitch.0,333995,0.7819,0.0623,1.2,0.9383,-0.5607,2.0886,0.0,0.0
1779816505664,1,Pitching Mound.Drive,,Loading,pitch.0,334508,-1.4599,10.2138,94.6533,56.798,27.8314,4.7068,-0.0312,0.0637
1779816505664,1,Pitching Mound.Parent,,Loading,pitch.0,333702,-0.6779,10.2761,95.8533,57.7363,27.2707,6.7954,-0.0308,0.0647
1779816505665,1,11.0000004b,Drive,Loading,pitch.0,334509,-1.4686,10.2384,94.7377,56.823,27.6001,4.7801,-0.0309,0.0637
1779816505665,1,12.00000015,Lower Delivery,Loading,pitch.0,334236,-0.3056,-0.7371,0.9021,-0.0821,-0.0107,0.0081,0.0,0.0
1779816505665,1,12.00000018,Upper Delivery,Loading,pitch.0,334792,1.1011,0.7843,0.3441,0.8441,-0.4797,1.6408,0.0,0.0
1779816505665,1,Pitching Mound.Delivery,,Loading,pitch.0,333996,0.7955,0.0472,1.2462,0.9517,-0.4905,2.1271,0.0,0.0
1779816505665,1,Pitching Mound.Drive,,Loading,pitch.0,334509,-1.4686,10.2384,94.7377,56.823,27.6001,4.7801,-0.0309,0.0637
1779816505665,1,Pitching Mound.Parent,,Loading,pitch.0,333703,-0.6731,10.2856,95.9839,57.7747,27.1097,6.9072,-0.0305,0.0648
1779816505666,1,11.0000004b,Drive,Loading,pitch.0,334510,-1.5023,10.2497,94.8551,56.7777,27.5571,4.8986,-0.0308,0.0635
1779816505666,1,12.00000015,Lower Delivery,Loading,pitch.0,334237,-0.2978,-0.7225,0.9373,-0.0848,-0.0163,-0.0067,0.0,0.0
1779816505666,1,12.00000018,Upper Delivery,Loading,pitch.0,334793,1.1,0.775,0.3379,0.8472,-0.5111,1.6259,0.0,0.0
1779816505666,1,Pitching Mound.Delivery,,Loading,pitch.0,333997,0.8021,0.0525,1.2752,0.9663,-0.5274,2.0944,0.0,0.0
1779816505666,1,Pitching Mound.Drive,,Loading,pitch.0,334510,-1.5023,10.2497,94.8551,56.7777,27.5571,4.8986,-0.0308,0.0635
1779816505666,1,Pitching Mound.Parent,,Loading,pitch.0,333704,-0.7002,10.3022,96.1303,57.744,27.0297,6.993,-0.0304,0.0648
1779816505667,1,11.0000004b,Drive,Loading,pitch.0,334511,-1.5444,10.2771,94.9417,56.7801,27.3962,4.993,-0.0306,0.0635
1779816505667,1,12.00000015,Lower Delivery,Loading,pitch.0,334238,-0.2913,-0.7381,0.9031,-0.085,-0.0184,0.0027,0.0,0.0
1779816505667,1,12.00000018,Upper Delivery,Loading,pitch.0,334794,1.0877,0.7533,0.359,0.7652,-0.7925,1.6675,0.0,0.0
1779816505667,1,Pitching Mound.Delivery,,Loading,pitch.0,333998,0.7964,0.0152,1.2621,0.8652,-0.8109,2.139,0.0,0.0
1779816505667,1,Pitching Mound.Drive,,Loading,pitch.0,334511,-1.5444,10.2771,94.9417,56.7801,27.3962,4.993,-0.0306,0.0635
1779816505667,1,Pitching Mound.Parent,,Loading,pitch.0,333705,-0.748,10.2922,96.2038,57.6453,26.5853,7.132,-0.0302,0.0646
1779816505668,1,11.0000004b,Drive,Loading,pitch.0,334512,-1.5639,10.2992,94.9824,56.7277,27.2326,5.1095,-0.0304,0.0634
1779816505668,1,12.00000015,Lower Delivery,Loading,pitch.0,334239,-0.2843,-0.7453,0.958,-0.0814,-0.0174,-0.0049,0.0,0.0
1779816505668,1,12.00000018,Upper Delivery,Loading,pitch.0,334795,1.0991,0.7692,0.2844,0.8684,-0.7993,1.6637,0.0,0.0
1779816505668,1,Pitching Mound.Delivery,,Loading,pitch.0,333999,0.8148,0.0238,1.2424,1.016,-0.8166,2.1291,0.0,0.0
1779816505668,1,Pitching Mound.Drive,,Loading,pitch.0,334512,-1.5639,10.2992,94.9824,56.7277,27.2326,5.1095,-0.0304,0.0634
1779816505668,1,Pitching Mound.Parent,,Loading,pitch.0,333706,-0.7491,10.323,96.2248,57.7437,26.416,7.2387,-0.03,0.065
1779816505669,1,11.0000004b,Drive,Loading,pitch.0,334513,-1.5902,10.3221,95.0826,56.7521,27.2863,5.2155,-0.0305,0.0634
1779816505669,1,12.00000015,Lower Delivery,Loading,pitch.0,334240,-0.2934,-0.7468,0.9235,-0.0721,-0.0071,-0.0114,0.0,0.0
1779816505669,1,12.00000018,Upper Delivery,Loading,pitch.0,334796,1.076,0.7512,0.3571,0.7928,-0.7483,1.6383,0.0,0.0
1779816505669,1,Pitching Mound.Delivery,,Loading,pitch.0,334000,0.7826,0.0044,1.2806,0.9132,-0.7554,2.0925,0.0,0.0
1779816505669,1,Pitching Mound.Drive,,Loading,pitch.0,334513,-1.5902,10.3221,95.0826,56.7521,27.2863,5.2155,-0.0305,0.0634
1779816505669,1,Pitching Mound.Parent,,Loading,pitch.0,333707,-0.8076,10.3265,96.3632,57.6653,26.5308,7.308,-0.0301,0.0645
1779816505670,1,11.0000004b,Drive,Loading,pitch.0,334514,-1.6342,10.3354,94.9914,56.6271,27.3368,5.3477,-0.0306,0.0633
1779816505670,1,12.00000015,Lower Delivery,Loading,pitch.0,334241,-0.2975,-0.7249,0.8888,-0.0659,-0.0009,-0.0148,0.0,0.0
1779816505670,1,12.00000018,Upper Delivery,Loading,pitch.0,334797,1.087,0.7805,0.3516,0.7916,-0.4532,1.6521,0.0,0.0
1779816505670,1,Pitching Mound.Delivery,,Loading,pitch.0,334001,0.7895,0.0556,1.2403,0.9083,-0.4541,2.108,0.0,0.0
1779816505670,1,Pitching Mound.Drive,,Loading,pitch.0,334514,-1.6342,10.3354,94.9914,56.6271,27.3368,5.3477,-0.0306,0.0633
1779816505670,1,Pitching Mound.Parent,,Loading,pitch.0,333708,-0.8448,10.391,96.2317,57.5355,26.8827,7.4557,-0.0302,0.0644
1779816505671,1,11.0000004b,Drive,Loading,pitch.0,334515,-1.6668,10.3592,94.9801,56.6188,27.0477,5.4371,-0.0302,0.0633
1779816505671,1,12.00000015,Lower Delivery,Loading,pitch.0,334242,-0.2809,-0.7224,1.0007,-0.0636,0.0055,-0.0153,0.0,0.0
1779816505671,1,12.00000018,Upper Delivery,Loading,pitch.0,334798,1.0879,0.7803,0.3515,0.7649,-0.4028,1.6293,0.0,0.0
1779816505671,1,Pitching Mound.Delivery,,Loading,pitch.0,334002,0.8069,0.058,1.3521,0.922,-0.3973,2.0793,0.0,0.0
1779816505671,1,Pitching Mound.Drive,,Loading,pitch.0,334515,-1.6668,10.3592,94.9801,56.6188,27.0477,5.4371,-0.0302,0.0633
1779816505671,1,Pitching Mound.Parent,,Loading,pitch.0,333709,-0.8599,10.4172,96.3322,57.5408,26.6504,7.5164,-0.0298,0.0647
1779816505672,1,11.0000004b,Drive,Loading,pitch.0,334516,-1.7031,10.3849,94.9685,56.5938,27.0082,5.5332,-0.0302,0.0633
1779816505672,1,12.00000015,Lower Delivery,Loading,pitch.0,334243,-0.2765,-0.7304,1.0616,-0.0638,0.0006,-0.0157,0.0,0.0
1779816505672,1,12.00000018,Upper Delivery,Loading,pitch.0,334799,1.1096,0.8208,0.3379,0.9161,-0.5202,1.6019,0.0,0.0
1779816505672,1,Pitching Mound.Delivery,,Loading,pitch.0,334003,0.8331,0.0904,1.3995,1.0984,-0.5196,2.0575,0.0,0.0
1779816505672,1,Pitching Mound.Drive,,Loading,pitch.0,334516,-1.7031,10.3849,94.9685,56.5938,27.0082,5.5332,-0.0302,0.0633
1779816505672,1,Pitching Mound.Parent,,Loading,pitch.0,333710,-0.87,10.4753,96.368,57.6921,26.4886,7.5907,-0.0298,0.0649
1779816505673,1,11.0000004b,Drive,Loading,pitch.0,334517,-1.739,10.3953,94.9047,56.5117,26.9552,5.6375,-0.0302,0.0632
1779816505673,1,12.00000015,Lower Delivery,Loading,pitch.0,334244,-0.2705,-0.7374,1.0416,-0.0545,0.0065,-0.0126,0.0,0.0
1779816505673,1,12.00000018,Upper Delivery,Loading,pitch.0,334800,1.0927,0.8363,0.3434,1.0409,-0.5281,1.6384,0.0,0.0
1779816505673,1,Pitching Mound.Delivery,,Loading,pitch.0,334004,0.8222,0.099,1.385,1.2238,-0.5216,2.0893,0.0,0.0
1779816505673,1,Pitching Mound.Drive,,Loading,pitch.0,334517,-1.739,10.3953,94.9047,56.5117,26.9552,5.6375,-0.0302,0.0632
1779816505673,1,Pitching Mound.Parent,,Loading,pitch.0,333711,-0.9168,10.4942,96.2897,57.7355,26.4336,7.7268,-0.0297,0.0648
1779816505674,1,11.0000004b,Drive,Loading,pitch.0,334518,-1.7626,10.4083,94.8299,56.3763,26.797,5.7326,-0.03,0.0631
1779816505674,1,12.00000015,Lower Delivery,Loading,pitch.0,334245,-0.2615,-0.7362,1.1018,-0.0674,-0.0048,-0.0176,0.0,0.0
1779816505674,1,12.00000018,Upper Delivery,Loading,pitch.0,334801,1.1386,0.9094,0.4226,1.0855,-0.5093,1.653,0.0,0.0
1779816505674,1,Pitching Mound.Delivery,,Loading,pitch.0,334005,0.8771,0.1732,1.5244,1.249,-0.5141,2.1114,0.0,0.0
1779816505674,1,Pitching Mound.Drive,,Loading,pitch.0,334518,-1.7626,10.4083,94.8299,56.3763,26.797,5.7326,-0.03,0.0631
1779816505674,1,Pitching Mound.Parent,,Loading,pitch.0,333712,-0.8856,10.5815,96.3543,57.6253,26.2829,7.844,-0.0295,0.0645
1779816505675,1,11.0000004b,Drive,Loading,pitch.0,334519,-1.7901,10.4119,94.8613,56.3043,26.719,5.824,-0.0299,0.063
1779816505675,1,12.00000015,Lower Delivery,Loading,pitch.0,334246,-0.2597,-0.7204,1.0429,-0.0617,-0.0074,-0.0183,0.0,0.0
1779816505675,1,12.00000018,Upper Delivery,Loading,pitch.0,334802,1.1126,0.9334,0.4465,0.8992,-0.4096,1.6622,0.0,0.0
1779816505675,1,Pitching Mound.Delivery,,Loading,pitch.0,334006,0.8528,0.2129,1.4894,1.0403,-0.4169,2.1106,0.0,0.0
1779816505675,1,Pitching Mound.Drive,,Loading,pitch.0,334519,-1.7901,10.4119,94.8613,56.3043,26.719,5.824,-0.0299,0.063
1779816505675,1,Pitching Mound.Parent,,Loading,pitch.0,333713,-0.9372,10.6248,96.3507,57.3446,26.3021,7.9345,-0.0294,0.0641
1779816505676,1,11.0000004b,Drive,Loading,pitch.0,334520,-1.8273,10.4327,94.8571,56.2687,26.6236,5.9275,-0.0298,0.063
1779816505676,1,12.00000015,Lower Delivery,Loading,pitch.0,334247,-0.2459,-0.7154,1.0129,-0.0665,-0.0151,-0.0204,0.0,0.0
1779816505676,1,12.00000018,Upper Delivery,Loading,pitch.0,334803,1.1261,0.9129,0.4049,1.0421,-0.449,1.6751,0.0,0.0
1779816505676,1,Pitching Mound.Delivery,,Loading,pitch.0,334007,0.8802,0.1975,1.4178,1.1823,-0.4641,2.1213,0.0,0.0
1779816505676,1,Pitching Mound.Drive,,Loading,pitch.0,334520,-1.8273,10.4327,94.8571,56.2687,26.6236,5.9275,-0.0298,0.063
1779816505676,1,Pitching Mound.Parent,,Loading,pitch.0,333714,-0.9471,10.6302,96.2749,57.451,26.1594,8.0488,-0.0294,0.0642
1779816505677,1,11.0000004b,Drive,Loading,pitch.0,334521,-1.8319,10.4487,94.6739,56.2128,26.4289,6.026,-0.0296,0.063
1779816505677,1,12.00000015,Lower Delivery,Loading,pitch.0,334248,-0.245,-0.7063,0.9823,-0.0697,-0.023,-0.0202,0.0,0.0
1779816505677,1,12.00000018,Upper Delivery,Loading,pitch.0,334804,1.107,0.9173,0.3716,1.0678,-0.5776,1.6804,0.0,0.0
1779816505677,1,Pitching Mound.Delivery,,Loading,pitch.0,334008,0.862,0.211,1.3539,1.2058,-0.6007,2.1199,0.0,0.0
1779816505677,1,Pitching Mound.Drive,,Loading,pitch.0,334521,-1.8319,10.4487,94.6739,56.2128,26.4289,6.026,-0.0296,0.063
1779816505677,1,Pitching Mound.Parent,,Loading,pitch.0,333715,-0.9699,10.6598,96.0278,57.4186,25.8283,8.1459,-0.0292,0.0643
1779816505678,1,11.0000004b,Drive,Loading,pitch.0,334522,-1.8682,10.466,94.7438,56.2669,26.2123,6.1482,-0.0294,0.063
1779816505678,1,12.00000015,Lower Delivery,Loading,pitch.0,334249,-0.251,-0.6849,1.1175,-0.0762,-0.0224,-0.0213,0.0,0.0
1779816505678,1,12.00000018,Upper Delivery,Loading,pitch.0,334805,1.1018,0.9069,0.3626,0.9925,-0.5676,1.6457,0.0,0.0
1779816505678,1,Pitching Mound.Delivery,,Loading,pitch.0,334009,0.8508,0.2221,1.4801,1.1731,-0.59,2.0843,0.0,0.0
1779816505678,1,Pitching Mound.Drive,,Loading,pitch.0,334522,-1.8682,10.466,94.7438,56.2669,26.2123,6.1482,-0.0294,0.063
1779816505678,1,Pitching Mound.Parent,,Loading,pitch.0,333716,-1.0173,10.688,96.2239,57.44,25.6223,8.2325,-0.0289,0.0647
1779816505679,1,11.0000004b,Drive,Loading,pitch.0,334523,-1.8813,10.4662,94.6012,56.1733,26.0993,6.239,-0.0293,0.063
1779816505679,1,12.00000015,Lower Delivery,Loading,pitch.0,334250,-0.2562,-0.6804,1.118,-0.0772,-0.0264,-0.0214,0.0,0.0
1779816505679,1,12.00000018,Upper Delivery,Loading,pitch.0,334806,1.1096,0.9611,0.4059,0.9866,-0.4982,1.6577,0.0,0.0
1779816505679,1,Pitching Mound.Delivery,,Loading,pitch.0,334010,0.8534,0.2808,1.524,1.1515,-0.5246,2.1007,0.0,0.0
1779816505679,1,Pitching Mound.Drive,,Loading,pitch.0,334523,-1.8813,10.4662,94.6012,56.1733,26.0993,6.239,-0.0293,0.063
1779816505679,1,Pitching Mound.Parent,,Loading,pitch.0,333717,-1.0279,10.7469,96.1252,57.3248,25.5747,8.3397,-0.0288,0.0646
1779816505680,1,11.0000004b,Drive,Loading,pitch.0,334524,-1.9204,10.4863,94.5824,56.0657,25.9263,6.3462,-0.0291,0.0629
1779816505680,1,12.00000015,Lower Delivery,Loading,pitch.0,334251,-0.2399,-0.7048,1.1004,-0.0828,-0.0326,-0.0196,0.0,0.0
1779816505680,1,12.00000018,Upper Delivery,Loading,pitch.0,334807,1.1317,0.9653,0.3417,1.1339,-0.6221,1.6575,0.0,0.0
1779816505680,1,Pitching Mound.Delivery,,Loading,pitch.0,334011,0.8919,0.2606,1.442,1.309,-0.6546,2.1043,0.0,0.0
1779816505680,1,Pitching Mound.Drive,,Loading,pitch.0,334524,-1.9204,10.4863,94.5824,56.0657,25.9263,6.3462,-0.0291,0.0629
1779816505680,1,Pitching Mound.Parent,,Loading,pitch.0,333718,-1.0285,10.7469,96.0244,57.3747,25.2716,8.4505,-0.0287,0.0647
1779816505681,1,11.0000004b,Drive,Loading,pitch.0,334525,-1.9402,10.4853,94.6398,56.0339,25.9024,6.4257,-0.0291,0.0629
1779816505681,1,12.00000018,Upper Delivery,Loading,pitch.0,334808,1.1012,0.9719,0.4127,1.3115,-0.7623,1.6683,0.0,0.0
1779816505681,1,Pitching Mound.Drive,,Loading,pitch.0,334525,-1.9402,10.4853,94.6398,56.0339,25.9024,6.4257,-0.0291,0.0629
1779816505682,1,11.0000004b,Drive,Loading,pitch.0,334526,-1.9434,10.5057,94.6847,55.9527,25.7571,6.5833,-0.0289,0.0627
1779816505682,1,12.00000015,Lower Delivery,Loading,pitch.0,334252,-0.2426,-0.6792,1.0379,-0.0816,-0.037,-0.0207,0.0,0.0
1779816505682,1,12.00000018,Upper Delivery,Loading,pitch.0,334809,1.0703,0.935,0.4208,1.1165,-0.5939,1.6567,0.0,0.0
1779816505682,1,Pitching Mound.Delivery,,Loading,pitch.0,334012,0.8585,0.2927,1.4506,1.4425,-0.7992,2.1045,0.0,0.0
1779816505682,1,Pitching Mound.Drive,,Loading,pitch.0,334526,-1.9434,10.5057,94.6847,55.9527,25.7571,6.5833,-0.0289,0.0627
1779816505682,1,Pitching Mound.Parent,,Loading,pitch.0,333719,-1.0817,10.7781,96.0904,57.4764,25.1032,8.5301,-0.0286,0.0641
1779816505683,1,11.0000004b,Drive,Loading,pitch.0,334527,-1.9762,10.5117,94.5694,55.9322,25.7067,6.6793,-0.0289,0.0628
1779816505683,1,12.00000015,Lower Delivery,Loading,pitch.0,334253,-0.2399,-0.7161,1.0217,-0.0773,-0.0375,-0.0158,0.0,0.0
1779816505683,1,12.00000018,Upper Delivery,Loading,pitch.0,334810,1.0915,0.9237,0.3642,1.1255,-0.5173,1.6442,0.0,0.0
1779816505683,1,Pitching Mound.Delivery,,Loading,pitch.0,334013,0.8304,0.2189,1.4425,1.2435,-0.6315,2.0864,0.0,0.0
1779816505683,1,Pitching Mound.Drive,,Loading,pitch.0,334527,-1.9762,10.5117,94.5694,55.9322,25.7067,6.6793,-0.0289,0.0628
1779816505683,1,Pitching Mound.Parent,,Loading,pitch.0,333720,-1.1131,10.7246,96.1272,57.1961,25.1257,8.6698,-0.0284,0.0639
1779816505684,1,11.0000004b,Drive,Loading,pitch.0,334528,-1.9981,10.5385,94.497,55.987,25.391,6.7779,-0.0285,0.0629
1779816505684,1,12.00000015,Lower Delivery,Loading,pitch.0,334254,-0.2433,-0.7176,1.0571,-0.0761,-0.0322,-0.0096,0.0,0.0
1779816505684,1,12.00000018,Upper Delivery,Loading,pitch.0,334811,1.0861,0.9167,0.3921,1.0563,-0.4547,1.6189,0.0,0.0
1779816505684,1,Pitching Mound.Delivery,,Loading,pitch.0,334014,0.8482,0.2061,1.4213,1.2849,-0.5496,2.0884,0.0,0.0
1779816505684,1,Pitching Mound.Drive,,Loading,pitch.0,334528,-1.9981,10.5385,94.497,55.987,25.391,6.7779,-0.0285,0.0629
1779816505684,1,Pitching Mound.Parent,,Loading,pitch.0,333721,-1.1279,10.7178,95.9907,57.2172,25.1571,8.7678,-0.0284,0.0643
1779816505685,1,11.0000004b,Drive,Loading,pitch.0,334529,-2.0296,10.5444,94.5174,55.967,25.2789,6.9072,-0.0284,0.0629
1779816505685,1,12.00000015,Lower Delivery,Loading,pitch.0,334256,-0.2993,-0.7584,1.0596,-0.0705,-0.0148,0.0052,0.0,0.0
1779816505685,1,12.00000015,Lower Delivery,Loading,pitch.0,334255,-0.2597,-0.7068,0.9948,-0.0739,-0.0266,-0.0109,0.0,0.0
1779816505685,1,12.00000018,Upper Delivery,Loading,pitch.0,334812,1.0723,0.87,0.4422,1.198,-0.6045,1.5572,0.0,0.0
1779816505685,1,Pitching Mound.Delivery,,Loading,pitch.0,334015,0.8263,0.2099,1.3869,1.1873,-0.4813,2.0656,0.0,0.0
1779816505685,1,Pitching Mound.Delivery,,Loading,pitch.0,334016,0.773,0.1117,1.5018,1.3374,-0.6193,2.0289,0.0,0.0
1779816505685,1,Pitching Mound.Drive,,Loading,pitch.0,334529,-2.0296,10.5444,94.5174,55.967,25.2789,6.9072,-0.0284,0.0629
1779816505685,1,Pitching Mound.Parent,,Loading,pitch.0,333722,-1.1718,10.7484,95.8839,57.1743,24.9097,8.8435,-0.0281,0.0641
1779816505685,1,Pitching Mound.Parent,,Loading,pitch.0,333723,-1.2566,10.6561,96.0192,57.3044,24.6595,8.9361,-0.0279,0.0641
1779816505686,1,11.0000004b,Drive,Loading,pitch.0,334530,-2.0609,10.5632,94.4343,55.9531,25.1586,7.0017,-0.0283,0.0629
1779816505686,1,12.00000015,Lower Delivery,Loading,pitch.0,334257,-0.3144,-0.772,1.0009,-0.0655,0.0006,0.0009,0.0,0.0
1779816505686,1,12.00000018,Upper Delivery,Loading,pitch.0,334813,1.0981,0.8771,0.3632,1.3944,-0.8121,1.5932,0.0,0.0
1779816505686,1,Pitching Mound.Delivery,,Loading,pitch.0,334017,0.7837,0.1051,1.3641,1.5457,-0.8115,2.0743,0.0,0.0
1779816505686,1,Pitching Mound.Drive,,Loading,pitch.0,334530,-2.0609,10.5632,94.4343,55.9531,25.1586,7.0017,-0.0283,0.0629
1779816505686,1,Pitching Mound.Parent,,Loading,pitch.0,333724,-1.2772,10.6683,95.7984,57.4987,24.3471,9.076,-0.0279,0.0643
1779816505687,1,11.0000004b,Drive,Loading,pitch.0,334531,-2.082,10.5864,94.3998,55.9581,25.1765,7.1284,-0.0283,0.0629
1779816505687,1,12.00000015,Lower Delivery,Loading,pitch.0,334258,-0.3219,-0.7566,1.0189,-0.0557,0.0086,0.0615,0.0,0.0
1779816505687,1,12.00000018,Upper Delivery,Loading,pitch.0,334814,1.0646,0.8869,0.4313,1.2568,-0.6081,1.5402,0.0,0.0
1779816505687,1,Pitching Mound.Delivery,,Loading,pitch.0,334018,0.7427,0.1303,1.4502,1.4008,-0.5995,2.0732,0.0,0.0
1779816505687,1,Pitching Mound.Drive,,Loading,pitch.0,334531,-2.082,10.5864,94.3998,55.9581,25.1765,7.1284,-0.0283,0.0629
1779816505687,1,Pitching Mound.Parent,,Loading,pitch.0,333725,-1.3393,10.7166,95.85,57.3589,24.577,9.2016,-0.0279,0.0641
1779816505688,1,11.0000004b,Drive,Loading,pitch.0,334532,-2.1152,10.5939,94.335,55.7851,25.1261,7.2158,-0.0283,0.0628
1779816505688,1,12.00000015,Lower Delivery,Loading,pitch.0,334259,-0.3094,-0.7662,1.0026,-0.0546,0.0089,0.0992,0.0,0.0
1779816505688,1,12.00000018,Upper Delivery,Loading,pitch.0,334815,1.0574,0.9105,0.4921,1.1044,-0.4938,1.5385,0.0,0.0
1779816505688,1,Pitching Mound.Delivery,,Loading,pitch.0,334019,0.748,0.1443,1.4947,1.2234,-0.4849,2.1024,0.0,0.0
1779816505688,1,Pitching Mound.Drive,,Loading,pitch.0,334532,-2.1152,10.5939,94.335,55.7851,25.1261,7.2158,-0.0283,0.0628
1779816505688,1,Pitching Mound.Parent,,Loading,pitch.0,333726,-1.3672,10.7382,95.8297,57.0084,24.6412,9.3182,-0.0278,0.0636
1779816505689,1,11.0000004b,Drive,Loading,pitch.0,334533,-2.1339,10.5983,94.1592,55.6102,25.085,7.3714,-0.0283,0.0627
1779816505689,1,12.00000015,Lower Delivery,Loading,pitch.0,334260,-0.3016,-0.7588,0.8994,-0.0653,0.0088,0.0263,0.0,0.0
1779816505689,1,12.00000018,Upper Delivery,Loading,pitch.0,334816,1.0666,0.9632,0.4837,1.1106,-0.3242,1.5062,0.0,0.0
1779816505689,1,Pitching Mound.Delivery,,Loading,pitch.0,334020,0.765,0.2044,1.3831,1.1866,-0.3155,1.9977,0.0,0.0
1779816505689,1,Pitching Mound.Drive,,Loading,pitch.0,334533,-2.1339,10.5983,94.1592,55.6102,25.085,7.3714,-0.0283,0.0627
1779816505689,1,Pitching Mound.Parent,,Loading,pitch.0,333727,-1.3689,10.8027,95.5423,56.7968,24.7695,9.3691,-0.0279,0.0633
1779816505690,1,11.0000004b,Drive,Loading,pitch.0,334534,-2.1791,10.6091,93.9998,55.5902,25.1095,7.4965,-0.0284,0.0628
1779816505690,1,12.00000015,Lower Delivery,Loading,pitch.0,334261,-0.2976,-0.7518,0.9498,-0.0712,0.0043,0.008,0.0,0.0
1779816505690,1,12.00000018,Upper Delivery,Loading,pitch.0,334817,1.0619,1.0131,0.5499,0.9186,-0.2585,1.4577,0.0,0.0
1779816505690,1,Pitching Mound.Delivery,,Loading,pitch.0,334021,0.7642,0.2613,1.4997,0.9833,-0.2542,1.928,0.0,0.0
1779816505690,1,Pitching Mound.Drive,,Loading,pitch.0,334534,-2.1791,10.6091,93.9998,55.5902,25.1095,7.4965,-0.0284,0.0628
1779816505690,1,Pitching Mound.Parent,,Loading,pitch.0,333728,-1.4148,10.8704,95.4995,56.5735,24.8552,9.4245,-0.0279,0.0632
1779816505691,1,11.0000004b,Drive,Loading,pitch.0,334535,-2.1954,10.6139,93.9572,55.4928,24.9545,7.6211,-0.0282,0.0627
1779816505691,1,12.00000015,Lower Delivery,Loading,pitch.0,334262,-0.2937,-0.7385,0.9144,-0.0735,-0.0033,-0.0063,0.0,0.0
1779816505691,1,12.00000018,Upper Delivery,Loading,pitch.0,334818,1.066,1.0359,0.6257,0.9122,-0.1769,1.4801,0.0,0.0
1779816505691,1,Pitching Mound.Delivery,,Loading,pitch.0,334022,0.7723,0.2974,1.5401,0.9369,-0.1802,1.936,0.0,0.0
1779816505691,1,Pitching Mound.Drive,,Loading,pitch.0,334535,-2.1954,10.6139,93.9572,55.4928,24.9545,7.6211,-0.0282,0.0627
1779816505691,1,Pitching Mound.Parent,,Loading,pitch.0,333729,-1.4231,10.9112,95.4973,56.4297,24.7743,9.5571,-0.0277,0.0627
1779816505692,1,11.0000004b,Drive,Loading,pitch.0,334536,-2.2322,10.6212,93.9196,55.4221,24.7719,7.7508,-0.028,0.0626
1779816505692,1,12.00000015,Lower Delivery,Loading,pitch.0,334263,-0.2992,-0.7431,0.9944,-0.0856,-0.0088,-0.0138,0.0,0.0
1779816505692,1,12.00000018,Upper Delivery,Loading,pitch.0,334819,1.0866,1.0412,0.5451,0.9267,-0.1749,1.4812,0.0,0.0
1779816505692,1,Pitching Mound.Delivery,,Loading,pitch.0,334023,0.7874,0.2981,1.5395,0.9939,-0.1838,1.9385,0.0,0.0
1779816505692,1,Pitching Mound.Drive,,Loading,pitch.0,334536,-2.2322,10.6212,93.9196,55.4221,24.7719,7.7508,-0.028,0.0626
1779816505692,1,Pitching Mound.Parent,,Loading,pitch.0,333730,-1.4448,10.9192,95.4591,56.416,24.5881,9.6894,-0.0275,0.0632
1779816505693,1,11.0000004b,Drive,Loading,pitch.0,334537,-2.2673,10.6301,93.8811,55.4493,24.7429,7.8549,-0.028,0.0627
1779816505693,1,12.00000015,Lower Delivery,Loading,pitch.0,334264,-0.2809,-0.7344,0.9793,-0.0864,-0.0171,-0.0222,0.0,0.0
1779816505693,1,12.00000018,Upper Delivery,Loading,pitch.0,334820,1.0964,1.0232,0.4738,0.9171,-0.1788,1.4696,0.0,0.0
1779816505693,1,Pitching Mound.Delivery,,Loading,pitch.0,334024,0.8155,0.2888,1.4531,1.0026,-0.196,1.9157,0.0,0.0
1779816505693,1,Pitching Mound.Drive,,Loading,pitch.0,334537,-2.2673,10.6301,93.8811,55.4493,24.7429,7.8549,-0.028,0.0627
1779816505693,1,Pitching Mound.Parent,,Loading,pitch.0,333731,-1.4518,10.9189,95.3342,56.4519,24.5469,9.7706,-0.0276,0.0636
1779816505694,1,11.0000004b,Drive,Loading,pitch.0,334538,-2.3036,10.6507,93.7931,55.4464,24.7669,7.9819,-0.028,0.0628
1779816505694,1,12.00000015,Lower Delivery,Loading,pitch.0,334265,-0.2738,-0.7315,1.0758,-0.0852,-0.0182,-0.0186,0.0,0.0
1779816505694,1,12.00000018,Upper Delivery,Loading,pitch.0,334821,1.0877,1.0641,0.5453,0.9732,-0.1684,1.5264,0.0,0.0
1779816505694,1,Pitching Mound.Delivery,,Loading,pitch.0,334025,0.8138,0.3326,1.6211,1.0684,-0.1866,1.9707,0.0,0.0
1779816505694,1,Pitching Mound.Drive,,Loading,pitch.0,334538,-2.3036,10.6507,93.7931,55.4464,24.7669,7.9819,-0.028,0.0628
1779816505694,1,Pitching Mound.Parent,,Loading,pitch.0,333732,-1.4898,10.9834,95.4142,56.5149,24.5804,9.9527,-0.0276,0.0636
1779816505695,1,11.0000004b,Drive,Loading,pitch.0,334539,-2.3355,10.6463,93.675,55.2224,24.6659,8.0972,-0.028,0.0626
1779816505695,1,12.00000015,Lower Delivery,Loading,pitch.0,334266,-0.2384,-0.7191,1.1767,-0.0869,-0.0175,-0.0155,0.0,0.0
1779816505695,1,12.00000018,Upper Delivery,Loading,pitch.0,334822,1.1143,0.9925,0.4666,0.9345,-0.2564,1.5269,0.0,0.0
1779816505695,1,Pitching Mound.Delivery,,Loading,pitch.0,334026,0.8759,0.2734,1.6433,1.089,-0.2739,1.9714,0.0,0.0
1779816505695,1,Pitching Mound.Drive,,Loading,pitch.0,334539,-2.3355,10.6463,93.675,55.2224,24.6659,8.0972,-0.028,0.0626
1779816505695,1,Pitching Mound.Parent,,Loading,pitch.0,333733,-1.4596,10.9196,95.3183,56.3114,24.392,10.0686,-0.0275,0.064
1779816505696,1,11.0000004b,Drive,Loading,pitch.0,334540,-2.3719,10.6569,93.4727,55.09,24.6026,8.2132,-0.0279,0.0626
1779816505696,1,12.00000015,Lower Delivery,Loading,pitch.0,334267,-0.2364,-0.73,1.0994,-0.0944,-0.0195,-0.0202,0.0,0.0
1779816505696,1,12.00000018,Upper Delivery,Loading,pitch.0,334823,1.1226,0.9892,0.4669,1.0154,-0.2616,1.5411,0.0,0.0
1779816505696,1,Pitching Mound.Delivery,,Loading,pitch.0,334027,0.8862,0.2592,1.5663,1.1361,-0.2811,1.983,0.0,0.0
1779816505696,1,Pitching Mound.Drive,,Loading,pitch.0,334540,-2.3719,10.6569,93.4727,55.09,24.6026,8.2132,-0.0279,0.0626
1779816505696,1,Pitching Mound.Parent,,Loading,pitch.0,333734,-1.4857,10.9161,95.039,56.2261,24.3215,10.1962,-0.0275,0.0638
1779816505697,1,11.0000004b,Drive,Loading,pitch.0,334541,-2.3787,10.6598,93.406,55.0433,24.5226,8.3395,-0.0279,0.0626
1779816505697,1,12.00000015,Lower Delivery,Loading,pitch.0,334268,-0.2409,-0.7449,1.0531,-0.0952,-0.0239,-0.02,0.0,0.0
1779816505697,1,12.00000018,Upper Delivery,Loading,pitch.0,334824,1.1202,1.0098,0.4298,1.0157,-0.2799,1.5665,0.0,0.0
1779816505697,1,Pitching Mound.Delivery,,Loading,pitch.0,334028,0.8793,0.265,1.4828,1.1324,-0.3038,2.0093,0.0,0.0
1779816505697,1,Pitching Mound.Drive,,Loading,pitch.0,334541,-2.3787,10.6598,93.406,55.0433,24.5226,8.3395,-0.0279,0.0626
1779816505697,1,Pitching Mound.Parent,,Loading,pitch.0,333735,-1.4994,10.9248,94.8889,56.1758,24.2188,10.3488,-0.0274,0.0638
1779816505698,1,11.0000004b,Drive,Loading,pitch.0,334542,-2.4081,10.6716,93.291,54.9947,24.4374,8.4556,-0.0278,0.0626
1779816505698,1,12.00000015,Lower Delivery,Loading,pitch.0,334269,-0.2504,-0.7651,1.0612,-0.092,-0.0154,-0.0184,0.0,0.0
1779816505698,1,12.00000018,Upper Delivery,Loading,pitch.0,334825,1.1304,0.917,0.3502,0.9908,-0.5332,1.5658,0.0,0.0
1779816505698,1,Pitching Mound.Delivery,,Loading,pitch.0,334029,0.88,0.1518,1.4114,1.1405,-0.5486,2.0169,0.0,0.0
1779816505698,1,Pitching Mound.Drive,,Loading,pitch.0,334542,-2.4081,10.6716,93.291,54.9947,24.4374,8.4556,-0.0278,0.0626
1779816505698,1,Pitching Mound.Parent,,Loading,pitch.0,333736,-1.5281,10.8234,94.7024,56.1352,23.8888,10.4725,-0.0274,0.0642
1779816505699,1,11.0000004b,Drive,Loading,pitch.0,334543,-2.4311,10.6816,93.1824,55.0266,24.252,8.5501,-0.0276,0.0627
1779816505699,1,12.00000015,Lower Delivery,Loading,pitch.0,334270,-0.2665,-0.7726,1.0565,-0.0902,-0.0123,-0.0198,0.0,0.0
1779816505699,1,12.00000018,Upper Delivery,Loading,pitch.0,334826,1.1181,0.8476,0.4103,1.0146,-0.7532,1.6829,0.0,0.0
1779816505699,1,Pitching Mound.Delivery,,Loading,pitch.0,334030,0.8516,0.075,1.4668,1.1441,-0.7655,2.1339,0.0,0.0
1779816505699,1,Pitching Mound.Drive,,Loading,pitch.0,334543,-2.4311,10.6816,93.1824,55.0266,24.252,8.5501,-0.0276,0.0627
1779816505699,1,Pitching Mound.Parent,,Loading,pitch.0,333737,-1.5795,10.7566,94.6493,56.1707,23.4865,10.6839,-0.0272,0.064
1779816505700,1,11.0000004b,Drive,Loading,pitch.0,334544,-2.4463,10.6917,93.0319,54.9781,24.1192,8.692,-0.0275,0.0627
1779816505700,1,12.00000015,Lower Delivery,Loading,pitch.0,334271,-0.2549,-0.7763,1.0374,-0.0889,-0.0094,-0.0184,0.0,0.0
1779816505700,1,12.00000018,Upper Delivery,Loading,pitch.0,334827,1.1027,0.7922,0.3984,0.8944,-1.0928,1.757,0.0,0.0
1779816505700,1,Pitching Mound.Delivery,,Loading,pitch.0,334031,0.8478,0.0158,1.4358,1.0227,-1.1022,2.2002,0.0,0.0
1779816505700,1,Pitching Mound.Drive,,Loading,pitch.0,334544,-2.4463,10.6917,93.0319,54.9781,24.1192,8.692,-0.0275,0.0627
1779816505700,1,Pitching Mound.Parent,,Loading,pitch.0,333738,-1.5986,10.7075,94.4677,56.0009,23.0169,10.8921,-0.0271,0.0641
1779816505701,1,11.0000004b,Drive,Loading,pitch.0,334545,-2.4678,10.7039,92.9085,54.8767,23.9849,8.8275,-0.0274,0.0627
1779816505701,1,12.00000015,Lower Delivery,Loading,pitch.0,334272,-0.2403,-0.7816,1.1056,-0.0932,-0.0048,-0.0167,0.0,0.0
1779816505701,1,12.00000018,Upper Delivery,Loading,pitch.0,334828,1.1043,0.8108,0.3797,1.0139,-1.0133,1.7465,0.0,0.0
1779816505701,1,Pitching Mound.Delivery,,Loading,pitch.0,334032,0.864,0.0292,1.4853,1.1675,-1.0181,2.1869,0.0,0.0
1779816505701,1,Pitching Mound.Drive,,Loading,pitch.0,334545,-2.4678,10.7039,92.9085,54.8767,23.9849,8.8275,-0.0274,0.0627
1779816505701,1,Pitching Mound.Parent,,Loading,pitch.0,333739,-1.6038,10.733,94.3938,56.0442,22.9668,11.0144,-0.027,0.0643
1779816505702,1,11.0000004b,Drive,Loading,pitch.0,334546,-2.4837,10.7144,92.8613,54.7686,23.9277,8.9426,-0.0274,0.0626
1779816505702,1,12.00000015,Lower Delivery,Loading,pitch.0,334273,-0.2508,-0.7877,1.1377,-0.0869,-0.0022,-0.0078,0.0,0.0
1779816505702,1,12.00000018,Upper Delivery,Loading,pitch.0,334829,1.117,0.7888,0.4278,0.9008,-1.3868,1.7834,0.0,0.0
1779816505702,1,Pitching Mound.Delivery,,Loading,pitch.0,334033,0.8663,0.0012,1.5654,1.0553,-1.3891,2.2407,0.0,0.0
1779816505702,1,Pitching Mound.Drive,,Loading,pitch.0,334546,-2.4837,10.7144,92.8613,54.7686,23.9277,8.9426,-0.0274,0.0626
1779816505702,1,Pitching Mound.Parent,,Loading,pitch.0,333740,-1.6175,10.7156,94.4267,55.8238,22.5386,11.1832,-0.0269,0.0641
1779816505703,1,11.0000004b,Drive,Loading,pitch.0,334547,-2.5058,10.7389,92.7277,54.7737,24.0077,9.0508,-0.0275,0.0627
1779816505703,1,12.00000015,Lower Delivery,Loading,pitch.0,334274,-0.2507,-0.7516,1.1952,-0.0775,0.0043,-0.0075,0.0,0.0
1779816505703,1,12.00000018,Upper Delivery,Loading,pitch.0,334830,1.0955,0.78,0.4835,0.8432,-1.3013,1.7221,0.0,0.0
1779816505703,1,Pitching Mound.Delivery,,Loading,pitch.0,334034,0.8448,0.0283,1.6787,1.0077,-1.297,2.1723,0.0,0.0
1779816505703,1,Pitching Mound.Drive,,Loading,pitch.0,334547,-2.5058,10.7389,92.7277,54.7737,24.0077,9.0508,-0.0275,0.0627
1779816505703,1,Pitching Mound.Parent,,Loading,pitch.0,333741,-1.6609,10.7673,94.4064,55.7814,22.7107,11.2231,-0.027,0.0642
1779816505704,1,11.0000004b,Drive,Loading,pitch.0,334548,-2.5308,10.7412,92.6558,54.5961,23.9307,9.1493,-0.0274,0.0626
1779816505704,1,12.00000015,Lower Delivery,Loading,pitch.0,334275,-0.2659,-0.7499,1.2001,-0.073,0.0082,-0.0098,0.0,0.0
1779816505704,1,12.00000018,Upper Delivery,Loading,pitch.0,334831,1.1089,0.8073,0.448,0.8646,-1.2913,1.768,0.0,0.0
1779816505704,1,Pitching Mound.Delivery,,Loading,pitch.0,334035,0.8429,0.0574,1.648,1.0473,-1.283,2.2256,0.0,0.0
1779816505704,1,Pitching Mound.Drive,,Loading,pitch.0,334548,-2.5308,10.7412,92.6558,54.5961,23.9307,9.1493,-0.0274,0.0626
1779816505704,1,Pitching Mound.Parent,,Loading,pitch.0,333742,-1.6879,10.7986,94.3038,55.6434,22.6477,11.3749,-0.0269,0.0642
1779816505705,1,11.0000004b,Drive,Loading,pitch.0,334549,-2.5453,10.7713,92.4416,54.5945,23.7946,9.3093,-0.0273,0.0627
1779816505705,1,12.00000015,Lower Delivery,Loading,pitch.0,334276,-0.2659,-0.7196,1.22,-0.0739,0.0116,-0.0187,0.0,0.0
1779816505705,1,12.00000018,Upper Delivery,Loading,pitch.0,334832,1.086,0.7688,0.4554,0.8497,-1.4161,1.7577,0.0,0.0
1779816505705,1,Pitching Mound.Delivery,,Loading,pitch.0,334036,0.8201,0.0492,1.6754,1.0358,-1.4045,2.1986,0.0,0.0
1779816505705,1,Pitching Mound.Drive,,Loading,pitch.0,334549,-2.5453,10.7713,92.4416,54.5945,23.7946,9.3093,-0.0273,0.0627
1779816505705,1,Pitching Mound.Parent,,Loading,pitch.0,333743,-1.7252,10.8204,94.117,55.6304,22.3902,11.5079,-0.0268,0.0643
1779816505706,1,11.0000004b,Drive,Loading,pitch.0,334550,-2.5776,10.7969,92.4023,54.6502,23.955,9.4099,-0.0275,0.0628
1779816505706,1,12.00000015,Lower Delivery,Loading,pitch.0,334277,-0.2949,-0.7371,1.2336,-0.0723,0.0228,-0.0158,0.0,0.0
1779816505706,1,12.00000018,Upper Delivery,Loading,pitch.0,334833,1.1028,0.8401,0.4368,0.9375,-1.2646,1.7348,0.0,0.0
1779816505706,1,Pitching Mound.Delivery,,Loading,pitch.0,334037,0.8079,0.103,1.6705,1.1361,-1.2417,2.1943,0.0,0.0
1779816505706,1,Pitching Mound.Drive,,Loading,pitch.0,334550,-2.5776,10.7969,92.4023,54.6502,23.955,9.4099,-0.0275,0.0628
1779816505706,1,Pitching Mound.Parent,,Loading,pitch.0,333744,-1.7697,10.8999,94.0728,55.7862,22.7132,11.6042,-0.027,0.0646
1779816505707,1,11.0000004b,Drive,Loading,pitch.0,334551,-2.5868,10.8249,92.4083,54.6591,23.9911,9.5365,-0.0276,0.0628
1779816505707,1,12.00000015,Lower Delivery,Loading,pitch.0,334278,-0.2955,-0.7238,1.2291,-0.0749,0.0176,-0.0144,0.0,0.0
1779816505707,1,12.00000018,Upper Delivery,Loading,pitch.0,334834,1.0908,0.8642,0.3312,1.2296,-1.0978,1.7757,0.0,0.0
1779816505707,1,Pitching Mound.Delivery,,Loading,pitch.0,334038,0.7953,0.1404,1.5603,1.4599,-1.0802,2.2327,0.0,0.0
1779816505707,1,Pitching Mound.Drive,,Loading,pitch.0,334551,-2.5868,10.8249,92.4083,54.6591,23.9911,9.5365,-0.0276,0.0628
1779816505707,1,Pitching Mound.Parent,,Loading,pitch.0,333745,-1.7915,10.9653,93.9686,56.119,22.911,11.7692,-0.0271,0.065
1779816505708,1,11.0000004b,Drive,Loading,pitch.0,334552,-2.6267,10.8469,92.3027,54.67,24.035,9.6463,-0.0276,0.0629
1779816505708,1,12.00000015,Lower Delivery,Loading,pitch.0,334279,-0.2732,-0.7031,1.1897,-0.0793,0.0123,-0.016,0.0,0.0
1779816505708,1,12.00000018,Upper Delivery,Loading,pitch.0,334835,1.0939,0.8953,0.3539,1.2495,-0.9236,1.7363,0.0,0.0
1779816505708,1,Pitching Mound.Delivery,,Loading,pitch.0,334039,0.8206,0.1922,1.5436,1.4544,-0.9113,2.1851,0.0,0.0
1779816505708,1,Pitching Mound.Drive,,Loading,pitch.0,334552,-2.6267,10.8469,92.3027,54.67,24.035,9.6463,-0.0276,0.0629
1779816505708,1,Pitching Mound.Parent,,Loading,pitch.0,333746,-1.8061,11.0391,93.8463,56.1244,23.1237,11.8314,-0.0272,0.0649
1779816505709,1,11.0000004b,Drive,Loading,pitch.0,334553,-2.6664,10.8745,92.2903,54.6006,24.0305,9.7288,-0.0276,0.0628
1779816505709,1,12.00000015,Lower Delivery,Loading,pitch.0,334280,-0.2635,-0.7074,1.186,-0.0828,0.005,-0.0103,0.0,0.0
1779816505709,1,12.00000018,Upper Delivery,Loading,pitch.0,334836,1.0713,0.8778,0.3776,1.2612,-0.9007,1.7186,0.0,0.0
1779816505709,1,Pitching Mound.Delivery,,Loading,pitch.0,334040,0.8079,0.1704,1.5636,1.4532,-0.8957,2.1621,0.0,0.0
1779816505709,1,Pitching Mound.Drive,,Loading,pitch.0,334553,-2.6664,10.8745,92.2903,54.6006,24.0305,9.7288,-0.0276,0.0628
1779816505709,1,Pitching Mound.Parent,,Loading,pitch.0,333747,-1.8585,11.0449,93.854,56.0538,23.1348,11.8909,-0.0272,0.0647
1779816505710,1,11.0000004b,Drive,Loading,pitch.0,334554,-2.6821,10.904,92.2353,54.6125,24.0902,9.8413,-0.0277,0.0629
1779816505710,1,12.00000015,Lower Delivery,Loading,pitch.0,334281,-0.2565,-0.7122,1.1333,-0.0804,0.0136,-0.0145,0.0,0.0
1779816505710,1,12.00000018,Upper Delivery,Loading,pitch.0,334837,1.0953,0.8619,0.3215,1.2503,-0.8087,1.6807,0.0,0.0
1779816505710,1,Pitching Mound.Delivery,,Loading,pitch.0,334041,0.8389,0.1497,1.4548,1.446,-0.7951,2.1259,0.0,0.0
1779816505710,1,Pitching Mound.Drive,,Loading,pitch.0,334554,-2.6821,10.904,92.2353,54.6125,24.0902,9.8413,-0.0277,0.0629
1779816505710,1,Pitching Mound.Parent,,Loading,pitch.0,333748,-1.8432,11.0537,93.69,56.0585,23.2951,11.9672,-0.0273,0.0648
1779816505711,1,11.0000004b,Drive,Loading,pitch.0,334555,-2.7144,10.9344,92.2108,54.5452,24.0123,9.9131,-0.0276,0.0628
1779816505711,1,12.00000015,Lower Delivery,Loading,pitch.0,334282,-0.2718,-0.7179,1.1064,-0.0804,0.0126,-0.0095,0.0,0.0
1779816505711,1,12.00000018,Upper Delivery,Loading,pitch.0,334838,1.124,0.8095,0.2875,1.2222,-0.9129,1.6179,0.0,0.0
1779816505711,1,Pitching Mound.Delivery,,Loading,pitch.0,334042,0.8523,0.0915,1.3939,1.4201,-0.9002,2.0829,0.0,0.0
1779816505711,1,Pitching Mound.Drive,,Loading,pitch.0,334555,-2.7144,10.9344,92.2108,54.5452,24.0123,9.9131,-0.0276,0.0628
1779816505711,1,Pitching Mound.Parent,,Loading,pitch.0,333749,-1.8621,11.026,93.6048,55.9653,23.1121,11.9961,-0.0272,0.0648
1779816505712,1,11.0000004b,Drive,Loading,pitch.0,334556,-2.7382,10.9528,92.0485,54.4469,23.8829,10.0276,-0.0275,0.0628
1779816505712,1,12.00000015,Lower Delivery,Loading,pitch.0,334283,-0.2656,-0.7392,1.0715,-0.0901,0.0079,0.0,0.0,0.0
1779816505712,1,12.00000018,Upper Delivery,Loading,pitch.0,334839,1.1334,0.7908,0.3332,1.1388,-1.257,1.6511,0.0,0.0
1779816505712,1,Pitching Mound.Delivery,,Loading,pitch.0,334043,0.8678,0.0516,1.4047,1.2997,-1.249,2.1268,0.0,0.0
1779816505712,1,Pitching Mound.Drive,,Loading,pitch.0,334556,-2.7382,10.9528,92.0485,54.4469,23.8829,10.0276,-0.0275,0.0628
1779816505712,1,Pitching Mound.Parent,,Loading,pitch.0,333750,-1.8704,11.0045,93.4531,55.7466,22.6339,12.1543,-0.0271,0.0645
1779816505713,1,11.0000004b,Drive,Loading,pitch.0,334557,-2.7678,10.9962,92.0334,54.535,23.9369,10.0985,-0.0276,0.0629
1779816505713,1,12.00000015,Lower Delivery,Loading,pitch.0,334284,-0.2574,-0.7362,0.9782,-0.093,-0.0039,-0.0053,0.0,0.0
1779816505713,1,12.00000018,Upper Delivery,Loading,pitch.0,334840,1.131,0.8311,0.3499,1.13,-1.2161,1.7047,0.0,0.0
1779816505713,1,Pitching Mound.Delivery,,Loading,pitch.0,334044,0.8736,0.0949,1.3282,1.2506,-1.22,2.1714,0.0,0.0
1779816505713,1,Pitching Mound.Drive,,Loading,pitch.0,334557,-2.7678,10.9962,92.0334,54.535,23.9369,10.0985,-0.0276,0.0629
1779816505713,1,Pitching Mound.Parent,,Loading,pitch.0,333751,-1.8942,11.0911,93.3616,55.7856,22.717,12.2699,-0.0272,0.0643
1779816505714,1,11.0000004b,Drive,Loading,pitch.0,334558,-2.7879,11.0195,91.9059,54.5714,23.7974,10.2348,-0.0275,0.063
1779816505714,1,12.00000015,Lower Delivery,Loading,pitch.0,334285,-0.247,-0.7444,1.0152,-0.0839,0.0065,0.006,0.0,0.0
1779816505714,1,12.00000018,Upper Delivery,Loading,pitch.0,334841,1.1706,0.8768,0.3342,1.2799,-1.3523,1.7224,0.0,0.0
1779816505714,1,Pitching Mound.Delivery,,Loading,pitch.0,334045,0.9236,0.1323,1.3493,1.4275,-1.3458,2.2105,0.0,0.0
1779816505714,1,Pitching Mound.Drive,,Loading,pitch.0,334558,-2.7879,11.0195,91.9059,54.5714,23.7974,10.2348,-0.0275,0.063
1779816505714,1,Pitching Mound.Parent,,Loading,pitch.0,333752,-1.8643,11.1519,93.2552,55.999,22.4516,12.4452,-0.0271,0.0646
1779816505715,1,11.0000004b,Drive,Loading,pitch.0,334559,-2.8015,11.0603,91.9097,54.4842,23.5963,10.3829,-0.0273,0.0629
1779816505715,1,12.00000015,Lower Delivery,Loading,pitch.0,334286,-0.2355,-0.7355,0.983,-0.0942,-0.0025,0.0022,0.0,0.0
1779816505715,1,12.00000018,Upper Delivery,Loading,pitch.0,334842,1.1615,0.8402,0.3685,1.1012,-1.3966,1.6898,0.0,0.0
1779816505715,1,Pitching Mound.Delivery,,Loading,pitch.0,334046,0.926,0.1047,1.3515,1.216,-1.3991,2.167,0.0,0.0
1779816505715,1,Pitching Mound.Drive,,Loading,pitch.0,334559,-2.8015,11.0603,91.9097,54.4842,23.5963,10.3829,-0.0273,0.0629
1779816505715,1,Pitching Mound.Parent,,Loading,pitch.0,333753,-1.8754,11.165,93.2611,55.7002,22.1972,12.5499,-0.0269,0.0643
1779816505716,1,11.0000004b,Drive,Loading,pitch.0,334560,-2.8195,11.0969,91.9398,54.4754,23.6479,10.495,-0.0273,0.0629
1779816505716,1,12.00000015,Lower Delivery,Loading,pitch.0,334287,-0.2442,-0.7438,0.9898,-0.0914,-0.0025,0.0131,0.0,0.0
1779816505716,1,12.00000018,Upper Delivery,Loading,pitch.0,334843,1.1426,0.8619,0.4127,1.0539,-1.3827,1.6829,0.0,0.0
1779816505716,1,Pitching Mound.Delivery,,Loading,pitch.0,334047,0.8984,0.1181,1.4026,1.1587,-1.3852,2.1675,0.0,0.0
1779816505716,1,Pitching Mound.Drive,,Loading,pitch.0,334560,-2.8195,11.0969,91.9398,54.4754,23.6479,10.495,-0.0273,0.0629
1779816505716,1,Pitching Mound.Parent,,Loading,pitch.0,333754,-1.9211,11.215,93.3423,55.634,22.2627,12.6626,-0.0269,0.0641
1779816505717,1,11.0000004b,Drive,Loading,pitch.0,334561,-2.842,11.1288,91.9783,54.5684,23.5582,10.5897,-0.0272,0.063
1779816505717,1,12.00000015,Lower Delivery,Loading,pitch.0,334288,-0.2437,-0.7469,1.0256,-0.0774,-0.0015,0.097,0.0,0.0
1779816505717,1,12.00000018,Upper Delivery,Loading,pitch.0,334844,1.1459,0.9247,0.4633,0.8612,-1.4236,1.6642,0.0,0.0
1779816505717,1,Pitching Mound.Delivery,,Loading,pitch.0,334048,0.9022,0.1778,1.4889,0.975,-1.4251,2.2337,0.0,0.0
1779816505717,1,Pitching Mound.Drive,,Loading,pitch.0,334561,-2.842,11.1288,91.9783,54.5684,23.5582,10.5897,-0.0272,0.063
1779816505717,1,Pitching Mound.Parent,,Loading,pitch.0,333755,-1.9397,11.3066,93.4673,55.5434,22.1331,12.8234,-0.0268,0.064
1779816505718,1,11.0000004b,Drive,Loading,pitch.0,334562,-2.8693,11.1637,91.8786,54.526,23.5226,10.6972,-0.0272,0.063
1779816505718,1,12.00000015,Lower Delivery,Loading,pitch.0,334289,-0.2506,-0.7333,1.0377,-0.0815,0.0002,0.0548,0.0,0.0
1779816505718,1,12.00000018,Upper Delivery,Loading,pitch.0,334845,1.1477,0.9542,0.5027,0.8186,-1.3618,1.6148,0.0,0.0
1779816505718,1,Pitching Mound.Delivery,,Loading,pitch.0,334049,0.897,0.2209,1.5404,0.919,-1.3616,2.1451,0.0,0.0
1779816505718,1,Pitching Mound.Drive,,Loading,pitch.0,334562,-2.8693,11.1637,91.8786,54.526,23.5226,10.6972,-0.0272,0.063
1779816505718,1,Pitching Mound.Parent,,Loading,pitch.0,333756,-1.9722,11.3846,93.419,55.445,22.161,12.8423,-0.0267,0.0639
1779816505719,1,11.0000004b,Drive,Loading,pitch.0,334563,-2.9006,11.1871,91.9735,54.4938,23.4853,10.7863,-0.0271,0.0629
1779816505719,1,12.00000015,Lower Delivery,Loading,pitch.0,334290,-0.2398,-0.7154,1.0147,-0.0841,-0.0042,0.0396,0.0,0.0
1779816505719,1,12.00000018,Upper Delivery,Loading,pitch.0,334846,1.1801,0.9734,0.3881,0.7004,-1.3605,1.6311,0.0,0.0
1779816505719,1,Pitching Mound.Delivery,,Loading,pitch.0,334050,0.9403,0.258,1.4028,0.8294,-1.3647,2.1534,0.0,0.0
1779816505719,1,Pitching Mound.Drive,,Loading,pitch.0,334563,-2.9006,11.1871,91.9735,54.4938,23.4853,10.7863,-0.0271,0.0629
1779816505719,1,Pitching Mound.Parent,,Loading,pitch.0,333757,-1.9603,11.4451,93.3764,55.3233,22.1206,12.9397,-0.0267,0.0642
1779816505720,1,11.0000004b,Drive,Loading,pitch.0,334564,-2.9153,11.2249,91.8645,54.5392,23.3922,10.9446,-0.027,0.063
1779816505720,1,12.00000015,Lower Delivery,Loading,pitch.0,334291,-0.2482,-0.7393,0.9251,-0.089,-0.0064,0.0176,0.0,0.0
1779816505720,1,12.00000018,Upper Delivery,Loading,pitch.0,334847,1.1933,0.9744,0.3913,0.8846,-1.2485,1.6188,0.0,0.0
1779816505720,1,Pitching Mound.Delivery,,Loading,pitch.0,334051,0.9452,0.2352,1.3164,0.977,-1.2549,2.1265,0.0,0.0
1779816505720,1,Pitching Mound.Drive,,Loading,pitch.0,334564,-2.9153,11.2249,91.8645,54.5392,23.3922,10.9446,-0.027,0.063
1779816505720,1,Pitching Mound.Parent,,Loading,pitch.0,333758,-1.9701,11.46,93.1808,55.5163,22.1373,13.0711,-0.0267,0.0641
1779816505721,1,11.0000004b,Drive,Loading,pitch.0,334565,-2.9471,11.244,91.9684,54.5776,23.3879,11.0529,-0.027,0.063
1779816505721,1,12.00000015,Lower Delivery,Loading,pitch.0,334292,-0.2371,-0.7513,0.8983,-0.0862,-0.006,0.0178,0.0,0.0
1779816505721,1,12.00000018,Upper Delivery,Loading,pitch.0,334848,1.1565,0.975,0.4655,0.9374,-1.2688,1.6326,0.0,0.0
1779816505721,1,Pitching Mound.Delivery,,Loading,pitch.0,334052,0.9194,0.2237,1.3638,0.9984,-1.2749,2.1242,0.0,0.0
1779816505721,1,Pitching Mound.Drive,,Loading,pitch.0,334565,-2.9471,11.244,91.9684,54.5776,23.3879,11.0529,-0.027,0.063
1779816505721,1,Pitching Mound.Parent,,Loading,pitch.0,333759,-2.0277,11.4677,93.3323,55.576,22.113,13.1772,-0.0266,0.0637
1779816505722,1,11.0000004b,Drive,Loading,pitch.0,334566,-2.9746,11.2776,91.9529,54.6706,23.3629,11.1402,-0.027,0.0631
1779816505722,1,12.00000015,Lower Delivery,Loading,pitch.0,334293,-0.2264,-0.7075,0.8795,-0.083,-0.0004,0.0481,0.0,0.0
1779816505722,1,12.00000018,Upper Delivery,Loading,pitch.0,334849,1.1423,1.0064,0.5211,0.908,-1.0243,1.6357,0.0,0.0
1779816505722,1,Pitching Mound.Delivery,,Loading,pitch.0,334053,0.9159,0.2989,1.4006,0.9468,-1.0248,2.1491,0.0,0.0
1779816505722,1,Pitching Mound.Drive,,Loading,pitch.0,334566,-2.9746,11.2776,91.9529,54.6706,23.3629,11.1402,-0.027,0.0631
1779816505722,1,Pitching Mound.Parent,,Loading,pitch.0,333760,-2.0586,11.5765,93.3535,55.6174,22.3381,13.2893,-0.0266,0.0635
1779816505723,1,11.0000004b,Drive,Loading,pitch.0,334567,-2.9951,11.3082,92.0055,54.6369,23.1368,11.2746,-0.0267,0.063
1779816505723,1,12.00000015,Lower Delivery,Loading,pitch.0,334294,-0.2212,-0.6868,0.8316,-0.081,0.0054,0.0135,0.0,0.0
1779816505723,1,12.00000018,Upper Delivery,Loading,pitch.0,334850,1.1515,1.0431,0.5615,1.1435,-0.7957,1.6442,0.0,0.0
1779816505723,1,Pitching Mound.Delivery,,Loading,pitch.0,334054,0.9303,0.3563,1.3931,1.1544,-0.7903,2.1244,0.0,0.0
1779816505723,1,Pitching Mound.Drive,,Loading,pitch.0,334567,-2.9951,11.3082,92.0055,54.6369,23.1368,11.2746,-0.0267,0.063
1779816505723,1,Pitching Mound.Parent,,Loading,pitch.0,333761,-2.0648,11.6645,93.3985,55.7912,22.3465,13.399,-0.0263,0.0631
1779816505724,1,11.0000004b,Drive,Loading,pitch.0,334568,-3.0249,11.339,92.0182,54.657,23.1529,11.3897,-0.0267,0.0631
1779816505724,1,12.00000015,Lower Delivery,Loading,pitch.0,334295,-0.2217,-0.6941,0.9188,-0.0861,0.0009,0.0014,0.0,0.0
1779816505724,1,12.00000018,Upper Delivery,Loading,pitch.0,334851,1.1211,1.0017,0.5392,1.1321,-0.746,1.6297,0.0,0.0
1779816505724,1,Pitching Mound.Delivery,,Loading,pitch.0,334055,0.8995,0.3076,1.458,1.175,-0.7451,2.0877,0.0,0.0
1779816505724,1,Pitching Mound.Drive,,Loading,pitch.0,334568,-3.0249,11.339,92.0182,54.657,23.1529,11.3897,-0.0267,0.0631
1779816505724,1,Pitching Mound.Parent,,Loading,pitch.0,333762,-2.1255,11.6466,93.4762,55.8321,22.4078,13.4773,-0.0263,0.0635
1779816505725,1,11.0000004b,Drive,Loading,pitch.0,334569,-3.0589,11.3804,91.9969,54.617,23.0624,11.4851,-0.0266,0.063
1779816505725,1,12.00000015,Lower Delivery,Loading,pitch.0,334296,-0.2179,-0.6778,0.8688,-0.0816,-0.0032,-0.0054,0.0,0.0
1779816505725,1,12.00000018,Upper Delivery,Loading,pitch.0,334852,1.1159,0.9753,0.5197,1.0432,-0.7315,1.5685,0.0,0.0
1779816505725,1,Pitching Mound.Delivery,,Loading,pitch.0,334056,0.898,0.2975,1.3885,1.0804,-0.7346,2.0166,0.0,0.0
1779816505725,1,Pitching Mound.Drive,,Loading,pitch.0,334569,-3.0589,11.3804,91.9969,54.617,23.0624,11.4851,-0.0266,0.063
1779816505725,1,Pitching Mound.Parent,,Loading,pitch.0,333763,-2.161,11.6779,93.3854,55.6974,22.3278,13.5017,-0.0262,0.0634
1779816505726,1,11.0000004b,Drive,Loading,pitch.0,334570,-3.0925,11.4194,91.967,54.6262,22.9593,11.5871,-0.0265,0.0631
1779816505726,1,12.00000015,Lower Delivery,Loading,pitch.0,334297,-0.2127,-0.6764,0.8137,-0.0788,-0.0026,-0.0046,0.0,0.0
1779816505726,1,12.00000018,Upper Delivery,Loading,pitch.0,334853,1.0999,0.9683,0.4894,0.9619,-0.8095,1.6311,0.0,0.0
1779816505726,1,Pitching Mound.Delivery,,Loading,pitch.0,334057,0.8871,0.2919,1.303,0.9934,-0.8121,2.0728,0.0,0.0
1779816505726,1,Pitching Mound.Drive,,Loading,pitch.0,334570,-3.0925,11.4194,91.967,54.6262,22.9593,11.5871,-0.0265,0.0631
1779816505726,1,Pitching Mound.Parent,,Loading,pitch.0,333764,-2.2053,11.7113,93.27,55.6197,22.1472,13.6599,-0.0261,0.0634
1779816505727,1,11.0000004b,Drive,Loading,pitch.0,334571,-3.1259,11.4545,91.8682,54.6506,22.8435,11.7118,-0.0264,0.0632
1779816505727,1,12.00000015,Lower Delivery,Loading,pitch.0,334298,-0.1986,-0.6789,0.8632,-0.074,-0.0103,-0.0114,0.0,0.0
1779816505727,1,12.00000018,Upper Delivery,Loading,pitch.0,334854,1.1436,0.9758,0.424,1.0091,-0.8914,1.6462,0.0,0.0
1779816505727,1,Pitching Mound.Delivery,,Loading,pitch.0,334058,0.945,0.2969,1.2873,1.0844,-0.9017,2.0911,0.0,0.0
1779816505727,1,Pitching Mound.Drive,,Loading,pitch.0,334571,-3.1259,11.4545,91.8682,54.6506,22.8435,11.7118,-0.0264,0.0632
1779816505727,1,Pitching Mound.Parent,,Loading,pitch.0,333765,-2.1809,11.7515,93.1555,55.735,21.9418,13.8029,-0.026,0.0639
1779816505728,1,11.0000004b,Drive,Loading,pitch.0,334572,-3.1412,11.4952,91.7898,54.6084,22.6951,11.8455,-0.0262,0.0632
1779816505728,1,11.0000004b,Drive,Loading,pitch.0,334573,-3.1609,11.5398,91.8384,54.6572,22.5573,11.9601,-0.0261,0.0632
1779816505728,1,12.00000015,Lower Delivery,Loading,pitch.0,334299,-0.1997,-0.6558,0.8532,-0.0798,-0.0122,-0.02,0.0,0.0
1779816505728,1,12.00000018,Upper Delivery,Loading,pitch.0,334855,1.0989,0.9346,0.4393,1.0907,-0.9089,1.6667,0.0,0.0
1779816505728,1,Pitching Mound.Delivery,,Loading,pitch.0,334059,0.8992,0.2788,1.2925,1.1517,-0.921,2.0883,0.0,0.0
1779816505728,1,Pitching Mound.Drive,,Loading,pitch.0,334572,-3.1412,11.4952,91.7898,54.6084,22.6951,11.8455,-0.0262,0.0632
1779816505728,1,Pitching Mound.Drive,,Loading,pitch.0,334573,-3.1609,11.5398,91.8384,54.6572,22.5573,11.9601,-0.0261,0.0632
1779816505728,1,Pitching Mound.Parent,,Loading,pitch.0,333766,-2.242,11.774,93.0823,55.76,21.774,13.9338,-0.0259,0.0638
1779816505729,1,12.00000015,Lower Delivery,Loading,pitch.0,334300,-0.1853,-0.665,0.8392,-0.0796,-0.0208,-0.0204,0.0,0.0
1779816505729,1,12.00000018,Upper Delivery,Loading,pitch.0,334856,1.1031,0.9411,0.4164,1.1992,-0.8859,1.7024,0.0,0.0
1779816505729,1,Pitching Mound.Delivery,,Loading,pitch.0,334060,0.9179,0.2761,1.2556,1.2634,-0.9067,2.1201,0.0,0.0
1779816505729,1,Pitching Mound.Parent,,Loading,pitch.0,333767,-2.2431,11.8159,93.094,55.9206,21.6507,14.0802,-0.0257,0.0639
1779816505730,1,11.0000004b,Drive,Loading,pitch.0,334575,-3.209,11.6284,91.6248,54.8465,22.4658,12.219,-0.026,0.0635
1779816505730,1,11.0000004b,Drive,Loading,pitch.0,334574,-3.1852,11.5863,91.6518,54.7937,22.5937,12.0786,-0.0262,0.0635
1779816505730,1,12.00000015,Lower Delivery,Loading,pitch.0,334301,-0.1848,-0.6913,0.8779,-0.0785,-0.0193,-0.0212,0.0,0.0
1779816505730,1,12.00000018,Upper Delivery,Loading,pitch.0,334857,1.0703,0.8998,0.4347,1.4001,-0.7243,1.6381,0.0,0.0
1779816505730,1,Pitching Mound.Delivery,,Loading,pitch.0,334061,0.8855,0.2085,1.3126,1.4723,-0.7436,2.0436,0.0,0.0
1779816505730,1,Pitching Mound.Drive,,Loading,pitch.0,334575,-3.209,11.6284,91.6248,54.8465,22.4658,12.219,-0.026,0.0635
1779816505730,1,Pitching Mound.Drive,,Loading,pitch.0,334574,-3.1852,11.5863,91.6518,54.7937,22.5937,12.0786,-0.0262,0.0635
1779816505730,1,Pitching Mound.Parent,,Loading,pitch.0,333768,-2.2997,11.7949,92.9644,56.266,21.8502,14.1222,-0.0258,0.0642
1779816505731,1,12.00000015,Lower Delivery,Loading,pitch.0,334302,-0.1877,-0.64,0.8068,-0.0825,-0.0264,-0.0231,0.0,0.0
1779816505731,1,12.00000018,Upper Delivery,Loading,pitch.0,334858,1.0858,0.913,0.3358,1.3984,-0.7633,1.6951,0.0,0.0
1779816505731,1,Pitching Mound.Delivery,,Loading,pitch.0,334062,0.8981,0.273,1.1426,1.476,-0.7897,2.1049,0.0,0.0
1779816505731,1,Pitching Mound.Parent,,Loading,pitch.0,333769,-2.3109,11.9014,92.7674,56.3225,21.6761,14.3239,-0.0257,0.0645
1779816505732,1,11.0000004b,Drive,Loading,pitch.0,334576,-3.2274,11.6862,91.5888,54.9082,22.2318,12.3325,-0.0258,0.0636
1779816505732,1,12.00000015,Lower Delivery,Loading,pitch.0,334303,-0.1967,-0.6511,0.9055,-0.0801,-0.0222,-0.0205,0.0,0.0
1779816505732,1,12.00000018,Upper Delivery,Loading,pitch.0,334859,1.0958,0.856,0.2804,1.3294,-0.8985,1.7063,0.0,0.0
1779816505732,1,Pitching Mound.Delivery,,Loading,pitch.0,334063,0.8991,0.2049,1.1858,1.4618,-0.9206,2.1253,0.0,0.0
1779816505732,1,Pitching Mound.Drive,,Loading,pitch.0,334576,-3.2274,11.6862,91.5888,54.9082,22.2318,12.3325,-0.0258,0.0636
1779816505732,1,Pitching Mound.Parent,,Loading,pitch.0,333770,-2.3283,11.891,92.7746,56.37,21.3112,14.4578,-0.0254,0.0651
1779816505733,1,11.0000004b,Drive,Loading,pitch.0,334577,-3.2654,11.7269,91.4003,54.9329,22.1883,12.4459,-0.0258,0.0638
1779816505733,1,12.00000015,Lower Delivery,Loading,pitch.0,334304,-0.2237,-0.6717,0.883,-0.0731,-0.0171,-0.0172,0.0,0.0
1779816505733,1,12.00000018,Upper Delivery,Loading,pitch.0,334860,1.1202,0.8262,0.2433,1.3401,-1.1003,1.7325,0.0,0.0
1779816505733,1,Pitching Mound.Delivery,,Loading,pitch.0,334064,0.8965,0.1545,1.1263,1.4845,-1.1174,2.1722,0.0,0.0
1779816505733,1,Pitching Mound.Drive,,Loading,pitch.0,334577,-3.2654,11.7269,91.4003,54.9329,22.1883,12.4459,-0.0258,0.0638
1779816505733,1,Pitching Mound.Parent,,Loading,pitch.0,333771,-2.3689,11.8814,92.5266,56.4174,21.071,14.6181,-0.0255,0.0654
1779816505734,1,11.0000004b,Drive,Loading,pitch.0,334578,-3.2949,11.7519,91.3632,54.9417,22.2187,12.5625,-0.0258,0.0638
1779816505734,1,11.0000004b,Drive,Loading,pitch.0,334579,-3.3217,11.7809,91.2364,54.9838,22.0102,12.6727,-0.0256,0.064
1779816505734,1,12.00000015,Lower Delivery,Loading,pitch.0,334305,-0.2531,-0.6758,0.8332,-0.0769,-0.0187,-0.0169,0.0,0.0
1779816505734,1,12.00000018,Upper Delivery,Loading,pitch.0,334861,1.1356,0.8184,0.1552,1.3006,-1.1542,1.7065,0.0,0.0
1779816505734,1,Pitching Mound.Delivery,,Loading,pitch.0,334065,0.8825,0.1426,0.9885,1.4543,-1.1729,2.1618,0.0,0.0
1779816505734,1,Pitching Mound.Drive,,Loading,pitch.0,334578,-3.2949,11.7519,91.3632,54.9417,22.2187,12.5625,-0.0258,0.0638
1779816505734,1,Pitching Mound.Drive,,Loading,pitch.0,334579,-3.3217,11.7809,91.2364,54.9838,22.0102,12.6727,-0.0256,0.064
1779816505734,1,Pitching Mound.Parent,,Loading,pitch.0,333772,-2.4124,11.8945,92.3517,56.3959,21.0459,14.7243,-0.0255,0.0657
1779816505735,1,11.0000004b,Drive,Loading,pitch.0,334580,-3.3769,11.8116,91.1773,55.0065,22.0154,12.7947,-0.0256,0.064
1779816505735,1,12.00000015,Lower Delivery,Loading,pitch.0,334306,-0.2561,-0.6838,0.8746,-0.0695,-0.0081,-0.0139,0.0,0.0
1779816505735,1,12.00000018,Upper Delivery,Loading,pitch.0,334862,1.1281,0.834,0.2002,1.3291,-1.1032,1.6625,0.0,0.0
1779816505735,1,Pitching Mound.Delivery,,Loading,pitch.0,334066,0.872,0.1502,1.0748,1.4889,-1.1113,2.1193,0.0,0.0
1779816505735,1,Pitching Mound.Drive,,Loading,pitch.0,334580,-3.3769,11.8116,91.1773,55.0065,22.0154,12.7947,-0.0256,0.064
1779816505735,1,Pitching Mound.Parent,,Loading,pitch.0,333773,-2.4496,11.931,92.3112,56.4727,20.8989,14.792,-0.0253,0.0657
1779816505736,1,12.00000015,Lower Delivery,Loading,pitch.0,334307,-0.2783,-0.6748,0.8559,-0.0695,0.0026,-0.0069,0.0,0.0
1779816505736,1,12.00000018,Upper Delivery,Loading,pitch.0,334863,1.1441,0.8116,0.2326,1.2004,-0.9804,1.7359,0.0,0.0
1779816505736,1,Pitching Mound.Delivery,,Loading,pitch.0,334067,0.8658,0.1368,1.0885,1.3428,-0.9777,2.2126,0.0,0.0
1779816505736,1,Pitching Mound.Parent,,Loading,pitch.0,333774,-2.5111,11.9485,92.2658,56.3493,21.0377,15.0073,-0.0253,0.0656
1779816505737,1,11.0000004b,Drive,Loading,pitch.0,334581,-3.411,11.8414,91.048,55.0321,21.8627,12.9178,-0.0255,0.0642
1779816505737,1,11.0000004b,Drive,Loading,pitch.0,334582,-3.4602,11.8596,90.9846,55.0524,21.7337,13.0223,-0.0254,0.0642
1779816505737,1,12.00000015,Lower Delivery,Loading,pitch.0,334308,-0.2772,-0.6705,0.8755,-0.0651,0.0136,0.0029,0.0,0.0
1779816505737,1,12.00000018,Upper Delivery,Loading,pitch.0,334864,1.1738,0.8545,0.1898,1.2104,-0.7785,1.6907,0.0,0.0
1779816505737,1,Pitching Mound.Delivery,,Loading,pitch.0,334068,0.8966,0.184,1.0653,1.3784,-0.7649,2.1869,0.0,0.0
1779816505737,1,Pitching Mound.Drive,,Loading,pitch.0,334581,-3.411,11.8414,91.048,55.0321,21.8627,12.9178,-0.0255,0.0642
1779816505737,1,Pitching Mound.Drive,,Loading,pitch.0,334582,-3.4602,11.8596,90.9846,55.0524,21.7337,13.0223,-0.0254,0.0642
1779816505737,1,Pitching Mound.Parent,,Loading,pitch.0,333775,-2.5143,12.0254,92.1133,56.4105,21.0978,15.1048,-0.0252,0.066
1779816505738,1,12.00000015,Lower Delivery,Loading,pitch.0,334309,-0.276,-0.6665,0.8827,-0.0712,0.0068,0.0063,0.0,0.0
1779816505738,1,12.00000018,Upper Delivery,Loading,pitch.0,334865,1.1452,0.8332,0.2346,1.1377,-0.6062,1.7051,0.0,0.0
1779816505738,1,Pitching Mound.Delivery,,Loading,pitch.0,334069,0.8693,0.1666,1.1173,1.2868,-0.5994,2.1946,0.0,0.0
1779816505738,1,Pitching Mound.Parent,,Loading,pitch.0,333776,-2.5909,12.0263,92.1018,56.3393,21.1343,15.2169,-0.0251,0.0658
1779816505739,1,11.0000004b,Drive,Loading,pitch.0,334584,-3.5443,11.9148,90.8494,55.1173,21.6065,13.2868,-0.0252,0.0644
1779816505739,1,11.0000004b,Drive,Loading,pitch.0,334583,-3.5065,11.8796,90.876,55.0372,21.649,13.1815,-0.0253,0.0643
1779816505739,1,12.00000015,Lower Delivery,Loading,pitch.0,334310,-0.2769,-0.6765,0.8334,-0.0764,0.0111,0.0025,0.0,0.0
1779816505739,1,12.00000018,Upper Delivery,Loading,pitch.0,334866,1.1772,0.8391,0.2029,1.0752,-0.5163,1.7045,0.0,0.0
1779816505739,1,Pitching Mound.Delivery,,Loading,pitch.0,334070,0.9003,0.1627,1.0363,1.2132,-0.5052,2.2013,0.0,0.0
1779816505739,1,Pitching Mound.Drive,,Loading,pitch.0,334584,-3.5443,11.9148,90.8494,55.1173,21.6065,13.2868,-0.0252,0.0644
1779816505739,1,Pitching Mound.Drive,,Loading,pitch.0,334583,-3.5065,11.8796,90.876,55.0372,21.649,13.1815,-0.0253,0.0643
1779816505739,1,Pitching Mound.Parent,,Loading,pitch.0,333777,-2.6062,12.0423,91.9123,56.2504,21.1437,15.3828,-0.025,0.0659
1779816505740,1,11.0000004b,Drive,Loading,pitch.0,334585,-3.5774,11.9363,90.7369,55.1581,21.5217,13.4191,-0.0252,0.0645
1779816505740,1,12.00000015,Lower Delivery,Loading,pitch.0,334311,-0.261,-0.6607,0.7916,-0.074,0.0181,0.0,0.0,0.0
1779816505740,1,12.00000018,Upper Delivery,Loading,pitch.0,334867,1.1675,0.8475,0.1989,1.0826,-0.4718,1.6577,0.0,0.0
1779816505740,1,Pitching Mound.Delivery,,Loading,pitch.0,334071,0.9065,0.1868,0.9906,1.2101,-0.4537,2.1434,0.0,0.0
1779816505740,1,Pitching Mound.Drive,,Loading,pitch.0,334585,-3.5774,11.9363,90.7369,55.1581,21.5217,13.4191,-0.0252,0.0645
1779816505740,1,Pitching Mound.Parent,,Loading,pitch.0,333778,-2.6379,12.1015,91.84,56.3274,21.1528,15.4302,-0.025,0.0659
1779816505741,1,11.0000004b,Drive,Loading,pitch.0,334586,-3.6382,11.9432,90.7152,55.2067,21.3735,13.5042,-0.025,0.0646
1779816505741,1,12.00000015,Lower Delivery,Loading,pitch.0,334312,-0.2561,-0.6796,0.8416,-0.08,0.0093,0.0107,0.0,0.0
1779816505741,1,12.00000018,Upper Delivery,Loading,pitch.0,334868,1.191,0.8821,0.1991,1.1409,-0.5661,1.6105,0.0,0.0
1779816505741,1,Pitching Mound.Delivery,,Loading,pitch.0,334072,0.9349,0.2025,1.0407,1.2794,-0.5568,2.1132,0.0,0.0
1779816505741,1,Pitching Mound.Drive,,Loading,pitch.0,334586,-3.6382,11.9432,90.7152,55.2067,21.3735,13.5042,-0.025,0.0646
1779816505741,1,Pitching Mound.Parent,,Loading,pitch.0,333779,-2.6424,12.1388,91.7776,56.4375,20.9649,15.5323,-0.0249,0.0662
1779816505742,1,11.0000004b,Drive,Loading,pitch.0,334587,-3.6751,11.9469,90.5849,55.2256,21.2058,13.6477,-0.0249,0.0647
1779816505742,1,12.00000015,Lower Delivery,Loading,pitch.0,334313,-0.242,-0.6801,0.8807,-0.0793,0.0074,0.0095,0.0,0.0
1779816505742,1,12.00000018,Upper Delivery,Loading,pitch.0,334869,1.1633,0.8565,0.2938,1.1039,-0.5374,1.5877,0.0,0.0
1779816505742,1,Pitching Mound.Delivery,,Loading,pitch.0,334073,0.9213,0.1765,1.1744,1.2242,-0.53,2.075,0.0,0.0
1779816505742,1,Pitching Mound.Drive,,Loading,pitch.0,334587,-3.6751,11.9469,90.5849,55.2256,21.2058,13.6477,-0.0249,0.0647
1779816505742,1,Pitching Mound.Parent,,Loading,pitch.0,333780,-2.717,12.1196,91.8897,56.4308,20.8435,15.5792,-0.0247,0.066
1779816505743,1,11.0000004b,Drive,Loading,pitch.0,334588,-3.728,11.9448,90.567,55.2976,21.1862,13.775,-0.0248,0.0648
1779816505743,1,12.00000015,Lower Delivery,Loading,pitch.0,334314,-0.2538,-0.6614,0.8508,-0.0627,0.0107,0.0228,0.0,0.0
1779816505743,1,12.00000018,Upper Delivery,Loading,pitch.0,334870,1.1648,0.873,0.2921,1.1025,-0.5895,1.5528,0.0,0.0
1779816505743,1,Pitching Mound.Delivery,,Loading,pitch.0,334074,0.911,0.2116,1.1429,1.2298,-0.5788,2.058,0.0,0.0
1779816505743,1,Pitching Mound.Drive,,Loading,pitch.0,334588,-3.728,11.9448,90.567,55.2976,21.1862,13.775,-0.0248,0.0648
1779816505743,1,Pitching Mound.Parent,,Loading,pitch.0,333781,-2.7641,12.1585,91.7278,56.4554,20.627,15.7057,-0.0245,0.066
1779816505744,1,11.0000004b,Drive,Loading,pitch.0,334589,-3.7655,11.9656,90.4322,55.2751,20.9619,13.8954,-0.0246,0.0649
1779816505744,1,12.00000015,Lower Delivery,Loading,pitch.0,334315,-0.2551,-0.6844,0.8889,-0.0694,0.0042,0.0109,0.0,0.0
1779816505744,1,12.00000018,Upper Delivery,Loading,pitch.0,334871,1.1392,0.8992,0.3037,1.0909,-0.5909,1.5493,0.0,0.0
1779816505744,1,Pitching Mound.Delivery,,Loading,pitch.0,334075,0.8842,0.2148,1.1927,1.2205,-0.5867,2.0342,0.0,0.0
1779816505744,1,Pitching Mound.Drive,,Loading,pitch.0,334589,-3.7655,11.9656,90.4322,55.2751,20.9619,13.8954,-0.0246,0.0649
1779816505744,1,Pitching Mound.Parent,,Loading,pitch.0,333782,-2.8438,12.1596,91.7597,56.518,20.5995,15.8092,-0.0245,0.0661
1779816505745,1,11.0000004b,Drive,Loading,pitch.0,334590,-3.8107,11.9607,90.3393,55.4801,20.7352,14.0057,-0.0244,0.0652
1779816505745,1,12.00000015,Lower Delivery,Loading,pitch.0,334316,-0.2469,-0.6848,0.9496,-0.0756,-0.0038,-0.0052,0.0,0.0
1779816505745,1,12.00000018,Upper Delivery,Loading,pitch.0,334872,1.1023,0.9358,0.3672,1.0908,-0.5902,1.6185,0.0,0.0
1779816505745,1,Pitching Mound.Delivery,,Loading,pitch.0,334076,0.8554,0.2511,1.3167,1.2133,-0.594,2.072,0.0,0.0
1779816505745,1,Pitching Mound.Drive,,Loading,pitch.0,334590,-3.8107,11.9607,90.3393,55.4801,20.7352,14.0057,-0.0244,0.0652
1779816505745,1,Pitching Mound.Parent,,Loading,pitch.0,333783,-2.9101,12.2166,91.7489,56.4884,20.368,15.9674,-0.0243,0.0661
1779816505746,1,11.0000004b,Drive,Loading,pitch.0,334591,-3.8369,11.9749,90.2963,55.4448,20.633,14.1342,-0.0243,0.0652
1779816505746,1,12.00000015,Lower Delivery,Loading,pitch.0,334317,-0.2435,-0.7028,1.077,-0.0795,-0.0106,0.0023,0.0,0.0
1779816505746,1,12.00000018,Upper Delivery,Loading,pitch.0,334873,1.0692,0.8724,0.4121,1.1237,-0.8617,1.633,0.0,0.0
1779816505746,1,Pitching Mound.Delivery,,Loading,pitch.0,334077,0.8258,0.1696,1.4891,1.2703,-0.8724,2.0816,0.0,0.0
1779816505746,1,Pitching Mound.Drive,,Loading,pitch.0,334591,-3.8369,11.9749,90.2963,55.4448,20.633,14.1342,-0.0243,0.0652
1779816505746,1,Pitching Mound.Parent,,Loading,pitch.0,333784,-2.9849,12.1303,91.8284,56.7504,19.8629,16.0873,-0.024,0.0666
1779816505747,1,11.0000004b,Drive,Loading,pitch.0,334592,-3.8732,11.9731,90.1567,55.3901,20.4294,14.2565,-0.0241,0.0652
1779816505747,1,12.00000015,Lower Delivery,Loading,pitch.0,334318,-0.2391,-0.6879,1.0831,-0.0864,-0.0216,-0.0117,0.0,0.0
1779816505747,1,12.00000018,Upper Delivery,Loading,pitch.0,334874,1.0388,0.9032,0.5141,1.1293,-0.8543,1.6161,0.0,0.0
1779816505747,1,Pitching Mound.Delivery,,Loading,pitch.0,334078,0.7997,0.2153,1.5972,1.2363,-0.8759,2.0389,0.0,0.0
1779816505747,1,Pitching Mound.Drive,,Loading,pitch.0,334592,-3.8732,11.9731,90.1567,55.3901,20.4294,14.2565,-0.0241,0.0652
1779816505747,1,Pitching Mound.Parent,,Loading,pitch.0,333785,-3.0373,12.1902,91.8935,56.6811,19.7571,16.173,-0.0238,0.0662
1779816505748,1,11.0000004b,Drive,Loading,pitch.0,334593,-3.9088,11.9771,90.032,55.3472,20.2988,14.378,-0.0239,0.0653
1779816505748,1,12.00000015,Lower Delivery,Loading,pitch.0,334319,-0.2374,-0.7064,0.9796,-0.0828,-0.0165,-0.0149,0.0,0.0
1779816505748,1,12.00000018,Upper Delivery,Loading,pitch.0,334875,1.0233,0.8508,0.5046,1.1013,-0.9606,1.6192,0.0,0.0
1779816505748,1,Pitching Mound.Delivery,,Loading,pitch.0,334079,0.7859,0.1443,1.4843,1.18,-0.9771,2.0329,0.0,0.0
1779816505748,1,Pitching Mound.Drive,,Loading,pitch.0,334593,-3.9088,11.9771,90.032,55.3472,20.2988,14.378,-0.0239,0.0653
1779816505748,1,Pitching Mound.Parent,,Loading,pitch.0,333786,-3.0874,12.1174,91.641,56.57,19.4523,16.2895,-0.0237,0.0659
1779816505749,1,11.0000004b,Drive,Loading,pitch.0,334594,-3.943,11.9919,89.8635,55.3965,20.0991,14.4892,-0.0237,0.0654
1779816505749,1,12.00000015,Lower Delivery,Loading,pitch.0,334320,-0.2479,-0.6937,0.8977,-0.0787,-0.0147,-0.0171,0.0,0.0
1779816505749,1,12.00000018,Upper Delivery,Loading,pitch.0,334876,1.0114,0.8044,0.5258,1.0164,-0.7724,1.6776,0.0,0.0
1779816505749,1,Pitching Mound.Delivery,,Loading,pitch.0,334080,0.7635,0.1107,1.4235,1.0642,-0.7871,2.0886,0.0,0.0
1779816505749,1,Pitching Mound.Drive,,Loading,pitch.0,334594,-3.943,11.9919,89.8635,55.3965,20.0991,14.4892,-0.0237,0.0654
1779816505749,1,Pitching Mound.Parent,,Loading,pitch.0,333787,-3.1453,12.0878,91.4555,56.4113,19.5117,16.4666,-0.0236,0.0656
1779816505750,1,11.0000004b,Drive,Loading,pitch.0,334595,-3.9619,11.979,89.7789,55.3421,19.8923,14.5916,-0.0235,0.0654
1779816505750,1,12.00000015,Lower Delivery,Loading,pitch.0,334321,-0.2274,-0.6568,0.941,-0.0817,-0.0175,-0.0215,0.0,0.0
1779816505750,1,12.00000018,Upper Delivery,Loading,pitch.0,334877,0.9983,0.8556,0.5647,1.0621,-0.7512,1.6973,0.0,0.0
1779816505750,1,Pitching Mound.Delivery,,Loading,pitch.0,334081,0.7709,0.1988,1.5057,1.1083,-0.7688,2.0925,0.0,0.0
1779816505750,1,Pitching Mound.Drive,,Loading,pitch.0,334595,-3.9619,11.979,89.7789,55.3421,19.8923,14.5916,-0.0235,0.0654
1779816505750,1,Pitching Mound.Parent,,Loading,pitch.0,333788,-3.1722,12.1907,91.3691,56.5048,19.3303,16.5817,-0.0234,0.0658
1779816505751,1,11.0000004b,Drive,Loading,pitch.0,334596,-3.9848,11.9737,89.6659,55.328,19.879,14.7027,-0.0235,0.0655
1779816505751,1,12.00000015,Lower Delivery,Loading,pitch.0,334322,-0.2363,-0.6893,0.9663,-0.0881,-0.0138,-0.0203,0.0,0.0
1779816505751,1,12.00000018,Upper Delivery,Loading,pitch.0,334878,1.0392,0.821,0.5404,1.1819,-0.7522,1.7542,0.0,0.0
1779816505751,1,Pitching Mound.Delivery,,Loading,pitch.0,334082,0.8029,0.1317,1.5067,1.2386,-0.766,2.1676,0.0,0.0
1779816505751,1,Pitching Mound.Drive,,Loading,pitch.0,334596,-3.9848,11.9737,89.6659,55.328,19.879,14.7027,-0.0235,0.0655
1779816505751,1,Pitching Mound.Parent,,Loading,pitch.0,333789,-3.1589,12.1107,91.2856,56.5807,19.1263,16.7592,-0.0231,0.0659
1779816505752,1,11.0000004b,Drive,Loading,pitch.0,334597,-3.9901,11.968,89.5343,55.3025,19.8406,14.826,-0.0235,0.0656
1779816505752,1,12.00000015,Lower Delivery,Loading,pitch.0,334323,-0.2484,-0.6958,0.8767,-0.0841,-0.0048,-0.02,0.0,0.0
1779816505752,1,12.00000018,Upper Delivery,Loading,pitch.0,334879,1.0333,0.8341,0.5384,1.2417,-0.6507,1.7721,0.0,0.0
1779816505752,1,Pitching Mound.Delivery,,Loading,pitch.0,334083,0.785,0.1383,1.4151,1.2726,-0.6555,2.1879,0.0,0.0
1779816505752,1,Pitching Mound.Drive,,Loading,pitch.0,334597,-3.9901,11.968,89.5343,55.3025,19.8406,14.826,-0.0235,0.0656
1779816505752,1,Pitching Mound.Parent,,Loading,pitch.0,333790,-3.1998,12.1121,91.0809,56.6006,19.2236,16.8906,-0.0232,0.0658
1779816505753,1,11.0000004b,Drive,Loading,pitch.0,334598,-4.013,11.9572,89.4545,55.2507,19.754,14.9571,-0.0234,0.0656
1779816505753,1,12.00000015,Lower Delivery,Loading,pitch.0,334324,-0.2451,-0.6955,0.8959,-0.0875,-0.0161,-0.0186,0.0,0.0
1779816505753,1,12.00000018,Upper Delivery,Loading,pitch.0,334880,1.0512,0.8429,0.4861,1.1868,-0.906,1.7402,0.0,0.0
1779816505753,1,Pitching Mound.Delivery,,Loading,pitch.0,334084,0.8061,0.1473,1.382,1.2387,-0.9221,2.1623,0.0,0.0
1779816505753,1,Pitching Mound.Drive,,Loading,pitch.0,334598,-4.013,11.9572,89.4545,55.2507,19.754,14.9571,-0.0234,0.0656
1779816505753,1,Pitching Mound.Parent,,Loading,pitch.0,333791,-3.184,12.1154,90.9163,56.5412,18.9186,16.9883,-0.0232,0.0661
1779816505754,1,11.0000004b,Drive,Loading,pitch.0,334599,-4.0248,11.9428,89.2424,55.1908,19.662,15.0663,-0.0234,0.0657
1779816505754,1,12.00000015,Lower Delivery,Loading,pitch.0,334325,-0.2232,-0.6726,0.8494,-0.0941,-0.0213,-0.0154,0.0,0.0
1779816505754,1,12.00000018,Upper Delivery,Loading,pitch.0,334881,1.059,0.8713,0.4997,1.3195,-1.0205,1.7111,0.0,0.0
1779816505754,1,Pitching Mound.Delivery,,Loading,pitch.0,334085,0.8358,0.1987,1.3491,1.3442,-1.0418,2.1316,0.0,0.0
1779816505754,1,Pitching Mound.Drive,,Loading,pitch.0,334599,-4.0248,11.9428,89.2424,55.1908,19.662,15.0663,-0.0234,0.0657
1779816505754,1,Pitching Mound.Parent,,Loading,pitch.0,333792,-3.1772,12.1559,90.8036,56.595,18.7122,17.0887,-0.0231,0.0659
1779816505755,1,11.0000004b,Drive,Loading,pitch.0,334600,-4.0448,11.9206,89.1721,55.157,19.5482,15.18,-0.0233,0.0657
1779816505755,1,12.00000015,Lower Delivery,Loading,pitch.0,334326,-0.2179,-0.6461,0.7898,-0.0949,-0.0223,-0.0183,0.0,0.0
1779816505755,1,12.00000018,Upper Delivery,Loading,pitch.0,334882,1.0618,0.8383,0.5281,1.3759,-1.2275,1.6936,0.0,0.0
1779816505755,1,Pitching Mound.Delivery,,Loading,pitch.0,334086,0.8439,0.1922,1.3178,1.37,-1.2498,2.1104,0.0,0.0
1779816505755,1,Pitching Mound.Drive,,Loading,pitch.0,334600,-4.0448,11.9206,89.1721,55.157,19.5482,15.18,-0.0233,0.0657
1779816505755,1,Pitching Mound.Parent,,Loading,pitch.0,333793,-3.1809,12.135,90.5602,56.5607,18.4122,17.1767,-0.023,0.0657
1779816505756,1,11.0000004b,Drive,Loading,pitch.0,334601,-4.055,11.8985,89.0658,55.1113,19.4766,15.3051,-0.0232,0.0657
1779816505756,1,12.00000015,Lower Delivery,Loading,pitch.0,334327,-0.2134,-0.6517,0.8688,-0.0839,-0.0191,-0.0104,0.0,0.0
1779816505756,1,12.00000018,Upper Delivery,Loading,pitch.0,334883,1.0828,0.8524,0.5005,1.3588,-1.2612,1.6956,0.0,0.0
1779816505756,1,Pitching Mound.Delivery,,Loading,pitch.0,334087,0.8694,0.2007,1.3693,1.4001,-1.2802,2.1258,0.0,0.0
1779816505756,1,Pitching Mound.Drive,,Loading,pitch.0,334601,-4.055,11.8985,89.0658,55.1113,19.4766,15.3051,-0.0232,0.0657
1779816505756,1,Pitching Mound.Parent,,Loading,pitch.0,333794,-3.1754,12.1213,90.5414,56.5571,18.2679,17.3058,-0.0229,0.0661
1779816505757,1,11.0000004b,Drive,Loading,pitch.0,334602,-4.0665,11.8666,88.9,55.1017,19.3527,15.389,-0.0231,0.0658
1779816505757,1,12.00000015,Lower Delivery,Loading,pitch.0,334328,-0.236,-0.6537,0.7971,-0.0855,-0.0175,-0.0156,0.0,0.0
1779816505757,1,12.00000018,Upper Delivery,Loading,pitch.0,334884,1.0946,0.8769,0.4968,1.2716,-1.2724,1.6627,0.0,0.0
1779816505757,1,Pitching Mound.Delivery,,Loading,pitch.0,334088,0.8586,0.2232,1.2939,1.2881,-1.29,2.0996,0.0,0.0
1779816505757,1,Pitching Mound.Drive,,Loading,pitch.0,334602,-4.0665,11.8666,88.9,55.1017,19.3527,15.389,-0.0231,0.0658
1779816505757,1,Pitching Mound.Parent,,Loading,pitch.0,333795,-3.1964,12.1218,90.3597,56.3994,18.1866,17.4047,-0.0229,0.0659
1779816505758,1,11.0000004b,Drive,Loading,pitch.0,334603,-4.0813,11.8345,88.7373,54.9684,19.3949,15.4996,-0.0232,0.0658
1779816505758,1,12.00000015,Lower Delivery,Loading,pitch.0,334329,-0.2186,-0.6665,0.8205,-0.0877,-0.0119,-0.0158,0.0,0.0
1779816505758,1,12.00000018,Upper Delivery,Loading,pitch.0,334885,1.0771,0.8621,0.5107,1.3449,-1.1669,1.6521,0.0,0.0
1779816505758,1,Pitching Mound.Delivery,,Loading,pitch.0,334089,0.8585,0.1956,1.3312,1.3626,-1.1788,2.0768,0.0,0.0
1779816505758,1,Pitching Mound.Drive,,Loading,pitch.0,334603,-4.0813,11.8345,88.7373,54.9684,19.3949,15.4996,-0.0232,0.0658
1779816505758,1,Pitching Mound.Parent,,Loading,pitch.0,333796,-3.208,12.0622,90.2312,56.4643,18.1739,17.4658,-0.0228,0.066
1779816505759,1,11.0000004b,Drive,Loading,pitch.0,334604,-4.1037,11.804,88.6018,54.9164,19.3046,15.6164,-0.0231,0.0658
1779816505759,1,12.00000015,Lower Delivery,Loading,pitch.0,334330,-0.2217,-0.6445,0.8472,-0.0846,-0.0129,-0.018,0.0,0.0
1779816505759,1,12.00000018,Upper Delivery,Loading,pitch.0,334886,1.074,0.8566,0.4932,1.3273,-1.4141,1.6586,0.0,0.0
1779816505759,1,Pitching Mound.Delivery,,Loading,pitch.0,334090,0.8523,0.2121,1.3404,1.363,-1.427,2.0811,0.0,0.0
1779816505759,1,Pitching Mound.Drive,,Loading,pitch.0,334604,-4.1037,11.804,88.6018,54.9164,19.3046,15.6164,-0.0231,0.0658
1779816505759,1,Pitching Mound.Parent,,Loading,pitch.0,333797,-3.229,12.0466,90.0778,56.3314,17.9679,17.5808,-0.0229,0.0661
1779816505760,1,11.0000004b,Drive,Loading,pitch.0,334605,-4.1106,11.7785,88.3778,54.8524,19.1187,15.7051,-0.023,0.0659
1779816505760,1,12.00000015,Lower Delivery,Loading,pitch.0,334331,-0.226,-0.6935,1.1049,-0.0854,-0.0113,-0.0149,0.0,0.0
1779816505760,1,12.00000018,Upper Delivery,Loading,pitch.0,334887,1.0882,0.8945,0.5655,1.2682,-1.3923,1.646,0.0,0.0
1779816505760,1,Pitching Mound.Delivery,,Loading,pitch.0,334091,0.8622,0.2009,1.6704,1.3662,-1.4036,2.078,0.0,0.0
1779816505760,1,Pitching Mound.Drive,,Loading,pitch.0,334605,-4.1106,11.7785,88.3778,54.8524,19.1187,15.7051,-0.023,0.0659
1779816505760,1,Pitching Mound.Parent,,Loading,pitch.0,333798,-3.2415,12.005,90.2723,56.2826,17.901,17.6944,-0.0227,0.0666
1779816505761,1,11.0000004b,Drive,Loading,pitch.0,334606,-4.1416,11.7432,88.2551,54.7167,19.0614,15.8055,-0.0229,0.0658
1779816505761,1,12.00000015,Lower Delivery,Loading,pitch.0,334332,-0.2279,-0.6883,0.9783,-0.0939,-0.0101,-0.0198,0.0,0.0
1779816505761,1,12.00000018,Upper Delivery,Loading,pitch.0,334888,1.1419,0.8909,0.5303,1.2809,-1.322,1.6036,0.0,0.0
1779816505761,1,Pitching Mound.Delivery,,Loading,pitch.0,334092,0.914,0.2026,1.5087,1.3394,-1.3322,2.0495,0.0,0.0
1779816505761,1,Pitching Mound.Drive,,Loading,pitch.0,334606,-4.1416,11.7432,88.2551,54.7167,19.0614,15.8055,-0.0229,0.0658
1779816505761,1,Pitching Mound.Parent,,Loading,pitch.0,333799,-3.1966,11.9811,89.8864,56.1918,17.7865,17.7545,-0.0226,0.0665
1779816505762,1,11.0000004b,Drive,Loading,pitch.0,334607,-4.1688,11.7021,87.8301,54.6008,19.0317,15.8796,-0.023,0.066
1779816505762,1,12.00000015,Lower Delivery,Loading,pitch.0,334333,-0.2094,-0.7132,1.004,-0.1011,-0.019,-0.0215,0.0,0.0
1779816505762,1,12.00000018,Upper Delivery,Loading,pitch.0,334889,1.158,0.9066,0.5093,1.3039,-1.3573,1.6369,0.0,0.0
1779816505762,1,Pitching Mound.Delivery,,Loading,pitch.0,334093,0.9486,0.1934,1.5132,1.371,-1.3763,2.0803,0.0,0.0
1779816505762,1,Pitching Mound.Drive,,Loading,pitch.0,334607,-4.1688,11.7021,87.8301,54.6008,19.0317,15.8796,-0.023,0.066
1779816505762,1,Pitching Mound.Parent,,Loading,pitch.0,333800,-3.1931,11.9366,89.7684,56.0877,17.6851,17.8858,-0.0225,0.0666
1779816505763,1,11.0000004b,Drive,Loading,pitch.0,334608,-4.1924,11.6803,87.5757,54.5008,18.9022,15.9377,-0.0229,0.0661
1779816505763,1,12.00000015,Lower Delivery,Loading,pitch.0,334334,-0.2123,-0.7086,0.9829,-0.1028,-0.0207,-0.025,0.0,0.0
1779816505763,1,12.00000018,Upper Delivery,Loading,pitch.0,334890,1.1515,0.8708,0.5213,1.2964,-1.1353,1.6182,0.0,0.0
1779816505763,1,Pitching Mound.Delivery,,Loading,pitch.0,334094,0.9392,0.1621,1.5042,1.3505,-1.156,2.0568,0.0,0.0
1779816505763,1,Pitching Mound.Drive,,Loading,pitch.0,334608,-4.1924,11.6803,87.5757,54.5008,18.9022,15.9377,-0.0229,0.0661
1779816505763,1,Pitching Mound.Parent,,Loading,pitch.0,333801,-3.2296,11.8642,89.3343,55.9513,17.8757,17.9364,-0.0226,0.0666
1779816505764,1,11.0000004b,Drive,Loading,pitch.0,334609,-4.2184,11.6622,87.2207,54.4927,18.9095,16.0446,-0.023,0.0663
1779816505764,1,12.00000015,Lower Delivery,Loading,pitch.0,334335,-0.2175,-0.7206,0.9928,-0.1002,-0.0226,-0.0262,0.0,0.0
1779816505764,1,12.00000018,Upper Delivery,Loading,pitch.0,334891,1.1682,0.8921,0.5094,1.3126,-1.1787,1.6081,0.0,0.0
1779816505764,1,Pitching Mound.Delivery,,Loading,pitch.0,334095,0.9507,0.1715,1.5022,1.3767,-1.2014,2.053,0.0,0.0
1779816505764,1,Pitching Mound.Drive,,Loading,pitch.0,334609,-4.2184,11.6622,87.2207,54.4927,18.9095,16.0446,-0.023,0.0663
1779816505764,1,Pitching Mound.Parent,,Loading,pitch.0,333802,-3.2417,11.8518,89.0779,55.8775,17.7008,17.9908,-0.0225,0.0668
1779816505765,1,11.0000004b,Drive,Loading,pitch.0,334610,-4.2363,11.653,87.0835,54.4581,18.7678,16.1199,-0.0229,0.0664
1779816505765,1,12.00000015,Lower Delivery,Loading,pitch.0,334336,-0.2077,-0.7057,0.9014,-0.0996,-0.0216,-0.0245,0.0,0.0
1779816505765,1,12.00000018,Upper Delivery,Loading,pitch.0,334892,1.1594,0.9209,0.4948,1.2732,-1.1812,1.6389,0.0,0.0
1779816505765,1,Pitching Mound.Delivery,,Loading,pitch.0,334096,0.9518,0.2153,1.3961,1.3119,-1.2028,2.0792,0.0,0.0
1779816505765,1,Pitching Mound.Drive,,Loading,pitch.0,334610,-4.2363,11.653,87.0835,54.4581,18.7678,16.1199,-0.0229,0.0664
1779816505765,1,Pitching Mound.Parent,,Loading,pitch.0,333803,-3.2667,11.8774,88.6169,55.8046,17.7066,18.1239,-0.0227,0.0668
1779816505766,1,11.0000004b,Drive,Loading,pitch.0,334611,-4.2594,11.6321,86.6231,54.3379,18.7341,16.1803,-0.023,0.0666
1779816505766,1,12.00000015,Lower Delivery,Loading,pitch.0,334337,-0.2308,-0.6934,0.9208,-0.0925,-0.0216,-0.0228,0.0,0.0
1779816505766,1,12.00000018,Upper Delivery,Loading,pitch.0,334893,1.1965,0.9413,0.4117,1.2953,-0.9732,1.6553,0.0,0.0
1779816505766,1,Pitching Mound.Delivery,,Loading,pitch.0,334097,0.9657,0.2479,1.3325,1.3759,-0.9948,2.1178,0.0,0.0
1779816505766,1,Pitching Mound.Drive,,Loading,pitch.0,334611,-4.2594,11.6321,86.6231,54.3379,18.7341,16.1803,-0.023,0.0666
1779816505766,1,Pitching Mound.Parent,,Loading,pitch.0,333804,-3.2705,11.9009,88.416,55.834,17.773,18.2377,-0.0225,0.0673
1779816505767,1,11.0000004b,Drive,Loading,pitch.0,334612,-4.288,11.6101,86.2414,54.2284,18.674,16.2601,-0.023,0.0668
1779816505767,1,12.00000015,Lower Delivery,Loading,pitch.0,334338,-0.2341,-0.7082,0.9633,-0.0943,-0.0232,-0.0232,0.0,0.0
1779816505767,1,12.00000018,Upper Delivery,Loading,pitch.0,334894,1.1656,0.9248,0.4533,1.3189,-0.8661,1.6782,0.0,0.0
1779816505767,1,Pitching Mound.Delivery,,Loading,pitch.0,334098,0.9315,0.2166,1.4166,1.398,-0.8893,2.131,0.0,0.0
1779816505767,1,Pitching Mound.Drive,,Loading,pitch.0,334612,-4.288,11.6101,86.2414,54.2284,18.674,16.2601,-0.023,0.0668
1779816505767,1,Pitching Mound.Parent,,Loading,pitch.0,333805,-3.3279,11.8487,88.0397,55.7359,17.8448,18.3113,-0.0226,0.0675
1779816505768,1,11.0000004b,Drive,Loading,pitch.0,334613,-4.3048,11.5904,85.896,54.1218,18.5341,16.3276,-0.0229,0.0669
1779816505768,1,12.00000015,Lower Delivery,Loading,pitch.0,334339,-0.2307,-0.7006,0.875,-0.0863,-0.0195,-0.0181,0.0,0.0
1779816505768,1,12.00000018,Upper Delivery,Loading,pitch.0,334895,1.1898,0.9283,0.4243,1.4096,-0.7208,1.6703,0.0,0.0
1779816505768,1,Pitching Mound.Delivery,,Loading,pitch.0,334099,0.9591,0.2277,1.2993,1.4766,-0.7403,2.1351,0.0,0.0
1779816505768,1,Pitching Mound.Drive,,Loading,pitch.0,334613,-4.3048,11.5904,85.896,54.1218,18.5341,16.3276,-0.0229,0.0669
1779816505768,1,Pitching Mound.Parent,,Loading,pitch.0,333806,-3.3289,11.8378,87.5408,55.7049,17.9338,18.3952,-0.0226,0.0675
1779816505769,1,11.0000004b,Drive,Loading,pitch.0,334614,-4.326,11.5651,85.5909,53.9594,18.3287,16.3841,-0.0227,0.0669
1779816505769,1,12.00000015,Lower Delivery,Loading,pitch.0,334340,-0.2557,-0.6964,0.9569,-0.0735,-0.0169,-0.0094,0.0,0.0
1779816505769,1,12.00000018,Upper Delivery,Loading,pitch.0,334896,1.2317,0.8784,0.3356,1.3197,-0.6805,1.6564,0.0,0.0
1779816505769,1,Pitching Mound.Delivery,,Loading,pitch.0,334100,0.976,0.182,1.2924,1.4574,-0.6974,2.1527,0.0,0.0
1779816505769,1,Pitching Mound.Drive,,Loading,pitch.0,334614,-4.326,11.5651,85.5909,53.9594,18.3287,16.3841,-0.0227,0.0669
1779816505769,1,Pitching Mound.Parent,,Loading,pitch.0,333807,-3.3288,11.7724,87.1884,55.5792,17.8367,18.4803,-0.0226,0.0683
1779816505770,1,11.0000004b,Drive,Loading,pitch.0,334615,-4.3415,11.5373,85.2513,53.8311,18.4226,16.4457,-0.0229,0.067
1779816505770,1,12.00000015,Lower Delivery,Loading,pitch.0,334341,-0.2615,-0.7032,0.9453,-0.0761,-0.0171,-0.0141,0.0,0.0
1779816505770,1,12.00000018,Upper Delivery,Loading,pitch.0,334897,1.1897,0.8668,0.3519,1.3067,-0.5973,1.654,0.0,0.0
1779816505770,1,Pitching Mound.Delivery,,Loading,pitch.0,334101,0.9282,0.1636,1.2972,1.4323,-0.6144,2.1333,0.0,0.0
1779816505770,1,Pitching Mound.Drive,,Loading,pitch.0,334615,-4.3415,11.5373,85.2513,53.8311,18.4226,16.4457,-0.0229,0.067
1779816505770,1,Pitching Mound.Parent,,Loading,pitch.0,333808,-3.3978,11.7288,86.8881,55.3917,17.7143,18.5174,-0.0224,0.0683
1779816505771,1,11.0000004b,Drive,Loading,pitch.0,334616,-4.3736,11.4984,84.8912,53.7615,18.3551,16.5225,-0.023,0.0672
1779816505771,1,12.00000015,Lower Delivery,Loading,pitch.0,334342,-0.256,-0.6718,0.8392,-0.0761,-0.021,-0.0183,0.0,0.0
1779816505771,1,12.00000018,Upper Delivery,Loading,pitch.0,334898,1.1683,0.8178,0.3335,1.2263,-0.549,1.7135,0.0,0.0
1779816505771,1,Pitching Mound.Delivery,,Loading,pitch.0,334102,0.9123,0.1461,1.1727,1.3222,-0.57,2.1795,0.0,0.0
1779816505771,1,Pitching Mound.Drive,,Loading,pitch.0,334616,-4.3736,11.4984,84.8912,53.7615,18.3551,16.5225,-0.023,0.0672
1779816505771,1,Pitching Mound.Parent,,Loading,pitch.0,333809,-3.4292,11.6834,86.424,55.1532,17.8526,18.6252,-0.0226,0.0681
1779816505772,1,11.0000004b,Drive,Loading,pitch.0,334617,-4.3934,11.4737,84.5328,53.4867,18.4199,16.6002,-0.0231,0.0672
1779816505772,1,12.00000015,Lower Delivery,Loading,pitch.0,334343,-0.2716,-0.6653,0.8499,-0.0716,-0.0144,-0.0168,0.0,0.0
1779816505772,1,12.00000018,Upper Delivery,Loading,pitch.0,334899,1.1709,0.8258,0.2884,1.1339,-0.9464,1.71,0.0,0.0
1779816505772,1,Pitching Mound.Delivery,,Loading,pitch.0,334103,0.8992,0.1605,1.1383,1.2532,-0.9608,2.1837,0.0,0.0
1779816505772,1,Pitching Mound.Drive,,Loading,pitch.0,334617,-4.3934,11.4737,84.5328,53.4867,18.4199,16.6002,-0.0231,0.0672
1779816505772,1,Pitching Mound.Parent,,Loading,pitch.0,333810,-3.4744,11.659,86.0295,55.0147,17.3944,18.7061,-0.0227,0.0686
1779816505773,1,11.0000004b,Drive,Loading,pitch.0,334618,-4.4161,11.453,84.2014,53.4144,18.3793,16.6365,-0.0232,0.0673
1779816505773,1,12.00000015,Lower Delivery,Loading,pitch.0,334344,-0.2779,-0.6822,0.8524,-0.0635,0.0046,-0.0157,0.0,0.0
1779816505773,1,12.00000018,Upper Delivery,Loading,pitch.0,334900,1.1609,0.8265,0.2636,1.0161,-0.9881,1.6787,0.0,0.0
1779816505773,1,Pitching Mound.Delivery,,Loading,pitch.0,334104,0.883,0.1443,1.116,1.1528,-0.9835,2.1521,0.0,0.0
1779816505773,1,Pitching Mound.Drive,,Loading,pitch.0,334618,-4.4161,11.453,84.2014,53.4144,18.3793,16.6365,-0.0232,0.0673
1779816505773,1,Pitching Mound.Parent,,Loading,pitch.0,333811,-3.5104,11.6179,85.6488,54.6395,17.4364,18.7523,-0.0228,0.0686
1779816505774,1,11.0000004b,Drive,Loading,pitch.0,334619,-4.4345,11.4155,83.8318,53.2383,18.3109,16.7125,-0.0232,0.0674
1779816505774,1,12.00000015,Lower Delivery,Loading,pitch.0,334346,-0.2481,-0.6804,0.8236,-0.0683,0.0053,-0.0133,0.0,0.0
1779816505774,1,12.00000015,Lower Delivery,Loading,pitch.0,334345,-0.267,-0.6718,0.7581,-0.0715,0.0038,-0.0175,0.0,0.0
1779816505774,1,12.00000018,Upper Delivery,Loading,pitch.0,334901,1.1438,0.8034,0.2495,1.1185,-0.96,1.6817,0.0,0.0
1779816505774,1,Pitching Mound.Delivery,,Loading,pitch.0,334105,0.8768,0.1316,1.0076,1.2199,-0.9562,2.1439,0.0,0.0
1779816505774,1,Pitching Mound.Drive,,Loading,pitch.0,334619,-4.4345,11.4155,83.8318,53.2383,18.3109,16.7125,-0.0232,0.0674
1779816505774,1,Pitching Mound.Parent,,Loading,pitch.0,333812,-3.5393,11.5846,85.209,54.6344,17.4231,18.7804,-0.0229,0.0686
1779816505775,1,11.0000004b,Drive,Loading,pitch.0,334620,-4.4443,11.3755,83.6148,52.9712,18.2066,16.7584,-0.0231,0.0673
1779816505775,1,12.00000015,Lower Delivery,Loading,pitch.0,334347,-0.2706,-0.6742,0.7704,-0.0654,0.0185,-0.0141,0.0,0.0
1779816505775,1,12.00000018,Upper Delivery,Loading,pitch.0,334902,1.1683,0.8441,0.1289,0.9971,-0.9898,1.6745,0.0,0.0
1779816505775,1,Pitching Mound.Delivery,,Loading,pitch.0,334106,0.9202,0.1638,0.9525,1.165,-0.9845,2.1428,0.0,0.0
1779816505775,1,Pitching Mound.Drive,,Loading,pitch.0,334620,-4.4443,11.3755,83.6148,52.9712,18.2066,16.7584,-0.0231,0.0673
1779816505775,1,Pitching Mound.Parent,,Loading,pitch.0,333813,-3.5143,11.5793,84.7843,54.4034,17.3264,18.8553,-0.0229,0.0694
1779816505776,1,11.0000004b,Drive,Loading,pitch.0,334621,-4.4626,11.3361,83.2711,52.7504,18.2307,16.7887,-0.0232,0.0673
1779816505776,1,12.00000015,Lower Delivery,Loading,pitch.0,334348,-0.276,-0.723,0.7865,-0.0739,0.0213,-0.0095,0.0,0.0
1779816505776,1,12.00000018,Upper Delivery,Loading,pitch.0,334903,1.1618,0.8464,0.0994,0.9289,-0.6531,1.6834,0.0,0.0
1779816505776,1,Pitching Mound.Delivery,,Loading,pitch.0,334107,0.8912,0.1722,0.8698,1.0915,-0.6346,2.1564,0.0,0.0
1779816505776,1,Pitching Mound.Drive,,Loading,pitch.0,334621,-4.4626,11.3361,83.2711,52.7504,18.2307,16.7887,-0.0232,0.0673
1779816505776,1,Pitching Mound.Parent,,Loading,pitch.0,333814,-3.5532,11.5477,84.4846,54.0628,17.5721,18.9147,-0.0229,0.0693
1779816505777,1,11.0000004b,Drive,Loading,pitch.0,334622,-4.4676,11.3039,82.9992,52.6232,18.0526,16.8333,-0.0231,0.0673
1779816505777,1,12.00000015,Lower Delivery,Loading,pitch.0,334349,-0.2995,-0.7349,0.8666,-0.0811,0.0327,-0.0046,0.0,0.0
1779816505777,1,12.00000018,Upper Delivery,Loading,pitch.0,334904,1.1565,0.8401,0.0935,0.9684,-0.7636,1.6718,0.0,0.0
1779816505777,1,Pitching Mound.Delivery,,Loading,pitch.0,334108,0.8805,0.1171,0.88,1.1301,-0.7423,2.1493,0.0,0.0
1779816505777,1,Pitching Mound.Drive,,Loading,pitch.0,334622,-4.4676,11.3039,82.9992,52.6232,18.0526,16.8333,-0.0231,0.0673
1779816505777,1,Pitching Mound.Parent,,Loading,pitch.0,333815,-3.5822,11.4531,84.1511,53.8806,17.4884,18.938,-0.023,0.0693
1779816505778,1,11.0000004b,Drive,Loading,pitch.0,334623,-4.4865,11.2649,82.6246,52.4073,18.1319,16.8823,-0.0233,0.0673
1779816505778,1,12.00000015,Lower Delivery,Loading,pitch.0,334350,-0.3036,-0.7717,0.9321,-0.0939,0.0179,0.0019,0.0,0.0
1779816505778,1,12.00000018,Upper Delivery,Loading,pitch.0,334905,1.1596,0.8826,0.0642,0.9351,-0.3059,1.6495,0.0,0.0
1779816505778,1,Pitching Mound.Delivery,,Loading,pitch.0,334109,0.8602,0.1477,0.9308,1.1267,-0.2732,2.141,0.0,0.0
1779816505778,1,Pitching Mound.Drive,,Loading,pitch.0,334623,-4.4865,11.2649,82.6246,52.4073,18.1319,16.8823,-0.0233,0.0673
1779816505778,1,Pitching Mound.Parent,,Loading,pitch.0,333816,-3.6074,11.4516,83.93,53.7499,17.7794,18.9743,-0.0228,0.0698
1779816505779,1,11.0000004b,Drive,Loading,pitch.0,334624,-4.4989,11.2306,82.2691,52.2589,18.1271,16.9388,-0.0234,0.0674
1779816505779,1,12.00000018,Upper Delivery,Loading,pitch.0,334906,1.136,0.8942,0.0908,1.0187,-0.3274,1.6367,0.0,0.0
1779816505779,1,Pitching Mound.Delivery,,Loading,pitch.0,334110,0.8324,0.1225,1.0229,1.2109,-0.3094,2.1281,0.0,0.0
1779816505779,1,Pitching Mound.Drive,,Loading,pitch.0,334624,-4.4989,11.2306,82.2691,52.2589,18.1271,16.9388,-0.0234,0.0674
1779816505779,1,Pitching Mound.Parent,,Loading,pitch.0,333817,-3.6541,11.3874,83.6475,53.6181,17.8225,19.0104,-0.023,0.0699
1779816505780,1,11.0000004b,Drive,Loading,pitch.0,334625,-4.5217,11.1949,81.9183,52.178,17.9292,16.9857,-0.0232,0.0676
1779816505780,1,12.00000015,Lower Delivery,Loading,pitch.0,334351,-0.3068,-0.783,0.9181,-0.085,0.0204,0.0079,0.0,0.0
1779816505780,1,12.00000018,Upper Delivery,Loading,pitch.0,334907,1.1387,0.9274,0.1256,1.1049,-0.3052,1.6366,0.0,0.0
1779816505780,1,12.00000018,Upper Delivery,Loading,pitch.0,334908,1.1627,0.9707,0.1577,1.2399,-0.3659,1.6127,0.0,0.0
1779816505780,1,Pitching Mound.Delivery,,Loading,pitch.0,334111,0.8318,0.1444,1.0437,1.2892,-0.2848,2.136,0.0,0.0
1779816505780,1,Pitching Mound.Drive,,Loading,pitch.0,334625,-4.5217,11.1949,81.9183,52.178,17.9292,16.9857,-0.0232,0.0676
1779816505780,1,Pitching Mound.Parent,,Loading,pitch.0,333818,-3.667,11.375,83.3127,53.5481,17.8423,19.0748,-0.0231,0.0698
1779816505781,1,11.0000004b,Drive,Loading,pitch.0,334626,-4.5408,11.1669,81.4899,51.9043,17.6644,17.0404,-0.023,0.0676
1779816505781,1,12.00000015,Lower Delivery,Loading,pitch.0,334352,-0.2924,-0.7693,1.0061,-0.0879,0.0224,0.0068,0.0,0.0
1779816505781,1,Pitching Mound.Delivery,,Loading,pitch.0,334112,0.8703,0.2015,1.1638,1.4404,-0.3436,2.1143,0.0,0.0
1779816505781,1,Pitching Mound.Drive,,Loading,pitch.0,334626,-4.5408,11.1669,81.4899,51.9043,17.6644,17.0404,-0.023,0.0676
1779816505781,1,Pitching Mound.Parent,,Loading,pitch.0,333819,-3.6514,11.3963,83.0821,53.6184,17.5856,19.1,-0.0229,0.0701
1779816505782,1,11.0000004b,Drive,Loading,pitch.0,334627,-4.5389,11.1378,81.2038,51.757,17.4714,17.0788,-0.0228,0.0677
1779816505782,1,12.00000015,Lower Delivery,Loading,pitch.0,334353,-0.2944,-0.778,1.0689,-0.0821,0.0191,0.0103,0.0,0.0
1779816505782,1,12.00000018,Upper Delivery,Loading,pitch.0,334909,1.1481,0.9253,0.1528,1.3293,-0.5192,1.6674,0.0,0.0
1779816505782,1,12.00000018,Upper Delivery,Loading,pitch.0,334910,1.1586,0.8868,0.1987,1.417,-0.7318,1.6244,0.0,0.0
1779816505782,1,Pitching Mound.Delivery,,Loading,pitch.0,334113,0.8537,0.1473,1.2217,1.5587,-0.5001,2.1682,0.0,0.0
1779816505782,1,Pitching Mound.Drive,,Loading,pitch.0,334627,-4.5389,11.1378,81.2038,51.757,17.4714,17.0788,-0.0228,0.0677
1779816505782,1,Pitching Mound.Parent,,Loading,pitch.0,333820,-3.6871,11.3143,82.7116,53.463,17.1643,19.2086,-0.0227,0.0704
1779816505783,1,11.0000004b,Drive,Loading,pitch.0,334628,-4.5639,11.1088,80.9429,51.5888,17.179,17.1346,-0.0225,0.0677
1779816505783,1,12.00000015,Lower Delivery,Loading,pitch.0,334354,-0.3014,-0.7673,1.0088,-0.0697,0.0163,0.0017,0.0,0.0
1779816505783,1,12.00000018,Upper Delivery,Loading,pitch.0,334911,1.1779,0.8978,0.1778,1.4899,-0.8766,1.6695,0.0,0.0
1779816505783,1,Pitching Mound.Delivery,,Loading,pitch.0,334114,0.8571,0.1195,1.2074,1.6227,-0.7155,2.1225,0.0,0.0
1779816505783,1,Pitching Mound.Drive,,Loading,pitch.0,334628,-4.5639,11.1088,80.9429,51.5888,17.179,17.1346,-0.0225,0.0677
1779816505783,1,Pitching Mound.Parent,,Loading,pitch.0,333821,-3.6818,11.2573,82.4113,53.3796,16.7559,19.2013,-0.0225,0.07
1779816505784,1,11.0000004b,Drive,Loading,pitch.0,334629,-4.584,11.0874,80.5469,51.2892,16.8135,17.2127,-0.0222,0.0676
1779816505784,1,12.00000015,Lower Delivery,Loading,pitch.0,334355,-0.3054,-0.7645,0.9672,-0.0609,0.0032,-0.0019,0.0,0.0
1779816505784,1,12.00000018,Upper Delivery,Loading,pitch.0,334912,1.1457,0.8831,0.2724,1.4996,-0.9005,1.6524,0.0,0.0
1779816505784,1,Pitching Mound.Delivery,,Loading,pitch.0,334115,0.8726,0.1333,1.145,1.6973,-0.8734,2.172,0.0,0.0
1779816505784,1,Pitching Mound.Drive,,Loading,pitch.0,334629,-4.584,11.0874,80.5469,51.2892,16.8135,17.2127,-0.0222,0.0676
1779816505784,1,Pitching Mound.Parent,,Loading,pitch.0,333822,-3.6913,11.2421,82.088,53.2861,16.3056,19.3066,-0.0222,0.07
1779816505785,1,11.0000004b,Drive,Loading,pitch.0,334630,-4.6082,11.0435,80.1316,50.9999,16.6237,17.2736,-0.022,0.0676
1779816505785,1,12.00000015,Lower Delivery,Loading,pitch.0,334356,-0.3,-0.7519,0.9842,-0.0492,0.0005,-0.0056,0.0,0.0
1779816505785,1,12.00000018,Upper Delivery,Loading,pitch.0,334913,1.1141,0.8702,0.313,1.4668,-0.8624,1.662,0.0,0.0
1779816505785,1,Pitching Mound.Delivery,,Loading,pitch.0,334116,0.8457,0.1311,1.2566,1.6924,-0.9,2.1384,0.0,0.0
1779816505785,1,Pitching Mound.Drive,,Loading,pitch.0,334630,-4.6082,11.0435,80.1316,50.9999,16.6237,17.2736,-0.022,0.0676
1779816505785,1,Pitching Mound.Parent,,Loading,pitch.0,333823,-3.7383,11.2186,81.8034,52.9817,15.9136,19.3511,-0.0218,0.0695
1779816505786,1,11.0000004b,Drive,Loading,pitch.0,334631,-4.6456,11.022,79.5905,50.6908,16.305,17.351,-0.0217,0.0676
1779816505786,1,12.00000015,Lower Delivery,Loading,pitch.0,334357,-0.295,-0.7392,1.0028,-0.0555,-0.0158,-0.0075,0.0,0.0
1779816505786,1,12.00000018,Upper Delivery,Loading,pitch.0,334914,1.128,0.8749,0.2741,1.3475,-0.8316,1.7191,0.0,0.0
1779816505786,1,Pitching Mound.Delivery,,Loading,pitch.0,334117,0.819,0.1311,1.3158,1.6459,-0.8782,2.1335,0.0,0.0
1779816505786,1,Pitching Mound.Drive,,Loading,pitch.0,334631,-4.6456,11.022,79.5905,50.6908,16.305,17.351,-0.0217,0.0676
1779816505786,1,Pitching Mound.Parent,,Loading,pitch.0,333824,-3.7892,11.1746,81.4474,52.6457,15.7455,19.4071,-0.0217,0.0694
1779816505787,1,11.0000004b,Drive,Loading,pitch.0,334632,-4.6822,11.0184,79.2226,50.4598,15.9524,17.4056,-0.0214,0.0676
1779816505787,1,12.00000015,Lower Delivery,Loading,pitch.0,334358,-0.2966,-0.738,1.0104,-0.0518,-0.0126,-0.0121,0.0,0.0
1779816505787,1,12.00000018,Upper Delivery,Loading,pitch.0,334915,1.0968,0.8847,0.3066,1.3921,-0.7,1.6955,0.0,0.0
1779816505787,1,Pitching Mound.Delivery,,Loading,pitch.0,334118,0.8315,0.1369,1.2845,1.5461,-0.8441,2.1914,0.0,0.0
1779816505787,1,Pitching Mound.Drive,,Loading,pitch.0,334632,-4.6822,11.0184,79.2226,50.4598,15.9524,17.4056,-0.0214,0.0676
1779816505787,1,Pitching Mound.Parent,,Loading,pitch.0,333825,-3.8141,11.1589,80.875,52.2369,15.4608,19.5424,-0.0214,0.0696
1779816505788,1,11.0000004b,Drive,Loading,pitch.0,334633,-4.7121,10.9858,78.9104,50.2112,15.7664,17.448,-0.0212,0.0676
1779816505788,1,12.00000015,Lower Delivery,Loading,pitch.0,334359,-0.2888,-0.7279,1.0265,-0.0567,-0.0073,-0.0155,0.0,0.0
1779816505788,1,12.00000018,Upper Delivery,Loading,pitch.0,334916,1.0942,0.8783,0.2934,1.4584,-0.7863,1.7489,0.0,0.0
1779816505788,1,Pitching Mound.Delivery,,Loading,pitch.0,334119,0.808,0.1568,1.3331,1.5802,-0.7073,2.1511,0.0,0.0
1779816505788,1,Pitching Mound.Drive,,Loading,pitch.0,334633,-4.7121,10.9858,78.9104,50.2112,15.7664,17.448,-0.0212,0.0676
1779816505788,1,Pitching Mound.Parent,,Loading,pitch.0,333826,-3.8742,11.1752,80.5557,52.04,15.2451,19.5567,-0.021,0.0695
1779816505789,1,11.0000004b,Drive,Loading,pitch.0,334634,-4.7531,10.976,78.5899,50.0048,15.421,17.4823,-0.0208,0.0675
1779816505789,1,12.00000015,Lower Delivery,Loading,pitch.0,334360,-0.2697,-0.7126,1.016,-0.0564,-0.0119,-0.0152,0.0,0.0
1779816505789,1,12.00000018,Upper Delivery,Loading,pitch.0,334917,1.1094,0.9129,0.3255,1.3461,-0.7574,1.7231,0.0,0.0
1779816505789,1,Pitching Mound.Delivery,,Loading,pitch.0,334120,0.8245,0.1657,1.3095,1.6477,-0.7982,2.1974,0.0,0.0
1779816505789,1,Pitching Mound.Drive,,Loading,pitch.0,334634,-4.7531,10.976,78.5899,50.0048,15.421,17.4823,-0.0208,0.0675
1779816505789,1,Pitching Mound.Parent,,Loading,pitch.0,333827,-3.8876,11.1515,80.2199,51.8588,14.9682,19.6455,-0.0209,0.0695
1779816505790,1,11.0000004b,Drive,Loading,pitch.0,334635,-4.8021,10.9567,78.0952,49.6728,15.1686,17.5505,-0.0206,0.0675
1779816505790,1,12.00000015,Lower Delivery,Loading,pitch.0,334361,-0.2722,-0.7211,1.1164,-0.0575,-0.0056,-0.0076,0.0,0.0
1779816505790,1,12.00000018,Upper Delivery,Loading,pitch.0,334918,1.0808,0.9502,0.335,1.3561,-0.7262,1.6725,0.0,0.0
1779816505790,1,Pitching Mound.Delivery,,Loading,pitch.0,334121,0.8371,0.1918,1.4419,1.5575,-0.7629,2.1852,0.0,0.0
1779816505790,1,Pitching Mound.Drive,,Loading,pitch.0,334635,-4.8021,10.9567,78.0952,49.6728,15.1686,17.5505,-0.0206,0.0675
1779816505790,1,Pitching Mound.Parent,,Loading,pitch.0,333828,-3.916,11.1679,80.0318,51.5623,14.6581,19.6676,-0.0205,0.0697
1779816505791,1,11.0000004b,Drive,Loading,pitch.0,334636,-4.8471,10.9344,77.7516,49.3611,14.8233,17.6292,-0.0202,0.0674
1779816505791,1,12.00000015,Lower Delivery,Loading,pitch.0,334362,-0.2645,-0.7229,1.1222,-0.0555,0.0043,-0.0055,0.0,0.0
1779816505791,1,12.00000018,Upper Delivery,Loading,pitch.0,334919,1.1147,0.9655,0.263,1.3,-0.6876,1.6635,0.0,0.0
1779816505791,1,Pitching Mound.Delivery,,Loading,pitch.0,334122,0.8163,0.2273,1.4572,1.5682,-0.7219,2.1244,0.0,0.0
1779816505791,1,Pitching Mound.Drive,,Loading,pitch.0,334636,-4.8471,10.9344,77.7516,49.3611,14.8233,17.6292,-0.0202,0.0674
1779816505791,1,Pitching Mound.Parent,,Loading,pitch.0,333829,-3.9858,11.184,79.5524,51.241,14.4468,19.6749,-0.0202,0.0697
1779816505792,1,11.0000004b,Drive,Loading,pitch.0,334637,-4.9001,10.9096,77.3208,49.1114,14.4706,17.7072,-0.0199,0.0674
1779816505792,1,12.00000015,Lower Delivery,Loading,pitch.0,334363,-0.2679,-0.7199,1.1017,-0.0584,0.0001,0.006,0.0,0.0
1779816505792,1,12.00000018,Upper Delivery,Loading,pitch.0,334920,1.1154,0.9986,0.306,1.4964,-0.7472,1.6222,0.0,0.0
1779816505792,1,Pitching Mound.Delivery,,Loading,pitch.0,334123,0.8468,0.2456,1.3647,1.5267,-0.6875,2.1396,0.0,0.0
1779816505792,1,Pitching Mound.Drive,,Loading,pitch.0,334637,-4.9001,10.9096,77.3208,49.1114,14.4706,17.7072,-0.0199,0.0674
1779816505792,1,Pitching Mound.Parent,,Loading,pitch.0,333830,-4.0003,11.18,79.1163,50.8879,14.1358,19.7687,-0.0199,0.0698
1779816505793,1,11.0000004b,Drive,Loading,pitch.0,334638,-4.9469,10.8868,76.9669,48.9008,14.223,17.8082,-0.0196,0.0675
1779816505793,1,12.00000015,Lower Delivery,Loading,pitch.0,334364,-0.2645,-0.7185,1.1455,-0.0569,0.0076,0.0001,0.0,0.0
1779816505793,1,12.00000018,Upper Delivery,Loading,pitch.0,334921,1.1061,1.045,0.3682,1.3984,-0.6623,1.6096,0.0,0.0
1779816505793,1,Pitching Mound.Delivery,,Loading,pitch.0,334124,0.8509,0.2801,1.4516,1.7249,-0.7396,2.0915,0.0,0.0
1779816505793,1,Pitching Mound.Drive,,Loading,pitch.0,334638,-4.9469,10.8868,76.9669,48.9008,14.223,17.8082,-0.0196,0.0675
1779816505793,1,Pitching Mound.Parent,,Loading,pitch.0,333831,-4.0493,11.1898,78.7724,50.8363,13.731,19.7987,-0.0195,0.0698
1779816505794,1,11.0000004b,Drive,Loading,pitch.0,334639,-5.0058,10.8759,76.5407,48.7541,13.7852,17.8051,-0.0191,0.0676
1779816505794,1,12.00000015,Lower Delivery,Loading,pitch.0,334365,-0.2564,-0.7184,1.2191,-0.0524,0.0127,0.0148,0.0,0.0
1779816505794,1,12.00000018,Upper Delivery,Loading,pitch.0,334922,1.1103,1.0997,0.4489,1.4611,-0.6414,1.609,0.0,0.0
1779816505794,1,Pitching Mound.Delivery,,Loading,pitch.0,334125,0.8497,0.3266,1.5873,1.6352,-0.6497,2.0877,0.0,0.0
1779816505794,1,Pitching Mound.Drive,,Loading,pitch.0,334639,-5.0058,10.8759,76.5407,48.7541,13.7852,17.8051,-0.0191,0.0676
1779816505794,1,Pitching Mound.Parent,,Loading,pitch.0,333832,-4.0972,11.2134,78.5542,50.536,13.5733,19.8958,-0.0192,0.0698
1779816505795,1,11.0000004b,Drive,Loading,pitch.0,334640,-5.0598,10.8672,76.2509,48.5828,13.5815,17.8243,-0.0189,0.0676
1779816505795,1,12.00000015,Lower Delivery,Loading,pitch.0,334366,-0.2653,-0.7162,1.1928,-0.0445,0.0138,0.0735,0.0,0.0
1779816505795,1,12.00000015,Lower Delivery,Loading,pitch.0,334367,-0.2632,-0.7156,1.1709,-0.0539,0.0112,0.0384,0.0,0.0
1779816505795,1,12.00000018,Upper Delivery,Loading,pitch.0,334923,1.1473,1.1515,0.5155,1.4995,-0.6357,1.5856,0.0,0.0
1779816505795,1,Pitching Mound.Delivery,,Loading,pitch.0,334126,0.845,0.3835,1.6417,1.6695,-0.6277,2.1502,0.0,0.0
1779816505795,1,Pitching Mound.Delivery,,Loading,pitch.0,334127,0.8841,0.4359,1.6863,1.6684,-0.6245,2.1036,0.0,0.0
1779816505795,1,Pitching Mound.Drive,,Loading,pitch.0,334640,-5.0598,10.8672,76.2509,48.5828,13.5815,17.8243,-0.0189,0.0676
1779816505795,1,Pitching Mound.Parent,,Loading,pitch.0,333834,-4.1757,11.3032,77.9372,50.2512,12.9571,19.9279,-0.0185,0.069
1779816505795,1,Pitching Mound.Parent,,Loading,pitch.0,333833,-4.1608,11.2594,78.1824,50.4236,13.1575,19.9553,-0.0187,0.0694
1779816505796,1,11.0000004b,Drive,Loading,pitch.0,334641,-5.1129,10.8455,75.8892,48.4291,13.006,17.9118,-0.0182,0.0677
1779816505796,1,12.00000018,Upper Delivery,Loading,pitch.0,334924,1.1033,1.1396,0.4682,1.5661,-0.8355,1.5922,0.0,0.0
1779816505796,1,Pitching Mound.Drive,,Loading,pitch.0,334641,-5.1129,10.8455,75.8892,48.4291,13.006,17.9118,-0.0182,0.0677
1779816505797,1,11.0000004b,Drive,Loading,pitch.0,334642,-5.1628,10.8302,75.567,48.2068,12.7525,17.9376,-0.0179,0.0677
1779816505797,1,12.00000015,Lower Delivery,Loading,pitch.0,334368,-0.272,-0.7039,1.1534,-0.0484,0.0254,0.0207,0.0,0.0
1779816505797,1,12.00000018,Upper Delivery,Loading,pitch.0,334925,1.084,1.102,0.5105,1.6516,-0.9888,1.568,0.0,0.0
1779816505797,1,Pitching Mound.Delivery,,Loading,pitch.0,334128,0.8313,0.4357,1.6216,1.7507,-0.8101,2.0805,0.0,0.0
1779816505797,1,Pitching Mound.Drive,,Loading,pitch.0,334642,-5.1628,10.8302,75.567,48.2068,12.7525,17.9376,-0.0179,0.0677
1779816505797,1,Pitching Mound.Parent,,Loading,pitch.0,333835,-4.2816,11.2812,77.5108,50.1798,12.1959,19.9923,-0.0178,0.0693
1779816505798,1,11.0000004b,Drive,Loading,pitch.0,334643,-5.2299,10.818,75.178,48.0259,12.4111,18.003,-0.0175,0.0678
1779816505798,1,12.00000015,Lower Delivery,Loading,pitch.0,334369,-0.2681,-0.7018,1.2431,-0.0586,0.0157,0.0072,0.0,0.0
1779816505798,1,12.00000018,Upper Delivery,Loading,pitch.0,334926,1.1125,1.0935,0.4231,1.6905,-0.9568,1.5998,0.0,0.0
1779816505798,1,Pitching Mound.Delivery,,Loading,pitch.0,334129,0.8159,0.4002,1.7536,1.8421,-0.9731,2.0349,0.0,0.0
1779816505798,1,Pitching Mound.Drive,,Loading,pitch.0,334643,-5.2299,10.818,75.178,48.0259,12.4111,18.003,-0.0175,0.0678
1779816505798,1,Pitching Mound.Parent,,Loading,pitch.0,333836,-4.3468,11.2304,77.3206,50.0489,11.7794,19.9725,-0.0175,0.0694
1779816505799,1,11.0000004b,Drive,Loading,pitch.0,334644,-5.2855,10.8104,74.8994,47.8457,12.1293,18.061,-0.0172,0.0678
1779816505799,1,12.00000015,Lower Delivery,Loading,pitch.0,334370,-0.262,-0.7132,1.0665,-0.0655,0.006,-0.0077,0.0,0.0
1779816505799,1,12.00000015,Lower Delivery,Loading,pitch.0,334371,-0.2754,-0.7256,1.1331,-0.0633,0.0147,0.0025,0.0,0.0
1779816505799,1,Pitching Mound.Delivery,,Loading,pitch.0,334130,0.8505,0.3804,1.4896,1.8437,-0.9509,2.0594,0.0,0.0
1779816505799,1,Pitching Mound.Drive,,Loading,pitch.0,334644,-5.2855,10.8104,74.8994,47.8457,12.1293,18.061,-0.0172,0.0678
1779816505799,1,Pitching Mound.Parent,,Loading,pitch.0,333837,-4.3795,11.1984,76.6676,49.8696,11.4602,20.0623,-0.0172,0.0694
1779816505800,1,11.0000004b,Drive,Loading,pitch.0,334645,-5.3317,10.8091,74.7005,47.7232,11.7781,18.1265,-0.0167,0.0678
1779816505800,1,12.00000015,Lower Delivery,Loading,pitch.0,334372,-0.2809,-0.7273,1.0756,-0.0635,0.0158,-0.0105,0.0,0.0
1779816505800,1,12.00000018,Upper Delivery,Loading,pitch.0,334927,1.0977,1.0425,0.4185,1.6952,-1.0111,1.6137,0.0,0.0
1779816505800,1,Pitching Mound.Delivery,,Loading,pitch.0,334131,0.8223,0.3168,1.5517,1.8749,-0.9965,2.0831,0.0,0.0
1779816505800,1,Pitching Mound.Drive,,Loading,pitch.0,334645,-5.3317,10.8091,74.7005,47.7232,11.7781,18.1265,-0.0167,0.0678
1779816505800,1,Pitching Mound.Parent,,Loading,pitch.0,333838,-4.4632,11.1272,76.4511,49.7206,11.1329,20.1441,-0.0168,0.0696
1779816505801,1,11.0000004b,Drive,Loading,pitch.0,334646,-5.3876,10.7935,74.394,47.5239,11.4401,18.2005,-0.0163,0.0678
1779816505801,1,12.00000015,Lower Delivery,Loading,pitch.0,334373,-0.276,-0.7264,1.0551,-0.0638,0.0204,-0.0115,0.0,0.0
1779816505801,1,12.00000018,Upper Delivery,Loading,pitch.0,334928,1.0875,1.0253,0.4531,1.6738,-1.2311,1.6412,0.0,0.0
1779816505801,1,12.00000018,Upper Delivery,Loading,pitch.0,334929,1.0858,1.0191,0.4107,1.6309,-1.2333,1.6626,0.0,0.0
1779816505801,1,Pitching Mound.Delivery,,Loading,pitch.0,334132,0.8066,0.298,1.5287,1.8219,-1.2153,2.096,0.0,0.0
1779816505801,1,Pitching Mound.Delivery,,Loading,pitch.0,334133,0.8098,0.2927,1.4657,1.7863,-1.2129,2.114,0.0,0.0
1779816505801,1,Pitching Mound.Drive,,Loading,pitch.0,334646,-5.3876,10.7935,74.394,47.5239,11.4401,18.2005,-0.0163,0.0678
1779816505801,1,Pitching Mound.Parent,,Loading,pitch.0,333839,-4.5251,11.1071,76.2292,49.5451,10.5628,20.2225,-0.0164,0.0692
1779816505801,1,Pitching Mound.Parent,,Loading,pitch.0,333840,-4.5778,11.0862,75.8597,49.3102,10.2271,20.3145,-0.016,0.0694
1779816505802,1,11.0000004b,Drive,Loading,pitch.0,334647,-5.4549,10.797,74.0966,47.3707,11.2788,18.2469,-0.0162,0.0679
1779816505802,1,12.00000015,Lower Delivery,Loading,pitch.0,334374,-0.2767,-0.7424,1.0791,-0.0684,0.0206,-0.0096,0.0,0.0
1779816505802,1,12.00000018,Upper Delivery,Loading,pitch.0,334930,1.1211,1.0188,0.3587,1.486,-1.3223,1.6502,0.0,0.0
1779816505802,1,Pitching Mound.Delivery,,Loading,pitch.0,334134,0.8444,0.2764,1.4377,1.6625,-1.3018,2.1159,0.0,0.0
1779816505802,1,Pitching Mound.Drive,,Loading,pitch.0,334647,-5.4549,10.797,74.0966,47.3707,11.2788,18.2469,-0.0162,0.0679
1779816505802,1,Pitching Mound.Parent,,Loading,pitch.0,333841,-4.6105,11.0734,75.5343,49.0332,9.977,20.3628,-0.0159,0.0698
1779816505803,1,11.0000004b,Drive,Loading,pitch.0,334648,-5.4993,10.7864,73.9132,47.1709,11.1182,18.3049,-0.016,0.0678
1779816505803,1,12.00000015,Lower Delivery,Loading,pitch.0,334375,-0.2972,-0.7591,1.073,-0.0719,0.0141,-0.0063,0.0,0.0
1779816505803,1,Pitching Mound.Drive,,Loading,pitch.0,334648,-5.4993,10.7864,73.9132,47.1709,11.1182,18.3049,-0.016,0.0678
1779816505804,1,11.0000004b,Drive,Loading,pitch.0,334649,-5.5746,10.7929,73.7743,47.0256,10.9553,18.3404,-0.0158,0.0677
1779816505804,1,12.00000015,Lower Delivery,Loading,pitch.0,334376,-0.2964,-0.7659,1.1245,-0.0743,0.0167,-0.0039,0.0,0.0
1779816505804,1,12.00000018,Upper Delivery,Loading,pitch.0,334931,1.1356,1.0101,0.3611,1.3944,-1.4025,1.6678,0.0,0.0
1779816505804,1,Pitching Mound.Delivery,,Loading,pitch.0,334135,0.8384,0.251,1.4341,1.5646,-1.3884,2.1486,0.0,0.0
1779816505804,1,Pitching Mound.Drive,,Loading,pitch.0,334649,-5.5746,10.7929,73.7743,47.0256,10.9553,18.3404,-0.0158,0.0677
1779816505804,1,Pitching Mound.Parent,,Loading,pitch.0,333842,-4.6608,11.0374,75.3474,48.7355,9.7298,20.4535,-0.0157,0.0697
1779816505805,1,11.0000004b,Drive,Loading,pitch.0,334650,-5.6305,10.8002,73.6315,46.8548,10.8635,18.4173,-0.0157,0.0676
1779816505805,1,12.00000015,Lower Delivery,Loading,pitch.0,334377,-0.3047,-0.7746,1.1238,-0.0703,0.014,0.0172,0.0,0.0
1779816505805,1,12.00000018,Upper Delivery,Loading,pitch.0,334932,1.1378,1.0416,0.3718,1.456,-1.3997,1.7081,0.0,0.0
1779816505805,1,Pitching Mound.Delivery,,Loading,pitch.0,334136,0.8414,0.2757,1.4963,1.6376,-1.383,2.1918,0.0,0.0
1779816505805,1,Pitching Mound.Drive,,Loading,pitch.0,334650,-5.6305,10.8002,73.6315,46.8548,10.8635,18.4173,-0.0157,0.0676
1779816505805,1,Pitching Mound.Parent,,Loading,pitch.0,333843,-4.7332,11.0686,75.2706,48.6632,9.5724,20.5322,-0.0155,0.0697
1779816505806,1,11.0000004b,Drive,Loading,pitch.0,334651,-5.6907,10.7896,73.4299,46.8317,10.7193,18.5164,-0.0155,0.0677
1779816505806,1,12.00000015,Lower Delivery,Loading,pitch.0,334378,-0.306,-0.7749,1.2254,-0.064,0.0198,0.0431,0.0,0.0
1779816505806,1,12.00000018,Upper Delivery,Loading,pitch.0,334934,1.172,0.9774,0.2904,1.2763,-1.6325,1.7458,0.0,0.0
1779816505806,1,12.00000018,Upper Delivery,Loading,pitch.0,334933,1.1619,0.9887,0.2938,1.2378,-1.6785,1.7282,0.0,0.0
1779816505806,1,Pitching Mound.Delivery,,Loading,pitch.0,334138,0.866,0.2025,1.5158,1.5302,-1.6128,2.2914,0.0,0.0
1779816505806,1,Pitching Mound.Delivery,,Loading,pitch.0,334137,0.8571,0.2141,1.4176,1.4496,-1.6645,2.244,0.0,0.0
1779816505806,1,Pitching Mound.Drive,,Loading,pitch.0,334651,-5.6907,10.7896,73.4299,46.8317,10.7193,18.5164,-0.0155,0.0677
1779816505806,1,Pitching Mound.Parent,,Loading,pitch.0,333844,-4.8336,11.0037,74.8474,48.2813,9.0548,20.7604,-0.0152,0.0702
1779816505807,1,11.0000004b,Drive,Loading,pitch.0,334652,-5.7485,10.7807,73.2465,46.6528,10.6327,18.5864,-0.0154,0.0676
1779816505807,1,12.00000015,Lower Delivery,Loading,pitch.0,334379,-0.2975,-0.7758,1.298,-0.0536,0.0238,0.101,0.0,0.0
1779816505807,1,12.00000018,Upper Delivery,Loading,pitch.0,334935,1.1545,0.913,0.2715,1.1928,-1.6629,1.7515,0.0,0.0
1779816505807,1,Pitching Mound.Delivery,,Loading,pitch.0,334139,0.857,0.1372,1.5695,1.4882,-1.6391,2.3462,0.0,0.0
1779816505807,1,Pitching Mound.Drive,,Loading,pitch.0,334652,-5.7485,10.7807,73.2465,46.6528,10.6327,18.5864,-0.0154,0.0676
1779816505807,1,Pitching Mound.Parent,,Loading,pitch.0,333845,-4.8825,10.9832,74.7623,48.183,9.02,20.8778,-0.0151,0.0705
1779816505808,1,11.0000004b,Drive,Loading,pitch.0,334654,-5.8703,10.7808,72.9847,46.5689,10.3914,18.7209,-0.0151,0.0677
1779816505808,1,11.0000004b,Drive,Loading,pitch.0,334653,-5.802,10.7951,73.1611,46.6223,10.415,18.6674,-0.0151,0.0677
1779816505808,1,12.00000015,Lower Delivery,Loading,pitch.0,334380,-0.2927,-0.7605,1.2964,-0.0564,0.0267,0.0884,0.0,0.0
1779816505808,1,12.00000018,Upper Delivery,Loading,pitch.0,334936,1.1849,0.9486,0.3401,1.1424,-1.699,1.7447,0.0,0.0
1779816505808,1,Pitching Mound.Delivery,,Loading,pitch.0,334140,0.8922,0.1881,1.6365,1.4112,-1.6723,2.3355,0.0,0.0
1779816505808,1,Pitching Mound.Drive,,Loading,pitch.0,334654,-5.8703,10.7808,72.9847,46.5689,10.3914,18.7209,-0.0151,0.0677
1779816505808,1,Pitching Mound.Drive,,Loading,pitch.0,334653,-5.802,10.7951,73.1611,46.6223,10.415,18.6674,-0.0151,0.0677
1779816505808,1,Pitching Mound.Parent,,Loading,pitch.0,333846,-4.945,10.9323,74.7306,48.1106,8.7759,21.0136,-0.0148,0.0709
1779816505808,1,Pitching Mound.Parent,,Loading,pitch.0,333847,-4.9781,10.9689,74.6211,47.98,8.7191,21.0564,-0.0148,0.0706
1779816505809,1,12.00000015,Lower Delivery,Loading,pitch.0,334381,-0.2897,-0.7355,1.3628,-0.0576,0.0243,0.0664,0.0,0.0
1779816505809,1,12.00000018,Upper Delivery,Loading,pitch.0,334937,1.1527,0.9189,0.3538,1.1777,-1.9093,1.7864,0.0,0.0
1779816505809,1,Pitching Mound.Delivery,,Loading,pitch.0,334141,0.863,0.1834,1.7166,1.4631,-1.8849,2.3432,0.0,0.0
1779816505810,1,11.0000004b,Drive,Loading,pitch.0,334655,-5.9232,10.7794,72.8649,46.3852,10.2706,18.7927,-0.015,0.0676
1779816505810,1,11.0000004b,Drive,Loading,pitch.0,334656,-5.971,10.7636,72.7861,46.2801,10.2532,18.8792,-0.015,0.0675
1779816505810,1,12.00000015,Lower Delivery,Loading,pitch.0,334382,-0.2785,-0.7076,1.2332,-0.0534,0.0266,0.0529,0.0,0.0
1779816505810,1,12.00000018,Upper Delivery,Loading,pitch.0,334938,1.165,0.8936,0.2933,1.2336,-1.6539,1.8017,0.0,0.0
1779816505810,1,Pitching Mound.Delivery,,Loading,pitch.0,334142,0.8865,0.186,1.5265,1.4997,-1.6273,2.3454,0.0,0.0
1779816505810,1,Pitching Mound.Drive,,Loading,pitch.0,334655,-5.9232,10.7794,72.8649,46.3852,10.2706,18.7927,-0.015,0.0676
1779816505810,1,Pitching Mound.Drive,,Loading,pitch.0,334656,-5.971,10.7636,72.7861,46.2801,10.2532,18.8792,-0.015,0.0675
1779816505810,1,Pitching Mound.Parent,,Loading,pitch.0,333848,-5.0602,10.9627,74.5815,47.8483,8.3857,21.1359,-0.0146,0.0706
1779816505810,1,Pitching Mound.Parent,,Loading,pitch.0,333849,-5.0845,10.9495,74.3126,47.7798,8.6259,21.2246,-0.0146,0.0704
1779816505811,1,11.0000004b,Drive,Loading,pitch.0,334657,-6.0128,10.761,72.7359,46.2384,10.194,18.9696,-0.0149,0.0675
1779816505811,1,12.00000015,Lower Delivery,Loading,pitch.0,334383,-0.2679,-0.6679,1.1707,-0.059,0.0329,0.0204,0.0,0.0
1779816505811,1,12.00000018,Upper Delivery,Loading,pitch.0,334939,1.1969,0.8516,0.2655,1.2282,-1.5096,1.7396,0.0,0.0
1779816505811,1,Pitching Mound.Delivery,,Loading,pitch.0,334143,0.929,0.1837,1.4362,1.4769,-1.4767,2.258,0.0,0.0
1779816505811,1,Pitching Mound.Drive,,Loading,pitch.0,334657,-6.0128,10.761,72.7359,46.2384,10.194,18.9696,-0.0149,0.0675
1779816505811,1,Pitching Mound.Parent,,Loading,pitch.0,333850,-5.0837,10.9447,74.1721,47.7154,8.7173,21.2276,-0.0146,0.0703
1779816505812,1,11.0000004b,Drive,Loading,pitch.0,334658,-6.033,10.7554,72.6359,46.2438,10.0059,19.0541,-0.0146,0.0676
1779816505812,1,12.00000015,Lower Delivery,Loading,pitch.0,334384,-0.2585,-0.6926,1.1327,-0.0604,0.0273,0.0037,0.0,0.0
1779816505812,1,12.00000018,Upper Delivery,Loading,pitch.0,334940,1.2099,0.846,0.2899,1.3479,-1.4306,1.7597,0.0,0.0
1779816505812,1,Pitching Mound.Delivery,,Loading,pitch.0,334144,0.9514,0.1534,1.4227,1.5741,-1.4033,2.2626,0.0,0.0
1779816505812,1,Pitching Mound.Drive,,Loading,pitch.0,334658,-6.033,10.7554,72.6359,46.2438,10.0059,19.0541,-0.0146,0.0676
1779816505812,1,Pitching Mound.Parent,,Loading,pitch.0,333851,-5.0816,10.9088,74.0586,47.8179,8.6026,21.3168,-0.0143,0.0702
1779816505813,1,11.0000004b,Drive,Loading,pitch.0,334659,-6.0832,10.7578,72.5293,46.2721,9.9033,19.1233,-0.0145,0.0677
1779816505813,1,12.00000015,Lower Delivery,Loading,pitch.0,334385,-0.2502,-0.6807,1.1333,-0.0644,0.0254,0.0034,0.0,0.0
1779816505813,1,12.00000018,Upper Delivery,Loading,pitch.0,334941,1.1714,0.8435,0.2733,1.185,-1.287,1.7679,0.0,0.0
1779816505813,1,Pitching Mound.Delivery,,Loading,pitch.0,334145,0.9212,0.1627,1.4066,1.413,-1.2616,2.2547,0.0,0.0
1779816505813,1,Pitching Mound.Drive,,Loading,pitch.0,334659,-6.0832,10.7578,72.5293,46.2721,9.9033,19.1233,-0.0145,0.0677
1779816505813,1,Pitching Mound.Parent,,Loading,pitch.0,333852,-5.162,10.9205,73.9359,47.6851,8.6417,21.378,-0.0142,0.0704
1779816505814,1,11.0000004b,Drive,Loading,pitch.0,334660,-6.1056,10.7413,72.5225,46.2244,9.9497,19.1668,-0.0146,0.0677
1779816505814,1,12.00000015,Lower Delivery,Loading,pitch.0,334386,-0.2495,-0.6571,1.0093,-0.0701,0.0279,-0.0037,0.0,0.0
1779816505814,1,12.00000018,Upper Delivery,Loading,pitch.0,334942,1.1643,0.8755,0.3504,1.2598,-0.9662,1.7661,0.0,0.0
1779816505814,1,Pitching Mound.Delivery,,Loading,pitch.0,334146,0.9147,0.2184,1.3598,1.4138,-0.9383,2.2431,0.0,0.0
1779816505814,1,Pitching Mound.Drive,,Loading,pitch.0,334660,-6.1056,10.7413,72.5225,46.2244,9.9497,19.1668,-0.0146,0.0677
1779816505814,1,Pitching Mound.Parent,,Loading,pitch.0,333853,-5.1908,10.9597,73.8823,47.6381,9.0114,21.4099,-0.0143,0.0695
1779816505815,1,11.0000004b,Drive,Loading,pitch.0,334661,-6.1239,10.7455,72.4506,46.2557,9.7828,19.25,-0.0143,0.0678
1779816505815,1,12.00000015,Lower Delivery,Loading,pitch.0,334387,-0.2398,-0.6773,1.0068,-0.0736,0.0177,-0.0068,0.0,0.0
1779816505815,1,12.00000018,Upper Delivery,Loading,pitch.0,334943,1.1639,0.9011,0.3762,1.2622,-0.9641,1.7322,0.0,0.0
1779816505815,1,Pitching Mound.Delivery,,Loading,pitch.0,334147,0.9242,0.2239,1.383,1.403,-0.9464,2.2026,0.0,0.0
1779816505815,1,Pitching Mound.Drive,,Loading,pitch.0,334661,-6.1239,10.7455,72.4506,46.2557,9.7828,19.25,-0.0143,0.0678
1779816505815,1,Pitching Mound.Parent,,Loading,pitch.0,333854,-5.1997,10.9694,73.8336,47.6586,8.8364,21.4526,-0.0141,0.0694
1779816505816,1,11.0000004b,Drive,Loading,pitch.0,334662,-6.1384,10.7439,72.4716,46.2407,9.7697,19.289,-0.0143,0.0677
1779816505816,1,12.00000015,Lower Delivery,Loading,pitch.0,334388,-0.2121,-0.6681,0.882,-0.0821,0.0166,-0.0089,0.0,0.0
1779816505816,1,12.00000018,Upper Delivery,Loading,pitch.0,334944,1.1675,0.916,0.3054,1.2021,-0.8517,1.745,0.0,0.0
1779816505816,1,Pitching Mound.Delivery,,Loading,pitch.0,334148,0.9554,0.2479,1.1874,1.316,-0.8351,2.2052,0.0,0.0
1779816505816,1,Pitching Mound.Drive,,Loading,pitch.0,334662,-6.1384,10.7439,72.4716,46.2407,9.7697,19.289,-0.0143,0.0677
1779816505816,1,Pitching Mound.Parent,,Loading,pitch.0,333855,-5.1829,10.9917,73.659,47.5567,8.9345,21.4942,-0.0141,0.0693
1779816505817,1,11.0000004b,Drive,Loading,pitch.0,334663,-6.1579,10.7477,72.544,46.2363,9.7807,19.3362,-0.0143,0.0677
1779816505817,1,12.00000015,Lower Delivery,Loading,pitch.0,334389,-0.2316,-0.6961,0.8914,-0.0888,0.0272,-0.0094,0.0,0.0
1779816505817,1,12.00000018,Upper Delivery,Loading,pitch.0,334945,1.1764,0.9411,0.3619,1.1244,-0.5845,1.6965,0.0,0.0
1779816505817,1,Pitching Mound.Delivery,,Loading,pitch.0,334149,0.9447,0.245,1.2533,1.2156,-0.5573,2.1658,0.0,0.0
1779816505817,1,Pitching Mound.Drive,,Loading,pitch.0,334663,-6.1579,10.7477,72.544,46.2363,9.7807,19.3362,-0.0143,0.0677
1779816505817,1,Pitching Mound.Parent,,Loading,pitch.0,333856,-5.2132,10.9927,73.7973,47.4519,9.2234,21.502,-0.0141,0.069
1779816505818,1,11.0000004b,Drive,Loading,pitch.0,334664,-6.1691,10.7488,72.6708,46.1958,9.7845,19.397,-0.0143,0.0675
1779816505818,1,12.00000015,Lower Delivery,Loading,pitch.0,334390,-0.2285,-0.7154,0.8926,-0.098,0.0177,-0.0096,0.0,0.0
1779816505818,1,12.00000018,Upper Delivery,Loading,pitch.0,334946,1.2054,0.9713,0.3146,1.1686,-0.5327,1.726,0.0,0.0
1779816505818,1,Pitching Mound.Delivery,,Loading,pitch.0,334150,0.9769,0.2559,1.2072,1.2671,-0.515,2.2039,0.0,0.0
1779816505818,1,Pitching Mound.Drive,,Loading,pitch.0,334664,-6.1691,10.7488,72.6708,46.1958,9.7845,19.397,-0.0143,0.0675
1779816505818,1,Pitching Mound.Parent,,Loading,pitch.0,333857,-5.1922,11.0047,73.878,47.4629,9.2694,21.6009,-0.0141,0.069
1779816505819,1,11.0000004b,Drive,Loading,pitch.0,334665,-6.1743,10.7632,72.6521,46.223,9.8518,19.4628,-0.0144,0.0675
1779816505819,1,12.00000015,Lower Delivery,Loading,pitch.0,334391,-0.245,-0.7397,0.9566,-0.0915,0.0152,-0.0079,0.0,0.0
1779816505819,1,12.00000018,Upper Delivery,Loading,pitch.0,334947,1.2014,0.9814,0.2304,1.2943,-0.6536,1.7515,0.0,0.0
1779816505819,1,Pitching Mound.Delivery,,Loading,pitch.0,334151,0.9563,0.2417,1.1871,1.4498,-0.6384,2.2354,0.0,0.0
1779816505819,1,Pitching Mound.Drive,,Loading,pitch.0,334665,-6.1743,10.7632,72.6521,46.223,9.8518,19.4628,-0.0144,0.0675
1779816505819,1,Pitching Mound.Parent,,Loading,pitch.0,333858,-5.218,11.0049,73.8391,47.6728,9.2134,21.6982,-0.0142,0.0698
1779816505820,1,11.0000004b,Drive,Loading,pitch.0,334666,-6.1668,10.7661,72.7129,46.2057,9.7838,19.463,-0.0143,0.0675
1779816505820,1,12.00000015,Lower Delivery,Loading,pitch.0,334392,-0.2488,-0.7552,0.9738,-0.085,0.0156,-0.0092,0.0,0.0
1779816505820,1,12.00000018,Upper Delivery,Loading,pitch.0,334948,1.1856,0.9928,0.2754,1.2775,-0.6684,1.7161,0.0,0.0
1779816505820,1,Pitching Mound.Delivery,,Loading,pitch.0,334152,0.9367,0.2376,1.2492,1.4299,-0.6528,2.1946,0.0,0.0
1779816505820,1,Pitching Mound.Drive,,Loading,pitch.0,334666,-6.1668,10.7661,72.7129,46.2057,9.7838,19.463,-0.0143,0.0675
1779816505820,1,Pitching Mound.Parent,,Loading,pitch.0,333859,-5.2301,11.0037,73.9621,47.6356,9.131,21.6576,-0.014,0.0695
1779816505821,1,11.0000004b,Drive,Loading,pitch.0,334667,-6.1691,10.7872,72.724,46.2118,9.863,19.4575,-0.0144,0.0675
1779816505821,1,12.00000015,Lower Delivery,Loading,pitch.0,334393,-0.2634,-0.7441,0.9513,-0.0804,0.0064,-0.0104,0.0,0.0
1779816505821,1,12.00000018,Upper Delivery,Loading,pitch.0,334949,1.1783,0.9479,0.1786,1.3077,-0.667,1.6659,0.0,0.0
1779816505821,1,Pitching Mound.Delivery,,Loading,pitch.0,334153,0.915,0.2038,1.1299,1.4901,-0.6605,2.1456,0.0,0.0
1779816505821,1,Pitching Mound.Drive,,Loading,pitch.0,334667,-6.1691,10.7872,72.724,46.2118,9.863,19.4575,-0.0144,0.0675
1779816505821,1,Pitching Mound.Parent,,Loading,pitch.0,333860,-5.2542,10.991,73.8539,47.7019,9.2025,21.6031,-0.0142,0.07
1779816505822,1,11.0000004b,Drive,Loading,pitch.0,334668,-6.1512,10.8014,72.7595,46.2341,9.859,19.5162,-0.0144,0.0675
1779816505822,1,12.00000015,Lower Delivery,Loading,pitch.0,334394,-0.2854,-0.7711,0.9698,-0.0798,-0.002,-0.011,0.0,0.0
1779816505822,1,12.00000018,Upper Delivery,Loading,pitch.0,334950,1.1364,0.9173,0.2885,1.2077,-0.636,1.6724,0.0,0.0
1779816505822,1,Pitching Mound.Delivery,,Loading,pitch.0,334154,0.851,0.1462,1.2584,1.3595,-0.638,2.1448,0.0,0.0
1779816505822,1,Pitching Mound.Drive,,Loading,pitch.0,334668,-6.1512,10.8014,72.7595,46.2341,9.859,19.5162,-0.0144,0.0675
1779816505822,1,Pitching Mound.Parent,,Loading,pitch.0,333861,-5.3002,10.9476,74.0179,47.5936,9.221,21.661,-0.0141,0.0694
1779816505823,1,11.0000004b,Drive,Loading,pitch.0,334669,-6.1451,10.809,72.7458,46.2704,9.8335,19.5586,-0.0144,0.0675
1779816505823,1,12.00000015,Lower Delivery,Loading,pitch.0,334395,-0.2768,-0.7483,0.9791,-0.0742,-0.0013,-0.0113,0.0,0.0
1779816505823,1,12.00000018,Upper Delivery,Loading,pitch.0,334951,1.1108,0.8954,0.299,1.0619,-0.6296,1.6743,0.0,0.0
1779816505823,1,Pitching Mound.Delivery,,Loading,pitch.0,334155,0.834,0.1472,1.278,1.2189,-0.6309,2.1347,0.0,0.0
1779816505823,1,Pitching Mound.Drive,,Loading,pitch.0,334669,-6.1451,10.809,72.7458,46.2704,9.8335,19.5586,-0.0144,0.0675
1779816505823,1,Pitching Mound.Parent,,Loading,pitch.0,333862,-5.3111,10.9562,74.0238,47.4893,9.2027,21.6933,-0.0141,0.0695
1779816505824,1,11.0000004b,Drive,Loading,pitch.0,334670,-6.1268,10.8347,72.8858,46.2762,10.0496,19.5807,-0.0146,0.0674
1779816505824,1,12.00000015,Lower Delivery,Loading,pitch.0,334396,-0.2698,-0.7279,0.9588,-0.0768,-0.0146,-0.0127,0.0,0.0
1779816505824,1,12.00000018,Upper Delivery,Loading,pitch.0,334952,1.0985,0.925,0.3345,1.2397,-0.7149,1.648,0.0,0.0
1779816505824,1,Pitching Mound.Delivery,,Loading,pitch.0,334156,0.8287,0.1971,1.2933,1.3752,-0.7296,2.1006,0.0,0.0
1779816505824,1,Pitching Mound.Drive,,Loading,pitch.0,334670,-6.1268,10.8347,72.8858,46.2762,10.0496,19.5807,-0.0146,0.0674
1779816505824,1,Pitching Mound.Parent,,Loading,pitch.0,333863,-5.2981,11.0318,74.1792,47.6513,9.32,21.6813,-0.0144,0.0691
1779816505825,1,11.0000004b,Drive,Loading,pitch.0,334671,-6.0884,10.8358,72.7708,46.2815,10.0709,19.5866,-0.0147,0.0675
1779816505825,1,12.00000015,Lower Delivery,Loading,pitch.0,334397,-0.2723,-0.7307,0.9782,-0.0831,-0.0204,-0.0128,0.0,0.0
1779816505825,1,12.00000018,Upper Delivery,Loading,pitch.0,334953,1.0814,1.0163,0.4771,1.3386,-0.6716,1.6446,0.0,0.0
1779816505825,1,Pitching Mound.Delivery,,Loading,pitch.0,334157,0.8091,0.2856,1.4553,1.426,-0.692,2.092,0.0,0.0
1779816505825,1,Pitching Mound.Drive,,Loading,pitch.0,334671,-6.0884,10.8358,72.7708,46.2815,10.0709,19.5866,-0.0147,0.0675
1779816505825,1,Pitching Mound.Parent,,Loading,pitch.0,333864,-5.2793,11.1214,74.2261,47.7075,9.3789,21.6786,-0.0144,0.0685
1779816505826,1,11.0000004b,Drive,Loading,pitch.0,334672,-6.0703,10.8537,73.0245,46.2497,10.2381,19.6022,-0.0149,0.0672
1779816505826,1,12.00000015,Lower Delivery,Loading,pitch.0,334398,-0.2593,-0.7093,1.0222,-0.0835,-0.0244,-0.0148,0.0,0.0
1779816505826,1,12.00000018,Upper Delivery,Loading,pitch.0,334954,1.1048,1.0343,0.4802,1.2569,-0.6085,1.621,0.0,0.0
1779816505826,1,Pitching Mound.Delivery,,Loading,pitch.0,334158,0.8454,0.325,1.5024,1.3577,-0.6328,2.07,0.0,0.0
1779816505826,1,Pitching Mound.Drive,,Loading,pitch.0,334672,-6.0703,10.8537,73.0245,46.2497,10.2381,19.6022,-0.0149,0.0672
1779816505826,1,Pitching Mound.Parent,,Loading,pitch.0,333865,-5.2249,11.1787,74.5268,47.6073,9.6052,21.6721,-0.0146,0.0684
1779816505827,1,11.0000004b,Drive,Loading,pitch.0,334673,-6.0508,10.8762,72.9999,46.3085,10.3952,19.6032,-0.0151,0.0673
1779816505827,1,12.00000015,Lower Delivery,Loading,pitch.0,334399,-0.2759,-0.7075,1.0179,-0.083,-0.0287,-0.0154,0.0,0.0
1779816505827,1,12.00000018,Upper Delivery,Loading,pitch.0,334955,1.0829,1.0323,0.5308,1.2149,-0.5604,1.5912,0.0,0.0
1779816505827,1,Pitching Mound.Delivery,,Loading,pitch.0,334159,0.807,0.3249,1.5487,1.2975,-0.5891,2.0378,0.0,0.0
1779816505827,1,Pitching Mound.Drive,,Loading,pitch.0,334673,-6.0508,10.8762,72.9999,46.3085,10.3952,19.6032,-0.0151,0.0673
1779816505827,1,Pitching Mound.Parent,,Loading,pitch.0,333866,-5.2437,11.2011,74.5486,47.6061,9.8061,21.641,-0.0148,0.0682
1779816505828,1,11.0000004b,Drive,Loading,pitch.0,334674,-6.0094,10.9083,73.0541,46.314,10.5088,19.6175,-0.0153,0.0673
1779816505828,1,12.00000015,Lower Delivery,Loading,pitch.0,334400,-0.2575,-0.6926,1.0609,-0.0757,-0.0213,-0.015,0.0,0.0
1779816505828,1,12.00000018,Upper Delivery,Loading,pitch.0,334956,1.1002,1.0859,0.6419,1.192,-0.4917,1.5859,0.0,0.0
1779816505828,1,Pitching Mound.Delivery,,Loading,pitch.0,334160,0.8427,0.3933,1.7028,1.2587,-0.513,2.0325,0.0,0.0
1779816505828,1,Pitching Mound.Drive,,Loading,pitch.0,334674,-6.0094,10.9083,73.0541,46.314,10.5088,19.6175,-0.0153,0.0673
1779816505828,1,Pitching Mound.Parent,,Loading,pitch.0,333867,-5.1668,11.3016,74.7569,47.5727,9.9958,21.65,-0.0149,0.0677
1779816505829,1,11.0000004b,Drive,Loading,pitch.0,334675,-5.9785,10.9212,73.2169,46.3189,10.5895,19.6285,-0.0154,0.0672
1779816505829,1,12.00000015,Lower Delivery,Loading,pitch.0,334401,-0.2537,-0.6975,1.1254,-0.0815,-0.0326,-0.0156,0.0,0.0
1779816505829,1,12.00000018,Upper Delivery,Loading,pitch.0,334957,1.0841,1.0703,0.7265,1.1476,-0.4911,1.6021,0.0,0.0
1779816505829,1,Pitching Mound.Delivery,,Loading,pitch.0,334161,0.8305,0.3729,1.8519,1.2017,-0.5237,2.0414,0.0,0.0
1779816505829,1,Pitching Mound.Drive,,Loading,pitch.0,334675,-5.9785,10.9212,73.2169,46.3189,10.5895,19.6285,-0.0154,0.0672
1779816505829,1,Pitching Mound.Parent,,Loading,pitch.0,333868,-5.148,11.294,75.0688,47.5206,10.0658,21.6699,-0.015,0.0673
1779816505830,1,11.0000004b,Drive,Loading,pitch.0,334676,-5.9434,10.9346,73.281,46.2593,10.5523,19.633,-0.0153,0.067
1779816505830,1,12.00000015,Lower Delivery,Loading,pitch.0,334402,-0.2422,-0.6992,1.1844,-0.0739,-0.0216,-0.012,0.0,0.0
1779816505830,1,12.00000018,Upper Delivery,Loading,pitch.0,334958,1.0883,1.0613,0.7772,1.1748,-0.3842,1.5862,0.0,0.0
1779816505830,1,Pitching Mound.Delivery,,Loading,pitch.0,334162,0.8461,0.362,1.9616,1.2394,-0.4058,2.0266,0.0,0.0
1779816505830,1,Pitching Mound.Drive,,Loading,pitch.0,334676,-5.9434,10.9346,73.281,46.2593,10.5523,19.633,-0.0153,0.067
1779816505830,1,Pitching Mound.Parent,,Loading,pitch.0,333869,-5.0973,11.2967,75.2426,47.4987,10.1465,21.6595,-0.0149,0.0671
1779816505831,1,11.0000004b,Drive,Loading,pitch.0,334677,-5.9075,10.9606,73.379,46.3193,10.6278,19.6937,-0.0154,0.067
1779816505831,1,12.00000015,Lower Delivery,Loading,pitch.0,334403,-0.2491,-0.6782,1.1099,-0.0785,-0.0178,-0.017,0.0,0.0
1779816505831,1,12.00000018,Upper Delivery,Loading,pitch.0,334959,1.0832,1.0359,0.8017,1.1745,-0.4287,1.6408,0.0,0.0
1779816505831,1,Pitching Mound.Delivery,,Loading,pitch.0,334163,0.8341,0.3577,1.9117,1.2007,-0.4465,2.0768,0.0,0.0
1779816505831,1,Pitching Mound.Drive,,Loading,pitch.0,334677,-5.9075,10.9606,73.379,46.3193,10.6278,19.6937,-0.0154,0.067
1779816505831,1,Pitching Mound.Parent,,Loading,pitch.0,333870,-5.0734,11.3183,75.2907,47.52,10.1813,21.7705,-0.015,0.0667
1779816505832,1,11.0000004b,Drive,Loading,pitch.0,334678,-5.8662,10.9867,73.442,46.4106,10.6764,19.7034,-0.0154,0.0671
1779816505832,1,12.00000015,Lower Delivery,Loading,pitch.0,334404,-0.2454,-0.702,1.0616,-0.0799,-0.0086,-0.0145,0.0,0.0
1779816505832,1,12.00000018,Upper Delivery,Loading,pitch.0,334960,1.1239,1.0252,0.8398,1.2573,-0.5182,1.6589,0.0,0.0
1779816505832,1,Pitching Mound.Delivery,,Loading,pitch.0,334164,0.8786,0.3232,1.9014,1.2528,-0.5268,2.11,0.0,0.0
1779816505832,1,Pitching Mound.Drive,,Loading,pitch.0,334678,-5.8662,10.9867,73.442,46.4106,10.6764,19.7034,-0.0154,0.0671
1779816505832,1,Pitching Mound.Parent,,Loading,pitch.0,333871,-4.9876,11.3099,75.3433,47.6634,10.1496,21.8135,-0.015,0.0664
1779816505833,1,11.0000004b,Drive,Loading,pitch.0,334679,-5.8452,11.0136,73.3877,46.5264,10.5986,19.697,-0.0153,0.0673
1779816505833,1,12.00000015,Lower Delivery,Loading,pitch.0,334405,-0.2309,-0.7035,1.1791,-0.0798,-0.0045,-0.0111,0.0,0.0
1779816505833,1,12.00000018,Upper Delivery,Loading,pitch.0,334961,1.1013,1.0134,0.8202,1.4268,-0.7099,1.6717,0.0,0.0
1779816505833,1,Pitching Mound.Delivery,,Loading,pitch.0,334165,0.8703,0.3099,1.9994,1.469,-0.7144,2.1136,0.0,0.0
1779816505833,1,Pitching Mound.Drive,,Loading,pitch.0,334679,-5.8452,11.0136,73.3877,46.5264,10.5986,19.697,-0.0153,0.0673
1779816505833,1,Pitching Mound.Parent,,Loading,pitch.0,333872,-4.9749,11.3235,75.3871,47.9954,9.8842,21.8106,-0.0149,0.0671
1779816505834,1,11.0000004b,Drive,Loading,pitch.0,334680,-5.8201,11.0409,73.4949,46.5217,10.6251,19.6579,-0.0153,0.0672
1779816505834,1,12.00000015,Lower Delivery,Loading,pitch.0,334406,-0.2273,-0.7293,1.1147,-0.0861,0.0001,-0.0086,0.0,0.0
1779816505834,1,12.00000018,Upper Delivery,Loading,pitch.0,334962,1.1251,1.0014,0.6578,1.5704,-0.9622,1.6609,0.0,0.0
1779816505834,1,Pitching Mound.Delivery,,Loading,pitch.0,334166,0.8979,0.2721,1.7725,1.6396,-0.9621,2.1121,0.0,0.0
1779816505834,1,Pitching Mound.Drive,,Loading,pitch.0,334680,-5.8201,11.0409,73.4949,46.5217,10.6251,19.6579,-0.0153,0.0672
1779816505834,1,Pitching Mound.Parent,,Loading,pitch.0,333873,-4.9222,11.313,75.2674,48.1613,9.663,21.77,-0.015,0.0677
1779816505835,1,11.0000004b,Drive,Loading,pitch.0,334681,-5.7978,11.0637,73.4705,46.5534,10.581,19.6489,-0.0153,0.0673
1779816505835,1,12.00000015,Lower Delivery,Loading,pitch.0,334407,-0.2343,-0.7078,1.0377,-0.0824,0.007,-0.0088,0.0,0.0
1779816505835,1,12.00000018,Upper Delivery,Loading,pitch.0,334963,1.131,1.0007,0.6235,1.5884,-1.1934,1.6346,0.0,0.0
1779816505835,1,Pitching Mound.Delivery,,Loading,pitch.0,334167,0.8968,0.2929,1.6612,1.6468,-1.1864,2.09,0.0,0.0
1779816505835,1,Pitching Mound.Drive,,Loading,pitch.0,334681,-5.7978,11.0637,73.4705,46.5534,10.581,19.6489,-0.0153,0.0673
1779816505835,1,Pitching Mound.Parent,,Loading,pitch.0,333874,-4.901,11.3566,75.1316,48.2001,9.3946,21.7389,-0.015,0.0677
1779816505836,1,12.00000015,Lower Delivery,Loading,pitch.0,334408,-0.2343,-0.7014,1.0602,-0.0731,0.0131,-0.006,0.0,0.0
1779816505836,1,12.00000018,Upper Delivery,Loading,pitch.0,334964,1.1478,0.9539,0.4869,1.5168,-1.2587,1.6519,0.0,0.0
1779816505836,1,Pitching Mound.Delivery,,Loading,pitch.0,334168,0.9136,0.2525,1.5471,1.6386,-1.2456,2.1158,0.0,0.0
1779816505837,1,11.0000004b,Drive,Loading,pitch.0,334683,-5.7527,11.1292,73.6149,46.6435,10.5663,19.6431,-0.0152,0.0673
1779816505837,1,11.0000004b,Drive,Loading,pitch.0,334682,-5.7685,11.0922,73.5939,46.6386,10.6452,19.6246,-0.0154,0.0673
1779816505837,1,12.00000015,Lower Delivery,Loading,pitch.0,334409,-0.2359,-0.7353,1.0531,-0.0764,0.0218,0.0099,0.0,0.0
1779816505837,1,12.00000018,Upper Delivery,Loading,pitch.0,334965,1.1175,0.9591,0.4948,1.5828,-0.9855,1.6095,0.0,0.0
1779816505837,1,Pitching Mound.Delivery,,Loading,pitch.0,334169,0.8817,0.2238,1.5479,1.6962,-0.9637,2.0795,0.0,0.0
1779816505837,1,Pitching Mound.Drive,,Loading,pitch.0,334683,-5.7527,11.1292,73.6149,46.6435,10.5663,19.6431,-0.0152,0.0673
1779816505837,1,Pitching Mound.Drive,,Loading,pitch.0,334682,-5.7685,11.0922,73.5939,46.6386,10.6452,19.6246,-0.0154,0.0673
1779816505837,1,Pitching Mound.Parent,,Loading,pitch.0,333876,-4.8711,11.353,75.1628,48.3397,9.6026,21.7226,-0.0149,0.0684
1779816505837,1,Pitching Mound.Parent,,Loading,pitch.0,333875,-4.8549,11.3446,75.1411,48.2772,9.3996,21.7404,-0.015,0.0685
1779816505838,1,11.0000004b,Drive,Loading,pitch.0,334684,-5.7195,11.1384,73.5182,46.7058,10.5796,19.661,-0.0153,0.0674
1779816505838,1,12.00000015,Lower Delivery,Loading,pitch.0,334410,-0.2302,-0.7144,1.0338,-0.0731,0.0187,-0.0022,0.0,0.0
1779816505838,1,12.00000018,Upper Delivery,Loading,pitch.0,334966,1.1322,0.9686,0.4267,1.4918,-0.6279,1.6803,0.0,0.0
1779816505838,1,Pitching Mound.Delivery,,Loading,pitch.0,334170,0.902,0.2542,1.4605,1.6251,-0.6092,2.1412,0.0,0.0
1779816505838,1,Pitching Mound.Drive,,Loading,pitch.0,334684,-5.7195,11.1384,73.5182,46.7058,10.5796,19.661,-0.0153,0.0674
1779816505838,1,Pitching Mound.Parent,,Loading,pitch.0,333877,-4.8175,11.3927,74.9787,48.3309,9.9704,21.8023,-0.015,0.0689
1779816505839,1,11.0000004b,Drive,Loading,pitch.0,334685,-5.7073,11.1728,73.5322,46.7749,10.5559,19.668,-0.0152,0.0675
1779816505839,1,12.00000015,Lower Delivery,Loading,pitch.0,334411,-0.2234,-0.726,0.9409,-0.0737,0.0079,-0.0087,0.0,0.0
1779816505839,1,12.00000018,Upper Delivery,Loading,pitch.0,334967,1.1457,0.9724,0.3968,1.426,-0.5406,1.6635,0.0,0.0
1779816505839,1,Pitching Mound.Delivery,,Loading,pitch.0,334171,0.9223,0.2465,1.3376,1.5373,-0.5327,2.1203,0.0,0.0
1779816505839,1,Pitching Mound.Drive,,Loading,pitch.0,334685,-5.7073,11.1728,73.5322,46.7749,10.5559,19.668,-0.0152,0.0675
1779816505839,1,Pitching Mound.Parent,,Loading,pitch.0,333878,-4.785,11.4193,74.8698,48.3123,10.0232,21.7883,-0.015,0.0688
1779816505840,1,11.0000004b,Drive,Loading,pitch.0,334686,-5.696,11.205,73.5546,46.8509,10.6558,19.6606,-0.0154,0.0676
1779816505840,1,12.00000015,Lower Delivery,Loading,pitch.0,334412,-0.2271,-0.7424,0.9663,-0.0665,0.01,0.0002,0.0,0.0
1779816505840,1,12.00000018,Upper Delivery,Loading,pitch.0,334968,1.1651,1.0168,0.4304,1.4836,-0.6033,1.672,0.0,0.0
1779816505840,1,Pitching Mound.Delivery,,Loading,pitch.0,334172,0.938,0.2744,1.3967,1.5993,-0.5932,2.1456,0.0,0.0
1779816505840,1,Pitching Mound.Drive,,Loading,pitch.0,334686,-5.696,11.205,73.5546,46.8509,10.6558,19.6606,-0.0154,0.0676
1779816505840,1,Pitching Mound.Parent,,Loading,pitch.0,333879,-4.758,11.4794,74.9513,48.4502,10.0626,21.8061,-0.0151,0.0688
1779816505841,1,11.0000004b,Drive,Loading,pitch.0,334687,-5.666,11.2159,73.6554,46.7652,10.6381,19.6182,-0.0153,0.0674
1779816505841,1,12.00000015,Lower Delivery,Loading,pitch.0,334413,-0.228,-0.7397,1.0177,-0.0636,0.005,0.0016,0.0,0.0
1779816505841,1,12.00000018,Upper Delivery,Loading,pitch.0,334969,1.1669,0.9489,0.3651,1.423,-0.7325,1.694,0.0,0.0
1779816505841,1,Pitching Mound.Delivery,,Loading,pitch.0,334173,0.9389,0.2091,1.3829,1.5813,-0.7276,2.1698,0.0,0.0
1779816505841,1,Pitching Mound.Drive,,Loading,pitch.0,334687,-5.666,11.2159,73.6554,46.7652,10.6381,19.6182,-0.0153,0.0674
1779816505841,1,Pitching Mound.Parent,,Loading,pitch.0,333880,-4.7271,11.425,75.0383,48.3465,9.9106,21.788,-0.0151,0.0691
1779816505842,1,11.0000004b,Drive,Loading,pitch.0,334688,-5.6462,11.2279,73.6836,46.7935,10.6409,19.6251,-0.0153,0.0674
1779816505842,1,12.00000015,Lower Delivery,Loading,pitch.0,334414,-0.2416,-0.7684,1.0753,-0.0709,-0.0017,0.0037,0.0,0.0
1779816505842,1,12.00000018,Upper Delivery,Loading,pitch.0,334970,1.2058,0.9543,0.2997,1.3575,-0.7595,1.6934,0.0,0.0
1779816505842,1,Pitching Mound.Delivery,,Loading,pitch.0,334174,0.9642,0.1859,1.375,1.5503,-0.7612,2.1892,0.0,0.0
1779816505842,1,Pitching Mound.Drive,,Loading,pitch.0,334688,-5.6462,11.2279,73.6836,46.7935,10.6409,19.6251,-0.0153,0.0674
1779816505842,1,Pitching Mound.Parent,,Loading,pitch.0,333881,-4.6821,11.4138,75.0586,48.3438,9.8797,21.8144,-0.0151,0.0697
1779816505843,1,11.0000004b,Drive,Loading,pitch.0,334689,-5.6161,11.2513,73.7836,46.7524,10.6217,19.6198,-0.0153,0.0673
1779816505843,1,12.00000015,Lower Delivery,Loading,pitch.0,334415,-0.2339,-0.7532,1.0676,-0.0758,-0.0066,-0.001,0.0,0.0
1779816505843,1,12.00000018,Upper Delivery,Loading,pitch.0,334971,1.1892,0.9019,0.2514,1.2807,-0.7633,1.7383,0.0,0.0
1779816505843,1,Pitching Mound.Delivery,,Loading,pitch.0,334175,0.9552,0.1487,1.319,1.4825,-0.7699,2.2211,0.0,0.0
1779816505843,1,Pitching Mound.Drive,,Loading,pitch.0,334689,-5.6161,11.2513,73.7836,46.7524,10.6217,19.6198,-0.0153,0.0673
1779816505843,1,Pitching Mound.Parent,,Loading,pitch.0,333882,-4.6609,11.4,75.1026,48.2349,9.8518,21.8409,-0.015,0.0698
1779816505844,1,11.0000004b,Drive,Loading,pitch.0,334690,-5.5943,11.2646,73.8134,46.7735,10.6175,19.6284,-0.0153,0.0673
1779816505844,1,12.00000015,Lower Delivery,Loading,pitch.0,334416,-0.2523,-0.7518,1.098,-0.0735,-0.002,-0.0014,0.0,0.0
1779816505844,1,12.00000018,Upper Delivery,Loading,pitch.0,334972,1.1889,0.8812,0.2081,1.2423,-0.8059,1.7369,0.0,0.0
1779816505844,1,Pitching Mound.Delivery,,Loading,pitch.0,334176,0.9366,0.1295,1.3061,1.4714,-0.8079,2.2255,0.0,0.0
1779816505844,1,Pitching Mound.Drive,,Loading,pitch.0,334690,-5.5943,11.2646,73.8134,46.7735,10.6175,19.6284,-0.0153,0.0673
1779816505844,1,Pitching Mound.Parent,,Loading,pitch.0,333883,-4.6577,11.3941,75.1195,48.2449,9.8096,21.854,-0.015,0.0701
1779816505845,1,11.0000004b,Drive,Loading,pitch.0,334691,-5.5573,11.2846,73.8465,46.7592,10.4868,19.6564,-0.0151,0.0672
1779816505845,1,12.00000015,Lower Delivery,Loading,pitch.0,334417,-0.2581,-0.7593,1.049,-0.0651,0.0106,-0.0044,0.0,0.0
1779816505845,1,12.00000018,Upper Delivery,Loading,pitch.0,334973,1.143,0.8256,0.2539,1.1706,-0.7335,1.779,0.0,0.0
1779816505845,1,Pitching Mound.Delivery,,Loading,pitch.0,334177,0.8849,0.0663,1.3029,1.3758,-0.7229,2.251,0.0,0.0
1779816505845,1,Pitching Mound.Drive,,Loading,pitch.0,334691,-5.5573,11.2846,73.8465,46.7592,10.4868,19.6564,-0.0151,0.0672
1779816505845,1,Pitching Mound.Parent,,Loading,pitch.0,333884,-4.6724,11.3509,75.1494,48.135,9.764,21.9073,-0.0148,0.0697
1779816505846,1,11.0000004b,Drive,Loading,pitch.0,334692,-5.5307,11.3022,73.8151,46.7679,10.4857,19.656,-0.0151,0.0673
1779816505846,1,12.00000015,Lower Delivery,Loading,pitch.0,334418,-0.2669,-0.7455,1.0072,-0.0683,0.0068,0.016,0.0,0.0
1779816505846,1,12.00000018,Upper Delivery,Loading,pitch.0,334974,1.172,0.8538,0.2434,1.2694,-0.8129,1.798,0.0,0.0
1779816505846,1,Pitching Mound.Delivery,,Loading,pitch.0,334178,0.9051,0.1083,1.2506,1.4607,-0.8061,2.3032,0.0,0.0
1779816505846,1,Pitching Mound.Drive,,Loading,pitch.0,334692,-5.5307,11.3022,73.8151,46.7679,10.4857,19.656,-0.0151,0.0673
1779816505846,1,Pitching Mound.Parent,,Loading,pitch.0,333885,-4.6256,11.4104,75.0657,48.2287,9.6796,21.9592,-0.0148,0.0696
1779816505847,1,11.0000004b,Drive,Loading,pitch.0,334693,-5.5049,11.3214,73.7979,46.7144,10.4486,19.6171,-0.015,0.0672
1779816505847,1,12.00000015,Lower Delivery,Loading,pitch.0,334419,-0.2744,-0.7464,1.0038,-0.0768,0.005,0.0102,0.0,0.0
1779816505847,1,12.00000018,Upper Delivery,Loading,pitch.0,334975,1.1618,0.8515,0.3173,1.2474,-0.7354,1.8112,0.0,0.0
1779816505847,1,Pitching Mound.Delivery,,Loading,pitch.0,334179,0.8874,0.1051,1.3211,1.404,-0.7304,2.3098,0.0,0.0
1779816505847,1,Pitching Mound.Drive,,Loading,pitch.0,334693,-5.5049,11.3214,73.7979,46.7144,10.4486,19.6171,-0.015,0.0672
1779816505847,1,Pitching Mound.Parent,,Loading,pitch.0,333886,-4.6175,11.4265,75.119,48.1184,9.7183,21.9269,-0.0148,0.0691
1779816505848,1,11.0000004b,Drive,Loading,pitch.0,334694,-5.4709,11.3322,73.7968,46.7019,10.4374,19.6181,-0.015,0.0672
1779816505848,1,12.00000015,Lower Delivery,Loading,pitch.0,334420,-0.2782,-0.7349,0.9889,-0.0769,0.0081,0.0052,0.0,0.0
1779816505848,1,12.00000018,Upper Delivery,Loading,pitch.0,334976,1.1671,0.8654,0.397,1.4283,-0.5852,1.7914,0.0,0.0
1779816505848,1,Pitching Mound.Delivery,,Loading,pitch.0,334180,0.8889,0.1305,1.3858,1.5526,-0.5771,2.2881,0.0,0.0
1779816505848,1,Pitching Mound.Drive,,Loading,pitch.0,334694,-5.4709,11.3322,73.7968,46.7019,10.4374,19.6181,-0.015,0.0672
1779816505848,1,Pitching Mound.Parent,,Loading,pitch.0,333887,-4.582,11.4627,75.1827,48.2544,9.8603,21.9062,-0.0147,0.0686
1779816505849,1,11.0000004b,Drive,Loading,pitch.0,334695,-5.4351,11.3622,73.7481,46.7026,10.3285,19.6009,-0.0149,0.0672
1779816505849,1,12.00000015,Lower Delivery,Loading,pitch.0,334421,-0.2895,-0.717,0.906,-0.0816,0.0179,0.0017,0.0,0.0
1779816505849,1,12.00000018,Upper Delivery,Loading,pitch.0,334977,1.1597,0.9034,0.4449,1.4253,-0.658,1.7565,0.0,0.0
1779816505849,1,Pitching Mound.Delivery,,Loading,pitch.0,334181,0.8702,0.1864,1.3509,1.5005,-0.6401,2.2509,0.0,0.0
1779816505849,1,Pitching Mound.Drive,,Loading,pitch.0,334695,-5.4351,11.3622,73.7481,46.7026,10.3285,19.6009,-0.0149,0.0672
1779816505849,1,Pitching Mound.Parent,,Loading,pitch.0,333888,-4.5649,11.5486,75.099,48.2031,9.6885,21.8517,-0.0146,0.0681
1779816505850,1,11.0000004b,Drive,Loading,pitch.0,334696,-5.3815,11.375,73.774,46.63,10.274,19.5677,-0.0148,0.0671
1779816505850,1,12.00000015,Lower Delivery,Loading,pitch.0,334422,-0.2966,-0.6917,0.8882,-0.0987,0.0187,0.006,0.0,0.0
1779816505850,1,12.00000018,Upper Delivery,Loading,pitch.0,334978,1.1491,0.9132,0.483,1.4367,-0.7493,1.7641,0.0,0.0
1779816505850,1,Pitching Mound.Delivery,,Loading,pitch.0,334182,0.8524,0.2215,1.3712,1.4758,-0.7305,2.2616,0.0,0.0
1779816505850,1,Pitching Mound.Drive,,Loading,pitch.0,334696,-5.3815,11.375,73.774,46.63,10.274,19.5677,-0.0148,0.0671
1779816505850,1,Pitching Mound.Parent,,Loading,pitch.0,333889,-4.529,11.5964,75.1452,48.1058,9.5435,21.8293,-0.0145,0.0677
1779816505851,1,11.0000004b,Drive,Loading,pitch.0,334697,-5.332,11.3988,73.7924,46.6251,10.157,19.5513,-0.0146,0.0671
1779816505851,1,12.00000015,Lower Delivery,Loading,pitch.0,334423,-0.2896,-0.6604,0.8146,-0.1048,0.0181,-0.0027,0.0,0.0
1779816505851,1,12.00000018,Upper Delivery,Loading,pitch.0,334979,1.1446,0.9422,0.5024,1.4427,-0.6883,1.7598,0.0,0.0
1779816505851,1,Pitching Mound.Delivery,,Loading,pitch.0,334183,0.8551,0.2818,1.317,1.444,-0.6702,2.2447,0.0,0.0
1779816505851,1,Pitching Mound.Drive,,Loading,pitch.0,334697,-5.332,11.3988,73.7924,46.6251,10.157,19.5513,-0.0146,0.0671
1779816505851,1,Pitching Mound.Parent,,Loading,pitch.0,333890,-4.4769,11.6806,75.1094,48.0691,9.4868,21.796,-0.0144,0.0673
1779816505852,1,11.0000004b,Drive,Loading,pitch.0,334698,-5.296,11.4337,73.7351,46.6143,10.2591,19.5499,-0.0148,0.0671
1779816505852,1,12.00000015,Lower Delivery,Loading,pitch.0,334424,-0.2927,-0.6819,0.8194,-0.1054,0.0256,-0.0062,0.0,0.0
1779816505852,1,12.00000018,Upper Delivery,Loading,pitch.0,334980,1.151,0.9413,0.4684,1.4043,-0.7356,1.7598,0.0,0.0
1779816505852,1,Pitching Mound.Delivery,,Loading,pitch.0,334184,0.8583,0.2594,1.2879,1.4183,-0.71,2.2444,0.0,0.0
1779816505852,1,Pitching Mound.Drive,,Loading,pitch.0,334698,-5.296,11.4337,73.7351,46.6143,10.2591,19.5499,-0.0148,0.0671
1779816505852,1,Pitching Mound.Parent,,Loading,pitch.0,333891,-4.4377,11.6932,75.0229,48.0326,9.549,21.7944,-0.0145,0.0676
1779816505853,1,11.0000004b,Drive,Loading,pitch.0,334699,-5.2348,11.4584,73.5752,46.485,10.1537,19.5341,-0.0147,0.0671
1779816505853,1,12.00000015,Lower Delivery,Loading,pitch.0,334425,-0.2939,-0.6701,0.8315,-0.1053,0.0191,-0.0119,0.0,0.0
1779816505853,1,12.00000018,Upper Delivery,Loading,pitch.0,334981,1.1313,0.9653,0.5255,1.3168,-0.6443,1.7523,0.0,0.0
1779816505853,1,Pitching Mound.Delivery,,Loading,pitch.0,334185,0.8374,0.2951,1.357,1.3155,-0.6252,2.225,0.0,0.0
1779816505853,1,Pitching Mound.Drive,,Loading,pitch.0,334699,-5.2348,11.4584,73.5752,46.485,10.1537,19.5341,-0.0147,0.0671
1779816505853,1,Pitching Mound.Parent,,Loading,pitch.0,333892,-4.3974,11.7536,74.9322,47.8005,9.5285,21.7591,-0.0144,0.0672
1779816505854,1,11.0000004b,Drive,Loading,pitch.0,334700,-5.2072,11.4872,73.492,46.493,10.0796,19.5067,-0.0146,0.0672
1779816505854,1,12.00000015,Lower Delivery,Loading,pitch.0,334426,-0.3068,-0.6519,0.8166,-0.1066,0.0171,-0.0127,0.0,0.0
1779816505854,1,12.00000018,Upper Delivery,Loading,pitch.0,334982,1.1098,1.0528,0.6243,1.2369,-0.5735,1.711,0.0,0.0
1779816505854,1,Pitching Mound.Delivery,,Loading,pitch.0,334186,0.8031,0.4008,1.4409,1.1957,-0.5565,2.1799,0.0,0.0
1779816505854,1,Pitching Mound.Drive,,Loading,pitch.0,334700,-5.2072,11.4872,73.492,46.493,10.0796,19.5067,-0.0146,0.0672
1779816505854,1,Pitching Mound.Parent,,Loading,pitch.0,333893,-4.4041,11.888,74.9329,47.6887,9.5231,21.6866,-0.0143,0.0667
1779816505855,1,11.0000004b,Drive,Loading,pitch.0,334701,-5.1506,11.5265,73.4732,46.4105,10.0726,19.479,-0.0146,0.0671
1779816505855,1,12.00000015,Lower Delivery,Loading,pitch.0,334427,-0.2978,-0.669,0.9349,-0.1056,0.0091,-0.0176,0.0,0.0
1779816505855,1,12.00000018,Upper Delivery,Loading,pitch.0,334983,1.092,1.0647,0.624,1.1817,-0.6274,1.7277,0.0,0.0
1779816505855,1,Pitching Mound.Delivery,,Loading,pitch.0,334187,0.7942,0.3957,1.5589,1.1819,-0.6183,2.1826,0.0,0.0
1779816505855,1,Pitching Mound.Drive,,Loading,pitch.0,334701,-5.1506,11.5265,73.4732,46.4105,10.0726,19.479,-0.0146,0.0671
1779816505855,1,Pitching Mound.Parent,,Loading,pitch.0,333894,-4.3564,11.9222,75.0321,47.5923,9.4543,21.6616,-0.0143,0.0671
1779816505856,1,11.0000004b,Drive,Loading,pitch.0,334702,-5.1088,11.5344,73.3756,46.314,10.0758,19.4325,-0.0146,0.067
1779816505856,1,12.00000015,Lower Delivery,Loading,pitch.0,334428,-0.2951,-0.6692,0.966,-0.1006,0.0045,-0.0174,0.0,0.0
1779816505856,1,12.00000018,Upper Delivery,Loading,pitch.0,334984,1.0771,1.1396,0.7408,1.0809,-0.4222,1.7144,0.0,0.0
1779816505856,1,Pitching Mound.Delivery,,Loading,pitch.0,334188,0.782,0.4704,1.7068,1.0569,-0.4177,2.1635,0.0,0.0
1779816505856,1,Pitching Mound.Drive,,Loading,pitch.0,334702,-5.1088,11.5344,73.3756,46.314,10.0758,19.4325,-0.0146,0.067
1779816505856,1,Pitching Mound.Parent,,Loading,pitch.0,333895,-4.3268,12.0047,75.0824,47.3709,9.6581,21.596,-0.0142,0.0665
1779816505857,1,11.0000004b,Drive,Loading,pitch.0,334703,-5.0609,11.5534,73.3509,46.247,10.0439,19.4243,-0.0145,0.0669
1779816505857,1,12.00000015,Lower Delivery,Loading,pitch.0,334429,-0.3034,-0.7063,1.0421,-0.0915,-0.008,-0.0222,0.0,0.0
1779816505857,1,12.00000018,Upper Delivery,Loading,pitch.0,334985,1.0846,1.0902,0.5959,1.0236,-0.6367,1.7351,0.0,0.0
1779816505857,1,Pitching Mound.Delivery,,Loading,pitch.0,334189,0.7812,0.3839,1.6379,1.0838,-0.6447,2.1848,0.0,0.0
1779816505857,1,Pitching Mound.Drive,,Loading,pitch.0,334703,-5.0609,11.5534,73.3509,46.247,10.0439,19.4243,-0.0145,0.0669
1779816505857,1,Pitching Mound.Parent,,Loading,pitch.0,333896,-4.2796,11.9373,74.9888,47.3308,9.3992,21.6091,-0.0142,0.0675
1779816505858,1,11.0000004b,Drive,Loading,pitch.0,334704,-5.0091,11.5819,73.3505,46.2611,9.9802,19.4524,-0.0144,0.067
1779816505858,1,12.00000015,Lower Delivery,Loading,pitch.0,334430,-0.2866,-0.7094,1.077,-0.0835,-0.0039,-0.0216,0.0,0.0
1779816505858,1,12.00000018,Upper Delivery,Loading,pitch.0,334986,1.0951,1.053,0.5205,0.9562,-0.6708,1.7435,0.0,0.0
1779816505858,1,Pitching Mound.Delivery,,Loading,pitch.0,334190,0.8085,0.3436,1.5976,1.0619,-0.6747,2.1917,0.0,0.0
1779816505858,1,Pitching Mound.Drive,,Loading,pitch.0,334704,-5.0091,11.5819,73.3505,46.2611,9.9802,19.4524,-0.0144,0.067
1779816505858,1,Pitching Mound.Parent,,Loading,pitch.0,333897,-4.2005,11.9256,74.9481,47.3231,9.3055,21.6441,-0.0141,0.0681
1779816505859,1,11.0000004b,Drive,Loading,pitch.0,334705,-4.9562,11.6076,73.2178,46.34,9.7838,19.4371,-0.0142,0.0672
1779816505859,1,12.00000015,Lower Delivery,Loading,pitch.0,334431,-0.2945,-0.6999,1.0733,-0.0784,-0.0053,-0.0203,0.0,0.0
1779816505859,1,12.00000018,Upper Delivery,Loading,pitch.0,334987,1.1139,1.057,0.5254,1.0991,-0.4641,1.7484,0.0,0.0
1779816505859,1,Pitching Mound.Delivery,,Loading,pitch.0,334191,0.8194,0.3571,1.5986,1.207,-0.4694,2.207,0.0,0.0
1779816505859,1,Pitching Mound.Drive,,Loading,pitch.0,334705,-4.9562,11.6076,73.2178,46.34,9.7838,19.4371,-0.0142,0.0672
1779816505859,1,Pitching Mound.Parent,,Loading,pitch.0,333898,-4.1368,11.9647,74.8165,47.547,9.3144,21.6441,-0.0139,0.0682
1779816505860,1,11.0000004b,Drive,Loading,pitch.0,334706,-4.9166,11.6273,73.2536,46.3384,9.8064,19.4215,-0.0142,0.0672
1779816505860,1,12.00000015,Lower Delivery,Loading,pitch.0,334432,-0.2846,-0.7189,1.147,-0.075,-0.0075,-0.0184,0.0,0.0
1779816505860,1,12.00000018,Upper Delivery,Loading,pitch.0,334988,1.1156,1.0308,0.419,0.882,-0.5506,1.6908,0.0,0.0
1779816505860,1,Pitching Mound.Delivery,,Loading,pitch.0,334192,0.831,0.3119,1.566,1.0545,-0.5581,2.1485,0.0,0.0
1779816505860,1,Pitching Mound.Drive,,Loading,pitch.0,334706,-4.9166,11.6273,73.2536,46.3384,9.8064,19.4215,-0.0142,0.0672
1779816505860,1,Pitching Mound.Parent,,Loading,pitch.0,333899,-4.0857,11.9391,74.8195,47.3929,9.2482,21.5699,-0.0139,0.0691
1779816505861,1,11.0000004b,Drive,Loading,pitch.0,334707,-4.8742,11.6523,73.1838,46.2238,9.6914,19.4121,-0.0141,0.0671
1779816505861,1,12.00000015,Lower Delivery,Loading,pitch.0,334433,-0.2753,-0.7297,1.2415,-0.0783,-0.012,-0.0164,0.0,0.0
1779816505861,1,12.00000018,Upper Delivery,Loading,pitch.0,334989,1.1753,1.0065,0.3723,0.9431,-0.6435,1.6707,0.0,0.0
1779816505861,1,Pitching Mound.Delivery,,Loading,pitch.0,334193,0.8999,0.2768,1.6138,1.1602,-0.6555,2.1476,0.0,0.0
1779816505861,1,Pitching Mound.Drive,,Loading,pitch.0,334707,-4.8742,11.6523,73.1838,46.2238,9.6914,19.4121,-0.0141,0.0671
1779816505861,1,Pitching Mound.Parent,,Loading,pitch.0,333900,-3.9743,11.9291,74.7976,47.3841,9.0359,21.5597,-0.0138,0.0696
1779816505862,1,11.0000004b,Drive,Loading,pitch.0,334708,-4.8406,11.6629,73.0955,46.1931,9.5783,19.3792,-0.0139,0.0671
1779816505862,1,12.00000015,Lower Delivery,Loading,pitch.0,334434,-0.2881,-0.7207,1.2668,-0.0874,-0.0183,-0.016,0.0,0.0
1779816505862,1,12.00000018,Upper Delivery,Loading,pitch.0,334990,1.1134,0.9914,0.4566,0.9994,-0.6398,1.7232,0.0,0.0
1779816505862,1,Pitching Mound.Delivery,,Loading,pitch.0,334194,0.8253,0.2707,1.7234,1.1875,-0.6581,2.1836,0.0,0.0
1779816505862,1,Pitching Mound.Drive,,Loading,pitch.0,334708,-4.8406,11.6629,73.0955,46.1931,9.5783,19.3792,-0.0139,0.0671
1779816505862,1,Pitching Mound.Parent,,Loading,pitch.0,333901,-4.0153,11.9336,74.8189,47.3806,8.9202,21.5628,-0.0136,0.0692
1779816505863,1,11.0000004b,Drive,Loading,pitch.0,334709,-4.8025,11.6931,73.1145,46.2085,9.4132,19.4022,-0.0137,0.0671
1779816505863,1,12.00000015,Lower Delivery,Loading,pitch.0,334435,-0.2805,-0.7193,1.2068,-0.0796,-0.0182,-0.0152,0.0,0.0
1779816505863,1,12.00000018,Upper Delivery,Loading,pitch.0,334991,1.1252,0.9346,0.4278,1.1174,-0.663,1.7227,0.0,0.0
1779816505863,1,Pitching Mound.Delivery,,Loading,pitch.0,334195,0.8447,0.2153,1.6346,1.3027,-0.6812,2.1854,0.0,0.0
1779816505863,1,Pitching Mound.Drive,,Loading,pitch.0,334709,-4.8025,11.6931,73.1145,46.2085,9.4132,19.4022,-0.0137,0.0671
1779816505863,1,Pitching Mound.Parent,,Loading,pitch.0,333902,-3.9579,11.9084,74.7491,47.5112,8.7321,21.5876,-0.0134,0.0692
1779816505864,1,11.0000004b,Drive,Loading,pitch.0,334710,-4.7509,11.7105,73.2304,46.1856,9.2521,19.3851,-0.0134,0.067
1779816505864,1,12.00000015,Lower Delivery,Loading,pitch.0,334436,-0.278,-0.7307,1.1719,-0.0834,-0.0198,-0.0148,0.0,0.0
1779816505864,1,12.00000018,Upper Delivery,Loading,pitch.0,334992,1.1729,0.9406,0.3978,1.1588,-0.5315,1.6998,0.0,0.0
1779816505864,1,Pitching Mound.Delivery,,Loading,pitch.0,334196,0.8949,0.2098,1.5697,1.3386,-0.5513,2.1783,0.0,0.0
1779816505864,1,Pitching Mound.Drive,,Loading,pitch.0,334710,-4.7509,11.7105,73.2304,46.1856,9.2521,19.3851,-0.0134,0.067
1779816505864,1,Pitching Mound.Parent,,Loading,pitch.0,333903,-3.856,11.9204,74.8,47.5242,8.7008,21.5634,-0.0131,0.0691
1779816505865,1,11.0000004b,Drive,Loading,pitch.0,334711,-4.7172,11.7275,73.0958,46.0904,9.1618,19.3776,-0.0133,0.0669
1779816505865,1,12.00000015,Lower Delivery,Loading,pitch.0,334437,-0.283,-0.76,1.1755,-0.0835,-0.0136,-0.011,0.0,0.0
1779816505865,1,12.00000018,Upper Delivery,Loading,pitch.0,334993,1.1707,0.9142,0.3603,1.2301,-0.5609,1.6919,0.0,0.0
1779816505865,1,Pitching Mound.Delivery,,Loading,pitch.0,334197,0.8877,0.1542,1.5357,1.4237,-0.5745,2.1751,0.0,0.0
1779816505865,1,Pitching Mound.Drive,,Loading,pitch.0,334711,-4.7172,11.7275,73.0958,46.0904,9.1618,19.3776,-0.0133,0.0669
1779816505865,1,Pitching Mound.Parent,,Loading,pitch.0,333904,-3.8295,11.8817,74.6315,47.5141,8.5873,21.5528,-0.013,0.0693
1779816505866,1,11.0000004b,Drive,Loading,pitch.0,334712,-4.6711,11.7419,73.0315,46.1617,8.9681,19.3765,-0.013,0.0671
1779816505866,1,12.00000015,Lower Delivery,Loading,pitch.0,334438,-0.284,-0.7454,1.1241,-0.0798,-0.0123,-0.0082,0.0,0.0
1779816505866,1,12.00000018,Upper Delivery,Loading,pitch.0,334994,1.1795,0.9213,0.3578,1.1191,-0.612,1.7251,0.0,0.0
1779816505866,1,Pitching Mound.Delivery,,Loading,pitch.0,334198,0.8955,0.1759,1.4819,1.2998,-0.6243,2.2145,0.0,0.0
1779816505866,1,Pitching Mound.Drive,,Loading,pitch.0,334712,-4.6711,11.7419,73.0315,46.1617,8.9681,19.3765,-0.013,0.0671
1779816505866,1,Pitching Mound.Parent,,Loading,pitch.0,333905,-3.7756,11.9178,74.5133,47.4615,8.3438,21.5911,-0.0128,0.0693
1779816505867,1,11.0000004b,Drive,Loading,pitch.0,334713,-4.6256,11.7573,73.0362,46.0491,8.8613,19.373,-0.0129,0.0669
1779816505867,1,12.00000015,Lower Delivery,Loading,pitch.0,334439,-0.2775,-0.7257,1.1154,-0.0763,-0.0104,-0.0059,0.0,0.0
1779816505867,1,12.00000018,Upper Delivery,Loading,pitch.0,334995,1.1292,0.9012,0.406,1.0581,-0.6457,1.7579,0.0,0.0
1779816505867,1,Pitching Mound.Delivery,,Loading,pitch.0,334199,0.8517,0.1754,1.5214,1.2231,-0.6561,2.2303,0.0,0.0
1779816505867,1,Pitching Mound.Drive,,Loading,pitch.0,334713,-4.6256,11.7573,73.0362,46.0491,8.8613,19.373,-0.0129,0.0669
1779816505867,1,Pitching Mound.Parent,,Loading,pitch.0,333906,-3.7739,11.9327,74.5576,47.2722,8.2052,21.6033,-0.0126,0.0688
1779816505868,1,11.0000004b,Drive,Loading,pitch.0,334714,-4.5804,11.7723,72.8614,46.0542,8.6286,19.3574,-0.0126,0.0671
1779816505868,1,12.00000015,Lower Delivery,Loading,pitch.0,334440,-0.2818,-0.7315,1.1626,-0.0801,-0.0034,-0.0085,0.0,0.0
1779816505868,1,12.00000018,Upper Delivery,Loading,pitch.0,334996,1.0972,0.9413,0.4988,1.1057,-0.7261,1.7476,0.0,0.0
1779816505868,1,Pitching Mound.Delivery,,Loading,pitch.0,334200,0.8154,0.2098,1.6614,1.2513,-0.7295,2.208,0.0,0.0
1779816505868,1,Pitching Mound.Drive,,Loading,pitch.0,334714,-4.5804,11.7723,72.8614,46.0542,8.6286,19.3574,-0.0126,0.0671
1779816505868,1,Pitching Mound.Parent,,Loading,pitch.0,333907,-3.765,11.9821,74.5228,47.3055,7.899,21.5654,-0.0123,0.0686
1779816505869,1,11.0000004b,Drive,Loading,pitch.0,334715,-4.5369,11.7815,72.7767,45.991,8.6913,19.3279,-0.0127,0.0671
1779816505869,1,12.00000015,Lower Delivery,Loading,pitch.0,334441,-0.2781,-0.7362,1.1512,-0.0724,0.0005,-0.0028,0.0,0.0
1779816505869,1,12.00000018,Upper Delivery,Loading,pitch.0,334997,1.0737,0.9468,0.4769,1.0706,-0.7187,1.7408,0.0,0.0
1779816505869,1,Pitching Mound.Delivery,,Loading,pitch.0,334201,0.7956,0.2106,1.6281,1.2274,-0.7181,2.1976,0.0,0.0
1779816505869,1,Pitching Mound.Drive,,Loading,pitch.0,334715,-4.5369,11.7815,72.7767,45.991,8.6913,19.3279,-0.0127,0.0671
1779816505869,1,Pitching Mound.Parent,,Loading,pitch.0,333908,-3.7413,11.9921,74.4047,47.2184,7.9731,21.5255,-0.0124,0.0687
1779816505870,1,11.0000004b,Drive,Loading,pitch.0,334716,-4.4919,11.7925,72.7607,45.9658,8.5799,19.3249,-0.0125,0.0671
1779816505870,1,12.00000015,Lower Delivery,Loading,pitch.0,334442,-0.2768,-0.7349,1.0867,-0.0648,0.0042,0.0044,0.0,0.0
1779816505870,1,12.00000018,Upper Delivery,Loading,pitch.0,334998,1.074,0.9387,0.503,1.1001,-0.675,1.7394,0.0,0.0
1779816505870,1,Pitching Mound.Delivery,,Loading,pitch.0,334202,0.7972,0.2038,1.5897,1.2338,-0.6707,2.2031,0.0,0.0
1779816505870,1,Pitching Mound.Drive,,Loading,pitch.0,334716,-4.4919,11.7925,72.7607,45.9658,8.5799,19.3249,-0.0125,0.0671
1779816505870,1,Pitching Mound.Parent,,Loading,pitch.0,333909,-3.6947,11.9963,74.3504,47.1996,7.9092,21.528,-0.0123,0.0683
1779816505871,1,11.0000004b,Drive,Loading,pitch.0,334717,-4.4326,11.7851,72.6945,45.905,8.4065,19.3288,-0.0123,0.067
1779816505871,1,12.00000015,Lower Delivery,Loading,pitch.0,334443,-0.2826,-0.736,1.1094,-0.0661,0.0101,-0.0002,0.0,0.0
1779816505871,1,12.00000018,Upper Delivery,Loading,pitch.0,334999,1.054,0.9569,0.5791,0.9752,-0.5213,1.7318,0.0,0.0
1779816505871,1,Pitching Mound.Delivery,,Loading,pitch.0,334203,0.7714,0.221,1.6885,1.0894,-0.5112,2.186,0.0,0.0
1779816505871,1,Pitching Mound.Drive,,Loading,pitch.0,334717,-4.4326,11.7851,72.6945,45.905,8.4065,19.3288,-0.0123,0.067
1779816505871,1,Pitching Mound.Parent,,Loading,pitch.0,333910,-3.6612,12.0061,74.383,46.9943,7.8953,21.5148,-0.012,0.0679
1779816505872,1,11.0000004b,Drive,Loading,pitch.0,334718,-4.3892,11.7789,72.5032,45.9526,8.2563,19.3338,-0.0121,0.0673
1779816505872,1,12.00000015,Lower Delivery,Loading,pitch.0,334444,-0.2716,-0.7229,1.144,-0.0712,0.0067,0.0072,0.0,0.0
1779816505872,1,12.00000018,Upper Delivery,Loading,pitch.0,335000,1.0336,0.9271,0.5393,1.0443,-0.5187,1.7618,0.0,0.0
1779816505872,1,Pitching Mound.Delivery,,Loading,pitch.0,334204,0.762,0.2042,1.6833,1.1787,-0.512,2.2128,0.0,0.0
1779816505872,1,Pitching Mound.Drive,,Loading,pitch.0,334718,-4.3892,11.7789,72.5032,45.9526,8.2563,19.3338,-0.0121,0.0673
1779816505872,1,Pitching Mound.Parent,,Loading,pitch.0,333911,-3.6271,11.9831,74.1866,47.1313,7.7443,21.5466,-0.0118,0.0685
1779816505873,1,11.0000004b,Drive,Loading,pitch.0,334719,-4.3372,11.7867,72.4363,45.9513,8.177,19.3712,-0.012,0.0673
1779816505873,1,12.00000015,Lower Delivery,Loading,pitch.0,334445,-0.2691,-0.7075,1.113,-0.0654,0.0125,0.0154,0.0,0.0
1779816505873,1,12.00000018,Upper Delivery,Loading,pitch.0,335001,1.0913,0.9925,0.4447,1.032,-0.5269,1.7273,0.0,0.0
1779816505873,1,Pitching Mound.Delivery,,Loading,pitch.0,334205,0.8222,0.2851,1.5577,1.1938,-0.5144,2.2052,0.0,0.0
1779816505873,1,Pitching Mound.Drive,,Loading,pitch.0,334719,-4.3372,11.7867,72.4363,45.9513,8.177,19.3712,-0.012,0.0673
1779816505873,1,Pitching Mound.Parent,,Loading,pitch.0,333912,-3.515,12.0717,73.994,47.1452,7.6626,21.5764,-0.0117,0.069
1779816505874,1,11.0000004b,Drive,Loading,pitch.0,334720,-4.2924,11.783,72.3754,45.9172,8.0834,19.3563,-0.0119,0.0674
1779816505874,1,12.00000015,Lower Delivery,Loading,pitch.0,334446,-0.2864,-0.7217,1.1492,-0.069,0.0208,0.0266,0.0,0.0
1779816505874,1,12.00000018,Upper Delivery,Loading,pitch.0,335002,1.0895,1.0333,0.4949,1.1346,-0.5948,1.691,0.0,0.0
1779816505874,1,Pitching Mound.Delivery,,Loading,pitch.0,334206,0.8031,0.3116,1.6441,1.288,-0.5739,2.1854,0.0,0.0
1779816505874,1,Pitching Mound.Drive,,Loading,pitch.0,334720,-4.2924,11.783,72.3754,45.9172,8.0834,19.3563,-0.0119,0.0674
1779816505874,1,Pitching Mound.Parent,,Loading,pitch.0,333913,-3.4893,12.0946,74.0195,47.2052,7.5094,21.5417,-0.0116,0.0689
1779816505875,1,11.0000004b,Drive,Loading,pitch.0,334721,-4.2394,11.7996,72.2598,46.002,8.0694,19.3607,-0.0119,0.0676
1779816505875,1,12.00000015,Lower Delivery,Loading,pitch.0,334447,-0.2855,-0.7054,1.2099,-0.0738,0.0151,0.0231,0.0,0.0
1779816505875,1,12.00000018,Upper Delivery,Loading,pitch.0,335003,1.0738,0.9901,0.4975,1.076,-0.6228,1.7199,0.0,0.0
1779816505875,1,Pitching Mound.Delivery,,Loading,pitch.0,334207,0.7883,0.2847,1.7073,1.2444,-0.6078,2.2051,0.0,0.0
1779816505875,1,Pitching Mound.Drive,,Loading,pitch.0,334721,-4.2394,11.7996,72.2598,46.002,8.0694,19.3607,-0.0119,0.0676
1779816505875,1,Pitching Mound.Parent,,Loading,pitch.0,333914,-3.4511,12.0843,73.9671,47.2464,7.4616,21.5659,-0.0116,0.0693
1779816505876,1,11.0000004b,Drive,Loading,pitch.0,334722,-4.1859,11.7978,72.1839,45.9312,7.9337,19.3839,-0.0117,0.0676
1779816505876,1,12.00000015,Lower Delivery,Loading,pitch.0,334448,-0.2765,-0.6874,1.1883,-0.0834,0.0176,0.0072,0.0,0.0
1779816505876,1,12.00000018,Upper Delivery,Loading,pitch.0,335004,1.086,0.9797,0.4445,1.1149,-0.713,1.696,0.0,0.0
1779816505876,1,Pitching Mound.Delivery,,Loading,pitch.0,334208,0.8095,0.2923,1.6328,1.2844,-0.6954,2.1664,0.0,0.0
1779816505876,1,Pitching Mound.Drive,,Loading,pitch.0,334722,-4.1859,11.7978,72.1839,45.9312,7.9337,19.3839,-0.0117,0.0676
1779816505876,1,Pitching Mound.Parent,,Loading,pitch.0,333915,-3.3764,12.0901,73.8167,47.2155,7.2384,21.5503,-0.0114,0.0695
1779816505877,1,11.0000004b,Drive,Loading,pitch.0,334723,-4.1378,11.8056,72.2889,45.9728,7.9366,19.3808,-0.0117,0.0675
1779816505877,1,12.00000015,Lower Delivery,Loading,pitch.0,334449,-0.2741,-0.698,1.217,-0.08,0.0188,0.0154,0.0,0.0
1779816505877,1,12.00000018,Upper Delivery,Loading,pitch.0,335005,1.1202,1.0315,0.4833,1.3417,-0.7691,1.6347,0.0,0.0
1779816505877,1,Pitching Mound.Delivery,,Loading,pitch.0,334209,0.8461,0.3336,1.7003,1.5112,-0.7503,2.1241,0.0,0.0
1779816505877,1,Pitching Mound.Drive,,Loading,pitch.0,334723,-4.1378,11.8056,72.2889,45.9728,7.9366,19.3808,-0.0117,0.0675
1779816505877,1,Pitching Mound.Parent,,Loading,pitch.0,333916,-3.2917,12.1392,73.9892,47.484,7.1863,21.505,-0.0114,0.0693
1779816505878,1,11.0000004b,Drive,Loading,pitch.0,334724,-4.0946,11.8124,72.1706,46.0003,7.9621,19.3836,-0.0117,0.0677
1779816505878,1,12.00000015,Lower Delivery,Loading,pitch.0,334450,-0.2856,-0.7165,1.0595,-0.0862,0.0194,-0.0029,0.0,0.0
1779816505878,1,12.00000018,Upper Delivery,Loading,pitch.0,335006,1.1451,1.0529,0.3985,1.4645,-0.8732,1.671,0.0,0.0
1779816505878,1,Pitching Mound.Delivery,,Loading,pitch.0,334210,0.8594,0.3365,1.458,1.6031,-0.8538,2.1546,0.0,0.0
1779816505878,1,Pitching Mound.Drive,,Loading,pitch.0,334724,-4.0946,11.8124,72.1706,46.0003,7.9621,19.3836,-0.0117,0.0677
1779816505878,1,Pitching Mound.Parent,,Loading,pitch.0,333917,-3.2352,12.1489,73.6286,47.6034,7.1083,21.5382,-0.0115,0.0694
1779816505879,1,11.0000004b,Drive,Loading,pitch.0,334725,-4.0606,11.8277,72.1662,45.9101,7.9317,19.3816,-0.0117,0.0675
1779816505879,1,12.00000015,Lower Delivery,Loading,pitch.0,334451,-0.2815,-0.6974,1.0249,-0.0959,0.015,-0.0047,0.0,0.0
1779816505879,1,12.00000018,Upper Delivery,Loading,pitch.0,335007,1.2062,1.0632,0.3028,1.353,-0.676,1.6319,0.0,0.0
1779816505879,1,Pitching Mound.Delivery,,Loading,pitch.0,334211,0.9247,0.3658,1.3277,1.5026,-0.661,2.133,0.0,0.0
1779816505879,1,Pitching Mound.Drive,,Loading,pitch.0,334725,-4.0606,11.8277,72.1662,45.9101,7.9317,19.3816,-0.0117,0.0675
1779816505879,1,Pitching Mound.Parent,,Loading,pitch.0,333918,-3.1359,12.1935,73.4939,47.4127,7.2706,21.5146,-0.0115,0.0697
1779816505880,1,11.0000004b,Drive,Loading,pitch.0,334726,-4.0048,11.8375,72.0115,46.045,7.6887,19.4027,-0.0113,0.0679
1779816505880,1,12.00000015,Lower Delivery,Loading,pitch.0,334452,-0.2824,-0.7183,1.08,-0.0984,0.0081,-0.0067,0.0,0.0
1779816505880,1,12.00000018,Upper Delivery,Loading,pitch.0,335008,1.2182,1.0113,0.3565,1.4579,-0.6969,1.627,0.0,0.0
1779816505880,1,Pitching Mound.Delivery,,Loading,pitch.0,334212,0.9358,0.293,1.4365,1.6054,-0.6888,2.1305,0.0,0.0
1779816505880,1,Pitching Mound.Drive,,Loading,pitch.0,334726,-4.0048,11.8375,72.0115,46.045,7.6887,19.4027,-0.0113,0.0679
1779816505880,1,Pitching Mound.Parent,,Loading,pitch.0,333919,-3.069,12.1305,73.448,47.6505,6.9999,21.5332,-0.0111,0.0699
1779816505881,1,11.0000004b,Drive,Loading,pitch.0,334727,-3.9684,11.8478,71.8478,45.9482,7.6859,19.3672,-0.0114,0.0679
1779816505881,1,12.00000015,Lower Delivery,Loading,pitch.0,334453,-0.289,-0.7213,1.0144,-0.104,0.0053,-0.0062,0.0,0.0
1779816505881,1,12.00000018,Upper Delivery,Loading,pitch.0,335009,1.2249,1.002,0.279,1.4183,-0.8309,1.6614,0.0,0.0
1779816505881,1,Pitching Mound.Delivery,,Loading,pitch.0,334213,0.9358,0.2807,1.2934,1.5644,-0.8255,2.1699,0.0,0.0
1779816505881,1,Pitching Mound.Drive,,Loading,pitch.0,334727,-3.9684,11.8478,71.8478,45.9482,7.6859,19.3672,-0.0114,0.0679
1779816505881,1,Pitching Mound.Parent,,Loading,pitch.0,333920,-3.0326,12.1285,73.1412,47.5125,6.8603,21.5371,-0.0112,0.0701
1779816505882,1,11.0000004b,Drive,Loading,pitch.0,334728,-3.9333,11.8606,71.709,45.987,7.7306,19.3423,-0.0114,0.0681
1779816505882,1,12.00000015,Lower Delivery,Loading,pitch.0,334454,-0.2841,-0.7182,1.0548,-0.1114,0.0089,-0.0094,0.0,0.0
1779816505882,1,12.00000018,Upper Delivery,Loading,pitch.0,335010,1.2268,0.9564,0.2678,1.3877,-0.6795,1.6464,0.0,0.0
1779816505882,1,Pitching Mound.Delivery,,Loading,pitch.0,334214,0.9428,0.2382,1.3226,1.544,-0.6707,2.1507,0.0,0.0
1779816505882,1,Pitching Mound.Drive,,Loading,pitch.0,334728,-3.9333,11.8606,71.709,45.987,7.7306,19.3423,-0.0114,0.0681
1779816505882,1,Pitching Mound.Parent,,Loading,pitch.0,333921,-2.9905,12.0988,73.0316,47.531,7.0599,21.493,-0.0112,0.0705
1779816505883,1,11.0000004b,Drive,Loading,pitch.0,334729,-3.8787,11.8667,71.5231,45.9598,7.5962,19.3052,-0.0113,0.0682
1779816505883,1,12.00000015,Lower Delivery,Loading,pitch.0,334455,-0.2734,-0.7153,1.0289,-0.1011,0.0273,-0.0088,0.0,0.0
1779816505883,1,12.00000018,Upper Delivery,Loading,pitch.0,335011,1.2246,0.9511,0.2914,1.3701,-0.6095,1.5935,0.0,0.0
1779816505883,1,Pitching Mound.Delivery,,Loading,pitch.0,334215,0.9512,0.2358,1.3203,1.5198,-0.5822,2.094,0.0,0.0
1779816505883,1,Pitching Mound.Drive,,Loading,pitch.0,334729,-3.8787,11.8667,71.5231,45.9598,7.5962,19.3052,-0.0113,0.0682
1779816505883,1,Pitching Mound.Parent,,Loading,pitch.0,333922,-2.9275,12.1024,72.8434,47.4796,7.014,21.3992,-0.0111,0.0704
1779816505884,1,11.0000004b,Drive,Loading,pitch.0,334730,-3.8416,11.8717,71.4869,45.995,7.6706,19.3204,-0.0114,0.0683
1779816505884,1,12.00000015,Lower Delivery,Loading,pitch.0,334456,-0.2735,-0.7027,1.0025,-0.1059,0.0154,-0.01,0.0,0.0
1779816505884,1,12.00000018,Upper Delivery,Loading,pitch.0,335012,1.2475,0.9356,0.2769,1.4176,-0.5998,1.5764,0.0,0.0
1779816505884,1,Pitching Mound.Delivery,,Loading,pitch.0,334216,0.974,0.2329,1.2793,1.5584,-0.5844,2.0836,0.0,0.0
1779816505884,1,Pitching Mound.Drive,,Loading,pitch.0,334730,-3.8416,11.8717,71.4869,45.995,7.6706,19.3204,-0.0114,0.0683
1779816505884,1,Pitching Mound.Parent,,Loading,pitch.0,333923,-2.8676,12.1046,72.7662,47.5534,7.0862,21.404,-0.0112,0.0705
1779816505885,1,11.0000004b,Drive,Loading,pitch.0,334731,-3.785,11.879,71.4379,46.0045,7.4801,19.3146,-0.0111,0.0684
1779816505885,1,12.00000015,Lower Delivery,Loading,pitch.0,334457,-0.2749,-0.6977,0.9782,-0.1004,0.0053,-0.0125,0.0,0.0
1779816505885,1,12.00000018,Upper Delivery,Loading,pitch.0,335013,1.2162,0.9519,0.2112,1.3136,-0.5154,1.6364,0.0,0.0
1779816505885,1,Pitching Mound.Delivery,,Loading,pitch.0,334217,0.9413,0.2542,1.1894,1.4739,-0.5101,2.1309,0.0,0.0
1779816505885,1,Pitching Mound.Drive,,Loading,pitch.0,334731,-3.785,11.879,71.4379,46.0045,7.4801,19.3146,-0.0111,0.0684
1779816505885,1,Pitching Mound.Parent,,Loading,pitch.0,333924,-2.8437,12.1332,72.6273,47.4784,6.9701,21.4455,-0.0109,0.0708
1779816505886,1,11.0000004b,Drive,Loading,pitch.0,334732,-3.7407,11.8863,71.4156,45.9236,7.3725,19.3087,-0.011,0.0683
1779816505886,1,12.00000015,Lower Delivery,Loading,pitch.0,334458,-0.2737,-0.6816,0.9176,-0.0846,0.0143,-0.0106,0.0,0.0
1779816505886,1,12.00000018,Upper Delivery,Loading,pitch.0,335014,1.2165,0.9652,0.2189,1.2761,-0.6026,1.6188,0.0,0.0
1779816505886,1,Pitching Mound.Delivery,,Loading,pitch.0,334218,0.9428,0.2836,1.1364,1.4291,-0.5883,2.1149,0.0,0.0
1779816505886,1,Pitching Mound.Drive,,Loading,pitch.0,334732,-3.7407,11.8863,71.4156,45.9236,7.3725,19.3087,-0.011,0.0683
1779816505886,1,Pitching Mound.Parent,,Loading,pitch.0,333925,-2.798,12.1699,72.552,47.3527,6.7842,21.4236,-0.0108,0.0705
1779816505887,1,11.0000004b,Drive,Loading,pitch.0,334733,-3.7022,11.9025,71.3527,45.9518,7.2888,19.2976,-0.0108,0.0684
1779816505887,1,12.00000015,Lower Delivery,Loading,pitch.0,334459,-0.2633,-0.6646,0.9223,-0.0829,0.0085,-0.0096,0.0,0.0
1779816505887,1,12.00000018,Upper Delivery,Loading,pitch.0,335015,1.2277,0.9638,0.2002,1.2979,-0.7818,1.6182,0.0,0.0
1779816505887,1,Pitching Mound.Delivery,,Loading,pitch.0,334219,0.9644,0.2992,1.1224,1.4605,-0.7733,2.1155,0.0,0.0
1779816505887,1,Pitching Mound.Drive,,Loading,pitch.0,334733,-3.7022,11.9025,71.3527,45.9518,7.2888,19.2976,-0.0108,0.0684
1779816505887,1,Pitching Mound.Parent,,Loading,pitch.0,333926,-2.7378,12.2017,72.4752,47.4123,6.5155,21.4131,-0.0107,0.0707
1779816505888,1,11.0000004b,Drive,Loading,pitch.0,334734,-3.6601,11.8919,71.1843,45.9503,7.2638,19.2919,-0.0108,0.0685
1779816505888,1,12.00000015,Lower Delivery,Loading,pitch.0,334460,-0.2609,-0.6573,0.9133,-0.0726,0.0096,-0.0076,0.0,0.0
1779816505888,1,12.00000018,Upper Delivery,Loading,pitch.0,335016,1.1832,0.9441,0.2616,1.4015,-0.7835,1.6346,0.0,0.0
1779816505888,1,Pitching Mound.Delivery,,Loading,pitch.0,334220,0.9223,0.2868,1.175,1.5504,-0.7739,2.118,0.0,0.0
1779816505888,1,Pitching Mound.Drive,,Loading,pitch.0,334734,-3.6601,11.8919,71.1843,45.9503,7.2638,19.2919,-0.0108,0.0685
1779816505888,1,Pitching Mound.Parent,,Loading,pitch.0,333927,-2.7378,12.1788,72.3592,47.5008,6.4899,21.4099,-0.0107,0.0705
1779816505889,1,11.0000004b,Drive,Loading,pitch.0,334735,-3.6007,11.8963,71.2048,46.0062,7.1759,19.3199,-0.0107,0.0686
1779816505889,1,12.00000015,Lower Delivery,Loading,pitch.0,334461,-0.246,-0.6375,0.8984,-0.0662,-0.0023,0.0002,0.0,0.0
1779816505889,1,12.00000018,Upper Delivery,Loading,pitch.0,335017,1.1483,0.9522,0.2777,1.181,-0.4892,1.6149,0.0,0.0
1779816505889,1,Pitching Mound.Delivery,,Loading,pitch.0,334221,0.9023,0.3147,1.1761,1.3258,-0.4915,2.0891,0.0,0.0
1779816505889,1,Pitching Mound.Drive,,Loading,pitch.0,334735,-3.6007,11.8963,71.2048,46.0062,7.1759,19.3199,-0.0107,0.0686
1779816505889,1,Pitching Mound.Parent,,Loading,pitch.0,333928,-2.6985,12.2111,72.3809,47.332,6.6844,21.4091,-0.0105,0.0704
1779816505890,1,11.0000004b,Drive,Loading,pitch.0,334736,-3.5568,11.9084,71.2011,46.1616,7.1032,19.3174,-0.0106,0.0688
1779816505890,1,12.00000015,Lower Delivery,Loading,pitch.0,334462,-0.2522,-0.6837,1.0261,-0.0627,0.0083,0.0028,0.0,0.0
1779816505890,1,12.00000018,Upper Delivery,Loading,pitch.0,335018,1.1514,0.9548,0.2752,1.12,-0.6546,1.642,0.0,0.0
1779816505890,1,Pitching Mound.Delivery,,Loading,pitch.0,334222,0.8992,0.271,1.3013,1.3126,-0.6462,2.1221,0.0,0.0
1779816505890,1,Pitching Mound.Drive,,Loading,pitch.0,334736,-3.5568,11.9084,71.2011,46.1616,7.1032,19.3174,-0.0106,0.0688
1779816505890,1,Pitching Mound.Parent,,Loading,pitch.0,333929,-2.6576,12.1795,72.5023,47.4742,6.457,21.4394,-0.0104,0.0711
1779816505891,1,11.0000004b,Drive,Loading,pitch.0,334737,-3.5072,11.907,71.2798,46.1776,7.1006,19.3243,-0.0106,0.0688
1779816505891,1,12.00000015,Lower Delivery,Loading,pitch.0,334463,-0.2446,-0.6817,1.0073,-0.0614,0.0051,0.0099,0.0,0.0
1779816505891,1,12.00000018,Upper Delivery,Loading,pitch.0,335019,1.1283,1.0487,0.3169,1.0135,-0.3994,1.7253,0.0,0.0
1779816505891,1,Pitching Mound.Delivery,,Loading,pitch.0,334223,0.8837,0.3669,1.3242,1.1867,-0.3943,2.202,0.0,0.0
1779816505891,1,Pitching Mound.Drive,,Loading,pitch.0,334737,-3.5072,11.907,71.2798,46.1776,7.1006,19.3243,-0.0106,0.0688
1779816505891,1,Pitching Mound.Parent,,Loading,pitch.0,333930,-2.6234,12.2739,72.604,47.3643,6.7063,21.5263,-0.0104,0.0708
1779816505892,1,11.0000004b,Drive,Loading,pitch.0,334738,-3.4527,11.9172,71.3269,46.2151,7.1336,19.3406,-0.0106,0.0688
1779816505892,1,12.00000015,Lower Delivery,Loading,pitch.0,334464,-0.247,-0.6875,1.0655,-0.0636,-0.0048,-0.0091,0.0,0.0
1779816505892,1,12.00000018,Upper Delivery,Loading,pitch.0,335020,1.1254,1.0236,0.3545,1.05,-0.3424,1.6671,0.0,0.0
1779816505892,1,Pitching Mound.Delivery,,Loading,pitch.0,334224,0.8784,0.3361,1.42,1.2281,-0.3471,2.1247,0.0,0.0
1779816505892,1,Pitching Mound.Drive,,Loading,pitch.0,334738,-3.4527,11.9172,71.3269,46.2151,7.1336,19.3406,-0.0106,0.0688
1779816505892,1,Pitching Mound.Parent,,Loading,pitch.0,333931,-2.5744,12.2533,72.7468,47.4433,6.7865,21.4653,-0.0104,0.0708
1779816505893,1,11.0000004b,Drive,Loading,pitch.0,334739,-3.4176,11.9314,71.2642,46.2357,7.1363,19.3326,-0.0106,0.0689
1779816505893,1,12.00000015,Lower Delivery,Loading,pitch.0,334465,-0.2579,-0.6501,0.9113,-0.0554,-0.0108,0.0068,0.0,0.0
1779816505893,1,12.00000018,Upper Delivery,Loading,pitch.0,335021,1.1326,1.0361,0.3753,1.0915,-0.4145,1.7094,0.0,0.0
1779816505893,1,Pitching Mound.Delivery,,Loading,pitch.0,334225,0.8747,0.386,1.2866,1.2184,-0.4253,2.1889,0.0,0.0
1779816505893,1,Pitching Mound.Drive,,Loading,pitch.0,334739,-3.4176,11.9314,71.2642,46.2357,7.1363,19.3326,-0.0106,0.0689
1779816505893,1,Pitching Mound.Parent,,Loading,pitch.0,333932,-2.543,12.3174,72.5508,47.454,6.711,21.5214,-0.0104,0.0702
1779816505894,1,11.0000004b,Drive,Loading,pitch.0,334740,-3.3878,11.9633,71.3828,46.3544,7.1645,19.3554,-0.0107,0.0689
1779816505894,1,12.00000015,Lower Delivery,Loading,pitch.0,334466,-0.2671,-0.6626,0.9534,-0.0567,-0.0099,0.0042,0.0,0.0
1779816505894,1,12.00000018,Upper Delivery,Loading,pitch.0,335022,1.1241,1.0441,0.415,1.1248,-0.4146,1.6957,0.0,0.0
1779816505894,1,Pitching Mound.Delivery,,Loading,pitch.0,334226,0.857,0.3814,1.3684,1.2512,-0.4245,2.1729,0.0,0.0
1779816505894,1,Pitching Mound.Drive,,Loading,pitch.0,334740,-3.3878,11.9633,71.3828,46.3544,7.1645,19.3554,-0.0107,0.0689
1779816505894,1,Pitching Mound.Parent,,Loading,pitch.0,333933,-2.5308,12.3448,72.7513,47.6057,6.74,21.5283,-0.0105,0.0702
1779816505895,1,11.0000004b,Drive,Loading,pitch.0,334741,-3.3506,11.9764,71.4513,46.4521,7.2759,19.3349,-0.0108,0.069
1779816505895,1,12.00000015,Lower Delivery,Loading,pitch.0,334467,-0.2759,-0.6961,1.0122,-0.0602,-0.0039,-0.006,0.0,0.0
1779816505895,1,12.00000018,Upper Delivery,Loading,pitch.0,335023,1.1456,1.0834,0.4822,1.2562,-0.5704,1.6818,0.0,0.0
1779816505895,1,Pitching Mound.Delivery,,Loading,pitch.0,334227,0.8697,0.3873,1.4944,1.3762,-0.5743,2.1591,0.0,0.0
1779816505895,1,Pitching Mound.Drive,,Loading,pitch.0,334741,-3.3506,11.9764,71.4513,46.4521,7.2759,19.3349,-0.0108,0.069
1779816505895,1,Pitching Mound.Parent,,Loading,pitch.0,333934,-2.4809,12.3637,72.9457,47.8283,6.7016,21.494,-0.0106,0.0701
1779816505896,1,11.0000004b,Drive,Loading,pitch.0,334742,-3.3187,12.0019,71.5721,46.4903,7.2921,19.3582,-0.0108,0.069
1779816505896,1,12.00000015,Lower Delivery,Loading,pitch.0,334468,-0.2524,-0.6857,0.9916,-0.0624,-0.008,-0.0037,0.0,0.0
1779816505896,1,12.00000018,Upper Delivery,Loading,pitch.0,335024,1.1686,1.0895,0.5151,1.377,-0.5969,1.6746,0.0,0.0
1779816505896,1,Pitching Mound.Delivery,,Loading,pitch.0,334228,0.9162,0.4038,1.5067,1.4766,-0.6049,2.1541,0.0,0.0
1779816505896,1,Pitching Mound.Drive,,Loading,pitch.0,334742,-3.3187,12.0019,71.5721,46.4903,7.2921,19.3582,-0.0108,0.069
1779816505896,1,Pitching Mound.Parent,,Loading,pitch.0,333935,-2.4025,12.4057,73.0788,47.9669,6.6872,21.5122,-0.0106,0.0698
1779816505897,1,11.0000004b,Drive,Loading,pitch.0,334743,-3.2843,12.027,71.6218,46.6018,7.2895,19.32,-0.0108,0.0691
1779816505897,1,12.00000015,Lower Delivery,Loading,pitch.0,334469,-0.2555,-0.7143,1.1512,-0.0548,0.0039,-0.0009,0.0,0.0
1779816505897,1,12.00000018,Upper Delivery,Loading,pitch.0,335025,1.1978,1.1087,0.59,1.4907,-0.6974,1.677,0.0,0.0
1779816505897,1,Pitching Mound.Delivery,,Loading,pitch.0,334229,0.9423,0.3944,1.7412,1.6268,-0.6935,2.1702,0.0,0.0
1779816505897,1,Pitching Mound.Drive,,Loading,pitch.0,334743,-3.2843,12.027,71.6218,46.6018,7.2895,19.32,-0.0108,0.0691
1779816505897,1,Pitching Mound.Parent,,Loading,pitch.0,333936,-2.3421,12.4214,73.3631,48.2286,6.596,21.4902,-0.0105,0.07
1779816505898,1,11.0000004b,Drive,Loading,pitch.0,334744,-3.2584,12.0465,71.7452,46.6602,7.3847,19.3601,-0.0109,0.069
1779816505898,1,12.00000015,Lower Delivery,Loading,pitch.0,334470,-0.2482,-0.7193,1.1216,-0.0775,-0.0073,-0.0065,0.0,0.0
1779816505898,1,12.00000018,Upper Delivery,Loading,pitch.0,335026,1.1242,1.0572,0.5781,1.3149,-0.794,1.6846,0.0,0.0
1779816505898,1,Pitching Mound.Delivery,,Loading,pitch.0,334230,0.876,0.3379,1.6997,1.4222,-0.8013,2.1447,0.0,0.0
1779816505898,1,Pitching Mound.Drive,,Loading,pitch.0,334744,-3.2584,12.0465,71.7452,46.6602,7.3847,19.3601,-0.0109,0.069
1779816505898,1,Pitching Mound.Parent,,Loading,pitch.0,333937,-2.3824,12.3843,73.4449,48.0824,6.5833,21.5049,-0.0107,0.07
1779816505899,1,11.0000004b,Drive,Loading,pitch.0,334745,-3.2428,12.0875,71.7175,46.7225,7.3593,19.3757,-0.0109,0.0692
1779816505899,1,12.00000015,Lower Delivery,Loading,pitch.0,334471,-0.2244,-0.7473,1.1249,-0.0878,-0.0071,-0.0154,0.0,0.0
1779816505899,1,12.00000015,Lower Delivery,Loading,pitch.0,334472,-0.2149,-0.7476,1.0741,-0.0986,-0.0159,-0.0166,0.0,0.0
1779816505899,1,12.00000018,Upper Delivery,Loading,pitch.0,335027,1.1461,1.0406,0.4957,1.2287,-0.6609,1.6585,0.0,0.0
1779816505899,1,Pitching Mound.Delivery,,Loading,pitch.0,334231,0.9218,0.2933,1.6206,1.3548,-0.668,2.1091,0.0,0.0
1779816505899,1,Pitching Mound.Drive,,Loading,pitch.0,334745,-3.2428,12.0875,71.7175,46.7225,7.3593,19.3757,-0.0109,0.0692
1779816505899,1,Pitching Mound.Parent,,Loading,pitch.0,333938,-2.321,12.3808,73.3381,48.0773,6.6912,21.4848,-0.0107,0.0706
1779816505900,1,11.0000004b,Drive,Loading,pitch.0,334746,-3.2218,12.1207,71.8835,46.742,7.3214,19.3724,-0.0108,0.069
1779816505900,1,12.00000015,Lower Delivery,Loading,pitch.0,334473,-0.2307,-0.7557,1.1712,-0.1005,-0.0271,-0.0148,0.0,0.0
1779816505900,1,12.00000018,Upper Delivery,Loading,pitch.0,335028,1.1777,1.0627,0.5257,1.3267,-0.7167,1.7131,0.0,0.0
1779816505900,1,Pitching Mound.Delivery,,Loading,pitch.0,334232,0.9627,0.3151,1.5998,1.4146,-0.7325,2.17,0.0,0.0
1779816505900,1,Pitching Mound.Drive,,Loading,pitch.0,334746,-3.2218,12.1207,71.8835,46.742,7.3214,19.3724,-0.0108,0.069
1779816505900,1,Pitching Mound.Parent,,Loading,pitch.0,333939,-2.259,12.4358,73.4833,48.1565,6.5888,21.5424,-0.0106,0.0701
1779816505901,1,11.0000004b,Drive,Loading,pitch.0,334747,-3.1929,12.1599,72.0105,46.7858,7.2584,19.4197,-0.0107,0.069
1779816505901,1,12.00000015,Lower Delivery,Loading,pitch.0,334474,-0.2225,-0.7386,1.0967,-0.0927,-0.0281,-0.0161,0.0,0.0
1779816505901,1,12.00000018,Upper Delivery,Loading,pitch.0,335029,1.1722,1.0744,0.5601,1.3356,-0.7741,1.6659,0.0,0.0
1779816505901,1,Pitching Mound.Delivery,,Loading,pitch.0,334233,0.9415,0.3187,1.7313,1.4429,-0.8012,2.128,0.0,0.0
1779816505901,1,Pitching Mound.Drive,,Loading,pitch.0,334747,-3.1929,12.1599,72.0105,46.7858,7.2584,19.4197,-0.0107,0.069
1779816505901,1,Pitching Mound.Parent,,Loading,pitch.0,333940,-2.2513,12.4786,73.7418,48.2287,6.4572,21.5477,-0.0104,0.0702
1779816505902,1,11.0000004b,Drive,Loading,pitch.0,334748,-3.1541,12.2011,72.121,46.792,7.1797,19.42,-0.0106,0.0689
1779816505902,1,12.00000018,Upper Delivery,Loading,pitch.0,335030,1.1791,0.9768,0.4628,1.4467,-1.0237,1.6603,0.0,0.0
1779816505902,1,Pitching Mound.Delivery,,Loading,pitch.0,334234,0.9566,0.2383,1.5595,1.5695,-1.0518,2.1208,0.0,0.0
1779816505902,1,Pitching Mound.Drive,,Loading,pitch.0,334748,-3.1541,12.2011,72.121,46.792,7.1797,19.42,-0.0106,0.0689
1779816505902,1,Pitching Mound.Parent,,Loading,pitch.0,333941,-2.1975,12.4393,73.6805,48.3615,6.1279,21.5408,-0.0103,0.0703
1779816505903,1,11.0000004b,Drive,Loading,pitch.0,334749,-3.1345,12.2386,72.276,46.8329,7.0451,19.4396,-0.0103,0.0688
1779816505903,1,12.00000015,Lower Delivery,Loading,pitch.0,334475,-0.2351,-0.7228,0.9931,-0.0923,-0.022,-0.0167,0.0,0.0
1779816505903,1,12.00000018,Upper Delivery,Loading,pitch.0,335031,1.1596,0.9559,0.4134,1.38,-0.9163,1.6777,0.0,0.0
1779816505903,1,Pitching Mound.Delivery,,Loading,pitch.0,334235,0.9245,0.233,1.4065,1.4848,-0.9383,2.1351,0.0,0.0
1779816505903,1,Pitching Mound.Drive,,Loading,pitch.0,334749,-3.1345,12.2386,72.276,46.8329,7.0451,19.4396,-0.0103,0.0688
1779816505903,1,Pitching Mound.Parent,,Loading,pitch.0,333942,-2.21,12.4716,73.6825,48.3177,6.1068,21.5748,-0.0102,0.0702
1779816505904,1,11.0000004b,Drive,Loading,pitch.0,334750,-3.1094,12.2883,72.336,46.8363,6.947,19.461,-0.0102,0.0687
1779816505904,1,12.00000015,Lower Delivery,Loading,pitch.0,334476,-0.2307,-0.709,0.9527,-0.0974,-0.0083,-0.0174,0.0,0.0
1779816505904,1,12.00000015,Lower Delivery,Loading,pitch.0,334477,-0.2275,-0.7161,0.9623,-0.1001,-0.0121,-0.017,0.0,0.0
1779816505904,1,12.00000018,Upper Delivery,Loading,pitch.0,335032,1.1667,0.9831,0.439,1.3161,-0.8107,1.7072,0.0,0.0
1779816505904,1,Pitching Mound.Delivery,,Loading,pitch.0,334236,0.9359,0.2742,1.3918,1.3934,-0.819,2.1649,0.0,0.0
1779816505904,1,Pitching Mound.Drive,,Loading,pitch.0,334750,-3.1094,12.2883,72.336,46.8363,6.947,19.461,-0.0102,0.0687
1779816505904,1,Pitching Mound.Parent,,Loading,pitch.0,333943,-2.1735,12.5625,73.7277,48.2297,6.128,21.6259,-0.01,0.0698
1779816505905,1,11.0000004b,Drive,Loading,pitch.0,334751,-3.0806,12.3391,72.42,46.8587,7.0299,19.4621,-0.0103,0.0687
1779816505905,1,12.00000018,Upper Delivery,Loading,pitch.0,335033,1.1875,0.9447,0.32,1.3113,-0.8164,1.7286,0.0,0.0
1779816505905,1,Pitching Mound.Delivery,,Loading,pitch.0,334237,0.9599,0.2285,1.2822,1.4296,-0.8285,2.1927,0.0,0.0
1779816505905,1,Pitching Mound.Drive,,Loading,pitch.0,334751,-3.0806,12.3391,72.42,46.8587,7.0299,19.4621,-0.0103,0.0687
1779816505905,1,Pitching Mound.Parent,,Loading,pitch.0,333944,-2.1207,12.5677,73.7022,48.2883,6.2014,21.6548,-0.0101,0.0705
1779816505906,1,11.0000004b,Drive,Loading,pitch.0,334752,-3.0384,12.3827,72.5019,46.9244,6.9139,19.4836,-0.0101,0.0687
1779816505906,1,12.00000015,Lower Delivery,Loading,pitch.0,334478,-0.2323,-0.7016,0.8298,-0.1007,-0.0102,-0.0184,0.0,0.0
1779816505906,1,12.00000018,Upper Delivery,Loading,pitch.0,335034,1.1288,0.8988,0.2922,1.2587,-0.8446,1.7352,0.0,0.0
1779816505906,1,Pitching Mound.Delivery,,Loading,pitch.0,334238,0.8965,0.1971,1.122,1.3408,-0.8548,2.1796,0.0,0.0
1779816505906,1,Pitching Mound.Drive,,Loading,pitch.0,334752,-3.0384,12.3827,72.5019,46.9244,6.9139,19.4836,-0.0101,0.0687
1779816505906,1,Pitching Mound.Parent,,Loading,pitch.0,333945,-2.1419,12.5798,73.6238,48.2652,6.0592,21.6631,-0.01,0.0701
1779816505907,1,11.0000004b,Drive,Loading,pitch.0,334753,-3.0185,12.4384,72.6286,46.9752,6.9963,19.49,-0.0102,0.0687
1779816505907,1,12.00000015,Lower Delivery,Loading,pitch.0,334480,-0.2466,-0.7289,0.7978,-0.0929,-0.0041,-0.0167,0.0,0.0
1779816505907,1,12.00000015,Lower Delivery,Loading,pitch.0,334479,-0.239,-0.728,0.8909,-0.1005,-0.0054,-0.017,0.0,0.0
1779816505907,1,12.00000018,Upper Delivery,Loading,pitch.0,335035,1.1267,0.8883,0.2734,1.2146,-0.7755,1.7686,0.0,0.0
1779816505907,1,Pitching Mound.Delivery,,Loading,pitch.0,334239,0.8877,0.1603,1.1643,1.3241,-0.781,2.2159,0.0,0.0
1779816505907,1,Pitching Mound.Drive,,Loading,pitch.0,334753,-3.0185,12.4384,72.6286,46.9752,6.9963,19.49,-0.0102,0.0687
1779816505907,1,Pitching Mound.Parent,,Loading,pitch.0,333946,-2.1308,12.5987,73.7928,48.2993,6.2153,21.7059,-0.0101,0.0704
1779816505908,1,11.0000004b,Drive,Loading,pitch.0,334754,-3.0088,12.4892,72.8089,47.0016,7.0612,19.5035,-0.0103,0.0685
1779816505908,1,12.00000015,Lower Delivery,Loading,pitch.0,334481,-0.2519,-0.7234,0.8147,-0.0878,0.0008,-0.0142,0.0,0.0
1779816505908,1,12.00000018,Upper Delivery,Loading,pitch.0,335036,1.1323,0.8862,0.2574,1.2317,-0.8767,1.7601,0.0,0.0
1779816505908,1,Pitching Mound.Delivery,,Loading,pitch.0,334240,0.8857,0.1573,1.0552,1.3226,-0.8808,2.2123,0.0,0.0
1779816505908,1,Pitching Mound.Drive,,Loading,pitch.0,334754,-3.0088,12.4892,72.8089,47.0016,7.0612,19.5035,-0.0103,0.0685
1779816505908,1,Pitching Mound.Parent,,Loading,pitch.0,333947,-2.123,12.6465,73.864,48.3242,6.1804,21.7157,-0.0101,0.07
1779816505909,1,11.0000004b,Drive,Loading,pitch.0,334755,-2.9888,12.5431,73.0033,47.0733,6.9873,19.488,-0.0102,0.0685
1779816505909,1,12.00000015,Lower Delivery,Loading,pitch.0,334482,-0.2519,-0.734,0.9042,-0.0921,-0.0019,-0.0125,0.0,0.0
1779816505909,1,12.00000018,Upper Delivery,Loading,pitch.0,335037,1.1636,0.9334,0.2651,1.2179,-0.742,1.7617,0.0,0.0
1779816505909,1,Pitching Mound.Delivery,,Loading,pitch.0,334241,0.9117,0.2101,1.0797,1.3169,-0.7412,2.2288,0.0,0.0
1779816505909,1,Pitching Mound.Drive,,Loading,pitch.0,334755,-2.9888,12.5431,73.0033,47.0733,6.9873,19.488,-0.0102,0.0685
1779816505909,1,Pitching Mound.Parent,,Loading,pitch.0,333948,-2.077,12.7532,74.083,48.3903,6.2461,21.7167,-0.01,0.07
1779816505910,1,11.0000004b,Drive,Loading,pitch.0,334756,-2.9496,12.6017,73.3167,47.1639,6.996,19.4882,-0.0101,0.0683
1779816505910,1,12.00000018,Upper Delivery,Loading,pitch.0,335038,1.1892,0.9047,0.266,1.1609,-0.5549,1.7798,0.0,0.0
1779816505910,1,Pitching Mound.Delivery,,Loading,pitch.0,334242,0.9372,0.1707,1.1702,1.2858,-0.5568,2.2572,0.0,0.0
1779816505910,1,Pitching Mound.Drive,,Loading,pitch.0,334756,-2.9496,12.6017,73.3167,47.1639,6.996,19.4882,-0.0101,0.0683
1779816505910,1,Pitching Mound.Parent,,Loading,pitch.0,333949,-2.0124,12.7724,74.4869,48.4497,6.4392,21.7454,-0.01,0.0701
1779816505911,1,11.0000004b,Drive,Loading,pitch.0,334757,-2.9354,12.6579,73.3399,47.2308,7.0328,19.4385,-0.0102,0.0684
1779816505911,1,12.00000015,Lower Delivery,Loading,pitch.0,334483,-0.2499,-0.7198,0.9823,-0.0904,0.0011,-0.0136,0.0,0.0
1779816505911,1,12.00000015,Lower Delivery,Loading,pitch.0,334484,-0.2409,-0.7573,1.0909,-0.093,-0.0062,-0.008,0.0,0.0
1779816505911,1,12.00000018,Upper Delivery,Loading,pitch.0,335039,1.2126,0.9195,0.2341,1.1958,-0.6967,1.8159,0.0,0.0
1779816505911,1,Pitching Mound.Delivery,,Loading,pitch.0,334243,0.9627,0.1998,1.2164,1.3598,-0.6956,2.2995,0.0,0.0
1779816505911,1,Pitching Mound.Drive,,Loading,pitch.0,334757,-2.9354,12.6579,73.3399,47.2308,7.0328,19.4385,-0.0102,0.0684
1779816505911,1,Pitching Mound.Parent,,Loading,pitch.0,333950,-1.9728,12.8576,74.5564,48.5906,6.3372,21.7381,-0.01,0.0707
1779816505912,1,11.0000004b,Drive,Loading,pitch.0,334758,-2.9106,12.7079,73.5409,47.3348,7.0803,19.4319,-0.0102,0.0683
1779816505912,1,12.00000015,Lower Delivery,Loading,pitch.0,334485,-0.2371,-0.7801,1.1794,-0.0948,-0.0106,-0.0137,0.0,0.0
1779816505912,1,12.00000018,Upper Delivery,Loading,pitch.0,335040,1.1937,0.8837,0.2531,1.2185,-0.705,1.7807,0.0,0.0
1779816505912,1,Pitching Mound.Delivery,,Loading,pitch.0,334244,0.9528,0.1264,1.344,1.4103,-0.7112,2.2605,0.0,0.0
1779816505912,1,Pitching Mound.Drive,,Loading,pitch.0,334758,-2.9106,12.7079,73.5409,47.3348,7.0803,19.4319,-0.0102,0.0683
1779816505912,1,Pitching Mound.Parent,,Loading,pitch.0,333951,-1.9577,12.8343,74.8849,48.7451,6.3691,21.6924,-0.01,0.0709
1779816505913,1,11.0000004b,Drive,Loading,pitch.0,334759,-2.8944,12.7678,73.7606,47.4078,7.1357,19.4284,-0.0103,0.0682
1779816505913,1,12.00000018,Upper Delivery,Loading,pitch.0,335041,1.2329,0.8361,0.302,1.2399,-0.7431,1.8344,0.0,0.0
1779816505913,1,Pitching Mound.Delivery,,Loading,pitch.0,334245,0.9957,0.056,1.4813,1.4434,-0.7537,2.3205,0.0,0.0
1779816505913,1,Pitching Mound.Drive,,Loading,pitch.0,334759,-2.8944,12.7678,73.7606,47.4078,7.1357,19.4284,-0.0103,0.0682
1779816505913,1,Pitching Mound.Parent,,Loading,pitch.0,333952,-1.8987,12.8238,75.2419,48.8512,6.3821,21.7489,-0.0101,0.0709
1779816505914,1,11.0000004b,Drive,Loading,pitch.0,334760,-2.8753,12.8371,73.9247,47.5221,7.1742,19.3731,-0.0103,0.0682
1779816505914,1,12.00000015,Lower Delivery,Loading,pitch.0,334486,-0.2551,-0.7589,1.1361,-0.1036,-0.0218,-0.0142,0.0,0.0
1779816505914,1,12.00000015,Lower Delivery,Loading,pitch.0,334487,-0.2607,-0.7547,1.2199,-0.1044,-0.0173,-0.0146,0.0,0.0
1779816505914,1,12.00000018,Upper Delivery,Loading,pitch.0,335042,1.2457,0.8465,0.3286,1.2415,-0.7196,1.8431,0.0,0.0
1779816505914,1,Pitching Mound.Delivery,,Loading,pitch.0,334246,0.9906,0.0876,1.4647,1.4124,-0.7414,2.3392,0.0,0.0
1779816505914,1,Pitching Mound.Drive,,Loading,pitch.0,334760,-2.8753,12.8371,73.9247,47.5221,7.1742,19.3731,-0.0103,0.0682
1779816505914,1,Pitching Mound.Parent,,Loading,pitch.0,333953,-1.8847,12.9247,75.3894,48.9345,6.4328,21.7123,-0.0101,0.0706
1779816505915,1,11.0000004b,Drive,Loading,pitch.0,334761,-2.8633,12.8903,74.1252,47.6216,7.2654,19.3501,-0.0104,0.0682
1779816505915,1,12.00000015,Lower Delivery,Loading,pitch.0,334488,-0.2642,-0.7299,1.2115,-0.1121,-0.0227,-0.0158,0.0,0.0
1779816505915,1,12.00000018,Upper Delivery,Loading,pitch.0,335043,1.2459,0.8149,0.38,1.3523,-0.8192,1.826,0.0,0.0
1779816505915,1,Pitching Mound.Delivery,,Loading,pitch.0,334247,0.9853,0.0602,1.5999,1.5335,-0.8365,2.3236,0.0,0.0
1779816505915,1,Pitching Mound.Drive,,Loading,pitch.0,334761,-2.8633,12.8903,74.1252,47.6216,7.2654,19.3501,-0.0104,0.0682
1779816505915,1,Pitching Mound.Parent,,Loading,pitch.0,333954,-1.8781,12.9504,75.7251,49.1551,6.4289,21.6737,-0.0102,0.0705
1779816505916,1,11.0000004b,Drive,Loading,pitch.0,334762,-2.8613,12.948,74.2838,47.6837,7.2806,19.3267,-0.0104,0.0681
1779816505916,1,12.00000018,Upper Delivery,Loading,pitch.0,335044,1.2197,0.8437,0.4399,1.3839,-0.841,1.8535,0.0,0.0
1779816505916,1,12.00000018,Upper Delivery,Loading,pitch.0,335045,1.2561,0.8448,0.4754,1.3385,-0.7502,1.8031,0.0,0.0
1779816505916,1,Pitching Mound.Delivery,,Loading,pitch.0,334248,0.9555,0.1137,1.6514,1.5341,-0.8637,2.3422,0.0,0.0
1779816505916,1,Pitching Mound.Drive,,Loading,pitch.0,334762,-2.8613,12.948,74.2838,47.6837,7.2806,19.3267,-0.0104,0.0681
1779816505916,1,Pitching Mound.Parent,,Loading,pitch.0,333955,-1.9058,13.0617,75.9351,49.2178,6.417,21.6689,-0.0102,0.0701
1779816505917,1,11.0000004b,Drive,Loading,pitch.0,334763,-2.8275,12.9928,74.5594,47.8433,7.2652,19.3136,-0.0103,0.0681
1779816505917,1,12.00000015,Lower Delivery,Loading,pitch.0,334490,-0.2785,-0.7071,1.0586,-0.1076,-0.015,-0.0147,0.0,0.0
1779816505917,1,12.00000015,Lower Delivery,Loading,pitch.0,334489,-0.2836,-0.7287,1.1585,-0.1096,-0.014,-0.0149,0.0,0.0
1779816505917,1,Pitching Mound.Delivery,,Loading,pitch.0,334249,0.9725,0.1161,1.6339,1.4611,-0.7642,2.3117,0.0,0.0
1779816505917,1,Pitching Mound.Drive,,Loading,pitch.0,334763,-2.8275,12.9928,74.5594,47.8433,7.2652,19.3136,-0.0103,0.0681
1779816505917,1,Pitching Mound.Parent,,Loading,pitch.0,333956,-1.855,13.1089,76.1933,49.3044,6.501,21.6253,-0.0101,0.0697
1779816505918,1,11.0000004b,Drive,Loading,pitch.0,334764,-2.8105,13.0478,74.7719,47.9051,7.3554,19.294,-0.0104,0.068
1779816505918,1,12.00000015,Lower Delivery,Loading,pitch.0,334491,-0.2758,-0.7015,1.0969,-0.1059,-0.0161,-0.0153,0.0,0.0
1779816505918,1,12.00000018,Upper Delivery,Loading,pitch.0,335046,1.2669,0.8211,0.467,1.3494,-0.7268,1.8019,0.0,0.0
1779816505918,1,12.00000018,Upper Delivery,Loading,pitch.0,335047,1.2424,0.8326,0.5821,1.378,-0.7682,1.8023,0.0,0.0
1779816505918,1,Pitching Mound.Delivery,,Loading,pitch.0,334250,0.9883,0.1141,1.5255,1.4429,-0.7417,2.3126,0.0,0.0
1779816505918,1,Pitching Mound.Delivery,,Loading,pitch.0,334251,0.9667,0.1311,1.679,1.4471,-0.7842,2.3032,0.0,0.0
1779816505918,1,Pitching Mound.Drive,,Loading,pitch.0,334764,-2.8105,13.0478,74.7719,47.9051,7.3554,19.294,-0.0104,0.068
1779816505918,1,Pitching Mound.Parent,,Loading,pitch.0,333957,-1.8222,13.1618,76.2975,49.348,6.6137,21.6066,-0.0102,0.0693
1779816505919,1,11.0000004b,Drive,Loading,pitch.0,334765,-2.7806,13.1029,74.9956,47.9982,7.5366,19.2775,-0.0107,0.0679
1779816505919,1,12.00000015,Lower Delivery,Loading,pitch.0,334492,-0.2852,-0.7055,1.0967,-0.1055,-0.0237,-0.0162,0.0,0.0
1779816505919,1,Pitching Mound.Drive,,Loading,pitch.0,334765,-2.7806,13.1029,74.9956,47.9982,7.5366,19.2775,-0.0107,0.0679
1779816505919,1,Pitching Mound.Parent,,Loading,pitch.0,333958,-1.814,13.234,76.6746,49.4453,6.7524,21.5807,-0.0104,0.0687
1779816505920,1,11.0000004b,Drive,Loading,pitch.0,334766,-2.7537,13.1519,75.1908,48.1349,7.5964,19.2752,-0.0107,0.068
1779816505920,1,12.00000015,Lower Delivery,Loading,pitch.0,334493,-0.2636,-0.6954,1.0896,-0.1018,-0.02,-0.0149,0.0,0.0
1779816505920,1,12.00000018,Upper Delivery,Loading,pitch.0,335048,1.2209,0.8508,0.5964,1.3529,-0.722,1.7338,0.0,0.0
1779816505920,1,Pitching Mound.Delivery,,Loading,pitch.0,334252,0.9357,0.1452,1.6931,1.4175,-0.7457,2.2297,0.0,0.0
1779816505920,1,Pitching Mound.Drive,,Loading,pitch.0,334766,-2.7537,13.1519,75.1908,48.1349,7.5964,19.2752,-0.0107,0.068
1779816505920,1,Pitching Mound.Parent,,Loading,pitch.0,333959,-1.8181,13.2971,76.8839,49.5524,6.8507,21.5049,-0.0105,0.0687
1779816505921,1,11.0000004b,Drive,Loading,pitch.0,334767,-2.7236,13.2049,75.4226,48.252,7.7167,19.2726,-0.0109,0.0679
1779816505921,1,11.0000004b,Drive,Loading,pitch.0,334768,-2.6896,13.2515,75.7856,48.3521,7.8715,19.2532,-0.011,0.0677
1779816505921,1,12.00000015,Lower Delivery,Loading,pitch.0,334494,-0.2695,-0.6892,1.0359,-0.0957,-0.0177,-0.0141,0.0,0.0
1779816505921,1,12.00000018,Upper Delivery,Loading,pitch.0,335049,1.2226,0.8736,0.5194,1.3386,-0.7031,1.6937,0.0,0.0
1779816505921,1,Pitching Mound.Delivery,,Loading,pitch.0,334253,0.959,0.1783,1.609,1.4307,-0.7231,2.1841,0.0,0.0
1779816505921,1,Pitching Mound.Drive,,Loading,pitch.0,334767,-2.7236,13.2049,75.4226,48.252,7.7167,19.2726,-0.0109,0.0679
1779816505921,1,Pitching Mound.Drive,,Loading,pitch.0,334768,-2.6896,13.2515,75.7856,48.3521,7.8715,19.2532,-0.011,0.0677
1779816505921,1,Pitching Mound.Parent,,Loading,pitch.0,333960,-1.7646,13.3831,77.0316,49.6827,6.9937,21.4567,-0.0106,0.069
1779816505922,1,11.0000004b,Drive,Loading,pitch.0,334769,-2.6602,13.2927,75.912,48.577,7.7928,19.2289,-0.0109,0.0679
1779816505922,1,12.00000015,Lower Delivery,Loading,pitch.0,334495,-0.2697,-0.6795,0.9653,-0.0945,-0.0197,-0.0153,0.0,0.0
1779816505922,1,12.00000018,Upper Delivery,Loading,pitch.0,335050,1.1815,0.9466,0.6389,1.2547,-0.5719,1.6317,0.0,0.0
1779816505922,1,Pitching Mound.Delivery,,Loading,pitch.0,334254,0.912,0.2574,1.6748,1.294,-0.5896,2.111,0.0,0.0
1779816505922,1,Pitching Mound.Drive,,Loading,pitch.0,334769,-2.6602,13.2927,75.912,48.577,7.7928,19.2289,-0.0109,0.0679
1779816505922,1,Pitching Mound.Parent,,Loading,pitch.0,333961,-1.7775,13.5089,77.4604,49.6461,7.2819,21.3641,-0.0108,0.068
1779816505923,1,11.0000004b,Drive,Loading,pitch.0,334770,-2.6328,13.3376,76.081,48.8006,7.9764,19.1816,-0.0111,0.0681
1779816505923,1,12.00000015,Lower Delivery,Loading,pitch.0,334496,-0.2656,-0.701,1.0359,-0.0973,-0.0232,-0.0092,0.0,0.0
1779816505923,1,12.00000018,Upper Delivery,Loading,pitch.0,335051,1.2026,0.9271,0.5263,1.1966,-0.5954,1.6516,0.0,0.0
1779816505923,1,12.00000018,Upper Delivery,Loading,pitch.0,335052,1.1992,1.0008,0.5756,1.2499,-0.5211,1.6492,0.0,0.0
1779816505923,1,Pitching Mound.Delivery,,Loading,pitch.0,334255,0.9329,0.2476,1.4916,1.2514,-0.6151,2.1368,0.0,0.0
1779816505923,1,Pitching Mound.Delivery,,Loading,pitch.0,334256,0.9337,0.2998,1.6115,1.3091,-0.5443,2.138,0.0,0.0
1779816505923,1,Pitching Mound.Drive,,Loading,pitch.0,334770,-2.6328,13.3376,76.081,48.8006,7.9764,19.1816,-0.0111,0.0681
1779816505923,1,Pitching Mound.Parent,,Loading,pitch.0,333962,-1.7273,13.5403,77.4036,49.8284,7.1777,21.3658,-0.0107,0.0686
1779816505923,1,Pitching Mound.Parent,,Loading,pitch.0,333963,-1.6992,13.6374,77.6925,50.1097,7.4321,21.3196,-0.0109,0.0687
1779816505924,1,12.00000015,Lower Delivery,Loading,pitch.0,334497,-0.2633,-0.7114,1.1325,-0.0962,-0.0213,-0.0122,0.0,0.0
1779816505925,1,11.0000004b,Drive,Loading,pitch.0,334771,-2.6126,13.3844,76.3045,49.0839,7.9406,19.1583,-0.011,0.0683
1779816505925,1,12.00000015,Lower Delivery,Loading,pitch.0,334498,-0.2364,-0.7007,1.1479,-0.0995,-0.0217,-0.0069,0.0,0.0
1779816505925,1,12.00000018,Upper Delivery,Loading,pitch.0,335053,1.1675,1.0816,0.6399,1.1995,-0.407,1.6161,0.0,0.0
1779816505925,1,Pitching Mound.Delivery,,Loading,pitch.0,334257,0.9042,0.3703,1.7724,1.2708,-0.4282,2.0904,0.0,0.0
1779816505925,1,Pitching Mound.Drive,,Loading,pitch.0,334771,-2.6126,13.3844,76.3045,49.0839,7.9406,19.1583,-0.011,0.0683
1779816505925,1,Pitching Mound.Parent,,Loading,pitch.0,333964,-1.7084,13.7546,78.0769,50.3547,7.5124,21.2487,-0.0108,0.0689
1779816505926,1,11.0000004b,Drive,Loading,pitch.0,334772,-2.5695,13.4137,76.5514,49.1972,8.0342,19.1342,-0.0111,0.0682
1779816505926,1,11.0000004b,Drive,Loading,pitch.0,334773,-2.5314,13.474,76.8467,49.4204,8.1469,19.0671,-0.0113,0.0683
1779816505926,1,12.00000015,Lower Delivery,Loading,pitch.0,334499,-0.2252,-0.7091,1.2385,-0.088,-0.0118,-0.0025,0.0,0.0
1779816505926,1,12.00000018,Upper Delivery,Loading,pitch.0,335054,1.1807,1.1074,0.7061,1.1326,-0.374,1.6177,0.0,0.0
1779816505926,1,Pitching Mound.Delivery,,Loading,pitch.0,334258,0.9443,0.4067,1.854,1.1834,-0.3958,2.0927,0.0,0.0
1779816505926,1,Pitching Mound.Drive,,Loading,pitch.0,334772,-2.5695,13.4137,76.5514,49.1972,8.0342,19.1342,-0.0111,0.0682
1779816505926,1,Pitching Mound.Drive,,Loading,pitch.0,334773,-2.5314,13.474,76.8467,49.4204,8.1469,19.0671,-0.0113,0.0683
1779816505926,1,Pitching Mound.Parent,,Loading,pitch.0,333965,-1.6252,13.8203,78.4055,50.3806,7.6385,21.2269,-0.0109,0.0685
1779816505927,1,11.0000004b,Drive,Loading,pitch.0,334774,-2.4923,13.5285,77.0592,49.553,8.228,19.026,-0.0113,0.0683
1779816505927,1,12.00000015,Lower Delivery,Loading,pitch.0,334500,-0.227,-0.7061,1.3105,-0.0963,-0.0089,-0.0066,0.0,0.0
1779816505927,1,12.00000018,Upper Delivery,Loading,pitch.0,335055,1.1547,1.1489,0.7576,1.1655,-0.1972,1.6259,0.0,0.0
1779816505927,1,Pitching Mound.Delivery,,Loading,pitch.0,334259,0.9294,0.4397,1.9962,1.2411,-0.209,2.0926,0.0,0.0
1779816505927,1,Pitching Mound.Drive,,Loading,pitch.0,334774,-2.4923,13.5285,77.0592,49.553,8.228,19.026,-0.0113,0.0683
1779816505927,1,Pitching Mound.Parent,,Loading,pitch.0,333966,-1.602,13.9137,78.8428,50.6615,7.9379,21.1597,-0.011,0.0686
1779816505928,1,11.0000004b,Drive,Loading,pitch.0,334775,-2.4482,13.5461,77.2835,49.8077,8.2231,19.0107,-0.0113,0.0684
1779816505928,1,12.00000015,Lower Delivery,Loading,pitch.0,334501,-0.2178,-0.7175,1.4148,-0.0987,-0.0098,-0.0043,0.0,0.0
1779816505928,1,12.00000018,Upper Delivery,Loading,pitch.0,335056,1.174,1.1615,0.7685,1.2961,-0.1622,1.6392,0.0,0.0
1779816505928,1,Pitching Mound.Delivery,,Loading,pitch.0,334260,0.9471,0.4554,2.0791,1.3841,-0.1711,2.109,0.0,0.0
1779816505928,1,Pitching Mound.Drive,,Loading,pitch.0,334775,-2.4482,13.5461,77.2835,49.8077,8.2231,19.0107,-0.0113,0.0684
1779816505928,1,Pitching Mound.Parent,,Loading,pitch.0,333967,-1.5452,13.9839,79.1382,50.9371,8.0568,21.1349,-0.011,0.0688
1779816505929,1,11.0000004b,Drive,Loading,pitch.0,334776,-2.4153,13.5992,77.5172,49.9355,8.4296,19.0038,-0.0115,0.0684
1779816505929,1,12.00000015,Lower Delivery,Loading,pitch.0,334502,-0.2135,-0.7178,1.401,-0.1013,-0.0123,-0.0031,0.0,0.0
1779816505929,1,12.00000018,Upper Delivery,Loading,pitch.0,335057,1.1596,1.2005,0.7655,1.243,-0.0902,1.6387,0.0,0.0
1779816505929,1,12.00000018,Upper Delivery,Loading,pitch.0,335058,1.1522,1.2107,0.6876,1.1232,-0.0933,1.6474,0.0,0.0
1779816505929,1,Pitching Mound.Delivery,,Loading,pitch.0,334262,0.9387,0.493,2.0886,1.2644,-0.1056,2.1086,0.0,0.0
1779816505929,1,Pitching Mound.Delivery,,Loading,pitch.0,334261,0.9418,0.483,2.1803,1.3651,-0.0999,2.1028,0.0,0.0
1779816505929,1,Pitching Mound.Drive,,Loading,pitch.0,334776,-2.4153,13.5992,77.5172,49.9355,8.4296,19.0038,-0.0115,0.0684
1779816505929,1,Pitching Mound.Parent,,Loading,pitch.0,333969,-1.4766,14.0922,79.6058,51.1999,8.3239,21.1124,-0.0112,0.0696
1779816505929,1,Pitching Mound.Parent,,Loading,pitch.0,333968,-1.5064,14.029,79.4638,51.1728,8.1231,21.1134,-0.011,0.0693
1779816505930,1,11.0000004b,Drive,Loading,pitch.0,334777,-2.3627,13.6532,77.7234,50.0876,8.6867,18.9357,-0.0119,0.0684
1779816505930,1,12.00000015,Lower Delivery,Loading,pitch.0,334503,-0.2157,-0.6848,1.3102,-0.1022,-0.0089,-0.0078,0.0,0.0
1779816505930,1,12.00000018,Upper Delivery,Loading,pitch.0,335059,1.1596,1.2041,0.7426,1.2641,-0.1542,1.6497,0.0,0.0
1779816505930,1,Pitching Mound.Delivery,,Loading,pitch.0,334263,0.944,0.5193,2.0527,1.3549,-0.1632,2.1095,0.0,0.0
1779816505930,1,Pitching Mound.Drive,,Loading,pitch.0,334777,-2.3627,13.6532,77.7234,50.0876,8.6867,18.9357,-0.0119,0.0684
1779816505930,1,Pitching Mound.Parent,,Loading,pitch.0,333970,-1.4188,14.1725,79.7761,51.4424,8.5235,21.0452,-0.0116,0.0691
1779816505931,1,11.0000004b,Drive,Loading,pitch.0,334778,-2.3205,13.6848,77.9232,50.2199,8.7967,18.9123,-0.012,0.0684
1779816505931,1,12.00000015,Lower Delivery,Loading,pitch.0,334504,-0.2266,-0.7158,1.3214,-0.0979,-0.0112,-0.005,0.0,0.0
1779816505931,1,12.00000018,Upper Delivery,Loading,pitch.0,335060,1.147,1.1938,0.7298,1.2415,-0.1753,1.6892,0.0,0.0
1779816505931,1,Pitching Mound.Delivery,,Loading,pitch.0,334264,0.9204,0.4779,2.0513,1.3448,-0.1865,2.1512,0.0,0.0
1779816505931,1,Pitching Mound.Drive,,Loading,pitch.0,334778,-2.3205,13.6848,77.9232,50.2199,8.7967,18.9123,-0.012,0.0684
1779816505931,1,Pitching Mound.Parent,,Loading,pitch.0,333971,-1.4001,14.1627,79.9745,51.5647,8.6103,21.0635,-0.0117,0.0692
1779816505932,1,11.0000004b,Drive,Loading,pitch.0,334779,-2.2634,13.7412,78.0587,50.3714,8.9513,18.8652,-0.0122,0.0685
1779816505932,1,12.00000015,Lower Delivery,Loading,pitch.0,334505,-0.2298,-0.7291,1.2119,-0.0963,-0.0013,-0.0133,0.0,0.0
1779816505932,1,12.00000018,Upper Delivery,Loading,pitch.0,335061,1.1563,1.1682,0.6705,1.1348,-0.3095,1.6953,0.0,0.0
1779816505932,1,Pitching Mound.Delivery,,Loading,pitch.0,334265,0.9264,0.4391,1.8824,1.2226,-0.3107,2.1532,0.0,0.0
1779816505932,1,Pitching Mound.Drive,,Loading,pitch.0,334779,-2.2634,13.7412,78.0587,50.3714,8.9513,18.8652,-0.0122,0.0685
1779816505932,1,Pitching Mound.Parent,,Loading,pitch.0,333972,-1.3369,14.1803,79.9412,51.594,8.6406,21.0184,-0.0119,0.0692
1779816505933,1,11.0000004b,Drive,Loading,pitch.0,334780,-2.2029,13.7901,78.3862,50.5076,9.2142,18.8645,-0.0125,0.0684
1779816505933,1,12.00000015,Lower Delivery,Loading,pitch.0,334506,-0.2273,-0.702,1.2279,-0.0952,-0.0007,-0.0114,0.0,0.0
1779816505933,1,12.00000018,Upper Delivery,Loading,pitch.0,335062,1.1653,1.1108,0.608,1.021,-0.2394,1.7558,0.0,0.0
1779816505933,1,Pitching Mound.Delivery,,Loading,pitch.0,334266,0.9379,0.4089,1.8358,1.1365,-0.2401,2.218,0.0,0.0
1779816505933,1,Pitching Mound.Drive,,Loading,pitch.0,334780,-2.2029,13.7901,78.3862,50.5076,9.2142,18.8645,-0.0125,0.0684
1779816505933,1,Pitching Mound.Parent,,Loading,pitch.0,333973,-1.265,14.199,80.2221,51.6442,8.9741,21.0825,-0.0122,0.0695
1779816505934,1,11.0000004b,Drive,Loading,pitch.0,334781,-2.1727,13.8242,78.6266,50.6167,9.3823,18.8529,-0.0127,0.0683
1779816505934,1,12.00000015,Lower Delivery,Loading,pitch.0,334507,-0.2412,-0.692,1.1883,-0.0924,-0.0004,-0.0107,0.0,0.0
1779816505934,1,12.00000018,Upper Delivery,Loading,pitch.0,335063,1.1587,1.1054,0.5581,0.9586,-0.3264,1.7283,0.0,0.0
1779816505934,1,Pitching Mound.Delivery,,Loading,pitch.0,334267,0.9176,0.4134,1.7464,1.0805,-0.3268,2.1936,0.0,0.0
1779816505934,1,Pitching Mound.Drive,,Loading,pitch.0,334781,-2.1727,13.8242,78.6266,50.6167,9.3823,18.8529,-0.0127,0.0683
1779816505934,1,Pitching Mound.Parent,,Loading,pitch.0,333974,-1.2551,14.2376,80.373,51.6972,9.0556,21.0465,-0.0124,0.0695
1779816505935,1,11.0000004b,Drive,Loading,pitch.0,334782,-2.1068,13.8782,78.8509,50.6617,9.5535,18.8211,-0.0129,0.0682
1779816505935,1,12.00000015,Lower Delivery,Loading,pitch.0,334508,-0.2296,-0.6845,1.1595,-0.0843,0.0086,0.0156,0.0,0.0
1779816505935,1,12.00000018,Upper Delivery,Loading,pitch.0,335064,1.1447,1.0331,0.5129,0.9992,-0.4327,1.7393,0.0,0.0
1779816505935,1,Pitching Mound.Delivery,,Loading,pitch.0,334268,0.9151,0.3487,1.6724,1.1348,-0.4242,2.2221,0.0,0.0
1779816505935,1,Pitching Mound.Drive,,Loading,pitch.0,334782,-2.1068,13.8782,78.8509,50.6617,9.5535,18.8211,-0.0129,0.0682
1779816505935,1,Pitching Mound.Parent,,Loading,pitch.0,333975,-1.1917,14.2268,80.5232,51.7965,9.1293,21.0432,-0.0126,0.0695
1779816505936,1,11.0000004b,Drive,Loading,pitch.0,334783,-2.0584,13.9215,79.0236,50.7524,9.7619,18.7741,-0.0131,0.0682
1779816505936,1,12.00000015,Lower Delivery,Loading,pitch.0,334509,-0.247,-0.7025,1.1141,-0.0714,0.0127,0.0549,0.0,0.0
1779816505936,1,12.00000018,Upper Delivery,Loading,pitch.0,335065,1.1443,1.0008,0.4389,1.0897,-0.4894,1.7026,0.0,0.0
1779816505936,1,Pitching Mound.Delivery,,Loading,pitch.0,334269,0.8972,0.2983,1.553,1.2479,-0.4767,2.2305,0.0,0.0
1779816505936,1,Pitching Mound.Drive,,Loading,pitch.0,334783,-2.0584,13.9215,79.0236,50.7524,9.7619,18.7741,-0.0131,0.0682
1779816505936,1,Pitching Mound.Parent,,Loading,pitch.0,333976,-1.1612,14.2198,80.5766,52.0004,9.2852,21.0046,-0.0129,0.0697
1779816505937,1,11.0000004b,Drive,Loading,pitch.0,334784,-2.0077,13.9624,79.1856,50.997,9.9482,18.7797,-0.0133,0.0684
1779816505937,1,12.00000015,Lower Delivery,Loading,pitch.0,334510,-0.2664,-0.7024,1.0545,-0.0761,0.0212,0.0303,0.0,0.0
1779816505937,1,Pitching Mound.Drive,,Loading,pitch.0,334784,-2.0077,13.9624,79.1856,50.997,9.9482,18.7797,-0.0133,0.0684
1779816505938,1,11.0000004b,Drive,Loading,pitch.0,334785,-1.9672,14.0037,79.2464,51.1977,10.1218,18.7366,-0.0136,0.0686
1779816505938,1,12.00000015,Lower Delivery,Loading,pitch.0,334511,-0.2851,-0.7314,1.0629,-0.0757,0.0167,0.0281,0.0,0.0
1779816505938,1,12.00000018,Upper Delivery,Loading,pitch.0,335066,1.1484,0.9852,0.4078,1.2341,-0.5741,1.7532,0.0,0.0
1779816505938,1,Pitching Mound.Delivery,,Loading,pitch.0,334270,0.882,0.2829,1.4622,1.3779,-0.5529,2.2645,0.0,0.0
1779816505938,1,Pitching Mound.Drive,,Loading,pitch.0,334785,-1.9672,14.0037,79.2464,51.1977,10.1218,18.7366,-0.0136,0.0686
1779816505938,1,Pitching Mound.Parent,,Loading,pitch.0,333977,-1.1257,14.2453,80.6478,52.3749,9.3953,21.0442,-0.0131,0.0699
1779816505939,1,11.0000004b,Drive,Loading,pitch.0,334786,-1.9193,14.0457,79.5029,51.4119,10.2891,18.6847,-0.0137,0.0687
1779816505939,1,12.00000015,Lower Delivery,Loading,pitch.0,334512,-0.2711,-0.709,1.1012,-0.0818,0.012,0.081,0.0,0.0
1779816505939,1,12.00000018,Upper Delivery,Loading,pitch.0,335067,1.1506,0.9561,0.3393,1.3248,-0.672,1.7313,0.0,0.0
1779816505939,1,Pitching Mound.Delivery,,Loading,pitch.0,334271,0.8655,0.2247,1.4022,1.4951,-0.6553,2.2476,0.0,0.0
1779816505939,1,Pitching Mound.Drive,,Loading,pitch.0,334786,-1.9193,14.0457,79.5029,51.4119,10.2891,18.6847,-0.0137,0.0687
1779816505939,1,Pitching Mound.Parent,,Loading,pitch.0,333978,-1.1017,14.2284,80.6486,52.6927,9.4666,20.9841,-0.0133,0.0704
1779816505940,1,11.0000004b,Drive,Loading,pitch.0,334787,-1.8746,14.0862,79.5837,51.6072,10.5746,18.643,-0.0141,0.0688
1779816505940,1,12.00000015,Lower Delivery,Loading,pitch.0,334513,-0.2631,-0.677,1.0399,-0.0953,0.0092,0.0239,0.0,0.0
1779816505940,1,12.00000018,Upper Delivery,Loading,pitch.0,335068,1.1425,0.9918,0.3899,1.3509,-0.6846,1.7579,0.0,0.0
1779816505940,1,Pitching Mound.Delivery,,Loading,pitch.0,334272,0.8714,0.2828,1.4911,1.511,-0.6725,2.3194,0.0,0.0
1779816505940,1,Pitching Mound.Drive,,Loading,pitch.0,334787,-1.8746,14.0862,79.5837,51.6072,10.5746,18.643,-0.0141,0.0688
1779816505940,1,Pitching Mound.Parent,,Loading,pitch.0,333979,-1.0479,14.3285,80.9939,52.9229,9.6166,21.0041,-0.0135,0.0704
1779816505941,1,11.0000004b,Drive,Loading,pitch.0,334788,-1.8162,14.1093,79.8595,51.6184,10.7373,18.584,-0.0143,0.0686
1779816505941,1,12.00000015,Lower Delivery,Loading,pitch.0,334514,-0.2591,-0.6755,1.0183,-0.1018,-0.0002,0.0004,0.0,0.0
1779816505941,1,12.00000018,Upper Delivery,Loading,pitch.0,335069,1.1228,1.0089,0.4639,1.4224,-0.7888,1.7132,0.0,0.0
1779816505941,1,Pitching Mound.Delivery,,Loading,pitch.0,334273,0.8597,0.3319,1.5038,1.5229,-0.7796,2.2083,0.0,0.0
1779816505941,1,Pitching Mound.Drive,,Loading,pitch.0,334788,-1.8162,14.1093,79.8595,51.6184,10.7373,18.584,-0.0143,0.0686
1779816505941,1,Pitching Mound.Parent,,Loading,pitch.0,333980,-1.0149,14.4181,81.0875,53.1301,9.795,20.8513,-0.0138,0.07
1779816505942,1,11.0000004b,Drive,Loading,pitch.0,334789,-1.7579,14.1344,79.9562,51.8324,11.0306,18.5283,-0.0146,0.0688
1779816505942,1,12.00000015,Lower Delivery,Loading,pitch.0,334515,-0.2447,-0.69,1.0119,-0.1073,-0.0087,-0.0002,0.0,0.0
1779816505942,1,12.00000018,Upper Delivery,Loading,pitch.0,335071,1.1679,1.0272,0.4914,1.4653,-0.8417,1.707,0.0,0.0
1779816505942,1,12.00000018,Upper Delivery,Loading,pitch.0,335070,1.1215,0.9556,0.4008,1.4061,-1.0417,1.7317,0.0,0.0
1779816505942,1,Pitching Mound.Delivery,,Loading,pitch.0,334274,0.8624,0.28,1.4191,1.5142,-1.0419,2.2016,0.0,0.0
1779816505942,1,Pitching Mound.Delivery,,Loading,pitch.0,334275,0.9232,0.3372,1.5033,1.5351,-0.8504,2.1871,0.0,0.0
1779816505942,1,Pitching Mound.Drive,,Loading,pitch.0,334789,-1.7579,14.1344,79.9562,51.8324,11.0306,18.5283,-0.0146,0.0688
1779816505942,1,Pitching Mound.Parent,,Loading,pitch.0,333981,-0.9538,14.3893,81.2786,53.1326,9.6954,20.7856,-0.014,0.07
1779816505942,1,Pitching Mound.Parent,,Loading,pitch.0,333982,-0.8347,14.4716,81.4595,53.3674,10.1802,20.7153,-0.0144,0.0697
1779816505943,1,11.0000004b,Drive,Loading,pitch.0,334790,-1.7111,14.1519,80.0345,51.9172,11.2574,18.4713,-0.0149,0.0689
1779816505943,1,12.00000015,Lower Delivery,Loading,pitch.0,334516,-0.2486,-0.6629,1.1341,-0.1121,-0.0201,-0.0009,0.0,0.0
1779816505943,1,12.00000018,Upper Delivery,Loading,pitch.0,335072,1.141,0.9939,0.4485,1.3984,-0.9321,1.7245,0.0,0.0
1779816505943,1,Pitching Mound.Delivery,,Loading,pitch.0,334276,0.8924,0.331,1.5827,1.5194,-0.9522,2.1961,0.0,0.0
1779816505943,1,Pitching Mound.Drive,,Loading,pitch.0,334790,-1.7111,14.1519,80.0345,51.9172,11.2574,18.4713,-0.0149,0.0689
1779816505943,1,Pitching Mound.Parent,,Loading,pitch.0,333983,-0.8187,14.4828,81.6171,53.4366,10.3053,20.6673,-0.0146,0.0704
1779816505944,1,11.0000004b,Drive,Loading,pitch.0,334791,-1.6545,14.1693,80.1105,52.0426,11.4673,18.4194,-0.0152,0.069
1779816505944,1,12.00000015,Lower Delivery,Loading,pitch.0,334517,-0.2472,-0.6833,1.2292,-0.1174,-0.0276,-0.0107,0.0,0.0
1779816505944,1,12.00000018,Upper Delivery,Loading,pitch.0,335073,1.105,1.0218,0.5764,1.4306,-1.0527,1.6778,0.0,0.0
1779816505944,1,Pitching Mound.Delivery,,Loading,pitch.0,334277,0.8579,0.3385,1.8055,1.5351,-1.0804,2.1269,0.0,0.0
1779816505944,1,Pitching Mound.Drive,,Loading,pitch.0,334791,-1.6545,14.1693,80.1105,52.0426,11.4673,18.4194,-0.0152,0.069
1779816505944,1,Pitching Mound.Parent,,Loading,pitch.0,333984,-0.7966,14.5078,81.9161,53.5777,10.3869,20.5463,-0.0149,0.0702
1779816505945,1,11.0000004b,Drive,Loading,pitch.0,334792,-1.5982,14.1917,80.1621,52.194,11.6377,18.3986,-0.0154,0.0691
1779816505945,1,12.00000015,Lower Delivery,Loading,pitch.0,334518,-0.2185,-0.6479,1.1289,-0.1045,-0.038,-0.0239,0.0,0.0
1779816505945,1,12.00000018,Upper Delivery,Loading,pitch.0,335074,1.1622,1.0212,0.4999,1.4322,-1.0329,1.7052,0.0,0.0
1779816505945,1,Pitching Mound.Delivery,,Loading,pitch.0,334278,0.9436,0.3733,1.6288,1.5415,-1.0709,2.1507,0.0,0.0
1779816505945,1,Pitching Mound.Drive,,Loading,pitch.0,334792,-1.5982,14.1917,80.1621,52.194,11.6377,18.3986,-0.0154,0.0691
1779816505945,1,Pitching Mound.Parent,,Loading,pitch.0,333985,-0.6545,14.565,81.7909,53.7356,10.5667,20.5493,-0.0151,0.0704
1779816505946,1,11.0000004b,Drive,Loading,pitch.0,334793,-1.5491,14.197,80.2515,52.3918,11.7722,18.3635,-0.0156,0.0693
1779816505946,1,12.00000015,Lower Delivery,Loading,pitch.0,334519,-0.2176,-0.6595,1.1422,-0.1119,-0.0382,-0.0247,0.0,0.0
1779816505946,1,12.00000018,Upper Delivery,Loading,pitch.0,335075,1.1819,1.064,0.4837,1.4441,-0.9935,1.6637,0.0,0.0
1779816505946,1,Pitching Mound.Delivery,,Loading,pitch.0,334279,0.9643,0.4045,1.626,1.5561,-1.0316,2.1149,0.0,0.0
1779816505946,1,Pitching Mound.Drive,,Loading,pitch.0,334793,-1.5491,14.197,80.2515,52.3918,11.7722,18.3635,-0.0156,0.0693
1779816505946,1,Pitching Mound.Parent,,Loading,pitch.0,333986,-0.5848,14.6015,81.8774,53.9479,10.7406,20.4783,-0.0153,0.0707
1779816505947,1,11.0000004b,Drive,Loading,pitch.0,334794,-1.4987,14.212,80.2662,52.5241,11.9666,18.3239,-0.0158,0.0695
1779816505947,1,12.00000015,Lower Delivery,Loading,pitch.0,334520,-0.2171,-0.6347,1.0846,-0.1025,-0.0389,-0.0304,0.0,0.0
1779816505947,1,12.00000018,Upper Delivery,Loading,pitch.0,335076,1.191,1.0305,0.4861,1.2761,-1.0758,1.685,0.0,0.0
1779816505947,1,Pitching Mound.Delivery,,Loading,pitch.0,334280,0.9739,0.3958,1.5707,1.3771,-1.1147,2.1334,0.0,0.0
1779816505947,1,Pitching Mound.Drive,,Loading,pitch.0,334794,-1.4987,14.212,80.2662,52.5241,11.9666,18.3239,-0.0158,0.0695
1779816505947,1,Pitching Mound.Parent,,Loading,pitch.0,333987,-0.5248,14.6079,81.837,53.9012,10.8519,20.4574,-0.0155,0.0706
1779816505948,1,11.0000004b,Drive,Loading,pitch.0,334795,-1.4627,14.2253,80.2665,52.6404,12.1026,18.2669,-0.016,0.0696
1779816505948,1,12.00000015,Lower Delivery,Loading,pitch.0,334521,-0.2092,-0.6641,1.1522,-0.1053,-0.0323,-0.0305,0.0,0.0
1779816505948,1,12.00000018,Upper Delivery,Loading,pitch.0,335077,1.2028,1.0006,0.403,1.3322,-1.0351,1.6611,0.0,0.0
1779816505948,1,Pitching Mound.Delivery,,Loading,pitch.0,334281,0.9936,0.3365,1.5553,1.4816,-1.0674,2.1107,0.0,0.0
1779816505948,1,Pitching Mound.Drive,,Loading,pitch.0,334795,-1.4627,14.2253,80.2665,52.6404,12.1026,18.2669,-0.016,0.0696
1779816505948,1,Pitching Mound.Parent,,Loading,pitch.0,333988,-0.4691,14.5618,81.8217,54.122,11.0351,20.3775,-0.0157,0.0714
1779816505949,1,11.0000004b,Drive,Loading,pitch.0,334796,-1.4065,14.2242,80.3694,52.726,12.1852,18.2263,-0.0161,0.0696
1779816505949,1,12.00000015,Lower Delivery,Loading,pitch.0,334522,-0.205,-0.6522,1.0766,-0.1038,-0.0373,-0.0319,0.0,0.0
1779816505949,1,12.00000018,Upper Delivery,Loading,pitch.0,335078,1.2416,0.985,0.3505,1.3106,-1.0428,1.6776,0.0,0.0
1779816505949,1,Pitching Mound.Delivery,,Loading,pitch.0,334282,1.0367,0.3328,1.4271,1.4537,-1.08,2.1376,0.0,0.0
1779816505949,1,Pitching Mound.Drive,,Loading,pitch.0,334796,-1.4065,14.2242,80.3694,52.726,12.1852,18.2263,-0.0161,0.0696
1779816505949,1,Pitching Mound.Parent,,Loading,pitch.0,333989,-0.3698,14.5569,81.7965,54.1796,11.1051,20.3639,-0.0158,0.0715
1779816505950,1,11.0000004b,Drive,Loading,pitch.0,334797,-1.3608,14.2266,80.363,52.7598,12.3383,18.1725,-0.0163,0.0697
1779816505950,1,12.00000015,Lower Delivery,Loading,pitch.0,334523,-0.2213,-0.6831,1.1827,-0.1118,-0.0298,-0.0268,0.0,0.0
1779816505950,1,12.00000018,Upper Delivery,Loading,pitch.0,335079,1.2378,0.9401,0.4111,1.3601,-1.1148,1.6393,0.0,0.0
1779816505950,1,Pitching Mound.Delivery,,Loading,pitch.0,334283,1.0165,0.257,1.5938,1.5107,-1.1445,2.1086,0.0,0.0
1779816505950,1,Pitching Mound.Drive,,Loading,pitch.0,334797,-1.3608,14.2266,80.363,52.7598,12.3383,18.1725,-0.0163,0.0697
1779816505950,1,Pitching Mound.Parent,,Loading,pitch.0,333990,-0.3443,14.4836,81.9568,54.2705,11.1938,20.2811,-0.016,0.0715
1779816505951,1,11.0000004b,Drive,Loading,pitch.0,334798,-1.3179,14.231,80.4351,52.8845,12.2804,18.1585,-0.0162,0.0698
1779816505951,1,12.00000015,Lower Delivery,Loading,pitch.0,334524,-0.2192,-0.6926,1.1203,-0.1054,-0.0138,-0.0237,0.0,0.0
1779816505951,1,12.00000018,Upper Delivery,Loading,pitch.0,335080,1.2549,0.9334,0.3235,1.2954,-1.0907,1.625,0.0,0.0
1779816505951,1,Pitching Mound.Delivery,,Loading,pitch.0,334284,1.0357,0.2409,1.4438,1.4609,-1.1044,2.1024,0.0,0.0
1779816505951,1,Pitching Mound.Drive,,Loading,pitch.0,334798,-1.3179,14.231,80.4351,52.8845,12.2804,18.1585,-0.0162,0.0698
1779816505951,1,Pitching Mound.Parent,,Loading,pitch.0,333991,-0.2821,14.4718,81.8789,54.3454,11.176,20.261,-0.0159,0.0719
1779816505952,1,11.0000004b,Drive,Loading,pitch.0,334799,-1.2652,14.2413,80.3017,53.0027,12.258,18.1398,-0.0162,0.0701
1779816505952,1,12.00000015,Lower Delivery,Loading,pitch.0,334525,-0.238,-0.6858,1.0612,-0.0932,-0.0123,-0.0186,0.0,0.0
1779816505952,1,12.00000018,Upper Delivery,Loading,pitch.0,335081,1.2249,0.9063,0.3449,1.3051,-1.121,1.6284,0.0,0.0
1779816505952,1,Pitching Mound.Delivery,,Loading,pitch.0,334285,0.9868,0.2205,1.4061,1.4554,-1.1333,2.1073,0.0,0.0
1779816505952,1,Pitching Mound.Drive,,Loading,pitch.0,334799,-1.2652,14.2413,80.3017,53.0027,12.258,18.1398,-0.0162,0.0701
1779816505952,1,Pitching Mound.Parent,,Loading,pitch.0,333992,-0.2783,14.4618,81.7078,54.4582,11.1246,20.247,-0.0159,0.0718
1779816505953,1,11.0000004b,Drive,Loading,pitch.0,334800,-1.2192,14.2509,80.3998,53.0996,12.4734,18.1158,-0.0165,0.0701
1779816505953,1,12.00000015,Lower Delivery,Loading,pitch.0,334526,-0.2483,-0.6656,0.9809,-0.0882,-0.0162,-0.0168,0.0,0.0
1779816505953,1,12.00000018,Upper Delivery,Loading,pitch.0,335082,1.1929,0.9067,0.3557,1.3282,-1.0641,1.6123,0.0,0.0
1779816505953,1,Pitching Mound.Delivery,,Loading,pitch.0,334286,0.9446,0.2411,1.3366,1.4526,-1.0803,2.0855,0.0,0.0
1779816505953,1,Pitching Mound.Drive,,Loading,pitch.0,334800,-1.2192,14.2509,80.3998,53.0996,12.4734,18.1158,-0.0165,0.0701
1779816505953,1,Pitching Mound.Parent,,Loading,pitch.0,333993,-0.2746,14.492,81.7364,54.5522,11.3931,20.2013,-0.0162,0.0716
1779816505954,1,11.0000004b,Drive,Loading,pitch.0,334801,-1.1813,14.2426,80.3166,53.1483,12.4849,18.08,-0.0165,0.0703
1779816505954,1,12.00000015,Lower Delivery,Loading,pitch.0,334527,-0.2669,-0.6847,1.0037,-0.0848,-0.0012,-0.0126,0.0,0.0
1779816505954,1,12.00000018,Upper Delivery,Loading,pitch.0,335083,1.2186,0.9241,0.3252,1.3296,-1.2774,1.6365,0.0,0.0
1779816505954,1,Pitching Mound.Delivery,,Loading,pitch.0,334287,0.9517,0.2394,1.3289,1.4755,-1.2786,2.1289,0.0,0.0
1779816505954,1,Pitching Mound.Drive,,Loading,pitch.0,334801,-1.1813,14.2426,80.3166,53.1483,12.4849,18.08,-0.0165,0.0703
1779816505954,1,Pitching Mound.Parent,,Loading,pitch.0,333994,-0.2297,14.482,81.6455,54.6238,11.2063,20.2089,-0.0162,0.0719
1779816505955,1,11.0000004b,Drive,Loading,pitch.0,334802,-1.1358,14.2548,80.3893,53.2087,12.6146,18.0589,-0.0167,0.0703
1779816505955,1,12.00000015,Lower Delivery,Loading,pitch.0,334528,-0.2513,-0.6643,1.0097,-0.086,-0.0139,-0.009,0.0,0.0
1779816505955,1,12.00000018,Upper Delivery,Loading,pitch.0,335084,1.1949,0.9046,0.2781,1.2802,-1.2203,1.6319,0.0,0.0
1779816505955,1,Pitching Mound.Delivery,,Loading,pitch.0,334288,0.9436,0.2403,1.2877,1.443,-1.2342,2.1146,0.0,0.0
1779816505955,1,Pitching Mound.Drive,,Loading,pitch.0,334802,-1.1358,14.2548,80.3893,53.2087,12.6146,18.0589,-0.0167,0.0703
1779816505955,1,Pitching Mound.Parent,,Loading,pitch.0,333995,-0.1921,14.4951,81.677,54.6517,11.3804,20.1736,-0.0164,0.0722
1779816505956,1,11.0000004b,Drive,Loading,pitch.0,334803,-1.0831,14.2485,80.4745,53.2562,12.6677,18.0431,-0.0167,0.0703
1779816505956,1,12.00000015,Lower Delivery,Loading,pitch.0,334529,-0.2599,-0.6912,1.0643,-0.0863,-0.0094,0.0018,0.0,0.0
1779816505956,1,12.00000018,Upper Delivery,Loading,pitch.0,335085,1.2052,0.9122,0.2853,1.2507,-1.4776,1.632,0.0,0.0
1779816505956,1,Pitching Mound.Delivery,,Loading,pitch.0,334289,0.9454,0.2211,1.3496,1.4292,-1.4871,2.1319,0.0,0.0
1779816505956,1,Pitching Mound.Drive,,Loading,pitch.0,334803,-1.0831,14.2485,80.4745,53.2562,12.6677,18.0431,-0.0167,0.0703
1779816505956,1,Pitching Mound.Parent,,Loading,pitch.0,333996,-0.1377,14.4695,81.8241,54.6854,11.1806,20.175,-0.0164,0.0723
1779816505957,1,11.0000004b,Drive,Loading,pitch.0,334804,-1.0262,14.2435,80.4084,53.3823,12.6179,17.9744,-0.0167,0.0705
1779816505957,1,12.00000015,Lower Delivery,Loading,pitch.0,334530,-0.2577,-0.6983,1.0851,-0.0844,-0.0109,-0.0031,0.0,0.0
1779816505957,1,12.00000018,Upper Delivery,Loading,pitch.0,335086,1.205,0.9257,0.3442,1.2657,-1.32,1.5915,0.0,0.0
1779816505957,1,Pitching Mound.Delivery,,Loading,pitch.0,334290,0.9474,0.2274,1.4293,1.4332,-1.3309,2.0857,0.0,0.0
1779816505957,1,Pitching Mound.Drive,,Loading,pitch.0,334804,-1.0262,14.2435,80.4084,53.3823,12.6179,17.9744,-0.0167,0.0705
1779816505957,1,Pitching Mound.Parent,,Loading,pitch.0,333997,-0.0788,14.4709,81.8377,54.8155,11.287,20.0601,-0.0164,0.0723
1779816505958,1,11.0000004b,Drive,Loading,pitch.0,334805,-0.9771,14.2484,80.3666,53.3935,12.6633,17.9548,-0.0167,0.0705
1779816505958,1,12.00000015,Lower Delivery,Loading,pitch.0,334531,-0.2678,-0.7156,1.1589,-0.0712,-0.0082,0.0446,0.0,0.0
1779816505958,1,12.00000018,Upper Delivery,Loading,pitch.0,335087,1.1968,0.945,0.3779,1.3005,-1.4666,1.5995,0.0,0.0
1779816505958,1,Pitching Mound.Delivery,,Loading,pitch.0,334291,0.929,0.2294,1.5368,1.4948,-1.4747,2.1421,0.0,0.0
1779816505958,1,Pitching Mound.Drive,,Loading,pitch.0,334805,-0.9771,14.2484,80.3666,53.3935,12.6633,17.9548,-0.0167,0.0705
1779816505958,1,Pitching Mound.Parent,,Loading,pitch.0,333998,-0.048,14.4779,81.9034,54.8883,11.1886,20.0969,-0.0164,0.0725
1779816505959,1,11.0000004b,Drive,Loading,pitch.0,334806,-0.9155,14.2398,80.3602,53.3869,12.7328,17.9243,-0.0168,0.0705
1779816505959,1,12.00000015,Lower Delivery,Loading,pitch.0,334532,-0.2678,-0.6985,1.0442,-0.0743,-0.0146,-0.0009,0.0,0.0
1779816505959,1,12.00000018,Upper Delivery,Loading,pitch.0,335088,1.1771,0.9654,0.4717,1.3256,-1.3924,1.633,0.0,0.0
1779816505959,1,Pitching Mound.Delivery,,Loading,pitch.0,334292,0.9093,0.267,1.5159,1.446,-1.4069,2.1234,0.0,0.0
1779816505959,1,Pitching Mound.Drive,,Loading,pitch.0,334806,-0.9155,14.2398,80.3602,53.3869,12.7328,17.9243,-0.0168,0.0705
1779816505959,1,Pitching Mound.Parent,,Loading,pitch.0,333999,-0.0062,14.5068,81.8761,54.8329,11.3259,20.0476,-0.0165,0.0716
1779816505960,1,11.0000004b,Drive,Loading,pitch.0,334807,-0.8684,14.2568,80.2803,53.4835,12.8845,17.8635,-0.017,0.0707
1779816505960,1,12.00000015,Lower Delivery,Loading,pitch.0,334533,-0.2635,-0.7226,1.1191,-0.0778,-0.0125,0.0075,0.0,0.0
1779816505960,1,12.00000018,Upper Delivery,Loading,pitch.0,335089,1.1704,0.9542,0.4262,1.2241,-1.3125,1.6021,0.0,0.0
1779816505960,1,Pitching Mound.Delivery,,Loading,pitch.0,334293,0.9069,0.2316,1.5452,1.3819,-1.3249,2.0972,0.0,0.0
1779816505960,1,Pitching Mound.Drive,,Loading,pitch.0,334807,-0.8684,14.2568,80.2803,53.4835,12.8845,17.8635,-0.017,0.0707
1779816505960,1,Pitching Mound.Parent,,Loading,pitch.0,334000,0.0386,14.4883,81.8256,54.8654,11.5596,19.9607,-0.0167,0.0723
1779816505961,1,11.0000004b,Drive,Loading,pitch.0,334808,-0.8361,14.2758,80.2979,53.552,12.9114,17.8484,-0.0171,0.0708
1779816505961,1,12.00000015,Lower Delivery,Loading,pitch.0,334534,-0.2748,-0.7243,1.1143,-0.086,-0.0239,-0.0044,0.0,0.0
1779816505961,1,12.00000018,Upper Delivery,Loading,pitch.0,335090,1.1672,0.9445,0.3843,1.1159,-1.0475,1.604,0.0,0.0
1779816505961,1,Pitching Mound.Delivery,,Loading,pitch.0,334294,0.8924,0.2201,1.4986,1.2781,-1.0714,2.0899,0.0,0.0
1779816505961,1,Pitching Mound.Drive,,Loading,pitch.0,334808,-0.8361,14.2758,80.2979,53.552,12.9114,17.8484,-0.0171,0.0708
1779816505961,1,Pitching Mound.Parent,,Loading,pitch.0,334001,0.0563,14.4959,81.7965,54.8301,11.84,19.9383,-0.0168,0.0725
1779816505962,1,11.0000004b,Drive,Loading,pitch.0,334809,-0.8008,14.2836,80.165,53.597,12.9218,17.7909,-0.0171,0.071
1779816505962,1,12.00000015,Lower Delivery,Loading,pitch.0,334535,-0.2683,-0.7445,1.0948,-0.0809,-0.0136,-0.0043,0.0,0.0
1779816505962,1,12.00000018,Upper Delivery,Loading,pitch.0,335091,1.1541,0.935,0.3966,1.1682,-1.112,1.6636,0.0,0.0
1779816505962,1,Pitching Mound.Delivery,,Loading,pitch.0,334295,0.8858,0.1905,1.4914,1.3247,-1.1256,2.143,0.0,0.0
1779816505962,1,Pitching Mound.Drive,,Loading,pitch.0,334809,-0.8008,14.2836,80.165,53.597,12.9218,17.7909,-0.0171,0.071
1779816505962,1,Pitching Mound.Parent,,Loading,pitch.0,334002,0.085,14.4741,81.6564,54.9217,11.7961,19.9338,-0.0168,0.0726
1779816505963,1,11.0000004b,Drive,Loading,pitch.0,334810,-0.7699,14.2914,80.1337,53.6297,13.0024,17.7568,-0.0172,0.071
1779816505963,1,12.00000015,Lower Delivery,Loading,pitch.0,334536,-0.2482,-0.7261,1.0222,-0.0858,-0.008,-0.0092,0.0,0.0
1779816505963,1,12.00000018,Upper Delivery,Loading,pitch.0,335092,1.1856,0.9544,0.3982,1.1146,-1.024,1.633,0.0,0.0
1779816505963,1,Pitching Mound.Delivery,,Loading,pitch.0,334296,0.9374,0.2283,1.4203,1.241,-1.032,2.1113,0.0,0.0
1779816505963,1,Pitching Mound.Drive,,Loading,pitch.0,334810,-0.7699,14.2914,80.1337,53.6297,13.0024,17.7568,-0.0172,0.071
1779816505963,1,Pitching Mound.Parent,,Loading,pitch.0,334003,0.1675,14.5197,81.554,54.8707,11.9705,19.8681,-0.0169,0.0724
1779816505964,1,11.0000004b,Drive,Loading,pitch.0,334811,-0.7381,14.2981,80.0095,53.6046,13.0357,17.7364,-0.0173,0.0711
1779816505964,1,12.00000015,Lower Delivery,Loading,pitch.0,334537,-0.2608,-0.7535,0.9738,-0.0884,0.0008,-0.0085,0.0,0.0
1779816505964,1,12.00000018,Upper Delivery,Loading,pitch.0,335093,1.1838,0.9411,0.4177,1.1513,-1.0229,1.6114,0.0,0.0
1779816505964,1,Pitching Mound.Delivery,,Loading,pitch.0,334297,0.9229,0.1876,1.3915,1.2519,-1.0221,2.0941,0.0,0.0
1779816505964,1,Pitching Mound.Drive,,Loading,pitch.0,334811,-0.7381,14.2981,80.0095,53.6046,13.0357,17.7364,-0.0173,0.0711
1779816505964,1,Pitching Mound.Parent,,Loading,pitch.0,334004,0.1848,14.4857,81.401,54.8566,12.0135,19.8305,-0.017,0.0722
1779816505965,1,11.0000004b,Drive,Loading,pitch.0,334812,-0.7057,14.3011,79.8889,53.6245,12.8972,17.7004,-0.0171,0.0713
1779816505965,1,12.00000015,Lower Delivery,Loading,pitch.0,334538,-0.2565,-0.7459,0.9313,-0.0955,-0.0057,-0.0119,0.0,0.0
1779816505965,1,12.00000018,Upper Delivery,Loading,pitch.0,335094,1.2107,0.9641,0.4555,1.0972,-0.8012,1.6009,0.0,0.0
1779816505965,1,Pitching Mound.Delivery,,Loading,pitch.0,334298,0.9543,0.2182,1.3868,1.1635,-0.8069,2.0879,0.0,0.0
1779816505965,1,Pitching Mound.Drive,,Loading,pitch.0,334812,-0.7057,14.3011,79.8889,53.6245,12.8972,17.7004,-0.0171,0.0713
1779816505965,1,Pitching Mound.Parent,,Loading,pitch.0,334005,0.2486,14.5193,81.2758,54.7881,12.0903,19.7883,-0.0168,0.072
1779816505966,1,11.0000004b,Drive,Loading,pitch.0,334813,-0.6773,14.3106,79.7338,53.6598,12.8779,17.6775,-0.0171,0.0714
1779816505966,1,12.00000015,Lower Delivery,Loading,pitch.0,334539,-0.2672,-0.77,0.9149,-0.0991,-0.0031,-0.0076,0.0,0.0
1779816505966,1,12.00000018,Upper Delivery,Loading,pitch.0,335095,1.2176,0.9625,0.4941,1.1051,-1.0456,1.6107,0.0,0.0
1779816505966,1,Pitching Mound.Delivery,,Loading,pitch.0,334299,0.9505,0.1925,1.409,1.1491,-1.0486,2.108,0.0,0.0
1779816505966,1,Pitching Mound.Drive,,Loading,pitch.0,334813,-0.6773,14.3106,79.7338,53.6598,12.8779,17.6775,-0.0171,0.0714
1779816505966,1,Pitching Mound.Parent,,Loading,pitch.0,334006,0.2731,14.5031,81.1428,54.8089,11.8293,19.7854,-0.0168,0.072
1779816505967,1,11.0000004b,Drive,Loading,pitch.0,334814,-0.6487,14.2999,79.5692,53.5688,12.8421,17.6504,-0.0171,0.0715
1779816505967,1,12.00000015,Lower Delivery,Loading,pitch.0,334540,-0.286,-0.766,0.8654,-0.1052,-0.0095,-0.0132,0.0,0.0
1779816505967,1,12.00000018,Upper Delivery,Loading,pitch.0,335096,1.1978,0.9958,0.4308,1.1724,-1.0978,1.6058,0.0,0.0
1779816505967,1,Pitching Mound.Delivery,,Loading,pitch.0,334300,0.9118,0.2298,1.2962,1.215,-1.1073,2.0971,0.0,0.0
1779816505967,1,Pitching Mound.Drive,,Loading,pitch.0,334814,-0.6487,14.2999,79.5692,53.5688,12.8421,17.6504,-0.0171,0.0715
1779816505967,1,Pitching Mound.Parent,,Loading,pitch.0,334007,0.2631,14.5297,80.8654,54.7838,11.7348,19.7475,-0.0169,0.0722
1779816505968,1,11.0000004b,Drive,Loading,pitch.0,334815,-0.6286,14.3175,79.5261,53.5107,12.9736,17.6409,-0.0173,0.0714
1779816505968,1,12.00000015,Lower Delivery,Loading,pitch.0,334541,-0.2899,-0.7736,0.9408,-0.1016,-0.0092,-0.0117,0.0,0.0
1779816505968,1,12.00000018,Upper Delivery,Loading,pitch.0,335097,1.2012,0.9903,0.3895,1.3692,-1.0892,1.6253,0.0,0.0
1779816505968,1,Pitching Mound.Delivery,,Loading,pitch.0,334301,0.9114,0.2167,1.3303,1.455,-1.0983,2.1206,0.0,0.0
1779816505968,1,Pitching Mound.Drive,,Loading,pitch.0,334815,-0.6286,14.3175,79.5261,53.5107,12.9736,17.6409,-0.0173,0.0714
1779816505968,1,Pitching Mound.Parent,,Loading,pitch.0,334008,0.2828,14.5342,80.8564,54.9657,11.8753,19.7615,-0.017,0.0726
1779816505969,1,11.0000004b,Drive,Loading,pitch.0,334816,-0.6086,14.2983,79.4113,53.501,12.8715,17.6563,-0.0172,0.0715
1779816505969,1,12.00000015,Lower Delivery,Loading,pitch.0,334542,-0.2991,-0.7752,0.949,-0.0995,-0.0124,-0.0088,0.0,0.0
1779816505969,1,12.00000018,Upper Delivery,Loading,pitch.0,335098,1.2482,0.9743,0.2615,1.2327,-1.151,1.6721,0.0,0.0
1779816505969,1,Pitching Mound.Delivery,,Loading,pitch.0,334302,0.949,0.1992,1.2105,1.3669,-1.1634,2.1894,0.0,0.0
1779816505969,1,Pitching Mound.Drive,,Loading,pitch.0,334816,-0.6086,14.2983,79.4113,53.501,12.8715,17.6563,-0.0172,0.0715
1779816505969,1,Pitching Mound.Parent,,Loading,pitch.0,334009,0.3404,14.4975,80.6218,54.8679,11.7081,19.8457,-0.0169,0.0733
1779816505970,1,11.0000004b,Drive,Loading,pitch.0,334817,-0.5926,14.3052,79.2024,53.5816,12.7898,17.6255,-0.0171,0.0718
1779816505970,1,12.00000015,Lower Delivery,Loading,pitch.0,334543,-0.3045,-0.7661,0.9788,-0.1098,-0.0181,-0.0066,0.0,0.0
1779816505970,1,12.00000018,Upper Delivery,Loading,pitch.0,335099,1.2823,0.9827,0.2713,1.3999,-1.0613,1.708,0.0,0.0
1779816505970,1,Pitching Mound.Delivery,,Loading,pitch.0,334303,0.9778,0.2165,1.2501,1.5306,-1.0795,2.2409,0.0,0.0
1779816505970,1,Pitching Mound.Drive,,Loading,pitch.0,334817,-0.5926,14.3052,79.2024,53.5816,12.7898,17.6255,-0.0171,0.0718
1779816505970,1,Pitching Mound.Parent,,Loading,pitch.0,334010,0.3852,14.5217,80.4525,55.1122,11.7104,19.8664,-0.0169,0.0737
1779816505971,1,11.0000004b,Drive,Loading,pitch.0,334818,-0.5646,14.3026,79.0373,53.493,12.6547,17.6493,-0.017,0.0719
1779816505971,1,12.00000015,Lower Delivery,Loading,pitch.0,334544,-0.294,-0.7667,1.0112,-0.1006,-0.0139,0.0009,0.0,0.0
1779816505971,1,12.00000018,Upper Delivery,Loading,pitch.0,335100,1.3043,0.9732,0.3186,1.4564,-1.1153,1.723,0.0,0.0
1779816505971,1,Pitching Mound.Delivery,,Loading,pitch.0,334304,1.0103,0.2065,1.3298,1.5913,-1.1292,2.2673,0.0,0.0
1779816505971,1,Pitching Mound.Drive,,Loading,pitch.0,334818,-0.5646,14.3026,79.0373,53.493,12.6547,17.6493,-0.017,0.0719
1779816505971,1,Pitching Mound.Parent,,Loading,pitch.0,334011,0.4456,14.5091,80.3671,55.0843,11.5254,19.9165,-0.0167,0.0736
1779816505972,1,11.0000004b,Drive,Loading,pitch.0,334819,-0.5487,14.2999,78.9162,53.5641,12.5018,17.6578,-0.0168,0.0721
1779816505972,1,12.00000015,Lower Delivery,Loading,pitch.0,334545,-0.2945,-0.7378,0.9799,-0.1079,-0.0041,-0.007,0.0,0.0
1779816505972,1,12.00000018,Upper Delivery,Loading,pitch.0,335101,1.3121,0.964,0.3126,1.5198,-1.1681,1.7014,0.0,0.0
1779816505972,1,Pitching Mound.Delivery,,Loading,pitch.0,334305,1.0177,0.2263,1.2925,1.6387,-1.1722,2.2406,0.0,0.0
1779816505972,1,Pitching Mound.Drive,,Loading,pitch.0,334819,-0.5487,14.2999,78.9162,53.5641,12.5018,17.6578,-0.0168,0.0721
1779816505972,1,Pitching Mound.Parent,,Loading,pitch.0,334012,0.4689,14.5262,80.2087,55.2028,11.3295,19.8984,-0.0165,0.0737
1779816505973,1,11.0000004b,Drive,Loading,pitch.0,334820,-0.532,14.2975,78.7519,53.531,12.2964,17.6881,-0.0166,0.0722
1779816505973,1,12.00000015,Lower Delivery,Loading,pitch.0,334546,-0.2668,-0.7227,0.9778,-0.1063,0.0021,-0.0027,0.0,0.0
1779816505973,1,12.00000018,Upper Delivery,Loading,pitch.0,335102,1.3144,0.9862,0.3848,1.6543,-0.8269,1.7226,0.0,0.0
1779816505973,1,Pitching Mound.Delivery,,Loading,pitch.0,334306,1.0476,0.2635,1.3626,1.7496,-0.8248,2.2574,0.0,0.0
1779816505973,1,Pitching Mound.Drive,,Loading,pitch.0,334820,-0.532,14.2975,78.7519,53.531,12.2964,17.6881,-0.0166,0.0722
1779816505973,1,Pitching Mound.Parent,,Loading,pitch.0,334013,0.5156,14.561,80.1145,55.2806,11.4716,19.9455,-0.0163,0.0735
1779816505974,1,11.0000004b,Drive,Loading,pitch.0,334821,-0.5369,14.3069,78.6067,53.5098,12.1847,17.7036,-0.0165,0.0723
1779816505974,1,12.00000015,Lower Delivery,Loading,pitch.0,334547,-0.2712,-0.7345,0.952,-0.1028,-0.003,-0.0049,0.0,0.0
1779816505974,1,12.00000018,Upper Delivery,Loading,pitch.0,335103,1.3045,1.0196,0.4343,1.6218,-0.7007,1.7434,0.0,0.0
1779816505974,1,Pitching Mound.Delivery,,Loading,pitch.0,334307,1.0333,0.2851,1.3863,1.695,-0.7036,2.2743,0.0,0.0
1779816505974,1,Pitching Mound.Drive,,Loading,pitch.0,334821,-0.5369,14.3069,78.6067,53.5098,12.1847,17.7036,-0.0165,0.0723
1779816505974,1,Pitching Mound.Parent,,Loading,pitch.0,334014,0.4964,14.592,79.993,55.2047,11.481,19.9779,-0.0162,0.0732
1779816505975,1,11.0000004b,Drive,Loading,pitch.0,334822,-0.5386,14.304,78.4924,53.4465,12.021,17.7038,-0.0163,0.0723
1779816505975,1,12.00000015,Lower Delivery,Loading,pitch.0,334548,-0.2823,-0.7372,1.0498,-0.1102,-0.009,-0.0014,0.0,0.0
1779816505975,1,12.00000018,Upper Delivery,Loading,pitch.0,335104,1.3451,1.0043,0.3818,1.5662,-0.682,1.6902,0.0,0.0
1779816505975,1,Pitching Mound.Delivery,,Loading,pitch.0,334308,1.0628,0.2671,1.4315,1.6832,-0.691,2.2422,0.0,0.0
1779816505975,1,Pitching Mound.Drive,,Loading,pitch.0,334822,-0.5386,14.304,78.4924,53.4465,12.021,17.7038,-0.0163,0.0723
1779816505975,1,Pitching Mound.Parent,,Loading,pitch.0,334015,0.5243,14.5711,79.924,55.1297,11.33,19.946,-0.016,0.0738
1779816505976,1,11.0000004b,Drive,Loading,pitch.0,334823,-0.5358,14.3095,78.4874,53.4015,11.898,17.7515,-0.0161,0.0722
1779816505976,1,12.00000015,Lower Delivery,Loading,pitch.0,334549,-0.2662,-0.7356,0.9509,-0.103,0.0038,-0.0098,0.0,0.0
1779816505976,1,12.00000018,Upper Delivery,Loading,pitch.0,335105,1.3737,1.0078,0.4315,1.5734,-0.7275,1.7539,0.0,0.0
1779816505976,1,Pitching Mound.Delivery,,Loading,pitch.0,334309,1.1074,0.2722,1.3825,1.6469,-0.7237,2.3017,0.0,0.0
1779816505976,1,Pitching Mound.Drive,,Loading,pitch.0,334823,-0.5358,14.3095,78.4874,53.4015,11.898,17.7515,-0.0161,0.0722
1779816505976,1,Pitching Mound.Parent,,Loading,pitch.0,334016,0.5716,14.5817,79.8698,55.0484,11.1744,20.0532,-0.0158,0.0732
1779816505977,1,11.0000004b,Drive,Loading,pitch.0,334824,-0.5425,14.3135,78.3179,53.3859,11.6404,17.7265,-0.0158,0.0724
1779816505977,1,12.00000015,Lower Delivery,Loading,pitch.0,334550,-0.2686,-0.6985,0.8749,-0.0964,0.0141,-0.0103,0.0,0.0
1779816505977,1,12.00000018,Upper Delivery,Loading,pitch.0,335106,1.3368,1.0262,0.4504,1.3974,-0.402,1.7737,0.0,0.0
1779816505977,1,Pitching Mound.Delivery,,Loading,pitch.0,334310,1.0682,0.3278,1.3254,1.4453,-0.3879,2.3092,0.0,0.0
1779816505977,1,Pitching Mound.Drive,,Loading,pitch.0,334824,-0.5425,14.3135,78.3179,53.3859,11.6404,17.7265,-0.0158,0.0724
1779816505977,1,Pitching Mound.Parent,,Loading,pitch.0,334017,0.5257,14.6413,79.6433,54.8312,11.2525,20.0357,-0.0155,0.073
1779816505978,1,11.0000004b,Drive,Loading,pitch.0,334825,-0.5564,14.3249,78.2717,53.4566,11.3861,17.7477,-0.0154,0.0725
1779816505978,1,12.00000015,Lower Delivery,Loading,pitch.0,334551,-0.2508,-0.6829,0.8865,-0.0893,0.024,-0.0122,0.0,0.0
1779816505978,1,12.00000018,Upper Delivery,Loading,pitch.0,335107,1.3222,1.0436,0.4577,1.4154,-0.2952,1.7953,0.0,0.0
1779816505978,1,Pitching Mound.Delivery,,Loading,pitch.0,334311,1.0714,0.3607,1.3442,1.4719,-0.2712,2.3179,0.0,0.0
1779816505978,1,Pitching Mound.Drive,,Loading,pitch.0,334825,-0.5564,14.3249,78.2717,53.4566,11.3861,17.7477,-0.0154,0.0725
1779816505978,1,Pitching Mound.Parent,,Loading,pitch.0,334018,0.515,14.6857,79.6159,54.9285,11.1149,20.0656,-0.0152,0.0731
1779816505979,1,11.0000004b,Drive,Loading,pitch.0,334826,-0.5838,14.3561,78.1252,53.5193,11.2145,17.7565,-0.0152,0.0727
1779816505979,1,12.00000015,Lower Delivery,Loading,pitch.0,334552,-0.2399,-0.6973,0.895,-0.0866,0.0204,-0.0148,0.0,0.0
1779816505979,1,12.00000018,Upper Delivery,Loading,pitch.0,335108,1.2856,1.0664,0.5337,1.4241,-0.3829,1.7438,0.0,0.0
1779816505979,1,Pitching Mound.Delivery,,Loading,pitch.0,334312,1.0457,0.3692,1.4287,1.4604,-0.3625,2.2477,0.0,0.0
1779816505979,1,Pitching Mound.Drive,,Loading,pitch.0,334826,-0.5838,14.3561,78.1252,53.5193,11.2145,17.7565,-0.0152,0.0727
1779816505979,1,Pitching Mound.Parent,,Loading,pitch.0,334019,0.4619,14.7253,79.5539,54.9797,10.8519,20.0042,-0.015,0.073
1779816505980,1,11.0000004b,Drive,Loading,pitch.0,334827,-0.6083,14.3758,78.1452,53.5158,11.0703,17.8004,-0.015,0.0727
1779816505980,1,12.00000015,Lower Delivery,Loading,pitch.0,334553,-0.24,-0.6986,0.965,-0.0832,0.0114,-0.0145,0.0,0.0
1779816505980,1,12.00000018,Upper Delivery,Loading,pitch.0,335109,1.2926,1.1067,0.5854,1.4929,-0.3862,1.7619,0.0,0.0
1779816505980,1,Pitching Mound.Delivery,,Loading,pitch.0,334313,1.0526,0.4082,1.5504,1.5387,-0.3748,2.2685,0.0,0.0
1779816505980,1,Pitching Mound.Drive,,Loading,pitch.0,334827,-0.6083,14.3758,78.1452,53.5158,11.0703,17.8004,-0.015,0.0727
1779816505980,1,Pitching Mound.Parent,,Loading,pitch.0,334020,0.4443,14.784,79.6955,55.0545,10.6956,20.0689,-0.0147,0.0729
1779816505981,1,11.0000004b,Drive,Loading,pitch.0,334828,-0.6274,14.3929,78.1999,53.4986,10.9773,17.8634,-0.0149,0.0726
1779816505981,1,12.00000015,Lower Delivery,Loading,pitch.0,334554,-0.2266,-0.7014,0.9549,-0.0939,0.007,-0.0161,0.0,0.0
1779816505981,1,12.00000018,Upper Delivery,Loading,pitch.0,335110,1.2489,1.098,0.5768,1.4806,-0.4682,1.7207,0.0,0.0
1779816505981,1,Pitching Mound.Delivery,,Loading,pitch.0,334314,1.0223,0.3967,1.5317,1.5153,-0.4612,2.2063,0.0,0.0
1779816505981,1,Pitching Mound.Drive,,Loading,pitch.0,334828,-0.6274,14.3929,78.1999,53.4986,10.9773,17.8634,-0.0149,0.0726
1779816505981,1,Pitching Mound.Parent,,Loading,pitch.0,334021,0.3948,14.7896,79.7316,55.0139,10.5161,20.0696,-0.0146,0.0728
1779816505982,1,11.0000004b,Drive,Loading,pitch.0,334829,-0.6658,14.4166,78.1159,53.502,10.9002,17.8757,-0.0148,0.0727
1779816505982,1,12.00000015,Lower Delivery,Loading,pitch.0,334555,-0.2272,-0.7227,1.0016,-0.0977,0.0092,-0.0182,0.0,0.0
1779816505982,1,12.00000018,Upper Delivery,Loading,pitch.0,335111,1.2266,1.0868,0.5315,1.5103,-0.7095,1.7619,0.0,0.0
1779816505982,1,Pitching Mound.Delivery,,Loading,pitch.0,334315,0.9995,0.364,1.5331,1.5724,-0.7003,2.238,0.0,0.0
1779816505982,1,Pitching Mound.Drive,,Loading,pitch.0,334829,-0.6658,14.4166,78.1159,53.502,10.9002,17.8757,-0.0148,0.0727
1779816505982,1,Pitching Mound.Parent,,Loading,pitch.0,334022,0.3337,14.7807,79.649,55.0744,10.1999,20.1137,-0.0145,0.0733
1779816505983,1,11.0000004b,Drive,Loading,pitch.0,334830,-0.6891,14.4381,78.1653,53.5423,10.6923,17.9361,-0.0145,0.0727
1779816505983,1,12.00000015,Lower Delivery,Loading,pitch.0,334556,-0.2354,-0.7096,0.9925,-0.1023,0.001,-0.0189,0.0,0.0
1779816505983,1,12.00000018,Upper Delivery,Loading,pitch.0,335112,1.1942,1.0477,0.5202,1.4953,-0.835,1.7132,0.0,0.0
1779816505983,1,Pitching Mound.Delivery,,Loading,pitch.0,334316,0.9588,0.3382,1.5127,1.5535,-0.834,2.1804,0.0,0.0
1779816505983,1,Pitching Mound.Drive,,Loading,pitch.0,334830,-0.6891,14.4381,78.1653,53.5423,10.6923,17.9361,-0.0145,0.0727
1779816505983,1,Pitching Mound.Parent,,Loading,pitch.0,334023,0.2696,14.7763,79.678,55.0958,9.8583,20.1165,-0.0142,0.0734
1779816505984,1,11.0000004b,Drive,Loading,pitch.0,334831,-0.7275,14.4881,78.244,53.6453,10.5075,17.9648,-0.0143,0.0728
1779816505984,1,12.00000015,Lower Delivery,Loading,pitch.0,334557,-0.2374,-0.7026,1.026,-0.0992,-0.0041,-0.0204,0.0,0.0
1779816505984,1,12.00000018,Upper Delivery,Loading,pitch.0,335113,1.1624,1.0174,0.4878,1.506,-0.8788,1.6708,0.0,0.0
1779816505984,1,Pitching Mound.Delivery,,Loading,pitch.0,334317,0.925,0.3148,1.5138,1.5898,-0.8829,2.1262,0.0,0.0
1779816505984,1,Pitching Mound.Drive,,Loading,pitch.0,334831,-0.7275,14.4881,78.244,53.6453,10.5075,17.9648,-0.0143,0.0728
1779816505984,1,Pitching Mound.Parent,,Loading,pitch.0,334024,0.1975,14.8029,79.7578,55.2351,9.6246,20.091,-0.014,0.0737
1779816505985,1,11.0000004b,Drive,Loading,pitch.0,334832,-0.7552,14.5379,78.3572,53.8021,10.384,18.0026,-0.0141,0.0729
1779816505985,1,12.00000015,Lower Delivery,Loading,pitch.0,334558,-0.2293,-0.7055,0.9953,-0.0963,-0.0055,-0.0198,0.0,0.0
1779816505985,1,12.00000018,Upper Delivery,Loading,pitch.0,335114,1.1269,0.9842,0.5054,1.5348,-0.9298,1.6929,0.0,0.0
1779816505985,1,Pitching Mound.Delivery,,Loading,pitch.0,334318,0.8976,0.2787,1.5007,1.605,-0.9354,2.1342,0.0,0.0
1779816505985,1,Pitching Mound.Drive,,Loading,pitch.0,334832,-0.7552,14.5379,78.3572,53.8021,10.384,18.0026,-0.0141,0.0729
1779816505985,1,Pitching Mound.Parent,,Loading,pitch.0,334025,0.1425,14.8166,79.8578,55.4071,9.4486,20.1368,-0.0138,0.0736
1779816505986,1,11.0000004b,Drive,Loading,pitch.0,334833,-0.7831,14.5661,78.4773,53.8258,10.3435,18.0614,-0.014,0.0728
1779816505986,1,12.00000015,Lower Delivery,Loading,pitch.0,334559,-0.2323,-0.7079,0.9497,-0.0834,-0.0009,-0.0209,0.0,0.0
1779816505986,1,12.00000018,Upper Delivery,Loading,pitch.0,335115,1.1209,0.9932,0.5011,1.6184,-1.2076,1.7339,0.0,0.0
1779816505986,1,Pitching Mound.Delivery,,Loading,pitch.0,334319,0.8886,0.2853,1.4508,1.6876,-1.2085,2.1731,0.0,0.0
1779816505986,1,Pitching Mound.Drive,,Loading,pitch.0,334833,-0.7831,14.5661,78.4773,53.8258,10.3435,18.0614,-0.014,0.0728
1779816505986,1,Pitching Mound.Parent,,Loading,pitch.0,334026,0.1055,14.8514,79.9281,55.5134,9.135,20.2345,-0.0137,0.0734
1779816505987,1,11.0000004b,Drive,Loading,pitch.0,334834,-0.8095,14.6231,78.5615,53.9526,10.1005,18.1299,-0.0136,0.0729
1779816505987,1,12.00000015,Lower Delivery,Loading,pitch.0,334560,-0.2238,-0.6995,0.9662,-0.0777,-0.0076,-0.0199,0.0,0.0
1779816505987,1,12.00000018,Upper Delivery,Loading,pitch.0,335116,1.1022,0.9189,0.5052,1.5788,-1.2584,1.7026,0.0,0.0
1779816505987,1,Pitching Mound.Delivery,,Loading,pitch.0,334320,0.8784,0.2194,1.4714,1.6578,-1.266,2.1336,0.0,0.0
1779816505987,1,Pitching Mound.Drive,,Loading,pitch.0,334834,-0.8095,14.6231,78.5615,53.9526,10.1005,18.1299,-0.0136,0.0729
1779816505987,1,Pitching Mound.Parent,,Loading,pitch.0,334027,0.0689,14.8424,80.0329,55.6104,8.8345,20.2634,-0.0134,0.0735
1779816505988,1,11.0000004b,Drive,Loading,pitch.0,334835,-0.853,14.6651,78.7832,53.9938,10.2024,18.2253,-0.0137,0.0728
1779816505988,1,12.00000015,Lower Delivery,Loading,pitch.0,334561,-0.2093,-0.7111,0.9692,-0.0813,-0.0172,-0.0194,0.0,0.0
1779816505988,1,12.00000018,Upper Delivery,Loading,pitch.0,335117,1.121,0.9079,0.4571,1.4698,-1.6215,1.6874,0.0,0.0
1779816505988,1,Pitching Mound.Delivery,,Loading,pitch.0,334321,0.9117,0.1968,1.4263,1.5626,-1.6387,2.1204,0.0,0.0
1779816505988,1,Pitching Mound.Drive,,Loading,pitch.0,334835,-0.853,14.6651,78.7832,53.9938,10.2024,18.2253,-0.0137,0.0728
1779816505988,1,Pitching Mound.Parent,,Loading,pitch.0,334028,0.0587,14.8619,80.2095,55.5564,8.5638,20.3457,-0.0135,0.0736
1779816505989,1,11.0000004b,Drive,Loading,pitch.0,334836,-0.8689,14.7044,78.8597,54.1395,9.8493,18.3022,-0.0133,0.0729
1779816505989,1,12.00000015,Lower Delivery,Loading,pitch.0,334562,-0.2311,-0.7298,1.0168,-0.0843,-0.0208,-0.0193,0.0,0.0
1779816505989,1,12.00000018,Upper Delivery,Loading,pitch.0,335118,1.1641,0.8972,0.3625,1.3979,-1.8187,1.6919,0.0,0.0
1779816505989,1,Pitching Mound.Delivery,,Loading,pitch.0,334322,0.933,0.1673,1.3793,1.536,-1.8395,2.147,0.0,0.0
1779816505989,1,Pitching Mound.Drive,,Loading,pitch.0,334836,-0.8689,14.7044,78.8597,54.1395,9.8493,18.3022,-0.0133,0.0729
1779816505989,1,Pitching Mound.Parent,,Loading,pitch.0,334029,0.0641,14.8717,80.2389,55.6755,8.0098,20.4492,-0.013,0.0744
1779816505990,1,11.0000004b,Drive,Loading,pitch.0,334837,-0.8987,14.7456,78.9869,54.1099,9.9465,18.3626,-0.0134,0.0727
1779816505990,1,12.00000015,Lower Delivery,Loading,pitch.0,334563,-0.2206,-0.7195,0.9217,-0.0804,-0.0198,-0.019,0.0,0.0
1779816505990,1,12.00000018,Upper Delivery,Loading,pitch.0,335119,1.19,0.8858,0.2926,1.4161,-1.6514,1.6404,0.0,0.0
1779816505990,1,Pitching Mound.Delivery,,Loading,pitch.0,334323,0.9694,0.1663,1.2143,1.5496,-1.6712,2.101,0.0,0.0
1779816505990,1,Pitching Mound.Drive,,Loading,pitch.0,334837,-0.8987,14.7456,78.9869,54.1099,9.9465,18.3626,-0.0134,0.0727
1779816505990,1,Pitching Mound.Parent,,Loading,pitch.0,334030,0.0708,14.9119,80.2013,55.6595,8.2753,20.4636,-0.0132,0.0743
1779816505991,1,11.0000004b,Drive,Loading,pitch.0,334838,-0.9292,14.7937,79.0864,54.2886,9.8762,18.4167,-0.0133,0.0729
1779816505991,1,12.00000015,Lower Delivery,Loading,pitch.0,334564,-0.2326,-0.7319,0.9767,-0.072,-0.0146,-0.0195,0.0,0.0
1779816505991,1,12.00000018,Upper Delivery,Loading,pitch.0,335120,1.1809,0.8824,0.3189,1.3659,-1.5698,1.6392,0.0,0.0
1779816505991,1,Pitching Mound.Delivery,,Loading,pitch.0,334324,0.9482,0.1505,1.2956,1.5176,-1.5844,2.1003,0.0,0.0
1779816505991,1,Pitching Mound.Drive,,Loading,pitch.0,334838,-0.9292,14.7937,79.0864,54.2886,9.8762,18.4167,-0.0133,0.0729
1779816505991,1,Pitching Mound.Parent,,Loading,pitch.0,334031,0.0191,14.9442,80.382,55.8061,8.2918,20.517,-0.013,0.0745
1779816505992,1,11.0000004b,Drive,Loading,pitch.0,334839,-0.9541,14.8509,79.2605,54.5409,9.7228,18.4874,-0.013,0.0731
1779816505992,1,12.00000015,Lower Delivery,Loading,pitch.0,334565,-0.2311,-0.7286,0.976,-0.0676,-0.005,-0.019,0.0,0.0
1779816505992,1,12.00000018,Upper Delivery,Loading,pitch.0,335121,1.1713,0.9287,0.4042,1.3277,-1.6204,1.6255,0.0,0.0
1779816505992,1,Pitching Mound.Delivery,,Loading,pitch.0,334325,0.9402,0.2001,1.3802,1.4545,-1.6254,2.0833,0.0,0.0
1779816505992,1,Pitching Mound.Drive,,Loading,pitch.0,334839,-0.9541,14.8509,79.2605,54.5409,9.7228,18.4874,-0.013,0.0731
1779816505992,1,Pitching Mound.Parent,,Loading,pitch.0,334032,-0.0139,15.051,80.6406,55.9954,8.0973,20.5707,-0.0128,0.0742
1779816505993,1,11.0000004b,Drive,Loading,pitch.0,334840,-0.9744,14.9087,79.4433,54.6244,9.6268,18.5389,-0.0129,0.073
1779816505993,1,12.00000015,Lower Delivery,Loading,pitch.0,334566,-0.2247,-0.7198,0.9432,-0.0622,0.0009,-0.0196,0.0,0.0
1779816505993,1,12.00000018,Upper Delivery,Loading,pitch.0,335122,1.1985,0.9646,0.3642,1.3163,-1.2374,1.6645,0.0,0.0
1779816505993,1,Pitching Mound.Delivery,,Loading,pitch.0,334326,0.9738,0.2448,1.3074,1.451,-1.2366,2.1287,0.0,0.0
1779816505993,1,Pitching Mound.Drive,,Loading,pitch.0,334840,-0.9744,14.9087,79.4433,54.6244,9.6268,18.5389,-0.0129,0.073
1779816505993,1,Pitching Mound.Parent,,Loading,pitch.0,334033,-0.0006,15.1535,80.7507,56.0754,8.3902,20.6675,-0.0127,0.0743
1779816505994,1,11.0000004b,Drive,Loading,pitch.0,334841,-0.988,14.9609,79.5814,54.785,9.6763,18.598,-0.0129,0.0731
1779816505994,1,12.00000015,Lower Delivery,Loading,pitch.0,334567,-0.232,-0.7056,0.9669,-0.0628,0.0011,-0.0192,0.0,0.0
1779816505994,1,12.00000018,Upper Delivery,Loading,pitch.0,335123,1.2176,1.0096,0.4242,1.3925,-1.1505,1.6123,0.0,0.0
1779816505994,1,Pitching Mound.Delivery,,Loading,pitch.0,334327,0.9856,0.3039,1.3911,1.5143,-1.1494,2.0859,0.0,0.0
1779816505994,1,Pitching Mound.Drive,,Loading,pitch.0,334841,-0.988,14.9609,79.5814,54.785,9.6763,18.598,-0.0129,0.0731
1779816505994,1,Pitching Mound.Parent,,Loading,pitch.0,334034,-0.0024,15.2648,80.9725,56.2993,8.5268,20.6839,-0.0127,0.0741
1779816505995,1,11.0000004b,Drive,Loading,pitch.0,334842,-0.9982,15.0177,79.7907,54.9805,9.5635,18.6514,-0.0127,0.0732
1779816505995,1,12.00000015,Lower Delivery,Loading,pitch.0,334568,-0.2471,-0.7102,1.0861,-0.0691,0.0044,-0.0207,0.0,0.0
1779816505995,1,12.00000018,Upper Delivery,Loading,pitch.0,335124,1.23,1.003,0.4197,1.4182,-1.1217,1.6714,0.0,0.0
1779816505995,1,Pitching Mound.Delivery,,Loading,pitch.0,334328,0.9829,0.2928,1.5058,1.5758,-1.1172,2.153,0.0,0.0
1779816505995,1,Pitching Mound.Drive,,Loading,pitch.0,334842,-0.9982,15.0177,79.7907,54.9805,9.5635,18.6514,-0.0127,0.0732
1779816505995,1,Pitching Mound.Parent,,Loading,pitch.0,334035,-0.0152,15.3105,81.2965,56.5562,8.4463,20.8044,-0.0125,0.0746
1779816505996,1,11.0000004b,Drive,Loading,pitch.0,334843,-0.9848,15.074,80.0321,55.2383,9.2742,18.7006,-0.0123,0.0733
1779816505996,1,12.00000015,Lower Delivery,Loading,pitch.0,334569,-0.2433,-0.6853,1.0809,-0.0685,0.0129,-0.0215,0.0,0.0
1779816505996,1,12.00000018,Upper Delivery,Loading,pitch.0,335125,1.2555,0.9932,0.3618,1.4714,-1.3833,1.6085,0.0,0.0
1779816505996,1,Pitching Mound.Delivery,,Loading,pitch.0,334329,1.0122,0.3079,1.4428,1.6474,-1.3703,2.0966,0.0,0.0
1779816505996,1,Pitching Mound.Drive,,Loading,pitch.0,334843,-0.9848,15.074,80.0321,55.2383,9.2742,18.7006,-0.0123,0.0733
1779816505996,1,Pitching Mound.Parent,,Loading,pitch.0,334036,0.0273,15.3818,81.4749,56.8857,7.9038,20.7973,-0.0121,0.075
1779816505997,1,11.0000004b,Drive,Loading,pitch.0,334844,-1.0114,15.1305,80.1319,55.5164,9.2842,18.743,-0.0123,0.0736
1779816505997,1,12.00000015,Lower Delivery,Loading,pitch.0,334570,-0.2501,-0.7096,1.0356,-0.0704,0.0095,-0.021,0.0,0.0
1779816505997,1,12.00000018,Upper Delivery,Loading,pitch.0,335126,1.2243,0.9946,0.3075,1.3987,-1.168,1.6236,0.0,0.0
1779816505997,1,Pitching Mound.Delivery,,Loading,pitch.0,334330,0.9742,0.285,1.3431,1.5759,-1.1584,2.1039,0.0,0.0
1779816505997,1,Pitching Mound.Drive,,Loading,pitch.0,334844,-1.0114,15.1305,80.1319,55.5164,9.2842,18.743,-0.0123,0.0736
1779816505997,1,Pitching Mound.Parent,,Loading,pitch.0,334037,-0.0371,15.4155,81.475,57.0922,8.1258,20.8469,-0.0121,0.0754
1779816505998,1,11.0000004b,Drive,Loading,pitch.0,334845,-1.0041,15.1836,80.3258,55.6396,9.3002,18.7428,-0.0123,0.0735
1779816505998,1,12.00000015,Lower Delivery,Loading,pitch.0,334571,-0.2594,-0.7106,0.9939,-0.0826,-0.003,-0.0219,0.0,0.0
1779816505998,1,12.00000018,Upper Delivery,Loading,pitch.0,335127,1.2123,1.025,0.3856,1.4066,-1.1208,1.6021,0.0,0.0
1779816505998,1,Pitching Mound.Delivery,,Loading,pitch.0,334331,0.9529,0.3144,1.3795,1.5308,-1.1238,2.0806,0.0,0.0
1779816505998,1,Pitching Mound.Drive,,Loading,pitch.0,334845,-1.0041,15.1836,80.3258,55.6396,9.3002,18.7428,-0.0123,0.0735
1779816505998,1,Pitching Mound.Parent,,Loading,pitch.0,334038,-0.0512,15.498,81.7053,57.1704,8.1764,20.8234,-0.0121,0.0748
1779816505999,1,11.0000004b,Drive,Loading,pitch.0,334846,-0.9769,15.2546,80.599,55.9477,9.1369,18.7901,-0.012,0.0737
1779816505999,1,12.00000015,Lower Delivery,Loading,pitch.0,334572,-0.2695,-0.6837,0.8407,-0.0811,-0.0109,-0.0255,0.0,0.0
1779816505999,1,12.00000018,Upper Delivery,Loading,pitch.0,335128,1.2127,0.9485,0.3699,1.3402,-0.7954,1.6161,0.0,0.0
1779816505999,1,Pitching Mound.Delivery,,Loading,pitch.0,334332,0.9432,0.2648,1.2106,1.4191,-0.8063,2.0946,0.0,0.0
1779816505999,1,Pitching Mound.Drive,,Loading,pitch.0,334846,-0.9769,15.2546,80.599,55.9477,9.1369,18.7901,-0.012,0.0737
1779816505999,1,Pitching Mound.Parent,,Loading,pitch.0,334039,-0.0337,15.5194,81.8096,57.3669,8.3306,20.8847,-0.0119,0.0746
1779816506000,1,11.0000004b,Drive,Loading,pitch.0,334847,-0.9736,15.296,80.8215,56.2044,9.1619,18.7991,-0.012,0.0738
1779816506000,1,12.00000015,Lower Delivery,Loading,pitch.0,334573,-0.248,-0.6791,0.8194,-0.0815,-0.0141,-0.0253,0.0,0.0
1779816506000,1,12.00000018,Upper Delivery,Loading,pitch.0,335129,1.2054,0.9347,0.3783,1.3112,-0.801,1.6483,0.0,0.0
1779816506000,1,Pitching Mound.Delivery,,Loading,pitch.0,334333,0.9574,0.2556,1.1977,1.3797,-0.8151,2.1172,0.0,0.0
1779816506000,1,Pitching Mound.Drive,,Loading,pitch.0,334847,-0.9736,15.296,80.8215,56.2044,9.1619,18.7991,-0.012,0.0738
1779816506000,1,Pitching Mound.Parent,,Loading,pitch.0,334040,-0.0162,15.5517,82.0191,57.5841,8.3468,20.9163,-0.0119,0.0746
1779816506001,1,11.0000004b,Drive,Loading,pitch.0,334848,-0.9571,15.357,81.1479,56.375,9.2991,18.8147,-0.0122,0.0738
1779816506001,1,12.00000015,Lower Delivery,Loading,pitch.0,334574,-0.2519,-0.7009,0.9716,-0.0786,-0.0148,-0.0168,0.0,0.0
1779816506001,1,12.00000018,Upper Delivery,Loading,pitch.0,335130,1.1689,0.9174,0.3528,1.3592,-0.8517,1.6416,0.0,0.0
1779816506001,1,Pitching Mound.Delivery,,Loading,pitch.0,334334,0.917,0.2165,1.3244,1.491,-0.8665,2.1079,0.0,0.0
1779816506001,1,Pitching Mound.Drive,,Loading,pitch.0,334848,-0.9571,15.357,81.1479,56.375,9.2991,18.8147,-0.0122,0.0738
1779816506001,1,Pitching Mound.Parent,,Loading,pitch.0,334041,-0.0401,15.5734,82.4723,57.866,8.4326,20.9226,-0.012,0.0751
1779816506002,1,11.0000004b,Drive,Loading,pitch.0,334849,-0.9329,15.4161,81.4722,56.6467,9.2136,18.842,-0.012,0.0738
1779816506002,1,12.00000015,Lower Delivery,Loading,pitch.0,334575,-0.2691,-0.6941,0.9237,-0.0758,-0.0112,-0.0169,0.0,0.0
1779816506002,1,12.00000018,Upper Delivery,Loading,pitch.0,335131,1.1625,0.8649,0.3352,1.2921,-0.7454,1.6647,0.0,0.0
1779816506002,1,Pitching Mound.Delivery,,Loading,pitch.0,334335,0.8933,0.1708,1.2589,1.4164,-0.7566,2.1346,0.0,0.0
1779816506002,1,Pitching Mound.Drive,,Loading,pitch.0,334849,-0.9329,15.4161,81.4722,56.6467,9.2136,18.842,-0.012,0.0738
1779816506002,1,Pitching Mound.Parent,,Loading,pitch.0,334042,-0.0395,15.5869,82.731,58.0631,8.4569,20.9766,-0.0118,0.0751
1779816506003,1,11.0000004b,Drive,Loading,pitch.0,334850,-0.8998,15.4626,81.6382,56.8788,9.1311,18.8594,-0.0119,0.074
1779816506003,1,12.00000015,Lower Delivery,Loading,pitch.0,334576,-0.2752,-0.7153,1.1169,-0.0687,0.0077,-0.0014,0.0,0.0
1779816506003,1,12.00000018,Upper Delivery,Loading,pitch.0,335132,1.1307,0.8467,0.2746,1.3815,-0.8952,1.6626,0.0,0.0
1779816506003,1,Pitching Mound.Delivery,,Loading,pitch.0,334336,0.8555,0.1313,1.3915,1.5991,-0.8875,2.1392,0.0,0.0
1779816506003,1,Pitching Mound.Drive,,Loading,pitch.0,334850,-0.8998,15.4626,81.6382,56.8788,9.1311,18.8594,-0.0119,0.074
1779816506003,1,Pitching Mound.Parent,,Loading,pitch.0,334043,-0.0444,15.5939,83.0297,58.4779,8.2436,20.9986,-0.0117,0.0762
1779816506004,1,11.0000004b,Drive,Loading,pitch.0,334851,-0.8774,15.5006,81.9478,57.1567,9.1295,18.8645,-0.0118,0.074
1779816506004,1,12.00000015,Lower Delivery,Loading,pitch.0,334577,-0.2622,-0.7309,1.08,-0.0624,-0.0019,-0.0013,0.0,0.0
1779816506004,1,12.00000018,Upper Delivery,Loading,pitch.0,335133,1.1092,0.7698,0.3063,1.342,-0.8963,1.7012,0.0,0.0
1779816506004,1,Pitching Mound.Delivery,,Loading,pitch.0,334337,0.847,0.0389,1.3864,1.5426,-0.8982,2.1662,0.0,0.0
1779816506004,1,Pitching Mound.Drive,,Loading,pitch.0,334851,-0.8774,15.5006,81.9478,57.1567,9.1295,18.8645,-0.0118,0.074
1779816506004,1,Pitching Mound.Parent,,Loading,pitch.0,334044,-0.0304,15.5395,83.3342,58.6993,8.2314,21.0307,-0.0116,0.076
1779816506005,1,11.0000004b,Drive,Loading,pitch.0,334852,-0.8524,15.5274,82.1684,57.4416,9.1722,18.8518,-0.0119,0.0742
1779816506005,1,12.00000015,Lower Delivery,Loading,pitch.0,334578,-0.2608,-0.7419,1.1204,-0.0684,-0.0024,-0.0192,0.0,0.0
1779816506005,1,12.00000018,Upper Delivery,Loading,pitch.0,335134,1.1076,0.8014,0.3134,1.3221,-0.884,1.6951,0.0,0.0
1779816506005,1,Pitching Mound.Delivery,,Loading,pitch.0,334338,0.8469,0.0595,1.4338,1.5281,-0.8864,2.1411,0.0,0.0
1779816506005,1,Pitching Mound.Drive,,Loading,pitch.0,334852,-0.8524,15.5274,82.1684,57.4416,9.1722,18.8518,-0.0119,0.0742
1779816506005,1,Pitching Mound.Parent,,Loading,pitch.0,334045,-0.0056,15.5869,83.6022,58.9697,8.2857,20.9929,-0.0116,0.0762
1779816506006,1,11.0000004b,Drive,Loading,pitch.0,334853,-0.812,15.5601,82.4427,57.6845,9.2092,18.8629,-0.0119,0.0743
1779816506006,1,12.00000015,Lower Delivery,Loading,pitch.0,334579,-0.2577,-0.7441,1.088,-0.0705,-0.009,-0.0216,0.0,0.0
1779816506006,1,12.00000018,Upper Delivery,Loading,pitch.0,335135,1.1038,0.8008,0.3122,1.3464,-0.8381,1.6797,0.0,0.0
1779816506006,1,Pitching Mound.Delivery,,Loading,pitch.0,334339,0.8461,0.0567,1.4002,1.5397,-0.8471,2.121,0.0,0.0
1779816506006,1,Pitching Mound.Drive,,Loading,pitch.0,334853,-0.812,15.5601,82.4427,57.6845,9.2092,18.8629,-0.0119,0.0743
1779816506006,1,Pitching Mound.Parent,,Loading,pitch.0,334046,0.0341,15.6169,83.8429,59.2242,8.3621,20.9839,-0.0117,0.0762
1779816506007,1,11.0000004b,Drive,Loading,pitch.0,334854,-0.7874,15.6066,82.6388,57.9968,9.1803,18.857,-0.0118,0.0745
1779816506007,1,12.00000015,Lower Delivery,Loading,pitch.0,334580,-0.2547,-0.7432,1.0852,-0.0684,-0.0034,-0.0201,0.0,0.0
1779816506007,1,12.00000018,Upper Delivery,Loading,pitch.0,335136,1.1256,0.8659,0.2532,1.3626,-0.8413,1.7116,0.0,0.0
1779816506007,1,Pitching Mound.Delivery,,Loading,pitch.0,334340,0.8709,0.1227,1.3384,1.577,-0.8447,2.1608,0.0,0.0
1779816506007,1,Pitching Mound.Drive,,Loading,pitch.0,334854,-0.7874,15.6066,82.6388,57.9968,9.1803,18.857,-0.0118,0.0745
1779816506007,1,Pitching Mound.Parent,,Loading,pitch.0,334047,0.0835,15.7293,83.9772,59.5738,8.3357,21.0178,-0.0116,0.0767
1779816506008,1,11.0000004b,Drive,Loading,pitch.0,334855,-0.7298,15.6393,82.9226,58.2095,9.0631,18.878,-0.0116,0.0745
1779816506008,1,12.00000015,Lower Delivery,Loading,pitch.0,334581,-0.2631,-0.7461,1.1314,-0.072,-0.0077,-0.02,0.0,0.0
1779816506008,1,12.00000018,Upper Delivery,Loading,pitch.0,335137,1.1253,0.8952,0.2928,1.3992,-0.9098,1.6981,0.0,0.0
1779816506008,1,Pitching Mound.Delivery,,Loading,pitch.0,334341,0.8621,0.1491,1.4242,1.6124,-0.9175,2.1502,0.0,0.0
1779816506008,1,Pitching Mound.Drive,,Loading,pitch.0,334855,-0.7298,15.6393,82.9226,58.2095,9.0631,18.878,-0.0116,0.0745
1779816506008,1,Pitching Mound.Parent,,Loading,pitch.0,334048,0.1323,15.7884,84.3469,59.8219,8.1457,21.0282,-0.0114,0.0766
1779816506009,1,11.0000004b,Drive,Loading,pitch.0,334856,-0.6966,15.6866,83.1936,58.4187,9.1056,18.8725,-0.0116,0.0745
1779816506009,1,12.00000015,Lower Delivery,Loading,pitch.0,334582,-0.2747,-0.7373,1.1225,-0.0679,-0.0011,-0.0214,0.0,0.0
1779816506009,1,12.00000018,Upper Delivery,Loading,pitch.0,335138,1.0918,0.9004,0.3592,1.2424,-0.9114,1.7435,0.0,0.0
1779816506009,1,Pitching Mound.Delivery,,Loading,pitch.0,334342,0.8171,0.1631,1.4817,1.4341,-0.9124,2.1868,0.0,0.0
1779816506009,1,Pitching Mound.Drive,,Loading,pitch.0,334856,-0.6966,15.6866,83.1936,58.4187,9.1056,18.8725,-0.0116,0.0745
1779816506009,1,Pitching Mound.Parent,,Loading,pitch.0,334049,0.1205,15.8497,84.6753,59.8528,8.1931,21.0593,-0.0114,0.0763
1779816506010,1,11.0000004b,Drive,Loading,pitch.0,334857,-0.6575,15.7206,83.3665,58.6101,9.0813,18.8957,-0.0116,0.0746
1779816506010,1,12.00000015,Lower Delivery,Loading,pitch.0,334583,-0.2724,-0.733,1.1009,-0.0706,-0.0012,-0.0215,0.0,0.0
1779816506010,1,12.00000018,Upper Delivery,Loading,pitch.0,335139,1.0914,0.9282,0.3711,1.1871,-0.8614,1.7285,0.0,0.0
1779816506010,1,Pitching Mound.Delivery,,Loading,pitch.0,334343,0.8189,0.1952,1.472,1.3647,-0.8626,2.1706,0.0,0.0
1779816506010,1,Pitching Mound.Drive,,Loading,pitch.0,334857,-0.6575,15.7206,83.3665,58.6101,9.0813,18.8957,-0.0116,0.0746
1779816506010,1,Pitching Mound.Parent,,Loading,pitch.0,334050,0.1614,15.9159,84.8384,59.9748,8.2187,21.0664,-0.0114,0.0763
1779816506011,1,11.0000004b,Drive,Loading,pitch.0,334858,-0.6128,15.761,83.5397,58.7553,8.8608,18.9109,-0.0113,0.0747
1779816506011,1,12.00000015,Lower Delivery,Loading,pitch.0,334584,-0.2815,-0.7462,1.0795,-0.0739,0.0009,-0.0217,0.0,0.0
1779816506011,1,12.00000018,Upper Delivery,Loading,pitch.0,335140,1.0644,0.9133,0.4701,1.1233,-0.9779,1.7377,0.0,0.0
1779816506011,1,Pitching Mound.Delivery,,Loading,pitch.0,334344,0.7829,0.1671,1.5496,1.2566,-0.977,2.1736,0.0,0.0
1779816506011,1,Pitching Mound.Drive,,Loading,pitch.0,334858,-0.6128,15.761,83.5397,58.7553,8.8608,18.9109,-0.0113,0.0747
1779816506011,1,Pitching Mound.Parent,,Loading,pitch.0,334051,0.1701,15.9282,85.0893,60.0118,7.8839,21.0845,-0.0111,0.0757
1779816506012,1,11.0000004b,Drive,Loading,pitch.0,334859,-0.558,15.7939,83.7444,58.9771,8.6921,18.9274,-0.011,0.0748
1779816506012,1,12.00000015,Lower Delivery,Loading,pitch.0,334585,-0.2814,-0.7474,1.103,-0.0788,0.0025,-0.0205,0.0,0.0
1779816506012,1,12.00000018,Upper Delivery,Loading,pitch.0,335141,1.0339,0.8531,0.5118,0.9471,-0.8846,1.7465,0.0,0.0
1779816506012,1,Pitching Mound.Delivery,,Loading,pitch.0,334345,0.7525,0.1057,1.6148,1.0693,-0.8822,2.1731,0.0,0.0
1779816506012,1,Pitching Mound.Drive,,Loading,pitch.0,334859,-0.558,15.7939,83.7444,58.9771,8.6921,18.9274,-0.011,0.0748
1779816506012,1,Pitching Mound.Parent,,Loading,pitch.0,334052,0.1945,15.8996,85.3593,60.0464,7.81,21.1005,-0.0108,0.0757
1779816506013,1,11.0000004b,Drive,Loading,pitch.0,334860,-0.5068,15.8449,83.89,59.1521,8.8073,18.9273,-0.0111,0.0749
1779816506013,1,12.00000015,Lower Delivery,Loading,pitch.0,334586,-0.2705,-0.7261,1.0891,-0.0845,-0.0048,-0.0203,0.0,0.0
1779816506013,1,12.00000018,Upper Delivery,Loading,pitch.0,335142,1.0729,0.9658,0.4901,0.9101,-0.8583,1.75,0.0,0.0
1779816506013,1,Pitching Mound.Delivery,,Loading,pitch.0,334346,0.8024,0.2397,1.5792,1.0292,-0.8631,2.1864,0.0,0.0
1779816506013,1,Pitching Mound.Drive,,Loading,pitch.0,334860,-0.5068,15.8449,83.89,59.1521,8.8073,18.9273,-0.0111,0.0749
1779816506013,1,Pitching Mound.Parent,,Loading,pitch.0,334053,0.2955,16.0846,85.4691,60.1813,7.9442,21.1137,-0.0109,0.0759
1779816506014,1,11.0000004b,Drive,Loading,pitch.0,334861,-0.4658,15.8837,84.1017,59.335,8.7421,18.9251,-0.011,0.0749
1779816506014,1,12.00000015,Lower Delivery,Loading,pitch.0,334587,-0.2679,-0.7338,1.0737,-0.0928,-0.0126,-0.0205,0.0,0.0
1779816506014,1,12.00000018,Upper Delivery,Loading,pitch.0,335143,1.1027,0.8918,0.4816,0.909,-0.8006,1.7326,0.0,0.0
1779816506014,1,Pitching Mound.Delivery,,Loading,pitch.0,334347,0.8348,0.1579,1.5553,1.0174,-0.8132,2.1781,0.0,0.0
1779816506014,1,Pitching Mound.Drive,,Loading,pitch.0,334861,-0.4658,15.8837,84.1017,59.335,8.7421,18.9251,-0.011,0.0749
1779816506014,1,Pitching Mound.Parent,,Loading,pitch.0,334054,0.369,16.0416,85.657,60.3524,7.9288,21.1032,-0.0108,0.0759
1779816506015,1,11.0000004b,Drive,Loading,pitch.0,334862,-0.428,15.9414,84.4335,59.5485,8.9141,18.9578,-0.0112,0.0749
1779816506015,1,12.00000015,Lower Delivery,Loading,pitch.0,334588,-0.2688,-0.742,1.1329,-0.0936,-0.0081,-0.0201,0.0,0.0
1779816506015,1,12.00000018,Upper Delivery,Loading,pitch.0,335144,1.064,0.9347,0.4804,0.8694,-0.6673,1.7231,0.0,0.0
1779816506015,1,Pitching Mound.Delivery,,Loading,pitch.0,334348,0.7952,0.1926,1.6133,0.9977,-0.6754,2.1562,0.0,0.0
1779816506015,1,Pitching Mound.Drive,,Loading,pitch.0,334862,-0.428,15.9414,84.4335,59.5485,8.9141,18.9578,-0.0112,0.0749
1779816506015,1,Pitching Mound.Parent,,Loading,pitch.0,334055,0.3672,16.134,86.0468,60.5461,8.2387,21.114,-0.011,0.076
1779816506016,1,11.0000004b,Drive,Loading,pitch.0,334863,-0.3475,15.9847,84.685,59.7809,8.9705,18.9529,-0.0112,0.0749
1779816506016,1,12.00000015,Lower Delivery,Loading,pitch.0,334589,-0.2392,-0.742,1.18,-0.096,-0.0021,-0.0168,0.0,0.0
1779816506016,1,12.00000018,Upper Delivery,Loading,pitch.0,335145,1.0641,0.9601,0.463,0.9231,-0.5952,1.6764,0.0,0.0
1779816506016,1,Pitching Mound.Delivery,,Loading,pitch.0,334349,0.8248,0.2181,1.643,1.0709,-0.5973,2.1028,0.0,0.0
1779816506016,1,Pitching Mound.Drive,,Loading,pitch.0,334863,-0.3475,15.9847,84.685,59.7809,8.9705,18.9529,-0.0112,0.0749
1779816506016,1,Pitching Mound.Parent,,Loading,pitch.0,334056,0.4773,16.2028,86.328,60.8517,8.3731,21.0557,-0.011,0.0763
1779816506017,1,11.0000004b,Drive,Loading,pitch.0,334864,-0.3057,16.0466,84.8604,60.0127,8.9941,18.9606,-0.0113,0.0751
1779816506017,1,12.00000015,Lower Delivery,Loading,pitch.0,334590,-0.236,-0.7357,1.1331,-0.1028,-0.0066,-0.0178,0.0,0.0
1779816506017,1,12.00000018,Upper Delivery,Loading,pitch.0,335146,1.1181,0.9584,0.372,0.9388,-0.5662,1.696,0.0,0.0
1779816506017,1,Pitching Mound.Delivery,,Loading,pitch.0,334350,0.882,0.2227,1.5051,1.0948,-0.5728,2.1386,0.0,0.0
1779816506017,1,Pitching Mound.Drive,,Loading,pitch.0,334864,-0.3057,16.0466,84.8604,60.0127,8.9941,18.9606,-0.0113,0.0751
1779816506017,1,Pitching Mound.Parent,,Loading,pitch.0,334057,0.5764,16.2693,86.3655,61.1075,8.4213,21.0992,-0.0111,0.0768
1779816506018,1,11.0000004b,Drive,Loading,pitch.0,334865,-0.2404,16.0893,85.1461,60.1873,8.8832,18.9651,-0.0111,0.075
1779816506018,1,12.00000015,Lower Delivery,Loading,pitch.0,334591,-0.2412,-0.7088,1.156,-0.1011,-0.0131,-0.016,0.0,0.0
1779816506018,1,12.00000018,Upper Delivery,Loading,pitch.0,335147,1.1396,1.0161,0.3961,0.9995,-0.4695,1.6518,0.0,0.0
1779816506018,1,Pitching Mound.Delivery,,Loading,pitch.0,334351,0.8984,0.3073,1.5521,1.1568,-0.4826,2.1053,0.0,0.0
1779816506018,1,Pitching Mound.Drive,,Loading,pitch.0,334865,-0.2404,16.0893,85.1461,60.1873,8.8832,18.9651,-0.0111,0.075
1779816506018,1,Pitching Mound.Parent,,Loading,pitch.0,334058,0.658,16.3965,86.6981,61.3441,8.4005,21.0703,-0.0109,0.0767
1779816506019,1,11.0000004b,Drive,Loading,pitch.0,334866,-0.2099,16.1448,85.3102,60.3337,8.6968,19.0135,-0.0108,0.0751
1779816506019,1,12.00000015,Lower Delivery,Loading,pitch.0,334592,-0.2463,-0.7195,1.2138,-0.0964,-0.0128,-0.0135,0.0,0.0
1779816506019,1,12.00000018,Upper Delivery,Loading,pitch.0,335148,1.1455,1.0167,0.398,1.0706,-0.471,1.6204,0.0,0.0
1779816506019,1,Pitching Mound.Delivery,,Loading,pitch.0,334352,0.8991,0.2971,1.6117,1.2516,-0.4837,2.0801,0.0,0.0
1779816506019,1,Pitching Mound.Drive,,Loading,pitch.0,334866,-0.2099,16.1448,85.3102,60.3337,8.6968,19.0135,-0.0108,0.0751
1779816506019,1,Pitching Mound.Parent,,Loading,pitch.0,334059,0.6892,16.4419,86.9219,61.5853,8.2131,21.0936,-0.0106,0.0769
1779816506020,1,11.0000004b,Drive,Loading,pitch.0,334867,-0.1759,16.1874,85.6008,60.6734,8.5175,19.0658,-0.0106,0.0752
1779816506020,1,12.00000015,Lower Delivery,Loading,pitch.0,334593,-0.2538,-0.7411,1.1561,-0.0995,-0.0081,-0.005,0.0,0.0
1779816506020,1,12.00000018,Upper Delivery,Loading,pitch.0,335149,1.2217,1.0635,0.3389,1.1192,-0.3725,1.6273,0.0,0.0
1779816506020,1,Pitching Mound.Delivery,,Loading,pitch.0,334353,0.9679,0.3224,1.495,1.2975,-0.3805,2.124,0.0,0.0
1779816506020,1,Pitching Mound.Drive,,Loading,pitch.0,334867,-0.1759,16.1874,85.6008,60.6734,8.5175,19.0658,-0.0106,0.0752
1779816506020,1,Pitching Mound.Parent,,Loading,pitch.0,334060,0.792,16.5098,87.0958,61.9709,8.137,21.1898,-0.0104,0.0771
1779816506021,1,11.0000004b,Drive,Loading,pitch.0,334868,-0.1464,16.2371,85.9449,60.8126,8.3731,19.1211,-0.0103,0.0751
1779816506021,1,12.00000015,Lower Delivery,Loading,pitch.0,334594,-0.2477,-0.7491,1.1578,-0.1016,-0.0095,0.0009,0.0,0.0
1779816506021,1,12.00000018,Upper Delivery,Loading,pitch.0,335150,1.1973,1.0871,0.2715,1.3404,-0.3269,1.6102,0.0,0.0
1779816506021,1,Pitching Mound.Delivery,,Loading,pitch.0,334354,0.9496,0.338,1.4292,1.5402,-0.3365,2.1025,0.0,0.0
1779816506021,1,Pitching Mound.Drive,,Loading,pitch.0,334868,-0.1464,16.2371,85.9449,60.8126,8.3731,19.1211,-0.0103,0.0751
1779816506021,1,Pitching Mound.Parent,,Loading,pitch.0,334061,0.8033,16.5751,87.3741,62.3528,8.0366,21.2236,-0.0102,0.0773
1779816506022,1,11.0000004b,Drive,Loading,pitch.0,334869,-0.1227,16.2875,86.2129,61.0699,8.1495,19.1462,-0.01,0.0752
1779816506022,1,12.00000015,Lower Delivery,Loading,pitch.0,334595,-0.2363,-0.768,1.181,-0.0862,0.0091,0.0055,0.0,0.0
1779816506022,1,12.00000018,Upper Delivery,Loading,pitch.0,335151,1.2376,1.088,0.2267,1.3623,-0.3116,1.6327,0.0,0.0
1779816506022,1,Pitching Mound.Delivery,,Loading,pitch.0,334355,1.0013,0.32,1.4077,1.6006,-0.3025,2.1394,0.0,0.0
1779816506022,1,Pitching Mound.Drive,,Loading,pitch.0,334869,-0.1227,16.2875,86.2129,61.0699,8.1495,19.1462,-0.01,0.0752
1779816506022,1,Pitching Mound.Parent,,Loading,pitch.0,334062,0.8786,16.6075,87.6207,62.6705,7.8471,21.2856,-0.0099,0.0777
1779816506023,1,11.0000004b,Drive,Loading,pitch.0,334870,-0.1171,16.348,86.5189,61.1932,8.034,19.2149,-0.0099,0.0751
1779816506023,1,12.00000015,Lower Delivery,Loading,pitch.0,334596,-0.2404,-0.7695,1.2555,-0.0894,-0.0007,0.0023,0.0,0.0
1779816506023,1,12.00000018,Upper Delivery,Loading,pitch.0,335152,1.2417,1.1229,0.2985,1.3431,-0.2472,1.5928,0.0,0.0
1779816506023,1,Pitching Mound.Delivery,,Loading,pitch.0,334356,1.0013,0.3534,1.554,1.5791,-0.2479,2.099,0.0,0.0
1779816506023,1,Pitching Mound.Drive,,Loading,pitch.0,334870,-0.1171,16.348,86.5189,61.1932,8.034,19.2149,-0.0099,0.0751
1779816506023,1,Pitching Mound.Parent,,Loading,pitch.0,334063,0.8842,16.7014,88.073,62.7723,7.7861,21.3139,-0.0097,0.0775
1779816506024,1,11.0000004b,Drive,Loading,pitch.0,334871,-0.1151,16.3899,86.864,61.3486,7.8175,19.2764,-0.0096,0.075
1779816506024,1,12.00000015,Lower Delivery,Loading,pitch.0,334597,-0.245,-0.7577,1.2531,-0.0831,-0.0011,-0.0007,0.0,0.0
1779816506024,1,12.00000018,Upper Delivery,Loading,pitch.0,335153,1.2329,1.1149,0.3132,1.2561,-0.195,1.5497,0.0,0.0
1779816506024,1,Pitching Mound.Delivery,,Loading,pitch.0,334357,0.9878,0.3572,1.5663,1.4926,-0.1961,2.0515,0.0,0.0
1779816506024,1,Pitching Mound.Drive,,Loading,pitch.0,334871,-0.1151,16.3899,86.864,61.3486,7.8175,19.2764,-0.0096,0.075
1779816506024,1,Pitching Mound.Parent,,Loading,pitch.0,334064,0.8727,16.7472,88.4304,62.8412,7.6214,21.3279,-0.0094,0.0773
1779816506025,1,11.0000004b,Drive,Loading,pitch.0,334872,-0.1319,16.4461,87.1331,61.5112,7.6331,19.3359,-0.0093,0.0749
1779816506025,1,12.00000015,Lower Delivery,Loading,pitch.0,334598,-0.2506,-0.7646,1.1242,-0.0756,-0.0065,0.0101,0.0,0.0
1779816506025,1,12.00000018,Upper Delivery,Loading,pitch.0,335154,1.2066,1.1621,0.3488,1.247,-0.1123,1.5955,0.0,0.0
1779816506025,1,Pitching Mound.Delivery,,Loading,pitch.0,334358,0.9561,0.3975,1.473,1.4351,-0.1189,2.1011,0.0,0.0
1779816506025,1,Pitching Mound.Drive,,Loading,pitch.0,334872,-0.1319,16.4461,87.1331,61.5112,7.6331,19.3359,-0.0093,0.0749
1779816506025,1,Pitching Mound.Parent,,Loading,pitch.0,334065,0.8242,16.8436,88.6061,62.9463,7.5142,21.437,-0.0091,0.0767
1779816506026,1,11.0000004b,Drive,Loading,pitch.0,334873,-0.1357,16.4965,87.3485,61.6278,7.5078,19.4114,-0.0091,0.0749
1779816506026,1,12.00000015,Lower Delivery,Loading,pitch.0,334599,-0.2605,-0.7619,1.1011,-0.0692,-0.0064,0.0013,0.0,0.0
1779816506026,1,12.00000018,Upper Delivery,Loading,pitch.0,335155,1.2398,1.0703,0.2674,1.3142,-0.4132,1.6281,0.0,0.0
1779816506026,1,Pitching Mound.Delivery,,Loading,pitch.0,334359,0.9794,0.3084,1.3685,1.5284,-0.4196,2.1396,0.0,0.0
1779816506026,1,Pitching Mound.Drive,,Loading,pitch.0,334873,-0.1357,16.4965,87.3485,61.6278,7.5078,19.4114,-0.0091,0.0749
1779816506026,1,Pitching Mound.Parent,,Loading,pitch.0,334066,0.8437,16.8049,88.717,63.1562,7.0882,21.551,-0.009,0.0769
1779816506027,1,11.0000004b,Drive,Loading,pitch.0,334874,-0.1625,16.5658,87.5985,61.7744,7.1487,19.5051,-0.0087,0.0749
1779816506027,1,12.00000015,Lower Delivery,Loading,pitch.0,334600,-0.2481,-0.7612,1.1468,-0.0729,-0.008,0.0041,0.0,0.0
1779816506027,1,12.00000018,Upper Delivery,Loading,pitch.0,335156,1.2594,1.0244,0.267,1.2455,-0.5054,1.6325,0.0,0.0
1779816506027,1,Pitching Mound.Delivery,,Loading,pitch.0,334360,1.0113,0.2631,1.4139,1.4717,-0.5134,2.1492,0.0,0.0
1779816506027,1,Pitching Mound.Drive,,Loading,pitch.0,334874,-0.1625,16.5658,87.5985,61.7744,7.1487,19.5051,-0.0087,0.0749
1779816506027,1,Pitching Mound.Parent,,Loading,pitch.0,334067,0.8488,16.829,89.0123,63.2461,6.6353,21.6543,-0.0085,0.077
1779816506028,1,11.0000004b,Drive,Loading,pitch.0,334875,-0.1966,16.6188,87.8229,61.892,6.7562,19.5968,-0.0082,0.0748
1779816506028,1,12.00000015,Lower Delivery,Loading,pitch.0,334601,-0.2642,-0.7822,1.1105,-0.0609,-0.0017,0.003,0.0,0.0
1779816506028,1,12.00000018,Upper Delivery,Loading,pitch.0,335157,1.2063,0.9793,0.2776,1.3471,-0.877,1.684,0.0,0.0
1779816506028,1,Pitching Mound.Delivery,,Loading,pitch.0,334361,0.9421,0.1971,1.3881,1.5693,-0.8787,2.187,0.0,0.0
1779816506028,1,Pitching Mound.Drive,,Loading,pitch.0,334875,-0.1966,16.6188,87.8229,61.892,6.7562,19.5968,-0.0082,0.0748
1779816506028,1,Pitching Mound.Parent,,Loading,pitch.0,334068,0.7455,16.8159,89.211,63.4613,5.8775,21.7838,-0.008,0.0768
1779816506029,1,11.0000004b,Drive,Loading,pitch.0,334877,-0.2656,16.7715,88.1641,62.3067,6.2397,19.7348,-0.0075,0.075
1779816506029,1,11.0000004b,Drive,Loading,pitch.0,334876,-0.2305,16.696,88.0232,62.0961,6.6771,19.6575,-0.0081,0.0749
1779816506029,1,12.00000015,Lower Delivery,Loading,pitch.0,334602,-0.2508,-0.7717,1.1963,-0.0738,-0.0047,-0.0024,0.0,0.0
1779816506029,1,12.00000015,Lower Delivery,Loading,pitch.0,334603,-0.2532,-0.7814,1.206,-0.0773,-0.0088,0.0023,0.0,0.0
1779816506029,1,12.00000018,Upper Delivery,Loading,pitch.0,335158,1.21,0.9592,0.2397,1.1553,-0.7619,1.6699,0.0,0.0
1779816506029,1,Pitching Mound.Delivery,,Loading,pitch.0,334362,0.9592,0.1875,1.4359,1.4068,-0.7666,2.1641,0.0,0.0
1779816506029,1,Pitching Mound.Drive,,Loading,pitch.0,334877,-0.2656,16.7715,88.1641,62.3067,6.2397,19.7348,-0.0075,0.075
1779816506029,1,Pitching Mound.Drive,,Loading,pitch.0,334876,-0.2305,16.696,88.0232,62.0961,6.6771,19.6575,-0.0081,0.0749
1779816506029,1,Pitching Mound.Parent,,Loading,pitch.0,334069,0.7287,16.8835,89.4591,63.5029,5.9105,21.8217,-0.0079,0.0773
1779816506030,1,11.0000004b,Drive,Loading,pitch.0,334878,-0.2924,16.8498,88.3257,62.3731,5.9675,19.833,-0.0072,0.075
1779816506030,1,12.00000015,Lower Delivery,Loading,pitch.0,334604,-0.235,-0.7531,1.3328,-0.0821,-0.0089,-0.0026,0.0,0.0
1779816506030,1,12.00000018,Upper Delivery,Loading,pitch.0,335159,1.2202,0.9274,0.1586,1.2477,-0.7454,1.6689,0.0,0.0
1779816506030,1,Pitching Mound.Delivery,,Loading,pitch.0,334363,0.967,0.146,1.3646,1.5265,-0.7542,2.1722,0.0,0.0
1779816506030,1,Pitching Mound.Drive,,Loading,pitch.0,334878,-0.2924,16.8498,88.3257,62.3731,5.9675,19.833,-0.0072,0.075
1779816506030,1,Pitching Mound.Parent,,Loading,pitch.0,334070,0.7014,16.9175,89.5287,63.8332,5.4855,21.9069,-0.0074,0.0779
1779816506031,1,11.0000004b,Drive,Loading,pitch.0,334879,-0.3292,16.9101,88.4057,62.5707,5.7445,19.876,-0.0069,0.0751
1779816506031,1,12.00000015,Lower Delivery,Loading,pitch.0,334605,-0.2518,-0.7485,1.3806,-0.0722,0.0007,0.0087,0.0,0.0
1779816506031,1,12.00000018,Upper Delivery,Loading,pitch.0,335160,1.1712,0.9033,0.1885,1.3281,-0.9184,1.6673,0.0,0.0
1779816506031,1,Pitching Mound.Delivery,,Loading,pitch.0,334364,0.9362,0.1502,1.5213,1.635,-0.9272,2.1429,0.0,0.0
1779816506031,1,Pitching Mound.Drive,,Loading,pitch.0,334879,-0.3292,16.9101,88.4057,62.5707,5.7445,19.876,-0.0069,0.0751
1779816506031,1,Pitching Mound.Parent,,Loading,pitch.0,334071,0.6438,17.0,89.847,64.0081,5.0403,21.9759,-0.0071,0.078
1779816506032,1,11.0000004b,Drive,Loading,pitch.0,334880,-0.3426,16.9874,88.6615,62.7753,5.462,19.9847,-0.0065,0.0752
1779816506032,1,12.00000015,Lower Delivery,Loading,pitch.0,334606,-0.2468,-0.742,1.3304,-0.0809,-0.0075,0.0132,0.0,0.0
1779816506032,1,12.00000018,Upper Delivery,Loading,pitch.0,335161,1.1705,0.9089,0.2213,1.2711,-0.8235,1.7057,0.0,0.0
1779816506032,1,Pitching Mound.Delivery,,Loading,pitch.0,334365,0.9187,0.1604,1.6019,1.593,-0.8228,2.198,0.0,0.0
1779816506032,1,Pitching Mound.Drive,,Loading,pitch.0,334880,-0.3426,16.9874,88.6615,62.7753,5.462,19.9847,-0.0065,0.0752
1779816506032,1,Pitching Mound.Parent,,Loading,pitch.0,334072,0.5895,17.0704,90.0075,64.1637,4.9218,22.0739,-0.0068,0.0782
1779816506033,1,11.0000004b,Drive,Loading,pitch.0,334881,-0.3822,17.0497,88.7655,63.001,5.2665,20.0688,-0.0063,0.0753
1779816506033,1,12.00000015,Lower Delivery,Loading,pitch.0,334607,-0.2474,-0.7365,1.3234,-0.0827,-0.0094,0.0079,0.0,0.0
1779816506033,1,12.00000018,Upper Delivery,Loading,pitch.0,335162,1.1665,0.8978,0.2163,1.2404,-0.8118,1.6589,0.0,0.0
1779816506033,1,Pitching Mound.Delivery,,Loading,pitch.0,334366,0.9197,0.1558,1.5466,1.5383,-0.8192,2.1527,0.0,0.0
1779816506033,1,Pitching Mound.Drive,,Loading,pitch.0,334881,-0.3822,17.0497,88.7655,63.001,5.2665,20.0688,-0.0063,0.0753
1779816506033,1,Pitching Mound.Parent,,Loading,pitch.0,334073,0.5771,17.1432,90.2081,64.3136,4.6428,22.1373,-0.0064,0.0781
1779816506034,1,11.0000004b,Drive,Loading,pitch.0,334882,-0.408,17.1165,88.7269,63.1918,4.9814,20.1464,-0.006,0.0756
1779816506034,1,12.00000015,Lower Delivery,Loading,pitch.0,334608,-0.2481,-0.7368,1.1632,-0.0864,-0.0034,-0.0049,0.0,0.0
1779816506034,1,12.00000018,Upper Delivery,Loading,pitch.0,335163,1.1637,0.9094,0.2628,1.2156,-0.7796,1.6651,0.0,0.0
1779816506034,1,Pitching Mound.Delivery,,Loading,pitch.0,334367,0.9163,0.1729,1.5861,1.4935,-0.789,2.1528,0.0,0.0
1779816506034,1,Pitching Mound.Drive,,Loading,pitch.0,334882,-0.408,17.1165,88.7269,63.1918,4.9814,20.1464,-0.006,0.0756
1779816506034,1,Pitching Mound.Parent,,Loading,pitch.0,334074,0.5341,17.2226,90.3517,64.4945,4.4774,22.2216,-0.0062,0.078
1779816506035,1,11.0000004b,Drive,Loading,pitch.0,334883,-0.4325,17.1848,88.9498,63.3979,4.6811,20.2273,-0.0056,0.0757
1779816506035,1,12.00000015,Lower Delivery,Loading,pitch.0,334609,-0.2425,-0.7401,1.2832,-0.0858,0.0073,0.0095,0.0,0.0
1779816506035,1,12.00000018,Upper Delivery,Loading,pitch.0,335164,1.1766,0.9085,0.2505,1.1536,-0.6254,1.6929,0.0,0.0
1779816506035,1,Pitching Mound.Delivery,,Loading,pitch.0,334368,0.9285,0.1717,1.4137,1.3775,-0.6289,2.1724,0.0,0.0
1779816506035,1,Pitching Mound.Drive,,Loading,pitch.0,334883,-0.4325,17.1848,88.9498,63.3979,4.6811,20.2273,-0.0056,0.0757
1779816506035,1,Pitching Mound.Parent,,Loading,pitch.0,334075,0.5205,17.2882,90.1406,64.5692,4.3525,22.3189,-0.0059,0.0779
1779816506036,1,11.0000004b,Drive,Loading,pitch.0,334884,-0.4681,17.2526,88.9478,63.472,4.3952,20.278,-0.0052,0.0758
1779816506036,1,12.00000015,Lower Delivery,Loading,pitch.0,334610,-0.2507,-0.7373,1.2198,-0.091,-0.0007,0.0196,0.0,0.0
1779816506036,1,12.00000018,Upper Delivery,Loading,pitch.0,335165,1.1575,0.8822,0.2562,1.1989,-0.732,1.6045,0.0,0.0
1779816506036,1,Pitching Mound.Delivery,,Loading,pitch.0,334369,0.915,0.1422,1.5393,1.4623,-0.7247,2.0899,0.0,0.0
1779816506036,1,Pitching Mound.Drive,,Loading,pitch.0,334884,-0.4681,17.2526,88.9478,63.472,4.3952,20.278,-0.0052,0.0758
1779816506036,1,Pitching Mound.Parent,,Loading,pitch.0,334076,0.4825,17.327,90.4891,64.8602,3.9564,22.3173,-0.0055,0.0782
1779816506037,1,11.0000004b,Drive,Loading,pitch.0,334885,-0.4758,17.3106,89.0939,63.5909,4.1529,20.3453,-0.0049,0.0758
1779816506037,1,12.00000015,Lower Delivery,Loading,pitch.0,334611,-0.2655,-0.7234,1.108,-0.1072,-0.0123,-0.0002,0.0,0.0
1779816506037,1,12.00000018,Upper Delivery,Loading,pitch.0,335166,1.1738,0.9213,0.2369,1.1672,-0.5498,1.5708,0.0,0.0
1779816506037,1,Pitching Mound.Delivery,,Loading,pitch.0,334370,0.9231,0.1839,1.4567,1.4104,-0.5504,2.0747,0.0,0.0
1779816506037,1,Pitching Mound.Drive,,Loading,pitch.0,334885,-0.4758,17.3106,89.0939,63.5909,4.1529,20.3453,-0.0049,0.0758
1779816506037,1,Pitching Mound.Parent,,Loading,pitch.0,334077,0.4551,17.4365,90.4045,64.8825,3.8447,22.3527,-0.0052,0.0782
1779816506038,1,11.0000004b,Drive,Loading,pitch.0,334886,-0.4999,17.3779,89.2081,63.8363,3.9678,20.4108,-0.0047,0.076
1779816506038,1,12.00000015,Lower Delivery,Loading,pitch.0,334612,-0.259,-0.7263,1.0295,-0.1078,-0.0039,-0.0006,0.0,0.0
1779816506038,1,12.00000018,Upper Delivery,Loading,pitch.0,335167,1.177,0.9346,0.2795,1.2528,-0.5968,1.6005,0.0,0.0
1779816506038,1,Pitching Mound.Delivery,,Loading,pitch.0,334371,0.9116,0.2111,1.3874,1.4273,-0.6091,2.0908,0.0,0.0
1779816506038,1,Pitching Mound.Drive,,Loading,pitch.0,334886,-0.4999,17.3779,89.2081,63.8363,3.9678,20.4108,-0.0047,0.076
1779816506038,1,Pitching Mound.Parent,,Loading,pitch.0,334078,0.4358,17.5217,90.4814,65.0182,3.5439,22.4361,-0.0049,0.0777
1779816506039,1,11.0000004b,Drive,Loading,pitch.0,334887,-0.5079,17.4131,89.4784,63.9267,3.8253,20.4704,-0.0045,0.0758
1779816506039,1,12.00000015,Lower Delivery,Loading,pitch.0,334613,-0.2587,-0.7217,0.9927,-0.1006,-0.0026,-0.0034,0.0,0.0
1779816506039,1,12.00000018,Upper Delivery,Loading,pitch.0,335168,1.1794,0.9465,0.3036,1.2301,-0.557,1.5118,0.0,0.0
1779816506039,1,Pitching Mound.Delivery,,Loading,pitch.0,334372,0.9205,0.2202,1.333,1.3692,-0.5609,2.0002,0.0,0.0
1779816506039,1,Pitching Mound.Drive,,Loading,pitch.0,334887,-0.5079,17.4131,89.4784,63.9267,3.8253,20.4704,-0.0045,0.0758
1779816506039,1,Pitching Mound.Parent,,Loading,pitch.0,334079,0.4205,17.5982,90.5411,65.2054,3.407,22.4111,-0.0047,0.0776
1779816506040,1,11.0000004b,Drive,Loading,pitch.0,334888,-0.5224,17.4548,89.4742,63.9788,3.5493,20.5412,-0.0042,0.0759
1779816506040,1,12.00000015,Lower Delivery,Loading,pitch.0,334614,-0.2591,-0.7481,1.012,-0.0914,0.0003,0.0214,0.0,0.0
1779816506040,1,12.00000018,Upper Delivery,Loading,pitch.0,335169,1.148,0.9634,0.3959,1.2455,-0.6362,1.497,0.0,0.0
1779816506040,1,Pitching Mound.Delivery,,Loading,pitch.0,334373,0.8894,0.2417,1.3886,1.3478,-0.6388,1.9719,0.0,0.0
1779816506040,1,Pitching Mound.Drive,,Loading,pitch.0,334888,-0.5224,17.4548,89.4742,63.9788,3.5493,20.5412,-0.0042,0.0759
1779816506040,1,Pitching Mound.Parent,,Loading,pitch.0,334080,0.3814,17.6548,90.867,65.2745,3.1865,22.4423,-0.0045,0.0769
1779816506041,1,11.0000004b,Drive,Loading,pitch.0,334889,-0.5211,17.5058,89.6199,64.0675,3.1947,20.6278,-0.0038,0.0759
1779816506041,1,12.00000015,Lower Delivery,Loading,pitch.0,334615,-0.2699,-0.7441,0.9755,-0.0866,0.0007,0.0116,0.0,0.0
1779816506041,1,12.00000018,Upper Delivery,Loading,pitch.0,335170,1.1605,0.9564,0.4071,1.1223,-0.5759,1.5677,0.0,0.0
1779816506041,1,Pitching Mound.Delivery,,Loading,pitch.0,334374,0.9015,0.2083,1.4192,1.2365,-0.5756,2.0718,0.0,0.0
1779816506041,1,Pitching Mound.Drive,,Loading,pitch.0,334889,-0.5211,17.5058,89.6199,64.0675,3.1947,20.6278,-0.0038,0.0759
1779816506041,1,Pitching Mound.Parent,,Loading,pitch.0,334081,0.379,17.6631,90.8934,65.2153,2.9737,22.613,-0.0041,0.077
1779816506042,1,11.0000004b,Drive,Loading,pitch.0,334890,-0.5254,17.5536,89.7258,64.1684,3.004,20.6531,-0.0036,0.0759
1779816506042,1,12.00000015,Lower Delivery,Loading,pitch.0,334616,-0.2541,-0.7549,1.0166,-0.0889,-0.0024,0.0098,0.0,0.0
1779816506042,1,12.00000018,Upper Delivery,Loading,pitch.0,335171,1.1453,0.9783,0.4632,1.2022,-0.6013,1.5181,0.0,0.0
1779816506042,1,Pitching Mound.Delivery,,Loading,pitch.0,334375,0.8754,0.2342,1.4387,1.2898,-0.6006,2.0108,0.0,0.0
1779816506042,1,Pitching Mound.Drive,,Loading,pitch.0,334890,-0.5254,17.5536,89.7258,64.1684,3.004,20.6531,-0.0036,0.0759
1779816506042,1,Pitching Mound.Parent,,Loading,pitch.0,334082,0.3543,17.7399,91.0586,65.3574,2.5941,22.6387,-0.0037,0.0766
1779816506043,1,11.0000004b,Drive,Loading,pitch.0,334891,-0.5255,17.6033,89.8091,64.3534,2.649,20.7249,-0.0031,0.0761
1779816506043,1,12.00000015,Lower Delivery,Loading,pitch.0,334617,-0.2505,-0.7471,1.0848,-0.0905,-0.007,-0.0046,0.0,0.0
1779816506043,1,12.00000018,Upper Delivery,Loading,pitch.0,335172,1.1674,1.0303,0.484,1.2021,-0.5615,1.507,0.0,0.0
1779816506043,1,12.00000018,Upper Delivery,Loading,pitch.0,335173,1.1515,1.0213,0.5067,1.252,-0.6296,1.5368,0.0,0.0
1779816506043,1,Pitching Mound.Delivery,,Loading,pitch.0,334376,0.9133,0.2754,1.5007,1.2942,-0.5639,2.0001,0.0,0.0
1779816506043,1,Pitching Mound.Delivery,,Loading,pitch.0,334377,0.901,0.2741,1.5915,1.358,-0.6366,2.0088,0.0,0.0
1779816506043,1,Pitching Mound.Drive,,Loading,pitch.0,334891,-0.5255,17.6033,89.8091,64.3534,2.649,20.7249,-0.0031,0.0761
1779816506043,1,Pitching Mound.Parent,,Loading,pitch.0,334083,0.3879,17.829,91.2265,65.4626,2.4401,22.6532,-0.0035,0.0767
1779816506043,1,Pitching Mound.Parent,,Loading,pitch.0,334084,0.3755,17.8775,91.4006,65.7114,2.0123,22.7337,-0.0031,0.0769
1779816506044,1,11.0000004b,Drive,Loading,pitch.0,334892,-0.5244,17.6439,90.0003,64.5207,2.4187,20.7643,-0.0029,0.0761
1779816506044,1,12.00000015,Lower Delivery,Loading,pitch.0,334618,-0.2481,-0.7698,1.0897,-0.0863,-0.0018,0.0011,0.0,0.0
1779816506044,1,Pitching Mound.Drive,,Loading,pitch.0,334892,-0.5244,17.6439,90.0003,64.5207,2.4187,20.7643,-0.0029,0.0761
1779816506045,1,11.0000004b,Drive,Loading,pitch.0,334893,-0.5256,17.6895,90.0936,64.6784,2.1457,20.8254,-0.0025,0.0762
1779816506045,1,12.00000015,Lower Delivery,Loading,pitch.0,334619,-0.2559,-0.7711,1.1383,-0.0837,-0.0042,0.0092,0.0,0.0
1779816506045,1,12.00000018,Upper Delivery,Loading,pitch.0,335174,1.1332,0.9642,0.5502,1.3408,-0.6971,1.5996,0.0,0.0
1779816506045,1,Pitching Mound.Delivery,,Loading,pitch.0,334378,0.885,0.1945,1.6399,1.438,-0.6988,2.0704,0.0,0.0
1779816506045,1,Pitching Mound.Drive,,Loading,pitch.0,334893,-0.5256,17.6895,90.0936,64.6784,2.1457,20.8254,-0.0025,0.0762
1779816506045,1,Pitching Mound.Parent,,Loading,pitch.0,334085,0.3606,17.8384,91.6402,65.9587,1.7198,22.8347,-0.0028,0.0767
1779816506046,1,11.0000004b,Drive,Loading,pitch.0,334894,-0.5115,17.7252,90.3206,64.7497,1.9441,20.9142,-0.0023,0.0761
1779816506046,1,12.00000015,Lower Delivery,Loading,pitch.0,334620,-0.2685,-0.7813,1.1325,-0.0823,-0.0039,-0.0054,0.0,0.0
1779816506046,1,12.00000018,Upper Delivery,Loading,pitch.0,335175,1.0973,0.948,0.6159,1.2858,-0.7336,1.5852,0.0,0.0
1779816506046,1,12.00000018,Upper Delivery,Loading,pitch.0,335176,1.1044,0.9611,0.6202,1.2639,-0.6932,1.612,0.0,0.0
1779816506046,1,Pitching Mound.Delivery,,Loading,pitch.0,334379,0.8414,0.1768,1.7542,1.3797,-0.7378,2.0545,0.0,0.0
1779816506046,1,Pitching Mound.Delivery,,Loading,pitch.0,334380,0.836,0.1799,1.7527,1.3557,-0.6971,2.0734,0.0,0.0
1779816506046,1,Pitching Mound.Drive,,Loading,pitch.0,334894,-0.5115,17.7252,90.3206,64.7497,1.9441,20.9142,-0.0023,0.0761
1779816506046,1,Pitching Mound.Parent,,Loading,pitch.0,334087,0.3245,17.9051,92.0732,66.1054,1.247,22.9876,-0.0022,0.0765
1779816506046,1,Pitching Mound.Parent,,Loading,pitch.0,334086,0.3158,17.8663,91.8478,66.0581,1.4079,22.8799,-0.0025,0.0767
1779816506047,1,11.0000004b,Drive,Loading,pitch.0,334895,-0.5034,17.7603,90.4443,65.0023,1.775,20.9256,-0.0021,0.0763
1779816506047,1,12.00000015,Lower Delivery,Loading,pitch.0,334621,-0.2712,-0.7766,1.1499,-0.0874,-0.01,-0.0114,0.0,0.0
1779816506047,1,Pitching Mound.Drive,,Loading,pitch.0,334895,-0.5034,17.7603,90.4443,65.0023,1.775,20.9256,-0.0021,0.0763
1779816506048,1,11.0000004b,Drive,Loading,pitch.0,334896,-0.4921,17.817,90.5663,65.1021,1.3865,21.0071,-0.0016,0.0763
1779816506048,1,12.00000015,Lower Delivery,Loading,pitch.0,334622,-0.2914,-0.7766,1.1539,-0.0747,-0.0001,0.0135,0.0,0.0
1779816506048,1,12.00000018,Upper Delivery,Loading,pitch.0,335178,1.0361,0.954,0.6793,1.3662,-0.9073,1.6409,0.0,0.0
1779816506048,1,12.00000018,Upper Delivery,Loading,pitch.0,335177,1.082,0.9663,0.6728,1.334,-0.7949,1.6378,0.0,0.0
1779816506048,1,Pitching Mound.Delivery,,Loading,pitch.0,334381,0.8108,0.1897,1.8227,1.4089,-0.805,2.0865,0.0,0.0
1779816506048,1,Pitching Mound.Delivery,,Loading,pitch.0,334382,0.7447,0.1774,1.8332,1.4528,-0.9074,2.1057,0.0,0.0
1779816506048,1,Pitching Mound.Drive,,Loading,pitch.0,334896,-0.4921,17.817,90.5663,65.1021,1.3865,21.0071,-0.0016,0.0763
1779816506048,1,Pitching Mound.Parent,,Loading,pitch.0,334088,0.3074,17.9501,92.267,66.4112,0.97,23.0121,-0.002,0.0766
1779816506048,1,Pitching Mound.Parent,,Loading,pitch.0,334089,0.2527,17.9944,92.3995,66.5549,0.4791,23.1128,-0.0016,0.0765
1779816506049,1,11.0000004b,Drive,Loading,pitch.0,334897,-0.4993,17.8608,90.6744,65.2654,1.3906,21.0695,-0.0016,0.0764
1779816506049,1,12.00000015,Lower Delivery,Loading,pitch.0,334623,-0.3127,-0.7933,1.1429,-0.0598,0.0066,0.0417,0.0,0.0
1779816506049,1,12.00000018,Upper Delivery,Loading,pitch.0,335179,1.0461,0.8731,0.5733,1.2762,-0.8617,1.6492,0.0,0.0
1779816506049,1,Pitching Mound.Delivery,,Loading,pitch.0,334383,0.7335,0.0799,1.7162,1.41,-0.8551,2.1529,0.0,0.0
1779816506049,1,Pitching Mound.Drive,,Loading,pitch.0,334897,-0.4993,17.8608,90.6744,65.2654,1.3906,21.0695,-0.0016,0.0764
1779816506049,1,Pitching Mound.Parent,,Loading,pitch.0,334090,0.2342,17.9407,92.3906,66.6754,0.5355,23.2224,-0.0016,0.0771
1779816506050,1,11.0000004b,Drive,Loading,pitch.0,334898,-0.5098,17.9127,90.7589,65.4163,1.1189,21.1463,-0.0013,0.0765
1779816506050,1,12.00000015,Lower Delivery,Loading,pitch.0,334624,-0.3363,-0.7823,1.2232,-0.0548,0.0098,0.0588,0.0,0.0
1779816506050,1,12.00000018,Upper Delivery,Loading,pitch.0,335180,1.0633,0.8976,0.5921,1.3747,-0.9654,1.664,0.0,0.0
1779816506050,1,Pitching Mound.Delivery,,Loading,pitch.0,334384,0.727,0.1154,1.8154,1.5345,-0.9556,2.1986,0.0,0.0
1779816506050,1,Pitching Mound.Drive,,Loading,pitch.0,334898,-0.5098,17.9127,90.7589,65.4163,1.1189,21.1463,-0.0013,0.0765
1779816506050,1,Pitching Mound.Parent,,Loading,pitch.0,334091,0.2171,18.0281,92.5742,66.9508,0.1633,23.3449,-0.0013,0.0773
1779816506051,1,11.0000004b,Drive,Loading,pitch.0,334899,-0.5105,17.9637,90.8726,65.621,0.8659,21.2057,-0.001,0.0767
1779816506051,1,12.00000015,Lower Delivery,Loading,pitch.0,334625,-0.3426,-0.7955,1.2285,-0.0637,0.0037,0.0279,0.0,0.0
1779816506051,1,12.00000018,Upper Delivery,Loading,pitch.0,335181,1.0606,0.8555,0.4694,1.358,-0.9663,1.6123,0.0,0.0
1779816506051,1,Pitching Mound.Delivery,,Loading,pitch.0,334385,0.7181,0.06,1.6978,1.5523,-0.9626,2.1173,0.0,0.0
1779816506051,1,Pitching Mound.Drive,,Loading,pitch.0,334899,-0.5105,17.9637,90.8726,65.621,0.8659,21.2057,-0.001,0.0767
1779816506051,1,Pitching Mound.Parent,,Loading,pitch.0,334092,0.2075,18.0236,92.5705,67.1733,-0.0966,23.323,-0.001,0.078
1779816506052,1,11.0000004b,Drive,Loading,pitch.0,334900,-0.5425,18.0209,91.0053,65.706,0.6662,21.2634,-0.0008,0.0766
1779816506052,1,12.00000015,Lower Delivery,Loading,pitch.0,334626,-0.3332,-0.7716,1.1774,-0.0709,-0.0062,0.0092,0.0,0.0
1779816506052,1,12.00000018,Upper Delivery,Loading,pitch.0,335182,1.0698,0.854,0.4119,1.2101,-0.7741,1.613,0.0,0.0
1779816506052,1,Pitching Mound.Delivery,,Loading,pitch.0,334386,0.7366,0.0825,1.5893,1.3995,-0.7803,2.0992,0.0,0.0
1779816506052,1,Pitching Mound.Drive,,Loading,pitch.0,334900,-0.5425,18.0209,91.0053,65.706,0.6662,21.2634,-0.0008,0.0766
1779816506052,1,Pitching Mound.Parent,,Loading,pitch.0,334093,0.1941,18.1034,92.5945,67.1055,-0.1141,23.3625,-0.0008,0.0781
1779816506053,1,11.0000004b,Drive,Loading,pitch.0,334901,-0.567,18.082,91.0836,65.9423,0.4265,21.3304,-0.0005,0.0769
1779816506053,1,12.00000015,Lower Delivery,Loading,pitch.0,334627,-0.3264,-0.7736,1.156,-0.0844,-0.0123,0.0069,0.0,0.0
1779816506053,1,12.00000018,Upper Delivery,Loading,pitch.0,335183,1.0771,0.8897,0.4527,1.2013,-0.7547,1.6527,0.0,0.0
1779816506053,1,Pitching Mound.Delivery,,Loading,pitch.0,334387,0.7507,0.1162,1.6087,1.3561,-0.7671,2.1368,0.0,0.0
1779816506053,1,Pitching Mound.Drive,,Loading,pitch.0,334901,-0.567,18.082,91.0836,65.9423,0.4265,21.3304,-0.0005,0.0769
1779816506053,1,Pitching Mound.Parent,,Loading,pitch.0,334094,0.1837,18.1982,92.6923,67.2984,-0.3406,23.4672,-0.0005,0.0781
1779816506054,1,11.0000004b,Drive,Loading,pitch.0,334902,-0.5889,18.1519,91.2581,66.0604,0.0898,21.398,-0.0001,0.0768
1779816506054,1,12.00000015,Lower Delivery,Loading,pitch.0,334628,-0.3219,-0.7692,1.1741,-0.0862,-0.0132,-0.0045,0.0,0.0
1779816506054,1,12.00000018,Upper Delivery,Loading,pitch.0,335184,1.0861,0.8919,0.3873,1.2407,-0.7886,1.6575,0.0,0.0
1779816506054,1,Pitching Mound.Delivery,,Loading,pitch.0,334388,0.7643,0.1227,1.5614,1.4221,-0.8018,2.1316,0.0,0.0
1779816506054,1,Pitching Mound.Drive,,Loading,pitch.0,334902,-0.5889,18.1519,91.2581,66.0604,0.0898,21.398,-0.0001,0.0768
1779816506054,1,Pitching Mound.Parent,,Loading,pitch.0,334095,0.1754,18.2745,92.8195,67.4825,-0.7121,23.5296,-0.0001,0.0784
1779816506055,1,11.0000004b,Drive,Loading,pitch.0,334903,-0.62,18.2216,91.2551,66.2895,-0.2679,21.5116,0.0003,0.0771
1779816506055,1,12.00000015,Lower Delivery,Loading,pitch.0,334629,-0.322,-0.776,1.1378,-0.0826,-0.0103,-0.0003,0.0,0.0
1779816506055,1,12.00000018,Upper Delivery,Loading,pitch.0,335185,1.0913,0.9198,0.394,1.1845,-0.7068,1.603,0.0,0.0
1779816506055,1,Pitching Mound.Delivery,,Loading,pitch.0,334389,0.7693,0.1438,1.5318,1.3548,-0.7171,2.0833,0.0,0.0
1779816506055,1,Pitching Mound.Drive,,Loading,pitch.0,334903,-0.62,18.2216,91.2551,66.2895,-0.2679,21.5116,0.0003,0.0771
1779816506055,1,Pitching Mound.Parent,,Loading,pitch.0,334096,0.1493,18.3654,92.7869,67.6443,-0.985,23.5949,0.0003,0.0786
1779816506056,1,11.0000004b,Drive,Loading,pitch.0,334904,-0.6496,18.2991,91.3131,66.4814,-0.6011,21.5707,0.0007,0.0773
1779816506056,1,12.00000015,Lower Delivery,Loading,pitch.0,334630,-0.2892,-0.7747,1.2128,-0.0898,-0.0104,0.0233,0.0,0.0
1779816506056,1,12.00000018,Upper Delivery,Loading,pitch.0,335186,1.1027,0.9047,0.3313,1.0893,-0.577,1.5972,0.0,0.0
1779816506056,1,Pitching Mound.Delivery,,Loading,pitch.0,334390,0.8135,0.13,1.5442,1.2992,-0.5873,2.0937,0.0,0.0
1779816506056,1,Pitching Mound.Drive,,Loading,pitch.0,334904,-0.6496,18.2991,91.3131,66.4814,-0.6011,21.5707,0.0007,0.0773
1779816506056,1,Pitching Mound.Parent,,Loading,pitch.0,334097,0.1638,18.4292,92.8572,67.7807,-1.1884,23.6644,0.0007,0.0792
1779816506057,1,11.0000004b,Drive,Loading,pitch.0,334905,-0.7002,18.3883,91.4827,66.6407,-0.9626,21.6653,0.0011,0.0773
1779816506057,1,12.00000015,Lower Delivery,Loading,pitch.0,334631,-0.2734,-0.7658,1.2651,-0.0844,0.0056,0.0088,0.0,0.0
1779816506057,1,12.00000018,Upper Delivery,Loading,pitch.0,335187,1.062,0.9086,0.3616,1.2097,-0.8061,1.5782,0.0,0.0
1779816506057,1,Pitching Mound.Delivery,,Loading,pitch.0,334391,0.7886,0.1428,1.6267,1.4324,-0.8006,2.041,0.0,0.0
1779816506057,1,Pitching Mound.Drive,,Loading,pitch.0,334905,-0.7002,18.3883,91.4827,66.6407,-0.9626,21.6653,0.0011,0.0773
1779816506057,1,Pitching Mound.Parent,,Loading,pitch.0,334098,0.0884,18.5311,93.1094,68.0731,-1.7632,23.7063,0.0011,0.0793
1779816506058,1,11.0000004b,Drive,Loading,pitch.0,334906,-0.7402,18.4712,91.6394,66.7215,-1.2883,21.7516,0.0015,0.0773
1779816506058,1,12.00000015,Lower Delivery,Loading,pitch.0,334632,-0.2623,-0.7536,1.086,-0.0816,0.0134,-0.003,0.0,0.0
1779816506058,1,12.00000018,Upper Delivery,Loading,pitch.0,335188,1.0742,0.9139,0.4146,1.2746,-0.7422,1.6409,0.0,0.0
1779816506058,1,Pitching Mound.Delivery,,Loading,pitch.0,334392,0.8119,0.1603,1.5007,1.4213,-0.7288,2.0923,0.0,0.0
1779816506058,1,Pitching Mound.Drive,,Loading,pitch.0,334906,-0.7402,18.4712,91.6394,66.7215,-1.2883,21.7516,0.0015,0.0773
1779816506058,1,Pitching Mound.Parent,,Loading,pitch.0,334099,0.0717,18.6315,93.1401,68.1428,-2.0171,23.8439,0.0015,0.0785
1779816506059,1,11.0000004b,Drive,Loading,pitch.0,334907,-0.774,18.5555,91.8206,66.921,-1.5255,21.8329,0.0018,0.0774
1779816506059,1,12.00000015,Lower Delivery,Loading,pitch.0,334633,-0.2668,-0.7528,1.0532,-0.0878,0.0157,-0.0059,0.0,0.0
1779816506059,1,12.00000018,Upper Delivery,Loading,pitch.0,335189,1.0599,0.9038,0.4695,1.2833,-0.7916,1.6432,0.0,0.0
1779816506059,1,Pitching Mound.Delivery,,Loading,pitch.0,334393,0.7931,0.151,1.5227,1.394,-0.7759,2.0883,0.0,0.0
1779816506059,1,Pitching Mound.Drive,,Loading,pitch.0,334907,-0.774,18.5555,91.8206,66.921,-1.5255,21.8329,0.0018,0.0774
1779816506059,1,Pitching Mound.Parent,,Loading,pitch.0,334100,0.0191,18.7065,93.3432,68.315,-2.3014,23.9212,0.0017,0.0782
1779816506060,1,11.0000004b,Drive,Loading,pitch.0,334908,-0.8103,18.6443,91.9625,67.1002,-1.8561,21.9264,0.0021,0.0775
1779816506060,1,12.00000015,Lower Delivery,Loading,pitch.0,334634,-0.2539,-0.7382,1.0858,-0.104,0.0067,-0.0088,0.0,0.0
1779816506060,1,12.00000018,Upper Delivery,Loading,pitch.0,335190,1.1018,0.9342,0.4952,1.2801,-0.8107,1.6367,0.0,0.0
1779816506060,1,Pitching Mound.Delivery,,Loading,pitch.0,334394,0.848,0.196,1.581,1.377,-0.8039,2.0888,0.0,0.0
1779816506060,1,Pitching Mound.Drive,,Loading,pitch.0,334908,-0.8103,18.6443,91.9625,67.1002,-1.8561,21.9264,0.0021,0.0775
1779816506060,1,Pitching Mound.Parent,,Loading,pitch.0,334101,0.0377,18.8403,93.5435,68.4772,-2.66,24.0152,0.0021,0.0783
1779816506061,1,11.0000004b,Drive,Loading,pitch.0,334909,-0.8577,18.7453,92.1181,67.2496,-2.1329,21.9935,0.0025,0.0775
1779816506061,1,12.00000015,Lower Delivery,Loading,pitch.0,334635,-0.2474,-0.7168,0.9757,-0.1035,0.0156,-0.0109,0.0,0.0
1779816506061,1,12.00000018,Upper Delivery,Loading,pitch.0,335191,1.085,0.903,0.5348,1.3283,-0.8577,1.632,0.0,0.0
1779816506061,1,Pitching Mound.Delivery,,Loading,pitch.0,334395,0.8376,0.1863,1.5105,1.3747,-0.8421,2.0741,0.0,0.0
1779816506061,1,Pitching Mound.Drive,,Loading,pitch.0,334909,-0.8577,18.7453,92.1181,67.2496,-2.1329,21.9935,0.0025,0.0775
1779816506061,1,Pitching Mound.Parent,,Loading,pitch.0,334102,-0.0201,18.9315,93.6286,68.6243,-2.975,24.0676,0.0024,0.0779
1779816506062,1,11.0000004b,Drive,Loading,pitch.0,334910,-0.8964,18.836,92.2128,67.4213,-2.3561,22.0545,0.0027,0.0776
1779816506062,1,12.00000015,Lower Delivery,Loading,pitch.0,334636,-0.2618,-0.6796,0.899,-0.0963,0.0262,-0.0107,0.0,0.0
1779816506062,1,12.00000018,Upper Delivery,Loading,pitch.0,335192,1.101,0.9006,0.4688,1.367,-0.8989,1.6135,0.0,0.0
1779816506062,1,Pitching Mound.Delivery,,Loading,pitch.0,334396,0.8392,0.221,1.3678,1.417,-0.8727,2.0661,0.0,0.0
1779816506062,1,Pitching Mound.Drive,,Loading,pitch.0,334910,-0.8964,18.836,92.2128,67.4213,-2.3561,22.0545,0.0027,0.0776
1779816506062,1,Pitching Mound.Parent,,Loading,pitch.0,334103,-0.0572,19.0569,93.5806,68.8383,-3.2288,24.1206,0.0027,0.078
1779816506063,1,11.0000004b,Drive,Loading,pitch.0,334911,-0.9305,18.9278,92.3521,67.5923,-2.5284,22.1578,0.0029,0.0777
1779816506063,1,12.00000015,Lower Delivery,Loading,pitch.0,334637,-0.257,-0.7119,0.9327,-0.098,0.0249,-0.0076,0.0,0.0
1779816506063,1,12.00000018,Upper Delivery,Loading,pitch.0,335193,1.1117,0.8915,0.4406,1.3713,-1.008,1.6568,0.0,0.0
1779816506063,1,Pitching Mound.Delivery,,Loading,pitch.0,334397,0.8547,0.1796,1.3732,1.4406,-0.9831,2.1145,0.0,0.0
1779816506063,1,Pitching Mound.Drive,,Loading,pitch.0,334911,-0.9305,18.9278,92.3521,67.5923,-2.5284,22.1578,0.0029,0.0777
1779816506063,1,Pitching Mound.Parent,,Loading,pitch.0,334104,-0.0757,19.1074,93.7253,69.033,-3.5115,24.2723,0.0029,0.0783
1779816506064,1,11.0000004b,Drive,Loading,pitch.0,334912,-0.9531,18.9895,92.5591,67.715,-2.7193,22.2477,0.0031,0.0777
1779816506064,1,12.00000015,Lower Delivery,Loading,pitch.0,334638,-0.2595,-0.6427,0.8809,-0.0935,0.0231,-0.008,0.0,0.0
1779816506064,1,12.00000018,Upper Delivery,Loading,pitch.0,335194,1.0889,0.8392,0.4466,1.2561,-1.0547,1.6293,0.0,0.0
1779816506064,1,Pitching Mound.Delivery,,Loading,pitch.0,334398,0.8294,0.1965,1.3274,1.3103,-1.0316,2.0798,0.0,0.0
1779816506064,1,Pitching Mound.Drive,,Loading,pitch.0,334912,-0.9531,18.9895,92.5591,67.715,-2.7193,22.2477,0.0031,0.0777
1779816506064,1,Pitching Mound.Parent,,Loading,pitch.0,334105,-0.1237,19.1859,93.8865,69.0252,-3.7509,24.3275,0.0031,0.0781
1779816506065,1,11.0000004b,Drive,Loading,pitch.0,334913,-0.9835,19.0777,92.6621,67.9855,-2.9543,22.3207,0.0034,0.0779
1779816506065,1,12.00000015,Lower Delivery,Loading,pitch.0,334639,-0.255,-0.6598,0.8951,-0.092,0.027,-0.0047,0.0,0.0
1779816506065,1,12.00000018,Upper Delivery,Loading,pitch.0,335195,1.0858,0.865,0.4161,1.3034,-1.1172,1.6181,0.0,0.0
1779816506065,1,Pitching Mound.Delivery,,Loading,pitch.0,334399,0.8309,0.2052,1.3112,1.3742,-1.0902,2.0693,0.0,0.0
1779816506065,1,Pitching Mound.Drive,,Loading,pitch.0,334913,-0.9835,19.0777,92.6621,67.9855,-2.9543,22.3207,0.0034,0.0779
1779816506065,1,Pitching Mound.Parent,,Loading,pitch.0,334106,-0.1526,19.2828,93.9733,69.3597,-4.0445,24.39,0.0033,0.0785
1779816506066,1,11.0000004b,Drive,Loading,pitch.0,334914,-1.0142,19.157,92.8064,68.2041,-3.0769,22.391,0.0035,0.078
1779816506066,1,12.00000015,Lower Delivery,Loading,pitch.0,334640,-0.2783,-0.6589,0.9554,-0.0936,0.0143,-0.0068,0.0,0.0
1779816506066,1,12.00000018,Upper Delivery,Loading,pitch.0,335196,1.0993,0.8971,0.4489,1.3055,-1.0437,1.5897,0.0,0.0
1779816506066,1,Pitching Mound.Delivery,,Loading,pitch.0,334400,0.821,0.2382,1.4043,1.384,-1.0295,2.0513,0.0,0.0
1779816506066,1,Pitching Mound.Drive,,Loading,pitch.0,334914,-1.0142,19.157,92.8064,68.2041,-3.0769,22.391,0.0035,0.078
1779816506066,1,Pitching Mound.Parent,,Loading,pitch.0,334107,-0.1932,19.3952,94.2108,69.5882,-4.1063,24.4423,0.0035,0.0787
1779816506067,1,11.0000004b,Drive,Loading,pitch.0,334915,-1.0338,19.2238,93.0039,68.2769,-3.3597,22.4953,0.0038,0.0779
1779816506067,1,12.00000015,Lower Delivery,Loading,pitch.0,334641,-0.2925,-0.6989,0.9933,-0.0889,0.0172,-0.0064,0.0,0.0
1779816506067,1,12.00000018,Upper Delivery,Loading,pitch.0,335197,1.1116,0.9085,0.4683,1.2389,-1.0632,1.6152,0.0,0.0
1779816506067,1,Pitching Mound.Delivery,,Loading,pitch.0,334401,0.8191,0.2096,1.4616,1.3286,-1.046,2.0862,0.0,0.0
1779816506067,1,Pitching Mound.Drive,,Loading,pitch.0,334915,-1.0338,19.2238,93.0039,68.2769,-3.3597,22.4953,0.0038,0.0779
1779816506067,1,Pitching Mound.Parent,,Loading,pitch.0,334108,-0.2147,19.4334,94.4655,69.6054,-4.4056,24.5815,0.0038,0.0786
1779816506068,1,11.0000004b,Drive,Loading,pitch.0,334916,-1.0579,19.2941,93.0821,68.5201,-3.5134,22.5334,0.004,0.0781
1779816506068,1,12.00000015,Lower Delivery,Loading,pitch.0,334642,-0.2835,-0.7083,0.9846,-0.0922,0.0042,-0.001,0.0,0.0
1779816506068,1,12.00000018,Upper Delivery,Loading,pitch.0,335198,1.1104,0.9068,0.4084,1.1587,-0.9294,1.5817,0.0,0.0
1779816506068,1,Pitching Mound.Delivery,,Loading,pitch.0,334402,0.8269,0.1985,1.3929,1.2624,-0.9252,2.0546,0.0,0.0
1779816506068,1,Pitching Mound.Drive,,Loading,pitch.0,334916,-1.0579,19.2941,93.0821,68.5201,-3.5134,22.5334,0.004,0.0781
1779816506068,1,Pitching Mound.Parent,,Loading,pitch.0,334109,-0.231,19.4926,94.475,69.7825,-4.4386,24.588,0.0039,0.0791
1779816506069,1,11.0000004b,Drive,Loading,pitch.0,334917,-1.0699,19.3544,93.2901,68.7492,-3.664,22.6071,0.0042,0.0782
1779816506069,1,12.00000015,Lower Delivery,Loading,pitch.0,334643,-0.273,-0.723,1.0403,-0.0944,-0.0011,-0.0046,0.0,0.0
1779816506069,1,12.00000018,Upper Delivery,Loading,pitch.0,335199,1.1285,0.9046,0.3611,1.0809,-0.8587,1.561,0.0,0.0
1779816506069,1,Pitching Mound.Delivery,,Loading,pitch.0,334403,0.8555,0.1816,1.4014,1.2174,-0.8598,2.0329,0.0,0.0
1779816506069,1,Pitching Mound.Drive,,Loading,pitch.0,334917,-1.0699,19.3544,93.2901,68.7492,-3.664,22.6071,0.0042,0.0782
1779816506069,1,Pitching Mound.Parent,,Loading,pitch.0,334110,-0.2144,19.536,94.6915,69.9666,-4.5238,24.6399,0.0041,0.0795
1779816506070,1,11.0000004b,Drive,Loading,pitch.0,334918,-1.0879,19.4131,93.3814,68.9538,-3.819,22.6875,0.0043,0.0784
1779816506070,1,12.00000015,Lower Delivery,Loading,pitch.0,334644,-0.2602,-0.6986,1.055,-0.0971,-0.0009,-0.0093,0.0,0.0
1779816506070,1,12.00000018,Upper Delivery,Loading,pitch.0,335200,1.1191,0.9263,0.3007,1.1553,-0.6497,1.527,0.0,0.0
1779816506070,1,Pitching Mound.Delivery,,Loading,pitch.0,334404,0.8589,0.2277,1.3557,1.3146,-0.6506,1.9867,0.0,0.0
1779816506070,1,Pitching Mound.Drive,,Loading,pitch.0,334918,-1.0879,19.4131,93.3814,68.9538,-3.819,22.6875,0.0043,0.0784
1779816506070,1,Pitching Mound.Parent,,Loading,pitch.0,334111,-0.229,19.6408,94.7371,70.2684,-4.4696,24.6741,0.0043,0.08
1779816506071,1,11.0000004b,Drive,Loading,pitch.0,334919,-1.1053,19.4655,93.4373,69.1515,-3.924,22.7291,0.0045,0.0786
1779816506071,1,12.00000015,Lower Delivery,Loading,pitch.0,334645,-0.2717,-0.7084,0.9739,-0.0904,-0.0042,-0.0091,0.0,0.0
1779816506071,1,12.00000018,Upper Delivery,Loading,pitch.0,335201,1.0715,0.913,0.3755,0.9415,-0.4908,1.5541,0.0,0.0
1779816506071,1,Pitching Mound.Delivery,,Loading,pitch.0,334405,0.7998,0.2046,1.3493,1.0545,-0.4949,2.0017,0.0,0.0
1779816506071,1,Pitching Mound.Drive,,Loading,pitch.0,334919,-1.1053,19.4655,93.4373,69.1515,-3.924,22.7291,0.0045,0.0786
1779816506071,1,Pitching Mound.Parent,,Loading,pitch.0,334112,-0.3056,19.67,94.7867,70.206,-4.4189,24.7308,0.0044,0.0796
1779816506072,1,11.0000004b,Drive,Loading,pitch.0,334920,-1.0895,19.4984,93.5427,69.3073,-4.064,22.792,0.0046,0.0787
1779816506072,1,12.00000015,Lower Delivery,Loading,pitch.0,334646,-0.2778,-0.6859,0.9356,-0.0986,-0.0053,-0.0098,0.0,0.0
1779816506072,1,12.00000018,Upper Delivery,Loading,pitch.0,335202,1.0568,0.9202,0.3849,0.9492,-0.4389,1.5025,0.0,0.0
1779816506072,1,Pitching Mound.Delivery,,Loading,pitch.0,334406,0.779,0.2343,1.3205,1.0379,-0.4442,1.9464,0.0,0.0
1779816506072,1,Pitching Mound.Drive,,Loading,pitch.0,334920,-1.0895,19.4984,93.5427,69.3073,-4.064,22.792,0.0046,0.0787
1779816506072,1,Pitching Mound.Parent,,Loading,pitch.0,334113,-0.3105,19.7327,94.8633,70.3451,-4.5082,24.7384,0.0045,0.0795
1779816506073,1,11.0000004b,Drive,Loading,pitch.0,334921,-1.0935,19.5435,93.5834,69.461,-4.2567,22.8145,0.0048,0.0788
1779816506073,1,12.00000018,Upper Delivery,Loading,pitch.0,335203,1.0386,0.9318,0.4724,0.9237,-0.477,1.5026,0.0,0.0
1779816506073,1,Pitching Mound.Drive,,Loading,pitch.0,334921,-1.0935,19.5435,93.5834,69.461,-4.2567,22.8145,0.0048,0.0788
1779816506074,1,11.0000004b,Drive,Loading,pitch.0,334922,-1.0959,19.5857,93.6451,69.67,-4.3978,22.8279,0.005,0.079
1779816506074,1,12.00000015,Lower Delivery,Loading,pitch.0,334647,-0.2729,-0.6872,0.9442,-0.0953,-0.0067,-0.0085,0.0,0.0
1779816506074,1,12.00000015,Lower Delivery,Loading,pitch.0,334648,-0.27,-0.6856,0.9545,-0.1015,-0.0077,-0.0126,0.0,0.0
1779816506074,1,12.00000018,Upper Delivery,Loading,pitch.0,335204,1.0435,1.0111,0.5499,0.8576,-0.2769,1.5373,0.0,0.0
1779816506074,1,Pitching Mound.Delivery,,Loading,pitch.0,334408,0.7735,0.3255,1.5044,0.8936,-0.2845,1.9713,0.0,0.0
1779816506074,1,Pitching Mound.Delivery,,Loading,pitch.0,334407,0.7657,0.2446,1.4165,0.9888,-0.4837,1.94,0.0,0.0
1779816506074,1,Pitching Mound.Drive,,Loading,pitch.0,334922,-1.0959,19.5857,93.6451,69.67,-4.3978,22.8279,0.005,0.079
1779816506074,1,Pitching Mound.Parent,,Loading,pitch.0,334115,-0.3224,19.9112,95.1496,70.5636,-4.6824,24.7993,0.0049,0.0792
1779816506074,1,Pitching Mound.Parent,,Loading,pitch.0,334114,-0.3278,19.7881,95.0,70.4498,-4.7404,24.7545,0.0048,0.0793
1779816506075,1,11.0000004b,Drive,Loading,pitch.0,334923,-1.1046,19.645,93.6364,69.8846,-4.5609,22.8834,0.0052,0.0792
1779816506075,1,12.00000015,Lower Delivery,Loading,pitch.0,334649,-0.2725,-0.7205,1.0181,-0.1,-0.0107,-0.0112,0.0,0.0
1779816506075,1,12.00000018,Upper Delivery,Loading,pitch.0,335205,1.0633,1.0428,0.549,0.89,-0.2769,1.4921,0.0,0.0
1779816506075,1,Pitching Mound.Delivery,,Loading,pitch.0,334409,0.7907,0.3224,1.5671,0.9494,-0.2876,1.9351,0.0,0.0
1779816506075,1,Pitching Mound.Drive,,Loading,pitch.0,334923,-1.1046,19.645,93.6364,69.8846,-4.5609,22.8834,0.0052,0.0792
1779816506075,1,Pitching Mound.Parent,,Loading,pitch.0,334116,-0.3138,19.9674,95.2035,70.834,-4.8485,24.8185,0.0051,0.0796
1779816506076,1,11.0000004b,Drive,Loading,pitch.0,334924,-1.1054,19.6711,93.6285,70.0327,-4.6011,22.9271,0.0052,0.0794
1779816506076,1,12.00000015,Lower Delivery,Loading,pitch.0,334650,-0.2555,-0.7197,1.1472,-0.0919,-0.006,-0.0091,0.0,0.0
1779816506076,1,12.00000018,Upper Delivery,Loading,pitch.0,335206,1.1062,0.9886,0.3768,0.866,-0.3071,1.5569,0.0,0.0
1779816506076,1,Pitching Mound.Delivery,,Loading,pitch.0,334410,0.8507,0.269,1.5241,1.036,-0.3131,2.0108,0.0,0.0
1779816506076,1,Pitching Mound.Drive,,Loading,pitch.0,334924,-1.1054,19.6711,93.6285,70.0327,-4.6011,22.9271,0.0052,0.0794
1779816506076,1,Pitching Mound.Parent,,Loading,pitch.0,334117,-0.2548,19.94,95.1526,71.0687,-4.9143,24.9379,0.0051,0.0809
1779816506077,1,11.0000004b,Drive,Loading,pitch.0,334925,-1.1095,19.7182,93.6921,70.1637,-4.7116,22.9388,0.0053,0.0795
1779816506077,1,12.00000015,Lower Delivery,Loading,pitch.0,334651,-0.2437,-0.7034,1.1364,-0.093,-0.0065,-0.0171,0.0,0.0
1779816506077,1,12.00000018,Upper Delivery,Loading,pitch.0,335207,1.0821,0.9932,0.3992,0.9143,-0.2456,1.5332,0.0,0.0
1779816506077,1,Pitching Mound.Delivery,,Loading,pitch.0,334411,0.8384,0.2898,1.5356,1.072,-0.2522,1.9669,0.0,0.0
1779816506077,1,Pitching Mound.Drive,,Loading,pitch.0,334925,-1.1095,19.7182,93.6921,70.1637,-4.7116,22.9388,0.0053,0.0795
1779816506077,1,Pitching Mound.Parent,,Loading,pitch.0,334118,-0.2711,20.008,95.2277,71.2357,-4.9637,24.9057,0.0053,0.0809
1779816506078,1,11.0000004b,Drive,Loading,pitch.0,334926,-1.1001,19.7628,93.6974,70.4125,-4.9783,23.0103,0.0056,0.0798
1779816506078,1,12.00000015,Lower Delivery,Loading,pitch.0,334652,-0.2431,-0.6891,1.2566,-0.0961,-0.0131,-0.0167,0.0,0.0
1779816506078,1,12.00000018,Upper Delivery,Loading,pitch.0,335208,1.0583,1.0134,0.3772,0.9586,-0.2937,1.5452,0.0,0.0
1779816506078,1,Pitching Mound.Delivery,,Loading,pitch.0,334412,0.8152,0.3242,1.6338,1.1615,-0.3068,1.971,0.0,0.0
1779816506078,1,Pitching Mound.Drive,,Loading,pitch.0,334926,-1.1001,19.7628,93.6974,70.4125,-4.9783,23.0103,0.0056,0.0798
1779816506078,1,Pitching Mound.Parent,,Loading,pitch.0,334119,-0.2848,20.0871,95.3312,71.574,-5.2851,24.9813,0.0055,0.0815
1779816506079,1,11.0000004b,Drive,Loading,pitch.0,334927,-1.0902,19.8051,93.7794,70.5858,-5.1382,23.0168,0.0058,0.0799
1779816506079,1,12.00000015,Lower Delivery,Loading,pitch.0,334653,-0.2401,-0.6835,1.3021,-0.0889,-0.0068,-0.019,0.0,0.0
1779816506079,1,12.00000018,Upper Delivery,Loading,pitch.0,335209,1.0913,0.9908,0.3337,0.9794,-0.4166,1.5828,0.0,0.0
1779816506079,1,Pitching Mound.Delivery,,Loading,pitch.0,334413,0.8512,0.3074,1.6359,1.2197,-0.4234,2.0165,0.0,0.0
1779816506079,1,Pitching Mound.Drive,,Loading,pitch.0,334927,-1.0902,19.8051,93.7794,70.5858,-5.1382,23.0168,0.0058,0.0799
1779816506079,1,Pitching Mound.Parent,,Loading,pitch.0,334120,-0.2391,20.1124,95.4152,71.8055,-5.5616,25.0333,0.0057,0.082
1779816506080,1,11.0000004b,Drive,Loading,pitch.0,334928,-1.0754,19.871,93.7377,70.8201,-5.6995,23.0698,0.0065,0.0802
1779816506080,1,12.00000015,Lower Delivery,Loading,pitch.0,334654,-0.2212,-0.6925,1.3378,-0.0897,-0.0135,-0.0132,0.0,0.0
1779816506080,1,12.00000018,Upper Delivery,Loading,pitch.0,335210,1.1063,1.0852,0.4476,1.0847,-0.6099,1.5764,0.0,0.0
1779816506080,1,Pitching Mound.Delivery,,Loading,pitch.0,334414,0.8851,0.3927,1.7853,1.2977,-0.6234,2.0145,0.0,0.0
1779816506080,1,Pitching Mound.Drive,,Loading,pitch.0,334928,-1.0754,19.871,93.7377,70.8201,-5.6995,23.0698,0.0065,0.0802
1779816506080,1,Pitching Mound.Parent,,Loading,pitch.0,334121,-0.1903,20.2637,95.523,72.1178,-6.3229,25.0844,0.0063,0.0819
1779816506081,1,11.0000004b,Drive,Loading,pitch.0,334929,-1.0751,19.9223,93.7977,71.0091,-5.931,23.1003,0.0067,0.0804
1779816506081,1,12.00000015,Lower Delivery,Loading,pitch.0,334655,-0.2131,-0.6822,1.2961,-0.0953,-0.0171,-0.0155,0.0,0.0
1779816506081,1,12.00000018,Upper Delivery,Loading,pitch.0,335211,1.0803,1.0801,0.488,1.1465,-0.661,1.626,0.0,0.0
1779816506081,1,Pitching Mound.Delivery,,Loading,pitch.0,334415,0.8671,0.3979,1.7841,1.326,-0.678,2.0502,0.0,0.0
1779816506081,1,Pitching Mound.Drive,,Loading,pitch.0,334929,-1.0751,19.9223,93.7977,71.0091,-5.931,23.1003,0.0067,0.0804
1779816506081,1,Pitching Mound.Parent,,Loading,pitch.0,334122,-0.208,20.3202,95.5818,72.3351,-6.6091,25.1505,0.0066,0.0817
1779816506082,1,11.0000004b,Drive,Loading,pitch.0,334930,-1.0896,19.9955,93.8374,71.2051,-6.0276,23.1605,0.0068,0.0806
1779816506082,1,12.00000015,Lower Delivery,Loading,pitch.0,334656,-0.2155,-0.6674,1.2268,-0.1012,-0.0327,-0.013,0.0,0.0
1779816506082,1,12.00000018,Upper Delivery,Loading,pitch.0,335212,1.127,1.0898,0.4048,1.1789,-0.7199,1.6447,0.0,0.0
1779816506082,1,Pitching Mound.Delivery,,Loading,pitch.0,334416,0.9115,0.4224,1.6316,1.3572,-0.7526,2.0882,0.0,0.0
1779816506082,1,Pitching Mound.Drive,,Loading,pitch.0,334930,-1.0896,19.9955,93.8374,71.2051,-6.0276,23.1605,0.0068,0.0806
1779816506082,1,Pitching Mound.Parent,,Loading,pitch.0,334123,-0.178,20.4178,95.469,72.5623,-6.7802,25.2487,0.0067,0.0821
1779816506083,1,11.0000004b,Drive,Loading,pitch.0,334931,-1.0905,20.0568,93.9714,71.3938,-6.3789,23.2089,0.0072,0.0807
1779816506083,1,12.00000015,Lower Delivery,Loading,pitch.0,334657,-0.2057,-0.6725,1.2155,-0.1118,-0.0354,-0.0191,0.0,0.0
1779816506083,1,12.00000018,Upper Delivery,Loading,pitch.0,335213,1.1287,1.0212,0.3706,1.4452,-0.8382,1.6954,0.0,0.0
1779816506083,1,Pitching Mound.Delivery,,Loading,pitch.0,334417,0.923,0.3487,1.586,1.6207,-0.8736,2.13,0.0,0.0
1779816506083,1,Pitching Mound.Drive,,Loading,pitch.0,334931,-1.0905,20.0568,93.9714,71.3938,-6.3789,23.2089,0.0072,0.0807
1779816506083,1,Pitching Mound.Parent,,Loading,pitch.0,334124,-0.1675,20.4056,95.5574,73.0145,-7.2524,25.3389,0.0071,0.0823
1779816506084,1,11.0000004b,Drive,Loading,pitch.0,334932,-1.0781,20.1161,94.0724,71.5732,-6.6639,23.2985,0.0075,0.0808
1779816506084,1,12.00000015,Lower Delivery,Loading,pitch.0,334658,-0.2118,-0.6731,1.2938,-0.1055,-0.0242,-0.017,0.0,0.0
1779816506084,1,12.00000018,Upper Delivery,Loading,pitch.0,335214,1.1451,0.9958,0.4004,1.4494,-0.7484,1.6661,0.0,0.0
1779816506084,1,Pitching Mound.Delivery,,Loading,pitch.0,334418,0.9333,0.3228,1.6942,1.6477,-0.7726,2.1105,0.0,0.0
1779816506084,1,Pitching Mound.Drive,,Loading,pitch.0,334932,-1.0781,20.1161,94.0724,71.5732,-6.6639,23.2985,0.0075,0.0808
1779816506084,1,Pitching Mound.Parent,,Loading,pitch.0,334125,-0.1448,20.4388,95.7667,73.2209,-7.4365,25.4089,0.0074,0.0825
1779816506085,1,11.0000004b,Drive,Loading,pitch.0,334933,-1.0856,20.1787,94.1237,71.7649,-6.998,23.3298,0.0079,0.0809
1779816506085,1,12.00000015,Lower Delivery,Loading,pitch.0,334659,-0.2043,-0.6615,1.2399,-0.1014,-0.0212,-0.0161,0.0,0.0
1779816506085,1,12.00000018,Upper Delivery,Loading,pitch.0,335215,1.1258,1.0158,0.4658,1.4131,-0.7054,1.6777,0.0,0.0
1779816506085,1,Pitching Mound.Delivery,,Loading,pitch.0,334419,0.9215,0.3542,1.7056,1.575,-0.7266,2.1139,0.0,0.0
1779816506085,1,Pitching Mound.Drive,,Loading,pitch.0,334933,-1.0856,20.1787,94.1237,71.7649,-6.998,23.3298,0.0079,0.0809
1779816506085,1,Pitching Mound.Parent,,Loading,pitch.0,334126,-0.1641,20.533,95.8294,73.3399,-7.7246,25.4437,0.0078,0.0822
1779816506086,1,11.0000004b,Drive,Loading,pitch.0,334934,-1.0683,20.2459,94.1892,71.9555,-7.2595,23.4003,0.0082,0.0811
1779816506086,1,12.00000015,Lower Delivery,Loading,pitch.0,334660,-0.1973,-0.6348,1.2151,-0.0966,-0.0183,-0.0148,0.0,0.0
1779816506086,1,12.00000018,Upper Delivery,Loading,pitch.0,335216,1.1173,1.0102,0.5114,1.4778,-0.7322,1.6651,0.0,0.0
1779816506086,1,Pitching Mound.Delivery,,Loading,pitch.0,334420,0.92,0.3754,1.7265,1.6205,-0.7504,2.0973,0.0,0.0
1779816506086,1,Pitching Mound.Drive,,Loading,pitch.0,334934,-1.0683,20.2459,94.1892,71.9555,-7.2595,23.4003,0.0082,0.0811
1779816506086,1,Pitching Mound.Parent,,Loading,pitch.0,334127,-0.1483,20.6214,95.9157,73.5759,-8.01,25.4976,0.008,0.0821
1779816506087,1,11.0000004b,Drive,Loading,pitch.0,334935,-1.0742,20.2914,94.3548,72.0722,-7.6326,23.4524,0.0086,0.0811
1779816506087,1,12.00000015,Lower Delivery,Loading,pitch.0,334661,-0.216,-0.6626,1.2032,-0.0979,-0.0075,-0.0151,0.0,0.0
1779816506087,1,12.00000018,Upper Delivery,Loading,pitch.0,335217,1.0762,1.0107,0.5684,1.6027,-0.8734,1.6225,0.0,0.0
1779816506087,1,Pitching Mound.Delivery,,Loading,pitch.0,334421,0.8603,0.3481,1.7716,1.7206,-0.8808,2.0467,0.0,0.0
1779816506087,1,Pitching Mound.Drive,,Loading,pitch.0,334935,-1.0742,20.2914,94.3548,72.0722,-7.6326,23.4524,0.0086,0.0811
1779816506087,1,Pitching Mound.Parent,,Loading,pitch.0,334128,-0.2139,20.6394,96.1264,73.7928,-8.5135,25.4991,0.0084,0.0818
1779816506088,1,11.0000004b,Drive,Loading,pitch.0,334936,-1.0696,20.3471,94.4356,72.2707,-7.9286,23.5152,0.0089,0.0812
1779816506088,1,12.00000015,Lower Delivery,Loading,pitch.0,334662,-0.2324,-0.6787,1.0896,-0.0858,0.0097,-0.0065,0.0,0.0
1779816506088,1,12.00000018,Upper Delivery,Loading,pitch.0,335218,1.0695,1.0128,0.6431,1.5106,-0.8864,1.6846,0.0,0.0
1779816506088,1,Pitching Mound.Delivery,,Loading,pitch.0,334422,0.8371,0.3341,1.7327,1.5766,-0.8766,2.1207,0.0,0.0
1779816506088,1,Pitching Mound.Drive,,Loading,pitch.0,334936,-1.0696,20.3471,94.4356,72.2707,-7.9286,23.5152,0.0089,0.0812
1779816506088,1,Pitching Mound.Parent,,Loading,pitch.0,334129,-0.2325,20.6812,96.1683,73.8473,-8.8052,25.6359,0.0088,0.0814
1779816506089,1,11.0000004b,Drive,Loading,pitch.0,334937,-1.0652,20.3947,94.5453,72.4512,-8.0931,23.5528,0.0091,0.0814
1779816506089,1,12.00000015,Lower Delivery,Loading,pitch.0,334663,-0.228,-0.6754,1.0787,-0.0993,0.0011,-0.0157,0.0,0.0
1779816506089,1,12.00000018,Upper Delivery,Loading,pitch.0,335219,1.1098,1.0003,0.6327,1.5711,-1.0578,1.6206,0.0,0.0
1779816506089,1,Pitching Mound.Delivery,,Loading,pitch.0,334423,0.8818,0.3249,1.7114,1.6233,-1.0567,2.0597,0.0,0.0
1779816506089,1,Pitching Mound.Drive,,Loading,pitch.0,334937,-1.0652,20.3947,94.5453,72.4512,-8.0931,23.5528,0.0091,0.0814
1779816506089,1,Pitching Mound.Parent,,Loading,pitch.0,334130,-0.1834,20.7196,96.2567,74.0745,-9.1498,25.6125,0.0089,0.0815
1779816506090,1,11.0000004b,Drive,Loading,pitch.0,334938,-1.0729,20.4428,94.5537,72.5744,-8.2033,23.6011,0.0092,0.0815
1779816506090,1,12.00000015,Lower Delivery,Loading,pitch.0,334664,-0.2331,-0.6665,1.0513,-0.0891,0.0119,-0.019,0.0,0.0
1779816506090,1,12.00000018,Upper Delivery,Loading,pitch.0,335220,1.1303,1.0122,0.6161,1.3856,-0.8964,1.6474,0.0,0.0
1779816506090,1,Pitching Mound.Delivery,,Loading,pitch.0,334424,0.8972,0.3456,1.6674,1.4446,-0.8845,2.092,0.0,0.0
1779816506090,1,Pitching Mound.Drive,,Loading,pitch.0,334938,-1.0729,20.4428,94.5537,72.5744,-8.2033,23.6011,0.0092,0.0815
1779816506090,1,Pitching Mound.Parent,,Loading,pitch.0,334131,-0.1758,20.7884,96.221,74.0189,-9.0878,25.6931,0.0091,0.0816
1779816506091,1,11.0000004b,Drive,Loading,pitch.0,334939,-1.083,20.4883,94.7048,72.765,-8.2255,23.6895,0.0092,0.0816
1779816506091,1,12.00000015,Lower Delivery,Loading,pitch.0,334665,-0.2439,-0.6736,1.0384,-0.0847,0.0134,-0.019,0.0,0.0
1779816506091,1,12.00000018,Upper Delivery,Loading,pitch.0,335221,1.1444,1.0249,0.5921,1.3457,-0.8916,1.6871,0.0,0.0
1779816506091,1,Pitching Mound.Delivery,,Loading,pitch.0,334425,0.9006,0.3513,1.6305,1.4127,-0.8782,2.1401,0.0,0.0
1779816506091,1,Pitching Mound.Drive,,Loading,pitch.0,334939,-1.083,20.4883,94.7048,72.765,-8.2255,23.6895,0.0092,0.0816
1779816506091,1,Pitching Mound.Parent,,Loading,pitch.0,334132,-0.1824,20.8396,96.3353,74.1777,-9.1037,25.8296,0.0091,0.0818
1779816506092,1,11.0000004b,Drive,Loading,pitch.0,334940,-1.0931,20.5311,94.7915,72.9804,-8.351,23.7546,0.0094,0.0817
1779816506092,1,12.00000015,Lower Delivery,Loading,pitch.0,334666,-0.2346,-0.6641,0.9921,-0.0794,0.0073,-0.0205,0.0,0.0
1779816506092,1,12.00000018,Upper Delivery,Loading,pitch.0,335222,1.1777,1.0008,0.4881,1.3599,-1.0393,1.6737,0.0,0.0
1779816506092,1,Pitching Mound.Delivery,,Loading,pitch.0,334426,0.9431,0.3368,1.4802,1.4519,-1.032,2.1334,0.0,0.0
1779816506092,1,Pitching Mound.Drive,,Loading,pitch.0,334940,-1.0931,20.5311,94.7915,72.9804,-8.351,23.7546,0.0094,0.0817
1779816506092,1,Pitching Mound.Parent,,Loading,pitch.0,334133,-0.1501,20.8678,96.2716,74.4323,-9.383,25.888,0.0092,0.0823
1779816506093,1,11.0000004b,Drive,Loading,pitch.0,334941,-1.0963,20.5832,94.9563,73.1346,-8.5871,23.8348,0.0096,0.0818
1779816506093,1,12.00000015,Lower Delivery,Loading,pitch.0,334667,-0.2448,-0.668,1.0057,-0.081,0.0084,-0.02,0.0,0.0
1779816506093,1,12.00000018,Upper Delivery,Loading,pitch.0,335223,1.1796,1.0315,0.5451,1.4144,-0.6531,1.6614,0.0,0.0
1779816506093,1,Pitching Mound.Delivery,,Loading,pitch.0,334427,0.9348,0.3635,1.5508,1.4901,-0.6447,2.1257,0.0,0.0
1779816506093,1,Pitching Mound.Drive,,Loading,pitch.0,334941,-1.0963,20.5832,94.9563,73.1346,-8.5871,23.8348,0.0096,0.0818
1779816506093,1,Pitching Mound.Parent,,Loading,pitch.0,334134,-0.1615,20.9467,96.5071,74.6247,-9.2317,25.9605,0.0094,0.0821
1779816506094,1,11.0000004b,Drive,Loading,pitch.0,334942,-1.0952,20.6389,95.1089,73.3224,-8.9079,23.8922,0.0099,0.0818
1779816506094,1,12.00000015,Lower Delivery,Loading,pitch.0,334668,-0.2367,-0.6652,0.9681,-0.0758,-0.0084,-0.0168,0.0,0.0
1779816506094,1,12.00000018,Upper Delivery,Loading,pitch.0,335224,1.185,1.1188,0.5977,1.236,-0.6871,1.6907,0.0,0.0
1779816506094,1,Pitching Mound.Delivery,,Loading,pitch.0,334428,0.9483,0.4536,1.5658,1.2861,-0.6954,2.1573,0.0,0.0
1779816506094,1,Pitching Mound.Drive,,Loading,pitch.0,334942,-1.0952,20.6389,95.1089,73.3224,-8.9079,23.8922,0.0099,0.0818
1779816506094,1,Pitching Mound.Parent,,Loading,pitch.0,334135,-0.1469,21.0925,96.6747,74.6086,-9.6034,26.0495,0.0098,0.0818
1779816506095,1,11.0000004b,Drive,Loading,pitch.0,334943,-1.1263,20.7027,95.2545,73.5458,-9.025,23.9444,0.0101,0.082
1779816506095,1,12.00000015,Lower Delivery,Loading,pitch.0,334669,-0.2489,-0.6687,1.076,-0.0723,-0.0057,-0.0099,0.0,0.0
1779816506095,1,12.00000018,Upper Delivery,Loading,pitch.0,335225,1.1984,1.0921,0.4989,1.2238,-0.7249,1.71,0.0,0.0
1779816506095,1,Pitching Mound.Delivery,,Loading,pitch.0,334429,0.9495,0.4234,1.575,1.3477,-0.7306,2.1922,0.0,0.0
1779816506095,1,Pitching Mound.Drive,,Loading,pitch.0,334943,-1.1263,20.7027,95.2545,73.5458,-9.025,23.9444,0.0101,0.082
1779816506095,1,Pitching Mound.Parent,,Loading,pitch.0,334136,-0.1768,21.1261,96.8295,74.8935,-9.7556,26.1366,0.0099,0.0827
1779816506096,1,11.0000004b,Drive,Loading,pitch.0,334944,-1.1302,20.7617,95.437,73.7735,-9.045,24.0186,0.0101,0.0821
1779816506096,1,12.00000015,Lower Delivery,Loading,pitch.0,334670,-0.2395,-0.6825,1.1073,-0.0728,-0.0059,-0.0118,0.0,0.0
1779816506096,1,12.00000018,Upper Delivery,Loading,pitch.0,335226,1.1683,1.0512,0.4949,1.1914,-0.7532,1.6879,0.0,0.0
1779816506096,1,Pitching Mound.Delivery,,Loading,pitch.0,334430,0.9288,0.3688,1.6022,1.3269,-0.7591,2.1547,0.0,0.0
1779816506096,1,Pitching Mound.Drive,,Loading,pitch.0,334944,-1.1302,20.7617,95.437,73.7735,-9.045,24.0186,0.0101,0.0821
1779816506096,1,Pitching Mound.Parent,,Loading,pitch.0,334137,-0.2014,21.1305,97.0391,75.1004,-9.8041,26.1733,0.0099,0.0829
1779816506097,1,11.0000004b,Drive,Loading,pitch.0,334945,-1.1454,20.8316,95.5089,73.9628,-9.2155,24.1027,0.0102,0.0822
1779816506097,1,11.0000004b,Drive,Loading,pitch.0,334946,-1.1865,20.9048,95.6519,74.201,-9.2809,24.1584,0.0103,0.0824
1779816506097,1,12.00000015,Lower Delivery,Loading,pitch.0,334671,-0.2425,-0.7018,1.1391,-0.0706,-0.0068,-0.0077,0.0,0.0
1779816506097,1,12.00000018,Upper Delivery,Loading,pitch.0,335227,1.1645,1.094,0.5851,1.3268,-0.7767,1.7042,0.0,0.0
1779816506097,1,Pitching Mound.Delivery,,Loading,pitch.0,334431,0.922,0.3922,1.7242,1.4445,-0.7835,2.1748,0.0,0.0
1779816506097,1,Pitching Mound.Drive,,Loading,pitch.0,334945,-1.1454,20.8316,95.5089,73.9628,-9.2155,24.1027,0.0102,0.0822
1779816506097,1,Pitching Mound.Drive,,Loading,pitch.0,334946,-1.1865,20.9048,95.6519,74.201,-9.2809,24.1584,0.0103,0.0824
1779816506097,1,Pitching Mound.Parent,,Loading,pitch.0,334138,-0.2234,21.2238,97.2331,75.4074,-9.999,26.2776,0.0101,0.0827
1779816506098,1,11.0000004b,Drive,Loading,pitch.0,334947,-1.2034,20.9731,95.7833,74.3295,-9.4251,24.2247,0.0104,0.0824
1779816506098,1,12.00000015,Lower Delivery,Loading,pitch.0,334672,-0.2485,-0.7131,1.2674,-0.0573,0.0076,0.0056,0.0,0.0
1779816506098,1,12.00000018,Upper Delivery,Loading,pitch.0,335228,1.1849,1.1274,0.6198,1.2367,-0.6038,1.7314,0.0,0.0
1779816506098,1,Pitching Mound.Delivery,,Loading,pitch.0,334432,0.9364,0.4144,1.8872,1.3996,-0.5962,2.2243,0.0,0.0
1779816506098,1,Pitching Mound.Drive,,Loading,pitch.0,334947,-1.2034,20.9731,95.7833,74.3295,-9.4251,24.2247,0.0104,0.0824
1779816506098,1,Pitching Mound.Parent,,Loading,pitch.0,334139,-0.2501,21.3192,97.539,75.6006,-9.8771,26.3827,0.0101,0.083
1779816506099,1,12.00000015,Lower Delivery,Loading,pitch.0,334673,-0.2568,-0.7114,1.3153,-0.0596,0.0069,0.004,0.0,0.0
1779816506099,1,12.00000018,Upper Delivery,Loading,pitch.0,335229,1.1818,1.1172,0.6097,1.303,-0.7273,1.7059,0.0,0.0
1779816506099,1,Pitching Mound.Delivery,,Loading,pitch.0,334433,0.9251,0.4058,1.9251,1.4833,-0.7204,2.199,0.0,0.0
1779816506099,1,Pitching Mound.Parent,,Loading,pitch.0,334140,-0.2783,21.3789,97.7084,75.8128,-10.1455,26.4237,0.0102,0.0832
1779816506100,1,11.0000004b,Drive,Loading,pitch.0,334948,-1.2319,21.0566,95.9658,74.5329,-9.5126,24.2891,0.0105,0.0825
1779816506100,1,11.0000004b,Drive,Loading,pitch.0,334949,-1.2415,21.1144,96.0941,74.6805,-9.6751,24.3672,0.0107,0.0825
1779816506100,1,12.00000015,Lower Delivery,Loading,pitch.0,334674,-0.2416,-0.7333,1.4544,-0.0472,0.0148,0.0452,0.0,0.0
1779816506100,1,12.00000018,Upper Delivery,Loading,pitch.0,335230,1.1929,1.146,0.6606,1.3917,-0.5338,1.7191,0.0,0.0
1779816506100,1,Pitching Mound.Delivery,,Loading,pitch.0,334434,0.9513,0.4127,2.115,1.6144,-0.519,2.2521,0.0,0.0
1779816506100,1,Pitching Mound.Drive,,Loading,pitch.0,334948,-1.2319,21.0566,95.9658,74.5329,-9.5126,24.2891,0.0105,0.0825
1779816506100,1,Pitching Mound.Drive,,Loading,pitch.0,334949,-1.2415,21.1144,96.0941,74.6805,-9.6751,24.3672,0.0107,0.0825
1779816506100,1,Pitching Mound.Parent,,Loading,pitch.0,334141,-0.2806,21.4694,98.0808,76.1473,-10.0316,26.5412,0.0103,0.0834
1779816506101,1,11.0000004b,Drive,Loading,pitch.0,334950,-1.2565,21.1893,96.2475,74.9217,-9.8113,24.4225,0.0108,0.0826
1779816506101,1,12.00000015,Lower Delivery,Loading,pitch.0,334675,-0.2402,-0.7407,1.4854,-0.0511,0.0101,0.0493,0.0,0.0
1779816506101,1,12.00000018,Upper Delivery,Loading,pitch.0,335231,1.1731,1.1436,0.6576,1.2908,-0.5956,1.7074,0.0,0.0
1779816506101,1,Pitching Mound.Delivery,,Loading,pitch.0,334435,0.9329,0.4029,2.1431,1.5211,-0.5854,2.2372,0.0,0.0
1779816506101,1,Pitching Mound.Drive,,Loading,pitch.0,334950,-1.2565,21.1893,96.2475,74.9217,-9.8113,24.4225,0.0108,0.0826
1779816506101,1,Pitching Mound.Parent,,Loading,pitch.0,334142,-0.3086,21.5174,98.2371,76.2016,-10.2606,26.6043,0.0105,0.0836
1779816506102,1,11.0000004b,Drive,Loading,pitch.0,334951,-1.2793,21.275,96.3374,75.0966,-9.9075,24.5376,0.0109,0.0828
1779816506102,1,12.00000015,Lower Delivery,Loading,pitch.0,334676,-0.2147,-0.7432,1.5519,-0.0432,0.0033,0.0971,0.0,0.0
1779816506102,1,12.00000018,Upper Delivery,Loading,pitch.0,335232,1.1784,1.1544,0.6257,1.2315,-0.4999,1.6649,0.0,0.0
1779816506102,1,Pitching Mound.Delivery,,Loading,pitch.0,334436,0.9637,0.4112,2.1776,1.5033,-0.4966,2.2357,0.0,0.0
1779816506102,1,Pitching Mound.Drive,,Loading,pitch.0,334951,-1.2793,21.275,96.3374,75.0966,-9.9075,24.5376,0.0109,0.0828
1779816506102,1,Pitching Mound.Parent,,Loading,pitch.0,334143,-0.2928,21.6005,98.4251,76.4249,-10.3079,26.6582,0.0106,0.084
1779816506103,1,11.0000004b,Drive,Loading,pitch.0,334952,-1.2945,21.3446,96.508,75.3154,-10.075,24.639,0.0111,0.0828
1779816506103,1,12.00000015,Lower Delivery,Loading,pitch.0,334677,-0.2315,-0.749,1.4493,-0.0534,0.0165,0.0212,0.0,0.0
1779816506103,1,12.00000018,Upper Delivery,Loading,pitch.0,335233,1.1529,1.1759,0.7026,1.387,-0.4768,1.6864,0.0,0.0
1779816506103,1,Pitching Mound.Delivery,,Loading,pitch.0,334437,0.9214,0.4269,2.1519,1.5875,-0.4603,2.1782,0.0,0.0
1779816506103,1,Pitching Mound.Drive,,Loading,pitch.0,334952,-1.2945,21.3446,96.508,75.3154,-10.075,24.639,0.0111,0.0828
1779816506103,1,Pitching Mound.Parent,,Loading,pitch.0,334144,-0.3579,21.7019,98.4892,76.6842,-10.3679,26.7158,0.0107,0.0835
1779816506104,1,11.0000004b,Drive,Loading,pitch.0,334953,-1.3216,21.4349,96.628,75.5933,-10.345,24.7391,0.0114,0.0831
1779816506104,1,12.00000015,Lower Delivery,Loading,pitch.0,334678,-0.2257,-0.7513,1.4441,-0.0603,0.0172,0.0151,0.0,0.0
1779816506104,1,12.00000018,Upper Delivery,Loading,pitch.0,335234,1.1172,1.1326,0.6406,1.2011,-0.3402,1.7122,0.0,0.0
1779816506104,1,Pitching Mound.Delivery,,Loading,pitch.0,334438,0.8915,0.3813,2.0848,1.414,-0.323,2.184,0.0,0.0
1779816506104,1,Pitching Mound.Drive,,Loading,pitch.0,334953,-1.3216,21.4349,96.628,75.5933,-10.345,24.7391,0.0114,0.0831
1779816506104,1,Pitching Mound.Parent,,Loading,pitch.0,334145,-0.4031,21.7259,98.5928,76.7293,-10.398,26.823,0.0108,0.0839
1779816506105,1,12.00000015,Lower Delivery,Loading,pitch.0,334679,-0.2297,-0.753,1.4264,-0.0554,0.0289,0.0133,0.0,0.0
1779816506105,1,12.00000018,Upper Delivery,Loading,pitch.0,335235,1.1172,1.1551,0.6936,1.2792,-0.411,1.714,0.0,0.0
1779816506105,1,Pitching Mound.Delivery,,Loading,pitch.0,334439,0.8875,0.4021,2.12,1.473,-0.3821,2.1853,0.0,0.0
1779816506105,1,Pitching Mound.Parent,,Loading,pitch.0,334146,-0.4341,21.837,98.748,77.0662,-10.7271,26.9243,0.0111,0.0838
1779816506106,1,11.0000004b,Drive,Loading,pitch.0,334954,-1.3339,21.5128,96.748,75.7949,-10.6333,24.8498,0.0117,0.0832
1779816506106,1,12.00000015,Lower Delivery,Loading,pitch.0,334680,-0.2322,-0.7456,1.4128,-0.0634,0.0232,0.0069,0.0,0.0
1779816506106,1,12.00000018,Upper Delivery,Loading,pitch.0,335236,1.0846,1.1517,0.7015,1.0748,-0.1861,1.7168,0.0,0.0
1779816506106,1,Pitching Mound.Delivery,,Loading,pitch.0,334440,0.8524,0.406,2.1144,1.2532,-0.1628,2.1713,0.0,0.0
1779816506106,1,Pitching Mound.Drive,,Loading,pitch.0,334954,-1.3339,21.5128,96.748,75.7949,-10.6333,24.8498,0.0117,0.0832
1779816506106,1,Pitching Mound.Parent,,Loading,pitch.0,334147,-0.4816,21.9188,98.8623,77.0481,-10.7961,27.0211,0.0114,0.0838
1779816506107,1,11.0000004b,Drive,Loading,pitch.0,334955,-1.3425,21.5895,96.9666,76.0753,-10.7132,24.9541,0.0117,0.0833
1779816506107,1,12.00000015,Lower Delivery,Loading,pitch.0,334681,-0.2389,-0.7489,1.365,-0.0589,0.0248,0.0162,0.0,0.0
1779816506107,1,12.00000018,Upper Delivery,Loading,pitch.0,335237,1.0913,1.1684,0.671,1.1127,-0.3907,1.6848,0.0,0.0
1779816506107,1,Pitching Mound.Delivery,,Loading,pitch.0,334441,0.8524,0.4195,2.036,1.2897,-0.3659,2.1533,0.0,0.0
1779816506107,1,Pitching Mound.Drive,,Loading,pitch.0,334955,-1.3425,21.5895,96.9666,76.0753,-10.7132,24.9541,0.0117,0.0833
1779816506107,1,Pitching Mound.Parent,,Loading,pitch.0,334148,-0.4901,22.009,99.0025,77.365,-11.0791,27.1074,0.0115,0.084
1779816506108,1,11.0000004b,Drive,Loading,pitch.0,334956,-1.3705,21.6741,97.1694,76.3573,-10.8797,25.0739,0.0119,0.0834
1779816506108,1,12.00000015,Lower Delivery,Loading,pitch.0,334682,-0.245,-0.738,1.2059,-0.0592,0.0193,0.0045,0.0,0.0
1779816506108,1,12.00000018,Upper Delivery,Loading,pitch.0,335238,1.0669,1.1257,0.5273,1.1567,-0.4881,1.662,0.0,0.0
1779816506108,1,Pitching Mound.Delivery,,Loading,pitch.0,334442,0.8219,0.3877,1.7332,1.3282,-0.4688,2.1125,0.0,0.0
1779816506108,1,Pitching Mound.Drive,,Loading,pitch.0,334956,-1.3705,21.6741,97.1694,76.3573,-10.8797,25.0739,0.0119,0.0834
1779816506108,1,Pitching Mound.Parent,,Loading,pitch.0,334149,-0.5486,22.0618,98.9026,77.6855,-11.3485,27.1864,0.0117,0.0843
1779816506109,1,11.0000004b,Drive,Loading,pitch.0,334958,-1.4169,21.8465,97.5909,76.8621,-11.0873,25.2579,0.0121,0.0836
1779816506109,1,11.0000004b,Drive,Loading,pitch.0,334957,-1.38,21.7575,97.345,76.5916,-11.0107,25.1548,0.012,0.0835
1779816506109,1,12.00000015,Lower Delivery,Loading,pitch.0,334683,-0.2504,-0.7467,1.1127,-0.0582,0.0259,0.013,0.0,0.0
1779816506109,1,12.00000018,Upper Delivery,Loading,pitch.0,335239,1.0717,1.156,0.5399,1.1242,-0.4319,1.5919,0.0,0.0
1779816506109,1,Pitching Mound.Delivery,,Loading,pitch.0,334443,0.8212,0.4093,1.6525,1.2607,-0.406,2.0545,0.0,0.0
1779816506109,1,Pitching Mound.Drive,,Loading,pitch.0,334958,-1.4169,21.8465,97.5909,76.8621,-11.0873,25.2579,0.0121,0.0836
1779816506109,1,Pitching Mound.Drive,,Loading,pitch.0,334957,-1.38,21.7575,97.345,76.5916,-11.0107,25.1548,0.012,0.0835
1779816506109,1,Pitching Mound.Parent,,Loading,pitch.0,334150,-0.5588,22.1668,98.9975,77.8523,-11.4167,27.2093,0.0118,0.0841
1779816506110,1,12.00000015,Lower Delivery,Loading,pitch.0,334684,-0.2513,-0.7372,1.0206,-0.0538,0.0189,0.0085,0.0,0.0
1779816506110,1,12.00000018,Upper Delivery,Loading,pitch.0,335240,1.0569,1.1245,0.4802,1.1849,-0.4345,1.599,0.0,0.0
1779816506110,1,Pitching Mound.Delivery,,Loading,pitch.0,334444,0.8056,0.3874,1.5007,1.3147,-0.4156,2.0522,0.0,0.0
1779816506110,1,Pitching Mound.Parent,,Loading,pitch.0,334151,-0.6113,22.2339,99.0917,78.1769,-11.5029,27.3101,0.0119,0.0842
1779816506111,1,11.0000004b,Drive,Loading,pitch.0,334959,-1.4373,21.9449,97.8099,77.1748,-11.3109,25.3622,0.0123,0.0838
1779816506111,1,11.0000004b,Drive,Loading,pitch.0,334960,-1.4652,22.0495,98.0976,77.4952,-11.3438,25.4346,0.0123,0.0839
1779816506111,1,12.00000015,Lower Delivery,Loading,pitch.0,334685,-0.2473,-0.7504,1.063,-0.0614,0.0132,-0.0074,0.0,0.0
1779816506111,1,12.00000018,Upper Delivery,Loading,pitch.0,335241,1.0582,1.114,0.4938,1.3003,-0.533,1.5865,0.0,0.0
1779816506111,1,Pitching Mound.Delivery,,Loading,pitch.0,334445,0.8109,0.3636,1.5568,1.4325,-0.5198,2.023,0.0,0.0
1779816506111,1,Pitching Mound.Drive,,Loading,pitch.0,334959,-1.4373,21.9449,97.8099,77.1748,-11.3109,25.3622,0.0123,0.0838
1779816506111,1,Pitching Mound.Drive,,Loading,pitch.0,334960,-1.4652,22.0495,98.0976,77.4952,-11.3438,25.4346,0.0123,0.0839
1779816506111,1,Pitching Mound.Parent,,Loading,pitch.0,334152,-0.6264,22.3085,99.3667,78.6072,-11.8307,27.3851,0.0121,0.0844
1779816506112,1,11.0000004b,Drive,Loading,pitch.0,334961,-1.5081,22.1487,98.3086,77.6849,-11.4418,25.5307,0.0124,0.0839
1779816506112,1,12.00000015,Lower Delivery,Loading,pitch.0,334686,-0.2516,-0.7475,1.0651,-0.0594,0.0112,-0.001,0.0,0.0
1779816506112,1,12.00000018,Upper Delivery,Loading,pitch.0,335242,1.0863,1.0924,0.4401,1.225,-0.4886,1.5601,0.0,0.0
1779816506112,1,Pitching Mound.Delivery,,Loading,pitch.0,334446,0.8347,0.345,1.5052,1.3781,-0.4773,2.014,0.0,0.0
1779816506112,1,Pitching Mound.Drive,,Loading,pitch.0,334961,-1.5081,22.1487,98.3086,77.6849,-11.4418,25.5307,0.0124,0.0839
1779816506112,1,Pitching Mound.Parent,,Loading,pitch.0,334153,-0.6305,22.3945,99.6028,78.8733,-11.8211,27.4485,0.0121,0.0847
1779816506113,1,11.0000004b,Drive,Loading,pitch.0,334962,-1.5314,22.2346,98.5494,77.8915,-11.4899,25.6066,0.0124,0.0839
1779816506113,1,12.00000015,Lower Delivery,Loading,pitch.0,334687,-0.2475,-0.7499,1.1622,-0.0597,0.0035,-0.0021,0.0,0.0
1779816506113,1,12.00000018,Upper Delivery,Loading,pitch.0,335243,1.0703,1.123,0.5713,1.19,-0.5109,1.5665,0.0,0.0
1779816506113,1,Pitching Mound.Delivery,,Loading,pitch.0,334447,0.8228,0.3731,1.7336,1.3312,-0.5074,2.0124,0.0,0.0
1779816506113,1,Pitching Mound.Drive,,Loading,pitch.0,334962,-1.5314,22.2346,98.5494,77.8915,-11.4899,25.6066,0.0124,0.0839
1779816506113,1,Pitching Mound.Parent,,Loading,pitch.0,334154,-0.6853,22.5218,100.0422,79.0161,-11.9492,27.5431,0.0121,0.0844
1779816506114,1,11.0000004b,Drive,Loading,pitch.0,334963,-1.5739,22.3284,98.7647,78.0335,-11.4051,25.667,0.0123,0.0839
1779816506114,1,12.00000015,Lower Delivery,Loading,pitch.0,334688,-0.2332,-0.7398,1.1912,-0.0684,0.0029,-0.0106,0.0,0.0
1779816506114,1,12.00000018,Upper Delivery,Loading,pitch.0,335244,1.0485,1.1137,0.5954,1.1994,-0.5499,1.5727,0.0,0.0
1779816506114,1,Pitching Mound.Delivery,,Loading,pitch.0,334448,0.8152,0.3739,1.7866,1.3336,-0.5469,1.9979,0.0,0.0
1779816506114,1,Pitching Mound.Drive,,Loading,pitch.0,334963,-1.5739,22.3284,98.7647,78.0335,-11.4051,25.667,0.0123,0.0839
1779816506114,1,Pitching Mound.Parent,,Loading,pitch.0,334155,-0.7162,22.6085,100.336,79.2251,-12.0369,27.6044,0.0122,0.0844
1779816506115,1,11.0000004b,Drive,Loading,pitch.0,334964,-1.6193,22.4341,98.8852,78.2285,-11.4754,25.7575,0.0123,0.084
1779816506115,1,12.00000015,Lower Delivery,Loading,pitch.0,334689,-0.2403,-0.7287,1.2463,-0.0744,-0.0074,-0.0102,0.0,0.0
1779816506115,1,12.00000018,Upper Delivery,Loading,pitch.0,335245,1.0938,1.1034,0.5491,1.216,-0.5997,1.5844,0.0,0.0
1779816506115,1,Pitching Mound.Delivery,,Loading,pitch.0,334449,0.8535,0.3747,1.7954,1.3786,-0.6072,2.0278,0.0,0.0
1779816506115,1,Pitching Mound.Drive,,Loading,pitch.0,334964,-1.6193,22.4341,98.8852,78.2285,-11.4754,25.7575,0.0123,0.084
1779816506115,1,Pitching Mound.Parent,,Loading,pitch.0,334156,-0.7204,22.7031,100.5601,79.4121,-12.0123,27.6948,0.012,0.0847
1779816506116,1,11.0000004b,Drive,Loading,pitch.0,334965,-1.6433,22.5165,99.0804,78.429,-11.5656,25.8131,0.0124,0.084
1779816506116,1,12.00000015,Lower Delivery,Loading,pitch.0,334690,-0.2206,-0.731,1.3256,-0.0763,0.0,-0.0071,0.0,0.0
1779816506116,1,12.00000018,Upper Delivery,Loading,pitch.0,335246,1.0848,1.1179,0.5958,1.1224,-0.5269,1.6358,0.0,0.0
1779816506116,1,Pitching Mound.Delivery,,Loading,pitch.0,334450,0.8643,0.3869,1.9214,1.2943,-0.527,2.0725,0.0,0.0
1779816506116,1,Pitching Mound.Drive,,Loading,pitch.0,334965,-1.6433,22.5165,99.0804,78.429,-11.5656,25.8131,0.0124,0.084
1779816506116,1,Pitching Mound.Parent,,Loading,pitch.0,334157,-0.7551,22.821,100.8066,79.5228,-12.0024,27.83,0.0121,0.0848
1779816506117,1,11.0000004b,Drive,Loading,pitch.0,334966,-1.6871,22.6152,99.2247,78.6347,-11.7535,25.8952,0.0126,0.0841
1779816506117,1,12.00000015,Lower Delivery,Loading,pitch.0,334691,-0.2182,-0.7203,1.2318,-0.081,-0.0055,-0.0066,0.0,0.0
1779816506117,1,12.00000018,Upper Delivery,Loading,pitch.0,335247,1.1323,1.1064,0.5459,1.1508,-0.6517,1.6866,0.0,0.0
1779816506117,1,Pitching Mound.Delivery,,Loading,pitch.0,334451,0.9141,0.3861,1.7777,1.303,-0.6572,2.1391,0.0,0.0
1779816506117,1,Pitching Mound.Drive,,Loading,pitch.0,334966,-1.6871,22.6152,99.2247,78.6347,-11.7535,25.8952,0.0126,0.0841
1779816506117,1,Pitching Mound.Parent,,Loading,pitch.0,334158,-0.7292,22.9026,100.8581,79.7321,-12.2228,27.9521,0.0122,0.0849
1779816506118,1,11.0000004b,Drive,Loading,pitch.0,334967,-1.7109,22.7057,99.3598,78.8696,-11.8608,25.9668,0.0127,0.0843
1779816506118,1,12.00000015,Lower Delivery,Loading,pitch.0,334692,-0.2107,-0.7396,1.2525,-0.0802,0.005,0.0102,0.0,0.0
1779816506118,1,12.00000018,Upper Delivery,Loading,pitch.0,335248,1.0999,1.1106,0.5819,1.2039,-0.7529,1.6456,0.0,0.0
1779816506118,1,Pitching Mound.Delivery,,Loading,pitch.0,334452,0.8892,0.3711,1.8344,1.3517,-0.7479,2.1014,0.0,0.0
1779816506118,1,Pitching Mound.Drive,,Loading,pitch.0,334967,-1.7109,22.7057,99.3598,78.8696,-11.8608,25.9668,0.0127,0.0843
1779816506118,1,Pitching Mound.Parent,,Loading,pitch.0,334159,-0.7979,22.9862,101.0591,79.9865,-12.5013,27.9966,0.0123,0.0849
1779816506119,1,11.0000004b,Drive,Loading,pitch.0,334968,-1.755,22.798,99.402,79.05,-11.9878,26.047,0.0128,0.0844
1779816506119,1,12.00000015,Lower Delivery,Loading,pitch.0,334693,-0.2059,-0.7409,1.3578,-0.0715,0.0053,0.0629,0.0,0.0
1779816506119,1,12.00000018,Upper Delivery,Loading,pitch.0,335249,1.0922,1.1475,0.6878,1.2407,-0.5714,1.699,0.0,0.0
1779816506119,1,Pitching Mound.Delivery,,Loading,pitch.0,334453,0.8863,0.4065,2.0457,1.3969,-0.5661,2.2033,0.0,0.0
1779816506119,1,Pitching Mound.Drive,,Loading,pitch.0,334968,-1.755,22.798,99.402,79.05,-11.9878,26.047,0.0128,0.0844
1779816506119,1,Pitching Mound.Parent,,Loading,pitch.0,334160,-0.8245,23.1123,101.4055,80.2666,-12.4268,28.1701,0.0124,0.0848
1779816506120,1,11.0000004b,Drive,Loading,pitch.0,334969,-1.7836,22.8796,99.4517,79.1322,-11.9705,26.0876,0.0128,0.0845
1779816506120,1,12.00000015,Lower Delivery,Loading,pitch.0,334694,-0.2127,-0.7167,1.2859,-0.0796,0.0034,0.0347,0.0,0.0
1779816506120,1,12.00000018,Upper Delivery,Loading,pitch.0,335250,1.0685,1.1634,0.7338,1.2998,-0.5223,1.7683,0.0,0.0
1779816506120,1,Pitching Mound.Delivery,,Loading,pitch.0,334454,0.8558,0.4467,2.0197,1.4079,-0.5189,2.2386,0.0,0.0
1779816506120,1,Pitching Mound.Drive,,Loading,pitch.0,334969,-1.7836,22.8796,99.4517,79.1322,-11.9705,26.0876,0.0128,0.0845
1779816506120,1,Pitching Mound.Parent,,Loading,pitch.0,334161,-0.8992,23.2447,101.4217,80.4579,-12.5067,28.2856,0.0125,0.0846
1779816506121,1,11.0000004b,Drive,Loading,pitch.0,334970,-1.8048,22.9751,99.4782,79.3171,-12.1267,26.1853,0.0129,0.0846
1779816506121,1,12.00000015,Lower Delivery,Loading,pitch.0,334695,-0.2072,-0.7235,1.3065,-0.0871,0.0051,0.0267,0.0,0.0
1779816506121,1,12.00000018,Upper Delivery,Loading,pitch.0,335251,1.0796,1.1708,0.7779,1.3242,-0.4673,1.7693,0.0,0.0
1779816506121,1,Pitching Mound.Delivery,,Loading,pitch.0,334455,0.8723,0.4473,2.0844,1.4169,-0.4622,2.2335,0.0,0.0
1779816506121,1,Pitching Mound.Drive,,Loading,pitch.0,334970,-1.8048,22.9751,99.4782,79.3171,-12.1267,26.1853,0.0129,0.0846
1779816506121,1,Pitching Mound.Parent,,Loading,pitch.0,334162,-0.9112,23.327,101.5361,80.549,-12.4327,28.3211,0.0125,0.0845
1779816506122,1,11.0000004b,Drive,Loading,pitch.0,334971,-1.8304,23.0519,99.5549,79.4558,-12.2001,26.2053,0.013,0.0847
1779816506122,1,12.00000015,Lower Delivery,Loading,pitch.0,334696,-0.1959,-0.733,1.308,-0.0674,0.012,0.1384,0.0,0.0
1779816506122,1,12.00000018,Upper Delivery,Loading,pitch.0,335252,1.0744,1.1657,0.8253,1.3048,-0.4886,1.7258,0.0,0.0
1779816506122,1,Pitching Mound.Delivery,,Loading,pitch.0,334456,0.8785,0.4327,2.1333,1.4015,-0.4766,2.2961,0.0,0.0
1779816506122,1,Pitching Mound.Drive,,Loading,pitch.0,334971,-1.8304,23.0519,99.5549,79.4558,-12.2001,26.2053,0.013,0.0847
1779816506122,1,Pitching Mound.Parent,,Loading,pitch.0,334163,-0.9263,23.4077,101.6115,80.7186,-12.6033,28.4815,0.0127,0.0845
1779816506123,1,11.0000004b,Drive,Loading,pitch.0,334972,-1.8416,23.1434,99.6477,79.6406,-12.2837,26.2927,0.0131,0.0848
1779816506123,1,12.00000015,Lower Delivery,Loading,pitch.0,334697,-0.2157,-0.7383,1.247,-0.0692,0.0183,0.0876,0.0,0.0
1779816506123,1,12.00000018,Upper Delivery,Loading,pitch.0,335253,1.0885,1.192,0.8,1.2316,-0.4368,1.7172,0.0,0.0
1779816506123,1,Pitching Mound.Delivery,,Loading,pitch.0,334457,0.8728,0.4536,2.047,1.3143,-0.4185,2.2482,0.0,0.0
1779816506123,1,Pitching Mound.Drive,,Loading,pitch.0,334972,-1.8416,23.1434,99.6477,79.6406,-12.2837,26.2927,0.0131,0.0848
1779816506123,1,Pitching Mound.Parent,,Loading,pitch.0,334164,-0.9575,23.5056,101.6019,80.77,-12.6185,28.4536,0.0127,0.0845
1779816506124,1,11.0000004b,Drive,Loading,pitch.0,334973,-1.8762,23.2168,99.7482,79.7097,-12.3958,26.3568,0.0132,0.0848
1779816506124,1,12.00000015,Lower Delivery,Loading,pitch.0,334698,-0.2235,-0.7452,1.2681,-0.0647,0.0235,0.1349,0.0,0.0
1779816506124,1,12.00000018,Upper Delivery,Loading,pitch.0,335254,1.0983,1.1649,0.7702,1.2166,-0.4117,1.7363,0.0,0.0
1779816506124,1,Pitching Mound.Delivery,,Loading,pitch.0,334458,0.8748,0.4197,2.0383,1.3212,-0.3882,2.3206,0.0,0.0
1779816506124,1,Pitching Mound.Drive,,Loading,pitch.0,334973,-1.8762,23.2168,99.7482,79.7097,-12.3958,26.3568,0.0132,0.0848
1779816506124,1,Pitching Mound.Parent,,Loading,pitch.0,334165,-0.9668,23.5631,101.6861,80.9617,-12.6718,28.6133,0.0128,0.0848
1779816506125,1,11.0000004b,Drive,Loading,pitch.0,334974,-1.8747,23.3058,99.8826,79.9171,-12.5508,26.3951,0.0133,0.0849
1779816506125,1,12.00000015,Lower Delivery,Loading,pitch.0,334699,-0.2127,-0.7622,1.2465,-0.0529,0.0271,0.2409,0.0,0.0
1779816506125,1,12.00000018,Upper Delivery,Loading,pitch.0,335255,1.0932,1.1643,0.7032,1.1902,-0.3987,1.7244,0.0,0.0
1779816506125,1,Pitching Mound.Delivery,,Loading,pitch.0,334459,0.8805,0.4021,1.9496,1.322,-0.3715,2.4094,0.0,0.0
1779816506125,1,Pitching Mound.Drive,,Loading,pitch.0,334974,-1.8747,23.3058,99.8826,79.9171,-12.5508,26.3951,0.0133,0.0849
1779816506125,1,Pitching Mound.Parent,,Loading,pitch.0,334166,-0.9957,23.6188,101.6979,81.0317,-12.7673,28.7662,0.0129,0.085
1779816506126,1,11.0000004b,Drive,Loading,pitch.0,334975,-1.8857,23.3792,100.0614,80.0281,-12.7214,26.4498,0.0135,0.0849
1779816506126,1,12.00000015,Lower Delivery,Loading,pitch.0,334700,-0.2081,-0.7635,1.1438,-0.0531,0.0256,0.2185,0.0,0.0
1779816506126,1,12.00000018,Upper Delivery,Loading,pitch.0,335256,1.0875,1.1372,0.6606,1.1781,-0.5361,1.7108,0.0,0.0
1779816506126,1,Pitching Mound.Delivery,,Loading,pitch.0,334460,0.8794,0.3737,1.8045,1.2893,-0.5105,2.3698,0.0,0.0
1779816506126,1,Pitching Mound.Drive,,Loading,pitch.0,334975,-1.8857,23.3792,100.0614,80.0281,-12.7214,26.4498,0.0135,0.0849
1779816506126,1,Pitching Mound.Parent,,Loading,pitch.0,334167,-0.9953,23.6795,101.687,81.2064,-13.0613,28.7649,0.0131,0.0851
1779816506127,1,11.0000004b,Drive,Loading,pitch.0,334976,-1.8945,23.4693,100.156,80.2617,-12.8835,26.5292,0.0137,0.0851
1779816506127,1,12.00000015,Lower Delivery,Loading,pitch.0,334701,-0.2024,-0.7796,1.1825,-0.0444,0.023,0.2427,0.0,0.0
1779816506127,1,12.00000018,Upper Delivery,Loading,pitch.0,335257,1.1104,1.1321,0.7354,1.3074,-0.6495,1.6853,0.0,0.0
1779816506127,1,Pitching Mound.Delivery,,Loading,pitch.0,334461,0.908,0.3526,1.9179,1.4151,-0.6265,2.3744,0.0,0.0
1779816506127,1,Pitching Mound.Drive,,Loading,pitch.0,334976,-1.8945,23.4693,100.156,80.2617,-12.8835,26.5292,0.0137,0.0851
1779816506127,1,Pitching Mound.Parent,,Loading,pitch.0,334168,-0.9777,23.7318,101.9793,81.4432,-13.3479,28.8242,0.0132,0.0848
1779816506128,1,11.0000004b,Drive,Loading,pitch.0,334977,-1.899,23.5488,100.2763,80.3967,-12.9025,26.5826,0.0137,0.0851
1779816506128,1,12.00000015,Lower Delivery,Loading,pitch.0,334702,-0.199,-0.7691,1.2204,-0.0448,0.0115,0.2493,0.0,0.0
1779816506128,1,12.00000018,Upper Delivery,Loading,pitch.0,335258,1.1114,1.1522,0.7112,1.4143,-0.6595,1.73,0.0,0.0
1779816506128,1,Pitching Mound.Delivery,,Loading,pitch.0,334462,0.9124,0.3831,1.9316,1.5426,-0.648,2.4249,0.0,0.0
1779816506128,1,Pitching Mound.Drive,,Loading,pitch.0,334977,-1.899,23.5488,100.2763,80.3967,-12.9025,26.5826,0.0137,0.0851
1779816506128,1,Pitching Mound.Parent,,Loading,pitch.0,334169,-0.982,23.8524,102.0876,81.8042,-13.5315,28.954,0.0134,0.0852
1779816506129,1,11.0000004b,Drive,Loading,pitch.0,334978,-1.9034,23.6292,100.3995,80.5296,-13.036,26.6657,0.0138,0.0852
1779816506129,1,12.00000015,Lower Delivery,Loading,pitch.0,334703,-0.2136,-0.782,1.2824,-0.0543,0.0029,0.1959,0.0,0.0
1779816506129,1,12.00000018,Upper Delivery,Loading,pitch.0,335259,1.1424,1.0948,0.6189,1.3051,-0.6856,1.7234,0.0,0.0
1779816506129,1,Pitching Mound.Delivery,,Loading,pitch.0,334463,0.9288,0.3128,1.9014,1.4765,-0.6827,2.3802,0.0,0.0
1779816506129,1,Pitching Mound.Drive,,Loading,pitch.0,334978,-1.9034,23.6292,100.3995,80.5296,-13.036,26.6657,0.0138,0.0852
1779816506129,1,Pitching Mound.Parent,,Loading,pitch.0,334170,-0.9702,23.8615,102.1777,81.8732,-13.5852,28.9628,0.0134,0.0857
1779816506130,1,11.0000004b,Drive,Loading,pitch.0,334979,-1.9064,23.708,100.57,80.733,-13.2664,26.7176,0.014,0.0852
1779816506130,1,12.00000015,Lower Delivery,Loading,pitch.0,334704,-0.2258,-0.7886,1.2654,-0.0579,0.003,0.1448,0.0,0.0
1779816506130,1,12.00000018,Upper Delivery,Loading,pitch.0,335260,1.1574,1.0811,0.5176,1.3642,-0.8803,1.7286,0.0,0.0
1779816506130,1,Pitching Mound.Delivery,,Loading,pitch.0,334464,0.9316,0.2924,1.7831,1.5606,-0.8773,2.3438,0.0,0.0
1779816506130,1,Pitching Mound.Drive,,Loading,pitch.0,334979,-1.9064,23.708,100.57,80.733,-13.2664,26.7176,0.014,0.0852
1779816506130,1,Pitching Mound.Parent,,Loading,pitch.0,334171,-0.9717,23.9216,102.1826,82.0902,-13.9133,29.0095,0.0135,0.0862
1779816506131,1,11.0000004b,Drive,Loading,pitch.0,334980,-1.9153,23.7847,100.7452,80.9083,-13.4399,26.7572,0.0142,0.0853
1779816506131,1,12.00000015,Lower Delivery,Loading,pitch.0,334705,-0.2389,-0.7902,1.358,-0.0636,0.0003,0.1264,0.0,0.0
1779816506131,1,12.00000018,Upper Delivery,Loading,pitch.0,335261,1.1627,1.073,0.513,1.4691,-1.0404,1.6998,0.0,0.0
1779816506131,1,Pitching Mound.Delivery,,Loading,pitch.0,334465,0.9238,0.2827,1.871,1.6928,-1.0401,2.3027,0.0,0.0
1779816506131,1,Pitching Mound.Drive,,Loading,pitch.0,334980,-1.9153,23.7847,100.7452,80.9083,-13.4399,26.7572,0.0142,0.0853
1779816506131,1,Pitching Mound.Parent,,Loading,pitch.0,334172,-0.9826,23.9907,102.441,82.4258,-14.3065,29.0203,0.0137,0.0865
1779816506132,1,11.0000004b,Drive,Loading,pitch.0,334981,-1.9178,23.8785,100.9102,81.1204,-13.4908,26.8101,0.0142,0.0853
1779816506132,1,12.00000015,Lower Delivery,Loading,pitch.0,334706,-0.2417,-0.7697,1.303,-0.0699,-0.0077,0.077,0.0,0.0
1779816506132,1,12.00000018,Upper Delivery,Loading,pitch.0,335262,1.1549,1.0769,0.5937,1.399,-1.0099,1.6511,0.0,0.0
1779816506132,1,Pitching Mound.Delivery,,Loading,pitch.0,334466,0.9131,0.3072,1.8968,1.5702,-1.0176,2.203,0.0,0.0
1779816506132,1,Pitching Mound.Drive,,Loading,pitch.0,334981,-1.9178,23.8785,100.9102,81.1204,-13.4908,26.8101,0.0142,0.0853
1779816506132,1,Pitching Mound.Parent,,Loading,pitch.0,334173,-1.0022,24.0919,102.6419,82.4786,-14.4575,28.9602,0.0139,0.086
1779816506133,1,11.0000004b,Drive,Loading,pitch.0,334982,-1.9122,23.964,101.071,81.3593,-13.6304,26.8402,0.0143,0.0855
1779816506133,1,12.00000015,Lower Delivery,Loading,pitch.0,334707,-0.2694,-0.7641,1.2723,-0.0721,-0.0121,0.0801,0.0,0.0
1779816506133,1,12.00000018,Upper Delivery,Loading,pitch.0,335263,1.1385,1.1352,0.6544,1.297,-0.851,1.705,0.0,0.0
1779816506133,1,Pitching Mound.Delivery,,Loading,pitch.0,334467,0.8691,0.3711,1.9267,1.4349,-0.8631,2.2638,0.0,0.0
1779816506133,1,Pitching Mound.Drive,,Loading,pitch.0,334982,-1.9122,23.964,101.071,81.3593,-13.6304,26.8402,0.0143,0.0855
1779816506133,1,Pitching Mound.Parent,,Loading,pitch.0,334174,-1.0487,24.2496,102.8369,82.5554,-14.3539,29.0739,0.0139,0.0858
1779816506134,1,11.0000004b,Drive,Loading,pitch.0,334983,-1.924,24.0597,101.2605,81.6265,-13.7555,26.8839,0.0144,0.0856
1779816506134,1,12.00000015,Lower Delivery,Loading,pitch.0,334708,-0.2754,-0.7693,1.2697,-0.0678,-0.0056,0.0374,0.0,0.0
1779816506134,1,12.00000018,Upper Delivery,Loading,pitch.0,335264,1.1471,1.1574,0.7135,1.2988,-0.8382,1.7167,0.0,0.0
1779816506134,1,Pitching Mound.Delivery,,Loading,pitch.0,334468,0.8717,0.3881,1.9832,1.4201,-0.8438,2.2377,0.0,0.0
1779816506134,1,Pitching Mound.Drive,,Loading,pitch.0,334983,-1.924,24.0597,101.2605,81.6265,-13.7555,26.8839,0.0144,0.0856
1779816506134,1,Pitching Mound.Parent,,Loading,pitch.0,334175,-1.0405,24.352,103.0542,82.7793,-14.4742,29.0779,0.014,0.0856
1779816506135,1,11.0000004b,Drive,Loading,pitch.0,334984,-1.9163,24.138,101.3672,81.806,-13.8879,26.93,0.0145,0.0857
1779816506135,1,12.00000015,Lower Delivery,Loading,pitch.0,334709,-0.2671,-0.7608,1.2125,-0.0733,-0.0065,0.0187,0.0,0.0
1779816506135,1,12.00000018,Upper Delivery,Loading,pitch.0,335265,1.1746,1.1798,0.7463,1.1129,-0.5459,1.6646,0.0,0.0
1779816506135,1,Pitching Mound.Delivery,,Loading,pitch.0,334469,0.9076,0.419,1.9588,1.1982,-0.5524,2.1735,0.0,0.0
1779816506135,1,Pitching Mound.Drive,,Loading,pitch.0,334984,-1.9163,24.138,101.3672,81.806,-13.8879,26.93,0.0145,0.0857
1779816506135,1,Pitching Mound.Parent,,Loading,pitch.0,334176,-1.0164,24.4786,103.2193,82.8247,-14.3079,29.0574,0.0141,0.0855
1779816506136,1,11.0000004b,Drive,Loading,pitch.0,334985,-1.9116,24.2282,101.5281,82.0003,-13.9036,26.9823,0.0145,0.0857
1779816506136,1,12.00000015,Lower Delivery,Loading,pitch.0,334710,-0.2756,-0.7327,1.1797,-0.0687,-0.0062,-0.0014,0.0,0.0
1779816506136,1,12.00000018,Upper Delivery,Loading,pitch.0,335266,1.1859,1.1972,0.8606,1.1282,-0.4372,1.638,0.0,0.0
1779816506136,1,Pitching Mound.Delivery,,Loading,pitch.0,334470,0.9103,0.4645,2.0402,1.1679,-0.4434,2.1335,0.0,0.0
1779816506136,1,Pitching Mound.Drive,,Loading,pitch.0,334985,-1.9116,24.2282,101.5281,82.0003,-13.9036,26.9823,0.0145,0.0857
1779816506136,1,Pitching Mound.Parent,,Loading,pitch.0,334177,-1.006,24.6025,103.4075,82.974,-14.3313,29.0634,0.0143,0.085
1779816506137,1,11.0000004b,Drive,Loading,pitch.0,334986,-1.9122,24.3087,101.6587,82.2395,-13.95,27.0319,0.0146,0.0859
1779816506137,1,12.00000015,Lower Delivery,Loading,pitch.0,334711,-0.2818,-0.7245,1.1236,-0.0681,-0.0008,-0.004,0.0,0.0
1779816506137,1,12.00000018,Upper Delivery,Loading,pitch.0,335267,1.2066,1.2243,0.8498,1.1596,-0.2451,1.6644,0.0,0.0
1779816506137,1,Pitching Mound.Delivery,,Loading,pitch.0,334471,0.9248,0.4999,1.9734,1.1846,-0.2459,2.1664,0.0,0.0
1779816506137,1,Pitching Mound.Drive,,Loading,pitch.0,334986,-1.9122,24.3087,101.6587,82.2395,-13.95,27.0319,0.0146,0.0859
1779816506137,1,Pitching Mound.Parent,,Loading,pitch.0,334178,-0.9869,24.728,103.5015,83.185,-14.1495,29.1488,0.0143,0.085
1779816506138,1,11.0000004b,Drive,Loading,pitch.0,334987,-1.886,24.3827,101.7915,82.3757,-14.1559,27.0526,0.0148,0.0859
1779816506138,1,12.00000015,Lower Delivery,Loading,pitch.0,334712,-0.2777,-0.6826,1.1549,-0.0679,0.0117,-0.0108,0.0,0.0
1779816506138,1,12.00000018,Upper Delivery,Loading,pitch.0,335268,1.1766,1.1877,0.7485,1.1311,-0.2537,1.6403,0.0,0.0
1779816506138,1,Pitching Mound.Delivery,,Loading,pitch.0,334472,0.899,0.5051,1.9034,1.2015,-0.242,2.124,0.0,0.0
1779816506138,1,Pitching Mound.Drive,,Loading,pitch.0,334987,-1.886,24.3827,101.7915,82.3757,-14.1559,27.0526,0.0148,0.0859
1779816506138,1,Pitching Mound.Parent,,Loading,pitch.0,334179,-1.0133,24.8138,103.5621,83.4409,-14.192,29.1559,0.0143,0.0856
1779816506139,1,11.0000004b,Drive,Loading,pitch.0,334988,-1.8688,24.4512,101.9568,82.5354,-14.3264,27.0945,0.0149,0.0859
1779816506139,1,12.00000015,Lower Delivery,Loading,pitch.0,334713,-0.2776,-0.6536,1.1448,-0.0532,0.0213,-0.0117,0.0,0.0
1779816506139,1,12.00000018,Upper Delivery,Loading,pitch.0,335269,1.1683,1.1889,0.6881,1.157,-0.3222,1.6469,0.0,0.0
1779816506139,1,Pitching Mound.Delivery,,Loading,pitch.0,334473,0.8907,0.5353,1.8329,1.2591,-0.3009,2.1269,0.0,0.0
1779816506139,1,Pitching Mound.Drive,,Loading,pitch.0,334988,-1.8688,24.4512,101.9568,82.5354,-14.3264,27.0945,0.0149,0.0859
1779816506139,1,Pitching Mound.Parent,,Loading,pitch.0,334180,-0.9953,24.918,103.6244,83.6348,-14.4568,29.1794,0.0145,0.0859
1779816506140,1,11.0000004b,Drive,Loading,pitch.0,334989,-1.824,24.5147,102.094,82.7161,-14.4031,27.1017,0.015,0.086
1779816506140,1,12.00000015,Lower Delivery,Loading,pitch.0,334714,-0.2633,-0.6763,1.2247,-0.0682,0.013,-0.0095,0.0,0.0
1779816506140,1,12.00000018,Upper Delivery,Loading,pitch.0,335270,1.152,1.197,0.7098,1.1589,-0.134,1.664,0.0,0.0
1779816506140,1,Pitching Mound.Delivery,,Loading,pitch.0,334474,0.8886,0.5208,1.9345,1.2659,-0.1211,2.1357,0.0,0.0
1779816506140,1,Pitching Mound.Drive,,Loading,pitch.0,334989,-1.824,24.5147,102.094,82.7161,-14.4031,27.1017,0.015,0.086
1779816506140,1,Pitching Mound.Parent,,Loading,pitch.0,334181,-0.9802,24.9719,103.8913,83.8012,-14.4474,29.2302,0.0146,0.086
1779816506141,1,11.0000004b,Drive,Loading,pitch.0,334990,-1.7808,24.6063,102.2431,83.023,-14.6417,27.145,0.0152,0.0862
1779816506141,1,12.00000015,Lower Delivery,Loading,pitch.0,334715,-0.2264,-0.6826,1.3457,-0.0795,-0.0008,-0.01,0.0,0.0
1779816506141,1,12.00000018,Upper Delivery,Loading,pitch.0,335271,1.1422,1.2063,0.6812,1.2478,-0.1625,1.6299,0.0,0.0
1779816506141,1,Pitching Mound.Delivery,,Loading,pitch.0,334475,0.9158,0.5237,2.0269,1.3943,-0.1634,2.0852,0.0,0.0
1779816506141,1,Pitching Mound.Drive,,Loading,pitch.0,334990,-1.7808,24.6063,102.2431,83.023,-14.6417,27.145,0.0152,0.0862
1779816506141,1,Pitching Mound.Parent,,Loading,pitch.0,334182,-0.9082,25.0384,104.1209,84.1104,-14.5665,29.187,0.0147,0.0865
1779816506142,1,11.0000004b,Drive,Loading,pitch.0,334991,-1.7347,24.6721,102.4125,83.252,-14.7438,27.1477,0.0153,0.0863
1779816506142,1,12.00000015,Lower Delivery,Loading,pitch.0,334716,-0.2227,-0.6864,1.3976,-0.0777,-0.0013,-0.0012,0.0,0.0
1779816506142,1,12.00000018,Upper Delivery,Loading,pitch.0,335272,1.0972,1.1896,0.5883,1.1795,-0.0637,1.6649,0.0,0.0
1779816506142,1,Pitching Mound.Delivery,,Loading,pitch.0,334476,0.8745,0.5032,1.9859,1.377,-0.065,2.1126,0.0,0.0
1779816506142,1,Pitching Mound.Drive,,Loading,pitch.0,334991,-1.7347,24.6721,102.4125,83.252,-14.7438,27.1477,0.0153,0.0863
1779816506142,1,Pitching Mound.Parent,,Loading,pitch.0,334183,-0.9063,25.1095,104.229,84.3999,-14.7067,29.2576,0.0149,0.0872
1779816506143,1,11.0000004b,Drive,Loading,pitch.0,334992,-1.6803,24.7348,102.4719,83.4121,-14.9605,27.1229,0.0155,0.0864
1779816506143,1,12.00000015,Lower Delivery,Loading,pitch.0,334717,-0.2261,-0.6837,1.3349,-0.0747,0.0024,0.0031,0.0,0.0
1779816506143,1,12.00000018,Upper Delivery,Loading,pitch.0,335273,1.1015,1.1643,0.5084,1.1284,-0.2142,1.654,0.0,0.0
1779816506143,1,Pitching Mound.Delivery,,Loading,pitch.0,334477,0.8754,0.4806,1.8433,1.3347,-0.2118,2.1085,0.0,0.0
1779816506143,1,Pitching Mound.Drive,,Loading,pitch.0,334992,-1.6803,24.7348,102.4719,83.4121,-14.9605,27.1229,0.0155,0.0864
1779816506143,1,Pitching Mound.Parent,,Loading,pitch.0,334184,-0.8593,25.1527,104.2558,84.5866,-14.9556,29.2562,0.015,0.0875
1779816506144,1,11.0000004b,Drive,Loading,pitch.0,334993,-1.6322,24.786,102.6013,83.5779,-14.9953,27.135,0.0155,0.0865
1779816506144,1,12.00000015,Lower Delivery,Loading,pitch.0,334718,-0.2185,-0.6808,1.2453,-0.0825,-0.0099,-0.0146,0.0,0.0
1779816506144,1,12.00000018,Upper Delivery,Loading,pitch.0,335274,1.0848,1.1319,0.4896,1.096,-0.1764,1.6386,0.0,0.0
1779816506144,1,Pitching Mound.Delivery,,Loading,pitch.0,334478,0.8663,0.451,1.7348,1.2704,-0.1863,2.0672,0.0,0.0
1779816506144,1,Pitching Mound.Drive,,Loading,pitch.0,334993,-1.6322,24.786,102.6013,83.5779,-14.9953,27.135,0.0155,0.0865
1779816506144,1,Pitching Mound.Parent,,Loading,pitch.0,334185,-0.814,25.1858,104.2067,84.6825,-15.1469,29.1901,0.0152,0.0874
1779816506145,1,11.0000004b,Drive,Loading,pitch.0,334994,-1.5671,24.8483,102.7257,83.8415,-15.2229,27.1382,0.0157,0.0866
1779816506145,1,12.00000015,Lower Delivery,Loading,pitch.0,334719,-0.2169,-0.6628,1.1677,-0.0748,-0.0149,-0.0047,0.0,0.0
1779816506145,1,12.00000018,Upper Delivery,Loading,pitch.0,335275,1.0803,1.1229,0.4759,1.0485,-0.1265,1.6876,0.0,0.0
1779816506145,1,Pitching Mound.Delivery,,Loading,pitch.0,334479,0.8634,0.4601,1.6436,1.2088,-0.1414,2.1239,0.0,0.0
1779816506145,1,Pitching Mound.Drive,,Loading,pitch.0,334994,-1.5671,24.8483,102.7257,83.8415,-15.2229,27.1382,0.0157,0.0866
1779816506145,1,Pitching Mound.Parent,,Loading,pitch.0,334186,-0.7688,25.2462,104.2449,84.7867,-15.1367,29.2589,0.0153,0.0874
1779816506146,1,11.0000004b,Drive,Loading,pitch.0,334995,-1.4986,24.901,102.87,84.0609,-15.3954,27.1334,0.0159,0.0868
1779816506146,1,12.00000015,Lower Delivery,Loading,pitch.0,334720,-0.2173,-0.6161,1.0779,-0.0738,-0.0025,-0.0114,0.0,0.0
1779816506146,1,12.00000018,Upper Delivery,Loading,pitch.0,335276,1.0729,1.1109,0.4404,1.0433,-0.2062,1.6032,0.0,0.0
1779816506146,1,Pitching Mound.Delivery,,Loading,pitch.0,334480,0.8556,0.4948,1.5183,1.1863,-0.2088,2.0304,0.0,0.0
1779816506146,1,Pitching Mound.Drive,,Loading,pitch.0,334995,-1.4986,24.901,102.87,84.0609,-15.3954,27.1334,0.0159,0.0868
1779816506146,1,Pitching Mound.Parent,,Loading,pitch.0,334187,-0.7115,25.343,104.244,85.0278,-15.4317,29.1687,0.0155,0.0875
1779816506147,1,11.0000004b,Drive,Loading,pitch.0,334996,-1.4357,24.9728,102.9584,84.1321,-15.5911,27.1525,0.0161,0.0868
1779816506147,1,12.00000015,Lower Delivery,Loading,pitch.0,334721,-0.2219,-0.6398,0.9858,-0.078,-0.0182,-0.0124,0.0,0.0
1779816506147,1,12.00000018,Upper Delivery,Loading,pitch.0,335277,1.0866,0.9992,0.3552,1.041,-0.3515,1.5894,0.0,0.0
1779816506147,1,Pitching Mound.Delivery,,Loading,pitch.0,334481,0.8647,0.3594,1.341,1.1775,-0.3696,2.0219,0.0,0.0
1779816506147,1,Pitching Mound.Drive,,Loading,pitch.0,334996,-1.4357,24.9728,102.9584,84.1321,-15.5911,27.1525,0.0161,0.0868
1779816506147,1,Pitching Mound.Parent,,Loading,pitch.0,334188,-0.6339,25.2604,104.211,85.2384,-15.765,29.1553,0.0157,0.0877
1779816506148,1,11.0000004b,Drive,Loading,pitch.0,334997,-1.3826,25.05,103.0682,84.2324,-15.6895,27.1524,0.0162,0.0868
1779816506148,1,12.00000015,Lower Delivery,Loading,pitch.0,334722,-0.2164,-0.644,1.0385,-0.0781,-0.0179,-0.0145,0.0,0.0
1779816506148,1,12.00000018,Upper Delivery,Loading,pitch.0,335278,1.0423,1.0337,0.4049,1.103,-0.4739,1.5975,0.0,0.0
1779816506148,1,Pitching Mound.Delivery,,Loading,pitch.0,334482,0.8259,0.3897,1.4434,1.2403,-0.4918,2.0109,0.0,0.0
1779816506148,1,Pitching Mound.Drive,,Loading,pitch.0,334997,-1.3826,25.05,103.0682,84.2324,-15.6895,27.1524,0.0162,0.0868
1779816506148,1,Pitching Mound.Parent,,Loading,pitch.0,334189,-0.6098,25.3624,104.4019,85.3724,-16.0829,29.1634,0.0159,0.0876
1779816506149,1,11.0000004b,Drive,Loading,pitch.0,334998,-1.3404,25.1214,103.1824,84.3836,-15.7641,27.1607,0.0162,0.0868
1779816506149,1,12.00000015,Lower Delivery,Loading,pitch.0,334723,-0.2308,-0.7012,1.1575,-0.0793,-0.0178,-0.0137,0.0,0.0
1779816506149,1,12.00000018,Upper Delivery,Loading,pitch.0,335279,1.0368,1.0017,0.4173,1.1391,-0.5622,1.6367,0.0,0.0
1779816506149,1,Pitching Mound.Delivery,,Loading,pitch.0,334483,0.806,0.3005,1.5748,1.3114,-0.58,2.0539,0.0,0.0
1779816506149,1,Pitching Mound.Drive,,Loading,pitch.0,334998,-1.3404,25.1214,103.1824,84.3836,-15.7641,27.1607,0.0162,0.0868
1779816506149,1,Pitching Mound.Parent,,Loading,pitch.0,334190,-0.5344,25.4219,104.7572,85.695,-16.3441,29.2146,0.016,0.0879
1779816506150,1,11.0000004b,Drive,Loading,pitch.0,334999,-1.2844,25.1881,103.3034,84.4437,-15.7958,27.1912,0.0162,0.0868
1779816506150,1,12.00000015,Lower Delivery,Loading,pitch.0,334724,-0.2485,-0.7056,1.0662,-0.0796,-0.0114,-0.0177,0.0,0.0
1779816506150,1,12.00000018,Upper Delivery,Loading,pitch.0,335280,1.0522,0.9806,0.4149,1.1629,-0.6074,1.6376,0.0,0.0
1779816506150,1,Pitching Mound.Delivery,,Loading,pitch.0,334484,0.8037,0.275,1.4811,1.3048,-0.6188,2.0621,0.0,0.0
1779816506150,1,Pitching Mound.Drive,,Loading,pitch.0,334999,-1.2844,25.1881,103.3034,84.4437,-15.7958,27.1912,0.0162,0.0868
1779816506150,1,Pitching Mound.Parent,,Loading,pitch.0,334191,-0.4807,25.4631,104.7845,85.7485,-16.4146,29.2533,0.016,0.0877
1779816506151,1,11.0000004b,Drive,Loading,pitch.0,335000,-1.2626,25.2752,103.4391,84.492,-15.8759,27.2002,0.0163,0.0867
1779816506151,1,12.00000015,Lower Delivery,Loading,pitch.0,334725,-0.2329,-0.7085,0.9911,-0.0731,-0.0138,-0.0122,0.0,0.0
1779816506151,1,12.00000018,Upper Delivery,Loading,pitch.0,335281,1.0702,0.9695,0.3946,1.202,-0.7388,1.629,0.0,0.0
1779816506151,1,Pitching Mound.Delivery,,Loading,pitch.0,334485,0.8373,0.261,1.3857,1.3316,-0.7526,2.0599,0.0,0.0
1779816506151,1,Pitching Mound.Drive,,Loading,pitch.0,335000,-1.2626,25.2752,103.4391,84.492,-15.8759,27.2002,0.0163,0.0867
1779816506151,1,Pitching Mound.Parent,,Loading,pitch.0,334192,-0.4253,25.5362,104.8248,85.8237,-16.6285,29.2601,0.0161,0.0875
1779816506152,1,11.0000004b,Drive,Loading,pitch.0,335001,-1.2448,25.338,103.5272,84.5305,-15.9358,27.2831,0.0163,0.0867
1779816506152,1,12.00000015,Lower Delivery,Loading,pitch.0,334726,-0.2565,-0.7477,0.9207,-0.0654,-0.0066,-0.0147,0.0,0.0
1779816506152,1,12.00000015,Lower Delivery,Loading,pitch.0,334727,-0.2556,-0.7535,0.9695,-0.0712,-0.0087,-0.0144,0.0,0.0
1779816506152,1,12.00000018,Upper Delivery,Loading,pitch.0,335282,1.085,0.9495,0.3705,1.2438,-0.8206,1.6208,0.0,0.0
1779816506152,1,Pitching Mound.Delivery,,Loading,pitch.0,334486,0.8285,0.2018,1.2912,1.3654,-0.8272,2.0621,0.0,0.0
1779816506152,1,Pitching Mound.Drive,,Loading,pitch.0,335001,-1.2448,25.338,103.5272,84.5305,-15.9358,27.2831,0.0163,0.0867
1779816506152,1,Pitching Mound.Parent,,Loading,pitch.0,334193,-0.4163,25.5398,104.8183,85.8959,-16.763,29.3452,0.0161,0.0874
1779816506153,1,11.0000004b,Drive,Loading,pitch.0,335002,-1.2267,25.4277,103.655,84.6385,-15.929,27.316,0.0163,0.0867
1779816506153,1,12.00000018,Upper Delivery,Loading,pitch.0,335283,1.1123,0.9868,0.4144,1.1634,-0.6595,1.5912,0.0,0.0
1779816506153,1,Pitching Mound.Delivery,,Loading,pitch.0,334487,0.8567,0.2332,1.3839,1.281,-0.6682,2.0419,0.0,0.0
1779816506153,1,Pitching Mound.Drive,,Loading,pitch.0,335002,-1.2267,25.4277,103.655,84.6385,-15.929,27.316,0.0163,0.0867
1779816506153,1,Pitching Mound.Parent,,Loading,pitch.0,334194,-0.37,25.6609,105.0389,85.9195,-16.5971,29.3579,0.0161,0.0873
1779816506154,1,11.0000004b,Drive,Loading,pitch.0,335003,-1.2206,25.5074,103.8068,84.7863,-16.0573,27.3915,0.0164,0.0867
1779816506154,1,12.00000015,Lower Delivery,Loading,pitch.0,334728,-0.2704,-0.7358,1.0096,-0.0652,-0.0083,-0.012,0.0,0.0
1779816506154,1,12.00000015,Lower Delivery,Loading,pitch.0,334729,-0.2661,-0.7522,1.0202,-0.0669,-0.0072,-0.0058,0.0,0.0
1779816506154,1,12.00000018,Upper Delivery,Loading,pitch.0,335284,1.1271,1.0195,0.3911,1.2162,-0.5124,1.5739,0.0,0.0
1779816506154,1,Pitching Mound.Delivery,,Loading,pitch.0,334488,0.8567,0.2837,1.4006,1.3612,-0.5207,2.0371,0.0,0.0
1779816506154,1,Pitching Mound.Drive,,Loading,pitch.0,335003,-1.2206,25.5074,103.8068,84.7863,-16.0573,27.3915,0.0164,0.0867
1779816506154,1,Pitching Mound.Parent,,Loading,pitch.0,334195,-0.3638,25.7911,105.2074,86.1475,-16.578,29.4286,0.0162,0.0876
1779816506155,1,11.0000004b,Drive,Loading,pitch.0,335004,-1.2207,25.5853,103.9263,84.8693,-16.1063,27.4344,0.0165,0.0867
1779816506155,1,12.00000018,Upper Delivery,Loading,pitch.0,335285,1.129,0.9676,0.3363,1.1439,-0.6158,1.6138,0.0,0.0
1779816506155,1,Pitching Mound.Delivery,,Loading,pitch.0,334489,0.8629,0.2154,1.3565,1.3096,-0.623,2.0823,0.0,0.0
1779816506155,1,Pitching Mound.Drive,,Loading,pitch.0,335004,-1.2207,25.5853,103.9263,84.8693,-16.1063,27.4344,0.0165,0.0867
1779816506155,1,Pitching Mound.Parent,,Loading,pitch.0,334196,-0.3578,25.8008,105.2828,86.1789,-16.7293,29.5167,0.0162,0.0878
1779816506156,1,11.0000004b,Drive,Loading,pitch.0,335005,-1.2468,25.6833,104.0353,84.8117,-16.1498,27.4734,0.0165,0.0865
1779816506156,1,12.00000015,Lower Delivery,Loading,pitch.0,334730,-0.259,-0.7539,1.0507,-0.0704,-0.0065,0.0204,0.0,0.0
1779816506156,1,12.00000018,Upper Delivery,Loading,pitch.0,335286,1.14,0.9691,0.3542,1.189,-0.5142,1.6201,0.0,0.0
1779816506156,1,Pitching Mound.Delivery,,Loading,pitch.0,334490,0.881,0.2152,1.4049,1.3553,-0.5206,2.1162,0.0,0.0
1779816506156,1,Pitching Mound.Drive,,Loading,pitch.0,335005,-1.2468,25.6833,104.0353,84.8117,-16.1498,27.4734,0.0165,0.0865
1779816506156,1,Pitching Mound.Parent,,Loading,pitch.0,334197,-0.3658,25.8985,105.4402,86.1671,-16.6704,29.5896,0.0163,0.0876
1779816506157,1,11.0000004b,Drive,Loading,pitch.0,335006,-1.2629,25.7772,104.1371,84.8731,-16.2524,27.5376,0.0166,0.0865
1779816506157,1,12.00000015,Lower Delivery,Loading,pitch.0,334731,-0.272,-0.7561,1.0665,-0.0688,-0.0107,0.0169,0.0,0.0
1779816506157,1,12.00000018,Upper Delivery,Loading,pitch.0,335287,1.1428,0.959,0.3124,1.2301,-0.3964,1.6369,0.0,0.0
1779816506157,1,Pitching Mound.Delivery,,Loading,pitch.0,334491,0.8708,0.2029,1.3789,1.4177,-0.4071,2.1348,0.0,0.0
1779816506157,1,Pitching Mound.Drive,,Loading,pitch.0,335006,-1.2629,25.7772,104.1371,84.8731,-16.2524,27.5376,0.0166,0.0865
1779816506157,1,Pitching Mound.Parent,,Loading,pitch.0,334198,-0.3921,25.9801,105.516,86.2907,-16.6595,29.6725,0.0164,0.0878
1779816506158,1,11.0000004b,Drive,Loading,pitch.0,335007,-1.2968,25.8699,104.2237,84.9142,-16.286,27.5672,0.0166,0.0865
1779816506158,1,12.00000015,Lower Delivery,Loading,pitch.0,334732,-0.2638,-0.7438,1.1058,-0.0718,-0.0049,0.013,0.0,0.0
1779816506158,1,12.00000018,Upper Delivery,Loading,pitch.0,335288,1.1334,1.0565,0.4434,1.2538,-0.1642,1.5981,0.0,0.0
1779816506158,1,Pitching Mound.Delivery,,Loading,pitch.0,334492,0.8696,0.3127,1.5492,1.4072,-0.1691,2.0861,0.0,0.0
1779816506158,1,Pitching Mound.Drive,,Loading,pitch.0,335007,-1.2968,25.8699,104.2237,84.9142,-16.286,27.5672,0.0166,0.0865
1779816506158,1,Pitching Mound.Parent,,Loading,pitch.0,334199,-0.4272,26.1826,105.7729,86.3214,-16.4552,29.6533,0.0163,0.0874
1779816506159,1,11.0000004b,Drive,Loading,pitch.0,335008,-1.3263,25.9546,104.3378,85.1259,-16.4329,27.6084,0.0167,0.0866
1779816506159,1,12.00000015,Lower Delivery,Loading,pitch.0,334733,-0.2618,-0.7502,0.9787,-0.0717,-0.0044,0.0098,0.0,0.0
1779816506159,1,12.00000015,Lower Delivery,Loading,pitch.0,334734,-0.263,-0.7497,0.9797,-0.0758,0.006,0.0056,0.0,0.0
1779816506159,1,12.00000018,Upper Delivery,Loading,pitch.0,335289,1.1793,1.0134,0.4559,1.3279,-0.1878,1.6024,0.0,0.0
1779816506159,1,Pitching Mound.Delivery,,Loading,pitch.0,334493,0.9174,0.2632,1.4346,1.434,-0.1922,2.1022,0.0,0.0
1779816506159,1,Pitching Mound.Drive,,Loading,pitch.0,335008,-1.3263,25.9546,104.3378,85.1259,-16.4329,27.6084,0.0167,0.0866
1779816506159,1,Pitching Mound.Parent,,Loading,pitch.0,334200,-0.4089,26.2177,105.7724,86.5598,-16.6251,29.7106,0.0165,0.0871
1779816506160,1,11.0000004b,Drive,Loading,pitch.0,335009,-1.3595,26.0431,104.446,85.1766,-16.522,27.674,0.0168,0.0866
1779816506160,1,12.00000018,Upper Delivery,Loading,pitch.0,335290,1.1523,0.9997,0.4046,1.2817,-0.1891,1.6279,0.0,0.0
1779816506160,1,Pitching Mound.Delivery,,Loading,pitch.0,334494,0.8893,0.25,1.3844,1.4014,-0.1831,2.1147,0.0,0.0
1779816506160,1,Pitching Mound.Drive,,Loading,pitch.0,335009,-1.3595,26.0431,104.446,85.1766,-16.522,27.674,0.0168,0.0866
1779816506160,1,Pitching Mound.Parent,,Loading,pitch.0,334201,-0.4702,26.2931,105.8304,86.578,-16.7051,29.7886,0.0166,0.0873
1779816506161,1,11.0000004b,Drive,Loading,pitch.0,335010,-1.3927,26.142,104.4794,85.3275,-16.7822,27.7459,0.0171,0.0867
1779816506161,1,12.00000015,Lower Delivery,Loading,pitch.0,334735,-0.2527,-0.7259,0.9578,-0.0765,0.003,0.0142,0.0,0.0
1779816506161,1,12.00000015,Lower Delivery,Loading,pitch.0,334736,-0.2707,-0.6933,0.884,-0.0775,0.0161,0.0069,0.0,0.0
1779816506161,1,12.00000018,Upper Delivery,Loading,pitch.0,335291,1.1813,0.9977,0.3683,1.3463,-0.3085,1.6352,0.0,0.0
1779816506161,1,Pitching Mound.Delivery,,Loading,pitch.0,334495,0.9286,0.2718,1.3261,1.4703,-0.3056,2.137,0.0,0.0
1779816506161,1,Pitching Mound.Drive,,Loading,pitch.0,335010,-1.3927,26.142,104.4794,85.3275,-16.7822,27.7459,0.0171,0.0867
1779816506161,1,Pitching Mound.Parent,,Loading,pitch.0,334202,-0.4641,26.4139,105.8055,86.7978,-17.0878,29.8829,0.0168,0.0875
1779816506162,1,11.0000004b,Drive,Loading,pitch.0,335011,-1.429,26.2459,104.5435,85.4306,-16.8148,27.7937,0.0171,0.0868
1779816506162,1,12.00000018,Upper Delivery,Loading,pitch.0,335292,1.1461,1.0224,0.3561,1.4491,-0.4613,1.6809,0.0,0.0
1779816506162,1,Pitching Mound.Delivery,,Loading,pitch.0,334496,0.8754,0.3292,1.2401,1.5511,-0.4453,2.1695,0.0,0.0
1779816506162,1,Pitching Mound.Drive,,Loading,pitch.0,335011,-1.429,26.2459,104.5435,85.4306,-16.8148,27.7937,0.0171,0.0868
1779816506162,1,Pitching Mound.Parent,,Loading,pitch.0,334203,-0.5536,26.5751,105.7836,86.9817,-17.2601,29.9633,0.0169,0.0874
1779816506163,1,11.0000004b,Drive,Loading,pitch.0,335012,-1.4642,26.3309,104.5935,85.5657,-17.0115,27.8315,0.0173,0.0868
1779816506163,1,12.00000015,Lower Delivery,Loading,pitch.0,334737,-0.274,-0.6955,0.9443,-0.0771,0.0122,0.0146,0.0,0.0
1779816506163,1,12.00000018,Upper Delivery,Loading,pitch.0,335293,1.1406,1.0013,0.3001,1.3689,-0.4237,1.664,0.0,0.0
1779816506163,1,Pitching Mound.Delivery,,Loading,pitch.0,334497,0.8666,0.3058,1.2444,1.5109,-0.4115,2.1596,0.0,0.0
1779816506163,1,Pitching Mound.Drive,,Loading,pitch.0,335012,-1.4642,26.3309,104.5935,85.5657,-17.0115,27.8315,0.0173,0.0868
1779816506163,1,Pitching Mound.Parent,,Loading,pitch.0,334204,-0.5976,26.6366,105.8379,87.0765,-17.423,29.9911,0.0171,0.0879
1779816506164,1,11.0000004b,Drive,Loading,pitch.0,335013,-1.4913,26.4279,104.6913,85.6271,-17.1807,27.8791,0.0174,0.0868
1779816506164,1,12.00000015,Lower Delivery,Loading,pitch.0,334738,-0.2619,-0.6944,0.976,-0.0811,0.0114,-0.0006,0.0,0.0
1779816506164,1,12.00000018,Upper Delivery,Loading,pitch.0,335294,1.1122,1.0102,0.3367,1.6072,-0.6529,1.6694,0.0,0.0
1779816506164,1,Pitching Mound.Delivery,,Loading,pitch.0,334498,0.8503,0.3158,1.3127,1.7435,-0.6414,2.136,0.0,0.0
1779816506164,1,Pitching Mound.Drive,,Loading,pitch.0,335013,-1.4913,26.4279,104.6913,85.6271,-17.1807,27.8791,0.0174,0.0868
1779816506164,1,Pitching Mound.Parent,,Loading,pitch.0,334205,-0.641,26.7437,106.004,87.3705,-17.8222,30.0151,0.0172,0.0878
1779816506165,1,11.0000004b,Drive,Loading,pitch.0,335014,-1.5219,26.5297,104.7518,85.6539,-17.3335,27.9141,0.0176,0.0868
1779816506165,1,12.00000015,Lower Delivery,Loading,pitch.0,334739,-0.2638,-0.7157,0.9886,-0.0796,0.0067,-0.0061,0.0,0.0
1779816506165,1,12.00000018,Upper Delivery,Loading,pitch.0,335295,1.0924,1.0225,0.3678,1.682,-0.721,1.6887,0.0,0.0
1779816506165,1,Pitching Mound.Delivery,,Loading,pitch.0,334499,0.8286,0.3068,1.3563,1.8135,-0.7143,2.1437,0.0,0.0
1779816506165,1,Pitching Mound.Drive,,Loading,pitch.0,335014,-1.5219,26.5297,104.7518,85.6539,-17.3335,27.9141,0.0176,0.0868
1779816506165,1,Pitching Mound.Parent,,Loading,pitch.0,334206,-0.6933,26.8366,106.1082,87.4674,-18.0478,30.0579,0.0173,0.0877
1779816506166,1,11.0000004b,Drive,Loading,pitch.0,335015,-1.5566,26.6259,104.8133,85.8201,-17.592,28.0078,0.0178,0.0869
1779816506166,1,12.00000015,Lower Delivery,Loading,pitch.0,334740,-0.2489,-0.7368,1.0616,-0.0856,0.0,-0.0125,0.0,0.0
1779816506166,1,12.00000018,Upper Delivery,Loading,pitch.0,335296,1.09,1.0066,0.3838,1.7099,-0.8573,1.7233,0.0,0.0
1779816506166,1,Pitching Mound.Delivery,,Loading,pitch.0,334500,0.8411,0.2698,1.4454,1.8547,-0.8573,2.166,0.0,0.0
1779816506166,1,Pitching Mound.Drive,,Loading,pitch.0,335015,-1.5566,26.6259,104.8133,85.8201,-17.592,28.0078,0.0178,0.0869
1779816506166,1,Pitching Mound.Parent,,Loading,pitch.0,334207,-0.7154,26.8957,106.2587,87.6748,-18.4492,30.1738,0.0176,0.0879
1779816506167,1,11.0000004b,Drive,Loading,pitch.0,335016,-1.5827,26.7222,104.8905,86.003,-17.6826,28.0712,0.0179,0.087
1779816506167,1,12.00000015,Lower Delivery,Loading,pitch.0,334741,-0.2453,-0.7154,0.9468,-0.0873,-0.0023,-0.016,0.0,0.0
1779816506167,1,12.00000018,Upper Delivery,Loading,pitch.0,335297,1.0788,0.9734,0.3739,1.6306,-0.91,1.7072,0.0,0.0
1779816506167,1,Pitching Mound.Delivery,,Loading,pitch.0,334501,0.8335,0.258,1.3207,1.738,-0.9123,2.1414,0.0,0.0
1779816506167,1,Pitching Mound.Drive,,Loading,pitch.0,335016,-1.5827,26.7222,104.8905,86.003,-17.6826,28.0712,0.0179,0.087
1779816506167,1,Pitching Mound.Parent,,Loading,pitch.0,334208,-0.7491,26.9802,106.2113,87.741,-18.5949,30.2126,0.0177,0.0878
1779816506168,1,11.0000004b,Drive,Loading,pitch.0,335017,-1.6056,26.8097,104.9625,86.1949,-17.8938,28.1576,0.0181,0.0872
1779816506168,1,12.00000015,Lower Delivery,Loading,pitch.0,334742,-0.2389,-0.7005,1.0175,-0.094,-0.0171,-0.0193,0.0,0.0
1779816506168,1,12.00000018,Upper Delivery,Loading,pitch.0,335298,1.0875,0.9395,0.3413,1.6268,-1.1478,1.761,0.0,0.0
1779816506168,1,Pitching Mound.Delivery,,Loading,pitch.0,334502,0.8486,0.239,1.3588,1.7627,-1.1649,2.1926,0.0,0.0
1779816506168,1,Pitching Mound.Drive,,Loading,pitch.0,335017,-1.6056,26.8097,104.9625,86.1949,-17.8938,28.1576,0.0181,0.0872
1779816506168,1,Pitching Mound.Parent,,Loading,pitch.0,334209,-0.7569,27.0487,106.3213,87.9576,-19.0587,30.3502,0.0179,0.0882
1779816506169,1,11.0000004b,Drive,Loading,pitch.0,335018,-1.6268,26.9127,105.0321,86.3438,-18.1431,28.2627,0.0183,0.0873
1779816506169,1,12.00000015,Lower Delivery,Loading,pitch.0,334743,-0.2356,-0.7116,0.9844,-0.1035,-0.021,-0.0188,0.0,0.0
1779816506169,1,12.00000018,Upper Delivery,Loading,pitch.0,335299,1.12,0.9564,0.3215,1.6468,-1.2729,1.7711,0.0,0.0
1779816506169,1,Pitching Mound.Delivery,,Loading,pitch.0,334503,0.8844,0.2449,1.3059,1.7687,-1.2939,2.2132,0.0,0.0
1779816506169,1,Pitching Mound.Drive,,Loading,pitch.0,335018,-1.6268,26.9127,105.0321,86.3438,-18.1431,28.2627,0.0183,0.0873
1779816506169,1,Pitching Mound.Parent,,Loading,pitch.0,334210,-0.7423,27.1576,106.338,88.1125,-19.437,30.4759,0.0181,0.0883
1779816506170,1,11.0000004b,Drive,Loading,pitch.0,335019,-1.6502,26.9963,105.1701,86.4139,-18.273,28.3837,0.0184,0.0872
1779816506170,1,12.00000015,Lower Delivery,Loading,pitch.0,334744,-0.234,-0.6745,1.0194,-0.0984,-0.0224,-0.0205,0.0,0.0
1779816506170,1,12.00000018,Upper Delivery,Loading,pitch.0,335300,1.1138,0.9884,0.3582,1.6422,-1.2692,1.7818,0.0,0.0
1779816506170,1,Pitching Mound.Delivery,,Loading,pitch.0,334504,0.8798,0.3139,1.3776,1.7686,-1.2916,2.2195,0.0,0.0
1779816506170,1,Pitching Mound.Drive,,Loading,pitch.0,335019,-1.6502,26.9963,105.1701,86.4139,-18.273,28.3837,0.0184,0.0872
1779816506170,1,Pitching Mound.Parent,,Loading,pitch.0,334211,-0.7704,27.3102,106.5477,88.1825,-19.5646,30.6032,0.0182,0.0882
1779816506171,1,11.0000004b,Drive,Loading,pitch.0,335020,-1.6869,27.0856,105.2887,86.5538,-18.4993,28.481,0.0187,0.0873
1779816506171,1,12.00000015,Lower Delivery,Loading,pitch.0,334745,-0.2503,-0.666,1.0545,-0.0959,-0.0181,-0.0213,0.0,0.0
1779816506171,1,12.00000018,Upper Delivery,Loading,pitch.0,335301,1.1151,1.0261,0.4559,1.5906,-1.0109,1.7731,0.0,0.0
1779816506171,1,Pitching Mound.Delivery,,Loading,pitch.0,334505,0.8648,0.3601,1.5103,1.6982,-1.029,2.216,0.0,0.0
1779816506171,1,Pitching Mound.Drive,,Loading,pitch.0,335020,-1.6869,27.0856,105.2887,86.5538,-18.4993,28.481,0.0187,0.0873
1779816506171,1,Pitching Mound.Parent,,Loading,pitch.0,334212,-0.8222,27.4457,106.799,88.252,-19.5283,30.697,0.0184,0.0879
1779816506172,1,11.0000004b,Drive,Loading,pitch.0,335021,-1.7268,27.1857,105.4544,86.6689,-18.6401,28.6013,0.0188,0.0873
1779816506172,1,12.00000015,Lower Delivery,Loading,pitch.0,334746,-0.2485,-0.623,0.9741,-0.1051,-0.0333,-0.0243,0.0,0.0
1779816506172,1,12.00000018,Upper Delivery,Loading,pitch.0,335302,1.1207,1.015,0.463,1.5883,-1.4341,1.783,0.0,0.0
1779816506172,1,Pitching Mound.Delivery,,Loading,pitch.0,334506,0.8722,0.392,1.4371,1.657,-1.4675,2.2242,0.0,0.0
1779816506172,1,Pitching Mound.Drive,,Loading,pitch.0,335021,-1.7268,27.1857,105.4544,86.6689,-18.6401,28.6013,0.0188,0.0873
1779816506172,1,Pitching Mound.Parent,,Loading,pitch.0,334213,-0.8546,27.5778,106.8916,88.326,-20.1076,30.8255,0.0185,0.0877
1779816506173,1,11.0000004b,Drive,Loading,pitch.0,335022,-1.7634,27.2867,105.5241,86.7591,-18.9933,28.7232,0.0191,0.0873
1779816506173,1,12.00000015,Lower Delivery,Loading,pitch.0,334747,-0.263,-0.6897,1.0361,-0.1043,-0.0237,-0.0212,0.0,0.0
1779816506173,1,12.00000018,Upper Delivery,Loading,pitch.0,335303,1.1057,1.0493,0.5268,1.5848,-1.3386,1.8285,0.0,0.0
1779816506173,1,Pitching Mound.Delivery,,Loading,pitch.0,334507,0.8427,0.3596,1.563,1.6537,-1.3623,2.2727,0.0,0.0
1779816506173,1,Pitching Mound.Drive,,Loading,pitch.0,335022,-1.7634,27.2867,105.5241,86.7591,-18.9933,28.7232,0.0191,0.0873
1779816506173,1,Pitching Mound.Parent,,Loading,pitch.0,334214,-0.9207,27.6463,107.0871,88.4127,-20.3556,30.9959,0.0188,0.0876
1779816506174,1,11.0000004b,Drive,Loading,pitch.0,335023,-1.8127,27.382,105.6851,86.863,-19.1576,28.8517,0.0192,0.0873
1779816506174,1,12.00000015,Lower Delivery,Loading,pitch.0,334748,-0.2571,-0.6718,0.9317,-0.1065,-0.017,-0.0205,0.0,0.0
1779816506174,1,12.00000018,Upper Delivery,Loading,pitch.0,335304,1.0959,1.0575,0.5454,1.5493,-1.1016,1.7869,0.0,0.0
1779816506174,1,Pitching Mound.Delivery,,Loading,pitch.0,334508,0.8387,0.3857,1.4771,1.5741,-1.1186,2.2265,0.0,0.0
1779816506174,1,Pitching Mound.Drive,,Loading,pitch.0,335023,-1.8127,27.382,105.6851,86.863,-19.1576,28.8517,0.0192,0.0873
1779816506174,1,Pitching Mound.Parent,,Loading,pitch.0,334215,-0.974,27.7677,107.1622,88.4371,-20.2762,31.0781,0.019,0.0873
1779816506175,1,11.0000004b,Drive,Loading,pitch.0,335024,-1.8648,27.4946,105.8284,87.0142,-19.3923,28.9801,0.0195,0.0873
1779816506175,1,12.00000015,Lower Delivery,Loading,pitch.0,334749,-0.2798,-0.6813,0.9491,-0.0969,-0.0101,-0.0177,0.0,0.0
1779816506175,1,12.00000018,Upper Delivery,Loading,pitch.0,335305,1.0984,1.05,0.6054,1.5459,-0.9574,1.7971,0.0,0.0
1779816506175,1,Pitching Mound.Delivery,,Loading,pitch.0,334509,0.8186,0.3686,1.5545,1.5658,-0.9675,2.2481,0.0,0.0
1779816506175,1,Pitching Mound.Drive,,Loading,pitch.0,335024,-1.8648,27.4946,105.8284,87.0142,-19.3923,28.9801,0.0195,0.0873
1779816506175,1,Pitching Mound.Parent,,Loading,pitch.0,334216,-1.0461,27.8632,107.3829,88.58,-20.3598,31.2282,0.0192,0.0871
1779816506176,1,11.0000004b,Drive,Loading,pitch.0,335025,-1.9161,27.5969,106.0073,87.1181,-19.5704,29.1124,0.0196,0.0872
1779816506176,1,12.00000015,Lower Delivery,Loading,pitch.0,334750,-0.2757,-0.6951,0.9591,-0.0837,-0.0052,-0.0203,0.0,0.0
1779816506176,1,12.00000018,Upper Delivery,Loading,pitch.0,335306,1.0749,1.0533,0.6107,1.55,-0.8068,1.81,0.0,0.0
1779816506176,1,Pitching Mound.Delivery,,Loading,pitch.0,334510,0.7992,0.3581,1.5698,1.5847,-0.812,2.2489,0.0,0.0
1779816506176,1,Pitching Mound.Drive,,Loading,pitch.0,335025,-1.9161,27.5969,106.0073,87.1181,-19.5704,29.1124,0.0196,0.0872
1779816506176,1,Pitching Mound.Parent,,Loading,pitch.0,334217,-1.1169,27.955,107.5771,88.7028,-20.3824,31.3613,0.0193,0.0871
1779816506177,1,11.0000004b,Drive,Loading,pitch.0,335026,-1.9635,27.7114,106.1957,87.1953,-19.6798,29.2479,0.0197,0.0872
1779816506177,1,12.00000015,Lower Delivery,Loading,pitch.0,334751,-0.2912,-0.6984,0.8719,-0.0837,0.0014,-0.016,0.0,0.0
1779816506177,1,12.00000018,Upper Delivery,Loading,pitch.0,335307,1.0749,1.0609,0.6613,1.4879,-0.7421,1.7633,0.0,0.0
1779816506177,1,Pitching Mound.Delivery,,Loading,pitch.0,334511,0.7837,0.3624,1.5331,1.4758,-0.7407,2.2117,0.0,0.0
1779816506177,1,Pitching Mound.Drive,,Loading,pitch.0,335026,-1.9635,27.7114,106.1957,87.1953,-19.6798,29.2479,0.0197,0.0872
1779816506177,1,Pitching Mound.Parent,,Loading,pitch.0,334218,-1.1798,28.0738,107.7289,88.6711,-20.4205,31.4597,0.0194,0.0866
1779816506178,1,11.0000004b,Drive,Loading,pitch.0,335027,-2.0593,27.8308,106.3502,87.2979,-19.712,29.377,0.0197,0.0871
1779816506178,1,12.00000015,Lower Delivery,Loading,pitch.0,334753,-0.3012,-0.7022,0.9285,-0.0659,0.0228,-0.0117,0.0,0.0
1779816506178,1,12.00000015,Lower Delivery,Loading,pitch.0,334752,-0.2939,-0.7271,1.0098,-0.0763,0.0218,-0.0126,0.0,0.0
1779816506178,1,12.00000018,Upper Delivery,Loading,pitch.0,335308,1.0723,1.0731,0.6433,1.399,-0.6553,1.7686,0.0,0.0
1779816506178,1,Pitching Mound.Delivery,,Loading,pitch.0,334512,0.7784,0.346,1.653,1.4473,-0.6335,2.2205,0.0,0.0
1779816506178,1,Pitching Mound.Drive,,Loading,pitch.0,335027,-2.0593,27.8308,106.3502,87.2979,-19.712,29.377,0.0197,0.0871
1779816506178,1,Pitching Mound.Parent,,Loading,pitch.0,334219,-1.2809,28.1768,108.0032,88.7453,-20.3455,31.5975,0.0194,0.087
1779816506179,1,11.0000004b,Drive,Loading,pitch.0,335028,-2.1251,27.9481,106.6468,87.4725,-19.8644,29.4924,0.0198,0.0871
1779816506179,1,12.00000015,Lower Delivery,Loading,pitch.0,334754,-0.2714,-0.686,0.8965,-0.0677,0.0148,-0.0135,0.0,0.0
1779816506179,1,12.00000018,Upper Delivery,Loading,pitch.0,335309,1.0814,1.0758,0.7061,1.338,-0.5356,1.7266,0.0,0.0
1779816506179,1,Pitching Mound.Delivery,,Loading,pitch.0,334513,0.7801,0.3735,1.6346,1.3477,-0.5128,2.185,0.0,0.0
1779816506179,1,Pitching Mound.Drive,,Loading,pitch.0,335028,-2.1251,27.9481,106.6468,87.4725,-19.8644,29.4924,0.0198,0.0871
1779816506179,1,Pitching Mound.Parent,,Loading,pitch.0,334220,-1.3449,28.3216,108.2814,88.8203,-20.3772,31.6775,0.0195,0.0865
1779816506180,1,11.0000004b,Drive,Loading,pitch.0,335029,-2.2051,28.0475,106.795,87.6335,-19.9996,29.6396,0.0199,0.0871
1779816506180,1,12.00000015,Lower Delivery,Loading,pitch.0,334755,-0.2544,-0.7136,0.9742,-0.0702,0.0095,-0.0097,0.0,0.0
1779816506180,1,12.00000018,Upper Delivery,Loading,pitch.0,335310,1.0715,1.0576,0.6608,1.3039,-0.6057,1.7111,0.0,0.0
1779816506180,1,12.00000018,Upper Delivery,Loading,pitch.0,335311,1.0492,1.0283,0.6394,1.3086,-0.6452,1.7464,0.0,0.0
1779816506180,1,Pitching Mound.Delivery,,Loading,pitch.0,334515,0.7948,0.3148,1.6136,1.3521,-0.6358,2.1799,0.0,0.0
1779816506180,1,Pitching Mound.Delivery,,Loading,pitch.0,334514,0.8002,0.3716,1.5573,1.3164,-0.5909,2.1542,0.0,0.0
1779816506180,1,Pitching Mound.Drive,,Loading,pitch.0,335029,-2.2051,28.0475,106.795,87.6335,-19.9996,29.6396,0.0199,0.0871
1779816506180,1,Pitching Mound.Parent,,Loading,pitch.0,334221,-1.405,28.4191,108.3523,88.9499,-20.5905,31.7938,0.0196,0.0866
1779816506181,1,11.0000004b,Drive,Loading,pitch.0,335030,-2.2678,28.168,106.9804,87.8061,-20.1924,29.7575,0.02,0.0871
1779816506181,1,11.0000004b,Drive,Loading,pitch.0,335031,-2.352,28.304,107.1551,87.9776,-20.2634,29.8932,0.0201,0.0872
1779816506181,1,12.00000018,Upper Delivery,Loading,pitch.0,335312,1.0414,1.0609,0.6351,1.4803,-0.7558,1.7593,0.0,0.0
1779816506181,1,Pitching Mound.Drive,,Loading,pitch.0,335030,-2.2678,28.168,106.9804,87.8061,-20.1924,29.7575,0.02,0.0871
1779816506181,1,Pitching Mound.Drive,,Loading,pitch.0,335031,-2.352,28.304,107.1551,87.9776,-20.2634,29.8932,0.0201,0.0872
1779816506181,1,Pitching Mound.Parent,,Loading,pitch.0,334222,-1.473,28.4828,108.5939,89.1582,-20.8282,31.9374,0.0197,0.0869
1779816506182,1,12.00000015,Lower Delivery,Loading,pitch.0,334756,-0.2343,-0.6929,0.9703,-0.0687,0.0122,-0.0134,0.0,0.0
1779816506182,1,12.00000015,Lower Delivery,Loading,pitch.0,334757,-0.2153,-0.7123,1.0038,-0.0698,0.0037,-0.0104,0.0,0.0
1779816506182,1,12.00000018,Upper Delivery,Loading,pitch.0,335313,1.0676,1.08,0.5953,1.4126,-0.8096,1.7788,0.0,0.0
1779816506182,1,Pitching Mound.Delivery,,Loading,pitch.0,334516,0.8071,0.368,1.6054,1.5256,-0.7436,2.1796,0.0,0.0
1779816506182,1,Pitching Mound.Delivery,,Loading,pitch.0,334517,0.8523,0.3676,1.5991,1.4817,-0.8059,2.2046,0.0,0.0
1779816506182,1,Pitching Mound.Parent,,Loading,pitch.0,334223,-1.5449,28.672,108.7605,89.5032,-21.007,32.0728,0.0198,0.0869
1779816506183,1,11.0000004b,Drive,Loading,pitch.0,335032,-2.4294,28.4282,107.3095,88.1287,-20.3854,30.0195,0.0202,0.0872
1779816506183,1,12.00000015,Lower Delivery,Loading,pitch.0,334758,-0.2148,-0.6821,0.9869,-0.0587,0.0111,-0.0138,0.0,0.0
1779816506183,1,12.00000018,Upper Delivery,Loading,pitch.0,335314,1.0881,1.0428,0.525,1.3793,-0.8516,1.792,0.0,0.0
1779816506183,1,Pitching Mound.Delivery,,Loading,pitch.0,334518,0.8733,0.3607,1.5119,1.4776,-0.8405,2.2212,0.0,0.0
1779816506183,1,Pitching Mound.Drive,,Loading,pitch.0,335032,-2.4294,28.4282,107.3095,88.1287,-20.3854,30.0195,0.0202,0.0872
1779816506183,1,Pitching Mound.Parent,,Loading,pitch.0,334224,-1.5771,28.7958,108.9086,89.6103,-21.1913,32.2241,0.0199,0.0872
1779816506184,1,11.0000004b,Drive,Loading,pitch.0,335033,-2.4787,28.5442,107.5799,88.3108,-20.5322,30.1645,0.0203,0.0871
1779816506184,1,12.00000015,Lower Delivery,Loading,pitch.0,334759,-0.2044,-0.6979,1.0924,-0.0558,0.005,-0.0102,0.0,0.0
1779816506184,1,12.00000018,Upper Delivery,Loading,pitch.0,335315,1.1039,1.0574,0.4883,1.4617,-0.9686,1.8015,0.0,0.0
1779816506184,1,Pitching Mound.Delivery,,Loading,pitch.0,334519,0.8996,0.3594,1.5807,1.6114,-0.9636,2.2362,0.0,0.0
1779816506184,1,Pitching Mound.Drive,,Loading,pitch.0,335033,-2.4787,28.5442,107.5799,88.3108,-20.5322,30.1645,0.0203,0.0871
1779816506184,1,Pitching Mound.Parent,,Loading,pitch.0,334225,-1.6054,28.9049,109.0919,89.7884,-21.3727,32.3857,0.02,0.0874
1779816506185,1,11.0000004b,Drive,Loading,pitch.0,335034,-2.5382,28.6591,107.779,88.3988,-20.6131,30.3243,0.0203,0.0871
1779816506185,1,12.00000015,Lower Delivery,Loading,pitch.0,334760,-0.2005,-0.709,1.1857,-0.0666,-0.006,-0.011,0.0,0.0
1779816506185,1,Pitching Mound.Drive,,Loading,pitch.0,335034,-2.5382,28.6591,107.779,88.3988,-20.6131,30.3243,0.0203,0.0871
1779816506185,1,Pitching Mound.Parent,,Loading,pitch.0,334226,-1.6386,29.0185,109.3597,90.0102,-21.5767,32.5605,0.02,0.0877
1779816506186,1,11.0000004b,Drive,Loading,pitch.0,335035,-2.6168,28.7787,108.0218,88.5893,-20.7927,30.448,0.0204,0.0871
1779816506186,1,12.00000015,Lower Delivery,Loading,pitch.0,334761,-0.2075,-0.6948,1.1869,-0.0663,-0.003,-0.0143,0.0,0.0
1779816506186,1,12.00000018,Upper Delivery,Loading,pitch.0,335316,1.1087,1.0414,0.4719,1.486,-1.0025,1.805,0.0,0.0
1779816506186,1,12.00000018,Upper Delivery,Loading,pitch.0,335317,1.1183,0.9797,0.3615,1.5033,-1.0132,1.7678,0.0,0.0
1779816506186,1,Pitching Mound.Delivery,,Loading,pitch.0,334520,0.9083,0.3324,1.6575,1.6621,-1.0085,2.2391,0.0,0.0
1779816506186,1,Pitching Mound.Delivery,,Loading,pitch.0,334521,0.9108,0.2849,1.5484,1.7176,-1.0163,2.2043,0.0,0.0
1779816506186,1,Pitching Mound.Drive,,Loading,pitch.0,335035,-2.6168,28.7787,108.0218,88.5893,-20.7927,30.448,0.0204,0.0871
1779816506186,1,Pitching Mound.Parent,,Loading,pitch.0,334227,-1.7085,29.1112,109.6793,90.2514,-21.8012,32.687,0.0201,0.088
1779816506187,1,11.0000004b,Drive,Loading,pitch.0,335036,-2.6763,28.9143,108.2666,88.7449,-21.1067,30.5954,0.0207,0.087
1779816506187,1,11.0000004b,Drive,Loading,pitch.0,335037,-2.7306,29.0436,108.4154,89.0327,-21.343,30.7438,0.0209,0.0872
1779816506187,1,12.00000015,Lower Delivery,Loading,pitch.0,334762,-0.1941,-0.706,1.2379,-0.067,-0.0074,-0.0126,0.0,0.0
1779816506187,1,12.00000018,Upper Delivery,Loading,pitch.0,335318,1.1243,1.0266,0.3512,1.501,-0.921,1.7639,0.0,0.0
1779816506187,1,Pitching Mound.Delivery,,Loading,pitch.0,334522,0.9302,0.3207,1.5891,1.7355,-0.9284,2.1995,0.0,0.0
1779816506187,1,Pitching Mound.Drive,,Loading,pitch.0,335036,-2.6763,28.9143,108.2666,88.7449,-21.1067,30.5954,0.0207,0.087
1779816506187,1,Pitching Mound.Drive,,Loading,pitch.0,335037,-2.7306,29.0436,108.4154,89.0327,-21.343,30.7438,0.0209,0.0872
1779816506187,1,Pitching Mound.Parent,,Loading,pitch.0,334228,-1.7655,29.1992,109.815,90.4625,-22.123,32.7996,0.0204,0.0883
1779816506187,1,Pitching Mound.Parent,,Loading,pitch.0,334229,-1.8004,29.3643,110.0045,90.7682,-22.2714,32.9434,0.0206,0.0887
1779816506188,1,11.0000004b,Drive,Loading,pitch.0,335038,-2.7736,29.1664,108.7126,89.205,-21.6107,30.8622,0.0211,0.0871
1779816506188,1,12.00000015,Lower Delivery,Loading,pitch.0,334763,-0.2088,-0.7028,1.2257,-0.078,-0.0126,-0.017,0.0,0.0
1779816506188,1,12.00000018,Upper Delivery,Loading,pitch.0,335319,1.1476,1.0007,0.294,1.5318,-0.967,1.7939,0.0,0.0
1779816506188,1,Pitching Mound.Delivery,,Loading,pitch.0,334523,0.9387,0.2979,1.5197,1.7706,-0.9796,2.2381,0.0,0.0
1779816506188,1,Pitching Mound.Drive,,Loading,pitch.0,335038,-2.7736,29.1664,108.7126,89.205,-21.6107,30.8622,0.0211,0.0871
1779816506188,1,Pitching Mound.Parent,,Loading,pitch.0,334230,-1.8349,29.4643,110.2323,90.9756,-22.5903,33.1003,0.0208,0.0888
1779816506189,1,12.00000015,Lower Delivery,Loading,pitch.0,334764,-0.2141,-0.6968,1.2508,-0.0771,-0.0221,-0.0161,0.0,0.0
1779816506189,1,12.00000018,Upper Delivery,Loading,pitch.0,335320,1.1268,0.9548,0.3061,1.3161,-0.8288,1.7891,0.0,0.0
1779816506189,1,Pitching Mound.Delivery,,Loading,pitch.0,334524,0.9126,0.258,1.5569,1.5602,-0.8509,2.2289,0.0,0.0
1779816506190,1,11.0000004b,Drive,Loading,pitch.0,335039,-2.8254,29.3003,108.8696,89.444,-21.958,31.0114,0.0214,0.0872
1779816506190,1,12.00000015,Lower Delivery,Loading,pitch.0,334765,-0.2288,-0.69,1.1745,-0.0688,-0.0094,-0.0136,0.0,0.0
1779816506190,1,Pitching Mound.Drive,,Loading,pitch.0,335039,-2.8254,29.3003,108.8696,89.444,-21.958,31.0114,0.0214,0.0872
1779816506190,1,Pitching Mound.Parent,,Loading,pitch.0,334231,-1.9127,29.5583,110.4265,91.0042,-22.809,33.2403,0.0211,0.0889
1779816506191,1,11.0000004b,Drive,Loading,pitch.0,335040,-2.8852,29.4355,109.0755,89.6832,-22.1705,31.1129,0.0216,0.0873
1779816506191,1,11.0000004b,Drive,Loading,pitch.0,335041,-2.9334,29.5779,109.2348,89.8185,-22.3432,31.2328,0.0217,0.0873
1779816506191,1,12.00000015,Lower Delivery,Loading,pitch.0,334766,-0.2517,-0.6923,1.0434,-0.0655,0.0045,-0.0152,0.0,0.0
1779816506191,1,12.00000018,Upper Delivery,Loading,pitch.0,335321,1.1075,1.0073,0.3748,1.2621,-0.7304,1.757,0.0,0.0
1779816506191,1,Pitching Mound.Delivery,,Loading,pitch.0,334525,0.8787,0.3173,1.5493,1.4652,-0.7398,2.1977,0.0,0.0
1779816506191,1,Pitching Mound.Drive,,Loading,pitch.0,335040,-2.8852,29.4355,109.0755,89.6832,-22.1705,31.1129,0.0216,0.0873
1779816506191,1,Pitching Mound.Drive,,Loading,pitch.0,335041,-2.9334,29.5779,109.2348,89.8185,-22.3432,31.2328,0.0217,0.0873
1779816506191,1,Pitching Mound.Parent,,Loading,pitch.0,334232,-2.0065,29.7529,110.6248,91.1484,-22.9103,33.3106,0.0213,0.0885
1779816506192,1,11.0000004b,Drive,Loading,pitch.0,335042,-2.9876,29.7059,109.4401,89.9296,-22.5548,31.3412,0.0219,0.0872
1779816506192,1,12.00000015,Lower Delivery,Loading,pitch.0,334767,-0.2763,-0.6746,1.0396,-0.0672,0.0121,-0.0109,0.0,0.0
1779816506192,1,12.00000018,Upper Delivery,Loading,pitch.0,335322,1.1189,1.0077,0.3607,1.2288,-0.666,1.7014,0.0,0.0
1779816506192,1,Pitching Mound.Delivery,,Loading,pitch.0,334526,0.8672,0.3155,1.4041,1.3955,-0.6614,2.1523,0.0,0.0
1779816506192,1,Pitching Mound.Drive,,Loading,pitch.0,335042,-2.9876,29.7059,109.4401,89.9296,-22.5548,31.3412,0.0219,0.0872
1779816506192,1,Pitching Mound.Parent,,Loading,pitch.0,334233,-2.0662,29.8934,110.6389,91.2139,-23.0046,33.3851,0.0214,0.0883
1779816506193,1,11.0000004b,Drive,Loading,pitch.0,335043,-3.0431,29.8334,109.5886,90.1222,-22.7821,31.4473,0.0221,0.0873
1779816506193,1,12.00000015,Lower Delivery,Loading,pitch.0,334768,-0.2775,-0.6701,1.0172,-0.0719,0.0067,-0.0148,0.0,0.0
1779816506193,1,12.00000018,Upper Delivery,Loading,pitch.0,335324,1.0856,1.0899,0.4134,1.2168,-0.6132,1.6689,0.0,0.0
1779816506193,1,12.00000018,Upper Delivery,Loading,pitch.0,335323,1.1218,1.0439,0.3507,1.1598,-0.6028,1.6457,0.0,0.0
1779816506193,1,Pitching Mound.Delivery,,Loading,pitch.0,334528,0.8081,0.4198,1.4306,1.3502,-0.6066,2.1175,0.0,0.0
1779816506193,1,Pitching Mound.Delivery,,Loading,pitch.0,334527,0.8455,0.3693,1.3903,1.3268,-0.5906,2.1101,0.0,0.0
1779816506193,1,Pitching Mound.Drive,,Loading,pitch.0,335043,-3.0431,29.8334,109.5886,90.1222,-22.7821,31.4473,0.0221,0.0873
1779816506193,1,Pitching Mound.Parent,,Loading,pitch.0,334234,-2.142,30.0752,110.8304,91.2564,-23.1454,33.4513,0.0216,0.0883
1779816506193,1,Pitching Mound.Parent,,Loading,pitch.0,334235,-2.235,30.2532,111.0192,91.4724,-23.3886,33.5648,0.0218,0.088
1779816506194,1,11.0000004b,Drive,Loading,pitch.0,335044,-3.1112,29.975,109.7597,90.3187,-22.9971,31.5301,0.0222,0.0874
1779816506194,1,12.00000015,Lower Delivery,Loading,pitch.0,334769,-0.284,-0.6719,1.0328,-0.0804,0.011,-0.0098,0.0,0.0
1779816506194,1,Pitching Mound.Drive,,Loading,pitch.0,335044,-3.1112,29.975,109.7597,90.3187,-22.9971,31.5301,0.0222,0.0874
1779816506195,1,11.0000004b,Drive,Loading,pitch.0,335045,-3.178,30.1023,109.869,90.4344,-23.1427,31.6251,0.0224,0.0874
1779816506195,1,12.00000015,Lower Delivery,Loading,pitch.0,334770,-0.3187,-0.7214,1.0654,-0.0895,0.0104,-0.0058,0.0,0.0
1779816506195,1,12.00000018,Upper Delivery,Loading,pitch.0,335325,1.0791,1.0707,0.433,1.153,-0.5552,1.6758,0.0,0.0
1779816506195,1,Pitching Mound.Delivery,,Loading,pitch.0,334529,0.7951,0.3988,1.4658,1.2765,-0.5442,2.1294,0.0,0.0
1779816506195,1,Pitching Mound.Drive,,Loading,pitch.0,335045,-3.178,30.1023,109.869,90.4344,-23.1427,31.6251,0.0224,0.0874
1779816506195,1,Pitching Mound.Parent,,Loading,pitch.0,334236,-2.3161,30.3738,111.2255,91.5952,-23.5413,33.6595,0.022,0.088
1779816506196,1,11.0000004b,Drive,Loading,pitch.0,335046,-3.2373,30.2156,110.0234,90.5712,-23.2649,31.7432,0.0224,0.0874
1779816506196,1,12.00000015,Lower Delivery,Loading,pitch.0,334771,-0.3302,-0.727,1.0542,-0.0973,0.0089,0.0016,0.0,0.0
1779816506196,1,12.00000018,Upper Delivery,Loading,pitch.0,335326,1.059,1.0754,0.4168,1.1135,-0.4676,1.633,0.0,0.0
1779816506196,1,12.00000018,Upper Delivery,Loading,pitch.0,335327,1.0756,1.0922,0.3612,1.1712,-0.4281,1.6767,0.0,0.0
1779816506196,1,Pitching Mound.Delivery,,Loading,pitch.0,334530,0.7403,0.3541,1.4822,1.2445,-0.4572,2.0956,0.0,0.0
1779816506196,1,Pitching Mound.Delivery,,Loading,pitch.0,334531,0.7454,0.3652,1.4154,1.3095,-0.4192,2.1562,0.0,0.0
1779816506196,1,Pitching Mound.Drive,,Loading,pitch.0,335046,-3.2373,30.2156,110.0234,90.5712,-23.2649,31.7432,0.0224,0.0874
1779816506196,1,Pitching Mound.Parent,,Loading,pitch.0,334237,-2.4376,30.4564,111.3512,91.6789,-23.5999,33.7207,0.0221,0.0882
1779816506196,1,Pitching Mound.Parent,,Loading,pitch.0,334238,-2.4919,30.5808,111.4388,91.8807,-23.6841,33.8995,0.0222,0.0884
1779816506197,1,11.0000004b,Drive,Loading,pitch.0,335047,-3.3,30.3518,110.1713,90.6982,-23.5095,31.8873,0.0227,0.0874
1779816506197,1,12.00000015,Lower Delivery,Loading,pitch.0,334772,-0.3268,-0.7372,1.0804,-0.0915,0.0127,0.0018,0.0,0.0
1779816506197,1,12.00000018,Upper Delivery,Loading,pitch.0,335328,1.023,1.0929,0.5083,1.0606,-0.3702,1.7087,0.0,0.0
1779816506197,1,Pitching Mound.Delivery,,Loading,pitch.0,334532,0.6961,0.3557,1.5887,1.1637,-0.3575,2.1694,0.0,0.0
1779816506197,1,Pitching Mound.Drive,,Loading,pitch.0,335047,-3.3,30.3518,110.1713,90.6982,-23.5095,31.8873,0.0227,0.0874
1779816506197,1,Pitching Mound.Parent,,Loading,pitch.0,334239,-2.6039,30.7074,111.76,91.8618,-23.8669,34.0568,0.0223,0.0879
1779816506198,1,11.0000004b,Drive,Loading,pitch.0,335048,-3.3822,30.4808,110.3321,90.8441,-23.6871,31.9745,0.0228,0.0874
1779816506198,1,12.00000015,Lower Delivery,Loading,pitch.0,334773,-0.3452,-0.749,1.1297,-0.0853,0.0132,-0.0035,0.0,0.0
1779816506198,1,Pitching Mound.Drive,,Loading,pitch.0,335048,-3.3822,30.4808,110.3321,90.8441,-23.6871,31.9745,0.0228,0.0874
1779816506199,1,11.0000004b,Drive,Loading,pitch.0,335049,-3.4532,30.5942,110.4487,91.0263,-23.8036,32.14,0.0229,0.0875
1779816506199,1,12.00000015,Lower Delivery,Loading,pitch.0,334774,-0.3315,-0.7237,1.1844,-0.08,0.0102,0.0104,0.0,0.0
1779816506199,1,12.00000018,Upper Delivery,Loading,pitch.0,335329,1.048,1.1394,0.5403,1.1392,-0.4539,1.707,0.0,0.0
1779816506199,1,12.00000018,Upper Delivery,Loading,pitch.0,335330,1.034,1.1058,0.5368,1.1687,-0.39,1.7004,0.0,0.0
1779816506199,1,Pitching Mound.Delivery,,Loading,pitch.0,334534,0.7025,0.382,1.7212,1.3089,-0.3798,2.175,0.0,0.0
1779816506199,1,Pitching Mound.Delivery,,Loading,pitch.0,334533,0.7028,0.3905,1.67,1.2544,-0.4407,2.1772,0.0,0.0
1779816506199,1,Pitching Mound.Drive,,Loading,pitch.0,335049,-3.4532,30.5942,110.4487,91.0263,-23.8036,32.14,0.0229,0.0875
1779816506199,1,Pitching Mound.Parent,,Loading,pitch.0,334240,-2.6794,30.8713,112.002,92.0984,-24.1278,34.1517,0.0225,0.0879
1779816506199,1,Pitching Mound.Parent,,Loading,pitch.0,334241,-2.7506,30.9762,112.17,92.3352,-24.1833,34.315,0.0225,0.0881
1779816506200,1,11.0000004b,Drive,Loading,pitch.0,335050,-3.5408,30.7134,110.5928,91.0773,-24.0712,32.2753,0.0231,0.0874
1779816506200,1,12.00000015,Lower Delivery,Loading,pitch.0,334775,-0.3243,-0.7387,1.2889,-0.0668,0.0073,0.0253,0.0,0.0
1779816506200,1,12.00000018,Upper Delivery,Loading,pitch.0,335331,1.0462,1.1566,0.5818,1.2066,-0.402,1.687,0.0,0.0
1779816506200,1,Pitching Mound.Delivery,,Loading,pitch.0,334535,0.7219,0.4178,1.8708,1.3803,-0.3947,2.1782,0.0,0.0
1779816506200,1,Pitching Mound.Drive,,Loading,pitch.0,335050,-3.5408,30.7134,110.5928,91.0773,-24.0712,32.2753,0.0231,0.0874
1779816506200,1,Pitching Mound.Parent,,Loading,pitch.0,334242,-2.8189,31.1312,112.4635,92.4576,-24.4658,34.4535,0.0227,0.0881
1779816506201,1,11.0000004b,Drive,Loading,pitch.0,335051,-3.6275,30.8339,110.7554,91.2068,-24.1909,32.4024,0.0232,0.0874
1779816506201,1,12.00000015,Lower Delivery,Loading,pitch.0,334776,-0.3185,-0.7431,1.2638,-0.0763,-0.0111,0.0104,0.0,0.0
1779816506201,1,Pitching Mound.Drive,,Loading,pitch.0,335051,-3.6275,30.8339,110.7554,91.2068,-24.1909,32.4024,0.0232,0.0874
1779816506202,1,11.0000004b,Drive,Loading,pitch.0,335052,-3.7092,30.942,110.9473,91.2691,-24.4339,32.566,0.0234,0.0873
1779816506202,1,12.00000015,Lower Delivery,Loading,pitch.0,334777,-0.3065,-0.7091,1.3146,-0.0811,-0.014,-0.0055,0.0,0.0
1779816506202,1,12.00000018,Upper Delivery,Loading,pitch.0,335333,1.0586,1.1422,0.6564,1.3594,-0.5211,1.7094,0.0,0.0
1779816506202,1,12.00000018,Upper Delivery,Loading,pitch.0,335332,1.074,1.147,0.5728,1.2632,-0.5084,1.7206,0.0,0.0
1779816506202,1,Pitching Mound.Delivery,,Loading,pitch.0,334536,0.7555,0.4039,1.8366,1.4218,-0.5195,2.2045,0.0,0.0
1779816506202,1,Pitching Mound.Delivery,,Loading,pitch.0,334537,0.7521,0.4331,1.971,1.5022,-0.5351,2.1681,0.0,0.0
1779816506202,1,Pitching Mound.Drive,,Loading,pitch.0,335052,-3.7092,30.942,110.9473,91.2691,-24.4339,32.566,0.0234,0.0873
1779816506202,1,Pitching Mound.Parent,,Loading,pitch.0,334243,-2.872,31.2378,112.592,92.6286,-24.7104,34.6069,0.0228,0.0881
1779816506202,1,Pitching Mound.Parent,,Loading,pitch.0,334244,-2.957,31.3751,112.9183,92.7713,-24.969,34.7341,0.023,0.0878
1779816506203,1,11.0000004b,Drive,Loading,pitch.0,335053,-3.7897,31.0471,111.0519,91.4447,-24.7204,32.7102,0.0236,0.0874
1779816506203,1,12.00000015,Lower Delivery,Loading,pitch.0,334778,-0.2929,-0.6819,1.2297,-0.0786,-0.0136,-0.0073,0.0,0.0
1779816506203,1,Pitching Mound.Drive,,Loading,pitch.0,335053,-3.7897,31.0471,111.0519,91.4447,-24.7204,32.7102,0.0236,0.0874
1779816506204,1,11.0000004b,Drive,Loading,pitch.0,335054,-3.8719,31.1616,111.1843,91.5097,-24.8908,32.8461,0.0238,0.0874
1779816506204,1,12.00000015,Lower Delivery,Loading,pitch.0,334779,-0.2892,-0.6748,1.2787,-0.0719,0.0023,-0.0158,0.0,0.0
1779816506204,1,12.00000018,Upper Delivery,Loading,pitch.0,335334,1.0854,1.0957,0.5571,1.4926,-0.7894,1.722,0.0,0.0
1779816506204,1,12.00000018,Upper Delivery,Loading,pitch.0,335335,1.0683,1.1081,0.6369,1.4349,-0.6913,1.7146,0.0,0.0
1779816506204,1,Pitching Mound.Delivery,,Loading,pitch.0,334538,0.7925,0.4138,1.7867,1.6427,-0.8029,2.1834,0.0,0.0
1779816506204,1,Pitching Mound.Delivery,,Loading,pitch.0,334539,0.7791,0.4333,1.9157,1.5812,-0.689,2.1603,0.0,0.0
1779816506204,1,Pitching Mound.Drive,,Loading,pitch.0,335054,-3.8719,31.1616,111.1843,91.5097,-24.8908,32.8461,0.0238,0.0874
1779816506204,1,Pitching Mound.Parent,,Loading,pitch.0,334245,-2.9972,31.4609,112.8387,93.0874,-25.5233,34.8935,0.0233,0.0881
1779816506204,1,Pitching Mound.Parent,,Loading,pitch.0,334246,-3.0929,31.5949,113.0999,93.0909,-25.5798,35.0064,0.0234,0.0878
1779816506205,1,11.0000004b,Drive,Loading,pitch.0,335055,-3.959,31.2741,111.329,91.5772,-25.1293,33.012,0.024,0.0873
1779816506205,1,12.00000015,Lower Delivery,Loading,pitch.0,334780,-0.2909,-0.6555,1.2363,-0.0708,0.0044,-0.0168,0.0,0.0
1779816506205,1,12.00000018,Upper Delivery,Loading,pitch.0,335336,1.0961,1.1864,0.7128,1.5261,-0.6922,1.7437,0.0,0.0
1779816506205,1,Pitching Mound.Delivery,,Loading,pitch.0,334540,0.8053,0.5309,1.9491,1.6333,-0.6879,2.1984,0.0,0.0
1779816506205,1,Pitching Mound.Drive,,Loading,pitch.0,335055,-3.959,31.2741,111.329,91.5772,-25.1293,33.012,0.024,0.0873
1779816506205,1,Pitching Mound.Parent,,Loading,pitch.0,334247,-3.1537,31.805,113.2781,93.2106,-25.8172,35.2104,0.0236,0.0874
1779816506206,1,11.0000004b,Drive,Loading,pitch.0,335056,-4.0424,31.383,111.4355,91.6898,-25.3653,33.1262,0.0242,0.0874
1779816506206,1,12.00000015,Lower Delivery,Loading,pitch.0,334781,-0.2746,-0.6566,1.219,-0.0713,0.0078,-0.0182,0.0,0.0
1779816506206,1,12.00000018,Upper Delivery,Loading,pitch.0,335337,1.1315,1.1646,0.7148,1.4611,-0.6162,1.7159,0.0,0.0
1779816506206,1,Pitching Mound.Delivery,,Loading,pitch.0,334541,0.8569,0.508,1.9338,1.5612,-0.6084,2.1758,0.0,0.0
1779816506206,1,Pitching Mound.Drive,,Loading,pitch.0,335056,-4.0424,31.383,111.4355,91.6898,-25.3653,33.1262,0.0242,0.0874
1779816506206,1,Pitching Mound.Parent,,Loading,pitch.0,334248,-3.1855,31.891,113.3693,93.2509,-25.9738,35.302,0.0238,0.0874
1779816506207,1,11.0000004b,Drive,Loading,pitch.0,335057,-4.1121,31.4694,111.5494,91.6789,-25.4717,33.2643,0.0242,0.0873
1779816506207,1,12.00000015,Lower Delivery,Loading,pitch.0,334782,-0.2689,-0.6464,1.1013,-0.0731,0.0045,-0.0172,0.0,0.0
1779816506207,1,12.00000018,Upper Delivery,Loading,pitch.0,335338,1.0838,1.1335,0.5654,1.3791,-0.6581,1.6921,0.0,0.0
1779816506207,1,Pitching Mound.Delivery,,Loading,pitch.0,334542,0.8149,0.4871,1.6668,1.4883,-0.6536,2.1349,0.0,0.0
1779816506207,1,Pitching Mound.Drive,,Loading,pitch.0,335057,-4.1121,31.4694,111.5494,91.6789,-25.4717,33.2643,0.0242,0.0873
1779816506207,1,Pitching Mound.Parent,,Loading,pitch.0,334249,-3.2972,31.9564,113.2162,93.1672,-26.1253,35.3992,0.0239,0.0876
1779816506208,1,11.0000004b,Drive,Loading,pitch.0,335058,-4.2002,31.5774,111.6836,91.7509,-25.6575,33.3891,0.0244,0.0872
1779816506208,1,12.00000015,Lower Delivery,Loading,pitch.0,334783,-0.2582,-0.6804,1.1467,-0.0661,0.019,-0.0125,0.0,0.0
1779816506208,1,12.00000018,Upper Delivery,Loading,pitch.0,335339,1.0642,1.1327,0.5653,1.344,-0.59,1.7335,0.0,0.0
1779816506208,1,Pitching Mound.Delivery,,Loading,pitch.0,334543,0.806,0.4523,1.712,1.4756,-0.571,2.1705,0.0,0.0
1779816506208,1,Pitching Mound.Drive,,Loading,pitch.0,335058,-4.2002,31.5774,111.6836,91.7509,-25.6575,33.3891,0.0244,0.0872
1779816506208,1,Pitching Mound.Parent,,Loading,pitch.0,334250,-3.3941,32.0297,113.3957,93.2264,-26.2285,35.5596,0.024,0.0876
1779816506209,1,11.0000004b,Drive,Loading,pitch.0,335059,-4.2671,31.6666,111.8139,91.7926,-25.8455,33.5346,0.0245,0.0872
1779816506209,1,12.00000015,Lower Delivery,Loading,pitch.0,334784,-0.2539,-0.6658,1.0657,-0.071,0.0228,-0.0092,0.0,0.0
1779816506209,1,12.00000018,Upper Delivery,Loading,pitch.0,335340,1.0375,1.0639,0.5041,1.3632,-0.6522,1.709,0.0,0.0
1779816506209,1,Pitching Mound.Delivery,,Loading,pitch.0,334544,0.7836,0.3981,1.5698,1.4832,-0.6294,2.1388,0.0,0.0
1779816506209,1,Pitching Mound.Drive,,Loading,pitch.0,335059,-4.2671,31.6666,111.8139,91.7926,-25.8455,33.5346,0.0245,0.0872
1779816506209,1,Pitching Mound.Parent,,Loading,pitch.0,334251,-3.4835,32.0647,113.3836,93.2758,-26.4749,35.6734,0.0242,0.0876
1779816506210,1,11.0000004b,Drive,Loading,pitch.0,335060,-4.3443,31.7581,111.9635,91.8451,-26.0335,33.6688,0.0247,0.0871
1779816506210,1,12.00000015,Lower Delivery,Loading,pitch.0,334785,-0.2605,-0.672,0.9515,-0.0802,0.022,-0.0091,0.0,0.0
1779816506210,1,12.00000018,Upper Delivery,Loading,pitch.0,335341,1.0565,1.0109,0.4472,1.3026,-0.7184,1.7667,0.0,0.0
1779816506210,1,Pitching Mound.Delivery,,Loading,pitch.0,334545,0.796,0.3389,1.3988,1.3938,-0.6964,2.2054,0.0,0.0
1779816506210,1,Pitching Mound.Drive,,Loading,pitch.0,335060,-4.3443,31.7581,111.9635,91.8451,-26.0335,33.6688,0.0247,0.0871
1779816506210,1,Pitching Mound.Parent,,Loading,pitch.0,334252,-3.5484,32.0969,113.3622,93.239,-26.7298,35.8742,0.0244,0.0875
1779816506211,1,12.00000015,Lower Delivery,Loading,pitch.0,334786,-0.2751,-0.6746,0.9559,-0.0886,0.015,-0.0061,0.0,0.0
1779816506211,1,12.00000018,Upper Delivery,Loading,pitch.0,335342,1.0324,0.9879,0.4736,1.3708,-0.6528,1.7579,0.0,0.0
1779816506211,1,Pitching Mound.Delivery,,Loading,pitch.0,334546,0.7574,0.3133,1.4295,1.4462,-0.6378,2.1963,0.0,0.0
1779816506212,1,11.0000004b,Drive,Loading,pitch.0,335061,-4.4026,31.8432,112.0437,91.9892,-26.3054,33.7616,0.0249,0.0872
1779816506212,1,11.0000004b,Drive,Loading,pitch.0,335062,-4.4759,31.9449,112.1767,92.0998,-26.4649,33.8923,0.025,0.0872
1779816506212,1,12.00000015,Lower Delivery,Loading,pitch.0,334787,-0.2784,-0.691,0.949,-0.0903,0.0235,-0.004,0.0,0.0
1779816506212,1,12.00000018,Upper Delivery,Loading,pitch.0,335343,1.0409,0.9264,0.4224,1.3833,-0.7185,1.7927,0.0,0.0
1779816506212,1,Pitching Mound.Delivery,,Loading,pitch.0,334547,0.7625,0.2354,1.3714,1.4721,-0.695,2.2373,0.0,0.0
1779816506212,1,Pitching Mound.Drive,,Loading,pitch.0,335061,-4.4026,31.8432,112.0437,91.9892,-26.3054,33.7616,0.0249,0.0872
1779816506212,1,Pitching Mound.Drive,,Loading,pitch.0,335062,-4.4759,31.9449,112.1767,92.0998,-26.4649,33.8923,0.025,0.0872
1779816506212,1,Pitching Mound.Parent,,Loading,pitch.0,334253,-3.6452,32.1566,113.4732,93.4353,-26.9432,35.958,0.0246,0.0875
1779816506212,1,Pitching Mound.Parent,,Loading,pitch.0,334254,-3.7134,32.1802,113.5481,93.5718,-27.1599,36.1296,0.0247,0.0877
1779816506213,1,11.0000004b,Drive,Loading,pitch.0,335063,-4.5292,32.0263,112.3075,92.214,-26.5569,34.0185,0.0251,0.0872
1779816506213,1,12.00000015,Lower Delivery,Loading,pitch.0,334788,-0.2875,-0.7103,0.9897,-0.0839,0.0285,0.0005,0.0,0.0
1779816506213,1,12.00000018,Upper Delivery,Loading,pitch.0,335344,1.0164,0.9404,0.4399,1.4484,-0.7553,1.767,0.0,0.0
1779816506213,1,Pitching Mound.Delivery,,Loading,pitch.0,334548,0.7289,0.2301,1.4296,1.5514,-0.7268,2.2109,0.0,0.0
1779816506213,1,Pitching Mound.Drive,,Loading,pitch.0,335063,-4.5292,32.0263,112.3075,92.214,-26.5569,34.0185,0.0251,0.0872
1779816506213,1,Pitching Mound.Parent,,Loading,pitch.0,334255,-3.8002,32.2564,113.7371,93.7654,-27.2837,36.2293,0.0248,0.0877
1779816506214,1,12.00000015,Lower Delivery,Loading,pitch.0,334789,-0.2761,-0.7232,0.9621,-0.0717,0.0318,-0.0066,0.0,0.0
1779816506214,1,12.00000018,Upper Delivery,Loading,pitch.0,335345,1.0223,0.9471,0.4404,1.4361,-0.7408,1.7317,0.0,0.0
1779816506214,1,Pitching Mound.Delivery,,Loading,pitch.0,334549,0.7462,0.2239,1.4025,1.5418,-0.709,2.1666,0.0,0.0
1779816506215,1,11.0000004b,Drive,Loading,pitch.0,335065,-4.6449,32.1894,112.4469,92.4574,-26.804,34.2011,0.0253,0.0873
1779816506215,1,11.0000004b,Drive,Loading,pitch.0,335064,-4.5926,32.1125,112.3848,92.3634,-26.6716,34.128,0.0252,0.0872
1779816506215,1,12.00000015,Lower Delivery,Loading,pitch.0,334790,-0.282,-0.726,0.9806,-0.0713,0.0226,-0.009,0.0,0.0
1779816506215,1,12.00000018,Upper Delivery,Loading,pitch.0,335346,1.0444,0.924,0.429,1.3688,-0.6521,1.7293,0.0,0.0
1779816506215,1,Pitching Mound.Delivery,,Loading,pitch.0,334550,0.7624,0.198,1.4096,1.4851,-0.6295,2.1712,0.0,0.0
1779816506215,1,Pitching Mound.Drive,,Loading,pitch.0,335065,-4.6449,32.1894,112.4469,92.4574,-26.804,34.2011,0.0253,0.0873
1779816506215,1,Pitching Mound.Drive,,Loading,pitch.0,335064,-4.5926,32.1125,112.3848,92.3634,-26.6716,34.128,0.0252,0.0872
1779816506215,1,Pitching Mound.Parent,,Loading,pitch.0,334256,-3.8464,32.3364,113.7874,93.9052,-27.3806,36.2945,0.0249,0.0877
1779816506215,1,Pitching Mound.Parent,,Loading,pitch.0,334257,-3.8825,32.3874,113.8566,93.9426,-27.4335,36.3724,0.025,0.0879
1779816506216,1,11.0000004b,Drive,Loading,pitch.0,335066,-4.7016,32.2568,112.5621,92.5518,-26.9337,34.3422,0.0254,0.0873
1779816506216,1,12.00000015,Lower Delivery,Loading,pitch.0,334791,-0.2869,-0.7177,1.0797,-0.0786,0.0192,-0.0145,0.0,0.0
1779816506216,1,12.00000018,Upper Delivery,Loading,pitch.0,335347,1.0127,0.9226,0.461,1.4479,-0.7324,1.6776,0.0,0.0
1779816506216,1,Pitching Mound.Delivery,,Loading,pitch.0,334551,0.7258,0.2049,1.5407,1.5797,-0.7132,2.105,0.0,0.0
1779816506216,1,Pitching Mound.Drive,,Loading,pitch.0,335066,-4.7016,32.2568,112.5621,92.5518,-26.9337,34.3422,0.0254,0.0873
1779816506216,1,Pitching Mound.Parent,,Loading,pitch.0,334258,-3.9757,32.4616,114.1028,94.1315,-27.6469,36.4471,0.0251,0.088
1779816506217,1,11.0000004b,Drive,Loading,pitch.0,335067,-4.7496,32.3393,112.6174,92.6514,-27.0213,34.4316,0.0255,0.0873
1779816506217,1,12.00000015,Lower Delivery,Loading,pitch.0,334792,-0.2978,-0.7093,1.1609,-0.0718,0.0165,-0.0112,0.0,0.0
1779816506217,1,12.00000018,Upper Delivery,Loading,pitch.0,335348,1.0144,0.9674,0.4501,1.4939,-0.7971,1.6957,0.0,0.0
1779816506217,1,Pitching Mound.Delivery,,Loading,pitch.0,334552,0.7166,0.258,1.611,1.6638,-0.7806,2.1307,0.0,0.0
1779816506217,1,Pitching Mound.Drive,,Loading,pitch.0,335067,-4.7496,32.3393,112.6174,92.6514,-27.0213,34.4316,0.0255,0.0873
1779816506217,1,Pitching Mound.Parent,,Loading,pitch.0,334259,-4.033,32.5973,114.2284,94.3152,-27.8019,36.5623,0.0251,0.0882
1779816506218,1,11.0000004b,Drive,Loading,pitch.0,335068,-4.7959,32.4215,112.6518,92.7708,-27.2239,34.5625,0.0257,0.0874
1779816506218,1,12.00000015,Lower Delivery,Loading,pitch.0,334793,-0.3032,-0.7114,1.1441,-0.0668,0.0271,-0.0111,0.0,0.0
1779816506218,1,12.00000018,Upper Delivery,Loading,pitch.0,335349,1.037,1.0314,0.4871,1.5673,-0.7732,1.7369,0.0,0.0
1779816506218,1,Pitching Mound.Delivery,,Loading,pitch.0,334553,0.7337,0.3201,1.6312,1.7239,-0.7461,2.1815,0.0,0.0
1779816506218,1,Pitching Mound.Drive,,Loading,pitch.0,335068,-4.7959,32.4215,112.6518,92.7708,-27.2239,34.5625,0.0257,0.0874
1779816506218,1,Pitching Mound.Parent,,Loading,pitch.0,334260,-4.0622,32.7416,114.283,94.4947,-27.97,36.7441,0.0253,0.0881
1779816506219,1,11.0000004b,Drive,Loading,pitch.0,335069,-4.8481,32.4881,112.6434,92.7462,-27.2526,34.6574,0.0257,0.0874
1779816506219,1,12.00000015,Lower Delivery,Loading,pitch.0,334794,-0.3025,-0.7369,1.261,-0.065,0.0265,-0.0128,0.0,0.0
1779816506219,1,12.00000018,Upper Delivery,Loading,pitch.0,335350,1.0372,1.0749,0.5391,1.7532,-1.0065,1.6364,0.0,0.0
1779816506219,1,Pitching Mound.Delivery,,Loading,pitch.0,334554,0.7348,0.3381,1.8001,1.9337,-0.9801,2.0791,0.0,0.0
1779816506219,1,Pitching Mound.Drive,,Loading,pitch.0,335069,-4.8481,32.4881,112.6434,92.7462,-27.2526,34.6574,0.0257,0.0874
1779816506219,1,Pitching Mound.Parent,,Loading,pitch.0,334261,-4.1134,32.8262,114.4434,94.6799,-28.2327,36.7365,0.0253,0.0882
1779816506220,1,11.0000004b,Drive,Loading,pitch.0,335070,-4.8791,32.5456,112.6757,92.8354,-27.4056,34.732,0.0258,0.0875
1779816506220,1,12.00000015,Lower Delivery,Loading,pitch.0,334795,-0.2909,-0.7281,1.2235,-0.0679,0.0267,-0.0162,0.0,0.0
1779816506220,1,12.00000018,Upper Delivery,Loading,pitch.0,335351,1.068,1.0958,0.5186,1.649,-0.882,1.5996,0.0,0.0
1779816506220,1,Pitching Mound.Delivery,,Loading,pitch.0,334555,0.7771,0.3677,1.742,1.8208,-0.8553,2.0454,0.0,0.0
1779816506220,1,Pitching Mound.Drive,,Loading,pitch.0,335070,-4.8791,32.5456,112.6757,92.8354,-27.4056,34.732,0.0258,0.0875
1779816506220,1,Pitching Mound.Parent,,Loading,pitch.0,334262,-4.102,32.9133,114.4178,94.6562,-28.2609,36.7774,0.0254,0.0882
1779816506221,1,11.0000004b,Drive,Loading,pitch.0,335071,-4.9291,32.6227,112.6847,92.9495,-27.5269,34.8402,0.0259,0.0876
1779816506221,1,12.00000015,Lower Delivery,Loading,pitch.0,334796,-0.2852,-0.7317,1.2529,-0.0775,0.0113,-0.0184,0.0,0.0
1779816506221,1,12.00000018,Upper Delivery,Loading,pitch.0,335352,1.1023,1.0719,0.399,1.574,-0.8485,1.6513,0.0,0.0
1779816506221,1,Pitching Mound.Delivery,,Loading,pitch.0,334556,0.8171,0.3402,1.6519,1.7869,-0.8372,2.1046,0.0,0.0
1779816506221,1,Pitching Mound.Drive,,Loading,pitch.0,335071,-4.9291,32.6227,112.6847,92.9495,-27.5269,34.8402,0.0259,0.0876
1779816506221,1,Pitching Mound.Parent,,Loading,pitch.0,334263,-4.1119,32.9628,114.3365,94.7365,-28.3641,36.9449,0.0256,0.0888
1779816506222,1,11.0000004b,Drive,Loading,pitch.0,335072,-4.9634,32.6874,112.7406,93.0441,-27.6179,34.9191,0.026,0.0876
1779816506222,1,12.00000015,Lower Delivery,Loading,pitch.0,334797,-0.2694,-0.7242,1.2912,-0.0887,0.0063,-0.018,0.0,0.0
1779816506222,1,12.00000018,Upper Delivery,Loading,pitch.0,335353,1.1189,1.0938,0.445,1.5766,-0.8383,1.6408,0.0,0.0
1779816506222,1,Pitching Mound.Delivery,,Loading,pitch.0,334557,0.8495,0.3696,1.7363,1.7756,-0.8321,2.0948,0.0,0.0
1779816506222,1,Pitching Mound.Drive,,Loading,pitch.0,335072,-4.9634,32.6874,112.7406,93.0441,-27.6179,34.9191,0.026,0.0876
1779816506222,1,Pitching Mound.Parent,,Loading,pitch.0,334264,-4.1138,33.0571,114.4768,94.8197,-28.45,37.0139,0.0256,0.0888
1779816506223,1,11.0000004b,Drive,Loading,pitch.0,335073,-5.014,32.7479,112.6905,93.1904,-27.6878,34.9918,0.0261,0.0878
1779816506223,1,12.00000015,Lower Delivery,Loading,pitch.0,334798,-0.2811,-0.7301,1.2763,-0.0874,0.0024,-0.0179,0.0,0.0
1779816506223,1,12.00000018,Upper Delivery,Loading,pitch.0,335354,1.1589,1.0647,0.3762,1.5259,-0.8308,1.6504,0.0,0.0
1779816506223,1,Pitching Mound.Delivery,,Loading,pitch.0,334558,0.8778,0.3346,1.6525,1.7445,-0.8284,2.122,0.0,0.0
1779816506223,1,Pitching Mound.Drive,,Loading,pitch.0,335073,-5.014,32.7479,112.6905,93.1904,-27.6878,34.9918,0.0261,0.0878
1779816506223,1,Pitching Mound.Parent,,Loading,pitch.0,334265,-4.1362,33.0824,114.3429,94.9348,-28.5162,37.1138,0.0257,0.0892
1779816506224,1,11.0000004b,Drive,Loading,pitch.0,335074,-5.0416,32.8087,112.6405,93.2635,-27.8911,35.0587,0.0263,0.0879
1779816506224,1,12.00000015,Lower Delivery,Loading,pitch.0,334799,-0.2708,-0.7223,1.29,-0.0881,0.0104,-0.017,0.0,0.0
1779816506224,1,12.00000018,Upper Delivery,Loading,pitch.0,335355,1.1431,1.0685,0.5158,1.4824,-0.7601,1.6978,0.0,0.0
1779816506224,1,Pitching Mound.Delivery,,Loading,pitch.0,334559,0.8723,0.3462,1.8058,1.6575,-0.7497,2.1615,0.0,0.0
1779816506224,1,Pitching Mound.Drive,,Loading,pitch.0,335074,-5.0416,32.8087,112.6405,93.2635,-27.8911,35.0587,0.0263,0.0879
1779816506224,1,Pitching Mound.Parent,,Loading,pitch.0,334266,-4.1693,33.1548,114.4463,94.921,-28.6408,37.2202,0.0259,0.0888
1779816506225,1,11.0000004b,Drive,Loading,pitch.0,335075,-5.0854,32.888,112.579,93.3379,-28.1727,35.1533,0.0266,0.088
1779816506225,1,12.00000015,Lower Delivery,Loading,pitch.0,334800,-0.2769,-0.7341,1.3455,-0.08,0.0181,-0.011,0.0,0.0
1779816506225,1,12.00000018,Upper Delivery,Loading,pitch.0,335356,1.1319,1.0351,0.5336,1.4919,-0.7816,1.7747,0.0,0.0
1779816506225,1,Pitching Mound.Delivery,,Loading,pitch.0,334560,0.855,0.3009,1.8791,1.688,-0.7635,2.2427,0.0,0.0
1779816506225,1,Pitching Mound.Drive,,Loading,pitch.0,335075,-5.0854,32.888,112.579,93.3379,-28.1727,35.1533,0.0266,0.088
1779816506225,1,Pitching Mound.Parent,,Loading,pitch.0,334267,-4.2304,33.189,114.4581,95.0259,-28.9362,37.396,0.0261,0.089
1779816506226,1,11.0000004b,Drive,Loading,pitch.0,335076,-5.1305,32.9448,112.5511,93.321,-28.141,35.2052,0.0265,0.088
1779816506226,1,12.00000015,Lower Delivery,Loading,pitch.0,334801,-0.2652,-0.7539,1.3539,-0.0815,0.0146,-0.0038,0.0,0.0
1779816506226,1,12.00000018,Upper Delivery,Loading,pitch.0,335357,1.1248,1.0096,0.5013,1.6996,-0.9637,1.8136,0.0,0.0
1779816506226,1,Pitching Mound.Delivery,,Loading,pitch.0,334561,0.8596,0.2558,1.8552,1.908,-0.9491,2.2824,0.0,0.0
1779816506226,1,Pitching Mound.Drive,,Loading,pitch.0,335076,-5.1305,32.9448,112.5511,93.321,-28.141,35.2052,0.0265,0.088
1779816506226,1,Pitching Mound.Parent,,Loading,pitch.0,334268,-4.2709,33.2006,114.4063,95.229,-29.0901,37.4876,0.0261,0.0891
1779816506227,1,11.0000004b,Drive,Loading,pitch.0,335077,-5.1532,32.9983,112.5414,93.4409,-28.3551,35.2608,0.0267,0.0881
1779816506227,1,12.00000015,Lower Delivery,Loading,pitch.0,334802,-0.2736,-0.7491,1.3355,-0.0822,0.0105,0.0107,0.0,0.0
1779816506227,1,12.00000018,Upper Delivery,Loading,pitch.0,335358,1.0923,1.0286,0.4986,1.5993,-0.86,1.8025,0.0,0.0
1779816506227,1,Pitching Mound.Delivery,,Loading,pitch.0,334562,0.8187,0.2795,1.8341,1.8016,-0.8495,2.2776,0.0,0.0
1779816506227,1,Pitching Mound.Drive,,Loading,pitch.0,335077,-5.1532,32.9983,112.5414,93.4409,-28.3551,35.2608,0.0267,0.0881
1779816506227,1,Pitching Mound.Parent,,Loading,pitch.0,334269,-4.3345,33.2778,114.3755,95.2425,-29.2046,37.5384,0.0263,0.0892
1779816506228,1,11.0000004b,Drive,Loading,pitch.0,335078,-5.1937,33.0621,112.4422,93.4918,-28.4386,35.3078,0.0269,0.0883
1779816506228,1,12.00000015,Lower Delivery,Loading,pitch.0,334803,-0.257,-0.7398,1.3129,-0.0741,0.0075,0.0046,0.0,0.0
1779816506228,1,12.00000018,Upper Delivery,Loading,pitch.0,335359,1.1069,0.996,0.5408,1.587,-0.8181,1.8093,0.0,0.0
1779816506228,1,Pitching Mound.Delivery,,Loading,pitch.0,334563,0.8499,0.2562,1.8537,1.7754,-0.8106,2.2777,0.0,0.0
1779816506228,1,Pitching Mound.Drive,,Loading,pitch.0,335078,-5.1937,33.0621,112.4422,93.4918,-28.4386,35.3078,0.0269,0.0883
1779816506228,1,Pitching Mound.Parent,,Loading,pitch.0,334270,-4.3438,33.3183,114.2958,95.2672,-29.2492,37.5855,0.0264,0.0891
1779816506229,1,11.0000004b,Drive,Loading,pitch.0,335079,-5.237,33.1435,112.407,93.4991,-28.6413,35.3771,0.0271,0.0883
1779816506229,1,12.00000015,Lower Delivery,Loading,pitch.0,334804,-0.2426,-0.7514,1.3326,-0.0926,-0.001,-0.012,0.0,0.0
1779816506229,1,12.00000018,Upper Delivery,Loading,pitch.0,335360,1.1102,1.0025,0.5232,1.5587,-0.7841,1.8413,0.0,0.0
1779816506229,1,Pitching Mound.Delivery,,Loading,pitch.0,334564,0.8677,0.251,1.8558,1.7413,-0.7851,2.2892,0.0,0.0
1779816506229,1,Pitching Mound.Drive,,Loading,pitch.0,335079,-5.237,33.1435,112.407,93.4991,-28.6413,35.3771,0.0271,0.0883
1779816506229,1,Pitching Mound.Parent,,Loading,pitch.0,334271,-4.3694,33.3945,114.2628,95.2404,-29.4264,37.6663,0.0266,0.0893
1779816506230,1,11.0000004b,Drive,Loading,pitch.0,335080,-5.2796,33.207,112.4555,93.6061,-28.7011,35.452,0.0271,0.0884
1779816506230,1,12.00000015,Lower Delivery,Loading,pitch.0,334805,-0.241,-0.7331,1.313,-0.0921,-0.0075,-0.0059,0.0,0.0
1779816506230,1,12.00000018,Upper Delivery,Loading,pitch.0,335361,1.1105,1.0552,0.5772,1.5365,-0.7063,1.8095,0.0,0.0
1779816506230,1,Pitching Mound.Delivery,,Loading,pitch.0,334565,0.8695,0.3221,1.8903,1.6945,-0.7138,2.2631,0.0,0.0
1779816506230,1,Pitching Mound.Drive,,Loading,pitch.0,335080,-5.2796,33.207,112.4555,93.6061,-28.7011,35.452,0.0271,0.0884
1779816506230,1,Pitching Mound.Parent,,Loading,pitch.0,334272,-4.4101,33.5291,114.3458,95.3007,-29.4149,37.7151,0.0266,0.0891
1779816506231,1,11.0000004b,Drive,Loading,pitch.0,335081,-5.3172,33.2775,112.4276,93.6415,-28.9882,35.4964,0.0274,0.0884
1779816506231,1,12.00000015,Lower Delivery,Loading,pitch.0,334806,-0.2612,-0.7022,1.2952,-0.0747,0.0037,-0.0042,0.0,0.0
1779816506231,1,12.00000018,Upper Delivery,Loading,pitch.0,335362,1.0891,1.0206,0.5712,1.5467,-0.7528,1.841,0.0,0.0
1779816506231,1,Pitching Mound.Delivery,,Loading,pitch.0,334566,0.8279,0.3184,1.8664,1.7182,-0.7491,2.2958,0.0,0.0
1779816506231,1,Pitching Mound.Drive,,Loading,pitch.0,335081,-5.3172,33.2775,112.4276,93.6415,-28.9882,35.4964,0.0274,0.0884
1779816506231,1,Pitching Mound.Parent,,Loading,pitch.0,334273,-4.4893,33.5959,114.294,95.3597,-29.7373,37.7922,0.0269,0.0891
1779816506232,1,11.0000004b,Drive,Loading,pitch.0,335082,-5.3691,33.3389,112.4366,93.6482,-29.0639,35.5373,0.0274,0.0884
1779816506232,1,12.00000015,Lower Delivery,Loading,pitch.0,334807,-0.2761,-0.674,1.2644,-0.0706,0.0035,-0.0078,0.0,0.0
1779816506232,1,12.00000018,Upper Delivery,Loading,pitch.0,335363,1.052,1.0428,0.6526,1.4212,-0.7161,1.8089,0.0,0.0
1779816506232,1,Pitching Mound.Delivery,,Loading,pitch.0,334567,0.7759,0.3688,1.9169,1.5586,-0.7126,2.2528,0.0,0.0
1779816506232,1,Pitching Mound.Drive,,Loading,pitch.0,335082,-5.3691,33.3389,112.4366,93.6482,-29.0639,35.5373,0.0274,0.0884
1779816506232,1,Pitching Mound.Parent,,Loading,pitch.0,334274,-4.5931,33.7077,114.3535,95.2068,-29.7765,37.7901,0.027,0.0888
1779816506233,1,11.0000004b,Drive,Loading,pitch.0,335083,-5.4108,33.4022,112.4489,93.7084,-29.1923,35.611,0.0276,0.0885
1779816506233,1,12.00000015,Lower Delivery,Loading,pitch.0,334808,-0.2601,-0.7043,1.3289,-0.074,0.0021,-0.0069,0.0,0.0
1779816506233,1,12.00000018,Upper Delivery,Loading,pitch.0,335364,1.0376,1.0939,0.7418,1.3926,-0.71,1.8409,0.0,0.0
1779816506233,1,Pitching Mound.Delivery,,Loading,pitch.0,334568,0.7775,0.3896,2.0707,1.5183,-0.7079,2.2752,0.0,0.0
1779816506233,1,Pitching Mound.Drive,,Loading,pitch.0,335083,-5.4108,33.4022,112.4489,93.7084,-29.1923,35.611,0.0276,0.0885
1779816506233,1,Pitching Mound.Parent,,Loading,pitch.0,334275,-4.6334,33.7919,114.5196,95.2267,-29.9002,37.8862,0.0271,0.0886
1779816506234,1,11.0000004b,Drive,Loading,pitch.0,335084,-5.4622,33.4653,112.4822,93.7384,-29.274,35.7128,0.0276,0.0885
1779816506234,1,12.00000015,Lower Delivery,Loading,pitch.0,334809,-0.2508,-0.6725,1.343,-0.0662,0.0121,-0.0052,0.0,0.0
1779816506234,1,12.00000018,Upper Delivery,Loading,pitch.0,335365,1.0189,1.1372,0.773,1.3312,-0.6239,1.8205,0.0,0.0
1779816506234,1,Pitching Mound.Delivery,,Loading,pitch.0,334569,0.7681,0.4647,2.116,1.4588,-0.6119,2.247,0.0,0.0
1779816506234,1,Pitching Mound.Drive,,Loading,pitch.0,335084,-5.4622,33.4653,112.4822,93.7384,-29.274,35.7128,0.0276,0.0885
1779816506234,1,Pitching Mound.Parent,,Loading,pitch.0,334276,-4.6941,33.93,114.5982,95.1973,-29.8859,37.9598,0.0271,0.0885
1779816506235,1,11.0000004b,Drive,Loading,pitch.0,335085,-5.5363,33.5464,112.5372,93.7971,-29.5135,35.7986,0.0278,0.0885
1779816506235,1,12.00000015,Lower Delivery,Loading,pitch.0,334810,-0.2493,-0.6379,1.2673,-0.0639,0.0058,-0.018,0.0,0.0
1779816506235,1,12.00000018,Upper Delivery,Loading,pitch.0,335366,1.0441,1.1575,0.7585,1.3273,-0.6328,1.8572,0.0,0.0
1779816506235,1,Pitching Mound.Delivery,,Loading,pitch.0,334570,0.7948,0.5196,2.0259,1.4364,-0.627,2.279,0.0,0.0
1779816506235,1,Pitching Mound.Drive,,Loading,pitch.0,335085,-5.5363,33.5464,112.5372,93.7971,-29.5135,35.7986,0.0278,0.0885
1779816506235,1,Pitching Mound.Parent,,Loading,pitch.0,334277,-4.7415,34.0661,114.563,95.2336,-30.1405,38.0776,0.0273,0.0884
1779816506236,1,11.0000004b,Drive,Loading,pitch.0,335086,-5.6052,33.6053,112.6368,93.9474,-29.4889,35.8988,0.0278,0.0885
1779816506236,1,12.00000015,Lower Delivery,Loading,pitch.0,334811,-0.2629,-0.6378,1.1705,-0.0599,0.005,-0.018,0.0,0.0
1779816506236,1,12.00000018,Upper Delivery,Loading,pitch.0,335367,1.0403,1.177,0.7398,1.2708,-0.5056,1.8083,0.0,0.0
1779816506236,1,Pitching Mound.Delivery,,Loading,pitch.0,334571,0.7775,0.5392,1.9103,1.3574,-0.5006,2.2334,0.0,0.0
1779816506236,1,Pitching Mound.Drive,,Loading,pitch.0,335086,-5.6052,33.6053,112.6368,93.9474,-29.4889,35.8988,0.0278,0.0885
1779816506236,1,Pitching Mound.Parent,,Loading,pitch.0,334278,-4.8278,34.1446,114.5471,95.3048,-29.9895,38.1322,0.0273,0.0883
1779816506237,1,11.0000004b,Drive,Loading,pitch.0,335087,-5.685,33.6968,112.7367,94.0584,-29.7052,35.9901,0.028,0.0886
1779816506237,1,12.00000015,Lower Delivery,Loading,pitch.0,334812,-0.2615,-0.6513,1.1986,-0.0593,0.0078,-0.0155,0.0,0.0
1779816506237,1,12.00000018,Upper Delivery,Loading,pitch.0,335368,1.0524,1.1633,0.755,1.1501,-0.4113,1.7254,0.0,0.0
1779816506237,1,Pitching Mound.Delivery,,Loading,pitch.0,334572,0.7909,0.5119,1.9536,1.2417,-0.4035,2.1566,0.0,0.0
1779816506237,1,Pitching Mound.Drive,,Loading,pitch.0,335087,-5.685,33.6968,112.7367,94.0584,-29.7052,35.9901,0.028,0.0886
1779816506237,1,Pitching Mound.Parent,,Loading,pitch.0,334279,-4.8941,34.2088,114.6903,95.3,-30.1087,38.1467,0.0275,0.0884
1779816506238,1,11.0000004b,Drive,Loading,pitch.0,335088,-5.7581,33.787,112.8922,94.3143,-29.7939,36.1018,0.028,0.0887
1779816506238,1,12.00000015,Lower Delivery,Loading,pitch.0,334813,-0.2517,-0.6451,1.1203,-0.0609,0.0153,-0.0159,0.0,0.0
1779816506238,1,12.00000018,Upper Delivery,Loading,pitch.0,335369,1.037,1.1501,0.6783,1.2008,-0.5663,1.7074,0.0,0.0
1779816506238,1,Pitching Mound.Delivery,,Loading,pitch.0,334573,0.7853,0.5049,1.7986,1.2902,-0.551,2.1297,0.0,0.0
1779816506238,1,Pitching Mound.Drive,,Loading,pitch.0,335088,-5.7581,33.787,112.8922,94.3143,-29.7939,36.1018,0.028,0.0887
1779816506238,1,Pitching Mound.Parent,,Loading,pitch.0,334280,-4.9728,34.2919,114.6908,95.6046,-30.3449,38.2315,0.0276,0.0886
1779816506239,1,11.0000004b,Drive,Loading,pitch.0,335089,-5.8413,33.8652,113.0146,94.5241,-30.0592,36.1902,0.0282,0.0888
1779816506239,1,12.00000015,Lower Delivery,Loading,pitch.0,334814,-0.2684,-0.6303,1.0261,-0.065,0.0114,-0.0175,0.0,0.0
1779816506239,1,12.00000018,Upper Delivery,Loading,pitch.0,335370,1.047,1.1204,0.6465,1.2534,-0.5665,1.7207,0.0,0.0
1779816506239,1,Pitching Mound.Delivery,,Loading,pitch.0,334574,0.7786,0.4901,1.6725,1.3175,-0.5551,2.1505,0.0,0.0
1779816506239,1,Pitching Mound.Drive,,Loading,pitch.0,335089,-5.8413,33.8652,113.0146,94.5241,-30.0592,36.1902,0.0282,0.0888
1779816506239,1,Pitching Mound.Parent,,Loading,pitch.0,334281,-5.0627,34.3553,114.6872,95.8415,-30.6143,38.3407,0.0278,0.0886
1779816506240,1,11.0000004b,Drive,Loading,pitch.0,335090,-5.9261,33.9619,113.2177,94.7395,-30.1238,36.3217,0.0282,0.0888
1779816506240,1,12.00000015,Lower Delivery,Loading,pitch.0,334815,-0.2709,-0.6182,0.9458,-0.0624,0.0133,-0.0157,0.0,0.0
1779816506240,1,12.00000018,Upper Delivery,Loading,pitch.0,335371,1.0371,1.1399,0.6886,1.2639,-0.6415,1.7445,0.0,0.0
1779816506240,1,Pitching Mound.Delivery,,Loading,pitch.0,334575,0.7662,0.5217,1.6344,1.2889,-0.6282,2.1735,0.0,0.0
1779816506240,1,Pitching Mound.Drive,,Loading,pitch.0,335090,-5.9261,33.9619,113.2177,94.7395,-30.1238,36.3217,0.0282,0.0888
1779816506240,1,Pitching Mound.Parent,,Loading,pitch.0,334282,-5.1599,34.4836,114.8521,96.0284,-30.7519,38.4952,0.0278,0.0883
1779816506241,1,11.0000004b,Drive,Loading,pitch.0,335091,-6.0425,34.0633,113.3401,94.9567,-30.3649,36.4406,0.0284,0.0889
1779816506241,1,12.00000015,Lower Delivery,Loading,pitch.0,334816,-0.283,-0.6643,1.0,-0.0684,0.0069,-0.0117,0.0,0.0
1779816506241,1,12.00000018,Upper Delivery,Loading,pitch.0,335372,1.0457,1.1369,0.7065,1.2817,-0.677,1.7481,0.0,0.0
1779816506241,1,Pitching Mound.Delivery,,Loading,pitch.0,334576,0.7627,0.4726,1.7065,1.3131,-0.6701,2.1881,0.0,0.0
1779816506241,1,Pitching Mound.Drive,,Loading,pitch.0,335091,-6.0425,34.0633,113.3401,94.9567,-30.3649,36.4406,0.0284,0.0889
1779816506241,1,Pitching Mound.Parent,,Loading,pitch.0,334283,-5.2798,34.5359,115.0467,96.2698,-31.035,38.6287,0.028,0.0885
1779816506242,1,11.0000004b,Drive,Loading,pitch.0,335092,-6.1462,34.1771,113.5678,95.1384,-30.5046,36.5937,0.0285,0.0889
1779816506242,1,12.00000015,Lower Delivery,Loading,pitch.0,334817,-0.2686,-0.6686,0.9516,-0.0719,0.0026,-0.014,0.0,0.0
1779816506242,1,12.00000018,Upper Delivery,Loading,pitch.0,335373,1.049,1.1562,0.7746,1.3432,-0.6701,1.7144,0.0,0.0
1779816506242,1,Pitching Mound.Delivery,,Loading,pitch.0,334577,0.7804,0.4876,1.7262,1.3315,-0.6675,2.1484,0.0,0.0
1779816506242,1,Pitching Mound.Drive,,Loading,pitch.0,335092,-6.1462,34.1771,113.5678,95.1384,-30.5046,36.5937,0.0285,0.0889
1779816506242,1,Pitching Mound.Parent,,Loading,pitch.0,334284,-5.3658,34.6647,115.294,96.4699,-31.1721,38.742,0.0281,0.0881
1779816506243,1,11.0000004b,Drive,Loading,pitch.0,335093,-6.2496,34.2814,113.7002,95.2348,-30.5754,36.6882,0.0285,0.0889
1779816506243,1,12.00000015,Lower Delivery,Loading,pitch.0,334818,-0.2771,-0.6907,0.9162,-0.0759,-0.0023,-0.0135,0.0,0.0
1779816506243,1,12.00000018,Upper Delivery,Loading,pitch.0,335374,1.0533,1.1653,0.7779,1.2767,-0.523,1.6314,0.0,0.0
1779816506243,1,Pitching Mound.Delivery,,Loading,pitch.0,334578,0.7762,0.4745,1.6941,1.2478,-0.5253,2.0703,0.0,0.0
1779816506243,1,Pitching Mound.Drive,,Loading,pitch.0,335093,-6.2496,34.2814,113.7002,95.2348,-30.5754,36.6882,0.0285,0.0889
1779816506243,1,Pitching Mound.Parent,,Loading,pitch.0,334285,-5.4734,34.7559,115.3943,96.4827,-31.1007,38.7585,0.0281,0.088
1779816506244,1,11.0000004b,Drive,Loading,pitch.0,335094,-6.3842,34.4396,114.1021,95.8478,-30.9022,36.913,0.0288,0.0892
1779816506244,1,12.00000015,Lower Delivery,Loading,pitch.0,334819,-0.2861,-0.6425,0.8664,-0.0764,-0.007,-0.0141,0.0,0.0
1779816506244,1,12.00000018,Upper Delivery,Loading,pitch.0,335375,1.0518,1.1574,0.7481,1.3233,-0.6131,1.6569,0.0,0.0
1779816506244,1,Pitching Mound.Delivery,,Loading,pitch.0,334579,0.7657,0.5149,1.6145,1.2871,-0.6201,2.0978,0.0,0.0
1779816506244,1,Pitching Mound.Drive,,Loading,pitch.0,335094,-6.3842,34.4396,114.1021,95.8478,-30.9022,36.913,0.0288,0.0892
1779816506244,1,Pitching Mound.Parent,,Loading,pitch.0,334286,-5.6185,34.9545,115.7166,97.1349,-31.5223,39.0108,0.0284,0.0883
1779816506245,1,11.0000004b,Drive,Loading,pitch.0,335095,-6.4848,34.5826,114.3868,96.1191,-31.1612,37.019,0.0289,0.0892
1779816506245,1,12.00000015,Lower Delivery,Loading,pitch.0,334820,-0.2947,-0.6587,0.8052,-0.0799,-0.001,-0.0162,0.0,0.0
1779816506245,1,12.00000018,Upper Delivery,Loading,pitch.0,335376,1.0369,1.127,0.6938,1.3786,-0.6912,1.6336,0.0,0.0
1779816506245,1,Pitching Mound.Delivery,,Loading,pitch.0,334580,0.7423,0.4682,1.4991,1.3366,-0.6922,2.0702,0.0,0.0
1779816506245,1,Pitching Mound.Drive,,Loading,pitch.0,335095,-6.4848,34.5826,114.3868,96.1191,-31.1612,37.019,0.0289,0.0892
1779816506245,1,Pitching Mound.Parent,,Loading,pitch.0,334287,-5.7425,35.0509,115.8859,97.4556,-31.8534,39.0892,0.0285,0.0884
1779816506246,1,11.0000004b,Drive,Loading,pitch.0,335096,-6.5898,34.7001,114.5245,96.063,-31.2079,37.1549,0.0289,0.089
1779816506246,1,12.00000015,Lower Delivery,Loading,pitch.0,334821,-0.2748,-0.6397,0.8124,-0.0843,-0.0027,-0.0122,0.0,0.0
1779816506246,1,12.00000018,Upper Delivery,Loading,pitch.0,335377,1.0235,1.1071,0.6532,1.324,-0.6064,1.6309,0.0,0.0
1779816506246,1,Pitching Mound.Delivery,,Loading,pitch.0,334581,0.7487,0.4674,1.4656,1.2938,-0.6092,2.0601,0.0,0.0
1779816506246,1,Pitching Mound.Drive,,Loading,pitch.0,335096,-6.5898,34.7001,114.5245,96.063,-31.2079,37.1549,0.0289,0.089
1779816506246,1,Pitching Mound.Parent,,Loading,pitch.0,334288,-5.8411,35.1676,115.9901,97.3568,-31.817,39.215,0.0286,0.0884
1779816506247,1,11.0000004b,Drive,Loading,pitch.0,335097,-6.735,34.8796,114.9029,96.6399,-31.6269,37.3579,0.0292,0.0893
1779816506247,1,12.00000015,Lower Delivery,Loading,pitch.0,334822,-0.2645,-0.6289,0.8254,-0.0965,-0.014,-0.0155,0.0,0.0
1779816506247,1,12.00000018,Upper Delivery,Loading,pitch.0,335378,1.0596,1.0566,0.6115,1.1831,-0.5507,1.7021,0.0,0.0
1779816506247,1,Pitching Mound.Delivery,,Loading,pitch.0,334582,0.7952,0.4278,1.437,1.1593,-0.5647,2.1368,0.0,0.0
1779816506247,1,Pitching Mound.Drive,,Loading,pitch.0,335097,-6.735,34.8796,114.9029,96.6399,-31.6269,37.3579,0.0292,0.0893
1779816506247,1,Pitching Mound.Parent,,Loading,pitch.0,334289,-5.9398,35.3073,116.3399,97.7992,-32.1917,39.4948,0.0289,0.0888
1779816506248,1,11.0000004b,Drive,Loading,pitch.0,335098,-6.855,35.0187,115.05,96.5683,-31.9052,37.4581,0.0294,0.0891
1779816506248,1,12.00000015,Lower Delivery,Loading,pitch.0,334823,-0.2604,-0.629,0.8592,-0.0978,-0.0205,-0.0183,0.0,0.0
1779816506248,1,12.00000018,Upper Delivery,Loading,pitch.0,335379,1.0536,1.0594,0.6605,1.1878,-0.5077,1.7326,0.0,0.0
1779816506248,1,Pitching Mound.Delivery,,Loading,pitch.0,334583,0.7932,0.4305,1.5197,1.1576,-0.5282,2.161,0.0,0.0
1779816506248,1,Pitching Mound.Drive,,Loading,pitch.0,335098,-6.855,35.0187,115.05,96.5683,-31.9052,37.4581,0.0294,0.0891
1779816506248,1,Pitching Mound.Parent,,Loading,pitch.0,334290,-6.0618,35.4492,116.5696,97.7259,-32.4334,39.6191,0.0291,0.0885
1779816506249,1,11.0000004b,Drive,Loading,pitch.0,335099,-6.9844,35.1839,115.3702,96.9668,-32.1689,37.6317,0.0296,0.0892
1779816506249,1,12.00000015,Lower Delivery,Loading,pitch.0,334824,-0.2598,-0.6274,0.8705,-0.0974,-0.022,-0.0206,0.0,0.0
1779816506249,1,12.00000018,Upper Delivery,Loading,pitch.0,335380,1.0362,1.1271,0.7366,1.2333,-0.4939,1.7745,0.0,0.0
1779816506249,1,Pitching Mound.Delivery,,Loading,pitch.0,334584,0.7764,0.4997,1.6071,1.1815,-0.5159,2.1945,0.0,0.0
1779816506249,1,Pitching Mound.Drive,,Loading,pitch.0,335099,-6.9844,35.1839,115.3702,96.9668,-32.1689,37.6317,0.0296,0.0892
1779816506249,1,Pitching Mound.Parent,,Loading,pitch.0,334291,-6.2079,35.6836,116.9773,98.1482,-32.6848,39.8262,0.0292,0.0884
1779816506250,1,11.0000004b,Drive,Loading,pitch.0,335100,-7.0918,35.3391,115.5989,96.9903,-32.2257,37.7341,0.0296,0.0891
1779816506250,1,12.00000015,Lower Delivery,Loading,pitch.0,334825,-0.2532,-0.6296,0.8905,-0.0985,-0.0169,-0.0195,0.0,0.0
1779816506250,1,12.00000018,Upper Delivery,Loading,pitch.0,335381,1.0323,1.0573,0.6524,1.2289,-0.639,1.7902,0.0,0.0
1779816506250,1,Pitching Mound.Delivery,,Loading,pitch.0,334585,0.7791,0.4277,1.5429,1.2114,-0.6559,2.2077,0.0,0.0
1779816506250,1,Pitching Mound.Drive,,Loading,pitch.0,335100,-7.0918,35.3391,115.5989,96.9903,-32.2257,37.7341,0.0296,0.0891
1779816506250,1,Pitching Mound.Parent,,Loading,pitch.0,334292,-6.3127,35.7668,117.1419,98.2017,-32.8816,39.9418,0.0292,0.0886
1779816506251,1,11.0000004b,Drive,Loading,pitch.0,335101,-7.2284,35.5148,115.9895,97.5764,-32.6307,37.9345,0.0299,0.0893
1779816506251,1,12.00000015,Lower Delivery,Loading,pitch.0,334826,-0.2779,-0.668,0.9105,-0.096,-0.0119,-0.023,0.0,0.0
1779816506251,1,12.00000018,Upper Delivery,Loading,pitch.0,335382,1.0308,1.035,0.5718,1.1009,-0.408,1.726,0.0,0.0
1779816506251,1,Pitching Mound.Delivery,,Loading,pitch.0,334586,0.7529,0.367,1.4823,1.12,-0.4199,2.1479,0.0,0.0
1779816506251,1,Pitching Mound.Drive,,Loading,pitch.0,335101,-7.2284,35.5148,115.9895,97.5764,-32.6307,37.9345,0.0299,0.0893
1779816506251,1,Pitching Mound.Parent,,Loading,pitch.0,334293,-6.4755,35.8818,117.4718,98.6964,-33.0506,40.0823,0.0295,0.0892
1779816506252,1,11.0000004b,Drive,Loading,pitch.0,335102,-7.3285,35.6745,116.166,97.5562,-32.6596,37.9927,0.0298,0.0892
1779816506252,1,12.00000015,Lower Delivery,Loading,pitch.0,334827,-0.2398,-0.6701,0.9311,-0.1008,-0.0128,-0.024,0.0,0.0
1779816506252,1,12.00000018,Upper Delivery,Loading,pitch.0,335383,1.0245,1.0232,0.5759,1.0888,-0.5355,1.7333,0.0,0.0
1779816506252,1,Pitching Mound.Delivery,,Loading,pitch.0,334587,0.7848,0.3531,1.507,1.1087,-0.5483,2.1392,0.0,0.0
1779816506252,1,Pitching Mound.Drive,,Loading,pitch.0,335102,-7.3285,35.6745,116.166,97.5562,-32.6596,37.9927,0.0298,0.0892
1779816506252,1,Pitching Mound.Parent,,Loading,pitch.0,334294,-6.5438,36.0276,117.673,98.6649,-33.2079,40.132,0.0295,0.089
1779816506253,1,11.0000004b,Drive,Loading,pitch.0,335103,-7.4319,35.8284,116.309,97.5613,-32.7927,38.1065,0.0299,0.0891
1779816506253,1,12.00000015,Lower Delivery,Loading,pitch.0,334828,-0.2588,-0.6919,0.9624,-0.0958,-0.0082,-0.0212,0.0,0.0
1779816506253,1,12.00000018,Upper Delivery,Loading,pitch.0,335384,0.9977,0.9369,0.4758,1.2198,-0.6205,1.7552,0.0,0.0
1779816506253,1,Pitching Mound.Delivery,,Loading,pitch.0,334588,0.7389,0.245,1.4382,1.2894,-0.6287,2.1612,0.0,0.0
1779816506253,1,Pitching Mound.Drive,,Loading,pitch.0,335103,-7.4319,35.8284,116.309,97.5613,-32.7927,38.1065,0.0299,0.0891
1779816506253,1,Pitching Mound.Parent,,Loading,pitch.0,334295,-6.693,36.0734,117.7472,98.8507,-33.4213,40.2677,0.0296,0.0894
1779816506254,1,11.0000004b,Drive,Loading,pitch.0,335104,-7.5428,36.0113,116.6388,97.8892,-33.0275,38.2191,0.0301,0.0891
1779816506254,1,12.00000015,Lower Delivery,Loading,pitch.0,334829,-0.2522,-0.7007,1.0173,-0.0915,-0.0026,-0.0208,0.0,0.0
1779816506254,1,12.00000018,Upper Delivery,Loading,pitch.0,335385,1.0443,0.9742,0.4578,1.1902,-0.7193,1.8048,0.0,0.0
1779816506254,1,Pitching Mound.Delivery,,Loading,pitch.0,334589,0.792,0.2735,1.4751,1.2889,-0.722,2.2248,0.0,0.0
1779816506254,1,Pitching Mound.Drive,,Loading,pitch.0,335104,-7.5428,36.0113,116.6388,97.8892,-33.0275,38.2191,0.0301,0.0891
1779816506254,1,Pitching Mound.Parent,,Loading,pitch.0,334296,-6.7507,36.2849,118.1139,99.178,-33.7495,40.4439,0.0297,0.0896
1779816506255,1,11.0000004b,Drive,Loading,pitch.0,335105,-7.6351,36.196,116.9184,98.3393,-33.3557,38.3845,0.0303,0.0893
1779816506255,1,12.00000015,Lower Delivery,Loading,pitch.0,334830,-0.267,-0.7143,1.0182,-0.0881,-0.0108,-0.0197,0.0,0.0
1779816506255,1,12.00000018,Upper Delivery,Loading,pitch.0,335386,1.0432,1.0055,0.4902,1.1976,-0.6994,1.788,0.0,0.0
1779816506255,1,Pitching Mound.Delivery,,Loading,pitch.0,334590,0.7762,0.2912,1.5084,1.289,-0.7102,2.2137,0.0,0.0
1779816506255,1,Pitching Mound.Drive,,Loading,pitch.0,335105,-7.6351,36.196,116.9184,98.3393,-33.3557,38.3845,0.0303,0.0893
1779816506255,1,Pitching Mound.Parent,,Loading,pitch.0,334297,-6.8589,36.4872,118.4268,99.6283,-34.066,40.5982,0.0299,0.0897
1779816506256,1,11.0000004b,Drive,Loading,pitch.0,335106,-7.7272,36.3619,117.0874,98.2607,-33.4423,38.4251,0.0303,0.0891
1779816506256,1,12.00000015,Lower Delivery,Loading,pitch.0,334831,-0.2791,-0.7368,1.1339,-0.0774,-0.0075,-0.0175,0.0,0.0
1779816506256,1,12.00000018,Upper Delivery,Loading,pitch.0,335387,1.0795,1.029,0.4245,1.109,-0.5934,1.7873,0.0,0.0
1779816506256,1,Pitching Mound.Delivery,,Loading,pitch.0,334591,0.8004,0.2922,1.5584,1.2728,-0.6009,2.2316,0.0,0.0
1779816506256,1,Pitching Mound.Drive,,Loading,pitch.0,335106,-7.7272,36.3619,117.0874,98.2607,-33.4423,38.4251,0.0303,0.0891
1779816506256,1,Pitching Mound.Parent,,Loading,pitch.0,334298,-6.9268,36.6541,118.6457,99.5335,-34.0432,40.6567,0.0299,0.09
1779816506257,1,11.0000004b,Drive,Loading,pitch.0,335107,-7.8138,36.5213,117.3003,98.2735,-33.6072,38.4787,0.0304,0.0889
1779816506257,1,12.00000015,Lower Delivery,Loading,pitch.0,334832,-0.2866,-0.7743,1.1739,-0.0779,-0.0029,-0.0136,0.0,0.0
1779816506257,1,12.00000018,Upper Delivery,Loading,pitch.0,335388,1.0978,1.0126,0.331,1.2055,-0.6772,1.7682,0.0,0.0
1779816506257,1,Pitching Mound.Delivery,,Loading,pitch.0,334592,0.8112,0.2383,1.5049,1.4143,-0.68,2.2254,0.0,0.0
1779816506257,1,Pitching Mound.Drive,,Loading,pitch.0,335107,-7.8138,36.5213,117.3003,98.2735,-33.6072,38.4787,0.0304,0.0889
1779816506257,1,Pitching Mound.Parent,,Loading,pitch.0,334299,-7.0027,36.7597,118.8052,99.6878,-34.2873,40.704,0.03,0.0902
1779816506258,1,11.0000004b,Drive,Loading,pitch.0,335108,-7.9001,36.7133,117.6436,98.839,-33.9526,38.6023,0.0306,0.0892
1779816506258,1,12.00000015,Lower Delivery,Loading,pitch.0,334833,-0.2939,-0.7795,1.1387,-0.0744,0.007,-0.0128,0.0,0.0
1779816506258,1,12.00000018,Upper Delivery,Loading,pitch.0,335389,1.067,1.0284,0.3849,1.1135,-0.5642,1.7649,0.0,0.0
1779816506258,1,Pitching Mound.Delivery,,Loading,pitch.0,334593,0.7732,0.2488,1.5236,1.2954,-0.5572,2.2148,0.0,0.0
1779816506258,1,Pitching Mound.Drive,,Loading,pitch.0,335108,-7.9001,36.7133,117.6436,98.839,-33.9526,38.6023,0.0306,0.0892
1779816506258,1,Pitching Mound.Parent,,Loading,pitch.0,334300,-7.1269,36.9622,119.1672,100.1343,-34.5099,40.8171,0.0302,0.0902
1779816506259,1,11.0000004b,Drive,Loading,pitch.0,335109,-8.0005,36.9018,118.1223,99.6358,-34.4265,38.7447,0.0309,0.0895
1779816506259,1,12.00000015,Lower Delivery,Loading,pitch.0,334834,-0.3086,-0.7956,1.2673,-0.0646,0.0068,0.0147,0.0,0.0
1779816506259,1,12.00000018,Upper Delivery,Loading,pitch.0,335390,1.0633,1.0001,0.3717,1.1869,-0.7001,1.7564,0.0,0.0
1779816506259,1,Pitching Mound.Delivery,,Loading,pitch.0,334594,0.7547,0.2045,1.639,1.4268,-0.6932,2.2376,0.0,0.0
1779816506259,1,Pitching Mound.Drive,,Loading,pitch.0,335109,-8.0005,36.9018,118.1223,99.6358,-34.4265,38.7447,0.0309,0.0895
1779816506259,1,Pitching Mound.Parent,,Loading,pitch.0,334301,-7.2458,37.1063,119.7613,101.0626,-35.1197,40.9823,0.0305,0.0909
1779816506260,1,11.0000004b,Drive,Loading,pitch.0,335110,-8.055,37.0638,118.2352,99.4982,-34.5499,38.7905,0.031,0.0893
1779816506260,1,12.00000015,Lower Delivery,Loading,pitch.0,334835,-0.2901,-0.7874,1.1022,-0.0632,0.0093,0.0039,0.0,0.0
1779816506260,1,12.00000018,Upper Delivery,Loading,pitch.0,335391,1.0975,0.9992,0.3512,1.33,-0.8233,1.703,0.0,0.0
1779816506260,1,Pitching Mound.Delivery,,Loading,pitch.0,334595,0.8074,0.2118,1.4534,1.5221,-0.814,2.1787,0.0,0.0
1779816506260,1,Pitching Mound.Drive,,Loading,pitch.0,335110,-8.055,37.0638,118.2352,99.4982,-34.5499,38.7905,0.031,0.0893
1779816506260,1,Pitching Mound.Parent,,Loading,pitch.0,334302,-7.2476,37.2757,119.6887,101.0203,-35.3639,40.9693,0.0306,0.0904
1779816506261,1,11.0000004b,Drive,Loading,pitch.0,335111,-8.1317,37.2337,118.4599,99.5269,-34.6673,38.8113,0.0311,0.0892
1779816506261,1,12.00000015,Lower Delivery,Loading,pitch.0,334836,-0.2884,-0.788,1.09,-0.0657,0.0043,-0.0112,0.0,0.0
1779816506261,1,12.00000018,Upper Delivery,Loading,pitch.0,335392,1.0845,1.0184,0.3704,1.3767,-0.8732,1.6524,0.0,0.0
1779816506261,1,Pitching Mound.Delivery,,Loading,pitch.0,334596,0.796,0.2303,1.4605,1.5556,-0.869,2.108,0.0,0.0
1779816506261,1,Pitching Mound.Drive,,Loading,pitch.0,335111,-8.1317,37.2337,118.4599,99.5269,-34.6673,38.8113,0.0311,0.0892
1779816506261,1,Pitching Mound.Parent,,Loading,pitch.0,334303,-7.3357,37.464,119.9204,101.0825,-35.5363,40.9193,0.0307,0.0901
1779816506262,1,11.0000004b,Drive,Loading,pitch.0,335112,-8.1984,37.4201,118.7823,99.9477,-34.9261,38.9315,0.0312,0.0893
1779816506262,1,12.00000015,Lower Delivery,Loading,pitch.0,334837,-0.2639,-0.7799,1.0462,-0.0619,-0.0005,0.0131,0.0,0.0
1779816506262,1,12.00000018,Upper Delivery,Loading,pitch.0,335393,1.0827,1.0101,0.4409,1.4215,-0.8969,1.7489,0.0,0.0
1779816506262,1,Pitching Mound.Delivery,,Loading,pitch.0,334597,0.8189,0.2303,1.4871,1.5654,-0.8974,2.2198,0.0,0.0
1779816506262,1,Pitching Mound.Drive,,Loading,pitch.0,335112,-8.1984,37.4201,118.7823,99.9477,-34.9261,38.9315,0.0312,0.0893
1779816506262,1,Pitching Mound.Parent,,Loading,pitch.0,334304,-7.3796,37.6504,120.2694,101.5131,-35.8235,41.1514,0.0308,0.0899
1779816506263,1,11.0000004b,Drive,Loading,pitch.0,335113,-8.2584,37.5915,119.1103,100.2746,-35.3186,39.0267,0.0315,0.0894
1779816506263,1,12.00000015,Lower Delivery,Loading,pitch.0,334838,-0.2865,-0.7638,0.9904,-0.0626,-0.0024,0.0119,0.0,0.0
1779816506263,1,12.00000018,Upper Delivery,Loading,pitch.0,335394,1.1151,1.0178,0.4148,1.4579,-0.9026,1.72,0.0,0.0
1779816506263,1,Pitching Mound.Delivery,,Loading,pitch.0,334598,0.8286,0.254,1.4052,1.5911,-0.905,2.2084,0.0,0.0
1779816506263,1,Pitching Mound.Drive,,Loading,pitch.0,335113,-8.2584,37.5915,119.1103,100.2746,-35.3186,39.0267,0.0315,0.0894
1779816506263,1,Pitching Mound.Parent,,Loading,pitch.0,334305,-7.4298,37.8455,120.5155,101.8656,-36.2236,41.2351,0.0311,0.09
1779816506264,1,11.0000004b,Drive,Loading,pitch.0,335114,-8.3315,37.7726,119.532,100.7892,-35.6532,39.1461,0.0317,0.0895
1779816506264,1,12.00000015,Lower Delivery,Loading,pitch.0,334839,-0.2711,-0.7567,1.0474,-0.0744,-0.0056,-0.0037,0.0,0.0
1779816506264,1,12.00000018,Upper Delivery,Loading,pitch.0,335395,1.1038,1.0231,0.4353,1.5344,-1.0394,1.7086,0.0,0.0
1779816506264,1,Pitching Mound.Delivery,,Loading,pitch.0,334599,0.8327,0.2664,1.4827,1.6681,-1.045,2.1723,0.0,0.0
1779816506264,1,Pitching Mound.Drive,,Loading,pitch.0,335114,-8.3315,37.7726,119.532,100.7892,-35.6532,39.1461,0.0317,0.0895
1779816506264,1,Pitching Mound.Parent,,Loading,pitch.0,334306,-7.4988,38.039,121.0147,102.4573,-36.6982,41.3184,0.0313,0.0901
1779816506265,1,11.0000004b,Drive,Loading,pitch.0,335115,-8.3943,37.9551,119.8436,101.0191,-35.9797,39.2518,0.0319,0.0895
1779816506265,1,12.00000015,Lower Delivery,Loading,pitch.0,334840,-0.2754,-0.7525,0.9939,-0.0699,-0.003,-0.0019,0.0,0.0
1779816506265,1,12.00000018,Upper Delivery,Loading,pitch.0,335396,1.1035,0.9486,0.3822,1.5664,-1.0253,1.6935,0.0,0.0
1779816506265,1,Pitching Mound.Delivery,,Loading,pitch.0,334600,0.8281,0.1962,1.3761,1.7045,-1.0283,2.1604,0.0,0.0
1779816506265,1,Pitching Mound.Drive,,Loading,pitch.0,335115,-8.3943,37.9551,119.8436,101.0191,-35.9797,39.2518,0.0319,0.0895
1779816506265,1,Pitching Mound.Parent,,Loading,pitch.0,334307,-7.5662,38.1513,121.2197,102.7236,-37.008,41.4122,0.0315,0.0902
1779816506266,1,11.0000004b,Drive,Loading,pitch.0,335116,-8.4521,38.1267,120.0795,101.1399,-36.2188,39.3267,0.032,0.0894
1779816506266,1,12.00000015,Lower Delivery,Loading,pitch.0,334841,-0.2766,-0.7487,1.0521,-0.0709,0.0026,0.011,0.0,0.0
1779816506266,1,12.00000018,Upper Delivery,Loading,pitch.0,335397,1.1284,0.9229,0.3364,1.6325,-1.1399,1.7305,0.0,0.0
1779816506266,1,Pitching Mound.Delivery,,Loading,pitch.0,334601,0.8518,0.1741,1.3885,1.8048,-1.1374,2.2191,0.0,0.0
1779816506266,1,Pitching Mound.Drive,,Loading,pitch.0,335116,-8.4521,38.1267,120.0795,101.1399,-36.2188,39.3267,0.032,0.0894
1779816506266,1,Pitching Mound.Parent,,Loading,pitch.0,334308,-7.6003,38.3008,121.4679,102.9447,-37.3562,41.5458,0.0317,0.0904
1779816506267,1,11.0000004b,Drive,Loading,pitch.0,335117,-8.5078,38.3247,120.552,101.9495,-36.6402,39.4794,0.0323,0.0898
1779816506267,1,12.00000015,Lower Delivery,Loading,pitch.0,334842,-0.2693,-0.7415,1.0537,-0.0757,-0.0042,0.0045,0.0,0.0
1779816506267,1,12.00000018,Upper Delivery,Loading,pitch.0,335398,1.1171,0.9327,0.3745,1.6238,-1.336,1.7087,0.0,0.0
1779816506267,1,Pitching Mound.Delivery,,Loading,pitch.0,334602,0.8478,0.1912,1.4281,1.779,-1.3402,2.1845,0.0,0.0
1779816506267,1,Pitching Mound.Drive,,Loading,pitch.0,335117,-8.5078,38.3247,120.552,101.9495,-36.6402,39.4794,0.0323,0.0898
1779816506267,1,Pitching Mound.Parent,,Loading,pitch.0,334309,-7.66,38.5159,121.9801,103.7286,-37.9804,41.6639,0.0319,0.0906
1779816506268,1,11.0000004b,Drive,Loading,pitch.0,335118,-8.5701,38.4866,120.7971,102.0172,-36.9696,39.5509,0.0325,0.0897
1779816506268,1,12.00000015,Lower Delivery,Loading,pitch.0,334843,-0.2717,-0.7395,1.0589,-0.0713,-0.0021,-0.0044,0.0,0.0
1779816506268,1,12.00000018,Upper Delivery,Loading,pitch.0,335399,1.0916,0.9856,0.4509,1.6729,-1.1598,1.7043,0.0,0.0
1779816506268,1,Pitching Mound.Delivery,,Loading,pitch.0,334603,0.8199,0.246,1.5098,1.8083,-1.1619,2.1634,0.0,0.0
1779816506268,1,Pitching Mound.Drive,,Loading,pitch.0,335118,-8.5701,38.4866,120.7971,102.0172,-36.9696,39.5509,0.0325,0.0897
1779816506268,1,Pitching Mound.Parent,,Loading,pitch.0,334310,-7.7502,38.7327,122.3069,103.8255,-38.1315,41.7143,0.0321,0.0902
1779816506269,1,11.0000004b,Drive,Loading,pitch.0,335119,-8.6333,38.6866,121.2482,102.8937,-37.4359,39.6916,0.0328,0.0901
1779816506269,1,12.00000015,Lower Delivery,Loading,pitch.0,334844,-0.2737,-0.7344,1.0748,-0.0814,-0.0104,-0.0157,0.0,0.0
1779816506269,1,12.00000018,Upper Delivery,Loading,pitch.0,335400,1.1107,1.0835,0.5577,1.6652,-1.277,1.6553,0.0,0.0
1779816506269,1,Pitching Mound.Delivery,,Loading,pitch.0,334604,0.837,0.3491,1.6326,1.7596,-1.2875,2.1102,0.0,0.0
1779816506269,1,Pitching Mound.Drive,,Loading,pitch.0,335119,-8.6333,38.6866,121.2482,102.8937,-37.4359,39.6916,0.0328,0.0901
1779816506269,1,Pitching Mound.Parent,,Loading,pitch.0,334311,-7.7963,39.0357,122.8807,104.6533,-38.7234,41.8018,0.0323,0.0903
1779816506270,1,11.0000004b,Drive,Loading,pitch.0,335120,-8.6833,38.8501,121.5843,103.2453,-37.7432,39.8047,0.033,0.0901
1779816506270,1,12.00000015,Lower Delivery,Loading,pitch.0,334845,-0.2865,-0.7172,1.0744,-0.0745,-0.0006,-0.0176,0.0,0.0
1779816506270,1,12.00000018,Upper Delivery,Loading,pitch.0,335401,1.0797,1.0569,0.5564,1.518,-0.9949,1.6657,0.0,0.0
1779816506270,1,Pitching Mound.Delivery,,Loading,pitch.0,334605,0.7932,0.3398,1.6308,1.6196,-0.9956,2.1126,0.0,0.0
1779816506270,1,Pitching Mound.Drive,,Loading,pitch.0,335120,-8.6833,38.8501,121.5843,103.2453,-37.7432,39.8047,0.033,0.0901
1779816506270,1,Pitching Mound.Parent,,Loading,pitch.0,334312,-7.8901,39.1899,123.2151,104.8649,-38.7387,41.9173,0.0325,0.0904
1779816506271,1,11.0000004b,Drive,Loading,pitch.0,335121,-8.7316,39.0083,121.8089,103.2216,-37.8695,39.8081,0.033,0.09
1779816506271,1,12.00000015,Lower Delivery,Loading,pitch.0,334846,-0.3002,-0.7495,1.0749,-0.0726,-0.0002,-0.0149,0.0,0.0
1779816506271,1,12.00000018,Upper Delivery,Loading,pitch.0,335402,1.1108,1.0997,0.5773,1.5324,-1.0077,1.6483,0.0,0.0
1779816506271,1,Pitching Mound.Delivery,,Loading,pitch.0,334606,0.8106,0.3502,1.6523,1.6289,-1.0079,2.1132,0.0,0.0
1779816506271,1,Pitching Mound.Drive,,Loading,pitch.0,335121,-8.7316,39.0083,121.8089,103.2216,-37.8695,39.8081,0.033,0.09
1779816506271,1,Pitching Mound.Parent,,Loading,pitch.0,334313,-7.921,39.3585,123.4611,104.8505,-38.8774,41.9213,0.0326,0.0901
1779816506272,1,11.0000004b,Drive,Loading,pitch.0,335122,-8.8001,39.1907,122.1443,103.7957,-38.2436,39.9201,0.0332,0.0902
1779816506272,1,12.00000015,Lower Delivery,Loading,pitch.0,334847,-0.3098,-0.7611,1.1275,-0.0738,0.001,-0.0143,0.0,0.0
1779816506272,1,12.00000018,Upper Delivery,Loading,pitch.0,335403,1.104,1.0892,0.6262,1.4241,-0.881,1.6939,0.0,0.0
1779816506272,1,Pitching Mound.Delivery,,Loading,pitch.0,334607,0.7942,0.328,1.7537,1.5208,-0.88,2.1603,0.0,0.0
1779816506272,1,Pitching Mound.Drive,,Loading,pitch.0,335122,-8.8001,39.1907,122.1443,103.7957,-38.2436,39.9201,0.0332,0.0902
1779816506272,1,Pitching Mound.Parent,,Loading,pitch.0,334314,-8.0058,39.5188,123.898,105.3165,-39.1236,42.0804,0.0328,0.0903
1779816506273,1,11.0000004b,Drive,Loading,pitch.0,335124,-8.9429,39.5382,122.6649,104.4,-38.8463,40.1197,0.0336,0.0904
1779816506273,1,11.0000004b,Drive,Loading,pitch.0,335123,-8.8638,39.3604,122.4057,104.0219,-38.5052,40.0074,0.0334,0.0902
1779816506273,1,12.00000015,Lower Delivery,Loading,pitch.0,334848,-0.3146,-0.7728,1.2104,-0.0773,0.0006,-0.0156,0.0,0.0
1779816506273,1,12.00000018,Upper Delivery,Loading,pitch.0,335404,1.0768,1.1323,0.6631,1.3565,-0.8293,1.6264,0.0,0.0
1779816506273,1,Pitching Mound.Delivery,,Loading,pitch.0,334608,0.7622,0.3595,1.8735,1.4652,-0.8287,2.0839,0.0,0.0
1779816506273,1,Pitching Mound.Drive,,Loading,pitch.0,335124,-8.9429,39.5382,122.6649,104.4,-38.8463,40.1197,0.0336,0.0904
1779816506273,1,Pitching Mound.Drive,,Loading,pitch.0,335123,-8.8638,39.3604,122.4057,104.0219,-38.5052,40.0074,0.0334,0.0902
1779816506273,1,Pitching Mound.Parent,,Loading,pitch.0,334315,-8.1016,39.72,124.2791,105.4872,-39.3339,42.0913,0.0329,0.0904
1779816506274,1,12.00000015,Lower Delivery,Loading,pitch.0,334849,-0.2975,-0.7671,1.2389,-0.0825,-0.0083,-0.0183,0.0,0.0
1779816506274,1,12.00000018,Upper Delivery,Loading,pitch.0,335405,1.0671,1.1169,0.6569,1.3122,-0.9202,1.6502,0.0,0.0
1779816506274,1,Pitching Mound.Delivery,,Loading,pitch.0,334609,0.7696,0.3499,1.8958,1.4276,-0.9285,2.0959,0.0,0.0
1779816506274,1,Pitching Mound.Parent,,Loading,pitch.0,334316,-8.1734,39.888,124.5606,105.8276,-39.7748,42.2156,0.0331,0.0906
1779816506275,1,11.0000004b,Drive,Loading,pitch.0,335125,-9.006,39.7095,122.8895,104.552,-39.1226,40.2116,0.0338,0.0903
1779816506275,1,12.00000015,Lower Delivery,Loading,pitch.0,334850,-0.2915,-0.7646,1.1603,-0.0764,-0.0068,-0.0165,0.0,0.0
1779816506275,1,12.00000018,Upper Delivery,Loading,pitch.0,335406,1.0583,1.1936,0.8028,1.1545,-0.6878,1.6231,0.0,0.0
1779816506275,1,Pitching Mound.Delivery,,Loading,pitch.0,334610,0.7667,0.4289,1.9632,1.1997,-0.6947,2.0655,0.0,0.0
1779816506275,1,Pitching Mound.Drive,,Loading,pitch.0,335125,-9.006,39.7095,122.8895,104.552,-39.1226,40.2116,0.0338,0.0903
1779816506275,1,Pitching Mound.Parent,,Loading,pitch.0,334317,-8.2392,40.1385,124.8527,105.7517,-39.8173,42.2771,0.0333,0.0899
1779816506276,1,11.0000004b,Drive,Loading,pitch.0,335126,-9.0786,39.8609,123.129,104.8161,-39.3207,40.3133,0.0339,0.0904
1779816506276,1,12.00000015,Lower Delivery,Loading,pitch.0,334851,-0.2818,-0.777,1.1103,-0.073,0.011,-0.0145,0.0,0.0
1779816506276,1,12.00000018,Upper Delivery,Loading,pitch.0,335407,1.055,1.1476,0.7607,1.158,-0.6369,1.6631,0.0,0.0
1779816506276,1,Pitching Mound.Delivery,,Loading,pitch.0,334611,0.7732,0.3706,1.8711,1.2038,-0.6259,2.103,0.0,0.0
1779816506276,1,Pitching Mound.Drive,,Loading,pitch.0,335126,-9.0786,39.8609,123.129,104.8161,-39.3207,40.3133,0.0339,0.0904
1779816506276,1,Pitching Mound.Parent,,Loading,pitch.0,334318,-8.3054,40.2316,125.0001,106.0199,-39.9466,42.4164,0.0334,0.09
1779816506277,1,11.0000004b,Drive,Loading,pitch.0,335127,-9.1436,40.0402,123.3905,104.9939,-39.6177,40.433,0.0341,0.0903
1779816506277,1,11.0000004b,Drive,Loading,pitch.0,335128,-9.2363,40.2047,123.7045,105.5163,-39.8587,40.5902,0.0342,0.0906
1779816506277,1,12.00000015,Lower Delivery,Loading,pitch.0,334852,-0.2755,-0.7334,1.1162,-0.081,-0.0011,-0.0156,0.0,0.0
1779816506277,1,12.00000018,Upper Delivery,Loading,pitch.0,335408,1.0327,1.1494,0.8032,1.0955,-0.5397,1.6196,0.0,0.0
1779816506277,1,Pitching Mound.Delivery,,Loading,pitch.0,334612,0.7572,0.4159,1.9194,1.1209,-0.5408,2.0489,0.0,0.0
1779816506277,1,Pitching Mound.Drive,,Loading,pitch.0,335127,-9.1436,40.0402,123.3905,104.9939,-39.6177,40.433,0.0341,0.0903
1779816506277,1,Pitching Mound.Drive,,Loading,pitch.0,335128,-9.2363,40.2047,123.7045,105.5163,-39.8587,40.5902,0.0342,0.0906
1779816506277,1,Pitching Mound.Parent,,Loading,pitch.0,334319,-8.3864,40.4562,125.3099,106.1148,-40.1585,42.4819,0.0336,0.0898
1779816506278,1,12.00000015,Lower Delivery,Loading,pitch.0,334853,-0.2748,-0.7356,1.0299,-0.073,0.0027,-0.0134,0.0,0.0
1779816506278,1,12.00000018,Upper Delivery,Loading,pitch.0,335409,1.0278,1.0905,0.726,1.0216,-0.3987,1.6225,0.0,0.0
1779816506278,1,Pitching Mound.Delivery,,Loading,pitch.0,334613,0.753,0.3549,1.7559,1.0519,-0.396,2.0519,0.0,0.0
1779816506278,1,Pitching Mound.Parent,,Loading,pitch.0,334320,-8.4833,40.5596,125.4604,106.5682,-40.2547,42.6421,0.0337,0.0901
1779816506279,1,11.0000004b,Drive,Loading,pitch.0,335129,-9.326,40.3821,123.9715,105.9003,-40.156,40.7352,0.0344,0.0907
1779816506279,1,11.0000004b,Drive,Loading,pitch.0,335130,-9.4063,40.5424,124.1867,105.9814,-40.3464,40.8452,0.0345,0.0906
1779816506279,1,12.00000015,Lower Delivery,Loading,pitch.0,334854,-0.2899,-0.7147,1.0917,-0.0776,0.0036,-0.0129,0.0,0.0
1779816506279,1,12.00000018,Upper Delivery,Loading,pitch.0,335410,1.0279,1.0826,0.6794,0.8648,-0.417,1.6314,0.0,0.0
1779816506279,1,Pitching Mound.Delivery,,Loading,pitch.0,334614,0.738,0.3679,1.7711,0.9273,-0.4133,2.0665,0.0,0.0
1779816506279,1,Pitching Mound.Drive,,Loading,pitch.0,335129,-9.326,40.3821,123.9715,105.9003,-40.156,40.7352,0.0344,0.0907
1779816506279,1,Pitching Mound.Drive,,Loading,pitch.0,335130,-9.4063,40.5424,124.1867,105.9814,-40.3464,40.8452,0.0345,0.0906
1779816506279,1,Pitching Mound.Parent,,Loading,pitch.0,334321,-8.588,40.75,125.7426,106.8276,-40.5693,42.8017,0.0339,0.0905
1779816506280,1,12.00000015,Lower Delivery,Loading,pitch.0,334855,-0.2803,-0.7067,1.0527,-0.0784,0.003,-0.0135,0.0,0.0
1779816506280,1,12.00000018,Upper Delivery,Loading,pitch.0,335411,1.0141,1.0915,0.5636,0.6173,-0.6473,1.6364,0.0,0.0
1779816506280,1,Pitching Mound.Delivery,,Loading,pitch.0,334615,0.7338,0.3848,1.6163,0.7051,-0.6443,2.0631,0.0,0.0
1779816506280,1,Pitching Mound.Parent,,Loading,pitch.0,334322,-8.6725,40.9272,125.803,106.6865,-40.9907,42.9083,0.034,0.0908
1779816506281,1,11.0000004b,Drive,Loading,pitch.0,335131,-9.4999,40.7101,124.371,106.1698,-40.577,40.9583,0.0346,0.0906
1779816506281,1,11.0000004b,Drive,Loading,pitch.0,335132,-9.6144,40.9066,124.816,107.0557,-41.0254,41.1508,0.0349,0.0911
1779816506281,1,12.00000015,Lower Delivery,Loading,pitch.0,334856,-0.268,-0.7206,0.9668,-0.0755,-0.0089,-0.0135,0.0,0.0
1779816506281,1,12.00000018,Upper Delivery,Loading,pitch.0,335412,1.0268,1.1579,0.5281,0.7592,-0.5735,1.6341,0.0,0.0
1779816506281,1,Pitching Mound.Delivery,,Loading,pitch.0,334616,0.7588,0.4373,1.4949,0.8329,-0.5823,2.0608,0.0,0.0
1779816506281,1,Pitching Mound.Drive,,Loading,pitch.0,335131,-9.4999,40.7101,124.371,106.1698,-40.577,40.9583,0.0346,0.0906
1779816506281,1,Pitching Mound.Drive,,Loading,pitch.0,335132,-9.6144,40.9066,124.816,107.0557,-41.0254,41.1508,0.0349,0.0911
1779816506281,1,Pitching Mound.Parent,,Loading,pitch.0,334323,-8.7411,41.1474,125.8659,107.0027,-41.1594,43.0191,0.0342,0.0907
1779816506282,1,11.0000004b,Drive,Loading,pitch.0,335133,-9.704,41.0558,124.9667,106.9413,-41.0917,41.2552,0.0349,0.0908
1779816506282,1,12.00000015,Lower Delivery,Loading,pitch.0,334857,-0.2719,-0.7132,1.0777,-0.0794,-0.0081,-0.0161,0.0,0.0
1779816506282,1,12.00000018,Upper Delivery,Loading,pitch.0,335413,1.0534,1.1133,0.4262,0.7559,-0.459,1.6238,0.0,0.0
1779816506282,1,Pitching Mound.Delivery,,Loading,pitch.0,334617,0.7815,0.4,1.504,0.898,-0.4671,2.0584,0.0,0.0
1779816506282,1,Pitching Mound.Drive,,Loading,pitch.0,335133,-9.704,41.0558,124.9667,106.9413,-41.0917,41.2552,0.0349,0.0908
1779816506282,1,Pitching Mound.Parent,,Loading,pitch.0,334324,-8.8329,41.3067,126.3199,107.9538,-41.4925,43.2091,0.0345,0.0917
1779816506283,1,12.00000015,Lower Delivery,Loading,pitch.0,334858,-0.2659,-0.6985,1.15,-0.0832,-0.0059,-0.017,0.0,0.0
1779816506283,1,12.00000018,Upper Delivery,Loading,pitch.0,335414,1.0498,1.0487,0.4376,0.8667,-0.515,1.6533,0.0,0.0
1779816506283,1,Pitching Mound.Delivery,,Loading,pitch.0,334618,0.7839,0.3501,1.5876,1.0257,-0.5208,2.0836,0.0,0.0
1779816506283,1,Pitching Mound.Parent,,Loading,pitch.0,334325,-8.92,41.4059,126.5543,107.9669,-41.6126,43.3387,0.0345,0.0916
1779816506284,1,11.0000004b,Drive,Loading,pitch.0,335134,-9.8099,41.2409,125.3294,107.6674,-41.4774,41.4277,0.0351,0.0912
1779816506284,1,11.0000004b,Drive,Loading,pitch.0,335135,-9.9027,41.3947,125.5554,107.7305,-41.7145,41.5435,0.0353,0.0911
1779816506284,1,12.00000015,Lower Delivery,Loading,pitch.0,334859,-0.2702,-0.6753,1.204,-0.0842,-0.0148,-0.0164,0.0,0.0
1779816506284,1,12.00000018,Upper Delivery,Loading,pitch.0,335415,1.0805,1.0372,0.3241,1.2318,-0.4977,1.6915,0.0,0.0
1779816506284,1,Pitching Mound.Delivery,,Loading,pitch.0,334619,0.8103,0.3619,1.5281,1.4467,-0.5124,2.1343,0.0,0.0
1779816506284,1,Pitching Mound.Drive,,Loading,pitch.0,335134,-9.8099,41.2409,125.3294,107.6674,-41.4774,41.4277,0.0351,0.0912
1779816506284,1,Pitching Mound.Drive,,Loading,pitch.0,335135,-9.9027,41.3947,125.5554,107.7305,-41.7145,41.5435,0.0353,0.0911
1779816506284,1,Pitching Mound.Parent,,Loading,pitch.0,334326,-8.9996,41.6027,126.8575,109.1141,-41.9898,43.562,0.0347,0.0925
1779816506285,1,11.0000004b,Drive,Loading,pitch.0,335136,-10.0141,41.5624,125.7329,107.9441,-41.955,41.6889,0.0354,0.0911
1779816506285,1,12.00000015,Lower Delivery,Loading,pitch.0,334860,-0.276,-0.6735,1.1366,-0.0841,-0.0118,-0.0151,0.0,0.0
1779816506285,1,12.00000018,Upper Delivery,Loading,pitch.0,335416,1.0809,1.0294,0.2795,1.1643,-0.4082,1.6853,0.0,0.0
1779816506285,1,Pitching Mound.Delivery,,Loading,pitch.0,334620,0.8048,0.3559,1.4161,1.3716,-0.42,2.1315,0.0,0.0
1779816506285,1,Pitching Mound.Drive,,Loading,pitch.0,335136,-10.0141,41.5624,125.7329,107.9441,-41.955,41.6889,0.0354,0.0911
1779816506285,1,Pitching Mound.Parent,,Loading,pitch.0,334327,-9.0978,41.7506,126.9715,109.1021,-42.1345,43.675,0.0349,0.0924
1779816506286,1,11.0000004b,Drive,Loading,pitch.0,335137,-10.1324,41.7295,126.0594,108.4298,-42.2064,41.8481,0.0355,0.0913
1779816506286,1,12.00000015,Lower Delivery,Loading,pitch.0,334861,-0.2801,-0.6923,1.1423,-0.0924,-0.0165,-0.0159,0.0,0.0
1779816506286,1,12.00000018,Upper Delivery,Loading,pitch.0,335417,1.0821,0.9895,0.2573,1.1067,-0.327,1.6798,0.0,0.0
1779816506286,1,Pitching Mound.Delivery,,Loading,pitch.0,334621,0.802,0.2971,1.3996,1.3153,-0.3435,2.1271,0.0,0.0
1779816506286,1,Pitching Mound.Drive,,Loading,pitch.0,335137,-10.1324,41.7295,126.0594,108.4298,-42.2064,41.8481,0.0355,0.0913
1779816506286,1,Pitching Mound.Parent,,Loading,pitch.0,334328,-9.2121,41.8595,127.1325,109.2594,-42.2985,43.816,0.035,0.0925
1779816506287,1,12.00000015,Lower Delivery,Loading,pitch.0,334862,-0.2906,-0.7158,1.1205,-0.0936,-0.0213,-0.0162,0.0,0.0
1779816506287,1,12.00000018,Upper Delivery,Loading,pitch.0,335418,1.0924,1.0342,0.2798,1.1783,-0.4331,1.7122,0.0,0.0
1779816506287,1,Pitching Mound.Delivery,,Loading,pitch.0,334622,0.8018,0.3185,1.4003,1.3705,-0.4544,2.1663,0.0,0.0
1779816506287,1,Pitching Mound.Parent,,Loading,pitch.0,334329,-9.3306,42.0479,127.4597,109.8003,-42.6608,44.0143,0.0352,0.0926
1779816506288,1,11.0000004b,Drive,Loading,pitch.0,335138,-10.2348,41.8803,126.2225,108.6729,-42.5699,42.0097,0.0358,0.0914
1779816506288,1,12.00000015,Lower Delivery,Loading,pitch.0,334863,-0.2807,-0.7404,1.1506,-0.1016,-0.0329,-0.0154,0.0,0.0
1779816506288,1,12.00000018,Upper Delivery,Loading,pitch.0,335419,1.0941,1.0116,0.29,1.0832,-0.3718,1.7434,0.0,0.0
1779816506288,1,Pitching Mound.Delivery,,Loading,pitch.0,334623,0.8133,0.2712,1.4406,1.2742,-0.4046,2.1955,0.0,0.0
1779816506288,1,Pitching Mound.Drive,,Loading,pitch.0,335138,-10.2348,41.8803,126.2225,108.6729,-42.5699,42.0097,0.0358,0.0914
1779816506288,1,Pitching Mound.Parent,,Loading,pitch.0,334330,-9.4214,42.1515,127.6631,109.9471,-42.9746,44.2052,0.0354,0.0927
1779816506289,1,11.0000004b,Drive,Loading,pitch.0,335139,-10.3452,42.0253,126.4361,108.9656,-42.8546,42.1599,0.036,0.0915
1779816506289,1,12.00000015,Lower Delivery,Loading,pitch.0,334864,-0.2779,-0.7415,1.2152,-0.1007,-0.0327,-0.0161,0.0,0.0
1779816506289,1,12.00000018,Upper Delivery,Loading,pitch.0,335420,1.125,1.0187,0.2947,1.1663,-0.3991,1.7672,0.0,0.0
1779816506289,1,Pitching Mound.Delivery,,Loading,pitch.0,334624,0.8472,0.2771,1.5099,1.3786,-0.4318,2.228,0.0,0.0
1779816506289,1,Pitching Mound.Drive,,Loading,pitch.0,335139,-10.3452,42.0253,126.4361,108.9656,-42.8546,42.1599,0.036,0.0915
1779816506289,1,Pitching Mound.Parent,,Loading,pitch.0,334331,-9.4981,42.3024,127.9461,110.3443,-43.2864,44.3879,0.0356,0.0929
1779816506290,1,11.0000004b,Drive,Loading,pitch.0,335140,-10.455,42.1726,126.6216,109.2338,-43.0699,42.309,0.0361,0.0916
1779816506290,1,12.00000015,Lower Delivery,Loading,pitch.0,334865,-0.2846,-0.7808,1.1531,-0.0998,-0.0289,-0.0122,0.0,0.0
1779816506290,1,12.00000018,Upper Delivery,Loading,pitch.0,335421,1.1086,1.0161,0.3529,1.2671,-0.5376,1.7099,0.0,0.0
1779816506290,1,Pitching Mound.Delivery,,Loading,pitch.0,334625,0.8241,0.2353,1.506,1.4394,-0.5665,2.1714,0.0,0.0
1779816506290,1,Pitching Mound.Drive,,Loading,pitch.0,335140,-10.455,42.1726,126.6216,109.2338,-43.0699,42.309,0.0361,0.0916
1779816506290,1,Pitching Mound.Parent,,Loading,pitch.0,334332,-9.631,42.4079,128.1276,110.6732,-43.6364,44.4804,0.0357,0.0926
1779816506291,1,11.0000004b,Drive,Loading,pitch.0,335141,-10.5842,42.3476,126.9792,110.14,-43.6891,42.5578,0.0365,0.0921
1779816506291,1,11.0000004b,Drive,Loading,pitch.0,335142,-10.6796,42.4698,126.938,109.6795,-43.7375,42.6139,0.0366,0.0917
1779816506291,1,12.00000015,Lower Delivery,Loading,pitch.0,334866,-0.2838,-0.7835,1.1213,-0.0862,-0.0205,-0.0007,0.0,0.0
1779816506291,1,12.00000018,Upper Delivery,Loading,pitch.0,335422,1.097,1.0216,0.3693,1.4239,-0.4925,1.7289,0.0,0.0
1779816506291,1,Pitching Mound.Delivery,,Loading,pitch.0,334626,0.8132,0.2381,1.4906,1.5934,-0.513,2.1977,0.0,0.0
1779816506291,1,Pitching Mound.Drive,,Loading,pitch.0,335141,-10.5842,42.3476,126.9792,110.14,-43.6891,42.5578,0.0365,0.0921
1779816506291,1,Pitching Mound.Drive,,Loading,pitch.0,335142,-10.6796,42.4698,126.938,109.6795,-43.7375,42.6139,0.0366,0.0917
1779816506291,1,Pitching Mound.Parent,,Loading,pitch.0,334333,-9.7709,42.5856,128.4698,111.7334,-44.2021,44.7555,0.0361,0.093
1779816506292,1,12.00000015,Lower Delivery,Loading,pitch.0,334867,-0.3018,-0.7954,1.0782,-0.0918,-0.0165,-0.0079,0.0,0.0
1779816506292,1,12.00000018,Upper Delivery,Loading,pitch.0,335423,1.1271,1.0373,0.3884,1.424,-0.5553,1.7676,0.0,0.0
1779816506292,1,Pitching Mound.Delivery,,Loading,pitch.0,334627,0.8253,0.2418,1.4666,1.5667,-0.5717,2.2455,0.0,0.0
1779816506292,1,Pitching Mound.Parent,,Loading,pitch.0,334334,-9.8543,42.7116,128.4046,111.2461,-44.3093,44.8593,0.0362,0.0925
1779816506293,1,11.0000004b,Drive,Loading,pitch.0,335143,-10.8049,42.6341,127.1612,110.1542,-44.1496,42.8491,0.0369,0.092
1779816506293,1,12.00000015,Lower Delivery,Loading,pitch.0,334868,-0.3034,-0.7939,1.0042,-0.0786,-0.0193,-0.003,0.0,0.0
1779816506293,1,12.00000018,Upper Delivery,Loading,pitch.0,335424,1.1137,1.0595,0.4026,1.2287,-0.5343,1.7615,0.0,0.0
1779816506293,1,Pitching Mound.Delivery,,Loading,pitch.0,334628,0.8103,0.2655,1.4068,1.3546,-0.5536,2.2403,0.0,0.0
1779816506293,1,Pitching Mound.Drive,,Loading,pitch.0,335143,-10.8049,42.6341,127.1612,110.1542,-44.1496,42.8491,0.0369,0.092
1779816506293,1,Pitching Mound.Parent,,Loading,pitch.0,334335,-9.9946,42.8996,128.568,111.5088,-44.7031,45.0894,0.0365,0.0925
1779816506294,1,11.0000004b,Drive,Loading,pitch.0,335144,-10.8937,42.7907,127.2644,110.3885,-44.5656,42.9606,0.0372,0.0921
1779816506294,1,12.00000015,Lower Delivery,Loading,pitch.0,334869,-0.29,-0.7773,1.0315,-0.0728,-0.0161,0.0046,0.0,0.0
1779816506294,1,12.00000018,Upper Delivery,Loading,pitch.0,335425,1.1182,1.0895,0.4532,1.3657,-0.491,1.7796,0.0,0.0
1779816506294,1,Pitching Mound.Delivery,,Loading,pitch.0,334629,0.8282,0.3122,1.4847,1.4895,-0.5071,2.263,0.0,0.0
1779816506294,1,Pitching Mound.Drive,,Loading,pitch.0,335144,-10.8937,42.7907,127.2644,110.3885,-44.5656,42.9606,0.0372,0.0921
1779816506294,1,Pitching Mound.Parent,,Loading,pitch.0,334336,-10.0655,43.1029,128.7491,111.878,-45.0727,45.2236,0.0367,0.0926
1779816506295,1,11.0000004b,Drive,Loading,pitch.0,335145,-10.997,42.9247,127.3141,110.5255,-44.7823,43.1071,0.0373,0.0922
1779816506295,1,11.0000004b,Drive,Loading,pitch.0,335146,-11.0888,43.0752,127.3836,110.5889,-45.0379,43.2766,0.0375,0.0922
1779816506295,1,12.00000015,Lower Delivery,Loading,pitch.0,334870,-0.2934,-0.7712,1.0382,-0.072,-0.0118,0.0074,0.0,0.0
1779816506295,1,12.00000018,Upper Delivery,Loading,pitch.0,335426,1.1072,1.1183,0.3831,1.2472,-0.3254,1.7967,0.0,0.0
1779816506295,1,Pitching Mound.Delivery,,Loading,pitch.0,334630,0.8139,0.347,1.4213,1.398,-0.3372,2.2803,0.0,0.0
1779816506295,1,Pitching Mound.Drive,,Loading,pitch.0,335145,-10.997,42.9247,127.3141,110.5255,-44.7823,43.1071,0.0373,0.0922
1779816506295,1,Pitching Mound.Drive,,Loading,pitch.0,335146,-11.0888,43.0752,127.3836,110.5889,-45.0379,43.2766,0.0375,0.0922
1779816506295,1,Pitching Mound.Parent,,Loading,pitch.0,334337,-10.1831,43.2717,128.7354,111.9235,-45.1195,45.3874,0.0369,0.0929
1779816506296,1,11.0000004b,Drive,Loading,pitch.0,335147,-11.194,43.2185,127.4594,110.7807,-45.3254,43.4274,0.0378,0.0923
1779816506296,1,12.00000015,Lower Delivery,Loading,pitch.0,334871,-0.2831,-0.7683,1.0349,-0.0744,-0.0232,0.0031,0.0,0.0
1779816506296,1,12.00000018,Upper Delivery,Loading,pitch.0,335427,1.111,1.1234,0.4018,1.2375,-0.3874,1.7804,0.0,0.0
1779816506296,1,Pitching Mound.Delivery,,Loading,pitch.0,334631,0.8279,0.3551,1.4366,1.3784,-0.4106,2.2575,0.0,0.0
1779816506296,1,Pitching Mound.Drive,,Loading,pitch.0,335147,-11.194,43.2185,127.4594,110.7807,-45.3254,43.4274,0.0378,0.0923
1779816506296,1,Pitching Mound.Parent,,Loading,pitch.0,334338,-10.261,43.4303,128.8203,111.9673,-45.4484,45.5341,0.0371,0.0928
1779816506297,1,11.0000004b,Drive,Loading,pitch.0,335148,-11.3014,43.3692,127.5254,111.0207,-45.6805,43.6234,0.038,0.0924
1779816506297,1,12.00000015,Lower Delivery,Loading,pitch.0,334872,-0.2831,-0.7596,1.2141,-0.0722,-0.0178,-0.0024,0.0,0.0
1779816506297,1,12.00000018,Upper Delivery,Loading,pitch.0,335428,1.1316,1.1364,0.405,1.1667,-0.5805,1.7268,0.0,0.0
1779816506297,1,Pitching Mound.Delivery,,Loading,pitch.0,334632,0.8485,0.3768,1.6191,1.3696,-0.5983,2.2054,0.0,0.0
1779816506297,1,Pitching Mound.Drive,,Loading,pitch.0,335148,-11.3014,43.3692,127.5254,111.0207,-45.6805,43.6234,0.038,0.0924
1779816506297,1,Pitching Mound.Parent,,Loading,pitch.0,334339,-10.3456,43.5952,129.0785,112.1503,-45.9236,45.6328,0.0373,0.0932
1779816506298,1,12.00000015,Lower Delivery,Loading,pitch.0,334873,-0.2733,-0.7347,1.1917,-0.0704,-0.0155,-0.0005,0.0,0.0
1779816506298,1,12.00000018,Upper Delivery,Loading,pitch.0,335429,1.1074,1.1329,0.3743,1.1839,-0.6389,1.6646,0.0,0.0
1779816506298,1,Pitching Mound.Delivery,,Loading,pitch.0,334633,0.8342,0.3982,1.5659,1.3914,-0.6545,2.1335,0.0,0.0
1779816506298,1,Pitching Mound.Parent,,Loading,pitch.0,334340,-10.4672,43.7674,129.0913,112.4121,-46.3349,45.7569,0.0376,0.0935
1779816506299,1,11.0000004b,Drive,Loading,pitch.0,335149,-11.3986,43.5207,127.569,111.2455,-46.0307,43.7848,0.0383,0.0926
1779816506299,1,11.0000004b,Drive,Loading,pitch.0,335150,-11.5041,43.6647,127.6282,111.4304,-46.3434,43.9686,0.0385,0.0927
1779816506299,1,12.00000015,Lower Delivery,Loading,pitch.0,334874,-0.2868,-0.7141,1.1959,-0.0683,-0.0042,-0.0102,0.0,0.0
1779816506299,1,12.00000018,Upper Delivery,Loading,pitch.0,335430,1.077,1.1058,0.4137,1.297,-0.6124,1.6451,0.0,0.0
1779816506299,1,Pitching Mound.Delivery,,Loading,pitch.0,334634,0.7903,0.3917,1.6096,1.4947,-0.6166,2.0986,0.0,0.0
1779816506299,1,Pitching Mound.Drive,,Loading,pitch.0,335149,-11.3986,43.5207,127.569,111.2455,-46.0307,43.7848,0.0383,0.0926
1779816506299,1,Pitching Mound.Drive,,Loading,pitch.0,335150,-11.5041,43.6647,127.6282,111.4304,-46.3434,43.9686,0.0385,0.0927
1779816506299,1,Pitching Mound.Parent,,Loading,pitch.0,334341,-10.6083,43.9123,129.1786,112.7401,-46.6473,45.8834,0.0378,0.0935
1779816506300,1,11.0000004b,Drive,Loading,pitch.0,335151,-11.5948,43.8159,127.6893,111.6711,-46.8913,44.1018,0.039,0.0928
1779816506300,1,12.00000015,Lower Delivery,Loading,pitch.0,334875,-0.2827,-0.7041,1.162,-0.066,-0.0031,-0.0143,0.0,0.0
1779816506300,1,12.00000018,Upper Delivery,Loading,pitch.0,335431,1.1103,1.1478,0.3981,1.3692,-0.5579,1.6463,0.0,0.0
1779816506300,1,Pitching Mound.Delivery,,Loading,pitch.0,334635,0.8276,0.4437,1.5601,1.563,-0.561,2.1056,0.0,0.0
1779816506300,1,Pitching Mound.Drive,,Loading,pitch.0,335151,-11.5948,43.8159,127.6893,111.6711,-46.8913,44.1018,0.039,0.0928
1779816506300,1,Pitching Mound.Parent,,Loading,pitch.0,334342,-10.6764,44.1085,129.1883,112.9933,-46.9044,46.0742,0.0381,0.0936
1779816506301,1,11.0000004b,Drive,Loading,pitch.0,335152,-11.7014,43.9694,127.739,111.8846,-47.2845,44.3031,0.0393,0.093
1779816506301,1,12.00000015,Lower Delivery,Loading,pitch.0,334876,-0.2656,-0.7086,1.2402,-0.0787,-0.018,-0.0139,0.0,0.0
1779816506301,1,12.00000018,Upper Delivery,Loading,pitch.0,335432,1.1061,1.18,0.4126,1.4949,-0.609,1.6377,0.0,0.0
1779816506301,1,Pitching Mound.Delivery,,Loading,pitch.0,334636,0.8405,0.4713,1.6527,1.6975,-0.627,2.0902,0.0,0.0
1779816506301,1,Pitching Mound.Drive,,Loading,pitch.0,335152,-11.7014,43.9694,127.739,111.8846,-47.2845,44.3031,0.0393,0.093
1779816506301,1,Pitching Mound.Parent,,Loading,pitch.0,334343,-10.7542,44.2872,129.342,113.3686,-47.5183,46.192,0.0385,0.0938
1779816506302,1,11.0000004b,Drive,Loading,pitch.0,335153,-11.8166,44.1104,127.8422,112.0303,-47.7456,44.4536,0.0396,0.093
1779816506302,1,12.00000015,Lower Delivery,Loading,pitch.0,334877,-0.2749,-0.7012,1.3411,-0.0762,-0.0121,-0.0155,0.0,0.0
1779816506302,1,12.00000018,Upper Delivery,Loading,pitch.0,335433,1.0774,1.1686,0.4414,1.5905,-0.8279,1.6438,0.0,0.0
1779816506302,1,Pitching Mound.Delivery,,Loading,pitch.0,334637,0.8025,0.4674,1.7826,1.8202,-0.84,2.0881,0.0,0.0
1779816506302,1,Pitching Mound.Drive,,Loading,pitch.0,335153,-11.8166,44.1104,127.8422,112.0303,-47.7456,44.4536,0.0396,0.093
1779816506302,1,Pitching Mound.Parent,,Loading,pitch.0,334344,-10.899,44.4367,129.5215,113.7048,-48.1245,46.3912,0.0388,0.0941
1779816506303,1,11.0000004b,Drive,Loading,pitch.0,335154,-11.9135,44.2655,127.9761,112.3135,-48.1551,44.6018,0.0399,0.0932
1779816506303,1,12.00000015,Lower Delivery,Loading,pitch.0,334878,-0.2505,-0.6721,1.2761,-0.0801,-0.012,-0.0157,0.0,0.0
1779816506303,1,12.00000018,Upper Delivery,Loading,pitch.0,335434,1.0612,1.2177,0.5679,1.6182,-0.8557,1.6129,0.0,0.0
1779816506303,1,Pitching Mound.Delivery,,Loading,pitch.0,334638,0.8108,0.5455,1.8441,1.7789,-0.8678,2.0432,0.0,0.0
1779816506303,1,Pitching Mound.Drive,,Loading,pitch.0,335154,-11.9135,44.2655,127.9761,112.3135,-48.1551,44.6018,0.0399,0.0932
1779816506303,1,Pitching Mound.Parent,,Loading,pitch.0,334345,-11.0059,44.656,129.6863,113.8092,-48.6134,46.4967,0.0391,0.0936
1779816506304,1,11.0000004b,Drive,Loading,pitch.0,335155,-12.041,44.4075,128.0327,112.419,-48.5413,44.7509,0.0402,0.0932
1779816506304,1,12.00000015,Lower Delivery,Loading,pitch.0,334879,-0.2387,-0.6701,1.3385,-0.0906,-0.0146,-0.0115,0.0,0.0
1779816506304,1,12.00000018,Upper Delivery,Loading,pitch.0,335435,1.0735,1.1759,0.5245,1.4838,-0.8026,1.5893,0.0,0.0
1779816506304,1,Pitching Mound.Delivery,,Loading,pitch.0,334639,0.8348,0.5059,1.863,1.67,-0.8172,2.0239,0.0,0.0
1779816506304,1,Pitching Mound.Drive,,Loading,pitch.0,335155,-12.041,44.4075,128.0327,112.419,-48.5413,44.7509,0.0402,0.0932
1779816506304,1,Pitching Mound.Parent,,Loading,pitch.0,334346,-11.0787,44.7714,129.8391,113.9835,-48.9723,46.6256,0.0394,0.094
1779816506305,1,11.0000004b,Drive,Loading,pitch.0,335156,-12.1657,44.5528,128.1019,112.66,-49.0455,44.9311,0.0406,0.0934
1779816506305,1,12.00000015,Lower Delivery,Loading,pitch.0,334880,-0.2419,-0.6956,1.241,-0.0883,-0.0154,-0.0104,0.0,0.0
1779816506305,1,12.00000018,Upper Delivery,Loading,pitch.0,335436,1.0603,1.216,0.6014,1.5347,-0.9409,1.5932,0.0,0.0
1779816506305,1,Pitching Mound.Delivery,,Loading,pitch.0,334640,0.8185,0.5204,1.8424,1.6639,-0.9563,2.0256,0.0,0.0
1779816506305,1,Pitching Mound.Drive,,Loading,pitch.0,335156,-12.1657,44.5528,128.1019,112.66,-49.0455,44.9311,0.0406,0.0934
1779816506305,1,Pitching Mound.Parent,,Loading,pitch.0,334347,-11.2225,44.9279,129.8752,114.0829,-49.4977,46.7765,0.0397,0.0936
1779816506306,1,11.0000004b,Drive,Loading,pitch.0,335157,-12.3023,44.7074,128.1912,112.9129,-49.4754,45.1146,0.041,0.0935
1779816506306,1,12.00000015,Lower Delivery,Loading,pitch.0,334881,-0.2572,-0.7003,1.2337,-0.1018,-0.0242,-0.0149,0.0,0.0
1779816506306,1,12.00000018,Upper Delivery,Loading,pitch.0,335437,1.0908,1.2267,0.6084,1.4354,-0.9292,1.6118,0.0,0.0
1779816506306,1,Pitching Mound.Delivery,,Loading,pitch.0,334641,0.8336,0.5264,1.8421,1.5463,-0.9534,2.0552,0.0,0.0
1779816506306,1,Pitching Mound.Drive,,Loading,pitch.0,335157,-12.3023,44.7074,128.1912,112.9129,-49.4754,45.1146,0.041,0.0935
1779816506306,1,Pitching Mound.Parent,,Loading,pitch.0,334348,-11.3321,45.0792,129.944,114.2062,-49.9989,46.9863,0.0401,0.0937
1779816506307,1,11.0000004b,Drive,Loading,pitch.0,335158,-12.4531,44.8786,128.4147,113.4281,-50.0172,45.3724,0.0414,0.0938
1779816506307,1,12.00000015,Lower Delivery,Loading,pitch.0,334882,-0.2413,-0.6936,1.1643,-0.1036,-0.0206,-0.0147,0.0,0.0
1779816506307,1,12.00000018,Upper Delivery,Loading,pitch.0,335438,1.0793,1.1948,0.674,1.3011,-0.6854,1.5886,0.0,0.0
1779816506307,1,Pitching Mound.Delivery,,Loading,pitch.0,334642,0.838,0.5011,1.8382,1.3643,-0.7061,2.0229,0.0,0.0
1779816506307,1,Pitching Mound.Drive,,Loading,pitch.0,335158,-12.4531,44.8786,128.4147,113.4281,-50.0172,45.3724,0.0414,0.0938
1779816506307,1,Pitching Mound.Parent,,Loading,pitch.0,334349,-11.4643,45.2085,130.0294,114.2772,-50.1815,47.1375,0.0404,0.0935
1779816506308,1,11.0000004b,Drive,Loading,pitch.0,335159,-12.5967,45.0341,128.5158,113.63,-50.3513,45.5984,0.0416,0.0939
1779816506308,1,12.00000015,Lower Delivery,Loading,pitch.0,334883,-0.2324,-0.6988,1.1617,-0.1026,-0.0187,-0.0149,0.0,0.0
1779816506308,1,12.00000018,Upper Delivery,Loading,pitch.0,335439,1.1001,1.1999,0.737,1.4148,-0.8336,1.6197,0.0,0.0
1779816506308,1,Pitching Mound.Delivery,,Loading,pitch.0,334643,0.8677,0.5011,1.8987,1.4567,-0.8523,2.0579,0.0,0.0
1779816506308,1,Pitching Mound.Drive,,Loading,pitch.0,335159,-12.5967,45.0341,128.5158,113.63,-50.3513,45.5984,0.0416,0.0939
1779816506308,1,Pitching Mound.Parent,,Loading,pitch.0,334350,-11.5855,45.3797,130.3134,114.8848,-50.8695,47.4303,0.0407,0.0935
1779816506309,1,11.0000004b,Drive,Loading,pitch.0,335160,-12.7204,45.1753,128.5422,113.7422,-50.716,45.7593,0.0419,0.0939
1779816506309,1,12.00000015,Lower Delivery,Loading,pitch.0,334884,-0.2322,-0.7011,1.2134,-0.1126,-0.0278,-0.0165,0.0,0.0
1779816506309,1,12.00000015,Lower Delivery,Loading,pitch.0,334885,-0.2279,-0.7147,1.1463,-0.1116,-0.028,-0.0151,0.0,0.0
1779816506309,1,12.00000018,Upper Delivery,Loading,pitch.0,335440,1.0921,1.2002,0.731,1.5105,-0.7618,1.6276,0.0,0.0
1779816506309,1,Pitching Mound.Delivery,,Loading,pitch.0,334644,0.8599,0.4992,1.9444,1.5619,-0.7895,2.0613,0.0,0.0
1779816506309,1,Pitching Mound.Drive,,Loading,pitch.0,335160,-12.7204,45.1753,128.5422,113.7422,-50.716,45.7593,0.0419,0.0939
1779816506309,1,Pitching Mound.Parent,,Loading,pitch.0,334351,-11.7368,45.5333,130.4603,115.1919,-51.1409,47.6598,0.041,0.0937
1779816506310,1,11.0000004b,Drive,Loading,pitch.0,335161,-12.8787,45.3438,128.7142,114.088,-51.1207,45.9721,0.0422,0.0941
1779816506310,1,12.00000018,Upper Delivery,Loading,pitch.0,335441,1.0941,1.2206,0.7188,1.589,-0.9368,1.6545,0.0,0.0
1779816506310,1,Pitching Mound.Delivery,,Loading,pitch.0,334645,0.8661,0.5059,1.8651,1.6227,-0.9647,2.0889,0.0,0.0
1779816506310,1,Pitching Mound.Drive,,Loading,pitch.0,335161,-12.8787,45.3438,128.7142,114.088,-51.1207,45.9721,0.0422,0.0941
1779816506310,1,Pitching Mound.Parent,,Loading,pitch.0,334352,-11.8543,45.6812,130.4074,115.3649,-51.6807,47.8482,0.0413,0.0937
1779816506311,1,11.0000004b,Drive,Loading,pitch.0,335162,-13.0227,45.4978,128.7591,114.0864,-51.4008,46.1602,0.0424,0.0941
1779816506311,1,12.00000015,Lower Delivery,Loading,pitch.0,334886,-0.2364,-0.7071,1.1974,-0.1143,-0.0222,-0.0154,0.0,0.0
1779816506311,1,12.00000018,Upper Delivery,Loading,pitch.0,335442,1.0489,1.1792,0.6638,1.5221,-0.9511,1.657,0.0,0.0
1779816506311,1,Pitching Mound.Delivery,,Loading,pitch.0,334646,0.8125,0.4721,1.8612,1.5892,-0.9733,2.0786,0.0,0.0
1779816506311,1,Pitching Mound.Drive,,Loading,pitch.0,335162,-13.0227,45.4978,128.7591,114.0864,-51.4008,46.1602,0.0424,0.0941
1779816506311,1,Pitching Mound.Parent,,Loading,pitch.0,334353,-12.0663,45.8159,130.5754,115.6773,-52.094,48.0507,0.0416,0.0941
1779816506312,1,11.0000004b,Drive,Loading,pitch.0,335163,-13.195,45.6839,128.947,114.6821,-51.9999,46.4459,0.0428,0.0944
1779816506312,1,12.00000015,Lower Delivery,Loading,pitch.0,334887,-0.2341,-0.6891,1.1769,-0.1115,-0.0226,-0.0169,0.0,0.0
1779816506312,1,12.00000018,Upper Delivery,Loading,pitch.0,335443,1.0309,1.1874,0.699,1.562,-0.8363,1.6361,0.0,0.0
1779816506312,1,Pitching Mound.Delivery,,Loading,pitch.0,334647,0.7967,0.4983,1.8759,1.613,-0.8589,2.0492,0.0,0.0
1779816506312,1,Pitching Mound.Drive,,Loading,pitch.0,335163,-13.195,45.6839,128.947,114.6821,-51.9999,46.4459,0.0428,0.0944
1779816506312,1,Pitching Mound.Parent,,Loading,pitch.0,334354,-12.226,45.9961,130.6349,115.6994,-52.2597,48.2094,0.0418,0.094
1779816506313,1,11.0000004b,Drive,Loading,pitch.0,335164,-13.3715,45.8446,129.1413,115.1587,-52.4868,46.6623,0.0431,0.0947
1779816506313,1,12.00000015,Lower Delivery,Loading,pitch.0,334888,-0.229,-0.6921,1.1117,-0.116,-0.0262,-0.018,0.0,0.0
1779816506313,1,12.00000018,Upper Delivery,Loading,pitch.0,335444,1.0547,1.1914,0.7781,1.6281,-0.752,1.6366,0.0,0.0
1779816506313,1,Pitching Mound.Delivery,,Loading,pitch.0,334648,0.8257,0.4994,1.8898,1.6255,-0.7782,2.0551,0.0,0.0
1779816506313,1,Pitching Mound.Drive,,Loading,pitch.0,335164,-13.3715,45.8446,129.1413,115.1587,-52.4868,46.6623,0.0431,0.0947
1779816506313,1,Pitching Mound.Parent,,Loading,pitch.0,334355,-12.3693,46.1833,130.8368,116.3076,-52.7781,48.501,0.0422,0.0939
1779816506314,1,11.0000004b,Drive,Loading,pitch.0,335165,-13.5301,46.0016,129.2335,115.3311,-52.8908,46.8957,0.0434,0.0947
1779816506314,1,12.00000015,Lower Delivery,Loading,pitch.0,334889,-0.2414,-0.7276,1.2652,-0.1204,-0.0313,-0.018,0.0,0.0
1779816506314,1,12.00000015,Lower Delivery,Loading,pitch.0,334890,-0.2598,-0.7121,1.2579,-0.1067,-0.0265,-0.0173,0.0,0.0
1779816506314,1,12.00000018,Upper Delivery,Loading,pitch.0,335445,1.0603,1.1557,0.6603,1.5248,-0.7476,1.6778,0.0,0.0
1779816506314,1,Pitching Mound.Delivery,,Loading,pitch.0,334649,0.8189,0.4281,1.9255,1.61,-0.7789,2.1024,0.0,0.0
1779816506314,1,Pitching Mound.Drive,,Loading,pitch.0,335165,-13.5301,46.0016,129.2335,115.3311,-52.8908,46.8957,0.0434,0.0947
1779816506314,1,Pitching Mound.Parent,,Loading,pitch.0,334356,-12.5526,46.2728,131.0668,116.7687,-53.2657,48.7646,0.0425,0.0948
1779816506315,1,11.0000004b,Drive,Loading,pitch.0,335166,-13.7104,46.2123,129.5315,116.1946,-53.5651,47.2069,0.0439,0.0952
1779816506315,1,12.00000015,Lower Delivery,Loading,pitch.0,334891,-0.246,-0.7099,1.3274,-0.1014,-0.0187,-0.0159,0.0,0.0
1779816506315,1,12.00000018,Upper Delivery,Loading,pitch.0,335446,1.0916,1.1274,0.5655,1.4617,-0.6639,1.7224,0.0,0.0
1779816506315,1,Pitching Mound.Delivery,,Loading,pitch.0,334650,0.8319,0.4153,1.8234,1.5904,-0.6905,2.1646,0.0,0.0
1779816506315,1,Pitching Mound.Drive,,Loading,pitch.0,335166,-13.7104,46.2123,129.5315,116.1946,-53.5651,47.2069,0.0439,0.0952
1779816506315,1,Pitching Mound.Parent,,Loading,pitch.0,334357,-12.6982,46.4169,131.0569,116.9215,-53.5812,49.0603,0.0428,0.0952
1779816506316,1,11.0000004b,Drive,Loading,pitch.0,335167,-13.8597,46.3652,129.6425,116.2967,-53.9142,47.3483,0.0441,0.0952
1779816506316,1,12.00000018,Upper Delivery,Loading,pitch.0,335447,1.1199,1.1379,0.6215,1.4022,-0.4864,1.7263,0.0,0.0
1779816506316,1,Pitching Mound.Delivery,,Loading,pitch.0,334651,0.8739,0.428,1.949,1.5408,-0.5051,2.1748,0.0,0.0
1779816506316,1,Pitching Mound.Drive,,Loading,pitch.0,335167,-13.8597,46.3652,129.6425,116.2967,-53.9142,47.3483,0.0441,0.0952
1779816506316,1,Pitching Mound.Parent,,Loading,pitch.0,334358,-12.8365,46.6403,131.4805,117.7354,-54.0702,49.3817,0.0433,0.0956
1779816506317,1,11.0000004b,Drive,Loading,pitch.0,335168,-13.9944,46.5257,129.7457,116.5015,-54.4068,47.5573,0.0445,0.0953
1779816506317,1,12.00000015,Lower Delivery,Loading,pitch.0,334893,-0.2502,-0.6413,1.0527,-0.0905,-0.0221,-0.0136,0.0,0.0
1779816506317,1,12.00000015,Lower Delivery,Loading,pitch.0,334892,-0.2396,-0.6852,1.232,-0.0887,-0.0188,-0.0156,0.0,0.0
1779816506317,1,12.00000018,Upper Delivery,Loading,pitch.0,335448,1.1077,1.1445,0.6305,1.6056,-0.2871,1.7345,0.0,0.0
1779816506317,1,Pitching Mound.Delivery,,Loading,pitch.0,334652,0.868,0.4593,1.8625,1.7214,-0.3058,2.177,0.0,0.0
1779816506317,1,Pitching Mound.Drive,,Loading,pitch.0,335168,-13.9944,46.5257,129.7457,116.5015,-54.4068,47.5573,0.0445,0.0953
1779816506317,1,Pitching Mound.Parent,,Loading,pitch.0,334359,-12.9916,46.8245,131.505,118.0181,-54.22,49.5253,0.0435,0.0954
1779816506318,1,11.0000004b,Drive,Loading,pitch.0,335169,-14.1495,46.707,129.9493,117.1311,-55.0167,47.8003,0.0449,0.0957
1779816506318,1,12.00000015,Lower Delivery,Loading,pitch.0,334894,-0.2568,-0.6468,1.0396,-0.0905,-0.026,-0.019,0.0,0.0
1779816506318,1,12.00000018,Upper Delivery,Loading,pitch.0,335449,1.1045,1.1699,0.6288,1.6417,-0.1787,1.7422,0.0,0.0
1779816506318,1,Pitching Mound.Delivery,,Loading,pitch.0,334653,0.8543,0.5287,1.6815,1.6953,-0.2008,2.1892,0.0,0.0
1779816506318,1,Pitching Mound.Drive,,Loading,pitch.0,335169,-14.1495,46.707,129.9493,117.1311,-55.0167,47.8003,0.0449,0.0957
1779816506318,1,Pitching Mound.Parent,,Loading,pitch.0,334360,-13.1401,47.0544,131.4272,118.1968,-54.6077,49.7465,0.0439,0.0952
1779816506319,1,11.0000004b,Drive,Loading,pitch.0,335170,-14.3038,46.895,130.1884,117.5495,-55.6539,48.0339,0.0454,0.0959
1779816506319,1,12.00000015,Lower Delivery,Loading,pitch.0,334895,-0.2522,-0.6338,1.0533,-0.0864,-0.0269,-0.022,0.0,0.0
1779816506319,1,12.00000018,Upper Delivery,Loading,pitch.0,335450,1.0922,1.1498,0.5471,1.5309,-0.1659,1.7413,0.0,0.0
1779816506319,1,Pitching Mound.Delivery,,Loading,pitch.0,334654,0.8354,0.5029,1.5867,1.6078,-0.192,2.181,0.0,0.0
1779816506319,1,Pitching Mound.Drive,,Loading,pitch.0,335170,-14.3038,46.895,130.1884,117.5495,-55.6539,48.0339,0.0454,0.0959
1779816506319,1,Pitching Mound.Parent,,Loading,pitch.0,334361,-13.3142,47.2099,131.536,118.7388,-55.2086,49.9813,0.0444,0.0958
1779816506320,1,11.0000004b,Drive,Loading,pitch.0,335171,-14.4522,47.0954,130.472,118.3492,-56.4288,48.2877,0.0459,0.0963
1779816506320,1,12.00000015,Lower Delivery,Loading,pitch.0,334896,-0.2657,-0.6544,1.1456,-0.0812,-0.0215,-0.0214,0.0,0.0
1779816506320,1,12.00000018,Upper Delivery,Loading,pitch.0,335451,1.0797,1.1332,0.5693,1.4669,0.017,1.7529,0.0,0.0
1779816506320,1,Pitching Mound.Delivery,,Loading,pitch.0,334655,0.8275,0.4994,1.6226,1.5451,-0.0099,2.1837,0.0,0.0
1779816506320,1,Pitching Mound.Drive,,Loading,pitch.0,335171,-14.4522,47.0954,130.472,118.3492,-56.4288,48.2877,0.0459,0.0963
1779816506320,1,Pitching Mound.Parent,,Loading,pitch.0,334362,-13.4764,47.3944,131.811,119.0946,-55.6638,50.2177,0.0448,0.0959
1779816506321,1,11.0000004b,Drive,Loading,pitch.0,335172,-14.6334,47.3024,130.7792,119.1548,-57.3496,48.5903,0.0466,0.0967
1779816506321,1,12.00000015,Lower Delivery,Loading,pitch.0,334897,-0.2494,-0.663,1.0497,-0.0786,-0.0264,-0.0219,0.0,0.0
1779816506321,1,12.00000018,Upper Delivery,Loading,pitch.0,335452,1.0751,1.0998,0.5631,1.4144,-0.0727,1.8059,0.0,0.0
1779816506321,1,12.00000018,Upper Delivery,Loading,pitch.0,335453,1.0841,1.1012,0.6048,1.2445,-0.2994,1.7998,0.0,0.0
1779816506321,1,Pitching Mound.Delivery,,Loading,pitch.0,334656,0.8094,0.4454,1.7087,1.5313,-0.0942,2.2404,0.0,0.0
1779816506321,1,Pitching Mound.Delivery,,Loading,pitch.0,334657,0.8347,0.4382,1.6545,1.3172,-0.3258,2.2313,0.0,0.0
1779816506321,1,Pitching Mound.Drive,,Loading,pitch.0,335172,-14.6334,47.3024,130.7792,119.1548,-57.3496,48.5903,0.0466,0.0967
1779816506321,1,Pitching Mound.Parent,,Loading,pitch.0,334363,-13.6428,47.5408,132.1807,119.8805,-56.523,50.5281,0.0453,0.0966
1779816506321,1,Pitching Mound.Parent,,Loading,pitch.0,334364,-13.7987,47.7406,132.4337,120.4719,-57.6754,50.8216,0.046,0.0967
1779816506322,1,11.0000004b,Drive,Loading,pitch.0,335173,-14.7611,47.4556,130.8338,119.4428,-57.8185,48.7487,0.0469,0.0969
1779816506322,1,Pitching Mound.Drive,,Loading,pitch.0,335173,-14.7611,47.4556,130.8338,119.4428,-57.8185,48.7487,0.0469,0.0969
1779816506323,1,11.0000004b,Drive,Loading,pitch.0,335174,-14.9157,47.6711,131.1478,120.1934,-58.4095,48.9835,0.0473,0.0973
1779816506323,1,12.00000015,Lower Delivery,Loading,pitch.0,334898,-0.2469,-0.6688,1.0808,-0.0821,-0.026,-0.0208,0.0,0.0
1779816506323,1,12.00000015,Lower Delivery,Loading,pitch.0,334899,-0.2651,-0.6757,1.0764,-0.0746,-0.0263,-0.0196,0.0,0.0
1779816506323,1,12.00000018,Upper Delivery,Loading,pitch.0,335454,1.0871,1.107,0.5376,1.2346,-0.3405,1.7872,0.0,0.0
1779816506323,1,Pitching Mound.Delivery,,Loading,pitch.0,334658,0.8402,0.4382,1.6184,1.3372,-0.3666,2.22,0.0,0.0
1779816506323,1,Pitching Mound.Drive,,Loading,pitch.0,335174,-14.9157,47.6711,131.1478,120.1934,-58.4095,48.9835,0.0473,0.0973
1779816506323,1,Pitching Mound.Parent,,Loading,pitch.0,334365,-13.9209,47.8938,132.4521,120.7799,-58.1851,50.9686,0.0463,0.0971
1779816506324,1,11.0000004b,Drive,Loading,pitch.0,335175,-15.0517,47.8357,131.2696,120.779,-58.9734,49.1706,0.0477,0.0977
1779816506324,1,12.00000015,Lower Delivery,Loading,pitch.0,334900,-0.2545,-0.6799,1.0871,-0.0767,-0.0317,-0.02,0.0,0.0
1779816506324,1,12.00000018,Upper Delivery,Loading,pitch.0,335455,1.0338,1.1385,0.5077,1.0686,-0.4102,1.8238,0.0,0.0
1779816506324,1,Pitching Mound.Delivery,,Loading,pitch.0,334659,0.7687,0.4628,1.5841,1.1874,-0.4365,2.2458,0.0,0.0
1779816506324,1,Pitching Mound.Drive,,Loading,pitch.0,335175,-15.0517,47.8357,131.2696,120.779,-58.9734,49.1706,0.0477,0.0977
1779816506324,1,Pitching Mound.Parent,,Loading,pitch.0,334366,-14.147,48.134,132.7319,121.3807,-58.846,51.2293,0.0467,0.0976
1779816506325,1,11.0000004b,Drive,Loading,pitch.0,335176,-15.1995,48.0402,131.4765,121.3048,-59.5544,49.4084,0.0481,0.0979
1779816506325,1,12.00000015,Lower Delivery,Loading,pitch.0,334901,-0.2407,-0.7009,1.0691,-0.0794,-0.0371,-0.0199,0.0,0.0
1779816506325,1,12.00000018,Upper Delivery,Loading,pitch.0,335456,1.0477,1.1619,0.5285,1.0884,-0.3559,1.7859,0.0,0.0
1779816506325,1,12.00000018,Upper Delivery,Loading,pitch.0,335457,0.9932,1.1553,0.5444,1.0702,-0.4671,1.7864,0.0,0.0
1779816506325,1,Pitching Mound.Delivery,,Loading,pitch.0,334660,0.7933,0.482,1.6157,1.2017,-0.3876,2.2086,0.0,0.0
1779816506325,1,Pitching Mound.Delivery,,Loading,pitch.0,334661,0.7525,0.4545,1.6134,1.1692,-0.5042,2.186,0.0,0.0
1779816506325,1,Pitching Mound.Drive,,Loading,pitch.0,335176,-15.1995,48.0402,131.4765,121.3048,-59.5544,49.4084,0.0481,0.0979
1779816506325,1,Pitching Mound.Parent,,Loading,pitch.0,334368,-14.4469,48.4947,133.0899,122.4739,-60.0586,51.5944,0.0475,0.0981
1779816506325,1,Pitching Mound.Parent,,Loading,pitch.0,334367,-14.2584,48.3178,132.8853,121.9807,-59.361,51.3793,0.0471,0.0979
1779816506326,1,11.0000004b,Drive,Loading,pitch.0,335177,-15.3328,48.2409,131.7103,121.682,-60.4468,49.6608,0.0487,0.0981
1779816506326,1,12.00000015,Lower Delivery,Loading,pitch.0,334902,-0.2546,-0.72,1.1256,-0.0832,-0.0247,-0.0162,0.0,0.0
1779816506326,1,Pitching Mound.Drive,,Loading,pitch.0,335177,-15.3328,48.2409,131.7103,121.682,-60.4468,49.6608,0.0487,0.0981
1779816506327,1,11.0000004b,Drive,Loading,pitch.0,335178,-15.4478,48.4493,131.9185,121.9307,-61.2826,49.8901,0.0493,0.0981
1779816506327,1,12.00000015,Lower Delivery,Loading,pitch.0,334903,-0.2747,-0.7357,1.075,-0.0829,-0.024,-0.013,0.0,0.0
1779816506327,1,12.00000018,Upper Delivery,Loading,pitch.0,335459,1.0323,1.2204,0.5564,1.1343,-0.5105,1.7159,0.0,0.0
1779816506327,1,12.00000018,Upper Delivery,Loading,pitch.0,335458,1.053,1.1385,0.4647,1.1351,-0.5537,1.7737,0.0,0.0
1779816506327,1,Pitching Mound.Delivery,,Loading,pitch.0,334662,0.7985,0.4185,1.5903,1.2766,-0.5784,2.2021,0.0,0.0
1779816506327,1,Pitching Mound.Delivery,,Loading,pitch.0,334663,0.7576,0.4847,1.6315,1.2277,-0.5345,2.1473,0.0,0.0
1779816506327,1,Pitching Mound.Drive,,Loading,pitch.0,335178,-15.4478,48.4493,131.9185,121.9307,-61.2826,49.8901,0.0493,0.0981
1779816506327,1,Pitching Mound.Parent,,Loading,pitch.0,334369,-14.5344,48.6594,133.3006,122.9586,-61.0253,51.8629,0.0481,0.0986
1779816506327,1,Pitching Mound.Parent,,Loading,pitch.0,334370,-14.6902,48.934,133.5499,123.1584,-61.8171,52.0374,0.0487,0.0982
1779816506328,1,11.0000004b,Drive,Loading,pitch.0,335179,-15.5881,48.6633,132.1355,122.3214,-62.0623,50.1157,0.0499,0.0983
1779816506328,1,12.00000015,Lower Delivery,Loading,pitch.0,334904,-0.2841,-0.731,1.1468,-0.0881,-0.0279,-0.0156,0.0,0.0
1779816506328,1,12.00000018,Upper Delivery,Loading,pitch.0,335460,1.0487,1.2016,0.535,1.184,-0.5878,1.716,0.0,0.0
1779816506328,1,Pitching Mound.Delivery,,Loading,pitch.0,334664,0.7646,0.4707,1.6818,1.3039,-0.6157,2.1535,0.0,0.0
1779816506328,1,Pitching Mound.Drive,,Loading,pitch.0,335179,-15.5881,48.6633,132.1355,122.3214,-62.0623,50.1157,0.0499,0.0983
1779816506328,1,Pitching Mound.Parent,,Loading,pitch.0,334371,-14.8236,49.134,133.8173,123.6253,-62.678,52.2693,0.0492,0.0986
1779816506329,1,11.0000004b,Drive,Loading,pitch.0,335180,-15.6984,48.8655,132.2917,122.6925,-62.882,50.2924,0.0505,0.0985
1779816506329,1,12.00000015,Lower Delivery,Loading,pitch.0,334905,-0.2775,-0.7542,1.1907,-0.0945,-0.0339,-0.0158,0.0,0.0
1779816506329,1,12.00000018,Upper Delivery,Loading,pitch.0,335461,1.072,1.1786,0.523,1.3488,-0.692,1.678,0.0,0.0
1779816506329,1,Pitching Mound.Delivery,,Loading,pitch.0,334665,0.7944,0.4244,1.7138,1.4813,-0.7259,2.121,0.0,0.0
1779816506329,1,Pitching Mound.Drive,,Loading,pitch.0,335180,-15.6984,48.8655,132.2917,122.6925,-62.882,50.2924,0.0505,0.0985
1779816506329,1,Pitching Mound.Parent,,Loading,pitch.0,334372,-14.9039,49.2899,134.0055,124.1738,-63.6079,52.4134,0.0498,0.0989
1779816506330,1,11.0000004b,Drive,Loading,pitch.0,335181,-15.7953,49.0233,132.4528,122.9304,-63.4009,50.4199,0.0508,0.0985
1779816506330,1,12.00000015,Lower Delivery,Loading,pitch.0,334906,-0.2834,-0.7551,1.1854,-0.0861,-0.0243,-0.0145,0.0,0.0
1779816506330,1,12.00000018,Upper Delivery,Loading,pitch.0,335462,1.0893,1.1294,0.4728,1.2692,-0.6707,1.6811,0.0,0.0
1779816506330,1,Pitching Mound.Delivery,,Loading,pitch.0,334666,0.8058,0.3743,1.6582,1.4254,-0.695,2.1334,0.0,0.0
1779816506330,1,Pitching Mound.Drive,,Loading,pitch.0,335181,-15.7953,49.0233,132.4528,122.9304,-63.4009,50.4199,0.0508,0.0985
1779816506330,1,Pitching Mound.Parent,,Loading,pitch.0,334373,-14.9895,49.3976,134.111,124.3558,-64.0958,52.5532,0.0502,0.0991
1779816506331,1,11.0000004b,Drive,Loading,pitch.0,335182,-15.9325,49.2199,132.6408,123.6671,-64.0515,50.6624,0.0513,0.099
1779816506331,1,12.00000015,Lower Delivery,Loading,pitch.0,334907,-0.2812,-0.7445,1.1403,-0.0842,-0.0278,-0.0177,0.0,0.0
1779816506331,1,12.00000018,Upper Delivery,Loading,pitch.0,335463,1.0909,1.1558,0.4546,1.321,-0.7865,1.6508,0.0,0.0
1779816506331,1,Pitching Mound.Delivery,,Loading,pitch.0,334667,0.8097,0.4113,1.5949,1.4699,-0.8143,2.0996,0.0,0.0
1779816506331,1,Pitching Mound.Drive,,Loading,pitch.0,335182,-15.9325,49.2199,132.6408,123.6671,-64.0515,50.6624,0.0513,0.099
1779816506331,1,Pitching Mound.Parent,,Loading,pitch.0,334374,-15.1228,49.6312,134.2357,125.1371,-64.8658,52.762,0.0507,0.0995
1779816506332,1,11.0000004b,Drive,Loading,pitch.0,335183,-16.0164,49.3924,132.7648,123.9957,-64.7696,50.8162,0.0518,0.0992
1779816506332,1,12.00000015,Lower Delivery,Loading,pitch.0,334908,-0.2799,-0.7382,1.2544,-0.0869,-0.033,-0.0191,0.0,0.0
1779816506332,1,12.00000018,Upper Delivery,Loading,pitch.0,335464,1.0619,1.149,0.5217,1.2699,-0.7418,1.6595,0.0,0.0
1779816506332,1,Pitching Mound.Delivery,,Loading,pitch.0,334668,0.782,0.4108,1.7761,1.4322,-0.7749,2.0966,0.0,0.0
1779816506332,1,Pitching Mound.Drive,,Loading,pitch.0,335183,-16.0164,49.3924,132.7648,123.9957,-64.7696,50.8162,0.0518,0.0992
1779816506332,1,Pitching Mound.Parent,,Loading,pitch.0,334375,-15.2343,49.8033,134.541,125.4279,-65.5445,52.9128,0.0511,0.0997
1779816506333,1,11.0000004b,Drive,Loading,pitch.0,335184,-16.1076,49.5699,132.8605,124.51,-65.3115,50.9527,0.0522,0.0995
1779816506333,1,12.00000015,Lower Delivery,Loading,pitch.0,334909,-0.2737,-0.7336,1.2545,-0.0866,-0.0298,-0.0184,0.0,0.0
1779816506333,1,12.00000018,Upper Delivery,Loading,pitch.0,335465,1.0505,1.2123,0.6525,1.25,-0.6094,1.6579,0.0,0.0
1779816506333,1,Pitching Mound.Delivery,,Loading,pitch.0,334669,0.7768,0.4788,1.907,1.368,-0.6392,2.0897,0.0,0.0
1779816506333,1,Pitching Mound.Drive,,Loading,pitch.0,335184,-16.1076,49.5699,132.8605,124.51,-65.3115,50.9527,0.0522,0.0995
1779816506333,1,Pitching Mound.Parent,,Loading,pitch.0,334376,-15.3308,50.0487,134.7676,125.878,-65.9507,53.0424,0.0514,0.0996
1779816506334,1,11.0000004b,Drive,Loading,pitch.0,335185,-16.1936,49.7448,132.9178,124.8652,-65.9661,51.1206,0.0527,0.0997
1779816506334,1,12.00000015,Lower Delivery,Loading,pitch.0,334910,-0.2727,-0.7125,1.2346,-0.0849,-0.0298,-0.0203,0.0,0.0
1779816506334,1,12.00000018,Upper Delivery,Loading,pitch.0,335466,1.059,1.2158,0.6069,1.359,-0.7536,1.6945,0.0,0.0
1779816506334,1,Pitching Mound.Delivery,,Loading,pitch.0,334670,0.7863,0.5033,1.8414,1.4875,-0.7834,2.1269,0.0,0.0
1779816506334,1,Pitching Mound.Drive,,Loading,pitch.0,335185,-16.1936,49.7448,132.9178,124.8652,-65.9661,51.1206,0.0527,0.0997
1779816506334,1,Pitching Mound.Parent,,Loading,pitch.0,334377,-15.4072,50.2481,134.7592,126.3526,-66.7496,53.2475,0.052,0.1
1779816506335,1,11.0000004b,Drive,Loading,pitch.0,335186,-16.2977,49.9248,132.9894,125.2407,-66.3723,51.2842,0.053,0.1
1779816506335,1,12.00000015,Lower Delivery,Loading,pitch.0,334911,-0.2833,-0.7023,1.2695,-0.0809,-0.029,-0.0188,0.0,0.0
1779816506335,1,12.00000018,Upper Delivery,Loading,pitch.0,335467,1.0334,1.1972,0.6174,1.4292,-0.6807,1.7099,0.0,0.0
1779816506335,1,Pitching Mound.Delivery,,Loading,pitch.0,334671,0.7501,0.4948,1.8869,1.57,-0.7097,2.1387,0.0,0.0
1779816506335,1,Pitching Mound.Drive,,Loading,pitch.0,335186,-16.2977,49.9248,132.9894,125.2407,-66.3723,51.2842,0.053,0.1
1779816506335,1,Pitching Mound.Parent,,Loading,pitch.0,334378,-15.5476,50.4196,134.8763,126.8107,-67.0821,53.4229,0.0522,0.1002
1779816506336,1,11.0000004b,Drive,Loading,pitch.0,335187,-16.4055,50.0977,133.0643,125.9371,-67.1121,51.442,0.0535,0.1005
1779816506336,1,12.00000015,Lower Delivery,Loading,pitch.0,334912,-0.2961,-0.7147,1.2988,-0.0817,-0.0258,-0.0199,0.0,0.0
1779816506336,1,12.00000018,Upper Delivery,Loading,pitch.0,335468,1.0633,1.2103,0.7101,1.5862,-0.5771,1.7565,0.0,0.0
1779816506336,1,Pitching Mound.Delivery,,Loading,pitch.0,334672,0.7672,0.4957,2.0089,1.7046,-0.6029,2.1988,0.0,0.0
1779816506336,1,Pitching Mound.Drive,,Loading,pitch.0,335187,-16.4055,50.0977,133.0643,125.9371,-67.1121,51.442,0.0535,0.1005
1779816506336,1,Pitching Mound.Parent,,Loading,pitch.0,334379,-15.6383,50.5934,135.0733,127.6417,-67.715,53.6408,0.0527,0.1005
1779816506337,1,11.0000004b,Drive,Loading,pitch.0,335188,-16.4823,50.2506,133.1234,126.3364,-67.8291,51.6048,0.0541,0.1008
1779816506337,1,12.00000015,Lower Delivery,Loading,pitch.0,334913,-0.2906,-0.7061,1.3477,-0.0742,-0.0269,-0.0186,0.0,0.0
1779816506337,1,12.00000018,Upper Delivery,Loading,pitch.0,335469,1.0714,1.2041,0.7513,1.622,-0.6509,1.7724,0.0,0.0
1779816506337,1,Pitching Mound.Delivery,,Loading,pitch.0,334673,0.7808,0.498,2.0989,1.7506,-0.6778,2.2168,0.0,0.0
1779816506337,1,Pitching Mound.Drive,,Loading,pitch.0,335188,-16.4823,50.2506,133.1234,126.3364,-67.8291,51.6048,0.0541,0.1008
1779816506337,1,Pitching Mound.Parent,,Loading,pitch.0,334380,-15.7015,50.7486,135.2223,128.087,-68.5069,53.8216,0.0533,0.1007
1779816506338,1,11.0000004b,Drive,Loading,pitch.0,335189,-16.5773,50.4247,133.139,126.6644,-68.3822,51.7647,0.0545,0.101
1779816506338,1,12.00000015,Lower Delivery,Loading,pitch.0,334914,-0.2751,-0.6981,1.4538,-0.0923,-0.0417,-0.0207,0.0,0.0
1779816506338,1,12.00000018,Upper Delivery,Loading,pitch.0,335470,1.0449,1.191,0.7355,1.8459,-0.5213,1.7856,0.0,0.0
1779816506338,1,Pitching Mound.Delivery,,Loading,pitch.0,334674,0.7698,0.4929,2.1893,1.9978,-0.5631,2.2136,0.0,0.0
1779816506338,1,Pitching Mound.Drive,,Loading,pitch.0,335189,-16.5773,50.4247,133.139,126.6644,-68.3822,51.7647,0.0545,0.101
1779816506338,1,Pitching Mound.Parent,,Loading,pitch.0,334381,-15.8076,50.9176,135.3283,128.6622,-68.9453,53.9783,0.0536,0.1012
1779816506339,1,11.0000004b,Drive,Loading,pitch.0,335190,-16.6692,50.5923,133.1758,126.9488,-69.0959,51.8933,0.0551,0.1012
1779816506339,1,12.00000015,Lower Delivery,Loading,pitch.0,334915,-0.2733,-0.7269,1.3962,-0.0806,-0.0356,-0.0138,0.0,0.0
1779816506339,1,12.00000018,Upper Delivery,Loading,pitch.0,335471,1.055,1.2052,0.7574,1.8515,-0.5759,1.7969,0.0,0.0
1779816506339,1,Pitching Mound.Delivery,,Loading,pitch.0,334675,0.7817,0.4783,2.1536,1.9881,-0.6115,2.2347,0.0,0.0
1779816506339,1,Pitching Mound.Drive,,Loading,pitch.0,335190,-16.6692,50.5923,133.1758,126.9488,-69.0959,51.8933,0.0551,0.1012
1779816506339,1,Pitching Mound.Parent,,Loading,pitch.0,334382,-15.8875,51.0706,135.3294,128.9369,-69.7074,54.128,0.0542,0.1012
1779816506340,1,11.0000004b,Drive,Loading,pitch.0,335191,-16.7477,50.7607,133.1493,127.3495,-69.6284,52.0664,0.0555,0.1015
1779816506340,1,12.00000015,Lower Delivery,Loading,pitch.0,334916,-0.2875,-0.7374,1.4514,-0.0828,-0.0266,-0.0135,0.0,0.0
1779816506340,1,12.00000018,Upper Delivery,Loading,pitch.0,335472,1.0268,1.1678,0.6888,1.6519,-0.7135,1.8293,0.0,0.0
1779816506340,1,Pitching Mound.Delivery,,Loading,pitch.0,334676,0.7393,0.4304,2.1401,1.8283,-0.7401,2.2626,0.0,0.0
1779816506340,1,Pitching Mound.Drive,,Loading,pitch.0,335191,-16.7477,50.7607,133.1493,127.3495,-69.6284,52.0664,0.0555,0.1015
1779816506340,1,Pitching Mound.Parent,,Loading,pitch.0,334383,-16.0085,51.191,135.2894,129.1778,-70.3685,54.329,0.0546,0.1018
1779816506341,1,11.0000004b,Drive,Loading,pitch.0,335192,-16.8172,50.9217,133.1529,127.7261,-70.1926,52.1981,0.056,0.1018
1779816506341,1,12.00000015,Lower Delivery,Loading,pitch.0,334917,-0.2725,-0.742,1.4088,-0.0898,-0.0334,-0.0146,0.0,0.0
1779816506341,1,12.00000018,Upper Delivery,Loading,pitch.0,335473,1.0649,1.2392,0.758,1.6042,-0.7148,1.8399,0.0,0.0
1779816506341,1,Pitching Mound.Delivery,,Loading,pitch.0,334677,0.7923,0.4972,2.1668,1.7357,-0.7482,2.28,0.0,0.0
1779816506341,1,Pitching Mound.Drive,,Loading,pitch.0,335192,-16.8172,50.9217,133.1529,127.7261,-70.1926,52.1981,0.056,0.1018
1779816506341,1,Pitching Mound.Parent,,Loading,pitch.0,334384,-16.0248,51.4189,135.3197,129.4618,-70.9408,54.4781,0.0551,0.1018
1779816506342,1,11.0000004b,Drive,Loading,pitch.0,335193,-16.8893,51.0477,133.2014,127.8765,-70.5426,52.3279,0.0562,0.1019
1779816506342,1,12.00000015,Lower Delivery,Loading,pitch.0,334918,-0.2915,-0.7372,1.509,-0.0881,-0.0309,-0.0059,0.0,0.0
1779816506342,1,12.00000018,Upper Delivery,Loading,pitch.0,335474,1.0682,1.235,0.7609,1.649,-0.7837,1.857,0.0,0.0
1779816506342,1,Pitching Mound.Delivery,,Loading,pitch.0,334678,0.7767,0.4978,2.2699,1.8153,-0.8146,2.3135,0.0,0.0
1779816506342,1,Pitching Mound.Drive,,Loading,pitch.0,335193,-16.8893,51.0477,133.2014,127.8765,-70.5426,52.3279,0.0562,0.1019
1779816506342,1,Pitching Mound.Parent,,Loading,pitch.0,334385,-16.1126,51.5454,135.4713,129.6918,-71.3572,54.6414,0.0553,0.1021
1779816506343,1,11.0000004b,Drive,Loading,pitch.0,335194,-16.9572,51.1868,133.2529,128.2109,-71.0996,52.4625,0.0566,0.1021
1779816506343,1,12.00000015,Lower Delivery,Loading,pitch.0,334919,-0.287,-0.7318,1.4346,-0.0812,-0.0294,-0.0022,0.0,0.0
1779816506343,1,12.00000018,Upper Delivery,Loading,pitch.0,335475,1.0547,1.2914,0.7647,1.5858,-0.9686,1.8245,0.0,0.0
1779816506343,1,Pitching Mound.Delivery,,Loading,pitch.0,334679,0.7677,0.5596,2.1993,1.7323,-0.998,2.2785,0.0,0.0
1779816506343,1,Pitching Mound.Drive,,Loading,pitch.0,335194,-16.9572,51.1868,133.2529,128.2109,-71.0996,52.4625,0.0566,0.1021
1779816506343,1,Pitching Mound.Parent,,Loading,pitch.0,334386,-16.1895,51.7463,135.4522,129.9432,-72.0976,54.741,0.0557,0.1022
1779816506344,1,11.0000004b,Drive,Loading,pitch.0,335195,-17.05,51.3178,133.2949,128.3611,-71.4557,52.5885,0.0569,0.1022
1779816506344,1,12.00000015,Lower Delivery,Loading,pitch.0,334920,-0.2865,-0.7427,1.4687,-0.0862,-0.0301,-0.004,0.0,0.0
1779816506344,1,12.00000018,Upper Delivery,Loading,pitch.0,335476,1.0535,1.2594,0.7272,1.5112,-0.9394,1.7705,0.0,0.0
1779816506344,1,Pitching Mound.Delivery,,Loading,pitch.0,334680,0.7669,0.5167,2.1959,1.6772,-0.9696,2.2221,0.0,0.0
1779816506344,1,Pitching Mound.Drive,,Loading,pitch.0,335195,-17.05,51.3178,133.2949,128.3611,-71.4557,52.5885,0.0569,0.1022
1779816506344,1,Pitching Mound.Parent,,Loading,pitch.0,334387,-16.283,51.8345,135.4907,130.0382,-72.4253,54.8106,0.056,0.1024
1779816506345,1,11.0000004b,Drive,Loading,pitch.0,335196,-17.1241,51.4434,133.3452,128.6929,-71.8396,52.7146,0.0572,0.1025
1779816506345,1,12.00000015,Lower Delivery,Loading,pitch.0,334921,-0.2789,-0.7335,1.405,-0.0884,-0.0413,-0.0018,0.0,0.0
1779816506345,1,12.00000018,Upper Delivery,Loading,pitch.0,335477,1.0368,1.2824,0.6995,1.5389,-0.9927,1.777,0.0,0.0
1779816506345,1,Pitching Mound.Delivery,,Loading,pitch.0,334681,0.7579,0.549,2.1045,1.6903,-1.0339,2.2225,0.0,0.0
1779816506345,1,Pitching Mound.Drive,,Loading,pitch.0,335196,-17.1241,51.4434,133.3452,128.6929,-71.8396,52.7146,0.0572,0.1025
1779816506345,1,Pitching Mound.Parent,,Loading,pitch.0,334388,-16.3662,51.9924,135.4497,130.3832,-72.8735,54.9371,0.0563,0.1026
1779816506346,1,11.0000004b,Drive,Loading,pitch.0,335197,-17.1841,51.5655,133.374,128.7987,-72.3857,52.8453,0.0576,0.1025
1779816506346,1,12.00000015,Lower Delivery,Loading,pitch.0,334922,-0.2885,-0.7242,1.3854,-0.0943,-0.0427,-0.0115,0.0,0.0
1779816506346,1,12.00000018,Upper Delivery,Loading,pitch.0,335478,1.0389,1.2913,0.7744,1.67,-1.1973,1.7786,0.0,0.0
1779816506346,1,Pitching Mound.Delivery,,Loading,pitch.0,334682,0.7503,0.5671,2.1598,1.7835,-1.2399,2.2184,0.0,0.0
1779816506346,1,Pitching Mound.Drive,,Loading,pitch.0,335197,-17.1841,51.5655,133.374,128.7987,-72.3857,52.8453,0.0576,0.1025
1779816506346,1,Pitching Mound.Parent,,Loading,pitch.0,334389,-16.4337,52.1326,135.5338,130.5822,-73.6256,55.0637,0.0567,0.1024
1779816506347,1,11.0000004b,Drive,Loading,pitch.0,335198,-17.2481,51.6873,133.4183,129.1373,-72.8454,53.0065,0.058,0.1028
1779816506347,1,12.00000015,Lower Delivery,Loading,pitch.0,334923,-0.2853,-0.7112,1.4194,-0.0988,-0.0472,-0.0125,0.0,0.0
1779816506347,1,12.00000018,Upper Delivery,Loading,pitch.0,335479,1.0128,1.2211,0.6677,1.5247,-1.1155,1.7855,0.0,0.0
1779816506347,1,Pitching Mound.Delivery,,Loading,pitch.0,334683,0.7276,0.51,2.0871,1.6815,-1.1628,2.2144,0.0,0.0
1779816506347,1,Pitching Mound.Drive,,Loading,pitch.0,335198,-17.2481,51.6873,133.4183,129.1373,-72.8454,53.0065,0.058,0.1028
1779816506347,1,Pitching Mound.Parent,,Loading,pitch.0,334390,-16.5205,52.1973,135.5054,130.8188,-74.0081,55.2209,0.0571,0.1031
1779816506348,1,11.0000004b,Drive,Loading,pitch.0,335199,-17.3331,51.8148,133.4286,129.3698,-73.1966,53.1202,0.0582,0.1029
1779816506348,1,12.00000015,Lower Delivery,Loading,pitch.0,334924,-0.2747,-0.6675,1.2676,-0.1081,-0.0532,-0.0199,0.0,0.0
1779816506348,1,12.00000018,Upper Delivery,Loading,pitch.0,335480,0.9949,1.2364,0.7265,1.5546,-1.1566,1.8137,0.0,0.0
1779816506348,1,Pitching Mound.Delivery,,Loading,pitch.0,334684,0.7203,0.5689,1.994,1.6304,-1.2099,2.2255,0.0,0.0
1779816506348,1,Pitching Mound.Drive,,Loading,pitch.0,335199,-17.3331,51.8148,133.4286,129.3698,-73.1966,53.1202,0.0582,0.1029
1779816506348,1,Pitching Mound.Parent,,Loading,pitch.0,334391,-16.6128,52.3836,135.4227,131.0002,-74.4065,55.3457,0.0574,0.1028
1779816506349,1,11.0000004b,Drive,Loading,pitch.0,335200,-17.4211,51.9194,133.5008,129.4505,-73.7153,53.2708,0.0586,0.1029
1779816506349,1,12.00000015,Lower Delivery,Loading,pitch.0,334925,-0.275,-0.6718,1.2406,-0.106,-0.0498,-0.0179,0.0,0.0
1779816506349,1,12.00000018,Upper Delivery,Loading,pitch.0,335481,0.9979,1.2266,0.6801,1.5134,-1.187,1.8419,0.0,0.0
1779816506349,1,Pitching Mound.Delivery,,Loading,pitch.0,334685,0.7229,0.5547,1.9207,1.598,-1.2368,2.2568,0.0,0.0
1779816506349,1,Pitching Mound.Drive,,Loading,pitch.0,335200,-17.4211,51.9194,133.5008,129.4505,-73.7153,53.2708,0.0586,0.1029
1779816506349,1,Pitching Mound.Parent,,Loading,pitch.0,334392,-16.6982,52.4741,135.4215,131.0485,-74.9521,55.5276,0.0578,0.1029
1779816506350,1,11.0000004b,Drive,Loading,pitch.0,335201,-17.5022,52.0321,133.517,129.7721,-74.1856,53.4456,0.059,0.1032
1779816506350,1,12.00000015,Lower Delivery,Loading,pitch.0,334926,-0.2846,-0.6654,1.2727,-0.1064,-0.055,-0.0194,0.0,0.0
1779816506350,1,12.00000018,Upper Delivery,Loading,pitch.0,335482,0.9767,1.2293,0.7033,1.55,-1.2083,1.865,0.0,0.0
1779816506350,1,Pitching Mound.Delivery,,Loading,pitch.0,334686,0.692,0.5639,1.9759,1.6373,-1.2633,2.2744,0.0,0.0
1779816506350,1,Pitching Mound.Drive,,Loading,pitch.0,335201,-17.5022,52.0321,133.517,129.7721,-74.1856,53.4456,0.059,0.1032
1779816506350,1,Pitching Mound.Parent,,Loading,pitch.0,334393,-16.8102,52.5961,135.493,131.4094,-75.4489,55.72,0.0581,0.1031
1779816506351,1,11.0000004b,Drive,Loading,pitch.0,335202,-17.5799,52.1445,133.5241,130.0196,-74.7853,53.5845,0.0595,0.1034
1779816506351,1,12.00000015,Lower Delivery,Loading,pitch.0,334927,-0.2845,-0.6484,1.1414,-0.1056,-0.0556,-0.0187,0.0,0.0
1779816506351,1,12.00000018,Upper Delivery,Loading,pitch.0,335483,0.9979,1.2557,0.7633,1.6427,-1.3074,1.8425,0.0,0.0
1779816506351,1,Pitching Mound.Delivery,,Loading,pitch.0,334687,0.7134,0.6073,1.9047,1.6656,-1.363,2.2598,0.0,0.0
1779816506351,1,Pitching Mound.Drive,,Loading,pitch.0,335202,-17.5799,52.1445,133.5241,130.0196,-74.7853,53.5845,0.0595,0.1034
1779816506351,1,Pitching Mound.Parent,,Loading,pitch.0,334394,-16.8666,52.7518,135.4288,131.6852,-76.1483,55.8443,0.0586,0.1029
1779816506352,1,11.0000004b,Drive,Loading,pitch.0,335203,-17.669,52.237,133.4815,130.269,-75.434,53.7305,0.06,0.1036
1779816506352,1,12.00000015,Lower Delivery,Loading,pitch.0,334928,-0.2715,-0.666,1.1545,-0.1005,-0.0483,-0.0173,0.0,0.0
1779816506352,1,12.00000018,Upper Delivery,Loading,pitch.0,335484,0.9822,1.2221,0.776,1.7407,-1.2218,1.8422,0.0,0.0
1779816506352,1,Pitching Mound.Delivery,,Loading,pitch.0,334688,0.7108,0.5561,1.9305,1.7689,-1.2701,2.2512,0.0,0.0
1779816506352,1,Pitching Mound.Drive,,Loading,pitch.0,335203,-17.669,52.237,133.4815,130.269,-75.434,53.7305,0.06,0.1036
1779816506352,1,Pitching Mound.Parent,,Loading,pitch.0,334395,-16.9582,52.7932,135.412,132.0379,-76.7041,55.9816,0.0591,0.1031
1779816506353,1,11.0000004b,Drive,Loading,pitch.0,335204,-17.7517,52.3463,133.5059,130.2899,-75.9801,53.8871,0.0604,0.1036
1779816506353,1,12.00000015,Lower Delivery,Loading,pitch.0,334929,-0.2601,-0.6824,1.1991,-0.1044,-0.0517,-0.0172,0.0,0.0
1779816506353,1,12.00000018,Upper Delivery,Loading,pitch.0,335485,0.9382,1.1748,0.7507,1.6471,-1.1717,1.8653,0.0,0.0
1779816506353,1,Pitching Mound.Delivery,,Loading,pitch.0,334689,0.6781,0.4924,1.9497,1.6951,-1.2234,2.2555,0.0,0.0
1779816506353,1,Pitching Mound.Drive,,Loading,pitch.0,335204,-17.7517,52.3463,133.5059,130.2899,-75.9801,53.8871,0.0604,0.1036
1779816506353,1,Pitching Mound.Parent,,Loading,pitch.0,334396,-17.0736,52.8387,135.4556,131.9851,-77.2034,56.1426,0.0595,0.1032
1779816506354,1,11.0000004b,Drive,Loading,pitch.0,335205,-17.8465,52.4487,133.5055,130.4112,-76.5208,54.0595,0.0608,0.1037
1779816506354,1,12.00000015,Lower Delivery,Loading,pitch.0,334930,-0.2714,-0.6766,1.1671,-0.1041,-0.058,-0.0172,0.0,0.0
1779816506354,1,12.00000018,Upper Delivery,Loading,pitch.0,335486,0.96,1.1602,0.6827,1.7336,-1.0317,1.8802,0.0,0.0
1779816506354,1,Pitching Mound.Delivery,,Loading,pitch.0,334690,0.6886,0.4837,1.8497,1.7942,-1.0897,2.2817,0.0,0.0
1779816506354,1,Pitching Mound.Drive,,Loading,pitch.0,335205,-17.8465,52.4487,133.5055,130.4112,-76.5208,54.0595,0.0608,0.1037
1779816506354,1,Pitching Mound.Parent,,Loading,pitch.0,334397,-17.1579,52.9324,135.3552,132.2054,-77.6105,56.3411,0.06,0.1035
1779816506355,1,11.0000004b,Drive,Loading,pitch.0,335206,-17.9322,52.566,133.5414,130.6743,-77.2152,54.2107,0.0614,0.1039
1779816506355,1,12.00000015,Lower Delivery,Loading,pitch.0,334931,-0.258,-0.6917,1.1551,-0.1019,-0.0544,-0.0175,0.0,0.0
1779816506355,1,12.00000018,Upper Delivery,Loading,pitch.0,335487,0.9432,1.1506,0.6697,1.7325,-1.221,1.9399,0.0,0.0
1779816506355,1,Pitching Mound.Delivery,,Loading,pitch.0,334691,0.6852,0.4588,1.8249,1.7956,-1.2754,2.3309,0.0,0.0
1779816506355,1,Pitching Mound.Drive,,Loading,pitch.0,335206,-17.9322,52.566,133.5414,130.6743,-77.2152,54.2107,0.0614,0.1039
1779816506355,1,Pitching Mound.Parent,,Loading,pitch.0,334398,-17.247,53.0248,135.3663,132.4699,-78.4906,56.5415,0.0606,0.1037
1779816506356,1,11.0000004b,Drive,Loading,pitch.0,335207,-18.0387,52.6553,133.5547,130.7695,-77.7968,54.4015,0.0618,0.1039
1779816506356,1,12.00000015,Lower Delivery,Loading,pitch.0,334932,-0.2801,-0.709,1.1695,-0.0897,-0.0424,-0.015,0.0,0.0
1779816506356,1,12.00000018,Upper Delivery,Loading,pitch.0,335488,0.9542,1.1783,0.6895,1.6785,-1.0759,1.8713,0.0,0.0
1779816506356,1,Pitching Mound.Delivery,,Loading,pitch.0,334692,0.6741,0.4693,1.859,1.752,-1.1183,2.2759,0.0,0.0
1779816506356,1,Pitching Mound.Drive,,Loading,pitch.0,335207,-18.0387,52.6553,133.5547,130.7695,-77.7968,54.4015,0.0618,0.1039
1779816506356,1,Pitching Mound.Parent,,Loading,pitch.0,334399,-17.3646,53.1246,135.4137,132.5214,-78.9151,56.6775,0.061,0.1037
1779816506357,1,11.0000004b,Drive,Loading,pitch.0,335208,-18.1304,52.7562,133.5979,131.0325,-78.2928,54.581,0.0622,0.1041
1779816506357,1,12.00000015,Lower Delivery,Loading,pitch.0,334933,-0.2871,-0.7431,1.1441,-0.0987,-0.0475,-0.0157,0.0,0.0
1779816506357,1,12.00000018,Upper Delivery,Loading,pitch.0,335489,0.955,1.2479,0.668,1.4754,-0.8807,1.8531,0.0,0.0
1779816506357,1,Pitching Mound.Delivery,,Loading,pitch.0,334693,0.6678,0.5048,1.8121,1.5386,-0.9282,2.2597,0.0,0.0
1779816506357,1,Pitching Mound.Drive,,Loading,pitch.0,335208,-18.1304,52.7562,133.5979,131.0325,-78.2928,54.581,0.0622,0.1041
1779816506357,1,Pitching Mound.Parent,,Loading,pitch.0,334400,-17.4626,53.261,135.41,132.5711,-79.221,56.8407,0.0614,0.1039
1779816506358,1,11.0000004b,Drive,Loading,pitch.0,335209,-18.2451,52.8453,133.6166,131.1833,-78.8414,54.728,0.0626,0.1042
1779816506358,1,12.00000015,Lower Delivery,Loading,pitch.0,334934,-0.2843,-0.7485,1.1674,-0.0911,-0.0327,-0.0153,0.0,0.0
1779816506358,1,12.00000018,Upper Delivery,Loading,pitch.0,335490,0.9487,1.271,0.6742,1.5446,-0.7881,1.8473,0.0,0.0
1779816506358,1,Pitching Mound.Delivery,,Loading,pitch.0,334694,0.6644,0.5225,1.8416,1.6212,-0.8207,2.2512,0.0,0.0
1779816506358,1,Pitching Mound.Drive,,Loading,pitch.0,335209,-18.2451,52.8453,133.6166,131.1833,-78.8414,54.728,0.0626,0.1042
1779816506358,1,Pitching Mound.Parent,,Loading,pitch.0,334401,-17.5807,53.3678,135.4583,132.8045,-79.6621,56.9791,0.0618,0.1041
1779816506359,1,11.0000004b,Drive,Loading,pitch.0,335210,-18.3613,52.9384,133.6606,131.3016,-79.3869,54.9437,0.0631,0.1043
1779816506359,1,12.00000015,Lower Delivery,Loading,pitch.0,334935,-0.2886,-0.7598,1.2346,-0.0834,-0.032,-0.0141,0.0,0.0
1779816506359,1,12.00000018,Upper Delivery,Loading,pitch.0,335491,0.978,1.2489,0.7328,1.5264,-0.8235,1.8113,0.0,0.0
1779816506359,1,Pitching Mound.Delivery,,Loading,pitch.0,334695,0.6893,0.4891,1.9674,1.6136,-0.8555,2.2278,0.0,0.0
1779816506359,1,Pitching Mound.Drive,,Loading,pitch.0,335210,-18.3613,52.9384,133.6606,131.3016,-79.3869,54.9437,0.0631,0.1043
1779816506359,1,Pitching Mound.Parent,,Loading,pitch.0,334402,-17.672,53.4275,135.628,132.9152,-80.2423,57.1715,0.0621,0.104
1779816506360,1,11.0000004b,Drive,Loading,pitch.0,335211,-18.4595,53.0286,133.7602,131.4739,-79.8725,55.1338,0.0634,0.1043
1779816506360,1,12.00000015,Lower Delivery,Loading,pitch.0,334936,-0.2867,-0.7445,1.1414,-0.0877,-0.0361,-0.0159,0.0,0.0
1779816506360,1,12.00000018,Upper Delivery,Loading,pitch.0,335492,0.9822,1.2114,0.7617,1.5965,-0.8063,1.7975,0.0,0.0
1779816506360,1,Pitching Mound.Delivery,,Loading,pitch.0,334696,0.6955,0.4669,1.9031,1.6379,-0.8424,2.213,0.0,0.0
1779816506360,1,Pitching Mound.Drive,,Loading,pitch.0,335211,-18.4595,53.0286,133.7602,131.4739,-79.8725,55.1338,0.0634,0.1043
1779816506360,1,Pitching Mound.Parent,,Loading,pitch.0,334403,-17.764,53.4955,135.6633,133.1119,-80.7149,57.3468,0.0625,0.1038
1779816506361,1,11.0000004b,Drive,Loading,pitch.0,335212,-18.576,53.1083,133.8301,131.6042,-80.4049,55.3239,0.0638,0.1044
1779816506361,1,12.00000015,Lower Delivery,Loading,pitch.0,334937,-0.2885,-0.7325,1.1713,-0.078,-0.0292,-0.0156,0.0,0.0
1779816506361,1,12.00000018,Upper Delivery,Loading,pitch.0,335493,0.9838,1.1978,0.705,1.448,-0.7609,1.8039,0.0,0.0
1779816506361,1,Pitching Mound.Delivery,,Loading,pitch.0,334697,0.6952,0.4653,1.8763,1.5285,-0.7901,2.2209,0.0,0.0
1779816506361,1,Pitching Mound.Drive,,Loading,pitch.0,335212,-18.576,53.1083,133.8301,131.6042,-80.4049,55.3239,0.0638,0.1044
1779816506361,1,Pitching Mound.Parent,,Loading,pitch.0,334404,-17.8808,53.5736,135.7063,133.1326,-81.195,57.5448,0.0629,0.1041
1779816506362,1,11.0000004b,Drive,Loading,pitch.0,335213,-18.6906,53.1746,133.8479,131.5755,-80.9193,55.5304,0.0642,0.1044
1779816506362,1,12.00000015,Lower Delivery,Loading,pitch.0,334938,-0.2789,-0.7223,1.2016,-0.0702,-0.0329,-0.017,0.0,0.0
1779816506362,1,12.00000018,Upper Delivery,Loading,pitch.0,335494,1.0227,1.1467,0.703,1.4748,-0.8395,1.7802,0.0,0.0
1779816506362,1,Pitching Mound.Delivery,,Loading,pitch.0,334698,0.7438,0.4243,1.9046,1.5741,-0.8724,2.2058,0.0,0.0
1779816506362,1,Pitching Mound.Drive,,Loading,pitch.0,335213,-18.6906,53.1746,133.8479,131.5755,-80.9193,55.5304,0.0642,0.1044
1779816506362,1,Pitching Mound.Parent,,Loading,pitch.0,334405,-17.9468,53.5989,135.7525,133.1495,-81.7917,57.7362,0.0633,0.1041
1779816506363,1,11.0000004b,Drive,Loading,pitch.0,335214,-18.8025,53.2515,133.9165,131.6101,-81.3803,55.7277,0.0645,0.1043
1779816506363,1,12.00000015,Lower Delivery,Loading,pitch.0,334939,-0.2894,-0.7372,1.2769,-0.0761,-0.0344,-0.0174,0.0,0.0
1779816506363,1,12.00000018,Upper Delivery,Loading,pitch.0,335495,1.0455,1.1233,0.5984,1.3908,-0.7393,1.7848,0.0,0.0
1779816506363,1,Pitching Mound.Delivery,,Loading,pitch.0,334699,0.7562,0.3861,1.8753,1.5454,-0.7737,2.2213,0.0,0.0
1779816506363,1,Pitching Mound.Drive,,Loading,pitch.0,335214,-18.8025,53.2515,133.9165,131.6101,-81.3803,55.7277,0.0645,0.1043
1779816506363,1,Pitching Mound.Parent,,Loading,pitch.0,334406,-18.0463,53.6376,135.7918,133.1555,-82.154,57.9491,0.0636,0.1046
1779816506364,1,11.0000004b,Drive,Loading,pitch.0,335215,-18.9193,53.3237,133.9151,131.6852,-81.8164,55.8965,0.0649,0.1044
1779816506364,1,11.0000004b,Drive,Loading,pitch.0,335216,-19.0206,53.4045,133.9351,131.5347,-82.225,56.0481,0.0652,0.1043
1779816506364,1,12.00000015,Lower Delivery,Loading,pitch.0,334940,-0.2917,-0.693,1.2118,-0.0727,-0.036,-0.0188,0.0,0.0
1779816506364,1,12.00000018,Upper Delivery,Loading,pitch.0,335496,1.0693,1.1114,0.5686,1.6563,-0.7587,1.8073,0.0,0.0
1779816506364,1,Pitching Mound.Delivery,,Loading,pitch.0,334700,0.7776,0.4184,1.7804,1.8022,-0.7947,2.2513,0.0,0.0
1779816506364,1,Pitching Mound.Drive,,Loading,pitch.0,335215,-18.9193,53.3237,133.9151,131.6852,-81.8164,55.8965,0.0649,0.1044
1779816506364,1,Pitching Mound.Drive,,Loading,pitch.0,335216,-19.0206,53.4045,133.9351,131.5347,-82.225,56.0481,0.0652,0.1043
1779816506364,1,Pitching Mound.Parent,,Loading,pitch.0,334407,-18.1417,53.7421,135.6954,133.4875,-82.6112,58.1478,0.064,0.1046
1779816506365,1,11.0000004b,Drive,Loading,pitch.0,335217,-19.1058,53.4826,133.928,131.3975,-82.5514,56.1953,0.0654,0.1042
1779816506365,1,12.00000015,Lower Delivery,Loading,pitch.0,334941,-0.2904,-0.7033,1.2579,-0.0753,-0.0293,-0.0186,0.0,0.0
1779816506365,1,12.00000018,Upper Delivery,Loading,pitch.0,335497,1.0754,1.1202,0.6024,1.6086,-0.7391,1.7625,0.0,0.0
1779816506365,1,Pitching Mound.Delivery,,Loading,pitch.0,334701,0.7851,0.4169,1.8603,1.7562,-0.7684,2.2083,0.0,0.0
1779816506365,1,Pitching Mound.Drive,,Loading,pitch.0,335217,-19.1058,53.4826,133.928,131.3975,-82.5514,56.1953,0.0654,0.1042
1779816506365,1,Pitching Mound.Parent,,Loading,pitch.0,334408,-18.2356,53.8214,135.7953,133.2908,-82.9934,58.2564,0.0643,0.1045
1779816506366,1,11.0000004b,Drive,Loading,pitch.0,335218,-19.194,53.5485,133.8891,131.2738,-83.0231,56.3629,0.0658,0.1041
1779816506366,1,12.00000015,Lower Delivery,Loading,pitch.0,334942,-0.2798,-0.7201,1.2836,-0.0778,-0.0316,-0.0172,0.0,0.0
1779816506366,1,12.00000018,Upper Delivery,Loading,pitch.0,335498,1.0606,1.0934,0.581,1.5459,-0.7842,1.7843,0.0,0.0
1779816506366,1,Pitching Mound.Delivery,,Loading,pitch.0,334702,0.7808,0.3733,1.8646,1.707,-0.8158,2.2228,0.0,0.0
1779816506366,1,Pitching Mound.Drive,,Loading,pitch.0,335218,-19.194,53.5485,133.8891,131.2738,-83.0231,56.3629,0.0658,0.1041
1779816506366,1,Pitching Mound.Parent,,Loading,pitch.0,334409,-18.325,53.8559,135.7926,133.1046,-83.3672,58.4181,0.0645,0.1045
1779816506367,1,12.00000015,Lower Delivery,Loading,pitch.0,334943,-0.281,-0.7233,1.2312,-0.0826,-0.0264,-0.0148,0.0,0.0
1779816506367,1,12.00000018,Upper Delivery,Loading,pitch.0,335499,1.0201,1.1029,0.5059,1.6084,-0.8099,1.8092,0.0,0.0
1779816506367,1,Pitching Mound.Delivery,,Loading,pitch.0,334703,0.7391,0.3796,1.7371,1.7724,-0.8363,2.2368,0.0,0.0
1779816506367,1,Pitching Mound.Parent,,Loading,pitch.0,334410,-18.4549,53.9281,135.6262,133.0462,-83.8594,58.5997,0.065,0.1046
1779816506368,1,11.0000004b,Drive,Loading,pitch.0,335219,-19.2826,53.6253,133.9054,131.2761,-83.3058,56.4792,0.066,0.1041
1779816506368,1,12.00000015,Lower Delivery,Loading,pitch.0,334944,-0.2878,-0.723,1.1879,-0.0776,-0.0229,-0.0124,0.0,0.0
1779816506368,1,12.00000018,Upper Delivery,Loading,pitch.0,335500,1.0232,1.0864,0.4934,1.5778,-1.1085,1.8172,0.0,0.0
1779816506368,1,Pitching Mound.Delivery,,Loading,pitch.0,334704,0.7355,0.3634,1.6813,1.7364,-1.1313,2.2506,0.0,0.0
1779816506368,1,Pitching Mound.Drive,,Loading,pitch.0,335219,-19.2826,53.6253,133.9054,131.2761,-83.3058,56.4792,0.066,0.1041
1779816506368,1,Pitching Mound.Parent,,Loading,pitch.0,334411,-18.5472,53.9886,135.5867,133.0124,-84.4372,58.7298,0.0652,0.1045
1779816506369,1,11.0000004b,Drive,Loading,pitch.0,335220,-19.3511,53.6888,133.8727,131.315,-83.71,56.6155,0.0664,0.1041
1779816506369,1,12.00000015,Lower Delivery,Loading,pitch.0,334945,-0.2887,-0.7235,1.1148,-0.0845,-0.0255,-0.0106,0.0,0.0
1779816506369,1,12.00000018,Upper Delivery,Loading,pitch.0,335501,1.0263,1.064,0.5069,1.5322,-1.058,1.7979,0.0,0.0
1779816506369,1,Pitching Mound.Delivery,,Loading,pitch.0,334705,0.7376,0.3405,1.6216,1.6544,-1.0835,2.2344,0.0,0.0
1779816506369,1,Pitching Mound.Drive,,Loading,pitch.0,335220,-19.3511,53.6888,133.8727,131.315,-83.71,56.6155,0.0664,0.1041
1779816506369,1,Pitching Mound.Parent,,Loading,pitch.0,334412,-18.6135,54.0293,135.4943,132.9694,-84.7935,58.8499,0.0656,0.1044
1779816506370,1,11.0000004b,Drive,Loading,pitch.0,335221,-19.4131,53.7538,133.8814,131.2384,-84.2255,56.716,0.0668,0.1041
1779816506370,1,12.00000015,Lower Delivery,Loading,pitch.0,334946,-0.2975,-0.6915,1.0144,-0.0866,-0.0241,-0.0122,0.0,0.0
1779816506370,1,12.00000018,Upper Delivery,Loading,pitch.0,335502,1.0256,1.0963,0.5203,1.6274,-1.0722,1.8134,0.0,0.0
1779816506370,1,Pitching Mound.Delivery,,Loading,pitch.0,334706,0.7281,0.4048,1.5348,1.7088,-1.0963,2.2511,0.0,0.0
1779816506370,1,Pitching Mound.Drive,,Loading,pitch.0,335221,-19.4131,53.7538,133.8814,131.2384,-84.2255,56.716,0.0668,0.1041
1779816506370,1,Pitching Mound.Parent,,Loading,pitch.0,334413,-18.6849,54.1587,135.4162,132.9473,-85.3218,58.9671,0.066,0.1041
1779816506371,1,11.0000004b,Drive,Loading,pitch.0,335222,-19.457,53.8061,133.7996,131.3271,-84.643,56.8399,0.0672,0.1042
1779816506371,1,12.00000015,Lower Delivery,Loading,pitch.0,334947,-0.31,-0.7405,1.1859,-0.0877,-0.0223,-0.0119,0.0,0.0
1779816506371,1,12.00000018,Upper Delivery,Loading,pitch.0,335503,1.0038,1.0934,0.4961,1.5779,-1.0676,1.7933,0.0,0.0
1779816506371,1,Pitching Mound.Delivery,,Loading,pitch.0,334707,0.6938,0.3529,1.682,1.7247,-1.0899,2.2281,0.0,0.0
1779816506371,1,Pitching Mound.Drive,,Loading,pitch.0,335222,-19.457,53.8061,133.7996,131.3271,-84.643,56.8399,0.0672,0.1042
1779816506371,1,Pitching Mound.Parent,,Loading,pitch.0,334414,-18.7632,54.159,135.4816,133.0518,-85.7329,59.0679,0.0663,0.1046
1779816506372,1,11.0000004b,Drive,Loading,pitch.0,335223,-19.5103,53.8657,133.7608,131.1812,-84.9438,56.9195,0.0674,0.1041
1779816506372,1,12.00000015,Lower Delivery,Loading,pitch.0,334948,-0.2949,-0.701,1.2083,-0.0871,-0.0191,-0.0115,0.0,0.0
1779816506372,1,12.00000018,Upper Delivery,Loading,pitch.0,335504,0.9787,1.146,0.5442,1.6176,-0.9882,1.7888,0.0,0.0
1779816506372,1,Pitching Mound.Delivery,,Loading,pitch.0,334708,0.6839,0.445,1.7525,1.7563,-1.0073,2.2104,0.0,0.0
1779816506372,1,Pitching Mound.Drive,,Loading,pitch.0,335223,-19.5103,53.8657,133.7608,131.1812,-84.9438,56.9195,0.0674,0.1041
1779816506372,1,Pitching Mound.Parent,,Loading,pitch.0,334415,-18.8264,54.3106,135.5134,132.9374,-85.9511,59.1299,0.0665,0.1044
1779816506373,1,11.0000004b,Drive,Loading,pitch.0,335224,-19.547,53.9339,133.7005,131.1553,-85.1819,57.0082,0.0676,0.1041
1779816506373,1,12.00000015,Lower Delivery,Loading,pitch.0,334949,-0.3051,-0.6889,1.1765,-0.088,-0.0206,-0.013,0.0,0.0
1779816506373,1,12.00000018,Upper Delivery,Loading,pitch.0,335505,0.9737,1.1928,0.5958,1.6114,-0.9719,1.7761,0.0,0.0
1779816506373,1,Pitching Mound.Delivery,,Loading,pitch.0,334709,0.6685,0.504,1.7723,1.7208,-0.9924,2.1979,0.0,0.0
1779816506373,1,Pitching Mound.Drive,,Loading,pitch.0,335224,-19.547,53.9339,133.7005,131.1553,-85.1819,57.0082,0.0676,0.1041
1779816506373,1,Pitching Mound.Parent,,Loading,pitch.0,334416,-18.8784,54.4379,135.4729,132.8761,-86.1744,59.2061,0.0668,0.1042
1779816506374,1,11.0000004b,Drive,Loading,pitch.0,335225,-19.5743,53.9998,133.6727,131.1494,-85.7469,57.116,0.0681,0.1042
1779816506374,1,12.00000015,Lower Delivery,Loading,pitch.0,334950,-0.2968,-0.72,1.198,-0.0892,-0.0219,-0.0126,0.0,0.0
1779816506374,1,12.00000018,Upper Delivery,Loading,pitch.0,335506,0.954,1.1916,0.6386,1.613,-0.9563,1.7254,0.0,0.0
1779816506374,1,Pitching Mound.Delivery,,Loading,pitch.0,334710,0.6572,0.4716,1.8366,1.714,-0.9782,2.1381,0.0,0.0
1779816506374,1,Pitching Mound.Drive,,Loading,pitch.0,335225,-19.5743,53.9998,133.6727,131.1494,-85.7469,57.116,0.0681,0.1042
1779816506374,1,Pitching Mound.Parent,,Loading,pitch.0,334417,-18.9171,54.4714,135.5094,132.8634,-86.7251,59.2541,0.0672,0.1042
1779816506375,1,11.0000004b,Drive,Loading,pitch.0,335226,-19.6108,54.049,133.6036,131.0433,-85.9872,57.2004,0.0683,0.1041
1779816506375,1,12.00000015,Lower Delivery,Loading,pitch.0,334951,-0.3046,-0.7317,1.1392,-0.0843,-0.0124,-0.012,0.0,0.0
1779816506375,1,12.00000018,Upper Delivery,Loading,pitch.0,335507,0.9596,1.1875,0.7129,1.695,-0.7864,1.6812,0.0,0.0
1779816506375,1,Pitching Mound.Delivery,,Loading,pitch.0,334711,0.6549,0.4557,1.8521,1.7556,-0.7989,2.099,0.0,0.0
1779816506375,1,Pitching Mound.Drive,,Loading,pitch.0,335226,-19.6108,54.049,133.6036,131.0433,-85.9872,57.2004,0.0683,0.1041
1779816506375,1,Pitching Mound.Parent,,Loading,pitch.0,334418,-18.9559,54.5047,135.4557,132.7989,-86.786,59.2994,0.0674,0.1038
1779816506376,1,11.0000004b,Drive,Loading,pitch.0,335227,-19.6432,54.0985,133.5164,131.0903,-86.2704,57.2887,0.0686,0.1042
1779816506376,1,12.00000015,Lower Delivery,Loading,pitch.0,334952,-0.3058,-0.7386,1.2879,-0.0818,-0.0103,-0.012,0.0,0.0
1779816506376,1,12.00000018,Upper Delivery,Loading,pitch.0,335508,0.9595,1.2137,0.6786,1.5758,-0.8081,1.6367,0.0,0.0
1779816506376,1,Pitching Mound.Delivery,,Loading,pitch.0,334712,0.6537,0.4751,1.9665,1.7012,-0.8184,2.0548,0.0,0.0
1779816506376,1,Pitching Mound.Drive,,Loading,pitch.0,335227,-19.6432,54.0985,133.5164,131.0903,-86.2704,57.2887,0.0686,0.1042
1779816506376,1,Pitching Mound.Parent,,Loading,pitch.0,334419,-18.9896,54.5736,135.483,132.7915,-87.0887,59.3436,0.0676,0.1042
1779816506377,1,11.0000004b,Drive,Loading,pitch.0,335228,-19.7033,54.1562,133.4277,131.083,-86.5193,57.3965,0.0688,0.1043
1779816506377,1,12.00000015,Lower Delivery,Loading,pitch.0,334953,-0.309,-0.7268,1.3232,-0.0698,-0.0057,-0.0119,0.0,0.0
1779816506377,1,12.00000018,Upper Delivery,Loading,pitch.0,335509,1.0069,1.2345,0.6583,1.5785,-0.7574,1.5782,0.0,0.0
1779816506377,1,Pitching Mound.Delivery,,Loading,pitch.0,334713,0.698,0.5077,1.9816,1.7348,-0.7631,2.0137,0.0,0.0
1779816506377,1,Pitching Mound.Drive,,Loading,pitch.0,335228,-19.7033,54.1562,133.4277,131.083,-86.5193,57.3965,0.0688,0.1043
1779816506377,1,Pitching Mound.Parent,,Loading,pitch.0,334420,-19.0054,54.6639,135.4092,132.8179,-87.2824,59.4102,0.0678,0.1044
1779816506378,1,11.0000004b,Drive,Loading,pitch.0,335229,-19.7327,54.204,133.3276,130.8478,-86.93,57.4881,0.0692,0.1042
1779816506378,1,12.00000015,Lower Delivery,Loading,pitch.0,334954,-0.299,-0.7144,1.3208,-0.0723,-0.0134,-0.0149,0.0,0.0
1779816506378,1,12.00000018,Upper Delivery,Loading,pitch.0,335510,1.0392,1.2313,0.5943,1.5329,-0.7428,1.6425,0.0,0.0
1779816506378,1,Pitching Mound.Delivery,,Loading,pitch.0,334714,0.7402,0.5169,1.915,1.7076,-0.7562,2.0826,0.0,0.0
1779816506378,1,Pitching Mound.Drive,,Loading,pitch.0,335229,-19.7327,54.204,133.3276,130.8478,-86.93,57.4881,0.0692,0.1042
1779816506378,1,Pitching Mound.Parent,,Loading,pitch.0,334421,-18.9925,54.7209,135.2427,132.5554,-87.6861,59.5707,0.0682,0.1045
1779816506379,1,11.0000004b,Drive,Loading,pitch.0,335230,-19.7903,54.2415,133.2207,130.7686,-87.1367,57.561,0.0694,0.1042
1779816506379,1,12.00000015,Lower Delivery,Loading,pitch.0,334955,-0.3116,-0.7157,1.3265,-0.0846,-0.0172,-0.0158,0.0,0.0
1779816506379,1,12.00000018,Upper Delivery,Loading,pitch.0,335511,1.0368,1.2298,0.6136,1.6075,-0.8899,1.5911,0.0,0.0
1779816506379,1,Pitching Mound.Delivery,,Loading,pitch.0,334715,0.7251,0.5142,1.9401,1.7653,-0.9071,2.0337,0.0,0.0
1779816506379,1,Pitching Mound.Drive,,Loading,pitch.0,335230,-19.7903,54.2415,133.2207,130.7686,-87.1367,57.561,0.0694,0.1042
1779816506379,1,Pitching Mound.Parent,,Loading,pitch.0,334422,-19.0652,54.7557,135.1608,132.5339,-88.0439,59.5947,0.0684,0.1045
1779816506380,1,11.0000004b,Drive,Loading,pitch.0,335231,-19.8382,54.2931,133.1257,130.4486,-87.4244,57.6342,0.0697,0.104
1779816506380,1,12.00000015,Lower Delivery,Loading,pitch.0,334956,-0.3188,-0.7283,1.2927,-0.0713,-0.0143,-0.0147,0.0,0.0
1779816506380,1,12.00000018,Upper Delivery,Loading,pitch.0,335512,1.0384,1.2126,0.562,1.6318,-0.9018,1.6152,0.0,0.0
1779816506380,1,Pitching Mound.Delivery,,Loading,pitch.0,334716,0.7196,0.4843,1.8547,1.8089,-0.9161,2.0619,0.0,0.0
1779816506380,1,Pitching Mound.Drive,,Loading,pitch.0,335231,-19.8382,54.2931,133.1257,130.4486,-87.4244,57.6342,0.0697,0.104
1779816506380,1,Pitching Mound.Parent,,Loading,pitch.0,334423,-19.1186,54.7774,134.9805,132.2575,-88.3405,59.6961,0.0688,0.1044
1779816506381,1,11.0000004b,Drive,Loading,pitch.0,335232,-19.8965,54.343,133.0314,130.5678,-87.5075,57.692,0.0698,0.1042
1779816506381,1,12.00000015,Lower Delivery,Loading,pitch.0,334957,-0.3169,-0.718,1.2479,-0.0669,-0.0123,-0.0117,0.0,0.0
1779816506381,1,12.00000018,Upper Delivery,Loading,pitch.0,335513,1.0453,1.2513,0.5198,1.6458,-0.8934,1.6175,0.0,0.0
1779816506381,1,Pitching Mound.Delivery,,Loading,pitch.0,334717,0.7285,0.5333,1.7677,1.8264,-0.9057,2.069,0.0,0.0
1779816506381,1,Pitching Mound.Drive,,Loading,pitch.0,335232,-19.8965,54.343,133.0314,130.5678,-87.5075,57.692,0.0698,0.1042
1779816506381,1,Pitching Mound.Parent,,Loading,pitch.0,334424,-19.168,54.8763,134.7991,132.3942,-88.4132,59.761,0.0689,0.1047
1779816506382,1,11.0000004b,Drive,Loading,pitch.0,335233,-19.9512,54.3781,132.9672,130.3812,-87.7618,57.7711,0.0701,0.1041
1779816506382,1,12.00000015,Lower Delivery,Loading,pitch.0,334958,-0.3332,-0.7223,1.1697,-0.0636,-0.0032,-0.0132,0.0,0.0
1779816506382,1,12.00000018,Upper Delivery,Loading,pitch.0,335514,1.021,1.2807,0.6237,1.708,-0.907,1.6558,0.0,0.0
1779816506382,1,Pitching Mound.Delivery,,Loading,pitch.0,334718,0.6878,0.5585,1.7934,1.83,-0.9102,2.103,0.0,0.0
1779816506382,1,Pitching Mound.Drive,,Loading,pitch.0,335233,-19.9512,54.3781,132.9672,130.3812,-87.7618,57.7711,0.0701,0.1041
1779816506382,1,Pitching Mound.Parent,,Loading,pitch.0,334425,-19.2634,54.9365,134.7606,132.2112,-88.672,59.8741,0.0691,0.1041
1779816506383,1,11.0000004b,Drive,Loading,pitch.0,335234,-20.0033,54.3961,132.8468,130.4989,-87.8574,57.8218,0.0702,0.1043
1779816506383,1,12.00000015,Lower Delivery,Loading,pitch.0,334959,-0.3378,-0.739,1.2028,-0.0638,-0.0072,-0.0119,0.0,0.0
1779816506383,1,12.00000018,Upper Delivery,Loading,pitch.0,335515,1.0556,1.2299,0.5522,1.7086,-0.9512,1.6741,0.0,0.0
1779816506383,1,Pitching Mound.Delivery,,Loading,pitch.0,334719,0.7178,0.4909,1.7551,1.8661,-0.9585,2.136,0.0,0.0
1779816506383,1,Pitching Mound.Drive,,Loading,pitch.0,335234,-20.0033,54.3961,132.8468,130.4989,-87.8574,57.8218,0.0702,0.1043
1779816506383,1,Pitching Mound.Parent,,Loading,pitch.0,334426,-19.2855,54.887,134.6019,132.365,-88.8159,59.9578,0.0693,0.1046
1779816506384,1,11.0000004b,Drive,Loading,pitch.0,335235,-20.0473,54.411,132.7486,130.4155,-88.1729,57.8718,0.0705,0.1043
1779816506384,1,12.00000015,Lower Delivery,Loading,pitch.0,334960,-0.3264,-0.7405,1.1101,-0.0764,-0.0063,-0.0114,0.0,0.0
1779816506384,1,12.00000018,Upper Delivery,Loading,pitch.0,335516,1.0536,1.2269,0.5616,1.7432,-0.9694,1.6741,0.0,0.0
1779816506384,1,Pitching Mound.Delivery,,Loading,pitch.0,334720,0.7272,0.4864,1.6717,1.8533,-0.9757,2.1319,0.0,0.0
1779816506384,1,Pitching Mound.Drive,,Loading,pitch.0,335235,-20.0473,54.411,132.7486,130.4155,-88.1729,57.8718,0.0705,0.1043
1779816506384,1,Pitching Mound.Parent,,Loading,pitch.0,334427,-19.3201,54.8973,134.4203,132.2689,-89.1487,60.0037,0.0696,0.1044
1779816506385,1,11.0000004b,Drive,Loading,pitch.0,335236,-20.0918,54.4373,132.6297,130.4377,-88.5192,57.9145,0.0709,0.1044
1779816506385,1,11.0000004b,Drive,Loading,pitch.0,335237,-20.1178,54.4652,132.5231,130.4586,-88.7371,57.9396,0.0711,0.1045
1779816506385,1,12.00000015,Lower Delivery,Loading,pitch.0,334961,-0.3288,-0.7058,0.9346,-0.079,-0.014,-0.011,0.0,0.0
1779816506385,1,12.00000018,Upper Delivery,Loading,pitch.0,335517,1.0324,1.2286,0.5198,1.6798,-1.068,1.65,0.0,0.0
1779816506385,1,Pitching Mound.Delivery,,Loading,pitch.0,334721,0.7036,0.5228,1.4544,1.7418,-1.0819,2.1019,0.0,0.0
1779816506385,1,Pitching Mound.Drive,,Loading,pitch.0,335236,-20.0918,54.4373,132.6297,130.4377,-88.5192,57.9145,0.0709,0.1044
1779816506385,1,Pitching Mound.Drive,,Loading,pitch.0,335237,-20.1178,54.4652,132.5231,130.4586,-88.7371,57.9396,0.0711,0.1045
1779816506385,1,Pitching Mound.Parent,,Loading,pitch.0,334428,-19.3882,54.9601,134.084,132.1795,-89.6012,60.0164,0.0701,0.1043
1779816506386,1,11.0000004b,Drive,Loading,pitch.0,335238,-20.1523,54.4861,132.4777,130.3665,-88.9714,58.0031,0.0713,0.1045
1779816506386,1,12.00000015,Lower Delivery,Loading,pitch.0,334962,-0.3168,-0.701,1.0553,-0.078,-0.0168,-0.0115,0.0,0.0
1779816506386,1,12.00000018,Upper Delivery,Loading,pitch.0,335518,1.0547,1.2304,0.5512,1.7344,-1.0823,1.7146,0.0,0.0
1779816506386,1,Pitching Mound.Delivery,,Loading,pitch.0,334722,0.7378,0.5294,1.6065,1.8277,-1.0992,2.1695,0.0,0.0
1779816506386,1,Pitching Mound.Drive,,Loading,pitch.0,335238,-20.1523,54.4861,132.4777,130.3665,-88.9714,58.0031,0.0713,0.1045
1779816506386,1,Pitching Mound.Parent,,Loading,pitch.0,334429,-19.3799,54.9947,134.1296,132.2863,-89.8363,60.109,0.0702,0.1045
1779816506387,1,11.0000004b,Drive,Loading,pitch.0,335239,-20.1674,54.5116,132.3703,130.4309,-89.1934,58.0242,0.0715,0.1046
1779816506387,1,12.00000015,Lower Delivery,Loading,pitch.0,334963,-0.3055,-0.7097,1.0464,-0.0825,-0.0157,-0.0104,0.0,0.0
1779816506387,1,12.00000018,Upper Delivery,Loading,pitch.0,335519,1.0112,1.2412,0.6459,1.7568,-1.0817,1.687,0.0,0.0
1779816506387,1,Pitching Mound.Delivery,,Loading,pitch.0,334723,0.7057,0.5314,1.6923,1.8105,-1.0974,2.1243,0.0,0.0
1779816506387,1,Pitching Mound.Drive,,Loading,pitch.0,335239,-20.1674,54.5116,132.3703,130.4309,-89.1934,58.0242,0.0715,0.1046
1779816506387,1,Pitching Mound.Parent,,Loading,pitch.0,334430,-19.4466,55.0176,134.1699,132.177,-90.0688,60.1274,0.0704,0.1042
1779816506388,1,11.0000004b,Drive,Loading,pitch.0,335240,-20.1845,54.5318,132.2665,130.2851,-89.3675,58.0391,0.0717,0.1046
1779816506388,1,12.00000015,Lower Delivery,Loading,pitch.0,334964,-0.3046,-0.6813,0.9405,-0.0873,-0.0172,-0.0109,0.0,0.0
1779816506388,1,12.00000018,Upper Delivery,Loading,pitch.0,335520,0.9909,1.2402,0.6496,1.6684,-0.9883,1.7299,0.0,0.0
1779816506388,1,Pitching Mound.Delivery,,Loading,pitch.0,334724,0.6863,0.5589,1.5901,1.6801,-1.0055,2.1595,0.0,0.0
1779816506388,1,Pitching Mound.Drive,,Loading,pitch.0,335240,-20.1845,54.5318,132.2665,130.2851,-89.3675,58.0391,0.0717,0.1046
1779816506388,1,Pitching Mound.Parent,,Loading,pitch.0,334431,-19.4811,55.0705,133.9604,132.1109,-90.1989,60.1837,0.0707,0.1041
1779816506389,1,11.0000004b,Drive,Loading,pitch.0,335241,-20.1785,54.548,132.1284,130.2459,-89.5584,58.0423,0.072,0.1047
1779816506389,1,12.00000015,Lower Delivery,Loading,pitch.0,334965,-0.3065,-0.6988,1.0013,-0.0875,-0.0115,-0.0104,0.0,0.0
1779816506389,1,12.00000018,Upper Delivery,Loading,pitch.0,335521,0.973,1.2563,0.6654,1.6797,-0.8874,1.6999,0.0,0.0
1779816506389,1,Pitching Mound.Delivery,,Loading,pitch.0,334725,0.6664,0.5575,1.6668,1.7064,-0.8989,2.1246,0.0,0.0
1779816506389,1,Pitching Mound.Drive,,Loading,pitch.0,335241,-20.1785,54.548,132.1284,130.2459,-89.5584,58.0423,0.072,0.1047
1779816506389,1,Pitching Mound.Parent,,Loading,pitch.0,334432,-19.518,55.0893,133.9333,131.9915,-90.2665,60.1637,0.0708,0.1041
1779816506390,1,11.0000004b,Drive,Loading,pitch.0,335242,-20.1893,54.565,132.014,130.1796,-89.7647,58.0234,0.0722,0.1047
1779816506390,1,12.00000015,Lower Delivery,Loading,pitch.0,334966,-0.3031,-0.7138,0.9894,-0.0871,-0.0161,-0.0103,0.0,0.0
1779816506390,1,12.00000018,Upper Delivery,Loading,pitch.0,335522,0.9729,1.26,0.6997,1.6069,-0.796,1.7356,0.0,0.0
1779816506390,1,Pitching Mound.Delivery,,Loading,pitch.0,334726,0.6698,0.5462,1.6891,1.6184,-0.812,2.1591,0.0,0.0
1779816506390,1,Pitching Mound.Drive,,Loading,pitch.0,335242,-20.1893,54.565,132.014,130.1796,-89.7647,58.0234,0.0722,0.1047
1779816506390,1,Pitching Mound.Parent,,Loading,pitch.0,334433,-19.5087,55.0941,133.8175,131.8643,-90.3705,60.2014,0.0711,0.1041
1779816506391,1,11.0000004b,Drive,Loading,pitch.0,335243,-20.1918,54.591,131.9064,129.9029,-89.9061,58.0087,0.0724,0.1046
1779816506391,1,12.00000015,Lower Delivery,Loading,pitch.0,334967,-0.3071,-0.7222,1.0741,-0.0884,-0.0196,-0.0114,0.0,0.0
1779816506391,1,12.00000018,Upper Delivery,Loading,pitch.0,335523,0.9734,1.2787,0.6997,1.5763,-0.6456,1.7047,0.0,0.0
1779816506391,1,Pitching Mound.Delivery,,Loading,pitch.0,334727,0.6663,0.5566,1.7738,1.6153,-0.6652,2.1286,0.0,0.0
1779816506391,1,Pitching Mound.Drive,,Loading,pitch.0,335243,-20.1918,54.591,131.9064,129.9029,-89.9061,58.0087,0.0724,0.1046
1779816506391,1,Pitching Mound.Parent,,Loading,pitch.0,334434,-19.523,55.1216,133.7878,131.7949,-90.4298,60.1521,0.0712,0.1043
1779816506392,1,11.0000004b,Drive,Loading,pitch.0,335244,-20.1848,54.6186,131.8141,129.7581,-89.9243,57.9596,0.0724,0.1045
1779816506392,1,12.00000015,Lower Delivery,Loading,pitch.0,334968,-0.3113,-0.716,1.0941,-0.0925,-0.0351,-0.0125,0.0,0.0
1779816506392,1,12.00000018,Upper Delivery,Loading,pitch.0,335524,0.9763,1.2546,0.7186,1.6995,-0.9141,1.6985,0.0,0.0
1779816506392,1,Pitching Mound.Delivery,,Loading,pitch.0,334728,0.665,0.5386,1.8127,1.7346,-0.9492,2.1238,0.0,0.0
1779816506392,1,Pitching Mound.Drive,,Loading,pitch.0,335244,-20.1848,54.6186,131.8141,129.7581,-89.9243,57.9596,0.0724,0.1045
1779816506392,1,Pitching Mound.Parent,,Loading,pitch.0,334435,-19.5268,55.1296,133.7191,131.6375,-90.8553,60.1325,0.0714,0.1041
1779816506393,1,11.0000004b,Drive,Loading,pitch.0,335245,-20.1713,54.6514,131.7148,129.4879,-89.9555,57.9208,0.0725,0.1044
1779816506393,1,12.00000015,Lower Delivery,Loading,pitch.0,334969,-0.2828,-0.7006,1.0779,-0.0869,-0.0366,-0.0149,0.0,0.0
1779816506393,1,12.00000018,Upper Delivery,Loading,pitch.0,335525,0.9922,1.2516,0.7587,1.6347,-0.8059,1.6897,0.0,0.0
1779816506393,1,Pitching Mound.Delivery,,Loading,pitch.0,334729,0.7094,0.551,1.8366,1.6564,-0.8425,2.1083,0.0,0.0
1779816506393,1,Pitching Mound.Drive,,Loading,pitch.0,335245,-20.1713,54.6514,131.7148,129.4879,-89.9555,57.9208,0.0725,0.1044
1779816506393,1,Pitching Mound.Parent,,Loading,pitch.0,334436,-19.4755,55.1696,133.6507,131.4145,-90.7668,60.0679,0.0714,0.1039
1779816506394,1,11.0000004b,Drive,Loading,pitch.0,335246,-20.1601,54.6714,131.5475,129.3291,-89.9746,57.8922,0.0726,0.1044
1779816506394,1,12.00000015,Lower Delivery,Loading,pitch.0,334970,-0.2815,-0.707,1.1464,-0.0904,-0.0392,-0.0165,0.0,0.0
1779816506394,1,12.00000018,Upper Delivery,Loading,pitch.0,335526,0.9766,1.2402,0.761,1.7035,-0.8361,1.6723,0.0,0.0
1779816506394,1,Pitching Mound.Delivery,,Loading,pitch.0,334730,0.6951,0.5332,1.9074,1.7441,-0.8754,2.0836,0.0,0.0
1779816506394,1,Pitching Mound.Drive,,Loading,pitch.0,335246,-20.1601,54.6714,131.5475,129.3291,-89.9746,57.8922,0.0726,0.1044
1779816506394,1,Pitching Mound.Parent,,Loading,pitch.0,334437,-19.4762,55.1846,133.6222,131.2319,-90.8309,60.0044,0.0715,0.1039
1779816506395,1,11.0000004b,Drive,Loading,pitch.0,335247,-20.1423,54.6649,131.4018,129.32,-89.9376,57.8176,0.0727,0.1045
1779816506395,1,12.00000015,Lower Delivery,Loading,pitch.0,334971,-0.2889,-0.7103,1.147,-0.0859,-0.0414,-0.0158,0.0,0.0
1779816506395,1,12.00000018,Upper Delivery,Loading,pitch.0,335527,0.9649,1.1929,0.8479,1.4594,-0.6231,1.6951,0.0,0.0
1779816506395,1,Pitching Mound.Delivery,,Loading,pitch.0,334731,0.676,0.4827,1.9948,1.4752,-0.6645,2.1056,0.0,0.0
1779816506395,1,Pitching Mound.Drive,,Loading,pitch.0,335247,-20.1423,54.6649,131.4018,129.32,-89.9376,57.8176,0.0727,0.1045
1779816506395,1,Pitching Mound.Parent,,Loading,pitch.0,334438,-19.4841,55.154,133.5423,130.8043,-90.6391,59.9978,0.0715,0.1036
1779816506396,1,11.0000004b,Drive,Loading,pitch.0,335248,-20.115,54.6662,131.2565,129.1392,-89.939,57.7763,0.0727,0.1045
1779816506396,1,12.00000015,Lower Delivery,Loading,pitch.0,334972,-0.2872,-0.737,1.1997,-0.0894,-0.0316,-0.0144,0.0,0.0
1779816506396,1,12.00000018,Upper Delivery,Loading,pitch.0,335528,0.9809,1.1633,0.8926,1.6013,-0.7137,1.6937,0.0,0.0
1779816506396,1,Pitching Mound.Delivery,,Loading,pitch.0,334732,0.6937,0.4262,2.0923,1.6163,-0.7454,2.1104,0.0,0.0
1779816506396,1,Pitching Mound.Drive,,Loading,pitch.0,335248,-20.115,54.6662,131.2565,129.1392,-89.939,57.7763,0.0727,0.1045
1779816506396,1,Pitching Mound.Parent,,Loading,pitch.0,334439,-19.4486,55.0911,133.4942,130.9363,-90.683,59.928,0.0715,0.1036
1779816506397,1,11.0000004b,Drive,Loading,pitch.0,335249,-20.0674,54.6632,131.0941,129.0255,-89.9986,57.7366,0.0729,0.1045
1779816506397,1,12.00000015,Lower Delivery,Loading,pitch.0,334973,-0.308,-0.7391,1.1728,-0.0895,-0.0347,-0.0142,0.0,0.0
1779816506397,1,12.00000018,Upper Delivery,Loading,pitch.0,335529,0.9729,1.1905,0.8419,1.619,-0.7169,1.6816,0.0,0.0
1779816506397,1,Pitching Mound.Delivery,,Loading,pitch.0,334733,0.6649,0.4514,2.0147,1.642,-0.7516,2.1029,0.0,0.0
1779816506397,1,Pitching Mound.Drive,,Loading,pitch.0,335249,-20.0674,54.6632,131.0941,129.0255,-89.9986,57.7366,0.0729,0.1045
1779816506397,1,Pitching Mound.Parent,,Loading,pitch.0,334440,-19.4501,55.1175,133.2711,130.7812,-90.6906,59.8792,0.0716,0.1037
1779816506398,1,11.0000004b,Drive,Loading,pitch.0,335250,-20.0435,54.6495,130.9112,128.864,-89.874,57.6537,0.0729,0.1045
1779816506398,1,12.00000015,Lower Delivery,Loading,pitch.0,334974,-0.3246,-0.714,1.1277,-0.0928,-0.0345,-0.0172,0.0,0.0
1779816506398,1,12.00000018,Upper Delivery,Loading,pitch.0,335530,0.9603,1.2041,0.841,1.7203,-0.7418,1.7152,0.0,0.0
1779816506398,1,Pitching Mound.Delivery,,Loading,pitch.0,334734,0.6357,0.49,1.9687,1.725,-0.7763,2.1349,0.0,0.0
1779816506398,1,Pitching Mound.Drive,,Loading,pitch.0,335250,-20.0435,54.6495,130.9112,128.864,-89.874,57.6537,0.0729,0.1045
1779816506398,1,Pitching Mound.Parent,,Loading,pitch.0,334441,-19.4316,55.1533,133.0628,130.7505,-90.775,59.8715,0.0718,0.1037
1779816506399,1,11.0000004b,Drive,Loading,pitch.0,335251,-19.9938,54.6602,130.7832,128.7677,-89.914,57.6002,0.073,0.1045
1779816506399,1,12.00000015,Lower Delivery,Loading,pitch.0,334975,-0.3184,-0.7318,1.107,-0.0878,-0.039,-0.0162,0.0,0.0
1779816506399,1,12.00000018,Upper Delivery,Loading,pitch.0,335531,0.9758,1.2233,0.8774,1.7223,-0.6816,1.6769,0.0,0.0
1779816506399,1,Pitching Mound.Delivery,,Loading,pitch.0,334735,0.6574,0.4915,1.9844,1.7126,-0.7206,2.1007,0.0,0.0
1779816506399,1,Pitching Mound.Drive,,Loading,pitch.0,335251,-19.9938,54.6602,130.7832,128.7677,-89.914,57.6002,0.073,0.1045
1779816506399,1,Pitching Mound.Parent,,Loading,pitch.0,334442,-19.3861,55.141,132.8956,130.5766,-90.5945,59.7544,0.0718,0.1035
1779816506400,1,11.0000004b,Drive,Loading,pitch.0,335252,-19.9741,54.639,130.6169,128.6756,-89.7561,57.5614,0.073,0.1046
1779816506400,1,12.00000015,Lower Delivery,Loading,pitch.0,334976,-0.3236,-0.7381,1.1852,-0.0887,-0.0333,-0.0155,0.0,0.0
1779816506400,1,12.00000018,Upper Delivery,Loading,pitch.0,335532,0.988,1.21,0.7892,1.664,-0.8963,1.7237,0.0,0.0
1779816506400,1,Pitching Mound.Delivery,,Loading,pitch.0,334736,0.6644,0.4719,1.9744,1.7099,-0.9297,2.1542,0.0,0.0
1779816506400,1,Pitching Mound.Drive,,Loading,pitch.0,335252,-19.9741,54.639,130.6169,128.6756,-89.7561,57.5614,0.073,0.1046
1779816506400,1,Pitching Mound.Parent,,Loading,pitch.0,334443,-19.3294,55.1321,132.7576,130.4776,-90.8437,59.7544,0.0719,0.104
1779816506401,1,11.0000004b,Drive,Loading,pitch.0,335253,-19.9228,54.6364,130.4157,128.7564,-89.6097,57.4974,0.0729,0.1048
1779816506401,1,12.00000015,Lower Delivery,Loading,pitch.0,334977,-0.3291,-0.7248,1.196,-0.0862,-0.0312,-0.0149,0.0,0.0
1779816506401,1,12.00000018,Upper Delivery,Loading,pitch.0,335533,0.9907,1.2167,0.7704,1.4782,-0.8815,1.7296,0.0,0.0
1779816506401,1,Pitching Mound.Delivery,,Loading,pitch.0,334737,0.6617,0.492,1.9663,1.5368,-0.9128,2.1634,0.0,0.0
1779816506401,1,Pitching Mound.Drive,,Loading,pitch.0,335253,-19.9228,54.6364,130.4157,128.7564,-89.6097,57.4974,0.0729,0.1048
1779816506401,1,Pitching Mound.Parent,,Loading,pitch.0,334444,-19.3124,55.131,132.5832,130.2124,-90.6688,59.7248,0.0719,0.1041
1779816506402,1,11.0000004b,Drive,Loading,pitch.0,335254,-19.8716,54.6035,130.2236,128.4579,-89.6751,57.469,0.0731,0.1047
1779816506402,1,12.00000015,Lower Delivery,Loading,pitch.0,334978,-0.3355,-0.74,1.1876,-0.0917,-0.0368,-0.0156,0.0,0.0
1779816506402,1,12.00000018,Upper Delivery,Loading,pitch.0,335534,0.9936,1.2161,0.8491,1.466,-0.8454,1.7681,0.0,0.0
1779816506402,1,Pitching Mound.Delivery,,Loading,pitch.0,334738,0.658,0.4761,2.0367,1.4894,-0.8822,2.2044,0.0,0.0
1779816506402,1,Pitching Mound.Drive,,Loading,pitch.0,335254,-19.8716,54.6035,130.2236,128.4579,-89.6751,57.469,0.0731,0.1047
1779816506402,1,Pitching Mound.Parent,,Loading,pitch.0,334445,-19.2647,55.1125,132.4524,130.2458,-90.492,59.7018,0.0718,0.1041
1779816506403,1,11.0000004b,Drive,Loading,pitch.0,335255,-19.8217,54.5931,130.0323,128.4552,-89.9231,57.4179,0.0734,0.1049
1779816506403,1,12.00000015,Lower Delivery,Loading,pitch.0,334979,-0.3182,-0.7408,1.3213,-0.0851,-0.0272,-0.0154,0.0,0.0
1779816506403,1,12.00000018,Upper Delivery,Loading,pitch.0,335535,0.9932,1.2608,0.7962,1.4524,-0.7059,1.7331,0.0,0.0
1779816506403,1,Pitching Mound.Delivery,,Loading,pitch.0,334739,0.675,0.52,2.1175,1.5458,-0.7332,2.1636,0.0,0.0
1779816506403,1,Pitching Mound.Drive,,Loading,pitch.0,335255,-19.8217,54.5931,130.0323,128.4552,-89.9231,57.4179,0.0734,0.1049
1779816506403,1,Pitching Mound.Parent,,Loading,pitch.0,334446,-19.1966,55.1235,132.341,130.0037,-90.4083,59.6326,0.0719,0.1044
1779816506404,1,11.0000004b,Drive,Loading,pitch.0,335256,-19.7815,54.5724,129.8676,128.3637,-89.951,57.359,0.0735,0.1049
1779816506404,1,12.00000015,Lower Delivery,Loading,pitch.0,334980,-0.3136,-0.753,1.3614,-0.0976,-0.0306,-0.0158,0.0,0.0
1779816506404,1,12.00000018,Upper Delivery,Loading,pitch.0,335536,1.0111,1.2664,0.7391,1.4076,-0.6784,1.7788,0.0,0.0
1779816506404,1,Pitching Mound.Delivery,,Loading,pitch.0,334740,0.6975,0.5134,2.1005,1.5216,-0.709,2.2134,0.0,0.0
1779816506404,1,Pitching Mound.Drive,,Loading,pitch.0,335256,-19.7815,54.5724,129.8676,128.3637,-89.951,57.359,0.0735,0.1049
1779816506404,1,Pitching Mound.Parent,,Loading,pitch.0,334447,-19.1242,55.1065,132.1329,129.9768,-90.6321,59.6312,0.0722,0.1048
1779816506405,1,11.0000004b,Drive,Loading,pitch.0,335257,-19.7319,54.5797,129.643,128.2661,-90.0233,57.2804,0.0737,0.105
1779816506405,1,12.00000015,Lower Delivery,Loading,pitch.0,334981,-0.3108,-0.7404,1.3608,-0.0901,-0.0237,-0.0154,0.0,0.0
1779816506405,1,12.00000018,Upper Delivery,Loading,pitch.0,335537,1.0287,1.2516,0.677,1.4148,-0.6893,1.8017,0.0,0.0
1779816506405,1,Pitching Mound.Delivery,,Loading,pitch.0,334741,0.7179,0.5112,2.0378,1.5572,-0.713,2.2417,0.0,0.0
1779816506405,1,Pitching Mound.Drive,,Loading,pitch.0,335257,-19.7319,54.5797,129.643,128.2661,-90.0233,57.2804,0.0737,0.105
1779816506405,1,Pitching Mound.Parent,,Loading,pitch.0,334448,-19.0636,55.0836,131.9054,129.9209,-90.664,59.6007,0.0724,0.1051
1779816506406,1,11.0000004b,Drive,Loading,pitch.0,335258,-19.6977,54.5729,129.3647,128.0064,-89.7406,57.2048,0.0736,0.105
1779816506406,1,12.00000015,Lower Delivery,Loading,pitch.0,334982,-0.2793,-0.7219,1.3616,-0.0829,-0.0215,-0.0162,0.0,0.0
1779816506406,1,12.00000018,Upper Delivery,Loading,pitch.0,335538,1.0158,1.2891,0.7192,1.438,-0.7321,1.7966,0.0,0.0
1779816506406,1,Pitching Mound.Delivery,,Loading,pitch.0,334742,0.7365,0.5672,2.0809,1.5735,-0.7536,2.2207,0.0,0.0
1779816506406,1,Pitching Mound.Drive,,Loading,pitch.0,335258,-19.6977,54.5729,129.3647,128.0064,-89.7406,57.2048,0.0736,0.105
1779816506406,1,Pitching Mound.Parent,,Loading,pitch.0,334449,-18.9954,55.1469,131.7239,129.8396,-90.7769,59.5011,0.0726,0.105
1779816506407,1,11.0000004b,Drive,Loading,pitch.0,335259,-19.6506,54.5666,129.1982,127.7378,-89.7664,57.1005,0.0738,0.105
1779816506407,1,12.00000015,Lower Delivery,Loading,pitch.0,334983,-0.2796,-0.7282,1.3392,-0.0774,-0.0144,-0.0145,0.0,0.0
1779816506407,1,12.00000018,Upper Delivery,Loading,pitch.0,335539,1.0256,1.2852,0.7362,1.4554,-0.7227,1.8256,0.0,0.0
1779816506407,1,Pitching Mound.Delivery,,Loading,pitch.0,334743,0.746,0.5571,2.0754,1.5831,-0.7372,2.2549,0.0,0.0
1779816506407,1,Pitching Mound.Drive,,Loading,pitch.0,335259,-19.6506,54.5666,129.1982,127.7378,-89.7664,57.1005,0.0738,0.105
1779816506407,1,Pitching Mound.Parent,,Loading,pitch.0,334450,-18.9517,55.13,131.4402,129.5894,-90.4777,59.4596,0.0725,0.1049
1779816506408,1,11.0000004b,Drive,Loading,pitch.0,335260,-19.5876,54.5667,128.9763,127.6297,-89.7148,57.0105,0.0738,0.1051
1779816506408,1,12.00000015,Lower Delivery,Loading,pitch.0,334984,-0.2767,-0.7354,1.4093,-0.0848,-0.018,-0.013,0.0,0.0
1779816506408,1,12.00000018,Upper Delivery,Loading,pitch.0,335540,1.0387,1.2787,0.8004,1.3906,-0.5793,1.7772,0.0,0.0
1779816506408,1,Pitching Mound.Delivery,,Loading,pitch.0,334744,0.762,0.5433,2.2097,1.5128,-0.5974,2.2114,0.0,0.0
1779816506408,1,Pitching Mound.Drive,,Loading,pitch.0,335260,-19.5876,54.5667,128.9763,127.6297,-89.7148,57.0105,0.0738,0.1051
1779816506408,1,Pitching Mound.Parent,,Loading,pitch.0,334451,-18.8887,55.1099,131.4079,129.2506,-90.3637,59.312,0.0725,0.1048
1779816506409,1,11.0000004b,Drive,Loading,pitch.0,335261,-19.51,54.5585,128.8167,127.4759,-89.5174,56.8554,0.0738,0.1051
1779816506409,1,12.00000015,Lower Delivery,Loading,pitch.0,334985,-0.2682,-0.7621,1.2971,-0.0846,-0.0189,-0.0116,0.0,0.0
1779816506409,1,12.00000018,Upper Delivery,Loading,pitch.0,335541,1.0414,1.2565,0.7929,1.3116,-0.4856,1.7786,0.0,0.0
1779816506409,1,Pitching Mound.Delivery,,Loading,pitch.0,334745,0.7732,0.4944,2.09,1.3985,-0.5045,2.2123,0.0,0.0
1779816506409,1,Pitching Mound.Drive,,Loading,pitch.0,335261,-19.51,54.5585,128.8167,127.4759,-89.5174,56.8554,0.0738,0.1051
1779816506409,1,Pitching Mound.Parent,,Loading,pitch.0,334452,-18.8144,55.0612,131.0663,129.0281,-90.2193,59.2228,0.0727,0.1047
1779816506410,1,11.0000004b,Drive,Loading,pitch.0,335262,-19.4117,54.538,128.6581,127.3691,-89.4872,56.7074,0.0738,0.1051
1779816506410,1,12.00000015,Lower Delivery,Loading,pitch.0,334986,-0.2829,-0.7569,1.2547,-0.0781,-0.0094,-0.0115,0.0,0.0
1779816506410,1,12.00000018,Upper Delivery,Loading,pitch.0,335542,1.0316,1.2429,0.8047,1.315,-0.4598,1.8097,0.0,0.0
1779816506410,1,Pitching Mound.Delivery,,Loading,pitch.0,334746,0.7486,0.486,2.0593,1.3899,-0.4692,2.2451,0.0,0.0
1779816506410,1,Pitching Mound.Drive,,Loading,pitch.0,335262,-19.4117,54.538,128.6581,127.3691,-89.4872,56.7074,0.0738,0.1051
1779816506410,1,Pitching Mound.Parent,,Loading,pitch.0,334453,-18.7614,55.0445,130.8761,128.8657,-89.9867,59.1005,0.0726,0.1046
1779816506411,1,11.0000004b,Drive,Loading,pitch.0,335263,-19.2816,54.5003,128.494,127.0441,-89.2999,56.5707,0.0738,0.105
1779816506411,1,12.00000015,Lower Delivery,Loading,pitch.0,334987,-0.2772,-0.7665,1.1123,-0.0791,-0.0104,-0.0119,0.0,0.0
1779816506411,1,12.00000018,Upper Delivery,Loading,pitch.0,335543,1.036,1.2586,0.887,1.2989,-0.2853,1.7894,0.0,0.0
1779816506411,1,Pitching Mound.Delivery,,Loading,pitch.0,334747,0.7588,0.4921,1.9993,1.2964,-0.2958,2.2241,0.0,0.0
1779816506411,1,Pitching Mound.Drive,,Loading,pitch.0,335263,-19.2816,54.5003,128.494,127.0441,-89.2999,56.5707,0.0738,0.105
1779816506411,1,Pitching Mound.Parent,,Loading,pitch.0,334454,-18.6529,55.0301,130.6574,128.6655,-89.783,58.9315,0.0727,0.1041
1779816506412,1,11.0000004b,Drive,Loading,pitch.0,335264,-19.1327,54.4601,128.2703,126.8983,-89.1564,56.3675,0.0738,0.105
1779816506412,1,12.00000015,Lower Delivery,Loading,pitch.0,334988,-0.2966,-0.7569,1.0552,-0.0709,0.0005,-0.0126,0.0,0.0
1779816506412,1,12.00000018,Upper Delivery,Loading,pitch.0,335544,1.0397,1.2359,0.859,1.4457,-0.5166,1.7974,0.0,0.0
1779816506412,1,Pitching Mound.Delivery,,Loading,pitch.0,334748,0.7432,0.4791,1.9141,1.4414,-0.5161,2.2392,0.0,0.0
1779816506412,1,Pitching Mound.Drive,,Loading,pitch.0,335264,-19.1327,54.4601,128.2703,126.8983,-89.1564,56.3675,0.0738,0.105
1779816506412,1,Pitching Mound.Parent,,Loading,pitch.0,334455,-18.5385,54.9794,130.4081,128.4855,-89.816,58.8099,0.0727,0.1039
1779816506413,1,11.0000004b,Drive,Loading,pitch.0,335265,-18.9458,54.3759,127.91,126.2212,-88.9519,56.0841,0.0738,0.1048
1779816506413,1,12.00000015,Lower Delivery,Loading,pitch.0,334989,-0.2851,-0.757,1.0411,-0.0802,0.0024,-0.0114,0.0,0.0
1779816506413,1,12.00000018,Upper Delivery,Loading,pitch.0,335545,1.0308,1.2446,0.9017,1.4294,-0.506,1.7815,0.0,0.0
1779816506413,1,Pitching Mound.Delivery,,Loading,pitch.0,334749,0.7457,0.4876,1.9428,1.3966,-0.5037,2.2175,0.0,0.0
1779816506413,1,Pitching Mound.Drive,,Loading,pitch.0,335265,-18.9458,54.3759,127.91,126.2212,-88.9519,56.0841,0.0738,0.1048
1779816506413,1,Pitching Mound.Parent,,Loading,pitch.0,334456,-18.387,54.9477,130.2131,128.2948,-89.6601,58.585,0.0727,0.1038
1779816506414,1,11.0000004b,Drive,Loading,pitch.0,335266,-18.7715,54.3139,127.7333,126.2001,-88.4186,55.8659,0.0735,0.1049
1779816506414,1,12.00000015,Lower Delivery,Loading,pitch.0,334990,-0.2891,-0.7771,1.1299,-0.1004,-0.0115,-0.0126,0.0,0.0
1779816506414,1,12.00000018,Upper Delivery,Loading,pitch.0,335546,1.017,1.2117,0.8998,1.5464,-0.6745,1.7787,0.0,0.0
1779816506414,1,Pitching Mound.Delivery,,Loading,pitch.0,334750,0.728,0.4346,2.0297,1.5242,-0.686,2.2102,0.0,0.0
1779816506414,1,Pitching Mound.Drive,,Loading,pitch.0,335266,-18.7715,54.3139,127.7333,126.2001,-88.4186,55.8659,0.0735,0.1049
1779816506414,1,Pitching Mound.Parent,,Loading,pitch.0,334457,-18.2178,54.8106,129.9397,127.7454,-89.6378,58.2942,0.0727,0.1037
1779816506415,1,11.0000004b,Drive,Loading,pitch.0,335267,-18.557,54.2276,127.423,125.8834,-87.9693,55.6064,0.0733,0.1049
1779816506415,1,12.00000015,Lower Delivery,Loading,pitch.0,334991,-0.2978,-0.7803,1.0696,-0.1022,-0.0084,-0.0114,0.0,0.0
1779816506415,1,12.00000018,Upper Delivery,Loading,pitch.0,335547,1.0069,1.1883,0.8791,1.4598,-0.6357,1.7744,0.0,0.0
1779816506415,1,Pitching Mound.Delivery,,Loading,pitch.0,334751,0.709,0.408,1.9487,1.4224,-0.6442,2.2066,0.0,0.0
1779816506415,1,Pitching Mound.Drive,,Loading,pitch.0,335267,-18.557,54.2276,127.423,125.8834,-87.9693,55.6064,0.0733,0.1049
1779816506415,1,Pitching Mound.Parent,,Loading,pitch.0,334458,-18.0625,54.7218,129.682,127.6225,-89.0628,58.0725,0.0724,0.1038
1779816506416,1,11.0000004b,Drive,Loading,pitch.0,335268,-18.3031,54.1214,127.1168,125.0669,-87.6555,55.2536,0.0732,0.1045
1779816506416,1,12.00000015,Lower Delivery,Loading,pitch.0,334992,-0.292,-0.7887,1.0371,-0.1017,-0.0098,-0.0092,0.0,0.0
1779816506416,1,12.00000018,Upper Delivery,Loading,pitch.0,335548,0.9934,1.1828,0.8609,1.4129,-0.7347,1.7553,0.0,0.0
1779816506416,1,Pitching Mound.Delivery,,Loading,pitch.0,334752,0.7015,0.3941,1.8979,1.3711,-0.7446,2.1831,0.0,0.0
1779816506416,1,Pitching Mound.Drive,,Loading,pitch.0,335268,-18.3031,54.1214,127.1168,125.0669,-87.6555,55.2536,0.0732,0.1045
1779816506416,1,Pitching Mound.Parent,,Loading,pitch.0,334459,-17.8556,54.6217,129.321,127.2545,-88.7139,57.7895,0.0722,0.1038
1779816506417,1,11.0000004b,Drive,Loading,pitch.0,335269,-18.0753,54.0625,126.9512,124.9651,-87.2202,55.0009,0.0729,0.1045
1779816506417,1,12.00000015,Lower Delivery,Loading,pitch.0,334993,-0.3068,-0.7741,1.0934,-0.1095,-0.0176,-0.0105,0.0,0.0
1779816506417,1,12.00000018,Upper Delivery,Loading,pitch.0,335549,0.9823,1.2168,0.8272,1.498,-0.7274,1.8068,0.0,0.0
1779816506417,1,Pitching Mound.Delivery,,Loading,pitch.0,334753,0.6755,0.4427,1.9206,1.479,-0.745,2.2346,0.0,0.0
1779816506417,1,Pitching Mound.Drive,,Loading,pitch.0,335269,-18.0753,54.0625,126.9512,124.9651,-87.2202,55.0009,0.0729,0.1045
1779816506417,1,Pitching Mound.Parent,,Loading,pitch.0,334460,-17.6277,54.5641,129.0374,126.5459,-88.4005,57.4882,0.0721,0.1036
1779816506418,1,11.0000004b,Drive,Loading,pitch.0,335270,-17.8656,53.9767,126.6292,124.9737,-86.8995,54.758,0.0729,0.1048
1779816506418,1,12.00000015,Lower Delivery,Loading,pitch.0,334994,-0.3169,-0.7701,1.1388,-0.1088,-0.0221,-0.0098,0.0,0.0
1779816506418,1,12.00000018,Upper Delivery,Loading,pitch.0,335550,0.9831,1.1502,0.7434,1.4639,-0.8116,1.7826,0.0,0.0
1779816506418,1,Pitching Mound.Delivery,,Loading,pitch.0,334754,0.6662,0.3802,1.8822,1.4896,-0.8337,2.2147,0.0,0.0
1779816506418,1,Pitching Mound.Drive,,Loading,pitch.0,335270,-17.8656,53.9767,126.6292,124.9737,-86.8995,54.758,0.0729,0.1048
1779816506418,1,Pitching Mound.Parent,,Loading,pitch.0,334461,-17.4091,54.4427,128.8334,126.4548,-88.0539,57.2157,0.0719,0.104
1779816506419,1,11.0000004b,Drive,Loading,pitch.0,335271,-17.5602,53.9073,126.5856,124.378,-85.4193,54.4154,0.0716,0.1043
1779816506419,1,12.00000015,Lower Delivery,Loading,pitch.0,334995,-0.3173,-0.7631,1.0806,-0.0979,-0.0183,-0.0081,0.0,0.0
1779816506419,1,12.00000018,Upper Delivery,Loading,pitch.0,335551,0.9822,1.1874,0.8364,1.445,-0.7552,1.7718,0.0,0.0
1779816506419,1,Pitching Mound.Delivery,,Loading,pitch.0,334755,0.6648,0.4243,1.917,1.4301,-0.7735,2.2055,0.0,0.0
1779816506419,1,Pitching Mound.Drive,,Loading,pitch.0,335271,-17.5602,53.9073,126.5856,124.378,-85.4193,54.4154,0.0716,0.1043
1779816506419,1,Pitching Mound.Parent,,Loading,pitch.0,334462,-17.2008,54.401,128.5462,126.4038,-87.673,56.9636,0.0718,0.1039
1779816506420,1,11.0000004b,Drive,Loading,pitch.0,335272,-17.3962,53.7516,125.9685,123.9808,-86.3862,54.1139,0.0728,0.1045
1779816506420,1,12.00000015,Lower Delivery,Loading,pitch.0,334996,-0.3097,-0.7659,1.2383,-0.1118,-0.0267,-0.0086,0.0,0.0
1779816506420,1,12.00000018,Upper Delivery,Loading,pitch.0,335552,0.9848,1.2065,0.8742,1.5308,-0.8677,1.7699,0.0,0.0
1779816506420,1,Pitching Mound.Delivery,,Loading,pitch.0,334756,0.6751,0.4406,2.1125,1.5428,-0.8945,2.2014,0.0,0.0
1779816506420,1,Pitching Mound.Drive,,Loading,pitch.0,335272,-17.3962,53.7516,125.9685,123.9808,-86.3862,54.1139,0.0728,0.1045
1779816506420,1,Pitching Mound.Parent,,Loading,pitch.0,334463,-16.7211,54.1922,128.0811,125.5236,-87.2807,56.3153,0.0716,0.1037
1779816506421,1,11.0000004b,Drive,Loading,pitch.0,335273,-17.0859,53.6452,125.5747,122.9629,-85.5414,53.7097,0.0723,0.104
1779816506421,1,12.00000015,Lower Delivery,Loading,pitch.0,334997,-0.3159,-0.7553,1.3799,-0.1181,-0.0276,-0.0099,0.0,0.0
1779816506421,1,12.00000018,Upper Delivery,Loading,pitch.0,335553,0.9707,1.214,0.7839,1.5942,-0.8214,1.7648,0.0,0.0
1779816506421,1,Pitching Mound.Delivery,,Loading,pitch.0,334757,0.6548,0.4587,2.1638,1.6787,-0.8489,2.1924,0.0,0.0
1779816506421,1,Pitching Mound.Drive,,Loading,pitch.0,335273,-17.0859,53.6452,125.5747,122.9629,-85.5414,53.7097,0.0723,0.104
1779816506421,1,Pitching Mound.Parent,,Loading,pitch.0,334464,-16.4311,54.1039,127.7385,124.6417,-86.3904,55.9021,0.0711,0.1038
1779816506422,1,11.0000004b,Drive,Loading,pitch.0,335274,-16.9229,53.5175,125.2493,122.9269,-85.2936,53.4272,0.0723,0.1042
1779816506422,1,12.00000015,Lower Delivery,Loading,pitch.0,334998,-0.317,-0.7553,1.4083,-0.1225,-0.0355,-0.0118,0.0,0.0
1779816506422,1,12.00000018,Upper Delivery,Loading,pitch.0,335554,0.9618,1.1715,0.7472,1.6259,-0.8885,1.7056,0.0,0.0
1779816506422,1,Pitching Mound.Delivery,,Loading,pitch.0,334758,0.6447,0.4162,2.1556,1.7281,-0.924,2.1286,0.0,0.0
1779816506422,1,Pitching Mound.Drive,,Loading,pitch.0,335274,-16.9229,53.5175,125.2493,122.9269,-85.2936,53.4272,0.0723,0.1042
1779816506422,1,Pitching Mound.Parent,,Loading,pitch.0,334465,-16.2781,53.9337,127.4048,124.655,-86.2176,55.5558,0.0711,0.1042
1779816506423,1,11.0000004b,Drive,Loading,pitch.0,335275,-16.6946,53.3623,124.828,121.8793,-84.8717,53.013,0.0722,0.1037
1779816506423,1,12.00000015,Lower Delivery,Loading,pitch.0,334999,-0.3104,-0.7481,1.3428,-0.1222,-0.0355,-0.0149,0.0,0.0
1779816506423,1,12.00000018,Upper Delivery,Loading,pitch.0,335555,0.985,1.2078,0.7266,1.5797,-0.8898,1.6742,0.0,0.0
1779816506423,1,Pitching Mound.Delivery,,Loading,pitch.0,334759,0.6746,0.4597,2.0694,1.667,-0.9253,2.0998,0.0,0.0
1779816506423,1,Pitching Mound.Drive,,Loading,pitch.0,335275,-16.6946,53.3623,124.828,121.8793,-84.8717,53.013,0.0722,0.1037
1779816506423,1,Pitching Mound.Parent,,Loading,pitch.0,334466,-16.02,53.8221,126.8974,123.5463,-85.797,55.1128,0.071,0.1036
1779816506424,1,11.0000004b,Drive,Loading,pitch.0,335276,-16.5142,53.1915,124.4965,121.5574,-85.0244,52.6928,0.0725,0.1037
1779816506424,1,12.00000015,Lower Delivery,Loading,pitch.0,335000,-0.3072,-0.7547,1.4049,-0.1219,-0.04,-0.0164,0.0,0.0
1779816506424,1,12.00000018,Upper Delivery,Loading,pitch.0,335556,1.0042,1.2421,0.74,1.5768,-0.9624,1.6984,0.0,0.0
1779816506424,1,Pitching Mound.Delivery,,Loading,pitch.0,334760,0.697,0.4873,2.1448,1.681,-1.0024,2.1279,0.0,0.0
1779816506424,1,Pitching Mound.Drive,,Loading,pitch.0,335276,-16.5142,53.1915,124.4965,121.5574,-85.0244,52.6928,0.0725,0.1037
1779816506424,1,Pitching Mound.Parent,,Loading,pitch.0,334467,-15.8172,53.6788,126.6413,123.2383,-86.0268,54.8206,0.0713,0.1037
1779816506425,1,11.0000004b,Drive,Loading,pitch.0,335277,-16.3235,53.0406,124.2993,121.2133,-84.0353,52.4074,0.0718,0.1035
1779816506425,1,12.00000015,Lower Delivery,Loading,pitch.0,335001,-0.3114,-0.7685,1.5177,-0.1174,-0.0382,-0.0155,0.0,0.0
1779816506425,1,12.00000018,Upper Delivery,Loading,pitch.0,335557,1.0008,1.2461,0.7619,1.6287,-1.0639,1.6927,0.0,0.0
1779816506425,1,Pitching Mound.Delivery,,Loading,pitch.0,334761,0.6894,0.4776,2.2796,1.7682,-1.1022,2.1234,0.0,0.0
1779816506425,1,Pitching Mound.Drive,,Loading,pitch.0,335277,-16.3235,53.0406,124.2993,121.2133,-84.0353,52.4074,0.0718,0.1035
1779816506425,1,Pitching Mound.Parent,,Loading,pitch.0,334468,-15.6341,53.5182,126.5789,122.9815,-85.1375,54.5309,0.0705,0.1037
1779816506426,1,11.0000004b,Drive,Loading,pitch.0,335278,-16.0978,52.8561,123.9287,119.9141,-83.9064,52.0171,0.0719,0.1027
1779816506426,1,12.00000015,Lower Delivery,Loading,pitch.0,335002,-0.3058,-0.7635,1.4898,-0.1115,-0.0393,-0.0143,0.0,0.0
1779816506426,1,12.00000018,Upper Delivery,Loading,pitch.0,335558,1.0142,1.209,0.7502,1.7145,-1.2248,1.7171,0.0,0.0
1779816506426,1,Pitching Mound.Delivery,,Loading,pitch.0,334762,0.7084,0.4455,2.24,1.8545,-1.2641,2.1516,0.0,0.0
1779816506426,1,Pitching Mound.Drive,,Loading,pitch.0,335278,-16.0978,52.8561,123.9287,119.9141,-83.9064,52.0171,0.0719,0.1027
1779816506426,1,Pitching Mound.Parent,,Loading,pitch.0,334469,-15.3894,53.3015,126.1687,121.7686,-85.1705,54.1686,0.0706,0.1029
1779816506427,1,11.0000004b,Drive,Loading,pitch.0,335279,-15.8991,52.5845,123.5808,119.4352,-83.7412,51.6115,0.0719,0.1026
1779816506427,1,12.00000015,Lower Delivery,Loading,pitch.0,335003,-0.3013,-0.7878,1.5282,-0.1127,-0.0369,-0.0124,0.0,0.0
1779816506427,1,12.00000018,Upper Delivery,Loading,pitch.0,335559,1.0357,1.2505,0.8752,1.6373,-1.0185,1.7062,0.0,0.0
1779816506427,1,Pitching Mound.Delivery,,Loading,pitch.0,334763,0.7344,0.4627,2.4034,1.7467,-1.0554,2.1484,0.0,0.0
1779816506427,1,Pitching Mound.Drive,,Loading,pitch.0,335279,-15.8991,52.5845,123.5808,119.4352,-83.7412,51.6115,0.0719,0.1026
1779816506427,1,Pitching Mound.Parent,,Loading,pitch.0,334470,-15.1647,53.0472,125.9843,121.1818,-84.7966,53.7599,0.0706,0.1024
1779816506428,1,11.0000004b,Drive,Loading,pitch.0,335280,-15.6804,52.2377,122.8836,119.481,-81.8038,50.9802,0.0707,0.1032
1779816506428,1,12.00000015,Lower Delivery,Loading,pitch.0,335004,-0.2964,-0.7828,1.4483,-0.0996,-0.0278,-0.0106,0.0,0.0
1779816506428,1,12.00000018,Upper Delivery,Loading,pitch.0,335560,1.0119,1.2443,0.8814,1.6583,-1.0162,1.6836,0.0,0.0
1779816506428,1,Pitching Mound.Delivery,,Loading,pitch.0,334764,0.7155,0.4615,2.3297,1.7514,-1.0439,2.1178,0.0,0.0
1779816506428,1,Pitching Mound.Drive,,Loading,pitch.0,335280,-15.6804,52.2377,122.8836,119.481,-81.8038,50.9802,0.0707,0.1032
1779816506428,1,Pitching Mound.Parent,,Loading,pitch.0,334471,-14.9649,52.6992,125.2132,121.2325,-82.8477,53.098,0.0694,0.1028
1779816506429,1,11.0000004b,Drive,Loading,pitch.0,335281,-15.3914,52.1461,123.0805,117.583,-80.121,50.4228,0.0691,0.1014
1779816506429,1,12.00000015,Lower Delivery,Loading,pitch.0,335005,-0.2843,-0.7818,1.4173,-0.0962,-0.032,-0.0097,0.0,0.0
1779816506429,1,12.00000018,Upper Delivery,Loading,pitch.0,335561,1.0682,1.2308,0.9598,1.6657,-0.8611,1.6324,0.0,0.0
1779816506429,1,Pitching Mound.Delivery,,Loading,pitch.0,334765,0.7838,0.449,2.3772,1.7251,-0.893,2.0825,0.0,0.0
1779816506429,1,Pitching Mound.Drive,,Loading,pitch.0,335281,-15.3914,52.1461,123.0805,117.583,-80.121,50.4228,0.0691,0.1014
1779816506429,1,Pitching Mound.Parent,,Loading,pitch.0,334472,-14.6075,52.5951,125.4577,119.3081,-81.014,52.5053,0.0678,0.1007
1779816506430,1,11.0000004b,Drive,Loading,pitch.0,335282,-15.1791,51.7341,122.0663,116.85,-79.7755,49.7816,0.0694,0.1016
1779816506430,1,12.00000015,Lower Delivery,Loading,pitch.0,335006,-0.2713,-0.7864,1.3105,-0.1048,-0.0331,-0.0137,0.0,0.0
1779816506430,1,12.00000018,Upper Delivery,Loading,pitch.0,335562,1.0645,1.2334,0.9087,1.5236,-0.7513,1.6427,0.0,0.0
1779816506430,1,Pitching Mound.Delivery,,Loading,pitch.0,334766,0.7931,0.447,2.2192,1.5554,-0.7844,2.0831,0.0,0.0
1779816506430,1,Pitching Mound.Drive,,Loading,pitch.0,335282,-15.1791,51.7341,122.0663,116.85,-79.7755,49.7816,0.0694,0.1016
1779816506430,1,Pitching Mound.Parent,,Loading,pitch.0,334473,-14.386,52.1811,124.2855,118.4054,-80.5599,51.8647,0.0681,0.1009
1779816506431,1,11.0000004b,Drive,Loading,pitch.0,335283,-14.9766,51.4339,121.6964,115.1395,-78.998,49.2015,0.0689,0.1004
1779816506431,1,12.00000015,Lower Delivery,Loading,pitch.0,335007,-0.2735,-0.7847,1.0889,-0.0834,-0.0207,-0.0123,0.0,0.0
1779816506431,1,12.00000015,Lower Delivery,Loading,pitch.0,335008,-0.2772,-0.7777,1.0497,-0.0724,-0.0226,-0.0068,0.0,0.0
1779816506431,1,12.00000018,Upper Delivery,Loading,pitch.0,335563,1.0539,1.2238,0.7876,1.5082,-0.6601,1.6932,0.0,0.0
1779816506431,1,Pitching Mound.Delivery,,Loading,pitch.0,334767,0.7804,0.4391,1.8765,1.5272,-0.6808,2.1322,0.0,0.0
1779816506431,1,Pitching Mound.Drive,,Loading,pitch.0,335283,-14.9766,51.4339,121.6964,115.1395,-78.998,49.2015,0.0689,0.1004
1779816506431,1,Pitching Mound.Parent,,Loading,pitch.0,334474,-14.1962,51.873,123.5729,116.6667,-79.6787,51.3337,0.0679,0.0997
1779816506432,1,11.0000004b,Drive,Loading,pitch.0,335284,-14.6277,51.1206,120.949,113.9537,-77.2729,48.4473,0.0678,0.1
1779816506432,1,12.00000015,Lower Delivery,Loading,pitch.0,335009,-0.2764,-0.7268,0.9578,-0.0632,-0.0068,-0.0066,0.0,0.0
1779816506432,1,12.00000018,Upper Delivery,Loading,pitch.0,335564,1.0661,1.2083,0.8182,1.5222,-0.6546,1.7196,0.0,0.0
1779816506432,1,Pitching Mound.Delivery,,Loading,pitch.0,334768,0.7888,0.4306,1.8679,1.5286,-0.6772,2.1695,0.0,0.0
1779816506432,1,Pitching Mound.Drive,,Loading,pitch.0,335284,-14.6277,51.1206,120.949,113.9537,-77.2729,48.4473,0.0678,0.1
1779816506432,1,Pitching Mound.Parent,,Loading,pitch.0,334475,-13.8389,51.5512,122.8169,115.4823,-77.9501,50.6168,0.0668,0.0991
1779816506433,1,11.0000004b,Drive,Loading,pitch.0,335285,-14.3568,50.771,120.2244,111.8302,-76.8351,47.8847,0.0678,0.0988
1779816506433,1,12.00000018,Upper Delivery,Loading,pitch.0,335565,1.0442,1.2476,0.8647,1.4688,-0.5242,1.7355,0.0,0.0
1779816506433,1,Pitching Mound.Delivery,,Loading,pitch.0,334769,0.7678,0.5208,1.8225,1.4373,-0.5311,2.1779,0.0,0.0
1779816506433,1,Pitching Mound.Drive,,Loading,pitch.0,335285,-14.3568,50.771,120.2244,111.8302,-76.8351,47.8847,0.0678,0.0988
1779816506433,1,Pitching Mound.Parent,,Loading,pitch.0,334476,-13.589,51.2918,122.0468,113.2675,-77.3662,50.0626,0.0668,0.0975
1779816506434,1,11.0000004b,Drive,Loading,pitch.0,335286,-14.0797,50.4264,119.54,110.2064,-74.5587,46.9957,0.0662,0.0979
1779816506434,1,12.00000015,Lower Delivery,Loading,pitch.0,335010,-0.2678,-0.7298,0.9331,-0.0682,-0.0029,-0.0096,0.0,0.0
1779816506434,1,12.00000015,Lower Delivery,Loading,pitch.0,335011,-0.262,-0.6847,0.9916,-0.0662,-0.0024,-0.0097,0.0,0.0
1779816506434,1,12.00000018,Upper Delivery,Loading,pitch.0,335566,1.0473,1.2794,0.9147,1.589,-0.5146,1.7545,0.0,0.0
1779816506434,1,Pitching Mound.Delivery,,Loading,pitch.0,334770,0.7795,0.5496,1.8478,1.527,-0.5175,2.192,0.0,0.0
1779816506434,1,Pitching Mound.Drive,,Loading,pitch.0,335286,-14.0797,50.4264,119.54,110.2064,-74.5587,46.9957,0.0662,0.0979
1779816506434,1,Pitching Mound.Parent,,Loading,pitch.0,334477,-13.3002,50.976,121.3879,111.7335,-75.0762,49.1878,0.0652,0.0964
1779816506435,1,11.0000004b,Drive,Loading,pitch.0,335287,-13.6327,50.077,118.8159,110.3508,-74.2582,46.392,0.0664,0.0986
1779816506435,1,12.00000018,Upper Delivery,Loading,pitch.0,335567,1.0587,1.2915,0.9749,1.6863,-0.3313,1.7467,0.0,0.0
1779816506435,1,Pitching Mound.Delivery,,Loading,pitch.0,334771,0.7968,0.6068,1.9665,1.6258,-0.3336,2.186,0.0,0.0
1779816506435,1,Pitching Mound.Drive,,Loading,pitch.0,335287,-13.6327,50.077,118.8159,110.3508,-74.2582,46.392,0.0664,0.0986
1779816506435,1,Pitching Mound.Parent,,Loading,pitch.0,334478,-12.8359,50.6838,120.7823,111.9766,-74.5918,48.578,0.0653,0.097
1779816506436,1,11.0000004b,Drive,Loading,pitch.0,335288,-13.2277,49.7301,118.0179,109.2392,-73.2883,45.6805,0.0659,0.0983
1779816506436,1,12.00000015,Lower Delivery,Loading,pitch.0,335012,-0.2534,-0.6611,0.9431,-0.053,0.0061,-0.009,0.0,0.0
1779816506436,1,12.00000015,Lower Delivery,Loading,pitch.0,335013,-0.252,-0.6417,0.9577,-0.0557,0.014,-0.002,0.0,0.0
1779816506436,1,12.00000018,Upper Delivery,Loading,pitch.0,335568,1.0605,1.2882,0.9135,1.8416,-0.2824,1.714,0.0,0.0
1779816506436,1,Pitching Mound.Delivery,,Loading,pitch.0,334772,0.8071,0.6271,1.8567,1.7986,-0.2764,2.1517,0.0,0.0
1779816506436,1,Pitching Mound.Drive,,Loading,pitch.0,335288,-13.2277,49.7301,118.0179,109.2392,-73.2883,45.6805,0.0659,0.0983
1779816506436,1,Pitching Mound.Parent,,Loading,pitch.0,334479,-12.4206,50.3572,119.8746,111.0378,-73.5646,47.8323,0.0649,0.0968
1779816506437,1,11.0000004b,Drive,Loading,pitch.0,335289,-12.8153,49.3535,117.3322,108.9201,-73.2976,44.946,0.0663,0.0986
1779816506437,1,12.00000015,Lower Delivery,Loading,pitch.0,335014,-0.2706,-0.6514,0.8479,-0.0608,0.0109,-0.0088,0.0,0.0
1779816506437,1,12.00000018,Upper Delivery,Loading,pitch.0,335569,1.0652,1.2689,0.9595,1.7505,-0.1965,1.7363,0.0,0.0
1779816506437,1,Pitching Mound.Delivery,,Loading,pitch.0,334773,0.8132,0.6273,1.9172,1.6943,-0.1825,2.1821,0.0,0.0
1779816506437,1,Pitching Mound.Drive,,Loading,pitch.0,335289,-12.8153,49.3535,117.3322,108.9201,-73.2976,44.946,0.0663,0.0986
1779816506437,1,Pitching Mound.Parent,,Loading,pitch.0,334480,-12.0021,49.9808,119.2494,110.6143,-73.4801,47.1282,0.0653,0.097
1779816506438,1,11.0000004b,Drive,Loading,pitch.0,335290,-12.4481,49.0858,116.7086,107.8205,-71.5322,44.2519,0.0651,0.0981
1779816506438,1,12.00000015,Lower Delivery,Loading,pitch.0,335015,-0.2738,-0.639,0.8819,-0.0717,0.0069,-0.015,0.0,0.0
1779816506438,1,12.00000018,Upper Delivery,Loading,pitch.0,335570,1.0466,1.2348,0.9636,1.803,-0.2638,1.7713,0.0,0.0
1779816506438,1,Pitching Mound.Delivery,,Loading,pitch.0,334774,0.776,0.5834,1.8115,1.7029,-0.2529,2.2104,0.0,0.0
1779816506438,1,Pitching Mound.Drive,,Loading,pitch.0,335290,-12.4481,49.0858,116.7086,107.8205,-71.5322,44.2519,0.0651,0.0981
1779816506438,1,Pitching Mound.Parent,,Loading,pitch.0,334481,-11.6722,49.6693,118.52,109.5234,-71.7851,46.4623,0.0641,0.0962
1779816506439,1,11.0000004b,Drive,Loading,pitch.0,335291,-11.9964,48.6469,115.6528,107.3136,-70.7235,43.6208,0.0649,0.0985
1779816506439,1,12.00000018,Upper Delivery,Loading,pitch.0,335571,1.0636,1.1907,1.0065,1.7859,-0.3788,1.7736,0.0,0.0
1779816506439,1,Pitching Mound.Delivery,,Loading,pitch.0,334775,0.7898,0.5517,1.8884,1.6719,-0.372,2.2133,0.0,0.0
1779816506439,1,Pitching Mound.Drive,,Loading,pitch.0,335291,-11.9964,48.6469,115.6528,107.3136,-70.7235,43.6208,0.0649,0.0985
1779816506439,1,Pitching Mound.Parent,,Loading,pitch.0,334482,-11.2066,49.1986,117.5412,108.9855,-71.0955,45.8341,0.0639,0.0966
1779816506440,1,11.0000004b,Drive,Loading,pitch.0,335292,-11.5744,48.2985,114.8756,106.7354,-68.0441,42.7636,0.0629,0.0986
1779816506440,1,12.00000015,Lower Delivery,Loading,pitch.0,335016,-0.2744,-0.6407,0.9268,-0.0875,-0.0032,-0.016,0.0,0.0
1779816506440,1,12.00000015,Lower Delivery,Loading,pitch.0,335017,-0.2602,-0.6754,1.0554,-0.0965,-0.0006,-0.014,0.0,0.0
1779816506440,1,12.00000018,Upper Delivery,Loading,pitch.0,335572,1.0418,1.209,0.942,1.6712,-0.3424,1.7925,0.0,0.0
1779816506440,1,Pitching Mound.Delivery,,Loading,pitch.0,334776,0.7674,0.5683,1.8688,1.5785,-0.3456,2.224,0.0,0.0
1779816506440,1,Pitching Mound.Drive,,Loading,pitch.0,335292,-11.5744,48.2985,114.8756,106.7354,-68.0441,42.7636,0.0629,0.0986
1779816506440,1,Pitching Mound.Parent,,Loading,pitch.0,334483,-10.807,48.8668,116.7444,108.3139,-68.3897,44.9876,0.0619,0.097
1779816506441,1,11.0000004b,Drive,Loading,pitch.0,335293,-11.0817,47.7206,113.8646,105.8383,-69.6601,41.7298,0.0649,0.0987
1779816506441,1,12.00000015,Lower Delivery,Loading,pitch.0,335018,-0.2748,-0.7062,1.2662,-0.0837,0.0164,-0.0136,0.0,0.0
1779816506441,1,12.00000018,Upper Delivery,Loading,pitch.0,335573,1.0181,1.2269,0.8376,1.5984,-0.3477,1.7497,0.0,0.0
1779816506441,1,Pitching Mound.Delivery,,Loading,pitch.0,334777,0.7579,0.5515,1.893,1.576,-0.3484,2.1703,0.0,0.0
1779816506441,1,Pitching Mound.Drive,,Loading,pitch.0,335293,-11.0817,47.7206,113.8646,105.8383,-69.6601,41.7298,0.0649,0.0987
1779816506441,1,Pitching Mound.Parent,,Loading,pitch.0,334484,-10.3238,48.2722,115.7576,107.4143,-70.0085,43.9001,0.0639,0.0977
1779816506442,1,11.0000004b,Drive,Loading,pitch.0,335294,-10.7184,47.1498,112.6945,104.9838,-68.9661,40.8073,0.065,0.0989
1779816506442,1,12.00000015,Lower Delivery,Loading,pitch.0,335019,-0.2762,-0.7353,1.1791,-0.0943,0.0081,-0.0164,0.0,0.0
1779816506442,1,12.00000018,Upper Delivery,Loading,pitch.0,335574,1.0186,1.2381,0.8877,1.6586,-0.3623,1.7043,0.0,0.0
1779816506442,1,Pitching Mound.Delivery,,Loading,pitch.0,334778,0.7439,0.5319,2.1539,1.7036,-0.3459,2.1305,0.0,0.0
1779816506442,1,Pitching Mound.Drive,,Loading,pitch.0,335294,-10.7184,47.1498,112.6945,104.9838,-68.9661,40.8073,0.065,0.0989
1779816506442,1,Pitching Mound.Parent,,Loading,pitch.0,334485,-9.9745,47.6817,114.8484,106.6874,-69.3121,42.9377,0.0638,0.0982
1779816506443,1,11.0000004b,Drive,Loading,pitch.0,335295,-10.3322,46.7231,112.1334,104.0521,-68.8666,40.0794,0.0652,0.0985
1779816506443,1,12.00000015,Lower Delivery,Loading,pitch.0,335020,-0.283,-0.7464,1.2862,-0.1002,0.0103,-0.0138,0.0,0.0
1779816506443,1,12.00000018,Upper Delivery,Loading,pitch.0,335575,1.0323,1.2504,0.822,1.9554,-0.4684,1.7235,0.0,0.0
1779816506443,1,Pitching Mound.Delivery,,Loading,pitch.0,334779,0.7561,0.5151,2.0012,1.9826,-0.4603,2.152,0.0,0.0
1779816506443,1,Pitching Mound.Drive,,Loading,pitch.0,335295,-10.3322,46.7231,112.1334,104.0521,-68.8666,40.0794,0.0652,0.0985
1779816506443,1,Pitching Mound.Parent,,Loading,pitch.0,334486,-9.5762,47.2382,114.1346,106.0347,-69.3269,42.2314,0.0641,0.0978
1779816506444,1,11.0000004b,Drive,Loading,pitch.0,335296,-9.8064,46.2207,111.2306,103.4437,-68.1257,39.0688,0.065,0.0987
1779816506444,1,12.00000015,Lower Delivery,Loading,pitch.0,335021,-0.2725,-0.7704,1.3616,-0.103,0.0026,-0.0136,0.0,0.0
1779816506444,1,12.00000018,Upper Delivery,Loading,pitch.0,335576,1.0496,1.243,0.7691,2.1294,-0.7083,1.6896,0.0,0.0
1779816506444,1,Pitching Mound.Delivery,,Loading,pitch.0,334780,0.7666,0.4966,2.0553,2.205,-0.698,2.1288,0.0,0.0
1779816506444,1,Pitching Mound.Drive,,Loading,pitch.0,335296,-9.8064,46.2207,111.2306,103.4437,-68.1257,39.0688,0.065,0.0987
1779816506444,1,Pitching Mound.Parent,,Loading,pitch.0,334487,-9.0398,46.7173,113.2859,105.6487,-68.8237,41.1976,0.0638,0.0985
1779816506445,1,11.0000004b,Drive,Loading,pitch.0,335297,-9.4003,45.6205,110.9292,102.6507,-67.695,38.3631,0.0648,0.0982
1779816506445,1,12.00000015,Lower Delivery,Loading,pitch.0,335022,-0.2884,-0.7763,1.1908,-0.1041,0.0006,-0.0137,0.0,0.0
1779816506445,1,12.00000018,Upper Delivery,Loading,pitch.0,335577,1.0544,1.226,0.6589,2.0482,-0.6944,1.6804,0.0,0.0
1779816506445,1,Pitching Mound.Delivery,,Loading,pitch.0,334781,0.7819,0.4556,2.0205,2.1841,-0.6917,2.1179,0.0,0.0
1779816506445,1,Pitching Mound.Drive,,Loading,pitch.0,335297,-9.4003,45.6205,110.9292,102.6507,-67.695,38.3631,0.0648,0.0982
1779816506445,1,Pitching Mound.Parent,,Loading,pitch.0,334488,-8.6184,46.0761,112.9496,104.8348,-68.3867,40.481,0.0636,0.0986
1779816506446,1,11.0000004b,Drive,Loading,pitch.0,335298,-8.9539,45.0959,109.7821,101.421,-67.0315,37.5258,0.0648,0.0981
1779816506446,1,12.00000015,Lower Delivery,Loading,pitch.0,335023,-0.3065,-0.7854,1.2673,-0.1044,0.0004,-0.0136,0.0,0.0
1779816506446,1,12.00000018,Upper Delivery,Loading,pitch.0,335578,1.0387,1.2324,0.7771,2.1829,-0.9266,1.7016,0.0,0.0
1779816506446,1,Pitching Mound.Delivery,,Loading,pitch.0,334782,0.7503,0.4561,1.9679,2.2195,-0.9259,2.1391,0.0,0.0
1779816506446,1,Pitching Mound.Drive,,Loading,pitch.0,335298,-8.9539,45.0959,109.7821,101.421,-67.0315,37.5258,0.0648,0.0981
1779816506446,1,Pitching Mound.Parent,,Loading,pitch.0,334489,-8.2036,45.5519,111.75,103.6406,-67.9574,39.6649,0.0637,0.0976
1779816506447,1,11.0000004b,Drive,Loading,pitch.0,335299,-8.5821,44.4227,109.4522,100.4712,-66.528,36.4956,0.0645,0.0975
1779816506447,1,12.00000015,Lower Delivery,Loading,pitch.0,335024,-0.301,-0.7835,1.2834,-0.1079,0.0013,-0.0152,0.0,0.0
1779816506447,1,12.00000018,Upper Delivery,Loading,pitch.0,335579,1.0011,1.2043,0.7566,2.0189,-0.9144,1.7065,0.0,0.0
1779816506447,1,Pitching Mound.Delivery,,Loading,pitch.0,334783,0.6946,0.4189,2.0239,2.0882,-0.914,2.1375,0.0,0.0
1779816506447,1,Pitching Mound.Drive,,Loading,pitch.0,335299,-8.5821,44.4227,109.4522,100.4712,-66.528,36.4956,0.0645,0.0975
1779816506447,1,Pitching Mound.Parent,,Loading,pitch.0,334490,-7.8874,44.8416,111.4761,102.5594,-67.4419,38.6331,0.0634,0.0972
1779816506448,1,11.0000004b,Drive,Loading,pitch.0,335300,-8.1086,43.772,108.6201,99.8026,-66.6438,35.5977,0.0651,0.0975
1779816506448,1,12.00000015,Lower Delivery,Loading,pitch.0,335025,-0.2856,-0.7765,1.3209,-0.1142,-0.0033,-0.0155,0.0,0.0
1779816506448,1,12.00000018,Upper Delivery,Loading,pitch.0,335580,1.0132,1.2536,0.8597,1.9735,-0.8282,1.6598,0.0,0.0
1779816506448,1,Pitching Mound.Delivery,,Loading,pitch.0,334784,0.7121,0.4701,2.1431,2.0096,-0.8269,2.0914,0.0,0.0
1779816506448,1,Pitching Mound.Drive,,Loading,pitch.0,335300,-8.1086,43.772,108.6201,99.8026,-66.6438,35.5977,0.0651,0.0975
1779816506448,1,Pitching Mound.Parent,,Loading,pitch.0,334491,-7.3965,44.2421,110.7632,101.8122,-67.4707,37.6891,0.0639,0.097
1779816506449,1,11.0000004b,Drive,Loading,pitch.0,335301,-7.7456,43.0966,108.0839,98.6531,-67.0407,34.6334,0.0658,0.0969
1779816506449,1,12.00000015,Lower Delivery,Loading,pitch.0,335026,-0.2849,-0.8035,1.2365,-0.1088,-0.011,-0.0148,0.0,0.0
1779816506449,1,12.00000018,Upper Delivery,Loading,pitch.0,335581,1.0253,1.2086,0.8598,1.6051,-0.9107,1.6973,0.0,0.0
1779816506449,1,Pitching Mound.Delivery,,Loading,pitch.0,334785,0.7397,0.4321,2.1807,1.6476,-0.914,2.1275,0.0,0.0
1779816506449,1,Pitching Mound.Drive,,Loading,pitch.0,335301,-7.7456,43.0966,108.0839,98.6531,-67.0407,34.6334,0.0658,0.0969
1779816506449,1,Pitching Mound.Parent,,Loading,pitch.0,334492,-7.0059,43.5287,110.2646,100.3007,-67.9548,36.761,0.0645,0.0964
1779816506450,1,11.0000004b,Drive,Loading,pitch.0,335302,-7.3522,42.4651,107.199,97.7458,-62.4693,33.3868,0.0619,0.0968
1779816506450,1,12.00000015,Lower Delivery,Loading,pitch.0,335027,-0.289,-0.7864,1.2989,-0.1003,0.0023,-0.0134,0.0,0.0
1779816506450,1,12.00000018,Upper Delivery,Loading,pitch.0,335582,1.0277,1.2729,0.9134,1.6366,-0.7613,1.6655,0.0,0.0
1779816506450,1,Pitching Mound.Delivery,,Loading,pitch.0,334786,0.7428,0.4694,2.1499,1.6377,-0.7723,2.097,0.0,0.0
1779816506450,1,Pitching Mound.Drive,,Loading,pitch.0,335302,-7.3522,42.4651,107.199,97.7458,-62.4693,33.3868,0.0619,0.0968
1779816506450,1,Pitching Mound.Parent,,Loading,pitch.0,334493,-6.6094,42.9345,109.3489,99.3834,-63.2417,35.4838,0.0606,0.0959
1779816506451,1,11.0000004b,Drive,Loading,pitch.0,335303,-6.9028,41.7521,106.8014,97.0617,-63.6203,32.4707,0.0632,0.0965
1779816506451,1,12.00000015,Lower Delivery,Loading,pitch.0,335028,-0.2835,-0.767,1.1819,-0.097,-0.0003,-0.0122,0.0,0.0
1779816506451,1,12.00000018,Upper Delivery,Loading,pitch.0,335583,1.081,1.2223,0.8501,1.3761,-0.7078,1.7056,0.0,0.0
1779816506451,1,12.00000018,Upper Delivery,Loading,pitch.0,335584,1.1002,1.2112,0.9337,1.4211,-0.4322,1.7649,0.0,0.0
1779816506451,1,Pitching Mound.Delivery,,Loading,pitch.0,334787,0.792,0.4358,2.149,1.4284,-0.7056,2.158,0.0,0.0
1779816506451,1,Pitching Mound.Delivery,,Loading,pitch.0,334788,0.8168,0.4442,2.1156,1.4086,-0.4325,2.2232,0.0,0.0
1779816506451,1,Pitching Mound.Drive,,Loading,pitch.0,335303,-6.9028,41.7521,106.8014,97.0617,-63.6203,32.4707,0.0632,0.0965
1779816506451,1,Pitching Mound.Parent,,Loading,pitch.0,334494,-6.1109,42.1879,108.9504,98.4901,-64.3258,34.6287,0.062,0.096
1779816506452,1,11.0000004b,Drive,Loading,pitch.0,335304,-6.4285,40.9822,106.1533,96.0506,-63.2575,31.5449,0.0633,0.0961
1779816506452,1,12.00000015,Lower Delivery,Loading,pitch.0,335029,-0.2691,-0.7295,1.1185,-0.1016,0.0024,-0.0121,0.0,0.0
1779816506452,1,12.00000018,Upper Delivery,Loading,pitch.0,335585,1.1497,1.2245,0.9253,1.4696,-0.5973,1.7592,0.0,0.0
1779816506452,1,Pitching Mound.Delivery,,Loading,pitch.0,334789,0.8805,0.4951,2.0438,1.4336,-0.5949,2.2295,0.0,0.0
1779816506452,1,Pitching Mound.Drive,,Loading,pitch.0,335304,-6.4285,40.9822,106.1533,96.0506,-63.2575,31.5449,0.0633,0.0961
1779816506452,1,Pitching Mound.Parent,,Loading,pitch.0,334495,-5.6118,41.4264,108.2689,97.4592,-63.6899,33.7681,0.062,0.095
1779816506453,1,11.0000004b,Drive,Loading,pitch.0,335305,-5.949,40.1496,105.09,94.8152,-63.3293,30.4849,0.064,0.0958
1779816506453,1,12.00000015,Lower Delivery,Loading,pitch.0,335030,-0.261,-0.7179,1.1102,-0.1028,0.0016,-0.0139,0.0,0.0
1779816506453,1,12.00000018,Upper Delivery,Loading,pitch.0,335586,1.1132,1.2708,0.963,1.5951,-0.5147,1.7709,0.0,0.0
1779816506453,1,Pitching Mound.Delivery,,Loading,pitch.0,334790,0.8521,0.553,2.0732,1.5424,-0.5132,2.2243,0.0,0.0
1779816506453,1,Pitching Mound.Drive,,Loading,pitch.0,335305,-5.949,40.1496,105.09,94.8152,-63.3293,30.4849,0.064,0.0958
1779816506453,1,Pitching Mound.Parent,,Loading,pitch.0,334496,-5.0685,40.6446,107.1338,96.2489,-63.9241,32.7144,0.0628,0.0946
1779816506454,1,11.0000004b,Drive,Loading,pitch.0,335306,-5.5553,39.4299,103.9346,93.9415,-62.3469,29.3093,0.0637,0.096
1779816506454,1,Pitching Mound.Drive,,Loading,pitch.0,335306,-5.5553,39.4299,103.9346,93.9415,-62.3469,29.3093,0.0637,0.096
1779816506454,1,Pitching Mound.Parent,,Loading,pitch.0,334497,-4.7032,39.9829,106.0078,95.4839,-62.86,31.5335,0.0624,0.0946
1779816506455,1,11.0000004b,Drive,Loading,pitch.0,335307,-5.0336,38.6153,102.5837,94.2087,-62.1406,28.3338,0.0643,0.0975
1779816506455,1,12.00000015,Lower Delivery,Loading,pitch.0,335031,-0.2581,-0.7,1.1534,-0.0982,0.0028,-0.0158,0.0,0.0
1779816506455,1,12.00000018,Upper Delivery,Loading,pitch.0,335588,1.0794,1.1887,0.7519,1.6021,-0.5953,1.7504,0.0,0.0
1779816506455,1,12.00000018,Upper Delivery,Loading,pitch.0,335587,1.1013,1.2279,0.8873,1.6594,-0.4348,1.8329,0.0,0.0
1779816506455,1,Pitching Mound.Delivery,,Loading,pitch.0,334791,0.8432,0.5279,2.0406,1.6517,-0.432,2.2793,0.0,0.0
1779816506455,1,Pitching Mound.Drive,,Loading,pitch.0,335307,-5.0336,38.6153,102.5837,94.2087,-62.1406,28.3338,0.0643,0.0975
1779816506455,1,Pitching Mound.Parent,,Loading,pitch.0,334498,-4.1904,39.1432,104.6243,95.8603,-62.5726,30.6131,0.0631,0.0965
1779816506456,1,11.0000004b,Drive,Loading,pitch.0,335308,-4.4292,37.7887,101.3493,93.2982,-62.6264,27.4146,0.0656,0.0977
1779816506456,1,12.00000015,Lower Delivery,Loading,pitch.0,335032,-0.2462,-0.6954,1.2114,-0.0953,0.0026,-0.0165,0.0,0.0
1779816506456,1,Pitching Mound.Delivery,,Loading,pitch.0,334792,0.8332,0.4934,1.9634,1.663,-0.5928,2.1846,0.0,0.0
1779816506456,1,Pitching Mound.Drive,,Loading,pitch.0,335308,-4.4292,37.7887,101.3493,93.2982,-62.6264,27.4146,0.0656,0.0977
1779816506456,1,Pitching Mound.Parent,,Loading,pitch.0,334499,-3.596,38.282,103.3127,94.9613,-63.2192,29.5992,0.0644,0.0974
1779816506457,1,11.0000004b,Drive,Loading,pitch.0,335309,-4.0393,36.9014,100.154,91.7454,-62.423,26.2146,0.0662,0.0972
1779816506457,1,12.00000015,Lower Delivery,Loading,pitch.0,335034,-0.2179,-0.6933,1.3118,-0.0928,-0.0101,-0.0172,0.0,0.0
1779816506457,1,12.00000015,Lower Delivery,Loading,pitch.0,335033,-0.2474,-0.6939,1.3687,-0.0945,-0.0038,-0.0167,0.0,0.0
1779816506457,1,12.00000018,Upper Delivery,Loading,pitch.0,335589,1.1041,1.2513,0.7049,1.522,-0.5088,1.779,0.0,0.0
1779816506457,1,Pitching Mound.Delivery,,Loading,pitch.0,334793,0.8566,0.5574,2.0736,1.6532,-0.5126,2.2217,0.0,0.0
1779816506457,1,Pitching Mound.Drive,,Loading,pitch.0,335309,-4.0393,36.9014,100.154,91.7454,-62.423,26.2146,0.0662,0.0972
1779816506457,1,Pitching Mound.Parent,,Loading,pitch.0,334500,-3.1827,37.4588,102.2276,93.3987,-62.9356,28.4363,0.0648,0.0975
1779816506458,1,11.0000004b,Drive,Loading,pitch.0,335310,-3.5449,35.9886,98.4859,91.3611,-60.777,24.8841,0.0655,0.0985
1779816506458,1,12.00000018,Upper Delivery,Loading,pitch.0,335590,1.0463,1.2784,0.7267,1.4551,-0.5078,1.8029,0.0,0.0
1779816506458,1,Pitching Mound.Delivery,,Loading,pitch.0,334794,0.8284,0.5851,2.0385,1.5614,-0.5179,2.2156,0.0,0.0
1779816506458,1,Pitching Mound.Drive,,Loading,pitch.0,335310,-3.5449,35.9886,98.4859,91.3611,-60.777,24.8841,0.0655,0.0985
1779816506458,1,Pitching Mound.Parent,,Loading,pitch.0,334501,-2.7165,36.5737,100.5244,92.9225,-61.2948,27.0996,0.0642,0.0985
1779816506459,1,11.0000004b,Drive,Loading,pitch.0,335311,-2.9566,35.0809,97.1799,90.0958,-60.5412,23.6791,0.0661,0.0984
1779816506459,1,12.00000015,Lower Delivery,Loading,pitch.0,335035,-0.2387,-0.7114,1.4107,-0.0961,-0.0141,-0.0172,0.0,0.0
1779816506459,1,12.00000018,Upper Delivery,Loading,pitch.0,335591,1.0508,1.2535,0.6305,1.3274,-0.458,1.8194,0.0,0.0
1779816506459,1,12.00000018,Upper Delivery,Loading,pitch.0,335592,1.0468,1.2827,0.6357,1.2597,-0.3901,1.7776,0.0,0.0
1779816506459,1,Pitching Mound.Delivery,,Loading,pitch.0,334795,0.812,0.542,2.0413,1.4966,-0.4721,2.2407,0.0,0.0
1779816506459,1,Pitching Mound.Drive,,Loading,pitch.0,335311,-2.9566,35.0809,97.1799,90.0958,-60.5412,23.6791,0.0661,0.0984
1779816506459,1,Pitching Mound.Parent,,Loading,pitch.0,334502,-2.1445,35.6229,99.2212,91.5924,-61.0133,25.9198,0.0648,0.0991
1779816506460,1,11.0000004b,Drive,Loading,pitch.0,335312,-2.3003,34.0533,95.9661,89.6584,-59.3399,22.375,0.0656,0.0992
1779816506460,1,11.0000004b,Drive,Loading,pitch.0,335313,-1.8027,33.2057,94.7645,88.2063,-60.9939,21.1866,0.0683,0.0988
1779816506460,1,12.00000015,Lower Delivery,Loading,pitch.0,335036,-0.2277,-0.7125,1.4154,-0.1009,-0.027,-0.0184,0.0,0.0
1779816506460,1,12.00000015,Lower Delivery,Loading,pitch.0,335037,-0.2463,-0.6823,1.5398,-0.0951,-0.0188,-0.0189,0.0,0.0
1779816506460,1,Pitching Mound.Delivery,,Loading,pitch.0,334796,0.819,0.5702,2.0512,1.4239,-0.417,2.1926,0.0,0.0
1779816506460,1,Pitching Mound.Drive,,Loading,pitch.0,335312,-2.3003,34.0533,95.9661,89.6584,-59.3399,22.375,0.0656,0.0992
1779816506460,1,Pitching Mound.Drive,,Loading,pitch.0,335313,-1.8027,33.2057,94.7645,88.2063,-60.9939,21.1866,0.0683,0.0988
1779816506460,1,Pitching Mound.Parent,,Loading,pitch.0,334503,-1.4812,34.6235,98.0172,91.0823,-59.7569,24.5676,0.0643,0.0998
1779816506461,1,11.0000004b,Drive,Loading,pitch.0,335314,-1.0708,32.3917,92.8527,87.8871,-59.1253,20.1681,0.0676,0.1005
1779816506461,1,12.00000015,Lower Delivery,Loading,pitch.0,335038,-0.253,-0.6838,1.5511,-0.0935,-0.0278,-0.02,0.0,0.0
1779816506461,1,12.00000018,Upper Delivery,Loading,pitch.0,335593,1.0519,1.264,0.5968,1.2954,-0.4334,1.7468,0.0,0.0
1779816506461,1,Pitching Mound.Delivery,,Loading,pitch.0,334797,0.8056,0.5818,2.1366,1.5209,-0.4522,2.1692,0.0,0.0
1779816506461,1,Pitching Mound.Drive,,Loading,pitch.0,335314,-1.0708,32.3917,92.8527,87.8871,-59.1253,20.1681,0.0676,0.1005
1779816506461,1,Pitching Mound.Parent,,Loading,pitch.0,334504,-0.9971,33.7875,96.9011,89.7272,-61.4461,23.3559,0.0668,0.0999
1779816506462,1,11.0000004b,Drive,Loading,pitch.0,335315,-0.4408,31.2866,92.1404,87.1751,-59.6354,18.9684,0.0687,0.1004
1779816506462,1,12.00000015,Lower Delivery,Loading,pitch.0,335039,-0.2551,-0.698,1.6186,-0.0951,-0.0278,-0.0206,0.0,0.0
1779816506462,1,12.00000018,Upper Delivery,Loading,pitch.0,335594,1.0506,1.2563,0.7176,1.3495,-0.3699,1.7305,0.0,0.0
1779816506462,1,Pitching Mound.Delivery,,Loading,pitch.0,334798,0.7976,0.5725,2.2687,1.5395,-0.3977,2.1537,0.0,0.0
1779816506462,1,Pitching Mound.Drive,,Loading,pitch.0,335315,-0.4408,31.2866,92.1404,87.1751,-59.6354,18.9684,0.0687,0.1004
1779816506462,1,Pitching Mound.Parent,,Loading,pitch.0,334505,-0.2731,32.9643,95.1215,89.4266,-59.5231,22.3219,0.066,0.1011
1779816506463,1,11.0000004b,Drive,Loading,pitch.0,335316,0.0141,30.4824,91.2217,86.6877,-58.7813,17.7026,0.0684,0.1009
1779816506463,1,12.00000015,Lower Delivery,Loading,pitch.0,335040,-0.2545,-0.7345,1.5867,-0.0932,-0.0158,-0.0195,0.0,0.0
1779816506463,1,12.00000018,Upper Delivery,Loading,pitch.0,335595,1.0335,1.3069,0.6811,1.4062,-0.3858,1.708,0.0,0.0
1779816506463,1,12.00000018,Upper Delivery,Loading,pitch.0,335596,1.0656,1.2846,0.6785,1.4705,-0.4539,1.7017,0.0,0.0
1779816506463,1,Pitching Mound.Delivery,,Loading,pitch.0,334799,0.7784,0.6089,2.2997,1.6298,-0.4136,2.1255,0.0,0.0
1779816506463,1,Pitching Mound.Delivery,,Loading,pitch.0,334800,0.8111,0.5501,2.2652,1.686,-0.4697,2.1311,0.0,0.0
1779816506463,1,Pitching Mound.Drive,,Loading,pitch.0,335316,0.0141,30.4824,91.2217,86.6877,-58.7813,17.7026,0.0684,0.1009
1779816506463,1,Pitching Mound.Parent,,Loading,pitch.0,334506,0.3375,31.8955,94.4402,88.805,-60.0489,21.0939,0.067,0.1014
1779816506463,1,Pitching Mound.Parent,,Loading,pitch.0,334507,0.8251,31.0325,93.4869,88.3737,-59.251,19.8337,0.0668,0.1017
1779816506464,1,12.00000015,Lower Delivery,Loading,pitch.0,335041,-0.2736,-0.7252,1.5798,-0.0934,-0.0172,-0.0198,0.0,0.0
1779816506465,1,11.0000004b,Drive,Loading,pitch.0,335317,0.6388,29.5153,89.6182,86.0136,-58.4631,16.3781,0.0693,0.1019
1779816506465,1,12.00000015,Lower Delivery,Loading,pitch.0,335042,-0.2954,-0.751,1.5444,-0.0904,-0.0156,-0.0176,0.0,0.0
1779816506465,1,12.00000018,Upper Delivery,Loading,pitch.0,335597,1.0862,1.287,0.6909,1.4801,-0.4238,1.7078,0.0,0.0
1779816506465,1,Pitching Mound.Delivery,,Loading,pitch.0,334801,0.8126,0.5618,2.2706,1.6889,-0.441,2.1503,0.0,0.0
1779816506465,1,Pitching Mound.Drive,,Loading,pitch.0,335317,0.6388,29.5153,89.6182,86.0136,-58.4631,16.3781,0.0693,0.1019
1779816506465,1,Pitching Mound.Parent,,Loading,pitch.0,334508,1.4515,30.0772,91.8888,87.7025,-58.9041,18.5285,0.0675,0.1027
1779816506466,1,11.0000004b,Drive,Loading,pitch.0,335319,1.9277,27.654,87.7724,85.5008,-58.8281,13.924,0.0712,0.1034
1779816506466,1,11.0000004b,Drive,Loading,pitch.0,335318,1.5175,28.3271,87.6672,84.1514,-59.4918,14.3008,0.072,0.1019
1779816506466,1,12.00000015,Lower Delivery,Loading,pitch.0,335043,-0.3074,-0.7821,1.4431,-0.0833,-0.0068,-0.0175,0.0,0.0
1779816506466,1,12.00000018,Upper Delivery,Loading,pitch.0,335598,1.0911,1.2874,0.694,1.289,-0.2031,1.6701,0.0,0.0
1779816506466,1,12.00000018,Upper Delivery,Loading,pitch.0,335599,1.0684,1.277,0.8019,1.4897,-0.3384,1.643,0.0,0.0
1779816506466,1,Pitching Mound.Delivery,,Loading,pitch.0,334802,0.7958,0.5364,2.2385,1.4877,-0.2187,2.124,0.0,0.0
1779816506466,1,Pitching Mound.Delivery,,Loading,pitch.0,334803,0.761,0.4948,2.245,1.6244,-0.3452,2.0933,0.0,0.0
1779816506466,1,Pitching Mound.Drive,,Loading,pitch.0,335319,1.9277,27.654,87.7724,85.5008,-58.8281,13.924,0.0712,0.1034
1779816506466,1,Pitching Mound.Drive,,Loading,pitch.0,335318,1.5175,28.3271,87.6672,84.1514,-59.4918,14.3008,0.072,0.1019
1779816506466,1,Pitching Mound.Parent,,Loading,pitch.0,334509,2.3133,28.8635,89.9056,85.6391,-59.7106,16.4248,0.0702,0.1026
1779816506466,1,Pitching Mound.Parent,,Loading,pitch.0,334510,2.6887,28.1488,90.0174,87.1252,-59.1733,16.0173,0.0694,0.1033
1779816506467,1,11.0000004b,Drive,Loading,pitch.0,335320,2.569,26.6812,85.9856,83.7244,-56.7522,11.9761,0.0701,0.1034
1779816506467,1,12.00000018,Upper Delivery,Loading,pitch.0,335600,1.1158,1.1814,0.7754,1.4736,-0.4686,1.6582,0.0,0.0
1779816506467,1,Pitching Mound.Drive,,Loading,pitch.0,335320,2.569,26.6812,85.9856,83.7244,-56.7522,11.9761,0.0701,0.1034
1779816506468,1,11.0000004b,Drive,Loading,pitch.0,335321,3.3147,25.7269,85.5902,83.3608,-55.6591,10.4954,0.069,0.1034
1779816506468,1,12.00000015,Lower Delivery,Loading,pitch.0,335045,-0.3251,-0.7934,1.4174,-0.0779,0.0121,-0.013,0.0,0.0
1779816506468,1,12.00000015,Lower Delivery,Loading,pitch.0,335044,-0.3251,-0.7739,1.4037,-0.0832,-0.0024,-0.0156,0.0,0.0
1779816506468,1,12.00000018,Upper Delivery,Loading,pitch.0,335601,1.138,1.1976,0.8335,1.54,-0.4946,1.602,0.0,0.0
1779816506468,1,Pitching Mound.Delivery,,Loading,pitch.0,334804,0.7906,0.4075,2.1791,1.604,-0.471,2.1325,0.0,0.0
1779816506468,1,Pitching Mound.Delivery,,Loading,pitch.0,334805,0.8129,0.4042,2.2509,1.6606,-0.4825,2.0865,0.0,0.0
1779816506468,1,Pitching Mound.Drive,,Loading,pitch.0,335321,3.3147,25.7269,85.5902,83.3608,-55.6591,10.4954,0.069,0.1034
1779816506468,1,Pitching Mound.Parent,,Loading,pitch.0,334511,3.3597,27.0887,88.1647,85.3284,-57.2232,14.1086,0.0683,0.1032
1779816506468,1,Pitching Mound.Parent,,Loading,pitch.0,334512,4.1276,26.1311,87.8411,85.0213,-56.1416,12.5818,0.0673,0.103
1779816506469,1,11.0000004b,Drive,Loading,pitch.0,335322,4.0563,24.7858,84.5605,82.9576,-55.5142,8.9271,0.0697,0.1042
1779816506469,1,12.00000015,Lower Delivery,Loading,pitch.0,335046,-0.3065,-0.7627,1.4231,-0.0729,0.018,-0.0119,0.0,0.0
1779816506469,1,12.00000018,Upper Delivery,Loading,pitch.0,335602,1.1377,1.1232,0.7567,1.5409,-0.5994,1.6404,0.0,0.0
1779816506469,1,Pitching Mound.Delivery,,Loading,pitch.0,334806,0.8312,0.3605,2.1798,1.6946,-0.5814,2.1196,0.0,0.0
1779816506469,1,Pitching Mound.Drive,,Loading,pitch.0,335322,4.0563,24.7858,84.5605,82.9576,-55.5142,8.9271,0.0697,0.1042
1779816506469,1,Pitching Mound.Parent,,Loading,pitch.0,334513,4.8875,25.1463,86.7403,84.6522,-56.0957,11.0466,0.0679,0.1041
1779816506470,1,11.0000004b,Drive,Loading,pitch.0,335323,4.6057,23.9197,82.774,81.9084,-53.4533,7.4651,0.0686,0.1051
1779816506470,1,12.00000015,Lower Delivery,Loading,pitch.0,335047,-0.3126,-0.7513,1.4017,-0.0743,0.0283,-0.0096,0.0,0.0
1779816506470,1,12.00000018,Upper Delivery,Loading,pitch.0,335603,1.1521,1.0942,0.7571,1.5038,-0.6826,1.6475,0.0,0.0
1779816506470,1,Pitching Mound.Delivery,,Loading,pitch.0,334807,0.8395,0.3429,2.1588,1.6487,-0.6543,2.1359,0.0,0.0
1779816506470,1,Pitching Mound.Drive,,Loading,pitch.0,335323,4.6057,23.9197,82.774,81.9084,-53.4533,7.4651,0.0686,0.1051
1779816506470,1,Pitching Mound.Parent,,Loading,pitch.0,334514,5.4452,24.2626,84.9328,83.5571,-54.1076,9.601,0.0668,0.105
1779816506471,1,11.0000004b,Drive,Loading,pitch.0,335324,5.3109,22.854,82.1515,81.4667,-52.5447,5.6953,0.0679,0.1053
1779816506471,1,12.00000015,Lower Delivery,Loading,pitch.0,335048,-0.3087,-0.7393,1.3513,-0.0806,0.0364,-0.0106,0.0,0.0
1779816506471,1,12.00000018,Upper Delivery,Loading,pitch.0,335604,1.1948,1.0637,0.7057,1.548,-0.7218,1.6686,0.0,0.0
1779816506471,1,Pitching Mound.Delivery,,Loading,pitch.0,334808,0.8861,0.3244,2.057,1.6869,-0.6854,2.1692,0.0,0.0
1779816506471,1,Pitching Mound.Drive,,Loading,pitch.0,335324,5.3109,22.854,82.1515,81.4667,-52.5447,5.6953,0.0679,0.1053
1779816506471,1,Pitching Mound.Parent,,Loading,pitch.0,334515,6.197,23.1784,84.2085,83.1536,-53.2301,7.8645,0.0662,0.1053
1779816506472,1,11.0000004b,Drive,Loading,pitch.0,335325,6.0945,21.8254,80.6105,80.929,-51.6233,4.354,0.068,0.1066
1779816506472,1,12.00000015,Lower Delivery,Loading,pitch.0,335049,-0.3052,-0.7316,1.2125,-0.09,0.0328,-0.0089,0.0,0.0
1779816506472,1,12.00000018,Upper Delivery,Loading,pitch.0,335605,1.1984,1.0624,0.6487,1.5447,-0.8942,1.651,0.0,0.0
1779816506472,1,Pitching Mound.Delivery,,Loading,pitch.0,334809,0.8932,0.3308,1.8612,1.6464,-0.8614,2.1533,0.0,0.0
1779816506472,1,Pitching Mound.Drive,,Loading,pitch.0,335325,6.0945,21.8254,80.6105,80.929,-51.6233,4.354,0.068,0.1066
1779816506472,1,Pitching Mound.Parent,,Loading,pitch.0,334516,6.9877,22.1562,82.4718,82.5754,-52.4846,6.5073,0.0665,0.1065
1779816506473,1,11.0000004b,Drive,Loading,pitch.0,335326,7.0832,20.4937,78.611,79.4096,-52.2923,2.2837,0.0706,0.1072
1779816506473,1,12.00000015,Lower Delivery,Loading,pitch.0,335050,-0.3037,-0.7109,1.2188,-0.0829,0.0413,-0.0113,0.0,0.0
1779816506473,1,12.00000018,Upper Delivery,Loading,pitch.0,335606,1.1668,1.0917,0.6478,1.4986,-0.8593,1.6487,0.0,0.0
1779816506473,1,Pitching Mound.Delivery,,Loading,pitch.0,334810,0.8631,0.3808,1.8666,1.6098,-0.818,2.1374,0.0,0.0
1779816506473,1,Pitching Mound.Drive,,Loading,pitch.0,335326,7.0832,20.4937,78.611,79.4096,-52.2923,2.2837,0.0706,0.1072
1779816506473,1,Pitching Mound.Parent,,Loading,pitch.0,334517,7.9463,20.8745,80.4777,81.0194,-53.1104,4.4211,0.069,0.1072
1779816506474,1,11.0000004b,Drive,Loading,pitch.0,335327,7.5631,19.6905,78.86,80.652,-51.8365,1.4809,0.0698,0.1086
1779816506474,1,12.00000018,Upper Delivery,Loading,pitch.0,335607,1.1696,1.0769,0.6142,1.3922,-0.8094,1.6332,0.0,0.0
1779816506474,1,Pitching Mound.Drive,,Loading,pitch.0,335327,7.5631,19.6905,78.86,80.652,-51.8365,1.4809,0.0698,0.1086
1779816506475,1,11.0000004b,Drive,Loading,pitch.0,335328,8.1611,18.6163,76.9742,79.6993,-49.5562,0.1741,0.0683,0.1099
1779816506475,1,12.00000015,Lower Delivery,Loading,pitch.0,335051,-0.2982,-0.6989,1.2691,-0.0851,0.0409,-0.0085,0.0,0.0
1779816506475,1,12.00000015,Lower Delivery,Loading,pitch.0,335052,-0.2677,-0.7114,1.2802,-0.0945,0.0328,-0.0059,0.0,0.0
1779816506475,1,12.00000018,Upper Delivery,Loading,pitch.0,335608,1.1517,1.0966,0.5963,1.5152,-0.8355,1.6061,0.0,0.0
1779816506475,1,Pitching Mound.Delivery,,Loading,pitch.0,334811,0.8714,0.378,1.8833,1.5298,-0.7685,2.1238,0.0,0.0
1779816506475,1,Pitching Mound.Delivery,,Loading,pitch.0,334812,0.884,0.3852,1.8765,1.6532,-0.8028,2.0828,0.0,0.0
1779816506475,1,Pitching Mound.Drive,,Loading,pitch.0,335328,8.1611,18.6163,76.9742,79.6993,-49.5562,0.1741,0.0683,0.1099
1779816506475,1,Pitching Mound.Parent,,Loading,pitch.0,334518,8.4345,20.0685,80.7433,82.1818,-52.605,3.6046,0.0682,0.1088
1779816506475,1,Pitching Mound.Parent,,Loading,pitch.0,334519,9.0451,19.0015,78.8507,81.3525,-50.359,2.2569,0.0667,0.1103
1779816506476,1,11.0000004b,Drive,Loading,pitch.0,335329,8.8645,17.59,76.2738,78.8116,-49.5455,-1.8997,0.069,0.1097
1779816506476,1,12.00000015,Lower Delivery,Loading,pitch.0,335053,-0.2716,-0.6988,1.2423,-0.1003,0.0318,-0.0085,0.0,0.0
1779816506476,1,12.00000018,Upper Delivery,Loading,pitch.0,335609,1.1521,1.1064,0.4922,1.4975,-0.918,1.6474,0.0,0.0
1779816506476,1,Pitching Mound.Delivery,,Loading,pitch.0,334813,0.8805,0.4076,1.7346,1.6523,-0.8862,2.123,0.0,0.0
1779816506476,1,Pitching Mound.Drive,,Loading,pitch.0,335329,8.8645,17.59,76.2738,78.8116,-49.5455,-1.8997,0.069,0.1097
1779816506476,1,Pitching Mound.Parent,,Loading,pitch.0,334520,9.745,17.9976,78.0084,80.4639,-50.4317,0.2233,0.0674,0.1105
1779816506477,1,11.0000004b,Drive,Loading,pitch.0,335330,9.4338,16.5384,75.0294,78.2278,-47.4437,-3.6434,0.0671,0.1107
1779816506477,1,12.00000015,Lower Delivery,Loading,pitch.0,335054,-0.261,-0.6793,1.2814,-0.1058,0.0198,-0.0048,0.0,0.0
1779816506477,1,12.00000018,Upper Delivery,Loading,pitch.0,335610,1.1442,1.082,0.4162,1.5242,-1.0449,1.6405,0.0,0.0
1779816506477,1,Pitching Mound.Delivery,,Loading,pitch.0,334814,0.8832,0.4027,1.6976,1.7126,-1.0252,2.1135,0.0,0.0
1779816506477,1,Pitching Mound.Drive,,Loading,pitch.0,335330,9.4338,16.5384,75.0294,78.2278,-47.4437,-3.6434,0.0671,0.1107
1779816506477,1,Pitching Mound.Parent,,Loading,pitch.0,334521,10.317,16.941,76.7271,79.9404,-48.4689,-1.5298,0.0656,0.1121
1779816506478,1,11.0000004b,Drive,Loading,pitch.0,335331,10.0723,15.4382,74.5656,77.6581,-47.373,-5.2495,0.0674,0.1106
1779816506478,1,12.00000015,Lower Delivery,Loading,pitch.0,335055,-0.2432,-0.719,1.3972,-0.1015,0.0053,-0.0006,0.0,0.0
1779816506478,1,12.00000018,Upper Delivery,Loading,pitch.0,335611,1.1365,1.0946,0.4279,1.5407,-1.0392,1.6224,0.0,0.0
1779816506478,1,Pitching Mound.Delivery,,Loading,pitch.0,334815,0.8932,0.3756,1.8251,1.7688,-1.0338,2.0909,0.0,0.0
1779816506478,1,Pitching Mound.Drive,,Loading,pitch.0,335331,10.0723,15.4382,74.5656,77.6581,-47.373,-5.2495,0.0674,0.1106
1779816506478,1,Pitching Mound.Parent,,Loading,pitch.0,334522,10.9655,15.8138,76.3907,79.4269,-48.4069,-3.1586,0.0658,0.1122
1779816506479,1,11.0000004b,Drive,Loading,pitch.0,335332,10.7148,14.5863,73.1944,76.9103,-46.1115,-6.631,0.0669,0.1116
1779816506479,1,12.00000015,Lower Delivery,Loading,pitch.0,335056,-0.2357,-0.6988,1.3434,-0.1029,-0.0011,-0.0111,0.0,0.0
1779816506479,1,Pitching Mound.Drive,,Loading,pitch.0,335332,10.7148,14.5863,73.1944,76.9103,-46.1115,-6.631,0.0669,0.1116
1779816506480,1,11.0000004b,Drive,Loading,pitch.0,335333,11.2722,13.6144,72.6538,75.3006,-45.0777,-8.1026,0.0659,0.11
1779816506480,1,12.00000015,Lower Delivery,Loading,pitch.0,335057,-0.2307,-0.6945,1.2776,-0.1043,-0.014,-0.0055,0.0,0.0
1779816506480,1,12.00000018,Upper Delivery,Loading,pitch.0,335612,1.0975,1.0635,0.4102,1.4378,-0.9933,1.6299,0.0,0.0
1779816506480,1,12.00000018,Upper Delivery,Loading,pitch.0,335613,1.1038,1.0361,0.4397,1.571,-1.1019,1.6564,0.0,0.0
1779816506480,1,Pitching Mound.Delivery,,Loading,pitch.0,334816,0.8618,0.3647,1.7537,1.6521,-0.9944,2.0721,0.0,0.0
1779816506480,1,Pitching Mound.Delivery,,Loading,pitch.0,334817,0.8731,0.3416,1.7172,1.7516,-1.1159,2.1046,0.0,0.0
1779816506480,1,Pitching Mound.Drive,,Loading,pitch.0,335333,11.2722,13.6144,72.6538,75.3006,-45.0777,-8.1026,0.0659,0.11
1779816506480,1,Pitching Mound.Parent,,Loading,pitch.0,334524,12.1453,13.956,74.371,77.0522,-46.1936,-5.998,0.0643,0.1113
1779816506480,1,Pitching Mound.Parent,,Loading,pitch.0,334523,11.5766,14.951,74.9481,78.5624,-47.1059,-4.5589,0.0653,0.1132
1779816506481,1,11.0000004b,Drive,Loading,pitch.0,335334,12.0955,12.4061,72.017,72.5606,-44.1653,-10.2973,0.0651,0.107
1779816506481,1,12.00000015,Lower Delivery,Loading,pitch.0,335058,-0.2366,-0.7025,1.2838,-0.1104,-0.0173,-0.011,0.0,0.0
1779816506481,1,12.00000018,Upper Delivery,Loading,pitch.0,335614,1.0999,1.0849,0.4893,1.4853,-1.0917,1.6174,0.0,0.0
1779816506481,1,Pitching Mound.Delivery,,Loading,pitch.0,334818,0.8633,0.3824,1.7731,1.645,-1.109,2.0607,0.0,0.0
1779816506481,1,Pitching Mound.Drive,,Loading,pitch.0,335334,12.0955,12.4061,72.017,72.5606,-44.1653,-10.2973,0.0651,0.107
1779816506481,1,Pitching Mound.Parent,,Loading,pitch.0,334525,12.9588,12.7885,73.7901,74.2056,-45.2743,-8.2366,0.0635,0.1081
1779816506482,1,11.0000004b,Drive,Loading,pitch.0,335335,12.5694,11.7701,70.4768,73.5559,-42.7217,-11.0219,0.0644,0.1108
1779816506482,1,12.00000015,Lower Delivery,Loading,pitch.0,335059,-0.2307,-0.7058,1.3726,-0.1123,-0.0268,-0.0031,0.0,0.0
1779816506482,1,12.00000018,Upper Delivery,Loading,pitch.0,335615,1.0947,1.0656,0.4791,1.4219,-1.0326,1.6588,0.0,0.0
1779816506482,1,Pitching Mound.Delivery,,Loading,pitch.0,334819,0.864,0.3598,1.8517,1.6134,-1.0594,2.1063,0.0,0.0
1779816506482,1,Pitching Mound.Drive,,Loading,pitch.0,335335,12.5694,11.7701,70.4768,73.5559,-42.7217,-11.0219,0.0644,0.1108
1779816506482,1,Pitching Mound.Parent,,Loading,pitch.0,334526,13.4334,12.1299,72.3285,75.1692,-43.7811,-8.9156,0.0627,0.1122
1779816506483,1,12.00000015,Lower Delivery,Loading,pitch.0,335060,-0.2415,-0.7168,1.2639,-0.1112,-0.0233,-0.0099,0.0,0.0
1779816506483,1,12.00000018,Upper Delivery,Loading,pitch.0,335616,1.1119,1.0603,0.5269,1.4134,-0.8442,1.6752,0.0,0.0
1779816506483,1,Pitching Mound.Delivery,,Loading,pitch.0,334820,0.8704,0.3435,1.7908,1.5528,-0.8675,2.1255,0.0,0.0
1779816506484,1,11.0000004b,Drive,Loading,pitch.0,335336,13.3079,10.5103,70.7892,72.5571,-42.1957,-13.3262,0.0633,0.1088
1779816506484,1,12.00000015,Lower Delivery,Loading,pitch.0,335061,-0.2526,-0.7252,1.2415,-0.1074,-0.0236,-0.0102,0.0,0.0
1779816506484,1,12.00000018,Upper Delivery,Loading,pitch.0,335617,1.1106,1.0811,0.526,1.3252,-0.7895,1.6402,0.0,0.0
1779816506484,1,Pitching Mound.Delivery,,Loading,pitch.0,334821,0.858,0.3559,1.7675,1.4611,-0.8131,2.0936,0.0,0.0
1779816506484,1,Pitching Mound.Drive,,Loading,pitch.0,335336,13.3079,10.5103,70.7892,72.5571,-42.1957,-13.3262,0.0633,0.1088
1779816506484,1,Pitching Mound.Parent,,Loading,pitch.0,334527,14.1783,10.8538,72.5799,74.1099,-43.0632,-11.2007,0.0617,0.1096
1779816506485,1,11.0000004b,Drive,Loading,pitch.0,335337,13.9578,9.714,70.2739,71.9404,-41.1146,-14.7288,0.0621,0.1087
1779816506485,1,12.00000015,Lower Delivery,Loading,pitch.0,335062,-0.273,-0.7253,1.2475,-0.1027,-0.0247,-0.0116,0.0,0.0
1779816506485,1,12.00000018,Upper Delivery,Loading,pitch.0,335618,1.1422,1.0387,0.4723,1.3132,-0.8185,1.6162,0.0,0.0
1779816506485,1,Pitching Mound.Delivery,,Loading,pitch.0,334822,0.8693,0.3134,1.7199,1.4741,-0.8432,2.0857,0.0,0.0
1779816506485,1,Pitching Mound.Drive,,Loading,pitch.0,335337,13.9578,9.714,70.2739,71.9404,-41.1146,-14.7288,0.0621,0.1087
1779816506485,1,Pitching Mound.Parent,,Loading,pitch.0,334528,14.8158,10.0699,72.0414,73.4015,-41.9278,-12.6352,0.0606,0.1094
1779816506486,1,11.0000004b,Drive,Loading,pitch.0,335338,14.4733,8.9838,69.0608,70.3508,-39.9118,-16.1978,0.0614,0.1081
1779816506486,1,12.00000015,Lower Delivery,Loading,pitch.0,335063,-0.2752,-0.7428,1.2042,-0.1033,-0.0287,-0.0117,0.0,0.0
1779816506486,1,12.00000018,Upper Delivery,Loading,pitch.0,335619,1.1367,1.0145,0.5096,1.4101,-0.826,1.6173,0.0,0.0
1779816506486,1,Pitching Mound.Delivery,,Loading,pitch.0,334823,0.8616,0.2716,1.7138,1.543,-0.8547,2.0857,0.0,0.0
1779816506486,1,Pitching Mound.Drive,,Loading,pitch.0,335338,14.4733,8.9838,69.0608,70.3508,-39.9118,-16.1978,0.0614,0.1081
1779816506486,1,Pitching Mound.Parent,,Loading,pitch.0,334529,15.3425,9.2972,70.7806,71.8249,-40.755,-14.112,0.0599,0.1092
1779816506487,1,11.0000004b,Drive,Loading,pitch.0,335340,15.5594,7.2616,68.0167,68.1464,-39.1871,-18.8095,0.0612,0.1064
1779816506487,1,11.0000004b,Drive,Loading,pitch.0,335339,15.0088,8.1137,68.9521,69.4127,-39.905,-17.6428,0.0614,0.1069
1779816506487,1,12.00000015,Lower Delivery,Loading,pitch.0,335064,-0.2726,-0.76,1.271,-0.0961,-0.0282,-0.0119,0.0,0.0
1779816506487,1,12.00000018,Upper Delivery,Loading,pitch.0,335620,1.169,0.9876,0.4994,1.3112,-0.7132,1.6175,0.0,0.0
1779816506487,1,Pitching Mound.Delivery,,Loading,pitch.0,334824,0.8964,0.2276,1.7703,1.4774,-0.7413,2.0957,0.0,0.0
1779816506487,1,Pitching Mound.Drive,,Loading,pitch.0,335340,15.5594,7.2616,68.0167,68.1464,-39.1871,-18.8095,0.0612,0.1064
1779816506487,1,Pitching Mound.Drive,,Loading,pitch.0,335339,15.0088,8.1137,68.9521,69.4127,-39.905,-17.6428,0.0614,0.1069
1779816506487,1,Pitching Mound.Parent,,Loading,pitch.0,334531,16.4558,7.4892,69.787,69.6239,-39.9285,-16.7138,0.0596,0.1074
1779816506487,1,Pitching Mound.Parent,,Loading,pitch.0,334530,15.8704,8.3853,70.6658,70.9556,-40.7597,-15.5571,0.06,0.1076
1779816506488,1,12.00000015,Lower Delivery,Loading,pitch.0,335065,-0.2601,-0.7665,1.1641,-0.092,-0.0247,-0.0124,0.0,0.0
1779816506488,1,12.00000018,Upper Delivery,Loading,pitch.0,335621,1.1756,1.0438,0.5548,1.3471,-0.8853,1.6331,0.0,0.0
1779816506488,1,Pitching Mound.Delivery,,Loading,pitch.0,334825,0.9155,0.2773,1.7189,1.4623,-0.9101,2.1089,0.0,0.0
1779816506489,1,11.0000004b,Drive,Loading,pitch.0,335341,16.1852,6.7796,66.8853,67.9225,-38.6731,-20.3163,0.0614,0.1078
1779816506489,1,11.0000004b,Drive,Loading,pitch.0,335342,16.8439,5.9447,66.0191,67.2644,-38.09,-21.7186,0.0613,0.1082
1779816506489,1,12.00000015,Lower Delivery,Loading,pitch.0,335066,-0.2454,-0.767,1.1557,-0.0875,-0.0223,-0.0124,0.0,0.0
1779816506489,1,12.00000018,Upper Delivery,Loading,pitch.0,335622,1.1602,1.055,0.6289,1.3412,-0.8284,1.678,0.0,0.0
1779816506489,1,Pitching Mound.Delivery,,Loading,pitch.0,334826,0.9148,0.288,1.7846,1.4328,-0.8507,2.1436,0.0,0.0
1779816506489,1,Pitching Mound.Drive,,Loading,pitch.0,335341,16.1852,6.7796,66.8853,67.9225,-38.6731,-20.3163,0.0614,0.1078
1779816506489,1,Pitching Mound.Drive,,Loading,pitch.0,335342,16.8439,5.9447,66.0191,67.2644,-38.09,-21.7186,0.0613,0.1082
1779816506489,1,Pitching Mound.Parent,,Loading,pitch.0,334533,17.7587,6.2327,67.8037,68.6971,-38.9407,-19.575,0.0596,0.108
1779816506489,1,Pitching Mound.Parent,,Loading,pitch.0,334532,17.1007,7.0569,68.6042,69.3849,-39.5832,-18.2074,0.0598,0.1081
1779816506490,1,11.0000004b,Drive,Loading,pitch.0,335343,17.3836,5.0641,65.1738,67.0616,-37.1879,-23.2863,0.0606,0.1092
1779816506490,1,12.00000015,Lower Delivery,Loading,pitch.0,335067,-0.2608,-0.7606,1.0788,-0.0863,-0.0207,-0.0128,0.0,0.0
1779816506490,1,12.00000018,Upper Delivery,Loading,pitch.0,335623,1.1862,1.0098,0.5798,1.2823,-0.801,1.667,0.0,0.0
1779816506490,1,Pitching Mound.Delivery,,Loading,pitch.0,334827,0.9254,0.2492,1.6586,1.3656,-0.8217,2.1461,0.0,0.0
1779816506490,1,Pitching Mound.Drive,,Loading,pitch.0,335343,17.3836,5.0641,65.1738,67.0616,-37.1879,-23.2863,0.0606,0.1092
1779816506490,1,Pitching Mound.Parent,,Loading,pitch.0,334534,18.309,5.3133,66.8324,68.4272,-38.0096,-21.1402,0.0591,0.1091
1779816506491,1,11.0000004b,Drive,Loading,pitch.0,335344,17.9672,4.3748,64.0674,65.9432,-36.8984,-24.6503,0.0611,0.1093
1779816506491,1,12.00000015,Lower Delivery,Loading,pitch.0,335068,-0.2363,-0.7758,1.093,-0.0833,-0.0161,-0.012,0.0,0.0
1779816506491,1,12.00000018,Upper Delivery,Loading,pitch.0,335624,1.1813,1.0381,0.5581,1.0793,-0.5979,1.6194,0.0,0.0
1779816506491,1,Pitching Mound.Delivery,,Loading,pitch.0,334828,0.9451,0.2622,1.6512,1.1778,-0.614,2.0894,0.0,0.0
1779816506491,1,Pitching Mound.Drive,,Loading,pitch.0,335344,17.9672,4.3748,64.0674,65.9432,-36.8984,-24.6503,0.0611,0.1093
1779816506491,1,Pitching Mound.Parent,,Loading,pitch.0,334535,18.9123,4.637,65.7186,67.1211,-37.5124,-22.5609,0.0596,0.1093
1779816506492,1,11.0000004b,Drive,Loading,pitch.0,335345,18.6139,3.654,63.8824,65.9408,-36.7125,-25.797,0.061,0.1096
1779816506492,1,12.00000015,Lower Delivery,Loading,pitch.0,335069,-0.226,-0.7613,1.1515,-0.0811,-0.0122,-0.0107,0.0,0.0
1779816506492,1,12.00000018,Upper Delivery,Loading,pitch.0,335625,1.1862,1.0496,0.5047,1.1005,-0.6186,1.6219,0.0,0.0
1779816506492,1,Pitching Mound.Delivery,,Loading,pitch.0,334829,0.9601,0.2883,1.6562,1.2393,-0.6308,2.0913,0.0,0.0
1779816506492,1,Pitching Mound.Drive,,Loading,pitch.0,335345,18.6139,3.654,63.8824,65.9408,-36.7125,-25.797,0.061,0.1096
1779816506492,1,Pitching Mound.Parent,,Loading,pitch.0,334536,19.574,3.9423,65.5386,67.1801,-37.3434,-23.7056,0.0595,0.1102
1779816506493,1,11.0000004b,Drive,Loading,pitch.0,335346,19.1147,2.9114,62.9893,64.5629,-35.121,-26.9904,0.0592,0.1088
1779816506493,1,12.00000015,Lower Delivery,Loading,pitch.0,335070,-0.2324,-0.7739,1.1446,-0.0792,-0.012,-0.0098,0.0,0.0
1779816506493,1,12.00000018,Upper Delivery,Loading,pitch.0,335626,1.1515,1.0974,0.6078,1.186,-0.6848,1.6371,0.0,0.0
1779816506493,1,Pitching Mound.Delivery,,Loading,pitch.0,334830,0.9192,0.3235,1.7524,1.2893,-0.6969,2.0978,0.0,0.0
1779816506493,1,Pitching Mound.Drive,,Loading,pitch.0,335346,19.1147,2.9114,62.9893,64.5629,-35.121,-26.9904,0.0592,0.1088
1779816506493,1,Pitching Mound.Parent,,Loading,pitch.0,334537,20.0338,3.2349,64.7417,65.8522,-35.8178,-24.8926,0.0576,0.1087
1779816506494,1,11.0000004b,Drive,Loading,pitch.0,335347,19.6977,2.0029,63.6765,67.0161,-38.0392,-27.9576,0.0634,0.1117
1779816506494,1,12.00000015,Lower Delivery,Loading,pitch.0,335071,-0.227,-0.7676,1.2726,-0.0786,-0.0147,-0.0123,0.0,0.0
1779816506494,1,12.00000018,Upper Delivery,Loading,pitch.0,335627,1.1725,1.1186,0.5653,1.3668,-0.9313,1.5884,0.0,0.0
1779816506494,1,Pitching Mound.Delivery,,Loading,pitch.0,334831,0.9454,0.3509,1.8379,1.5287,-0.946,2.0519,0.0,0.0
1779816506494,1,Pitching Mound.Drive,,Loading,pitch.0,335347,19.6977,2.0029,63.6765,67.0161,-38.0392,-27.9576,0.0634,0.1117
1779816506494,1,Pitching Mound.Parent,,Loading,pitch.0,334538,20.6431,2.3539,65.5144,68.5448,-38.9852,-25.9057,0.0616,0.1123
1779816506495,1,11.0000004b,Drive,Loading,pitch.0,335348,20.2637,1.2928,62.0557,64.3654,-38.2872,-29.3954,0.0655,0.1101
1779816506495,1,12.00000015,Lower Delivery,Loading,pitch.0,335072,-0.224,-0.7615,1.1411,-0.0845,-0.0176,-0.0127,0.0,0.0
1779816506495,1,12.00000018,Upper Delivery,Loading,pitch.0,335628,1.1576,1.1224,0.5624,1.3096,-0.8208,1.6274,0.0,0.0
1779816506495,1,Pitching Mound.Delivery,,Loading,pitch.0,334832,0.9336,0.3609,1.7035,1.4219,-0.8384,2.0844,0.0,0.0
1779816506495,1,Pitching Mound.Drive,,Loading,pitch.0,335348,20.2637,1.2928,62.0557,64.3654,-38.2872,-29.3954,0.0655,0.1101
1779816506495,1,Pitching Mound.Parent,,Loading,pitch.0,334539,21.1973,1.6537,63.7592,65.7873,-39.1256,-27.311,0.0638,0.1103
1779816506496,1,11.0000004b,Drive,Loading,pitch.0,335349,20.7017,0.5793,62.2851,65.5867,-41.8396,-30.2773,0.0713,0.1118
1779816506496,1,12.00000015,Lower Delivery,Loading,pitch.0,335073,-0.2234,-0.7671,1.2217,-0.0969,-0.0207,-0.013,0.0,0.0
1779816506496,1,12.00000018,Upper Delivery,Loading,pitch.0,335629,1.1776,1.1568,0.6511,1.2203,-0.739,1.5882,0.0,0.0
1779816506496,1,Pitching Mound.Delivery,,Loading,pitch.0,334833,0.9542,0.3897,1.8728,1.3175,-0.7598,2.0515,0.0,0.0
1779816506496,1,Pitching Mound.Drive,,Loading,pitch.0,335349,20.7017,0.5793,62.2851,65.5867,-41.8396,-30.2773,0.0713,0.1118
1779816506496,1,Pitching Mound.Parent,,Loading,pitch.0,334540,21.6559,0.969,64.158,66.9042,-42.5993,-28.2258,0.0692,0.1116
1779816506497,1,11.0000004b,Drive,Loading,pitch.0,335350,21.0062,-0.065,60.5516,64.9468,-40.7333,-31.223,0.0714,0.1139
1779816506497,1,12.00000015,Lower Delivery,Loading,pitch.0,335074,-0.2226,-0.7535,1.187,-0.1058,-0.0186,-0.0141,0.0,0.0
1779816506497,1,12.00000018,Upper Delivery,Loading,pitch.0,335630,1.1918,1.1563,0.6445,1.2059,-0.7693,1.6188,0.0,0.0
1779816506497,1,Pitching Mound.Delivery,,Loading,pitch.0,334834,0.9692,0.4027,1.8315,1.2846,-0.7879,2.0856,0.0,0.0
1779816506497,1,Pitching Mound.Drive,,Loading,pitch.0,335350,21.0062,-0.065,60.5516,64.9468,-40.7333,-31.223,0.0714,0.1139
1779816506497,1,Pitching Mound.Parent,,Loading,pitch.0,334541,21.9753,0.3377,62.3831,66.2314,-41.5212,-29.1374,0.0693,0.1135
1779816506498,1,11.0000004b,Drive,Loading,pitch.0,335351,21.4344,-0.7595,58.9139,62.603,-42.0954,-32.7726,0.0759,0.1128
1779816506498,1,12.00000015,Lower Delivery,Loading,pitch.0,335075,-0.2346,-0.7459,1.1832,-0.1041,-0.0126,-0.0131,0.0,0.0
1779816506498,1,12.00000018,Upper Delivery,Loading,pitch.0,335631,1.1538,1.1694,0.6658,1.3514,-0.802,1.5547,0.0,0.0
1779816506498,1,Pitching Mound.Delivery,,Loading,pitch.0,334835,0.9192,0.4235,1.849,1.4232,-0.8146,2.0136,0.0,0.0
1779816506498,1,Pitching Mound.Drive,,Loading,pitch.0,335351,21.4344,-0.7595,58.9139,62.603,-42.0954,-32.7726,0.0759,0.1128
1779816506498,1,Pitching Mound.Parent,,Loading,pitch.0,334542,22.3536,-0.3359,60.7629,64.0262,-42.9099,-30.759,0.0735,0.1123
1779816506499,1,11.0000004b,Drive,Loading,pitch.0,335352,21.6875,-1.533,58.128,62.26,-42.4168,-33.4431,0.0775,0.1137
1779816506499,1,12.00000015,Lower Delivery,Loading,pitch.0,335076,-0.2427,-0.7472,1.1966,-0.107,-0.0078,-0.0131,0.0,0.0
1779816506499,1,12.00000018,Upper Delivery,Loading,pitch.0,335632,1.1782,1.1965,0.6962,1.3837,-0.7796,1.5176,0.0,0.0
1779816506499,1,Pitching Mound.Delivery,,Loading,pitch.0,334836,0.9355,0.4493,1.8928,1.4468,-0.7874,1.9876,0.0,0.0
1779816506499,1,Pitching Mound.Drive,,Loading,pitch.0,335352,21.6875,-1.533,58.128,62.26,-42.4168,-33.4431,0.0775,0.1137
1779816506499,1,Pitching Mound.Parent,,Loading,pitch.0,334543,22.623,-1.0837,60.0208,63.7068,-43.2043,-31.4555,0.075,0.113
1779816506500,1,11.0000004b,Drive,Loading,pitch.0,335353,21.757,-1.828,56.9054,62.69,-41.949,-33.9856,0.0783,0.117
1779816506500,1,12.00000015,Lower Delivery,Loading,pitch.0,335077,-0.2483,-0.7512,1.2012,-0.1114,-0.009,-0.0118,0.0,0.0
1779816506500,1,12.00000018,Upper Delivery,Loading,pitch.0,335633,1.1854,1.142,0.691,1.4903,-0.8071,1.455,0.0,0.0
1779816506500,1,Pitching Mound.Delivery,,Loading,pitch.0,334837,0.9371,0.3908,1.8922,1.5524,-0.8161,1.9306,0.0,0.0
1779816506500,1,Pitching Mound.Drive,,Loading,pitch.0,335353,21.757,-1.828,56.9054,62.69,-41.949,-33.9856,0.0783,0.117
1779816506500,1,Pitching Mound.Parent,,Loading,pitch.0,334544,22.6941,-1.4372,58.7977,64.2424,-42.7651,-32.055,0.0757,0.1161
1779816506501,1,11.0000004b,Drive,Loading,pitch.0,335354,22.0476,-2.5305,56.0764,60.338,-41.3475,-34.8647,0.0783,0.1142
1779816506501,1,12.00000015,Lower Delivery,Loading,pitch.0,335078,-0.2388,-0.7614,1.2244,-0.1107,-0.0062,-0.0071,0.0,0.0
1779816506501,1,12.00000018,Upper Delivery,Loading,pitch.0,335634,1.187,1.1665,0.6104,1.5222,-0.8346,1.4841,0.0,0.0
1779816506501,1,Pitching Mound.Delivery,,Loading,pitch.0,334838,0.9482,0.4052,1.8347,1.6203,-0.8408,1.9618,0.0,0.0
1779816506501,1,Pitching Mound.Drive,,Loading,pitch.0,335354,22.0476,-2.5305,56.0764,60.338,-41.3475,-34.8647,0.0783,0.1142
1779816506501,1,Pitching Mound.Parent,,Loading,pitch.0,334545,22.9958,-2.1254,57.9112,61.9583,-42.1883,-32.9029,0.0758,0.1142
1779816506502,1,11.0000004b,Drive,Loading,pitch.0,335355,22.0616,-2.84,55.0642,59.8891,-41.4553,-35.4128,0.0799,0.1155
1779816506502,1,12.00000015,Lower Delivery,Loading,pitch.0,335079,-0.2467,-0.7653,1.3166,-0.1082,-0.0119,-0.011,0.0,0.0
1779816506502,1,12.00000018,Upper Delivery,Loading,pitch.0,335635,1.2014,1.1221,0.6433,1.5394,-0.7999,1.4672,0.0,0.0
1779816506502,1,Pitching Mound.Delivery,,Loading,pitch.0,334839,0.9547,0.3568,1.9599,1.6601,-0.8118,1.9485,0.0,0.0
1779816506502,1,Pitching Mound.Drive,,Loading,pitch.0,335355,22.0616,-2.84,55.0642,59.8891,-41.4553,-35.4128,0.0799,0.1155
1779816506502,1,Pitching Mound.Parent,,Loading,pitch.0,334546,23.0162,-2.4832,57.0241,61.5492,-42.2671,-33.4643,0.0772,0.1155
1779816506503,1,11.0000004b,Drive,Loading,pitch.0,335356,22.0041,-3.3481,54.3669,60.2301,-43.5225,-35.5558,0.085,0.1176
1779816506503,1,12.00000015,Lower Delivery,Loading,pitch.0,335080,-0.2481,-0.7632,1.2047,-0.1095,-0.0146,-0.0143,0.0,0.0
1779816506503,1,12.00000018,Upper Delivery,Loading,pitch.0,335636,1.1896,1.1395,0.7753,1.6409,-0.7847,1.4179,0.0,0.0
1779816506503,1,Pitching Mound.Delivery,,Loading,pitch.0,334840,0.9415,0.3763,1.98,1.6774,-0.7993,1.8925,0.0,0.0
1779816506503,1,Pitching Mound.Drive,,Loading,pitch.0,335356,22.0041,-3.3481,54.3669,60.2301,-43.5225,-35.5558,0.085,0.1176
1779816506503,1,Pitching Mound.Parent,,Loading,pitch.0,334547,22.9456,-2.9718,56.3468,61.9075,-44.3217,-33.6633,0.082,0.1161
1779816506504,1,11.0000004b,Drive,Loading,pitch.0,335357,22.0472,-3.6667,53.6107,59.427,-42.0007,-36.2418,0.0832,0.1177
1779816506504,1,12.00000015,Lower Delivery,Loading,pitch.0,335081,-0.2551,-0.7536,1.2636,-0.1135,-0.0094,-0.0143,0.0,0.0
1779816506504,1,12.00000018,Upper Delivery,Loading,pitch.0,335637,1.2151,1.1473,0.7816,1.7601,-0.8737,1.32,0.0,0.0
1779816506504,1,Pitching Mound.Delivery,,Loading,pitch.0,334841,0.96,0.3936,2.0452,1.8105,-0.8831,1.8056,0.0,0.0
1779816506504,1,Pitching Mound.Drive,,Loading,pitch.0,335357,22.0472,-3.6667,53.6107,59.427,-42.0007,-36.2418,0.0832,0.1177
1779816506504,1,Pitching Mound.Parent,,Loading,pitch.0,334548,23.0072,-3.2731,55.6559,61.2375,-42.8838,-34.4362,0.0801,0.1163
1779816506505,1,11.0000004b,Drive,Loading,pitch.0,335358,22.006,-3.9772,52.5735,58.6571,-42.2736,-36.3581,0.0854,0.1184
1779816506505,1,12.00000015,Lower Delivery,Loading,pitch.0,335082,-0.2446,-0.7524,1.2662,-0.1122,-0.0134,-0.0161,0.0,0.0
1779816506505,1,12.00000018,Upper Delivery,Loading,pitch.0,335638,1.2251,1.1723,0.8778,2.2209,-0.7344,1.1647,0.0,0.0
1779816506505,1,Pitching Mound.Delivery,,Loading,pitch.0,334842,0.9805,0.4199,2.144,2.2407,-0.7478,1.6482,0.0,0.0
1779816506505,1,Pitching Mound.Drive,,Loading,pitch.0,335358,22.006,-3.9772,52.5735,58.6571,-42.2736,-36.3581,0.0854,0.1184
1779816506505,1,Pitching Mound.Parent,,Loading,pitch.0,334549,22.9865,-3.5573,54.7175,60.8978,-43.0214,-34.7099,0.082,0.1162
1779816506506,1,11.0000004b,Drive,Loading,pitch.0,335359,21.9939,-4.2866,51.8267,57.9528,-40.4794,-36.7559,0.0829,0.1187
1779816506506,1,12.00000015,Lower Delivery,Loading,pitch.0,335083,-0.2351,-0.7652,1.3918,-0.0894,0.0028,-0.0015,0.0,0.0
1779816506506,1,12.00000018,Upper Delivery,Loading,pitch.0,335639,1.2086,1.2352,0.9831,2.5521,-0.754,1.0488,0.0,0.0
1779816506506,1,Pitching Mound.Delivery,,Loading,pitch.0,334843,0.9735,0.4701,2.3749,2.6016,-0.7513,1.5381,0.0,0.0
1779816506506,1,Pitching Mound.Drive,,Loading,pitch.0,335359,21.9939,-4.2866,51.8267,57.9528,-40.4794,-36.7559,0.0829,0.1187
1779816506506,1,Pitching Mound.Parent,,Loading,pitch.0,334550,22.9674,-3.8166,54.2016,60.5545,-41.2307,-35.2178,0.0793,0.1161
1779816506507,1,11.0000004b,Drive,Loading,pitch.0,335360,21.9157,-4.578,51.2702,57.4906,-40.502,-36.8244,0.0839,0.119
1779816506507,1,12.00000015,Lower Delivery,Loading,pitch.0,335084,-0.2309,-0.7973,1.4583,-0.0405,0.0038,0.0991,0.0,0.0
1779816506507,1,12.00000018,Upper Delivery,Loading,pitch.0,335640,1.2213,1.3089,1.1366,2.9395,-0.9773,0.757,0.0,0.0
1779816506507,1,Pitching Mound.Delivery,,Loading,pitch.0,334844,0.9904,0.5116,2.5949,3.0084,-0.9735,1.3499,0.0,0.0
1779816506507,1,Pitching Mound.Drive,,Loading,pitch.0,335360,21.9157,-4.578,51.2702,57.4906,-40.502,-36.8244,0.0839,0.119
1779816506507,1,Pitching Mound.Parent,,Loading,pitch.0,334551,22.9061,-4.0664,53.8651,60.499,-41.4755,-35.4745,0.0798,0.1153
1779816506508,1,11.0000004b,Drive,Loading,pitch.0,335361,21.8212,-4.7839,50.5443,57.2684,-39.557,-36.9313,0.0831,0.1203
1779816506508,1,12.00000015,Lower Delivery,Loading,pitch.0,335085,-0.2226,-0.8714,1.5338,0.0542,0.0183,0.4433,0.0,0.0
1779816506508,1,12.00000018,Upper Delivery,Loading,pitch.0,335641,1.2498,1.3618,1.3301,3.2095,-1.2374,0.4423,0.0,0.0
1779816506508,1,Pitching Mound.Delivery,,Loading,pitch.0,334845,1.0272,0.4903,2.8639,3.3329,-1.219,1.3863,0.0,0.0
1779816506508,1,Pitching Mound.Drive,,Loading,pitch.0,335361,21.8212,-4.7839,50.5443,57.2684,-39.557,-36.9313,0.0831,0.1203
1779816506508,1,Pitching Mound.Parent,,Loading,pitch.0,334552,22.8484,-4.2936,53.4082,60.6013,-40.776,-35.545,0.0786,0.1151
1779816506509,1,11.0000004b,Drive,Loading,pitch.0,335362,21.6453,-4.9136,49.5864,56.4093,-38.348,-36.8461,0.0821,0.1208
1779816506509,1,12.00000015,Lower Delivery,Loading,pitch.0,335086,-0.2354,-0.8162,1.7314,0.0337,0.0447,0.4385,0.0,0.0
1779816506509,1,12.00000018,Upper Delivery,Loading,pitch.0,335642,1.2806,1.3446,1.2703,3.1783,-1.9162,0.059,0.0,0.0
1779816506509,1,Pitching Mound.Delivery,,Loading,pitch.0,334846,1.0452,0.5283,3.0018,3.3688,-1.8715,1.0129,0.0,0.0
1779816506509,1,Pitching Mound.Drive,,Loading,pitch.0,335362,21.6453,-4.9136,49.5864,56.4093,-38.348,-36.8461,0.0821,0.1208
1779816506509,1,Pitching Mound.Parent,,Loading,pitch.0,334553,22.6905,-4.3853,52.5882,59.7781,-40.2195,-35.8332,0.0774,0.1169
1779816506510,1,11.0000004b,Drive,Loading,pitch.0,335363,21.4669,-5.0427,48.3502,55.149,-36.3093,-36.8002,0.0797,0.1211
1779816506510,1,12.00000015,Lower Delivery,Loading,pitch.0,335087,-0.2522,-0.9047,1.1306,-0.0313,0.0657,0.6641,0.0,0.0
1779816506510,1,12.00000018,Upper Delivery,Loading,pitch.0,335643,1.2672,1.2406,1.0994,2.7975,-2.7285,-0.4478,0.0,0.0
1779816506510,1,Pitching Mound.Delivery,,Loading,pitch.0,334847,1.015,0.3358,2.23,2.7768,-2.6628,0.7328,0.0,0.0
1779816506510,1,Pitching Mound.Drive,,Loading,pitch.0,335363,21.4669,-5.0427,48.3502,55.149,-36.3093,-36.8002,0.0797,0.1211
1779816506510,1,Pitching Mound.Parent,,Loading,pitch.0,334554,22.4819,-4.7069,50.5802,57.9258,-38.9722,-36.0674,0.0762,0.116
1779816506511,1,11.0000004b,Drive,Loading,pitch.0,335364,21.287,-5.1487,47.5722,54.5092,-35.0185,-36.5615,0.0781,0.1216
1779816506511,1,12.00000015,Lower Delivery,Loading,pitch.0,335088,-0.1866,-1.0892,1.1544,-0.713,0.3355,1.3503,0.0,0.0
1779816506511,1,12.00000018,Upper Delivery,Loading,pitch.0,335644,1.2589,1.1478,0.8816,2.2552,-3.3568,-0.6008,0.0,0.0
1779816506511,1,Pitching Mound.Delivery,,Loading,pitch.0,334848,1.0723,0.0585,2.036,1.635,-3.0213,1.241,0.0,0.0
1779816506511,1,Pitching Mound.Drive,,Loading,pitch.0,335364,21.287,-5.1487,47.5722,54.5092,-35.0185,-36.5615,0.0781,0.1216
1779816506511,1,Pitching Mound.Parent,,Loading,pitch.0,334555,22.3593,-5.0901,49.6082,56.1442,-38.0398,-35.3205,0.0749,0.1185
1779816506512,1,11.0000004b,Drive,Loading,pitch.0,335365,20.9602,-5.2442,46.6584,53.6127,-33.9545,-36.1956,0.0773,0.122
1779816506512,1,12.00000015,Lower Delivery,Loading,pitch.0,335089,0.1607,-1.312,2.2109,-4.6817,2.645,2.5452,0.0,0.0
1779816506512,1,12.00000018,Upper Delivery,Loading,pitch.0,335645,1.201,1.0303,0.8768,2.4924,-3.4529,-0.7122,0.0,0.0
1779816506512,1,Pitching Mound.Delivery,,Loading,pitch.0,334849,1.3618,-0.2818,3.0877,-1.7357,-0.8079,2.1867,0.0,0.0
1779816506512,1,Pitching Mound.Drive,,Loading,pitch.0,335365,20.9602,-5.2442,46.6584,53.6127,-33.9545,-36.1956,0.0773,0.122
1779816506512,1,Pitching Mound.Parent,,Loading,pitch.0,334556,22.322,-5.526,49.7461,51.877,-34.7624,-34.0089,0.0725,0.1235
1779816506513,1,11.0000004b,Drive,Loading,pitch.0,335366,20.7538,-5.2932,45.7539,53.0834,-33.0487,-36.016,0.0767,0.1232
1779816506513,1,12.00000015,Lower Delivery,Loading,pitch.0,335090,0.4906,-1.6825,2.3672,-7.9225,6.1875,4.8523,-0.2775,-0.327
1779816506513,1,12.00000018,Upper Delivery,Loading,pitch.0,335646,1.119,0.9408,0.6631,2.1693,-3.8644,-0.6882,0.0,0.0
1779816506513,1,Pitching Mound.Delivery,,Loading,pitch.0,334850,1.6096,-0.7417,3.0304,-5.1738,2.3231,4.3777,0.0,0.0
1779816506513,1,Pitching Mound.Drive,,Loading,pitch.0,335366,20.7538,-5.2932,45.7539,53.0834,-33.0487,-36.016,0.0767,0.1232
1779816506513,1,Pitching Mound.Parent,,Loading,pitch.0,334557,22.3634,-6.0349,48.7842,47.9095,-30.7256,-31.6383,0.0585,0.1115
1779816506514,1,11.0000004b,Drive,Loading,pitch.0,335367,20.448,-5.3146,44.7424,52.4173,-31.5616,-35.5983,0.0749,0.1244
1779816506514,1,12.00000015,Lower Delivery,Loading,pitch.0,335091,0.833,-2.3584,2.5553,-9.1145,6.9764,7.0221,-0.2898,-0.327
1779816506514,1,12.00000018,Upper Delivery,Loading,pitch.0,335647,0.9819,0.6863,0.4256,1.8607,-4.2098,-0.3141,0.0,0.0
1779816506514,1,Pitching Mound.Delivery,,Loading,pitch.0,334851,1.8148,-1.6721,2.9809,-6.5297,2.7666,6.7587,0.0,0.0
1779816506514,1,Pitching Mound.Drive,,Loading,pitch.0,335367,20.448,-5.3146,44.7424,52.4173,-31.5616,-35.5983,0.0749,0.1244
1779816506514,1,Pitching Mound.Parent,,Loading,pitch.0,334558,22.2628,-6.9866,47.7234,45.8876,-28.795,-28.8396,0.0547,0.1143
1779816506515,1,11.0000004b,Drive,Loading,pitch.0,335368,20.1399,-5.3315,44.0505,51.6661,-31.3358,-35.237,0.0755,0.1245
1779816506515,1,12.00000015,Lower Delivery,Loading,pitch.0,335092,1.0651,-3.3941,3.4566,-13.2293,10.1992,9.3106,-0.3016,-0.327
1779816506515,1,12.00000018,Upper Delivery,Loading,pitch.0,335648,1.0128,0.6333,0.2971,2.0057,-4.4126,0.0858,0.0,0.0
1779816506515,1,Pitching Mound.Delivery,,Loading,pitch.0,334852,2.0779,-2.7608,3.7537,-10.1493,5.7867,9.3786,0.0,0.0
1779816506515,1,Pitching Mound.Drive,,Loading,pitch.0,335368,20.1399,-5.3315,44.0505,51.6661,-31.3358,-35.237,0.0755,0.1245
1779816506515,1,Pitching Mound.Parent,,Loading,pitch.0,334559,22.2178,-8.0923,47.8042,41.5168,-25.5491,-25.8584,0.0478,0.1136
1779816506516,1,11.0000004b,Drive,Loading,pitch.0,335369,19.8264,-5.3342,43.2307,51.006,-30.3661,-34.8658,0.0746,0.1253
1779816506516,1,12.00000015,Lower Delivery,Loading,pitch.0,335093,1.4643,-4.3399,6.1184,-19.2944,13.307,10.3491,-0.2309,-0.327
1779816506516,1,12.00000018,Upper Delivery,Loading,pitch.0,335649,1.0635,0.4258,0.2184,2.6929,-3.6765,0.5701,0.0,0.0
1779816506516,1,Pitching Mound.Delivery,,Loading,pitch.0,334853,2.5278,-3.9141,6.3368,-14.5954,9.6305,10.7829,0.0,0.0
1779816506516,1,Pitching Mound.Drive,,Loading,pitch.0,335369,19.8264,-5.3342,43.2307,51.006,-30.3661,-34.8658,0.0746,0.1253
1779816506516,1,Pitching Mound.Parent,,Loading,pitch.0,334560,22.3541,-9.2483,49.5674,36.4105,-20.7356,-24.0829,0.0365,0.1093
1779816506517,1,11.0000004b,Drive,Loading,pitch.0,335370,19.5445,-5.331,42.5013,50.5143,-29.9372,-34.5927,0.0748,0.1262
1779816506517,1,12.00000015,Lower Delivery,Loading,pitch.0,335094,0.8722,-6.5755,10.6703,-25.247,22.0536,10.8525,-0.2194,-0.2512
1779816506517,1,12.00000018,Upper Delivery,Loading,pitch.0,335650,0.8918,0.1592,0.2299,3.2364,-2.1056,0.6209,0.0,0.0
1779816506517,1,Pitching Mound.Delivery,,Loading,pitch.0,334854,1.764,-6.4163,10.9002,-18.4609,19.948,11.4801,0.0,0.0
1779816506517,1,Pitching Mound.Drive,,Loading,pitch.0,335370,19.5445,-5.331,42.5013,50.5143,-29.9372,-34.5927,0.0748,0.1262
1779816506517,1,Pitching Mound.Parent,,Loading,pitch.0,334561,21.3085,-11.7473,53.4014,32.0535,-9.9892,-23.1126,0.0157,0.1167
1779816506518,1,11.0000004b,Drive,Loading,pitch.0,335371,19.2181,-5.3484,41.6891,49.6753,-28.6989,-34.0675,0.0731,0.1265
1779816506518,1,12.00000015,Lower Delivery,Loading,pitch.0,335095,0.2607,-9.0389,14.5756,-35.946,28.6419,10.3569,-0.2086,-0.2618
1779816506518,1,Pitching Mound.Delivery,,Loading,pitch.0,334855,1.0745,-9.0162,14.9427,-29.4609,27.3658,11.7165,0.0,0.0
1779816506518,1,Pitching Mound.Drive,,Loading,pitch.0,335371,19.2181,-5.3484,41.6891,49.6753,-28.6989,-34.0675,0.0731,0.1265
1779816506518,2,12.00000018,Upper Delivery,Delivery,pitch.1,335651,0.8138,0.0227,0.3671,1.6542,-1.2761,1.1715,0.0,0.0
1779816506518,2,Pitching Mound.Parent,,Delivery,pitch.1,334562,20.2926,-14.3646,56.6318,20.2143,-1.3331,-22.351,0.0001,0.111
1779816506519,2,11.0000004b,Drive,Delivery,pitch.1,335372,18.9127,-5.2946,40.9348,48.9765,-28.0402,-33.5141,0.0727,0.127
1779816506519,2,12.00000015,Lower Delivery,Delivery,pitch.1,335096,-0.2958,-11.0336,18.1445,-50.065,31.1734,8.6737,-0.1824,-0.2929
1779816506519,2,12.00000018,Upper Delivery,Delivery,pitch.1,335652,0.6764,-0.2421,0.4281,0.4469,0.2783,1.2363,0.0,0.0
1779816506519,2,Pitching Mound.Delivery,,Delivery,pitch.1,334856,0.3806,-11.2757,18.5726,-43.5946,31.4516,10.2405,0.0,0.0
1779816506519,2,Pitching Mound.Drive,,Delivery,pitch.1,335372,18.9127,-5.2946,40.9348,48.9765,-28.0402,-33.5141,0.0727,0.127
1779816506519,2,Pitching Mound.Parent,,Delivery,pitch.1,334563,19.2933,-16.5703,59.5073,5.382,3.4115,-23.2736,-0.0056,0.0993
1779816506520,2,11.0000004b,Drive,Delivery,pitch.1,335373,18.6395,-5.2552,40.1738,48.3672,-27.848,-33.0494,0.0736,0.1278
1779816506520,2,12.00000015,Lower Delivery,Delivery,pitch.1,335097,-2.6276,-15.1624,25.6597,-52.4607,38.6137,9.8386,-0.1598,-0.217
1779816506520,2,12.00000018,Upper Delivery,Delivery,pitch.1,335653,0.6647,0.0004,-0.338,-0.1997,0.0345,1.2408,0.0,0.0
1779816506520,2,Pitching Mound.Delivery,,Delivery,pitch.1,334857,-1.963,-15.1619,25.3217,-43.8212,38.6482,12.1988,-0.1619,0.1291
1779816506520,2,Pitching Mound.Drive,,Delivery,pitch.1,335373,18.6395,-5.2552,40.1738,48.3672,-27.848,-33.0494,0.0736,0.1278
1779816506520,2,Pitching Mound.Parent,,Delivery,pitch.1,334564,16.6766,-20.4171,65.4955,4.546,10.8002,-20.8506,-0.0175,0.1283
1779816506521,2,11.0000004b,Drive,Delivery,pitch.1,335374,18.2785,-5.2987,39.3788,47.4482,-26.4473,-32.5241,0.0713,0.1279
1779816506521,2,12.00000015,Lower Delivery,Delivery,pitch.1,335098,-3.3042,-19.4436,31.9568,-72.6852,52.5967,11.1014,-0.1747,-0.2415
1779816506521,2,12.00000018,Upper Delivery,Delivery,pitch.1,335654,0.5817,-0.0708,0.1371,-0.0884,-0.0304,-0.0012,0.0,0.0
1779816506521,2,Pitching Mound.Delivery,,Delivery,pitch.1,334858,-2.7225,-19.5145,32.0938,-61.9549,52.5663,12.4214,-0.174,0.0967
1779816506521,2,Pitching Mound.Drive,,Delivery,pitch.1,335374,18.2785,-5.2987,39.3788,47.4482,-26.4473,-32.5241,0.0713,0.1279
1779816506521,2,Pitching Mound.Parent,,Delivery,pitch.1,334565,15.556,-24.8132,71.4727,-14.5066,26.119,-20.1028,-0.0388,0.1139
1779816506522,2,11.0000004b,Drive,Delivery,pitch.1,335375,17.9777,-5.2605,38.2868,46.3191,-26.4286,-32.0347,0.0733,0.1284
1779816506522,2,12.00000015,Lower Delivery,Delivery,pitch.1,335099,-6.7668,-25.2308,40.816,-84.545,70.9471,16.3245,-0.1845,-0.2199
1779816506522,2,12.00000018,Upper Delivery,Delivery,pitch.1,335655,0.651,-0.0546,0.5962,-0.0884,-0.0304,-0.0012,0.0,0.0
1779816506522,2,Pitching Mound.Delivery,,Delivery,pitch.1,334859,-6.1158,-25.2855,41.4122,-70.9586,70.9167,18.8454,-0.1819,0.1135
1779816506522,2,Pitching Mound.Drive,,Delivery,pitch.1,335375,17.9777,-5.2605,38.2868,46.3191,-26.4286,-32.0347,0.0733,0.1284
1779816506522,2,Pitching Mound.Parent,,Delivery,pitch.1,334566,11.8619,-30.546,79.699,-24.6395,44.4881,-13.1894,-0.0593,0.1207
1779816506523,2,11.0000004b,Drive,Delivery,pitch.1,335376,17.6657,-5.1968,37.7443,45.8755,-25.9313,-31.4203,0.0729,0.129
1779816506523,2,12.00000015,Lower Delivery,Delivery,pitch.1,335100,-8.9907,-30.8349,48.1872,-96.9688,82.8932,19.9465,-0.1826,-0.2136
1779816506523,2,12.00000018,Upper Delivery,Delivery,pitch.1,335656,0.532,-0.5134,-0.0214,-0.0884,-0.0304,-0.0012,0.0,0.0
1779816506523,2,Pitching Mound.Delivery,,Delivery,pitch.1,334860,-8.4587,-31.3483,48.1658,-80.6662,82.8628,23.183,-0.1827,0.1266
1779816506523,2,Pitching Mound.Drive,,Delivery,pitch.1,335376,17.6657,-5.1968,37.7443,45.8755,-25.9313,-31.4203,0.0729,0.129
1779816506523,2,Pitching Mound.Parent,,Delivery,pitch.1,334567,9.207,-36.5451,85.9101,-34.7907,56.9315,-8.2372,-0.0704,0.1277
1779816506524,2,11.0000004b,Drive,Delivery,pitch.1,335377,17.2412,-5.2012,36.8515,45.0055,-24.8094,-30.8066,0.0715,0.1297
1779816506524,2,12.00000015,Lower Delivery,Delivery,pitch.1,335101,-9.2089,-35.2321,50.9224,-109.9811,89.9251,21.0442,-0.1875,-0.2293
1779816506524,2,12.00000018,Upper Delivery,Delivery,pitch.1,335657,0.7921,-0.9842,0.0816,2.3267,-2.5662,0.2915,0.0,0.0
1779816506524,2,Pitching Mound.Delivery,,Delivery,pitch.1,334861,-8.4168,-36.2163,51.004,-90.3685,87.3588,24.7359,-0.1872,0.11
1779816506524,2,Pitching Mound.Drive,,Delivery,pitch.1,335377,17.2412,-5.2012,36.8515,45.0055,-24.8094,-30.8066,0.0715,0.1297
1779816506524,2,Pitching Mound.Parent,,Delivery,pitch.1,334568,8.8244,-41.4175,87.8555,-45.363,62.5494,-6.0707,-0.0787,0.1182
1779816506525,2,11.0000004b,Drive,Delivery,pitch.1,335378,16.8711,-5.1378,36.0253,44.0957,-24.2611,-30.0276,0.0715,0.1299
1779816506525,2,12.00000015,Lower Delivery,Delivery,pitch.1,335102,-11.7197,-40.9519,57.6273,-107.5653,98.7305,26.5335,-0.1819,-0.1982
1779816506525,2,12.00000018,Upper Delivery,Delivery,pitch.1,335658,1.2067,-1.8348,0.4857,4.1309,-1.647,0.5084,0.0,0.0
1779816506525,2,Pitching Mound.Delivery,,Delivery,pitch.1,334862,-10.513,-42.7867,58.113,-84.0063,97.0835,31.4369,-0.1804,0.1378
1779816506525,2,Pitching Mound.Drive,,Delivery,pitch.1,335378,16.8711,-5.1378,36.0253,44.0957,-24.2611,-30.0276,0.0715,0.1299
1779816506525,2,Pitching Mound.Parent,,Delivery,pitch.1,334569,6.3582,-47.9245,94.1383,-39.9106,72.8225,1.4093,-0.084,0.1348
1779816506526,2,11.0000004b,Drive,Delivery,pitch.1,335379,16.478,-5.1826,35.2768,43.2705,-22.8754,-29.327,0.0688,0.1302
1779816506526,2,12.00000015,Lower Delivery,Delivery,pitch.1,335103,-15.5479,-47.4837,60.1479,-102.3295,81.2781,34.4485,-0.1435,-0.1806
1779816506526,2,12.00000018,Upper Delivery,Delivery,pitch.1,335659,1.3092,-2.15,0.1164,4.3197,-1.6313,0.5325,0.0,0.0
1779816506526,2,Pitching Mound.Delivery,,Delivery,pitch.1,334863,-14.2387,-49.6337,60.2643,-77.5991,79.6468,40.7125,-0.1432,0.1584
1779816506526,2,Pitching Mound.Drive,,Delivery,pitch.1,335379,16.478,-5.1826,35.2768,43.2705,-22.8754,-29.327,0.0688,0.1302
1779816506526,2,Pitching Mound.Parent,,Delivery,pitch.1,334570,2.2393,-54.8163,95.541,-34.3286,56.7714,11.3855,-0.0649,0.148
1779816506527,2,11.0000004b,Drive,Delivery,pitch.1,335380,16.0234,-5.1731,34.5924,42.7803,-21.85,-28.6913,0.0671,0.1313
1779816506527,2,12.00000015,Lower Delivery,Delivery,pitch.1,335104,-16.0877,-50.4291,63.932,-95.9799,91.3167,35.5332,-0.1516,-0.1594
1779816506527,2,12.00000018,Upper Delivery,Delivery,pitch.1,335660,1.1218,-2.2796,3.9744,0.2681,-0.0016,0.184,0.0,0.0072
1779816506527,2,Pitching Mound.Delivery,,Delivery,pitch.1,334864,-14.9659,-52.7087,67.9064,-75.3262,91.315,41.5685,-0.1428,0.1506
1779816506527,2,Pitching Mound.Drive,,Delivery,pitch.1,335380,16.0234,-5.1731,34.5924,42.7803,-21.85,-28.6913,0.0671,0.1313
1779816506527,2,Pitching Mound.Parent,,Delivery,pitch.1,334571,1.0575,-57.8817,102.4988,-32.546,69.465,12.8771,-0.0719,0.1441
1779816506528,2,11.0000004b,Drive,Delivery,pitch.1,335381,15.5927,-5.1838,33.658,41.8652,-21.2377,-28.1212,0.067,0.132
1779816506528,2,12.00000015,Lower Delivery,Delivery,pitch.1,335105,-17.0793,-53.2741,60.2463,-89.7036,76.4042,38.98,-0.1346,-0.1581
1779816506528,2,12.00000018,Upper Delivery,Delivery,pitch.1,335661,1.1051,-2.4556,3.8014,0.224,-3.1294,-0.1997,0.0874,0.0063
1779816506528,2,Pitching Mound.Delivery,,Delivery,pitch.1,334865,-15.9742,-55.7297,64.0477,-70.2884,73.2749,44.963,-0.1215,0.1513
1779816506528,2,Pitching Mound.Drive,,Delivery,pitch.1,335381,15.5927,-5.1838,33.658,41.8652,-21.2377,-28.1212,0.067,0.132
1779816506528,2,Pitching Mound.Parent,,Delivery,pitch.1,334572,-0.3815,-60.9135,97.7057,-28.4231,52.0371,16.8418,-0.0565,0.1447
1779816506529,2,11.0000004b,Drive,Delivery,pitch.1,335382,15.2144,-5.1752,32.9397,41.3446,-20.7544,-27.6724,0.0669,0.1333
1779816506529,2,12.00000015,Lower Delivery,Delivery,pitch.1,335106,-16.3689,-53.7399,62.4414,-75.8185,77.8682,40.2562,-0.1324,-0.1289
1779816506529,2,12.00000018,Upper Delivery,Delivery,pitch.1,335662,0.9004,-2.4697,4.1011,-4.1838,-5.549,-0.4386,0.1436,-0.1083
1779816506529,2,Pitching Mound.Delivery,,Delivery,pitch.1,334866,-15.4685,-56.2095,66.5425,-60.1667,72.3191,45.6891,-0.1154,0.1705
1779816506529,2,Pitching Mound.Drive,,Delivery,pitch.1,335382,15.2144,-5.1752,32.9397,41.3446,-20.7544,-27.6724,0.0669,0.1333
1779816506529,2,Pitching Mound.Parent,,Delivery,pitch.1,334573,-0.2541,-61.3847,99.4822,-18.8221,51.5647,18.0167,-0.055,0.1581
1779816506530,2,11.0000004b,Drive,Delivery,pitch.1,335383,14.8397,-5.1065,32.3989,40.7624,-20.2966,-27.2752,0.0665,0.1336
1779816506530,2,12.00000015,Lower Delivery,Delivery,pitch.1,335107,-15.3171,-52.9937,60.087,-60.3339,71.3056,40.1517,-0.126,-0.1066
1779816506530,2,12.00000018,Upper Delivery,Delivery,pitch.1,335663,0.595,-1.593,3.2414,-10.6167,-4.3896,-1.1027,0.1438,-0.327
1779816506530,2,Pitching Mound.Delivery,,Delivery,pitch.1,334867,-14.7221,-54.5867,63.3283,-51.6231,66.916,44.4591,-0.1122,0.1873
1779816506530,2,Pitching Mound.Drive,,Delivery,pitch.1,335383,14.8397,-5.1065,32.3989,40.7624,-20.2966,-27.2752,0.0665,0.1336
1779816506530,2,Pitching Mound.Parent,,Delivery,pitch.1,334574,0.1176,-59.6932,95.7272,-10.8608,46.6194,17.1839,-0.0517,0.1691
1779816506531,2,11.0000004b,Drive,Delivery,pitch.1,335384,14.5191,-5.022,32.0219,40.2827,-20.0204,-26.8368,0.0664,0.1335
1779816506531,2,12.00000015,Lower Delivery,Delivery,pitch.1,335108,-13.4533,-50.6592,56.7399,-53.2948,63.8517,39.485,-0.1195,-0.0997
1779816506531,2,12.00000018,Upper Delivery,Delivery,pitch.1,335664,0.6055,-1.4174,2.2767,-11.2622,-3.0902,-0.8107,0.0,0.0
1779816506531,2,Pitching Mound.Delivery,,Delivery,pitch.1,334868,-12.8478,-52.0766,59.0166,-46.0395,60.7615,43.4543,-0.1149,0.2179
1779816506531,2,Pitching Mound.Drive,,Delivery,pitch.1,335384,14.5191,-5.022,32.0219,40.2827,-20.0204,-26.8368,0.0664,0.1335
1779816506531,2,Pitching Mound.Parent,,Delivery,pitch.1,334575,1.6713,-57.0985,91.0385,-5.7569,40.7411,16.6174,-0.0511,0.1882
1779816506532,2,11.0000004b,Drive,Delivery,pitch.1,335385,14.1017,-4.9363,31.6065,39.5822,-19.4368,-26.3667,0.0653,0.133
1779816506532,2,12.00000015,Lower Delivery,Delivery,pitch.1,335109,-11.4768,-47.4797,51.3012,-49.3075,56.9943,38.8117,-0.1179,-0.102
1779816506532,2,12.00000018,Upper Delivery,Delivery,pitch.1,335665,0.7137,-0.5418,2.4033,-13.0434,-3.6383,-0.303,0.1607,-0.327
1779816506532,2,Pitching Mound.Delivery,,Delivery,pitch.1,334869,-10.7631,-48.0215,53.7045,-45.7257,53.356,42.6535,-0.1055,0.1975
1779816506532,2,Pitching Mound.Drive,,Delivery,pitch.1,335385,14.1017,-4.9363,31.6065,39.5822,-19.4368,-26.3667,0.0653,0.133
1779816506532,2,Pitching Mound.Parent,,Delivery,pitch.1,334576,3.3386,-52.9578,85.311,-6.1435,33.9192,16.2868,-0.0422,0.1736
1779816506533,2,11.0000004b,Drive,Delivery,pitch.1,335386,13.6804,-4.7803,31.5032,38.8752,-18.9803,-25.8311,0.064,0.131
1779816506533,2,12.00000015,Lower Delivery,Delivery,pitch.1,335110,-9.1577,-45.2544,50.0999,-55.2306,57.4127,38.4142,-0.1217,-0.117
1779816506533,2,12.00000018,Upper Delivery,Delivery,pitch.1,335666,0.5092,0.111,1.8079,-11.8456,-1.768,-0.4769,0.0,0.0
1779816506533,2,Pitching Mound.Delivery,,Delivery,pitch.1,334870,-8.6485,-45.1433,51.9078,-50.6569,55.6446,41.2241,-0.1174,0.2034
1779816506533,2,Pitching Mound.Drive,,Delivery,pitch.1,335386,13.6804,-4.7803,31.5032,38.8752,-18.9803,-25.8311,0.064,0.131
1779816506533,2,Pitching Mound.Parent,,Delivery,pitch.1,334577,5.032,-49.9236,83.411,-11.7817,36.6643,15.393,-0.0489,0.176
1779816506534,2,11.0000004b,Drive,Delivery,pitch.1,335387,13.3279,-4.5726,31.0352,38.3162,-19.3917,-25.2433,0.0663,0.1311
1779816506534,2,12.00000015,Lower Delivery,Delivery,pitch.1,335111,-7.2017,-41.8202,46.5928,-60.6222,64.3216,38.7803,-0.1466,-0.1381
1779816506534,2,12.00000018,Upper Delivery,Delivery,pitch.1,335667,0.5347,0.9477,2.9152,-10.4595,-0.6489,-0.3146,0.0236,-0.327
1779816506534,2,Pitching Mound.Delivery,,Delivery,pitch.1,334871,-6.667,-40.8724,49.5079,-56.2313,63.6726,41.0961,-0.1365,0.1507
1779816506534,2,Pitching Mound.Drive,,Delivery,pitch.1,335387,13.3279,-4.5726,31.0352,38.3162,-19.3917,-25.2433,0.0663,0.1311
1779816506534,2,Pitching Mound.Parent,,Delivery,pitch.1,334578,6.6609,-45.4451,80.5431,-17.9151,44.2809,15.8528,-0.0584,0.1431
1779816506535,2,11.0000004b,Drive,Delivery,pitch.1,335388,13.0284,-4.3833,30.9348,37.9193,-19.315,-24.8692,0.0663,0.1301
1779816506535,2,12.00000015,Lower Delivery,Delivery,pitch.1,335112,-5.6363,-38.6514,46.8843,-67.7766,72.5909,39.9652,-0.1644,-0.1535
1779816506535,2,12.00000018,Upper Delivery,Delivery,pitch.1,335668,0.6565,1.1243,2.7293,-1.0089,1.4701,-1.4717,-0.0572,-0.0392
1779816506535,2,Pitching Mound.Delivery,,Delivery,pitch.1,334872,-4.9797,-37.5271,49.6136,-53.7729,74.0609,40.6331,-0.1585,0.1554
1779816506535,2,Pitching Mound.Drive,,Delivery,pitch.1,335388,13.0284,-4.3833,30.9348,37.9193,-19.315,-24.8692,0.0663,0.1301
1779816506535,2,Pitching Mound.Parent,,Delivery,pitch.1,334579,8.0487,-41.9104,80.5484,-15.8535,54.746,15.7639,-0.0722,0.1457
1779816506536,2,11.0000004b,Drive,Delivery,pitch.1,335389,12.6955,-4.1598,30.6846,37.4606,-19.1247,-24.391,0.0662,0.1296
1779816506536,2,12.00000015,Lower Delivery,Delivery,pitch.1,335113,-4.9729,-36.0306,47.6926,-84.6784,74.7523,41.9429,-0.1664,-0.1885
1779816506536,2,12.00000018,Upper Delivery,Delivery,pitch.1,335669,0.5794,1.4477,1.4244,0.5124,0.079,-1.6971,0.0,0.0
1779816506536,2,Pitching Mound.Delivery,,Delivery,pitch.1,334873,-4.3935,-34.583,49.117,-68.4348,74.8312,42.1336,-0.1616,0.1373
1779816506536,2,Pitching Mound.Drive,,Delivery,pitch.1,335389,12.6955,-4.1598,30.6846,37.4606,-19.1247,-24.391,0.0662,0.1296
1779816506536,2,Pitching Mound.Parent,,Delivery,pitch.1,334580,8.302,-38.7427,79.8016,-30.9741,55.7066,17.7426,-0.074,0.1343
1779816506537,2,11.0000004b,Drive,Delivery,pitch.1,335390,12.3831,-3.9173,30.2293,36.9981,-18.9703,-23.8382,0.0666,0.1299
1779816506537,2,12.00000015,Lower Delivery,Delivery,pitch.1,335114,-4.3926,-35.7485,52.7475,-102.0593,81.3765,46.1294,-0.1638,-0.2054
1779816506537,2,12.00000018,Upper Delivery,Delivery,pitch.1,335670,1.438,2.0807,2.9967,0.4837,0.7759,-3.3729,-0.0275,0.0171
1779816506537,2,Pitching Mound.Delivery,,Delivery,pitch.1,334874,-2.9546,-33.6678,55.7442,-84.6604,82.1524,44.7389,-0.1565,0.11
1779816506537,2,Pitching Mound.Drive,,Delivery,pitch.1,335390,12.3831,-3.9173,30.2293,36.9981,-18.9703,-23.8382,0.0666,0.1299
1779816506537,2,Pitching Mound.Parent,,Delivery,pitch.1,334581,9.4285,-37.5852,85.9736,-47.6623,63.1821,20.9007,-0.078,0.117
1779816506538,2,11.0000004b,Drive,Delivery,pitch.1,335391,12.126,-3.7151,29.8029,36.3544,-19.1942,-23.4163,0.0684,0.1295
1779816506538,2,12.00000015,Lower Delivery,Delivery,pitch.1,335115,-4.3686,-37.8642,61.05,-119.9644,91.889,51.1697,-0.1598,-0.2086
1779816506538,2,12.00000018,Upper Delivery,Delivery,pitch.1,335671,1.7548,1.7654,1.1701,0.4828,1.2167,-4.7904,0.0,0.0
1779816506538,2,Pitching Mound.Delivery,,Delivery,pitch.1,334875,-2.6138,-36.0988,62.2202,-99.1224,93.1058,48.4612,-0.1568,0.1225
1779816506538,2,Pitching Mound.Drive,,Delivery,pitch.1,335391,12.126,-3.7151,29.8029,36.3544,-19.1942,-23.4163,0.0684,0.1295
1779816506538,2,Pitching Mound.Parent,,Delivery,pitch.1,334582,9.5123,-39.8139,92.0231,-62.768,73.9116,25.0449,-0.0839,0.1248
1779816506539,2,11.0000004b,Drive,Delivery,pitch.1,335392,11.8231,-3.5026,29.1435,35.7921,-19.6982,-22.7961,0.0718,0.1304
1779816506539,2,12.00000015,Lower Delivery,Delivery,pitch.1,335116,-4.1235,-41.8457,65.0734,-128.0227,104.2642,56.5762,-0.1701,-0.2089
1779816506539,2,12.00000018,Upper Delivery,Delivery,pitch.1,335672,1.981,1.1883,0.4713,2.8626,-1.106,-6.1275,0.0,0.0
1779816506539,2,Pitching Mound.Delivery,,Delivery,pitch.1,334876,-2.1426,-40.6574,65.5447,-103.1954,103.1581,52.5242,-0.1689,0.1278
1779816506539,2,Pitching Mound.Drive,,Delivery,pitch.1,335392,11.8231,-3.5026,29.1435,35.7921,-19.6982,-22.7961,0.0718,0.1304
1779816506539,2,Pitching Mound.Parent,,Delivery,pitch.1,334583,9.6805,-44.16,94.6882,-67.4033,83.4599,29.7281,-0.0948,0.1286
1779816506540,2,11.0000004b,Drive,Delivery,pitch.1,335393,11.5827,-3.4224,28.6963,35.1007,-19.488,-22.38,0.0721,0.1299
1779816506540,2,12.00000015,Lower Delivery,Delivery,pitch.1,335117,-4.5094,-48.7462,72.9153,-133.3907,117.2792,61.8726,-0.1708,-0.1942
1779816506540,2,12.00000018,Upper Delivery,Delivery,pitch.1,335673,2.7198,1.9225,-0.948,4.6869,-1.6196,-6.4399,0.0,0.0
1779816506540,2,Pitching Mound.Delivery,,Delivery,pitch.1,334877,-1.7896,-46.8236,71.9673,-103.5903,115.6596,57.8906,-0.173,0.1522
1779816506540,2,Pitching Mound.Drive,,Delivery,pitch.1,335393,11.5827,-3.4224,28.6963,35.1007,-19.488,-22.38,0.0721,0.1299
1779816506540,2,Pitching Mound.Parent,,Delivery,pitch.1,334584,9.7932,-50.246,100.6636,-68.4896,96.1716,35.5106,-0.1031,0.1458
1779816506541,2,11.0000004b,Drive,Delivery,pitch.1,335394,11.2555,-3.3092,27.9425,34.6084,-20.3268,-21.7931,0.0772,0.1315
1779816506541,2,12.00000015,Lower Delivery,Delivery,pitch.1,335118,-5.537,-55.754,73.9576,-143.265,128.5864,65.6902,-0.1846,-0.2057
1779816506541,2,12.00000018,Upper Delivery,Delivery,pitch.1,335674,3.635,1.6967,2.1091,13.1416,3.3752,-6.4212,0.0,0.0
1779816506541,2,Pitching Mound.Delivery,,Delivery,pitch.1,334878,-1.902,-54.0573,76.0668,-105.6948,131.9616,62.3874,-0.1795,0.1212
1779816506541,2,Pitching Mound.Drive,,Delivery,pitch.1,335394,11.2555,-3.3092,27.9425,34.6084,-20.3268,-21.7931,0.0772,0.1315
1779816506541,2,Pitching Mound.Parent,,Delivery,pitch.1,334585,9.3534,-57.3665,104.0093,-71.0865,111.6349,40.5944,-0.1105,0.124
1779816506542,2,11.0000004b,Drive,Delivery,pitch.1,335395,10.9677,-3.3146,27.4446,34.0639,-19.9425,-21.3385,0.0771,0.1318
1779816506542,2,12.00000015,Lower Delivery,Delivery,pitch.1,335119,-7.4283,-62.8249,75.8962,-137.7352,135.3413,68.6179,-0.1893,-0.1927
1779816506542,2,12.00000018,Upper Delivery,Delivery,pitch.1,335675,2.924,0.0684,9.3423,27.2339,8.6166,-0.3662,-0.0979,0.3095
1779816506542,2,Pitching Mound.Delivery,,Delivery,pitch.1,334879,-4.5042,-62.7564,85.2385,-87.8729,143.9579,71.7714,-0.1793,0.1278
1779816506542,2,Pitching Mound.Drive,,Delivery,pitch.1,335395,10.9677,-3.3146,27.4446,34.0639,-19.9425,-21.3385,0.0771,0.1318
1779816506542,2,Pitching Mound.Parent,,Delivery,pitch.1,334586,6.4635,-66.0711,112.6832,-53.8091,124.0153,50.433,-0.1168,0.1288
1779816506543,2,11.0000004b,Drive,Delivery,pitch.1,335396,10.6936,-3.4237,27.0412,33.1342,-18.9637,-20.9826,0.0745,0.1301
1779816506543,2,12.00000015,Lower Delivery,Delivery,pitch.1,335120,-9.2631,-68.8388,75.5938,-126.617,139.4441,67.0964,-0.1958,-0.1778
1779816506543,2,12.00000018,Upper Delivery,Delivery,pitch.1,335676,1.8457,-0.9453,13.9455,42.4471,8.7684,6.5549,-0.0668,0.3231
1779816506543,2,Pitching Mound.Delivery,,Delivery,pitch.1,334880,-7.4174,-69.7841,89.5392,-63.2095,148.2125,77.4283,-0.1757,0.1343
1779816506543,2,Pitching Mound.Drive,,Delivery,pitch.1,335396,10.6936,-3.4237,27.0412,33.1342,-18.9637,-20.9826,0.0745,0.1301
1779816506543,2,Pitching Mound.Parent,,Delivery,pitch.1,334587,3.2762,-73.2078,116.5804,-30.0753,129.2488,56.4458,-0.1177,0.1333
1779816506544,2,11.0000004b,Drive,Delivery,pitch.1,335397,10.4228,-3.5021,26.5676,32.5747,-18.2495,-20.4965,0.0729,0.1302
1779816506544,2,12.00000015,Lower Delivery,Delivery,pitch.1,335121,-9.7026,-70.912,72.3086,-134.1458,156.8668,54.467,-0.2303,-0.197
1779816506544,2,12.00000018,Upper Delivery,Delivery,pitch.1,335677,0.8537,-1.5681,17.694,61.6063,12.803,13.0414,-0.0768,0.327
1779816506544,2,Pitching Mound.Delivery,,Delivery,pitch.1,334881,-8.8489,-72.4801,90.0026,-53.9705,169.6698,71.0976,-0.2001,0.1124
1779816506544,2,Pitching Mound.Drive,,Delivery,pitch.1,335397,10.4228,-3.5021,26.5676,32.5747,-18.2495,-20.4965,0.0729,0.1302
1779816506544,2,Pitching Mound.Parent,,Delivery,pitch.1,334588,1.5738,-75.9822,116.5702,-21.3959,151.4203,50.6011,-0.1379,0.1164
1779816506545,2,11.0000004b,Drive,Delivery,pitch.1,335398,10.1173,-3.5829,25.7592,31.4101,-17.357,-20.0114,0.0715,0.1295
1779816506545,2,12.00000015,Lower Delivery,Delivery,pitch.1,335122,-10.4975,-68.2439,69.8548,-130.1825,154.7962,47.1463,-0.2353,-0.1978
1779816506545,2,12.00000018,Upper Delivery,Delivery,pitch.1,335678,0.2856,-2.3229,20.9956,89.9941,20.9335,19.6189,-0.1058,0.327
1779816506545,2,Pitching Mound.Delivery,,Delivery,pitch.1,334882,-10.2118,-70.5668,90.8504,-23.5763,175.7296,70.4314,-0.2053,0.1063
1779816506545,2,Pitching Mound.Drive,,Delivery,pitch.1,335398,10.1173,-3.5829,25.7592,31.4101,-17.357,-20.0114,0.0715,0.1295
1779816506545,2,Pitching Mound.Parent,,Delivery,pitch.1,334589,-0.0946,-74.1497,116.6096,7.8338,158.3727,50.4201,-0.1442,0.1114
1779816506546,2,11.0000004b,Drive,Delivery,pitch.1,335399,9.9799,-3.5524,25.6642,31.3653,-16.9214,-19.6989,0.07,0.1297
1779816506546,2,12.00000015,Lower Delivery,Delivery,pitch.1,335123,-12.6259,-68.6459,72.1953,-129.5815,157.1624,47.0213,-0.2311,-0.1905
1779816506546,2,12.00000018,Upper Delivery,Delivery,pitch.1,335679,-0.9712,-3.2337,29.6723,115.3823,29.5339,25.1246,-0.1057,0.327
1779816506546,2,Pitching Mound.Delivery,,Delivery,pitch.1,334883,-13.5971,-71.8796,101.8677,0.2587,186.6963,76.1085,-0.1946,0.1021
1779816506546,2,Pitching Mound.Drive,,Delivery,pitch.1,335399,9.9799,-3.5524,25.6642,31.3653,-16.9214,-19.6989,0.07,0.1297
1779816506546,2,Pitching Mound.Parent,,Delivery,pitch.1,334590,-3.6172,-75.432,127.5319,31.624,169.7748,56.4096,-0.1413,0.1077
1779816506547,2,11.0000004b,Drive,Delivery,pitch.1,335400,9.7545,-3.4851,25.1542,30.824,-16.8059,-19.3463,0.0709,0.1301
1779816506547,2,12.00000015,Lower Delivery,Delivery,pitch.1,335124,-14.2179,-69.2634,75.5732,-118.4751,144.0127,53.2777,-0.2023,-0.1664
1779816506547,2,12.00000018,Upper Delivery,Delivery,pitch.1,335680,-0.9981,-5.7815,37.2312,115.9274,35.7725,28.6543,-0.102,0.327
1779816506547,2,Pitching Mound.Delivery,,Delivery,pitch.1,334884,-15.216,-75.0448,112.8044,10.4887,179.7851,86.4267,-0.1692,0.112
1779816506547,2,Pitching Mound.Drive,,Delivery,pitch.1,335400,9.7545,-3.4851,25.1542,30.824,-16.8059,-19.3463,0.0709,0.1301
1779816506547,2,Pitching Mound.Parent,,Delivery,pitch.1,334591,-5.4614,-78.5299,137.9586,41.3127,162.9792,67.0804,-0.1254,0.1153
1779816506548,2,11.0000004b,Drive,Delivery,pitch.1,335401,9.5219,-3.3587,24.8571,30.6662,-16.2309,-18.8596,0.0693,0.131
1779816506548,2,12.00000015,Lower Delivery,Delivery,pitch.1,335125,-14.3518,-68.0186,78.0761,-116.7891,142.288,57.7453,-0.1935,-0.1588
1779816506548,2,12.00000018,Upper Delivery,Delivery,pitch.1,335681,-0.5498,-7.8503,38.307,126.4021,50.9761,26.3541,-0.1413,0.327
1779816506548,2,Pitching Mound.Delivery,,Delivery,pitch.1,334885,-14.9016,-75.8689,116.3831,23.1344,193.2641,88.7921,-0.1763,0.1173
1779816506548,2,Pitching Mound.Drive,,Delivery,pitch.1,335401,9.5219,-3.3587,24.8571,30.6662,-16.2309,-18.8596,0.0693,0.131
1779816506548,2,Pitching Mound.Parent,,Delivery,pitch.1,334592,-5.3797,-79.2276,141.2403,53.8006,177.0332,69.9325,-0.1331,0.1197
1779816506549,2,11.0000004b,Drive,Delivery,pitch.1,335402,9.3305,-3.1316,24.3142,30.503,-16.7403,-18.3347,0.0731,0.1332
1779816506549,2,12.00000015,Lower Delivery,Delivery,pitch.1,335126,-13.5579,-66.5709,81.5466,-120.2063,144.6134,59.4425,-0.1883,-0.1565
1779816506549,2,12.00000018,Upper Delivery,Delivery,pitch.1,335682,0.3892,-8.4837,41.9361,146.8457,69.0612,21.457,-0.1748,0.327
1779816506549,2,Pitching Mound.Delivery,,Delivery,pitch.1,334886,-13.1687,-75.0546,123.4827,40.107,213.6746,85.6415,-0.1837,0.1168
1779816506549,2,Pitching Mound.Drive,,Delivery,pitch.1,335402,9.3305,-3.1316,24.3142,30.503,-16.7403,-18.3347,0.0731,0.1332
1779816506549,2,Pitching Mound.Parent,,Delivery,pitch.1,334593,-3.8382,-78.1863,147.7969,70.61,196.9343,67.3067,-0.1415,0.1195
1779816506550,2,11.0000004b,Drive,Delivery,pitch.1,335403,9.1037,-2.9829,23.8219,29.9974,-16.5799,-17.8412,0.0739,0.1337
1779816506550,2,11.0000004b,Drive,Delivery,pitch.1,335404,8.9647,-2.8613,23.6788,29.7679,-16.3426,-17.6148,0.0733,0.1335
1779816506550,2,12.00000015,Lower Delivery,Delivery,pitch.1,335127,-11.5055,-66.642,91.6573,-138.5798,155.6069,60.5593,-0.1802,-0.1605
1779816506550,2,12.00000018,Upper Delivery,Delivery,pitch.1,335683,0.4656,-9.1426,47.0776,159.5496,80.8298,13.2552,-0.1823,0.327
1779816506550,2,Pitching Mound.Delivery,,Delivery,pitch.1,334887,-11.0399,-75.7845,138.7349,36.1268,236.4367,77.8847,-0.1809,0.1142
1779816506550,2,Pitching Mound.Drive,,Delivery,pitch.1,335403,9.1037,-2.9829,23.8219,29.9974,-16.5799,-17.8412,0.0739,0.1337
1779816506550,2,Pitching Mound.Drive,,Delivery,pitch.1,335404,8.9647,-2.8613,23.6788,29.7679,-16.3426,-17.6148,0.0733,0.1335
1779816506550,2,Pitching Mound.Parent,,Delivery,pitch.1,334594,-1.9362,-78.7674,162.5569,66.1242,219.8568,60.0435,-0.1436,0.117
1779816506551,2,11.0000004b,Drive,Delivery,pitch.1,335405,8.6607,-2.6771,23.1198,29.1937,-15.3404,-17.0132,0.0704,0.1341
1779816506551,2,12.00000015,Lower Delivery,Delivery,pitch.1,335128,-10.72,-66.5998,102.0192,-161.8018,167.3466,61.5448,-0.1741,-0.1684
1779816506551,2,12.00000018,Upper Delivery,Delivery,pitch.1,335684,1.7807,-9.6989,47.8712,168.4924,86.8127,3.8706,-0.1925,0.327
1779816506551,2,Pitching Mound.Delivery,,Delivery,pitch.1,334888,-8.9393,-76.2987,149.8904,25.1009,254.1594,69.6656,-0.18,0.1127
1779816506551,2,Pitching Mound.Drive,,Delivery,pitch.1,335405,8.6607,-2.6771,23.1198,29.1937,-15.3404,-17.0132,0.0704,0.1341
1779816506551,2,Pitching Mound.Parent,,Delivery,pitch.1,334595,0.0255,-79.16,173.5692,54.8688,237.8167,52.0507,-0.1455,0.1155
1779816506552,2,12.00000015,Lower Delivery,Delivery,pitch.1,335129,-10.865,-67.8278,110.6752,-191.1267,180.371,62.055,-0.173,-0.1833
1779816506552,2,12.00000018,Upper Delivery,Delivery,pitch.1,335685,3.2657,-9.9146,51.718,166.4047,87.3104,-13.0836,-0.1792,0.327
1779816506552,2,Pitching Mound.Delivery,,Delivery,pitch.1,334889,-7.5992,-77.7424,162.3932,-4.6766,267.6814,53.7758,-0.175,0.1026
1779816506552,2,Pitching Mound.Parent,,Delivery,pitch.1,334596,1.0614,-80.4194,185.513,24.5171,252.341,36.7626,-0.1444,0.1066
1779816506553,2,11.0000004b,Drive,Delivery,pitch.1,335406,8.4002,-2.4991,22.5867,28.516,-15.1146,-16.5173,0.071,0.134
1779816506553,2,12.00000015,Lower Delivery,Delivery,pitch.1,335130,-10.8708,-65.7024,119.7559,-224.792,197.802,63.7761,-0.1753,-0.1993
1779816506553,2,12.00000018,Upper Delivery,Delivery,pitch.1,335686,4.214,-10.0903,63.5817,172.9426,92.4828,-23.225,-0.1544,0.2888
1779816506553,2,Pitching Mound.Delivery,,Delivery,pitch.1,334890,-6.6569,-75.7927,183.3376,-32.7502,290.2848,45.6799,-0.1681,0.0742
1779816506553,2,Pitching Mound.Drive,,Delivery,pitch.1,335406,8.4002,-2.4991,22.5867,28.516,-15.1146,-16.5173,0.071,0.134
1779816506553,2,Pitching Mound.Parent,,Delivery,pitch.1,334597,1.7433,-78.2917,205.9244,-4.2343,275.1702,29.1626,-0.1419,0.0807
1779816506554,2,11.0000004b,Drive,Delivery,pitch.1,335407,8.1729,-2.3087,22.1412,28.075,-15.1879,-16.1484,0.0728,0.1346
1779816506554,2,12.00000015,Lower Delivery,Delivery,pitch.1,335131,-11.087,-63.4505,122.5291,-257.5529,223.7746,64.7116,-0.1939,-0.2232
1779816506554,2,12.00000018,Upper Delivery,Delivery,pitch.1,335687,4.8479,-9.7892,69.5343,180.6977,97.7111,-30.5236,-0.1492,0.2759
1779816506554,2,Pitching Mound.Delivery,,Delivery,pitch.1,334891,-6.2391,-73.2396,192.0635,-58.837,321.4856,39.6059,-0.1777,0.0513
1779816506554,2,Pitching Mound.Drive,,Delivery,pitch.1,335407,8.1729,-2.3087,22.1412,28.075,-15.1879,-16.1484,0.0728,0.1346
1779816506554,2,Pitching Mound.Parent,,Delivery,pitch.1,334598,1.9338,-75.5483,214.2047,-30.762,306.2977,23.4575,-0.1518,0.0599
1779816506555,2,11.0000004b,Drive,Delivery,pitch.1,335408,7.9845,-2.1677,21.8795,27.9056,-14.6642,-15.7884,0.0712,0.1354
1779816506555,2,11.0000004b,Drive,Delivery,pitch.1,335409,7.7926,-1.9979,21.4901,27.3703,-14.7582,-15.4537,0.0729,0.1352
1779816506555,2,12.00000015,Lower Delivery,Delivery,pitch.1,335132,-10.0079,-62.9882,131.6217,-285.0266,229.6763,67.0449,-0.1853,-0.2299
1779816506555,2,12.00000018,Upper Delivery,Delivery,pitch.1,335688,6.3347,-8.3693,66.4599,173.7706,100.944,-34.1195,-0.1612,0.2776
1779816506555,2,Pitching Mound.Delivery,,Delivery,pitch.1,334892,-3.6732,-71.3575,198.0816,-89.1009,330.6203,38.4818,-0.1772,0.0522
1779816506555,2,Pitching Mound.Drive,,Delivery,pitch.1,335408,7.9845,-2.1677,21.8795,27.9056,-14.6642,-15.7884,0.0712,0.1354
1779816506555,2,Pitching Mound.Drive,,Delivery,pitch.1,335409,7.7926,-1.9979,21.4901,27.3703,-14.7582,-15.4537,0.0729,0.1352
1779816506555,2,Pitching Mound.Parent,,Delivery,pitch.1,334599,4.3112,-73.5252,219.9611,-61.1953,315.9561,22.6935,-0.1525,0.0605
1779816506556,2,12.00000015,Lower Delivery,Delivery,pitch.1,335133,-8.5901,-63.1166,135.6046,-299.4712,228.334,70.4372,-0.1788,-0.2345
1779816506556,2,12.00000018,Upper Delivery,Delivery,pitch.1,335689,7.8352,-6.5339,64.2764,177.4305,104.076,-34.6838,-0.1719,0.2931
1779816506556,2,Pitching Mound.Delivery,,Delivery,pitch.1,334893,-0.7549,-69.6505,199.881,-97.789,332.41,41.3379,-0.1766,0.0565
1779816506556,2,Pitching Mound.Parent,,Delivery,pitch.1,334600,7.0377,-71.6485,221.3711,-70.4187,317.6518,25.8843,-0.1523,0.0642
1779816506557,2,11.0000004b,Drive,Delivery,pitch.1,335410,7.5495,-1.843,20.9205,26.9644,-14.1897,-14.8679,0.072,0.1368
1779816506557,2,11.0000004b,Drive,Delivery,pitch.1,335411,7.3834,-1.6469,20.3835,26.5107,-14.163,-14.3563,0.0738,0.1381
1779816506557,2,12.00000015,Lower Delivery,Delivery,pitch.1,335134,-6.7311,-61.4279,141.2971,-312.6419,226.2807,76.6932,-0.17,-0.2349
1779816506557,2,12.00000018,Upper Delivery,Delivery,pitch.1,335690,8.8178,-4.9576,63.131,176.305,105.456,-30.7976,-0.1773,0.2965
1779816506557,2,Pitching Mound.Delivery,,Delivery,pitch.1,334894,2.0867,-66.3854,204.4281,-109.7604,331.7366,51.1823,-0.1723,0.0592
1779816506557,2,Pitching Mound.Drive,,Delivery,pitch.1,335410,7.5495,-1.843,20.9205,26.9644,-14.1897,-14.8679,0.072,0.1368
1779816506557,2,Pitching Mound.Drive,,Delivery,pitch.1,335411,7.3834,-1.6469,20.3835,26.5107,-14.163,-14.3563,0.0738,0.1381
1779816506557,2,Pitching Mound.Parent,,Delivery,pitch.1,334601,9.6362,-68.2284,225.3486,-82.796,317.5469,36.3143,-0.1496,0.0664
1779816506558,2,11.0000004b,Drive,Delivery,pitch.1,335412,7.2326,-1.5326,19.9233,25.9002,-13.345,-13.918,0.0711,0.138
1779816506558,2,12.00000015,Lower Delivery,Delivery,pitch.1,335135,-4.7007,-58.0103,140.7739,-324.1772,223.7323,84.2737,-0.1687,-0.2445
1779816506558,2,12.00000018,Upper Delivery,Delivery,pitch.1,335691,11.3637,-3.1705,64.6964,160.1469,108.6229,-24.5898,-0.1782,0.2628
1779816506558,2,Pitching Mound.Delivery,,Delivery,pitch.1,334895,6.663,-61.1808,205.4703,-138.1639,332.3552,65.1457,-0.1717,0.0411
1779816506558,2,Pitching Mound.Drive,,Delivery,pitch.1,335412,7.2326,-1.5326,19.9233,25.9002,-13.345,-13.918,0.0711,0.138
1779816506558,2,Pitching Mound.Parent,,Delivery,pitch.1,334602,14.0463,-62.8277,225.8538,-111.6532,318.1922,50.7893,-0.1496,0.0499
1779816506559,2,11.0000004b,Drive,Delivery,pitch.1,335413,7.0848,-1.3918,19.4282,25.4428,-13.1659,-13.4988,0.0719,0.139
1779816506559,2,12.00000015,Lower Delivery,Delivery,pitch.1,335136,-2.4907,-55.9338,143.4475,-324.6022,223.318,91.1842,-0.1653,-0.2402
1779816506559,2,12.00000018,Upper Delivery,Delivery,pitch.1,335692,10.76,-1.9972,64.9047,149.0961,104.2333,-19.3863,-0.1705,0.2439
1779816506559,2,Pitching Mound.Delivery,,Delivery,pitch.1,334896,8.2693,-57.931,208.3522,-148.8015,327.5513,76.3032,-0.1669,0.0387
1779816506559,2,Pitching Mound.Drive,,Delivery,pitch.1,335413,7.0848,-1.3918,19.4282,25.4428,-13.1659,-13.4988,0.0719,0.139
1779816506559,2,Pitching Mound.Parent,,Delivery,pitch.1,334603,15.5018,-59.4636,228.2755,-122.9013,314.2062,62.3852,-0.1461,0.0474
1779816506560,2,11.0000004b,Drive,Delivery,pitch.1,335414,7.0184,-1.2783,19.0824,25.2117,-13.0269,-13.2104,0.0725,0.1403
1779816506560,2,12.00000015,Lower Delivery,Delivery,pitch.1,335137,-0.0052,-54.4147,142.898,-321.9753,222.9381,97.9184,-0.1656,-0.2392
1779816506560,2,12.00000018,Upper Delivery,Delivery,pitch.1,335693,15.83,-0.0197,66.8961,114.3541,84.8159,-8.7744,-0.1346,0.1815
1779816506560,2,Pitching Mound.Delivery,,Delivery,pitch.1,334897,15.8248,-54.4344,209.7941,-181.7805,307.754,94.528,-0.1557,0.0181
1779816506560,2,Pitching Mound.Drive,,Delivery,pitch.1,335414,7.0184,-1.2783,19.0824,25.2117,-13.0269,-13.2104,0.0725,0.1403
1779816506560,2,Pitching Mound.Parent,,Delivery,pitch.1,334604,22.9096,-55.8261,229.2224,-156.3376,294.5882,81.0292,-0.1364,0.0284
1779816506561,2,11.0000004b,Drive,Delivery,pitch.1,335415,6.9586,-1.2235,18.73,24.6969,-12.4108,-12.9937,0.0703,0.14
1779816506561,2,12.00000015,Lower Delivery,Delivery,pitch.1,335138,3.1908,-55.13,137.2599,-312.5328,222.2681,104.2568,-0.1719,-0.2417
1779816506561,2,12.00000018,Upper Delivery,Delivery,pitch.1,335694,15.8435,-0.2494,60.3676,90.1043,54.4122,5.1292,-0.0957,0.1585
1779816506561,2,Pitching Mound.Delivery,,Delivery,pitch.1,334898,19.0343,-55.3794,197.6275,-196.2851,276.6802,113.6878,-0.1486,0.0128
1779816506561,2,Pitching Mound.Drive,,Delivery,pitch.1,335415,6.9586,-1.2235,18.73,24.6969,-12.4108,-12.9937,0.0703,0.14
1779816506561,2,Pitching Mound.Parent,,Delivery,pitch.1,334605,26.0527,-56.6578,216.71,-171.0734,263.6533,100.4774,-0.1292,0.024
1779816506562,2,11.0000004b,Drive,Delivery,pitch.1,335416,6.9626,-1.1668,18.4055,23.9399,-11.8365,-12.8375,0.0683,0.1381
1779816506562,2,12.00000015,Lower Delivery,Delivery,pitch.1,335139,5.5276,-55.4482,136.3537,-298.4279,222.9814,108.4027,-0.1736,-0.2324
1779816506562,2,12.00000018,Upper Delivery,Delivery,pitch.1,335695,13.9797,0.5732,46.872,96.5039,51.6094,12.4018,-0.1169,0.2186
1779816506562,2,Pitching Mound.Delivery,,Delivery,pitch.1,334899,19.5073,-54.8749,183.2257,-171.5002,274.5907,123.6782,-0.1591,0.049
1779816506562,2,Pitching Mound.Drive,,Delivery,pitch.1,335416,6.9626,-1.1668,18.4055,23.9399,-11.8365,-12.8375,0.0683,0.1381
1779816506562,2,Pitching Mound.Parent,,Delivery,pitch.1,334606,26.4659,-56.0984,201.9557,-146.8034,262.1799,110.6846,-0.1378,0.0575
1779816506563,2,11.0000004b,Drive,Delivery,pitch.1,335417,6.9288,-1.1273,17.9506,23.1463,-10.7174,-12.6018,0.0634,0.1369
1779816506563,2,12.00000015,Lower Delivery,Delivery,pitch.1,335140,7.1227,-55.8359,132.8942,-282.3595,223.5474,110.0803,-0.1786,-0.2256
1779816506563,2,12.00000018,Upper Delivery,Delivery,pitch.1,335696,11.1992,2.0364,43.112,76.9277,35.539,16.8642,-0.0875,0.1894
1779816506563,2,Pitching Mound.Delivery,,Delivery,pitch.1,334900,18.3219,-53.7994,176.0062,-174.9058,259.0864,128.3304,-0.1563,0.0495
1779816506563,2,Pitching Mound.Drive,,Delivery,pitch.1,335417,6.9288,-1.1273,17.9506,23.1463,-10.7174,-12.6018,0.0634,0.1369
1779816506563,2,Pitching Mound.Parent,,Delivery,pitch.1,334607,25.2845,-54.9662,194.4118,-150.966,247.2498,115.4929,-0.135,0.0579
1779816506564,2,11.0000004b,Drive,Delivery,pitch.1,335418,6.9397,-1.0708,17.6424,22.528,-10.3102,-12.3909,0.062,0.1356
1779816506564,2,12.00000015,Lower Delivery,Delivery,pitch.1,335141,8.257,-56.0575,133.266,-274.7811,225.4385,109.4066,-0.1796,-0.2189
1779816506564,2,12.00000018,Upper Delivery,Delivery,pitch.1,335697,9.8951,2.8821,48.949,40.9137,-3.9667,25.0167,0.0086,0.0887
1779816506564,2,Pitching Mound.Delivery,,Delivery,pitch.1,334901,18.1521,-53.1754,182.215,-205.1995,221.4718,134.9803,-0.129,0.0211
1779816506564,2,Pitching Mound.Drive,,Delivery,pitch.1,335418,6.9397,-1.0708,17.6424,22.528,-10.3102,-12.3909,0.062,0.1356
1779816506564,2,Pitching Mound.Parent,,Delivery,pitch.1,334608,25.0809,-54.3027,200.1656,-182.0533,210.7544,122.3785,-0.1118,0.0315
1779816506565,2,11.0000004b,Drive,Delivery,pitch.1,335419,6.9154,-1.0366,17.3254,22.2566,-9.5716,-12.029,0.0587,0.1364
1779816506565,2,12.00000015,Lower Delivery,Delivery,pitch.1,335142,8.8917,-55.7972,133.8789,-265.881,231.3841,108.0229,-0.1835,-0.2108
1779816506565,2,12.00000018,Upper Delivery,Delivery,pitch.1,335698,9.0704,1.7957,40.0639,36.0053,-5.0709,27.5483,0.0134,0.0954
1779816506565,2,Pitching Mound.Delivery,,Delivery,pitch.1,334902,17.9621,-54.0015,173.9428,-197.9786,226.3133,135.632,-0.1381,0.0431
1779816506565,2,Pitching Mound.Drive,,Delivery,pitch.1,335419,6.9154,-1.0366,17.3254,22.2566,-9.5716,-12.029,0.0587,0.1364
1779816506565,2,Pitching Mound.Parent,,Delivery,pitch.1,334609,24.9018,-55.0723,191.5852,-175.4506,216.003,123.2411,-0.1197,0.0516
1779816506566,2,11.0000004b,Drive,Delivery,pitch.1,335420,6.9055,-0.9376,17.1165,21.6855,-9.4858,-11.6675,0.0588,0.1345
1779816506566,2,12.00000015,Lower Delivery,Delivery,pitch.1,335143,9.0371,-54.8588,135.6498,-268.6518,226.9439,106.183,-0.1776,-0.2103
1779816506566,2,12.00000018,Upper Delivery,Delivery,pitch.1,335699,6.66,-0.5502,27.187,34.3182,13.8392,25.6492,-0.054,0.134
1779816506566,2,Pitching Mound.Delivery,,Delivery,pitch.1,334903,15.6971,-55.409,162.8368,-197.4563,240.7831,131.024,-0.157,0.0737
1779816506566,2,Pitching Mound.Drive,,Delivery,pitch.1,335420,6.9055,-0.9376,17.1165,21.6855,-9.4858,-11.6675,0.0588,0.1345
1779816506566,2,Pitching Mound.Parent,,Delivery,pitch.1,334610,22.6125,-56.4456,180.1622,-175.1997,231.2115,118.9949,-0.1362,0.0797
1779816506567,2,11.0000004b,Drive,Delivery,pitch.1,335421,6.8842,-0.8199,16.721,21.3583,-8.5784,-11.1437,0.0545,0.1356
1779816506567,2,12.00000015,Lower Delivery,Delivery,pitch.1,335144,7.9193,-53.7251,136.9975,-261.91,223.4819,103.8752,-0.1732,-0.203
1779816506567,2,12.00000018,Upper Delivery,Delivery,pitch.1,335700,3.0858,-1.9832,22.5495,54.9317,37.7513,25.6942,-0.1777,0.2586
1779816506567,2,Pitching Mound.Delivery,,Delivery,pitch.1,334904,11.0051,-55.7083,159.547,-168.066,261.2332,127.926,-0.1738,0.1062
1779816506567,2,Pitching Mound.Drive,,Delivery,pitch.1,335421,6.8842,-0.8199,16.721,21.3583,-8.5784,-11.1437,0.0545,0.1356
1779816506567,2,Pitching Mound.Parent,,Delivery,pitch.1,334611,17.9106,-56.646,176.6635,-146.3805,251.7474,116.2585,-0.1513,0.1089
1779816506568,2,11.0000004b,Drive,Delivery,pitch.1,335422,6.8504,-0.5678,16.5477,21.0303,-8.0329,-10.5498,0.0515,0.1349
1779816506568,2,12.00000015,Lower Delivery,Delivery,pitch.1,335145,6.945,-54.1651,136.5919,-251.6064,217.3595,100.8833,-0.1689,-0.1956
1779816506568,2,12.00000018,Upper Delivery,Delivery,pitch.1,335701,3.1288,-3.5391,31.7101,89.943,65.8796,28.4141,-0.2206,0.3011
1779816506568,2,Pitching Mound.Delivery,,Delivery,pitch.1,334905,10.0738,-57.7042,168.302,-126.0036,283.2391,127.9998,-0.1787,0.1099
1779816506568,2,Pitching Mound.Drive,,Delivery,pitch.1,335422,6.8504,-0.5678,16.5477,21.0303,-8.0329,-10.5498,0.0515,0.1349
1779816506568,2,Pitching Mound.Parent,,Delivery,pitch.1,334612,16.958,-58.5241,185.0231,-104.6453,274.6607,116.8561,-0.1576,0.1122
1779816506569,2,11.0000004b,Drive,Delivery,pitch.1,335423,6.7532,-0.4808,16.0936,20.7659,-7.2529,-10.0902,0.0478,0.137
1779816506569,2,12.00000015,Lower Delivery,Delivery,pitch.1,335146,6.0922,-55.5277,131.2711,-240.2014,209.3069,97.6729,-0.1693,-0.1943
1779816506569,2,12.00000018,Upper Delivery,Delivery,pitch.1,335702,-1.2431,-6.3606,33.6168,124.5315,78.9174,26.7704,-0.2492,0.327
1779816506569,2,Pitching Mound.Delivery,,Delivery,pitch.1,334906,4.8491,-61.8883,164.8879,-82.4674,288.2243,121.9492,-0.1856,0.1134
1779816506569,2,Pitching Mound.Drive,,Delivery,pitch.1,335423,6.7532,-0.4808,16.0936,20.7659,-7.2529,-10.0902,0.0478,0.137
1779816506569,2,Pitching Mound.Parent,,Delivery,pitch.1,334613,11.6995,-62.4561,181.4356,-61.4371,280.1914,111.3994,-0.1639,0.1153
1779816506570,2,11.0000004b,Drive,Delivery,pitch.1,335424,6.6228,-0.2656,15.9724,20.2886,-6.2682,-9.5708,0.0417,0.1349
1779816506570,2,12.00000015,Lower Delivery,Delivery,pitch.1,335147,4.8762,-56.7026,126.2901,-227.1835,203.545,93.6977,-0.1711,-0.191
1779816506570,2,12.00000018,Upper Delivery,Delivery,pitch.1,335703,-4.3097,-8.1509,31.6348,120.9821,69.2989,27.9311,-0.2326,0.327
1779816506570,2,Pitching Mound.Delivery,,Delivery,pitch.1,334907,0.5666,-64.8535,157.9249,-74.0186,272.8439,118.5056,-0.1834,0.1166
1779816506570,2,Pitching Mound.Drive,,Delivery,pitch.1,335424,6.6228,-0.2656,15.9724,20.2886,-6.2682,-9.5708,0.0417,0.1349
1779816506570,2,Pitching Mound.Parent,,Delivery,pitch.1,334614,7.3197,-65.3343,174.0185,-53.2526,265.591,108.4154,-0.162,0.1185
1779816506571,2,11.0000004b,Drive,Delivery,pitch.1,335425,6.4709,-0.1867,15.8025,19.8562,-5.9265,-9.3157,0.0398,0.1334
1779816506571,2,12.00000015,Lower Delivery,Delivery,pitch.1,335148,3.5432,-58.3537,122.4317,-210.3758,198.9452,89.1706,-0.1725,-0.1824
1779816506571,2,12.00000018,Upper Delivery,Delivery,pitch.1,335704,-6.7616,-9.7204,27.8299,102.8132,38.0517,29.227,-0.1452,0.327
1779816506571,2,Pitching Mound.Delivery,,Delivery,pitch.1,334908,-3.2184,-68.0741,150.2616,-75.3979,236.9968,114.894,-0.1674,0.126
1779816506571,2,Pitching Mound.Drive,,Delivery,pitch.1,335425,6.4709,-0.1867,15.8025,19.8562,-5.9265,-9.3157,0.0398,0.1334
1779816506571,2,Pitching Mound.Parent,,Delivery,pitch.1,334615,3.4044,-68.3397,166.234,-55.1093,230.7286,105.3232,-0.1474,0.1268
1779816506572,2,11.0000004b,Drive,Delivery,pitch.1,335426,6.1313,-0.0424,15.1638,18.7426,-5.8973,-8.7688,0.0413,0.1312
1779816506572,2,12.00000015,Lower Delivery,Delivery,pitch.1,335149,1.7302,-59.5655,116.4792,-193.7032,196.4369,84.3376,-0.179,-0.1765
1779816506572,2,12.00000018,Upper Delivery,Delivery,pitch.1,335705,-4.5976,-8.7962,9.9944,54.8684,-1.4072,28.8791,0.0149,0.327
1779816506572,2,Pitching Mound.Delivery,,Delivery,pitch.1,334909,-2.8674,-68.3617,126.4736,-102.63,195.0297,111.0652,-0.1637,0.1495
1779816506572,2,Pitching Mound.Drive,,Delivery,pitch.1,335426,6.1313,-0.0424,15.1638,18.7426,-5.8973,-8.7688,0.0413,0.1312
1779816506572,2,Pitching Mound.Parent,,Delivery,pitch.1,334616,3.6035,-68.5483,142.2761,-82.7737,189.1032,101.7495,-0.1411,0.1477
1779816506573,2,11.0000004b,Drive,Delivery,pitch.1,335427,5.8226,0.1051,14.7299,18.7687,-4.2162,-8.4102,0.0304,0.1353
1779816506573,2,12.00000015,Lower Delivery,Delivery,pitch.1,335150,0.0836,-60.9369,111.3769,-178.2384,192.3771,79.7102,-0.1834,-0.1699
1779816506573,2,12.00000018,Upper Delivery,Delivery,pitch.1,335706,-0.4423,-3.4678,-0.1431,39.0866,-3.044,27.779,0.0,0.0
1779816506573,2,Pitching Mound.Delivery,,Delivery,pitch.1,334910,-0.3587,-64.4047,111.2338,-101.235,189.3331,107.3104,-0.1836,0.1708
1779816506573,2,Pitching Mound.Drive,,Delivery,pitch.1,335427,5.8226,0.1051,14.7299,18.7687,-4.2162,-8.4102,0.0304,0.1353
1779816506573,2,Pitching Mound.Parent,,Delivery,pitch.1,334617,5.7726,-64.4471,126.3976,-82.4924,183.4357,98.5415,-0.1566,0.166
1779816506574,2,11.0000004b,Drive,Delivery,pitch.1,335428,5.4251,0.2148,14.042,18.389,-4.0049,-8.1762,0.0303,0.139
1779816506574,2,12.00000015,Lower Delivery,Delivery,pitch.1,335151,-1.2348,-62.0522,106.2592,-161.1854,184.7902,75.9717,-0.1846,-0.161
1779816506574,2,12.00000018,Upper Delivery,Delivery,pitch.1,335707,0.0571,-3.0544,-0.4409,10.2168,-5.9782,20.6897,0.0,0.0
1779816506574,2,Pitching Mound.Delivery,,Delivery,pitch.1,334911,-1.1776,-65.1065,105.8183,-114.6905,178.812,97.1007,-0.1854,0.1811
1779816506574,2,Pitching Mound.Drive,,Delivery,pitch.1,335428,5.4251,0.2148,14.042,18.389,-4.0049,-8.1762,0.0303,0.139
1779816506574,2,Pitching Mound.Parent,,Delivery,pitch.1,334618,4.645,-65.0014,120.5482,-95.9218,174.5958,88.6905,-0.159,0.1755
1779816506575,2,11.0000004b,Drive,Delivery,pitch.1,335429,5.0807,0.3202,13.4723,17.584,-3.5441,-7.8512,0.0279,0.1386
1779816506575,2,12.00000015,Lower Delivery,Delivery,pitch.1,335152,-2.3524,-62.4336,101.5421,-148.6258,184.7921,73.0152,-0.1932,-0.1554
1779816506575,2,12.00000018,Upper Delivery,Delivery,pitch.1,335708,-1.1111,-4.6999,-1.5552,-1.0281,0.5172,10.4784,0.0,0.0
1779816506575,2,Pitching Mound.Delivery,,Delivery,pitch.1,334912,-3.4635,-67.1336,99.9869,-114.6008,185.3093,83.9157,-0.1962,0.1928
1779816506575,2,Pitching Mound.Drive,,Delivery,pitch.1,335429,5.0807,0.3202,13.4723,17.584,-3.5441,-7.8512,0.0279,0.1386
1779816506575,2,Pitching Mound.Parent,,Delivery,pitch.1,334619,1.9616,-66.9187,114.0289,-96.2118,181.3044,75.7394,-0.1683,0.1862
1779816506576,2,11.0000004b,Drive,Delivery,pitch.1,335430,4.6576,0.4087,12.7427,16.81,-3.458,-7.7069,0.0288,0.14
1779816506576,2,12.00000015,Lower Delivery,Delivery,pitch.1,335153,-3.252,-62.3885,94.2272,-137.6323,182.6911,70.6275,-0.2058,-0.1551
1779816506576,2,12.00000018,Upper Delivery,Delivery,pitch.1,335709,-1.3844,-5.6056,-1.4597,-0.4791,0.1973,4.3564,0.0,0.0
1779816506576,2,Pitching Mound.Delivery,,Delivery,pitch.1,334913,-4.6364,-67.994,92.7675,-105.5779,182.8884,75.6189,-0.2091,0.1932
1779816506576,2,Pitching Mound.Drive,,Delivery,pitch.1,335430,4.6576,0.4087,12.7427,16.81,-3.458,-7.7069,0.0288,0.14
1779816506576,2,Pitching Mound.Parent,,Delivery,pitch.1,334620,0.4442,-67.6738,106.2398,-87.994,179.3443,67.7677,-0.179,0.1863
1779816506577,2,11.0000004b,Drive,Delivery,pitch.1,335431,4.267,0.5103,12.1536,16.5284,-2.456,-7.5621,0.0215,0.1444
1779816506577,2,12.00000015,Lower Delivery,Delivery,pitch.1,335154,-3.9816,-62.7558,86.1879,-130.3554,182.1146,69.6835,-0.2243,-0.1606
1779816506577,2,12.00000018,Upper Delivery,Delivery,pitch.1,335710,-1.3962,-5.4962,-1.1887,-0.0884,-0.0304,-0.0012,0.0,0.0
1779816506577,2,Pitching Mound.Delivery,,Delivery,pitch.1,334914,-5.3778,-68.2521,84.9992,-100.7357,182.0842,70.5613,-0.2275,0.1867
1779816506577,2,Pitching Mound.Drive,,Delivery,pitch.1,335431,4.267,0.5103,12.1536,16.5284,-2.456,-7.5621,0.0215,0.1444
1779816506577,2,Pitching Mound.Parent,,Delivery,pitch.1,334621,-0.7203,-67.8434,97.7419,-83.9257,178.6262,62.8544,-0.194,0.1806
1779816506578,2,11.0000004b,Drive,Delivery,pitch.1,335432,3.8535,0.6294,11.4811,15.7394,-2.3653,-7.3113,0.0219,0.1455
1779816506578,2,12.00000015,Lower Delivery,Delivery,pitch.1,335155,-4.7171,-62.2787,81.6972,-122.8075,183.4908,69.1442,-0.2384,-0.1596
1779816506578,2,12.00000018,Upper Delivery,Delivery,pitch.1,335711,-1.3186,-4.9238,-0.6018,-0.0884,-0.0304,-0.0012,0.0,0.0
1779816506578,2,Pitching Mound.Delivery,,Delivery,pitch.1,334915,-6.0357,-67.2024,81.0954,-94.9141,183.4604,70.2985,-0.2402,0.1843
1779816506578,2,Pitching Mound.Drive,,Delivery,pitch.1,335432,3.8535,0.6294,11.4811,15.7394,-2.3653,-7.3113,0.0219,0.1455
1779816506578,2,Pitching Mound.Parent,,Delivery,pitch.1,334622,-1.7686,-66.6921,93.2489,-78.3858,181.0044,62.7364,-0.2061,0.1791
1779816506579,2,11.0000004b,Drive,Delivery,pitch.1,335433,3.4847,0.7062,10.9602,14.8299,-2.7878,-7.0547,0.027,0.1436
1779816506579,2,12.00000015,Lower Delivery,Delivery,pitch.1,335156,-5.1149,-61.0457,76.7149,-120.8425,186.29,69.8235,-0.2578,-0.1672
1779816506579,2,12.00000018,Upper Delivery,Delivery,pitch.1,335712,-1.026,-3.6927,-1.6766,-0.0884,-0.0304,-0.0012,0.0,0.0
1779816506579,2,Pitching Mound.Delivery,,Delivery,pitch.1,334916,-6.1409,-64.7384,75.0382,-94.2778,186.2596,71.2125,-0.2636,0.1842
1779816506579,2,Pitching Mound.Drive,,Delivery,pitch.1,335433,3.4847,0.7062,10.9602,14.8299,-2.7878,-7.0547,0.027,0.1436
1779816506579,2,Pitching Mound.Parent,,Delivery,pitch.1,334623,-2.2874,-64.109,86.5193,-78.5383,183.8944,63.9012,-0.2257,0.1791
1779816506580,2,11.0000004b,Drive,Delivery,pitch.1,335434,3.2322,0.8223,10.6291,14.2962,-2.9277,-6.8374,0.0292,0.1428
1779816506580,2,12.00000015,Lower Delivery,Delivery,pitch.1,335157,-4.3093,-60.8181,75.0781,-118.1634,184.9511,73.1004,-0.2615,-0.1671
1779816506580,2,12.00000018,Upper Delivery,Delivery,pitch.1,335713,-0.718,-2.6273,-2.9435,-0.0884,-0.0304,-0.0012,-0.0011,0.0032
1779816506580,2,Pitching Mound.Delivery,,Delivery,pitch.1,334917,-5.0273,-63.4454,72.1346,-91.7244,184.9207,74.3202,-0.2722,0.1937
1779816506580,2,Pitching Mound.Drive,,Delivery,pitch.1,335434,3.2322,0.8223,10.6291,14.2962,-2.9277,-6.8374,0.0292,0.1428
1779816506580,2,Pitching Mound.Parent,,Delivery,pitch.1,334624,-1.5426,-62.7392,83.0948,-76.8944,182.1329,67.2655,-0.2327,0.1871
1779816506581,2,11.0000004b,Drive,Delivery,pitch.1,335435,3.0386,0.8963,10.2963,13.8262,-2.9844,-6.5519,0.0308,0.1426
1779816506581,2,12.00000015,Lower Delivery,Delivery,pitch.1,335158,-3.0001,-59.915,76.5727,-116.1911,185.573,75.1019,-0.2573,-0.1611
1779816506581,2,12.00000018,Upper Delivery,Delivery,pitch.1,335714,0.2377,-1.9741,-3.6738,-0.0884,-0.0304,-0.0012,-0.0009,0.0026
1779816506581,2,Pitching Mound.Delivery,,Delivery,pitch.1,334918,-2.7624,-61.8891,72.8989,-88.9956,185.5426,76.2016,-0.2702,0.2049
1779816506581,2,Pitching Mound.Drive,,Delivery,pitch.1,335435,3.0386,0.8963,10.2963,13.8262,-2.9844,-6.5519,0.0308,0.1426
1779816506581,2,Pitching Mound.Parent,,Delivery,pitch.1,334625,0.4698,-61.0668,83.5281,-74.6995,182.6149,69.3642,-0.2321,0.197
1779816506582,2,11.0000004b,Drive,Delivery,pitch.1,335436,2.8311,0.9863,9.602,13.2794,-3.0953,-6.2434,0.0342,0.1468
1779816506582,2,12.00000015,Lower Delivery,Delivery,pitch.1,335159,-1.8689,-59.2234,77.6493,-115.5828,182.5863,75.7874,-0.2496,-0.158
1779816506582,2,12.00000018,Upper Delivery,Delivery,pitch.1,335715,0.9851,-0.9652,-2.9796,-0.0892,-0.0299,0.0076,-0.0011,0.0032
1779816506582,2,Pitching Mound.Delivery,,Delivery,pitch.1,334919,-0.8838,-60.1886,74.6697,-88.2582,182.5564,76.7654,-0.2596,0.2027
1779816506582,2,Pitching Mound.Drive,,Delivery,pitch.1,335436,2.8311,0.9863,9.602,13.2794,-3.0953,-6.2434,0.0342,0.1468
1779816506582,2,Pitching Mound.Parent,,Delivery,pitch.1,334626,2.1548,-59.2922,84.966,-74.432,179.5721,70.2134,-0.2244,0.1954
1779816506583,2,11.0000004b,Drive,Delivery,pitch.1,335437,2.6917,1.035,9.2174,12.1132,-2.5585,-5.8458,0.0295,0.1395
1779816506583,2,12.00000015,Lower Delivery,Delivery,pitch.1,335160,-0.92,-57.5912,82.7976,-111.2669,166.6825,78.2449,-0.2137,-0.1427
1779816506583,2,12.00000018,Upper Delivery,Delivery,pitch.1,335716,0.8663,-0.5696,-2.8227,-3.8194,-3.3286,4.5659,-0.1252,0.1436
1779816506583,2,Pitching Mound.Delivery,,Delivery,pitch.1,334920,-0.0536,-58.1608,79.9749,-85.9754,163.3538,83.4181,-0.2168,0.2112
1779816506583,2,Pitching Mound.Drive,,Delivery,pitch.1,335437,2.6917,1.035,9.2174,12.1132,-2.5585,-5.8458,0.0295,0.1395
1779816506583,2,Pitching Mound.Parent,,Delivery,pitch.1,334627,2.7774,-57.1745,89.5769,-72.696,160.2586,77.1748,-0.1899,0.2043
1779816506584,2,11.0000004b,Drive,Delivery,pitch.1,335438,2.6344,1.0784,8.9398,11.9287,-2.556,-5.5511,0.0304,0.1417
1779816506584,2,12.00000015,Lower Delivery,Delivery,pitch.1,335162,-0.5748,-55.6778,80.8871,-112.3812,158.4987,80.253,-0.208,-0.1475
1779816506584,2,12.00000015,Lower Delivery,Delivery,pitch.1,335161,-0.7032,-56.6236,81.9882,-111.1425,167.2386,78.4354,-0.2165,-0.1439
1779816506584,2,12.00000018,Upper Delivery,Delivery,pitch.1,335717,0.8006,0.3975,-0.0039,-0.3554,0.1252,2.9761,0.0,0.0
1779816506584,2,Pitching Mound.Delivery,,Delivery,pitch.1,334921,0.0974,-56.2261,81.9843,-83.6205,167.3638,81.9227,-0.2166,0.1961
1779816506584,2,Pitching Mound.Drive,,Delivery,pitch.1,335438,2.6344,1.0784,8.9398,11.9287,-2.556,-5.5511,0.0304,0.1417
1779816506584,2,Pitching Mound.Parent,,Delivery,pitch.1,334628,2.7891,-55.1912,91.2018,-71.5073,164.8054,76.0769,-0.1917,0.1904
1779816506585,2,11.0000004b,Drive,Delivery,pitch.1,335439,2.6014,1.1643,8.4877,11.2328,-2.4084,-5.1562,0.0301,0.1405
1779816506585,2,12.00000018,Upper Delivery,Delivery,pitch.1,335718,0.4969,0.9653,4.0358,-0.0884,-0.0304,-0.0012,0.0008,-0.0023
1779816506585,2,Pitching Mound.Delivery,,Delivery,pitch.1,334922,-0.0779,-54.7125,84.9229,-86.3401,158.4684,80.6162,-0.1981,0.1671
1779816506585,2,Pitching Mound.Drive,,Delivery,pitch.1,335439,2.6014,1.1643,8.4877,11.2328,-2.4084,-5.1562,0.0301,0.1405
1779816506585,2,Pitching Mound.Parent,,Delivery,pitch.1,334629,2.5564,-53.6341,93.8627,-74.4114,155.9124,75.0651,-0.1763,0.1647
1779816506586,2,11.0000004b,Drive,Delivery,pitch.1,335440,2.5472,1.3381,8.2072,11.3789,-1.2904,-4.6325,0.0167,0.1472
1779816506586,2,12.00000015,Lower Delivery,Delivery,pitch.1,335163,-0.4186,-55.3227,79.3265,-111.7066,151.1395,81.1137,-0.2023,-0.1495
1779816506586,2,12.00000015,Lower Delivery,Delivery,pitch.1,335164,0.4047,-54.5965,76.6144,-112.849,147.406,83.1197,-0.2043,-0.1564
1779816506586,2,12.00000018,Upper Delivery,Delivery,pitch.1,335719,0.0726,0.1937,2.1563,-5.8432,7.3036,-8.5357,0.0,0.0
1779816506586,2,Pitching Mound.Delivery,,Delivery,pitch.1,334923,-0.346,-55.1289,81.4828,-91.3119,158.4431,72.7451,-0.1969,0.1765
1779816506586,2,Pitching Mound.Drive,,Delivery,pitch.1,335440,2.5472,1.3381,8.2072,11.3789,-1.2904,-4.6325,0.0167,0.1472
1779816506586,2,Pitching Mound.Parent,,Delivery,pitch.1,334630,2.2554,-53.9647,89.9705,-80.0791,156.0347,67.5889,-0.1755,0.1731
1779816506587,2,11.0000004b,Drive,Delivery,pitch.1,335441,2.6373,1.4428,7.6663,11.0607,-1.6301,-4.262,0.0226,0.1532
1779816506587,2,12.00000015,Lower Delivery,Delivery,pitch.1,335165,0.5677,-53.6853,72.9288,-115.1144,148.4681,84.9549,-0.2161,-0.1676
1779816506587,2,12.00000018,Upper Delivery,Delivery,pitch.1,335720,1.5828,2.5828,8.8194,-12.4799,14.0865,-9.2519,-0.1696,-0.1502
1779816506587,2,Pitching Mound.Delivery,,Delivery,pitch.1,334924,1.9875,-52.0137,85.4337,-102.2786,161.4925,74.2684,-0.2007,0.1141
1779816506587,2,Pitching Mound.Drive,,Delivery,pitch.1,335441,2.6373,1.4428,7.6663,11.0607,-1.6301,-4.262,0.0226,0.1532
1779816506587,2,Pitching Mound.Parent,,Delivery,pitch.1,334631,4.5347,-50.6755,93.641,-90.8997,160.2021,69.6359,-0.1816,0.117
1779816506588,2,11.0000004b,Drive,Delivery,pitch.1,335442,2.6692,1.565,7.137,10.8636,-0.8172,-3.7559,0.0122,0.1616
1779816506588,2,12.00000015,Lower Delivery,Delivery,pitch.1,335166,0.6795,-52.4337,66.744,-121.7181,148.3616,87.9368,-0.236,-0.1936
1779816506588,2,12.00000018,Upper Delivery,Delivery,pitch.1,335721,6.5419,4.033,9.1316,-23.0017,16.9276,-9.0145,-0.1968,-0.2674
1779816506588,2,Pitching Mound.Delivery,,Delivery,pitch.1,334925,7.1095,-49.6523,82.0603,-116.4251,165.3957,77.9716,-0.214,0.0856
1779816506588,2,Pitching Mound.Drive,,Delivery,pitch.1,335442,2.6692,1.565,7.137,10.8636,-0.8172,-3.7559,0.0122,0.1616
1779816506588,2,Pitching Mound.Parent,,Delivery,pitch.1,334632,9.7468,-48.2095,89.7266,-105.3644,163.7656,73.7096,-0.1938,0.0914
1779816506589,2,11.0000004b,Drive,Delivery,pitch.1,335443,2.7484,1.6058,6.4425,10.3196,-0.9028,-3.3454,0.0149,0.1701
1779816506589,2,12.00000015,Lower Delivery,Delivery,pitch.1,335167,0.6754,-50.9979,65.3744,-129.1808,150.997,91.0061,-0.2452,-0.2098
1779816506589,2,12.00000018,Upper Delivery,Delivery,pitch.1,335722,9.0877,5.9007,11.9401,-21.3405,14.803,-10.1793,-0.1316,-0.1897
1779816506589,2,Pitching Mound.Delivery,,Delivery,pitch.1,334926,9.7672,-46.533,78.6841,-124.4253,163.1646,80.6162,-0.2201,0.0438
1779816506589,2,Pitching Mound.Drive,,Delivery,pitch.1,335443,2.7484,1.6058,6.4425,10.3196,-0.9028,-3.3454,0.0149,0.1701
1779816506589,2,Pitching Mound.Parent,,Delivery,pitch.1,334633,12.4365,-44.968,85.8211,-113.5617,162.3474,76.8604,-0.2008,0.0536
1779816506590,2,11.0000004b,Drive,Delivery,pitch.1,335444,2.8001,1.6471,5.9122,10.0021,-0.4941,-2.8719,0.0089,0.1746
1779816506590,2,12.00000015,Lower Delivery,Delivery,pitch.1,335168,-0.1508,-49.4951,62.0428,-137.6775,153.861,93.9229,-0.2633,-0.2356
1779816506590,2,12.00000018,Upper Delivery,Delivery,pitch.1,335723,9.5442,5.6981,13.9474,-17.9229,9.0946,-9.7482,-0.0692,-0.1364
1779816506590,2,Pitching Mound.Delivery,,Delivery,pitch.1,334927,10.2196,-45.2999,79.3218,-129.6186,160.0915,84.2733,-0.2143,0.0236
1779816506590,2,Pitching Mound.Drive,,Delivery,pitch.1,335444,2.8001,1.6471,5.9122,10.0021,-0.4941,-2.8719,0.0089,0.1746
1779816506590,2,Pitching Mound.Parent,,Delivery,pitch.1,334634,12.968,-43.6941,85.7643,-119.299,159.1887,80.9279,-0.1971,0.0346
1779816506591,2,11.0000004b,Drive,Delivery,pitch.1,335445,2.8318,1.6548,5.4957,9.2276,0.0223,-2.479,-0.0004,0.1746
1779816506591,2,12.00000015,Lower Delivery,Delivery,pitch.1,335169,0.7797,-48.3166,63.5294,-140.0004,155.7844,94.1177,-0.2603,-0.234
1779816506591,2,12.00000018,Upper Delivery,Delivery,pitch.1,335724,9.3376,5.1141,16.6552,-14.2018,5.2385,-7.329,-0.0334,-0.0905
1779816506591,2,Pitching Mound.Delivery,,Delivery,pitch.1,334928,9.1869,-44.381,78.6979,-136.4475,159.0996,89.82,-0.2146,-0.0088
1779816506591,2,Pitching Mound.Drive,,Delivery,pitch.1,335445,2.8318,1.6548,5.4957,9.2276,0.0223,-2.479,-0.0004,0.1746
1779816506591,2,Pitching Mound.Parent,,Delivery,pitch.1,334635,11.987,-42.7339,84.6102,-126.4453,158.6054,86.9481,-0.199,0.004
1779816506592,2,11.0000004b,Drive,Delivery,pitch.1,335446,2.8819,1.5949,5.0941,8.135,0.309,-2.2201,-0.0064,0.1695
1779816506592,2,12.00000015,Lower Delivery,Delivery,pitch.1,335170,1.9393,-47.5086,64.956,-139.856,156.3838,94.7875,-0.2556,-0.2286
1779816506592,2,12.00000018,Upper Delivery,Delivery,pitch.1,335725,9.6288,4.6755,17.358,-11.1018,1.7668,-5.9228,-0.0108,-0.0679
1779816506592,2,Pitching Mound.Delivery,,Delivery,pitch.1,334929,10.4085,-43.641,80.8874,-135.4039,157.5512,91.2036,-0.2068,-0.0042
1779816506592,2,Pitching Mound.Drive,,Delivery,pitch.1,335446,2.8819,1.5949,5.0941,8.135,0.309,-2.2201,-0.0064,0.1695
1779816506592,2,Pitching Mound.Parent,,Delivery,pitch.1,334636,13.2403,-41.9863,86.3831,-126.1763,157.5736,88.7246,-0.1937,0.0071
1779816506593,2,11.0000004b,Drive,Delivery,pitch.1,335447,2.8179,1.5503,4.9177,7.5639,0.396,-1.8697,-0.0085,0.1633
1779816506593,2,12.00000015,Lower Delivery,Delivery,pitch.1,335171,3.5048,-47.6259,64.8379,-138.1877,158.0837,94.8522,-0.2588,-0.2263
1779816506593,2,12.00000018,Upper Delivery,Delivery,pitch.1,335727,9.7638,3.5939,14.7412,-7.3899,-0.657,-0.6849,0.0047,-0.0532
1779816506593,2,12.00000018,Upper Delivery,Delivery,pitch.1,335726,10.4514,4.4794,16.1792,-8.4516,2.5746,-3.0546,-0.0169,-0.0555
1779816506593,2,Pitching Mound.Delivery,,Delivery,pitch.1,334930,12.3906,-43.0292,81.1352,-131.7235,158.9583,94.627,-0.208,0.0103
1779816506593,2,Pitching Mound.Delivery,,Delivery,pitch.1,334931,13.2686,-44.032,79.5791,-128.5447,157.4267,96.2954,-0.21,0.0198
1779816506593,2,Pitching Mound.Drive,,Delivery,pitch.1,335447,2.8179,1.5503,4.9177,7.5639,0.396,-1.8697,-0.0085,0.1633
1779816506593,2,Pitching Mound.Parent,,Delivery,pitch.1,334637,15.2725,-41.4343,86.2292,-123.5885,159.2674,92.407,-0.1961,0.0197
1779816506593,2,Pitching Mound.Parent,,Delivery,pitch.1,334638,16.0865,-42.4817,84.4968,-120.9808,157.8227,94.4257,-0.1983,0.0282
1779816506594,2,11.0000004b,Drive,Delivery,pitch.1,335448,2.7378,1.5386,4.7863,7.2074,0.5236,-1.5426,-0.0116,0.1599
1779816506594,2,12.00000015,Lower Delivery,Delivery,pitch.1,335172,4.9612,-47.8097,65.7058,-134.5957,157.058,94.4293,-0.2538,-0.2175
1779816506594,2,Pitching Mound.Drive,,Delivery,pitch.1,335448,2.7378,1.5386,4.7863,7.2074,0.5236,-1.5426,-0.0116,0.1599
1779816506595,2,11.0000004b,Drive,Delivery,pitch.1,335449,2.643,1.4541,4.4907,6.4908,0.3367,-1.3155,-0.008,0.1534
1779816506595,2,12.00000015,Lower Delivery,Delivery,pitch.1,335173,6.4293,-47.7939,65.5565,-129.2948,157.8687,94.2462,-0.2557,-0.2094
1779816506595,2,12.00000018,Upper Delivery,Delivery,pitch.1,335728,7.572,2.4395,13.1753,2.0368,-6.1275,1.6123,0.0494,0.0164
1779816506595,2,Pitching Mound.Delivery,,Delivery,pitch.1,334932,12.5332,-45.3702,78.8811,-114.6986,150.9305,96.9293,-0.2031,0.048
1779816506595,2,Pitching Mound.Drive,,Delivery,pitch.1,335449,2.643,1.4541,4.4907,6.4908,0.3367,-1.3155,-0.008,0.1534
1779816506595,2,Pitching Mound.Parent,,Delivery,pitch.1,334639,15.271,-43.8317,83.6674,-107.4912,151.4541,95.3867,-0.1922,0.0544
1779816506596,2,11.0000004b,Drive,Delivery,pitch.1,335450,2.4823,1.3885,4.2198,5.662,0.2111,-1.0642,-0.0053,0.1424
1779816506596,2,12.00000015,Lower Delivery,Delivery,pitch.1,335174,7.9403,-48.1347,66.8187,-120.052,160.4565,94.64,-0.2549,-0.1907
1779816506596,2,12.00000018,Upper Delivery,Delivery,pitch.1,335729,5.1481,1.0825,12.2216,1.1855,-7.5458,2.5178,0.0655,0.0103
1779816506596,2,Pitching Mound.Delivery,,Delivery,pitch.1,334933,11.5775,-46.7114,77.778,-109.9754,150.3229,96.3284,-0.2052,0.0583
1779816506596,2,Pitching Mound.Drive,,Delivery,pitch.1,335450,2.4823,1.3885,4.2198,5.662,0.2111,-1.0642,-0.0053,0.1424
1779816506596,2,Pitching Mound.Parent,,Delivery,pitch.1,334640,14.2205,-45.2573,82.2687,-103.4846,150.6596,95.0129,-0.1944,0.0635
1779816506597,2,11.0000004b,Drive,Delivery,pitch.1,335451,2.3387,1.3006,3.9071,4.9823,0.0772,-0.9019,-0.0021,0.1354
1779816506597,2,12.00000015,Lower Delivery,Delivery,pitch.1,335175,7.5611,-48.8331,66.0618,-118.7425,165.5983,94.7048,-0.2661,-0.1908
1779816506597,2,12.00000018,Upper Delivery,Delivery,pitch.1,335730,4.0164,-0.1785,8.751,-1.2236,-5.6686,5.3808,0.0688,-0.0148
1779816506597,2,12.00000018,Upper Delivery,Delivery,pitch.1,335731,2.5279,-0.9754,4.9925,8.2527,-0.5992,6.8443,0.0127,0.1755
1779816506597,2,Pitching Mound.Delivery,,Delivery,pitch.1,334934,11.9567,-48.3132,75.5697,-101.5327,154.7878,98.6867,-0.2175,0.0909
1779816506597,2,Pitching Mound.Delivery,,Delivery,pitch.1,334935,10.089,-49.8085,71.0543,-89.7262,164.9991,99.8378,-0.2465,0.1271
1779816506597,2,Pitching Mound.Drive,,Delivery,pitch.1,335451,2.3387,1.3006,3.9071,4.9823,0.0772,-0.9019,-0.0021,0.1354
1779816506597,2,Pitching Mound.Parent,,Delivery,pitch.1,334641,14.439,-46.9247,79.7895,-95.8707,154.9989,97.6225,-0.2062,0.0936
1779816506597,2,Pitching Mound.Parent,,Delivery,pitch.1,334642,12.4277,-48.5079,74.9614,-84.7439,165.0763,98.9359,-0.2338,0.1276
1779816506598,2,11.0000004b,Drive,Delivery,pitch.1,335452,2.1171,1.1919,3.6334,4.0141,0.0993,-0.7868,-0.0029,0.1173
1779816506598,2,12.00000015,Lower Delivery,Delivery,pitch.1,335176,7.5766,-49.8558,66.601,-114.6487,173.2947,95.7589,-0.2762,-0.1828
1779816506598,2,12.00000018,Upper Delivery,Delivery,pitch.1,335732,0.7587,-0.7474,1.0928,3.7632,4.0493,7.3867,0.0,0.0
1779816506598,2,Pitching Mound.Delivery,,Delivery,pitch.1,334936,8.3353,-50.6032,67.6937,-88.6127,177.344,100.8274,-0.2718,0.1492
1779816506598,2,Pitching Mound.Drive,,Delivery,pitch.1,335452,2.1171,1.1919,3.6334,4.0141,0.0993,-0.7868,-0.0029,0.1173
1779816506598,2,Pitching Mound.Parent,,Delivery,pitch.1,334643,10.4525,-49.4113,71.3271,-84.5986,177.4434,100.0406,-0.2581,0.1476
1779816506599,2,11.0000004b,Drive,Delivery,pitch.1,335453,1.7698,1.0986,3.0056,3.0038,0.123,-0.5013,-0.0043,0.1061
1779816506599,2,Pitching Mound.Drive,,Delivery,pitch.1,335453,1.7698,1.0986,3.0056,3.0038,0.123,-0.5013,-0.0043,0.1061
1779816506600,2,11.0000004b,Drive,Delivery,pitch.1,335454,1.4506,1.0266,2.5096,2.2908,0.1205,-0.3575,-0.0051,0.0969
1779816506600,2,12.00000015,Lower Delivery,Delivery,pitch.1,335177,7.3015,-50.62,67.1887,-113.8959,183.5174,96.8527,-0.29,-0.18
1779816506600,2,12.00000018,Upper Delivery,Delivery,pitch.1,335733,-0.696,-1.5807,2.5917,8.0421,-3.9799,9.2758,0.163,0.327
1779816506600,2,Pitching Mound.Delivery,,Delivery,pitch.1,334937,6.6055,-52.2006,69.7804,-83.8909,179.5374,103.4094,-0.2731,0.1536
1779816506600,2,Pitching Mound.Drive,,Delivery,pitch.1,335454,1.4506,1.0266,2.5096,2.2908,0.1205,-0.3575,-0.0051,0.0969
1779816506600,2,Pitching Mound.Parent,,Delivery,pitch.1,334644,8.3753,-51.1021,72.786,-80.887,179.6604,102.9081,-0.262,0.1516
1779816506601,2,11.0000004b,Drive,Delivery,pitch.1,335455,1.2232,0.9427,2.1134,1.6414,0.0819,-0.1359,0.0,0.0
1779816506601,2,12.00000015,Lower Delivery,Delivery,pitch.1,335178,7.8649,-51.8563,69.0115,-114.0414,188.9732,96.7799,-0.2907,-0.1754
1779816506601,2,12.00000018,Upper Delivery,Delivery,pitch.1,335734,-0.8803,-1.1704,2.9267,8.7827,-0.7406,11.2988,0.0269,0.3186
1779816506601,2,12.00000018,Upper Delivery,Delivery,pitch.1,335735,-0.3464,-1.2626,2.7764,4.3344,-2.5811,13.638,0.0987,0.1657
1779816506601,2,Pitching Mound.Delivery,,Delivery,pitch.1,334938,6.9846,-53.0267,71.9381,-82.7898,188.2326,105.1053,-0.2778,0.157
1779816506601,2,Pitching Mound.Drive,,Delivery,pitch.1,335455,1.2232,0.9427,2.1134,1.6414,0.0819,-0.1359,0.0,0.0
1779816506601,2,Pitching Mound.Parent,,Delivery,pitch.1,334645,8.4352,-52.0001,74.4478,-80.499,188.3531,104.7478,-0.2686,0.155
1779816506602,2,11.0000004b,Drive,Delivery,pitch.1,335456,0.9873,0.9294,1.6059,1.4934,-0.0134,-0.1142,0.0,0.0
1779816506602,2,12.00000015,Lower Delivery,Delivery,pitch.1,335179,8.2099,-53.0524,71.2063,-112.7186,189.8021,96.2499,-0.283,-0.1681
1779816506602,2,Pitching Mound.Delivery,,Delivery,pitch.1,334939,7.8635,-54.315,73.9827,-85.1181,187.221,106.9788,-0.2687,0.159
1779816506602,2,Pitching Mound.Drive,,Delivery,pitch.1,335456,0.9873,0.9294,1.6059,1.4934,-0.0134,-0.1142,0.0,0.0
1779816506602,2,Pitching Mound.Parent,,Delivery,pitch.1,334646,9.0867,-53.3723,76.0961,-83.4766,187.3029,106.8429,-0.2612,0.1545
1779816506603,2,11.0000004b,Drive,Delivery,pitch.1,335457,0.7517,0.8134,1.2525,0.5887,-0.2217,0.0155,0.0,0.0
1779816506603,2,12.00000015,Lower Delivery,Delivery,pitch.1,335180,7.8966,-54.0117,71.2045,-112.81,190.7411,95.1476,-0.2844,-0.1682
1779816506603,2,12.00000018,Upper Delivery,Delivery,pitch.1,335736,-1.3533,-2.5808,3.7003,2.8499,-1.7215,17.088,0.0494,0.0818
1779816506603,2,12.00000018,Upper Delivery,Delivery,pitch.1,335737,-1.2898,-4.3579,4.8806,15.3457,-1.9331,23.7582,0.042,0.327
1779816506603,2,Pitching Mound.Delivery,,Delivery,pitch.1,334940,6.5433,-56.5925,74.9048,-87.0087,189.0195,109.0907,-0.2679,0.1506
1779816506603,2,Pitching Mound.Drive,,Delivery,pitch.1,335457,0.7517,0.8134,1.2525,0.5887,-0.2217,0.0155,0.0,0.0
1779816506603,2,Pitching Mound.Parent,,Delivery,pitch.1,334647,7.5306,-55.6631,76.5107,-85.5153,189.0061,108.9765,-0.2623,0.1474
1779816506604,2,11.0000004b,Drive,Delivery,pitch.1,335458,0.4759,0.5419,0.8387,0.1249,-0.1141,0.0179,0.0,0.0
1779816506604,2,12.00000015,Lower Delivery,Delivery,pitch.1,335181,7.2154,-55.4812,71.966,-114.976,193.9352,93.6513,-0.2861,-0.1696
1779816506604,2,Pitching Mound.Delivery,,Delivery,pitch.1,334941,5.9256,-59.8391,76.8466,-76.8213,192.0021,114.5177,-0.2652,0.1587
1779816506604,2,Pitching Mound.Drive,,Delivery,pitch.1,335458,0.4759,0.5419,0.8387,0.1249,-0.1141,0.0179,0.0,0.0
1779816506604,2,Pitching Mound.Parent,,Delivery,pitch.1,334648,6.6773,-59.0257,78.0991,-76.2326,191.7804,114.5332,-0.261,0.1562
1779816506605,2,11.0000004b,Drive,Delivery,pitch.1,335459,0.2922,0.4131,0.6479,0.1023,-0.1273,0.0159,0.0,0.0
1779816506605,2,12.00000015,Lower Delivery,Delivery,pitch.1,335182,6.8423,-56.8017,74.527,-119.1869,198.3094,92.4533,-0.2825,-0.1698
1779816506605,2,12.00000015,Lower Delivery,Delivery,pitch.1,335183,5.6939,-57.6888,75.8363,-123.5601,199.8573,91.7411,-0.2798,-0.173
1779816506605,2,12.00000018,Upper Delivery,Delivery,pitch.1,335738,-0.492,-5.1598,3.9399,30.3815,-0.3856,33.7514,0.0104,0.327
1779816506605,2,Pitching Mound.Delivery,,Delivery,pitch.1,334942,6.3503,-61.9615,78.4669,-64.8059,197.9238,123.711,-0.2678,0.161
1779816506605,2,Pitching Mound.Drive,,Delivery,pitch.1,335459,0.2922,0.4131,0.6479,0.1023,-0.1273,0.0159,0.0,0.0
1779816506605,2,Pitching Mound.Parent,,Delivery,pitch.1,334649,6.8262,-61.4197,79.3056,-64.6809,197.8097,123.7289,-0.265,0.1593
1779816506606,2,11.0000004b,Drive,Delivery,pitch.1,335460,0.1486,0.3032,0.4881,0.0793,-0.1166,0.0102,0.0,0.0
1779816506606,2,12.00000018,Upper Delivery,Delivery,pitch.1,335739,-1.1805,-8.045,4.7014,40.1181,-0.6913,40.075,0.0156,0.327
1779816506606,2,12.00000018,Upper Delivery,Delivery,pitch.1,335740,-1.6562,-11.5907,7.9414,46.5827,3.0194,44.3352,-0.0404,0.327
1779816506606,2,Pitching Mound.Delivery,,Delivery,pitch.1,334943,4.5134,-65.7337,80.5377,-59.2561,199.166,129.4788,-0.2625,0.1565
1779816506606,2,Pitching Mound.Drive,,Delivery,pitch.1,335460,0.1486,0.3032,0.4881,0.0793,-0.1166,0.0102,0.0,0.0
1779816506606,2,Pitching Mound.Parent,,Delivery,pitch.1,334650,4.8056,-65.3206,81.1856,-59.1539,199.0387,129.4947,-0.2604,0.1553
1779816506607,2,11.0000004b,Drive,Delivery,pitch.1,335461,0.0385,0.1769,0.281,0.0632,-0.1057,-0.0015,0.0,0.0
1779816506607,2,12.00000015,Lower Delivery,Delivery,pitch.1,335184,5.6167,-59.162,79.9772,-129.467,206.215,89.9388,-0.2737,-0.1719
1779816506607,2,12.00000015,Lower Delivery,Delivery,pitch.1,335185,4.8792,-60.4522,83.3503,-138.721,209.4697,87.69,-0.2668,-0.1767
1779816506607,2,Pitching Mound.Delivery,,Delivery,pitch.1,334944,3.9605,-70.7527,87.9186,-58.3921,209.2343,131.8012,-0.2527,0.1518
1779816506607,2,Pitching Mound.Drive,,Delivery,pitch.1,335461,0.0385,0.1769,0.281,0.0632,-0.1057,-0.0015,0.0,0.0
1779816506607,2,Pitching Mound.Parent,,Delivery,pitch.1,334651,4.1091,-70.4495,88.4067,-58.3128,209.1177,131.8114,-0.2513,0.1509
1779816506608,2,11.0000004b,Drive,Delivery,pitch.1,335462,0.0322,0.1753,0.2737,0.0802,-0.092,-0.0028,0.0,0.0
1779816506608,2,12.00000015,Lower Delivery,Delivery,pitch.1,335186,3.1059,-61.1967,81.6924,-142.8951,213.1521,86.0133,-0.277,-0.1857
1779816506608,2,12.00000018,Upper Delivery,Delivery,pitch.1,335741,-2.4166,-13.4702,8.3589,61.4316,6.4099,47.4643,-0.0814,0.327
1779816506608,2,12.00000018,Upper Delivery,Delivery,pitch.1,335742,-3.6139,-16.695,13.5791,71.4301,12.4121,48.3629,-0.097,0.327
1779816506608,2,Pitching Mound.Delivery,,Delivery,pitch.1,334945,2.4627,-73.9223,91.7092,-51.7923,215.8796,132.6738,-0.2499,0.1472
1779816506608,2,Pitching Mound.Delivery,,Delivery,pitch.1,334946,-0.508,-77.8917,95.2715,-48.3064,225.5642,132.0915,-0.2514,0.1305
1779816506608,2,Pitching Mound.Drive,,Delivery,pitch.1,335462,0.0322,0.1753,0.2737,0.0802,-0.092,-0.0028,0.0,0.0
1779816506608,2,Pitching Mound.Parent,,Delivery,pitch.1,334652,2.5012,-73.7455,91.9902,-51.7291,215.7739,132.6722,-0.2491,0.1468
1779816506608,2,Pitching Mound.Parent,,Delivery,pitch.1,334653,-0.4759,-77.7164,95.5452,-48.2262,225.4722,132.0887,-0.2506,0.1301
1779816506609,2,11.0000004b,Drive,Delivery,pitch.1,335463,-0.0009,0.1428,0.2236,0.1192,-0.081,-0.0037,0.0,0.0
1779816506609,2,12.00000015,Lower Delivery,Delivery,pitch.1,335187,3.257,-62.6447,92.2272,-155.6016,223.0007,83.2303,-0.2567,-0.1791
1779816506609,2,12.00000018,Upper Delivery,Delivery,pitch.1,335743,-7.2053,-16.919,20.5408,81.048,16.4652,46.223,-0.0851,0.327
1779816506609,2,Pitching Mound.Delivery,,Delivery,pitch.1,334947,-3.9483,-79.5637,112.7679,-50.1803,239.466,125.8961,-0.2254,0.1292
1779816506609,2,Pitching Mound.Drive,,Delivery,pitch.1,335463,-0.0009,0.1428,0.2236,0.1192,-0.081,-0.0037,0.0,0.0
1779816506609,2,Pitching Mound.Parent,,Delivery,pitch.1,334654,-3.9492,-79.4209,112.9915,-50.0611,239.3849,125.8923,-0.225,0.129
1779816506610,2,11.0000004b,Drive,Delivery,pitch.1,335464,-0.0284,0.0927,0.1758,0.1136,-0.0979,-0.0067,0.0,0.0
1779816506610,2,12.00000015,Lower Delivery,Delivery,pitch.1,335188,2.1323,-62.5505,91.846,-166.0105,229.4171,81.3627,-0.2652,-0.1919
1779816506610,2,Pitching Mound.Drive,,Delivery,pitch.1,335464,-0.0284,0.0927,0.1758,0.1136,-0.0979,-0.0067,0.0,0.0
1779816506611,2,11.0000004b,Drive,Delivery,pitch.1,335465,-0.0322,0.0674,0.1238,0.1144,-0.1001,-0.0085,0.0,0.0
1779816506611,2,12.00000015,Lower Delivery,Delivery,pitch.1,335189,2.2227,-63.9774,101.4199,-184.8396,238.7968,79.4145,-0.25,-0.1935
1779816506611,2,12.00000018,Upper Delivery,Delivery,pitch.1,335744,-7.5025,-13.5124,25.7819,84.2646,27.6369,42.103,-0.1138,0.327
1779816506611,2,12.00000018,Upper Delivery,Delivery,pitch.1,335745,-7.2551,-10.5015,26.8175,87.8024,31.7973,36.0559,-0.1259,0.327
1779816506611,2,Pitching Mound.Delivery,,Delivery,pitch.1,334949,-5.0324,-74.4789,128.2375,-71.6723,270.5941,112.248,-0.224,0.1132
1779816506611,2,Pitching Mound.Delivery,,Delivery,pitch.1,334948,-5.3702,-76.0629,117.628,-59.284,257.054,120.1899,-0.232,0.1128
1779816506611,2,Pitching Mound.Drive,,Delivery,pitch.1,335465,-0.0322,0.0674,0.1238,0.1144,-0.1001,-0.0085,0.0,0.0
1779816506611,2,Pitching Mound.Parent,,Delivery,pitch.1,334656,-5.0646,-74.4116,128.3613,-71.5579,270.494,112.2395,-0.2238,0.1131
1779816506611,2,Pitching Mound.Parent,,Delivery,pitch.1,334655,-5.3986,-75.9702,117.8037,-59.1704,256.9562,120.1831,-0.2317,0.1126
1779816506612,2,11.0000004b,Drive,Delivery,pitch.1,335466,-0.0222,0.0492,0.0651,0.11,-0.0994,-0.0103,0.0,0.0
1779816506612,2,12.00000015,Lower Delivery,Delivery,pitch.1,335190,1.5225,-62.007,102.956,-202.2771,249.9743,78.1343,-0.2578,-0.2086
1779816506612,2,12.00000018,Upper Delivery,Delivery,pitch.1,335746,-4.8535,-9.202,36.8187,107.1515,36.8495,34.0873,-0.1063,0.309
1779816506612,2,Pitching Mound.Delivery,,Delivery,pitch.1,334950,-3.3309,-71.2089,139.7748,-72.6389,286.8238,110.0538,-0.2179,0.0886
1779816506612,2,Pitching Mound.Drive,,Delivery,pitch.1,335466,-0.0222,0.0492,0.0651,0.11,-0.0994,-0.0103,0.0,0.0
1779816506612,2,Pitching Mound.Parent,,Delivery,pitch.1,334657,-3.3531,-71.1598,139.8399,-72.5289,286.7243,110.0435,-0.2177,0.0886
1779816506613,2,11.0000004b,Drive,Delivery,pitch.1,335467,-0.0096,0.0282,0.0394,0.1155,-0.0994,-0.0109,0.0,0.0
1779816506613,2,12.00000015,Lower Delivery,Delivery,pitch.1,335191,1.3327,-60.6012,105.5092,-225.165,256.3305,76.9914,-0.2579,-0.2266
1779816506613,2,12.00000018,Upper Delivery,Delivery,pitch.1,335747,-4.4469,-8.2192,41.3054,108.6557,37.0511,27.1655,-0.0952,0.2793
1779816506613,2,Pitching Mound.Delivery,,Delivery,pitch.1,334951,-3.1142,-68.8204,146.8146,-94.68,293.3816,102.1918,-0.2121,0.0644
1779816506613,2,Pitching Mound.Drive,,Delivery,pitch.1,335467,-0.0096,0.0282,0.0394,0.1155,-0.0994,-0.0109,0.0,0.0
1779816506613,2,Pitching Mound.Parent,,Delivery,pitch.1,334658,-3.1238,-68.7922,146.854,-94.5645,293.2822,102.1809,-0.2121,0.0644
1779816506614,2,11.0000004b,Drive,Delivery,pitch.1,335468,-0.0025,0.0181,0.0337,0.2189,-0.096,-0.0089,0.0,0.0
1779816506614,2,12.00000015,Lower Delivery,Delivery,pitch.1,335192,1.1491,-60.1952,111.5526,-243.3813,261.039,76.5153,-0.2484,-0.2316
1779816506614,2,12.00000018,Upper Delivery,Delivery,pitch.1,335748,-4.2156,-6.611,38.567,113.1155,41.8943,23.6212,-0.1153,0.3114
1779816506614,2,Pitching Mound.Delivery,,Delivery,pitch.1,334952,-3.0666,-66.8063,150.1196,-105.4507,302.9333,98.3124,-0.2142,0.0732
1779816506614,2,Pitching Mound.Drive,,Delivery,pitch.1,335468,-0.0025,0.0181,0.0337,0.2189,-0.096,-0.0089,0.0,0.0
1779816506614,2,Pitching Mound.Parent,,Delivery,pitch.1,334659,-3.069,-66.7881,150.1533,-105.2317,302.8373,98.3035,-0.2142,0.0732
1779816506615,2,11.0000004b,Drive,Delivery,pitch.1,335469,0.0217,-0.0022,0.0384,0.1662,-0.0944,-0.0028,0.0,0.0
1779816506615,2,12.00000015,Lower Delivery,Delivery,pitch.1,335193,0.8959,-59.9968,115.9984,-259.8539,267.5358,76.1653,-0.2449,-0.2378
1779816506615,2,12.00000018,Upper Delivery,Delivery,pitch.1,335749,-4.1538,-5.3139,38.5105,117.956,43.898,19.864,-0.121,0.3252
1779816506615,2,Pitching Mound.Delivery,,Delivery,pitch.1,334953,-3.2579,-65.3107,154.509,-115.552,311.4338,94.3124,-0.214,0.073
1779816506615,2,Pitching Mound.Drive,,Delivery,pitch.1,335469,0.0217,-0.0022,0.0384,0.1662,-0.0944,-0.0028,0.0,0.0
1779816506615,2,Pitching Mound.Parent,,Delivery,pitch.1,334660,-3.2362,-65.3129,154.5474,-115.3858,311.3393,94.3096,-0.2139,0.073
1779816506616,2,11.0000004b,Drive,Delivery,pitch.1,335470,0.0738,-0.0136,0.0593,0.143,-0.0858,0.002,0.0,0.0
1779816506616,2,12.00000015,Lower Delivery,Delivery,pitch.1,335194,1.6336,-60.9843,131.8426,-268.8261,263.3837,75.3413,-0.2121,-0.2165
1779816506616,2,12.00000018,Upper Delivery,Delivery,pitch.1,335750,-4.0954,-3.9229,37.3446,114.939,41.4397,16.7193,-0.1178,0.3267
1779816506616,2,Pitching Mound.Delivery,,Delivery,pitch.1,334954,-2.4618,-64.9072,169.1872,-121.7578,304.8234,90.1128,-0.1913,0.0933
1779816506616,2,Pitching Mound.Drive,,Delivery,pitch.1,335470,0.0738,-0.0136,0.0593,0.143,-0.0858,0.002,0.0,0.0
1779816506616,2,Pitching Mound.Parent,,Delivery,pitch.1,334661,-2.388,-64.9208,169.2465,-121.6148,304.7376,90.1148,-0.1912,0.0933
1779816506617,2,11.0000004b,Drive,Delivery,pitch.1,335471,0.147,-0.009,0.1142,0.1293,-0.0914,0.0063,0.0,0.0
1779816506617,2,12.00000015,Lower Delivery,Delivery,pitch.1,335195,1.5278,-60.8498,136.4394,-274.5269,263.2854,74.6096,-0.2049,-0.2136
1779816506617,2,12.00000018,Upper Delivery,Delivery,pitch.1,335751,-3.9207,-3.0979,40.2088,115.0621,40.8057,14.9003,-0.1077,0.3038
1779816506617,2,Pitching Mound.Delivery,,Delivery,pitch.1,334955,-2.3929,-63.9478,176.6482,-126.7463,304.0911,87.6574,-0.1828,0.0894
1779816506617,2,Pitching Mound.Drive,,Delivery,pitch.1,335471,0.147,-0.009,0.1142,0.1293,-0.0914,0.0063,0.0,0.0
1779816506617,2,Pitching Mound.Parent,,Delivery,pitch.1,334662,-2.2459,-63.9568,176.7623,-126.6171,303.9997,87.6637,-0.1826,0.0893
1779816506618,2,11.0000004b,Drive,Delivery,pitch.1,335472,0.2319,0.0075,0.2055,0.1294,-0.0883,0.0086,0.0,0.0
1779816506618,2,12.00000015,Lower Delivery,Delivery,pitch.1,335196,1.1566,-60.1725,141.104,-281.1262,263.2675,73.6809,-0.1981,-0.2115
1779816506618,2,12.00000018,Upper Delivery,Delivery,pitch.1,335752,-3.2256,-2.4251,42.8115,114.2329,40.0773,14.2621,-0.0994,0.2833
1779816506618,2,Pitching Mound.Delivery,,Delivery,pitch.1,334956,-2.0689,-62.5975,183.9155,-133.4739,303.3447,86.4531,-0.1751,0.0854
1779816506618,2,Pitching Mound.Drive,,Delivery,pitch.1,335472,0.2319,0.0075,0.2055,0.1294,-0.0883,0.0086,0.0,0.0
1779816506618,2,Pitching Mound.Parent,,Delivery,pitch.1,334663,-1.8371,-62.5901,184.121,-133.3445,303.2565,86.4617,-0.1749,0.0853
1779816506619,2,11.0000004b,Drive,Delivery,pitch.1,335473,0.3678,0.1207,0.4386,0.1546,-0.0935,0.0151,0.0,0.0
1779816506619,2,12.00000015,Lower Delivery,Delivery,pitch.1,335197,0.8183,-59.5036,145.0097,-286.8295,260.4121,73.3485,-0.1906,-0.21
1779816506619,2,12.00000018,Upper Delivery,Delivery,pitch.1,335753,-2.4332,-2.2983,38.7991,105.3599,42.2684,13.5914,-0.1157,0.2883
1779816506619,2,Pitching Mound.Delivery,,Delivery,pitch.1,334957,-1.6149,-61.8018,183.8088,-145.3579,302.6805,85.8344,-0.1748,0.0917
1779816506619,2,Pitching Mound.Drive,,Delivery,pitch.1,335473,0.3678,0.1207,0.4386,0.1546,-0.0935,0.0151,0.0,0.0
1779816506619,2,Pitching Mound.Parent,,Delivery,pitch.1,334664,-1.2471,-61.6812,184.2474,-145.2034,302.587,85.8495,-0.1744,0.0914
1779816506620,2,11.0000004b,Drive,Delivery,pitch.1,335474,0.48,0.227,0.5654,0.118,-0.1082,0.0248,0.0,0.0
1779816506620,2,12.00000015,Lower Delivery,Delivery,pitch.1,335198,0.9113,-58.7708,146.8721,-288.4627,260.1535,73.2354,-0.188,-0.2085
1779816506620,2,12.00000018,Upper Delivery,Delivery,pitch.1,335754,-1.8235,-1.5393,41.9834,86.5745,39.9104,15.2413,-0.1009,0.2189
1779816506620,2,Pitching Mound.Delivery,,Delivery,pitch.1,334958,-0.9122,-60.3101,188.8555,-166.2261,300.0639,87.5468,-0.1687,0.0753
1779816506620,2,Pitching Mound.Drive,,Delivery,pitch.1,335474,0.48,0.227,0.5654,0.118,-0.1082,0.0248,0.0,0.0
1779816506620,2,Pitching Mound.Parent,,Delivery,pitch.1,334665,-0.4322,-60.0831,189.4209,-166.1081,299.9557,87.5716,-0.1682,0.0751
1779816506621,2,11.0000004b,Drive,Delivery,pitch.1,335475,0.5593,0.3096,0.6197,0.0857,-0.1143,0.0344,0.0,0.0
1779816506621,2,12.00000015,Lower Delivery,Delivery,pitch.1,335199,1.4288,-57.7011,149.6242,-294.1291,253.5974,75.2222,-0.1799,-0.2087
1779816506621,2,12.00000018,Upper Delivery,Delivery,pitch.1,335755,-0.8634,-0.5427,45.8396,70.5774,32.7387,18.9712,-0.0758,0.1635
1779816506621,2,Pitching Mound.Delivery,,Delivery,pitch.1,334959,0.5654,-58.2438,195.4638,-188.2649,286.3361,93.414,-0.1555,0.0591
1779816506621,2,Pitching Mound.Drive,,Delivery,pitch.1,335475,0.5593,0.3096,0.6197,0.0857,-0.1143,0.0344,0.0,0.0
1779816506621,2,Pitching Mound.Parent,,Delivery,pitch.1,334666,1.1247,-57.9342,196.0835,-188.1793,286.2218,93.4484,-0.155,0.0589
1779816506622,2,11.0000004b,Drive,Delivery,pitch.1,335476,0.6005,0.3572,0.6597,0.0924,-0.1188,0.036,0.0,0.0
1779816506622,2,12.00000015,Lower Delivery,Delivery,pitch.1,335200,2.5075,-57.4241,149.5766,-298.2816,256.1466,78.9195,-0.1818,-0.2117
1779816506622,2,Pitching Mound.Drive,,Delivery,pitch.1,335476,0.6005,0.3572,0.6597,0.0924,-0.1188,0.036,0.0,0.0
1779816506623,2,11.0000004b,Drive,Delivery,pitch.1,335477,0.6134,0.3888,0.6694,0.0999,-0.1192,0.044,0.0,0.0
1779816506623,2,12.00000015,Lower Delivery,Delivery,pitch.1,335201,2.9804,-56.1229,143.8765,-304.3309,252.2164,84.0715,-0.1861,-0.2246
1779816506623,2,12.00000018,Upper Delivery,Delivery,pitch.1,335756,0.0707,0.4101,47.5028,63.3797,21.9661,22.2366,-0.0491,0.1416
1779816506623,2,12.00000018,Upper Delivery,Delivery,pitch.1,335757,0.5444,0.4582,46.5237,59.3386,13.4906,22.6588,-0.0308,0.1354
1779816506623,2,Pitching Mound.Delivery,,Delivery,pitch.1,334960,2.5782,-57.014,197.0794,-200.1968,278.1127,100.3276,-0.1498,0.0496
1779816506623,2,Pitching Mound.Delivery,,Delivery,pitch.1,334961,3.5248,-55.6648,190.4001,-211.8923,265.707,105.902,-0.1482,0.0372
1779816506623,2,Pitching Mound.Drive,,Delivery,pitch.1,335477,0.6134,0.3888,0.6694,0.0999,-0.1192,0.044,0.0,0.0
1779816506623,2,Pitching Mound.Parent,,Delivery,pitch.1,334667,3.1786,-56.6568,197.7391,-200.1044,277.9939,100.3635,-0.1493,0.0494
1779816506623,2,Pitching Mound.Parent,,Delivery,pitch.1,334668,4.1383,-55.2759,191.0695,-211.7924,265.5878,105.946,-0.1476,0.0371
1779816506624,2,11.0000004b,Drive,Delivery,pitch.1,335478,0.5934,0.3961,0.6856,0.1099,-0.1273,0.0745,0.0,0.0
1779816506624,2,12.00000015,Lower Delivery,Delivery,pitch.1,335202,4.4294,-55.1647,141.962,-305.828,256.4897,89.1746,-0.1918,-0.2287
1779816506624,2,12.00000018,Upper Delivery,Delivery,pitch.1,335758,0.4187,-0.4151,38.953,60.5168,9.7373,23.1979,-0.0265,0.1649
1779816506624,2,Pitching Mound.Delivery,,Delivery,pitch.1,334962,4.8481,-55.5798,180.915,-210.2881,266.227,111.0089,-0.1562,0.0496
1779816506624,2,Pitching Mound.Drive,,Delivery,pitch.1,335478,0.5934,0.3961,0.6856,0.1099,-0.1273,0.0745,0.0,0.0
1779816506624,2,Pitching Mound.Parent,,Delivery,pitch.1,334669,5.4415,-55.1837,181.6007,-210.1782,266.0997,111.0834,-0.1556,0.0495
1779816506625,2,11.0000004b,Drive,Delivery,pitch.1,335479,0.5723,0.3974,0.6788,0.1172,-0.1271,0.0627,0.0,0.0
1779816506625,2,12.00000015,Lower Delivery,Delivery,pitch.1,335203,6.7272,-55.3386,142.8245,-314.3199,265.5694,94.8208,-0.1974,-0.2336
1779816506625,2,Pitching Mound.Drive,,Delivery,pitch.1,335479,0.5723,0.3974,0.6788,0.1172,-0.1271,0.0627,0.0,0.0
1779816506626,2,11.0000004b,Drive,Delivery,pitch.1,335480,0.5323,0.3777,0.6716,0.104,-0.1247,0.0467,0.0,0.0
1779816506626,2,12.00000015,Lower Delivery,Delivery,pitch.1,335204,8.1223,-55.169,140.4114,-319.1258,272.1673,100.3342,-0.2058,-0.2413
1779816506626,2,12.00000018,Upper Delivery,Delivery,pitch.1,335759,0.9341,-1.6922,36.5405,64.8492,12.0798,20.8721,-0.0351,0.1884
1779816506626,2,Pitching Mound.Delivery,,Delivery,pitch.1,334963,7.6613,-57.0307,179.3651,-213.3341,277.6493,113.7232,-0.1643,0.0538
1779816506626,2,Pitching Mound.Drive,,Delivery,pitch.1,335480,0.5323,0.3777,0.6716,0.104,-0.1247,0.0467,0.0,0.0
1779816506626,2,Pitching Mound.Parent,,Delivery,pitch.1,334670,8.2335,-56.6334,180.0439,-213.2169,277.5222,113.7859,-0.1637,0.0536
1779816506627,2,11.0000004b,Drive,Delivery,pitch.1,335481,0.4865,0.36,0.6287,0.1041,-0.1202,0.0493,0.0,0.0
1779816506627,2,12.00000015,Lower Delivery,Delivery,pitch.1,335205,9.0701,-54.5301,137.6431,-321.0845,281.8155,104.8325,-0.2174,-0.2476
1779816506627,2,12.00000018,Upper Delivery,Delivery,pitch.1,335760,1.4999,-3.1174,33.6626,73.8666,21.335,19.8555,-0.0673,0.233
1779816506627,2,Pitching Mound.Delivery,,Delivery,pitch.1,334964,9.6222,-58.2864,174.074,-208.9646,293.5023,117.938,-0.179,0.0589
1779816506627,2,Pitching Mound.Drive,,Delivery,pitch.1,335481,0.4865,0.36,0.6287,0.1041,-0.1202,0.0493,0.0,0.0
1779816506627,2,Pitching Mound.Parent,,Delivery,pitch.1,334671,10.1545,-57.9087,174.7457,-208.8606,293.3777,117.9847,-0.1783,0.0587
1779816506628,2,11.0000004b,Drive,Delivery,pitch.1,335482,0.4349,0.3474,0.6276,0.1001,-0.1223,0.0573,0.0,0.0
1779816506628,2,12.00000015,Lower Delivery,Delivery,pitch.1,335206,10.1407,-54.5635,139.2661,-328.4279,290.2979,107.3836,-0.2213,-0.2504
1779816506628,2,12.00000018,Upper Delivery,Delivery,pitch.1,335762,1.3514,-5.9528,48.3652,119.771,55.265,19.7245,-0.1213,0.2629
1779816506628,2,12.00000018,Upper Delivery,Delivery,pitch.1,335761,1.49,-4.3546,30.9958,87.0791,34.0845,19.4022,-0.1167,0.2983
1779816506628,2,Pitching Mound.Delivery,,Delivery,pitch.1,334965,10.5601,-58.8846,168.6389,-197.7454,315.8999,121.6574,-0.1989,0.0677
1779816506628,2,Pitching Mound.Delivery,,Delivery,pitch.1,334966,11.4921,-60.5163,187.6313,-177.7506,345.5629,124.1197,-0.1955,0.0467
1779816506628,2,Pitching Mound.Drive,,Delivery,pitch.1,335482,0.4349,0.3474,0.6276,0.1001,-0.1223,0.0573,0.0,0.0
1779816506628,2,Pitching Mound.Parent,,Delivery,pitch.1,334672,11.0466,-58.5247,169.2676,-197.6412,315.7797,121.7067,-0.1981,0.0675
1779816506628,2,Pitching Mound.Parent,,Delivery,pitch.1,334673,11.927,-60.1689,188.259,-177.6505,345.4406,124.177,-0.1949,0.0465
1779816506629,2,11.0000004b,Drive,Delivery,pitch.1,335483,0.429,0.3842,0.648,0.1102,-0.136,0.0722,0.0,0.0
1779816506629,2,12.00000015,Lower Delivery,Delivery,pitch.1,335207,10.7804,-54.3313,139.3156,-327.3984,292.2863,109.5455,-0.2227,-0.2495
1779816506629,2,12.00000018,Upper Delivery,Delivery,pitch.1,335763,1.5173,-7.3499,41.9024,132.6837,62.91,19.632,-0.1594,0.327
1779816506629,2,Pitching Mound.Delivery,,Delivery,pitch.1,334967,12.2977,-61.6812,181.218,-161.5942,355.1963,126.028,-0.2081,0.0666
1779816506629,2,Pitching Mound.Drive,,Delivery,pitch.1,335483,0.429,0.3842,0.648,0.1102,-0.136,0.0722,0.0,0.0
1779816506629,2,Pitching Mound.Parent,,Delivery,pitch.1,334674,12.7267,-61.297,181.866,-161.4841,355.0603,126.1001,-0.2073,0.0663
1779816506630,2,11.0000004b,Drive,Delivery,pitch.1,335484,0.3819,0.3477,0.6423,0.1061,-0.1408,0.0741,0.0,0.0
1779816506630,2,12.00000015,Lower Delivery,Delivery,pitch.1,335208,11.0226,-54.5928,139.3397,-325.8875,292.7669,110.008,-0.2231,-0.2483
1779816506630,2,12.00000018,Upper Delivery,Delivery,pitch.1,335764,0.5605,-7.7311,39.4642,133.5049,54.4135,20.5209,-0.1464,0.327
1779816506630,2,Pitching Mound.Delivery,,Delivery,pitch.1,334968,11.5831,-62.3239,178.8039,-158.4249,347.1804,126.9718,-0.2061,0.0686
1779816506630,2,Pitching Mound.Drive,,Delivery,pitch.1,335484,0.3819,0.3477,0.6423,0.1061,-0.1408,0.0741,0.0,0.0
1779816506630,2,Pitching Mound.Parent,,Delivery,pitch.1,334675,11.965,-61.9762,179.4462,-158.3189,347.0397,127.0459,-0.2054,0.0684
1779816506631,2,11.0000004b,Drive,Delivery,pitch.1,335485,0.3542,0.334,0.6186,0.1119,-0.1415,0.0953,0.0,0.0
1779816506631,2,12.00000015,Lower Delivery,Delivery,pitch.1,335209,10.919,-55.049,141.8507,-323.0647,292.0141,108.5617,-0.2185,-0.2418
1779816506631,2,12.00000018,Upper Delivery,Delivery,pitch.1,335765,-0.8921,-8.9559,38.5179,138.0415,48.2976,21.6235,-0.1331,0.327
1779816506631,2,Pitching Mound.Delivery,,Delivery,pitch.1,334969,10.0269,-64.0049,180.3686,-149.89,340.3117,126.1694,-0.2003,0.0745
1779816506631,2,Pitching Mound.Drive,,Delivery,pitch.1,335485,0.3542,0.334,0.6186,0.1119,-0.1415,0.0953,0.0,0.0
1779816506631,2,Pitching Mound.Parent,,Delivery,pitch.1,334676,10.3811,-63.6709,180.9872,-149.7782,340.1702,126.2646,-0.1996,0.0742
1779816506632,2,11.0000004b,Drive,Delivery,pitch.1,335486,0.3333,0.3211,0.6219,0.1281,-0.1509,0.1257,0.0,0.0
1779816506632,2,12.00000015,Lower Delivery,Delivery,pitch.1,335210,10.3285,-55.7334,142.8695,-319.906,292.2064,107.0567,-0.2171,-0.2377
1779816506632,2,12.00000018,Upper Delivery,Delivery,pitch.1,335766,-1.7781,-9.0893,35.4871,136.9453,40.7035,23.598,-0.1218,0.327
1779816506632,2,Pitching Mound.Delivery,,Delivery,pitch.1,334970,8.5504,-64.8227,178.3566,-146.4507,332.9098,126.5385,-0.1982,0.0794
1779816506632,2,Pitching Mound.Drive,,Delivery,pitch.1,335486,0.3333,0.3211,0.6219,0.1281,-0.1509,0.1257,0.0,0.0
1779816506632,2,Pitching Mound.Parent,,Delivery,pitch.1,334677,8.8837,-64.5016,178.9785,-146.3226,332.7589,126.6642,-0.1975,0.0791
1779816506633,2,11.0000004b,Drive,Delivery,pitch.1,335487,0.3059,0.3057,0.6166,0.1335,-0.1562,0.1461,0.0,0.0
1779816506633,2,12.00000015,Lower Delivery,Delivery,pitch.1,335211,9.8871,-56.3091,142.1707,-312.7962,290.015,105.1567,-0.2166,-0.2336
1779816506633,2,12.00000018,Upper Delivery,Delivery,pitch.1,335767,-3.2272,-9.1312,32.6209,117.6239,30.5975,26.086,-0.0996,0.327
1779816506633,2,Pitching Mound.Delivery,,Delivery,pitch.1,334971,6.6599,-65.4403,174.7916,-157.9254,320.6125,126.7838,-0.1947,0.0841
1779816506633,2,Pitching Mound.Drive,,Delivery,pitch.1,335487,0.3059,0.3057,0.6166,0.1335,-0.1562,0.1461,0.0,0.0
1779816506633,2,Pitching Mound.Parent,,Delivery,pitch.1,334678,6.9658,-65.1345,175.4081,-157.7918,320.4563,126.9299,-0.194,0.0838
1779816506634,2,11.0000004b,Drive,Delivery,pitch.1,335488,0.3003,0.3115,0.6066,0.1708,-0.1738,0.181,0.0,0.0
1779816506634,2,12.00000015,Lower Delivery,Delivery,pitch.1,335212,9.1319,-56.8328,139.2768,-304.5179,290.1758,103.2866,-0.2212,-0.2321
1779816506634,2,12.00000018,Upper Delivery,Delivery,pitch.1,335768,-4.5336,-8.6531,30.3968,107.3282,25.9597,27.7501,-0.0907,0.327
1779816506634,2,Pitching Mound.Delivery,,Delivery,pitch.1,334972,4.5983,-65.4859,169.6736,-160.1704,316.1355,126.3904,-0.1978,0.0862
1779816506634,2,Pitching Mound.Drive,,Delivery,pitch.1,335488,0.3003,0.3115,0.6066,0.1708,-0.1738,0.181,0.0,0.0
1779816506634,2,Pitching Mound.Parent,,Delivery,pitch.1,334679,4.8987,-65.1744,170.2802,-159.9997,315.9617,126.5714,-0.1971,0.0859
1779816506635,2,11.0000004b,Drive,Delivery,pitch.1,335489,0.2563,0.2776,0.5852,0.1726,-0.1767,0.2008,0.0,0.0
1779816506635,2,12.00000015,Lower Delivery,Delivery,pitch.1,335213,8.8377,-57.4437,137.6991,-294.4142,288.2184,102.094,-0.2222,-0.227
1779816506635,2,12.00000018,Upper Delivery,Delivery,pitch.1,335769,-5.0046,-8.5248,29.1453,98.9046,24.5854,29.4519,-0.0896,0.327
1779816506635,2,Pitching Mound.Delivery,,Delivery,pitch.1,334973,3.833,-65.9684,166.8444,-158.6013,312.8037,126.8396,-0.199,0.091
1779816506635,2,Pitching Mound.Drive,,Delivery,pitch.1,335489,0.2563,0.2776,0.5852,0.1726,-0.1767,0.2008,0.0,0.0
1779816506635,2,Pitching Mound.Parent,,Delivery,pitch.1,334680,4.0893,-65.6909,167.4296,-158.4287,312.627,127.0404,-0.1983,0.0907
1779816506636,2,11.0000004b,Drive,Delivery,pitch.1,335490,0.2275,0.2507,0.5698,0.1856,-0.1777,0.1696,0.0,0.0
1779816506636,2,12.00000015,Lower Delivery,Delivery,pitch.1,335214,8.3021,-57.9508,136.4302,-288.1146,290.1115,99.8761,-0.2257,-0.2242
1779816506636,2,12.00000018,Upper Delivery,Delivery,pitch.1,335770,-5.0263,-9.3971,30.583,89.3877,27.1081,30.7026,-0.0941,0.3103
1779816506636,2,Pitching Mound.Delivery,,Delivery,pitch.1,334974,3.2758,-67.3478,167.0132,-162.7388,317.2197,126.0471,-0.2016,0.0892
1779816506636,2,Pitching Mound.Drive,,Delivery,pitch.1,335490,0.2275,0.2507,0.5698,0.1856,-0.1777,0.1696,0.0,0.0
1779816506636,2,Pitching Mound.Parent,,Delivery,pitch.1,334681,3.5032,-67.0971,167.583,-162.5532,317.042,126.2167,-0.201,0.0889
1779816506637,2,11.0000004b,Drive,Delivery,pitch.1,335491,0.1983,0.2082,0.4767,0.1776,-0.1778,0.1846,0.0,0.0
1779816506637,2,12.00000015,Lower Delivery,Delivery,pitch.1,335215,8.3278,-58.0158,133.9575,-278.5418,288.6176,98.4935,-0.2287,-0.2207
1779816506637,2,12.00000018,Upper Delivery,Delivery,pitch.1,335771,-5.4448,-10.334,28.8374,95.8557,36.0816,30.631,-0.1328,0.327
1779816506637,2,Pitching Mound.Delivery,,Delivery,pitch.1,334975,2.883,-68.3498,162.7949,-146.9452,324.6993,124.4418,-0.2117,0.0958
1779816506637,2,Pitching Mound.Drive,,Delivery,pitch.1,335491,0.1983,0.2082,0.4767,0.1776,-0.1778,0.1846,0.0,0.0
1779816506637,2,Pitching Mound.Parent,,Delivery,pitch.1,334682,3.0813,-68.1416,163.2716,-146.7676,324.5215,124.6264,-0.2111,0.0956
1779816506638,2,11.0000004b,Drive,Delivery,pitch.1,335493,0.1266,0.1312,0.2319,0.146,-0.1592,0.1436,0.0,0.0
1779816506638,2,11.0000004b,Drive,Delivery,pitch.1,335492,0.1749,0.1873,0.3975,0.1645,-0.1714,0.1689,0.0,0.0
1779816506638,2,12.00000015,Lower Delivery,Delivery,pitch.1,335216,8.1604,-58.3819,132.1694,-275.592,291.1326,98.2125,-0.2338,-0.2214
1779816506638,2,12.00000018,Upper Delivery,Delivery,pitch.1,335772,-5.727,-10.4935,29.9981,104.0128,43.0901,30.036,-0.1525,0.327
1779816506638,2,Pitching Mound.Delivery,,Delivery,pitch.1,334976,2.4334,-68.8754,162.1675,-136.841,334.2227,123.5268,-0.2188,0.0943
1779816506638,2,Pitching Mound.Drive,,Delivery,pitch.1,335493,0.1266,0.1312,0.2319,0.146,-0.1592,0.1436,0.0,0.0
1779816506638,2,Pitching Mound.Drive,,Delivery,pitch.1,335492,0.1749,0.1873,0.3975,0.1645,-0.1714,0.1689,0.0,0.0
1779816506638,2,Pitching Mound.Parent,,Delivery,pitch.1,334683,2.6083,-68.6881,162.5649,-136.6765,334.0513,123.6957,-0.2183,0.0941
1779816506639,2,11.0000004b,Drive,Delivery,pitch.1,335494,0.0863,0.071,0.0838,0.1358,-0.1495,0.1203,0.0,0.0
1779816506639,2,12.00000015,Lower Delivery,Delivery,pitch.1,335217,8.0493,-58.5555,130.5437,-271.293,291.1382,97.5609,-0.2368,-0.2206
1779816506639,2,12.00000018,Upper Delivery,Delivery,pitch.1,335773,-5.7567,-10.4443,33.554,105.6089,44.9041,28.8347,-0.1421,0.327
1779816506639,2,Pitching Mound.Delivery,,Delivery,pitch.1,334977,2.2926,-68.9998,164.0977,-132.7076,336.0423,121.7016,-0.2174,0.0923
1779816506639,2,Pitching Mound.Drive,,Delivery,pitch.1,335494,0.0863,0.071,0.0838,0.1358,-0.1495,0.1203,0.0,0.0
1779816506639,2,Pitching Mound.Parent,,Delivery,pitch.1,334684,2.4192,-68.8686,164.3296,-132.5616,335.8831,121.8452,-0.2171,0.0922
1779816506640,2,12.00000015,Lower Delivery,Delivery,pitch.1,335218,7.9281,-58.487,130.2407,-269.153,290.0627,97.3169,-0.2364,-0.2194
1779816506640,2,12.00000018,Upper Delivery,Delivery,pitch.1,335774,-5.6205,-10.0389,33.2402,110.5946,47.9879,26.9586,-0.1533,0.327
1779816506640,2,Pitching Mound.Delivery,,Delivery,pitch.1,334978,2.3076,-68.5259,163.4809,-125.5783,338.0506,119.669,-0.2195,0.0934
1779816506640,2,Pitching Mound.Parent,,Delivery,pitch.1,334685,2.3939,-68.4549,163.5647,-125.4425,337.9011,119.7894,-0.2194,0.0934
1779816506641,2,11.0000004b,Drive,Delivery,pitch.1,335495,0.0573,0.064,0.0687,0.1258,-0.1396,0.0818,0.0,0.0
1779816506641,2,11.0000004b,Drive,Delivery,pitch.1,335496,0.0526,0.0514,0.0637,0.1262,-0.1375,0.0478,0.0,0.0
1779816506641,2,12.00000015,Lower Delivery,Delivery,pitch.1,335219,8.1118,-58.5959,130.1295,-269.2003,289.1435,97.1023,-0.2359,-0.2196
1779816506641,2,12.00000018,Upper Delivery,Delivery,pitch.1,335775,-5.5153,-9.2026,37.2136,111.622,39.7525,25.1911,-0.1134,0.3184
1779816506641,2,Pitching Mound.Delivery,,Delivery,pitch.1,334979,2.5965,-67.7985,167.343,-125.9869,328.896,117.6603,-0.2087,0.0888
1779816506641,2,Pitching Mound.Drive,,Delivery,pitch.1,335495,0.0573,0.064,0.0687,0.1258,-0.1396,0.0818,0.0,0.0
1779816506641,2,Pitching Mound.Drive,,Delivery,pitch.1,335496,0.0526,0.0514,0.0637,0.1262,-0.1375,0.0478,0.0,0.0
1779816506641,2,Pitching Mound.Parent,,Delivery,pitch.1,334686,2.6538,-67.7345,167.4117,-125.8611,328.7564,117.7421,-0.2086,0.0888
1779816506642,2,11.0000004b,Drive,Delivery,pitch.1,335497,0.0443,0.0511,0.0603,0.1328,-0.1296,0.0168,0.0,0.0
1779816506642,2,12.00000015,Lower Delivery,Delivery,pitch.1,335220,7.9575,-58.6898,129.6211,-267.326,285.0148,96.4283,-0.2334,-0.2189
1779816506642,2,12.00000018,Upper Delivery,Delivery,pitch.1,335776,-5.0414,-6.6724,42.4421,114.1947,38.5254,23.8209,-0.0964,0.2856
1779816506642,2,Pitching Mound.Delivery,,Delivery,pitch.1,334980,2.916,-65.3623,172.0632,-123.4905,323.5402,115.8296,-0.1996,0.0778
1779816506642,2,Pitching Mound.Drive,,Delivery,pitch.1,335497,0.0443,0.0511,0.0603,0.1328,-0.1296,0.0168,0.0,0.0
1779816506642,2,Pitching Mound.Parent,,Delivery,pitch.1,334687,2.9686,-65.3109,172.1269,-123.3643,323.4027,115.8774,-0.1995,0.0778
1779816506643,2,12.00000015,Lower Delivery,Delivery,pitch.1,335221,7.92,-58.4984,130.3767,-270.1553,282.4721,96.0432,-0.23,-0.22
1779816506643,2,12.00000018,Upper Delivery,Delivery,pitch.1,335777,-4.3184,-5.8128,44.1316,113.7748,30.048,22.1883,-0.0723,0.2737
1779816506643,2,Pitching Mound.Delivery,,Delivery,pitch.1,334981,3.6016,-64.3112,174.5083,-127.0572,312.5201,114.0704,-0.1901,0.0729
1779816506643,2,Pitching Mound.Parent,,Delivery,pitch.1,334688,3.6459,-64.2601,174.5686,-126.9243,312.3906,114.0873,-0.1901,0.0729
1779816506644,2,11.0000004b,Drive,Delivery,pitch.1,335498,0.049,0.0475,0.0617,0.173,-0.1168,0.0074,0.0,0.0
1779816506644,2,11.0000004b,Drive,Delivery,pitch.1,335499,0.0444,0.0454,0.0599,0.151,-0.1106,0.0057,0.0,0.0
1779816506644,2,12.00000015,Lower Delivery,Delivery,pitch.1,335222,7.4831,-58.1317,131.7398,-276.6427,278.764,95.8343,-0.2246,-0.2229
1779816506644,2,12.00000018,Upper Delivery,Delivery,pitch.1,335778,-3.5288,-4.2197,42.2681,106.7597,30.3785,20.9663,-0.0763,0.2681
1779816506644,2,Pitching Mound.Delivery,,Delivery,pitch.1,334982,3.9543,-62.3514,174.0079,-139.4626,309.1426,113.0566,-0.1886,0.0712
1779816506644,2,Pitching Mound.Drive,,Delivery,pitch.1,335498,0.049,0.0475,0.0617,0.173,-0.1168,0.0074,0.0,0.0
1779816506644,2,Pitching Mound.Drive,,Delivery,pitch.1,335499,0.0444,0.0454,0.0599,0.151,-0.1106,0.0057,0.0,0.0
1779816506644,2,Pitching Mound.Parent,,Delivery,pitch.1,334689,4.0033,-62.3039,174.0696,-139.2896,309.0257,113.064,-0.1885,0.0712
1779816506645,2,11.0000004b,Drive,Delivery,pitch.1,335500,0.0536,0.0504,0.0678,0.1795,-0.1127,0.0058,0.0,0.0
1779816506645,2,12.00000015,Lower Delivery,Delivery,pitch.1,335223,7.4556,-57.6572,132.4372,-283.7881,277.9978,95.7953,-0.2228,-0.2275
1779816506645,2,12.00000018,Upper Delivery,Delivery,pitch.1,335779,-3.2607,-4.1132,37.7633,110.995,39.0553,20.3237,-0.1098,0.312
1779816506645,2,Pitching Mound.Delivery,,Delivery,pitch.1,334983,4.1949,-61.7704,170.2005,-140.604,317.0531,112.4755,-0.1978,0.0813
1779816506645,2,Pitching Mound.Drive,,Delivery,pitch.1,335500,0.0536,0.0504,0.0678,0.1795,-0.1127,0.0058,0.0,0.0
1779816506645,2,Pitching Mound.Parent,,Delivery,pitch.1,334690,4.2393,-61.725,170.2604,-140.453,316.9425,112.4812,-0.1977,0.0813
1779816506646,2,12.00000015,Lower Delivery,Delivery,pitch.1,335224,7.6936,-57.5299,133.5339,-291.0613,276.2378,95.5461,-0.2196,-0.2314
1779816506646,2,12.00000018,Upper Delivery,Delivery,pitch.1,335780,-2.5414,-4.39,25.7608,97.1328,31.2225,20.4712,-0.1287,0.327
1779816506646,2,Pitching Mound.Delivery,,Delivery,pitch.1,334984,5.1523,-61.9199,159.2947,-157.2857,307.4603,112.5374,-0.2049,0.0889
1779816506646,2,Pitching Mound.Parent,,Delivery,pitch.1,334691,5.2059,-61.8696,159.3625,-157.1061,307.3476,112.5432,-0.2048,0.0889
1779816506647,2,11.0000004b,Drive,Delivery,pitch.1,335502,0.1067,0.1292,0.2371,0.2323,-0.1107,0.0061,0.0,0.0
1779816506647,2,11.0000004b,Drive,Delivery,pitch.1,335501,0.0829,0.0902,0.1446,0.2061,-0.109,0.006,0.0,0.0
1779816506647,2,12.00000015,Lower Delivery,Delivery,pitch.1,335225,7.686,-57.0293,133.0886,-299.4496,276.7555,95.4478,-0.2208,-0.2389
1779816506647,2,12.00000018,Upper Delivery,Delivery,pitch.1,335781,-2.029,-4.8803,24.7296,95.598,32.722,21.7153,-0.1405,0.327
1779816506647,2,Pitching Mound.Delivery,,Delivery,pitch.1,334985,5.657,-61.9096,157.8182,-167.0096,309.4775,113.86,-0.2082,0.0833
1779816506647,2,Pitching Mound.Drive,,Delivery,pitch.1,335502,0.1067,0.1292,0.2371,0.2323,-0.1107,0.0061,0.0,0.0
1779816506647,2,Pitching Mound.Drive,,Delivery,pitch.1,335501,0.0829,0.0902,0.1446,0.2061,-0.109,0.006,0.0,0.0
1779816506647,2,Pitching Mound.Parent,,Delivery,pitch.1,334692,5.7399,-61.8194,157.9628,-166.8035,309.3685,113.866,-0.208,0.0832
1779816506648,2,11.0000004b,Drive,Delivery,pitch.1,335503,0.1413,0.1917,0.3774,0.2083,-0.1108,0.0107,0.0,0.0
1779816506648,2,12.00000015,Lower Delivery,Delivery,pitch.1,335226,7.7205,-56.6124,130.8145,-304.3241,275.0804,96.1798,-0.2232,-0.247
1779816506648,2,12.00000018,Upper Delivery,Delivery,pitch.1,335782,-1.4663,-5.6496,27.5978,97.4328,35.5558,22.8048,-0.1368,0.327
1779816506648,2,Pitching Mound.Delivery,,Delivery,pitch.1,334986,6.2542,-62.2619,158.4123,-171.7976,310.6362,115.8611,-0.2082,0.0746
1779816506648,2,Pitching Mound.Drive,,Delivery,pitch.1,335503,0.1413,0.1917,0.3774,0.2083,-0.1108,0.0107,0.0,0.0
1779816506648,2,Pitching Mound.Parent,,Delivery,pitch.1,334693,6.3609,-62.1327,158.6494,-171.5653,310.5255,115.8672,-0.2079,0.0744
1779816506649,2,11.0000004b,Drive,Delivery,pitch.1,335504,0.1898,0.2576,0.5361,0.2442,-0.1088,0.0125,0.0,0.0
1779816506649,2,12.00000015,Lower Delivery,Delivery,pitch.1,335227,8.3616,-56.3217,131.4067,-310.2199,276.8585,96.9879,-0.2237,-0.2506
1779816506649,2,12.00000018,Upper Delivery,Delivery,pitch.1,335783,-1.2682,-6.6047,28.1961,94.4095,37.8184,23.5879,-0.1424,0.327
1779816506649,2,Pitching Mound.Delivery,,Delivery,pitch.1,334987,7.0934,-62.9264,159.6028,-180.7188,314.6769,117.3017,-0.2093,0.0713
1779816506649,2,Pitching Mound.Drive,,Delivery,pitch.1,335504,0.1898,0.2576,0.5361,0.2442,-0.1088,0.0125,0.0,0.0
1779816506649,2,Pitching Mound.Parent,,Delivery,pitch.1,334694,7.2347,-62.7347,159.9802,-180.5105,314.566,117.3124,-0.2088,0.0711
1779816506650,2,11.0000004b,Drive,Delivery,pitch.1,335505,0.2318,0.3227,0.6791,0.2322,-0.1109,0.0166,0.0,0.0
1779816506650,2,12.00000015,Lower Delivery,Delivery,pitch.1,335228,8.3641,-55.474,127.6306,-312.9173,277.9469,97.8281,-0.2312,-0.2603
1779816506650,2,12.00000018,Upper Delivery,Delivery,pitch.1,335784,-0.776,-6.4107,31.1425,84.5912,26.4594,24.996,-0.0902,0.2884
1779816506650,2,Pitching Mound.Delivery,,Delivery,pitch.1,334988,7.5881,-61.8847,158.7731,-195.5201,304.4064,119.7165,-0.2035,0.054
1779816506650,2,Pitching Mound.Drive,,Delivery,pitch.1,335505,0.2318,0.3227,0.6791,0.2322,-0.1109,0.0166,0.0,0.0
1779816506650,2,Pitching Mound.Parent,,Delivery,pitch.1,334695,7.7779,-61.6272,159.3092,-195.276,304.2976,119.7291,-0.2029,0.0538
1779816506651,2,11.0000004b,Drive,Delivery,pitch.1,335506,0.2848,0.3515,0.7417,0.2234,-0.1139,0.0166,0.0,0.0
1779816506651,2,12.00000015,Lower Delivery,Delivery,pitch.1,335229,8.4885,-55.365,126.7459,-316.187,279.8575,99.0118,-0.2344,-0.2648
1779816506651,2,12.00000018,Upper Delivery,Delivery,pitch.1,335785,-0.8478,-6.072,31.8381,78.78,21.8074,25.7705,-0.0727,0.2627
1779816506651,2,Pitching Mound.Delivery,,Delivery,pitch.1,334989,7.6407,-61.437,158.584,-205.1384,301.6648,121.608,-0.2019,0.0445
1779816506651,2,Pitching Mound.Drive,,Delivery,pitch.1,335506,0.2848,0.3515,0.7417,0.2234,-0.1139,0.0166,0.0,0.0
1779816506651,2,Pitching Mound.Parent,,Delivery,pitch.1,334696,7.8725,-61.1143,159.2631,-204.9062,301.5539,121.6246,-0.2011,0.0444
1779816506652,2,11.0000004b,Drive,Delivery,pitch.1,335507,0.3694,0.4254,0.7305,0.223,-0.1213,0.0385,0.0,0.0
1779816506652,2,12.00000015,Lower Delivery,Delivery,pitch.1,335230,8.6362,-55.2429,127.7582,-318.8208,281.1132,100.3126,-0.2336,-0.2649
1779816506652,2,12.00000018,Upper Delivery,Delivery,pitch.1,335786,-0.7076,-5.9775,31.1819,79.2576,18.3148,26.991,-0.0624,0.2698
1779816506652,2,Pitching Mound.Delivery,,Delivery,pitch.1,334990,7.9287,-61.2204,158.9401,-206.7272,299.428,124.1267,-0.2,0.0466
1779816506652,2,Pitching Mound.Drive,,Delivery,pitch.1,335507,0.3694,0.4254,0.7305,0.223,-0.1213,0.0385,0.0,0.0
1779816506652,2,Pitching Mound.Parent,,Delivery,pitch.1,334697,8.2135,-60.8689,159.6818,-206.5038,299.3141,124.1433,-0.1991,0.0464
1779816506653,2,11.0000004b,Drive,Delivery,pitch.1,335508,0.416,0.4498,0.724,0.164,-0.1176,0.0494,0.0,0.0
1779816506653,2,12.00000015,Lower Delivery,Delivery,pitch.1,335231,9.3694,-54.9745,128.8818,-318.3614,283.0603,101.319,-0.2332,-0.2622
1779816506653,2,12.00000018,Upper Delivery,Delivery,pitch.1,335787,-0.7623,-6.1998,32.9631,91.0919,23.6103,28.1126,-0.076,0.2934
1779816506653,2,Pitching Mound.Delivery,,Delivery,pitch.1,334991,8.6071,-61.1743,161.8448,-194.6571,306.6706,125.9868,-0.2012,0.0524
1779816506653,2,Pitching Mound.Drive,,Delivery,pitch.1,335508,0.416,0.4498,0.724,0.164,-0.1176,0.0494,0.0,0.0
1779816506653,2,Pitching Mound.Parent,,Delivery,pitch.1,334698,8.9765,-60.7489,162.5753,-194.434,306.5493,126.0253,-0.2003,0.0522
1779816506654,2,11.0000004b,Drive,Delivery,pitch.1,335509,0.4596,0.4648,0.7113,0.1108,-0.1175,0.0878,0.0,0.0
1779816506654,2,12.00000015,Lower Delivery,Delivery,pitch.1,335232,9.8243,-54.8657,131.1989,-316.1315,284.2841,101.6723,-0.23,-0.2558
1779816506654,2,12.00000018,Upper Delivery,Delivery,pitch.1,335788,-1.1266,-6.0049,33.4211,82.338,15.105,26.0714,-0.048,0.2615
1779816506654,2,Pitching Mound.Delivery,,Delivery,pitch.1,334992,8.6978,-60.8705,164.6199,-200.549,299.3892,124.0205,-0.1931,0.0512
1779816506654,2,Pitching Mound.Drive,,Delivery,pitch.1,335509,0.4596,0.4648,0.7113,0.1108,-0.1175,0.0878,0.0,0.0
1779816506654,2,Pitching Mound.Parent,,Delivery,pitch.1,334699,9.1137,-60.4207,165.3439,-200.3849,299.2715,124.0698,-0.1922,0.051
1779816506655,2,11.0000004b,Drive,Delivery,pitch.1,335510,0.5158,0.4617,0.7057,0.081,-0.1176,0.083,0.0,0.0
1779816506655,2,12.00000015,Lower Delivery,Delivery,pitch.1,335233,10.0997,-54.6314,133.7252,-313.7819,284.2245,102.0812,-0.2256,-0.2491
1779816506655,2,12.00000018,Upper Delivery,Delivery,pitch.1,335789,-1.8423,-5.7406,33.2905,86.6879,20.2691,25.4677,-0.0646,0.2764
1779816506655,2,Pitching Mound.Delivery,,Delivery,pitch.1,334993,8.2574,-60.3719,167.0157,-192.9461,304.4936,123.4886,-0.1935,0.0601
1779816506655,2,Pitching Mound.Drive,,Delivery,pitch.1,335510,0.5158,0.4617,0.7057,0.081,-0.1176,0.083,0.0,0.0
1779816506655,2,Pitching Mound.Parent,,Delivery,pitch.1,334700,8.717,-59.9071,167.727,-192.8353,304.376,123.5764,-0.1927,0.0599
1779816506656,2,11.0000004b,Drive,Delivery,pitch.1,335511,0.5109,0.4286,0.6929,0.0999,-0.1184,0.0753,0.0,0.0
1779816506656,2,12.00000015,Lower Delivery,Delivery,pitch.1,335234,10.1759,-54.7865,136.992,-310.1031,284.2742,101.9713,-0.2203,-0.2403
1779816506656,2,12.00000018,Upper Delivery,Delivery,pitch.1,335790,-2.0406,-5.8556,32.1029,97.829,27.1833,25.4856,-0.0899,0.3235
1779816506656,2,Pitching Mound.Delivery,,Delivery,pitch.1,334994,8.1353,-60.6421,169.095,-176.6118,311.4574,123.3033,-0.1955,0.0776
1779816506656,2,Pitching Mound.Drive,,Delivery,pitch.1,335511,0.5109,0.4286,0.6929,0.0999,-0.1184,0.0753,0.0,0.0
1779816506656,2,Pitching Mound.Parent,,Delivery,pitch.1,334701,8.6511,-60.1804,169.8006,-176.5308,311.3399,123.3863,-0.1947,0.0773
1779816506657,2,11.0000004b,Drive,Delivery,pitch.1,335512,0.5256,0.393,0.698,0.0916,-0.1134,0.0663,0.0,0.0
1779816506657,2,12.00000015,Lower Delivery,Delivery,pitch.1,335235,10.0063,-55.1352,136.8795,-302.1747,284.4236,101.0372,-0.2206,-0.2344
1779816506657,2,12.00000018,Upper Delivery,Delivery,pitch.1,335791,-2.6275,-5.9853,32.0408,103.7211,34.678,25.5357,-0.1149,0.327
1779816506657,2,Pitching Mound.Delivery,,Delivery,pitch.1,334995,7.3788,-61.1205,168.9204,-162.8085,319.1016,122.2775,-0.2005,0.0831
1779816506657,2,Pitching Mound.Drive,,Delivery,pitch.1,335512,0.5256,0.393,0.698,0.0916,-0.1134,0.0663,0.0,0.0
1779816506657,2,Pitching Mound.Parent,,Delivery,pitch.1,334702,7.8897,-60.6919,169.6133,-162.7086,318.9831,122.3528,-0.1997,0.0828
1779816506658,2,12.00000015,Lower Delivery,Delivery,pitch.1,335236,9.8478,-55.102,136.2919,-299.1141,284.6374,100.8813,-0.2217,-0.233
1779816506658,2,12.00000018,Upper Delivery,Delivery,pitch.1,335792,-3.0682,-6.5225,39.6486,122.751,47.5991,25.7739,-0.1275,0.327
1779816506658,2,Pitching Mound.Delivery,,Delivery,pitch.1,334996,6.7796,-61.6245,175.9406,-143.5044,332.2365,122.2637,-0.2005,0.08
1779816506658,2,Pitching Mound.Parent,,Delivery,pitch.1,334703,7.3052,-61.2316,176.6385,-143.4128,332.1232,122.33,-0.1997,0.0797
1779816506659,2,11.0000004b,Drive,Delivery,pitch.1,335514,0.4805,0.2926,0.6474,0.0448,-0.1077,0.0625,0.0,0.0
1779816506659,2,11.0000004b,Drive,Delivery,pitch.1,335513,0.5307,0.3592,0.7075,0.0931,-0.1148,0.0809,0.0,0.0
1779816506659,2,12.00000015,Lower Delivery,Delivery,pitch.1,335237,9.8648,-55.562,135.1014,-295.6564,286.5431,100.2266,-0.2252,-0.2323
1779816506659,2,12.00000018,Upper Delivery,Delivery,pitch.1,335793,-3.7253,-6.6481,38.4303,120.7266,47.5299,25.5013,-0.1313,0.327
1779816506659,2,Pitching Mound.Delivery,,Delivery,pitch.1,334997,6.1395,-62.21,173.5317,-142.0616,334.0729,121.1072,-0.2044,0.081
1779816506659,2,Pitching Mound.Drive,,Delivery,pitch.1,335514,0.4805,0.2926,0.6474,0.0448,-0.1077,0.0625,0.0,0.0
1779816506659,2,Pitching Mound.Drive,,Delivery,pitch.1,335513,0.5307,0.3592,0.7075,0.0931,-0.1148,0.0809,0.0,0.0
1779816506659,2,Pitching Mound.Parent,,Delivery,pitch.1,334704,6.6703,-61.8508,174.2392,-141.9685,333.9581,121.1881,-0.2035,0.0806
1779816506660,2,11.0000004b,Drive,Delivery,pitch.1,335515,0.4021,0.2171,0.622,0.0441,-0.1063,0.054,0.0,0.0
1779816506660,2,12.00000015,Lower Delivery,Delivery,pitch.1,335238,9.789,-55.914,133.9861,-292.437,285.8224,99.3128,-0.2265,-0.2317
1779816506660,2,12.00000018,Upper Delivery,Delivery,pitch.1,335794,-4.0055,-6.2289,40.4667,121.0991,47.3028,25.1825,-0.1241,0.3177
1779816506660,2,Pitching Mound.Delivery,,Delivery,pitch.1,334998,5.7835,-62.1429,174.4528,-139.5413,333.1253,119.8052,-0.2027,0.078
1779816506660,2,Pitching Mound.Drive,,Delivery,pitch.1,335515,0.4021,0.2171,0.622,0.0441,-0.1063,0.054,0.0,0.0
1779816506660,2,Pitching Mound.Parent,,Delivery,pitch.1,334705,6.264,-61.8503,175.1002,-139.4965,333.0176,119.8677,-0.202,0.0777
1779816506661,2,11.0000004b,Drive,Delivery,pitch.1,335516,0.3558,0.1798,0.6009,0.0415,-0.1148,0.0644,0.0,0.0
1779816506661,2,12.00000015,Lower Delivery,Delivery,pitch.1,335239,9.5764,-55.9377,133.0632,-293.9144,286.061,98.4583,-0.2282,-0.2345
1779816506661,2,12.00000018,Upper Delivery,Delivery,pitch.1,335795,-4.5039,-5.7802,45.1258,118.3637,45.9026,24.7871,-0.108,0.2785
1779816506661,2,Pitching Mound.Delivery,,Delivery,pitch.1,334999,5.0725,-61.7179,178.189,-145.652,331.9636,118.4582,-0.1978,0.0632
1779816506661,2,Pitching Mound.Drive,,Delivery,pitch.1,335516,0.3558,0.1798,0.6009,0.0415,-0.1148,0.0644,0.0,0.0
1779816506661,2,Pitching Mound.Parent,,Delivery,pitch.1,334706,5.4746,-61.5008,178.811,-145.6079,331.8573,118.5122,-0.1971,0.063
1779816506662,2,11.0000004b,Drive,Delivery,pitch.1,335517,0.2732,0.1226,0.4234,0.0565,-0.1203,0.0766,0.0,0.0
1779816506662,2,12.00000015,Lower Delivery,Delivery,pitch.1,335240,9.4224,-55.8055,132.0613,-294.3627,283.3997,98.252,-0.2278,-0.2366
1779816506662,2,12.00000018,Upper Delivery,Delivery,pitch.1,335796,-4.7311,-5.7137,41.0007,116.1708,42.332,24.6156,-0.1096,0.3008
1779816506662,2,Pitching Mound.Delivery,,Delivery,pitch.1,335000,4.6914,-61.5191,173.0621,-147.2313,325.7317,118.0554,-0.1998,0.0696
1779816506662,2,Pitching Mound.Drive,,Delivery,pitch.1,335517,0.2732,0.1226,0.4234,0.0565,-0.1203,0.0766,0.0,0.0
1779816506662,2,Pitching Mound.Parent,,Delivery,pitch.1,334707,5.0472,-61.3393,173.6629,-147.1899,325.6168,118.1197,-0.1991,0.0693
1779816506663,2,11.0000004b,Drive,Delivery,pitch.1,335518,0.1929,0.091,0.2661,0.0748,-0.1168,0.0415,0.0,0.0
1779816506663,2,12.00000015,Lower Delivery,Delivery,pitch.1,335241,9.3894,-55.6987,131.6201,-294.115,281.3368,98.2065,-0.2269,-0.2372
1779816506663,2,12.00000018,Upper Delivery,Delivery,pitch.1,335797,-4.7931,-5.1229,40.2947,112.0455,35.9621,24.3759,-0.0947,0.2952
1779816506663,2,Pitching Mound.Delivery,,Delivery,pitch.1,335001,4.5964,-60.8217,171.9149,-151.0189,317.2989,117.7604,-0.1959,0.0682
1779816506663,2,Pitching Mound.Drive,,Delivery,pitch.1,335518,0.1929,0.091,0.2661,0.0748,-0.1168,0.0415,0.0,0.0
1779816506663,2,Pitching Mound.Parent,,Delivery,pitch.1,334708,4.8696,-60.6991,172.3383,-150.9624,317.1786,117.837,-0.1955,0.068
1779816506664,2,11.0000004b,Drive,Delivery,pitch.1,335519,0.1545,0.0951,0.2125,0.1355,-0.1269,0.0665,0.0,0.0
1779816506664,2,12.00000015,Lower Delivery,Delivery,pitch.1,335242,9.4065,-55.613,131.7574,-293.9624,280.2532,98.0602,-0.2258,-0.2369
1779816506664,2,12.00000018,Upper Delivery,Delivery,pitch.1,335798,-4.8004,-4.769,39.9658,103.3043,30.5871,24.3715,-0.0812,0.2744
1779816506664,2,Pitching Mound.Delivery,,Delivery,pitch.1,335002,4.6061,-60.3819,171.7232,-159.449,310.8403,117.6014,-0.1922,0.0639
1779816506664,2,Pitching Mound.Drive,,Delivery,pitch.1,335519,0.1545,0.0951,0.2125,0.1355,-0.1269,0.0665,0.0,0.0
1779816506664,2,Pitching Mound.Parent,,Delivery,pitch.1,334709,4.799,-60.2909,171.9893,-159.3742,310.7235,117.6428,-0.1919,0.0638
1779816506665,2,11.0000004b,Drive,Delivery,pitch.1,335520,0.0995,0.0937,0.1981,0.167,-0.1229,0.0684,0.0,0.0
1779816506665,2,12.00000015,Lower Delivery,Delivery,pitch.1,335243,9.1684,-55.258,131.506,-295.9321,278.3252,98.059,-0.2247,-0.2389
1779816506665,2,12.00000018,Upper Delivery,Delivery,pitch.1,335799,-4.6281,-5.1353,42.0698,103.5414,30.5699,24.4171,-0.0771,0.2613
1779816506665,2,Pitching Mound.Delivery,,Delivery,pitch.1,335003,4.5403,-60.3933,173.5758,-161.9824,308.8951,117.7853,-0.1889,0.0575
1779816506665,2,Pitching Mound.Drive,,Delivery,pitch.1,335520,0.0995,0.0937,0.1981,0.167,-0.1229,0.0684,0.0,0.0
1779816506665,2,Pitching Mound.Parent,,Delivery,pitch.1,334710,4.6398,-60.2995,173.7738,-161.8154,308.7722,117.8538,-0.1887,0.0575
1779816506666,2,11.0000004b,Drive,Delivery,pitch.1,335521,0.0728,0.1038,0.1762,0.192,-0.1117,0.0867,0.0,0.0
1779816506666,2,12.00000015,Lower Delivery,Delivery,pitch.1,335244,8.9783,-54.7917,131.1895,-298.8675,276.6082,97.8668,-0.2238,-0.2419
1779816506666,2,12.00000018,Upper Delivery,Delivery,pitch.1,335800,-4.5781,-5.4485,41.8789,105.246,30.3892,24.6486,-0.077,0.2668
1779816506666,2,Pitching Mound.Delivery,,Delivery,pitch.1,335004,4.4002,-60.2403,173.0684,-163.2559,306.9974,117.9061,-0.1883,0.0567
1779816506666,2,Pitching Mound.Drive,,Delivery,pitch.1,335521,0.0728,0.1038,0.1762,0.192,-0.1117,0.0867,0.0,0.0
1779816506666,2,Pitching Mound.Parent,,Delivery,pitch.1,334711,4.473,-60.1365,173.2446,-163.0639,306.8857,117.9928,-0.1881,0.0566
1779816506667,2,11.0000004b,Drive,Delivery,pitch.1,335522,0.0644,0.1349,0.2176,0.2046,-0.1054,0.056,0.0,0.0
1779816506667,2,12.00000015,Lower Delivery,Delivery,pitch.1,335245,8.9633,-54.4371,130.8445,-300.6768,275.3688,97.668,-0.2234,-0.244
1779816506667,2,12.00000018,Upper Delivery,Delivery,pitch.1,335801,-4.4328,-5.9206,41.8804,111.6443,35.4669,24.2843,-0.0899,0.283
1779816506667,2,Pitching Mound.Delivery,,Delivery,pitch.1,335005,4.5305,-60.3577,172.7248,-158.7847,310.8357,117.3977,-0.1911,0.0589
1779816506667,2,Pitching Mound.Drive,,Delivery,pitch.1,335522,0.0644,0.1349,0.2176,0.2046,-0.1054,0.056,0.0,0.0
1779816506667,2,Pitching Mound.Parent,,Delivery,pitch.1,334712,4.5949,-60.2228,172.9424,-158.5801,310.7303,117.4537,-0.1908,0.0589
1779816506668,2,11.0000004b,Drive,Delivery,pitch.1,335523,0.0503,0.1346,0.2197,0.1925,-0.0944,0.0495,0.0,0.0
1779816506668,2,12.00000015,Lower Delivery,Delivery,pitch.1,335246,9.0385,-53.9969,127.3591,-301.7381,273.3084,97.5033,-0.2278,-0.2515
1779816506668,2,12.00000018,Upper Delivery,Delivery,pitch.1,335802,-4.2578,-6.0456,43.3221,114.8597,38.0804,23.8064,-0.0933,0.2815
1779816506668,2,Pitching Mound.Delivery,,Delivery,pitch.1,335006,4.7807,-60.0424,170.6812,-158.3059,311.3888,116.789,-0.1937,0.0512
1779816506668,2,Pitching Mound.Drive,,Delivery,pitch.1,335523,0.0503,0.1346,0.2197,0.1925,-0.0944,0.0495,0.0,0.0
1779816506668,2,Pitching Mound.Parent,,Delivery,pitch.1,334713,4.831,-59.9078,170.9009,-158.1134,311.2944,116.8385,-0.1934,0.0511
1779816506669,2,11.0000004b,Drive,Delivery,pitch.1,335524,0.052,0.145,0.2076,0.1543,-0.0853,0.0347,0.0,0.0
1779816506669,2,12.00000015,Lower Delivery,Delivery,pitch.1,335247,8.9462,-53.6635,124.8503,-301.2164,271.4413,97.3196,-0.2308,-0.2561
1779816506669,2,12.00000018,Upper Delivery,Delivery,pitch.1,335803,-4.005,-6.3001,42.4829,116.0137,39.2701,23.5423,-0.0981,0.2899
1779816506669,2,Pitching Mound.Delivery,,Delivery,pitch.1,335007,4.9413,-59.9636,167.3332,-157.1978,310.7114,116.4585,-0.1971,0.0499
1779816506669,2,Pitching Mound.Drive,,Delivery,pitch.1,335524,0.052,0.145,0.2076,0.1543,-0.0853,0.0347,0.0,0.0
1779816506669,2,Pitching Mound.Parent,,Delivery,pitch.1,334714,4.9932,-59.8186,167.5408,-157.0434,310.6261,116.4932,-0.1969,0.0498
1779816506670,2,11.0000004b,Drive,Delivery,pitch.1,335525,0.0801,0.1933,0.3232,0.2147,-0.0814,0.0269,0.0,0.0
1779816506670,2,12.00000015,Lower Delivery,Delivery,pitch.1,335248,9.0153,-53.4053,122.8787,-300.7145,270.9497,97.4106,-0.2341,-0.2598
1779816506670,2,12.00000018,Upper Delivery,Delivery,pitch.1,335804,-3.8594,-6.4338,42.692,118.8201,38.5412,23.0033,-0.0958,0.2955
1779816506670,2,Pitching Mound.Delivery,,Delivery,pitch.1,335008,5.1559,-59.8391,165.5707,-154.6309,309.4909,116.0365,-0.1984,0.048
1779816506670,2,Pitching Mound.Drive,,Delivery,pitch.1,335525,0.0801,0.1933,0.3232,0.2147,-0.0814,0.0269,0.0,0.0
1779816506670,2,Pitching Mound.Parent,,Delivery,pitch.1,334715,5.236,-59.6458,165.8938,-154.4162,309.4095,116.0634,-0.1981,0.0479
1779816506671,2,11.0000004b,Drive,Delivery,pitch.1,335526,0.0802,0.1877,0.3013,0.195,-0.0778,0.0165,0.0,0.0
1779816506671,2,12.00000015,Lower Delivery,Delivery,pitch.1,335249,9.0217,-53.1886,121.9022,-298.7534,268.8079,97.5306,-0.2341,-0.2602
1779816506671,2,12.00000018,Upper Delivery,Delivery,pitch.1,335805,-2.9681,-6.2029,41.7017,115.8329,36.8707,22.8369,-0.0939,0.2949
1779816506671,2,Pitching Mound.Delivery,,Delivery,pitch.1,335009,6.0536,-59.3914,163.6039,-155.6523,305.6787,116.2909,-0.1984,0.048
1779816506671,2,Pitching Mound.Drive,,Delivery,pitch.1,335526,0.0802,0.1877,0.3013,0.195,-0.0778,0.0165,0.0,0.0
1779816506671,2,Pitching Mound.Parent,,Delivery,pitch.1,334716,6.1338,-59.2038,163.9052,-155.4573,305.6008,116.3075,-0.198,0.0479
1779816506672,2,11.0000004b,Drive,Delivery,pitch.1,335527,0.0651,0.165,0.2749,0.2285,-0.0719,0.007,0.0,0.0
1779816506672,2,12.00000015,Lower Delivery,Delivery,pitch.1,335250,9.1547,-52.8212,122.3049,-297.8881,265.8376,97.734,-0.2308,-0.2586
1779816506672,2,12.00000018,Upper Delivery,Delivery,pitch.1,335806,-2.3975,-5.7764,40.6463,114.2005,37.199,22.4922,-0.0972,0.2983
1779816506672,2,Pitching Mound.Delivery,,Delivery,pitch.1,335010,6.7572,-58.5976,162.9512,-155.9237,303.0367,116.2985,-0.1974,0.0507
1779816506672,2,Pitching Mound.Drive,,Delivery,pitch.1,335527,0.0651,0.165,0.2749,0.2285,-0.0719,0.007,0.0,0.0
1779816506672,2,Pitching Mound.Parent,,Delivery,pitch.1,334717,6.8223,-58.4327,163.2261,-155.6952,302.9648,116.3055,-0.1971,0.0506
1779816506673,2,11.0000004b,Drive,Delivery,pitch.1,335528,0.0614,0.1412,0.1875,0.2036,-0.0745,0.0047,0.0,0.0
1779816506673,2,12.00000015,Lower Delivery,Delivery,pitch.1,335251,9.1195,-52.4814,121.2736,-295.8759,261.5831,97.5105,-0.229,-0.259
1779816506673,2,12.00000018,Upper Delivery,Delivery,pitch.1,335807,-1.9525,-5.31,39.6328,111.1408,37.0625,22.6306,-0.0993,0.2977
1779816506673,2,Pitching Mound.Delivery,,Delivery,pitch.1,335011,7.167,-57.7914,160.9064,-156.9772,298.6457,116.3767,-0.197,0.0506
1779816506673,2,Pitching Mound.Drive,,Delivery,pitch.1,335528,0.0614,0.1412,0.1875,0.2036,-0.0745,0.0047,0.0,0.0
1779816506673,2,Pitching Mound.Parent,,Delivery,pitch.1,334718,7.2284,-57.6502,161.0939,-156.7737,298.5711,116.3814,-0.1968,0.0506
1779816506674,2,11.0000004b,Drive,Delivery,pitch.1,335529,0.0508,0.1016,0.1288,0.2322,-0.071,0.0034,0.0,0.0
1779816506674,2,12.00000015,Lower Delivery,Delivery,pitch.1,335252,9.3231,-51.8362,120.4996,-294.6023,259.0589,97.302,-0.2282,-0.2596
1779816506674,2,12.00000018,Upper Delivery,Delivery,pitch.1,335808,-1.6793,-5.4442,34.5514,105.3633,37.8107,21.7204,-0.1162,0.3237
1779816506674,2,Pitching Mound.Delivery,,Delivery,pitch.1,335012,7.6437,-57.2804,155.051,-160.0166,296.8696,115.2816,-0.2033,0.0589
1779816506674,2,Pitching Mound.Drive,,Delivery,pitch.1,335529,0.0508,0.1016,0.1288,0.2322,-0.071,0.0034,0.0,0.0
1779816506674,2,Pitching Mound.Parent,,Delivery,pitch.1,334719,7.6946,-57.1788,155.1798,-159.7844,296.7986,115.285,-0.2031,0.0588
1779816506675,2,11.0000004b,Drive,Delivery,pitch.1,335530,0.0772,0.1056,0.1607,0.2731,-0.0686,0.0052,0.0,0.0
1779816506675,2,12.00000015,Lower Delivery,Delivery,pitch.1,335253,9.8652,-51.2783,122.6918,-291.4852,256.8455,97.5824,-0.2222,-0.2522
1779816506675,2,12.00000018,Upper Delivery,Delivery,pitch.1,335809,-1.2092,-5.1692,27.4678,96.5193,34.9497,20.3791,-0.1351,0.327
1779816506675,2,Pitching Mound.Delivery,,Delivery,pitch.1,335013,8.6561,-56.4475,150.1595,-162.5897,291.7952,114.1962,-0.2063,0.0694
1779816506675,2,Pitching Mound.Drive,,Delivery,pitch.1,335530,0.0772,0.1056,0.1607,0.2731,-0.0686,0.0052,0.0,0.0
1779816506675,2,Pitching Mound.Parent,,Delivery,pitch.1,334720,8.7333,-56.3419,150.3203,-162.3166,291.7266,114.2015,-0.2061,0.0693
1779816506676,2,11.0000004b,Drive,Delivery,pitch.1,335531,0.0825,0.0625,0.1026,0.1811,-0.0716,0.0053,0.0,0.0
1779816506676,2,12.00000015,Lower Delivery,Delivery,pitch.1,335254,10.2844,-50.9145,123.7838,-288.2112,255.8691,98.3207,-0.2194,-0.2472
1779816506676,2,12.00000018,Upper Delivery,Delivery,pitch.1,335810,-1.0891,-5.1938,26.4274,89.7029,31.9828,18.826,-0.1285,0.327
1779816506676,2,Pitching Mound.Delivery,,Delivery,pitch.1,335014,9.1953,-56.1083,150.2111,-165.4071,287.8519,113.2797,-0.2034,0.0742
1779816506676,2,Pitching Mound.Drive,,Delivery,pitch.1,335531,0.0825,0.0625,0.1026,0.1811,-0.0716,0.0053,0.0,0.0
1779816506676,2,Pitching Mound.Parent,,Delivery,pitch.1,334721,9.2778,-56.0459,150.3137,-165.226,287.7802,113.285,-0.2033,0.0742
1779816506677,2,11.0000004b,Drive,Delivery,pitch.1,335532,0.1134,0.06,0.1167,0.1716,-0.0705,0.0068,0.0,0.0
1779816506677,2,12.00000015,Lower Delivery,Delivery,pitch.1,335255,10.3808,-50.3339,122.9505,-290.0014,257.1493,98.3007,-0.222,-0.2504
1779816506677,2,12.00000018,Upper Delivery,Delivery,pitch.1,335811,-0.9646,-4.6622,21.1385,80.2859,27.2402,17.5842,-0.1368,0.327
1779816506677,2,Pitching Mound.Delivery,,Delivery,pitch.1,335015,9.4161,-54.9961,144.089,-175.0994,284.3894,112.0274,-0.2095,0.0745
1779816506677,2,Pitching Mound.Drive,,Delivery,pitch.1,335532,0.1134,0.06,0.1167,0.1716,-0.0705,0.0068,0.0,0.0
1779816506677,2,Pitching Mound.Parent,,Delivery,pitch.1,334722,9.5295,-54.9361,144.2057,-174.9278,284.319,112.0342,-0.2094,0.0745
1779816506678,2,11.0000004b,Drive,Delivery,pitch.1,335533,0.1578,0.0526,0.1579,0.1307,-0.0746,0.0064,0.0,0.0
1779816506678,2,12.00000015,Lower Delivery,Delivery,pitch.1,335256,11.0139,-50.0735,124.2725,-288.3159,258.4486,98.1068,-0.2208,-0.2463
1779816506678,2,12.00000018,Upper Delivery,Delivery,pitch.1,335812,-0.9853,-4.5025,22.1986,77.5658,24.0621,16.3182,-0.1151,0.327
1779816506678,2,Pitching Mound.Delivery,,Delivery,pitch.1,335016,10.0285,-54.576,146.4711,-176.045,282.5107,110.3453,-0.2048,0.0775
1779816506678,2,Pitching Mound.Drive,,Delivery,pitch.1,335533,0.1578,0.0526,0.1579,0.1307,-0.0746,0.0064,0.0,0.0
1779816506678,2,Pitching Mound.Parent,,Delivery,pitch.1,334723,10.1863,-54.5234,146.6289,-175.9142,282.4361,110.3517,-0.2045,0.0774
1779816506679,2,11.0000004b,Drive,Delivery,pitch.1,335534,0.213,0.0755,0.2504,0.105,-0.0797,0.0081,0.0,0.0
1779816506679,2,12.00000015,Lower Delivery,Delivery,pitch.1,335257,11.4312,-49.7352,124.1023,-285.8909,258.5096,98.0228,-0.2211,-0.2446
1779816506679,2,12.00000018,Upper Delivery,Delivery,pitch.1,335813,-1.235,-4.016,24.705,78.6774,24.4933,16.162,-0.1053,0.327
1779816506679,2,Pitching Mound.Delivery,,Delivery,pitch.1,335017,10.1961,-53.7512,148.8073,-173.4185,283.0029,109.8783,-0.2019,0.0774
1779816506679,2,Pitching Mound.Drive,,Delivery,pitch.1,335534,0.213,0.0755,0.2504,0.105,-0.0797,0.0081,0.0,0.0
1779816506679,2,Pitching Mound.Parent,,Delivery,pitch.1,334724,10.4091,-53.6757,149.0577,-173.3134,282.9232,109.8864,-0.2016,0.0773
1779816506680,2,11.0000004b,Drive,Delivery,pitch.1,335535,0.2602,0.0906,0.3471,0.0738,-0.0847,0.0079,0.0,0.0
1779816506680,2,12.00000015,Lower Delivery,Delivery,pitch.1,335258,11.7244,-49.2314,123.3039,-284.3554,259.9633,97.388,-0.2238,-0.2448
1779816506680,2,12.00000018,Upper Delivery,Delivery,pitch.1,335814,-1.0726,-3.7339,22.6277,76.0865,21.5393,14.9795,-0.1011,0.327
1779816506680,2,Pitching Mound.Delivery,,Delivery,pitch.1,335018,10.6518,-52.9654,145.9315,-174.039,281.5027,108.0166,-0.2048,0.0784
1779816506680,2,Pitching Mound.Drive,,Delivery,pitch.1,335535,0.2602,0.0906,0.3471,0.0738,-0.0847,0.0079,0.0,0.0
1779816506680,2,Pitching Mound.Parent,,Delivery,pitch.1,334725,10.912,-52.8747,146.2787,-173.9652,281.418,108.0244,-0.2043,0.0782
1779816506681,2,11.0000004b,Drive,Delivery,pitch.1,335536,0.3062,0.1178,0.4527,0.0427,-0.088,0.0098,0.0,0.0
1779816506681,2,12.00000015,Lower Delivery,Delivery,pitch.1,335259,12.419,-48.7114,123.6661,-282.5158,259.9671,97.3986,-0.2232,-0.2425
1779816506681,2,12.00000018,Upper Delivery,Delivery,pitch.1,335815,-1.2304,-3.1585,23.98,73.7695,19.4077,14.0262,-0.0859,0.3266
1779816506681,2,Pitching Mound.Delivery,,Delivery,pitch.1,335019,11.1887,-51.87,147.6461,-174.853,279.3747,106.784,-0.2009,0.0795
1779816506681,2,Pitching Mound.Drive,,Delivery,pitch.1,335536,0.3062,0.1178,0.4527,0.0427,-0.088,0.0098,0.0,0.0
1779816506681,2,Pitching Mound.Parent,,Delivery,pitch.1,334726,11.4949,-51.7522,148.0988,-174.8103,279.2868,106.7938,-0.2003,0.0792
1779816506682,2,11.0000004b,Drive,Delivery,pitch.1,335537,0.3323,0.1374,0.5025,0.0313,-0.0916,0.0108,0.0,0.0
1779816506682,2,12.00000015,Lower Delivery,Delivery,pitch.1,335260,13.0475,-48.39,122.2099,-277.7532,257.7137,95.9635,-0.2239,-0.2413
1779816506682,2,12.00000018,Upper Delivery,Delivery,pitch.1,335816,-1.1896,-2.4933,23.1686,66.2009,18.5184,13.623,-0.0849,0.3033
1779816506682,2,Pitching Mound.Delivery,,Delivery,pitch.1,335020,11.8578,-50.8833,145.3785,-177.8783,276.2322,104.7459,-0.2017,0.0771
1779816506682,2,Pitching Mound.Drive,,Delivery,pitch.1,335537,0.3323,0.1374,0.5025,0.0313,-0.0916,0.0108,0.0,0.0
1779816506682,2,Pitching Mound.Parent,,Delivery,pitch.1,334727,12.1901,-50.7459,145.881,-177.8469,276.1406,104.7567,-0.201,0.0769
1779816506683,2,11.0000004b,Drive,Delivery,pitch.1,335538,0.3605,0.165,0.551,0.0349,-0.0929,0.0121,0.0,0.0
1779816506683,2,12.00000015,Lower Delivery,Delivery,pitch.1,335261,13.9681,-47.8038,121.6729,-276.3335,256.2116,94.2519,-0.2236,-0.2411
1779816506683,2,12.00000018,Upper Delivery,Delivery,pitch.1,335817,-1.0633,-2.2814,22.8207,66.6462,20.5314,13.8565,-0.0955,0.31
1779816506683,2,Pitching Mound.Delivery,,Delivery,pitch.1,335021,12.9048,-50.0852,144.4936,-176.0776,276.743,102.9978,-0.2033,0.0785
1779816506683,2,Pitching Mound.Drive,,Delivery,pitch.1,335538,0.3605,0.165,0.551,0.0349,-0.0929,0.0121,0.0,0.0
1779816506683,2,Pitching Mound.Parent,,Delivery,pitch.1,334728,13.2653,-49.9202,145.0446,-176.0427,276.6501,103.0098,-0.2026,0.0782
1779816506684,2,11.0000004b,Drive,Delivery,pitch.1,335539,0.3551,0.1809,0.5749,0.0361,-0.0953,0.013,0.0,0.0
1779816506684,2,12.00000015,Lower Delivery,Delivery,pitch.1,335262,14.3857,-47.3638,120.5214,-278.112,253.2918,92.6503,-0.2231,-0.245
1779816506684,2,12.00000018,Upper Delivery,Delivery,pitch.1,335818,-1.0987,-2.1433,20.8021,68.6897,23.3594,13.2251,-0.1192,0.327
1779816506684,2,Pitching Mound.Delivery,,Delivery,pitch.1,335022,13.287,-49.5071,141.3235,-175.5178,276.6511,100.6107,-0.2078,0.0791
1779816506684,2,Pitching Mound.Drive,,Delivery,pitch.1,335539,0.3551,0.1809,0.5749,0.0361,-0.0953,0.013,0.0,0.0
1779816506684,2,Pitching Mound.Parent,,Delivery,pitch.1,334729,13.6421,-49.3262,141.8983,-175.4816,276.5559,100.6237,-0.207,0.0788
1779816506685,2,11.0000004b,Drive,Delivery,pitch.1,335540,0.3529,0.1854,0.571,0.0377,-0.0986,0.0163,0.0,0.0
1779816506685,2,12.00000015,Lower Delivery,Delivery,pitch.1,335263,14.6382,-46.7395,117.5985,-277.1795,251.4907,90.9873,-0.227,-0.2502
1779816506685,2,12.00000018,Upper Delivery,Delivery,pitch.1,335819,-1.0262,-2.2993,21.0953,76.307,24.7909,12.467,-0.1248,0.327
1779816506685,2,Pitching Mound.Delivery,,Delivery,pitch.1,335023,13.612,-49.0388,138.6938,-168.0614,276.2816,98.1283,-0.2115,0.0741
1779816506685,2,Pitching Mound.Drive,,Delivery,pitch.1,335540,0.3529,0.1854,0.571,0.0377,-0.0986,0.0163,0.0,0.0
1779816506685,2,Pitching Mound.Parent,,Delivery,pitch.1,334730,13.9649,-48.8534,139.2648,-168.0236,276.183,98.1446,-0.2106,0.0738
1779816506686,2,11.0000004b,Drive,Delivery,pitch.1,335541,0.2989,0.1596,0.5059,0.0368,-0.0987,0.014,0.0,0.0
1779816506686,2,12.00000015,Lower Delivery,Delivery,pitch.1,335264,14.848,-46.0842,114.8868,-277.1501,249.2672,89.3306,-0.2303,-0.2561
1779816506686,2,12.00000018,Upper Delivery,Delivery,pitch.1,335820,-0.9861,-2.425,20.076,79.8763,28.3678,12.0522,-0.15,0.327
1779816506686,2,Pitching Mound.Delivery,,Delivery,pitch.1,335024,13.8619,-48.5092,134.9627,-165.0381,277.635,95.9993,-0.2184,0.0695
1779816506686,2,Pitching Mound.Drive,,Delivery,pitch.1,335541,0.2989,0.1596,0.5059,0.0368,-0.0987,0.014,0.0,0.0
1779816506686,2,Pitching Mound.Parent,,Delivery,pitch.1,334731,14.1609,-48.3496,135.4686,-165.0013,277.5363,96.0133,-0.2176,0.0692
1779816506687,2,11.0000004b,Drive,Delivery,pitch.1,335542,0.2277,0.1348,0.4674,0.0371,-0.0981,0.0138,0.0,0.0
1779816506687,2,12.00000015,Lower Delivery,Delivery,pitch.1,335265,14.8748,-45.3454,113.3433,-275.5981,246.6816,88.6892,-0.2311,-0.2581
1779816506687,2,12.00000018,Upper Delivery,Delivery,pitch.1,335821,-0.8638,-2.5377,22.392,86.5308,30.8609,12.7376,-0.1463,0.327
1779816506687,2,Pitching Mound.Delivery,,Delivery,pitch.1,335025,14.011,-47.8831,135.7353,-158.1439,277.5425,96.0757,-0.2171,0.0662
1779816506687,2,Pitching Mound.Drive,,Delivery,pitch.1,335542,0.2277,0.1348,0.4674,0.0371,-0.0981,0.0138,0.0,0.0
1779816506687,2,Pitching Mound.Parent,,Delivery,pitch.1,334732,14.2386,-47.7483,136.2028,-158.1068,277.4444,96.0895,-0.2163,0.066
1779816506688,2,11.0000004b,Drive,Delivery,pitch.1,335543,0.1828,0.1291,0.4137,0.0367,-0.0975,0.0165,0.0,0.0
1779816506688,2,12.00000015,Lower Delivery,Delivery,pitch.1,335266,14.7772,-44.4205,108.7023,-275.9408,243.757,87.9133,-0.2381,-0.2695
1779816506688,2,12.00000018,Upper Delivery,Delivery,pitch.1,335822,-0.82,-2.2318,25.4142,87.7793,33.0626,12.6873,-0.1381,0.327
1779816506688,2,Pitching Mound.Delivery,,Delivery,pitch.1,335026,13.9571,-46.6524,134.1166,-159.8436,276.8196,95.2975,-0.2191,0.0547
1779816506688,2,Pitching Mound.Drive,,Delivery,pitch.1,335543,0.1828,0.1291,0.4137,0.0367,-0.0975,0.0165,0.0,0.0
1779816506688,2,Pitching Mound.Parent,,Delivery,pitch.1,334733,14.1399,-46.5233,134.5302,-159.8068,276.7221,95.314,-0.2184,0.0545
1779816506689,2,11.0000004b,Drive,Delivery,pitch.1,335544,0.1554,0.1539,0.4068,0.0478,-0.0927,0.0153,0.0,0.0
1779816506689,2,12.00000015,Lower Delivery,Delivery,pitch.1,335267,14.8529,-43.8645,109.1771,-274.9214,240.0378,88.0052,-0.2334,-0.2673
1779816506689,2,12.00000018,Upper Delivery,Delivery,pitch.1,335823,-0.8082,-2.6832,26.9347,94.0761,37.8656,12.1074,-0.1492,0.327
1779816506689,2,Pitching Mound.Delivery,,Delivery,pitch.1,335027,14.0447,-46.5478,136.1117,-152.8828,277.9034,94.7878,-0.2168,0.0557
1779816506689,2,Pitching Mound.Drive,,Delivery,pitch.1,335544,0.1554,0.1539,0.4068,0.0478,-0.0927,0.0153,0.0,0.0
1779816506689,2,Pitching Mound.Parent,,Delivery,pitch.1,334734,14.2002,-46.3939,136.5186,-152.835,277.8106,94.8032,-0.2161,0.0556
1779816506690,2,11.0000004b,Drive,Delivery,pitch.1,335545,0.1351,0.1586,0.3657,0.1204,-0.1011,0.0155,0.0,0.0
1779816506690,2,12.00000015,Lower Delivery,Delivery,pitch.1,335268,14.7515,-42.706,106.6671,-274.7981,237.1311,87.4206,-0.236,-0.2735
1779816506690,2,12.00000018,Upper Delivery,Delivery,pitch.1,335824,-0.7114,-2.2496,23.8683,84.9938,33.2614,11.8848,-0.1479,0.327
1779816506690,2,Pitching Mound.Delivery,,Delivery,pitch.1,335028,14.04,-44.9556,130.5354,-161.6527,270.3925,94.048,-0.2199,0.052
1779816506690,2,Pitching Mound.Drive,,Delivery,pitch.1,335545,0.1351,0.1586,0.3657,0.1204,-0.1011,0.0155,0.0,0.0
1779816506690,2,Pitching Mound.Parent,,Delivery,pitch.1,334735,14.1751,-44.7971,130.9011,-161.5323,270.2914,94.0635,-0.2193,0.0518
1779816506691,2,11.0000004b,Drive,Delivery,pitch.1,335546,0.1158,0.1467,0.2841,0.1765,-0.0958,0.0142,0.0,0.0
1779816506691,2,12.00000015,Lower Delivery,Delivery,pitch.1,335269,14.6063,-41.8161,105.9197,-273.4751,233.7207,86.6497,-0.2343,-0.2741
1779816506691,2,12.00000018,Upper Delivery,Delivery,pitch.1,335825,-0.7462,-1.9944,21.3976,78.3889,30.6651,11.514,-0.1521,0.327
1779816506691,2,Pitching Mound.Delivery,,Delivery,pitch.1,335029,13.8601,-43.8105,127.3174,-166.3486,264.3859,92.9438,-0.2205,0.0526
1779816506691,2,Pitching Mound.Drive,,Delivery,pitch.1,335546,0.1158,0.1467,0.2841,0.1765,-0.0958,0.0142,0.0,0.0
1779816506691,2,Pitching Mound.Parent,,Delivery,pitch.1,334736,13.9758,-43.6638,127.6015,-166.1722,264.29,92.958,-0.22,0.0525
1779816506692,2,11.0000004b,Drive,Delivery,pitch.1,335547,0.1016,0.1398,0.2348,0.1893,-0.0923,0.0129,0.0,0.0
1779816506692,2,12.00000015,Lower Delivery,Delivery,pitch.1,335270,14.6497,-40.7743,106.3205,-271.2399,231.742,85.7602,-0.2314,-0.2708
1779816506692,2,12.00000018,Upper Delivery,Delivery,pitch.1,335826,-0.5569,-1.5238,24.3539,80.3733,30.166,11.1189,-0.1315,0.327
1779816506692,2,Pitching Mound.Delivery,,Delivery,pitch.1,335030,14.0928,-42.2981,130.6743,-162.9979,261.908,91.7088,-0.2128,0.0539
1779816506692,2,Pitching Mound.Drive,,Delivery,pitch.1,335547,0.1016,0.1398,0.2348,0.1893,-0.0923,0.0129,0.0,0.0
1779816506692,2,Pitching Mound.Parent,,Delivery,pitch.1,334737,14.1944,-42.1584,130.9091,-162.8086,261.8157,91.7217,-0.2124,0.0538
1779816506693,2,11.0000004b,Drive,Delivery,pitch.1,335548,0.0884,0.1546,0.2563,0.2409,-0.0907,0.0119,0.0,0.0
1779816506693,2,12.00000015,Lower Delivery,Delivery,pitch.1,335271,14.5063,-39.7182,105.2207,-270.3103,229.4575,84.8616,-0.2315,-0.2727
1779816506693,2,12.00000018,Upper Delivery,Delivery,pitch.1,335827,-0.5343,-1.6004,25.3078,78.6828,28.6544,10.5643,-0.1202,0.327
1779816506693,2,Pitching Mound.Delivery,,Delivery,pitch.1,335031,13.9721,-41.3186,130.5285,-164.4571,258.1118,90.3121,-0.2099,0.0517
1779816506693,2,Pitching Mound.Drive,,Delivery,pitch.1,335548,0.0884,0.1546,0.2563,0.2409,-0.0907,0.0119,0.0,0.0
1779816506693,2,Pitching Mound.Parent,,Delivery,pitch.1,334738,14.0604,-41.164,130.7849,-164.2162,258.0211,90.324,-0.2095,0.0516
1779816506694,2,11.0000004b,Drive,Delivery,pitch.1,335549,0.0855,0.1554,0.2725,0.2868,-0.0946,0.0118,0.0,0.0
1779816506694,2,12.00000015,Lower Delivery,Delivery,pitch.1,335272,14.5982,-39.1406,105.874,-269.8164,227.9694,83.9106,-0.2286,-0.2706
1779816506694,2,12.00000018,Upper Delivery,Delivery,pitch.1,335828,-0.7953,-1.6642,23.0096,76.8605,27.1889,10.0335,-0.1254,0.327
1779816506694,2,Pitching Mound.Delivery,,Delivery,pitch.1,335032,13.8029,-40.8048,128.8836,-164.782,255.1584,88.7103,-0.2102,0.0547
1779816506694,2,Pitching Mound.Drive,,Delivery,pitch.1,335549,0.0855,0.1554,0.2725,0.2868,-0.0946,0.0118,0.0,0.0
1779816506694,2,Pitching Mound.Parent,,Delivery,pitch.1,334739,13.8884,-40.6494,129.1561,-164.4952,255.0638,88.7221,-0.2097,0.0546
1779816506695,2,11.0000004b,Drive,Delivery,pitch.1,335550,0.0789,0.1404,0.2399,0.2464,-0.0931,0.0124,0.0,0.0
1779816506695,2,12.00000015,Lower Delivery,Delivery,pitch.1,335273,14.5082,-38.3302,105.0008,-267.6671,227.8499,83.0713,-0.2304,-0.2706
1779816506695,2,12.00000018,Upper Delivery,Delivery,pitch.1,335829,-1.0788,-1.6911,24.344,79.8573,29.6724,9.2949,-0.1294,0.327
1779816506695,2,Pitching Mound.Delivery,,Delivery,pitch.1,335033,13.4295,-40.0213,129.3448,-160.3864,257.5224,87.0666,-0.2114,0.0539
1779816506695,2,Pitching Mound.Drive,,Delivery,pitch.1,335550,0.0789,0.1404,0.2399,0.2464,-0.0931,0.0124,0.0,0.0
1779816506695,2,Pitching Mound.Parent,,Delivery,pitch.1,334740,13.5084,-39.8809,129.5847,-160.14,257.4293,87.079,-0.211,0.0538
1779816506696,2,11.0000004b,Drive,Delivery,pitch.1,335551,0.0766,0.1457,0.237,0.2417,-0.0938,0.0123,0.0,0.0
1779816506696,2,12.00000015,Lower Delivery,Delivery,pitch.1,335274,14.4017,-37.7778,105.0742,-266.4197,226.8401,81.5003,-0.2292,-0.2692
1779816506696,2,12.00000018,Upper Delivery,Delivery,pitch.1,335830,-1.2652,-1.895,24.0136,80.1628,31.7188,8.4175,-0.1402,0.327
1779816506696,2,Pitching Mound.Delivery,,Delivery,pitch.1,335034,13.1365,-39.6728,129.0878,-158.6963,258.5589,84.591,-0.2126,0.0552
1779816506696,2,Pitching Mound.Drive,,Delivery,pitch.1,335551,0.0766,0.1457,0.237,0.2417,-0.0938,0.0123,0.0,0.0
1779816506696,2,Pitching Mound.Parent,,Delivery,pitch.1,334741,13.2131,-39.5271,129.3247,-158.4546,258.4651,84.6033,-0.2123,0.0551
1779816506697,2,11.0000004b,Drive,Delivery,pitch.1,335552,0.0846,0.1411,0.2379,0.2432,-0.0979,0.0119,0.0,0.0
1779816506697,2,12.00000015,Lower Delivery,Delivery,pitch.1,335275,14.171,-37.3539,103.0086,-264.0285,224.7358,80.4498,-0.2316,-0.2721
1779816506697,2,12.00000018,Upper Delivery,Delivery,pitch.1,335831,-1.1497,-2.0455,23.5372,82.7711,32.8158,8.1121,-0.148,0.327
1779816506697,2,Pitching Mound.Delivery,,Delivery,pitch.1,335035,13.0212,-39.3995,126.5458,-154.2372,257.5516,83.3529,-0.2161,0.0528
1779816506697,2,Pitching Mound.Drive,,Delivery,pitch.1,335552,0.0846,0.1411,0.2379,0.2432,-0.0979,0.0119,0.0,0.0
1779816506697,2,Pitching Mound.Parent,,Delivery,pitch.1,334742,13.1059,-39.2584,126.7837,-153.9939,257.4537,83.3648,-0.2157,0.0527
1779816506698,2,11.0000004b,Drive,Delivery,pitch.1,335553,0.0965,0.1395,0.2505,0.2443,-0.1044,0.0122,0.0,0.0
1779816506698,2,12.00000015,Lower Delivery,Delivery,pitch.1,335276,14.2563,-36.9189,102.0009,-261.9948,224.9678,79.7601,-0.2341,-0.2727
1779816506698,2,12.00000018,Upper Delivery,Delivery,pitch.1,335832,-1.1145,-2.0519,23.2914,81.8036,32.6137,7.7783,-0.1487,0.327
1779816506698,2,Pitching Mound.Delivery,,Delivery,pitch.1,335036,13.1417,-38.9708,125.2923,-153.43,257.5816,82.3124,-0.2183,0.0524
1779816506698,2,Pitching Mound.Drive,,Delivery,pitch.1,335553,0.0965,0.1395,0.2505,0.2443,-0.1044,0.0122,0.0,0.0
1779816506698,2,Pitching Mound.Parent,,Delivery,pitch.1,334743,13.2382,-38.8313,125.5428,-153.1857,257.4772,82.3246,-0.2178,0.0523
1779816506699,2,11.0000004b,Drive,Delivery,pitch.1,335554,0.1305,0.1505,0.279,0.2261,-0.1078,0.0124,0.0,0.0
1779816506699,2,12.00000015,Lower Delivery,Delivery,pitch.1,335277,14.3907,-36.3965,101.3298,-257.8922,223.6608,79.0655,-0.2343,-0.2702
1779816506699,2,12.00000018,Upper Delivery,Delivery,pitch.1,335833,-1.1216,-1.8314,24.2789,82.7943,31.4427,7.3892,-0.1375,0.327
1779816506699,2,Pitching Mound.Delivery,,Delivery,pitch.1,335037,13.2691,-38.228,125.6086,-148.9006,255.1035,81.1805,-0.2156,0.0538
1779816506699,2,Pitching Mound.Drive,,Delivery,pitch.1,335554,0.1305,0.1505,0.279,0.2261,-0.1078,0.0124,0.0,0.0
1779816506699,2,Pitching Mound.Parent,,Delivery,pitch.1,334744,13.3996,-38.0774,125.8876,-148.6745,254.9957,81.193,-0.2151,0.0537
1779816506700,2,11.0000004b,Drive,Delivery,pitch.1,335555,0.1427,0.1526,0.2918,0.169,-0.114,0.0137,0.0,0.0
1779816506700,2,12.00000015,Lower Delivery,Delivery,pitch.1,335278,14.5823,-35.9439,98.9728,-254.4424,221.5614,78.8383,-0.2377,-0.2729
1779816506700,2,12.00000018,Upper Delivery,Delivery,pitch.1,335834,-0.9307,-1.4603,23.638,79.7969,30.4558,7.2496,-0.1368,0.327
1779816506700,2,Pitching Mound.Delivery,,Delivery,pitch.1,335038,13.6516,-37.4042,122.6108,-149.0316,252.0173,80.8135,-0.2182,0.0516
1779816506700,2,Pitching Mound.Drive,,Delivery,pitch.1,335555,0.1427,0.1526,0.2918,0.169,-0.114,0.0137,0.0,0.0
1779816506700,2,Pitching Mound.Parent,,Delivery,pitch.1,334745,13.7943,-37.2516,122.9026,-148.8626,251.9032,80.8271,-0.2177,0.0515
1779816506701,2,11.0000004b,Drive,Delivery,pitch.1,335556,0.1849,0.1819,0.3461,0.1645,-0.1221,0.0124,0.0,0.0
1779816506701,2,12.00000015,Lower Delivery,Delivery,pitch.1,335279,14.7575,-35.6665,97.7339,-248.6744,218.6004,78.2784,-0.2375,-0.2701
1779816506701,2,12.00000018,Upper Delivery,Delivery,pitch.1,335835,-0.4013,-0.9108,22.5683,75.9504,24.8092,6.8672,-0.1167,0.327
1779816506701,2,Pitching Mound.Delivery,,Delivery,pitch.1,335039,14.3562,-36.5774,120.3023,-147.1676,243.4096,79.9916,-0.2148,0.0543
1779816506701,2,Pitching Mound.Drive,,Delivery,pitch.1,335556,0.1849,0.1819,0.3461,0.1645,-0.1221,0.0124,0.0,0.0
1779816506701,2,Pitching Mound.Parent,,Delivery,pitch.1,334746,14.5411,-36.3954,120.6484,-147.0031,243.2876,80.004,-0.2142,0.0542
1779816506702,2,11.0000004b,Drive,Delivery,pitch.1,335557,0.2169,0.1998,0.4108,0.1335,-0.1254,0.015,0.0,0.0
1779816506702,2,12.00000015,Lower Delivery,Delivery,pitch.1,335280,14.808,-35.2107,96.0086,-244.8999,215.8601,77.5873,-0.2387,-0.2708
1779816506702,2,12.00000018,Upper Delivery,Delivery,pitch.1,335836,0.0801,-0.7587,21.771,71.2342,25.6422,6.089,-0.125,0.327
1779816506702,2,Pitching Mound.Delivery,,Delivery,pitch.1,335040,14.8881,-35.9694,117.7797,-148.4249,241.5022,78.6689,-0.2177,0.054
1779816506702,2,Pitching Mound.Drive,,Delivery,pitch.1,335557,0.2169,0.1998,0.4108,0.1335,-0.1254,0.015,0.0,0.0
1779816506702,2,Pitching Mound.Parent,,Delivery,pitch.1,334747,15.105,-35.7696,118.1905,-148.2913,241.3768,78.6838,-0.2169,0.0538
1779816506703,2,11.0000004b,Drive,Delivery,pitch.1,335558,0.2313,0.1902,0.4342,0.1141,-0.1209,0.0152,0.0,0.0
1779816506703,2,12.00000015,Lower Delivery,Delivery,pitch.1,335281,15.1395,-34.6042,97.3246,-243.121,213.1403,76.249,-0.2325,-0.2652
1779816506703,2,12.00000018,Upper Delivery,Delivery,pitch.1,335837,0.6162,-0.6478,17.9503,66.5253,26.2111,6.4315,-0.155,0.327
1779816506703,2,Pitching Mound.Delivery,,Delivery,pitch.1,335041,15.7557,-35.2519,115.2749,-149.6084,239.3513,77.7426,-0.2204,0.0611
1779816506703,2,Pitching Mound.Drive,,Delivery,pitch.1,335558,0.2313,0.1902,0.4342,0.1141,-0.1209,0.0152,0.0,0.0
1779816506703,2,Pitching Mound.Parent,,Delivery,pitch.1,334748,15.9869,-35.0617,115.7091,-149.4944,239.2305,77.7578,-0.2196,0.0609
1779816506704,2,11.0000004b,Drive,Delivery,pitch.1,335559,0.2672,0.2129,0.4849,0.111,-0.1215,0.0193,0.0,0.0
1779816506704,2,12.00000015,Lower Delivery,Delivery,pitch.1,335282,15.1702,-33.7734,95.75,-239.3469,211.2767,74.9943,-0.2343,-0.2654
1779816506704,2,12.00000018,Upper Delivery,Delivery,pitch.1,335838,0.4578,-0.4493,17.8183,63.9907,23.0526,5.9914,-0.1373,0.327
1779816506704,2,Pitching Mound.Delivery,,Delivery,pitch.1,335042,15.628,-34.2227,113.5682,-148.8594,234.3293,75.9835,-0.219,0.0609
1779816506704,2,Pitching Mound.Drive,,Delivery,pitch.1,335559,0.2672,0.2129,0.4849,0.111,-0.1215,0.0193,0.0,0.0
1779816506704,2,Pitching Mound.Parent,,Delivery,pitch.1,334749,15.8952,-34.0098,114.0532,-148.7484,234.2078,76.0028,-0.2181,0.0606
1779816506705,2,11.0000004b,Drive,Delivery,pitch.1,335560,0.2623,0.1957,0.4819,0.0923,-0.1142,0.019,0.0,0.0
1779816506705,2,12.00000015,Lower Delivery,Delivery,pitch.1,335283,15.0896,-33.164,94.0905,-237.5681,209.5483,74.2654,-0.2364,-0.268
1779816506705,2,12.00000018,Upper Delivery,Delivery,pitch.1,335839,0.5418,-0.5385,18.2891,63.6512,24.1485,5.5301,-0.1402,0.327
1779816506705,2,Pitching Mound.Delivery,,Delivery,pitch.1,335043,15.6314,-33.7024,112.3796,-148.1443,233.6969,74.8492,-0.2208,0.0581
1779816506705,2,Pitching Mound.Drive,,Delivery,pitch.1,335560,0.2623,0.1957,0.4819,0.0923,-0.1142,0.019,0.0,0.0
1779816506705,2,Pitching Mound.Parent,,Delivery,pitch.1,334750,15.8937,-33.5067,112.8615,-148.052,233.5826,74.8682,-0.2198,0.0579
1779816506706,2,11.0000004b,Drive,Delivery,pitch.1,335561,0.257,0.1861,0.4568,0.0835,-0.1082,0.0188,0.0,0.0
1779816506706,2,12.00000015,Lower Delivery,Delivery,pitch.1,335284,15.4409,-32.6116,95.2921,-236.7797,210.954,73.0658,-0.235,-0.2638
1779816506706,2,12.00000018,Upper Delivery,Delivery,pitch.1,335840,0.2049,-0.2817,17.4637,61.9264,23.6801,5.0314,-0.144,0.327
1779816506706,2,Pitching Mound.Delivery,,Delivery,pitch.1,335044,15.6458,-32.8933,112.7558,-148.3916,234.634,72.917,-0.2209,0.0624
1779816506706,2,Pitching Mound.Drive,,Delivery,pitch.1,335561,0.257,0.1861,0.4568,0.0835,-0.1082,0.0188,0.0,0.0
1779816506706,2,Pitching Mound.Parent,,Delivery,pitch.1,334751,15.9028,-32.7072,113.2126,-148.3081,234.5259,72.9358,-0.22,0.0621
1779816506707,2,11.0000004b,Drive,Delivery,pitch.1,335562,0.2599,0.1909,0.4732,0.0883,-0.1058,0.0137,0.0,0.0
1779816506707,2,12.00000015,Lower Delivery,Delivery,pitch.1,335285,15.5866,-32.1442,95.3695,-243.3295,210.9673,71.9778,-0.2348,-0.2709
1779816506707,2,12.00000018,Upper Delivery,Delivery,pitch.1,335841,0.2511,-0.2494,14.7242,62.317,21.4453,4.7294,-0.1546,0.327
1779816506707,2,Pitching Mound.Delivery,,Delivery,pitch.1,335045,15.8378,-32.3936,110.0937,-153.593,232.4127,71.4931,-0.2241,0.0582
1779816506707,2,Pitching Mound.Drive,,Delivery,pitch.1,335562,0.2599,0.1909,0.4732,0.0883,-0.1058,0.0137,0.0,0.0
1779816506707,2,Pitching Mound.Parent,,Delivery,pitch.1,334752,16.0976,-32.2027,110.567,-153.5047,232.3068,71.5068,-0.2232,0.0579
1779816506708,2,11.0000004b,Drive,Delivery,pitch.1,335563,0.2363,0.1641,0.397,0.0931,-0.107,0.012,0.0,0.0
1779816506708,2,12.00000015,Lower Delivery,Delivery,pitch.1,335286,15.6409,-31.3174,95.0655,-237.0889,209.9546,71.121,-0.2345,-0.2648
1779816506708,2,12.00000018,Upper Delivery,Delivery,pitch.1,335842,0.1652,0.041,15.6877,64.3177,22.8336,4.6213,-0.1545,0.327
1779816506708,2,Pitching Mound.Delivery,,Delivery,pitch.1,335046,15.8061,-31.2764,110.7532,-145.7828,232.7882,70.4805,-0.2231,0.0627
1779816506708,2,Pitching Mound.Drive,,Delivery,pitch.1,335563,0.2363,0.1641,0.397,0.0931,-0.107,0.012,0.0,0.0
1779816506708,2,Pitching Mound.Parent,,Delivery,pitch.1,334753,16.0425,-31.1122,111.1502,-145.6897,232.6812,70.4925,-0.2223,0.0625
1779816506709,2,11.0000004b,Drive,Delivery,pitch.1,335564,0.2198,0.1688,0.4117,0.0811,-0.1017,0.0115,0.0,0.0
1779816506709,2,12.00000015,Lower Delivery,Delivery,pitch.1,335287,15.5672,-30.5271,93.7724,-235.6026,207.7616,70.2178,-0.2352,-0.2667
1779816506709,2,12.00000018,Upper Delivery,Delivery,pitch.1,335843,0.0507,0.2404,17.0156,64.9293,23.3314,4.3343,-0.1456,0.327
1779816506709,2,Pitching Mound.Delivery,,Delivery,pitch.1,335047,15.6179,-30.2867,110.788,-144.576,231.093,69.2765,-0.2214,0.06
1779816506709,2,Pitching Mound.Drive,,Delivery,pitch.1,335564,0.2198,0.1688,0.4117,0.0811,-0.1017,0.0115,0.0,0.0
1779816506709,2,Pitching Mound.Parent,,Delivery,pitch.1,334754,15.8377,-30.1179,111.1998,-144.4949,230.9912,69.288,-0.2206,0.0598
1779816506710,2,11.0000004b,Drive,Delivery,pitch.1,335565,0.1663,0.1178,0.305,0.0635,-0.094,0.0102,0.0,0.0
1779816506710,2,12.00000015,Lower Delivery,Delivery,pitch.1,335288,15.557,-29.516,93.2789,-231.9516,205.2263,69.3591,-0.2336,-0.264
1779816506710,2,12.00000018,Upper Delivery,Delivery,pitch.1,335844,0.0607,0.4116,18.0747,65.8093,24.6064,4.1836,-0.1445,0.327
1779816506710,2,Pitching Mound.Delivery,,Delivery,pitch.1,335048,15.6178,-29.1044,111.3536,-140.5729,229.8327,68.2739,-0.2191,0.0616
1779816506710,2,Pitching Mound.Drive,,Delivery,pitch.1,335565,0.1663,0.1178,0.305,0.0635,-0.094,0.0102,0.0,0.0
1779816506710,2,Pitching Mound.Parent,,Delivery,pitch.1,334755,15.7841,-28.9866,111.6586,-140.5094,229.7387,68.2841,-0.2185,0.0614
1779816506711,2,11.0000004b,Drive,Delivery,pitch.1,335566,0.1622,0.1129,0.2702,0.0683,-0.0962,0.0089,0.0,0.0
1779816506711,2,12.00000015,Lower Delivery,Delivery,pitch.1,335289,15.6355,-29.2162,94.8363,-231.0432,204.1902,68.5212,-0.2286,-0.2586
1779816506711,2,12.00000018,Upper Delivery,Delivery,pitch.1,335845,0.0707,0.5027,17.3835,65.3417,24.3619,4.1885,-0.1488,0.327
1779816506711,2,Pitching Mound.Delivery,,Delivery,pitch.1,335049,15.7062,-28.7135,112.2197,-139.3675,228.5521,67.4178,-0.2162,0.0667
1779816506711,2,Pitching Mound.Drive,,Delivery,pitch.1,335566,0.1622,0.1129,0.2702,0.0683,-0.0962,0.0089,0.0,0.0
1779816506711,2,Pitching Mound.Parent,,Delivery,pitch.1,334756,15.8684,-28.6007,112.49,-139.2993,228.4559,67.4267,-0.2157,0.0666
1779816506712,2,11.0000004b,Drive,Delivery,pitch.1,335567,0.1217,0.1002,0.2528,0.0788,-0.0937,0.0107,0.0,0.0
1779816506712,2,12.00000015,Lower Delivery,Delivery,pitch.1,335290,15.5617,-28.4452,93.2781,-227.6298,201.8217,67.3977,-0.2297,-0.2591
1779816506712,2,12.00000018,Upper Delivery,Delivery,pitch.1,335846,0.002,0.5646,19.4062,66.1936,23.67,4.3967,-0.1295,0.327
1779816506712,2,Pitching Mound.Delivery,,Delivery,pitch.1,335050,15.5637,-27.8805,112.6843,-136.3198,225.4917,66.504,-0.2124,0.0648
1779816506712,2,Pitching Mound.Drive,,Delivery,pitch.1,335567,0.1217,0.1002,0.2528,0.0788,-0.0937,0.0107,0.0,0.0
1779816506712,2,Pitching Mound.Parent,,Delivery,pitch.1,334757,15.6854,-27.7803,112.9371,-136.241,225.398,66.5147,-0.212,0.0646
1779816506713,2,11.0000004b,Drive,Delivery,pitch.1,335568,0.1011,0.094,0.2244,0.0978,-0.0958,0.0106,0.0,0.0
1779816506713,2,12.00000015,Lower Delivery,Delivery,pitch.1,335291,15.6976,-27.9165,94.8025,-233.4441,201.4879,66.4579,-0.2256,-0.2614
1779816506713,2,12.00000018,Upper Delivery,Delivery,pitch.1,335847,-0.1093,0.7946,17.7981,61.9343,23.4125,4.5087,-0.1397,0.327
1779816506713,2,Pitching Mound.Delivery,,Delivery,pitch.1,335051,15.5883,-27.1219,112.6006,-145.3283,224.9004,65.5923,-0.212,0.0641
1779816506713,2,Pitching Mound.Drive,,Delivery,pitch.1,335568,0.1011,0.094,0.2244,0.0978,-0.0958,0.0106,0.0,0.0
1779816506713,2,Pitching Mound.Parent,,Delivery,pitch.1,334758,15.6893,-27.0279,112.825,-145.2306,224.8046,65.6029,-0.2116,0.064
1779816506714,2,11.0000004b,Drive,Delivery,pitch.1,335569,0.0642,0.0756,0.168,0.0868,-0.0888,0.0107,0.0,0.0
1779816506714,2,12.00000015,Lower Delivery,Delivery,pitch.1,335292,15.639,-27.2811,93.3446,-226.4143,198.5347,65.3238,-0.2258,-0.2575
1779816506714,2,12.00000018,Upper Delivery,Delivery,pitch.1,335848,-0.2236,0.9132,19.5474,63.266,24.1131,4.685,-0.131,0.327
1779816506714,2,Pitching Mound.Delivery,,Delivery,pitch.1,335052,15.4154,-26.3679,112.892,-138.0573,222.6479,64.6155,-0.2094,0.066
1779816506714,2,Pitching Mound.Drive,,Delivery,pitch.1,335569,0.0642,0.0756,0.168,0.0868,-0.0888,0.0107,0.0,0.0
1779816506714,2,Pitching Mound.Parent,,Delivery,pitch.1,334759,15.4796,-26.2923,113.0599,-137.9705,222.5591,64.6262,-0.2091,0.0659
1779816506715,2,11.0000004b,Drive,Delivery,pitch.1,335570,0.0686,0.0748,0.1577,0.0895,-0.0924,0.0103,0.0,0.0
1779816506715,2,12.00000015,Lower Delivery,Delivery,pitch.1,335293,15.3942,-26.8214,92.3096,-222.6096,195.2824,64.3865,-0.2246,-0.256
1779816506715,2,12.00000018,Upper Delivery,Delivery,pitch.1,335849,-0.3829,0.9243,20.318,65.753,23.7457,4.7844,-0.1241,0.327
1779816506715,2,Pitching Mound.Delivery,,Delivery,pitch.1,335053,15.0113,-25.8971,112.6275,-132.3795,219.0281,63.8067,-0.2065,0.0665
1779816506715,2,Pitching Mound.Drive,,Delivery,pitch.1,335570,0.0686,0.0748,0.1577,0.0895,-0.0924,0.0103,0.0,0.0
1779816506715,2,Pitching Mound.Parent,,Delivery,pitch.1,334760,15.0799,-25.8223,112.7852,-132.2901,218.9357,63.817,-0.2062,0.0664
1779816506716,2,11.0000004b,Drive,Delivery,pitch.1,335571,0.0496,0.0648,0.1263,0.1419,-0.09,0.008,0.0,0.0
1779816506716,2,12.00000015,Lower Delivery,Delivery,pitch.1,335294,15.1581,-26.1822,91.4738,-221.3356,193.1338,63.2015,-0.2241,-0.2569
1779816506716,2,12.00000018,Upper Delivery,Delivery,pitch.1,335850,-0.4592,1.0292,19.9589,65.0156,24.5147,5.6126,-0.1304,0.327
1779816506716,2,Pitching Mound.Delivery,,Delivery,pitch.1,335054,14.6989,-25.1531,111.4327,-132.005,217.6485,63.5041,-0.2074,0.0659
1779816506716,2,Pitching Mound.Drive,,Delivery,pitch.1,335571,0.0496,0.0648,0.1263,0.1419,-0.09,0.008,0.0,0.0
1779816506716,2,Pitching Mound.Parent,,Delivery,pitch.1,334761,14.7486,-25.0883,111.559,-131.863,217.5585,63.5122,-0.2071,0.0658
1779816506717,2,11.0000004b,Drive,Delivery,pitch.1,335572,0.046,0.0602,0.1171,0.1385,-0.0916,0.0076,0.0,0.0
1779816506717,2,12.00000015,Lower Delivery,Delivery,pitch.1,335295,14.9193,-25.7433,91.6153,-221.2726,193.1617,62.0327,-0.2238,-0.2564
1779816506717,2,12.00000018,Upper Delivery,Delivery,pitch.1,335851,-0.4998,0.9169,21.0425,67.8627,24.9106,5.5772,-0.1257,0.327
1779816506717,2,Pitching Mound.Delivery,,Delivery,pitch.1,335055,14.4195,-24.8264,112.6577,-129.4152,218.0724,62.3674,-0.2055,0.0656
1779816506717,2,Pitching Mound.Drive,,Delivery,pitch.1,335572,0.046,0.0602,0.1171,0.1385,-0.0916,0.0076,0.0,0.0
1779816506717,2,Pitching Mound.Parent,,Delivery,pitch.1,334762,14.4655,-24.7662,112.7749,-129.2767,217.9807,62.375,-0.2053,0.0655
1779816506718,2,11.0000004b,Drive,Delivery,pitch.1,335573,0.0392,0.0594,0.1137,0.1377,-0.0941,0.0079,0.0,0.0
1779816506718,2,12.00000015,Lower Delivery,Delivery,pitch.1,335296,14.6982,-25.2613,90.8217,-219.2296,191.667,61.1509,-0.224,-0.2563
1779816506718,2,12.00000018,Upper Delivery,Delivery,pitch.1,335852,-0.447,0.735,21.3607,68.9907,24.824,6.1004,-0.1234,0.327
1779816506718,2,Pitching Mound.Delivery,,Delivery,pitch.1,335056,14.2512,-24.5263,112.1824,-126.6222,216.491,62.1019,-0.2049,0.0653
1779816506718,2,Pitching Mound.Drive,,Delivery,pitch.1,335573,0.0392,0.0594,0.1137,0.1377,-0.0941,0.0079,0.0,0.0
1779816506718,2,Pitching Mound.Parent,,Delivery,pitch.1,334763,14.2904,-24.4669,112.296,-126.4845,216.397,62.1098,-0.2047,0.0653
1779816506719,2,11.0000004b,Drive,Delivery,pitch.1,335574,0.032,0.0555,0.1179,0.0527,-0.0904,0.0076,0.0,0.0
1779816506719,2,12.00000015,Lower Delivery,Delivery,pitch.1,335297,14.4602,-24.7238,90.7727,-218.1759,191.0058,59.8669,-0.2234,-0.2552
1779816506719,2,12.00000018,Upper Delivery,Delivery,pitch.1,335853,-0.7258,0.8346,23.8447,72.2433,26.3049,6.3755,-0.1171,0.3216
1779816506719,2,Pitching Mound.Delivery,,Delivery,pitch.1,335057,13.7344,-23.8893,114.6174,-123.1771,217.3107,61.0792,-0.2013,0.0634
1779816506719,2,Pitching Mound.Drive,,Delivery,pitch.1,335574,0.032,0.0555,0.1179,0.0527,-0.0904,0.0076,0.0,0.0
1779816506719,2,Pitching Mound.Parent,,Delivery,pitch.1,334764,13.7663,-23.8338,114.7352,-123.1244,217.2203,61.0868,-0.2011,0.0633
1779816506720,2,11.0000004b,Drive,Delivery,pitch.1,335575,0.0465,0.054,0.1068,0.0955,-0.0974,0.0089,0.0,0.0
1779816506720,2,12.00000015,Lower Delivery,Delivery,pitch.1,335298,14.2655,-24.2508,90.6814,-216.2175,189.2393,59.1748,-0.2215,-0.2531
1779816506720,2,12.00000018,Upper Delivery,Delivery,pitch.1,335854,-0.8411,0.855,25.0118,74.0084,27.8781,6.3546,-0.1183,0.3141
1779816506720,2,Pitching Mound.Delivery,,Delivery,pitch.1,335058,13.4244,-23.3958,115.6932,-119.8814,217.1174,60.3932,-0.1992,0.0625
1779816506720,2,Pitching Mound.Drive,,Delivery,pitch.1,335575,0.0465,0.054,0.1068,0.0955,-0.0974,0.0089,0.0,0.0
1779816506720,2,Pitching Mound.Parent,,Delivery,pitch.1,334765,13.4709,-23.3418,115.8001,-119.7859,217.02,60.4021,-0.199,0.0624
1779816506721,2,11.0000004b,Drive,Delivery,pitch.1,335576,0.0567,0.0485,0.1285,0.0853,-0.0908,0.0102,0.0,0.0
1779816506721,2,12.00000015,Lower Delivery,Delivery,pitch.1,335299,14.0967,-23.8248,90.9358,-217.0351,189.3452,58.0344,-0.2211,-0.2534
1779816506721,2,12.00000018,Upper Delivery,Delivery,pitch.1,335855,-0.9069,0.9635,25.1365,72.2439,27.3957,6.83,-0.1157,0.3051
1779816506721,2,Pitching Mound.Delivery,,Delivery,pitch.1,335059,13.1898,-22.8614,116.0723,-122.4194,216.7409,59.7631,-0.1982,0.0603
1779816506721,2,Pitching Mound.Drive,,Delivery,pitch.1,335576,0.0567,0.0485,0.1285,0.0853,-0.0908,0.0102,0.0,0.0
1779816506721,2,Pitching Mound.Parent,,Delivery,pitch.1,334766,13.2465,-22.8128,116.2008,-122.3341,216.6501,59.7733,-0.198,0.0602
1779816506722,2,11.0000004b,Drive,Delivery,pitch.1,335577,0.0742,0.046,0.1282,0.0338,-0.0905,0.011,0.0,0.0
1779816506722,2,12.00000015,Lower Delivery,Delivery,pitch.1,335300,14.1004,-23.4467,90.4807,-215.3564,187.9777,57.4403,-0.2206,-0.2527
1779816506722,2,12.00000018,Upper Delivery,Delivery,pitch.1,335856,-0.9538,0.9819,24.9546,71.6482,26.0448,6.7763,-0.1108,0.3048
1779816506722,2,Pitching Mound.Delivery,,Delivery,pitch.1,335060,13.1466,-22.4648,115.4353,-121.4293,214.0226,59.0982,-0.1968,0.0608
1779816506722,2,Pitching Mound.Drive,,Delivery,pitch.1,335577,0.0742,0.046,0.1282,0.0338,-0.0905,0.011,0.0,0.0
1779816506722,2,Pitching Mound.Parent,,Delivery,pitch.1,334767,13.2208,-22.4188,115.5635,-121.3954,213.932,59.1092,-0.1966,0.0608
1779816506723,2,11.0000004b,Drive,Delivery,pitch.1,335578,0.0965,0.0389,0.1164,0.0337,-0.0886,0.0105,0.0,0.0
1779816506723,2,12.00000015,Lower Delivery,Delivery,pitch.1,335301,13.835,-23.037,90.8178,-213.536,186.0815,56.6836,-0.2175,-0.2496
1779816506723,2,12.00000018,Upper Delivery,Delivery,pitch.1,335857,-1.0048,1.0332,24.8056,71.5739,25.3409,6.8014,-0.1085,0.3063
1779816506723,2,Pitching Mound.Delivery,,Delivery,pitch.1,335061,12.8302,-22.0039,115.6234,-119.5179,211.4224,58.4394,-0.1941,0.0638
1779816506723,2,Pitching Mound.Drive,,Delivery,pitch.1,335578,0.0965,0.0389,0.1164,0.0337,-0.0886,0.0105,0.0,0.0
1779816506723,2,Pitching Mound.Parent,,Delivery,pitch.1,334768,12.9267,-21.9649,115.7398,-119.4842,211.3338,58.4499,-0.1939,0.0637
1779816506724,2,11.0000004b,Drive,Delivery,pitch.1,335579,0.1077,0.029,0.1321,0.0304,-0.0923,0.0095,0.0,0.0
1779816506724,2,12.00000015,Lower Delivery,Delivery,pitch.1,335302,13.8198,-22.7389,89.9061,-211.3652,184.8708,56.0148,-0.2183,-0.2496
1779816506724,2,12.00000018,Upper Delivery,Delivery,pitch.1,335858,-1.0818,1.0827,24.7604,71.6678,24.8317,6.9925,-0.1065,0.3073
1779816506724,2,Pitching Mound.Delivery,,Delivery,pitch.1,335062,12.738,-21.6562,114.6665,-117.5478,209.7024,57.9408,-0.1942,0.0638
1779816506724,2,Pitching Mound.Drive,,Delivery,pitch.1,335579,0.1077,0.029,0.1321,0.0304,-0.0923,0.0095,0.0,0.0
1779816506724,2,Pitching Mound.Parent,,Delivery,pitch.1,334769,12.8457,-21.6272,114.7986,-117.5174,209.6102,57.9502,-0.1939,0.0638
1779816506725,2,11.0000004b,Drive,Delivery,pitch.1,335580,0.1229,0.0268,0.1394,0.0338,-0.0945,0.0104,0.0,0.0
1779816506725,2,12.00000015,Lower Delivery,Delivery,pitch.1,335303,13.8804,-22.7545,89.1281,-208.8202,183.945,55.482,-0.2191,-0.2487
1779816506725,2,12.00000018,Upper Delivery,Delivery,pitch.1,335859,-1.1019,1.1018,24.5031,70.6604,24.4303,7.1317,-0.1058,0.3061
1779816506725,2,Pitching Mound.Delivery,,Delivery,pitch.1,335063,12.7785,-21.6527,113.6312,-116.1873,208.3753,57.5197,-0.1947,0.0643
1779816506725,2,Pitching Mound.Drive,,Delivery,pitch.1,335580,0.1229,0.0268,0.1394,0.0338,-0.0945,0.0104,0.0,0.0
1779816506725,2,Pitching Mound.Parent,,Delivery,pitch.1,334770,12.9014,-21.6258,113.7706,-116.1535,208.2807,57.5301,-0.1944,0.0642
1779816506726,2,11.0000004b,Drive,Delivery,pitch.1,335581,0.1348,0.0329,0.158,0.0282,-0.0912,0.0088,0.0,0.0
1779816506726,2,12.00000015,Lower Delivery,Delivery,pitch.1,335304,13.7546,-22.3487,88.9086,-206.3426,182.4969,54.7588,-0.2179,-0.2464
1779816506726,2,12.00000018,Upper Delivery,Delivery,pitch.1,335860,-1.075,1.179,23.8556,70.1234,23.6094,7.364,-0.1051,0.3121
1779816506726,2,Pitching Mound.Delivery,,Delivery,pitch.1,335064,12.6796,-21.1698,112.7642,-114.1012,206.1063,57.0808,-0.194,0.0679
1779816506726,2,Pitching Mound.Drive,,Delivery,pitch.1,335581,0.1348,0.0329,0.158,0.0282,-0.0912,0.0088,0.0,0.0
1779816506726,2,Pitching Mound.Parent,,Delivery,pitch.1,334771,12.8144,-21.1369,112.9222,-114.073,206.015,57.0896,-0.1938,0.0678
1779816506727,2,11.0000004b,Drive,Delivery,pitch.1,335582,0.1407,0.027,0.1911,0.0334,-0.0936,0.0109,0.0,0.0
1779816506727,2,12.00000015,Lower Delivery,Delivery,pitch.1,335305,13.7004,-22.1073,88.7192,-204.7875,181.52,54.1424,-0.2172,-0.2451
1779816506727,2,12.00000018,Upper Delivery,Delivery,pitch.1,335861,-1.0965,1.1962,23.5405,70.3663,22.8806,7.6552,-0.1032,0.3173
1779816506727,2,Pitching Mound.Delivery,,Delivery,pitch.1,335065,12.6039,-20.911,112.2597,-112.2604,204.4006,56.7666,-0.1933,0.0703
1779816506727,2,Pitching Mound.Drive,,Delivery,pitch.1,335582,0.1407,0.027,0.1911,0.0334,-0.0936,0.0109,0.0,0.0
1779816506727,2,Pitching Mound.Parent,,Delivery,pitch.1,334772,12.7446,-20.8841,112.4507,-112.227,204.3071,56.7775,-0.193,0.0702
1779816506728,2,11.0000004b,Drive,Delivery,pitch.1,335583,0.1556,0.0437,0.2363,0.0413,-0.0946,0.0115,0.0,0.0
1779816506728,2,12.00000015,Lower Delivery,Delivery,pitch.1,335306,13.6301,-22.0088,88.1036,-201.7645,179.9534,53.7034,-0.2168,-0.2431
1779816506728,2,12.00000018,Upper Delivery,Delivery,pitch.1,335862,-1.1848,1.2178,23.1894,69.4113,22.8677,7.8198,-0.1047,0.3178
1779816506728,2,Pitching Mound.Delivery,,Delivery,pitch.1,335066,12.4453,-20.7909,111.293,-110.2823,202.821,56.4861,-0.1935,0.0721
1779816506728,2,Pitching Mound.Drive,,Delivery,pitch.1,335583,0.1556,0.0437,0.2363,0.0413,-0.0946,0.0115,0.0,0.0
1779816506728,2,Pitching Mound.Parent,,Delivery,pitch.1,334773,12.6009,-20.7472,111.5294,-110.2411,202.7264,56.4977,-0.1931,0.0719
1779816506729,2,11.0000004b,Drive,Delivery,pitch.1,335584,0.1543,0.0492,0.2274,0.0348,-0.0887,0.011,0.0,0.0
1779816506729,2,12.00000015,Lower Delivery,Delivery,pitch.1,335307,13.5867,-21.7282,87.9159,-200.967,179.4874,53.0188,-0.2167,-0.2427
1779816506729,2,12.00000018,Upper Delivery,Delivery,pitch.1,335863,-1.175,1.2152,21.9964,69.0139,21.4587,8.2599,-0.1036,0.327
1779816506729,2,Pitching Mound.Delivery,,Delivery,pitch.1,335067,12.4117,-20.513,109.9123,-109.5404,200.9461,56.2597,-0.1941,0.0752
1779816506729,2,Pitching Mound.Drive,,Delivery,pitch.1,335584,0.1543,0.0492,0.2274,0.0348,-0.0887,0.011,0.0,0.0
1779816506729,2,Pitching Mound.Parent,,Delivery,pitch.1,334774,12.566,-20.4638,110.1397,-109.5056,200.8574,56.2708,-0.1937,0.0751
1779816506730,2,11.0000004b,Drive,Delivery,pitch.1,335585,0.1708,0.0587,0.2399,0.0374,-0.0912,0.0119,0.0,0.0
1779816506730,2,12.00000015,Lower Delivery,Delivery,pitch.1,335308,13.5408,-21.4982,87.4238,-199.7219,178.2687,52.4076,-0.2165,-0.2425
1779816506730,2,12.00000018,Upper Delivery,Delivery,pitch.1,335864,-1.2967,1.2479,20.4533,67.087,20.6716,8.9681,-0.1073,0.327
1779816506730,2,Pitching Mound.Delivery,,Delivery,pitch.1,335068,12.2441,-20.2502,107.8771,-109.8649,198.9403,56.331,-0.1958,0.0765
1779816506730,2,Pitching Mound.Drive,,Delivery,pitch.1,335585,0.1708,0.0587,0.2399,0.0374,-0.0912,0.0119,0.0,0.0
1779816506730,2,Pitching Mound.Parent,,Delivery,pitch.1,334775,12.4149,-20.1915,108.117,-109.8275,198.849,56.3428,-0.1953,0.0764
1779816506731,2,11.0000004b,Drive,Delivery,pitch.1,335586,0.1469,0.0482,0.2197,0.0273,-0.0877,0.0116,0.0,0.0
1779816506731,2,12.00000015,Lower Delivery,Delivery,pitch.1,335309,13.5373,-21.3838,86.9692,-197.3202,177.0888,52.0,-0.2162,-0.2409
1779816506731,2,12.00000015,Lower Delivery,Delivery,pitch.1,335310,13.4248,-20.9426,87.245,-201.5924,177.7148,51.1875,-0.2162,-0.2453
1779816506731,2,12.00000018,Upper Delivery,Delivery,pitch.1,335865,-1.5148,1.2631,20.888,66.3781,20.7309,9.2978,-0.1054,0.327
1779816506731,2,Pitching Mound.Delivery,,Delivery,pitch.1,335069,12.0225,-20.1206,107.8572,-108.4744,197.8197,56.1802,-0.1947,0.0774
1779816506731,2,Pitching Mound.Drive,,Delivery,pitch.1,335586,0.1469,0.0482,0.2197,0.0273,-0.0877,0.0116,0.0,0.0
1779816506731,2,Pitching Mound.Parent,,Delivery,pitch.1,334776,12.1694,-20.0724,108.0769,-108.4471,197.732,56.1918,-0.1943,0.0773
1779816506732,2,11.0000004b,Drive,Delivery,pitch.1,335587,0.1385,0.0625,0.1885,0.0296,-0.0849,0.0115,0.0,0.0
1779816506732,2,12.00000018,Upper Delivery,Delivery,pitch.1,335866,-1.7587,1.4228,19.9487,65.6062,20.3607,9.8837,-0.1084,0.327
1779816506732,2,Pitching Mound.Delivery,,Delivery,pitch.1,335070,11.666,-19.5199,107.1937,-113.1055,198.0755,55.9088,-0.1962,0.0747
1779816506732,2,Pitching Mound.Drive,,Delivery,pitch.1,335587,0.1385,0.0625,0.1885,0.0296,-0.0849,0.0115,0.0,0.0
1779816506732,2,Pitching Mound.Parent,,Delivery,pitch.1,334777,11.8046,-19.4573,107.3822,-113.0758,197.9906,55.9203,-0.1958,0.0745
1779816506733,2,11.0000004b,Drive,Delivery,pitch.1,335588,0.1074,0.0501,0.1482,0.0305,-0.0844,0.0114,0.0,0.0
1779816506733,2,12.00000015,Lower Delivery,Delivery,pitch.1,335311,13.257,-20.7247,86.2333,-195.3332,176.4051,50.6668,-0.2172,-0.2405
1779816506733,2,12.00000018,Upper Delivery,Delivery,pitch.1,335867,-1.9119,1.4576,20.2088,65.123,20.3819,10.0953,-0.1071,0.327
1779816506733,2,Pitching Mound.Delivery,,Delivery,pitch.1,335071,11.3451,-19.267,106.4422,-107.7619,196.787,55.6046,-0.1963,0.0782
1779816506733,2,Pitching Mound.Drive,,Delivery,pitch.1,335588,0.1074,0.0501,0.1482,0.0305,-0.0844,0.0114,0.0,0.0
1779816506733,2,Pitching Mound.Parent,,Delivery,pitch.1,334778,11.4525,-19.217,106.5904,-107.7314,196.7026,55.6161,-0.196,0.0781
1779816506734,2,11.0000004b,Drive,Delivery,pitch.1,335589,0.0911,0.0511,0.1299,0.031,-0.0839,0.0108,0.0,0.0
1779816506734,2,12.00000015,Lower Delivery,Delivery,pitch.1,335312,13.1539,-20.5734,86.5256,-196.0556,177.3694,49.8023,-0.2176,-0.2406
1779816506734,2,12.00000018,Upper Delivery,Delivery,pitch.1,335868,-2.1291,1.4744,20.5689,64.0054,20.875,10.2604,-0.1077,0.327
1779816506734,2,Pitching Mound.Delivery,,Delivery,pitch.1,335072,11.0248,-19.0991,107.0945,-109.6249,198.2444,54.8665,-0.1965,0.0779
1779816506734,2,Pitching Mound.Drive,,Delivery,pitch.1,335589,0.0911,0.0511,0.1299,0.031,-0.0839,0.0108,0.0,0.0
1779816506734,2,Pitching Mound.Parent,,Delivery,pitch.1,334779,11.1159,-19.048,107.2244,-109.594,198.1605,54.8773,-0.1963,0.0778
1779816506735,2,11.0000004b,Drive,Delivery,pitch.1,335590,0.069,0.0462,0.1281,0.0362,-0.0846,0.0103,0.0,0.0
1779816506735,2,12.00000015,Lower Delivery,Delivery,pitch.1,335313,13.1195,-20.5039,87.7075,-197.6194,178.6196,49.4549,-0.2162,-0.2392
1779816506735,2,12.00000018,Upper Delivery,Delivery,pitch.1,335869,-2.2754,1.5468,20.5535,64.8001,20.9849,10.6137,-0.1084,0.327
1779816506735,2,Pitching Mound.Delivery,,Delivery,pitch.1,335073,10.8441,-18.957,108.261,-109.987,199.6045,54.8343,-0.1957,0.0792
1779816506735,2,Pitching Mound.Drive,,Delivery,pitch.1,335590,0.069,0.0462,0.1281,0.0362,-0.0846,0.0103,0.0,0.0
1779816506735,2,Pitching Mound.Parent,,Delivery,pitch.1,334780,10.9132,-18.9108,108.3891,-109.9507,199.5199,54.8446,-0.1955,0.0791
1779816506736,2,11.0000004b,Drive,Delivery,pitch.1,335591,0.045,0.0464,0.1179,0.0341,-0.0813,0.0085,0.0,0.0
1779816506736,2,11.0000004b,Drive,Delivery,pitch.1,335592,0.0413,0.0458,0.1103,0.0398,-0.0825,0.0085,0.0,0.0
1779816506736,2,12.00000015,Lower Delivery,Delivery,pitch.1,335314,13.0039,-20.3273,87.8683,-196.3998,178.7115,48.6455,-0.2159,-0.2373
1779816506736,2,12.00000018,Upper Delivery,Delivery,pitch.1,335870,-2.4669,1.5828,20.8314,65.5862,21.0354,10.8564,-0.1072,0.327
1779816506736,2,Pitching Mound.Delivery,,Delivery,pitch.1,335074,10.5371,-18.7445,108.6997,-108.0211,199.7468,54.2419,-0.1951,0.0805
1779816506736,2,Pitching Mound.Drive,,Delivery,pitch.1,335591,0.045,0.0464,0.1179,0.0341,-0.0813,0.0085,0.0,0.0
1779816506736,2,Pitching Mound.Drive,,Delivery,pitch.1,335592,0.0413,0.0458,0.1103,0.0398,-0.0825,0.0085,0.0,0.0
1779816506736,2,Pitching Mound.Parent,,Delivery,pitch.1,334781,10.5821,-18.6981,108.8176,-107.987,199.6655,54.2504,-0.1949,0.0805
1779816506737,2,11.0000004b,Drive,Delivery,pitch.1,335593,0.0395,0.0405,0.1223,0.0459,-0.083,0.0073,0.0,0.0
1779816506737,2,12.00000015,Lower Delivery,Delivery,pitch.1,335315,12.9287,-20.0549,87.8966,-197.183,179.734,47.8364,-0.2171,-0.2382
1779816506737,2,12.00000018,Upper Delivery,Delivery,pitch.1,335871,-2.6449,1.6009,21.2749,66.3865,21.1722,11.0853,-0.1057,0.327
1779816506737,2,Pitching Mound.Delivery,,Delivery,pitch.1,335075,10.2838,-18.454,109.1715,-108.1451,200.9062,53.6267,-0.1954,0.0795
1779816506737,2,Pitching Mound.Drive,,Delivery,pitch.1,335593,0.0395,0.0405,0.1223,0.0459,-0.083,0.0073,0.0,0.0
1779816506737,2,Pitching Mound.Parent,,Delivery,pitch.1,334782,10.3251,-18.4082,109.2818,-108.1053,200.8237,53.6352,-0.1952,0.0794
1779816506738,2,11.0000004b,Drive,Delivery,pitch.1,335594,0.0329,0.0437,0.1075,0.0387,-0.0839,0.0084,0.0,0.0
1779816506738,2,12.00000015,Lower Delivery,Delivery,pitch.1,335316,12.7489,-19.8662,87.9278,-196.8179,179.0757,47.3741,-0.2162,-0.2376
1779816506738,2,12.00000018,Upper Delivery,Delivery,pitch.1,335872,-2.7405,1.6446,21.5477,66.5641,21.0973,11.2925,-0.1039,0.327
1779816506738,2,Pitching Mound.Delivery,,Delivery,pitch.1,335076,10.0084,-18.2216,109.4756,-107.6846,200.173,53.4002,-0.1941,0.0797
1779816506738,2,Pitching Mound.Drive,,Delivery,pitch.1,335594,0.0329,0.0437,0.1075,0.0387,-0.0839,0.0084,0.0,0.0
1779816506738,2,Pitching Mound.Parent,,Delivery,pitch.1,334783,10.0479,-18.1811,109.5979,-107.6387,200.09,53.4075,-0.1939,0.0796
1779816506739,2,12.00000015,Lower Delivery,Delivery,pitch.1,335317,12.6095,-19.7041,87.5725,-196.733,179.0169,46.746,-0.217,-0.2385
1779816506739,2,12.00000018,Upper Delivery,Delivery,pitch.1,335873,-2.8448,1.6897,21.9042,66.8652,20.8395,11.4802,-0.101,0.3241
1779816506739,2,Pitching Mound.Delivery,,Delivery,pitch.1,335077,9.7647,-18.0144,109.4767,-107.5406,199.8565,52.9718,-0.1938,0.078
1779816506739,2,Pitching Mound.Parent,,Delivery,pitch.1,334784,9.7977,-17.9706,109.5842,-107.5019,199.7725,52.9802,-0.1936,0.0779
1779816506740,2,11.0000004b,Drive,Delivery,pitch.1,335595,0.0363,0.0458,0.0941,0.0354,-0.0857,0.0077,0.0,0.0
1779816506740,2,11.0000004b,Drive,Delivery,pitch.1,335596,0.0382,0.0395,0.111,0.0397,-0.0867,0.0093,0.0,0.0
1779816506740,2,12.00000015,Lower Delivery,Delivery,pitch.1,335318,12.4956,-19.4188,87.8094,-196.6201,178.767,46.1732,-0.2161,-0.2377
1779816506740,2,12.00000018,Upper Delivery,Delivery,pitch.1,335874,-2.9428,1.7101,22.3609,67.9554,20.8597,11.79,-0.099,0.3226
1779816506740,2,Pitching Mound.Delivery,,Delivery,pitch.1,335078,9.5528,-17.7086,110.1703,-106.4122,199.6266,52.7142,-0.1924,0.078
1779816506740,2,Pitching Mound.Drive,,Delivery,pitch.1,335595,0.0363,0.0458,0.0941,0.0354,-0.0857,0.0077,0.0,0.0
1779816506740,2,Pitching Mound.Drive,,Delivery,pitch.1,335596,0.0382,0.0395,0.111,0.0397,-0.0867,0.0093,0.0,0.0
1779816506740,2,Pitching Mound.Parent,,Delivery,pitch.1,334785,9.5891,-17.6629,110.2644,-106.3767,199.541,52.7219,-0.1922,0.0779
1779816506741,2,11.0000004b,Drive,Delivery,pitch.1,335597,0.0457,0.0295,0.1245,0.0839,-0.088,0.0092,0.0,0.0
1779816506741,2,12.00000015,Lower Delivery,Delivery,pitch.1,335319,12.3534,-19.2745,87.334,-196.134,178.3195,45.6894,-0.2168,-0.2384
1779816506741,2,12.00000015,Lower Delivery,Delivery,pitch.1,335320,12.1908,-19.1167,87.261,-195.8627,177.1523,45.271,-0.2155,-0.2383
1779816506741,2,12.00000018,Upper Delivery,Delivery,pitch.1,335875,-3.0328,1.7189,22.2978,68.8497,20.9517,12.0587,-0.0998,0.327
1779816506741,2,Pitching Mound.Delivery,,Delivery,pitch.1,335079,9.3207,-17.5555,109.6319,-105.172,199.2711,52.5168,-0.193,0.0783
1779816506741,2,Pitching Mound.Drive,,Delivery,pitch.1,335597,0.0457,0.0295,0.1245,0.0839,-0.088,0.0092,0.0,0.0
1779816506741,2,Pitching Mound.Parent,,Delivery,pitch.1,334786,9.3589,-17.5161,109.7429,-105.1323,199.1845,52.526,-0.1928,0.0782
1779816506742,2,11.0000004b,Drive,Delivery,pitch.1,335598,0.0618,0.0412,0.0986,0.0602,-0.0916,0.01,0.0,0.0
1779816506742,2,12.00000018,Upper Delivery,Delivery,pitch.1,335876,-3.1386,1.6751,22.0125,69.5644,22.5105,12.5137,-0.1086,0.327
1779816506742,2,Pitching Mound.Delivery,,Delivery,pitch.1,335080,9.0522,-17.4416,109.2735,-104.1139,199.6628,52.5727,-0.194,0.0786
1779816506742,2,Pitching Mound.Drive,,Delivery,pitch.1,335598,0.0618,0.0412,0.0986,0.0602,-0.0916,0.01,0.0,0.0
1779816506742,2,Pitching Mound.Parent,,Delivery,pitch.1,334787,9.0978,-17.4121,109.398,-104.03,199.5748,52.5818,-0.1938,0.0785
1779816506743,2,11.0000004b,Drive,Delivery,pitch.1,335599,0.0816,0.0521,0.1439,0.0612,-0.0959,0.012,0.0,0.0
1779816506743,2,12.00000015,Lower Delivery,Delivery,pitch.1,335321,12.0885,-19.0215,87.5281,-197.4575,177.5567,44.9363,-0.2154,-0.2395
1779816506743,2,12.00000018,Upper Delivery,Delivery,pitch.1,335877,-3.2589,1.6999,22.8295,70.2436,22.2165,12.8373,-0.1033,0.3266
1779816506743,2,Pitching Mound.Delivery,,Delivery,pitch.1,335081,8.8296,-17.3215,110.3576,-105.2164,199.7732,52.5555,-0.1922,0.077
1779816506743,2,Pitching Mound.Drive,,Delivery,pitch.1,335599,0.0816,0.0521,0.1439,0.0612,-0.0959,0.012,0.0,0.0
1779816506743,2,Pitching Mound.Parent,,Delivery,pitch.1,334788,8.8914,-17.2804,110.4562,-105.1561,199.6815,52.5654,-0.192,0.0769
1779816506744,2,11.0000004b,Drive,Delivery,pitch.1,335600,0.0936,0.0661,0.178,0.0644,-0.0989,0.0131,0.0,0.0
1779816506744,2,12.00000015,Lower Delivery,Delivery,pitch.1,335322,11.9194,-18.8492,87.5928,-197.582,177.3756,44.6018,-0.215,-0.2395
1779816506744,2,12.00000015,Lower Delivery,Delivery,pitch.1,335323,11.731,-18.6811,87.7424,-197.2352,176.9927,43.9892,-0.2141,-0.2386
1779816506744,2,12.00000018,Upper Delivery,Delivery,pitch.1,335878,-3.3779,1.7491,24.0735,71.3612,23.2063,13.2505,-0.1023,0.3147
1779816506744,2,Pitching Mound.Delivery,,Delivery,pitch.1,335082,8.5415,-17.1,111.6664,-104.6242,200.5819,52.6513,-0.1907,0.0734
1779816506744,2,Pitching Mound.Drive,,Delivery,pitch.1,335600,0.0936,0.0661,0.178,0.0644,-0.0989,0.0131,0.0,0.0
1779816506744,2,Pitching Mound.Parent,,Delivery,pitch.1,334789,8.6231,-17.0479,111.8103,-104.563,200.4859,52.6633,-0.1905,0.0733
1779816506745,2,11.0000004b,Drive,Delivery,pitch.1,335601,0.1203,0.0779,0.2035,0.078,-0.0993,0.0146,0.0,0.0
1779816506745,2,12.00000015,Lower Delivery,Delivery,pitch.1,335324,11.6984,-18.56,87.3644,-197.2126,176.648,43.6728,-0.2147,-0.2396
1779816506745,2,12.00000018,Upper Delivery,Delivery,pitch.1,335879,-3.4677,1.7992,24.8437,72.6774,23.8182,13.72,-0.1018,0.3106
1779816506745,2,Pitching Mound.Delivery,,Delivery,pitch.1,335083,8.2633,-16.8819,112.5862,-103.1723,200.8108,52.5416,-0.1894,0.0725
1779816506745,2,Pitching Mound.Drive,,Delivery,pitch.1,335601,0.1203,0.0779,0.2035,0.078,-0.0993,0.0146,0.0,0.0
1779816506745,2,Pitching Mound.Parent,,Delivery,pitch.1,334790,8.3569,-16.8158,112.7641,-103.1079,200.7119,52.5547,-0.1891,0.0724
1779816506746,2,11.0000004b,Drive,Delivery,pitch.1,335602,0.1271,0.0783,0.2122,0.0607,-0.0982,0.0196,0.0,0.0
1779816506746,2,12.00000015,Lower Delivery,Delivery,pitch.1,335325,11.6865,-18.479,87.0993,-196.8618,176.4964,43.3252,-0.2151,-0.2399
1779816506746,2,12.00000018,Upper Delivery,Delivery,pitch.1,335880,-3.5838,1.8213,25.6275,73.9996,24.0936,14.1701,-0.0998,0.3065
1779816506746,2,Pitching Mound.Delivery,,Delivery,pitch.1,335084,8.1145,-16.7387,112.9918,-102.2225,200.7416,52.647,-0.1886,0.07
1779816506746,2,Pitching Mound.Drive,,Delivery,pitch.1,335602,0.1271,0.0783,0.2122,0.0607,-0.0982,0.0196,0.0,0.0
1779816506746,2,Pitching Mound.Parent,,Delivery,pitch.1,334791,8.2349,-16.6608,113.1953,-102.1445,200.6424,52.6616,-0.1883,0.0699
1779816506747,2,11.0000004b,Drive,Delivery,pitch.1,335603,0.1306,0.0902,0.2485,0.0556,-0.0952,0.0197,0.0,0.0
1779816506747,2,12.00000015,Lower Delivery,Delivery,pitch.1,335326,11.7075,-18.497,87.2454,-197.1833,175.7907,43.0121,-0.2139,-0.2399
1779816506747,2,12.00000018,Upper Delivery,Delivery,pitch.1,335881,-3.6721,1.855,26.3142,74.9674,24.3158,14.5753,-0.0981,0.3024
1779816506747,2,Pitching Mound.Delivery,,Delivery,pitch.1,335085,8.0144,-16.6239,113.4136,-101.2274,200.8123,52.6786,-0.188,0.0681
1779816506747,2,Pitching Mound.Drive,,Delivery,pitch.1,335603,0.1306,0.0902,0.2485,0.0556,-0.0952,0.0197,0.0,0.0
1779816506747,2,Pitching Mound.Parent,,Delivery,pitch.1,334792,8.1416,-16.5456,113.6257,-101.1668,200.7141,52.6982,-0.1876,0.068
1779816506748,2,11.0000004b,Drive,Delivery,pitch.1,335604,0.1431,0.1072,0.2714,0.0602,-0.0958,0.0213,0.0,0.0
1779816506748,2,12.00000015,Lower Delivery,Delivery,pitch.1,335327,11.7101,-18.5118,87.3988,-197.909,176.0144,42.6982,-0.2138,-0.2404
1779816506748,2,12.00000018,Upper Delivery,Delivery,pitch.1,335882,-3.7814,1.8795,26.715,75.7866,24.168,15.0029,-0.096,0.3012
1779816506748,2,12.00000018,Upper Delivery,Delivery,pitch.1,335883,-3.8909,1.8893,27.1415,76.7523,24.2276,15.3829,-0.0948,0.3002
1779816506748,2,Pitching Mound.Delivery,,Delivery,pitch.1,335087,7.8192,-16.6226,114.5404,-100.6693,200.242,52.7768,-0.1856,0.0666
1779816506748,2,Pitching Mound.Delivery,,Delivery,pitch.1,335086,7.9261,-16.6175,113.9603,-100.8163,199.9587,52.7488,-0.1863,0.0675
1779816506748,2,Pitching Mound.Drive,,Delivery,pitch.1,335604,0.1431,0.1072,0.2714,0.0602,-0.0958,0.0213,0.0,0.0
1779816506748,2,Pitching Mound.Parent,,Delivery,pitch.1,334793,8.0567,-16.5273,114.2089,-100.7607,199.8636,52.7685,-0.1859,0.0674
1779816506748,2,Pitching Mound.Parent,,Delivery,pitch.1,334794,7.9623,-16.5154,114.8117,-100.6091,200.1462,52.798,-0.1852,0.0664
1779816506749,2,11.0000004b,Drive,Delivery,pitch.1,335605,0.1446,0.1062,0.2469,0.0625,-0.0955,0.0207,0.0,0.0
1779816506749,2,12.00000015,Lower Delivery,Delivery,pitch.1,335328,11.689,-18.5844,87.7148,-198.1046,175.4706,42.523,-0.2124,-0.2398
1779816506749,2,12.00000018,Upper Delivery,Delivery,pitch.1,335884,-3.9942,1.8961,27.3754,77.6301,24.2927,15.7246,-0.0942,0.3011
1779816506749,2,Pitching Mound.Delivery,,Delivery,pitch.1,335088,7.6948,-16.6883,115.0902,-99.9591,199.7633,52.9153,-0.1843,0.0671
1779816506749,2,Pitching Mound.Drive,,Delivery,pitch.1,335605,0.1446,0.1062,0.2469,0.0625,-0.0955,0.0207,0.0,0.0
1779816506749,2,Pitching Mound.Parent,,Delivery,pitch.1,334795,7.8394,-16.5821,115.3371,-99.8966,199.6678,52.936,-0.1839,0.067
1779816506750,2,11.0000004b,Drive,Delivery,pitch.1,335606,0.1352,0.0955,0.2192,0.0569,-0.0933,0.0213,0.0,0.0
1779816506750,2,12.00000015,Lower Delivery,Delivery,pitch.1,335329,11.6878,-18.6845,87.8953,-198.5974,175.5807,42.5075,-0.2121,-0.2399
1779816506750,2,12.00000018,Upper Delivery,Delivery,pitch.1,335885,-4.1346,1.8811,27.8469,78.9852,24.2906,16.1751,-0.0926,0.3011
1779816506750,2,Pitching Mound.Delivery,,Delivery,pitch.1,335089,7.5532,-16.8033,115.7423,-99.1957,199.8712,53.3029,-0.1833,0.0667
1779816506750,2,Pitching Mound.Drive,,Delivery,pitch.1,335606,0.1352,0.0955,0.2192,0.0569,-0.0933,0.0213,0.0,0.0
1779816506750,2,Pitching Mound.Parent,,Delivery,pitch.1,334796,7.6884,-16.7078,115.9614,-99.1388,199.7779,53.3242,-0.183,0.0666
1779816506751,2,11.0000004b,Drive,Delivery,pitch.1,335607,0.1425,0.1021,0.2309,0.0533,-0.0918,0.0178,0.0,0.0
1779816506751,2,12.00000015,Lower Delivery,Delivery,pitch.1,335330,11.675,-18.8303,88.2693,-198.979,175.5092,42.4535,-0.2111,-0.2393
1779816506751,2,12.00000018,Upper Delivery,Delivery,pitch.1,335886,-4.2281,1.8451,27.7674,79.2193,24.706,16.5158,-0.0945,0.3029
1779816506751,2,Pitching Mound.Delivery,,Delivery,pitch.1,335090,7.4469,-16.9851,116.0368,-99.189,200.2151,53.5623,-0.1832,0.0677
1779816506751,2,Pitching Mound.Drive,,Delivery,pitch.1,335607,0.1425,0.1021,0.2309,0.0533,-0.0918,0.0178,0.0,0.0
1779816506751,2,Pitching Mound.Parent,,Delivery,pitch.1,334797,7.5894,-16.883,116.2677,-99.1357,200.1233,53.5801,-0.1828,0.0676
1779816506752,2,11.0000004b,Drive,Delivery,pitch.1,335608,0.1325,0.0989,0.1951,0.0503,-0.0903,0.0174,0.0,0.0
1779816506752,2,12.00000015,Lower Delivery,Delivery,pitch.1,335331,11.636,-18.9712,88.6266,-199.7539,175.9225,42.4709,-0.2107,-0.2393
1779816506752,2,12.00000018,Upper Delivery,Delivery,pitch.1,335887,-4.3482,1.8281,27.7746,79.2658,24.7168,16.9446,-0.0945,0.303
1779816506752,2,Pitching Mound.Delivery,,Delivery,pitch.1,335091,7.2878,-17.1431,116.4012,-99.7984,200.6393,53.9808,-0.183,0.0679
1779816506752,2,Pitching Mound.Drive,,Delivery,pitch.1,335608,0.1325,0.0989,0.1951,0.0503,-0.0903,0.0174,0.0,0.0
1779816506752,2,Pitching Mound.Parent,,Delivery,pitch.1,334798,7.4203,-17.0442,116.5963,-99.7481,200.549,53.9982,-0.1827,0.0677
1779816506753,2,11.0000004b,Drive,Delivery,pitch.1,335609,0.1265,0.0921,0.1866,0.0624,-0.0937,0.0145,0.0,0.0
1779816506753,2,12.00000015,Lower Delivery,Delivery,pitch.1,335332,11.6021,-19.129,89.2232,-200.9322,176.7629,42.521,-0.2103,-0.2391
1779816506753,2,12.00000018,Upper Delivery,Delivery,pitch.1,335888,-4.5194,1.8016,27.7555,80.4542,24.9431,17.414,-0.0954,0.3077
1779816506753,2,Pitching Mound.Delivery,,Delivery,pitch.1,335092,7.0827,-17.3274,116.9787,-99.579,201.706,54.4536,-0.1831,0.0693
1779816506753,2,Pitching Mound.Drive,,Delivery,pitch.1,335609,0.1265,0.0921,0.1866,0.0624,-0.0937,0.0145,0.0,0.0
1779816506753,2,Pitching Mound.Parent,,Delivery,pitch.1,334799,7.2092,-17.2353,117.1653,-99.5166,201.6123,54.4682,-0.1828,0.0692
1779816506754,2,11.0000004b,Drive,Delivery,pitch.1,335610,0.1039,0.0774,0.1422,0.0502,-0.0891,0.0123,0.0,0.0
1779816506754,2,12.00000015,Lower Delivery,Delivery,pitch.1,335333,11.5385,-19.3093,89.7914,-202.0208,177.2823,42.5495,-0.2096,-0.2389
1779816506754,2,12.00000018,Upper Delivery,Delivery,pitch.1,335889,-4.6424,1.7728,27.4667,82.0439,24.6701,17.8256,-0.0954,0.3171
1779816506754,2,Pitching Mound.Delivery,,Delivery,pitch.1,335093,6.8961,-17.5365,117.2581,-98.7865,201.9525,54.8736,-0.1828,0.0721
1779816506754,2,Pitching Mound.Drive,,Delivery,pitch.1,335610,0.1039,0.0774,0.1422,0.0502,-0.0891,0.0123,0.0,0.0
1779816506754,2,Pitching Mound.Parent,,Delivery,pitch.1,334800,7.0,-17.4591,117.4003,-98.7362,201.8633,54.886,-0.1826,0.072
1779816506755,2,11.0000004b,Drive,Delivery,pitch.1,335611,0.1073,0.073,0.1382,0.053,-0.0912,0.0107,0.0,0.0
1779816506755,2,12.00000015,Lower Delivery,Delivery,pitch.1,335334,11.5067,-19.5166,90.4799,-203.013,178.3577,42.5847,-0.2093,-0.2382
1779816506755,2,12.00000018,Upper Delivery,Delivery,pitch.1,335890,-4.8209,1.6739,27.4471,82.7381,25.0888,18.1443,-0.097,0.32
1779816506755,2,Pitching Mound.Delivery,,Delivery,pitch.1,335094,6.6857,-17.8427,117.927,-98.8437,203.4465,55.1775,-0.1832,0.0735
1779816506755,2,Pitching Mound.Drive,,Delivery,pitch.1,335611,0.1073,0.073,0.1382,0.053,-0.0912,0.0107,0.0,0.0
1779816506755,2,Pitching Mound.Parent,,Delivery,pitch.1,334801,6.793,-17.7697,118.0652,-98.7907,203.3553,55.1882,-0.1829,0.0734
1779816506756,2,11.0000004b,Drive,Delivery,pitch.1,335612,0.0917,0.0611,0.1164,0.0463,-0.0894,0.0098,0.0,0.0
1779816506756,2,12.00000015,Lower Delivery,Delivery,pitch.1,335335,11.464,-19.7664,91.2216,-204.1086,179.3179,42.6423,-0.2087,-0.2375
1779816506756,2,12.00000018,Upper Delivery,Delivery,pitch.1,335891,-5.0663,1.5892,27.2911,83.2038,25.3845,18.5599,-0.0987,0.3237
1779816506756,2,Pitching Mound.Delivery,,Delivery,pitch.1,335095,6.3977,-18.1772,118.5127,-99.1684,204.7024,55.582,-0.1834,0.0751
1779816506756,2,Pitching Mound.Drive,,Delivery,pitch.1,335612,0.0917,0.0611,0.1164,0.0463,-0.0894,0.0098,0.0,0.0
1779816506756,2,Pitching Mound.Parent,,Delivery,pitch.1,334802,6.4894,-18.1162,118.6291,-99.1221,204.613,55.5917,-0.1832,0.075
1779816506757,2,11.0000004b,Drive,Delivery,pitch.1,335613,0.0832,0.0579,0.0957,0.0496,-0.0866,0.0078,0.0,0.0
1779816506757,2,12.00000015,Lower Delivery,Delivery,pitch.1,335336,11.4125,-20.0416,92.0191,-204.9569,180.8904,42.6437,-0.2087,-0.2365
1779816506757,2,12.00000018,Upper Delivery,Delivery,pitch.1,335892,-5.1381,1.6076,25.7026,82.0754,25.437,18.887,-0.1051,0.327
1779816506757,2,Pitching Mound.Delivery,,Delivery,pitch.1,335096,6.2744,-18.434,117.7217,-100.3339,206.3274,55.9035,-0.1861,0.0781
1779816506757,2,Pitching Mound.Drive,,Delivery,pitch.1,335613,0.0832,0.0579,0.0957,0.0496,-0.0866,0.0078,0.0,0.0
1779816506757,2,Pitching Mound.Parent,,Delivery,pitch.1,334803,6.3575,-18.3761,117.8174,-100.2843,206.2408,55.9114,-0.1859,0.078
1779816506758,2,11.0000004b,Drive,Delivery,pitch.1,335614,0.0834,0.0576,0.0999,0.0388,-0.086,0.0058,0.0,0.0
1779816506758,2,12.00000015,Lower Delivery,Delivery,pitch.1,335337,11.3566,-20.3742,92.5061,-205.6997,182.6306,42.6647,-0.2096,-0.2361
1779816506758,2,12.00000018,Upper Delivery,Delivery,pitch.1,335893,-5.2597,1.5994,24.9429,83.009,24.6923,19.291,-0.1051,0.327
1779816506758,2,Pitching Mound.Delivery,,Delivery,pitch.1,335097,6.0968,-18.7747,117.449,-99.7192,207.3229,56.3062,-0.1874,0.0791
1779816506758,2,Pitching Mound.Drive,,Delivery,pitch.1,335614,0.0834,0.0576,0.0999,0.0388,-0.086,0.0058,0.0,0.0
1779816506758,2,Pitching Mound.Parent,,Delivery,pitch.1,334804,6.1803,-18.7172,117.5489,-99.6804,207.2369,56.312,-0.1872,0.079
1779816506759,2,11.0000004b,Drive,Delivery,pitch.1,335615,0.0795,0.0412,0.0749,0.0201,-0.0796,0.0069,0.0,0.0
1779816506759,2,12.00000015,Lower Delivery,Delivery,pitch.1,335338,11.3368,-20.7312,92.7763,-206.6541,184.073,42.7269,-0.2106,-0.2365
1779816506759,2,12.00000018,Upper Delivery,Delivery,pitch.1,335894,-5.5986,1.4159,26.4822,84.0705,25.7827,19.7383,-0.1034,0.327
1779816506759,2,Pitching Mound.Delivery,,Delivery,pitch.1,335098,5.7381,-19.3154,119.2585,-100.0437,209.8557,56.7071,-0.1868,0.0777
1779816506759,2,Pitching Mound.Drive,,Delivery,pitch.1,335615,0.0795,0.0412,0.0749,0.0201,-0.0796,0.0069,0.0,0.0
1779816506759,2,Pitching Mound.Parent,,Delivery,pitch.1,334805,5.8176,-19.2742,119.3334,-100.0235,209.7761,56.714,-0.1867,0.0776
1779816506760,2,11.0000004b,Drive,Delivery,pitch.1,335616,0.0699,0.0387,0.0655,0.0296,-0.0833,0.0079,0.0,0.0
1779816506760,2,12.00000015,Lower Delivery,Delivery,pitch.1,335339,11.316,-21.0576,93.0785,-207.4819,185.3665,42.7286,-0.2114,-0.2366
1779816506760,2,12.00000018,Upper Delivery,Delivery,pitch.1,335895,-5.8227,1.5381,26.7028,84.3624,24.5578,20.1847,-0.0976,0.327
1779816506760,2,Pitching Mound.Delivery,,Delivery,pitch.1,335099,5.4933,-19.5195,119.7812,-100.5518,209.9243,57.0862,-0.1861,0.0774
1779816506760,2,Pitching Mound.Drive,,Delivery,pitch.1,335616,0.0699,0.0387,0.0655,0.0296,-0.0833,0.0079,0.0,0.0
1779816506760,2,Pitching Mound.Parent,,Delivery,pitch.1,334806,5.5631,-19.4808,119.8467,-100.5222,209.841,57.0941,-0.186,0.0774
1779816506761,2,11.0000004b,Drive,Delivery,pitch.1,335617,0.0715,0.0407,0.0671,0.0319,-0.0835,0.0072,0.0,0.0
1779816506761,2,12.00000015,Lower Delivery,Delivery,pitch.1,335340,11.2343,-21.327,93.3962,-207.8928,186.1513,42.7279,-0.2116,-0.2363
1779816506761,2,12.00000018,Upper Delivery,Delivery,pitch.1,335896,-5.9604,1.4684,27.2895,85.1165,26.0267,20.6516,-0.1012,0.327
1779816506761,2,Pitching Mound.Delivery,,Delivery,pitch.1,335100,5.2739,-19.8586,120.6857,-100.3001,212.178,57.5333,-0.1866,0.0773
1779816506761,2,Pitching Mound.Drive,,Delivery,pitch.1,335617,0.0715,0.0407,0.0671,0.0319,-0.0835,0.0072,0.0,0.0
1779816506761,2,Pitching Mound.Parent,,Delivery,pitch.1,334807,5.3453,-19.8178,120.7528,-100.2681,212.0944,57.5405,-0.1865,0.0773
1779816506762,2,11.0000004b,Drive,Delivery,pitch.1,335618,0.0747,0.0401,0.0677,0.0405,-0.0849,0.0057,0.0,0.0
1779816506762,2,12.00000015,Lower Delivery,Delivery,pitch.1,335341,11.17,-21.5985,93.7556,-208.802,187.0897,42.7443,-0.2118,-0.2364
1779816506762,2,12.00000018,Upper Delivery,Delivery,pitch.1,335897,-6.2439,1.4202,28.0561,86.0086,26.2933,21.316,-0.0995,0.3255
1779816506762,2,Pitching Mound.Delivery,,Delivery,pitch.1,335101,4.9261,-20.1784,121.8117,-100.4556,213.3829,58.1395,-0.186,0.0764
1779816506762,2,Pitching Mound.Drive,,Delivery,pitch.1,335618,0.0747,0.0401,0.0677,0.0405,-0.0849,0.0057,0.0,0.0
1779816506762,2,Pitching Mound.Parent,,Delivery,pitch.1,334808,5.0008,-20.1383,121.8794,-100.4151,213.2981,58.1452,-0.1859,0.0763
1779816506763,2,11.0000004b,Drive,Delivery,pitch.1,335619,0.0694,0.0345,0.0634,0.0616,-0.0844,0.0064,0.0,0.0
1779816506763,2,12.00000015,Lower Delivery,Delivery,pitch.1,335342,11.1695,-21.8818,93.8961,-210.3035,188.9927,42.8045,-0.2137,-0.2378
1779816506763,2,12.00000018,Upper Delivery,Delivery,pitch.1,335898,-6.4099,1.3839,28.4474,85.8977,26.7285,21.7098,-0.0997,0.3206
1779816506763,2,Pitching Mound.Delivery,,Delivery,pitch.1,335102,4.7596,-20.4979,122.3435,-102.1533,215.7212,58.5373,-0.1872,0.0739
1779816506763,2,Pitching Mound.Drive,,Delivery,pitch.1,335619,0.0694,0.0345,0.0634,0.0616,-0.0844,0.0064,0.0,0.0
1779816506763,2,Pitching Mound.Parent,,Delivery,pitch.1,334809,4.829,-20.4635,122.4068,-102.0917,215.6368,58.5437,-0.1871,0.0739
1779816506764,2,11.0000004b,Drive,Delivery,pitch.1,335620,0.072,0.0353,0.064,0.0694,-0.086,0.0061,0.0,0.0
1779816506764,2,12.00000015,Lower Delivery,Delivery,pitch.1,335343,11.1193,-22.1722,93.8958,-212.228,190.2642,42.8563,-0.2151,-0.24
1779816506764,2,12.00000018,Upper Delivery,Delivery,pitch.1,335899,-6.4912,1.3459,28.6831,86.9794,26.9306,21.9691,-0.0997,0.3219
1779816506764,2,Pitching Mound.Delivery,,Delivery,pitch.1,335103,4.6281,-20.8263,122.5789,-103.0764,217.1948,58.8378,-0.1881,0.0724
1779816506764,2,Pitching Mound.Drive,,Delivery,pitch.1,335620,0.072,0.0353,0.064,0.0694,-0.086,0.0061,0.0,0.0
1779816506764,2,Pitching Mound.Parent,,Delivery,pitch.1,334810,4.7001,-20.7909,122.643,-103.0069,217.1088,58.8439,-0.188,0.0724
1779816506765,2,11.0000004b,Drive,Delivery,pitch.1,335621,0.0836,0.0335,0.0702,0.1107,-0.0904,0.0072,0.0,0.0
1779816506765,2,12.00000015,Lower Delivery,Delivery,pitch.1,335344,10.9837,-22.4394,94.31,-213.4499,190.819,42.9168,-0.2148,-0.2403
1779816506765,2,12.00000018,Upper Delivery,Delivery,pitch.1,335900,-6.6098,1.3156,28.8539,87.0652,27.3697,22.3816,-0.1007,0.3203
1779816506765,2,Pitching Mound.Delivery,,Delivery,pitch.1,335104,4.374,-21.1238,123.1639,-104.1296,218.1887,59.3165,-0.1881,0.0718
1779816506765,2,Pitching Mound.Drive,,Delivery,pitch.1,335621,0.0836,0.0335,0.0702,0.1107,-0.0904,0.0072,0.0,0.0
1779816506765,2,Pitching Mound.Parent,,Delivery,pitch.1,334811,4.4576,-21.0903,123.2341,-104.019,218.0983,59.3237,-0.188,0.0717
1779816506766,2,11.0000004b,Drive,Delivery,pitch.1,335622,0.0859,0.0343,0.07,0.0964,-0.0913,0.0082,0.0,0.0
1779816506766,2,12.00000015,Lower Delivery,Delivery,pitch.1,335345,10.8968,-22.6614,95.2137,-215.2307,191.7011,42.9781,-0.2137,-0.24
1779816506766,2,12.00000018,Upper Delivery,Delivery,pitch.1,335901,-6.7005,1.2639,28.9742,88.1302,27.919,22.7847,-0.1023,0.3229
1779816506766,2,Pitching Mound.Delivery,,Delivery,pitch.1,335105,4.1962,-21.3974,124.1879,-104.5791,219.6201,59.7797,-0.1877,0.0727
1779816506766,2,Pitching Mound.Drive,,Delivery,pitch.1,335622,0.0859,0.0343,0.07,0.0964,-0.0913,0.0082,0.0,0.0
1779816506766,2,Pitching Mound.Parent,,Delivery,pitch.1,334812,4.2821,-21.3631,124.2579,-104.4827,219.5288,59.7879,-0.1876,0.0727
1779816506767,2,11.0000004b,Drive,Delivery,pitch.1,335623,0.0897,0.0326,0.0735,0.1362,-0.0935,0.009,0.0,0.0
1779816506767,2,12.00000015,Lower Delivery,Delivery,pitch.1,335346,10.7147,-22.7167,96.5791,-215.7243,192.2388,42.748,-0.2113,-0.2371
1779816506767,2,12.00000018,Upper Delivery,Delivery,pitch.1,335902,-6.7903,1.2178,29.1405,89.2631,28.3388,23.2069,-0.1032,0.3252
1779816506767,2,Pitching Mound.Delivery,,Delivery,pitch.1,335106,3.9245,-21.499,125.7197,-103.5321,220.5775,60.0032,-0.1863,0.0756
1779816506767,2,Pitching Mound.Drive,,Delivery,pitch.1,335623,0.0897,0.0326,0.0735,0.1362,-0.0935,0.009,0.0,0.0
1779816506767,2,Pitching Mound.Parent,,Delivery,pitch.1,334813,4.0142,-21.4663,125.7931,-103.3959,220.4841,60.0123,-0.1862,0.0755
1779816506768,2,11.0000004b,Drive,Delivery,pitch.1,335624,0.0764,0.0334,0.0796,0.1194,-0.0908,0.0103,0.0,0.0
1779816506768,2,12.00000015,Lower Delivery,Delivery,pitch.1,335347,10.5647,-23.0195,97.4929,-217.9454,191.9681,42.6089,-0.209,-0.2373
1779816506768,2,Pitching Mound.Drive,,Delivery,pitch.1,335624,0.0764,0.0334,0.0796,0.1194,-0.0908,0.0103,0.0,0.0
1779816506769,2,11.0000004b,Drive,Delivery,pitch.1,335625,0.0705,0.0368,0.0808,0.098,-0.0889,0.0109,0.0,0.0
1779816506769,2,12.00000015,Lower Delivery,Delivery,pitch.1,335348,10.47,-23.2168,98.2284,-219.7851,193.3926,42.7031,-0.209,-0.2375
1779816506769,2,12.00000018,Upper Delivery,Delivery,pitch.1,335903,-6.8807,1.1417,29.2065,90.0475,28.4486,23.6085,-0.1034,0.327
1779816506769,2,12.00000018,Upper Delivery,Delivery,pitch.1,335904,-6.9589,1.0725,29.2693,90.8081,28.39,24.0532,-0.103,0.327
1779816506769,2,Pitching Mound.Delivery,,Delivery,pitch.1,335108,3.5111,-22.1443,127.4977,-105.5309,221.7826,60.8306,-0.1847,0.076
1779816506769,2,Pitching Mound.Delivery,,Delivery,pitch.1,335107,3.684,-21.8778,126.6994,-104.6805,220.4167,60.2859,-0.1847,0.076
1779816506769,2,Pitching Mound.Drive,,Delivery,pitch.1,335625,0.0705,0.0368,0.0808,0.098,-0.0889,0.0109,0.0,0.0
1779816506769,2,Pitching Mound.Parent,,Delivery,pitch.1,334815,3.5816,-22.1075,127.5784,-105.433,221.6938,60.8415,-0.1846,0.0759
1779816506769,2,Pitching Mound.Parent,,Delivery,pitch.1,334814,3.7604,-21.8444,126.779,-104.5611,220.3259,60.2962,-0.1846,0.076
1779816506770,2,11.0000004b,Drive,Delivery,pitch.1,335626,0.074,0.0378,0.0688,0.0558,-0.09,0.0095,0.0,0.0
1779816506770,2,12.00000015,Lower Delivery,Delivery,pitch.1,335349,10.3096,-23.3949,98.6442,-220.4308,193.6516,42.5544,-0.2084,-0.2372
1779816506770,2,12.00000018,Upper Delivery,Delivery,pitch.1,335905,-7.0825,1.0312,29.9066,92.5699,28.9665,24.4981,-0.1028,0.327
1779816506770,2,Pitching Mound.Delivery,,Delivery,pitch.1,335109,3.2271,-22.3637,128.5508,-104.4901,222.6181,61.1392,-0.1838,0.0758
1779816506770,2,Pitching Mound.Drive,,Delivery,pitch.1,335626,0.074,0.0378,0.0688,0.0558,-0.09,0.0095,0.0,0.0
1779816506770,2,Pitching Mound.Parent,,Delivery,pitch.1,334816,3.3011,-22.3259,128.6196,-104.4343,222.5281,61.1487,-0.1837,0.0758
1779816506771,2,11.0000004b,Drive,Delivery,pitch.1,335627,0.06,0.0363,0.0844,0.0396,-0.0814,0.0095,0.0,0.0
1779816506771,2,12.00000015,Lower Delivery,Delivery,pitch.1,335350,10.2693,-23.5376,99.859,-223.2158,193.7451,42.5455,-0.206,-0.2373
1779816506771,2,12.00000018,Upper Delivery,Delivery,pitch.1,335906,-7.1959,1.0206,30.2405,93.9846,28.9033,24.9337,-0.1015,0.327
1779816506771,2,Pitching Mound.Delivery,,Delivery,pitch.1,335110,3.0734,-22.517,130.0995,-105.5609,222.6484,61.541,-0.1817,0.0758
1779816506771,2,Pitching Mound.Drive,,Delivery,pitch.1,335627,0.06,0.0363,0.0844,0.0396,-0.0814,0.0095,0.0,0.0
1779816506771,2,Pitching Mound.Parent,,Delivery,pitch.1,334817,3.1334,-22.4807,130.1838,-105.5214,222.567,61.5505,-0.1816,0.0758
1779816506772,2,11.0000004b,Drive,Delivery,pitch.1,335628,0.0649,0.0374,0.0792,0.0337,-0.0807,0.0077,0.0,0.0
1779816506772,2,12.00000015,Lower Delivery,Delivery,pitch.1,335351,10.1962,-23.8518,100.7464,-224.642,194.6443,42.8063,-0.2051,-0.2367
1779816506772,2,12.00000018,Upper Delivery,Delivery,pitch.1,335907,-7.2951,0.9768,30.5585,94.543,29.095,25.3248,-0.1011,0.327
1779816506772,2,Pitching Mound.Delivery,,Delivery,pitch.1,335111,2.9011,-22.875,131.3049,-106.2351,223.7393,62.1841,-0.1809,0.0762
1779816506772,2,Pitching Mound.Drive,,Delivery,pitch.1,335628,0.0649,0.0374,0.0792,0.0337,-0.0807,0.0077,0.0,0.0
1779816506772,2,Pitching Mound.Parent,,Delivery,pitch.1,334818,2.966,-22.8376,131.3841,-106.2014,223.6586,62.1917,-0.1808,0.0762
1779816506773,2,11.0000004b,Drive,Delivery,pitch.1,335629,0.0602,0.0378,0.0701,0.0293,-0.0811,0.0096,0.0,0.0
1779816506773,2,12.00000015,Lower Delivery,Delivery,pitch.1,335352,10.226,-23.8675,101.8629,-225.7893,195.1811,42.8521,-0.2034,-0.2353
1779816506773,2,12.00000018,Upper Delivery,Delivery,pitch.1,335908,-7.3954,0.9356,31.1058,95.6114,29.4458,25.6795,-0.1005,0.3263
1779816506773,2,Pitching Mound.Delivery,,Delivery,pitch.1,335112,2.8307,-22.932,132.9687,-106.1205,224.6269,62.5403,-0.1793,0.077
1779816506773,2,Pitching Mound.Drive,,Delivery,pitch.1,335629,0.0602,0.0378,0.0701,0.0293,-0.0811,0.0096,0.0,0.0
1779816506773,2,Pitching Mound.Parent,,Delivery,pitch.1,334819,2.8909,-22.8941,133.0388,-106.0912,224.5458,62.5498,-0.1792,0.077
1779816506774,2,11.0000004b,Drive,Delivery,pitch.1,335630,0.0657,0.0378,0.0714,0.0405,-0.0853,0.0074,0.0,0.0
1779816506774,2,12.00000015,Lower Delivery,Delivery,pitch.1,335353,10.1517,-24.0967,102.324,-227.2901,196.2648,43.0063,-0.2036,-0.2358
1779816506774,2,12.00000018,Upper Delivery,Delivery,pitch.1,335909,-7.4705,0.872,31.5607,96.1994,29.6932,25.9318,-0.0999,0.3236
1779816506774,2,Pitching Mound.Delivery,,Delivery,pitch.1,335113,2.6812,-23.2248,133.8848,-107.0312,225.958,62.9465,-0.1792,0.0758
1779816506774,2,Pitching Mound.Drive,,Delivery,pitch.1,335630,0.0657,0.0378,0.0714,0.0405,-0.0853,0.0074,0.0,0.0
1779816506774,2,Pitching Mound.Parent,,Delivery,pitch.1,334820,2.7469,-23.187,133.9561,-106.9907,225.8727,62.9538,-0.1791,0.0757
1779816506775,2,11.0000004b,Drive,Delivery,pitch.1,335631,0.0598,0.0412,0.0677,0.0399,-0.0855,0.0066,0.0,0.0
1779816506775,2,12.00000015,Lower Delivery,Delivery,pitch.1,335354,10.2467,-24.4273,104.4481,-228.816,196.0052,43.0761,-0.1992,-0.2326
1779816506775,2,12.00000018,Upper Delivery,Delivery,pitch.1,335910,-7.5366,0.8299,31.6982,96.5548,29.8951,26.2406,-0.1001,0.3234
1779816506775,2,Pitching Mound.Delivery,,Delivery,pitch.1,335114,2.7102,-23.5974,136.1463,-107.5262,225.9003,63.2704,-0.1762,0.0785
1779816506775,2,Pitching Mound.Drive,,Delivery,pitch.1,335631,0.0598,0.0412,0.0677,0.0399,-0.0855,0.0066,0.0,0.0
1779816506775,2,Pitching Mound.Parent,,Delivery,pitch.1,334821,2.77,-23.5562,136.214,-107.4863,225.8149,63.277,-0.1761,0.0785
1779816506776,2,11.0000004b,Drive,Delivery,pitch.1,335632,0.0595,0.0403,0.063,0.0317,-0.0826,0.0062,0.0,0.0
1779816506776,2,12.00000015,Lower Delivery,Delivery,pitch.1,335355,10.2234,-24.5651,105.3637,-229.6797,197.6508,43.1981,-0.1991,-0.2314
1779816506776,2,12.00000018,Upper Delivery,Delivery,pitch.1,335911,-7.5799,0.7856,31.5209,96.3002,30.0675,26.5009,-0.1013,0.3243
1779816506776,2,Pitching Mound.Delivery,,Delivery,pitch.1,335115,2.6435,-23.7795,136.8847,-108.2729,227.7184,63.6458,-0.1766,0.08
1779816506776,2,Pitching Mound.Drive,,Delivery,pitch.1,335632,0.0595,0.0403,0.063,0.0317,-0.0826,0.0062,0.0,0.0
1779816506776,2,Pitching Mound.Parent,,Delivery,pitch.1,334822,2.703,-23.7392,136.9477,-108.2412,227.6358,63.652,-0.1765,0.0799
1779816506777,2,11.0000004b,Drive,Delivery,pitch.1,335633,0.0488,0.0448,0.0566,0.0305,-0.0826,0.0061,0.0,0.0
1779816506777,2,12.00000015,Lower Delivery,Delivery,pitch.1,335356,10.2679,-24.8611,106.2305,-231.2621,197.8981,43.4109,-0.1978,-0.2311
1779816506777,2,12.00000018,Upper Delivery,Delivery,pitch.1,335912,-7.6542,0.7439,31.3598,96.255,30.1853,26.6835,-0.1022,0.3259
1779816506777,2,Pitching Mound.Delivery,,Delivery,pitch.1,335116,2.6138,-24.1172,137.5903,-109.5511,228.0834,64.001,-0.176,0.0808
1779816506777,2,Pitching Mound.Drive,,Delivery,pitch.1,335633,0.0488,0.0448,0.0566,0.0305,-0.0826,0.0061,0.0,0.0
1779816506777,2,Pitching Mound.Parent,,Delivery,pitch.1,334823,2.6626,-24.0724,137.6468,-109.5206,228.0008,64.007,-0.1759,0.0808
1779816506778,2,11.0000004b,Drive,Delivery,pitch.1,335634,0.0543,0.043,0.0552,0.0377,-0.0829,0.0058,0.0,0.0
1779816506778,2,12.00000015,Lower Delivery,Delivery,pitch.1,335357,10.165,-25.0783,106.4916,-230.9851,198.4221,43.6213,-0.1978,-0.2303
1779816506778,2,12.00000018,Upper Delivery,Delivery,pitch.1,335913,-7.688,0.6854,31.4601,96.2182,30.2864,26.8897,-0.1022,0.3247
1779816506778,2,Pitching Mound.Delivery,,Delivery,pitch.1,335117,2.4771,-24.3929,137.9517,-109.2562,228.7086,64.4409,-0.176,0.0812
1779816506778,2,Pitching Mound.Drive,,Delivery,pitch.1,335634,0.0543,0.043,0.0552,0.0377,-0.0829,0.0058,0.0,0.0
1779816506778,2,Pitching Mound.Parent,,Delivery,pitch.1,334824,2.5313,-24.3499,138.0069,-109.2185,228.6256,64.4467,-0.1759,0.0812
1779816506779,2,11.0000004b,Drive,Delivery,pitch.1,335635,0.0529,0.0401,0.0542,0.044,-0.0873,0.006,0.0,0.0
1779816506779,2,12.00000015,Lower Delivery,Delivery,pitch.1,335358,10.2127,-25.1847,107.0651,-232.8124,199.9372,43.8042,-0.1983,-0.2308
1779816506779,2,12.00000018,Upper Delivery,Delivery,pitch.1,335914,-7.725,0.6348,31.5596,96.356,30.3174,27.0193,-0.102,0.3241
1779816506779,2,Pitching Mound.Delivery,,Delivery,pitch.1,335118,2.4876,-24.5499,138.6247,-110.7845,230.2546,64.7247,-0.1763,0.0807
1779816506779,2,Pitching Mound.Drive,,Delivery,pitch.1,335635,0.0529,0.0401,0.0542,0.044,-0.0873,0.006,0.0,0.0
1779816506779,2,Pitching Mound.Parent,,Delivery,pitch.1,334825,2.5405,-24.5098,138.6789,-110.7405,230.1673,64.7307,-0.1763,0.0807
1779816506780,2,11.0000004b,Drive,Delivery,pitch.1,335636,0.0529,0.034,0.0544,0.036,-0.0842,0.0067,0.0,0.0
1779816506780,2,12.00000015,Lower Delivery,Delivery,pitch.1,335359,10.2849,-25.4065,107.8533,-234.0979,201.8254,44.0872,-0.1987,-0.2304
1779816506780,2,12.00000018,Upper Delivery,Delivery,pitch.1,335915,-7.7531,0.623,31.4795,96.0823,30.0551,27.1618,-0.1014,0.324
1779816506780,2,Pitching Mound.Delivery,,Delivery,pitch.1,335119,2.5318,-24.7835,139.3328,-112.0485,231.8805,65.116,-0.1767,0.0812
1779816506780,2,Pitching Mound.Drive,,Delivery,pitch.1,335636,0.0529,0.034,0.0544,0.036,-0.0842,0.0067,0.0,0.0
1779816506780,2,Pitching Mound.Parent,,Delivery,pitch.1,334826,2.5847,-24.7495,139.3871,-112.0124,231.7963,65.1228,-0.1766,0.0812
1779816506781,2,11.0000004b,Drive,Delivery,pitch.1,335637,0.0577,0.032,0.0568,0.029,-0.0818,0.0074,0.0,0.0
1779816506781,2,12.00000015,Lower Delivery,Delivery,pitch.1,335360,10.3922,-25.6305,108.3217,-235.0755,203.0174,44.3228,-0.199,-0.2304
1779816506781,2,12.00000018,Upper Delivery,Delivery,pitch.1,335916,-7.7602,0.5834,31.2969,95.6465,29.652,27.2095,-0.1006,0.3244
1779816506781,2,Pitching Mound.Delivery,,Delivery,pitch.1,335120,2.632,-25.0471,139.6186,-113.2406,232.6694,65.3605,-0.1769,0.0816
1779816506781,2,Pitching Mound.Drive,,Delivery,pitch.1,335637,0.0577,0.032,0.0568,0.029,-0.0818,0.0074,0.0,0.0
1779816506781,2,Pitching Mound.Parent,,Delivery,pitch.1,334827,2.6897,-25.0151,139.6754,-113.2117,232.5876,65.3679,-0.1768,0.0815
1779816506782,2,11.0000004b,Drive,Delivery,pitch.1,335638,0.0535,0.0333,0.0555,0.0421,-0.0858,0.0086,0.0,0.0
1779816506782,2,12.00000015,Lower Delivery,Delivery,pitch.1,335361,10.4566,-25.7998,108.4997,-235.5167,204.0246,44.4625,-0.1996,-0.2304
1779816506782,2,12.00000018,Upper Delivery,Delivery,pitch.1,335917,-7.8268,0.6113,31.5704,95.3689,29.3653,27.3095,-0.0987,0.3207
1779816506782,2,Pitching Mound.Delivery,,Delivery,pitch.1,335121,2.6298,-25.1885,140.0701,-113.9919,233.3899,65.5556,-0.1769,0.0805
1779816506782,2,Pitching Mound.Drive,,Delivery,pitch.1,335638,0.0535,0.0333,0.0555,0.0421,-0.0858,0.0086,0.0,0.0
1779816506782,2,Pitching Mound.Parent,,Delivery,pitch.1,334828,2.6833,-25.1552,140.1256,-113.9498,233.3041,65.5642,-0.1768,0.0805
1779816506783,2,11.0000004b,Drive,Delivery,pitch.1,335639,0.0549,0.0311,0.0569,0.0309,-0.0802,0.0101,0.0,0.0
1779816506783,2,12.00000015,Lower Delivery,Delivery,pitch.1,335362,10.5039,-25.9818,108.531,-235.0975,204.9193,44.5779,-0.2004,-0.23
1779816506783,2,12.00000018,Upper Delivery,Delivery,pitch.1,335918,-7.8927,0.6488,31.7672,95.1577,29.1755,27.3758,-0.0975,0.318
1779816506783,2,Pitching Mound.Delivery,,Delivery,pitch.1,335122,2.6112,-25.333,140.2982,-113.8401,234.0948,65.6988,-0.1771,0.0801
1779816506783,2,Pitching Mound.Drive,,Delivery,pitch.1,335639,0.0549,0.0311,0.0569,0.0309,-0.0802,0.0101,0.0,0.0
1779816506783,2,Pitching Mound.Parent,,Delivery,pitch.1,334829,2.6661,-25.302,140.355,-113.8092,234.0146,65.7089,-0.1771,0.0801
1779816506784,2,11.0000004b,Drive,Delivery,pitch.1,335640,0.06,0.0287,0.0583,0.0243,-0.0781,0.0121,0.0,0.0
1779816506784,2,12.00000015,Lower Delivery,Delivery,pitch.1,335363,10.6219,-26.1884,109.1047,-236.6052,206.1158,44.7968,-0.2006,-0.2302
1779816506784,2,12.00000018,Upper Delivery,Delivery,pitch.1,335919,-7.9592,0.6705,32.0039,94.958,29.0491,27.4688,-0.0964,0.315
1779816506784,2,Pitching Mound.Delivery,,Delivery,pitch.1,335123,2.6627,-25.5179,141.1086,-115.4329,235.165,65.948,-0.1769,0.0792
1779816506784,2,Pitching Mound.Drive,,Delivery,pitch.1,335640,0.06,0.0287,0.0583,0.0243,-0.0781,0.0121,0.0,0.0
1779816506784,2,Pitching Mound.Parent,,Delivery,pitch.1,334830,2.7227,-25.4892,141.167,-115.4086,235.0869,65.96,-0.1769,0.0792
1779816506785,2,11.0000004b,Drive,Delivery,pitch.1,335641,0.0608,0.0248,0.0594,0.0185,-0.0754,0.0135,0.0,0.0
1779816506785,2,12.00000015,Lower Delivery,Delivery,pitch.1,335364,10.6957,-26.3552,109.2251,-236.233,207.0221,44.9256,-0.2012,-0.2296
1779816506785,2,12.00000018,Upper Delivery,Delivery,pitch.1,335920,-8.0373,0.7015,32.0524,94.898,28.7657,27.6331,-0.0953,0.3143
1779816506785,2,Pitching Mound.Delivery,,Delivery,pitch.1,335124,2.6584,-25.6537,141.2775,-115.0963,235.7878,66.1895,-0.1772,0.0795
1779816506785,2,Pitching Mound.Drive,,Delivery,pitch.1,335641,0.0608,0.0248,0.0594,0.0185,-0.0754,0.0135,0.0,0.0
1779816506785,2,Pitching Mound.Parent,,Delivery,pitch.1,334831,2.7192,-25.6289,141.3369,-115.0777,235.7124,66.203,-0.1771,0.0795
1779816506786,2,11.0000004b,Drive,Delivery,pitch.1,335642,0.0659,0.022,0.0671,0.0168,-0.075,0.0143,0.0,0.0
1779816506786,2,12.00000015,Lower Delivery,Delivery,pitch.1,335365,10.8051,-26.5229,109.4432,-236.0001,208.1093,45.0364,-0.2019,-0.2289
1779816506786,2,12.00000018,Upper Delivery,Delivery,pitch.1,335921,-8.0753,0.6886,32.1087,94.7922,28.6107,27.7038,-0.0946,0.3134
1779816506786,2,Pitching Mound.Delivery,,Delivery,pitch.1,335125,2.7298,-25.8344,141.5519,-114.9142,236.7199,66.3208,-0.1775,0.0798
1779816506786,2,Pitching Mound.Drive,,Delivery,pitch.1,335642,0.0659,0.022,0.0671,0.0168,-0.075,0.0143,0.0,0.0
1779816506786,2,Pitching Mound.Parent,,Delivery,pitch.1,334832,2.7957,-25.8123,141.619,-114.8974,236.6449,66.3352,-0.1775,0.0798
1779816506787,2,11.0000004b,Drive,Delivery,pitch.1,335643,0.0694,0.0184,0.0672,0.0182,-0.0743,0.0152,0.0,0.0
1779816506787,2,12.00000015,Lower Delivery,Delivery,pitch.1,335366,10.9139,-26.6969,109.9313,-237.015,209.2775,45.2301,-0.2021,-0.2289
1779816506787,2,12.00000018,Upper Delivery,Delivery,pitch.1,335922,-8.102,0.6804,32.089,94.6425,28.6174,27.8239,-0.0947,0.3131
1779816506787,2,Pitching Mound.Delivery,,Delivery,pitch.1,335126,2.8118,-26.0164,142.0203,-115.9061,237.8949,66.5885,-0.1778,0.0799
1779816506787,2,Pitching Mound.Drive,,Delivery,pitch.1,335643,0.0694,0.0184,0.0672,0.0182,-0.0743,0.0152,0.0,0.0
1779816506787,2,Pitching Mound.Parent,,Delivery,pitch.1,334833,2.8812,-25.998,142.0875,-115.8879,237.8205,66.6037,-0.1777,0.0799
1779816506788,2,11.0000004b,Drive,Delivery,pitch.1,335644,0.0681,0.0164,0.0791,0.0203,-0.0755,0.0131,0.0,0.0
1779816506788,2,12.00000015,Lower Delivery,Delivery,pitch.1,335367,11.0354,-26.8393,110.0044,-236.952,210.256,45.3706,-0.2029,-0.2287
1779816506788,2,12.00000018,Upper Delivery,Delivery,pitch.1,335923,-8.1159,0.6718,31.8899,94.1616,28.4838,27.9896,-0.0948,0.3135
1779816506788,2,Pitching Mound.Delivery,,Delivery,pitch.1,335127,2.9195,-26.1675,141.8944,-116.2314,238.7398,66.8488,-0.1786,0.0803
1779816506788,2,Pitching Mound.Drive,,Delivery,pitch.1,335644,0.0681,0.0164,0.0791,0.0203,-0.0755,0.0131,0.0,0.0
1779816506788,2,Pitching Mound.Parent,,Delivery,pitch.1,334834,2.9876,-26.1511,141.9735,-116.2112,238.6643,66.8619,-0.1785,0.0803
1779816506789,2,11.0000004b,Drive,Delivery,pitch.1,335645,0.0744,0.0206,0.0751,0.0198,-0.0767,0.0134,0.0,0.0
1779816506789,2,12.00000015,Lower Delivery,Delivery,pitch.1,335368,11.1394,-26.964,110.1306,-236.7768,211.0949,45.4956,-0.2035,-0.2282
1779816506789,2,12.00000018,Upper Delivery,Delivery,pitch.1,335924,-8.1285,0.6577,31.7315,93.8425,28.3799,28.1142,-0.0949,0.314
1779816506789,2,Pitching Mound.Delivery,,Delivery,pitch.1,335128,3.0109,-26.3063,141.862,-116.2786,239.4748,67.0587,-0.1792,0.0809
1779816506789,2,Pitching Mound.Drive,,Delivery,pitch.1,335645,0.0744,0.0206,0.0751,0.0198,-0.0767,0.0134,0.0,0.0
1779816506789,2,Pitching Mound.Parent,,Delivery,pitch.1,334835,3.0853,-26.2857,141.9371,-116.2588,239.3981,67.0721,-0.1791,0.0809
1779816506790,2,11.0000004b,Drive,Delivery,pitch.1,335646,0.0731,0.0266,0.076,0.0286,-0.0761,0.0129,0.0,0.0
1779816506790,2,12.00000015,Lower Delivery,Delivery,pitch.1,335369,11.2521,-27.0354,110.5476,-237.6595,212.0604,45.6222,-0.2036,-0.2282
1779816506790,2,12.00000018,Upper Delivery,Delivery,pitch.1,335925,-8.1479,0.6486,31.3638,93.0605,28.0492,28.2337,-0.0949,0.315
1779816506790,2,Pitching Mound.Delivery,,Delivery,pitch.1,335129,3.1042,-26.3868,141.9114,-117.6765,240.1096,67.2599,-0.1796,0.0815
1779816506790,2,Pitching Mound.Drive,,Delivery,pitch.1,335646,0.0731,0.0266,0.076,0.0286,-0.0761,0.0129,0.0,0.0
1779816506790,2,Pitching Mound.Parent,,Delivery,pitch.1,334836,3.1773,-26.3603,141.9874,-117.6478,240.0335,67.2728,-0.1795,0.0815
1779816506791,2,11.0000004b,Drive,Delivery,pitch.1,335647,0.0747,0.0342,0.0983,0.0615,-0.0758,0.0148,0.0,0.0
1779816506791,2,12.00000015,Lower Delivery,Delivery,pitch.1,335370,11.3583,-27.1227,110.7651,-238.1034,212.791,45.7653,-0.2039,-0.2282
1779816506791,2,12.00000018,Upper Delivery,Delivery,pitch.1,335926,-8.1624,0.5974,31.1953,92.7987,27.9187,28.3272,-0.095,0.3158
1779816506791,2,Pitching Mound.Delivery,,Delivery,pitch.1,335130,3.1959,-26.5252,141.9604,-118.251,240.7097,67.4554,-0.18,0.0819
1779816506791,2,Pitching Mound.Drive,,Delivery,pitch.1,335647,0.0747,0.0342,0.0983,0.0615,-0.0758,0.0148,0.0,0.0
1779816506791,2,Pitching Mound.Parent,,Delivery,pitch.1,334837,3.2706,-26.4911,142.0587,-118.1895,240.6339,67.4702,-0.1799,0.0819
1779816506792,2,11.0000004b,Drive,Delivery,pitch.1,335648,0.0754,0.0323,0.0933,0.0954,-0.0724,0.0116,0.0,0.0
1779816506792,2,12.00000015,Lower Delivery,Delivery,pitch.1,335371,11.4493,-27.1464,111.2972,-239.316,213.7222,45.8561,-0.2039,-0.2283
1779816506792,2,12.00000018,Upper Delivery,Delivery,pitch.1,335927,-8.1764,0.5873,30.8805,92.0893,27.7841,28.4623,-0.0955,0.3166
1779816506792,2,Pitching Mound.Delivery,,Delivery,pitch.1,335131,3.2729,-26.5591,142.1777,-119.885,241.5063,67.6456,-0.1803,0.0824
1779816506792,2,Pitching Mound.Drive,,Delivery,pitch.1,335648,0.0754,0.0323,0.0933,0.0954,-0.0724,0.0116,0.0,0.0
1779816506792,2,Pitching Mound.Parent,,Delivery,pitch.1,334838,3.3482,-26.5268,142.2711,-119.7896,241.4339,67.6572,-0.1802,0.0823
1779816506793,2,11.0000004b,Drive,Delivery,pitch.1,335649,0.0747,0.0393,0.0875,0.0808,-0.0711,0.0124,0.0,0.0
1779816506793,2,12.00000015,Lower Delivery,Delivery,pitch.1,335372,11.538,-27.1569,111.685,-239.3389,214.3745,45.8944,-0.2038,-0.2275
1779816506793,2,12.00000018,Upper Delivery,Delivery,pitch.1,335928,-8.1904,0.5652,30.6142,91.8747,27.8001,28.5679,-0.0964,0.3186
1779816506793,2,Pitching Mound.Delivery,,Delivery,pitch.1,335132,3.3476,-26.5918,142.2992,-119.9002,242.1746,67.7547,-0.1807,0.0837
1779816506793,2,Pitching Mound.Drive,,Delivery,pitch.1,335649,0.0747,0.0393,0.0875,0.0808,-0.0711,0.0124,0.0,0.0
1779816506793,2,Pitching Mound.Parent,,Delivery,pitch.1,334839,3.4223,-26.5525,142.3867,-119.8194,242.1035,67.7671,-0.1806,0.0836
1779816506794,2,11.0000004b,Drive,Delivery,pitch.1,335650,0.0825,0.0466,0.0779,0.0823,-0.0706,0.0135,0.0,0.0
1779816506794,2,12.00000015,Lower Delivery,Delivery,pitch.1,335373,11.6546,-27.1309,112.0086,-239.8881,214.7624,45.9525,-0.2036,-0.2274
1779816506794,2,12.00000018,Upper Delivery,Delivery,pitch.1,335929,-8.1946,0.5471,30.129,91.0853,27.4369,28.6412,-0.0967,0.3209
1779816506794,2,Pitching Mound.Delivery,,Delivery,pitch.1,335133,3.46,-26.5838,142.1376,-120.9638,242.1993,67.845,-0.1809,0.0847
1779816506794,2,Pitching Mound.Drive,,Delivery,pitch.1,335650,0.0825,0.0466,0.0779,0.0823,-0.0706,0.0135,0.0,0.0
1779816506794,2,Pitching Mound.Parent,,Delivery,pitch.1,334840,3.5425,-26.5373,142.2155,-120.8815,242.1287,67.8585,-0.1808,0.0847
1779816506795,2,11.0000004b,Drive,Delivery,pitch.1,335651,0.0956,0.0596,0.0904,0.124,-0.0753,0.014,0.0,0.0
1779816506795,2,12.00000015,Lower Delivery,Delivery,pitch.1,335374,11.7349,-27.0619,112.3279,-240.3855,215.2706,46.0212,-0.2035,-0.2272
1779816506795,2,12.00000018,Upper Delivery,Delivery,pitch.1,335930,-8.2071,0.531,29.8617,90.7489,27.4352,28.7478,-0.0975,0.3226
1779816506795,2,Pitching Mound.Delivery,,Delivery,pitch.1,335134,3.5278,-26.5309,142.1896,-121.5981,242.7059,67.9887,-0.1812,0.0855
1779816506795,2,Pitching Mound.Drive,,Delivery,pitch.1,335651,0.0956,0.0596,0.0904,0.124,-0.0753,0.014,0.0,0.0
1779816506795,2,Pitching Mound.Parent,,Delivery,pitch.1,334841,3.6233,-26.4713,142.2799,-121.474,242.6306,68.0027,-0.1811,0.0854
1779816506796,2,11.0000004b,Drive,Delivery,pitch.1,335652,0.0888,0.0563,0.0726,0.1009,-0.0745,0.0145,0.0,0.0
1779816506796,2,12.00000015,Lower Delivery,Delivery,pitch.1,335375,11.8113,-26.9768,112.9215,-241.009,215.8046,45.9954,-0.2029,-0.2266
1779816506796,2,12.00000018,Upper Delivery,Delivery,pitch.1,335931,-8.1964,0.5116,29.5643,89.9024,27.1914,28.7677,-0.0976,0.3228
1779816506796,2,Pitching Mound.Delivery,,Delivery,pitch.1,335135,3.615,-26.4652,142.4858,-122.7652,242.996,67.9605,-0.1811,0.0863
1779816506796,2,Pitching Mound.Drive,,Delivery,pitch.1,335652,0.0888,0.0563,0.0726,0.1009,-0.0745,0.0145,0.0,0.0
1779816506796,2,Pitching Mound.Parent,,Delivery,pitch.1,334842,3.7037,-26.4089,142.5583,-122.6644,242.9215,67.975,-0.181,0.0863
1779816506797,2,11.0000004b,Drive,Delivery,pitch.1,335653,0.0845,0.0587,0.0687,0.0696,-0.0716,0.0149,0.0,0.0
1779816506797,2,12.00000015,Lower Delivery,Delivery,pitch.1,335376,11.8723,-26.8621,113.3973,-241.7122,216.1243,45.9668,-0.2023,-0.2263
1779816506797,2,12.00000018,Upper Delivery,Delivery,pitch.1,335932,-8.2085,0.4945,29.224,89.6259,26.942,28.8144,-0.0979,0.3256
1779816506797,2,Pitching Mound.Delivery,,Delivery,pitch.1,335136,3.6638,-26.3675,142.6213,-123.4674,243.0663,67.9537,-0.1809,0.0875
1779816506797,2,Pitching Mound.Drive,,Delivery,pitch.1,335653,0.0845,0.0587,0.0687,0.0696,-0.0716,0.0149,0.0,0.0
1779816506797,2,Pitching Mound.Parent,,Delivery,pitch.1,334843,3.7483,-26.3088,142.69,-123.3978,242.9947,67.9686,-0.1808,0.0874
1779816506798,2,11.0000004b,Drive,Delivery,pitch.1,335654,0.0792,0.0526,0.0642,0.0443,-0.0706,0.0165,0.0,0.0
1779816506798,2,12.00000015,Lower Delivery,Delivery,pitch.1,335377,11.9592,-26.7291,113.9765,-242.4768,216.2018,45.946,-0.2014,-0.2259
1779816506798,2,12.00000018,Upper Delivery,Delivery,pitch.1,335933,-8.2202,0.4535,28.9485,89.4276,26.7705,28.8854,-0.0982,0.327
1779816506798,2,Pitching Mound.Delivery,,Delivery,pitch.1,335137,3.739,-26.2756,142.925,-124.1396,242.9723,67.9705,-0.1805,0.0884
1779816506798,2,Pitching Mound.Drive,,Delivery,pitch.1,335654,0.0792,0.0526,0.0642,0.0443,-0.0706,0.0165,0.0,0.0
1779816506798,2,Pitching Mound.Parent,,Delivery,pitch.1,334844,3.8182,-26.2231,142.9892,-124.0953,242.9017,67.987,-0.1804,0.0884
1779816506799,2,11.0000004b,Drive,Delivery,pitch.1,335655,0.0756,0.0566,0.065,0.0344,-0.0728,0.0146,0.0,0.0
1779816506799,2,12.00000015,Lower Delivery,Delivery,pitch.1,335378,12.0326,-26.5741,114.2021,-243.3149,216.555,45.8759,-0.2013,-0.2262
1779816506799,2,12.00000018,Upper Delivery,Delivery,pitch.1,335934,-8.2308,0.4294,28.5613,88.5943,26.3515,28.9121,-0.0979,0.327
1779816506799,2,Pitching Mound.Delivery,,Delivery,pitch.1,335138,3.8018,-26.1447,142.7634,-125.6027,242.9066,67.8985,-0.1806,0.0884
1779816506799,2,Pitching Mound.Drive,,Delivery,pitch.1,335655,0.0756,0.0566,0.065,0.0344,-0.0728,0.0146,0.0,0.0
1779816506799,2,Pitching Mound.Parent,,Delivery,pitch.1,334845,3.8774,-26.0881,142.8284,-125.5684,242.8338,67.913,-0.1805,0.0884
1779816506800,2,11.0000004b,Drive,Delivery,pitch.1,335656,0.0681,0.0552,0.061,0.0341,-0.0727,0.0131,0.0,0.0
1779816506800,2,12.00000015,Lower Delivery,Delivery,pitch.1,335379,12.1179,-26.4067,114.4446,-244.2409,217.0626,45.8164,-0.2014,-0.2266
1779816506800,2,12.00000018,Upper Delivery,Delivery,pitch.1,335935,-8.2295,0.3902,28.2611,88.207,26.0326,28.9285,-0.0978,0.327
1779816506800,2,Pitching Mound.Delivery,,Delivery,pitch.1,335139,3.8883,-26.0165,142.7057,-126.7315,243.0951,67.8267,-0.1808,0.0884
1779816506800,2,Pitching Mound.Drive,,Delivery,pitch.1,335656,0.0681,0.0552,0.061,0.0341,-0.0727,0.0131,0.0,0.0
1779816506800,2,Pitching Mound.Parent,,Delivery,pitch.1,334846,3.9565,-25.9612,142.7667,-126.6974,243.0224,67.8398,-0.1808,0.0884
1779816506801,2,11.0000004b,Drive,Delivery,pitch.1,335657,0.0603,0.0512,0.0563,0.0286,-0.0724,0.0148,0.0,0.0
1779816506801,2,12.00000015,Lower Delivery,Delivery,pitch.1,335380,12.17,-26.2448,114.4469,-245.0481,216.3597,45.7994,-0.2007,-0.2273
1779816506801,2,12.00000018,Upper Delivery,Delivery,pitch.1,335936,-8.2486,0.3777,27.9435,87.4618,25.641,28.9931,-0.0974,0.327
1779816506801,2,Pitching Mound.Delivery,,Delivery,pitch.1,335140,3.9213,-25.8671,142.3904,-128.1751,242.0007,67.8502,-0.1804,0.088
1779816506801,2,Pitching Mound.Drive,,Delivery,pitch.1,335657,0.0603,0.0512,0.0563,0.0286,-0.0724,0.0148,0.0,0.0
1779816506801,2,Pitching Mound.Parent,,Delivery,pitch.1,334847,3.9817,-25.8159,142.4468,-128.1466,241.9283,67.865,-0.1804,0.088
1779816506802,2,11.0000004b,Drive,Delivery,pitch.1,335658,0.0581,0.0472,0.0543,0.0266,-0.0709,0.0139,0.0,0.0
1779816506802,2,12.00000015,Lower Delivery,Delivery,pitch.1,335381,12.2744,-26.0774,114.8385,-245.8396,217.1885,45.6597,-0.2008,-0.2273
1779816506802,2,12.00000018,Upper Delivery,Delivery,pitch.1,335937,-8.2258,0.3882,27.7298,86.9272,25.1192,29.0251,-0.0962,0.327
1779816506802,2,Pitching Mound.Delivery,,Delivery,pitch.1,335141,4.0486,-25.6892,142.5682,-129.2955,242.3077,67.7148,-0.1804,0.0883
1779816506802,2,Pitching Mound.Drive,,Delivery,pitch.1,335658,0.0581,0.0472,0.0543,0.0266,-0.0709,0.0139,0.0,0.0
1779816506802,2,Pitching Mound.Parent,,Delivery,pitch.1,334848,4.1066,-25.6419,142.6225,-129.2689,242.2368,67.7287,-0.1804,0.0882
1779816506803,2,11.0000004b,Drive,Delivery,pitch.1,335659,0.0595,0.0414,0.0534,0.0261,-0.0704,0.0153,0.0,0.0
1779816506803,2,12.00000015,Lower Delivery,Delivery,pitch.1,335382,12.3702,-25.9017,115.0128,-246.2677,217.2767,45.5592,-0.2006,-0.2273
1779816506803,2,12.00000018,Upper Delivery,Delivery,pitch.1,335938,-8.2239,0.3784,27.439,86.3862,24.7486,29.0133,-0.0958,0.327
1779816506803,2,Pitching Mound.Delivery,,Delivery,pitch.1,335142,4.1463,-25.5233,142.4518,-130.1064,242.0253,67.5706,-0.1804,0.0885
1779816506803,2,Pitching Mound.Drive,,Delivery,pitch.1,335659,0.0595,0.0414,0.0534,0.0261,-0.0704,0.0153,0.0,0.0
1779816506803,2,Pitching Mound.Parent,,Delivery,pitch.1,334849,4.2058,-25.4819,142.5051,-130.0803,241.9549,67.5859,-0.1803,0.0884
1779816506804,2,11.0000004b,Drive,Delivery,pitch.1,335660,0.0663,0.0334,0.0555,0.0198,-0.0694,0.0152,0.0,0.0
1779816506804,2,12.00000015,Lower Delivery,Delivery,pitch.1,335383,12.4894,-25.705,115.3238,-246.6298,217.9302,45.4321,-0.2006,-0.227
1779816506804,2,12.00000018,Upper Delivery,Delivery,pitch.1,335939,-8.2194,0.41,27.1865,85.1924,24.1085,29.0022,-0.0941,0.327
1779816506804,2,Pitching Mound.Delivery,,Delivery,pitch.1,335143,4.27,-25.2951,142.5103,-131.4707,242.0387,67.3933,-0.1803,0.0889
1779816506804,2,Pitching Mound.Drive,,Delivery,pitch.1,335660,0.0663,0.0334,0.0555,0.0198,-0.0694,0.0152,0.0,0.0
1779816506804,2,Pitching Mound.Parent,,Delivery,pitch.1,334850,4.3363,-25.2617,142.5658,-131.4509,241.9693,67.4085,-0.1802,0.0889
1779816506805,2,11.0000004b,Drive,Delivery,pitch.1,335661,0.0677,0.0318,0.0557,0.0193,-0.0715,0.0125,0.0,0.0
1779816506805,2,12.00000015,Lower Delivery,Delivery,pitch.1,335384,12.5831,-25.529,115.5776,-247.0989,218.3274,45.2717,-0.2005,-0.227
1779816506805,2,12.00000018,Upper Delivery,Delivery,pitch.1,335940,-8.2156,0.4304,27.1194,84.5369,23.6344,29.0089,-0.0925,0.327
1779816506805,2,Pitching Mound.Delivery,,Delivery,pitch.1,335144,4.3675,-25.0986,142.6971,-132.4862,241.9618,67.2091,-0.18,0.0891
1779816506805,2,Pitching Mound.Drive,,Delivery,pitch.1,335661,0.0677,0.0318,0.0557,0.0193,-0.0715,0.0125,0.0,0.0
1779816506805,2,Pitching Mound.Parent,,Delivery,pitch.1,334851,4.4353,-25.0668,142.7528,-132.4669,241.8903,67.2215,-0.1799,0.089
1779816506806,2,11.0000004b,Drive,Delivery,pitch.1,335662,0.063,0.0334,0.0539,0.0202,-0.0707,0.0145,0.0,0.0
1779816506806,2,12.00000015,Lower Delivery,Delivery,pitch.1,335385,12.71,-25.3418,115.7859,-247.6248,218.8004,45.0976,-0.2006,-0.227
1779816506806,2,12.00000018,Upper Delivery,Delivery,pitch.1,335941,-8.2382,0.4486,26.8932,83.6215,23.072,29.0044,-0.0911,0.327
1779816506806,2,Pitching Mound.Delivery,,Delivery,pitch.1,335145,4.4718,-24.8932,142.6791,-133.7799,241.8724,66.9797,-0.18,0.0892
1779816506806,2,Pitching Mound.Drive,,Delivery,pitch.1,335662,0.063,0.0334,0.0539,0.0202,-0.0707,0.0145,0.0,0.0
1779816506806,2,Pitching Mound.Parent,,Delivery,pitch.1,334852,4.5348,-24.8598,142.733,-133.7597,241.8017,66.9942,-0.1799,0.0892
1779816506807,2,11.0000004b,Drive,Delivery,pitch.1,335663,0.0775,0.0267,0.0592,0.0203,-0.0711,0.0147,0.0,0.0
1779816506807,2,12.00000015,Lower Delivery,Delivery,pitch.1,335386,12.8375,-25.1605,115.806,-247.7555,219.007,44.9515,-0.2008,-0.2271
1779816506807,2,12.00000018,Upper Delivery,Delivery,pitch.1,335942,-8.2471,0.4681,26.7041,82.7669,22.6528,28.994,-0.0901,0.327
1779816506807,2,Pitching Mound.Delivery,,Delivery,pitch.1,335146,4.5903,-24.6924,142.5101,-134.694,241.6598,66.7767,-0.18,0.0893
1779816506807,2,Pitching Mound.Drive,,Delivery,pitch.1,335663,0.0775,0.0267,0.0592,0.0203,-0.0711,0.0147,0.0,0.0
1779816506807,2,Pitching Mound.Parent,,Delivery,pitch.1,334853,4.6678,-24.6657,142.5693,-134.6737,241.5887,66.7914,-0.1799,0.0893
1779816506808,2,11.0000004b,Drive,Delivery,pitch.1,335664,0.0688,0.0258,0.0573,0.0201,-0.0719,0.0188,0.0,0.0
1779816506808,2,12.00000015,Lower Delivery,Delivery,pitch.1,335387,12.9957,-24.9756,115.9463,-247.932,219.4193,44.7867,-0.2009,-0.227
1779816506808,2,12.00000018,Upper Delivery,Delivery,pitch.1,335943,-8.2187,0.4937,26.4924,81.5737,22.1677,29.0063,-0.0888,0.3269
1779816506808,2,Pitching Mound.Delivery,,Delivery,pitch.1,335147,4.7771,-24.4819,142.4387,-135.944,241.5871,66.5802,-0.1801,0.0895
1779816506808,2,Pitching Mound.Drive,,Delivery,pitch.1,335664,0.0688,0.0258,0.0573,0.0201,-0.0719,0.0188,0.0,0.0
1779816506808,2,Pitching Mound.Parent,,Delivery,pitch.1,334854,4.8458,-24.4561,142.4959,-135.9239,241.5152,66.599,-0.18,0.0895
1779816506809,2,11.0000004b,Drive,Delivery,pitch.1,335665,0.0792,0.0234,0.0597,0.0236,-0.072,0.0169,0.0,0.0
1779816506809,2,12.00000015,Lower Delivery,Delivery,pitch.1,335388,13.1607,-24.8105,116.0959,-247.7351,219.7829,44.5654,-0.201,-0.2265
1779816506809,2,12.00000018,Upper Delivery,Delivery,pitch.1,335944,-8.1721,0.4729,26.2266,80.429,21.7326,29.0427,-0.088,0.3256
1779816506809,2,Pitching Mound.Delivery,,Delivery,pitch.1,335148,4.9886,-24.3376,142.3225,-136.7505,241.5155,66.355,-0.1802,0.0899
1779816506809,2,Pitching Mound.Drive,,Delivery,pitch.1,335665,0.0792,0.0234,0.0597,0.0236,-0.072,0.0169,0.0,0.0
1779816506809,2,Pitching Mound.Parent,,Delivery,pitch.1,334855,5.0677,-24.3142,142.3821,-136.7269,241.4435,66.3718,-0.1801,0.0899
1779816506810,2,11.0000004b,Drive,Delivery,pitch.1,335666,0.0805,0.0245,0.0613,0.0213,-0.0722,0.0178,0.0,0.0
1779816506810,2,12.00000015,Lower Delivery,Delivery,pitch.1,335389,13.2918,-24.6139,116.0777,-247.5573,220.1381,44.3626,-0.2013,-0.2264
1779816506810,2,12.00000018,Upper Delivery,Delivery,pitch.1,335945,-8.155,0.4774,25.9601,79.3501,21.2348,29.062,-0.0868,0.3245
1779816506810,2,Pitching Mound.Delivery,,Delivery,pitch.1,335149,5.1368,-24.1365,142.0378,-137.5672,241.3729,66.1327,-0.1804,0.09
1779816506810,2,Pitching Mound.Drive,,Delivery,pitch.1,335666,0.0805,0.0245,0.0613,0.0213,-0.0722,0.0178,0.0,0.0
1779816506810,2,Pitching Mound.Parent,,Delivery,pitch.1,334856,5.2173,-24.112,142.0991,-137.5459,241.3007,66.1506,-0.1803,0.09
1779816506811,2,11.0000004b,Drive,Delivery,pitch.1,335667,0.0828,0.0144,0.0608,0.0188,-0.0718,0.0143,0.0,0.0
1779816506811,2,12.00000015,Lower Delivery,Delivery,pitch.1,335390,13.3905,-24.3485,115.7403,-247.0768,220.2772,44.069,-0.202,-0.2266
1779816506811,2,12.00000018,Upper Delivery,Delivery,pitch.1,335946,-8.0756,0.4551,25.7528,78.0168,20.7002,29.0765,-0.0853,0.3216
1779816506811,2,Pitching Mound.Delivery,,Delivery,pitch.1,335150,5.3148,-23.8934,141.4931,-138.4643,240.9774,65.847,-0.1808,0.0894
1779816506811,2,Pitching Mound.Drive,,Delivery,pitch.1,335667,0.0828,0.0144,0.0608,0.0188,-0.0718,0.0143,0.0,0.0
1779816506811,2,Pitching Mound.Parent,,Delivery,pitch.1,334857,5.3976,-23.8789,141.5538,-138.4455,240.9056,65.8612,-0.1807,0.0894
1779816506812,2,11.0000004b,Drive,Delivery,pitch.1,335668,0.0839,0.0189,0.0621,0.0189,-0.0724,0.015,0.0,0.0
1779816506812,2,12.00000015,Lower Delivery,Delivery,pitch.1,335391,13.511,-24.0882,115.4923,-246.882,220.2076,43.681,-0.2024,-0.2269
1779816506812,2,12.00000018,Upper Delivery,Delivery,pitch.1,335947,-8.0327,0.4151,25.4266,77.0124,20.4495,29.1141,-0.0854,0.3215
1779816506812,2,Pitching Mound.Delivery,,Delivery,pitch.1,335151,5.4783,-23.6731,140.9189,-139.2472,240.6571,65.4702,-0.1813,0.0893
1779816506812,2,Pitching Mound.Drive,,Delivery,pitch.1,335668,0.0839,0.0189,0.0621,0.0189,-0.0724,0.015,0.0,0.0
1779816506812,2,Pitching Mound.Parent,,Delivery,pitch.1,334858,5.5622,-23.6542,140.981,-139.2283,240.5847,65.4852,-0.1812,0.0893
1779816506813,2,11.0000004b,Drive,Delivery,pitch.1,335669,0.0907,0.0154,0.0641,0.021,-0.0757,0.0118,0.0,0.0
1779816506813,2,12.00000015,Lower Delivery,Delivery,pitch.1,335392,13.5821,-23.8512,115.1365,-246.2184,220.118,43.356,-0.203,-0.227
1779816506813,2,12.00000018,Upper Delivery,Delivery,pitch.1,335948,-8.0588,0.3746,25.3897,76.3773,20.3363,29.1917,-0.085,0.3194
1779816506813,2,Pitching Mound.Delivery,,Delivery,pitch.1,335152,5.5232,-23.4766,140.5262,-139.3272,240.4543,65.1899,-0.1817,0.0888
1779816506813,2,Pitching Mound.Drive,,Delivery,pitch.1,335669,0.0907,0.0154,0.0641,0.021,-0.0757,0.0118,0.0,0.0
1779816506813,2,Pitching Mound.Parent,,Delivery,pitch.1,334859,5.6139,-23.4613,140.5903,-139.3062,240.3786,65.2017,-0.1816,0.0888
1779816506814,2,11.0000004b,Drive,Delivery,pitch.1,335670,0.0901,0.0187,0.0658,0.0198,-0.0757,0.012,0.0,0.0
1779816506814,2,12.00000015,Lower Delivery,Delivery,pitch.1,335393,13.6754,-23.6839,114.989,-246.0325,221.2044,43.2293,-0.2042,-0.2271
1779816506814,2,12.00000018,Upper Delivery,Delivery,pitch.1,335949,-8.0675,0.3471,25.1488,75.6735,20.1305,29.2702,-0.085,0.3194
1779816506814,2,Pitching Mound.Delivery,,Delivery,pitch.1,335153,5.608,-23.3368,140.1378,-139.8133,241.3349,65.1069,-0.1828,0.0889
1779816506814,2,Pitching Mound.Drive,,Delivery,pitch.1,335670,0.0901,0.0187,0.0658,0.0198,-0.0757,0.012,0.0,0.0
1779816506814,2,Pitching Mound.Parent,,Delivery,pitch.1,334860,5.6981,-23.3181,140.2036,-139.7936,241.2592,65.1189,-0.1827,0.0889
1779816506815,2,11.0000004b,Drive,Delivery,pitch.1,335671,0.0759,0.0112,0.0787,0.0204,-0.0762,0.01,0.0,0.0
1779816506815,2,12.00000015,Lower Delivery,Delivery,pitch.1,335394,13.7623,-23.328,114.6601,-245.9482,221.7379,42.7248,-0.2053,-0.2277
1779816506815,2,12.00000018,Upper Delivery,Delivery,pitch.1,335950,-8.1064,0.2933,24.9775,75.1722,20.0884,29.3582,-0.0854,0.3195
1779816506815,2,Pitching Mound.Delivery,,Delivery,pitch.1,335154,5.6559,-23.0347,139.6375,-140.2839,241.8263,64.6476,-0.1839,0.0885
1779816506815,2,Pitching Mound.Drive,,Delivery,pitch.1,335671,0.0759,0.0112,0.0787,0.0204,-0.0762,0.01,0.0,0.0
1779816506815,2,Pitching Mound.Parent,,Delivery,pitch.1,334861,5.7318,-23.0235,139.7162,-140.2635,241.7501,64.6576,-0.1838,0.0885
1779816506816,2,11.0000004b,Drive,Delivery,pitch.1,335672,0.0801,0.0139,0.066,0.0204,-0.076,0.0095,0.0,0.0
1779816506816,2,12.00000015,Lower Delivery,Delivery,pitch.1,335395,13.8181,-23.0908,114.4314,-245.6354,222.3057,42.461,-0.2062,-0.2279
1779816506816,2,12.00000018,Upper Delivery,Delivery,pitch.1,335951,-8.1438,0.251,24.6854,74.5718,19.9208,29.4039,-0.0857,0.3207
1779816506816,2,Pitching Mound.Delivery,,Delivery,pitch.1,335155,5.6743,-22.8398,139.1168,-140.55,242.2265,64.3978,-0.1848,0.0888
1779816506816,2,Pitching Mound.Drive,,Delivery,pitch.1,335672,0.0801,0.0139,0.066,0.0204,-0.076,0.0095,0.0,0.0
1779816506816,2,Pitching Mound.Parent,,Delivery,pitch.1,334862,5.7543,-22.826,139.1828,-140.5296,242.1505,64.4073,-0.1848,0.0888
1779816506817,2,11.0000004b,Drive,Delivery,pitch.1,335673,0.0739,0.016,0.0715,0.0189,-0.0767,0.0087,0.0,0.0
1779816506817,2,12.00000015,Lower Delivery,Delivery,pitch.1,335396,13.9228,-22.7878,114.4056,-245.3619,222.679,41.9972,-0.2066,-0.2277
1779816506817,2,12.00000018,Upper Delivery,Delivery,pitch.1,335952,-8.1161,0.2183,24.2505,72.8801,19.457,29.511,-0.0852,0.3191
1779816506817,2,Pitching Mound.Delivery,,Delivery,pitch.1,335156,5.8067,-22.5695,138.6561,-141.8291,242.136,64.015,-0.1854,0.089
1779816506817,2,Pitching Mound.Drive,,Delivery,pitch.1,335673,0.0739,0.016,0.0715,0.0189,-0.0767,0.0087,0.0,0.0
1779816506817,2,Pitching Mound.Parent,,Delivery,pitch.1,334863,5.8806,-22.5535,138.7276,-141.8103,242.0593,64.0237,-0.1853,0.089
1779816506818,2,11.0000004b,Drive,Delivery,pitch.1,335674,0.0674,0.0119,0.0743,0.0181,-0.0776,0.0079,0.0,0.0
1779816506818,2,12.00000015,Lower Delivery,Delivery,pitch.1,335397,13.9428,-22.4851,114.155,-245.074,222.728,41.5541,-0.2071,-0.2279
1779816506818,2,12.00000018,Upper Delivery,Delivery,pitch.1,335953,-8.1346,0.1782,23.9046,71.6592,19.1296,29.635,-0.085,0.3182
1779816506818,2,Pitching Mound.Delivery,,Delivery,pitch.1,335157,5.8082,-22.3069,138.0596,-142.7297,241.8577,63.6827,-0.186,0.0889
1779816506818,2,Pitching Mound.Drive,,Delivery,pitch.1,335674,0.0674,0.0119,0.0743,0.0181,-0.0776,0.0079,0.0,0.0
1779816506818,2,Pitching Mound.Parent,,Delivery,pitch.1,334864,5.8756,-22.2949,138.1339,-142.7116,241.7801,63.6907,-0.1859,0.0889
1779816506819,2,11.0000004b,Drive,Delivery,pitch.1,335675,0.0742,0.0118,0.0874,0.0216,-0.079,0.0089,0.0,0.0
1779816506819,2,12.00000015,Lower Delivery,Delivery,pitch.1,335398,13.9932,-22.2032,113.9382,-244.9116,223.0794,41.156,-0.2079,-0.2282
1779816506819,2,12.00000018,Upper Delivery,Delivery,pitch.1,335954,-8.1448,0.1128,23.4903,70.8861,19.0002,29.6849,-0.0859,0.3204
1779816506819,2,Pitching Mound.Delivery,,Delivery,pitch.1,335158,5.8484,-22.0904,137.4285,-143.2732,242.0796,63.314,-0.187,0.0893
1779816506819,2,Pitching Mound.Drive,,Delivery,pitch.1,335675,0.0742,0.0118,0.0874,0.0216,-0.079,0.0089,0.0,0.0
1779816506819,2,Pitching Mound.Parent,,Delivery,pitch.1,334865,5.9226,-22.0786,137.5159,-143.2516,242.0007,63.3228,-0.1869,0.0893
1779816506820,2,11.0000004b,Drive,Delivery,pitch.1,335676,0.0544,0.0145,0.0861,0.0216,-0.0786,0.0073,0.0,0.0
1779816506820,2,12.00000015,Lower Delivery,Delivery,pitch.1,335399,14.0196,-21.9099,113.8362,-244.6195,223.8302,40.6947,-0.2087,-0.2281
1779816506820,2,12.00000018,Upper Delivery,Delivery,pitch.1,335955,-8.1349,0.0613,23.2015,70.1923,18.7294,29.7755,-0.0857,0.3212
1779816506820,2,Pitching Mound.Delivery,,Delivery,pitch.1,335159,5.8847,-21.8486,137.0377,-143.6114,242.5596,62.9377,-0.1879,0.0897
1779816506820,2,Pitching Mound.Drive,,Delivery,pitch.1,335676,0.0544,0.0145,0.0861,0.0216,-0.0786,0.0073,0.0,0.0
1779816506820,2,Pitching Mound.Parent,,Delivery,pitch.1,334866,5.9391,-21.8342,137.1238,-143.5898,242.481,62.9449,-0.1878,0.0897
1779816506821,2,11.0000004b,Drive,Delivery,pitch.1,335677,0.0636,0.0207,0.0811,0.0207,-0.0794,0.009,0.0,0.0
1779816506821,2,12.00000015,Lower Delivery,Delivery,pitch.1,335400,14.021,-21.5717,113.5201,-244.3625,223.8457,40.171,-0.2093,-0.2285
1779816506821,2,12.00000018,Upper Delivery,Delivery,pitch.1,335956,-8.1277,0.0017,22.8076,69.4461,18.3708,29.8259,-0.0855,0.3233
1779816506821,2,Pitching Mound.Delivery,,Delivery,pitch.1,335160,5.8933,-21.57,136.3277,-144.0742,242.2165,62.4663,-0.1886,0.09
1779816506821,2,Pitching Mound.Drive,,Delivery,pitch.1,335677,0.0636,0.0207,0.0811,0.0207,-0.0794,0.009,0.0,0.0
1779816506821,2,Pitching Mound.Parent,,Delivery,pitch.1,334867,5.957,-21.5493,136.4088,-144.0535,242.1371,62.4753,-0.1885,0.09
1779816506822,2,11.0000004b,Drive,Delivery,pitch.1,335678,0.0672,0.0198,0.0793,0.0215,-0.0784,0.0086,0.0,0.0
1779816506822,2,12.00000015,Lower Delivery,Delivery,pitch.1,335401,13.9921,-21.2371,113.078,-244.1112,223.7018,39.6436,-0.21,-0.2292
1779816506822,2,12.00000018,Upper Delivery,Delivery,pitch.1,335957,-8.1645,-0.0533,22.4907,69.403,18.4453,29.8599,-0.0871,0.327
1779816506822,2,Pitching Mound.Delivery,,Delivery,pitch.1,335161,5.8277,-21.2903,135.5687,-143.9086,242.1471,61.9702,-0.1896,0.0903
1779816506822,2,Pitching Mound.Drive,,Delivery,pitch.1,335678,0.0672,0.0198,0.0793,0.0215,-0.0784,0.0086,0.0,0.0
1779816506822,2,Pitching Mound.Parent,,Delivery,pitch.1,334868,5.8949,-21.2705,135.648,-143.8871,242.0687,61.9788,-0.1895,0.0902
1779816506823,2,11.0000004b,Drive,Delivery,pitch.1,335679,0.0732,0.0283,0.0773,0.0202,-0.0765,0.0081,0.0,0.0
1779816506823,2,12.00000015,Lower Delivery,Delivery,pitch.1,335402,14.0065,-20.9598,112.9801,-243.8036,223.5254,39.1282,-0.21,-0.2291
1779816506823,2,12.00000018,Upper Delivery,Delivery,pitch.1,335958,-8.1765,-0.1195,22.077,68.6938,18.0346,29.9145,-0.0867,0.327
1779816506823,2,Pitching Mound.Delivery,,Delivery,pitch.1,335162,5.83,-21.0793,135.0572,-144.2027,241.56,61.5005,-0.1899,0.0907
1779816506823,2,Pitching Mound.Drive,,Delivery,pitch.1,335679,0.0732,0.0283,0.0773,0.0202,-0.0765,0.0081,0.0,0.0
1779816506823,2,Pitching Mound.Parent,,Delivery,pitch.1,334869,5.9032,-21.0511,135.1345,-144.1826,241.4835,61.5086,-0.1898,0.0906
1779816506824,2,11.0000004b,Drive,Delivery,pitch.1,335680,0.0825,0.0278,0.0786,0.021,-0.0766,0.0097,0.0,0.0
1779816506824,2,12.00000015,Lower Delivery,Delivery,pitch.1,335403,14.0271,-20.6544,112.8807,-243.4755,223.6449,38.6841,-0.2103,-0.229
1779816506824,2,12.00000018,Upper Delivery,Delivery,pitch.1,335959,-8.1815,-0.166,21.6346,67.6645,17.512,29.9448,-0.0859,0.327
1779816506824,2,Pitching Mound.Delivery,,Delivery,pitch.1,335163,5.8456,-20.8204,134.5153,-144.7874,241.1569,61.0779,-0.1903,0.0911
1779816506824,2,Pitching Mound.Drive,,Delivery,pitch.1,335680,0.0825,0.0278,0.0786,0.021,-0.0766,0.0097,0.0,0.0
1779816506824,2,Pitching Mound.Parent,,Delivery,pitch.1,334870,5.9281,-20.7926,134.5939,-144.7664,241.0802,61.0877,-0.1902,0.091
1779816506825,2,11.0000004b,Drive,Delivery,pitch.1,335681,0.0853,0.0264,0.0732,0.0197,-0.0763,0.0077,0.0,0.0
1779816506825,2,12.00000015,Lower Delivery,Delivery,pitch.1,335404,14.0256,-20.3505,112.8186,-243.3433,223.3725,38.1706,-0.2102,-0.229
1779816506825,2,12.00000018,Upper Delivery,Delivery,pitch.1,335960,-8.1513,-0.2101,21.4243,67.3625,17.4106,29.9883,-0.0863,0.327
1779816506825,2,Pitching Mound.Delivery,,Delivery,pitch.1,335164,5.8743,-20.5606,134.2429,-144.9068,240.783,60.6188,-0.1904,0.0912
1779816506825,2,Pitching Mound.Drive,,Delivery,pitch.1,335681,0.0853,0.0264,0.0732,0.0197,-0.0763,0.0077,0.0,0.0
1779816506825,2,Pitching Mound.Parent,,Delivery,pitch.1,334871,5.9596,-20.5342,134.3161,-144.887,240.7067,60.6265,-0.1903,0.0912
1779816506826,2,11.0000004b,Drive,Delivery,pitch.1,335682,0.0918,0.0308,0.0743,0.0198,-0.0774,0.0077,0.0,0.0
1779816506826,2,12.00000015,Lower Delivery,Delivery,pitch.1,335405,14.0026,-20.0524,112.7979,-243.2914,223.4332,37.6314,-0.2103,-0.229
1779816506826,2,12.00000018,Upper Delivery,Delivery,pitch.1,335961,-8.1331,-0.2407,21.2058,66.8851,17.1737,30.0008,-0.086,0.327
1779816506826,2,Pitching Mound.Delivery,,Delivery,pitch.1,335165,5.8695,-20.293,134.0037,-145.265,240.6069,60.106,-0.1906,0.0914
1779816506826,2,Pitching Mound.Drive,,Delivery,pitch.1,335682,0.0918,0.0308,0.0743,0.0198,-0.0774,0.0077,0.0,0.0
1779816506826,2,Pitching Mound.Parent,,Delivery,pitch.1,334872,5.9613,-20.2623,134.078,-145.2452,240.5295,60.1137,-0.1905,0.0913
1779816506827,2,11.0000004b,Drive,Delivery,pitch.1,335683,0.1054,0.0271,0.0783,0.0215,-0.0782,0.0083,0.0,0.0
1779816506827,2,12.00000015,Lower Delivery,Delivery,pitch.1,335406,13.9487,-19.7959,112.5425,-242.7761,222.6477,37.2404,-0.21,-0.229
1779816506827,2,12.00000018,Upper Delivery,Delivery,pitch.1,335962,-8.1167,-0.2382,20.9403,66.4055,16.855,30.0166,-0.0855,0.327
1779816506827,2,Pitching Mound.Delivery,,Delivery,pitch.1,335166,5.832,-20.0341,133.4828,-145.2259,239.5027,59.7547,-0.1905,0.0915
1779816506827,2,Pitching Mound.Drive,,Delivery,pitch.1,335683,0.1054,0.0271,0.0783,0.0215,-0.0782,0.0083,0.0,0.0
1779816506827,2,Pitching Mound.Parent,,Delivery,pitch.1,334873,5.9374,-20.007,133.5611,-145.2044,239.4245,59.763,-0.1904,0.0915
1779816506828,2,11.0000004b,Drive,Delivery,pitch.1,335684,0.0944,0.027,0.07,0.0254,-0.078,0.0088,0.0,0.0
1779816506828,2,12.00000015,Lower Delivery,Delivery,pitch.1,335407,13.9248,-19.5445,112.4873,-242.7243,222.5541,36.7789,-0.21,-0.2291
1779816506828,2,12.00000018,Upper Delivery,Delivery,pitch.1,335963,-8.1035,-0.2645,20.759,65.9737,16.6073,30.0385,-0.0849,0.327
1779816506828,2,Pitching Mound.Delivery,,Delivery,pitch.1,335167,5.8213,-19.809,133.2463,-145.563,239.1614,59.3278,-0.1905,0.0916
1779816506828,2,Pitching Mound.Drive,,Delivery,pitch.1,335684,0.0944,0.027,0.07,0.0254,-0.078,0.0088,0.0,0.0
1779816506828,2,Pitching Mound.Parent,,Delivery,pitch.1,334874,5.9156,-19.782,133.3163,-145.5377,239.0834,59.3366,-0.1904,0.0916
1779816506829,2,11.0000004b,Drive,Delivery,pitch.1,335685,0.0989,0.0231,0.0727,0.0255,-0.079,0.0084,0.0,0.0
1779816506829,2,12.00000015,Lower Delivery,Delivery,pitch.1,335408,13.937,-19.3337,112.5138,-242.5998,222.7408,36.2869,-0.2102,-0.2289
1779816506829,2,12.00000018,Upper Delivery,Delivery,pitch.1,335964,-8.0922,-0.2494,20.6,65.6125,16.294,30.077,-0.084,0.327
1779816506829,2,Pitching Mound.Delivery,,Delivery,pitch.1,335168,5.8448,-19.5831,133.1139,-145.7366,239.0348,58.874,-0.1906,0.0919
1779816506829,2,Pitching Mound.Drive,,Delivery,pitch.1,335685,0.0989,0.0231,0.0727,0.0255,-0.079,0.0084,0.0,0.0
1779816506829,2,Pitching Mound.Parent,,Delivery,pitch.1,334875,5.9438,-19.56,133.1866,-145.7111,238.9558,58.8824,-0.1905,0.0918
1779816506830,2,11.0000004b,Drive,Delivery,pitch.1,335686,0.0992,0.0196,0.0713,0.023,-0.0778,0.0104,0.0,0.0
1779816506830,2,12.00000015,Lower Delivery,Delivery,pitch.1,335409,13.8983,-19.1313,112.4838,-242.1503,222.6801,35.8362,-0.2102,-0.2285
1779816506830,2,12.00000018,Upper Delivery,Delivery,pitch.1,335965,-8.0862,-0.2218,20.4112,64.9412,15.9573,30.1336,-0.083,0.327
1779816506830,2,Pitching Mound.Delivery,,Delivery,pitch.1,335169,5.8121,-19.3531,132.895,-145.9045,238.6374,58.4951,-0.1906,0.0923
1779816506830,2,Pitching Mound.Drive,,Delivery,pitch.1,335686,0.0992,0.0196,0.0713,0.023,-0.0778,0.0104,0.0,0.0
1779816506830,2,Pitching Mound.Parent,,Delivery,pitch.1,334876,5.9113,-19.3336,132.9663,-145.8815,238.5595,58.5055,-0.1905,0.0923
1779816506831,2,11.0000004b,Drive,Delivery,pitch.1,335687,0.0984,0.0182,0.073,0.0251,-0.0799,0.0105,0.0,0.0
1779816506831,2,12.00000015,Lower Delivery,Delivery,pitch.1,335410,13.8877,-18.9287,112.3878,-241.6651,222.6038,35.3221,-0.2103,-0.2283
1779816506831,2,12.00000018,Upper Delivery,Delivery,pitch.1,335966,-8.09,-0.2512,20.3237,64.795,15.9372,30.1808,-0.0832,0.327
1779816506831,2,Pitching Mound.Delivery,,Delivery,pitch.1,335170,5.7977,-19.1799,132.7115,-145.5684,238.541,58.0305,-0.1908,0.0926
1779816506831,2,Pitching Mound.Drive,,Delivery,pitch.1,335687,0.0984,0.0182,0.073,0.0251,-0.0799,0.0105,0.0,0.0
1779816506831,2,Pitching Mound.Parent,,Delivery,pitch.1,334877,5.8961,-19.1617,132.7845,-145.5433,238.4611,58.041,-0.1907,0.0926
1779816506832,2,11.0000004b,Drive,Delivery,pitch.1,335688,0.0938,0.0153,0.0682,0.0254,-0.0804,0.0109,0.0,0.0
1779816506832,2,12.00000015,Lower Delivery,Delivery,pitch.1,335411,13.8739,-18.7165,112.4638,-241.8203,222.5286,34.7746,-0.2101,-0.2283
1779816506832,2,12.00000018,Upper Delivery,Delivery,pitch.1,335967,-8.0856,-0.2519,20.3153,64.5423,15.7873,30.2809,-0.0825,0.327
1779816506832,2,Pitching Mound.Delivery,,Delivery,pitch.1,335171,5.7882,-18.9684,132.7791,-145.9475,238.3159,57.5892,-0.1905,0.0926
1779816506832,2,Pitching Mound.Drive,,Delivery,pitch.1,335688,0.0938,0.0153,0.0682,0.0254,-0.0804,0.0109,0.0,0.0
1779816506832,2,Pitching Mound.Parent,,Delivery,pitch.1,334878,5.8821,-18.9531,132.8473,-145.9221,238.2355,57.6001,-0.1904,0.0926
1779816506833,2,11.0000004b,Drive,Delivery,pitch.1,335689,0.0922,0.0171,0.0669,0.0229,-0.0796,0.0117,0.0,0.0
1779816506833,2,12.00000015,Lower Delivery,Delivery,pitch.1,335412,13.892,-18.5474,112.5312,-241.6292,222.251,34.3285,-0.2097,-0.228
1779816506833,2,12.00000018,Upper Delivery,Delivery,pitch.1,335968,-8.0965,-0.2406,20.2626,64.0721,15.5176,30.3346,-0.0813,0.327
1779816506833,2,Pitching Mound.Delivery,,Delivery,pitch.1,335172,5.7956,-18.788,132.7937,-146.1857,237.7686,57.187,-0.1901,0.093
1779816506833,2,Pitching Mound.Drive,,Delivery,pitch.1,335689,0.0922,0.0171,0.0669,0.0229,-0.0796,0.0117,0.0,0.0
1779816506833,2,Pitching Mound.Parent,,Delivery,pitch.1,334879,5.8878,-18.7709,132.8606,-146.1629,237.689,57.1987,-0.19,0.0929
1779816506834,2,11.0000004b,Drive,Delivery,pitch.1,335690,0.0822,0.0192,0.0627,0.0228,-0.0791,0.0124,0.0,0.0
1779816506834,2,12.00000015,Lower Delivery,Delivery,pitch.1,335413,13.8643,-18.3903,112.6227,-241.3742,221.9037,33.8424,-0.2092,-0.2275
1779816506834,2,12.00000018,Upper Delivery,Delivery,pitch.1,335969,-8.1058,-0.2473,20.2282,63.6147,15.3696,30.4109,-0.0807,0.327
1779816506834,2,Pitching Mound.Delivery,,Delivery,pitch.1,335173,5.7585,-18.6376,132.8508,-146.3453,237.2733,56.7835,-0.1896,0.0934
1779816506834,2,Pitching Mound.Drive,,Delivery,pitch.1,335690,0.0822,0.0192,0.0627,0.0228,-0.0791,0.0124,0.0,0.0
1779816506834,2,Pitching Mound.Parent,,Delivery,pitch.1,334880,5.8407,-18.6184,132.9135,-146.3225,237.1942,56.7959,-0.1895,0.0933
1779816506835,2,11.0000004b,Drive,Delivery,pitch.1,335691,0.0795,0.0214,0.0684,0.0252,-0.0797,0.0136,0.0,0.0
1779816506835,2,12.00000015,Lower Delivery,Delivery,pitch.1,335414,13.8873,-18.2223,112.6895,-240.8847,222.0466,33.3366,-0.2092,-0.2269
1779816506835,2,12.00000018,Upper Delivery,Delivery,pitch.1,335970,-8.1028,-0.261,20.2417,63.3913,15.1941,30.4742,-0.0797,0.327
1779816506835,2,Pitching Mound.Delivery,,Delivery,pitch.1,335174,5.7845,-18.4832,132.9311,-146.0612,237.2407,56.3341,-0.1895,0.0939
1779816506835,2,Pitching Mound.Drive,,Delivery,pitch.1,335691,0.0795,0.0214,0.0684,0.0252,-0.0797,0.0136,0.0,0.0
1779816506835,2,Pitching Mound.Parent,,Delivery,pitch.1,334881,5.864,-18.4618,132.9996,-146.036,237.161,56.3477,-0.1894,0.0938
1779816506836,2,11.0000004b,Drive,Delivery,pitch.1,335692,0.0668,0.0243,0.0583,0.0218,-0.0781,0.0145,0.0,0.0
1779816506836,2,12.00000015,Lower Delivery,Delivery,pitch.1,335415,13.8645,-18.0081,112.494,-240.6378,221.4382,32.7673,-0.209,-0.2271
1779816506836,2,12.00000018,Upper Delivery,Delivery,pitch.1,335971,-8.1229,-0.2793,20.2686,63.1209,15.0731,30.5148,-0.0789,0.327
1779816506836,2,Pitching Mound.Delivery,,Delivery,pitch.1,335175,5.7416,-18.2874,132.7627,-146.1602,236.5112,55.8064,-0.1891,0.0937
1779816506836,2,Pitching Mound.Drive,,Delivery,pitch.1,335692,0.0668,0.0243,0.0583,0.0218,-0.0781,0.0145,0.0,0.0
1779816506836,2,Pitching Mound.Parent,,Delivery,pitch.1,334882,5.8083,-18.2632,132.8209,-146.1384,236.4332,55.821,-0.189,0.0936
1779816506837,2,11.0000004b,Drive,Delivery,pitch.1,335693,0.0587,0.03,0.0689,0.0222,-0.0771,0.0161,0.0,0.0
1779816506837,2,12.00000015,Lower Delivery,Delivery,pitch.1,335416,13.8425,-17.8906,112.6536,-240.7784,221.8134,32.3368,-0.209,-0.2269
1779816506837,2,12.00000018,Upper Delivery,Delivery,pitch.1,335972,-8.1398,-0.3119,20.189,62.8071,14.7978,30.5708,-0.0778,0.327
1779816506837,2,Pitching Mound.Delivery,,Delivery,pitch.1,335176,5.7027,-18.2026,132.8426,-146.5333,236.6112,55.4336,-0.1891,0.0939
1779816506837,2,Pitching Mound.Drive,,Delivery,pitch.1,335693,0.0587,0.03,0.0689,0.0222,-0.0771,0.0161,0.0,0.0
1779816506837,2,Pitching Mound.Parent,,Delivery,pitch.1,334883,5.7615,-18.1725,132.9115,-146.5111,236.5341,55.4497,-0.189,0.0939
1779816506838,2,11.0000004b,Drive,Delivery,pitch.1,335694,0.0607,0.0255,0.0622,0.0225,-0.0778,0.0141,0.0,0.0
1779816506838,2,11.0000004b,Drive,Delivery,pitch.1,335695,0.0614,0.0255,0.0567,0.0223,-0.077,0.014,0.0,0.0
1779816506838,2,12.00000015,Lower Delivery,Delivery,pitch.1,335417,13.818,-17.7225,112.5442,-240.6293,221.4979,31.8356,-0.2089,-0.227
1779816506838,2,12.00000018,Upper Delivery,Delivery,pitch.1,335973,-8.1545,-0.318,20.1761,62.6457,14.7384,30.6061,-0.0776,0.327
1779816506838,2,Pitching Mound.Delivery,,Delivery,pitch.1,335177,5.6635,-18.0405,132.7203,-146.5784,236.2363,54.971,-0.189,0.0939
1779816506838,2,Pitching Mound.Drive,,Delivery,pitch.1,335694,0.0607,0.0255,0.0622,0.0225,-0.0778,0.0141,0.0,0.0
1779816506838,2,Pitching Mound.Drive,,Delivery,pitch.1,335695,0.0614,0.0255,0.0567,0.0223,-0.077,0.014,0.0,0.0
1779816506838,2,Pitching Mound.Parent,,Delivery,pitch.1,334884,5.7242,-18.015,132.7825,-146.556,236.1586,54.9851,-0.1889,0.0938
1779816506839,2,11.0000004b,Drive,Delivery,pitch.1,335696,0.0677,0.0279,0.0572,0.0198,-0.0771,0.0162,0.0,0.0
1779816506839,2,12.00000015,Lower Delivery,Delivery,pitch.1,335418,13.7899,-17.5152,112.502,-240.6196,221.4797,31.2476,-0.209,-0.2271
1779816506839,2,12.00000018,Upper Delivery,Delivery,pitch.1,335974,-8.1531,-0.324,20.1429,62.2526,14.7593,30.5469,-0.0778,0.327
1779816506839,2,Pitching Mound.Delivery,,Delivery,pitch.1,335178,5.6368,-17.8392,132.6449,-146.9649,236.239,54.3339,-0.1891,0.0938
1779816506839,2,Pitching Mound.Drive,,Delivery,pitch.1,335696,0.0677,0.0279,0.0572,0.0198,-0.0771,0.0162,0.0,0.0
1779816506839,2,Pitching Mound.Parent,,Delivery,pitch.1,334885,5.6982,-17.8137,132.7016,-146.9426,236.162,54.3478,-0.189,0.0938
1779816506840,2,12.00000015,Lower Delivery,Delivery,pitch.1,335419,13.7347,-17.3744,112.6896,-240.8192,221.8932,30.8497,-0.209,-0.2269
1779816506840,2,12.00000018,Upper Delivery,Delivery,pitch.1,335975,-8.1809,-0.378,20.0592,62.2771,14.7556,30.5104,-0.0781,0.327
1779816506840,2,Pitching Mound.Delivery,,Delivery,pitch.1,335179,5.5538,-17.7523,132.7488,-147.0478,236.6489,53.9087,-0.1893,0.0941
1779816506840,2,Pitching Mound.Parent,,Delivery,pitch.1,334886,5.6215,-17.7244,132.806,-147.028,236.5717,53.9249,-0.1892,0.094
1779816506841,2,11.0000004b,Drive,Delivery,pitch.1,335698,0.0618,0.0296,0.0573,0.0205,-0.0768,0.012,0.0,0.0
1779816506841,2,11.0000004b,Drive,Delivery,pitch.1,335697,0.062,0.0271,0.0548,0.0189,-0.0774,0.0136,0.0,0.0
1779816506841,2,12.00000015,Lower Delivery,Delivery,pitch.1,335420,13.6802,-17.196,112.745,-241.0687,221.8133,30.2781,-0.2089,-0.227
1779816506841,2,12.00000018,Upper Delivery,Delivery,pitch.1,335976,-8.1833,-0.4027,19.9842,62.2763,14.6988,30.4715,-0.0781,0.327
1779816506841,2,Pitching Mound.Delivery,,Delivery,pitch.1,335180,5.4968,-17.5988,132.7292,-147.2537,236.5121,53.316,-0.1892,0.094
1779816506841,2,Pitching Mound.Drive,,Delivery,pitch.1,335698,0.0618,0.0296,0.0573,0.0205,-0.0768,0.012,0.0,0.0
1779816506841,2,Pitching Mound.Drive,,Delivery,pitch.1,335697,0.062,0.0271,0.0548,0.0189,-0.0774,0.0136,0.0,0.0
1779816506841,2,Pitching Mound.Parent,,Delivery,pitch.1,334887,5.5589,-17.5716,132.784,-147.2347,236.4347,53.3296,-0.1891,0.094
1779816506842,2,11.0000004b,Drive,Delivery,pitch.1,335699,0.0637,0.0293,0.0559,0.0175,-0.0761,0.0113,0.0,0.0
1779816506842,2,12.00000015,Lower Delivery,Delivery,pitch.1,335421,13.6655,-16.9906,112.8523,-240.8392,221.9972,29.7489,-0.2088,-0.2266
1779816506842,2,12.00000018,Upper Delivery,Delivery,pitch.1,335977,-8.16,-0.4087,19.8567,61.3953,14.4806,30.3784,-0.0774,0.327
1779816506842,2,Pitching Mound.Delivery,,Delivery,pitch.1,335181,5.5055,-17.3993,132.709,-147.8253,236.4778,52.7067,-0.1892,0.0945
1779816506842,2,Pitching Mound.Drive,,Delivery,pitch.1,335699,0.0637,0.0293,0.0559,0.0175,-0.0761,0.0113,0.0,0.0
1779816506842,2,Pitching Mound.Parent,,Delivery,pitch.1,334888,5.5672,-17.3697,132.7663,-147.8048,236.401,52.7188,-0.1891,0.0945
1779816506843,2,11.0000004b,Drive,Delivery,pitch.1,335700,0.0735,0.0231,0.059,0.019,-0.0756,0.0103,0.0,0.0
1779816506843,2,12.00000015,Lower Delivery,Delivery,pitch.1,335422,13.5613,-16.8442,112.562,-240.5375,221.5047,29.2077,-0.2089,-0.2269
1779816506843,2,12.00000018,Upper Delivery,Delivery,pitch.1,335978,-8.1675,-0.4436,19.775,61.3333,14.4885,30.274,-0.0778,0.327
1779816506843,2,Pitching Mound.Delivery,,Delivery,pitch.1,335182,5.3938,-17.2878,132.337,-147.6566,235.9931,52.0939,-0.1893,0.0943
1779816506843,2,Pitching Mound.Drive,,Delivery,pitch.1,335700,0.0735,0.0231,0.059,0.019,-0.0756,0.0103,0.0,0.0
1779816506843,2,Pitching Mound.Parent,,Delivery,pitch.1,334889,5.4574,-17.2585,132.3929,-147.6391,235.9171,52.1053,-0.1892,0.0943
1779816506844,2,11.0000004b,Drive,Delivery,pitch.1,335701,0.0742,0.024,0.0692,0.02,-0.0775,0.0101,0.0,0.0
1779816506844,2,12.00000015,Lower Delivery,Delivery,pitch.1,335423,13.47,-16.6759,112.4745,-240.3226,221.3891,28.6995,-0.209,-0.2268
1779816506844,2,12.00000018,Upper Delivery,Delivery,pitch.1,335979,-8.1509,-0.4687,19.6476,60.8689,14.3834,30.221,-0.0777,0.327
1779816506844,2,Pitching Mound.Delivery,,Delivery,pitch.1,335183,5.3191,-17.1446,132.1222,-147.8926,235.7725,51.5694,-0.1894,0.0944
1779816506844,2,Pitching Mound.Drive,,Delivery,pitch.1,335701,0.0742,0.024,0.0692,0.02,-0.0775,0.0101,0.0,0.0
1779816506844,2,Pitching Mound.Parent,,Delivery,pitch.1,334890,5.3926,-17.1215,132.1812,-147.8736,235.6969,51.5797,-0.1894,0.0944
1779816506845,2,11.0000004b,Drive,Delivery,pitch.1,335702,0.0806,0.0289,0.0635,0.0183,-0.0765,0.0093,0.0,0.0
1779816506845,2,12.00000015,Lower Delivery,Delivery,pitch.1,335424,13.3606,-16.5285,112.5253,-240.5186,221.5054,28.2018,-0.209,-0.2269
1779816506845,2,12.00000018,Upper Delivery,Delivery,pitch.1,335980,-8.1341,-0.5077,19.4312,60.4336,14.2093,30.0909,-0.0776,0.327
1779816506845,2,Pitching Mound.Delivery,,Delivery,pitch.1,335184,5.2265,-17.0362,131.9565,-148.433,235.7147,50.9845,-0.1896,0.0945
1779816506845,2,Pitching Mound.Drive,,Delivery,pitch.1,335702,0.0806,0.0289,0.0635,0.0183,-0.0765,0.0093,0.0,0.0
1779816506845,2,Pitching Mound.Parent,,Delivery,pitch.1,334891,5.3007,-17.0122,132.0257,-148.413,235.6372,50.9946,-0.1895,0.0945
1779816506846,2,11.0000004b,Drive,Delivery,pitch.1,335703,0.0848,0.0257,0.0629,0.0205,-0.077,0.0113,0.0,0.0
1779816506846,2,12.00000015,Lower Delivery,Delivery,pitch.1,335425,13.2718,-16.3705,112.364,-240.0839,221.2015,27.7023,-0.209,-0.2268
1779816506846,2,12.00000018,Upper Delivery,Delivery,pitch.1,335981,-8.0959,-0.5081,19.1482,59.6831,13.9763,30.0176,-0.0775,0.327
1779816506846,2,Pitching Mound.Delivery,,Delivery,pitch.1,335185,5.176,-16.8787,131.5122,-148.7074,235.1778,50.4549,-0.1898,0.0948
1779816506846,2,Pitching Mound.Drive,,Delivery,pitch.1,335703,0.0848,0.0257,0.0629,0.0205,-0.077,0.0113,0.0,0.0
1779816506846,2,Pitching Mound.Parent,,Delivery,pitch.1,334892,5.2565,-16.8497,131.5757,-148.6892,235.1013,50.4642,-0.1898,0.0948
1779816506847,2,11.0000004b,Drive,Delivery,pitch.1,335704,0.0755,0.0244,0.0575,0.018,-0.076,0.0097,0.0,0.0
1779816506847,2,12.00000015,Lower Delivery,Delivery,pitch.1,335426,13.1592,-16.1966,112.445,-239.9512,221.1365,27.203,-0.2088,-0.2265
1779816506847,2,12.00000018,Upper Delivery,Delivery,pitch.1,335982,-8.0537,-0.5113,18.8363,59.5781,13.7692,29.889,-0.0776,0.327
1779816506847,2,Pitching Mound.Delivery,,Delivery,pitch.1,335186,5.1056,-16.7078,131.2813,-148.5462,234.9057,49.8796,-0.19,0.0953
1779816506847,2,Pitching Mound.Drive,,Delivery,pitch.1,335704,0.0755,0.0244,0.0575,0.018,-0.076,0.0097,0.0,0.0
1779816506847,2,Pitching Mound.Parent,,Delivery,pitch.1,334893,5.1903,-16.6822,131.3442,-148.5257,234.8287,49.8909,-0.1899,0.0953
1779816506848,2,11.0000004b,Drive,Delivery,pitch.1,335705,0.0762,0.0276,0.0587,0.0213,-0.0762,0.0121,0.0,0.0
1779816506848,2,12.00000015,Lower Delivery,Delivery,pitch.1,335427,13.056,-16.0327,112.3723,-239.4828,220.7937,26.7047,-0.2086,-0.2262
1779816506848,2,12.00000018,Upper Delivery,Delivery,pitch.1,335983,-7.9601,-0.5381,18.6468,59.5524,13.8821,29.7774,-0.079,0.327
1779816506848,2,Pitching Mound.Delivery,,Delivery,pitch.1,335187,5.0958,-16.5708,131.0191,-148.0638,234.6758,49.3367,-0.1902,0.0957
1779816506848,2,Pitching Mound.Drive,,Delivery,pitch.1,335705,0.0762,0.0276,0.0587,0.0213,-0.0762,0.0121,0.0,0.0
1779816506848,2,Pitching Mound.Parent,,Delivery,pitch.1,334894,5.1714,-16.5464,131.0767,-148.0457,234.5998,49.3464,-0.1901,0.0957
1779816506849,2,11.0000004b,Drive,Delivery,pitch.1,335706,0.0791,0.0226,0.0582,0.0214,-0.0774,0.0127,0.0,0.0
1779816506849,2,12.00000015,Lower Delivery,Delivery,pitch.1,335428,12.9486,-15.8495,112.2845,-239.2004,220.4929,26.2444,-0.2085,-0.2262
1779816506849,2,12.00000018,Upper Delivery,Delivery,pitch.1,335984,-7.8803,-0.5826,18.3096,59.6405,13.7075,29.6327,-0.0795,0.327
1779816506849,2,Pitching Mound.Delivery,,Delivery,pitch.1,335188,5.0683,-16.4321,130.594,-147.6085,234.2005,48.7953,-0.1904,0.0961
1779816506849,2,Pitching Mound.Drive,,Delivery,pitch.1,335706,0.0791,0.0226,0.0582,0.0214,-0.0774,0.0127,0.0,0.0
1779816506849,2,Pitching Mound.Parent,,Delivery,pitch.1,334895,5.1445,-16.4046,130.6527,-147.5872,234.1242,48.8074,-0.1903,0.096
1779816506850,2,11.0000004b,Drive,Delivery,pitch.1,335707,0.073,0.0278,0.0566,0.0229,-0.0763,0.0112,0.0,0.0
1779816506850,2,12.00000015,Lower Delivery,Delivery,pitch.1,335429,12.8649,-15.7011,112.173,-239.3006,219.9408,25.7582,-0.2082,-0.2265
1779816506850,2,12.00000018,Upper Delivery,Delivery,pitch.1,335985,-7.7771,-0.59,18.0355,59.2212,13.533,29.5431,-0.0797,0.327
1779816506850,2,Pitching Mound.Delivery,,Delivery,pitch.1,335189,5.0878,-16.2912,130.2085,-148.0726,233.4738,48.2829,-0.1904,0.096
1779816506850,2,Pitching Mound.Drive,,Delivery,pitch.1,335707,0.073,0.0278,0.0566,0.0229,-0.0763,0.0112,0.0,0.0
1779816506850,2,Pitching Mound.Parent,,Delivery,pitch.1,334896,5.1669,-16.2686,130.2668,-148.0513,233.3964,48.2957,-0.1903,0.096
1779816506851,2,11.0000004b,Drive,Delivery,pitch.1,335708,0.0668,0.027,0.0545,0.0213,-0.076,0.0123,0.0,0.0
1779816506851,2,12.00000015,Lower Delivery,Delivery,pitch.1,335430,12.7563,-15.5568,111.7653,-238.2746,219.0079,25.1197,-0.208,-0.2263
1779816506851,2,12.00000018,Upper Delivery,Delivery,pitch.1,335986,-7.637,-0.5906,17.9067,58.9609,13.5828,29.3725,-0.0805,0.327
1779816506851,2,Pitching Mound.Delivery,,Delivery,pitch.1,335190,5.1193,-16.1474,129.672,-147.4018,232.5907,47.5584,-0.1904,0.0962
1779816506851,2,Pitching Mound.Drive,,Delivery,pitch.1,335708,0.0668,0.027,0.0545,0.0213,-0.076,0.0123,0.0,0.0
1779816506851,2,Pitching Mound.Parent,,Delivery,pitch.1,334897,5.1923,-16.1196,129.7286,-147.3789,232.5145,47.5696,-0.1903,0.0961
1779816506852,2,11.0000004b,Drive,Delivery,pitch.1,335709,0.0647,0.0171,0.0519,0.0212,-0.0774,0.012,0.0,0.0
1779816506852,2,12.00000015,Lower Delivery,Delivery,pitch.1,335431,12.6144,-15.3548,111.8212,-237.6199,218.7411,24.6882,-0.2077,-0.2256
1779816506852,2,12.00000018,Upper Delivery,Delivery,pitch.1,335987,-7.4953,-0.6069,17.6868,58.74,13.5457,29.1388,-0.0813,0.327
1779816506852,2,Pitching Mound.Delivery,,Delivery,pitch.1,335191,5.1191,-15.9617,129.508,-146.8742,232.2867,46.9896,-0.1904,0.097
1779816506852,2,Pitching Mound.Drive,,Delivery,pitch.1,335709,0.0647,0.0171,0.0519,0.0212,-0.0774,0.012,0.0,0.0
1779816506852,2,Pitching Mound.Parent,,Delivery,pitch.1,334898,5.1859,-15.9347,129.5625,-146.8529,232.2107,47.0019,-0.1903,0.097
1779816506853,2,11.0000004b,Drive,Delivery,pitch.1,335710,0.0604,0.0179,0.05,0.022,-0.0788,0.0129,0.0,0.0
1779816506853,2,12.00000015,Lower Delivery,Delivery,pitch.1,335432,12.5073,-15.206,111.6437,-237.1386,218.1258,24.1305,-0.2074,-0.2255
1779816506853,2,12.00000018,Upper Delivery,Delivery,pitch.1,335988,-7.3805,-0.6373,17.5191,58.7864,13.6257,28.9331,-0.0826,0.327
1779816506853,2,Pitching Mound.Delivery,,Delivery,pitch.1,335192,5.1268,-15.8434,129.1627,-146.3498,231.7515,46.3017,-0.1905,0.0972
1779816506853,2,Pitching Mound.Drive,,Delivery,pitch.1,335710,0.0604,0.0179,0.05,0.022,-0.0788,0.0129,0.0,0.0
1779816506853,2,Pitching Mound.Parent,,Delivery,pitch.1,334899,5.1915,-15.8263,129.2147,-146.3287,231.6741,46.3137,-0.1904,0.0972
1779816506854,2,11.0000004b,Drive,Delivery,pitch.1,335711,0.0493,0.0187,0.0464,0.0212,-0.0775,0.0109,0.0,0.0
1779816506854,2,12.00000015,Lower Delivery,Delivery,pitch.1,335433,12.376,-15.0649,111.7134,-236.8849,217.8046,23.5362,-0.207,-0.2251
1779816506854,2,12.00000018,Upper Delivery,Delivery,pitch.1,335989,-7.2535,-0.6655,17.3626,58.3048,13.4374,28.7029,-0.0822,0.327
1779816506854,2,Pitching Mound.Delivery,,Delivery,pitch.1,335193,5.1225,-15.7304,129.076,-146.5008,231.242,45.5651,-0.1902,0.0977
1779816506854,2,Pitching Mound.Drive,,Delivery,pitch.1,335711,0.0493,0.0187,0.0464,0.0212,-0.0775,0.0109,0.0,0.0
1779816506854,2,Pitching Mound.Parent,,Delivery,pitch.1,334900,5.1829,-15.7125,129.126,-146.4789,231.1631,45.578,-0.1901,0.0976
1779816506855,2,11.0000004b,Drive,Delivery,pitch.1,335712,0.0286,0.0148,0.0383,0.0196,-0.0793,0.0073,0.0,0.0
1779816506855,2,12.00000015,Lower Delivery,Delivery,pitch.1,335435,12.0536,-14.7534,111.4899,-235.5094,216.8653,22.3608,-0.2065,-0.2243
1779816506855,2,12.00000015,Lower Delivery,Delivery,pitch.1,335434,12.1929,-14.8954,111.5806,-236.0553,217.2851,22.9432,-0.2067,-0.2246
1779816506855,2,12.00000018,Upper Delivery,Delivery,pitch.1,335990,-7.1404,-0.6824,17.2102,58.0639,13.2455,28.5347,-0.0817,0.327
1779816506855,2,Pitching Mound.Delivery,,Delivery,pitch.1,335194,5.0525,-15.5779,128.7908,-145.9055,230.5307,44.9046,-0.19,0.0983
1779816506855,2,Pitching Mound.Drive,,Delivery,pitch.1,335712,0.0286,0.0148,0.0383,0.0196,-0.0793,0.0073,0.0,0.0
1779816506855,2,Pitching Mound.Parent,,Delivery,pitch.1,334901,5.1018,-15.5592,128.8372,-145.8843,230.4532,44.9155,-0.19,0.0982
1779816506856,2,11.0000004b,Drive,Delivery,pitch.1,335713,0.0316,0.0157,0.0399,0.0216,-0.0797,0.009,0.0,0.0
1779816506856,2,12.00000015,Lower Delivery,Delivery,pitch.1,335436,11.9007,-14.6098,111.5555,-235.2172,216.7278,21.651,-0.2063,-0.2238
1779816506856,2,12.00000018,Upper Delivery,Delivery,pitch.1,335991,-7.0164,-0.7103,17.1154,57.6951,13.2741,28.3655,-0.0823,0.327
1779816506856,2,Pitching Mound.Delivery,,Delivery,pitch.1,335195,5.0372,-15.4637,128.6054,-145.727,230.1394,44.2425,-0.19,0.0986
1779816506856,2,Pitching Mound.Drive,,Delivery,pitch.1,335713,0.0316,0.0157,0.0399,0.0216,-0.0797,0.009,0.0,0.0
1779816506856,2,Pitching Mound.Parent,,Delivery,pitch.1,334902,5.0658,-15.449,128.6437,-145.7075,230.0601,44.2498,-0.1899,0.0986
1779816506857,2,11.0000004b,Drive,Delivery,pitch.1,335714,0.0423,0.0171,0.0457,0.0208,-0.0797,0.0088,0.0,0.0
1779816506857,2,12.00000018,Upper Delivery,Delivery,pitch.1,335992,-6.9105,-0.7588,16.982,57.4276,13.2603,28.1919,-0.0829,0.327
1779816506857,2,Pitching Mound.Delivery,,Delivery,pitch.1,335196,4.9902,-15.3686,128.5374,-145.6347,229.9881,43.4471,-0.19,0.0991
1779816506857,2,Pitching Mound.Drive,,Delivery,pitch.1,335714,0.0423,0.0171,0.0457,0.0208,-0.0797,0.0088,0.0,0.0
1779816506857,2,Pitching Mound.Parent,,Delivery,pitch.1,334903,5.0218,-15.3529,128.5774,-145.613,229.9084,43.4561,-0.1899,0.0991
1779816506858,2,11.0000004b,Drive,Delivery,pitch.1,335715,0.0622,0.0158,0.0537,0.0311,-0.0813,0.0101,0.0,0.0
1779816506858,2,12.00000015,Lower Delivery,Delivery,pitch.1,335437,11.7461,-14.4783,111.3576,-234.0963,216.0847,21.0185,-0.206,-0.2232
1779816506858,2,12.00000015,Lower Delivery,Delivery,pitch.1,335438,11.5948,-14.3332,111.2032,-233.324,215.3692,20.5353,-0.2056,-0.2227
1779816506858,2,12.00000018,Upper Delivery,Delivery,pitch.1,335993,-6.8279,-0.7903,17.019,57.4937,13.321,28.0083,-0.0831,0.327
1779816506858,2,Pitching Mound.Delivery,,Delivery,pitch.1,335197,4.9182,-15.2686,128.3767,-144.5275,229.4057,42.7116,-0.1897,0.0996
1779816506858,2,Pitching Mound.Drive,,Delivery,pitch.1,335715,0.0622,0.0158,0.0537,0.0311,-0.0813,0.0101,0.0,0.0
1779816506858,2,Pitching Mound.Parent,,Delivery,pitch.1,334904,4.9604,-15.2515,128.4224,-144.5067,229.326,42.7204,-0.1896,0.0996
1779816506859,2,12.00000015,Lower Delivery,Delivery,pitch.1,335439,11.3935,-14.158,111.1325,-232.7721,214.8956,19.7385,-0.2053,-0.2224
1779816506859,2,12.00000018,Upper Delivery,Delivery,pitch.1,335994,-6.7428,-0.813,16.9059,56.7937,13.1091,27.8088,-0.0823,0.327
1779816506859,2,Pitching Mound.Delivery,,Delivery,pitch.1,335198,4.852,-15.1463,128.1091,-144.4693,228.4784,42.1093,-0.1893,0.1001
1779816506859,2,Pitching Mound.Parent,,Delivery,pitch.1,334905,4.9141,-15.1305,128.1628,-144.4381,228.397,42.1194,-0.1893,0.1
1779816506860,2,11.0000004b,Drive,Delivery,pitch.1,335716,0.0605,0.0138,0.0532,0.0239,-0.082,0.0087,0.0,0.0
1779816506860,2,11.0000004b,Drive,Delivery,pitch.1,335717,0.0586,0.0168,0.0518,0.0241,-0.0807,0.0099,0.0,0.0
1779816506860,2,12.00000015,Lower Delivery,Delivery,pitch.1,335440,11.275,-14.0446,110.8906,-231.1957,214.0931,19.2682,-0.205,-0.2213
1779816506860,2,12.00000018,Upper Delivery,Delivery,pitch.1,335995,-6.6807,-0.8598,16.7865,56.1564,12.9316,27.6313,-0.0818,0.327
1779816506860,2,Pitching Mound.Delivery,,Delivery,pitch.1,335199,4.7128,-15.0178,127.919,-144.5381,227.8271,41.2245,-0.1891,0.1005
1779816506860,2,Pitching Mound.Drive,,Delivery,pitch.1,335716,0.0605,0.0138,0.0532,0.0239,-0.082,0.0087,0.0,0.0
1779816506860,2,Pitching Mound.Drive,,Delivery,pitch.1,335717,0.0586,0.0168,0.0518,0.0241,-0.0807,0.0099,0.0,0.0
1779816506860,2,Pitching Mound.Parent,,Delivery,pitch.1,334906,4.7733,-15.004,127.9722,-144.5141,227.7452,41.2333,-0.189,0.1005
1779816506861,2,11.0000004b,Drive,Delivery,pitch.1,335718,0.0573,0.0214,0.0523,0.0323,-0.0784,0.0092,0.0,0.0
1779816506861,2,12.00000015,Lower Delivery,Delivery,pitch.1,335441,11.07,-13.9256,110.5103,-230.5618,213.4583,18.4847,-0.2051,-0.2215
1779816506861,2,12.00000018,Upper Delivery,Delivery,pitch.1,335996,-6.613,-0.8767,16.7127,55.9804,12.964,27.4517,-0.0824,0.327
1779816506861,2,Pitching Mound.Delivery,,Delivery,pitch.1,335200,4.662,-14.9213,127.6033,-143.1948,227.0572,40.638,-0.1889,0.1014
1779816506861,2,Pitching Mound.Drive,,Delivery,pitch.1,335718,0.0573,0.0214,0.0523,0.0323,-0.0784,0.0092,0.0,0.0
1779816506861,2,Pitching Mound.Parent,,Delivery,pitch.1,334907,4.7206,-14.9045,127.6552,-143.1707,226.9764,40.6479,-0.1888,0.1014
1779816506862,2,11.0000004b,Drive,Delivery,pitch.1,335719,0.0586,0.0199,0.0538,0.0418,-0.0845,0.0095,0.0,0.0
1779816506862,2,12.00000015,Lower Delivery,Delivery,pitch.1,335442,10.8966,-13.7624,110.3719,-230.6569,213.0799,17.8485,-0.205,-0.2219
1779816506862,2,12.00000018,Upper Delivery,Delivery,pitch.1,335997,-6.5564,-0.9302,16.5914,55.962,12.7024,27.2242,-0.0813,0.327
1779816506862,2,Pitching Mound.Delivery,,Delivery,pitch.1,335201,4.5136,-14.8558,127.1017,-142.6673,226.1606,39.7159,-0.1889,0.1013
1779816506862,2,Pitching Mound.Drive,,Delivery,pitch.1,335719,0.0586,0.0199,0.0538,0.0418,-0.0845,0.0095,0.0,0.0
1779816506862,2,Pitching Mound.Parent,,Delivery,pitch.1,334908,4.5709,-14.8344,127.154,-142.635,226.0823,39.7251,-0.1888,0.1013
1779816506863,2,11.0000004b,Drive,Delivery,pitch.1,335720,0.0535,0.0261,0.0556,0.0214,-0.0792,0.0097,0.0,0.0
1779816506863,2,12.00000015,Lower Delivery,Delivery,pitch.1,335443,10.7194,-13.4689,109.4787,-228.9279,211.2136,17.0027,-0.2048,-0.222
1779816506863,2,12.00000018,Upper Delivery,Delivery,pitch.1,335998,-6.5172,-0.965,16.5259,55.6571,12.4159,26.9742,-0.0798,0.327
1779816506863,2,Pitching Mound.Delivery,,Delivery,pitch.1,335202,4.3795,-14.7274,126.8977,-143.0922,225.4959,38.902,-0.1886,0.1011
1779816506863,2,Pitching Mound.Drive,,Delivery,pitch.1,335720,0.0535,0.0261,0.0556,0.0214,-0.0792,0.0097,0.0,0.0
1779816506863,2,Pitching Mound.Parent,,Delivery,pitch.1,334909,4.4381,-14.7075,126.9516,-143.0504,225.4114,38.9116,-0.1886,0.101
1779816506864,2,11.0000004b,Drive,Delivery,pitch.1,335721,0.066,0.0223,0.0578,0.0203,-0.0772,0.0098,0.0,0.0
1779816506864,2,12.00000015,Lower Delivery,Delivery,pitch.1,335444,10.6144,-13.4066,109.4822,-228.5524,211.3874,16.6003,-0.205,-0.2216
1779816506864,2,12.00000018,Upper Delivery,Delivery,pitch.1,335999,-6.4647,-0.9999,16.4468,55.6615,12.321,26.748,-0.0795,0.327
1779816506864,2,Pitching Mound.Delivery,,Delivery,pitch.1,335203,4.2546,-14.4688,125.9254,-141.6356,223.5346,37.9081,-0.1885,0.1009
1779816506864,2,Pitching Mound.Drive,,Delivery,pitch.1,335721,0.066,0.0223,0.0578,0.0203,-0.0772,0.0098,0.0,0.0
1779816506864,2,Pitching Mound.Parent,,Delivery,pitch.1,334910,4.3081,-14.4427,125.9811,-141.6142,223.4554,37.9178,-0.1884,0.1009
1779816506865,2,11.0000004b,Drive,Delivery,pitch.1,335722,0.0647,0.0249,0.0568,0.0196,-0.0753,0.01,0.0,0.0
1779816506865,2,12.00000015,Lower Delivery,Delivery,pitch.1,335445,10.4037,-13.2376,108.4266,-226.7868,209.9229,15.8829,-0.2055,-0.2221
1779816506865,2,12.00000018,Upper Delivery,Delivery,pitch.1,336000,-6.4223,-1.0177,16.4118,55.1565,12.1171,26.5505,-0.0784,0.327
1779816506865,2,Pitching Mound.Delivery,,Delivery,pitch.1,335204,4.1921,-14.4243,125.894,-141.752,223.5045,37.3583,-0.1885,0.1013
1779816506865,2,Pitching Mound.Drive,,Delivery,pitch.1,335722,0.0647,0.0249,0.0568,0.0196,-0.0753,0.01,0.0,0.0
1779816506865,2,Pitching Mound.Parent,,Delivery,pitch.1,334911,4.2581,-14.402,125.9518,-141.7317,223.4273,37.3681,-0.1884,0.1012
1779816506866,2,11.0000004b,Drive,Delivery,pitch.1,335723,0.0713,0.0189,0.0601,0.0316,-0.0834,0.0109,0.0,0.0
1779816506866,2,12.00000015,Lower Delivery,Delivery,pitch.1,335446,10.1697,-13.1168,108.5082,-227.383,210.1033,15.0286,-0.2056,-0.2225
1779816506866,2,12.00000018,Upper Delivery,Delivery,pitch.1,336001,-6.3805,-1.0356,16.3555,55.1036,12.1004,26.2934,-0.0785,0.327
1779816506866,2,12.00000018,Upper Delivery,Delivery,pitch.1,336002,-6.3597,-1.0534,16.2279,54.3668,12.0042,26.1328,-0.0785,0.327
1779816506866,2,Pitching Mound.Delivery,,Delivery,pitch.1,335205,4.0232,-14.2732,124.7821,-140.379,222.0233,36.4697,-0.1889,0.1008
1779816506866,2,Pitching Mound.Delivery,,Delivery,pitch.1,335206,3.81,-14.1702,124.7361,-141.641,222.1075,35.5414,-0.189,0.1006
1779816506866,2,Pitching Mound.Drive,,Delivery,pitch.1,335723,0.0713,0.0189,0.0601,0.0316,-0.0834,0.0109,0.0,0.0
1779816506866,2,Pitching Mound.Parent,,Delivery,pitch.1,334913,3.8813,-14.1513,124.7961,-141.6094,222.0241,35.5523,-0.1889,0.1005
1779816506866,2,Pitching Mound.Parent,,Delivery,pitch.1,334912,4.088,-14.2483,124.8389,-140.3594,221.9479,36.4798,-0.1888,0.1007
1779816506867,2,12.00000015,Lower Delivery,Delivery,pitch.1,335447,10.0463,-12.9014,108.3577,-226.4028,208.9935,14.3881,-0.2048,-0.2218
1779816506867,2,12.00000018,Upper Delivery,Delivery,pitch.1,336003,-6.3385,-1.072,16.1929,54.4694,11.8559,25.9502,-0.0777,0.327
1779816506867,2,Pitching Mound.Delivery,,Delivery,pitch.1,335207,3.7078,-13.9734,124.5506,-140.5974,220.8493,34.7675,-0.1882,0.1011
1779816506868,2,11.0000004b,Drive,Delivery,pitch.1,335725,0.0501,0.0221,0.0565,0.0319,-0.082,0.0103,0.0,0.0
1779816506868,2,11.0000004b,Drive,Delivery,pitch.1,335724,0.0661,0.0235,0.0622,0.0224,-0.0776,0.0101,0.0,0.0
1779816506868,2,12.00000015,Lower Delivery,Delivery,pitch.1,335448,9.8569,-12.818,108.1648,-224.6113,208.1693,13.8414,-0.2043,-0.2205
1779816506868,2,12.00000018,Upper Delivery,Delivery,pitch.1,336004,-6.2889,-1.0983,16.0944,54.3343,11.8621,25.9051,-0.0782,0.327
1779816506868,2,Pitching Mound.Delivery,,Delivery,pitch.1,335208,3.568,-13.9162,124.2592,-138.9731,220.0315,34.2569,-0.188,0.1024
1779816506868,2,Pitching Mound.Drive,,Delivery,pitch.1,335725,0.0501,0.0221,0.0565,0.0319,-0.082,0.0103,0.0,0.0
1779816506868,2,Pitching Mound.Drive,,Delivery,pitch.1,335724,0.0661,0.0235,0.0622,0.0224,-0.0776,0.0101,0.0,0.0
1779816506868,2,Pitching Mound.Parent,,Delivery,pitch.1,334914,3.7739,-13.9499,124.6128,-140.575,220.7717,34.7776,-0.1882,0.1011
1779816506868,2,Pitching Mound.Parent,,Delivery,pitch.1,334915,3.6181,-13.8941,124.3157,-138.9412,219.9494,34.2672,-0.1879,0.1023
1779816506869,2,11.0000004b,Drive,Delivery,pitch.1,335726,0.0473,0.0213,0.0533,0.0279,-0.0791,0.0089,0.0,0.0
1779816506869,2,12.00000015,Lower Delivery,Delivery,pitch.1,335449,9.614,-12.6897,108.1115,-224.1897,207.1913,13.2061,-0.2035,-0.2201
1779816506869,2,12.00000018,Upper Delivery,Delivery,pitch.1,336005,-6.2703,-1.1174,16.0743,54.2083,11.9069,25.8989,-0.0786,0.327
1779816506869,2,Pitching Mound.Delivery,,Delivery,pitch.1,335209,3.3437,-13.8071,124.1859,-138.6888,219.0981,33.7043,-0.1873,0.1027
1779816506869,2,Pitching Mound.Drive,,Delivery,pitch.1,335726,0.0473,0.0213,0.0533,0.0279,-0.0791,0.0089,0.0,0.0
1779816506869,2,Pitching Mound.Parent,,Delivery,pitch.1,334916,3.391,-13.7859,124.2392,-138.6609,219.0191,33.7132,-0.1872,0.1026
1779816506870,2,11.0000004b,Drive,Delivery,pitch.1,335727,0.0406,0.0252,0.0594,0.0317,-0.0766,0.0119,0.0,0.0
1779816506870,2,12.00000015,Lower Delivery,Delivery,pitch.1,335450,9.3919,-12.4319,107.9072,-222.5857,205.4848,12.3078,-0.2022,-0.219
1779816506870,2,12.00000018,Upper Delivery,Delivery,pitch.1,336006,-6.2618,-1.1271,16.0244,54.482,11.8144,25.9571,-0.0783,0.327
1779816506870,2,Pitching Mound.Delivery,,Delivery,pitch.1,335210,3.13,-13.559,123.9316,-136.8635,217.2992,32.9426,-0.1861,0.1037
1779816506870,2,Pitching Mound.Drive,,Delivery,pitch.1,335727,0.0406,0.0252,0.0594,0.0317,-0.0766,0.0119,0.0,0.0
1779816506870,2,Pitching Mound.Parent,,Delivery,pitch.1,334917,3.1707,-13.5338,123.9909,-136.8318,217.2225,32.9545,-0.1861,0.1036
1779816506871,2,11.0000004b,Drive,Delivery,pitch.1,335728,0.0452,0.023,0.0571,0.0221,-0.077,0.0103,0.0,0.0
1779816506871,2,12.00000015,Lower Delivery,Delivery,pitch.1,335451,9.1626,-12.3054,107.997,-222.4918,205.2432,11.7691,-0.2018,-0.2187
1779816506871,2,12.00000018,Upper Delivery,Delivery,pitch.1,336007,-6.2397,-1.1555,16.012,54.6482,11.9603,26.1108,-0.0793,0.327
1779816506871,2,Pitching Mound.Delivery,,Delivery,pitch.1,335211,2.9229,-13.4609,124.0089,-136.5687,217.2035,32.6431,-0.1859,0.104
1779816506871,2,Pitching Mound.Drive,,Delivery,pitch.1,335728,0.0452,0.023,0.0571,0.0221,-0.077,0.0103,0.0,0.0
1779816506871,2,Pitching Mound.Parent,,Delivery,pitch.1,334918,2.9681,-13.4379,124.066,-136.5465,217.1265,32.6534,-0.1859,0.1039
1779816506872,2,11.0000004b,Drive,Delivery,pitch.1,335729,0.0394,0.0189,0.0608,0.0207,-0.0782,0.0104,0.0,0.0
1779816506872,2,12.00000015,Lower Delivery,Delivery,pitch.1,335452,8.9456,-12.0815,107.6982,-221.4959,203.6503,11.0071,-0.2007,-0.2183
1779816506872,2,12.00000018,Upper Delivery,Delivery,pitch.1,336008,-6.2319,-1.1522,15.9676,54.6382,11.956,26.3047,-0.0795,0.327
1779816506872,2,Pitching Mound.Delivery,,Delivery,pitch.1,335212,2.7137,-13.2337,123.6658,-135.6693,215.6062,32.1514,-0.1851,0.1043
1779816506872,2,Pitching Mound.Drive,,Delivery,pitch.1,335729,0.0394,0.0189,0.0608,0.0207,-0.0782,0.0104,0.0,0.0
1779816506872,2,Pitching Mound.Parent,,Delivery,pitch.1,334919,2.7531,-13.2148,123.7267,-135.6486,215.528,32.1618,-0.185,0.1042
1779816506873,2,11.0000004b,Drive,Delivery,pitch.1,335730,0.0394,0.0191,0.057,0.0204,-0.078,0.0101,0.0,0.0
1779816506873,2,12.00000015,Lower Delivery,Delivery,pitch.1,335453,8.7446,-11.8884,107.4628,-220.7824,202.8656,10.3047,-0.2004,-0.2181
1779816506873,2,12.00000018,Upper Delivery,Delivery,pitch.1,336009,-6.2437,-1.1588,15.9869,55.0892,12.2008,26.5774,-0.081,0.327
1779816506873,2,Pitching Mound.Delivery,,Delivery,pitch.1,335213,2.5009,-13.0472,123.4498,-134.5914,215.0664,31.7861,-0.1849,0.1044
1779816506873,2,Pitching Mound.Drive,,Delivery,pitch.1,335730,0.0394,0.0191,0.057,0.0204,-0.078,0.0101,0.0,0.0
1779816506873,2,Pitching Mound.Parent,,Delivery,pitch.1,334920,2.5403,-13.0281,123.5068,-134.571,214.9884,31.7962,-0.1849,0.1044
1779816506874,2,11.0000004b,Drive,Delivery,pitch.1,335731,0.0324,0.0202,0.0594,0.0219,-0.0797,0.0093,0.0,0.0
1779816506874,2,12.00000015,Lower Delivery,Delivery,pitch.1,335454,8.5094,-11.7021,107.0087,-217.4065,200.5715,9.8453,-0.199,-0.2157
1779816506874,2,12.00000018,Upper Delivery,Delivery,pitch.1,336010,-6.2834,-1.1771,16.0017,55.1761,12.0741,26.8543,-0.0801,0.327
1779816506874,2,Pitching Mound.Delivery,,Delivery,pitch.1,335214,2.226,-12.8792,123.0104,-131.288,212.6456,31.6701,-0.1835,0.1065
1779816506874,2,Pitching Mound.Drive,,Delivery,pitch.1,335731,0.0324,0.0202,0.0594,0.0219,-0.0797,0.0093,0.0,0.0
1779816506874,2,Pitching Mound.Parent,,Delivery,pitch.1,334921,2.2584,-12.859,123.0698,-131.2662,212.5659,31.6794,-0.1834,0.1064
1779816506875,2,11.0000004b,Drive,Delivery,pitch.1,335732,0.0254,0.0198,0.0583,0.0195,-0.0795,0.0069,0.0,0.0
1779816506875,2,12.00000015,Lower Delivery,Delivery,pitch.1,335455,8.2904,-11.555,106.2966,-214.8793,197.9006,9.1616,-0.1977,-0.2146
1779816506875,2,Pitching Mound.Drive,,Delivery,pitch.1,335732,0.0254,0.0198,0.0583,0.0195,-0.0795,0.0069,0.0,0.0
1779816506876,2,11.0000004b,Drive,Delivery,pitch.1,335733,0.0266,0.0234,0.0508,0.0184,-0.0798,0.0097,0.0,0.0
1779816506876,2,12.00000015,Lower Delivery,Delivery,pitch.1,335456,8.0845,-11.377,106.4944,-216.3987,198.4384,8.5647,-0.1978,-0.2157
1779816506876,2,12.00000018,Upper Delivery,Delivery,pitch.1,336011,-6.334,-1.172,16.1834,55.6056,12.3538,27.2478,-0.081,0.327
1779816506876,2,Pitching Mound.Delivery,,Delivery,pitch.1,335215,1.9563,-12.7271,122.48,-128.6352,210.2543,31.4371,-0.1822,0.1071
1779816506876,2,Pitching Mound.Drive,,Delivery,pitch.1,335733,0.0266,0.0234,0.0508,0.0184,-0.0798,0.0097,0.0,0.0
1779816506876,2,Pitching Mound.Parent,,Delivery,pitch.1,334922,1.9817,-12.7072,122.5383,-128.6157,210.1748,31.444,-0.1822,0.1071
1779816506877,2,11.0000004b,Drive,Delivery,pitch.1,335734,0.0177,0.0256,0.0483,0.0177,-0.0782,0.0092,0.0,0.0
1779816506877,2,12.00000015,Lower Delivery,Delivery,pitch.1,335457,7.8316,-11.1999,106.0657,-214.372,196.7391,7.99,-0.1969,-0.2146
1779816506877,2,12.00000018,Upper Delivery,Delivery,pitch.1,336012,-6.4307,-1.1837,16.2843,55.835,12.4399,27.6046,-0.0811,0.327
1779816506877,2,Pitching Mound.Delivery,,Delivery,pitch.1,335216,1.6538,-12.5607,122.7787,-129.8922,210.8784,31.2341,-0.1823,0.1061
1779816506877,2,Pitching Mound.Drive,,Delivery,pitch.1,335734,0.0177,0.0256,0.0483,0.0177,-0.0782,0.0092,0.0,0.0
1779816506877,2,Pitching Mound.Parent,,Delivery,pitch.1,334923,1.6804,-12.5373,122.8295,-129.8739,210.7985,31.2439,-0.1823,0.106
1779816506878,2,11.0000004b,Drive,Delivery,pitch.1,335735,0.0278,0.0219,0.0419,0.0165,-0.0766,0.0128,0.0,0.0
1779816506878,2,12.00000015,Lower Delivery,Delivery,pitch.1,335458,7.6469,-11.0734,105.8217,-213.2739,195.6929,7.4805,-0.1963,-0.214
1779816506878,2,12.00000018,Upper Delivery,Delivery,pitch.1,336013,-6.5402,-1.1763,16.4059,56.2078,12.4019,27.95,-0.0803,0.327
1779816506878,2,Pitching Mound.Delivery,,Delivery,pitch.1,335217,1.2914,-12.3762,122.4716,-127.6799,209.141,31.0536,-0.1813,0.1069
1779816506878,2,Pitching Mound.Drive,,Delivery,pitch.1,335735,0.0278,0.0219,0.0419,0.0165,-0.0766,0.0128,0.0,0.0
1779816506878,2,Pitching Mound.Parent,,Delivery,pitch.1,334924,1.3091,-12.3506,122.5198,-127.6622,209.0628,31.0627,-0.1812,0.1068
1779816506879,2,11.0000004b,Drive,Delivery,pitch.1,335736,0.0323,0.0162,0.043,0.0164,-0.0778,0.012,0.0,0.0
1779816506879,2,12.00000015,Lower Delivery,Delivery,pitch.1,335459,7.4525,-10.9872,105.2397,-210.7427,193.3486,6.8145,-0.195,-0.2126
1779816506879,2,12.00000018,Upper Delivery,Delivery,pitch.1,336014,-6.6631,-1.1673,16.5845,56.8498,12.6069,28.3599,-0.0807,0.327
1779816506879,2,12.00000018,Upper Delivery,Delivery,pitch.1,336015,-6.807,-1.1533,16.6458,57.312,12.7191,28.6865,-0.0811,0.327
1779816506879,2,Pitching Mound.Delivery,,Delivery,pitch.1,335218,0.9837,-12.2407,122.4062,-126.0835,208.2998,30.975,-0.1807,0.1072
1779816506879,2,Pitching Mound.Delivery,,Delivery,pitch.1,335219,0.6455,-12.1405,121.8855,-123.3087,206.0676,30.6527,-0.1795,0.1082
1779816506879,2,Pitching Mound.Drive,,Delivery,pitch.1,335736,0.0323,0.0162,0.043,0.0164,-0.0778,0.012,0.0,0.0
1779816506879,2,Pitching Mound.Parent,,Delivery,pitch.1,334925,1.0116,-12.2188,122.4482,-126.0669,208.2232,30.9878,-0.1806,0.1072
1779816506879,2,Pitching Mound.Parent,,Delivery,pitch.1,334926,0.6777,-12.1243,121.9285,-123.2923,205.9898,30.6647,-0.1794,0.1082
1779816506880,2,11.0000004b,Drive,Delivery,pitch.1,335737,0.0357,0.0128,0.0507,0.0172,-0.0802,0.0143,0.0,0.0
1779816506880,2,12.00000015,Lower Delivery,Delivery,pitch.1,335460,7.2683,-10.8902,104.7821,-208.3731,191.9812,6.3018,-0.1945,-0.2111
1779816506880,2,12.00000018,Upper Delivery,Delivery,pitch.1,336016,-6.9714,-1.1376,16.7677,58.1128,12.8648,29.0167,-0.0815,0.327
1779816506880,2,Pitching Mound.Delivery,,Delivery,pitch.1,335220,0.2968,-12.0278,121.5498,-120.3354,204.846,30.477,-0.1789,0.1093
1779816506880,2,Pitching Mound.Drive,,Delivery,pitch.1,335737,0.0357,0.0128,0.0507,0.0172,-0.0802,0.0143,0.0,0.0
1779816506880,2,Pitching Mound.Parent,,Delivery,pitch.1,334927,0.3325,-12.0151,121.6005,-120.3182,204.7658,30.4913,-0.1788,0.1093
1779816506881,2,11.0000004b,Drive,Delivery,pitch.1,335738,0.0395,0.0145,0.0451,0.0166,-0.081,0.0152,0.0,0.0
1779816506881,2,12.00000015,Lower Delivery,Delivery,pitch.1,335461,7.1178,-10.8047,104.2478,-207.4332,191.3893,5.8617,-0.1949,-0.2112
1779816506881,2,12.00000018,Upper Delivery,Delivery,pitch.1,336017,-7.1209,-1.1136,16.85,58.6796,12.9441,29.2122,-0.0816,0.327
1779816506881,2,Pitching Mound.Delivery,,Delivery,pitch.1,335221,-0.0031,-11.9183,121.0978,-119.0383,204.3334,30.2327,-0.1791,0.109
1779816506881,2,Pitching Mound.Drive,,Delivery,pitch.1,335738,0.0395,0.0145,0.0451,0.0166,-0.081,0.0152,0.0,0.0
1779816506881,2,Pitching Mound.Parent,,Delivery,pitch.1,334928,0.0364,-11.9038,121.1429,-119.0217,204.2523,30.2479,-0.1791,0.109
1779816506882,2,11.0000004b,Drive,Delivery,pitch.1,335739,0.0391,0.0172,0.0445,0.0156,-0.0791,0.0155,0.0,0.0
1779816506882,2,12.00000015,Lower Delivery,Delivery,pitch.1,335462,6.9292,-10.7595,102.6908,-203.3936,189.0904,5.2439,-0.1955,-0.2103
1779816506882,2,Pitching Mound.Drive,,Delivery,pitch.1,335739,0.0391,0.0172,0.0445,0.0156,-0.0791,0.0155,0.0,0.0
1779816506883,2,11.0000004b,Drive,Delivery,pitch.1,335740,0.0349,0.0199,0.0429,0.0178,-0.0773,0.0162,0.0,0.0
1779816506883,2,12.00000015,Lower Delivery,Delivery,pitch.1,335463,6.7834,-10.6774,102.7021,-203.7329,188.5056,4.7717,-0.1949,-0.2106
1779816506883,2,12.00000018,Upper Delivery,Delivery,pitch.1,336018,-7.2734,-1.0836,16.846,58.9405,12.8274,29.3062,-0.0808,0.327
1779816506883,2,Pitching Mound.Delivery,,Delivery,pitch.1,335222,-0.3441,-11.8431,119.5367,-115.2659,201.9178,29.7212,-0.1793,0.1096
1779816506883,2,Pitching Mound.Drive,,Delivery,pitch.1,335740,0.0349,0.0199,0.0429,0.0178,-0.0773,0.0162,0.0,0.0
1779816506883,2,Pitching Mound.Parent,,Delivery,pitch.1,334929,-0.3051,-11.8258,119.5812,-115.2502,201.8388,29.7367,-0.1793,0.1096
1779816506884,2,11.0000004b,Drive,Delivery,pitch.1,335741,0.0391,0.0216,0.0443,0.0202,-0.0779,0.0175,0.0,0.0
1779816506884,2,12.00000015,Lower Delivery,Delivery,pitch.1,335464,6.5527,-10.6286,101.5697,-201.762,186.6174,4.2182,-0.1951,-0.2109
1779816506884,2,12.00000018,Upper Delivery,Delivery,pitch.1,336019,-7.3963,-1.0587,16.9296,59.5655,12.9694,29.3932,-0.0813,0.327
1779816506884,2,12.00000018,Upper Delivery,Delivery,pitch.1,336020,-7.4795,-1.0232,16.9826,59.7117,12.9131,29.3983,-0.0807,0.327
1779816506884,2,Pitching Mound.Delivery,,Delivery,pitch.1,335224,-0.9268,-11.6517,118.5522,-113.2907,199.5306,28.8456,-0.1787,0.1088
1779816506884,2,Pitching Mound.Delivery,,Delivery,pitch.1,335223,-0.613,-11.7361,119.6317,-115.0047,201.475,29.3438,-0.1788,0.1093
1779816506884,2,Pitching Mound.Drive,,Delivery,pitch.1,335741,0.0391,0.0216,0.0443,0.0202,-0.0779,0.0175,0.0,0.0
1779816506884,2,Pitching Mound.Parent,,Delivery,pitch.1,334930,-0.5781,-11.7162,119.6746,-114.9869,201.3978,29.36,-0.1787,0.1092
1779816506884,2,Pitching Mound.Parent,,Delivery,pitch.1,334931,-0.8877,-11.6301,118.5965,-113.2706,199.4527,28.8631,-0.1786,0.1087
1779816506885,2,11.0000004b,Drive,Delivery,pitch.1,335742,0.05,0.0195,0.0485,0.0196,-0.0757,0.0177,0.0,0.0
1779816506885,2,12.00000015,Lower Delivery,Delivery,pitch.1,335465,6.3845,-10.5467,101.0761,-201.2321,186.0578,3.6825,-0.1954,-0.2114
1779816506885,2,Pitching Mound.Drive,,Delivery,pitch.1,335742,0.05,0.0195,0.0485,0.0196,-0.0757,0.0177,0.0,0.0
1779816506886,2,11.0000004b,Drive,Delivery,pitch.1,335743,0.0401,0.0179,0.045,0.0179,-0.0773,0.0141,0.0,0.0
1779816506886,2,12.00000015,Lower Delivery,Delivery,pitch.1,335466,6.2436,-10.4241,100.5769,-200.062,185.3754,3.2627,-0.1957,-0.2112
1779816506886,2,12.00000018,Upper Delivery,Delivery,pitch.1,336021,-7.5691,-1.0033,17.1588,59.6741,13.0324,29.3337,-0.0806,0.327
1779816506886,2,Pitching Mound.Delivery,,Delivery,pitch.1,335225,-1.1845,-11.5499,118.2349,-113.0261,199.0903,28.2721,-0.1788,0.1081
1779816506886,2,Pitching Mound.Drive,,Delivery,pitch.1,335743,0.0401,0.0179,0.045,0.0179,-0.0773,0.0141,0.0,0.0
1779816506886,2,Pitching Mound.Parent,,Delivery,pitch.1,334932,-1.1346,-11.5305,118.2834,-113.0065,199.0145,28.2898,-0.1787,0.108
1779816506887,2,11.0000004b,Drive,Delivery,pitch.1,335744,0.039,0.0214,0.0454,0.019,-0.0766,0.0139,0.0,0.0
1779816506887,2,12.00000015,Lower Delivery,Delivery,pitch.1,335467,6.1421,-10.3497,100.3323,-199.3184,184.9686,2.9695,-0.1957,-0.2109
1779816506887,2,12.00000018,Upper Delivery,Delivery,pitch.1,336022,-7.641,-0.9642,17.4976,59.7756,13.0085,29.2638,-0.0789,0.327
1779816506887,2,12.00000018,Upper Delivery,Delivery,pitch.1,336023,-7.6838,-0.9315,17.91,60.4473,13.3252,29.1708,-0.079,0.327
1779816506887,2,Pitching Mound.Delivery,,Delivery,pitch.1,335226,-1.3974,-11.3883,118.0745,-112.0394,198.3839,27.8057,-0.1784,0.1078
1779816506887,2,Pitching Mound.Delivery,,Delivery,pitch.1,335227,-1.5417,-11.2812,118.2424,-110.8475,198.2938,27.4396,-0.178,0.1076
1779816506887,2,Pitching Mound.Drive,,Delivery,pitch.1,335744,0.039,0.0214,0.0454,0.019,-0.0766,0.0139,0.0,0.0
1779816506887,2,Pitching Mound.Parent,,Delivery,pitch.1,334933,-1.3573,-11.3704,118.1195,-112.0214,198.3066,27.8198,-0.1783,0.1078
1779816506887,2,Pitching Mound.Parent,,Delivery,pitch.1,334934,-1.5026,-11.2598,118.2878,-110.8286,198.2172,27.4535,-0.178,0.1075
1779816506888,2,11.0000004b,Drive,Delivery,pitch.1,335745,0.0337,0.0128,0.0428,0.0204,-0.0766,0.0123,0.0,0.0
1779816506888,2,12.00000015,Lower Delivery,Delivery,pitch.1,335468,5.96,-10.1792,99.0415,-197.2335,182.4542,2.3907,-0.1956,-0.2114
1779816506888,2,Pitching Mound.Drive,,Delivery,pitch.1,335745,0.0337,0.0128,0.0428,0.0204,-0.0766,0.0123,0.0,0.0
1779816506889,2,11.0000004b,Drive,Delivery,pitch.1,335746,0.0278,0.0177,0.0391,0.0218,-0.0752,0.0119,0.0,0.0
1779816506889,2,12.00000015,Lower Delivery,Delivery,pitch.1,335469,5.8494,-10.0914,98.4663,-196.6305,181.6652,2.2177,-0.1959,-0.212
1779816506889,2,12.00000018,Upper Delivery,Delivery,pitch.1,336024,-7.6817,-0.9175,18.2841,61.2912,13.6981,29.0452,-0.0795,0.327
1779816506889,2,12.00000018,Upper Delivery,Delivery,pitch.1,336025,-7.6691,-0.9287,18.7703,62.4192,14.0739,28.952,-0.0796,0.327
1779816506889,2,Pitching Mound.Delivery,,Delivery,pitch.1,335228,-1.7216,-11.0966,117.3256,-108.4848,196.1523,26.7978,-0.1775,0.1065
1779816506889,2,Pitching Mound.Delivery,,Delivery,pitch.1,335229,-1.8196,-11.0201,117.2366,-107.1146,195.7392,26.5734,-0.1772,0.1054
1779816506889,2,Pitching Mound.Drive,,Delivery,pitch.1,335746,0.0278,0.0177,0.0391,0.0218,-0.0752,0.0119,0.0,0.0
1779816506889,2,Pitching Mound.Parent,,Delivery,pitch.1,334935,-1.688,-11.0839,117.3683,-108.4643,196.0757,26.8101,-0.1774,0.1065
1779816506889,2,Pitching Mound.Parent,,Delivery,pitch.1,334936,-1.7918,-11.0025,117.2757,-107.0928,195.6639,26.5853,-0.1772,0.1054
1779816506890,2,11.0000004b,Drive,Delivery,pitch.1,335747,0.0255,0.0212,0.038,0.0217,-0.074,0.0129,0.0,0.0
1779816506890,2,12.00000015,Lower Delivery,Delivery,pitch.1,335470,5.7612,-9.9536,97.3131,-195.2017,180.1623,1.9447,-0.1965,-0.213
1779816506890,2,12.00000018,Upper Delivery,Delivery,pitch.1,336026,-7.6099,-0.8927,19.2463,63.5301,14.6495,28.9001,-0.0808,0.327
1779816506890,2,Pitching Mound.Delivery,,Delivery,pitch.1,335230,-1.8487,-10.8463,116.5594,-105.1289,194.8118,26.2987,-0.1774,0.1039
1779816506890,2,Pitching Mound.Drive,,Delivery,pitch.1,335747,0.0255,0.0212,0.038,0.0217,-0.074,0.0129,0.0,0.0
1779816506890,2,Pitching Mound.Parent,,Delivery,pitch.1,334937,-1.8232,-10.8251,116.5974,-105.1072,194.7378,26.3116,-0.1774,0.1039
1779816506891,2,11.0000004b,Drive,Delivery,pitch.1,335748,0.0271,0.0223,0.0397,0.0221,-0.0714,0.0138,0.0,0.0
1779816506891,2,12.00000015,Lower Delivery,Delivery,pitch.1,335471,5.7214,-9.8843,96.387,-194.5827,179.905,1.9078,-0.1982,-0.2143
1779816506891,2,12.00000018,Upper Delivery,Delivery,pitch.1,336027,-7.5928,-0.8911,19.5083,63.991,14.6838,28.8414,-0.0799,0.327
1779816506891,2,Pitching Mound.Delivery,,Delivery,pitch.1,335231,-1.8714,-10.7755,115.8953,-104.453,194.5888,26.2223,-0.1782,0.1023
1779816506891,2,Pitching Mound.Drive,,Delivery,pitch.1,335748,0.0271,0.0223,0.0397,0.0221,-0.0714,0.0138,0.0,0.0
1779816506891,2,Pitching Mound.Parent,,Delivery,pitch.1,334938,-1.8443,-10.7532,115.935,-104.4309,194.5174,26.2361,-0.1782,0.1023
1779816506892,2,11.0000004b,Drive,Delivery,pitch.1,335749,0.0218,0.0239,0.0368,0.0232,-0.0717,0.0098,0.0,0.0
1779816506892,2,12.00000015,Lower Delivery,Delivery,pitch.1,335472,5.6846,-9.7657,95.3516,-192.8265,178.8728,1.7468,-0.1992,-0.2147
1779816506892,2,12.00000018,Upper Delivery,Delivery,pitch.1,336028,-7.525,-0.867,19.9488,64.6647,15.1765,28.8865,-0.0808,0.327
1779816506892,2,Pitching Mound.Delivery,,Delivery,pitch.1,335232,-1.8404,-10.6327,115.3004,-102.5249,194.0494,26.142,-0.1787,0.1014
1779816506892,2,Pitching Mound.Drive,,Delivery,pitch.1,335749,0.0218,0.0239,0.0368,0.0232,-0.0717,0.0098,0.0,0.0
1779816506892,2,Pitching Mound.Parent,,Delivery,pitch.1,334939,-1.8186,-10.6088,115.3372,-102.5017,193.9777,26.1518,-0.1786,0.1014
1779816506893,2,11.0000004b,Drive,Delivery,pitch.1,335750,0.0253,0.0236,0.0381,0.0258,-0.0713,0.0117,0.0,0.0
1779816506893,2,12.00000015,Lower Delivery,Delivery,pitch.1,335473,5.662,-9.4552,95.6506,-193.5003,178.3067,1.4075,-0.1979,-0.2148
1779816506893,2,12.00000018,Upper Delivery,Delivery,pitch.1,336029,-7.4754,-0.8293,20.2839,65.1502,15.2133,28.8688,-0.0796,0.327
1779816506893,2,Pitching Mound.Delivery,,Delivery,pitch.1,335233,-1.8134,-10.2846,115.9345,-102.7254,193.52,25.8096,-0.1772,0.1011
1779816506893,2,Pitching Mound.Drive,,Delivery,pitch.1,335750,0.0253,0.0236,0.0381,0.0258,-0.0713,0.0117,0.0,0.0
1779816506893,2,Pitching Mound.Parent,,Delivery,pitch.1,334940,-1.7881,-10.2609,115.9726,-102.6996,193.4487,25.8213,-0.1772,0.101
1779816506894,2,11.0000004b,Drive,Delivery,pitch.1,335751,0.0289,0.0246,0.0404,0.0249,-0.0735,0.0129,0.0,0.0
1779816506894,2,12.00000015,Lower Delivery,Delivery,pitch.1,335474,5.6574,-9.3038,94.445,-192.6731,176.9002,1.2274,-0.1988,-0.2166
1779816506894,2,12.00000018,Upper Delivery,Delivery,pitch.1,336030,-7.4519,-0.7938,20.5903,65.5467,15.3581,28.9335,-0.0792,0.327
1779816506894,2,Pitching Mound.Delivery,,Delivery,pitch.1,335234,-1.7944,-10.0976,115.0353,-102.0158,192.2583,25.7038,-0.1774,0.099
1779816506894,2,Pitching Mound.Drive,,Delivery,pitch.1,335751,0.0289,0.0246,0.0404,0.0249,-0.0735,0.0129,0.0,0.0
1779816506894,2,Pitching Mound.Parent,,Delivery,pitch.1,334941,-1.7656,-10.073,115.0757,-101.991,192.1848,25.7167,-0.1774,0.099
1779816506895,2,11.0000004b,Drive,Delivery,pitch.1,335752,0.0159,0.0207,0.0345,0.0224,-0.0723,0.0104,0.0,0.0
1779816506895,2,12.00000015,Lower Delivery,Delivery,pitch.1,335475,5.697,-8.995,94.5435,-193.3727,176.8312,0.9125,-0.1986,-0.2171
1779816506895,2,12.00000018,Upper Delivery,Delivery,pitch.1,336031,-7.4251,-0.7567,20.8085,66.0092,15.5315,28.9803,-0.0792,0.327
1779816506895,2,Pitching Mound.Delivery,,Delivery,pitch.1,335235,-1.7281,-9.7517,115.352,-102.2935,192.3627,25.4313,-0.177,0.0984
1779816506895,2,Pitching Mound.Drive,,Delivery,pitch.1,335752,0.0159,0.0207,0.0345,0.0224,-0.0723,0.0104,0.0,0.0
1779816506895,2,Pitching Mound.Parent,,Delivery,pitch.1,334942,-1.7122,-9.7311,115.3865,-102.2711,192.2904,25.4417,-0.177,0.0983
1779816506896,2,11.0000004b,Drive,Delivery,pitch.1,335753,0.0152,0.0239,0.0366,0.024,-0.0751,0.012,0.0,0.0
1779816506896,2,12.00000015,Lower Delivery,Delivery,pitch.1,335476,5.7347,-8.8151,93.7935,-192.7961,176.1224,0.7224,-0.1993,-0.2182
1779816506896,2,12.00000018,Upper Delivery,Delivery,pitch.1,336032,-7.409,-0.7147,20.9803,66.4273,15.666,29.073,-0.0793,0.327
1779816506896,2,Pitching Mound.Delivery,,Delivery,pitch.1,335236,-1.6743,-9.5298,114.7738,-101.6123,191.7884,25.3265,-0.1774,0.0971
1779816506896,2,Pitching Mound.Drive,,Delivery,pitch.1,335753,0.0152,0.0239,0.0366,0.024,-0.0751,0.012,0.0,0.0
1779816506896,2,Pitching Mound.Parent,,Delivery,pitch.1,334943,-1.6591,-9.5059,114.8104,-101.5882,191.7133,25.3386,-0.1773,0.0971
1779816506897,2,11.0000004b,Drive,Delivery,pitch.1,335754,0.0221,0.0241,0.0461,0.0247,-0.0751,0.0123,0.0,0.0
1779816506897,2,12.00000015,Lower Delivery,Delivery,pitch.1,335477,5.799,-8.6211,92.9007,-192.6202,175.3059,0.4986,-0.2003,-0.2201
1779816506897,2,12.00000018,Upper Delivery,Delivery,pitch.1,336033,-7.4272,-0.6911,20.9792,66.3828,15.6402,29.1676,-0.0791,0.327
1779816506897,2,Pitching Mound.Delivery,,Delivery,pitch.1,335237,-1.6282,-9.3122,113.8799,-101.784,190.9462,25.1693,-0.178,0.0954
1779816506897,2,Pitching Mound.Drive,,Delivery,pitch.1,335754,0.0221,0.0241,0.0461,0.0247,-0.0751,0.0123,0.0,0.0
1779816506897,2,Pitching Mound.Parent,,Delivery,pitch.1,334944,-1.6061,-9.2881,113.926,-101.7593,190.871,25.1816,-0.1779,0.0954
1779816506898,2,11.0000004b,Drive,Delivery,pitch.1,335755,0.0235,0.0269,0.0431,0.0212,-0.0733,0.0115,0.0,0.0
1779816506898,2,12.00000015,Lower Delivery,Delivery,pitch.1,335478,5.855,-8.5066,91.6193,-192.0337,174.0159,0.3051,-0.2016,-0.2225
1779816506898,2,12.00000018,Upper Delivery,Delivery,pitch.1,336034,-7.4515,-0.6685,21.0585,66.5667,15.7174,29.2684,-0.0792,0.327
1779816506898,2,Pitching Mound.Delivery,,Delivery,pitch.1,335238,-1.5965,-9.1751,112.6778,-101.4764,189.7334,25.0493,-0.1788,0.0931
1779816506898,2,Pitching Mound.Drive,,Delivery,pitch.1,335755,0.0235,0.0269,0.0431,0.0212,-0.0733,0.0115,0.0,0.0
1779816506898,2,Pitching Mound.Parent,,Delivery,pitch.1,334945,-1.573,-9.1483,112.721,-101.4551,189.66,25.0608,-0.1787,0.0931
1779816506899,2,11.0000004b,Drive,Delivery,pitch.1,335756,0.0345,0.0244,0.0453,0.0199,-0.074,0.0118,0.0,0.0
1779816506899,2,12.00000015,Lower Delivery,Delivery,pitch.1,335479,5.9056,-8.3568,90.7873,-191.2044,173.3811,0.1062,-0.2027,-0.2236
1779816506899,2,12.00000018,Upper Delivery,Delivery,pitch.1,336035,-7.4974,-0.6445,21.0612,66.5417,15.7306,29.4161,-0.0793,0.327
1779816506899,2,Pitching Mound.Delivery,,Delivery,pitch.1,335239,-1.5918,-9.0013,111.8486,-100.9558,189.1118,24.9653,-0.1795,0.092
1779816506899,2,Pitching Mound.Drive,,Delivery,pitch.1,335756,0.0345,0.0244,0.0453,0.0199,-0.074,0.0118,0.0,0.0
1779816506899,2,Pitching Mound.Parent,,Delivery,pitch.1,334946,-1.5573,-8.9769,111.8939,-100.9358,189.0378,24.9772,-0.1794,0.092
1779816506900,2,11.0000004b,Drive,Delivery,pitch.1,335757,0.0326,0.0239,0.0545,0.0204,-0.0761,0.0102,0.0,0.0
1779816506900,2,12.00000015,Lower Delivery,Delivery,pitch.1,335480,5.9603,-8.1835,89.5546,-190.4428,172.2862,-0.2195,-0.2042,-0.2258
1779816506900,2,12.00000018,Upper Delivery,Delivery,pitch.1,336036,-7.5757,-0.652,21.0301,66.6707,15.7984,29.5859,-0.0798,0.327
1779816506900,2,Pitching Mound.Delivery,,Delivery,pitch.1,335240,-1.6155,-8.8355,110.5847,-100.4737,188.0846,24.7642,-0.1806,0.09
1779816506900,2,Pitching Mound.Drive,,Delivery,pitch.1,335757,0.0326,0.0239,0.0545,0.0204,-0.0761,0.0102,0.0,0.0
1779816506900,2,Pitching Mound.Parent,,Delivery,pitch.1,334947,-1.5829,-8.8116,110.6392,-100.4533,188.0085,24.7744,-0.1805,0.09
1779816506901,2,11.0000004b,Drive,Delivery,pitch.1,335758,0.0441,0.0145,0.0644,0.0172,-0.0773,0.0106,0.0,0.0
1779816506901,2,12.00000015,Lower Delivery,Delivery,pitch.1,335481,5.9482,-8.017,88.952,-190.4485,171.3409,-0.5149,-0.2045,-0.2273
1779816506901,2,12.00000018,Upper Delivery,Delivery,pitch.1,336037,-7.655,-0.6498,21.0468,66.8637,15.81,29.6926,-0.0797,0.327
1779816506901,2,Pitching Mound.Delivery,,Delivery,pitch.1,335241,-1.7068,-8.6668,109.9988,-100.4971,187.1509,24.5526,-0.1806,0.0887
1779816506901,2,Pitching Mound.Drive,,Delivery,pitch.1,335758,0.0441,0.0145,0.0644,0.0172,-0.0773,0.0106,0.0,0.0
1779816506901,2,Pitching Mound.Parent,,Delivery,pitch.1,334948,-1.6626,-8.6523,110.0632,-100.4799,187.0736,24.5632,-0.1805,0.0886
1779816506902,2,11.0000004b,Drive,Delivery,pitch.1,335759,0.0576,0.0148,0.0593,0.0169,-0.0777,0.0111,0.0,0.0
1779816506902,2,12.00000015,Lower Delivery,Delivery,pitch.1,335482,5.9275,-7.9009,87.433,-188.4289,169.7309,-0.8217,-0.2061,-0.2288
1779816506902,2,12.00000018,Upper Delivery,Delivery,pitch.1,336038,-7.7655,-0.6097,21.0262,67.0328,15.9543,29.8326,-0.0806,0.327
1779816506902,2,Pitching Mound.Delivery,,Delivery,pitch.1,335242,-1.8379,-8.5106,108.4592,-98.8178,185.6851,24.3553,-0.1818,0.0871
1779816506902,2,Pitching Mound.Drive,,Delivery,pitch.1,335759,0.0576,0.0148,0.0593,0.0169,-0.0777,0.0111,0.0,0.0
1779816506902,2,Pitching Mound.Parent,,Delivery,pitch.1,334949,-1.7804,-8.4958,108.5185,-98.8009,185.6074,24.3664,-0.1817,0.0871
1779816506903,2,11.0000004b,Drive,Delivery,pitch.1,335760,0.0628,0.0113,0.0748,0.0171,-0.0777,0.0111,0.0,0.0
1779816506903,2,12.00000015,Lower Delivery,Delivery,pitch.1,335483,5.9134,-7.7839,86.8782,-188.0874,168.9581,-1.0862,-0.2065,-0.2298
1779816506903,2,12.00000018,Upper Delivery,Delivery,pitch.1,336039,-7.8904,-0.5815,20.938,67.1908,15.8204,29.9785,-0.0802,0.327
1779816506903,2,Pitching Mound.Delivery,,Delivery,pitch.1,335243,-1.977,-8.3654,107.8162,-98.4769,184.7786,24.1989,-0.1819,0.0862
1779816506903,2,Pitching Mound.Drive,,Delivery,pitch.1,335760,0.0628,0.0113,0.0748,0.0171,-0.0777,0.0111,0.0,0.0
1779816506903,2,Pitching Mound.Parent,,Delivery,pitch.1,334950,-1.9142,-8.3541,107.891,-98.4597,184.7008,24.21,-0.1818,0.0862
1779816506904,2,11.0000004b,Drive,Delivery,pitch.1,335761,0.0627,0.0056,0.0852,0.0163,-0.0785,0.0118,0.0,0.0
1779816506904,2,12.00000015,Lower Delivery,Delivery,pitch.1,335484,5.8753,-7.6861,86.1684,-186.5805,167.8859,-1.3288,-0.2068,-0.2299
1779816506904,2,12.00000018,Upper Delivery,Delivery,pitch.1,336040,-8.0082,-0.5718,20.8987,67.6542,16.0936,30.1726,-0.0818,0.327
1779816506904,2,Pitching Mound.Delivery,,Delivery,pitch.1,335244,-2.1329,-8.2579,107.0671,-96.7346,183.9795,24.1234,-0.1824,0.0861
1779816506904,2,Pitching Mound.Drive,,Delivery,pitch.1,335761,0.0627,0.0056,0.0852,0.0163,-0.0785,0.0118,0.0,0.0
1779816506904,2,Pitching Mound.Parent,,Delivery,pitch.1,334951,-2.0703,-8.2523,107.1522,-96.7183,183.901,24.1351,-0.1823,0.086
1779816506905,2,11.0000004b,Drive,Delivery,pitch.1,335762,0.0734,0.009,0.0599,0.0148,-0.0768,0.0128,0.0,0.0
1779816506905,2,12.00000015,Lower Delivery,Delivery,pitch.1,335485,5.8022,-7.5912,85.7305,-185.644,167.0225,-1.5818,-0.2068,-0.2299
1779816506905,2,12.00000018,Upper Delivery,Delivery,pitch.1,336041,-8.1283,-0.5715,20.8832,67.9812,16.3095,30.3524,-0.0829,0.327
1779816506905,2,Pitching Mound.Delivery,,Delivery,pitch.1,335245,-2.3261,-8.1627,106.6138,-95.6146,183.332,24.0343,-0.1826,0.086
1779816506905,2,Pitching Mound.Drive,,Delivery,pitch.1,335762,0.0734,0.009,0.0599,0.0148,-0.0768,0.0128,0.0,0.0
1779816506905,2,Pitching Mound.Parent,,Delivery,pitch.1,334952,-2.2528,-8.1536,106.6736,-95.5998,183.2552,24.047,-0.1825,0.086
1779816506906,2,11.0000004b,Drive,Delivery,pitch.1,335763,0.0725,0.0086,0.0725,0.0159,-0.0789,0.0127,0.0,0.0
1779816506906,2,12.00000015,Lower Delivery,Delivery,pitch.1,335486,5.7229,-7.5388,84.609,-182.7807,165.4264,-1.8677,-0.2076,-0.2293
1779816506906,2,12.00000018,Upper Delivery,Delivery,pitch.1,336042,-8.2584,-0.5685,20.9572,68.3286,16.3069,30.5696,-0.0826,0.327
1779816506906,2,Pitching Mound.Delivery,,Delivery,pitch.1,335246,-2.5355,-8.1074,105.5662,-92.8106,181.7333,23.9483,-0.1828,0.0861
1779816506906,2,Pitching Mound.Drive,,Delivery,pitch.1,335763,0.0725,0.0086,0.0725,0.0159,-0.0789,0.0127,0.0,0.0
1779816506906,2,Pitching Mound.Parent,,Delivery,pitch.1,334953,-2.4629,-8.0988,105.6387,-92.7947,181.6544,23.961,-0.1826,0.0861
1779816506907,2,11.0000004b,Drive,Delivery,pitch.1,335764,0.0877,0.0024,0.0644,0.0145,-0.078,0.0136,0.0,0.0
1779816506907,2,12.00000015,Lower Delivery,Delivery,pitch.1,335487,5.643,-7.4372,84.8529,-183.4835,165.3825,-2.0424,-0.2069,-0.2296
1779816506907,2,12.00000018,Upper Delivery,Delivery,pitch.1,336043,-8.3607,-0.5535,20.9594,68.4952,16.4147,30.744,-0.0831,0.327
1779816506907,2,Pitching Mound.Delivery,,Delivery,pitch.1,335247,-2.7177,-7.9908,105.8124,-93.2645,181.7971,23.9404,-0.1824,0.086
1779816506907,2,Pitching Mound.Drive,,Delivery,pitch.1,335764,0.0877,0.0024,0.0644,0.0145,-0.078,0.0136,0.0,0.0
1779816506907,2,Pitching Mound.Parent,,Delivery,pitch.1,334954,-2.6299,-7.9884,105.8767,-93.25,181.7191,23.954,-0.1823,0.0859
1779816506908,2,11.0000004b,Drive,Delivery,pitch.1,335765,0.0781,0.0069,0.0597,0.0162,-0.0768,0.0146,0.0,0.0
1779816506908,2,12.00000015,Lower Delivery,Delivery,pitch.1,335488,5.4978,-7.3852,84.1679,-181.4292,164.1402,-2.3069,-0.207,-0.2288
1779816506908,2,12.00000018,Upper Delivery,Delivery,pitch.1,336044,-8.4438,-0.5511,21.0635,68.7899,16.6404,30.8757,-0.0839,0.327
1779816506908,2,Pitching Mound.Delivery,,Delivery,pitch.1,335248,-2.946,-7.9363,105.2314,-91.1838,180.7805,23.8286,-0.1824,0.0863
1779816506908,2,Pitching Mound.Drive,,Delivery,pitch.1,335765,0.0781,0.0069,0.0597,0.0162,-0.0768,0.0146,0.0,0.0
1779816506908,2,Pitching Mound.Parent,,Delivery,pitch.1,334955,-2.8679,-7.9293,105.2911,-91.1676,180.7038,23.8432,-0.1823,0.0863
1779816506909,2,11.0000004b,Drive,Delivery,pitch.1,335766,0.0704,0.0056,0.0636,0.0154,-0.0782,0.0171,0.0,0.0
1779816506909,2,12.00000015,Lower Delivery,Delivery,pitch.1,335489,5.3841,-7.3431,83.1795,-178.8233,162.5337,-2.526,-0.2074,-0.2282
1779816506909,2,12.00000018,Upper Delivery,Delivery,pitch.1,336045,-8.5285,-0.5598,21.0905,69.0677,16.7303,31.0438,-0.0842,0.327
1779816506909,2,Pitching Mound.Delivery,,Delivery,pitch.1,335249,-3.1444,-7.9029,104.27,-88.6453,179.264,23.7875,-0.1825,0.0865
1779816506909,2,Pitching Mound.Drive,,Delivery,pitch.1,335766,0.0704,0.0056,0.0636,0.0154,-0.0782,0.0171,0.0,0.0
1779816506909,2,Pitching Mound.Parent,,Delivery,pitch.1,334956,-3.074,-7.8973,104.3336,-88.6299,179.1857,23.8046,-0.1824,0.0865
1779816506910,2,11.0000004b,Drive,Delivery,pitch.1,335767,0.0519,0.005,0.0645,0.0136,-0.0762,0.0134,0.0,0.0
1779816506910,2,12.00000015,Lower Delivery,Delivery,pitch.1,335490,5.2551,-7.2745,82.7112,-177.3363,161.6205,-2.7783,-0.2074,-0.2276
1779816506910,2,12.00000018,Upper Delivery,Delivery,pitch.1,336046,-8.6039,-0.5739,21.23,69.3494,16.8841,31.1634,-0.0844,0.327
1779816506910,2,Pitching Mound.Delivery,,Delivery,pitch.1,335250,-3.3487,-7.8484,103.9412,-87.0833,178.5046,23.673,-0.1823,0.0868
1779816506910,2,Pitching Mound.Drive,,Delivery,pitch.1,335767,0.0519,0.005,0.0645,0.0136,-0.0762,0.0134,0.0,0.0
1779816506910,2,Pitching Mound.Parent,,Delivery,pitch.1,334957,-3.2968,-7.8433,104.0057,-87.0696,178.4284,23.6864,-0.1822,0.0867
1779816506911,2,11.0000004b,Drive,Delivery,pitch.1,335768,0.0371,0.0063,0.0771,0.0154,-0.0753,0.0158,0.0,0.0
1779816506911,2,12.00000015,Lower Delivery,Delivery,pitch.1,335491,5.1462,-7.2026,82.5856,-177.0865,161.2305,-2.9603,-0.2073,-0.2276
1779816506911,2,12.00000018,Upper Delivery,Delivery,pitch.1,336047,-8.6411,-0.5751,21.3064,69.3023,16.9176,31.3192,-0.0843,0.327
1779816506911,2,Pitching Mound.Delivery,,Delivery,pitch.1,335251,-3.4949,-7.7776,103.892,-86.9493,178.1481,23.6712,-0.182,0.0867
1779816506911,2,Pitching Mound.Drive,,Delivery,pitch.1,335768,0.0371,0.0063,0.0771,0.0154,-0.0753,0.0158,0.0,0.0
1779816506911,2,Pitching Mound.Parent,,Delivery,pitch.1,334958,-3.4577,-7.7713,103.9691,-86.9339,178.0728,23.687,-0.1819,0.0866
1779816506912,2,11.0000004b,Drive,Delivery,pitch.1,335769,0.0255,0.0075,0.0741,0.0156,-0.0746,0.0147,0.0,0.0
1779816506912,2,12.00000015,Lower Delivery,Delivery,pitch.1,335492,5.0328,-7.1244,82.4675,-176.6409,160.7423,-3.1383,-0.2069,-0.2274
1779816506912,2,12.00000018,Upper Delivery,Delivery,pitch.1,336048,-8.6848,-0.5847,21.3346,69.2164,16.8284,31.3916,-0.0837,0.327
1779816506912,2,Pitching Mound.Delivery,,Delivery,pitch.1,335252,-3.652,-7.709,103.8021,-86.6393,177.5708,23.5893,-0.1816,0.0868
1779816506912,2,Pitching Mound.Drive,,Delivery,pitch.1,335769,0.0255,0.0075,0.0741,0.0156,-0.0746,0.0147,0.0,0.0
1779816506912,2,Pitching Mound.Parent,,Delivery,pitch.1,334959,-3.6265,-7.7016,103.8763,-86.6237,177.4961,23.604,-0.1815,0.0867
1779816506913,2,11.0000004b,Drive,Delivery,pitch.1,335770,0.0101,0.012,0.0591,0.0145,-0.0729,0.0123,0.0,0.0
1779816506913,2,12.00000015,Lower Delivery,Delivery,pitch.1,335493,4.9314,-7.0512,82.099,-175.6558,160.0873,-3.3062,-0.207,-0.2271
1779816506913,2,12.00000018,Upper Delivery,Delivery,pitch.1,336049,-8.6845,-0.5546,21.3552,68.9199,16.6031,31.4305,-0.0825,0.327
1779816506913,2,Pitching Mound.Delivery,,Delivery,pitch.1,335253,-3.7531,-7.6058,103.4542,-86.083,176.6904,23.4948,-0.1813,0.0869
1779816506913,2,Pitching Mound.Drive,,Delivery,pitch.1,335770,0.0101,0.012,0.0591,0.0145,-0.0729,0.0123,0.0,0.0
1779816506913,2,Pitching Mound.Parent,,Delivery,pitch.1,334960,-3.7429,-7.5938,103.5133,-86.0684,176.6175,23.5071,-0.1812,0.0868
1779816506914,2,11.0000004b,Drive,Delivery,pitch.1,335771,0.0084,0.0149,0.057,0.0147,-0.0737,0.0116,0.0,0.0
1779816506914,2,12.00000015,Lower Delivery,Delivery,pitch.1,335494,4.8313,-6.9805,81.1762,-173.8108,158.5858,-3.5561,-0.2074,-0.2273
1779816506914,2,12.00000018,Upper Delivery,Delivery,pitch.1,336050,-8.6947,-0.5643,21.3704,68.6148,16.3796,31.4764,-0.0814,0.327
1779816506914,2,Pitching Mound.Delivery,,Delivery,pitch.1,335254,-3.8634,-7.5448,102.5466,-84.862,174.9655,23.3214,-0.1811,0.0865
1779816506914,2,Pitching Mound.Drive,,Delivery,pitch.1,335771,0.0084,0.0149,0.057,0.0147,-0.0737,0.0116,0.0,0.0
1779816506914,2,Pitching Mound.Parent,,Delivery,pitch.1,334961,-3.8551,-7.5299,102.6036,-84.8473,174.8917,23.333,-0.181,0.0865
1779816506915,2,11.0000004b,Drive,Delivery,pitch.1,335772,0.0093,0.0213,0.0457,0.0154,-0.0728,0.0112,0.0,0.0
1779816506915,2,12.00000015,Lower Delivery,Delivery,pitch.1,335495,4.7442,-6.9132,80.5844,-173.0483,157.447,-3.7331,-0.2074,-0.228
1779816506915,2,12.00000018,Upper Delivery,Delivery,pitch.1,336051,-8.65,-0.517,21.3748,68.3503,16.2054,31.4888,-0.0805,0.327
1779816506915,2,Pitching Mound.Delivery,,Delivery,pitch.1,335255,-3.9057,-7.4302,101.9592,-84.5667,173.6524,23.2017,-0.1808,0.0858
1779816506915,2,Pitching Mound.Drive,,Delivery,pitch.1,335772,0.0093,0.0213,0.0457,0.0154,-0.0728,0.0112,0.0,0.0
1779816506915,2,Pitching Mound.Parent,,Delivery,pitch.1,334962,-3.8964,-7.4089,102.0049,-84.5513,173.5796,23.2129,-0.1807,0.0858
1779816506916,2,11.0000004b,Drive,Delivery,pitch.1,335773,0.0196,0.0219,0.0442,0.0147,-0.0729,0.0094,0.0,0.0
1779816506916,2,12.00000015,Lower Delivery,Delivery,pitch.1,335496,4.6936,-6.837,79.8177,-170.8495,156.3987,-4.0008,-0.208,-0.2272
1779816506916,2,12.00000018,Upper Delivery,Delivery,pitch.1,336052,-8.6348,-0.5392,21.3756,68.1557,16.1131,31.4616,-0.08,0.327
1779816506916,2,Pitching Mound.Delivery,,Delivery,pitch.1,335256,-3.9412,-7.3761,101.1933,-82.8234,172.5118,22.9292,-0.181,0.0862
1779816506916,2,Pitching Mound.Drive,,Delivery,pitch.1,335773,0.0196,0.0219,0.0442,0.0147,-0.0729,0.0094,0.0,0.0
1779816506916,2,Pitching Mound.Parent,,Delivery,pitch.1,334963,-3.9216,-7.3542,101.2374,-82.8087,172.4389,22.9386,-0.1809,0.0862
1779816506917,2,11.0000004b,Drive,Delivery,pitch.1,335774,0.0061,0.0156,0.0642,0.0159,-0.0734,0.0128,0.0,0.0
1779816506917,2,12.00000015,Lower Delivery,Delivery,pitch.1,335497,4.6609,-6.7279,79.8103,-171.2427,156.0701,-4.1492,-0.2076,-0.2278
1779816506917,2,12.00000018,Upper Delivery,Delivery,pitch.1,336053,-8.5829,-0.5325,21.281,67.868,16.0484,31.4337,-0.0801,0.327
1779816506917,2,Pitching Mound.Delivery,,Delivery,pitch.1,335257,-3.9219,-7.2604,101.0913,-83.4747,172.1186,22.7816,-0.1808,0.0859
1779816506917,2,Pitching Mound.Drive,,Delivery,pitch.1,335774,0.0061,0.0156,0.0642,0.0159,-0.0734,0.0128,0.0,0.0
1779816506917,2,Pitching Mound.Parent,,Delivery,pitch.1,334964,-3.9158,-7.2448,101.1555,-83.4588,172.0452,22.7944,-0.1806,0.0858
1779816506918,2,11.0000004b,Drive,Delivery,pitch.1,335775,0.0071,0.0155,0.0498,0.0147,-0.0711,0.0123,0.0,0.0
1779816506918,2,12.00000015,Lower Delivery,Delivery,pitch.1,335498,4.6548,-6.6351,79.715,-170.8483,155.6571,-4.2847,-0.2073,-0.2275
1779816506918,2,12.00000018,Upper Delivery,Delivery,pitch.1,336054,-8.5467,-0.557,21.2631,67.764,16.0791,31.4405,-0.0803,0.327
1779816506918,2,Pitching Mound.Delivery,,Delivery,pitch.1,335258,-3.8919,-7.1921,100.9781,-83.2107,171.7362,22.6673,-0.1806,0.0861
1779816506918,2,Pitching Mound.Drive,,Delivery,pitch.1,335775,0.0071,0.0155,0.0498,0.0147,-0.0711,0.0123,0.0,0.0
1779816506918,2,Pitching Mound.Parent,,Delivery,pitch.1,334965,-3.8848,-7.1766,101.028,-83.196,171.6651,22.6796,-0.1805,0.086
1779816506919,2,11.0000004b,Drive,Delivery,pitch.1,335777,-0.0017,0.0157,0.052,0.0138,-0.0692,0.0127,0.0,0.0
1779816506919,2,11.0000004b,Drive,Delivery,pitch.1,335776,-0.0062,0.0164,0.0518,0.0128,-0.0707,0.0111,0.0,0.0
1779816506919,2,12.00000015,Lower Delivery,Delivery,pitch.1,335499,4.6154,-6.5533,78.3482,-168.3427,153.7219,-4.5664,-0.2083,-0.2281
1779816506919,2,12.00000018,Upper Delivery,Delivery,pitch.1,336055,-8.5327,-0.5726,21.1077,67.236,15.7549,31.4279,-0.0792,0.327
1779816506919,2,Pitching Mound.Delivery,,Delivery,pitch.1,335259,-3.9173,-7.1259,99.4559,-81.645,169.4768,22.3911,-0.1809,0.0854
1779816506919,2,Pitching Mound.Drive,,Delivery,pitch.1,335777,-0.0017,0.0157,0.052,0.0138,-0.0692,0.0127,0.0,0.0
1779816506919,2,Pitching Mound.Drive,,Delivery,pitch.1,335776,-0.0062,0.0164,0.0518,0.0128,-0.0707,0.0111,0.0,0.0
1779816506919,2,Pitching Mound.Parent,,Delivery,pitch.1,334966,-3.9235,-7.1096,99.5078,-81.6322,169.4061,22.4023,-0.1808,0.0853
1779816506920,2,12.00000015,Lower Delivery,Delivery,pitch.1,335500,4.6067,-6.4196,78.9509,-169.6662,153.7734,-4.6564,-0.2068,-0.2281
1779816506920,2,12.00000018,Upper Delivery,Delivery,pitch.1,336056,-8.5091,-0.5844,20.9941,67.133,15.647,31.3774,-0.0791,0.327
1779816506920,2,Pitching Mound.Delivery,,Delivery,pitch.1,335260,-3.9024,-7.0041,99.945,-82.8279,169.4203,22.2616,-0.18,0.0856
1779816506920,2,Pitching Mound.Parent,,Delivery,pitch.1,334967,-3.9041,-6.9884,99.997,-82.8141,169.3511,22.2743,-0.1799,0.0856
1779816506921,2,11.0000004b,Drive,Delivery,pitch.1,335778,-0.0034,0.0148,0.0656,0.017,-0.0708,0.0143,0.0,0.0
1779816506921,2,12.00000015,Lower Delivery,Delivery,pitch.1,335501,4.6401,-6.3176,78.6834,-169.3712,153.2697,-4.7865,-0.2068,-0.2285
1779816506921,2,12.00000018,Upper Delivery,Delivery,pitch.1,336057,-8.4864,-0.5577,20.7599,66.4583,15.4473,31.3751,-0.079,0.327
1779816506921,2,Pitching Mound.Delivery,,Delivery,pitch.1,335261,-3.8464,-6.8753,99.4433,-83.2189,168.7171,22.1257,-0.1801,0.0855
1779816506921,2,Pitching Mound.Drive,,Delivery,pitch.1,335778,-0.0034,0.0148,0.0656,0.017,-0.0708,0.0143,0.0,0.0
1779816506921,2,Pitching Mound.Parent,,Delivery,pitch.1,334968,-3.8498,-6.8604,99.5089,-83.2019,168.6463,22.1399,-0.18,0.0854
1779816506922,2,11.0000004b,Drive,Delivery,pitch.1,335779,0.0088,0.0138,0.0682,0.0157,-0.0722,0.0145,0.0,0.0
1779816506922,2,12.00000015,Lower Delivery,Delivery,pitch.1,335502,4.6479,-6.2433,78.0882,-168.0547,152.4763,-4.8961,-0.2073,-0.2285
1779816506922,2,12.00000018,Upper Delivery,Delivery,pitch.1,336058,-8.4696,-0.5575,20.5771,66.2229,15.3145,31.2924,-0.079,0.327
1779816506922,2,Pitching Mound.Delivery,,Delivery,pitch.1,335262,-3.8216,-6.8009,98.6653,-82.278,167.7909,21.9363,-0.1805,0.0856
1779816506922,2,Pitching Mound.Drive,,Delivery,pitch.1,335779,0.0088,0.0138,0.0682,0.0157,-0.0722,0.0145,0.0,0.0
1779816506922,2,Pitching Mound.Parent,,Delivery,pitch.1,334969,-3.8129,-6.7871,98.7335,-82.2624,167.7187,21.9507,-0.1804,0.0855
1779816506923,2,11.0000004b,Drive,Delivery,pitch.1,335780,0.0052,0.0183,0.0714,0.0155,-0.0726,0.0162,0.0,0.0
1779816506923,2,12.00000015,Lower Delivery,Delivery,pitch.1,335503,4.6762,-6.1599,77.6718,-167.2001,151.6516,-5.0211,-0.2073,-0.2285
1779816506923,2,12.00000018,Upper Delivery,Delivery,pitch.1,336059,-8.4534,-0.5525,20.3737,65.4857,15.2775,31.3063,-0.0796,0.327
1779816506923,2,Pitching Mound.Delivery,,Delivery,pitch.1,335263,-3.7772,-6.7124,98.0455,-82.233,166.9291,21.8211,-0.1807,0.0856
1779816506923,2,Pitching Mound.Drive,,Delivery,pitch.1,335780,0.0052,0.0183,0.0714,0.0155,-0.0726,0.0162,0.0,0.0
1779816506923,2,Pitching Mound.Parent,,Delivery,pitch.1,334970,-3.7721,-6.6941,98.1169,-82.2175,166.8565,21.8373,-0.1806,0.0855
1779816506924,2,11.0000004b,Drive,Delivery,pitch.1,335781,0.0293,0.0159,0.0545,0.0155,-0.0721,0.0181,0.0,0.0
1779816506924,2,11.0000004b,Drive,Delivery,pitch.1,335782,0.0409,0.0121,0.0507,0.014,-0.0725,0.0194,0.0,0.0
1779816506924,2,12.00000015,Lower Delivery,Delivery,pitch.1,335504,4.7078,-6.0634,77.4239,-166.7201,151.1647,-5.1416,-0.2073,-0.2286
1779816506924,2,12.00000018,Upper Delivery,Delivery,pitch.1,336060,-8.4565,-0.5325,20.2472,65.0626,15.0489,31.2486,-0.0789,0.327
1779816506924,2,Pitching Mound.Delivery,,Delivery,pitch.1,335264,-3.7487,-6.5959,97.6711,-82.2174,166.2136,21.6311,-0.1807,0.0856
1779816506924,2,Pitching Mound.Drive,,Delivery,pitch.1,335781,0.0293,0.0159,0.0545,0.0155,-0.0721,0.0181,0.0,0.0
1779816506924,2,Pitching Mound.Drive,,Delivery,pitch.1,335782,0.0409,0.0121,0.0507,0.014,-0.0725,0.0194,0.0,0.0
1779816506924,2,Pitching Mound.Parent,,Delivery,pitch.1,334971,-3.7194,-6.58,97.7256,-82.2019,166.1415,21.6492,-0.1806,0.0856
1779816506925,2,12.00000015,Lower Delivery,Delivery,pitch.1,335505,4.7117,-5.9651,77.1977,-166.2483,150.6428,-5.2137,-0.2072,-0.2286
1779816506925,2,12.00000018,Upper Delivery,Delivery,pitch.1,336061,-8.4278,-0.5481,19.8763,64.1602,14.65,31.1881,-0.0782,0.327
1779816506925,2,Pitching Mound.Delivery,,Delivery,pitch.1,335265,-3.7162,-6.5132,97.074,-82.5987,165.2927,21.507,-0.1808,0.0859
1779816506925,2,Pitching Mound.Parent,,Delivery,pitch.1,334972,-3.6753,-6.5011,97.1247,-82.5848,165.2202,21.5264,-0.1807,0.0859
1779816506926,2,11.0000004b,Drive,Delivery,pitch.1,335783,0.0616,0.0119,0.052,0.0137,-0.0732,0.0168,0.0,0.0
1779816506926,2,11.0000004b,Drive,Delivery,pitch.1,335784,0.0701,0.007,0.0555,0.0123,-0.0723,0.0245,0.0,0.0
1779816506926,2,12.00000015,Lower Delivery,Delivery,pitch.1,335506,4.7299,-5.8657,76.8675,-165.5091,150.0759,-5.3082,-0.2073,-0.2286
1779816506926,2,12.00000018,Upper Delivery,Delivery,pitch.1,336062,-8.4035,-0.5174,19.5744,62.816,14.1408,31.1435,-0.0767,0.327
1779816506926,2,Pitching Mound.Delivery,,Delivery,pitch.1,335266,-3.6736,-6.3831,96.4419,-83.2134,164.2167,21.37,-0.1808,0.0862
1779816506926,2,Pitching Mound.Drive,,Delivery,pitch.1,335783,0.0616,0.0119,0.052,0.0137,-0.0732,0.0168,0.0,0.0
1779816506926,2,Pitching Mound.Drive,,Delivery,pitch.1,335784,0.0701,0.007,0.0555,0.0123,-0.0723,0.0245,0.0,0.0
1779816506926,2,Pitching Mound.Parent,,Delivery,pitch.1,334973,-3.612,-6.3712,96.494,-83.1998,164.1436,21.3867,-0.1807,0.0861
1779816506927,2,11.0000004b,Drive,Delivery,pitch.1,335785,0.0824,0.0047,0.0602,0.0115,-0.0719,0.0242,0.0,0.0
1779816506927,2,12.00000015,Lower Delivery,Delivery,pitch.1,335507,4.7317,-5.7739,76.6173,-165.0609,149.6779,-5.4002,-0.2074,-0.2287
1779816506927,2,12.00000018,Upper Delivery,Delivery,pitch.1,336063,-8.3725,-0.503,19.3293,62.4304,13.9614,31.1446,-0.0767,0.327
1779816506927,2,Pitching Mound.Delivery,,Delivery,pitch.1,335267,-3.6407,-6.2769,95.9466,-83.1526,163.6393,21.289,-0.1811,0.0863
1779816506927,2,Pitching Mound.Drive,,Delivery,pitch.1,335785,0.0824,0.0047,0.0602,0.0115,-0.0719,0.0242,0.0,0.0
1779816506927,2,Pitching Mound.Parent,,Delivery,pitch.1,334974,-3.5706,-6.2699,96.0022,-83.1403,163.567,21.3135,-0.181,0.0862
1779816506928,2,11.0000004b,Drive,Delivery,pitch.1,335786,0.0905,0.0075,0.065,0.0122,-0.073,0.0269,0.0,0.0
1779816506928,2,12.00000015,Lower Delivery,Delivery,pitch.1,335508,4.7108,-5.677,76.457,-164.6259,149.4225,-5.492,-0.2075,-0.2286
1779816506928,2,12.00000018,Upper Delivery,Delivery,pitch.1,336064,-8.3748,-0.5265,19.0458,61.7509,13.6168,31.1014,-0.0759,0.327
1779816506928,2,Pitching Mound.Delivery,,Delivery,pitch.1,335268,-3.664,-6.2035,95.5028,-83.3552,163.0393,21.1604,-0.1812,0.0866
1779816506928,2,Pitching Mound.Drive,,Delivery,pitch.1,335786,0.0905,0.0075,0.065,0.0122,-0.073,0.0269,0.0,0.0
1779816506928,2,Pitching Mound.Parent,,Delivery,pitch.1,334975,-3.5816,-6.1988,95.563,-83.3437,162.9674,21.1846,-0.1811,0.0866
1779816506929,2,12.00000015,Lower Delivery,Delivery,pitch.1,335509,4.6737,-5.5841,76.2703,-164.191,149.042,-5.5768,-0.2075,-0.2285
1779816506929,2,12.00000018,Upper Delivery,Delivery,pitch.1,336065,-8.3589,-0.5469,18.6728,61.1403,13.3609,31.0303,-0.076,0.327
1779816506929,2,Pitching Mound.Delivery,,Delivery,pitch.1,335269,-3.6851,-6.131,94.9432,-83.4675,162.4029,21.0224,-0.1816,0.087
1779816506929,2,Pitching Mound.Parent,,Delivery,pitch.1,334976,-3.5946,-6.1235,95.0082,-83.4553,162.3299,21.0493,-0.1815,0.0869
1779816506930,2,11.0000004b,Drive,Delivery,pitch.1,335787,0.0931,-0.0041,0.0665,0.0133,-0.0733,0.028,0.0,0.0
1779816506930,2,11.0000004b,Drive,Delivery,pitch.1,335788,0.094,-0.0065,0.0664,0.0138,-0.0728,0.0227,0.0,0.0
1779816506930,2,12.00000015,Lower Delivery,Delivery,pitch.1,335510,4.6599,-5.4963,76.1312,-163.7808,149.0559,-5.6517,-0.2079,-0.2284
1779816506930,2,12.00000018,Upper Delivery,Delivery,pitch.1,336066,-8.3292,-0.5489,18.4336,60.4505,13.1639,30.9194,-0.0758,0.327
1779816506930,2,Pitching Mound.Delivery,,Delivery,pitch.1,335270,-3.6693,-6.0452,94.5648,-83.7132,162.2198,20.8514,-0.1821,0.0873
1779816506930,2,Pitching Mound.Drive,,Delivery,pitch.1,335787,0.0931,-0.0041,0.0665,0.0133,-0.0733,0.028,0.0,0.0
1779816506930,2,Pitching Mound.Drive,,Delivery,pitch.1,335788,0.094,-0.0065,0.0664,0.0138,-0.0728,0.0227,0.0,0.0
1779816506930,2,Pitching Mound.Parent,,Delivery,pitch.1,334977,-3.5761,-6.0493,94.6313,-83.6998,162.1465,20.8794,-0.182,0.0873
1779816506931,2,11.0000004b,Drive,Delivery,pitch.1,335789,0.0933,-0.0083,0.0652,0.0117,-0.0732,0.0186,0.0,0.0
1779816506931,2,12.00000015,Lower Delivery,Delivery,pitch.1,335511,4.6288,-5.4221,75.8748,-163.0712,148.8424,-5.7332,-0.2083,-0.2282
1779816506931,2,12.00000018,Upper Delivery,Delivery,pitch.1,336067,-8.2617,-0.5754,18.1229,59.3989,12.7722,30.7672,-0.0748,0.327
1779816506931,2,Pitching Mound.Delivery,,Delivery,pitch.1,335271,-3.6329,-5.9975,93.9977,-84.0366,161.6146,20.6512,-0.1825,0.0878
1779816506931,2,Pitching Mound.Drive,,Delivery,pitch.1,335789,0.0933,-0.0083,0.0652,0.0117,-0.0732,0.0186,0.0,0.0
1779816506931,2,Pitching Mound.Parent,,Delivery,pitch.1,334978,-3.5389,-6.0041,94.0641,-84.0228,161.5418,20.6739,-0.1824,0.0877
1779816506932,2,11.0000004b,Drive,Delivery,pitch.1,335790,0.0739,-0.0036,0.0603,0.0134,-0.0711,0.0191,0.0,0.0
1779816506932,2,12.00000015,Lower Delivery,Delivery,pitch.1,335512,4.5875,-5.3662,75.8633,-162.691,148.9727,-5.8494,-0.2085,-0.2277
1779816506932,2,12.00000018,Upper Delivery,Delivery,pitch.1,336068,-8.2105,-0.624,17.822,58.791,12.5421,30.6215,-0.0747,0.327
1779816506932,2,Pitching Mound.Delivery,,Delivery,pitch.1,335272,-3.623,-5.9902,93.6853,-84.166,161.5149,20.4208,-0.183,0.0885
1779816506932,2,Pitching Mound.Drive,,Delivery,pitch.1,335790,0.0739,-0.0036,0.0603,0.0134,-0.0711,0.0191,0.0,0.0
1779816506932,2,Pitching Mound.Parent,,Delivery,pitch.1,334979,-3.5296,-5.9984,93.7505,-84.1542,161.4416,20.4394,-0.1829,0.0884
1779816506933,2,11.0000004b,Drive,Delivery,pitch.1,335791,0.0608,-0.0092,0.0683,0.0114,-0.0698,0.0188,0.0,0.0
1779816506933,2,12.00000015,Lower Delivery,Delivery,pitch.1,335513,4.5274,-5.3149,75.6803,-162.3133,148.8222,-5.9503,-0.2088,-0.2277
1779816506933,2,12.00000018,Upper Delivery,Delivery,pitch.1,336069,-8.1485,-0.643,17.6172,58.3548,12.2123,30.3858,-0.0736,0.327
1779816506933,2,Pitching Mound.Delivery,,Delivery,pitch.1,335273,-3.6211,-5.958,93.2976,-84.2171,161.0345,20.1257,-0.1832,0.0887
1779816506933,2,Pitching Mound.Drive,,Delivery,pitch.1,335791,0.0608,-0.0092,0.0683,0.0114,-0.0698,0.0188,0.0,0.0
1779816506933,2,Pitching Mound.Parent,,Delivery,pitch.1,334980,-3.5472,-5.9616,93.3579,-84.2037,160.9634,20.1448,-0.1831,0.0886
1779816506934,2,11.0000004b,Drive,Delivery,pitch.1,335792,0.0397,-0.0058,0.0628,0.009,-0.07,0.0151,0.0,0.0
1779816506934,2,12.00000015,Lower Delivery,Delivery,pitch.1,335514,4.4722,-5.2745,75.5648,-161.555,148.7624,-6.029,-0.209,-0.227
1779816506934,2,12.00000018,Upper Delivery,Delivery,pitch.1,336070,-8.0166,-0.7049,17.3044,57.6951,12.0098,30.1623,-0.0737,0.327
1779816506934,2,Pitching Mound.Delivery,,Delivery,pitch.1,335274,-3.5444,-5.9794,92.8692,-84.0513,160.7722,19.8871,-0.1838,0.0895
1779816506934,2,Pitching Mound.Drive,,Delivery,pitch.1,335792,0.0397,-0.0058,0.0628,0.009,-0.07,0.0151,0.0,0.0
1779816506934,2,Pitching Mound.Parent,,Delivery,pitch.1,334981,-3.4837,-5.9886,92.9375,-84.04,160.7024,19.9059,-0.1837,0.0895
1779816506935,2,11.0000004b,Drive,Delivery,pitch.1,335793,0.0229,-0.0046,0.0672,0.0087,-0.0693,0.0129,0.0,0.0
1779816506935,2,12.00000015,Lower Delivery,Delivery,pitch.1,335515,4.3903,-5.253,75.5817,-161.1144,148.4421,-6.0729,-0.2085,-0.2263
1779816506935,2,12.00000018,Upper Delivery,Delivery,pitch.1,336071,-7.8059,-0.757,16.9596,56.2659,12.0077,29.6429,-0.0752,0.327
1779816506935,2,Pitching Mound.Delivery,,Delivery,pitch.1,335275,-3.4156,-6.01,92.5413,-84.9169,160.4498,19.4232,-0.1841,0.0905
1779816506935,2,Pitching Mound.Drive,,Delivery,pitch.1,335793,0.0229,-0.0046,0.0672,0.0087,-0.0693,0.0129,0.0,0.0
1779816506935,2,Pitching Mound.Parent,,Delivery,pitch.1,334982,-3.3759,-6.0158,92.6041,-84.9079,160.3798,19.4383,-0.1839,0.0904
1779816506936,2,11.0000004b,Drive,Delivery,pitch.1,335794,0.0008,-0.0032,0.0713,0.0095,-0.0687,0.0125,0.0,0.0
1779816506936,2,12.00000015,Lower Delivery,Delivery,pitch.1,335516,4.338,-5.238,75.5744,-160.5707,148.451,-6.1568,-0.2085,-0.2256
1779816506936,2,12.00000018,Upper Delivery,Delivery,pitch.1,336072,-7.5732,-0.8394,16.3409,54.4604,12.1931,29.2089,-0.0792,0.327
1779816506936,2,Pitching Mound.Delivery,,Delivery,pitch.1,335276,-3.2352,-6.0774,91.9153,-85.9709,160.644,19.0023,-0.1855,0.0918
1779816506936,2,Pitching Mound.Drive,,Delivery,pitch.1,335794,0.0008,-0.0032,0.0713,0.0095,-0.0687,0.0125,0.0,0.0
1779816506936,2,Pitching Mound.Parent,,Delivery,pitch.1,334983,-3.2123,-6.082,91.9826,-85.9622,160.5747,19.0152,-0.1854,0.0917
1779816506937,2,11.0000004b,Drive,Delivery,pitch.1,335795,-0.0074,0.0007,0.0741,0.0109,-0.0695,0.0135,0.0,0.0
1779816506937,2,12.00000015,Lower Delivery,Delivery,pitch.1,335517,4.2621,-5.2457,75.649,-160.1234,148.3936,-6.231,-0.2082,-0.2247
1779816506937,2,12.00000018,Upper Delivery,Delivery,pitch.1,336073,-7.3625,-0.8733,16.4466,54.4999,11.7056,28.3997,-0.0756,0.327
1779816506937,2,Pitching Mound.Delivery,,Delivery,pitch.1,335277,-3.1004,-6.119,92.0956,-85.4946,160.0993,18.2163,-0.1846,0.0924
1779816506937,2,Pitching Mound.Drive,,Delivery,pitch.1,335795,-0.0074,0.0007,0.0741,0.0109,-0.0695,0.0135,0.0,0.0
1779816506937,2,Pitching Mound.Parent,,Delivery,pitch.1,334984,-3.0996,-6.1222,92.1669,-85.4851,160.0306,18.2288,-0.1844,0.0923
1779816506938,2,11.0000004b,Drive,Delivery,pitch.1,335796,-0.0146,0.0035,0.0693,0.0118,-0.071,0.0123,0.0,0.0
1779816506938,2,12.00000015,Lower Delivery,Delivery,pitch.1,335518,4.1912,-5.2678,75.7847,-159.8923,148.0904,-6.2988,-0.2075,-0.224
1779816506938,2,12.00000018,Upper Delivery,Delivery,pitch.1,336074,-7.0196,-0.9468,15.9256,53.2803,11.7648,27.5948,-0.0784,0.327
1779816506938,2,Pitching Mound.Delivery,,Delivery,pitch.1,335278,-2.8284,-6.2146,91.7103,-86.26,159.8552,17.4843,-0.185,0.0936
1779816506938,2,Pitching Mound.Drive,,Delivery,pitch.1,335796,-0.0146,0.0035,0.0693,0.0118,-0.071,0.0123,0.0,0.0
1779816506938,2,Pitching Mound.Parent,,Delivery,pitch.1,334985,-2.8358,-6.2139,91.7844,-86.2491,159.7858,17.4978,-0.1849,0.0935
1779816506939,2,11.0000004b,Drive,Delivery,pitch.1,335797,-0.0122,0.0086,0.0604,0.016,-0.0696,0.0138,0.0,0.0
1779816506939,2,12.00000015,Lower Delivery,Delivery,pitch.1,335519,4.1264,-5.2844,75.6904,-159.1523,148.0191,-6.4013,-0.2076,-0.2232
1779816506939,2,12.00000018,Upper Delivery,Delivery,pitch.1,336075,-6.6211,-0.9836,15.6858,52.4561,11.4891,26.4861,-0.0778,0.327
1779816506939,2,Pitching Mound.Delivery,,Delivery,pitch.1,335279,-2.4947,-6.2681,91.3762,-86.2946,159.5082,16.4307,-0.1853,0.0945
1779816506939,2,Pitching Mound.Drive,,Delivery,pitch.1,335797,-0.0122,0.0086,0.0604,0.016,-0.0696,0.0138,0.0,0.0
1779816506939,2,Pitching Mound.Parent,,Delivery,pitch.1,334986,-2.5094,-6.2646,91.4456,-86.2828,159.4372,16.4429,-0.1852,0.0944
1779816506940,2,11.0000004b,Drive,Delivery,pitch.1,335798,-0.0114,0.0122,0.0568,0.0177,-0.0723,0.014,0.0,0.0
1779816506940,2,12.00000015,Lower Delivery,Delivery,pitch.1,335520,4.0376,-5.2778,76.0974,-159.2162,147.9264,-6.4444,-0.2064,-0.2221
1779816506940,2,12.00000018,Upper Delivery,Delivery,pitch.1,336076,-6.205,-1.0663,15.4473,52.184,11.4016,25.4459,-0.0784,0.327
1779816506940,2,Pitching Mound.Delivery,,Delivery,pitch.1,335280,-2.1673,-6.3441,91.5447,-86.4112,159.328,15.5189,-0.1848,0.0958
1779816506940,2,Pitching Mound.Drive,,Delivery,pitch.1,335798,-0.0114,0.0122,0.0568,0.0177,-0.0723,0.014,0.0,0.0
1779816506940,2,Pitching Mound.Parent,,Delivery,pitch.1,334987,-2.1795,-6.3355,91.6051,-86.3952,159.2584,15.5327,-0.1846,0.0957
1779816506941,2,11.0000004b,Drive,Delivery,pitch.1,335799,-0.0057,0.0156,0.0562,0.0193,-0.0719,0.0135,0.0,0.0
1779816506941,2,12.00000015,Lower Delivery,Delivery,pitch.1,335521,3.9567,-5.2819,76.2052,-159.1345,147.9891,-6.565,-0.2062,-0.2217
1779816506941,2,12.00000018,Upper Delivery,Delivery,pitch.1,336077,-5.9125,-1.1417,15.2449,51.1664,11.3706,24.6505,-0.0792,0.327
1779816506941,2,Pitching Mound.Delivery,,Delivery,pitch.1,335281,-1.9557,-6.4236,91.4501,-87.2416,159.3597,14.73,-0.185,0.0964
1779816506941,2,Pitching Mound.Drive,,Delivery,pitch.1,335799,-0.0057,0.0156,0.0562,0.0193,-0.0719,0.0135,0.0,0.0
1779816506941,2,Pitching Mound.Parent,,Delivery,pitch.1,334988,-1.9672,-6.4113,91.5069,-87.2239,159.2875,14.744,-0.1849,0.0964
1779816506942,2,11.0000004b,Drive,Delivery,pitch.1,335800,-0.001,0.0212,0.0514,0.0197,-0.0731,0.0128,0.0,0.0
1779816506942,2,12.00000015,Lower Delivery,Delivery,pitch.1,335522,3.8722,-5.2792,76.2085,-158.5083,147.9584,-6.6931,-0.2061,-0.2208
1779816506942,2,12.00000018,Upper Delivery,Delivery,pitch.1,336078,-5.4492,-1.2077,14.8786,50.3961,11.3897,23.5915,-0.0813,0.327
1779816506942,2,Pitching Mound.Delivery,,Delivery,pitch.1,335282,-1.577,-6.4869,91.0872,-87.26,159.3481,13.7291,-0.1857,0.0976
1779816506942,2,Pitching Mound.Drive,,Delivery,pitch.1,335800,-0.001,0.0212,0.0514,0.0197,-0.0731,0.0128,0.0,0.0
1779816506942,2,Pitching Mound.Parent,,Delivery,pitch.1,334989,-1.5827,-6.4713,91.1434,-87.2407,159.2762,13.7427,-0.1856,0.0975
1779816506943,2,11.0000004b,Drive,Delivery,pitch.1,335801,0.0027,0.0169,0.0484,0.0184,-0.0724,0.0126,0.0,0.0
1779816506943,2,12.00000015,Lower Delivery,Delivery,pitch.1,335523,3.7977,-5.2735,76.0589,-157.8348,147.6245,-6.8605,-0.2061,-0.2203
1779816506943,2,12.00000018,Upper Delivery,Delivery,pitch.1,336079,-5.133,-1.2251,14.5711,48.8339,11.1868,22.781,-0.0815,0.327
1779816506943,2,Pitching Mound.Delivery,,Delivery,pitch.1,335283,-1.3353,-6.4987,90.63,-88.095,158.8112,12.884,-0.186,0.0984
1779816506943,2,Pitching Mound.Drive,,Delivery,pitch.1,335801,0.0027,0.0169,0.0484,0.0184,-0.0724,0.0126,0.0,0.0
1779816506943,2,Pitching Mound.Parent,,Delivery,pitch.1,334990,-1.3363,-6.4775,90.6814,-88.0754,158.7382,12.8968,-0.1859,0.0983
1779816506944,2,11.0000004b,Drive,Delivery,pitch.1,335802,0.0074,0.0201,0.0483,0.0193,-0.0733,0.0121,0.0,0.0
1779816506944,2,12.00000015,Lower Delivery,Delivery,pitch.1,335524,3.7314,-5.2483,75.538,-156.6751,147.0102,-7.0793,-0.2066,-0.2202
1779816506944,2,12.00000018,Upper Delivery,Delivery,pitch.1,336080,-4.9184,-1.2125,14.4174,48.5465,10.9037,22.1689,-0.0803,0.327
1779816506944,2,Pitching Mound.Delivery,,Delivery,pitch.1,335284,-1.1869,-6.4608,89.9554,-87.3476,157.9139,12.1486,-0.1864,0.0985
1779816506944,2,Pitching Mound.Drive,,Delivery,pitch.1,335802,0.0074,0.0201,0.0483,0.0193,-0.0733,0.0121,0.0,0.0
1779816506944,2,Pitching Mound.Parent,,Delivery,pitch.1,334991,-1.1842,-6.4439,90.0038,-87.3293,157.8415,12.1612,-0.1863,0.0985
1779816506945,2,11.0000004b,Drive,Delivery,pitch.1,335803,0.0166,0.0168,0.0455,0.0188,-0.0744,0.0124,0.0,0.0
1779816506945,2,12.00000015,Lower Delivery,Delivery,pitch.1,335525,3.6587,-5.1944,75.5514,-156.5509,146.8121,-7.2451,-0.2063,-0.22
1779816506945,2,12.00000018,Upper Delivery,Delivery,pitch.1,336081,-4.6647,-1.2463,14.0325,47.5393,10.9672,21.5836,-0.083,0.327
1779816506945,2,Pitching Mound.Delivery,,Delivery,pitch.1,335285,-1.0061,-6.4406,89.5838,-88.0952,157.7793,11.5086,-0.187,0.0992
1779816506945,2,Pitching Mound.Drive,,Delivery,pitch.1,335803,0.0166,0.0168,0.0455,0.0188,-0.0744,0.0124,0.0,0.0
1779816506945,2,Pitching Mound.Parent,,Delivery,pitch.1,334992,-0.9987,-6.4206,89.6322,-88.0759,157.7061,11.5207,-0.1869,0.0991
1779816506946,2,12.00000015,Lower Delivery,Delivery,pitch.1,335526,3.6029,-5.1433,75.6349,-156.7408,146.6763,-7.4865,-0.2059,-0.22
1779816506946,2,12.00000018,Upper Delivery,Delivery,pitch.1,336082,-4.4508,-1.2205,13.8804,47.2325,10.9608,20.9464,-0.0838,0.327
1779816506946,2,Pitching Mound.Delivery,,Delivery,pitch.1,335286,-0.8478,-6.3638,89.5153,-88.5118,157.6371,10.7217,-0.187,0.0994
1779816506946,2,Pitching Mound.Parent,,Delivery,pitch.1,334993,-0.8313,-6.347,89.5607,-88.493,157.5627,10.7341,-0.1869,0.0993
1779816506947,2,11.0000004b,Drive,Delivery,pitch.1,335804,0.0118,0.018,0.0494,0.0196,-0.0738,0.0155,0.0,0.0
1779816506947,2,12.00000015,Lower Delivery,Delivery,pitch.1,335527,3.5478,-5.0652,75.7078,-156.6877,146.8109,-7.7037,-0.2059,-0.2197
1779816506947,2,12.00000018,Upper Delivery,Delivery,pitch.1,336083,-4.1944,-1.1348,13.3005,45.7597,10.7386,20.3469,-0.0857,0.327
1779816506947,2,Pitching Mound.Delivery,,Delivery,pitch.1,335287,-0.6466,-6.2001,89.0082,-89.7094,157.5495,10.0109,-0.1879,0.1004
1779816506947,2,Pitching Mound.Drive,,Delivery,pitch.1,335804,0.0118,0.018,0.0494,0.0196,-0.0738,0.0155,0.0,0.0
1779816506947,2,Pitching Mound.Parent,,Delivery,pitch.1,334994,-0.6349,-6.1821,89.0576,-89.6898,157.4757,10.0264,-0.1878,0.1003
1779816506948,2,11.0000004b,Drive,Delivery,pitch.1,335805,0.0162,0.0158,0.0515,0.0196,-0.0734,0.0151,0.0,0.0
1779816506948,2,12.00000015,Lower Delivery,Delivery,pitch.1,335528,3.4992,-4.9758,75.0391,-154.7273,146.203,-8.0596,-0.2068,-0.2189
1779816506948,2,12.00000018,Upper Delivery,Delivery,pitch.1,336084,-4.0222,-1.0712,12.912,44.9546,10.0743,19.6492,-0.0828,0.327
1779816506948,2,Pitching Mound.Delivery,,Delivery,pitch.1,335288,-0.5231,-6.047,87.9512,-88.6495,156.2773,9.0323,-0.1886,0.1014
1779816506948,2,Pitching Mound.Drive,,Delivery,pitch.1,335805,0.0162,0.0158,0.0515,0.0196,-0.0734,0.0151,0.0,0.0
1779816506948,2,Pitching Mound.Parent,,Delivery,pitch.1,334995,-0.5068,-6.0313,88.0027,-88.6299,156.2039,9.0475,-0.1885,0.1014
1779816506949,2,11.0000004b,Drive,Delivery,pitch.1,335806,0.0167,0.0164,0.0512,0.02,-0.0733,0.0154,0.0,0.0
1779816506949,2,12.00000015,Lower Delivery,Delivery,pitch.1,335529,3.473,-4.8436,75.4886,-154.7958,147.0702,-8.3063,-0.2068,-0.2177
1779816506949,2,12.00000018,Upper Delivery,Delivery,pitch.1,336085,-3.8181,-0.9551,12.6453,43.6974,9.6528,18.9908,-0.081,0.327
1779816506949,2,Pitching Mound.Delivery,,Delivery,pitch.1,335289,-0.3451,-5.7986,88.1339,-89.7316,156.7231,8.2055,-0.1888,0.1029
1779816506949,2,Pitching Mound.Drive,,Delivery,pitch.1,335806,0.0167,0.0164,0.0512,0.02,-0.0733,0.0154,0.0,0.0
1779816506949,2,Pitching Mound.Parent,,Delivery,pitch.1,334996,-0.3283,-5.7822,88.1851,-89.7116,156.6498,8.221,-0.1887,0.1028
1779816506950,2,11.0000004b,Drive,Delivery,pitch.1,335807,0.0147,0.0124,0.0523,0.017,-0.0729,0.0153,0.0,0.0
1779816506950,2,12.00000015,Lower Delivery,Delivery,pitch.1,335530,3.4324,-4.739,75.3831,-153.8158,147.1773,-8.5874,-0.2073,-0.2166
1779816506950,2,12.00000018,Upper Delivery,Delivery,pitch.1,336086,-3.6413,-0.8473,12.3548,43.138,9.5907,18.3882,-0.0824,0.327
1779816506950,2,Pitching Mound.Delivery,,Delivery,pitch.1,335290,-0.2089,-5.5863,87.7379,-89.2481,156.768,7.3958,-0.1897,0.1042
1779816506950,2,Pitching Mound.Drive,,Delivery,pitch.1,335807,0.0147,0.0124,0.0523,0.017,-0.0729,0.0153,0.0,0.0
1779816506950,2,Pitching Mound.Parent,,Delivery,pitch.1,334997,-0.1942,-5.5739,87.7902,-89.2311,156.6952,7.411,-0.1896,0.1041
1779816506951,2,11.0000004b,Drive,Delivery,pitch.1,335808,0.0176,0.0103,0.0551,0.0167,-0.0725,0.0138,0.0,0.0
1779816506951,2,12.00000015,Lower Delivery,Delivery,pitch.1,335531,3.3749,-4.6569,74.9481,-152.2985,146.1342,-8.904,-0.207,-0.2157
1779816506951,2,12.00000018,Upper Delivery,Delivery,pitch.1,336087,-3.4449,-0.7157,11.7169,41.1978,8.8893,17.5407,-0.0805,0.327
1779816506951,2,Pitching Mound.Delivery,,Delivery,pitch.1,335291,-0.07,-5.3726,86.665,-89.6021,155.0235,6.318,-0.1899,0.1057
1779816506951,2,Pitching Mound.Drive,,Delivery,pitch.1,335808,0.0176,0.0103,0.0551,0.0167,-0.0725,0.0138,0.0,0.0
1779816506951,2,Pitching Mound.Parent,,Delivery,pitch.1,334998,-0.0525,-5.3623,86.7201,-89.5854,154.9511,6.3318,-0.1898,0.1056
1779816506952,2,11.0000004b,Drive,Delivery,pitch.1,335809,0.0431,0.0123,0.0469,0.014,-0.0724,0.0124,0.0,0.0
1779816506952,2,12.00000015,Lower Delivery,Delivery,pitch.1,335532,3.3088,-4.5686,74.8728,-151.7178,145.9596,-9.1843,-0.207,-0.2151
1779816506952,2,12.00000018,Upper Delivery,Delivery,pitch.1,336088,-3.3092,-0.5893,11.175,40.4117,8.7683,16.7368,-0.0833,0.327
1779816506952,2,Pitching Mound.Delivery,,Delivery,pitch.1,335292,-0.0004,-5.1579,86.0478,-89.6488,154.7278,5.3024,-0.1909,0.107
1779816506952,2,Pitching Mound.Drive,,Delivery,pitch.1,335809,0.0431,0.0123,0.0469,0.014,-0.0724,0.0124,0.0,0.0
1779816506952,2,Pitching Mound.Parent,,Delivery,pitch.1,334999,0.0426,-5.1455,86.0947,-89.6349,154.6554,5.3148,-0.1908,0.1069
1779816506953,2,11.0000004b,Drive,Delivery,pitch.1,335810,0.0393,0.0085,0.0424,0.0143,-0.0728,0.0143,0.0,0.0
1779816506953,2,12.00000015,Lower Delivery,Delivery,pitch.1,335533,3.2578,-4.5138,74.3014,-150.2042,144.8965,-9.4866,-0.207,-0.2146
1779816506953,2,12.00000018,Upper Delivery,Delivery,pitch.1,336089,-3.0985,-0.3795,10.6448,38.1994,7.7622,15.6801,-0.0774,0.327
1779816506953,2,Pitching Mound.Delivery,,Delivery,pitch.1,335293,0.1593,-4.8932,84.9462,-90.3615,152.6587,4.0323,-0.1908,0.108
1779816506953,2,Pitching Mound.Drive,,Delivery,pitch.1,335810,0.0393,0.0085,0.0424,0.0143,-0.0728,0.0143,0.0,0.0
1779816506953,2,Pitching Mound.Parent,,Delivery,pitch.1,335000,0.1985,-4.8847,84.9886,-90.3473,152.5859,4.0466,-0.1907,0.108
1779816506954,2,11.0000004b,Drive,Delivery,pitch.1,335811,0.043,0.008,0.0443,0.0141,-0.0721,0.0129,0.0,0.0
1779816506954,2,12.00000015,Lower Delivery,Delivery,pitch.1,335534,3.1417,-4.4462,74.3905,-149.674,144.5844,-9.7988,-0.2063,-0.2136
1779816506954,2,12.00000018,Upper Delivery,Delivery,pitch.1,336090,-2.8781,-0.2709,10.1482,35.7354,7.1133,14.8231,-0.0744,0.327
1779816506954,2,Pitching Mound.Delivery,,Delivery,pitch.1,335294,0.2636,-4.7171,84.5387,-92.0962,151.6977,2.9776,-0.1905,0.1097
1779816506954,2,Pitching Mound.Drive,,Delivery,pitch.1,335811,0.043,0.008,0.0443,0.0141,-0.0721,0.0129,0.0,0.0
1779816506954,2,Pitching Mound.Parent,,Delivery,pitch.1,335001,0.3066,-4.709,84.583,-92.0822,151.6257,2.9905,-0.1904,0.1096
1779816506955,2,11.0000004b,Drive,Delivery,pitch.1,335812,0.0466,0.0062,0.0453,0.0131,-0.0728,0.0139,0.0,0.0
1779816506955,2,12.00000015,Lower Delivery,Delivery,pitch.1,335535,3.0315,-4.3778,74.3725,-149.1401,144.1951,-10.1094,-0.2058,-0.2129
1779816506955,2,12.00000018,Upper Delivery,Delivery,pitch.1,336091,-2.7546,-0.2107,10.2692,34.8837,7.2769,14.0295,-0.0752,0.327
1779816506955,2,Pitching Mound.Delivery,,Delivery,pitch.1,335295,0.277,-4.5885,84.6417,-92.4613,151.4719,1.9528,-0.19,0.1101
1779816506955,2,Pitching Mound.Drive,,Delivery,pitch.1,335812,0.0466,0.0062,0.0453,0.0131,-0.0728,0.0139,0.0,0.0
1779816506955,2,Pitching Mound.Parent,,Delivery,pitch.1,335002,0.3236,-4.5822,84.687,-92.4482,151.3991,1.9667,-0.1899,0.1101
1779816506956,2,11.0000004b,Drive,Delivery,pitch.1,335813,0.0406,0.0141,0.0447,0.0154,-0.0738,0.0146,0.0,0.0
1779816506956,2,11.0000004b,Drive,Delivery,pitch.1,335814,0.0431,0.0128,0.0435,0.015,-0.0724,0.0116,0.0,0.0
1779816506956,2,12.00000015,Lower Delivery,Delivery,pitch.1,335536,2.9067,-4.3349,74.4076,-148.7635,143.8119,-10.4353,-0.2052,-0.2123
1779816506956,2,12.00000018,Upper Delivery,Delivery,pitch.1,336092,-2.6152,-0.0678,10.6635,33.7091,6.6343,13.1161,-0.066,0.327
1779816506956,2,Pitching Mound.Delivery,,Delivery,pitch.1,335296,0.2915,-4.4027,85.0711,-93.3815,150.4461,0.8033,-0.1877,0.1101
1779816506956,2,Pitching Mound.Drive,,Delivery,pitch.1,335813,0.0406,0.0141,0.0447,0.0154,-0.0738,0.0146,0.0,0.0
1779816506956,2,Pitching Mound.Drive,,Delivery,pitch.1,335814,0.0431,0.0128,0.0435,0.015,-0.0724,0.0116,0.0,0.0
1779816506956,2,Pitching Mound.Parent,,Delivery,pitch.1,335003,0.3321,-4.3886,85.1158,-93.366,150.3723,0.8179,-0.1876,0.1101
1779816506957,2,11.0000004b,Drive,Delivery,pitch.1,335815,0.0523,0.0125,0.0478,0.0136,-0.0723,0.0108,0.0,0.0
1779816506957,2,12.00000015,Lower Delivery,Delivery,pitch.1,335537,2.7341,-4.2963,74.0068,-147.6371,142.7707,-10.7919,-0.2048,-0.2118
1779816506957,2,12.00000018,Upper Delivery,Delivery,pitch.1,336093,-2.414,-0.0007,10.6205,32.1265,6.424,12.3477,-0.0642,0.3211
1779816506957,2,Pitching Mound.Delivery,,Delivery,pitch.1,335297,0.3201,-4.297,84.6273,-93.9593,149.1947,-0.1945,-0.1872,0.1098
1779816506957,2,Pitching Mound.Drive,,Delivery,pitch.1,335815,0.0523,0.0125,0.0478,0.0136,-0.0723,0.0108,0.0,0.0
1779816506957,2,Pitching Mound.Parent,,Delivery,pitch.1,335004,0.3631,-4.2842,84.6708,-93.9444,149.1224,-0.1829,-0.1871,0.1097
1779816506958,2,11.0000004b,Drive,Delivery,pitch.1,335816,0.0423,0.0144,0.0443,0.0139,-0.0738,0.01,0.0,0.0
1779816506958,2,12.00000015,Lower Delivery,Delivery,pitch.1,335538,2.6033,-4.2682,73.6214,-146.2877,141.5484,-11.0806,-0.2041,-0.2109
1779816506958,2,12.00000018,Upper Delivery,Delivery,pitch.1,336094,-2.317,0.0888,10.6271,31.7717,6.1907,11.9075,-0.0618,0.3174
1779816506958,2,Pitching Mound.Delivery,,Delivery,pitch.1,335298,0.2863,-4.1794,84.2485,-93.0979,147.7391,-0.846,-0.1862,0.1099
1779816506958,2,Pitching Mound.Drive,,Delivery,pitch.1,335816,0.0423,0.0144,0.0443,0.0139,-0.0738,0.01,0.0,0.0
1779816506958,2,Pitching Mound.Parent,,Delivery,pitch.1,335005,0.3386,-4.1669,84.2963,-93.0843,147.6668,-0.8352,-0.1861,0.1099
1779816506959,2,11.0000004b,Drive,Delivery,pitch.1,335817,0.0443,0.015,0.045,0.0137,-0.0754,0.0101,0.0,0.0
1779816506959,2,12.00000015,Lower Delivery,Delivery,pitch.1,335539,2.4452,-4.2346,73.7312,-146.3319,141.5953,-11.3952,-0.2039,-0.2107
1779816506959,2,12.00000018,Upper Delivery,Delivery,pitch.1,336095,-2.2239,0.1449,10.7938,31.3887,6.0895,11.5469,-0.0599,0.3087
1779816506959,2,Pitching Mound.Delivery,,Delivery,pitch.1,335299,0.2213,-4.0898,84.525,-93.5444,147.6848,-1.4358,-0.1855,0.1088
1779816506959,2,Pitching Mound.Drive,,Delivery,pitch.1,335817,0.0443,0.015,0.045,0.0137,-0.0754,0.0101,0.0,0.0
1779816506959,2,Pitching Mound.Parent,,Delivery,pitch.1,335006,0.2636,-4.0754,84.5693,-93.5305,147.611,-1.4258,-0.1854,0.1087
1779816506960,2,11.0000004b,Drive,Delivery,pitch.1,335818,0.039,0.0193,0.0432,0.0168,-0.0734,0.0116,0.0,0.0
1779816506960,2,12.00000015,Lower Delivery,Delivery,pitch.1,335540,2.1814,-4.1688,73.6445,-146.1484,142.268,-12.034,-0.2051,-0.2107
1779816506960,2,12.00000018,Upper Delivery,Delivery,pitch.1,336096,-2.0099,0.1177,9.8374,29.3429,5.8607,11.1713,-0.0632,0.3167
1779816506960,2,Pitching Mound.Delivery,,Delivery,pitch.1,335300,0.1715,-4.0511,83.4819,-95.1111,148.1287,-2.2877,-0.1884,0.1113
1779816506960,2,Pitching Mound.Drive,,Delivery,pitch.1,335818,0.039,0.0193,0.0432,0.0168,-0.0734,0.0116,0.0,0.0
1779816506960,2,Pitching Mound.Parent,,Delivery,pitch.1,335007,0.2158,-4.0361,83.5269,-95.0974,148.0532,-2.2776,-0.1883,0.1113
1779816506961,2,11.0000004b,Drive,Delivery,pitch.1,335819,0.0386,0.0163,0.0433,0.0158,-0.0755,0.0087,0.0,0.0
1779816506961,2,12.00000015,Lower Delivery,Delivery,pitch.1,335541,1.9684,-4.1025,74.1677,-147.0373,143.249,-12.4492,-0.205,-0.2105
1779816506961,2,12.00000018,Upper Delivery,Delivery,pitch.1,336097,-1.8097,0.1378,9.3327,28.9989,6.0218,10.9132,-0.0685,0.327
1779816506961,2,Pitching Mound.Delivery,,Delivery,pitch.1,335301,0.1587,-3.9647,83.5004,-95.9946,149.2707,-2.8206,-0.1898,0.1136
1779816506961,2,Pitching Mound.Drive,,Delivery,pitch.1,335819,0.0386,0.0163,0.0433,0.0158,-0.0755,0.0087,0.0,0.0
1779816506961,2,Pitching Mound.Parent,,Delivery,pitch.1,335008,0.1977,-3.9454,83.5436,-95.9778,149.1974,-2.8089,-0.1897,0.1135
1779816506962,2,11.0000004b,Drive,Delivery,pitch.1,335820,0.0244,0.0158,0.0515,0.0161,-0.0736,0.0076,0.0,0.0
1779816506962,2,12.00000015,Lower Delivery,Delivery,pitch.1,335542,1.7225,-4.0248,74.0805,-146.4065,143.174,-12.9274,-0.2052,-0.2098
1779816506962,2,12.00000018,Upper Delivery,Delivery,pitch.1,336098,-1.5916,0.1286,9.0018,26.7984,5.3401,10.4553,-0.063,0.316
1779816506962,2,Pitching Mound.Delivery,,Delivery,pitch.1,335302,0.1309,-3.8962,83.0823,-97.4813,148.5141,-3.5989,-0.1898,0.1135
1779816506962,2,Pitching Mound.Drive,,Delivery,pitch.1,335820,0.0244,0.0158,0.0515,0.0161,-0.0736,0.0076,0.0,0.0
1779816506962,2,Pitching Mound.Parent,,Delivery,pitch.1,335009,0.1696,-3.8799,83.1256,-97.4655,148.4386,-3.5902,-0.1897,0.1134
1779816506963,2,11.0000004b,Drive,Delivery,pitch.1,335821,0.0235,0.0165,0.0541,0.0163,-0.0727,0.007,0.0,0.0
1779816506963,2,12.00000015,Lower Delivery,Delivery,pitch.1,335543,1.585,-3.9927,73.4252,-144.5701,141.4741,-13.1763,-0.2046,-0.209
1779816506963,2,12.00000018,Upper Delivery,Delivery,pitch.1,336099,-1.5843,0.1819,9.381,26.5569,5.3081,10.0849,-0.0601,0.3005
1779816506963,2,Pitching Mound.Delivery,,Delivery,pitch.1,335303,0.0007,-3.8109,82.8062,-96.2382,146.7821,-4.169,-0.1882,0.1117
1779816506963,2,Pitching Mound.Drive,,Delivery,pitch.1,335821,0.0235,0.0165,0.0541,0.0163,-0.0727,0.007,0.0,0.0
1779816506963,2,Pitching Mound.Parent,,Delivery,pitch.1,335010,0.0251,-3.7951,82.8577,-96.222,146.7085,-4.1614,-0.1881,0.1116
1779816506964,2,11.0000004b,Drive,Delivery,pitch.1,335822,0.0198,0.0246,0.0504,0.0188,-0.0718,0.0077,0.0,0.0
1779816506964,2,12.00000015,Lower Delivery,Delivery,pitch.1,335544,1.3699,-3.9083,73.5237,-143.942,141.3659,-13.6682,-0.2041,-0.2078
1779816506964,2,12.00000018,Upper Delivery,Delivery,pitch.1,336100,-1.1889,0.0389,7.9749,25.174,5.4647,9.7224,-0.0727,0.327
1779816506964,2,Pitching Mound.Delivery,,Delivery,pitch.1,335304,0.181,-3.8694,81.4986,-96.4813,146.8305,-4.8158,-0.1913,0.118
1779816506964,2,Pitching Mound.Drive,,Delivery,pitch.1,335822,0.0198,0.0246,0.0504,0.0188,-0.0718,0.0077,0.0,0.0
1779816506964,2,Pitching Mound.Parent,,Delivery,pitch.1,335011,0.2045,-3.8529,81.5527,-96.4651,146.7579,-4.8088,-0.1911,0.1179
1779816506965,2,11.0000004b,Drive,Delivery,pitch.1,335823,0.0135,0.0261,0.0568,0.0193,-0.0724,0.0091,0.0,0.0
1779816506965,2,12.00000015,Lower Delivery,Delivery,pitch.1,335545,1.1976,-3.8458,73.3527,-142.9465,140.716,-13.9951,-0.2037,-0.2069
1779816506965,2,12.00000018,Upper Delivery,Delivery,pitch.1,336101,-1.0309,0.0538,7.3545,23.6986,4.6346,9.3551,-0.0669,0.327
1779816506965,2,Pitching Mound.Delivery,,Delivery,pitch.1,335305,0.1667,-3.792,80.7071,-96.8085,145.3506,-5.3977,-0.1912,0.1198
1779816506965,2,Pitching Mound.Drive,,Delivery,pitch.1,335823,0.0135,0.0261,0.0568,0.0193,-0.0724,0.0091,0.0,0.0
1779816506965,2,Pitching Mound.Parent,,Delivery,pitch.1,335012,0.1864,-3.7674,80.7575,-96.7896,145.2788,-5.39,-0.1911,0.1197
1779816506966,2,11.0000004b,Drive,Delivery,pitch.1,335824,0.0207,0.0275,0.0466,0.0203,-0.0725,0.0057,0.0,0.0
1779816506966,2,12.00000015,Lower Delivery,Delivery,pitch.1,335546,1.0181,-3.7895,73.3481,-142.1399,140.4053,-14.3163,-0.2032,-0.2057
1779816506966,2,12.00000018,Upper Delivery,Delivery,pitch.1,336102,-0.8254,0.0376,6.4756,22.0205,4.1834,8.8748,-0.0686,0.327
1779816506966,2,Pitching Mound.Delivery,,Delivery,pitch.1,335306,0.1926,-3.752,79.8236,-97.3828,144.5887,-6.0683,-0.1923,0.1223
1779816506966,2,Pitching Mound.Drive,,Delivery,pitch.1,335824,0.0207,0.0275,0.0466,0.0203,-0.0725,0.0057,0.0,0.0
1779816506966,2,Pitching Mound.Parent,,Delivery,pitch.1,335013,0.2061,-3.7259,79.8804,-97.3634,144.5163,-6.0592,-0.1922,0.1222
1779816506967,2,11.0000004b,Drive,Delivery,pitch.1,335825,0.014,0.0288,0.0522,0.0184,-0.0721,0.0091,0.0,0.0
1779816506967,2,12.00000015,Lower Delivery,Delivery,pitch.1,335547,0.8629,-3.715,73.0751,-140.4081,139.2727,-14.6154,-0.2023,-0.204
1779816506967,2,12.00000018,Upper Delivery,Delivery,pitch.1,336103,-0.7261,0.0457,6.0233,21.0073,4.0765,8.4532,-0.0718,0.327
1779816506967,2,Pitching Mound.Delivery,,Delivery,pitch.1,335307,0.1368,-3.6693,79.0984,-96.6032,143.3492,-6.7024,-0.1924,0.1247
1779816506967,2,Pitching Mound.Drive,,Delivery,pitch.1,335825,0.014,0.0288,0.0522,0.0184,-0.0721,0.0091,0.0,0.0
1779816506967,2,Pitching Mound.Parent,,Delivery,pitch.1,335014,0.1575,-3.6418,79.145,-96.583,143.2767,-6.6968,-0.1923,0.1246
1779816506968,2,11.0000004b,Drive,Delivery,pitch.1,335826,0.01,0.0298,0.0438,0.0185,-0.0719,0.0086,0.0,0.0
1779816506968,2,12.00000015,Lower Delivery,Delivery,pitch.1,335548,0.7081,-3.6597,72.5503,-138.5141,138.0119,-14.9723,-0.202,-0.2027
1779816506968,2,12.00000018,Upper Delivery,Delivery,pitch.1,336104,-0.6141,0.0742,5.4022,19.2103,3.4703,7.9055,-0.0682,0.327
1779816506968,2,Pitching Mound.Delivery,,Delivery,pitch.1,335308,0.094,-3.5855,77.9525,-96.4734,141.4821,-7.5163,-0.1927,0.1269
1779816506968,2,Pitching Mound.Drive,,Delivery,pitch.1,335826,0.01,0.0298,0.0438,0.0185,-0.0719,0.0086,0.0,0.0
1779816506968,2,Pitching Mound.Parent,,Delivery,pitch.1,335015,0.108,-3.5567,78.0047,-96.455,141.4101,-7.5072,-0.1926,0.1268
1779816506969,2,11.0000004b,Drive,Delivery,pitch.1,335827,0.0087,0.0256,0.0551,0.0165,-0.0692,0.0068,0.0,0.0
1779816506969,2,12.00000015,Lower Delivery,Delivery,pitch.1,335549,0.5518,-3.6258,72.0271,-136.974,136.5412,-15.2427,-0.2013,-0.2019
1779816506969,2,12.00000018,Upper Delivery,Delivery,pitch.1,336105,-0.5079,0.144,4.6285,18.0184,3.2668,7.0846,-0.0749,0.327
1779816506969,2,Pitching Mound.Delivery,,Delivery,pitch.1,335309,0.0438,-3.4818,76.6556,-96.04,139.808,-8.5184,-0.1936,0.129
1779816506969,2,Pitching Mound.Drive,,Delivery,pitch.1,335827,0.0087,0.0256,0.0551,0.0165,-0.0692,0.0068,0.0,0.0
1779816506969,2,Pitching Mound.Parent,,Delivery,pitch.1,335016,0.0538,-3.4519,76.6994,-96.0215,139.7362,-8.5097,-0.1935,0.1289
1779816506970,2,11.0000004b,Drive,Delivery,pitch.1,335828,0.0142,0.0238,0.0552,0.0151,-0.0683,0.0098,0.0,0.0
1779816506970,2,12.00000015,Lower Delivery,Delivery,pitch.1,335550,0.4188,-3.5653,72.177,-136.5851,136.6089,-15.3718,-0.2009,-0.2009
1779816506970,2,12.00000018,Upper Delivery,Delivery,pitch.1,336106,-0.4584,0.2356,3.5882,17.4583,2.9963,6.499,-0.0887,0.327
1779816506970,2,Pitching Mound.Delivery,,Delivery,pitch.1,335310,-0.0397,-3.3298,75.7652,-95.8067,139.6052,-9.1711,-0.1956,0.1319
1779816506970,2,Pitching Mound.Drive,,Delivery,pitch.1,335828,0.0142,0.0238,0.0552,0.0151,-0.0683,0.0098,0.0,0.0
1779816506970,2,Pitching Mound.Parent,,Delivery,pitch.1,335017,-0.031,-3.3041,75.8203,-95.7902,139.5359,-9.1643,-0.1955,0.1318
1779816506971,2,11.0000004b,Drive,Delivery,pitch.1,335829,0.0189,0.0205,0.0597,0.0132,-0.0668,0.0102,0.0,0.0
1779816506971,2,12.00000015,Lower Delivery,Delivery,pitch.1,335551,0.3166,-3.5006,72.2592,-136.1295,136.1692,-15.5106,-0.2001,-0.2
1779816506971,2,12.00000018,Upper Delivery,Delivery,pitch.1,336107,-0.4087,0.2636,2.8439,17.0736,3.2168,6.1203,-0.1201,0.327
1779816506971,2,Pitching Mound.Delivery,,Delivery,pitch.1,335311,-0.0921,-3.237,75.1031,-95.4547,139.386,-9.6369,-0.197,0.1342
1779816506971,2,Pitching Mound.Drive,,Delivery,pitch.1,335829,0.0189,0.0205,0.0597,0.0132,-0.0668,0.0102,0.0,0.0
1779816506971,2,Pitching Mound.Parent,,Delivery,pitch.1,335018,-0.0779,-3.2133,75.1583,-95.4396,139.3176,-9.6271,-0.1969,0.1341
1779816506972,2,11.0000004b,Drive,Delivery,pitch.1,335830,0.0244,0.0214,0.0566,0.0153,-0.0669,0.0157,0.0,0.0
1779816506972,2,12.00000015,Lower Delivery,Delivery,pitch.1,335552,0.2207,-3.4457,72.2861,-135.5496,135.8274,-15.666,-0.1995,-0.1991
1779816506972,2,12.00000018,Upper Delivery,Delivery,pitch.1,336108,-0.3384,0.2424,1.7989,15.0934,2.8781,5.5178,0.0,0.0
1779816506972,2,Pitching Mound.Delivery,,Delivery,pitch.1,335312,-0.1178,-3.2033,74.0849,-96.4905,138.7055,-10.3383,-0.1946,0.1292
1779816506972,2,Pitching Mound.Drive,,Delivery,pitch.1,335830,0.0244,0.0214,0.0566,0.0153,-0.0669,0.0157,0.0,0.0
1779816506972,2,Pitching Mound.Parent,,Delivery,pitch.1,335019,-0.0989,-3.1828,74.1446,-96.4773,138.6386,-10.3281,-0.1945,0.1291
1779816506973,2,11.0000004b,Drive,Delivery,pitch.1,335831,0.0296,0.022,0.0492,0.015,-0.0659,0.015,0.0,0.0
1779816506973,2,12.00000015,Lower Delivery,Delivery,pitch.1,335553,0.1089,-3.4361,70.9935,-132.8046,133.5213,-15.8589,-0.1997,-0.1986
1779816506973,2,12.00000018,Upper Delivery,Delivery,pitch.1,336109,-0.1497,0.1686,1.0219,12.2483,2.6744,4.8528,0.0,0.0
1779816506973,2,Pitching Mound.Delivery,,Delivery,pitch.1,335313,-0.0407,-3.2675,72.0153,-96.766,136.1956,-11.094,-0.1968,0.1346
1779816506973,2,Pitching Mound.Drive,,Delivery,pitch.1,335831,0.0296,0.022,0.0492,0.015,-0.0659,0.015,0.0,0.0
1779816506973,2,Pitching Mound.Parent,,Delivery,pitch.1,335020,-0.0163,-3.2461,72.0719,-96.7507,136.1287,-11.0783,-0.1967,0.1345
1779816506974,2,11.0000004b,Drive,Delivery,pitch.1,335832,0.0337,0.0249,0.0538,0.0154,-0.0659,0.0157,0.0,0.0
1779816506974,2,12.00000015,Lower Delivery,Delivery,pitch.1,335554,0.0309,-3.3567,70.9873,-132.6511,133.4725,-15.9074,-0.1996,-0.1984
1779816506974,2,12.00000018,Upper Delivery,Delivery,pitch.1,336110,0.0164,0.0899,0.3727,9.3791,1.5562,4.1976,0.0,0.0
1779816506974,2,Pitching Mound.Delivery,,Delivery,pitch.1,335314,0.0473,-3.2669,71.3601,-99.263,135.0288,-11.7147,-0.1986,0.1391
1779816506974,2,Pitching Mound.Drive,,Delivery,pitch.1,335832,0.0337,0.0249,0.0538,0.0154,-0.0659,0.0157,0.0,0.0
1779816506974,2,Pitching Mound.Parent,,Delivery,pitch.1,335021,0.0769,-3.2448,71.4092,-99.248,134.9628,-11.6998,-0.1984,0.139
1779816506975,2,11.0000004b,Drive,Delivery,pitch.1,335833,0.031,0.0207,0.0524,0.0173,-0.0663,0.0151,0.0,0.0
1779816506975,2,12.00000015,Lower Delivery,Delivery,pitch.1,335555,-0.0513,-3.2898,70.7999,-131.8828,132.9831,-16.0849,-0.1994,-0.1978
1779816506975,2,12.00000018,Upper Delivery,Delivery,pitch.1,336111,-0.0009,-0.031,0.0691,6.5283,0.0833,3.4961,0.0,0.0
1779816506975,2,Pitching Mound.Delivery,,Delivery,pitch.1,335315,-0.0522,-3.3208,70.869,-101.3061,133.0664,-12.5716,-0.1992,0.1418
1779816506975,2,Pitching Mound.Drive,,Delivery,pitch.1,335833,0.031,0.0207,0.0524,0.0173,-0.0663,0.0151,0.0,0.0
1779816506975,2,Pitching Mound.Parent,,Delivery,pitch.1,335022,-0.0185,-3.2959,70.9228,-101.2907,133.0005,-12.5559,-0.1991,0.1417
1779816506976,2,11.0000004b,Drive,Delivery,pitch.1,335834,0.0361,0.027,0.0439,0.0159,-0.0662,0.0142,0.0,0.0
1779816506976,2,12.00000015,Lower Delivery,Delivery,pitch.1,335556,-0.1277,-3.2233,70.176,-130.6293,131.8755,-16.1773,-0.1995,-0.1976
1779816506976,2,12.00000018,Upper Delivery,Delivery,pitch.1,336112,0.005,-0.0379,0.0665,4.7516,-0.4358,3.0256,0.0,0.0
1779816506976,2,Pitching Mound.Delivery,,Delivery,pitch.1,335316,-0.1226,-3.2612,70.2425,-102.0405,131.4397,-13.1066,-0.1993,0.1419
1779816506976,2,Pitching Mound.Drive,,Delivery,pitch.1,335834,0.0361,0.027,0.0439,0.0159,-0.0662,0.0142,0.0,0.0
1779816506976,2,Pitching Mound.Parent,,Delivery,pitch.1,335023,-0.0916,-3.2405,70.2949,-102.0232,131.3733,-13.0915,-0.1992,0.1418
1779816506977,2,11.0000004b,Drive,Delivery,pitch.1,335835,0.0362,0.0252,0.0443,0.0116,-0.0656,0.0128,0.0,0.0
1779816506977,2,12.00000015,Lower Delivery,Delivery,pitch.1,335557,-0.1969,-3.1241,70.1775,-130.4048,132.3782,-16.3573,-0.2003,-0.1973
1779816506977,2,12.00000018,Upper Delivery,Delivery,pitch.1,336113,0.0068,-0.0317,0.0654,2.7303,-1.1455,2.5318,0.0,0.0
1779816506977,2,Pitching Mound.Delivery,,Delivery,pitch.1,335317,-0.1901,-3.1557,70.2429,-103.8364,131.2327,-13.7563,-0.2001,0.1423
1779816506977,2,Pitching Mound.Drive,,Delivery,pitch.1,335835,0.0362,0.0252,0.0443,0.0116,-0.0656,0.0128,0.0,0.0
1779816506977,2,Pitching Mound.Parent,,Delivery,pitch.1,335024,-0.154,-3.1288,70.2868,-103.8204,131.1665,-13.742,-0.1999,0.1422
1779816506978,2,11.0000004b,Drive,Delivery,pitch.1,335836,0.0331,0.0212,0.0453,0.0113,-0.0679,0.0136,0.0,0.0
1779816506978,2,12.00000015,Lower Delivery,Delivery,pitch.1,335558,-0.2647,-3.02,70.0648,-130.1136,132.1668,-16.6075,-0.2003,-0.1971
1779816506978,2,12.00000018,Upper Delivery,Delivery,pitch.1,336114,0.0119,-0.0283,0.068,1.5652,-0.9853,2.0615,0.0,0.0
1779816506978,2,Pitching Mound.Delivery,,Delivery,pitch.1,335318,-0.2528,-3.0484,70.1329,-104.7495,131.1815,-14.452,-0.2001,0.1424
1779816506978,2,Pitching Mound.Drive,,Delivery,pitch.1,335836,0.0331,0.0212,0.0453,0.0113,-0.0679,0.0136,0.0,0.0
1779816506978,2,Pitching Mound.Parent,,Delivery,pitch.1,335025,-0.2166,-3.0232,70.1772,-104.7379,131.1159,-14.4392,-0.1999,0.1423
1779816506979,2,11.0000004b,Drive,Delivery,pitch.1,335837,0.0416,0.0212,0.0477,0.0099,-0.0681,0.0144,0.0,0.0
1779816506979,2,12.00000015,Lower Delivery,Delivery,pitch.1,335559,-0.3592,-2.9257,69.0061,-128.4621,130.7308,-16.8668,-0.2011,-0.1976
1779816506979,2,12.00000018,Upper Delivery,Delivery,pitch.1,336115,0.0154,-0.0312,0.0714,0.697,-0.4836,1.7713,0.0,0.0
1779816506979,2,Pitching Mound.Delivery,,Delivery,pitch.1,335319,-0.3438,-2.957,69.0775,-104.3273,130.2472,-14.9681,-0.2009,0.1419
1779816506979,2,Pitching Mound.Drive,,Delivery,pitch.1,335837,0.0416,0.0212,0.0477,0.0099,-0.0681,0.0144,0.0,0.0
1779816506979,2,Pitching Mound.Parent,,Delivery,pitch.1,335026,-0.3107,-2.9358,69.1228,-104.316,130.1793,-14.9545,-0.2008,0.1418
1779816506980,2,11.0000004b,Drive,Delivery,pitch.1,335838,0.0403,0.0205,0.0451,0.0138,-0.0703,0.0123,0.0,0.0
1779816506980,2,12.00000015,Lower Delivery,Delivery,pitch.1,335560,-0.4845,-2.8317,67.5723,-125.9552,128.5191,-17.1651,-0.2019,-0.1979
1779816506980,2,12.00000018,Upper Delivery,Delivery,pitch.1,336116,0.0114,-0.0457,0.0782,0.2086,-0.2014,1.4608,0.0,0.0
1779816506980,2,Pitching Mound.Delivery,,Delivery,pitch.1,335320,-0.4732,-2.8774,67.6506,-102.7986,128.3177,-15.5357,-0.2017,0.1416
1779816506980,2,Pitching Mound.Drive,,Delivery,pitch.1,335838,0.0403,0.0205,0.0451,0.0138,-0.0703,0.0123,0.0,0.0
1779816506980,2,Pitching Mound.Parent,,Delivery,pitch.1,335027,-0.4316,-2.8562,67.6982,-102.7886,128.2497,-15.5213,-0.2015,0.1415
1779816506981,2,11.0000004b,Drive,Delivery,pitch.1,335839,0.0377,0.0215,0.0528,0.0152,-0.0701,0.0134,0.0,0.0
1779816506981,2,12.00000015,Lower Delivery,Delivery,pitch.1,335561,-0.5183,-2.6543,67.8416,-126.5027,128.9771,-17.3117,-0.2018,-0.198
1779816506981,2,12.00000015,Lower Delivery,Delivery,pitch.1,335562,-0.5846,-2.4819,67.8507,-126.0814,128.746,-17.4271,-0.2014,-0.1973
1779816506981,2,12.00000018,Upper Delivery,Delivery,pitch.1,336117,-0.1448,-0.158,0.226,-0.1908,0.0293,1.1406,0.0,0.0
1779816506981,2,Pitching Mound.Delivery,,Delivery,pitch.1,335321,-0.6631,-2.8123,68.0676,-103.7042,129.0064,-16.0441,-0.2012,0.1404
1779816506981,2,Pitching Mound.Drive,,Delivery,pitch.1,335839,0.0377,0.0215,0.0528,0.0152,-0.0701,0.0134,0.0,0.0
1779816506981,2,Pitching Mound.Parent,,Delivery,pitch.1,335028,-0.6228,-2.7919,68.1127,-103.6903,128.9362,-16.0317,-0.201,0.1403
1779816506982,2,11.0000004b,Drive,Delivery,pitch.1,335840,0.0332,0.0116,0.0483,0.0123,-0.0702,0.0105,0.0,0.0
1779816506982,2,12.00000015,Lower Delivery,Delivery,pitch.1,335563,-0.6311,-2.3894,66.8888,-124.3669,127.2151,-17.5453,-0.2019,-0.1974
1779816506982,2,12.00000018,Upper Delivery,Delivery,pitch.1,336118,-0.1525,-0.1433,0.2321,-0.1728,0.0188,0.9403,0.0,0.0
1779816506982,2,Pitching Mound.Delivery,,Delivery,pitch.1,335322,-0.7371,-2.6252,68.0827,-103.2639,128.7648,-16.3398,-0.2008,0.1411
1779816506982,2,Pitching Mound.Drive,,Delivery,pitch.1,335840,0.0332,0.0116,0.0483,0.0123,-0.0702,0.0105,0.0,0.0
1779816506982,2,Pitching Mound.Parent,,Delivery,pitch.1,335029,-0.6994,-2.6037,68.1355,-103.2487,128.6947,-16.3264,-0.2006,0.141
1779816506983,2,11.0000004b,Drive,Delivery,pitch.1,335841,0.0324,0.0125,0.0494,0.0154,-0.0719,0.0067,0.0,0.0
1779816506983,2,12.00000015,Lower Delivery,Delivery,pitch.1,335564,-0.6862,-2.2734,66.2407,-122.8913,126.3016,-17.5725,-0.2024,-0.197
1779816506983,2,12.00000018,Upper Delivery,Delivery,pitch.1,336119,-0.1734,-0.1518,0.2577,-0.15,0.0056,0.6862,0.0,0.0
1779816506983,2,Pitching Mound.Delivery,,Delivery,pitch.1,335323,-0.8045,-2.5413,67.1466,-101.8623,127.2207,-16.7035,-0.2011,0.1408
1779816506983,2,Pitching Mound.Drive,,Delivery,pitch.1,335841,0.0324,0.0125,0.0494,0.0154,-0.0719,0.0067,0.0,0.0
1779816506983,2,Pitching Mound.Parent,,Delivery,pitch.1,335030,-0.7713,-2.5296,67.1949,-101.85,127.1505,-16.693,-0.201,0.1407
1779816506984,2,11.0000004b,Drive,Delivery,pitch.1,335842,0.0413,0.005,0.0481,0.014,-0.0715,0.0056,0.0,0.0
1779816506984,2,12.00000015,Lower Delivery,Delivery,pitch.1,335565,-0.7267,-2.2075,65.8953,-122.0029,125.686,-17.5929,-0.2025,-0.1966
1779816506984,2,12.00000018,Upper Delivery,Delivery,pitch.1,336120,-0.2008,-0.1533,0.2815,-0.1288,-0.0068,0.4496,0.0,0.0
1779816506984,2,Pitching Mound.Delivery,,Delivery,pitch.1,335324,-0.887,-2.4267,66.5222,-100.594,126.2948,-16.9578,-0.2016,0.141
1779816506984,2,Pitching Mound.Drive,,Delivery,pitch.1,335842,0.0413,0.005,0.0481,0.014,-0.0715,0.0056,0.0,0.0
1779816506984,2,Pitching Mound.Parent,,Delivery,pitch.1,335031,-0.8546,-2.4141,66.5716,-100.5785,126.2229,-16.9512,-0.2014,0.1409
1779816506985,2,11.0000004b,Drive,Delivery,pitch.1,335843,0.0338,0.004,0.0368,0.0138,-0.0717,0.0043,0.0,0.0
1779816506985,2,12.00000015,Lower Delivery,Delivery,pitch.1,335566,-0.7986,-2.1337,65.7717,-121.358,125.5062,-17.5462,-0.2026,-0.1959
1779816506985,2,12.00000018,Upper Delivery,Delivery,pitch.1,336121,-0.2196,-0.1747,0.2958,-0.1148,-0.015,0.2932,0.0,0.0
1779816506985,2,Pitching Mound.Delivery,,Delivery,pitch.1,335325,-0.9463,-2.3822,66.1911,-99.8138,125.6711,-17.1273,-0.2016,0.1413
1779816506985,2,Pitching Mound.Drive,,Delivery,pitch.1,335843,0.0338,0.004,0.0368,0.0138,-0.0717,0.0043,0.0,0.0
1779816506985,2,Pitching Mound.Parent,,Delivery,pitch.1,335032,-0.905,-2.3773,66.2392,-99.7998,125.5995,-17.1218,-0.2014,0.1412
1779816506986,2,11.0000004b,Drive,Delivery,pitch.1,335844,0.0357,0.0021,0.0376,0.0139,-0.072,0.0037,0.0,0.0
1779816506986,2,12.00000015,Lower Delivery,Delivery,pitch.1,335567,-0.8641,-2.1228,64.9925,-120.0141,123.9654,-17.4094,-0.2025,-0.196
1779816506986,2,12.00000018,Upper Delivery,Delivery,pitch.1,336122,-0.2662,-0.2107,0.3394,-0.1014,-0.0228,0.1438,0.0,0.0
1779816506986,2,Pitching Mound.Delivery,,Delivery,pitch.1,335326,-1.0648,-2.3444,66.111,-99.2124,125.4834,-17.2214,-0.2015,0.1416
1779816506986,2,Pitching Mound.Drive,,Delivery,pitch.1,335844,0.0357,0.0021,0.0376,0.0139,-0.072,0.0037,0.0,0.0
1779816506986,2,Pitching Mound.Parent,,Delivery,pitch.1,335033,-1.031,-2.3404,66.1478,-99.1986,125.4117,-17.2171,-0.2014,0.1416
1779816506987,2,11.0000004b,Drive,Delivery,pitch.1,335845,0.0293,0.0023,0.0342,0.014,-0.0725,0.004,0.0,0.0
1779816506987,2,12.00000015,Lower Delivery,Delivery,pitch.1,335568,-0.9547,-2.1126,64.3974,-118.8891,122.7595,-17.2731,-0.2024,-0.196
1779816506987,2,12.00000018,Upper Delivery,Delivery,pitch.1,336124,-0.4172,-0.3295,0.477,-0.0884,-0.0304,-0.0012,0.0,0.0
1779816506987,2,12.00000018,Upper Delivery,Delivery,pitch.1,336123,-0.2799,-0.2204,0.349,-0.0903,-0.0293,0.0202,0.0,0.0
1779816506987,2,Pitching Mound.Delivery,,Delivery,pitch.1,335327,-1.144,-2.3432,65.3416,-98.1256,123.9361,-17.1906,-0.2014,0.1414
1779816506987,2,Pitching Mound.Delivery,,Delivery,pitch.1,335328,-1.3719,-2.4421,64.8745,-97.2446,122.7291,-17.0916,-0.2009,0.1404
1779816506987,2,Pitching Mound.Drive,,Delivery,pitch.1,335845,0.0293,0.0023,0.0342,0.014,-0.0725,0.004,0.0,0.0
1779816506987,2,Pitching Mound.Parent,,Delivery,pitch.1,335034,-1.1083,-2.3411,65.3791,-98.1117,123.8641,-17.1869,-0.2013,0.1413
1779816506987,2,Pitching Mound.Parent,,Delivery,pitch.1,335035,-1.3426,-2.4398,64.9087,-97.2305,122.6566,-17.0876,-0.2008,0.1404
1779816506988,2,11.0000004b,Drive,Delivery,pitch.1,335846,0.0208,0.0083,0.0301,0.0147,-0.0729,0.0028,0.0,0.0
1779816506988,2,12.00000015,Lower Delivery,Delivery,pitch.1,335569,-1.0341,-2.1344,64.0034,-118.2766,121.8226,-17.1343,-0.2021,-0.1962
1779816506988,2,12.00000018,Upper Delivery,Delivery,pitch.1,336125,-0.57,-0.4398,0.7678,-0.0884,-0.0304,-0.0012,0.0,0.0
1779816506988,2,Pitching Mound.Delivery,,Delivery,pitch.1,335329,-1.6041,-2.5741,64.7712,-96.8649,121.7923,-16.9777,-0.1997,0.1381
1779816506988,2,Pitching Mound.Drive,,Delivery,pitch.1,335846,0.0208,0.0083,0.0301,0.0147,-0.0729,0.0028,0.0,0.0
1779816506988,2,Pitching Mound.Parent,,Delivery,pitch.1,335036,-1.5833,-2.5658,64.8013,-96.8502,121.7194,-16.9748,-0.1996,0.138
1779816506989,2,11.0000004b,Drive,Delivery,pitch.1,335847,0.0342,0.0127,0.0364,0.0147,-0.0713,0.0069,0.0,0.0
1779816506989,2,12.00000015,Lower Delivery,Delivery,pitch.1,335570,-1.1069,-2.196,63.6197,-117.554,120.7075,-16.9837,-0.2014,-0.1962
1779816506989,2,Pitching Mound.Drive,,Delivery,pitch.1,335847,0.0342,0.0127,0.0364,0.0147,-0.0713,0.0069,0.0,0.0
1779816506990,2,11.0000004b,Drive,Delivery,pitch.1,335848,0.0338,0.0065,0.0357,0.0148,-0.0732,0.0051,0.0,0.0
1779816506990,2,12.00000015,Lower Delivery,Delivery,pitch.1,335571,-1.1747,-2.2985,63.4539,-117.5613,119.8812,-16.8482,-0.2006,-0.1967
1779816506990,2,12.00000018,Upper Delivery,Delivery,pitch.1,336126,-0.7397,-0.5539,1.0445,-0.0884,-0.0304,-0.0012,0.0,0.0
1779816506990,2,12.00000018,Upper Delivery,Delivery,pitch.1,336127,-0.702,-0.5291,0.9363,-0.0884,-0.0304,-0.0012,0.0,0.0
1779816506990,2,Pitching Mound.Delivery,,Delivery,pitch.1,335330,-1.8466,-2.7499,64.6643,-96.3667,120.6772,-16.86,-0.1982,0.136
1779816506990,2,Pitching Mound.Delivery,,Delivery,pitch.1,335331,-1.8767,-2.8276,64.3903,-96.3937,119.8508,-16.6887,-0.1977,0.1363
1779816506990,2,Pitching Mound.Drive,,Delivery,pitch.1,335848,0.0338,0.0065,0.0357,0.0148,-0.0732,0.0051,0.0,0.0
1779816506990,2,Pitching Mound.Parent,,Delivery,pitch.1,335037,-1.8124,-2.7371,64.7006,-96.3521,120.6058,-16.8531,-0.1981,0.1359
1779816506990,2,Pitching Mound.Parent,,Delivery,pitch.1,335038,-1.8429,-2.8212,64.4259,-96.3789,119.7776,-16.6836,-0.1975,0.1362
1779816506991,2,11.0000004b,Drive,Delivery,pitch.1,335849,0.0299,0.0123,0.0348,0.0151,-0.072,0.0063,0.0,0.0
1779816506991,2,12.00000015,Lower Delivery,Delivery,pitch.1,335572,-1.2688,-2.3881,63.6854,-117.9765,120.0964,-16.8377,-0.2002,-0.1967
1779816506991,2,12.00000018,Upper Delivery,Delivery,pitch.1,336128,-0.7814,-0.593,0.5873,-0.0884,-0.0304,-0.0012,0.0,0.0
1779816506991,2,Pitching Mound.Delivery,,Delivery,pitch.1,335332,-2.0502,-2.9811,64.2727,-96.6115,120.066,-16.6732,-0.1984,0.1389
1779816506991,2,Pitching Mound.Drive,,Delivery,pitch.1,335849,0.0299,0.0123,0.0348,0.0151,-0.072,0.0063,0.0,0.0
1779816506991,2,Pitching Mound.Parent,,Delivery,pitch.1,335039,-2.0203,-2.9688,64.3075,-96.5964,119.994,-16.6669,-0.1983,0.1388
1779816506992,2,11.0000004b,Drive,Delivery,pitch.1,335850,0.0363,0.0122,0.0388,0.0147,-0.0727,0.008,0.0,0.0
1779816506992,2,12.00000015,Lower Delivery,Delivery,pitch.1,335573,-1.3949,-2.5179,63.0977,-117.1039,118.7853,-16.8831,-0.1999,-0.197
1779816506992,2,Pitching Mound.Drive,,Delivery,pitch.1,335850,0.0363,0.0122,0.0388,0.0147,-0.0727,0.008,0.0,0.0
1779816506993,2,11.0000004b,Drive,Delivery,pitch.1,335851,0.0395,0.0094,0.0386,0.0149,-0.0741,0.0074,0.0,0.0
1779816506993,2,12.00000015,Lower Delivery,Delivery,pitch.1,335574,-1.5415,-2.6205,62.7185,-116.5121,117.7001,-16.9474,-0.1992,-0.1972
1779816506993,2,12.00000018,Upper Delivery,Delivery,pitch.1,336129,-0.8162,-0.6243,0.6482,-0.0884,-0.0304,-0.0012,0.0,0.0
1779816506993,2,12.00000018,Upper Delivery,Delivery,pitch.1,336130,-0.808,-0.6222,0.4012,-0.0884,-0.0304,-0.0012,0.0,0.0
1779816506993,2,Pitching Mound.Delivery,,Delivery,pitch.1,335333,-2.2111,-3.1422,63.7459,-95.9595,118.7549,-16.6876,-0.1978,0.1381
1779816506993,2,Pitching Mound.Delivery,,Delivery,pitch.1,335334,-2.3495,-3.2427,63.1197,-95.4126,117.6697,-16.6992,-0.198,0.1397
1779816506993,2,Pitching Mound.Drive,,Delivery,pitch.1,335851,0.0395,0.0094,0.0386,0.0149,-0.0741,0.0074,0.0,0.0
1779816506993,2,Pitching Mound.Parent,,Delivery,pitch.1,335040,-2.1748,-3.1301,63.7847,-95.9448,118.6822,-16.6796,-0.1977,0.138
1779816506993,2,Pitching Mound.Parent,,Delivery,pitch.1,335041,-2.3101,-3.2333,63.1583,-95.3977,117.5957,-16.6918,-0.1978,0.1396
1779816506994,2,11.0000004b,Drive,Delivery,pitch.1,335852,0.0384,0.0093,0.0474,0.0147,-0.0727,0.0111,0.0,0.0
1779816506994,2,12.00000015,Lower Delivery,Delivery,pitch.1,335575,-1.6664,-2.6927,62.869,-116.5464,117.4522,-17.0439,-0.1983,-0.1968
1779816506994,2,12.00000018,Upper Delivery,Delivery,pitch.1,336131,-0.8874,-0.6863,0.1508,-0.0884,-0.0304,-0.0012,0.0,0.0
1779816506994,2,Pitching Mound.Delivery,,Delivery,pitch.1,335335,-2.5538,-3.379,63.0198,-95.3105,117.4218,-16.7803,-0.1979,0.142
1779816506994,2,Pitching Mound.Drive,,Delivery,pitch.1,335852,0.0384,0.0093,0.0474,0.0147,-0.0727,0.0111,0.0,0.0
1779816506994,2,Pitching Mound.Parent,,Delivery,pitch.1,335042,-2.5155,-3.3697,63.0672,-95.2959,117.3491,-16.7692,-0.1977,0.1419
1779816506995,2,11.0000004b,Drive,Delivery,pitch.1,335853,0.0396,0.0079,0.0486,0.0151,-0.0728,0.0121,0.0,0.0
1779816506995,2,12.00000015,Lower Delivery,Delivery,pitch.1,335576,-1.8305,-2.7676,61.974,-115.0808,115.6162,-17.1111,-0.1981,-0.1971
1779816506995,2,12.00000018,Upper Delivery,Delivery,pitch.1,336132,-0.9147,-0.7096,0.1415,-0.0884,-0.0304,-0.0012,0.0,0.0
1779816506995,2,Pitching Mound.Delivery,,Delivery,pitch.1,335336,-2.7452,-3.4773,62.1154,-94.1461,115.5859,-16.801,-0.1976,0.1418
1779816506995,2,Pitching Mound.Drive,,Delivery,pitch.1,335853,0.0396,0.0079,0.0486,0.0151,-0.0728,0.0121,0.0,0.0
1779816506995,2,Pitching Mound.Parent,,Delivery,pitch.1,335043,-2.7055,-3.4694,62.164,-94.131,115.5131,-16.7889,-0.1974,0.1417
1779816506996,2,11.0000004b,Drive,Delivery,pitch.1,335854,0.0357,0.0063,0.0537,0.0145,-0.0714,0.0165,0.0,0.0
1779816506996,2,12.00000015,Lower Delivery,Delivery,pitch.1,335577,-1.9685,-2.8265,62.4164,-115.8319,116.174,-17.2249,-0.1976,-0.197
1779816506996,2,12.00000018,Upper Delivery,Delivery,pitch.1,336133,-0.9824,-0.7487,0.0459,-0.0884,-0.0304,-0.0012,0.0,0.0
1779816506996,2,Pitching Mound.Delivery,,Delivery,pitch.1,335337,-2.9509,-3.5753,62.4623,-94.7143,116.1437,-16.8909,-0.1975,0.1426
1779816506996,2,Pitching Mound.Drive,,Delivery,pitch.1,335854,0.0357,0.0063,0.0537,0.0145,-0.0714,0.0165,0.0,0.0
1779816506996,2,Pitching Mound.Parent,,Delivery,pitch.1,335044,-2.9153,-3.5689,62.516,-94.6997,116.0722,-16.8744,-0.1973,0.1425
1779816506997,2,11.0000004b,Drive,Delivery,pitch.1,335855,0.0342,0.0058,0.0625,0.0136,-0.0708,0.0156,0.0,0.0
1779816506997,2,12.00000015,Lower Delivery,Delivery,pitch.1,335578,-2.1235,-2.8782,61.459,-114.3223,114.8864,-17.4015,-0.1985,-0.1975
1779816506997,2,Pitching Mound.Drive,,Delivery,pitch.1,335855,0.0342,0.0058,0.0625,0.0136,-0.0708,0.0156,0.0,0.0
1779816506998,2,11.0000004b,Drive,Delivery,pitch.1,335856,0.0413,0.0066,0.0578,0.0143,-0.0713,0.0102,0.0,0.0
1779816506998,2,12.00000015,Lower Delivery,Delivery,pitch.1,335579,-2.2608,-2.9144,61.4382,-114.7599,114.7854,-17.3948,-0.1983,-0.1983
1779816506998,2,12.00000018,Upper Delivery,Delivery,pitch.1,336134,-1.0703,-0.7768,-0.0803,-0.0884,-0.0304,-0.0012,0.0,0.0
1779816506998,2,12.00000018,Upper Delivery,Delivery,pitch.1,336135,-0.9291,-0.6914,-0.1161,-0.0884,-0.0304,-0.0012,0.0,0.0
1779816506998,2,Pitching Mound.Delivery,,Delivery,pitch.1,335338,-3.1938,-3.655,61.3786,-93.4873,114.8561,-17.0446,-0.1987,0.1432
1779816506998,2,Pitching Mound.Delivery,,Delivery,pitch.1,335339,-3.1899,-3.6058,61.3221,-93.9198,114.755,-16.9432,-0.1987,0.1426
1779816506998,2,Pitching Mound.Drive,,Delivery,pitch.1,335856,0.0413,0.0066,0.0578,0.0143,-0.0713,0.0102,0.0,0.0
1779816506998,2,Pitching Mound.Parent,,Delivery,pitch.1,335045,-3.1597,-3.6493,61.4411,-93.4737,114.7853,-17.029,-0.1985,0.143
1779816506998,2,Pitching Mound.Parent,,Delivery,pitch.1,335046,-3.1486,-3.5992,61.3799,-93.9055,114.6837,-16.933,-0.1985,0.1425
1779816506999,2,11.0000004b,Drive,Delivery,pitch.1,335857,0.0345,0.0106,0.0583,0.0147,-0.0717,0.015,0.0,0.0
1779816506999,2,12.00000015,Lower Delivery,Delivery,pitch.1,335580,-2.4309,-2.9719,60.7911,-113.7499,113.4964,-17.408,-0.1982,-0.1986
1779816506999,2,12.00000018,Upper Delivery,Delivery,pitch.1,336136,-0.8506,-0.6537,-0.1251,-0.0884,-0.0304,-0.0012,0.0,0.0
1779816506999,2,Pitching Mound.Delivery,,Delivery,pitch.1,335340,-3.2815,-3.6257,60.666,-93.1268,113.466,-16.8719,-0.1986,0.1423
1779816506999,2,Pitching Mound.Drive,,Delivery,pitch.1,335857,0.0345,0.0106,0.0583,0.0147,-0.0717,0.015,0.0,0.0
1779816506999,2,Pitching Mound.Parent,,Delivery,pitch.1,335047,-3.247,-3.6151,60.7244,-93.1121,113.3943,-16.857,-0.1984,0.1422
1779816507000,2,11.0000004b,Drive,Delivery,pitch.1,335858,0.0301,0.0108,0.0538,0.0149,-0.0726,0.0126,0.0,0.0
1779816507000,2,12.00000015,Lower Delivery,Delivery,pitch.1,335581,-2.6089,-3.0104,59.6673,-112.6664,112.1764,-17.4145,-0.1996,-0.2005
1779816507000,2,12.00000018,Upper Delivery,Delivery,pitch.1,336137,-0.744,-0.6017,-0.2694,-0.0884,-0.0304,-0.0012,0.0,0.0
1779816507000,2,Pitching Mound.Delivery,,Delivery,pitch.1,335341,-3.3529,-3.612,59.3979,-92.3762,112.1461,-16.7817,-0.2005,0.1417
1779816507000,2,Pitching Mound.Drive,,Delivery,pitch.1,335858,0.0301,0.0108,0.0538,0.0149,-0.0726,0.0126,0.0,0.0
1779816507000,2,Pitching Mound.Parent,,Delivery,pitch.1,335048,-3.3228,-3.6012,59.4517,-92.3614,112.0735,-16.7691,-0.2003,0.1416
1779816507001,2,11.0000004b,Drive,Delivery,pitch.1,335859,0.0317,0.0102,0.0531,0.0141,-0.0725,0.0159,0.0,0.0
1779816507001,2,12.00000015,Lower Delivery,Delivery,pitch.1,335582,-2.7733,-3.0224,59.6246,-112.8798,112.271,-17.3611,-0.1999,-0.201
1779816507001,2,12.00000018,Upper Delivery,Delivery,pitch.1,336138,-0.7211,-0.5793,-0.0757,-0.0884,-0.0304,-0.0012,0.0,0.0
1779816507001,2,Pitching Mound.Delivery,,Delivery,pitch.1,335342,-3.4944,-3.6017,59.549,-92.6701,112.2406,-16.6646,-0.2002,0.1396
1779816507001,2,Pitching Mound.Drive,,Delivery,pitch.1,335859,0.0317,0.0102,0.0531,0.0141,-0.0725,0.0159,0.0,0.0
1779816507001,2,Pitching Mound.Parent,,Delivery,pitch.1,335049,-3.4628,-3.5915,59.6021,-92.656,112.1681,-16.6487,-0.2,0.1395
1779816507002,2,11.0000004b,Drive,Delivery,pitch.1,335860,0.0219,0.0172,0.0523,0.0148,-0.0721,0.0118,0.0,0.0
1779816507002,2,12.00000018,Upper Delivery,Delivery,pitch.1,336139,-0.7162,-0.5741,-0.1177,-0.0979,-0.0248,0.1048,0.0,0.0
1779816507002,2,Pitching Mound.Drive,,Delivery,pitch.1,335860,0.0219,0.0172,0.0523,0.0148,-0.0721,0.0118,0.0,0.0
1779816507003,2,11.0000004b,Drive,Delivery,pitch.1,335861,0.0168,0.0201,0.0408,0.0153,-0.0725,0.009,0.0,0.0
1779816507003,2,12.00000015,Lower Delivery,Delivery,pitch.1,335583,-2.9198,-3.0766,58.6724,-111.4062,109.7783,-17.2405,-0.1986,-0.2016
1779816507003,2,12.00000018,Upper Delivery,Delivery,pitch.1,336140,-0.6129,-0.4976,0.0235,-0.1065,-0.0198,0.2014,0.0,0.0
1779816507003,2,Pitching Mound.Delivery,,Delivery,pitch.1,335343,-3.636,-3.6508,58.5547,-91.5154,109.7535,-16.3865,-0.199,0.1394
1779816507003,2,Pitching Mound.Drive,,Delivery,pitch.1,335861,0.0168,0.0201,0.0408,0.0153,-0.0725,0.009,0.0,0.0
1779816507003,2,Pitching Mound.Parent,,Delivery,pitch.1,335050,-3.6142,-3.6336,58.607,-91.5006,109.6813,-16.3747,-0.1989,0.1393
1779816507004,2,11.0000004b,Drive,Delivery,pitch.1,335862,0.008,0.0239,0.0395,0.0137,-0.0699,0.0111,0.0,0.0
1779816507004,2,12.00000015,Lower Delivery,Delivery,pitch.1,335584,-3.0724,-3.0987,58.3531,-110.5842,108.7494,-17.293,-0.1978,-0.2012
1779816507004,2,Pitching Mound.Delivery,,Delivery,pitch.1,335344,-3.6852,-3.5964,58.3766,-90.8587,108.7296,-16.2554,-0.1978,0.1386
1779816507004,2,Pitching Mound.Drive,,Delivery,pitch.1,335862,0.008,0.0239,0.0395,0.0137,-0.0699,0.0111,0.0,0.0
1779816507004,2,Pitching Mound.Parent,,Delivery,pitch.1,335051,-3.6685,-3.5763,58.4174,-90.8433,108.6571,-16.2463,-0.1976,0.1385
1779816507005,2,11.0000004b,Drive,Delivery,pitch.1,335863,0.0087,0.0237,0.0448,0.0141,-0.0713,0.01,0.0,0.0
1779816507005,2,12.00000015,Lower Delivery,Delivery,pitch.1,335585,-3.1856,-3.167,58.2715,-110.6462,108.1213,-17.2744,-0.197,-0.2016
1779816507005,2,12.00000018,Upper Delivery,Delivery,pitch.1,336141,-0.6168,-0.5016,0.0019,-0.1083,-0.0188,0.221,0.0,0.0
1779816507005,2,Pitching Mound.Delivery,,Delivery,pitch.1,335345,-3.8023,-3.6686,58.2734,-90.9428,108.1025,-16.1801,-0.197,0.1384
1779816507005,2,Pitching Mound.Drive,,Delivery,pitch.1,335863,0.0087,0.0237,0.0448,0.0141,-0.0713,0.01,0.0,0.0
1779816507005,2,Pitching Mound.Parent,,Delivery,pitch.1,335052,-3.7943,-3.6447,58.3129,-90.9291,108.0326,-16.169,-0.1968,0.1383
1779816507006,2,11.0000004b,Drive,Delivery,pitch.1,335864,0.0052,0.0193,0.0577,0.012,-0.0701,0.0115,0.0,0.0
1779816507006,2,12.00000015,Lower Delivery,Delivery,pitch.1,335586,-3.3363,-3.2425,58.6425,-111.2197,108.2101,-17.357,-0.1959,-0.2013
1779816507006,2,12.00000015,Lower Delivery,Delivery,pitch.1,335587,-3.4638,-3.3238,58.7363,-111.8584,107.5161,-17.3827,-0.1943,-0.2022
1779816507006,2,12.00000018,Upper Delivery,Delivery,pitch.1,336142,-0.5865,-0.4759,0.2208,-0.1078,-0.0191,0.2154,0.0,0.0
1779816507006,2,Pitching Mound.Delivery,,Delivery,pitch.1,335346,-3.9229,-3.7184,58.8633,-91.4641,108.191,-16.2067,-0.1952,0.1369
1779816507006,2,Pitching Mound.Drive,,Delivery,pitch.1,335864,0.0052,0.0193,0.0577,0.012,-0.0701,0.0115,0.0,0.0
1779816507006,2,Pitching Mound.Parent,,Delivery,pitch.1,335053,-3.9142,-3.6947,58.9081,-91.45,108.1197,-16.1967,-0.195,0.1368
1779816507007,2,11.0000004b,Drive,Delivery,pitch.1,335865,0.0068,0.0154,0.0582,0.0142,-0.0719,0.0121,0.0,0.0
1779816507007,2,12.00000015,Lower Delivery,Delivery,pitch.1,335588,-3.6092,-3.4095,58.7731,-111.9015,106.9752,-17.5932,-0.1932,-0.2021
1779816507007,2,12.00000018,Upper Delivery,Delivery,pitch.1,336143,-0.5591,-0.462,0.3522,-0.1058,-0.0202,0.1935,0.0,0.0
1779816507007,2,Pitching Mound.Delivery,,Delivery,pitch.1,335347,-4.0228,-3.7858,59.0885,-92.1137,107.4959,-16.2016,-0.1932,0.135
1779816507007,2,Pitching Mound.Drive,,Delivery,pitch.1,335865,0.0068,0.0154,0.0582,0.0142,-0.0719,0.0121,0.0,0.0
1779816507007,2,Pitching Mound.Parent,,Delivery,pitch.1,335054,-4.0176,-3.7666,59.1462,-92.1017,107.4258,-16.1901,-0.193,0.1348
1779816507008,2,11.0000004b,Drive,Delivery,pitch.1,335866,0.0086,0.0123,0.0566,0.0148,-0.0705,0.0133,0.0,0.0
1779816507008,2,12.00000015,Lower Delivery,Delivery,pitch.1,335589,-3.7738,-3.5558,58.2279,-110.4606,105.168,-17.8721,-0.1917,-0.2014
1779816507008,2,12.00000018,Upper Delivery,Delivery,pitch.1,336144,-0.5626,-0.4743,0.1874,-0.1129,-0.0161,0.272,0.0,0.0
1779816507008,2,12.00000018,Upper Delivery,Delivery,pitch.1,336145,-0.6114,-0.525,-0.0442,-0.1175,-0.0134,0.3238,0.0,0.0
1779816507008,2,Pitching Mound.Delivery,,Delivery,pitch.1,335348,-4.1718,-3.8838,58.9605,-92.0952,106.9591,-16.2853,-0.1926,0.1364
1779816507008,2,Pitching Mound.Delivery,,Delivery,pitch.1,335349,-4.3852,-4.0808,58.1837,-90.7656,105.1546,-16.473,-0.1919,0.139
1779816507008,2,Pitching Mound.Drive,,Delivery,pitch.1,335866,0.0086,0.0123,0.0566,0.0148,-0.0705,0.0133,0.0,0.0
1779816507008,2,Pitching Mound.Parent,,Delivery,pitch.1,335055,-4.1651,-3.8684,59.0187,-92.081,106.8871,-16.2733,-0.1924,0.1362
1779816507008,2,Pitching Mound.Parent,,Delivery,pitch.1,335056,-4.3766,-4.0685,58.2403,-90.7509,105.0841,-16.4597,-0.1917,0.1388
1779816507009,2,11.0000004b,Drive,Delivery,pitch.1,335867,0.0044,0.0113,0.0465,0.0142,-0.0696,0.0114,0.0,0.0
1779816507009,2,12.00000015,Lower Delivery,Delivery,pitch.1,335590,-3.9339,-3.6781,58.8389,-111.8429,105.6703,-18.1536,-0.1907,-0.2018
1779816507009,2,12.00000018,Upper Delivery,Delivery,pitch.1,336146,-0.7649,-0.6474,-0.5586,-0.1282,-0.0072,0.4425,0.0,0.0
1779816507009,2,Pitching Mound.Delivery,,Delivery,pitch.1,335350,-4.6987,-4.3255,58.2803,-91.7759,105.6631,-16.6336,-0.1925,0.1428
1779816507009,2,Pitching Mound.Drive,,Delivery,pitch.1,335867,0.0044,0.0113,0.0465,0.0142,-0.0696,0.0114,0.0,0.0
1779816507009,2,Pitching Mound.Parent,,Delivery,pitch.1,335057,-4.6944,-4.3142,58.3268,-91.7617,105.5936,-16.6222,-0.1923,0.1427
1779816507010,2,11.0000004b,Drive,Delivery,pitch.1,335868,0.0054,0.0106,0.0546,0.0145,-0.0685,0.0145,0.0,0.0
1779816507010,2,12.00000015,Lower Delivery,Delivery,pitch.1,335591,-4.1244,-3.8169,58.7461,-111.7338,105.5437,-18.5281,-0.1907,-0.2019
1779816507010,2,Pitching Mound.Drive,,Delivery,pitch.1,335868,0.0054,0.0106,0.0546,0.0145,-0.0685,0.0145,0.0,0.0
1779816507011,2,11.0000004b,Drive,Delivery,pitch.1,335869,0.0037,0.0063,0.0651,0.0143,-0.0696,0.019,0.0,0.0
1779816507011,2,12.00000015,Lower Delivery,Delivery,pitch.1,335592,-4.3522,-3.9963,58.642,-111.4164,105.3876,-19.0913,-0.1908,-0.2017
1779816507011,2,12.00000018,Upper Delivery,Delivery,pitch.1,336147,-1.0313,-0.7887,-1.398,-0.1385,-0.0011,0.558,0.0,0.0
1779816507011,2,12.00000018,Upper Delivery,Delivery,pitch.1,336148,-1.0251,-0.7659,-1.7323,-0.1592,0.0109,0.7888,0.0,0.0
1779816507011,2,Pitching Mound.Delivery,,Delivery,pitch.1,335352,-5.3773,-4.7622,56.9096,-91.0484,105.3985,-17.1713,-0.1966,0.1529
1779816507011,2,Pitching Mound.Delivery,,Delivery,pitch.1,335351,-5.1557,-4.6056,57.3481,-91.4233,105.5425,-16.9184,-0.1954,0.1497
1779816507011,2,Pitching Mound.Drive,,Delivery,pitch.1,335869,0.0037,0.0063,0.0651,0.0143,-0.0696,0.019,0.0,0.0
1779816507011,2,Pitching Mound.Parent,,Delivery,pitch.1,335059,-5.3736,-4.756,56.9747,-91.034,105.3289,-17.1523,-0.1964,0.1527
1779816507011,2,Pitching Mound.Parent,,Delivery,pitch.1,335058,-5.1504,-4.595,57.4027,-91.4088,105.474,-16.9039,-0.1952,0.1496
1779816507012,2,11.0000004b,Drive,Delivery,pitch.1,335870,0.0163,0.0106,0.051,0.0145,-0.0717,0.0155,0.0,0.0
1779816507012,2,12.00000015,Lower Delivery,Delivery,pitch.1,335593,-4.606,-4.162,59.3883,-112.3912,105.5066,-19.4459,-0.1886,-0.2009
1779816507012,2,12.00000018,Upper Delivery,Delivery,pitch.1,336149,-1.0803,-0.7967,-2.2109,-0.1785,0.0222,1.0045,0.0,0.0
1779816507012,2,Pitching Mound.Delivery,,Delivery,pitch.1,335353,-5.6863,-4.9588,57.1773,-91.626,105.5288,-17.2427,-0.1959,0.1576
1779816507012,2,Pitching Mound.Drive,,Delivery,pitch.1,335870,0.0163,0.0106,0.051,0.0145,-0.0717,0.0155,0.0,0.0
1779816507012,2,Pitching Mound.Parent,,Delivery,pitch.1,335060,-5.6699,-4.9482,57.2283,-91.6115,105.4571,-17.2272,-0.1957,0.1575
1779816507013,2,11.0000004b,Drive,Delivery,pitch.1,335871,0.0204,0.0079,0.0553,0.0153,-0.0711,0.0217,0.0,0.0
1779816507013,2,12.00000015,Lower Delivery,Delivery,pitch.1,335594,-4.8667,-4.3334,59.2892,-111.4928,104.808,-19.7256,-0.1877,-0.1996
1779816507013,2,12.00000018,Upper Delivery,Delivery,pitch.1,336150,-0.9236,-0.7352,-2.1691,-0.2051,0.0376,1.3002,0.0,0.0
1779816507013,2,Pitching Mound.Delivery,,Delivery,pitch.1,335354,-5.7904,-5.0686,57.1201,-90.8021,104.8457,-17.0847,-0.1948,0.1586
1779816507013,2,Pitching Mound.Drive,,Delivery,pitch.1,335871,0.0204,0.0079,0.0553,0.0153,-0.0711,0.0217,0.0,0.0
1779816507013,2,Pitching Mound.Parent,,Delivery,pitch.1,335061,-5.77,-5.0607,57.1754,-90.7867,104.7746,-17.063,-0.1946,0.1584
1779816507014,2,11.0000004b,Drive,Delivery,pitch.1,335872,0.0196,0.0055,0.0484,0.0124,-0.073,0.0197,0.0,0.0
1779816507014,2,12.00000015,Lower Delivery,Delivery,pitch.1,335595,-5.1569,-4.5174,59.3777,-112.3274,105.183,-20.0575,-0.1881,-0.2008
1779816507014,2,12.00000018,Upper Delivery,Delivery,pitch.1,336151,-0.9892,-0.7828,-2.0667,-0.2317,0.0532,1.5973,0.0,0.0
1779816507014,2,Pitching Mound.Delivery,,Delivery,pitch.1,335355,-6.1461,-5.3002,57.3109,-91.668,105.2362,-17.0432,-0.1948,0.1564
1779816507014,2,Pitching Mound.Drive,,Delivery,pitch.1,335872,0.0196,0.0055,0.0484,0.0124,-0.073,0.0197,0.0,0.0
1779816507014,2,Pitching Mound.Parent,,Delivery,pitch.1,335062,-6.1265,-5.2947,57.3593,-91.6556,105.1631,-17.0235,-0.1947,0.1563
1779816507015,2,11.0000004b,Drive,Delivery,pitch.1,335873,0.0246,0.0134,0.0375,0.0137,-0.0735,0.0144,0.0,0.0
1779816507015,2,12.00000015,Lower Delivery,Delivery,pitch.1,335596,-5.4985,-4.6605,60.1416,-113.9652,106.1389,-20.6998,-0.1874,-0.2012
1779816507015,2,12.00000018,Upper Delivery,Delivery,pitch.1,336152,-0.691,-0.6339,-1.6862,-0.2691,0.075,2.0147,0.0,0.0
1779816507015,2,Pitching Mound.Delivery,,Delivery,pitch.1,335356,-6.1895,-5.2944,58.4554,-93.2129,106.2139,-17.0505,-0.1928,0.1526
1779816507015,2,Pitching Mound.Drive,,Delivery,pitch.1,335873,0.0246,0.0134,0.0375,0.0137,-0.0735,0.0144,0.0,0.0
1779816507015,2,Pitching Mound.Parent,,Delivery,pitch.1,335063,-6.165,-5.281,58.493,-93.1992,106.1403,-17.0361,-0.1926,0.1525
1779816507016,2,11.0000004b,Drive,Delivery,pitch.1,335875,0.0208,0.0185,0.0309,0.0141,-0.075,0.0109,0.0,0.0
1779816507016,2,11.0000004b,Drive,Delivery,pitch.1,335874,0.0245,0.0146,0.0322,0.0125,-0.0735,0.0127,0.0,0.0
1779816507016,2,12.00000015,Lower Delivery,Delivery,pitch.1,335597,-5.7814,-4.8439,59.9458,-114.5249,106.21,-20.9619,-0.1881,-0.2028
1779816507016,2,12.00000018,Upper Delivery,Delivery,pitch.1,336153,-0.1906,-0.3109,-0.8845,-0.3086,0.098,2.4549,0.0,0.0
1779816507016,2,Pitching Mound.Delivery,,Delivery,pitch.1,335357,-5.972,-5.1548,59.0613,-94.1512,106.3079,-16.6062,-0.1909,0.1443
1779816507016,2,Pitching Mound.Drive,,Delivery,pitch.1,335875,0.0208,0.0185,0.0309,0.0141,-0.075,0.0109,0.0,0.0
1779816507016,2,Pitching Mound.Drive,,Delivery,pitch.1,335874,0.0245,0.0146,0.0322,0.0125,-0.0735,0.0127,0.0,0.0
1779816507016,2,Pitching Mound.Parent,,Delivery,pitch.1,335064,-5.9475,-5.1402,59.0934,-94.1387,106.2345,-16.5935,-0.1908,0.1442
1779816507017,2,12.00000015,Lower Delivery,Delivery,pitch.1,335598,-6.2161,-5.0426,60.8631,-116.3908,107.236,-21.6159,-0.1871,-0.203
1779816507017,2,12.00000018,Upper Delivery,Delivery,pitch.1,336154,-0.0306,-0.2014,-0.7186,-0.309,0.0984,2.8999,0.0,0.0
1779816507017,2,Pitching Mound.Delivery,,Delivery,pitch.1,335358,-6.2467,-5.244,60.1445,-95.762,107.3344,-16.613,-0.1893,0.1427
1779816507017,2,Pitching Mound.Parent,,Delivery,pitch.1,335065,-6.2258,-5.2255,60.1753,-95.7479,107.2594,-16.6021,-0.1892,0.1426
1779816507018,2,11.0000004b,Drive,Delivery,pitch.1,335876,0.0234,0.0204,0.0326,0.0143,-0.0747,0.01,0.0,0.0
1779816507018,2,12.00000015,Lower Delivery,Delivery,pitch.1,335599,-6.6231,-5.1617,61.6549,-117.6668,107.8002,-22.3133,-0.1856,-0.2026
1779816507018,2,12.00000018,Upper Delivery,Delivery,pitch.1,336155,-0.1269,-0.3024,-0.3798,1.0235,-0.6716,3.4508,0.0,0.0
1779816507018,2,Pitching Mound.Delivery,,Delivery,pitch.1,335359,-6.75,-5.4641,61.2752,-95.5516,107.1287,-16.6538,-0.1868,0.1404
1779816507018,2,Pitching Mound.Drive,,Delivery,pitch.1,335876,0.0234,0.0204,0.0326,0.0143,-0.0747,0.01,0.0,0.0
1779816507018,2,Pitching Mound.Parent,,Delivery,pitch.1,335066,-6.7266,-5.4437,61.3078,-95.5373,107.0539,-16.6439,-0.1867,0.1403
1779816507019,2,11.0000004b,Drive,Delivery,pitch.1,335877,0.0051,0.0281,0.0248,0.0149,-0.0745,0.0084,0.0,0.0
1779816507019,2,12.00000015,Lower Delivery,Delivery,pitch.1,335600,-7.1403,-5.434,63.3834,-121.6408,110.2659,-23.1431,-0.1847,-0.2037
1779816507019,2,12.00000018,Upper Delivery,Delivery,pitch.1,336156,-0.1791,-0.2932,-0.4437,2.0926,-1.2893,3.9689,0.0,0.0
1779816507019,2,Pitching Mound.Delivery,,Delivery,pitch.1,335360,-7.3195,-5.7272,62.9397,-97.847,108.9766,-16.8074,-0.186,0.1396
1779816507019,2,Pitching Mound.Drive,,Delivery,pitch.1,335877,0.0051,0.0281,0.0248,0.0149,-0.0745,0.0084,0.0,0.0
1779816507019,2,Pitching Mound.Parent,,Delivery,pitch.1,335067,-7.3144,-5.6991,62.9645,-97.8321,108.9021,-16.7989,-0.1859,0.1396
1779816507020,2,11.0000004b,Drive,Delivery,pitch.1,335878,0.0223,0.0281,0.0327,0.0152,-0.0752,0.0118,0.0,0.0
1779816507020,2,12.00000015,Lower Delivery,Delivery,pitch.1,335601,-7.4624,-5.6225,63.2426,-120.7951,108.8255,-23.8586,-0.1827,-0.2028
1779816507020,2,12.00000018,Upper Delivery,Delivery,pitch.1,336157,-0.2947,-0.2748,0.2403,4.502,-2.0225,4.8635,0.0,0.0
1779816507020,2,Pitching Mound.Delivery,,Delivery,pitch.1,335361,-7.7571,-5.8974,63.4829,-94.8723,106.803,-16.5581,-0.182,0.1354
1779816507020,2,Pitching Mound.Drive,,Delivery,pitch.1,335878,0.0223,0.0281,0.0327,0.0152,-0.0752,0.0118,0.0,0.0
1779816507020,2,Pitching Mound.Parent,,Delivery,pitch.1,335068,-7.7349,-5.8693,63.5156,-94.8572,106.7278,-16.5463,-0.1819,0.1354
1779816507021,2,11.0000004b,Drive,Delivery,pitch.1,335879,0.0191,0.0326,0.0325,0.0157,-0.0739,0.011,0.0,0.0
1779816507021,2,12.00000015,Lower Delivery,Delivery,pitch.1,335602,-7.9315,-5.9905,64.3686,-122.737,109.8243,-24.6668,-0.1811,-0.2024
1779816507021,2,12.00000018,Upper Delivery,Delivery,pitch.1,336158,-0.4159,-0.214,0.999,7.5182,-0.7766,5.6196,0.0,0.0
1779816507021,2,Pitching Mound.Delivery,,Delivery,pitch.1,335362,-8.3474,-6.2045,65.3675,-93.6732,109.0478,-16.4919,-0.1784,0.1303
1779816507021,2,Pitching Mound.Drive,,Delivery,pitch.1,335879,0.0191,0.0326,0.0325,0.0157,-0.0739,0.011,0.0,0.0
1779816507021,2,Pitching Mound.Parent,,Delivery,pitch.1,335069,-8.3284,-6.1719,65.4,-93.6575,108.9739,-16.4809,-0.1783,0.1302
1779816507022,2,11.0000004b,Drive,Delivery,pitch.1,335880,0.0293,0.0306,0.0372,0.017,-0.0746,0.0135,0.0,0.0
1779816507022,2,12.00000015,Lower Delivery,Delivery,pitch.1,335603,-8.5349,-6.255,65.3274,-124.7451,110.6904,-25.6267,-0.1799,-0.2027
1779816507022,2,12.00000018,Upper Delivery,Delivery,pitch.1,336159,-0.5815,-0.1894,2.2261,12.0754,-0.2448,6.4226,0.0,0.0
1779816507022,2,Pitching Mound.Delivery,,Delivery,pitch.1,335363,-9.1163,-6.4444,67.5535,-91.2153,110.4456,-16.5,-0.174,0.1216
1779816507022,2,Pitching Mound.Drive,,Delivery,pitch.1,335880,0.0293,0.0306,0.0372,0.017,-0.0746,0.0135,0.0,0.0
1779816507022,2,Pitching Mound.Parent,,Delivery,pitch.1,335070,-9.0871,-6.4138,67.5907,-91.1983,110.3711,-16.4865,-0.1739,0.1215
1779816507023,2,11.0000004b,Drive,Delivery,pitch.1,335881,0.0295,0.028,0.0364,0.0156,-0.0762,0.0121,0.0,0.0
1779816507023,2,11.0000004b,Drive,Delivery,pitch.1,335882,0.0265,0.0254,0.0356,0.0235,-0.0751,0.0113,0.0,0.0
1779816507023,2,12.00000015,Lower Delivery,Delivery,pitch.1,335604,-9.113,-6.5837,66.2111,-125.5114,109.2799,-26.8649,-0.1752,-0.2012
1779816507023,2,12.00000018,Upper Delivery,Delivery,pitch.1,336160,-0.7114,-0.1174,3.5035,17.147,0.5838,7.2412,-0.0177,0.327
1779816507023,2,Pitching Mound.Delivery,,Delivery,pitch.1,335364,-9.8244,-6.7011,69.7146,-87.0439,109.8637,-16.7671,-0.1673,0.1311
1779816507023,2,Pitching Mound.Drive,,Delivery,pitch.1,335881,0.0295,0.028,0.0364,0.0156,-0.0762,0.0121,0.0,0.0
1779816507023,2,Pitching Mound.Drive,,Delivery,pitch.1,335882,0.0265,0.0254,0.0356,0.0235,-0.0751,0.0113,0.0,0.0
1779816507023,2,Pitching Mound.Parent,,Delivery,pitch.1,335071,-9.7949,-6.6731,69.751,-87.0282,109.7876,-16.7549,-0.1672,0.1311
1779816507024,2,11.0000004b,Drive,Delivery,pitch.1,335883,0.0252,0.0245,0.035,0.0281,-0.072,0.0126,0.0,0.0
1779816507024,2,12.00000015,Lower Delivery,Delivery,pitch.1,335605,-9.5689,-6.9021,67.0131,-127.0954,110.3639,-28.0624,-0.1748,-0.2013
1779816507024,2,12.00000018,Upper Delivery,Delivery,pitch.1,336161,-0.8274,0.0325,5.1526,17.9764,0.431,7.6551,-0.0089,0.327
1779816507024,2,Pitching Mound.Delivery,,Delivery,pitch.1,335365,-10.3963,-6.8696,72.1657,-88.0864,110.7948,-17.4352,-0.163,0.1278
1779816507024,2,Pitching Mound.Drive,,Delivery,pitch.1,335883,0.0252,0.0245,0.035,0.0281,-0.072,0.0126,0.0,0.0
1779816507024,2,Pitching Mound.Parent,,Delivery,pitch.1,335072,-10.3698,-6.8441,72.2013,-88.0629,110.7198,-17.4239,-0.1629,0.1278
1779816507025,2,12.00000015,Lower Delivery,Delivery,pitch.1,335606,-10.2811,-7.3292,67.1269,-128.8695,109.8641,-28.9867,-0.1738,-0.2038
1779816507025,2,12.00000018,Upper Delivery,Delivery,pitch.1,336162,-0.9462,0.0955,6.3451,19.9525,1.1918,7.7789,-0.0199,0.327
1779816507025,2,Pitching Mound.Delivery,,Delivery,pitch.1,335366,-11.2273,-7.2337,73.4719,-88.2512,111.0559,-18.034,-0.1605,0.1233
1779816507025,2,Pitching Mound.Parent,,Delivery,pitch.1,335073,-11.2021,-7.2093,73.507,-88.2231,110.9839,-18.0214,-0.1604,0.1232
1779816507026,2,11.0000004b,Drive,Delivery,pitch.1,335885,0.0228,0.0247,0.0362,0.0167,-0.0736,0.0108,0.0,0.0
1779816507026,2,11.0000004b,Drive,Delivery,pitch.1,335884,0.0298,0.0209,0.0406,0.0227,-0.074,0.0142,0.0,0.0
1779816507026,2,12.00000015,Lower Delivery,Delivery,pitch.1,335607,-10.9119,-7.6994,67.1788,-131.6721,110.7992,-30.615,-0.1751,-0.2081
1779816507026,2,12.00000018,Upper Delivery,Delivery,pitch.1,336163,-1.0722,0.2075,7.9092,22.4908,1.2834,8.1785,-0.0172,0.3019
1779816507026,2,Pitching Mound.Delivery,,Delivery,pitch.1,335367,-11.9842,-7.4918,75.088,-89.0296,112.0826,-19.091,-0.1585,0.114
1779816507026,2,Pitching Mound.Drive,,Delivery,pitch.1,335885,0.0228,0.0247,0.0362,0.0167,-0.0736,0.0108,0.0,0.0
1779816507026,2,Pitching Mound.Drive,,Delivery,pitch.1,335884,0.0298,0.0209,0.0406,0.0227,-0.074,0.0142,0.0,0.0
1779816507026,2,Pitching Mound.Parent,,Delivery,pitch.1,335074,-11.9544,-7.4709,75.1286,-89.0069,112.0086,-19.0768,-0.1584,0.1139
1779816507027,2,11.0000004b,Drive,Delivery,pitch.1,335886,0.0159,0.0174,0.0298,0.013,-0.0713,0.0082,0.0,0.0
1779816507027,2,12.00000015,Lower Delivery,Delivery,pitch.1,335608,-11.8064,-8.1242,68.5896,-134.0152,109.7305,-32.4431,-0.1698,-0.2074
1779816507027,2,12.00000018,Upper Delivery,Delivery,pitch.1,336164,-1.1211,0.2743,7.9728,22.9677,1.4807,8.2352,-0.0197,0.3058
1779816507027,2,Pitching Mound.Delivery,,Delivery,pitch.1,335368,-12.9274,-7.8499,76.5623,-90.4378,111.2112,-20.575,-0.1542,0.1152
1779816507027,2,Pitching Mound.Drive,,Delivery,pitch.1,335886,0.0159,0.0174,0.0298,0.013,-0.0713,0.0082,0.0,0.0
1779816507027,2,Pitching Mound.Parent,,Delivery,pitch.1,335075,-12.9047,-7.8252,76.5985,-90.4211,111.1376,-20.5642,-0.1541,0.1152
1779816507028,2,11.0000004b,Drive,Delivery,pitch.1,335887,0.0119,0.0192,0.0301,0.012,-0.0697,0.0113,0.0,0.0
1779816507028,2,12.00000015,Lower Delivery,Delivery,pitch.1,335609,-12.6134,-8.7273,68.8928,-135.4234,110.2066,-33.6331,-0.1698,-0.2087
1779816507028,2,12.00000018,Upper Delivery,Delivery,pitch.1,336165,-1.2729,0.3382,8.3098,24.6769,1.4659,8.2429,-0.0187,0.3153
1779816507028,2,Pitching Mound.Delivery,,Delivery,pitch.1,335369,-13.8862,-8.3891,77.2025,-90.1483,111.6725,-21.5344,-0.1536,0.1145
1779816507028,2,Pitching Mound.Drive,,Delivery,pitch.1,335887,0.0119,0.0192,0.0301,0.012,-0.0697,0.0113,0.0,0.0
1779816507028,2,Pitching Mound.Parent,,Delivery,pitch.1,335076,-13.8704,-8.3717,77.2323,-90.1353,111.6013,-21.5262,-0.1535,0.1145
1779816507029,2,11.0000004b,Drive,Delivery,pitch.1,335888,0.0098,0.0143,0.03,0.0126,-0.0703,0.011,0.0,0.0
1779816507029,2,12.00000015,Lower Delivery,Delivery,pitch.1,335610,-13.2685,-9.1292,69.9417,-135.8292,108.2957,-34.916,-0.1644,-0.2062
1779816507029,2,12.00000018,Upper Delivery,Delivery,pitch.1,336166,-1.332,0.3288,7.8857,25.3465,1.7319,8.0388,-0.0233,0.327
1779816507029,2,Pitching Mound.Delivery,,Delivery,pitch.1,335370,-14.6004,-8.8003,77.8274,-89.3836,110.0276,-22.8188,-0.1501,0.119
1779816507029,2,Pitching Mound.Drive,,Delivery,pitch.1,335888,0.0098,0.0143,0.03,0.0126,-0.0703,0.011,0.0,0.0
1779816507029,2,Pitching Mound.Parent,,Delivery,pitch.1,335077,-14.5885,-8.7811,77.8575,-89.3716,109.9578,-22.8075,-0.15,0.1189
1779816507030,2,11.0000004b,Drive,Delivery,pitch.1,335889,0.0145,0.0086,0.0293,0.0126,-0.0708,0.0105,0.0,0.0
1779816507030,2,12.00000015,Lower Delivery,Delivery,pitch.1,335611,-13.8811,-9.3757,70.7263,-136.8943,107.6406,-35.3139,-0.1616,-0.2055
1779816507030,2,12.00000018,Upper Delivery,Delivery,pitch.1,336167,-1.344,0.3505,7.943,25.6113,2.08,7.6963,-0.0278,0.327
1779816507030,2,Pitching Mound.Delivery,,Delivery,pitch.1,335371,-15.2251,-9.0253,78.6693,-89.9366,109.7205,-23.355,-0.1481,0.1196
1779816507030,2,Pitching Mound.Drive,,Delivery,pitch.1,335889,0.0145,0.0086,0.0293,0.0126,-0.0708,0.0105,0.0,0.0
1779816507030,2,Pitching Mound.Parent,,Delivery,pitch.1,335078,-15.2153,-9.0109,78.6994,-89.924,109.6502,-23.3439,-0.148,0.1196
1779816507031,2,11.0000004b,Drive,Delivery,pitch.1,335890,0.0086,0.0059,0.0285,0.012,-0.0698,0.0094,0.0,0.0
1779816507031,2,12.00000015,Lower Delivery,Delivery,pitch.1,335612,-14.2807,-9.6501,72.3461,-140.9148,109.1196,-35.3437,-0.1601,-0.2068
1779816507031,2,12.00000018,Upper Delivery,Delivery,pitch.1,336168,-1.1805,0.6132,7.2513,23.8016,1.8752,7.272,-0.0275,0.327
1779816507031,2,Pitching Mound.Delivery,,Delivery,pitch.1,335372,-15.4613,-9.0369,79.5974,-94.981,110.9947,-23.6177,-0.148,0.1199
1779816507031,2,Pitching Mound.Drive,,Delivery,pitch.1,335890,0.0086,0.0059,0.0285,0.012,-0.0698,0.0094,0.0,0.0
1779816507031,2,Pitching Mound.Parent,,Delivery,pitch.1,335079,-15.4467,-9.0283,79.6268,-94.9684,110.9239,-23.6072,-0.148,0.1199
1779816507032,2,12.00000015,Lower Delivery,Delivery,pitch.1,335613,-14.817,-9.9171,73.3759,-143.4645,110.6913,-34.6225,-0.1602,-0.2076
1779816507032,2,12.00000018,Upper Delivery,Delivery,pitch.1,336169,-1.0656,0.5697,7.2821,23.1291,1.8208,6.964,-0.0265,0.327
1779816507032,2,Pitching Mound.Delivery,,Delivery,pitch.1,335373,-15.8826,-9.3474,80.658,-97.8635,112.5121,-22.9829,-0.1481,0.1193
1779816507032,2,Pitching Mound.Parent,,Delivery,pitch.1,335080,-15.874,-9.3415,80.6864,-97.8515,112.4423,-22.9736,-0.148,0.1193
1779816507033,2,11.0000004b,Drive,Delivery,pitch.1,335892,-0.0026,0.0086,0.0281,0.0122,-0.0679,0.006,0.0,0.0
1779816507033,2,11.0000004b,Drive,Delivery,pitch.1,335891,0.0056,0.0043,0.0256,0.0132,-0.0705,0.006,0.0,0.0
1779816507033,2,12.00000015,Lower Delivery,Delivery,pitch.1,335614,-14.88,-9.9932,74.7091,-146.1671,113.4384,-34.1051,-0.1612,-0.2077
1779816507033,2,12.00000018,Upper Delivery,Delivery,pitch.1,336170,-0.9109,0.6902,7.7411,26.4134,2.7731,6.1855,-0.038,0.327
1779816507033,2,Pitching Mound.Delivery,,Delivery,pitch.1,335374,-15.7909,-9.303,82.4502,-96.9846,116.2115,-23.1701,-0.1496,0.1187
1779816507033,2,Pitching Mound.Drive,,Delivery,pitch.1,335892,-0.0026,0.0086,0.0281,0.0122,-0.0679,0.006,0.0,0.0
1779816507033,2,Pitching Mound.Drive,,Delivery,pitch.1,335891,0.0056,0.0043,0.0256,0.0132,-0.0705,0.006,0.0,0.0
1779816507033,2,Pitching Mound.Parent,,Delivery,pitch.1,335081,-15.7852,-9.2987,82.4758,-96.9714,116.141,-23.1642,-0.1496,0.1186
1779816507034,2,11.0000004b,Drive,Delivery,pitch.1,335893,0.0063,0.0065,0.0348,0.0126,-0.0697,0.0089,0.0,0.0
1779816507034,2,12.00000015,Lower Delivery,Delivery,pitch.1,335615,-14.7171,-10.2748,75.8769,-149.0123,116.483,-32.8752,-0.163,-0.2085
1779816507034,2,12.00000018,Upper Delivery,Delivery,pitch.1,336171,-0.6807,0.7007,8.2617,27.608,3.4751,5.6013,-0.0447,0.327
1779816507034,2,Pitching Mound.Delivery,,Delivery,pitch.1,335375,-15.3978,-9.5741,84.1386,-98.4151,119.9581,-22.5015,-0.1514,0.1173
1779816507034,2,Pitching Mound.Drive,,Delivery,pitch.1,335893,0.0063,0.0065,0.0348,0.0126,-0.0697,0.0089,0.0,0.0
1779816507034,2,Pitching Mound.Parent,,Delivery,pitch.1,335082,-15.3915,-9.5676,84.1734,-98.4025,119.8884,-22.4925,-0.1513,0.1173
1779816507035,2,12.00000015,Lower Delivery,Delivery,pitch.1,335616,-14.5736,-10.3692,76.6651,-151.8754,117.7638,-32.1378,-0.1631,-0.2103
1779816507035,2,12.00000018,Upper Delivery,Delivery,pitch.1,336172,-0.4995,0.6536,8.3015,27.7002,3.4685,5.2312,-0.0444,0.327
1779816507035,2,Pitching Mound.Delivery,,Delivery,pitch.1,335376,-15.0731,-9.7157,84.9666,-100.9315,121.2323,-22.1214,-0.1515,0.1158
1779816507036,2,11.0000004b,Drive,Delivery,pitch.1,335895,-0.0092,0.0091,0.0411,0.0151,-0.0724,0.0068,0.0,0.0
1779816507036,2,11.0000004b,Drive,Delivery,pitch.1,335894,-0.001,0.0085,0.0438,0.0148,-0.0723,0.0067,0.0,0.0
1779816507036,2,12.00000015,Lower Delivery,Delivery,pitch.1,335617,-14.4332,-10.3552,78.2392,-154.5863,119.8082,-30.8004,-0.1626,-0.2098
1779816507036,2,12.00000018,Upper Delivery,Delivery,pitch.1,336173,-0.3853,0.618,9.0322,30.3947,4.3704,4.5667,-0.0514,0.327
1779816507036,2,Pitching Mound.Delivery,,Delivery,pitch.1,335377,-14.8185,-9.7372,87.2714,-100.6612,124.1786,-21.4575,-0.1511,0.1154
1779816507036,2,Pitching Mound.Drive,,Delivery,pitch.1,335895,-0.0092,0.0091,0.0411,0.0151,-0.0724,0.0068,0.0,0.0
1779816507036,2,Pitching Mound.Drive,,Delivery,pitch.1,335894,-0.001,0.0085,0.0438,0.0148,-0.0723,0.0067,0.0,0.0
1779816507036,2,Pitching Mound.Parent,,Delivery,pitch.1,335083,-15.0741,-9.7071,85.0103,-100.9167,121.16,-22.1147,-0.1514,0.1157
1779816507036,2,Pitching Mound.Parent,,Delivery,pitch.1,335084,-14.8277,-9.7281,87.3125,-100.6461,124.1061,-21.4507,-0.151,0.1154
1779816507037,2,12.00000015,Lower Delivery,Delivery,pitch.1,335618,-14.1375,-10.5383,78.8342,-155.9205,122.2172,-29.211,-0.1646,-0.21
1779816507037,2,12.00000018,Upper Delivery,Delivery,pitch.1,336174,-0.1521,0.6338,9.1641,30.4818,4.3086,4.19,-0.0499,0.327
1779816507037,2,Pitching Mound.Delivery,,Delivery,pitch.1,335378,-14.2896,-9.9045,87.9983,-101.7507,126.5258,-20.2661,-0.1526,0.1151
1779816507038,2,11.0000004b,Drive,Delivery,pitch.1,335896,-0.0046,0.0081,0.0319,0.0138,-0.0712,0.0099,0.0,0.0
1779816507038,2,12.00000015,Lower Delivery,Delivery,pitch.1,335619,-13.4318,-10.4116,79.4452,-155.9301,122.6838,-28.2767,-0.1639,-0.2084
1779816507038,2,12.00000018,Upper Delivery,Delivery,pitch.1,336175,-0.0196,0.6952,9.2029,30.4948,4.4171,3.8849,-0.051,0.327
1779816507038,2,Pitching Mound.Delivery,,Delivery,pitch.1,335379,-13.4515,-9.7164,88.6481,-101.553,127.1009,-19.8316,-0.1522,0.1166
1779816507038,2,Pitching Mound.Drive,,Delivery,pitch.1,335896,-0.0046,0.0081,0.0319,0.0138,-0.0712,0.0099,0.0,0.0
1779816507038,2,Pitching Mound.Parent,,Delivery,pitch.1,335085,-14.2941,-9.8964,88.0302,-101.7369,126.4547,-20.2561,-0.1526,0.1151
1779816507039,2,11.0000004b,Drive,Delivery,pitch.1,335897,0.003,0.0095,0.0313,0.0145,-0.0715,0.0085,0.0,0.0
1779816507039,2,11.0000004b,Drive,Delivery,pitch.1,335898,0.0012,0.0136,0.0275,0.0144,-0.0698,0.0085,0.0,0.0
1779816507039,2,12.00000015,Lower Delivery,Delivery,pitch.1,335620,-12.7242,-10.4003,78.9459,-153.4345,122.9507,-28.0267,-0.1653,-0.2063
1779816507039,2,12.00000018,Upper Delivery,Delivery,pitch.1,336176,0.1544,0.7453,9.023,30.6544,4.5338,3.788,-0.0533,0.327
1779816507039,2,Pitching Mound.Delivery,,Delivery,pitch.1,335380,-12.5698,-9.6551,87.9689,-99.0063,127.4845,-19.8599,-0.1539,0.1186
1779816507039,2,Pitching Mound.Drive,,Delivery,pitch.1,335897,0.003,0.0095,0.0313,0.0145,-0.0715,0.0085,0.0,0.0
1779816507039,2,Pitching Mound.Drive,,Delivery,pitch.1,335898,0.0012,0.0136,0.0275,0.0144,-0.0698,0.0085,0.0,0.0
1779816507039,2,Pitching Mound.Parent,,Delivery,pitch.1,335087,-12.5686,-9.6414,87.9964,-98.9919,127.4147,-19.8514,-0.1538,0.1186
1779816507039,2,Pitching Mound.Parent,,Delivery,pitch.1,335086,-13.4485,-9.7069,88.6794,-101.5385,127.0293,-19.8231,-0.1522,0.1166
1779816507040,2,11.0000004b,Drive,Delivery,pitch.1,335899,0.0078,0.0153,0.0334,0.0166,-0.0705,0.007,0.0,0.0
1779816507040,2,12.00000015,Lower Delivery,Delivery,pitch.1,335621,-11.9338,-10.2206,80.9563,-157.2348,124.3037,-27.4806,-0.163,-0.2062
1779816507040,2,12.00000018,Upper Delivery,Delivery,pitch.1,336177,0.3327,0.7451,8.7914,30.3764,4.5959,3.7738,-0.0555,0.327
1779816507040,2,Pitching Mound.Delivery,,Delivery,pitch.1,335381,-11.601,-9.4756,89.7477,-102.3224,128.8996,-19.5362,-0.1525,0.1194
1779816507040,2,Pitching Mound.Drive,,Delivery,pitch.1,335899,0.0078,0.0153,0.0334,0.0166,-0.0705,0.007,0.0,0.0
1779816507040,2,Pitching Mound.Parent,,Delivery,pitch.1,335088,-11.5932,-9.4603,89.7811,-102.3057,128.8291,-19.5292,-0.1524,0.1194
1779816507041,2,11.0000004b,Drive,Delivery,pitch.1,335900,-0.0045,0.0122,0.0289,0.0136,-0.0696,0.0077,0.0,0.0
1779816507041,2,12.00000015,Lower Delivery,Delivery,pitch.1,335622,-11.0641,-10.1676,81.0071,-157.6552,124.7219,-26.6884,-0.1635,-0.2066
1779816507041,2,12.00000018,Upper Delivery,Delivery,pitch.1,336178,0.4845,0.6971,8.6158,30.707,4.5248,3.913,-0.0558,0.327
1779816507041,2,Pitching Mound.Delivery,,Delivery,pitch.1,335382,-10.5796,-9.4705,89.6229,-102.3351,129.2467,-18.8488,-0.1531,0.1193
1779816507041,2,Pitching Mound.Drive,,Delivery,pitch.1,335900,-0.0045,0.0122,0.0289,0.0136,-0.0696,0.0077,0.0,0.0
1779816507041,2,Pitching Mound.Parent,,Delivery,pitch.1,335089,-10.5841,-9.4583,89.6518,-102.3215,129.1771,-18.8411,-0.153,0.1193
1779816507042,2,11.0000004b,Drive,Delivery,pitch.1,335901,-0.0033,0.0064,0.0289,0.0144,-0.069,0.0054,0.0,0.0
1779816507042,2,12.00000015,Lower Delivery,Delivery,pitch.1,335623,-10.3765,-10.217,81.3263,-158.488,124.7975,-26.0663,-0.1629,-0.2069
1779816507042,2,12.00000018,Upper Delivery,Delivery,pitch.1,336179,0.575,0.6734,8.3873,31.0076,4.5764,4.1377,-0.0579,0.327
1779816507042,2,Pitching Mound.Delivery,,Delivery,pitch.1,335383,-9.8014,-9.5435,89.7136,-102.6811,129.3739,-18.2051,-0.1531,0.1195
1779816507042,2,Pitching Mound.Drive,,Delivery,pitch.1,335901,-0.0033,0.0064,0.0289,0.0144,-0.069,0.0054,0.0,0.0
1779816507042,2,Pitching Mound.Parent,,Delivery,pitch.1,335090,-9.8047,-9.5371,89.7425,-102.6667,129.305,-18.1997,-0.153,0.1194
1779816507043,2,11.0000004b,Drive,Delivery,pitch.1,335902,0.0079,0.0017,0.0281,0.0139,-0.0699,0.0055,0.0,0.0
1779816507043,2,12.00000015,Lower Delivery,Delivery,pitch.1,335624,-9.7204,-10.2843,81.4935,-157.2155,125.4691,-25.744,-0.1635,-0.2048
1779816507043,2,12.00000018,Upper Delivery,Delivery,pitch.1,336180,0.6574,0.6158,8.1992,32.3502,4.7766,4.306,-0.0618,0.327
1779816507043,2,Pitching Mound.Delivery,,Delivery,pitch.1,335384,-9.063,-9.6685,89.6927,-99.9453,130.2458,-17.9096,-0.1542,0.1216
1779816507043,2,Pitching Mound.Drive,,Delivery,pitch.1,335902,0.0079,0.0017,0.0281,0.0139,-0.0699,0.0055,0.0,0.0
1779816507043,2,Pitching Mound.Parent,,Delivery,pitch.1,335091,-9.0551,-9.6668,89.7208,-99.9313,130.1759,-17.904,-0.1541,0.1216
1779816507044,2,11.0000004b,Drive,Delivery,pitch.1,335903,0.0123,0.0026,0.0305,0.0138,-0.0693,0.0055,0.0,0.0
1779816507044,2,12.00000015,Lower Delivery,Delivery,pitch.1,335625,-9.2774,-10.3828,81.1791,-156.1382,124.8366,-25.3597,-0.1633,-0.2042
1779816507044,2,12.00000018,Upper Delivery,Delivery,pitch.1,336181,0.7023,0.5407,7.9217,33.3727,5.4428,4.5065,-0.0729,0.327
1779816507044,2,Pitching Mound.Delivery,,Delivery,pitch.1,335385,-8.5752,-9.8421,89.1008,-97.858,130.2794,-17.4601,-0.1552,0.1226
1779816507044,2,Pitching Mound.Drive,,Delivery,pitch.1,335903,0.0123,0.0026,0.0305,0.0138,-0.0693,0.0055,0.0,0.0
1779816507044,2,Pitching Mound.Parent,,Delivery,pitch.1,335092,-8.5629,-9.8395,89.1313,-97.8442,130.2101,-17.4546,-0.1552,0.1225
1779816507045,2,11.0000004b,Drive,Delivery,pitch.1,335904,0.0248,-0.0027,0.0353,0.0132,-0.0707,0.0058,0.0,0.0
1779816507045,2,12.00000015,Lower Delivery,Delivery,pitch.1,335626,-9.07,-10.4278,81.4232,-156.3472,125.0856,-24.7822,-0.1631,-0.2039
1779816507045,2,12.00000018,Upper Delivery,Delivery,pitch.1,336182,0.6732,0.4541,7.2235,32.1233,5.813,4.8713,-0.0854,0.327
1779816507045,2,Pitching Mound.Delivery,,Delivery,pitch.1,335386,-8.3968,-9.9736,88.6467,-98.996,130.8986,-16.5982,-0.1568,0.124
1779816507045,2,Pitching Mound.Drive,,Delivery,pitch.1,335904,0.0248,-0.0027,0.0353,0.0132,-0.0707,0.0058,0.0,0.0
1779816507045,2,Pitching Mound.Parent,,Delivery,pitch.1,335093,-8.372,-9.9763,88.682,-98.9828,130.8279,-16.5924,-0.1567,0.1239
1779816507046,2,11.0000004b,Drive,Delivery,pitch.1,335905,0.042,-0.0097,0.0424,0.0124,-0.0696,0.0064,0.0,0.0
1779816507046,2,12.00000015,Lower Delivery,Delivery,pitch.1,335627,-8.9973,-10.5142,81.5757,-157.385,125.4207,-24.1816,-0.1632,-0.2048
1779816507046,2,12.00000018,Upper Delivery,Delivery,pitch.1,336183,0.5045,0.4124,6.6283,31.41,5.4609,5.3232,-0.0875,0.327
1779816507046,2,Pitching Mound.Delivery,,Delivery,pitch.1,335387,-8.4928,-10.1018,88.204,-100.4928,130.8816,-15.6278,-0.1575,0.124
1779816507046,2,Pitching Mound.Drive,,Delivery,pitch.1,335905,0.042,-0.0097,0.0424,0.0124,-0.0696,0.0064,0.0,0.0
1779816507046,2,Pitching Mound.Parent,,Delivery,pitch.1,335094,-8.4508,-10.1115,88.2464,-100.4804,130.812,-15.6214,-0.1575,0.124
1779816507047,2,11.0000004b,Drive,Delivery,pitch.1,335906,0.0453,-0.011,0.0437,0.0119,-0.0695,0.0087,0.0,0.0
1779816507047,2,12.00000015,Lower Delivery,Delivery,pitch.1,335628,-8.9761,-10.654,81.6322,-157.105,125.687,-24.2989,-0.1635,-0.2043
1779816507047,2,12.00000018,Upper Delivery,Delivery,pitch.1,336184,0.3534,0.3739,6.3745,30.3115,5.1938,5.7252,-0.0865,0.327
1779816507047,2,Pitching Mound.Delivery,,Delivery,pitch.1,335388,-8.6227,-10.2801,88.0067,-101.2059,130.8808,-15.4017,-0.1579,0.1249
1779816507047,2,Pitching Mound.Drive,,Delivery,pitch.1,335906,0.0453,-0.011,0.0437,0.0119,-0.0695,0.0087,0.0,0.0
1779816507047,2,Pitching Mound.Parent,,Delivery,pitch.1,335095,-8.5774,-10.2911,88.0503,-101.194,130.8113,-15.393,-0.1578,0.1249
1779816507048,2,11.0000004b,Drive,Delivery,pitch.1,335907,0.0514,-0.013,0.0449,0.0129,-0.071,0.0057,0.0,0.0
1779816507048,2,12.00000015,Lower Delivery,Delivery,pitch.1,335629,-8.9413,-10.8362,81.79,-157.4147,125.7534,-24.1908,-0.1632,-0.2043
1779816507048,2,12.00000018,Upper Delivery,Delivery,pitch.1,336185,0.1491,0.3374,5.9088,28.7069,4.7373,6.0113,-0.0851,0.327
1779816507048,2,Pitching Mound.Delivery,,Delivery,pitch.1,335389,-8.7922,-10.4988,87.6988,-102.9082,130.4908,-15.0887,-0.158,0.1257
1779816507048,2,Pitching Mound.Drive,,Delivery,pitch.1,335907,0.0514,-0.013,0.0449,0.0129,-0.071,0.0057,0.0,0.0
1779816507048,2,Pitching Mound.Parent,,Delivery,pitch.1,335096,-8.7408,-10.5118,87.7437,-102.8953,130.4198,-15.083,-0.1579,0.1256
1779816507049,2,11.0000004b,Drive,Delivery,pitch.1,335908,0.0716,-0.0181,0.0537,0.012,-0.0708,0.0096,0.0,0.0
1779816507049,2,12.00000015,Lower Delivery,Delivery,pitch.1,335630,-9.0675,-11.042,81.931,-158.6602,126.0772,-23.7212,-0.1634,-0.2056
1779816507049,2,12.00000018,Upper Delivery,Delivery,pitch.1,336186,-0.1855,0.3337,6.0137,26.0307,4.127,6.3211,-0.0729,0.327
1779816507049,2,Pitching Mound.Delivery,,Delivery,pitch.1,335390,-9.253,-10.7084,87.9447,-106.8176,130.2041,-14.3803,-0.1572,0.1243
1779816507049,2,Pitching Mound.Drive,,Delivery,pitch.1,335908,0.0716,-0.0181,0.0537,0.012,-0.0708,0.0096,0.0,0.0
1779816507049,2,Pitching Mound.Parent,,Delivery,pitch.1,335097,-9.1815,-10.7264,87.9984,-106.8056,130.1333,-14.3707,-0.1571,0.1243
1779816507050,2,11.0000004b,Drive,Delivery,pitch.1,335909,0.0652,-0.0175,0.0494,0.012,-0.0709,0.0073,0.0,0.0
1779816507050,2,12.00000015,Lower Delivery,Delivery,pitch.1,335631,-9.2916,-11.2117,81.8446,-158.1039,126.001,-23.4495,-0.1634,-0.2051
1779816507050,2,12.00000018,Upper Delivery,Delivery,pitch.1,336187,-0.5172,0.3784,6.7254,24.1768,3.7817,6.3777,-0.0597,0.327
1779816507050,2,Pitching Mound.Delivery,,Delivery,pitch.1,335391,-9.8088,-10.8333,88.57,-108.3865,129.7827,-14.0886,-0.1556,0.1237
1779816507050,2,Pitching Mound.Drive,,Delivery,pitch.1,335909,0.0652,-0.0175,0.0494,0.012,-0.0709,0.0073,0.0,0.0
1779816507050,2,Pitching Mound.Parent,,Delivery,pitch.1,335098,-9.7437,-10.8508,88.6194,-108.3745,129.7117,-14.0813,-0.1555,0.1236
1779816507051,2,12.00000015,Lower Delivery,Delivery,pitch.1,335632,-9.5888,-11.3514,81.9298,-159.0309,126.291,-23.1006,-0.1636,-0.2061
1779816507051,2,12.00000018,Upper Delivery,Delivery,pitch.1,336188,-0.7209,0.3759,6.9708,23.3501,3.4546,6.1384,-0.0526,0.327
1779816507051,2,Pitching Mound.Delivery,,Delivery,pitch.1,335392,-10.3097,-10.9755,88.9006,-110.1947,129.7456,-13.9472,-0.1549,0.1224
1779816507052,2,11.0000004b,Drive,Delivery,pitch.1,335910,0.0781,-0.0211,0.0558,0.0118,-0.0709,0.0083,0.0,0.0
1779816507052,2,11.0000004b,Drive,Delivery,pitch.1,335911,0.0617,-0.0169,0.0493,0.0126,-0.0709,0.0079,0.0,0.0
1779816507052,2,12.00000015,Lower Delivery,Delivery,pitch.1,335633,-10.2383,-11.4412,81.0339,-156.2803,125.3302,-22.5896,-0.1642,-0.2047
1779816507052,2,12.00000018,Upper Delivery,Delivery,pitch.1,336189,-0.9051,0.3558,7.0922,22.0126,2.8198,5.884,-0.0422,0.327
1779816507052,2,Pitching Mound.Delivery,,Delivery,pitch.1,335393,-11.1434,-11.0854,88.1262,-109.1275,128.15,-13.5323,-0.1544,0.1233
1779816507052,2,Pitching Mound.Drive,,Delivery,pitch.1,335910,0.0781,-0.0211,0.0558,0.0118,-0.0709,0.0083,0.0,0.0
1779816507052,2,Pitching Mound.Drive,,Delivery,pitch.1,335911,0.0617,-0.0169,0.0493,0.0126,-0.0709,0.0079,0.0,0.0
1779816507052,2,Pitching Mound.Parent,,Delivery,pitch.1,335099,-10.2317,-10.9966,88.9564,-110.1829,129.6746,-13.9389,-0.1548,0.1223
1779816507052,2,Pitching Mound.Parent,,Delivery,pitch.1,335100,-11.0817,-11.1023,88.1754,-109.1149,128.0791,-13.5244,-0.1543,0.1233
1779816507053,2,11.0000004b,Drive,Delivery,pitch.1,335912,0.0629,-0.0182,0.0491,0.0122,-0.0713,0.0113,0.0,0.0
1779816507053,2,12.00000015,Lower Delivery,Delivery,pitch.1,335634,-10.5132,-11.569,80.8601,-155.58,125.8677,-22.7597,-0.1653,-0.2043
1779816507053,2,12.00000018,Upper Delivery,Delivery,pitch.1,336190,-1.0248,0.349,6.9907,20.626,2.2388,5.629,-0.034,0.3132
1779816507053,2,Pitching Mound.Delivery,,Delivery,pitch.1,335394,-11.538,-11.22,87.8508,-109.8384,128.1065,-13.9045,-0.1548,0.1228
1779816507053,2,Pitching Mound.Drive,,Delivery,pitch.1,335912,0.0629,-0.0182,0.0491,0.0122,-0.0713,0.0113,0.0,0.0
1779816507053,2,Pitching Mound.Parent,,Delivery,pitch.1,335101,-11.4751,-11.2382,87.8999,-109.8262,128.0353,-13.8932,-0.1547,0.1227
1779816507054,2,11.0000004b,Drive,Delivery,pitch.1,335913,0.0333,-0.0084,0.0356,0.0115,-0.0697,0.0087,0.0,0.0
1779816507054,2,12.00000015,Lower Delivery,Delivery,pitch.1,335635,-10.9794,-11.6284,80.6013,-156.4452,126.2779,-22.5425,-0.1663,-0.2061
1779816507054,2,12.00000018,Upper Delivery,Delivery,pitch.1,336191,-1.112,0.3498,7.0195,20.2842,2.2697,5.4039,-0.0343,0.3068
1779816507054,2,Pitching Mound.Delivery,,Delivery,pitch.1,335395,-12.0913,-11.2786,87.6207,-111.1432,128.5476,-13.7837,-0.1558,0.1205
1779816507054,2,Pitching Mound.Drive,,Delivery,pitch.1,335913,0.0333,-0.0084,0.0356,0.0115,-0.0697,0.0087,0.0,0.0
1779816507054,2,Pitching Mound.Parent,,Delivery,pitch.1,335102,-12.058,-11.287,87.6563,-111.1317,128.478,-13.775,-0.1557,0.1205
1779816507055,2,11.0000004b,Drive,Delivery,pitch.1,335914,0.0114,-0.0021,0.0277,0.0126,-0.0713,0.0085,0.0,0.0
1779816507055,2,12.00000015,Lower Delivery,Delivery,pitch.1,335636,-11.1812,-11.7545,80.0471,-156.7396,126.6035,-22.4468,-0.1679,-0.2079
1779816507055,2,12.00000018,Upper Delivery,Delivery,pitch.1,336192,-1.1348,0.3599,6.6318,19.7784,1.9982,5.1491,-0.032,0.3166
1779816507055,2,Pitching Mound.Delivery,,Delivery,pitch.1,335396,-12.316,-11.3946,86.6788,-112.0,128.6017,-13.882,-0.1575,0.1202
1779816507055,2,Pitching Mound.Drive,,Delivery,pitch.1,335914,0.0114,-0.0021,0.0277,0.0126,-0.0713,0.0085,0.0,0.0
1779816507055,2,Pitching Mound.Parent,,Delivery,pitch.1,335103,-12.3046,-11.3967,86.7065,-111.9874,128.5304,-13.8735,-0.1575,0.1202
1779816507056,2,11.0000004b,Drive,Delivery,pitch.1,335915,0.0007,0.0,0.0218,0.0126,-0.0704,0.0071,0.0,0.0
1779816507056,2,12.00000015,Lower Delivery,Delivery,pitch.1,335637,-11.2259,-11.7993,80.0064,-156.4577,126.9569,-22.4632,-0.1685,-0.2076
1779816507056,2,12.00000018,Upper Delivery,Delivery,pitch.1,336193,-1.11,0.3844,6.4326,19.3765,1.7548,4.8598,-0.029,0.3198
1779816507056,2,Pitching Mound.Delivery,,Delivery,pitch.1,335397,-12.3359,-11.4148,86.4389,-112.0661,128.7117,-14.1639,-0.1581,0.121
1779816507056,2,Pitching Mound.Drive,,Delivery,pitch.1,335915,0.0007,0.0,0.0218,0.0126,-0.0704,0.0071,0.0,0.0
1779816507056,2,Pitching Mound.Parent,,Delivery,pitch.1,335104,-12.3351,-11.4148,86.4607,-112.0534,128.6414,-14.1568,-0.158,0.121
1779816507057,2,11.0000004b,Drive,Delivery,pitch.1,335916,-0.0002,0.0008,0.0214,0.0127,-0.069,0.0061,0.0,0.0
1779816507057,2,12.00000015,Lower Delivery,Delivery,pitch.1,335638,-11.2086,-11.8175,80.0519,-156.4368,127.4727,-22.4269,-0.1691,-0.2075
1779816507057,2,12.00000018,Upper Delivery,Delivery,pitch.1,336194,-1.0061,0.371,5.6907,19.0253,1.5106,4.6348,-0.0282,0.327
1779816507057,2,Pitching Mound.Delivery,,Delivery,pitch.1,335398,-12.2147,-11.4464,85.7426,-112.1287,128.9833,-14.3233,-0.1597,0.1229
1779816507057,2,Pitching Mound.Drive,,Delivery,pitch.1,335916,-0.0002,0.0008,0.0214,0.0127,-0.069,0.0061,0.0,0.0
1779816507057,2,Pitching Mound.Parent,,Delivery,pitch.1,335105,-12.2149,-11.4457,85.764,-112.1161,128.9143,-14.3172,-0.1597,0.1228
1779816507058,2,11.0000004b,Drive,Delivery,pitch.1,335917,-0.002,0.0074,0.023,0.0125,-0.0702,0.0062,0.0,0.0
1779816507058,2,12.00000015,Lower Delivery,Delivery,pitch.1,335639,-11.2165,-11.83,79.8079,-156.0273,127.7502,-22.4244,-0.1699,-0.2076
1779816507058,2,12.00000018,Upper Delivery,Delivery,pitch.1,336195,-0.83,0.3429,5.0541,18.7798,1.4956,4.4131,-0.0314,0.327
1779816507058,2,Pitching Mound.Delivery,,Delivery,pitch.1,335399,-12.0465,-11.4871,84.862,-111.8312,129.2458,-14.4799,-0.1617,0.1238
1779816507058,2,Pitching Mound.Drive,,Delivery,pitch.1,335917,-0.002,0.0074,0.023,0.0125,-0.0702,0.0062,0.0,0.0
1779816507058,2,Pitching Mound.Parent,,Delivery,pitch.1,335106,-12.0486,-11.4797,84.885,-111.8186,129.1756,-14.4738,-0.1616,0.1238
1779816507059,2,11.0000004b,Drive,Delivery,pitch.1,335918,-0.0035,0.0114,0.0256,0.0121,-0.0687,0.0077,0.0,0.0
1779816507059,2,12.00000015,Lower Delivery,Delivery,pitch.1,335640,-11.2466,-11.7977,80.151,-157.4364,128.5814,-22.2586,-0.1703,-0.2085
1779816507059,2,12.00000018,Upper Delivery,Delivery,pitch.1,336196,-0.6451,0.3476,4.5662,18.634,1.5342,4.22,-0.0357,0.327
1779816507059,2,Pitching Mound.Delivery,,Delivery,pitch.1,335400,-11.8917,-11.4501,84.7172,-113.1035,130.1156,-14.4341,-0.1631,0.1237
1779816507059,2,Pitching Mound.Drive,,Delivery,pitch.1,335918,-0.0035,0.0114,0.0256,0.0121,-0.0687,0.0077,0.0,0.0
1779816507059,2,Pitching Mound.Parent,,Delivery,pitch.1,335107,-11.8952,-11.4387,84.7429,-113.0914,130.0469,-14.4265,-0.163,0.1236
1779816507060,2,11.0000004b,Drive,Delivery,pitch.1,335919,-0.0047,0.012,0.0284,0.0126,-0.0685,0.0055,0.0,0.0
1779816507060,2,12.00000015,Lower Delivery,Delivery,pitch.1,335641,-11.1078,-11.6762,80.7219,-158.9281,129.6603,-22.0809,-0.1705,-0.209
1779816507060,2,12.00000018,Upper Delivery,Delivery,pitch.1,336197,-0.3303,0.3347,4.1663,18.2941,1.7718,3.9422,-0.0451,0.327
1779816507060,2,Pitching Mound.Delivery,,Delivery,pitch.1,335401,-11.4381,-11.3415,84.8882,-114.605,131.4321,-14.4744,-0.1644,0.1239
1779816507060,2,Pitching Mound.Drive,,Delivery,pitch.1,335919,-0.0047,0.012,0.0284,0.0126,-0.0685,0.0055,0.0,0.0
1779816507060,2,Pitching Mound.Parent,,Delivery,pitch.1,335108,-11.4428,-11.3295,84.9166,-114.5924,131.3636,-14.4689,-0.1643,0.1239
1779816507061,2,11.0000004b,Drive,Delivery,pitch.1,335920,-0.0056,0.0117,0.0329,0.0132,-0.0679,0.0058,0.0,0.0
1779816507061,2,12.00000015,Lower Delivery,Delivery,pitch.1,335642,-10.5397,-11.6263,81.0421,-158.6733,130.7041,-22.0401,-0.1712,-0.2079
1779816507061,2,12.00000018,Upper Delivery,Delivery,pitch.1,336198,0.0433,0.3173,3.5298,17.3444,1.7528,3.6357,-0.0527,0.327
1779816507061,2,Pitching Mound.Delivery,,Delivery,pitch.1,335402,-10.4965,-11.3089,84.5719,-114.9747,132.4569,-14.8062,-0.1663,0.1261
1779816507061,2,Pitching Mound.Drive,,Delivery,pitch.1,335920,-0.0056,0.0117,0.0329,0.0132,-0.0679,0.0058,0.0,0.0
1779816507061,2,Pitching Mound.Parent,,Delivery,pitch.1,335109,-10.5021,-11.2972,84.6048,-114.9615,132.389,-14.8004,-0.1662,0.126
1779816507062,2,11.0000004b,Drive,Delivery,pitch.1,335921,-0.0074,0.0162,0.0365,0.0163,-0.066,0.0057,0.0,0.0
1779816507062,2,12.00000015,Lower Delivery,Delivery,pitch.1,335643,-10.0597,-11.5018,81.5227,-159.3239,131.9221,-21.7745,-0.1718,-0.2075
1779816507062,2,12.00000018,Upper Delivery,Delivery,pitch.1,336199,0.3539,0.3279,2.8336,15.2505,1.287,3.4043,-0.0482,0.327
1779816507062,2,Pitching Mound.Delivery,,Delivery,pitch.1,335403,-9.7058,-11.174,84.3564,-117.319,133.209,-14.8296,-0.1676,0.1276
1779816507062,2,Pitching Mound.Drive,,Delivery,pitch.1,335921,-0.0074,0.0162,0.0365,0.0163,-0.066,0.0057,0.0,0.0
1779816507062,2,Pitching Mound.Parent,,Delivery,pitch.1,335110,-9.7132,-11.1577,84.3929,-117.3027,133.1431,-14.8239,-0.1676,0.1276
1779816507063,2,11.0000004b,Drive,Delivery,pitch.1,335922,-0.007,0.0175,0.0355,0.02,-0.0632,0.0081,0.0,0.0
1779816507063,2,12.00000015,Lower Delivery,Delivery,pitch.1,335644,-9.4659,-11.5225,81.6374,-159.6507,132.342,-21.4687,-0.1721,-0.2076
1779816507063,2,12.00000018,Upper Delivery,Delivery,pitch.1,336200,0.559,0.3332,2.36,14.0852,1.4587,3.3244,0.0,0.0
1779816507063,2,Pitching Mound.Delivery,,Delivery,pitch.1,335404,-8.9069,-11.1893,83.9974,-118.6112,133.8007,-14.7359,-0.1673,0.1191
1779816507063,2,Pitching Mound.Drive,,Delivery,pitch.1,335922,-0.007,0.0175,0.0355,0.02,-0.0632,0.0081,0.0,0.0
1779816507063,2,Pitching Mound.Parent,,Delivery,pitch.1,335111,-8.9139,-11.1718,84.0329,-118.5912,133.7376,-14.7278,-0.1672,0.1191
1779816507064,2,11.0000004b,Drive,Delivery,pitch.1,335923,-0.0063,0.0153,0.0345,0.0309,-0.0633,0.0061,0.0,0.0
1779816507064,2,12.00000015,Lower Delivery,Delivery,pitch.1,335645,-8.9895,-11.4542,81.9658,-160.3666,133.7105,-20.9968,-0.1732,-0.2077
1779816507064,2,12.00000018,Upper Delivery,Delivery,pitch.1,336201,0.5282,0.3052,2.0789,14.5301,1.4622,3.4207,0.0,0.0
1779816507064,2,Pitching Mound.Delivery,,Delivery,pitch.1,335405,-8.4613,-11.149,84.0447,-118.675,135.1727,-14.3401,-0.1689,0.1206
1779816507064,2,Pitching Mound.Drive,,Delivery,pitch.1,335923,-0.0063,0.0153,0.0345,0.0309,-0.0633,0.0061,0.0,0.0
1779816507064,2,Pitching Mound.Parent,,Delivery,pitch.1,335112,-8.4675,-11.1337,84.0793,-118.644,135.1094,-14.334,-0.1688,0.1206
1779816507065,2,11.0000004b,Drive,Delivery,pitch.1,335924,-0.0076,0.0109,0.0402,0.0138,-0.0647,0.01,0.0,0.0
1779816507065,2,12.00000015,Lower Delivery,Delivery,pitch.1,335646,-8.4975,-11.487,82.3333,-158.527,133.1083,-20.4517,-0.1716,-0.2044
1779816507065,2,12.00000018,Upper Delivery,Delivery,pitch.1,336202,0.4997,0.2684,1.8837,14.0238,1.507,3.4145,0.0,0.0
1779816507065,2,Pitching Mound.Delivery,,Delivery,pitch.1,335406,-7.9978,-11.2185,84.2171,-117.1504,134.6153,-13.9782,-0.1678,0.125
1779816507065,2,Pitching Mound.Drive,,Delivery,pitch.1,335924,-0.0076,0.0109,0.0402,0.0138,-0.0647,0.01,0.0,0.0
1779816507065,2,Pitching Mound.Parent,,Delivery,pitch.1,335113,-8.0054,-11.2076,84.2573,-117.1366,134.5506,-13.9682,-0.1677,0.1249
1779816507066,2,11.0000004b,Drive,Delivery,pitch.1,335925,-0.0051,0.0046,0.0433,0.0178,-0.0623,0.0128,0.0,0.0
1779816507066,2,12.00000015,Lower Delivery,Delivery,pitch.1,335647,-7.9543,-11.4031,83.1041,-160.3995,134.1346,-19.6895,-0.1714,-0.2049
1779816507066,2,12.00000018,Upper Delivery,Delivery,pitch.1,336203,0.4875,0.218,1.6962,13.0649,1.3948,3.3252,0.0,0.0
1779816507066,2,Pitching Mound.Delivery,,Delivery,pitch.1,335407,-7.4668,-11.1851,84.8003,-119.6558,135.5293,-13.494,-0.1679,0.1256
1779816507066,2,Pitching Mound.Drive,,Delivery,pitch.1,335925,-0.0051,0.0046,0.0433,0.0178,-0.0623,0.0128,0.0,0.0
1779816507066,2,Pitching Mound.Parent,,Delivery,pitch.1,335114,-7.4719,-11.1805,84.8436,-119.638,135.4671,-13.4813,-0.1678,0.1255
1779816507067,2,11.0000004b,Drive,Delivery,pitch.1,335926,0.0001,0.0065,0.0473,0.0195,-0.0637,0.0142,0.0,0.0
1779816507067,2,12.00000015,Lower Delivery,Delivery,pitch.1,335648,-7.5618,-11.4182,83.4954,-160.7402,134.526,-18.9515,-0.171,-0.2044
1779816507067,2,12.00000018,Upper Delivery,Delivery,pitch.1,336204,0.5356,0.1781,1.7244,13.1266,1.5056,3.3529,0.0,0.0
1779816507067,2,Pitching Mound.Delivery,,Delivery,pitch.1,335408,-7.0262,-11.2402,85.2198,-119.8115,136.0315,-12.8455,-0.1676,0.126
1779816507067,2,Pitching Mound.Drive,,Delivery,pitch.1,335926,0.0001,0.0065,0.0473,0.0195,-0.0637,0.0142,0.0,0.0
1779816507067,2,Pitching Mound.Parent,,Delivery,pitch.1,335115,-7.0261,-11.2337,85.2671,-119.792,135.9678,-12.8312,-0.1675,0.1259
1779816507068,2,11.0000004b,Drive,Delivery,pitch.1,335927,0.0191,0.007,0.0428,0.0121,-0.0677,0.0123,0.0,0.0
1779816507068,2,12.00000015,Lower Delivery,Delivery,pitch.1,335649,-7.2664,-11.426,83.7611,-161.3516,135.7098,-18.1837,-0.172,-0.2045
1779816507068,2,12.00000018,Upper Delivery,Delivery,pitch.1,336205,0.5014,0.1264,1.5418,12.4854,1.2875,3.2334,0.0,0.0
1779816507068,2,Pitching Mound.Delivery,,Delivery,pitch.1,335409,-6.765,-11.2996,85.3029,-120.9117,136.9973,-12.3092,-0.1689,0.1269
1779816507068,2,Pitching Mound.Drive,,Delivery,pitch.1,335927,0.0191,0.007,0.0428,0.0121,-0.0677,0.0123,0.0,0.0
1779816507068,2,Pitching Mound.Parent,,Delivery,pitch.1,335116,-6.7459,-11.2925,85.3458,-120.8996,136.9296,-12.297,-0.1688,0.1268
1779816507069,2,11.0000004b,Drive,Delivery,pitch.1,335928,0.0416,-0.002,0.0445,0.0125,-0.0675,0.0154,0.0,0.0
1779816507069,2,12.00000015,Lower Delivery,Delivery,pitch.1,335650,-6.8914,-11.4881,83.6279,-160.9676,136.1201,-17.3275,-0.1728,-0.2043
1779816507069,2,12.00000018,Upper Delivery,Delivery,pitch.1,336206,0.3895,0.0845,1.1889,11.0467,1.0024,3.0825,0.0,0.0
1779816507069,2,Pitching Mound.Delivery,,Delivery,pitch.1,335410,-6.5019,-11.4036,84.8168,-121.8916,137.1225,-11.7695,-0.1704,0.129
1779816507069,2,Pitching Mound.Drive,,Delivery,pitch.1,335928,0.0416,-0.002,0.0445,0.0125,-0.0675,0.0154,0.0,0.0
1779816507069,2,Pitching Mound.Parent,,Delivery,pitch.1,335117,-6.4603,-11.4057,84.8613,-121.8791,137.055,-11.7541,-0.1703,0.1289
1779816507070,2,11.0000004b,Drive,Delivery,pitch.1,335929,0.0628,-0.0083,0.0538,0.0129,-0.0689,0.0135,0.0,0.0
1779816507070,2,12.00000015,Lower Delivery,Delivery,pitch.1,335651,-6.6387,-11.5125,84.0127,-161.9574,137.1936,-16.7675,-0.1734,-0.2047
1779816507070,2,12.00000018,Upper Delivery,Delivery,pitch.1,336207,0.2449,0.0341,0.7431,9.3319,0.6278,2.9471,0.0,0.0
1779816507070,2,Pitching Mound.Delivery,,Delivery,pitch.1,335411,-6.3938,-11.4784,84.7558,-124.3139,137.8214,-11.48,-0.1718,0.1312
1779816507070,2,Pitching Mound.Drive,,Delivery,pitch.1,335929,0.0628,-0.0083,0.0538,0.0129,-0.0689,0.0135,0.0,0.0
1779816507070,2,Pitching Mound.Parent,,Delivery,pitch.1,335118,-6.331,-11.4867,84.8096,-124.301,137.7525,-11.4665,-0.1717,0.1311
1779816507071,2,11.0000004b,Drive,Delivery,pitch.1,335930,0.0894,-0.0165,0.0636,0.0136,-0.0706,0.0158,0.0,0.0
1779816507071,2,12.00000015,Lower Delivery,Delivery,pitch.1,335652,-6.434,-11.5451,84.1265,-161.9304,138.3703,-16.1308,-0.1746,-0.2043
1779816507071,2,12.00000018,Upper Delivery,Delivery,pitch.1,336208,0.138,-0.0219,0.403,8.0008,-0.0113,2.7564,0.0,0.0
1779816507071,2,Pitching Mound.Delivery,,Delivery,pitch.1,335412,-6.296,-11.567,84.5294,-125.4637,138.359,-11.1399,-0.1738,0.1334
1779816507071,2,Pitching Mound.Drive,,Delivery,pitch.1,335930,0.0894,-0.0165,0.0636,0.0136,-0.0706,0.0158,0.0,0.0
1779816507071,2,Pitching Mound.Parent,,Delivery,pitch.1,335119,-6.2067,-11.5835,84.593,-125.4501,138.2884,-11.1241,-0.1737,0.1333
1779816507072,2,11.0000004b,Drive,Delivery,pitch.1,335931,0.1032,-0.0208,0.0732,0.0138,-0.0722,0.0188,0.0,0.0
1779816507072,2,12.00000015,Lower Delivery,Delivery,pitch.1,335653,-6.3063,-11.626,84.5099,-162.4545,138.9194,-15.8452,-0.1745,-0.2041
1779816507072,2,12.00000018,Upper Delivery,Delivery,pitch.1,336209,0.0483,-0.0731,0.1378,6.1489,-0.6846,2.5329,0.0,0.0
1779816507072,2,Pitching Mound.Delivery,,Delivery,pitch.1,335413,-6.258,-11.699,84.6476,-127.6191,138.2347,-11.1517,-0.1742,0.1351
1779816507072,2,Pitching Mound.Drive,,Delivery,pitch.1,335931,0.1032,-0.0208,0.0732,0.0138,-0.0722,0.0188,0.0,0.0
1779816507072,2,Pitching Mound.Parent,,Delivery,pitch.1,335120,-6.1549,-11.7198,84.7209,-127.6053,138.1626,-11.1328,-0.1741,0.135
1779816507073,2,11.0000004b,Drive,Delivery,pitch.1,335932,0.0988,-0.0226,0.0715,0.0128,-0.0712,0.0187,0.0,0.0
1779816507073,2,12.00000015,Lower Delivery,Delivery,pitch.1,335654,-6.2098,-11.6807,84.7719,-162.5868,139.6494,-15.5259,-0.1749,-0.2036
1779816507073,2,12.00000018,Upper Delivery,Delivery,pitch.1,336210,0.0266,-0.067,0.0833,5.3737,-0.9338,2.3778,0.0,0.0
1779816507073,2,Pitching Mound.Delivery,,Delivery,pitch.1,335414,-6.1831,-11.7477,84.8552,-128.419,138.7156,-11.0277,-0.1747,0.1359
1779816507073,2,Pitching Mound.Drive,,Delivery,pitch.1,335932,0.0988,-0.0226,0.0715,0.0128,-0.0712,0.0187,0.0,0.0
1779816507073,2,Pitching Mound.Parent,,Delivery,pitch.1,335121,-6.0843,-11.7702,84.9267,-128.4062,138.6444,-11.009,-0.1746,0.1358
1779816507074,2,11.0000004b,Drive,Delivery,pitch.1,335933,0.0901,-0.0201,0.0625,0.0126,-0.0712,0.0185,0.0,0.0
1779816507074,2,12.00000015,Lower Delivery,Delivery,pitch.1,335655,-6.1219,-11.7195,84.9461,-163.6971,140.4565,-15.2325,-0.1755,-0.2046
1779816507074,2,12.00000018,Upper Delivery,Delivery,pitch.1,336211,0.0104,-0.0551,0.1494,3.6859,-1.6099,2.1878,0.0,0.0
1779816507074,2,Pitching Mound.Delivery,,Delivery,pitch.1,335415,-6.1116,-11.7746,85.0954,-131.1802,138.8466,-10.9597,-0.1752,0.1346
1779816507074,2,Pitching Mound.Drive,,Delivery,pitch.1,335933,0.0901,-0.0201,0.0625,0.0126,-0.0712,0.0185,0.0,0.0
1779816507074,2,Pitching Mound.Parent,,Delivery,pitch.1,335122,-6.0214,-11.7947,85.1579,-131.1676,138.7755,-10.9413,-0.1751,0.1345
1779816507075,2,11.0000004b,Drive,Delivery,pitch.1,335934,0.0799,-0.0128,0.0593,0.0121,-0.0699,0.017,0.0,0.0
1779816507075,2,12.00000015,Lower Delivery,Delivery,pitch.1,335656,-6.0556,-11.7694,84.9957,-164.2519,141.1655,-14.9999,-0.1763,-0.2052
1779816507075,2,12.00000018,Upper Delivery,Delivery,pitch.1,336212,-0.0031,-0.0528,0.1996,2.4078,-1.4724,1.9237,0.0,0.0
1779816507075,2,Pitching Mound.Delivery,,Delivery,pitch.1,335416,-6.0587,-11.8222,85.1953,-133.0134,139.6931,-11.0183,-0.1759,0.1337
1779816507075,2,Pitching Mound.Drive,,Delivery,pitch.1,335934,0.0799,-0.0128,0.0593,0.0121,-0.0699,0.017,0.0,0.0
1779816507075,2,Pitching Mound.Parent,,Delivery,pitch.1,335123,-5.9789,-11.835,85.2546,-133.0014,139.6231,-11.0013,-0.1758,0.1336
1779816507076,2,11.0000004b,Drive,Delivery,pitch.1,335935,0.0473,-0.0059,0.044,0.0136,-0.0722,0.0134,0.0,0.0
1779816507076,2,12.00000015,Lower Delivery,Delivery,pitch.1,335657,-5.9743,-11.8065,84.8912,-164.2567,141.6882,-14.8435,-0.1772,-0.2054
1779816507076,2,12.00000018,Upper Delivery,Delivery,pitch.1,336213,-0.0081,-0.0511,0.1364,2.0993,-1.2941,1.8075,0.0,0.0
1779816507076,2,Pitching Mound.Delivery,,Delivery,pitch.1,335417,-5.9824,-11.8576,85.0276,-133.3408,140.3941,-11.0075,-0.1769,0.1338
1779816507076,2,Pitching Mound.Drive,,Delivery,pitch.1,335935,0.0473,-0.0059,0.044,0.0136,-0.0722,0.0134,0.0,0.0
1779816507076,2,Pitching Mound.Parent,,Delivery,pitch.1,335124,-5.9351,-11.8635,85.0716,-133.3272,140.3218,-10.9941,-0.1768,0.1338
1779816507077,2,11.0000004b,Drive,Delivery,pitch.1,335936,0.0283,0.0004,0.037,0.0135,-0.072,0.0141,0.0,0.0
1779816507077,2,12.00000015,Lower Delivery,Delivery,pitch.1,335658,-5.925,-11.8604,84.9647,-164.422,142.3191,-14.7198,-0.1778,-0.2054
1779816507077,2,12.00000018,Upper Delivery,Delivery,pitch.1,336214,-0.0145,-0.0455,0.1453,1.4248,-0.9044,1.5686,0.0,0.0
1779816507077,2,Pitching Mound.Delivery,,Delivery,pitch.1,335418,-5.9396,-11.9058,85.11,-134.1586,141.4147,-11.1417,-0.1775,0.1337
1779816507077,2,Pitching Mound.Drive,,Delivery,pitch.1,335936,0.0283,0.0004,0.037,0.0135,-0.072,0.0141,0.0,0.0
1779816507077,2,Pitching Mound.Parent,,Delivery,pitch.1,335125,-5.9112,-11.9055,85.147,-134.145,141.3427,-11.1276,-0.1774,0.1337
1779816507078,2,11.0000004b,Drive,Delivery,pitch.1,335937,0.0007,0.0097,0.0254,0.0132,-0.0693,0.0113,0.0,0.0
1779816507078,2,12.00000015,Lower Delivery,Delivery,pitch.1,335659,-5.8821,-11.9025,84.986,-164.4554,142.8342,-14.6293,-0.1784,-0.2054
1779816507078,2,12.00000018,Upper Delivery,Delivery,pitch.1,336215,-0.0175,-0.0466,0.1274,1.3786,-0.8777,1.461,0.0,0.0
1779816507078,2,Pitching Mound.Delivery,,Delivery,pitch.1,335419,-5.8996,-11.9491,85.1134,-134.2248,141.9565,-11.1744,-0.1782,0.1339
1779816507078,2,Pitching Mound.Drive,,Delivery,pitch.1,335937,0.0007,0.0097,0.0254,0.0132,-0.0693,0.0113,0.0,0.0
1779816507078,2,Pitching Mound.Parent,,Delivery,pitch.1,335126,-5.8989,-11.9394,85.1389,-134.2116,141.8871,-11.1631,-0.1781,0.1338
1779816507079,2,11.0000004b,Drive,Delivery,pitch.1,335938,-0.0021,0.0128,0.0242,0.0146,-0.0698,0.0102,0.0,0.0
1779816507079,2,12.00000015,Lower Delivery,Delivery,pitch.1,335660,-5.8392,-11.9231,85.0905,-164.7119,143.3943,-14.6149,-0.1789,-0.2055
1779816507079,2,12.00000018,Upper Delivery,Delivery,pitch.1,336216,-0.0148,-0.0455,0.0916,0.9634,-0.6377,1.3126,0.0,0.0
1779816507079,2,Pitching Mound.Delivery,,Delivery,pitch.1,335420,-5.854,-11.9686,85.1821,-134.8489,142.7566,-11.322,-0.1787,0.134
1779816507079,2,Pitching Mound.Drive,,Delivery,pitch.1,335938,-0.0021,0.0128,0.0242,0.0146,-0.0698,0.0102,0.0,0.0
1779816507079,2,Pitching Mound.Parent,,Delivery,pitch.1,335127,-5.8561,-11.9558,85.2064,-134.8343,142.6868,-11.3118,-0.1787,0.134
1779816507080,2,11.0000004b,Drive,Delivery,pitch.1,335939,-0.0024,0.011,0.024,0.0145,-0.07,0.007,0.0,0.0
1779816507080,2,12.00000015,Lower Delivery,Delivery,pitch.1,335661,-5.8248,-11.9628,85.1721,-164.889,143.7773,-14.5754,-0.1792,-0.2055
1779816507080,2,12.00000018,Upper Delivery,Delivery,pitch.1,336217,-0.0123,-0.0541,0.0601,0.5851,-0.4191,1.1401,0.0,0.0
1779816507080,2,Pitching Mound.Delivery,,Delivery,pitch.1,335421,-5.8371,-12.0169,85.2322,-135.3658,143.3581,-11.459,-0.1791,0.1341
1779816507080,2,Pitching Mound.Drive,,Delivery,pitch.1,335939,-0.0024,0.011,0.024,0.0145,-0.07,0.007,0.0,0.0
1779816507080,2,Pitching Mound.Parent,,Delivery,pitch.1,335128,-5.8396,-12.0059,85.2562,-135.3513,143.2881,-11.4521,-0.179,0.1341
1779816507081,2,11.0000004b,Drive,Delivery,pitch.1,335940,-0.0026,0.0081,0.0246,0.0138,-0.0693,0.0061,0.0,0.0
1779816507081,2,12.00000015,Lower Delivery,Delivery,pitch.1,335662,-5.7977,-11.9684,85.2784,-164.8182,143.9402,-14.5423,-0.1792,-0.2052
1779816507081,2,12.00000018,Upper Delivery,Delivery,pitch.1,336218,-0.0086,-0.0582,0.0546,0.0973,-0.1373,0.9273,0.0,0.0
1779816507081,2,Pitching Mound.Delivery,,Delivery,pitch.1,335422,-5.8064,-12.0265,85.333,-135.7448,143.8029,-11.6467,-0.1791,0.1345
1779816507081,2,Pitching Mound.Drive,,Delivery,pitch.1,335940,-0.0026,0.0081,0.0246,0.0138,-0.0693,0.0061,0.0,0.0
1779816507081,2,Pitching Mound.Parent,,Delivery,pitch.1,335129,-5.809,-12.0185,85.3577,-135.731,143.7336,-11.6406,-0.179,0.1345
1779816507082,2,11.0000004b,Drive,Delivery,pitch.1,335941,-0.0025,0.0099,0.0242,0.0166,-0.0688,0.0022,0.0,0.0
1779816507082,2,12.00000015,Lower Delivery,Delivery,pitch.1,335663,-5.758,-11.9653,85.4374,-164.9005,144.1972,-14.4946,-0.1792,-0.2049
1779816507082,2,12.00000018,Upper Delivery,Delivery,pitch.1,336219,-0.0972,-0.1437,0.3014,-0.1505,0.0058,0.6917,0.0,0.0
1779816507082,2,Pitching Mound.Delivery,,Delivery,pitch.1,335423,-5.8551,-12.109,85.7388,-136.1047,144.2031,-11.8783,-0.1785,0.1334
1779816507082,2,Pitching Mound.Drive,,Delivery,pitch.1,335941,-0.0025,0.0099,0.0242,0.0166,-0.0688,0.0022,0.0,0.0
1779816507082,2,Pitching Mound.Parent,,Delivery,pitch.1,335130,-5.8576,-12.0991,85.763,-136.0882,144.1342,-11.8761,-0.1785,0.1334
1779816507083,2,11.0000004b,Drive,Delivery,pitch.1,335942,-0.003,0.0085,0.0251,0.0184,-0.0683,0.0014,0.0,0.0
1779816507083,2,12.00000015,Lower Delivery,Delivery,pitch.1,335664,-5.7436,-11.9604,85.5906,-164.8538,144.5253,-14.4142,-0.1793,-0.2045
1779816507083,2,12.00000018,Upper Delivery,Delivery,pitch.1,336220,-0.3228,-0.3361,0.2472,-0.1312,-0.0054,0.477,0.0,0.0
1779816507083,2,Pitching Mound.Delivery,,Delivery,pitch.1,335424,-6.0665,-12.2965,85.8378,-135.9682,144.5199,-12.0941,-0.1787,0.1342
1779816507083,2,Pitching Mound.Drive,,Delivery,pitch.1,335942,-0.003,0.0085,0.0251,0.0184,-0.0683,0.0014,0.0,0.0
1779816507083,2,Pitching Mound.Parent,,Delivery,pitch.1,335131,-6.0695,-12.2879,85.863,-135.9499,144.4516,-12.0927,-0.1787,0.1341
1779816507084,2,11.0000004b,Drive,Delivery,pitch.1,335943,-0.0039,0.0115,0.0263,0.0198,-0.0699,0.002,0.0,0.0
1779816507084,2,12.00000015,Lower Delivery,Delivery,pitch.1,335665,-5.6947,-11.9425,85.7881,-164.7664,144.7607,-14.3198,-0.1791,-0.2039
1779816507084,2,12.00000018,Upper Delivery,Delivery,pitch.1,336221,-0.469,-0.4344,0.4022,-0.1216,-0.011,0.3695,0.0,0.0
1779816507084,2,Pitching Mound.Delivery,,Delivery,pitch.1,335425,-6.1638,-12.3769,86.1903,-135.8568,144.7497,-12.1736,-0.1783,0.1339
1779816507084,2,Pitching Mound.Drive,,Delivery,pitch.1,335943,-0.0039,0.0115,0.0263,0.0198,-0.0699,0.002,0.0,0.0
1779816507084,2,Pitching Mound.Parent,,Delivery,pitch.1,335132,-6.1676,-12.3654,86.2166,-135.8369,144.6799,-12.1717,-0.1783,0.1338
1779816507085,2,11.0000004b,Drive,Delivery,pitch.1,335944,-0.0046,0.0148,0.0268,0.0187,-0.0689,0.0015,0.0,0.0
1779816507085,2,12.00000015,Lower Delivery,Delivery,pitch.1,335666,-5.6397,-11.9239,86.0287,-164.6832,144.9897,-14.1746,-0.1789,-0.2032
1779816507085,2,12.00000018,Upper Delivery,Delivery,pitch.1,336222,-0.4155,-0.4237,0.6383,-0.1039,-0.0213,0.1719,0.0,0.0
1779816507085,2,Pitching Mound.Delivery,,Delivery,pitch.1,335426,-6.0552,-12.3476,86.667,-135.7543,144.9684,-12.2265,-0.1776,0.1333
1779816507085,2,Pitching Mound.Drive,,Delivery,pitch.1,335944,-0.0046,0.0148,0.0268,0.0187,-0.0689,0.0015,0.0,0.0
1779816507085,2,Pitching Mound.Parent,,Delivery,pitch.1,335133,-6.0597,-12.3328,86.6938,-135.7356,144.8995,-12.2249,-0.1776,0.1332
1779816507086,2,11.0000004b,Drive,Delivery,pitch.1,335945,-0.0049,0.0118,0.0304,0.0207,-0.0708,0.0022,0.0,0.0
1779816507086,2,12.00000015,Lower Delivery,Delivery,pitch.1,335667,-5.5774,-11.9116,86.2135,-164.5692,145.0732,-14.0412,-0.1786,-0.2026
1779816507086,2,12.00000018,Upper Delivery,Delivery,pitch.1,336223,-0.3669,-0.4004,0.9115,-0.0904,-0.0292,0.021,0.0,0.0
1779816507086,2,Pitching Mound.Delivery,,Delivery,pitch.1,335427,-5.9443,-12.312,87.125,-135.6569,145.044,-12.2486,-0.1768,0.1324
1779816507086,2,Pitching Mound.Drive,,Delivery,pitch.1,335945,-0.0049,0.0118,0.0304,0.0207,-0.0708,0.0022,0.0,0.0
1779816507086,2,Pitching Mound.Parent,,Delivery,pitch.1,335134,-5.9492,-12.3002,87.1553,-135.6362,144.9732,-12.2464,-0.1767,0.1323
1779816507087,2,11.0000004b,Drive,Delivery,pitch.1,335946,-0.0019,0.0189,0.0284,0.0258,-0.0698,0.0051,0.0,0.0
1779816507087,2,12.00000015,Lower Delivery,Delivery,pitch.1,335668,-5.4911,-11.9012,86.3865,-164.62,145.2813,-13.8809,-0.1785,-0.2023
1779816507087,2,12.00000018,Upper Delivery,Delivery,pitch.1,336224,-0.3977,-0.4165,1.2714,-0.0884,-0.0304,-0.0012,0.0,0.0
1779816507087,2,Pitching Mound.Delivery,,Delivery,pitch.1,335428,-5.8888,-12.3177,87.658,-135.7692,145.251,-12.1503,-0.176,0.1308
1779816507087,2,Pitching Mound.Drive,,Delivery,pitch.1,335946,-0.0019,0.0189,0.0284,0.0258,-0.0698,0.0051,0.0,0.0
1779816507087,2,Pitching Mound.Parent,,Delivery,pitch.1,335135,-5.8907,-12.2987,87.6863,-135.7434,145.1812,-12.1452,-0.1759,0.1307
1779816507088,2,11.0000004b,Drive,Delivery,pitch.1,335947,0.0007,0.0082,0.0359,0.058,-0.0684,0.0068,0.0,0.0
1779816507088,2,12.00000015,Lower Delivery,Delivery,pitch.1,335669,-5.3873,-11.8862,86.6128,-164.7618,145.4669,-13.6608,-0.1783,-0.202
1779816507088,2,12.00000018,Upper Delivery,Delivery,pitch.1,336225,-0.2997,-0.3882,1.516,-0.0884,-0.0304,-0.0012,0.0,0.0
1779816507088,2,Pitching Mound.Delivery,,Delivery,pitch.1,335429,-5.6869,-12.2744,88.1287,-135.9173,145.4366,-11.9323,-0.1752,0.1298
1779816507088,2,Pitching Mound.Drive,,Delivery,pitch.1,335947,0.0007,0.0082,0.0359,0.058,-0.0684,0.0068,0.0,0.0
1779816507088,2,Pitching Mound.Parent,,Delivery,pitch.1,335136,-5.6862,-12.2662,88.1646,-135.8592,145.3682,-11.9255,-0.1752,0.1298
1779816507089,2,11.0000004b,Drive,Delivery,pitch.1,335948,0.0165,0.0086,0.0345,0.0499,-0.0696,0.0113,0.0,0.0
1779816507089,2,12.00000015,Lower Delivery,Delivery,pitch.1,335670,-5.2735,-11.8849,86.7867,-164.8735,145.6515,-13.4311,-0.1782,-0.2017
1779816507089,2,12.00000018,Upper Delivery,Delivery,pitch.1,336226,-0.2755,-0.4216,1.5402,-0.0884,-0.0304,-0.0012,0.0,0.0
1779816507089,2,Pitching Mound.Delivery,,Delivery,pitch.1,335430,-5.549,-12.3065,88.3268,-135.9781,145.6212,-11.733,-0.1751,0.13
1779816507089,2,Pitching Mound.Drive,,Delivery,pitch.1,335948,0.0165,0.0086,0.0345,0.0499,-0.0696,0.0113,0.0,0.0
1779816507089,2,Pitching Mound.Parent,,Delivery,pitch.1,335137,-5.5325,-12.298,88.3613,-135.9282,145.5515,-11.7217,-0.175,0.1299
1779816507090,2,11.0000004b,Drive,Delivery,pitch.1,335949,0.0275,0.0087,0.0392,0.0923,-0.0657,0.0123,0.0,0.0
1779816507090,2,12.00000015,Lower Delivery,Delivery,pitch.1,335671,-5.1219,-11.8602,86.8187,-164.7608,145.819,-13.212,-0.1783,-0.2015
1779816507090,2,12.00000018,Upper Delivery,Delivery,pitch.1,336227,-0.3321,-0.4719,1.7184,-0.0884,-0.0304,-0.0012,0.0,0.0
1779816507090,2,Pitching Mound.Delivery,,Delivery,pitch.1,335431,-5.4541,-12.3322,88.5371,-135.9151,145.7886,-11.5846,-0.1748,0.1292
1779816507090,2,Pitching Mound.Drive,,Delivery,pitch.1,335949,0.0275,0.0087,0.0392,0.0923,-0.0657,0.0123,0.0,0.0
1779816507090,2,Pitching Mound.Parent,,Delivery,pitch.1,335138,-5.4266,-12.3234,88.5762,-135.8228,145.723,-11.5724,-0.1748,0.1292
1779816507091,2,11.0000004b,Drive,Delivery,pitch.1,335950,0.0355,-0.0008,0.0414,0.0644,-0.0664,0.0138,0.0,0.0
1779816507091,2,12.00000015,Lower Delivery,Delivery,pitch.1,335672,-4.9441,-11.856,86.8868,-164.6293,146.0896,-12.9942,-0.1785,-0.2012
1779816507091,2,12.00000018,Upper Delivery,Delivery,pitch.1,336228,-0.4596,-0.5459,1.7458,-0.0884,-0.0304,-0.0012,0.0,0.0
1779816507091,2,Pitching Mound.Delivery,,Delivery,pitch.1,335432,-5.4037,-12.4018,88.6326,-135.7697,146.0592,-11.4707,-0.175,0.1294
1779816507091,2,Pitching Mound.Drive,,Delivery,pitch.1,335950,0.0355,-0.0008,0.0414,0.0644,-0.0664,0.0138,0.0,0.0
1779816507091,2,Pitching Mound.Parent,,Delivery,pitch.1,335139,-5.3682,-12.4027,88.6739,-135.7053,145.9928,-11.4569,-0.1749,0.1294
1779816507092,2,11.0000004b,Drive,Delivery,pitch.1,335951,0.048,-0.0088,0.0499,0.0172,-0.0689,0.0126,0.0,0.0
1779816507092,2,12.00000015,Lower Delivery,Delivery,pitch.1,335673,-4.7332,-11.8621,86.9783,-164.923,146.5173,-12.6932,-0.1788,-0.2013
1779816507092,2,12.00000018,Upper Delivery,Delivery,pitch.1,336229,-0.7674,-0.7051,1.9849,-0.0884,-0.0304,-0.0012,0.0,0.0
1779816507092,2,Pitching Mound.Delivery,,Delivery,pitch.1,335433,-5.5006,-12.5672,88.9632,-136.1137,146.487,-11.346,-0.1748,0.128
1779816507092,2,Pitching Mound.Drive,,Delivery,pitch.1,335951,0.048,-0.0088,0.0499,0.0172,-0.0689,0.0126,0.0,0.0
1779816507092,2,Pitching Mound.Parent,,Delivery,pitch.1,335140,-5.4526,-12.576,89.0131,-136.0964,146.4181,-11.3335,-0.1747,0.1279
1779816507093,2,11.0000004b,Drive,Delivery,pitch.1,335952,0.0563,-0.0206,0.0721,0.012,-0.066,0.0118,0.0,0.0
1779816507093,2,12.00000015,Lower Delivery,Delivery,pitch.1,335674,-4.5117,-11.8733,87.0588,-164.6748,146.6628,-12.4445,-0.1788,-0.2008
1779816507093,2,12.00000018,Upper Delivery,Delivery,pitch.1,336230,-0.9255,-0.7851,1.7959,-0.0884,-0.0304,-0.0012,0.0,0.0
1779816507093,2,Pitching Mound.Delivery,,Delivery,pitch.1,335434,-5.4372,-12.6584,88.8546,-135.7738,146.6325,-11.2264,-0.1752,0.1295
1779816507093,2,Pitching Mound.Drive,,Delivery,pitch.1,335952,0.0563,-0.0206,0.0721,0.012,-0.066,0.0118,0.0,0.0
1779816507093,2,Pitching Mound.Parent,,Delivery,pitch.1,335141,-5.3809,-12.679,88.9267,-135.7618,146.5665,-11.2146,-0.1751,0.1294
1779816507094,2,11.0000004b,Drive,Delivery,pitch.1,335953,0.0661,-0.028,0.0784,0.0101,-0.0688,0.0103,0.0,0.0
1779816507094,2,12.00000015,Lower Delivery,Delivery,pitch.1,335676,-4.0661,-11.8091,88.242,-163.8405,146.8897,-11.8168,-0.1767,-0.1971
1779816507094,2,12.00000015,Lower Delivery,Delivery,pitch.1,335675,-4.2837,-11.8492,87.6348,-164.6122,146.9312,-12.1789,-0.178,-0.1994
1779816507094,2,12.00000018,Upper Delivery,Delivery,pitch.1,336231,-1.2039,-0.8914,1.966,-0.0884,-0.0304,-0.0012,0.0,0.0
1779816507094,2,Pitching Mound.Delivery,,Delivery,pitch.1,335435,-5.4876,-12.7406,89.6008,-135.5731,146.9008,-11.133,-0.1741,0.13
1779816507094,2,Pitching Mound.Drive,,Delivery,pitch.1,335953,0.0661,-0.028,0.0784,0.0101,-0.0688,0.0103,0.0,0.0
1779816507094,2,Pitching Mound.Parent,,Delivery,pitch.1,335142,-5.4216,-12.7686,89.6792,-135.563,146.8319,-11.1227,-0.1739,0.1299
1779816507095,2,11.0000004b,Drive,Delivery,pitch.1,335954,0.0543,-0.0328,0.0911,0.0093,-0.0688,0.0112,0.0,0.0
1779816507095,2,12.00000018,Upper Delivery,Delivery,pitch.1,336232,-1.4295,-0.9702,2.0062,-0.0884,-0.0304,-0.0012,0.0,0.0
1779816507095,2,Pitching Mound.Delivery,,Delivery,pitch.1,335436,-5.4956,-12.7793,90.2481,-134.6087,146.8593,-10.9216,-0.1728,0.1322
1779816507095,2,Pitching Mound.Drive,,Delivery,pitch.1,335954,0.0543,-0.0328,0.0911,0.0093,-0.0688,0.0112,0.0,0.0
1779816507095,2,Pitching Mound.Parent,,Delivery,pitch.1,335143,-5.4413,-12.8122,90.3392,-134.5994,146.7905,-10.9104,-0.1726,0.132
1779816507096,2,11.0000004b,Drive,Delivery,pitch.1,335955,0.0766,-0.0298,0.0746,0.0098,-0.0706,0.0104,0.0,0.0
1779816507096,2,12.00000015,Lower Delivery,Delivery,pitch.1,335677,-3.7758,-11.8345,87.9466,-163.5312,146.7971,-11.4752,-0.1772,-0.1974
1779816507096,2,12.00000018,Upper Delivery,Delivery,pitch.1,336233,-1.6106,-1.0414,2.0347,-0.0884,-0.0304,-0.0012,0.0,0.0
1779816507096,2,Pitching Mound.Delivery,,Delivery,pitch.1,335437,-5.3864,-12.8759,89.9813,-134.4095,146.7667,-10.7403,-0.1732,0.1317
1779816507096,2,Pitching Mound.Drive,,Delivery,pitch.1,335955,0.0766,-0.0298,0.0746,0.0098,-0.0706,0.0104,0.0,0.0
1779816507096,2,Pitching Mound.Parent,,Delivery,pitch.1,335144,-5.3098,-12.9057,90.0559,-134.3997,146.6961,-10.7299,-0.1731,0.1316
1779816507097,2,11.0000004b,Drive,Delivery,pitch.1,335956,0.0654,-0.0314,0.0804,0.0084,-0.0686,0.0098,0.0,0.0
1779816507097,2,12.00000015,Lower Delivery,Delivery,pitch.1,335678,-3.6,-11.7643,88.3787,-162.3074,147.0409,-11.0355,-0.1766,-0.195
1779816507097,2,12.00000018,Upper Delivery,Delivery,pitch.1,336234,-1.7344,-1.1039,1.7649,-0.0884,-0.0304,-0.0012,0.0,0.0
1779816507097,2,Pitching Mound.Delivery,,Delivery,pitch.1,335438,-5.3344,-12.8682,90.1437,-132.9471,147.0106,-10.4024,-0.1732,0.1355
1779816507097,2,Pitching Mound.Drive,,Delivery,pitch.1,335956,0.0654,-0.0314,0.0804,0.0084,-0.0686,0.0098,0.0,0.0
1779816507097,2,Pitching Mound.Parent,,Delivery,pitch.1,335145,-5.269,-12.8996,90.224,-132.9387,146.9419,-10.3927,-0.173,0.1354
1779816507098,2,11.0000004b,Drive,Delivery,pitch.1,335957,0.047,-0.021,0.0588,0.0087,-0.0693,0.0092,0.0,0.0
1779816507098,2,12.00000015,Lower Delivery,Delivery,pitch.1,335679,-3.3597,-11.8123,87.9365,-162.4769,146.9337,-10.8191,-0.1774,-0.1962
1779816507098,2,12.00000018,Upper Delivery,Delivery,pitch.1,336235,-1.8253,-1.1364,1.625,-0.0884,-0.0304,-0.0012,0.0,0.0
1779816507098,2,Pitching Mound.Delivery,,Delivery,pitch.1,335439,-5.185,-12.9487,89.5616,-133.2194,146.9034,-10.2986,-0.1742,0.1351
1779816507098,2,Pitching Mound.Drive,,Delivery,pitch.1,335957,0.047,-0.021,0.0588,0.0087,-0.0693,0.0092,0.0,0.0
1779816507098,2,Pitching Mound.Parent,,Delivery,pitch.1,335146,-5.138,-12.9697,89.6204,-133.2107,146.8341,-10.2894,-0.1741,0.135
1779816507099,2,11.0000004b,Drive,Delivery,pitch.1,335958,0.0158,-0.0154,0.0558,0.0072,-0.0666,0.0086,0.0,0.0
1779816507099,2,12.00000015,Lower Delivery,Delivery,pitch.1,335680,-3.2281,-11.7981,88.287,-162.081,147.0238,-10.5638,-0.1768,-0.1949
1779816507099,2,12.00000018,Upper Delivery,Delivery,pitch.1,336236,-1.8604,-1.1435,1.3894,-0.0884,-0.0304,-0.0012,0.0,0.0
1779816507099,2,Pitching Mound.Delivery,,Delivery,pitch.1,335440,-5.0885,-12.9416,89.6764,-132.6242,146.9934,-10.1,-0.1741,0.1376
1779816507099,2,Pitching Mound.Drive,,Delivery,pitch.1,335958,0.0158,-0.0154,0.0558,0.0072,-0.0666,0.0086,0.0,0.0
1779816507099,2,Pitching Mound.Parent,,Delivery,pitch.1,335147,-5.0727,-12.957,89.7322,-132.6169,146.9268,-10.0914,-0.1739,0.1375
1779816507100,2,11.0000004b,Drive,Delivery,pitch.1,335959,-0.0014,-0.005,0.0341,0.0078,-0.0658,0.006,0.0,0.0
1779816507100,2,12.00000015,Lower Delivery,Delivery,pitch.1,335681,-3.0836,-11.8236,87.9675,-161.9498,147.2055,-10.3546,-0.1777,-0.1954
1779816507100,2,12.00000018,Upper Delivery,Delivery,pitch.1,336237,-1.8049,-1.1026,1.5154,-0.0884,-0.0304,-0.0012,0.0,0.0
1779816507100,2,Pitching Mound.Delivery,,Delivery,pitch.1,335441,-4.8885,-12.9262,89.483,-132.6445,147.1751,-9.921,-0.1746,0.1363
1779816507100,2,Pitching Mound.Drive,,Delivery,pitch.1,335959,-0.0014,-0.005,0.0341,0.0078,-0.0658,0.006,0.0,0.0
1779816507100,2,Pitching Mound.Parent,,Delivery,pitch.1,335148,-4.8899,-12.9311,89.5171,-132.6367,147.1093,-9.915,-0.1746,0.1363
1779816507101,2,11.0000004b,Drive,Delivery,pitch.1,335960,-0.0027,-0.0018,0.0262,0.0099,-0.0688,0.0052,0.0,0.0
1779816507101,2,12.00000015,Lower Delivery,Delivery,pitch.1,335682,-2.9965,-11.8527,87.8224,-162.1968,147.326,-10.2153,-0.1781,-0.1961
1779816507101,2,12.00000018,Upper Delivery,Delivery,pitch.1,336238,-1.6741,-1.0395,1.2309,-0.0884,-0.0304,-0.0012,0.0,0.0
1779816507101,2,Pitching Mound.Delivery,,Delivery,pitch.1,335442,-4.6706,-12.8922,89.0533,-132.8441,147.2956,-9.7669,-0.1756,0.1372
1779816507101,2,Pitching Mound.Drive,,Delivery,pitch.1,335960,-0.0027,-0.0018,0.0262,0.0099,-0.0688,0.0052,0.0,0.0
1779816507101,2,Pitching Mound.Parent,,Delivery,pitch.1,335149,-4.6733,-12.894,89.0795,-132.8341,147.2268,-9.7617,-0.1756,0.1372
1779816507102,2,11.0000004b,Drive,Delivery,pitch.1,335961,0.0,0.0004,0.0189,0.0098,-0.0663,0.0026,0.0,0.0
1779816507102,2,12.00000015,Lower Delivery,Delivery,pitch.1,335683,-2.9099,-11.8914,87.6798,-162.3296,147.4364,-10.0738,-0.1785,-0.1965
1779816507102,2,12.00000018,Upper Delivery,Delivery,pitch.1,336239,-1.6587,-1.0563,0.4322,-0.0884,-0.0304,-0.0012,0.0,0.0
1779816507102,2,Pitching Mound.Delivery,,Delivery,pitch.1,335443,-4.5686,-12.9477,88.112,-132.7537,147.406,-9.6496,-0.1776,0.1411
1779816507102,2,Pitching Mound.Drive,,Delivery,pitch.1,335961,0.0,0.0004,0.0189,0.0098,-0.0663,0.0026,0.0,0.0
1779816507102,2,Pitching Mound.Parent,,Delivery,pitch.1,335150,-4.5686,-12.9473,88.1309,-132.7439,147.3397,-9.647,-0.1776,0.1411
1779816507103,2,11.0000004b,Drive,Delivery,pitch.1,335962,-0.0004,0.0009,0.0207,0.011,-0.0663,0.001,0.0,0.0
1779816507103,2,12.00000015,Lower Delivery,Delivery,pitch.1,335684,-2.8546,-11.9091,87.65,-162.4321,147.5099,-9.9617,-0.1787,-0.1967
1779816507103,2,12.00000018,Upper Delivery,Delivery,pitch.1,336240,-1.4948,-0.9898,0.1662,-0.0884,-0.0304,-0.0012,0.0,0.0
1779816507103,2,Pitching Mound.Delivery,,Delivery,pitch.1,335444,-4.3494,-12.8989,87.8163,-132.776,147.4796,-9.5006,-0.1783,0.1423
1779816507103,2,Pitching Mound.Drive,,Delivery,pitch.1,335962,-0.0004,0.0009,0.0207,0.011,-0.0663,0.001,0.0,0.0
1779816507103,2,Pitching Mound.Parent,,Delivery,pitch.1,335151,-4.3498,-12.898,87.8369,-132.765,147.4133,-9.4996,-0.1783,0.1423
1779816507104,2,11.0000004b,Drive,Delivery,pitch.1,335963,-0.0012,0.0046,0.0218,0.012,-0.0671,0.0013,0.0,0.0
1779816507104,2,12.00000015,Lower Delivery,Delivery,pitch.1,335685,-2.8477,-11.9117,87.6409,-162.3365,147.7353,-9.8692,-0.179,-0.1966
1779816507104,2,12.00000018,Upper Delivery,Delivery,pitch.1,336241,-1.421,-0.9523,0.1731,-0.0884,-0.0304,-0.0012,0.0,0.0
1779816507104,2,Pitching Mound.Delivery,,Delivery,pitch.1,335445,-4.2687,-12.864,87.8139,-132.6858,147.705,-9.3853,-0.1786,0.1424
1779816507104,2,Pitching Mound.Drive,,Delivery,pitch.1,335963,-0.0012,0.0046,0.0218,0.012,-0.0671,0.0013,0.0,0.0
1779816507104,2,Pitching Mound.Parent,,Delivery,pitch.1,335152,-4.2699,-12.8594,87.8358,-132.6738,147.6379,-9.384,-0.1786,0.1424
1779816507105,2,11.0000004b,Drive,Delivery,pitch.1,335964,-0.0023,0.0048,0.0256,0.0133,-0.066,-0.0002,0.0,0.0
1779816507105,2,12.00000015,Lower Delivery,Delivery,pitch.1,335686,-2.8416,-11.9232,87.6937,-162.184,147.8146,-9.7445,-0.1789,-0.1963
1779816507105,2,12.00000018,Upper Delivery,Delivery,pitch.1,336242,-1.2731,-0.9101,0.2268,-0.0884,-0.0304,-0.0012,0.0,0.0
1779816507105,2,Pitching Mound.Delivery,,Delivery,pitch.1,335446,-4.1148,-12.8333,87.9205,-132.5336,147.7842,-9.2124,-0.1785,0.1424
1779816507105,2,Pitching Mound.Drive,,Delivery,pitch.1,335964,-0.0023,0.0048,0.0256,0.0133,-0.066,-0.0002,0.0,0.0
1779816507105,2,Pitching Mound.Parent,,Delivery,pitch.1,335153,-4.1171,-12.8285,87.9461,-132.5203,147.7182,-9.2126,-0.1784,0.1424
1779816507106,2,11.0000004b,Drive,Delivery,pitch.1,335965,-0.0032,0.0093,0.0255,0.0144,-0.0671,0.0009,0.0,0.0
1779816507106,2,12.00000015,Lower Delivery,Delivery,pitch.1,335687,-2.8355,-11.9426,87.4639,-162.268,147.7735,-9.6475,-0.1794,-0.197
1779816507106,2,12.00000018,Upper Delivery,Delivery,pitch.1,336243,-1.0746,-0.8187,0.3224,-0.0884,-0.0304,-0.0012,0.0,0.0
1779816507106,2,Pitching Mound.Delivery,,Delivery,pitch.1,335447,-3.9101,-12.7613,87.7863,-132.7283,147.7432,-9.05,-0.1787,0.1413
1779816507106,2,Pitching Mound.Drive,,Delivery,pitch.1,335965,-0.0032,0.0093,0.0255,0.0144,-0.0671,0.0009,0.0,0.0
1779816507106,2,Pitching Mound.Parent,,Delivery,pitch.1,335154,-3.9132,-12.752,87.8118,-132.7139,147.676,-9.0492,-0.1787,0.1412
1779816507107,2,11.0000004b,Drive,Delivery,pitch.1,335966,-0.0034,0.0054,0.0298,0.0144,-0.0662,0.0001,0.0,0.0
1779816507107,2,12.00000015,Lower Delivery,Delivery,pitch.1,335688,-2.8528,-11.9603,87.5044,-162.1104,147.6064,-9.5686,-0.1791,-0.1967
1779816507107,2,12.00000018,Upper Delivery,Delivery,pitch.1,336244,-0.8232,-0.6885,0.8955,-0.0884,-0.0304,-0.0012,0.0,0.0
1779816507107,2,Pitching Mound.Delivery,,Delivery,pitch.1,335448,-3.676,-12.6488,88.3999,-132.7517,147.576,-8.8798,-0.1773,0.1384
1779816507107,2,Pitching Mound.Drive,,Delivery,pitch.1,335966,-0.0034,0.0054,0.0298,0.0144,-0.0662,0.0001,0.0,0.0
1779816507107,2,Pitching Mound.Parent,,Delivery,pitch.1,335155,-3.6793,-12.6434,88.4297,-132.7373,147.5098,-8.8797,-0.1772,0.1384
1779816507108,2,11.0000004b,Drive,Delivery,pitch.1,335967,-0.0021,0.0054,0.0253,0.0119,-0.0635,0.0053,0.0,0.0
1779816507108,2,12.00000015,Lower Delivery,Delivery,pitch.1,335689,-2.888,-11.9607,87.7302,-161.9398,147.5613,-9.4932,-0.1786,-0.196
1779816507108,2,12.00000018,Upper Delivery,Delivery,pitch.1,336245,-0.76,-0.6369,0.9571,-0.0884,-0.0304,-0.0012,0.0,0.0
1779816507108,2,Pitching Mound.Delivery,,Delivery,pitch.1,335449,-3.6481,-12.5976,88.6874,-132.5253,147.5309,-8.7709,-0.1766,0.1388
1779816507108,2,Pitching Mound.Drive,,Delivery,pitch.1,335967,-0.0021,0.0054,0.0253,0.0119,-0.0635,0.0053,0.0,0.0
1779816507108,2,Pitching Mound.Parent,,Delivery,pitch.1,335156,-3.6502,-12.5923,88.7127,-132.5134,147.4673,-8.7656,-0.1766,0.1388
1779816507109,2,11.0000004b,Drive,Delivery,pitch.1,335968,-0.0013,0.0058,0.0221,0.0127,-0.0656,0.0032,0.0,0.0
1779816507109,2,12.00000015,Lower Delivery,Delivery,pitch.1,335690,-2.8864,-11.9848,87.5518,-161.9519,147.4009,-9.3861,-0.1787,-0.1964
1779816507109,2,12.00000018,Upper Delivery,Delivery,pitch.1,336246,-0.6207,-0.576,0.8434,-0.0884,-0.0304,-0.0012,0.0,0.0
1779816507109,2,Pitching Mound.Delivery,,Delivery,pitch.1,335450,-3.5071,-12.5607,88.3952,-132.5595,147.3705,-8.6169,-0.177,0.139
1779816507109,2,Pitching Mound.Drive,,Delivery,pitch.1,335968,-0.0013,0.0058,0.0221,0.0127,-0.0656,0.0032,0.0,0.0
1779816507109,2,Pitching Mound.Parent,,Delivery,pitch.1,335157,-3.5084,-12.555,88.4173,-132.5467,147.3049,-8.6137,-0.177,0.139
1779816507110,2,11.0000004b,Drive,Delivery,pitch.1,335969,-0.0007,0.0041,0.0215,0.0138,-0.0681,0.0046,0.0,0.0
1779816507110,2,12.00000015,Lower Delivery,Delivery,pitch.1,335691,-2.9133,-12.0054,87.6958,-161.7243,147.3628,-9.36,-0.1784,-0.1958
1779816507110,2,12.00000018,Upper Delivery,Delivery,pitch.1,336247,-0.6318,-0.5452,0.86,-0.0884,-0.0304,-0.0012,0.0,0.0
1779816507110,2,Pitching Mound.Delivery,,Delivery,pitch.1,335451,-3.5451,-12.5506,88.5557,-132.2885,147.3325,-8.5855,-0.1767,0.1395
1779816507110,2,Pitching Mound.Drive,,Delivery,pitch.1,335969,-0.0007,0.0041,0.0215,0.0138,-0.0681,0.0046,0.0,0.0
1779816507110,2,Pitching Mound.Parent,,Delivery,pitch.1,335158,-3.5458,-12.5465,88.5772,-132.2747,147.2644,-8.5809,-0.1766,0.1395
1779816507111,2,11.0000004b,Drive,Delivery,pitch.1,335970,0.001,0.0007,0.0235,0.0139,-0.0684,0.0068,0.0,0.0
1779816507111,2,12.00000015,Lower Delivery,Delivery,pitch.1,335692,-2.9087,-12.0574,87.776,-161.8517,147.3744,-9.2995,-0.1782,-0.1958
1779816507111,2,12.00000018,Upper Delivery,Delivery,pitch.1,336248,-0.592,-0.5677,0.9312,-0.0884,-0.0304,-0.0012,0.0,0.0
1779816507111,2,Pitching Mound.Delivery,,Delivery,pitch.1,335452,-3.5007,-12.6251,88.7072,-132.4128,147.344,-8.513,-0.1764,0.1392
1779816507111,2,Pitching Mound.Drive,,Delivery,pitch.1,335970,0.001,0.0007,0.0235,0.0139,-0.0684,0.0068,0.0,0.0
1779816507111,2,Pitching Mound.Parent,,Delivery,pitch.1,335159,-3.4997,-12.6244,88.7306,-132.3989,147.2756,-8.5062,-0.1763,0.1391
1779816507112,2,11.0000004b,Drive,Delivery,pitch.1,335971,0.0108,0.0016,0.0279,0.0136,-0.0682,0.0086,0.0,0.0
1779816507112,2,12.00000015,Lower Delivery,Delivery,pitch.1,335693,-2.8851,-12.1248,87.7564,-161.7929,147.3596,-9.233,-0.1783,-0.1957
1779816507112,2,12.00000018,Upper Delivery,Delivery,pitch.1,336249,-0.6593,-0.6352,1.0481,-0.0884,-0.0304,-0.0012,0.0,0.0
1779816507112,2,Pitching Mound.Delivery,,Delivery,pitch.1,335453,-3.5444,-12.76,88.8045,-132.4005,147.3292,-8.4775,-0.1762,0.1386
1779816507112,2,Pitching Mound.Drive,,Delivery,pitch.1,335971,0.0108,0.0016,0.0279,0.0136,-0.0682,0.0086,0.0,0.0
1779816507112,2,Pitching Mound.Parent,,Delivery,pitch.1,335160,-3.5335,-12.7583,88.8324,-132.3869,147.2611,-8.4689,-0.1761,0.1385
1779816507113,2,11.0000004b,Drive,Delivery,pitch.1,335972,0.0257,-0.0014,0.0346,0.0142,-0.0693,0.0104,0.0,0.0
1779816507113,2,12.00000015,Lower Delivery,Delivery,pitch.1,335694,-2.8354,-12.1902,87.7528,-161.8,147.2647,-9.1919,-0.1782,-0.1957
1779816507113,2,12.00000018,Upper Delivery,Delivery,pitch.1,336251,-0.5781,-0.6287,1.2778,-0.0884,-0.0304,-0.0012,0.0,0.0
1779816507113,2,12.00000018,Upper Delivery,Delivery,pitch.1,336250,-0.6278,-0.6271,1.1405,-0.0884,-0.0304,-0.0012,0.0,0.0
1779816507113,2,Pitching Mound.Delivery,,Delivery,pitch.1,335454,-3.4632,-12.8173,88.8933,-132.4403,147.2343,-8.4425,-0.1759,0.138
1779816507113,2,Pitching Mound.Drive,,Delivery,pitch.1,335972,0.0257,-0.0014,0.0346,0.0142,-0.0693,0.0104,0.0,0.0
1779816507113,2,Pitching Mound.Parent,,Delivery,pitch.1,335161,-3.4375,-12.8188,88.9279,-132.4261,147.165,-8.4321,-0.1758,0.138
1779816507114,2,11.0000004b,Drive,Delivery,pitch.1,335973,0.0417,-0.0102,0.0394,0.0155,-0.0709,0.0086,0.0,0.0
1779816507114,2,12.00000015,Lower Delivery,Delivery,pitch.1,335695,-2.8053,-12.284,87.6454,-161.7391,147.1299,-9.2034,-0.1782,-0.1959
1779816507114,2,12.00000018,Upper Delivery,Delivery,pitch.1,336252,-0.6763,-0.6894,1.3128,-0.0884,-0.0304,-0.0012,0.0,0.0
1779816507114,2,Pitching Mound.Delivery,,Delivery,pitch.1,335455,-3.3834,-12.9126,88.9233,-132.4624,147.0995,-8.4473,-0.1757,0.1371
1779816507114,2,Pitching Mound.Drive,,Delivery,pitch.1,335973,0.0417,-0.0102,0.0394,0.0155,-0.0709,0.0086,0.0,0.0
1779816507114,2,Pitching Mound.Parent,,Delivery,pitch.1,335162,-3.3417,-12.9228,88.9626,-132.447,147.0287,-8.4387,-0.1756,0.1371
1779816507115,2,11.0000004b,Drive,Delivery,pitch.1,335974,0.0497,-0.0148,0.0429,0.0158,-0.0708,0.0067,0.0,0.0
1779816507115,2,11.0000004b,Drive,Delivery,pitch.1,335975,0.0474,-0.0146,0.0419,0.0159,-0.0727,0.0075,0.0,0.0
1779816507115,2,12.00000015,Lower Delivery,Delivery,pitch.1,335696,-2.726,-12.3772,87.6108,-161.9382,147.2013,-9.1818,-0.1784,-0.1962
1779816507115,2,12.00000018,Upper Delivery,Delivery,pitch.1,336253,-0.7648,-0.7146,1.4515,-0.0884,-0.0304,-0.0012,0.0,0.0
1779816507115,2,Pitching Mound.Delivery,,Delivery,pitch.1,335456,-3.4024,-13.0666,88.9236,-132.6852,147.1709,-8.4861,-0.1757,0.1366
1779816507115,2,Pitching Mound.Drive,,Delivery,pitch.1,335974,0.0497,-0.0148,0.0429,0.0158,-0.0708,0.0067,0.0,0.0
1779816507115,2,Pitching Mound.Drive,,Delivery,pitch.1,335975,0.0474,-0.0146,0.0419,0.0159,-0.0727,0.0075,0.0,0.0
1779816507115,2,Pitching Mound.Parent,,Delivery,pitch.1,335163,-3.3526,-13.0814,88.9665,-132.6695,147.1001,-8.4794,-0.1757,0.1366
1779816507116,2,12.00000015,Lower Delivery,Delivery,pitch.1,335697,-2.6643,-12.4987,87.5162,-162.1492,147.3115,-9.1907,-0.1787,-0.1967
1779816507116,2,12.00000018,Upper Delivery,Delivery,pitch.1,336254,-0.8418,-0.7686,1.2782,-0.0884,-0.0304,-0.0012,0.0,0.0
1779816507116,2,Pitching Mound.Delivery,,Delivery,pitch.1,335457,-3.429,-13.2133,88.9677,-132.9755,147.2812,-8.5461,-0.1758,0.1354
1779816507116,2,Pitching Mound.Parent,,Delivery,pitch.1,335164,-3.3816,-13.2279,89.0096,-132.9596,147.2084,-8.5385,-0.1757,0.1354
1779816507117,2,11.0000004b,Drive,Delivery,pitch.1,335976,0.0507,-0.0155,0.0431,0.0167,-0.0718,0.0067,0.0,0.0
1779816507117,2,11.0000004b,Drive,Delivery,pitch.1,335977,0.0578,-0.0168,0.046,0.015,-0.0722,0.0077,0.0,0.0
1779816507117,2,12.00000015,Lower Delivery,Delivery,pitch.1,335698,-2.5771,-12.5994,87.6004,-162.1819,147.4179,-9.1716,-0.1787,-0.1965
1779816507117,2,12.00000018,Upper Delivery,Delivery,pitch.1,336255,-1.1027,-0.8553,1.1158,-0.0884,-0.0304,-0.0012,0.0,0.0
1779816507117,2,Pitching Mound.Delivery,,Delivery,pitch.1,335458,-3.4189,-13.368,88.8786,-132.9207,147.3875,-8.5828,-0.1761,0.1365
1779816507117,2,Pitching Mound.Drive,,Delivery,pitch.1,335976,0.0507,-0.0155,0.0431,0.0167,-0.0718,0.0067,0.0,0.0
1779816507117,2,Pitching Mound.Drive,,Delivery,pitch.1,335977,0.0578,-0.0168,0.046,0.015,-0.0722,0.0077,0.0,0.0
1779816507117,2,Pitching Mound.Parent,,Delivery,pitch.1,335165,-3.3682,-13.3835,88.9218,-132.904,147.3157,-8.5761,-0.176,0.1364
1779816507118,2,11.0000004b,Drive,Delivery,pitch.1,335978,0.0545,-0.0165,0.0451,0.0147,-0.0737,0.0075,0.0,0.0
1779816507118,2,12.00000015,Lower Delivery,Delivery,pitch.1,335699,-2.5131,-12.6809,87.5458,-162.4044,147.4462,-9.162,-0.1788,-0.1969
1779816507118,2,12.00000018,Upper Delivery,Delivery,pitch.1,336256,-1.1686,-0.8685,1.0033,-0.0884,-0.0304,-0.0012,0.0,0.0
1779816507118,2,Pitching Mound.Delivery,,Delivery,pitch.1,335459,-3.6157,-13.5362,88.6616,-133.1066,147.4159,-8.6836,-0.1766,0.137
1779816507118,2,Pitching Mound.Drive,,Delivery,pitch.1,335978,0.0545,-0.0165,0.0451,0.0147,-0.0737,0.0075,0.0,0.0
1779816507118,2,Pitching Mound.Parent,,Delivery,pitch.1,335166,-3.5579,-13.553,88.7075,-133.0916,147.3436,-8.676,-0.1765,0.1369
1779816507119,2,11.0000004b,Drive,Delivery,pitch.1,335979,0.0388,-0.0118,0.0386,0.0137,-0.0724,0.0086,0.0,0.0
1779816507119,2,12.00000015,Lower Delivery,Delivery,pitch.1,335700,-2.4302,-12.8212,87.2549,-162.7358,147.4361,-9.159,-0.1794,-0.198
1779816507119,2,12.00000018,Upper Delivery,Delivery,pitch.1,336257,-1.1527,-0.8366,1.5841,-0.0884,-0.0304,-0.0012,0.0,0.0
1779816507119,2,Pitching Mound.Delivery,,Delivery,pitch.1,335460,-3.5988,-13.6897,88.2583,-133.4986,147.4058,-8.7312,-0.1773,0.1365
1779816507119,2,Pitching Mound.Drive,,Delivery,pitch.1,335979,0.0388,-0.0118,0.0386,0.0137,-0.0724,0.0086,0.0,0.0
1779816507119,2,Pitching Mound.Parent,,Delivery,pitch.1,335167,-3.5442,-13.7062,88.3034,-133.4839,147.3321,-8.7238,-0.1773,0.1365
1779816507120,2,12.00000015,Lower Delivery,Delivery,pitch.1,335701,-2.3969,-12.9098,87.1785,-162.9512,147.3891,-9.1681,-0.1795,-0.1984
1779816507120,2,12.00000015,Lower Delivery,Delivery,pitch.1,335702,-2.3634,-13.0278,86.8751,-163.1042,147.3063,-9.1696,-0.18,-0.1993
1779816507120,2,12.00000018,Upper Delivery,Delivery,pitch.1,336258,-1.3149,-0.8998,1.4153,-0.0884,-0.0304,-0.0012,0.0,0.0
1779816507120,2,Pitching Mound.Delivery,,Delivery,pitch.1,335461,-3.5497,-13.7464,88.7626,-133.9375,147.3588,-8.7462,-0.1763,0.133
1779816507120,2,Pitching Mound.Delivery,,Delivery,pitch.1,335462,-3.6783,-13.9276,88.2904,-134.1362,147.2759,-8.8143,-0.1771,0.133
1779816507120,2,Pitching Mound.Parent,,Delivery,pitch.1,335168,-3.5108,-13.7581,88.8011,-133.9238,147.2863,-8.7377,-0.1762,0.1329
1779816507121,2,11.0000004b,Drive,Delivery,pitch.1,335980,0.0385,-0.0108,0.0392,0.0139,-0.0732,0.0085,0.0,0.0
1779816507121,2,11.0000004b,Drive,Delivery,pitch.1,335981,0.0207,-0.006,0.0315,0.0142,-0.0727,0.0072,0.0,0.0
1779816507121,2,12.00000018,Upper Delivery,Delivery,pitch.1,336259,-1.2801,-0.8691,1.5832,-0.0884,-0.0304,-0.0012,0.0,0.0
1779816507121,2,Pitching Mound.Drive,,Delivery,pitch.1,335980,0.0385,-0.0108,0.0392,0.0139,-0.0732,0.0085,0.0,0.0
1779816507121,2,Pitching Mound.Drive,,Delivery,pitch.1,335981,0.0207,-0.006,0.0315,0.0142,-0.0727,0.0072,0.0,0.0
1779816507121,2,Pitching Mound.Parent,,Delivery,pitch.1,335169,-3.6398,-13.9383,88.3296,-134.1223,147.2027,-8.8057,-0.177,0.1329
1779816507122,2,11.0000004b,Drive,Delivery,pitch.1,335982,0.0071,-0.0014,0.0264,0.0136,-0.0712,0.007,0.0,0.0
1779816507122,2,12.00000015,Lower Delivery,Delivery,pitch.1,335703,-2.3513,-13.1472,86.9583,-163.4189,147.3014,-9.1991,-0.1798,-0.1995
1779816507122,2,12.00000015,Lower Delivery,Delivery,pitch.1,335704,-2.3671,-13.2264,86.9518,-163.6656,147.1825,-9.1912,-0.1797,-0.1998
1779816507122,2,12.00000018,Upper Delivery,Delivery,pitch.1,336260,-1.2732,-0.8768,1.512,-0.0884,-0.0304,-0.0012,0.0,0.0
1779816507122,2,Pitching Mound.Delivery,,Delivery,pitch.1,335463,-3.6315,-14.0163,88.5415,-134.4797,147.271,-8.8361,-0.1766,0.1319
1779816507122,2,Pitching Mound.Delivery,,Delivery,pitch.1,335464,-3.6404,-14.1032,88.4638,-134.7044,147.1521,-8.8205,-0.1766,0.132
1779816507122,2,Pitching Mound.Drive,,Delivery,pitch.1,335982,0.0071,-0.0014,0.0264,0.0136,-0.0712,0.007,0.0,0.0
1779816507122,2,Pitching Mound.Parent,,Delivery,pitch.1,335170,-3.6108,-14.0222,88.573,-134.4655,147.1983,-8.8288,-0.1766,0.1319
1779816507122,2,Pitching Mound.Parent,,Delivery,pitch.1,335171,-3.6333,-14.1045,88.4902,-134.6908,147.0809,-8.8135,-0.1766,0.1319
1779816507123,2,11.0000004b,Drive,Delivery,pitch.1,335983,0.0062,-0.0009,0.0269,0.0144,-0.0713,0.006,0.0,0.0
1779816507123,2,12.00000018,Upper Delivery,Delivery,pitch.1,336261,-1.4208,-0.9227,1.3568,-0.0884,-0.0304,-0.0012,0.0,0.0
1779816507123,2,Pitching Mound.Drive,,Delivery,pitch.1,335983,0.0062,-0.0009,0.0269,0.0144,-0.0713,0.006,0.0,0.0
1779816507124,2,11.0000004b,Drive,Delivery,pitch.1,335984,0.0003,0.0024,0.0247,0.0148,-0.0718,0.007,0.0,0.0
1779816507124,2,12.00000015,Lower Delivery,Delivery,pitch.1,335705,-2.3913,-13.3367,87.0334,-164.1241,147.1872,-9.2007,-0.1795,-0.2002
1779816507124,2,12.00000015,Lower Delivery,Delivery,pitch.1,335706,-2.4472,-13.3928,87.2643,-164.3748,147.1968,-9.2315,-0.1791,-0.2
1779816507124,2,12.00000018,Upper Delivery,Delivery,pitch.1,336262,-1.5651,-0.99,1.2552,-0.0884,-0.0304,-0.0012,0.0,0.0
1779816507124,2,Pitching Mound.Delivery,,Delivery,pitch.1,335465,-3.8121,-14.2594,88.3902,-135.0823,147.1568,-8.8719,-0.1768,0.1324
1779816507124,2,Pitching Mound.Delivery,,Delivery,pitch.1,335466,-4.0123,-14.3828,88.5196,-135.2201,147.1665,-8.9328,-0.1765,0.1332
1779816507124,2,Pitching Mound.Drive,,Delivery,pitch.1,335984,0.0003,0.0024,0.0247,0.0148,-0.0718,0.007,0.0,0.0
1779816507124,2,Pitching Mound.Parent,,Delivery,pitch.1,335172,-3.8059,-14.2602,88.4171,-135.0679,147.0856,-8.8659,-0.1767,0.1324
1779816507124,2,Pitching Mound.Parent,,Delivery,pitch.1,335173,-4.012,-14.3804,88.5443,-135.2053,147.0947,-8.9257,-0.1765,0.1332
1779816507125,2,11.0000004b,Drive,Delivery,pitch.1,335985,-0.0009,0.005,0.0238,0.0146,-0.0714,0.0064,0.0,0.0
1779816507125,2,12.00000015,Lower Delivery,Delivery,pitch.1,335707,-2.5066,-13.4719,87.1576,-164.5841,146.9135,-9.2742,-0.1789,-0.2005
1779816507125,2,12.00000018,Upper Delivery,Delivery,pitch.1,336263,-1.5517,-0.9598,1.2268,-0.0884,-0.0304,-0.0012,0.0,0.0
1779816507125,2,Pitching Mound.Delivery,,Delivery,pitch.1,335467,-4.0583,-14.4317,88.3844,-135.4559,146.8831,-8.9507,-0.1765,0.1329
1779816507125,2,Pitching Mound.Drive,,Delivery,pitch.1,335985,-0.0009,0.005,0.0238,0.0146,-0.0714,0.0064,0.0,0.0
1779816507125,2,Pitching Mound.Parent,,Delivery,pitch.1,335174,-4.0592,-14.4266,88.4082,-135.4413,146.8117,-8.9444,-0.1764,0.1328
1779816507126,2,11.0000004b,Drive,Delivery,pitch.1,335986,-0.0015,0.0073,0.0237,0.0146,-0.0711,0.0046,0.0,0.0
1779816507126,2,12.00000015,Lower Delivery,Delivery,pitch.1,335708,-2.582,-13.5396,87.3102,-164.775,146.52,-9.3257,-0.1782,-0.2004
1779816507126,2,12.00000018,Upper Delivery,Delivery,pitch.1,336264,-1.7123,-1.0213,0.9566,-0.0884,-0.0304,-0.0012,0.0,0.0
1779816507126,2,Pitching Mound.Delivery,,Delivery,pitch.1,335468,-4.2942,-14.5609,88.2668,-135.5031,146.4896,-9.0312,-0.1762,0.1344
1779816507126,2,Pitching Mound.Drive,,Delivery,pitch.1,335986,-0.0015,0.0073,0.0237,0.0146,-0.0711,0.0046,0.0,0.0
1779816507126,2,Pitching Mound.Parent,,Delivery,pitch.1,335175,-4.2957,-14.5536,88.2905,-135.4885,146.4185,-9.0266,-0.1762,0.1344
1779816507127,2,11.0000004b,Drive,Delivery,pitch.1,335987,-0.0025,0.0107,0.0246,0.0155,-0.0712,0.0043,0.0,0.0
1779816507127,2,12.00000015,Lower Delivery,Delivery,pitch.1,335709,-2.6638,-13.5692,87.4583,-165.101,146.117,-9.4053,-0.1774,-0.2004
1779816507127,2,12.00000018,Upper Delivery,Delivery,pitch.1,336265,-1.7181,-1.04,1.0153,-0.0884,-0.0304,-0.0012,0.0,0.0
1779816507127,2,Pitching Mound.Delivery,,Delivery,pitch.1,335469,-4.3819,-14.6091,88.4735,-135.7988,146.0866,-9.0849,-0.1753,0.1341
1779816507127,2,Pitching Mound.Drive,,Delivery,pitch.1,335987,-0.0025,0.0107,0.0246,0.0155,-0.0712,0.0043,0.0,0.0
1779816507127,2,Pitching Mound.Parent,,Delivery,pitch.1,335176,-4.3844,-14.5984,88.4982,-135.7833,146.0154,-9.0806,-0.1753,0.134
1779816507128,2,11.0000004b,Drive,Delivery,pitch.1,335988,-0.0026,0.0073,0.0268,0.0162,-0.0742,0.0047,0.0,0.0
1779816507128,2,12.00000015,Lower Delivery,Delivery,pitch.1,335710,-2.7306,-13.5982,87.5279,-165.4413,146.0467,-9.5121,-0.1771,-0.2007
1779816507128,2,Pitching Mound.Drive,,Delivery,pitch.1,335988,-0.0026,0.0073,0.0268,0.0162,-0.0742,0.0047,0.0,0.0
1779816507129,2,11.0000004b,Drive,Delivery,pitch.1,335989,-0.0021,0.0095,0.0249,0.0155,-0.0718,0.0047,0.0,0.0
1779816507129,2,12.00000015,Lower Delivery,Delivery,pitch.1,335711,-2.786,-13.605,87.5857,-165.7924,145.9216,-9.6254,-0.1769,-0.201
1779816507129,2,12.00000018,Upper Delivery,Delivery,pitch.1,336266,-1.6388,-0.9697,1.1748,-0.0884,-0.0304,-0.0012,0.0,0.0
1779816507129,2,12.00000018,Upper Delivery,Delivery,pitch.1,336267,-1.6939,-0.9759,1.0908,-0.0975,-0.025,0.1007,0.0,0.0
1779816507129,2,Pitching Mound.Delivery,,Delivery,pitch.1,335470,-4.3695,-14.5679,88.7028,-136.1696,146.0164,-9.1421,-0.1748,0.133
1779816507129,2,Pitching Mound.Delivery,,Delivery,pitch.1,335471,-4.4799,-14.581,88.6765,-136.4816,145.8966,-9.1534,-0.1747,0.1332
1779816507129,2,Pitching Mound.Drive,,Delivery,pitch.1,335989,-0.0021,0.0095,0.0249,0.0155,-0.0718,0.0047,0.0,0.0
1779816507129,2,Pitching Mound.Parent,,Delivery,pitch.1,335177,-4.3721,-14.5606,88.7296,-136.1534,145.9422,-9.1374,-0.1747,0.1329
1779816507129,2,Pitching Mound.Parent,,Delivery,pitch.1,335178,-4.482,-14.5714,88.7015,-136.4661,145.8248,-9.1487,-0.1746,0.1331
1779816507130,2,11.0000004b,Drive,Delivery,pitch.1,335990,-0.0011,0.0088,0.0306,0.016,-0.0714,0.0021,0.0,0.0
1779816507130,2,12.00000015,Lower Delivery,Delivery,pitch.1,335712,-2.8327,-13.5887,87.6375,-165.9573,145.7323,-9.7258,-0.1765,-0.201
1779816507130,2,Pitching Mound.Drive,,Delivery,pitch.1,335990,-0.0011,0.0088,0.0306,0.016,-0.0714,0.0021,0.0,0.0
1779816507131,2,11.0000004b,Drive,Delivery,pitch.1,335991,-0.0002,0.0075,0.0259,0.0151,-0.0709,0.0037,0.0,0.0
1779816507131,2,12.00000015,Lower Delivery,Delivery,pitch.1,335713,-2.8696,-13.5537,87.8499,-166.3617,145.6809,-9.8912,-0.176,-0.201
1779816507131,2,12.00000018,Upper Delivery,Delivery,pitch.1,336268,-1.6451,-0.9215,0.9204,-0.108,-0.0189,0.2182,0.0,0.0
1779816507131,2,Pitching Mound.Delivery,,Delivery,pitch.1,335472,-4.4778,-14.5102,88.558,-136.5815,145.7134,-9.1038,-0.1747,0.134
1779816507131,2,Pitching Mound.Drive,,Delivery,pitch.1,335991,-0.0002,0.0075,0.0259,0.0151,-0.0709,0.0037,0.0,0.0
1779816507131,2,Pitching Mound.Parent,,Delivery,pitch.1,335179,-4.4789,-14.5014,88.5886,-136.5655,145.642,-9.1017,-0.1746,0.1339
1779816507132,2,11.0000004b,Drive,Delivery,pitch.1,335992,0.0137,-0.002,0.0371,0.0151,-0.071,0.0012,0.0,0.0
1779816507132,2,12.00000015,Lower Delivery,Delivery,pitch.1,335714,-2.8926,-13.5067,87.8242,-166.3992,145.3931,-9.9674,-0.1758,-0.2011
1779816507132,2,12.00000018,Upper Delivery,Delivery,pitch.1,336270,-1.3845,-0.7399,0.7746,-0.1186,-0.0127,0.3362,0.0,0.0
1779816507132,2,12.00000018,Upper Delivery,Delivery,pitch.1,336269,-1.4731,-0.8121,0.7793,-0.1136,-0.0157,0.2804,0.0,0.0
1779816507132,2,Pitching Mound.Delivery,,Delivery,pitch.1,335473,-4.3427,-14.3657,88.6292,-136.8713,145.6652,-9.136,-0.1745,0.1347
1779816507132,2,Pitching Mound.Delivery,,Delivery,pitch.1,335474,-4.2771,-14.2467,88.5988,-136.921,145.3804,-9.1185,-0.1742,0.1347
1779816507132,2,Pitching Mound.Drive,,Delivery,pitch.1,335992,0.0137,-0.002,0.0371,0.0151,-0.071,0.0012,0.0,0.0
1779816507132,2,Pitching Mound.Parent,,Delivery,pitch.1,335180,-4.3429,-14.3583,88.6551,-136.8562,145.5943,-9.1323,-0.1744,0.1347
1779816507132,2,Pitching Mound.Parent,,Delivery,pitch.1,335181,-4.2634,-14.2487,88.6359,-136.9059,145.3094,-9.1172,-0.1741,0.1346
1779816507133,2,11.0000004b,Drive,Delivery,pitch.1,335993,0.0117,-0.0005,0.0332,0.015,-0.0688,0.0005,0.0,0.0
1779816507133,2,12.00000015,Lower Delivery,Delivery,pitch.1,335715,-2.9171,-13.4465,88.1791,-166.6866,145.2351,-10.1175,-0.1749,-0.2007
1779816507133,2,12.00000018,Upper Delivery,Delivery,pitch.1,336271,-1.1968,-0.6845,0.6709,-0.1212,-0.0113,0.3645,0.0,0.0
1779816507133,2,Pitching Mound.Delivery,,Delivery,pitch.1,335475,-4.1139,-14.1309,88.8501,-137.055,145.2238,-9.168,-0.1735,0.1357
1779816507133,2,Pitching Mound.Drive,,Delivery,pitch.1,335993,0.0117,-0.0005,0.0332,0.015,-0.0688,0.0005,0.0,0.0
1779816507133,2,Pitching Mound.Parent,,Delivery,pitch.1,335182,-4.1022,-14.1314,88.8832,-137.04,145.155,-9.1676,-0.1735,0.1356
1779816507134,2,12.00000015,Lower Delivery,Delivery,pitch.1,335716,-2.9087,-13.3933,88.0775,-166.9425,145.1601,-10.2994,-0.175,-0.2012
1779816507134,2,12.00000018,Upper Delivery,Delivery,pitch.1,336272,-0.9609,-0.6084,0.712,-0.1276,-0.0075,0.4369,0.0,0.0
1779816507134,2,Pitching Mound.Delivery,,Delivery,pitch.1,335476,-3.8696,-14.0017,88.7895,-137.3659,145.1526,-9.2003,-0.1736,0.1349
1779816507135,2,11.0000004b,Drive,Delivery,pitch.1,335994,0.0067,-0.0009,0.044,0.0149,-0.0688,0.001,0.0,0.0
1779816507135,2,12.00000015,Lower Delivery,Delivery,pitch.1,335717,-2.8814,-13.321,88.104,-167.2304,145.0016,-10.4293,-0.1747,-0.2015
1779816507135,2,12.00000018,Upper Delivery,Delivery,pitch.1,336273,-0.8383,-0.5725,0.7215,-0.137,-0.002,0.5414,0.0,0.0
1779816507135,2,Pitching Mound.Delivery,,Delivery,pitch.1,335477,-3.7197,-13.8935,88.8255,-137.6574,144.9996,-9.1932,-0.1733,0.1346
1779816507135,2,Pitching Mound.Drive,,Delivery,pitch.1,335994,0.0067,-0.0009,0.044,0.0149,-0.0688,0.001,0.0,0.0
1779816507135,2,Pitching Mound.Parent,,Delivery,pitch.1,335183,-3.8629,-14.0026,88.8336,-137.351,145.0839,-9.1993,-0.1735,0.1349
1779816507136,2,11.0000004b,Drive,Delivery,pitch.1,335995,0.0278,0.0015,0.0388,0.0111,-0.0649,0.0047,0.0,0.0
1779816507136,2,11.0000004b,Drive,Delivery,pitch.1,335996,0.0268,-0.0004,0.0421,0.0135,-0.0655,0.0037,0.0,0.0
1779816507136,2,12.00000015,Lower Delivery,Delivery,pitch.1,335718,-2.8778,-13.2435,88.2994,-167.387,144.8485,-10.5965,-0.1742,-0.2012
1779816507136,2,12.00000018,Upper Delivery,Delivery,pitch.1,336274,-0.6632,-0.4985,0.7619,-0.0228,-0.068,0.6108,0.0,0.0
1779816507136,2,Pitching Mound.Delivery,,Delivery,pitch.1,335478,-3.541,-13.742,89.0614,-137.647,144.7805,-9.2327,-0.1727,0.1347
1779816507136,2,Pitching Mound.Drive,,Delivery,pitch.1,335995,0.0278,0.0015,0.0388,0.0111,-0.0649,0.0047,0.0,0.0
1779816507136,2,Pitching Mound.Drive,,Delivery,pitch.1,335996,0.0268,-0.0004,0.0421,0.0135,-0.0655,0.0037,0.0,0.0
1779816507136,2,Pitching Mound.Parent,,Delivery,pitch.1,335185,-3.5142,-13.7424,89.1035,-137.6336,144.715,-9.229,-0.1726,0.1346
1779816507136,2,Pitching Mound.Parent,,Delivery,pitch.1,335184,-3.6919,-13.892,88.8643,-137.6463,144.9348,-9.1885,-0.1732,0.1345
1779816507137,2,11.0000004b,Drive,Delivery,pitch.1,335997,0.0318,-0.0036,0.0374,0.0124,-0.0664,0.006,0.0,0.0
1779816507137,2,12.00000015,Lower Delivery,Delivery,pitch.1,335719,-2.8407,-13.16,88.4514,-167.516,144.8698,-10.744,-0.1739,-0.2011
1779816507137,2,12.00000018,Upper Delivery,Delivery,pitch.1,336275,-0.5185,-0.4173,0.8251,0.4202,-0.324,0.7791,0.0,0.0
1779816507137,2,Pitching Mound.Delivery,,Delivery,pitch.1,335479,-3.3592,-13.5773,89.2764,-137.3029,144.5458,-9.1753,-0.1723,0.1345
1779816507137,2,Pitching Mound.Drive,,Delivery,pitch.1,335997,0.0318,-0.0036,0.0374,0.0124,-0.0664,0.006,0.0,0.0
1779816507137,2,Pitching Mound.Parent,,Delivery,pitch.1,335186,-3.3274,-13.5809,89.3138,-137.2905,144.4794,-9.1693,-0.1722,0.1345
1779816507138,2,11.0000004b,Drive,Delivery,pitch.1,335998,0.0273,-0.0026,0.0354,0.0118,-0.0657,0.0081,0.0,0.0
1779816507138,2,12.00000015,Lower Delivery,Delivery,pitch.1,335720,-2.7958,-13.0966,88.5733,-167.8322,144.9363,-10.9644,-0.1737,-0.2012
1779816507138,2,12.00000018,Upper Delivery,Delivery,pitch.1,336276,-0.5068,-0.3902,0.8477,1.0821,-0.7065,0.9446,0.0,0.0
1779816507138,2,Pitching Mound.Delivery,,Delivery,pitch.1,335480,-3.3027,-13.4868,89.421,-136.9234,144.2298,-9.2416,-0.1721,0.1343
1779816507138,2,Pitching Mound.Drive,,Delivery,pitch.1,335998,0.0273,-0.0026,0.0354,0.0118,-0.0657,0.0081,0.0,0.0
1779816507138,2,Pitching Mound.Parent,,Delivery,pitch.1,335187,-3.2753,-13.4894,89.4564,-136.9117,144.1641,-9.2335,-0.172,0.1342
1779816507139,2,11.0000004b,Drive,Delivery,pitch.1,335999,0.0206,-0.0005,0.0354,0.0109,-0.0639,0.0094,0.0,0.0
1779816507139,2,12.00000015,Lower Delivery,Delivery,pitch.1,335721,-2.782,-13.0313,88.4568,-168.1242,144.8397,-11.1453,-0.1738,-0.2018
1779816507139,2,Pitching Mound.Drive,,Delivery,pitch.1,335999,0.0206,-0.0005,0.0354,0.0109,-0.0639,0.0094,0.0,0.0
1779816507140,2,11.0000004b,Drive,Delivery,pitch.1,336000,0.0248,-0.0056,0.0354,0.0114,-0.065,0.0073,0.0,0.0
1779816507140,2,12.00000015,Lower Delivery,Delivery,pitch.1,335722,-2.7588,-13.0073,88.388,-168.3357,144.8546,-11.3049,-0.174,-0.2022
1779816507140,2,12.00000018,Upper Delivery,Delivery,pitch.1,336277,-0.535,-0.3957,0.9325,1.419,-0.9012,1.0822,0.0,0.0
1779816507140,2,12.00000018,Upper Delivery,Delivery,pitch.1,336278,-0.5851,-0.3973,1.1308,1.7065,-1.0673,1.1955,0.0,0.0
1779816507140,2,Pitching Mound.Delivery,,Delivery,pitch.1,335481,-3.317,-13.427,89.3892,-136.9469,143.9385,-9.2992,-0.172,0.1332
1779816507140,2,Pitching Mound.Delivery,,Delivery,pitch.1,335482,-3.3438,-13.4046,89.5189,-136.9618,143.7873,-9.3704,-0.1718,0.1318
1779816507140,2,Pitching Mound.Drive,,Delivery,pitch.1,336000,0.0248,-0.0056,0.0354,0.0114,-0.065,0.0073,0.0,0.0
1779816507140,2,Pitching Mound.Parent,,Delivery,pitch.1,335188,-3.2964,-13.4275,89.4246,-136.936,143.8746,-9.2898,-0.172,0.1332
1779816507140,2,Pitching Mound.Parent,,Delivery,pitch.1,335189,-3.3191,-13.4101,89.5543,-136.9504,143.7223,-9.3632,-0.1717,0.1317
1779816507141,2,11.0000004b,Drive,Delivery,pitch.1,336001,0.0109,-0.0004,0.0288,0.0114,-0.0653,0.0101,0.0,0.0
1779816507141,2,12.00000015,Lower Delivery,Delivery,pitch.1,335723,-2.7638,-12.9415,88.6118,-168.6178,144.6634,-11.464,-0.1733,-0.202
1779816507141,2,12.00000018,Upper Delivery,Delivery,pitch.1,336279,-0.6274,-0.3584,1.2737,2.1846,-1.3436,1.4555,0.0,0.0
1779816507141,2,Pitching Mound.Delivery,,Delivery,pitch.1,335483,-3.3912,-13.2999,89.8854,-136.7383,143.3199,-9.2821,-0.1709,0.1312
1779816507141,2,Pitching Mound.Drive,,Delivery,pitch.1,336001,0.0109,-0.0004,0.0288,0.0114,-0.0653,0.0101,0.0,0.0
1779816507141,2,Pitching Mound.Parent,,Delivery,pitch.1,335190,-3.3802,-13.3004,89.9143,-136.7269,143.2546,-9.2721,-0.1708,0.1312
1779816507142,2,11.0000004b,Drive,Delivery,pitch.1,336002,0.0028,-0.0001,0.0247,0.0118,-0.0644,0.0094,0.0,0.0
1779816507142,2,12.00000015,Lower Delivery,Delivery,pitch.1,335724,-2.7688,-12.9056,88.5079,-169.1675,144.6861,-11.6199,-0.1735,-0.2029
1779816507142,2,12.00000018,Upper Delivery,Delivery,pitch.1,336280,-0.5888,-0.3183,1.3932,2.4969,-1.524,1.581,0.0,0.0
1779816507142,2,Pitching Mound.Delivery,,Delivery,pitch.1,335484,-3.3576,-13.2239,89.9011,-137.0516,143.1621,-9.2977,-0.1709,0.1297
1779816507142,2,Pitching Mound.Drive,,Delivery,pitch.1,336002,0.0028,-0.0001,0.0247,0.0118,-0.0644,0.0094,0.0,0.0
1779816507142,2,Pitching Mound.Parent,,Delivery,pitch.1,335191,-3.3548,-13.2239,89.9258,-137.0399,143.0977,-9.2884,-0.1708,0.1297
1779816507143,2,11.0000004b,Drive,Delivery,pitch.1,336003,0.0116,0.0043,0.0297,0.012,-0.0669,0.0141,0.0,0.0
1779816507143,2,12.00000015,Lower Delivery,Delivery,pitch.1,335725,-2.7733,-12.8848,88.5321,-169.5002,144.772,-11.7795,-0.1736,-0.2033
1779816507143,2,12.00000018,Upper Delivery,Delivery,pitch.1,336281,-0.5313,-0.3009,1.3613,2.4048,-1.4708,1.6355,0.0,0.0
1779816507143,2,Pitching Mound.Delivery,,Delivery,pitch.1,335485,-3.3046,-13.1857,89.8934,-137.4574,143.3013,-9.3818,-0.171,0.1295
1779816507143,2,Pitching Mound.Drive,,Delivery,pitch.1,336003,0.0116,0.0043,0.0297,0.012,-0.0669,0.0141,0.0,0.0
1779816507143,2,Pitching Mound.Parent,,Delivery,pitch.1,335192,-3.293,-13.1814,89.9232,-137.4454,143.2343,-9.3677,-0.1709,0.1295
1779816507144,2,11.0000004b,Drive,Delivery,pitch.1,336004,0.0077,0.0015,0.0258,0.0126,-0.0692,0.0145,0.0,0.0
1779816507144,2,12.00000015,Lower Delivery,Delivery,pitch.1,335726,-2.7811,-12.8944,88.4336,-169.9576,144.836,-11.882,-0.1739,-0.204
1779816507144,2,Pitching Mound.Drive,,Delivery,pitch.1,336004,0.0077,0.0015,0.0258,0.0126,-0.0692,0.0145,0.0,0.0
1779816507145,2,11.0000004b,Drive,Delivery,pitch.1,336005,0.0032,0.0031,0.024,0.0133,-0.0698,0.0138,0.0,0.0
1779816507145,2,12.00000015,Lower Delivery,Delivery,pitch.1,335727,-2.8032,-12.8968,88.2198,-170.2177,144.9164,-11.9765,-0.1744,-0.2048
1779816507145,2,12.00000018,Upper Delivery,Delivery,pitch.1,336282,-0.5093,-0.2774,1.3961,2.3292,-1.4271,1.6965,0.0,0.0
1779816507145,2,12.00000018,Upper Delivery,Delivery,pitch.1,336283,-0.4967,-0.2864,1.3216,2.0408,-1.2603,1.6857,0.0,0.0
1779816507145,2,Pitching Mound.Delivery,,Delivery,pitch.1,335487,-3.2999,-13.1832,89.5414,-138.6315,143.6561,-9.5066,-0.1718,0.1281
1779816507145,2,Pitching Mound.Delivery,,Delivery,pitch.1,335486,-3.2904,-13.1718,89.8298,-138.0357,143.4089,-9.4131,-0.1712,0.1286
1779816507145,2,Pitching Mound.Drive,,Delivery,pitch.1,336005,0.0032,0.0031,0.024,0.0133,-0.0698,0.0138,0.0,0.0
1779816507145,2,Pitching Mound.Parent,,Delivery,pitch.1,335193,-3.2827,-13.1703,89.8556,-138.023,143.3398,-9.3987,-0.1711,0.1285
1779816507145,2,Pitching Mound.Parent,,Delivery,pitch.1,335194,-3.2968,-13.1801,89.5653,-138.6183,143.5863,-9.4927,-0.1718,0.1281
1779816507146,2,11.0000004b,Drive,Delivery,pitch.1,336006,-0.0007,0.0028,0.0228,0.0175,-0.0711,0.0113,0.0,0.0
1779816507146,2,12.00000015,Lower Delivery,Delivery,pitch.1,335728,-2.8358,-12.9176,88.2418,-170.6666,145.1603,-12.0847,-0.1746,-0.2053
1779816507146,2,12.00000018,Upper Delivery,Delivery,pitch.1,336284,-0.4865,-0.2908,1.2805,2.1158,-1.3037,1.6768,0.0,0.0
1779816507146,2,Pitching Mound.Delivery,,Delivery,pitch.1,335488,-3.3223,-13.2084,89.5223,-138.9839,143.8566,-9.6091,-0.1721,0.1279
1779816507146,2,Pitching Mound.Drive,,Delivery,pitch.1,336006,-0.0007,0.0028,0.0228,0.0175,-0.0711,0.0113,0.0,0.0
1779816507146,2,Pitching Mound.Parent,,Delivery,pitch.1,335195,-3.323,-13.2056,89.545,-138.9664,143.7855,-9.5979,-0.1721,0.1279
1779816507147,2,11.0000004b,Drive,Delivery,pitch.1,336007,0.0015,0.0053,0.0237,0.0147,-0.0714,0.0123,0.0,0.0
1779816507147,2,12.00000015,Lower Delivery,Delivery,pitch.1,335729,-2.8709,-12.96,88.1693,-171.1446,145.4362,-12.1703,-0.1751,-0.2061
1779816507147,2,12.00000018,Upper Delivery,Delivery,pitch.1,336285,-0.6179,-0.3179,1.5518,2.4597,-1.5025,1.687,0.0,0.0
1779816507147,2,Pitching Mound.Delivery,,Delivery,pitch.1,335489,-3.4887,-13.2779,89.7211,-139.235,143.9337,-9.7172,-0.1721,0.1257
1779816507147,2,Pitching Mound.Drive,,Delivery,pitch.1,336007,0.0015,0.0053,0.0237,0.0147,-0.0714,0.0123,0.0,0.0
1779816507147,2,Pitching Mound.Parent,,Delivery,pitch.1,335196,-3.4872,-13.2726,89.7448,-139.2202,143.8623,-9.705,-0.172,0.1257
1779816507148,2,11.0000004b,Drive,Delivery,pitch.1,336008,-0.0006,0.0005,0.0233,0.0154,-0.0702,0.0094,0.0,0.0
1779816507148,2,12.00000015,Lower Delivery,Delivery,pitch.1,335730,-2.901,-13.0199,88.1319,-171.5692,145.5345,-12.1948,-0.1753,-0.2067
1779816507148,2,12.00000018,Upper Delivery,Delivery,pitch.1,336286,-0.7193,-0.3834,1.6303,2.3964,-1.4659,1.6916,0.0,0.0
1779816507148,2,Pitching Mound.Delivery,,Delivery,pitch.1,335490,-3.6203,-13.4034,89.7622,-139.7623,144.0686,-9.7615,-0.1721,0.1247
1779816507148,2,Pitching Mound.Drive,,Delivery,pitch.1,336008,-0.0006,0.0005,0.0233,0.0154,-0.0702,0.0094,0.0,0.0
1779816507148,2,Pitching Mound.Parent,,Delivery,pitch.1,335197,-3.6209,-13.4029,89.7856,-139.7469,143.9984,-9.7522,-0.1721,0.1247
1779816507149,2,11.0000004b,Drive,Delivery,pitch.1,336009,0.0029,0.0002,0.0254,0.0169,-0.0738,0.0092,0.0,0.0
1779816507149,2,12.00000015,Lower Delivery,Delivery,pitch.1,335731,-2.9332,-13.0755,88.0826,-171.9606,145.7579,-12.2401,-0.1757,-0.2073
1779816507149,2,12.00000018,Upper Delivery,Delivery,pitch.1,336287,-0.8805,-0.4635,1.7715,2.2094,-1.3578,1.6671,0.0,0.0
1779816507149,2,Pitching Mound.Delivery,,Delivery,pitch.1,335491,-3.8136,-13.539,89.8541,-140.4054,144.4001,-9.8751,-0.1722,0.1234
1779816507149,2,Pitching Mound.Drive,,Delivery,pitch.1,336009,0.0029,0.0002,0.0254,0.0169,-0.0738,0.0092,0.0,0.0
1779816507149,2,Pitching Mound.Parent,,Delivery,pitch.1,335198,-3.8107,-13.5388,89.8795,-140.3885,144.3264,-9.8658,-0.1722,0.1234
1779816507150,2,11.0000004b,Drive,Delivery,pitch.1,336010,-0.0003,-0.0001,0.0236,0.0178,-0.072,0.0075,0.0,0.0
1779816507150,2,12.00000015,Lower Delivery,Delivery,pitch.1,335732,-2.9323,-13.1392,87.9912,-172.1743,145.9626,-12.2369,-0.1761,-0.2077
1779816507150,2,12.00000018,Upper Delivery,Delivery,pitch.1,336288,-0.9791,-0.5306,1.6655,1.9496,-1.2077,1.6381,0.0,0.0
1779816507150,2,Pitching Mound.Delivery,,Delivery,pitch.1,335492,-3.9114,-13.6699,89.6566,-140.8739,144.7549,-9.9347,-0.1728,0.1235
1779816507150,2,Pitching Mound.Drive,,Delivery,pitch.1,336010,-0.0003,-0.0001,0.0236,0.0178,-0.072,0.0075,0.0,0.0
1779816507150,2,Pitching Mound.Parent,,Delivery,pitch.1,335199,-3.9117,-13.6699,89.6802,-140.8561,144.6829,-9.9272,-0.1728,0.1235
1779816507151,2,11.0000004b,Drive,Delivery,pitch.1,336011,0.0015,0.0005,0.0251,0.0173,-0.0732,0.0103,0.0,0.0
1779816507151,2,12.00000018,Upper Delivery,Delivery,pitch.1,336289,-1.0501,-0.5666,1.7893,1.638,-1.0276,1.5618,0.0,0.0
1779816507151,2,Pitching Mound.Drive,,Delivery,pitch.1,336011,0.0015,0.0005,0.0251,0.0173,-0.0732,0.0103,0.0,0.0
1779816507152,2,11.0000004b,Drive,Delivery,pitch.1,336012,-0.0008,0.0002,0.0237,0.0173,-0.0729,0.007,0.0,0.0
1779816507152,2,12.00000015,Lower Delivery,Delivery,pitch.1,335733,-2.9586,-13.1796,88.14,-172.5005,146.1068,-12.1907,-0.176,-0.2078
1779816507152,2,12.00000015,Lower Delivery,Delivery,pitch.1,335734,-2.9531,-13.2406,88.2701,-172.599,146.5109,-12.1596,-0.1762,-0.2076
1779816507152,2,12.00000018,Upper Delivery,Delivery,pitch.1,336290,-1.066,-0.5606,1.5939,1.5279,-0.964,1.4335,0.0,0.0
1779816507152,2,Pitching Mound.Delivery,,Delivery,pitch.1,335493,-4.0087,-13.7462,89.9293,-141.5033,145.0792,-9.9801,-0.1725,0.1228
1779816507152,2,Pitching Mound.Delivery,,Delivery,pitch.1,335494,-4.0191,-13.8012,89.8639,-141.6013,145.5469,-10.0845,-0.1731,0.124
1779816507152,2,Pitching Mound.Drive,,Delivery,pitch.1,336012,-0.0008,0.0002,0.0237,0.0173,-0.0729,0.007,0.0,0.0
1779816507152,2,Pitching Mound.Parent,,Delivery,pitch.1,335200,-4.0072,-13.7457,89.9544,-141.486,145.006,-9.9698,-0.1724,0.1228
1779816507152,2,Pitching Mound.Parent,,Delivery,pitch.1,335201,-4.0199,-13.801,89.8876,-141.584,145.474,-10.0776,-0.173,0.124
1779816507153,2,11.0000004b,Drive,Delivery,pitch.1,336013,-0.0011,-0.0003,0.0242,0.0167,-0.0718,0.0065,0.0,0.0
1779816507153,2,12.00000015,Lower Delivery,Delivery,pitch.1,335735,-2.9414,-13.2873,88.4061,-172.7286,146.7459,-12.058,-0.1762,-0.2074
1779816507153,2,12.00000018,Upper Delivery,Delivery,pitch.1,336291,-1.1734,-0.6648,1.5757,1.1328,-0.7357,1.3643,0.0,0.0
1779816507153,2,Pitching Mound.Delivery,,Delivery,pitch.1,335495,-4.1148,-13.9521,89.9818,-142.0734,146.0102,-10.0926,-0.1731,0.1243
1779816507153,2,Pitching Mound.Drive,,Delivery,pitch.1,336013,-0.0011,-0.0003,0.0242,0.0167,-0.0718,0.0065,0.0,0.0
1779816507153,2,Pitching Mound.Parent,,Delivery,pitch.1,335202,-4.1159,-13.9524,90.006,-142.0567,145.9384,-10.0861,-0.1731,0.1243
1779816507154,2,11.0000004b,Drive,Delivery,pitch.1,336014,-0.0013,-0.0003,0.0246,0.0156,-0.0701,0.0065,0.0,0.0
1779816507154,2,12.00000015,Lower Delivery,Delivery,pitch.1,335736,-2.9248,-13.3481,88.5127,-172.728,146.8155,-11.9826,-0.1761,-0.2072
1779816507154,2,12.00000018,Upper Delivery,Delivery,pitch.1,336292,-1.3296,-0.7371,1.218,0.9487,-0.6293,1.2754,0.0,0.0
1779816507154,2,Pitching Mound.Delivery,,Delivery,pitch.1,335496,-4.2543,-14.0852,89.7306,-142.0991,146.1863,-10.1649,-0.1737,0.1264
1779816507154,2,Pitching Mound.Drive,,Delivery,pitch.1,336014,-0.0013,-0.0003,0.0246,0.0156,-0.0701,0.0065,0.0,0.0
1779816507154,2,Pitching Mound.Parent,,Delivery,pitch.1,335203,-4.2556,-14.0856,89.7552,-142.0836,146.1161,-10.1584,-0.1737,0.1264
1779816507155,2,11.0000004b,Drive,Delivery,pitch.1,336015,-0.0008,-0.0004,0.0245,0.015,-0.0703,0.007,0.0,0.0
1779816507155,2,12.00000015,Lower Delivery,Delivery,pitch.1,335737,-2.8995,-13.386,88.8241,-172.7622,146.8202,-11.8499,-0.1755,-0.2065
1779816507155,2,12.00000018,Upper Delivery,Delivery,pitch.1,336293,-1.5425,-0.8383,1.2187,0.8884,-0.5944,1.2082,0.0,0.0
1779816507155,2,Pitching Mound.Delivery,,Delivery,pitch.1,335497,-4.442,-14.2242,90.0428,-142.088,146.2258,-10.1804,-0.1731,0.1271
1779816507155,2,Pitching Mound.Drive,,Delivery,pitch.1,336015,-0.0008,-0.0004,0.0245,0.015,-0.0703,0.007,0.0,0.0
1779816507155,2,Pitching Mound.Parent,,Delivery,pitch.1,335204,-4.4428,-14.2246,90.0673,-142.0729,146.1555,-10.1734,-0.1731,0.1271
1779816507156,2,12.00000015,Lower Delivery,Delivery,pitch.1,335738,-2.8897,-13.3842,89.2451,-172.6855,146.8643,-11.7333,-0.1747,-0.2054
1779816507156,2,12.00000018,Upper Delivery,Delivery,pitch.1,336294,-1.5999,-0.9079,1.197,0.5497,-0.3987,1.0989,0.0,0.0
1779816507156,2,Pitching Mound.Delivery,,Delivery,pitch.1,335498,-4.4895,-14.292,90.4421,-142.1995,146.4656,-10.1959,-0.1724,0.1283
1779816507157,2,11.0000004b,Drive,Delivery,pitch.1,336017,0.014,-0.0035,0.0309,0.0122,-0.0658,0.0082,0.0,0.0
1779816507157,2,11.0000004b,Drive,Delivery,pitch.1,336016,0.0017,-0.0011,0.0264,0.0137,-0.0693,0.0086,0.0,0.0
1779816507157,2,12.00000015,Lower Delivery,Delivery,pitch.1,335739,-2.8309,-13.4017,89.1863,-172.7027,146.81,-11.5858,-0.1748,-0.2056
1779816507157,2,12.00000018,Upper Delivery,Delivery,pitch.1,336295,-1.519,-0.8684,1.0528,0.0678,-0.1203,0.9385,0.0,0.0
1779816507157,2,Pitching Mound.Delivery,,Delivery,pitch.1,335499,-4.3499,-14.2701,90.2391,-142.6694,146.6898,-10.2013,-0.1727,0.1289
1779816507157,2,Pitching Mound.Drive,,Delivery,pitch.1,336017,0.014,-0.0035,0.0309,0.0122,-0.0658,0.0082,0.0,0.0
1779816507157,2,Pitching Mound.Drive,,Delivery,pitch.1,336016,0.0017,-0.0011,0.0264,0.0137,-0.0693,0.0086,0.0,0.0
1779816507157,2,Pitching Mound.Parent,,Delivery,pitch.1,335205,-4.4878,-14.2931,90.4685,-142.1858,146.3962,-10.1873,-0.1723,0.1283
1779816507157,2,Pitching Mound.Parent,,Delivery,pitch.1,335206,-4.3359,-14.2736,90.27,-142.6572,146.6239,-10.193,-0.1727,0.1288
1779816507158,2,11.0000004b,Drive,Delivery,pitch.1,336018,0.0079,-0.0014,0.0289,0.012,-0.0645,0.0088,0.0,0.0
1779816507158,2,12.00000015,Lower Delivery,Delivery,pitch.1,335740,-2.7848,-13.3709,89.6366,-172.5511,146.8787,-11.4227,-0.174,-0.2044
1779816507158,2,12.00000018,Upper Delivery,Delivery,pitch.1,336296,-1.4396,-0.8303,0.7583,-0.1631,0.0132,0.8321,0.0,0.0
1779816507158,2,Pitching Mound.Delivery,,Delivery,pitch.1,335500,-4.2243,-14.2012,90.3949,-142.4955,146.8919,-10.1332,-0.1725,0.1316
1779816507158,2,Pitching Mound.Drive,,Delivery,pitch.1,336018,0.0079,-0.0014,0.0289,0.012,-0.0645,0.0088,0.0,0.0
1779816507158,2,Pitching Mound.Parent,,Delivery,pitch.1,335207,-4.2164,-14.2026,90.4238,-142.4835,146.8273,-10.1244,-0.1724,0.1316
1779816507159,2,12.00000015,Lower Delivery,Delivery,pitch.1,335741,-2.7255,-13.3405,90.0137,-172.5422,146.9343,-11.3192,-0.1733,-0.2035
1779816507159,2,12.00000018,Upper Delivery,Delivery,pitch.1,336297,-1.4573,-0.8644,0.6737,-0.1466,0.0036,0.6483,0.0,0.0
1779816507159,2,Pitching Mound.Delivery,,Delivery,pitch.1,335501,-4.1828,-14.2049,90.6874,-142.3132,146.9379,-10.2397,-0.172,0.133
1779816507160,2,11.0000004b,Drive,Delivery,pitch.1,336019,0.0074,-0.0012,0.0292,0.0114,-0.0643,0.0102,0.0,0.0
1779816507160,2,11.0000004b,Drive,Delivery,pitch.1,336020,0.0071,-0.0007,0.0262,0.0101,-0.0637,0.0102,0.0,0.0
1779816507160,2,12.00000015,Lower Delivery,Delivery,pitch.1,335742,-2.6617,-13.3331,90.1681,-172.427,146.9748,-11.155,-0.173,-0.203
1779816507160,2,12.00000018,Upper Delivery,Delivery,pitch.1,336298,-1.4194,-0.8501,0.4186,-0.1397,-0.0005,0.571,0.0,0.0
1779816507160,2,Pitching Mound.Delivery,,Delivery,pitch.1,335502,-4.0811,-14.1832,90.5868,-142.0519,146.9743,-10.1616,-0.1722,0.1348
1779816507160,2,Pitching Mound.Drive,,Delivery,pitch.1,336019,0.0074,-0.0012,0.0292,0.0114,-0.0643,0.0102,0.0,0.0
1779816507160,2,Pitching Mound.Drive,,Delivery,pitch.1,336020,0.0071,-0.0007,0.0262,0.0101,-0.0637,0.0102,0.0,0.0
1779816507160,2,Pitching Mound.Parent,,Delivery,pitch.1,335208,-4.1753,-14.206,90.7166,-142.3019,146.8736,-10.2294,-0.172,0.1329
1779816507160,2,Pitching Mound.Parent,,Delivery,pitch.1,335209,-4.074,-14.1839,90.613,-142.0418,146.9106,-10.1514,-0.1722,0.1347
1779816507161,2,11.0000004b,Drive,Delivery,pitch.1,336021,0.0083,-0.002,0.0295,0.0098,-0.0648,0.0109,0.0,0.0
1779816507161,2,12.00000015,Lower Delivery,Delivery,pitch.1,335743,-2.5833,-13.3148,90.2488,-172.3079,147.3502,-11.0236,-0.1733,-0.2027
1779816507161,2,12.00000018,Upper Delivery,Delivery,pitch.1,336299,-1.3392,-0.8149,0.4211,-0.1343,-0.0036,0.5112,0.0,0.0
1779816507161,2,Pitching Mound.Delivery,,Delivery,pitch.1,335503,-3.9225,-14.1297,90.6699,-141.9008,147.3466,-10.0894,-0.1725,0.1351
1779816507161,2,Pitching Mound.Drive,,Delivery,pitch.1,336021,0.0083,-0.002,0.0295,0.0098,-0.0648,0.0109,0.0,0.0
1779816507161,2,Pitching Mound.Parent,,Delivery,pitch.1,335210,-3.9142,-14.1317,90.6994,-141.891,147.2819,-10.0784,-0.1725,0.135
1779816507162,2,11.0000004b,Drive,Delivery,pitch.1,336022,0.0004,-0.0021,0.0299,0.0099,-0.0628,0.0117,0.0,0.0
1779816507162,2,12.00000015,Lower Delivery,Delivery,pitch.1,335744,-2.51,-13.3022,90.4375,-172.2844,147.5697,-10.8874,-0.1732,-0.2022
1779816507162,2,12.00000018,Upper Delivery,Delivery,pitch.1,336300,-1.4085,-0.8623,0.501,-0.1244,-0.0094,0.4005,0.0,0.0
1779816507162,2,Pitching Mound.Delivery,,Delivery,pitch.1,335504,-3.9185,-14.1645,90.9385,-141.8304,147.5604,-10.1124,-0.1723,0.1351
1779816507162,2,Pitching Mound.Drive,,Delivery,pitch.1,336022,0.0004,-0.0021,0.0299,0.0099,-0.0628,0.0117,0.0,0.0
1779816507162,2,Pitching Mound.Parent,,Delivery,pitch.1,335211,-3.9181,-14.1666,90.9684,-141.8204,147.4976,-10.1007,-0.1722,0.1351
1779816507163,2,11.0000004b,Drive,Delivery,pitch.1,336023,-0.0027,-0.0044,0.0358,0.0104,-0.0643,0.0142,0.0,0.0
1779816507163,2,12.00000015,Lower Delivery,Delivery,pitch.1,335745,-2.4416,-13.2836,90.5285,-172.2193,147.7861,-10.7284,-0.1733,-0.202
1779816507163,2,12.00000018,Upper Delivery,Delivery,pitch.1,336301,-1.3638,-0.8716,0.6362,-0.1068,-0.0196,0.2043,0.0,0.0
1779816507163,2,Pitching Mound.Delivery,,Delivery,pitch.1,335505,-3.8055,-14.1552,91.1647,-141.7627,147.7665,-10.1576,-0.1721,0.1347
1779816507163,2,Pitching Mound.Drive,,Delivery,pitch.1,336023,-0.0027,-0.0044,0.0358,0.0104,-0.0643,0.0142,0.0,0.0
1779816507163,2,Pitching Mound.Parent,,Delivery,pitch.1,335212,-3.8082,-14.1596,91.2006,-141.7523,147.7021,-10.1435,-0.172,0.1346
1779816507164,2,11.0000004b,Drive,Delivery,pitch.1,336024,-0.0008,-0.004,0.0346,0.0113,-0.0639,0.0143,0.0,0.0
1779816507164,2,12.00000015,Lower Delivery,Delivery,pitch.1,335746,-2.375,-13.2692,90.4335,-172.2417,147.9825,-10.5548,-0.1737,-0.2022
1779816507164,2,12.00000018,Upper Delivery,Delivery,pitch.1,336302,-1.4267,-0.8801,0.6539,-0.0979,-0.0248,0.1052,0.0,0.0
1779816507164,2,Pitching Mound.Delivery,,Delivery,pitch.1,335506,-3.8018,-14.1493,91.0874,-141.8146,147.9577,-10.1272,-0.1725,0.1344
1779816507164,2,Pitching Mound.Drive,,Delivery,pitch.1,336024,-0.0008,-0.004,0.0346,0.0113,-0.0639,0.0143,0.0,0.0
1779816507164,2,Pitching Mound.Parent,,Delivery,pitch.1,335213,-3.8026,-14.1533,91.122,-141.8033,147.8937,-10.1129,-0.1724,0.1343
1779816507165,2,11.0000004b,Drive,Delivery,pitch.1,336025,-0.0002,-0.0009,0.0245,0.0115,-0.0648,0.0122,0.0,0.0
1779816507165,2,12.00000015,Lower Delivery,Delivery,pitch.1,335747,-2.3161,-13.2428,90.4261,-172.2066,148.2811,-10.3807,-0.1741,-0.2022
1779816507165,2,12.00000018,Upper Delivery,Delivery,pitch.1,336303,-1.5176,-0.8876,0.7873,-0.0884,-0.0304,-0.0012,0.0,0.0
1779816507165,2,Pitching Mound.Delivery,,Delivery,pitch.1,335507,-3.8337,-14.1304,91.2134,-141.8177,148.2507,-10.1104,-0.1726,0.1337
1779816507165,2,Pitching Mound.Drive,,Delivery,pitch.1,336025,-0.0002,-0.0009,0.0245,0.0115,-0.0648,0.0122,0.0,0.0
1779816507165,2,Pitching Mound.Parent,,Delivery,pitch.1,335214,-3.8338,-14.1313,91.2378,-141.8062,148.1859,-10.0982,-0.1725,0.1337
1779816507166,2,11.0000004b,Drive,Delivery,pitch.1,336026,0.0002,0.0004,0.0224,0.0107,-0.0651,0.0127,0.0,0.0
1779816507166,2,12.00000015,Lower Delivery,Delivery,pitch.1,335748,-2.224,-13.2577,90.38,-172.4755,148.7164,-10.2426,-0.1747,-0.2026
1779816507166,2,12.00000018,Upper Delivery,Delivery,pitch.1,336304,-1.6536,-0.9254,0.8214,-0.0884,-0.0304,-0.0012,0.0,0.0
1779816507166,2,Pitching Mound.Delivery,,Delivery,pitch.1,335508,-3.8776,-14.1831,91.2015,-142.114,148.6861,-10.0499,-0.1731,0.1331
1779816507166,2,Pitching Mound.Drive,,Delivery,pitch.1,336026,0.0002,0.0004,0.0224,0.0107,-0.0651,0.0127,0.0,0.0
1779816507166,2,Pitching Mound.Parent,,Delivery,pitch.1,335215,-3.8774,-14.1827,91.2239,-142.1033,148.621,-10.0372,-0.1731,0.1331
1779816507167,2,11.0000004b,Drive,Delivery,pitch.1,336027,0.0,0.0002,0.0216,0.0109,-0.0673,0.0114,0.0,0.0
1779816507167,2,12.00000015,Lower Delivery,Delivery,pitch.1,335749,-2.1249,-13.3107,89.8273,-172.665,149.3444,-10.0466,-0.1765,-0.2041
1779816507167,2,12.00000018,Upper Delivery,Delivery,pitch.1,336305,-1.7464,-0.9286,0.9406,-0.0884,-0.0304,-0.0012,0.0,0.0
1779816507167,2,Pitching Mound.Delivery,,Delivery,pitch.1,335509,-3.8713,-14.2393,90.7679,-142.5319,149.3141,-9.9192,-0.1747,0.131
1779816507167,2,Pitching Mound.Drive,,Delivery,pitch.1,336027,0.0,0.0002,0.0216,0.0109,-0.0673,0.0114,0.0,0.0
1779816507167,2,Pitching Mound.Parent,,Delivery,pitch.1,335216,-3.8713,-14.2391,90.7895,-142.5209,149.2467,-9.9078,-0.1746,0.131
1779816507168,2,11.0000004b,Drive,Delivery,pitch.1,336028,0.0,0.0005,0.0201,0.0117,-0.0693,0.0119,0.0,0.0
1779816507168,2,12.00000015,Lower Delivery,Delivery,pitch.1,335750,-2.0479,-13.3446,89.6591,-172.6389,149.7621,-9.8538,-0.1773,-0.2044
1779816507168,2,12.00000018,Upper Delivery,Delivery,pitch.1,336306,-2.0643,-1.0796,0.7319,-0.0884,-0.0304,-0.0012,0.0,0.0
1779816507168,2,Pitching Mound.Delivery,,Delivery,pitch.1,335510,-4.1122,-14.4242,90.391,-142.492,149.7317,-9.8606,-0.1759,0.1317
1779816507168,2,Pitching Mound.Drive,,Delivery,pitch.1,336028,0.0,0.0005,0.0201,0.0117,-0.0693,0.0119,0.0,0.0
1779816507168,2,Pitching Mound.Parent,,Delivery,pitch.1,335217,-4.1122,-14.4238,90.4111,-142.4804,149.6624,-9.8487,-0.1759,0.1317
1779816507169,2,11.0000004b,Drive,Delivery,pitch.1,336029,0.0002,0.0001,0.0195,0.0114,-0.0697,0.0104,0.0,0.0
1779816507169,2,12.00000015,Lower Delivery,Delivery,pitch.1,335751,-1.9543,-13.4004,89.1471,-172.9449,150.1507,-9.6467,-0.1788,-0.206
1779816507169,2,12.00000018,Upper Delivery,Delivery,pitch.1,336307,-2.1394,-1.1227,1.0293,-0.0884,-0.0304,-0.0012,0.0,0.0
1779816507169,2,Pitching Mound.Delivery,,Delivery,pitch.1,335511,-4.0937,-14.5231,90.1764,-143.0733,150.1203,-9.7108,-0.1768,0.1286
1779816507169,2,Pitching Mound.Drive,,Delivery,pitch.1,336029,0.0002,0.0001,0.0195,0.0114,-0.0697,0.0104,0.0,0.0
1779816507169,2,Pitching Mound.Parent,,Delivery,pitch.1,335218,-4.0935,-14.523,90.1959,-143.0618,150.0506,-9.7004,-0.1767,0.1286
1779816507170,2,11.0000004b,Drive,Delivery,pitch.1,336030,0.0003,0.0005,0.0182,0.0106,-0.0679,0.0103,0.0,0.0
1779816507170,2,12.00000015,Lower Delivery,Delivery,pitch.1,335752,-1.8663,-13.4768,88.9144,-173.0665,150.4729,-9.4425,-0.1797,-0.2066
1779816507170,2,12.00000018,Upper Delivery,Delivery,pitch.1,336308,-2.2276,-1.156,0.9868,-0.0884,-0.0304,-0.0012,0.0,0.0
1779816507170,2,Pitching Mound.Delivery,,Delivery,pitch.1,335512,-4.0939,-14.6328,89.9012,-143.2595,150.4425,-9.5666,-0.1777,0.1282
1779816507170,2,Pitching Mound.Drive,,Delivery,pitch.1,336030,0.0003,0.0005,0.0182,0.0106,-0.0679,0.0103,0.0,0.0
1779816507170,2,Pitching Mound.Parent,,Delivery,pitch.1,335219,-4.0936,-14.6323,89.9193,-143.2489,150.3746,-9.5563,-0.1777,0.1281
1779816507171,2,11.0000004b,Drive,Delivery,pitch.1,336031,-0.0002,0.0006,0.0189,0.0117,-0.0683,0.0101,0.0,0.0
1779816507171,2,12.00000015,Lower Delivery,Delivery,pitch.1,335753,-1.7616,-13.5561,88.6911,-173.248,151.0175,-9.2467,-0.1808,-0.2074
1779816507171,2,12.00000018,Upper Delivery,Delivery,pitch.1,336309,-2.2787,-1.1646,0.8698,-0.0884,-0.0304,-0.0012,0.0,0.0
1779816507171,2,Pitching Mound.Delivery,,Delivery,pitch.1,335513,-4.0403,-14.7207,89.5609,-143.4771,150.9872,-9.4237,-0.179,0.128
1779816507171,2,Pitching Mound.Drive,,Delivery,pitch.1,336031,-0.0002,0.0006,0.0189,0.0117,-0.0683,0.0101,0.0,0.0
1779816507171,2,Pitching Mound.Parent,,Delivery,pitch.1,335220,-4.0404,-14.7201,89.5798,-143.4654,150.9189,-9.4136,-0.179,0.128
1779816507172,2,11.0000004b,Drive,Delivery,pitch.1,336032,0.0001,0.0006,0.0191,0.0115,-0.0677,0.0125,0.0,0.0
1779816507172,2,12.00000015,Lower Delivery,Delivery,pitch.1,335754,-1.6953,-13.6027,88.7797,-173.4497,151.4206,-8.9948,-0.1811,-0.2074
1779816507172,2,12.00000018,Upper Delivery,Delivery,pitch.1,336310,-2.3206,-1.1824,0.7754,-0.0884,-0.0304,-0.0012,0.0,0.0
1779816507172,2,Pitching Mound.Delivery,,Delivery,pitch.1,335514,-4.0159,-14.7851,89.5551,-143.6166,151.3903,-9.2086,-0.1795,0.1285
1779816507172,2,Pitching Mound.Drive,,Delivery,pitch.1,336032,0.0001,0.0006,0.0191,0.0115,-0.0677,0.0125,0.0,0.0
1779816507172,2,Pitching Mound.Parent,,Delivery,pitch.1,335221,-4.0158,-14.7845,89.5743,-143.6051,151.3226,-9.1961,-0.1795,0.1285
1779816507173,2,11.0000004b,Drive,Delivery,pitch.1,336033,0.0001,0.0004,0.0196,0.0106,-0.0656,0.011,0.0,0.0
1779816507173,2,12.00000015,Lower Delivery,Delivery,pitch.1,335755,-1.6279,-13.6707,88.8282,-173.5448,151.7068,-8.7701,-0.1813,-0.2074
1779816507173,2,12.00000018,Upper Delivery,Delivery,pitch.1,336311,-2.3258,-1.2495,0.7295,-0.0884,-0.0304,-0.0012,0.0,0.0
1779816507173,2,Pitching Mound.Delivery,,Delivery,pitch.1,335515,-3.9537,-14.9202,89.5577,-143.6797,151.6765,-9.0085,-0.1798,0.1287
1779816507173,2,Pitching Mound.Drive,,Delivery,pitch.1,336033,0.0001,0.0004,0.0196,0.0106,-0.0656,0.011,0.0,0.0
1779816507173,2,Pitching Mound.Parent,,Delivery,pitch.1,335222,-3.9535,-14.9198,89.5773,-143.6691,151.6109,-8.9975,-0.1798,0.1287
1779816507174,2,11.0000004b,Drive,Delivery,pitch.1,336034,0.0002,0.0005,0.0202,0.01,-0.0642,0.0106,0.0,0.0
1779816507174,2,12.00000015,Lower Delivery,Delivery,pitch.1,335756,-1.5362,-13.7345,88.9492,-173.6486,152.179,-8.5238,-0.1816,-0.2073
1779816507174,2,12.00000018,Upper Delivery,Delivery,pitch.1,336312,-2.4099,-1.3245,0.7078,-0.0884,-0.0304,-0.0012,0.0,0.0
1779816507174,2,Pitching Mound.Delivery,,Delivery,pitch.1,335516,-3.9461,-15.059,89.657,-143.7349,152.1486,-8.8221,-0.1802,0.129
1779816507174,2,Pitching Mound.Drive,,Delivery,pitch.1,336034,0.0002,0.0005,0.0202,0.01,-0.0642,0.0106,0.0,0.0
1779816507174,2,Pitching Mound.Parent,,Delivery,pitch.1,335223,-3.9459,-15.0584,89.6771,-143.7249,152.0844,-8.8115,-0.1802,0.129
1779816507175,2,11.0000004b,Drive,Delivery,pitch.1,336035,0.001,0.0002,0.0209,0.0104,-0.0665,0.011,0.0,0.0
1779816507175,2,12.00000015,Lower Delivery,Delivery,pitch.1,335757,-1.4709,-13.7868,89.0439,-173.6628,152.4515,-8.2783,-0.1818,-0.207
1779816507175,2,12.00000018,Upper Delivery,Delivery,pitch.1,336313,-2.3631,-1.3422,0.7877,-0.0884,-0.0304,-0.0012,0.0,0.0
1779816507175,2,Pitching Mound.Delivery,,Delivery,pitch.1,335517,-3.8341,-15.129,89.8316,-143.7441,152.4212,-8.5828,-0.1802,0.1288
1779816507175,2,Pitching Mound.Drive,,Delivery,pitch.1,336035,0.001,0.0002,0.0209,0.0104,-0.0665,0.011,0.0,0.0
1779816507175,2,Pitching Mound.Parent,,Delivery,pitch.1,335224,-3.833,-15.1288,89.8526,-143.7336,152.3547,-8.5718,-0.1801,0.1288
1779816507176,2,11.0000004b,Drive,Delivery,pitch.1,336036,0.0009,0.0004,0.0201,0.0096,-0.0641,0.0106,0.0,0.0
1779816507176,2,12.00000015,Lower Delivery,Delivery,pitch.1,335758,-1.3935,-13.8524,89.233,-173.546,152.7052,-7.9762,-0.1817,-0.2065
1779816507176,2,12.00000018,Upper Delivery,Delivery,pitch.1,336314,-2.254,-1.323,0.5993,-0.0884,-0.0304,-0.0012,0.0,0.0
1779816507176,2,Pitching Mound.Delivery,,Delivery,pitch.1,335518,-3.6475,-15.1753,89.8323,-143.4989,152.6749,-8.27,-0.1805,0.1304
1779816507176,2,Pitching Mound.Drive,,Delivery,pitch.1,336036,0.0009,0.0004,0.0201,0.0096,-0.0641,0.0106,0.0,0.0
1779816507176,2,Pitching Mound.Parent,,Delivery,pitch.1,335225,-3.6466,-15.1749,89.8525,-143.4892,152.6108,-8.2594,-0.1804,0.1303
1779816507177,2,11.0000004b,Drive,Delivery,pitch.1,336037,0.0006,0.0002,0.0211,0.0099,-0.0634,0.0113,0.0,0.0
1779816507177,2,12.00000015,Lower Delivery,Delivery,pitch.1,335759,-1.3178,-13.9074,89.2403,-173.4419,153.1347,-7.7062,-0.1822,-0.2063
1779816507177,2,12.00000018,Upper Delivery,Delivery,pitch.1,336315,-2.1864,-1.3318,0.6684,-0.0884,-0.0304,-0.0012,0.0,0.0
1779816507177,2,Pitching Mound.Delivery,,Delivery,pitch.1,335519,-3.5043,-15.2392,89.9087,-143.4158,153.1043,-8.0028,-0.1808,0.1301
1779816507177,2,Pitching Mound.Drive,,Delivery,pitch.1,336037,0.0006,0.0002,0.0211,0.0099,-0.0634,0.0113,0.0,0.0
1779816507177,2,Pitching Mound.Parent,,Delivery,pitch.1,335226,-3.5037,-15.239,89.9299,-143.4059,153.0409,-7.9915,-0.1808,0.1301
1779816507178,2,11.0000004b,Drive,Delivery,pitch.1,336038,0.0007,0.0004,0.0207,0.0105,-0.063,0.0088,0.0,0.0
1779816507178,2,12.00000015,Lower Delivery,Delivery,pitch.1,335760,-1.2157,-13.9597,89.6866,-173.9415,153.8083,-7.3593,-0.1821,-0.2059
1779816507178,2,12.00000018,Upper Delivery,Delivery,pitch.1,336316,-2.0018,-1.2736,0.5768,-0.0884,-0.0304,-0.0012,0.0,0.0
1779816507178,2,Pitching Mound.Delivery,,Delivery,pitch.1,335520,-3.2175,-15.2333,90.2633,-143.7325,153.7779,-7.6278,-0.1809,0.1311
1779816507178,2,Pitching Mound.Drive,,Delivery,pitch.1,336038,0.0007,0.0004,0.0207,0.0105,-0.063,0.0088,0.0,0.0
1779816507178,2,Pitching Mound.Parent,,Delivery,pitch.1,335227,-3.2169,-15.233,90.284,-143.722,153.7149,-7.6189,-0.1809,0.131
1779816507179,2,11.0000004b,Drive,Delivery,pitch.1,336039,0.0015,0.0003,0.0209,0.0096,-0.0645,0.0094,0.0,0.0
1779816507179,2,12.00000015,Lower Delivery,Delivery,pitch.1,335761,-1.153,-13.9912,89.8507,-173.3024,154.1477,-7.1131,-0.1821,-0.2048
1779816507179,2,12.00000018,Upper Delivery,Delivery,pitch.1,336317,-1.9634,-1.2858,0.548,-0.0884,-0.0304,-0.0012,0.0,0.0
1779816507179,2,Pitching Mound.Delivery,,Delivery,pitch.1,335521,-3.1164,-15.277,90.3987,-143.0278,154.1173,-7.3899,-0.181,0.1324
1779816507179,2,Pitching Mound.Drive,,Delivery,pitch.1,336039,0.0015,0.0003,0.0209,0.0096,-0.0645,0.0094,0.0,0.0
1779816507179,2,Pitching Mound.Parent,,Delivery,pitch.1,335228,-3.1149,-15.2767,90.4196,-143.0182,154.0529,-7.3804,-0.181,0.1323
1779816507180,2,11.0000004b,Drive,Delivery,pitch.1,336040,0.007,-0.0008,0.0236,0.0097,-0.0643,0.0103,0.0,0.0
1779816507180,2,12.00000015,Lower Delivery,Delivery,pitch.1,335762,-1.0762,-14.0278,90.3974,-173.7897,154.6379,-6.7589,-0.1816,-0.2041
1779816507180,2,12.00000018,Upper Delivery,Delivery,pitch.1,336318,-1.7848,-1.2344,0.8742,-0.0884,-0.0304,-0.0012,0.0,0.0
1779816507180,2,Pitching Mound.Delivery,,Delivery,pitch.1,335522,-2.8609,-15.2622,91.2716,-143.4402,154.6076,-7.0011,-0.1799,0.1313
1779816507180,2,Pitching Mound.Drive,,Delivery,pitch.1,336040,0.007,-0.0008,0.0236,0.0097,-0.0643,0.0103,0.0,0.0
1779816507180,2,Pitching Mound.Parent,,Delivery,pitch.1,335229,-2.8539,-15.263,91.2952,-143.4305,154.5433,-6.9908,-0.1798,0.1313
1779816507181,2,11.0000004b,Drive,Delivery,pitch.1,336041,0.0136,-0.0038,0.0297,0.0095,-0.0642,0.012,0.0,0.0
1779816507181,2,12.00000015,Lower Delivery,Delivery,pitch.1,335763,-1.027,-14.0314,90.5142,-173.2476,154.6705,-6.4479,-0.1814,-0.2032
1779816507181,2,12.00000018,Upper Delivery,Delivery,pitch.1,336319,-1.6273,-1.1508,1.0998,-0.0884,-0.0304,-0.0012,0.0,0.0
1779816507181,2,Pitching Mound.Delivery,,Delivery,pitch.1,335523,-2.6543,-15.1822,91.6139,-142.935,154.6401,-6.6532,-0.1792,0.1311
1779816507181,2,Pitching Mound.Drive,,Delivery,pitch.1,336041,0.0136,-0.0038,0.0297,0.0095,-0.0642,0.012,0.0,0.0
1779816507181,2,Pitching Mound.Parent,,Delivery,pitch.1,335230,-2.6406,-15.186,91.6436,-142.9255,154.5759,-6.6412,-0.1792,0.131
1779816507182,2,11.0000004b,Drive,Delivery,pitch.1,336042,0.011,-0.0022,0.0272,0.0107,-0.0655,0.0125,0.0,0.0
1779816507182,2,12.00000015,Lower Delivery,Delivery,pitch.1,335764,-0.9792,-14.0613,90.99,-173.588,155.0447,-6.0671,-0.1809,-0.2025
1779816507182,2,12.00000018,Upper Delivery,Delivery,pitch.1,336320,-1.5469,-1.1384,1.0387,-0.0884,-0.0304,-0.0012,0.0,0.0
1779816507182,2,Pitching Mound.Delivery,,Delivery,pitch.1,335524,-2.5261,-15.1996,92.0287,-143.0929,155.0143,-6.2613,-0.1789,0.1321
1779816507182,2,Pitching Mound.Drive,,Delivery,pitch.1,336042,0.011,-0.0022,0.0272,0.0107,-0.0655,0.0125,0.0,0.0
1779816507182,2,Pitching Mound.Parent,,Delivery,pitch.1,335231,-2.5152,-15.2018,92.056,-143.0822,154.9488,-6.2488,-0.1788,0.132
1779816507183,2,11.0000004b,Drive,Delivery,pitch.1,336043,0.004,-0.0006,0.0244,0.0114,-0.067,0.0121,0.0,0.0
1779816507183,2,12.00000015,Lower Delivery,Delivery,pitch.1,335765,-0.9132,-14.1074,91.3378,-173.7952,155.4375,-5.7372,-0.1807,-0.202
1779816507183,2,12.00000018,Upper Delivery,Delivery,pitch.1,336321,-1.6298,-1.161,0.896,-0.0884,-0.0304,-0.0012,0.0,0.0
1779816507183,2,Pitching Mound.Delivery,,Delivery,pitch.1,335525,-2.543,-15.2684,92.2337,-143.1334,155.4072,-5.9821,-0.1789,0.1334
1779816507183,2,Pitching Mound.Drive,,Delivery,pitch.1,336043,0.004,-0.0006,0.0244,0.0114,-0.067,0.0121,0.0,0.0
1779816507183,2,Pitching Mound.Parent,,Delivery,pitch.1,335232,-2.539,-15.269,92.2582,-143.122,155.3402,-5.97,-0.1789,0.1333
1779816507184,2,11.0000004b,Drive,Delivery,pitch.1,336044,0.005,-0.001,0.0242,0.0101,-0.0656,0.0116,0.0,0.0
1779816507184,2,12.00000015,Lower Delivery,Delivery,pitch.1,335766,-0.8423,-14.1465,91.5842,-173.4323,155.5934,-5.4313,-0.1804,-0.201
1779816507184,2,12.00000018,Upper Delivery,Delivery,pitch.1,336322,-1.4732,-1.083,1.1694,-0.0884,-0.0304,-0.0012,0.0,0.0
1779816507184,2,Pitching Mound.Delivery,,Delivery,pitch.1,335526,-2.3155,-15.2295,92.7536,-142.7797,155.563,-5.647,-0.1781,0.1329
1779816507184,2,Pitching Mound.Drive,,Delivery,pitch.1,336044,0.005,-0.001,0.0242,0.0101,-0.0656,0.0116,0.0,0.0
1779816507184,2,Pitching Mound.Parent,,Delivery,pitch.1,335233,-2.3106,-15.2305,92.7778,-142.7695,155.4973,-5.6355,-0.178,0.1329
1779816507185,2,11.0000004b,Drive,Delivery,pitch.1,336045,0.0065,-0.0019,0.0255,0.011,-0.0664,0.0118,0.0,0.0
1779816507185,2,12.00000015,Lower Delivery,Delivery,pitch.1,335767,-0.7748,-14.1758,91.8725,-173.7047,156.097,-5.1319,-0.1804,-0.2007
1779816507185,2,12.00000018,Upper Delivery,Delivery,pitch.1,336323,-1.5418,-1.1125,1.0299,-0.0884,-0.0304,-0.0012,0.0,0.0
1779816507185,2,Pitching Mound.Delivery,,Delivery,pitch.1,335527,-2.3166,-15.2883,92.9023,-142.9066,156.0666,-5.3939,-0.1784,0.134
1779816507185,2,Pitching Mound.Drive,,Delivery,pitch.1,336045,0.0065,-0.0019,0.0255,0.011,-0.0664,0.0118,0.0,0.0
1779816507185,2,Pitching Mound.Parent,,Delivery,pitch.1,335234,-2.3101,-15.2902,92.9278,-142.8955,156.0002,-5.3821,-0.1783,0.1339
1779816507186,2,11.0000004b,Drive,Delivery,pitch.1,336046,0.0012,-0.0005,0.022,0.0099,-0.0653,0.0099,0.0,0.0
1779816507186,2,12.00000015,Lower Delivery,Delivery,pitch.1,335768,-0.6576,-14.2039,92.2131,-174.0904,156.6684,-4.8231,-0.1804,-0.2004
1779816507186,2,12.00000018,Upper Delivery,Delivery,pitch.1,336324,-1.4015,-1.0418,0.9574,-0.0884,-0.0304,-0.0012,0.0,0.0
1779816507186,2,Pitching Mound.Delivery,,Delivery,pitch.1,335528,-2.0591,-15.2457,93.1706,-143.1518,156.638,-5.0772,-0.1785,0.1346
1779816507186,2,Pitching Mound.Drive,,Delivery,pitch.1,336046,0.0012,-0.0005,0.022,0.0099,-0.0653,0.0099,0.0,0.0
1779816507186,2,Pitching Mound.Parent,,Delivery,pitch.1,335235,-2.0579,-15.2462,93.1926,-143.1419,156.5727,-5.0674,-0.1785,0.1346
1779816507187,2,11.0000004b,Drive,Delivery,pitch.1,336047,0.0072,-0.0022,0.0249,0.0104,-0.0662,0.0117,0.0,0.0
1779816507187,2,12.00000015,Lower Delivery,Delivery,pitch.1,335769,-0.5829,-14.2377,92.5056,-174.4492,157.2264,-4.5687,-0.1804,-0.2002
1779816507187,2,12.00000018,Upper Delivery,Delivery,pitch.1,336325,-1.4436,-1.0594,0.8991,-0.0884,-0.0304,-0.0012,0.0,0.0
1779816507187,2,Pitching Mound.Delivery,,Delivery,pitch.1,335529,-2.0265,-15.2971,93.4046,-143.3913,157.196,-4.8626,-0.1787,0.1352
1779816507187,2,Pitching Mound.Drive,,Delivery,pitch.1,336047,0.0072,-0.0022,0.0249,0.0104,-0.0662,0.0117,0.0,0.0
1779816507187,2,Pitching Mound.Parent,,Delivery,pitch.1,335236,-2.0193,-15.2993,93.4295,-143.3809,157.1298,-4.8508,-0.1787,0.1351
1779816507188,2,11.0000004b,Drive,Delivery,pitch.1,336048,0.0022,-0.0008,0.0236,0.0107,-0.0674,0.0131,0.0,0.0
1779816507188,2,12.00000015,Lower Delivery,Delivery,pitch.1,335770,-0.4993,-14.2631,92.8904,-174.7359,157.6532,-4.3323,-0.1802,-0.1997
1779816507188,2,12.00000018,Upper Delivery,Delivery,pitch.1,336326,-1.5015,-1.075,0.8931,-0.0884,-0.0304,-0.0012,0.0,0.0
1779816507188,2,Pitching Mound.Delivery,,Delivery,pitch.1,335530,-2.0008,-15.3381,93.7834,-143.5452,157.6228,-4.6742,-0.1785,0.1357
1779816507188,2,Pitching Mound.Drive,,Delivery,pitch.1,336048,0.0022,-0.0008,0.0236,0.0107,-0.0674,0.0131,0.0,0.0
1779816507188,2,Pitching Mound.Parent,,Delivery,pitch.1,335237,-1.9987,-15.339,93.807,-143.5345,157.5554,-4.6611,-0.1784,0.1357
1779816507189,2,11.0000004b,Drive,Delivery,pitch.1,336049,0.0025,-0.0009,0.0241,0.0106,-0.0675,0.014,0.0,0.0
1779816507189,2,12.00000015,Lower Delivery,Delivery,pitch.1,335771,-0.3879,-14.3122,93.0377,-175.3086,158.3172,-3.9926,-0.1807,-0.2
1779816507189,2,12.00000018,Upper Delivery,Delivery,pitch.1,336327,-1.5186,-1.0653,0.8807,-0.0884,-0.0304,-0.0012,0.0,0.0
1779816507189,2,Pitching Mound.Delivery,,Delivery,pitch.1,335531,-1.9064,-15.3775,93.9184,-144.0636,158.2868,-4.3782,-0.179,0.1355
1779816507189,2,Pitching Mound.Drive,,Delivery,pitch.1,336049,0.0025,-0.0009,0.0241,0.0106,-0.0675,0.014,0.0,0.0
1779816507189,2,Pitching Mound.Parent,,Delivery,pitch.1,335238,-1.9039,-15.3784,93.9425,-144.053,158.2193,-4.3642,-0.1789,0.1354
1779816507190,2,11.0000004b,Drive,Delivery,pitch.1,336050,0.0032,-0.0029,0.0281,0.0117,-0.0677,0.0139,0.0,0.0
1779816507190,2,12.00000015,Lower Delivery,Delivery,pitch.1,335772,-0.3187,-14.3426,93.388,-175.582,158.856,-3.7149,-0.1806,-0.1996
1779816507190,2,12.00000018,Upper Delivery,Delivery,pitch.1,336328,-1.5962,-1.1074,0.8017,-0.0884,-0.0304,-0.0012,0.0,0.0
1779816507190,2,Pitching Mound.Delivery,,Delivery,pitch.1,335532,-1.9149,-15.45,94.1897,-144.191,158.8256,-4.1504,-0.179,0.1363
1779816507190,2,Pitching Mound.Drive,,Delivery,pitch.1,336050,0.0032,-0.0029,0.0281,0.0117,-0.0677,0.0139,0.0,0.0
1779816507190,2,Pitching Mound.Parent,,Delivery,pitch.1,335239,-1.9116,-15.4529,94.2177,-144.1792,158.7579,-4.1364,-0.179,0.1363
1779816507191,2,11.0000004b,Drive,Delivery,pitch.1,336051,0.0004,-0.0001,0.0213,0.0114,-0.0671,0.011,0.0,0.0
1779816507191,2,12.00000015,Lower Delivery,Delivery,pitch.1,335773,-0.2184,-14.4042,93.7493,-176.1422,159.392,-3.3921,-0.1805,-0.1995
1779816507191,2,12.00000018,Upper Delivery,Delivery,pitch.1,336329,-1.8105,-1.1726,0.722,-0.0884,-0.0304,-0.0012,0.0,0.0
1779816507191,2,Pitching Mound.Delivery,,Delivery,pitch.1,335533,-2.0289,-15.5767,94.4713,-144.6013,159.3616,-3.9346,-0.1791,0.1369
1779816507191,2,Pitching Mound.Drive,,Delivery,pitch.1,336051,0.0004,-0.0001,0.0213,0.0114,-0.0671,0.011,0.0,0.0
1779816507191,2,Pitching Mound.Parent,,Delivery,pitch.1,335240,-2.0285,-15.5768,94.4926,-144.5899,159.2945,-3.9236,-0.1791,0.1368
1779816507192,2,11.0000004b,Drive,Delivery,pitch.1,336052,0.0029,-0.0013,0.0219,0.0115,-0.068,0.0072,0.0,0.0
1779816507192,2,12.00000015,Lower Delivery,Delivery,pitch.1,335774,-0.1426,-14.4183,94.0209,-176.5089,159.9435,-3.2471,-0.1806,-0.1993
1779816507192,2,12.00000018,Upper Delivery,Delivery,pitch.1,336330,-1.9811,-1.2247,0.1258,-0.0884,-0.0304,-0.0012,0.0,0.0
1779816507192,2,Pitching Mound.Delivery,,Delivery,pitch.1,335534,-2.1237,-15.643,94.1466,-144.6729,159.9131,-3.8733,-0.1804,0.1401
1779816507192,2,Pitching Mound.Drive,,Delivery,pitch.1,336052,0.0029,-0.0013,0.0219,0.0115,-0.068,0.0072,0.0,0.0
1779816507192,2,Pitching Mound.Parent,,Delivery,pitch.1,335241,-2.1207,-15.6443,94.1686,-144.6614,159.8452,-3.8662,-0.1803,0.14
1779816507193,2,11.0000004b,Drive,Delivery,pitch.1,336053,0.0014,-0.0007,0.0203,0.0101,-0.0662,0.0059,0.0,0.0
1779816507193,2,12.00000015,Lower Delivery,Delivery,pitch.1,335775,-0.0291,-14.4585,94.0003,-176.873,160.5384,-3.1111,-0.1813,-0.1998
1779816507193,2,12.00000018,Upper Delivery,Delivery,pitch.1,336331,-1.9897,-1.245,0.2992,-0.0884,-0.0304,-0.0012,0.0,0.0
1779816507193,2,Pitching Mound.Delivery,,Delivery,pitch.1,335535,-2.0188,-15.7035,94.2995,-145.103,160.508,-3.7789,-0.1807,0.1387
1779816507193,2,Pitching Mound.Drive,,Delivery,pitch.1,336053,0.0014,-0.0007,0.0203,0.0101,-0.0662,0.0059,0.0,0.0
1779816507193,2,Pitching Mound.Parent,,Delivery,pitch.1,335242,-2.0174,-15.7042,94.3198,-145.0929,160.4418,-3.773,-0.1807,0.1387
1779816507194,2,11.0000004b,Drive,Delivery,pitch.1,336054,0.0033,-0.0006,0.0205,0.0099,-0.066,0.0054,0.0,0.0
1779816507194,2,12.00000015,Lower Delivery,Delivery,pitch.1,335776,0.0627,-14.4797,94.1955,-177.419,161.0733,-2.9491,-0.1815,-0.2
1779816507194,2,12.00000018,Upper Delivery,Delivery,pitch.1,336332,-2.0569,-1.2866,0.3107,-0.0884,-0.0304,-0.0012,0.0,0.0
1779816507194,2,Pitching Mound.Delivery,,Delivery,pitch.1,335536,-1.9942,-15.7663,94.5062,-145.5865,161.0429,-3.6709,-0.1809,0.1385
1779816507194,2,Pitching Mound.Drive,,Delivery,pitch.1,336054,0.0033,-0.0006,0.0205,0.0099,-0.066,0.0054,0.0,0.0
1779816507194,2,Pitching Mound.Parent,,Delivery,pitch.1,335243,-1.991,-15.767,94.5267,-145.5766,160.9769,-3.6655,-0.1809,0.1384
1779816507195,2,11.0000004b,Drive,Delivery,pitch.1,336055,0.0015,-0.0001,0.0183,0.0093,-0.0664,0.0052,0.0,0.0
1779816507195,2,12.00000015,Lower Delivery,Delivery,pitch.1,335777,0.1411,-14.5139,94.1806,-177.7882,161.7173,-2.8217,-0.1823,-0.2004
1779816507195,2,12.00000018,Upper Delivery,Delivery,pitch.1,336333,-2.165,-1.3182,-0.0411,-0.0884,-0.0304,-0.0012,0.0,0.0
1779816507195,2,Pitching Mound.Delivery,,Delivery,pitch.1,335537,-2.0238,-15.8321,94.1395,-145.8412,161.687,-3.607,-0.1824,0.1398
1779816507195,2,Pitching Mound.Drive,,Delivery,pitch.1,336055,0.0015,-0.0001,0.0183,0.0093,-0.0664,0.0052,0.0,0.0
1779816507195,2,Pitching Mound.Parent,,Delivery,pitch.1,335244,-2.0224,-15.8323,94.1578,-145.8319,161.6205,-3.6018,-0.1823,0.1398
1779816507196,2,11.0000004b,Drive,Delivery,pitch.1,336056,0.0044,-0.0015,0.0203,0.01,-0.0665,0.003,0.0,0.0
1779816507196,2,12.00000015,Lower Delivery,Delivery,pitch.1,335778,0.2292,-14.5459,94.225,-178.1052,162.1088,-2.68,-0.1826,-0.2007
1779816507196,2,12.00000018,Upper Delivery,Delivery,pitch.1,336334,-2.1864,-1.3127,-0.0788,-0.0884,-0.0304,-0.0012,0.0,0.0
1779816507196,2,Pitching Mound.Delivery,,Delivery,pitch.1,335538,-1.9572,-15.8587,94.1462,-146.1303,162.0784,-3.5025,-0.1828,0.1397
1779816507196,2,Pitching Mound.Drive,,Delivery,pitch.1,336056,0.0044,-0.0015,0.0203,0.01,-0.0665,0.003,0.0,0.0
1779816507196,2,Pitching Mound.Parent,,Delivery,pitch.1,335245,-1.9528,-15.8602,94.1665,-146.1203,162.0118,-3.4996,-0.1828,0.1397
1779816507197,2,11.0000004b,Drive,Delivery,pitch.1,336057,0.0001,0.0,0.018,0.0111,-0.0658,0.0025,0.0,0.0
1779816507197,2,12.00000015,Lower Delivery,Delivery,pitch.1,335779,0.3006,-14.5437,94.2726,-178.37,162.6035,-2.5384,-0.1831,-0.2009
1779816507197,2,12.00000018,Upper Delivery,Delivery,pitch.1,336335,-2.0716,-1.2592,0.2314,-0.0884,-0.0304,-0.0012,0.0,0.0
1779816507197,2,Pitching Mound.Delivery,,Delivery,pitch.1,335539,-1.7709,-15.8028,94.504,-146.4843,162.5731,-3.3462,-0.1827,0.138
1779816507197,2,Pitching Mound.Drive,,Delivery,pitch.1,336057,0.0001,0.0,0.018,0.0111,-0.0658,0.0025,0.0,0.0
1779816507197,2,Pitching Mound.Parent,,Delivery,pitch.1,335246,-1.7708,-15.8028,94.522,-146.4733,162.5073,-3.3436,-0.1826,0.1379
1779816507198,2,11.0000004b,Drive,Delivery,pitch.1,336058,0.0002,-0.0004,0.0192,0.0122,-0.0677,0.0016,0.0,0.0
1779816507198,2,12.00000015,Lower Delivery,Delivery,pitch.1,335780,0.3808,-14.5497,94.303,-178.8264,163.0544,-2.3822,-0.1836,-0.2013
1779816507198,2,12.00000018,Upper Delivery,Delivery,pitch.1,336336,-1.9528,-1.1976,0.2253,-0.0884,-0.0304,-0.0012,0.0,0.0
1779816507198,2,Pitching Mound.Delivery,,Delivery,pitch.1,335540,-1.5719,-15.7473,94.5283,-146.9283,163.024,-3.1768,-0.1831,0.1375
1779816507198,2,Pitching Mound.Drive,,Delivery,pitch.1,336058,0.0002,-0.0004,0.0192,0.0122,-0.0677,0.0016,0.0,0.0
1779816507198,2,Pitching Mound.Parent,,Delivery,pitch.1,335247,-1.5717,-15.7477,94.5475,-146.9162,162.9563,-3.1753,-0.1831,0.1375
1779816507199,2,11.0000004b,Drive,Delivery,pitch.1,336059,0.0004,-0.0009,0.0198,0.0122,-0.066,0.0007,0.0,0.0
1779816507199,2,12.00000015,Lower Delivery,Delivery,pitch.1,335781,0.4617,-14.5358,94.228,-179.0499,163.2573,-2.1777,-0.1839,-0.2017
1779816507199,2,12.00000018,Upper Delivery,Delivery,pitch.1,336337,-1.7759,-1.1121,0.4394,-0.0884,-0.0304,-0.0012,0.0,0.0
1779816507199,2,Pitching Mound.Delivery,,Delivery,pitch.1,335541,-1.3142,-15.6479,94.6674,-147.2501,163.2269,-2.9397,-0.1831,0.1361
1779816507199,2,Pitching Mound.Drive,,Delivery,pitch.1,336059,0.0004,-0.0009,0.0198,0.0122,-0.066,0.0007,0.0,0.0
1779816507199,2,Pitching Mound.Parent,,Delivery,pitch.1,335248,-1.3137,-15.6489,94.6873,-147.2379,163.1609,-2.9389,-0.183,0.136
1779816507200,2,11.0000004b,Drive,Delivery,pitch.1,336060,0.0002,-0.0001,0.0219,0.0141,-0.0696,0.0012,0.0,0.0
1779816507200,2,12.00000015,Lower Delivery,Delivery,pitch.1,335782,0.5494,-14.5497,94.3098,-179.3515,163.5706,-1.8979,-0.1841,-0.2019
1779816507200,2,12.00000018,Upper Delivery,Delivery,pitch.1,336338,-1.7383,-1.0839,0.3786,-0.0884,-0.0304,-0.0012,0.0,0.0
1779816507200,2,Pitching Mound.Delivery,,Delivery,pitch.1,335542,-1.1889,-15.6336,94.6884,-147.5033,163.5402,-2.6769,-0.1834,0.1362
1779816507200,2,Pitching Mound.Drive,,Delivery,pitch.1,336060,0.0002,-0.0001,0.0219,0.0141,-0.0696,0.0012,0.0,0.0
1779816507200,2,Pitching Mound.Parent,,Delivery,pitch.1,335249,-1.1887,-15.6337,94.7103,-147.4892,163.4707,-2.6757,-0.1833,0.1362
1779816507201,2,11.0000004b,Drive,Delivery,pitch.1,336061,0.0001,-0.0002,0.0207,0.0133,-0.0684,0.0009,0.0,0.0
1779816507201,2,12.00000015,Lower Delivery,Delivery,pitch.1,335783,0.606,-14.5232,94.2813,-179.4584,163.9683,-1.6489,-0.1846,-0.2021
1779816507201,2,12.00000018,Upper Delivery,Delivery,pitch.1,336339,-1.7356,-1.0796,0.1135,-0.0884,-0.0304,-0.0012,0.0,0.0
1779816507201,2,Pitching Mound.Delivery,,Delivery,pitch.1,335543,-1.1296,-15.6027,94.3948,-147.5297,163.938,-2.4463,-0.1844,0.1374
1779816507201,2,Pitching Mound.Drive,,Delivery,pitch.1,336061,0.0001,-0.0002,0.0207,0.0133,-0.0684,0.0009,0.0,0.0
1779816507201,2,Pitching Mound.Parent,,Delivery,pitch.1,335250,-1.1295,-15.603,94.4154,-147.5164,163.8696,-2.4453,-0.1844,0.1373
1779816507202,2,11.0000004b,Drive,Delivery,pitch.1,336062,0.0048,-0.0003,0.0233,0.0139,-0.0705,0.0044,0.0,0.0
1779816507202,2,12.00000015,Lower Delivery,Delivery,pitch.1,335784,0.6836,-14.4974,94.4543,-179.696,164.2954,-1.4109,-0.1847,-0.202
1779816507202,2,12.00000018,Upper Delivery,Delivery,pitch.1,336340,-1.5365,-1.0157,0.5866,-0.0884,-0.0304,-0.0012,0.0,0.0
1779816507202,2,Pitching Mound.Delivery,,Delivery,pitch.1,335544,-0.8529,-15.5131,95.0409,-147.8694,164.265,-2.1669,-0.1835,0.1351
1779816507202,2,Pitching Mound.Drive,,Delivery,pitch.1,336062,0.0048,-0.0003,0.0233,0.0139,-0.0705,0.0044,0.0,0.0
1779816507202,2,Pitching Mound.Parent,,Delivery,pitch.1,335251,-0.848,-15.5134,95.0641,-147.8555,164.1945,-2.1625,-0.1835,0.135
1779816507203,2,11.0000004b,Drive,Delivery,pitch.1,336063,0.0067,-0.001,0.0247,0.0129,-0.0699,0.0072,0.0,0.0
1779816507203,2,12.00000015,Lower Delivery,Delivery,pitch.1,335785,0.7466,-14.4842,94.6547,-180.0159,164.5804,-1.2405,-0.1846,-0.2019
1779816507203,2,12.00000018,Upper Delivery,Delivery,pitch.1,336341,-1.5051,-1.0112,0.5699,-0.0884,-0.0304,-0.0012,0.0,0.0
1779816507203,2,Pitching Mound.Delivery,,Delivery,pitch.1,335545,-0.7585,-15.4954,95.2247,-148.1154,164.55,-2.0072,-0.1835,0.1352
1779816507203,2,Pitching Mound.Drive,,Delivery,pitch.1,336063,0.0067,-0.001,0.0247,0.0129,-0.0699,0.0072,0.0,0.0
1779816507203,2,Pitching Mound.Parent,,Delivery,pitch.1,335252,-0.7518,-15.4964,95.2493,-148.1025,164.4801,-2.0,-0.1834,0.1352
1779816507204,2,11.0000004b,Drive,Delivery,pitch.1,336064,0.0055,0.0004,0.0245,0.0128,-0.0695,0.0064,0.0,0.0
1779816507204,2,12.00000015,Lower Delivery,Delivery,pitch.1,335786,0.842,-14.4507,94.6861,-180.1715,164.8656,-1.0494,-0.1848,-0.202
1779816507204,2,12.00000018,Upper Delivery,Delivery,pitch.1,336342,-1.3794,-0.9492,0.7968,-0.0884,-0.0304,-0.0012,0.0,0.0
1779816507204,2,Pitching Mound.Delivery,,Delivery,pitch.1,335546,-0.5374,-15.3998,95.4829,-148.3375,164.8353,-1.8059,-0.1833,0.134
1779816507204,2,Pitching Mound.Drive,,Delivery,pitch.1,336064,0.0055,0.0004,0.0245,0.0128,-0.0695,0.0064,0.0,0.0
1779816507204,2,Pitching Mound.Parent,,Delivery,pitch.1,335253,-0.5319,-15.3994,95.5074,-148.3246,164.7658,-1.7994,-0.1833,0.134
1779816507205,2,11.0000004b,Drive,Delivery,pitch.1,336065,0.0,0.0008,0.0224,0.0119,-0.0668,0.0071,0.0,0.0
1779816507205,2,12.00000015,Lower Delivery,Delivery,pitch.1,335787,0.9076,-14.4054,94.8233,-180.2043,165.0568,-0.8773,-0.1848,-0.2018
1779816507205,2,12.00000018,Upper Delivery,Delivery,pitch.1,336343,-1.4405,-0.9837,0.6669,-0.0884,-0.0304,-0.0012,0.0,0.0
1779816507205,2,Pitching Mound.Delivery,,Delivery,pitch.1,335547,-0.533,-15.3891,95.4902,-148.2796,165.0264,-1.6769,-0.1835,0.1349
1779816507205,2,Pitching Mound.Drive,,Delivery,pitch.1,336065,0.0,0.0008,0.0224,0.0119,-0.0668,0.0071,0.0,0.0
1779816507205,2,Pitching Mound.Parent,,Delivery,pitch.1,335254,-0.533,-15.3883,95.5126,-148.2677,164.9596,-1.6698,-0.1835,0.1349
1779816507206,2,11.0000004b,Drive,Delivery,pitch.1,336066,-0.0007,0.0005,0.023,0.0178,-0.065,0.0096,0.0,0.0
1779816507206,2,12.00000015,Lower Delivery,Delivery,pitch.1,335788,0.9832,-14.388,95.086,-180.3618,165.3807,-0.7311,-0.1846,-0.2014
1779816507206,2,12.00000018,Upper Delivery,Delivery,pitch.1,336344,-1.3881,-0.9616,0.6342,-0.0884,-0.0304,-0.0012,0.0,0.0
1779816507206,2,Pitching Mound.Delivery,,Delivery,pitch.1,335548,-0.4049,-15.3496,95.7203,-148.3365,165.3503,-1.5385,-0.1834,0.1355
1779816507206,2,Pitching Mound.Drive,,Delivery,pitch.1,336066,-0.0007,0.0005,0.023,0.0178,-0.065,0.0096,0.0,0.0
1779816507206,2,Pitching Mound.Parent,,Delivery,pitch.1,335255,-0.4056,-15.3491,95.7433,-148.3187,165.2853,-1.5289,-0.1834,0.1354
1779816507207,2,11.0000004b,Drive,Delivery,pitch.1,336067,-0.0009,0.0008,0.0223,0.014,-0.0652,0.0094,0.0,0.0
1779816507207,2,12.00000015,Lower Delivery,Delivery,pitch.1,335789,1.0775,-14.3348,95.2848,-180.4348,165.619,-0.5677,-0.1845,-0.201
1779816507207,2,12.00000018,Upper Delivery,Delivery,pitch.1,336345,-1.3032,-0.9335,0.676,-0.0884,-0.0304,-0.0012,0.0,0.0
1779816507207,2,Pitching Mound.Delivery,,Delivery,pitch.1,335549,-0.2257,-15.2683,95.9609,-148.3562,165.5887,-1.3784,-0.1832,0.1356
1779816507207,2,Pitching Mound.Drive,,Delivery,pitch.1,336067,-0.0009,0.0008,0.0223,0.014,-0.0652,0.0094,0.0,0.0
1779816507207,2,Pitching Mound.Parent,,Delivery,pitch.1,335256,-0.2266,-15.2676,95.9832,-148.3422,165.5235,-1.369,-0.1832,0.1356
1779816507208,2,11.0000004b,Drive,Delivery,pitch.1,336068,0.0003,-0.0004,0.0235,0.0128,-0.0662,0.008,0.0,0.0
1779816507208,2,12.00000015,Lower Delivery,Delivery,pitch.1,335790,1.158,-14.2564,95.446,-180.559,165.8849,-0.4056,-0.1845,-0.2008
1779816507208,2,12.00000018,Upper Delivery,Delivery,pitch.1,336346,-1.3272,-0.9548,0.4669,-0.0884,-0.0304,-0.0012,0.0,0.0
1779816507208,2,Pitching Mound.Delivery,,Delivery,pitch.1,335550,-0.1692,-15.2112,95.9129,-148.3544,165.8545,-1.2517,-0.1836,0.1368
1779816507208,2,Pitching Mound.Drive,,Delivery,pitch.1,336068,0.0003,-0.0004,0.0235,0.0128,-0.0662,0.008,0.0,0.0
1779816507208,2,Pitching Mound.Parent,,Delivery,pitch.1,335257,-0.1689,-15.2116,95.9364,-148.3417,165.7883,-1.2437,-0.1836,0.1368
1779816507209,2,11.0000004b,Drive,Delivery,pitch.1,336069,0.0012,-0.0004,0.0249,0.0157,-0.0653,0.0104,0.0,0.0
1779816507209,2,12.00000015,Lower Delivery,Delivery,pitch.1,335791,1.2605,-14.2189,95.6608,-180.6109,166.0642,-0.2397,-0.1843,-0.2004
1779816507209,2,12.00000018,Upper Delivery,Delivery,pitch.1,336347,-1.2699,-0.9099,0.662,-0.0884,-0.0304,-0.0012,0.0,0.0
1779816507209,2,Pitching Mound.Delivery,,Delivery,pitch.1,335551,-0.0094,-15.1289,96.3228,-148.3997,166.0338,-1.1013,-0.183,0.1363
1779816507209,2,Pitching Mound.Drive,,Delivery,pitch.1,336069,0.0012,-0.0004,0.0249,0.0157,-0.0653,0.0104,0.0,0.0
1779816507209,2,Pitching Mound.Parent,,Delivery,pitch.1,335258,-0.0081,-15.1293,96.3477,-148.3841,165.9685,-1.0909,-0.183,0.1362
1779816507210,2,11.0000004b,Drive,Delivery,pitch.1,336070,0.0036,-0.0015,0.0251,0.0142,-0.0671,0.0091,0.0,0.0
1779816507210,2,12.00000015,Lower Delivery,Delivery,pitch.1,335792,1.36,-14.1575,95.9388,-180.6063,166.237,-0.0563,-0.184,-0.1999
1779816507210,2,12.00000018,Upper Delivery,Delivery,pitch.1,336348,-1.3776,-0.9418,0.5431,-0.0884,-0.0304,-0.0012,0.0,0.0
1779816507210,2,Pitching Mound.Delivery,,Delivery,pitch.1,335552,-0.0177,-15.0993,96.4819,-148.2601,166.2067,-0.9882,-0.1829,0.1374
1779816507210,2,Pitching Mound.Drive,,Delivery,pitch.1,336070,0.0036,-0.0015,0.0251,0.0142,-0.0671,0.0091,0.0,0.0
1779816507210,2,Pitching Mound.Parent,,Delivery,pitch.1,335259,-0.0141,-15.1008,96.507,-148.2459,166.1396,-0.9792,-0.1829,0.1374
1779816507211,2,11.0000004b,Drive,Delivery,pitch.1,336071,0.0056,-0.0023,0.0255,0.0126,-0.0682,0.0065,0.0,0.0
1779816507211,2,12.00000015,Lower Delivery,Delivery,pitch.1,335793,1.4644,-14.0969,96.012,-180.3674,166.3477,0.0983,-0.1839,-0.1994
1779816507211,2,12.00000018,Upper Delivery,Delivery,pitch.1,336349,-1.4146,-0.9833,0.3971,-0.0884,-0.0304,-0.0012,0.0,0.0
1779816507211,2,Pitching Mound.Delivery,,Delivery,pitch.1,335553,0.0498,-15.0802,96.4091,-147.9467,166.3173,-0.8818,-0.1832,0.1386
1779816507211,2,Pitching Mound.Drive,,Delivery,pitch.1,336071,0.0056,-0.0023,0.0255,0.0126,-0.0682,0.0065,0.0,0.0
1779816507211,2,Pitching Mound.Parent,,Delivery,pitch.1,335260,0.0554,-15.0825,96.4345,-147.9341,166.2491,-0.8753,-0.1831,0.1385
1779816507212,2,11.0000004b,Drive,Delivery,pitch.1,336072,0.0148,-0.0045,0.0284,0.0133,-0.069,0.0076,0.0,0.0
1779816507212,2,12.00000015,Lower Delivery,Delivery,pitch.1,335794,1.5906,-14.0554,96.1711,-180.2905,166.1559,0.2725,-0.1834,-0.199
1779816507212,2,12.00000018,Upper Delivery,Delivery,pitch.1,336350,-1.4491,-0.9965,0.5176,-0.0884,-0.0304,-0.0012,0.0,0.0
1779816507212,2,Pitching Mound.Delivery,,Delivery,pitch.1,335554,0.1415,-15.0519,96.6887,-147.8566,166.1255,-0.7622,-0.1824,0.1384
1779816507212,2,Pitching Mound.Drive,,Delivery,pitch.1,336072,0.0148,-0.0045,0.0284,0.0133,-0.069,0.0076,0.0,0.0
1779816507212,2,Pitching Mound.Parent,,Delivery,pitch.1,335261,0.1563,-15.0564,96.7171,-147.8433,166.0565,-0.7545,-0.1824,0.1384
1779816507213,2,11.0000004b,Drive,Delivery,pitch.1,336073,0.0015,-0.0009,0.0223,0.0125,-0.0675,0.0043,0.0,0.0
1779816507213,2,12.00000015,Lower Delivery,Delivery,pitch.1,335795,1.7112,-13.9889,96.0643,-180.0777,166.0544,0.3882,-0.1835,-0.199
1779816507213,2,12.00000018,Upper Delivery,Delivery,pitch.1,336351,-1.4256,-0.9809,0.2962,-0.0884,-0.0304,-0.0012,0.0,0.0
1779816507213,2,Pitching Mound.Delivery,,Delivery,pitch.1,335555,0.2855,-14.9699,96.3605,-147.6049,166.024,-0.6795,-0.1829,0.1395
1779816507213,2,Pitching Mound.Drive,,Delivery,pitch.1,336073,0.0015,-0.0009,0.0223,0.0125,-0.0675,0.0043,0.0,0.0
1779816507213,2,Pitching Mound.Parent,,Delivery,pitch.1,335262,0.287,-14.9708,96.3828,-147.5924,165.9565,-0.6752,-0.1829,0.1395
1779816507214,2,11.0000004b,Drive,Delivery,pitch.1,336074,0.0084,-0.0031,0.0257,0.014,-0.0688,0.0044,0.0,0.0
1779816507214,2,12.00000015,Lower Delivery,Delivery,pitch.1,335796,1.8156,-13.9382,96.105,-179.9419,165.7465,0.5374,-0.1831,-0.1988
1779816507214,2,12.00000018,Upper Delivery,Delivery,pitch.1,336352,-1.4946,-1.0083,0.2188,-0.0884,-0.0304,-0.0012,0.0,0.0
1779816507214,2,Pitching Mound.Delivery,,Delivery,pitch.1,335556,0.3211,-14.9465,96.3238,-147.4289,165.7162,-0.5893,-0.1827,0.1401
1779816507214,2,Pitching Mound.Drive,,Delivery,pitch.1,336074,0.0084,-0.0031,0.0257,0.014,-0.0688,0.0044,0.0,0.0
1779816507214,2,Pitching Mound.Parent,,Delivery,pitch.1,335263,0.3295,-14.9496,96.3495,-147.4149,165.6473,-0.5849,-0.1826,0.1401
1779816507215,2,11.0000004b,Drive,Delivery,pitch.1,336075,0.0153,-0.0045,0.0268,0.0133,-0.0701,0.0052,0.0,0.0
1779816507215,2,12.00000015,Lower Delivery,Delivery,pitch.1,335797,1.9169,-13.8815,96.0475,-179.7951,165.5879,0.6731,-0.183,-0.1987
1779816507215,2,12.00000018,Upper Delivery,Delivery,pitch.1,336353,-1.387,-0.9626,0.152,-0.0884,-0.0304,-0.0012,0.0,0.0
1779816507215,2,Pitching Mound.Delivery,,Delivery,pitch.1,335557,0.5299,-14.8441,96.1995,-147.279,165.5576,-0.4514,-0.1827,0.1405
1779816507215,2,Pitching Mound.Drive,,Delivery,pitch.1,336075,0.0153,-0.0045,0.0268,0.0133,-0.0701,0.0052,0.0,0.0
1779816507215,2,Pitching Mound.Parent,,Delivery,pitch.1,335264,0.5451,-14.8486,96.2262,-147.2657,165.4874,-0.4462,-0.1827,0.1405
1779816507216,2,11.0000004b,Drive,Delivery,pitch.1,336076,0.0237,-0.0065,0.0296,0.0132,-0.0723,0.0062,0.0,0.0
1779816507216,2,11.0000004b,Drive,Delivery,pitch.1,336077,0.013,-0.0038,0.0252,0.0135,-0.0711,0.0031,0.0,0.0
1779816507216,2,12.00000015,Lower Delivery,Delivery,pitch.1,335798,2.0329,-13.8242,96.0176,-179.6639,165.6574,0.7607,-0.1832,-0.1986
1779816507216,2,12.00000018,Upper Delivery,Delivery,pitch.1,336354,-1.5737,-1.0351,0.2271,-0.0884,-0.0304,-0.0012,0.0,0.0
1779816507216,2,Pitching Mound.Delivery,,Delivery,pitch.1,335558,0.4591,-14.8593,96.2447,-147.1835,165.6271,-0.4667,-0.1827,0.1402
1779816507216,2,Pitching Mound.Drive,,Delivery,pitch.1,336076,0.0237,-0.0065,0.0296,0.0132,-0.0723,0.0062,0.0,0.0
1779816507216,2,Pitching Mound.Drive,,Delivery,pitch.1,336077,0.013,-0.0038,0.0252,0.0135,-0.0711,0.0031,0.0,0.0
1779816507216,2,Pitching Mound.Parent,,Delivery,pitch.1,335265,0.4829,-14.8658,96.2744,-147.1703,165.5548,-0.4605,-0.1827,0.1402
1779816507217,2,11.0000004b,Drive,Delivery,pitch.1,336078,0.0075,-0.0024,0.0234,0.0137,-0.0715,0.0019,0.0,0.0
1779816507217,2,12.00000015,Lower Delivery,Delivery,pitch.1,335799,2.1332,-13.7498,95.8498,-179.5036,165.532,0.8906,-0.1833,-0.1988
1779816507217,2,12.00000018,Upper Delivery,Delivery,pitch.1,336355,-1.5691,-1.0244,0.2243,-0.0884,-0.0304,-0.0012,0.0,0.0
1779816507217,2,Pitching Mound.Delivery,,Delivery,pitch.1,335559,0.5641,-14.7742,96.0742,-147.0793,165.5017,-0.3693,-0.1829,0.1401
1779816507217,2,Pitching Mound.Drive,,Delivery,pitch.1,336078,0.0075,-0.0024,0.0234,0.0137,-0.0715,0.0019,0.0,0.0
1779816507217,2,Pitching Mound.Parent,,Delivery,pitch.1,335266,0.5771,-14.778,96.0994,-147.0658,165.4306,-0.3662,-0.1829,0.14
1779816507218,2,12.00000015,Lower Delivery,Delivery,pitch.1,335800,2.162,-13.6925,95.7826,-179.3674,165.431,0.974,-0.1834,-0.1988
1779816507218,2,12.00000018,Upper Delivery,Delivery,pitch.1,336356,-1.4993,-0.9889,0.3937,-0.0884,-0.0304,-0.0012,0.0,0.0
1779816507218,2,Pitching Mound.Delivery,,Delivery,pitch.1,335560,0.6628,-14.6814,96.1762,-147.0236,165.4006,-0.2721,-0.1826,0.1392
1779816507218,2,Pitching Mound.Parent,,Delivery,pitch.1,335267,0.6703,-14.6838,96.1997,-147.0098,165.3291,-0.2701,-0.1826,0.1392
1779816507219,2,11.0000004b,Drive,Delivery,pitch.1,336079,0.0172,-0.0051,0.0269,0.0123,-0.0693,0.0047,0.0,0.0
1779816507219,2,12.00000015,Lower Delivery,Delivery,pitch.1,335801,2.227,-13.6491,95.6562,-179.1647,165.3372,1.0696,-0.1835,-0.1988
1779816507219,2,12.00000018,Upper Delivery,Delivery,pitch.1,336357,-1.5065,-0.989,0.3337,-0.0884,-0.0304,-0.0012,0.0,0.0
1779816507219,2,Pitching Mound.Delivery,,Delivery,pitch.1,335561,0.7205,-14.6381,95.9899,-146.8434,165.3068,-0.201,-0.1829,0.1395
1779816507219,2,Pitching Mound.Drive,,Delivery,pitch.1,336079,0.0172,-0.0051,0.0269,0.0123,-0.0693,0.0047,0.0,0.0
1779816507219,2,Pitching Mound.Parent,,Delivery,pitch.1,335268,0.7377,-14.6432,96.0168,-146.8311,165.2375,-0.1963,-0.1828,0.1394
1779816507220,2,11.0000004b,Drive,Delivery,pitch.1,336081,0.003,-0.0021,0.0203,0.0126,-0.0669,0.0012,0.0,0.0
1779816507220,2,11.0000004b,Drive,Delivery,pitch.1,336080,0.0098,-0.0037,0.0239,0.0129,-0.0682,0.0013,0.0,0.0
1779816507220,2,12.00000015,Lower Delivery,Delivery,pitch.1,335802,2.2837,-13.5871,95.549,-178.8936,165.2274,1.13,-0.1836,-0.1988
1779816507220,2,12.00000018,Upper Delivery,Delivery,pitch.1,336358,-1.7593,-1.0873,0.2607,-0.0884,-0.0304,-0.0012,0.0,0.0
1779816507220,2,Pitching Mound.Delivery,,Delivery,pitch.1,335562,0.5244,-14.6744,95.8097,-146.5839,165.197,-0.2459,-0.1831,0.1399
1779816507220,2,Pitching Mound.Drive,,Delivery,pitch.1,336081,0.003,-0.0021,0.0203,0.0126,-0.0669,0.0012,0.0,0.0
1779816507220,2,Pitching Mound.Drive,,Delivery,pitch.1,336080,0.0098,-0.0037,0.0239,0.0129,-0.0682,0.0013,0.0,0.0
1779816507220,2,Pitching Mound.Parent,,Delivery,pitch.1,335269,0.5342,-14.6781,95.8336,-146.571,165.1288,-0.2446,-0.183,0.1399
1779816507221,2,11.0000004b,Drive,Delivery,pitch.1,336082,0.0018,-0.0015,0.0195,0.0127,-0.0657,0.0027,0.0,0.0
1779816507221,2,12.00000015,Lower Delivery,Delivery,pitch.1,335803,2.3349,-13.5276,95.3497,-178.9084,165.2589,1.1693,-0.184,-0.1992
1779816507221,2,12.00000018,Upper Delivery,Delivery,pitch.1,336359,-1.6601,-1.0384,0.2537,-0.0884,-0.0304,-0.0012,0.0,0.0
1779816507221,2,Pitching Mound.Delivery,,Delivery,pitch.1,335563,0.6748,-14.566,95.6034,-146.6641,165.2286,-0.1902,-0.1835,0.1395
1779816507221,2,Pitching Mound.Drive,,Delivery,pitch.1,336082,0.0018,-0.0015,0.0195,0.0127,-0.0657,0.0027,0.0,0.0
1779816507221,2,Pitching Mound.Parent,,Delivery,pitch.1,335270,0.6778,-14.5682,95.6237,-146.6515,165.1617,-0.189,-0.1835,0.1395
1779816507222,2,11.0000004b,Drive,Delivery,pitch.1,336083,0.0026,-0.0019,0.0211,0.0122,-0.066,0.0019,0.0,0.0
1779816507222,2,12.00000015,Lower Delivery,Delivery,pitch.1,335804,2.3921,-13.4763,95.3642,-178.8362,165.4901,1.1618,-0.1842,-0.1991
1779816507222,2,12.00000018,Upper Delivery,Delivery,pitch.1,336360,-1.5792,-0.9892,0.2149,-0.0884,-0.0304,-0.0012,0.0,0.0
1779816507222,2,Pitching Mound.Delivery,,Delivery,pitch.1,335564,0.813,-14.4655,95.5792,-146.5738,165.4598,-0.1897,-0.1838,0.1398
1779816507222,2,Pitching Mound.Drive,,Delivery,pitch.1,336083,0.0026,-0.0019,0.0211,0.0122,-0.066,0.0019,0.0,0.0
1779816507222,2,Pitching Mound.Parent,,Delivery,pitch.1,335271,0.8147,-14.4669,95.5986,-146.5611,165.3941,-0.1869,-0.1838,0.1398
1779816507223,2,11.0000004b,Drive,Delivery,pitch.1,336084,0.0011,-0.0014,0.0211,0.0112,-0.0651,0.0041,0.0,0.0
1779816507223,2,12.00000015,Lower Delivery,Delivery,pitch.1,335805,2.4303,-13.4052,95.393,-178.8946,165.7187,1.1685,-0.1844,-0.1991
1779816507223,2,12.00000018,Upper Delivery,Delivery,pitch.1,336361,-1.6496,-0.9905,0.1646,-0.0884,-0.0304,-0.0012,0.0,0.0
1779816507223,2,Pitching Mound.Delivery,,Delivery,pitch.1,335565,0.7807,-14.3958,95.5576,-146.6053,165.6883,-0.2199,-0.1841,0.1401
1779816507223,2,Pitching Mound.Drive,,Delivery,pitch.1,336084,0.0011,-0.0014,0.0211,0.0112,-0.0651,0.0041,0.0,0.0
1779816507223,2,Pitching Mound.Parent,,Delivery,pitch.1,335272,0.7833,-14.3977,95.5787,-146.5931,165.6224,-0.218,-0.1841,0.14
1779816507224,2,11.0000004b,Drive,Delivery,pitch.1,336085,0.0003,-0.0011,0.0206,0.0107,-0.0639,0.0033,0.0,0.0
1779816507224,2,12.00000015,Lower Delivery,Delivery,pitch.1,335806,2.4743,-13.3498,95.4388,-178.6903,165.6974,1.187,-0.1843,-0.1988
1779816507224,2,12.00000018,Upper Delivery,Delivery,pitch.1,336362,-1.688,-1.013,0.2568,-0.0884,-0.0304,-0.0012,0.0,0.0
1779816507224,2,Pitching Mound.Delivery,,Delivery,pitch.1,335566,0.7863,-14.3627,95.6957,-146.4168,165.667,-0.2294,-0.1838,0.1399
1779816507224,2,Pitching Mound.Drive,,Delivery,pitch.1,336085,0.0003,-0.0011,0.0206,0.0107,-0.0639,0.0033,0.0,0.0
1779816507224,2,Pitching Mound.Parent,,Delivery,pitch.1,335273,0.7874,-14.3641,95.7168,-146.4056,165.6019,-0.2253,-0.1838,0.1399
1779816507225,2,11.0000004b,Drive,Delivery,pitch.1,336086,0.0001,-0.0009,0.0207,0.0104,-0.0622,0.0042,0.0,0.0
1779816507225,2,12.00000015,Lower Delivery,Delivery,pitch.1,335807,2.4824,-13.2623,95.4224,-178.4481,165.7072,1.1872,-0.1844,-0.1985
1779816507225,2,12.00000018,Upper Delivery,Delivery,pitch.1,336363,-1.6724,-0.9918,0.373,-0.0884,-0.0304,-0.0012,0.0,0.0
1779816507225,2,Pitching Mound.Delivery,,Delivery,pitch.1,335567,0.81,-14.2541,95.7954,-146.2197,165.6768,-0.2266,-0.1836,0.1396
1779816507225,2,Pitching Mound.Drive,,Delivery,pitch.1,336086,0.0001,-0.0009,0.0207,0.0104,-0.0622,0.0042,0.0,0.0
1779816507225,2,Pitching Mound.Parent,,Delivery,pitch.1,335274,0.8103,-14.2552,95.816,-146.209,165.6129,-0.2233,-0.1836,0.1396
1779816507226,2,11.0000004b,Drive,Delivery,pitch.1,336087,-0.0002,-0.0006,0.0218,0.0113,-0.0627,0.0071,0.0,0.0
1779816507226,2,12.00000015,Lower Delivery,Delivery,pitch.1,335808,2.5152,-13.1939,95.5302,-178.3959,165.6414,1.1787,-0.1841,-0.1983
1779816507226,2,12.00000018,Upper Delivery,Delivery,pitch.1,336364,-1.6124,-0.9688,0.3682,-0.0884,-0.0304,-0.0012,0.0,0.0
1779816507226,2,Pitching Mound.Delivery,,Delivery,pitch.1,335568,0.9028,-14.1627,95.8984,-146.1291,165.611,-0.2259,-0.1834,0.1399
1779816507226,2,Pitching Mound.Drive,,Delivery,pitch.1,336087,-0.0002,-0.0006,0.0218,0.0113,-0.0627,0.0071,0.0,0.0
1779816507226,2,Pitching Mound.Parent,,Delivery,pitch.1,335275,0.9029,-14.1636,95.9191,-146.1187,165.5488,-0.2217,-0.1833,0.1399
1779816507227,2,11.0000004b,Drive,Delivery,pitch.1,336088,0.0003,-0.0009,0.0214,0.0108,-0.0628,0.0055,0.0,0.0
1779816507227,2,12.00000015,Lower Delivery,Delivery,pitch.1,335809,2.5593,-13.1175,95.3003,-178.1234,165.5375,1.1453,-0.1844,-0.1984
1779816507227,2,12.00000018,Upper Delivery,Delivery,pitch.1,336365,-1.5567,-0.935,0.2704,-0.0884,-0.0304,-0.0012,0.0,0.0
1779816507227,2,Pitching Mound.Delivery,,Delivery,pitch.1,335569,1.0026,-14.0525,95.5706,-145.9016,165.5072,-0.2553,-0.1839,0.1402
1779816507227,2,Pitching Mound.Drive,,Delivery,pitch.1,336088,0.0003,-0.0009,0.0214,0.0108,-0.0628,0.0055,0.0,0.0
1779816507227,2,Pitching Mound.Parent,,Delivery,pitch.1,335276,1.0024,-14.0532,95.5925,-145.8903,165.4445,-0.2482,-0.1838,0.1402
1779816507228,2,11.0000004b,Drive,Delivery,pitch.1,336089,0.001,-0.0004,0.0219,0.0104,-0.0596,0.0081,0.0,0.0
1779816507228,2,12.00000015,Lower Delivery,Delivery,pitch.1,335810,2.5692,-13.046,95.2929,-177.9091,165.3934,1.0949,-0.1843,-0.1982
1779816507228,2,12.00000018,Upper Delivery,Delivery,pitch.1,336366,-1.5623,-0.9331,0.3141,-0.0884,-0.0304,-0.0012,0.0,0.0
1779816507228,2,Pitching Mound.Delivery,,Delivery,pitch.1,335570,1.0069,-13.9791,95.6069,-145.7047,165.3631,-0.3111,-0.1837,0.1402
1779816507228,2,Pitching Mound.Drive,,Delivery,pitch.1,336089,0.001,-0.0004,0.0219,0.0104,-0.0596,0.0081,0.0,0.0
1779816507228,2,Pitching Mound.Parent,,Delivery,pitch.1,335277,1.0072,-13.98,95.6283,-145.6939,165.3003,-0.3056,-0.1836,0.1402
1779816507229,2,11.0000004b,Drive,Delivery,pitch.1,336090,0.0018,-0.001,0.0238,0.01,-0.0603,0.0099,0.0,0.0
1779816507229,2,12.00000015,Lower Delivery,Delivery,pitch.1,335811,2.6228,-12.9758,95.1942,-177.8541,165.3229,1.0499,-0.1844,-0.1983
1779816507229,2,12.00000018,Upper Delivery,Delivery,pitch.1,336367,-1.3522,-0.8637,0.1015,-0.0884,-0.0304,-0.0012,0.0,0.0
1779816507229,2,Pitching Mound.Delivery,,Delivery,pitch.1,335571,1.2706,-13.8396,95.2957,-145.6109,165.2925,-0.3029,-0.1842,0.1411
1779816507229,2,Pitching Mound.Drive,,Delivery,pitch.1,336090,0.0018,-0.001,0.0238,0.01,-0.0603,0.0099,0.0,0.0
1779816507229,2,Pitching Mound.Parent,,Delivery,pitch.1,335278,1.2715,-13.8399,95.3176,-145.6005,165.2329,-0.2947,-0.1841,0.1411
1779816507230,2,12.00000015,Lower Delivery,Delivery,pitch.1,335812,2.6419,-12.9001,95.2263,-177.788,165.2888,1.0103,-0.1843,-0.1982
1779816507230,2,12.00000018,Upper Delivery,Delivery,pitch.1,336368,-1.2296,-0.798,0.0317,-0.0884,-0.0304,-0.0012,0.0,0.0
1779816507230,2,Pitching Mound.Delivery,,Delivery,pitch.1,335572,1.4122,-13.6981,95.258,-145.5102,165.2584,-0.3072,-0.1842,0.1416
1779816507230,2,Pitching Mound.Parent,,Delivery,pitch.1,335279,1.414,-13.6991,95.2819,-145.5003,165.1981,-0.2973,-0.1842,0.1416
1779816507231,2,11.0000004b,Drive,Delivery,pitch.1,336091,0.0075,-0.0023,0.0268,0.0101,-0.0609,0.0105,0.0,0.0
1779816507231,2,11.0000004b,Drive,Delivery,pitch.1,336092,0.0089,-0.0032,0.0281,0.0117,-0.0639,0.0086,0.0,0.0
1779816507231,2,12.00000015,Lower Delivery,Delivery,pitch.1,335813,2.6302,-12.8183,95.1674,-177.723,165.0956,0.971,-0.1842,-0.1983
1779816507231,2,12.00000018,Upper Delivery,Delivery,pitch.1,336369,-0.9651,-0.6774,-0.0819,-0.0884,-0.0304,-0.0012,0.0,0.0
1779816507231,2,Pitching Mound.Delivery,,Delivery,pitch.1,335573,1.6651,-13.4957,95.0855,-145.4266,165.0653,-0.2526,-0.1843,0.1422
1779816507231,2,Pitching Mound.Drive,,Delivery,pitch.1,336091,0.0075,-0.0023,0.0268,0.0101,-0.0609,0.0105,0.0,0.0
1779816507231,2,Pitching Mound.Drive,,Delivery,pitch.1,336092,0.0089,-0.0032,0.0281,0.0117,-0.0639,0.0086,0.0,0.0
1779816507231,2,Pitching Mound.Parent,,Delivery,pitch.1,335280,1.6726,-13.4981,95.1123,-145.4165,165.0044,-0.2421,-0.1843,0.1421
1779816507232,2,11.0000004b,Drive,Delivery,pitch.1,336093,0.0039,-0.0019,0.0257,0.0116,-0.0632,0.0074,0.0,0.0
1779816507232,2,12.00000015,Lower Delivery,Delivery,pitch.1,335814,2.6603,-12.7429,95.258,-177.5866,164.8319,0.9032,-0.1837,-0.1979
1779816507232,2,12.00000018,Upper Delivery,Delivery,pitch.1,336370,-0.9064,-0.6414,-0.2423,-0.0884,-0.0304,-0.0012,0.0,0.0
1779816507232,2,Pitching Mound.Delivery,,Delivery,pitch.1,335574,1.7539,-13.3843,95.0157,-145.2049,164.8016,-0.3106,-0.1842,0.1433
1779816507232,2,Pitching Mound.Drive,,Delivery,pitch.1,336093,0.0039,-0.0019,0.0257,0.0116,-0.0632,0.0074,0.0,0.0
1779816507232,2,Pitching Mound.Parent,,Delivery,pitch.1,335281,1.7627,-13.3876,95.0438,-145.1931,164.7377,-0.302,-0.1841,0.1433
1779816507233,2,11.0000004b,Drive,Delivery,pitch.1,336094,0.0119,-0.0039,0.0272,0.0117,-0.0642,0.0079,0.0,0.0
1779816507233,2,12.00000015,Lower Delivery,Delivery,pitch.1,335815,2.6703,-12.66,94.9837,-177.5381,164.508,0.9048,-0.1839,-0.1984
1779816507233,2,12.00000018,Upper Delivery,Delivery,pitch.1,336371,-0.7287,-0.5396,-0.2147,-0.0884,-0.0304,-0.0012,0.0,0.0
1779816507233,2,Pitching Mound.Delivery,,Delivery,pitch.1,335575,1.9416,-13.1995,94.769,-145.259,164.4777,-0.252,-0.1843,0.1427
1779816507233,2,Pitching Mound.Drive,,Delivery,pitch.1,336094,0.0119,-0.0039,0.0272,0.0117,-0.0642,0.0079,0.0,0.0
1779816507233,2,Pitching Mound.Parent,,Delivery,pitch.1,335282,1.9455,-13.2014,94.7947,-145.2473,164.4145,-0.2446,-0.1842,0.1426
1779816507234,2,12.00000015,Lower Delivery,Delivery,pitch.1,335816,2.6777,-12.5854,95.0268,-177.4814,164.458,0.8293,-0.1837,-0.1983
1779816507234,2,12.00000018,Upper Delivery,Delivery,pitch.1,336372,-0.6787,-0.5443,-0.1005,-0.0884,-0.0304,-0.0012,0.0,0.0
1779816507234,2,Pitching Mound.Delivery,,Delivery,pitch.1,335576,1.999,-13.1297,94.9263,-145.2265,164.4276,-0.3131,-0.1839,0.1422
1779816507234,2,Pitching Mound.Parent,,Delivery,pitch.1,335283,2.0109,-13.1335,94.9536,-145.2148,164.3634,-0.3052,-0.1839,0.1422
1779816507235,2,11.0000004b,Drive,Delivery,pitch.1,336095,0.0009,-0.0008,0.0229,0.0132,-0.0647,0.0075,0.0,0.0
1779816507235,2,11.0000004b,Drive,Delivery,pitch.1,336096,0.0088,-0.0029,0.026,0.0138,-0.0651,0.0105,0.0,0.0
1779816507235,2,12.00000015,Lower Delivery,Delivery,pitch.1,335817,2.7308,-12.5076,94.7646,-177.4662,164.3226,0.7875,-0.1841,-0.1988
1779816507235,2,12.00000018,Upper Delivery,Delivery,pitch.1,336373,-0.6368,-0.5008,0.1902,-0.0884,-0.0304,-0.0012,0.0,0.0
1779816507235,2,Pitching Mound.Delivery,,Delivery,pitch.1,335577,2.0939,-13.0085,94.9547,-145.3993,164.2923,-0.3586,-0.1837,0.1402
1779816507235,2,Pitching Mound.Drive,,Delivery,pitch.1,336095,0.0009,-0.0008,0.0229,0.0132,-0.0647,0.0075,0.0,0.0
1779816507235,2,Pitching Mound.Drive,,Delivery,pitch.1,336096,0.0088,-0.0029,0.026,0.0138,-0.0651,0.0105,0.0,0.0
1779816507235,2,Pitching Mound.Parent,,Delivery,pitch.1,335284,2.0948,-13.0092,94.9777,-145.3861,164.2276,-0.3511,-0.1837,0.1402
1779816507236,2,11.0000004b,Drive,Delivery,pitch.1,336097,0.0159,-0.0047,0.0283,0.0134,-0.0663,0.0097,0.0,0.0
1779816507236,2,12.00000015,Lower Delivery,Delivery,pitch.1,335818,2.7752,-12.4618,94.7471,-177.5927,164.2797,0.7005,-0.1841,-0.199
1779816507236,2,12.00000018,Upper Delivery,Delivery,pitch.1,336374,-0.5251,-0.4343,0.1691,-0.0884,-0.0304,-0.0012,0.0,0.0
1779816507236,2,Pitching Mound.Delivery,,Delivery,pitch.1,335578,2.2501,-12.8961,94.9163,-145.5245,164.2494,-0.4228,-0.1837,0.1402
1779816507236,2,Pitching Mound.Drive,,Delivery,pitch.1,336097,0.0159,-0.0047,0.0283,0.0134,-0.0663,0.0097,0.0,0.0
1779816507236,2,Pitching Mound.Parent,,Delivery,pitch.1,335285,2.2589,-12.899,94.9422,-145.5107,164.1843,-0.4123,-0.1837,0.1401
1779816507237,2,11.0000004b,Drive,Delivery,pitch.1,336098,0.0197,-0.0056,0.0305,0.0128,-0.0666,0.0116,0.0,0.0
1779816507237,2,12.00000015,Lower Delivery,Delivery,pitch.1,335819,2.8194,-12.4064,94.6716,-177.5922,164.0935,0.6616,-0.184,-0.1991
1779816507237,2,12.00000015,Lower Delivery,Delivery,pitch.1,335820,2.8508,-12.3384,94.665,-177.6083,163.8814,0.6,-0.1838,-0.1992
1779816507237,2,12.00000018,Upper Delivery,Delivery,pitch.1,336375,-0.5376,-0.4199,0.3174,-0.0884,-0.0304,-0.0012,0.0,0.0
1779816507237,2,Pitching Mound.Delivery,,Delivery,pitch.1,335579,2.2818,-12.8264,94.989,-145.6002,164.0631,-0.481,-0.1834,0.1392
1779816507237,2,Pitching Mound.Drive,,Delivery,pitch.1,336098,0.0197,-0.0056,0.0305,0.0128,-0.0666,0.0116,0.0,0.0
1779816507237,2,Pitching Mound.Parent,,Delivery,pitch.1,335286,2.2977,-12.8311,95.0173,-145.5867,163.9968,-0.4713,-0.1833,0.1392
1779816507238,2,11.0000004b,Drive,Delivery,pitch.1,336099,0.0042,-0.0016,0.0241,0.0131,-0.0669,0.011,0.0,0.0
1779816507238,2,12.00000018,Upper Delivery,Delivery,pitch.1,336376,-0.5957,-0.4373,0.4897,-0.0884,-0.0304,-0.0012,0.0,0.0
1779816507238,2,Pitching Mound.Delivery,,Delivery,pitch.1,335580,2.2551,-12.7757,95.1547,-145.677,163.851,-0.573,-0.1828,0.1383
1779816507238,2,Pitching Mound.Drive,,Delivery,pitch.1,336099,0.0042,-0.0016,0.0241,0.0131,-0.0669,0.011,0.0,0.0
1779816507238,2,Pitching Mound.Parent,,Delivery,pitch.1,335287,2.2748,-12.7813,95.1853,-145.6642,163.7844,-0.5614,-0.1828,0.1383
1779816507239,2,11.0000004b,Drive,Delivery,pitch.1,336100,0.0155,-0.0051,0.0281,0.0134,-0.069,0.0107,0.0,0.0
1779816507239,2,12.00000015,Lower Delivery,Delivery,pitch.1,335821,2.8997,-12.2826,94.8295,-177.825,163.8963,0.5753,-0.1835,-0.1991
1779816507239,2,12.00000018,Upper Delivery,Delivery,pitch.1,336377,-0.5432,-0.4073,0.9672,-0.0884,-0.0304,-0.0012,0.0,0.0
1779816507239,2,Pitching Mound.Delivery,,Delivery,pitch.1,335581,2.3565,-12.6899,95.7967,-146.0002,163.8659,-0.5965,-0.1816,0.1361
1779816507239,2,Pitching Mound.Drive,,Delivery,pitch.1,336100,0.0155,-0.0051,0.0281,0.0134,-0.069,0.0107,0.0,0.0
1779816507239,2,Pitching Mound.Parent,,Delivery,pitch.1,335288,2.3607,-12.6915,95.8208,-145.987,163.799,-0.5855,-0.1816,0.136
1779816507240,2,11.0000004b,Drive,Delivery,pitch.1,336101,0.0077,-0.0029,0.0258,0.0136,-0.0685,0.01,0.0,0.0
1779816507240,2,12.00000015,Lower Delivery,Delivery,pitch.1,335822,2.9173,-12.2363,94.7688,-178.0296,163.8333,0.4816,-0.1835,-0.1994
1779816507240,2,12.00000018,Upper Delivery,Delivery,pitch.1,336378,-0.5526,-0.4062,1.1961,-0.0884,-0.0304,-0.0012,0.0,0.0
1779816507240,2,Pitching Mound.Delivery,,Delivery,pitch.1,335582,2.3647,-12.6425,95.9648,-146.3032,163.803,-0.6994,-0.1812,0.1346
1779816507240,2,Pitching Mound.Drive,,Delivery,pitch.1,336101,0.0077,-0.0029,0.0258,0.0136,-0.0685,0.01,0.0,0.0
1779816507240,2,Pitching Mound.Parent,,Delivery,pitch.1,335289,2.3802,-12.6476,95.993,-146.2899,163.7339,-0.6887,-0.1812,0.1345
1779816507241,2,11.0000004b,Drive,Delivery,pitch.1,336102,0.0055,-0.0024,0.0252,0.0137,-0.0686,0.0106,0.0,0.0
1779816507241,2,12.00000015,Lower Delivery,Delivery,pitch.1,335823,2.9497,-12.1891,94.7956,-178.2007,163.8227,0.3809,-0.1835,-0.1996
1779816507241,2,12.00000018,Upper Delivery,Delivery,pitch.1,336379,-0.6678,-0.4534,1.2898,-0.0884,-0.0304,-0.0012,0.0,0.0
1779816507241,2,Pitching Mound.Delivery,,Delivery,pitch.1,335583,2.2819,-12.6425,96.0854,-146.4971,163.7923,-0.8502,-0.181,0.134
1779816507241,2,Pitching Mound.Drive,,Delivery,pitch.1,336102,0.0055,-0.0024,0.0252,0.0137,-0.0686,0.0106,0.0,0.0
1779816507241,2,Pitching Mound.Parent,,Delivery,pitch.1,335290,2.2897,-12.6454,96.1112,-146.4835,163.7238,-0.8402,-0.181,0.1339
1779816507242,2,11.0000004b,Drive,Delivery,pitch.1,336103,0.0004,-0.0008,0.0223,0.0127,-0.0677,0.0126,0.0,0.0
1779816507242,2,12.00000015,Lower Delivery,Delivery,pitch.1,335824,2.9754,-12.1434,94.8752,-178.4467,163.7909,0.2828,-0.1833,-0.1997
1779816507242,2,12.00000018,Upper Delivery,Delivery,pitch.1,336380,-0.7594,-0.4947,1.051,-0.0884,-0.0304,-0.0012,0.0,0.0
1779816507242,2,Pitching Mound.Delivery,,Delivery,pitch.1,335584,2.216,-12.6381,95.9263,-146.6348,163.7605,-0.9882,-0.1813,0.1351
1779816507242,2,Pitching Mound.Drive,,Delivery,pitch.1,336103,0.0004,-0.0008,0.0223,0.0127,-0.0677,0.0126,0.0,0.0
1779816507242,2,Pitching Mound.Parent,,Delivery,pitch.1,335291,2.2216,-12.6405,95.9514,-146.6211,163.6919,-0.9776,-0.1812,0.135
1779816507243,2,11.0000004b,Drive,Delivery,pitch.1,336104,0.001,-0.0008,0.0226,0.0123,-0.0673,0.011,0.0,0.0
1779816507243,2,12.00000015,Lower Delivery,Delivery,pitch.1,335825,2.9834,-12.091,94.831,-178.6501,163.9472,0.23,-0.1835,-0.2
1779816507243,2,12.00000018,Upper Delivery,Delivery,pitch.1,336381,-0.7986,-0.5232,1.107,-0.0884,-0.0304,-0.0012,0.0,0.0
1779816507243,2,Pitching Mound.Delivery,,Delivery,pitch.1,335585,2.1848,-12.6141,95.938,-146.8723,163.9168,-1.0571,-0.1814,0.1345
1779816507243,2,Pitching Mound.Drive,,Delivery,pitch.1,336104,0.001,-0.0008,0.0226,0.0123,-0.0673,0.011,0.0,0.0
1779816507243,2,Pitching Mound.Parent,,Delivery,pitch.1,335292,2.1852,-12.6149,95.9603,-146.8597,163.8492,-1.0445,-0.1814,0.1344
1779816507244,2,11.0000004b,Drive,Delivery,pitch.1,336105,0.0002,-0.0004,0.0222,0.0119,-0.066,0.0113,0.0,0.0
1779816507244,2,12.00000015,Lower Delivery,Delivery,pitch.1,335826,3.0156,-12.0403,94.9957,-179.1002,164.0493,0.085,-0.1833,-0.2002
1779816507244,2,12.00000018,Upper Delivery,Delivery,pitch.1,336382,-0.8624,-0.5436,1.2055,-0.0884,-0.0304,-0.0012,0.0,0.0
1779816507244,2,Pitching Mound.Delivery,,Delivery,pitch.1,335586,2.1532,-12.5839,96.2012,-147.2999,164.0189,-1.2348,-0.181,0.1338
1779816507244,2,Pitching Mound.Drive,,Delivery,pitch.1,336105,0.0002,-0.0004,0.0222,0.0119,-0.066,0.0113,0.0,0.0
1779816507244,2,Pitching Mound.Parent,,Delivery,pitch.1,335293,2.1542,-12.5847,96.2238,-147.2876,163.9516,-1.2238,-0.181,0.1338
1779816507245,2,11.0000004b,Drive,Delivery,pitch.1,336106,0.0004,-0.0008,0.021,0.0113,-0.0652,0.0111,0.0,0.0
1779816507245,2,12.00000015,Lower Delivery,Delivery,pitch.1,335827,3.0178,-11.9974,94.8879,-179.3549,164.0394,0.0416,-0.1835,-0.2007
1779816507245,2,12.00000018,Upper Delivery,Delivery,pitch.1,336383,-0.9401,-0.5905,1.1103,-0.0884,-0.0304,-0.0012,0.0,0.0
1779816507245,2,Pitching Mound.Delivery,,Delivery,pitch.1,335587,2.0777,-12.5879,95.9982,-147.5588,164.0091,-1.3053,-0.1814,0.1338
1779816507245,2,Pitching Mound.Drive,,Delivery,pitch.1,336106,0.0004,-0.0008,0.021,0.0113,-0.0652,0.0111,0.0,0.0
1779816507245,2,Pitching Mound.Parent,,Delivery,pitch.1,335294,2.0779,-12.5883,96.0204,-147.5469,163.943,-1.294,-0.1814,0.1338
1779816507246,2,11.0000004b,Drive,Delivery,pitch.1,336107,0.0003,-0.0006,0.0195,0.0111,-0.0664,0.0108,0.0,0.0
1779816507246,2,12.00000015,Lower Delivery,Delivery,pitch.1,335828,3.0623,-11.9301,95.0223,-179.7943,164.5408,-0.0836,-0.1838,-0.2009
1779816507246,2,12.00000018,Upper Delivery,Delivery,pitch.1,336384,-0.8754,-0.5766,1.289,-0.0884,-0.0304,-0.0012,0.0,0.0
1779816507246,2,Pitching Mound.Delivery,,Delivery,pitch.1,335588,2.1868,-12.5067,96.3113,-148.0134,164.5104,-1.4236,-0.1814,0.1327
1779816507246,2,Pitching Mound.Drive,,Delivery,pitch.1,336107,0.0003,-0.0006,0.0195,0.0111,-0.0664,0.0108,0.0,0.0
1779816507246,2,Pitching Mound.Parent,,Delivery,pitch.1,335295,2.1872,-12.5076,96.3323,-148.0021,164.4451,-1.4124,-0.1813,0.1327
1779816507247,2,11.0000004b,Drive,Delivery,pitch.1,336108,0.0,-0.0004,0.0203,0.014,-0.0657,0.0106,0.0,0.0
1779816507247,2,12.00000015,Lower Delivery,Delivery,pitch.1,335829,3.085,-11.8805,95.0509,-180.0794,164.5809,-0.2047,-0.1838,-0.2011
1779816507247,2,12.00000018,Upper Delivery,Delivery,pitch.1,336385,-0.97,-0.6078,1.35,-0.0884,-0.0304,-0.0012,0.0,0.0
1779816507247,2,Pitching Mound.Delivery,,Delivery,pitch.1,335589,2.115,-12.4883,96.4009,-148.3095,164.5506,-1.5846,-0.1812,0.1322
1779816507247,2,Pitching Mound.Drive,,Delivery,pitch.1,336108,0.0,-0.0004,0.0203,0.014,-0.0657,0.0106,0.0,0.0
1779816507247,2,Pitching Mound.Parent,,Delivery,pitch.1,335296,2.1153,-12.4889,96.4205,-148.2984,164.4842,-1.5738,-0.1812,0.1321
1779816507248,2,11.0000004b,Drive,Delivery,pitch.1,336109,0.0,-0.0005,0.0202,0.0144,-0.0638,0.0091,0.0,0.0
1779816507248,2,12.00000015,Lower Delivery,Delivery,pitch.1,335830,3.1052,-11.7952,95.1256,-180.3821,164.7771,-0.3102,-0.1839,-0.2013
1779816507248,2,12.00000018,Upper Delivery,Delivery,pitch.1,336386,-0.9836,-0.6126,1.4067,-0.0884,-0.0304,-0.0012,0.0,0.0
1779816507248,2,Pitching Mound.Delivery,,Delivery,pitch.1,335590,2.1216,-12.4078,96.5324,-148.6061,164.7467,-1.7016,-0.1812,0.1317
1779816507248,2,Pitching Mound.Drive,,Delivery,pitch.1,336109,0.0,-0.0005,0.0202,0.0144,-0.0638,0.0091,0.0,0.0
1779816507248,2,Pitching Mound.Parent,,Delivery,pitch.1,335297,2.1215,-12.4082,96.5527,-148.5921,164.681,-1.691,-0.1812,0.1317
1779816507249,2,11.0000004b,Drive,Delivery,pitch.1,336110,-0.0001,-0.0003,0.0206,0.0171,-0.0661,0.0109,0.0,0.0
1779816507249,2,12.00000015,Lower Delivery,Delivery,pitch.1,335831,3.1182,-11.7355,95.2443,-180.7302,165.0347,-0.4105,-0.184,-0.2014
1779816507249,2,12.00000015,Lower Delivery,Delivery,pitch.1,335832,3.1527,-11.6647,95.2158,-180.9757,165.1784,-0.4797,-0.1842,-0.2018
1779816507249,2,12.00000018,Upper Delivery,Delivery,pitch.1,336387,-1.0196,-0.6396,1.0903,-0.0884,-0.0304,-0.0012,0.0,0.0
1779816507249,2,Pitching Mound.Delivery,,Delivery,pitch.1,335591,2.0986,-12.375,96.3346,-148.8062,165.0043,-1.8186,-0.1819,0.1331
1779816507249,2,Pitching Mound.Drive,,Delivery,pitch.1,336110,-0.0001,-0.0003,0.0206,0.0171,-0.0661,0.0109,0.0,0.0
1779816507249,2,Pitching Mound.Parent,,Delivery,pitch.1,335298,2.0986,-12.3756,96.3548,-148.7918,164.9405,-1.8095,-0.1818,0.1331
1779816507250,2,11.0000004b,Drive,Delivery,pitch.1,336111,0.0002,-0.0002,0.0208,0.0178,-0.0659,0.0084,0.0,0.0
1779816507250,2,12.00000015,Lower Delivery,Delivery,pitch.1,335833,3.2196,-11.6036,95.3119,-181.2309,165.4162,-0.6078,-0.1842,-0.2019
1779816507250,2,12.00000018,Upper Delivery,Delivery,pitch.1,336388,-1.1636,-0.6817,0.7148,-0.0884,-0.0304,-0.0012,0.0,0.0
1779816507250,2,Pitching Mound.Delivery,,Delivery,pitch.1,335592,1.9891,-12.3463,95.9306,-148.9337,165.148,-1.9485,-0.1828,0.1347
1779816507250,2,Pitching Mound.Drive,,Delivery,pitch.1,336111,0.0002,-0.0002,0.0208,0.0178,-0.0659,0.0084,0.0,0.0
1779816507250,2,Pitching Mound.Parent,,Delivery,pitch.1,335299,1.989,-12.3466,95.9512,-148.9166,165.082,-1.9376,-0.1828,0.1346
1779816507251,2,11.0000004b,Drive,Delivery,pitch.1,336112,0.0002,-0.0001,0.0207,0.0169,-0.0661,0.0076,0.0,0.0
1779816507251,2,12.00000018,Upper Delivery,Delivery,pitch.1,336389,-1.087,-0.6525,0.8855,-0.0884,-0.0304,-0.0012,0.0,0.0
1779816507251,2,Pitching Mound.Delivery,,Delivery,pitch.1,335593,2.1326,-12.2561,96.1974,-149.2143,165.3858,-2.0733,-0.1826,0.1337
1779816507251,2,Pitching Mound.Drive,,Delivery,pitch.1,336112,0.0002,-0.0001,0.0207,0.0169,-0.0661,0.0076,0.0,0.0
1779816507251,2,Pitching Mound.Parent,,Delivery,pitch.1,335300,2.1329,-12.2563,96.2182,-149.1965,165.3199,-2.0649,-0.1825,0.1337
1779816507252,2,11.0000004b,Drive,Delivery,pitch.1,336113,-0.0002,-0.0001,0.0217,0.02,-0.0654,0.0071,0.0,0.0
1779816507252,2,12.00000015,Lower Delivery,Delivery,pitch.1,335835,3.2441,-11.436,95.3769,-181.6808,165.663,-0.7691,-0.1844,-0.2022
1779816507252,2,12.00000015,Lower Delivery,Delivery,pitch.1,335834,3.2354,-11.5157,95.3416,-181.5664,165.5272,-0.7038,-0.1843,-0.2022
1779816507252,2,12.00000018,Upper Delivery,Delivery,pitch.1,336390,-1.0681,-0.628,0.8649,-0.0884,-0.0304,-0.0012,0.0,0.0
1779816507252,2,Pitching Mound.Delivery,,Delivery,pitch.1,335594,2.1673,-12.1437,96.2065,-149.5326,165.4968,-2.1682,-0.1827,0.1335
1779816507252,2,Pitching Mound.Drive,,Delivery,pitch.1,336113,-0.0002,-0.0001,0.0217,0.02,-0.0654,0.0071,0.0,0.0
1779816507252,2,Pitching Mound.Parent,,Delivery,pitch.1,335301,2.1675,-12.1438,96.2272,-149.5158,165.4308,-2.1606,-0.1826,0.1335
1779816507253,2,11.0000004b,Drive,Delivery,pitch.1,336114,0.0001,0.0007,0.0216,0.0184,-0.0659,0.0039,0.0,0.0
1779816507253,2,12.00000018,Upper Delivery,Delivery,pitch.1,336391,-1.0428,-0.618,0.8597,-0.0884,-0.0304,-0.0012,0.0,0.0
1779816507253,2,Pitching Mound.Delivery,,Delivery,pitch.1,335595,2.2013,-12.054,96.2366,-149.6333,165.6327,-2.2279,-0.1827,0.1335
1779816507253,2,Pitching Mound.Drive,,Delivery,pitch.1,336114,0.0001,0.0007,0.0216,0.0184,-0.0659,0.0039,0.0,0.0
1779816507253,2,Pitching Mound.Parent,,Delivery,pitch.1,335302,2.2011,-12.0541,96.2583,-149.6132,165.5673,-2.2207,-0.1827,0.1335
1779816507254,2,11.0000004b,Drive,Delivery,pitch.1,336115,-0.0002,-0.0007,0.0211,0.02,-0.0667,0.0012,0.0,0.0
1779816507254,2,12.00000015,Lower Delivery,Delivery,pitch.1,335836,3.2798,-11.3649,95.4361,-182.118,165.8717,-0.8567,-0.1845,-0.2026
1779816507254,2,12.00000018,Upper Delivery,Delivery,pitch.1,336392,-1.0276,-0.5918,0.5965,-0.0884,-0.0304,-0.0012,0.0,0.0
1779816507254,2,12.00000018,Upper Delivery,Delivery,pitch.1,336393,-1.0272,-0.6153,0.6492,-0.0884,-0.0304,-0.0012,0.0,0.0
1779816507254,2,Pitching Mound.Delivery,,Delivery,pitch.1,335596,2.2522,-11.9567,96.0326,-149.9609,165.8414,-2.3225,-0.1834,0.1344
1779816507254,2,Pitching Mound.Drive,,Delivery,pitch.1,336115,-0.0002,-0.0007,0.0211,0.02,-0.0667,0.0012,0.0,0.0
1779816507254,2,Pitching Mound.Parent,,Delivery,pitch.1,335303,2.2523,-11.956,96.0542,-149.9424,165.7754,-2.3186,-0.1833,0.1344
1779816507255,2,11.0000004b,Drive,Delivery,pitch.1,336116,-0.0005,-0.0006,0.0217,0.0207,-0.0657,0.0024,0.0,0.0
1779816507255,2,12.00000015,Lower Delivery,Delivery,pitch.1,335837,3.3219,-11.2959,95.4935,-182.3321,165.9486,-0.9002,-0.1845,-0.2027
1779816507255,2,12.00000015,Lower Delivery,Delivery,pitch.1,335838,3.3435,-11.2106,95.6222,-182.6742,165.9131,-0.9227,-0.1842,-0.2028
1779816507255,2,Pitching Mound.Delivery,,Delivery,pitch.1,335597,2.2947,-11.9112,96.1427,-150.1734,165.9182,-2.3801,-0.1832,0.1341
1779816507255,2,Pitching Mound.Drive,,Delivery,pitch.1,336116,-0.0005,-0.0006,0.0217,0.0207,-0.0657,0.0024,0.0,0.0
1779816507255,2,Pitching Mound.Parent,,Delivery,pitch.1,335304,2.2945,-11.9119,96.1638,-150.1534,165.8515,-2.3789,-0.1832,0.134
1779816507256,2,11.0000004b,Drive,Delivery,pitch.1,336117,-0.0011,-0.0001,0.0227,0.021,-0.0688,0.0047,0.0,0.0
1779816507256,2,12.00000018,Upper Delivery,Delivery,pitch.1,336394,-1.187,-0.6795,0.2531,-0.0884,-0.0304,-0.0012,0.0,0.0
1779816507256,2,Pitching Mound.Delivery,,Delivery,pitch.1,335598,2.1565,-11.8901,95.8753,-150.3371,165.8827,-2.4642,-0.1837,0.1359
1779816507256,2,Pitching Mound.Drive,,Delivery,pitch.1,336117,-0.0011,-0.0001,0.0227,0.021,-0.0688,0.0047,0.0,0.0
1779816507256,2,Pitching Mound.Parent,,Delivery,pitch.1,335305,2.156,-11.8906,95.897,-150.3164,165.817,-2.4618,-0.1837,0.1359
1779816507257,2,11.0000004b,Drive,Delivery,pitch.1,336118,-0.0008,-0.0004,0.022,0.0181,-0.0698,0.0017,0.0,0.0
1779816507257,2,12.00000015,Lower Delivery,Delivery,pitch.1,335839,3.3643,-11.1357,95.7761,-182.9982,166.0489,-0.9796,-0.1841,-0.2028
1779816507257,2,12.00000015,Lower Delivery,Delivery,pitch.1,335840,3.3463,-11.007,95.6705,-183.2255,165.9741,-0.9724,-0.1842,-0.2033
1779816507257,2,12.00000018,Upper Delivery,Delivery,pitch.1,336396,-1.265,-0.728,0.2795,-0.0884,-0.0304,-0.0012,0.0,0.0
1779816507257,2,12.00000018,Upper Delivery,Delivery,pitch.1,336395,-1.2105,-0.686,0.4664,-0.0884,-0.0304,-0.0012,0.0,0.0
1779816507257,2,Pitching Mound.Delivery,,Delivery,pitch.1,335599,2.1538,-11.8216,96.2425,-150.6813,166.0185,-2.5362,-0.1832,0.1348
1779816507257,2,Pitching Mound.Delivery,,Delivery,pitch.1,335600,2.0813,-11.735,95.9501,-150.8809,165.9437,-2.5415,-0.1836,0.1353
1779816507257,2,Pitching Mound.Drive,,Delivery,pitch.1,336118,-0.0008,-0.0004,0.022,0.0181,-0.0698,0.0017,0.0,0.0
1779816507257,2,Pitching Mound.Parent,,Delivery,pitch.1,335306,2.1528,-11.8217,96.2652,-150.6602,165.9497,-2.5315,-0.1831,0.1348
1779816507257,2,Pitching Mound.Parent,,Delivery,pitch.1,335307,2.0804,-11.7355,95.972,-150.8628,165.8739,-2.5398,-0.1836,0.1353
1779816507258,2,11.0000004b,Drive,Delivery,pitch.1,336119,-0.0011,-0.0001,0.022,0.017,-0.0705,0.0014,0.0,0.0
1779816507258,2,12.00000015,Lower Delivery,Delivery,pitch.1,335841,3.3456,-10.9362,95.7646,-183.5091,165.967,-1.0016,-0.184,-0.2034
1779816507258,2,12.00000018,Upper Delivery,Delivery,pitch.1,336397,-1.4364,-0.8096,-0.2897,-0.0884,-0.0304,-0.0012,0.0,0.0
1779816507258,2,Pitching Mound.Delivery,,Delivery,pitch.1,335601,1.9092,-11.7458,95.4749,-150.939,165.9366,-2.6287,-0.1845,0.138
1779816507258,2,Pitching Mound.Drive,,Delivery,pitch.1,336119,-0.0011,-0.0001,0.022,0.017,-0.0705,0.0014,0.0,0.0
1779816507258,2,Pitching Mound.Parent,,Delivery,pitch.1,335308,1.9081,-11.7459,95.4968,-150.922,165.8662,-2.6273,-0.1845,0.138
1779816507259,2,11.0000004b,Drive,Delivery,pitch.1,336120,-0.0008,0.0003,0.0212,0.0173,-0.0714,0.0031,0.0,0.0
1779816507259,2,12.00000015,Lower Delivery,Delivery,pitch.1,335842,3.3707,-10.8451,95.8101,-183.6124,165.8811,-0.9904,-0.1838,-0.2035
1779816507259,2,12.00000018,Upper Delivery,Delivery,pitch.1,336398,-1.41,-0.7877,-0.2845,-0.0884,-0.0304,-0.0012,0.0,0.0
1779816507259,2,Pitching Mound.Delivery,,Delivery,pitch.1,335602,1.9607,-11.6328,95.5257,-151.0286,165.8507,-2.617,-0.1844,0.138
1779816507259,2,Pitching Mound.Drive,,Delivery,pitch.1,336120,-0.0008,0.0003,0.0212,0.0173,-0.0714,0.0031,0.0,0.0
1779816507259,2,Pitching Mound.Parent,,Delivery,pitch.1,335309,1.9599,-11.6325,95.5468,-151.0113,165.7793,-2.6139,-0.1843,0.1379
1779816507260,2,11.0000004b,Drive,Delivery,pitch.1,336121,-0.0006,0.0,0.0201,0.0162,-0.0715,0.0035,0.0,0.0
1779816507260,2,12.00000015,Lower Delivery,Delivery,pitch.1,335843,3.379,-10.7752,95.985,-183.882,166.081,-1.0154,-0.1837,-0.2034
1779816507260,2,12.00000018,Upper Delivery,Delivery,pitch.1,336399,-1.492,-0.8444,-0.1675,-0.0884,-0.0304,-0.0012,0.0,0.0
1779816507260,2,Pitching Mound.Delivery,,Delivery,pitch.1,335603,1.887,-11.6196,95.8175,-151.2785,166.0506,-2.6727,-0.184,0.1375
1779816507260,2,Pitching Mound.Drive,,Delivery,pitch.1,336121,-0.0006,0.0,0.0201,0.0162,-0.0715,0.0035,0.0,0.0
1779816507260,2,Pitching Mound.Parent,,Delivery,pitch.1,335310,1.8865,-11.6196,95.8377,-151.2623,165.9791,-2.6692,-0.184,0.1374
1779816507261,2,11.0000004b,Drive,Delivery,pitch.1,336122,-0.0006,0.0004,0.0199,0.016,-0.0702,0.0038,0.0,0.0
1779816507261,2,12.00000015,Lower Delivery,Delivery,pitch.1,335844,3.3788,-10.719,96.152,-184.1399,166.2277,-1.0253,-0.1835,-0.2033
1779816507261,2,12.00000018,Upper Delivery,Delivery,pitch.1,336400,-1.4579,-0.8219,-0.154,-0.0884,-0.0304,-0.0012,0.0,0.0
1779816507261,2,Pitching Mound.Delivery,,Delivery,pitch.1,335604,1.921,-11.5409,95.9979,-151.4842,166.1973,-2.671,-0.1838,0.1375
1779816507261,2,Pitching Mound.Drive,,Delivery,pitch.1,336122,-0.0006,0.0004,0.0199,0.016,-0.0702,0.0038,0.0,0.0
1779816507261,2,Pitching Mound.Parent,,Delivery,pitch.1,335311,1.9204,-11.5405,96.0178,-151.4682,166.1271,-2.6672,-0.1838,0.1374
1779816507262,2,11.0000004b,Drive,Delivery,pitch.1,336123,-0.0006,0.0003,0.0206,0.0149,-0.0691,0.0051,0.0,0.0
1779816507262,2,12.00000015,Lower Delivery,Delivery,pitch.1,335845,3.4171,-10.722,96.3161,-184.2018,166.2116,-0.9578,-0.1832,-0.203
1779816507262,2,12.00000018,Upper Delivery,Delivery,pitch.1,336401,-1.4486,-0.8224,-0.2564,-0.0884,-0.0304,-0.0012,0.0,0.0
1779816507262,2,Pitching Mound.Delivery,,Delivery,pitch.1,335605,1.9685,-11.5445,96.0598,-151.4555,166.1812,-2.6133,-0.1837,0.1382
1779816507262,2,Pitching Mound.Drive,,Delivery,pitch.1,336123,-0.0006,0.0003,0.0206,0.0149,-0.0691,0.0051,0.0,0.0
1779816507262,2,Pitching Mound.Parent,,Delivery,pitch.1,335312,1.968,-11.5442,96.0804,-151.4406,166.1121,-2.6082,-0.1837,0.1382
1779816507263,2,11.0000004b,Drive,Delivery,pitch.1,336124,-0.0006,0.0025,0.0206,0.0154,-0.0717,0.0052,0.0,0.0
1779816507263,2,12.00000015,Lower Delivery,Delivery,pitch.1,335846,3.4492,-10.674,96.3154,-184.1409,166.2483,-0.9639,-0.1832,-0.203
1779816507263,2,12.00000018,Upper Delivery,Delivery,pitch.1,336402,-1.5126,-0.8762,-0.2385,-0.0884,-0.0304,-0.0012,0.0,0.0
1779816507263,2,Pitching Mound.Delivery,,Delivery,pitch.1,335606,1.9366,-11.5502,96.0769,-151.401,166.2179,-2.6521,-0.1837,0.1382
1779816507263,2,Pitching Mound.Drive,,Delivery,pitch.1,336124,-0.0006,0.0025,0.0206,0.0154,-0.0717,0.0052,0.0,0.0
1779816507263,2,Pitching Mound.Parent,,Delivery,pitch.1,335313,1.9359,-11.5477,96.0975,-151.3856,166.1462,-2.6469,-0.1837,0.1382
1779816507264,2,11.0000004b,Drive,Delivery,pitch.1,336125,-0.0006,0.0015,0.0207,0.0156,-0.0699,0.0031,0.0,0.0
1779816507264,2,12.00000015,Lower Delivery,Delivery,pitch.1,335847,3.4722,-10.6416,96.4057,-184.2659,166.3816,-0.9189,-0.1832,-0.2029
1779816507264,2,12.00000018,Upper Delivery,Delivery,pitch.1,336403,-1.3915,-0.8269,-0.0861,-0.0884,-0.0304,-0.0012,0.0,0.0
1779816507264,2,Pitching Mound.Delivery,,Delivery,pitch.1,335607,2.0807,-11.4686,96.3196,-151.5471,166.3512,-2.5738,-0.1834,0.1375
1779816507264,2,Pitching Mound.Drive,,Delivery,pitch.1,336125,-0.0006,0.0015,0.0207,0.0156,-0.0699,0.0031,0.0,0.0
1779816507264,2,Pitching Mound.Parent,,Delivery,pitch.1,335314,2.0801,-11.467,96.3403,-151.5314,166.2813,-2.5707,-0.1833,0.1375
1779816507265,2,11.0000004b,Drive,Delivery,pitch.1,336126,0.0001,0.0013,0.0212,0.014,-0.0688,0.0055,0.0,0.0
1779816507265,2,12.00000015,Lower Delivery,Delivery,pitch.1,335848,3.5374,-10.6326,96.6136,-184.3784,166.5584,-0.9167,-0.183,-0.2026
1779816507265,2,12.00000018,Upper Delivery,Delivery,pitch.1,336404,-1.2137,-0.7417,0.2376,-0.0884,-0.0304,-0.0012,0.0,0.0
1779816507265,2,Pitching Mound.Delivery,,Delivery,pitch.1,335608,2.3237,-11.3743,96.8512,-151.699,166.528,-2.5333,-0.1826,0.1362
1779816507265,2,Pitching Mound.Drive,,Delivery,pitch.1,336126,0.0001,0.0013,0.0212,0.014,-0.0688,0.0055,0.0,0.0
1779816507265,2,Pitching Mound.Parent,,Delivery,pitch.1,335315,2.3238,-11.373,96.8724,-151.685,166.4593,-2.5278,-0.1825,0.1362
1779816507266,2,11.0000004b,Drive,Delivery,pitch.1,336127,-0.0006,0.0062,0.0211,0.0135,-0.0669,0.0035,0.0,0.0
1779816507266,2,12.00000015,Lower Delivery,Delivery,pitch.1,335849,3.5866,-10.6275,96.775,-184.4003,166.819,-0.8628,-0.183,-0.2023
1779816507266,2,12.00000018,Upper Delivery,Delivery,pitch.1,336405,-1.1427,-0.7171,0.1993,-0.0884,-0.0304,-0.0012,0.0,0.0
1779816507266,2,Pitching Mound.Delivery,,Delivery,pitch.1,335609,2.4439,-11.3447,96.9743,-151.6529,166.7886,-2.4719,-0.1826,0.1367
1779816507266,2,Pitching Mound.Drive,,Delivery,pitch.1,336127,-0.0006,0.0062,0.0211,0.0135,-0.0669,0.0035,0.0,0.0
1779816507266,2,Pitching Mound.Parent,,Delivery,pitch.1,335316,2.4432,-11.3385,96.9954,-151.6394,166.7218,-2.4685,-0.1826,0.1367
1779816507267,2,11.0000004b,Drive,Delivery,pitch.1,336128,0.0005,0.0005,0.0207,0.0116,-0.0614,0.0007,0.0,0.0
1779816507267,2,12.00000015,Lower Delivery,Delivery,pitch.1,335850,3.5955,-10.5997,96.7833,-184.4733,166.9324,-0.8225,-0.1831,-0.2024
1779816507267,2,Pitching Mound.Drive,,Delivery,pitch.1,336128,0.0005,0.0005,0.0207,0.0116,-0.0614,0.0007,0.0,0.0
1779816507268,2,11.0000004b,Drive,Delivery,pitch.1,336129,0.0001,0.0004,0.0217,0.0125,-0.0604,-0.0004,0.0,0.0
1779816507268,2,12.00000015,Lower Delivery,Delivery,pitch.1,335851,3.6664,-10.6338,97.1169,-184.5751,167.2122,-0.7296,-0.1828,-0.2018
1779816507268,2,12.00000018,Upper Delivery,Delivery,pitch.1,336406,-1.1124,-0.7228,0.2407,-0.0884,-0.0304,-0.0012,0.0,0.0
1779816507268,2,Pitching Mound.Delivery,,Delivery,pitch.1,335610,2.4832,-11.3225,97.0241,-151.7371,166.902,-2.4244,-0.1827,0.1365
1779816507268,2,Pitching Mound.Drive,,Delivery,pitch.1,336129,0.0001,0.0004,0.0217,0.0125,-0.0604,-0.0004,0.0,0.0
1779816507268,2,Pitching Mound.Parent,,Delivery,pitch.1,335317,2.4836,-11.3221,97.0448,-151.7255,166.8407,-2.4237,-0.1826,0.1364
1779816507269,2,11.0000004b,Drive,Delivery,pitch.1,336130,0.0001,0.0011,0.0215,0.0116,-0.0605,0.0007,0.0,0.0
1779816507269,2,12.00000015,Lower Delivery,Delivery,pitch.1,335852,3.7379,-10.6279,97.236,-184.6028,167.4244,-0.6823,-0.1828,-0.2016
1779816507269,2,12.00000018,Upper Delivery,Delivery,pitch.1,336407,-0.959,-0.6494,0.506,-0.0884,-0.0304,-0.0012,0.0,0.0
1779816507269,2,12.00000018,Upper Delivery,Delivery,pitch.1,336408,-0.8599,-0.6084,0.7916,-0.0884,-0.0304,-0.0012,0.0,0.0
1779816507269,2,Pitching Mound.Delivery,,Delivery,pitch.1,335611,2.7075,-11.2832,97.6229,-151.8158,167.1819,-2.3034,-0.1818,0.1358
1779816507269,2,Pitching Mound.Delivery,,Delivery,pitch.1,335612,2.878,-11.2363,98.0277,-151.9001,167.3941,-2.2468,-0.1813,0.1346
1779816507269,2,Pitching Mound.Drive,,Delivery,pitch.1,336130,0.0001,0.0011,0.0215,0.0116,-0.0605,0.0007,0.0,0.0
1779816507269,2,Pitching Mound.Parent,,Delivery,pitch.1,335318,2.7076,-11.2828,97.6446,-151.8033,167.1215,-2.3038,-0.1818,0.1357
1779816507269,2,Pitching Mound.Parent,,Delivery,pitch.1,335319,2.8781,-11.2352,98.0492,-151.8885,167.3336,-2.2461,-0.1813,0.1346
1779816507270,2,11.0000004b,Drive,Delivery,pitch.1,336131,-0.0004,0.0014,0.0217,0.014,-0.0582,-0.0022,0.0,0.0
1779816507270,2,12.00000015,Lower Delivery,Delivery,pitch.1,335853,3.7917,-10.5969,97.2459,-184.6699,167.7016,-0.6214,-0.1831,-0.2016
1779816507270,2,12.00000018,Upper Delivery,Delivery,pitch.1,336409,-0.7438,-0.5386,0.9283,-0.0884,-0.0304,-0.0012,0.0,0.0
1779816507270,2,Pitching Mound.Delivery,,Delivery,pitch.1,335613,3.0479,-11.1355,98.1741,-152.0103,167.6712,-2.1646,-0.1813,0.1339
1779816507270,2,Pitching Mound.Drive,,Delivery,pitch.1,336131,-0.0004,0.0014,0.0217,0.014,-0.0582,-0.0022,0.0,0.0
1779816507270,2,Pitching Mound.Parent,,Delivery,pitch.1,335320,3.0475,-11.1341,98.1959,-151.9963,167.613,-2.1669,-0.1813,0.1338
1779816507271,2,11.0000004b,Drive,Delivery,pitch.1,336132,-0.0001,0.0009,0.0208,0.0121,-0.0606,-0.0018,0.0,0.0
1779816507271,2,12.00000015,Lower Delivery,Delivery,pitch.1,335854,3.8315,-10.5851,97.3284,-184.6306,167.9285,-0.4938,-0.1832,-0.2014
1779816507271,2,12.00000018,Upper Delivery,Delivery,pitch.1,336410,-0.5495,-0.4628,1.1575,-0.0884,-0.0304,-0.0012,0.0,0.0
1779816507271,2,Pitching Mound.Delivery,,Delivery,pitch.1,335614,3.282,-11.0479,98.4859,-152.0209,167.8982,-1.9845,-0.181,0.133
1779816507271,2,Pitching Mound.Drive,,Delivery,pitch.1,336132,-0.0001,0.0009,0.0208,0.0121,-0.0606,-0.0018,0.0,0.0
1779816507271,2,Pitching Mound.Parent,,Delivery,pitch.1,335321,3.2819,-11.0469,98.5066,-152.0088,167.8376,-1.9863,-0.181,0.133
1779816507272,2,11.0000004b,Drive,Delivery,pitch.1,336133,-0.0003,0.0006,0.0213,0.0118,-0.0608,-0.0005,0.0,0.0
1779816507272,2,12.00000015,Lower Delivery,Delivery,pitch.1,335855,3.8818,-10.5682,97.2441,-184.7179,168.0282,-0.3342,-0.1834,-0.2017
1779816507272,2,12.00000018,Upper Delivery,Delivery,pitch.1,336411,-0.5587,-0.4651,0.9241,-0.0884,-0.0304,-0.0012,0.0,0.0
1779816507272,2,Pitching Mound.Delivery,,Delivery,pitch.1,335615,3.3231,-11.0333,98.1682,-152.0575,167.9978,-1.8452,-0.1817,0.1338
1779816507272,2,Pitching Mound.Drive,,Delivery,pitch.1,336133,-0.0003,0.0006,0.0213,0.0118,-0.0608,-0.0005,0.0,0.0
1779816507272,2,Pitching Mound.Parent,,Delivery,pitch.1,335322,3.3228,-11.0326,98.1895,-152.0457,167.937,-1.8457,-0.1817,0.1338
1779816507273,2,11.0000004b,Drive,Delivery,pitch.1,336134,-0.0004,-0.0003,0.0216,0.0129,-0.0629,-0.0001,0.0,0.0
1779816507273,2,12.00000015,Lower Delivery,Delivery,pitch.1,335856,3.9322,-10.54,97.2996,-184.9617,168.3747,-0.2532,-0.1837,-0.2018
1779816507273,2,12.00000018,Upper Delivery,Delivery,pitch.1,336412,-0.5939,-0.4777,0.9961,-0.0884,-0.0304,-0.0012,0.0,0.0
1779816507273,2,Pitching Mound.Delivery,,Delivery,pitch.1,335616,3.3383,-11.0177,98.2957,-152.3069,168.3443,-1.7933,-0.1819,0.1333
1779816507273,2,Pitching Mound.Drive,,Delivery,pitch.1,336134,-0.0004,-0.0003,0.0216,0.0129,-0.0629,-0.0001,0.0,0.0
1779816507273,2,Pitching Mound.Parent,,Delivery,pitch.1,335323,3.3378,-11.0181,98.3173,-152.2939,168.2814,-1.7934,-0.1818,0.1333
1779816507274,2,11.0000004b,Drive,Delivery,pitch.1,336135,0.0001,-0.0003,0.0213,0.0125,-0.063,0.0014,0.0,0.0
1779816507274,2,12.00000015,Lower Delivery,Delivery,pitch.1,335857,3.9707,-10.5053,97.318,-185.103,168.5509,-0.1106,-0.1839,-0.2019
1779816507274,2,12.00000018,Upper Delivery,Delivery,pitch.1,336413,-0.4002,-0.3645,1.5091,-0.0884,-0.0304,-0.0012,0.0,0.0
1779816507274,2,Pitching Mound.Delivery,,Delivery,pitch.1,335617,3.5704,-10.8698,98.8271,-152.6163,168.5205,-1.5979,-0.1811,0.1308
1779816507274,2,Pitching Mound.Drive,,Delivery,pitch.1,336135,0.0001,-0.0003,0.0213,0.0125,-0.063,0.0014,0.0,0.0
1779816507274,2,Pitching Mound.Parent,,Delivery,pitch.1,335324,3.5705,-10.8701,98.8484,-152.6038,168.4575,-1.5965,-0.181,0.1307
1779816507275,2,11.0000004b,Drive,Delivery,pitch.1,336136,-0.0007,0.0014,0.0222,0.0142,-0.0648,0.001,0.0,0.0
1779816507275,2,12.00000015,Lower Delivery,Delivery,pitch.1,335858,4.0328,-10.5125,97.447,-185.1759,168.8811,0.0688,-0.184,-0.2017
1779816507275,2,12.00000018,Upper Delivery,Delivery,pitch.1,336414,-0.3386,-0.3492,1.4734,-0.0884,-0.0304,-0.0012,0.0,0.0
1779816507275,2,Pitching Mound.Delivery,,Delivery,pitch.1,335618,3.6942,-10.8617,98.9204,-152.6332,168.8507,-1.4187,-0.1812,0.1311
1779816507275,2,Pitching Mound.Drive,,Delivery,pitch.1,336136,-0.0007,0.0014,0.0222,0.0142,-0.0648,0.001,0.0,0.0
1779816507275,2,Pitching Mound.Parent,,Delivery,pitch.1,335325,3.6935,-10.8602,98.9426,-152.6189,168.7859,-1.4176,-0.1812,0.1311
1779816507276,2,11.0000004b,Drive,Delivery,pitch.1,336137,-0.0007,0.0004,0.022,0.0142,-0.0633,0.003,0.0,0.0
1779816507276,2,12.00000015,Lower Delivery,Delivery,pitch.1,335859,4.0863,-10.5059,97.4844,-185.1728,169.1357,0.2399,-0.1842,-0.2017
1779816507276,2,12.00000018,Upper Delivery,Delivery,pitch.1,336415,-0.286,-0.3098,1.4232,-0.0884,-0.0304,-0.0012,0.0,0.0
1779816507276,2,Pitching Mound.Delivery,,Delivery,pitch.1,335619,3.8003,-10.8157,98.9076,-152.6003,169.1053,-1.2479,-0.1815,0.1315
1779816507276,2,Pitching Mound.Drive,,Delivery,pitch.1,336137,-0.0007,0.0004,0.022,0.0142,-0.0633,0.003,0.0,0.0
1779816507276,2,Pitching Mound.Parent,,Delivery,pitch.1,335326,3.7997,-10.8153,98.9296,-152.5861,169.042,-1.2449,-0.1815,0.1314
1779816507277,2,11.0000004b,Drive,Delivery,pitch.1,336138,-0.0007,0.0019,0.0223,0.0119,-0.0648,0.0056,0.0,0.0
1779816507277,2,12.00000015,Lower Delivery,Delivery,pitch.1,335860,4.1528,-10.4982,97.5712,-185.311,169.4773,0.3794,-0.1844,-0.2016
1779816507277,2,12.00000018,Upper Delivery,Delivery,pitch.1,336416,-0.1438,-0.2626,1.6718,-0.0884,-0.0304,-0.0012,0.0,0.0
1779816507277,2,Pitching Mound.Delivery,,Delivery,pitch.1,335620,4.009,-10.7608,99.243,-152.7936,169.4469,-1.0826,-0.1813,0.1303
1779816507277,2,Pitching Mound.Drive,,Delivery,pitch.1,336138,-0.0007,0.0019,0.0223,0.0119,-0.0648,0.0056,0.0,0.0
1779816507277,2,Pitching Mound.Parent,,Delivery,pitch.1,335327,4.0083,-10.759,99.2652,-152.7817,169.3821,-1.077,-0.1813,0.1303
1779816507278,2,11.0000004b,Drive,Delivery,pitch.1,336139,-0.0012,0.0033,0.0222,0.0132,-0.064,0.0099,0.0,0.0
1779816507278,2,12.00000015,Lower Delivery,Delivery,pitch.1,335861,4.2197,-10.4986,97.7361,-185.2411,169.5748,0.5503,-0.1842,-0.2012
1779816507278,2,12.00000018,Upper Delivery,Delivery,pitch.1,336417,-0.1736,-0.2614,1.7897,-0.0884,-0.0304,-0.0012,0.0,0.0
1779816507278,2,Pitching Mound.Delivery,,Delivery,pitch.1,335621,4.046,-10.76,99.5258,-152.7077,169.5444,-0.9446,-0.1809,0.1302
1779816507278,2,Pitching Mound.Drive,,Delivery,pitch.1,336139,-0.0012,0.0033,0.0222,0.0132,-0.064,0.0099,0.0,0.0
1779816507278,2,Pitching Mound.Parent,,Delivery,pitch.1,335328,4.0448,-10.7567,99.548,-152.6944,169.4804,-0.9347,-0.1808,0.1301
1779816507279,2,11.0000004b,Drive,Delivery,pitch.1,336140,-0.0004,0.0014,0.0217,0.0106,-0.0649,0.0115,0.0,0.0
1779816507279,2,12.00000015,Lower Delivery,Delivery,pitch.1,335862,4.3016,-10.49,97.7026,-185.1159,169.6969,0.7398,-0.1844,-0.2011
1779816507279,2,12.00000018,Upper Delivery,Delivery,pitch.1,336418,-0.2531,-0.3103,1.2188,-0.0884,-0.0304,-0.0012,0.0,0.0
1779816507279,2,Pitching Mound.Delivery,,Delivery,pitch.1,335622,4.0485,-10.8002,98.9215,-152.3997,169.6665,-0.81,-0.1821,0.133
1779816507279,2,Pitching Mound.Drive,,Delivery,pitch.1,336140,-0.0004,0.0014,0.0217,0.0106,-0.0649,0.0115,0.0,0.0
1779816507279,2,Pitching Mound.Parent,,Delivery,pitch.1,335329,4.0481,-10.7988,98.9432,-152.3892,169.6016,-0.7985,-0.1821,0.1329
1779816507280,2,11.0000004b,Drive,Delivery,pitch.1,336141,0.0,0.0005,0.0216,0.0104,-0.0645,0.0137,0.0,0.0
1779816507280,2,12.00000015,Lower Delivery,Delivery,pitch.1,335863,4.361,-10.4699,97.8422,-185.2602,170.2149,0.9041,-0.1847,-0.201
1779816507280,2,12.00000018,Upper Delivery,Delivery,pitch.1,336419,-0.216,-0.2973,1.2326,-0.0884,-0.0304,-0.0012,0.0,0.0
1779816507280,2,Pitching Mound.Delivery,,Delivery,pitch.1,335623,4.145,-10.7673,99.0748,-152.5013,170.1845,-0.6533,-0.1824,0.133
1779816507280,2,Pitching Mound.Drive,,Delivery,pitch.1,336141,0.0,0.0005,0.0216,0.0104,-0.0645,0.0137,0.0,0.0
1779816507280,2,Pitching Mound.Parent,,Delivery,pitch.1,335330,4.145,-10.7668,99.0963,-152.4909,170.12,-0.6396,-0.1824,0.133
1779816507281,2,11.0000004b,Drive,Delivery,pitch.1,336142,0.0003,0.0002,0.0222,0.0137,-0.063,0.0133,0.0,0.0
1779816507281,2,12.00000015,Lower Delivery,Delivery,pitch.1,335864,4.4226,-10.4909,98.0405,-185.1328,170.2032,1.0829,-0.1843,-0.2005
1779816507281,2,12.00000018,Upper Delivery,Delivery,pitch.1,336420,-0.3205,-0.3496,0.8575,-0.0884,-0.0304,-0.0012,0.0,0.0
1779816507281,2,Pitching Mound.Delivery,,Delivery,pitch.1,335624,4.1021,-10.8405,98.898,-152.179,170.1728,-0.5309,-0.1827,0.1354
1779816507281,2,Pitching Mound.Drive,,Delivery,pitch.1,336142,0.0003,0.0002,0.0222,0.0137,-0.063,0.0133,0.0,0.0
1779816507281,2,Pitching Mound.Parent,,Delivery,pitch.1,335331,4.1024,-10.8403,98.9202,-152.1652,170.1099,-0.5176,-0.1827,0.1353
1779816507282,2,11.0000004b,Drive,Delivery,pitch.1,336143,0.0022,0.0007,0.0234,0.0123,-0.0632,0.0152,0.0,0.0
1779816507282,2,12.00000015,Lower Delivery,Delivery,pitch.1,335865,4.4911,-10.4875,98.1388,-185.1886,170.2321,1.2542,-0.1842,-0.2003
1779816507282,2,12.00000018,Upper Delivery,Delivery,pitch.1,336421,-0.4441,-0.4079,0.5333,-0.0884,-0.0304,-0.0012,0.0,0.0
1779816507282,2,Pitching Mound.Delivery,,Delivery,pitch.1,335625,4.0469,-10.8953,98.6721,-152.0911,170.2017,-0.4249,-0.1832,0.1371
1779816507282,2,Pitching Mound.Drive,,Delivery,pitch.1,336143,0.0022,0.0007,0.0234,0.0123,-0.0632,0.0152,0.0,0.0
1779816507282,2,Pitching Mound.Parent,,Delivery,pitch.1,335332,4.0491,-10.8947,98.6955,-152.0788,170.1385,-0.4097,-0.1831,0.137
1779816507283,2,11.0000004b,Drive,Delivery,pitch.1,336144,0.0016,0.0021,0.0236,0.0105,-0.0633,0.0114,0.0,0.0
1779816507283,2,12.00000015,Lower Delivery,Delivery,pitch.1,335866,4.5746,-10.4685,98.2634,-185.2245,170.6883,1.4519,-0.1844,-0.2001
1779816507283,2,12.00000018,Upper Delivery,Delivery,pitch.1,336422,-0.4537,-0.4208,0.5175,-0.0884,-0.0304,-0.0012,0.0,0.0
1779816507283,2,Pitching Mound.Delivery,,Delivery,pitch.1,335626,4.1209,-10.8893,98.7809,-152.0792,170.6579,-0.2589,-0.1834,0.1374
1779816507283,2,Pitching Mound.Drive,,Delivery,pitch.1,336144,0.0016,0.0021,0.0236,0.0105,-0.0633,0.0114,0.0,0.0
1779816507283,2,Pitching Mound.Parent,,Delivery,pitch.1,335333,4.1225,-10.8871,98.8045,-152.0687,170.5946,-0.2475,-0.1834,0.1373
1779816507284,2,11.0000004b,Drive,Delivery,pitch.1,336145,0.0018,0.0022,0.0234,0.0106,-0.0631,0.0125,0.0,0.0
1779816507284,2,12.00000015,Lower Delivery,Delivery,pitch.1,335867,4.6239,-10.4539,98.3022,-185.0981,170.8767,1.6627,-0.1845,-0.1999
1779816507284,2,12.00000018,Upper Delivery,Delivery,pitch.1,336423,-0.472,-0.4441,0.3332,-0.0884,-0.0304,-0.0012,0.0,0.0
1779816507284,2,Pitching Mound.Delivery,,Delivery,pitch.1,335627,4.1519,-10.898,98.6354,-151.877,170.8464,-0.0711,-0.1839,0.1385
1779816507284,2,Pitching Mound.Drive,,Delivery,pitch.1,336145,0.0018,0.0022,0.0234,0.0106,-0.0631,0.0125,0.0,0.0
1779816507284,2,Pitching Mound.Parent,,Delivery,pitch.1,335334,4.1537,-10.8958,98.6588,-151.8664,170.7832,-0.0585,-0.1839,0.1384
1779816507285,2,11.0000004b,Drive,Delivery,pitch.1,336146,-0.0006,0.0008,0.023,0.0114,-0.0647,0.0088,0.0,0.0
1779816507285,2,12.00000015,Lower Delivery,Delivery,pitch.1,335868,4.6987,-10.4502,98.4755,-185.1754,171.1519,1.8796,-0.1845,-0.1996
1779816507285,2,12.00000018,Upper Delivery,Delivery,pitch.1,336424,-0.4955,-0.461,0.1517,-0.0884,-0.0304,-0.0012,0.0,0.0
1779816507285,2,Pitching Mound.Delivery,,Delivery,pitch.1,335628,4.2031,-10.9112,98.6272,-151.8337,171.1215,0.1124,-0.1842,0.1396
1779816507285,2,Pitching Mound.Drive,,Delivery,pitch.1,336146,-0.0006,0.0008,0.023,0.0114,-0.0647,0.0088,0.0,0.0
1779816507285,2,Pitching Mound.Parent,,Delivery,pitch.1,335335,4.2025,-10.9104,98.6502,-151.8223,171.0568,0.1212,-0.1842,0.1396
1779816507286,2,11.0000004b,Drive,Delivery,pitch.1,336147,-0.0001,0.0005,0.0234,0.0108,-0.0637,0.0095,0.0,0.0
1779816507286,2,12.00000015,Lower Delivery,Delivery,pitch.1,335869,4.774,-10.452,98.6547,-185.4842,171.6468,2.0708,-0.1847,-0.1996
1779816507286,2,12.00000018,Upper Delivery,Delivery,pitch.1,336425,-0.5637,-0.4834,0.2616,-0.0884,-0.0304,-0.0012,0.0,0.0
1779816507286,2,Pitching Mound.Delivery,,Delivery,pitch.1,335629,4.2103,-10.9355,98.9163,-152.1189,171.6164,0.2548,-0.1842,0.1391
1779816507286,2,Pitching Mound.Drive,,Delivery,pitch.1,336147,-0.0001,0.0005,0.0234,0.0108,-0.0637,0.0095,0.0,0.0
1779816507286,2,Pitching Mound.Parent,,Delivery,pitch.1,335336,4.2102,-10.935,98.9397,-152.1082,171.5527,0.2643,-0.1842,0.1391
1779816507287,2,11.0000004b,Drive,Delivery,pitch.1,336148,-0.0006,0.0,0.0224,0.0111,-0.0637,0.0072,0.0,0.0
1779816507287,2,12.00000015,Lower Delivery,Delivery,pitch.1,335870,4.8403,-10.3894,98.649,-185.7106,171.9191,2.2843,-0.185,-0.1999
1779816507287,2,12.00000018,Upper Delivery,Delivery,pitch.1,336426,-0.6315,-0.5365,0.2691,-0.0884,-0.0304,-0.0012,0.0,0.0
1779816507287,2,Pitching Mound.Delivery,,Delivery,pitch.1,335630,4.2088,-10.9259,98.9181,-152.3498,171.8887,0.4227,-0.1845,0.1388
1779816507287,2,Pitching Mound.Drive,,Delivery,pitch.1,336148,-0.0006,0.0,0.0224,0.0111,-0.0637,0.0072,0.0,0.0
1779816507287,2,Pitching Mound.Parent,,Delivery,pitch.1,335337,4.2082,-10.9259,98.9405,-152.3387,171.825,0.4299,-0.1845,0.1388
1779816507288,2,11.0000004b,Drive,Delivery,pitch.1,336149,-0.0003,-0.0005,0.0221,0.0121,-0.0632,0.0036,0.0,0.0
1779816507288,2,12.00000015,Lower Delivery,Delivery,pitch.1,335871,4.9291,-10.394,98.7608,-185.9577,172.2714,2.4901,-0.1852,-0.1999
1779816507288,2,12.00000018,Upper Delivery,Delivery,pitch.1,336427,-0.6781,-0.5493,0.3438,-0.0884,-0.0304,-0.0012,0.0,0.0
1779816507288,2,Pitching Mound.Delivery,,Delivery,pitch.1,335631,4.251,-10.9434,99.1046,-152.5842,172.241,0.5825,-0.1845,0.1384
1779816507288,2,Pitching Mound.Drive,,Delivery,pitch.1,336149,-0.0003,-0.0005,0.0221,0.0121,-0.0632,0.0036,0.0,0.0
1779816507288,2,Pitching Mound.Parent,,Delivery,pitch.1,335338,4.2507,-10.9439,99.1267,-152.5721,172.1778,0.5861,-0.1845,0.1384
1779816507289,2,11.0000004b,Drive,Delivery,pitch.1,336150,-0.0003,-0.0007,0.0215,0.0121,-0.0615,0.0028,0.0,0.0
1779816507289,2,12.00000015,Lower Delivery,Delivery,pitch.1,335872,4.9946,-10.3849,98.9657,-186.1845,172.8285,2.7458,-0.1854,-0.1997
1779816507289,2,12.00000018,Upper Delivery,Delivery,pitch.1,336428,-0.7667,-0.5835,0.4192,-0.0884,-0.0304,-0.0012,0.0,0.0
1779816507289,2,Pitching Mound.Delivery,,Delivery,pitch.1,335632,4.2279,-10.9685,99.3848,-152.7671,172.7982,0.7858,-0.1846,0.1383
1779816507289,2,Pitching Mound.Drive,,Delivery,pitch.1,336150,-0.0003,-0.0007,0.0215,0.0121,-0.0615,0.0028,0.0,0.0
1779816507289,2,Pitching Mound.Parent,,Delivery,pitch.1,335339,4.2275,-10.9692,99.4063,-152.7549,172.7366,0.7886,-0.1846,0.1382
1779816507290,2,11.0000004b,Drive,Delivery,pitch.1,336151,-0.0002,-0.0009,0.0214,0.0133,-0.0624,0.0009,0.0,0.0
1779816507290,2,12.00000015,Lower Delivery,Delivery,pitch.1,335873,5.0865,-10.3856,99.1147,-186.326,173.2515,2.9626,-0.1856,-0.1996
1779816507290,2,12.00000018,Upper Delivery,Delivery,pitch.1,336429,-0.7819,-0.5684,0.5882,-0.0884,-0.0304,-0.0012,0.0,0.0
1779816507290,2,Pitching Mound.Delivery,,Delivery,pitch.1,335633,4.3047,-10.954,99.7029,-152.9153,173.2211,0.9662,-0.1845,0.1376
1779816507290,2,Pitching Mound.Drive,,Delivery,pitch.1,336151,-0.0002,-0.0009,0.0214,0.0133,-0.0624,0.0009,0.0,0.0
1779816507290,2,Pitching Mound.Parent,,Delivery,pitch.1,335340,4.3045,-10.9549,99.7243,-152.902,173.1587,0.9671,-0.1844,0.1376
1779816507291,2,11.0000004b,Drive,Delivery,pitch.1,336152,-0.0003,-0.0012,0.0213,0.0162,-0.06,-0.0002,0.0,0.0
1779816507291,2,12.00000015,Lower Delivery,Delivery,pitch.1,335874,5.1784,-10.4156,99.2084,-186.4732,173.4352,3.1854,-0.1856,-0.1995
1779816507291,2,12.00000018,Upper Delivery,Delivery,pitch.1,336430,-0.8073,-0.5899,0.5369,-0.0884,-0.0304,-0.0012,0.0,0.0
1779816507291,2,Pitching Mound.Delivery,,Delivery,pitch.1,335634,4.371,-11.0056,99.7453,-153.0132,173.4048,1.149,-0.1846,0.1379
1779816507291,2,Pitching Mound.Drive,,Delivery,pitch.1,336152,-0.0003,-0.0012,0.0213,0.0162,-0.06,-0.0002,0.0,0.0
1779816507291,2,Pitching Mound.Parent,,Delivery,pitch.1,335341,4.3708,-11.0068,99.7666,-152.9971,173.3448,1.1488,-0.1846,0.1378
1779816507292,2,11.0000004b,Drive,Delivery,pitch.1,336153,-0.0001,-0.0014,0.0203,0.0133,-0.0607,-0.0007,0.0,0.0
1779816507292,2,12.00000015,Lower Delivery,Delivery,pitch.1,335875,5.2755,-10.4097,99.2795,-186.5626,173.8622,3.3581,-0.1859,-0.1995
1779816507292,2,12.00000018,Upper Delivery,Delivery,pitch.1,336431,-0.676,-0.5326,0.5411,-0.0884,-0.0304,-0.0012,0.0,0.0
1779816507292,2,Pitching Mound.Delivery,,Delivery,pitch.1,335635,4.5995,-10.9423,99.8206,-153.0799,173.8319,1.3334,-0.1849,0.1379
1779816507292,2,Pitching Mound.Drive,,Delivery,pitch.1,336153,-0.0001,-0.0014,0.0203,0.0133,-0.0607,-0.0007,0.0,0.0
1779816507292,2,Pitching Mound.Parent,,Delivery,pitch.1,335342,4.5994,-10.9438,99.8409,-153.0666,173.7712,1.3327,-0.1849,0.1379
1779816507293,2,11.0000004b,Drive,Delivery,pitch.1,336154,-0.0001,-0.0014,0.0202,0.0152,-0.0598,0.0006,0.0,0.0
1779816507293,2,12.00000015,Lower Delivery,Delivery,pitch.1,335876,5.331,-10.379,99.2825,-186.6305,174.0636,3.5121,-0.1861,-0.1996
1779816507293,2,12.00000018,Upper Delivery,Delivery,pitch.1,336432,-0.7459,-0.5473,0.5694,-0.0884,-0.0304,-0.0012,0.0,0.0
1779816507293,2,Pitching Mound.Delivery,,Delivery,pitch.1,335636,4.5852,-10.9263,99.8519,-153.1565,174.0333,1.4448,-0.1851,0.1377
1779816507293,2,Pitching Mound.Drive,,Delivery,pitch.1,336154,-0.0001,-0.0014,0.0202,0.0152,-0.0598,0.0006,0.0,0.0
1779816507293,2,Pitching Mound.Parent,,Delivery,pitch.1,335343,4.5851,-10.9277,99.8721,-153.1412,173.9735,1.4454,-0.185,0.1377
1779816507294,2,11.0000004b,Drive,Delivery,pitch.1,336155,0.0,-0.0012,0.0195,0.0151,-0.0581,0.0002,0.0,0.0
1779816507294,2,12.00000015,Lower Delivery,Delivery,pitch.1,335877,5.4341,-10.4162,99.3874,-186.7586,174.4986,3.6553,-0.1864,-0.1995
1779816507294,2,12.00000018,Upper Delivery,Delivery,pitch.1,336433,-0.561,-0.4605,0.5516,-0.0884,-0.0304,-0.0012,0.0,0.0
1779816507294,2,Pitching Mound.Delivery,,Delivery,pitch.1,335637,4.8731,-10.8767,99.939,-153.2428,174.4682,1.6157,-0.1854,0.1379
1779816507294,2,Pitching Mound.Drive,,Delivery,pitch.1,336155,0.0,-0.0012,0.0195,0.0151,-0.0581,0.0002,0.0,0.0
1779816507294,2,Pitching Mound.Parent,,Delivery,pitch.1,335344,4.8731,-10.8779,99.9585,-153.2278,174.4102,1.6159,-0.1853,0.1378
1779816507295,2,11.0000004b,Drive,Delivery,pitch.1,336156,0.0005,-0.0014,0.0194,0.0131,-0.0595,-0.0016,0.0,0.0
1779816507295,2,12.00000015,Lower Delivery,Delivery,pitch.1,335878,5.5158,-10.4163,99.4154,-186.854,174.8226,3.8291,-0.1867,-0.1995
1779816507295,2,12.00000018,Upper Delivery,Delivery,pitch.1,336434,-0.5973,-0.4844,0.5836,-0.0884,-0.0304,-0.0012,0.0,0.0
1779816507295,2,Pitching Mound.Delivery,,Delivery,pitch.1,335638,4.9186,-10.9006,99.999,-153.3395,174.7923,1.7494,-0.1856,0.1377
1779816507295,2,Pitching Mound.Drive,,Delivery,pitch.1,336156,0.0005,-0.0014,0.0194,0.0131,-0.0595,-0.0016,0.0,0.0
1779816507295,2,Pitching Mound.Parent,,Delivery,pitch.1,335345,4.9191,-10.902,100.0184,-153.3264,174.7328,1.7478,-0.1856,0.1376
1779816507296,2,11.0000004b,Drive,Delivery,pitch.1,336157,0.0007,-0.0014,0.0188,0.0113,-0.059,0.0001,0.0,0.0
1779816507296,2,12.00000015,Lower Delivery,Delivery,pitch.1,335879,5.5854,-10.4417,99.6327,-186.9281,175.0754,3.9675,-0.1865,-0.1992
1779816507296,2,12.00000018,Upper Delivery,Delivery,pitch.1,336435,-0.4741,-0.4132,0.6994,-0.0884,-0.0304,-0.0012,0.0,0.0
1779816507296,2,Pitching Mound.Delivery,,Delivery,pitch.1,335639,5.1113,-10.8549,100.3321,-153.3791,175.0451,1.9061,-0.1852,0.1375
1779816507296,2,Pitching Mound.Drive,,Delivery,pitch.1,336157,0.0007,-0.0014,0.0188,0.0113,-0.059,0.0001,0.0,0.0
1779816507296,2,Pitching Mound.Parent,,Delivery,pitch.1,335346,5.112,-10.8563,100.351,-153.3679,174.9861,1.9062,-0.1852,0.1374
1779816507297,2,11.0000004b,Drive,Delivery,pitch.1,336158,0.0004,-0.0017,0.0207,0.0174,-0.0573,0.0012,0.0,0.0
1779816507297,2,12.00000015,Lower Delivery,Delivery,pitch.1,335880,5.6482,-10.4649,99.7741,-186.978,175.1972,4.0825,-0.1864,-0.199
1779816507297,2,12.00000018,Upper Delivery,Delivery,pitch.1,336436,-0.5471,-0.4251,0.6974,-0.0884,-0.0304,-0.0012,0.0,0.0
1779816507297,2,Pitching Mound.Delivery,,Delivery,pitch.1,335640,5.1011,-10.89,100.4715,-153.3803,175.1668,1.9749,-0.1851,0.1377
1779816507297,2,Pitching Mound.Drive,,Delivery,pitch.1,336158,0.0004,-0.0017,0.0207,0.0174,-0.0573,0.0012,0.0,0.0
1779816507297,2,Pitching Mound.Parent,,Delivery,pitch.1,335347,5.1015,-10.8917,100.4922,-153.3629,175.1095,1.9761,-0.1851,0.1377
1779816507298,2,11.0000004b,Drive,Delivery,pitch.1,336159,0.0003,-0.0017,0.0211,0.0152,-0.0578,0.0021,0.0,0.0
1779816507298,2,12.00000015,Lower Delivery,Delivery,pitch.1,335881,5.7219,-10.4561,99.9223,-187.1006,175.5927,4.2681,-0.1866,-0.1988
1779816507298,2,12.00000018,Upper Delivery,Delivery,pitch.1,336437,-0.3486,-0.3059,0.818,-0.0884,-0.0304,-0.0012,0.0,0.0
1779816507298,2,Pitching Mound.Delivery,,Delivery,pitch.1,335641,5.3734,-10.762,100.7403,-153.4935,175.5624,2.2029,-0.185,0.1373
1779816507298,2,Pitching Mound.Drive,,Delivery,pitch.1,336159,0.0003,-0.0017,0.0211,0.0152,-0.0578,0.0021,0.0,0.0
1779816507298,2,Pitching Mound.Parent,,Delivery,pitch.1,335348,5.3737,-10.7637,100.7614,-153.4784,175.5046,2.2051,-0.185,0.1373
1779816507299,2,11.0000004b,Drive,Delivery,pitch.1,336160,0.0,-0.0019,0.0209,0.0133,-0.0588,0.0007,0.0,0.0
1779816507299,2,12.00000015,Lower Delivery,Delivery,pitch.1,335882,5.7705,-10.4434,100.084,-187.2214,175.8363,4.3737,-0.1865,-0.1986
1779816507299,2,12.00000018,Upper Delivery,Delivery,pitch.1,336438,-0.4736,-0.366,0.7422,-0.0884,-0.0304,-0.0012,0.0,0.0
1779816507299,2,Pitching Mound.Delivery,,Delivery,pitch.1,335642,5.297,-10.8094,100.8263,-153.5336,175.8059,2.2495,-0.1851,0.1379
1779816507299,2,Pitching Mound.Drive,,Delivery,pitch.1,336160,0.0,-0.0019,0.0209,0.0133,-0.0588,0.0007,0.0,0.0
1779816507299,2,Pitching Mound.Parent,,Delivery,pitch.1,335349,5.297,-10.8113,100.8472,-153.5203,175.7471,2.2503,-0.1851,0.1378
1779816507300,2,11.0000004b,Drive,Delivery,pitch.1,336161,-0.0001,-0.0007,0.0207,0.0096,-0.0576,0.0025,0.0,0.0
1779816507300,2,12.00000015,Lower Delivery,Delivery,pitch.1,335883,5.8342,-10.439,100.2576,-187.2933,176.1125,4.474,-0.1865,-0.1983
1779816507300,2,12.00000018,Upper Delivery,Delivery,pitch.1,336439,-0.4574,-0.365,0.8279,-0.0884,-0.0304,-0.0012,0.0,0.0
1779816507300,2,Pitching Mound.Delivery,,Delivery,pitch.1,335643,5.3769,-10.804,101.0855,-153.5756,176.0821,2.3337,-0.185,0.1377
1779816507300,2,Pitching Mound.Drive,,Delivery,pitch.1,336161,-0.0001,-0.0007,0.0207,0.0096,-0.0576,0.0025,0.0,0.0
1779816507300,2,Pitching Mound.Parent,,Delivery,pitch.1,335350,5.3768,-10.8046,101.1062,-153.566,176.0245,2.3362,-0.1849,0.1377
1779816507301,2,11.0000004b,Drive,Delivery,pitch.1,336162,-0.0003,-0.0004,0.0213,0.0096,-0.0576,0.0048,0.0,0.0
1779816507301,2,12.00000015,Lower Delivery,Delivery,pitch.1,335884,5.8825,-10.4081,100.3471,-187.4561,176.7089,4.6003,-0.187,-0.1983
1779816507301,2,12.00000018,Upper Delivery,Delivery,pitch.1,336440,-0.3364,-0.3139,0.9618,-0.0884,-0.0304,-0.0012,0.0,0.0
1779816507301,2,Pitching Mound.Delivery,,Delivery,pitch.1,335644,5.5461,-10.722,101.3089,-153.7534,176.6785,2.4847,-0.1852,0.1371
1779816507301,2,Pitching Mound.Drive,,Delivery,pitch.1,336162,-0.0003,-0.0004,0.0213,0.0096,-0.0576,0.0048,0.0,0.0
1779816507301,2,Pitching Mound.Parent,,Delivery,pitch.1,335351,5.5458,-10.7224,101.3302,-153.7438,176.621,2.4894,-0.1851,0.1371
1779816507302,2,11.0000004b,Drive,Delivery,pitch.1,336163,-0.0006,0.0006,0.0214,0.0101,-0.0584,0.0048,0.0,0.0
1779816507302,2,12.00000015,Lower Delivery,Delivery,pitch.1,335885,5.9086,-10.3642,100.36,-187.5784,176.8044,4.6927,-0.187,-0.1984
1779816507302,2,12.00000018,Upper Delivery,Delivery,pitch.1,336441,-0.4344,-0.364,0.8702,-0.0884,-0.0304,-0.0012,0.0,0.0
1779816507302,2,Pitching Mound.Delivery,,Delivery,pitch.1,335645,5.4742,-10.7282,101.2301,-153.8402,176.7741,2.5349,-0.1854,0.1374
1779816507302,2,Pitching Mound.Drive,,Delivery,pitch.1,336163,-0.0006,0.0006,0.0214,0.0101,-0.0584,0.0048,0.0,0.0
1779816507302,2,Pitching Mound.Parent,,Delivery,pitch.1,335352,5.4736,-10.7276,101.2516,-153.8301,176.7157,2.5397,-0.1854,0.1374
1779816507303,2,11.0000004b,Drive,Delivery,pitch.1,336164,-0.0004,0.0008,0.0213,0.0105,-0.0575,0.0054,0.0,0.0
1779816507303,2,12.00000015,Lower Delivery,Delivery,pitch.1,335886,5.925,-10.353,100.5967,-187.6764,177.048,4.785,-0.1868,-0.1981
1779816507303,2,12.00000018,Upper Delivery,Delivery,pitch.1,336442,-0.5728,-0.4228,0.7617,-0.0884,-0.0304,-0.0012,0.0,0.0
1779816507303,2,Pitching Mound.Delivery,,Delivery,pitch.1,335646,5.3522,-10.7758,101.3583,-153.8209,177.0177,2.5746,-0.1854,0.1383
1779816507303,2,Pitching Mound.Drive,,Delivery,pitch.1,336164,-0.0004,0.0008,0.0213,0.0105,-0.0575,0.0054,0.0,0.0
1779816507303,2,Pitching Mound.Parent,,Delivery,pitch.1,335353,5.3518,-10.775,101.3796,-153.8104,176.9602,2.5799,-0.1854,0.1383
1779816507304,2,11.0000004b,Drive,Delivery,pitch.1,336165,-0.0005,0.0007,0.0211,0.0097,-0.0576,0.0027,0.0,0.0
1779816507304,2,12.00000015,Lower Delivery,Delivery,pitch.1,335887,5.9575,-10.3175,100.6247,-187.7695,177.3392,4.8983,-0.1871,-0.1981
1779816507304,2,12.00000018,Upper Delivery,Delivery,pitch.1,336443,-0.4462,-0.3877,0.7814,-0.0884,-0.0304,-0.0012,0.0,0.0
1779816507304,2,Pitching Mound.Delivery,,Delivery,pitch.1,335647,5.5114,-10.7052,101.4061,-153.9111,177.3088,2.7199,-0.1857,0.1382
1779816507304,2,Pitching Mound.Drive,,Delivery,pitch.1,336165,-0.0005,0.0007,0.0211,0.0097,-0.0576,0.0027,0.0,0.0
1779816507304,2,Pitching Mound.Parent,,Delivery,pitch.1,335354,5.5109,-10.7045,101.4272,-153.9014,177.2513,2.7226,-0.1856,0.1382
1779816507305,2,11.0000004b,Drive,Delivery,pitch.1,336166,-0.0001,0.0,0.0201,0.0109,-0.059,0.006,0.0,0.0
1779816507305,2,12.00000015,Lower Delivery,Delivery,pitch.1,335888,5.992,-10.2963,100.8064,-187.9316,177.6522,4.9854,-0.1871,-0.1979
1779816507305,2,12.00000018,Upper Delivery,Delivery,pitch.1,336444,-0.4563,-0.3695,0.8287,-0.0884,-0.0304,-0.0012,0.0,0.0
1779816507305,2,Pitching Mound.Delivery,,Delivery,pitch.1,335648,5.5357,-10.6659,101.6351,-154.0275,177.6218,2.7918,-0.1856,0.1382
1779816507305,2,Pitching Mound.Drive,,Delivery,pitch.1,336166,-0.0001,0.0,0.0201,0.0109,-0.059,0.006,0.0,0.0
1779816507305,2,Pitching Mound.Parent,,Delivery,pitch.1,335355,5.5356,-10.6658,101.6552,-154.0167,177.5628,2.7978,-0.1855,0.1381
1779816507306,2,11.0000004b,Drive,Delivery,pitch.1,336167,-0.0013,-0.0001,0.0237,0.0122,-0.0585,0.007,0.0,0.0
1779816507306,2,12.00000015,Lower Delivery,Delivery,pitch.1,335889,6.0136,-10.2588,100.9087,-187.883,178.0859,5.0561,-0.1874,-0.1977
1779816507306,2,12.00000018,Upper Delivery,Delivery,pitch.1,336445,-0.537,-0.4075,0.7368,-0.0884,-0.0304,-0.0012,0.0,0.0
1779816507306,2,Pitching Mound.Delivery,,Delivery,pitch.1,335649,5.4766,-10.6663,101.6455,-153.9129,178.0556,2.8277,-0.186,0.1388
1779816507306,2,Pitching Mound.Drive,,Delivery,pitch.1,336167,-0.0013,-0.0001,0.0237,0.0122,-0.0585,0.007,0.0,0.0
1779816507306,2,Pitching Mound.Parent,,Delivery,pitch.1,335356,5.4753,-10.6664,101.6692,-153.9007,177.9971,2.8347,-0.186,0.1388
1779816507307,2,11.0000004b,Drive,Delivery,pitch.1,336168,-0.0005,-0.0001,0.022,0.0132,-0.0605,0.0041,0.0,0.0
1779816507307,2,12.00000015,Lower Delivery,Delivery,pitch.1,335890,6.0483,-10.2355,100.9471,-187.8567,178.4067,5.1408,-0.1876,-0.1976
1779816507307,2,12.00000018,Upper Delivery,Delivery,pitch.1,336446,-0.4503,-0.3745,0.8872,-0.0884,-0.0304,-0.0012,0.0,0.0
1779816507307,2,Pitching Mound.Delivery,,Delivery,pitch.1,335650,5.598,-10.61,101.8343,-153.9247,178.3763,2.9301,-0.186,0.1382
1779816507307,2,Pitching Mound.Drive,,Delivery,pitch.1,336168,-0.0005,-0.0001,0.022,0.0132,-0.0605,0.0041,0.0,0.0
1779816507307,2,Pitching Mound.Parent,,Delivery,pitch.1,335357,5.5975,-10.6102,101.8563,-153.9115,178.3158,2.9341,-0.1859,0.1382
1779816507308,2,11.0000004b,Drive,Delivery,pitch.1,336169,-0.0003,-0.0007,0.0217,0.0127,-0.0633,0.0041,0.0,0.0
1779816507308,2,12.00000015,Lower Delivery,Delivery,pitch.1,335891,6.0626,-10.2353,101.1462,-187.9864,178.6297,5.1964,-0.1875,-0.1973
1779816507308,2,12.00000018,Upper Delivery,Delivery,pitch.1,336447,-0.4047,-0.3536,0.9889,-0.0884,-0.0304,-0.0012,0.0,0.0
1779816507308,2,Pitching Mound.Delivery,,Delivery,pitch.1,335651,5.6579,-10.5888,102.1351,-154.0213,178.5993,2.9964,-0.1857,0.138
1779816507308,2,Pitching Mound.Drive,,Delivery,pitch.1,336169,-0.0003,-0.0007,0.0217,0.0127,-0.0633,0.0041,0.0,0.0
1779816507308,2,Pitching Mound.Parent,,Delivery,pitch.1,335358,5.6576,-10.5895,102.1569,-154.0086,178.5361,3.0004,-0.1856,0.138
1779816507309,2,11.0000004b,Drive,Delivery,pitch.1,336170,-0.0008,-0.0004,0.0222,0.0125,-0.0634,0.0061,0.0,0.0
1779816507309,2,12.00000015,Lower Delivery,Delivery,pitch.1,335892,6.0747,-10.2556,101.405,-187.8909,178.9248,5.2252,-0.1873,-0.1967
1779816507309,2,12.00000018,Upper Delivery,Delivery,pitch.1,336448,-0.4066,-0.3768,0.8873,-0.0884,-0.0304,-0.0012,0.0,0.0
1779816507309,2,Pitching Mound.Delivery,,Delivery,pitch.1,335652,5.6681,-10.6324,102.2923,-153.8033,178.8944,3.0203,-0.1857,0.1391
1779816507309,2,Pitching Mound.Drive,,Delivery,pitch.1,336170,-0.0008,-0.0004,0.0222,0.0125,-0.0634,0.0061,0.0,0.0
1779816507309,2,Pitching Mound.Parent,,Delivery,pitch.1,335359,5.6672,-10.6328,102.3144,-153.7907,178.831,3.0264,-0.1857,0.1391
1779816507310,2,11.0000004b,Drive,Delivery,pitch.1,336171,-0.0019,-0.0032,0.0292,0.0127,-0.0637,0.0034,0.0,0.0
1779816507310,2,12.00000015,Lower Delivery,Delivery,pitch.1,335893,6.1057,-10.2386,101.5215,-187.9658,179.0162,5.2988,-0.1872,-0.1966
1779816507310,2,12.00000018,Upper Delivery,Delivery,pitch.1,336449,-0.408,-0.3812,0.8853,-0.0884,-0.0304,-0.0012,0.0,0.0
1779816507310,2,Pitching Mound.Delivery,,Delivery,pitch.1,335653,5.6977,-10.6197,102.4068,-153.8379,178.9858,3.083,-0.1856,0.1393
1779816507310,2,Pitching Mound.Drive,,Delivery,pitch.1,336171,-0.0019,-0.0032,0.0292,0.0127,-0.0637,0.0034,0.0,0.0
1779816507310,2,Pitching Mound.Parent,,Delivery,pitch.1,335360,5.6957,-10.6229,102.436,-153.8252,178.9221,3.0864,-0.1855,0.1392
1779816507311,2,11.0000004b,Drive,Delivery,pitch.1,336172,-0.0017,-0.0025,0.0268,0.0142,-0.0655,0.0009,0.0,0.0
1779816507311,2,12.00000015,Lower Delivery,Delivery,pitch.1,335894,6.1203,-10.2316,101.735,-188.0824,179.4667,5.333,-0.1873,-0.1963
1779816507311,2,12.00000018,Upper Delivery,Delivery,pitch.1,336450,-0.3848,-0.368,0.9439,-0.0884,-0.0304,-0.0012,0.0,0.0
1779816507311,2,Pitching Mound.Delivery,,Delivery,pitch.1,335654,5.7356,-10.5996,102.6789,-153.9018,179.4364,3.1201,-0.1856,0.1393
1779816507311,2,Pitching Mound.Drive,,Delivery,pitch.1,336172,-0.0017,-0.0025,0.0268,0.0142,-0.0655,0.0009,0.0,0.0
1779816507311,2,Pitching Mound.Parent,,Delivery,pitch.1,335361,5.7339,-10.6022,102.7057,-153.8876,179.3709,3.121,-0.1855,0.1392
1779816507312,2,11.0000004b,Drive,Delivery,pitch.1,336173,-0.0022,-0.0036,0.0297,0.0137,-0.065,0.0026,0.0,0.0
1779816507312,2,11.0000004b,Drive,Delivery,pitch.1,336174,-0.0018,-0.0024,0.0274,0.0148,-0.0645,0.0013,0.0,0.0
1779816507312,2,12.00000015,Lower Delivery,Delivery,pitch.1,335895,6.1462,-10.2151,101.881,-188.2935,179.6161,5.3678,-0.1872,-0.1962
1779816507312,2,12.00000018,Upper Delivery,Delivery,pitch.1,336451,-0.3057,-0.338,0.997,-0.0884,-0.0304,-0.0012,0.0,0.0
1779816507312,2,Pitching Mound.Delivery,,Delivery,pitch.1,335655,5.8405,-10.5531,102.878,-154.0812,179.5858,3.173,-0.1854,0.1391
1779816507312,2,Pitching Mound.Drive,,Delivery,pitch.1,336173,-0.0022,-0.0036,0.0297,0.0137,-0.065,0.0026,0.0,0.0
1779816507312,2,Pitching Mound.Drive,,Delivery,pitch.1,336174,-0.0018,-0.0024,0.0274,0.0148,-0.0645,0.0013,0.0,0.0
1779816507312,2,Pitching Mound.Parent,,Delivery,pitch.1,335362,5.8382,-10.5567,102.9076,-154.0676,179.5208,3.1756,-0.1853,0.1391
1779816507313,2,12.00000015,Lower Delivery,Delivery,pitch.1,335896,6.1995,-10.1948,101.9087,-188.0775,179.8341,5.4163,-0.1873,-0.1959
1779816507313,2,12.00000018,Upper Delivery,Delivery,pitch.1,336452,-0.1137,-0.2415,1.3049,-0.0884,-0.0304,-0.0012,0.0,0.0
1779816507313,2,Pitching Mound.Delivery,,Delivery,pitch.1,335656,6.0857,-10.4363,103.2136,-153.9606,179.8038,3.2686,-0.185,0.138
1779816507313,2,Pitching Mound.Parent,,Delivery,pitch.1,335363,6.0839,-10.4387,103.241,-153.9458,179.7392,3.2699,-0.1849,0.1379
1779816507314,2,11.0000004b,Drive,Delivery,pitch.1,336176,-0.0038,-0.0079,0.0398,0.0147,-0.0638,0.0035,0.0,0.0
1779816507314,2,11.0000004b,Drive,Delivery,pitch.1,336175,-0.0035,-0.0069,0.038,0.0143,-0.0649,0.0017,0.0,0.0
1779816507314,2,12.00000015,Lower Delivery,Delivery,pitch.1,335897,6.2445,-10.1978,102.0177,-188.1704,180.1829,5.4634,-0.1875,-0.1958
1779816507314,2,12.00000018,Upper Delivery,Delivery,pitch.1,336453,-0.2121,-0.3113,1.1261,-0.0884,-0.0304,-0.0012,0.0,0.0
1779816507314,2,Pitching Mound.Delivery,,Delivery,pitch.1,335657,6.0324,-10.5092,103.1438,-153.9556,180.1525,3.267,-0.1855,0.1389
1779816507314,2,Pitching Mound.Drive,,Delivery,pitch.1,336176,-0.0038,-0.0079,0.0398,0.0147,-0.0638,0.0035,0.0,0.0
1779816507314,2,Pitching Mound.Drive,,Delivery,pitch.1,336175,-0.0035,-0.0069,0.038,0.0143,-0.0649,0.0017,0.0,0.0
1779816507314,2,Pitching Mound.Parent,,Delivery,pitch.1,335364,6.029,-10.5161,103.1818,-153.9413,180.0876,3.2687,-0.1854,0.1388
1779816507315,2,12.00000015,Lower Delivery,Delivery,pitch.1,335898,6.2623,-10.1961,102.1563,-188.1965,180.4499,5.4428,-0.1875,-0.1956
1779816507315,2,12.00000018,Upper Delivery,Delivery,pitch.1,336454,-0.2027,-0.2865,1.2173,-0.0884,-0.0304,-0.0012,0.0,0.0
1779816507315,2,Pitching Mound.Delivery,,Delivery,pitch.1,335658,6.0597,-10.4826,103.3736,-153.9656,180.4196,3.2435,-0.1853,0.1387
1779816507315,2,Pitching Mound.Parent,,Delivery,pitch.1,335365,6.0559,-10.4906,103.4134,-153.9509,180.3558,3.247,-0.1852,0.1387
1779816507316,2,11.0000004b,Drive,Delivery,pitch.1,336177,-0.0036,-0.0073,0.0386,0.0152,-0.0654,0.0042,0.0,0.0
1779816507316,2,12.00000015,Lower Delivery,Delivery,pitch.1,335899,6.2994,-10.1828,102.2338,-188.1476,180.5166,5.4639,-0.1875,-0.1954
1779816507316,2,12.00000018,Upper Delivery,Delivery,pitch.1,336455,-0.245,-0.3099,1.082,-0.0884,-0.0304,-0.0012,0.0,0.0
1779816507316,2,Pitching Mound.Delivery,,Delivery,pitch.1,335659,6.0544,-10.4928,103.3158,-153.8443,180.4862,3.2376,-0.1855,0.1395
1779816507316,2,Pitching Mound.Drive,,Delivery,pitch.1,336177,-0.0036,-0.0073,0.0386,0.0152,-0.0654,0.0042,0.0,0.0
1779816507316,2,Pitching Mound.Parent,,Delivery,pitch.1,335366,6.0508,-10.5,103.3544,-153.8291,180.4208,3.2418,-0.1854,0.1395
1779816507317,2,11.0000004b,Drive,Delivery,pitch.1,336178,-0.0033,-0.0094,0.0419,0.0151,-0.0636,0.0076,0.0,0.0
1779816507317,2,12.00000015,Lower Delivery,Delivery,pitch.1,335900,6.303,-10.1819,102.2158,-188.0723,180.6611,5.4809,-0.1876,-0.1953
1779816507317,2,12.00000018,Upper Delivery,Delivery,pitch.1,336456,-0.214,-0.3195,1.0171,-0.0884,-0.0304,-0.0012,0.0,0.0
1779816507317,2,Pitching Mound.Delivery,,Delivery,pitch.1,335660,6.089,-10.5014,103.2329,-153.7531,180.6307,3.2639,-0.1858,0.1399
1779816507317,2,Pitching Mound.Drive,,Delivery,pitch.1,336178,-0.0033,-0.0094,0.0419,0.0151,-0.0636,0.0076,0.0,0.0
1779816507317,2,Pitching Mound.Parent,,Delivery,pitch.1,335367,6.0857,-10.5108,103.2748,-153.738,180.5672,3.2716,-0.1857,0.1398
1779816507318,2,11.0000004b,Drive,Delivery,pitch.1,336179,-0.0023,-0.0059,0.0348,0.0124,-0.0657,0.0066,0.0,0.0
1779816507318,2,12.00000015,Lower Delivery,Delivery,pitch.1,335901,6.3396,-10.1639,102.1143,-187.9937,180.7824,5.4912,-0.1879,-0.1954
1779816507318,2,12.00000018,Upper Delivery,Delivery,pitch.1,336457,-0.1373,-0.2851,0.9946,-0.0884,-0.0304,-0.0012,0.0,0.0
1779816507318,2,Pitching Mound.Delivery,,Delivery,pitch.1,335661,6.2023,-10.4491,103.1089,-153.7014,180.7521,3.2879,-0.1861,0.1399
1779816507318,2,Pitching Mound.Drive,,Delivery,pitch.1,336179,-0.0023,-0.0059,0.0348,0.0124,-0.0657,0.0066,0.0,0.0
1779816507318,2,Pitching Mound.Parent,,Delivery,pitch.1,335368,6.2,-10.4549,103.1437,-153.689,180.6864,3.2945,-0.1861,0.1398
1779816507319,2,11.0000004b,Drive,Delivery,pitch.1,336180,-0.0023,-0.0078,0.0373,0.0105,-0.0649,0.0087,0.0,0.0
1779816507319,2,11.0000004b,Drive,Delivery,pitch.1,336181,-0.002,-0.006,0.0331,0.0096,-0.0629,0.0081,0.0,0.0
1779816507319,2,12.00000015,Lower Delivery,Delivery,pitch.1,335902,6.3695,-10.1127,101.9884,-188.0508,180.9189,5.5499,-0.1883,-0.1957
1779816507319,2,12.00000018,Upper Delivery,Delivery,pitch.1,336458,-0.2861,-0.3637,0.789,-0.0884,-0.0304,-0.0012,0.0,0.0
1779816507319,2,Pitching Mound.Delivery,,Delivery,pitch.1,335662,6.0834,-10.4764,102.7774,-153.7314,180.8886,3.2858,-0.1869,0.1405
1779816507319,2,Pitching Mound.Drive,,Delivery,pitch.1,336180,-0.0023,-0.0078,0.0373,0.0105,-0.0649,0.0087,0.0,0.0
1779816507319,2,Pitching Mound.Drive,,Delivery,pitch.1,336181,-0.002,-0.006,0.0331,0.0096,-0.0629,0.0081,0.0,0.0
1779816507319,2,Pitching Mound.Parent,,Delivery,pitch.1,335369,6.0811,-10.4842,102.8148,-153.7209,180.8236,3.2945,-0.1868,0.1405
1779816507320,2,12.00000015,Lower Delivery,Delivery,pitch.1,335903,6.3928,-10.0944,102.0048,-188.141,181.2714,5.4993,-0.1887,-0.1958
1779816507320,2,12.00000018,Upper Delivery,Delivery,pitch.1,336459,-0.341,-0.342,0.9791,-0.0884,-0.0304,-0.0012,0.0,0.0
1779816507320,2,Pitching Mound.Delivery,,Delivery,pitch.1,335663,6.0518,-10.4364,102.9839,-153.8806,181.241,3.2086,-0.1869,0.1396
1779816507320,2,Pitching Mound.Parent,,Delivery,pitch.1,335370,6.0498,-10.4425,103.017,-153.8709,181.1781,3.2167,-0.1868,0.1395
1779816507321,2,11.0000004b,Drive,Delivery,pitch.1,336182,0.0006,-0.001,0.022,0.0112,-0.0661,0.009,0.0,0.0
1779816507321,2,11.0000004b,Drive,Delivery,pitch.1,336183,0.0043,-0.0019,0.024,0.012,-0.0657,0.0102,0.0,0.0
1779816507321,2,12.00000015,Lower Delivery,Delivery,pitch.1,335904,6.4071,-10.058,101.951,-188.075,181.4147,5.5176,-0.1889,-0.1958
1779816507321,2,12.00000018,Upper Delivery,Delivery,pitch.1,336460,-0.4415,-0.4034,0.9124,-0.0884,-0.0304,-0.0012,0.0,0.0
1779816507321,2,Pitching Mound.Delivery,,Delivery,pitch.1,335664,5.9655,-10.4614,102.8634,-153.8102,181.3843,3.1879,-0.1872,0.1399
1779816507321,2,Pitching Mound.Drive,,Delivery,pitch.1,336182,0.0006,-0.001,0.022,0.0112,-0.0661,0.009,0.0,0.0
1779816507321,2,Pitching Mound.Drive,,Delivery,pitch.1,336183,0.0043,-0.0019,0.024,0.012,-0.0657,0.0102,0.0,0.0
1779816507321,2,Pitching Mound.Parent,,Delivery,pitch.1,335371,5.9661,-10.4623,102.8854,-153.799,181.3183,3.1968,-0.1872,0.1398
1779816507322,2,11.0000004b,Drive,Delivery,pitch.1,336184,0.0072,-0.0028,0.0259,0.0119,-0.0656,0.0114,0.0,0.0
1779816507322,2,12.00000015,Lower Delivery,Delivery,pitch.1,335905,6.4038,-10.0528,102.0478,-188.1103,181.4643,5.4638,-0.1888,-0.1957
1779816507322,2,12.00000018,Upper Delivery,Delivery,pitch.1,336461,-0.4758,-0.4281,0.8831,-0.0884,-0.0304,-0.0012,0.0,0.0
1779816507322,2,Pitching Mound.Delivery,,Delivery,pitch.1,335665,5.928,-10.481,102.9309,-153.8027,181.434,3.1235,-0.1872,0.1401
1779816507322,2,Pitching Mound.Drive,,Delivery,pitch.1,336184,0.0072,-0.0028,0.0259,0.0119,-0.0656,0.0114,0.0,0.0
1779816507322,2,Pitching Mound.Parent,,Delivery,pitch.1,335372,5.9323,-10.4829,102.9549,-153.7906,181.3683,3.1337,-0.1871,0.1401
1779816507323,2,12.00000015,Lower Delivery,Delivery,pitch.1,335906,6.4339,-10.0296,102.0016,-188.1082,181.5761,5.4461,-0.189,-0.1958
1779816507323,2,12.00000018,Upper Delivery,Delivery,pitch.1,336462,-0.5901,-0.4723,0.8291,-0.0884,-0.0304,-0.0012,0.0,0.0
1779816507323,2,Pitching Mound.Delivery,,Delivery,pitch.1,335666,5.8438,-10.5019,102.8307,-153.7979,181.5457,3.0567,-0.1875,0.1403
1779816507323,2,Pitching Mound.Parent,,Delivery,pitch.1,335373,5.851,-10.5048,102.8566,-153.786,181.4801,3.0681,-0.1874,0.1403
1779816507324,2,11.0000004b,Drive,Delivery,pitch.1,336185,0.0058,-0.0025,0.0254,0.0121,-0.0668,0.0102,0.0,0.0
1779816507324,2,11.0000004b,Drive,Delivery,pitch.1,336186,0.0046,-0.0018,0.0239,0.0123,-0.0672,0.0093,0.0,0.0
1779816507324,2,12.00000015,Lower Delivery,Delivery,pitch.1,335907,6.4374,-10.0179,102.2142,-188.1828,181.7206,5.4471,-0.1887,-0.1955
1779816507324,2,12.00000018,Upper Delivery,Delivery,pitch.1,336463,-0.7434,-0.5376,0.7343,-0.0884,-0.0304,-0.0012,0.0,0.0
1779816507324,2,Pitching Mound.Delivery,,Delivery,pitch.1,335667,5.694,-10.5555,102.9485,-153.768,181.6902,3.0044,-0.1874,0.1411
1779816507324,2,Pitching Mound.Drive,,Delivery,pitch.1,336185,0.0058,-0.0025,0.0254,0.0121,-0.0668,0.0102,0.0,0.0
1779816507324,2,Pitching Mound.Drive,,Delivery,pitch.1,336186,0.0046,-0.0018,0.0239,0.0123,-0.0672,0.0093,0.0,0.0
1779816507324,2,Pitching Mound.Parent,,Delivery,pitch.1,335374,5.6998,-10.558,102.9739,-153.7559,181.6234,3.0146,-0.1873,0.1411
1779816507325,2,11.0000004b,Drive,Delivery,pitch.1,336187,0.0031,-0.0016,0.0243,0.0132,-0.0671,0.0092,0.0,0.0
1779816507325,2,12.00000015,Lower Delivery,Delivery,pitch.1,335908,6.4409,-10.0025,102.2876,-188.4564,181.7639,5.4246,-0.1886,-0.1956
1779816507325,2,12.00000018,Upper Delivery,Delivery,pitch.1,336464,-0.8019,-0.556,0.6856,-0.0884,-0.0304,-0.0012,0.0,0.0
1779816507325,2,Pitching Mound.Delivery,,Delivery,pitch.1,335668,5.639,-10.5584,102.9731,-154.0001,181.7336,2.9609,-0.1874,0.1412
1779816507325,2,Pitching Mound.Drive,,Delivery,pitch.1,336187,0.0031,-0.0016,0.0243,0.0132,-0.0671,0.0092,0.0,0.0
1779816507325,2,Pitching Mound.Parent,,Delivery,pitch.1,335375,5.6436,-10.5603,102.997,-153.9878,181.6663,2.9701,-0.1874,0.1411
1779816507326,2,11.0000004b,Drive,Delivery,pitch.1,336188,-0.0002,-0.0009,0.0221,0.0127,-0.065,0.005,0.0,0.0
1779816507326,2,12.00000015,Lower Delivery,Delivery,pitch.1,335909,6.4857,-9.978,102.4342,-188.5811,181.8479,5.4217,-0.1885,-0.1954
1779816507326,2,12.00000018,Upper Delivery,Delivery,pitch.1,336465,-0.6152,-0.4743,0.6491,-0.0884,-0.0304,-0.0012,0.0,0.0
1779816507326,2,Pitching Mound.Delivery,,Delivery,pitch.1,335669,5.8706,-10.4523,103.0832,-154.0626,181.8175,3.0062,-0.1873,0.1415
1779816507326,2,Pitching Mound.Drive,,Delivery,pitch.1,336188,-0.0002,-0.0009,0.0221,0.0127,-0.065,0.005,0.0,0.0
1779816507326,2,Pitching Mound.Parent,,Delivery,pitch.1,335376,5.8736,-10.4538,103.1075,-154.0494,181.7505,3.0153,-0.1872,0.1415
1779816507327,2,11.0000004b,Drive,Delivery,pitch.1,336189,-0.0008,-0.0005,0.0222,0.0138,-0.0647,0.0027,0.0,0.0
1779816507327,2,12.00000015,Lower Delivery,Delivery,pitch.1,335910,6.5092,-9.9284,102.475,-188.8142,182.3208,5.3868,-0.1889,-0.1956
1779816507327,2,12.00000018,Upper Delivery,Delivery,pitch.1,336466,-0.5447,-0.4335,0.6599,-0.0876,-0.0292,-0.0071,0.0,0.0
1779816507327,2,Pitching Mound.Delivery,,Delivery,pitch.1,335670,5.9646,-10.3619,103.1349,-154.2846,182.2915,2.9813,-0.1877,0.1413
1779816507327,2,Pitching Mound.Drive,,Delivery,pitch.1,336189,-0.0008,-0.0005,0.0222,0.0138,-0.0647,0.0027,0.0,0.0
1779816507327,2,Pitching Mound.Parent,,Delivery,pitch.1,335377,5.9644,-10.3628,103.157,-154.272,182.2266,2.9863,-0.1876,0.1413
1779816507328,2,11.0000004b,Drive,Delivery,pitch.1,336190,-0.0008,-0.0012,0.0227,0.0137,-0.065,0.0019,0.0,0.0
1779816507328,2,12.00000015,Lower Delivery,Delivery,pitch.1,335911,6.5378,-9.9282,102.7387,-188.9344,182.5738,5.3396,-0.1887,-0.1952
1779816507328,2,12.00000018,Upper Delivery,Delivery,pitch.1,336467,-0.4458,-0.3865,0.7216,-0.0884,-0.0304,-0.0012,0.0,0.0
1779816507328,2,Pitching Mound.Delivery,,Delivery,pitch.1,335671,6.092,-10.3147,103.4603,-154.3369,182.5434,2.9639,-0.1873,0.1414
1779816507328,2,Pitching Mound.Drive,,Delivery,pitch.1,336190,-0.0008,-0.0012,0.0227,0.0137,-0.065,0.0019,0.0,0.0
1779816507328,2,Pitching Mound.Parent,,Delivery,pitch.1,335378,6.0912,-10.3152,103.4825,-154.3231,182.4787,2.9666,-0.1873,0.1414
1779816507329,2,11.0000004b,Drive,Delivery,pitch.1,336191,-0.001,-0.0008,0.0235,0.0138,-0.0647,0.0017,0.0,0.0
1779816507329,2,12.00000015,Lower Delivery,Delivery,pitch.1,335912,6.5648,-9.8931,102.826,-189.0317,182.7703,5.304,-0.1887,-0.1952
1779816507329,2,12.00000018,Upper Delivery,Delivery,pitch.1,336468,-0.3112,-0.2965,0.9209,-0.0884,-0.0304,-0.0012,0.0,0.0
1779816507329,2,Pitching Mound.Delivery,,Delivery,pitch.1,335672,6.2536,-10.1897,103.7469,-154.4723,182.7399,2.965,-0.187,0.1405
1779816507329,2,Pitching Mound.Drive,,Delivery,pitch.1,336191,-0.001,-0.0008,0.0235,0.0138,-0.0647,0.0017,0.0,0.0
1779816507329,2,Pitching Mound.Parent,,Delivery,pitch.1,335379,6.2528,-10.1909,103.7695,-154.4586,182.6749,2.9669,-0.187,0.1405
1779816507330,2,11.0000004b,Drive,Delivery,pitch.1,336192,-0.0075,-0.003,0.0328,0.0138,-0.0668,0.0031,0.0,0.0
1779816507330,2,12.00000015,Lower Delivery,Delivery,pitch.1,335913,6.6255,-9.8693,103.0212,-189.1994,183.2837,5.3006,-0.1889,-0.195
1779816507330,2,12.00000018,Upper Delivery,Delivery,pitch.1,336469,-0.3346,-0.2914,0.9112,-0.0884,-0.0304,-0.0012,0.0,0.0
1779816507330,2,Pitching Mound.Delivery,,Delivery,pitch.1,335673,6.2908,-10.1607,103.9324,-154.5704,183.2534,2.933,-0.1872,0.1408
1779816507330,2,Pitching Mound.Drive,,Delivery,pitch.1,336192,-0.0075,-0.003,0.0328,0.0138,-0.0668,0.0031,0.0,0.0
1779816507330,2,Pitching Mound.Parent,,Delivery,pitch.1,335380,6.2898,-10.1615,103.9559,-154.5566,183.1887,2.9347,-0.1872,0.1407
1779816507331,2,11.0000004b,Drive,Delivery,pitch.1,336193,-0.009,-0.0048,0.0362,0.0135,-0.0667,0.0032,0.0,0.0
1779816507331,2,12.00000015,Lower Delivery,Delivery,pitch.1,335914,6.6364,-9.8549,103.1132,-189.24,183.2513,5.2982,-0.1887,-0.1948
1779816507331,2,12.00000018,Upper Delivery,Delivery,pitch.1,336470,-0.2338,-0.2545,0.9842,-0.0884,-0.0304,-0.0012,0.0,0.0
1779816507331,2,Pitching Mound.Delivery,,Delivery,pitch.1,335674,6.4026,-10.1094,104.0974,-154.6045,183.2209,2.9611,-0.1869,0.1406
1779816507331,2,Pitching Mound.Drive,,Delivery,pitch.1,336193,-0.009,-0.0048,0.0362,0.0135,-0.0667,0.0032,0.0,0.0
1779816507331,2,Pitching Mound.Parent,,Delivery,pitch.1,335381,6.3952,-10.1124,104.1302,-154.5907,183.1541,2.9643,-0.1868,0.1405
1779816507332,2,12.00000015,Lower Delivery,Delivery,pitch.1,335915,6.6848,-9.8237,103.1667,-189.4005,183.4758,5.2698,-0.1888,-0.1949
1779816507332,2,12.00000018,Upper Delivery,Delivery,pitch.1,336471,-0.0893,-0.188,1.1762,-0.0884,-0.0304,-0.0012,0.0,0.0
1779816507332,2,Pitching Mound.Delivery,,Delivery,pitch.1,335675,6.5955,-10.0117,104.3428,-154.812,183.4455,2.9654,-0.1867,0.1396
1779816507332,2,Pitching Mound.Parent,,Delivery,pitch.1,335382,6.5866,-10.0164,104.3791,-154.7985,183.3787,2.9686,-0.1866,0.1396
1779816507333,2,11.0000004b,Drive,Delivery,pitch.1,336194,-0.0079,-0.0046,0.0348,0.0114,-0.0635,0.0035,0.0,0.0
1779816507333,2,11.0000004b,Drive,Delivery,pitch.1,336195,-0.0074,-0.0017,0.0281,0.0114,-0.0649,0.0021,0.0,0.0
1779816507333,2,12.00000015,Lower Delivery,Delivery,pitch.1,335916,6.7146,-9.7602,103.2269,-189.4059,183.6985,5.306,-0.1889,-0.1948
1779816507333,2,12.00000018,Upper Delivery,Delivery,pitch.1,336472,-0.1088,-0.1956,1.2154,-0.0884,-0.0304,-0.0012,0.0,0.0
1779816507333,2,Pitching Mound.Delivery,,Delivery,pitch.1,335676,6.6058,-9.9558,104.4422,-154.8104,183.6681,2.9848,-0.1867,0.1396
1779816507333,2,Pitching Mound.Drive,,Delivery,pitch.1,336194,-0.0079,-0.0046,0.0348,0.0114,-0.0635,0.0035,0.0,0.0
1779816507333,2,Pitching Mound.Drive,,Delivery,pitch.1,336195,-0.0074,-0.0017,0.0281,0.0114,-0.0649,0.0021,0.0,0.0
1779816507333,2,Pitching Mound.Parent,,Delivery,pitch.1,335383,6.5979,-9.9605,104.4771,-154.799,183.6045,2.9884,-0.1867,0.1395
1779816507334,2,11.0000004b,Drive,Delivery,pitch.1,336196,-0.0073,-0.0037,0.0323,0.0105,-0.0664,0.0066,0.0,0.0
1779816507334,2,12.00000015,Lower Delivery,Delivery,pitch.1,335917,6.742,-9.732,103.2427,-189.5035,183.8423,5.2651,-0.189,-0.1949
1779816507334,2,12.00000018,Upper Delivery,Delivery,pitch.1,336473,-0.1208,-0.209,1.1832,-0.0884,-0.0304,-0.0012,0.0,0.0
1779816507334,2,Pitching Mound.Delivery,,Delivery,pitch.1,335677,6.6212,-9.941,104.426,-154.8916,183.8119,2.9305,-0.1869,0.1396
1779816507334,2,Pitching Mound.Drive,,Delivery,pitch.1,336196,-0.0073,-0.0037,0.0323,0.0105,-0.0664,0.0066,0.0,0.0
1779816507334,2,Pitching Mound.Parent,,Delivery,pitch.1,335384,6.6138,-9.9427,104.4541,-154.8803,183.747,2.9326,-0.1868,0.1396
1779816507335,2,11.0000004b,Drive,Delivery,pitch.1,336197,-0.0067,-0.0049,0.0342,0.0102,-0.0656,0.0054,0.0,0.0
1779816507335,2,12.00000015,Lower Delivery,Delivery,pitch.1,335918,6.7666,-9.712,103.327,-189.6869,183.741,5.2486,-0.1888,-0.1949
1779816507335,2,12.00000018,Upper Delivery,Delivery,pitch.1,336474,0.0468,-0.1167,1.4448,-0.0884,-0.0304,-0.0012,0.0,0.0
1779816507335,2,Pitching Mound.Delivery,,Delivery,pitch.1,335678,6.8134,-9.8287,104.7718,-155.1353,183.7106,2.9627,-0.1862,0.1384
1779816507335,2,Pitching Mound.Drive,,Delivery,pitch.1,336197,-0.0067,-0.0049,0.0342,0.0102,-0.0656,0.0054,0.0,0.0
1779816507335,2,Pitching Mound.Parent,,Delivery,pitch.1,335385,6.8061,-9.8323,104.8041,-155.1248,183.6441,2.9693,-0.1861,0.1384
1779816507336,2,11.0000004b,Drive,Delivery,pitch.1,336198,-0.003,-0.0033,0.0278,0.0101,-0.0647,0.0046,0.0,0.0
1779816507336,2,12.00000015,Lower Delivery,Delivery,pitch.1,335919,6.8246,-9.6505,103.3721,-189.7385,183.8146,5.2273,-0.1888,-0.1949
1779816507336,2,12.00000018,Upper Delivery,Delivery,pitch.1,336475,-0.015,-0.1544,1.3714,-0.078,-0.0147,-0.0823,0.0,0.0
1779816507336,2,Pitching Mound.Delivery,,Delivery,pitch.1,335679,6.8096,-9.8049,104.7435,-155.1362,183.7998,2.8196,-0.1863,0.1388
1779816507336,2,Pitching Mound.Drive,,Delivery,pitch.1,336198,-0.003,-0.0033,0.0278,0.0101,-0.0647,0.0046,0.0,0.0
1779816507336,2,Pitching Mound.Parent,,Delivery,pitch.1,335386,6.8029,-9.8099,104.7777,-155.1259,183.7342,2.825,-0.1862,0.1387
1779816507337,2,11.0000004b,Drive,Delivery,pitch.1,336199,-0.0058,-0.0031,0.0305,0.0104,-0.0658,0.0059,0.0,0.0
1779816507337,2,12.00000015,Lower Delivery,Delivery,pitch.1,335920,6.8505,-9.6422,103.5174,-190.1055,184.0244,5.2059,-0.1887,-0.195
1779816507337,2,12.00000018,Upper Delivery,Delivery,pitch.1,336476,-0.0812,-0.1996,1.2398,-0.0769,-0.0132,-0.0904,0.0,0.0
1779816507337,2,Pitching Mound.Delivery,,Delivery,pitch.1,335680,6.7693,-9.8418,104.7571,-155.4081,184.0112,2.7587,-0.1865,0.1393
1779816507337,2,Pitching Mound.Drive,,Delivery,pitch.1,336199,-0.0058,-0.0031,0.0305,0.0104,-0.0658,0.0059,0.0,0.0
1779816507337,2,Pitching Mound.Parent,,Delivery,pitch.1,335387,6.7663,-9.8451,104.7849,-155.398,183.9465,2.7634,-0.1864,0.1393
1779816507338,2,11.0000004b,Drive,Delivery,pitch.1,336200,-0.0021,-0.0033,0.0284,0.011,-0.0649,0.006,0.0,0.0
1779816507338,2,12.00000015,Lower Delivery,Delivery,pitch.1,335921,6.8779,-9.5885,103.7178,-190.3544,184.055,5.2218,-0.1884,-0.1948
1779816507338,2,12.00000018,Upper Delivery,Delivery,pitch.1,336477,-0.1496,-0.2398,1.1199,-0.0657,0.0037,-0.1781,0.0,0.0
1779816507338,2,Pitching Mound.Delivery,,Delivery,pitch.1,335681,6.7283,-9.8284,104.8377,-155.5368,184.0587,2.6543,-0.1864,0.14
1779816507338,2,Pitching Mound.Drive,,Delivery,pitch.1,336200,-0.0021,-0.0033,0.0284,0.011,-0.0649,0.006,0.0,0.0
1779816507338,2,Pitching Mound.Parent,,Delivery,pitch.1,335388,6.7225,-9.8315,104.8682,-155.5264,183.9929,2.6603,-0.1863,0.1399
1779816507339,2,11.0000004b,Drive,Delivery,pitch.1,336201,-0.0017,-0.002,0.0261,0.0117,-0.0651,0.0084,0.0,0.0
1779816507339,2,12.00000015,Lower Delivery,Delivery,pitch.1,335922,6.9138,-9.5442,103.8016,-190.6561,184.1052,5.1951,-0.1883,-0.195
1779816507339,2,12.00000018,Upper Delivery,Delivery,pitch.1,336478,-0.2459,-0.2899,0.9686,-0.0649,0.0048,-0.184,0.0,0.0
1779816507339,2,Pitching Mound.Delivery,,Delivery,pitch.1,335682,6.6679,-9.8341,104.7702,-155.7578,184.11,2.5769,-0.1866,0.1405
1779816507339,2,Pitching Mound.Drive,,Delivery,pitch.1,336201,-0.0017,-0.002,0.0261,0.0117,-0.0651,0.0084,0.0,0.0
1779816507339,2,Pitching Mound.Parent,,Delivery,pitch.1,335389,6.6658,-9.8375,104.7986,-155.7468,184.0451,2.5829,-0.1865,0.1405
1779816507340,2,11.0000004b,Drive,Delivery,pitch.1,336202,-0.0011,-0.001,0.0227,0.0119,-0.0646,0.0083,0.0,0.0
1779816507340,2,12.00000015,Lower Delivery,Delivery,pitch.1,335923,6.9244,-9.4806,103.9859,-190.9838,184.4208,5.2241,-0.1883,-0.195
1779816507340,2,12.00000018,Upper Delivery,Delivery,pitch.1,336479,-0.1338,-0.254,1.0522,-0.0524,0.0236,-0.2815,0.0,0.0
1779816507340,2,Pitching Mound.Delivery,,Delivery,pitch.1,335683,6.7906,-9.7346,105.038,-156.0388,184.4444,2.5428,-0.1864,0.1402
1779816507340,2,Pitching Mound.Drive,,Delivery,pitch.1,336202,-0.0011,-0.001,0.0227,0.0119,-0.0646,0.0083,0.0,0.0
1779816507340,2,Pitching Mound.Parent,,Delivery,pitch.1,335390,6.7889,-9.7367,105.0642,-156.0271,184.3793,2.5512,-0.1863,0.1401
1779816507341,2,11.0000004b,Drive,Delivery,pitch.1,336203,-0.0016,-0.0026,0.027,0.0129,-0.0635,0.0099,0.0,0.0
1779816507341,2,12.00000015,Lower Delivery,Delivery,pitch.1,335924,6.9639,-9.432,104.2723,-191.414,184.5488,5.1995,-0.1879,-0.1949
1779816507341,2,12.00000018,Upper Delivery,Delivery,pitch.1,336480,-0.1895,-0.2951,0.876,-0.0405,0.0415,-0.3746,0.0,0.0
1779816507341,2,Pitching Mound.Delivery,,Delivery,pitch.1,335684,6.7744,-9.7272,105.1483,-156.2998,184.5904,2.3927,-0.1863,0.1411
1779816507341,2,Pitching Mound.Drive,,Delivery,pitch.1,336203,-0.0016,-0.0026,0.027,0.0129,-0.0635,0.0099,0.0,0.0
1779816507341,2,Pitching Mound.Parent,,Delivery,pitch.1,335391,6.7732,-9.7282,105.171,-156.2879,184.5258,2.401,-0.1863,0.141
1779816507342,2,11.0000004b,Drive,Delivery,pitch.1,336204,-0.0015,-0.0032,0.0289,0.0135,-0.064,0.0108,0.0,0.0
1779816507342,2,12.00000015,Lower Delivery,Delivery,pitch.1,335925,7.0306,-9.3512,104.3563,-191.7433,184.8859,5.2019,-0.1881,-0.1951
1779816507342,2,12.00000018,Upper Delivery,Delivery,pitch.1,336481,-0.2361,-0.3056,0.7777,-0.0286,0.0594,-0.4673,0.0,0.0
1779816507342,2,Pitching Mound.Delivery,,Delivery,pitch.1,335685,6.7946,-9.6568,105.134,-156.5552,184.9453,2.264,-0.1867,0.1414
1779816507342,2,Pitching Mound.Drive,,Delivery,pitch.1,336204,-0.0015,-0.0032,0.0289,0.0135,-0.064,0.0108,0.0,0.0
1779816507342,2,Pitching Mound.Parent,,Delivery,pitch.1,335392,6.7929,-9.6593,105.161,-156.5424,184.8818,2.2738,-0.1866,0.1413
1779816507343,2,11.0000004b,Drive,Delivery,pitch.1,336205,-0.0017,-0.0041,0.0307,0.0139,-0.0628,0.0122,0.0,0.0
1779816507343,2,12.00000015,Lower Delivery,Delivery,pitch.1,335926,7.0546,-9.3084,104.7531,-192.1917,185.1487,5.2648,-0.1876,-0.1948
1779816507343,2,12.00000018,Upper Delivery,Delivery,pitch.1,336482,-0.2282,-0.2819,0.7921,-0.0269,0.062,-0.4809,0.0,0.0
1779816507343,2,Pitching Mound.Delivery,,Delivery,pitch.1,335686,6.8264,-9.5903,105.5452,-156.8718,185.2107,2.3078,-0.1862,0.1416
1779816507343,2,Pitching Mound.Drive,,Delivery,pitch.1,336205,-0.0017,-0.0041,0.0307,0.0139,-0.0628,0.0122,0.0,0.0
1779816507343,2,Pitching Mound.Parent,,Delivery,pitch.1,335393,6.8249,-9.5935,105.574,-156.8583,185.1467,2.3186,-0.1862,0.1415
1779816507344,2,11.0000004b,Drive,Delivery,pitch.1,336206,-0.0019,-0.0044,0.0315,0.0132,-0.064,0.0129,0.0,0.0
1779816507344,2,12.00000015,Lower Delivery,Delivery,pitch.1,335927,7.0881,-9.2413,105.1232,-192.7108,185.625,5.2725,-0.1875,-0.1946
1779816507344,2,12.00000018,Upper Delivery,Delivery,pitch.1,336483,-0.1275,-0.2368,0.9111,-0.0284,0.0597,-0.4688,0.0,0.0
1779816507344,2,Pitching Mound.Delivery,,Delivery,pitch.1,335687,6.9605,-9.4781,106.0343,-157.3071,185.6847,2.3504,-0.1858,0.1412
1779816507344,2,Pitching Mound.Drive,,Delivery,pitch.1,336206,-0.0019,-0.0044,0.0315,0.0132,-0.064,0.0129,0.0,0.0
1779816507344,2,Pitching Mound.Parent,,Delivery,pitch.1,335394,6.9588,-9.4822,106.0649,-157.2932,185.622,2.3626,-0.1858,0.1412
1779816507345,2,11.0000004b,Drive,Delivery,pitch.1,336207,-0.0014,-0.0054,0.0333,0.0132,-0.063,0.0124,0.0,0.0
1779816507345,2,12.00000015,Lower Delivery,Delivery,pitch.1,335928,7.1116,-9.1571,105.2873,-193.2678,185.9357,5.2745,-0.1875,-0.1949
1779816507345,2,12.00000018,Upper Delivery,Delivery,pitch.1,336484,-0.0363,-0.1772,1.0327,-0.0168,0.0771,-0.559,0.0,0.0
1779816507345,2,Pitching Mound.Delivery,,Delivery,pitch.1,335688,7.0753,-9.3343,106.3199,-157.8381,186.0127,2.2853,-0.1857,0.1404
1779816507345,2,Pitching Mound.Drive,,Delivery,pitch.1,336207,-0.0014,-0.0054,0.0333,0.0132,-0.063,0.0124,0.0,0.0
1779816507345,2,Pitching Mound.Parent,,Delivery,pitch.1,335395,7.0734,-9.3387,106.3514,-157.8249,185.9487,2.2982,-0.1856,0.1404
1779816507346,2,11.0000004b,Drive,Delivery,pitch.1,336208,-0.0008,-0.004,0.0307,0.0174,-0.0632,0.0139,0.0,0.0
1779816507346,2,12.00000015,Lower Delivery,Delivery,pitch.1,335929,7.1812,-9.0648,105.5865,-193.7211,186.3628,5.2759,-0.1874,-0.1948
1779816507346,2,12.00000018,Upper Delivery,Delivery,pitch.1,336485,0.0239,-0.1525,1.1289,-0.0188,0.0742,-0.544,0.0,0.0
1779816507346,2,Pitching Mound.Delivery,,Delivery,pitch.1,335689,7.2051,-9.2173,106.7154,-158.2243,186.437,2.2985,-0.1854,0.1401
1779816507346,2,Pitching Mound.Drive,,Delivery,pitch.1,336208,-0.0008,-0.004,0.0307,0.0174,-0.0632,0.0139,0.0,0.0
1779816507346,2,Pitching Mound.Parent,,Delivery,pitch.1,335396,7.2037,-9.2227,106.7486,-158.2111,186.374,2.3109,-0.1853,0.14
1779816507347,2,11.0000004b,Drive,Delivery,pitch.1,336209,0.0038,-0.0023,0.0252,0.0124,-0.0635,0.0106,0.0,0.0
1779816507347,2,12.00000015,Lower Delivery,Delivery,pitch.1,335930,7.1909,-8.968,105.746,-194.2131,186.7314,5.2542,-0.1875,-0.195
1779816507347,2,12.00000018,Upper Delivery,Delivery,pitch.1,336486,-0.0316,-0.1511,1.0775,-0.0164,0.0777,-0.5622,0.0,0.0
1779816507347,2,Pitching Mound.Delivery,,Delivery,pitch.1,335690,7.1594,-9.1191,106.8235,-158.6423,186.8091,2.2363,-0.1856,0.1401
1779816507347,2,Pitching Mound.Drive,,Delivery,pitch.1,336209,0.0038,-0.0023,0.0252,0.0124,-0.0635,0.0106,0.0,0.0
1779816507347,2,Pitching Mound.Parent,,Delivery,pitch.1,335397,7.1586,-9.1231,106.8542,-158.6249,186.7458,2.2503,-0.1855,0.1401
1779816507348,2,11.0000004b,Drive,Delivery,pitch.1,336210,0.003,-0.0019,0.0249,0.0129,-0.0657,0.009,0.0,0.0
1779816507348,2,12.00000015,Lower Delivery,Delivery,pitch.1,335931,7.2134,-8.895,106.0333,-194.7173,186.7801,5.2951,-0.187,-0.195
1779816507348,2,12.00000018,Upper Delivery,Delivery,pitch.1,336487,0.0917,-0.0788,1.1636,-0.0135,0.0821,-0.585,0.0,0.0
1779816507348,2,Pitching Mound.Delivery,,Delivery,pitch.1,335691,7.3051,-8.9738,107.1969,-159.0751,186.8622,2.2887,-0.185,0.1398
1779816507348,2,Pitching Mound.Drive,,Delivery,pitch.1,336210,0.003,-0.0019,0.0249,0.0129,-0.0657,0.009,0.0,0.0
1779816507348,2,Pitching Mound.Parent,,Delivery,pitch.1,335398,7.3089,-8.9761,107.2221,-159.0627,186.7986,2.2993,-0.1849,0.1397
1779816507349,2,11.0000004b,Drive,Delivery,pitch.1,336211,0.0004,-0.0013,0.0233,0.0104,-0.066,0.0097,0.0,0.0
1779816507349,2,12.00000015,Lower Delivery,Delivery,pitch.1,335932,7.2536,-8.8093,106.2407,-194.9844,187.0849,5.252,-0.1869,-0.1948
1779816507349,2,12.00000018,Upper Delivery,Delivery,pitch.1,336488,0.3052,0.0658,1.3851,-0.0226,0.0684,-0.5138,0.0,0.0
1779816507349,2,Pitching Mound.Delivery,,Delivery,pitch.1,335692,7.5587,-8.7436,107.6258,-159.3561,187.1532,2.3757,-0.1845,0.1389
1779816507349,2,Pitching Mound.Drive,,Delivery,pitch.1,336211,0.0004,-0.0013,0.0233,0.0104,-0.066,0.0097,0.0,0.0
1779816507349,2,Pitching Mound.Parent,,Delivery,pitch.1,335399,7.5617,-8.7455,107.6507,-159.3432,187.0875,2.3847,-0.1845,0.1389
1779816507350,2,11.0000004b,Drive,Delivery,pitch.1,336212,-0.0001,-0.0033,0.0284,0.0106,-0.0664,0.0099,0.0,0.0
1779816507350,2,12.00000015,Lower Delivery,Delivery,pitch.1,335933,7.2943,-8.7461,106.5071,-195.5975,187.2449,5.2237,-0.1866,-0.195
1779816507350,2,12.00000018,Upper Delivery,Delivery,pitch.1,336489,0.2653,0.041,1.4924,-0.0182,0.0751,-0.5487,0.0,0.0
1779816507350,2,Pitching Mound.Delivery,,Delivery,pitch.1,335693,7.5597,-8.7051,107.9995,-159.9106,187.32,2.2851,-0.1841,0.1383
1779816507350,2,Pitching Mound.Drive,,Delivery,pitch.1,336212,-0.0001,-0.0033,0.0284,0.0106,-0.0664,0.0099,0.0,0.0
1779816507350,2,Pitching Mound.Parent,,Delivery,pitch.1,335400,7.56,-8.7064,108.0227,-159.9002,187.254,2.2948,-0.184,0.1383
1779816507351,2,11.0000004b,Drive,Delivery,pitch.1,336213,-0.0001,-0.0011,0.0254,0.0108,-0.0655,0.01,0.0,0.0
1779816507351,2,12.00000015,Lower Delivery,Delivery,pitch.1,335934,7.3508,-8.6618,106.8341,-196.0701,187.626,5.2677,-0.1864,-0.1948
1779816507351,2,12.00000018,Upper Delivery,Delivery,pitch.1,336490,0.3102,0.0889,1.8018,-0.0151,0.0796,-0.5722,0.0,0.0
1779816507351,2,Pitching Mound.Delivery,,Delivery,pitch.1,335694,7.6609,-8.5728,108.6359,-160.3743,187.7056,2.3017,-0.1834,0.1371
1779816507351,2,Pitching Mound.Drive,,Delivery,pitch.1,336213,-0.0001,-0.0011,0.0254,0.0108,-0.0655,0.01,0.0,0.0
1779816507351,2,Pitching Mound.Parent,,Delivery,pitch.1,335401,7.6608,-8.5761,108.6643,-160.3637,187.6392,2.3116,-0.1833,0.1371
1779816507352,2,11.0000004b,Drive,Delivery,pitch.1,336214,0.0021,0.0006,0.0226,0.011,-0.0666,0.0072,0.0,0.0
1779816507352,2,12.00000015,Lower Delivery,Delivery,pitch.1,335935,7.3931,-8.5882,106.9353,-196.7256,187.8957,5.2309,-0.1865,-0.1953
1779816507352,2,12.00000018,Upper Delivery,Delivery,pitch.1,336491,0.2956,0.1126,2.0734,-0.0192,0.0736,-0.5408,0.0,0.0
1779816507352,2,Pitching Mound.Delivery,,Delivery,pitch.1,335695,7.6887,-8.4756,109.0088,-161.0917,187.9692,2.277,-0.183,0.1355
1779816507352,2,Pitching Mound.Drive,,Delivery,pitch.1,336214,0.0021,0.0006,0.0226,0.011,-0.0666,0.0072,0.0,0.0
1779816507352,2,Pitching Mound.Parent,,Delivery,pitch.1,335402,7.6886,-8.4768,109.0341,-161.081,187.9037,2.287,-0.1829,0.1354
1779816507353,2,11.0000004b,Drive,Delivery,pitch.1,336215,-0.0005,-0.0005,0.0246,0.0103,-0.0656,0.0096,0.0,0.0
1779816507353,2,12.00000015,Lower Delivery,Delivery,pitch.1,335936,7.4083,-8.5001,107.1108,-197.268,188.1525,5.2202,-0.1865,-0.1955
1779816507353,2,12.00000018,Upper Delivery,Delivery,pitch.1,336492,0.3204,0.1149,2.1054,-0.0086,0.0894,-0.6232,0.0,0.0
1779816507353,2,Pitching Mound.Delivery,,Delivery,pitch.1,335696,7.7286,-8.3852,109.2162,-161.5748,188.2419,2.1872,-0.1829,0.1351
1779816507353,2,Pitching Mound.Drive,,Delivery,pitch.1,336215,-0.0005,-0.0005,0.0246,0.0103,-0.0656,0.0096,0.0,0.0
1779816507353,2,Pitching Mound.Parent,,Delivery,pitch.1,335403,7.7307,-8.3846,109.2388,-161.5638,188.1753,2.1944,-0.1829,0.1351
1779816507354,2,11.0000004b,Drive,Delivery,pitch.1,336216,-0.0004,0.0,0.0219,0.01,-0.0647,0.008,0.0,0.0
1779816507354,2,12.00000015,Lower Delivery,Delivery,pitch.1,335937,7.4612,-8.4232,107.4877,-197.5252,188.3713,5.2109,-0.186,-0.1951
1779816507354,2,12.00000018,Upper Delivery,Delivery,pitch.1,336493,0.2529,0.0607,1.907,-0.0047,0.0953,-0.6537,0.0,0.0
1779816507354,2,Pitching Mound.Delivery,,Delivery,pitch.1,335697,7.7141,-8.3626,109.3947,-161.6325,188.4666,2.1064,-0.1828,0.1365
1779816507354,2,Pitching Mound.Drive,,Delivery,pitch.1,336216,-0.0004,0.0,0.0219,0.01,-0.0647,0.008,0.0,0.0
1779816507354,2,Pitching Mound.Parent,,Delivery,pitch.1,335404,7.7135,-8.3631,109.4193,-161.6222,188.401,2.116,-0.1828,0.1364
1779816507355,2,11.0000004b,Drive,Delivery,pitch.1,336217,-0.0007,-0.0004,0.0219,0.0104,-0.0641,0.0086,0.0,0.0
1779816507355,2,12.00000015,Lower Delivery,Delivery,pitch.1,335938,7.4985,-8.3312,107.7093,-197.9666,188.4582,5.1623,-0.1858,-0.1951
1779816507355,2,12.00000018,Upper Delivery,Delivery,pitch.1,336494,0.1441,-0.0096,1.4724,-0.0063,0.0929,-0.6413,0.0,0.0
1779816507355,2,Pitching Mound.Delivery,,Delivery,pitch.1,335698,7.6426,-8.3409,109.1817,-161.8524,188.5511,2.0205,-0.1832,0.1383
1779816507355,2,Pitching Mound.Drive,,Delivery,pitch.1,336217,-0.0007,-0.0004,0.0219,0.0104,-0.0641,0.0086,0.0,0.0
1779816507355,2,Pitching Mound.Parent,,Delivery,pitch.1,335405,7.6422,-8.3409,109.2036,-161.8424,188.4864,2.0286,-0.1832,0.1383
1779816507356,2,11.0000004b,Drive,Delivery,pitch.1,336218,-0.0008,-0.0011,0.0229,0.0099,-0.0631,0.0086,0.0,0.0
1779816507356,2,12.00000015,Lower Delivery,Delivery,pitch.1,335939,7.5437,-8.2371,107.9564,-198.2822,188.5361,5.1696,-0.1854,-0.195
1779816507356,2,12.00000018,Upper Delivery,Delivery,pitch.1,336495,0.1022,-0.0259,1.5573,-0.0006,0.1014,-0.6853,0.0,0.0
1779816507356,2,Pitching Mound.Delivery,,Delivery,pitch.1,335699,7.6459,-8.263,109.5136,-162.1071,188.6375,1.9541,-0.1828,0.1381
1779816507356,2,Pitching Mound.Drive,,Delivery,pitch.1,336218,-0.0008,-0.0011,0.0229,0.0099,-0.0631,0.0086,0.0,0.0
1779816507356,2,Pitching Mound.Parent,,Delivery,pitch.1,335406,7.6452,-8.2634,109.5356,-162.0967,188.5734,1.9628,-0.1827,0.1381
1779816507357,2,11.0000004b,Drive,Delivery,pitch.1,336219,-0.0007,0.0002,0.0206,0.0102,-0.0636,0.0111,0.0,0.0
1779816507357,2,12.00000015,Lower Delivery,Delivery,pitch.1,335940,7.5799,-8.1687,107.9773,-198.601,188.6378,5.1429,-0.1855,-0.1953
1779816507357,2,12.00000018,Upper Delivery,Delivery,pitch.1,336496,0.0461,-0.0255,1.4217,-0.0036,0.097,-0.6624,0.0,0.0
1779816507357,2,Pitching Mound.Delivery,,Delivery,pitch.1,335700,7.626,-8.1942,109.399,-162.3756,188.7348,1.919,-0.1831,0.1384
1779816507357,2,Pitching Mound.Drive,,Delivery,pitch.1,336219,-0.0007,0.0002,0.0206,0.0102,-0.0636,0.0111,0.0,0.0
1779816507357,2,Pitching Mound.Parent,,Delivery,pitch.1,335407,7.6252,-8.1954,109.4219,-162.3657,188.6716,1.9276,-0.183,0.1384
1779816507358,2,11.0000004b,Drive,Delivery,pitch.1,336220,-0.0006,0.0002,0.0212,0.0107,-0.0636,0.0122,0.0,0.0
1779816507358,2,12.00000015,Lower Delivery,Delivery,pitch.1,335941,7.6156,-8.0935,108.0085,-198.9994,188.8114,5.1081,-0.1856,-0.1956
1779816507358,2,12.00000018,Upper Delivery,Delivery,pitch.1,336497,0.0573,-0.0114,1.5197,-0.007,0.0919,-0.6359,0.0,0.0
1779816507358,2,Pitching Mound.Delivery,,Delivery,pitch.1,335701,7.6729,-8.1049,109.5282,-162.8002,188.9033,1.9024,-0.183,0.1377
1779816507358,2,Pitching Mound.Drive,,Delivery,pitch.1,336220,-0.0006,0.0002,0.0212,0.0107,-0.0636,0.0122,0.0,0.0
1779816507358,2,Pitching Mound.Parent,,Delivery,pitch.1,335408,7.6722,-8.1047,109.5489,-162.79,188.8397,1.9134,-0.183,0.1377
1779816507359,2,11.0000004b,Drive,Delivery,pitch.1,336221,-0.0003,0.0007,0.0195,0.0129,-0.0623,0.0123,0.0,0.0
1779816507359,2,12.00000015,Lower Delivery,Delivery,pitch.1,335942,7.652,-8.0125,107.9548,-199.0672,189.0214,5.0646,-0.1859,-0.1958
1779816507359,2,12.00000018,Upper Delivery,Delivery,pitch.1,336498,-0.0313,-0.0597,1.5969,-0.003,0.0978,-0.6667,0.0,0.0
1779816507359,2,Pitching Mound.Delivery,,Delivery,pitch.1,335702,7.6207,-8.0722,109.5517,-162.9085,189.1192,1.7856,-0.1832,0.1372
1779816507359,2,Pitching Mound.Drive,,Delivery,pitch.1,336221,-0.0003,0.0007,0.0195,0.0129,-0.0623,0.0123,0.0,0.0
1779816507359,2,Pitching Mound.Parent,,Delivery,pitch.1,335409,7.62,-8.072,109.5729,-162.8978,189.0556,1.7977,-0.1831,0.1372
1779816507360,2,11.0000004b,Drive,Delivery,pitch.1,336222,-0.0003,0.0006,0.0197,0.0124,-0.0635,0.0136,0.0,0.0
1779816507360,2,12.00000015,Lower Delivery,Delivery,pitch.1,335943,7.6755,-7.9483,107.9315,-199.4742,189.0071,4.9904,-0.1859,-0.1962
1779816507360,2,12.00000018,Upper Delivery,Delivery,pitch.1,336499,-0.0227,-0.0625,1.5095,0.0015,0.1047,-0.7023,0.0,0.0
1779816507360,2,Pitching Mound.Delivery,,Delivery,pitch.1,335703,7.6528,-8.0108,109.441,-163.2892,189.1118,1.6706,-0.1833,0.1371
1779816507360,2,Pitching Mound.Drive,,Delivery,pitch.1,336222,-0.0003,0.0006,0.0197,0.0124,-0.0635,0.0136,0.0,0.0
1779816507360,2,Pitching Mound.Parent,,Delivery,pitch.1,335410,7.6525,-8.0101,109.4605,-163.2762,189.0495,1.6829,-0.1833,0.1371
1779816507361,2,11.0000004b,Drive,Delivery,pitch.1,336223,-0.0002,0.0004,0.0189,0.011,-0.0622,0.0094,0.0,0.0
1779816507361,2,12.00000015,Lower Delivery,Delivery,pitch.1,335944,7.6784,-7.8757,107.9108,-199.4844,189.105,4.9475,-0.186,-0.1963
1779816507361,2,12.00000018,Upper Delivery,Delivery,pitch.1,336500,-0.0493,-0.0697,1.0056,0.0006,0.1033,-0.6953,0.0,0.0
1779816507361,2,Pitching Mound.Delivery,,Delivery,pitch.1,335704,7.6291,-7.9454,108.9164,-163.136,189.2083,1.6248,-0.1843,0.1393
1779816507361,2,Pitching Mound.Drive,,Delivery,pitch.1,336223,-0.0002,0.0004,0.0189,0.011,-0.0622,0.0094,0.0,0.0
1779816507361,2,Pitching Mound.Parent,,Delivery,pitch.1,335411,7.6288,-7.9448,108.9362,-163.1235,189.1449,1.6385,-0.1843,0.1393
1779816507362,2,11.0000004b,Drive,Delivery,pitch.1,336224,-0.0002,0.0001,0.0194,0.0124,-0.0617,0.0106,0.0,0.0
1779816507362,2,12.00000015,Lower Delivery,Delivery,pitch.1,335945,7.7124,-7.7984,107.839,-199.7397,189.2004,4.8548,-0.1863,-0.1966
1779816507362,2,12.00000018,Upper Delivery,Delivery,pitch.1,336501,-0.0744,-0.0582,0.9469,-0.0145,0.0806,-0.5772,0.0,0.0
1779816507362,2,Pitching Mound.Delivery,,Delivery,pitch.1,335705,7.6379,-7.8566,108.7859,-163.4109,189.281,1.6301,-0.1846,0.1392
1779816507362,2,Pitching Mound.Drive,,Delivery,pitch.1,336224,-0.0002,0.0001,0.0194,0.0124,-0.0617,0.0106,0.0,0.0
1779816507362,2,Pitching Mound.Parent,,Delivery,pitch.1,335412,7.6377,-7.8561,108.8048,-163.3999,189.2188,1.6395,-0.1846,0.1391
1779816507363,2,11.0000004b,Drive,Delivery,pitch.1,336225,0.0003,0.0003,0.0181,0.0103,-0.0608,0.013,0.0,0.0
1779816507363,2,12.00000015,Lower Delivery,Delivery,pitch.1,335946,7.712,-7.7305,107.8096,-199.7334,189.1802,4.8364,-0.1863,-0.1967
1779816507363,2,12.00000018,Upper Delivery,Delivery,pitch.1,336502,-0.0916,-0.0648,0.9109,-0.0103,0.0869,-0.6098,0.0,0.0
1779816507363,2,Pitching Mound.Delivery,,Delivery,pitch.1,335706,7.6205,-7.7952,108.7205,-163.3982,189.2671,1.5734,-0.1847,0.1393
1779816507363,2,Pitching Mound.Drive,,Delivery,pitch.1,336225,0.0003,0.0003,0.0181,0.0103,-0.0608,0.013,0.0,0.0
1779816507363,2,Pitching Mound.Parent,,Delivery,pitch.1,335413,7.6203,-7.7952,108.7399,-163.3858,189.2054,1.584,-0.1847,0.1392
1779816507364,2,11.0000004b,Drive,Delivery,pitch.1,336226,0.0017,-0.0001,0.019,0.0098,-0.0621,0.0123,0.0,0.0
1779816507364,2,12.00000015,Lower Delivery,Delivery,pitch.1,335947,7.7091,-7.6188,107.5968,-199.7961,189.2218,4.7747,-0.1867,-0.1971
1779816507364,2,12.00000018,Upper Delivery,Delivery,pitch.1,336503,-0.1339,-0.0626,0.9861,-0.0198,0.0726,-0.536,0.0,0.0
1779816507364,2,Pitching Mound.Delivery,,Delivery,pitch.1,335707,7.5753,-7.6813,108.5829,-163.5683,189.2944,1.5721,-0.185,0.1385
1779816507364,2,Pitching Mound.Drive,,Delivery,pitch.1,336226,0.0017,-0.0001,0.019,0.0098,-0.0621,0.0123,0.0,0.0
1779816507364,2,Pitching Mound.Parent,,Delivery,pitch.1,335414,7.5755,-7.681,108.601,-163.558,189.2336,1.5851,-0.185,0.1385
1779816507365,2,11.0000004b,Drive,Delivery,pitch.1,336227,0.0007,-0.0002,0.0189,0.0095,-0.0611,0.0116,0.0,0.0
1779816507365,2,12.00000015,Lower Delivery,Delivery,pitch.1,335948,7.7244,-7.5689,107.416,-199.905,189.1678,4.7076,-0.187,-0.1976
1779816507365,2,12.00000018,Upper Delivery,Delivery,pitch.1,336504,-0.0658,-0.0154,1.095,-0.0241,0.0661,-0.502,0.0,0.0
1779816507365,2,Pitching Mound.Delivery,,Delivery,pitch.1,335708,7.6586,-7.5843,108.511,-163.78,189.2339,1.5569,-0.1851,0.1376
1779816507365,2,Pitching Mound.Drive,,Delivery,pitch.1,336227,0.0007,-0.0002,0.0189,0.0095,-0.0611,0.0116,0.0,0.0
1779816507365,2,Pitching Mound.Parent,,Delivery,pitch.1,335415,7.6603,-7.5844,108.53,-163.7701,189.1718,1.5692,-0.185,0.1375
1779816507366,2,11.0000004b,Drive,Delivery,pitch.1,336228,0.0006,-0.0006,0.019,0.0101,-0.0597,0.0104,0.0,0.0
1779816507366,2,12.00000015,Lower Delivery,Delivery,pitch.1,335949,7.7485,-7.5183,107.32,-199.9297,189.3186,4.6145,-0.1873,-0.1978
1779816507366,2,12.00000018,Upper Delivery,Delivery,pitch.1,336505,-0.038,0.011,1.2724,-0.0217,0.0698,-0.5211,0.0,0.0
1779816507366,2,Pitching Mound.Delivery,,Delivery,pitch.1,335709,7.7104,-7.5073,108.5924,-163.8952,189.3884,1.4459,-0.1851,0.1366
1779816507366,2,Pitching Mound.Drive,,Delivery,pitch.1,336228,0.0006,-0.0006,0.019,0.0101,-0.0597,0.0104,0.0,0.0
1779816507366,2,Pitching Mound.Parent,,Delivery,pitch.1,335416,7.7111,-7.5075,108.6113,-163.8857,189.3272,1.4575,-0.1851,0.1366
1779816507367,2,11.0000004b,Drive,Delivery,pitch.1,336229,0.0013,-0.0008,0.0193,0.0106,-0.0599,0.0089,0.0,0.0
1779816507367,2,12.00000015,Lower Delivery,Delivery,pitch.1,335950,7.7629,-7.4544,107.3242,-199.9444,189.3775,4.5686,-0.1873,-0.1978
1779816507367,2,12.00000018,Upper Delivery,Delivery,pitch.1,336506,-0.0551,0.0059,1.2866,-0.0172,0.0765,-0.5559,0.0,0.0
1779816507367,2,Pitching Mound.Delivery,,Delivery,pitch.1,335710,7.7078,-7.4485,108.6107,-163.9089,189.454,1.3546,-0.1851,0.1365
1779816507367,2,Pitching Mound.Drive,,Delivery,pitch.1,336229,0.0013,-0.0008,0.0193,0.0106,-0.0599,0.0089,0.0,0.0
1779816507367,2,Pitching Mound.Parent,,Delivery,pitch.1,335417,7.7084,-7.4491,108.6298,-163.8988,189.3942,1.365,-0.1851,0.1365
1779816507368,2,11.0000004b,Drive,Delivery,pitch.1,336230,0.0019,-0.0012,0.0199,0.0094,-0.061,0.009,0.0,0.0
1779816507368,2,12.00000015,Lower Delivery,Delivery,pitch.1,335951,7.7827,-7.383,107.3378,-199.7209,189.276,4.4566,-0.1872,-0.1975
1779816507368,2,12.00000018,Upper Delivery,Delivery,pitch.1,336507,-0.0056,0.0034,1.2782,-0.0123,0.0838,-0.5941,0.0,0.0
1779816507368,2,Pitching Mound.Delivery,,Delivery,pitch.1,335711,7.7771,-7.3796,108.6161,-163.6729,189.3598,1.2145,-0.185,0.1368
1779816507368,2,Pitching Mound.Drive,,Delivery,pitch.1,336230,0.0019,-0.0012,0.0199,0.0094,-0.061,0.009,0.0,0.0
1779816507368,2,Pitching Mound.Parent,,Delivery,pitch.1,335418,7.7784,-7.3804,108.6354,-163.6624,189.2999,1.2234,-0.185,0.1368
1779816507369,2,11.0000004b,Drive,Delivery,pitch.1,336231,0.0011,-0.0013,0.0207,0.01,-0.0611,0.0084,0.0,0.0
1779816507369,2,12.00000015,Lower Delivery,Delivery,pitch.1,335952,7.7781,-7.3061,107.2745,-199.6446,189.3012,4.4232,-0.1873,-0.1976
1779816507369,2,12.00000018,Upper Delivery,Delivery,pitch.1,336508,-0.0314,-0.0165,1.285,-0.0203,0.0718,-0.5318,0.0,0.0
1779816507369,2,Pitching Mound.Delivery,,Delivery,pitch.1,335712,7.7467,-7.3225,108.5594,-163.6285,189.3731,1.2362,-0.1851,0.1367
1779816507369,2,Pitching Mound.Drive,,Delivery,pitch.1,336231,0.0011,-0.0013,0.0207,0.01,-0.0611,0.0084,0.0,0.0
1779816507369,2,Pitching Mound.Parent,,Delivery,pitch.1,335419,7.7486,-7.3238,108.5794,-163.6191,189.3121,1.2451,-0.1851,0.1367
1779816507370,2,11.0000004b,Drive,Delivery,pitch.1,336232,0.0014,-0.0012,0.0207,0.0115,-0.0594,0.0045,0.0,0.0
1779816507370,2,12.00000015,Lower Delivery,Delivery,pitch.1,335953,7.796,-7.2494,107.2531,-199.7526,188.8844,4.3513,-0.187,-0.1977
1779816507370,2,12.00000018,Upper Delivery,Delivery,pitch.1,336509,0.0124,0.0228,1.3227,-0.0178,0.0756,-0.5512,0.0,0.0
1779816507370,2,Pitching Mound.Delivery,,Delivery,pitch.1,335713,7.8084,-7.2266,108.5758,-163.754,188.96,1.1537,-0.1847,0.1364
1779816507370,2,Pitching Mound.Drive,,Delivery,pitch.1,336232,0.0014,-0.0012,0.0207,0.0115,-0.0594,0.0045,0.0,0.0
1779816507370,2,Pitching Mound.Parent,,Delivery,pitch.1,335420,7.8095,-7.2279,108.5965,-163.7441,188.8989,1.1621,-0.1847,0.1364
1779816507371,2,11.0000004b,Drive,Delivery,pitch.1,336233,0.0021,-0.0013,0.0219,0.015,-0.0572,0.005,0.0,0.0
1779816507371,2,12.00000015,Lower Delivery,Delivery,pitch.1,335954,7.8314,-7.1751,107.1241,-199.7389,188.923,4.3365,-0.1872,-0.1979
1779816507371,2,12.00000018,Upper Delivery,Delivery,pitch.1,336510,0.0306,0.0279,1.2956,-0.0179,0.0755,-0.5508,0.0,0.0
1779816507371,2,Pitching Mound.Delivery,,Delivery,pitch.1,335714,7.862,-7.1472,108.4198,-163.775,188.9985,1.1334,-0.185,0.1363
1779816507371,2,Pitching Mound.Drive,,Delivery,pitch.1,336233,0.0021,-0.0013,0.0219,0.015,-0.0572,0.005,0.0,0.0
1779816507371,2,Pitching Mound.Parent,,Delivery,pitch.1,335421,7.8634,-7.1485,108.4405,-163.7635,188.9391,1.1379,-0.185,0.1363
1779816507372,2,11.0000004b,Drive,Delivery,pitch.1,336234,0.0009,-0.0013,0.0213,0.0144,-0.058,0.0038,0.0,0.0
1779816507372,2,12.00000015,Lower Delivery,Delivery,pitch.1,335955,7.8436,-7.1189,107.1412,-199.907,188.7983,4.2502,-0.1871,-0.1981
1779816507372,2,12.00000018,Upper Delivery,Delivery,pitch.1,336511,0.0436,0.0308,1.2749,-0.0145,0.0806,-0.5771,0.0,0.0
1779816507372,2,Pitching Mound.Delivery,,Delivery,pitch.1,335715,7.8872,-7.0881,108.4161,-163.927,188.8788,1.0211,-0.1849,0.1363
1779816507372,2,Pitching Mound.Drive,,Delivery,pitch.1,336234,0.0009,-0.0013,0.0213,0.0144,-0.058,0.0038,0.0,0.0
1779816507372,2,Pitching Mound.Parent,,Delivery,pitch.1,335422,7.8893,-7.0894,108.438,-163.9121,188.8216,1.0261,-0.1848,0.1362
1779816507373,2,11.0000004b,Drive,Delivery,pitch.1,336235,0.001,-0.0014,0.0211,0.0129,-0.0605,0.0015,0.0,0.0
1779816507373,2,12.00000015,Lower Delivery,Delivery,pitch.1,335956,7.8325,-7.0638,107.0006,-199.8926,188.7413,4.1279,-0.1873,-0.1983
1779816507373,2,12.00000018,Upper Delivery,Delivery,pitch.1,336512,0.061,0.0391,1.2949,-0.0157,0.0787,-0.5675,0.0,0.0
1779816507373,2,Pitching Mound.Delivery,,Delivery,pitch.1,335716,7.8934,-7.0247,108.2955,-163.9684,188.82,0.918,-0.185,0.1359
1779816507373,2,Pitching Mound.Drive,,Delivery,pitch.1,336235,0.001,-0.0014,0.0211,0.0129,-0.0605,0.0015,0.0,0.0
1779816507373,2,Pitching Mound.Parent,,Delivery,pitch.1,335423,7.8944,-7.0259,108.3167,-163.954,188.762,0.9218,-0.185,0.1359
1779816507374,2,11.0000004b,Drive,Delivery,pitch.1,336236,0.0003,-0.0013,0.0214,0.0137,-0.0611,-0.0004,0.0,0.0
1779816507374,2,12.00000015,Lower Delivery,Delivery,pitch.1,335957,7.8468,-6.991,106.7877,-200.158,188.9642,4.0496,-0.1879,-0.199
1779816507374,2,12.00000018,Upper Delivery,Delivery,pitch.1,336513,0.1022,0.0679,1.4535,-0.0164,0.0777,-0.5622,0.0,0.0
1779816507374,2,Pitching Mound.Delivery,,Delivery,pitch.1,335717,7.949,-6.9231,108.2412,-164.3608,189.0419,0.8542,-0.1853,0.1346
1779816507374,2,Pitching Mound.Drive,,Delivery,pitch.1,336236,0.0003,-0.0013,0.0214,0.0137,-0.0611,-0.0004,0.0,0.0
1779816507374,2,Pitching Mound.Parent,,Delivery,pitch.1,335424,7.95,-6.9246,108.2623,-164.3479,188.9814,0.8557,-0.1853,0.1345
1779816507375,2,11.0000004b,Drive,Delivery,pitch.1,336237,0.0005,-0.0015,0.0215,0.0134,-0.0623,-0.0007,0.0,0.0
1779816507375,2,12.00000015,Lower Delivery,Delivery,pitch.1,335958,7.8549,-6.9559,106.7574,-200.2008,188.8642,3.9762,-0.1878,-0.1991
1779816507375,2,12.00000018,Upper Delivery,Delivery,pitch.1,336514,0.0838,0.0608,1.3422,-0.0194,0.0732,-0.5388,0.0,0.0
1779816507375,2,Pitching Mound.Delivery,,Delivery,pitch.1,335718,7.9387,-6.8951,108.0996,-164.379,188.9374,0.7952,-0.1855,0.1349
1779816507375,2,Pitching Mound.Drive,,Delivery,pitch.1,336237,0.0005,-0.0015,0.0215,0.0134,-0.0623,-0.0007,0.0,0.0
1779816507375,2,Pitching Mound.Parent,,Delivery,pitch.1,335425,7.939,-6.8965,108.121,-164.3653,188.8763,0.7948,-0.1854,0.1349
1779816507376,2,11.0000004b,Drive,Delivery,pitch.1,336238,0.0003,-0.0017,0.0214,0.0135,-0.0617,-0.0008,0.0,0.0
1779816507376,2,12.00000015,Lower Delivery,Delivery,pitch.1,335959,7.8745,-6.8901,106.7897,-200.2554,188.7444,3.9553,-0.1876,-0.1991
1779816507376,2,12.00000018,Upper Delivery,Delivery,pitch.1,336515,0.0627,0.0415,1.3687,-0.022,0.0693,-0.5187,0.0,0.0
1779816507376,2,Pitching Mound.Delivery,,Delivery,pitch.1,335719,7.9372,-6.8486,108.1585,-164.4343,188.8137,0.7806,-0.1853,0.1348
1779816507376,2,Pitching Mound.Drive,,Delivery,pitch.1,336238,0.0003,-0.0017,0.0214,0.0135,-0.0617,-0.0008,0.0,0.0
1779816507376,2,Pitching Mound.Parent,,Delivery,pitch.1,335426,7.9376,-6.8501,108.18,-164.4208,188.7514,0.7799,-0.1852,0.1348
1779816507377,2,11.0000004b,Drive,Delivery,pitch.1,336239,0.0005,-0.0013,0.0204,0.0119,-0.0623,-0.0014,0.0,0.0
1779816507377,2,12.00000015,Lower Delivery,Delivery,pitch.1,335960,7.8831,-6.8554,106.8507,-200.3909,188.7682,3.9069,-0.1876,-0.1991
1779816507377,2,12.00000018,Upper Delivery,Delivery,pitch.1,336516,0.0847,0.0309,1.2652,-0.0168,0.0771,-0.5592,0.0,0.0
1779816507377,2,Pitching Mound.Delivery,,Delivery,pitch.1,335720,7.9678,-6.8245,108.1159,-164.5086,188.8453,0.6963,-0.1854,0.1353
1779816507377,2,Pitching Mound.Drive,,Delivery,pitch.1,336239,0.0005,-0.0013,0.0204,0.0119,-0.0623,-0.0014,0.0,0.0
1779816507377,2,Pitching Mound.Parent,,Delivery,pitch.1,335427,7.9681,-6.8262,108.1373,-164.4951,188.7836,0.6955,-0.1853,0.1352
1779816507378,2,11.0000004b,Drive,Delivery,pitch.1,336240,0.0002,-0.0014,0.0208,0.0115,-0.0617,0.0002,0.0,0.0
1779816507378,2,12.00000015,Lower Delivery,Delivery,pitch.1,335961,7.8787,-6.7854,106.7657,-200.4072,188.8654,3.8226,-0.1878,-0.1993
1779816507378,2,12.00000015,Lower Delivery,Delivery,pitch.1,335962,7.8844,-6.7418,106.6727,-200.5128,188.7278,3.7722,-0.1878,-0.1996
1779816507378,2,12.00000018,Upper Delivery,Delivery,pitch.1,336517,0.0449,-0.0024,1.2343,-0.0162,0.078,-0.5637,0.0,0.0
1779816507378,2,Pitching Mound.Delivery,,Delivery,pitch.1,335721,7.9237,-6.7878,108.0,-164.5428,188.9434,0.5954,-0.1857,0.1352
1779816507378,2,Pitching Mound.Drive,,Delivery,pitch.1,336240,0.0002,-0.0014,0.0208,0.0115,-0.0617,0.0002,0.0,0.0
1779816507378,2,Pitching Mound.Parent,,Delivery,pitch.1,335428,7.9242,-6.7891,108.0204,-164.5309,188.8811,0.594,-0.1856,0.1352
1779816507379,2,11.0000004b,Drive,Delivery,pitch.1,336241,0.0005,-0.0011,0.0198,0.0113,-0.0588,0.0004,0.0,0.0
1779816507379,2,12.00000015,Lower Delivery,Delivery,pitch.1,335963,7.8934,-6.6881,106.7229,-200.6713,188.6663,3.7782,-0.1877,-0.1996
1779816507379,2,12.00000018,Upper Delivery,Delivery,pitch.1,336518,-0.0161,-0.0305,1.2344,-0.0139,0.0815,-0.5819,0.0,0.0
1779816507379,2,Pitching Mound.Delivery,,Delivery,pitch.1,335722,7.8683,-6.7723,107.9071,-164.6777,188.8093,0.504,-0.1857,0.1349
1779816507379,2,Pitching Mound.Drive,,Delivery,pitch.1,336241,0.0005,-0.0011,0.0198,0.0113,-0.0588,0.0004,0.0,0.0
1779816507379,2,Pitching Mound.Parent,,Delivery,pitch.1,335429,7.8685,-6.7737,107.9279,-164.6662,188.7476,0.5043,-0.1856,0.1349
1779816507380,2,11.0000004b,Drive,Delivery,pitch.1,336242,0.0007,-0.0011,0.0193,0.0135,-0.0595,-0.0011,0.0,0.0
1779816507380,2,12.00000018,Upper Delivery,Delivery,pitch.1,336519,0.0281,0.0115,1.2783,-0.0118,0.0847,-0.5986,0.0,0.0
1779816507380,2,Pitching Mound.Delivery,,Delivery,pitch.1,335723,7.9216,-6.6765,108.0012,-164.8319,188.751,0.5054,-0.1855,0.1347
1779816507380,2,Pitching Mound.Drive,,Delivery,pitch.1,336242,0.0007,-0.0011,0.0193,0.0135,-0.0595,-0.0011,0.0,0.0
1779816507380,2,Pitching Mound.Parent,,Delivery,pitch.1,335430,7.9221,-6.6776,108.021,-164.8206,188.6921,0.5057,-0.1854,0.1347
1779816507381,2,11.0000004b,Drive,Delivery,pitch.1,336243,0.0003,-0.0013,0.0191,0.0117,-0.0634,0.0003,0.0,0.0
1779816507381,2,12.00000015,Lower Delivery,Delivery,pitch.1,335964,7.9129,-6.6599,106.7579,-200.5179,188.791,3.7677,-0.1877,-0.1994
1779816507381,2,12.00000018,Upper Delivery,Delivery,pitch.1,336520,-0.0522,-0.0253,1.1559,-0.019,0.0738,-0.542,0.0,0.0
1779816507381,2,Pitching Mound.Delivery,,Delivery,pitch.1,335724,7.8607,-6.6852,107.9137,-164.6323,188.8648,0.5176,-0.1857,0.1355
1779816507381,2,Pitching Mound.Drive,,Delivery,pitch.1,336243,0.0003,-0.0013,0.0191,0.0117,-0.0634,0.0003,0.0,0.0
1779816507381,2,Pitching Mound.Parent,,Delivery,pitch.1,335431,7.8614,-6.6863,107.9331,-164.6187,188.8053,0.5165,-0.1857,0.1354
1779816507382,2,11.0000004b,Drive,Delivery,pitch.1,336244,0.0003,-0.0012,0.0189,0.0114,-0.0625,0.0008,0.0,0.0
1779816507382,2,12.00000015,Lower Delivery,Delivery,pitch.1,335965,7.9137,-6.6227,106.7672,-200.6942,188.5988,3.775,-0.1875,-0.1996
1779816507382,2,12.00000018,Upper Delivery,Delivery,pitch.1,336521,-0.1306,-0.0671,1.1206,-0.0305,0.0566,-0.4528,0.0,0.0
1779816507382,2,Pitching Mound.Delivery,,Delivery,pitch.1,335725,7.7832,-6.6898,107.8878,-164.8048,188.6554,0.5871,-0.1856,0.1355
1779816507382,2,Pitching Mound.Drive,,Delivery,pitch.1,336244,0.0003,-0.0012,0.0189,0.0114,-0.0625,0.0008,0.0,0.0
1779816507382,2,Pitching Mound.Parent,,Delivery,pitch.1,335432,7.7835,-6.691,107.9068,-164.7931,188.592,0.5874,-0.1856,0.1354
1779816507383,2,11.0000004b,Drive,Delivery,pitch.1,336245,0.0005,-0.0012,0.0191,0.0117,-0.0625,0.0012,0.0,0.0
1779816507383,2,12.00000015,Lower Delivery,Delivery,pitch.1,335966,7.9211,-6.5893,106.7494,-200.6731,188.4399,3.7984,-0.1874,-0.1996
1779816507383,2,12.00000018,Upper Delivery,Delivery,pitch.1,336522,-0.0916,-0.0462,1.2579,-0.0282,0.06,-0.4707,0.0,0.0
1779816507383,2,Pitching Mound.Delivery,,Delivery,pitch.1,335726,7.8295,-6.6354,108.0073,-164.8341,188.5,0.6035,-0.1852,0.1348
1779816507383,2,Pitching Mound.Drive,,Delivery,pitch.1,336245,0.0005,-0.0012,0.0191,0.0117,-0.0625,0.0012,0.0,0.0
1779816507383,2,Pitching Mound.Parent,,Delivery,pitch.1,335433,7.8298,-6.6366,108.0263,-164.8227,188.4374,0.6043,-0.1852,0.1348
1779816507384,2,11.0000004b,Drive,Delivery,pitch.1,336246,0.0002,-0.0014,0.0202,0.011,-0.0621,0.002,0.0,0.0
1779816507384,2,12.00000015,Lower Delivery,Delivery,pitch.1,335967,7.9485,-6.5771,106.7252,-200.6919,188.4227,3.8573,-0.1874,-0.1996
1779816507384,2,12.00000018,Upper Delivery,Delivery,pitch.1,336523,-0.0954,-0.0554,1.2052,-0.0285,0.0595,-0.4679,0.0,0.0
1779816507384,2,Pitching Mound.Delivery,,Delivery,pitch.1,335727,7.8531,-6.6326,107.9304,-164.8436,188.4822,0.6545,-0.1853,0.135
1779816507384,2,Pitching Mound.Drive,,Delivery,pitch.1,336246,0.0002,-0.0014,0.0202,0.011,-0.0621,0.002,0.0,0.0
1779816507384,2,Pitching Mound.Parent,,Delivery,pitch.1,335434,7.8536,-6.6338,107.9496,-164.8319,188.4197,0.6557,-0.1853,0.135
1779816507385,2,11.0000004b,Drive,Delivery,pitch.1,336247,-0.0012,-0.006,0.0298,0.0097,-0.0609,0.0032,0.0,0.0
1779816507385,2,12.00000015,Lower Delivery,Delivery,pitch.1,335969,7.9835,-6.5722,106.7703,-200.7035,188.5192,3.8956,-0.1874,-0.1996
1779816507385,2,12.00000015,Lower Delivery,Delivery,pitch.1,335968,7.9514,-6.5563,106.5902,-200.5997,188.5986,3.8886,-0.1878,-0.1998
1779816507385,2,12.00000018,Upper Delivery,Delivery,pitch.1,336524,-0.0562,-0.0172,1.2934,-0.0338,0.0516,-0.427,0.0,0.0
1779816507385,2,12.00000018,Upper Delivery,Delivery,pitch.1,336525,-0.0274,-0.0139,1.2557,-0.0373,0.0463,-0.3991,0.0,0.0
1779816507385,2,Pitching Mound.Delivery,,Delivery,pitch.1,335728,7.8953,-6.5735,107.8836,-164.8325,188.6503,0.7391,-0.1856,0.1344
1779816507385,2,Pitching Mound.Delivery,,Delivery,pitch.1,335729,7.956,-6.5861,108.026,-164.8658,188.5655,0.7728,-0.1853,0.1349
1779816507385,2,Pitching Mound.Drive,,Delivery,pitch.1,336247,-0.0012,-0.006,0.0298,0.0097,-0.0609,0.0032,0.0,0.0
1779816507385,2,Pitching Mound.Parent,,Delivery,pitch.1,335435,7.8955,-6.575,107.9039,-164.8216,188.5881,0.7411,-0.1856,0.1344
1779816507385,2,Pitching Mound.Parent,,Delivery,pitch.1,335436,7.9548,-6.5921,108.0558,-164.8562,188.5046,0.776,-0.1852,0.1348
1779816507386,2,11.0000004b,Drive,Delivery,pitch.1,336248,-0.0021,-0.0077,0.0349,0.0099,-0.0613,0.0054,0.0,0.0
1779816507386,2,12.00000015,Lower Delivery,Delivery,pitch.1,335970,7.9865,-6.5718,106.8918,-200.8461,188.6334,3.9113,-0.1873,-0.1995
1779816507386,2,Pitching Mound.Drive,,Delivery,pitch.1,336248,-0.0021,-0.0077,0.0349,0.0099,-0.0613,0.0054,0.0,0.0
1779816507387,2,11.0000004b,Drive,Delivery,pitch.1,336249,-0.0021,-0.0084,0.0354,0.0106,-0.061,0.0048,0.0,0.0
1779816507387,2,12.00000015,Lower Delivery,Delivery,pitch.1,335971,8.015,-6.5834,106.9275,-200.8766,188.9197,3.9318,-0.1876,-0.1994
1779816507387,2,12.00000018,Upper Delivery,Delivery,pitch.1,336526,-0.0733,-0.0279,1.2135,-0.0404,0.0417,-0.3753,0.0,0.0
1779816507387,2,12.00000018,Upper Delivery,Delivery,pitch.1,336527,0.0093,0.0172,1.3652,-0.043,0.0377,-0.3546,0.0,0.0
1779816507387,2,Pitching Mound.Delivery,,Delivery,pitch.1,335731,8.0243,-6.5662,108.2927,-165.0285,188.9574,0.8553,-0.1852,0.1345
1779816507387,2,Pitching Mound.Delivery,,Delivery,pitch.1,335730,7.9132,-6.5998,108.1052,-164.9559,188.6751,0.7956,-0.1852,0.1351
1779816507387,2,Pitching Mound.Drive,,Delivery,pitch.1,336249,-0.0021,-0.0084,0.0354,0.0106,-0.061,0.0048,0.0,0.0
1779816507387,2,Pitching Mound.Parent,,Delivery,pitch.1,335437,7.9111,-6.6075,108.1402,-164.946,188.6137,0.801,-0.1852,0.1351
1779816507387,2,Pitching Mound.Parent,,Delivery,pitch.1,335438,8.0223,-6.5746,108.3282,-165.0179,188.8964,0.8601,-0.1851,0.1345
1779816507388,2,11.0000004b,Drive,Delivery,pitch.1,336250,-0.0017,-0.0063,0.031,0.0108,-0.0593,0.0051,0.0,0.0
1779816507388,2,12.00000015,Lower Delivery,Delivery,pitch.1,335972,8.0364,-6.6146,107.095,-200.9877,188.8236,3.9643,-0.1872,-0.1992
1779816507388,2,Pitching Mound.Drive,,Delivery,pitch.1,336250,-0.0017,-0.0063,0.031,0.0108,-0.0593,0.0051,0.0,0.0
1779816507389,2,11.0000004b,Drive,Delivery,pitch.1,336251,-0.0011,-0.0033,0.0254,0.01,-0.0597,0.0042,0.0,0.0
1779816507389,2,12.00000015,Lower Delivery,Delivery,pitch.1,335973,8.0565,-6.644,107.2841,-201.049,189.1914,3.9969,-0.1872,-0.1989
1779816507389,2,12.00000018,Upper Delivery,Delivery,pitch.1,336528,0.0284,0.0184,1.4067,-0.048,0.0302,-0.3159,0.0,0.0
1779816507389,2,Pitching Mound.Delivery,,Delivery,pitch.1,335732,8.0648,-6.5962,108.5017,-165.1017,188.8538,0.9257,-0.1848,0.1345
1779816507389,2,Pitching Mound.Drive,,Delivery,pitch.1,336251,-0.0011,-0.0033,0.0254,0.01,-0.0597,0.0042,0.0,0.0
1779816507389,2,Pitching Mound.Parent,,Delivery,pitch.1,335439,8.0631,-6.6025,108.5327,-165.0909,188.7946,0.9308,-0.1847,0.1345
1779816507390,2,11.0000004b,Drive,Delivery,pitch.1,336252,-0.0012,-0.0037,0.026,0.0109,-0.061,0.0028,0.0,0.0
1779816507390,2,12.00000015,Lower Delivery,Delivery,pitch.1,335974,8.0928,-6.6524,107.3702,-201.2459,189.5735,3.9889,-0.1874,-0.199
1779816507390,2,12.00000018,Upper Delivery,Delivery,pitch.1,336529,0.0433,0.0211,1.3219,-0.0466,0.0323,-0.3267,0.0,0.0
1779816507390,2,Pitching Mound.Delivery,,Delivery,pitch.1,335733,8.0998,-6.6229,108.606,-165.0684,189.2238,0.9457,-0.1849,0.1352
1779816507390,2,Pitching Mound.Drive,,Delivery,pitch.1,336252,-0.0012,-0.0037,0.026,0.0109,-0.061,0.0028,0.0,0.0
1779816507390,2,Pitching Mound.Parent,,Delivery,pitch.1,335440,8.0987,-6.6263,108.6314,-165.0584,189.1641,0.9499,-0.1849,0.1352
1779816507391,2,11.0000004b,Drive,Delivery,pitch.1,336253,-0.0024,-0.0064,0.0329,0.0191,-0.0566,0.0048,0.0,0.0
1779816507391,2,12.00000015,Lower Delivery,Delivery,pitch.1,335975,8.0924,-6.666,107.5099,-201.1997,189.7333,3.9688,-0.1874,-0.1987
1779816507391,2,12.00000018,Upper Delivery,Delivery,pitch.1,336530,0.0415,0.0072,1.1225,-0.0504,0.0267,-0.2975,0.0,0.0
1779816507391,2,Pitching Mound.Delivery,,Delivery,pitch.1,335734,8.1344,-6.6453,108.4927,-165.1721,189.6002,0.9539,-0.1855,0.136
1779816507391,2,Pitching Mound.Drive,,Delivery,pitch.1,336253,-0.0024,-0.0064,0.0329,0.0191,-0.0566,0.0048,0.0,0.0
1779816507391,2,Pitching Mound.Parent,,Delivery,pitch.1,335441,8.1332,-6.649,108.5187,-165.1612,189.5392,0.9568,-0.1855,0.136
1779816507392,2,11.0000004b,Drive,Delivery,pitch.1,336254,-0.0018,-0.0036,0.0275,0.0224,-0.053,0.0052,0.0,0.0
1779816507392,2,12.00000018,Upper Delivery,Delivery,pitch.1,336531,-0.0151,-0.0256,0.9715,-0.049,0.0287,-0.308,0.0,0.0
1779816507392,2,Pitching Mound.Delivery,,Delivery,pitch.1,335735,8.0773,-6.6915,108.4814,-165.0256,189.7621,0.9042,-0.1857,0.137
1779816507392,2,Pitching Mound.Drive,,Delivery,pitch.1,336254,-0.0018,-0.0036,0.0275,0.0224,-0.053,0.0052,0.0,0.0
1779816507392,2,Pitching Mound.Parent,,Delivery,pitch.1,335442,8.0749,-6.698,108.5142,-165.0065,189.7054,0.9091,-0.1856,0.137
1779816507393,2,11.0000004b,Drive,Delivery,pitch.1,336255,-0.002,-0.004,0.0289,0.0202,-0.0543,0.0059,0.0,0.0
1779816507393,2,12.00000015,Lower Delivery,Delivery,pitch.1,335976,8.0955,-6.6715,107.5685,-201.0512,189.6753,3.9711,-0.1872,-0.1984
1779816507393,2,12.00000018,Upper Delivery,Delivery,pitch.1,336532,0.0181,0.0061,0.9846,-0.0478,0.0306,-0.3177,0.0,0.0
1779816507393,2,Pitching Mound.Delivery,,Delivery,pitch.1,335736,8.1136,-6.6654,108.5531,-164.8604,189.7059,0.907,-0.1855,0.1372
1779816507393,2,Pitching Mound.Drive,,Delivery,pitch.1,336255,-0.002,-0.004,0.0289,0.0202,-0.0543,0.0059,0.0,0.0
1779816507393,2,Pitching Mound.Parent,,Delivery,pitch.1,335443,8.1119,-6.6689,108.5806,-164.8381,189.6529,0.9122,-0.1855,0.1372
1779816507394,2,11.0000004b,Drive,Delivery,pitch.1,336256,-0.002,-0.0023,0.0265,0.017,-0.0549,0.0048,0.0,0.0
1779816507394,2,12.00000015,Lower Delivery,Delivery,pitch.1,335977,8.1021,-6.6769,107.6767,-201.1054,189.7441,3.958,-0.1871,-0.1983
1779816507394,2,12.00000018,Upper Delivery,Delivery,pitch.1,336533,0.0127,0.0012,1.033,-0.05,0.0272,-0.3003,0.0,0.0
1779816507394,2,Pitching Mound.Delivery,,Delivery,pitch.1,335737,8.1148,-6.6757,108.7097,-164.8966,189.7714,0.9072,-0.1853,0.1371
1779816507394,2,Pitching Mound.Drive,,Delivery,pitch.1,336256,-0.002,-0.0023,0.0265,0.017,-0.0549,0.0048,0.0,0.0
1779816507394,2,Pitching Mound.Parent,,Delivery,pitch.1,335444,8.1128,-6.6797,108.7386,-164.8763,189.7171,0.9132,-0.1852,0.1371
1779816507395,2,11.0000004b,Drive,Delivery,pitch.1,336257,-0.0018,-0.0016,0.025,0.0153,-0.0565,0.0076,0.0,0.0
1779816507395,2,12.00000015,Lower Delivery,Delivery,pitch.1,335978,8.1297,-6.6799,107.8975,-201.2218,189.8538,3.9687,-0.1868,-0.198
1779816507395,2,12.00000018,Upper Delivery,Delivery,pitch.1,336534,-0.006,-0.0072,1.074,-0.0487,0.0293,-0.3108,0.0,0.0
1779816507395,2,Pitching Mound.Delivery,,Delivery,pitch.1,335738,8.1237,-6.6872,108.9715,-164.9505,189.883,0.8918,-0.185,0.1373
1779816507395,2,Pitching Mound.Drive,,Delivery,pitch.1,336257,-0.0018,-0.0016,0.025,0.0153,-0.0565,0.0076,0.0,0.0
1779816507395,2,Pitching Mound.Parent,,Delivery,pitch.1,335445,8.1218,-6.6895,108.9981,-164.9335,189.8282,0.8966,-0.1849,0.1372
1779816507396,2,11.0000004b,Drive,Delivery,pitch.1,336258,-0.0009,-0.0004,0.0215,0.0163,-0.0568,0.0072,0.0,0.0
1779816507396,2,12.00000015,Lower Delivery,Delivery,pitch.1,335979,8.121,-6.6986,108.3166,-201.4071,189.6394,3.9608,-0.1859,-0.1974
1779816507396,2,12.00000018,Upper Delivery,Delivery,pitch.1,336535,-0.0187,0.024,1.17,-0.0509,0.0259,-0.2933,0.0,0.0
1779816507396,2,Pitching Mound.Delivery,,Delivery,pitch.1,335739,8.1022,-6.6746,109.4866,-165.0281,189.6653,0.9,-0.1839,0.1374
1779816507396,2,Pitching Mound.Drive,,Delivery,pitch.1,336258,-0.0009,-0.0004,0.0215,0.0163,-0.0568,0.0072,0.0,0.0
1779816507396,2,Pitching Mound.Parent,,Delivery,pitch.1,335446,8.1005,-6.6762,109.5116,-165.0128,189.6088,0.9076,-0.1838,0.1374
1779816507397,2,11.0000004b,Drive,Delivery,pitch.1,336259,-0.0014,-0.0002,0.0225,0.0143,-0.0569,0.0083,0.0,0.0
1779816507397,2,12.00000015,Lower Delivery,Delivery,pitch.1,335980,8.1144,-6.6652,108.2739,-201.441,189.6588,3.9467,-0.186,-0.1975
1779816507397,2,12.00000018,Upper Delivery,Delivery,pitch.1,336536,-0.1091,-0.0031,1.0916,-0.0641,0.0061,-0.1903,0.0,0.0
1779816507397,2,12.00000018,Upper Delivery,Delivery,pitch.1,336537,-0.147,-0.0165,1.0469,-0.0581,0.0151,-0.2371,0.0,0.0
1779816507397,2,Pitching Mound.Delivery,,Delivery,pitch.1,335740,8.0052,-6.6683,109.3655,-165.0631,189.6649,0.9604,-0.1841,0.1377
1779816507397,2,Pitching Mound.Drive,,Delivery,pitch.1,336259,-0.0014,-0.0002,0.0225,0.0143,-0.0569,0.0083,0.0,0.0
1779816507397,2,Pitching Mound.Parent,,Delivery,pitch.1,335447,8.0043,-6.6687,109.387,-165.0468,189.608,0.9676,-0.1841,0.1376
1779816507398,2,11.0000004b,Drive,Delivery,pitch.1,336260,-0.0027,-0.0009,0.0254,0.0131,-0.0574,0.0095,0.0,0.0
1779816507398,2,12.00000015,Lower Delivery,Delivery,pitch.1,335981,8.1141,-6.6534,108.269,-201.633,189.5445,3.9582,-0.1859,-0.1977
1779816507398,2,12.00000018,Upper Delivery,Delivery,pitch.1,336538,-0.177,-0.026,1.0231,-0.0622,0.0089,-0.2053,0.0,0.0
1779816507398,2,Pitching Mound.Delivery,,Delivery,pitch.1,335741,7.9671,-6.6699,109.3159,-165.2356,189.5596,0.9123,-0.1841,0.1377
1779816507398,2,Pitching Mound.Drive,,Delivery,pitch.1,336260,-0.0027,-0.0009,0.0254,0.0131,-0.0574,0.0095,0.0,0.0
1779816507398,2,Pitching Mound.Parent,,Delivery,pitch.1,335448,7.9657,-6.6702,109.3384,-165.2213,189.5027,0.9205,-0.184,0.1376
1779816507399,2,11.0000004b,Drive,Delivery,pitch.1,336261,-0.0046,-0.0039,0.0317,0.0171,-0.0581,0.011,0.0,0.0
1779816507399,2,12.00000015,Lower Delivery,Delivery,pitch.1,335982,8.1032,-6.6281,108.3872,-201.9276,189.6303,3.9389,-0.1857,-0.1978
1779816507399,2,12.00000018,Upper Delivery,Delivery,pitch.1,336539,-0.2648,-0.0529,0.7933,-0.0777,-0.0144,-0.0842,0.0,0.0
1779816507399,2,Pitching Mound.Delivery,,Delivery,pitch.1,335742,7.9262,-6.6541,109.4103,-165.4861,189.6392,0.9183,-0.184,0.1377
1779816507399,2,Pitching Mound.Drive,,Delivery,pitch.1,336261,-0.0046,-0.0039,0.0317,0.0171,-0.0581,0.011,0.0,0.0
1779816507399,2,Pitching Mound.Parent,,Delivery,pitch.1,335449,7.9236,-6.655,109.4356,-165.473,189.5818,0.9278,-0.184,0.1377
1779816507400,2,11.0000004b,Drive,Delivery,pitch.1,336262,-0.0059,-0.0051,0.0348,0.0161,-0.059,0.0101,0.0,0.0
1779816507400,2,12.00000015,Lower Delivery,Delivery,pitch.1,335983,8.0934,-6.6072,108.3287,-202.1333,189.5278,3.9345,-0.1857,-0.1981
1779816507400,2,Pitching Mound.Delivery,,Delivery,pitch.1,335743,7.8286,-6.6601,109.122,-165.649,189.5134,1.0086,-0.1844,0.1384
1779816507400,2,Pitching Mound.Drive,,Delivery,pitch.1,336262,-0.0059,-0.0051,0.0348,0.0161,-0.059,0.0101,0.0,0.0
1779816507400,2,Pitching Mound.Parent,,Delivery,pitch.1,335450,7.824,-6.664,109.1537,-165.6319,189.4553,1.0196,-0.1843,0.1384
1779816507401,2,11.0000004b,Drive,Delivery,pitch.1,336263,-0.0028,-0.0042,0.0304,0.0132,-0.0604,0.0073,0.0,0.0
1779816507401,2,12.00000015,Lower Delivery,Delivery,pitch.1,335984,8.073,-6.5813,108.407,-202.3624,189.5464,3.867,-0.1856,-0.1982
1779816507401,2,12.00000018,Upper Delivery,Delivery,pitch.1,336540,-0.3254,-0.0859,0.6136,-0.0884,-0.0304,-0.0012,0.0,0.0
1779816507401,2,12.00000018,Upper Delivery,Delivery,pitch.1,336541,-0.357,-0.0831,0.5278,-0.0884,-0.0304,-0.0012,0.0,0.0
1779816507401,2,Pitching Mound.Delivery,,Delivery,pitch.1,335744,7.7477,-6.6672,109.0206,-165.801,189.5161,1.0103,-0.1846,0.1391
1779816507401,2,Pitching Mound.Drive,,Delivery,pitch.1,336263,-0.0028,-0.0042,0.0304,0.0132,-0.0604,0.0073,0.0,0.0
1779816507401,2,Pitching Mound.Parent,,Delivery,pitch.1,335451,7.7418,-6.6724,109.0554,-165.7849,189.4571,1.0204,-0.1845,0.1391
1779816507402,2,11.0000004b,Drive,Delivery,pitch.1,336264,-0.0045,-0.0054,0.0337,0.0129,-0.0625,0.0071,0.0,0.0
1779816507402,2,12.00000015,Lower Delivery,Delivery,pitch.1,335985,8.0747,-6.5601,108.5205,-202.474,189.2079,3.8419,-0.1851,-0.1981
1779816507402,2,12.00000018,Upper Delivery,Delivery,pitch.1,336542,-0.3561,-0.0876,0.647,-0.0884,-0.0304,-0.0012,0.0,0.0
1779816507402,2,Pitching Mound.Delivery,,Delivery,pitch.1,335745,7.7176,-6.6433,109.0482,-165.8449,189.1775,0.9739,-0.1842,0.1396
1779816507402,2,Pitching Mound.Drive,,Delivery,pitch.1,336264,-0.0045,-0.0054,0.0337,0.0129,-0.0625,0.0071,0.0,0.0
1779816507402,2,Pitching Mound.Parent,,Delivery,pitch.1,335452,7.7148,-6.6475,109.0787,-165.8317,189.1171,0.9812,-0.1841,0.1396
1779816507403,2,11.0000004b,Drive,Delivery,pitch.1,336265,-0.0044,-0.0057,0.0341,0.0124,-0.0627,0.0065,0.0,0.0
1779816507403,2,12.00000015,Lower Delivery,Delivery,pitch.1,335986,8.0716,-6.5625,108.7438,-202.8358,189.1772,3.7459,-0.1847,-0.198
1779816507403,2,12.00000015,Lower Delivery,Delivery,pitch.1,335987,8.0672,-6.5544,108.8509,-202.9238,189.579,3.682,-0.1849,-0.1979
1779816507403,2,12.00000018,Upper Delivery,Delivery,pitch.1,336543,-0.3911,-0.1442,0.372,-0.0884,-0.0304,-0.0012,0.0,0.0
1779816507403,2,Pitching Mound.Delivery,,Delivery,pitch.1,335746,7.7156,-6.6502,109.3908,-166.1713,189.1468,0.8793,-0.1836,0.1391
1779816507403,2,Pitching Mound.Delivery,,Delivery,pitch.1,335747,7.6761,-6.6987,109.2229,-166.1294,189.5487,0.805,-0.1843,0.1404
1779816507403,2,Pitching Mound.Drive,,Delivery,pitch.1,336265,-0.0044,-0.0057,0.0341,0.0124,-0.0627,0.0065,0.0,0.0
1779816507403,2,Pitching Mound.Parent,,Delivery,pitch.1,335453,7.711,-6.6556,109.4245,-166.1583,189.0843,0.8864,-0.1835,0.1391
1779816507403,2,Pitching Mound.Parent,,Delivery,pitch.1,335454,7.6717,-6.7043,109.257,-166.117,189.486,0.8115,-0.1842,0.1404
1779816507404,2,11.0000004b,Drive,Delivery,pitch.1,336266,-0.0058,-0.0063,0.0351,0.0126,-0.0629,0.0047,0.0,0.0
1779816507404,2,12.00000018,Upper Delivery,Delivery,pitch.1,336544,-0.4143,-0.1572,0.3226,-0.0884,-0.0304,-0.0012,0.0,0.0
1779816507404,2,Pitching Mound.Drive,,Delivery,pitch.1,336266,-0.0058,-0.0063,0.0351,0.0126,-0.0629,0.0047,0.0,0.0
1779816507405,2,11.0000004b,Drive,Delivery,pitch.1,336267,-0.0028,-0.0036,0.0289,0.0144,-0.0673,0.0058,0.0,0.0
1779816507405,2,12.00000015,Lower Delivery,Delivery,pitch.1,335988,8.0418,-6.5607,109.0825,-203.1032,189.5658,3.5794,-0.1845,-0.1977
1779816507405,2,12.00000018,Upper Delivery,Delivery,pitch.1,336545,-0.4059,-0.1272,0.3851,-0.0884,-0.0304,-0.0012,0.0,0.0
1779816507405,2,Pitching Mound.Delivery,,Delivery,pitch.1,335748,7.6274,-6.7178,109.4051,-166.2132,189.5355,0.7031,-0.1839,0.1409
1779816507405,2,Pitching Mound.Drive,,Delivery,pitch.1,336267,-0.0028,-0.0036,0.0289,0.0144,-0.0673,0.0058,0.0,0.0
1779816507405,2,Pitching Mound.Parent,,Delivery,pitch.1,335455,7.6216,-6.7242,109.4403,-166.2006,189.4726,0.7079,-0.1839,0.1409
1779816507406,2,11.0000004b,Drive,Delivery,pitch.1,336268,-0.0037,-0.0086,0.0387,0.0141,-0.066,0.0037,0.0,0.0
1779816507406,2,12.00000015,Lower Delivery,Delivery,pitch.1,335989,8.0252,-6.5694,109.127,-203.2416,189.4606,3.5079,-0.1843,-0.1977
1779816507406,2,12.00000015,Lower Delivery,Delivery,pitch.1,335990,8.0078,-6.5662,109.1475,-203.4144,189.5575,3.3567,-0.1844,-0.1979
1779816507406,2,12.00000018,Upper Delivery,Delivery,pitch.1,336546,-0.3934,-0.1464,0.4052,-0.0884,-0.0304,-0.0012,0.0,0.0
1779816507406,2,Pitching Mound.Delivery,,Delivery,pitch.1,335750,7.6144,-6.7126,109.5527,-166.5305,189.5272,0.4991,-0.1837,0.1404
1779816507406,2,Pitching Mound.Delivery,,Delivery,pitch.1,335749,7.6193,-6.6967,109.5121,-166.3577,189.4303,0.6401,-0.1837,0.1406
1779816507406,2,Pitching Mound.Drive,,Delivery,pitch.1,336268,-0.0037,-0.0086,0.0387,0.0141,-0.066,0.0037,0.0,0.0
1779816507406,2,Pitching Mound.Parent,,Delivery,pitch.1,335456,7.6165,-6.7003,109.5409,-166.3433,189.363,0.6459,-0.1836,0.1405
1779816507406,2,Pitching Mound.Parent,,Delivery,pitch.1,335457,7.6108,-6.7212,109.5914,-166.5164,189.4612,0.5028,-0.1836,0.1403
1779816507407,2,11.0000004b,Drive,Delivery,pitch.1,336269,-0.0115,-0.0118,0.0501,0.013,-0.0658,0.0046,0.0,0.0
1779816507407,2,12.00000015,Lower Delivery,Delivery,pitch.1,335991,7.9828,-6.5743,109.2678,-203.5341,189.6186,3.2722,-0.1842,-0.1978
1779816507407,2,12.00000018,Upper Delivery,Delivery,pitch.1,336547,-0.4331,-0.1754,0.4258,-0.0884,-0.0304,-0.0012,0.0,0.0
1779816507407,2,Pitching Mound.Delivery,,Delivery,pitch.1,335751,7.5497,-6.7497,109.6936,-166.6162,189.5882,0.4095,-0.1835,0.1404
1779816507407,2,Pitching Mound.Drive,,Delivery,pitch.1,336269,-0.0115,-0.0118,0.0501,0.013,-0.0658,0.0046,0.0,0.0
1779816507407,2,Pitching Mound.Parent,,Delivery,pitch.1,335458,7.5382,-6.7615,109.7437,-166.6032,189.5224,0.4142,-0.1834,0.1403
1779816507408,2,11.0000004b,Drive,Delivery,pitch.1,336270,-0.0069,-0.0092,0.0422,0.0126,-0.0651,0.0055,0.0,0.0
1779816507408,2,12.00000015,Lower Delivery,Delivery,pitch.1,335992,7.9831,-6.5556,109.2308,-203.6531,189.8019,3.1186,-0.1845,-0.1979
1779816507408,2,12.00000018,Upper Delivery,Delivery,pitch.1,336548,-0.3742,-0.1481,0.424,-0.0884,-0.0304,-0.0012,0.0,0.0
1779816507408,2,Pitching Mound.Delivery,,Delivery,pitch.1,335752,7.6088,-6.7037,109.6548,-166.7471,189.7715,0.2759,-0.1838,0.1402
1779816507408,2,Pitching Mound.Drive,,Delivery,pitch.1,336270,-0.0069,-0.0092,0.0422,0.0126,-0.0651,0.0055,0.0,0.0
1779816507408,2,Pitching Mound.Parent,,Delivery,pitch.1,335459,7.602,-6.7129,109.697,-166.7345,189.7065,0.2814,-0.1837,0.1401
1779816507409,2,11.0000004b,Drive,Delivery,pitch.1,336271,-0.008,-0.007,0.0386,0.0122,-0.0656,0.0068,0.0,0.0
1779816507409,2,12.00000015,Lower Delivery,Delivery,pitch.1,335993,7.9896,-6.5649,109.3226,-203.7601,190.1382,3.0172,-0.1846,-0.1979
1779816507409,2,12.00000018,Upper Delivery,Delivery,pitch.1,336549,-0.4311,-0.1592,0.4663,-0.0884,-0.0304,-0.0012,0.0,0.0
1779816507409,2,Pitching Mound.Delivery,,Delivery,pitch.1,335753,7.5586,-6.7241,109.789,-166.8374,190.1078,0.153,-0.1839,0.1401
1779816507409,2,Pitching Mound.Drive,,Delivery,pitch.1,336271,-0.008,-0.007,0.0386,0.0122,-0.0656,0.0068,0.0,0.0
1779816507409,2,Pitching Mound.Parent,,Delivery,pitch.1,335460,7.5505,-6.7311,109.8276,-166.8252,190.0422,0.1598,-0.1838,0.14
1779816507410,2,11.0000004b,Drive,Delivery,pitch.1,336272,-0.0162,-0.0103,0.0508,0.0106,-0.063,0.009,0.0,0.0
1779816507410,2,12.00000015,Lower Delivery,Delivery,pitch.1,335994,7.9695,-6.5515,109.3583,-203.9257,190.4062,2.9431,-0.1848,-0.198
1779816507410,2,12.00000018,Upper Delivery,Delivery,pitch.1,336550,-0.2876,-0.0899,0.6657,-0.0884,-0.0304,-0.0012,0.0,0.0
1779816507410,2,Pitching Mound.Delivery,,Delivery,pitch.1,335754,7.6819,-6.6414,110.024,-167.0586,190.3759,0.1345,-0.1837,0.1391
1779816507410,2,Pitching Mound.Drive,,Delivery,pitch.1,336272,-0.0162,-0.0103,0.0508,0.0106,-0.063,0.009,0.0,0.0
1779816507410,2,Pitching Mound.Parent,,Delivery,pitch.1,335461,7.6657,-6.6517,110.0748,-167.048,190.3129,0.1436,-0.1836,0.1391
1779816507411,2,11.0000004b,Drive,Delivery,pitch.1,336273,-0.018,-0.0115,0.0663,0.0116,-0.0636,0.0132,0.0,0.0
1779816507411,2,12.00000018,Upper Delivery,Delivery,pitch.1,336551,-0.2184,-0.0651,0.8194,-0.0884,-0.0304,-0.0012,0.0,0.0
1779816507411,2,Pitching Mound.Drive,,Delivery,pitch.1,336273,-0.018,-0.0115,0.0663,0.0116,-0.0636,0.0132,0.0,0.0
1779816507412,2,11.0000004b,Drive,Delivery,pitch.1,336274,-0.0186,-0.0112,0.0664,0.0107,-0.0643,0.0157,0.0,0.0
1779816507412,2,12.00000015,Lower Delivery,Delivery,pitch.1,335995,7.9394,-6.5341,109.3504,-204.266,190.3769,2.863,-0.1848,-0.1983
1779816507412,2,12.00000015,Lower Delivery,Delivery,pitch.1,335996,7.9251,-6.5317,109.5898,-204.5058,190.653,2.7812,-0.1847,-0.1981
1779816507412,2,12.00000018,Upper Delivery,Delivery,pitch.1,336552,-0.2543,-0.0527,0.8027,-0.0884,-0.0304,-0.0012,0.0,0.0
1779816507412,2,Pitching Mound.Delivery,,Delivery,pitch.1,335755,7.721,-6.5992,110.1698,-167.4539,190.3466,0.0881,-0.1835,0.1381
1779816507412,2,Pitching Mound.Delivery,,Delivery,pitch.1,335756,7.6708,-6.5844,110.3925,-167.6066,190.6227,-0.001,-0.1833,0.1384
1779816507412,2,Pitching Mound.Drive,,Delivery,pitch.1,336274,-0.0186,-0.0112,0.0664,0.0107,-0.0643,0.0157,0.0,0.0
1779816507412,2,Pitching Mound.Parent,,Delivery,pitch.1,335462,7.703,-6.6107,110.2361,-167.4423,190.283,0.1014,-0.1833,0.138
1779816507412,2,Pitching Mound.Parent,,Delivery,pitch.1,335463,7.6521,-6.5956,110.4589,-167.5959,190.5583,0.0146,-0.1832,0.1383
1779816507413,2,11.0000004b,Drive,Delivery,pitch.1,336275,-0.0199,-0.0115,0.0656,0.0113,-0.0638,0.0158,0.0,0.0
1779816507413,2,Pitching Mound.Drive,,Delivery,pitch.1,336275,-0.0199,-0.0115,0.0656,0.0113,-0.0638,0.0158,0.0,0.0
1779816507414,2,11.0000004b,Drive,Delivery,pitch.1,336276,-0.0203,-0.01,0.0585,0.013,-0.0662,0.0107,0.0,0.0
1779816507414,2,12.00000015,Lower Delivery,Delivery,pitch.1,335998,7.9222,-6.4699,109.7053,-205.1406,191.2979,2.7041,-0.1851,-0.1985
1779816507414,2,12.00000015,Lower Delivery,Delivery,pitch.1,335997,7.9054,-6.5122,109.6958,-204.8604,190.8279,2.7451,-0.1847,-0.1983
1779816507414,2,12.00000018,Upper Delivery,Delivery,pitch.1,336553,-0.3445,-0.1016,0.7683,-0.0883,-0.0303,-0.0014,0.0,0.0
1779816507414,2,12.00000018,Upper Delivery,Delivery,pitch.1,336554,-0.3478,-0.0949,0.8543,-0.0884,-0.0304,-0.0012,0.0,0.0
1779816507414,2,Pitching Mound.Delivery,,Delivery,pitch.1,335757,7.5608,-6.6138,110.4642,-167.9134,190.7976,-0.0612,-0.1834,0.1384
1779816507414,2,Pitching Mound.Delivery,,Delivery,pitch.1,335758,7.5743,-6.5648,110.5596,-168.2196,191.2676,-0.1089,-0.1837,0.1378
1779816507414,2,Pitching Mound.Drive,,Delivery,pitch.1,336276,-0.0203,-0.01,0.0585,0.013,-0.0662,0.0107,0.0,0.0
1779816507414,2,Pitching Mound.Parent,,Delivery,pitch.1,335464,7.541,-6.6253,110.5298,-167.9021,190.7338,-0.0454,-0.1833,0.1383
1779816507414,2,Pitching Mound.Parent,,Delivery,pitch.1,335465,7.554,-6.5748,110.6182,-168.2066,191.2014,-0.0982,-0.1836,0.1377
1779816507415,2,11.0000004b,Drive,Delivery,pitch.1,336277,-0.0209,-0.0103,0.0561,0.013,-0.0652,0.0114,0.0,0.0
1779816507415,2,12.00000015,Lower Delivery,Delivery,pitch.1,335999,7.9147,-6.4369,109.7312,-205.4054,191.5404,2.6885,-0.1853,-0.1987
1779816507415,2,Pitching Mound.Drive,,Delivery,pitch.1,336277,-0.0209,-0.0103,0.0561,0.013,-0.0652,0.0114,0.0,0.0
1779816507416,2,11.0000004b,Drive,Delivery,pitch.1,336278,-0.0138,-0.0057,0.0415,0.0122,-0.0656,0.0076,0.0,0.0
1779816507416,2,12.00000018,Upper Delivery,Delivery,pitch.1,336555,-0.3524,-0.0916,0.966,-0.0884,-0.0304,-0.0012,0.0,0.0
1779816507416,2,12.00000018,Upper Delivery,Delivery,pitch.1,336556,-0.3147,-0.0917,0.9343,-0.0747,-0.0099,-0.1076,0.0,0.0
1779816507416,2,Pitching Mound.Delivery,,Delivery,pitch.1,335759,7.5622,-6.5285,110.6972,-168.5136,191.51,-0.1236,-0.1837,0.1371
1779816507416,2,Pitching Mound.Drive,,Delivery,pitch.1,336278,-0.0138,-0.0057,0.0415,0.0122,-0.0656,0.0076,0.0,0.0
1779816507416,2,Pitching Mound.Parent,,Delivery,pitch.1,335466,7.5413,-6.5388,110.7533,-168.5006,191.4448,-0.1121,-0.1836,0.137
1779816507417,2,11.0000004b,Drive,Delivery,pitch.1,336279,-0.0094,-0.0024,0.0323,0.0125,-0.0673,0.0064,0.0,0.0
1779816507417,2,12.00000015,Lower Delivery,Delivery,pitch.1,336000,7.9199,-6.3985,109.9398,-205.8014,191.7475,2.6535,-0.1852,-0.1987
1779816507417,2,12.00000015,Lower Delivery,Delivery,pitch.1,336001,7.9451,-6.3679,110.1417,-206.2294,192.2867,2.5897,-0.1853,-0.1988
1779816507417,2,12.00000018,Upper Delivery,Delivery,pitch.1,336557,-0.2546,-0.043,1.1533,-0.0695,-0.0021,-0.1481,0.0,0.0
1779816507417,2,Pitching Mound.Delivery,,Delivery,pitch.1,335760,7.6052,-6.4902,110.8741,-168.8143,191.7376,-0.2538,-0.1836,0.1372
1779816507417,2,Pitching Mound.Delivery,,Delivery,pitch.1,335761,7.6905,-6.411,111.295,-169.2429,192.2846,-0.3463,-0.1834,0.1362
1779816507417,2,Pitching Mound.Drive,,Delivery,pitch.1,336279,-0.0094,-0.0024,0.0323,0.0125,-0.0673,0.0064,0.0,0.0
1779816507417,2,Pitching Mound.Parent,,Delivery,pitch.1,335468,7.6811,-6.4134,111.3273,-169.2304,192.2173,-0.3399,-0.1834,0.1362
1779816507417,2,Pitching Mound.Parent,,Delivery,pitch.1,335467,7.5914,-6.4958,110.9156,-168.8021,191.6719,-0.2462,-0.1835,0.1372
1779816507418,2,11.0000004b,Drive,Delivery,pitch.1,336280,-0.0037,-0.0005,0.024,0.0137,-0.0679,0.005,0.0,0.0
1779816507418,2,12.00000015,Lower Delivery,Delivery,pitch.1,336002,7.961,-6.3259,110.2503,-206.5836,192.6774,2.5617,-0.1855,-0.1989
1779816507418,2,12.00000018,Upper Delivery,Delivery,pitch.1,336558,-0.1833,0.0068,1.6715,-0.0739,-0.0087,-0.1138,0.0,0.0
1779816507418,2,Pitching Mound.Delivery,,Delivery,pitch.1,335762,7.7777,-6.319,111.9218,-169.7408,192.6687,-0.3212,-0.1828,0.1339
1779816507418,2,Pitching Mound.Drive,,Delivery,pitch.1,336280,-0.0037,-0.0005,0.024,0.0137,-0.0679,0.005,0.0,0.0
1779816507418,2,Pitching Mound.Parent,,Delivery,pitch.1,335469,7.7739,-6.3196,111.9458,-169.7271,192.6008,-0.3162,-0.1827,0.1339
1779816507419,2,11.0000004b,Drive,Delivery,pitch.1,336281,-0.0016,-0.0001,0.0208,0.0136,-0.0658,0.0022,0.0,0.0
1779816507419,2,12.00000018,Upper Delivery,Delivery,pitch.1,336559,-0.2154,0.0076,1.7293,-0.0713,-0.0047,-0.1342,0.0,0.0
1779816507419,2,Pitching Mound.Drive,,Delivery,pitch.1,336281,-0.0016,-0.0001,0.0208,0.0136,-0.0658,0.0022,0.0,0.0
1779816507420,2,11.0000004b,Drive,Delivery,pitch.1,336282,-0.0011,-0.0002,0.0205,0.0139,-0.066,0.0043,0.0,0.0
1779816507420,2,12.00000015,Lower Delivery,Delivery,pitch.1,336003,7.9585,-6.2985,110.4674,-206.8891,192.8028,2.5303,-0.1853,-0.1988
1779816507420,2,12.00000015,Lower Delivery,Delivery,pitch.1,336004,7.9603,-6.2778,110.6545,-207.2951,192.9132,2.4976,-0.1851,-0.1989
1779816507420,2,12.00000018,Upper Delivery,Delivery,pitch.1,336560,-0.2906,-0.0216,1.5934,-0.0677,0.0007,-0.1625,0.0,0.0
1779816507420,2,Pitching Mound.Delivery,,Delivery,pitch.1,335763,7.7431,-6.291,112.1967,-169.9895,192.798,-0.3831,-0.1824,0.1338
1779816507420,2,Pitching Mound.Delivery,,Delivery,pitch.1,335764,7.6697,-6.2994,112.2478,-170.282,192.9139,-0.4702,-0.1825,0.1343
1779816507420,2,Pitching Mound.Drive,,Delivery,pitch.1,336282,-0.0011,-0.0002,0.0205,0.0139,-0.066,0.0043,0.0,0.0
1779816507420,2,Pitching Mound.Parent,,Delivery,pitch.1,335470,7.742,-6.2912,112.2172,-169.9756,192.732,-0.3788,-0.1824,0.1337
1779816507421,2,11.0000004b,Drive,Delivery,pitch.1,336283,-0.0013,-0.0007,0.021,0.0142,-0.0659,0.0033,0.0,0.0
1779816507421,2,12.00000015,Lower Delivery,Delivery,pitch.1,336005,7.9864,-6.2363,110.7034,-207.6268,193.002,2.4744,-0.1851,-0.1991
1779816507421,2,12.00000018,Upper Delivery,Delivery,pitch.1,336561,-0.3397,-0.0669,1.2928,-0.0674,0.0012,-0.165,0.0,0.0
1779816507421,2,Pitching Mound.Delivery,,Delivery,pitch.1,335765,7.6467,-6.3032,111.9962,-170.4945,193.0032,-0.5215,-0.1829,0.1353
1779816507421,2,Pitching Mound.Drive,,Delivery,pitch.1,336283,-0.0013,-0.0007,0.021,0.0142,-0.0659,0.0033,0.0,0.0
1779816507421,2,Pitching Mound.Parent,,Delivery,pitch.1,335471,7.6684,-6.3001,112.2689,-170.2679,192.848,-0.4669,-0.1824,0.1343
1779816507422,2,11.0000004b,Drive,Delivery,pitch.1,336284,-0.0007,-0.0002,0.0183,0.0137,-0.0643,0.0041,0.0,0.0
1779816507422,2,12.00000015,Lower Delivery,Delivery,pitch.1,336006,8.0058,-6.2036,110.6983,-207.6768,193.2567,2.4367,-0.1853,-0.1992
1779816507422,2,12.00000018,Upper Delivery,Delivery,pitch.1,336562,-0.3843,-0.0567,1.2826,-0.0814,-0.0199,-0.0555,0.0,0.0
1779816507422,2,Pitching Mound.Delivery,,Delivery,pitch.1,335766,7.6215,-6.2603,111.9809,-170.5568,193.2367,-0.4714,-0.1832,0.1353
1779816507422,2,Pitching Mound.Drive,,Delivery,pitch.1,336284,-0.0007,-0.0002,0.0183,0.0137,-0.0643,0.0041,0.0,0.0
1779816507422,2,Pitching Mound.Parent,,Delivery,pitch.1,335472,7.646,-6.3034,112.0145,-170.4808,192.9389,-0.5174,-0.1829,0.1353
1779816507423,2,11.0000004b,Drive,Delivery,pitch.1,336285,-0.0009,-0.0019,0.022,0.0132,-0.0618,0.0035,0.0,0.0
1779816507423,2,12.00000015,Lower Delivery,Delivery,pitch.1,336007,8.0249,-6.1465,110.5712,-207.9185,193.6084,2.4154,-0.1859,-0.1996
1779816507423,2,12.00000018,Upper Delivery,Delivery,pitch.1,336563,-0.3976,-0.0674,1.0525,-0.0769,-0.0131,-0.0906,0.0,0.0
1779816507423,2,Pitching Mound.Delivery,,Delivery,pitch.1,335767,7.6273,-6.2139,111.6236,-170.7591,193.5952,-0.5388,-0.1841,0.1358
1779816507423,2,Pitching Mound.Drive,,Delivery,pitch.1,336285,-0.0009,-0.0019,0.022,0.0132,-0.0618,0.0035,0.0,0.0
1779816507423,2,Pitching Mound.Parent,,Delivery,pitch.1,335473,7.6205,-6.2622,112.0029,-170.5436,193.175,-0.4679,-0.1832,0.1353
1779816507424,2,11.0000004b,Drive,Delivery,pitch.1,336286,-0.0012,-0.001,0.0202,0.0138,-0.0622,0.0064,0.0,0.0
1779816507424,2,11.0000004b,Drive,Delivery,pitch.1,336287,-0.0016,-0.0045,0.0262,0.0121,-0.0626,0.0078,0.0,0.0
1779816507424,2,12.00000015,Lower Delivery,Delivery,pitch.1,336008,8.0499,-6.1082,110.669,-208.0419,193.4832,2.3542,-0.1856,-0.1996
1779816507424,2,12.00000018,Upper Delivery,Delivery,pitch.1,336564,-0.3483,-0.0257,1.2125,-0.0811,-0.0195,-0.0575,0.0,0.0
1779816507424,2,Pitching Mound.Delivery,,Delivery,pitch.1,335768,7.7015,-6.1339,111.8815,-170.9078,193.4637,-0.5586,-0.1836,0.1352
1779816507424,2,Pitching Mound.Drive,,Delivery,pitch.1,336286,-0.0012,-0.001,0.0202,0.0138,-0.0622,0.0064,0.0,0.0
1779816507424,2,Pitching Mound.Drive,,Delivery,pitch.1,336287,-0.0016,-0.0045,0.0262,0.0121,-0.0626,0.0078,0.0,0.0
1779816507424,2,Pitching Mound.Parent,,Delivery,pitch.1,335475,7.7,-6.1384,111.9077,-170.8957,193.4011,-0.5509,-0.1836,0.1352
1779816507424,2,Pitching Mound.Parent,,Delivery,pitch.1,335474,7.626,-6.2149,111.6438,-170.7452,193.533,-0.5325,-0.1841,0.1358
1779816507425,2,11.0000004b,Drive,Delivery,pitch.1,336288,-0.0002,-0.0011,0.0193,0.0113,-0.0599,0.0068,0.0,0.0
1779816507425,2,12.00000015,Lower Delivery,Delivery,pitch.1,336009,8.0515,-6.0594,110.502,-208.211,193.6653,2.3329,-0.1861,-0.2
1779816507425,2,12.00000018,Upper Delivery,Delivery,pitch.1,336565,-0.3428,-0.0043,1.2567,-0.0884,-0.0304,-0.0012,0.0,0.0
1779816507425,2,Pitching Mound.Delivery,,Delivery,pitch.1,335769,7.7087,-6.0637,111.7587,-171.156,193.6349,-0.5224,-0.184,0.1346
1779816507425,2,Pitching Mound.Drive,,Delivery,pitch.1,336288,-0.0002,-0.0011,0.0193,0.0113,-0.0599,0.0068,0.0,0.0
1779816507425,2,Pitching Mound.Parent,,Delivery,pitch.1,335476,7.7085,-6.0649,111.7779,-171.1446,193.575,-0.5155,-0.1839,0.1345
1779816507426,2,12.00000015,Lower Delivery,Delivery,pitch.1,336010,8.0592,-6.0451,110.5369,-208.3761,193.6187,2.2919,-0.186,-0.2001
1779816507426,2,12.00000018,Upper Delivery,Delivery,pitch.1,336566,-0.3809,-0.0238,1.2502,-0.0884,-0.0304,-0.0012,0.0,0.0
1779816507426,2,Pitching Mound.Delivery,,Delivery,pitch.1,335770,7.6782,-6.0689,111.7871,-171.3069,193.5884,-0.5789,-0.1839,0.1345
1779816507427,2,11.0000004b,Drive,Delivery,pitch.1,336289,-0.0012,-0.005,0.028,0.0116,-0.0598,0.0082,0.0,0.0
1779816507427,2,12.00000015,Lower Delivery,Delivery,pitch.1,336011,8.1078,-6.0013,110.545,-208.4602,193.6313,2.278,-0.186,-0.2002
1779816507427,2,12.00000018,Upper Delivery,Delivery,pitch.1,336567,-0.3691,-0.0054,1.248,-0.0884,-0.0304,-0.0012,0.0,0.0
1779816507427,2,Pitching Mound.Delivery,,Delivery,pitch.1,335771,7.7387,-6.0067,111.793,-171.3875,193.6009,-0.6054,-0.1839,0.1344
1779816507427,2,Pitching Mound.Drive,,Delivery,pitch.1,336289,-0.0012,-0.005,0.028,0.0116,-0.0598,0.0082,0.0,0.0
1779816507427,2,Pitching Mound.Parent,,Delivery,pitch.1,335477,7.677,-6.0739,111.8151,-171.2954,193.5285,-0.5707,-0.1838,0.1345
1779816507428,2,11.0000004b,Drive,Delivery,pitch.1,336290,0.0001,-0.0004,0.0179,0.0106,-0.0608,0.0061,0.0,0.0
1779816507428,2,12.00000015,Lower Delivery,Delivery,pitch.1,336012,8.1224,-5.948,110.4468,-208.5629,193.5351,2.2764,-0.186,-0.2005
1779816507428,2,12.00000018,Upper Delivery,Delivery,pitch.1,336568,-0.3073,0.0249,1.3797,-0.0884,-0.0304,-0.0012,0.0,0.0
1779816507428,2,Pitching Mound.Delivery,,Delivery,pitch.1,335772,7.8152,-5.9231,111.8265,-171.5685,193.5047,-0.5909,-0.1837,0.1336
1779816507428,2,Pitching Mound.Drive,,Delivery,pitch.1,336290,0.0001,-0.0004,0.0179,0.0106,-0.0608,0.0061,0.0,0.0
1779816507428,2,Pitching Mound.Parent,,Delivery,pitch.1,335478,7.7388,-6.0071,111.811,-171.3769,193.5402,-0.5992,-0.1838,0.1344
1779816507429,2,11.0000004b,Drive,Delivery,pitch.1,336291,-0.0002,0.0002,0.0183,0.0114,-0.0619,0.0069,0.0,0.0
1779816507429,2,11.0000004b,Drive,Delivery,pitch.1,336292,0.0001,0.0002,0.0175,0.0122,-0.0616,0.0071,0.0,0.0
1779816507429,2,12.00000015,Lower Delivery,Delivery,pitch.1,336013,8.153,-5.8906,110.3707,-208.6908,193.5631,2.1849,-0.1862,-0.2007
1779816507429,2,12.00000018,Upper Delivery,Delivery,pitch.1,336569,-0.2537,0.0538,1.5763,-0.0884,-0.0304,-0.0012,0.0,0.0
1779816507429,2,Pitching Mound.Delivery,,Delivery,pitch.1,335773,7.8993,-5.8368,111.947,-171.7891,193.5328,-0.6746,-0.1836,0.1325
1779816507429,2,Pitching Mound.Drive,,Delivery,pitch.1,336291,-0.0002,0.0002,0.0183,0.0114,-0.0619,0.0069,0.0,0.0
1779816507429,2,Pitching Mound.Drive,,Delivery,pitch.1,336292,0.0001,0.0002,0.0175,0.0122,-0.0616,0.0071,0.0,0.0
1779816507429,2,Pitching Mound.Parent,,Delivery,pitch.1,335479,7.815,-5.923,111.8447,-171.557,193.4428,-0.584,-0.1837,0.1336
1779816507429,2,Pitching Mound.Parent,,Delivery,pitch.1,335480,7.8994,-5.8366,111.9645,-171.7769,193.4712,-0.6675,-0.1835,0.1325
1779816507430,2,12.00000015,Lower Delivery,Delivery,pitch.1,336014,8.1879,-5.8356,110.3394,-208.7673,193.5966,2.1936,-0.1863,-0.2009
1779816507430,2,12.00000018,Upper Delivery,Delivery,pitch.1,336570,-0.2056,0.0743,1.5918,-0.0884,-0.0304,-0.0012,0.0,0.0
1779816507430,2,Pitching Mound.Delivery,,Delivery,pitch.1,335774,7.9823,-5.7612,111.9312,-171.8815,193.5663,-0.6614,-0.1836,0.1323
1779816507431,2,11.0000004b,Drive,Delivery,pitch.1,336293,-0.0001,-0.0001,0.0182,0.0119,-0.062,0.0042,0.0,0.0
1779816507431,2,12.00000015,Lower Delivery,Delivery,pitch.1,336015,8.1952,-5.7796,110.1893,-208.7769,193.6031,2.1642,-0.1865,-0.2011
1779816507431,2,12.00000018,Upper Delivery,Delivery,pitch.1,336571,-0.192,0.0612,1.4436,-0.0884,-0.0304,-0.0012,0.0,0.0
1779816507431,2,Pitching Mound.Delivery,,Delivery,pitch.1,335775,8.0032,-5.7185,111.633,-171.8918,193.5727,-0.6886,-0.1841,0.1327
1779816507431,2,Pitching Mound.Drive,,Delivery,pitch.1,336293,-0.0001,-0.0001,0.0182,0.0119,-0.062,0.0042,0.0,0.0
1779816507431,2,Pitching Mound.Parent,,Delivery,pitch.1,335481,7.9822,-5.7613,111.9494,-171.8695,193.5043,-0.6573,-0.1836,0.1323
1779816507432,2,11.0000004b,Drive,Delivery,pitch.1,336294,0.0,-0.0004,0.0174,0.0111,-0.061,0.0021,0.0,0.0
1779816507432,2,11.0000004b,Drive,Delivery,pitch.1,336295,0.0,-0.0006,0.0182,0.0107,-0.0606,0.0012,0.0,0.0
1779816507432,2,12.00000015,Lower Delivery,Delivery,pitch.1,336016,8.2009,-5.7324,110.1977,-208.8639,193.3544,2.1902,-0.1863,-0.2012
1779816507432,2,12.00000018,Upper Delivery,Delivery,pitch.1,336572,-0.1566,0.0679,1.5719,-0.0884,-0.0304,-0.0012,0.0,0.0
1779816507432,2,Pitching Mound.Delivery,,Delivery,pitch.1,335776,8.0442,-5.6646,111.7696,-172.0195,193.324,-0.6525,-0.1837,0.1321
1779816507432,2,Pitching Mound.Drive,,Delivery,pitch.1,336294,0.0,-0.0004,0.0174,0.0111,-0.061,0.0021,0.0,0.0
1779816507432,2,Pitching Mound.Drive,,Delivery,pitch.1,336295,0.0,-0.0006,0.0182,0.0107,-0.0606,0.0012,0.0,0.0
1779816507432,2,Pitching Mound.Parent,,Delivery,pitch.1,335482,8.0032,-5.7188,111.6503,-171.8806,193.5117,-0.6865,-0.1841,0.1326
1779816507432,2,Pitching Mound.Parent,,Delivery,pitch.1,335483,8.0442,-5.6651,111.7878,-172.0088,193.2634,-0.6514,-0.1836,0.132
1779816507433,2,11.0000004b,Drive,Delivery,pitch.1,336296,-0.0002,-0.0006,0.0181,0.0108,-0.0603,0.0008,0.0,0.0
1779816507433,2,12.00000015,Lower Delivery,Delivery,pitch.1,336017,8.2112,-5.6859,110.2428,-209.0342,193.5004,2.1894,-0.1863,-0.2013
1779816507433,2,12.00000018,Upper Delivery,Delivery,pitch.1,336573,-0.2148,0.0121,1.5676,-0.0884,-0.0304,-0.0012,0.0,0.0
1779816507433,2,Pitching Mound.Delivery,,Delivery,pitch.1,335777,7.9964,-5.6738,111.8104,-172.173,193.47,-0.6766,-0.1837,0.132
1779816507433,2,Pitching Mound.Drive,,Delivery,pitch.1,336296,-0.0002,-0.0006,0.0181,0.0108,-0.0603,0.0008,0.0,0.0
1779816507433,2,Pitching Mound.Parent,,Delivery,pitch.1,335484,7.9962,-5.6744,111.8285,-172.1622,193.4097,-0.6758,-0.1837,0.132
1779816507434,2,11.0000004b,Drive,Delivery,pitch.1,336297,-0.0004,-0.0006,0.0184,0.0118,-0.0602,0.0006,0.0,0.0
1779816507434,2,12.00000015,Lower Delivery,Delivery,pitch.1,336018,8.2478,-5.6188,110.1575,-208.9489,193.3675,2.1476,-0.1864,-0.2014
1779816507434,2,12.00000018,Upper Delivery,Delivery,pitch.1,336574,-0.1591,0.0438,1.6625,-0.0873,-0.0288,-0.0092,0.0,0.0
1779816507434,2,Pitching Mound.Delivery,,Delivery,pitch.1,335778,8.0888,-5.575,111.8199,-172.148,193.3386,-0.7199,-0.1836,0.1315
1779816507434,2,Pitching Mound.Drive,,Delivery,pitch.1,336297,-0.0004,-0.0006,0.0184,0.0118,-0.0602,0.0006,0.0,0.0
1779816507434,2,Pitching Mound.Parent,,Delivery,pitch.1,335485,8.0884,-5.5756,111.8383,-172.1362,193.2784,-0.7193,-0.1836,0.1315
1779816507435,2,11.0000004b,Drive,Delivery,pitch.1,336298,-0.0002,-0.0007,0.0182,0.0123,-0.0589,-0.001,0.0,0.0
1779816507435,2,12.00000015,Lower Delivery,Delivery,pitch.1,336019,8.2488,-5.5575,110.1367,-209.1098,193.1828,2.1259,-0.1862,-0.2016
1779816507435,2,12.00000018,Upper Delivery,Delivery,pitch.1,336575,-0.1293,0.0672,1.7928,-0.0762,-0.0121,-0.0959,0.0,0.0
1779816507435,2,Pitching Mound.Delivery,,Delivery,pitch.1,335779,8.1194,-5.4903,111.9294,-172.3491,193.1707,-0.8185,-0.1832,0.1308
1779816507435,2,Pitching Mound.Drive,,Delivery,pitch.1,336298,-0.0002,-0.0007,0.0182,0.0123,-0.0589,-0.001,0.0,0.0
1779816507435,2,Pitching Mound.Parent,,Delivery,pitch.1,335486,8.1192,-5.491,111.9477,-172.3368,193.1118,-0.8195,-0.1832,0.1308
1779816507436,2,12.00000015,Lower Delivery,Delivery,pitch.1,336020,8.2969,-5.5186,110.1792,-209.1218,193.3286,2.1057,-0.1863,-0.2015
1779816507436,2,12.00000018,Upper Delivery,Delivery,pitch.1,336576,-0.1395,0.0624,1.6444,-0.0735,-0.0081,-0.1171,0.0,0.0
1779816507436,2,Pitching Mound.Delivery,,Delivery,pitch.1,335780,8.1574,-5.4562,111.8236,-172.2935,193.3205,-0.8798,-0.1835,0.1315
1779816507437,2,11.0000004b,Drive,Delivery,pitch.1,336299,-0.0004,-0.0008,0.0182,0.0121,-0.0609,-0.0004,0.0,0.0
1779816507437,2,11.0000004b,Drive,Delivery,pitch.1,336300,-0.0006,-0.0009,0.0184,0.0123,-0.0611,0.0005,0.0,0.0
1779816507437,2,12.00000015,Lower Delivery,Delivery,pitch.1,336021,8.3392,-5.4574,110.1865,-209.0299,193.2056,2.0936,-0.1862,-0.2014
1779816507437,2,12.00000018,Upper Delivery,Delivery,pitch.1,336577,-0.1127,0.0655,1.7885,-0.0655,0.004,-0.1799,0.0,0.0
1779816507437,2,Pitching Mound.Delivery,,Delivery,pitch.1,335781,8.2265,-5.3919,111.975,-172.24,193.2097,-0.9599,-0.1832,0.131
1779816507437,2,Pitching Mound.Drive,,Delivery,pitch.1,336299,-0.0004,-0.0008,0.0182,0.0121,-0.0609,-0.0004,0.0,0.0
1779816507437,2,Pitching Mound.Drive,,Delivery,pitch.1,336300,-0.0006,-0.0009,0.0184,0.0123,-0.0611,0.0005,0.0,0.0
1779816507437,2,Pitching Mound.Parent,,Delivery,pitch.1,335488,8.2259,-5.3928,111.9933,-172.2277,193.1486,-0.9594,-0.1831,0.1309
1779816507437,2,Pitching Mound.Parent,,Delivery,pitch.1,335487,8.157,-5.457,111.8418,-172.2814,193.2596,-0.8802,-0.1835,0.1314
1779816507438,2,11.0000004b,Drive,Delivery,pitch.1,336301,-0.0006,-0.0007,0.0182,0.0134,-0.0618,-0.0009,0.0,0.0
1779816507438,2,12.00000015,Lower Delivery,Delivery,pitch.1,336022,8.3538,-5.4195,110.1189,-209.0658,193.2741,2.0618,-0.1863,-0.2016
1779816507438,2,12.00000018,Upper Delivery,Delivery,pitch.1,336578,-0.1936,0.0396,1.4443,-0.0668,0.0021,-0.1696,0.0,0.0
1779816507438,2,Pitching Mound.Delivery,,Delivery,pitch.1,335782,8.1602,-5.38,111.5632,-172.1832,193.2762,-1.0138,-0.1839,0.1323
1779816507438,2,Pitching Mound.Drive,,Delivery,pitch.1,336301,-0.0006,-0.0007,0.0182,0.0134,-0.0618,-0.0009,0.0,0.0
1779816507438,2,Pitching Mound.Parent,,Delivery,pitch.1,335489,8.1596,-5.3807,111.5814,-172.1698,193.2144,-1.0147,-0.1839,0.1322
1779816507439,2,11.0000004b,Drive,Delivery,pitch.1,336302,-0.0007,-0.0002,0.0185,0.0116,-0.0589,0.0012,0.0,0.0
1779816507439,2,12.00000015,Lower Delivery,Delivery,pitch.1,336023,8.3863,-5.3767,110.1022,-209.3016,193.4609,2.0255,-0.1865,-0.2018
1779816507439,2,12.00000018,Upper Delivery,Delivery,pitch.1,336579,-0.1915,0.072,1.9151,-0.069,-0.0013,-0.1522,0.0,0.0
1779816507439,2,Pitching Mound.Delivery,,Delivery,pitch.1,335783,8.1948,-5.3047,112.0173,-172.587,193.4596,-1.0432,-0.1833,0.13
1779816507439,2,Pitching Mound.Drive,,Delivery,pitch.1,336302,-0.0007,-0.0002,0.0185,0.0116,-0.0589,0.0012,0.0,0.0
1779816507439,2,Pitching Mound.Parent,,Delivery,pitch.1,335490,8.1941,-5.3049,112.0357,-172.5754,193.4007,-1.0419,-0.1833,0.13
1779816507440,2,11.0000004b,Drive,Delivery,pitch.1,336303,-0.0006,-0.0005,0.0182,0.0127,-0.0598,-0.0007,0.0,0.0
1779816507440,2,12.00000015,Lower Delivery,Delivery,pitch.1,336024,8.4128,-5.3254,110.1199,-209.305,193.4574,2.0435,-0.1865,-0.2018
1779816507440,2,12.00000018,Upper Delivery,Delivery,pitch.1,336580,-0.2324,0.0464,1.806,-0.0683,-0.0002,-0.1578,0.0,0.0
1779816507440,2,Pitching Mound.Delivery,,Delivery,pitch.1,335784,8.1803,-5.279,111.9259,-172.5465,193.4572,-1.0537,-0.1835,0.1305
1779816507440,2,Pitching Mound.Drive,,Delivery,pitch.1,336303,-0.0006,-0.0005,0.0182,0.0127,-0.0598,-0.0007,0.0,0.0
1779816507440,2,Pitching Mound.Parent,,Delivery,pitch.1,335491,8.1798,-5.2794,111.9441,-172.5339,193.3974,-1.0543,-0.1835,0.1305
1779816507441,2,11.0000004b,Drive,Delivery,pitch.1,336304,-0.001,0.0001,0.019,0.0121,-0.0599,0.0005,0.0,0.0
1779816507441,2,12.00000015,Lower Delivery,Delivery,pitch.1,336025,8.4342,-5.2924,110.0595,-209.3368,193.5642,2.037,-0.1867,-0.2019
1779816507441,2,12.00000018,Upper Delivery,Delivery,pitch.1,336581,-0.2238,0.0782,2.0354,-0.0734,-0.0078,-0.1182,0.0,0.0
1779816507441,2,Pitching Mound.Delivery,,Delivery,pitch.1,335785,8.2104,-5.2142,112.0949,-172.682,193.5564,-1.0249,-0.1833,0.1294
1779816507441,2,Pitching Mound.Drive,,Delivery,pitch.1,336304,-0.001,0.0001,0.019,0.0121,-0.0599,0.0005,0.0,0.0
1779816507441,2,Pitching Mound.Parent,,Delivery,pitch.1,335492,8.2094,-5.2141,112.1139,-172.6699,193.4965,-1.0244,-0.1833,0.1294
1779816507442,2,11.0000004b,Drive,Delivery,pitch.1,336305,-0.0008,-0.0004,0.0192,0.0126,-0.0612,0.0014,0.0,0.0
1779816507442,2,12.00000015,Lower Delivery,Delivery,pitch.1,336026,8.4726,-5.2509,110.1355,-209.4094,193.5134,2.0408,-0.1865,-0.2019
1779816507442,2,12.00000018,Upper Delivery,Delivery,pitch.1,336582,-0.2005,0.1099,2.1335,-0.0752,-0.0106,-0.1037,0.0,0.0
1779816507442,2,Pitching Mound.Delivery,,Delivery,pitch.1,335786,8.2721,-5.141,112.2691,-172.7639,193.5027,-1.0117,-0.183,0.1291
1779816507442,2,Pitching Mound.Drive,,Delivery,pitch.1,336305,-0.0008,-0.0004,0.0192,0.0126,-0.0612,0.0014,0.0,0.0
1779816507442,2,Pitching Mound.Parent,,Delivery,pitch.1,335493,8.2713,-5.1414,112.2882,-172.7513,193.4415,-1.0103,-0.183,0.129
1779816507443,2,11.0000004b,Drive,Delivery,pitch.1,336306,-0.0009,-0.0001,0.0189,0.0121,-0.0611,0.001,0.0,0.0
1779816507443,2,12.00000015,Lower Delivery,Delivery,pitch.1,336027,8.491,-5.1842,109.9626,-209.2572,193.6888,2.0331,-0.187,-0.202
1779816507443,2,12.00000018,Upper Delivery,Delivery,pitch.1,336583,-0.2707,0.1048,1.9327,-0.0884,-0.0304,-0.0012,0.0,0.0
1779816507443,2,Pitching Mound.Delivery,,Delivery,pitch.1,335787,8.2203,-5.0794,111.8953,-172.6154,193.6584,-0.9471,-0.1838,0.1297
1779816507443,2,Pitching Mound.Drive,,Delivery,pitch.1,336306,-0.0009,-0.0001,0.0189,0.0121,-0.0611,0.001,0.0,0.0
1779816507443,2,Pitching Mound.Parent,,Delivery,pitch.1,335494,8.2194,-5.0795,111.9141,-172.6034,193.5973,-0.9461,-0.1837,0.1297
1779816507444,2,11.0000004b,Drive,Delivery,pitch.1,336307,-0.0004,-0.0002,0.018,0.0137,-0.0628,-0.0005,0.0,0.0
1779816507444,2,12.00000015,Lower Delivery,Delivery,pitch.1,336028,8.5323,-5.1392,109.9521,-209.3425,193.7716,2.0192,-0.1871,-0.2021
1779816507444,2,12.00000018,Upper Delivery,Delivery,pitch.1,336584,-0.2873,0.0901,1.8427,-0.0884,-0.0304,-0.0012,0.0,0.0
1779816507444,2,Pitching Mound.Delivery,,Delivery,pitch.1,335788,8.245,-5.0491,111.7948,-172.6736,193.7413,-0.9807,-0.184,0.13
1779816507444,2,Pitching Mound.Drive,,Delivery,pitch.1,336307,-0.0004,-0.0002,0.018,0.0137,-0.0628,-0.0005,0.0,0.0
1779816507444,2,Pitching Mound.Parent,,Delivery,pitch.1,335495,8.2445,-5.0493,111.8127,-172.6599,193.6785,-0.9812,-0.184,0.13
1779816507445,2,11.0000004b,Drive,Delivery,pitch.1,336308,-0.0002,-0.0003,0.0173,0.0131,-0.0611,-0.0009,0.0,0.0
1779816507445,2,12.00000015,Lower Delivery,Delivery,pitch.1,336029,8.5258,-5.0983,109.778,-209.3835,193.7272,1.9979,-0.1873,-0.2025
1779816507445,2,12.00000018,Upper Delivery,Delivery,pitch.1,336585,-0.313,0.0726,1.6366,-0.0884,-0.0304,-0.0012,0.0,0.0
1779816507445,2,Pitching Mound.Delivery,,Delivery,pitch.1,335789,8.2127,-5.0258,111.4146,-172.7038,193.6968,-1.0085,-0.1846,0.1305
1779816507445,2,Pitching Mound.Drive,,Delivery,pitch.1,336308,-0.0002,-0.0003,0.0173,0.0131,-0.0611,-0.0009,0.0,0.0
1779816507445,2,Pitching Mound.Parent,,Delivery,pitch.1,335496,8.2125,-5.026,111.4319,-172.6908,193.6357,-1.0094,-0.1846,0.1305
1779816507446,2,11.0000004b,Drive,Delivery,pitch.1,336309,-0.0001,-0.0006,0.0181,0.0124,-0.0611,0.0,0.0,0.0
1779816507446,2,12.00000015,Lower Delivery,Delivery,pitch.1,336030,8.5496,-5.0543,109.6978,-209.4246,193.5132,2.0164,-0.1873,-0.2027
1779816507446,2,12.00000018,Upper Delivery,Delivery,pitch.1,336586,-0.3563,0.0481,1.4985,-0.0884,-0.0304,-0.0012,0.0,0.0
1779816507446,2,Pitching Mound.Delivery,,Delivery,pitch.1,335790,8.1933,-5.0062,111.1963,-172.7253,193.4829,-1.0128,-0.1848,0.1309
1779816507446,2,Pitching Mound.Drive,,Delivery,pitch.1,336309,-0.0001,-0.0006,0.0181,0.0124,-0.0611,0.0,0.0,0.0
1779816507446,2,Pitching Mound.Parent,,Delivery,pitch.1,335497,8.1932,-5.0068,111.2144,-172.7129,193.4217,-1.0128,-0.1847,0.1309
1779816507447,2,11.0000004b,Drive,Delivery,pitch.1,336310,-0.0003,-0.0007,0.0191,0.0133,-0.0629,0.0003,0.0,0.0
1779816507447,2,12.00000015,Lower Delivery,Delivery,pitch.1,336031,8.5506,-4.9984,109.5445,-209.4405,193.2522,2.0384,-0.1873,-0.203
1779816507447,2,12.00000018,Upper Delivery,Delivery,pitch.1,336587,-0.3642,0.0425,1.5579,-0.0884,-0.0304,-0.0012,0.0,0.0
1779816507447,2,Pitching Mound.Delivery,,Delivery,pitch.1,335791,8.1864,-4.956,111.1024,-172.8134,193.2218,-0.9938,-0.1847,0.1303
1779816507447,2,Pitching Mound.Drive,,Delivery,pitch.1,336310,-0.0003,-0.0007,0.0191,0.0133,-0.0629,0.0003,0.0,0.0
1779816507447,2,Pitching Mound.Parent,,Delivery,pitch.1,335498,8.1861,-4.9566,111.1215,-172.8,193.1589,-0.9935,-0.1846,0.1303
1779816507448,2,11.0000004b,Drive,Delivery,pitch.1,336311,0.0,-0.0005,0.0184,0.0127,-0.0604,0.0005,0.0,0.0
1779816507448,2,12.00000015,Lower Delivery,Delivery,pitch.1,336032,8.5528,-4.9631,109.3831,-209.4971,192.9544,1.9722,-0.1873,-0.2033
1779816507448,2,12.00000018,Upper Delivery,Delivery,pitch.1,336588,-0.3979,0.0369,1.3153,-0.0884,-0.0304,-0.0012,0.0,0.0
1779816507448,2,Pitching Mound.Delivery,,Delivery,pitch.1,335792,8.1549,-4.9262,110.6985,-172.8424,192.9241,-1.0722,-0.185,0.131
1779816507448,2,Pitching Mound.Drive,,Delivery,pitch.1,336311,0.0,-0.0005,0.0184,0.0127,-0.0604,0.0005,0.0,0.0
1779816507448,2,Pitching Mound.Parent,,Delivery,pitch.1,335499,8.1549,-4.9268,110.7168,-172.8297,192.8636,-1.0717,-0.185,0.131
1779816507449,2,11.0000004b,Drive,Delivery,pitch.1,336312,0.0,-0.0009,0.0183,0.0135,-0.061,-0.0012,0.0,0.0
1779816507449,2,12.00000015,Lower Delivery,Delivery,pitch.1,336033,8.5463,-4.9128,109.2787,-209.612,192.822,1.9205,-0.1873,-0.2036
1779816507449,2,12.00000018,Upper Delivery,Delivery,pitch.1,336589,-0.3862,0.026,1.184,-0.0884,-0.0304,-0.0012,0.0,0.0
1779816507449,2,Pitching Mound.Delivery,,Delivery,pitch.1,335793,8.16,-4.8868,110.4627,-172.9482,192.7917,-1.1177,-0.1853,0.1313
1779816507449,2,Pitching Mound.Drive,,Delivery,pitch.1,336312,0.0,-0.0009,0.0183,0.0135,-0.061,-0.0012,0.0,0.0
1779816507449,2,Pitching Mound.Parent,,Delivery,pitch.1,335500,8.1601,-4.8877,110.481,-172.9346,192.7306,-1.1189,-0.1853,0.1312
1779816507450,2,11.0000004b,Drive,Delivery,pitch.1,336313,0.0006,-0.0009,0.018,0.0141,-0.0619,-0.002,0.0,0.0
1779816507450,2,12.00000015,Lower Delivery,Delivery,pitch.1,336034,8.5437,-4.8753,109.1768,-209.6371,192.7975,1.8896,-0.1875,-0.2038
1779816507450,2,12.00000018,Upper Delivery,Delivery,pitch.1,336590,-0.3386,0.0386,1.445,-0.0884,-0.0304,-0.0012,0.0,0.0
1779816507450,2,Pitching Mound.Delivery,,Delivery,pitch.1,335794,8.2052,-4.8367,110.6218,-173.0967,192.7671,-1.1315,-0.185,0.1299
1779816507450,2,Pitching Mound.Drive,,Delivery,pitch.1,336313,0.0006,-0.0009,0.018,0.0141,-0.0619,-0.002,0.0,0.0
1779816507450,2,Pitching Mound.Parent,,Delivery,pitch.1,335501,8.2057,-4.8376,110.6398,-173.0826,192.7052,-1.1336,-0.185,0.1299
1779816507451,2,11.0000004b,Drive,Delivery,pitch.1,336314,0.0002,-0.001,0.0184,0.0147,-0.0626,-0.0019,0.0,0.0
1779816507451,2,12.00000015,Lower Delivery,Delivery,pitch.1,336035,8.5673,-4.8321,109.0822,-209.7138,192.6179,1.8245,-0.1875,-0.2041
1779816507451,2,12.00000018,Upper Delivery,Delivery,pitch.1,336591,-0.3451,0.0355,1.4243,-0.0884,-0.0304,-0.0012,0.0,0.0
1779816507451,2,Pitching Mound.Delivery,,Delivery,pitch.1,335795,8.2222,-4.7966,110.5066,-173.1985,192.5875,-1.207,-0.185,0.1298
1779816507451,2,Pitching Mound.Drive,,Delivery,pitch.1,336314,0.0002,-0.001,0.0184,0.0147,-0.0626,-0.0019,0.0,0.0
1779816507451,2,Pitching Mound.Parent,,Delivery,pitch.1,335502,8.2224,-4.7977,110.5249,-173.1838,192.5249,-1.2088,-0.185,0.1297
1779816507452,2,11.0000004b,Drive,Delivery,pitch.1,336315,0.0001,-0.0013,0.0186,0.0138,-0.0622,-0.0016,0.0,0.0
1779816507452,2,12.00000015,Lower Delivery,Delivery,pitch.1,336036,8.5585,-4.8112,108.9847,-209.8975,192.8143,1.7625,-0.1878,-0.2045
1779816507452,2,12.00000018,Upper Delivery,Delivery,pitch.1,336592,-0.306,0.0545,1.7088,-0.0884,-0.0304,-0.0012,0.0,0.0
1779816507452,2,Pitching Mound.Delivery,,Delivery,pitch.1,335796,8.2525,-4.7568,110.6936,-173.512,192.7839,-1.2526,-0.1849,0.1282
1779816507452,2,Pitching Mound.Drive,,Delivery,pitch.1,336315,0.0001,-0.0013,0.0186,0.0138,-0.0622,-0.0016,0.0,0.0
1779816507452,2,Pitching Mound.Parent,,Delivery,pitch.1,335503,8.2526,-4.758,110.7121,-173.4982,192.7217,-1.2542,-0.1849,0.1282
1779816507453,2,11.0000004b,Drive,Delivery,pitch.1,336316,0.0003,-0.0012,0.018,0.0124,-0.0599,-0.0017,0.0,0.0
1779816507453,2,12.00000015,Lower Delivery,Delivery,pitch.1,336037,8.5401,-4.7604,108.7757,-209.6274,192.6103,1.7193,-0.188,-0.2046
1779816507453,2,12.00000018,Upper Delivery,Delivery,pitch.1,336593,-0.3461,0.0183,1.2449,-0.0838,-0.0236,-0.0365,0.0,0.0
1779816507453,2,Pitching Mound.Delivery,,Delivery,pitch.1,335797,8.194,-4.742,110.0206,-173.1507,192.5867,-1.3386,-0.1859,0.13
1779816507453,2,Pitching Mound.Drive,,Delivery,pitch.1,336316,0.0003,-0.0012,0.018,0.0124,-0.0599,-0.0017,0.0,0.0
1779816507453,2,Pitching Mound.Parent,,Delivery,pitch.1,335504,8.1943,-4.7432,110.0386,-173.1384,192.5269,-1.3403,-0.1858,0.13
1779816507454,2,11.0000004b,Drive,Delivery,pitch.1,336317,-0.0001,-0.0012,0.0188,0.0113,-0.0605,0.0029,0.0,0.0
1779816507454,2,12.00000015,Lower Delivery,Delivery,pitch.1,336038,8.5771,-4.7255,108.6154,-209.5425,192.4525,1.6947,-0.1881,-0.2048
1779816507454,2,12.00000018,Upper Delivery,Delivery,pitch.1,336594,-0.3248,0.0389,1.3411,-0.0799,-0.0176,-0.0673,0.0,0.0
1779816507454,2,Pitching Mound.Delivery,,Delivery,pitch.1,335798,8.2523,-4.6866,109.9565,-173.1491,192.4349,-1.3993,-0.1858,0.1294
1779816507454,2,Pitching Mound.Drive,,Delivery,pitch.1,336317,-0.0001,-0.0012,0.0188,0.0113,-0.0605,0.0029,0.0,0.0
1779816507454,2,Pitching Mound.Parent,,Delivery,pitch.1,335505,8.2522,-4.6877,109.9753,-173.1378,192.3744,-1.3964,-0.1858,0.1294
1779816507455,2,11.0000004b,Drive,Delivery,pitch.1,336318,-0.0001,-0.0013,0.0196,0.0161,-0.0585,0.0028,0.0,0.0
1779816507455,2,12.00000015,Lower Delivery,Delivery,pitch.1,336039,8.5827,-4.675,108.4288,-209.5273,192.4262,1.609,-0.1884,-0.2051
1779816507455,2,12.00000018,Upper Delivery,Delivery,pitch.1,336595,-0.3118,0.0651,1.5494,-0.072,-0.0057,-0.1292,0.0,0.0
1779816507455,2,Pitching Mound.Delivery,,Delivery,pitch.1,335799,8.2709,-4.6099,109.9783,-173.2603,192.4205,-1.5443,-0.1858,0.1282
1779816507455,2,Pitching Mound.Drive,,Delivery,pitch.1,336318,-0.0001,-0.0013,0.0196,0.0161,-0.0585,0.0028,0.0,0.0
1779816507455,2,Pitching Mound.Parent,,Delivery,pitch.1,335506,8.2708,-4.6112,109.9978,-173.2442,192.3619,-1.5415,-0.1857,0.1281
1779816507456,2,11.0000004b,Drive,Delivery,pitch.1,336319,-0.0005,-0.0013,0.0205,0.0188,-0.0612,0.0039,0.0,0.0
1779816507456,2,12.00000015,Lower Delivery,Delivery,pitch.1,336040,8.6134,-4.6211,108.2178,-209.5224,192.4423,1.5933,-0.1888,-0.2055
1779816507456,2,12.00000018,Upper Delivery,Delivery,pitch.1,336596,-0.317,0.0522,1.4366,-0.0651,0.0045,-0.1823,0.0,0.0
1779816507456,2,Pitching Mound.Delivery,,Delivery,pitch.1,335800,8.2964,-4.5689,109.6544,-173.282,192.4468,-1.6253,-0.1863,0.1282
1779816507456,2,Pitching Mound.Drive,,Delivery,pitch.1,336319,-0.0005,-0.0013,0.0205,0.0188,-0.0612,0.0039,0.0,0.0
1779816507456,2,Pitching Mound.Parent,,Delivery,pitch.1,335507,8.2959,-4.5702,109.6749,-173.2632,192.3857,-1.6214,-0.1863,0.1282
1779816507457,2,11.0000004b,Drive,Delivery,pitch.1,336320,-0.0002,-0.0006,0.0188,0.012,-0.0606,0.0052,0.0,0.0
1779816507457,2,12.00000015,Lower Delivery,Delivery,pitch.1,336041,8.6294,-4.5795,108.2202,-209.5744,192.6104,1.4629,-0.1889,-0.2056
1779816507457,2,12.00000018,Upper Delivery,Delivery,pitch.1,336597,-0.3559,0.0328,1.1666,-0.0603,0.0118,-0.2201,0.0,0.0
1779816507457,2,Pitching Mound.Delivery,,Delivery,pitch.1,335801,8.2735,-4.5467,109.3868,-173.2364,192.6221,-1.8122,-0.1869,0.1294
1779816507457,2,Pitching Mound.Drive,,Delivery,pitch.1,336320,-0.0002,-0.0006,0.0188,0.012,-0.0606,0.0052,0.0,0.0
1779816507457,2,Pitching Mound.Parent,,Delivery,pitch.1,335508,8.2734,-4.5473,109.4056,-173.2245,192.5615,-1.807,-0.1869,0.1293
1779816507458,2,11.0000004b,Drive,Delivery,pitch.1,336321,-0.0002,-0.0006,0.0195,0.0115,-0.0607,0.0078,0.0,0.0
1779816507458,2,12.00000015,Lower Delivery,Delivery,pitch.1,336042,8.6551,-4.537,108.0566,-209.4326,192.5645,1.3929,-0.1892,-0.2058
1779816507458,2,12.00000018,Upper Delivery,Delivery,pitch.1,336598,-0.3002,0.0815,1.1694,-0.0569,0.0168,-0.2463,0.0,0.0
1779816507458,2,Pitching Mound.Delivery,,Delivery,pitch.1,335802,8.3549,-4.4555,109.2259,-173.1479,192.5814,-1.8983,-0.1872,0.1292
1779816507458,2,Pitching Mound.Drive,,Delivery,pitch.1,336321,-0.0002,-0.0006,0.0195,0.0115,-0.0607,0.0078,0.0,0.0
1779816507458,2,Pitching Mound.Parent,,Delivery,pitch.1,335509,8.3546,-4.4561,109.2454,-173.1363,192.5207,-1.8904,-0.1871,0.1291
1779816507459,2,11.0000004b,Drive,Delivery,pitch.1,336322,0.0009,-0.0008,0.0191,0.0115,-0.0636,0.0062,0.0,0.0
1779816507459,2,12.00000015,Lower Delivery,Delivery,pitch.1,336043,8.6732,-4.4666,107.9694,-209.6073,192.6538,1.3295,-0.1894,-0.2061
1779816507459,2,12.00000018,Upper Delivery,Delivery,pitch.1,336599,-0.2142,0.142,1.6059,-0.0603,0.0117,-0.2198,0.0,0.0
1779816507459,2,Pitching Mound.Delivery,,Delivery,pitch.1,335803,8.459,-4.3246,109.5753,-173.5041,192.6656,-1.912,-0.1867,0.127
1779816507459,2,Pitching Mound.Drive,,Delivery,pitch.1,336322,0.0009,-0.0008,0.0191,0.0115,-0.0636,0.0062,0.0,0.0
1779816507459,2,Pitching Mound.Parent,,Delivery,pitch.1,335510,8.4599,-4.3254,109.5944,-173.4925,192.602,-1.9058,-0.1866,0.1269
1779816507460,2,11.0000004b,Drive,Delivery,pitch.1,336323,0.0003,-0.001,0.0195,0.0138,-0.062,0.0069,0.0,0.0
1779816507460,2,12.00000015,Lower Delivery,Delivery,pitch.1,336044,8.7062,-4.4007,107.8758,-209.5085,192.37,1.2572,-0.1893,-0.2062
1779816507460,2,12.00000018,Upper Delivery,Delivery,pitch.1,336600,-0.2969,0.0876,1.0214,-0.0548,0.02,-0.2627,0.0,0.0
1779816507460,2,Pitching Mound.Delivery,,Delivery,pitch.1,335804,8.4093,-4.3131,108.8972,-173.2328,192.39,-2.0666,-0.1875,0.1294
1779816507460,2,Pitching Mound.Drive,,Delivery,pitch.1,336323,0.0003,-0.001,0.0195,0.0138,-0.062,0.0069,0.0,0.0
1779816507460,2,Pitching Mound.Parent,,Delivery,pitch.1,335511,8.4096,-4.3141,108.9167,-173.2191,192.328,-2.0597,-0.1875,0.1294
1779816507461,2,11.0000004b,Drive,Delivery,pitch.1,336324,-0.0002,-0.0013,0.0202,0.0184,-0.0627,0.0071,0.0,0.0
1779816507461,2,12.00000015,Lower Delivery,Delivery,pitch.1,336045,8.6976,-4.3322,107.7135,-209.3134,192.1274,1.1386,-0.1894,-0.2063
1779816507461,2,12.00000018,Upper Delivery,Delivery,pitch.1,336601,-0.3673,0.0548,0.8306,-0.0537,0.0217,-0.2717,0.0,0.0
1779816507461,2,Pitching Mound.Delivery,,Delivery,pitch.1,335805,8.3302,-4.2774,108.5441,-173.0269,192.1491,-2.2151,-0.1879,0.1301
1779816507461,2,Pitching Mound.Drive,,Delivery,pitch.1,336324,-0.0002,-0.0013,0.0202,0.0184,-0.0627,0.0071,0.0,0.0
1779816507461,2,Pitching Mound.Parent,,Delivery,pitch.1,335512,8.3301,-4.2787,108.5643,-173.0085,192.0864,-2.208,-0.1879,0.1301
1779816507462,2,11.0000004b,Drive,Delivery,pitch.1,336325,-0.0003,-0.0012,0.021,0.0235,-0.0626,0.0054,0.0,0.0
1779816507462,2,12.00000015,Lower Delivery,Delivery,pitch.1,336046,8.7144,-4.2449,107.7031,-209.088,192.0931,1.0349,-0.1893,-0.2061
1779816507462,2,12.00000018,Upper Delivery,Delivery,pitch.1,336602,-0.3692,0.0584,0.8677,-0.0508,0.026,-0.2939,0.0,0.0
1779816507462,2,Pitching Mound.Delivery,,Delivery,pitch.1,335806,8.3451,-4.1866,108.5708,-172.8148,192.1191,-2.3474,-0.1878,0.1301
1779816507462,2,Pitching Mound.Drive,,Delivery,pitch.1,336325,-0.0003,-0.0012,0.021,0.0235,-0.0626,0.0054,0.0,0.0
1779816507462,2,Pitching Mound.Parent,,Delivery,pitch.1,335513,8.3449,-4.1878,108.5919,-172.7913,192.0565,-2.342,-0.1878,0.1301
1779816507463,2,11.0000004b,Drive,Delivery,pitch.1,336326,-0.0002,-0.0011,0.0208,0.0197,-0.0637,0.0045,0.0,0.0
1779816507463,2,12.00000015,Lower Delivery,Delivery,pitch.1,336047,8.722,-4.172,107.4832,-209.0285,191.9247,0.9129,-0.1896,-0.2065
1779816507463,2,12.00000018,Upper Delivery,Delivery,pitch.1,336603,-0.5082,0.0195,1.0484,-0.0609,0.0109,-0.2153,0.0,0.0
1779816507463,2,Pitching Mound.Delivery,,Delivery,pitch.1,335807,8.2138,-4.1525,108.5316,-172.9016,191.9356,-2.4407,-0.1877,0.129
1779816507463,2,Pitching Mound.Drive,,Delivery,pitch.1,336326,-0.0002,-0.0011,0.0208,0.0197,-0.0637,0.0045,0.0,0.0
1779816507463,2,Pitching Mound.Parent,,Delivery,pitch.1,335514,8.2136,-4.1536,108.5524,-172.8819,191.8719,-2.4362,-0.1877,0.1289
1779816507464,2,11.0000004b,Drive,Delivery,pitch.1,336327,-0.0001,-0.001,0.0209,0.0261,-0.0624,0.0023,0.0,0.0
1779816507464,2,12.00000015,Lower Delivery,Delivery,pitch.1,336048,8.7315,-4.0947,107.4523,-208.9384,192.109,0.7958,-0.1898,-0.2064
1779816507464,2,12.00000018,Upper Delivery,Delivery,pitch.1,336604,-0.3634,0.1016,1.2043,-0.0589,0.0139,-0.2313,0.0,0.0
1779816507464,2,Pitching Mound.Delivery,,Delivery,pitch.1,335808,8.3681,-3.9931,108.6566,-172.8729,192.1229,-2.5278,-0.1877,0.1283
1779816507464,2,Pitching Mound.Drive,,Delivery,pitch.1,336327,-0.0001,-0.001,0.0209,0.0261,-0.0624,0.0023,0.0,0.0
1779816507464,2,Pitching Mound.Parent,,Delivery,pitch.1,335515,8.368,-3.9942,108.6776,-172.8468,192.0605,-2.5254,-0.1877,0.1283
1779816507465,2,11.0000004b,Drive,Delivery,pitch.1,336328,0.0005,-0.001,0.0199,0.0195,-0.0645,0.0014,0.0,0.0
1779816507465,2,12.00000015,Lower Delivery,Delivery,pitch.1,336049,8.7118,-4.0102,107.2918,-208.89,192.0377,0.6495,-0.19,-0.2067
1779816507465,2,12.00000018,Upper Delivery,Delivery,pitch.1,336605,-0.2984,0.1221,1.2315,-0.0627,0.0082,-0.2012,0.0,0.0
1779816507465,2,Pitching Mound.Delivery,,Delivery,pitch.1,335809,8.4135,-3.8881,108.5233,-172.8922,192.0459,-2.6153,-0.1879,0.1279
1779816507465,2,Pitching Mound.Drive,,Delivery,pitch.1,336328,0.0005,-0.001,0.0199,0.0195,-0.0645,0.0014,0.0,0.0
1779816507465,2,Pitching Mound.Parent,,Delivery,pitch.1,335516,8.4139,-3.8892,108.5432,-172.8727,191.9813,-2.6139,-0.1878,0.1279
1779816507466,2,11.0000004b,Drive,Delivery,pitch.1,336329,0.0003,-0.0011,0.0195,0.0214,-0.0647,0.0016,0.0,0.0
1779816507466,2,12.00000015,Lower Delivery,Delivery,pitch.1,336050,8.6877,-3.925,107.2139,-209.0112,192.0412,0.5213,-0.1902,-0.207
1779816507466,2,12.00000018,Upper Delivery,Delivery,pitch.1,336606,-0.5238,0.0369,1.0621,-0.0688,-0.0009,-0.154,0.0,0.0
1779816507466,2,Pitching Mound.Delivery,,Delivery,pitch.1,335810,8.1639,-3.888,108.276,-172.9883,192.0403,-2.7646,-0.1883,0.1284
1779816507466,2,Pitching Mound.Drive,,Delivery,pitch.1,336329,0.0003,-0.0011,0.0195,0.0214,-0.0647,0.0016,0.0,0.0
1779816507466,2,Pitching Mound.Parent,,Delivery,pitch.1,335517,8.1642,-3.8891,108.2955,-172.9669,191.9755,-2.763,-0.1883,0.1284
1779816507467,2,11.0000004b,Drive,Delivery,pitch.1,336330,0.0003,-0.0014,0.0201,0.0176,-0.0656,0.0007,0.0,0.0
1779816507467,2,12.00000015,Lower Delivery,Delivery,pitch.1,336051,8.6936,-3.844,107.204,-209.0829,192.381,0.3754,-0.1905,-0.2071
1779816507467,2,12.00000018,Upper Delivery,Delivery,pitch.1,336607,-0.4384,0.0783,1.0923,-0.0699,-0.0027,-0.1451,0.0,0.0
1779816507467,2,Pitching Mound.Delivery,,Delivery,pitch.1,335811,8.2552,-3.7658,108.2963,-173.0748,192.3784,-2.8746,-0.1886,0.1282
1779816507467,2,Pitching Mound.Drive,,Delivery,pitch.1,336330,0.0003,-0.0014,0.0201,0.0176,-0.0656,0.0007,0.0,0.0
1779816507467,2,Pitching Mound.Parent,,Delivery,pitch.1,335518,8.2556,-3.7672,108.3165,-173.0572,192.3127,-2.8739,-0.1886,0.1282
1779816507468,2,11.0000004b,Drive,Delivery,pitch.1,336331,-0.0002,-0.0014,0.0195,0.0195,-0.0639,0.0014,0.0,0.0
1779816507468,2,12.00000015,Lower Delivery,Delivery,pitch.1,336052,8.6816,-3.7693,107.0524,-209.1091,192.0072,0.2168,-0.1904,-0.2074
1779816507468,2,12.00000018,Upper Delivery,Delivery,pitch.1,336608,-0.4643,0.0579,0.8183,-0.0783,-0.0153,-0.0795,0.0,0.0
1779816507468,2,Pitching Mound.Delivery,,Delivery,pitch.1,335812,8.2173,-3.7114,107.8707,-173.0678,191.9919,-2.9722,-0.189,0.129
1779816507468,2,Pitching Mound.Drive,,Delivery,pitch.1,336331,-0.0002,-0.0014,0.0195,0.0195,-0.0639,0.0014,0.0,0.0
1779816507468,2,Pitching Mound.Parent,,Delivery,pitch.1,335519,8.2171,-3.7127,107.8902,-173.0483,191.928,-2.9708,-0.1889,0.129
1779816507469,2,11.0000004b,Drive,Delivery,pitch.1,336332,0.0,-0.0011,0.0187,0.0203,-0.0605,0.0003,0.0,0.0
1779816507469,2,12.00000015,Lower Delivery,Delivery,pitch.1,336053,8.662,-3.7012,106.8643,-209.0507,192.1243,0.0322,-0.1909,-0.2077
1779816507469,2,12.00000018,Upper Delivery,Delivery,pitch.1,336609,-0.4138,0.0785,0.8303,-0.0709,-0.0041,-0.1377,0.0,0.0
1779816507469,2,Pitching Mound.Delivery,,Delivery,pitch.1,335813,8.2482,-3.6227,107.6945,-173.07,192.1203,-3.1914,-0.1894,0.1287
1779816507469,2,Pitching Mound.Drive,,Delivery,pitch.1,336332,0.0,-0.0011,0.0187,0.0203,-0.0605,0.0003,0.0,0.0
1779816507469,2,Pitching Mound.Parent,,Delivery,pitch.1,335520,8.2482,-3.6238,107.7133,-173.0496,192.0598,-3.1911,-0.1894,0.1287
1779816507470,2,11.0000004b,Drive,Delivery,pitch.1,336333,0.0,-0.0013,0.0192,0.02,-0.0579,-0.0001,0.0,0.0
1779816507470,2,12.00000015,Lower Delivery,Delivery,pitch.1,336054,8.6429,-3.6035,106.7529,-209.0337,191.9126,-0.1288,-0.1909,-0.2079
1779816507470,2,12.00000018,Upper Delivery,Delivery,pitch.1,336610,-0.4303,0.056,0.8755,-0.0765,-0.0125,-0.0939,0.0,0.0
1779816507470,2,Pitching Mound.Delivery,,Delivery,pitch.1,335814,8.2127,-3.5475,107.6283,-173.1119,191.9001,-3.3076,-0.1893,0.1283
1779816507470,2,Pitching Mound.Drive,,Delivery,pitch.1,336333,0.0,-0.0013,0.0192,0.02,-0.0579,-0.0001,0.0,0.0
1779816507470,2,Pitching Mound.Parent,,Delivery,pitch.1,335521,8.2126,-3.5488,107.6476,-173.0919,191.8422,-3.3076,-0.1893,0.1283
1779816507471,2,11.0000004b,Drive,Delivery,pitch.1,336334,-0.0001,-0.0012,0.0197,0.0231,-0.0588,0.0006,0.0,0.0
1779816507471,2,12.00000015,Lower Delivery,Delivery,pitch.1,336055,8.6151,-3.5067,106.5231,-209.1296,191.7001,-0.2684,-0.1911,-0.2084
1779816507471,2,12.00000018,Upper Delivery,Delivery,pitch.1,336611,-0.3868,0.0897,1.2381,-0.0804,-0.0184,-0.0631,0.0,0.0
1779816507471,2,Pitching Mound.Delivery,,Delivery,pitch.1,335815,8.2283,-3.417,107.7612,-173.4131,191.6817,-3.3921,-0.1889,0.1262
1779816507471,2,Pitching Mound.Drive,,Delivery,pitch.1,336334,-0.0001,-0.0012,0.0197,0.0231,-0.0588,0.0006,0.0,0.0
1779816507471,2,Pitching Mound.Parent,,Delivery,pitch.1,335522,8.2281,-3.4182,107.7809,-173.39,191.6228,-3.3915,-0.1888,0.1261
1779816507472,2,11.0000004b,Drive,Delivery,pitch.1,336335,0.0003,-0.0005,0.0183,0.017,-0.0584,0.0021,0.0,0.0
1779816507472,2,12.00000015,Lower Delivery,Delivery,pitch.1,336056,8.6146,-3.4196,106.4276,-209.0835,191.7873,-0.423,-0.1913,-0.2086
1779816507472,2,12.00000018,Upper Delivery,Delivery,pitch.1,336612,-0.3783,0.1019,1.6737,-0.0884,-0.0304,-0.0012,0.0,0.0
1779816507472,2,Pitching Mound.Delivery,,Delivery,pitch.1,335816,8.2364,-3.3177,108.1013,-173.5555,191.757,-3.4818,-0.1883,0.1241
1779816507472,2,Pitching Mound.Drive,,Delivery,pitch.1,336335,0.0003,-0.0005,0.0183,0.017,-0.0584,0.0021,0.0,0.0
1779816507472,2,Pitching Mound.Parent,,Delivery,pitch.1,335523,8.2366,-3.3182,108.1196,-173.5385,191.6986,-3.4797,-0.1883,0.1241
1779816507473,2,11.0000004b,Drive,Delivery,pitch.1,336336,0.0006,-0.0005,0.0179,0.0127,-0.0575,0.0032,0.0,0.0
1779816507473,2,12.00000015,Lower Delivery,Delivery,pitch.1,336057,8.5767,-3.3409,106.3029,-209.117,191.6102,-0.6074,-0.1914,-0.2088
1779816507473,2,12.00000018,Upper Delivery,Delivery,pitch.1,336613,-0.3634,0.097,1.4184,-0.0884,-0.0304,-0.0012,0.0,0.0
1779816507473,2,Pitching Mound.Delivery,,Delivery,pitch.1,335817,8.2134,-3.244,107.7213,-173.5446,191.5798,-3.6482,-0.1888,0.125
1779816507473,2,Pitching Mound.Drive,,Delivery,pitch.1,336336,0.0006,-0.0005,0.0179,0.0127,-0.0575,0.0032,0.0,0.0
1779816507473,2,Pitching Mound.Parent,,Delivery,pitch.1,335524,8.2139,-3.2445,107.7392,-173.532,191.5223,-3.645,-0.1888,0.1249
1779816507474,2,11.0000004b,Drive,Delivery,pitch.1,336337,0.0002,-0.0009,0.0191,0.0134,-0.058,0.0057,0.0,0.0
1779816507474,2,12.00000015,Lower Delivery,Delivery,pitch.1,336058,8.5596,-3.2601,106.2704,-209.0277,191.241,-0.7796,-0.191,-0.2088
1779816507474,2,12.00000018,Upper Delivery,Delivery,pitch.1,336614,-0.3983,0.0714,1.3036,-0.0884,-0.0304,-0.0012,0.0,0.0
1779816507474,2,Pitching Mound.Delivery,,Delivery,pitch.1,335818,8.1613,-3.1888,107.5739,-173.4274,191.2106,-3.8264,-0.1887,0.1255
1779816507474,2,Pitching Mound.Drive,,Delivery,pitch.1,336337,0.0002,-0.0009,0.0191,0.0134,-0.058,0.0057,0.0,0.0
1779816507474,2,Pitching Mound.Parent,,Delivery,pitch.1,335525,8.1615,-3.1897,107.593,-173.414,191.1526,-3.8208,-0.1887,0.1255
1779816507475,2,11.0000004b,Drive,Delivery,pitch.1,336338,0.0004,-0.0003,0.0175,0.0106,-0.059,0.006,0.0,0.0
1779816507475,2,12.00000015,Lower Delivery,Delivery,pitch.1,336059,8.5243,-3.1783,106.2305,-208.8593,190.9447,-0.9746,-0.1908,-0.2087
1779816507475,2,12.00000018,Upper Delivery,Delivery,pitch.1,336615,-0.473,0.0641,1.3804,-0.0884,-0.0304,-0.0012,0.0,0.0
1779816507475,2,Pitching Mound.Delivery,,Delivery,pitch.1,335819,8.0513,-3.1143,107.611,-173.2987,190.9143,-4.0349,-0.1884,0.1252
1779816507475,2,Pitching Mound.Drive,,Delivery,pitch.1,336338,0.0004,-0.0003,0.0175,0.0106,-0.059,0.006,0.0,0.0
1779816507475,2,Pitching Mound.Parent,,Delivery,pitch.1,335526,8.0516,-3.1146,107.6285,-173.2881,190.8553,-4.0288,-0.1883,0.1252
1779816507476,2,11.0000004b,Drive,Delivery,pitch.1,336339,0.0002,-0.0007,0.0179,0.0116,-0.0602,0.008,0.0,0.0
1779816507476,2,12.00000015,Lower Delivery,Delivery,pitch.1,336060,8.4918,-3.0934,106.2311,-208.7314,190.7917,-1.1494,-0.1907,-0.2086
1779816507476,2,12.00000018,Upper Delivery,Delivery,pitch.1,336616,-0.5496,0.0124,0.8859,-0.0884,-0.0304,-0.0012,0.0,0.0
1779816507476,2,Pitching Mound.Delivery,,Delivery,pitch.1,335820,7.9421,-3.081,107.117,-173.0024,190.7614,-4.2247,-0.1891,0.1275
1779816507476,2,Pitching Mound.Drive,,Delivery,pitch.1,336339,0.0002,-0.0007,0.0179,0.0116,-0.0602,0.008,0.0,0.0
1779816507476,2,Pitching Mound.Parent,,Delivery,pitch.1,335527,7.9424,-3.0817,107.135,-172.9908,190.7011,-4.2167,-0.1891,0.1275
1779816507477,2,11.0000004b,Drive,Delivery,pitch.1,336340,0.0003,-0.0011,0.0181,0.0125,-0.0613,0.0057,0.0,0.0
1779816507477,2,12.00000015,Lower Delivery,Delivery,pitch.1,336061,8.4548,-3.0135,106.1658,-208.267,190.5212,-1.3574,-0.1905,-0.2083
1779816507477,2,12.00000018,Upper Delivery,Delivery,pitch.1,336617,-0.5331,0.0379,1.4919,-0.0884,-0.0304,-0.0012,0.0,0.0
1779816507477,2,Pitching Mound.Delivery,,Delivery,pitch.1,335821,7.9216,-2.9756,107.6577,-172.7662,190.4909,-4.4145,-0.1879,0.1252
1779816507477,2,Pitching Mound.Drive,,Delivery,pitch.1,336340,0.0003,-0.0011,0.0181,0.0125,-0.0613,0.0057,0.0,0.0
1779816507477,2,Pitching Mound.Parent,,Delivery,pitch.1,335528,7.922,-2.9767,107.6758,-172.7537,190.4296,-4.4089,-0.1878,0.1252
1779816507478,2,11.0000004b,Drive,Delivery,pitch.1,336341,0.0004,-0.0015,0.0198,0.0158,-0.0618,0.0076,0.0,0.0
1779816507478,2,12.00000015,Lower Delivery,Delivery,pitch.1,336062,8.4197,-2.9361,106.195,-208.3142,190.2943,-1.6144,-0.1902,-0.2083
1779816507478,2,12.00000018,Upper Delivery,Delivery,pitch.1,336618,-0.5301,0.0322,1.4134,-0.0884,-0.0304,-0.0012,0.0,0.0
1779816507478,2,Pitching Mound.Delivery,,Delivery,pitch.1,335822,7.8896,-2.9039,107.6084,-172.7769,190.2639,-4.6585,-0.1877,0.1256
1779816507478,2,Pitching Mound.Drive,,Delivery,pitch.1,336341,0.0004,-0.0015,0.0198,0.0158,-0.0618,0.0076,0.0,0.0
1779816507478,2,Pitching Mound.Parent,,Delivery,pitch.1,335529,7.89,-2.9054,107.6282,-172.7611,190.2021,-4.6509,-0.1877,0.1255
1779816507479,2,11.0000004b,Drive,Delivery,pitch.1,336342,0.0006,-0.0012,0.0192,0.0125,-0.064,0.0088,0.0,0.0
1779816507479,2,12.00000015,Lower Delivery,Delivery,pitch.1,336063,8.3765,-2.8574,106.0974,-207.8199,190.3602,-1.7787,-0.1905,-0.2079
1779816507479,2,12.00000018,Upper Delivery,Delivery,pitch.1,336619,-0.5606,0.0218,1.2084,-0.0884,-0.0304,-0.0012,0.0,0.0
1779816507479,2,Pitching Mound.Delivery,,Delivery,pitch.1,335823,7.8159,-2.8356,107.3058,-172.246,190.3298,-4.8185,-0.1883,0.1267
1779816507479,2,Pitching Mound.Drive,,Delivery,pitch.1,336342,0.0006,-0.0012,0.0192,0.0125,-0.064,0.0088,0.0,0.0
1779816507479,2,Pitching Mound.Parent,,Delivery,pitch.1,335530,7.8165,-2.8368,107.3251,-172.2335,190.2658,-4.8097,-0.1883,0.1267
1779816507480,2,11.0000004b,Drive,Delivery,pitch.1,336343,0.0006,-0.0015,0.0196,0.0124,-0.0636,0.0075,0.0,0.0
1779816507480,2,12.00000015,Lower Delivery,Delivery,pitch.1,336064,8.3609,-2.7739,106.1732,-208.0309,190.3524,-2.1194,-0.1903,-0.208
1779816507480,2,12.00000018,Upper Delivery,Delivery,pitch.1,336620,-0.7001,-0.0241,1.053,-0.0884,-0.0304,-0.0012,0.0,0.0
1779816507480,2,Pitching Mound.Delivery,,Delivery,pitch.1,335824,7.6608,-2.798,107.2262,-172.3784,190.322,-5.2014,-0.1885,0.1274
1779816507480,2,Pitching Mound.Drive,,Delivery,pitch.1,336343,0.0006,-0.0015,0.0196,0.0124,-0.0636,0.0075,0.0,0.0
1779816507480,2,Pitching Mound.Parent,,Delivery,pitch.1,335531,7.6614,-2.7995,107.2459,-172.366,190.2585,-5.1938,-0.1884,0.1273
1779816507481,2,11.0000004b,Drive,Delivery,pitch.1,336344,0.0005,-0.0016,0.0196,0.0119,-0.0637,0.0085,0.0,0.0
1779816507481,2,12.00000015,Lower Delivery,Delivery,pitch.1,336065,8.305,-2.7103,106.1033,-208.1645,190.5148,-2.5753,-0.1906,-0.2083
1779816507481,2,12.00000018,Upper Delivery,Delivery,pitch.1,336621,-0.6674,-0.0095,1.0588,-0.0884,-0.0304,-0.0012,0.0,0.0
1779816507481,2,Pitching Mound.Delivery,,Delivery,pitch.1,335825,7.6376,-2.7198,107.1621,-172.5377,190.4844,-5.6271,-0.1887,0.1271
1779816507481,2,Pitching Mound.Drive,,Delivery,pitch.1,336344,0.0005,-0.0016,0.0196,0.0119,-0.0637,0.0085,0.0,0.0
1779816507481,2,Pitching Mound.Parent,,Delivery,pitch.1,335532,7.6381,-2.7213,107.1817,-172.5258,190.4208,-5.6187,-0.1887,0.127
1779816507482,2,11.0000004b,Drive,Delivery,pitch.1,336345,0.0004,-0.0014,0.0193,0.0118,-0.0641,0.008,0.0,0.0
1779816507482,2,12.00000015,Lower Delivery,Delivery,pitch.1,336066,8.2488,-2.6549,106.0159,-208.1809,190.1328,-2.8027,-0.1904,-0.2085
1779816507482,2,12.00000018,Upper Delivery,Delivery,pitch.1,336622,-0.7293,-0.0302,1.0451,-0.0884,-0.0304,-0.0012,0.0,0.0
1779816507482,2,Pitching Mound.Delivery,,Delivery,pitch.1,335826,7.5196,-2.6851,107.061,-172.5792,190.1025,-5.8565,-0.1885,0.1269
1779816507482,2,Pitching Mound.Drive,,Delivery,pitch.1,336345,0.0004,-0.0014,0.0193,0.0118,-0.0641,0.008,0.0,0.0
1779816507482,2,Pitching Mound.Parent,,Delivery,pitch.1,335533,7.5199,-2.6865,107.0803,-172.5674,190.0384,-5.8485,-0.1885,0.1269
1779816507483,2,11.0000004b,Drive,Delivery,pitch.1,336346,0.0004,-0.0013,0.019,0.0115,-0.0653,0.0082,0.0,0.0
1779816507483,2,12.00000015,Lower Delivery,Delivery,pitch.1,336067,8.2247,-2.5952,105.9352,-208.1935,190.2414,-2.9584,-0.1906,-0.2086
1779816507483,2,12.00000018,Upper Delivery,Delivery,pitch.1,336623,-0.8695,-0.1061,0.713,-0.0884,-0.0304,-0.0012,0.0,0.0
1779816507483,2,Pitching Mound.Delivery,,Delivery,pitch.1,335827,7.3552,-2.7013,106.6482,-172.5064,190.211,-6.0516,-0.1894,0.1282
1779816507483,2,Pitching Mound.Drive,,Delivery,pitch.1,336346,0.0004,-0.0013,0.019,0.0115,-0.0653,0.0082,0.0,0.0
1779816507483,2,Pitching Mound.Parent,,Delivery,pitch.1,335534,7.3556,-2.7027,106.6671,-172.4948,190.1457,-6.0434,-0.1893,0.1282
1779816507484,2,11.0000004b,Drive,Delivery,pitch.1,336347,0.0007,-0.0013,0.0178,0.0129,-0.0656,0.0048,0.0,0.0
1779816507484,2,12.00000015,Lower Delivery,Delivery,pitch.1,336068,8.1829,-2.5372,105.8635,-208.461,190.2446,-3.0949,-0.1908,-0.2091
1779816507484,2,12.00000018,Upper Delivery,Delivery,pitch.1,336624,-0.7806,-0.0729,1.0549,-0.0884,-0.0304,-0.0012,0.0,0.0
1779816507484,2,Pitching Mound.Delivery,,Delivery,pitch.1,335828,7.4023,-2.6101,106.9184,-172.9145,190.2143,-6.1437,-0.1889,0.1263
1779816507484,2,Pitching Mound.Drive,,Delivery,pitch.1,336347,0.0007,-0.0013,0.0178,0.0129,-0.0656,0.0048,0.0,0.0
1779816507484,2,Pitching Mound.Parent,,Delivery,pitch.1,335535,7.403,-2.6114,106.9363,-172.9016,190.1487,-6.1389,-0.1889,0.1263
1779816507485,2,11.0000004b,Drive,Delivery,pitch.1,336348,0.0009,-0.0014,0.0177,0.0134,-0.0658,0.0048,0.0,0.0
1779816507485,2,12.00000015,Lower Delivery,Delivery,pitch.1,336069,8.1193,-2.4693,105.7108,-208.3032,189.9701,-3.2607,-0.1908,-0.2092
1779816507485,2,12.00000018,Upper Delivery,Delivery,pitch.1,336625,-0.7662,-0.0751,1.0663,-0.0884,-0.0304,-0.0012,0.0,0.0
1779816507485,2,Pitching Mound.Delivery,,Delivery,pitch.1,335829,7.353,-2.5444,106.7771,-172.8124,189.9397,-6.283,-0.1889,0.1261
1779816507485,2,Pitching Mound.Drive,,Delivery,pitch.1,336348,0.0009,-0.0014,0.0177,0.0134,-0.0658,0.0048,0.0,0.0
1779816507485,2,Pitching Mound.Parent,,Delivery,pitch.1,335536,7.3539,-2.5457,106.7948,-172.7991,189.8739,-6.2781,-0.1888,0.1261
1779816507486,2,11.0000004b,Drive,Delivery,pitch.1,336349,0.0005,-0.0013,0.0185,0.0122,-0.0642,0.0058,0.0,0.0
1779816507486,2,12.00000015,Lower Delivery,Delivery,pitch.1,336070,8.0788,-2.4205,105.5894,-208.4036,189.8613,-3.43,-0.1909,-0.2095
1779816507486,2,12.00000018,Upper Delivery,Delivery,pitch.1,336626,-0.7118,-0.0363,1.2399,-0.0884,-0.0304,-0.0012,0.0,0.0
1779816507486,2,Pitching Mound.Delivery,,Delivery,pitch.1,335830,7.3671,-2.4568,106.8294,-173.0131,189.8309,-6.42,-0.1887,0.125
1779816507486,2,Pitching Mound.Drive,,Delivery,pitch.1,336349,0.0005,-0.0013,0.0185,0.0122,-0.0642,0.0058,0.0,0.0
1779816507486,2,Pitching Mound.Parent,,Delivery,pitch.1,335537,7.3675,-2.4581,106.8479,-173.0009,189.7667,-6.4142,-0.1886,0.125
1779816507487,2,11.0000004b,Drive,Delivery,pitch.1,336350,0.0007,-0.0012,0.0182,0.0118,-0.0634,0.0059,0.0,0.0
1779816507487,2,12.00000015,Lower Delivery,Delivery,pitch.1,336071,8.0406,-2.3986,105.5066,-208.4357,189.6786,-3.5343,-0.1909,-0.2097
1779816507487,2,12.00000018,Upper Delivery,Delivery,pitch.1,336627,-0.7289,-0.0549,1.2474,-0.0884,-0.0304,-0.0012,0.0,0.0
1779816507487,2,Pitching Mound.Delivery,,Delivery,pitch.1,335831,7.3117,-2.4535,106.754,-173.0759,189.6482,-6.5171,-0.1886,0.1248
1779816507487,2,Pitching Mound.Drive,,Delivery,pitch.1,336350,0.0007,-0.0012,0.0182,0.0118,-0.0634,0.0059,0.0,0.0
1779816507487,2,Pitching Mound.Parent,,Delivery,pitch.1,335538,7.3124,-2.4546,106.7722,-173.0642,189.5849,-6.5111,-0.1886,0.1248
1779816507488,2,11.0000004b,Drive,Delivery,pitch.1,336351,0.0006,-0.0011,0.0179,0.0117,-0.0629,0.0051,0.0,0.0
1779816507488,2,12.00000015,Lower Delivery,Delivery,pitch.1,336072,8.0192,-2.3654,105.4895,-208.6613,189.5995,-3.6564,-0.1908,-0.21
1779816507488,2,12.00000018,Upper Delivery,Delivery,pitch.1,336628,-0.6581,-0.0537,1.6573,-0.0884,-0.0304,-0.0012,0.0,0.0
1779816507488,2,Pitching Mound.Delivery,,Delivery,pitch.1,335832,7.3611,-2.419,107.1467,-173.4468,189.5691,-6.6079,-0.1879,0.1227
1779816507488,2,Pitching Mound.Drive,,Delivery,pitch.1,336351,0.0006,-0.0011,0.0179,0.0117,-0.0629,0.0051,0.0,0.0
1779816507488,2,Pitching Mound.Parent,,Delivery,pitch.1,335539,7.3617,-2.4202,107.1646,-173.4351,189.5062,-6.6028,-0.1878,0.1227
1779816507489,2,11.0000004b,Drive,Delivery,pitch.1,336352,0.0005,-0.001,0.0183,0.0117,-0.0617,0.0059,0.0,0.0
1779816507489,2,12.00000015,Lower Delivery,Delivery,pitch.1,336073,7.9744,-2.3448,105.3806,-208.5534,189.1002,-3.8675,-0.1905,-0.2101
1779816507489,2,12.00000018,Upper Delivery,Delivery,pitch.1,336629,-0.6674,-0.0731,1.6502,-0.0884,-0.0304,-0.0012,0.0,0.0
1779816507489,2,Pitching Mound.Delivery,,Delivery,pitch.1,335833,7.307,-2.4179,107.0308,-173.3735,189.0698,-6.8069,-0.1876,0.1227
1779816507489,2,Pitching Mound.Drive,,Delivery,pitch.1,336352,0.0005,-0.001,0.0183,0.0117,-0.0617,0.0059,0.0,0.0
1779816507489,2,Pitching Mound.Parent,,Delivery,pitch.1,335540,7.3075,-2.4189,107.0491,-173.3617,189.0081,-6.801,-0.1875,0.1226
1779816507490,2,11.0000004b,Drive,Delivery,pitch.1,336353,0.0006,-0.0012,0.0191,0.0122,-0.0598,0.0054,0.0,0.0
1779816507490,2,12.00000015,Lower Delivery,Delivery,pitch.1,336074,7.9536,-2.3158,105.2824,-208.6132,188.8209,-4.111,-0.1904,-0.2104
1779816507490,2,12.00000018,Upper Delivery,Delivery,pitch.1,336630,-0.602,-0.0447,1.6939,-0.0884,-0.0304,-0.0012,0.0,0.0
1779816507490,2,Pitching Mound.Delivery,,Delivery,pitch.1,335834,7.3516,-2.3605,106.9763,-173.4814,188.7905,-7.0211,-0.1874,0.1222
1779816507490,2,Pitching Mound.Drive,,Delivery,pitch.1,336353,0.0006,-0.0012,0.0191,0.0122,-0.0598,0.0054,0.0,0.0
1779816507490,2,Pitching Mound.Parent,,Delivery,pitch.1,335541,7.3521,-2.3617,106.9955,-173.4693,188.7307,-7.0157,-0.1874,0.1222
1779816507491,2,11.0000004b,Drive,Delivery,pitch.1,336354,0.0006,-0.0011,0.0187,0.0125,-0.06,0.0072,0.0,0.0
1779816507491,2,12.00000015,Lower Delivery,Delivery,pitch.1,336075,7.9081,-2.3005,105.2268,-208.6135,188.613,-4.3812,-0.1903,-0.2105
1779816507491,2,12.00000018,Upper Delivery,Delivery,pitch.1,336631,-0.5437,-0.0096,1.7242,-0.0884,-0.0304,-0.0012,0.0,0.0
1779816507491,2,Pitching Mound.Delivery,,Delivery,pitch.1,335835,7.3644,-2.3101,106.951,-173.511,188.5826,-7.256,-0.1872,0.122
1779816507491,2,Pitching Mound.Drive,,Delivery,pitch.1,336354,0.0006,-0.0011,0.0187,0.0125,-0.06,0.0072,0.0,0.0
1779816507491,2,Pitching Mound.Parent,,Delivery,pitch.1,335542,7.365,-2.3112,106.9697,-173.4985,188.5226,-7.2489,-0.1872,0.1219
1779816507492,2,11.0000004b,Drive,Delivery,pitch.1,336355,0.0006,-0.001,0.0187,0.0131,-0.0612,0.0086,0.0,0.0
1779816507492,2,12.00000015,Lower Delivery,Delivery,pitch.1,336076,7.9104,-2.2701,105.1689,-208.465,188.7793,-4.5075,-0.1906,-0.2104
1779816507492,2,12.00000018,Upper Delivery,Delivery,pitch.1,336632,-0.5435,-0.0111,1.7365,-0.0884,-0.0304,-0.0012,0.0,0.0
1779816507492,2,Pitching Mound.Delivery,,Delivery,pitch.1,335836,7.3669,-2.2812,106.9054,-173.3863,188.7489,-7.383,-0.1875,0.1219
1779816507492,2,Pitching Mound.Drive,,Delivery,pitch.1,336355,0.0006,-0.001,0.0187,0.0131,-0.0612,0.0086,0.0,0.0
1779816507492,2,Pitching Mound.Parent,,Delivery,pitch.1,335543,7.3675,-2.2822,106.9241,-173.3732,188.6877,-7.3744,-0.1874,0.1219
1779816507493,2,11.0000004b,Drive,Delivery,pitch.1,336356,0.0006,-0.0011,0.0191,0.0131,-0.0615,0.0064,0.0,0.0
1779816507493,2,12.00000015,Lower Delivery,Delivery,pitch.1,336077,7.8959,-2.2598,105.1449,-208.5728,188.499,-4.6536,-0.1903,-0.2106
1779816507493,2,12.00000018,Upper Delivery,Delivery,pitch.1,336633,-0.5115,-0.0016,1.6334,-0.0884,-0.0304,-0.0012,0.0,0.0
1779816507493,2,Pitching Mound.Delivery,,Delivery,pitch.1,335837,7.3844,-2.2613,106.7783,-173.4673,188.4687,-7.5133,-0.1874,0.1222
1779816507493,2,Pitching Mound.Drive,,Delivery,pitch.1,336356,0.0006,-0.0011,0.0191,0.0131,-0.0615,0.0064,0.0,0.0
1779816507493,2,Pitching Mound.Parent,,Delivery,pitch.1,335544,7.385,-2.2624,106.7974,-173.4541,188.4072,-7.5069,-0.1874,0.1222
1779816507494,2,11.0000004b,Drive,Delivery,pitch.1,336357,0.0007,-0.0013,0.0191,0.0136,-0.0607,0.0054,0.0,0.0
1779816507494,2,12.00000015,Lower Delivery,Delivery,pitch.1,336078,7.8587,-2.2434,105.059,-208.5963,188.4625,-4.7881,-0.1904,-0.2108
1779816507494,2,12.00000018,Upper Delivery,Delivery,pitch.1,336634,-0.5052,0.0127,1.5732,-0.0884,-0.0304,-0.0012,0.0,0.0
1779816507494,2,Pitching Mound.Delivery,,Delivery,pitch.1,335838,7.3535,-2.2306,106.6322,-173.4995,188.4321,-7.6331,-0.1876,0.1223
1779816507494,2,Pitching Mound.Drive,,Delivery,pitch.1,336357,0.0007,-0.0013,0.0191,0.0136,-0.0607,0.0054,0.0,0.0
1779816507494,2,Pitching Mound.Parent,,Delivery,pitch.1,335545,7.3542,-2.2319,106.6513,-173.486,188.3714,-7.6277,-0.1876,0.1223
1779816507495,2,11.0000004b,Drive,Delivery,pitch.1,336358,0.0008,-0.0014,0.02,0.0136,-0.0613,0.0064,0.0,0.0
1779816507495,2,12.00000015,Lower Delivery,Delivery,pitch.1,336079,7.8475,-2.2153,105.0325,-208.5232,188.3135,-4.9174,-0.1903,-0.2108
1779816507495,2,12.00000018,Upper Delivery,Delivery,pitch.1,336635,-0.5291,0.0379,1.7606,-0.0884,-0.0304,-0.0012,0.0,0.0
1779816507495,2,Pitching Mound.Delivery,,Delivery,pitch.1,335839,7.3185,-2.1774,106.7932,-173.4991,188.2831,-7.7667,-0.1872,0.1215
1779816507495,2,Pitching Mound.Drive,,Delivery,pitch.1,336358,0.0008,-0.0014,0.02,0.0136,-0.0613,0.0064,0.0,0.0
1779816507495,2,Pitching Mound.Parent,,Delivery,pitch.1,335546,7.3193,-2.1788,106.8131,-173.4855,188.2218,-7.7602,-0.1872,0.1215
1779816507496,2,11.0000004b,Drive,Delivery,pitch.1,336359,0.0007,-0.0013,0.0203,0.0172,-0.0596,0.0045,0.0,0.0
1779816507496,2,12.00000015,Lower Delivery,Delivery,pitch.1,336080,7.8231,-2.2087,104.993,-208.448,188.1794,-5.0711,-0.1903,-0.2108
1779816507496,2,12.00000018,Upper Delivery,Delivery,pitch.1,336636,-0.5268,0.031,1.6961,-0.0884,-0.0304,-0.0012,0.0,0.0
1779816507496,2,Pitching Mound.Delivery,,Delivery,pitch.1,335840,7.2962,-2.1776,106.6891,-173.4154,188.149,-7.9113,-0.1873,0.1218
1779816507496,2,Pitching Mound.Drive,,Delivery,pitch.1,336359,0.0007,-0.0013,0.0203,0.0172,-0.0596,0.0045,0.0,0.0
1779816507496,2,Pitching Mound.Parent,,Delivery,pitch.1,335547,7.2969,-2.179,106.7094,-173.3982,188.0894,-7.9068,-0.1872,0.1217
1779816507497,2,11.0000004b,Drive,Delivery,pitch.1,336360,0.0006,-0.0013,0.0203,0.0163,-0.0612,0.0025,0.0,0.0
1779816507497,2,12.00000015,Lower Delivery,Delivery,pitch.1,336081,7.814,-2.1807,104.8843,-208.6028,188.2492,-5.1758,-0.1905,-0.2111
1779816507497,2,12.00000018,Upper Delivery,Delivery,pitch.1,336637,-0.5357,-0.0031,1.6255,-0.0884,-0.0304,-0.0012,0.0,0.0
1779816507497,2,Pitching Mound.Delivery,,Delivery,pitch.1,335841,7.2783,-2.1838,106.5098,-173.5832,188.2188,-8.0158,-0.1876,0.1217
1779816507497,2,Pitching Mound.Drive,,Delivery,pitch.1,336360,0.0006,-0.0013,0.0203,0.0163,-0.0612,0.0025,0.0,0.0
1779816507497,2,Pitching Mound.Parent,,Delivery,pitch.1,335548,7.2789,-2.185,106.5301,-173.5668,188.1576,-8.0133,-0.1876,0.1217
1779816507498,2,11.0000004b,Drive,Delivery,pitch.1,336361,0.0004,-0.0014,0.02,0.0149,-0.0616,0.0019,0.0,0.0
1779816507498,2,12.00000015,Lower Delivery,Delivery,pitch.1,336082,7.7914,-2.1287,104.931,-208.7208,188.3221,-5.2978,-0.1905,-0.2112
1779816507498,2,12.00000018,Upper Delivery,Delivery,pitch.1,336638,-0.5015,0.0416,1.6203,-0.0884,-0.0304,-0.0012,0.0,0.0
1779816507498,2,Pitching Mound.Delivery,,Delivery,pitch.1,335842,7.2899,-2.0871,106.5513,-173.6835,188.2917,-8.1186,-0.1876,0.1217
1779816507498,2,Pitching Mound.Drive,,Delivery,pitch.1,336361,0.0004,-0.0014,0.02,0.0149,-0.0616,0.0019,0.0,0.0
1779816507498,2,Pitching Mound.Parent,,Delivery,pitch.1,335549,7.2903,-2.0884,106.5713,-173.6686,188.2301,-8.1167,-0.1876,0.1217
1779816507499,2,11.0000004b,Drive,Delivery,pitch.1,336362,0.0002,-0.0013,0.0196,0.0154,-0.064,0.0008,0.0,0.0
1779816507499,2,12.00000015,Lower Delivery,Delivery,pitch.1,336083,7.7738,-2.1012,104.909,-208.818,188.2034,-5.416,-0.1905,-0.2113
1779816507499,2,12.00000018,Upper Delivery,Delivery,pitch.1,336639,-0.4513,0.0565,1.4975,-0.0884,-0.0304,-0.0012,0.0,0.0
1779816507499,2,Pitching Mound.Delivery,,Delivery,pitch.1,335843,7.3224,-2.0448,106.4066,-173.7465,188.1731,-8.2137,-0.1878,0.1221
1779816507499,2,Pitching Mound.Drive,,Delivery,pitch.1,336362,0.0002,-0.0013,0.0196,0.0154,-0.064,0.0008,0.0,0.0
1779816507499,2,Pitching Mound.Parent,,Delivery,pitch.1,335550,7.3227,-2.046,106.4261,-173.7311,188.1091,-8.2129,-0.1877,0.1221
1779816507500,2,11.0000004b,Drive,Delivery,pitch.1,336363,0.0002,-0.0013,0.0194,0.0151,-0.0646,0.0009,0.0,0.0
1779816507500,2,12.00000015,Lower Delivery,Delivery,pitch.1,336084,7.7515,-2.0695,104.8646,-208.6461,188.2618,-5.4987,-0.1906,-0.2112
1779816507500,2,12.00000018,Upper Delivery,Delivery,pitch.1,336640,-0.4117,0.1077,1.5115,-0.0884,-0.0304,-0.0012,0.0,0.0
1779816507500,2,Pitching Mound.Delivery,,Delivery,pitch.1,335844,7.3398,-1.9618,106.376,-173.5944,188.2314,-8.2754,-0.1879,0.1221
1779816507500,2,Pitching Mound.Drive,,Delivery,pitch.1,336363,0.0002,-0.0013,0.0194,0.0151,-0.0646,0.0009,0.0,0.0
1779816507500,2,Pitching Mound.Parent,,Delivery,pitch.1,335551,7.34,-1.9631,106.3955,-173.5792,188.1669,-8.2746,-0.1878,0.1221
1779816507501,2,11.0000004b,Drive,Delivery,pitch.1,336364,-0.0004,-0.0011,0.0197,0.014,-0.0653,0.0004,0.0,0.0
1779816507501,2,12.00000015,Lower Delivery,Delivery,pitch.1,336085,7.7109,-2.0732,104.857,-208.8226,188.3185,-5.6212,-0.1907,-0.2114
1779816507501,2,12.00000018,Upper Delivery,Delivery,pitch.1,336641,-0.4566,0.0829,1.5774,-0.0884,-0.0304,-0.0012,0.0,0.0
1779816507501,2,Pitching Mound.Delivery,,Delivery,pitch.1,335845,7.2543,-1.9903,106.4344,-173.7959,188.2882,-8.3993,-0.1878,0.1216
1779816507501,2,Pitching Mound.Drive,,Delivery,pitch.1,336364,-0.0004,-0.0011,0.0197,0.014,-0.0653,0.0004,0.0,0.0
1779816507501,2,Pitching Mound.Parent,,Delivery,pitch.1,335552,7.2538,-1.9914,106.454,-173.7819,188.2229,-8.3989,-0.1878,0.1216
1779816507502,2,11.0000004b,Drive,Delivery,pitch.1,336365,-0.0007,-0.0015,0.0215,0.0134,-0.0652,0.0027,0.0,0.0
1779816507502,2,12.00000015,Lower Delivery,Delivery,pitch.1,336086,7.7042,-2.0325,104.8639,-208.7846,188.552,-5.7008,-0.1909,-0.2114
1779816507502,2,12.00000018,Upper Delivery,Delivery,pitch.1,336642,-0.3991,0.1085,1.4707,-0.0884,-0.0304,-0.0012,0.0,0.0
1779816507502,2,Pitching Mound.Delivery,,Delivery,pitch.1,335846,7.3051,-1.924,106.3346,-173.7193,188.5216,-8.4571,-0.1882,0.1221
1779816507502,2,Pitching Mound.Drive,,Delivery,pitch.1,336365,-0.0007,-0.0015,0.0215,0.0134,-0.0652,0.0027,0.0,0.0
1779816507502,2,Pitching Mound.Parent,,Delivery,pitch.1,335553,7.3043,-1.9255,106.3561,-173.7059,188.4564,-8.4545,-0.1882,0.1221
1779816507503,2,11.0000004b,Drive,Delivery,pitch.1,336366,-0.0012,-0.0032,0.0247,0.0131,-0.0649,0.0031,0.0,0.0
1779816507503,2,12.00000015,Lower Delivery,Delivery,pitch.1,336087,7.6576,-2.0323,104.9656,-208.5741,188.2663,-5.7255,-0.1904,-0.211
1779816507503,2,12.00000018,Upper Delivery,Delivery,pitch.1,336643,-0.4384,0.1171,1.618,-0.0884,-0.0304,-0.0012,0.0,0.0
1779816507503,2,Pitching Mound.Delivery,,Delivery,pitch.1,335847,7.2192,-1.9152,106.5836,-173.5242,188.2359,-8.4794,-0.1875,0.1219
1779816507503,2,Pitching Mound.Drive,,Delivery,pitch.1,336366,-0.0012,-0.0032,0.0247,0.0131,-0.0649,0.0031,0.0,0.0
1779816507503,2,Pitching Mound.Parent,,Delivery,pitch.1,335554,7.218,-1.9184,106.6083,-173.5111,188.171,-8.4763,-0.1875,0.1219
1779816507504,2,11.0000004b,Drive,Delivery,pitch.1,336367,-0.0014,-0.0036,0.0252,0.0125,-0.0636,0.0042,0.0,0.0
1779816507504,2,12.00000015,Lower Delivery,Delivery,pitch.1,336088,7.621,-2.0094,104.9817,-208.665,188.4165,-5.7479,-0.1905,-0.211
1779816507504,2,12.00000018,Upper Delivery,Delivery,pitch.1,336644,-0.4034,0.0908,1.4406,-0.0884,-0.0304,-0.0012,0.0,0.0
1779816507504,2,Pitching Mound.Delivery,,Delivery,pitch.1,335848,7.2175,-1.9187,106.4224,-173.5494,188.3861,-8.4774,-0.188,0.1226
1779816507504,2,Pitching Mound.Drive,,Delivery,pitch.1,336367,-0.0014,-0.0036,0.0252,0.0125,-0.0636,0.0042,0.0,0.0
1779816507504,2,Pitching Mound.Parent,,Delivery,pitch.1,335555,7.2162,-1.9223,106.4475,-173.5368,188.3226,-8.4733,-0.1879,0.1226
1779816507505,2,11.0000004b,Drive,Delivery,pitch.1,336368,-0.0014,-0.0039,0.0256,0.0138,-0.0653,0.0022,0.0,0.0
1779816507505,2,12.00000015,Lower Delivery,Delivery,pitch.1,336089,7.5879,-2.0125,105.0895,-208.9247,188.4581,-5.7813,-0.1904,-0.2111
1779816507505,2,12.00000018,Upper Delivery,Delivery,pitch.1,336645,-0.4144,0.0448,1.3396,-0.0884,-0.0304,-0.0012,0.0,0.0
1779816507505,2,Pitching Mound.Delivery,,Delivery,pitch.1,335849,7.1735,-1.9678,106.4291,-173.7381,188.4277,-8.5033,-0.188,0.123
1779816507505,2,Pitching Mound.Drive,,Delivery,pitch.1,336368,-0.0014,-0.0039,0.0256,0.0138,-0.0653,0.0022,0.0,0.0
1779816507505,2,Pitching Mound.Parent,,Delivery,pitch.1,335556,7.1721,-1.9716,106.4547,-173.7243,188.3624,-8.5011,-0.1879,0.123
1779816507506,2,11.0000004b,Drive,Delivery,pitch.1,336369,-0.0015,-0.0034,0.0253,0.013,-0.0647,0.0031,0.0,0.0
1779816507506,2,12.00000015,Lower Delivery,Delivery,pitch.1,336090,7.5786,-1.9969,105.1982,-209.0489,188.7787,-5.8233,-0.1905,-0.211
1779816507506,2,12.00000018,Upper Delivery,Delivery,pitch.1,336646,-0.4334,0.0391,1.3805,-0.0884,-0.0304,-0.0012,0.0,0.0
1779816507506,2,Pitching Mound.Delivery,,Delivery,pitch.1,335850,7.1452,-1.9577,106.5787,-173.8392,188.7484,-8.5486,-0.188,0.123
1779816507506,2,Pitching Mound.Drive,,Delivery,pitch.1,336369,-0.0015,-0.0034,0.0253,0.013,-0.0647,0.0031,0.0,0.0
1779816507506,2,Pitching Mound.Parent,,Delivery,pitch.1,335557,7.1437,-1.9611,106.6039,-173.8263,188.6837,-8.5455,-0.188,0.1229
1779816507507,2,11.0000004b,Drive,Delivery,pitch.1,336370,-0.0015,-0.004,0.0261,0.0125,-0.0635,0.0016,0.0,0.0
1779816507507,2,12.00000015,Lower Delivery,Delivery,pitch.1,336091,7.5626,-1.9924,105.3178,-209.2157,188.9153,-5.8127,-0.1904,-0.2109
1779816507507,2,12.00000015,Lower Delivery,Delivery,pitch.1,336092,7.5519,-2.0134,105.4477,-209.3467,188.9145,-5.7854,-0.1902,-0.2108
1779816507507,2,12.00000018,Upper Delivery,Delivery,pitch.1,336647,-0.5176,0.0292,1.6246,-0.0884,-0.0304,-0.0012,0.0,0.0
1779816507507,2,Pitching Mound.Delivery,,Delivery,pitch.1,335851,7.045,-1.9631,106.9425,-174.0484,188.885,-8.5612,-0.1875,0.122
1779816507507,2,Pitching Mound.Drive,,Delivery,pitch.1,336370,-0.0015,-0.004,0.0261,0.0125,-0.0635,0.0016,0.0,0.0
1779816507507,2,Pitching Mound.Parent,,Delivery,pitch.1,335558,7.0435,-1.9671,106.9685,-174.0359,188.8215,-8.5595,-0.1875,0.1219
1779816507508,2,11.0000004b,Drive,Delivery,pitch.1,336371,-0.0007,-0.0015,0.0206,0.0126,-0.0612,-0.0012,0.0,0.0
1779816507508,2,12.00000018,Upper Delivery,Delivery,pitch.1,336648,-0.5571,-0.061,1.4396,-0.0884,-0.0304,-0.0012,0.0,0.0
1779816507508,2,Pitching Mound.Delivery,,Delivery,pitch.1,335852,6.9948,-2.0744,106.8873,-174.0724,188.8841,-8.5437,-0.1876,0.1229
1779816507508,2,Pitching Mound.Drive,,Delivery,pitch.1,336371,-0.0007,-0.0015,0.0206,0.0126,-0.0612,-0.0012,0.0,0.0
1779816507508,2,Pitching Mound.Parent,,Delivery,pitch.1,335559,6.9941,-2.0759,106.9079,-174.0597,188.823,-8.5449,-0.1876,0.1229
1779816507509,2,11.0000004b,Drive,Delivery,pitch.1,336372,-0.001,-0.0013,0.021,0.0132,-0.062,0.0003,0.0,0.0
1779816507509,2,12.00000015,Lower Delivery,Delivery,pitch.1,336093,7.5571,-2.0276,105.5598,-209.3436,189.0158,-5.8067,-0.1901,-0.2105
1779816507509,2,12.00000015,Lower Delivery,Delivery,pitch.1,336094,7.5403,-2.0386,105.6427,-209.9089,188.8587,-5.8262,-0.1898,-0.2109
1779816507509,2,12.00000018,Upper Delivery,Delivery,pitch.1,336649,-0.5849,-0.1045,1.4386,-0.0884,-0.0304,-0.0012,0.0,0.0
1779816507509,2,Pitching Mound.Delivery,,Delivery,pitch.1,335853,6.9722,-2.1322,106.9984,-174.0308,188.9855,-8.5762,-0.1875,0.1231
1779816507509,2,Pitching Mound.Drive,,Delivery,pitch.1,336372,-0.001,-0.0013,0.021,0.0132,-0.062,0.0003,0.0,0.0
1779816507509,2,Pitching Mound.Parent,,Delivery,pitch.1,335560,6.9712,-2.1335,107.0194,-174.0176,188.9234,-8.5759,-0.1875,0.1231
1779816507510,2,11.0000004b,Drive,Delivery,pitch.1,336373,-0.0012,-0.0024,0.0225,0.0135,-0.061,0.0007,0.0,0.0
1779816507510,2,12.00000015,Lower Delivery,Delivery,pitch.1,336095,7.5474,-2.0547,105.7518,-209.9633,188.6474,-5.7679,-0.1894,-0.2108
1779816507510,2,12.00000018,Upper Delivery,Delivery,pitch.1,336650,-0.6459,-0.1167,1.3881,-0.0884,-0.0304,-0.0012,0.0,0.0
1779816507510,2,Pitching Mound.Delivery,,Delivery,pitch.1,335854,6.8944,-2.1553,107.0308,-174.5507,188.8283,-8.6107,-0.1873,0.123
1779816507510,2,Pitching Mound.Drive,,Delivery,pitch.1,336373,-0.0012,-0.0024,0.0225,0.0135,-0.061,0.0007,0.0,0.0
1779816507510,2,Pitching Mound.Parent,,Delivery,pitch.1,335561,6.8932,-2.1577,107.0533,-174.5372,188.7673,-8.61,-0.1873,0.1229
1779816507511,2,11.0000004b,Drive,Delivery,pitch.1,336374,-0.0019,-0.0046,0.0273,0.0151,-0.062,0.0013,0.0,0.0
1779816507511,2,12.00000018,Upper Delivery,Delivery,pitch.1,336651,-0.67,-0.1398,1.3604,-0.0884,-0.0304,-0.0012,0.0,0.0
1779816507511,2,Pitching Mound.Delivery,,Delivery,pitch.1,335855,6.8774,-2.1945,107.1123,-174.5586,188.617,-8.563,-0.187,0.1233
1779816507511,2,Pitching Mound.Drive,,Delivery,pitch.1,336374,-0.0019,-0.0046,0.0273,0.0151,-0.062,0.0013,0.0,0.0
1779816507511,2,Pitching Mound.Parent,,Delivery,pitch.1,335562,6.8755,-2.1991,107.1395,-174.5434,188.555,-8.5616,-0.1869,0.1232
1779816507512,2,11.0000004b,Drive,Delivery,pitch.1,336375,-0.0009,-0.0024,0.0217,0.0127,-0.0624,0.0038,0.0,0.0
1779816507512,2,12.00000015,Lower Delivery,Delivery,pitch.1,336097,7.5815,-2.0665,105.8827,-210.2802,188.4521,-5.7635,-0.189,-0.2108
1779816507512,2,12.00000015,Lower Delivery,Delivery,pitch.1,336096,7.565,-2.0658,105.8811,-210.0296,188.5349,-5.796,-0.189,-0.2106
1779816507512,2,12.00000018,Upper Delivery,Delivery,pitch.1,336652,-0.5871,-0.1093,1.4994,-0.0884,-0.0304,-0.0012,0.0,0.0
1779816507512,2,Pitching Mound.Delivery,,Delivery,pitch.1,335856,6.9779,-2.1751,107.3805,-174.6282,188.5045,-8.5689,-0.1864,0.1229
1779816507512,2,Pitching Mound.Drive,,Delivery,pitch.1,336375,-0.0009,-0.0024,0.0217,0.0127,-0.0624,0.0038,0.0,0.0
1779816507512,2,Pitching Mound.Parent,,Delivery,pitch.1,335563,6.977,-2.1775,107.4021,-174.6155,188.4421,-8.5651,-0.1864,0.1228
1779816507513,2,11.0000004b,Drive,Delivery,pitch.1,336376,-0.0006,-0.0009,0.0181,0.0146,-0.0619,0.0016,0.0,0.0
1779816507513,2,12.00000015,Lower Delivery,Delivery,pitch.1,336098,7.6204,-2.088,105.9376,-210.2297,188.4139,-5.7957,-0.1888,-0.2107
1779816507513,2,12.00000018,Upper Delivery,Delivery,pitch.1,336653,-0.6382,-0.1069,1.4973,-0.0884,-0.0304,-0.0012,0.0,0.0
1779816507513,2,Pitching Mound.Delivery,,Delivery,pitch.1,335857,6.9433,-2.1733,107.38,-174.8775,188.4217,-8.5594,-0.1863,0.1226
1779816507513,2,Pitching Mound.Drive,,Delivery,pitch.1,336376,-0.0006,-0.0009,0.0181,0.0146,-0.0619,0.0016,0.0,0.0
1779816507513,2,Pitching Mound.Parent,,Delivery,pitch.1,335564,6.9427,-2.1742,107.3981,-174.8629,188.3598,-8.5578,-0.1863,0.1226
1779816507514,2,11.0000004b,Drive,Delivery,pitch.1,336377,-0.0006,-0.0005,0.0174,0.0157,-0.0636,0.0007,0.0,0.0
1779816507514,2,12.00000015,Lower Delivery,Delivery,pitch.1,336099,7.6218,-2.1072,105.9095,-210.4758,188.1888,-5.7989,-0.1886,-0.211
1779816507514,2,12.00000018,Upper Delivery,Delivery,pitch.1,336654,-0.602,-0.1034,1.4469,-0.0884,-0.0304,-0.0012,0.0,0.0
1779816507514,2,Pitching Mound.Delivery,,Delivery,pitch.1,335858,7.0184,-2.1914,107.3845,-174.7912,188.3835,-8.5925,-0.1863,0.123
1779816507514,2,Pitching Mound.Drive,,Delivery,pitch.1,336377,-0.0006,-0.0005,0.0174,0.0157,-0.0636,0.0007,0.0,0.0
1779816507514,2,Pitching Mound.Parent,,Delivery,pitch.1,335565,7.0178,-2.1918,107.4019,-174.7755,188.3199,-8.5918,-0.1862,0.123
1779816507515,2,11.0000004b,Drive,Delivery,pitch.1,336378,-0.0011,-0.003,0.0229,0.0131,-0.0642,0.0021,0.0,0.0
1779816507515,2,11.0000004b,Drive,Delivery,pitch.1,336379,-0.002,-0.0048,0.0284,0.0127,-0.0638,0.0049,0.0,0.0
1779816507515,2,12.00000015,Lower Delivery,Delivery,pitch.1,336100,7.649,-2.1033,105.8574,-210.4383,187.913,-5.7738,-0.1885,-0.211
1779816507515,2,12.00000018,Upper Delivery,Delivery,pitch.1,336655,-0.594,-0.0758,1.5508,-0.0884,-0.0304,-0.0012,0.0,0.0
1779816507515,2,Pitching Mound.Delivery,,Delivery,pitch.1,335859,7.0278,-2.183,107.4603,-175.0822,188.1584,-8.5935,-0.1859,0.1223
1779816507515,2,Pitching Mound.Drive,,Delivery,pitch.1,336378,-0.0011,-0.003,0.0229,0.0131,-0.0642,0.0021,0.0,0.0
1779816507515,2,Pitching Mound.Drive,,Delivery,pitch.1,336379,-0.002,-0.0048,0.0284,0.0127,-0.0638,0.0049,0.0,0.0
1779816507515,2,Pitching Mound.Parent,,Delivery,pitch.1,335566,7.0267,-2.186,107.4832,-175.0691,188.0942,-8.5914,-0.1859,0.1222
1779816507516,2,12.00000015,Lower Delivery,Delivery,pitch.1,336101,7.6495,-2.1122,105.9124,-210.6353,187.8502,-5.7631,-0.1883,-0.2111
1779816507516,2,12.00000018,Upper Delivery,Delivery,pitch.1,336656,-0.6284,-0.0691,1.6251,-0.0884,-0.0304,-0.0012,0.0,0.0
1779816507516,2,Pitching Mound.Delivery,,Delivery,pitch.1,335860,7.0207,-2.1724,107.4825,-175.0877,187.8826,-8.5893,-0.1856,0.1219
1779816507516,2,Pitching Mound.Parent,,Delivery,pitch.1,335567,7.0186,-2.1772,107.5109,-175.075,187.8188,-8.5844,-0.1856,0.1218
1779816507517,2,11.0000004b,Drive,Delivery,pitch.1,336380,-0.0017,-0.0049,0.0278,0.0125,-0.0643,0.0056,0.0,0.0
1779816507517,2,12.00000015,Lower Delivery,Delivery,pitch.1,336102,7.6824,-2.1024,105.867,-210.7408,187.9778,-5.725,-0.1885,-0.2113
1779816507517,2,12.00000018,Upper Delivery,Delivery,pitch.1,336657,-0.6314,-0.0674,1.6126,-0.0884,-0.0304,-0.0012,0.0,0.0
1779816507517,2,Pitching Mound.Delivery,,Delivery,pitch.1,335861,7.0181,-2.1796,107.525,-175.2617,187.8199,-8.5798,-0.1855,0.1218
1779816507517,2,Pitching Mound.Drive,,Delivery,pitch.1,336380,-0.0017,-0.0049,0.0278,0.0125,-0.0643,0.0056,0.0,0.0
1779816507517,2,Pitching Mound.Parent,,Delivery,pitch.1,335568,7.0164,-2.1845,107.5528,-175.2492,187.7556,-8.5741,-0.1854,0.1218
1779816507518,2,11.0000004b,Drive,Delivery,pitch.1,336382,-0.0008,-0.0029,0.0235,0.0145,-0.0668,0.0154,0.0,0.0
1779816507518,2,11.0000004b,Drive,Delivery,pitch.1,336381,-0.0003,-0.001,0.0191,0.0128,-0.0653,0.0108,0.0,0.0
1779816507518,2,12.00000015,Lower Delivery,Delivery,pitch.1,336103,7.6838,-2.1143,105.876,-210.7661,188.1187,-5.678,-0.1886,-0.2113
1779816507518,2,12.00000018,Upper Delivery,Delivery,pitch.1,336658,-0.6099,-0.0489,1.7074,-0.0884,-0.0304,-0.0012,0.0,0.0
1779816507518,2,Pitching Mound.Delivery,,Delivery,pitch.1,335862,7.0725,-2.1513,107.5744,-175.4149,187.9474,-8.5456,-0.1855,0.1212
1779816507518,2,Pitching Mound.Drive,,Delivery,pitch.1,336382,-0.0008,-0.0029,0.0235,0.0145,-0.0668,0.0154,0.0,0.0
1779816507518,2,Pitching Mound.Drive,,Delivery,pitch.1,336381,-0.0003,-0.001,0.0191,0.0128,-0.0653,0.0108,0.0,0.0
1779816507518,2,Pitching Mound.Parent,,Delivery,pitch.1,335569,7.0722,-2.1523,107.5935,-175.402,187.8822,-8.5348,-0.1855,0.1212
1779816507519,2,11.0000004b,Drive,Delivery,pitch.1,336383,-0.0008,-0.0032,0.0241,0.0163,-0.0621,0.0164,0.0,0.0
1779816507519,2,12.00000015,Lower Delivery,Delivery,pitch.1,336104,7.7008,-2.1143,105.9021,-211.0479,188.4776,-5.653,-0.1889,-0.2116
1779816507519,2,12.00000018,Upper Delivery,Delivery,pitch.1,336659,-0.5958,-0.0145,1.7884,-0.0884,-0.0304,-0.0012,0.0,0.0
1779816507519,2,Pitching Mound.Delivery,,Delivery,pitch.1,335863,7.0881,-2.1288,107.6643,-175.4647,188.0883,-8.4943,-0.1855,0.1209
1779816507519,2,Pitching Mound.Drive,,Delivery,pitch.1,336383,-0.0008,-0.0032,0.0241,0.0163,-0.0621,0.0164,0.0,0.0
1779816507519,2,Pitching Mound.Parent,,Delivery,pitch.1,335570,7.0873,-2.1316,107.6878,-175.4502,188.0215,-8.4789,-0.1855,0.1209
1779816507520,2,11.0000004b,Drive,Delivery,pitch.1,336384,-0.0003,-0.0013,0.0211,0.0137,-0.0628,0.0118,0.0,0.0
1779816507520,2,12.00000015,Lower Delivery,Delivery,pitch.1,336105,7.7209,-2.1075,105.9207,-211.1719,188.6279,-5.6068,-0.1891,-0.2117
1779816507520,2,12.00000018,Upper Delivery,Delivery,pitch.1,336660,-0.5573,0.0341,1.867,-0.0884,-0.0304,-0.0012,0.0,0.0
1779816507520,2,Pitching Mound.Delivery,,Delivery,pitch.1,335864,7.1435,-2.0802,107.7691,-175.7644,188.4472,-8.4619,-0.1857,0.1203
1779816507520,2,Pitching Mound.Drive,,Delivery,pitch.1,336384,-0.0003,-0.0013,0.0211,0.0137,-0.0628,0.0118,0.0,0.0
1779816507520,2,Pitching Mound.Parent,,Delivery,pitch.1,335571,7.1427,-2.0834,107.7933,-175.7481,188.3852,-8.4455,-0.1856,0.1203
1779816507521,2,11.0000004b,Drive,Delivery,pitch.1,336385,-0.0001,-0.0011,0.0191,0.0158,-0.0608,0.0102,0.0,0.0
1779816507521,2,12.00000015,Lower Delivery,Delivery,pitch.1,336106,7.7266,-2.0971,105.9153,-211.4341,188.666,-5.615,-0.1891,-0.2119
1779816507521,2,12.00000018,Upper Delivery,Delivery,pitch.1,336661,-0.5438,0.0311,1.8755,-0.0884,-0.0304,-0.0012,0.0,0.0
1779816507521,2,Pitching Mound.Delivery,,Delivery,pitch.1,335865,7.1771,-2.0764,107.7962,-175.8849,188.5976,-8.418,-0.1858,0.1202
1779816507521,2,Pitching Mound.Drive,,Delivery,pitch.1,336385,-0.0001,-0.0011,0.0191,0.0158,-0.0608,0.0102,0.0,0.0
1779816507521,2,Pitching Mound.Parent,,Delivery,pitch.1,335572,7.1767,-2.0777,107.8173,-175.8712,188.5348,-8.4062,-0.1857,0.1202
1779816507522,2,11.0000004b,Drive,Delivery,pitch.1,336386,-0.0002,-0.0013,0.02,0.0179,-0.06,0.0084,0.0,0.0
1779816507522,2,12.00000015,Lower Delivery,Delivery,pitch.1,336107,7.7352,-2.0797,105.9551,-211.6266,188.7943,-5.5347,-0.1892,-0.212
1779816507522,2,12.00000018,Upper Delivery,Delivery,pitch.1,336662,-0.5511,0.058,1.9305,-0.0884,-0.0304,-0.0012,0.0,0.0
1779816507522,2,Pitching Mound.Delivery,,Delivery,pitch.1,335866,7.1754,-2.0392,107.8458,-176.1676,188.6356,-8.4306,-0.1857,0.1197
1779816507522,2,Pitching Mound.Drive,,Delivery,pitch.1,336386,-0.0002,-0.0013,0.02,0.0179,-0.06,0.0084,0.0,0.0
1779816507522,2,Pitching Mound.Parent,,Delivery,pitch.1,335573,7.1754,-2.0403,107.8649,-176.1519,188.5748,-8.4204,-0.1857,0.1197
1779816507523,2,11.0000004b,Drive,Delivery,pitch.1,336387,-0.0001,-0.0012,0.0189,0.0138,-0.0617,0.007,0.0,0.0
1779816507523,2,12.00000015,Lower Delivery,Delivery,pitch.1,336108,7.7495,-2.0726,106.0376,-211.5703,188.795,-5.519,-0.189,-0.2118
1779816507523,2,12.00000018,Upper Delivery,Delivery,pitch.1,336663,-0.5902,0.0369,1.837,-0.0884,-0.0304,-0.0012,0.0,0.0
1779816507523,2,Pitching Mound.Delivery,,Delivery,pitch.1,335867,7.1451,-2.0428,107.7921,-176.3148,188.764,-8.3665,-0.1859,0.12
1779816507523,2,Pitching Mound.Drive,,Delivery,pitch.1,336387,-0.0001,-0.0012,0.0189,0.0138,-0.0617,0.007,0.0,0.0
1779816507523,2,Pitching Mound.Parent,,Delivery,pitch.1,335574,7.1449,-2.0441,107.8121,-176.2969,188.7039,-8.3581,-0.1859,0.12
1779816507524,2,11.0000004b,Drive,Delivery,pitch.1,336388,-0.0002,-0.0012,0.0199,0.0149,-0.0586,0.0082,0.0,0.0
1779816507524,2,12.00000015,Lower Delivery,Delivery,pitch.1,336109,7.7375,-2.0586,106.0615,-211.5791,188.7208,-5.4357,-0.1889,-0.2118
1779816507524,2,12.00000018,Upper Delivery,Delivery,pitch.1,336664,-0.5975,0.0119,1.8433,-0.0884,-0.0304,-0.0012,0.0,0.0
1779816507524,2,Pitching Mound.Delivery,,Delivery,pitch.1,335868,7.152,-2.0607,107.8809,-176.2326,188.7646,-8.3582,-0.1858,0.1202
1779816507524,2,Pitching Mound.Drive,,Delivery,pitch.1,336388,-0.0002,-0.0012,0.0199,0.0149,-0.0586,0.0082,0.0,0.0
1779816507524,2,Pitching Mound.Parent,,Delivery,pitch.1,335575,7.152,-2.0619,107.8998,-176.2188,188.7029,-8.3512,-0.1858,0.1202
1779816507525,2,11.0000004b,Drive,Delivery,pitch.1,336389,0.0,-0.0011,0.0183,0.0099,-0.0598,0.0078,0.0,0.0
1779816507525,2,12.00000015,Lower Delivery,Delivery,pitch.1,336110,7.7584,-2.0247,106.1927,-211.7884,189.0613,-5.38,-0.189,-0.2117
1779816507525,2,12.00000018,Upper Delivery,Delivery,pitch.1,336665,-0.5634,0.0262,1.8554,-0.0884,-0.0304,-0.0012,0.0,0.0
1779816507525,2,Pitching Mound.Delivery,,Delivery,pitch.1,335869,7.1741,-2.0324,107.917,-176.2374,188.6905,-8.2592,-0.1857,0.1202
1779816507525,2,Pitching Mound.Drive,,Delivery,pitch.1,336389,0.0,-0.0011,0.0183,0.0099,-0.0598,0.0078,0.0,0.0
1779816507525,2,Pitching Mound.Parent,,Delivery,pitch.1,335576,7.1739,-2.0336,107.9368,-176.2225,188.6318,-8.251,-0.1856,0.1201
1779816507526,2,11.0000004b,Drive,Delivery,pitch.1,336390,-0.0005,-0.0016,0.0201,0.0105,-0.0607,0.0075,0.0,0.0
1779816507526,2,12.00000015,Lower Delivery,Delivery,pitch.1,336111,7.7721,-2.0032,106.2768,-211.8558,189.1339,-5.3395,-0.1889,-0.2116
1779816507526,2,12.00000018,Upper Delivery,Delivery,pitch.1,336666,-0.5076,0.0277,1.6551,-0.0884,-0.0304,-0.0012,0.0,0.0
1779816507526,2,Pitching Mound.Delivery,,Delivery,pitch.1,335870,7.2508,-1.997,107.8478,-176.334,189.0309,-8.1916,-0.1861,0.1211
1779816507526,2,Pitching Mound.Drive,,Delivery,pitch.1,336390,-0.0005,-0.0016,0.0201,0.0105,-0.0607,0.0075,0.0,0.0
1779816507526,2,Pitching Mound.Parent,,Delivery,pitch.1,335577,7.2508,-1.9981,107.8661,-176.324,188.9711,-8.1839,-0.1861,0.1211
1779816507527,2,11.0000004b,Drive,Delivery,pitch.1,336391,-0.0009,-0.0026,0.023,0.0096,-0.0609,0.0095,0.0,0.0
1779816507527,2,12.00000015,Lower Delivery,Delivery,pitch.1,336112,7.8147,-1.9629,106.2835,-212.0397,189.5932,-5.3054,-0.1894,-0.2118
1779816507527,2,12.00000018,Upper Delivery,Delivery,pitch.1,336667,-0.4972,0.0104,1.5584,-0.0884,-0.0304,-0.0012,0.0,0.0
1779816507527,2,Pitching Mound.Delivery,,Delivery,pitch.1,335871,7.275,-1.9928,107.8352,-176.3399,189.1036,-8.1523,-0.1862,0.1216
1779816507527,2,Pitching Mound.Drive,,Delivery,pitch.1,336391,-0.0009,-0.0026,0.023,0.0096,-0.0609,0.0095,0.0,0.0
1779816507527,2,Pitching Mound.Parent,,Delivery,pitch.1,335578,7.2745,-1.9945,107.8553,-176.3294,189.0429,-8.1447,-0.1862,0.1216
1779816507528,2,11.0000004b,Drive,Delivery,pitch.1,336392,-0.0007,-0.0017,0.0206,0.0094,-0.061,0.0083,0.0,0.0
1779816507528,2,12.00000015,Lower Delivery,Delivery,pitch.1,336113,7.8245,-1.9069,106.3518,-212.0314,189.5822,-5.2597,-0.1892,-0.2117
1779816507528,2,12.00000018,Upper Delivery,Delivery,pitch.1,336668,-0.5254,-0.0174,1.5447,-0.0884,-0.0304,-0.0012,0.0,0.0
1779816507528,2,Pitching Mound.Delivery,,Delivery,pitch.1,335872,7.2893,-1.9803,107.8282,-176.5169,189.5628,-8.1422,-0.1867,0.1215
1779816507528,2,Pitching Mound.Drive,,Delivery,pitch.1,336392,-0.0007,-0.0017,0.0206,0.0094,-0.061,0.0083,0.0,0.0
1779816507528,2,Pitching Mound.Parent,,Delivery,pitch.1,335579,7.2884,-1.9829,107.8512,-176.5073,189.5019,-8.1327,-0.1866,0.1215
1779816507529,2,11.0000004b,Drive,Delivery,pitch.1,336393,-0.0006,-0.0026,0.0221,0.0095,-0.0589,0.0076,0.0,0.0
1779816507529,2,12.00000018,Upper Delivery,Delivery,pitch.1,336669,-0.5205,-0.0098,1.5294,-0.0884,-0.0304,-0.0012,0.0,0.0
1779816507529,2,Pitching Mound.Delivery,,Delivery,pitch.1,335873,7.3039,-1.9167,107.8812,-176.4802,189.5518,-8.0982,-0.1866,0.1217
1779816507529,2,Pitching Mound.Drive,,Delivery,pitch.1,336393,-0.0006,-0.0026,0.0221,0.0095,-0.0589,0.0076,0.0,0.0
1779816507529,2,Pitching Mound.Parent,,Delivery,pitch.1,335580,7.3033,-1.9184,107.9018,-176.4708,189.4909,-8.0899,-0.1865,0.1217
1779816507530,2,11.0000004b,Drive,Delivery,pitch.1,336394,-0.0012,-0.0047,0.0285,0.0088,-0.0609,0.0113,0.0,0.0
1779816507530,2,12.00000015,Lower Delivery,Delivery,pitch.1,336114,7.8426,-1.8515,106.4422,-212.2345,189.678,-5.1842,-0.1892,-0.2117
1779816507530,2,12.00000015,Lower Delivery,Delivery,pitch.1,336115,7.8851,-1.7825,106.5076,-211.8141,189.6192,-5.1299,-0.189,-0.2111
1779816507530,2,12.00000018,Upper Delivery,Delivery,pitch.1,336670,-0.5466,-0.0084,1.6522,-0.0884,-0.0304,-0.0012,0.0,0.0
1779816507530,2,Pitching Mound.Delivery,,Delivery,pitch.1,335874,7.296,-1.8598,108.0945,-176.6943,189.6476,-8.0378,-0.1863,0.1212
1779816507530,2,Pitching Mound.Drive,,Delivery,pitch.1,336394,-0.0012,-0.0047,0.0285,0.0088,-0.0609,0.0113,0.0,0.0
1779816507530,2,Pitching Mound.Parent,,Delivery,pitch.1,335581,7.2954,-1.8624,108.1166,-176.6848,189.5887,-8.0301,-0.1862,0.1211
1779816507531,2,11.0000004b,Drive,Delivery,pitch.1,336395,-0.0007,-0.005,0.0273,0.009,-0.0599,0.0138,0.0,0.0
1779816507531,2,12.00000015,Lower Delivery,Delivery,pitch.1,336116,7.9638,-1.6928,106.5882,-211.838,189.6795,-5.0613,-0.1889,-0.211
1779816507531,2,12.00000018,Upper Delivery,Delivery,pitch.1,336671,-0.5487,0.0114,1.7814,-0.0884,-0.0304,-0.0012,0.0,0.0
1779816507531,2,Pitching Mound.Delivery,,Delivery,pitch.1,335875,7.3364,-1.7711,108.289,-176.2955,189.5889,-7.9986,-0.1859,0.1212
1779816507531,2,Pitching Mound.Drive,,Delivery,pitch.1,336395,-0.0007,-0.005,0.0273,0.009,-0.0599,0.0138,0.0,0.0
1779816507531,2,Pitching Mound.Parent,,Delivery,pitch.1,335582,7.3352,-1.7757,108.3175,-176.2868,189.5279,-7.9873,-0.1858,0.1211
1779816507532,2,11.0000004b,Drive,Delivery,pitch.1,336396,0.0007,-0.0089,0.0366,0.0118,-0.061,0.0189,0.0,0.0
1779816507532,2,12.00000015,Lower Delivery,Delivery,pitch.1,336117,8.0085,-1.6486,106.6034,-211.8133,189.8818,-4.9866,-0.1891,-0.2109
1779816507532,2,12.00000018,Upper Delivery,Delivery,pitch.1,336672,-0.5207,0.0289,1.7952,-0.0884,-0.0304,-0.0012,0.0,0.0
1779816507532,2,Pitching Mound.Delivery,,Delivery,pitch.1,335876,7.443,-1.6638,108.3834,-176.2967,189.6492,-7.9472,-0.1858,0.1212
1779816507532,2,Pitching Mound.Drive,,Delivery,pitch.1,336396,0.0007,-0.0089,0.0366,0.0118,-0.061,0.0189,0.0,0.0
1779816507532,2,Pitching Mound.Parent,,Delivery,pitch.1,335583,7.4423,-1.6688,108.4108,-176.2877,189.5892,-7.9334,-0.1857,0.1212
1779816507533,2,11.0000004b,Drive,Delivery,pitch.1,336397,0.0061,-0.0105,0.0381,0.0111,-0.0596,0.0186,0.0,0.0
1779816507533,2,12.00000015,Lower Delivery,Delivery,pitch.1,336118,8.0324,-1.6087,106.6063,-211.7501,190.0877,-4.9524,-0.1893,-0.2109
1779816507533,2,12.00000018,Upper Delivery,Delivery,pitch.1,336673,-0.5807,0.0029,1.9499,-0.0884,-0.0304,-0.0012,0.0,0.0
1779816507533,2,Pitching Mound.Delivery,,Delivery,pitch.1,335877,7.4277,-1.6458,108.5533,-176.3195,189.8515,-7.9081,-0.1857,0.1206
1779816507533,2,Pitching Mound.Drive,,Delivery,pitch.1,336397,0.0061,-0.0105,0.0381,0.0111,-0.0596,0.0186,0.0,0.0
1779816507533,2,Pitching Mound.Parent,,Delivery,pitch.1,335584,7.4284,-1.6546,108.5899,-176.3077,189.7904,-7.8892,-0.1856,0.1206
1779816507534,2,11.0000004b,Drive,Delivery,pitch.1,336398,0.0105,-0.0139,0.0448,0.0117,-0.0589,0.0198,0.0,0.0
1779816507534,2,12.00000018,Upper Delivery,Delivery,pitch.1,336674,-0.5389,0.0649,1.9928,-0.0884,-0.0304,-0.0012,0.0,0.0
1779816507534,2,12.00000018,Upper Delivery,Delivery,pitch.1,336675,-0.624,0.0277,1.978,-0.0884,-0.0304,-0.0012,0.0,0.0
1779816507534,2,Pitching Mound.Delivery,,Delivery,pitch.1,335878,7.4935,-1.5438,108.5991,-176.2699,190.0573,-7.8678,-0.1858,0.1205
1779816507534,2,Pitching Mound.Drive,,Delivery,pitch.1,336398,0.0105,-0.0139,0.0448,0.0117,-0.0589,0.0198,0.0,0.0
1779816507534,2,Pitching Mound.Parent,,Delivery,pitch.1,335585,7.4996,-1.5543,108.6373,-176.2588,189.9977,-7.8492,-0.1858,0.1205
1779816507535,2,11.0000004b,Drive,Delivery,pitch.1,336399,0.0053,-0.0125,0.0444,0.0106,-0.0593,0.0183,0.0,0.0
1779816507535,2,12.00000015,Lower Delivery,Delivery,pitch.1,336119,8.0576,-1.5973,106.641,-211.95,190.2055,-4.9195,-0.1894,-0.211
1779816507535,2,12.00000015,Lower Delivery,Delivery,pitch.1,336120,8.0959,-1.5653,106.6949,-211.9011,190.2335,-4.8921,-0.1893,-0.2108
1779816507535,2,12.00000018,Upper Delivery,Delivery,pitch.1,336676,-0.6421,0.0244,1.983,-0.0884,-0.0304,-0.0012,0.0,0.0
1779816507535,2,Pitching Mound.Delivery,,Delivery,pitch.1,335879,7.4336,-1.5696,108.619,-176.4529,190.1751,-7.8724,-0.1859,0.1205
1779816507535,2,Pitching Mound.Delivery,,Delivery,pitch.1,335880,7.4538,-1.5409,108.678,-176.3875,190.2031,-7.8643,-0.1858,0.1206
1779816507535,2,Pitching Mound.Drive,,Delivery,pitch.1,336399,0.0053,-0.0125,0.0444,0.0106,-0.0593,0.0183,0.0,0.0
1779816507535,2,Pitching Mound.Parent,,Delivery,pitch.1,335586,7.4441,-1.5835,108.6638,-176.4413,190.1163,-7.8526,-0.1858,0.1204
1779816507535,2,Pitching Mound.Parent,,Delivery,pitch.1,335587,7.4591,-1.5534,108.7223,-176.3769,190.1438,-7.8459,-0.1858,0.1205
1779816507536,2,11.0000004b,Drive,Delivery,pitch.1,336400,0.0063,-0.0106,0.0413,0.0112,-0.0611,0.0155,0.0,0.0
1779816507536,2,12.00000015,Lower Delivery,Delivery,pitch.1,336121,8.126,-1.5424,106.7687,-212.3515,190.1232,-4.8365,-0.189,-0.2111
1779816507536,2,12.00000018,Upper Delivery,Delivery,pitch.1,336677,-0.7093,-0.0263,1.9117,-0.0884,-0.0304,-0.0012,0.0,0.0
1779816507536,2,Pitching Mound.Delivery,,Delivery,pitch.1,335881,7.4166,-1.5687,108.6805,-176.7885,190.0928,-7.8417,-0.1857,0.1206
1779816507536,2,Pitching Mound.Drive,,Delivery,pitch.1,336400,0.0063,-0.0106,0.0413,0.0112,-0.0611,0.0155,0.0,0.0
1779816507536,2,Pitching Mound.Parent,,Delivery,pitch.1,335588,7.423,-1.5794,108.7217,-176.7773,190.0317,-7.8261,-0.1856,0.1206
1779816507537,2,11.0000004b,Drive,Delivery,pitch.1,336401,0.0011,-0.0065,0.0316,0.0086,-0.0598,0.011,0.0,0.0
1779816507537,2,12.00000015,Lower Delivery,Delivery,pitch.1,336122,8.1559,-1.5383,106.8513,-212.3145,190.5537,-4.7997,-0.1893,-0.2109
1779816507537,2,12.00000018,Upper Delivery,Delivery,pitch.1,336678,-0.6849,-0.0154,1.9473,-0.0884,-0.0304,-0.0012,0.0,0.0
1779816507537,2,Pitching Mound.Delivery,,Delivery,pitch.1,335882,7.471,-1.5537,108.7986,-176.7355,190.5233,-7.8068,-0.1859,0.1207
1779816507537,2,Pitching Mound.Drive,,Delivery,pitch.1,336401,0.0011,-0.0065,0.0316,0.0086,-0.0598,0.011,0.0,0.0
1779816507537,2,Pitching Mound.Parent,,Delivery,pitch.1,335589,7.4721,-1.5602,108.8302,-176.7269,190.4635,-7.7958,-0.1859,0.1206
1779816507538,2,11.0000004b,Drive,Delivery,pitch.1,336402,-0.0025,-0.0077,0.0347,0.0097,-0.0602,0.0102,0.0,0.0
1779816507538,2,12.00000015,Lower Delivery,Delivery,pitch.1,336123,8.1764,-1.5324,106.9575,-212.3145,190.5859,-4.7365,-0.1892,-0.2107
1779816507538,2,12.00000018,Upper Delivery,Delivery,pitch.1,336679,-0.6565,0.0098,1.9478,-0.0884,-0.0304,-0.0012,0.0,0.0
1779816507538,2,Pitching Mound.Delivery,,Delivery,pitch.1,335883,7.5199,-1.5225,108.9052,-176.6996,190.5556,-7.7409,-0.1858,0.1209
1779816507538,2,Pitching Mound.Drive,,Delivery,pitch.1,336402,-0.0025,-0.0077,0.0347,0.0097,-0.0602,0.0102,0.0,0.0
1779816507538,2,Pitching Mound.Parent,,Delivery,pitch.1,335590,7.5174,-1.5302,108.94,-176.6899,190.4953,-7.7307,-0.1857,0.1208
1779816507539,2,11.0000004b,Drive,Delivery,pitch.1,336403,-0.0031,-0.0094,0.0387,0.0102,-0.0601,0.0108,0.0,0.0
1779816507539,2,12.00000015,Lower Delivery,Delivery,pitch.1,336124,8.2138,-1.4994,107.0505,-212.7366,191.0251,-4.7558,-0.1894,-0.211
1779816507539,2,12.00000018,Upper Delivery,Delivery,pitch.1,336680,-0.5701,0.0337,1.9912,-0.0863,-0.0272,-0.0176,0.0,0.0
1779816507539,2,Pitching Mound.Delivery,,Delivery,pitch.1,335884,7.6437,-1.4657,109.0417,-177.1027,190.9978,-7.76,-0.186,0.1205
1779816507539,2,Pitching Mound.Drive,,Delivery,pitch.1,336403,-0.0031,-0.0094,0.0387,0.0102,-0.0601,0.0108,0.0,0.0
1779816507539,2,Pitching Mound.Parent,,Delivery,pitch.1,335591,7.6406,-1.4751,109.0804,-177.0925,190.9378,-7.7492,-0.1859,0.1204
1779816507540,2,11.0000004b,Drive,Delivery,pitch.1,336404,-0.003,-0.0097,0.0381,0.0086,-0.0604,0.0074,0.0,0.0
1779816507540,2,12.00000015,Lower Delivery,Delivery,pitch.1,336125,8.2567,-1.4824,107.0766,-212.5213,191.357,-4.7134,-0.1897,-0.2107
1779816507540,2,12.00000018,Upper Delivery,Delivery,pitch.1,336681,-0.6,0.0354,2.0463,-0.0878,-0.0295,-0.0059,0.0,0.0
1779816507540,2,Pitching Mound.Delivery,,Delivery,pitch.1,335885,7.6567,-1.447,109.1229,-176.8987,191.3275,-7.7306,-0.1862,0.1205
1779816507540,2,Pitching Mound.Drive,,Delivery,pitch.1,336404,-0.003,-0.0097,0.0381,0.0086,-0.0604,0.0074,0.0,0.0
1779816507540,2,Pitching Mound.Parent,,Delivery,pitch.1,335592,7.6538,-1.4566,109.161,-176.8901,191.2671,-7.7232,-0.1861,0.1205
1779816507541,2,11.0000004b,Drive,Delivery,pitch.1,336405,-0.0028,-0.0095,0.0373,0.0094,-0.0602,0.0051,0.0,0.0
1779816507541,2,12.00000015,Lower Delivery,Delivery,pitch.1,336126,8.2886,-1.4483,107.0884,-212.6218,191.5493,-4.6594,-0.1899,-0.2108
1779816507541,2,12.00000018,Upper Delivery,Delivery,pitch.1,336682,-0.6263,-0.0235,1.9003,-0.0866,-0.0277,-0.0152,0.0,0.0
1779816507541,2,Pitching Mound.Delivery,,Delivery,pitch.1,335886,7.6622,-1.4718,108.9887,-176.9444,191.5216,-7.7056,-0.1866,0.121
1779816507541,2,Pitching Mound.Drive,,Delivery,pitch.1,336405,-0.0028,-0.0095,0.0373,0.0094,-0.0602,0.0051,0.0,0.0
1779816507541,2,Pitching Mound.Parent,,Delivery,pitch.1,335593,7.6594,-1.4812,109.026,-176.9351,191.4615,-7.7005,-0.1865,0.121
1779816507542,2,11.0000004b,Drive,Delivery,pitch.1,336406,-0.0023,-0.007,0.0322,0.0115,-0.0581,0.006,0.0,0.0
1779816507542,2,12.00000015,Lower Delivery,Delivery,pitch.1,336127,8.3033,-1.4302,107.1878,-212.6335,191.741,-4.6236,-0.1899,-0.2106
1779816507542,2,12.00000018,Upper Delivery,Delivery,pitch.1,336683,-0.6111,-0.0129,1.9269,-0.0872,-0.0287,-0.01,0.0,0.0
1779816507542,2,Pitching Mound.Delivery,,Delivery,pitch.1,335887,7.6923,-1.4431,109.1146,-176.932,191.7124,-7.6645,-0.1866,0.1211
1779816507542,2,Pitching Mound.Drive,,Delivery,pitch.1,336406,-0.0023,-0.007,0.0322,0.0115,-0.0581,0.006,0.0,0.0
1779816507542,2,Pitching Mound.Parent,,Delivery,pitch.1,335594,7.69,-1.4501,109.1469,-176.9205,191.6542,-7.6585,-0.1865,0.1211
1779816507543,2,11.0000004b,Drive,Delivery,pitch.1,336407,-0.0013,-0.005,0.0267,0.0078,-0.0582,0.0041,0.0,0.0
1779816507543,2,12.00000015,Lower Delivery,Delivery,pitch.1,336128,8.3126,-1.3911,107.1863,-212.7635,191.7294,-4.5701,-0.1899,-0.2107
1779816507543,2,12.00000018,Upper Delivery,Delivery,pitch.1,336684,-0.5362,-0.0356,1.6086,-0.0884,-0.0304,-0.0012,0.0,0.0
1779816507543,2,Pitching Mound.Delivery,,Delivery,pitch.1,335888,7.7764,-1.4267,108.7949,-176.9555,191.699,-7.5798,-0.1871,0.1223
1779816507543,2,Pitching Mound.Drive,,Delivery,pitch.1,336407,-0.0013,-0.005,0.0267,0.0078,-0.0582,0.0041,0.0,0.0
1779816507543,2,Pitching Mound.Parent,,Delivery,pitch.1,335595,7.7751,-1.4317,108.8216,-176.9476,191.6408,-7.5757,-0.187,0.1223
1779816507544,2,11.0000004b,Drive,Delivery,pitch.1,336408,-0.001,-0.0037,0.0253,0.0068,-0.0555,0.0069,0.0,0.0
1779816507544,2,12.00000015,Lower Delivery,Delivery,pitch.1,336129,8.3377,-1.3653,107.1444,-212.6209,191.6887,-4.5317,-0.1899,-0.2107
1779816507544,2,12.00000018,Upper Delivery,Delivery,pitch.1,336685,-0.5464,-0.0174,1.7026,-0.0884,-0.0304,-0.0012,0.0,0.0
1779816507544,2,Pitching Mound.Delivery,,Delivery,pitch.1,335889,7.7913,-1.3827,108.8471,-176.8591,191.6583,-7.5535,-0.187,0.122
1779816507544,2,Pitching Mound.Drive,,Delivery,pitch.1,336408,-0.001,-0.0037,0.0253,0.0068,-0.0555,0.0069,0.0,0.0
1779816507544,2,Pitching Mound.Parent,,Delivery,pitch.1,335596,7.7903,-1.3864,108.8724,-176.8522,191.6029,-7.5465,-0.1869,0.122
1779816507545,2,11.0000004b,Drive,Delivery,pitch.1,336409,-0.0019,-0.007,0.0316,0.0076,-0.0552,0.0068,0.0,0.0
1779816507545,2,12.00000015,Lower Delivery,Delivery,pitch.1,336130,8.3565,-1.3272,107.0657,-212.5133,191.6615,-4.4931,-0.19,-0.2107
1779816507545,2,12.00000018,Upper Delivery,Delivery,pitch.1,336686,-0.5332,-0.0139,1.6066,-0.0869,-0.0281,-0.0128,0.0,0.0
1779816507545,2,Pitching Mound.Delivery,,Delivery,pitch.1,335890,7.8233,-1.3411,108.6723,-176.744,191.6333,-7.5283,-0.1872,0.1223
1779816507545,2,Pitching Mound.Drive,,Delivery,pitch.1,336409,-0.0019,-0.007,0.0316,0.0076,-0.0552,0.0068,0.0,0.0
1779816507545,2,Pitching Mound.Parent,,Delivery,pitch.1,335597,7.8214,-1.3481,108.7039,-176.7364,191.5781,-7.5215,-0.1872,0.1223
1779816507546,2,11.0000004b,Drive,Delivery,pitch.1,336410,-0.002,-0.0091,0.0358,0.0093,-0.0518,0.0081,0.0,0.0
1779816507546,2,12.00000015,Lower Delivery,Delivery,pitch.1,336131,8.3863,-1.3285,107.0231,-212.3961,191.8597,-4.4854,-0.1903,-0.2107
1779816507546,2,12.00000018,Upper Delivery,Delivery,pitch.1,336687,-0.5532,0.0091,1.7234,-0.0839,-0.0237,-0.0359,0.0,0.0
1779816507546,2,Pitching Mound.Delivery,,Delivery,pitch.1,335891,7.8331,-1.3194,108.7466,-176.6781,191.836,-7.5607,-0.1873,0.1219
1779816507546,2,Pitching Mound.Drive,,Delivery,pitch.1,336410,-0.002,-0.0091,0.0358,0.0093,-0.0518,0.0081,0.0,0.0
1779816507546,2,Pitching Mound.Parent,,Delivery,pitch.1,335598,7.8311,-1.3285,108.7823,-176.6688,191.7842,-7.5526,-0.1872,0.1218
1779816507547,2,11.0000004b,Drive,Delivery,pitch.1,336411,-0.0006,-0.0052,0.0267,0.0124,-0.052,0.0088,0.0,0.0
1779816507547,2,12.00000015,Lower Delivery,Delivery,pitch.1,336132,8.4071,-1.3004,106.8956,-212.2346,191.8511,-4.4555,-0.1905,-0.2108
1779816507547,2,12.00000018,Upper Delivery,Delivery,pitch.1,336688,-0.4848,0.0166,1.49,-0.0884,-0.0304,-0.0012,0.0,0.0
1779816507547,2,Pitching Mound.Delivery,,Delivery,pitch.1,335892,7.9223,-1.2838,108.3855,-176.485,191.8207,-7.48,-0.1879,0.1228
1779816507547,2,Pitching Mound.Drive,,Delivery,pitch.1,336411,-0.0006,-0.0052,0.0267,0.0124,-0.052,0.0088,0.0,0.0
1779816507547,2,Pitching Mound.Parent,,Delivery,pitch.1,335599,7.9217,-1.289,108.4123,-176.4726,191.7687,-7.4712,-0.1879,0.1227
1779816507548,2,11.0000004b,Drive,Delivery,pitch.1,336412,0.0,-0.005,0.026,0.013,-0.0516,0.01,0.0,0.0
1779816507548,2,12.00000015,Lower Delivery,Delivery,pitch.1,336133,8.408,-1.2792,106.814,-212.1096,191.773,-4.4485,-0.1906,-0.2108
1779816507548,2,12.00000018,Upper Delivery,Delivery,pitch.1,336689,-0.5541,0.0181,1.7019,-0.0884,-0.0304,-0.0012,0.0,0.0
1779816507548,2,Pitching Mound.Delivery,,Delivery,pitch.1,335893,7.8539,-1.2611,108.5158,-176.4598,191.7427,-7.4968,-0.1876,0.1218
1779816507548,2,Pitching Mound.Drive,,Delivery,pitch.1,336412,0.0,-0.005,0.026,0.013,-0.0516,0.01,0.0,0.0
1779816507548,2,Pitching Mound.Parent,,Delivery,pitch.1,335600,7.8539,-1.2661,108.5419,-176.4469,191.691,-7.4868,-0.1876,0.1218
1779816507549,2,11.0000004b,Drive,Delivery,pitch.1,336413,0.0017,-0.006,0.0278,0.0196,-0.0488,0.0097,0.0,0.0
1779816507549,2,12.00000015,Lower Delivery,Delivery,pitch.1,336134,8.4163,-1.2553,106.7061,-211.8196,191.4327,-4.4266,-0.1905,-0.2107
1779816507549,2,12.00000018,Upper Delivery,Delivery,pitch.1,336690,-0.5968,0.0311,1.7775,-0.0855,-0.0261,-0.0234,0.0,0.0
1779816507549,2,Pitching Mound.Delivery,,Delivery,pitch.1,335894,7.8195,-1.2242,108.4835,-176.2294,191.4066,-7.5144,-0.1873,0.1216
1779816507549,2,Pitching Mound.Drive,,Delivery,pitch.1,336413,0.0017,-0.006,0.0278,0.0196,-0.0488,0.0097,0.0,0.0
1779816507549,2,Pitching Mound.Parent,,Delivery,pitch.1,335601,7.8212,-1.2302,108.5114,-176.2098,191.3579,-7.5047,-0.1873,0.1215
1779816507550,2,11.0000004b,Drive,Delivery,pitch.1,336414,0.0057,-0.0028,0.0212,0.0215,-0.0523,0.0105,0.0,0.0
1779816507550,2,12.00000015,Lower Delivery,Delivery,pitch.1,336135,8.4203,-1.2286,106.5959,-211.6873,191.0965,-4.4077,-0.1903,-0.2108
1779816507550,2,12.00000018,Upper Delivery,Delivery,pitch.1,336691,-0.6836,-0.0215,1.5148,-0.0884,-0.0304,-0.0012,0.0,0.0
1779816507550,2,Pitching Mound.Delivery,,Delivery,pitch.1,335895,7.7367,-1.2501,108.1108,-176.0481,191.0662,-7.5042,-0.1877,0.1226
1779816507550,2,Pitching Mound.Drive,,Delivery,pitch.1,336414,0.0057,-0.0028,0.0212,0.0215,-0.0523,0.0105,0.0,0.0
1779816507550,2,Pitching Mound.Parent,,Delivery,pitch.1,335602,7.7424,-1.2529,108.1319,-176.0265,191.0139,-7.4937,-0.1876,0.1226
1779816507551,2,11.0000004b,Drive,Delivery,pitch.1,336415,0.0008,-0.0023,0.0201,0.0199,-0.0536,0.0072,0.0,0.0
1779816507551,2,12.00000015,Lower Delivery,Delivery,pitch.1,336136,8.4238,-1.2085,106.5644,-211.4858,190.8478,-4.4428,-0.1901,-0.2107
1779816507551,2,12.00000018,Upper Delivery,Delivery,pitch.1,336692,-0.6946,-0.0454,1.6619,-0.0884,-0.0304,-0.0012,0.0,0.0
1779816507551,2,Pitching Mound.Delivery,,Delivery,pitch.1,335896,7.7292,-1.2539,108.2263,-175.9073,190.8175,-7.5442,-0.1872,0.1221
1779816507551,2,Pitching Mound.Drive,,Delivery,pitch.1,336415,0.0008,-0.0023,0.0201,0.0199,-0.0536,0.0072,0.0,0.0
1779816507551,2,Pitching Mound.Parent,,Delivery,pitch.1,335603,7.73,-1.2562,108.2464,-175.8874,190.7638,-7.537,-0.1872,0.1221
1779816507552,2,11.0000004b,Drive,Delivery,pitch.1,336416,0.0004,-0.0016,0.0191,0.0204,-0.053,0.0072,0.0,0.0
1779816507552,2,12.00000015,Lower Delivery,Delivery,pitch.1,336137,8.4167,-1.19,106.5093,-211.3243,190.854,-4.4557,-0.1902,-0.2106
1779816507552,2,12.00000018,Upper Delivery,Delivery,pitch.1,336693,-0.6282,-0.0145,1.8138,-0.0884,-0.0304,-0.0012,0.0,0.0
1779816507552,2,Pitching Mound.Delivery,,Delivery,pitch.1,335897,7.7885,-1.2045,108.3231,-175.8162,190.8236,-7.5322,-0.187,0.1215
1779816507552,2,Pitching Mound.Drive,,Delivery,pitch.1,336416,0.0004,-0.0016,0.0191,0.0204,-0.053,0.0072,0.0,0.0
1779816507552,2,Pitching Mound.Parent,,Delivery,pitch.1,335604,7.789,-1.2061,108.3421,-175.7958,190.7706,-7.525,-0.187,0.1215
1779816507553,2,11.0000004b,Drive,Delivery,pitch.1,336417,0.0015,-0.0003,0.0166,0.0138,-0.0565,0.0083,0.0,0.0
1779816507553,2,12.00000015,Lower Delivery,Delivery,pitch.1,336138,8.4243,-1.1776,106.4036,-211.254,190.9516,-4.4835,-0.1905,-0.2108
1779816507553,2,12.00000018,Upper Delivery,Delivery,pitch.1,336694,-0.6202,-0.0044,1.8068,-0.0884,-0.0304,-0.0012,0.0,0.0
1779816507553,2,Pitching Mound.Delivery,,Delivery,pitch.1,335898,7.8042,-1.1819,108.2104,-175.7794,190.9212,-7.5599,-0.1873,0.1214
1779816507553,2,Pitching Mound.Drive,,Delivery,pitch.1,336417,0.0015,-0.0003,0.0166,0.0138,-0.0565,0.0083,0.0,0.0
1779816507553,2,Pitching Mound.Parent,,Delivery,pitch.1,335605,7.8057,-1.1822,108.227,-175.7656,190.8647,-7.5516,-0.1873,0.1214
1779816507554,2,11.0000004b,Drive,Delivery,pitch.1,336418,0.0003,-0.0006,0.0174,0.0137,-0.0591,0.0071,0.0,0.0
1779816507554,2,12.00000015,Lower Delivery,Delivery,pitch.1,336139,8.4287,-1.1558,106.455,-211.468,191.1109,-4.5173,-0.1906,-0.2109
1779816507554,2,12.00000018,Upper Delivery,Delivery,pitch.1,336695,-0.5806,0.0469,1.9496,-0.0884,-0.0304,-0.0012,0.0,0.0
1779816507554,2,Pitching Mound.Delivery,,Delivery,pitch.1,335899,7.8481,-1.1088,108.4047,-176.0245,191.0806,-7.5817,-0.1872,0.1207
1779816507554,2,Pitching Mound.Drive,,Delivery,pitch.1,336418,0.0003,-0.0006,0.0174,0.0137,-0.0591,0.0071,0.0,0.0
1779816507554,2,Pitching Mound.Parent,,Delivery,pitch.1,335606,7.8484,-1.1095,108.4221,-176.0109,191.0215,-7.5746,-0.1871,0.1207
1779816507555,2,11.0000004b,Drive,Delivery,pitch.1,336419,0.0002,-0.0009,0.0184,0.0131,-0.0615,0.0068,0.0,0.0
1779816507555,2,12.00000015,Lower Delivery,Delivery,pitch.1,336140,8.4509,-1.118,106.3458,-211.6725,191.438,-4.5315,-0.1911,-0.2113
1779816507555,2,12.00000018,Upper Delivery,Delivery,pitch.1,336696,-0.5514,0.0448,1.9361,-0.0884,-0.0304,-0.0012,0.0,0.0
1779816507555,2,Pitching Mound.Delivery,,Delivery,pitch.1,335900,7.8994,-1.0732,108.2819,-176.2616,191.4077,-7.5935,-0.1877,0.1203
1779816507555,2,Pitching Mound.Drive,,Delivery,pitch.1,336419,0.0002,-0.0009,0.0184,0.0131,-0.0615,0.0068,0.0,0.0
1779816507555,2,Pitching Mound.Parent,,Delivery,pitch.1,335607,7.8997,-1.0742,108.3003,-176.2485,191.3461,-7.5866,-0.1877,0.1203
1779816507556,2,11.0000004b,Drive,Delivery,pitch.1,336420,0.0,-0.001,0.0188,0.015,-0.0622,0.0057,0.0,0.0
1779816507556,2,12.00000015,Lower Delivery,Delivery,pitch.1,336141,8.4617,-1.1084,106.3816,-211.6694,191.7206,-4.5414,-0.1913,-0.2112
1779816507556,2,12.00000018,Upper Delivery,Delivery,pitch.1,336697,-0.6337,-0.0086,1.8715,-0.0884,-0.0304,-0.0012,0.0,0.0
1779816507556,2,Pitching Mound.Delivery,,Delivery,pitch.1,335901,7.828,-1.117,108.2532,-176.2244,191.6902,-7.6351,-0.188,0.1207
1779816507556,2,Pitching Mound.Drive,,Delivery,pitch.1,336420,0.0,-0.001,0.0188,0.015,-0.0622,0.0057,0.0,0.0
1779816507556,2,Pitching Mound.Parent,,Delivery,pitch.1,335608,7.828,-1.1181,108.272,-176.2094,191.628,-7.6294,-0.188,0.1206
1779816507557,2,11.0000004b,Drive,Delivery,pitch.1,336421,0.0,-0.0011,0.0186,0.0126,-0.0621,0.003,0.0,0.0
1779816507557,2,12.00000015,Lower Delivery,Delivery,pitch.1,336142,8.4603,-1.0605,106.3296,-211.6742,191.9395,-4.5421,-0.1916,-0.2113
1779816507557,2,12.00000018,Upper Delivery,Delivery,pitch.1,336698,-0.5604,0.0084,1.8614,-0.0884,-0.0304,-0.0012,0.0,0.0
1779816507557,2,Pitching Mound.Delivery,,Delivery,pitch.1,335902,7.9,-1.0521,108.191,-176.2434,191.9092,-7.6103,-0.1883,0.1206
1779816507557,2,Pitching Mound.Drive,,Delivery,pitch.1,336421,0.0,-0.0011,0.0186,0.0126,-0.0621,0.003,0.0,0.0
1779816507557,2,Pitching Mound.Parent,,Delivery,pitch.1,335609,7.9,-1.0532,108.2096,-176.2308,191.847,-7.6073,-0.1883,0.1206
1779816507558,2,11.0000004b,Drive,Delivery,pitch.1,336422,-0.0001,-0.001,0.0188,0.0118,-0.0619,0.0033,0.0,0.0
1779816507558,2,12.00000015,Lower Delivery,Delivery,pitch.1,336143,8.453,-1.0576,106.3322,-211.5757,191.8676,-4.5518,-0.1916,-0.2112
1779816507558,2,12.00000018,Upper Delivery,Delivery,pitch.1,336699,-0.599,-0.0173,1.829,-0.0884,-0.0304,-0.0012,0.0,0.0
1779816507558,2,Pitching Mound.Delivery,,Delivery,pitch.1,335903,7.854,-1.075,108.1612,-176.133,191.8372,-7.6307,-0.1883,0.1208
1779816507558,2,Pitching Mound.Drive,,Delivery,pitch.1,336422,-0.0001,-0.001,0.0188,0.0118,-0.0619,0.0033,0.0,0.0
1779816507558,2,Pitching Mound.Parent,,Delivery,pitch.1,335610,7.8539,-1.076,108.18,-176.1212,191.7753,-7.6274,-0.1883,0.1208
1779816507559,2,11.0000004b,Drive,Delivery,pitch.1,336423,0.0001,-0.0011,0.0187,0.0121,-0.0624,0.0033,0.0,0.0
1779816507559,2,12.00000015,Lower Delivery,Delivery,pitch.1,336144,8.4784,-1.0112,106.286,-211.6308,192.2763,-4.6036,-0.1921,-0.2114
1779816507559,2,12.00000018,Upper Delivery,Delivery,pitch.1,336700,-0.5096,-0.0035,1.6672,-0.0884,-0.0304,-0.0012,0.0,0.0
1779816507559,2,Pitching Mound.Delivery,,Delivery,pitch.1,335904,7.9688,-1.0147,107.9532,-176.1487,192.2459,-7.6607,-0.1891,0.1214
1779816507559,2,Pitching Mound.Drive,,Delivery,pitch.1,336423,0.0001,-0.0011,0.0187,0.0121,-0.0624,0.0033,0.0,0.0
1779816507559,2,Pitching Mound.Parent,,Delivery,pitch.1,335611,7.9689,-1.0158,107.972,-176.1366,192.1835,-7.6573,-0.1891,0.1214
1779816507560,2,11.0000004b,Drive,Delivery,pitch.1,336424,-0.0004,-0.0009,0.0199,0.0116,-0.0627,0.0038,0.0,0.0
1779816507560,2,12.00000015,Lower Delivery,Delivery,pitch.1,336145,8.4915,-1.0069,106.2614,-211.4305,192.5467,-4.5481,-0.1924,-0.2112
1779816507560,2,12.00000018,Upper Delivery,Delivery,pitch.1,336701,-0.4697,0.0261,1.5987,-0.0884,-0.0304,-0.0012,0.0,0.0
1779816507560,2,Pitching Mound.Delivery,,Delivery,pitch.1,335905,8.0218,-0.9808,107.8601,-175.9335,192.5163,-7.5962,-0.1895,0.1218
1779816507560,2,Pitching Mound.Drive,,Delivery,pitch.1,336424,-0.0004,-0.0009,0.0199,0.0116,-0.0627,0.0038,0.0,0.0
1779816507560,2,Pitching Mound.Parent,,Delivery,pitch.1,335612,8.0214,-0.9817,107.88,-175.9219,192.4536,-7.5924,-0.1895,0.1218
1779816507561,2,11.0000004b,Drive,Delivery,pitch.1,336425,0.0,-0.0009,0.0189,0.0092,-0.0595,0.0058,0.0,0.0
1779816507561,2,12.00000015,Lower Delivery,Delivery,pitch.1,336146,8.491,-0.9706,106.2453,-211.2878,192.6481,-4.582,-0.1925,-0.2111
1779816507561,2,12.00000018,Upper Delivery,Delivery,pitch.1,336702,-0.4403,0.0602,1.5651,-0.0884,-0.0304,-0.0012,0.0,0.0
1779816507561,2,Pitching Mound.Delivery,,Delivery,pitch.1,335906,8.0507,-0.9104,107.8104,-175.7849,192.6178,-7.6199,-0.1897,0.1221
1779816507561,2,Pitching Mound.Drive,,Delivery,pitch.1,336425,0.0,-0.0009,0.0189,0.0092,-0.0595,0.0058,0.0,0.0
1779816507561,2,Pitching Mound.Parent,,Delivery,pitch.1,335613,8.0507,-0.9113,107.8293,-175.7757,192.5582,-7.614,-0.1897,0.122
1779816507562,2,11.0000004b,Drive,Delivery,pitch.1,336426,-0.0001,-0.0003,0.0186,0.0085,-0.0589,0.0088,0.0,0.0
1779816507562,2,12.00000015,Lower Delivery,Delivery,pitch.1,336147,8.5099,-0.9487,106.2267,-211.5731,192.7197,-4.5432,-0.1926,-0.2114
1779816507562,2,12.00000018,Upper Delivery,Delivery,pitch.1,336703,-0.4563,0.0261,1.5463,-0.0884,-0.0304,-0.0012,0.0,0.0
1779816507562,2,Pitching Mound.Delivery,,Delivery,pitch.1,335907,8.0537,-0.9226,107.773,-176.0702,192.6894,-7.5929,-0.1898,0.1218
1779816507562,2,Pitching Mound.Drive,,Delivery,pitch.1,336426,-0.0001,-0.0003,0.0186,0.0085,-0.0589,0.0088,0.0,0.0
1779816507562,2,Pitching Mound.Parent,,Delivery,pitch.1,335614,8.0536,-0.9229,107.7916,-176.0616,192.6305,-7.5842,-0.1898,0.1218
1779816507563,2,11.0000004b,Drive,Delivery,pitch.1,336427,-0.0001,-0.0002,0.0183,0.0088,-0.0597,0.008,0.0,0.0
1779816507563,2,12.00000015,Lower Delivery,Delivery,pitch.1,336148,8.5184,-0.9403,106.1668,-211.357,192.6116,-4.5778,-0.1926,-0.2113
1779816507563,2,12.00000018,Upper Delivery,Delivery,pitch.1,336704,-0.4645,0.0313,1.5433,-0.0884,-0.0304,-0.0012,0.0,0.0
1779816507563,2,Pitching Mound.Delivery,,Delivery,pitch.1,335908,8.0539,-0.909,107.7102,-175.8734,192.5812,-7.6332,-0.1898,0.1219
1779816507563,2,Pitching Mound.Drive,,Delivery,pitch.1,336427,-0.0001,-0.0002,0.0183,0.0088,-0.0597,0.008,0.0,0.0
1779816507563,2,Pitching Mound.Parent,,Delivery,pitch.1,335615,8.0538,-0.9092,107.7285,-175.8646,192.5215,-7.6251,-0.1898,0.1219
1779816507564,2,11.0000004b,Drive,Delivery,pitch.1,336428,-0.0002,-0.0001,0.0191,0.0086,-0.0596,0.0094,0.0,0.0
1779816507564,2,12.00000015,Lower Delivery,Delivery,pitch.1,336149,8.5161,-0.9102,106.1931,-211.2375,192.1332,-4.5976,-0.1921,-0.2112
1779816507564,2,12.00000018,Upper Delivery,Delivery,pitch.1,336705,-0.4032,0.0433,1.3663,-0.0884,-0.0304,-0.0012,0.0,0.0
1779816507564,2,Pitching Mound.Delivery,,Delivery,pitch.1,335909,8.1129,-0.8669,107.5595,-175.6847,192.1028,-7.6313,-0.1896,0.1229
1779816507564,2,Pitching Mound.Drive,,Delivery,pitch.1,336428,-0.0002,-0.0001,0.0191,0.0086,-0.0596,0.0094,0.0,0.0
1779816507564,2,Pitching Mound.Parent,,Delivery,pitch.1,335616,8.1127,-0.8669,107.5785,-175.6761,192.0432,-7.622,-0.1896,0.1228
1779816507565,2,11.0000004b,Drive,Delivery,pitch.1,336429,-0.0002,0.0,0.0192,0.0078,-0.0592,0.0111,0.0,0.0
1779816507565,2,12.00000015,Lower Delivery,Delivery,pitch.1,336150,8.5293,-0.8931,106.1494,-211.0255,191.7639,-4.5856,-0.1918,-0.2111
1779816507565,2,12.00000018,Upper Delivery,Delivery,pitch.1,336706,-0.3901,0.0294,1.2956,-0.0884,-0.0304,-0.0012,0.0,0.0
1779816507565,2,Pitching Mound.Delivery,,Delivery,pitch.1,335910,8.1392,-0.8637,107.445,-175.4635,191.7336,-7.6194,-0.1895,0.1233
1779816507565,2,Pitching Mound.Drive,,Delivery,pitch.1,336429,-0.0002,0.0,0.0192,0.0078,-0.0592,0.0111,0.0,0.0
1779816507565,2,Pitching Mound.Parent,,Delivery,pitch.1,335617,8.139,-0.8637,107.4642,-175.4557,191.6743,-7.6083,-0.1894,0.1233
1779816507566,2,11.0000004b,Drive,Delivery,pitch.1,336430,0.0001,0.0007,0.0178,0.0073,-0.0589,0.0083,0.0,0.0
1779816507566,2,12.00000015,Lower Delivery,Delivery,pitch.1,336151,8.5137,-0.8656,106.191,-210.9959,191.3028,-4.593,-0.1913,-0.2109
1779816507566,2,12.00000018,Upper Delivery,Delivery,pitch.1,336707,-0.3814,0.0565,1.3339,-0.0884,-0.0304,-0.0012,0.0,0.0
1779816507566,2,Pitching Mound.Delivery,,Delivery,pitch.1,335911,8.1323,-0.8091,107.5249,-175.4329,191.2725,-7.6185,-0.1889,0.1232
1779816507566,2,Pitching Mound.Drive,,Delivery,pitch.1,336430,0.0001,0.0007,0.0178,0.0073,-0.0589,0.0083,0.0,0.0
1779816507566,2,Pitching Mound.Parent,,Delivery,pitch.1,335618,8.1324,-0.8084,107.5427,-175.4255,191.2136,-7.6103,-0.1888,0.1232
1779816507567,2,11.0000004b,Drive,Delivery,pitch.1,336431,-0.0001,0.0006,0.0182,0.0084,-0.0607,0.0055,0.0,0.0
1779816507567,2,12.00000015,Lower Delivery,Delivery,pitch.1,336152,8.5156,-0.8554,106.1523,-210.7781,190.9331,-4.6228,-0.191,-0.2108
1779816507567,2,12.00000018,Upper Delivery,Delivery,pitch.1,336708,-0.2933,0.1272,1.2702,-0.0884,-0.0304,-0.0012,0.0,0.0
1779816507567,2,Pitching Mound.Delivery,,Delivery,pitch.1,335912,8.2224,-0.7282,107.4225,-175.2066,190.9027,-7.619,-0.1887,0.1237
1779816507567,2,Pitching Mound.Drive,,Delivery,pitch.1,336431,-0.0001,0.0006,0.0182,0.0084,-0.0607,0.0055,0.0,0.0
1779816507567,2,Pitching Mound.Parent,,Delivery,pitch.1,335619,8.2222,-0.7276,107.4406,-175.1982,190.842,-7.6135,-0.1887,0.1236
1779816507568,2,11.0000004b,Drive,Delivery,pitch.1,336432,-0.0001,0.0007,0.0184,0.0096,-0.0614,0.006,0.0,0.0
1779816507568,2,12.00000015,Lower Delivery,Delivery,pitch.1,336153,8.5235,-0.8491,106.2,-210.8897,190.7576,-4.6291,-0.1907,-0.2108
1779816507568,2,12.00000018,Upper Delivery,Delivery,pitch.1,336709,-0.231,0.1468,1.1423,-0.0884,-0.0304,-0.0012,0.0,0.0
1779816507568,2,Pitching Mound.Delivery,,Delivery,pitch.1,335913,8.2925,-0.7023,107.3424,-175.2584,190.7272,-7.6068,-0.1887,0.1242
1779816507568,2,Pitching Mound.Drive,,Delivery,pitch.1,336432,-0.0001,0.0007,0.0184,0.0096,-0.0614,0.006,0.0,0.0
1779816507568,2,Pitching Mound.Parent,,Delivery,pitch.1,335620,8.2924,-0.7016,107.3607,-175.2488,190.6658,-7.6009,-0.1886,0.1242
1779816507569,2,11.0000004b,Drive,Delivery,pitch.1,336433,-0.0001,0.0005,0.0176,0.0105,-0.0636,0.0063,0.0,0.0
1779816507569,2,12.00000015,Lower Delivery,Delivery,pitch.1,336154,8.5347,-0.812,106.1447,-210.9032,190.3645,-4.6774,-0.1904,-0.2109
1779816507569,2,12.00000018,Upper Delivery,Delivery,pitch.1,336710,-0.1843,0.1472,0.9926,-0.0884,-0.0304,-0.0012,0.0,0.0
1779816507569,2,Pitching Mound.Delivery,,Delivery,pitch.1,335914,8.3504,-0.6648,107.1374,-175.2398,190.3342,-7.643,-0.1886,0.1247
1779816507569,2,Pitching Mound.Drive,,Delivery,pitch.1,336433,-0.0001,0.0005,0.0176,0.0105,-0.0636,0.0063,0.0,0.0
1779816507569,2,Pitching Mound.Parent,,Delivery,pitch.1,335621,8.3502,-0.6643,107.155,-175.2293,190.2705,-7.6367,-0.1886,0.1247
1779816507570,2,11.0000004b,Drive,Delivery,pitch.1,336434,-0.0002,0.0005,0.018,0.011,-0.0644,0.0084,0.0,0.0
1779816507570,2,12.00000015,Lower Delivery,Delivery,pitch.1,336155,8.5393,-0.7872,106.1829,-210.5659,190.5285,-4.7603,-0.1905,-0.2105
1779816507570,2,12.00000018,Upper Delivery,Delivery,pitch.1,336711,-0.2109,0.1618,1.1122,-0.0884,-0.0304,-0.0012,0.0,0.0
1779816507570,2,Pitching Mound.Delivery,,Delivery,pitch.1,335915,8.3285,-0.6254,107.2951,-174.9302,190.4981,-7.7365,-0.1885,0.1246
1779816507570,2,Pitching Mound.Drive,,Delivery,pitch.1,336434,-0.0002,0.0005,0.018,0.011,-0.0644,0.0084,0.0,0.0
1779816507570,2,Pitching Mound.Parent,,Delivery,pitch.1,335622,8.3282,-0.6249,107.3131,-174.9192,190.4337,-7.7282,-0.1885,0.1246
1779816507571,2,11.0000004b,Drive,Delivery,pitch.1,336435,-0.0002,-0.0004,0.0184,0.0127,-0.0646,0.0046,0.0,0.0
1779816507571,2,12.00000015,Lower Delivery,Delivery,pitch.1,336156,8.5433,-0.7733,106.0089,-210.3718,190.5478,-4.7859,-0.1908,-0.2107
1779816507571,2,12.00000018,Upper Delivery,Delivery,pitch.1,336712,-0.1489,0.1727,0.9627,-0.0884,-0.0304,-0.0012,0.0,0.0
1779816507571,2,Pitching Mound.Delivery,,Delivery,pitch.1,335916,8.3944,-0.6007,106.9715,-174.7444,190.5175,-7.7424,-0.1891,0.1251
1779816507571,2,Pitching Mound.Drive,,Delivery,pitch.1,336435,-0.0002,-0.0004,0.0184,0.0127,-0.0646,0.0046,0.0,0.0
1779816507571,2,Pitching Mound.Parent,,Delivery,pitch.1,335623,8.3942,-0.6011,106.99,-174.7317,190.4528,-7.7378,-0.1891,0.1251
1779816507572,2,11.0000004b,Drive,Delivery,pitch.1,336436,-0.0011,-0.0012,0.0217,0.0135,-0.0664,0.007,0.0,0.0
1779816507572,2,12.00000015,Lower Delivery,Delivery,pitch.1,336157,8.5417,-0.7255,106.0201,-210.5719,190.4415,-4.8765,-0.1907,-0.2109
1779816507572,2,12.00000018,Upper Delivery,Delivery,pitch.1,336713,-0.1342,0.1605,0.8743,-0.0884,-0.0304,-0.0012,0.0,0.0
1779816507572,2,Pitching Mound.Delivery,,Delivery,pitch.1,335917,8.4075,-0.565,106.8945,-174.9107,190.4111,-7.8275,-0.1891,0.1253
1779816507572,2,Pitching Mound.Drive,,Delivery,pitch.1,336436,-0.0011,-0.0012,0.0217,0.0135,-0.0664,0.007,0.0,0.0
1779816507572,2,Pitching Mound.Parent,,Delivery,pitch.1,335624,8.4064,-0.5661,106.9161,-174.8972,190.3448,-7.8206,-0.1891,0.1253
1779816507573,2,11.0000004b,Drive,Delivery,pitch.1,336437,-0.0013,-0.0013,0.0228,0.013,-0.0663,0.0078,0.0,0.0
1779816507573,2,12.00000015,Lower Delivery,Delivery,pitch.1,336158,8.5519,-0.6995,106.0075,-210.4057,190.1215,-4.899,-0.1904,-0.2107
1779816507573,2,12.00000018,Upper Delivery,Delivery,pitch.1,336714,-0.2041,0.1355,1.0104,-0.0884,-0.0304,-0.0012,0.0,0.0
1779816507573,2,Pitching Mound.Delivery,,Delivery,pitch.1,335918,8.3478,-0.564,107.0179,-174.7951,190.0911,-7.8772,-0.1886,0.1249
1779816507573,2,Pitching Mound.Drive,,Delivery,pitch.1,336437,-0.0013,-0.0013,0.0228,0.013,-0.0663,0.0078,0.0,0.0
1779816507573,2,Pitching Mound.Parent,,Delivery,pitch.1,335625,8.3464,-0.5653,107.0407,-174.7821,190.0248,-7.8694,-0.1886,0.1248
1779816507574,2,11.0000004b,Drive,Delivery,pitch.1,336438,-0.0006,-0.0015,0.0211,0.0137,-0.0661,0.0086,0.0,0.0
1779816507574,2,12.00000015,Lower Delivery,Delivery,pitch.1,336159,8.5471,-0.6654,105.9657,-210.3717,190.2682,-4.9426,-0.1906,-0.2108
1779816507574,2,12.00000018,Upper Delivery,Delivery,pitch.1,336715,-0.1638,0.1986,1.0609,-0.0884,-0.0304,-0.0012,0.0,0.0
1779816507574,2,Pitching Mound.Delivery,,Delivery,pitch.1,335919,8.3833,-0.4669,107.0266,-174.7924,190.2379,-7.9055,-0.1887,0.1246
1779816507574,2,Pitching Mound.Drive,,Delivery,pitch.1,336438,-0.0006,-0.0015,0.0211,0.0137,-0.0661,0.0086,0.0,0.0
1779816507574,2,Pitching Mound.Parent,,Delivery,pitch.1,335626,8.3828,-0.4684,107.0477,-174.7787,190.1717,-7.897,-0.1887,0.1246
1779816507575,2,11.0000004b,Drive,Delivery,pitch.1,336439,-0.0005,-0.0007,0.02,0.0139,-0.0648,0.0072,0.0,0.0
1779816507575,2,12.00000015,Lower Delivery,Delivery,pitch.1,336160,8.5541,-0.632,105.8893,-210.2693,190.5198,-5.0166,-0.191,-0.2108
1779816507575,2,12.00000018,Upper Delivery,Delivery,pitch.1,336716,-0.2246,0.2165,1.2777,-0.0884,-0.0304,-0.0012,0.0,0.0
1779816507575,2,Pitching Mound.Delivery,,Delivery,pitch.1,335920,8.3295,-0.4155,107.1671,-174.7897,190.4894,-8.0025,-0.1887,0.1236
1779816507575,2,Pitching Mound.Drive,,Delivery,pitch.1,336439,-0.0005,-0.0007,0.02,0.0139,-0.0648,0.0072,0.0,0.0
1779816507575,2,Pitching Mound.Parent,,Delivery,pitch.1,335627,8.329,-0.4162,107.1871,-174.7758,190.4246,-7.9954,-0.1887,0.1236
1779816507576,2,11.0000004b,Drive,Delivery,pitch.1,336440,-0.001,-0.0033,0.024,0.0139,-0.0659,0.0075,0.0,0.0
1779816507576,2,12.00000015,Lower Delivery,Delivery,pitch.1,336161,8.5544,-0.6188,105.8886,-210.3069,190.6591,-5.1151,-0.1912,-0.2109
1779816507576,2,12.00000018,Upper Delivery,Delivery,pitch.1,336717,-0.2261,0.2348,1.3178,-0.0884,-0.0304,-0.0012,0.0,0.0
1779816507576,2,Pitching Mound.Delivery,,Delivery,pitch.1,335921,8.3283,-0.384,107.2064,-174.8412,190.6287,-8.1017,-0.1888,0.1234
1779816507576,2,Pitching Mound.Drive,,Delivery,pitch.1,336440,-0.001,-0.0033,0.024,0.0139,-0.0659,0.0075,0.0,0.0
1779816507576,2,Pitching Mound.Parent,,Delivery,pitch.1,335628,8.3273,-0.3873,107.2304,-174.8273,190.5628,-8.0941,-0.1888,0.1234
1779816507577,2,11.0000004b,Drive,Delivery,pitch.1,336441,-0.0006,-0.002,0.0213,0.0143,-0.0664,0.0081,0.0,0.0
1779816507577,2,12.00000015,Lower Delivery,Delivery,pitch.1,336162,8.5652,-0.5648,105.7498,-210.2809,190.8898,-5.1329,-0.1916,-0.2111
1779816507577,2,12.00000018,Upper Delivery,Delivery,pitch.1,336718,-0.3263,0.1707,1.4377,-0.0884,-0.0304,-0.0012,0.0,0.0
1779816507577,2,Pitching Mound.Delivery,,Delivery,pitch.1,335922,8.2389,-0.3942,107.1875,-174.9031,190.8594,-8.1572,-0.1891,0.1226
1779816507577,2,Pitching Mound.Drive,,Delivery,pitch.1,336441,-0.0006,-0.002,0.0213,0.0143,-0.0664,0.0081,0.0,0.0
1779816507577,2,Pitching Mound.Parent,,Delivery,pitch.1,335629,8.2383,-0.3962,107.2089,-174.8888,190.793,-8.1491,-0.189,0.1226
1779816507578,2,11.0000004b,Drive,Delivery,pitch.1,336442,-0.0012,-0.0037,0.0254,0.0144,-0.0653,0.0079,0.0,0.0
1779816507578,2,12.00000015,Lower Delivery,Delivery,pitch.1,336163,8.5365,-0.5181,105.6814,-210.3417,190.9497,-5.2121,-0.1918,-0.2113
1779816507578,2,12.00000018,Upper Delivery,Delivery,pitch.1,336719,-0.3867,0.153,1.5628,-0.0884,-0.0304,-0.0012,0.0,0.0
1779816507578,2,Pitching Mound.Delivery,,Delivery,pitch.1,335923,8.1498,-0.3651,107.2442,-175.0297,190.9194,-8.2472,-0.189,0.1219
1779816507578,2,Pitching Mound.Drive,,Delivery,pitch.1,336442,-0.0012,-0.0037,0.0254,0.0144,-0.0653,0.0079,0.0,0.0
1779816507578,2,Pitching Mound.Parent,,Delivery,pitch.1,335630,8.1486,-0.3688,107.2696,-175.0153,190.8541,-8.2393,-0.189,0.1218
1779816507579,2,11.0000004b,Drive,Delivery,pitch.1,336443,-0.0017,-0.0051,0.0282,0.0139,-0.0654,0.0069,0.0,0.0
1779816507579,2,12.00000015,Lower Delivery,Delivery,pitch.1,336164,8.5213,-0.4974,105.619,-210.5011,191.0102,-5.316,-0.192,-0.2116
1779816507579,2,12.00000018,Upper Delivery,Delivery,pitch.1,336720,-0.4915,0.0792,1.688,-0.0884,-0.0304,-0.0012,0.0,0.0
1779816507579,2,Pitching Mound.Delivery,,Delivery,pitch.1,335924,8.0298,-0.4182,107.307,-175.2529,190.9798,-8.3815,-0.189,0.121
1779816507579,2,Pitching Mound.Drive,,Delivery,pitch.1,336443,-0.0017,-0.0051,0.0282,0.0139,-0.0654,0.0069,0.0,0.0
1779816507579,2,Pitching Mound.Parent,,Delivery,pitch.1,335631,8.0282,-0.4233,107.3352,-175.239,190.9144,-8.3746,-0.1889,0.121
1779816507580,2,11.0000004b,Drive,Delivery,pitch.1,336444,-0.0016,-0.0056,0.029,0.0196,-0.0624,0.0071,0.0,0.0
1779816507580,2,12.00000015,Lower Delivery,Delivery,pitch.1,336165,8.5108,-0.4522,105.539,-210.6718,191.1843,-5.4154,-0.1923,-0.2119
1779816507580,2,12.00000018,Upper Delivery,Delivery,pitch.1,336721,-0.5057,0.0886,1.6882,-0.0884,-0.0304,-0.0012,0.0,0.0
1779816507580,2,Pitching Mound.Delivery,,Delivery,pitch.1,335925,8.0052,-0.3635,107.2271,-175.4509,191.1539,-8.4822,-0.1893,0.1207
1779816507580,2,Pitching Mound.Drive,,Delivery,pitch.1,336444,-0.0016,-0.0056,0.029,0.0196,-0.0624,0.0071,0.0,0.0
1779816507580,2,Pitching Mound.Parent,,Delivery,pitch.1,335632,8.0036,-0.3691,107.2561,-175.4312,191.0915,-8.4751,-0.1892,0.1207
1779816507581,2,11.0000004b,Drive,Delivery,pitch.1,336445,-0.0016,-0.0049,0.0282,0.0169,-0.0636,0.0082,0.0,0.0
1779816507581,2,12.00000015,Lower Delivery,Delivery,pitch.1,336166,8.5042,-0.4433,105.467,-210.8006,191.0648,-5.566,-0.1923,-0.2122
1779816507581,2,12.00000018,Upper Delivery,Delivery,pitch.1,336722,-0.6038,0.0157,1.4221,-0.0884,-0.0304,-0.0012,0.0,0.0
1779816507581,2,Pitching Mound.Delivery,,Delivery,pitch.1,335926,7.9004,-0.4276,106.8891,-175.5137,191.0344,-8.664,-0.1898,0.1216
1779816507581,2,Pitching Mound.Drive,,Delivery,pitch.1,336445,-0.0016,-0.0049,0.0282,0.0169,-0.0636,0.0082,0.0,0.0
1779816507581,2,Pitching Mound.Parent,,Delivery,pitch.1,335633,7.8988,-0.4326,106.9173,-175.4969,190.9709,-8.6558,-0.1897,0.1216
1779816507582,2,11.0000004b,Drive,Delivery,pitch.1,336446,-0.0004,-0.0019,0.0209,0.0134,-0.0633,0.0068,0.0,0.0
1779816507582,2,12.00000015,Lower Delivery,Delivery,pitch.1,336167,8.4805,-0.3907,105.4011,-210.9135,191.0041,-5.6088,-0.1924,-0.2124
1779816507582,2,12.00000018,Upper Delivery,Delivery,pitch.1,336723,-0.55,0.0777,1.6151,-0.0884,-0.0304,-0.0012,0.0,0.0
1779816507582,2,Pitching Mound.Delivery,,Delivery,pitch.1,335927,7.9305,-0.3129,107.0162,-175.7146,190.9737,-8.6804,-0.1895,0.1205
1779816507582,2,Pitching Mound.Drive,,Delivery,pitch.1,336446,-0.0004,-0.0019,0.0209,0.0134,-0.0633,0.0068,0.0,0.0
1779816507582,2,Pitching Mound.Parent,,Delivery,pitch.1,335634,7.9301,-0.3148,107.0372,-175.7012,190.9104,-8.6736,-0.1894,0.1205
1779816507583,2,11.0000004b,Drive,Delivery,pitch.1,336447,-0.0003,-0.0016,0.0209,0.0144,-0.0618,0.0073,0.0,0.0
1779816507583,2,12.00000015,Lower Delivery,Delivery,pitch.1,336168,8.4728,-0.346,105.2343,-210.8454,190.6858,-5.7192,-0.1924,-0.2127
1779816507583,2,12.00000018,Upper Delivery,Delivery,pitch.1,336724,-0.5628,0.048,1.3988,-0.0884,-0.0304,-0.0012,0.0,0.0
1779816507583,2,Pitching Mound.Delivery,,Delivery,pitch.1,335928,7.9101,-0.298,106.6331,-175.6297,190.6555,-8.7925,-0.1898,0.1212
1779816507583,2,Pitching Mound.Drive,,Delivery,pitch.1,336447,-0.0003,-0.0016,0.0209,0.0144,-0.0618,0.0073,0.0,0.0
1779816507583,2,Pitching Mound.Parent,,Delivery,pitch.1,335635,7.9098,-0.2996,106.654,-175.6154,190.5937,-8.7852,-0.1898,0.1211
1779816507584,2,11.0000004b,Drive,Delivery,pitch.1,336448,-0.0015,-0.0057,0.0295,0.0129,-0.0632,0.0058,0.0,0.0
1779816507584,2,12.00000015,Lower Delivery,Delivery,pitch.1,336169,8.4492,-0.3028,105.2009,-210.8301,190.6445,-5.8473,-0.1924,-0.2128
1779816507584,2,12.00000018,Upper Delivery,Delivery,pitch.1,336725,-0.5013,0.0595,1.5984,-0.0884,-0.0304,-0.0012,0.0,0.0
1779816507584,2,Pitching Mound.Delivery,,Delivery,pitch.1,335929,7.9479,-0.2433,106.7993,-175.6936,190.6141,-8.8917,-0.1895,0.1202
1779816507584,2,Pitching Mound.Drive,,Delivery,pitch.1,336448,-0.0015,-0.0057,0.0295,0.0129,-0.0632,0.0058,0.0,0.0
1779816507584,2,Pitching Mound.Parent,,Delivery,pitch.1,335636,7.9464,-0.2491,106.8288,-175.6807,190.551,-8.8858,-0.1895,0.1202
1779816507585,2,11.0000004b,Drive,Delivery,pitch.1,336449,-0.0013,-0.0033,0.026,0.0148,-0.0624,0.0069,0.0,0.0
1779816507585,2,12.00000015,Lower Delivery,Delivery,pitch.1,336170,8.4436,-0.276,105.244,-210.9772,190.6522,-5.9687,-0.1923,-0.2128
1779816507585,2,12.00000018,Upper Delivery,Delivery,pitch.1,336726,-0.5131,0.0295,1.5622,-0.0884,-0.0304,-0.0012,0.0,0.0
1779816507585,2,Pitching Mound.Delivery,,Delivery,pitch.1,335930,7.9305,-0.2465,106.8062,-175.8137,190.6218,-9.0152,-0.1895,0.1203
1779816507585,2,Pitching Mound.Drive,,Delivery,pitch.1,336449,-0.0013,-0.0033,0.026,0.0148,-0.0624,0.0069,0.0,0.0
1779816507585,2,Pitching Mound.Parent,,Delivery,pitch.1,335637,7.9292,-0.2498,106.8322,-175.7989,190.5594,-9.0083,-0.1895,0.1203
1779816507586,2,11.0000004b,Drive,Delivery,pitch.1,336450,-0.002,-0.0051,0.0304,0.0123,-0.061,0.0099,0.0,0.0
1779816507586,2,12.00000015,Lower Delivery,Delivery,pitch.1,336171,8.4121,-0.2385,105.1898,-211.3917,190.3089,-6.0887,-0.1921,-0.2133
1779816507586,2,12.00000018,Upper Delivery,Delivery,pitch.1,336727,-0.4422,0.042,1.4371,-0.0884,-0.0304,-0.0012,0.0,0.0
1779816507586,2,Pitching Mound.Delivery,,Delivery,pitch.1,335931,7.9699,-0.1965,106.6269,-176.2041,190.2785,-9.1003,-0.1895,0.1204
1779816507586,2,Pitching Mound.Drive,,Delivery,pitch.1,336450,-0.002,-0.0051,0.0304,0.0123,-0.061,0.0099,0.0,0.0
1779816507586,2,Pitching Mound.Parent,,Delivery,pitch.1,335638,7.9679,-0.2016,106.6573,-176.1918,190.2176,-9.0905,-0.1894,0.1203
1779816507587,2,11.0000004b,Drive,Delivery,pitch.1,336451,-0.003,-0.0077,0.0368,0.0106,-0.0601,0.0127,0.0,0.0
1779816507587,2,12.00000015,Lower Delivery,Delivery,pitch.1,336172,8.4182,-0.1947,105.242,-211.3111,190.3571,-6.1714,-0.192,-0.2132
1779816507587,2,12.00000018,Upper Delivery,Delivery,pitch.1,336728,-0.3981,0.0603,1.3781,-0.0884,-0.0304,-0.0012,0.0,0.0
1779816507587,2,Pitching Mound.Delivery,,Delivery,pitch.1,335932,8.0201,-0.1343,106.6201,-176.0857,190.3267,-9.1701,-0.1895,0.1208
1779816507587,2,Pitching Mound.Drive,,Delivery,pitch.1,336451,-0.003,-0.0077,0.0368,0.0106,-0.0601,0.0127,0.0,0.0
1779816507587,2,Pitching Mound.Parent,,Delivery,pitch.1,335639,8.0171,-0.1421,106.6569,-176.0751,190.2666,-9.1574,-0.1895,0.1208
1779816507588,2,11.0000004b,Drive,Delivery,pitch.1,336452,-0.0018,-0.0026,0.0268,0.0102,-0.0619,0.012,0.0,0.0
1779816507588,2,12.00000015,Lower Delivery,Delivery,pitch.1,336173,8.383,-0.1694,105.3083,-211.1535,190.0612,-6.2956,-0.1916,-0.2129
1779816507588,2,12.00000018,Upper Delivery,Delivery,pitch.1,336729,-0.253,0.1241,1.1087,-0.0884,-0.0304,-0.0012,0.0,0.0
1779816507588,2,Pitching Mound.Delivery,,Delivery,pitch.1,335933,8.13,-0.0453,106.417,-175.814,190.0309,-9.233,-0.1896,0.1223
1779816507588,2,Pitching Mound.Drive,,Delivery,pitch.1,336452,-0.0018,-0.0026,0.0268,0.0102,-0.0619,0.012,0.0,0.0
1779816507588,2,Pitching Mound.Parent,,Delivery,pitch.1,335640,8.1282,-0.048,106.4438,-175.8038,189.969,-9.221,-0.1896,0.1222
1779816507589,2,11.0000004b,Drive,Delivery,pitch.1,336453,-0.0024,-0.0045,0.0309,0.0113,-0.0625,0.0181,0.0,0.0
1779816507589,2,12.00000015,Lower Delivery,Delivery,pitch.1,336174,8.3975,-0.1469,105.3911,-211.3388,190.0707,-6.4339,-0.1915,-0.2129
1779816507589,2,12.00000018,Upper Delivery,Delivery,pitch.1,336730,-0.3267,0.0974,1.2606,-0.0884,-0.0304,-0.0012,0.0,0.0
1779816507589,2,Pitching Mound.Delivery,,Delivery,pitch.1,335934,8.0709,-0.0496,106.6518,-176.0228,190.0403,-9.4014,-0.1892,0.1216
1779816507589,2,Pitching Mound.Drive,,Delivery,pitch.1,336453,-0.0024,-0.0045,0.0309,0.0113,-0.0625,0.0181,0.0,0.0
1779816507589,2,Pitching Mound.Parent,,Delivery,pitch.1,335641,8.0685,-0.054,106.6827,-176.0116,189.9778,-9.3833,-0.1891,0.1216
1779816507590,2,11.0000004b,Drive,Delivery,pitch.1,336454,-0.0013,-0.0015,0.0241,0.012,-0.0614,0.0156,0.0,0.0
1779816507590,2,12.00000015,Lower Delivery,Delivery,pitch.1,336175,8.3829,-0.1015,105.331,-211.2909,189.4635,-6.5276,-0.191,-0.213
1779816507590,2,12.00000018,Upper Delivery,Delivery,pitch.1,336731,-0.2966,0.1116,1.2111,-0.0884,-0.0304,-0.0012,0.0,0.0
1779816507590,2,Pitching Mound.Delivery,,Delivery,pitch.1,335935,8.0864,0.0102,106.5421,-175.9786,189.4331,-9.4798,-0.1888,0.1217
1779816507590,2,Pitching Mound.Drive,,Delivery,pitch.1,336454,-0.0013,-0.0015,0.0241,0.012,-0.0614,0.0156,0.0,0.0
1779816507590,2,Pitching Mound.Parent,,Delivery,pitch.1,335642,8.0851,0.0086,106.5662,-175.9666,189.3718,-9.4642,-0.1887,0.1217
1779816507591,2,11.0000004b,Drive,Delivery,pitch.1,336455,-0.0012,-0.0002,0.0218,0.0127,-0.063,0.0145,0.0,0.0
1779816507591,2,11.0000004b,Drive,Delivery,pitch.1,336456,-0.0015,-0.0025,0.0253,0.0116,-0.0634,0.0125,0.0,0.0
1779816507591,2,12.00000015,Lower Delivery,Delivery,pitch.1,336176,8.3524,-0.0828,105.5117,-211.2816,189.6328,-6.6106,-0.1908,-0.2126
1779816507591,2,12.00000018,Upper Delivery,Delivery,pitch.1,336732,-0.2307,0.132,1.0546,-0.0884,-0.0304,-0.0012,0.0,0.0
1779816507591,2,Pitching Mound.Delivery,,Delivery,pitch.1,335936,8.1217,0.0492,106.5663,-175.8546,189.6024,-9.5301,-0.1889,0.1228
1779816507591,2,Pitching Mound.Drive,,Delivery,pitch.1,336455,-0.0012,-0.0002,0.0218,0.0127,-0.063,0.0145,0.0,0.0
1779816507591,2,Pitching Mound.Drive,,Delivery,pitch.1,336456,-0.0015,-0.0025,0.0253,0.0116,-0.0634,0.0125,0.0,0.0
1779816507591,2,Pitching Mound.Parent,,Delivery,pitch.1,335643,8.1205,0.049,106.5881,-175.8419,189.5394,-9.5156,-0.1889,0.1228
1779816507592,2,12.00000015,Lower Delivery,Delivery,pitch.1,336177,8.3481,-0.0481,105.4871,-211.0802,189.3509,-6.6754,-0.1906,-0.2124
1779816507592,2,12.00000018,Upper Delivery,Delivery,pitch.1,336733,-0.2344,0.1185,1.0351,-0.0884,-0.0304,-0.0012,0.0,0.0
1779816507592,2,Pitching Mound.Delivery,,Delivery,pitch.1,335937,8.1137,0.0704,106.5222,-175.6549,189.3206,-9.5946,-0.1887,0.123
1779816507592,2,Pitching Mound.Parent,,Delivery,pitch.1,335644,8.1122,0.0679,106.5476,-175.6433,189.2572,-9.5821,-0.1887,0.123
1779816507593,2,11.0000004b,Drive,Delivery,pitch.1,336457,-0.0014,-0.0032,0.0254,0.012,-0.0648,0.0112,0.0,0.0
1779816507593,2,12.00000015,Lower Delivery,Delivery,pitch.1,336178,8.3133,-0.0045,105.4835,-211.3313,189.3085,-6.8333,-0.1905,-0.2127
1779816507593,2,12.00000018,Upper Delivery,Delivery,pitch.1,336734,-0.2411,0.0969,0.9934,-0.0884,-0.0304,-0.0012,0.0,0.0
1779816507593,2,Pitching Mound.Delivery,,Delivery,pitch.1,335938,8.0722,0.0924,106.4769,-175.893,189.2781,-9.743,-0.1887,0.1229
1779816507593,2,Pitching Mound.Drive,,Delivery,pitch.1,336457,-0.0014,-0.0032,0.0254,0.012,-0.0648,0.0112,0.0,0.0
1779816507593,2,Pitching Mound.Parent,,Delivery,pitch.1,335645,8.0708,0.0892,106.5022,-175.881,189.2134,-9.7318,-0.1887,0.1229
1779816507594,2,11.0000004b,Drive,Delivery,pitch.1,336458,-0.0015,-0.0035,0.0258,0.013,-0.0665,0.01,0.0,0.0
1779816507594,2,11.0000004b,Drive,Delivery,pitch.1,336459,-0.0006,-0.0017,0.021,0.0128,-0.0657,0.009,0.0,0.0
1779816507594,2,12.00000015,Lower Delivery,Delivery,pitch.1,336179,8.2864,-0.0012,105.5026,-211.2191,189.4176,-6.9137,-0.1906,-0.2125
1779816507594,2,12.00000018,Upper Delivery,Delivery,pitch.1,336735,-0.2823,0.1026,1.1236,-0.0884,-0.0304,-0.0012,0.0,0.0
1779816507594,2,Pitching Mound.Delivery,,Delivery,pitch.1,335939,8.0042,0.1014,106.6263,-175.8186,189.3872,-9.8283,-0.1886,0.1225
1779816507594,2,Pitching Mound.Drive,,Delivery,pitch.1,336458,-0.0015,-0.0035,0.0258,0.013,-0.0665,0.01,0.0,0.0
1779816507594,2,Pitching Mound.Drive,,Delivery,pitch.1,336459,-0.0006,-0.0017,0.021,0.0128,-0.0657,0.009,0.0,0.0
1779816507594,2,Pitching Mound.Parent,,Delivery,pitch.1,335646,8.0026,0.0979,106.652,-175.8056,189.3207,-9.8182,-0.1885,0.1225
1779816507595,2,11.0000004b,Drive,Delivery,pitch.1,336460,-0.0005,-0.0016,0.0203,0.012,-0.0642,0.0091,0.0,0.0
1779816507595,2,12.00000015,Lower Delivery,Delivery,pitch.1,336180,8.2755,0.0437,105.4336,-211.0098,189.8088,-7.0333,-0.1911,-0.2125
1779816507595,2,12.00000018,Upper Delivery,Delivery,pitch.1,336736,-0.2486,0.1307,1.0806,-0.0884,-0.0304,-0.0012,0.0,0.0
1779816507595,2,Pitching Mound.Delivery,,Delivery,pitch.1,335940,8.0269,0.1743,106.5142,-175.6182,189.7785,-9.9327,-0.1892,0.1228
1779816507595,2,Pitching Mound.Drive,,Delivery,pitch.1,336460,-0.0005,-0.0016,0.0203,0.012,-0.0642,0.0091,0.0,0.0
1779816507595,2,Pitching Mound.Parent,,Delivery,pitch.1,335647,8.0262,0.1726,106.5351,-175.6054,189.7128,-9.9237,-0.1891,0.1228
1779816507596,2,11.0000004b,Drive,Delivery,pitch.1,336461,-0.001,-0.0038,0.0253,0.0124,-0.0644,0.0097,0.0,0.0
1779816507596,2,12.00000015,Lower Delivery,Delivery,pitch.1,336181,8.2709,0.0877,105.5048,-211.3792,189.5905,-7.1318,-0.1908,-0.2127
1779816507596,2,12.00000018,Upper Delivery,Delivery,pitch.1,336737,-0.254,0.0898,0.9827,-0.0884,-0.0304,-0.0012,0.0,0.0
1779816507596,2,Pitching Mound.Delivery,,Delivery,pitch.1,335941,8.0169,0.1775,106.4874,-175.9301,189.5601,-10.0315,-0.189,0.123
1779816507596,2,Pitching Mound.Drive,,Delivery,pitch.1,336461,-0.001,-0.0038,0.0253,0.0124,-0.0644,0.0097,0.0,0.0
1779816507596,2,Pitching Mound.Parent,,Delivery,pitch.1,335648,8.0163,0.1759,106.5078,-175.918,189.4959,-10.0224,-0.189,0.123
1779816507597,2,11.0000004b,Drive,Delivery,pitch.1,336462,0.0003,-0.0007,0.0176,0.0125,-0.064,0.0068,0.0,0.0
1779816507597,2,12.00000015,Lower Delivery,Delivery,pitch.1,336182,8.2539,0.1173,105.5035,-211.2303,189.6417,-7.1966,-0.1908,-0.2126
1779816507597,2,12.00000018,Upper Delivery,Delivery,pitch.1,336738,-0.3024,0.0715,1.0704,-0.0884,-0.0304,-0.0012,0.0,0.0
1779816507597,2,Pitching Mound.Delivery,,Delivery,pitch.1,335942,7.9515,0.1888,106.5739,-175.8115,189.6114,-10.1069,-0.1889,0.1228
1779816507597,2,Pitching Mound.Drive,,Delivery,pitch.1,336462,0.0003,-0.0007,0.0176,0.0125,-0.064,0.0068,0.0,0.0
1779816507597,2,Pitching Mound.Parent,,Delivery,pitch.1,335649,7.9505,0.185,106.5992,-175.7991,189.5469,-10.0972,-0.1889,0.1227
1779816507598,2,11.0000004b,Drive,Delivery,pitch.1,336463,0.0004,-0.001,0.0182,0.0103,-0.0592,0.0067,0.0,0.0
1779816507598,2,12.00000015,Lower Delivery,Delivery,pitch.1,336183,8.2473,0.1473,105.4674,-211.1979,189.3343,-7.3345,-0.1906,-0.2126
1779816507598,2,12.00000018,Upper Delivery,Delivery,pitch.1,336739,-0.3041,0.0592,1.0279,-0.0884,-0.0304,-0.0012,0.0,0.0
1779816507598,2,Pitching Mound.Delivery,,Delivery,pitch.1,335943,7.9432,0.2065,106.4953,-175.7768,189.3039,-10.2432,-0.1887,0.1229
1779816507598,2,Pitching Mound.Drive,,Delivery,pitch.1,336463,0.0004,-0.001,0.0182,0.0103,-0.0592,0.0067,0.0,0.0
1779816507598,2,Pitching Mound.Parent,,Delivery,pitch.1,335650,7.9435,0.2058,106.5129,-175.7643,189.24,-10.2364,-0.1887,0.1229
1779816507599,2,11.0000004b,Drive,Delivery,pitch.1,336464,0.0006,-0.0006,0.0177,0.0106,-0.0602,0.008,0.0,0.0
1779816507599,2,12.00000015,Lower Delivery,Delivery,pitch.1,336184,8.2327,0.1689,105.3865,-211.3172,189.3896,-7.4916,-0.1908,-0.2129
1779816507599,2,12.00000018,Upper Delivery,Delivery,pitch.1,336740,-0.325,0.0442,1.0482,-0.0884,-0.0304,-0.0012,0.0,0.0
1779816507599,2,Pitching Mound.Delivery,,Delivery,pitch.1,335944,7.9077,0.2131,106.4347,-175.9305,189.3592,-10.4025,-0.1889,0.1225
1779816507599,2,Pitching Mound.Drive,,Delivery,pitch.1,336464,0.0006,-0.0006,0.0177,0.0106,-0.0602,0.008,0.0,0.0
1779816507599,2,Pitching Mound.Parent,,Delivery,pitch.1,335651,7.9081,0.212,106.4529,-175.9202,189.3,-10.3958,-0.1889,0.1225
1779816507600,2,11.0000004b,Drive,Delivery,pitch.1,336465,0.0007,-0.0007,0.0173,0.0096,-0.0597,0.0115,0.0,0.0
1779816507600,2,12.00000015,Lower Delivery,Delivery,pitch.1,336185,8.2107,0.1981,105.3984,-211.3544,189.1486,-7.5377,-0.1905,-0.2129
1779816507600,2,12.00000018,Upper Delivery,Delivery,pitch.1,336741,-0.3377,0.0482,1.0892,-0.0884,-0.0304,-0.0012,0.0,0.0
1779816507600,2,Pitching Mound.Delivery,,Delivery,pitch.1,335945,7.873,0.2463,106.4876,-175.9776,189.1183,-10.4454,-0.1886,0.1223
1779816507600,2,Pitching Mound.Drive,,Delivery,pitch.1,336465,0.0007,-0.0007,0.0173,0.0096,-0.0597,0.0115,0.0,0.0
1779816507600,2,Pitching Mound.Parent,,Delivery,pitch.1,335652,7.8736,0.2456,106.5052,-175.967,189.058,-10.4373,-0.1885,0.1223
1779816507601,2,12.00000015,Lower Delivery,Delivery,pitch.1,336186,8.2304,0.2552,105.3515,-211.536,189.4555,-7.6629,-0.1909,-0.2132
1779816507601,2,12.00000018,Upper Delivery,Delivery,pitch.1,336742,-0.4105,0.0298,1.2997,-0.0884,-0.0304,-0.0012,0.0,0.0
1779816507601,2,Pitching Mound.Delivery,,Delivery,pitch.1,335946,7.8199,0.285,106.6512,-176.2467,189.4251,-10.602,-0.1886,0.1211
1779816507601,2,Pitching Mound.Parent,,Delivery,pitch.1,335653,7.8206,0.2842,106.6685,-176.2371,189.3654,-10.5905,-0.1886,0.1211
1779816507602,2,11.0000004b,Drive,Delivery,pitch.1,336466,0.0007,-0.0007,0.0178,0.0103,-0.0613,0.0119,0.0,0.0
1779816507602,2,11.0000004b,Drive,Delivery,pitch.1,336467,0.0005,-0.0008,0.0182,0.0109,-0.0615,0.0094,0.0,0.0
1779816507602,2,12.00000015,Lower Delivery,Delivery,pitch.1,336187,8.2433,0.295,105.2983,-211.6301,189.3738,-7.7955,-0.1909,-0.2134
1779816507602,2,12.00000018,Upper Delivery,Delivery,pitch.1,336743,-0.3872,0.0615,1.3951,-0.0884,-0.0304,-0.0012,0.0,0.0
1779816507602,2,Pitching Mound.Delivery,,Delivery,pitch.1,335947,7.8561,0.3566,106.6934,-176.3913,189.3434,-10.7311,-0.1884,0.1205
1779816507602,2,Pitching Mound.Drive,,Delivery,pitch.1,336466,0.0007,-0.0007,0.0178,0.0103,-0.0613,0.0119,0.0,0.0
1779816507602,2,Pitching Mound.Drive,,Delivery,pitch.1,336467,0.0005,-0.0008,0.0182,0.0109,-0.0615,0.0094,0.0,0.0
1779816507602,2,Pitching Mound.Parent,,Delivery,pitch.1,335654,7.8568,0.3559,106.7112,-176.3809,189.2821,-10.7192,-0.1884,0.1205
1779816507603,2,12.00000015,Lower Delivery,Delivery,pitch.1,336188,8.2161,0.3288,105.2654,-211.8974,189.4775,-7.9251,-0.1911,-0.2137
1779816507603,2,12.00000018,Upper Delivery,Delivery,pitch.1,336744,-0.3781,0.0873,1.3978,-0.0884,-0.0304,-0.0012,0.0,0.0
1779816507603,2,Pitching Mound.Delivery,,Delivery,pitch.1,335948,7.8379,0.4161,106.6632,-176.6708,189.4472,-10.8483,-0.1886,0.1202
1779816507603,2,Pitching Mound.Parent,,Delivery,pitch.1,335655,7.8385,0.4153,106.6815,-176.6599,189.3856,-10.8388,-0.1886,0.1202
1779816507604,2,11.0000004b,Drive,Delivery,pitch.1,336468,0.0004,-0.0007,0.0183,0.0115,-0.0611,0.0098,0.0,0.0
1779816507604,2,11.0000004b,Drive,Delivery,pitch.1,336469,0.0006,-0.0007,0.0179,0.0105,-0.06,0.0082,0.0,0.0
1779816507604,2,12.00000015,Lower Delivery,Delivery,pitch.1,336189,8.2027,0.3324,105.0826,-211.6066,189.6963,-8.0214,-0.1916,-0.2138
1779816507604,2,12.00000018,Upper Delivery,Delivery,pitch.1,336745,-0.3016,0.1239,1.2755,-0.0884,-0.0304,-0.0012,0.0,0.0
1779816507604,2,Pitching Mound.Delivery,,Delivery,pitch.1,335949,7.9011,0.4563,106.3581,-176.4005,189.6659,-10.9141,-0.1893,0.1206
1779816507604,2,Pitching Mound.Drive,,Delivery,pitch.1,336468,0.0004,-0.0007,0.0183,0.0115,-0.0611,0.0098,0.0,0.0
1779816507604,2,Pitching Mound.Drive,,Delivery,pitch.1,336469,0.0006,-0.0007,0.0179,0.0105,-0.06,0.0082,0.0,0.0
1779816507604,2,Pitching Mound.Parent,,Delivery,pitch.1,335656,7.9015,0.4556,106.3764,-176.389,189.6049,-10.9043,-0.1893,0.1206
1779816507605,2,12.00000015,Lower Delivery,Delivery,pitch.1,336190,8.1982,0.3776,105.0501,-211.6876,189.6373,-8.152,-0.1916,-0.2139
1779816507605,2,12.00000018,Upper Delivery,Delivery,pitch.1,336746,-0.3041,0.1688,1.4037,-0.0884,-0.0304,-0.0012,0.0,0.0
1779816507605,2,Pitching Mound.Delivery,,Delivery,pitch.1,335950,7.8941,0.5463,106.4539,-176.5362,189.6069,-11.044,-0.1891,0.1199
1779816507605,2,Pitching Mound.Parent,,Delivery,pitch.1,335657,7.8947,0.5456,106.4717,-176.5257,189.5469,-11.0358,-0.1891,0.1199
1779816507606,2,11.0000004b,Drive,Delivery,pitch.1,336470,0.0004,-0.001,0.0187,0.0114,-0.059,0.0063,0.0,0.0
1779816507606,2,12.00000015,Lower Delivery,Delivery,pitch.1,336191,8.1818,0.4085,105.0222,-211.728,189.4923,-8.2139,-0.1916,-0.214
1779816507606,2,12.00000018,Upper Delivery,Delivery,pitch.1,336747,-0.3548,0.1073,1.5093,-0.0884,-0.0304,-0.0012,0.0,0.0
1779816507606,2,Pitching Mound.Delivery,,Delivery,pitch.1,335951,7.827,0.5158,106.5315,-176.6219,189.462,-11.1176,-0.1888,0.1194
1779816507606,2,Pitching Mound.Drive,,Delivery,pitch.1,336470,0.0004,-0.001,0.0187,0.0114,-0.059,0.0063,0.0,0.0
1779816507606,2,Pitching Mound.Parent,,Delivery,pitch.1,335658,7.8273,0.5149,106.5502,-176.6105,189.4029,-11.1113,-0.1888,0.1194
1779816507607,2,11.0000004b,Drive,Delivery,pitch.1,336471,0.0006,-0.0009,0.0179,0.0123,-0.0601,0.0058,0.0,0.0
1779816507607,2,12.00000015,Lower Delivery,Delivery,pitch.1,336192,8.1717,0.4338,105.0465,-211.7874,189.6861,-8.3768,-0.1917,-0.214
1779816507607,2,12.00000018,Upper Delivery,Delivery,pitch.1,336748,-0.3816,0.1282,1.6481,-0.0884,-0.0304,-0.0012,0.0,0.0
1779816507607,2,Pitching Mound.Delivery,,Delivery,pitch.1,335952,7.7901,0.562,106.6946,-176.7203,189.6558,-11.2861,-0.1887,0.1188
1779816507607,2,Pitching Mound.Drive,,Delivery,pitch.1,336471,0.0006,-0.0009,0.0179,0.0123,-0.0601,0.0058,0.0,0.0
1779816507607,2,Pitching Mound.Parent,,Delivery,pitch.1,335659,7.7907,0.5611,106.7125,-176.708,189.5957,-11.2804,-0.1887,0.1187
1779816507608,2,11.0000004b,Drive,Delivery,pitch.1,336472,0.0005,-0.0008,0.0174,0.0132,-0.0623,0.0028,0.0,0.0
1779816507608,2,12.00000015,Lower Delivery,Delivery,pitch.1,336193,8.1602,0.476,105.0498,-211.8782,189.4768,-8.4649,-0.1915,-0.2141
1779816507608,2,12.00000018,Upper Delivery,Delivery,pitch.1,336749,-0.4153,0.1085,1.7044,-0.0884,-0.0304,-0.0012,0.0,0.0
1779816507608,2,Pitching Mound.Delivery,,Delivery,pitch.1,335953,7.7448,0.5845,106.7542,-176.8291,189.4464,-11.3817,-0.1884,0.1184
1779816507608,2,Pitching Mound.Drive,,Delivery,pitch.1,336472,0.0005,-0.0008,0.0174,0.0132,-0.0623,0.0028,0.0,0.0
1779816507608,2,Pitching Mound.Parent,,Delivery,pitch.1,335660,7.7454,0.5837,106.7716,-176.8159,189.3841,-11.3789,-0.1884,0.1184
1779816507609,2,11.0000004b,Drive,Delivery,pitch.1,336473,0.0004,-0.0009,0.0187,0.0134,-0.0612,0.0039,0.0,0.0
1779816507609,2,11.0000004b,Drive,Delivery,pitch.1,336474,0.0003,-0.0009,0.0178,0.0147,-0.0622,0.0008,0.0,0.0
1779816507609,2,12.00000015,Lower Delivery,Delivery,pitch.1,336194,8.1434,0.5145,105.048,-212.1698,189.8128,-8.6496,-0.1918,-0.2144
1779816507609,2,12.00000018,Upper Delivery,Delivery,pitch.1,336750,-0.4988,0.0541,1.8662,-0.0884,-0.0304,-0.0012,0.0,0.0
1779816507609,2,Pitching Mound.Delivery,,Delivery,pitch.1,335954,7.6446,0.5687,106.9142,-177.1763,189.7824,-11.5892,-0.1885,0.1175
1779816507609,2,Pitching Mound.Drive,,Delivery,pitch.1,336473,0.0004,-0.0009,0.0187,0.0134,-0.0612,0.0039,0.0,0.0
1779816507609,2,Pitching Mound.Drive,,Delivery,pitch.1,336474,0.0003,-0.0009,0.0178,0.0147,-0.0622,0.0008,0.0,0.0
1779816507609,2,Pitching Mound.Parent,,Delivery,pitch.1,335661,7.645,0.5678,106.9329,-177.163,189.7213,-11.5853,-0.1884,0.1174
1779816507610,2,12.00000015,Lower Delivery,Delivery,pitch.1,336195,8.1119,0.5333,105.0852,-212.2984,189.8105,-8.7271,-0.1918,-0.2145
1779816507610,2,12.00000018,Upper Delivery,Delivery,pitch.1,336751,-0.505,0.0153,1.7256,-0.0884,-0.0304,-0.0012,0.0,0.0
1779816507610,2,Pitching Mound.Delivery,,Delivery,pitch.1,335955,7.6069,0.5486,106.8108,-177.2445,189.7801,-11.658,-0.1887,0.118
1779816507610,2,Pitching Mound.Parent,,Delivery,pitch.1,335662,7.6073,0.5477,106.8286,-177.2297,189.7179,-11.6572,-0.1886,0.118
1779816507611,2,11.0000004b,Drive,Delivery,pitch.1,336475,0.0005,-0.0009,0.0174,0.0153,-0.062,-0.0019,0.0,0.0
1779816507611,2,12.00000015,Lower Delivery,Delivery,pitch.1,336196,8.0975,0.5777,105.1434,-212.721,189.9749,-8.8225,-0.1918,-0.2148
1779816507611,2,12.00000018,Upper Delivery,Delivery,pitch.1,336752,-0.4775,-0.0297,1.4748,-0.0884,-0.0304,-0.0012,0.0,0.0
1779816507611,2,Pitching Mound.Delivery,,Delivery,pitch.1,335956,7.62,0.548,106.6182,-177.562,189.9445,-11.7392,-0.1892,0.1188
1779816507611,2,Pitching Mound.Drive,,Delivery,pitch.1,336475,0.0005,-0.0009,0.0174,0.0153,-0.062,-0.0019,0.0,0.0
1779816507611,2,Pitching Mound.Parent,,Delivery,pitch.1,335663,7.6206,0.5471,106.6356,-177.5467,189.8825,-11.7411,-0.1891,0.1188
1779816507612,2,11.0000004b,Drive,Delivery,pitch.1,336476,0.0001,-0.0008,0.0179,0.0148,-0.0626,-0.0006,0.0,0.0
1779816507612,2,12.00000015,Lower Delivery,Delivery,pitch.1,336197,8.0632,0.5793,105.1169,-212.9017,190.124,-8.9192,-0.192,-0.215
1779816507612,2,12.00000018,Upper Delivery,Delivery,pitch.1,336753,-0.3921,-0.0096,1.1404,-0.0884,-0.0304,-0.0012,0.0,0.0
1779816507612,2,Pitching Mound.Delivery,,Delivery,pitch.1,335957,7.6712,0.5697,106.2573,-177.6381,190.0937,-11.7952,-0.19,0.12
1779816507612,2,Pitching Mound.Drive,,Delivery,pitch.1,336476,0.0001,-0.0008,0.0179,0.0148,-0.0626,-0.0006,0.0,0.0
1779816507612,2,Pitching Mound.Parent,,Delivery,pitch.1,335664,7.6712,0.569,106.2752,-177.6233,190.0311,-11.7958,-0.1899,0.12
1779816507613,2,11.0000004b,Drive,Delivery,pitch.1,336477,0.0001,-0.0007,0.0185,0.0142,-0.0616,0.0,0.0,0.0
1779816507613,2,12.00000015,Lower Delivery,Delivery,pitch.1,336198,8.0108,0.6038,105.181,-213.3058,190.2057,-9.025,-0.192,-0.2153
1779816507613,2,12.00000018,Upper Delivery,Delivery,pitch.1,336754,-0.3673,-0.0458,0.9175,-0.0884,-0.0304,-0.0012,0.0,0.0
1779816507613,2,Pitching Mound.Delivery,,Delivery,pitch.1,335958,7.6435,0.5579,106.0985,-177.9446,190.1754,-11.8747,-0.1903,0.1207
1779816507613,2,Pitching Mound.Drive,,Delivery,pitch.1,336477,0.0001,-0.0007,0.0185,0.0142,-0.0616,0.0,0.0,0.0
1779816507613,2,Pitching Mound.Parent,,Delivery,pitch.1,335665,7.6436,0.5573,106.117,-177.9303,190.1138,-11.8748,-0.1903,0.1207
1779816507614,2,11.0000004b,Drive,Delivery,pitch.1,336478,0.0002,-0.0009,0.0184,0.0139,-0.0626,-0.0004,0.0,0.0
1779816507614,2,12.00000015,Lower Delivery,Delivery,pitch.1,336199,8.0164,0.6427,105.3038,-213.7858,190.0516,-9.1131,-0.1916,-0.2155
1779816507614,2,12.00000018,Upper Delivery,Delivery,pitch.1,336755,-0.4345,-0.0927,1.0598,-0.0884,-0.0304,-0.0012,0.0,0.0
1779816507614,2,Pitching Mound.Delivery,,Delivery,pitch.1,335959,7.5819,0.5501,106.3636,-178.4312,190.0213,-11.9877,-0.1897,0.1198
1779816507614,2,Pitching Mound.Drive,,Delivery,pitch.1,336478,0.0002,-0.0009,0.0184,0.0139,-0.0626,-0.0004,0.0,0.0
1779816507614,2,Pitching Mound.Parent,,Delivery,pitch.1,335666,7.5821,0.5492,106.382,-178.4173,189.9587,-11.988,-0.1897,0.1198
1779816507615,2,11.0000004b,Drive,Delivery,pitch.1,336479,0.0003,-0.001,0.0187,0.0144,-0.0632,-0.0008,0.0,0.0
1779816507615,2,12.00000015,Lower Delivery,Delivery,pitch.1,336200,7.993,0.6639,105.4251,-213.9178,189.7391,-9.1845,-0.1911,-0.2154
1779816507615,2,12.00000018,Upper Delivery,Delivery,pitch.1,336756,-0.457,-0.109,1.1584,-0.0884,-0.0304,-0.0012,0.0,0.0
1779816507615,2,Pitching Mound.Delivery,,Delivery,pitch.1,335960,7.536,0.5549,106.5835,-178.5554,189.7088,-12.0588,-0.189,0.1195
1779816507615,2,Pitching Mound.Drive,,Delivery,pitch.1,336479,0.0003,-0.001,0.0187,0.0144,-0.0632,-0.0008,0.0,0.0
1779816507615,2,Pitching Mound.Parent,,Delivery,pitch.1,335667,7.5363,0.5539,106.6022,-178.541,189.6456,-12.0596,-0.189,0.1195
1779816507616,2,11.0000004b,Drive,Delivery,pitch.1,336480,-0.0002,-0.001,0.0192,0.0144,-0.064,-0.0001,0.0,0.0
1779816507616,2,12.00000015,Lower Delivery,Delivery,pitch.1,336201,7.9736,0.706,105.5089,-214.4062,189.5423,-9.2973,-0.1907,-0.2157
1779816507616,2,12.00000018,Upper Delivery,Delivery,pitch.1,336757,-0.4411,-0.1404,1.0141,-0.0884,-0.0304,-0.0012,0.0,0.0
1779816507616,2,Pitching Mound.Delivery,,Delivery,pitch.1,335961,7.5325,0.5657,106.523,-178.9663,189.5119,-12.1595,-0.1889,0.1198
1779816507616,2,Pitching Mound.Drive,,Delivery,pitch.1,336480,-0.0002,-0.001,0.0192,0.0144,-0.064,-0.0001,0.0,0.0
1779816507616,2,Pitching Mound.Parent,,Delivery,pitch.1,335668,7.5323,0.5646,106.5421,-178.9519,189.4479,-12.1596,-0.1889,0.1198
1779816507617,2,11.0000004b,Drive,Delivery,pitch.1,336481,-0.0001,-0.0013,0.0187,0.013,-0.0618,-0.0002,0.0,0.0
1779816507617,2,12.00000015,Lower Delivery,Delivery,pitch.1,336202,7.9611,0.7027,105.5845,-214.6269,189.5063,-9.3629,-0.1905,-0.2158
1779816507617,2,12.00000018,Upper Delivery,Delivery,pitch.1,336758,-0.4253,-0.1006,1.1136,-0.0884,-0.0304,-0.0012,0.0,0.0
1779816507617,2,Pitching Mound.Delivery,,Delivery,pitch.1,335962,7.5358,0.6021,106.6981,-179.1951,189.476,-12.2155,-0.1886,0.1194
1779816507617,2,Pitching Mound.Drive,,Delivery,pitch.1,336481,-0.0001,-0.0013,0.0187,0.013,-0.0618,-0.0002,0.0,0.0
1779816507617,2,Pitching Mound.Parent,,Delivery,pitch.1,335669,7.5357,0.6008,106.7169,-179.1821,189.4141,-12.2157,-0.1885,0.1193
1779816507618,2,11.0000004b,Drive,Delivery,pitch.1,336482,-0.0001,-0.0012,0.019,0.0127,-0.0629,0.0017,0.0,0.0
1779816507618,2,12.00000015,Lower Delivery,Delivery,pitch.1,336203,7.953,0.713,105.6337,-215.0075,189.6206,-9.4217,-0.1906,-0.2161
1779816507618,2,12.00000018,Upper Delivery,Delivery,pitch.1,336759,-0.353,-0.082,0.8594,-0.0884,-0.0304,-0.0012,0.0,0.0
1779816507618,2,Pitching Mound.Delivery,,Delivery,pitch.1,335963,7.5999,0.6309,106.4931,-179.4726,189.5902,-12.2469,-0.189,0.1202
1779816507618,2,Pitching Mound.Drive,,Delivery,pitch.1,336482,-0.0001,-0.0012,0.019,0.0127,-0.0629,0.0017,0.0,0.0
1779816507618,2,Pitching Mound.Parent,,Delivery,pitch.1,335670,7.5998,0.6297,106.5121,-179.4598,189.5273,-12.2452,-0.189,0.1202
1779816507619,2,11.0000004b,Drive,Delivery,pitch.1,336483,0.0002,-0.001,0.0178,0.0122,-0.061,0.0006,0.0,0.0
1779816507619,2,12.00000015,Lower Delivery,Delivery,pitch.1,336204,7.9399,0.744,105.69,-215.0826,189.8963,-9.4213,-0.1907,-0.216
1779816507619,2,12.00000018,Upper Delivery,Delivery,pitch.1,336760,-0.321,-0.1037,0.6611,-0.0884,-0.0304,-0.0012,0.0,0.0
1779816507619,2,Pitching Mound.Delivery,,Delivery,pitch.1,335964,7.6189,0.6404,106.3512,-179.4611,189.8659,-12.2312,-0.1896,0.1211
1779816507619,2,Pitching Mound.Drive,,Delivery,pitch.1,336483,0.0002,-0.001,0.0178,0.0122,-0.061,0.0006,0.0,0.0
1779816507619,2,Pitching Mound.Parent,,Delivery,pitch.1,335671,7.6191,0.6394,106.3689,-179.4489,189.8049,-12.2306,-0.1895,0.1211
1779816507620,2,11.0000004b,Drive,Delivery,pitch.1,336484,-0.0004,-0.0018,0.0201,0.0132,-0.0605,0.0025,0.0,0.0
1779816507620,2,11.0000004b,Drive,Delivery,pitch.1,336485,0.0001,-0.0013,0.0183,0.014,-0.0589,0.0,0.0,0.0
1779816507620,2,12.00000015,Lower Delivery,Delivery,pitch.1,336205,7.9268,0.7682,105.7789,-215.2538,189.505,-9.504,-0.1902,-0.216
1779816507620,2,12.00000018,Upper Delivery,Delivery,pitch.1,336761,-0.1699,-0.0414,0.364,-0.0884,-0.0304,-0.0012,0.0,0.0
1779816507620,2,Pitching Mound.Delivery,,Delivery,pitch.1,335965,7.7569,0.7268,106.1429,-179.5011,189.4746,-12.2581,-0.1895,0.1224
1779816507620,2,Pitching Mound.Drive,,Delivery,pitch.1,336484,-0.0004,-0.0018,0.0201,0.0132,-0.0605,0.0025,0.0,0.0
1779816507620,2,Pitching Mound.Drive,,Delivery,pitch.1,336485,0.0001,-0.0013,0.0183,0.014,-0.0589,0.0,0.0,0.0
1779816507620,2,Pitching Mound.Parent,,Delivery,pitch.1,335672,7.7565,0.725,106.1629,-179.4879,189.4141,-12.2556,-0.1895,0.1224
1779816507621,2,12.00000015,Lower Delivery,Delivery,pitch.1,336206,7.9162,0.775,105.8243,-215.4368,189.964,-9.5402,-0.1906,-0.2161
1779816507621,2,12.00000018,Upper Delivery,Delivery,pitch.1,336762,-0.226,-0.0371,0.5606,-0.0884,-0.0304,-0.0012,0.0,0.0
1779816507621,2,Pitching Mound.Delivery,,Delivery,pitch.1,335966,7.6902,0.7379,106.385,-179.7355,189.9337,-12.3098,-0.1896,0.1214
1779816507621,2,Pitching Mound.Parent,,Delivery,pitch.1,335673,7.6903,0.7366,106.4033,-179.7215,189.8748,-12.3098,-0.1895,0.1214
1779816507622,2,11.0000004b,Drive,Delivery,pitch.1,336486,0.0,-0.0013,0.0181,0.0163,-0.0582,0.0003,0.0,0.0
1779816507622,2,11.0000004b,Drive,Delivery,pitch.1,336487,0.0004,-0.0011,0.0173,0.0174,-0.0552,-0.0012,0.0,0.0
1779816507622,2,12.00000015,Lower Delivery,Delivery,pitch.1,336207,7.9082,0.7806,105.8945,-215.6524,189.9297,-9.6189,-0.1904,-0.2162
1779816507622,2,12.00000018,Upper Delivery,Delivery,pitch.1,336763,-0.1623,-0.0237,0.3816,-0.0884,-0.0304,-0.0012,0.0,0.0
1779816507622,2,Pitching Mound.Delivery,,Delivery,pitch.1,335967,7.7459,0.7569,106.2761,-179.8663,189.8993,-12.3641,-0.1897,0.1221
1779816507622,2,Pitching Mound.Drive,,Delivery,pitch.1,336486,0.0,-0.0013,0.0181,0.0163,-0.0582,0.0003,0.0,0.0
1779816507622,2,Pitching Mound.Drive,,Delivery,pitch.1,336487,0.0004,-0.0011,0.0173,0.0174,-0.0552,-0.0012,0.0,0.0
1779816507622,2,Pitching Mound.Parent,,Delivery,pitch.1,335674,7.7459,0.7556,106.2942,-179.85,189.8411,-12.3637,-0.1897,0.1221
1779816507623,2,11.0000004b,Drive,Delivery,pitch.1,336488,0.0003,-0.0011,0.0173,0.0196,-0.0549,-0.002,0.0,0.0
1779816507623,2,12.00000015,Lower Delivery,Delivery,pitch.1,336208,7.8994,0.7952,105.9201,-215.6605,189.9742,-9.6844,-0.1904,-0.2162
1779816507623,2,12.00000018,Upper Delivery,Delivery,pitch.1,336764,-0.1924,-0.0129,0.5135,-0.0884,-0.0304,-0.0012,0.0,0.0
1779816507623,2,Pitching Mound.Delivery,,Delivery,pitch.1,335968,7.707,0.7823,106.4336,-179.9106,189.9438,-12.4368,-0.1895,0.1216
1779816507623,2,Pitching Mound.Drive,,Delivery,pitch.1,336488,0.0003,-0.0011,0.0173,0.0196,-0.0549,-0.002,0.0,0.0
1779816507623,2,Pitching Mound.Parent,,Delivery,pitch.1,335675,7.7074,0.7812,106.4508,-179.8932,189.8886,-12.438,-0.1895,0.1216
1779816507624,2,11.0000004b,Drive,Delivery,pitch.1,336489,0.0004,-0.0009,0.0168,0.0179,-0.055,-0.0017,0.0,0.0
1779816507624,2,12.00000015,Lower Delivery,Delivery,pitch.1,336209,7.9174,0.8148,105.966,-215.6252,189.9244,-9.7026,-0.1903,-0.216
1779816507624,2,12.00000018,Upper Delivery,Delivery,pitch.1,336765,-0.1628,-0.0062,0.4289,-0.0884,-0.0304,-0.0012,0.0,0.0
1779816507624,2,Pitching Mound.Delivery,,Delivery,pitch.1,335969,7.7546,0.8085,106.3949,-179.8309,189.894,-12.451,-0.1895,0.1221
1779816507624,2,Pitching Mound.Drive,,Delivery,pitch.1,336489,0.0004,-0.0009,0.0168,0.0179,-0.055,-0.0017,0.0,0.0
1779816507624,2,Pitching Mound.Parent,,Delivery,pitch.1,335676,7.7549,0.8074,106.4122,-179.8113,189.8392,-12.4531,-0.1895,0.1221
1779816507625,2,11.0000004b,Drive,Delivery,pitch.1,336490,0.0005,-0.0013,0.0168,0.0155,-0.0541,-0.0036,0.0,0.0
1779816507625,2,12.00000015,Lower Delivery,Delivery,pitch.1,336210,7.9043,0.8166,105.9724,-215.5593,189.8903,-9.7742,-0.1902,-0.2159
1779816507625,2,12.00000018,Upper Delivery,Delivery,pitch.1,336766,-0.0986,0.0263,0.3203,-0.0884,-0.0304,-0.0012,0.0,0.0
1779816507625,2,Pitching Mound.Delivery,,Delivery,pitch.1,335970,7.8057,0.843,106.2927,-179.726,189.86,-12.4964,-0.1897,0.1227
1779816507625,2,Pitching Mound.Drive,,Delivery,pitch.1,336490,0.0005,-0.0013,0.0168,0.0155,-0.0541,-0.0036,0.0,0.0
1779816507625,2,Pitching Mound.Parent,,Delivery,pitch.1,335677,7.8061,0.8421,106.3095,-179.7081,189.8049,-12.4981,-0.1896,0.1226
1779816507626,2,11.0000004b,Drive,Delivery,pitch.1,336491,0.0006,-0.0009,0.0166,0.0187,-0.0554,-0.0026,0.0,0.0
1779816507626,2,12.00000015,Lower Delivery,Delivery,pitch.1,336211,7.9096,0.8405,106.0471,-215.8396,190.283,-9.831,-0.1905,-0.2161
1779816507626,2,12.00000018,Upper Delivery,Delivery,pitch.1,336767,-0.0681,0.0218,0.2157,-0.0884,-0.0304,-0.0012,0.0,0.0
1779816507626,2,Pitching Mound.Delivery,,Delivery,pitch.1,335971,7.8415,0.8622,106.2628,-179.9453,190.2526,-12.5446,-0.1901,0.123
1779816507626,2,Pitching Mound.Drive,,Delivery,pitch.1,336491,0.0006,-0.0009,0.0166,0.0187,-0.0554,-0.0026,0.0,0.0
1779816507626,2,Pitching Mound.Parent,,Delivery,pitch.1,335678,7.842,0.861,106.2796,-179.9298,190.1985,-12.5482,-0.1901,0.123
1779816507627,2,11.0000004b,Drive,Delivery,pitch.1,336492,0.0004,-0.0013,0.0176,0.0198,-0.0561,-0.0016,0.0,0.0
1779816507627,2,12.00000015,Lower Delivery,Delivery,pitch.1,336212,7.8896,0.8536,106.1154,-216.0441,190.1261,-9.8221,-0.1902,-0.2161
1779816507627,2,12.00000018,Upper Delivery,Delivery,pitch.1,336768,-0.0351,0.1072,0.3486,-0.0884,-0.0304,-0.0012,0.0,0.0
1779816507627,2,Pitching Mound.Delivery,,Delivery,pitch.1,335972,7.8545,0.9608,106.464,-180.1717,190.0957,-12.5177,-0.1896,0.1223
1779816507627,2,Pitching Mound.Drive,,Delivery,pitch.1,336492,0.0004,-0.0013,0.0176,0.0198,-0.0561,-0.0016,0.0,0.0
1779816507627,2,Pitching Mound.Parent,,Delivery,pitch.1,335679,7.8551,0.9599,106.4807,-180.153,190.0403,-12.5203,-0.1896,0.1223
1779816507628,2,11.0000004b,Drive,Delivery,pitch.1,336493,0.0007,-0.0012,0.0175,0.0196,-0.0558,-0.0031,0.0,0.0
1779816507628,2,12.00000015,Lower Delivery,Delivery,pitch.1,336213,7.8955,0.8456,106.0496,-215.7541,190.5107,-9.8793,-0.1907,-0.216
1779816507628,2,12.00000018,Upper Delivery,Delivery,pitch.1,336769,0.028,0.1584,0.3112,-0.0884,-0.0304,-0.0012,0.0,0.0
1779816507628,2,Pitching Mound.Delivery,,Delivery,pitch.1,335973,7.9235,1.004,106.3608,-179.8914,190.4804,-12.5554,-0.1902,0.1227
1779816507628,2,Pitching Mound.Drive,,Delivery,pitch.1,336493,0.0007,-0.0012,0.0175,0.0196,-0.0558,-0.0031,0.0,0.0
1779816507628,2,Pitching Mound.Parent,,Delivery,pitch.1,335680,7.9239,1.0027,106.3784,-179.8716,190.4243,-12.557,-0.1901,0.1226
1779816507629,2,11.0000004b,Drive,Delivery,pitch.1,336494,0.0006,-0.0017,0.0184,0.0166,-0.0589,-0.0042,0.0,0.0
1779816507629,2,12.00000015,Lower Delivery,Delivery,pitch.1,336214,7.8979,0.8608,106.1004,-215.7121,190.5408,-9.869,-0.1907,-0.2158
1779816507629,2,12.00000018,Upper Delivery,Delivery,pitch.1,336770,-0.0289,0.1282,0.3875,-0.0884,-0.0304,-0.0012,0.0,0.0
1779816507629,2,Pitching Mound.Delivery,,Delivery,pitch.1,335974,7.869,0.989,106.488,-179.8581,190.5104,-12.5653,-0.19,0.1225
1779816507629,2,Pitching Mound.Drive,,Delivery,pitch.1,336494,0.0006,-0.0017,0.0184,0.0166,-0.0589,-0.0042,0.0,0.0
1779816507629,2,Pitching Mound.Parent,,Delivery,pitch.1,335681,7.8696,0.9878,106.5055,-179.8385,190.4546,-12.5683,-0.1899,0.1225
1779816507630,2,11.0000004b,Drive,Delivery,pitch.1,336495,0.0008,-0.0013,0.0169,0.0137,-0.0593,-0.005,0.0,0.0
1779816507630,2,12.00000015,Lower Delivery,Delivery,pitch.1,336215,7.9059,0.8581,106.2419,-216.0503,190.5099,-9.9217,-0.1904,-0.2159
1779816507630,2,12.00000018,Upper Delivery,Delivery,pitch.1,336771,-0.1214,0.1381,0.7281,-0.0884,-0.0304,-0.0012,0.0,0.0
1779816507630,2,Pitching Mound.Delivery,,Delivery,pitch.1,335975,7.7845,0.9962,106.9701,-180.264,190.4796,-12.6522,-0.1891,0.121
1779816507630,2,Pitching Mound.Drive,,Delivery,pitch.1,336495,0.0008,-0.0013,0.0169,0.0137,-0.0593,-0.005,0.0,0.0
1779816507630,2,Pitching Mound.Parent,,Delivery,pitch.1,335682,7.7851,0.9945,106.9885,-180.2473,190.4207,-12.6564,-0.189,0.1209
1779816507631,2,11.0000004b,Drive,Delivery,pitch.1,336496,0.0006,-0.001,0.0165,0.0139,-0.0619,-0.0022,0.0,0.0
1779816507631,2,12.00000015,Lower Delivery,Delivery,pitch.1,336216,7.9103,0.8678,106.3274,-216.3877,190.6087,-9.9262,-0.1903,-0.2161
1779816507631,2,12.00000018,Upper Delivery,Delivery,pitch.1,336772,-0.0531,0.1791,0.5937,-0.0884,-0.0304,-0.0012,0.0,0.0
1779816507631,2,Pitching Mound.Delivery,,Delivery,pitch.1,335976,7.8572,1.0468,106.9212,-180.5266,190.5783,-12.6349,-0.1893,0.1214
1779816507631,2,Pitching Mound.Drive,,Delivery,pitch.1,336496,0.0006,-0.001,0.0165,0.0139,-0.0619,-0.0022,0.0,0.0
1779816507631,2,Pitching Mound.Parent,,Delivery,pitch.1,335683,7.858,1.0456,106.938,-180.5129,190.519,-12.6399,-0.1892,0.1214
1779816507632,2,11.0000004b,Drive,Delivery,pitch.1,336497,0.0007,-0.0011,0.017,0.0139,-0.0611,-0.0036,0.0,0.0
1779816507632,2,12.00000015,Lower Delivery,Delivery,pitch.1,336217,7.9435,0.8807,106.382,-216.4952,190.3844,-9.912,-0.19,-0.216
1779816507632,2,12.00000018,Upper Delivery,Delivery,pitch.1,336773,-0.0652,0.1343,0.5183,-0.0884,-0.0304,-0.0012,0.0,0.0
1779816507632,2,Pitching Mound.Delivery,,Delivery,pitch.1,335977,7.8782,1.015,106.9004,-180.5899,190.354,-12.6362,-0.1891,0.1217
1779816507632,2,Pitching Mound.Drive,,Delivery,pitch.1,336497,0.0007,-0.0011,0.017,0.0139,-0.0611,-0.0036,0.0,0.0
1779816507632,2,Pitching Mound.Parent,,Delivery,pitch.1,335684,7.8788,1.014,106.9169,-180.576,190.2921,-12.6384,-0.189,0.1217
1779816507633,2,11.0000004b,Drive,Delivery,pitch.1,336498,0.0007,-0.0012,0.0173,0.0135,-0.0609,-0.0033,0.0,0.0
1779816507633,2,12.00000015,Lower Delivery,Delivery,pitch.1,336218,7.9325,0.881,106.3656,-216.4386,190.1555,-9.9262,-0.1898,-0.216
1779816507633,2,12.00000018,Upper Delivery,Delivery,pitch.1,336774,-0.076,0.0949,0.4488,-0.0884,-0.0304,-0.0012,0.0,0.0
1779816507633,2,Pitching Mound.Delivery,,Delivery,pitch.1,335978,7.8565,0.9758,106.8144,-180.5153,190.1251,-12.6503,-0.189,0.122
1779816507633,2,Pitching Mound.Drive,,Delivery,pitch.1,336498,0.0007,-0.0012,0.0173,0.0135,-0.0609,-0.0033,0.0,0.0
1779816507633,2,Pitching Mound.Parent,,Delivery,pitch.1,335685,7.8571,0.9747,106.8314,-180.5015,190.064,-12.6538,-0.189,0.122
1779816507634,2,11.0000004b,Drive,Delivery,pitch.1,336499,0.0005,-0.0012,0.0175,0.0138,-0.0616,-0.001,0.0,0.0
1779816507634,2,12.00000015,Lower Delivery,Delivery,pitch.1,336219,7.9461,0.881,106.4847,-216.8405,190.1537,-9.9217,-0.1896,-0.2162
1779816507634,2,12.00000018,Upper Delivery,Delivery,pitch.1,336775,-0.1432,0.0734,0.6668,-0.0884,-0.0304,-0.0012,0.0,0.0
1779816507634,2,Pitching Mound.Delivery,,Delivery,pitch.1,335979,7.8029,0.9544,107.1515,-180.9508,190.1234,-12.6732,-0.1884,0.1209
1779816507634,2,Pitching Mound.Drive,,Delivery,pitch.1,336499,0.0005,-0.0012,0.0175,0.0138,-0.0616,-0.001,0.0,0.0
1779816507634,2,Pitching Mound.Parent,,Delivery,pitch.1,335686,7.8036,0.9532,107.1688,-180.9373,190.0624,-12.6765,-0.1884,0.1209
1779816507635,2,11.0000004b,Drive,Delivery,pitch.1,336500,0.0006,-0.0012,0.0174,0.013,-0.061,-0.0011,0.0,0.0
1779816507635,2,12.00000015,Lower Delivery,Delivery,pitch.1,336220,7.9536,0.8857,106.5784,-217.1765,190.2896,-9.9011,-0.1895,-0.2163
1779816507635,2,12.00000018,Upper Delivery,Delivery,pitch.1,336776,-0.1511,0.0678,0.5884,-0.0884,-0.0304,-0.0012,0.0,0.0
1779816507635,2,Pitching Mound.Delivery,,Delivery,pitch.1,335980,7.8025,0.9535,107.1668,-181.2283,190.2592,-12.658,-0.1885,0.1211
1779816507635,2,Pitching Mound.Drive,,Delivery,pitch.1,336500,0.0006,-0.0012,0.0174,0.013,-0.061,-0.0011,0.0,0.0
1779816507635,2,Pitching Mound.Parent,,Delivery,pitch.1,335687,7.803,0.9523,107.1843,-181.2144,190.1977,-12.6589,-0.1885,0.1211
1779816507636,2,11.0000004b,Drive,Delivery,pitch.1,336501,0.0009,-0.0012,0.0176,0.0122,-0.061,-0.0009,0.0,0.0
1779816507636,2,12.00000015,Lower Delivery,Delivery,pitch.1,336221,7.9755,0.882,106.5064,-217.079,190.2844,-9.8913,-0.1897,-0.2164
1779816507636,2,12.00000018,Upper Delivery,Delivery,pitch.1,336777,-0.2795,-0.0241,0.7834,-0.0884,-0.0304,-0.0012,0.0,0.0
1779816507636,2,Pitching Mound.Delivery,,Delivery,pitch.1,335981,7.6961,0.858,107.2898,-181.2216,190.2541,-12.6992,-0.1883,0.1202
1779816507636,2,Pitching Mound.Drive,,Delivery,pitch.1,336501,0.0009,-0.0012,0.0176,0.0122,-0.061,-0.0009,0.0,0.0
1779816507636,2,Pitching Mound.Parent,,Delivery,pitch.1,335688,7.6967,0.8568,107.3073,-181.2085,190.1931,-12.7003,-0.1883,0.1202
1779816507637,2,11.0000004b,Drive,Delivery,pitch.1,336502,0.0007,-0.0012,0.0173,0.0125,-0.0606,-0.0003,0.0,0.0
1779816507637,2,12.00000015,Lower Delivery,Delivery,pitch.1,336222,7.9782,0.8795,106.5464,-217.3369,190.5224,-9.8782,-0.1898,-0.2166
1779816507637,2,12.00000018,Upper Delivery,Delivery,pitch.1,336778,-0.2931,-0.065,0.6145,-0.0884,-0.0304,-0.0012,0.0,0.0
1779816507637,2,Pitching Mound.Delivery,,Delivery,pitch.1,335982,7.6851,0.8145,107.1609,-181.4084,190.492,-12.6916,-0.1887,0.1208
1779816507637,2,Pitching Mound.Drive,,Delivery,pitch.1,336502,0.0007,-0.0012,0.0173,0.0125,-0.0606,-0.0003,0.0,0.0
1779816507637,2,Pitching Mound.Parent,,Delivery,pitch.1,335689,7.6859,0.8133,107.1784,-181.3963,190.431,-12.6925,-0.1887,0.1208
1779816507638,2,11.0000004b,Drive,Delivery,pitch.1,336503,0.0009,-0.0009,0.0165,0.0129,-0.0614,-0.0006,0.0,0.0
1779816507638,2,12.00000015,Lower Delivery,Delivery,pitch.1,336223,7.9884,0.8897,106.6541,-217.4662,190.9688,-9.8683,-0.1901,-0.2165
1779816507638,2,12.00000018,Upper Delivery,Delivery,pitch.1,336779,-0.3092,-0.1051,0.5589,-0.0884,-0.0304,-0.0012,0.0,0.0
1779816507638,2,Pitching Mound.Delivery,,Delivery,pitch.1,335983,7.6792,0.7846,107.2131,-181.4822,190.9384,-12.6906,-0.1891,0.1211
1779816507638,2,Pitching Mound.Drive,,Delivery,pitch.1,336503,0.0009,-0.0009,0.0165,0.0129,-0.0614,-0.0006,0.0,0.0
1779816507638,2,Pitching Mound.Parent,,Delivery,pitch.1,335690,7.6799,0.7834,107.2304,-181.4697,190.8779,-12.6909,-0.1891,0.1211
1779816507639,2,11.0000004b,Drive,Delivery,pitch.1,336504,0.0006,-0.0011,0.017,0.013,-0.0601,-0.0012,0.0,0.0
1779816507639,2,12.00000015,Lower Delivery,Delivery,pitch.1,336224,8.0036,0.8622,106.6674,-217.4776,190.9837,-9.8803,-0.1901,-0.2164
1779816507639,2,12.00000018,Upper Delivery,Delivery,pitch.1,336780,-0.3532,-0.1781,0.4795,-0.0884,-0.0304,-0.0012,0.0,0.0
1779816507639,2,Pitching Mound.Delivery,,Delivery,pitch.1,335984,7.6504,0.6841,107.1469,-181.4621,190.9533,-12.7228,-0.1892,0.1215
1779816507639,2,Pitching Mound.Drive,,Delivery,pitch.1,336504,0.0006,-0.0011,0.017,0.013,-0.0601,-0.0012,0.0,0.0
1779816507639,2,Pitching Mound.Parent,,Delivery,pitch.1,335691,7.6513,0.6832,107.1635,-181.4492,190.8919,-12.7234,-0.1892,0.1215
1779816507640,2,11.0000004b,Drive,Delivery,pitch.1,336505,0.0006,-0.0011,0.0171,0.0121,-0.0604,0.0004,0.0,0.0
1779816507640,2,12.00000015,Lower Delivery,Delivery,pitch.1,336225,8.0069,0.878,106.7335,-217.5497,191.2627,-9.8684,-0.1902,-0.2164
1779816507640,2,12.00000018,Upper Delivery,Delivery,pitch.1,336781,-0.2837,-0.1474,0.3703,-0.0884,-0.0304,-0.0012,0.0,0.0
1779816507640,2,Pitching Mound.Delivery,,Delivery,pitch.1,335985,7.7232,0.7306,107.1038,-181.4746,191.2324,-12.6883,-0.1896,0.122
1779816507640,2,Pitching Mound.Drive,,Delivery,pitch.1,336505,0.0006,-0.0011,0.0171,0.0121,-0.0604,0.0004,0.0,0.0
1779816507640,2,Pitching Mound.Parent,,Delivery,pitch.1,335692,7.7238,0.7295,107.1208,-181.4616,191.1723,-12.6896,-0.1896,0.122
1779816507641,2,11.0000004b,Drive,Delivery,pitch.1,336506,0.0006,-0.0012,0.0175,0.0133,-0.0609,0.0012,0.0,0.0
1779816507641,2,12.00000015,Lower Delivery,Delivery,pitch.1,336226,7.9917,0.874,106.7798,-217.7189,191.3395,-9.8762,-0.1902,-0.2165
1779816507641,2,12.00000018,Upper Delivery,Delivery,pitch.1,336782,-0.3131,-0.1618,0.4184,-0.0884,-0.0304,-0.0012,0.0,0.0
1779816507641,2,Pitching Mound.Delivery,,Delivery,pitch.1,335986,7.6786,0.7122,107.1982,-181.6443,191.3091,-12.701,-0.1895,0.1217
1779816507641,2,Pitching Mound.Drive,,Delivery,pitch.1,336506,0.0006,-0.0012,0.0175,0.0133,-0.0609,0.0012,0.0,0.0
1779816507641,2,Pitching Mound.Parent,,Delivery,pitch.1,335693,7.6792,0.7111,107.2153,-181.6322,191.2487,-12.7006,-0.1895,0.1217
1779816507642,2,11.0000004b,Drive,Delivery,pitch.1,336507,0.0007,-0.0013,0.0178,0.0147,-0.0593,0.0004,0.0,0.0
1779816507642,2,12.00000015,Lower Delivery,Delivery,pitch.1,336227,8.0096,0.8768,106.8202,-217.8683,191.8775,-9.8779,-0.1907,-0.2165
1779816507642,2,12.00000018,Upper Delivery,Delivery,pitch.1,336783,-0.31,-0.1671,0.3882,-0.0884,-0.0304,-0.0012,0.0,0.0
1779816507642,2,Pitching Mound.Delivery,,Delivery,pitch.1,335987,7.6996,0.7097,107.2084,-181.7698,191.8472,-12.7077,-0.19,0.1218
1779816507642,2,Pitching Mound.Drive,,Delivery,pitch.1,336507,0.0007,-0.0013,0.0178,0.0147,-0.0593,0.0004,0.0,0.0
1779816507642,2,Pitching Mound.Parent,,Delivery,pitch.1,335694,7.7001,0.7086,107.2259,-181.7566,191.7863,-12.7065,-0.19,0.1218
1779816507643,2,11.0000004b,Drive,Delivery,pitch.1,336508,0.0005,-0.0011,0.0175,0.0156,-0.0592,0.0005,0.0,0.0
1779816507643,2,12.00000015,Lower Delivery,Delivery,pitch.1,336228,7.9897,0.8564,106.8684,-217.8542,191.9059,-9.8553,-0.1906,-0.2164
1779816507643,2,12.00000018,Upper Delivery,Delivery,pitch.1,336784,-0.3088,-0.1542,0.4209,-0.0884,-0.0304,-0.0012,0.0,0.0
1779816507643,2,Pitching Mound.Delivery,,Delivery,pitch.1,335988,7.6809,0.7022,107.2892,-181.7504,191.8755,-12.678,-0.1899,0.1218
1779816507643,2,Pitching Mound.Drive,,Delivery,pitch.1,336508,0.0005,-0.0011,0.0175,0.0156,-0.0592,0.0005,0.0,0.0
1779816507643,2,Pitching Mound.Parent,,Delivery,pitch.1,335695,7.6816,0.7009,107.307,-181.7356,191.8162,-12.6776,-0.1899,0.1217
1779816507644,2,11.0000004b,Drive,Delivery,pitch.1,336509,0.0008,-0.0011,0.017,0.0138,-0.0593,0.0009,0.0,0.0
1779816507644,2,12.00000015,Lower Delivery,Delivery,pitch.1,336229,8.0174,0.8759,107.0174,-218.185,191.9186,-9.8138,-0.1904,-0.2164
1779816507644,2,12.00000018,Upper Delivery,Delivery,pitch.1,336785,-0.4068,-0.1805,0.6443,-0.0884,-0.0304,-0.0012,0.0,0.0
1779816507644,2,Pitching Mound.Delivery,,Delivery,pitch.1,335989,7.6105,0.6954,107.6617,-182.1065,191.8883,-12.6792,-0.1892,0.1208
1779816507644,2,Pitching Mound.Drive,,Delivery,pitch.1,336509,0.0008,-0.0011,0.017,0.0138,-0.0593,0.0009,0.0,0.0
1779816507644,2,Pitching Mound.Parent,,Delivery,pitch.1,335696,7.611,0.6943,107.6792,-182.0909,191.8291,-12.6787,-0.1892,0.1208
1779816507645,2,11.0000004b,Drive,Delivery,pitch.1,336510,0.0007,-0.001,0.0169,0.0154,-0.0587,0.0011,0.0,0.0
1779816507645,2,12.00000015,Lower Delivery,Delivery,pitch.1,336230,8.0228,0.8845,107.0889,-218.2303,191.9073,-9.8099,-0.1902,-0.2163
1779816507645,2,12.00000018,Upper Delivery,Delivery,pitch.1,336786,-0.3281,-0.1456,0.509,-0.0884,-0.0304,-0.0012,0.0,0.0
1779816507645,2,Pitching Mound.Delivery,,Delivery,pitch.1,335990,7.6947,0.7389,107.598,-182.0815,191.8769,-12.6504,-0.1893,0.1215
1779816507645,2,Pitching Mound.Drive,,Delivery,pitch.1,336510,0.0007,-0.001,0.0169,0.0154,-0.0587,0.0011,0.0,0.0
1779816507645,2,Pitching Mound.Parent,,Delivery,pitch.1,335697,7.6955,0.7379,107.615,-182.0677,191.8176,-12.6494,-0.1893,0.1214
1779816507646,2,11.0000004b,Drive,Delivery,pitch.1,336511,0.0001,-0.0008,0.0174,0.0203,-0.0584,0.0035,0.0,0.0
1779816507646,2,12.00000015,Lower Delivery,Delivery,pitch.1,336231,8.0285,0.8925,107.1251,-218.3845,191.772,-9.8389,-0.19,-0.2164
1779816507646,2,12.00000018,Upper Delivery,Delivery,pitch.1,336787,-0.3566,-0.13,0.6359,-0.0884,-0.0304,-0.0012,0.0,0.0
1779816507646,2,Pitching Mound.Delivery,,Delivery,pitch.1,335991,7.6719,0.7626,107.761,-182.2665,191.7416,-12.6911,-0.1889,0.1208
1779816507646,2,Pitching Mound.Drive,,Delivery,pitch.1,336511,0.0001,-0.0008,0.0174,0.0203,-0.0584,0.0035,0.0,0.0
1779816507646,2,Pitching Mound.Parent,,Delivery,pitch.1,335698,7.6726,0.7616,107.7779,-182.2512,191.6829,-12.6899,-0.1889,0.1208
1779816507647,2,11.0000004b,Drive,Delivery,pitch.1,336512,0.0001,-0.0008,0.0175,0.0232,-0.0576,0.0042,0.0,0.0
1779816507647,2,12.00000015,Lower Delivery,Delivery,pitch.1,336232,8.0314,0.8956,107.1028,-218.472,191.6914,-9.8158,-0.19,-0.2166
1779816507647,2,12.00000018,Upper Delivery,Delivery,pitch.1,336788,-0.3365,-0.1439,0.5362,-0.0884,-0.0304,-0.0012,0.0,0.0
1779816507647,2,Pitching Mound.Delivery,,Delivery,pitch.1,335992,7.6949,0.7517,107.639,-182.3277,191.661,-12.662,-0.1891,0.1211
1779816507647,2,Pitching Mound.Drive,,Delivery,pitch.1,336512,0.0001,-0.0008,0.0175,0.0232,-0.0576,0.0042,0.0,0.0
1779816507647,2,Pitching Mound.Parent,,Delivery,pitch.1,335699,7.695,0.7509,107.6563,-182.3074,191.6027,-12.6585,-0.189,0.1211
1779816507648,2,11.0000004b,Drive,Delivery,pitch.1,336513,-0.0011,-0.0034,0.0234,0.0265,-0.0586,0.0041,0.0,0.0
1779816507648,2,12.00000015,Lower Delivery,Delivery,pitch.1,336233,8.0405,0.8761,107.132,-218.5617,191.5928,-9.7812,-0.1899,-0.2166
1779816507648,2,12.00000018,Upper Delivery,Delivery,pitch.1,336789,-0.3772,-0.1145,0.7354,-0.0884,-0.0304,-0.0012,0.0,0.0
1779816507648,2,Pitching Mound.Delivery,,Delivery,pitch.1,335993,7.6633,0.7617,107.8673,-182.4752,191.5625,-12.6444,-0.1886,0.1203
1779816507648,2,Pitching Mound.Drive,,Delivery,pitch.1,336513,-0.0011,-0.0034,0.0234,0.0265,-0.0586,0.0041,0.0,0.0
1779816507648,2,Pitching Mound.Parent,,Delivery,pitch.1,335700,7.6634,0.7608,107.8848,-182.452,191.5049,-12.6402,-0.1885,0.1202
1779816507649,2,11.0000004b,Drive,Delivery,pitch.1,336514,-0.0008,-0.0025,0.022,0.0252,-0.0568,0.0048,0.0,0.0
1779816507649,2,12.00000015,Lower Delivery,Delivery,pitch.1,336234,8.0639,0.9108,107.2174,-218.851,191.767,-9.7748,-0.1899,-0.2167
1779816507649,2,12.00000018,Upper Delivery,Delivery,pitch.1,336790,-0.42,-0.1094,0.8998,-0.0884,-0.0304,-0.0012,0.0,0.0
1779816507649,2,Pitching Mound.Delivery,,Delivery,pitch.1,335994,7.6439,0.8014,108.1171,-182.7913,191.7367,-12.6605,-0.1883,0.1194
1779816507649,2,Pitching Mound.Drive,,Delivery,pitch.1,336514,-0.0008,-0.0025,0.022,0.0252,-0.0568,0.0048,0.0,0.0
1779816507649,2,Pitching Mound.Parent,,Delivery,pitch.1,335701,7.6428,0.798,108.1405,-182.7648,191.678,-12.6565,-0.1883,0.1194
1779816507650,2,11.0000004b,Drive,Delivery,pitch.1,336515,-0.0004,-0.0012,0.0191,0.0216,-0.059,0.0061,0.0,0.0
1779816507650,2,12.00000015,Lower Delivery,Delivery,pitch.1,336235,8.0667,0.9054,107.3244,-219.0757,191.5388,-9.7632,-0.1895,-0.2167
1779816507650,2,12.00000018,Upper Delivery,Delivery,pitch.1,336791,-0.4126,-0.0987,0.9471,-0.0884,-0.0304,-0.0012,0.0,0.0
1779816507650,2,Pitching Mound.Delivery,,Delivery,pitch.1,335995,7.654,0.8068,108.2714,-182.9958,191.5084,-12.6474,-0.1878,0.1192
1779816507650,2,Pitching Mound.Drive,,Delivery,pitch.1,336515,-0.0004,-0.0012,0.0191,0.0216,-0.059,0.0061,0.0,0.0
1779816507650,2,Pitching Mound.Parent,,Delivery,pitch.1,335702,7.6532,0.8042,108.2935,-182.9706,191.4517,-12.6426,-0.1878,0.1192
1779816507651,2,11.0000004b,Drive,Delivery,pitch.1,336516,-0.0012,-0.0033,0.0242,0.0335,-0.0559,0.0059,0.0,0.0
1779816507651,2,12.00000015,Lower Delivery,Delivery,pitch.1,336236,8.0497,0.8895,107.3866,-219.3175,191.4002,-9.7512,-0.1892,-0.2168
1779816507651,2,12.00000015,Lower Delivery,Delivery,pitch.1,336237,8.0666,0.8832,107.3905,-219.3084,191.5053,-9.7269,-0.1893,-0.2168
1779816507651,2,12.00000018,Upper Delivery,Delivery,pitch.1,336792,-0.4321,-0.0766,1.1023,-0.0884,-0.0304,-0.0012,0.0,0.0
1779816507651,2,Pitching Mound.Delivery,,Delivery,pitch.1,335996,7.6176,0.8129,108.489,-183.2692,191.3698,-12.6362,-0.1873,0.1185
1779816507651,2,Pitching Mound.Drive,,Delivery,pitch.1,336516,-0.0012,-0.0033,0.0242,0.0335,-0.0559,0.0059,0.0,0.0
1779816507651,2,Pitching Mound.Parent,,Delivery,pitch.1,335703,7.6172,0.8117,108.5081,-183.2476,191.3108,-12.6301,-0.1873,0.1185
1779816507652,2,11.0000004b,Drive,Delivery,pitch.1,336517,-0.001,-0.0032,0.0229,0.0225,-0.0579,0.0049,0.0,0.0
1779816507652,2,12.00000018,Upper Delivery,Delivery,pitch.1,336793,-0.4429,-0.0611,1.2487,-0.0884,-0.0304,-0.0012,0.0,0.0
1779816507652,2,Pitching Mound.Delivery,,Delivery,pitch.1,335997,7.6238,0.822,108.6392,-183.3085,191.475,-12.6213,-0.1871,0.1179
1779816507652,2,Pitching Mound.Drive,,Delivery,pitch.1,336517,-0.001,-0.0032,0.0229,0.0225,-0.0579,0.0049,0.0,0.0
1779816507652,2,Pitching Mound.Parent,,Delivery,pitch.1,335704,7.6226,0.8187,108.6634,-183.275,191.419,-12.6154,-0.1871,0.1178
1779816507653,2,11.0000004b,Drive,Delivery,pitch.1,336518,-0.001,-0.0034,0.0235,0.0166,-0.0578,0.0045,0.0,0.0
1779816507653,2,12.00000015,Lower Delivery,Delivery,pitch.1,336238,8.06,0.8472,107.4125,-219.4774,191.7652,-9.7615,-0.1895,-0.2169
1779816507653,2,12.00000015,Lower Delivery,Delivery,pitch.1,336239,8.0733,0.8657,107.4255,-219.5119,191.8136,-9.7312,-0.1896,-0.2169
1779816507653,2,12.00000018,Upper Delivery,Delivery,pitch.1,336794,-0.4367,-0.0537,1.3334,-0.0884,-0.0304,-0.0012,0.0,0.0
1779816507653,2,Pitching Mound.Delivery,,Delivery,pitch.1,335998,7.6233,0.7935,108.7458,-183.4989,191.7349,-12.6516,-0.1872,0.1174
1779816507653,2,Pitching Mound.Drive,,Delivery,pitch.1,336518,-0.001,-0.0034,0.0235,0.0166,-0.0578,0.0045,0.0,0.0
1779816507653,2,Pitching Mound.Parent,,Delivery,pitch.1,335705,7.6223,0.7904,108.7688,-183.4764,191.677,-12.6467,-0.1872,0.1174
1779816507654,2,11.0000004b,Drive,Delivery,pitch.1,336519,-0.0009,-0.0032,0.0226,0.0141,-0.0613,0.0015,0.0,0.0
1779816507654,2,12.00000015,Lower Delivery,Delivery,pitch.1,336240,8.0686,0.8612,107.4737,-219.6956,192.1391,-9.7608,-0.1898,-0.217
1779816507654,2,12.00000018,Upper Delivery,Delivery,pitch.1,336795,-0.4004,-0.0348,1.2673,-0.0884,-0.0304,-0.0012,0.0,0.0
1779816507654,2,Pitching Mound.Delivery,,Delivery,pitch.1,335999,7.6729,0.8309,108.6929,-183.5065,191.7832,-12.6135,-0.1873,0.1177
1779816507654,2,Pitching Mound.Drive,,Delivery,pitch.1,336519,-0.0009,-0.0032,0.0226,0.0141,-0.0613,0.0015,0.0,0.0
1779816507654,2,Pitching Mound.Parent,,Delivery,pitch.1,335706,7.6719,0.8276,108.7164,-183.4899,191.7254,-12.6089,-0.1873,0.1176
1779816507655,2,11.0000004b,Drive,Delivery,pitch.1,336520,-0.0004,-0.0015,0.0193,0.0129,-0.0598,-0.0003,0.0,0.0
1779816507655,2,12.00000015,Lower Delivery,Delivery,pitch.1,336241,8.0956,0.8677,107.6093,-220.0561,192.4069,-9.759,-0.1898,-0.2171
1779816507655,2,12.00000018,Upper Delivery,Delivery,pitch.1,336796,-0.322,-0.0048,1.0162,-0.0884,-0.0304,-0.0012,0.0,0.0
1779816507655,2,Pitching Mound.Delivery,,Delivery,pitch.1,336000,7.7466,0.8564,108.4899,-183.5884,192.1087,-12.6148,-0.188,0.1186
1779816507655,2,Pitching Mound.Drive,,Delivery,pitch.1,336520,-0.0004,-0.0015,0.0193,0.0129,-0.0598,-0.0003,0.0,0.0
1779816507655,2,Pitching Mound.Parent,,Delivery,pitch.1,335707,7.7458,0.8533,108.5126,-183.5743,192.0474,-12.6133,-0.188,0.1186
1779816507656,2,11.0000004b,Drive,Delivery,pitch.1,336521,-0.0006,-0.0016,0.02,0.0125,-0.0606,-0.0002,0.0,0.0
1779816507656,2,12.00000015,Lower Delivery,Delivery,pitch.1,336242,8.0864,0.8465,107.581,-220.0498,192.2504,-9.7535,-0.1897,-0.2171
1779816507656,2,12.00000018,Upper Delivery,Delivery,pitch.1,336797,-0.3491,-0.0305,1.0276,-0.0884,-0.0304,-0.0012,0.0,0.0
1779816507656,2,Pitching Mound.Delivery,,Delivery,pitch.1,336001,7.7465,0.8372,108.6369,-183.9067,192.3765,-12.6314,-0.188,0.1185
1779816507656,2,Pitching Mound.Drive,,Delivery,pitch.1,336521,-0.0006,-0.0016,0.02,0.0125,-0.0606,-0.0002,0.0,0.0
1779816507656,2,Pitching Mound.Parent,,Delivery,pitch.1,335708,7.7461,0.8356,108.6561,-183.8937,192.3167,-12.6317,-0.188,0.1185
1779816507657,2,11.0000004b,Drive,Delivery,pitch.1,336522,0.0,-0.0014,0.0184,0.0137,-0.0606,-0.0043,0.0,0.0
1779816507657,2,12.00000015,Lower Delivery,Delivery,pitch.1,336243,8.0972,0.8328,107.6779,-220.1765,192.3694,-9.7633,-0.1897,-0.2171
1779816507657,2,12.00000018,Upper Delivery,Delivery,pitch.1,336798,-0.3267,-0.0358,0.9151,-0.0884,-0.0304,-0.0012,0.0,0.0
1779816507657,2,Pitching Mound.Delivery,,Delivery,pitch.1,336002,7.7596,0.8108,108.4961,-183.8717,192.2201,-12.6151,-0.1881,0.1189
1779816507657,2,Pitching Mound.Drive,,Delivery,pitch.1,336522,0.0,-0.0014,0.0184,0.0137,-0.0606,-0.0043,0.0,0.0
1779816507657,2,Pitching Mound.Parent,,Delivery,pitch.1,335709,7.7591,0.8091,108.5161,-183.8592,192.1594,-12.6153,-0.1881,0.1189
1779816507658,2,11.0000004b,Drive,Delivery,pitch.1,336523,0.0001,-0.0011,0.0183,0.0135,-0.0616,-0.0025,0.0,0.0
1779816507658,2,12.00000018,Upper Delivery,Delivery,pitch.1,336799,-0.3935,-0.0624,1.0846,-0.0884,-0.0304,-0.0012,0.0,0.0
1779816507658,2,Pitching Mound.Delivery,,Delivery,pitch.1,336003,7.7037,0.7704,108.7625,-184.0231,192.339,-12.6514,-0.1878,0.1183
1779816507658,2,Pitching Mound.Drive,,Delivery,pitch.1,336523,0.0001,-0.0011,0.0183,0.0135,-0.0616,-0.0025,0.0,0.0
1779816507658,2,Pitching Mound.Parent,,Delivery,pitch.1,335710,7.7037,0.769,108.7809,-184.0093,192.2784,-12.6557,-0.1877,0.1183
1779816507659,2,11.0000004b,Drive,Delivery,pitch.1,336524,0.0005,-0.0009,0.0173,0.0123,-0.0597,-0.0017,0.0,0.0
1779816507659,2,12.00000015,Lower Delivery,Delivery,pitch.1,336244,8.0873,0.8375,107.633,-220.1051,192.445,-9.8153,-0.1898,-0.2171
1779816507659,2,12.00000015,Lower Delivery,Delivery,pitch.1,336245,8.0863,0.8486,107.8302,-220.3187,192.1954,-9.8342,-0.1892,-0.2169
1779816507659,2,12.00000018,Upper Delivery,Delivery,pitch.1,336800,-0.4065,-0.0631,1.131,-0.0884,-0.0304,-0.0012,0.0,0.0
1779816507659,2,Pitching Mound.Delivery,,Delivery,pitch.1,336004,7.6808,0.7743,108.764,-183.9827,192.4146,-12.7044,-0.1878,0.1181
1779816507659,2,Pitching Mound.Drive,,Delivery,pitch.1,336524,0.0005,-0.0009,0.0173,0.0123,-0.0597,-0.0017,0.0,0.0
1779816507659,2,Pitching Mound.Parent,,Delivery,pitch.1,335711,7.6809,0.7732,108.7823,-183.9693,192.353,-12.7069,-0.1878,0.1181
1779816507660,2,11.0000004b,Drive,Delivery,pitch.1,336525,0.0001,-0.0008,0.0176,0.0126,-0.0607,-0.0009,0.0,0.0
1779816507660,2,12.00000015,Lower Delivery,Delivery,pitch.1,336246,8.1027,0.8472,107.7853,-220.4903,192.5985,-9.9018,-0.1897,-0.2172
1779816507660,2,12.00000018,Upper Delivery,Delivery,pitch.1,336801,-0.4553,-0.1078,1.1673,-0.0884,-0.0304,-0.0012,0.0,0.0
1779816507660,2,Pitching Mound.Delivery,,Delivery,pitch.1,336005,7.6311,0.7408,108.9975,-184.1417,192.165,-12.7395,-0.1872,0.1181
1779816507660,2,Pitching Mound.Drive,,Delivery,pitch.1,336525,0.0001,-0.0008,0.0176,0.0126,-0.0607,-0.0009,0.0,0.0
1779816507660,2,Pitching Mound.Parent,,Delivery,pitch.1,335712,7.6316,0.7399,109.0148,-184.1294,192.1053,-12.7412,-0.1872,0.1181
1779816507661,2,11.0000004b,Drive,Delivery,pitch.1,336526,0.0008,-0.0008,0.0164,0.0113,-0.0589,-0.001,0.0,0.0
1779816507661,2,12.00000015,Lower Delivery,Delivery,pitch.1,336247,8.0901,0.8517,107.8524,-220.4491,192.666,-9.9424,-0.1896,-0.217
1779816507661,2,12.00000018,Upper Delivery,Delivery,pitch.1,336802,-0.4412,-0.0996,1.0379,-0.0884,-0.0304,-0.0012,0.0,0.0
1779816507661,2,Pitching Mound.Delivery,,Delivery,pitch.1,336006,7.6615,0.7477,108.8231,-184.2845,192.5681,-12.808,-0.1879,0.1184
1779816507661,2,Pitching Mound.Drive,,Delivery,pitch.1,336526,0.0008,-0.0008,0.0164,0.0113,-0.0589,-0.001,0.0,0.0
1779816507661,2,Pitching Mound.Parent,,Delivery,pitch.1,335713,7.6617,0.7468,108.8407,-184.272,192.5074,-12.8089,-0.1879,0.1184
1779816507662,2,11.0000004b,Drive,Delivery,pitch.1,336527,0.0009,-0.0008,0.0168,0.0092,-0.0554,0.0012,0.0,0.0
1779816507662,2,12.00000015,Lower Delivery,Delivery,pitch.1,336248,8.0685,0.8601,107.9629,-220.5306,192.4959,-9.9053,-0.1893,-0.2169
1779816507662,2,12.00000018,Upper Delivery,Delivery,pitch.1,336803,-0.5475,-0.1427,1.3221,-0.0884,-0.0304,-0.0012,0.0,0.0
1779816507662,2,Pitching Mound.Delivery,,Delivery,pitch.1,336007,7.5426,0.709,109.1744,-184.3172,192.6357,-12.8804,-0.1874,0.1174
1779816507662,2,Pitching Mound.Drive,,Delivery,pitch.1,336527,0.0009,-0.0008,0.0168,0.0092,-0.0554,0.0012,0.0,0.0
1779816507662,2,Pitching Mound.Parent,,Delivery,pitch.1,335714,7.5434,0.7083,109.1908,-184.3059,192.5768,-12.8814,-0.1873,0.1174
1779816507663,2,11.0000004b,Drive,Delivery,pitch.1,336528,0.0011,-0.0008,0.0171,0.0097,-0.0562,0.001,0.0,0.0
1779816507663,2,12.00000015,Lower Delivery,Delivery,pitch.1,336249,8.0683,0.8772,108.032,-220.6631,192.5726,-9.9149,-0.1892,-0.2168
1779816507663,2,12.00000018,Upper Delivery,Delivery,pitch.1,336804,-0.5352,-0.1254,1.3065,-0.0884,-0.0304,-0.0012,0.0,0.0
1779816507663,2,Pitching Mound.Delivery,,Delivery,pitch.1,336008,7.5333,0.7348,109.2694,-184.3558,192.4656,-12.8318,-0.187,0.1176
1779816507663,2,Pitching Mound.Drive,,Delivery,pitch.1,336528,0.0011,-0.0008,0.0171,0.0097,-0.0562,0.001,0.0,0.0
1779816507663,2,Pitching Mound.Parent,,Delivery,pitch.1,335715,7.5342,0.734,109.2862,-184.3467,192.4102,-12.8305,-0.187,0.1176
1779816507664,2,11.0000004b,Drive,Delivery,pitch.1,336529,0.001,-0.0008,0.0168,0.0102,-0.0581,0.0011,0.0,0.0
1779816507664,2,12.00000015,Lower Delivery,Delivery,pitch.1,336250,8.0514,0.8864,108.0889,-220.8,192.5231,-9.9722,-0.1891,-0.2169
1779816507664,2,12.00000018,Upper Delivery,Delivery,pitch.1,336805,-0.5587,-0.1333,1.3955,-0.0884,-0.0304,-0.0012,0.0,0.0
1779816507664,2,Pitching Mound.Delivery,,Delivery,pitch.1,336009,7.5096,0.7439,109.4275,-184.495,192.5422,-12.8493,-0.1868,0.1172
1779816507664,2,Pitching Mound.Drive,,Delivery,pitch.1,336529,0.001,-0.0008,0.0168,0.0102,-0.0581,0.0011,0.0,0.0
1779816507664,2,Pitching Mound.Parent,,Delivery,pitch.1,335716,7.5107,0.7431,109.4446,-184.4853,192.486,-12.8482,-0.1868,0.1172
1779816507665,2,11.0000004b,Drive,Delivery,pitch.1,336530,0.001,-0.0008,0.0166,0.0099,-0.0564,0.0011,0.0,0.0
1779816507665,2,12.00000015,Lower Delivery,Delivery,pitch.1,336251,8.0583,0.8904,108.2022,-220.9188,192.1643,-10.0109,-0.1885,-0.2168
1779816507665,2,12.00000018,Upper Delivery,Delivery,pitch.1,336806,-0.5806,-0.1779,1.2936,-0.0884,-0.0304,-0.0012,0.0,0.0
1779816507665,2,Pitching Mound.Delivery,,Delivery,pitch.1,336010,7.4708,0.7085,109.3825,-184.5779,192.4927,-12.9083,-0.1869,0.1177
1779816507665,2,Pitching Mound.Drive,,Delivery,pitch.1,336530,0.001,-0.0008,0.0166,0.0099,-0.0564,0.0011,0.0,0.0
1779816507665,2,Pitching Mound.Parent,,Delivery,pitch.1,335717,7.4718,0.7077,109.3993,-184.5677,192.4347,-12.9072,-0.1868,0.1176
1779816507666,2,11.0000004b,Drive,Delivery,pitch.1,336531,0.0007,-0.0009,0.0176,0.0095,-0.0568,0.0028,0.0,0.0
1779816507666,2,12.00000015,Lower Delivery,Delivery,pitch.1,336252,8.0529,0.8931,108.1919,-221.1086,192.3756,-10.0289,-0.1888,-0.217
1779816507666,2,12.00000018,Upper Delivery,Delivery,pitch.1,336807,-0.5669,-0.1514,1.3567,-0.0884,-0.0304,-0.0012,0.0,0.0
1779816507666,2,Pitching Mound.Delivery,,Delivery,pitch.1,336011,7.4914,0.739,109.5589,-184.6796,192.1339,-12.9447,-0.1862,0.1175
1779816507666,2,Pitching Mound.Drive,,Delivery,pitch.1,336531,0.0007,-0.0009,0.0176,0.0095,-0.0568,0.0028,0.0,0.0
1779816507666,2,Pitching Mound.Parent,,Delivery,pitch.1,335718,7.4924,0.7382,109.5755,-184.6697,192.0775,-12.9436,-0.1862,0.1175
1779816507667,2,11.0000004b,Drive,Delivery,pitch.1,336532,0.001,-0.0009,0.0174,0.0078,-0.0534,0.0034,0.0,0.0
1779816507667,2,12.00000015,Lower Delivery,Delivery,pitch.1,336253,8.0321,0.8979,108.2916,-221.2465,192.6431,-10.1011,-0.1889,-0.2169
1779816507667,2,12.00000018,Upper Delivery,Delivery,pitch.1,336808,-0.5053,-0.0993,1.3073,-0.0884,-0.0304,-0.0012,0.0,0.0
1779816507667,2,Pitching Mound.Delivery,,Delivery,pitch.1,336012,7.5475,0.7938,109.4992,-184.8562,192.3452,-12.9399,-0.1865,0.1175
1779816507667,2,Pitching Mound.Drive,,Delivery,pitch.1,336532,0.001,-0.0009,0.0174,0.0078,-0.0534,0.0034,0.0,0.0
1779816507667,2,Pitching Mound.Parent,,Delivery,pitch.1,335719,7.5482,0.793,109.5168,-184.8467,192.2884,-12.9371,-0.1865,0.1175
1779816507668,2,11.0000004b,Drive,Delivery,pitch.1,336533,0.0011,-0.0007,0.0166,0.0073,-0.0533,0.0048,0.0,0.0
1779816507668,2,12.00000015,Lower Delivery,Delivery,pitch.1,336254,8.0359,0.9047,108.3864,-221.4084,192.8069,-10.0836,-0.1889,-0.2169
1779816507668,2,12.00000018,Upper Delivery,Delivery,pitch.1,336809,-0.435,-0.0511,1.169,-0.0884,-0.0304,-0.0012,0.0,0.0
1779816507668,2,Pitching Mound.Delivery,,Delivery,pitch.1,336013,7.5971,0.8469,109.4606,-184.9131,192.6128,-12.9811,-0.1868,0.1182
1779816507668,2,Pitching Mound.Drive,,Delivery,pitch.1,336533,0.0011,-0.0007,0.0166,0.0073,-0.0533,0.0048,0.0,0.0
1779816507668,2,Pitching Mound.Parent,,Delivery,pitch.1,335720,7.5981,0.846,109.478,-184.9053,192.5594,-12.9777,-0.1868,0.1181
1779816507669,2,11.0000004b,Drive,Delivery,pitch.1,336534,0.0008,-0.0008,0.0165,0.0082,-0.0548,0.003,0.0,0.0
1779816507669,2,12.00000015,Lower Delivery,Delivery,pitch.1,336255,8.0448,0.9146,108.4735,-221.7591,193.1943,-10.1052,-0.1891,-0.217
1779816507669,2,12.00000018,Upper Delivery,Delivery,pitch.1,336810,-0.465,-0.1218,1.1148,-0.0884,-0.0304,-0.0012,0.0,0.0
1779816507669,2,Pitching Mound.Delivery,,Delivery,pitch.1,336014,7.5709,0.7829,109.5012,-185.0244,192.7765,-12.9751,-0.1869,0.1184
1779816507669,2,Pitching Mound.Drive,,Delivery,pitch.1,336534,0.0008,-0.0008,0.0165,0.0082,-0.0548,0.003,0.0,0.0
1779816507669,2,Pitching Mound.Parent,,Delivery,pitch.1,335721,7.572,0.7822,109.5178,-185.0171,192.7232,-12.9703,-0.1869,0.1184
1779816507670,2,11.0000004b,Drive,Delivery,pitch.1,336535,0.0008,-0.0008,0.0161,0.0092,-0.0558,0.0039,0.0,0.0
1779816507670,2,12.00000015,Lower Delivery,Delivery,pitch.1,336256,8.0522,0.9069,108.5279,-222.0939,193.2467,-10.1288,-0.189,-0.2173
1779816507670,2,12.00000018,Upper Delivery,Delivery,pitch.1,336811,-0.3944,-0.0667,0.9704,-0.0884,-0.0304,-0.0012,0.0,0.0
1779816507670,2,Pitching Mound.Delivery,,Delivery,pitch.1,336015,7.6504,0.8478,109.4438,-185.2965,193.1639,-12.9757,-0.1874,0.1189
1779816507670,2,Pitching Mound.Drive,,Delivery,pitch.1,336535,0.0008,-0.0008,0.0161,0.0092,-0.0558,0.0039,0.0,0.0
1779816507670,2,Pitching Mound.Parent,,Delivery,pitch.1,335722,7.6512,0.847,109.4604,-185.2882,193.1091,-12.9727,-0.1874,0.1188
1779816507671,2,11.0000004b,Drive,Delivery,pitch.1,336536,0.0006,-0.0007,0.0157,0.0092,-0.0565,0.0032,0.0,0.0
1779816507671,2,12.00000015,Lower Delivery,Delivery,pitch.1,336257,8.0333,0.9165,108.5848,-222.239,193.2923,-10.1646,-0.189,-0.2173
1779816507671,2,12.00000018,Upper Delivery,Delivery,pitch.1,336812,-0.3472,-0.0332,0.8557,-0.0884,-0.0304,-0.0012,0.0,0.0
1779816507671,2,Pitching Mound.Delivery,,Delivery,pitch.1,336016,7.705,0.8737,109.3835,-185.5737,193.2163,-12.9858,-0.1876,0.1191
1779816507671,2,Pitching Mound.Drive,,Delivery,pitch.1,336536,0.0006,-0.0007,0.0157,0.0092,-0.0565,0.0032,0.0,0.0
1779816507671,2,Pitching Mound.Parent,,Delivery,pitch.1,335723,7.7057,0.8729,109.3996,-185.5645,193.1606,-12.9819,-0.1875,0.1191
1779816507672,2,11.0000004b,Drive,Delivery,pitch.1,336537,-0.0005,-0.0033,0.0219,0.0098,-0.0559,0.0026,0.0,0.0
1779816507672,2,12.00000015,Lower Delivery,Delivery,pitch.1,336258,8.0274,0.9279,108.738,-222.4891,193.1589,-10.1417,-0.1886,-0.2172
1779816507672,2,12.00000018,Upper Delivery,Delivery,pitch.1,336813,-0.3684,-0.0277,0.9782,-0.0884,-0.0304,-0.0012,0.0,0.0
1779816507672,2,Pitching Mound.Delivery,,Delivery,pitch.1,336017,7.665,0.8888,109.563,-185.7412,193.2619,-13.0224,-0.1873,0.1186
1779816507672,2,Pitching Mound.Drive,,Delivery,pitch.1,336537,-0.0005,-0.0033,0.0219,0.0098,-0.0559,0.0026,0.0,0.0
1779816507672,2,Pitching Mound.Parent,,Delivery,pitch.1,335724,7.6656,0.8881,109.5787,-185.7319,193.2055,-13.0192,-0.1873,0.1186
1779816507673,2,11.0000004b,Drive,Delivery,pitch.1,336538,-0.0011,-0.0057,0.0264,0.0104,-0.0583,0.0043,0.0,0.0
1779816507673,2,12.00000015,Lower Delivery,Delivery,pitch.1,336259,8.0479,0.9373,108.721,-222.6525,193.6107,-10.2303,-0.1891,-0.2174
1779816507673,2,12.00000018,Upper Delivery,Delivery,pitch.1,336814,-0.3768,-0.0223,1.0444,-0.0884,-0.0304,-0.0012,0.0,0.0
1779816507673,2,12.00000018,Upper Delivery,Delivery,pitch.1,336815,-0.3624,-0.0355,1.0066,-0.0884,-0.0304,-0.0012,0.0,0.0
1779816507673,2,Pitching Mound.Delivery,,Delivery,pitch.1,336019,7.6855,0.9017,109.7276,-186.118,193.5804,-13.091,-0.1873,0.1183
1779816507673,2,Pitching Mound.Delivery,,Delivery,pitch.1,336018,7.6506,0.9057,109.7824,-185.9616,193.1285,-13.0003,-0.1868,0.1184
1779816507673,2,Pitching Mound.Drive,,Delivery,pitch.1,336538,-0.0011,-0.0057,0.0264,0.0104,-0.0583,0.0043,0.0,0.0
1779816507673,2,Pitching Mound.Parent,,Delivery,pitch.1,335726,7.6843,0.8961,109.754,-186.1076,193.5221,-13.0867,-0.1873,0.1183
1779816507673,2,Pitching Mound.Parent,,Delivery,pitch.1,335725,7.6501,0.9024,109.8043,-185.9518,193.0726,-12.9977,-0.1868,0.1184
1779816507674,2,11.0000004b,Drive,Delivery,pitch.1,336539,-0.0028,-0.0108,0.0374,0.0119,-0.0585,0.0044,0.0,0.0
1779816507674,2,12.00000015,Lower Delivery,Delivery,pitch.1,336260,8.0262,0.9619,108.8758,-222.8572,193.4384,-10.2345,-0.1886,-0.2173
1779816507674,2,12.00000018,Upper Delivery,Delivery,pitch.1,336816,-0.3175,0.0456,1.1139,-0.0884,-0.0304,-0.0012,0.0,0.0
1779816507674,2,Pitching Mound.Delivery,,Delivery,pitch.1,336020,7.7087,1.0075,109.9897,-186.3065,193.408,-13.0726,-0.1867,0.118
1779816507674,2,Pitching Mound.Drive,,Delivery,pitch.1,336539,-0.0028,-0.0108,0.0374,0.0119,-0.0585,0.0044,0.0,0.0
1779816507674,2,Pitching Mound.Parent,,Delivery,pitch.1,335727,7.7058,0.9966,110.0271,-186.2945,193.3495,-13.0682,-0.1866,0.118
1779816507675,2,11.0000004b,Drive,Delivery,pitch.1,336540,-0.0034,-0.0122,0.0415,0.0155,-0.0585,0.0076,0.0,0.0
1779816507675,2,12.00000015,Lower Delivery,Delivery,pitch.1,336261,8.0252,0.9612,108.8645,-223.0262,193.4746,-10.2169,-0.1887,-0.2175
1779816507675,2,Pitching Mound.Drive,,Delivery,pitch.1,336540,-0.0034,-0.0122,0.0415,0.0155,-0.0585,0.0076,0.0,0.0
1779816507676,2,11.0000004b,Drive,Delivery,pitch.1,336541,-0.0035,-0.0118,0.0408,0.0216,-0.059,0.0082,0.0,0.0
1779816507676,2,12.00000015,Lower Delivery,Delivery,pitch.1,336262,8.0057,0.9456,108.844,-223.0312,193.9364,-10.2819,-0.1892,-0.2175
1779816507676,2,12.00000018,Upper Delivery,Delivery,pitch.1,336817,-0.2981,0.1269,1.3532,-0.0884,-0.0304,-0.0012,0.0,0.0
1779816507676,2,12.00000018,Upper Delivery,Delivery,pitch.1,336818,-0.3071,0.1182,1.3855,-0.0884,-0.0304,-0.0012,0.0,0.0
1779816507676,2,Pitching Mound.Delivery,,Delivery,pitch.1,336022,7.6986,1.0639,110.2294,-186.5837,193.906,-13.1095,-0.1868,0.1167
1779816507676,2,Pitching Mound.Delivery,,Delivery,pitch.1,336021,7.7271,1.088,110.2177,-186.5607,193.4443,-13.048,-0.1864,0.1168
1779816507676,2,Pitching Mound.Drive,,Delivery,pitch.1,336541,-0.0035,-0.0118,0.0408,0.0216,-0.059,0.0082,0.0,0.0
1779816507676,2,Pitching Mound.Parent,,Delivery,pitch.1,335729,7.6951,1.0521,110.2702,-186.562,193.847,-13.1013,-0.1867,0.1166
1779816507676,2,Pitching Mound.Parent,,Delivery,pitch.1,335728,7.7237,1.0758,110.2592,-186.5452,193.3857,-13.0404,-0.1863,0.1168
1779816507677,2,11.0000004b,Drive,Delivery,pitch.1,336542,-0.0036,-0.0139,0.0447,0.0139,-0.0608,0.0026,0.0,0.0
1779816507677,2,12.00000015,Lower Delivery,Delivery,pitch.1,336263,7.9957,0.9526,108.8667,-223.1931,194.1386,-10.2826,-0.1893,-0.2176
1779816507677,2,Pitching Mound.Drive,,Delivery,pitch.1,336542,-0.0036,-0.0139,0.0447,0.0139,-0.0608,0.0026,0.0,0.0
1779816507678,2,11.0000004b,Drive,Delivery,pitch.1,336543,-0.003,-0.0109,0.0389,0.0169,-0.0606,0.002,0.0,0.0
1779816507678,2,12.00000015,Lower Delivery,Delivery,pitch.1,336264,7.9875,0.9538,108.869,-223.2078,193.9028,-10.3171,-0.1891,-0.2177
1779816507678,2,12.00000018,Upper Delivery,Delivery,pitch.1,336819,-0.2303,0.137,1.0815,-0.0884,-0.0304,-0.0012,0.0,0.0
1779816507678,2,Pitching Mound.Delivery,,Delivery,pitch.1,336023,7.7655,1.0896,109.9482,-186.6345,194.1082,-13.0806,-0.1875,0.1178
1779816507678,2,Pitching Mound.Drive,,Delivery,pitch.1,336543,-0.003,-0.0109,0.0389,0.0169,-0.0606,0.002,0.0,0.0
1779816507678,2,Pitching Mound.Parent,,Delivery,pitch.1,335730,7.7618,1.0757,109.9929,-186.6207,194.0475,-13.078,-0.1874,0.1178
1779816507679,2,11.0000004b,Drive,Delivery,pitch.1,336544,-0.0034,-0.0123,0.042,0.0203,-0.0598,0.0022,0.0,0.0
1779816507679,2,12.00000015,Lower Delivery,Delivery,pitch.1,336265,7.9962,0.9527,108.9514,-223.4432,193.8984,-10.3726,-0.1889,-0.2177
1779816507679,2,12.00000018,Upper Delivery,Delivery,pitch.1,336820,-0.2424,0.1206,1.1614,-0.0884,-0.0304,-0.0012,0.0,0.0
1779816507679,2,Pitching Mound.Delivery,,Delivery,pitch.1,336024,7.7451,1.0745,110.0303,-186.6756,193.8724,-13.1165,-0.1871,0.1175
1779816507679,2,Pitching Mound.Drive,,Delivery,pitch.1,336544,-0.0034,-0.0123,0.042,0.0203,-0.0598,0.0022,0.0,0.0
1779816507679,2,Pitching Mound.Parent,,Delivery,pitch.1,335731,7.7417,1.0622,110.0723,-186.6553,193.8126,-13.1143,-0.187,0.1174
1779816507680,2,11.0000004b,Drive,Delivery,pitch.1,336545,-0.0037,-0.013,0.0447,0.0194,-0.0615,0.0034,0.0,0.0
1779816507680,2,12.00000015,Lower Delivery,Delivery,pitch.1,336266,7.9684,0.949,108.9414,-223.5414,193.7356,-10.4185,-0.1888,-0.2178
1779816507680,2,12.00000018,Upper Delivery,Delivery,pitch.1,336821,-0.1422,0.1675,0.87,-0.0884,-0.0304,-0.0012,0.0,0.0
1779816507680,2,Pitching Mound.Delivery,,Delivery,pitch.1,336025,7.854,1.1203,109.8214,-186.7839,193.8681,-13.1409,-0.1874,0.1186
1779816507680,2,Pitching Mound.Drive,,Delivery,pitch.1,336545,-0.0037,-0.013,0.0447,0.0194,-0.0615,0.0034,0.0,0.0
1779816507680,2,Pitching Mound.Parent,,Delivery,pitch.1,335732,7.8503,1.1072,109.8661,-186.7646,193.8066,-13.1375,-0.1874,0.1186
1779816507681,2,11.0000004b,Drive,Delivery,pitch.1,336546,-0.0031,-0.0103,0.0392,0.023,-0.0635,0.0022,0.0,0.0
1779816507681,2,12.00000015,Lower Delivery,Delivery,pitch.1,336267,7.9449,0.9394,108.9499,-223.6358,193.5608,-10.454,-0.1886,-0.2179
1779816507681,2,12.00000018,Upper Delivery,Delivery,pitch.1,336822,-0.0491,0.1681,0.5337,-0.0884,-0.0304,-0.0012,0.0,0.0
1779816507681,2,Pitching Mound.Delivery,,Delivery,pitch.1,336026,7.9193,1.1171,109.4751,-186.7711,193.7052,-13.1457,-0.1879,0.1199
1779816507681,2,Pitching Mound.Drive,,Delivery,pitch.1,336546,-0.0031,-0.0103,0.0392,0.023,-0.0635,0.0022,0.0,0.0
1779816507681,2,Pitching Mound.Parent,,Delivery,pitch.1,335733,7.9162,1.1068,109.5143,-186.7481,193.6417,-13.1435,-0.1878,0.1199
1779816507682,2,11.0000004b,Drive,Delivery,pitch.1,336547,-0.0029,-0.0101,0.0375,0.0189,-0.0646,-0.0014,0.0,0.0
1779816507682,2,12.00000015,Lower Delivery,Delivery,pitch.1,336268,7.9484,0.9257,109.0167,-223.8728,193.42,-10.4892,-0.1884,-0.218
1779816507682,2,12.00000018,Upper Delivery,Delivery,pitch.1,336823,-0.0467,0.156,0.4591,-0.0884,-0.0304,-0.0012,0.0,0.0
1779816507682,2,Pitching Mound.Delivery,,Delivery,pitch.1,336027,7.8982,1.0954,109.409,-186.8373,193.5305,-13.1723,-0.1878,0.1201
1779816507682,2,Pitching Mound.Drive,,Delivery,pitch.1,336547,-0.0029,-0.0101,0.0375,0.0189,-0.0646,-0.0014,0.0,0.0
1779816507682,2,Pitching Mound.Parent,,Delivery,pitch.1,335734,7.8953,1.0853,109.4465,-186.8184,193.4659,-13.1737,-0.1878,0.1201
1779816507683,2,11.0000004b,Drive,Delivery,pitch.1,336548,-0.0016,-0.0068,0.0293,0.0189,-0.0653,-0.0014,0.0,0.0
1779816507683,2,12.00000015,Lower Delivery,Delivery,pitch.1,336269,7.9289,0.9245,109.1148,-224.028,193.4511,-10.5418,-0.1882,-0.218
1779816507683,2,12.00000018,Upper Delivery,Delivery,pitch.1,336824,-0.0137,0.1328,0.2932,-0.0884,-0.0304,-0.0012,0.0,0.0
1779816507683,2,Pitching Mound.Delivery,,Delivery,pitch.1,336028,7.9347,1.0586,109.3099,-186.9952,193.3897,-13.1975,-0.1879,0.1207
1779816507683,2,Pitching Mound.Drive,,Delivery,pitch.1,336548,-0.0016,-0.0068,0.0293,0.0189,-0.0653,-0.0014,0.0,0.0
1779816507683,2,Pitching Mound.Parent,,Delivery,pitch.1,335735,7.9331,1.0518,109.3392,-186.9763,193.3244,-13.1989,-0.1878,0.1207
1779816507684,2,11.0000004b,Drive,Delivery,pitch.1,336549,-0.0009,-0.0043,0.0247,0.0175,-0.064,-0.0039,0.0,0.0
1779816507684,2,12.00000015,Lower Delivery,Delivery,pitch.1,336270,7.9156,0.9028,109.2126,-224.3154,193.466,-10.6034,-0.1881,-0.2181
1779816507684,2,12.00000018,Upper Delivery,Delivery,pitch.1,336825,-0.004,0.1186,0.2309,-0.0884,-0.0304,-0.0012,0.0,0.0
1779816507684,2,Pitching Mound.Delivery,,Delivery,pitch.1,336029,7.9249,1.0431,109.3457,-187.0959,193.4207,-13.2402,-0.1878,0.1211
1779816507684,2,Pitching Mound.Drive,,Delivery,pitch.1,336549,-0.0009,-0.0043,0.0247,0.0175,-0.064,-0.0039,0.0,0.0
1779816507684,2,Pitching Mound.Parent,,Delivery,pitch.1,335736,7.924,1.0388,109.3703,-187.0784,193.3568,-13.2441,-0.1878,0.121
1779816507685,2,11.0000004b,Drive,Delivery,pitch.1,336550,-0.0004,-0.0034,0.0222,0.0158,-0.0623,-0.0052,0.0,0.0
1779816507685,2,12.00000015,Lower Delivery,Delivery,pitch.1,336271,7.9025,0.8707,109.2241,-224.5921,193.2,-10.6186,-0.1878,-0.2183
1779816507685,2,12.00000018,Upper Delivery,Delivery,pitch.1,336826,-0.007,0.0967,0.1695,-0.0884,-0.0304,-0.0012,0.0,0.0
1779816507685,2,Pitching Mound.Delivery,,Delivery,pitch.1,336030,7.9086,0.9995,109.3821,-187.3291,193.4356,-13.2983,-0.1878,0.1212
1779816507685,2,Pitching Mound.Drive,,Delivery,pitch.1,336550,-0.0004,-0.0034,0.0222,0.0158,-0.0623,-0.0052,0.0,0.0
1779816507685,2,Pitching Mound.Parent,,Delivery,pitch.1,335737,7.9082,0.9961,109.4043,-187.3132,193.3733,-13.3035,-0.1877,0.1212
1779816507686,2,11.0000004b,Drive,Delivery,pitch.1,336551,0.0001,-0.0029,0.0216,0.0161,-0.0612,-0.0062,0.0,0.0
1779816507686,2,12.00000015,Lower Delivery,Delivery,pitch.1,336272,7.8968,0.8886,109.3257,-224.6693,193.1014,-10.7024,-0.1875,-0.2182
1779816507686,2,12.00000018,Upper Delivery,Delivery,pitch.1,336827,-0.0125,0.0881,0.1554,-0.0884,-0.0304,-0.0012,0.0,0.0
1779816507686,2,Pitching Mound.Delivery,,Delivery,pitch.1,336031,7.89,0.9588,109.3795,-187.5971,193.1696,-13.3109,-0.1875,0.121
1779816507686,2,Pitching Mound.Drive,,Delivery,pitch.1,336551,0.0001,-0.0029,0.0216,0.0161,-0.0612,-0.0062,0.0,0.0
1779816507686,2,Pitching Mound.Parent,,Delivery,pitch.1,335738,7.8901,0.9559,109.4011,-187.581,193.1084,-13.3171,-0.1875,0.121
1779816507687,2,11.0000004b,Drive,Delivery,pitch.1,336552,0.0005,-0.0013,0.0178,0.0169,-0.0608,-0.0072,0.0,0.0
1779816507687,2,11.0000004b,Drive,Delivery,pitch.1,336553,0.0008,-0.0016,0.0182,0.0157,-0.0605,-0.0056,0.0,0.0
1779816507687,2,12.00000018,Upper Delivery,Delivery,pitch.1,336828,-0.0098,0.1021,0.1881,-0.0884,-0.0304,-0.0012,0.0,0.0
1779816507687,2,12.00000018,Upper Delivery,Delivery,pitch.1,336829,-0.0087,0.1344,0.2596,-0.0884,-0.0304,-0.0012,0.0,0.0
1779816507687,2,Pitching Mound.Delivery,,Delivery,pitch.1,336032,7.887,0.9908,109.5138,-187.6509,193.0711,-13.3919,-0.1872,0.121
1779816507687,2,Pitching Mound.Drive,,Delivery,pitch.1,336552,0.0005,-0.0013,0.0178,0.0169,-0.0608,-0.0072,0.0,0.0
1779816507687,2,Pitching Mound.Drive,,Delivery,pitch.1,336553,0.0008,-0.0016,0.0182,0.0157,-0.0605,-0.0056,0.0,0.0
1779816507687,2,Pitching Mound.Parent,,Delivery,pitch.1,335739,7.8875,0.9895,109.5316,-187.634,193.0102,-13.399,-0.1872,0.121
1779816507688,2,12.00000015,Lower Delivery,Delivery,pitch.1,336273,7.8983,0.9024,109.4168,-224.9722,193.0841,-10.7321,-0.1873,-0.2183
1779816507688,2,Pitching Mound.Delivery,,Delivery,pitch.1,336033,7.8897,1.0368,109.6764,-187.9472,193.0538,-13.4216,-0.1869,0.1206
1779816507688,2,Pitching Mound.Parent,,Delivery,pitch.1,335740,7.8905,1.0352,109.6946,-187.9314,192.9932,-13.4273,-0.1869,0.1206
1779816507689,2,11.0000004b,Drive,Delivery,pitch.1,336554,-0.0002,-0.0048,0.025,0.0159,-0.06,-0.0057,0.0,0.0
1779816507689,2,12.00000015,Lower Delivery,Delivery,pitch.1,336274,7.8815,0.9051,109.5888,-225.3128,192.9077,-10.7667,-0.1869,-0.2183
1779816507689,2,12.00000018,Upper Delivery,Delivery,pitch.1,336830,-0.0062,0.1695,0.3146,-0.0884,-0.0304,-0.0012,0.0,0.0
1779816507689,2,Pitching Mound.Delivery,,Delivery,pitch.1,336034,7.8754,1.0746,109.9035,-188.2479,192.8773,-13.4497,-0.1863,0.1204
1779816507689,2,Pitching Mound.Drive,,Delivery,pitch.1,336554,-0.0002,-0.0048,0.025,0.0159,-0.06,-0.0057,0.0,0.0
1779816507689,2,Pitching Mound.Parent,,Delivery,pitch.1,335741,7.8751,1.0698,109.9284,-188.232,192.8173,-13.4555,-0.1863,0.1204
1779816507690,2,11.0000004b,Drive,Delivery,pitch.1,336556,0.0004,-0.0022,0.0198,0.0158,-0.0587,-0.0053,0.0,0.0
1779816507690,2,11.0000004b,Drive,Delivery,pitch.1,336555,0.0001,-0.0035,0.0225,0.0164,-0.0595,-0.0063,0.0,0.0
1779816507690,2,12.00000015,Lower Delivery,Delivery,pitch.1,336276,7.8298,0.9221,109.6765,-225.7286,192.9207,-10.8166,-0.1867,-0.2185
1779816507690,2,12.00000015,Lower Delivery,Delivery,pitch.1,336275,7.8847,0.9272,109.6713,-225.5591,192.9688,-10.7978,-0.1868,-0.2183
1779816507690,2,12.00000018,Upper Delivery,Delivery,pitch.1,336831,-0.0815,0.1952,0.5306,-0.0884,-0.0304,-0.0012,0.0,0.0
1779816507690,2,Pitching Mound.Delivery,,Delivery,pitch.1,336035,7.8033,1.1225,110.2018,-188.5396,192.9385,-13.5075,-0.1859,0.1194
1779816507690,2,Pitching Mound.Drive,,Delivery,pitch.1,336556,0.0004,-0.0022,0.0198,0.0158,-0.0587,-0.0053,0.0,0.0
1779816507690,2,Pitching Mound.Drive,,Delivery,pitch.1,336555,0.0001,-0.0035,0.0225,0.0164,-0.0595,-0.0063,0.0,0.0
1779816507690,2,Pitching Mound.Parent,,Delivery,pitch.1,335742,7.8034,1.119,110.2244,-188.5232,192.8789,-13.5137,-0.1859,0.1194
1779816507691,2,12.00000018,Upper Delivery,Delivery,pitch.1,336832,-0.0674,0.2318,0.5721,-0.0884,-0.0304,-0.0012,0.0,0.0
1779816507691,2,12.00000018,Upper Delivery,Delivery,pitch.1,336833,-0.1968,0.2065,0.9541,-0.0884,-0.0304,-0.0012,0.0,0.0
1779816507691,2,Pitching Mound.Delivery,,Delivery,pitch.1,336036,7.7624,1.1539,110.2486,-188.7215,192.8904,-13.5029,-0.1858,0.1191
1779816507691,2,Pitching Mound.Parent,,Delivery,pitch.1,335743,7.7628,1.1518,110.2684,-188.7057,192.8317,-13.5082,-0.1857,0.1191
1779816507692,2,11.0000004b,Drive,Delivery,pitch.1,336557,0.0003,-0.0013,0.0182,0.0135,-0.0573,-0.003,0.0,0.0
1779816507692,2,12.00000015,Lower Delivery,Delivery,pitch.1,336277,7.844,0.9416,109.7956,-226.1003,193.0271,-10.8504,-0.1866,-0.2186
1779816507692,2,12.00000018,Upper Delivery,Delivery,pitch.1,336834,-0.1417,0.2307,0.9017,-0.0884,-0.0304,-0.0012,0.0,0.0
1779816507692,2,Pitching Mound.Delivery,,Delivery,pitch.1,336037,7.6472,1.1481,110.7497,-189.1826,192.9968,-13.5855,-0.185,0.1174
1779816507692,2,Pitching Mound.Drive,,Delivery,pitch.1,336557,0.0003,-0.0013,0.0182,0.0135,-0.0573,-0.003,0.0,0.0
1779816507692,2,Pitching Mound.Parent,,Delivery,pitch.1,335744,7.6475,1.1468,110.7678,-189.1691,192.9395,-13.5886,-0.185,0.1174
1779816507693,2,11.0000004b,Drive,Delivery,pitch.1,336558,0.0008,-0.0012,0.0175,0.0152,-0.057,-0.0047,0.0,0.0
1779816507693,2,11.0000004b,Drive,Delivery,pitch.1,336559,0.0005,-0.0011,0.0176,0.016,-0.0552,-0.0005,0.0,0.0
1779816507693,2,12.00000015,Lower Delivery,Delivery,pitch.1,336278,7.8383,0.9356,109.8523,-226.3335,193.3884,-10.9254,-0.1869,-0.2187
1779816507693,2,12.00000015,Lower Delivery,Delivery,pitch.1,336279,7.8335,0.9486,109.9073,-226.6777,193.4344,-10.9412,-0.1868,-0.219
1779816507693,2,Pitching Mound.Delivery,,Delivery,pitch.1,336038,7.6966,1.1663,110.7541,-189.3786,193.358,-13.6398,-0.1854,0.1175
1779816507693,2,Pitching Mound.Drive,,Delivery,pitch.1,336558,0.0008,-0.0012,0.0175,0.0152,-0.057,-0.0047,0.0,0.0
1779816507693,2,Pitching Mound.Drive,,Delivery,pitch.1,336559,0.0005,-0.0011,0.0176,0.016,-0.0552,-0.0005,0.0,0.0
1779816507693,2,Pitching Mound.Parent,,Delivery,pitch.1,335745,7.6974,1.1651,110.7716,-189.3634,193.3011,-13.6444,-0.1853,0.1175
1779816507694,2,11.0000004b,Drive,Delivery,pitch.1,336560,0.0004,-0.001,0.0167,0.0123,-0.0564,-0.0016,0.0,0.0
1779816507694,2,12.00000018,Upper Delivery,Delivery,pitch.1,336835,-0.1121,0.3031,0.9474,-0.0884,-0.0304,-0.0012,0.0,0.0
1779816507694,2,Pitching Mound.Delivery,,Delivery,pitch.1,336039,7.7213,1.2517,110.8546,-189.7197,193.404,-13.6439,-0.1852,0.1171
1779816507694,2,Pitching Mound.Drive,,Delivery,pitch.1,336560,0.0004,-0.001,0.0167,0.0123,-0.0564,-0.0016,0.0,0.0
1779816507694,2,Pitching Mound.Parent,,Delivery,pitch.1,335746,7.7218,1.2506,110.8722,-189.7038,193.3489,-13.6444,-0.1852,0.1171
1779816507695,2,12.00000015,Lower Delivery,Delivery,pitch.1,336281,7.8228,0.9601,110.0436,-227.2063,193.4491,-11.0729,-0.1866,-0.2192
1779816507695,2,12.00000015,Lower Delivery,Delivery,pitch.1,336280,7.8193,0.9574,109.9498,-226.9067,193.4256,-11.0232,-0.1868,-0.2191
1779816507695,2,12.00000018,Upper Delivery,Delivery,pitch.1,336836,-0.0692,0.3588,0.9274,-0.0884,-0.0304,-0.0012,0.0,0.0
1779816507695,2,Pitching Mound.Delivery,,Delivery,pitch.1,336040,7.7501,1.3162,110.8772,-189.9275,193.3953,-13.7065,-0.1852,0.1171
1779816507695,2,Pitching Mound.Parent,,Delivery,pitch.1,335747,7.7505,1.3152,110.8939,-189.9152,193.3389,-13.708,-0.1852,0.117
1779816507696,2,11.0000004b,Drive,Delivery,pitch.1,336561,0.0004,-0.0012,0.0169,0.0122,-0.0578,-0.001,0.0,0.0
1779816507696,2,12.00000015,Lower Delivery,Delivery,pitch.1,336282,7.7933,0.9662,110.0827,-227.4351,193.4111,-11.1401,-0.1865,-0.2193
1779816507696,2,12.00000018,Upper Delivery,Delivery,pitch.1,336837,-0.0906,0.4169,1.1063,-0.0884,-0.0304,-0.0012,0.0,0.0
1779816507696,2,Pitching Mound.Delivery,,Delivery,pitch.1,336041,7.7322,1.3771,111.1498,-190.256,193.4187,-13.7647,-0.1848,0.1162
1779816507696,2,Pitching Mound.Drive,,Delivery,pitch.1,336561,0.0004,-0.0012,0.0169,0.0122,-0.0578,-0.001,0.0,0.0
1779816507696,2,Pitching Mound.Parent,,Delivery,pitch.1,335748,7.7326,1.3759,111.1667,-190.2438,193.3609,-13.7657,-0.1847,0.1162
1779816507697,2,11.0000004b,Drive,Delivery,pitch.1,336562,0.0004,-0.0013,0.017,0.0109,-0.0565,-0.0017,0.0,0.0
1779816507697,2,12.00000015,Lower Delivery,Delivery,pitch.1,336283,7.7953,0.9853,110.1844,-227.7529,193.2605,-11.1631,-0.1862,-0.2194
1779816507697,2,12.00000018,Upper Delivery,Delivery,pitch.1,336838,-0.1518,0.4007,1.187,-0.0884,-0.0304,-0.0012,0.0,0.0
1779816507697,2,12.00000018,Upper Delivery,Delivery,pitch.1,336839,-0.1441,0.4672,1.2617,-0.0884,-0.0304,-0.0012,0.0,0.0
1779816507697,2,Pitching Mound.Delivery,,Delivery,pitch.1,336043,7.6513,1.4525,111.4461,-190.8076,193.2301,-13.8637,-0.1841,0.1153
1779816507697,2,Pitching Mound.Delivery,,Delivery,pitch.1,336042,7.6415,1.3669,111.2697,-190.4989,193.3807,-13.8426,-0.1845,0.1157
1779816507697,2,Pitching Mound.Drive,,Delivery,pitch.1,336562,0.0004,-0.0013,0.017,0.0109,-0.0565,-0.0017,0.0,0.0
1779816507697,2,Pitching Mound.Parent,,Delivery,pitch.1,335749,7.6419,1.3656,111.2867,-190.488,193.3242,-13.8443,-0.1845,0.1157
1779816507698,2,11.0000004b,Drive,Delivery,pitch.1,336563,0.0004,-0.0011,0.0171,0.0103,-0.0562,0.0,0.0,0.0
1779816507698,2,12.00000015,Lower Delivery,Delivery,pitch.1,336284,7.8026,0.9872,110.1388,-227.822,193.3992,-11.2044,-0.1864,-0.2196
1779816507698,2,12.00000018,Upper Delivery,Delivery,pitch.1,336840,-0.2176,0.3993,1.3725,-0.0884,-0.0304,-0.0012,0.0,0.0
1779816507698,2,Pitching Mound.Delivery,,Delivery,pitch.1,336044,7.585,1.3865,111.5113,-190.9298,193.3688,-13.9325,-0.1841,0.1147
1779816507698,2,Pitching Mound.Drive,,Delivery,pitch.1,336563,0.0004,-0.0011,0.0171,0.0103,-0.0562,0.0,0.0,0.0
1779816507698,2,Pitching Mound.Parent,,Delivery,pitch.1,335750,7.6516,1.4513,111.4632,-190.7973,193.1738,-13.8636,-0.1841,0.1153
1779816507699,2,11.0000004b,Drive,Delivery,pitch.1,336564,0.0005,-0.0012,0.0172,0.011,-0.0561,-0.0024,0.0,0.0
1779816507699,2,12.00000018,Upper Delivery,Delivery,pitch.1,336841,-0.148,0.4594,1.2275,-0.0884,-0.0304,-0.0012,0.0,0.0
1779816507699,2,Pitching Mound.Drive,,Delivery,pitch.1,336564,0.0005,-0.0012,0.0172,0.011,-0.0561,-0.0024,0.0,0.0
1779816507699,2,Pitching Mound.Parent,,Delivery,pitch.1,335751,7.5855,1.3853,111.5285,-190.9188,193.3127,-13.9349,-0.1841,0.1147
1779816507700,2,11.0000004b,Drive,Delivery,pitch.1,336565,0.0006,-0.001,0.0165,0.0083,-0.055,0.0004,0.0,0.0
1779816507700,2,12.00000015,Lower Delivery,Delivery,pitch.1,336285,7.7914,0.9821,110.0961,-227.7424,193.267,-11.2498,-0.1864,-0.2196
1779816507700,2,12.00000015,Lower Delivery,Delivery,pitch.1,336286,7.7939,0.988,110.1226,-227.9355,193.3179,-11.2692,-0.1864,-0.2197
1779816507700,2,12.00000018,Upper Delivery,Delivery,pitch.1,336842,-0.1476,0.4621,1.2825,-0.0884,-0.0304,-0.0012,0.0,0.0
1779816507700,2,Pitching Mound.Delivery,,Delivery,pitch.1,336045,7.6434,1.4415,111.3236,-190.8154,193.2367,-13.9504,-0.1843,0.1153
1779816507700,2,Pitching Mound.Delivery,,Delivery,pitch.1,336046,7.6463,1.4501,111.4051,-191.0183,193.2875,-13.9706,-0.1842,0.115
1779816507700,2,Pitching Mound.Drive,,Delivery,pitch.1,336565,0.0006,-0.001,0.0165,0.0083,-0.055,0.0004,0.0,0.0
1779816507700,2,Pitching Mound.Parent,,Delivery,pitch.1,335752,7.644,1.4405,111.3401,-190.807,193.1816,-13.95,-0.1843,0.1153
1779816507701,2,11.0000004b,Drive,Delivery,pitch.1,336566,0.0009,-0.0011,0.0167,0.008,-0.0553,-0.0001,0.0,0.0
1779816507701,2,12.00000015,Lower Delivery,Delivery,pitch.1,336287,7.7823,0.9853,110.2067,-228.1955,193.3979,-11.3542,-0.1863,-0.2198
1779816507701,2,12.00000018,Upper Delivery,Delivery,pitch.1,336843,-0.217,0.4287,1.4247,-0.0884,-0.0304,-0.0012,0.0,0.0
1779816507701,2,Pitching Mound.Delivery,,Delivery,pitch.1,336047,7.5653,1.414,111.6314,-191.298,193.3676,-14.0752,-0.1839,0.1143
1779816507701,2,Pitching Mound.Drive,,Delivery,pitch.1,336566,0.0009,-0.0011,0.0167,0.008,-0.0553,-0.0001,0.0,0.0
1779816507701,2,Pitching Mound.Parent,,Delivery,pitch.1,335753,7.6472,1.449,111.4218,-191.0102,193.2323,-13.9707,-0.1842,0.1149
1779816507702,2,11.0000004b,Drive,Delivery,pitch.1,336567,0.0005,-0.001,0.0168,0.0089,-0.0578,0.0011,0.0,0.0
1779816507702,2,12.00000015,Lower Delivery,Delivery,pitch.1,336288,7.759,0.9868,110.1107,-228.1263,193.3518,-11.3814,-0.1864,-0.2199
1779816507702,2,12.00000018,Upper Delivery,Delivery,pitch.1,336844,-0.2489,0.3939,1.4691,-0.0884,-0.0304,-0.0012,0.0,0.0
1779816507702,2,Pitching Mound.Delivery,,Delivery,pitch.1,336048,7.5101,1.3807,111.5798,-191.2766,193.3214,-14.1053,-0.184,0.114
1779816507702,2,Pitching Mound.Drive,,Delivery,pitch.1,336567,0.0005,-0.001,0.0168,0.0089,-0.0578,0.0011,0.0,0.0
1779816507702,2,Pitching Mound.Parent,,Delivery,pitch.1,335754,7.5658,1.413,111.6482,-191.2891,193.3098,-14.0741,-0.1839,0.1143
1779816507703,2,11.0000004b,Drive,Delivery,pitch.1,336568,0.0008,-0.0011,0.0174,0.008,-0.0555,0.0027,0.0,0.0
1779816507703,2,12.00000018,Upper Delivery,Delivery,pitch.1,336845,-0.303,0.3842,1.6032,-0.0884,-0.0304,-0.0012,0.0,0.0
1779816507703,2,Pitching Mound.Drive,,Delivery,pitch.1,336568,0.0008,-0.0011,0.0174,0.008,-0.0555,0.0027,0.0,0.0
1779816507703,2,Pitching Mound.Parent,,Delivery,pitch.1,335755,7.5109,1.3795,111.5972,-191.2685,193.2659,-14.1026,-0.1839,0.114
1779816507704,2,11.0000004b,Drive,Delivery,pitch.1,336569,0.0001,-0.0026,0.0214,0.0075,-0.0557,0.0037,0.0,0.0
1779816507704,2,12.00000015,Lower Delivery,Delivery,pitch.1,336289,7.751,0.9991,110.1446,-228.2156,193.3348,-11.4324,-0.1863,-0.22
1779816507704,2,12.00000015,Lower Delivery,Delivery,pitch.1,336290,7.7148,1.0085,110.1625,-228.2382,193.5315,-11.5009,-0.1865,-0.22
1779816507704,2,12.00000018,Upper Delivery,Delivery,pitch.1,336846,-0.2597,0.3239,1.3955,-0.0884,-0.0304,-0.0012,0.0,0.0
1779816507704,2,Pitching Mound.Delivery,,Delivery,pitch.1,336049,7.448,1.3833,111.7478,-191.3999,193.3045,-14.1719,-0.1837,0.1134
1779816507704,2,Pitching Mound.Delivery,,Delivery,pitch.1,336050,7.4551,1.3325,111.558,-191.3458,193.5012,-14.2134,-0.1842,0.1143
1779816507704,2,Pitching Mound.Drive,,Delivery,pitch.1,336569,0.0001,-0.0026,0.0214,0.0075,-0.0557,0.0037,0.0,0.0
1779816507704,2,Pitching Mound.Parent,,Delivery,pitch.1,335756,7.4481,1.3808,111.7692,-191.3923,193.2487,-14.1682,-0.1836,0.1134
1779816507705,2,11.0000004b,Drive,Delivery,pitch.1,336570,0.0,-0.0034,0.0231,0.0098,-0.0555,0.0048,0.0,0.0
1779816507705,2,12.00000015,Lower Delivery,Delivery,pitch.1,336291,7.6764,0.9855,110.1122,-228.3435,193.38,-11.501,-0.1864,-0.2202
1779816507705,2,12.00000018,Upper Delivery,Delivery,pitch.1,336847,-0.2539,0.3135,1.3556,-0.0884,-0.0304,-0.0012,0.0,0.0
1779816507705,2,Pitching Mound.Delivery,,Delivery,pitch.1,336051,7.4225,1.299,111.4678,-191.4546,193.3496,-14.1985,-0.1842,0.1143
1779816507705,2,Pitching Mound.Drive,,Delivery,pitch.1,336570,0.0,-0.0034,0.0231,0.0098,-0.0555,0.0048,0.0,0.0
1779816507705,2,Pitching Mound.Parent,,Delivery,pitch.1,335757,7.4551,1.3291,111.5811,-191.3359,193.4456,-14.2086,-0.1841,0.1143
1779816507706,2,11.0000004b,Drive,Delivery,pitch.1,336571,0.0003,-0.0013,0.0187,0.0107,-0.0566,0.0056,0.0,0.0
1779816507706,2,12.00000015,Lower Delivery,Delivery,pitch.1,336292,7.6556,0.99,110.0978,-228.452,193.7565,-11.5618,-0.1868,-0.2203
1779816507706,2,12.00000018,Upper Delivery,Delivery,pitch.1,336848,-0.1977,0.3014,1.1862,-0.0884,-0.0304,-0.0012,0.0,0.0
1779816507706,2,Pitching Mound.Delivery,,Delivery,pitch.1,336052,7.4579,1.2914,111.284,-191.5104,193.7262,-14.2332,-0.1848,0.1148
1779816507706,2,Pitching Mound.Drive,,Delivery,pitch.1,336571,0.0003,-0.0013,0.0187,0.0107,-0.0566,0.0056,0.0,0.0
1779816507706,2,Pitching Mound.Parent,,Delivery,pitch.1,335758,7.4228,1.2977,111.4865,-191.4439,193.2929,-14.1929,-0.1841,0.1142
1779816507707,2,11.0000004b,Drive,Delivery,pitch.1,336572,-0.0003,-0.0031,0.022,0.0119,-0.0561,0.0052,0.0,0.0
1779816507707,2,12.00000015,Lower Delivery,Delivery,pitch.1,336293,7.629,0.9876,110.0035,-228.6008,194.2558,-11.5986,-0.1875,-0.2206
1779816507707,2,12.00000018,Upper Delivery,Delivery,pitch.1,336849,-0.0869,0.2992,0.858,-0.0884,-0.0304,-0.0012,0.0,0.0
1779816507707,2,Pitching Mound.Delivery,,Delivery,pitch.1,336053,7.5421,1.2867,110.8615,-191.5797,194.2254,-14.2232,-0.186,0.1158
1779816507707,2,Pitching Mound.Drive,,Delivery,pitch.1,336572,-0.0003,-0.0031,0.022,0.0119,-0.0561,0.0052,0.0,0.0
1779816507707,2,Pitching Mound.Parent,,Delivery,pitch.1,335759,7.4576,1.2883,111.306,-191.4985,193.67,-14.2279,-0.1848,0.1148
1779816507708,2,11.0000004b,Drive,Delivery,pitch.1,336573,-0.0005,-0.003,0.0227,0.0133,-0.0565,0.011,0.0,0.0
1779816507708,2,11.0000004b,Drive,Delivery,pitch.1,336574,0.0,-0.0011,0.0188,0.0155,-0.0584,0.0121,0.0,0.0
1779816507708,2,12.00000015,Lower Delivery,Delivery,pitch.1,336294,7.5993,0.991,110.134,-228.7306,194.1739,-11.6691,-0.1872,-0.2205
1779816507708,2,12.00000018,Upper Delivery,Delivery,pitch.1,336850,-0.0427,0.3867,0.8255,-0.0884,-0.0304,-0.0012,0.0,0.0
1779816507708,2,Pitching Mound.Delivery,,Delivery,pitch.1,336054,7.5566,1.3777,110.9595,-191.6541,194.1435,-14.2686,-0.1858,0.1161
1779816507708,2,Pitching Mound.Drive,,Delivery,pitch.1,336573,-0.0005,-0.003,0.0227,0.0133,-0.0565,0.011,0.0,0.0
1779816507708,2,Pitching Mound.Drive,,Delivery,pitch.1,336574,0.0,-0.0011,0.0188,0.0155,-0.0584,0.0121,0.0,0.0
1779816507708,2,Pitching Mound.Parent,,Delivery,pitch.1,335760,7.5416,1.2837,110.8842,-191.5664,194.169,-14.2122,-0.186,0.1158
1779816507708,2,Pitching Mound.Parent,,Delivery,pitch.1,335761,7.5565,1.3766,110.9783,-191.6386,194.0852,-14.2566,-0.1857,0.1161
1779816507709,2,12.00000015,Lower Delivery,Delivery,pitch.1,336295,7.5736,0.9781,110.1056,-228.8944,194.5069,-11.6948,-0.1875,-0.2207
1779816507709,2,12.00000018,Upper Delivery,Delivery,pitch.1,336851,0.014,0.3518,0.6439,-0.0884,-0.0304,-0.0012,0.0,0.0
1779816507709,2,Pitching Mound.Delivery,,Delivery,pitch.1,336055,7.5876,1.3299,110.7495,-191.7657,194.4765,-14.2662,-0.1865,0.1166
1779816507710,2,11.0000004b,Drive,Delivery,pitch.1,336575,-0.0006,-0.0025,0.0224,0.0169,-0.0578,0.0133,0.0,0.0
1779816507710,2,11.0000004b,Drive,Delivery,pitch.1,336576,-0.0011,-0.0046,0.0267,0.0155,-0.0579,0.0143,0.0,0.0
1779816507710,2,12.00000015,Lower Delivery,Delivery,pitch.1,336296,7.5658,0.9755,110.1373,-229.1244,194.9551,-11.7247,-0.1879,-0.2209
1779816507710,2,12.00000018,Upper Delivery,Delivery,pitch.1,336852,0.0206,0.3808,0.6829,-0.0884,-0.0304,-0.0012,0.0,0.0
1779816507710,2,Pitching Mound.Delivery,,Delivery,pitch.1,336056,7.5863,1.3563,110.8203,-191.9982,194.9247,-14.2912,-0.1868,0.1163
1779816507710,2,Pitching Mound.Drive,,Delivery,pitch.1,336575,-0.0006,-0.0025,0.0224,0.0169,-0.0578,0.0133,0.0,0.0
1779816507710,2,Pitching Mound.Drive,,Delivery,pitch.1,336576,-0.0011,-0.0046,0.0267,0.0155,-0.0579,0.0143,0.0,0.0
1779816507710,2,Pitching Mound.Parent,,Delivery,pitch.1,335762,7.587,1.3275,110.7719,-191.7488,194.4187,-14.2529,-0.1864,0.1166
1779816507710,2,Pitching Mound.Parent,,Delivery,pitch.1,335763,7.5852,1.3517,110.847,-191.9828,194.8668,-14.277,-0.1867,0.1163
1779816507711,2,11.0000004b,Drive,Delivery,pitch.1,336577,-0.0017,-0.0063,0.0301,0.0157,-0.0607,0.014,0.0,0.0
1779816507711,2,12.00000015,Lower Delivery,Delivery,pitch.1,336297,7.5431,0.9897,110.2185,-229.1626,194.6609,-11.7765,-0.1875,-0.2207
1779816507711,2,12.00000018,Upper Delivery,Delivery,pitch.1,336853,0.0216,0.4078,0.666,-0.0884,-0.0304,-0.0012,0.0,0.0
1779816507711,2,Pitching Mound.Delivery,,Delivery,pitch.1,336057,7.5647,1.3974,110.8845,-192.003,194.6305,-14.335,-0.1864,0.1165
1779816507711,2,Pitching Mound.Drive,,Delivery,pitch.1,336577,-0.0017,-0.0063,0.0301,0.0157,-0.0607,0.014,0.0,0.0
1779816507711,2,Pitching Mound.Parent,,Delivery,pitch.1,335764,7.563,1.3911,110.9147,-191.9873,194.5698,-14.3209,-0.1863,0.1165
1779816507712,2,11.0000004b,Drive,Delivery,pitch.1,336578,-0.0015,-0.006,0.0292,0.0154,-0.0599,0.0117,0.0,0.0
1779816507712,2,12.00000015,Lower Delivery,Delivery,pitch.1,336298,7.5415,0.992,110.2294,-229.0047,194.6209,-11.7758,-0.1874,-0.2206
1779816507712,2,12.00000018,Upper Delivery,Delivery,pitch.1,336854,0.0135,0.3606,0.5922,-0.0884,-0.0304,-0.0012,0.0,0.0
1779816507712,2,Pitching Mound.Delivery,,Delivery,pitch.1,336058,7.555,1.3526,110.8217,-191.8164,194.5905,-14.3365,-0.1864,0.117
1779816507712,2,Pitching Mound.Drive,,Delivery,pitch.1,336578,-0.0015,-0.006,0.0292,0.0154,-0.0599,0.0117,0.0,0.0
1779816507712,2,Pitching Mound.Parent,,Delivery,pitch.1,335765,7.5535,1.3466,110.8508,-191.801,194.5306,-14.3247,-0.1864,0.117
1779816507713,2,11.0000004b,Drive,Delivery,pitch.1,336579,-0.0015,-0.0053,0.0282,0.0159,-0.0616,0.0097,0.0,0.0
1779816507713,2,12.00000015,Lower Delivery,Delivery,pitch.1,336299,7.5453,0.9829,110.1959,-229.1046,194.8089,-11.8067,-0.1877,-0.2207
1779816507713,2,12.00000018,Upper Delivery,Delivery,pitch.1,336855,0.0147,0.3831,0.5944,-0.0884,-0.0304,-0.0012,0.0,0.0
1779816507713,2,Pitching Mound.Delivery,,Delivery,pitch.1,336059,7.56,1.366,110.7903,-191.9284,194.7785,-14.3683,-0.1867,0.1168
1779816507713,2,Pitching Mound.Drive,,Delivery,pitch.1,336579,-0.0015,-0.0053,0.0282,0.0159,-0.0616,0.0097,0.0,0.0
1779816507713,2,Pitching Mound.Parent,,Delivery,pitch.1,335766,7.5585,1.3607,110.8186,-191.9126,194.7169,-14.3585,-0.1866,0.1168
1779816507714,2,11.0000004b,Drive,Delivery,pitch.1,336580,-0.0018,-0.0053,0.0281,0.0142,-0.0601,0.0068,0.0,0.0
1779816507714,2,12.00000015,Lower Delivery,Delivery,pitch.1,336300,7.5113,0.9964,110.2488,-229.0759,194.7774,-11.8046,-0.1876,-0.2206
1779816507714,2,12.00000018,Upper Delivery,Delivery,pitch.1,336856,0.0155,0.3876,0.6191,-0.0884,-0.0304,-0.0012,0.0,0.0
1779816507714,2,Pitching Mound.Delivery,,Delivery,pitch.1,336060,7.5268,1.384,110.8679,-191.8901,194.7471,-14.3544,-0.1865,0.1168
1779816507714,2,Pitching Mound.Drive,,Delivery,pitch.1,336580,-0.0018,-0.0053,0.0281,0.0142,-0.0601,0.0068,0.0,0.0
1779816507714,2,Pitching Mound.Parent,,Delivery,pitch.1,335767,7.5251,1.3787,110.896,-191.8759,194.6869,-14.3476,-0.1865,0.1168
1779816507715,2,11.0000004b,Drive,Delivery,pitch.1,336581,-0.0024,-0.0074,0.0327,0.0153,-0.0594,0.003,0.0,0.0
1779816507715,2,12.00000015,Lower Delivery,Delivery,pitch.1,336301,7.5097,0.9854,110.2952,-229.2858,194.5512,-11.8101,-0.1873,-0.2207
1779816507715,2,12.00000018,Upper Delivery,Delivery,pitch.1,336857,0.0349,0.4813,0.7795,-0.0884,-0.0304,-0.0012,0.0,0.0
1779816507715,2,Pitching Mound.Delivery,,Delivery,pitch.1,336061,7.5446,1.4667,111.0747,-192.1389,194.5209,-14.3527,-0.1859,0.1161
1779816507715,2,Pitching Mound.Drive,,Delivery,pitch.1,336581,-0.0024,-0.0074,0.0327,0.0153,-0.0594,0.003,0.0,0.0
1779816507715,2,Pitching Mound.Parent,,Delivery,pitch.1,335768,7.5422,1.4593,111.1074,-192.1236,194.4615,-14.3497,-0.1859,0.116
1779816507716,2,11.0000004b,Drive,Delivery,pitch.1,336582,-0.0024,-0.0061,0.0308,0.0143,-0.0583,0.0011,0.0,0.0
1779816507716,2,12.00000015,Lower Delivery,Delivery,pitch.1,336302,7.4984,0.9949,110.2977,-229.1808,194.2883,-11.7715,-0.187,-0.2206
1779816507716,2,12.00000018,Upper Delivery,Delivery,pitch.1,336858,0.033,0.4895,0.7883,-0.0884,-0.0304,-0.0012,0.0,0.0
1779816507716,2,Pitching Mound.Delivery,,Delivery,pitch.1,336062,7.5315,1.4844,111.086,-192.036,194.258,-14.311,-0.1857,0.1162
1779816507716,2,Pitching Mound.Drive,,Delivery,pitch.1,336582,-0.0024,-0.0061,0.0308,0.0143,-0.0583,0.0011,0.0,0.0
1779816507716,2,Pitching Mound.Parent,,Delivery,pitch.1,335769,7.5291,1.4783,111.1169,-192.0217,194.1997,-14.3098,-0.1856,0.1161
1779816507717,2,11.0000004b,Drive,Delivery,pitch.1,336583,-0.002,-0.0057,0.0285,0.0156,-0.0604,-0.0008,0.0,0.0
1779816507717,2,12.00000015,Lower Delivery,Delivery,pitch.1,336303,7.498,1.0081,110.3858,-229.2934,193.957,-11.7693,-0.1865,-0.2205
1779816507717,2,12.00000018,Upper Delivery,Delivery,pitch.1,336859,0.0332,0.5089,0.8076,-0.0884,-0.0304,-0.0012,0.0,0.0
1779816507717,2,Pitching Mound.Delivery,,Delivery,pitch.1,336063,7.5312,1.517,111.1934,-192.1252,193.9266,-14.3085,-0.1852,0.1161
1779816507717,2,Pitching Mound.Drive,,Delivery,pitch.1,336583,-0.002,-0.0057,0.0285,0.0156,-0.0604,-0.0008,0.0,0.0
1779816507717,2,Pitching Mound.Parent,,Delivery,pitch.1,335770,7.5291,1.5113,111.222,-192.1096,193.8663,-14.3094,-0.1851,0.1161
1779816507718,2,11.0000004b,Drive,Delivery,pitch.1,336584,-0.0018,-0.0052,0.0279,0.0142,-0.0588,0.0004,0.0,0.0
1779816507718,2,12.00000015,Lower Delivery,Delivery,pitch.1,336304,7.4621,0.9787,110.446,-229.4321,193.7188,-11.7792,-0.1862,-0.2205
1779816507718,2,12.00000018,Upper Delivery,Delivery,pitch.1,336860,0.0349,0.5235,0.831,-0.0884,-0.0304,-0.0012,0.0,0.0
1779816507718,2,Pitching Mound.Delivery,,Delivery,pitch.1,336064,7.497,1.5021,111.277,-192.2513,193.6884,-14.3057,-0.1848,0.116
1779816507718,2,Pitching Mound.Drive,,Delivery,pitch.1,336584,-0.0018,-0.0052,0.0279,0.0142,-0.0588,0.0004,0.0,0.0
1779816507718,2,Pitching Mound.Parent,,Delivery,pitch.1,335771,7.4951,1.497,111.3049,-192.2372,193.6296,-14.3053,-0.1848,0.116
1779816507719,2,11.0000004b,Drive,Delivery,pitch.1,336585,-0.0013,-0.0025,0.0223,0.0148,-0.0593,-0.0012,0.0,0.0
1779816507719,2,12.00000015,Lower Delivery,Delivery,pitch.1,336305,7.4422,0.9997,110.4921,-229.439,193.2991,-11.7441,-0.1857,-0.2204
1779816507719,2,12.00000018,Upper Delivery,Delivery,pitch.1,336861,0.0327,0.5338,0.8249,-0.0884,-0.0304,-0.0012,0.0,0.0
1779816507719,2,Pitching Mound.Delivery,,Delivery,pitch.1,336065,7.4749,1.5335,111.3169,-192.2405,193.2688,-14.2645,-0.1843,0.1161
1779816507719,2,Pitching Mound.Drive,,Delivery,pitch.1,336585,-0.0013,-0.0025,0.0223,0.0148,-0.0593,-0.0012,0.0,0.0
1779816507719,2,Pitching Mound.Parent,,Delivery,pitch.1,335772,7.4736,1.531,111.3393,-192.2257,193.2095,-14.2657,-0.1843,0.1161
1779816507720,2,11.0000004b,Drive,Delivery,pitch.1,336586,-0.0008,-0.0009,0.0191,0.0164,-0.0618,0.0001,0.0,0.0
1779816507720,2,12.00000015,Lower Delivery,Delivery,pitch.1,336306,7.4308,0.998,110.4996,-229.7019,193.1865,-11.7696,-0.1856,-0.2207
1779816507720,2,12.00000018,Upper Delivery,Delivery,pitch.1,336862,0.0338,0.5404,0.9168,-0.0884,-0.0304,-0.0012,0.0,0.0
1779816507720,2,Pitching Mound.Delivery,,Delivery,pitch.1,336066,7.4646,1.5384,111.4163,-192.5321,193.1561,-14.2858,-0.1841,0.1155
1779816507720,2,Pitching Mound.Drive,,Delivery,pitch.1,336586,-0.0008,-0.0009,0.0191,0.0164,-0.0618,0.0001,0.0,0.0
1779816507720,2,Pitching Mound.Parent,,Delivery,pitch.1,335773,7.4638,1.5375,111.4354,-192.5158,193.0943,-14.2857,-0.184,0.1155
1779816507721,2,11.0000004b,Drive,Delivery,pitch.1,336587,-0.001,-0.0004,0.0197,0.0183,-0.0592,0.0011,0.0,0.0
1779816507721,2,12.00000015,Lower Delivery,Delivery,pitch.1,336307,7.4273,0.9978,110.5798,-229.7177,193.2837,-11.7923,-0.1856,-0.2205
1779816507721,2,12.00000018,Upper Delivery,Delivery,pitch.1,336863,0.0223,0.5119,0.914,-0.0884,-0.0304,-0.0012,0.0,0.0
1779816507721,2,Pitching Mound.Delivery,,Delivery,pitch.1,336067,7.4496,1.5097,111.4938,-192.5197,193.2534,-14.3112,-0.184,0.1157
1779816507721,2,Pitching Mound.Drive,,Delivery,pitch.1,336587,-0.001,-0.0004,0.0197,0.0183,-0.0592,0.0011,0.0,0.0
1779816507721,2,Pitching Mound.Parent,,Delivery,pitch.1,335774,7.4486,1.5093,111.5135,-192.5015,193.1941,-14.3101,-0.184,0.1157
1779816507722,2,11.0000004b,Drive,Delivery,pitch.1,336588,-0.0004,-0.0003,0.0176,0.0165,-0.0587,0.0004,0.0,0.0
1779816507722,2,12.00000015,Lower Delivery,Delivery,pitch.1,336308,7.4056,0.9843,110.5721,-229.7662,193.5333,-11.7932,-0.1858,-0.2206
1779816507722,2,12.00000018,Upper Delivery,Delivery,pitch.1,336864,0.0457,0.5577,0.9758,-0.0884,-0.0304,-0.0012,0.0,0.0
1779816507722,2,Pitching Mound.Delivery,,Delivery,pitch.1,336068,7.4513,1.542,111.5479,-192.5918,193.5029,-14.2967,-0.1842,0.1154
1779816507722,2,Pitching Mound.Drive,,Delivery,pitch.1,336588,-0.0004,-0.0003,0.0176,0.0165,-0.0587,0.0004,0.0,0.0
1779816507722,2,Pitching Mound.Parent,,Delivery,pitch.1,335775,7.4509,1.5418,111.5655,-192.5753,193.4442,-14.2963,-0.1842,0.1154
1779816507723,2,11.0000004b,Drive,Delivery,pitch.1,336589,-0.0003,-0.0005,0.018,0.0182,-0.058,-0.0004,0.0,0.0
1779816507723,2,12.00000015,Lower Delivery,Delivery,pitch.1,336309,7.3896,0.9798,110.6017,-229.9109,193.4149,-11.731,-0.1857,-0.2207
1779816507723,2,12.00000018,Upper Delivery,Delivery,pitch.1,336865,0.0458,0.5787,1.0056,-0.0884,-0.0304,-0.0012,0.0,0.0
1779816507723,2,Pitching Mound.Delivery,,Delivery,pitch.1,336069,7.4354,1.5585,111.6073,-192.7366,193.3846,-14.2291,-0.184,0.1152
1779816507723,2,Pitching Mound.Drive,,Delivery,pitch.1,336589,-0.0003,-0.0005,0.018,0.0182,-0.058,-0.0004,0.0,0.0
1779816507723,2,Pitching Mound.Parent,,Delivery,pitch.1,335776,7.4351,1.558,111.6253,-192.7184,193.3266,-14.2295,-0.1839,0.1152
1779816507724,2,11.0000004b,Drive,Delivery,pitch.1,336590,-0.0004,-0.0003,0.0191,0.0166,-0.0553,0.0,0.0,0.0
1779816507724,2,12.00000015,Lower Delivery,Delivery,pitch.1,336310,7.3714,0.9624,110.7407,-230.053,193.3986,-11.6973,-0.1854,-0.2205
1779816507724,2,12.00000018,Upper Delivery,Delivery,pitch.1,336866,0.0405,0.5323,0.9723,-0.0884,-0.0304,-0.0012,0.0,0.0
1779816507724,2,Pitching Mound.Delivery,,Delivery,pitch.1,336070,7.4119,1.4947,111.7129,-192.8201,193.3682,-14.191,-0.1838,0.1155
1779816507724,2,Pitching Mound.Drive,,Delivery,pitch.1,336590,-0.0004,-0.0003,0.0191,0.0166,-0.0553,0.0,0.0,0.0
1779816507724,2,Pitching Mound.Parent,,Delivery,pitch.1,335777,7.4115,1.4944,111.732,-192.8035,193.3129,-14.191,-0.1838,0.1154
1779816507725,2,11.0000004b,Drive,Delivery,pitch.1,336591,-0.0004,-0.0005,0.019,0.0178,-0.0574,-0.0006,0.0,0.0
1779816507725,2,12.00000015,Lower Delivery,Delivery,pitch.1,336311,7.3903,0.9896,110.7402,-230.1555,193.049,-11.7268,-0.1851,-0.2206
1779816507725,2,12.00000018,Upper Delivery,Delivery,pitch.1,336867,0.0443,0.558,1.0035,-0.0884,-0.0304,-0.0012,0.0,0.0
1779816507725,2,Pitching Mound.Delivery,,Delivery,pitch.1,336071,7.4346,1.5476,111.7437,-192.9334,193.0187,-14.2257,-0.1834,0.1152
1779816507725,2,Pitching Mound.Drive,,Delivery,pitch.1,336591,-0.0004,-0.0005,0.019,0.0178,-0.0574,-0.0006,0.0,0.0
1779816507725,2,Pitching Mound.Parent,,Delivery,pitch.1,335778,7.4342,1.5471,111.7627,-192.9155,192.9612,-14.2263,-0.1834,0.1152
1779816507726,2,12.00000015,Lower Delivery,Delivery,pitch.1,336312,7.3823,0.9926,110.7973,-230.2411,193.2492,-11.703,-0.1852,-0.2206
1779816507726,2,12.00000018,Upper Delivery,Delivery,pitch.1,336868,0.0419,0.5521,0.9913,-0.0884,-0.0304,-0.0012,0.0,0.0
1779816507726,2,Pitching Mound.Delivery,,Delivery,pitch.1,336072,7.4242,1.5448,111.7886,-192.9954,193.2188,-14.1999,-0.1835,0.1153
1779816507727,2,11.0000004b,Drive,Delivery,pitch.1,336592,-0.0002,-0.0002,0.0176,0.0165,-0.0579,-0.0004,0.0,0.0
1779816507727,2,11.0000004b,Drive,Delivery,pitch.1,336593,-0.0004,-0.0001,0.0177,0.0172,-0.0582,0.0017,0.0,0.0
1779816507727,2,12.00000015,Lower Delivery,Delivery,pitch.1,336313,7.3699,0.9816,110.7756,-230.178,193.4452,-11.7031,-0.1854,-0.2206
1779816507727,2,12.00000018,Upper Delivery,Delivery,pitch.1,336869,0.0154,0.5326,1.0433,-0.0884,-0.0304,-0.0012,0.0,0.0
1779816507727,2,Pitching Mound.Delivery,,Delivery,pitch.1,336073,7.3853,1.5142,111.8189,-192.9574,193.4148,-14.2048,-0.1837,0.1151
1779816507727,2,Pitching Mound.Drive,,Delivery,pitch.1,336592,-0.0002,-0.0002,0.0176,0.0165,-0.0579,-0.0004,0.0,0.0
1779816507727,2,Pitching Mound.Drive,,Delivery,pitch.1,336593,-0.0004,-0.0001,0.0177,0.0172,-0.0582,0.0017,0.0,0.0
1779816507727,2,Pitching Mound.Parent,,Delivery,pitch.1,335779,7.424,1.5446,111.8062,-192.9789,193.1609,-14.2003,-0.1835,0.1153
1779816507727,2,Pitching Mound.Parent,,Delivery,pitch.1,335780,7.3849,1.5141,111.8367,-192.9402,193.3566,-14.2031,-0.1836,0.1151
1779816507728,2,11.0000004b,Drive,Delivery,pitch.1,336594,-0.0009,-0.0004,0.0196,0.0168,-0.0583,0.0018,0.0,0.0
1779816507728,2,12.00000015,Lower Delivery,Delivery,pitch.1,336314,7.3549,0.9597,110.7427,-230.0469,193.3814,-11.6889,-0.1854,-0.2205
1779816507728,2,12.00000018,Upper Delivery,Delivery,pitch.1,336870,-0.0311,0.5114,1.1621,-0.0884,-0.0304,-0.0012,0.0,0.0
1779816507728,2,Pitching Mound.Delivery,,Delivery,pitch.1,336074,7.3239,1.4711,111.9048,-192.8778,193.351,-14.2013,-0.1835,0.1147
1779816507728,2,Pitching Mound.Drive,,Delivery,pitch.1,336594,-0.0009,-0.0004,0.0196,0.0168,-0.0583,0.0018,0.0,0.0
1779816507728,2,Pitching Mound.Parent,,Delivery,pitch.1,335781,7.323,1.4707,111.9244,-192.8611,193.2927,-14.1996,-0.1834,0.1147
1779816507729,2,12.00000015,Lower Delivery,Delivery,pitch.1,336315,7.3547,0.9594,110.8366,-230.1387,193.1653,-11.6579,-0.185,-0.2204
1779816507729,2,12.00000018,Upper Delivery,Delivery,pitch.1,336871,-0.0009,0.5032,1.0986,-0.0884,-0.0304,-0.0012,0.0,0.0
1779816507729,2,Pitching Mound.Delivery,,Delivery,pitch.1,336075,7.3538,1.4627,111.9352,-192.9162,193.1349,-14.1599,-0.1832,0.1151
1779816507730,2,11.0000004b,Drive,Delivery,pitch.1,336595,-0.0007,-0.0006,0.019,0.0169,-0.0587,-0.0002,0.0,0.0
1779816507730,2,11.0000004b,Drive,Delivery,pitch.1,336596,-0.0012,-0.0041,0.0247,0.0142,-0.0568,0.0017,0.0,0.0
1779816507730,2,12.00000015,Lower Delivery,Delivery,pitch.1,336316,7.355,0.9419,110.6749,-229.9996,193.5885,-11.6248,-0.1857,-0.2206
1779816507730,2,12.00000018,Upper Delivery,Delivery,pitch.1,336872,0.034,0.4744,0.9802,-0.0884,-0.0304,-0.0012,0.0,0.0
1779816507730,2,Pitching Mound.Delivery,,Delivery,pitch.1,336076,7.389,1.4162,111.6551,-192.7917,193.5581,-14.1152,-0.1841,0.1153
1779816507730,2,Pitching Mound.Drive,,Delivery,pitch.1,336595,-0.0007,-0.0006,0.019,0.0169,-0.0587,-0.0002,0.0,0.0
1779816507730,2,Pitching Mound.Drive,,Delivery,pitch.1,336596,-0.0012,-0.0041,0.0247,0.0142,-0.0568,0.0017,0.0,0.0
1779816507730,2,Pitching Mound.Parent,,Delivery,pitch.1,335782,7.3531,1.462,111.9542,-192.8993,193.0761,-14.1601,-0.1832,0.115
1779816507730,2,Pitching Mound.Parent,,Delivery,pitch.1,335783,7.3878,1.4122,111.6798,-192.7775,193.5013,-14.1134,-0.184,0.1153
1779816507731,2,11.0000004b,Drive,Delivery,pitch.1,336597,-0.001,-0.0033,0.0224,0.0126,-0.058,-0.0001,0.0,0.0
1779816507731,2,12.00000015,Lower Delivery,Delivery,pitch.1,336317,7.3393,0.9124,110.6426,-229.8989,193.3955,-11.5902,-0.1856,-0.2206
1779816507731,2,12.00000018,Upper Delivery,Delivery,pitch.1,336873,0.0464,0.5375,0.9625,-0.0884,-0.0304,-0.0012,0.0,0.0
1779816507731,2,Pitching Mound.Delivery,,Delivery,pitch.1,336077,7.3857,1.45,111.6051,-192.696,193.3652,-14.071,-0.184,0.1154
1779816507731,2,Pitching Mound.Drive,,Delivery,pitch.1,336597,-0.001,-0.0033,0.0224,0.0126,-0.058,-0.0001,0.0,0.0
1779816507731,2,Pitching Mound.Parent,,Delivery,pitch.1,335784,7.3847,1.4466,111.6275,-192.6834,193.3071,-14.0711,-0.1839,0.1154
1779816507732,2,11.0000004b,Drive,Delivery,pitch.1,336598,-0.0011,-0.0039,0.0233,0.0119,-0.0579,-0.0011,0.0,0.0
1779816507732,2,12.00000015,Lower Delivery,Delivery,pitch.1,336318,7.3155,0.8992,110.6718,-229.871,193.1863,-11.5598,-0.1853,-0.2205
1779816507732,2,12.00000018,Upper Delivery,Delivery,pitch.1,336874,0.0545,0.5926,1.0033,-0.0884,-0.0304,-0.0012,0.0,0.0
1779816507732,2,Pitching Mound.Delivery,,Delivery,pitch.1,336078,7.3699,1.4918,111.6751,-192.6721,193.156,-14.0297,-0.1837,0.1154
1779816507732,2,Pitching Mound.Drive,,Delivery,pitch.1,336598,-0.0011,-0.0039,0.0233,0.0119,-0.0579,-0.0011,0.0,0.0
1779816507732,2,Pitching Mound.Parent,,Delivery,pitch.1,335785,7.3688,1.4879,111.6983,-192.6602,193.0981,-14.0308,-0.1836,0.1153
1779816507733,2,11.0000004b,Drive,Delivery,pitch.1,336599,-0.002,-0.0069,0.0299,0.0108,-0.0585,0.002,0.0,0.0
1779816507733,2,12.00000015,Lower Delivery,Delivery,pitch.1,336319,7.3096,0.8837,110.6524,-229.8987,193.1572,-11.5219,-0.1853,-0.2206
1779816507733,2,12.00000018,Upper Delivery,Delivery,pitch.1,336875,0.0486,0.5219,0.9313,-0.0884,-0.0304,-0.0012,0.0,0.0
1779816507733,2,Pitching Mound.Delivery,,Delivery,pitch.1,336079,7.3582,1.4056,111.5837,-192.6819,193.1268,-13.9919,-0.1838,0.1156
1779816507733,2,Pitching Mound.Drive,,Delivery,pitch.1,336599,-0.002,-0.0069,0.0299,0.0108,-0.0585,0.002,0.0,0.0
1779816507733,2,Pitching Mound.Parent,,Delivery,pitch.1,335786,7.3561,1.3986,111.6136,-192.6711,193.0683,-13.9899,-0.1837,0.1156
1779816507734,2,11.0000004b,Drive,Delivery,pitch.1,336600,-0.0008,-0.0051,0.0243,0.0087,-0.0558,0.0033,0.0,0.0
1779816507734,2,12.00000015,Lower Delivery,Delivery,pitch.1,336320,7.319,0.8853,110.6513,-229.8241,193.089,-11.4818,-0.1853,-0.2205
1779816507734,2,12.00000018,Upper Delivery,Delivery,pitch.1,336876,0.0508,0.5152,0.9285,-0.0884,-0.0304,-0.0012,0.0,0.0
1779816507734,2,Pitching Mound.Delivery,,Delivery,pitch.1,336080,7.3698,1.4005,111.5798,-192.6067,193.0586,-13.9542,-0.1837,0.1157
1779816507734,2,Pitching Mound.Drive,,Delivery,pitch.1,336600,-0.0008,-0.0051,0.0243,0.0087,-0.0558,0.0033,0.0,0.0
1779816507734,2,Pitching Mound.Parent,,Delivery,pitch.1,335787,7.369,1.3954,111.6041,-192.598,193.0028,-13.9509,-0.1837,0.1157
1779816507735,2,11.0000004b,Drive,Delivery,pitch.1,336601,-0.0019,-0.0084,0.0315,0.0094,-0.0553,0.0028,0.0,0.0
1779816507735,2,12.00000015,Lower Delivery,Delivery,pitch.1,336321,7.3005,0.8758,110.6444,-229.8278,193.1561,-11.4486,-0.1853,-0.2205
1779816507735,2,12.00000018,Upper Delivery,Delivery,pitch.1,336877,0.0511,0.4999,0.9285,-0.0884,-0.0304,-0.0012,0.0,0.0
1779816507735,2,Pitching Mound.Delivery,,Delivery,pitch.1,336081,7.3516,1.3756,111.573,-192.6127,193.1257,-13.9146,-0.1838,0.1157
1779816507735,2,Pitching Mound.Drive,,Delivery,pitch.1,336601,-0.0019,-0.0084,0.0315,0.0094,-0.0553,0.0028,0.0,0.0
1779816507735,2,Pitching Mound.Parent,,Delivery,pitch.1,335788,7.3496,1.3673,111.6045,-192.6033,193.0704,-13.9118,-0.1837,0.1156
1779816507736,2,11.0000004b,Drive,Delivery,pitch.1,336602,-0.0012,-0.0066,0.0273,0.0099,-0.0547,0.0023,0.0,0.0
1779816507736,2,12.00000015,Lower Delivery,Delivery,pitch.1,336322,7.2898,0.8628,110.6685,-229.779,193.3706,-11.3857,-0.1855,-0.2204
1779816507736,2,12.00000018,Upper Delivery,Delivery,pitch.1,336878,0.0554,0.5047,0.9899,-0.0884,-0.0304,-0.0012,0.0,0.0
1779816507736,2,Pitching Mound.Delivery,,Delivery,pitch.1,336082,7.3452,1.3675,111.6584,-192.5766,193.3403,-13.8466,-0.1839,0.1155
1779816507736,2,Pitching Mound.Drive,,Delivery,pitch.1,336602,-0.0012,-0.0066,0.0273,0.0099,-0.0547,0.0023,0.0,0.0
1779816507736,2,Pitching Mound.Parent,,Delivery,pitch.1,335789,7.344,1.3609,111.6856,-192.5667,193.2855,-13.8443,-0.1838,0.1155
1779816507737,2,11.0000004b,Drive,Delivery,pitch.1,336603,-0.0009,-0.005,0.0247,0.0077,-0.0536,0.004,0.0,0.0
1779816507737,2,12.00000015,Lower Delivery,Delivery,pitch.1,336323,7.2843,0.8442,110.6145,-229.5593,193.5105,-11.3153,-0.1857,-0.2203
1779816507737,2,12.00000018,Upper Delivery,Delivery,pitch.1,336879,0.0555,0.5053,1.0032,-0.0884,-0.0304,-0.0012,0.0,0.0
1779816507737,2,Pitching Mound.Delivery,,Delivery,pitch.1,336083,7.3398,1.3495,111.6177,-192.3798,193.4801,-13.7743,-0.1841,0.1155
1779816507737,2,Pitching Mound.Drive,,Delivery,pitch.1,336603,-0.0009,-0.005,0.0247,0.0077,-0.0536,0.004,0.0,0.0
1779816507737,2,Pitching Mound.Parent,,Delivery,pitch.1,335790,7.339,1.3445,111.6424,-192.3721,193.4265,-13.7703,-0.184,0.1155
1779816507738,2,11.0000004b,Drive,Delivery,pitch.1,336604,-0.0006,-0.0038,0.0222,0.0067,-0.0552,0.0031,0.0,0.0
1779816507738,2,12.00000015,Lower Delivery,Delivery,pitch.1,336324,7.2873,0.8466,110.6735,-229.5365,193.342,-11.2773,-0.1855,-0.2202
1779816507738,2,12.00000018,Upper Delivery,Delivery,pitch.1,336880,0.0553,0.4987,0.9978,-0.0884,-0.0304,-0.0012,0.0,0.0
1779816507738,2,Pitching Mound.Delivery,,Delivery,pitch.1,336084,7.3427,1.3453,111.6713,-192.3352,193.3116,-13.7373,-0.1838,0.1157
1779816507738,2,Pitching Mound.Drive,,Delivery,pitch.1,336604,-0.0006,-0.0038,0.0222,0.0067,-0.0552,0.0031,0.0,0.0
1779816507738,2,Pitching Mound.Parent,,Delivery,pitch.1,335791,7.3421,1.3415,111.6935,-192.3285,193.2565,-13.7342,-0.1838,0.1157
1779816507739,2,11.0000004b,Drive,Delivery,pitch.1,336605,-0.0007,-0.0037,0.0227,0.0068,-0.0535,0.0047,0.0,0.0
1779816507739,2,12.00000015,Lower Delivery,Delivery,pitch.1,336325,7.2796,0.85,110.6821,-229.4557,193.2946,-11.182,-0.1854,-0.2201
1779816507739,2,12.00000018,Upper Delivery,Delivery,pitch.1,336881,0.0535,0.4848,0.9741,-0.0884,-0.0304,-0.0012,0.0,0.0
1779816507739,2,Pitching Mound.Delivery,,Delivery,pitch.1,336085,7.3332,1.3348,111.6562,-192.2434,193.2642,-13.6401,-0.1838,0.1159
1779816507739,2,Pitching Mound.Drive,,Delivery,pitch.1,336605,-0.0007,-0.0037,0.0227,0.0068,-0.0535,0.0047,0.0,0.0
1779816507739,2,Pitching Mound.Parent,,Delivery,pitch.1,335792,7.3325,1.3311,111.6789,-192.2365,193.2107,-13.6354,-0.1837,0.1159
1779816507740,2,11.0000004b,Drive,Delivery,pitch.1,336606,-0.0009,-0.0042,0.0246,0.0056,-0.0537,0.0048,0.0,0.0
1779816507740,2,12.00000015,Lower Delivery,Delivery,pitch.1,336326,7.279,0.8322,110.6992,-229.4378,193.176,-11.1229,-0.1853,-0.22
1779816507740,2,12.00000018,Upper Delivery,Delivery,pitch.1,336882,0.0567,0.4982,1.0002,-0.0884,-0.0304,-0.0012,0.0,0.0
1779816507740,2,Pitching Mound.Delivery,,Delivery,pitch.1,336086,7.3357,1.3304,111.6994,-192.2285,193.1456,-13.5797,-0.1836,0.1158
1779816507740,2,Pitching Mound.Drive,,Delivery,pitch.1,336606,-0.0009,-0.0042,0.0246,0.0056,-0.0537,0.0048,0.0,0.0
1779816507740,2,Pitching Mound.Parent,,Delivery,pitch.1,335793,7.3348,1.3261,111.724,-192.2229,193.0919,-13.5749,-0.1836,0.1158
1779816507741,2,11.0000004b,Drive,Delivery,pitch.1,336607,0.0,-0.0014,0.0191,0.0048,-0.0533,0.003,0.0,0.0
1779816507741,2,12.00000015,Lower Delivery,Delivery,pitch.1,336327,7.2734,0.8296,110.726,-229.5443,192.9148,-11.0827,-0.185,-0.2201
1779816507741,2,12.00000018,Upper Delivery,Delivery,pitch.1,336883,0.0519,0.4811,0.9618,-0.0884,-0.0304,-0.0012,0.0,0.0
1779816507741,2,Pitching Mound.Delivery,,Delivery,pitch.1,336087,7.3253,1.3108,111.6878,-192.3128,192.8845,-13.5393,-0.1834,0.116
1779816507741,2,Pitching Mound.Drive,,Delivery,pitch.1,336607,0.0,-0.0014,0.0191,0.0048,-0.0533,0.003,0.0,0.0
1779816507741,2,Pitching Mound.Parent,,Delivery,pitch.1,335794,7.3253,1.3094,111.7069,-192.3081,192.8311,-13.5362,-0.1833,0.1159
1779816507742,2,11.0000004b,Drive,Delivery,pitch.1,336608,-0.0006,-0.0043,0.025,0.0054,-0.0524,0.006,0.0,0.0
1779816507742,2,12.00000015,Lower Delivery,Delivery,pitch.1,336328,7.2802,0.8245,110.7575,-229.4082,192.9501,-11.0263,-0.1849,-0.2199
1779816507742,2,12.00000018,Upper Delivery,Delivery,pitch.1,336884,0.0157,0.4376,0.9635,-0.0884,-0.0304,-0.0012,0.0,0.0
1779816507742,2,Pitching Mound.Delivery,,Delivery,pitch.1,336088,7.2959,1.2621,111.721,-192.1666,192.9197,-13.4975,-0.1834,0.1161
1779816507742,2,Pitching Mound.Drive,,Delivery,pitch.1,336608,-0.0006,-0.0043,0.025,0.0054,-0.0524,0.006,0.0,0.0
1779816507742,2,Pitching Mound.Parent,,Delivery,pitch.1,335795,7.2953,1.2578,111.746,-192.1612,192.8673,-13.4915,-0.1833,0.1161
1779816507743,2,11.0000004b,Drive,Delivery,pitch.1,336609,0.0003,-0.0001,0.017,0.0072,-0.0555,0.0055,0.0,0.0
1779816507743,2,12.00000015,Lower Delivery,Delivery,pitch.1,336329,7.2749,0.8136,110.7063,-229.4398,192.7181,-10.9338,-0.1848,-0.22
1779816507743,2,12.00000018,Upper Delivery,Delivery,pitch.1,336885,-0.0152,0.4125,0.9929,-0.0884,-0.0304,-0.0012,0.0,0.0
1779816507743,2,Pitching Mound.Delivery,,Delivery,pitch.1,336089,7.2597,1.2261,111.6993,-192.2256,192.6877,-13.4137,-0.1832,0.1159
1779816507743,2,Pitching Mound.Drive,,Delivery,pitch.1,336609,0.0003,-0.0001,0.017,0.0072,-0.0555,0.0055,0.0,0.0
1779816507743,2,Pitching Mound.Parent,,Delivery,pitch.1,335796,7.26,1.226,111.7162,-192.2184,192.6322,-13.4082,-0.1831,0.1159
1779816507744,2,11.0000004b,Drive,Delivery,pitch.1,336610,0.0003,0.0,0.0165,0.0071,-0.0547,0.0057,0.0,0.0
1779816507744,2,12.00000015,Lower Delivery,Delivery,pitch.1,336330,7.2882,0.7952,110.7244,-229.307,192.6281,-10.8507,-0.1847,-0.2199
1779816507744,2,12.00000018,Upper Delivery,Delivery,pitch.1,336886,0.01,0.4081,0.9019,-0.0884,-0.0304,-0.0012,0.0,0.0
1779816507744,2,Pitching Mound.Delivery,,Delivery,pitch.1,336090,7.2983,1.2033,111.6263,-192.0557,192.5978,-13.3265,-0.1832,0.1164
1779816507744,2,Pitching Mound.Drive,,Delivery,pitch.1,336610,0.0003,0.0,0.0165,0.0071,-0.0547,0.0057,0.0,0.0
1779816507744,2,Pitching Mound.Parent,,Delivery,pitch.1,335797,7.2986,1.2033,111.6428,-192.0485,192.5431,-13.3208,-0.1832,0.1164
1779816507745,2,11.0000004b,Drive,Delivery,pitch.1,336611,-0.0003,-0.0009,0.0199,0.0072,-0.0543,0.0056,0.0,0.0
1779816507745,2,12.00000015,Lower Delivery,Delivery,pitch.1,336331,7.281,0.7705,110.7556,-229.2569,192.5476,-10.7951,-0.1846,-0.2197
1779816507745,2,12.00000018,Upper Delivery,Delivery,pitch.1,336887,0.027,0.393,0.8135,-0.0884,-0.0304,-0.0012,0.0,0.0
1779816507745,2,Pitching Mound.Delivery,,Delivery,pitch.1,336091,7.308,1.1635,111.5691,-191.965,192.5172,-13.2627,-0.1832,0.1169
1779816507745,2,Pitching Mound.Drive,,Delivery,pitch.1,336611,-0.0003,-0.0009,0.0199,0.0072,-0.0543,0.0056,0.0,0.0
1779816507745,2,Pitching Mound.Parent,,Delivery,pitch.1,335798,7.3077,1.1626,111.589,-191.9578,192.4629,-13.2571,-0.1832,0.1169
1779816507746,2,11.0000004b,Drive,Delivery,pitch.1,336612,0.0,-0.0006,0.0176,0.0077,-0.0559,0.0053,0.0,0.0
1779816507746,2,12.00000015,Lower Delivery,Delivery,pitch.1,336332,7.2884,0.7546,110.77,-229.2747,192.5834,-10.7287,-0.1846,-0.2197
1779816507746,2,12.00000018,Upper Delivery,Delivery,pitch.1,336888,0.0259,0.3801,0.7722,-0.0884,-0.0304,-0.0012,0.0,0.0
1779816507746,2,Pitching Mound.Delivery,,Delivery,pitch.1,336092,7.3144,1.1347,111.5422,-191.9638,192.5531,-13.1991,-0.1833,0.1171
1779816507746,2,Pitching Mound.Drive,,Delivery,pitch.1,336612,0.0,-0.0006,0.0176,0.0077,-0.0559,0.0053,0.0,0.0
1779816507746,2,Pitching Mound.Parent,,Delivery,pitch.1,335799,7.3143,1.1341,111.5599,-191.9561,192.4972,-13.1938,-0.1833,0.1171
1779816507747,2,11.0000004b,Drive,Delivery,pitch.1,336613,-0.0004,-0.0013,0.0198,0.0073,-0.0565,0.0058,0.0,0.0
1779816507747,2,12.00000015,Lower Delivery,Delivery,pitch.1,336333,7.2847,0.7295,110.7298,-229.3378,192.6738,-10.6163,-0.1847,-0.2199
1779816507747,2,12.00000018,Upper Delivery,Delivery,pitch.1,336889,0.0237,0.3452,0.6921,-0.0884,-0.0304,-0.0012,0.0,0.0
1779816507747,2,Pitching Mound.Delivery,,Delivery,pitch.1,336093,7.3083,1.0747,111.4219,-192.0133,192.6434,-13.0862,-0.1836,0.1173
1779816507747,2,Pitching Mound.Drive,,Delivery,pitch.1,336613,-0.0004,-0.0013,0.0198,0.0073,-0.0565,0.0058,0.0,0.0
1779816507747,2,Pitching Mound.Parent,,Delivery,pitch.1,335800,7.3079,1.0734,111.4417,-192.006,192.587,-13.0805,-0.1835,0.1172
1779816507748,2,11.0000004b,Drive,Delivery,pitch.1,336614,-0.002,-0.0066,0.0313,0.007,-0.0552,0.0064,0.0,0.0
1779816507748,2,12.00000015,Lower Delivery,Delivery,pitch.1,336334,7.2674,0.7216,110.8353,-229.3404,192.0683,-10.5632,-0.184,-0.2197
1779816507748,2,12.00000018,Upper Delivery,Delivery,pitch.1,336890,0.0237,0.3459,0.7035,-0.0884,-0.0304,-0.0012,0.0,0.0
1779816507748,2,Pitching Mound.Delivery,,Delivery,pitch.1,336094,7.2911,1.0675,111.5388,-191.9839,192.0379,-13.0273,-0.1828,0.1174
1779816507748,2,Pitching Mound.Drive,,Delivery,pitch.1,336614,-0.002,-0.0066,0.0313,0.007,-0.0552,0.0064,0.0,0.0
1779816507748,2,Pitching Mound.Parent,,Delivery,pitch.1,335801,7.2891,1.0608,111.5701,-191.9769,191.9827,-13.0208,-0.1828,0.1174
1779816507749,2,11.0000004b,Drive,Delivery,pitch.1,336615,-0.0016,-0.0056,0.0285,0.0071,-0.0547,0.0075,0.0,0.0
1779816507749,2,12.00000015,Lower Delivery,Delivery,pitch.1,336335,7.261,0.6923,110.8618,-229.4334,192.2352,-10.4796,-0.1841,-0.2197
1779816507749,2,12.00000018,Upper Delivery,Delivery,pitch.1,336891,-0.0096,0.3539,0.8287,-0.0884,-0.0304,-0.0012,0.0,0.0
1779816507749,2,Pitching Mound.Delivery,,Delivery,pitch.1,336095,7.2513,1.0461,111.6905,-192.1106,192.2048,-12.9527,-0.1827,0.1169
1779816507749,2,Pitching Mound.Drive,,Delivery,pitch.1,336615,-0.0016,-0.0056,0.0285,0.0071,-0.0547,0.0075,0.0,0.0
1779816507749,2,Pitching Mound.Parent,,Delivery,pitch.1,335802,7.2497,1.0405,111.719,-192.1034,192.1501,-12.9452,-0.1827,0.1168
1779816507750,2,11.0000004b,Drive,Delivery,pitch.1,336616,-0.0021,-0.0075,0.0316,0.0076,-0.054,0.0101,0.0,0.0
1779816507750,2,12.00000015,Lower Delivery,Delivery,pitch.1,336336,7.2672,0.6901,110.8516,-229.3096,192.5786,-10.4016,-0.1844,-0.2196
1779816507750,2,12.00000018,Upper Delivery,Delivery,pitch.1,336892,-0.0295,0.3478,0.8727,-0.0884,-0.0304,-0.0012,0.0,0.0
1779816507750,2,Pitching Mound.Delivery,,Delivery,pitch.1,336096,7.2376,1.0379,111.7244,-192.0052,192.5482,-12.8837,-0.183,0.1168
1779816507750,2,Pitching Mound.Drive,,Delivery,pitch.1,336616,-0.0021,-0.0075,0.0316,0.0076,-0.054,0.0101,0.0,0.0
1779816507750,2,Pitching Mound.Parent,,Delivery,pitch.1,335803,7.2356,1.0305,111.756,-191.9976,192.4942,-12.8736,-0.1829,0.1168
1779816507751,2,11.0000004b,Drive,Delivery,pitch.1,336617,-0.0016,-0.0051,0.0266,0.0086,-0.056,0.011,0.0,0.0
1779816507751,2,12.00000015,Lower Delivery,Delivery,pitch.1,336337,7.2711,0.6784,110.8626,-229.3364,192.6448,-10.3192,-0.1845,-0.2196
1779816507751,2,12.00000018,Upper Delivery,Delivery,pitch.1,336893,-0.0954,0.3319,1.0303,-0.0884,-0.0304,-0.0012,0.0,0.0
1779816507751,2,Pitching Mound.Delivery,,Delivery,pitch.1,336097,7.1757,1.0103,111.8929,-192.0818,192.6145,-12.825,-0.1828,0.1161
1779816507751,2,Pitching Mound.Drive,,Delivery,pitch.1,336617,-0.0016,-0.0051,0.0266,0.0086,-0.056,0.011,0.0,0.0
1779816507751,2,Pitching Mound.Parent,,Delivery,pitch.1,335804,7.1742,1.0052,111.9195,-192.0732,192.5585,-12.814,-0.1827,0.1161
1779816507752,2,11.0000004b,Drive,Delivery,pitch.1,336618,-0.0031,-0.0071,0.0323,0.0077,-0.0569,0.0099,0.0,0.0
1779816507752,2,12.00000015,Lower Delivery,Delivery,pitch.1,336338,7.2888,0.6495,110.8291,-229.1151,192.9639,-10.2365,-0.1848,-0.2195
1779816507752,2,12.00000018,Upper Delivery,Delivery,pitch.1,336894,-0.0832,0.3189,0.9711,-0.0884,-0.0304,-0.0012,0.0,0.0
1779816507752,2,Pitching Mound.Delivery,,Delivery,pitch.1,336098,7.2056,0.9684,111.8001,-191.8518,192.9336,-12.7442,-0.1832,0.1165
1779816507752,2,Pitching Mound.Drive,,Delivery,pitch.1,336618,-0.0031,-0.0071,0.0323,0.0077,-0.0569,0.0099,0.0,0.0
1779816507752,2,Pitching Mound.Parent,,Delivery,pitch.1,335805,7.2024,0.9613,111.8324,-191.844,192.8766,-12.7342,-0.1832,0.1165
1779816507753,2,11.0000004b,Drive,Delivery,pitch.1,336619,-0.0009,-0.0028,0.0205,0.0059,-0.0557,0.0107,0.0,0.0
1779816507753,2,12.00000015,Lower Delivery,Delivery,pitch.1,336339,7.2915,0.6182,110.8324,-229.087,192.6512,-10.1626,-0.1845,-0.2194
1779816507753,2,12.00000018,Upper Delivery,Delivery,pitch.1,336895,0.0128,0.3561,0.7903,-0.0884,-0.0304,-0.0012,0.0,0.0
1779816507753,2,Pitching Mound.Delivery,,Delivery,pitch.1,336099,7.3043,0.9743,111.6227,-191.761,192.6209,-12.6385,-0.1832,0.1173
1779816507753,2,Pitching Mound.Drive,,Delivery,pitch.1,336619,-0.0009,-0.0028,0.0205,0.0059,-0.0557,0.0107,0.0,0.0
1779816507753,2,Pitching Mound.Parent,,Delivery,pitch.1,335806,7.3033,0.9715,111.6432,-191.7551,192.5652,-12.6278,-0.1832,0.1173
1779816507754,2,11.0000004b,Drive,Delivery,pitch.1,336620,-0.0017,-0.0066,0.0276,0.0057,-0.0536,0.0092,0.0,0.0
1779816507754,2,12.00000015,Lower Delivery,Delivery,pitch.1,336340,7.2846,0.5945,110.8422,-229.0476,192.7147,-10.1081,-0.1846,-0.2194
1779816507754,2,12.00000018,Upper Delivery,Delivery,pitch.1,336896,0.0205,0.3513,0.7567,-0.0884,-0.0304,-0.0012,0.0,0.0
1779816507754,2,Pitching Mound.Delivery,,Delivery,pitch.1,336100,7.3051,0.9457,111.5989,-191.7069,192.6844,-12.5791,-0.1833,0.1175
1779816507754,2,Pitching Mound.Drive,,Delivery,pitch.1,336620,-0.0017,-0.0066,0.0276,0.0057,-0.0536,0.0092,0.0,0.0
1779816507754,2,Pitching Mound.Parent,,Delivery,pitch.1,335807,7.3033,0.9391,111.6266,-191.7012,192.6308,-12.5699,-0.1833,0.1175
1779816507755,2,11.0000004b,Drive,Delivery,pitch.1,336621,-0.0012,-0.0058,0.0248,0.0067,-0.0566,0.0101,0.0,0.0
1779816507755,2,12.00000015,Lower Delivery,Delivery,pitch.1,336341,7.2955,0.5988,110.8114,-229.0168,192.581,-10.0796,-0.1845,-0.2194
1779816507755,2,12.00000018,Upper Delivery,Delivery,pitch.1,336897,0.0112,0.3598,0.802,-0.0884,-0.0304,-0.0012,0.0,0.0
1779816507755,2,Pitching Mound.Delivery,,Delivery,pitch.1,336101,7.3067,0.9586,111.6134,-191.702,192.5506,-12.5574,-0.1832,0.1173
1779816507755,2,Pitching Mound.Drive,,Delivery,pitch.1,336621,-0.0012,-0.0058,0.0248,0.0067,-0.0566,0.0101,0.0,0.0
1779816507755,2,Pitching Mound.Parent,,Delivery,pitch.1,335808,7.3055,0.9528,111.6383,-191.6953,192.494,-12.5473,-0.1831,0.1173
1779816507756,2,11.0000004b,Drive,Delivery,pitch.1,336622,-0.0006,-0.0043,0.0215,0.0064,-0.0558,0.0112,0.0,0.0
1779816507756,2,12.00000015,Lower Delivery,Delivery,pitch.1,336342,7.2848,0.573,110.8332,-228.9013,192.2865,-10.0021,-0.1842,-0.2193
1779816507756,2,12.00000018,Upper Delivery,Delivery,pitch.1,336898,-0.0253,0.3881,0.9933,-0.0884,-0.0304,-0.0012,0.0,0.0
1779816507756,2,Pitching Mound.Delivery,,Delivery,pitch.1,336102,7.2596,0.961,111.8265,-191.6441,192.2562,-12.4887,-0.1825,0.1167
1779816507756,2,Pitching Mound.Drive,,Delivery,pitch.1,336622,-0.0006,-0.0043,0.0215,0.0064,-0.0558,0.0112,0.0,0.0
1779816507756,2,Pitching Mound.Parent,,Delivery,pitch.1,335809,7.2589,0.9568,111.8479,-191.6378,192.2003,-12.4776,-0.1825,0.1166
1779816507757,2,11.0000004b,Drive,Delivery,pitch.1,336623,-0.0003,-0.0017,0.0182,0.0072,-0.0563,0.01,0.0,0.0
1779816507757,2,12.00000015,Lower Delivery,Delivery,pitch.1,336343,7.2969,0.5381,110.7871,-228.8905,192.3549,-9.9237,-0.1843,-0.2193
1779816507757,2,12.00000018,Upper Delivery,Delivery,pitch.1,336899,-0.0557,0.3932,1.0839,-0.0884,-0.0304,-0.0012,0.0,0.0
1779816507757,2,Pitching Mound.Delivery,,Delivery,pitch.1,336103,7.2412,0.9312,111.871,-191.6798,192.3246,-12.4248,-0.1825,0.1162
1779816507757,2,Pitching Mound.Drive,,Delivery,pitch.1,336623,-0.0003,-0.0017,0.0182,0.0072,-0.0563,0.01,0.0,0.0
1779816507757,2,Pitching Mound.Parent,,Delivery,pitch.1,335810,7.2409,0.9296,111.8892,-191.6725,192.2683,-12.4148,-0.1825,0.1162
1779816507758,2,11.0000004b,Drive,Delivery,pitch.1,336624,-0.0009,-0.0042,0.0244,0.0085,-0.0567,0.0094,0.0,0.0
1779816507758,2,12.00000015,Lower Delivery,Delivery,pitch.1,336344,7.314,0.5232,110.8644,-228.9922,192.178,-9.8334,-0.184,-0.2193
1779816507758,2,12.00000018,Upper Delivery,Delivery,pitch.1,336900,-0.1459,0.3298,1.1717,-0.0884,-0.0304,-0.0012,0.0,0.0
1779816507758,2,Pitching Mound.Delivery,,Delivery,pitch.1,336104,7.1681,0.853,112.0361,-191.785,192.1477,-12.3709,-0.1821,0.1159
1779816507758,2,Pitching Mound.Drive,,Delivery,pitch.1,336624,-0.0009,-0.0042,0.0244,0.0085,-0.0567,0.0094,0.0,0.0
1779816507758,2,Pitching Mound.Parent,,Delivery,pitch.1,335811,7.1671,0.8488,112.0605,-191.7765,192.091,-12.3615,-0.1821,0.1159
1779816507759,2,11.0000004b,Drive,Delivery,pitch.1,336625,0.0002,-0.0013,0.0166,0.0107,-0.0599,0.0055,0.0,0.0
1779816507759,2,12.00000015,Lower Delivery,Delivery,pitch.1,336345,7.3068,0.5157,110.7919,-228.7271,192.1453,-9.7492,-0.1841,-0.2192
1779816507759,2,12.00000018,Upper Delivery,Delivery,pitch.1,336901,-0.0563,0.4069,1.1063,-0.0884,-0.0304,-0.0012,0.0,0.0
1779816507759,2,Pitching Mound.Delivery,,Delivery,pitch.1,336105,7.2505,0.9226,111.8982,-191.5223,192.1149,-12.2539,-0.1823,0.1163
1779816507759,2,Pitching Mound.Drive,,Delivery,pitch.1,336625,0.0002,-0.0013,0.0166,0.0107,-0.0599,0.0055,0.0,0.0
1779816507759,2,Pitching Mound.Parent,,Delivery,pitch.1,335812,7.2507,0.9214,111.9148,-191.5116,192.055,-12.2484,-0.1823,0.1163
1779816507760,2,11.0000004b,Drive,Delivery,pitch.1,336626,0.0001,-0.0012,0.0169,0.0144,-0.0601,0.0064,0.0,0.0
1779816507760,2,12.00000015,Lower Delivery,Delivery,pitch.1,336346,7.306,0.4961,110.7309,-228.7363,192.1744,-9.6708,-0.1842,-0.2193
1779816507760,2,12.00000018,Upper Delivery,Delivery,pitch.1,336902,-0.0847,0.3889,1.1517,-0.0884,-0.0304,-0.0012,0.0,0.0
1779816507760,2,Pitching Mound.Delivery,,Delivery,pitch.1,336106,7.2213,0.885,111.8826,-191.5677,192.144,-12.1848,-0.1823,0.116
1779816507760,2,Pitching Mound.Drive,,Delivery,pitch.1,336626,0.0001,-0.0012,0.0169,0.0144,-0.0601,0.0064,0.0,0.0
1779816507760,2,Pitching Mound.Parent,,Delivery,pitch.1,335813,7.2213,0.8838,111.8996,-191.5533,192.0839,-12.1784,-0.1823,0.1159
1779816507761,2,11.0000004b,Drive,Delivery,pitch.1,336627,0.0002,-0.001,0.0167,0.0107,-0.061,0.0076,0.0,0.0
1779816507761,2,12.00000015,Lower Delivery,Delivery,pitch.1,336347,7.3134,0.471,110.7242,-228.7497,191.9406,-9.5906,-0.184,-0.2193
1779816507761,2,12.00000018,Upper Delivery,Delivery,pitch.1,336903,-0.0441,0.413,1.0911,-0.0884,-0.0304,-0.0012,0.0,0.0
1779816507761,2,Pitching Mound.Delivery,,Delivery,pitch.1,336107,7.2693,0.8841,111.8153,-191.5628,191.9102,-12.0933,-0.1822,0.1162
1779816507761,2,Pitching Mound.Drive,,Delivery,pitch.1,336627,0.0002,-0.001,0.0167,0.0107,-0.061,0.0076,0.0,0.0
1779816507761,2,Pitching Mound.Parent,,Delivery,pitch.1,335814,7.2695,0.883,111.832,-191.5521,191.8492,-12.0857,-0.1822,0.1162
1779816507762,2,11.0000004b,Drive,Delivery,pitch.1,336628,0.0004,-0.0014,0.0169,0.0111,-0.0601,0.0045,0.0,0.0
1779816507762,2,12.00000015,Lower Delivery,Delivery,pitch.1,336348,7.3284,0.4389,110.6442,-228.7199,191.7692,-9.5401,-0.184,-0.2195
1779816507762,2,12.00000018,Upper Delivery,Delivery,pitch.1,336904,-0.0608,0.3929,1.0791,-0.0884,-0.0304,-0.0012,0.0,0.0
1779816507762,2,Pitching Mound.Delivery,,Delivery,pitch.1,336108,7.2676,0.8318,111.7233,-191.5561,191.7388,-12.0536,-0.1822,0.1161
1779816507762,2,Pitching Mound.Drive,,Delivery,pitch.1,336628,0.0004,-0.0014,0.0169,0.0111,-0.0601,0.0045,0.0,0.0
1779816507762,2,Pitching Mound.Parent,,Delivery,pitch.1,335815,7.268,0.8304,111.7401,-191.545,191.6787,-12.0492,-0.1822,0.1161
1779816507763,2,11.0000004b,Drive,Delivery,pitch.1,336629,0.0003,-0.0013,0.0171,0.0108,-0.0583,0.0067,0.0,0.0
1779816507763,2,12.00000015,Lower Delivery,Delivery,pitch.1,336349,7.3325,0.4362,110.6268,-228.741,191.6642,-9.4281,-0.1839,-0.2195
1779816507763,2,12.00000018,Upper Delivery,Delivery,pitch.1,336905,-0.0455,0.42,1.0788,-0.0884,-0.0304,-0.0012,0.0,0.0
1779816507763,2,Pitching Mound.Delivery,,Delivery,pitch.1,336109,7.287,0.8562,111.7056,-191.583,191.6338,-11.9378,-0.1822,0.116
1779816507763,2,Pitching Mound.Drive,,Delivery,pitch.1,336629,0.0003,-0.0013,0.0171,0.0108,-0.0583,0.0067,0.0,0.0
1779816507763,2,Pitching Mound.Parent,,Delivery,pitch.1,335816,7.2873,0.8548,111.7227,-191.5722,191.5756,-11.9311,-0.1821,0.116
1779816507764,2,11.0000004b,Drive,Delivery,pitch.1,336630,0.0006,-0.0013,0.017,0.0115,-0.0598,0.0035,0.0,0.0
1779816507764,2,12.00000015,Lower Delivery,Delivery,pitch.1,336350,7.3317,0.4254,110.6494,-228.8649,191.6169,-9.3555,-0.1838,-0.2196
1779816507764,2,12.00000018,Upper Delivery,Delivery,pitch.1,336906,-0.0737,0.427,1.2083,-0.0884,-0.0304,-0.0012,0.0,0.0
1779816507764,2,Pitching Mound.Delivery,,Delivery,pitch.1,336110,7.258,0.8524,111.8577,-191.7433,191.5865,-11.8746,-0.1819,0.1154
1779816507764,2,Pitching Mound.Drive,,Delivery,pitch.1,336630,0.0006,-0.0013,0.017,0.0115,-0.0598,0.0035,0.0,0.0
1779816507764,2,Pitching Mound.Parent,,Delivery,pitch.1,335817,7.2586,0.8511,111.8747,-191.7319,191.5267,-11.8711,-0.1818,0.1154
1779816507765,2,11.0000004b,Drive,Delivery,pitch.1,336631,0.0004,-0.0011,0.0169,0.011,-0.0584,0.0055,0.0,0.0
1779816507765,2,12.00000015,Lower Delivery,Delivery,pitch.1,336351,7.316,0.3997,110.6272,-228.7268,191.9855,-9.2907,-0.1842,-0.2195
1779816507765,2,12.00000018,Upper Delivery,Delivery,pitch.1,336907,-0.1067,0.4283,1.3146,-0.0884,-0.0304,-0.0012,0.0,0.0
1779816507765,2,Pitching Mound.Delivery,,Delivery,pitch.1,336111,7.2093,0.828,111.9417,-191.6489,191.9551,-11.8156,-0.1821,0.1151
1779816507765,2,Pitching Mound.Drive,,Delivery,pitch.1,336631,0.0004,-0.0011,0.0169,0.011,-0.0584,0.0055,0.0,0.0
1779816507765,2,Pitching Mound.Parent,,Delivery,pitch.1,335818,7.2097,0.8269,111.9587,-191.6379,191.8967,-11.81,-0.182,0.1151
1779816507766,2,11.0000004b,Drive,Delivery,pitch.1,336632,0.0001,-0.0013,0.0184,0.0132,-0.059,0.0047,0.0,0.0
1779816507766,2,12.00000015,Lower Delivery,Delivery,pitch.1,336352,7.3185,0.3857,110.5848,-228.7596,191.9646,-9.1861,-0.1843,-0.2196
1779816507766,2,12.00000018,Upper Delivery,Delivery,pitch.1,336908,-0.0675,0.5158,1.3796,-0.0884,-0.0304,-0.0012,0.0,0.0
1779816507766,2,Pitching Mound.Delivery,,Delivery,pitch.1,336112,7.2511,0.9014,111.9644,-191.7182,191.9342,-11.6986,-0.182,0.1147
1779816507766,2,Pitching Mound.Drive,,Delivery,pitch.1,336632,0.0001,-0.0013,0.0184,0.0132,-0.059,0.0047,0.0,0.0
1779816507766,2,Pitching Mound.Parent,,Delivery,pitch.1,335819,7.2512,0.9001,111.9828,-191.705,191.8752,-11.6938,-0.182,0.1147
1779816507767,2,11.0000004b,Drive,Delivery,pitch.1,336633,0.0004,-0.0012,0.0177,0.0112,-0.0588,0.0036,0.0,0.0
1779816507767,2,12.00000015,Lower Delivery,Delivery,pitch.1,336353,7.3318,0.3731,110.4656,-228.8044,192.1534,-9.1261,-0.1847,-0.2199
1779816507767,2,12.00000018,Upper Delivery,Delivery,pitch.1,336909,-0.111,0.4863,1.4455,-0.0884,-0.0304,-0.0012,0.0,0.0
1779816507767,2,Pitching Mound.Delivery,,Delivery,pitch.1,336113,7.2208,0.8594,111.9111,-191.8259,192.123,-11.6579,-0.1823,0.1142
1779816507767,2,Pitching Mound.Drive,,Delivery,pitch.1,336633,0.0004,-0.0012,0.0177,0.0112,-0.0588,0.0036,0.0,0.0
1779816507767,2,Pitching Mound.Parent,,Delivery,pitch.1,335820,7.2212,0.8582,111.9288,-191.8147,192.0642,-11.6542,-0.1823,0.1141
1779816507768,2,11.0000004b,Drive,Delivery,pitch.1,336634,0.0002,-0.0016,0.0189,0.0111,-0.0597,0.0043,0.0,0.0
1779816507768,2,12.00000015,Lower Delivery,Delivery,pitch.1,336354,7.3496,0.3629,110.5003,-228.8355,192.0348,-9.0462,-0.1845,-0.2199
1779816507768,2,12.00000018,Upper Delivery,Delivery,pitch.1,336910,-0.0464,0.6123,1.4802,-0.0884,-0.0304,-0.0012,0.0,0.0
1779816507768,2,Pitching Mound.Delivery,,Delivery,pitch.1,336114,7.3031,0.9752,111.9806,-191.8571,192.0045,-11.5621,-0.1821,0.1141
1779816507768,2,Pitching Mound.Drive,,Delivery,pitch.1,336634,0.0002,-0.0016,0.0189,0.0111,-0.0597,0.0043,0.0,0.0
1779816507768,2,Pitching Mound.Parent,,Delivery,pitch.1,335821,7.3033,0.9736,111.9995,-191.846,191.9448,-11.5578,-0.182,0.114
1779816507769,2,11.0000004b,Drive,Delivery,pitch.1,336635,0.0003,-0.0013,0.0178,0.0114,-0.0595,0.0033,0.0,0.0
1779816507769,2,12.00000015,Lower Delivery,Delivery,pitch.1,336355,7.3724,0.3478,110.4254,-228.5891,192.3401,-8.9893,-0.1849,-0.2198
1779816507769,2,12.00000018,Upper Delivery,Delivery,pitch.1,336911,-0.0586,0.5957,1.5306,-0.0884,-0.0304,-0.0012,0.0,0.0
1779816507769,2,Pitching Mound.Delivery,,Delivery,pitch.1,336115,7.3138,0.9435,111.956,-191.6532,192.3097,-11.517,-0.1824,0.1139
1779816507769,2,Pitching Mound.Drive,,Delivery,pitch.1,336635,0.0003,-0.0013,0.0178,0.0114,-0.0595,0.0033,0.0,0.0
1779816507769,2,Pitching Mound.Parent,,Delivery,pitch.1,335822,7.3141,0.9422,111.9737,-191.6419,192.2502,-11.5137,-0.1824,0.1139
1779816507770,2,11.0000004b,Drive,Delivery,pitch.1,336636,0.0001,-0.0012,0.0179,0.0113,-0.0594,0.0042,0.0,0.0
1779816507770,2,12.00000015,Lower Delivery,Delivery,pitch.1,336356,7.3833,0.3207,110.4836,-228.8011,192.273,-8.9284,-0.1848,-0.2199
1779816507770,2,12.00000018,Upper Delivery,Delivery,pitch.1,336912,-0.0921,0.5346,1.5637,-0.0884,-0.0304,-0.0012,0.0,0.0
1779816507770,2,Pitching Mound.Delivery,,Delivery,pitch.1,336116,7.2912,0.8553,112.0473,-191.8568,192.2427,-11.4712,-0.1822,0.1137
1779816507770,2,Pitching Mound.Drive,,Delivery,pitch.1,336636,0.0001,-0.0012,0.0179,0.0113,-0.0594,0.0042,0.0,0.0
1779816507770,2,Pitching Mound.Parent,,Delivery,pitch.1,335823,7.2913,0.8541,112.0653,-191.8454,192.1833,-11.4671,-0.1821,0.1137
1779816507771,2,11.0000004b,Drive,Delivery,pitch.1,336637,0.0,-0.0013,0.0181,0.0126,-0.0591,0.0008,0.0,0.0
1779816507771,2,12.00000015,Lower Delivery,Delivery,pitch.1,336357,7.3791,0.3154,110.4708,-228.6169,192.1867,-8.8705,-0.1847,-0.2197
1779816507771,2,12.00000018,Upper Delivery,Delivery,pitch.1,336913,-0.0389,0.6237,1.5097,-0.0884,-0.0304,-0.0012,0.0,0.0
1779816507771,2,Pitching Mound.Delivery,,Delivery,pitch.1,336117,7.3401,0.9392,111.9805,-191.6586,192.1563,-11.3938,-0.1822,0.1141
1779816507771,2,Pitching Mound.Drive,,Delivery,pitch.1,336637,0.0,-0.0013,0.0181,0.0126,-0.0591,0.0008,0.0,0.0
1779816507771,2,Pitching Mound.Parent,,Delivery,pitch.1,335824,7.3401,0.9379,111.9986,-191.646,192.0972,-11.393,-0.1822,0.1141
1779816507772,2,11.0000004b,Drive,Delivery,pitch.1,336638,-0.0003,-0.0016,0.019,0.0142,-0.0601,0.0003,0.0,0.0
1779816507772,2,12.00000015,Lower Delivery,Delivery,pitch.1,336358,7.3773,0.2939,110.4176,-228.4288,192.2874,-8.7994,-0.1849,-0.2196
1779816507772,2,12.00000018,Upper Delivery,Delivery,pitch.1,336914,-0.0073,0.6287,1.5019,0.1524,-0.1695,-0.0012,0.0,0.0
1779816507772,2,Pitching Mound.Delivery,,Delivery,pitch.1,336118,7.37,0.9226,111.9195,-191.2451,192.1179,-11.3114,-0.1824,0.1142
1779816507772,2,Pitching Mound.Drive,,Delivery,pitch.1,336638,-0.0003,-0.0016,0.019,0.0142,-0.0601,0.0003,0.0,0.0
1779816507772,2,Pitching Mound.Parent,,Delivery,pitch.1,335825,7.3697,0.921,111.9385,-191.2308,192.0578,-11.311,-0.1824,0.1142
1779816507773,2,11.0000004b,Drive,Delivery,pitch.1,336639,-0.0003,-0.0015,0.0186,0.0135,-0.0602,0.0027,0.0,0.0
1779816507773,2,12.00000015,Lower Delivery,Delivery,pitch.1,336359,7.3604,0.2626,110.4514,-228.436,192.2506,-8.7698,-0.1848,-0.2196
1779816507773,2,12.00000018,Upper Delivery,Delivery,pitch.1,336915,-0.0309,0.6312,1.6061,0.2,-0.1971,-0.0012,0.0,0.0
1779816507773,2,Pitching Mound.Delivery,,Delivery,pitch.1,336119,7.3295,0.8938,112.0575,-191.2285,192.0536,-11.284,-0.1821,0.1138
1779816507773,2,Pitching Mound.Drive,,Delivery,pitch.1,336639,-0.0003,-0.0015,0.0186,0.0135,-0.0602,0.0027,0.0,0.0
1779816507773,2,Pitching Mound.Parent,,Delivery,pitch.1,335826,7.3292,0.8923,112.0761,-191.215,191.9934,-11.2813,-0.1821,0.1138
1779816507774,2,11.0000004b,Drive,Delivery,pitch.1,336640,-0.0006,-0.0014,0.0185,0.0144,-0.0605,0.0006,0.0,0.0
1779816507774,2,12.00000015,Lower Delivery,Delivery,pitch.1,336360,7.3456,0.2466,110.392,-228.2931,192.132,-8.6468,-0.1848,-0.2195
1779816507774,2,12.00000018,Upper Delivery,Delivery,pitch.1,336916,-0.0161,0.6881,1.6692,0.6558,-0.4605,-0.0012,0.0,0.0
1779816507774,2,Pitching Mound.Delivery,,Delivery,pitch.1,336120,7.3295,0.9347,112.0613,-190.6715,191.6715,-11.151,-0.182,0.1136
1779816507774,2,Pitching Mound.Drive,,Delivery,pitch.1,336640,-0.0006,-0.0014,0.0185,0.0144,-0.0605,0.0006,0.0,0.0
1779816507774,2,Pitching Mound.Parent,,Delivery,pitch.1,335827,7.3289,0.9333,112.0798,-190.6571,191.6111,-11.1504,-0.182,0.1136
1779816507775,2,11.0000004b,Drive,Delivery,pitch.1,336641,-0.0005,-0.0014,0.019,0.014,-0.0598,0.0016,0.0,0.0
1779816507775,2,12.00000015,Lower Delivery,Delivery,pitch.1,336361,7.34,0.2273,110.4319,-228.3995,192.0927,-8.5849,-0.1847,-0.2196
1779816507775,2,12.00000018,Upper Delivery,Delivery,pitch.1,336917,0.0104,0.7337,1.6598,0.8881,-0.5948,-0.0012,0.0,0.0
1779816507775,2,Pitching Mound.Delivery,,Delivery,pitch.1,336121,7.3504,0.961,112.0917,-190.5289,191.4979,-11.0782,-0.1819,0.1136
1779816507775,2,Pitching Mound.Drive,,Delivery,pitch.1,336641,-0.0005,-0.0014,0.019,0.014,-0.0598,0.0016,0.0,0.0
1779816507775,2,Pitching Mound.Parent,,Delivery,pitch.1,335828,7.3499,0.9596,112.1107,-190.5149,191.4382,-11.0766,-0.1819,0.1136
1779816507776,2,11.0000004b,Drive,Delivery,pitch.1,336642,-0.0005,-0.0014,0.0189,0.0148,-0.0601,0.0012,0.0,0.0
1779816507776,2,12.00000015,Lower Delivery,Delivery,pitch.1,336362,7.3331,0.2182,110.4156,-228.391,191.8659,-8.5068,-0.1845,-0.2196
1779816507776,2,12.00000018,Upper Delivery,Delivery,pitch.1,336918,0.0259,0.7867,1.7044,1.0761,-0.7035,-0.0013,0.0,0.0
1779816507776,2,Pitching Mound.Delivery,,Delivery,pitch.1,336122,7.359,1.0049,112.12,-190.3531,191.1624,-10.9925,-0.1817,0.1134
1779816507776,2,Pitching Mound.Drive,,Delivery,pitch.1,336642,-0.0005,-0.0014,0.0189,0.0148,-0.0601,0.0012,0.0,0.0
1779816507776,2,Pitching Mound.Parent,,Delivery,pitch.1,335829,7.3585,1.0035,112.1389,-190.3382,191.1023,-10.9913,-0.1816,0.1134
1779816507777,2,11.0000004b,Drive,Delivery,pitch.1,336643,-0.0005,-0.001,0.0178,0.0144,-0.0599,0.0023,0.0,0.0
1779816507777,2,12.00000015,Lower Delivery,Delivery,pitch.1,336363,7.2972,0.1783,110.4287,-228.2834,191.8637,-8.4481,-0.1845,-0.2195
1779816507777,2,12.00000018,Upper Delivery,Delivery,pitch.1,336919,0.1135,0.8179,1.5144,1.3812,-0.8798,-0.0013,0.0,0.0
1779816507777,2,Pitching Mound.Delivery,,Delivery,pitch.1,336123,7.4108,0.9962,111.9432,-189.8714,190.9839,-10.8918,-0.182,0.1143
1779816507777,2,Pitching Mound.Drive,,Delivery,pitch.1,336643,-0.0005,-0.001,0.0178,0.0144,-0.0599,0.0023,0.0,0.0
1779816507777,2,Pitching Mound.Parent,,Delivery,pitch.1,335830,7.4103,0.9952,111.961,-189.8571,190.924,-10.8895,-0.1819,0.1143
1779816507778,2,11.0000004b,Drive,Delivery,pitch.1,336644,-0.0007,-0.0006,0.0184,0.0137,-0.0586,0.0102,0.0,0.0
1779816507778,2,12.00000015,Lower Delivery,Delivery,pitch.1,336364,7.2514,0.1455,110.4082,-228.1539,191.689,-8.3252,-0.1843,-0.2194
1779816507778,2,12.00000018,Upper Delivery,Delivery,pitch.1,336920,0.1089,0.845,1.516,1.7534,-1.0741,-0.0792,0.0,0.0
1779816507778,2,Pitching Mound.Delivery,,Delivery,pitch.1,336124,7.3603,0.9905,111.9242,-189.3772,190.6148,-10.8329,-0.1818,0.1144
1779816507778,2,Pitching Mound.Drive,,Delivery,pitch.1,336644,-0.0007,-0.0006,0.0184,0.0137,-0.0586,0.0102,0.0,0.0
1779816507778,2,Pitching Mound.Parent,,Delivery,pitch.1,335831,7.3596,0.9899,111.9426,-189.3634,190.5563,-10.8226,-0.1818,0.1144
1779816507779,2,11.0000004b,Drive,Delivery,pitch.1,336645,-0.0006,-0.0005,0.0183,0.0128,-0.0577,0.0089,0.0,0.0
1779816507779,2,12.00000015,Lower Delivery,Delivery,pitch.1,336365,7.2342,0.1103,110.4943,-228.1577,191.3785,-8.2338,-0.1839,-0.2192
1779816507779,2,12.00000018,Upper Delivery,Delivery,pitch.1,336921,0.1202,0.8756,1.5259,1.8647,-1.1312,-0.1066,0.0,0.0
1779816507779,2,Pitching Mound.Delivery,,Delivery,pitch.1,336125,7.3544,0.9858,112.0202,-189.2438,190.2473,-10.7591,-0.1814,0.1145
1779816507779,2,Pitching Mound.Drive,,Delivery,pitch.1,336645,-0.0006,-0.0005,0.0183,0.0128,-0.0577,0.0089,0.0,0.0
1779816507779,2,Pitching Mound.Parent,,Delivery,pitch.1,335832,7.3537,0.9853,112.0384,-189.231,190.1896,-10.7502,-0.1813,0.1145
1779816507780,2,11.0000004b,Drive,Delivery,pitch.1,336646,-0.0008,-0.0008,0.0197,0.0141,-0.0573,0.0124,0.0,0.0
1779816507780,2,12.00000015,Lower Delivery,Delivery,pitch.1,336366,7.2209,0.1041,110.4133,-228.188,191.5342,-8.1114,-0.1842,-0.2194
1779816507780,2,12.00000018,Upper Delivery,Delivery,pitch.1,336922,0.1261,0.899,1.5864,1.9601,-1.1834,-0.1176,0.0,0.0
1779816507780,2,Pitching Mound.Delivery,,Delivery,pitch.1,336126,7.3469,1.0031,111.9997,-189.2267,190.3508,-10.6412,-0.1816,0.1141
1779816507780,2,Pitching Mound.Drive,,Delivery,pitch.1,336646,-0.0008,-0.0008,0.0197,0.0141,-0.0573,0.0124,0.0,0.0
1779816507780,2,Pitching Mound.Parent,,Delivery,pitch.1,335833,7.3461,1.0024,112.0194,-189.2126,190.2935,-10.6288,-0.1815,0.1141
1779816507781,2,11.0000004b,Drive,Delivery,pitch.1,336647,-0.0014,-0.0027,0.0241,0.0143,-0.0572,0.0159,0.0,0.0
1779816507781,2,12.00000015,Lower Delivery,Delivery,pitch.1,336367,7.2169,0.0972,110.5153,-228.1636,191.1621,-8.0483,-0.1836,-0.2192
1779816507781,2,12.00000018,Upper Delivery,Delivery,pitch.1,336923,0.1296,0.899,1.578,1.693,-1.0169,-0.163,0.0,0.0
1779816507781,2,Pitching Mound.Delivery,,Delivery,pitch.1,336127,7.3465,0.9961,112.0933,-189.4319,190.1452,-10.6209,-0.181,0.1143
1779816507781,2,Pitching Mound.Drive,,Delivery,pitch.1,336647,-0.0014,-0.0027,0.0241,0.0143,-0.0572,0.0159,0.0,0.0
1779816507781,2,Pitching Mound.Parent,,Delivery,pitch.1,335834,7.3451,0.9934,112.1174,-189.4175,190.088,-10.605,-0.181,0.1143
1779816507782,2,11.0000004b,Drive,Delivery,pitch.1,336648,-0.0022,-0.0051,0.0298,0.0167,-0.0555,0.0156,0.0,0.0
1779816507782,2,12.00000015,Lower Delivery,Delivery,pitch.1,336368,7.1955,0.0727,110.5023,-228.3146,191.3862,-7.9486,-0.1839,-0.2193
1779816507782,2,12.00000018,Upper Delivery,Delivery,pitch.1,336924,0.1228,0.8765,1.5199,1.8132,-1.0575,-0.2715,0.0,0.0
1779816507782,2,Pitching Mound.Delivery,,Delivery,pitch.1,336128,7.3183,0.9491,112.0221,-189.4473,190.3287,-10.6247,-0.1814,0.1144
1779816507782,2,Pitching Mound.Drive,,Delivery,pitch.1,336648,-0.0022,-0.0051,0.0298,0.0167,-0.0555,0.0156,0.0,0.0
1779816507782,2,Pitching Mound.Parent,,Delivery,pitch.1,335835,7.3161,0.944,112.052,-189.4306,190.2732,-10.6092,-0.1813,0.1144
1779816507783,2,11.0000004b,Drive,Delivery,pitch.1,336649,-0.0017,-0.003,0.0257,0.0163,-0.0568,0.0132,0.0,0.0
1779816507783,2,12.00000015,Lower Delivery,Delivery,pitch.1,336369,7.1995,0.0438,110.468,-228.3092,191.4113,-7.8501,-0.184,-0.2194
1779816507783,2,12.00000018,Upper Delivery,Delivery,pitch.1,336925,0.1297,0.9168,1.5775,2.0379,-1.16,-0.3738,0.0,0.0
1779816507783,2,Pitching Mound.Delivery,,Delivery,pitch.1,336129,7.3292,0.9606,112.0454,-189.2486,190.2512,-10.6276,-0.1814,0.1141
1779816507783,2,Pitching Mound.Drive,,Delivery,pitch.1,336649,-0.0017,-0.003,0.0257,0.0163,-0.0568,0.0132,0.0,0.0
1779816507783,2,Pitching Mound.Parent,,Delivery,pitch.1,335836,7.3274,0.9575,112.0711,-189.2323,190.1945,-10.6145,-0.1813,0.1141
1779816507784,2,11.0000004b,Drive,Delivery,pitch.1,336650,-0.0017,-0.0035,0.0262,0.0116,-0.0558,0.0137,0.0,0.0
1779816507784,2,12.00000015,Lower Delivery,Delivery,pitch.1,336370,7.1891,0.0286,110.5476,-228.235,191.1553,-7.7746,-0.1836,-0.2192
1779816507784,2,12.00000018,Upper Delivery,Delivery,pitch.1,336926,0.135,0.9243,1.5472,1.9618,-1.1018,-0.4273,0.0,0.0
1779816507784,2,Pitching Mound.Delivery,,Delivery,pitch.1,336130,7.3241,0.9529,112.0947,-189.2131,190.0535,-10.6003,-0.181,0.1145
1779816507784,2,Pitching Mound.Drive,,Delivery,pitch.1,336650,-0.0017,-0.0035,0.0262,0.0116,-0.0558,0.0137,0.0,0.0
1779816507784,2,Pitching Mound.Parent,,Delivery,pitch.1,335837,7.3224,0.9495,112.1209,-189.2015,189.9977,-10.5866,-0.181,0.1144
1779816507785,2,11.0000004b,Drive,Delivery,pitch.1,336651,-0.0013,-0.0017,0.0226,0.0097,-0.0594,0.0124,0.0,0.0
1779816507785,2,12.00000015,Lower Delivery,Delivery,pitch.1,336371,7.2005,-0.0049,110.4861,-228.3334,191.2142,-7.6431,-0.1837,-0.2194
1779816507785,2,12.00000018,Upper Delivery,Delivery,pitch.1,336927,0.1343,0.9411,1.5849,2.0629,-1.1451,-0.4839,0.0,0.0
1779816507785,2,Pitching Mound.Delivery,,Delivery,pitch.1,336131,7.3348,0.9361,112.071,-189.2441,190.0691,-10.5295,-0.1811,0.1141
1779816507785,2,Pitching Mound.Drive,,Delivery,pitch.1,336651,-0.0013,-0.0017,0.0226,0.0097,-0.0594,0.0124,0.0,0.0
1779816507785,2,Pitching Mound.Parent,,Delivery,pitch.1,335838,7.3335,0.9344,112.0936,-189.2344,190.0097,-10.517,-0.1811,0.1141
1779816507786,2,11.0000004b,Drive,Delivery,pitch.1,336652,-0.0021,-0.0048,0.0289,0.0127,-0.0561,0.0115,0.0,0.0
1779816507786,2,12.00000015,Lower Delivery,Delivery,pitch.1,336372,7.1781,-0.0276,110.4417,-228.2765,191.1596,-7.5494,-0.1838,-0.2194
1779816507786,2,12.00000018,Upper Delivery,Delivery,pitch.1,336928,0.1362,0.9326,1.5821,2.3848,-1.2975,-0.6101,0.0,0.0
1779816507786,2,Pitching Mound.Delivery,,Delivery,pitch.1,336132,7.3143,0.905,112.0238,-188.8794,189.8621,-10.5538,-0.1812,0.1141
1779816507786,2,Pitching Mound.Drive,,Delivery,pitch.1,336652,-0.0021,-0.0048,0.0289,0.0127,-0.0561,0.0115,0.0,0.0
1779816507786,2,Pitching Mound.Parent,,Delivery,pitch.1,335839,7.3122,0.9002,112.0526,-188.8667,189.806,-10.5423,-0.1811,0.114
1779816507787,2,11.0000004b,Drive,Delivery,pitch.1,336653,-0.0022,-0.0062,0.0308,0.0098,-0.0553,0.0103,0.0,0.0
1779816507787,2,12.00000015,Lower Delivery,Delivery,pitch.1,336373,7.1713,-0.0372,110.4043,-228.371,190.9124,-7.4203,-0.1836,-0.2196
1779816507787,2,12.00000018,Upper Delivery,Delivery,pitch.1,336929,0.1395,0.9493,1.6121,2.5749,-1.3867,-0.6879,0.0,0.0
1779816507787,2,Pitching Mound.Delivery,,Delivery,pitch.1,336133,7.3108,0.9121,112.0164,-188.8068,189.5257,-10.499,-0.1809,0.1138
1779816507787,2,Pitching Mound.Drive,,Delivery,pitch.1,336653,-0.0022,-0.0062,0.0308,0.0098,-0.0553,0.0103,0.0,0.0
1779816507787,2,Pitching Mound.Parent,,Delivery,pitch.1,335840,7.3086,0.9059,112.0471,-188.797,189.4704,-10.4887,-0.1809,0.1137
1779816507788,2,11.0000004b,Drive,Delivery,pitch.1,336654,-0.0023,-0.0066,0.0319,0.0132,-0.0561,0.0108,0.0,0.0
1779816507788,2,12.00000015,Lower Delivery,Delivery,pitch.1,336374,7.1998,-0.0575,110.4504,-228.4774,191.0595,-7.3486,-0.1836,-0.2196
1779816507788,2,12.00000018,Upper Delivery,Delivery,pitch.1,336930,0.1413,0.9474,1.5918,2.6415,-1.4076,-0.7535,0.0,0.0
1779816507788,2,Pitching Mound.Delivery,,Delivery,pitch.1,336134,7.341,0.8899,112.0422,-188.824,189.6519,-10.502,-0.181,0.1139
1779816507788,2,Pitching Mound.Drive,,Delivery,pitch.1,336654,-0.0023,-0.0066,0.0319,0.0132,-0.0561,0.0108,0.0,0.0
1779816507788,2,Pitching Mound.Parent,,Delivery,pitch.1,335841,7.3387,0.8833,112.0742,-188.8108,189.5958,-10.4912,-0.181,0.1138
1779816507789,2,11.0000004b,Drive,Delivery,pitch.1,336655,-0.001,-0.0025,0.0228,0.0088,-0.0556,0.0094,0.0,0.0
1779816507789,2,12.00000015,Lower Delivery,Delivery,pitch.1,336375,7.1855,-0.0762,110.4596,-228.475,190.8945,-7.2513,-0.1835,-0.2196
1779816507789,2,12.00000018,Upper Delivery,Delivery,pitch.1,336931,0.1606,0.9867,1.6561,2.7046,-1.4356,-0.7855,0.0,0.0
1779816507789,2,Pitching Mound.Delivery,,Delivery,pitch.1,336135,7.3461,0.9105,112.1157,-188.7772,189.4588,-10.4252,-0.1808,0.1136
1779816507789,2,Pitching Mound.Drive,,Delivery,pitch.1,336655,-0.001,-0.0025,0.0228,0.0088,-0.0556,0.0094,0.0,0.0
1779816507789,2,Pitching Mound.Parent,,Delivery,pitch.1,335842,7.3451,0.908,112.1384,-188.7684,189.4032,-10.4157,-0.1807,0.1136
1779816507790,2,11.0000004b,Drive,Delivery,pitch.1,336656,-0.0014,-0.0038,0.0259,0.0098,-0.0574,0.0114,0.0,0.0
1779816507790,2,12.00000015,Lower Delivery,Delivery,pitch.1,336376,7.1655,-0.1052,110.4633,-228.6138,191.1157,-7.1588,-0.1837,-0.2197
1779816507790,2,12.00000018,Upper Delivery,Delivery,pitch.1,336932,0.1609,0.9878,1.6453,2.599,-1.377,-0.7761,0.0,0.0
1779816507790,2,Pitching Mound.Delivery,,Delivery,pitch.1,336136,7.3263,0.8826,112.1086,-189.0167,189.7387,-10.3165,-0.181,0.1135
1779816507790,2,Pitching Mound.Drive,,Delivery,pitch.1,336656,-0.0014,-0.0038,0.0259,0.0098,-0.0574,0.0114,0.0,0.0
1779816507790,2,Pitching Mound.Parent,,Delivery,pitch.1,335843,7.3249,0.8789,112.1344,-189.007,189.6813,-10.3051,-0.1809,0.1135
1779816507791,2,11.0000004b,Drive,Delivery,pitch.1,336658,-0.0008,-0.0024,0.0212,0.0089,-0.0578,0.0087,0.0,0.0
1779816507791,2,11.0000004b,Drive,Delivery,pitch.1,336657,-0.0023,-0.0071,0.0324,0.01,-0.0563,0.0123,0.0,0.0
1779816507791,2,12.00000015,Lower Delivery,Delivery,pitch.1,336377,7.1519,-0.1563,110.4271,-228.5752,191.0679,-7.0379,-0.1837,-0.2197
1779816507791,2,12.00000018,Upper Delivery,Delivery,pitch.1,336933,0.1865,1.0896,1.783,3.0142,-1.5896,-0.879,0.0,0.0
1779816507791,2,Pitching Mound.Delivery,,Delivery,pitch.1,336137,7.3384,0.9333,112.2101,-188.6219,189.4782,-10.2851,-0.1808,0.1129
1779816507791,2,Pitching Mound.Drive,,Delivery,pitch.1,336658,-0.0008,-0.0024,0.0212,0.0089,-0.0578,0.0087,0.0,0.0
1779816507791,2,Pitching Mound.Drive,,Delivery,pitch.1,336657,-0.0023,-0.0071,0.0324,0.01,-0.0563,0.0123,0.0,0.0
1779816507791,2,Pitching Mound.Parent,,Delivery,pitch.1,335844,7.3361,0.9262,112.2425,-188.6119,189.4219,-10.2728,-0.1807,0.1129
1779816507792,2,11.0000004b,Drive,Delivery,pitch.1,336659,-0.0004,-0.0023,0.0203,0.0092,-0.0578,0.0101,0.0,0.0
1779816507792,2,12.00000015,Lower Delivery,Delivery,pitch.1,336378,7.148,-0.1657,110.4679,-228.5543,191.0312,-6.9063,-0.1836,-0.2196
1779816507792,2,12.00000018,Upper Delivery,Delivery,pitch.1,336934,0.1803,1.0846,1.7791,3.2527,-1.7032,-0.97,0.0,0.0
1779816507792,2,Pitching Mound.Delivery,,Delivery,pitch.1,336138,7.3283,0.9189,112.247,-188.3475,189.328,-10.2454,-0.1807,0.1131
1779816507792,2,Pitching Mound.Drive,,Delivery,pitch.1,336659,-0.0004,-0.0023,0.0203,0.0092,-0.0578,0.0101,0.0,0.0
1779816507792,2,Pitching Mound.Parent,,Delivery,pitch.1,335845,7.3275,0.9165,112.2683,-188.3386,189.2702,-10.2366,-0.1806,0.113
1779816507793,2,11.0000004b,Drive,Delivery,pitch.1,336660,-0.0005,-0.0012,0.0192,0.0106,-0.0575,0.0117,0.0,0.0
1779816507793,2,12.00000015,Lower Delivery,Delivery,pitch.1,336379,7.1313,-0.2098,110.5119,-228.5401,190.7475,-6.7919,-0.1832,-0.2195
1779816507793,2,12.00000018,Upper Delivery,Delivery,pitch.1,336935,0.191,1.1076,1.8227,3.5633,-1.8726,-1.008,0.0,0.0
1779816507793,2,Pitching Mound.Delivery,,Delivery,pitch.1,336139,7.3224,0.8978,112.3347,-188.0224,188.8748,-10.1595,-0.1803,0.113
1779816507793,2,Pitching Mound.Drive,,Delivery,pitch.1,336660,-0.0005,-0.0012,0.0192,0.0106,-0.0575,0.0117,0.0,0.0
1779816507793,2,Pitching Mound.Parent,,Delivery,pitch.1,335846,7.3219,0.8955,112.3549,-188.0132,188.8171,-10.1495,-0.1802,0.113
1779816507794,2,12.00000015,Lower Delivery,Delivery,pitch.1,336380,7.1293,-0.2315,110.5218,-228.6829,190.6086,-6.7021,-0.1831,-0.2197
1779816507794,2,12.00000018,Upper Delivery,Delivery,pitch.1,336936,0.2126,1.1851,1.9142,3.3691,-1.7688,-0.9763,0.0,0.0
1779816507794,2,Pitching Mound.Delivery,,Delivery,pitch.1,336140,7.3419,0.9536,112.436,-188.3872,188.8398,-10.0301,-0.18,0.1125
1779816507794,2,Pitching Mound.Parent,,Delivery,pitch.1,335847,7.3415,0.9524,112.4552,-188.3766,188.7823,-10.0184,-0.1799,0.1125
1779816507795,2,11.0000004b,Drive,Delivery,pitch.1,336661,-0.0002,-0.0013,0.0181,0.0094,-0.0586,0.01,0.0,0.0
1779816507795,2,11.0000004b,Drive,Delivery,pitch.1,336662,-0.0011,-0.0038,0.0241,0.0099,-0.0589,0.0122,0.0,0.0
1779816507795,2,12.00000015,Lower Delivery,Delivery,pitch.1,336381,7.1271,-0.2576,110.5548,-228.7952,190.3999,-6.5438,-0.1828,-0.2197
1779816507795,2,12.00000018,Upper Delivery,Delivery,pitch.1,336937,0.1998,1.1542,1.8901,3.4503,-1.7872,-1.0831,0.0,0.0
1779816507795,2,Pitching Mound.Delivery,,Delivery,pitch.1,336141,7.3269,0.8967,112.4449,-188.399,188.6127,-9.9822,-0.1798,0.1126
1779816507795,2,Pitching Mound.Drive,,Delivery,pitch.1,336661,-0.0002,-0.0013,0.0181,0.0094,-0.0586,0.01,0.0,0.0
1779816507795,2,Pitching Mound.Drive,,Delivery,pitch.1,336662,-0.0011,-0.0038,0.0241,0.0099,-0.0589,0.0122,0.0,0.0
1779816507795,2,Pitching Mound.Parent,,Delivery,pitch.1,335848,7.3267,0.8953,112.463,-188.3896,188.5541,-9.9722,-0.1797,0.1125
1779816507796,2,11.0000004b,Drive,Delivery,pitch.1,336663,-0.001,-0.0041,0.0249,0.0099,-0.0564,0.0106,0.0,0.0
1779816507796,2,12.00000015,Lower Delivery,Delivery,pitch.1,336382,7.1037,-0.2708,110.6468,-228.7862,190.0815,-6.4652,-0.1824,-0.2195
1779816507796,2,12.00000018,Upper Delivery,Delivery,pitch.1,336938,0.2085,1.1485,1.8927,3.5403,-1.8289,-1.1221,0.0,0.0
1779816507796,2,Pitching Mound.Delivery,,Delivery,pitch.1,336142,7.3122,0.8777,112.5395,-188.2695,188.2526,-9.9317,-0.1793,0.1127
1779816507796,2,Pitching Mound.Drive,,Delivery,pitch.1,336663,-0.001,-0.0041,0.0249,0.0099,-0.0564,0.0106,0.0,0.0
1779816507796,2,Pitching Mound.Parent,,Delivery,pitch.1,335849,7.3111,0.8739,112.5635,-188.2596,188.1937,-9.9195,-0.1793,0.1127
1779816507797,2,11.0000004b,Drive,Delivery,pitch.1,336664,-0.0001,-0.0013,0.018,0.0101,-0.0587,0.0074,0.0,0.0
1779816507797,2,12.00000015,Lower Delivery,Delivery,pitch.1,336383,7.097,-0.2912,110.6262,-228.8992,189.7486,-6.3688,-0.1821,-0.2197
1779816507797,2,12.00000018,Upper Delivery,Delivery,pitch.1,336939,0.212,1.2047,1.9245,3.7544,-1.9315,-1.2012,0.0,0.0
1779816507797,2,Pitching Mound.Delivery,,Delivery,pitch.1,336143,7.309,0.9135,112.5508,-188.1863,187.8171,-9.9109,-0.179,0.1125
1779816507797,2,Pitching Mound.Drive,,Delivery,pitch.1,336664,-0.0001,-0.0013,0.018,0.0101,-0.0587,0.0074,0.0,0.0
1779816507797,2,Pitching Mound.Parent,,Delivery,pitch.1,335850,7.3079,0.9094,112.5757,-188.1764,187.7607,-9.9002,-0.1789,0.1124
1779816507798,2,11.0000004b,Drive,Delivery,pitch.1,336665,0.0001,-0.0005,0.0166,0.0101,-0.0585,0.0064,0.0,0.0
1779816507798,2,12.00000015,Lower Delivery,Delivery,pitch.1,336384,7.1157,-0.3029,110.5795,-228.7592,189.7344,-6.2307,-0.1822,-0.2196
1779816507798,2,12.00000018,Upper Delivery,Delivery,pitch.1,336940,0.2225,1.231,1.9779,3.9767,-2.049,-1.2425,0.0,0.0
1779816507798,2,Pitching Mound.Delivery,,Delivery,pitch.1,336144,7.3382,0.9282,112.5574,-187.858,187.6854,-9.8168,-0.179,0.1123
1779816507798,2,Pitching Mound.Drive,,Delivery,pitch.1,336665,0.0001,-0.0005,0.0166,0.0101,-0.0585,0.0064,0.0,0.0
1779816507798,2,Pitching Mound.Parent,,Delivery,pitch.1,335851,7.3381,0.9269,112.5754,-187.8479,187.6267,-9.8094,-0.1789,0.1123
1779816507799,2,11.0000004b,Drive,Delivery,pitch.1,336666,-0.0008,-0.0019,0.0207,0.0095,-0.0604,0.0067,0.0,0.0
1779816507799,2,12.00000015,Lower Delivery,Delivery,pitch.1,336385,7.0899,-0.3182,110.6292,-228.712,189.4463,-6.1454,-0.1818,-0.2195
1779816507799,2,12.00000018,Upper Delivery,Delivery,pitch.1,336942,0.2279,1.2804,2.035,4.4374,-2.2455,-1.3781,0.0,0.0
1779816507799,2,12.00000018,Upper Delivery,Delivery,pitch.1,336941,0.232,1.2774,2.0588,4.4754,-2.2141,-1.3302,0.0,0.0
1779816507799,2,Pitching Mound.Delivery,,Delivery,pitch.1,336145,7.3219,0.9593,112.688,-187.3227,187.2322,-9.8073,-0.1785,0.1121
1779816507799,2,Pitching Mound.Drive,,Delivery,pitch.1,336666,-0.0008,-0.0019,0.0207,0.0095,-0.0604,0.0067,0.0,0.0
1779816507799,2,Pitching Mound.Parent,,Delivery,pitch.1,335852,7.3219,0.9588,112.7046,-187.3125,187.1737,-9.8009,-0.1784,0.1121
1779816507800,2,11.0000004b,Drive,Delivery,pitch.1,336667,-0.0014,-0.0045,0.0262,0.0105,-0.0584,0.0057,0.0,0.0
1779816507800,2,12.00000015,Lower Delivery,Delivery,pitch.1,336386,7.1153,-0.3171,110.6355,-228.8525,189.217,-6.053,-0.1816,-0.2196
1779816507800,2,12.00000018,Upper Delivery,Delivery,pitch.1,336943,0.2476,1.3402,2.1109,5.8176,-2.1284,-1.5523,0.0,0.0
1779816507800,2,Pitching Mound.Delivery,,Delivery,pitch.1,336146,7.3432,0.9633,112.6705,-187.4909,186.9715,-9.7728,-0.1783,0.1121
1779816507800,2,Pitching Mound.Drive,,Delivery,pitch.1,336667,-0.0014,-0.0045,0.0262,0.0105,-0.0584,0.0057,0.0,0.0
1779816507800,2,Pitching Mound.Parent,,Delivery,pitch.1,335853,7.3424,0.9614,112.6912,-187.4814,186.9111,-9.7661,-0.1783,0.1121
1779816507801,2,11.0000004b,Drive,Delivery,pitch.1,336668,-0.0014,-0.0048,0.0267,0.0101,-0.0585,0.0074,0.0,0.0
1779816507801,2,12.00000015,Lower Delivery,Delivery,pitch.1,336387,7.1245,-0.33,110.6155,-228.7648,188.9131,-5.9387,-0.1813,-0.2196
1779816507801,2,Pitching Mound.Delivery,,Delivery,pitch.1,336147,7.3721,1.0102,112.7264,-186.0557,186.7847,-9.8292,-0.1779,0.1118
1779816507801,2,Pitching Mound.Drive,,Delivery,pitch.1,336668,-0.0014,-0.0048,0.0267,0.0101,-0.0585,0.0074,0.0,0.0
1779816507801,2,Pitching Mound.Parent,,Delivery,pitch.1,335854,7.3706,1.0057,112.7526,-186.0452,186.7263,-9.8235,-0.1779,0.1118
1779816507802,2,11.0000004b,Drive,Delivery,pitch.1,336669,-0.0014,-0.0047,0.0258,0.0104,-0.0594,0.0063,0.0,0.0
1779816507802,2,12.00000015,Lower Delivery,Delivery,pitch.1,336388,7.1493,-0.3248,110.7079,-228.9469,188.6718,-5.8338,-0.1809,-0.2195
1779816507802,2,12.00000018,Upper Delivery,Delivery,pitch.1,336944,0.249,1.3519,2.0965,6.0739,-2.379,-1.5837,0.0,0.0
1779816507802,2,12.00000018,Upper Delivery,Delivery,pitch.1,336945,0.2497,1.386,2.1453,6.1988,-2.2565,-1.6284,0.0,0.0
1779816507802,2,Pitching Mound.Delivery,,Delivery,pitch.1,336148,7.3982,1.0271,112.8044,-185.9451,186.2928,-9.7636,-0.1776,0.1119
1779816507802,2,Pitching Mound.Drive,,Delivery,pitch.1,336669,-0.0014,-0.0047,0.0258,0.0104,-0.0594,0.0063,0.0,0.0
1779816507802,2,Pitching Mound.Parent,,Delivery,pitch.1,335855,7.3969,1.0223,112.831,-185.935,186.2342,-9.7562,-0.1775,0.1119
1779816507803,2,11.0000004b,Drive,Delivery,pitch.1,336670,-0.0017,-0.004,0.0258,0.0105,-0.0626,0.0075,0.0,0.0
1779816507803,2,12.00000015,Lower Delivery,Delivery,pitch.1,336389,7.1481,-0.3317,110.7284,-228.9729,188.5886,-5.7529,-0.1808,-0.2195
1779816507803,2,12.00000018,Upper Delivery,Delivery,pitch.1,336946,0.2433,1.3734,2.1232,6.2719,-2.048,-1.6412,0.0,0.0
1779816507803,2,Pitching Mound.Delivery,,Delivery,pitch.1,336149,7.3979,1.0543,112.8737,-185.8559,186.3321,-9.7268,-0.1774,0.1117
1779816507803,2,Pitching Mound.Drive,,Delivery,pitch.1,336670,-0.0017,-0.004,0.0258,0.0105,-0.0626,0.0075,0.0,0.0
1779816507803,2,Pitching Mound.Parent,,Delivery,pitch.1,335856,7.3965,1.0496,112.8996,-185.8455,186.2727,-9.7205,-0.1773,0.1117
1779816507804,2,11.0000004b,Drive,Delivery,pitch.1,336671,-0.0031,-0.0078,0.0351,0.0146,-0.0602,0.008,0.0,0.0
1779816507804,2,12.00000015,Lower Delivery,Delivery,pitch.1,336390,7.153,-0.348,110.7267,-229.0153,188.7267,-5.7005,-0.1809,-0.2196
1779816507804,2,Pitching Mound.Delivery,,Delivery,pitch.1,336150,7.3963,1.0253,112.8499,-185.8182,186.6787,-9.691,-0.1775,0.1118
1779816507804,2,Pitching Mound.Drive,,Delivery,pitch.1,336671,-0.0031,-0.0078,0.0351,0.0146,-0.0602,0.008,0.0,0.0
1779816507804,2,Pitching Mound.Parent,,Delivery,pitch.1,335857,7.3946,1.0214,112.8757,-185.8077,186.6161,-9.6834,-0.1775,0.1117
1779816507805,2,11.0000004b,Drive,Delivery,pitch.1,336672,-0.0023,-0.0041,0.0286,0.0148,-0.0599,0.0108,0.0,0.0
1779816507805,2,12.00000015,Lower Delivery,Delivery,pitch.1,336391,7.1539,-0.3531,110.7779,-229.1097,188.7921,-5.6364,-0.1809,-0.2196
1779816507805,2,12.00000018,Upper Delivery,Delivery,pitch.1,336947,0.2379,1.334,2.1504,6.9643,-1.7864,-1.7254,0.0,0.0
1779816507805,2,Pitching Mound.Delivery,,Delivery,pitch.1,336151,7.3918,0.9809,112.9284,-185.212,187.0058,-9.7131,-0.1775,0.1117
1779816507805,2,Pitching Mound.Drive,,Delivery,pitch.1,336672,-0.0023,-0.0041,0.0286,0.0148,-0.0599,0.0108,0.0,0.0
1779816507805,2,Pitching Mound.Parent,,Delivery,pitch.1,335858,7.3887,0.9731,112.9635,-185.1974,186.9455,-9.7052,-0.1774,0.1116
1779816507806,2,11.0000004b,Drive,Delivery,pitch.1,336673,-0.0019,-0.0046,0.0277,0.0141,-0.0598,0.008,0.0,0.0
1779816507806,2,12.00000015,Lower Delivery,Delivery,pitch.1,336392,7.1653,-0.3651,110.8235,-229.2209,188.5093,-5.5526,-0.1806,-0.2196
1779816507806,2,12.00000018,Upper Delivery,Delivery,pitch.1,336948,0.249,1.3833,2.2387,6.9683,-1.794,-1.7292,0.0,0.0
1779816507806,2,Pitching Mound.Delivery,,Delivery,pitch.1,336152,7.4144,1.0182,113.0622,-185.3338,186.7152,-9.6333,-0.177,0.1113
1779816507806,2,Pitching Mound.Drive,,Delivery,pitch.1,336673,-0.0019,-0.0046,0.0277,0.0141,-0.0598,0.008,0.0,0.0
1779816507806,2,Pitching Mound.Parent,,Delivery,pitch.1,335859,7.412,1.0141,113.0907,-185.319,186.6554,-9.6225,-0.177,0.1113
1779816507807,2,11.0000004b,Drive,Delivery,pitch.1,336674,-0.0017,-0.0034,0.0251,0.0142,-0.0617,0.0075,0.0,0.0
1779816507807,2,12.00000015,Lower Delivery,Delivery,pitch.1,336393,7.1701,-0.3925,110.7818,-229.1855,188.8795,-5.4596,-0.181,-0.2196
1779816507807,2,12.00000018,Upper Delivery,Delivery,pitch.1,336949,0.2513,1.3794,2.2817,7.2911,-1.6103,-1.8225,0.0,0.0
1779816507807,2,Pitching Mound.Delivery,,Delivery,pitch.1,336153,7.4214,0.9869,113.0634,-185.0044,187.2692,-9.6345,-0.1774,0.1111
1779816507807,2,Pitching Mound.Drive,,Delivery,pitch.1,336674,-0.0017,-0.0034,0.0251,0.0142,-0.0617,0.0075,0.0,0.0
1779816507807,2,Pitching Mound.Parent,,Delivery,pitch.1,335860,7.4194,0.9823,113.0912,-184.9903,187.2094,-9.6265,-0.1773,0.1111
1779816507808,2,11.0000004b,Drive,Delivery,pitch.1,336675,-0.0028,-0.0059,0.0321,0.0147,-0.0613,0.008,0.0,0.0
1779816507808,2,12.00000015,Lower Delivery,Delivery,pitch.1,336394,7.1751,-0.4221,110.8319,-229.342,188.8206,-5.3736,-0.1809,-0.2197
1779816507808,2,12.00000018,Upper Delivery,Delivery,pitch.1,336950,0.2633,1.3949,2.3304,7.2835,-1.6735,-1.9,0.0,0.0
1779816507808,2,Pitching Mound.Delivery,,Delivery,pitch.1,336154,7.4385,0.9728,113.1623,-185.168,187.1471,-9.6236,-0.1771,0.1108
1779816507808,2,Pitching Mound.Drive,,Delivery,pitch.1,336675,-0.0028,-0.0059,0.0321,0.0147,-0.0613,0.008,0.0,0.0
1779816507808,2,Pitching Mound.Parent,,Delivery,pitch.1,335861,7.4368,0.9694,113.1873,-185.1538,187.0854,-9.6161,-0.1771,0.1108
1779816507809,2,11.0000004b,Drive,Delivery,pitch.1,336676,-0.0032,-0.0077,0.0349,0.0186,-0.0611,0.0098,0.0,0.0
1779816507809,2,12.00000015,Lower Delivery,Delivery,pitch.1,336395,7.1563,-0.467,110.8566,-229.5322,189.0228,-5.3324,-0.181,-0.2198
1779816507809,2,12.00000018,Upper Delivery,Delivery,pitch.1,336951,0.2683,1.4093,2.3571,7.5858,-1.2918,-1.96,0.0,0.0
1779816507809,2,Pitching Mound.Delivery,,Delivery,pitch.1,336155,7.4246,0.9424,113.2137,-185.0565,187.731,-9.6342,-0.1773,0.1106
1779816507809,2,Pitching Mound.Drive,,Delivery,pitch.1,336676,-0.0032,-0.0077,0.0349,0.0186,-0.0611,0.0098,0.0,0.0
1779816507809,2,Pitching Mound.Parent,,Delivery,pitch.1,335862,7.4218,0.9365,113.2457,-185.0418,187.6697,-9.6263,-0.1772,0.1106
1779816507810,2,11.0000004b,Drive,Delivery,pitch.1,336677,-0.0041,-0.0087,0.0384,0.0172,-0.0616,0.0091,0.0,0.0
1779816507810,2,12.00000015,Lower Delivery,Delivery,pitch.1,336396,7.1475,-0.4687,110.749,-229.4499,189.0057,-5.2296,-0.1812,-0.2199
1779816507810,2,12.00000018,Upper Delivery,Delivery,pitch.1,336952,0.2766,1.4308,2.3849,8.1152,-1.0865,-2.0668,0.0484,0.327
1779816507810,2,Pitching Mound.Delivery,,Delivery,pitch.1,336156,7.4241,0.9621,113.1339,-184.4909,187.9192,-9.6325,-0.1763,0.1172
1779816507810,2,Pitching Mound.Drive,,Delivery,pitch.1,336677,-0.0041,-0.0087,0.0384,0.0172,-0.0616,0.0091,0.0,0.0
1779816507810,2,Pitching Mound.Parent,,Delivery,pitch.1,335863,7.4209,0.9544,113.1689,-184.4724,187.8581,-9.6227,-0.1763,0.1172
1779816507811,2,11.0000004b,Drive,Delivery,pitch.1,336678,-0.0089,-0.0111,0.06,0.0191,-0.0591,0.0115,0.0,0.0
1779816507811,2,12.00000015,Lower Delivery,Delivery,pitch.1,336397,7.132,-0.5019,110.6852,-229.4743,188.9204,-5.1295,-0.1812,-0.2201
1779816507811,2,12.00000018,Upper Delivery,Delivery,pitch.1,336953,0.2824,1.45,2.4339,8.6109,-0.7094,-2.1757,0.0309,0.327
1779816507811,2,Pitching Mound.Delivery,,Delivery,pitch.1,336157,7.4143,0.9481,113.1191,-184.0579,188.211,-9.6341,-0.1766,0.117
1779816507811,2,Pitching Mound.Drive,,Delivery,pitch.1,336678,-0.0089,-0.0111,0.06,0.0191,-0.0591,0.0115,0.0,0.0
1779816507811,2,Pitching Mound.Parent,,Delivery,pitch.1,335864,7.4102,0.9394,113.1575,-184.0407,188.1494,-9.625,-0.1766,0.117
1779816507812,2,11.0000004b,Drive,Delivery,pitch.1,336679,-0.0081,-0.0118,0.0457,0.0137,-0.0617,0.0087,0.0,0.0
1779816507812,2,12.00000015,Lower Delivery,Delivery,pitch.1,336398,7.13,-0.5288,110.642,-229.3394,189.0642,-5.0347,-0.1814,-0.2201
1779816507812,2,12.00000018,Upper Delivery,Delivery,pitch.1,336954,0.2984,1.504,2.5654,8.7179,-0.4114,-2.2348,0.017,0.327
1779816507812,2,Pitching Mound.Delivery,,Delivery,pitch.1,336158,7.4284,0.9752,113.2075,-183.8755,188.6528,-9.5923,-0.1769,0.1169
1779816507812,2,Pitching Mound.Drive,,Delivery,pitch.1,336679,-0.0081,-0.0118,0.0457,0.0137,-0.0617,0.0087,0.0,0.0
1779816507812,2,Pitching Mound.Parent,,Delivery,pitch.1,335865,7.4195,0.9641,113.2674,-183.8564,188.5938,-9.5808,-0.1768,0.1169
1779816507813,2,11.0000004b,Drive,Delivery,pitch.1,336680,-0.0108,-0.0129,0.0485,0.0115,-0.0606,0.0044,0.0,0.0
1779816507813,2,12.00000015,Lower Delivery,Delivery,pitch.1,336399,7.1194,-0.5623,110.6165,-229.4964,188.68,-4.8993,-0.1811,-0.2203
1779816507813,2,12.00000018,Upper Delivery,Delivery,pitch.1,336955,0.2928,1.481,2.5879,9.2089,-0.0416,-2.3343,0.0017,0.327
1779816507813,2,Pitching Mound.Delivery,,Delivery,pitch.1,336159,7.4122,0.9187,113.2045,-183.5579,188.6384,-9.5546,-0.1769,0.1167
1779816507813,2,Pitching Mound.Drive,,Delivery,pitch.1,336680,-0.0108,-0.0129,0.0485,0.0115,-0.0606,0.0044,0.0,0.0
1779816507813,2,Pitching Mound.Parent,,Delivery,pitch.1,335866,7.4041,0.9069,113.2501,-183.5442,188.5768,-9.5459,-0.1768,0.1167
1779816507814,2,11.0000004b,Drive,Delivery,pitch.1,336681,-0.0081,-0.0107,0.0428,0.012,-0.0591,0.0038,0.0,0.0
1779816507814,2,12.00000015,Lower Delivery,Delivery,pitch.1,336400,7.1147,-0.5923,110.5434,-229.4559,188.8407,-4.7855,-0.1814,-0.2204
1779816507814,2,12.00000015,Lower Delivery,Delivery,pitch.1,336401,7.1208,-0.6518,110.4304,-229.2397,188.886,-4.6744,-0.1816,-0.2204
1779816507814,2,12.00000018,Upper Delivery,Delivery,pitch.1,336956,0.3093,1.5228,2.673,9.7554,0.048,-2.4527,-0.0019,0.327
1779816507814,2,Pitching Mound.Delivery,,Delivery,pitch.1,336160,7.424,0.9304,113.2165,-183.0245,188.8887,-9.5521,-0.1771,0.1165
1779816507814,2,Pitching Mound.Drive,,Delivery,pitch.1,336681,-0.0081,-0.0107,0.0428,0.012,-0.0591,0.0038,0.0,0.0
1779816507814,2,Pitching Mound.Parent,,Delivery,pitch.1,335867,7.4133,0.9175,113.265,-183.013,188.8282,-9.5477,-0.177,0.1165
1779816507815,2,11.0000004b,Drive,Delivery,pitch.1,336682,-0.0114,-0.0121,0.048,0.0144,-0.0596,0.0041,0.0,0.0
1779816507815,2,12.00000015,Lower Delivery,Delivery,pitch.1,336402,7.1233,-0.6649,110.4175,-229.3174,189.0175,-4.5331,-0.1817,-0.2205
1779816507815,2,12.00000018,Upper Delivery,Delivery,pitch.1,336957,0.3231,1.5637,2.7487,10.1812,-0.0446,-2.5138,0.0017,0.327
1779816507815,2,Pitching Mound.Delivery,,Delivery,pitch.1,336161,7.4439,0.9119,113.1791,-182.4467,188.8413,-9.4994,-0.1771,0.1164
1779816507815,2,Pitching Mound.Drive,,Delivery,pitch.1,336682,-0.0114,-0.0121,0.048,0.0144,-0.0596,0.0041,0.0,0.0
1779816507815,2,Pitching Mound.Parent,,Delivery,pitch.1,335868,7.4359,0.9013,113.2219,-182.4346,188.7823,-9.4955,-0.1771,0.1164
1779816507816,2,11.0000004b,Drive,Delivery,pitch.1,336683,-0.0136,-0.0139,0.0829,0.014,-0.0597,0.006,0.0,0.0
1779816507816,2,12.00000018,Upper Delivery,Delivery,pitch.1,336958,0.3224,1.5903,2.7923,9.5755,-0.1209,-2.467,0.0046,0.327
1779816507816,2,Pitching Mound.Delivery,,Delivery,pitch.1,336162,7.4457,0.9254,113.2098,-183.1493,188.8967,-9.3124,-0.1771,0.1163
1779816507816,2,Pitching Mound.Drive,,Delivery,pitch.1,336683,-0.0136,-0.0139,0.0829,0.014,-0.0597,0.006,0.0,0.0
1779816507816,2,Pitching Mound.Parent,,Delivery,pitch.1,335869,7.4343,0.9133,113.2577,-183.1349,188.8371,-9.3083,-0.1771,0.1162
1779816507817,2,11.0000004b,Drive,Delivery,pitch.1,336684,-0.0178,-0.0131,0.0739,0.0129,-0.0613,0.0051,0.0,0.0
1779816507817,2,12.00000015,Lower Delivery,Delivery,pitch.1,336403,7.1401,-0.6976,110.4292,-229.3624,189.1643,-4.4919,-0.1819,-0.2205
1779816507817,2,12.00000018,Upper Delivery,Delivery,pitch.1,336959,0.3276,1.5944,2.7964,9.8632,-0.0641,-2.5724,0.0024,0.327
1779816507817,2,Pitching Mound.Delivery,,Delivery,pitch.1,336163,7.4677,0.8968,113.2256,-182.9041,189.1002,-9.3805,-0.1773,0.1162
1779816507817,2,Pitching Mound.Drive,,Delivery,pitch.1,336684,-0.0178,-0.0131,0.0739,0.0129,-0.0613,0.0051,0.0,0.0
1779816507817,2,Pitching Mound.Parent,,Delivery,pitch.1,335870,7.4541,0.8829,113.3085,-182.8901,189.0405,-9.3745,-0.1772,0.1161
1779816507818,2,11.0000004b,Drive,Delivery,pitch.1,336685,-0.0163,-0.0151,0.0862,0.0119,-0.06,0.0056,0.0,0.0
1779816507818,2,12.00000015,Lower Delivery,Delivery,pitch.1,336404,7.1223,-0.7378,110.3316,-229.1017,189.1676,-4.3669,-0.182,-0.2204
1779816507818,2,12.00000015,Lower Delivery,Delivery,pitch.1,336405,7.1205,-0.7535,110.3424,-229.0254,188.8285,-4.1373,-0.1817,-0.2203
1779816507818,2,12.00000018,Upper Delivery,Delivery,pitch.1,336960,0.3224,1.5825,2.8335,10.2975,0.1889,-2.6312,-0.0071,0.327
1779816507818,2,Pitching Mound.Delivery,,Delivery,pitch.1,336164,7.4447,0.8448,113.1651,-182.2549,189.3565,-9.31,-0.1776,0.1162
1779816507818,2,Pitching Mound.Drive,,Delivery,pitch.1,336685,-0.0163,-0.0151,0.0862,0.0119,-0.06,0.0056,0.0,0.0
1779816507818,2,Pitching Mound.Parent,,Delivery,pitch.1,335871,7.4268,0.8316,113.239,-182.242,189.2952,-9.3048,-0.1775,0.1162
1779816507819,2,11.0000004b,Drive,Delivery,pitch.1,336686,-0.0128,-0.0127,0.0501,0.0114,-0.0615,0.0045,0.0,0.0
1779816507819,2,12.00000015,Lower Delivery,Delivery,pitch.1,336406,7.103,-0.8086,110.3266,-229.0799,189.0698,-3.9831,-0.1819,-0.2204
1779816507819,2,12.00000018,Upper Delivery,Delivery,pitch.1,336961,0.3233,1.5861,2.859,10.5188,0.4566,-2.6812,-0.017,0.327
1779816507819,2,Pitching Mound.Delivery,,Delivery,pitch.1,336165,7.4438,0.8326,113.2014,-181.9622,189.2851,-9.1296,-0.1775,0.1163
1779816507819,2,Pitching Mound.Drive,,Delivery,pitch.1,336686,-0.0128,-0.0127,0.0501,0.0114,-0.0615,0.0045,0.0,0.0
1779816507819,2,Pitching Mound.Parent,,Delivery,pitch.1,335872,7.4275,0.8175,113.2876,-181.9503,189.2252,-9.124,-0.1774,0.1162
1779816507820,2,11.0000004b,Drive,Delivery,pitch.1,336687,-0.0086,-0.0114,0.0435,0.0123,-0.0602,0.0036,0.0,0.0
1779816507820,2,12.00000015,Lower Delivery,Delivery,pitch.1,336407,7.1185,-0.8469,110.4034,-229.1251,188.9686,-3.7526,-0.1817,-0.2203
1779816507820,2,12.00000018,Upper Delivery,Delivery,pitch.1,336962,0.3122,1.5462,2.8671,10.7444,0.637,-2.7373,-0.0236,0.327
1779816507820,2,Pitching Mound.Delivery,,Delivery,pitch.1,336166,7.4152,0.7376,113.1938,-181.7993,189.7067,-9.0292,-0.1779,0.1162
1779816507820,2,Pitching Mound.Drive,,Delivery,pitch.1,336687,-0.0086,-0.0114,0.0435,0.0123,-0.0602,0.0036,0.0,0.0
1779816507820,2,Pitching Mound.Parent,,Delivery,pitch.1,335873,7.4025,0.7249,113.2439,-181.7879,189.6453,-9.0247,-0.1778,0.1162
1779816507821,2,11.0000004b,Drive,Delivery,pitch.1,336688,-0.0093,-0.007,0.0359,0.0128,-0.0614,0.0043,0.0,0.0
1779816507821,2,12.00000018,Upper Delivery,Delivery,pitch.1,336963,0.3164,1.5514,2.8931,11.2817,0.7591,-2.8039,-0.0279,0.327
1779816507821,2,Pitching Mound.Delivery,,Delivery,pitch.1,336167,7.435,0.7045,113.2965,-181.29,189.7278,-8.8692,-0.1778,0.1163
1779816507821,2,Pitching Mound.Drive,,Delivery,pitch.1,336688,-0.0093,-0.007,0.0359,0.0128,-0.0614,0.0043,0.0,0.0
1779816507821,2,Pitching Mound.Parent,,Delivery,pitch.1,335874,7.4263,0.6932,113.3399,-181.2777,189.6675,-8.8656,-0.1777,0.1162
1779816507822,2,11.0000004b,Drive,Delivery,pitch.1,336689,-0.0008,-0.0007,0.0175,0.0109,-0.0615,0.0038,0.0,0.0
1779816507822,2,12.00000015,Lower Delivery,Delivery,pitch.1,336409,7.0846,-0.9055,110.4449,-229.1222,188.7387,-3.5051,-0.1814,-0.2202
1779816507822,2,12.00000015,Lower Delivery,Delivery,pitch.1,336408,7.1056,-0.8755,110.484,-229.0418,188.7399,-3.5892,-0.1814,-0.2201
1779816507822,2,12.00000018,Upper Delivery,Delivery,pitch.1,336964,0.3407,1.577,2.9619,11.8331,0.8712,-2.8569,-0.0312,0.327
1779816507822,2,12.00000018,Upper Delivery,Delivery,pitch.1,336965,0.3724,1.5949,3.0371,12.0859,0.8344,-2.9534,-0.0292,0.327
1779816507822,2,Pitching Mound.Delivery,,Delivery,pitch.1,336169,7.457,0.6895,113.482,-180.5176,189.5731,-8.7406,-0.1773,0.1162
1779816507822,2,Pitching Mound.Delivery,,Delivery,pitch.1,336168,7.4463,0.7015,113.4459,-180.6512,189.611,-8.7462,-0.1774,0.1164
1779816507822,2,Pitching Mound.Drive,,Delivery,pitch.1,336689,-0.0008,-0.0007,0.0175,0.0109,-0.0615,0.0038,0.0,0.0
1779816507822,2,Pitching Mound.Parent,,Delivery,pitch.1,335876,7.4562,0.6888,113.4996,-180.5067,189.5115,-8.7368,-0.1773,0.1162
1779816507822,2,Pitching Mound.Parent,,Delivery,pitch.1,335875,7.437,0.6944,113.4817,-180.6384,189.5496,-8.7419,-0.1774,0.1164
1779816507823,2,11.0000004b,Drive,Delivery,pitch.1,336690,-0.0038,-0.0038,0.0251,0.0102,-0.0587,0.0055,0.0,0.0
1779816507823,2,12.00000015,Lower Delivery,Delivery,pitch.1,336410,7.0744,-0.9304,110.4712,-228.9619,188.9788,-3.3821,-0.1816,-0.22
1779816507823,2,12.00000018,Upper Delivery,Delivery,pitch.1,336966,0.3592,1.5847,2.9833,12.5705,1.238,-3.0577,-0.0441,0.327
1779816507823,2,Pitching Mound.Delivery,,Delivery,pitch.1,336170,7.4335,0.6543,113.4544,-179.8456,190.2168,-8.723,-0.178,0.1165
1779816507823,2,Pitching Mound.Drive,,Delivery,pitch.1,336690,-0.0038,-0.0038,0.0251,0.0102,-0.0587,0.0055,0.0,0.0
1779816507823,2,Pitching Mound.Parent,,Delivery,pitch.1,335877,7.4298,0.6505,113.4795,-179.8353,190.1581,-8.7175,-0.178,0.1164
1779816507824,2,11.0000004b,Drive,Delivery,pitch.1,336691,-0.0093,-0.0046,0.0314,0.0089,-0.0573,0.0054,0.0,0.0
1779816507824,2,12.00000015,Lower Delivery,Delivery,pitch.1,336411,7.0631,-0.9662,110.536,-228.9902,188.7403,-3.2798,-0.1813,-0.2199
1779816507824,2,Pitching Mound.Drive,,Delivery,pitch.1,336691,-0.0093,-0.0046,0.0314,0.0089,-0.0573,0.0054,0.0,0.0
1779816507825,2,11.0000004b,Drive,Delivery,pitch.1,336692,-0.0071,-0.0074,0.0361,0.0086,-0.0568,0.0085,0.0,0.0
1779816507825,2,12.00000015,Lower Delivery,Delivery,pitch.1,336412,7.0575,-0.9741,110.6301,-228.906,188.6262,-3.1181,-0.181,-0.2197
1779816507825,2,12.00000018,Upper Delivery,Delivery,pitch.1,336967,0.3898,1.5912,3.0927,13.1345,1.5521,-3.1494,-0.0533,0.327
1779816507825,2,12.00000018,Upper Delivery,Delivery,pitch.1,336968,0.4061,1.6047,3.1275,13.7722,1.7222,-3.3016,-0.0585,0.327
1779816507825,2,Pitching Mound.Delivery,,Delivery,pitch.1,336171,7.4529,0.625,113.6287,-179.325,190.2924,-8.6981,-0.1778,0.1164
1779816507825,2,Pitching Mound.Delivery,,Delivery,pitch.1,336172,7.4636,0.6305,113.7576,-178.583,190.3484,-8.6812,-0.1776,0.1167
1779816507825,2,Pitching Mound.Drive,,Delivery,pitch.1,336692,-0.0071,-0.0074,0.0361,0.0086,-0.0568,0.0085,0.0,0.0
1779816507825,2,Pitching Mound.Parent,,Delivery,pitch.1,335878,7.4436,0.6204,113.6601,-179.3161,190.2352,-8.6927,-0.1777,0.1164
1779816507825,2,Pitching Mound.Parent,,Delivery,pitch.1,335879,7.4565,0.6232,113.7937,-178.5744,190.2916,-8.6726,-0.1776,0.1166
1779816507826,2,11.0000004b,Drive,Delivery,pitch.1,336693,-0.0068,-0.0023,0.025,0.0064,-0.056,0.0049,0.0,0.0
1779816507826,2,12.00000015,Lower Delivery,Delivery,pitch.1,336413,7.0491,-1.0022,110.7155,-228.8477,188.1773,-3.0008,-0.1804,-0.2194
1779816507826,2,12.00000018,Upper Delivery,Delivery,pitch.1,336969,0.4303,1.5766,3.1901,14.1797,1.867,-3.3742,-0.0621,0.327
1779816507826,2,Pitching Mound.Delivery,,Delivery,pitch.1,336173,7.4794,0.5744,113.9056,-178.1093,190.0443,-8.6254,-0.1771,0.1168
1779816507826,2,Pitching Mound.Drive,,Delivery,pitch.1,336693,-0.0068,-0.0023,0.025,0.0064,-0.056,0.0049,0.0,0.0
1779816507826,2,Pitching Mound.Parent,,Delivery,pitch.1,335880,7.4726,0.5721,113.9306,-178.1029,189.9883,-8.6205,-0.1771,0.1168
1779816507827,2,11.0000004b,Drive,Delivery,pitch.1,336694,-0.0035,-0.0006,0.0211,0.0071,-0.0568,0.0032,0.0,0.0
1779816507827,2,12.00000018,Upper Delivery,Delivery,pitch.1,336970,0.4828,1.6284,3.3268,14.0098,1.7862,-3.383,-0.057,0.327
1779816507827,2,Pitching Mound.Drive,,Delivery,pitch.1,336694,-0.0035,-0.0006,0.0211,0.0071,-0.0568,0.0032,0.0,0.0
1779816507828,2,11.0000004b,Drive,Delivery,pitch.1,336695,-0.0005,-0.0001,0.0172,0.0081,-0.0583,0.0029,0.0,0.0
1779816507828,2,12.00000015,Lower Delivery,Delivery,pitch.1,336414,7.0485,-1.0294,110.7795,-229.15,187.9021,-2.8814,-0.1801,-0.2196
1779816507828,2,12.00000018,Upper Delivery,Delivery,pitch.1,336971,0.5353,1.6809,3.4536,14.4494,1.6501,-3.5337,-0.0507,0.327
1779816507828,2,Pitching Mound.Delivery,,Delivery,pitch.1,336174,7.5313,0.599,114.1064,-178.6063,189.6883,-8.4968,-0.1765,0.1165
1779816507828,2,Pitching Mound.Drive,,Delivery,pitch.1,336695,-0.0005,-0.0001,0.0172,0.0081,-0.0583,0.0029,0.0,0.0
1779816507828,2,Pitching Mound.Parent,,Delivery,pitch.1,335881,7.5279,0.5984,114.1275,-178.5992,189.6315,-8.4936,-0.1765,0.1165
1779816507829,2,11.0000004b,Drive,Delivery,pitch.1,336696,-0.0004,-0.0002,0.0164,0.0089,-0.0582,0.0018,0.0,0.0
1779816507829,2,12.00000015,Lower Delivery,Delivery,pitch.1,336415,7.0531,-1.0612,110.882,-229.1082,187.8246,-2.6391,-0.1798,-0.2194
1779816507829,2,12.00000018,Upper Delivery,Delivery,pitch.1,336972,0.548,1.6781,3.4878,14.2876,1.9495,-3.617,-0.0593,0.327
1779816507829,2,Pitching Mound.Delivery,,Delivery,pitch.1,336175,7.5884,0.6197,114.3356,-178.1331,189.4747,-8.3888,-0.1759,0.1166
1779816507829,2,Pitching Mound.Drive,,Delivery,pitch.1,336696,-0.0004,-0.0002,0.0164,0.0089,-0.0582,0.0018,0.0,0.0
1779816507829,2,Pitching Mound.Parent,,Delivery,pitch.1,335882,7.5879,0.6196,114.3528,-178.125,189.4164,-8.3859,-0.1759,0.1166
1779816507830,2,11.0000004b,Drive,Delivery,pitch.1,336697,-0.0004,-0.0004,0.0167,0.0105,-0.0593,-0.0003,0.0,0.0
1779816507830,2,12.00000015,Lower Delivery,Delivery,pitch.1,336416,7.0359,-1.079,110.9646,-229.1363,187.7427,-2.4608,-0.1796,-0.2192
1779816507830,2,12.00000018,Upper Delivery,Delivery,pitch.1,336973,0.5316,1.7008,3.4457,13.9376,1.8238,-3.6339,-0.0562,0.327
1779816507830,2,Pitching Mound.Delivery,,Delivery,pitch.1,336176,7.584,0.5991,114.4524,-178.3065,189.6922,-8.2837,-0.176,0.1167
1779816507830,2,Pitching Mound.Drive,,Delivery,pitch.1,336697,-0.0004,-0.0004,0.0167,0.0105,-0.0593,-0.0003,0.0,0.0
1779816507830,2,Pitching Mound.Parent,,Delivery,pitch.1,335883,7.5836,0.5989,114.4687,-178.2977,189.634,-8.2819,-0.1759,0.1167
1779816507831,2,11.0000004b,Drive,Delivery,pitch.1,336698,-0.0012,-0.0025,0.0224,0.0106,-0.0593,0.0012,0.0,0.0
1779816507831,2,12.00000015,Lower Delivery,Delivery,pitch.1,336417,7.0233,-1.1228,110.8273,-229.1738,187.6981,-2.2686,-0.1798,-0.2195
1779816507831,2,12.00000015,Lower Delivery,Delivery,pitch.1,336418,7.0084,-1.1454,110.5794,-229.0125,187.8656,-2.1548,-0.1804,-0.2199
1779816507831,2,12.00000018,Upper Delivery,Delivery,pitch.1,336974,0.5325,1.7088,3.4521,13.5948,1.7843,-3.7246,-0.0549,0.327
1779816507831,2,Pitching Mound.Delivery,,Delivery,pitch.1,336177,7.5548,0.578,114.273,-178.7265,189.5219,-8.1097,-0.1761,0.1164
1779816507831,2,Pitching Mound.Delivery,,Delivery,pitch.1,336178,7.5408,0.5635,114.0315,-178.9944,189.6499,-8.0813,-0.1766,0.1161
1779816507831,2,Pitching Mound.Drive,,Delivery,pitch.1,336698,-0.0012,-0.0025,0.0224,0.0106,-0.0593,0.0012,0.0,0.0
1779816507831,2,Pitching Mound.Parent,,Delivery,pitch.1,335884,7.5544,0.5776,114.2897,-178.716,189.4626,-8.1099,-0.176,0.1164
1779816507831,2,Pitching Mound.Parent,,Delivery,pitch.1,335885,7.5396,0.5609,114.0539,-178.9838,189.5906,-8.08,-0.1765,0.1161
1779816507832,2,11.0000004b,Drive,Delivery,pitch.1,336699,-0.0015,-0.0052,0.0267,0.0098,-0.0584,0.0027,0.0,0.0
1779816507832,2,12.00000018,Upper Delivery,Delivery,pitch.1,336975,0.5044,1.7079,3.4547,13.7469,1.9947,-3.7344,-0.0613,0.327
1779816507832,2,Pitching Mound.Drive,,Delivery,pitch.1,336699,-0.0015,-0.0052,0.0267,0.0098,-0.0584,0.0027,0.0,0.0
1779816507833,2,11.0000004b,Drive,Delivery,pitch.1,336700,-0.0015,-0.0047,0.026,0.0107,-0.0592,0.0018,0.0,0.0
1779816507833,2,12.00000015,Lower Delivery,Delivery,pitch.1,336419,7.013,-1.1901,110.6386,-229.1044,187.7108,-2.0449,-0.1801,-0.2198
1779816507833,2,12.00000015,Lower Delivery,Delivery,pitch.1,336420,6.9993,-1.2086,110.6272,-229.266,187.486,-1.9317,-0.1799,-0.22
1779816507833,2,12.00000018,Upper Delivery,Delivery,pitch.1,336976,0.5871,1.7466,3.5784,14.4794,1.9077,-3.8297,-0.0566,0.327
1779816507833,2,Pitching Mound.Delivery,,Delivery,pitch.1,336179,7.5174,0.5178,114.0932,-178.915,189.7056,-7.9922,-0.1765,0.1161
1779816507833,2,Pitching Mound.Delivery,,Delivery,pitch.1,336180,7.5864,0.5381,114.2055,-178.39,189.3936,-7.9416,-0.1761,0.1158
1779816507833,2,Pitching Mound.Drive,,Delivery,pitch.1,336700,-0.0015,-0.0047,0.026,0.0107,-0.0592,0.0018,0.0,0.0
1779816507833,2,Pitching Mound.Parent,,Delivery,pitch.1,335886,7.5159,0.5126,114.12,-178.9051,189.6471,-7.9896,-0.1765,0.1161
1779816507833,2,Pitching Mound.Parent,,Delivery,pitch.1,335887,7.5849,0.5334,114.2315,-178.3793,189.3344,-7.9398,-0.176,0.1158
1779816507834,2,11.0000004b,Drive,Delivery,pitch.1,336701,-0.0014,-0.0054,0.0267,0.011,-0.0602,0.0027,0.0,0.0
1779816507834,2,12.00000015,Lower Delivery,Delivery,pitch.1,336421,6.9874,-1.218,110.744,-229.3185,187.3518,-1.836,-0.1796,-0.2198
1779816507834,2,12.00000018,Upper Delivery,Delivery,pitch.1,336977,0.5874,1.7365,3.5591,13.9231,1.9881,-3.8255,-0.0593,0.327
1779816507834,2,Pitching Mound.Delivery,,Delivery,pitch.1,336181,7.5748,0.5184,114.3032,-178.9526,189.3399,-7.8376,-0.1759,0.116
1779816507834,2,Pitching Mound.Drive,,Delivery,pitch.1,336701,-0.0014,-0.0054,0.0267,0.011,-0.0602,0.0027,0.0,0.0
1779816507834,2,Pitching Mound.Parent,,Delivery,pitch.1,335888,7.5734,0.513,114.3298,-178.9416,189.2798,-7.8349,-0.1758,0.116
1779816507835,2,11.0000004b,Drive,Delivery,pitch.1,336702,-0.0023,-0.0065,0.0307,0.0114,-0.0592,0.0038,0.0,0.0
1779816507835,2,12.00000015,Lower Delivery,Delivery,pitch.1,336422,6.9841,-1.2396,110.5924,-229.5135,187.686,-1.7344,-0.1802,-0.2203
1779816507835,2,12.00000018,Upper Delivery,Delivery,pitch.1,336978,0.6362,1.7952,3.6387,14.4017,2.0718,-3.9305,-0.0604,0.327
1779816507835,2,Pitching Mound.Delivery,,Delivery,pitch.1,336182,7.6204,0.5556,114.2311,-178.7476,189.7578,-7.8232,-0.1764,0.1155
1779816507835,2,Pitching Mound.Drive,,Delivery,pitch.1,336702,-0.0023,-0.0065,0.0307,0.0114,-0.0592,0.0038,0.0,0.0
1779816507835,2,Pitching Mound.Parent,,Delivery,pitch.1,335889,7.6181,0.5491,114.2618,-178.7362,189.6986,-7.8194,-0.1763,0.1154
1779816507836,2,11.0000004b,Drive,Delivery,pitch.1,336703,-0.0023,-0.0082,0.0328,0.0125,-0.0607,0.0039,0.0,0.0
1779816507836,2,12.00000015,Lower Delivery,Delivery,pitch.1,336423,6.9583,-1.2766,110.5033,-229.6215,187.6467,-1.6656,-0.1803,-0.2206
1779816507836,2,12.00000018,Upper Delivery,Delivery,pitch.1,336979,0.6341,1.8048,3.6443,14.2594,1.7969,-3.9754,-0.0523,0.327
1779816507836,2,Pitching Mound.Delivery,,Delivery,pitch.1,336183,7.5924,0.5282,114.1476,-179.03,189.4436,-7.7913,-0.1762,0.1152
1779816507836,2,Pitching Mound.Drive,,Delivery,pitch.1,336703,-0.0023,-0.0082,0.0328,0.0125,-0.0607,0.0039,0.0,0.0
1779816507836,2,Pitching Mound.Parent,,Delivery,pitch.1,335890,7.5901,0.52,114.1804,-179.0175,189.3829,-7.7874,-0.1761,0.1151
1779816507837,2,11.0000004b,Drive,Delivery,pitch.1,336704,-0.002,-0.007,0.0306,0.0202,-0.058,0.005,0.0,0.0
1779816507837,2,12.00000015,Lower Delivery,Delivery,pitch.1,336424,6.9648,-1.3091,110.5004,-229.6914,187.7097,-1.5704,-0.1803,-0.2207
1779816507837,2,12.00000018,Upper Delivery,Delivery,pitch.1,336980,0.6639,1.8558,3.9258,14.4232,1.7459,-4.0124,-0.0472,0.327
1779816507837,2,Pitching Mound.Delivery,,Delivery,pitch.1,336184,7.6287,0.5467,114.4262,-179.0329,189.4556,-7.7251,-0.1758,0.1148
1779816507837,2,Pitching Mound.Drive,,Delivery,pitch.1,336704,-0.002,-0.007,0.0306,0.0202,-0.058,0.005,0.0,0.0
1779816507837,2,Pitching Mound.Parent,,Delivery,pitch.1,335891,7.6266,0.5397,114.4568,-179.0127,189.3976,-7.7201,-0.1757,0.1148
1779816507838,2,11.0000004b,Drive,Delivery,pitch.1,336705,-0.0025,-0.0081,0.034,0.0218,-0.0607,0.0093,0.0,0.0
1779816507838,2,12.00000015,Lower Delivery,Delivery,pitch.1,336425,6.9765,-1.3115,110.5598,-229.902,188.0529,-1.4992,-0.1806,-0.2208
1779816507838,2,12.00000018,Upper Delivery,Delivery,pitch.1,336981,0.6876,1.8594,4.0352,14.7132,1.9301,-4.0135,-0.0508,0.327
1779816507838,2,Pitching Mound.Delivery,,Delivery,pitch.1,336185,7.6641,0.548,114.595,-178.9704,189.983,-7.6508,-0.176,0.1146
1779816507838,2,Pitching Mound.Drive,,Delivery,pitch.1,336705,-0.0025,-0.0081,0.034,0.0218,-0.0607,0.0093,0.0,0.0
1779816507838,2,Pitching Mound.Parent,,Delivery,pitch.1,335892,7.6616,0.5399,114.629,-178.9487,189.9223,-7.6415,-0.176,0.1146
1779816507839,2,11.0000004b,Drive,Delivery,pitch.1,336706,-0.0017,-0.0056,0.0291,0.0154,-0.0604,0.0082,0.0,0.0
1779816507839,2,12.00000015,Lower Delivery,Delivery,pitch.1,336426,6.956,-1.3395,110.6158,-229.9195,188.1127,-1.3787,-0.1805,-0.2207
1779816507839,2,12.00000018,Upper Delivery,Delivery,pitch.1,336982,0.7357,1.8847,4.1968,15.5358,2.2968,-4.0289,-0.0581,0.327
1779816507839,2,Pitching Mound.Delivery,,Delivery,pitch.1,336186,7.6917,0.5452,114.8126,-178.2012,190.4095,-7.5225,-0.1761,0.1145
1779816507839,2,Pitching Mound.Drive,,Delivery,pitch.1,336706,-0.0017,-0.0056,0.0291,0.0154,-0.0604,0.0082,0.0,0.0
1779816507839,2,Pitching Mound.Parent,,Delivery,pitch.1,335893,7.69,0.5396,114.8417,-178.1858,190.3491,-7.5143,-0.176,0.1145
1779816507840,2,11.0000004b,Drive,Delivery,pitch.1,336707,-0.002,-0.0073,0.0324,0.0203,-0.0591,0.0104,0.0,0.0
1779816507840,2,12.00000015,Lower Delivery,Delivery,pitch.1,336427,6.9789,-1.3737,110.6031,-230.0778,188.209,-1.2567,-0.1807,-0.2208
1779816507840,2,12.00000018,Upper Delivery,Delivery,pitch.1,336983,0.7436,1.9017,4.1896,15.8116,2.3872,-4.0286,-0.0605,0.327
1779816507840,2,Pitching Mound.Delivery,,Delivery,pitch.1,336187,7.7225,0.528,114.7927,-178.0856,190.5962,-7.4053,-0.1763,0.1143
1779816507840,2,Pitching Mound.Drive,,Delivery,pitch.1,336707,-0.002,-0.0073,0.0324,0.0203,-0.0591,0.0104,0.0,0.0
1779816507840,2,Pitching Mound.Parent,,Delivery,pitch.1,335894,7.7205,0.5207,114.8251,-178.0653,190.5371,-7.395,-0.1762,0.1143
1779816507841,2,11.0000004b,Drive,Delivery,pitch.1,336708,-0.0018,-0.0054,0.0308,0.0203,-0.0586,0.0121,0.0,0.0
1779816507841,2,12.00000015,Lower Delivery,Delivery,pitch.1,336428,6.9546,-1.4047,110.6267,-230.1988,187.9072,-1.1353,-0.1803,-0.2209
1779816507841,2,12.00000018,Upper Delivery,Delivery,pitch.1,336984,0.7715,1.9048,4.0897,15.6131,2.2372,-4.0518,-0.0581,0.327
1779816507841,2,Pitching Mound.Delivery,,Delivery,pitch.1,336188,7.7261,0.5002,114.7164,-178.3631,190.1444,-7.2894,-0.176,0.1144
1779816507841,2,Pitching Mound.Drive,,Delivery,pitch.1,336708,-0.0018,-0.0054,0.0308,0.0203,-0.0586,0.0121,0.0,0.0
1779816507841,2,Pitching Mound.Parent,,Delivery,pitch.1,335895,7.7243,0.4947,114.7472,-178.3428,190.0858,-7.2773,-0.1759,0.1144
1779816507842,2,11.0000004b,Drive,Delivery,pitch.1,336709,-0.0017,-0.0055,0.0293,0.0143,-0.0606,0.009,0.0,0.0
1779816507842,2,12.00000015,Lower Delivery,Delivery,pitch.1,336429,6.9317,-1.4634,110.6678,-230.4538,187.728,-1.0158,-0.1801,-0.2211
1779816507842,2,12.00000018,Upper Delivery,Delivery,pitch.1,336985,0.8042,1.9475,4.2331,15.9804,2.3418,-4.0912,-0.0587,0.327
1779816507842,2,Pitching Mound.Delivery,,Delivery,pitch.1,336189,7.7358,0.4841,114.9009,-178.2856,190.0697,-7.1904,-0.1756,0.1141
1779816507842,2,Pitching Mound.Drive,,Delivery,pitch.1,336709,-0.0017,-0.0055,0.0293,0.0143,-0.0606,0.009,0.0,0.0
1779816507842,2,Pitching Mound.Parent,,Delivery,pitch.1,335896,7.7342,0.4786,114.9302,-178.2713,190.0092,-7.1814,-0.1756,0.114
1779816507843,2,11.0000004b,Drive,Delivery,pitch.1,336710,-0.0006,-0.0033,0.0234,0.0116,-0.0622,0.0105,0.0,0.0
1779816507843,2,12.00000015,Lower Delivery,Delivery,pitch.1,336430,6.9124,-1.4586,110.6482,-230.6438,187.4246,-0.9614,-0.1798,-0.2213
1779816507843,2,12.00000018,Upper Delivery,Delivery,pitch.1,336986,0.8066,1.9624,4.0779,15.8359,2.3356,-4.129,-0.0608,0.327
1779816507843,2,Pitching Mound.Delivery,,Delivery,pitch.1,336190,7.719,0.5037,114.7262,-178.574,189.7602,-7.1664,-0.1756,0.114
1779816507843,2,Pitching Mound.Drive,,Delivery,pitch.1,336710,-0.0006,-0.0033,0.0234,0.0116,-0.0622,0.0105,0.0,0.0
1779816507843,2,Pitching Mound.Parent,,Delivery,pitch.1,335897,7.7184,0.5004,114.7496,-178.5624,189.698,-7.1558,-0.1756,0.114
1779816507844,2,11.0000004b,Drive,Delivery,pitch.1,336711,0.0001,-0.0007,0.0183,0.012,-0.062,0.0113,0.0,0.0
1779816507844,2,12.00000015,Lower Delivery,Delivery,pitch.1,336431,6.9252,-1.5292,110.7412,-230.552,187.4561,-0.8514,-0.1797,-0.221
1779816507844,2,12.00000018,Upper Delivery,Delivery,pitch.1,336987,0.8439,1.9822,4.1993,16.4753,2.2963,-4.1812,-0.0581,0.327
1779816507844,2,Pitching Mound.Delivery,,Delivery,pitch.1,336191,7.7691,0.453,114.9404,-177.8524,189.7525,-7.1002,-0.1753,0.1142
1779816507844,2,Pitching Mound.Drive,,Delivery,pitch.1,336711,0.0001,-0.0007,0.0183,0.012,-0.062,0.0113,0.0,0.0
1779816507844,2,Pitching Mound.Parent,,Delivery,pitch.1,335898,7.7692,0.4523,114.9587,-177.8405,189.6905,-7.0889,-0.1752,0.1141
1779816507845,2,11.0000004b,Drive,Delivery,pitch.1,336712,-0.0002,-0.0004,0.0187,0.0107,-0.0605,0.0122,0.0,0.0
1779816507845,2,12.00000015,Lower Delivery,Delivery,pitch.1,336432,6.902,-1.5894,110.7767,-230.5394,187.023,-0.7528,-0.1792,-0.2209
1779816507845,2,12.00000018,Upper Delivery,Delivery,pitch.1,336988,0.8424,1.9953,4.1742,16.6895,2.3812,-4.2204,-0.0606,0.327
1779816507845,2,Pitching Mound.Delivery,,Delivery,pitch.1,336192,7.7444,0.4059,114.9509,-177.605,189.4042,-7.0335,-0.1749,0.1143
1779816507845,2,Pitching Mound.Drive,,Delivery,pitch.1,336712,-0.0002,-0.0004,0.0187,0.0107,-0.0605,0.0122,0.0,0.0
1779816507845,2,Pitching Mound.Parent,,Delivery,pitch.1,335899,7.7442,0.4055,114.9696,-177.5943,189.3436,-7.0213,-0.1749,0.1142
1779816507846,2,11.0000004b,Drive,Delivery,pitch.1,336713,-0.0002,-0.0007,0.0186,0.0109,-0.0598,0.0089,0.0,0.0
1779816507846,2,12.00000015,Lower Delivery,Delivery,pitch.1,336433,6.8468,-1.6845,110.7984,-230.6031,186.5364,-0.6786,-0.1787,-0.221
1779816507846,2,12.00000018,Upper Delivery,Delivery,pitch.1,336989,0.8522,2.008,4.1371,16.6059,2.2723,-4.2318,-0.0583,0.327
1779816507846,2,Pitching Mound.Delivery,,Delivery,pitch.1,336193,7.699,0.3235,114.9355,-177.7324,188.8088,-6.9486,-0.1744,0.1143
1779816507846,2,Pitching Mound.Drive,,Delivery,pitch.1,336713,-0.0002,-0.0007,0.0186,0.0109,-0.0598,0.0089,0.0,0.0
1779816507846,2,Pitching Mound.Parent,,Delivery,pitch.1,335900,7.6988,0.3228,114.954,-177.7214,188.749,-6.9397,-0.1744,0.1143
1779816507847,2,11.0000004b,Drive,Delivery,pitch.1,336714,-0.0003,-0.0008,0.0182,0.0112,-0.0615,0.009,0.0,0.0
1779816507847,2,12.00000015,Lower Delivery,Delivery,pitch.1,336434,6.8358,-1.7184,110.8093,-230.5963,186.4212,-0.6135,-0.1786,-0.2209
1779816507847,2,12.00000018,Upper Delivery,Delivery,pitch.1,336990,0.8918,2.0201,4.2513,16.3642,2.451,-4.2772,-0.0612,0.327
1779816507847,2,Pitching Mound.Delivery,,Delivery,pitch.1,336194,7.7277,0.3017,115.0606,-178.0024,188.8722,-6.9117,-0.1743,0.1142
1779816507847,2,Pitching Mound.Drive,,Delivery,pitch.1,336714,-0.0003,-0.0008,0.0182,0.0112,-0.0615,0.009,0.0,0.0
1779816507847,2,Pitching Mound.Parent,,Delivery,pitch.1,335901,7.7273,0.3009,115.0787,-177.9912,188.8106,-6.9027,-0.1742,0.1142
1779816507848,2,11.0000004b,Drive,Delivery,pitch.1,336715,-0.0003,-0.0004,0.0178,0.0087,-0.0591,0.0085,0.0,0.0
1779816507848,2,12.00000015,Lower Delivery,Delivery,pitch.1,336435,6.8357,-1.7471,111.0023,-230.4912,186.3144,-0.4959,-0.1782,-0.2204
1779816507848,2,12.00000018,Upper Delivery,Delivery,pitch.1,336991,0.8988,2.0372,4.3031,16.6307,2.353,-4.3046,-0.0581,0.327
1779816507848,2,Pitching Mound.Delivery,,Delivery,pitch.1,336195,7.7344,0.2901,115.3054,-177.5827,188.6674,-6.819,-0.1737,0.1146
1779816507848,2,Pitching Mound.Drive,,Delivery,pitch.1,336715,-0.0003,-0.0004,0.0178,0.0087,-0.0591,0.0085,0.0,0.0
1779816507848,2,Pitching Mound.Parent,,Delivery,pitch.1,335902,7.7341,0.2897,115.3232,-177.574,188.6083,-6.8106,-0.1737,0.1146
1779816507849,2,11.0000004b,Drive,Delivery,pitch.1,336716,0.0,-0.0006,0.0165,0.0082,-0.0594,0.0061,0.0,0.0
1779816507849,2,12.00000015,Lower Delivery,Delivery,pitch.1,336436,6.7878,-1.7927,111.0215,-230.534,186.1001,-0.4254,-0.178,-0.2204
1779816507849,2,12.00000018,Upper Delivery,Delivery,pitch.1,336992,0.9079,2.0736,4.334,16.3186,2.2917,-4.3691,-0.0561,0.327
1779816507849,2,Pitching Mound.Delivery,,Delivery,pitch.1,336196,7.6958,0.2809,115.3556,-177.9416,188.3918,-6.7937,-0.1734,0.1146
1779816507849,2,Pitching Mound.Drive,,Delivery,pitch.1,336716,0.0,-0.0006,0.0165,0.0082,-0.0594,0.0061,0.0,0.0
1779816507849,2,Pitching Mound.Parent,,Delivery,pitch.1,335903,7.6957,0.2802,115.3721,-177.9335,188.3324,-6.7875,-0.1734,0.1146
1779816507850,2,11.0000004b,Drive,Delivery,pitch.1,336717,0.0,-0.0008,0.0168,0.0082,-0.0586,0.0036,0.0,0.0
1779816507850,2,12.00000015,Lower Delivery,Delivery,pitch.1,336437,6.809,-1.8307,111.0274,-230.4317,186.0641,-0.354,-0.1779,-0.2203
1779816507850,2,12.00000018,Upper Delivery,Delivery,pitch.1,336993,0.9188,2.0965,4.4269,16.4004,2.0386,-4.4213,-0.0489,0.327
1779816507850,2,Pitching Mound.Delivery,,Delivery,pitch.1,336197,7.7278,0.2659,115.4542,-177.7871,188.1026,-6.778,-0.173,0.1146
1779816507850,2,Pitching Mound.Drive,,Delivery,pitch.1,336717,0.0,-0.0008,0.0168,0.0082,-0.0586,0.0036,0.0,0.0
1779816507850,2,Pitching Mound.Parent,,Delivery,pitch.1,335904,7.7278,0.2651,115.471,-177.7789,188.044,-6.7744,-0.1729,0.1146
1779816507851,2,11.0000004b,Drive,Delivery,pitch.1,336718,-0.0005,-0.003,0.0205,0.0096,-0.0572,0.0004,0.0,0.0
1779816507851,2,12.00000015,Lower Delivery,Delivery,pitch.1,336438,6.7787,-1.8575,110.9999,-230.3885,185.7843,-0.2737,-0.1777,-0.2203
1779816507851,2,12.00000018,Upper Delivery,Delivery,pitch.1,336994,0.9598,2.1087,4.6522,16.8453,2.2654,-4.4991,-0.0517,0.327
1779816507851,2,Pitching Mound.Delivery,,Delivery,pitch.1,336198,7.7385,0.2512,115.6521,-177.385,188.0497,-6.7513,-0.1726,0.1143
1779816507851,2,Pitching Mound.Drive,,Delivery,pitch.1,336718,-0.0005,-0.003,0.0205,0.0096,-0.0572,0.0004,0.0,0.0
1779816507851,2,Pitching Mound.Parent,,Delivery,pitch.1,335905,7.738,0.2482,115.6726,-177.3754,187.9925,-6.7509,-0.1726,0.1143
1779816507852,2,11.0000004b,Drive,Delivery,pitch.1,336719,0.0,-0.0012,0.017,0.01,-0.0578,-0.0008,0.0,0.0
1779816507852,2,12.00000015,Lower Delivery,Delivery,pitch.1,336439,6.7658,-1.8951,111.0666,-230.4101,185.9904,-0.2444,-0.1778,-0.2202
1779816507852,2,12.00000018,Upper Delivery,Delivery,pitch.1,336995,0.9923,2.1317,4.7608,17.0912,2.3243,-4.4782,-0.0518,0.327
1779816507852,2,Pitching Mound.Delivery,,Delivery,pitch.1,336199,7.7582,0.2366,115.8274,-177.1749,188.3147,-6.6856,-0.1726,0.1143
1779816507852,2,Pitching Mound.Drive,,Delivery,pitch.1,336719,0.0,-0.0012,0.017,0.01,-0.0578,-0.0008,0.0,0.0
1779816507852,2,Pitching Mound.Parent,,Delivery,pitch.1,335906,7.7582,0.2354,115.8444,-177.165,188.2568,-6.6864,-0.1726,0.1143
1779816507853,2,11.0000004b,Drive,Delivery,pitch.1,336720,0.0005,-0.0003,0.0146,0.0092,-0.0566,0.0013,0.0,0.0
1779816507853,2,12.00000015,Lower Delivery,Delivery,pitch.1,336440,6.7529,-1.9082,111.055,-230.1247,185.7356,-0.1732,-0.1776,-0.22
1779816507853,2,12.00000018,Upper Delivery,Delivery,pitch.1,336996,0.9765,2.1361,4.9186,17.2468,2.4046,-4.5219,-0.0519,0.327
1779816507853,2,Pitching Mound.Delivery,,Delivery,pitch.1,336200,7.7294,0.2279,115.9736,-176.7916,188.1402,-6.659,-0.1722,0.1144
1779816507853,2,Pitching Mound.Drive,,Delivery,pitch.1,336720,0.0005,-0.0003,0.0146,0.0092,-0.0566,0.0013,0.0,0.0
1779816507853,2,Pitching Mound.Parent,,Delivery,pitch.1,335907,7.7299,0.2275,115.9882,-176.7824,188.0836,-6.6577,-0.1722,0.1144
1779816507854,2,11.0000004b,Drive,Delivery,pitch.1,336721,0.0004,-0.0008,0.0156,0.0095,-0.0552,-0.0001,0.0,0.0
1779816507854,2,12.00000015,Lower Delivery,Delivery,pitch.1,336441,6.753,-1.9457,110.8791,-230.0016,186.1137,-0.1158,-0.1782,-0.2202
1779816507854,2,12.00000018,Upper Delivery,Delivery,pitch.1,336997,1.0303,2.1514,5.0681,17.5816,2.3038,-4.5738,-0.0483,0.327
1779816507854,2,Pitching Mound.Delivery,,Delivery,pitch.1,336201,7.7834,0.2057,115.9472,-176.4443,188.4175,-6.6353,-0.1725,0.114
1779816507854,2,Pitching Mound.Drive,,Delivery,pitch.1,336721,0.0004,-0.0008,0.0156,0.0095,-0.0552,-0.0001,0.0,0.0
1779816507854,2,Pitching Mound.Parent,,Delivery,pitch.1,335908,7.7838,0.2049,115.9628,-176.4349,188.3623,-6.6354,-0.1725,0.114
1779816507855,2,11.0000004b,Drive,Delivery,pitch.1,336722,0.0007,-0.0007,0.0147,0.0092,-0.0552,-0.0001,0.0,0.0
1779816507855,2,12.00000015,Lower Delivery,Delivery,pitch.1,336442,6.7484,-1.9906,110.9609,-230.0892,185.8784,-0.0358,-0.1778,-0.2201
1779816507855,2,12.00000018,Upper Delivery,Delivery,pitch.1,336998,1.0377,2.1878,5.168,17.6443,2.6148,-4.6093,-0.0537,0.327
1779816507855,2,Pitching Mound.Delivery,,Delivery,pitch.1,336202,7.786,0.1973,116.1289,-176.4754,188.4932,-6.5867,-0.1723,0.1139
1779816507855,2,Pitching Mound.Drive,,Delivery,pitch.1,336722,0.0007,-0.0007,0.0147,0.0092,-0.0552,-0.0001,0.0,0.0
1779816507855,2,Pitching Mound.Parent,,Delivery,pitch.1,335909,7.7867,0.1966,116.1436,-176.4661,188.438,-6.5868,-0.1723,0.1139
1779816507856,2,11.0000004b,Drive,Delivery,pitch.1,336723,-0.0005,-0.0049,0.0235,0.0085,-0.0551,0.0023,0.0,0.0
1779816507856,2,12.00000015,Lower Delivery,Delivery,pitch.1,336443,6.7403,-2.018,111.0221,-229.9919,186.182,0.0086,-0.178,-0.2199
1779816507856,2,12.00000018,Upper Delivery,Delivery,pitch.1,336999,1.006,2.205,5.2242,17.8536,2.5922,-4.7102,-0.0527,0.327
1779816507856,2,Pitching Mound.Delivery,,Delivery,pitch.1,336203,7.7463,0.187,116.2463,-176.167,188.7742,-6.6513,-0.1724,0.1141
1779816507856,2,Pitching Mound.Drive,,Delivery,pitch.1,336723,-0.0005,-0.0049,0.0235,0.0085,-0.0551,0.0023,0.0,0.0
1779816507856,2,Pitching Mound.Parent,,Delivery,pitch.1,335910,7.7458,0.1821,116.2698,-176.1586,188.7191,-6.649,-0.1724,0.1141
1779816507857,2,11.0000004b,Drive,Delivery,pitch.1,336724,-0.0013,-0.0076,0.0286,0.0088,-0.0563,0.0026,0.0,0.0
1779816507857,2,12.00000015,Lower Delivery,Delivery,pitch.1,336444,6.744,-2.0439,110.9184,-229.855,186.0746,0.1414,-0.1781,-0.22
1779816507857,2,12.00000018,Upper Delivery,Delivery,pitch.1,337000,1.0304,2.2085,5.3186,18.0558,2.8568,-4.7672,-0.057,0.327
1779816507857,2,Pitching Mound.Delivery,,Delivery,pitch.1,336204,7.7744,0.1646,116.237,-175.8953,188.9314,-6.5684,-0.1726,0.1139
1779816507857,2,Pitching Mound.Drive,,Delivery,pitch.1,336724,-0.0013,-0.0076,0.0286,0.0088,-0.0563,0.0026,0.0,0.0
1779816507857,2,Pitching Mound.Parent,,Delivery,pitch.1,335911,7.7731,0.157,116.2657,-175.8865,188.875,-6.5658,-0.1725,0.1139
1779816507858,2,11.0000004b,Drive,Delivery,pitch.1,336725,-0.0021,-0.0101,0.0346,0.0088,-0.0542,0.0029,0.0,0.0
1779816507858,2,12.00000015,Lower Delivery,Delivery,pitch.1,336445,6.7636,-2.0672,110.9866,-229.6791,185.9567,0.1759,-0.1779,-0.2197
1779816507858,2,12.00000018,Upper Delivery,Delivery,pitch.1,337001,0.9924,2.2077,5.3852,18.2409,3.1327,-4.8102,-0.0618,0.327
1779816507858,2,Pitching Mound.Delivery,,Delivery,pitch.1,336205,7.756,0.1405,116.3717,-175.5337,189.0894,-6.5966,-0.1725,0.1141
1779816507858,2,Pitching Mound.Drive,,Delivery,pitch.1,336725,-0.0021,-0.0101,0.0346,0.0088,-0.0542,0.0029,0.0,0.0
1779816507858,2,Pitching Mound.Parent,,Delivery,pitch.1,335912,7.7539,0.1304,116.4063,-175.5249,189.0351,-6.5937,-0.1724,0.1141
1779816507859,2,11.0000004b,Drive,Delivery,pitch.1,336726,-0.0017,-0.0091,0.0326,0.009,-0.0543,0.001,0.0,0.0
1779816507859,2,12.00000015,Lower Delivery,Delivery,pitch.1,336446,6.7403,-2.0955,110.8696,-229.8784,186.0133,0.2324,-0.1781,-0.2201
1779816507859,2,12.00000018,Upper Delivery,Delivery,pitch.1,337002,1.0169,2.2114,5.4267,18.328,3.1393,-4.8278,-0.0614,0.327
1779816507859,2,Pitching Mound.Delivery,,Delivery,pitch.1,336206,7.7572,0.1159,116.2963,-175.6998,189.1526,-6.5413,-0.1727,0.1137
1779816507859,2,Pitching Mound.Drive,,Delivery,pitch.1,336726,-0.0017,-0.0091,0.0326,0.009,-0.0543,0.001,0.0,0.0
1779816507859,2,Pitching Mound.Parent,,Delivery,pitch.1,335913,7.7555,0.1069,116.3289,-175.6908,189.0983,-6.5404,-0.1726,0.1136
1779816507860,2,11.0000004b,Drive,Delivery,pitch.1,336727,-0.0017,-0.0082,0.0314,0.0093,-0.0555,0.0029,0.0,0.0
1779816507860,2,12.00000015,Lower Delivery,Delivery,pitch.1,336447,6.7224,-2.1044,110.8072,-229.8692,185.918,0.2884,-0.1781,-0.2202
1779816507860,2,12.00000018,Upper Delivery,Delivery,pitch.1,337003,1.0356,2.1894,5.5994,18.615,3.6266,-4.8379,-0.0688,0.327
1779816507860,2,Pitching Mound.Delivery,,Delivery,pitch.1,336207,7.758,0.0851,116.4066,-175.4836,189.5446,-6.483,-0.1729,0.1134
1779816507860,2,Pitching Mound.Drive,,Delivery,pitch.1,336727,-0.0017,-0.0082,0.0314,0.0093,-0.0555,0.0029,0.0,0.0
1779816507860,2,Pitching Mound.Parent,,Delivery,pitch.1,335914,7.7563,0.0768,116.438,-175.4743,189.4891,-6.48,-0.1728,0.1134
1779816507861,2,11.0000004b,Drive,Delivery,pitch.1,336728,-0.0029,-0.0118,0.0391,0.0119,-0.0536,0.0048,0.0,0.0
1779816507861,2,12.00000015,Lower Delivery,Delivery,pitch.1,336448,6.7007,-2.1402,110.9193,-229.8562,185.7964,0.3721,-0.1778,-0.22
1779816507861,2,12.00000018,Upper Delivery,Delivery,pitch.1,337004,1.0394,2.1839,5.6796,18.724,3.782,-4.8876,-0.0707,0.327
1779816507861,2,Pitching Mound.Delivery,,Delivery,pitch.1,336208,7.74,0.0437,116.5989,-175.3507,189.5784,-6.4403,-0.1726,0.1135
1779816507861,2,Pitching Mound.Drive,,Delivery,pitch.1,336728,-0.0029,-0.0118,0.0391,0.0119,-0.0536,0.0048,0.0,0.0
1779816507861,2,Pitching Mound.Parent,,Delivery,pitch.1,335915,7.7372,0.0319,116.638,-175.3388,189.5248,-6.4355,-0.1726,0.1135
1779816507862,2,11.0000004b,Drive,Delivery,pitch.1,336729,-0.0014,-0.0068,0.0278,0.0092,-0.0537,0.0042,0.0,0.0
1779816507862,2,12.00000015,Lower Delivery,Delivery,pitch.1,336449,6.7012,-2.1485,110.7887,-229.8597,185.6545,0.399,-0.1779,-0.2203
1779816507862,2,12.00000018,Upper Delivery,Delivery,pitch.1,337005,1.0605,2.2023,5.5862,18.7819,3.6447,-4.9396,-0.0693,0.327
1779816507862,2,Pitching Mound.Delivery,,Delivery,pitch.1,336209,7.7618,0.0538,116.3749,-175.309,189.2992,-6.4585,-0.1727,0.1134
1779816507862,2,Pitching Mound.Drive,,Delivery,pitch.1,336729,-0.0014,-0.0068,0.0278,0.0092,-0.0537,0.0042,0.0,0.0
1779816507862,2,Pitching Mound.Parent,,Delivery,pitch.1,335916,7.7604,0.047,116.4027,-175.2997,189.2455,-6.4543,-0.1726,0.1133
1779816507863,2,11.0000004b,Drive,Delivery,pitch.1,336730,-0.0017,-0.0068,0.0284,0.0093,-0.0537,0.004,0.0,0.0
1779816507863,2,12.00000015,Lower Delivery,Delivery,pitch.1,336450,6.656,-2.1693,110.7544,-229.7449,185.511,0.5032,-0.1778,-0.2202
1779816507863,2,12.00000018,Upper Delivery,Delivery,pitch.1,337006,1.0658,2.2137,5.5521,18.5874,3.3544,-4.9821,-0.0641,0.327
1779816507863,2,Pitching Mound.Delivery,,Delivery,pitch.1,336210,7.7218,0.0444,116.3064,-175.3888,188.8654,-6.3796,-0.1724,0.1134
1779816507863,2,Pitching Mound.Drive,,Delivery,pitch.1,336730,-0.0017,-0.0068,0.0284,0.0093,-0.0537,0.004,0.0,0.0
1779816507863,2,Pitching Mound.Parent,,Delivery,pitch.1,335917,7.7201,0.0376,116.3348,-175.3795,188.8117,-6.3756,-0.1724,0.1134
1779816507864,2,11.0000004b,Drive,Delivery,pitch.1,336731,-0.0012,-0.0043,0.0237,0.0077,-0.0544,0.0037,0.0,0.0
1779816507864,2,12.00000015,Lower Delivery,Delivery,pitch.1,336451,6.6275,-2.1691,110.7621,-229.8751,185.3318,0.5328,-0.1776,-0.2203
1779816507864,2,12.00000018,Upper Delivery,Delivery,pitch.1,337007,1.0782,2.2245,5.5305,18.7557,3.3865,-5.0104,-0.065,0.327
1779816507864,2,Pitching Mound.Delivery,,Delivery,pitch.1,336211,7.7057,0.0554,116.2927,-175.3406,188.7183,-6.3644,-0.1723,0.1134
1779816507864,2,Pitching Mound.Drive,,Delivery,pitch.1,336731,-0.0012,-0.0043,0.0237,0.0077,-0.0544,0.0037,0.0,0.0
1779816507864,2,Pitching Mound.Parent,,Delivery,pitch.1,335918,7.7046,0.0511,116.3164,-175.3329,188.6639,-6.3608,-0.1722,0.1133
1779816507865,2,11.0000004b,Drive,Delivery,pitch.1,336732,-0.0012,-0.0042,0.0236,0.0095,-0.0544,0.0041,0.0,0.0
1779816507865,2,12.00000015,Lower Delivery,Delivery,pitch.1,336452,6.6016,-2.1855,110.8481,-229.8563,185.1239,0.6317,-0.1773,-0.2201
1779816507865,2,12.00000018,Upper Delivery,Delivery,pitch.1,337008,1.0725,2.2482,5.5638,18.7069,3.4055,-5.0868,-0.065,0.327
1779816507865,2,Pitching Mound.Delivery,,Delivery,pitch.1,336212,7.6741,0.0628,116.412,-175.3528,188.5294,-6.335,-0.1719,0.1135
1779816507865,2,Pitching Mound.Drive,,Delivery,pitch.1,336732,-0.0012,-0.0042,0.0236,0.0095,-0.0544,0.0041,0.0,0.0
1779816507865,2,Pitching Mound.Parent,,Delivery,pitch.1,335919,7.6729,0.0586,116.4356,-175.3433,188.4749,-6.3309,-0.1719,0.1135
1779816507866,2,11.0000004b,Drive,Delivery,pitch.1,336733,-0.0004,-0.001,0.0175,0.0094,-0.0544,0.0016,0.0,0.0
1779816507866,2,12.00000015,Lower Delivery,Delivery,pitch.1,336453,6.578,-2.1856,110.8582,-229.8686,184.9375,0.7191,-0.1771,-0.2201
1779816507866,2,12.00000018,Upper Delivery,Delivery,pitch.1,337009,1.0664,2.2369,5.5928,18.6991,3.4139,-5.109,-0.0648,0.327
1779816507866,2,Pitching Mound.Delivery,,Delivery,pitch.1,336213,7.6444,0.0513,116.451,-175.3792,188.3514,-6.2638,-0.1717,0.1135
1779816507866,2,Pitching Mound.Drive,,Delivery,pitch.1,336733,-0.0004,-0.001,0.0175,0.0094,-0.0544,0.0016,0.0,0.0
1779816507866,2,Pitching Mound.Parent,,Delivery,pitch.1,335920,7.644,0.0502,116.4686,-175.3698,188.297,-6.2622,-0.1717,0.1135
1779816507867,2,11.0000004b,Drive,Delivery,pitch.1,336734,0.0,-0.0006,0.0167,0.0104,-0.0569,0.001,0.0,0.0
1779816507867,2,12.00000015,Lower Delivery,Delivery,pitch.1,336454,6.5566,-2.2049,110.8212,-229.9888,184.7624,0.7502,-0.177,-0.2203
1779816507867,2,12.00000018,Upper Delivery,Delivery,pitch.1,337010,1.1318,2.2769,5.5775,18.9459,3.2314,-5.1351,-0.0615,0.327
1779816507867,2,Pitching Mound.Delivery,,Delivery,pitch.1,336214,7.6884,0.072,116.3987,-175.26,187.9938,-6.2294,-0.1715,0.1133
1779816507867,2,Pitching Mound.Drive,,Delivery,pitch.1,336734,0.0,-0.0006,0.0167,0.0104,-0.0569,0.001,0.0,0.0
1779816507867,2,Pitching Mound.Parent,,Delivery,pitch.1,335921,7.6884,0.0714,116.4154,-175.2496,187.9369,-6.2284,-0.1714,0.1133
1779816507868,2,11.0000004b,Drive,Delivery,pitch.1,336735,0.0001,-0.0008,0.0171,0.0096,-0.0554,0.0005,0.0,0.0
1779816507868,2,12.00000015,Lower Delivery,Delivery,pitch.1,336455,6.5152,-2.2346,111.0112,-230.0596,184.7107,0.8293,-0.1766,-0.22
1779816507868,2,12.00000018,Upper Delivery,Delivery,pitch.1,337011,1.1552,2.3064,5.5933,18.886,3.1977,-5.1264,-0.0607,0.327
1779816507868,2,Pitching Mound.Delivery,,Delivery,pitch.1,336215,7.6703,0.0719,116.6045,-175.3315,187.9084,-6.1195,-0.1711,0.1136
1779816507868,2,Pitching Mound.Drive,,Delivery,pitch.1,336735,0.0001,-0.0008,0.0171,0.0096,-0.0554,0.0005,0.0,0.0
1779816507868,2,Pitching Mound.Parent,,Delivery,pitch.1,335922,7.6705,0.0711,116.6216,-175.322,187.853,-6.119,-0.1711,0.1136
1779816507869,2,11.0000004b,Drive,Delivery,pitch.1,336736,0.0003,-0.0005,0.0158,0.0095,-0.0563,0.0019,0.0,0.0
1779816507869,2,12.00000015,Lower Delivery,Delivery,pitch.1,336456,6.4866,-2.2638,110.8778,-230.0428,184.8218,0.894,-0.177,-0.2203
1779816507869,2,12.00000018,Upper Delivery,Delivery,pitch.1,337012,1.2206,2.3529,5.718,19.3076,3.3256,-5.2164,-0.0617,0.327
1779816507869,2,Pitching Mound.Delivery,,Delivery,pitch.1,336216,7.7072,0.0891,116.5957,-174.9809,188.1474,-6.1128,-0.1713,0.1132
1779816507869,2,Pitching Mound.Drive,,Delivery,pitch.1,336736,0.0003,-0.0005,0.0158,0.0095,-0.0563,0.0019,0.0,0.0
1779816507869,2,Pitching Mound.Parent,,Delivery,pitch.1,335923,7.7075,0.0886,116.6116,-174.9714,188.0911,-6.1109,-0.1713,0.1132
1779816507870,2,11.0000004b,Drive,Delivery,pitch.1,336737,0.0001,-0.0005,0.0161,0.0089,-0.0552,0.002,0.0,0.0
1779816507870,2,12.00000015,Lower Delivery,Delivery,pitch.1,336457,6.4763,-2.279,110.8281,-230.012,184.5656,0.9891,-0.1768,-0.2203
1779816507870,2,12.00000018,Upper Delivery,Delivery,pitch.1,337013,1.2353,2.3832,5.6283,19.1806,3.134,-5.2357,-0.0591,0.327
1779816507870,2,Pitching Mound.Delivery,,Delivery,pitch.1,336217,7.7116,0.1043,116.4563,-175.0634,187.6995,-6.0285,-0.1711,0.1133
1779816507870,2,Pitching Mound.Drive,,Delivery,pitch.1,336737,0.0001,-0.0005,0.0161,0.0089,-0.0552,0.002,0.0,0.0
1779816507870,2,Pitching Mound.Parent,,Delivery,pitch.1,335924,7.7117,0.1037,116.4724,-175.0545,187.6443,-6.0265,-0.1711,0.1132
1779816507871,2,11.0000004b,Drive,Delivery,pitch.1,336738,0.0001,-0.0006,0.0162,0.0094,-0.0559,-0.0001,0.0,0.0
1779816507871,2,12.00000015,Lower Delivery,Delivery,pitch.1,336458,6.4587,-2.3011,110.8033,-230.1147,184.1584,1.0494,-0.1764,-0.2205
1779816507871,2,12.00000018,Upper Delivery,Delivery,pitch.1,337014,1.2636,2.4317,5.6867,19.201,3.2252,-5.29,-0.0602,0.327
1779816507871,2,Pitching Mound.Delivery,,Delivery,pitch.1,336218,7.7223,0.1307,116.4901,-175.174,187.3836,-6.0069,-0.1708,0.1131
1779816507871,2,Pitching Mound.Drive,,Delivery,pitch.1,336738,0.0001,-0.0006,0.0162,0.0094,-0.0559,-0.0001,0.0,0.0
1779816507871,2,Pitching Mound.Parent,,Delivery,pitch.1,335925,7.7224,0.1301,116.5063,-175.1646,187.3277,-6.007,-0.1707,0.113
1779816507872,2,11.0000004b,Drive,Delivery,pitch.1,336739,0.0004,-0.0006,0.016,0.009,-0.056,-0.0006,0.0,0.0
1779816507872,2,12.00000015,Lower Delivery,Delivery,pitch.1,336459,6.455,-2.3092,110.8556,-230.0968,184.2873,1.1484,-0.1765,-0.2204
1779816507872,2,12.00000018,Upper Delivery,Delivery,pitch.1,337015,1.2973,2.4579,5.7494,19.1251,3.4179,-5.3468,-0.0631,0.327
1779816507872,2,Pitching Mound.Delivery,,Delivery,pitch.1,336219,7.7524,0.1487,116.605,-175.2355,187.7053,-5.9519,-0.1709,0.1131
1779816507872,2,Pitching Mound.Drive,,Delivery,pitch.1,336739,0.0004,-0.0006,0.016,0.009,-0.056,-0.0006,0.0,0.0
1779816507872,2,Pitching Mound.Parent,,Delivery,pitch.1,335926,7.7527,0.1481,116.6211,-175.2265,187.6493,-5.9526,-0.1709,0.1131
1779816507873,2,11.0000004b,Drive,Delivery,pitch.1,336740,0.0003,-0.0009,0.017,0.0091,-0.0561,-0.0014,0.0,0.0
1779816507873,2,12.00000015,Lower Delivery,Delivery,pitch.1,336460,6.4332,-2.3426,111.0107,-230.2453,184.418,1.2291,-0.1764,-0.2202
1779816507873,2,12.00000018,Upper Delivery,Delivery,pitch.1,337016,1.2835,2.4775,5.8114,19.0317,3.57,-5.3658,-0.0652,0.327
1779816507873,2,Pitching Mound.Delivery,,Delivery,pitch.1,336220,7.7167,0.1349,116.8221,-175.4458,187.988,-5.8876,-0.1708,0.1132
1779816507873,2,Pitching Mound.Drive,,Delivery,pitch.1,336740,0.0003,-0.0009,0.017,0.0091,-0.0561,-0.0014,0.0,0.0
1779816507873,2,Pitching Mound.Parent,,Delivery,pitch.1,335927,7.717,0.134,116.8391,-175.4368,187.9319,-5.889,-0.1708,0.1132
1779816507874,2,11.0000004b,Drive,Delivery,pitch.1,336741,0.0002,-0.0008,0.0166,0.0086,-0.0553,-0.0012,0.0,0.0
1779816507874,2,12.00000015,Lower Delivery,Delivery,pitch.1,336461,6.4388,-2.3661,110.9889,-230.2821,184.4061,1.2815,-0.1764,-0.2203
1779816507874,2,12.00000018,Upper Delivery,Delivery,pitch.1,337017,1.3102,2.4744,5.9401,18.995,3.8735,-5.4552,-0.0692,0.327
1779816507874,2,Pitching Mound.Delivery,,Delivery,pitch.1,336221,7.7491,0.1083,116.9291,-175.5705,188.2797,-5.9174,-0.1709,0.113
1779816507874,2,Pitching Mound.Drive,,Delivery,pitch.1,336741,0.0002,-0.0008,0.0166,0.0086,-0.0553,-0.0012,0.0,0.0
1779816507874,2,Pitching Mound.Parent,,Delivery,pitch.1,335928,7.7493,0.1074,116.9457,-175.5619,188.2244,-5.9186,-0.1709,0.113
1779816507875,2,11.0000004b,Drive,Delivery,pitch.1,336742,0.0001,-0.001,0.0167,0.0095,-0.0564,-0.0005,0.0,0.0
1779816507875,2,12.00000015,Lower Delivery,Delivery,pitch.1,336462,6.4284,-2.4034,111.0231,-230.3636,184.3414,1.3569,-0.1763,-0.2203
1779816507875,2,12.00000018,Upper Delivery,Delivery,pitch.1,337018,1.391,2.5254,5.9128,19.0919,3.9105,-5.4861,-0.0702,0.327
1779816507875,2,Pitching Mound.Delivery,,Delivery,pitch.1,336222,7.8194,0.122,116.9359,-175.5342,188.252,-5.842,-0.1709,0.113
1779816507875,2,Pitching Mound.Drive,,Delivery,pitch.1,336742,0.0001,-0.001,0.0167,0.0095,-0.0564,-0.0005,0.0,0.0
1779816507875,2,Pitching Mound.Parent,,Delivery,pitch.1,335929,7.8195,0.121,116.9526,-175.5248,188.1956,-5.8425,-0.1709,0.113
1779816507876,2,11.0000004b,Drive,Delivery,pitch.1,336743,0.0,-0.0014,0.0174,0.0096,-0.0555,-0.0028,0.0,0.0
1779816507876,2,12.00000015,Lower Delivery,Delivery,pitch.1,336463,6.392,-2.426,111.0139,-230.2431,184.4276,1.4236,-0.1764,-0.2202
1779816507876,2,12.00000018,Upper Delivery,Delivery,pitch.1,337019,1.4178,2.5482,5.8703,19.0485,3.7711,-5.5318,-0.0682,0.327
1779816507876,2,Pitching Mound.Delivery,,Delivery,pitch.1,336223,7.8098,0.1223,116.8841,-175.4458,188.1987,-5.7994,-0.1709,0.1131
1779816507876,2,Pitching Mound.Drive,,Delivery,pitch.1,336743,0.0,-0.0014,0.0174,0.0096,-0.0555,-0.0028,0.0,0.0
1779816507876,2,Pitching Mound.Parent,,Delivery,pitch.1,335930,7.8098,0.1209,116.9015,-175.4362,188.1432,-5.8022,-0.1709,0.1131
1779816507877,2,11.0000004b,Drive,Delivery,pitch.1,336744,-0.0006,-0.0027,0.0201,0.0103,-0.0576,-0.0015,0.0,0.0
1779816507877,2,12.00000015,Lower Delivery,Delivery,pitch.1,336464,6.3841,-2.4441,110.9809,-230.3602,184.5391,1.4923,-0.1765,-0.2204
1779816507877,2,12.00000018,Upper Delivery,Delivery,pitch.1,337020,1.457,2.5557,5.9308,19.0641,3.9298,-5.6005,-0.0703,0.327
1779816507877,2,Pitching Mound.Delivery,,Delivery,pitch.1,336224,7.8411,0.1116,116.9117,-175.579,188.4689,-5.7835,-0.1711,0.1129
1779816507877,2,Pitching Mound.Drive,,Delivery,pitch.1,336744,-0.0006,-0.0027,0.0201,0.0103,-0.0576,-0.0015,0.0,0.0
1779816507877,2,Pitching Mound.Parent,,Delivery,pitch.1,335931,7.8405,0.109,116.9318,-175.5687,188.4114,-5.785,-0.1711,0.1129
1779816507878,2,11.0000004b,Drive,Delivery,pitch.1,336745,-0.0015,-0.0066,0.0279,0.0084,-0.0568,0.0009,0.0,0.0
1779816507878,2,12.00000015,Lower Delivery,Delivery,pitch.1,336465,6.3508,-2.4611,110.9973,-230.3029,184.3906,1.5322,-0.1764,-0.2203
1779816507878,2,12.00000018,Upper Delivery,Delivery,pitch.1,337021,1.4371,2.5515,5.9935,19.0324,4.1047,-5.6363,-0.0727,0.327
1779816507878,2,Pitching Mound.Delivery,,Delivery,pitch.1,336225,7.7879,0.0904,116.9907,-175.5692,188.4953,-5.7748,-0.171,0.1129
1779816507878,2,Pitching Mound.Drive,,Delivery,pitch.1,336745,-0.0015,-0.0066,0.0279,0.0084,-0.0568,0.0009,0.0,0.0
1779816507878,2,Pitching Mound.Parent,,Delivery,pitch.1,335932,7.7864,0.0838,117.0186,-175.5608,188.4384,-5.774,-0.171,0.1129
1779816507879,2,11.0000004b,Drive,Delivery,pitch.1,336746,-0.0023,-0.0091,0.0331,0.0097,-0.0571,-0.0017,0.0,0.0
1779816507879,2,12.00000015,Lower Delivery,Delivery,pitch.1,336466,6.368,-2.4603,110.9526,-230.3601,184.3172,1.6326,-0.1764,-0.2204
1779816507879,2,12.00000018,Upper Delivery,Delivery,pitch.1,337022,1.4715,2.5754,6.0333,19.2495,4.1944,-5.7578,-0.0738,0.327
1779816507879,2,Pitching Mound.Delivery,,Delivery,pitch.1,336226,7.8396,0.1151,116.9859,-175.438,188.5115,-5.79,-0.1711,0.1127
1779816507879,2,Pitching Mound.Drive,,Delivery,pitch.1,336746,-0.0023,-0.0091,0.0331,0.0097,-0.0571,-0.0017,0.0,0.0
1779816507879,2,Pitching Mound.Parent,,Delivery,pitch.1,335933,7.8373,0.106,117.019,-175.4283,188.4545,-5.7917,-0.171,0.1127
1779816507880,2,11.0000004b,Drive,Delivery,pitch.1,336747,-0.0023,-0.0101,0.0357,0.0087,-0.0553,-0.0014,0.0,0.0
1779816507880,2,12.00000015,Lower Delivery,Delivery,pitch.1,336467,6.3477,-2.4819,111.0344,-230.3766,184.1485,1.6685,-0.1761,-0.2203
1779816507880,2,12.00000018,Upper Delivery,Delivery,pitch.1,337023,1.4614,2.583,6.034,19.1373,3.9882,-5.7434,-0.0702,0.327
1779816507880,2,Pitching Mound.Delivery,,Delivery,pitch.1,336227,7.8091,0.1011,117.0684,-175.5391,188.1367,-5.7362,-0.1706,0.1129
1779816507880,2,Pitching Mound.Drive,,Delivery,pitch.1,336747,-0.0023,-0.0101,0.0357,0.0087,-0.0553,-0.0014,0.0,0.0
1779816507880,2,Pitching Mound.Parent,,Delivery,pitch.1,335934,7.8069,0.091,117.1041,-175.5304,188.0814,-5.7376,-0.1706,0.1129
1779816507881,2,11.0000004b,Drive,Delivery,pitch.1,336748,-0.002,-0.0096,0.0344,0.0083,-0.0542,-0.0013,0.0,0.0
1779816507881,2,12.00000015,Lower Delivery,Delivery,pitch.1,336468,6.321,-2.4882,111.1497,-230.4203,183.8705,1.7263,-0.1756,-0.2201
1779816507881,2,12.00000018,Upper Delivery,Delivery,pitch.1,337024,1.455,2.5884,6.1196,18.9273,4.2853,-5.7969,-0.0743,0.327
1779816507881,2,Pitching Mound.Delivery,,Delivery,pitch.1,336228,7.776,0.1002,117.2693,-175.7828,188.1559,-5.7251,-0.1703,0.113
1779816507881,2,Pitching Mound.Drive,,Delivery,pitch.1,336748,-0.002,-0.0096,0.0344,0.0083,-0.0542,-0.0013,0.0,0.0
1779816507881,2,Pitching Mound.Parent,,Delivery,pitch.1,335935,7.774,0.0906,117.3037,-175.7745,188.1017,-5.7264,-0.1703,0.113
1779816507882,2,11.0000004b,Drive,Delivery,pitch.1,336749,-0.0018,-0.0081,0.0321,0.0127,-0.0538,0.0026,0.0,0.0
1779816507882,2,12.00000015,Lower Delivery,Delivery,pitch.1,336469,6.2991,-2.506,111.1294,-230.5466,183.3959,1.8148,-0.1752,-0.2202
1779816507882,2,12.00000018,Upper Delivery,Delivery,pitch.1,337025,1.4878,2.6002,6.1275,19.0767,4.3121,-5.8815,-0.0747,0.327
1779816507882,2,Pitching Mound.Delivery,,Delivery,pitch.1,336229,7.7869,0.0942,117.2569,-175.7692,187.7081,-5.7025,-0.1699,0.1128
1779816507882,2,Pitching Mound.Drive,,Delivery,pitch.1,336749,-0.0018,-0.0081,0.0321,0.0127,-0.0538,0.0026,0.0,0.0
1779816507882,2,Pitching Mound.Parent,,Delivery,pitch.1,335936,7.7852,0.0861,117.2889,-175.7565,187.6543,-5.6999,-0.1699,0.1128
1779816507883,2,11.0000004b,Drive,Delivery,pitch.1,336750,-0.0018,-0.0076,0.0317,0.0124,-0.0543,0.0022,0.0,0.0
1779816507883,2,11.0000004b,Drive,Delivery,pitch.1,336751,-0.001,-0.0057,0.0274,0.0132,-0.0528,0.0005,0.0,0.0
1779816507883,2,12.00000015,Lower Delivery,Delivery,pitch.1,336470,6.287,-2.5347,111.0749,-230.4003,183.4071,1.863,-0.1753,-0.2202
1779816507883,2,12.00000018,Upper Delivery,Delivery,pitch.1,337026,1.4704,2.5931,6.1588,19.2174,4.5066,-5.9283,-0.0777,0.327
1779816507883,2,Pitching Mound.Delivery,,Delivery,pitch.1,336230,7.7574,0.0584,117.2337,-175.5114,187.9137,-5.7029,-0.1702,0.1128
1779816507883,2,Pitching Mound.Drive,,Delivery,pitch.1,336750,-0.0018,-0.0076,0.0317,0.0124,-0.0543,0.0022,0.0,0.0
1779816507883,2,Pitching Mound.Drive,,Delivery,pitch.1,336751,-0.001,-0.0057,0.0274,0.0132,-0.0528,0.0005,0.0,0.0
1779816507883,2,Pitching Mound.Parent,,Delivery,pitch.1,335937,7.7556,0.0508,117.2655,-175.499,187.8594,-5.7008,-0.1701,0.1128
1779816507884,2,11.0000004b,Drive,Delivery,pitch.1,336752,-0.0016,-0.0068,0.0301,0.0167,-0.0536,-0.0006,0.0,0.0
1779816507884,2,12.00000015,Lower Delivery,Delivery,pitch.1,336471,6.2683,-2.5539,110.9587,-230.3152,183.3006,1.9392,-0.1754,-0.2204
1779816507884,2,12.00000018,Upper Delivery,Delivery,pitch.1,337027,1.5127,2.6274,6.1434,19.3576,4.5243,-5.9582,-0.0782,0.327
1779816507884,2,Pitching Mound.Delivery,,Delivery,pitch.1,336231,7.7811,0.0734,117.1021,-175.3204,187.8249,-5.6359,-0.1703,0.1127
1779816507884,2,Pitching Mound.Drive,,Delivery,pitch.1,336752,-0.0016,-0.0068,0.0301,0.0167,-0.0536,-0.0006,0.0,0.0
1779816507884,2,Pitching Mound.Parent,,Delivery,pitch.1,335938,7.78,0.0677,117.1295,-175.3072,187.7722,-5.6354,-0.1702,0.1127
1779816507885,2,12.00000015,Lower Delivery,Delivery,pitch.1,336472,6.2561,-2.5658,110.8304,-230.2734,183.0542,1.9983,-0.1753,-0.2206
1779816507885,2,12.00000018,Upper Delivery,Delivery,pitch.1,337028,1.5408,2.6443,6.2296,19.6688,4.694,-6.0402,-0.08,0.327
1779816507885,2,Pitching Mound.Delivery,,Delivery,pitch.1,336232,7.7968,0.0786,117.0601,-175.0403,187.7481,-5.6451,-0.1703,0.1124
1779816507885,2,Pitching Mound.Parent,,Delivery,pitch.1,335939,7.7953,0.0718,117.0902,-175.0236,187.6946,-5.6457,-0.1702,0.1124
1779816507886,2,11.0000004b,Drive,Delivery,pitch.1,336753,-0.0013,-0.0062,0.0288,0.0167,-0.0512,0.0004,0.0,0.0
1779816507886,2,11.0000004b,Drive,Delivery,pitch.1,336754,-0.0007,-0.0045,0.024,0.011,-0.0531,-0.0004,0.0,0.0
1779816507886,2,12.00000015,Lower Delivery,Delivery,pitch.1,336473,6.2509,-2.5504,110.6666,-230.4321,183.2474,2.0845,-0.1758,-0.2211
1779816507886,2,12.00000018,Upper Delivery,Delivery,pitch.1,337029,1.5311,2.6265,6.2362,19.6816,4.9061,-6.0987,-0.0835,0.327
1779816507886,2,Pitching Mound.Delivery,,Delivery,pitch.1,336233,7.782,0.0761,116.9028,-175.2442,188.1535,-5.6189,-0.1709,0.1119
1779816507886,2,Pitching Mound.Drive,,Delivery,pitch.1,336753,-0.0013,-0.0062,0.0288,0.0167,-0.0512,0.0004,0.0,0.0
1779816507886,2,Pitching Mound.Drive,,Delivery,pitch.1,336754,-0.0007,-0.0045,0.024,0.011,-0.0531,-0.0004,0.0,0.0
1779816507886,2,Pitching Mound.Parent,,Delivery,pitch.1,335940,7.7807,0.0699,116.9316,-175.2275,188.1022,-5.6185,-0.1708,0.1119
1779816507887,2,11.0000004b,Drive,Delivery,pitch.1,336755,-0.0001,-0.002,0.0195,0.0105,-0.0544,0.0015,0.0,0.0
1779816507887,2,12.00000015,Lower Delivery,Delivery,pitch.1,336474,6.2321,-2.5644,110.6784,-230.4021,182.9444,2.1622,-0.1755,-0.221
1779816507887,2,12.00000018,Upper Delivery,Delivery,pitch.1,337030,1.5227,2.6311,6.2131,19.6996,5.0005,-6.1512,-0.0854,0.327
1779816507887,2,Pitching Mound.Delivery,,Delivery,pitch.1,336234,7.7548,0.0666,116.8914,-175.1843,187.9449,-5.5902,-0.1707,0.112
1779816507887,2,Pitching Mound.Drive,,Delivery,pitch.1,336755,-0.0001,-0.002,0.0195,0.0105,-0.0544,0.0015,0.0,0.0
1779816507887,2,Pitching Mound.Parent,,Delivery,pitch.1,335941,7.7541,0.0621,116.9154,-175.1733,187.8917,-5.5906,-0.1707,0.112
1779816507888,2,11.0000004b,Drive,Delivery,pitch.1,336756,-0.0016,-0.007,0.0294,0.014,-0.0525,0.0003,0.0,0.0
1779816507888,2,12.00000015,Lower Delivery,Delivery,pitch.1,336475,6.2377,-2.5762,110.4977,-230.2719,183.1286,2.2204,-0.1759,-0.2212
1779816507888,2,12.00000018,Upper Delivery,Delivery,pitch.1,337031,1.5409,2.6417,6.2848,19.7027,5.0731,-6.1757,-0.0857,0.327
1779816507888,2,Pitching Mound.Delivery,,Delivery,pitch.1,336235,7.7786,0.0655,116.7825,-175.1369,188.2018,-5.5523,-0.1711,0.1117
1779816507888,2,Pitching Mound.Drive,,Delivery,pitch.1,336756,-0.0016,-0.007,0.0294,0.014,-0.0525,0.0003,0.0,0.0
1779816507888,2,Pitching Mound.Parent,,Delivery,pitch.1,335942,7.7785,0.0636,116.802,-175.1264,188.1473,-5.5508,-0.1711,0.1117
1779816507889,2,11.0000004b,Drive,Delivery,pitch.1,336757,-0.0008,-0.0042,0.023,0.0133,-0.0538,0.0023,0.0,0.0
1779816507889,2,12.00000015,Lower Delivery,Delivery,pitch.1,336476,6.2104,-2.5999,110.4135,-230.2126,183.1087,2.284,-0.1761,-0.2213
1779816507889,2,12.00000018,Upper Delivery,Delivery,pitch.1,337032,1.6083,2.6373,6.2254,19.9828,5.0786,-6.2018,-0.0866,0.327
1779816507889,2,Pitching Mound.Delivery,,Delivery,pitch.1,336236,7.8187,0.0374,116.6389,-174.8058,188.1873,-5.4825,-0.1713,0.1116
1779816507889,2,Pitching Mound.Drive,,Delivery,pitch.1,336757,-0.0008,-0.0042,0.023,0.0133,-0.0538,0.0023,0.0,0.0
1779816507889,2,Pitching Mound.Parent,,Delivery,pitch.1,335943,7.8171,0.0304,116.6683,-174.7918,188.1349,-5.4822,-0.1712,0.1116
1779816507890,2,11.0000004b,Drive,Delivery,pitch.1,336758,-0.0012,-0.0047,0.0238,0.015,-0.0544,0.0017,0.0,0.0
1779816507890,2,12.00000015,Lower Delivery,Delivery,pitch.1,336477,6.187,-2.6268,110.5351,-230.1651,182.9491,2.3699,-0.1757,-0.2211
1779816507890,2,12.00000018,Upper Delivery,Delivery,pitch.1,337033,1.6132,2.6484,6.2873,20.1957,5.1172,-6.2821,-0.0864,0.327
1779816507890,2,Pitching Mound.Delivery,,Delivery,pitch.1,336237,7.8002,0.0216,116.8224,-174.5252,188.0663,-5.4673,-0.1709,0.1118
1779816507890,2,Pitching Mound.Drive,,Delivery,pitch.1,336758,-0.0012,-0.0047,0.0238,0.015,-0.0544,0.0017,0.0,0.0
1779816507890,2,Pitching Mound.Parent,,Delivery,pitch.1,335944,7.7994,0.0174,116.8454,-174.5118,188.0124,-5.465,-0.1709,0.1118
1779816507891,2,11.0000004b,Drive,Delivery,pitch.1,336759,-0.0008,-0.0042,0.0224,0.0117,-0.055,0.002,0.0,0.0
1779816507891,2,12.00000015,Lower Delivery,Delivery,pitch.1,336478,6.1887,-2.6395,110.4087,-230.1727,183.0168,2.4507,-0.176,-0.2213
1779816507891,2,12.00000018,Upper Delivery,Delivery,pitch.1,337034,1.6403,2.6552,6.2658,20.4587,4.9369,-6.3494,-0.0836,0.327
1779816507891,2,Pitching Mound.Delivery,,Delivery,pitch.1,336238,7.829,0.0157,116.6745,-174.3054,187.9538,-5.4452,-0.171,0.1116
1779816507891,2,Pitching Mound.Drive,,Delivery,pitch.1,336759,-0.0008,-0.0042,0.0224,0.0117,-0.055,0.002,0.0,0.0
1779816507891,2,Pitching Mound.Parent,,Delivery,pitch.1,335945,7.8278,0.011,116.6984,-174.2904,187.8993,-5.4434,-0.171,0.1116
1779816507892,2,11.0000004b,Drive,Delivery,pitch.1,336760,-0.0009,-0.0056,0.0248,0.0116,-0.0564,0.0023,0.0,0.0
1779816507892,2,12.00000015,Lower Delivery,Delivery,pitch.1,336479,6.181,-2.6654,110.2731,-229.9927,182.7339,2.5533,-0.1759,-0.2214
1779816507892,2,12.00000018,Upper Delivery,Delivery,pitch.1,337035,1.6553,2.6523,6.2722,20.8844,4.8687,-6.4068,-0.0824,0.327
1779816507892,2,Pitching Mound.Delivery,,Delivery,pitch.1,336239,7.8363,-0.0132,116.5452,-173.7479,187.6027,-5.3923,-0.1709,0.1115
1779816507892,2,Pitching Mound.Drive,,Delivery,pitch.1,336760,-0.0009,-0.0056,0.0248,0.0116,-0.0564,0.0023,0.0,0.0
1779816507892,2,Pitching Mound.Parent,,Delivery,pitch.1,335946,7.8355,-0.0173,116.5677,-173.7363,187.5477,-5.3903,-0.1709,0.1115
1779816507893,2,11.0000004b,Drive,Delivery,pitch.1,336761,0.0004,-0.0016,0.0165,0.0101,-0.0546,0.0026,0.0,0.0
1779816507893,2,12.00000015,Lower Delivery,Delivery,pitch.1,336480,6.1771,-2.6817,110.3202,-229.8206,182.6688,2.5953,-0.1758,-0.2212
1779816507893,2,12.00000018,Upper Delivery,Delivery,pitch.1,337036,1.6959,2.6883,6.2504,20.7129,4.7502,-6.4399,-0.0807,0.327
1779816507893,2,Pitching Mound.Delivery,,Delivery,pitch.1,336240,7.873,0.0066,116.5706,-173.7239,187.419,-5.3682,-0.1707,0.1118
1779816507893,2,Pitching Mound.Drive,,Delivery,pitch.1,336761,0.0004,-0.0016,0.0165,0.0101,-0.0546,0.0026,0.0,0.0
1779816507893,2,Pitching Mound.Parent,,Delivery,pitch.1,335947,7.8721,0.001,116.5954,-173.7123,187.3626,-5.3659,-0.1706,0.1117
1779816507894,2,11.0000004b,Drive,Delivery,pitch.1,336762,-0.0009,-0.006,0.0258,0.0105,-0.0554,0.0034,0.0,0.0
1779816507894,2,12.00000015,Lower Delivery,Delivery,pitch.1,336481,6.188,-2.7031,110.2617,-229.698,182.3469,2.6689,-0.1756,-0.2212
1779816507894,2,12.00000018,Upper Delivery,Delivery,pitch.1,337037,1.7006,2.6879,6.1996,20.6146,4.5715,-6.4649,-0.0783,0.327
1779816507894,2,Pitching Mound.Delivery,,Delivery,pitch.1,336241,7.8885,-0.0152,116.4613,-173.7023,186.9184,-5.3218,-0.1704,0.1118
1779816507894,2,Pitching Mound.Drive,,Delivery,pitch.1,336762,-0.0009,-0.006,0.0258,0.0105,-0.0554,0.0034,0.0,0.0
1779816507894,2,Pitching Mound.Parent,,Delivery,pitch.1,335948,7.8889,-0.0168,116.4777,-173.6923,186.8638,-5.3192,-0.1704,0.1118
1779816507895,2,11.0000004b,Drive,Delivery,pitch.1,336763,-0.0011,-0.0055,0.0251,0.0105,-0.0559,0.0034,0.0,0.0
1779816507895,2,12.00000015,Lower Delivery,Delivery,pitch.1,336482,6.1606,-2.7144,110.3433,-229.704,182.1584,2.7537,-0.1753,-0.221
1779816507895,2,12.00000018,Upper Delivery,Delivery,pitch.1,337038,1.7272,2.724,6.1962,20.5941,4.4845,-6.5361,-0.0768,0.327
1779816507895,2,Pitching Mound.Delivery,,Delivery,pitch.1,336242,7.8878,0.0096,116.5395,-173.6999,186.6428,-5.2898,-0.17,0.112
1779816507895,2,Pitching Mound.Drive,,Delivery,pitch.1,336763,-0.0011,-0.0055,0.0251,0.0105,-0.0559,0.0034,0.0,0.0
1779816507895,2,Pitching Mound.Parent,,Delivery,pitch.1,335949,7.8869,0.0036,116.5652,-173.6894,186.5874,-5.2864,-0.17,0.112
1779816507896,2,11.0000004b,Drive,Delivery,pitch.1,336764,-0.0015,-0.007,0.0288,0.0089,-0.0568,0.0029,0.0,0.0
1779816507896,2,12.00000015,Lower Delivery,Delivery,pitch.1,336483,6.1529,-2.7402,110.3582,-229.489,181.5509,2.8549,-0.1746,-0.2208
1779816507896,2,12.00000018,Upper Delivery,Delivery,pitch.1,337039,1.7509,2.7646,6.1142,20.5024,4.287,-6.5583,-0.0744,0.327
1779816507896,2,Pitching Mound.Delivery,,Delivery,pitch.1,336243,7.9038,0.0245,116.4725,-173.5436,185.8379,-5.2001,-0.1694,0.1123
1779816507896,2,Pitching Mound.Drive,,Delivery,pitch.1,336764,-0.0015,-0.007,0.0288,0.0089,-0.0568,0.0029,0.0,0.0
1779816507896,2,Pitching Mound.Parent,,Delivery,pitch.1,335950,7.9027,0.019,116.4976,-173.5331,185.782,-5.1968,-0.1694,0.1123
1779816507897,2,11.0000004b,Drive,Delivery,pitch.1,336765,-0.0029,-0.0105,0.0369,0.0134,-0.0558,0.0048,0.0,0.0
1779816507897,2,12.00000015,Lower Delivery,Delivery,pitch.1,336484,6.147,-2.7449,110.3954,-229.3934,181.2062,2.945,-0.1743,-0.2206
1779816507897,2,12.00000018,Upper Delivery,Delivery,pitch.1,337040,1.7599,2.792,6.0837,20.5306,4.2207,-6.571,-0.0737,0.327
1779816507897,2,Pitching Mound.Delivery,,Delivery,pitch.1,336244,7.9069,0.0471,116.4791,-173.3967,185.4269,-5.1176,-0.169,0.1125
1779816507897,2,Pitching Mound.Drive,,Delivery,pitch.1,336765,-0.0029,-0.0105,0.0369,0.0134,-0.0558,0.0048,0.0,0.0
1779816507897,2,Pitching Mound.Parent,,Delivery,pitch.1,335951,7.9054,0.0401,116.508,-173.3878,185.37,-5.1147,-0.169,0.1125
1779816507898,2,11.0000004b,Drive,Delivery,pitch.1,336766,-0.0016,-0.0067,0.0285,0.0168,-0.0531,0.0059,0.0,0.0
1779816507898,2,12.00000015,Lower Delivery,Delivery,pitch.1,336485,6.1655,-2.7819,110.4844,-229.2278,181.0531,2.9846,-0.174,-0.2203
1779816507898,2,12.00000018,Upper Delivery,Delivery,pitch.1,337041,1.8097,2.8223,6.1279,20.6542,4.1874,-6.6488,-0.0725,0.327
1779816507898,2,Pitching Mound.Delivery,,Delivery,pitch.1,336245,7.9752,0.0404,116.6124,-173.0924,185.2405,-5.1451,-0.1686,0.1128
1779816507898,2,Pitching Mound.Drive,,Delivery,pitch.1,336766,-0.0016,-0.0067,0.0285,0.0168,-0.0531,0.0059,0.0,0.0
1779816507898,2,Pitching Mound.Parent,,Delivery,pitch.1,335952,7.9723,0.03,116.6492,-173.0789,185.1847,-5.1403,-0.1686,0.1127
1779816507899,2,11.0000004b,Drive,Delivery,pitch.1,336767,0.0001,-0.0014,0.0175,0.0109,-0.0568,0.0037,0.0,0.0
1779816507899,2,12.00000015,Lower Delivery,Delivery,pitch.1,336486,6.1453,-2.779,110.3993,-229.1352,180.5917,3.0871,-0.1737,-0.2203
1779816507899,2,12.00000018,Upper Delivery,Delivery,pitch.1,337042,1.8116,2.854,6.1187,20.584,4.1588,-6.6746,-0.0722,0.327
1779816507899,2,Pitching Mound.Delivery,,Delivery,pitch.1,336246,7.957,0.075,116.518,-173.0959,184.7505,-5.061,-0.1683,0.1127
1779816507899,2,Pitching Mound.Drive,,Delivery,pitch.1,336767,0.0001,-0.0014,0.0175,0.0109,-0.0568,0.0037,0.0,0.0
1779816507899,2,Pitching Mound.Parent,,Delivery,pitch.1,335953,7.9553,0.0684,116.5465,-173.0791,184.6974,-5.0551,-0.1683,0.1127
1779816507900,2,11.0000004b,Drive,Delivery,pitch.1,336768,0.0003,-0.0011,0.017,0.0103,-0.0577,0.0044,0.0,0.0
1779816507900,2,12.00000015,Lower Delivery,Delivery,pitch.1,336487,6.1318,-2.7867,110.1868,-228.8339,180.2108,3.1748,-0.1736,-0.2205
1779816507900,2,12.00000018,Upper Delivery,Delivery,pitch.1,337043,1.8032,2.8786,6.1397,20.4139,4.1749,-6.7589,-0.0722,0.327
1779816507900,2,Pitching Mound.Delivery,,Delivery,pitch.1,336247,7.935,0.0919,116.3266,-173.044,184.3857,-5.0558,-0.1683,0.1125
1779816507900,2,Pitching Mound.Drive,,Delivery,pitch.1,336768,0.0003,-0.0011,0.017,0.0103,-0.0577,0.0044,0.0,0.0
1779816507900,2,Pitching Mound.Parent,,Delivery,pitch.1,335954,7.9351,0.0905,116.3441,-173.0332,184.3289,-5.0521,-0.1682,0.1125
1779816507901,2,11.0000004b,Drive,Delivery,pitch.1,336769,0.0,-0.001,0.0173,0.0108,-0.0583,0.0053,0.0,0.0
1779816507901,2,12.00000015,Lower Delivery,Delivery,pitch.1,336488,6.1051,-2.7914,109.9228,-228.816,179.7962,3.236,-0.1736,-0.221
1779816507901,2,12.00000018,Upper Delivery,Delivery,pitch.1,337044,1.8259,2.8734,6.148,20.2799,4.3253,-6.8141,-0.0747,0.327
1779816507901,2,Pitching Mound.Delivery,,Delivery,pitch.1,336248,7.9311,0.0821,116.0708,-173.2526,184.1214,-5.0331,-0.1684,0.112
1779816507901,2,Pitching Mound.Drive,,Delivery,pitch.1,336769,0.0,-0.001,0.0173,0.0108,-0.0583,0.0053,0.0,0.0
1779816507901,2,Pitching Mound.Parent,,Delivery,pitch.1,335955,7.9313,0.0809,116.0878,-173.2423,184.0637,-5.0286,-0.1684,0.112
1779816507902,2,11.0000004b,Drive,Delivery,pitch.1,336770,-0.0001,-0.0011,0.0177,0.011,-0.0572,0.0048,0.0,0.0
1779816507902,2,12.00000015,Lower Delivery,Delivery,pitch.1,336489,6.0939,-2.8135,109.9545,-228.6526,179.8806,3.3043,-0.1737,-0.2208
1779816507902,2,12.00000018,Upper Delivery,Delivery,pitch.1,337045,1.7916,2.8644,6.1937,20.0924,4.4794,-6.8391,-0.0768,0.327
1779816507902,2,Pitching Mound.Delivery,,Delivery,pitch.1,336249,7.8855,0.0508,116.1482,-173.2814,184.36,-4.9976,-0.1685,0.1122
1779816507902,2,Pitching Mound.Drive,,Delivery,pitch.1,336770,-0.0001,-0.0011,0.0177,0.011,-0.0572,0.0048,0.0,0.0
1779816507902,2,Pitching Mound.Parent,,Delivery,pitch.1,335956,7.8855,0.0499,116.1655,-173.2707,184.3017,-4.9922,-0.1685,0.1122
1779816507903,2,11.0000004b,Drive,Delivery,pitch.1,336771,0.0002,-0.001,0.0168,0.0104,-0.0561,0.0038,0.0,0.0
1779816507903,2,12.00000015,Lower Delivery,Delivery,pitch.1,336490,6.0829,-2.828,109.8759,-228.6446,179.7217,3.3607,-0.1736,-0.2209
1779816507903,2,12.00000018,Upper Delivery,Delivery,pitch.1,337046,1.8076,2.8686,6.2445,19.9596,4.5923,-6.886,-0.0781,0.327
1779816507903,2,Pitching Mound.Delivery,,Delivery,pitch.1,336250,7.8905,0.0406,116.1203,-173.4503,184.314,-4.9789,-0.1685,0.112
1779816507903,2,Pitching Mound.Drive,,Delivery,pitch.1,336771,0.0002,-0.001,0.0168,0.0104,-0.0561,0.0038,0.0,0.0
1779816507903,2,Pitching Mound.Parent,,Delivery,pitch.1,335957,7.8904,0.0395,116.1381,-173.4393,184.2567,-4.9741,-0.1685,0.112
1779816507904,2,11.0000004b,Drive,Delivery,pitch.1,336772,-0.0001,-0.0012,0.0174,0.0112,-0.06,0.0053,0.0,0.0
1779816507904,2,12.00000015,Lower Delivery,Delivery,pitch.1,336491,6.045,-2.8505,109.6936,-228.419,179.6525,3.4149,-0.1739,-0.2211
1779816507904,2,12.00000018,Upper Delivery,Delivery,pitch.1,337047,1.7774,2.8551,6.2339,20.2008,4.7167,-6.9404,-0.0803,0.327
1779816507904,2,Pitching Mound.Delivery,,Delivery,pitch.1,336251,7.8224,0.0046,115.9275,-173.042,184.3692,-4.9766,-0.1688,0.1118
1779816507904,2,Pitching Mound.Drive,,Delivery,pitch.1,336772,-0.0001,-0.0012,0.0174,0.0112,-0.06,0.0053,0.0,0.0
1779816507904,2,Pitching Mound.Parent,,Delivery,pitch.1,335958,7.8226,0.0036,115.9443,-173.0316,184.3131,-4.9727,-0.1688,0.1118
1779816507905,2,11.0000004b,Drive,Delivery,pitch.1,336773,-0.0002,-0.0011,0.017,0.0118,-0.0612,0.0056,0.0,0.0
1779816507905,2,12.00000015,Lower Delivery,Delivery,pitch.1,336492,6.0379,-2.8767,109.6349,-228.359,179.7001,3.482,-0.174,-0.2211
1779816507905,2,12.00000018,Upper Delivery,Delivery,pitch.1,337048,1.7697,2.8668,6.2457,20.0117,4.7632,-6.9549,-0.081,0.327
1779816507905,2,Pitching Mound.Delivery,,Delivery,pitch.1,336252,7.8076,-0.0098,115.8807,-173.1949,184.4633,-4.9241,-0.169,0.1118
1779816507905,2,Pitching Mound.Drive,,Delivery,pitch.1,336773,-0.0002,-0.0011,0.017,0.0118,-0.0612,0.0056,0.0,0.0
1779816507905,2,Pitching Mound.Parent,,Delivery,pitch.1,335959,7.8075,-0.0111,115.8981,-173.1837,184.4033,-4.9189,-0.169,0.1118
1779816507906,2,11.0000004b,Drive,Delivery,pitch.1,336774,-0.0003,-0.0015,0.0176,0.0118,-0.0596,0.0038,0.0,0.0
1779816507906,2,12.00000015,Lower Delivery,Delivery,pitch.1,336493,5.9999,-2.9046,109.5441,-228.1829,179.4318,3.5526,-0.1739,-0.2211
1779816507906,2,12.00000018,Upper Delivery,Delivery,pitch.1,337049,1.7818,2.8636,6.2908,20.1322,5.0849,-6.9773,-0.0858,0.327
1779816507906,2,Pitching Mound.Delivery,,Delivery,pitch.1,336253,7.7818,-0.041,115.8349,-172.9446,184.5167,-4.8588,-0.1691,0.1117
1779816507906,2,Pitching Mound.Drive,,Delivery,pitch.1,336774,-0.0003,-0.0015,0.0176,0.0118,-0.0596,0.0038,0.0,0.0
1779816507906,2,Pitching Mound.Parent,,Delivery,pitch.1,335960,7.7816,-0.0421,115.8519,-172.9328,184.4555,-4.8532,-0.1691,0.1117
1779816507907,2,11.0000004b,Drive,Delivery,pitch.1,336775,-0.0003,-0.0012,0.0175,0.0114,-0.0585,0.006,0.0,0.0
1779816507907,2,12.00000015,Lower Delivery,Delivery,pitch.1,336494,5.9961,-2.9316,109.4775,-228.0611,179.6679,3.622,-0.1742,-0.2212
1779816507907,2,12.00000018,Upper Delivery,Delivery,pitch.1,337050,1.8141,2.8889,6.319,20.0126,5.1473,-7.0385,-0.0865,0.327
1779816507907,2,Pitching Mound.Delivery,,Delivery,pitch.1,336254,7.8102,-0.0427,115.7964,-172.9745,184.8152,-4.8383,-0.1694,0.1117
1779816507907,2,Pitching Mound.Drive,,Delivery,pitch.1,336775,-0.0003,-0.0012,0.0175,0.0114,-0.0585,0.006,0.0,0.0
1779816507907,2,Pitching Mound.Parent,,Delivery,pitch.1,335961,7.8098,-0.0442,115.814,-172.9627,184.7556,-4.8345,-0.1694,0.1116
1779816507908,2,11.0000004b,Drive,Delivery,pitch.1,336776,-0.0003,-0.0016,0.0175,0.011,-0.0567,0.0014,0.0,0.0
1779816507908,2,12.00000015,Lower Delivery,Delivery,pitch.1,336495,5.9747,-2.9703,109.5171,-227.849,179.4384,3.6682,-0.1739,-0.2209
1779816507908,2,12.00000018,Upper Delivery,Delivery,pitch.1,337051,1.8425,2.9042,6.3694,19.9594,4.9579,-7.0995,-0.0826,0.327
1779816507908,2,Pitching Mound.Delivery,,Delivery,pitch.1,336255,7.8172,-0.066,115.8865,-172.8194,184.3963,-4.8362,-0.1689,0.1119
1779816507908,2,Pitching Mound.Drive,,Delivery,pitch.1,336776,-0.0003,-0.0016,0.0175,0.011,-0.0567,0.0014,0.0,0.0
1779816507908,2,Pitching Mound.Parent,,Delivery,pitch.1,335962,7.8169,-0.0672,115.904,-172.808,184.3378,-4.8302,-0.1689,0.1119
1779816507909,2,11.0000004b,Drive,Delivery,pitch.1,336777,0.0,-0.0012,0.0166,0.0115,-0.0567,0.0005,0.0,0.0
1779816507909,2,12.00000015,Lower Delivery,Delivery,pitch.1,336496,5.953,-2.9841,109.3518,-227.844,179.291,3.7372,-0.1741,-0.2212
1779816507909,2,12.00000018,Upper Delivery,Delivery,pitch.1,337052,1.8782,2.9562,6.3441,19.7588,4.9153,-7.1339,-0.0823,0.327
1779816507909,2,Pitching Mound.Delivery,,Delivery,pitch.1,336256,7.8312,-0.0279,115.6959,-173.0626,184.2063,-4.7822,-0.169,0.1116
1779816507909,2,Pitching Mound.Drive,,Delivery,pitch.1,336777,0.0,-0.0012,0.0166,0.0115,-0.0567,0.0005,0.0,0.0
1779816507909,2,Pitching Mound.Parent,,Delivery,pitch.1,335963,7.831,-0.0295,115.7134,-173.0516,184.1496,-4.7808,-0.169,0.1116
1779816507910,2,11.0000004b,Drive,Delivery,pitch.1,336778,0.0001,-0.0011,0.0159,0.0104,-0.0558,0.002,0.0,0.0
1779816507910,2,12.00000015,Lower Delivery,Delivery,pitch.1,336497,5.917,-2.9944,109.3656,-227.8209,178.9024,3.8475,-0.1737,-0.2211
1779816507910,2,12.00000018,Upper Delivery,Delivery,pitch.1,337053,1.9091,2.9857,6.4,19.9147,5.1325,-7.1534,-0.0851,0.327
1779816507910,2,Pitching Mound.Delivery,,Delivery,pitch.1,336257,7.8261,-0.0087,115.7656,-172.8979,184.0349,-4.6686,-0.1688,0.1116
1779816507910,2,Pitching Mound.Drive,,Delivery,pitch.1,336778,0.0001,-0.0011,0.0159,0.0104,-0.0558,0.002,0.0,0.0
1779816507910,2,Pitching Mound.Parent,,Delivery,pitch.1,335964,7.8261,-0.01,115.7822,-172.8864,183.9782,-4.6681,-0.1687,0.1115
1779816507911,2,11.0000004b,Drive,Delivery,pitch.1,336779,0.0004,-0.0013,0.0161,0.0096,-0.0537,0.0006,0.0,0.0
1779816507911,2,12.00000015,Lower Delivery,Delivery,pitch.1,336498,5.9083,-3.0207,109.3851,-227.7041,178.9002,3.9074,-0.1736,-0.221
1779816507911,2,12.00000018,Upper Delivery,Delivery,pitch.1,337054,1.9536,3.0465,6.4495,19.9276,5.0405,-7.1604,-0.083,0.327
1779816507911,2,Pitching Mound.Delivery,,Delivery,pitch.1,336258,7.8618,0.0258,115.8346,-172.7783,183.9407,-4.5976,-0.1686,0.1117
1779816507911,2,Pitching Mound.Drive,,Delivery,pitch.1,336779,0.0004,-0.0013,0.0161,0.0096,-0.0537,0.0006,0.0,0.0
1779816507911,2,Pitching Mound.Parent,,Delivery,pitch.1,335965,7.8619,0.0247,115.8505,-172.7679,183.8849,-4.5957,-0.1686,0.1116
1779816507912,2,11.0000004b,Drive,Delivery,pitch.1,336780,0.0004,-0.0011,0.0161,0.0092,-0.0532,-0.0004,0.0,0.0
1779816507912,2,12.00000015,Lower Delivery,Delivery,pitch.1,336499,5.8962,-3.0461,109.4315,-227.4218,178.5251,3.9847,-0.1732,-0.2206
1779816507912,2,12.00000018,Upper Delivery,Delivery,pitch.1,337055,1.9715,3.067,6.4852,20.0328,5.0084,-7.1693,-0.082,0.327
1779816507912,2,Pitching Mound.Delivery,,Delivery,pitch.1,336259,7.8677,0.0209,115.9168,-172.3872,183.5335,-4.519,-0.1681,0.112
1779816507912,2,Pitching Mound.Drive,,Delivery,pitch.1,336780,0.0004,-0.0011,0.0161,0.0092,-0.0532,-0.0004,0.0,0.0
1779816507912,2,Pitching Mound.Parent,,Delivery,pitch.1,335966,7.8681,0.0196,115.9328,-172.3777,183.4798,-4.5184,-0.1681,0.112
1779816507913,2,11.0000004b,Drive,Delivery,pitch.1,336781,0.0003,-0.0009,0.0165,0.0095,-0.0548,0.0009,0.0,0.0
1779816507913,2,12.00000015,Lower Delivery,Delivery,pitch.1,336500,5.8903,-3.0663,109.3289,-227.4977,178.1235,4.0662,-0.173,-0.2209
1779816507913,2,12.00000018,Upper Delivery,Delivery,pitch.1,337056,1.9681,3.0969,6.4534,19.9176,4.7598,-7.1999,-0.0783,0.327
1779816507913,2,Pitching Mound.Delivery,,Delivery,pitch.1,336260,7.8584,0.0306,115.7823,-172.6023,182.8832,-4.4672,-0.1677,0.1117
1779816507913,2,Pitching Mound.Drive,,Delivery,pitch.1,336781,0.0003,-0.0009,0.0165,0.0095,-0.0548,0.0009,0.0,0.0
1779816507913,2,Pitching Mound.Parent,,Delivery,pitch.1,335967,7.8588,0.0295,115.7984,-172.5931,182.8301,-4.4676,-0.1677,0.1117
1779816507914,2,11.0000004b,Drive,Delivery,pitch.1,336782,0.0002,-0.0011,0.0168,0.0093,-0.0541,0.0004,0.0,0.0
1779816507914,2,12.00000015,Lower Delivery,Delivery,pitch.1,336501,5.8685,-3.0938,109.3446,-227.3272,177.7512,4.1071,-0.1726,-0.2207
1779816507914,2,12.00000018,Upper Delivery,Delivery,pitch.1,337057,1.9812,3.1063,6.4745,20.2028,4.9182,-7.2079,-0.0806,0.327
1779816507914,2,Pitching Mound.Delivery,,Delivery,pitch.1,336261,7.8496,0.0125,115.8191,-172.1486,182.6694,-4.4224,-0.1674,0.1119
1779816507914,2,Pitching Mound.Drive,,Delivery,pitch.1,336782,0.0002,-0.0011,0.0168,0.0093,-0.0541,0.0004,0.0,0.0
1779816507914,2,Pitching Mound.Parent,,Delivery,pitch.1,335968,7.85,0.0116,115.8356,-172.1391,182.6146,-4.4215,-0.1674,0.1119
1779816507915,2,11.0000004b,Drive,Delivery,pitch.1,336783,0.0003,-0.0008,0.0166,0.0096,-0.0553,0.0013,0.0,0.0
1779816507915,2,12.00000015,Lower Delivery,Delivery,pitch.1,336502,5.8616,-3.0906,109.3219,-227.2257,177.3458,4.2154,-0.1722,-0.2207
1779816507915,2,12.00000018,Upper Delivery,Delivery,pitch.1,337058,2.017,3.1268,6.5585,20.1887,4.869,-7.2266,-0.0788,0.3268
1779816507915,2,Pitching Mound.Delivery,,Delivery,pitch.1,336262,7.8786,0.0361,115.8804,-172.0974,182.2148,-4.3183,-0.1669,0.1118
1779816507915,2,Pitching Mound.Drive,,Delivery,pitch.1,336783,0.0003,-0.0008,0.0166,0.0096,-0.0553,0.0013,0.0,0.0
1779816507915,2,Pitching Mound.Parent,,Delivery,pitch.1,335969,7.8788,0.0351,115.8972,-172.0881,182.1607,-4.3179,-0.1669,0.1118
1779816507916,2,11.0000004b,Drive,Delivery,pitch.1,336784,0.0007,-0.0009,0.0162,0.0081,-0.0536,0.0008,0.0,0.0
1779816507916,2,12.00000015,Lower Delivery,Delivery,pitch.1,336503,5.8324,-3.1131,109.2738,-227.1326,177.2225,4.2878,-0.1722,-0.2207
1779816507916,2,12.00000018,Upper Delivery,Delivery,pitch.1,337059,2.0159,3.0883,6.5804,20.391,5.2291,-7.274,-0.0844,0.327
1779816507916,2,Pitching Mound.Delivery,,Delivery,pitch.1,336263,7.8483,-0.0248,115.8541,-171.8259,182.4516,-4.2837,-0.1672,0.1118
1779816507916,2,Pitching Mound.Drive,,Delivery,pitch.1,336784,0.0007,-0.0009,0.0162,0.0081,-0.0536,0.0008,0.0,0.0
1779816507916,2,Pitching Mound.Parent,,Delivery,pitch.1,335970,7.8486,-0.0257,115.8707,-171.8163,182.3963,-4.2824,-0.1672,0.1118
1779816507917,2,11.0000004b,Drive,Delivery,pitch.1,336785,0.0009,-0.0007,0.0159,0.0078,-0.0537,0.0003,0.0,0.0
1779816507917,2,12.00000015,Lower Delivery,Delivery,pitch.1,336504,5.8347,-3.1151,109.2179,-227.2818,177.2477,4.3494,-0.1723,-0.2209
1779816507917,2,12.00000018,Upper Delivery,Delivery,pitch.1,337060,2.0105,3.1039,6.674,20.8376,5.1961,-7.3363,-0.0827,0.327
1779816507917,2,Pitching Mound.Delivery,,Delivery,pitch.1,336264,7.8452,-0.0112,115.8919,-171.5793,182.4438,-4.2871,-0.1671,0.1115
1779816507917,2,Pitching Mound.Drive,,Delivery,pitch.1,336785,0.0009,-0.0007,0.0159,0.0078,-0.0537,0.0003,0.0,0.0
1779816507917,2,Pitching Mound.Parent,,Delivery,pitch.1,335971,7.8459,-0.0121,115.9081,-171.5712,182.3902,-4.2864,-0.1671,0.1115
1779816507918,2,11.0000004b,Drive,Delivery,pitch.1,336786,0.0007,-0.0008,0.0168,0.0092,-0.0568,0.001,0.0,0.0
1779816507918,2,12.00000015,Lower Delivery,Delivery,pitch.1,336505,5.8188,-3.1263,109.1384,-227.0855,177.0521,4.4042,-0.1722,-0.2209
1779816507918,2,12.00000018,Upper Delivery,Delivery,pitch.1,337061,1.9942,3.0963,6.6923,20.8265,5.3317,-7.368,-0.0846,0.327
1779816507918,2,Pitching Mound.Delivery,,Delivery,pitch.1,336265,7.813,-0.0301,115.8307,-171.4273,182.3839,-4.2641,-0.1672,0.1115
1779816507918,2,Pitching Mound.Drive,,Delivery,pitch.1,336786,0.0007,-0.0008,0.0168,0.0092,-0.0568,0.001,0.0,0.0
1779816507918,2,Pitching Mound.Parent,,Delivery,pitch.1,335972,7.8139,-0.0308,115.8466,-171.4195,182.3301,-4.2638,-0.1671,0.1115
1779816507919,2,11.0000004b,Drive,Delivery,pitch.1,336787,0.0007,-0.0008,0.0166,0.01,-0.0579,0.0011,0.0,0.0
1779816507919,2,12.00000015,Lower Delivery,Delivery,pitch.1,336506,5.8224,-3.1092,109.0141,-227.2507,177.4495,4.4693,-0.1728,-0.2213
1779816507919,2,12.00000018,Upper Delivery,Delivery,pitch.1,337062,1.9831,3.1009,6.7321,21.0208,5.5672,-7.4063,-0.0878,0.327
1779816507919,2,Pitching Mound.Delivery,,Delivery,pitch.1,336266,7.8055,-0.0083,115.7462,-171.4539,183.0167,-4.2423,-0.1679,0.111
1779816507919,2,Pitching Mound.Drive,,Delivery,pitch.1,336787,0.0007,-0.0008,0.0166,0.01,-0.0579,0.0011,0.0,0.0
1779816507919,2,Pitching Mound.Parent,,Delivery,pitch.1,335973,7.8062,-0.0091,115.763,-171.4448,182.9599,-4.2413,-0.1678,0.111
1779816507920,2,11.0000004b,Drive,Delivery,pitch.1,336788,0.0007,-0.0013,0.0168,0.009,-0.0575,0.0007,0.0,0.0
1779816507920,2,12.00000015,Lower Delivery,Delivery,pitch.1,336507,5.8108,-3.1421,109.0476,-227.2334,177.0509,4.5151,-0.1724,-0.2212
1779816507920,2,12.00000018,Upper Delivery,Delivery,pitch.1,337063,1.9457,3.0556,6.7649,21.2304,5.4267,-7.4398,-0.0852,0.327
1779816507920,2,Pitching Mound.Delivery,,Delivery,pitch.1,336267,7.7566,-0.0865,115.8125,-171.2269,182.4776,-4.2389,-0.1673,0.1111
1779816507920,2,Pitching Mound.Drive,,Delivery,pitch.1,336788,0.0007,-0.0013,0.0168,0.009,-0.0575,0.0007,0.0,0.0
1779816507920,2,Pitching Mound.Parent,,Delivery,pitch.1,335974,7.7573,-0.0873,115.8291,-171.2169,182.4197,-4.2379,-0.1672,0.1111
1779816507921,2,11.0000004b,Drive,Delivery,pitch.1,336789,0.0008,-0.0011,0.0166,0.0103,-0.0584,0.0005,0.0,0.0
1779816507921,2,12.00000015,Lower Delivery,Delivery,pitch.1,336508,5.804,-3.1623,109.0716,-227.2347,177.0757,4.6098,-0.1724,-0.2212
1779816507921,2,12.00000018,Upper Delivery,Delivery,pitch.1,337064,1.9472,3.0449,6.8688,21.3349,5.561,-7.5125,-0.086,0.327
1779816507921,2,Pitching Mound.Delivery,,Delivery,pitch.1,336268,7.7512,-0.1174,115.9403,-171.1509,182.6368,-4.2141,-0.1672,0.111
1779816507921,2,Pitching Mound.Drive,,Delivery,pitch.1,336789,0.0008,-0.0011,0.0166,0.0103,-0.0584,0.0005,0.0,0.0
1779816507921,2,Pitching Mound.Parent,,Delivery,pitch.1,335975,7.7519,-0.1187,115.9572,-171.1419,182.5793,-4.2134,-0.1672,0.111
1779816507922,2,11.0000004b,Drive,Delivery,pitch.1,336790,0.0008,-0.0009,0.016,0.0107,-0.0587,0.0,0.0,0.0
1779816507922,2,12.00000015,Lower Delivery,Delivery,pitch.1,336509,5.7742,-3.1612,109.0339,-227.2686,177.1243,4.6793,-0.1725,-0.2213
1779816507922,2,12.00000018,Upper Delivery,Delivery,pitch.1,337065,1.9248,3.0347,6.9383,21.7165,5.8041,-7.5751,-0.0888,0.327
1779816507922,2,Pitching Mound.Delivery,,Delivery,pitch.1,336269,7.6989,-0.1265,115.9722,-170.8396,182.9285,-4.2045,-0.1675,0.1108
1779816507922,2,Pitching Mound.Drive,,Delivery,pitch.1,336790,0.0008,-0.0009,0.016,0.0107,-0.0587,0.0,0.0,0.0
1779816507922,2,Pitching Mound.Parent,,Delivery,pitch.1,335976,7.6997,-0.1276,115.9888,-170.8293,182.8701,-4.204,-0.1674,0.1108
1779816507923,2,11.0000004b,Drive,Delivery,pitch.1,336791,0.0005,-0.0016,0.0166,0.0102,-0.0584,0.0007,0.0,0.0
1779816507923,2,12.00000015,Lower Delivery,Delivery,pitch.1,336510,5.7559,-3.181,108.9568,-227.1484,177.1615,4.7716,-0.1726,-0.2213
1779816507923,2,12.00000018,Upper Delivery,Delivery,pitch.1,337066,1.9504,3.032,7.0275,22.0177,5.9416,-7.6955,-0.0898,0.327
1779816507923,2,Pitching Mound.Delivery,,Delivery,pitch.1,336270,7.7063,-0.149,115.9843,-170.4748,183.103,-4.2178,-0.1676,0.1107
1779816507923,2,Pitching Mound.Drive,,Delivery,pitch.1,336791,0.0005,-0.0016,0.0166,0.0102,-0.0584,0.0007,0.0,0.0
1779816507923,2,Pitching Mound.Parent,,Delivery,pitch.1,335977,7.7071,-0.1499,116.0003,-170.4641,183.0443,-4.2177,-0.1676,0.1107
1779816507924,2,11.0000004b,Drive,Delivery,pitch.1,336792,-0.0007,-0.0055,0.0249,0.0098,-0.0579,0.0006,0.0,0.0
1779816507924,2,12.00000015,Lower Delivery,Delivery,pitch.1,336511,5.7146,-3.2071,108.9136,-227.1419,176.5199,4.902,-0.1721,-0.2214
1779816507924,2,12.00000018,Upper Delivery,Delivery,pitch.1,337067,2.0107,3.0598,7.1345,22.0648,6.1076,-7.7565,-0.0909,0.327
1779816507924,2,Pitching Mound.Delivery,,Delivery,pitch.1,336271,7.7253,-0.1474,116.0481,-170.4723,182.6275,-4.1138,-0.1671,0.1105
1779816507924,2,Pitching Mound.Drive,,Delivery,pitch.1,336792,-0.0007,-0.0055,0.0249,0.0098,-0.0579,0.0006,0.0,0.0
1779816507924,2,Pitching Mound.Parent,,Delivery,pitch.1,335978,7.7257,-0.1489,116.0647,-170.462,182.5691,-4.1132,-0.167,0.1105
1779816507925,2,11.0000004b,Drive,Delivery,pitch.1,336793,-0.0001,-0.0043,0.0223,0.0107,-0.0586,-0.0009,0.0,0.0
1779816507925,2,12.00000015,Lower Delivery,Delivery,pitch.1,336512,5.706,-3.2012,108.6741,-227.1034,176.4095,4.9909,-0.1723,-0.2219
1779816507925,2,12.00000018,Upper Delivery,Delivery,pitch.1,337068,1.9763,3.0559,7.1335,21.9307,6.0291,-7.8271,-0.0897,0.3264
1779816507925,2,Pitching Mound.Delivery,,Delivery,pitch.1,336272,7.6824,-0.1453,115.8075,-170.6489,182.4385,-4.1043,-0.1672,0.11
1779816507925,2,Pitching Mound.Drive,,Delivery,pitch.1,336793,-0.0001,-0.0043,0.0223,0.0107,-0.0586,-0.0009,0.0,0.0
1779816507925,2,Pitching Mound.Parent,,Delivery,pitch.1,335979,7.6817,-0.1509,115.8324,-170.6391,182.3807,-4.1036,-0.1672,0.11
1779816507926,2,11.0000004b,Drive,Delivery,pitch.1,336794,-0.0013,-0.0075,0.0289,0.0104,-0.0574,0.0001,0.0,0.0
1779816507926,2,12.00000015,Lower Delivery,Delivery,pitch.1,336513,5.6951,-3.207,108.4924,-227.2163,176.255,5.0826,-0.1725,-0.2223
1779816507926,2,12.00000018,Upper Delivery,Delivery,pitch.1,337069,2.0222,3.0983,7.2109,21.7405,6.2542,-7.8964,-0.0921,0.3201
1779816507926,2,Pitching Mound.Delivery,,Delivery,pitch.1,336273,7.7173,-0.1087,115.7033,-171.04,182.5091,-4.0626,-0.1675,0.1091
1779816507926,2,Pitching Mound.Drive,,Delivery,pitch.1,336794,-0.0013,-0.0075,0.0289,0.0104,-0.0574,0.0001,0.0,0.0
1779816507926,2,Pitching Mound.Parent,,Delivery,pitch.1,335980,7.7172,-0.113,115.7255,-171.0294,182.4505,-4.0635,-0.1674,0.1091
1779816507927,2,11.0000004b,Drive,Delivery,pitch.1,336795,-0.0025,-0.0105,0.0354,0.0104,-0.0583,0.0004,0.0,0.0
1779816507927,2,12.00000015,Lower Delivery,Delivery,pitch.1,336514,5.6663,-3.2183,108.3898,-227.0946,175.9752,5.1606,-0.1724,-0.2224
1779816507927,2,12.00000018,Upper Delivery,Delivery,pitch.1,337070,2.06,3.137,7.2789,21.9432,6.398,-7.9548,-0.0933,0.32
1779816507927,2,Pitching Mound.Delivery,,Delivery,pitch.1,336274,7.7263,-0.0813,115.6688,-170.7736,182.3732,-4.0203,-0.1674,0.1089
1779816507927,2,Pitching Mound.Drive,,Delivery,pitch.1,336795,-0.0025,-0.0105,0.0354,0.0104,-0.0583,0.0004,0.0,0.0
1779816507927,2,Pitching Mound.Parent,,Delivery,pitch.1,335981,7.725,-0.0889,115.6976,-170.7632,182.3158,-4.0202,-0.1673,0.1089
1779816507928,2,11.0000004b,Drive,Delivery,pitch.1,336796,-0.0021,-0.0095,0.0331,0.0109,-0.0565,0.0001,0.0,0.0
1779816507928,2,12.00000015,Lower Delivery,Delivery,pitch.1,336515,5.6373,-3.2254,108.3568,-226.8889,176.0188,5.1729,-0.1725,-0.2223
1779816507928,2,12.00000018,Upper Delivery,Delivery,pitch.1,337071,2.1325,3.1796,7.3329,21.8834,6.6132,-8.004,-0.0957,0.3168
1779816507928,2,Pitching Mound.Delivery,,Delivery,pitch.1,336275,7.7697,-0.0458,115.6897,-170.6573,182.632,-4.0227,-0.1676,0.1088
1779816507928,2,Pitching Mound.Drive,,Delivery,pitch.1,336796,-0.0021,-0.0095,0.0331,0.0109,-0.0565,0.0001,0.0,0.0
1779816507928,2,Pitching Mound.Parent,,Delivery,pitch.1,335982,7.7672,-0.0563,115.7251,-170.6469,182.5737,-4.0223,-0.1675,0.1087
1779816507929,2,11.0000004b,Drive,Delivery,pitch.1,336797,-0.0029,-0.0103,0.0368,0.0128,-0.0547,0.0009,0.0,0.0
1779816507929,2,12.00000015,Lower Delivery,Delivery,pitch.1,336516,5.6183,-3.2472,108.2666,-226.7161,175.6884,5.2977,-0.1723,-0.2223
1779816507929,2,12.00000018,Upper Delivery,Delivery,pitch.1,337072,2.1497,3.2042,7.3591,21.9266,6.5042,-8.0819,-0.0938,0.3163
1779816507929,2,Pitching Mound.Delivery,,Delivery,pitch.1,336276,7.768,-0.043,115.6257,-170.481,182.1926,-3.9635,-0.1673,0.1087
1779816507929,2,Pitching Mound.Drive,,Delivery,pitch.1,336797,-0.0029,-0.0103,0.0368,0.0128,-0.0547,0.0009,0.0,0.0
1779816507929,2,Pitching Mound.Parent,,Delivery,pitch.1,335983,7.7659,-0.0525,115.6588,-170.47,182.1361,-3.9634,-0.1672,0.1087
1779816507930,2,11.0000004b,Drive,Delivery,pitch.1,336798,-0.0026,-0.0082,0.0336,0.012,-0.0549,0.0026,0.0,0.0
1779816507930,2,12.00000015,Lower Delivery,Delivery,pitch.1,336517,5.6021,-3.2657,108.1773,-226.4557,175.7598,5.3908,-0.1725,-0.2222
1779816507930,2,12.00000018,Upper Delivery,Delivery,pitch.1,337073,2.1888,3.2346,7.4078,22.0708,6.6151,-8.1344,-0.0948,0.3163
1779816507930,2,Pitching Mound.Delivery,,Delivery,pitch.1,336277,7.7909,-0.031,115.5851,-170.1233,182.3749,-3.9042,-0.1675,0.1087
1779816507930,2,Pitching Mound.Drive,,Delivery,pitch.1,336798,-0.0026,-0.0082,0.0336,0.012,-0.0549,0.0026,0.0,0.0
1779816507930,2,Pitching Mound.Parent,,Delivery,pitch.1,335984,7.788,-0.0414,115.6219,-170.1105,182.3202,-3.9033,-0.1675,0.1087
1779816507931,2,11.0000004b,Drive,Delivery,pitch.1,336799,-0.0016,-0.004,0.025,0.0128,-0.0568,0.0009,0.0,0.0
1779816507931,2,12.00000015,Lower Delivery,Delivery,pitch.1,336518,5.5813,-3.2747,108.0864,-226.3558,175.6419,5.4406,-0.1725,-0.2223
1779816507931,2,12.00000018,Upper Delivery,Delivery,pitch.1,337074,2.2113,3.2665,7.4317,22.3954,6.4982,-8.1914,-0.0928,0.3199
1779816507931,2,Pitching Mound.Delivery,,Delivery,pitch.1,336278,7.7926,-0.0082,115.5181,-169.7378,182.1402,-3.8965,-0.1674,0.1088
1779816507931,2,Pitching Mound.Drive,,Delivery,pitch.1,336799,-0.0016,-0.004,0.025,0.0128,-0.0568,0.0009,0.0,0.0
1779816507931,2,Pitching Mound.Parent,,Delivery,pitch.1,335985,7.79,-0.0164,115.5517,-169.7258,182.0853,-3.8939,-0.1673,0.1088
1779816507932,2,11.0000004b,Drive,Delivery,pitch.1,336800,-0.0021,-0.0054,0.029,0.0126,-0.0569,0.0032,0.0,0.0
1779816507932,2,12.00000015,Lower Delivery,Delivery,pitch.1,336519,5.5717,-3.2947,107.9688,-226.1235,175.1687,5.5147,-0.1722,-0.2223
1779816507932,2,12.00000018,Upper Delivery,Delivery,pitch.1,337075,2.2258,3.3085,7.4671,22.1896,6.2978,-8.2187,-0.0895,0.3155
1779816507932,2,Pitching Mound.Delivery,,Delivery,pitch.1,336279,7.7975,0.0137,115.4359,-169.7634,181.4666,-3.8416,-0.1669,0.1085
1779816507932,2,Pitching Mound.Drive,,Delivery,pitch.1,336800,-0.0021,-0.0054,0.029,0.0126,-0.0569,0.0032,0.0,0.0
1779816507932,2,Pitching Mound.Parent,,Delivery,pitch.1,335986,7.7959,0.0097,115.4609,-169.7505,181.4098,-3.8407,-0.1669,0.1084
1779816507933,2,11.0000004b,Drive,Delivery,pitch.1,336801,-0.0017,-0.003,0.0255,0.0119,-0.0593,0.0069,0.0,0.0
1779816507933,2,12.00000015,Lower Delivery,Delivery,pitch.1,336520,5.5379,-3.2959,107.8117,-225.9895,174.9315,5.5534,-0.1723,-0.2225
1779816507933,2,12.00000018,Upper Delivery,Delivery,pitch.1,337076,2.2415,3.313,7.532,22.3887,6.1598,-8.2511,-0.0868,0.3156
1779816507933,2,Pitching Mound.Delivery,,Delivery,pitch.1,336280,7.7794,0.017,115.3437,-169.5058,181.0913,-3.8184,-0.1667,0.1082
1779816507933,2,Pitching Mound.Drive,,Delivery,pitch.1,336801,-0.0017,-0.003,0.0255,0.0119,-0.0593,0.0069,0.0,0.0
1779816507933,2,Pitching Mound.Parent,,Delivery,pitch.1,335987,7.7774,0.0117,115.3727,-169.4931,181.0344,-3.8152,-0.1666,0.1082
1779816507934,2,11.0000004b,Drive,Delivery,pitch.1,336802,-0.0016,-0.0042,0.0264,0.0182,-0.0565,0.0053,0.0,0.0
1779816507934,2,12.00000015,Lower Delivery,Delivery,pitch.1,336521,5.5258,-3.3205,107.796,-225.8178,174.9496,5.6271,-0.1723,-0.2224
1779816507934,2,12.00000018,Upper Delivery,Delivery,pitch.1,337077,2.2452,3.3144,7.6125,22.7233,6.2896,-8.2915,-0.0877,0.3169
1779816507934,2,Pitching Mound.Delivery,,Delivery,pitch.1,336281,7.7709,-0.0061,115.4086,-169.0322,181.2393,-3.7798,-0.1667,0.1083
1779816507934,2,Pitching Mound.Drive,,Delivery,pitch.1,336802,-0.0016,-0.0042,0.0264,0.0182,-0.0565,0.0053,0.0,0.0
1779816507934,2,Pitching Mound.Parent,,Delivery,pitch.1,335988,7.7692,-0.009,115.4341,-169.0203,181.18,-3.7729,-0.1667,0.1083
1779816507935,2,11.0000004b,Drive,Delivery,pitch.1,336803,-0.0007,-0.0006,0.0188,0.0151,-0.0579,0.0039,0.0,0.0
1779816507935,2,12.00000015,Lower Delivery,Delivery,pitch.1,336522,5.5069,-3.3376,107.7315,-225.519,174.6838,5.6953,-0.1721,-0.2222
1779816507935,2,12.00000018,Upper Delivery,Delivery,pitch.1,337078,2.2552,3.3082,7.6023,23.0473,6.2552,-8.2974,-0.0874,0.3218
1779816507935,2,Pitching Mound.Delivery,,Delivery,pitch.1,336282,7.7621,-0.0295,115.3338,-168.4279,180.939,-3.7077,-0.1666,0.1088
1779816507935,2,Pitching Mound.Drive,,Delivery,pitch.1,336803,-0.0007,-0.0006,0.0188,0.0151,-0.0579,0.0039,0.0,0.0
1779816507935,2,Pitching Mound.Parent,,Delivery,pitch.1,335989,7.7605,-0.0337,115.3601,-168.4096,180.8826,-3.7024,-0.1665,0.1088
1779816507936,2,11.0000004b,Drive,Delivery,pitch.1,336804,-0.001,-0.0009,0.0203,0.016,-0.0566,0.0051,0.0,0.0
1779816507936,2,12.00000015,Lower Delivery,Delivery,pitch.1,336523,5.492,-3.3601,107.6625,-225.3258,174.3864,5.7731,-0.172,-0.2222
1779816507936,2,12.00000018,Upper Delivery,Delivery,pitch.1,337079,2.2659,3.2901,7.6095,23.2941,6.1738,-8.3555,-0.0861,0.325
1779816507936,2,Pitching Mound.Delivery,,Delivery,pitch.1,336283,7.7579,-0.07,115.272,-168.0137,180.5602,-3.6793,-0.1663,0.109
1779816507936,2,Pitching Mound.Drive,,Delivery,pitch.1,336804,-0.001,-0.0009,0.0203,0.016,-0.0566,0.0051,0.0,0.0
1779816507936,2,Pitching Mound.Parent,,Delivery,pitch.1,335990,7.7573,-0.0706,115.2908,-167.9987,180.5022,-3.6754,-0.1663,0.109
1779816507937,2,11.0000004b,Drive,Delivery,pitch.1,336805,-0.0009,-0.0011,0.0196,0.0116,-0.058,0.0052,0.0,0.0
1779816507937,2,12.00000015,Lower Delivery,Delivery,pitch.1,336524,5.4469,-3.3745,107.6044,-225.0667,174.0295,5.8197,-0.1717,-0.2221
1779816507937,2,12.00000018,Upper Delivery,Delivery,pitch.1,337080,2.2647,3.2846,7.7621,23.3188,6.4533,-8.3487,-0.0883,0.3189
1779816507937,2,Pitching Mound.Delivery,,Delivery,pitch.1,336284,7.7115,-0.0899,115.3665,-167.8015,180.4828,-3.6109,-0.1661,0.1086
1779816507937,2,Pitching Mound.Drive,,Delivery,pitch.1,336805,-0.0009,-0.0011,0.0196,0.0116,-0.058,0.0052,0.0,0.0
1779816507937,2,Pitching Mound.Parent,,Delivery,pitch.1,335991,7.7105,-0.0908,115.3868,-167.7855,180.4261,-3.6058,-0.1661,0.1086
1779816507938,2,11.0000004b,Drive,Delivery,pitch.1,336806,-0.0012,-0.0035,0.0235,0.0116,-0.0575,0.0022,0.0,0.0
1779816507938,2,12.00000015,Lower Delivery,Delivery,pitch.1,336525,5.4482,-3.4035,107.5693,-224.6958,173.6841,5.8888,-0.1714,-0.2218
1779816507938,2,12.00000018,Upper Delivery,Delivery,pitch.1,337081,2.2731,3.2915,7.8567,23.4217,6.561,-8.3824,-0.0887,0.3165
1779816507938,2,Pitching Mound.Delivery,,Delivery,pitch.1,336285,7.7214,-0.1119,115.426,-167.3717,180.2451,-3.5732,-0.1658,0.1086
1779816507938,2,Pitching Mound.Drive,,Delivery,pitch.1,336806,-0.0012,-0.0035,0.0235,0.0116,-0.0575,0.0022,0.0,0.0
1779816507938,2,Pitching Mound.Parent,,Delivery,pitch.1,335992,7.7205,-0.113,115.4456,-167.3601,180.1871,-3.568,-0.1658,0.1086
1779816507939,2,11.0000004b,Drive,Delivery,pitch.1,336807,-0.0014,-0.004,0.0243,0.0107,-0.0557,0.0041,0.0,0.0
1779816507939,2,12.00000015,Lower Delivery,Delivery,pitch.1,336526,5.4148,-3.4211,107.361,-224.6601,173.39,5.9549,-0.1715,-0.2222
1779816507939,2,12.00000018,Upper Delivery,Delivery,pitch.1,337082,2.2957,3.3163,7.9527,23.2673,7.0099,-8.4377,-0.0936,0.3106
1779816507939,2,Pitching Mound.Delivery,,Delivery,pitch.1,336286,7.7104,-0.1048,115.3137,-167.594,180.3999,-3.5433,-0.1661,0.1077
1779816507939,2,Pitching Mound.Drive,,Delivery,pitch.1,336807,-0.0014,-0.004,0.0243,0.0107,-0.0557,0.0041,0.0,0.0
1779816507939,2,Pitching Mound.Parent,,Delivery,pitch.1,335993,7.709,-0.1087,115.338,-167.5833,180.3442,-3.5392,-0.166,0.1077
1779816507940,2,11.0000004b,Drive,Delivery,pitch.1,336808,-0.002,-0.0058,0.0287,0.0126,-0.0579,0.0051,0.0,0.0
1779816507940,2,12.00000015,Lower Delivery,Delivery,pitch.1,336527,5.3962,-3.4322,107.2925,-224.5253,173.3749,6.0019,-0.1715,-0.2222
1779816507940,2,12.00000018,Upper Delivery,Delivery,pitch.1,337083,2.3061,3.3575,8.0241,23.1859,7.2099,-8.4766,-0.0954,0.3068
1779816507940,2,Pitching Mound.Delivery,,Delivery,pitch.1,336287,7.7023,-0.0747,115.3167,-167.5881,180.5848,-3.5253,-0.1662,0.1073
1779816507940,2,Pitching Mound.Drive,,Delivery,pitch.1,336808,-0.002,-0.0058,0.0287,0.0126,-0.0579,0.0051,0.0,0.0
1779816507940,2,Pitching Mound.Parent,,Delivery,pitch.1,335994,7.7003,-0.0805,115.3454,-167.5755,180.5269,-3.5202,-0.1662,0.1073
1779816507941,2,11.0000004b,Drive,Delivery,pitch.1,336809,-0.0014,-0.005,0.026,0.0114,-0.0565,0.0016,0.0,0.0
1779816507941,2,12.00000015,Lower Delivery,Delivery,pitch.1,336528,5.362,-3.4651,107.3543,-224.5265,173.0553,6.0446,-0.1711,-0.222
1779816507941,2,12.00000018,Upper Delivery,Delivery,pitch.1,337084,2.3064,3.3537,8.0754,23.1464,7.3676,-8.4964,-0.0969,0.3043
1779816507941,2,Pitching Mound.Delivery,,Delivery,pitch.1,336288,7.6684,-0.1114,115.4297,-167.6253,180.4229,-3.4907,-0.1659,0.1072
1779816507941,2,Pitching Mound.Drive,,Delivery,pitch.1,336809,-0.0014,-0.005,0.026,0.0114,-0.0565,0.0016,0.0,0.0
1779816507941,2,Pitching Mound.Parent,,Delivery,pitch.1,335995,7.6671,-0.1164,115.4557,-167.6139,180.3664,-3.4891,-0.1659,0.1072
1779816507942,2,11.0000004b,Drive,Delivery,pitch.1,336810,-0.0016,-0.0067,0.0294,0.0118,-0.0536,0.0022,0.0,0.0
1779816507942,2,12.00000015,Lower Delivery,Delivery,pitch.1,336529,5.3458,-3.4634,107.0881,-224.4919,173.0444,6.0961,-0.1715,-0.2226
1779816507942,2,12.00000018,Upper Delivery,Delivery,pitch.1,337085,2.3392,3.3868,8.1902,23.2695,7.7332,-8.5798,-0.1002,0.3016
1779816507942,2,12.00000018,Upper Delivery,Delivery,pitch.1,337086,2.3568,3.4011,8.1577,23.3663,7.6326,-8.6091,-0.0993,0.3041
1779816507942,2,Pitching Mound.Delivery,,Delivery,pitch.1,336289,7.685,-0.0766,115.2783,-167.5971,180.7776,-3.506,-0.1665,0.1064
1779816507942,2,Pitching Mound.Drive,,Delivery,pitch.1,336810,-0.0016,-0.0067,0.0294,0.0118,-0.0536,0.0022,0.0,0.0
1779816507942,2,Pitching Mound.Parent,,Delivery,pitch.1,335996,7.6833,-0.0833,115.3078,-167.5853,180.7241,-3.5037,-0.1664,0.1064
1779816507943,2,11.0000004b,Drive,Delivery,pitch.1,336811,-0.0009,-0.0051,0.0253,0.0124,-0.0503,0.0031,0.0,0.0
1779816507943,2,12.00000015,Lower Delivery,Delivery,pitch.1,336530,5.3567,-3.4708,107.0604,-224.5496,173.2824,6.1536,-0.1718,-0.2227
1779816507943,2,Pitching Mound.Delivery,,Delivery,pitch.1,336290,7.7135,-0.0697,115.218,-167.5563,180.915,-3.4754,-0.1667,0.1065
1779816507943,2,Pitching Mound.Drive,,Delivery,pitch.1,336811,-0.0009,-0.0051,0.0253,0.0124,-0.0503,0.0031,0.0,0.0
1779816507943,2,Pitching Mound.Parent,,Delivery,pitch.1,335997,7.7126,-0.0748,115.2433,-167.5439,180.8647,-3.4723,-0.1667,0.1065
1779816507944,2,11.0000004b,Drive,Delivery,pitch.1,336812,-0.0003,-0.0045,0.0225,0.0107,-0.0515,0.0005,0.0,0.0
1779816507944,2,12.00000015,Lower Delivery,Delivery,pitch.1,336531,5.3487,-3.4938,107.1033,-224.491,172.9609,6.2369,-0.1714,-0.2225
1779816507944,2,12.00000018,Upper Delivery,Delivery,pitch.1,337087,2.3863,3.4341,8.2621,23.3965,8.1243,-8.7334,-0.1044,0.3006
1779816507944,2,Pitching Mound.Delivery,,Delivery,pitch.1,336291,7.735,-0.0597,115.3653,-167.4885,181.0852,-3.5037,-0.1666,0.1062
1779816507944,2,Pitching Mound.Drive,,Delivery,pitch.1,336812,-0.0003,-0.0045,0.0225,0.0107,-0.0515,0.0005,0.0,0.0
1779816507944,2,Pitching Mound.Parent,,Delivery,pitch.1,335998,7.7347,-0.0641,115.3878,-167.4778,181.0337,-3.5033,-0.1666,0.1062
1779816507945,2,11.0000004b,Drive,Delivery,pitch.1,336813,0.0009,-0.0007,0.0149,0.0112,-0.0481,-0.0007,0.0,0.0
1779816507945,2,12.00000015,Lower Delivery,Delivery,pitch.1,336532,5.3587,-3.499,106.9193,-224.4757,172.8683,6.3048,-0.1716,-0.2229
1779816507945,2,12.00000018,Upper Delivery,Delivery,pitch.1,337088,2.4071,3.4638,8.2646,23.6077,8.205,-8.802,-0.1054,0.3033
1779816507945,2,Pitching Mound.Delivery,,Delivery,pitch.1,336292,7.7658,-0.0352,115.1839,-167.3254,181.0733,-3.5007,-0.1669,0.1061
1779816507945,2,Pitching Mound.Drive,,Delivery,pitch.1,336813,0.0009,-0.0007,0.0149,0.0112,-0.0481,-0.0007,0.0,0.0
1779816507945,2,Pitching Mound.Parent,,Delivery,pitch.1,335999,7.7667,-0.0359,115.1988,-167.3142,181.0253,-3.5013,-0.1669,0.1061
1779816507946,2,11.0000004b,Drive,Delivery,pitch.1,336814,0.001,-0.0006,0.0146,0.0122,-0.0477,-0.0003,0.0,0.0
1779816507946,2,12.00000015,Lower Delivery,Delivery,pitch.1,336533,5.355,-3.5061,107.0063,-224.6224,172.7333,6.3391,-0.1714,-0.2229
1779816507946,2,12.00000018,Upper Delivery,Delivery,pitch.1,337089,2.4154,3.4579,8.2573,23.9556,8.2456,-8.9206,-0.106,0.308
1779816507946,2,Pitching Mound.Delivery,,Delivery,pitch.1,336293,7.7704,-0.0482,115.2636,-167.0922,180.9789,-3.5809,-0.1667,0.1065
1779816507946,2,Pitching Mound.Drive,,Delivery,pitch.1,336814,0.001,-0.0006,0.0146,0.0122,-0.0477,-0.0003,0.0,0.0
1779816507946,2,Pitching Mound.Parent,,Delivery,pitch.1,336000,7.7713,-0.0488,115.2782,-167.08,180.9312,-3.5812,-0.1667,0.1064
1779816507947,2,11.0000004b,Drive,Delivery,pitch.1,336815,0.0011,-0.0007,0.015,0.0097,-0.048,0.0004,0.0,0.0
1779816507947,2,12.00000015,Lower Delivery,Delivery,pitch.1,336534,5.3544,-3.5407,106.9452,-224.5692,172.7983,6.4023,-0.1715,-0.2229
1779816507947,2,12.00000018,Upper Delivery,Delivery,pitch.1,337090,2.43,3.4766,8.2572,24.1677,8.3159,-8.9781,-0.1069,0.3107
1779816507947,2,Pitching Mound.Delivery,,Delivery,pitch.1,336294,7.7845,-0.0641,115.2024,-166.8475,181.1142,-3.5701,-0.1669,0.1066
1779816507947,2,Pitching Mound.Drive,,Delivery,pitch.1,336815,0.0011,-0.0007,0.015,0.0097,-0.048,0.0004,0.0,0.0
1779816507947,2,Pitching Mound.Parent,,Delivery,pitch.1,336001,7.7856,-0.0648,115.2173,-166.8378,181.0662,-3.5697,-0.1669,0.1066
1779816507948,2,11.0000004b,Drive,Delivery,pitch.1,336816,0.001,-0.0007,0.0152,0.0107,-0.0475,0.0009,0.0,0.0
1779816507948,2,12.00000015,Lower Delivery,Delivery,pitch.1,336535,5.3386,-3.5647,106.9133,-224.5449,172.5796,6.4711,-0.1714,-0.223
1779816507948,2,12.00000018,Upper Delivery,Delivery,pitch.1,337091,2.4185,3.4816,8.1655,23.9465,8.4025,-9.038,-0.1092,0.3113
1779816507948,2,Pitching Mound.Delivery,,Delivery,pitch.1,336295,7.757,-0.0831,115.0788,-167.0241,180.9821,-3.5597,-0.167,0.1067
1779816507948,2,Pitching Mound.Drive,,Delivery,pitch.1,336816,0.001,-0.0007,0.0152,0.0107,-0.0475,0.0009,0.0,0.0
1779816507948,2,Pitching Mound.Parent,,Delivery,pitch.1,336002,7.758,-0.0838,115.094,-167.0134,180.9346,-3.5588,-0.1669,0.1067
1779816507949,2,11.0000004b,Drive,Delivery,pitch.1,336817,0.0009,-0.0007,0.0155,0.0114,-0.0471,0.0003,0.0,0.0
1779816507949,2,12.00000015,Lower Delivery,Delivery,pitch.1,336536,5.332,-3.5551,106.9594,-224.6566,172.6248,6.5533,-0.1713,-0.223
1779816507949,2,12.00000018,Upper Delivery,Delivery,pitch.1,337092,2.4286,3.5078,8.1585,24.1738,8.3201,-9.065,-0.1083,0.3146
1779816507949,2,12.00000018,Upper Delivery,Delivery,pitch.1,337093,2.4325,3.5116,8.2418,24.3718,7.9512,-9.1197,-0.1024,0.3139
1779816507949,2,Pitching Mound.Delivery,,Delivery,pitch.1,336296,7.7606,-0.0473,115.1179,-166.8905,180.9449,-3.4988,-0.1669,0.1069
1779816507949,2,Pitching Mound.Drive,,Delivery,pitch.1,336817,0.0009,-0.0007,0.0155,0.0114,-0.0471,0.0003,0.0,0.0
1779816507949,2,Pitching Mound.Parent,,Delivery,pitch.1,336003,7.7615,-0.0479,115.1334,-166.8791,180.8978,-3.4985,-0.1668,0.1069
1779816507950,2,11.0000004b,Drive,Delivery,pitch.1,336818,0.0009,-0.0006,0.0155,0.0114,-0.0469,0.0008,0.0,0.0
1779816507950,2,12.00000015,Lower Delivery,Delivery,pitch.1,336537,5.3293,-3.5546,106.8633,-224.5785,172.6158,6.6543,-0.1715,-0.2231
1779816507950,2,Pitching Mound.Delivery,,Delivery,pitch.1,336297,7.7618,-0.043,115.1051,-166.6754,180.5671,-3.4503,-0.1665,0.1067
1779816507950,2,Pitching Mound.Drive,,Delivery,pitch.1,336818,0.0009,-0.0006,0.0155,0.0114,-0.0469,0.0008,0.0,0.0
1779816507950,2,Pitching Mound.Parent,,Delivery,pitch.1,336004,7.7628,-0.0437,115.1206,-166.664,180.5202,-3.4495,-0.1665,0.1066
1779816507951,2,11.0000004b,Drive,Delivery,pitch.1,336819,0.0008,-0.0006,0.0151,0.0098,-0.0499,0.0043,0.0,0.0
1779816507951,2,12.00000015,Lower Delivery,Delivery,pitch.1,336538,5.3102,-3.5685,106.7842,-224.5468,171.8961,6.7022,-0.1709,-0.2232
1779816507951,2,12.00000015,Lower Delivery,Delivery,pitch.1,336539,5.2897,-3.5645,106.5689,-224.4969,171.9155,6.7208,-0.1713,-0.2236
1779816507951,2,12.00000018,Upper Delivery,Delivery,pitch.1,337094,2.4666,3.5042,8.3074,24.3841,8.6975,-9.1835,-0.1111,0.3116
1779816507951,2,12.00000018,Upper Delivery,Delivery,pitch.1,337095,2.4849,3.5137,8.2532,24.6542,8.6805,-9.2321,-0.1117,0.3171
1779816507951,2,Pitching Mound.Delivery,,Delivery,pitch.1,336298,7.7768,-0.0643,115.0916,-166.6807,180.5936,-3.4481,-0.1666,0.1063
1779816507951,2,Pitching Mound.Delivery,,Delivery,pitch.1,336299,7.7746,-0.0508,114.8221,-166.4153,180.596,-3.4649,-0.167,0.1064
1779816507951,2,Pitching Mound.Drive,,Delivery,pitch.1,336819,0.0008,-0.0006,0.0151,0.0098,-0.0499,0.0043,0.0,0.0
1779816507951,2,Pitching Mound.Parent,,Delivery,pitch.1,336005,7.7777,-0.0649,115.1067,-166.6709,180.5437,-3.4438,-0.1666,0.1063
1779816507952,2,11.0000004b,Drive,Delivery,pitch.1,336820,0.0006,-0.0008,0.016,0.0096,-0.0492,0.0048,0.0,0.0
1779816507952,2,Pitching Mound.Drive,,Delivery,pitch.1,336820,0.0006,-0.0008,0.016,0.0096,-0.0492,0.0048,0.0,0.0
1779816507952,2,Pitching Mound.Parent,,Delivery,pitch.1,336006,7.7752,-0.0516,114.8381,-166.4057,180.5468,-3.4601,-0.167,0.1063
1779816507953,2,11.0000004b,Drive,Delivery,pitch.1,336821,0.0007,-0.0009,0.0155,0.0071,-0.0501,0.0031,0.0,0.0
1779816507953,2,12.00000015,Lower Delivery,Delivery,pitch.1,336540,5.2524,-3.5873,106.6263,-224.4859,171.6665,6.7659,-0.1709,-0.2235
1779816507953,2,12.00000015,Lower Delivery,Delivery,pitch.1,336541,5.2339,-3.5993,106.528,-224.3017,171.4677,6.8141,-0.1709,-0.2235
1779816507953,2,12.00000018,Upper Delivery,Delivery,pitch.1,337096,2.4828,3.5175,8.35,24.8577,8.8331,-9.2697,-0.1123,0.316
1779816507953,2,Pitching Mound.Delivery,,Delivery,pitch.1,336300,7.7353,-0.0697,114.9763,-166.2142,180.4997,-3.4455,-0.1667,0.1063
1779816507953,2,Pitching Mound.Drive,,Delivery,pitch.1,336821,0.0007,-0.0009,0.0155,0.0071,-0.0501,0.0031,0.0,0.0
1779816507953,2,Pitching Mound.Parent,,Delivery,pitch.1,336007,7.7359,-0.0706,114.9918,-166.2071,180.4495,-3.4424,-0.1666,0.1063
1779816507954,2,11.0000004b,Drive,Delivery,pitch.1,336822,0.0003,-0.0019,0.0178,0.0085,-0.0527,0.0037,0.0,0.0
1779816507954,2,12.00000015,Lower Delivery,Delivery,pitch.1,336542,5.2018,-3.6016,106.4051,-224.3156,171.2622,6.8451,-0.1709,-0.2238
1779816507954,2,12.00000018,Upper Delivery,Delivery,pitch.1,337097,2.4967,3.5184,8.3452,24.8749,9.1862,-9.3038,-0.1169,0.3164
1779816507954,2,Pitching Mound.Delivery,,Delivery,pitch.1,336301,7.7306,-0.0809,114.8732,-166.0446,180.654,-3.4204,-0.167,0.1063
1779816507954,2,Pitching Mound.Drive,,Delivery,pitch.1,336822,0.0003,-0.0019,0.0178,0.0085,-0.0527,0.0037,0.0,0.0
1779816507954,2,Pitching Mound.Parent,,Delivery,pitch.1,336008,7.7309,-0.0828,114.891,-166.0361,180.6013,-3.4168,-0.1669,0.1063
1779816507955,2,11.0000004b,Drive,Delivery,pitch.1,336823,-0.0005,-0.0041,0.023,0.0094,-0.0508,0.0047,0.0,0.0
1779816507955,2,12.00000015,Lower Delivery,Delivery,pitch.1,336543,5.173,-3.6056,106.454,-224.2691,171.1696,6.9163,-0.1707,-0.2237
1779816507955,2,12.00000018,Upper Delivery,Delivery,pitch.1,337098,2.4946,3.5178,8.2018,24.9147,8.9841,-9.3245,-0.1163,0.3225
1779816507955,2,Pitching Mound.Delivery,,Delivery,pitch.1,336302,7.6964,-0.0838,114.607,-166.0117,180.2463,-3.3998,-0.167,0.1066
1779816507955,2,Pitching Mound.Drive,,Delivery,pitch.1,336823,-0.0005,-0.0041,0.023,0.0094,-0.0508,0.0047,0.0,0.0
1779816507955,2,Pitching Mound.Parent,,Delivery,pitch.1,336009,7.696,-0.0879,114.6299,-166.0024,180.1955,-3.3951,-0.1669,0.1066
1779816507956,2,11.0000004b,Drive,Delivery,pitch.1,336824,-0.0016,-0.0084,0.0313,0.0096,-0.0523,0.0057,0.0,0.0
1779816507956,2,12.00000015,Lower Delivery,Delivery,pitch.1,336544,5.147,-3.622,106.2125,-224.2426,170.7725,6.9655,-0.1707,-0.2241
1779816507956,2,12.00000018,Upper Delivery,Delivery,pitch.1,337100,2.5217,3.5705,8.1322,25.0029,8.8989,-9.421,-0.1162,0.3264
1779816507956,2,12.00000018,Upper Delivery,Delivery,pitch.1,337099,2.5143,3.5424,8.1699,24.8344,8.9698,-9.3516,-0.1166,0.3227
1779816507956,2,Pitching Mound.Delivery,,Delivery,pitch.1,336303,7.6873,-0.0632,114.6239,-166.0181,180.1394,-3.3392,-0.1668,0.1068
1779816507956,2,Pitching Mound.Delivery,,Delivery,pitch.1,336304,7.6687,-0.0515,114.3447,-165.8924,179.6714,-3.348,-0.1668,0.1067
1779816507956,2,Pitching Mound.Drive,,Delivery,pitch.1,336824,-0.0016,-0.0084,0.0313,0.0096,-0.0523,0.0057,0.0,0.0
1779816507956,2,Pitching Mound.Parent,,Delivery,pitch.1,336010,7.6857,-0.0716,114.6552,-166.0085,180.087,-3.3335,-0.1668,0.1068
1779816507957,2,11.0000004b,Drive,Delivery,pitch.1,336825,-0.0008,-0.0063,0.0269,0.0092,-0.0526,0.0044,0.0,0.0
1779816507957,2,Pitching Mound.Drive,,Delivery,pitch.1,336825,-0.0008,-0.0063,0.0269,0.0092,-0.0526,0.0044,0.0,0.0
1779816507957,2,Pitching Mound.Parent,,Delivery,pitch.1,336011,7.6679,-0.0578,114.3717,-165.8831,179.6188,-3.3437,-0.1668,0.1066
1779816507958,2,11.0000004b,Drive,Delivery,pitch.1,336826,-0.0019,-0.0093,0.034,0.0107,-0.0526,0.0043,0.0,0.0
1779816507958,2,12.00000015,Lower Delivery,Delivery,pitch.1,336545,5.1431,-3.6279,106.1811,-224.0866,170.7888,7.0114,-0.1708,-0.224
1779816507958,2,12.00000015,Lower Delivery,Delivery,pitch.1,336546,5.1178,-3.6596,106.2816,-223.9982,170.5066,7.0506,-0.1703,-0.2237
1779816507958,2,12.00000018,Upper Delivery,Delivery,pitch.1,337101,2.5415,3.6026,8.2418,25.04,9.2673,-9.4977,-0.1194,0.3225
1779816507958,2,12.00000018,Upper Delivery,Delivery,pitch.1,337102,2.5428,3.6063,8.0955,25.1811,9.0689,-9.5832,-0.1189,0.327
1779816507958,2,Pitching Mound.Delivery,,Delivery,pitch.1,336305,7.6846,-0.0253,114.4229,-165.7473,180.056,-3.3709,-0.1671,0.1063
1779816507958,2,Pitching Mound.Delivery,,Delivery,pitch.1,336306,7.6607,-0.0534,114.3771,-165.4338,179.5755,-3.4081,-0.1667,0.1071
1779816507958,2,Pitching Mound.Drive,,Delivery,pitch.1,336826,-0.0019,-0.0093,0.034,0.0107,-0.0526,0.0043,0.0,0.0
1779816507958,2,Pitching Mound.Parent,,Delivery,pitch.1,336012,7.6827,-0.0346,114.4569,-165.7366,180.0034,-3.3666,-0.167,0.1063
1779816507959,2,11.0000004b,Drive,Delivery,pitch.1,336827,-0.0011,-0.0066,0.0282,0.0107,-0.0543,0.0039,0.0,0.0
1779816507959,2,Pitching Mound.Drive,,Delivery,pitch.1,336827,-0.0011,-0.0066,0.0282,0.0107,-0.0543,0.0039,0.0,0.0
1779816507959,2,Pitching Mound.Parent,,Delivery,pitch.1,336013,7.6596,-0.0599,114.4053,-165.4231,179.5212,-3.4042,-0.1666,0.1071
1779816507960,2,11.0000004b,Drive,Delivery,pitch.1,336828,-0.0022,-0.0096,0.0347,0.0113,-0.0552,0.0022,0.0,0.0
1779816507960,2,12.00000015,Lower Delivery,Delivery,pitch.1,336547,5.0999,-3.6823,106.1499,-223.978,170.2466,7.1495,-0.1703,-0.224
1779816507960,2,12.00000015,Lower Delivery,Delivery,pitch.1,336548,5.0712,-3.7047,106.1648,-223.9303,170.2296,7.2189,-0.1702,-0.2239
1779816507960,2,12.00000018,Upper Delivery,Delivery,pitch.1,337103,2.5406,3.6065,8.0142,25.5139,9.0361,-9.6198,-0.1197,0.327
1779816507960,2,12.00000018,Upper Delivery,Delivery,pitch.1,337104,2.5581,3.616,8.0072,25.4347,9.0031,-9.7241,-0.1194,0.327
1779816507960,2,Pitching Mound.Delivery,,Delivery,pitch.1,336307,7.6405,-0.0758,114.1641,-165.0979,179.2826,-3.3405,-0.1667,0.1069
1779816507960,2,Pitching Mound.Delivery,,Delivery,pitch.1,336308,7.6292,-0.0887,114.172,-165.122,179.2326,-3.3596,-0.1667,0.107
1779816507960,2,Pitching Mound.Drive,,Delivery,pitch.1,336828,-0.0022,-0.0096,0.0347,0.0113,-0.0552,0.0022,0.0,0.0
1779816507960,2,Pitching Mound.Parent,,Delivery,pitch.1,336014,7.6383,-0.0854,114.1989,-165.0866,179.2274,-3.3384,-0.1667,0.1069
1779816507961,2,11.0000004b,Drive,Delivery,pitch.1,336829,-0.002,-0.0088,0.0335,0.0114,-0.0551,0.0026,0.0,0.0
1779816507961,2,12.00000015,Lower Delivery,Delivery,pitch.1,336549,5.0662,-3.7149,106.1349,-223.9951,170.1447,7.3304,-0.1702,-0.2241
1779816507961,2,12.00000018,Upper Delivery,Delivery,pitch.1,337105,2.5633,3.6146,8.0095,25.8546,8.2384,-9.7915,-0.1092,0.327
1779816507961,2,Pitching Mound.Delivery,,Delivery,pitch.1,336309,7.6295,-0.1003,114.1444,-164.7779,178.3831,-3.3121,-0.1659,0.1069
1779816507961,2,Pitching Mound.Drive,,Delivery,pitch.1,336829,-0.002,-0.0088,0.0335,0.0114,-0.0551,0.0026,0.0,0.0
1779816507961,2,Pitching Mound.Parent,,Delivery,pitch.1,336015,7.6272,-0.0975,114.2056,-165.1106,179.1776,-3.3571,-0.1666,0.107
1779816507962,2,11.0000004b,Drive,Delivery,pitch.1,336830,-0.0004,-0.004,0.0234,0.014,-0.0516,0.0007,0.0,0.0
1779816507962,2,12.00000018,Upper Delivery,Delivery,pitch.1,337106,2.5812,3.6041,8.0713,26.0505,8.254,-9.8485,-0.1086,0.327
1779816507962,2,Pitching Mound.Drive,,Delivery,pitch.1,336830,-0.0004,-0.004,0.0234,0.014,-0.0516,0.0007,0.0,0.0
1779816507962,2,Pitching Mound.Parent,,Delivery,pitch.1,336016,7.629,-0.1043,114.1678,-164.7639,178.3316,-3.3113,-0.1659,0.1069
1779816507963,2,11.0000004b,Drive,Delivery,pitch.1,336831,-0.0004,-0.0024,0.0203,0.0135,-0.0538,0.0012,0.0,0.0
1779816507963,2,12.00000015,Lower Delivery,Delivery,pitch.1,336550,5.0555,-3.7267,106.0574,-223.8686,169.8793,7.3796,-0.17,-0.2241
1779816507963,2,12.00000015,Lower Delivery,Delivery,pitch.1,336551,5.0727,-3.7292,105.989,-223.7934,169.9676,7.4634,-0.1702,-0.2242
1779816507963,2,12.00000018,Upper Delivery,Delivery,pitch.1,337107,2.5986,3.6111,8.1087,26.1638,7.7721,-9.8825,-0.1018,0.327
1779816507963,2,Pitching Mound.Delivery,,Delivery,pitch.1,336310,7.6367,-0.1226,114.1287,-164.5029,178.1333,-3.3103,-0.1657,0.1068
1779816507963,2,Pitching Mound.Delivery,,Delivery,pitch.1,336311,7.6713,-0.1181,114.0977,-164.3504,177.7396,-3.2603,-0.1654,0.1067
1779816507963,2,Pitching Mound.Drive,,Delivery,pitch.1,336831,-0.0004,-0.0024,0.0203,0.0135,-0.0538,0.0012,0.0,0.0
1779816507963,2,Pitching Mound.Parent,,Delivery,pitch.1,336017,7.6363,-0.1249,114.1489,-164.4894,178.0795,-3.309,-0.1657,0.1068
1779816507964,2,11.0000004b,Drive,Delivery,pitch.1,336832,-0.0013,-0.0054,0.0273,0.0136,-0.0532,-0.0004,0.0,0.0
1779816507964,2,12.00000015,Lower Delivery,Delivery,pitch.1,336552,5.046,-3.7399,105.9479,-223.8509,169.8176,7.5393,-0.1702,-0.2243
1779816507964,2,12.00000018,Upper Delivery,Delivery,pitch.1,337108,2.6149,3.6127,8.1491,26.2641,7.9544,-9.9413,-0.1036,0.327
1779816507964,2,Pitching Mound.Delivery,,Delivery,pitch.1,336312,7.6608,-0.1272,114.097,-164.3352,177.7721,-3.2285,-0.1654,0.1065
1779816507964,2,Pitching Mound.Drive,,Delivery,pitch.1,336832,-0.0013,-0.0054,0.0273,0.0136,-0.0532,-0.0004,0.0,0.0
1779816507964,2,Pitching Mound.Parent,,Delivery,pitch.1,336018,7.67,-0.1235,114.125,-164.3368,177.6864,-3.2608,-0.1653,0.1067
1779816507965,2,11.0000004b,Drive,Delivery,pitch.1,336833,-0.0014,-0.0058,0.0279,0.0142,-0.0534,-0.0017,0.0,0.0
1779816507965,2,12.00000015,Lower Delivery,Delivery,pitch.1,336553,5.0339,-3.7483,105.9305,-223.7646,169.7799,7.5682,-0.1702,-0.2243
1779816507965,2,12.00000018,Upper Delivery,Delivery,pitch.1,337109,2.6388,3.6081,8.2094,26.6879,8.1433,-9.9796,-0.1053,0.327
1779816507965,2,Pitching Mound.Delivery,,Delivery,pitch.1,336313,7.6727,-0.1402,114.1399,-163.8515,177.9231,-3.2257,-0.1655,0.1065
1779816507965,2,Pitching Mound.Drive,,Delivery,pitch.1,336833,-0.0014,-0.0058,0.0279,0.0142,-0.0534,-0.0017,0.0,0.0
1779816507965,2,Pitching Mound.Parent,,Delivery,pitch.1,336019,7.6595,-0.1329,114.125,-164.3211,177.7187,-3.2302,-0.1654,0.1065
1779816507966,2,11.0000004b,Drive,Delivery,pitch.1,336834,-0.0005,-0.0013,0.0177,0.016,-0.0555,-0.0022,0.0,0.0
1779816507966,2,12.00000015,Lower Delivery,Delivery,pitch.1,336554,5.0474,-3.7681,105.8486,-223.6421,169.8668,7.6507,-0.1704,-0.2243
1779816507966,2,12.00000018,Upper Delivery,Delivery,pitch.1,337110,2.6566,3.6198,8.273,26.6258,8.4726,-10.0877,-0.1087,0.327
1779816507966,2,Pitching Mound.Delivery,,Delivery,pitch.1,336314,7.704,-0.1483,114.1216,-163.8406,178.3394,-3.2498,-0.1659,0.1064
1779816507966,2,Pitching Mound.Drive,,Delivery,pitch.1,336834,-0.0005,-0.0013,0.0177,0.016,-0.0555,-0.0022,0.0,0.0
1779816507966,2,Pitching Mound.Parent,,Delivery,pitch.1,336020,7.6722,-0.1415,114.1576,-163.8355,177.8677,-3.2279,-0.1655,0.1065
1779816507967,2,11.0000004b,Drive,Delivery,pitch.1,336835,-0.0009,-0.001,0.0172,0.0162,-0.0557,-0.0025,0.0,0.0
1779816507967,2,12.00000015,Lower Delivery,Delivery,pitch.1,336555,5.0355,-3.77,105.8308,-223.6684,169.721,7.6521,-0.1703,-0.2244
1779816507967,2,12.00000018,Upper Delivery,Delivery,pitch.1,337111,2.68,3.617,8.3232,26.7392,8.9063,-10.1204,-0.1136,0.327
1779816507967,2,Pitching Mound.Delivery,,Delivery,pitch.1,336315,7.7154,-0.153,114.1539,-163.7766,178.6273,-3.2692,-0.1661,0.1063
1779816507967,2,Pitching Mound.Drive,,Delivery,pitch.1,336835,-0.0009,-0.001,0.0172,0.0162,-0.0557,-0.0025,0.0,0.0
1779816507967,2,Pitching Mound.Parent,,Delivery,pitch.1,336021,7.7031,-0.1493,114.1388,-163.8244,178.2836,-3.2523,-0.1659,0.1064
1779816507968,2,11.0000004b,Drive,Delivery,pitch.1,336836,-0.0007,-0.0008,0.0165,0.0155,-0.0561,-0.0031,0.0,0.0
1779816507968,2,12.00000015,Lower Delivery,Delivery,pitch.1,336556,5.0148,-3.7629,105.6815,-223.5734,169.7634,7.7213,-0.1705,-0.2246
1779816507968,2,12.00000018,Upper Delivery,Delivery,pitch.1,337112,2.7061,3.6319,8.3607,26.894,8.8317,-10.1924,-0.1121,0.327
1779816507968,2,Pitching Mound.Delivery,,Delivery,pitch.1,336316,7.7208,-0.131,114.0422,-163.5904,178.5951,-3.256,-0.1663,0.106
1779816507968,2,Pitching Mound.Drive,,Delivery,pitch.1,336836,-0.0007,-0.0008,0.0165,0.0155,-0.0561,-0.0031,0.0,0.0
1779816507968,2,Pitching Mound.Parent,,Delivery,pitch.1,336022,7.7147,-0.1538,114.1704,-163.7611,178.5712,-3.2723,-0.1661,0.1062
1779816507969,2,11.0000004b,Drive,Delivery,pitch.1,336837,-0.0013,-0.0031,0.021,0.0146,-0.0564,-0.0014,0.0,0.0
1779816507969,2,12.00000015,Lower Delivery,Delivery,pitch.1,336557,5.0062,-3.7656,105.5824,-223.3682,169.4002,7.7883,-0.1703,-0.2246
1779816507969,2,12.00000018,Upper Delivery,Delivery,pitch.1,337113,2.7356,3.6487,8.3763,27.1086,8.9702,-10.2272,-0.1137,0.327
1779816507969,2,Pitching Mound.Delivery,,Delivery,pitch.1,336317,7.7418,-0.1169,113.9587,-163.2096,178.3704,-3.2109,-0.1662,0.106
1779816507969,2,Pitching Mound.Drive,,Delivery,pitch.1,336837,-0.0013,-0.0031,0.021,0.0146,-0.0564,-0.0014,0.0,0.0
1779816507969,2,Pitching Mound.Parent,,Delivery,pitch.1,336023,7.7196,-0.1341,114.0631,-163.5758,178.5388,-3.2574,-0.1662,0.106
1779816507970,2,11.0000004b,Drive,Delivery,pitch.1,336838,-0.002,-0.0044,0.0247,0.0171,-0.0553,-0.0001,0.0,0.0
1779816507970,2,12.00000015,Lower Delivery,Delivery,pitch.1,336558,4.9907,-3.7755,105.4703,-223.3825,169.3765,7.8569,-0.1705,-0.2248
1779816507970,2,12.00000018,Upper Delivery,Delivery,pitch.1,337114,2.7562,3.6707,8.4262,27.5298,8.8597,-10.2874,-0.1116,0.327
1779816507970,2,Pitching Mound.Delivery,,Delivery,pitch.1,336318,7.747,-0.1048,113.8965,-162.8578,178.2363,-3.1902,-0.1661,0.1057
1779816507970,2,Pitching Mound.Drive,,Delivery,pitch.1,336838,-0.002,-0.0044,0.0247,0.0171,-0.0553,-0.0001,0.0,0.0
1779816507970,2,Pitching Mound.Parent,,Delivery,pitch.1,336024,7.7398,-0.1213,113.9834,-163.1924,178.315,-3.211,-0.1661,0.1059
1779816507971,2,11.0000004b,Drive,Delivery,pitch.1,336839,-0.0009,-0.0021,0.0184,0.0156,-0.0537,-0.0006,0.0,0.0
1779816507971,2,12.00000015,Lower Delivery,Delivery,pitch.1,336559,4.9808,-3.7892,105.3598,-223.3314,169.2471,7.8824,-0.1705,-0.225
1779816507971,2,12.00000018,Upper Delivery,Delivery,pitch.1,337115,2.7699,3.6944,8.4109,27.7653,8.9281,-10.303,-0.1127,0.327
1779816507971,2,Pitching Mound.Delivery,,Delivery,pitch.1,336319,7.7507,-0.0948,113.7707,-162.6034,178.1752,-3.1723,-0.1663,0.1055
1779816507971,2,Pitching Mound.Drive,,Delivery,pitch.1,336839,-0.0009,-0.0021,0.0184,0.0156,-0.0537,-0.0006,0.0,0.0
1779816507971,2,Pitching Mound.Parent,,Delivery,pitch.1,336025,7.746,-0.107,113.9149,-162.8422,178.1825,-3.1908,-0.1661,0.1057
1779816507972,2,11.0000004b,Drive,Delivery,pitch.1,336840,-0.0017,-0.005,0.0247,0.0166,-0.0532,0.0033,0.0,0.0
1779816507972,2,12.00000015,Lower Delivery,Delivery,pitch.1,336560,4.955,-3.8184,105.3003,-223.1087,168.8226,8.0191,-0.1702,-0.2249
1779816507972,2,12.00000018,Upper Delivery,Delivery,pitch.1,337116,2.7742,3.6993,8.4372,27.84,9.058,-10.3551,-0.114,0.327
1779816507972,2,Pitching Mound.Delivery,,Delivery,pitch.1,336320,7.7293,-0.119,113.7375,-162.3353,177.8806,-3.0775,-0.166,0.1056
1779816507972,2,Pitching Mound.Drive,,Delivery,pitch.1,336840,-0.0017,-0.005,0.0247,0.0166,-0.0532,0.0033,0.0,0.0
1779816507972,2,Pitching Mound.Parent,,Delivery,pitch.1,336026,7.7491,-0.0998,113.7954,-162.5869,178.122,-3.169,-0.1662,0.1055
1779816507973,2,11.0000004b,Drive,Delivery,pitch.1,336841,-0.0026,-0.0072,0.0302,0.0174,-0.0555,0.0035,0.0,0.0
1779816507973,2,12.00000015,Lower Delivery,Delivery,pitch.1,336561,4.9444,-3.8293,105.3105,-223.2207,168.4239,8.0809,-0.1698,-0.225
1779816507973,2,12.00000018,Upper Delivery,Delivery,pitch.1,337117,2.7772,3.7131,8.4355,27.8611,9.1839,-10.3465,-0.1156,0.327
1779816507973,2,Pitching Mound.Delivery,,Delivery,pitch.1,336321,7.7216,-0.1163,113.7459,-162.4221,177.6078,-3.0025,-0.1658,0.1055
1779816507973,2,Pitching Mound.Drive,,Delivery,pitch.1,336841,-0.0026,-0.0072,0.0302,0.0174,-0.0555,0.0035,0.0,0.0
1779816507973,2,Pitching Mound.Parent,,Delivery,pitch.1,336027,7.7267,-0.1262,113.7677,-162.3179,177.8252,-3.074,-0.166,0.1055
1779816507974,2,11.0000004b,Drive,Delivery,pitch.1,336842,-0.0018,-0.0055,0.0266,0.0142,-0.0547,0.0054,0.0,0.0
1779816507974,2,12.00000015,Lower Delivery,Delivery,pitch.1,336562,4.9371,-3.8557,105.0337,-223.0074,168.4185,8.1834,-0.1702,-0.2254
1779816507974,2,Pitching Mound.Drive,,Delivery,pitch.1,336842,-0.0018,-0.0055,0.0266,0.0142,-0.0547,0.0054,0.0,0.0
1779816507974,2,Pitching Mound.Parent,,Delivery,pitch.1,336028,7.7199,-0.1218,113.7725,-162.4079,177.553,-2.9971,-0.1657,0.1055
1779816507975,2,11.0000004b,Drive,Delivery,pitch.1,336843,-0.0011,-0.0039,0.0216,0.0127,-0.0552,0.0057,0.0,0.0
1779816507975,2,12.00000015,Lower Delivery,Delivery,pitch.1,336563,4.9291,-3.8797,104.9769,-222.9131,168.0558,8.2737,-0.17,-0.2254
1779816507975,2,12.00000018,Upper Delivery,Delivery,pitch.1,337119,2.8031,3.7428,8.4393,28.085,9.0472,-10.497,-0.1138,0.327
1779816507975,2,12.00000018,Upper Delivery,Delivery,pitch.1,337118,2.7987,3.7411,8.447,28.0315,9.1147,-10.4273,-0.1146,0.327
1779816507975,2,Pitching Mound.Delivery,,Delivery,pitch.1,336322,7.7358,-0.1146,113.4807,-162.1365,177.5332,-2.9709,-0.1661,0.1051
1779816507975,2,Pitching Mound.Delivery,,Delivery,pitch.1,336323,7.7322,-0.137,113.4162,-162.0053,177.1031,-2.9461,-0.1658,0.1051
1779816507975,2,Pitching Mound.Drive,,Delivery,pitch.1,336843,-0.0011,-0.0039,0.0216,0.0127,-0.0552,0.0057,0.0,0.0
1779816507975,2,Pitching Mound.Parent,,Delivery,pitch.1,336029,7.7347,-0.1185,113.5023,-162.1238,177.478,-2.9652,-0.1661,0.1051
1779816507976,2,11.0000004b,Drive,Delivery,pitch.1,336844,-0.0011,-0.0044,0.0225,0.0125,-0.057,0.0092,0.0,0.0
1779816507976,2,12.00000015,Lower Delivery,Delivery,pitch.1,336564,4.9152,-3.9026,104.7138,-222.811,167.9822,8.3815,-0.1703,-0.2259
1779816507976,2,Pitching Mound.Drive,,Delivery,pitch.1,336844,-0.0011,-0.0044,0.0225,0.0125,-0.057,0.0092,0.0,0.0
1779816507976,2,Pitching Mound.Parent,,Delivery,pitch.1,336030,7.7311,-0.1414,113.4388,-161.9928,177.0461,-2.937,-0.1657,0.1051
1779816507977,2,11.0000004b,Drive,Delivery,pitch.1,336845,-0.0005,-0.0016,0.0174,0.012,-0.0565,0.0094,0.0,0.0
1779816507977,2,12.00000015,Lower Delivery,Delivery,pitch.1,336565,4.8968,-3.9069,104.6292,-222.6209,167.9201,8.4179,-0.1704,-0.2259
1779816507977,2,12.00000018,Upper Delivery,Delivery,pitch.1,337120,2.814,3.7337,8.502,27.9325,9.293,-10.5566,-0.116,0.327
1779816507977,2,Pitching Mound.Delivery,,Delivery,pitch.1,336324,7.7292,-0.169,113.2158,-162.1665,177.2752,-2.8895,-0.1662,0.1046
1779816507977,2,Pitching Mound.Drive,,Delivery,pitch.1,336845,-0.0005,-0.0016,0.0174,0.012,-0.0565,0.0094,0.0,0.0
1779816507977,2,Pitching Mound.Parent,,Delivery,pitch.1,336031,7.7288,-0.1706,113.2332,-162.1545,177.2187,-2.8802,-0.1662,0.1045
1779816507978,2,11.0000004b,Drive,Delivery,pitch.1,336846,-0.0018,-0.0071,0.0285,0.0131,-0.0572,0.0073,0.0,0.0
1779816507978,2,12.00000015,Lower Delivery,Delivery,pitch.1,336566,4.8847,-3.9132,104.5208,-222.4307,167.5812,8.5108,-0.1702,-0.2259
1779816507978,2,12.00000018,Upper Delivery,Delivery,pitch.1,337121,2.8183,3.7484,8.5957,28.0403,9.3832,-10.6072,-0.1159,0.327
1779816507978,2,12.00000018,Upper Delivery,Delivery,pitch.1,337122,2.8306,3.7326,8.5081,27.823,9.5123,-10.6045,-0.1187,0.327
1779816507978,2,Pitching Mound.Delivery,,Delivery,pitch.1,336325,7.7151,-0.1585,113.2249,-161.9292,177.3033,-2.896,-0.1662,0.1045
1779816507978,2,Pitching Mound.Delivery,,Delivery,pitch.1,336326,7.7153,-0.1805,113.0288,-161.9634,177.0936,-2.792,-0.1663,0.1045
1779816507978,2,Pitching Mound.Drive,,Delivery,pitch.1,336846,-0.0018,-0.0071,0.0285,0.0131,-0.0572,0.0073,0.0,0.0
1779816507978,2,Pitching Mound.Parent,,Delivery,pitch.1,336032,7.7134,-0.1656,113.2533,-161.916,177.246,-2.8887,-0.1662,0.1044
1779816507979,2,11.0000004b,Drive,Delivery,pitch.1,336847,-0.0006,-0.002,0.019,0.0187,-0.0539,0.0111,0.0,0.0
1779816507979,2,12.00000015,Lower Delivery,Delivery,pitch.1,336567,4.867,-3.9437,104.4321,-222.2817,167.5766,8.5772,-0.1704,-0.226
1779816507979,2,12.00000018,Upper Delivery,Delivery,pitch.1,337123,2.8234,3.744,8.5181,27.8607,9.5019,-10.6438,-0.1184,0.327
1779816507979,2,Pitching Mound.Delivery,,Delivery,pitch.1,336327,7.6903,-0.1997,112.9502,-161.8103,177.0785,-2.7614,-0.1664,0.1045
1779816507979,2,Pitching Mound.Drive,,Delivery,pitch.1,336847,-0.0006,-0.002,0.019,0.0187,-0.0539,0.0111,0.0,0.0
1779816507979,2,Pitching Mound.Parent,,Delivery,pitch.1,336033,7.7147,-0.1825,113.0478,-161.9447,177.0397,-2.7809,-0.1663,0.1045
1779816507980,2,11.0000004b,Drive,Delivery,pitch.1,336848,-0.0012,-0.0032,0.0223,0.0205,-0.0533,0.0103,0.0,0.0
1779816507980,2,12.00000015,Lower Delivery,Delivery,pitch.1,336568,4.866,-3.9615,104.2947,-222.2278,167.4376,8.6185,-0.1704,-0.2262
1779816507980,2,12.00000018,Upper Delivery,Delivery,pitch.1,337124,2.8326,3.7262,8.5066,27.7947,9.4375,-10.6313,-0.1178,0.327
1779816507980,2,Pitching Mound.Delivery,,Delivery,pitch.1,336328,7.6986,-0.2353,112.8014,-161.8652,176.8752,-2.7042,-0.1665,0.1042
1779816507980,2,Pitching Mound.Drive,,Delivery,pitch.1,336848,-0.0012,-0.0032,0.0223,0.0205,-0.0533,0.0103,0.0,0.0
1779816507980,2,Pitching Mound.Parent,,Delivery,pitch.1,336034,7.6892,-0.2029,112.9725,-161.7899,177.0252,-2.7511,-0.1664,0.1044
1779816507981,2,11.0000004b,Drive,Delivery,pitch.1,336849,-0.002,-0.0055,0.0278,0.0277,-0.0517,0.0093,0.0,0.0
1779816507981,2,12.00000015,Lower Delivery,Delivery,pitch.1,336569,4.8322,-3.9769,104.1863,-222.1256,167.3679,8.6796,-0.1705,-0.2263
1779816507981,2,Pitching Mound.Drive,,Delivery,pitch.1,336849,-0.002,-0.0055,0.0278,0.0277,-0.0517,0.0093,0.0,0.0
1779816507981,2,Pitching Mound.Parent,,Delivery,pitch.1,336035,7.6966,-0.2408,112.8291,-161.8375,176.8235,-2.6949,-0.1664,0.1042
1779816507982,2,11.0000004b,Drive,Delivery,pitch.1,336850,-0.0026,-0.0078,0.0322,0.0201,-0.0524,0.0085,0.0,0.0
1779816507982,2,12.00000015,Lower Delivery,Delivery,pitch.1,336570,4.8174,-3.9917,104.1125,-221.9569,167.5219,8.7861,-0.1708,-0.2263
1779816507982,2,12.00000018,Upper Delivery,Delivery,pitch.1,337125,2.8381,3.7703,8.5566,27.2749,9.8024,-10.7243,-0.1216,0.327
1779816507982,2,12.00000018,Upper Delivery,Delivery,pitch.1,337126,2.8516,3.771,8.574,27.4185,9.7686,-10.7892,-0.121,0.327
1779816507982,2,Pitching Mound.Delivery,,Delivery,pitch.1,336329,7.6702,-0.2066,112.7429,-162.3367,177.1703,-2.7227,-0.1668,0.104
1779816507982,2,Pitching Mound.Delivery,,Delivery,pitch.1,336330,7.669,-0.2207,112.6865,-162.0553,177.2906,-2.6715,-0.167,0.104
1779816507982,2,Pitching Mound.Drive,,Delivery,pitch.1,336850,-0.0026,-0.0078,0.0322,0.0201,-0.0524,0.0085,0.0,0.0
1779816507982,2,Pitching Mound.Parent,,Delivery,pitch.1,336036,7.6677,-0.2144,112.7751,-162.3165,177.1179,-2.7142,-0.1668,0.104
1779816507983,2,11.0000004b,Drive,Delivery,pitch.1,336851,-0.0027,-0.0073,0.0313,0.0193,-0.0515,0.0037,0.0,0.0
1779816507983,2,12.00000015,Lower Delivery,Delivery,pitch.1,336571,4.8151,-3.9937,104.0133,-221.8567,167.1551,8.8514,-0.1706,-0.2264
1779816507983,2,12.00000018,Upper Delivery,Delivery,pitch.1,337127,2.8508,3.7776,8.5165,27.2931,9.6577,-10.775,-0.1204,0.327
1779816507983,2,Pitching Mound.Delivery,,Delivery,pitch.1,336331,7.6659,-0.2161,112.5298,-162.0947,176.8128,-2.5914,-0.1668,0.104
1779816507983,2,Pitching Mound.Drive,,Delivery,pitch.1,336851,-0.0027,-0.0073,0.0313,0.0193,-0.0515,0.0037,0.0,0.0
1779816507983,2,Pitching Mound.Parent,,Delivery,pitch.1,336037,7.6663,-0.228,112.7177,-162.036,177.239,-2.6679,-0.167,0.104
1779816507984,2,11.0000004b,Drive,Delivery,pitch.1,336852,-0.0032,-0.0091,0.0355,0.0187,-0.0499,0.0055,0.0,0.0
1779816507984,2,12.00000015,Lower Delivery,Delivery,pitch.1,336572,4.7981,-4.0034,104.099,-221.7415,166.9459,8.9066,-0.1703,-0.2261
1779816507984,2,Pitching Mound.Drive,,Delivery,pitch.1,336852,-0.0032,-0.0091,0.0355,0.0187,-0.0499,0.0055,0.0,0.0
1779816507984,2,Pitching Mound.Parent,,Delivery,pitch.1,336038,7.6627,-0.2252,112.5653,-162.076,176.7629,-2.5859,-0.1668,0.1039
1779816507985,2,11.0000004b,Drive,Delivery,pitch.1,336853,-0.0019,-0.0066,0.0287,0.0148,-0.0502,0.0015,0.0,0.0
1779816507985,2,12.00000015,Lower Delivery,Delivery,pitch.1,336573,4.7898,-4.0289,104.1065,-221.8737,166.9175,8.9696,-0.1702,-0.2263
1779816507985,2,12.00000018,Upper Delivery,Delivery,pitch.1,337128,2.8597,3.8008,8.5793,27.5606,9.4426,-10.8079,-0.1168,0.327
1779816507985,2,12.00000018,Upper Delivery,Delivery,pitch.1,337129,2.8685,3.7985,8.6139,27.7075,9.3452,-10.82,-0.1152,0.327
1779816507985,2,Pitching Mound.Delivery,,Delivery,pitch.1,336333,7.6584,-0.2305,112.7204,-161.6987,176.2627,-2.5036,-0.166,0.1041
1779816507985,2,Pitching Mound.Delivery,,Delivery,pitch.1,336332,7.6578,-0.2026,112.6784,-161.7042,176.3886,-2.5604,-0.1662,0.1042
1779816507985,2,Pitching Mound.Drive,,Delivery,pitch.1,336853,-0.0019,-0.0066,0.0287,0.0148,-0.0502,0.0015,0.0,0.0
1779816507985,2,Pitching Mound.Parent,,Delivery,pitch.1,336039,7.6559,-0.2092,112.707,-161.6894,176.3384,-2.5589,-0.1661,0.1042
1779816507986,2,11.0000004b,Drive,Delivery,pitch.1,336854,-0.0026,-0.008,0.0332,0.0161,-0.0504,0.0061,0.0,0.0
1779816507986,2,12.00000015,Lower Delivery,Delivery,pitch.1,336574,4.7741,-4.0287,104.02,-221.8619,166.5992,9.0644,-0.17,-0.2264
1779816507986,2,12.00000018,Upper Delivery,Delivery,pitch.1,337130,2.8874,3.8344,8.635,27.8538,9.2902,-10.8548,-0.1142,0.327
1779816507986,2,Pitching Mound.Delivery,,Delivery,pitch.1,336334,7.6614,-0.1944,112.655,-161.5772,175.8894,-2.4319,-0.1658,0.1039
1779816507986,2,Pitching Mound.Drive,,Delivery,pitch.1,336854,-0.0026,-0.008,0.0332,0.0161,-0.0504,0.0061,0.0,0.0
1779816507986,2,Pitching Mound.Parent,,Delivery,pitch.1,336040,7.6558,-0.2384,112.7536,-161.6825,176.2123,-2.4975,-0.166,0.104
1779816507987,2,11.0000004b,Drive,Delivery,pitch.1,336856,-0.003,-0.0107,0.0388,0.0131,-0.0513,0.0056,0.0,0.0
1779816507987,2,11.0000004b,Drive,Delivery,pitch.1,336855,-0.0029,-0.0096,0.0365,0.0158,-0.0504,0.0066,0.0,0.0
1779816507987,2,12.00000015,Lower Delivery,Delivery,pitch.1,336575,4.7497,-4.0505,103.9467,-221.8149,166.4695,9.1479,-0.17,-0.2265
1779816507987,2,12.00000018,Upper Delivery,Delivery,pitch.1,337131,2.9146,3.8502,8.6975,28.1073,9.297,-10.8512,-0.1135,0.327
1779816507987,2,Pitching Mound.Delivery,,Delivery,pitch.1,336335,7.6643,-0.2003,112.6442,-161.3229,175.7666,-2.3272,-0.1657,0.1037
1779816507987,2,Pitching Mound.Drive,,Delivery,pitch.1,336856,-0.003,-0.0107,0.0388,0.0131,-0.0513,0.0056,0.0,0.0
1779816507987,2,Pitching Mound.Drive,,Delivery,pitch.1,336855,-0.0029,-0.0096,0.0365,0.0158,-0.0504,0.0066,0.0,0.0
1779816507987,2,Pitching Mound.Parent,,Delivery,pitch.1,336042,7.6614,-0.211,112.683,-161.3098,175.7153,-2.3216,-0.1656,0.1037
1779816507987,2,Pitching Mound.Parent,,Delivery,pitch.1,336041,7.6586,-0.204,112.6916,-161.5614,175.8389,-2.4252,-0.1657,0.1038
1779816507988,2,11.0000004b,Drive,Delivery,pitch.1,336857,-0.0023,-0.0085,0.0339,0.0138,-0.0491,0.0057,0.0,0.0
1779816507988,2,12.00000015,Lower Delivery,Delivery,pitch.1,336576,4.7375,-4.0608,104.0202,-221.9609,166.1568,9.2965,-0.1696,-0.2265
1779816507988,2,12.00000018,Upper Delivery,Delivery,pitch.1,337132,2.9322,3.8554,8.7532,28.4774,9.1842,-10.9531,-0.1114,0.327
1779816507988,2,Pitching Mound.Delivery,,Delivery,pitch.1,336336,7.6697,-0.2055,112.7734,-161.0928,175.341,-2.2704,-0.1651,0.1037
1779816507988,2,Pitching Mound.Drive,,Delivery,pitch.1,336857,-0.0023,-0.0085,0.0339,0.0138,-0.0491,0.0057,0.0,0.0
1779816507988,2,Pitching Mound.Parent,,Delivery,pitch.1,336043,7.6674,-0.214,112.8073,-161.0789,175.2919,-2.2647,-0.165,0.1036
1779816507989,2,11.0000004b,Drive,Delivery,pitch.1,336858,-0.0025,-0.0093,0.0352,0.0098,-0.053,0.0042,0.0,0.0
1779816507989,2,12.00000015,Lower Delivery,Delivery,pitch.1,336577,4.7282,-4.07,103.9816,-221.954,166.1157,9.4236,-0.1696,-0.2266
1779816507989,2,12.00000018,Upper Delivery,Delivery,pitch.1,337133,2.9487,3.878,8.7721,28.4993,9.3221,-11.0257,-0.1128,0.327
1779816507989,2,Pitching Mound.Delivery,,Delivery,pitch.1,336337,7.6769,-0.192,112.7537,-161.0835,175.4378,-2.2072,-0.1652,0.1036
1779816507989,2,Pitching Mound.Drive,,Delivery,pitch.1,336858,-0.0025,-0.0093,0.0352,0.0098,-0.053,0.0042,0.0,0.0
1779816507989,2,Pitching Mound.Parent,,Delivery,pitch.1,336044,7.6744,-0.2013,112.7889,-161.0737,175.3848,-2.203,-0.1651,0.1035
1779816507990,2,11.0000004b,Drive,Delivery,pitch.1,336859,-0.002,-0.0066,0.031,0.0079,-0.0526,0.0086,0.0,0.0
1779816507990,2,12.00000015,Lower Delivery,Delivery,pitch.1,336578,4.7286,-4.0789,103.937,-221.8951,165.8705,9.4918,-0.1694,-0.2266
1779816507990,2,12.00000018,Upper Delivery,Delivery,pitch.1,337134,2.9639,3.8699,8.8177,28.8634,9.5659,-11.1086,-0.1152,0.327
1779816507990,2,Pitching Mound.Delivery,,Delivery,pitch.1,336338,7.6925,-0.209,112.7547,-160.6912,175.4364,-2.2168,-0.1652,0.1035
1779816507990,2,Pitching Mound.Drive,,Delivery,pitch.1,336859,-0.002,-0.0066,0.031,0.0079,-0.0526,0.0086,0.0,0.0
1779816507990,2,Pitching Mound.Parent,,Delivery,pitch.1,336045,7.6905,-0.2156,112.7857,-160.6833,175.3838,-2.2082,-0.1651,0.1034
1779816507991,2,11.0000004b,Drive,Delivery,pitch.1,336860,-0.0004,-0.0015,0.0194,0.0082,-0.0553,0.007,0.0,0.0
1779816507991,2,12.00000015,Lower Delivery,Delivery,pitch.1,336579,4.7233,-4.0845,103.9156,-221.7551,165.8671,9.609,-0.1695,-0.2266
1779816507991,2,12.00000018,Upper Delivery,Delivery,pitch.1,337135,2.9849,3.8534,8.8628,29.2307,9.6026,-11.1653,-0.115,0.327
1779816507991,2,Pitching Mound.Delivery,,Delivery,pitch.1,336339,7.7081,-0.2312,112.7784,-160.2064,175.4697,-2.1473,-0.1652,0.1035
1779816507991,2,Pitching Mound.Drive,,Delivery,pitch.1,336860,-0.0004,-0.0015,0.0194,0.0082,-0.0553,0.007,0.0,0.0
1779816507991,2,Pitching Mound.Parent,,Delivery,pitch.1,336046,7.7077,-0.2326,112.7978,-160.1983,175.4144,-2.1403,-0.1651,0.1035
1779816507992,2,12.00000015,Lower Delivery,Delivery,pitch.1,336580,4.7311,-4.0904,103.898,-221.8797,165.8652,9.6645,-0.1695,-0.2267
1779816507992,2,12.00000018,Upper Delivery,Delivery,pitch.1,337136,3.0,3.837,8.8518,29.3442,9.4733,-11.1764,-0.1136,0.327
1779816507992,2,Pitching Mound.Delivery,,Delivery,pitch.1,336340,7.7311,-0.2535,112.7497,-160.2198,175.3385,-2.1005,-0.1651,0.1034
1779816507993,2,11.0000004b,Drive,Delivery,pitch.1,336861,-0.0003,-0.0012,0.019,0.0089,-0.0556,0.0064,0.0,0.0
1779816507993,2,11.0000004b,Drive,Delivery,pitch.1,336862,0.0001,-0.0011,0.0179,0.0088,-0.0544,0.0058,0.0,0.0
1779816507993,2,12.00000015,Lower Delivery,Delivery,pitch.1,336581,4.7166,-4.0981,103.9471,-221.7639,165.5996,9.7283,-0.1691,-0.2265
1779816507993,2,12.00000018,Upper Delivery,Delivery,pitch.1,337137,3.003,3.8516,8.8905,29.562,9.4466,-11.2202,-0.1128,0.327
1779816507993,2,Pitching Mound.Delivery,,Delivery,pitch.1,336341,7.7196,-0.2466,112.8376,-159.8827,175.0463,-2.0745,-0.1647,0.1035
1779816507993,2,Pitching Mound.Drive,,Delivery,pitch.1,336861,-0.0003,-0.0012,0.019,0.0089,-0.0556,0.0064,0.0,0.0
1779816507993,2,Pitching Mound.Drive,,Delivery,pitch.1,336862,0.0001,-0.0011,0.0179,0.0088,-0.0544,0.0058,0.0,0.0
1779816507993,2,Pitching Mound.Parent,,Delivery,pitch.1,336047,7.7309,-0.2546,112.7687,-160.2109,175.2829,-2.0941,-0.1651,0.1034
1779816507993,2,Pitching Mound.Parent,,Delivery,pitch.1,336048,7.7197,-0.2476,112.8555,-159.8739,174.9918,-2.0687,-0.1647,0.1035
1779816507994,2,11.0000004b,Drive,Delivery,pitch.1,336863,0.0002,-0.0011,0.0182,0.0113,-0.0557,0.0062,0.0,0.0
1779816507994,2,12.00000015,Lower Delivery,Delivery,pitch.1,336582,4.7228,-4.1062,103.9253,-221.7984,165.6322,9.822,-0.1692,-0.2266
1779816507994,2,12.00000018,Upper Delivery,Delivery,pitch.1,337138,3.0317,3.8681,8.9378,29.4881,9.6822,-11.3318,-0.115,0.327
1779816507994,2,Pitching Mound.Delivery,,Delivery,pitch.1,336342,7.7544,-0.2381,112.8631,-160.0145,175.3143,-2.0848,-0.1649,0.1034
1779816507994,2,Pitching Mound.Drive,,Delivery,pitch.1,336863,0.0002,-0.0011,0.0182,0.0113,-0.0557,0.0062,0.0,0.0
1779816507994,2,Pitching Mound.Parent,,Delivery,pitch.1,336049,7.7546,-0.2392,112.8813,-160.0033,175.2586,-2.0786,-0.1649,0.1034
1779816507995,2,11.0000004b,Drive,Delivery,pitch.1,336864,-0.0001,-0.0011,0.018,0.0117,-0.0584,0.0075,0.0,0.0
1779816507995,2,12.00000015,Lower Delivery,Delivery,pitch.1,336583,4.7052,-4.1203,103.8176,-221.817,165.7466,9.865,-0.1695,-0.2268
1779816507995,2,12.00000018,Upper Delivery,Delivery,pitch.1,337139,3.0481,3.8697,8.9334,29.2425,9.9167,-11.3849,-0.1178,0.327
1779816507995,2,Pitching Mound.Delivery,,Delivery,pitch.1,336343,7.7533,-0.2505,112.7509,-160.3138,175.6633,-2.0833,-0.1654,0.1032
1779816507995,2,Pitching Mound.Drive,,Delivery,pitch.1,336864,-0.0001,-0.0011,0.018,0.0117,-0.0584,0.0075,0.0,0.0
1779816507995,2,Pitching Mound.Parent,,Delivery,pitch.1,336050,7.7533,-0.2516,112.7689,-160.3021,175.6049,-2.0758,-0.1654,0.1032
1779816507996,2,11.0000004b,Drive,Delivery,pitch.1,336865,0.0003,-0.0008,0.0173,0.0087,-0.0569,0.0047,0.0,0.0
1779816507996,2,12.00000015,Lower Delivery,Delivery,pitch.1,336584,4.7188,-4.1425,103.8302,-221.6992,165.8417,9.964,-0.1696,-0.2267
1779816507996,2,12.00000018,Upper Delivery,Delivery,pitch.1,337140,3.0469,3.883,8.8582,29.0014,9.7974,-11.4641,-0.1174,0.327
1779816507996,2,Pitching Mound.Delivery,,Delivery,pitch.1,336344,7.7657,-0.2595,112.6885,-160.4073,175.6391,-2.0685,-0.1655,0.1034
1779816507996,2,Pitching Mound.Drive,,Delivery,pitch.1,336865,0.0003,-0.0008,0.0173,0.0087,-0.0569,0.0047,0.0,0.0
1779816507996,2,Pitching Mound.Parent,,Delivery,pitch.1,336051,7.7659,-0.2603,112.7057,-160.3986,175.5822,-2.0638,-0.1654,0.1034
1779816507997,2,11.0000004b,Drive,Delivery,pitch.1,336866,0.0003,-0.0008,0.0174,0.0083,-0.0575,0.0051,0.0,0.0
1779816507997,2,12.00000015,Lower Delivery,Delivery,pitch.1,336585,4.7307,-4.1521,103.7479,-221.5388,165.8681,10.0226,-0.1697,-0.2267
1779816507997,2,12.00000018,Upper Delivery,Delivery,pitch.1,337141,3.027,3.8648,8.8192,28.5937,9.9244,-11.5224,-0.1195,0.327
1779816507997,2,Pitching Mound.Delivery,,Delivery,pitch.1,336345,7.7576,-0.2873,112.5671,-160.6693,175.7926,-2.0791,-0.1658,0.1034
1779816507997,2,Pitching Mound.Drive,,Delivery,pitch.1,336866,0.0003,-0.0008,0.0174,0.0083,-0.0575,0.0051,0.0,0.0
1779816507997,2,Pitching Mound.Parent,,Delivery,pitch.1,336052,7.7579,-0.2881,112.5845,-160.661,175.7351,-2.074,-0.1658,0.1034
1779816507998,2,11.0000004b,Drive,Delivery,pitch.1,336867,0.0006,-0.0007,0.0161,0.0086,-0.0579,0.0056,0.0,0.0
1779816507998,2,12.00000015,Lower Delivery,Delivery,pitch.1,336586,4.7389,-4.1588,103.7479,-221.4273,165.4814,10.2038,-0.1693,-0.2266
1779816507998,2,12.00000018,Upper Delivery,Delivery,pitch.1,337142,3.0436,3.8679,8.7904,28.296,9.4677,-11.5718,-0.1143,0.327
1779816507998,2,Pitching Mound.Delivery,,Delivery,pitch.1,336346,7.7826,-0.2909,112.5383,-160.8458,174.949,-1.9444,-0.165,0.1035
1779816507998,2,Pitching Mound.Drive,,Delivery,pitch.1,336867,0.0006,-0.0007,0.0161,0.0086,-0.0579,0.0056,0.0,0.0
1779816507998,2,Pitching Mound.Parent,,Delivery,pitch.1,336053,7.7832,-0.2916,112.5545,-160.8372,174.8911,-1.9389,-0.165,0.1035
1779816507999,2,11.0000004b,Drive,Delivery,pitch.1,336868,0.0009,-0.0006,0.0159,0.0078,-0.0586,0.0057,0.0,0.0
1779816507999,2,12.00000015,Lower Delivery,Delivery,pitch.1,336587,4.7233,-4.1845,103.5867,-221.4411,165.4412,10.2353,-0.1696,-0.2269
1779816507999,2,12.00000018,Upper Delivery,Delivery,pitch.1,337143,3.0487,3.8517,8.7787,28.4035,9.2386,-11.5724,-0.1117,0.327
1779816507999,2,Pitching Mound.Delivery,,Delivery,pitch.1,336347,7.772,-0.3328,112.3654,-160.8028,174.6798,-1.9065,-0.165,0.1032
1779816507999,2,Pitching Mound.Drive,,Delivery,pitch.1,336868,0.0009,-0.0006,0.0159,0.0078,-0.0586,0.0057,0.0,0.0
1779816507999,2,Pitching Mound.Parent,,Delivery,pitch.1,336054,7.7728,-0.3335,112.3812,-160.795,174.6212,-1.9008,-0.165,0.1032
1779816508000,2,11.0000004b,Drive,Delivery,pitch.1,336869,0.0008,-0.0006,0.0156,0.0072,-0.0571,0.006,0.0,0.0
1779816508000,2,12.00000015,Lower Delivery,Delivery,pitch.1,336588,4.7229,-4.2002,103.4926,-221.2355,165.5108,10.3285,-0.1698,-0.2269
1779816508000,2,12.00000018,Upper Delivery,Delivery,pitch.1,337144,3.0413,3.842,8.7091,27.9988,8.9671,-11.5582,-0.1093,0.327
1779816508000,2,Pitching Mound.Delivery,,Delivery,pitch.1,336348,7.7642,-0.3582,112.2017,-161.0104,174.4778,-1.8015,-0.1651,0.1033
1779816508000,2,Pitching Mound.Drive,,Delivery,pitch.1,336869,0.0008,-0.0006,0.0156,0.0072,-0.0571,0.006,0.0,0.0
1779816508000,2,Pitching Mound.Parent,,Delivery,pitch.1,336055,7.765,-0.3587,112.2173,-161.0032,174.4207,-1.7955,-0.1651,0.1033
1779816508001,2,11.0000004b,Drive,Delivery,pitch.1,336870,0.0008,-0.0005,0.0153,0.0073,-0.0551,0.0061,0.0,0.0
1779816508001,2,12.00000015,Lower Delivery,Delivery,pitch.1,336589,4.7243,-4.2209,103.3842,-221.1098,165.3552,10.411,-0.1698,-0.2271
1779816508001,2,12.00000018,Upper Delivery,Delivery,pitch.1,337145,3.0547,3.8419,8.6892,28.1116,8.7042,-11.6011,-0.1063,0.327
1779816508001,2,Pitching Mound.Delivery,,Delivery,pitch.1,336349,7.779,-0.379,112.0734,-160.8019,174.0594,-1.7577,-0.1649,0.1032
1779816508001,2,Pitching Mound.Drive,,Delivery,pitch.1,336870,0.0008,-0.0005,0.0153,0.0073,-0.0551,0.0061,0.0,0.0
1779816508001,2,Pitching Mound.Parent,,Delivery,pitch.1,336056,7.7798,-0.3795,112.0887,-160.7946,174.0043,-1.7516,-0.1649,0.1032
1779816508002,2,11.0000004b,Drive,Delivery,pitch.1,336871,0.001,-0.0005,0.015,0.0074,-0.0562,0.0056,0.0,0.0
1779816508002,2,12.00000015,Lower Delivery,Delivery,pitch.1,336590,4.7401,-4.2306,103.3134,-221.0574,165.1751,10.4794,-0.1697,-0.2272
1779816508002,2,12.00000018,Upper Delivery,Delivery,pitch.1,337146,3.0677,3.8215,8.6854,28.0922,8.5001,-11.6155,-0.1039,0.327
1779816508002,2,Pitching Mound.Delivery,,Delivery,pitch.1,336350,7.8078,-0.4091,111.9988,-160.7917,173.6752,-1.7047,-0.1646,0.1031
1779816508002,2,Pitching Mound.Drive,,Delivery,pitch.1,336871,0.001,-0.0005,0.015,0.0074,-0.0562,0.0056,0.0,0.0
1779816508002,2,Pitching Mound.Parent,,Delivery,pitch.1,336057,7.8088,-0.4096,112.0139,-160.7842,173.619,-1.6992,-0.1646,0.1031
1779816508003,2,11.0000004b,Drive,Delivery,pitch.1,336872,0.0009,-0.0005,0.0154,0.0082,-0.0577,0.0061,0.0,0.0
1779816508003,2,12.00000015,Lower Delivery,Delivery,pitch.1,336591,4.7116,-4.2563,103.2202,-220.8375,164.9722,10.5262,-0.1697,-0.2271
1779816508003,2,12.00000018,Upper Delivery,Delivery,pitch.1,337147,3.0833,3.8222,8.7525,28.3049,8.8273,-11.6714,-0.1071,0.327
1779816508003,2,Pitching Mound.Delivery,,Delivery,pitch.1,336351,7.7949,-0.4341,111.9727,-160.4135,173.7994,-1.6988,-0.1648,0.103
1779816508003,2,Pitching Mound.Drive,,Delivery,pitch.1,336872,0.0009,-0.0005,0.0154,0.0082,-0.0577,0.0061,0.0,0.0
1779816508003,2,Pitching Mound.Parent,,Delivery,pitch.1,336058,7.7958,-0.4346,111.9881,-160.4053,173.7417,-1.6927,-0.1648,0.103
1779816508004,2,11.0000004b,Drive,Delivery,pitch.1,336873,0.0008,-0.0007,0.016,0.0087,-0.0587,0.0054,0.0,0.0
1779816508004,2,12.00000015,Lower Delivery,Delivery,pitch.1,336592,4.711,-4.2679,103.1034,-220.7353,164.7231,10.6463,-0.1696,-0.2273
1779816508004,2,12.00000018,Upper Delivery,Delivery,pitch.1,337148,3.1067,3.8259,8.8042,28.4603,8.7739,-11.7385,-0.1058,0.327
1779816508004,2,Pitching Mound.Delivery,,Delivery,pitch.1,336352,7.8177,-0.442,111.9075,-160.2132,173.497,-1.6377,-0.1646,0.1028
1779816508004,2,Pitching Mound.Drive,,Delivery,pitch.1,336873,0.0008,-0.0007,0.016,0.0087,-0.0587,0.0054,0.0,0.0
1779816508004,2,Pitching Mound.Parent,,Delivery,pitch.1,336059,7.8185,-0.4427,111.9235,-160.2045,173.4383,-1.6323,-0.1646,0.1028
1779816508005,2,11.0000004b,Drive,Delivery,pitch.1,336874,0.0005,-0.001,0.0171,0.0098,-0.0577,0.0065,0.0,0.0
1779816508005,2,12.00000015,Lower Delivery,Delivery,pitch.1,336593,4.7075,-4.2767,102.9528,-220.3863,164.5494,10.6874,-0.1697,-0.2273
1779816508005,2,12.00000018,Upper Delivery,Delivery,pitch.1,337149,3.1024,3.8445,8.7744,28.9015,8.4627,-11.7594,-0.1024,0.327
1779816508005,2,Pitching Mound.Delivery,,Delivery,pitch.1,336353,7.8099,-0.4322,111.7272,-159.4641,173.0121,-1.6177,-0.1644,0.1029
1779816508005,2,Pitching Mound.Drive,,Delivery,pitch.1,336874,0.0005,-0.001,0.0171,0.0098,-0.0577,0.0065,0.0,0.0
1779816508005,2,Pitching Mound.Parent,,Delivery,pitch.1,336060,7.8104,-0.4331,111.7443,-159.4543,172.9545,-1.6112,-0.1644,0.1029
1779816508006,2,12.00000015,Lower Delivery,Delivery,pitch.1,336594,4.7067,-4.2637,102.7791,-220.3761,164.4239,10.7638,-0.1698,-0.2276
1779816508006,2,12.00000018,Upper Delivery,Delivery,pitch.1,337150,3.1041,3.8407,8.8005,29.0682,8.1475,-11.7951,-0.0983,0.327
1779816508006,2,Pitching Mound.Delivery,,Delivery,pitch.1,336354,7.8108,-0.4229,111.5796,-159.3553,172.5714,-1.5762,-0.1642,0.1025
1779816508007,2,11.0000004b,Drive,Delivery,pitch.1,336875,0.0008,-0.0007,0.0163,0.0107,-0.058,0.008,0.0,0.0
1779816508007,2,11.0000004b,Drive,Delivery,pitch.1,336876,0.0007,-0.0008,0.0166,0.0117,-0.0585,0.0073,0.0,0.0
1779816508007,2,12.00000015,Lower Delivery,Delivery,pitch.1,336595,4.7052,-4.2788,102.732,-220.1544,164.256,10.8556,-0.1697,-0.2275
1779816508007,2,12.00000018,Upper Delivery,Delivery,pitch.1,337151,3.1113,3.8531,8.8274,29.4914,8.2998,-11.8457,-0.0998,0.327
1779816508007,2,Pitching Mound.Delivery,,Delivery,pitch.1,336355,7.8165,-0.4257,111.5594,-158.7355,172.5557,-1.532,-0.1642,0.1026
1779816508007,2,Pitching Mound.Drive,,Delivery,pitch.1,336875,0.0008,-0.0007,0.0163,0.0107,-0.058,0.008,0.0,0.0
1779816508007,2,Pitching Mound.Drive,,Delivery,pitch.1,336876,0.0007,-0.0008,0.0166,0.0117,-0.0585,0.0073,0.0,0.0
1779816508007,2,Pitching Mound.Parent,,Delivery,pitch.1,336061,7.8116,-0.4237,111.5959,-159.3446,172.5134,-1.5682,-0.1642,0.1025
1779816508007,2,Pitching Mound.Parent,,Delivery,pitch.1,336062,7.8172,-0.4265,111.576,-158.7238,172.4972,-1.5247,-0.1642,0.1026
1779816508008,2,11.0000004b,Drive,Delivery,pitch.1,336877,0.0003,-0.0011,0.0174,0.0146,-0.0575,0.0116,0.0,0.0
1779816508008,2,12.00000015,Lower Delivery,Delivery,pitch.1,336596,4.681,-4.2847,102.7104,-220.0816,164.0829,10.9086,-0.1696,-0.2275
1779816508008,2,12.00000018,Upper Delivery,Delivery,pitch.1,337152,3.1215,3.8588,8.8813,29.7201,8.1247,-11.888,-0.0971,0.327
1779816508008,2,Pitching Mound.Delivery,,Delivery,pitch.1,336356,7.8025,-0.4259,111.5918,-158.4596,172.2077,-1.5096,-0.1638,0.1025
1779816508008,2,Pitching Mound.Drive,,Delivery,pitch.1,336877,0.0003,-0.0011,0.0174,0.0146,-0.0575,0.0116,0.0,0.0
1779816508008,2,Pitching Mound.Parent,,Delivery,pitch.1,336063,7.8028,-0.427,111.6092,-158.445,172.1502,-1.498,-0.1638,0.1025
1779816508009,2,11.0000004b,Drive,Delivery,pitch.1,336878,0.0002,-0.0011,0.0171,0.012,-0.0573,0.0082,0.0,0.0
1779816508009,2,12.00000015,Lower Delivery,Delivery,pitch.1,336597,4.6847,-4.2994,102.6039,-219.7172,163.8923,10.9266,-0.1696,-0.2273
1779816508009,2,12.00000018,Upper Delivery,Delivery,pitch.1,337153,3.1292,3.8662,8.8927,30.3731,8.2322,-11.9201,-0.0983,0.327
1779816508009,2,Pitching Mound.Delivery,,Delivery,pitch.1,336357,7.8138,-0.4332,111.4966,-157.4823,172.1245,-1.5223,-0.1639,0.1026
1779816508009,2,Pitching Mound.Drive,,Delivery,pitch.1,336878,0.0002,-0.0011,0.0171,0.012,-0.0573,0.0082,0.0,0.0
1779816508009,2,Pitching Mound.Parent,,Delivery,pitch.1,336064,7.814,-0.4343,111.5137,-157.4703,172.0672,-1.5141,-0.1639,0.1026
1779816508010,2,11.0000004b,Drive,Delivery,pitch.1,336879,0.0001,-0.001,0.017,0.0137,-0.0566,0.0097,0.0,0.0
1779816508010,2,12.00000015,Lower Delivery,Delivery,pitch.1,336598,4.6976,-4.2984,102.5931,-219.584,163.9958,10.9881,-0.1697,-0.2272
1779816508010,2,12.00000018,Upper Delivery,Delivery,pitch.1,337154,3.1283,3.8869,8.8788,30.2548,7.9678,-11.9826,-0.0953,0.327
1779816508010,2,Pitching Mound.Delivery,,Delivery,pitch.1,336358,7.8259,-0.4114,111.472,-157.4662,171.9636,-1.5281,-0.1638,0.1028
1779816508010,2,Pitching Mound.Drive,,Delivery,pitch.1,336879,0.0001,-0.001,0.017,0.0137,-0.0566,0.0097,0.0,0.0
1779816508010,2,Pitching Mound.Parent,,Delivery,pitch.1,336065,7.826,-0.4124,111.4889,-157.4525,171.907,-1.5184,-0.1637,0.1027
1779816508011,2,11.0000004b,Drive,Delivery,pitch.1,336880,-0.0004,-0.0033,0.0216,0.0151,-0.0579,0.0085,0.0,0.0
1779816508011,2,12.00000015,Lower Delivery,Delivery,pitch.1,336599,4.67,-4.3124,102.4744,-219.494,163.6933,11.0488,-0.1696,-0.2274
1779816508011,2,12.00000018,Upper Delivery,Delivery,pitch.1,337155,3.1385,3.9203,8.9164,30.4184,8.217,-12.0144,-0.0978,0.327
1779816508011,2,Pitching Mound.Delivery,,Delivery,pitch.1,336359,7.8085,-0.3921,111.3908,-157.2658,171.9103,-1.4863,-0.1638,0.1026
1779816508011,2,Pitching Mound.Drive,,Delivery,pitch.1,336880,-0.0004,-0.0033,0.0216,0.0151,-0.0579,0.0085,0.0,0.0
1779816508011,2,Pitching Mound.Parent,,Delivery,pitch.1,336066,7.8081,-0.3954,111.4124,-157.2507,171.8524,-1.4777,-0.1638,0.1025
1779816508012,2,11.0000004b,Drive,Delivery,pitch.1,336881,-0.0004,-0.0031,0.0217,0.0155,-0.0558,0.007,0.0,0.0
1779816508012,2,12.00000015,Lower Delivery,Delivery,pitch.1,336600,4.6883,-4.3225,102.4195,-219.2724,163.6541,11.0946,-0.1696,-0.2273
1779816508012,2,12.00000018,Upper Delivery,Delivery,pitch.1,337156,3.1303,3.9188,8.8919,30.1759,8.4548,-12.0311,-0.1009,0.327
1779816508012,2,Pitching Mound.Delivery,,Delivery,pitch.1,336360,7.8186,-0.4037,111.3114,-157.2971,172.1089,-1.4662,-0.1641,0.1027
1779816508012,2,Pitching Mound.Drive,,Delivery,pitch.1,336881,-0.0004,-0.0031,0.0217,0.0155,-0.0558,0.007,0.0,0.0
1779816508012,2,Pitching Mound.Parent,,Delivery,pitch.1,336067,7.8182,-0.4068,111.3331,-157.2816,172.0531,-1.4592,-0.1641,0.1027
1779816508013,2,11.0000004b,Drive,Delivery,pitch.1,336882,-0.0003,-0.0019,0.019,0.0125,-0.0567,0.0058,0.0,0.0
1779816508013,2,12.00000015,Lower Delivery,Delivery,pitch.1,336601,4.6729,-4.3236,102.3317,-219.1128,163.4955,11.158,-0.1696,-0.2273
1779816508013,2,12.00000018,Upper Delivery,Delivery,pitch.1,337157,3.1366,3.9557,8.8435,30.1422,8.2055,-12.055,-0.0985,0.327
1779816508013,2,Pitching Mound.Delivery,,Delivery,pitch.1,336361,7.8095,-0.3679,111.1752,-157.1846,171.701,-1.4194,-0.164,0.1027
1779816508013,2,Pitching Mound.Drive,,Delivery,pitch.1,336882,-0.0003,-0.0019,0.019,0.0125,-0.0567,0.0058,0.0,0.0
1779816508013,2,Pitching Mound.Parent,,Delivery,pitch.1,336068,7.8092,-0.3698,111.1942,-157.1721,171.6444,-1.4136,-0.1639,0.1027
1779816508014,2,11.0000004b,Drive,Delivery,pitch.1,336883,-0.0016,-0.0065,0.0289,0.0148,-0.0535,0.0062,0.0,0.0
1779816508014,2,12.00000015,Lower Delivery,Delivery,pitch.1,336602,4.6752,-4.3208,102.2362,-219.1357,163.6337,11.1915,-0.1699,-0.2276
1779816508014,2,12.00000018,Upper Delivery,Delivery,pitch.1,337158,3.1445,3.9576,8.9028,30.0714,8.2905,-12.0936,-0.0989,0.327
1779816508014,2,Pitching Mound.Delivery,,Delivery,pitch.1,336362,7.8198,-0.3631,111.139,-157.3309,171.9242,-1.4225,-0.1642,0.1024
1779816508014,2,Pitching Mound.Drive,,Delivery,pitch.1,336883,-0.0016,-0.0065,0.0289,0.0148,-0.0535,0.0062,0.0,0.0
1779816508014,2,Pitching Mound.Parent,,Delivery,pitch.1,336069,7.8182,-0.3696,111.1679,-157.3161,171.8708,-1.4163,-0.1642,0.1024
1779816508015,2,11.0000004b,Drive,Delivery,pitch.1,336884,-0.0008,-0.003,0.0222,0.0099,-0.0562,0.0044,0.0,0.0
1779816508015,2,12.00000015,Lower Delivery,Delivery,pitch.1,336603,4.676,-4.3183,102.2139,-219.0802,163.3774,11.2334,-0.1697,-0.2275
1779816508015,2,12.00000018,Upper Delivery,Delivery,pitch.1,337159,3.132,3.9551,8.887,29.8036,8.0452,-12.0852,-0.0961,0.327
1779816508015,2,Pitching Mound.Delivery,,Delivery,pitch.1,336363,7.808,-0.3631,111.1009,-157.5454,171.4226,-1.3767,-0.1638,0.1024
1779816508015,2,Pitching Mound.Drive,,Delivery,pitch.1,336884,-0.0008,-0.003,0.0222,0.0099,-0.0562,0.0044,0.0,0.0
1779816508015,2,Pitching Mound.Parent,,Delivery,pitch.1,336070,7.8072,-0.3662,111.1231,-157.5355,171.3664,-1.3724,-0.1638,0.1024
1779816508016,2,11.0000004b,Drive,Delivery,pitch.1,336885,-0.0006,-0.0031,0.022,0.0101,-0.0543,0.0047,0.0,0.0
1779816508016,2,12.00000015,Lower Delivery,Delivery,pitch.1,336604,4.6524,-4.346,102.1305,-218.9645,163.2681,11.2826,-0.1697,-0.2276
1779816508016,2,12.00000018,Upper Delivery,Delivery,pitch.1,337160,3.1452,3.9616,8.9737,29.9322,7.9508,-12.1215,-0.0941,0.327
1779816508016,2,Pitching Mound.Delivery,,Delivery,pitch.1,336364,7.7976,-0.3844,111.1042,-157.359,171.2189,-1.3514,-0.1636,0.1023
1779816508016,2,Pitching Mound.Drive,,Delivery,pitch.1,336885,-0.0006,-0.0031,0.022,0.0101,-0.0543,0.0047,0.0,0.0
1779816508016,2,Pitching Mound.Parent,,Delivery,pitch.1,336071,7.797,-0.3875,111.1262,-157.3489,171.1645,-1.3466,-0.1636,0.1022
1779816508017,2,11.0000004b,Drive,Delivery,pitch.1,336886,-0.0001,-0.0015,0.0187,0.0085,-0.0544,0.0016,0.0,0.0
1779816508017,2,12.00000015,Lower Delivery,Delivery,pitch.1,336605,4.6425,-4.3568,102.0648,-218.7766,163.1547,11.3022,-0.1697,-0.2276
1779816508017,2,12.00000018,Upper Delivery,Delivery,pitch.1,337161,3.1587,3.9821,8.9746,29.94,8.14,-12.1858,-0.0963,0.327
1779816508017,2,Pitching Mound.Delivery,,Delivery,pitch.1,336365,7.8013,-0.3747,111.0394,-157.1859,171.2947,-1.3882,-0.1638,0.1023
1779816508017,2,Pitching Mound.Drive,,Delivery,pitch.1,336886,-0.0001,-0.0015,0.0187,0.0085,-0.0544,0.0016,0.0,0.0
1779816508017,2,Pitching Mound.Parent,,Delivery,pitch.1,336072,7.8012,-0.3762,111.0581,-157.1774,171.2403,-1.3866,-0.1637,0.1023
1779816508018,2,11.0000004b,Drive,Delivery,pitch.1,336887,-0.0003,-0.0017,0.0196,0.009,-0.0537,0.0027,0.0,0.0
1779816508018,2,12.00000015,Lower Delivery,Delivery,pitch.1,336606,4.6592,-4.3539,102.0196,-218.6599,163.369,11.2987,-0.17,-0.2275
1779816508018,2,12.00000018,Upper Delivery,Delivery,pitch.1,337162,3.1572,3.9844,8.9339,29.9067,7.967,-12.2084,-0.0947,0.327
1779816508018,2,Pitching Mound.Delivery,,Delivery,pitch.1,336366,7.8164,-0.3695,110.9535,-157.1041,171.336,-1.4204,-0.1639,0.1024
1779816508018,2,Pitching Mound.Drive,,Delivery,pitch.1,336887,-0.0003,-0.0017,0.0196,0.009,-0.0537,0.0027,0.0,0.0
1779816508018,2,Pitching Mound.Parent,,Delivery,pitch.1,336073,7.8161,-0.3712,110.9731,-157.0951,171.2823,-1.4177,-0.1639,0.1023
1779816508019,2,11.0000004b,Drive,Delivery,pitch.1,336888,-0.0006,-0.0028,0.022,0.0135,-0.0538,0.005,0.0,0.0
1779816508019,2,12.00000015,Lower Delivery,Delivery,pitch.1,336607,4.6412,-4.3569,101.8796,-218.6844,163.1444,11.3075,-0.17,-0.2279
1779816508019,2,12.00000018,Upper Delivery,Delivery,pitch.1,337163,3.16,3.993,8.954,29.4465,8.3196,-12.2355,-0.0986,0.327
1779816508019,2,Pitching Mound.Delivery,,Delivery,pitch.1,336367,7.8012,-0.3639,110.8336,-157.6431,171.464,-1.4315,-0.1642,0.102
1779816508019,2,Pitching Mound.Drive,,Delivery,pitch.1,336888,-0.0006,-0.0028,0.022,0.0135,-0.0538,0.005,0.0,0.0
1779816508019,2,Pitching Mound.Parent,,Delivery,pitch.1,336074,7.8007,-0.3667,110.8556,-157.6297,171.4102,-1.4265,-0.1642,0.102
1779816508020,2,11.0000004b,Drive,Delivery,pitch.1,336889,-0.0001,-0.0016,0.0195,0.014,-0.0559,0.0022,0.0,0.0
1779816508020,2,12.00000015,Lower Delivery,Delivery,pitch.1,336608,4.6246,-4.3676,101.8423,-218.6606,163.0132,11.3445,-0.1699,-0.2279
1779816508020,2,12.00000018,Upper Delivery,Delivery,pitch.1,337164,3.1837,3.9862,8.9928,29.3542,8.5603,-12.3013,-0.1011,0.327
1779816508020,2,Pitching Mound.Delivery,,Delivery,pitch.1,336368,7.8083,-0.3814,110.8351,-157.7376,171.5735,-1.4468,-0.1643,0.1019
1779816508020,2,Pitching Mound.Drive,,Delivery,pitch.1,336889,-0.0001,-0.0016,0.0195,0.014,-0.0559,0.0022,0.0,0.0
1779816508020,2,Pitching Mound.Parent,,Delivery,pitch.1,336075,7.8082,-0.383,110.8546,-157.7236,171.5175,-1.4446,-0.1643,0.1019
1779816508021,2,11.0000004b,Drive,Delivery,pitch.1,336890,-0.0011,-0.0047,0.0265,0.0168,-0.056,0.0043,0.0,0.0
1779816508021,2,12.00000015,Lower Delivery,Delivery,pitch.1,336609,4.6372,-4.381,101.7364,-218.4129,163.0482,11.4117,-0.1701,-0.2279
1779816508021,2,12.00000018,Upper Delivery,Delivery,pitch.1,337165,3.2034,3.9803,9.0859,29.9754,8.8793,-12.3524,-0.1037,0.327
1779816508021,2,Pitching Mound.Delivery,,Delivery,pitch.1,336369,7.8405,-0.4006,110.8223,-156.9364,171.9275,-1.4282,-0.1647,0.1018
1779816508021,2,Pitching Mound.Drive,,Delivery,pitch.1,336890,-0.0011,-0.0047,0.0265,0.0168,-0.056,0.0043,0.0,0.0
1779816508021,2,Pitching Mound.Parent,,Delivery,pitch.1,336076,7.8394,-0.4053,110.8488,-156.9195,171.8715,-1.424,-0.1647,0.1018
1779816508022,2,11.0000004b,Drive,Delivery,pitch.1,336891,-0.0005,-0.0029,0.0224,0.0153,-0.0575,0.0017,0.0,0.0
1779816508022,2,12.00000015,Lower Delivery,Delivery,pitch.1,336610,4.639,-4.3786,101.6872,-218.3895,162.8986,11.4966,-0.1701,-0.228
1779816508022,2,12.00000018,Upper Delivery,Delivery,pitch.1,337166,3.2304,3.9757,9.1476,29.9975,9.0026,-12.4174,-0.1045,0.327
1779816508022,2,Pitching Mound.Delivery,,Delivery,pitch.1,336370,7.8694,-0.4028,110.8348,-156.9285,171.9012,-1.3997,-0.1647,0.1017
1779816508022,2,Pitching Mound.Drive,,Delivery,pitch.1,336891,-0.0005,-0.0029,0.0224,0.0153,-0.0575,0.0017,0.0,0.0
1779816508022,2,Pitching Mound.Parent,,Delivery,pitch.1,336077,7.8689,-0.4057,110.8572,-156.9132,171.8437,-1.398,-0.1646,0.1017
1779816508023,2,11.0000004b,Drive,Delivery,pitch.1,336892,-0.0013,-0.0054,0.0277,0.0147,-0.0588,0.0029,0.0,0.0
1779816508023,2,12.00000015,Lower Delivery,Delivery,pitch.1,336611,4.6174,-4.4006,101.6987,-218.5191,162.8441,11.52,-0.17,-0.2281
1779816508023,2,12.00000018,Upper Delivery,Delivery,pitch.1,337167,3.2401,3.963,9.1386,30.156,8.8879,-12.4181,-0.1033,0.327
1779816508023,2,Pitching Mound.Delivery,,Delivery,pitch.1,336371,7.8576,-0.4376,110.8373,-156.8927,171.732,-1.3663,-0.1645,0.1016
1779816508023,2,Pitching Mound.Drive,,Delivery,pitch.1,336892,-0.0013,-0.0054,0.0277,0.0147,-0.0588,0.0029,0.0,0.0
1779816508023,2,Pitching Mound.Parent,,Delivery,pitch.1,336078,7.8563,-0.443,110.865,-156.8779,171.6732,-1.3635,-0.1644,0.1016
1779816508024,2,11.0000004b,Drive,Delivery,pitch.1,336893,0.0001,-0.0015,0.0189,0.0139,-0.0577,0.001,0.0,0.0
1779816508024,2,12.00000015,Lower Delivery,Delivery,pitch.1,336612,4.5973,-4.3973,101.5988,-218.2959,162.8655,11.5647,-0.1702,-0.2281
1779816508024,2,12.00000018,Upper Delivery,Delivery,pitch.1,337168,3.2501,3.9555,9.1842,30.0262,9.4015,-12.4861,-0.1087,0.327
1779816508024,2,Pitching Mound.Delivery,,Delivery,pitch.1,336372,7.8474,-0.4419,110.783,-156.8487,172.267,-1.3795,-0.1651,0.1015
1779816508024,2,Pitching Mound.Drive,,Delivery,pitch.1,336893,0.0001,-0.0015,0.0189,0.0139,-0.0577,0.001,0.0,0.0
1779816508024,2,Pitching Mound.Parent,,Delivery,pitch.1,336079,7.8475,-0.4433,110.8018,-156.8348,172.2093,-1.3785,-0.1651,0.1015
1779816508025,2,11.0000004b,Drive,Delivery,pitch.1,336894,0.0004,-0.0006,0.0165,0.0112,-0.0588,0.0019,0.0,0.0
1779816508025,2,12.00000015,Lower Delivery,Delivery,pitch.1,336613,4.5967,-4.4086,101.6004,-218.3361,162.5953,11.5786,-0.1699,-0.2281
1779816508025,2,12.00000018,Upper Delivery,Delivery,pitch.1,337169,3.2689,3.9597,9.2409,30.4542,9.4502,-12.4916,-0.1086,0.327
1779816508025,2,Pitching Mound.Delivery,,Delivery,pitch.1,336373,7.8656,-0.4489,110.8412,-156.4797,172.0455,-1.3644,-0.1648,0.1015
1779816508025,2,Pitching Mound.Drive,,Delivery,pitch.1,336894,0.0004,-0.0006,0.0165,0.0112,-0.0588,0.0019,0.0,0.0
1779816508025,2,Pitching Mound.Parent,,Delivery,pitch.1,336080,7.866,-0.4495,110.8577,-156.4684,171.9867,-1.3625,-0.1648,0.1014
1779816508026,2,11.0000004b,Drive,Delivery,pitch.1,336895,0.0004,-0.0009,0.017,0.0119,-0.056,0.0019,0.0,0.0
1779816508026,2,12.00000015,Lower Delivery,Delivery,pitch.1,336614,4.598,-4.4024,101.6066,-218.1496,162.3571,11.6829,-0.1696,-0.2279
1779816508026,2,12.00000018,Upper Delivery,Delivery,pitch.1,337170,3.2898,3.9659,9.2553,30.6638,9.5379,-12.5193,-0.1094,0.327
1779816508026,2,Pitching Mound.Delivery,,Delivery,pitch.1,336374,7.8878,-0.4365,110.8619,-156.0864,171.895,-1.2812,-0.1646,0.1016
1779816508026,2,Pitching Mound.Drive,,Delivery,pitch.1,336895,0.0004,-0.0009,0.017,0.0119,-0.056,0.0019,0.0,0.0
1779816508026,2,Pitching Mound.Parent,,Delivery,pitch.1,336081,7.8883,-0.4374,110.879,-156.0745,171.839,-1.2793,-0.1646,0.1016
1779816508027,2,11.0000004b,Drive,Delivery,pitch.1,336896,0.0001,-0.001,0.0176,0.0135,-0.0566,0.0012,0.0,0.0
1779816508027,2,12.00000015,Lower Delivery,Delivery,pitch.1,336615,4.59,-4.4193,101.6148,-218.2506,162.1102,11.6731,-0.1694,-0.228
1779816508027,2,12.00000018,Upper Delivery,Delivery,pitch.1,337171,3.2996,3.9842,9.3227,30.4386,9.8156,-12.5737,-0.1118,0.327
1779816508027,2,Pitching Mound.Delivery,,Delivery,pitch.1,336375,7.8896,-0.4351,110.9375,-156.4327,171.9258,-1.3394,-0.1645,0.1015
1779816508027,2,Pitching Mound.Drive,,Delivery,pitch.1,336896,0.0001,-0.001,0.0176,0.0135,-0.0566,0.0012,0.0,0.0
1779816508027,2,Pitching Mound.Parent,,Delivery,pitch.1,336082,7.8896,-0.4362,110.9551,-156.4192,171.8692,-1.3381,-0.1645,0.1015
1779816508028,2,11.0000004b,Drive,Delivery,pitch.1,336897,0.0,-0.0011,0.017,0.0121,-0.0588,-0.0012,0.0,0.0
1779816508028,2,12.00000015,Lower Delivery,Delivery,pitch.1,336616,4.5948,-4.4135,101.5961,-218.1432,161.8786,11.7678,-0.1692,-0.2279
1779816508028,2,12.00000018,Upper Delivery,Delivery,pitch.1,337172,3.3175,3.9824,9.3112,30.7105,9.825,-12.609,-0.112,0.327
1779816508028,2,Pitching Mound.Delivery,,Delivery,pitch.1,336376,7.9123,-0.4312,110.9073,-156.0558,171.7036,-1.2755,-0.1644,0.1016
1779816508028,2,Pitching Mound.Drive,,Delivery,pitch.1,336897,0.0,-0.0011,0.017,0.0121,-0.0588,-0.0012,0.0,0.0
1779816508028,2,Pitching Mound.Parent,,Delivery,pitch.1,336083,7.9123,-0.4323,110.9243,-156.0438,171.6448,-1.2767,-0.1643,0.1015
1779816508029,2,11.0000004b,Drive,Delivery,pitch.1,336898,-0.0006,-0.0033,0.0214,0.0119,-0.0583,0.0013,0.0,0.0
1779816508029,2,12.00000015,Lower Delivery,Delivery,pitch.1,336617,4.5842,-4.424,101.5667,-217.8982,161.6688,11.8652,-0.169,-0.2278
1779816508029,2,12.00000018,Upper Delivery,Delivery,pitch.1,337173,3.3305,3.9968,9.3258,31.1444,9.6484,-12.6294,-0.1098,0.327
1779816508029,2,Pitching Mound.Delivery,,Delivery,pitch.1,336377,7.9147,-0.4272,110.8925,-155.3918,171.3171,-1.1905,-0.164,0.1017
1779816508029,2,Pitching Mound.Drive,,Delivery,pitch.1,336898,-0.0006,-0.0033,0.0214,0.0119,-0.0583,0.0013,0.0,0.0
1779816508029,2,Pitching Mound.Parent,,Delivery,pitch.1,336084,7.914,-0.4305,110.9138,-155.3799,171.2588,-1.1892,-0.164,0.1017
1779816508030,2,11.0000004b,Drive,Delivery,pitch.1,336899,0.0,-0.0011,0.016,0.0125,-0.059,-0.0019,0.0,0.0
1779816508030,2,12.00000015,Lower Delivery,Delivery,pitch.1,336618,4.5712,-4.4162,101.5172,-217.9914,161.8897,11.8804,-0.1693,-0.228
1779816508030,2,12.00000018,Upper Delivery,Delivery,pitch.1,337174,3.3302,3.9937,9.3194,31.3655,9.0891,-12.6346,-0.1035,0.327
1779816508030,2,Pitching Mound.Delivery,,Delivery,pitch.1,336378,7.9014,-0.4225,110.8366,-155.2786,170.9788,-1.1761,-0.1638,0.1015
1779816508030,2,Pitching Mound.Drive,,Delivery,pitch.1,336899,0.0,-0.0011,0.016,0.0125,-0.059,-0.0019,0.0,0.0
1779816508030,2,Pitching Mound.Parent,,Delivery,pitch.1,336085,7.9015,-0.4236,110.8526,-155.2661,170.9198,-1.178,-0.1637,0.1015
1779816508031,2,11.0000004b,Drive,Delivery,pitch.1,336900,-0.0001,-0.001,0.0155,0.0116,-0.0576,-0.0017,0.0,0.0
1779816508031,2,12.00000015,Lower Delivery,Delivery,pitch.1,336619,4.5601,-4.4377,101.4804,-217.9329,161.844,11.9416,-0.1693,-0.228
1779816508031,2,12.00000018,Upper Delivery,Delivery,pitch.1,337175,3.3218,4.019,9.3184,31.7311,8.7986,-12.6516,-0.1002,0.327
1779816508031,2,Pitching Mound.Delivery,,Delivery,pitch.1,336379,7.8819,-0.4187,110.7988,-154.8667,170.6426,-1.131,-0.1635,0.1015
1779816508031,2,Pitching Mound.Drive,,Delivery,pitch.1,336900,-0.0001,-0.001,0.0155,0.0116,-0.0576,-0.0017,0.0,0.0
1779816508031,2,Pitching Mound.Parent,,Delivery,pitch.1,336086,7.8818,-0.4198,110.8143,-154.8551,170.585,-1.1327,-0.1635,0.1015
1779816508032,2,11.0000004b,Drive,Delivery,pitch.1,336901,-0.0003,-0.0011,0.0156,0.0125,-0.0587,-0.0017,0.0,0.0
1779816508032,2,12.00000015,Lower Delivery,Delivery,pitch.1,336620,4.5325,-4.4395,101.4635,-217.972,161.7536,11.9321,-0.1692,-0.2281
1779816508032,2,12.00000018,Upper Delivery,Delivery,pitch.1,337176,3.3232,4.0495,9.3235,31.9972,8.4182,-12.7222,-0.0959,0.327
1779816508032,2,Pitching Mound.Delivery,,Delivery,pitch.1,336380,7.8557,-0.39,110.7871,-154.6472,170.1718,-1.2013,-0.1631,0.1014
1779816508032,2,Pitching Mound.Drive,,Delivery,pitch.1,336901,-0.0003,-0.0011,0.0156,0.0125,-0.0587,-0.0017,0.0,0.0
1779816508032,2,Pitching Mound.Parent,,Delivery,pitch.1,336087,7.8554,-0.3911,110.8027,-154.6347,170.1131,-1.2029,-0.163,0.1014
1779816508033,2,11.0000004b,Drive,Delivery,pitch.1,336902,-0.0003,-0.0011,0.0156,0.0126,-0.0589,-0.001,0.0,0.0
1779816508033,2,12.00000015,Lower Delivery,Delivery,pitch.1,336621,4.5128,-4.4347,101.4337,-218.0319,161.536,11.9363,-0.1691,-0.2282
1779816508033,2,12.00000018,Upper Delivery,Delivery,pitch.1,337177,3.3224,4.0942,9.3018,32.2365,8.2738,-12.7624,-0.0944,0.327
1779816508033,2,Pitching Mound.Delivery,,Delivery,pitch.1,336381,7.8353,-0.3406,110.7355,-154.4706,169.8098,-1.2308,-0.1628,0.1013
1779816508033,2,Pitching Mound.Drive,,Delivery,pitch.1,336902,-0.0003,-0.0011,0.0156,0.0126,-0.0589,-0.001,0.0,0.0
1779816508033,2,Pitching Mound.Parent,,Delivery,pitch.1,336088,7.835,-0.3417,110.7511,-154.4579,169.7509,-1.2317,-0.1628,0.1013
1779816508034,2,11.0000004b,Drive,Delivery,pitch.1,336903,-0.0005,-0.0009,0.0161,0.0128,-0.0596,0.0009,0.0,0.0
1779816508034,2,12.00000015,Lower Delivery,Delivery,pitch.1,336622,4.5115,-4.4669,101.4668,-218.1678,161.2702,11.9969,-0.1687,-0.2283
1779816508034,2,12.00000018,Upper Delivery,Delivery,pitch.1,337178,3.3403,4.134,9.3791,32.4835,8.3088,-12.8093,-0.094,0.327
1779816508034,2,Pitching Mound.Delivery,,Delivery,pitch.1,336382,7.8518,-0.333,110.846,-154.3744,169.579,-1.2105,-0.1624,0.1012
1779816508034,2,Pitching Mound.Drive,,Delivery,pitch.1,336903,-0.0005,-0.0009,0.0161,0.0128,-0.0596,0.0009,0.0,0.0
1779816508034,2,Pitching Mound.Parent,,Delivery,pitch.1,336089,7.8513,-0.3339,110.862,-154.3616,169.5193,-1.2096,-0.1624,0.1012
1779816508035,2,11.0000004b,Drive,Delivery,pitch.1,336904,-0.001,-0.0033,0.0216,0.0114,-0.0583,0.0036,0.0,0.0
1779816508035,2,12.00000015,Lower Delivery,Delivery,pitch.1,336623,4.4941,-4.4804,101.3733,-218.0824,161.2281,12.0541,-0.1688,-0.2284
1779816508035,2,12.00000018,Upper Delivery,Delivery,pitch.1,337179,3.3458,4.1392,9.4027,32.8907,8.2443,-12.8502,-0.0931,0.327
1779816508035,2,Pitching Mound.Delivery,,Delivery,pitch.1,336383,7.84,-0.3412,110.7761,-153.9217,169.4724,-1.1866,-0.1624,0.101
1779816508035,2,Pitching Mound.Drive,,Delivery,pitch.1,336904,-0.001,-0.0033,0.0216,0.0114,-0.0583,0.0036,0.0,0.0
1779816508035,2,Pitching Mound.Parent,,Delivery,pitch.1,336090,7.8389,-0.3445,110.7977,-153.9103,169.4142,-1.183,-0.1624,0.101
1779816508036,2,11.0000004b,Drive,Delivery,pitch.1,336905,-0.001,-0.003,0.0205,0.0136,-0.0627,0.0026,0.0,0.0
1779816508036,2,12.00000015,Lower Delivery,Delivery,pitch.1,336624,4.4854,-4.4805,101.2877,-218.1693,161.2831,12.1006,-0.169,-0.2287
1779816508036,2,12.00000018,Upper Delivery,Delivery,pitch.1,337180,3.3676,4.1451,9.5006,32.8649,8.4349,-12.9333,-0.0943,0.327
1779816508036,2,Pitching Mound.Delivery,,Delivery,pitch.1,336384,7.853,-0.3355,110.7882,-154.0968,169.718,-1.2127,-0.1626,0.1007
1779816508036,2,Pitching Mound.Drive,,Delivery,pitch.1,336905,-0.001,-0.003,0.0205,0.0136,-0.0627,0.0026,0.0,0.0
1779816508036,2,Pitching Mound.Parent,,Delivery,pitch.1,336091,7.852,-0.3384,110.8088,-154.0832,169.6553,-1.2101,-0.1626,0.1007
1779816508037,2,11.0000004b,Drive,Delivery,pitch.1,336906,-0.0009,-0.0032,0.0211,0.013,-0.0611,-0.0002,0.0,0.0
1779816508037,2,12.00000015,Lower Delivery,Delivery,pitch.1,336625,4.4721,-4.4912,101.2337,-218.1765,161.0394,12.1091,-0.1689,-0.2288
1779816508037,2,12.00000018,Upper Delivery,Delivery,pitch.1,337181,3.3787,4.146,9.5064,32.8692,8.4733,-12.9593,-0.0946,0.327
1779816508037,2,Pitching Mound.Delivery,,Delivery,pitch.1,336385,7.8508,-0.3452,110.7401,-154.12,169.5127,-1.2219,-0.1625,0.1005
1779816508037,2,Pitching Mound.Drive,,Delivery,pitch.1,336906,-0.0009,-0.0032,0.0211,0.013,-0.0611,-0.0002,0.0,0.0
1779816508037,2,Pitching Mound.Parent,,Delivery,pitch.1,336092,7.8498,-0.3484,110.7611,-154.1069,169.4516,-1.2221,-0.1625,0.1005
1779816508038,2,11.0000004b,Drive,Delivery,pitch.1,336907,-0.0016,-0.0051,0.0254,0.0134,-0.0607,0.0005,0.0,0.0
1779816508038,2,12.00000015,Lower Delivery,Delivery,pitch.1,336626,4.4554,-4.4922,101.1628,-218.156,160.6873,12.1259,-0.1686,-0.2289
1779816508038,2,12.00000018,Upper Delivery,Delivery,pitch.1,337182,3.3773,4.1343,9.4709,33.1091,8.3435,-13.0308,-0.0935,0.327
1779816508038,2,Pitching Mound.Delivery,,Delivery,pitch.1,336386,7.8326,-0.3579,110.6337,-153.8716,169.0308,-1.2715,-0.1622,0.1004
1779816508038,2,Pitching Mound.Drive,,Delivery,pitch.1,336907,-0.0016,-0.0051,0.0254,0.0134,-0.0607,0.0005,0.0,0.0
1779816508038,2,Pitching Mound.Parent,,Delivery,pitch.1,336093,7.831,-0.363,110.6592,-153.8582,168.9701,-1.2709,-0.1622,0.1004
1779816508039,2,11.0000004b,Drive,Delivery,pitch.1,336908,-0.001,-0.0031,0.0218,0.0138,-0.0607,0.002,0.0,0.0
1779816508039,2,12.00000015,Lower Delivery,Delivery,pitch.1,336627,4.4345,-4.4979,100.9997,-218.0806,160.3906,12.1158,-0.1686,-0.2292
1779816508039,2,12.00000018,Upper Delivery,Delivery,pitch.1,337183,3.386,4.1329,9.5511,33.1807,8.2881,-13.0286,-0.0921,0.327
1779816508039,2,Pitching Mound.Delivery,,Delivery,pitch.1,336387,7.8205,-0.365,110.5508,-153.8074,168.6787,-1.2693,-0.162,0.1001
1779816508039,2,Pitching Mound.Drive,,Delivery,pitch.1,336908,-0.001,-0.0031,0.0218,0.0138,-0.0607,0.002,0.0,0.0
1779816508039,2,Pitching Mound.Parent,,Delivery,pitch.1,336094,7.8194,-0.3681,110.5726,-153.7936,168.618,-1.2673,-0.162,0.1001
1779816508040,2,11.0000004b,Drive,Delivery,pitch.1,336909,-0.0003,-0.0007,0.0172,0.0147,-0.0609,0.0015,0.0,0.0
1779816508040,2,12.00000015,Lower Delivery,Delivery,pitch.1,336628,4.4246,-4.5118,100.9507,-217.9664,160.0218,12.1489,-0.1683,-0.2292
1779816508040,2,12.00000018,Upper Delivery,Delivery,pitch.1,337184,3.4055,4.1131,9.5915,32.7644,8.3688,-13.0966,-0.0926,0.327
1779816508040,2,Pitching Mound.Delivery,,Delivery,pitch.1,336388,7.8301,-0.3987,110.5422,-154.1398,168.3905,-1.2941,-0.1617,0.1
1779816508040,2,Pitching Mound.Drive,,Delivery,pitch.1,336909,-0.0003,-0.0007,0.0172,0.0147,-0.0609,0.0015,0.0,0.0
1779816508040,2,Pitching Mound.Parent,,Delivery,pitch.1,336095,7.8298,-0.3994,110.5594,-154.1252,168.3297,-1.2927,-0.1617,0.1
1779816508041,2,11.0000004b,Drive,Delivery,pitch.1,336910,-0.0013,-0.0041,0.0243,0.0137,-0.0604,0.0006,0.0,0.0
1779816508041,2,12.00000015,Lower Delivery,Delivery,pitch.1,336629,4.4298,-4.52,100.9084,-217.9047,159.785,12.1846,-0.1681,-0.2293
1779816508041,2,12.00000018,Upper Delivery,Delivery,pitch.1,337185,3.4101,4.1196,9.6771,32.5798,8.774,-13.1556,-0.0963,0.327
1779816508041,2,Pitching Mound.Delivery,,Delivery,pitch.1,336389,7.8399,-0.4004,110.5854,-154.3062,168.559,-1.3177,-0.1618,0.0999
1779816508041,2,Pitching Mound.Drive,,Delivery,pitch.1,336910,-0.0013,-0.0041,0.0243,0.0137,-0.0604,0.0006,0.0,0.0
1779816508041,2,Pitching Mound.Parent,,Delivery,pitch.1,336096,7.8387,-0.4044,110.6097,-154.2925,168.4986,-1.3171,-0.1618,0.0999
1779816508042,2,11.0000004b,Drive,Delivery,pitch.1,336911,-0.0006,-0.0012,0.0182,0.0152,-0.0627,0.0029,0.0,0.0
1779816508042,2,12.00000015,Lower Delivery,Delivery,pitch.1,336630,4.4157,-4.5166,100.8441,-217.7366,159.7548,12.1669,-0.1682,-0.2292
1779816508042,2,12.00000018,Upper Delivery,Delivery,pitch.1,337186,3.4293,4.1106,9.7326,32.5311,8.9601,-13.1852,-0.0977,0.327
1779816508042,2,Pitching Mound.Delivery,,Delivery,pitch.1,336390,7.8451,-0.406,110.5768,-154.2275,168.7149,-1.3536,-0.162,0.0999
1779816508042,2,Pitching Mound.Drive,,Delivery,pitch.1,336911,-0.0006,-0.0012,0.0182,0.0152,-0.0627,0.0029,0.0,0.0
1779816508042,2,Pitching Mound.Parent,,Delivery,pitch.1,336097,7.8445,-0.4072,110.595,-154.2123,168.6522,-1.3508,-0.162,0.0999
1779816508043,2,11.0000004b,Drive,Delivery,pitch.1,336912,-0.0012,-0.0052,0.0252,0.0114,-0.0595,0.0015,0.0,0.0
1779816508043,2,12.00000015,Lower Delivery,Delivery,pitch.1,336631,4.4232,-4.5193,100.7947,-217.8458,159.4951,12.2219,-0.168,-0.2294
1779816508043,2,12.00000018,Upper Delivery,Delivery,pitch.1,337187,3.4451,4.0942,9.7789,32.6274,9.1682,-13.1991,-0.0995,0.327
1779816508043,2,Pitching Mound.Delivery,,Delivery,pitch.1,336391,7.8683,-0.4251,110.5737,-154.2731,168.6633,-1.3098,-0.1619,0.0996
1779816508043,2,Pitching Mound.Drive,,Delivery,pitch.1,336912,-0.0012,-0.0052,0.0252,0.0114,-0.0595,0.0015,0.0,0.0
1779816508043,2,Pitching Mound.Parent,,Delivery,pitch.1,336098,7.8671,-0.4303,110.5989,-154.2617,168.6038,-1.3083,-0.1619,0.0996
1779816508044,2,11.0000004b,Drive,Delivery,pitch.1,336913,-0.0008,-0.0036,0.0214,0.0116,-0.0602,0.0014,0.0,0.0
1779816508044,2,12.00000015,Lower Delivery,Delivery,pitch.1,336632,4.4262,-4.5258,100.6769,-217.5898,159.0781,12.2713,-0.1677,-0.2294
1779816508044,2,12.00000018,Upper Delivery,Delivery,pitch.1,337188,3.452,4.0802,9.8229,32.7496,9.0289,-13.264,-0.0976,0.327
1779816508044,2,Pitching Mound.Delivery,,Delivery,pitch.1,336392,7.8782,-0.4456,110.4998,-153.9498,168.107,-1.3239,-0.1615,0.0996
1779816508044,2,Pitching Mound.Drive,,Delivery,pitch.1,336913,-0.0008,-0.0036,0.0214,0.0116,-0.0602,0.0014,0.0,0.0
1779816508044,2,Pitching Mound.Parent,,Delivery,pitch.1,336099,7.8775,-0.4491,110.5212,-153.9382,168.0468,-1.3225,-0.1615,0.0996
1779816508045,2,11.0000004b,Drive,Delivery,pitch.1,336914,-0.0016,-0.0053,0.0256,0.0124,-0.0599,0.0015,0.0,0.0
1779816508045,2,12.00000015,Lower Delivery,Delivery,pitch.1,336633,4.4134,-4.5365,100.5393,-217.3261,159.1607,12.2492,-0.1681,-0.2295
1779816508045,2,12.00000018,Upper Delivery,Delivery,pitch.1,337189,3.4503,4.0984,9.8025,32.8954,8.9554,-13.2673,-0.097,0.327
1779816508045,2,Pitching Mound.Delivery,,Delivery,pitch.1,336393,7.8637,-0.4381,110.3418,-153.5802,168.1161,-1.3456,-0.1617,0.0995
1779816508045,2,Pitching Mound.Drive,,Delivery,pitch.1,336914,-0.0016,-0.0053,0.0256,0.0124,-0.0599,0.0015,0.0,0.0
1779816508045,2,Pitching Mound.Parent,,Delivery,pitch.1,336100,7.8621,-0.4435,110.3674,-153.5678,168.0562,-1.3441,-0.1617,0.0995
1779816508046,2,11.0000004b,Drive,Delivery,pitch.1,336915,-0.0003,-0.0018,0.0172,0.0107,-0.0585,0.0014,0.0,0.0
1779816508046,2,12.00000015,Lower Delivery,Delivery,pitch.1,336634,4.4218,-4.5267,100.4849,-217.1481,158.9144,12.2538,-0.1679,-0.2294
1779816508046,2,12.00000018,Upper Delivery,Delivery,pitch.1,337190,3.4709,4.1204,9.8933,33.1537,9.2205,-13.3102,-0.0989,0.327
1779816508046,2,Pitching Mound.Delivery,,Delivery,pitch.1,336394,7.8927,-0.4063,110.3782,-153.1933,168.1349,-1.3797,-0.1617,0.0995
1779816508046,2,Pitching Mound.Drive,,Delivery,pitch.1,336915,-0.0003,-0.0018,0.0172,0.0107,-0.0585,0.0014,0.0,0.0
1779816508046,2,Pitching Mound.Parent,,Delivery,pitch.1,336101,7.8924,-0.4081,110.3954,-153.1826,168.0764,-1.3783,-0.1617,0.0995
1779816508047,2,11.0000004b,Drive,Delivery,pitch.1,336916,-0.0013,-0.0048,0.0232,0.0098,-0.0578,0.0021,0.0,0.0
1779816508047,2,12.00000015,Lower Delivery,Delivery,pitch.1,336635,4.4087,-4.5329,100.3852,-217.0847,158.7429,12.2963,-0.1679,-0.2296
1779816508047,2,12.00000018,Upper Delivery,Delivery,pitch.1,337191,3.4735,4.1373,9.8694,33.6174,9.3646,-13.3464,-0.1007,0.327
1779816508047,2,Pitching Mound.Delivery,,Delivery,pitch.1,336395,7.8822,-0.3957,110.2546,-152.6919,168.1074,-1.3681,-0.1619,0.0994
1779816508047,2,Pitching Mound.Drive,,Delivery,pitch.1,336916,-0.0013,-0.0048,0.0232,0.0098,-0.0578,0.0021,0.0,0.0
1779816508047,2,Pitching Mound.Parent,,Delivery,pitch.1,336102,7.881,-0.4004,110.2779,-152.6821,168.0497,-1.366,-0.1618,0.0994
1779816508048,2,11.0000004b,Drive,Delivery,pitch.1,336917,-0.0012,-0.0046,0.0231,0.0095,-0.056,0.0023,0.0,0.0
1779816508048,2,12.00000015,Lower Delivery,Delivery,pitch.1,336636,4.4037,-4.5468,100.3031,-217.0356,158.7344,12.3165,-0.168,-0.2297
1779816508048,2,12.00000018,Upper Delivery,Delivery,pitch.1,337192,3.4932,4.1491,9.9016,33.762,9.4881,-13.4192,-0.1017,0.327
1779816508048,2,Pitching Mound.Delivery,,Delivery,pitch.1,336396,7.897,-0.3978,110.2046,-152.5371,168.2225,-1.4123,-0.1621,0.0992
1779816508048,2,Pitching Mound.Drive,,Delivery,pitch.1,336917,-0.0012,-0.0046,0.0231,0.0095,-0.056,0.0023,0.0,0.0
1779816508048,2,Pitching Mound.Parent,,Delivery,pitch.1,336103,7.8958,-0.4023,110.2277,-152.5276,168.1665,-1.41,-0.162,0.0992
1779816508049,2,11.0000004b,Drive,Delivery,pitch.1,336918,-0.0026,-0.0033,0.0232,0.0099,-0.0552,0.005,0.0,0.0
1779816508049,2,12.00000015,Lower Delivery,Delivery,pitch.1,336637,4.3933,-4.5424,100.187,-217.1129,158.8656,12.3561,-0.1683,-0.2301
1779816508049,2,12.00000018,Upper Delivery,Delivery,pitch.1,337193,3.5118,4.1673,10.0237,33.9846,9.7592,-13.4184,-0.1034,0.327
1779816508049,2,Pitching Mound.Delivery,,Delivery,pitch.1,336397,7.9051,-0.3751,110.2107,-152.4728,168.6249,-1.3619,-0.1624,0.0988
1779816508049,2,Pitching Mound.Drive,,Delivery,pitch.1,336918,-0.0026,-0.0033,0.0232,0.0099,-0.0552,0.005,0.0,0.0
1779816508049,2,Pitching Mound.Parent,,Delivery,pitch.1,336104,7.9026,-0.3784,110.2339,-152.4629,168.5696,-1.3569,-0.1624,0.0987
1779816508050,2,11.0000004b,Drive,Delivery,pitch.1,336919,-0.0019,-0.0069,0.029,0.0107,-0.0515,0.0035,0.0,0.0
1779816508050,2,12.00000015,Lower Delivery,Delivery,pitch.1,336638,4.3883,-4.5498,100.1726,-217.0145,158.8283,12.3502,-0.1683,-0.23
1779816508050,2,12.00000018,Upper Delivery,Delivery,pitch.1,337194,3.5224,4.1951,10.0979,34.4846,9.7235,-13.4514,-0.1022,0.327
1779816508050,2,Pitching Mound.Delivery,,Delivery,pitch.1,336398,7.9107,-0.3547,110.2705,-151.9045,168.5519,-1.3956,-0.1623,0.0987
1779816508050,2,Pitching Mound.Drive,,Delivery,pitch.1,336919,-0.0019,-0.0069,0.029,0.0107,-0.0515,0.0035,0.0,0.0
1779816508050,2,Pitching Mound.Parent,,Delivery,pitch.1,336105,7.9088,-0.3616,110.2994,-151.8938,168.5004,-1.3921,-0.1622,0.0987
1779816508051,2,11.0000004b,Drive,Delivery,pitch.1,336920,-0.0026,-0.0087,0.033,0.0113,-0.0494,0.003,0.0,0.0
1779816508051,2,12.00000015,Lower Delivery,Delivery,pitch.1,336639,4.382,-4.5595,100.0145,-216.9726,158.6719,12.3659,-0.1684,-0.2303
1779816508051,2,12.00000018,Upper Delivery,Delivery,pitch.1,337195,3.5341,4.187,10.0703,34.7144,9.6886,-13.4554,-0.1021,0.327
1779816508051,2,Pitching Mound.Delivery,,Delivery,pitch.1,336399,7.9161,-0.3726,110.0847,-151.6771,168.3605,-1.3778,-0.1624,0.0985
1779816508051,2,Pitching Mound.Drive,,Delivery,pitch.1,336920,-0.0026,-0.0087,0.033,0.0113,-0.0494,0.003,0.0,0.0
1779816508051,2,Pitching Mound.Parent,,Delivery,pitch.1,336106,7.9135,-0.3813,110.1177,-151.6658,168.3111,-1.3748,-0.1623,0.0984
1779816508052,2,11.0000004b,Drive,Delivery,pitch.1,336921,-0.002,-0.007,0.0289,0.0105,-0.049,0.0044,0.0,0.0
1779816508052,2,12.00000015,Lower Delivery,Delivery,pitch.1,336640,4.3663,-4.5535,99.9672,-216.9642,158.4852,12.4347,-0.1683,-0.2304
1779816508052,2,12.00000018,Upper Delivery,Delivery,pitch.1,337196,3.5558,4.2267,10.178,35.1772,9.7676,-13.4997,-0.1019,0.327
1779816508052,2,Pitching Mound.Delivery,,Delivery,pitch.1,336400,7.9222,-0.3268,110.1452,-151.2587,168.2528,-1.3406,-0.1622,0.0983
1779816508052,2,Pitching Mound.Drive,,Delivery,pitch.1,336921,-0.002,-0.007,0.0289,0.0105,-0.049,0.0044,0.0,0.0
1779816508052,2,Pitching Mound.Parent,,Delivery,pitch.1,336107,7.9202,-0.3338,110.1741,-151.2482,168.2037,-1.3361,-0.1621,0.0982
1779816508053,2,11.0000004b,Drive,Delivery,pitch.1,336922,-0.0031,-0.0107,0.0369,0.0125,-0.0479,0.0023,0.0,0.0
1779816508053,2,12.00000015,Lower Delivery,Delivery,pitch.1,336641,4.3553,-4.5658,99.8655,-216.9159,158.0329,12.506,-0.168,-0.2306
1779816508053,2,12.00000018,Upper Delivery,Delivery,pitch.1,337197,3.5748,4.2289,10.2073,35.5697,9.8345,-13.55,-0.1023,0.327
1779816508053,2,Pitching Mound.Delivery,,Delivery,pitch.1,336401,7.9301,-0.3369,110.0728,-150.8625,167.8674,-1.3093,-0.1619,0.0981
1779816508053,2,Pitching Mound.Drive,,Delivery,pitch.1,336922,-0.0031,-0.0107,0.0369,0.0125,-0.0479,0.0023,0.0,0.0
1779816508053,2,Pitching Mound.Parent,,Delivery,pitch.1,336108,7.927,-0.3475,110.1097,-150.85,167.8195,-1.307,-0.1618,0.098
1779816508054,2,11.0000004b,Drive,Delivery,pitch.1,336923,-0.0031,-0.0101,0.0371,0.0143,-0.0491,0.0011,0.0,0.0
1779816508054,2,12.00000015,Lower Delivery,Delivery,pitch.1,336642,4.3684,-4.5698,99.7781,-216.5887,157.8956,12.5341,-0.168,-0.2304
1779816508054,2,12.00000018,Upper Delivery,Delivery,pitch.1,337198,3.5822,4.2482,10.225,35.4639,9.8278,-13.5884,-0.102,0.327
1779816508054,2,Pitching Mound.Delivery,,Delivery,pitch.1,336402,7.9506,-0.3217,110.0031,-150.6767,167.7234,-1.3216,-0.1619,0.0982
1779816508054,2,Pitching Mound.Drive,,Delivery,pitch.1,336923,-0.0031,-0.0101,0.0371,0.0143,-0.0491,0.0011,0.0,0.0
1779816508054,2,Pitching Mound.Parent,,Delivery,pitch.1,336109,7.9474,-0.3318,110.0402,-150.6625,167.6743,-1.3205,-0.1618,0.0981
1779816508055,2,11.0000004b,Drive,Delivery,pitch.1,336924,-0.0036,-0.01,0.0387,0.0125,-0.0496,0.0007,0.0,0.0
1779816508055,2,12.00000015,Lower Delivery,Delivery,pitch.1,336643,4.3423,-4.5713,99.6719,-216.3546,158.0045,12.5587,-0.1683,-0.2304
1779816508055,2,12.00000018,Upper Delivery,Delivery,pitch.1,337199,3.5981,4.2787,10.2967,35.2837,10.0067,-13.6255,-0.1032,0.327
1779816508055,2,Pitching Mound.Delivery,,Delivery,pitch.1,336403,7.9405,-0.2926,109.9686,-150.6833,168.0112,-1.3199,-0.1622,0.0981
1779816508055,2,Pitching Mound.Drive,,Delivery,pitch.1,336924,-0.0036,-0.01,0.0387,0.0125,-0.0496,0.0007,0.0,0.0
1779816508055,2,Pitching Mound.Parent,,Delivery,pitch.1,336110,7.9369,-0.3026,110.0073,-150.6708,167.9616,-1.3192,-0.1621,0.098
1779816508056,2,11.0000004b,Drive,Delivery,pitch.1,336925,-0.005,-0.0121,0.0428,0.0123,-0.0529,-0.0004,0.0,0.0
1779816508056,2,12.00000015,Lower Delivery,Delivery,pitch.1,336644,4.3613,-4.5733,99.5792,-216.3158,157.6505,12.6553,-0.1681,-0.2306
1779816508056,2,12.00000018,Upper Delivery,Delivery,pitch.1,337200,3.5947,4.2874,10.3106,35.4626,9.8304,-13.651,-0.1012,0.327
1779816508056,2,Pitching Mound.Delivery,,Delivery,pitch.1,336404,7.956,-0.2859,109.8898,-150.502,167.4809,-1.2564,-0.1618,0.0979
1779816508056,2,Pitching Mound.Drive,,Delivery,pitch.1,336925,-0.005,-0.0121,0.0428,0.0123,-0.0529,-0.0004,0.0,0.0
1779816508056,2,Pitching Mound.Parent,,Delivery,pitch.1,336111,7.951,-0.298,109.9326,-150.4897,167.4279,-1.2568,-0.1617,0.0979
1779816508057,2,11.0000004b,Drive,Delivery,pitch.1,336926,-0.004,-0.0096,0.0376,0.0117,-0.0532,-0.0019,0.0,0.0
1779816508057,2,12.00000015,Lower Delivery,Delivery,pitch.1,336645,4.3485,-4.5865,99.4814,-216.3277,157.3965,12.7004,-0.168,-0.2309
1779816508057,2,12.00000018,Upper Delivery,Delivery,pitch.1,337201,3.592,4.3196,10.3244,35.3815,9.8162,-13.7003,-0.1009,0.327
1779816508057,2,Pitching Mound.Delivery,,Delivery,pitch.1,336405,7.9405,-0.2669,109.8058,-150.6328,167.2127,-1.2571,-0.1617,0.0977
1779816508057,2,Pitching Mound.Drive,,Delivery,pitch.1,336926,-0.004,-0.0096,0.0376,0.0117,-0.0532,-0.0019,0.0,0.0
1779816508057,2,Pitching Mound.Parent,,Delivery,pitch.1,336112,7.9365,-0.2765,109.8434,-150.6211,167.1595,-1.259,-0.1616,0.0976
1779816508058,2,11.0000004b,Drive,Delivery,pitch.1,336927,-0.0039,-0.0096,0.038,0.0127,-0.0536,-0.003,0.0,0.0
1779816508058,2,12.00000015,Lower Delivery,Delivery,pitch.1,336646,4.3359,-4.5943,99.4472,-216.1219,157.217,12.7333,-0.1678,-0.2307
1779816508058,2,12.00000018,Upper Delivery,Delivery,pitch.1,337202,3.6055,4.3433,10.4083,35.4269,9.833,-13.684,-0.1003,0.327
1779816508058,2,Pitching Mound.Delivery,,Delivery,pitch.1,336406,7.9415,-0.251,109.8555,-150.4217,167.05,-1.199,-0.1614,0.0977
1779816508058,2,Pitching Mound.Drive,,Delivery,pitch.1,336927,-0.0039,-0.0096,0.038,0.0127,-0.0536,-0.003,0.0,0.0
1779816508058,2,Pitching Mound.Parent,,Delivery,pitch.1,336113,7.9375,-0.2606,109.8936,-150.409,166.9964,-1.202,-0.1614,0.0977
1779816508059,2,11.0000004b,Drive,Delivery,pitch.1,336928,-0.0029,-0.0082,0.034,0.0124,-0.0564,-0.0032,0.0,0.0
1779816508059,2,12.00000015,Lower Delivery,Delivery,pitch.1,336647,4.3263,-4.6038,99.3927,-216.0636,156.8396,12.7672,-0.1675,-0.2308
1779816508059,2,12.00000018,Upper Delivery,Delivery,pitch.1,337203,3.6114,4.3489,10.3932,35.6838,10.0141,-13.7515,-0.1023,0.327
1779816508059,2,Pitching Mound.Delivery,,Delivery,pitch.1,336407,7.9377,-0.255,109.7859,-150.1199,166.8537,-1.2273,-0.1613,0.0977
1779816508059,2,Pitching Mound.Drive,,Delivery,pitch.1,336928,-0.0029,-0.0082,0.034,0.0124,-0.0564,-0.0032,0.0,0.0
1779816508059,2,Pitching Mound.Parent,,Delivery,pitch.1,336114,7.9348,-0.2632,109.8199,-150.1075,166.7973,-1.2305,-0.1613,0.0976
1779816508060,2,11.0000004b,Drive,Delivery,pitch.1,336929,-0.0032,-0.0081,0.0348,0.012,-0.0566,-0.0027,0.0,0.0
1779816508060,2,12.00000015,Lower Delivery,Delivery,pitch.1,336648,4.3382,-4.6051,99.353,-216.0818,156.6882,12.784,-0.1674,-0.2309
1779816508060,2,12.00000018,Upper Delivery,Delivery,pitch.1,337204,3.6182,4.3324,10.3676,35.6541,9.956,-13.8197,-0.1019,0.327
1779816508060,2,Pitching Mound.Delivery,,Delivery,pitch.1,336408,7.9564,-0.2727,109.7206,-150.1726,166.6441,-1.2805,-0.1612,0.0976
1779816508060,2,Pitching Mound.Drive,,Delivery,pitch.1,336929,-0.0032,-0.0081,0.0348,0.012,-0.0566,-0.0027,0.0,0.0
1779816508060,2,Pitching Mound.Parent,,Delivery,pitch.1,336115,7.9531,-0.2808,109.7554,-150.1607,166.5875,-1.2832,-0.1612,0.0975
1779816508061,2,11.0000004b,Drive,Delivery,pitch.1,336930,-0.0026,-0.0053,0.0292,0.0127,-0.0572,-0.0021,0.0,0.0
1779816508061,2,12.00000015,Lower Delivery,Delivery,pitch.1,336649,4.3229,-4.602,99.2763,-216.0491,156.2537,12.8257,-0.1671,-0.231
1779816508061,2,12.00000018,Upper Delivery,Delivery,pitch.1,337205,3.6264,4.3663,10.3492,35.4523,10.102,-13.8844,-0.1036,0.327
1779816508061,2,Pitching Mound.Delivery,,Delivery,pitch.1,336409,7.9493,-0.2358,109.6255,-150.3616,166.3557,-1.2956,-0.1611,0.0975
1779816508061,2,Pitching Mound.Drive,,Delivery,pitch.1,336930,-0.0026,-0.0053,0.0292,0.0127,-0.0572,-0.0021,0.0,0.0
1779816508061,2,Pitching Mound.Parent,,Delivery,pitch.1,336116,7.9467,-0.241,109.6546,-150.349,166.2985,-1.2977,-0.1611,0.0974
1779816508062,2,11.0000004b,Drive,Delivery,pitch.1,336931,-0.0025,-0.0055,0.0292,0.0128,-0.0587,-0.0001,0.0,0.0
1779816508062,2,12.00000015,Lower Delivery,Delivery,pitch.1,336650,4.3032,-4.5982,99.3265,-216.2535,156.2933,12.844,-0.1671,-0.2311
1779816508062,2,12.00000018,Upper Delivery,Delivery,pitch.1,337206,3.6314,4.3765,10.4562,35.7181,10.4052,-13.9571,-0.1056,0.327
1779816508062,2,Pitching Mound.Delivery,,Delivery,pitch.1,336410,7.9346,-0.2218,109.7827,-150.3195,166.6985,-1.3415,-0.1612,0.0973
1779816508062,2,Pitching Mound.Drive,,Delivery,pitch.1,336931,-0.0025,-0.0055,0.0292,0.0128,-0.0587,-0.0001,0.0,0.0
1779816508062,2,Pitching Mound.Parent,,Delivery,pitch.1,336117,7.9321,-0.2273,109.8119,-150.3066,166.6398,-1.3416,-0.1612,0.0972
1779816508063,2,11.0000004b,Drive,Delivery,pitch.1,336932,-0.0007,-0.0018,0.0195,0.0138,-0.0582,-0.0025,0.0,0.0
1779816508063,2,12.00000015,Lower Delivery,Delivery,pitch.1,336651,4.2931,-4.6092,99.2239,-216.0954,156.1972,12.8442,-0.1671,-0.2312
1779816508063,2,12.00000018,Upper Delivery,Delivery,pitch.1,337207,3.6398,4.377,10.4322,35.329,10.5481,-14.0228,-0.1073,0.327
1779816508063,2,Pitching Mound.Delivery,,Delivery,pitch.1,336411,7.933,-0.2322,109.6561,-150.5772,166.7453,-1.4007,-0.1614,0.0972
1779816508063,2,Pitching Mound.Drive,,Delivery,pitch.1,336932,-0.0007,-0.0018,0.0195,0.0138,-0.0582,-0.0025,0.0,0.0
1779816508063,2,Pitching Mound.Parent,,Delivery,pitch.1,336118,7.9323,-0.234,109.6756,-150.5634,166.6871,-1.4032,-0.1614,0.0972
1779816508064,2,11.0000004b,Drive,Delivery,pitch.1,336933,-0.0009,-0.0013,0.0193,0.0138,-0.0591,-0.0013,0.0,0.0
1779816508064,2,12.00000015,Lower Delivery,Delivery,pitch.1,336652,4.3002,-4.6044,99.1563,-216.0611,156.3062,12.8444,-0.1674,-0.2313
1779816508064,2,12.00000018,Upper Delivery,Delivery,pitch.1,337208,3.644,4.383,10.4204,35.4483,10.2598,-14.0274,-0.1045,0.327
1779816508064,2,Pitching Mound.Delivery,,Delivery,pitch.1,336412,7.9441,-0.2214,109.5767,-150.4426,166.566,-1.406,-0.1614,0.0971
1779816508064,2,Pitching Mound.Drive,,Delivery,pitch.1,336933,-0.0009,-0.0013,0.0193,0.0138,-0.0591,-0.0013,0.0,0.0
1779816508064,2,Pitching Mound.Parent,,Delivery,pitch.1,336119,7.9433,-0.2227,109.596,-150.4287,166.5069,-1.4073,-0.1613,0.0971
1779816508065,2,11.0000004b,Drive,Delivery,pitch.1,336934,-0.0008,-0.0013,0.0193,0.0124,-0.0593,0.0015,0.0,0.0
1779816508065,2,12.00000015,Lower Delivery,Delivery,pitch.1,336653,4.2908,-4.5983,99.211,-216.054,156.1822,12.8349,-0.1671,-0.2312
1779816508065,2,12.00000018,Upper Delivery,Delivery,pitch.1,337209,3.6635,4.3827,10.451,35.3304,10.5371,-14.1089,-0.107,0.327
1779816508065,2,Pitching Mound.Delivery,,Delivery,pitch.1,336413,7.9543,-0.2156,109.662,-150.5452,166.7193,-1.4873,-0.1614,0.0972
1779816508065,2,Pitching Mound.Drive,,Delivery,pitch.1,336934,-0.0008,-0.0013,0.0193,0.0124,-0.0593,0.0015,0.0,0.0
1779816508065,2,Pitching Mound.Parent,,Delivery,pitch.1,336120,7.9535,-0.2169,109.6813,-150.5328,166.66,-1.4858,-0.1614,0.0972
1779816508066,2,11.0000004b,Drive,Delivery,pitch.1,336935,-0.0007,-0.0014,0.019,0.0165,-0.0578,0.0044,0.0,0.0
1779816508066,2,12.00000015,Lower Delivery,Delivery,pitch.1,336654,4.2783,-4.6041,99.1337,-215.9782,155.8622,12.8721,-0.1669,-0.2313
1779816508066,2,12.00000018,Upper Delivery,Delivery,pitch.1,337210,3.6795,4.407,10.5083,35.4553,10.7206,-14.1478,-0.1083,0.327
1779816508066,2,Pitching Mound.Delivery,,Delivery,pitch.1,336414,7.9579,-0.1971,109.642,-150.3902,166.5828,-1.4793,-0.1613,0.097
1779816508066,2,Pitching Mound.Drive,,Delivery,pitch.1,336935,-0.0007,-0.0014,0.019,0.0165,-0.0578,0.0044,0.0,0.0
1779816508066,2,Pitching Mound.Parent,,Delivery,pitch.1,336121,7.9572,-0.1984,109.661,-150.3737,166.525,-1.4749,-0.1613,0.097
1779816508067,2,11.0000004b,Drive,Delivery,pitch.1,336936,-0.0006,-0.0012,0.0191,0.0179,-0.0571,0.0055,0.0,0.0
1779816508067,2,12.00000015,Lower Delivery,Delivery,pitch.1,336655,4.2941,-4.5929,99.0582,-215.895,155.9344,12.8537,-0.1671,-0.2314
1779816508067,2,12.00000018,Upper Delivery,Delivery,pitch.1,337211,3.7045,4.4186,10.5566,35.6329,10.854,-14.2033,-0.1092,0.327
1779816508067,2,Pitching Mound.Delivery,,Delivery,pitch.1,336415,7.9986,-0.1743,109.6149,-150.1716,166.7884,-1.5501,-0.1615,0.0969
1779816508067,2,Pitching Mound.Drive,,Delivery,pitch.1,336936,-0.0006,-0.0012,0.0191,0.0179,-0.0571,0.0055,0.0,0.0
1779816508067,2,Pitching Mound.Parent,,Delivery,pitch.1,336122,7.998,-0.1755,109.6339,-150.1537,166.7313,-1.5446,-0.1615,0.0969
1779816508068,2,11.0000004b,Drive,Delivery,pitch.1,336937,-0.0008,-0.0012,0.0191,0.0219,-0.0568,0.0053,0.0,0.0
1779816508068,2,12.00000015,Lower Delivery,Delivery,pitch.1,336656,4.2851,-4.5843,98.936,-215.6324,155.86,12.8399,-0.1672,-0.2314
1779816508068,2,12.00000018,Upper Delivery,Delivery,pitch.1,337212,3.7165,4.432,10.5261,35.9276,10.8723,-14.2098,-0.1097,0.327
1779816508068,2,Pitching Mound.Delivery,,Delivery,pitch.1,336416,8.0016,-0.1523,109.4621,-149.6455,166.7322,-1.5632,-0.1617,0.0969
1779816508068,2,Pitching Mound.Drive,,Delivery,pitch.1,336937,-0.0008,-0.0012,0.0191,0.0219,-0.0568,0.0053,0.0,0.0
1779816508068,2,Pitching Mound.Parent,,Delivery,pitch.1,336123,8.0008,-0.1535,109.4812,-149.6236,166.6755,-1.5579,-0.1617,0.0969
1779816508069,2,11.0000004b,Drive,Delivery,pitch.1,336938,-0.001,-0.0009,0.0187,0.0219,-0.0576,0.0051,0.0,0.0
1779816508069,2,12.00000015,Lower Delivery,Delivery,pitch.1,336657,4.2855,-4.5817,98.7711,-215.4095,155.4529,12.8545,-0.1671,-0.2315
1779816508069,2,12.00000018,Upper Delivery,Delivery,pitch.1,337213,3.724,4.4562,10.5573,35.9504,11.1425,-14.2668,-0.112,0.327
1779816508069,2,Pitching Mound.Delivery,,Delivery,pitch.1,336417,8.0095,-0.1256,109.3284,-149.4664,166.5954,-1.6032,-0.1618,0.0967
1779816508069,2,Pitching Mound.Drive,,Delivery,pitch.1,336938,-0.001,-0.0009,0.0187,0.0219,-0.0576,0.0051,0.0,0.0
1779816508069,2,Pitching Mound.Parent,,Delivery,pitch.1,336124,8.0084,-0.1265,109.3471,-149.4446,166.5378,-1.5981,-0.1617,0.0967
1779816508070,2,11.0000004b,Drive,Delivery,pitch.1,336939,-0.0008,-0.0007,0.0179,0.0191,-0.0564,0.0053,0.0,0.0
1779816508070,2,12.00000015,Lower Delivery,Delivery,pitch.1,336658,4.2711,-4.5758,98.637,-215.2157,155.3702,12.8649,-0.1672,-0.2316
1779816508070,2,12.00000018,Upper Delivery,Delivery,pitch.1,337214,3.73,4.4715,10.5921,36.142,10.7598,-14.3051,-0.1078,0.327
1779816508070,2,Pitching Mound.Delivery,,Delivery,pitch.1,336418,8.0011,-0.1043,109.2292,-149.1384,166.13,-1.6242,-0.1615,0.0966
1779816508070,2,Pitching Mound.Drive,,Delivery,pitch.1,336939,-0.0008,-0.0007,0.0179,0.0191,-0.0564,0.0053,0.0,0.0
1779816508070,2,Pitching Mound.Parent,,Delivery,pitch.1,336125,8.0003,-0.1051,109.2471,-149.1193,166.0736,-1.6189,-0.1614,0.0966
1779816508071,2,11.0000004b,Drive,Delivery,pitch.1,336940,-0.0007,-0.001,0.0179,0.0149,-0.0549,0.0026,0.0,0.0
1779816508071,2,12.00000015,Lower Delivery,Delivery,pitch.1,336659,4.266,-4.577,98.5016,-215.0688,155.268,12.8836,-0.1673,-0.2318
1779816508071,2,12.00000018,Upper Delivery,Delivery,pitch.1,337215,3.7243,4.5046,10.6147,36.3942,10.5309,-14.3371,-0.1053,0.327
1779816508071,2,Pitching Mound.Delivery,,Delivery,pitch.1,336419,7.9903,-0.0724,109.1163,-148.7931,165.7989,-1.6376,-0.1613,0.0964
1779816508071,2,Pitching Mound.Drive,,Delivery,pitch.1,336940,-0.0007,-0.001,0.0179,0.0149,-0.0549,0.0026,0.0,0.0
1779816508071,2,Pitching Mound.Parent,,Delivery,pitch.1,336126,7.9896,-0.0734,109.1342,-148.7781,165.744,-1.635,-0.1613,0.0964
1779816508072,2,11.0000004b,Drive,Delivery,pitch.1,336942,-0.0015,-0.0036,0.0231,0.0175,-0.0571,0.0025,0.0,0.0
1779816508072,2,11.0000004b,Drive,Delivery,pitch.1,336941,-0.0008,-0.001,0.0178,0.0196,-0.0554,0.0022,0.0,0.0
1779816508072,2,12.00000015,Lower Delivery,Delivery,pitch.1,336661,4.261,-4.5855,98.3041,-214.8504,154.9785,12.9181,-0.1674,-0.232
1779816508072,2,12.00000015,Lower Delivery,Delivery,pitch.1,336660,4.2565,-4.5804,98.4244,-214.8922,155.2229,12.914,-0.1674,-0.2318
1779816508072,2,12.00000018,Upper Delivery,Delivery,pitch.1,337216,3.7345,4.5084,10.5871,36.2664,10.4351,-14.3583,-0.1046,0.327
1779816508072,2,Pitching Mound.Delivery,,Delivery,pitch.1,336420,7.991,-0.072,109.0116,-148.7611,165.658,-1.6218,-0.1613,0.0964
1779816508072,2,Pitching Mound.Drive,,Delivery,pitch.1,336942,-0.0015,-0.0036,0.0231,0.0175,-0.0571,0.0025,0.0,0.0
1779816508072,2,Pitching Mound.Drive,,Delivery,pitch.1,336941,-0.0008,-0.001,0.0178,0.0196,-0.0554,0.0022,0.0,0.0
1779816508072,2,Pitching Mound.Parent,,Delivery,pitch.1,336127,7.9903,-0.073,109.0293,-148.7415,165.6026,-1.6195,-0.1613,0.0964
1779816508073,2,11.0000004b,Drive,Delivery,pitch.1,336943,-0.0028,-0.0076,0.0326,0.0304,-0.0531,0.0052,0.0,0.0
1779816508073,2,12.00000018,Upper Delivery,Delivery,pitch.1,337217,3.7402,4.5149,10.6686,36.471,10.5435,-14.3885,-0.1049,0.327
1779816508073,2,Pitching Mound.Delivery,,Delivery,pitch.1,336421,8.0012,-0.0706,108.9727,-148.5834,165.522,-1.6474,-0.1613,0.0961
1779816508073,2,Pitching Mound.Drive,,Delivery,pitch.1,336943,-0.0028,-0.0076,0.0326,0.0304,-0.0531,0.0052,0.0,0.0
1779816508073,2,Pitching Mound.Parent,,Delivery,pitch.1,336128,7.9997,-0.0742,108.9959,-148.5659,165.4649,-1.6449,-0.1612,0.0961
1779816508074,2,12.00000015,Lower Delivery,Delivery,pitch.1,336662,4.2537,-4.5705,98.1862,-214.9358,154.7909,12.9764,-0.1674,-0.2324
1779816508074,2,12.00000018,Upper Delivery,Delivery,pitch.1,337218,3.7566,4.532,10.6977,36.3981,10.793,-14.4248,-0.1071,0.327
1779816508074,2,Pitching Mound.Delivery,,Delivery,pitch.1,336422,8.0103,-0.0385,108.8839,-148.7916,165.584,-1.6174,-0.1614,0.0958
1779816508074,2,Pitching Mound.Parent,,Delivery,pitch.1,336129,8.0075,-0.0461,108.9164,-148.7613,165.5309,-1.6122,-0.1614,0.0957
1779816508075,2,11.0000004b,Drive,Delivery,pitch.1,336944,-0.0032,-0.0091,0.0353,0.0316,-0.0542,0.0052,0.0,0.0
1779816508075,2,12.00000015,Lower Delivery,Delivery,pitch.1,336663,4.2271,-4.5688,98.1756,-214.8485,154.5912,12.9784,-0.1672,-0.2323
1779816508075,2,12.00000018,Upper Delivery,Delivery,pitch.1,337219,3.7698,4.514,10.732,36.1873,11.0367,-14.4501,-0.1092,0.327
1779816508075,2,Pitching Mound.Delivery,,Delivery,pitch.1,336423,7.997,-0.0548,108.9076,-148.9304,165.6279,-1.6272,-0.1615,0.0958
1779816508075,2,Pitching Mound.Drive,,Delivery,pitch.1,336944,-0.0032,-0.0091,0.0353,0.0316,-0.0542,0.0052,0.0,0.0
1779816508075,2,Pitching Mound.Parent,,Delivery,pitch.1,336130,7.9938,-0.0639,108.9429,-148.8989,165.5737,-1.622,-0.1614,0.0958
1779816508076,2,11.0000004b,Drive,Delivery,pitch.1,336945,-0.0032,-0.0097,0.0363,0.0295,-0.0532,0.0046,0.0,0.0
1779816508076,2,12.00000015,Lower Delivery,Delivery,pitch.1,336664,4.2009,-4.5811,98.1528,-215.0854,154.3338,13.0139,-0.1669,-0.2326
1779816508076,2,12.00000015,Lower Delivery,Delivery,pitch.1,336665,4.2074,-4.5647,98.0671,-215.1579,154.2745,12.9949,-0.167,-0.2329
1779816508076,2,12.00000018,Upper Delivery,Delivery,pitch.1,337220,3.7685,4.5135,10.7743,36.4153,10.8501,-14.4626,-0.1069,0.327
1779816508076,2,Pitching Mound.Delivery,,Delivery,pitch.1,336424,7.9694,-0.0675,108.9271,-148.9614,165.1838,-1.5958,-0.161,0.0955
1779816508076,2,Pitching Mound.Drive,,Delivery,pitch.1,336945,-0.0032,-0.0097,0.0363,0.0295,-0.0532,0.0046,0.0,0.0
1779816508076,2,Pitching Mound.Parent,,Delivery,pitch.1,336131,7.9663,-0.0772,108.9634,-148.9319,165.1306,-1.5911,-0.1609,0.0954
1779816508077,2,11.0000004b,Drive,Delivery,pitch.1,336946,-0.0034,-0.0117,0.0404,0.0331,-0.0512,0.0042,0.0,0.0
1779816508077,2,12.00000018,Upper Delivery,Delivery,pitch.1,337221,3.786,4.5238,10.838,36.3111,11.1205,-14.4886,-0.1089,0.327
1779816508077,2,Pitching Mound.Delivery,,Delivery,pitch.1,336425,7.9935,-0.0409,108.905,-149.189,165.395,-1.6369,-0.1612,0.0951
1779816508077,2,Pitching Mound.Drive,,Delivery,pitch.1,336946,-0.0034,-0.0117,0.0404,0.0331,-0.0512,0.0042,0.0,0.0
1779816508077,2,Pitching Mound.Parent,,Delivery,pitch.1,336132,7.9901,-0.0526,108.9455,-149.1559,165.3438,-1.6327,-0.1612,0.0951
1779816508078,2,11.0000004b,Drive,Delivery,pitch.1,336947,-0.0028,-0.0094,0.0353,0.0311,-0.0526,0.0049,0.0,0.0
1779816508078,2,12.00000015,Lower Delivery,Delivery,pitch.1,336666,4.1777,-4.5765,98.0158,-215.2797,153.8351,13.0297,-0.1666,-0.2332
1779816508078,2,12.00000015,Lower Delivery,Delivery,pitch.1,336667,4.1579,-4.5681,98.0076,-215.1945,153.5528,13.0463,-0.1663,-0.2331
1779816508078,2,12.00000018,Upper Delivery,Delivery,pitch.1,337222,3.7982,4.5143,10.8821,36.2876,11.1114,-14.5118,-0.1084,0.327
1779816508078,2,Pitching Mound.Delivery,,Delivery,pitch.1,336426,7.9759,-0.0622,108.898,-149.3666,164.9465,-1.6112,-0.1608,0.0949
1779816508078,2,Pitching Mound.Drive,,Delivery,pitch.1,336947,-0.0028,-0.0094,0.0353,0.0311,-0.0526,0.0049,0.0,0.0
1779816508078,2,Pitching Mound.Parent,,Delivery,pitch.1,336133,7.9731,-0.0716,108.9332,-149.3355,164.8939,-1.6062,-0.1608,0.0948
1779816508079,2,11.0000004b,Drive,Delivery,pitch.1,336948,-0.0028,-0.0103,0.0366,0.0325,-0.0517,0.0023,0.0,0.0
1779816508079,2,12.00000015,Lower Delivery,Delivery,pitch.1,336668,4.1499,-4.5629,98.0156,-215.1593,153.2961,13.0597,-0.166,-0.233
1779816508079,2,12.00000018,Upper Delivery,Delivery,pitch.1,337223,3.8003,4.5225,10.9166,35.9153,11.2038,-14.5701,-0.109,0.327
1779816508079,2,Pitching Mound.Delivery,,Delivery,pitch.1,336427,7.9582,-0.0456,108.9242,-149.6682,164.7566,-1.6454,-0.1606,0.0949
1779816508079,2,Pitching Mound.Drive,,Delivery,pitch.1,336948,-0.0028,-0.0103,0.0366,0.0325,-0.0517,0.0023,0.0,0.0
1779816508079,2,Pitching Mound.Parent,,Delivery,pitch.1,336134,7.9553,-0.056,108.9608,-149.6357,164.7049,-1.6431,-0.1605,0.0949
1779816508080,2,11.0000004b,Drive,Delivery,pitch.1,336949,-0.0029,-0.0105,0.0374,0.0345,-0.0514,0.0035,0.0,0.0
1779816508080,2,12.00000015,Lower Delivery,Delivery,pitch.1,336669,4.1087,-4.5736,98.0105,-215.2249,153.0665,13.0719,-0.1658,-0.2331
1779816508080,2,12.00000018,Upper Delivery,Delivery,pitch.1,337224,3.8008,4.4946,10.8708,36.1451,10.9752,-14.5811,-0.1072,0.327
1779816508080,2,Pitching Mound.Delivery,,Delivery,pitch.1,336428,7.9506,-0.0683,108.8864,-149.3849,164.2713,-1.6401,-0.1602,0.095
1779816508080,2,Pitching Mound.Drive,,Delivery,pitch.1,336949,-0.0029,-0.0105,0.0374,0.0345,-0.0514,0.0035,0.0,0.0
1779816508080,2,Pitching Mound.Parent,,Delivery,pitch.1,336135,7.9478,-0.0788,108.9238,-149.3504,164.2198,-1.6367,-0.1601,0.095
1779816508081,2,11.0000004b,Drive,Delivery,pitch.1,336950,-0.0028,-0.0101,0.0366,0.0367,-0.0501,0.003,0.0,0.0
1779816508081,2,12.00000018,Upper Delivery,Delivery,pitch.1,337225,3.8134,4.4888,10.9716,36.2229,11.3006,-14.6289,-0.1093,0.327
1779816508081,2,Pitching Mound.Delivery,,Delivery,pitch.1,336429,7.9221,-0.0848,108.982,-149.4087,164.367,-1.6574,-0.1601,0.0948
1779816508081,2,Pitching Mound.Drive,,Delivery,pitch.1,336950,-0.0028,-0.0101,0.0366,0.0367,-0.0501,0.003,0.0,0.0
1779816508081,2,Pitching Mound.Parent,,Delivery,pitch.1,336136,7.9193,-0.0949,109.0187,-149.372,164.3169,-1.6544,-0.1601,0.0948
1779816508082,2,11.0000004b,Drive,Delivery,pitch.1,336951,-0.003,-0.0091,0.0352,0.0426,-0.0505,0.0035,0.0,0.0
1779816508082,2,12.00000015,Lower Delivery,Delivery,pitch.1,336670,4.1216,-4.5723,97.9472,-215.1875,152.9226,13.0988,-0.1657,-0.2332
1779816508082,2,12.00000018,Upper Delivery,Delivery,pitch.1,337226,3.8305,4.4647,10.9494,36.3813,11.1423,-14.6539,-0.108,0.327
1779816508082,2,Pitching Mound.Delivery,,Delivery,pitch.1,336430,7.9521,-0.1077,108.8966,-149.2269,164.0649,-1.6541,-0.1599,0.0947
1779816508082,2,Pitching Mound.Drive,,Delivery,pitch.1,336951,-0.003,-0.0091,0.0352,0.0426,-0.0505,0.0035,0.0,0.0
1779816508082,2,Pitching Mound.Parent,,Delivery,pitch.1,336137,7.9492,-0.1167,108.9318,-149.1843,164.0144,-1.6506,-0.1599,0.0947
1779816508083,2,11.0000004b,Drive,Delivery,pitch.1,336952,-0.0028,-0.0089,0.0347,0.0389,-0.051,0.0044,0.0,0.0
1779816508083,2,12.00000015,Lower Delivery,Delivery,pitch.1,336671,4.1436,-4.563,97.9319,-215.2121,152.9951,13.1001,-0.1659,-0.2333
1779816508083,2,12.00000018,Upper Delivery,Delivery,pitch.1,337227,3.8257,4.4627,11.01,36.5441,11.0375,-14.6967,-0.1064,0.327
1779816508083,2,Pitching Mound.Delivery,,Delivery,pitch.1,336431,7.9693,-0.1003,108.9419,-149.1145,164.0326,-1.7047,-0.1598,0.0946
1779816508083,2,Pitching Mound.Drive,,Delivery,pitch.1,336952,-0.0028,-0.0089,0.0347,0.0389,-0.051,0.0044,0.0,0.0
1779816508083,2,Pitching Mound.Parent,,Delivery,pitch.1,336138,7.9666,-0.1092,108.9767,-149.0756,163.9816,-1.7003,-0.1598,0.0946
1779816508084,2,11.0000004b,Drive,Delivery,pitch.1,336953,-0.0017,-0.0056,0.0267,0.0353,-0.051,0.0006,0.0,0.0
1779816508084,2,12.00000015,Lower Delivery,Delivery,pitch.1,336672,4.1349,-4.5724,97.8204,-215.0227,152.7465,13.1054,-0.1658,-0.2334
1779816508084,2,12.00000018,Upper Delivery,Delivery,pitch.1,337228,3.8409,4.4382,11.0263,36.4724,11.0316,-14.7333,-0.1062,0.327
1779816508084,2,Pitching Mound.Delivery,,Delivery,pitch.1,336432,7.9758,-0.1342,108.8467,-149.0402,163.7781,-1.7279,-0.1597,0.0945
1779816508084,2,Pitching Mound.Drive,,Delivery,pitch.1,336953,-0.0017,-0.0056,0.0267,0.0353,-0.051,0.0006,0.0,0.0
1779816508084,2,Pitching Mound.Parent,,Delivery,pitch.1,336139,7.9741,-0.1398,108.8735,-149.0049,163.7272,-1.7273,-0.1597,0.0945
1779816508085,2,11.0000004b,Drive,Delivery,pitch.1,336954,-0.0013,-0.004,0.0236,0.0227,-0.0551,0.0029,0.0,0.0
1779816508085,2,11.0000004b,Drive,Delivery,pitch.1,336955,-0.0012,-0.0043,0.0233,0.0155,-0.0563,0.0025,0.0,0.0
1779816508085,2,12.00000015,Lower Delivery,Delivery,pitch.1,336673,4.106,-4.5716,97.7999,-214.8574,152.4619,13.1051,-0.1655,-0.2332
1779816508085,2,12.00000015,Lower Delivery,Delivery,pitch.1,336674,4.1006,-4.5778,97.7051,-214.8578,152.2883,13.1274,-0.1655,-0.2335
1779816508085,2,12.00000018,Upper Delivery,Delivery,pitch.1,337229,3.8599,4.4156,11.0464,36.8444,10.8405,-14.7657,-0.1042,0.327
1779816508085,2,Pitching Mound.Delivery,,Delivery,pitch.1,336433,7.9659,-0.156,108.8463,-148.5168,163.3024,-1.7443,-0.1593,0.0946
1779816508085,2,Pitching Mound.Drive,,Delivery,pitch.1,336954,-0.0013,-0.004,0.0236,0.0227,-0.0551,0.0029,0.0,0.0
1779816508085,2,Pitching Mound.Drive,,Delivery,pitch.1,336955,-0.0012,-0.0043,0.0233,0.0155,-0.0563,0.0025,0.0,0.0
1779816508085,2,Pitching Mound.Parent,,Delivery,pitch.1,336140,7.9646,-0.1601,108.8699,-148.4941,163.2473,-1.7414,-0.1592,0.0946
1779816508086,2,12.00000018,Upper Delivery,Delivery,pitch.1,337230,3.8609,4.4279,11.0451,37.2038,10.7976,-14.7981,-0.1038,0.327
1779816508086,2,Pitching Mound.Delivery,,Delivery,pitch.1,336434,7.9615,-0.15,108.7502,-148.1895,163.0859,-1.7522,-0.1592,0.0944
1779816508086,2,Pitching Mound.Parent,,Delivery,pitch.1,336141,7.9604,-0.1543,108.7735,-148.174,163.0296,-1.7497,-0.1592,0.0944
1779816508087,2,11.0000004b,Drive,Delivery,pitch.1,336956,-0.001,-0.0047,0.0234,0.0127,-0.0554,0.0046,0.0,0.0
1779816508087,2,12.00000015,Lower Delivery,Delivery,pitch.1,336675,4.0839,-4.5727,97.5628,-214.6715,152.3618,13.1212,-0.1658,-0.2336
1779816508087,2,12.00000015,Lower Delivery,Delivery,pitch.1,336676,4.0679,-4.5705,97.4636,-214.3027,152.2617,13.1816,-0.1659,-0.2334
1779816508087,2,12.00000018,Upper Delivery,Delivery,pitch.1,337231,3.8821,4.4332,11.121,37.4342,10.9366,-14.8603,-0.1044,0.327
1779816508087,2,Pitching Mound.Delivery,,Delivery,pitch.1,336435,7.966,-0.1395,108.6838,-147.8471,163.2984,-1.8077,-0.1595,0.0942
1779816508087,2,Pitching Mound.Drive,,Delivery,pitch.1,336956,-0.001,-0.0047,0.0234,0.0127,-0.0554,0.0046,0.0,0.0
1779816508087,2,Pitching Mound.Parent,,Delivery,pitch.1,336142,7.965,-0.1442,108.7072,-147.8344,163.243,-1.8031,-0.1595,0.0942
1779816508088,2,11.0000004b,Drive,Delivery,pitch.1,336957,-0.0004,-0.0019,0.0179,0.0154,-0.0573,0.004,0.0,0.0
1779816508088,2,11.0000004b,Drive,Delivery,pitch.1,336958,-0.0015,-0.0054,0.0261,0.0132,-0.0566,0.0043,0.0,0.0
1779816508088,2,12.00000015,Lower Delivery,Delivery,pitch.1,336677,4.0565,-4.5596,97.4049,-214.2788,152.0867,13.1937,-0.1658,-0.2335
1779816508088,2,12.00000018,Upper Delivery,Delivery,pitch.1,337232,3.9013,4.4166,11.1476,37.4924,11.2255,-14.9226,-0.1069,0.327
1779816508088,2,Pitching Mound.Delivery,,Delivery,pitch.1,336436,7.9692,-0.1538,108.6112,-147.463,163.4872,-1.7977,-0.1598,0.0943
1779816508088,2,Pitching Mound.Drive,,Delivery,pitch.1,336957,-0.0004,-0.0019,0.0179,0.0154,-0.0573,0.004,0.0,0.0
1779816508088,2,Pitching Mound.Drive,,Delivery,pitch.1,336958,-0.0015,-0.0054,0.0261,0.0132,-0.0566,0.0043,0.0,0.0
1779816508088,2,Pitching Mound.Parent,,Delivery,pitch.1,336143,7.9688,-0.1557,108.629,-147.4476,163.4299,-1.7936,-0.1598,0.0943
1779816508089,2,11.0000004b,Drive,Delivery,pitch.1,336959,-0.0009,-0.0038,0.022,0.0105,-0.0563,0.0078,0.0,0.0
1779816508089,2,12.00000018,Upper Delivery,Delivery,pitch.1,337233,3.901,4.4202,11.1617,37.6443,11.0923,-14.9682,-0.1055,0.327
1779816508089,2,Pitching Mound.Delivery,,Delivery,pitch.1,336437,7.9575,-0.1393,108.5666,-147.3118,163.179,-1.8273,-0.1596,0.0942
1779816508089,2,Pitching Mound.Drive,,Delivery,pitch.1,336959,-0.0009,-0.0038,0.022,0.0105,-0.0563,0.0078,0.0,0.0
1779816508089,2,Pitching Mound.Parent,,Delivery,pitch.1,336144,7.956,-0.1447,108.5927,-147.2985,163.1224,-1.823,-0.1595,0.0942
1779816508090,2,11.0000004b,Drive,Delivery,pitch.1,336960,-0.0009,-0.0042,0.0228,0.011,-0.0558,0.0071,0.0,0.0
1779816508090,2,12.00000015,Lower Delivery,Delivery,pitch.1,336678,4.0659,-4.5695,97.2867,-214.0978,151.9723,13.1772,-0.1658,-0.2336
1779816508090,2,12.00000018,Upper Delivery,Delivery,pitch.1,337234,3.9163,4.4259,11.199,37.9908,10.8175,-14.9701,-0.1025,0.327
1779816508090,2,Pitching Mound.Delivery,,Delivery,pitch.1,336438,7.9822,-0.1436,108.4856,-146.8372,162.7898,-1.8437,-0.1593,0.094
1779816508090,2,Pitching Mound.Drive,,Delivery,pitch.1,336960,-0.0009,-0.0042,0.0228,0.011,-0.0558,0.0071,0.0,0.0
1779816508090,2,Pitching Mound.Parent,,Delivery,pitch.1,336145,7.9813,-0.1474,108.5077,-146.8267,162.7335,-1.8359,-0.1593,0.094
1779816508091,2,11.0000004b,Drive,Delivery,pitch.1,336961,0.0003,-0.0007,0.0144,0.0106,-0.056,0.0076,0.0,0.0
1779816508091,2,12.00000015,Lower Delivery,Delivery,pitch.1,336679,4.0716,-4.5612,97.2334,-214.1514,151.9087,13.1965,-0.1659,-0.2338
1779816508091,2,12.00000015,Lower Delivery,Delivery,pitch.1,336680,4.0753,-4.5678,97.1475,-214.0581,151.66,13.2615,-0.1657,-0.2339
1779816508091,2,12.00000018,Upper Delivery,Delivery,pitch.1,337236,3.9281,4.4477,11.1789,37.9245,10.7446,-15.0003,-0.102,0.327
1779816508091,2,12.00000018,Upper Delivery,Delivery,pitch.1,337235,3.9211,4.4344,11.1029,37.9366,10.6531,-14.9763,-0.1019,0.327
1779816508091,2,Pitching Mound.Delivery,,Delivery,pitch.1,336439,7.9927,-0.1268,108.3363,-146.9303,162.5618,-1.831,-0.1593,0.094
1779816508091,2,Pitching Mound.Delivery,,Delivery,pitch.1,336440,8.0034,-0.1201,108.3263,-146.9043,162.4046,-1.7889,-0.1592,0.0938
1779816508091,2,Pitching Mound.Drive,,Delivery,pitch.1,336961,0.0003,-0.0007,0.0144,0.0106,-0.056,0.0076,0.0,0.0
1779816508091,2,Pitching Mound.Parent,,Delivery,pitch.1,336146,7.9918,-0.1311,108.3591,-146.9193,162.506,-1.8239,-0.1593,0.094
1779816508091,2,Pitching Mound.Parent,,Delivery,pitch.1,336147,8.0037,-0.1208,108.3407,-146.8937,162.3486,-1.7813,-0.1591,0.0938
1779816508092,2,11.0000004b,Drive,Delivery,pitch.1,336962,0.0006,-0.0005,0.0139,0.0115,-0.0547,0.0065,0.0,0.0
1779816508092,2,12.00000015,Lower Delivery,Delivery,pitch.1,336681,4.0474,-4.5842,97.0551,-213.8957,151.4158,13.2437,-0.1656,-0.234
1779816508092,2,Pitching Mound.Drive,,Delivery,pitch.1,336962,0.0006,-0.0005,0.0139,0.0115,-0.0547,0.0065,0.0,0.0
1779816508093,2,11.0000004b,Drive,Delivery,pitch.1,336963,0.0001,-0.0021,0.0181,0.0126,-0.0524,0.0062,0.0,0.0
1779816508093,2,12.00000018,Upper Delivery,Delivery,pitch.1,337237,3.9374,4.4734,11.1583,37.7447,10.7307,-15.0144,-0.1021,0.327
1779816508093,2,Pitching Mound.Delivery,,Delivery,pitch.1,336441,7.9848,-0.1108,108.2134,-146.9461,162.1465,-1.8081,-0.1591,0.0938
1779816508093,2,Pitching Mound.Drive,,Delivery,pitch.1,336963,0.0001,-0.0021,0.0181,0.0126,-0.0524,0.0062,0.0,0.0
1779816508093,2,Pitching Mound.Parent,,Delivery,pitch.1,336148,7.9853,-0.1113,108.2273,-146.9346,162.0918,-1.8016,-0.1591,0.0937
1779816508094,2,11.0000004b,Drive,Delivery,pitch.1,336964,-0.0004,-0.0043,0.022,0.0146,-0.0519,0.0067,0.0,0.0
1779816508094,2,12.00000015,Lower Delivery,Delivery,pitch.1,336682,4.041,-4.5953,97.0282,-213.8885,151.1894,13.2902,-0.1654,-0.234
1779816508094,2,12.00000015,Lower Delivery,Delivery,pitch.1,336683,4.0468,-4.5939,97.0103,-213.8781,151.1015,13.24,-0.1654,-0.2341
1779816508094,2,12.00000018,Upper Delivery,Delivery,pitch.1,337238,3.9539,4.5019,11.2738,38.1385,10.7614,-15.0739,-0.1013,0.327
1779816508094,2,12.00000018,Upper Delivery,Delivery,pitch.1,337239,3.9463,4.5194,11.3111,37.8477,10.8698,-15.0884,-0.102,0.327
1779816508094,2,Pitching Mound.Delivery,,Delivery,pitch.1,336442,7.9949,-0.0934,108.302,-146.5935,161.9508,-1.8133,-0.1588,0.0936
1779816508094,2,Pitching Mound.Delivery,,Delivery,pitch.1,336443,7.9931,-0.0745,108.3214,-146.8926,161.9713,-1.8826,-0.1587,0.0935
1779816508094,2,Pitching Mound.Drive,,Delivery,pitch.1,336964,-0.0004,-0.0043,0.022,0.0146,-0.0519,0.0067,0.0,0.0
1779816508094,2,Pitching Mound.Parent,,Delivery,pitch.1,336149,7.995,-0.0955,108.3201,-146.5808,161.8984,-1.8071,-0.1587,0.0936
1779816508094,2,Pitching Mound.Parent,,Delivery,pitch.1,336150,7.9927,-0.0787,108.3434,-146.878,161.9194,-1.8759,-0.1587,0.0935
1779816508095,2,11.0000004b,Drive,Delivery,pitch.1,336965,-0.0014,-0.0069,0.0286,0.0147,-0.0518,0.005,0.0,0.0
1779816508095,2,12.00000015,Lower Delivery,Delivery,pitch.1,336684,4.0564,-4.5942,96.8482,-213.8262,150.8384,13.2864,-0.1653,-0.2344
1779816508095,2,12.00000018,Upper Delivery,Delivery,pitch.1,337240,3.9559,4.5388,11.3408,37.82,11.1185,-15.13,-0.1041,0.327
1779816508095,2,Pitching Mound.Delivery,,Delivery,pitch.1,336444,8.0123,-0.0554,108.189,-146.9338,161.9569,-1.8778,-0.1589,0.0932
1779816508095,2,Pitching Mound.Drive,,Delivery,pitch.1,336965,-0.0014,-0.0069,0.0286,0.0147,-0.0518,0.005,0.0,0.0
1779816508095,2,Pitching Mound.Parent,,Delivery,pitch.1,336151,8.0109,-0.0623,108.2176,-146.9191,161.9051,-1.8727,-0.1589,0.0932
1779816508096,2,11.0000004b,Drive,Delivery,pitch.1,336966,-0.0007,-0.0044,0.0227,0.0146,-0.0496,0.0044,0.0,0.0
1779816508096,2,12.00000018,Upper Delivery,Delivery,pitch.1,337241,3.9554,4.5527,11.4275,37.8065,11.0538,-15.1623,-0.1027,0.327
1779816508096,2,Pitching Mound.Drive,,Delivery,pitch.1,336966,-0.0007,-0.0044,0.0227,0.0146,-0.0496,0.0044,0.0,0.0
1779816508097,2,11.0000004b,Drive,Delivery,pitch.1,336967,-0.0016,-0.0068,0.028,0.0159,-0.0531,0.0059,0.0,0.0
1779816508097,2,12.00000015,Lower Delivery,Delivery,pitch.1,336685,4.0395,-4.5834,96.8937,-213.8174,150.6564,13.3186,-0.1651,-0.2343
1779816508097,2,12.00000015,Lower Delivery,Delivery,pitch.1,336686,4.0544,-4.5834,96.8553,-213.8596,150.3524,13.3341,-0.1648,-0.2344
1779816508097,2,Pitching Mound.Delivery,,Delivery,pitch.1,336445,7.9949,-0.0307,108.3212,-146.9525,161.7102,-1.8723,-0.1585,0.0932
1779816508097,2,Pitching Mound.Drive,,Delivery,pitch.1,336967,-0.0016,-0.0068,0.028,0.0159,-0.0531,0.0059,0.0,0.0
1779816508097,2,Pitching Mound.Parent,,Delivery,pitch.1,336152,7.9943,-0.0351,108.3439,-146.9379,161.6606,-1.8679,-0.1585,0.0932
1779816508098,2,11.0000004b,Drive,Delivery,pitch.1,336968,-0.0026,-0.0108,0.0364,0.0161,-0.0514,0.0082,0.0,0.0
1779816508098,2,12.00000015,Lower Delivery,Delivery,pitch.1,336687,4.0626,-4.5727,96.8123,-213.8758,150.1978,13.2934,-0.1647,-0.2345
1779816508098,2,12.00000018,Upper Delivery,Delivery,pitch.1,337242,3.9581,4.5431,11.4849,38.1801,10.8486,-15.2137,-0.1003,0.327
1779816508098,2,Pitching Mound.Delivery,,Delivery,pitch.1,336446,8.0126,-0.0402,108.3402,-146.6536,161.2011,-1.9123,-0.158,0.093
1779816508098,2,Pitching Mound.Drive,,Delivery,pitch.1,336968,-0.0026,-0.0108,0.0364,0.0161,-0.0514,0.0082,0.0,0.0
1779816508098,2,Pitching Mound.Parent,,Delivery,pitch.1,336153,8.011,-0.0471,108.3682,-146.6377,161.148,-1.9064,-0.1579,0.093
1779816508099,2,11.0000004b,Drive,Delivery,pitch.1,336969,-0.0027,-0.0111,0.0362,0.0149,-0.0522,0.0073,0.0,0.0
1779816508099,2,12.00000015,Lower Delivery,Delivery,pitch.1,336688,4.0709,-4.5752,96.7541,-213.8699,149.9695,13.309,-0.1646,-0.2347
1779816508099,2,12.00000018,Upper Delivery,Delivery,pitch.1,337243,3.9661,4.5417,11.4769,38.1051,11.0646,-15.2236,-0.1023,0.327
1779816508099,2,Pitching Mound.Delivery,,Delivery,pitch.1,336447,8.0287,-0.0311,108.2892,-146.7566,161.2624,-1.9631,-0.1581,0.0929
1779816508099,2,Pitching Mound.Drive,,Delivery,pitch.1,336969,-0.0027,-0.0111,0.0362,0.0149,-0.0522,0.0073,0.0,0.0
1779816508099,2,Pitching Mound.Parent,,Delivery,pitch.1,336154,8.0261,-0.0419,108.3256,-146.7405,161.211,-1.9548,-0.158,0.0929
1779816508100,2,11.0000004b,Drive,Delivery,pitch.1,336970,-0.0033,-0.013,0.0401,0.0145,-0.0526,0.0047,0.0,0.0
1779816508100,2,12.00000015,Lower Delivery,Delivery,pitch.1,336689,4.0696,-4.5642,96.6839,-213.8957,149.7744,13.3104,-0.1645,-0.2349
1779816508100,2,12.00000018,Upper Delivery,Delivery,pitch.1,337244,3.9757,4.5652,11.6229,38.6735,11.3216,-15.2929,-0.1034,0.327
1779816508100,2,Pitching Mound.Delivery,,Delivery,pitch.1,336448,8.0466,-0.01,108.377,-146.2518,161.2911,-2.0162,-0.158,0.0926
1779816508100,2,Pitching Mound.Drive,,Delivery,pitch.1,336970,-0.0033,-0.013,0.0401,0.0145,-0.0526,0.0047,0.0,0.0
1779816508100,2,Pitching Mound.Parent,,Delivery,pitch.1,336155,8.0439,-0.0211,108.4132,-146.2369,161.2389,-2.0089,-0.1579,0.0926
1779816508101,2,11.0000004b,Drive,Delivery,pitch.1,336971,-0.0036,-0.014,0.0424,0.0121,-0.0534,0.0055,0.0,0.0
1779816508101,2,12.00000015,Lower Delivery,Delivery,pitch.1,336690,4.0765,-4.5385,96.5649,-213.7884,149.5979,13.2998,-0.1645,-0.235
1779816508101,2,12.00000018,Upper Delivery,Delivery,pitch.1,337246,4.0071,4.6156,11.7079,38.5818,11.6832,-15.3777,-0.1059,0.327
1779816508101,2,12.00000018,Upper Delivery,Delivery,pitch.1,337245,3.9869,4.5895,11.6586,38.6367,11.1888,-15.3533,-0.1019,0.327
1779816508101,2,Pitching Mound.Delivery,,Delivery,pitch.1,336450,8.0836,0.0772,108.2728,-146.3552,161.281,-2.1015,-0.1581,0.0922
1779816508101,2,Pitching Mound.Delivery,,Delivery,pitch.1,336449,8.0565,0.0253,108.3425,-146.3504,160.9632,-2.071,-0.1577,0.0924
1779816508101,2,Pitching Mound.Drive,,Delivery,pitch.1,336971,-0.0036,-0.014,0.0424,0.0121,-0.0534,0.0055,0.0,0.0
1779816508101,2,Pitching Mound.Parent,,Delivery,pitch.1,336157,8.08,0.0632,108.3152,-146.3431,161.2277,-2.096,-0.1581,0.0922
1779816508101,2,Pitching Mound.Parent,,Delivery,pitch.1,336156,8.0532,0.0123,108.3826,-146.3359,160.9106,-2.0663,-0.1577,0.0924
1779816508102,2,11.0000004b,Drive,Delivery,pitch.1,336972,-0.0025,-0.0094,0.0336,0.0127,-0.0542,0.0064,0.0,0.0
1779816508102,2,12.00000015,Lower Delivery,Delivery,pitch.1,336691,4.0569,-4.5362,96.4806,-213.8245,149.4218,13.2984,-0.1644,-0.2353
1779816508102,2,Pitching Mound.Drive,,Delivery,pitch.1,336972,-0.0025,-0.0094,0.0336,0.0127,-0.0542,0.0064,0.0,0.0
1779816508103,2,11.0000004b,Drive,Delivery,pitch.1,336973,-0.0029,-0.0099,0.0355,0.0128,-0.0556,0.0072,0.0,0.0
1779816508103,2,12.00000015,Lower Delivery,Delivery,pitch.1,336692,4.0491,-4.5149,96.4087,-213.6455,149.3205,13.3293,-0.1644,-0.2353
1779816508103,2,12.00000018,Upper Delivery,Delivery,pitch.1,337247,4.0201,4.6263,11.6464,38.7164,11.8858,-15.4112,-0.1083,0.327
1779816508103,2,12.00000018,Upper Delivery,Delivery,pitch.1,337248,4.0388,4.6349,11.6723,38.6062,11.972,-15.4312,-0.1089,0.327
1779816508103,2,Pitching Mound.Delivery,,Delivery,pitch.1,336451,8.077,0.09,108.127,-146.2645,161.3076,-2.1253,-0.1584,0.092
1779816508103,2,Pitching Mound.Delivery,,Delivery,pitch.1,336452,8.0878,0.12,108.081,-146.2289,161.2925,-2.1054,-0.1584,0.092
1779816508103,2,Pitching Mound.Drive,,Delivery,pitch.1,336973,-0.0029,-0.0099,0.0355,0.0128,-0.0556,0.0072,0.0,0.0
1779816508103,2,Pitching Mound.Parent,,Delivery,pitch.1,336158,8.0744,0.0806,108.1606,-146.2518,161.2533,-2.1188,-0.1583,0.092
1779816508103,2,Pitching Mound.Parent,,Delivery,pitch.1,336159,8.0849,0.1101,108.1164,-146.2162,161.2368,-2.0982,-0.1584,0.092
1779816508104,2,11.0000004b,Drive,Delivery,pitch.1,336974,-0.0033,-0.0061,0.0297,0.0119,-0.0561,0.0054,0.0,0.0
1779816508104,2,12.00000015,Lower Delivery,Delivery,pitch.1,336693,4.0449,-4.5001,96.2979,-213.5215,149.324,13.3312,-0.1646,-0.2354
1779816508104,2,Pitching Mound.Drive,,Delivery,pitch.1,336974,-0.0033,-0.0061,0.0297,0.0119,-0.0561,0.0054,0.0,0.0
1779816508105,2,11.0000004b,Drive,Delivery,pitch.1,336975,-0.0053,-0.0027,0.0252,0.0113,-0.0595,0.0043,0.0,0.0
1779816508105,2,12.00000015,Lower Delivery,Delivery,pitch.1,336694,4.0373,-4.489,96.2046,-213.296,149.2785,13.3664,-0.1647,-0.2354
1779816508105,2,12.00000018,Upper Delivery,Delivery,pitch.1,337249,4.0571,4.6308,11.6834,38.7671,12.1791,-15.4963,-0.1107,0.327
1779816508105,2,12.00000018,Upper Delivery,Delivery,pitch.1,337250,4.0829,4.6364,11.6771,38.6969,12.375,-15.5101,-0.1125,0.327
1779816508105,2,Pitching Mound.Delivery,,Delivery,pitch.1,336453,8.1021,0.1306,107.9813,-145.9855,161.5031,-2.1609,-0.1588,0.0919
1779816508105,2,Pitching Mound.Delivery,,Delivery,pitch.1,336454,8.1202,0.1474,107.8818,-145.8598,161.6534,-2.1282,-0.1591,0.0919
1779816508105,2,Pitching Mound.Drive,,Delivery,pitch.1,336975,-0.0053,-0.0027,0.0252,0.0113,-0.0595,0.0043,0.0,0.0
1779816508105,2,Pitching Mound.Parent,,Delivery,pitch.1,336160,8.0987,0.1246,108.011,-145.9735,161.4471,-2.1555,-0.1587,0.0919
1779816508105,2,Pitching Mound.Parent,,Delivery,pitch.1,336161,8.1149,0.1447,107.907,-145.8485,161.594,-2.1239,-0.159,0.0919
1779816508106,2,11.0000004b,Drive,Delivery,pitch.1,336976,-0.0011,-0.0004,0.0172,0.0111,-0.0596,0.0048,0.0,0.0
1779816508106,2,12.00000015,Lower Delivery,Delivery,pitch.1,336695,4.0199,-4.505,96.1655,-213.1039,149.171,13.3743,-0.1647,-0.2353
1779816508106,2,12.00000018,Upper Delivery,Delivery,pitch.1,337251,4.1011,4.6357,11.7204,38.7191,12.307,-15.553,-0.1115,0.327
1779816508106,2,Pitching Mound.Delivery,,Delivery,pitch.1,336455,8.121,0.1308,107.8859,-145.6734,161.478,-2.1511,-0.1589,0.092
1779816508106,2,Pitching Mound.Drive,,Delivery,pitch.1,336976,-0.0011,-0.0004,0.0172,0.0111,-0.0596,0.0048,0.0,0.0
1779816508106,2,Pitching Mound.Parent,,Delivery,pitch.1,336162,8.1199,0.1304,107.9032,-145.6623,161.4183,-2.1464,-0.1589,0.0919
1779816508107,2,11.0000004b,Drive,Delivery,pitch.1,336977,-0.0005,-0.0003,0.0163,0.0107,-0.059,0.0039,0.0,0.0
1779816508107,2,12.00000015,Lower Delivery,Delivery,pitch.1,336696,4.0194,-4.517,95.9621,-212.9125,149.2588,13.3555,-0.1651,-0.2355
1779816508107,2,12.00000018,Upper Delivery,Delivery,pitch.1,337252,4.1122,4.6593,11.7222,38.6457,12.4473,-15.5832,-0.1127,0.327
1779816508107,2,Pitching Mound.Delivery,,Delivery,pitch.1,336456,8.1316,0.1422,107.6842,-145.6252,161.7061,-2.1962,-0.1594,0.0917
1779816508107,2,Pitching Mound.Drive,,Delivery,pitch.1,336977,-0.0005,-0.0003,0.0163,0.0107,-0.059,0.0039,0.0,0.0
1779816508107,2,Pitching Mound.Parent,,Delivery,pitch.1,336163,8.1311,0.1419,107.7006,-145.6145,161.6471,-2.1923,-0.1594,0.0917
1779816508108,2,11.0000004b,Drive,Delivery,pitch.1,336978,-0.0005,-0.0001,0.0162,0.0125,-0.0599,0.002,0.0,0.0
1779816508108,2,12.00000015,Lower Delivery,Delivery,pitch.1,336697,4.0008,-4.5281,95.938,-212.7846,148.9816,13.3659,-0.1649,-0.2355
1779816508108,2,12.00000018,Upper Delivery,Delivery,pitch.1,337253,4.1271,4.6609,11.7351,38.5998,12.3479,-15.5825,-0.1117,0.327
1779816508108,2,Pitching Mound.Delivery,,Delivery,pitch.1,336457,8.1279,0.1329,107.6731,-145.5558,161.3295,-2.1737,-0.1591,0.0917
1779816508108,2,Pitching Mound.Drive,,Delivery,pitch.1,336978,-0.0005,-0.0001,0.0162,0.0125,-0.0599,0.002,0.0,0.0
1779816508108,2,Pitching Mound.Parent,,Delivery,pitch.1,336164,8.1274,0.1328,107.6893,-145.5433,161.2696,-2.1717,-0.159,0.0917
1779816508109,2,11.0000004b,Drive,Delivery,pitch.1,336979,-0.0005,0.0,0.0164,0.0115,-0.0597,0.0042,0.0,0.0
1779816508109,2,12.00000015,Lower Delivery,Delivery,pitch.1,336698,3.9888,-4.5177,95.8226,-212.7185,148.9143,13.4053,-0.165,-0.2357
1779816508109,2,12.00000018,Upper Delivery,Delivery,pitch.1,337254,4.1261,4.6609,11.7436,38.8065,12.3117,-15.628,-0.1113,0.327
1779816508109,2,Pitching Mound.Delivery,,Delivery,pitch.1,336458,8.1149,0.1432,107.5662,-145.3251,161.226,-2.176,-0.1591,0.0915
1779816508109,2,Pitching Mound.Drive,,Delivery,pitch.1,336979,-0.0005,0.0,0.0164,0.0115,-0.0597,0.0042,0.0,0.0
1779816508109,2,Pitching Mound.Parent,,Delivery,pitch.1,336165,8.1144,0.1433,107.5826,-145.3137,161.1664,-2.1719,-0.1591,0.0915
1779816508110,2,11.0000004b,Drive,Delivery,pitch.1,336980,-0.0006,-0.0002,0.0173,0.0116,-0.0595,0.0038,0.0,0.0
1779816508110,2,12.00000015,Lower Delivery,Delivery,pitch.1,336699,3.9853,-4.5214,95.7122,-212.6194,148.6542,13.4286,-0.1649,-0.2358
1779816508110,2,Pitching Mound.Drive,,Delivery,pitch.1,336980,-0.0006,-0.0002,0.0173,0.0116,-0.0595,0.0038,0.0,0.0
1779816508111,2,11.0000004b,Drive,Delivery,pitch.1,336981,-0.0007,-0.0005,0.0184,0.0107,-0.0596,0.0057,0.0,0.0
1779816508111,2,12.00000015,Lower Delivery,Delivery,pitch.1,336700,3.9957,-4.5199,95.6327,-212.5548,148.6969,13.4356,-0.1651,-0.236
1779816508111,2,12.00000018,Upper Delivery,Delivery,pitch.1,337255,4.1326,4.6369,11.7445,38.8811,12.1543,-15.6365,-0.1099,0.327
1779816508111,2,12.00000018,Upper Delivery,Delivery,pitch.1,337256,4.1332,4.648,11.7584,38.7656,12.1005,-15.6476,-0.1093,0.327
1779816508111,2,Pitching Mound.Delivery,,Delivery,pitch.1,336459,8.1179,0.1155,107.4566,-145.1892,160.8085,-2.1579,-0.1589,0.0914
1779816508111,2,Pitching Mound.Delivery,,Delivery,pitch.1,336460,8.129,0.1281,107.3911,-145.272,160.7975,-2.1652,-0.159,0.0912
1779816508111,2,Pitching Mound.Drive,,Delivery,pitch.1,336981,-0.0007,-0.0005,0.0184,0.0107,-0.0596,0.0057,0.0,0.0
1779816508111,2,Pitching Mound.Parent,,Delivery,pitch.1,336166,8.1173,0.1153,107.4739,-145.1777,160.749,-2.1541,-0.1588,0.0913
1779816508111,2,Pitching Mound.Parent,,Delivery,pitch.1,336167,8.1282,0.1277,107.4095,-145.2613,160.7379,-2.1595,-0.1589,0.0912
1779816508112,2,11.0000004b,Drive,Delivery,pitch.1,336982,-0.0006,-0.0005,0.0188,0.0109,-0.058,0.006,0.0,0.0
1779816508112,2,12.00000015,Lower Delivery,Delivery,pitch.1,336701,3.9692,-4.5349,95.5418,-212.5271,148.2934,13.4589,-0.1648,-0.2362
1779816508112,2,12.00000018,Upper Delivery,Delivery,pitch.1,337257,4.1306,4.6303,11.7695,39.0548,11.7637,-15.6582,-0.1061,0.327
1779816508112,2,Pitching Mound.Delivery,,Delivery,pitch.1,336461,8.0999,0.0954,107.3112,-144.9897,160.0571,-2.1445,-0.1583,0.091
1779816508112,2,Pitching Mound.Drive,,Delivery,pitch.1,336982,-0.0006,-0.0005,0.0188,0.0109,-0.058,0.006,0.0,0.0
1779816508112,2,Pitching Mound.Parent,,Delivery,pitch.1,336168,8.0992,0.0949,107.3301,-144.9788,159.9991,-2.1385,-0.1583,0.091
1779816508113,2,11.0000004b,Drive,Delivery,pitch.1,336983,-0.0025,-0.0061,0.0316,0.0179,-0.0566,0.0088,0.0,0.0
1779816508113,2,12.00000015,Lower Delivery,Delivery,pitch.1,336702,3.9631,-4.5294,95.4455,-212.4856,148.0245,13.4477,-0.1646,-0.2363
1779816508113,2,12.00000018,Upper Delivery,Delivery,pitch.1,337258,4.1317,4.6413,11.8375,39.2008,11.8213,-15.6828,-0.106,0.327
1779816508113,2,Pitching Mound.Delivery,,Delivery,pitch.1,336462,8.0948,0.1119,107.283,-144.8581,159.8457,-2.1777,-0.1582,0.0908
1779816508113,2,Pitching Mound.Drive,,Delivery,pitch.1,336983,-0.0025,-0.0061,0.0316,0.0179,-0.0566,0.0088,0.0,0.0
1779816508113,2,Pitching Mound.Parent,,Delivery,pitch.1,336169,8.0923,0.1058,107.3146,-144.8401,159.7892,-2.1689,-0.1581,0.0908
1779816508114,2,11.0000004b,Drive,Delivery,pitch.1,336984,-0.0016,-0.0041,0.0264,0.016,-0.0564,0.008,0.0,0.0
1779816508114,2,12.00000015,Lower Delivery,Delivery,pitch.1,336703,3.9741,-4.5278,95.3147,-212.2152,147.7994,13.472,-0.1646,-0.2364
1779816508114,2,12.00000018,Upper Delivery,Delivery,pitch.1,337259,4.1342,4.6293,11.7849,39.0355,11.6156,-15.7145,-0.1046,0.327
1779816508114,2,Pitching Mound.Delivery,,Delivery,pitch.1,336463,8.1083,0.1015,107.0996,-144.7795,159.415,-2.1881,-0.158,0.0908
1779816508114,2,Pitching Mound.Drive,,Delivery,pitch.1,336984,-0.0016,-0.0041,0.0264,0.016,-0.0564,0.008,0.0,0.0
1779816508114,2,Pitching Mound.Parent,,Delivery,pitch.1,336170,8.1067,0.0974,107.126,-144.7634,159.3586,-2.1801,-0.158,0.0908
1779816508115,2,11.0000004b,Drive,Delivery,pitch.1,336985,-0.0021,-0.0058,0.0308,0.0222,-0.0543,0.0096,0.0,0.0
1779816508115,2,12.00000015,Lower Delivery,Delivery,pitch.1,336704,3.9657,-4.5275,95.204,-212.0542,147.8163,13.4832,-0.1648,-0.2365
1779816508115,2,12.00000018,Upper Delivery,Delivery,pitch.1,337260,4.1275,4.65,11.855,39.2007,11.6981,-15.748,-0.1048,0.327
1779816508115,2,Pitching Mound.Delivery,,Delivery,pitch.1,336464,8.0932,0.1225,107.059,-144.5148,159.5144,-2.2097,-0.1582,0.0906
1779816508115,2,Pitching Mound.Drive,,Delivery,pitch.1,336985,-0.0021,-0.0058,0.0308,0.0222,-0.0543,0.0096,0.0,0.0
1779816508115,2,Pitching Mound.Parent,,Delivery,pitch.1,336171,8.0911,0.1167,107.0898,-144.4926,159.4601,-2.2002,-0.1581,0.0906
1779816508116,2,11.0000004b,Drive,Delivery,pitch.1,336986,-0.0021,-0.0064,0.0323,0.0273,-0.052,0.013,0.0,0.0
1779816508116,2,12.00000015,Lower Delivery,Delivery,pitch.1,336705,3.9784,-4.5322,95.1208,-212.0879,147.4063,13.48,-0.1645,-0.2367
1779816508116,2,12.00000018,Upper Delivery,Delivery,pitch.1,337261,4.1512,4.6373,11.8575,39.3043,11.7521,-15.7998,-0.1052,0.327
1779816508116,2,Pitching Mound.Delivery,,Delivery,pitch.1,336465,8.1296,0.1051,106.9784,-144.4741,159.1584,-2.2611,-0.1579,0.0904
1779816508116,2,Pitching Mound.Drive,,Delivery,pitch.1,336986,-0.0021,-0.0064,0.0323,0.0273,-0.052,0.013,0.0,0.0
1779816508116,2,Pitching Mound.Parent,,Delivery,pitch.1,336172,8.1275,0.0986,107.0107,-144.4467,159.1063,-2.2481,-0.1579,0.0904
1779816508117,2,11.0000004b,Drive,Delivery,pitch.1,336987,-0.0023,-0.0084,0.0351,0.0236,-0.0514,0.0123,0.0,0.0
1779816508117,2,12.00000015,Lower Delivery,Delivery,pitch.1,336706,3.9795,-4.5148,95.0411,-212.0285,147.259,13.4653,-0.1645,-0.2368
1779816508117,2,Pitching Mound.Drive,,Delivery,pitch.1,336987,-0.0023,-0.0084,0.0351,0.0236,-0.0514,0.0123,0.0,0.0
1779816508118,2,11.0000004b,Drive,Delivery,pitch.1,336988,-0.0026,-0.0086,0.036,0.0204,-0.0518,0.0086,0.0,0.0
1779816508118,2,12.00000015,Lower Delivery,Delivery,pitch.1,336707,3.9643,-4.5078,94.9955,-211.8689,146.955,13.5262,-0.1642,-0.2368
1779816508118,2,12.00000018,Upper Delivery,Delivery,pitch.1,337262,4.1617,4.6245,11.8965,39.4484,11.9279,-15.8504,-0.1064,0.327
1779816508118,2,12.00000018,Upper Delivery,Delivery,pitch.1,337263,4.1739,4.6273,11.8663,39.5239,12.169,-15.9462,-0.1089,0.327
1779816508118,2,Pitching Mound.Delivery,,Delivery,pitch.1,336466,8.1412,0.1097,106.9376,-144.3109,159.1869,-2.3231,-0.158,0.0902
1779816508118,2,Pitching Mound.Delivery,,Delivery,pitch.1,336467,8.1382,0.1195,106.8617,-144.081,159.124,-2.3488,-0.1581,0.0903
1779816508118,2,Pitching Mound.Drive,,Delivery,pitch.1,336988,-0.0026,-0.0086,0.036,0.0204,-0.0518,0.0086,0.0,0.0
1779816508118,2,Pitching Mound.Parent,,Delivery,pitch.1,336173,8.1389,0.1014,106.9727,-144.2873,159.1354,-2.3108,-0.158,0.0902
1779816508118,2,Pitching Mound.Parent,,Delivery,pitch.1,336174,8.1356,0.1109,106.8977,-144.0606,159.0721,-2.3402,-0.158,0.0903
1779816508119,2,11.0000004b,Drive,Delivery,pitch.1,336989,-0.0028,-0.0109,0.0397,0.02,-0.0501,0.0073,0.0,0.0
1779816508119,2,12.00000015,Lower Delivery,Delivery,pitch.1,336708,3.9532,-4.4936,94.9722,-211.8366,146.6183,13.5717,-0.1639,-0.2368
1779816508119,2,12.00000018,Upper Delivery,Delivery,pitch.1,337264,4.1977,4.6479,11.9449,39.6018,12.6474,-15.9827,-0.1124,0.327
1779816508119,2,Pitching Mound.Delivery,,Delivery,pitch.1,336468,8.1509,0.1543,106.9171,-144.0055,159.2657,-2.3279,-0.1581,0.0902
1779816508119,2,Pitching Mound.Drive,,Delivery,pitch.1,336989,-0.0028,-0.0109,0.0397,0.02,-0.0501,0.0073,0.0,0.0
1779816508119,2,Pitching Mound.Parent,,Delivery,pitch.1,336175,8.1481,0.1434,106.9568,-143.9856,159.2155,-2.3205,-0.1581,0.0902
1779816508120,2,11.0000004b,Drive,Delivery,pitch.1,336990,-0.0018,-0.0078,0.0319,0.0159,-0.0534,0.0065,0.0,0.0
1779816508120,2,12.00000015,Lower Delivery,Delivery,pitch.1,336709,3.9593,-4.4732,94.9206,-211.762,146.5753,13.6072,-0.1639,-0.2368
1779816508120,2,12.00000018,Upper Delivery,Delivery,pitch.1,337265,4.2186,4.6715,12.0468,39.6414,12.5142,-16.0745,-0.1103,0.327
1779816508120,2,Pitching Mound.Delivery,,Delivery,pitch.1,336469,8.1779,0.1983,106.9674,-143.9434,159.0895,-2.3792,-0.1579,0.0901
1779816508120,2,Pitching Mound.Drive,,Delivery,pitch.1,336990,-0.0018,-0.0078,0.0319,0.0159,-0.0534,0.0065,0.0,0.0
1779816508120,2,Pitching Mound.Parent,,Delivery,pitch.1,336176,8.1761,0.1906,106.9993,-143.9276,159.0361,-2.3727,-0.1578,0.0901
1779816508121,2,11.0000004b,Drive,Delivery,pitch.1,336991,-0.0013,-0.0059,0.0279,0.0151,-0.0525,0.0052,0.0,0.0
1779816508121,2,12.00000015,Lower Delivery,Delivery,pitch.1,336710,3.9344,-4.4814,94.8779,-211.6446,146.5072,13.5924,-0.1639,-0.2368
1779816508121,2,12.00000018,Upper Delivery,Delivery,pitch.1,337266,4.2323,4.6833,12.1365,39.9214,12.5823,-16.0923,-0.1101,0.327
1779816508121,2,Pitching Mound.Delivery,,Delivery,pitch.1,336470,8.1668,0.2019,107.0144,-143.5911,159.0895,-2.3987,-0.1578,0.09
1779816508121,2,Pitching Mound.Drive,,Delivery,pitch.1,336991,-0.0013,-0.0059,0.0279,0.0151,-0.0525,0.0052,0.0,0.0
1779816508121,2,Pitching Mound.Parent,,Delivery,pitch.1,336177,8.1655,0.196,107.0423,-143.5761,159.037,-2.3935,-0.1578,0.09
1779816508122,2,11.0000004b,Drive,Delivery,pitch.1,336992,-0.0015,-0.0068,0.0293,0.0143,-0.0526,0.0016,0.0,0.0
1779816508122,2,12.00000015,Lower Delivery,Delivery,pitch.1,336711,3.9361,-4.4797,94.8419,-211.6513,146.3661,13.6237,-0.1638,-0.2369
1779816508122,2,12.00000018,Upper Delivery,Delivery,pitch.1,337267,4.2574,4.6688,12.2102,39.8224,12.8402,-16.1783,-0.1116,0.327
1779816508122,2,Pitching Mound.Delivery,,Delivery,pitch.1,336471,8.1936,0.1891,107.0521,-143.7342,159.2063,-2.4454,-0.1579,0.0898
1779816508122,2,Pitching Mound.Drive,,Delivery,pitch.1,336992,-0.0015,-0.0068,0.0293,0.0143,-0.0526,0.0016,0.0,0.0
1779816508122,2,Pitching Mound.Parent,,Delivery,pitch.1,336178,8.1921,0.1823,107.0814,-143.7198,159.1537,-2.4438,-0.1578,0.0898
1779816508123,2,11.0000004b,Drive,Delivery,pitch.1,336993,-0.0018,-0.0073,0.0306,0.0152,-0.0534,0.0026,0.0,0.0
1779816508123,2,12.00000015,Lower Delivery,Delivery,pitch.1,336712,3.9332,-4.4651,94.8006,-211.612,146.2452,13.6595,-0.1638,-0.237
1779816508123,2,12.00000018,Upper Delivery,Delivery,pitch.1,337268,4.283,4.6831,12.2434,39.9927,12.8042,-16.2202,-0.111,0.327
1779816508123,2,Pitching Mound.Delivery,,Delivery,pitch.1,336472,8.2162,0.2181,107.044,-143.5499,159.0495,-2.4417,-0.1577,0.0898
1779816508123,2,Pitching Mound.Drive,,Delivery,pitch.1,336993,-0.0018,-0.0073,0.0306,0.0152,-0.0534,0.0026,0.0,0.0
1779816508123,2,Pitching Mound.Parent,,Delivery,pitch.1,336179,8.2144,0.2108,107.0746,-143.5347,158.9961,-2.4391,-0.1577,0.0897
1779816508124,2,11.0000004b,Drive,Delivery,pitch.1,336994,-0.0012,-0.0053,0.0264,0.0121,-0.0557,-0.0001,0.0,0.0
1779816508124,2,12.00000015,Lower Delivery,Delivery,pitch.1,336713,3.9375,-4.4581,94.6928,-211.5312,146.0394,13.6818,-0.1637,-0.2372
1779816508124,2,12.00000018,Upper Delivery,Delivery,pitch.1,337269,4.294,4.6526,12.3344,40.1472,12.5929,-16.2613,-0.1084,0.327
1779816508124,2,Pitching Mound.Delivery,,Delivery,pitch.1,336473,8.2315,0.1945,107.0272,-143.3822,158.6323,-2.4583,-0.1574,0.0895
1779816508124,2,Pitching Mound.Drive,,Delivery,pitch.1,336994,-0.0012,-0.0053,0.0264,0.0121,-0.0557,-0.0001,0.0,0.0
1779816508124,2,Pitching Mound.Parent,,Delivery,pitch.1,336180,8.2303,0.1892,107.0535,-143.3701,158.5766,-2.4584,-0.1573,0.0895
1779816508125,2,11.0000004b,Drive,Delivery,pitch.1,336995,-0.0034,-0.012,0.0416,0.0127,-0.0546,0.0008,0.0,0.0
1779816508125,2,12.00000015,Lower Delivery,Delivery,pitch.1,336714,3.9097,-4.4611,94.5957,-211.4312,145.6738,13.6689,-0.1635,-0.2373
1779816508125,2,12.00000018,Upper Delivery,Delivery,pitch.1,337270,4.306,4.6631,12.399,40.1134,12.6172,-16.3031,-0.108,0.327
1779816508125,2,Pitching Mound.Delivery,,Delivery,pitch.1,336474,8.2158,0.202,106.9948,-143.3709,158.2911,-2.4995,-0.1571,0.0893
1779816508125,2,Pitching Mound.Drive,,Delivery,pitch.1,336995,-0.0034,-0.012,0.0416,0.0127,-0.0546,0.0008,0.0,0.0
1779816508125,2,Pitching Mound.Parent,,Delivery,pitch.1,336181,8.2123,0.19,107.0363,-143.3582,158.2365,-2.4986,-0.157,0.0893
1779816508126,2,11.0000004b,Drive,Delivery,pitch.1,336996,-0.0024,-0.0082,0.0332,0.0116,-0.0558,-0.0007,0.0,0.0
1779816508126,2,12.00000015,Lower Delivery,Delivery,pitch.1,336715,3.9151,-4.441,94.5071,-211.4329,145.3655,13.6756,-0.1633,-0.2375
1779816508126,2,12.00000018,Upper Delivery,Delivery,pitch.1,337271,4.2997,4.6698,12.4074,40.5279,12.3269,-16.3037,-0.1055,0.327
1779816508126,2,Pitching Mound.Delivery,,Delivery,pitch.1,336475,8.2148,0.2287,106.9145,-142.9912,157.6924,-2.4973,-0.1566,0.0891
1779816508126,2,Pitching Mound.Drive,,Delivery,pitch.1,336996,-0.0024,-0.0082,0.0332,0.0116,-0.0558,-0.0007,0.0,0.0
1779816508126,2,Pitching Mound.Parent,,Delivery,pitch.1,336182,8.2124,0.2205,106.9478,-142.9795,157.6365,-2.4981,-0.1565,0.0891
1779816508127,2,11.0000004b,Drive,Delivery,pitch.1,336997,-0.0028,-0.0096,0.0352,0.0114,-0.0583,0.0003,0.0,0.0
1779816508127,2,12.00000015,Lower Delivery,Delivery,pitch.1,336716,3.9162,-4.4296,94.3596,-211.1478,145.2747,13.6824,-0.1634,-0.2376
1779816508127,2,12.00000018,Upper Delivery,Delivery,pitch.1,337272,4.2902,4.6961,12.4009,40.5587,12.0597,-16.3285,-0.1032,0.327
1779816508127,2,Pitching Mound.Delivery,,Delivery,pitch.1,336476,8.2063,0.2665,106.7605,-142.7231,157.3344,-2.5189,-0.1565,0.089
1779816508127,2,Pitching Mound.Drive,,Delivery,pitch.1,336997,-0.0028,-0.0096,0.0352,0.0114,-0.0583,0.0003,0.0,0.0
1779816508127,2,Pitching Mound.Parent,,Delivery,pitch.1,336183,8.2035,0.257,106.7958,-142.7117,157.2761,-2.5186,-0.1564,0.089
1779816508128,2,11.0000004b,Drive,Delivery,pitch.1,336998,-0.0022,-0.0063,0.0291,0.0117,-0.0594,0.0009,0.0,0.0
1779816508128,2,12.00000015,Lower Delivery,Delivery,pitch.1,336717,3.9122,-4.4281,94.2658,-210.9754,145.1288,13.7135,-0.1634,-0.2376
1779816508128,2,12.00000018,Upper Delivery,Delivery,pitch.1,337273,4.2808,4.7348,12.5077,40.8688,11.668,-16.3981,-0.099,0.327
1779816508128,2,Pitching Mound.Delivery,,Delivery,pitch.1,336477,8.193,0.3066,106.7736,-142.3088,156.7968,-2.5593,-0.1559,0.0889
1779816508128,2,Pitching Mound.Drive,,Delivery,pitch.1,336998,-0.0022,-0.0063,0.0291,0.0117,-0.0594,0.0009,0.0,0.0
1779816508128,2,Pitching Mound.Parent,,Delivery,pitch.1,336184,8.1908,0.3003,106.8027,-142.2972,156.7374,-2.5585,-0.1559,0.0889
1779816508129,2,11.0000004b,Drive,Delivery,pitch.1,336999,-0.0025,-0.0076,0.0322,0.011,-0.058,0.0019,0.0,0.0
1779816508129,2,12.00000015,Lower Delivery,Delivery,pitch.1,336718,3.9051,-4.4418,93.9677,-210.7235,144.8458,13.693,-0.1636,-0.2381
1779816508129,2,12.00000018,Upper Delivery,Delivery,pitch.1,337274,4.2859,4.7515,12.5504,40.934,11.6291,-16.3785,-0.0984,0.327
1779816508129,2,Pitching Mound.Delivery,,Delivery,pitch.1,336478,8.191,0.3097,106.5181,-142.1076,156.4748,-2.556,-0.156,0.0884
1779816508129,2,Pitching Mound.Drive,,Delivery,pitch.1,336999,-0.0025,-0.0076,0.0322,0.011,-0.058,0.0019,0.0,0.0
1779816508129,2,Pitching Mound.Parent,,Delivery,pitch.1,336185,8.1885,0.3021,106.5503,-142.0966,156.4168,-2.5541,-0.1559,0.0884
1779816508130,2,11.0000004b,Drive,Delivery,pitch.1,337000,-0.0022,-0.0071,0.0303,0.0104,-0.0573,0.0026,0.0,0.0
1779816508130,2,12.00000015,Lower Delivery,Delivery,pitch.1,336719,3.9081,-4.4356,93.8832,-210.6422,144.8091,13.7419,-0.1637,-0.2382
1779816508130,2,12.00000018,Upper Delivery,Delivery,pitch.1,337275,4.2869,4.7769,12.5346,40.8174,11.5717,-16.4428,-0.098,0.327
1779816508130,2,Pitching Mound.Delivery,,Delivery,pitch.1,336479,8.195,0.3413,106.4178,-142.1662,156.3808,-2.5721,-0.156,0.0883
1779816508130,2,Pitching Mound.Drive,,Delivery,pitch.1,337000,-0.0022,-0.0071,0.0303,0.0104,-0.0573,0.0026,0.0,0.0
1779816508130,2,Pitching Mound.Parent,,Delivery,pitch.1,336186,8.1927,0.3342,106.4481,-142.1558,156.3234,-2.5695,-0.156,0.0883
1779816508131,2,11.0000004b,Drive,Delivery,pitch.1,337001,-0.0017,-0.0059,0.0278,0.0105,-0.0573,0.0026,0.0,0.0
1779816508131,2,12.00000015,Lower Delivery,Delivery,pitch.1,336720,3.8964,-4.4271,93.926,-210.6337,144.5243,13.7579,-0.1634,-0.2381
1779816508131,2,12.00000018,Upper Delivery,Delivery,pitch.1,337276,4.2931,4.7903,12.5662,41.2744,11.3208,-16.4762,-0.0956,0.327
1779816508131,2,Pitching Mound.Delivery,,Delivery,pitch.1,336480,8.1896,0.3632,106.4921,-141.6969,155.8451,-2.5834,-0.1554,0.0884
1779816508131,2,Pitching Mound.Drive,,Delivery,pitch.1,337001,-0.0017,-0.0059,0.0278,0.0105,-0.0573,0.0026,0.0,0.0
1779816508131,2,Pitching Mound.Parent,,Delivery,pitch.1,336187,8.1879,0.3573,106.52,-141.6864,155.7878,-2.5808,-0.1553,0.0883
1779816508132,2,11.0000004b,Drive,Delivery,pitch.1,337002,-0.0021,-0.0071,0.0308,0.0122,-0.0579,0.0059,0.0,0.0
1779816508132,2,12.00000015,Lower Delivery,Delivery,pitch.1,336721,3.9045,-4.4298,93.6668,-210.5263,144.148,13.7772,-0.1634,-0.2386
1779816508132,2,12.00000018,Upper Delivery,Delivery,pitch.1,337277,4.3125,4.8045,12.5829,41.2595,11.775,-16.5364,-0.0993,0.327
1779816508132,2,Pitching Mound.Delivery,,Delivery,pitch.1,336481,8.217,0.3747,106.2497,-141.6983,155.923,-2.6205,-0.1558,0.0878
1779816508132,2,Pitching Mound.Drive,,Delivery,pitch.1,337002,-0.0021,-0.0071,0.0308,0.0122,-0.0579,0.0059,0.0,0.0
1779816508132,2,Pitching Mound.Parent,,Delivery,pitch.1,336188,8.2149,0.3676,106.2805,-141.6861,155.8651,-2.6146,-0.1558,0.0878
1779816508133,2,11.0000004b,Drive,Delivery,pitch.1,337003,-0.0008,-0.0036,0.0224,0.0113,-0.0568,0.0069,0.0,0.0
1779816508133,2,12.00000015,Lower Delivery,Delivery,pitch.1,336722,3.8918,-4.4358,93.3789,-210.3399,143.899,13.7645,-0.1636,-0.2391
1779816508133,2,12.00000018,Upper Delivery,Delivery,pitch.1,337278,4.3168,4.8275,12.583,41.7491,11.4532,-16.5253,-0.0966,0.327
1779816508133,2,Pitching Mound.Delivery,,Delivery,pitch.1,336482,8.2086,0.3917,105.9619,-141.1201,155.3522,-2.6163,-0.1556,0.0873
1779816508133,2,Pitching Mound.Drive,,Delivery,pitch.1,337003,-0.0008,-0.0036,0.0224,0.0113,-0.0568,0.0069,0.0,0.0
1779816508133,2,Pitching Mound.Parent,,Delivery,pitch.1,336189,8.2079,0.3881,105.9844,-141.1089,155.2954,-2.6094,-0.1556,0.0873
1779816508134,2,11.0000004b,Drive,Delivery,pitch.1,337004,-0.0002,-0.0018,0.0185,0.0101,-0.0576,0.0057,0.0,0.0
1779816508134,2,12.00000015,Lower Delivery,Delivery,pitch.1,336723,3.8934,-4.4436,93.3104,-210.3242,143.6443,13.8438,-0.1634,-0.2393
1779816508134,2,12.00000018,Upper Delivery,Delivery,pitch.1,337279,4.3342,4.8343,12.6993,41.915,11.5208,-16.6271,-0.0963,0.327
1779816508134,2,Pitching Mound.Delivery,,Delivery,pitch.1,336483,8.2277,0.3907,106.0096,-141.0015,155.1651,-2.6334,-0.1554,0.0871
1779816508134,2,Pitching Mound.Drive,,Delivery,pitch.1,337004,-0.0002,-0.0018,0.0185,0.0101,-0.0576,0.0057,0.0,0.0
1779816508134,2,Pitching Mound.Parent,,Delivery,pitch.1,336190,8.2274,0.3889,106.0282,-140.9914,155.1075,-2.6277,-0.1554,0.0871
1779816508135,2,11.0000004b,Drive,Delivery,pitch.1,337005,-0.0013,-0.0057,0.0261,0.01,-0.0561,0.0061,0.0,0.0
1779816508135,2,12.00000015,Lower Delivery,Delivery,pitch.1,336724,3.905,-4.4441,93.2258,-210.1451,143.6438,13.8461,-0.1636,-0.2393
1779816508135,2,12.00000018,Upper Delivery,Delivery,pitch.1,337280,4.3422,4.8443,12.6492,41.9615,11.585,-16.658,-0.0972,0.327
1779816508135,2,Pitching Mound.Delivery,,Delivery,pitch.1,336484,8.2472,0.4001,105.875,-140.7877,155.2289,-2.6633,-0.1557,0.0871
1779816508135,2,Pitching Mound.Drive,,Delivery,pitch.1,337005,-0.0013,-0.0057,0.0261,0.01,-0.0561,0.0061,0.0,0.0
1779816508135,2,Pitching Mound.Parent,,Delivery,pitch.1,336191,8.2459,0.3944,105.9011,-140.7776,155.1728,-2.6572,-0.1556,0.0871
1779816508136,2,11.0000004b,Drive,Delivery,pitch.1,337006,-0.0005,-0.0032,0.021,0.01,-0.0562,0.0041,0.0,0.0
1779816508136,2,12.00000015,Lower Delivery,Delivery,pitch.1,336725,3.8996,-4.4435,93.1245,-210.1243,143.3876,13.8346,-0.1635,-0.2395
1779816508136,2,12.00000018,Upper Delivery,Delivery,pitch.1,337281,4.3678,4.8495,12.7361,42.055,11.671,-16.7232,-0.0973,0.327
1779816508136,2,Pitching Mound.Delivery,,Delivery,pitch.1,336485,8.2674,0.406,105.8607,-140.7373,155.0586,-2.7294,-0.1555,0.0868
1779816508136,2,Pitching Mound.Drive,,Delivery,pitch.1,337006,-0.0005,-0.0032,0.021,0.01,-0.0562,0.0041,0.0,0.0
1779816508136,2,Pitching Mound.Parent,,Delivery,pitch.1,336192,8.2669,0.4028,105.8817,-140.7273,155.0024,-2.7253,-0.1555,0.0868
1779816508137,2,11.0000004b,Drive,Delivery,pitch.1,337007,-0.0009,-0.0055,0.0269,0.0112,-0.0542,0.0041,0.0,0.0
1779816508137,2,12.00000015,Lower Delivery,Delivery,pitch.1,336726,3.8955,-4.4391,93.3454,-210.1525,143.3721,13.8682,-0.1631,-0.239
1779816508137,2,12.00000018,Upper Delivery,Delivery,pitch.1,337282,4.3877,4.8551,12.7514,41.8274,11.5353,-16.8061,-0.096,0.327
1779816508137,2,Pitching Mound.Delivery,,Delivery,pitch.1,336486,8.2831,0.416,106.0968,-140.9231,154.9074,-2.7705,-0.155,0.0873
1779816508137,2,Pitching Mound.Drive,,Delivery,pitch.1,337007,-0.0009,-0.0055,0.0269,0.0112,-0.0542,0.0041,0.0,0.0
1779816508137,2,Pitching Mound.Parent,,Delivery,pitch.1,336193,8.2822,0.4104,106.1237,-140.912,154.8532,-2.7664,-0.155,0.0873
1779816508138,2,11.0000004b,Drive,Delivery,pitch.1,337008,-0.002,-0.0083,0.0327,0.013,-0.0535,0.0054,0.0,0.0
1779816508138,2,12.00000015,Lower Delivery,Delivery,pitch.1,336727,3.8942,-4.4488,93.2311,-210.1151,143.1659,13.8864,-0.163,-0.2393
1779816508138,2,12.00000018,Upper Delivery,Delivery,pitch.1,337283,4.3911,4.867,12.8018,42.0603,11.5191,-16.8173,-0.0955,0.327
1779816508138,2,Pitching Mound.Delivery,,Delivery,pitch.1,336487,8.2853,0.4182,106.0329,-140.7088,154.6849,-2.7619,-0.1549,0.087
1779816508138,2,Pitching Mound.Drive,,Delivery,pitch.1,337008,-0.002,-0.0083,0.0327,0.013,-0.0535,0.0054,0.0,0.0
1779816508138,2,Pitching Mound.Parent,,Delivery,pitch.1,336194,8.2833,0.4099,106.0656,-140.6958,154.6314,-2.7565,-0.1548,0.087
1779816508139,2,11.0000004b,Drive,Delivery,pitch.1,337009,-0.0012,-0.0066,0.0293,0.0123,-0.0534,0.0049,0.0,0.0
1779816508139,2,12.00000015,Lower Delivery,Delivery,pitch.1,336728,3.8904,-4.4398,93.0803,-210.181,143.0322,13.9152,-0.1631,-0.2397
1779816508139,2,12.00000018,Upper Delivery,Delivery,pitch.1,337284,4.4019,4.8655,12.799,42.0982,11.6283,-16.7989,-0.0965,0.327
1779816508139,2,Pitching Mound.Delivery,,Delivery,pitch.1,336488,8.2923,0.4258,105.8793,-140.7872,154.6606,-2.7098,-0.1551,0.0866
1779816508139,2,Pitching Mound.Drive,,Delivery,pitch.1,337009,-0.0012,-0.0066,0.0293,0.0123,-0.0534,0.0049,0.0,0.0
1779816508139,2,Pitching Mound.Parent,,Delivery,pitch.1,336195,8.2911,0.4191,105.9086,-140.7749,154.6072,-2.7049,-0.155,0.0866
1779816508140,2,11.0000004b,Drive,Delivery,pitch.1,337010,-0.0006,-0.0046,0.0247,0.0137,-0.0506,0.0029,0.0,0.0
1779816508140,2,12.00000015,Lower Delivery,Delivery,pitch.1,336729,3.8954,-4.4381,92.9339,-210.0226,142.8552,13.8988,-0.1632,-0.2399
1779816508140,2,12.00000018,Upper Delivery,Delivery,pitch.1,337285,4.401,4.8695,12.8395,42.4455,11.383,-16.8851,-0.0941,0.327
1779816508140,2,Pitching Mound.Delivery,,Delivery,pitch.1,336489,8.2965,0.4313,105.7734,-140.345,154.2381,-2.8145,-0.1548,0.0864
1779816508140,2,Pitching Mound.Drive,,Delivery,pitch.1,337010,-0.0006,-0.0046,0.0247,0.0137,-0.0506,0.0029,0.0,0.0
1779816508140,2,Pitching Mound.Parent,,Delivery,pitch.1,336196,8.2959,0.4268,105.7981,-140.3314,154.1875,-2.8115,-0.1548,0.0863
1779816508141,2,11.0000004b,Drive,Delivery,pitch.1,337011,-0.0006,-0.0058,0.0272,0.0156,-0.0478,0.0016,0.0,0.0
1779816508141,2,12.00000015,Lower Delivery,Delivery,pitch.1,336730,3.9022,-4.4327,92.89,-209.8696,142.8084,13.9073,-0.1632,-0.2399
1779816508141,2,12.00000018,Upper Delivery,Delivery,pitch.1,337286,4.409,4.8683,12.8842,42.7477,11.1812,-16.9198,-0.0921,0.327
1779816508141,2,Pitching Mound.Delivery,,Delivery,pitch.1,336490,8.3112,0.4356,105.7742,-139.9199,153.9896,-2.8402,-0.1546,0.0864
1779816508141,2,Pitching Mound.Drive,,Delivery,pitch.1,337011,-0.0006,-0.0058,0.0272,0.0156,-0.0478,0.0016,0.0,0.0
1779816508141,2,Pitching Mound.Parent,,Delivery,pitch.1,336197,8.3106,0.4298,105.8013,-139.9043,153.9418,-2.8386,-0.1545,0.0863
1779816508142,2,11.0000004b,Drive,Delivery,pitch.1,337012,-0.0014,-0.0082,0.0319,0.0125,-0.0492,0.0023,0.0,0.0
1779816508142,2,12.00000015,Lower Delivery,Delivery,pitch.1,336731,3.8979,-4.4327,92.7955,-209.5668,142.8001,13.9365,-0.1634,-0.2398
1779816508142,2,12.00000018,Upper Delivery,Delivery,pitch.1,337287,4.4047,4.8697,12.9375,42.7659,11.1091,-16.9169,-0.0912,0.327
1779816508142,2,Pitching Mound.Delivery,,Delivery,pitch.1,336491,8.3026,0.437,105.7331,-139.6492,153.9093,-2.8081,-0.1545,0.0864
1779816508142,2,Pitching Mound.Drive,,Delivery,pitch.1,337012,-0.0014,-0.0082,0.0319,0.0125,-0.0492,0.0023,0.0,0.0
1779816508142,2,Pitching Mound.Parent,,Delivery,pitch.1,336198,8.3012,0.4288,105.765,-139.6367,153.86,-2.8058,-0.1545,0.0864
1779816508143,2,11.0000004b,Drive,Delivery,pitch.1,337013,0.0002,-0.0037,0.0222,0.0086,-0.0486,0.0005,0.0,0.0
1779816508143,2,12.00000015,Lower Delivery,Delivery,pitch.1,336732,3.9269,-4.4086,92.7499,-209.6013,142.6661,13.9704,-0.1633,-0.2399
1779816508143,2,12.00000018,Upper Delivery,Delivery,pitch.1,337288,4.4067,4.9037,12.9371,42.6871,11.0082,-16.9551,-0.0903,0.327
1779816508143,2,Pitching Mound.Delivery,,Delivery,pitch.1,336492,8.3335,0.4951,105.687,-139.7778,153.6743,-2.8216,-0.1544,0.0862
1779816508143,2,Pitching Mound.Drive,,Delivery,pitch.1,337013,0.0002,-0.0037,0.0222,0.0086,-0.0486,0.0005,0.0,0.0
1779816508143,2,Pitching Mound.Parent,,Delivery,pitch.1,336199,8.3337,0.4914,105.7092,-139.7692,153.6256,-2.821,-0.1543,0.0862
1779816508144,2,11.0000004b,Drive,Delivery,pitch.1,337014,-0.0005,-0.0058,0.0268,0.0085,-0.0491,0.001,0.0,0.0
1779816508144,2,12.00000015,Lower Delivery,Delivery,pitch.1,336733,3.93,-4.3959,92.8397,-209.629,142.6537,14.0217,-0.1631,-0.2397
1779816508144,2,12.00000018,Upper Delivery,Delivery,pitch.1,337289,4.4085,4.8983,12.962,42.7945,11.2763,-17.0085,-0.0924,0.327
1779816508144,2,Pitching Mound.Delivery,,Delivery,pitch.1,336493,8.3384,0.5024,105.8018,-139.676,153.93,-2.8241,-0.1545,0.0864
1779816508144,2,Pitching Mound.Drive,,Delivery,pitch.1,337014,-0.0005,-0.0058,0.0268,0.0085,-0.0491,0.001,0.0,0.0
1779816508144,2,Pitching Mound.Parent,,Delivery,pitch.1,336200,8.3379,0.4966,105.8285,-139.6676,153.8809,-2.823,-0.1544,0.0864
1779816508145,2,11.0000004b,Drive,Delivery,pitch.1,337015,0.0011,-0.0006,0.0149,0.0064,-0.0478,-0.001,0.0,0.0
1779816508145,2,12.00000015,Lower Delivery,Delivery,pitch.1,336734,3.9429,-4.3834,92.7464,-209.4925,142.6844,14.0357,-0.1633,-0.2398
1779816508145,2,12.00000018,Upper Delivery,Delivery,pitch.1,337290,4.4168,4.923,12.9858,42.7599,11.5311,-17.0124,-0.0943,0.327
1779816508145,2,Pitching Mound.Delivery,,Delivery,pitch.1,336494,8.3597,0.5397,105.7322,-139.6139,154.2155,-2.8156,-0.1548,0.0863
1779816508145,2,Pitching Mound.Drive,,Delivery,pitch.1,337015,0.0011,-0.0006,0.0149,0.0064,-0.0478,-0.001,0.0,0.0
1779816508145,2,Pitching Mound.Parent,,Delivery,pitch.1,336201,8.3608,0.539,105.7471,-139.6075,154.1677,-2.8166,-0.1548,0.0863
1779816508146,2,11.0000004b,Drive,Delivery,pitch.1,337016,-0.0003,-0.0055,0.0248,0.0075,-0.0479,0.0,0.0,0.0
1779816508146,2,12.00000015,Lower Delivery,Delivery,pitch.1,336735,3.9439,-4.3594,92.676,-209.3017,142.5168,14.0645,-0.1633,-0.2398
1779816508146,2,12.00000018,Upper Delivery,Delivery,pitch.1,337291,4.4197,4.9259,13.0273,42.9866,11.7249,-17.0509,-0.0955,0.327
1779816508146,2,Pitching Mound.Delivery,,Delivery,pitch.1,336495,8.3637,0.5665,105.7033,-139.2346,154.2416,-2.8246,-0.1549,0.0863
1779816508146,2,Pitching Mound.Drive,,Delivery,pitch.1,337016,-0.0003,-0.0055,0.0248,0.0075,-0.0479,0.0,0.0,0.0
1779816508146,2,Pitching Mound.Parent,,Delivery,pitch.1,336202,8.3633,0.5609,105.7281,-139.2271,154.1937,-2.8246,-0.1549,0.0863
1779816508147,2,11.0000004b,Drive,Delivery,pitch.1,337017,-0.0019,-0.0101,0.0336,0.0087,-0.0496,0.0011,0.0,0.0
1779816508147,2,12.00000015,Lower Delivery,Delivery,pitch.1,336736,3.9548,-4.328,92.5352,-209.2694,142.423,14.1354,-0.1634,-0.2401
1779816508147,2,12.00000018,Upper Delivery,Delivery,pitch.1,337292,4.4256,4.9134,13.0237,43.2557,11.6083,-17.0513,-0.0946,0.327
1779816508147,2,Pitching Mound.Delivery,,Delivery,pitch.1,336496,8.3804,0.5854,105.559,-138.9797,154.0312,-2.7559,-0.1549,0.086
1779816508147,2,Pitching Mound.Drive,,Delivery,pitch.1,337017,-0.0019,-0.0101,0.0336,0.0087,-0.0496,0.0011,0.0,0.0
1779816508147,2,Pitching Mound.Parent,,Delivery,pitch.1,336203,8.3785,0.5753,105.5925,-138.9711,153.9816,-2.7548,-0.1549,0.086
1779816508148,2,11.0000004b,Drive,Delivery,pitch.1,337018,-0.0011,-0.007,0.0268,0.0069,-0.0493,-0.0008,0.0,0.0
1779816508148,2,12.00000015,Lower Delivery,Delivery,pitch.1,336737,3.9495,-4.3261,92.4182,-208.9472,142.0939,14.1592,-0.1632,-0.24
1779816508148,2,12.00000018,Upper Delivery,Delivery,pitch.1,337293,4.4473,4.9179,13.0778,43.2977,11.9899,-17.0922,-0.0973,0.327
1779816508148,2,Pitching Mound.Delivery,,Delivery,pitch.1,336497,8.3969,0.5918,105.496,-138.6738,154.0838,-2.7637,-0.1551,0.086
1779816508148,2,Pitching Mound.Drive,,Delivery,pitch.1,337018,-0.0011,-0.007,0.0268,0.0069,-0.0493,-0.0008,0.0,0.0
1779816508148,2,Pitching Mound.Parent,,Delivery,pitch.1,336204,8.3957,0.5848,105.5227,-138.6668,154.0345,-2.7645,-0.155,0.086
1779816508149,2,11.0000004b,Drive,Delivery,pitch.1,337019,-0.001,-0.0068,0.0264,0.0081,-0.0493,-0.0014,0.0,0.0
1779816508149,2,12.00000015,Lower Delivery,Delivery,pitch.1,336738,3.96,-4.3159,92.2672,-208.9736,141.7822,14.2069,-0.1631,-0.2404
1779816508149,2,12.00000018,Upper Delivery,Delivery,pitch.1,337294,4.4781,4.9227,13.1138,43.2446,12.1681,-17.1803,-0.0985,0.327
1779816508149,2,Pitching Mound.Delivery,,Delivery,pitch.1,336498,8.4381,0.6068,105.381,-138.8169,153.9502,-2.7972,-0.1551,0.0856
1779816508149,2,Pitching Mound.Drive,,Delivery,pitch.1,337019,-0.001,-0.0068,0.0264,0.0081,-0.0493,-0.0014,0.0,0.0
1779816508149,2,Pitching Mound.Parent,,Delivery,pitch.1,336205,8.4371,0.6001,105.4073,-138.8088,153.9009,-2.7986,-0.1551,0.0855
1779816508150,2,11.0000004b,Drive,Delivery,pitch.1,337020,0.0001,-0.0031,0.019,0.0102,-0.0486,0.0023,0.0,0.0
1779816508150,2,12.00000015,Lower Delivery,Delivery,pitch.1,336739,3.9623,-4.3094,92.1827,-208.7475,141.7978,14.2001,-0.1633,-0.2404
1779816508150,2,12.00000018,Upper Delivery,Delivery,pitch.1,337295,4.5073,4.9024,13.2045,43.2483,12.5602,-17.2285,-0.101,0.327
1779816508150,2,Pitching Mound.Delivery,,Delivery,pitch.1,336499,8.4696,0.5929,105.3872,-138.6466,154.358,-2.8431,-0.1555,0.0855
1779816508150,2,Pitching Mound.Drive,,Delivery,pitch.1,337020,0.0001,-0.0031,0.019,0.0102,-0.0486,0.0023,0.0,0.0
1779816508150,2,Pitching Mound.Parent,,Delivery,pitch.1,336206,8.4696,0.5898,105.4061,-138.6364,154.3094,-2.8408,-0.1555,0.0855
1779816508151,2,11.0000004b,Drive,Delivery,pitch.1,337021,-0.0003,-0.0039,0.0204,0.0093,-0.0511,0.0022,0.0,0.0
1779816508151,2,12.00000015,Lower Delivery,Delivery,pitch.1,336740,3.969,-4.302,92.1815,-208.7374,141.6049,14.2512,-0.1631,-0.2404
1779816508151,2,12.00000018,Upper Delivery,Delivery,pitch.1,337296,4.5143,4.8957,13.239,43.4247,12.4667,-17.2274,-0.1,0.327
1779816508151,2,Pitching Mound.Delivery,,Delivery,pitch.1,336500,8.4833,0.5936,105.4206,-138.4722,154.0716,-2.7908,-0.1552,0.0855
1779816508151,2,Pitching Mound.Drive,,Delivery,pitch.1,337021,-0.0003,-0.0039,0.0204,0.0093,-0.0511,0.0022,0.0,0.0
1779816508151,2,Pitching Mound.Parent,,Delivery,pitch.1,336207,8.4829,0.5898,105.441,-138.4629,154.0205,-2.7886,-0.1551,0.0854
1779816508152,2,11.0000004b,Drive,Delivery,pitch.1,337022,-0.0017,-0.0076,0.0281,0.0114,-0.0516,0.001,0.0,0.0
1779816508152,2,12.00000015,Lower Delivery,Delivery,pitch.1,336741,3.9405,-4.304,91.9978,-208.5042,141.3454,14.2687,-0.1631,-0.2406
1779816508152,2,12.00000018,Upper Delivery,Delivery,pitch.1,337297,4.5332,4.8991,13.2271,43.1614,12.4634,-17.2992,-0.1,0.327
1779816508152,2,Pitching Mound.Delivery,,Delivery,pitch.1,336501,8.4737,0.5951,105.225,-138.5608,153.8088,-2.829,-0.1552,0.0853
1779816508152,2,Pitching Mound.Drive,,Delivery,pitch.1,337022,-0.0017,-0.0076,0.0281,0.0114,-0.0516,0.001,0.0,0.0
1779816508152,2,Pitching Mound.Parent,,Delivery,pitch.1,336208,8.472,0.5875,105.253,-138.5494,153.7571,-2.828,-0.1551,0.0852
1779816508153,2,11.0000004b,Drive,Delivery,pitch.1,337023,-0.0009,-0.0044,0.0227,0.012,-0.0511,0.0005,0.0,0.0
1779816508153,2,12.00000015,Lower Delivery,Delivery,pitch.1,336742,3.9618,-4.2828,91.9818,-208.4547,141.3474,14.2882,-0.1631,-0.2406
1779816508153,2,12.00000018,Upper Delivery,Delivery,pitch.1,337298,4.5441,4.9065,13.2542,43.2645,12.2669,-17.3489,-0.0983,0.327
1779816508153,2,Pitching Mound.Delivery,,Delivery,pitch.1,336502,8.5059,0.6237,105.236,-138.4229,153.6144,-2.8628,-0.155,0.0853
1779816508153,2,Pitching Mound.Drive,,Delivery,pitch.1,337023,-0.0009,-0.0044,0.0227,0.012,-0.0511,0.0005,0.0,0.0
1779816508153,2,Pitching Mound.Parent,,Delivery,pitch.1,336209,8.505,0.6193,105.2587,-138.4109,153.5632,-2.8623,-0.1549,0.0852
1779816508154,2,11.0000004b,Drive,Delivery,pitch.1,337024,-0.0008,-0.0035,0.0221,0.0128,-0.0519,0.0022,0.0,0.0
1779816508154,2,12.00000015,Lower Delivery,Delivery,pitch.1,336743,3.9497,-4.2893,91.7052,-208.2508,141.2156,14.2952,-0.1635,-0.2411
1779816508154,2,12.00000018,Upper Delivery,Delivery,pitch.1,337299,4.5685,4.9092,13.3776,43.6289,12.4485,-17.4302,-0.0988,0.327
1779816508154,2,Pitching Mound.Delivery,,Delivery,pitch.1,336503,8.5182,0.6199,105.0828,-137.9905,153.6641,-2.9245,-0.1552,0.0847
1779816508154,2,Pitching Mound.Drive,,Delivery,pitch.1,337024,-0.0008,-0.0035,0.0221,0.0128,-0.0519,0.0022,0.0,0.0
1779816508154,2,Pitching Mound.Parent,,Delivery,pitch.1,336210,8.5174,0.6163,105.1049,-137.9777,153.6123,-2.9224,-0.1552,0.0847
1779816508155,2,11.0000004b,Drive,Delivery,pitch.1,337025,-0.0017,-0.007,0.0293,0.0134,-0.049,0.0016,0.0,0.0
1779816508155,2,12.00000015,Lower Delivery,Delivery,pitch.1,336744,3.9458,-4.284,91.6434,-208.1062,140.9764,14.3329,-0.1633,-0.2411
1779816508155,2,12.00000018,Upper Delivery,Delivery,pitch.1,337300,4.5894,4.9132,13.3758,43.6688,12.3574,-17.4788,-0.0981,0.327
1779816508155,2,Pitching Mound.Delivery,,Delivery,pitch.1,336504,8.5351,0.6292,105.0192,-137.8264,153.3338,-2.927,-0.155,0.0847
1779816508155,2,Pitching Mound.Drive,,Delivery,pitch.1,337025,-0.0017,-0.007,0.0293,0.0134,-0.049,0.0016,0.0,0.0
1779816508155,2,Pitching Mound.Parent,,Delivery,pitch.1,336211,8.5335,0.6222,105.0486,-137.813,153.2848,-2.9254,-0.155,0.0846
1779816508156,2,11.0000004b,Drive,Delivery,pitch.1,337026,-0.0023,-0.0098,0.0348,0.0131,-0.0488,0.002,0.0,0.0
1779816508156,2,12.00000015,Lower Delivery,Delivery,pitch.1,336745,3.9261,-4.2759,91.6388,-208.1043,140.8725,14.337,-0.1632,-0.2411
1779816508156,2,12.00000018,Upper Delivery,Delivery,pitch.1,337301,4.5967,4.9132,13.413,44.0427,12.2897,-17.525,-0.0973,0.327
1779816508156,2,Pitching Mound.Delivery,,Delivery,pitch.1,336505,8.5228,0.6373,105.0517,-137.4648,153.1623,-2.9599,-0.1548,0.0846
1779816508156,2,Pitching Mound.Drive,,Delivery,pitch.1,337026,-0.0023,-0.0098,0.0348,0.0131,-0.0488,0.002,0.0,0.0
1779816508156,2,Pitching Mound.Parent,,Delivery,pitch.1,336212,8.5205,0.6275,105.0865,-137.4517,153.1134,-2.9579,-0.1547,0.0846
1779816508157,2,11.0000004b,Drive,Delivery,pitch.1,337027,-0.0014,-0.0053,0.0266,0.0126,-0.0505,0.0015,0.0,0.0
1779816508157,2,12.00000015,Lower Delivery,Delivery,pitch.1,336746,3.924,-4.2701,91.2563,-207.707,140.5209,14.34,-0.1635,-0.2416
1779816508157,2,12.00000018,Upper Delivery,Delivery,pitch.1,337302,4.6001,4.9362,13.4718,44.064,12.2247,-17.5846,-0.0963,0.327
1779816508157,2,Pitching Mound.Delivery,,Delivery,pitch.1,336506,8.5241,0.6661,104.7282,-137.1962,152.7456,-3.0147,-0.1548,0.084
1779816508157,2,Pitching Mound.Drive,,Delivery,pitch.1,337027,-0.0014,-0.0053,0.0266,0.0126,-0.0505,0.0015,0.0,0.0
1779816508157,2,Pitching Mound.Parent,,Delivery,pitch.1,336213,8.5227,0.6608,104.7548,-137.1836,152.6951,-3.0132,-0.1548,0.084
1779816508158,2,11.0000004b,Drive,Delivery,pitch.1,337028,-0.0021,-0.0086,0.0325,0.0123,-0.0513,0.0002,0.0,0.0
1779816508158,2,12.00000015,Lower Delivery,Delivery,pitch.1,336747,3.9414,-4.2788,91.2116,-207.6616,140.4079,14.3625,-0.1634,-0.2417
1779816508158,2,12.00000018,Upper Delivery,Delivery,pitch.1,337303,4.6171,4.9693,13.5648,44.3627,12.3108,-17.6416,-0.0963,0.327
1779816508158,2,Pitching Mound.Delivery,,Delivery,pitch.1,336507,8.5584,0.6905,104.7765,-136.899,152.7187,-3.0494,-0.1547,0.0839
1779816508158,2,Pitching Mound.Drive,,Delivery,pitch.1,337028,-0.0021,-0.0086,0.0325,0.0123,-0.0513,0.0002,0.0,0.0
1779816508158,2,Pitching Mound.Parent,,Delivery,pitch.1,336214,8.5564,0.6819,104.8089,-136.8866,152.6674,-3.0491,-0.1547,0.0839
1779816508159,2,11.0000004b,Drive,Delivery,pitch.1,337029,-0.0007,-0.0044,0.0238,0.0112,-0.0499,0.0019,0.0,0.0
1779816508159,2,12.00000015,Lower Delivery,Delivery,pitch.1,336748,3.9488,-4.2805,91.1589,-207.5023,140.0835,14.4022,-0.1631,-0.2417
1779816508159,2,12.00000018,Upper Delivery,Delivery,pitch.1,337304,4.6489,4.9793,13.6518,44.5072,12.2137,-17.7091,-0.095,0.327
1779816508159,2,Pitching Mound.Delivery,,Delivery,pitch.1,336508,8.5977,0.6988,104.8107,-136.6427,152.2972,-3.0688,-0.1543,0.0838
1779816508159,2,Pitching Mound.Drive,,Delivery,pitch.1,337029,-0.0007,-0.0044,0.0238,0.0112,-0.0499,0.0019,0.0,0.0
1779816508159,2,Pitching Mound.Parent,,Delivery,pitch.1,336215,8.5969,0.6944,104.8346,-136.6315,152.2473,-3.0669,-0.1542,0.0838
1779816508160,2,11.0000004b,Drive,Delivery,pitch.1,337030,-0.0005,-0.0032,0.0216,0.0105,-0.0505,0.0011,0.0,0.0
1779816508160,2,12.00000015,Lower Delivery,Delivery,pitch.1,336749,3.939,-4.2661,90.9607,-207.1578,139.9505,14.3929,-0.1633,-0.2418
1779816508160,2,12.00000018,Upper Delivery,Delivery,pitch.1,337305,4.654,4.9997,13.6569,44.7324,12.2991,-17.7383,-0.0956,0.327
1779816508160,2,Pitching Mound.Delivery,,Delivery,pitch.1,336509,8.5929,0.7336,104.6176,-136.1421,152.2496,-3.1022,-0.1545,0.0837
1779816508160,2,Pitching Mound.Drive,,Delivery,pitch.1,337030,-0.0005,-0.0032,0.0216,0.0105,-0.0505,0.0011,0.0,0.0
1779816508160,2,Pitching Mound.Parent,,Delivery,pitch.1,336216,8.5924,0.7304,104.6392,-136.1316,152.1991,-3.1012,-0.1545,0.0837
1779816508161,2,11.0000004b,Drive,Delivery,pitch.1,337031,-0.0013,-0.0061,0.0274,0.0111,-0.0508,-0.0021,0.0,0.0
1779816508161,2,12.00000015,Lower Delivery,Delivery,pitch.1,336750,3.9548,-4.2319,90.8688,-207.1145,139.6045,14.4165,-0.1631,-0.242
1779816508161,2,12.00000018,Upper Delivery,Delivery,pitch.1,337306,4.6657,5.0084,13.7398,45.4806,12.0325,-17.7633,-0.093,0.327
1779816508161,2,Pitching Mound.Delivery,,Delivery,pitch.1,336510,8.6205,0.7765,104.6087,-135.4101,151.637,-3.1051,-0.1539,0.0834
1779816508161,2,Pitching Mound.Drive,,Delivery,pitch.1,337031,-0.0013,-0.0061,0.0274,0.0111,-0.0508,-0.0021,0.0,0.0
1779816508161,2,Pitching Mound.Parent,,Delivery,pitch.1,336217,8.6192,0.7704,104.6361,-135.399,151.5861,-3.1071,-0.1538,0.0834
1779816508162,2,11.0000004b,Drive,Delivery,pitch.1,337032,-0.0012,-0.006,0.0275,0.0101,-0.0518,0.0001,0.0,0.0
1779816508162,2,12.00000015,Lower Delivery,Delivery,pitch.1,336751,3.959,-4.236,90.6677,-206.8445,139.5861,14.425,-0.1634,-0.2422
1779816508162,2,12.00000018,Upper Delivery,Delivery,pitch.1,337307,4.681,5.0416,13.7864,45.4888,12.1234,-17.8526,-0.0934,0.327
1779816508162,2,Pitching Mound.Delivery,,Delivery,pitch.1,336511,8.64,0.8056,104.4541,-135.216,151.7094,-3.1821,-0.1542,0.0832
1779816508162,2,Pitching Mound.Drive,,Delivery,pitch.1,337032,-0.0012,-0.006,0.0275,0.0101,-0.0518,0.0001,0.0,0.0
1779816508162,2,Pitching Mound.Parent,,Delivery,pitch.1,336218,8.6389,0.7996,104.4817,-135.2059,151.6576,-3.182,-0.1542,0.0832
1779816508163,2,11.0000004b,Drive,Delivery,pitch.1,337033,-0.0013,-0.0074,0.0301,0.0103,-0.0538,-0.0014,0.0,0.0
1779816508163,2,12.00000015,Lower Delivery,Delivery,pitch.1,336752,3.9609,-4.2193,90.5273,-206.7606,139.2437,14.4738,-0.1633,-0.2425
1779816508163,2,12.00000018,Upper Delivery,Delivery,pitch.1,337308,4.7055,5.0563,13.8776,45.824,12.3128,-17.8984,-0.0942,0.327
1779816508163,2,Pitching Mound.Delivery,,Delivery,pitch.1,336512,8.6664,0.837,104.4049,-134.8757,151.5565,-3.1715,-0.1541,0.0828
1779816508163,2,Pitching Mound.Drive,,Delivery,pitch.1,337033,-0.0013,-0.0074,0.0301,0.0103,-0.0538,-0.0014,0.0,0.0
1779816508163,2,Pitching Mound.Parent,,Delivery,pitch.1,336219,8.6651,0.8296,104.435,-134.8654,151.5027,-3.173,-0.1541,0.0828
1779816508164,2,11.0000004b,Drive,Delivery,pitch.1,337034,-0.0018,-0.0083,0.0326,0.0116,-0.0564,-0.0019,0.0,0.0
1779816508164,2,12.00000015,Lower Delivery,Delivery,pitch.1,336753,3.9611,-4.2065,90.3519,-206.6108,139.0436,14.4898,-0.1634,-0.2428
1779816508164,2,12.00000018,Upper Delivery,Delivery,pitch.1,337309,4.7281,5.0699,13.9137,45.9797,12.4104,-17.9691,-0.0947,0.327
1779816508164,2,Pitching Mound.Delivery,,Delivery,pitch.1,336513,8.6892,0.8635,104.2655,-134.6422,151.454,-3.2184,-0.1542,0.0825
1779816508164,2,Pitching Mound.Drive,,Delivery,pitch.1,337034,-0.0018,-0.0083,0.0326,0.0116,-0.0564,-0.0019,0.0,0.0
1779816508164,2,Pitching Mound.Parent,,Delivery,pitch.1,336220,8.6873,0.8551,104.2982,-134.6305,151.3976,-3.2203,-0.1542,0.0825
1779816508165,2,11.0000004b,Drive,Delivery,pitch.1,337035,-0.0009,-0.0055,0.0262,0.0108,-0.0554,-0.0013,0.0,0.0
1779816508165,2,12.00000015,Lower Delivery,Delivery,pitch.1,336754,3.9679,-4.1974,90.1987,-206.407,138.7958,14.5072,-0.1634,-0.2429
1779816508165,2,12.00000018,Upper Delivery,Delivery,pitch.1,337310,4.7361,5.0726,13.8861,45.5533,12.4343,-17.9837,-0.0951,0.327
1779816508165,2,Pitching Mound.Delivery,,Delivery,pitch.1,336514,8.7041,0.8752,104.0848,-134.9074,151.2301,-3.2153,-0.1542,0.0824
1779816508165,2,Pitching Mound.Drive,,Delivery,pitch.1,337035,-0.0009,-0.0055,0.0262,0.0108,-0.0554,-0.0013,0.0,0.0
1779816508165,2,Pitching Mound.Parent,,Delivery,pitch.1,336221,8.7032,0.8697,104.1111,-134.8966,151.1748,-3.2166,-0.1542,0.0824
1779816508166,2,11.0000004b,Drive,Delivery,pitch.1,337036,-0.0012,-0.0062,0.0277,0.0109,-0.0561,-0.0008,0.0,0.0
1779816508166,2,12.00000015,Lower Delivery,Delivery,pitch.1,336755,3.9822,-4.1815,89.9022,-206.3354,138.5867,14.5653,-0.1637,-0.2437
1779816508166,2,12.00000018,Upper Delivery,Delivery,pitch.1,337311,4.7707,5.0782,14.0246,46.0483,12.3447,-18.0585,-0.0934,0.327
1779816508166,2,Pitching Mound.Delivery,,Delivery,pitch.1,336515,8.7529,0.8966,103.9268,-134.4887,150.9313,-3.2251,-0.1542,0.0816
1779816508166,2,Pitching Mound.Drive,,Delivery,pitch.1,337036,-0.0012,-0.0062,0.0277,0.0109,-0.0561,-0.0008,0.0,0.0
1779816508166,2,Pitching Mound.Parent,,Delivery,pitch.1,336222,8.7517,0.8905,103.9545,-134.4779,150.8752,-3.226,-0.1541,0.0816
1779816508167,2,11.0000004b,Drive,Delivery,pitch.1,337037,-0.0013,-0.0058,0.0272,0.0114,-0.0563,0.0013,0.0,0.0
1779816508167,2,12.00000015,Lower Delivery,Delivery,pitch.1,336756,3.9808,-4.1569,89.8218,-206.1045,138.4858,14.5185,-0.1637,-0.2436
1779816508167,2,12.00000018,Upper Delivery,Delivery,pitch.1,337312,4.7684,5.0691,13.9634,45.6284,12.4553,-18.0597,-0.0947,0.327
1779816508167,2,Pitching Mound.Delivery,,Delivery,pitch.1,336516,8.7492,0.9123,103.7852,-134.6842,150.9412,-3.2734,-0.1544,0.0817
1779816508167,2,Pitching Mound.Drive,,Delivery,pitch.1,337037,-0.0013,-0.0058,0.0272,0.0114,-0.0563,0.0013,0.0,0.0
1779816508167,2,Pitching Mound.Parent,,Delivery,pitch.1,336223,8.7479,0.9065,103.8124,-134.6728,150.8848,-3.2721,-0.1544,0.0817
1779816508168,2,11.0000004b,Drive,Delivery,pitch.1,337038,-0.0012,-0.0057,0.0269,0.01,-0.055,0.002,0.0,0.0
1779816508168,2,12.00000015,Lower Delivery,Delivery,pitch.1,336757,4.0055,-4.1647,89.8056,-206.2906,138.4574,14.5905,-0.1637,-0.2439
1779816508168,2,12.00000018,Upper Delivery,Delivery,pitch.1,337313,4.7969,5.0522,13.9723,45.7554,12.435,-18.1193,-0.0945,0.327
1779816508168,2,Pitching Mound.Delivery,,Delivery,pitch.1,336517,8.8023,0.8876,103.7779,-134.7518,150.8924,-3.2598,-0.1544,0.0814
1779816508168,2,Pitching Mound.Drive,,Delivery,pitch.1,337038,-0.0012,-0.0057,0.0269,0.01,-0.055,0.002,0.0,0.0
1779816508168,2,Pitching Mound.Parent,,Delivery,pitch.1,336224,8.8011,0.8819,103.8048,-134.7418,150.8374,-3.2577,-0.1543,0.0814
1779816508169,2,11.0000004b,Drive,Delivery,pitch.1,337040,-0.002,-0.0088,0.0335,0.015,-0.0541,0.0015,0.0,0.0
1779816508169,2,11.0000004b,Drive,Delivery,pitch.1,337039,-0.0019,-0.0077,0.0312,0.0164,-0.051,0.0021,0.0,0.0
1779816508169,2,12.00000015,Lower Delivery,Delivery,pitch.1,336758,3.9883,-4.1622,89.5536,-205.9896,138.1725,14.5994,-0.1638,-0.2442
1779816508169,2,12.00000018,Upper Delivery,Delivery,pitch.1,337314,4.804,5.0255,13.9606,45.4345,12.5723,-18.1487,-0.0956,0.327
1779816508169,2,Pitching Mound.Delivery,,Delivery,pitch.1,336518,8.7923,0.8634,103.5143,-134.8534,150.7448,-3.272,-0.1546,0.0811
1779816508169,2,Pitching Mound.Drive,,Delivery,pitch.1,337040,-0.002,-0.0088,0.0335,0.015,-0.0541,0.0015,0.0,0.0
1779816508169,2,Pitching Mound.Drive,,Delivery,pitch.1,337039,-0.0019,-0.0077,0.0312,0.0164,-0.051,0.0021,0.0,0.0
1779816508169,2,Pitching Mound.Parent,,Delivery,pitch.1,336225,8.7904,0.8556,103.5454,-134.8371,150.6938,-3.2699,-0.1546,0.0811
1779816508170,2,11.0000004b,Drive,Delivery,pitch.1,337041,-0.0022,-0.0093,0.035,0.0238,-0.0524,0.0048,0.0,0.0
1779816508170,2,12.00000015,Lower Delivery,Delivery,pitch.1,336759,3.9847,-4.1497,89.3396,-205.9796,138.1277,14.601,-0.1641,-0.2448
1779816508170,2,12.00000018,Upper Delivery,Delivery,pitch.1,337315,4.8134,5.0359,13.9478,44.9411,12.881,-18.226,-0.098,0.327
1779816508170,2,Pitching Mound.Delivery,,Delivery,pitch.1,336519,8.7981,0.8862,103.2874,-135.4053,151.0087,-3.3432,-0.1552,0.0806
1779816508170,2,Pitching Mound.Drive,,Delivery,pitch.1,337041,-0.0022,-0.0093,0.035,0.0238,-0.0524,0.0048,0.0,0.0
1779816508170,2,Pitching Mound.Parent,,Delivery,pitch.1,336226,8.7961,0.8773,103.3209,-135.3903,150.9546,-3.3418,-0.1552,0.0806
1779816508171,2,11.0000004b,Drive,Delivery,pitch.1,337042,-0.0014,-0.006,0.0277,0.0223,-0.0529,0.0037,0.0,0.0
1779816508171,2,12.00000015,Lower Delivery,Delivery,pitch.1,336760,3.9766,-4.1419,89.2746,-206.1821,138.0269,14.5842,-0.1641,-0.2452
1779816508171,2,12.00000018,Upper Delivery,Delivery,pitch.1,337316,4.8206,5.0368,14.0324,45.297,12.6345,-18.2922,-0.0956,0.327
1779816508171,2,Pitching Mound.Delivery,,Delivery,pitch.1,336520,8.7972,0.895,103.3071,-135.3027,150.6615,-3.4211,-0.1548,0.0802
1779816508171,2,Pitching Mound.Drive,,Delivery,pitch.1,337042,-0.0014,-0.006,0.0277,0.0223,-0.0529,0.0037,0.0,0.0
1779816508171,2,Pitching Mound.Parent,,Delivery,pitch.1,336227,8.795,0.8857,103.3421,-135.279,150.6091,-3.4162,-0.1548,0.0801
1779816508172,2,11.0000004b,Drive,Delivery,pitch.1,337043,-0.0014,-0.0058,0.0277,0.0144,-0.0543,0.0001,0.0,0.0
1779816508172,2,12.00000015,Lower Delivery,Delivery,pitch.1,336761,3.9802,-4.1287,89.0984,-206.0303,137.981,14.5624,-0.1644,-0.2455
1779816508172,2,12.00000018,Upper Delivery,Delivery,pitch.1,337317,4.8334,5.0669,14.0491,45.0636,12.8146,-18.3273,-0.0968,0.327
1779816508172,2,Pitching Mound.Delivery,,Delivery,pitch.1,336521,8.8137,0.9382,103.1475,-135.4499,150.7956,-3.4748,-0.1552,0.0799
1779816508172,2,Pitching Mound.Drive,,Delivery,pitch.1,337043,-0.0014,-0.0058,0.0277,0.0144,-0.0543,0.0001,0.0,0.0
1779816508172,2,Pitching Mound.Parent,,Delivery,pitch.1,336228,8.8123,0.9323,103.1752,-135.4276,150.7427,-3.471,-0.1552,0.0798
1779816508173,2,11.0000004b,Drive,Delivery,pitch.1,337044,-0.0017,-0.0068,0.0296,0.0181,-0.0519,0.002,0.0,0.0
1779816508173,2,12.00000015,Lower Delivery,Delivery,pitch.1,336762,3.9764,-4.0998,89.0625,-206.0685,137.8509,14.5773,-0.1643,-0.2456
1779816508173,2,12.00000018,Upper Delivery,Delivery,pitch.1,337318,4.8435,5.0608,14.065,44.8596,12.9037,-18.3505,-0.0974,0.327
1779816508173,2,Pitching Mound.Delivery,,Delivery,pitch.1,336522,8.8199,0.961,103.1275,-135.7098,150.7547,-3.4784,-0.1552,0.0797
1779816508173,2,Pitching Mound.Drive,,Delivery,pitch.1,337044,-0.0017,-0.0068,0.0296,0.0181,-0.0519,0.002,0.0,0.0
1779816508173,2,Pitching Mound.Parent,,Delivery,pitch.1,336229,8.8185,0.9552,103.1552,-135.6954,150.7003,-3.4783,-0.1551,0.0797
1779816508174,2,11.0000004b,Drive,Delivery,pitch.1,337045,-0.0027,-0.0109,0.0378,0.0244,-0.0485,0.0012,0.0,0.0
1779816508174,2,12.00000015,Lower Delivery,Delivery,pitch.1,336763,3.9632,-4.0713,89.3648,-205.9071,137.833,14.5499,-0.1637,-0.2446
1779816508174,2,12.00000018,Upper Delivery,Delivery,pitch.1,337319,4.8292,5.0708,14.0868,44.5586,13.2342,-18.4182,-0.0997,0.327
1779816508174,2,Pitching Mound.Delivery,,Delivery,pitch.1,336523,8.7923,0.9995,103.4516,-135.754,151.0672,-3.5738,-0.155,0.0806
1779816508174,2,Pitching Mound.Drive,,Delivery,pitch.1,337045,-0.0027,-0.0109,0.0378,0.0244,-0.0485,0.0012,0.0,0.0
1779816508174,2,Pitching Mound.Parent,,Delivery,pitch.1,336230,8.7906,0.9928,103.4811,-135.7358,151.0153,-3.5718,-0.155,0.0806
1779816508175,2,11.0000004b,Drive,Delivery,pitch.1,337046,-0.0024,-0.0106,0.0365,0.0182,-0.0479,0.0016,0.0,0.0
1779816508175,2,12.00000015,Lower Delivery,Delivery,pitch.1,336764,3.9789,-4.0683,88.9906,-205.5789,137.3259,14.6291,-0.1638,-0.2452
1779816508175,2,12.00000018,Upper Delivery,Delivery,pitch.1,337320,4.8252,5.0773,14.1097,44.9261,13.0562,-18.4463,-0.0982,0.327
1779816508175,2,Pitching Mound.Delivery,,Delivery,pitch.1,336524,8.8041,1.009,103.1003,-135.1933,150.3821,-3.5295,-0.1548,0.08
1779816508175,2,Pitching Mound.Drive,,Delivery,pitch.1,337046,-0.0024,-0.0106,0.0365,0.0182,-0.0479,0.0016,0.0,0.0
1779816508175,2,Pitching Mound.Parent,,Delivery,pitch.1,336231,8.8014,0.9981,103.1381,-135.1689,150.3336,-3.5284,-0.1548,0.08
1779816508176,2,11.0000004b,Drive,Delivery,pitch.1,337047,-0.0028,-0.0121,0.0393,0.0106,-0.05,-0.0005,0.0,0.0
1779816508176,2,12.00000015,Lower Delivery,Delivery,pitch.1,336765,3.9847,-4.039,88.8059,-205.3372,137.0037,14.6668,-0.1638,-0.2455
1779816508176,2,12.00000018,Upper Delivery,Delivery,pitch.1,337321,4.8265,5.1022,14.1628,45.4217,12.6879,-18.5026,-0.0951,0.327
1779816508176,2,Pitching Mound.Delivery,,Delivery,pitch.1,336525,8.8112,1.0632,102.9686,-134.5368,149.6916,-3.5496,-0.1543,0.0797
1779816508176,2,Pitching Mound.Drive,,Delivery,pitch.1,337047,-0.0028,-0.0121,0.0393,0.0106,-0.05,-0.0005,0.0,0.0
1779816508176,2,Pitching Mound.Parent,,Delivery,pitch.1,336232,8.8089,1.0526,103.0051,-134.5186,149.6438,-3.548,-0.1543,0.0797
1779816508177,2,11.0000004b,Drive,Delivery,pitch.1,337048,-0.0032,-0.014,0.0429,0.0089,-0.0486,0.0006,0.0,0.0
1779816508177,2,12.00000015,Lower Delivery,Delivery,pitch.1,336766,3.9988,-4.0144,88.9325,-205.2057,136.906,14.6384,-0.1634,-0.245
1779816508177,2,12.00000018,Upper Delivery,Delivery,pitch.1,337322,4.8276,5.1296,14.176,45.4881,12.8182,-18.5415,-0.096,0.327
1779816508177,2,Pitching Mound.Delivery,,Delivery,pitch.1,336526,8.8264,1.1153,103.1085,-134.3004,149.7242,-3.6213,-0.1542,0.0802
1779816508177,2,Pitching Mound.Drive,,Delivery,pitch.1,337048,-0.0032,-0.014,0.0429,0.0089,-0.0486,0.0006,0.0,0.0
1779816508177,2,Pitching Mound.Parent,,Delivery,pitch.1,336233,8.8236,1.1031,103.1478,-134.2898,149.6742,-3.6218,-0.1541,0.0802
1779816508178,2,11.0000004b,Drive,Delivery,pitch.1,337049,-0.0036,-0.0153,0.0464,0.0098,-0.0483,0.0017,0.0,0.0
1779816508178,2,12.00000015,Lower Delivery,Delivery,pitch.1,336767,4.0084,-3.9817,88.5798,-205.0573,136.6826,14.6719,-0.1638,-0.2458
1779816508178,2,12.00000018,Upper Delivery,Delivery,pitch.1,337323,4.8332,5.158,14.2665,45.913,12.9363,-18.6751,-0.0963,0.327
1779816508178,2,Pitching Mound.Delivery,,Delivery,pitch.1,336527,8.8416,1.1763,102.8463,-133.8777,149.6188,-3.7228,-0.1544,0.0794
1779816508178,2,Pitching Mound.Drive,,Delivery,pitch.1,337049,-0.0036,-0.0153,0.0464,0.0098,-0.0483,0.0017,0.0,0.0
1779816508178,2,Pitching Mound.Parent,,Delivery,pitch.1,336234,8.8384,1.1623,102.8892,-133.8688,149.5702,-3.7222,-0.1544,0.0793
1779816508179,2,11.0000004b,Drive,Delivery,pitch.1,337050,-0.0035,-0.0151,0.0454,0.0101,-0.0484,-0.0007,0.0,0.0
1779816508179,2,12.00000015,Lower Delivery,Delivery,pitch.1,336768,3.9901,-3.9675,88.4409,-204.668,136.271,14.7327,-0.1636,-0.2457
1779816508179,2,12.00000018,Upper Delivery,Delivery,pitch.1,337324,4.8397,5.1918,14.3246,46.1462,12.8749,-18.7397,-0.0954,0.327
1779816508179,2,Pitching Mound.Delivery,,Delivery,pitch.1,336528,8.8297,1.2243,102.7655,-133.3222,149.1459,-3.7181,-0.1541,0.0794
1779816508179,2,Pitching Mound.Drive,,Delivery,pitch.1,337050,-0.0035,-0.0151,0.0454,0.0101,-0.0484,-0.0007,0.0,0.0
1779816508179,2,Pitching Mound.Parent,,Delivery,pitch.1,336235,8.8261,1.209,102.8119,-133.3125,149.0976,-3.7164,-0.154,0.0793
1779816508180,2,11.0000004b,Drive,Delivery,pitch.1,337051,-0.0027,-0.0126,0.0393,0.0077,-0.0488,0.0013,0.0,0.0
1779816508180,2,12.00000015,Lower Delivery,Delivery,pitch.1,336769,3.9867,-3.9544,88.3815,-204.4918,136.1984,14.7448,-0.1636,-0.2456
1779816508180,2,12.00000018,Upper Delivery,Delivery,pitch.1,337325,4.8524,5.2129,14.3095,46.4692,12.7146,-18.7722,-0.0943,0.327
1779816508180,2,Pitching Mound.Delivery,,Delivery,pitch.1,336529,8.8392,1.2586,102.691,-132.8381,148.913,-3.7331,-0.1539,0.0794
1779816508180,2,Pitching Mound.Drive,,Delivery,pitch.1,337051,-0.0027,-0.0126,0.0393,0.0077,-0.0488,0.0013,0.0,0.0
1779816508180,2,Pitching Mound.Parent,,Delivery,pitch.1,336236,8.8357,1.2435,102.7364,-132.828,148.8646,-3.7338,-0.1539,0.0794
1779816508181,2,11.0000004b,Drive,Delivery,pitch.1,337052,-0.0014,-0.0076,0.029,0.0076,-0.0482,-0.0015,0.0,0.0
1779816508181,2,12.00000015,Lower Delivery,Delivery,pitch.1,336770,4.0048,-3.9261,88.3279,-204.3449,136.1677,14.7901,-0.1637,-0.2456
1779816508181,2,12.00000018,Upper Delivery,Delivery,pitch.1,337326,4.8575,5.2274,14.3767,46.8396,12.5266,-18.8195,-0.0925,0.327
1779816508181,2,Pitching Mound.Delivery,,Delivery,pitch.1,336530,8.8623,1.3013,102.7046,-132.3618,148.6943,-3.7394,-0.1537,0.0794
1779816508181,2,Pitching Mound.Drive,,Delivery,pitch.1,337052,-0.0014,-0.0076,0.029,0.0076,-0.0482,-0.0015,0.0,0.0
1779816508181,2,Pitching Mound.Parent,,Delivery,pitch.1,336237,8.8595,1.2887,102.7439,-132.3542,148.6456,-3.7381,-0.1536,0.0793
1779816508182,2,11.0000004b,Drive,Delivery,pitch.1,337053,-0.0011,-0.0066,0.0272,0.0081,-0.046,-0.0002,0.0,0.0
1779816508182,2,12.00000015,Lower Delivery,Delivery,pitch.1,336771,4.0233,-3.9039,88.0622,-204.3771,136.0897,14.8379,-0.1641,-0.2464
1779816508182,2,12.00000018,Upper Delivery,Delivery,pitch.1,337327,4.9004,5.2292,14.4187,46.9341,12.7702,-18.8856,-0.094,0.327
1779816508182,2,Pitching Mound.Delivery,,Delivery,pitch.1,336531,8.9237,1.3253,102.4809,-132.4041,148.8599,-3.7495,-0.1542,0.0786
1779816508182,2,Pitching Mound.Drive,,Delivery,pitch.1,337053,-0.0011,-0.0066,0.0272,0.0081,-0.046,-0.0002,0.0,0.0
1779816508182,2,Pitching Mound.Parent,,Delivery,pitch.1,336238,8.9224,1.3177,102.5099,-132.3965,148.8117,-3.751,-0.1542,0.0786
1779816508183,2,11.0000004b,Drive,Delivery,pitch.1,337054,-0.002,-0.0089,0.0318,0.0068,-0.0474,0.0009,0.0,0.0
1779816508183,2,12.00000015,Lower Delivery,Delivery,pitch.1,336772,4.0393,-3.8865,88.3203,-204.4431,136.1183,14.8592,-0.1636,-0.2457
1779816508183,2,12.00000015,Lower Delivery,Delivery,pitch.1,336773,4.0402,-3.883,88.3226,-204.3522,135.7509,14.8956,-0.1632,-0.2456
1779816508183,2,12.00000018,Upper Delivery,Delivery,pitch.1,337328,4.9205,5.2331,14.4832,47.1708,12.7955,-18.9842,-0.0938,0.327
1779816508183,2,Pitching Mound.Delivery,,Delivery,pitch.1,336532,8.9598,1.3465,102.8035,-132.1676,148.9138,-3.8254,-0.1538,0.0791
1779816508183,2,Pitching Mound.Drive,,Delivery,pitch.1,337054,-0.002,-0.0089,0.0318,0.0068,-0.0474,0.0009,0.0,0.0
1779816508183,2,Pitching Mound.Parent,,Delivery,pitch.1,336239,8.9588,1.3399,102.8308,-132.1595,148.8678,-3.8256,-0.1537,0.0791
1779816508184,2,11.0000004b,Drive,Delivery,pitch.1,337055,-0.0017,-0.0075,0.0288,0.0061,-0.05,0.0003,0.0,0.0
1779816508184,2,12.00000015,Lower Delivery,Delivery,pitch.1,336774,4.042,-3.866,88.2267,-204.4075,135.7691,14.9015,-0.1634,-0.246
1779816508184,2,12.00000018,Upper Delivery,Delivery,pitch.1,337329,4.9567,5.2233,14.5652,47.4368,12.8823,-19.0106,-0.0939,0.327
1779816508184,2,Pitching Mound.Delivery,,Delivery,pitch.1,336533,8.997,1.3404,102.8878,-131.8379,148.6332,-3.8034,-0.1534,0.0792
1779816508184,2,Pitching Mound.Drive,,Delivery,pitch.1,337055,-0.0017,-0.0075,0.0288,0.0061,-0.05,0.0003,0.0,0.0
1779816508184,2,Pitching Mound.Parent,,Delivery,pitch.1,336240,8.995,1.3315,102.9195,-131.8311,148.5858,-3.8026,-0.1533,0.0792
1779816508185,2,11.0000004b,Drive,Delivery,pitch.1,337056,-0.0031,-0.0105,0.0357,0.0067,-0.0525,0.0024,0.0,0.0
1779816508185,2,12.00000018,Upper Delivery,Delivery,pitch.1,337330,4.9781,5.2131,14.5751,47.8201,12.8286,-19.0842,-0.0934,0.327
1779816508185,2,Pitching Mound.Delivery,,Delivery,pitch.1,336534,9.0201,1.3471,102.8018,-131.5459,148.5977,-3.8644,-0.1535,0.0789
1779816508185,2,Pitching Mound.Drive,,Delivery,pitch.1,337056,-0.0031,-0.0105,0.0357,0.0067,-0.0525,0.0024,0.0,0.0
1779816508185,2,Pitching Mound.Parent,,Delivery,pitch.1,336241,9.0184,1.3396,102.8306,-131.5397,148.5477,-3.8641,-0.1534,0.0788
1779816508186,2,12.00000015,Lower Delivery,Delivery,pitch.1,336775,4.0336,-3.8385,88.2697,-204.6884,135.8514,14.9164,-0.1634,-0.2462
1779816508186,2,12.00000015,Lower Delivery,Delivery,pitch.1,336776,4.0534,-3.8048,88.0616,-204.4093,135.6897,14.9061,-0.1636,-0.2464
1779816508186,2,12.00000018,Upper Delivery,Delivery,pitch.1,337331,5.0039,5.2221,14.643,47.7779,12.6465,-19.1187,-0.0917,0.327
1779816508186,2,Pitching Mound.Delivery,,Delivery,pitch.1,336535,9.0374,1.3836,102.9127,-131.8775,148.4979,-3.8725,-0.1532,0.0786
1779816508186,2,Pitching Mound.Parent,,Delivery,pitch.1,336242,9.0344,1.3731,102.9483,-131.8708,148.4453,-3.87,-0.1531,0.0786
1779816508187,2,11.0000004b,Drive,Delivery,pitch.1,337057,-0.0017,-0.0063,0.0259,0.0069,-0.0534,0.0026,0.0,0.0
1779816508187,2,12.00000015,Lower Delivery,Delivery,pitch.1,336777,4.0364,-3.787,88.0881,-204.5561,135.493,14.9281,-0.1633,-0.2465
1779816508187,2,12.00000018,Upper Delivery,Delivery,pitch.1,337332,5.0118,5.2227,14.7039,47.7655,13.0252,-19.1864,-0.094,0.327
1779816508187,2,Pitching Mound.Delivery,,Delivery,pitch.1,336536,9.0652,1.4179,102.7654,-131.7023,148.7149,-3.9544,-0.1536,0.0783
1779816508187,2,Pitching Mound.Drive,,Delivery,pitch.1,337057,-0.0017,-0.0063,0.0259,0.0069,-0.0534,0.0026,0.0,0.0
1779816508187,2,Pitching Mound.Parent,,Delivery,pitch.1,336243,9.0635,1.4116,102.7913,-131.6954,148.6615,-3.9518,-0.1536,0.0783
1779816508188,2,11.0000004b,Drive,Delivery,pitch.1,337058,-0.0021,-0.0076,0.0289,0.0087,-0.0553,0.0018,0.0,0.0
1779816508188,2,12.00000018,Upper Delivery,Delivery,pitch.1,337333,5.0295,5.2004,14.7059,47.7406,13.028,-19.2382,-0.094,0.327
1779816508188,2,Pitching Mound.Delivery,,Delivery,pitch.1,336537,9.0659,1.4134,102.794,-131.8655,148.521,-3.9725,-0.1534,0.0782
1779816508188,2,Pitching Mound.Drive,,Delivery,pitch.1,337058,-0.0021,-0.0076,0.0289,0.0087,-0.0553,0.0018,0.0,0.0
1779816508188,2,Pitching Mound.Parent,,Delivery,pitch.1,336244,9.0638,1.4058,102.8229,-131.8568,148.4657,-3.9706,-0.1533,0.0782
1779816508189,2,11.0000004b,Drive,Delivery,pitch.1,337059,-0.0014,-0.0055,0.0241,0.0095,-0.055,0.0005,0.0,0.0
1779816508189,2,12.00000015,Lower Delivery,Delivery,pitch.1,336778,4.0448,-3.7692,88.1439,-204.5773,135.5634,14.9377,-0.1633,-0.2464
1779816508189,2,12.00000018,Upper Delivery,Delivery,pitch.1,337334,5.0492,5.2155,14.7938,47.8802,13.1254,-19.2799,-0.0942,0.327
1779816508189,2,Pitching Mound.Delivery,,Delivery,pitch.1,336538,9.094,1.4463,102.9378,-131.758,148.6888,-4.0007,-0.1533,0.0783
1779816508189,2,Pitching Mound.Drive,,Delivery,pitch.1,337059,-0.0014,-0.0055,0.0241,0.0095,-0.055,0.0005,0.0,0.0
1779816508189,2,Pitching Mound.Parent,,Delivery,pitch.1,336245,9.0927,1.4407,102.9619,-131.7485,148.6338,-4.0002,-0.1533,0.0783
1779816508190,2,11.0000004b,Drive,Delivery,pitch.1,337060,-0.003,-0.0032,0.0211,0.0093,-0.0577,-0.0005,0.0,0.0
1779816508190,2,12.00000015,Lower Delivery,Delivery,pitch.1,336779,4.0793,-3.7306,88.1296,-204.6208,135.4925,14.9441,-0.1632,-0.2465
1779816508190,2,12.00000018,Upper Delivery,Delivery,pitch.1,337335,5.0462,5.2313,14.8358,48.0663,12.8387,-19.3159,-0.0919,0.327
1779816508190,2,Pitching Mound.Delivery,,Delivery,pitch.1,336539,9.1255,1.5008,102.9654,-131.6346,148.3312,-4.043,-0.1529,0.0782
1779816508190,2,Pitching Mound.Drive,,Delivery,pitch.1,337060,-0.003,-0.0032,0.0211,0.0093,-0.0577,-0.0005,0.0,0.0
1779816508190,2,Pitching Mound.Parent,,Delivery,pitch.1,336246,9.1225,1.4976,102.9865,-131.6253,148.2735,-4.0435,-0.1529,0.0782
1779816508191,2,11.0000004b,Drive,Delivery,pitch.1,337061,-0.0011,-0.0026,0.0187,0.0096,-0.0582,-0.0008,0.0,0.0
1779816508191,2,12.00000015,Lower Delivery,Delivery,pitch.1,336780,4.0835,-3.7143,88.018,-204.5396,135.1865,14.9367,-0.1631,-0.2467
1779816508191,2,12.00000018,Upper Delivery,Delivery,pitch.1,337336,5.0546,5.2424,14.92,48.3837,12.9824,-19.3576,-0.0924,0.327
1779816508191,2,Pitching Mound.Delivery,,Delivery,pitch.1,336540,9.1381,1.5281,102.938,-131.3026,148.1689,-4.0907,-0.1528,0.0779
1779816508191,2,Pitching Mound.Drive,,Delivery,pitch.1,337061,-0.0011,-0.0026,0.0187,0.0096,-0.0582,-0.0008,0.0,0.0
1779816508191,2,Pitching Mound.Parent,,Delivery,pitch.1,336247,9.137,1.5255,102.9567,-131.2931,148.1106,-4.0915,-0.1528,0.0779
1779816508192,2,11.0000004b,Drive,Delivery,pitch.1,337062,-0.001,-0.0039,0.0209,0.0104,-0.0579,-0.0024,0.0,0.0
1779816508192,2,11.0000004b,Drive,Delivery,pitch.1,337063,-0.0009,-0.0041,0.0209,0.0112,-0.0598,0.0001,0.0,0.0
1779816508192,2,12.00000015,Lower Delivery,Delivery,pitch.1,336781,4.0791,-3.6952,87.8202,-204.3232,134.8019,14.9237,-0.163,-0.247
1779816508192,2,12.00000018,Upper Delivery,Delivery,pitch.1,337337,5.0547,5.255,14.9334,48.4169,12.6068,-19.4135,-0.0896,0.327
1779816508192,2,Pitching Mound.Delivery,,Delivery,pitch.1,336541,9.1338,1.5598,102.7536,-131.1248,147.4087,-4.1581,-0.1523,0.0776
1779816508192,2,Pitching Mound.Drive,,Delivery,pitch.1,337062,-0.001,-0.0039,0.0209,0.0104,-0.0579,-0.0024,0.0,0.0
1779816508192,2,Pitching Mound.Drive,,Delivery,pitch.1,337063,-0.0009,-0.0041,0.0209,0.0112,-0.0598,0.0001,0.0,0.0
1779816508192,2,Pitching Mound.Parent,,Delivery,pitch.1,336248,9.1327,1.5559,102.7745,-131.1144,147.3508,-4.1605,-0.1523,0.0776
1779816508193,2,11.0000004b,Drive,Delivery,pitch.1,337064,-0.0008,-0.0035,0.0197,0.0102,-0.0591,0.0005,0.0,0.0
1779816508193,2,12.00000015,Lower Delivery,Delivery,pitch.1,336782,4.0811,-3.6634,87.8152,-204.41,134.7217,14.9369,-0.1629,-0.2471
1779816508193,2,12.00000018,Upper Delivery,Delivery,pitch.1,337338,5.0624,5.2584,14.9695,48.4522,12.5635,-19.4451,-0.0891,0.327
1779816508193,2,Pitching Mound.Delivery,,Delivery,pitch.1,336542,9.1435,1.595,102.7846,-131.1903,147.2852,-4.1746,-0.1521,0.0775
1779816508193,2,Pitching Mound.Drive,,Delivery,pitch.1,337064,-0.0008,-0.0035,0.0197,0.0102,-0.0591,0.0005,0.0,0.0
1779816508193,2,Pitching Mound.Parent,,Delivery,pitch.1,336249,9.1426,1.5909,102.8056,-131.1792,147.2254,-4.1745,-0.1521,0.0774
1779816508194,2,11.0000004b,Drive,Delivery,pitch.1,337065,0.0002,-0.0012,0.0156,0.0105,-0.0599,0.0027,0.0,0.0
1779816508194,2,12.00000015,Lower Delivery,Delivery,pitch.1,336783,4.1097,-3.6459,87.5148,-204.0152,134.2422,14.9328,-0.1628,-0.2475
1779816508194,2,12.00000018,Upper Delivery,Delivery,pitch.1,337339,5.0928,5.3036,15.0294,48.6142,12.4991,-19.493,-0.0883,0.327
1779816508194,2,Pitching Mound.Delivery,,Delivery,pitch.1,336543,9.2025,1.6577,102.5441,-130.756,146.7413,-4.2259,-0.1519,0.0771
1779816508194,2,Pitching Mound.Drive,,Delivery,pitch.1,337065,0.0002,-0.0012,0.0156,0.0105,-0.0599,0.0027,0.0,0.0
1779816508194,2,Pitching Mound.Parent,,Delivery,pitch.1,336250,9.2017,1.6541,102.5639,-130.7458,146.6822,-4.2254,-0.1519,0.077
1779816508195,2,11.0000004b,Drive,Delivery,pitch.1,337066,-0.0004,-0.0031,0.0196,0.0118,-0.06,0.001,0.0,0.0
1779816508195,2,12.00000015,Lower Delivery,Delivery,pitch.1,336784,4.1327,-3.6264,87.3089,-203.9099,134.1908,14.9911,-0.1632,-0.2479
1779816508195,2,12.00000018,Upper Delivery,Delivery,pitch.1,337340,5.1068,5.3189,15.0955,48.636,12.6097,-19.5604,-0.0887,0.327
1779816508195,2,Pitching Mound.Delivery,,Delivery,pitch.1,336544,9.2395,1.6926,102.4044,-130.7213,146.8005,-4.2381,-0.1522,0.0766
1779816508195,2,Pitching Mound.Drive,,Delivery,pitch.1,337066,-0.0004,-0.0031,0.0196,0.0118,-0.06,0.001,0.0,0.0
1779816508195,2,Pitching Mound.Parent,,Delivery,pitch.1,336251,9.2396,1.6913,102.42,-130.7108,146.7407,-4.2355,-0.1522,0.0766
1779816508196,2,11.0000004b,Drive,Delivery,pitch.1,337067,0.0009,-0.0001,0.0138,0.0125,-0.0615,0.0011,0.0,0.0
1779816508196,2,12.00000015,Lower Delivery,Delivery,pitch.1,336785,4.1334,-3.5994,87.3465,-203.7375,133.9689,14.9542,-0.1628,-0.2476
1779816508196,2,12.00000015,Lower Delivery,Delivery,pitch.1,336786,4.1614,-3.579,87.2411,-203.615,133.8471,14.9698,-0.1629,-0.2478
1779816508196,2,12.00000018,Upper Delivery,Delivery,pitch.1,337341,5.1175,5.3406,15.0879,48.6845,12.6681,-19.5986,-0.0891,0.327
1779816508196,2,Pitching Mound.Delivery,,Delivery,pitch.1,336545,9.2509,1.7412,102.4344,-130.4851,146.637,-4.3098,-0.152,0.0769
1779816508196,2,Pitching Mound.Drive,,Delivery,pitch.1,337067,0.0009,-0.0001,0.0138,0.0125,-0.0615,0.0011,0.0,0.0
1779816508196,2,Pitching Mound.Parent,,Delivery,pitch.1,336252,9.2505,1.738,102.454,-130.4733,146.577,-4.3088,-0.1519,0.0768
1779816508197,2,12.00000018,Upper Delivery,Delivery,pitch.1,337342,5.1582,5.3474,15.2416,48.8681,12.9264,-19.721,-0.09,0.327
1779816508197,2,Pitching Mound.Delivery,,Delivery,pitch.1,336546,9.3196,1.7685,102.4827,-130.267,146.7735,-4.4124,-0.152,0.0766
1779816508197,2,Pitching Mound.Parent,,Delivery,pitch.1,336253,9.3205,1.7683,102.4965,-130.2545,146.712,-4.4113,-0.152,0.0766
1779816508198,2,11.0000004b,Drive,Delivery,pitch.1,337069,0.0001,-0.0021,0.019,0.0121,-0.0597,0.0004,0.0,0.0
1779816508198,2,11.0000004b,Drive,Delivery,pitch.1,337068,-0.0001,-0.0028,0.02,0.0111,-0.0593,0.0024,0.0,0.0
1779816508198,2,12.00000015,Lower Delivery,Delivery,pitch.1,336787,4.1412,-3.5582,87.2026,-203.5704,133.5269,14.9971,-0.1626,-0.2478
1779816508198,2,12.00000018,Upper Delivery,Delivery,pitch.1,337343,5.1541,5.3706,15.2939,48.9715,12.985,-19.7568,-0.0901,0.327
1779816508198,2,Pitching Mound.Delivery,,Delivery,pitch.1,336547,9.2953,1.8124,102.4965,-130.15,146.5119,-4.4154,-0.1518,0.0765
1779816508198,2,Pitching Mound.Drive,,Delivery,pitch.1,337069,0.0001,-0.0021,0.019,0.0121,-0.0597,0.0004,0.0,0.0
1779816508198,2,Pitching Mound.Drive,,Delivery,pitch.1,337068,-0.0001,-0.0028,0.02,0.0111,-0.0593,0.0024,0.0,0.0
1779816508198,2,Pitching Mound.Parent,,Delivery,pitch.1,336254,9.2952,1.8096,102.5165,-130.1389,146.4526,-4.413,-0.1517,0.0765
1779816508199,2,11.0000004b,Drive,Delivery,pitch.1,337070,-0.0015,-0.0071,0.0301,0.0118,-0.06,0.0005,0.0,0.0
1779816508199,2,12.00000015,Lower Delivery,Delivery,pitch.1,336789,4.1941,-3.4966,87.1298,-203.4926,133.2365,15.084,-0.1623,-0.2479
1779816508199,2,12.00000015,Lower Delivery,Delivery,pitch.1,336788,4.1617,-3.5371,87.1096,-203.4624,133.3136,15.0302,-0.1625,-0.248
1779816508199,2,12.00000018,Upper Delivery,Delivery,pitch.1,337344,5.1712,5.3861,15.3408,49.0576,13.0219,-19.8012,-0.0901,0.327
1779816508199,2,Pitching Mound.Delivery,,Delivery,pitch.1,336548,9.3329,1.849,102.4504,-130.0034,146.3355,-4.4278,-0.1516,0.0763
1779816508199,2,Pitching Mound.Drive,,Delivery,pitch.1,337070,-0.0015,-0.0071,0.0301,0.0118,-0.06,0.0005,0.0,0.0
1779816508199,2,Pitching Mound.Parent,,Delivery,pitch.1,336255,9.333,1.8469,102.4693,-129.9913,146.2758,-4.4274,-0.1516,0.0763
1779816508200,2,11.0000004b,Drive,Delivery,pitch.1,337071,-0.002,-0.0091,0.0355,0.0109,-0.0574,0.002,0.0,0.0
1779816508200,2,12.00000018,Upper Delivery,Delivery,pitch.1,337345,5.191,5.3961,15.4618,49.2976,13.0583,-19.9303,-0.0897,0.327
1779816508200,2,Pitching Mound.Delivery,,Delivery,pitch.1,336549,9.3851,1.8994,102.5916,-129.8278,146.2947,-4.5073,-0.1514,0.0762
1779816508200,2,Pitching Mound.Drive,,Delivery,pitch.1,337071,-0.002,-0.0091,0.0355,0.0109,-0.0574,0.002,0.0,0.0
1779816508200,2,Pitching Mound.Parent,,Delivery,pitch.1,336256,9.3836,1.8923,102.6217,-129.816,146.2347,-4.5068,-0.1513,0.0762
1779816508201,2,11.0000004b,Drive,Delivery,pitch.1,337072,-0.0014,-0.0073,0.0318,0.0103,-0.0557,0.0025,0.0,0.0
1779816508201,2,12.00000015,Lower Delivery,Delivery,pitch.1,336790,4.1947,-3.4631,87.0339,-203.5875,133.1961,15.095,-0.1625,-0.2483
1779816508201,2,12.00000015,Lower Delivery,Delivery,pitch.1,336791,4.2102,-3.4276,86.8789,-203.5125,133.0956,15.093,-0.1626,-0.2487
1779816508201,2,12.00000018,Upper Delivery,Delivery,pitch.1,337346,5.2225,5.4121,15.5464,49.5526,13.4078,-20.0453,-0.0916,0.327
1779816508201,2,Pitching Mound.Delivery,,Delivery,pitch.1,336550,9.4172,1.949,102.5803,-129.7291,146.6039,-4.6008,-0.1517,0.0758
1779816508201,2,Pitching Mound.Drive,,Delivery,pitch.1,337072,-0.0014,-0.0073,0.0318,0.0103,-0.0557,0.0025,0.0,0.0
1779816508201,2,Pitching Mound.Parent,,Delivery,pitch.1,336257,9.4152,1.9399,102.6158,-129.7182,146.5465,-4.5988,-0.1517,0.0758
1779816508202,2,11.0000004b,Drive,Delivery,pitch.1,337073,-0.0017,-0.0083,0.0337,0.0119,-0.056,0.0014,0.0,0.0
1779816508202,2,12.00000015,Lower Delivery,Delivery,pitch.1,336792,4.2433,-3.386,86.8455,-203.5828,133.1885,15.161,-0.1628,-0.2489
1779816508202,2,12.00000018,Upper Delivery,Delivery,pitch.1,337347,5.2332,5.4297,15.6585,49.864,13.2711,-20.1233,-0.09,0.327
1779816508202,2,Pitching Mound.Delivery,,Delivery,pitch.1,336551,9.4434,2.002,102.5374,-129.4336,146.3667,-4.6825,-0.1515,0.0754
1779816508202,2,Pitching Mound.Drive,,Delivery,pitch.1,337073,-0.0017,-0.0083,0.0337,0.0119,-0.056,0.0014,0.0,0.0
1779816508202,2,Pitching Mound.Parent,,Delivery,pitch.1,336258,9.442,1.9947,102.5691,-129.4233,146.311,-4.68,-0.1515,0.0754
1779816508203,2,11.0000004b,Drive,Delivery,pitch.1,337074,-0.0011,-0.0064,0.0293,0.0111,-0.0552,0.0016,0.0,0.0
1779816508203,2,12.00000015,Lower Delivery,Delivery,pitch.1,336793,4.253,-3.3561,86.6875,-203.6122,133.0507,15.1874,-0.1629,-0.2494
1779816508203,2,12.00000018,Upper Delivery,Delivery,pitch.1,337348,5.2439,5.4576,15.7622,50.2388,13.4341,-20.226,-0.0905,0.327
1779816508203,2,Pitching Mound.Delivery,,Delivery,pitch.1,336552,9.4872,2.0716,102.6077,-129.1757,146.6226,-4.7248,-0.1517,0.0751
1779816508203,2,Pitching Mound.Drive,,Delivery,pitch.1,337074,-0.0011,-0.0064,0.0293,0.0111,-0.0552,0.0016,0.0,0.0
1779816508203,2,Pitching Mound.Parent,,Delivery,pitch.1,336259,9.4855,2.0633,102.6414,-129.1638,146.5666,-4.7234,-0.1517,0.0751
1779816508204,2,11.0000004b,Drive,Delivery,pitch.1,337075,-0.0022,-0.01,0.0372,0.0147,-0.0544,0.0003,0.0,0.0
1779816508204,2,12.00000015,Lower Delivery,Delivery,pitch.1,336794,4.2458,-3.3418,86.6822,-203.623,133.016,15.1703,-0.1629,-0.2494
1779816508204,2,12.00000018,Upper Delivery,Delivery,pitch.1,337349,5.236,5.4926,15.7413,50.6989,13.0096,-20.2817,-0.0877,0.327
1779816508204,2,Pitching Mound.Delivery,,Delivery,pitch.1,336553,9.489,2.1365,102.4288,-128.7916,146.0603,-4.7601,-0.1514,0.0747
1779816508204,2,Pitching Mound.Drive,,Delivery,pitch.1,337075,-0.0022,-0.01,0.0372,0.0147,-0.0544,0.0003,0.0,0.0
1779816508204,2,Pitching Mound.Parent,,Delivery,pitch.1,336260,9.4879,2.1301,102.4581,-128.7805,146.0051,-4.7585,-0.1513,0.0747
1779816508205,2,11.0000004b,Drive,Delivery,pitch.1,337076,-0.0022,-0.01,0.0363,0.0187,-0.053,0.0005,0.0,0.0
1779816508205,2,12.00000015,Lower Delivery,Delivery,pitch.1,336795,4.266,-3.3147,86.7367,-203.893,133.1326,15.1978,-0.1629,-0.2496
1779816508205,2,12.00000018,Upper Delivery,Delivery,pitch.1,337350,5.236,5.5082,15.8213,50.8982,13.0551,-20.3293,-0.0876,0.327
1779816508205,2,Pitching Mound.Delivery,,Delivery,pitch.1,336554,9.4818,2.1664,102.5035,-128.6321,146.0712,-4.8223,-0.1513,0.0746
1779816508205,2,Pitching Mound.Drive,,Delivery,pitch.1,337076,-0.0022,-0.01,0.0363,0.0187,-0.053,0.0005,0.0,0.0
1779816508205,2,Pitching Mound.Parent,,Delivery,pitch.1,336261,9.4796,2.1564,102.5407,-128.6174,146.0167,-4.822,-0.1512,0.0746
1779816508206,2,11.0000004b,Drive,Delivery,pitch.1,337077,-0.0015,-0.0072,0.0298,0.0177,-0.0536,0.0007,0.0,0.0
1779816508206,2,12.00000015,Lower Delivery,Delivery,pitch.1,336796,4.3176,-3.2904,86.3792,-204.0021,133.2516,15.2241,-0.1638,-0.2507
1779816508206,2,12.00000018,Upper Delivery,Delivery,pitch.1,337351,5.2511,5.5412,15.8971,50.994,13.0691,-20.3993,-0.0873,0.327
1779816508206,2,Pitching Mound.Delivery,,Delivery,pitch.1,336555,9.5171,2.2265,102.6338,-128.8135,146.2018,-4.8665,-0.1512,0.0744
1779816508206,2,Pitching Mound.Drive,,Delivery,pitch.1,337077,-0.0015,-0.0072,0.0298,0.0177,-0.0536,0.0007,0.0,0.0
1779816508206,2,Pitching Mound.Parent,,Delivery,pitch.1,336262,9.5149,2.2164,102.6701,-128.7948,146.1488,-4.866,-0.1512,0.0744
1779816508207,2,11.0000004b,Drive,Delivery,pitch.1,337078,-0.0023,-0.0088,0.034,0.0166,-0.0544,0.0027,0.0,0.0
1779816508207,2,12.00000015,Lower Delivery,Delivery,pitch.1,336797,4.3287,-3.2594,86.2901,-204.2369,133.2117,15.2194,-0.1639,-0.2513
1779816508207,2,12.00000018,Upper Delivery,Delivery,pitch.1,337352,5.267,5.5735,16.0148,51.1706,13.2762,-20.4886,-0.088,0.327
1779816508207,2,Pitching Mound.Delivery,,Delivery,pitch.1,336556,9.5846,2.283,102.3939,-128.9076,146.5278,-4.9416,-0.1519,0.0733
1779816508207,2,Pitching Mound.Drive,,Delivery,pitch.1,337078,-0.0023,-0.0088,0.034,0.0166,-0.0544,0.0027,0.0,0.0
1779816508207,2,Pitching Mound.Parent,,Delivery,pitch.1,336263,9.5831,2.2759,102.4237,-128.89,146.4742,-4.941,-0.1519,0.0733
1779816508208,2,11.0000004b,Drive,Delivery,pitch.1,337079,-0.0024,-0.0106,0.0363,0.0145,-0.0541,0.0005,0.0,0.0
1779816508208,2,12.00000015,Lower Delivery,Delivery,pitch.1,336798,4.3746,-3.2337,86.0797,-204.3559,133.3527,15.203,-0.1645,-0.252
1779816508208,2,12.00000018,Upper Delivery,Delivery,pitch.1,337353,5.2827,5.5993,15.951,51.138,13.3163,-20.5694,-0.0886,0.327
1779816508208,2,Pitching Mound.Delivery,,Delivery,pitch.1,336557,9.6114,2.3399,102.2411,-129.1836,146.528,-5.0257,-0.1521,0.0729
1779816508208,2,Pitching Mound.Drive,,Delivery,pitch.1,337079,-0.0024,-0.0106,0.0363,0.0145,-0.0541,0.0005,0.0,0.0
1779816508208,2,Pitching Mound.Parent,,Delivery,pitch.1,336264,9.6091,2.3311,102.2751,-129.167,146.4736,-5.023,-0.1521,0.0728
1779816508209,2,11.0000004b,Drive,Delivery,pitch.1,337080,-0.0016,-0.0075,0.0296,0.0131,-0.0545,0.0036,0.0,0.0
1779816508209,2,12.00000015,Lower Delivery,Delivery,pitch.1,336799,4.392,-3.2102,86.0706,-204.3826,133.3169,15.2439,-0.1644,-0.2521
1779816508209,2,12.00000018,Upper Delivery,Delivery,pitch.1,337354,5.304,5.6268,16.0419,51.1472,13.481,-20.6737,-0.0892,0.327
1779816508209,2,Pitching Mound.Delivery,,Delivery,pitch.1,336558,9.6787,2.3931,102.1215,-129.3959,146.8337,-5.1547,-0.1526,0.0721
1779816508209,2,Pitching Mound.Drive,,Delivery,pitch.1,337080,-0.0016,-0.0075,0.0296,0.0131,-0.0545,0.0036,0.0,0.0
1779816508209,2,Pitching Mound.Parent,,Delivery,pitch.1,336265,9.6762,2.3825,102.1579,-129.3814,146.7797,-5.1541,-0.1526,0.0721
1779816508210,2,11.0000004b,Drive,Delivery,pitch.1,337081,-0.0016,-0.0077,0.0289,0.0129,-0.0518,0.0016,0.0,0.0
1779816508210,2,12.00000015,Lower Delivery,Delivery,pitch.1,336800,4.4079,-3.1812,86.0199,-204.3295,132.9288,15.2321,-0.1641,-0.2522
1779816508210,2,12.00000018,Upper Delivery,Delivery,pitch.1,337355,5.3295,5.6332,15.9963,51.0943,13.3603,-20.7742,-0.0887,0.327
1779816508210,2,Pitching Mound.Delivery,,Delivery,pitch.1,336559,9.7215,2.423,102.067,-129.4631,146.6772,-5.2115,-0.1526,0.0721
1779816508210,2,Pitching Mound.Drive,,Delivery,pitch.1,337081,-0.0016,-0.0077,0.0289,0.0129,-0.0518,0.0016,0.0,0.0
1779816508210,2,Pitching Mound.Parent,,Delivery,pitch.1,336266,9.7199,2.4155,102.0966,-129.45,146.6227,-5.2079,-0.1525,0.0721
1779816508211,2,11.0000004b,Drive,Delivery,pitch.1,337082,-0.002,-0.0086,0.0308,0.0113,-0.0505,0.0014,0.0,0.0
1779816508211,2,12.00000015,Lower Delivery,Delivery,pitch.1,336801,4.4382,-3.1491,86.1033,-204.4745,132.9979,15.2848,-0.164,-0.2521
1779816508211,2,12.00000018,Upper Delivery,Delivery,pitch.1,337356,5.3385,5.647,16.0569,51.2669,13.2084,-20.8171,-0.0873,0.327
1779816508211,2,Pitching Mound.Delivery,,Delivery,pitch.1,336560,9.7465,2.4659,102.0768,-129.2752,146.1372,-5.2686,-0.152,0.072
1779816508211,2,Pitching Mound.Drive,,Delivery,pitch.1,337082,-0.002,-0.0086,0.0308,0.0113,-0.0505,0.0014,0.0,0.0
1779816508211,2,Pitching Mound.Parent,,Delivery,pitch.1,336267,9.7448,2.4582,102.1057,-129.2623,146.0853,-5.267,-0.1519,0.0719
1779816508212,2,11.0000004b,Drive,Delivery,pitch.1,337083,-0.0024,-0.0088,0.0329,0.0114,-0.0516,0.0024,0.0,0.0
1779816508212,2,12.00000015,Lower Delivery,Delivery,pitch.1,336802,4.4668,-3.1047,86.4241,-204.841,132.8989,15.2891,-0.1633,-0.2516
1779816508212,2,12.00000018,Upper Delivery,Delivery,pitch.1,337357,5.3554,5.6523,16.1029,51.4768,13.069,-20.8832,-0.0862,0.327
1779816508212,2,Pitching Mound.Delivery,,Delivery,pitch.1,336561,9.7936,2.5033,102.2062,-129.1976,146.0669,-5.2865,-0.1517,0.072
1779816508212,2,Pitching Mound.Drive,,Delivery,pitch.1,337083,-0.0024,-0.0088,0.0329,0.0114,-0.0516,0.0024,0.0,0.0
1779816508212,2,Pitching Mound.Parent,,Delivery,pitch.1,336268,9.7917,2.4946,102.237,-129.1863,146.0164,-5.2851,-0.1517,0.072
1779816508213,2,11.0000004b,Drive,Delivery,pitch.1,337084,-0.0022,-0.0076,0.031,0.012,-0.0511,0.0053,0.0,0.0
1779816508213,2,12.00000015,Lower Delivery,Delivery,pitch.1,336803,4.4757,-3.0957,86.3733,-204.905,132.8042,15.3409,-0.1632,-0.2519
1779816508213,2,12.00000018,Upper Delivery,Delivery,pitch.1,337358,5.3662,5.657,16.1254,51.3578,12.9533,-20.9352,-0.0853,0.327
1779816508213,2,Pitching Mound.Delivery,,Delivery,pitch.1,336562,9.833,2.5523,102.5495,-129.5817,145.8522,-5.3404,-0.151,0.0724
1779816508213,2,Pitching Mound.Drive,,Delivery,pitch.1,337084,-0.0022,-0.0076,0.031,0.012,-0.0511,0.0053,0.0,0.0
1779816508213,2,Pitching Mound.Parent,,Delivery,pitch.1,336269,9.8306,2.5435,102.5824,-129.5702,145.8006,-5.3379,-0.1509,0.0724
1779816508214,2,11.0000004b,Drive,Delivery,pitch.1,337085,-0.0027,-0.0062,0.0289,0.0106,-0.0539,0.0055,0.0,0.0
1779816508214,2,12.00000015,Lower Delivery,Delivery,pitch.1,336804,4.5233,-3.059,86.3334,-204.927,132.7727,15.3868,-0.1633,-0.252
1779816508214,2,12.00000018,Upper Delivery,Delivery,pitch.1,337359,5.3972,5.6589,16.1338,51.2576,13.1536,-21.0461,-0.0866,0.327
1779816508214,2,Pitching Mound.Delivery,,Delivery,pitch.1,336563,9.8729,2.5632,102.5071,-129.766,145.9579,-5.3919,-0.1512,0.0722
1779816508214,2,Pitching Mound.Drive,,Delivery,pitch.1,337085,-0.0027,-0.0062,0.0289,0.0106,-0.0539,0.0055,0.0,0.0
1779816508214,2,Pitching Mound.Parent,,Delivery,pitch.1,336270,9.8707,2.5556,102.5381,-129.754,145.9068,-5.3866,-0.1511,0.0722
1779816508215,2,11.0000004b,Drive,Delivery,pitch.1,337086,-0.002,-0.0053,0.0277,0.0124,-0.0557,0.0075,0.0,0.0
1779816508215,2,12.00000015,Lower Delivery,Delivery,pitch.1,336805,4.5471,-3.0261,86.4445,-205.0033,132.6656,15.4548,-0.1629,-0.2518
1779816508215,2,12.00000018,Upper Delivery,Delivery,pitch.1,337360,5.4232,5.6538,16.2298,51.5519,13.3019,-21.1033,-0.087,0.327
1779816508215,2,Pitching Mound.Delivery,,Delivery,pitch.1,336564,9.9465,2.5949,102.5632,-129.5398,146.0746,-5.4105,-0.1512,0.072
1779816508215,2,Pitching Mound.Drive,,Delivery,pitch.1,337086,-0.002,-0.0053,0.0277,0.0124,-0.0557,0.0075,0.0,0.0
1779816508215,2,Pitching Mound.Parent,,Delivery,pitch.1,336271,9.9439,2.5887,102.5921,-129.5292,146.0207,-5.405,-0.1512,0.072
1779816508216,2,11.0000004b,Drive,Delivery,pitch.1,337087,-0.0017,-0.0061,0.0279,0.0121,-0.0525,0.0055,0.0,0.0
1779816508216,2,12.00000015,Lower Delivery,Delivery,pitch.1,336806,4.5581,-2.9912,86.5647,-205.0148,132.5631,15.4528,-0.1626,-0.2514
1779816508216,2,12.00000018,Upper Delivery,Delivery,pitch.1,337361,5.4529,5.6701,16.3464,51.6324,13.5152,-21.1966,-0.0878,0.327
1779816508216,2,Pitching Mound.Delivery,,Delivery,pitch.1,336565,9.9999,2.644,102.7909,-129.5375,146.1808,-5.4338,-0.151,0.0721
1779816508216,2,Pitching Mound.Drive,,Delivery,pitch.1,337087,-0.0017,-0.0061,0.0279,0.0121,-0.0525,0.0055,0.0,0.0
1779816508216,2,Pitching Mound.Parent,,Delivery,pitch.1,336272,9.9979,2.6386,102.8186,-129.5252,146.1251,-5.4264,-0.1509,0.0721
1779816508217,2,11.0000004b,Drive,Delivery,pitch.1,337088,-0.0017,-0.0063,0.0282,0.0119,-0.0528,0.0061,0.0,0.0
1779816508217,2,12.00000015,Lower Delivery,Delivery,pitch.1,336807,4.5611,-2.9639,86.8566,-205.1017,132.5534,15.5975,-0.162,-0.2507
1779816508217,2,12.00000018,Upper Delivery,Delivery,pitch.1,337362,5.4537,5.6837,16.3836,52.2195,13.2331,-21.2208,-0.0857,0.327
1779816508217,2,Pitching Mound.Delivery,,Delivery,pitch.1,336566,10.0118,2.6925,102.9483,-128.9338,145.7963,-5.4635,-0.1503,0.0724
1779816508217,2,Pitching Mound.Drive,,Delivery,pitch.1,337088,-0.0017,-0.0063,0.0282,0.0119,-0.0528,0.0061,0.0,0.0
1779816508217,2,Pitching Mound.Parent,,Delivery,pitch.1,336273,10.0101,2.6863,102.9762,-128.9217,145.7438,-5.458,-0.1503,0.0724
1779816508218,2,11.0000004b,Drive,Delivery,pitch.1,337089,-0.0025,-0.0083,0.0331,0.013,-0.0538,0.0065,0.0,0.0
1779816508218,2,12.00000015,Lower Delivery,Delivery,pitch.1,336808,4.568,-2.9705,87.0262,-205.2254,132.5849,15.6386,-0.1617,-0.2504
1779816508218,2,12.00000018,Upper Delivery,Delivery,pitch.1,337363,5.4833,5.6946,16.4,52.3536,13.3738,-21.3134,-0.0866,0.327
1779816508218,2,Pitching Mound.Delivery,,Delivery,pitch.1,336567,10.0444,2.7307,103.2566,-128.7929,145.9272,-5.4024,-0.15,0.0731
1779816508218,2,Pitching Mound.Drive,,Delivery,pitch.1,337089,-0.0025,-0.0083,0.0331,0.013,-0.0538,0.0065,0.0,0.0
1779816508218,2,Pitching Mound.Parent,,Delivery,pitch.1,336274,10.0427,2.7244,103.2848,-128.781,145.8744,-5.3963,-0.15,0.073
1779816508219,2,11.0000004b,Drive,Delivery,pitch.1,337090,-0.0025,-0.0097,0.0348,0.0153,-0.0545,0.006,0.0,0.0
1779816508219,2,12.00000015,Lower Delivery,Delivery,pitch.1,336809,4.6038,-2.9601,87.0877,-205.2822,132.7154,15.7014,-0.1618,-0.2502
1779816508219,2,12.00000018,Upper Delivery,Delivery,pitch.1,337364,5.5124,5.694,16.4617,52.3269,13.5469,-21.354,-0.0874,0.327
1779816508219,2,Pitching Mound.Delivery,,Delivery,pitch.1,336568,10.0803,2.7236,103.4879,-128.9066,146.1318,-5.3943,-0.1499,0.0733
1779816508219,2,Pitching Mound.Drive,,Delivery,pitch.1,337090,-0.0025,-0.0097,0.0348,0.0153,-0.0545,0.006,0.0,0.0
1779816508219,2,Pitching Mound.Parent,,Delivery,pitch.1,336275,10.0778,2.7153,103.5211,-128.8936,146.078,-5.3878,-0.1499,0.0733
1779816508220,2,11.0000004b,Drive,Delivery,pitch.1,337091,-0.0029,-0.0097,0.0362,0.0228,-0.0547,0.0064,0.0,0.0
1779816508220,2,12.00000015,Lower Delivery,Delivery,pitch.1,336810,4.6374,-2.9395,87.0034,-205.2725,132.7272,15.7916,-0.162,-0.2505
1779816508220,2,12.00000018,Upper Delivery,Delivery,pitch.1,337365,5.532,5.7138,16.5386,52.7563,13.6427,-21.4138,-0.0876,0.327
1779816508220,2,Pitching Mound.Delivery,,Delivery,pitch.1,336569,10.1357,2.7537,103.6263,-128.5392,146.3582,-5.3969,-0.1499,0.0734
1779816508220,2,Pitching Mound.Drive,,Delivery,pitch.1,337091,-0.0029,-0.0097,0.0362,0.0228,-0.0547,0.0064,0.0,0.0
1779816508220,2,Pitching Mound.Parent,,Delivery,pitch.1,336276,10.1332,2.744,103.6611,-128.5239,146.3037,-5.3908,-0.1499,0.0733
1779816508221,2,11.0000004b,Drive,Delivery,pitch.1,337092,-0.0016,-0.0059,0.0271,0.0203,-0.0563,0.0054,0.0,0.0
1779816508221,2,12.00000015,Lower Delivery,Delivery,pitch.1,336811,4.6431,-2.924,87.0964,-205.2394,132.855,15.876,-0.1619,-0.2502
1779816508221,2,12.00000018,Upper Delivery,Delivery,pitch.1,337366,5.5535,5.7302,16.6673,53.2423,13.8699,-21.4902,-0.0883,0.327
1779816508221,2,Pitching Mound.Delivery,,Delivery,pitch.1,336570,10.1909,2.7907,103.6707,-128.1159,146.597,-5.3872,-0.1501,0.073
1779816508221,2,Pitching Mound.Drive,,Delivery,pitch.1,337092,-0.0016,-0.0059,0.0271,0.0203,-0.0563,0.0054,0.0,0.0
1779816508221,2,Pitching Mound.Parent,,Delivery,pitch.1,336277,10.1879,2.781,103.7069,-128.0932,146.5424,-5.3809,-0.1501,0.073
1779816508222,2,11.0000004b,Drive,Delivery,pitch.1,337093,-0.0027,-0.0092,0.0349,0.0202,-0.0561,0.006,0.0,0.0
1779816508222,2,12.00000015,Lower Delivery,Delivery,pitch.1,336812,4.6617,-2.9138,87.2091,-205.3066,132.7962,15.9712,-0.1617,-0.2499
1779816508222,2,12.00000018,Upper Delivery,Delivery,pitch.1,337367,5.5971,5.7414,16.7453,53.5059,14.1678,-21.5975,-0.0898,0.327
1779816508222,2,Pitching Mound.Delivery,,Delivery,pitch.1,336571,10.2402,2.8173,103.8417,-127.8141,147.0227,-5.3971,-0.1503,0.0733
1779816508222,2,Pitching Mound.Drive,,Delivery,pitch.1,337093,-0.0027,-0.0092,0.0349,0.0202,-0.0561,0.006,0.0,0.0
1779816508222,2,Pitching Mound.Parent,,Delivery,pitch.1,336278,10.2386,2.8115,103.8688,-127.7938,146.9664,-5.3917,-0.1503,0.0732
1779816508223,2,11.0000004b,Drive,Delivery,pitch.1,337094,-0.0022,-0.0069,0.0304,0.0195,-0.0574,0.0019,0.0,0.0
1779816508223,2,12.00000015,Lower Delivery,Delivery,pitch.1,336813,4.6871,-2.8759,87.3241,-205.5491,132.9028,16.0252,-0.1616,-0.2499
1779816508223,2,12.00000018,Upper Delivery,Delivery,pitch.1,337368,5.6066,5.7435,16.8379,53.6557,14.2726,-21.657,-0.09,0.327
1779816508223,2,Pitching Mound.Delivery,,Delivery,pitch.1,336572,10.2683,2.8297,104.047,-127.7248,147.0688,-5.3645,-0.1501,0.0734
1779816508223,2,Pitching Mound.Drive,,Delivery,pitch.1,337094,-0.0022,-0.0069,0.0304,0.0195,-0.0574,0.0019,0.0,0.0
1779816508223,2,Pitching Mound.Parent,,Delivery,pitch.1,336279,10.2657,2.8205,104.0819,-127.7046,147.0127,-5.3585,-0.15,0.0734
1779816508224,2,11.0000004b,Drive,Delivery,pitch.1,337095,-0.0024,-0.0076,0.0311,0.012,-0.0587,0.0013,0.0,0.0
1779816508224,2,12.00000015,Lower Delivery,Delivery,pitch.1,336814,4.7003,-2.8449,87.3515,-205.9274,132.9438,16.0647,-0.1616,-0.2503
1779816508224,2,12.00000018,Upper Delivery,Delivery,pitch.1,337369,5.6364,5.7562,16.9126,53.9608,14.3248,-21.7613,-0.0899,0.327
1779816508224,2,Pitching Mound.Delivery,,Delivery,pitch.1,336573,10.3235,2.8803,104.2367,-127.6484,147.2276,-5.4133,-0.1499,0.0734
1779816508224,2,Pitching Mound.Drive,,Delivery,pitch.1,337095,-0.0024,-0.0076,0.0311,0.012,-0.0587,0.0013,0.0,0.0
1779816508224,2,Pitching Mound.Parent,,Delivery,pitch.1,336280,10.3212,2.8734,104.267,-127.6289,147.1703,-5.4114,-0.1499,0.0734
1779816508225,2,11.0000004b,Drive,Delivery,pitch.1,337096,-0.003,-0.0091,0.0347,0.0116,-0.0591,0.0007,0.0,0.0
1779816508225,2,12.00000015,Lower Delivery,Delivery,pitch.1,336815,4.7241,-2.8171,87.5433,-206.0776,132.9716,16.1073,-0.1613,-0.2499
1779816508225,2,12.00000018,Upper Delivery,Delivery,pitch.1,337370,5.6735,5.7753,17.0815,54.2277,14.5528,-21.8659,-0.0904,0.327
1779816508225,2,Pitching Mound.Delivery,,Delivery,pitch.1,336574,10.3737,2.9305,104.433,-127.8079,147.4966,-5.4703,-0.1499,0.0729
1779816508225,2,Pitching Mound.Drive,,Delivery,pitch.1,337096,-0.003,-0.0091,0.0347,0.0116,-0.0591,0.0007,0.0,0.0
1779816508225,2,Pitching Mound.Parent,,Delivery,pitch.1,336281,10.3713,2.9229,104.4641,-127.7958,147.4379,-5.469,-0.1499,0.0729
1779816508226,2,11.0000004b,Drive,Delivery,pitch.1,337097,-0.0033,-0.0099,0.0369,0.0119,-0.0586,-0.0028,0.0,0.0
1779816508226,2,12.00000015,Lower Delivery,Delivery,pitch.1,336816,4.7535,-2.7932,87.4453,-206.2678,132.9383,16.1438,-0.1614,-0.2504
1779816508226,2,12.00000018,Upper Delivery,Delivery,pitch.1,337371,5.6866,5.8012,17.1435,54.3374,14.4866,-21.9071,-0.0897,0.327
1779816508226,2,Pitching Mound.Delivery,,Delivery,pitch.1,336575,10.4108,2.9842,104.6868,-127.8043,147.4582,-5.4726,-0.1495,0.0732
1779816508226,2,Pitching Mound.Drive,,Delivery,pitch.1,337097,-0.0033,-0.0099,0.0369,0.0119,-0.0586,-0.0028,0.0,0.0
1779816508226,2,Pitching Mound.Parent,,Delivery,pitch.1,336282,10.4077,2.9751,104.7214,-127.7927,147.3991,-5.4719,-0.1495,0.0732
1779816508227,2,11.0000004b,Drive,Delivery,pitch.1,337098,-0.0028,-0.0079,0.0329,0.0108,-0.0592,-0.0013,0.0,0.0
1779816508227,2,12.00000015,Lower Delivery,Delivery,pitch.1,336817,4.7999,-2.7601,87.558,-206.5329,132.9519,16.2097,-0.1612,-0.2504
1779816508227,2,12.00000018,Upper Delivery,Delivery,pitch.1,337372,5.6991,5.8011,17.2668,54.6856,14.6668,-22.0146,-0.0902,0.327
1779816508227,2,Pitching Mound.Delivery,,Delivery,pitch.1,336576,10.4526,3.0079,104.7121,-127.7214,147.6051,-5.5492,-0.1496,0.0727
1779816508227,2,Pitching Mound.Drive,,Delivery,pitch.1,337098,-0.0028,-0.0079,0.0329,0.0108,-0.0592,-0.0013,0.0,0.0
1779816508227,2,Pitching Mound.Parent,,Delivery,pitch.1,336283,10.4493,2.998,104.749,-127.7096,147.5464,-5.552,-0.1496,0.0726
1779816508228,2,11.0000004b,Drive,Delivery,pitch.1,337099,-0.0033,-0.0094,0.0369,0.0105,-0.0571,-0.0013,0.0,0.0
1779816508228,2,12.00000015,Lower Delivery,Delivery,pitch.1,336818,4.8098,-2.7431,87.6195,-206.6756,132.8438,16.2063,-0.161,-0.2504
1779816508228,2,12.00000018,Upper Delivery,Delivery,pitch.1,337373,5.7149,5.8121,17.3364,54.8246,14.722,-22.0781,-0.0902,0.327
1779816508228,2,Pitching Mound.Delivery,,Delivery,pitch.1,336577,10.5148,3.0519,104.8944,-127.833,147.674,-5.5573,-0.1495,0.0726
1779816508228,2,Pitching Mound.Drive,,Delivery,pitch.1,337099,-0.0033,-0.0094,0.0369,0.0105,-0.0571,-0.0013,0.0,0.0
1779816508228,2,Pitching Mound.Parent,,Delivery,pitch.1,336284,10.512,3.044,104.9273,-127.8221,147.6148,-5.5587,-0.1494,0.0726
1779816508229,2,11.0000004b,Drive,Delivery,pitch.1,337100,-0.0022,-0.0049,0.0279,0.012,-0.0579,-0.0015,0.0,0.0
1779816508229,2,12.00000015,Lower Delivery,Delivery,pitch.1,336819,4.8537,-2.7092,87.6783,-207.0423,132.8946,16.255,-0.1609,-0.2507
1779816508229,2,12.00000018,Upper Delivery,Delivery,pitch.1,337374,5.7178,5.8295,17.4322,55.0862,14.6437,-22.1387,-0.0892,0.327
1779816508229,2,12.00000018,Upper Delivery,Delivery,pitch.1,337375,5.7465,5.8379,17.5477,55.6923,14.8339,-22.2138,-0.0897,0.327
1779816508229,2,Pitching Mound.Delivery,,Delivery,pitch.1,336578,10.5276,3.0864,105.0516,-127.7257,147.4875,-5.6237,-0.149,0.0726
1779816508229,2,Pitching Mound.Delivery,,Delivery,pitch.1,336579,10.6002,3.1287,105.226,-127.5055,147.7285,-5.6553,-0.149,0.0723
1779816508229,2,Pitching Mound.Drive,,Delivery,pitch.1,337100,-0.0022,-0.0049,0.0279,0.012,-0.0579,-0.0015,0.0,0.0
1779816508229,2,Pitching Mound.Parent,,Delivery,pitch.1,336285,10.5242,3.077,105.0886,-127.7152,147.4303,-5.625,-0.149,0.0725
1779816508229,2,Pitching Mound.Parent,,Delivery,pitch.1,336286,10.598,3.1238,105.2539,-127.4935,147.6706,-5.6568,-0.149,0.0722
1779816508230,2,11.0000004b,Drive,Delivery,pitch.1,337101,-0.0011,-0.0023,0.0217,0.0116,-0.0588,-0.0024,0.0,0.0
1779816508230,2,12.00000015,Lower Delivery,Delivery,pitch.1,336820,4.8695,-2.6834,87.6369,-207.1367,132.6197,16.2891,-0.1607,-0.2509
1779816508230,2,Pitching Mound.Drive,,Delivery,pitch.1,337101,-0.0011,-0.0023,0.0217,0.0116,-0.0588,-0.0024,0.0,0.0
1779816508231,2,11.0000004b,Drive,Delivery,pitch.1,337102,-0.0023,-0.0063,0.0308,0.0115,-0.0571,-0.0017,0.0,0.0
1779816508231,2,12.00000015,Lower Delivery,Delivery,pitch.1,336821,4.8836,-2.6599,87.7229,-207.2246,132.6465,16.3194,-0.1605,-0.2508
1779816508231,2,12.00000018,Upper Delivery,Delivery,pitch.1,337376,5.7461,5.8616,17.5411,55.8237,14.5825,-22.2124,-0.0883,0.327
1779816508231,2,Pitching Mound.Delivery,,Delivery,pitch.1,336580,10.6155,3.1782,105.178,-127.4805,147.2023,-5.6252,-0.1486,0.0721
1779816508231,2,Pitching Mound.Drive,,Delivery,pitch.1,337102,-0.0023,-0.0063,0.0308,0.0115,-0.0571,-0.0017,0.0,0.0
1779816508231,2,Pitching Mound.Parent,,Delivery,pitch.1,336287,10.6144,3.1759,105.1998,-127.4689,147.1435,-5.6277,-0.1485,0.072
1779816508232,2,11.0000004b,Drive,Delivery,pitch.1,337103,-0.0023,-0.0064,0.0308,0.0114,-0.0584,-0.0008,0.0,0.0
1779816508232,2,12.00000015,Lower Delivery,Delivery,pitch.1,336822,4.9472,-2.6311,87.7297,-207.2012,132.6535,16.3426,-0.1605,-0.2507
1779816508232,2,12.00000018,Upper Delivery,Delivery,pitch.1,337377,5.7602,5.8714,17.5856,55.8971,14.3561,-22.2837,-0.0867,0.327
1779816508232,2,Pitching Mound.Delivery,,Delivery,pitch.1,336581,10.6437,3.2115,105.3085,-127.4808,147.0025,-5.6662,-0.1482,0.0722
1779816508232,2,Pitching Mound.Drive,,Delivery,pitch.1,337103,-0.0023,-0.0064,0.0308,0.0114,-0.0584,-0.0008,0.0,0.0
1779816508232,2,Pitching Mound.Parent,,Delivery,pitch.1,336288,10.6414,3.2052,105.3393,-127.4693,146.9455,-5.6679,-0.1482,0.0721
1779816508233,2,11.0000004b,Drive,Delivery,pitch.1,337104,-0.0023,-0.0061,0.0305,0.0116,-0.0549,-0.0036,0.0,0.0
1779816508233,2,12.00000015,Lower Delivery,Delivery,pitch.1,336823,4.9874,-2.607,87.6412,-207.3103,132.6456,16.3664,-0.1607,-0.2511
1779816508233,2,12.00000018,Upper Delivery,Delivery,pitch.1,337378,5.7601,5.8791,17.5876,56.1523,14.0863,-22.3386,-0.085,0.327
1779816508233,2,Pitching Mound.Delivery,,Delivery,pitch.1,336582,10.7072,3.2479,105.3172,-127.2006,146.7398,-5.7197,-0.1479,0.0722
1779816508233,2,Pitching Mound.Drive,,Delivery,pitch.1,337104,-0.0023,-0.0061,0.0305,0.0116,-0.0549,-0.0036,0.0,0.0
1779816508233,2,Pitching Mound.Parent,,Delivery,pitch.1,336289,10.7049,3.2415,105.3481,-127.1892,146.6813,-5.7205,-0.1479,0.0722
1779816508234,2,11.0000004b,Drive,Delivery,pitch.1,337105,-0.0013,-0.0041,0.025,0.0117,-0.056,-0.0038,0.0,0.0
1779816508234,2,12.00000015,Lower Delivery,Delivery,pitch.1,336824,5.0042,-2.6113,87.5321,-207.0936,132.2692,16.4287,-0.1604,-0.2512
1779816508234,2,12.00000018,Upper Delivery,Delivery,pitch.1,337379,5.7831,5.9183,17.6148,56.4031,14.1123,-22.3553,-0.0851,0.327
1779816508234,2,Pitching Mound.Delivery,,Delivery,pitch.1,336583,10.7705,3.3113,105.256,-127.0982,146.7579,-5.7184,-0.148,0.0718
1779816508234,2,Pitching Mound.Drive,,Delivery,pitch.1,337105,-0.0013,-0.0041,0.025,0.0117,-0.056,-0.0038,0.0,0.0
1779816508234,2,Pitching Mound.Parent,,Delivery,pitch.1,336290,10.7682,3.3052,105.2865,-127.0866,146.7029,-5.722,-0.148,0.0718
1779816508235,2,11.0000004b,Drive,Delivery,pitch.1,337106,-0.0001,-0.0015,0.0174,0.0115,-0.0554,-0.0045,0.0,0.0
1779816508235,2,12.00000015,Lower Delivery,Delivery,pitch.1,336825,5.0622,-2.5902,87.2633,-207.1831,132.1862,16.4653,-0.1608,-0.2521
1779816508235,2,12.00000018,Upper Delivery,Delivery,pitch.1,337380,5.7833,5.9494,17.5894,56.3861,14.0625,-22.4102,-0.0849,0.327
1779816508235,2,Pitching Mound.Delivery,,Delivery,pitch.1,336584,10.7876,3.3381,105.1214,-126.927,146.3316,-5.7166,-0.1478,0.0718
1779816508235,2,Pitching Mound.Drive,,Delivery,pitch.1,337106,-0.0001,-0.0015,0.0174,0.0115,-0.0554,-0.0045,0.0,0.0
1779816508235,2,Pitching Mound.Parent,,Delivery,pitch.1,336291,10.7862,3.334,105.1464,-126.9152,146.2757,-5.7204,-0.1477,0.0718
1779816508236,2,11.0000004b,Drive,Delivery,pitch.1,337107,-0.0001,-0.0011,0.0173,0.0117,-0.0538,-0.0042,0.0,0.0
1779816508236,2,12.00000015,Lower Delivery,Delivery,pitch.1,336826,5.0933,-2.5514,87.4538,-207.4171,132.23,16.5067,-0.1605,-0.2518
1779816508236,2,12.00000018,Upper Delivery,Delivery,pitch.1,337381,5.7996,5.9546,17.6337,56.6892,14.0021,-22.4581,-0.0843,0.327
1779816508236,2,Pitching Mound.Delivery,,Delivery,pitch.1,336585,10.8618,3.3644,104.897,-126.8198,146.1884,-5.7421,-0.148,0.071
1779816508236,2,Pitching Mound.Drive,,Delivery,pitch.1,337107,-0.0001,-0.0011,0.0173,0.0117,-0.0538,-0.0042,0.0,0.0
1779816508236,2,Pitching Mound.Parent,,Delivery,pitch.1,336292,10.8617,3.3629,104.9145,-126.8082,146.1329,-5.7466,-0.1479,0.071
1779816508237,2,11.0000004b,Drive,Delivery,pitch.1,337108,-0.0003,-0.0014,0.0181,0.0119,-0.0531,-0.0042,0.0,0.0
1779816508237,2,12.00000015,Lower Delivery,Delivery,pitch.1,336827,5.1228,-2.5167,87.3001,-207.4279,132.2283,16.5582,-0.1608,-0.2522
1779816508237,2,12.00000018,Upper Delivery,Delivery,pitch.1,337382,5.8168,5.9581,17.7321,56.8483,14.2996,-22.6016,-0.0856,0.327
1779816508237,2,12.00000018,Upper Delivery,Delivery,pitch.1,337383,5.8293,5.9697,17.8182,57.1677,14.2778,-22.6322,-0.0851,0.327
1779816508237,2,Pitching Mound.Delivery,,Delivery,pitch.1,336586,10.9102,3.4066,105.1859,-126.8634,146.5296,-5.8489,-0.1479,0.0712
1779816508237,2,Pitching Mound.Delivery,,Delivery,pitch.1,336587,10.9521,3.453,105.1184,-126.6364,146.5061,-5.8338,-0.148,0.0707
1779816508237,2,Pitching Mound.Drive,,Delivery,pitch.1,337108,-0.0003,-0.0014,0.0181,0.0119,-0.0531,-0.0042,0.0,0.0
1779816508237,2,Pitching Mound.Parent,,Delivery,pitch.1,336293,10.91,3.4055,105.2031,-126.8517,146.4758,-5.853,-0.1479,0.0711
1779816508237,2,Pitching Mound.Parent,,Delivery,pitch.1,336294,10.9517,3.4516,105.1364,-126.6245,146.453,-5.838,-0.1479,0.0707
1779816508238,2,11.0000004b,Drive,Delivery,pitch.1,337109,-0.0001,-0.0011,0.0171,0.0135,-0.0529,-0.0067,0.0,0.0
1779816508238,2,12.00000015,Lower Delivery,Delivery,pitch.1,336828,5.1543,-2.4979,87.193,-207.631,132.2539,16.5901,-0.161,-0.2528
1779816508238,2,Pitching Mound.Drive,,Delivery,pitch.1,337109,-0.0001,-0.0011,0.0171,0.0135,-0.0529,-0.0067,0.0,0.0
1779816508239,2,11.0000004b,Drive,Delivery,pitch.1,337110,0.0,-0.001,0.0168,0.0145,-0.0567,-0.0057,0.0,0.0
1779816508239,2,12.00000015,Lower Delivery,Delivery,pitch.1,336829,5.1867,-2.4731,87.2796,-207.7806,132.3142,16.6439,-0.1609,-0.2527
1779816508239,2,12.00000018,Upper Delivery,Delivery,pitch.1,337384,5.8582,5.9987,17.8983,57.3584,14.3603,-22.6915,-0.0852,0.327
1779816508239,2,12.00000018,Upper Delivery,Delivery,pitch.1,337385,5.8845,5.9822,17.9774,57.485,14.6502,-22.7891,-0.0865,0.327
1779816508239,2,Pitching Mound.Delivery,,Delivery,pitch.1,336588,11.0125,3.5008,105.0913,-126.7124,146.6142,-5.862,-0.1481,0.0701
1779816508239,2,Pitching Mound.Delivery,,Delivery,pitch.1,336589,11.0712,3.5091,105.2569,-126.7328,146.9643,-5.9079,-0.1482,0.0701
1779816508239,2,Pitching Mound.Drive,,Delivery,pitch.1,337110,0.0,-0.001,0.0168,0.0145,-0.0567,-0.0057,0.0,0.0
1779816508239,2,Pitching Mound.Parent,,Delivery,pitch.1,336295,11.0124,3.4996,105.1084,-126.6988,146.5613,-5.8688,-0.1481,0.0701
1779816508239,2,Pitching Mound.Parent,,Delivery,pitch.1,336296,11.0711,3.5081,105.2738,-126.7183,146.9077,-5.9136,-0.1482,0.0701
1779816508240,2,11.0000004b,Drive,Delivery,pitch.1,337111,0.0001,-0.0014,0.0178,0.015,-0.0556,-0.0076,0.0,0.0
1779816508240,2,12.00000015,Lower Delivery,Delivery,pitch.1,336830,5.209,-2.4478,87.2489,-207.6139,132.0914,16.7125,-0.1607,-0.2526
1779816508240,2,12.00000018,Upper Delivery,Delivery,pitch.1,337386,5.8979,5.9857,18.0187,57.4774,14.7392,-22.8679,-0.0868,0.327
1779816508240,2,Pitching Mound.Delivery,,Delivery,pitch.1,336590,11.107,3.5378,105.2676,-126.5982,146.8306,-5.9212,-0.1481,0.0702
1779816508240,2,Pitching Mound.Drive,,Delivery,pitch.1,337111,0.0001,-0.0014,0.0178,0.015,-0.0556,-0.0076,0.0,0.0
1779816508240,2,Pitching Mound.Parent,,Delivery,pitch.1,336297,11.1071,3.5365,105.2854,-126.5833,146.775,-5.9288,-0.1481,0.0702
1779816508241,2,11.0000004b,Drive,Delivery,pitch.1,337112,0.0001,-0.0007,0.0163,0.0137,-0.0553,-0.0061,0.0,0.0
1779816508241,2,12.00000015,Lower Delivery,Delivery,pitch.1,336831,5.2568,-2.4454,87.0888,-207.7432,131.9218,16.781,-0.1608,-0.2532
1779816508241,2,12.00000018,Upper Delivery,Delivery,pitch.1,337387,5.932,5.9701,18.1152,57.5623,14.9905,-22.9343,-0.0879,0.327
1779816508241,2,Pitching Mound.Delivery,,Delivery,pitch.1,336591,11.1887,3.5247,105.204,-126.7299,146.9123,-5.9237,-0.1483,0.0696
1779816508241,2,Pitching Mound.Drive,,Delivery,pitch.1,337112,0.0001,-0.0007,0.0163,0.0137,-0.0553,-0.0061,0.0,0.0
1779816508241,2,Pitching Mound.Parent,,Delivery,pitch.1,336298,11.1888,3.524,105.2203,-126.7161,146.857,-5.9298,-0.1482,0.0696
1779816508242,2,11.0000004b,Drive,Delivery,pitch.1,337113,0.0003,-0.0005,0.0154,0.0132,-0.0549,-0.0059,0.0,0.0
1779816508242,2,12.00000015,Lower Delivery,Delivery,pitch.1,336832,5.2796,-2.4464,87.2222,-207.961,131.9428,16.8509,-0.1606,-0.2531
1779816508242,2,12.00000018,Upper Delivery,Delivery,pitch.1,337388,5.9601,5.9711,18.1931,57.9393,15.0389,-23.0166,-0.0878,0.327
1779816508242,2,Pitching Mound.Delivery,,Delivery,pitch.1,336592,11.2397,3.5247,105.4153,-126.5519,146.9817,-5.9343,-0.148,0.0696
1779816508242,2,Pitching Mound.Drive,,Delivery,pitch.1,337113,0.0003,-0.0005,0.0154,0.0132,-0.0549,-0.0059,0.0,0.0
1779816508242,2,Pitching Mound.Parent,,Delivery,pitch.1,336299,11.24,3.5243,105.4307,-126.5386,146.9268,-5.9402,-0.148,0.0696
1779816508243,2,11.0000004b,Drive,Delivery,pitch.1,337114,0.0002,-0.0003,0.0154,0.0136,-0.0548,-0.0065,0.0,0.0
1779816508243,2,12.00000015,Lower Delivery,Delivery,pitch.1,336833,5.3035,-2.4283,87.2319,-208.0912,132.2268,16.9038,-0.1609,-0.2533
1779816508243,2,12.00000018,Upper Delivery,Delivery,pitch.1,337389,6.0023,5.9771,18.2654,58.076,15.3616,-23.1417,-0.0893,0.327
1779816508243,2,Pitching Mound.Delivery,,Delivery,pitch.1,336593,11.3058,3.5488,105.4973,-126.5666,147.5884,-6.0004,-0.1485,0.0695
1779816508243,2,Pitching Mound.Drive,,Delivery,pitch.1,337114,0.0002,-0.0003,0.0154,0.0136,-0.0548,-0.0065,0.0,0.0
1779816508243,2,Pitching Mound.Parent,,Delivery,pitch.1,336300,11.306,3.5485,105.5127,-126.553,147.5336,-6.0069,-0.1485,0.0695
1779816508244,2,11.0000004b,Drive,Delivery,pitch.1,337115,0.0002,-0.0003,0.0158,0.012,-0.0542,-0.0043,0.0,0.0
1779816508244,2,12.00000015,Lower Delivery,Delivery,pitch.1,336834,5.3374,-2.4173,87.0485,-208.01,131.9976,16.9937,-0.161,-0.2537
1779816508244,2,12.00000018,Upper Delivery,Delivery,pitch.1,337390,6.0105,5.9643,18.2931,58.3996,15.0824,-23.2019,-0.0875,0.327
1779816508244,2,Pitching Mound.Delivery,,Delivery,pitch.1,336594,11.3479,3.5469,105.3415,-126.2336,147.0801,-5.9793,-0.1482,0.0691
1779816508244,2,Pitching Mound.Drive,,Delivery,pitch.1,337115,0.0002,-0.0003,0.0158,0.012,-0.0542,-0.0043,0.0,0.0
1779816508244,2,Pitching Mound.Parent,,Delivery,pitch.1,336301,11.348,3.5466,105.3573,-126.2216,147.0258,-5.9836,-0.1482,0.0691
1779816508245,2,11.0000004b,Drive,Delivery,pitch.1,337116,0.0,-0.0002,0.0158,0.0134,-0.0547,-0.0032,0.0,0.0
1779816508245,2,12.00000015,Lower Delivery,Delivery,pitch.1,336835,5.374,-2.3949,87.191,-208.184,132.3589,17.0652,-0.1612,-0.2535
1779816508245,2,12.00000018,Upper Delivery,Delivery,pitch.1,337391,6.0195,5.9456,18.365,58.6278,15.2539,-23.3333,-0.0882,0.327
1779816508245,2,Pitching Mound.Delivery,,Delivery,pitch.1,336595,11.3935,3.5507,105.556,-126.1554,147.6127,-6.0486,-0.1485,0.0692
1779816508245,2,Pitching Mound.Drive,,Delivery,pitch.1,337116,0.0,-0.0002,0.0158,0.0134,-0.0547,-0.0032,0.0,0.0
1779816508245,2,Pitching Mound.Parent,,Delivery,pitch.1,336302,11.3934,3.5504,105.5718,-126.142,147.558,-6.0518,-0.1484,0.0692
1779816508246,2,11.0000004b,Drive,Delivery,pitch.1,337117,-0.0005,-0.0015,0.0187,0.017,-0.0529,-0.0045,0.0,0.0
1779816508246,2,12.00000015,Lower Delivery,Delivery,pitch.1,336836,5.3767,-2.3985,87.2053,-208.3366,132.2123,17.1546,-0.161,-0.2536
1779816508246,2,12.00000018,Upper Delivery,Delivery,pitch.1,337392,6.0458,5.9321,18.348,58.507,15.4398,-23.382,-0.0893,0.327
1779816508246,2,Pitching Mound.Delivery,,Delivery,pitch.1,336596,11.4224,3.5335,105.5534,-126.4181,147.6521,-5.9999,-0.1485,0.0691
1779816508246,2,Pitching Mound.Drive,,Delivery,pitch.1,337117,-0.0005,-0.0015,0.0187,0.017,-0.0529,-0.0045,0.0,0.0
1779816508246,2,Pitching Mound.Parent,,Delivery,pitch.1,336303,11.422,3.532,105.5721,-126.4012,147.5992,-6.0045,-0.1485,0.0691
1779816508247,2,11.0000004b,Drive,Delivery,pitch.1,337118,-0.0013,-0.0049,0.0252,0.0176,-0.0547,-0.0046,0.0,0.0
1779816508247,2,12.00000015,Lower Delivery,Delivery,pitch.1,336837,5.4207,-2.405,87.205,-208.3189,132.3773,17.2129,-0.1612,-0.2536
1779816508247,2,12.00000018,Upper Delivery,Delivery,pitch.1,337393,6.0627,5.9418,18.3145,58.4296,15.2356,-23.4198,-0.0883,0.327
1779816508247,2,Pitching Mound.Delivery,,Delivery,pitch.1,336597,11.4835,3.5368,105.5195,-126.4665,147.613,-5.9886,-0.1485,0.0691
1779816508247,2,Pitching Mound.Drive,,Delivery,pitch.1,337118,-0.0013,-0.0049,0.0252,0.0176,-0.0547,-0.0046,0.0,0.0
1779816508247,2,Pitching Mound.Parent,,Delivery,pitch.1,336304,11.4821,3.5319,105.5447,-126.449,147.5583,-5.9932,-0.1485,0.0691
1779816508248,2,11.0000004b,Drive,Delivery,pitch.1,337119,-0.001,-0.0035,0.022,0.0157,-0.0545,-0.0014,0.0,0.0
1779816508248,2,12.00000015,Lower Delivery,Delivery,pitch.1,336838,5.4505,-2.411,87.5849,-208.6539,132.2365,17.2649,-0.1603,-0.2529
1779816508248,2,12.00000018,Upper Delivery,Delivery,pitch.1,337394,6.0637,5.946,18.3271,58.5932,15.1845,-23.4724,-0.088,0.327
1779816508248,2,Pitching Mound.Delivery,,Delivery,pitch.1,336598,11.5142,3.535,105.9119,-126.5131,147.421,-5.9991,-0.1478,0.0698
1779816508248,2,Pitching Mound.Drive,,Delivery,pitch.1,337119,-0.001,-0.0035,0.022,0.0157,-0.0545,-0.0014,0.0,0.0
1779816508248,2,Pitching Mound.Parent,,Delivery,pitch.1,336305,11.5132,3.5315,105.9339,-126.4974,147.3665,-6.0005,-0.1477,0.0698
1779816508249,2,11.0000004b,Drive,Delivery,pitch.1,337120,-0.0013,-0.0051,0.0251,0.0169,-0.052,-0.0014,0.0,0.0
1779816508249,2,12.00000015,Lower Delivery,Delivery,pitch.1,336839,5.4802,-2.4061,87.7414,-209.0591,132.4627,17.3377,-0.1603,-0.253
1779816508249,2,12.00000018,Upper Delivery,Delivery,pitch.1,337395,6.0638,5.9704,18.4072,58.8769,15.2413,-23.5287,-0.0879,0.327
1779816508249,2,Pitching Mound.Delivery,,Delivery,pitch.1,336599,11.544,3.5643,106.1486,-126.6085,147.704,-5.9926,-0.1477,0.0697
1779816508249,2,Pitching Mound.Drive,,Delivery,pitch.1,337120,-0.0013,-0.0051,0.0251,0.0169,-0.052,-0.0014,0.0,0.0
1779816508249,2,Pitching Mound.Parent,,Delivery,pitch.1,336306,11.5428,3.5593,106.1737,-126.5917,147.652,-5.994,-0.1477,0.0697
1779816508250,2,11.0000004b,Drive,Delivery,pitch.1,337121,-0.0018,-0.0052,0.0269,0.0167,-0.0499,0.0011,0.0,0.0
1779816508250,2,12.00000015,Lower Delivery,Delivery,pitch.1,336840,5.5404,-2.3891,87.5379,-208.998,132.6386,17.4093,-0.1609,-0.2535
1779816508250,2,12.00000018,Upper Delivery,Delivery,pitch.1,337396,6.0752,6.0004,18.4315,59.0436,15.0938,-23.6373,-0.0869,0.327
1779816508250,2,Pitching Mound.Delivery,,Delivery,pitch.1,336600,11.6157,3.6113,105.9694,-126.4582,147.7324,-6.0461,-0.148,0.0692
1779816508250,2,Pitching Mound.Drive,,Delivery,pitch.1,337121,-0.0018,-0.0052,0.0269,0.0167,-0.0499,0.0011,0.0,0.0
1779816508250,2,Pitching Mound.Parent,,Delivery,pitch.1,336307,11.6139,3.6061,105.9964,-126.4415,147.6824,-6.045,-0.148,0.0692
1779816508251,2,11.0000004b,Drive,Delivery,pitch.1,337122,-0.0022,-0.0061,0.0285,0.0154,-0.0534,0.0029,0.0,0.0
1779816508251,2,12.00000015,Lower Delivery,Delivery,pitch.1,336841,5.5639,-2.392,87.7804,-209.2849,132.953,17.5074,-0.1608,-0.2531
1779816508251,2,12.00000018,Upper Delivery,Delivery,pitch.1,337397,6.0758,6.0237,18.4632,59.3079,14.9205,-23.6663,-0.0858,0.327
1779816508251,2,Pitching Mound.Delivery,,Delivery,pitch.1,336601,11.6397,3.6317,106.2436,-126.4091,147.8735,-5.9848,-0.1478,0.0695
1779816508251,2,Pitching Mound.Drive,,Delivery,pitch.1,337122,-0.0022,-0.0061,0.0285,0.0154,-0.0534,0.0029,0.0,0.0
1779816508251,2,Pitching Mound.Parent,,Delivery,pitch.1,336308,11.6375,3.6255,106.2721,-126.3936,147.8201,-5.9819,-0.1477,0.0695
1779816508252,2,11.0000004b,Drive,Delivery,pitch.1,337123,-0.0012,-0.0039,0.0233,0.0132,-0.0512,0.0012,0.0,0.0
1779816508252,2,12.00000015,Lower Delivery,Delivery,pitch.1,336842,5.5998,-2.3635,87.6613,-209.5843,133.1098,17.5255,-0.1612,-0.2538
1779816508252,2,12.00000018,Upper Delivery,Delivery,pitch.1,337398,6.0812,6.0633,18.5301,59.5614,14.9281,-23.6742,-0.0855,0.327
1779816508252,2,Pitching Mound.Delivery,,Delivery,pitch.1,336602,11.6809,3.6998,106.1914,-126.5183,148.0379,-5.985,-0.148,0.0689
1779816508252,2,Pitching Mound.Drive,,Delivery,pitch.1,337123,-0.0012,-0.0039,0.0233,0.0132,-0.0512,0.0012,0.0,0.0
1779816508252,2,Pitching Mound.Parent,,Delivery,pitch.1,336309,11.6798,3.6959,106.2147,-126.505,147.9867,-5.9839,-0.148,0.0689
1779816508253,2,11.0000004b,Drive,Delivery,pitch.1,337124,-0.001,-0.0027,0.0206,0.0116,-0.0536,0.0007,0.0,0.0
1779816508253,2,12.00000015,Lower Delivery,Delivery,pitch.1,336843,5.6332,-2.3615,87.5713,-209.8134,132.931,17.5722,-0.1612,-0.2544
1779816508253,2,Pitching Mound.Drive,,Delivery,pitch.1,337124,-0.001,-0.0027,0.0206,0.0116,-0.0536,0.0007,0.0,0.0
1779816508254,2,11.0000004b,Drive,Delivery,pitch.1,337125,-0.0008,-0.0033,0.0211,0.0123,-0.0542,-0.0005,0.0,0.0
1779816508254,2,12.00000015,Lower Delivery,Delivery,pitch.1,336844,5.6544,-2.3502,87.4026,-209.8341,132.6952,17.6341,-0.1612,-0.2549
1779816508254,2,12.00000018,Upper Delivery,Delivery,pitch.1,337400,6.115,6.0814,18.6029,60.2087,14.6613,-23.7969,-0.0837,0.327
1779816508254,2,12.00000018,Upper Delivery,Delivery,pitch.1,337399,6.1179,6.0636,18.5832,59.8941,15.0273,-23.7882,-0.0858,0.327
1779816508254,2,Pitching Mound.Delivery,,Delivery,pitch.1,336603,11.7511,3.7021,106.1545,-126.4634,147.9583,-6.0512,-0.148,0.0684
1779816508254,2,Pitching Mound.Delivery,,Delivery,pitch.1,336604,11.7693,3.7313,106.0055,-126.2334,147.3566,-6.0062,-0.1476,0.0679
1779816508254,2,Pitching Mound.Drive,,Delivery,pitch.1,337125,-0.0008,-0.0033,0.0211,0.0123,-0.0542,-0.0005,0.0,0.0
1779816508254,2,Pitching Mound.Parent,,Delivery,pitch.1,336310,11.7501,3.6994,106.1751,-126.4518,147.9046,-6.0505,-0.1479,0.0684
1779816508254,2,Pitching Mound.Parent,,Delivery,pitch.1,336311,11.7685,3.728,106.0266,-126.2211,147.3023,-6.0067,-0.1475,0.0679
1779816508255,2,11.0000004b,Drive,Delivery,pitch.1,337126,-0.0014,-0.0053,0.0251,0.0116,-0.0564,0.002,0.0,0.0
1779816508255,2,12.00000015,Lower Delivery,Delivery,pitch.1,336845,5.6799,-2.3532,87.2503,-210.0057,132.5914,17.6941,-0.1613,-0.2555
1779816508255,2,12.00000018,Upper Delivery,Delivery,pitch.1,337401,6.1385,6.1071,18.604,60.2867,14.6864,-23.8378,-0.0838,0.327
1779816508255,2,Pitching Mound.Delivery,,Delivery,pitch.1,336605,11.8184,3.7539,105.8542,-126.3793,147.2779,-5.9878,-0.1477,0.0673
1779816508255,2,Pitching Mound.Drive,,Delivery,pitch.1,337126,-0.0014,-0.0053,0.0251,0.0116,-0.0564,0.002,0.0,0.0
1779816508255,2,Pitching Mound.Parent,,Delivery,pitch.1,336312,11.817,3.7486,105.8794,-126.3676,147.2214,-5.9858,-0.1477,0.0673
1779816508256,2,11.0000004b,Drive,Delivery,pitch.1,337127,-0.0014,-0.0057,0.0256,0.0108,-0.0562,-0.0019,0.0,0.0
1779816508256,2,12.00000015,Lower Delivery,Delivery,pitch.1,336846,5.7111,-2.3432,87.4162,-209.9762,132.5831,17.776,-0.161,-0.255
1779816508256,2,12.00000018,Upper Delivery,Delivery,pitch.1,337402,6.1779,6.1204,18.6938,60.662,14.8393,-23.9105,-0.0843,0.327
1779816508256,2,Pitching Mound.Delivery,,Delivery,pitch.1,336606,11.889,3.7772,106.1101,-125.9486,147.4223,-5.9757,-0.1475,0.0677
1779816508256,2,Pitching Mound.Drive,,Delivery,pitch.1,337127,-0.0014,-0.0057,0.0256,0.0108,-0.0562,-0.0019,0.0,0.0
1779816508256,2,Pitching Mound.Parent,,Delivery,pitch.1,336313,11.8876,3.7715,106.1356,-125.9379,147.3662,-5.9776,-0.1475,0.0677
1779816508257,2,11.0000004b,Drive,Delivery,pitch.1,337128,-0.0006,-0.0021,0.0189,0.0108,-0.0569,-0.0007,0.0,0.0
1779816508257,2,12.00000015,Lower Delivery,Delivery,pitch.1,336847,5.7684,-2.3214,87.4106,-210.2576,132.6317,17.8637,-0.1611,-0.2554
1779816508257,2,12.00000018,Upper Delivery,Delivery,pitch.1,337403,6.1858,6.1239,18.7294,61.0973,14.6561,-23.9423,-0.0831,0.327
1779816508257,2,Pitching Mound.Delivery,,Delivery,pitch.1,336607,11.9542,3.8025,106.14,-125.8086,147.2878,-5.9367,-0.1473,0.0674
1779816508257,2,Pitching Mound.Drive,,Delivery,pitch.1,337128,-0.0006,-0.0021,0.0189,0.0108,-0.0569,-0.0007,0.0,0.0
1779816508257,2,Pitching Mound.Parent,,Delivery,pitch.1,336314,11.9536,3.8004,106.1589,-125.7978,147.2308,-5.9374,-0.1473,0.0674
1779816508258,2,11.0000004b,Drive,Delivery,pitch.1,337129,-0.0016,-0.0061,0.0273,0.0107,-0.0545,-0.0006,0.0,0.0
1779816508258,2,12.00000015,Lower Delivery,Delivery,pitch.1,336848,5.7833,-2.3194,87.4425,-210.2089,132.3464,17.9686,-0.1607,-0.2552
1779816508258,2,Pitching Mound.Drive,,Delivery,pitch.1,337129,-0.0016,-0.0061,0.0273,0.0107,-0.0545,-0.0006,0.0,0.0
1779816508259,2,11.0000004b,Drive,Delivery,pitch.1,337130,-0.0017,-0.0075,0.0298,0.01,-0.0533,-0.0008,0.0,0.0
1779816508259,2,12.00000015,Lower Delivery,Delivery,pitch.1,336849,5.8097,-2.289,87.2753,-210.2286,132.2951,18.0822,-0.1609,-0.2557
1779816508259,2,12.00000018,Upper Delivery,Delivery,pitch.1,337404,6.2248,6.1269,18.8092,61.4421,15.0888,-24.0446,-0.0852,0.327
1779816508259,2,12.00000018,Upper Delivery,Delivery,pitch.1,337405,6.2542,6.1129,18.8608,61.646,15.5088,-24.122,-0.0873,0.327
1779816508259,2,Pitching Mound.Delivery,,Delivery,pitch.1,336608,12.0081,3.8076,106.2517,-125.4315,147.4351,-5.9259,-0.1473,0.0675
1779816508259,2,Pitching Mound.Delivery,,Delivery,pitch.1,336609,12.0639,3.8239,106.1361,-125.3217,147.8039,-5.8887,-0.1478,0.067
1779816508259,2,Pitching Mound.Drive,,Delivery,pitch.1,337130,-0.0017,-0.0075,0.0298,0.01,-0.0533,-0.0008,0.0,0.0
1779816508259,2,Pitching Mound.Parent,,Delivery,pitch.1,336315,12.0066,3.8015,106.2791,-125.4208,147.3806,-5.9265,-0.1473,0.0675
1779816508259,2,Pitching Mound.Parent,,Delivery,pitch.1,336316,12.0622,3.8164,106.166,-125.3117,147.7505,-5.8895,-0.1478,0.067
1779816508260,2,11.0000004b,Drive,Delivery,pitch.1,337131,-0.0025,-0.0078,0.0327,0.0118,-0.0529,0.001,0.0,0.0
1779816508260,2,12.00000015,Lower Delivery,Delivery,pitch.1,336850,5.8242,-2.2737,87.5212,-210.1558,132.244,18.169,-0.1604,-0.2549
1779816508260,2,12.00000018,Upper Delivery,Delivery,pitch.1,337406,6.2792,6.1022,18.8639,61.3108,15.8651,-24.2038,-0.0893,0.327
1779816508260,2,Pitching Mound.Delivery,,Delivery,pitch.1,336610,12.1033,3.8285,106.3851,-125.5016,148.1092,-5.88,-0.1478,0.0677
1779816508260,2,Pitching Mound.Drive,,Delivery,pitch.1,337131,-0.0025,-0.0078,0.0327,0.0118,-0.0529,0.001,0.0,0.0
1779816508260,2,Pitching Mound.Parent,,Delivery,pitch.1,336317,12.1008,3.8207,106.4178,-125.4897,148.0563,-5.879,-0.1478,0.0677
1779816508261,2,11.0000004b,Drive,Delivery,pitch.1,337132,-0.002,-0.0069,0.0303,0.0118,-0.054,0.0035,0.0,0.0
1779816508261,2,12.00000015,Lower Delivery,Delivery,pitch.1,336851,5.8546,-2.2658,87.6905,-210.0081,131.9478,18.2401,-0.1597,-0.2542
1779816508261,2,12.00000018,Upper Delivery,Delivery,pitch.1,337407,6.2964,6.1183,18.9064,61.4976,16.0171,-24.2613,-0.0899,0.327
1779816508261,2,Pitching Mound.Delivery,,Delivery,pitch.1,336611,12.151,3.8525,106.597,-125.1238,147.965,-5.8709,-0.1474,0.0682
1779816508261,2,Pitching Mound.Drive,,Delivery,pitch.1,337132,-0.002,-0.0069,0.0303,0.0118,-0.054,0.0035,0.0,0.0
1779816508261,2,Pitching Mound.Parent,,Delivery,pitch.1,336318,12.1489,3.8456,106.6273,-125.1121,147.9109,-5.8675,-0.1473,0.0682
1779816508262,2,11.0000004b,Drive,Delivery,pitch.1,337133,-0.0024,-0.0073,0.0318,0.0113,-0.0517,0.0044,0.0,0.0
1779816508262,2,12.00000015,Lower Delivery,Delivery,pitch.1,336852,5.8804,-2.2659,87.7034,-210.1856,131.9008,18.349,-0.1597,-0.2544
1779816508262,2,12.00000018,Upper Delivery,Delivery,pitch.1,337408,6.3241,6.1308,19.049,61.6704,16.0973,-24.3717,-0.0897,0.327
1779816508262,2,Pitching Mound.Delivery,,Delivery,pitch.1,336612,12.2046,3.8649,106.7524,-125.1727,147.9981,-5.8718,-0.1472,0.068
1779816508262,2,Pitching Mound.Drive,,Delivery,pitch.1,337133,-0.0024,-0.0073,0.0318,0.0113,-0.0517,0.0044,0.0,0.0
1779816508262,2,Pitching Mound.Parent,,Delivery,pitch.1,336319,12.2022,3.8576,106.7843,-125.1614,147.9464,-5.8674,-0.1471,0.068
1779816508263,2,11.0000004b,Drive,Delivery,pitch.1,337134,-0.0029,-0.0107,0.0379,0.012,-0.0511,0.0024,0.0,0.0
1779816508263,2,11.0000004b,Drive,Delivery,pitch.1,337135,-0.0029,-0.0099,0.038,0.0125,-0.0498,0.0071,0.0,0.0
1779816508263,2,12.00000015,Lower Delivery,Delivery,pitch.1,336853,5.9276,-2.2694,87.7259,-209.9696,131.799,18.4525,-0.1595,-0.2541
1779816508263,2,12.00000018,Upper Delivery,Delivery,pitch.1,337409,6.332,6.1342,19.1667,61.981,15.949,-24.4475,-0.0883,0.327
1779816508263,2,Pitching Mound.Delivery,,Delivery,pitch.1,336613,12.2596,3.8649,106.8926,-124.6785,147.748,-5.8575,-0.1467,0.0682
1779816508263,2,Pitching Mound.Drive,,Delivery,pitch.1,337134,-0.0029,-0.0107,0.0379,0.012,-0.0511,0.0024,0.0,0.0
1779816508263,2,Pitching Mound.Drive,,Delivery,pitch.1,337135,-0.0029,-0.0099,0.038,0.0125,-0.0498,0.0071,0.0,0.0
1779816508263,2,Pitching Mound.Parent,,Delivery,pitch.1,336320,12.2568,3.8542,106.9305,-124.6665,147.6969,-5.8552,-0.1467,0.0681
1779816508264,2,11.0000004b,Drive,Delivery,pitch.1,337136,-0.0031,-0.0103,0.0396,0.0129,-0.0498,0.0042,0.0,0.0
1779816508264,2,12.00000015,Lower Delivery,Delivery,pitch.1,336854,5.9697,-2.2568,87.9813,-210.3709,132.1489,18.5452,-0.1595,-0.2538
1779816508264,2,12.00000018,Upper Delivery,Delivery,pitch.1,337410,6.3183,6.141,19.124,61.7252,15.9293,-24.5028,-0.0884,0.327
1779816508264,2,Pitching Mound.Delivery,,Delivery,pitch.1,336614,12.288,3.8842,107.1053,-125.2342,148.0782,-5.839,-0.1468,0.0685
1779816508264,2,Pitching Mound.Drive,,Delivery,pitch.1,337136,-0.0031,-0.0103,0.0396,0.0129,-0.0498,0.0042,0.0,0.0
1779816508264,2,Pitching Mound.Parent,,Delivery,pitch.1,336321,12.2851,3.8743,107.1434,-125.2217,148.0284,-5.8319,-0.1467,0.0684
1779816508265,2,11.0000004b,Drive,Delivery,pitch.1,337137,-0.0034,-0.0126,0.0436,0.0178,-0.0506,0.0039,0.0,0.0
1779816508265,2,12.00000015,Lower Delivery,Delivery,pitch.1,336855,6.0187,-2.2519,88.0259,-210.5424,132.3804,18.6497,-0.1597,-0.2539
1779816508265,2,12.00000018,Upper Delivery,Delivery,pitch.1,337411,6.3248,6.1567,19.3007,61.5727,16.3394,-24.6038,-0.0899,0.327
1779816508265,2,Pitching Mound.Delivery,,Delivery,pitch.1,336615,12.3435,3.9048,107.3266,-125.6031,148.7198,-5.85,-0.1471,0.0683
1779816508265,2,Pitching Mound.Drive,,Delivery,pitch.1,337137,-0.0034,-0.0126,0.0436,0.0178,-0.0506,0.0039,0.0,0.0
1779816508265,2,Pitching Mound.Parent,,Delivery,pitch.1,336322,12.3403,3.8945,107.3662,-125.5902,148.67,-5.8458,-0.1471,0.0682
1779816508266,2,11.0000004b,Drive,Delivery,pitch.1,337138,-0.0039,-0.0125,0.0453,0.0216,-0.0518,0.0063,0.0,0.0
1779816508266,2,12.00000015,Lower Delivery,Delivery,pitch.1,336856,6.0382,-2.2531,88.0985,-210.2542,132.4744,18.7176,-0.1596,-0.2534
1779816508266,2,12.00000018,Upper Delivery,Delivery,pitch.1,337412,6.3369,6.117,19.2619,61.2573,16.5264,-24.6258,-0.0911,0.327
1779816508266,2,Pitching Mound.Delivery,,Delivery,pitch.1,336616,12.3752,3.864,107.3604,-125.5925,149.0008,-5.8066,-0.1473,0.0688
1779816508266,2,Pitching Mound.Drive,,Delivery,pitch.1,337138,-0.0039,-0.0125,0.0453,0.0216,-0.0518,0.0063,0.0,0.0
1779816508266,2,Pitching Mound.Parent,,Delivery,pitch.1,336323,12.3717,3.8513,107.4041,-125.5747,148.9502,-5.8027,-0.1473,0.0687
1779816508267,2,11.0000004b,Drive,Delivery,pitch.1,337139,-0.0028,-0.0106,0.0384,0.0182,-0.0536,0.0055,0.0,0.0
1779816508267,2,12.00000015,Lower Delivery,Delivery,pitch.1,336857,6.0931,-2.2331,88.1412,-210.4444,132.5524,18.8501,-0.1597,-0.2535
1779816508267,2,12.00000018,Upper Delivery,Delivery,pitch.1,337413,6.3585,6.0993,19.21,60.9926,16.7047,-24.6849,-0.0923,0.327
1779816508267,2,Pitching Mound.Delivery,,Delivery,pitch.1,336617,12.4516,3.8662,107.3512,-126.0152,149.2571,-5.7445,-0.1476,0.0687
1779816508267,2,Pitching Mound.Drive,,Delivery,pitch.1,337139,-0.0028,-0.0106,0.0384,0.0182,-0.0536,0.0055,0.0,0.0
1779816508267,2,Pitching Mound.Parent,,Delivery,pitch.1,336324,12.4476,3.8537,107.3965,-125.9935,149.2053,-5.7383,-0.1475,0.0687
1779816508268,2,11.0000004b,Drive,Delivery,pitch.1,337140,-0.0025,-0.0094,0.0369,0.0224,-0.0534,0.0061,0.0,0.0
1779816508268,2,12.00000015,Lower Delivery,Delivery,pitch.1,336858,6.1288,-2.2325,88.0671,-210.4392,132.3929,18.9397,-0.1596,-0.2537
1779816508268,2,12.00000018,Upper Delivery,Delivery,pitch.1,337414,6.3689,6.0989,19.2728,60.9692,16.6922,-24.746,-0.0919,0.327
1779816508268,2,Pitching Mound.Delivery,,Delivery,pitch.1,336618,12.4977,3.8665,107.3399,-126.08,149.0852,-5.7247,-0.1475,0.0685
1779816508268,2,Pitching Mound.Drive,,Delivery,pitch.1,337140,-0.0025,-0.0094,0.0369,0.0224,-0.0534,0.0061,0.0,0.0
1779816508268,2,Pitching Mound.Parent,,Delivery,pitch.1,336325,12.4949,3.8559,107.3783,-126.0618,149.0316,-5.7192,-0.1474,0.0685
1779816508269,2,11.0000004b,Drive,Delivery,pitch.1,337141,-0.0027,-0.0091,0.0369,0.0208,-0.0535,0.0074,0.0,0.0
1779816508269,2,12.00000015,Lower Delivery,Delivery,pitch.1,336859,6.1842,-2.2214,87.9808,-210.254,132.382,19.0341,-0.1597,-0.2537
1779816508269,2,12.00000018,Upper Delivery,Delivery,pitch.1,337415,6.367,6.1076,19.3128,61.3806,16.1208,-24.7625,-0.0886,0.327
1779816508269,2,Pitching Mound.Delivery,,Delivery,pitch.1,336619,12.5513,3.8862,107.2936,-125.5263,148.5028,-5.6663,-0.1469,0.0684
1779816508269,2,Pitching Mound.Drive,,Delivery,pitch.1,337141,-0.0027,-0.0091,0.0369,0.0208,-0.0535,0.0074,0.0,0.0
1779816508269,2,Pitching Mound.Parent,,Delivery,pitch.1,336326,12.5488,3.8768,107.3305,-125.5039,148.4494,-5.6602,-0.1469,0.0684
1779816508270,2,11.0000004b,Drive,Delivery,pitch.1,337142,-0.0019,-0.0056,0.0296,0.028,-0.0545,0.0084,0.0,0.0
1779816508270,2,12.00000015,Lower Delivery,Delivery,pitch.1,336860,6.2085,-2.2054,87.9754,-210.4462,132.4151,19.1123,-0.1598,-0.254
1779816508270,2,12.00000018,Upper Delivery,Delivery,pitch.1,337416,6.3726,6.1082,19.2715,61.2539,16.0575,-24.8086,-0.0885,0.327
1779816508270,2,Pitching Mound.Delivery,,Delivery,pitch.1,336620,12.5811,3.9028,107.2469,-125.8329,148.4726,-5.6405,-0.147,0.0683
1779816508270,2,Pitching Mound.Drive,,Delivery,pitch.1,337142,-0.0019,-0.0056,0.0296,0.028,-0.0545,0.0084,0.0,0.0
1779816508270,2,Pitching Mound.Parent,,Delivery,pitch.1,336327,12.5792,3.8971,107.2766,-125.805,148.418,-5.6321,-0.1469,0.0682
1779816508271,2,11.0000004b,Drive,Delivery,pitch.1,337143,-0.0027,-0.009,0.0359,0.0263,-0.0535,0.0072,0.0,0.0
1779816508271,2,12.00000015,Lower Delivery,Delivery,pitch.1,336861,6.2389,-2.2012,87.9379,-210.4791,132.2149,19.2369,-0.1596,-0.2541
1779816508271,2,12.00000018,Upper Delivery,Delivery,pitch.1,337417,6.4008,6.1078,19.2996,61.1865,15.9989,-24.8916,-0.088,0.327
1779816508271,2,Pitching Mound.Delivery,,Delivery,pitch.1,336621,12.6397,3.9066,107.2374,-125.9556,148.2138,-5.5997,-0.1467,0.0681
1779816508271,2,Pitching Mound.Drive,,Delivery,pitch.1,337143,-0.0027,-0.009,0.0359,0.0263,-0.0535,0.0072,0.0,0.0
1779816508271,2,Pitching Mound.Parent,,Delivery,pitch.1,336328,12.637,3.8976,107.2733,-125.9292,148.1602,-5.5925,-0.1467,0.0681
1779816508272,2,11.0000004b,Drive,Delivery,pitch.1,337144,-0.0033,-0.0107,0.039,0.0259,-0.0551,0.0068,0.0,0.0
1779816508272,2,12.00000015,Lower Delivery,Delivery,pitch.1,336862,6.2633,-2.18,88.0958,-210.6013,132.218,19.3057,-0.1593,-0.2538
1779816508272,2,12.00000018,Upper Delivery,Delivery,pitch.1,337418,6.4067,6.1136,19.3303,61.4298,16.0546,-24.9096,-0.0882,0.327
1779816508272,2,Pitching Mound.Delivery,,Delivery,pitch.1,336622,12.67,3.9337,107.4261,-125.7912,148.2727,-5.5551,-0.1465,0.0684
1779816508272,2,Pitching Mound.Drive,,Delivery,pitch.1,337144,-0.0033,-0.0107,0.039,0.0259,-0.0551,0.0068,0.0,0.0
1779816508272,2,Pitching Mound.Parent,,Delivery,pitch.1,336329,12.6666,3.923,107.4651,-125.7652,148.2176,-5.5483,-0.1465,0.0683
1779816508273,2,11.0000004b,Drive,Delivery,pitch.1,337145,-0.0032,-0.0085,0.0352,0.0183,-0.0567,0.0094,0.0,0.0
1779816508273,2,12.00000015,Lower Delivery,Delivery,pitch.1,336863,6.2722,-2.1658,88.1877,-210.6328,132.0589,19.4304,-0.159,-0.2536
1779816508273,2,12.00000018,Upper Delivery,Delivery,pitch.1,337419,6.4264,6.1168,19.3014,61.2944,16.2553,-24.9746,-0.0894,0.327
1779816508273,2,Pitching Mound.Delivery,,Delivery,pitch.1,336623,12.6986,3.951,107.4892,-125.9171,148.3142,-5.4918,-0.1465,0.0686
1779816508273,2,Pitching Mound.Drive,,Delivery,pitch.1,337145,-0.0032,-0.0085,0.0352,0.0183,-0.0567,0.0094,0.0,0.0
1779816508273,2,Pitching Mound.Parent,,Delivery,pitch.1,336330,12.6954,3.9424,107.5244,-125.8988,148.2575,-5.4824,-0.1464,0.0686
1779816508274,2,11.0000004b,Drive,Delivery,pitch.1,337146,-0.0038,-0.0103,0.0389,0.0179,-0.0541,0.0082,0.0,0.0
1779816508274,2,12.00000015,Lower Delivery,Delivery,pitch.1,336864,6.3055,-2.1603,88.1762,-210.9577,132.1262,19.5106,-0.1591,-0.254
1779816508274,2,12.00000018,Upper Delivery,Delivery,pitch.1,337420,6.457,6.1156,19.2655,60.9471,16.4171,-25.0597,-0.0905,0.327
1779816508274,2,Pitching Mound.Delivery,,Delivery,pitch.1,336624,12.7626,3.9552,107.4418,-126.581,148.5434,-5.4976,-0.1468,0.0683
1779816508274,2,Pitching Mound.Drive,,Delivery,pitch.1,337146,-0.0038,-0.0103,0.0389,0.0179,-0.0541,0.0082,0.0,0.0
1779816508274,2,Pitching Mound.Parent,,Delivery,pitch.1,336331,12.7588,3.9449,107.4806,-126.5631,148.4893,-5.4894,-0.1467,0.0682
1779816508275,2,11.0000004b,Drive,Delivery,pitch.1,337147,-0.0032,-0.0081,0.0344,0.015,-0.054,0.0095,0.0,0.0
1779816508275,2,12.00000015,Lower Delivery,Delivery,pitch.1,336865,6.3179,-2.1582,88.0684,-210.5688,131.8653,19.5988,-0.159,-0.2538
1779816508275,2,12.00000018,Upper Delivery,Delivery,pitch.1,337421,6.4636,6.1124,19.292,61.2343,16.2684,-25.1083,-0.0895,0.327
1779816508275,2,Pitching Mound.Delivery,,Delivery,pitch.1,336625,12.7815,3.9543,107.3605,-125.9505,148.1337,-5.46,-0.1465,0.0684
1779816508275,2,Pitching Mound.Drive,,Delivery,pitch.1,337147,-0.0032,-0.0081,0.0344,0.015,-0.054,0.0095,0.0,0.0
1779816508275,2,Pitching Mound.Parent,,Delivery,pitch.1,336332,12.7784,3.9461,107.3949,-125.9354,148.0797,-5.4505,-0.1464,0.0683
1779816508276,2,11.0000004b,Drive,Delivery,pitch.1,337148,-0.0028,-0.0075,0.0327,0.0136,-0.0512,0.0083,0.0,0.0
1779816508276,2,12.00000015,Lower Delivery,Delivery,pitch.1,336866,6.3605,-2.1423,88.2245,-210.5202,131.8735,19.6829,-0.1587,-0.2533
1779816508276,2,12.00000018,Upper Delivery,Delivery,pitch.1,337422,6.4844,6.1206,19.2654,61.4924,16.5355,-25.1832,-0.0911,0.327
1779816508276,2,Pitching Mound.Delivery,,Delivery,pitch.1,336626,12.8449,3.9783,107.4899,-125.5817,148.409,-5.4583,-0.1466,0.0688
1779816508276,2,Pitching Mound.Drive,,Delivery,pitch.1,337148,-0.0028,-0.0075,0.0327,0.0136,-0.0512,0.0083,0.0,0.0
1779816508276,2,Pitching Mound.Parent,,Delivery,pitch.1,336333,12.8422,3.9708,107.5227,-125.5681,148.3578,-5.45,-0.1465,0.0688
1779816508277,2,11.0000004b,Drive,Delivery,pitch.1,337149,-0.0024,-0.0081,0.0326,0.0107,-0.0497,0.0055,0.0,0.0
1779816508277,2,12.00000015,Lower Delivery,Delivery,pitch.1,336867,6.3894,-2.1206,88.2041,-210.8097,131.821,19.7688,-0.1587,-0.2537
1779816508277,2,12.00000018,Upper Delivery,Delivery,pitch.1,337423,6.4969,6.1307,19.301,61.6361,16.3732,-25.1869,-0.0901,0.327
1779816508277,2,Pitching Mound.Delivery,,Delivery,pitch.1,336627,12.8862,4.01,107.5051,-125.7466,148.1942,-5.3816,-0.1463,0.0685
1779816508277,2,Pitching Mound.Drive,,Delivery,pitch.1,337149,-0.0024,-0.0081,0.0326,0.0107,-0.0497,0.0055,0.0,0.0
1779816508277,2,Pitching Mound.Parent,,Delivery,pitch.1,336334,12.8838,4.0019,107.5377,-125.7359,148.1445,-5.3761,-0.1463,0.0684
1779816508278,2,11.0000004b,Drive,Delivery,pitch.1,337150,-0.0019,-0.0071,0.0301,0.0078,-0.0479,0.0033,0.0,0.0
1779816508278,2,12.00000015,Lower Delivery,Delivery,pitch.1,336868,6.3909,-2.1224,88.1779,-210.782,131.7951,19.8413,-0.1587,-0.2538
1779816508278,2,12.00000018,Upper Delivery,Delivery,pitch.1,337424,6.5044,6.1592,19.2762,61.4894,16.1965,-25.2297,-0.0892,0.327
1779816508278,2,Pitching Mound.Delivery,,Delivery,pitch.1,336628,12.8954,4.0368,107.4541,-125.8661,147.9917,-5.3498,-0.1462,0.0684
1779816508278,2,Pitching Mound.Drive,,Delivery,pitch.1,337150,-0.0019,-0.0071,0.0301,0.0078,-0.0479,0.0033,0.0,0.0
1779816508278,2,Pitching Mound.Parent,,Delivery,pitch.1,336335,12.8935,4.0297,107.4842,-125.8583,147.9438,-5.3465,-0.1462,0.0684
1779816508279,2,11.0000004b,Drive,Delivery,pitch.1,337151,-0.0015,-0.0056,0.0262,0.0084,-0.0527,0.0015,0.0,0.0
1779816508279,2,12.00000015,Lower Delivery,Delivery,pitch.1,336869,6.427,-2.1187,88.2901,-211.065,132.0168,19.9026,-0.1587,-0.2538
1779816508279,2,12.00000018,Upper Delivery,Delivery,pitch.1,337425,6.5382,6.1369,19.2834,61.535,16.3693,-25.3028,-0.0901,0.327
1779816508279,2,Pitching Mound.Delivery,,Delivery,pitch.1,336629,12.9652,4.0181,107.5735,-126.0677,148.3861,-5.3624,-0.1464,0.0684
1779816508279,2,Pitching Mound.Drive,,Delivery,pitch.1,337151,-0.0015,-0.0056,0.0262,0.0084,-0.0527,0.0015,0.0,0.0
1779816508279,2,Pitching Mound.Parent,,Delivery,pitch.1,336336,12.9637,4.0125,107.5997,-126.0593,148.3334,-5.3608,-0.1464,0.0684
1779816508280,2,11.0000004b,Drive,Delivery,pitch.1,337152,-0.001,-0.0045,0.0234,0.0099,-0.0561,0.0013,0.0,0.0
1779816508280,2,12.00000015,Lower Delivery,Delivery,pitch.1,336870,6.4358,-2.1286,88.0576,-210.5912,131.6844,19.9949,-0.1588,-0.2539
1779816508280,2,12.00000018,Upper Delivery,Delivery,pitch.1,337426,6.5591,6.1657,19.2871,61.4371,16.6206,-25.3811,-0.0915,0.327
1779816508280,2,Pitching Mound.Delivery,,Delivery,pitch.1,336630,12.9949,4.0372,107.3447,-125.7721,148.305,-5.3443,-0.1467,0.0683
1779816508280,2,Pitching Mound.Drive,,Delivery,pitch.1,337152,-0.001,-0.0045,0.0234,0.0099,-0.0561,0.0013,0.0,0.0
1779816508280,2,Pitching Mound.Parent,,Delivery,pitch.1,336337,12.9939,4.0327,107.3682,-125.7622,148.2489,-5.343,-0.1466,0.0683
1779816508281,2,11.0000004b,Drive,Delivery,pitch.1,337153,-0.0004,-0.0026,0.0202,0.0112,-0.056,0.0003,0.0,0.0
1779816508281,2,12.00000015,Lower Delivery,Delivery,pitch.1,336871,6.4655,-2.1001,88.0593,-210.9745,131.9715,20.0185,-0.1591,-0.2543
1779816508281,2,12.00000018,Upper Delivery,Delivery,pitch.1,337427,6.57,6.1594,19.2985,61.7829,16.2933,-25.3846,-0.0896,0.327
1779816508281,2,Pitching Mound.Delivery,,Delivery,pitch.1,336631,13.0355,4.0592,107.3578,-125.813,148.2648,-5.3307,-0.1466,0.0679
1779816508281,2,Pitching Mound.Drive,,Delivery,pitch.1,337153,-0.0004,-0.0026,0.0202,0.0112,-0.056,0.0003,0.0,0.0
1779816508281,2,Pitching Mound.Parent,,Delivery,pitch.1,336338,13.0351,4.0566,107.378,-125.8017,148.2088,-5.3304,-0.1466,0.0679
1779816508282,2,11.0000004b,Drive,Delivery,pitch.1,337154,0.0002,-0.0014,0.0176,0.0119,-0.0559,-0.0017,0.0,0.0
1779816508282,2,12.00000015,Lower Delivery,Delivery,pitch.1,336872,6.5193,-2.1003,88.0364,-210.9582,132.0431,20.1154,-0.1592,-0.2544
1779816508282,2,12.00000018,Upper Delivery,Delivery,pitch.1,337428,6.601,6.1568,19.3495,61.9536,16.4948,-25.4644,-0.0905,0.327
1779816508282,2,Pitching Mound.Delivery,,Delivery,pitch.1,336632,13.1203,4.0565,107.3859,-125.6511,148.5379,-5.3212,-0.1468,0.0678
1779816508282,2,Pitching Mound.Drive,,Delivery,pitch.1,337154,0.0002,-0.0014,0.0176,0.0119,-0.0559,-0.0017,0.0,0.0
1779816508282,2,Pitching Mound.Parent,,Delivery,pitch.1,336339,13.1205,4.0552,107.4034,-125.6392,148.482,-5.3229,-0.1468,0.0678
1779816508283,2,11.0000004b,Drive,Delivery,pitch.1,337155,0.0002,-0.001,0.0173,0.0141,-0.0562,-0.0019,0.0,0.0
1779816508283,2,12.00000015,Lower Delivery,Delivery,pitch.1,336873,6.5461,-2.1034,87.9299,-210.7199,131.9353,20.2034,-0.1593,-0.2544
1779816508283,2,12.00000018,Upper Delivery,Delivery,pitch.1,337429,6.6065,6.1575,19.333,61.8693,16.1365,-25.4986,-0.0886,0.327
1779816508283,2,Pitching Mound.Delivery,,Delivery,pitch.1,336633,13.1527,4.0541,107.263,-125.5276,148.0717,-5.2747,-0.1466,0.0678
1779816508283,2,Pitching Mound.Drive,,Delivery,pitch.1,337155,0.0002,-0.001,0.0173,0.0141,-0.0562,-0.0019,0.0,0.0
1779816508283,2,Pitching Mound.Parent,,Delivery,pitch.1,336340,13.1529,4.0532,107.2803,-125.5135,148.0156,-5.2766,-0.1465,0.0678
1779816508284,2,11.0000004b,Drive,Delivery,pitch.1,337156,0.0008,-0.0007,0.0162,0.0125,-0.0536,-0.0032,0.0,0.0
1779816508284,2,12.00000015,Lower Delivery,Delivery,pitch.1,336874,6.6022,-2.107,87.895,-210.5275,131.9694,20.2869,-0.1594,-0.2543
1779816508284,2,12.00000018,Upper Delivery,Delivery,pitch.1,337430,6.6036,6.159,19.3126,61.9515,16.0406,-25.4875,-0.0882,0.327
1779816508284,2,Pitching Mound.Delivery,,Delivery,pitch.1,336634,13.2058,4.052,107.2076,-125.258,148.01,-5.2001,-0.1466,0.0679
1779816508284,2,Pitching Mound.Drive,,Delivery,pitch.1,337156,0.0008,-0.0007,0.0162,0.0125,-0.0536,-0.0032,0.0,0.0
1779816508284,2,Pitching Mound.Parent,,Delivery,pitch.1,336341,13.2066,4.0513,107.2238,-125.2455,147.9564,-5.2033,-0.1465,0.0679
1779816508285,2,11.0000004b,Drive,Delivery,pitch.1,337157,0.0008,-0.0008,0.0168,0.0111,-0.0509,-0.0034,0.0,0.0
1779816508285,2,12.00000015,Lower Delivery,Delivery,pitch.1,336875,6.6289,-2.1004,87.8357,-210.1434,131.6585,20.341,-0.1591,-0.254
1779816508285,2,12.00000018,Upper Delivery,Delivery,pitch.1,337431,6.5906,6.1528,19.3144,62.1206,15.615,-25.5018,-0.0858,0.327
1779816508285,2,Pitching Mound.Delivery,,Delivery,pitch.1,336635,13.2195,4.0524,107.1501,-124.7256,147.2735,-5.1738,-0.1459,0.0682
1779816508285,2,Pitching Mound.Drive,,Delivery,pitch.1,337157,0.0008,-0.0008,0.0168,0.0111,-0.0509,-0.0034,0.0,0.0
1779816508285,2,Pitching Mound.Parent,,Delivery,pitch.1,336342,13.2203,4.0516,107.1669,-124.7145,147.2226,-5.1771,-0.1459,0.0682
1779816508286,2,11.0000004b,Drive,Delivery,pitch.1,337158,0.0002,-0.0023,0.0195,0.0125,-0.0543,-0.0043,0.0,0.0
1779816508286,2,12.00000015,Lower Delivery,Delivery,pitch.1,336876,6.6597,-2.0948,87.9417,-210.5816,131.6328,20.4478,-0.1589,-0.2542
1779816508286,2,12.00000018,Upper Delivery,Delivery,pitch.1,337432,6.6167,6.1719,19.387,61.7802,15.7155,-25.5438,-0.0861,0.327
1779816508286,2,Pitching Mound.Delivery,,Delivery,pitch.1,336636,13.2764,4.0771,107.3287,-125.4928,147.3483,-5.1106,-0.1457,0.0679
1779816508286,2,Pitching Mound.Drive,,Delivery,pitch.1,337158,0.0002,-0.0023,0.0195,0.0125,-0.0543,-0.0043,0.0,0.0
1779816508286,2,Pitching Mound.Parent,,Delivery,pitch.1,336343,13.2765,4.0748,107.3482,-125.4804,147.294,-5.1149,-0.1457,0.0679
1779816508287,2,11.0000004b,Drive,Delivery,pitch.1,337159,-0.0027,-0.0113,0.0384,0.0141,-0.0531,-0.0018,0.0,0.0
1779816508287,2,12.00000015,Lower Delivery,Delivery,pitch.1,336877,6.6722,-2.1059,87.763,-210.192,131.4162,20.5401,-0.159,-0.2543
1779816508287,2,12.00000018,Upper Delivery,Delivery,pitch.1,337433,6.6167,6.1464,19.3865,61.9975,15.7758,-25.6193,-0.0864,0.327
1779816508287,2,Pitching Mound.Delivery,,Delivery,pitch.1,336637,13.2889,4.0404,107.1495,-124.9464,147.192,-5.0982,-0.1458,0.0679
1779816508287,2,Pitching Mound.Drive,,Delivery,pitch.1,337159,-0.0027,-0.0113,0.0384,0.0141,-0.0531,-0.0018,0.0,0.0
1779816508287,2,Pitching Mound.Parent,,Delivery,pitch.1,336344,13.2862,4.0291,107.1879,-124.9323,147.1389,-5.0999,-0.1458,0.0679
1779816508288,2,11.0000004b,Drive,Delivery,pitch.1,337160,-0.0033,-0.0136,0.0443,0.0189,-0.0511,0.0009,0.0,0.0
1779816508288,2,12.00000015,Lower Delivery,Delivery,pitch.1,336878,6.7289,-2.0999,87.7663,-210.2295,131.4792,20.6296,-0.159,-0.2543
1779816508288,2,12.00000018,Upper Delivery,Delivery,pitch.1,337434,6.6359,6.1422,19.4634,61.8823,15.9149,-25.6652,-0.0868,0.327
1779816508288,2,Pitching Mound.Delivery,,Delivery,pitch.1,336638,13.3648,4.0423,107.2298,-125.1242,147.3941,-5.0671,-0.1459,0.0678
1779816508288,2,Pitching Mound.Drive,,Delivery,pitch.1,337160,-0.0033,-0.0136,0.0443,0.0189,-0.0511,0.0009,0.0,0.0
1779816508288,2,Pitching Mound.Parent,,Delivery,pitch.1,336345,13.3615,4.0287,107.274,-125.1052,147.343,-5.0663,-0.1459,0.0678
1779816508289,2,11.0000004b,Drive,Delivery,pitch.1,337161,-0.0025,-0.0104,0.0366,0.018,-0.0508,-0.0006,0.0,0.0
1779816508289,2,12.00000015,Lower Delivery,Delivery,pitch.1,336879,6.7532,-2.0894,87.7425,-210.167,131.2327,20.6912,-0.1588,-0.2543
1779816508289,2,12.00000018,Upper Delivery,Delivery,pitch.1,337435,6.6585,6.1311,19.5088,62.0506,16.2589,-25.717,-0.0885,0.327
1779816508289,2,Pitching Mound.Delivery,,Delivery,pitch.1,336639,13.4117,4.0417,107.2513,-124.9169,147.4916,-5.0579,-0.146,0.0678
1779816508289,2,Pitching Mound.Drive,,Delivery,pitch.1,337161,-0.0025,-0.0104,0.0366,0.018,-0.0508,-0.0006,0.0,0.0
1779816508289,2,Pitching Mound.Parent,,Delivery,pitch.1,336346,13.4092,4.0312,107.2879,-124.8989,147.4408,-5.0586,-0.1459,0.0677
1779816508290,2,11.0000004b,Drive,Delivery,pitch.1,337162,-0.0036,-0.0139,0.0454,0.0194,-0.0495,0.0007,0.0,0.0
1779816508290,2,12.00000015,Lower Delivery,Delivery,pitch.1,336880,6.7938,-2.0882,87.6776,-210.0551,131.1692,20.7749,-0.1588,-0.2543
1779816508290,2,12.00000018,Upper Delivery,Delivery,pitch.1,337436,6.6669,6.1333,19.5044,61.8057,16.4296,-25.7269,-0.0894,0.327
1779816508290,2,Pitching Mound.Delivery,,Delivery,pitch.1,336640,13.4607,4.045,107.182,-125.0704,147.5988,-4.9951,-0.1462,0.0677
1779816508290,2,Pitching Mound.Drive,,Delivery,pitch.1,337162,-0.0036,-0.0139,0.0454,0.0194,-0.0495,0.0007,0.0,0.0
1779816508290,2,Pitching Mound.Parent,,Delivery,pitch.1,336347,13.4572,4.0311,107.2274,-125.051,147.5493,-4.9944,-0.1461,0.0677
1779816508291,2,11.0000004b,Drive,Delivery,pitch.1,337163,-0.0038,-0.0144,0.0468,0.0177,-0.049,0.0028,0.0,0.0
1779816508291,2,12.00000015,Lower Delivery,Delivery,pitch.1,336881,6.8041,-2.0867,87.6609,-210.0425,131.0152,20.8472,-0.1587,-0.2544
1779816508291,2,12.00000018,Upper Delivery,Delivery,pitch.1,337437,6.69,6.1073,19.4787,61.624,16.5446,-25.7506,-0.0902,0.327
1779816508291,2,Pitching Mound.Delivery,,Delivery,pitch.1,336641,13.4941,4.0206,107.1396,-125.2366,147.5597,-4.9421,-0.1462,0.0677
1779816508291,2,Pitching Mound.Drive,,Delivery,pitch.1,337163,-0.0038,-0.0144,0.0468,0.0177,-0.049,0.0028,0.0,0.0
1779816508291,2,Pitching Mound.Parent,,Delivery,pitch.1,336348,13.4904,4.0062,107.1864,-125.2189,147.5108,-4.9393,-0.1462,0.0677
1779816508292,2,11.0000004b,Drive,Delivery,pitch.1,337164,-0.0039,-0.0147,0.0473,0.0166,-0.0477,0.0037,0.0,0.0
1779816508292,2,12.00000015,Lower Delivery,Delivery,pitch.1,336882,6.8285,-2.0881,87.6727,-209.7975,130.9464,20.8893,-0.1586,-0.254
1779816508292,2,12.00000018,Upper Delivery,Delivery,pitch.1,337438,6.6928,6.0962,19.4731,61.8206,16.6751,-25.7891,-0.0909,0.327
1779816508292,2,Pitching Mound.Delivery,,Delivery,pitch.1,336642,13.5213,4.0081,107.1459,-124.789,147.6216,-4.9459,-0.1463,0.068
1779816508292,2,Pitching Mound.Drive,,Delivery,pitch.1,337164,-0.0039,-0.0147,0.0473,0.0166,-0.0477,0.0037,0.0,0.0
1779816508292,2,Pitching Mound.Parent,,Delivery,pitch.1,336349,13.5173,3.9934,107.1931,-124.7725,147.5738,-4.9422,-0.1462,0.0679
1779816508293,2,11.0000004b,Drive,Delivery,pitch.1,337165,-0.0034,-0.0136,0.0439,0.0169,-0.0478,0.0054,0.0,0.0
1779816508293,2,12.00000015,Lower Delivery,Delivery,pitch.1,336883,6.862,-2.0804,87.6925,-209.8849,130.978,21.0055,-0.1586,-0.2541
1779816508293,2,12.00000018,Upper Delivery,Delivery,pitch.1,337439,6.6818,6.1034,19.491,61.9239,16.8594,-25.8194,-0.0918,0.327
1779816508293,2,Pitching Mound.Delivery,,Delivery,pitch.1,336643,13.5438,4.023,107.1834,-124.7725,147.8374,-4.8752,-0.1464,0.0679
1779816508293,2,Pitching Mound.Drive,,Delivery,pitch.1,337165,-0.0034,-0.0136,0.0439,0.0169,-0.0478,0.0054,0.0,0.0
1779816508293,2,Pitching Mound.Parent,,Delivery,pitch.1,336350,13.5404,4.0093,107.2273,-124.7556,147.7896,-4.8698,-0.1464,0.0679
1779816508294,2,11.0000004b,Drive,Delivery,pitch.1,337166,-0.003,-0.0126,0.0412,0.0155,-0.0478,0.003,0.0,0.0
1779816508294,2,12.00000015,Lower Delivery,Delivery,pitch.1,336884,6.8849,-2.074,87.7344,-209.7508,130.7132,21.0633,-0.1582,-0.2538
1779816508294,2,12.00000018,Upper Delivery,Delivery,pitch.1,337440,6.6945,6.1057,19.5675,61.9624,17.2491,-25.8526,-0.0936,0.327
1779816508294,2,Pitching Mound.Delivery,,Delivery,pitch.1,336644,13.5793,4.0317,107.3019,-124.6116,147.9622,-4.854,-0.1464,0.0681
1779816508294,2,Pitching Mound.Drive,,Delivery,pitch.1,337166,-0.003,-0.0126,0.0412,0.0155,-0.0478,0.003,0.0,0.0
1779816508294,2,Pitching Mound.Parent,,Delivery,pitch.1,336351,13.5763,4.0192,107.343,-124.5961,147.9144,-4.851,-0.1463,0.0681
1779816508295,2,11.0000004b,Drive,Delivery,pitch.1,337167,-0.0036,-0.0138,0.0455,0.0177,-0.0459,0.0034,0.0,0.0
1779816508295,2,12.00000015,Lower Delivery,Delivery,pitch.1,336885,6.9115,-2.0477,87.8915,-209.8646,130.9358,21.1643,-0.1582,-0.2535
1779816508295,2,12.00000018,Upper Delivery,Delivery,pitch.1,337441,6.6905,6.0939,19.4472,61.8463,17.084,-25.8673,-0.0933,0.327
1779816508295,2,Pitching Mound.Delivery,,Delivery,pitch.1,336645,13.602,4.0462,107.3387,-124.7472,148.0198,-4.7782,-0.1464,0.0685
1779816508295,2,Pitching Mound.Drive,,Delivery,pitch.1,337167,-0.0036,-0.0138,0.0455,0.0177,-0.0459,0.0034,0.0,0.0
1779816508295,2,Pitching Mound.Parent,,Delivery,pitch.1,336352,13.5984,4.0324,107.3842,-124.7296,147.9739,-4.7748,-0.1463,0.0685
1779816508296,2,11.0000004b,Drive,Delivery,pitch.1,337168,-0.0032,-0.0125,0.0409,0.015,-0.0502,0.0022,0.0,0.0
1779816508296,2,12.00000015,Lower Delivery,Delivery,pitch.1,336886,6.9591,-2.0379,87.7322,-209.9653,131.2274,21.2404,-0.1588,-0.2541
1779816508296,2,12.00000018,Upper Delivery,Delivery,pitch.1,337442,6.694,6.0789,19.4359,61.804,17.0803,-25.8816,-0.0933,0.327
1779816508296,2,Pitching Mound.Delivery,,Delivery,pitch.1,336646,13.6531,4.041,107.168,-124.9406,148.3077,-4.7312,-0.1469,0.068
1779816508296,2,Pitching Mound.Drive,,Delivery,pitch.1,337168,-0.0032,-0.0125,0.0409,0.015,-0.0502,0.0022,0.0,0.0
1779816508296,2,Pitching Mound.Parent,,Delivery,pitch.1,336353,13.6499,4.0285,107.209,-124.9256,148.2575,-4.729,-0.1469,0.068
1779816508297,2,11.0000004b,Drive,Delivery,pitch.1,337169,-0.003,-0.012,0.0418,0.0234,-0.0488,0.0028,0.0,0.0
1779816508297,2,12.00000015,Lower Delivery,Delivery,pitch.1,336887,6.9774,-2.0165,87.7337,-209.4332,131.1046,21.3363,-0.1586,-0.2534
1779816508297,2,12.00000018,Upper Delivery,Delivery,pitch.1,337443,6.7083,6.068,19.4347,61.999,17.0071,-25.9382,-0.0929,0.327
1779816508297,2,Pitching Mound.Delivery,,Delivery,pitch.1,336647,13.6856,4.0514,107.1684,-124.2126,148.1116,-4.6934,-0.1467,0.0685
1779816508297,2,Pitching Mound.Drive,,Delivery,pitch.1,337169,-0.003,-0.012,0.0418,0.0234,-0.0488,0.0028,0.0,0.0
1779816508297,2,Pitching Mound.Parent,,Delivery,pitch.1,336354,13.6826,4.0394,107.2102,-124.1893,148.0628,-4.6906,-0.1467,0.0685
1779816508298,2,11.0000004b,Drive,Delivery,pitch.1,337170,-0.0021,-0.0099,0.0361,0.0181,-0.0499,0.0025,0.0,0.0
1779816508298,2,12.00000015,Lower Delivery,Delivery,pitch.1,336888,7.0226,-2.0085,87.7679,-209.4998,131.3574,21.3871,-0.1589,-0.2534
1779816508298,2,12.00000018,Upper Delivery,Delivery,pitch.1,337444,6.7113,6.0646,19.4435,61.975,17.1115,-25.9362,-0.0934,0.327
1779816508298,2,Pitching Mound.Delivery,,Delivery,pitch.1,336648,13.7339,4.0561,107.2114,-124.2946,148.4689,-4.655,-0.147,0.0685
1779816508298,2,Pitching Mound.Drive,,Delivery,pitch.1,337170,-0.0021,-0.0099,0.0361,0.0181,-0.0499,0.0025,0.0,0.0
1779816508298,2,Pitching Mound.Parent,,Delivery,pitch.1,336355,13.7318,4.0462,107.2476,-124.2765,148.419,-4.6525,-0.147,0.0685
1779816508299,2,11.0000004b,Drive,Delivery,pitch.1,337171,-0.0012,-0.0068,0.0292,0.0159,-0.0524,0.0013,0.0,0.0
1779816508299,2,12.00000015,Lower Delivery,Delivery,pitch.1,336889,7.0688,-2.0082,87.6768,-209.424,131.3042,21.4826,-0.159,-0.2536
1779816508299,2,12.00000018,Upper Delivery,Delivery,pitch.1,337445,6.7118,6.0502,19.3294,61.6424,17.1244,-25.9812,-0.0941,0.327
1779816508299,2,Pitching Mound.Delivery,,Delivery,pitch.1,336649,13.7806,4.042,107.0063,-124.5434,148.4286,-4.6201,-0.1473,0.0685
1779816508299,2,Pitching Mound.Drive,,Delivery,pitch.1,337171,-0.0012,-0.0068,0.0292,0.0159,-0.0524,0.0013,0.0,0.0
1779816508299,2,Pitching Mound.Parent,,Delivery,pitch.1,336356,13.7794,4.0352,107.0355,-124.5276,148.3761,-4.6188,-0.1472,0.0684
1779816508300,2,11.0000004b,Drive,Delivery,pitch.1,337172,-0.0002,-0.0046,0.0244,0.0127,-0.0525,-0.0009,0.0,0.0
1779816508300,2,12.00000015,Lower Delivery,Delivery,pitch.1,336890,7.0999,-1.9871,87.6407,-209.2431,131.3866,21.5631,-0.1592,-0.2535
1779816508300,2,12.00000018,Upper Delivery,Delivery,pitch.1,337446,6.7092,6.0186,19.2873,61.5322,16.9649,-25.9941,-0.0934,0.327
1779816508300,2,Pitching Mound.Delivery,,Delivery,pitch.1,336650,13.8091,4.0315,106.9281,-124.4707,148.3515,-4.5638,-0.1473,0.0686
1779816508300,2,Pitching Mound.Drive,,Delivery,pitch.1,337172,-0.0002,-0.0046,0.0244,0.0127,-0.0525,-0.0009,0.0,0.0
1779816508300,2,Pitching Mound.Parent,,Delivery,pitch.1,336357,13.8088,4.0269,106.9525,-124.458,148.2989,-4.5647,-0.1473,0.0686
1779816508301,2,11.0000004b,Drive,Delivery,pitch.1,337173,-0.0006,-0.0052,0.0261,0.0137,-0.053,0.0015,0.0,0.0
1779816508301,2,12.00000015,Lower Delivery,Delivery,pitch.1,336891,7.139,-1.9781,87.6286,-209.04,131.3486,21.6409,-0.1591,-0.2533
1779816508301,2,12.00000018,Upper Delivery,Delivery,pitch.1,337447,6.7275,6.0038,19.233,61.6522,16.8518,-26.0203,-0.093,0.327
1779816508301,2,Pitching Mound.Delivery,,Delivery,pitch.1,336651,13.8665,4.0257,106.8616,-124.1334,148.2005,-4.5193,-0.1472,0.0688
1779816508301,2,Pitching Mound.Drive,,Delivery,pitch.1,337173,-0.0006,-0.0052,0.0261,0.0137,-0.053,0.0015,0.0,0.0
1779816508301,2,Pitching Mound.Parent,,Delivery,pitch.1,336358,13.8659,4.0204,106.8878,-124.1197,148.1475,-4.5178,-0.1472,0.0688
1779816508302,2,11.0000004b,Drive,Delivery,pitch.1,337174,-0.0001,-0.0038,0.0233,0.0139,-0.0513,0.0008,0.0,0.0
1779816508302,2,12.00000015,Lower Delivery,Delivery,pitch.1,336892,7.1749,-1.9639,87.6047,-209.1317,131.5068,21.7449,-0.1594,-0.2534
1779816508302,2,12.00000018,Upper Delivery,Delivery,pitch.1,337448,6.7509,6.0031,19.2341,61.4444,16.9921,-26.0599,-0.0938,0.327
1779816508302,2,Pitching Mound.Delivery,,Delivery,pitch.1,336652,13.9258,4.0391,106.8388,-124.4413,148.4989,-4.4592,-0.1476,0.0686
1779816508302,2,Pitching Mound.Drive,,Delivery,pitch.1,337174,-0.0001,-0.0038,0.0233,0.0139,-0.0513,0.0008,0.0,0.0
1779816508302,2,Pitching Mound.Parent,,Delivery,pitch.1,336359,13.9256,4.0353,106.8622,-124.4274,148.4476,-4.4585,-0.1475,0.0686
1779816508303,2,11.0000004b,Drive,Delivery,pitch.1,337175,-0.0005,-0.004,0.0238,0.0169,-0.051,0.0013,0.0,0.0
1779816508303,2,12.00000015,Lower Delivery,Delivery,pitch.1,336893,7.2324,-1.9498,87.6384,-209.0521,131.4896,21.8214,-0.1593,-0.2532
1779816508303,2,12.00000018,Upper Delivery,Delivery,pitch.1,337449,6.7545,6.0096,19.1747,60.7121,17.217,-26.1068,-0.0953,0.327
1779816508303,2,Pitching Mound.Delivery,,Delivery,pitch.1,336653,13.987,4.0598,106.8131,-125.0623,148.7066,-4.4479,-0.1478,0.0689
1779816508303,2,Pitching Mound.Drive,,Delivery,pitch.1,337175,-0.0005,-0.004,0.0238,0.0169,-0.051,0.0013,0.0,0.0
1779816508303,2,Pitching Mound.Parent,,Delivery,pitch.1,336360,13.9865,4.0558,106.8369,-125.0454,148.6556,-4.4466,-0.1478,0.0688
1779816508304,2,11.0000004b,Drive,Delivery,pitch.1,337176,-0.0002,-0.0027,0.0208,0.0133,-0.0537,0.0021,0.0,0.0
1779816508304,2,12.00000015,Lower Delivery,Delivery,pitch.1,336894,7.2722,-1.9532,87.525,-208.9493,131.4892,21.8496,-0.1595,-0.2534
1779816508304,2,12.00000018,Upper Delivery,Delivery,pitch.1,337450,6.7637,5.9945,19.2123,60.9925,16.7802,-26.1389,-0.0927,0.327
1779816508304,2,Pitching Mound.Delivery,,Delivery,pitch.1,336654,14.0358,4.0413,106.7373,-124.7305,148.2694,-4.4623,-0.1475,0.0686
1779816508304,2,Pitching Mound.Drive,,Delivery,pitch.1,337176,-0.0002,-0.0027,0.0208,0.0133,-0.0537,0.0021,0.0,0.0
1779816508304,2,Pitching Mound.Parent,,Delivery,pitch.1,336361,14.0357,4.0386,106.7581,-124.7172,148.2157,-4.4601,-0.1474,0.0686
1779816508305,2,11.0000004b,Drive,Delivery,pitch.1,337177,0.0006,-0.0012,0.0175,0.0122,-0.0541,0.0025,0.0,0.0
1779816508305,2,12.00000015,Lower Delivery,Delivery,pitch.1,336895,7.3153,-1.9348,87.408,-208.7735,131.2908,21.8978,-0.1595,-0.2536
1779816508305,2,12.00000018,Upper Delivery,Delivery,pitch.1,337451,6.7609,5.9853,19.0886,60.4253,16.7286,-26.177,-0.093,0.327
1779816508305,2,Pitching Mound.Delivery,,Delivery,pitch.1,336655,14.0762,4.0505,106.4965,-125.1196,148.0194,-4.4676,-0.1476,0.0686
1779816508305,2,Pitching Mound.Drive,,Delivery,pitch.1,337177,0.0006,-0.0012,0.0175,0.0122,-0.0541,0.0025,0.0,0.0
1779816508305,2,Pitching Mound.Parent,,Delivery,pitch.1,336362,14.0767,4.0493,106.514,-125.1075,147.9653,-4.4651,-0.1475,0.0686
1779816508306,2,12.00000015,Lower Delivery,Delivery,pitch.1,336896,7.3426,-1.9405,87.279,-208.4636,131.056,21.9987,-0.1594,-0.2536
1779816508306,2,12.00000018,Upper Delivery,Delivery,pitch.1,337452,6.7636,6.0009,19.1054,60.4473,16.7292,-26.258,-0.093,0.327
1779816508306,2,Pitching Mound.Delivery,,Delivery,pitch.1,336656,14.1062,4.0604,106.3844,-124.8373,147.7852,-4.4561,-0.1475,0.0686
1779816508307,2,11.0000004b,Drive,Delivery,pitch.1,337178,-0.0004,-0.0044,0.0235,0.011,-0.0536,0.0019,0.0,0.0
1779816508307,2,11.0000004b,Drive,Delivery,pitch.1,337179,-0.0003,-0.0031,0.0211,0.0109,-0.0558,0.0033,0.0,0.0
1779816508307,2,12.00000015,Lower Delivery,Delivery,pitch.1,336897,7.355,-1.9371,87.1173,-208.3004,130.8043,22.0415,-0.1594,-0.2538
1779816508307,2,12.00000018,Upper Delivery,Delivery,pitch.1,337453,6.77,5.9897,19.153,60.7416,16.8986,-26.3017,-0.0937,0.327
1779816508307,2,Pitching Mound.Delivery,,Delivery,pitch.1,336657,14.125,4.0526,106.2703,-124.451,147.7029,-4.4591,-0.1476,0.0683
1779816508307,2,Pitching Mound.Drive,,Delivery,pitch.1,337178,-0.0004,-0.0044,0.0235,0.011,-0.0536,0.0019,0.0,0.0
1779816508307,2,Pitching Mound.Drive,,Delivery,pitch.1,337179,-0.0003,-0.0031,0.0211,0.0109,-0.0558,0.0033,0.0,0.0
1779816508307,2,Pitching Mound.Parent,,Delivery,pitch.1,336363,14.1058,4.056,106.4079,-124.8263,147.7316,-4.4542,-0.1474,0.0686
1779816508307,2,Pitching Mound.Parent,,Delivery,pitch.1,336364,14.1247,4.0495,106.2914,-124.4401,147.6472,-4.4558,-0.1475,0.0683
1779816508308,2,11.0000004b,Drive,Delivery,pitch.1,337180,-0.0005,-0.0036,0.0215,0.0106,-0.0544,0.004,0.0,0.0
1779816508308,2,12.00000015,Lower Delivery,Delivery,pitch.1,336898,7.395,-1.9511,87.1394,-208.5604,130.722,22.1044,-0.1593,-0.2541
1779816508308,2,12.00000018,Upper Delivery,Delivery,pitch.1,337454,6.7711,5.985,19.1518,60.6667,16.8191,-26.2825,-0.0932,0.327
1779816508308,2,Pitching Mound.Delivery,,Delivery,pitch.1,336658,14.166,4.034,106.2912,-124.7779,147.5411,-4.3902,-0.1474,0.0681
1779816508308,2,Pitching Mound.Drive,,Delivery,pitch.1,337180,-0.0005,-0.0036,0.0215,0.0106,-0.0544,0.004,0.0,0.0
1779816508308,2,Pitching Mound.Parent,,Delivery,pitch.1,336365,14.1655,4.0304,106.3127,-124.7672,147.4867,-4.3863,-0.1473,0.0681
1779816508309,2,11.0000004b,Drive,Delivery,pitch.1,337181,-0.0017,-0.0072,0.0293,0.01,-0.0555,0.0033,0.0,0.0
1779816508309,2,12.00000015,Lower Delivery,Delivery,pitch.1,336899,7.417,-1.9434,86.996,-208.2496,130.7408,22.1651,-0.1595,-0.2541
1779816508309,2,12.00000018,Upper Delivery,Delivery,pitch.1,337455,6.7483,6.0044,19.0845,60.3025,16.7207,-26.3268,-0.093,0.327
1779816508309,2,Pitching Mound.Delivery,,Delivery,pitch.1,336659,14.1652,4.061,106.0805,-124.8572,147.4614,-4.389,-0.1476,0.0681
1779816508309,2,Pitching Mound.Drive,,Delivery,pitch.1,337181,-0.0017,-0.0072,0.0293,0.01,-0.0555,0.0033,0.0,0.0
1779816508309,2,Pitching Mound.Parent,,Delivery,pitch.1,336366,14.1635,4.0538,106.1098,-124.8472,147.406,-4.3857,-0.1475,0.0681
1779816508310,2,11.0000004b,Drive,Delivery,pitch.1,337182,-0.0021,-0.0092,0.0326,0.0093,-0.0549,0.0019,0.0,0.0
1779816508310,2,12.00000015,Lower Delivery,Delivery,pitch.1,336900,7.4268,-1.9332,87.0899,-208.1487,130.7636,22.2654,-0.1594,-0.2537
1779816508310,2,12.00000018,Upper Delivery,Delivery,pitch.1,337456,6.7552,6.0113,19.0466,60.2221,16.7773,-26.344,-0.0935,0.327
1779816508310,2,Pitching Mound.Delivery,,Delivery,pitch.1,336660,14.182,4.0781,106.1364,-124.7919,147.541,-4.307,-0.1476,0.0685
1779816508310,2,Pitching Mound.Drive,,Delivery,pitch.1,337182,-0.0021,-0.0092,0.0326,0.0093,-0.0549,0.0019,0.0,0.0
1779816508310,2,Pitching Mound.Parent,,Delivery,pitch.1,336367,14.1798,4.0689,106.1691,-124.7826,147.486,-4.3051,-0.1475,0.0684
1779816508311,2,11.0000004b,Drive,Delivery,pitch.1,337183,-0.0017,-0.008,0.0301,0.0081,-0.0542,0.0036,0.0,0.0
1779816508311,2,12.00000015,Lower Delivery,Delivery,pitch.1,336901,7.4799,-1.9341,87.1502,-208.086,130.8587,22.3142,-0.1594,-0.2535
1779816508311,2,12.00000018,Upper Delivery,Delivery,pitch.1,337457,6.7422,6.0402,19.0267,60.4164,16.6407,-26.3521,-0.0928,0.327
1779816508311,2,Pitching Mound.Delivery,,Delivery,pitch.1,336661,14.2221,4.1061,106.1769,-124.5076,147.4993,-4.2888,-0.1475,0.0687
1779816508311,2,Pitching Mound.Drive,,Delivery,pitch.1,337183,-0.0017,-0.008,0.0301,0.0081,-0.0542,0.0036,0.0,0.0
1779816508311,2,Pitching Mound.Parent,,Delivery,pitch.1,336368,14.2204,4.0981,106.207,-124.4994,147.4452,-4.2852,-0.1474,0.0687
1779816508312,2,11.0000004b,Drive,Delivery,pitch.1,337184,-0.0024,-0.0099,0.0349,0.0096,-0.0542,0.0032,0.0,0.0
1779816508312,2,12.00000015,Lower Delivery,Delivery,pitch.1,336902,7.4963,-1.9222,87.1309,-207.9808,130.8247,22.4074,-0.1594,-0.2534
1779816508312,2,12.00000015,Lower Delivery,Delivery,pitch.1,336903,7.5239,-1.9101,87.1093,-207.8277,130.7943,22.4435,-0.1594,-0.2533
1779816508312,2,12.00000018,Upper Delivery,Delivery,pitch.1,337458,6.7635,6.0375,19.0792,60.3458,16.6147,-26.4093,-0.0924,0.327
1779816508312,2,Pitching Mound.Delivery,,Delivery,pitch.1,336662,14.2598,4.1154,106.2101,-124.4975,147.4394,-4.2511,-0.1474,0.0687
1779816508312,2,Pitching Mound.Drive,,Delivery,pitch.1,337184,-0.0024,-0.0099,0.0349,0.0096,-0.0542,0.0032,0.0,0.0
1779816508312,2,Pitching Mound.Parent,,Delivery,pitch.1,336369,14.2574,4.1055,106.2451,-124.4879,147.3852,-4.2479,-0.1473,0.0687
1779816508313,2,11.0000004b,Drive,Delivery,pitch.1,337185,-0.0026,-0.0112,0.0368,0.0088,-0.0545,0.0036,0.0,0.0
1779816508313,2,12.00000018,Upper Delivery,Delivery,pitch.1,337459,6.7613,6.0402,19.0328,60.2786,16.5869,-26.4534,-0.0925,0.327
1779816508313,2,Pitching Mound.Delivery,,Delivery,pitch.1,336663,14.2852,4.1302,106.1421,-124.4031,147.3812,-4.2692,-0.1474,0.0688
1779816508313,2,Pitching Mound.Drive,,Delivery,pitch.1,337185,-0.0026,-0.0112,0.0368,0.0088,-0.0545,0.0036,0.0,0.0
1779816508313,2,Pitching Mound.Parent,,Delivery,pitch.1,336370,14.2826,4.119,106.1789,-124.3943,147.3267,-4.2656,-0.1474,0.0688
1779816508314,2,11.0000004b,Drive,Delivery,pitch.1,337186,-0.0034,-0.0138,0.0441,0.0104,-0.0508,0.0033,0.0,0.0
1779816508314,2,12.00000015,Lower Delivery,Delivery,pitch.1,336904,7.5353,-1.919,86.9914,-207.586,130.5369,22.5047,-0.1593,-0.2533
1779816508314,2,12.00000018,Upper Delivery,Delivery,pitch.1,337460,6.7753,6.0245,18.9636,59.9753,16.6468,-26.4397,-0.0932,0.327
1779816508314,2,Pitching Mound.Delivery,,Delivery,pitch.1,336664,14.3106,4.1055,105.9551,-124.4812,147.1838,-4.1934,-0.1475,0.0688
1779816508314,2,Pitching Mound.Drive,,Delivery,pitch.1,337186,-0.0034,-0.0138,0.0441,0.0104,-0.0508,0.0033,0.0,0.0
1779816508314,2,Pitching Mound.Parent,,Delivery,pitch.1,336371,14.3072,4.0917,105.9991,-124.4708,147.133,-4.1901,-0.1474,0.0688
1779816508315,2,11.0000004b,Drive,Delivery,pitch.1,337187,-0.0035,-0.0133,0.0444,0.0115,-0.0533,0.003,0.0,0.0
1779816508315,2,12.00000015,Lower Delivery,Delivery,pitch.1,336905,7.57,-1.8941,87.0487,-207.3522,130.5977,22.5924,-0.1593,-0.2529
1779816508315,2,12.00000018,Upper Delivery,Delivery,pitch.1,337461,6.7847,6.0222,18.978,60.0994,16.6222,-26.4784,-0.093,0.327
1779816508315,2,Pitching Mound.Delivery,,Delivery,pitch.1,336665,14.3548,4.1281,106.0267,-124.1088,147.22,-4.1531,-0.1474,0.0692
1779816508315,2,Pitching Mound.Drive,,Delivery,pitch.1,337187,-0.0035,-0.0133,0.0444,0.0115,-0.0533,0.003,0.0,0.0
1779816508315,2,Pitching Mound.Parent,,Delivery,pitch.1,336372,14.3513,4.1148,106.0711,-124.0973,147.1666,-4.15,-0.1473,0.0692
1779816508316,2,11.0000004b,Drive,Delivery,pitch.1,337188,-0.0036,-0.0135,0.0441,0.0109,-0.0515,0.0024,0.0,0.0
1779816508316,2,12.00000015,Lower Delivery,Delivery,pitch.1,336906,7.5945,-1.8931,86.9684,-207.0862,130.4985,22.6857,-0.1593,-0.2528
1779816508316,2,12.00000015,Lower Delivery,Delivery,pitch.1,336907,7.6552,-1.8799,87.0424,-206.9261,130.3532,22.7633,-0.159,-0.2524
1779816508316,2,12.00000018,Upper Delivery,Delivery,pitch.1,337462,6.8054,6.0158,18.9692,60.0823,16.6633,-26.5261,-0.0933,0.327
1779816508316,2,Pitching Mound.Delivery,,Delivery,pitch.1,336666,14.3999,4.1227,105.9377,-123.8842,147.1618,-4.1087,-0.1475,0.0693
1779816508316,2,Pitching Mound.Drive,,Delivery,pitch.1,337188,-0.0036,-0.0135,0.0441,0.0109,-0.0515,0.0024,0.0,0.0
1779816508316,2,Pitching Mound.Parent,,Delivery,pitch.1,336373,14.3963,4.1092,105.9818,-123.8734,147.1103,-4.1063,-0.1474,0.0692
1779816508317,2,11.0000004b,Drive,Delivery,pitch.1,337189,-0.0033,-0.0126,0.0427,0.0135,-0.0512,0.0029,0.0,0.0
1779816508317,2,12.00000015,Lower Delivery,Delivery,pitch.1,336908,7.683,-1.8726,87.0386,-206.6204,130.3591,22.7992,-0.159,-0.252
1779816508317,2,12.00000018,Upper Delivery,Delivery,pitch.1,337463,6.802,6.0046,18.9113,59.3368,17.0138,-26.5425,-0.0955,0.327
1779816508317,2,Pitching Mound.Delivery,,Delivery,pitch.1,336667,14.4572,4.1247,105.9537,-124.4247,147.367,-4.0692,-0.1477,0.0697
1779816508317,2,Pitching Mound.Drive,,Delivery,pitch.1,337189,-0.0033,-0.0126,0.0427,0.0135,-0.0512,0.0029,0.0,0.0
1779816508317,2,Pitching Mound.Parent,,Delivery,pitch.1,336374,14.4539,4.1121,105.9964,-124.4112,147.3158,-4.0663,-0.1476,0.0696
1779816508318,2,11.0000004b,Drive,Delivery,pitch.1,337190,-0.0036,-0.0133,0.0448,0.0142,-0.0512,0.0033,0.0,0.0
1779816508318,2,12.00000015,Lower Delivery,Delivery,pitch.1,336909,7.7229,-1.8448,86.9808,-206.505,130.3028,22.8852,-0.159,-0.252
1779816508318,2,12.00000018,Upper Delivery,Delivery,pitch.1,337464,6.816,5.9938,18.8998,59.416,16.8093,-26.5735,-0.0944,0.327
1779816508318,2,Pitching Mound.Delivery,,Delivery,pitch.1,336668,14.499,4.1212,105.9385,-124.0372,147.1684,-4.069,-0.1475,0.07
1779816508318,2,Pitching Mound.Drive,,Delivery,pitch.1,337190,-0.0036,-0.0133,0.0448,0.0142,-0.0512,0.0033,0.0,0.0
1779816508318,2,Pitching Mound.Parent,,Delivery,pitch.1,336375,14.4955,4.1079,105.9833,-124.023,147.1171,-4.0658,-0.1474,0.0699
1779816508319,2,11.0000004b,Drive,Delivery,pitch.1,337191,-0.0031,-0.0126,0.0423,0.0143,-0.0493,0.003,0.0,0.0
1779816508319,2,12.00000015,Lower Delivery,Delivery,pitch.1,336910,7.7586,-1.8439,86.754,-206.0495,129.9989,22.9729,-0.1591,-0.2521
1779816508319,2,12.00000018,Upper Delivery,Delivery,pitch.1,337465,6.804,5.9878,18.8557,59.3182,16.6922,-26.629,-0.094,0.327
1779816508319,2,Pitching Mound.Delivery,,Delivery,pitch.1,336669,14.5269,4.1429,105.8366,-124.0243,146.995,-4.0563,-0.1474,0.07
1779816508319,2,Pitching Mound.Drive,,Delivery,pitch.1,337191,-0.0031,-0.0126,0.0423,0.0143,-0.0493,0.003,0.0,0.0
1779816508319,2,Pitching Mound.Parent,,Delivery,pitch.1,336376,14.5238,4.1303,105.8788,-124.01,146.9457,-4.0532,-0.1474,0.0699
1779816508320,2,11.0000004b,Drive,Delivery,pitch.1,337192,-0.0029,-0.0119,0.0402,0.0114,-0.051,0.005,0.0,0.0
1779816508320,2,12.00000015,Lower Delivery,Delivery,pitch.1,336911,7.7936,-1.8175,86.5855,-205.572,129.8644,22.9794,-0.1592,-0.2521
1779816508320,2,12.00000018,Upper Delivery,Delivery,pitch.1,337466,6.8483,5.9591,18.876,59.7198,16.7845,-26.7001,-0.0944,0.327
1779816508320,2,Pitching Mound.Delivery,,Delivery,pitch.1,336670,14.6069,4.1152,105.63,-123.2512,146.7834,-4.0367,-0.1475,0.0698
1779816508320,2,Pitching Mound.Drive,,Delivery,pitch.1,337192,-0.0029,-0.0119,0.0402,0.0114,-0.051,0.005,0.0,0.0
1779816508320,2,Pitching Mound.Parent,,Delivery,pitch.1,336377,14.604,4.1032,105.6702,-123.2398,146.7324,-4.0317,-0.1475,0.0698
1779816508321,2,11.0000004b,Drive,Delivery,pitch.1,337193,-0.0022,-0.0094,0.0348,0.0149,-0.0507,0.0054,0.0,0.0
1779816508321,2,12.00000015,Lower Delivery,Delivery,pitch.1,336912,7.8415,-1.7844,86.4913,-205.3495,129.651,23.0478,-0.1591,-0.2521
1779816508321,2,12.00000018,Upper Delivery,Delivery,pitch.1,337467,6.8503,5.9478,18.9047,59.5972,16.8497,-26.7445,-0.0946,0.327
1779816508321,2,Pitching Mound.Delivery,,Delivery,pitch.1,336671,14.6439,4.1303,105.4902,-122.9633,146.7141,-4.0858,-0.1476,0.0699
1779816508321,2,Pitching Mound.Drive,,Delivery,pitch.1,337193,-0.0022,-0.0094,0.0348,0.0149,-0.0507,0.0054,0.0,0.0
1779816508321,2,Pitching Mound.Parent,,Delivery,pitch.1,336378,14.6417,4.1209,105.525,-122.9485,146.6634,-4.0804,-0.1476,0.0698
1779816508322,2,11.0000004b,Drive,Delivery,pitch.1,337194,-0.0022,-0.0093,0.0341,0.0153,-0.0531,0.0048,0.0,0.0
1779816508322,2,12.00000015,Lower Delivery,Delivery,pitch.1,336913,7.8792,-1.7629,86.585,-205.3753,129.8905,23.123,-0.1593,-0.2518
1779816508322,2,12.00000018,Upper Delivery,Delivery,pitch.1,337468,6.8605,5.9404,18.9004,59.6924,16.7646,-26.7592,-0.0942,0.327
1779816508322,2,Pitching Mound.Delivery,,Delivery,pitch.1,336672,14.7019,4.156,105.3917,-122.6762,146.4156,-4.0449,-0.1475,0.0698
1779816508322,2,Pitching Mound.Drive,,Delivery,pitch.1,337194,-0.0022,-0.0093,0.0341,0.0153,-0.0531,0.0048,0.0,0.0
1779816508322,2,Pitching Mound.Parent,,Delivery,pitch.1,336379,14.6997,4.1467,105.4258,-122.6609,146.3624,-4.0401,-0.1474,0.0698
1779816508323,2,11.0000004b,Drive,Delivery,pitch.1,337195,-0.0022,-0.0092,0.0332,0.0138,-0.0545,0.0026,0.0,0.0
1779816508323,2,12.00000015,Lower Delivery,Delivery,pitch.1,336914,7.943,-1.7098,86.5323,-205.1682,129.7119,23.2389,-0.1591,-0.2517
1779816508323,2,12.00000018,Upper Delivery,Delivery,pitch.1,337469,6.8198,5.9466,18.8721,59.5184,16.7697,-26.7977,-0.0943,0.327
1779816508323,2,Pitching Mound.Delivery,,Delivery,pitch.1,336673,14.699,4.1838,105.4571,-122.8345,146.6602,-4.0349,-0.1476,0.0701
1779816508323,2,Pitching Mound.Drive,,Delivery,pitch.1,337195,-0.0022,-0.0092,0.0332,0.0138,-0.0545,0.0026,0.0,0.0
1779816508323,2,Pitching Mound.Parent,,Delivery,pitch.1,336380,14.6967,4.1746,105.4903,-122.8208,146.6057,-4.0322,-0.1476,0.0701
1779816508324,2,11.0000004b,Drive,Delivery,pitch.1,337196,-0.0015,-0.0063,0.0272,0.0115,-0.0558,0.0027,0.0,0.0
1779816508324,2,12.00000015,Lower Delivery,Delivery,pitch.1,336915,7.9914,-1.6769,86.5319,-204.713,129.7617,23.3265,-0.1592,-0.2512
1779816508324,2,12.00000018,Upper Delivery,Delivery,pitch.1,337470,6.8412,5.9292,18.9255,60.0437,16.5236,-26.8602,-0.0927,0.327
1779816508324,2,Pitching Mound.Delivery,,Delivery,pitch.1,336674,14.7842,4.2193,105.4578,-122.1382,146.2354,-3.9959,-0.1472,0.0701
1779816508324,2,Pitching Mound.Drive,,Delivery,pitch.1,337196,-0.0015,-0.0063,0.0272,0.0115,-0.0558,0.0027,0.0,0.0
1779816508324,2,Pitching Mound.Parent,,Delivery,pitch.1,336381,14.7827,4.213,105.485,-122.1267,146.1796,-3.9932,-0.1472,0.0701
1779816508325,2,11.0000004b,Drive,Delivery,pitch.1,337197,-0.0007,-0.0029,0.0197,0.013,-0.0568,0.001,0.0,0.0
1779816508325,2,12.00000015,Lower Delivery,Delivery,pitch.1,336916,8.0403,-1.6556,86.4777,-204.6684,129.7355,23.448,-0.1593,-0.2513
1779816508325,2,12.00000018,Upper Delivery,Delivery,pitch.1,337471,6.8318,5.9327,18.8225,59.9511,16.6266,-26.9225,-0.0938,0.327
1779816508325,2,Pitching Mound.Delivery,,Delivery,pitch.1,336675,14.8233,4.2557,105.3543,-121.7407,146.3883,-3.9902,-0.1475,0.0707
1779816508325,2,Pitching Mound.Drive,,Delivery,pitch.1,337197,-0.0007,-0.0029,0.0197,0.013,-0.0568,0.001,0.0,0.0
1779816508325,2,Pitching Mound.Parent,,Delivery,pitch.1,336382,14.8226,4.2528,105.374,-121.7278,146.3315,-3.9892,-0.1475,0.0706
1779816508326,2,11.0000004b,Drive,Delivery,pitch.1,337198,-0.0005,-0.0022,0.018,0.0108,-0.0548,0.0001,0.0,0.0
1779816508326,2,12.00000015,Lower Delivery,Delivery,pitch.1,336917,8.0802,-1.638,86.3579,-204.4679,129.6456,23.5043,-0.1594,-0.2514
1779816508326,2,12.00000018,Upper Delivery,Delivery,pitch.1,337472,6.8348,5.9446,18.7375,59.122,16.6386,-26.9467,-0.0943,0.327
1779816508326,2,Pitching Mound.Delivery,,Delivery,pitch.1,336676,14.8751,4.289,105.2152,-122.5148,146.374,-3.9086,-0.1477,0.0706
1779816508326,2,Pitching Mound.Drive,,Delivery,pitch.1,337198,-0.0005,-0.0022,0.018,0.0108,-0.0548,0.0001,0.0,0.0
1779816508326,2,Pitching Mound.Parent,,Delivery,pitch.1,336383,14.8746,4.2868,105.2332,-122.5039,146.3192,-3.9084,-0.1477,0.0706
1779816508327,2,11.0000004b,Drive,Delivery,pitch.1,337199,-0.001,-0.0045,0.0231,0.017,-0.0515,0.0003,0.0,0.0
1779816508327,2,12.00000015,Lower Delivery,Delivery,pitch.1,336918,8.1225,-1.626,86.1585,-204.2882,129.7272,23.5753,-0.1598,-0.2517
1779816508327,2,12.00000018,Upper Delivery,Delivery,pitch.1,337473,6.8228,5.9368,18.7454,59.2881,16.6942,-27.017,-0.0945,0.327
1779816508327,2,Pitching Mound.Delivery,,Delivery,pitch.1,336677,14.903,4.2988,105.1033,-122.1916,146.3398,-3.9402,-0.1478,0.0705
1779816508327,2,Pitching Mound.Drive,,Delivery,pitch.1,337199,-0.001,-0.0045,0.0231,0.017,-0.0515,0.0003,0.0,0.0
1779816508327,2,Pitching Mound.Parent,,Delivery,pitch.1,336384,14.902,4.2943,105.1264,-122.1746,146.2882,-3.9399,-0.1478,0.0705
1779816508328,2,11.0000004b,Drive,Delivery,pitch.1,337200,-0.001,-0.0048,0.0234,0.0103,-0.0545,-0.0009,0.0,0.0
1779816508328,2,12.00000015,Lower Delivery,Delivery,pitch.1,336919,8.1578,-1.62,86.107,-204.2088,129.6047,23.6902,-0.1598,-0.2518
1779816508328,2,12.00000018,Upper Delivery,Delivery,pitch.1,337474,6.8303,5.9354,18.7229,59.0708,16.8284,-26.9992,-0.0954,0.327
1779816508328,2,Pitching Mound.Delivery,,Delivery,pitch.1,336678,14.9528,4.3094,104.8814,-122.2893,146.5556,-3.8632,-0.1483,0.0702
1779816508328,2,Pitching Mound.Drive,,Delivery,pitch.1,337200,-0.001,-0.0048,0.0234,0.0103,-0.0545,-0.0009,0.0,0.0
1779816508328,2,Pitching Mound.Parent,,Delivery,pitch.1,336385,14.9518,4.3046,104.9048,-122.279,146.501,-3.8641,-0.1483,0.0702
1779816508329,2,11.0000004b,Drive,Delivery,pitch.1,337201,-0.0007,-0.0033,0.0202,0.0095,-0.0543,-0.0007,0.0,0.0
1779816508329,2,12.00000015,Lower Delivery,Delivery,pitch.1,336920,8.2085,-1.5952,86.0282,-203.955,129.3479,23.7641,-0.1596,-0.2517
1779816508329,2,12.00000018,Upper Delivery,Delivery,pitch.1,337475,6.8294,5.9262,18.7009,58.9832,16.8012,-27.0123,-0.0954,0.327
1779816508329,2,Pitching Mound.Delivery,,Delivery,pitch.1,336679,14.9873,4.3062,104.8079,-122.3076,146.4059,-3.7738,-0.1483,0.0702
1779816508329,2,Pitching Mound.Drive,,Delivery,pitch.1,337201,-0.0007,-0.0033,0.0202,0.0095,-0.0543,-0.0007,0.0,0.0
1779816508329,2,Pitching Mound.Parent,,Delivery,pitch.1,336386,14.9866,4.3029,104.8281,-122.2981,146.3516,-3.7745,-0.1483,0.0702
1779816508330,2,11.0000004b,Drive,Delivery,pitch.1,337202,-0.0002,-0.001,0.0162,0.0104,-0.0534,-0.0012,0.0,0.0
1779816508330,2,12.00000015,Lower Delivery,Delivery,pitch.1,336921,8.2314,-1.5945,85.9497,-203.6023,129.3896,23.8649,-0.1598,-0.2515
1779816508330,2,12.00000018,Upper Delivery,Delivery,pitch.1,337476,6.8356,5.9097,18.6648,58.9434,16.676,-27.0601,-0.0949,0.327
1779816508330,2,Pitching Mound.Delivery,,Delivery,pitch.1,336680,15.044,4.3144,104.693,-122.1081,146.0239,-3.7627,-0.1481,0.0703
1779816508330,2,Pitching Mound.Drive,,Delivery,pitch.1,337202,-0.0002,-0.001,0.0162,0.0104,-0.0534,-0.0012,0.0,0.0
1779816508330,2,Pitching Mound.Parent,,Delivery,pitch.1,336387,15.0438,4.3134,104.7091,-122.0977,145.9704,-3.764,-0.1481,0.0702
1779816508331,2,11.0000004b,Drive,Delivery,pitch.1,337203,-0.0005,-0.0009,0.0163,0.0107,-0.0522,-0.0006,0.0,0.0
1779816508331,2,12.00000018,Upper Delivery,Delivery,pitch.1,337477,6.8238,5.9098,18.6511,58.8578,16.4836,-27.033,-0.0938,0.327
1779816508331,2,Pitching Mound.Delivery,,Delivery,pitch.1,336681,15.0551,4.3153,104.6008,-121.863,145.8733,-3.6468,-0.1481,0.0704
1779816508331,2,Pitching Mound.Drive,,Delivery,pitch.1,337203,-0.0005,-0.0009,0.0163,0.0107,-0.0522,-0.0006,0.0,0.0
1779816508331,2,Pitching Mound.Parent,,Delivery,pitch.1,336388,15.0546,4.3144,104.617,-121.8522,145.821,-3.6474,-0.148,0.0704
1779816508332,2,11.0000004b,Drive,Delivery,pitch.1,337204,-0.0019,-0.0048,0.0249,0.0116,-0.0526,0.0016,0.0,0.0
1779816508332,2,12.00000015,Lower Delivery,Delivery,pitch.1,336922,8.2634,-1.5806,85.9123,-203.2846,129.2276,23.991,-0.1597,-0.2512
1779816508332,2,12.00000015,Lower Delivery,Delivery,pitch.1,336923,8.3079,-1.5677,85.8865,-203.3477,129.3405,24.0928,-0.1599,-0.2514
1779816508332,2,12.00000018,Upper Delivery,Delivery,pitch.1,337478,6.8272,5.897,18.6284,58.7671,16.4477,-27.052,-0.0937,0.327
1779816508332,2,Pitching Mound.Delivery,,Delivery,pitch.1,336682,15.0906,4.3164,104.5407,-121.6409,145.6754,-3.5493,-0.1479,0.0707
1779816508332,2,Pitching Mound.Drive,,Delivery,pitch.1,337204,-0.0019,-0.0048,0.0249,0.0116,-0.0526,0.0016,0.0,0.0
1779816508332,2,Pitching Mound.Parent,,Delivery,pitch.1,336389,15.0888,4.3116,104.5656,-121.6293,145.6228,-3.5477,-0.1479,0.0706
1779816508333,2,11.0000004b,Drive,Delivery,pitch.1,337205,-0.002,-0.0053,0.0256,0.0173,-0.0499,0.0018,0.0,0.0
1779816508333,2,12.00000015,Lower Delivery,Delivery,pitch.1,336924,8.3139,-1.5659,85.7585,-203.2401,129.3506,24.1982,-0.1601,-0.2516
1779816508333,2,12.00000018,Upper Delivery,Delivery,pitch.1,337479,6.8318,5.8769,18.5152,58.6025,16.416,-27.0348,-0.0941,0.327
1779816508333,2,Pitching Mound.Delivery,,Delivery,pitch.1,336683,15.1397,4.3092,104.4018,-121.839,145.7565,-3.4439,-0.1482,0.0706
1779816508333,2,Pitching Mound.Drive,,Delivery,pitch.1,337205,-0.002,-0.0053,0.0256,0.0173,-0.0499,0.0018,0.0,0.0
1779816508333,2,Pitching Mound.Parent,,Delivery,pitch.1,336390,15.1377,4.304,104.4274,-121.8217,145.7066,-3.4421,-0.1482,0.0706
1779816508334,2,11.0000004b,Drive,Delivery,pitch.1,337206,-0.0017,-0.0049,0.025,0.0123,-0.0516,0.0038,0.0,0.0
1779816508334,2,12.00000018,Upper Delivery,Delivery,pitch.1,337480,6.8344,5.8692,18.4281,58.7032,16.2453,-27.0149,-0.0936,0.327
1779816508334,2,Pitching Mound.Delivery,,Delivery,pitch.1,336684,15.1484,4.3033,104.1866,-121.6445,145.5959,-3.3196,-0.1484,0.0705
1779816508334,2,Pitching Mound.Drive,,Delivery,pitch.1,337206,-0.0017,-0.0049,0.025,0.0123,-0.0516,0.0038,0.0,0.0
1779816508334,2,Pitching Mound.Parent,,Delivery,pitch.1,336391,15.1467,4.2984,104.2116,-121.6321,145.5443,-3.3158,-0.1483,0.0705
1779816508335,2,11.0000004b,Drive,Delivery,pitch.1,337207,-0.0006,-0.0014,0.0177,0.0123,-0.0491,0.0035,0.0,0.0
1779816508335,2,12.00000015,Lower Delivery,Delivery,pitch.1,336925,8.3326,-1.5486,85.6214,-203.1212,129.2271,24.2711,-0.1602,-0.2519
1779816508335,2,12.00000015,Lower Delivery,Delivery,pitch.1,336926,8.374,-1.5425,85.4912,-202.9652,129.1154,24.3403,-0.1603,-0.252
1779816508335,2,12.00000018,Upper Delivery,Delivery,pitch.1,337481,6.8465,5.8585,18.4926,58.9111,16.2811,-27.1056,-0.0935,0.327
1779816508335,2,Pitching Mound.Delivery,,Delivery,pitch.1,336685,15.1791,4.3098,104.1141,-121.3863,145.5082,-3.3397,-0.1484,0.0702
1779816508335,2,Pitching Mound.Drive,,Delivery,pitch.1,337207,-0.0006,-0.0014,0.0177,0.0123,-0.0491,0.0035,0.0,0.0
1779816508335,2,Pitching Mound.Parent,,Delivery,pitch.1,336392,15.1785,4.3084,104.1318,-121.3739,145.4591,-3.3363,-0.1483,0.0702
1779816508336,2,11.0000004b,Drive,Delivery,pitch.1,337208,-0.0007,-0.0018,0.0187,0.0124,-0.0491,0.0034,0.0,0.0
1779816508336,2,12.00000015,Lower Delivery,Delivery,pitch.1,336927,8.399,-1.5347,85.2359,-202.6042,129.0043,24.4018,-0.1607,-0.2523
1779816508336,2,12.00000018,Upper Delivery,Delivery,pitch.1,337482,6.8471,5.8333,18.4434,58.9241,16.2802,-27.1042,-0.0937,0.327
1779816508336,2,Pitching Mound.Delivery,,Delivery,pitch.1,336686,15.221,4.2908,103.9346,-121.2448,145.3956,-3.283,-0.1485,0.07
1779816508336,2,Pitching Mound.Drive,,Delivery,pitch.1,337208,-0.0007,-0.0018,0.0187,0.0124,-0.0491,0.0034,0.0,0.0
1779816508336,2,Pitching Mound.Parent,,Delivery,pitch.1,336393,15.2203,4.2889,103.9533,-121.2324,145.3465,-3.2796,-0.1485,0.07
1779816508337,2,11.0000004b,Drive,Delivery,pitch.1,337209,-0.0009,-0.0038,0.0221,0.012,-0.0495,0.0042,0.0,0.0
1779816508337,2,12.00000018,Upper Delivery,Delivery,pitch.1,337483,6.861,5.798,18.4234,59.3051,16.4639,-27.0914,-0.0949,0.327
1779816508337,2,Pitching Mound.Delivery,,Delivery,pitch.1,336687,15.2601,4.2632,103.6593,-120.5829,145.4682,-3.2125,-0.149,0.0698
1779816508337,2,Pitching Mound.Drive,,Delivery,pitch.1,337209,-0.0009,-0.0038,0.0221,0.012,-0.0495,0.0042,0.0,0.0
1779816508337,2,Pitching Mound.Parent,,Delivery,pitch.1,336394,15.2592,4.2595,103.6814,-120.5709,145.4187,-3.2083,-0.1489,0.0698
1779816508338,2,11.0000004b,Drive,Delivery,pitch.1,337210,-0.0014,-0.0058,0.0262,0.0119,-0.0487,0.0062,0.0,0.0
1779816508338,2,12.00000015,Lower Delivery,Delivery,pitch.1,336928,8.4185,-1.5306,85.2154,-202.2206,128.7302,24.4674,-0.1604,-0.2519
1779816508338,2,12.00000018,Upper Delivery,Delivery,pitch.1,337484,6.8716,5.776,18.3769,58.8379,16.5351,-27.0539,-0.0955,0.327
1779816508338,2,Pitching Mound.Delivery,,Delivery,pitch.1,336688,15.2901,4.2454,103.5922,-120.6576,145.2652,-3.1124,-0.1489,0.0701
1779816508338,2,Pitching Mound.Drive,,Delivery,pitch.1,337210,-0.0014,-0.0058,0.0262,0.0119,-0.0487,0.0062,0.0,0.0
1779816508338,2,Pitching Mound.Parent,,Delivery,pitch.1,336395,15.2887,4.2396,103.6184,-120.6457,145.2166,-3.1062,-0.1488,0.0701
1779816508339,2,11.0000004b,Drive,Delivery,pitch.1,337211,-0.0016,-0.0068,0.0284,0.0138,-0.049,0.0059,0.0,0.0
1779816508339,2,12.00000015,Lower Delivery,Delivery,pitch.1,336929,8.43,-1.511,84.9788,-201.5978,128.3961,24.5507,-0.1604,-0.2519
1779816508339,2,12.00000015,Lower Delivery,Delivery,pitch.1,336930,8.4669,-1.4967,84.8528,-201.1828,128.1998,24.5988,-0.1604,-0.2517
1779816508339,2,12.00000018,Upper Delivery,Delivery,pitch.1,337485,6.8997,5.748,18.3166,58.6036,16.5381,-27.1057,-0.0959,0.327
1779816508339,2,Pitching Mound.Delivery,,Delivery,pitch.1,336689,15.3297,4.2371,103.2955,-120.3291,144.9342,-3.0753,-0.149,0.0702
1779816508339,2,Pitching Mound.Drive,,Delivery,pitch.1,337211,-0.0016,-0.0068,0.0284,0.0138,-0.049,0.0059,0.0,0.0
1779816508339,2,Pitching Mound.Parent,,Delivery,pitch.1,336396,15.328,4.2303,103.3238,-120.3153,144.8853,-3.0694,-0.1489,0.0702
1779816508340,2,11.0000004b,Drive,Delivery,pitch.1,337212,-0.0015,-0.007,0.0286,0.01,-0.0489,0.0033,0.0,0.0
1779816508340,2,12.00000018,Upper Delivery,Delivery,pitch.1,337486,6.9083,5.7465,18.2724,58.0469,16.7479,-27.1597,-0.0973,0.327
1779816508340,2,Pitching Mound.Delivery,,Delivery,pitch.1,336690,15.3752,4.2499,103.1251,-120.4985,144.9477,-3.0909,-0.1492,0.0703
1779816508340,2,Pitching Mound.Drive,,Delivery,pitch.1,337212,-0.0015,-0.007,0.0286,0.01,-0.0489,0.0033,0.0,0.0
1779816508340,2,Pitching Mound.Parent,,Delivery,pitch.1,336397,15.3737,4.2429,103.1537,-120.4885,144.8988,-3.0875,-0.1492,0.0703
1779816508341,2,11.0000004b,Drive,Delivery,pitch.1,337213,-0.0008,-0.0049,0.0248,0.0116,-0.0465,0.0039,0.0,0.0
1779816508341,2,12.00000015,Lower Delivery,Delivery,pitch.1,336931,8.4742,-1.5099,84.7498,-201.0009,128.0358,24.6524,-0.1604,-0.2518
1779816508341,2,12.00000015,Lower Delivery,Delivery,pitch.1,336932,8.5092,-1.4947,84.6151,-200.2943,127.7013,24.7321,-0.1602,-0.2513
1779816508341,2,12.00000018,Upper Delivery,Delivery,pitch.1,337487,6.909,5.7429,18.2634,57.7127,16.8277,-27.1174,-0.0978,0.327
1779816508341,2,Pitching Mound.Delivery,,Delivery,pitch.1,336691,15.3832,4.233,103.0132,-120.6828,144.8636,-2.9971,-0.1493,0.0703
1779816508341,2,Pitching Mound.Drive,,Delivery,pitch.1,337213,-0.0008,-0.0049,0.0248,0.0116,-0.0465,0.0039,0.0,0.0
1779816508341,2,Pitching Mound.Parent,,Delivery,pitch.1,336398,15.3824,4.2281,103.038,-120.6713,144.817,-2.9932,-0.1493,0.0703
1779816508342,2,11.0000004b,Drive,Delivery,pitch.1,337214,-0.0001,-0.0023,0.0189,0.0113,-0.0491,0.004,0.0,0.0
1779816508342,2,12.00000018,Upper Delivery,Delivery,pitch.1,337488,6.9203,5.7413,18.2304,57.0843,16.9629,-27.1522,-0.0988,0.327
1779816508342,2,Pitching Mound.Delivery,,Delivery,pitch.1,336692,15.4295,4.2467,102.8454,-120.6391,144.6642,-2.9603,-0.1493,0.0707
1779816508342,2,Pitching Mound.Drive,,Delivery,pitch.1,337214,-0.0001,-0.0023,0.0189,0.0113,-0.0491,0.004,0.0,0.0
1779816508342,2,Pitching Mound.Parent,,Delivery,pitch.1,336399,15.4295,4.2444,102.8643,-120.6278,144.6151,-2.9563,-0.1493,0.0707
1779816508343,2,11.0000004b,Drive,Delivery,pitch.1,337215,-0.0006,-0.0037,0.0215,0.0131,-0.0496,0.0032,0.0,0.0
1779816508343,2,12.00000015,Lower Delivery,Delivery,pitch.1,336933,8.5379,-1.4848,84.5969,-200.0753,127.3489,24.7908,-0.1598,-0.2511
1779816508343,2,12.00000018,Upper Delivery,Delivery,pitch.1,337489,6.916,5.7142,18.1574,57.1807,16.8838,-27.1632,-0.0987,0.327
1779816508343,2,Pitching Mound.Delivery,,Delivery,pitch.1,336693,15.4538,4.2294,102.7543,-120.3052,144.2327,-2.9238,-0.149,0.0709
1779816508343,2,Pitching Mound.Drive,,Delivery,pitch.1,337215,-0.0006,-0.0037,0.0215,0.0131,-0.0496,0.0032,0.0,0.0
1779816508343,2,Pitching Mound.Parent,,Delivery,pitch.1,336400,15.4532,4.2257,102.7758,-120.2921,144.1831,-2.9206,-0.149,0.0709
1779816508344,2,11.0000004b,Drive,Delivery,pitch.1,337216,-0.0005,-0.0036,0.0212,0.0128,-0.0508,0.0038,0.0,0.0
1779816508344,2,11.0000004b,Drive,Delivery,pitch.1,337217,-0.0013,-0.0056,0.0261,0.0198,-0.05,0.0072,0.0,0.0
1779816508344,2,12.00000015,Lower Delivery,Delivery,pitch.1,336934,8.562,-1.4678,84.534,-199.8747,126.9762,24.7901,-0.1595,-0.251
1779816508344,2,12.00000018,Upper Delivery,Delivery,pitch.1,337490,6.9384,5.7136,18.172,56.7335,17.1349,-27.1627,-0.1001,0.327
1779816508344,2,Pitching Mound.Delivery,,Delivery,pitch.1,336694,15.5003,4.2458,102.706,-120.5782,144.1111,-2.9246,-0.149,0.0709
1779816508344,2,Pitching Mound.Drive,,Delivery,pitch.1,337216,-0.0005,-0.0036,0.0212,0.0128,-0.0508,0.0038,0.0,0.0
1779816508344,2,Pitching Mound.Drive,,Delivery,pitch.1,337217,-0.0013,-0.0056,0.0261,0.0198,-0.05,0.0072,0.0,0.0
1779816508344,2,Pitching Mound.Parent,,Delivery,pitch.1,336401,15.4998,4.2423,102.7272,-120.5654,144.0603,-2.9208,-0.1489,0.0709
1779816508345,2,12.00000015,Lower Delivery,Delivery,pitch.1,336935,8.6248,-1.4523,84.5714,-199.652,126.6652,24.8104,-0.159,-0.2506
1779816508345,2,12.00000018,Upper Delivery,Delivery,pitch.1,337491,6.9462,5.7012,18.1618,56.643,17.3369,-27.1846,-0.1013,0.327
1779816508345,2,Pitching Mound.Delivery,,Delivery,pitch.1,336695,15.5709,4.2489,102.7331,-120.4297,144.0021,-2.9449,-0.1488,0.0713
1779816508345,2,Pitching Mound.Parent,,Delivery,pitch.1,336402,15.5697,4.2433,102.7593,-120.41,143.9521,-2.9378,-0.1488,0.0713
1779816508346,2,11.0000004b,Drive,Delivery,pitch.1,337218,-0.0033,-0.012,0.0395,0.018,-0.0531,0.005,0.0,0.0
1779816508346,2,12.00000015,Lower Delivery,Delivery,pitch.1,336936,8.6475,-1.4437,84.4114,-198.8941,126.5742,24.8554,-0.1592,-0.2501
1779816508346,2,12.00000018,Upper Delivery,Delivery,pitch.1,337492,6.9607,5.699,18.0913,56.2834,17.2391,-27.1573,-0.1012,0.327
1779816508346,2,Pitching Mound.Delivery,,Delivery,pitch.1,336696,15.6081,4.2553,102.5027,-120.0619,143.8132,-2.8754,-0.1489,0.0717
1779816508346,2,Pitching Mound.Drive,,Delivery,pitch.1,337218,-0.0033,-0.012,0.0395,0.018,-0.0531,0.005,0.0,0.0
1779816508346,2,Pitching Mound.Parent,,Delivery,pitch.1,336403,15.6048,4.2432,102.5422,-120.0438,143.7602,-2.8704,-0.1489,0.0717
1779816508347,2,11.0000004b,Drive,Delivery,pitch.1,337219,-0.0038,-0.0143,0.0447,0.018,-0.0525,0.007,0.0,0.0
1779816508347,2,11.0000004b,Drive,Delivery,pitch.1,337220,-0.0036,-0.0135,0.0424,0.0176,-0.0543,0.0071,0.0,0.0
1779816508347,2,12.00000015,Lower Delivery,Delivery,pitch.1,336937,8.6798,-1.4146,84.24,-198.5884,126.3075,24.9111,-0.1592,-0.2503
1779816508347,2,12.00000015,Lower Delivery,Delivery,pitch.1,336938,8.7542,-1.3957,84.1506,-198.1152,126.1829,24.9115,-0.1592,-0.2499
1779816508347,2,12.00000018,Upper Delivery,Delivery,pitch.1,337493,6.9502,5.6958,17.9988,56.4477,16.9999,-27.1585,-0.1003,0.327
1779816508347,2,Pitching Mound.Delivery,,Delivery,pitch.1,336697,15.63,4.2812,102.2389,-119.6187,143.3074,-2.8355,-0.1488,0.0716
1779816508347,2,Pitching Mound.Drive,,Delivery,pitch.1,337219,-0.0038,-0.0143,0.0447,0.018,-0.0525,0.007,0.0,0.0
1779816508347,2,Pitching Mound.Drive,,Delivery,pitch.1,337220,-0.0036,-0.0135,0.0424,0.0176,-0.0543,0.0071,0.0,0.0
1779816508347,2,Pitching Mound.Parent,,Delivery,pitch.1,336404,15.6262,4.2669,102.2836,-119.6007,143.2549,-2.8285,-0.1487,0.0716
1779816508348,2,12.00000018,Upper Delivery,Delivery,pitch.1,337494,6.9393,5.7126,17.9484,56.1601,16.7942,-27.1485,-0.0993,0.327
1779816508348,2,Pitching Mound.Delivery,,Delivery,pitch.1,336698,15.6935,4.3168,102.0989,-119.4464,142.977,-2.8541,-0.1487,0.0719
1779816508348,2,Pitching Mound.Parent,,Delivery,pitch.1,336405,15.6899,4.3034,102.1413,-119.4288,142.9227,-2.847,-0.1486,0.0719
1779816508349,2,11.0000004b,Drive,Delivery,pitch.1,337221,-0.004,-0.0143,0.0451,0.0203,-0.0543,0.008,0.0,0.0
1779816508349,2,12.00000015,Lower Delivery,Delivery,pitch.1,336939,8.7904,-1.3707,84.0721,-197.8714,126.1033,24.9475,-0.1592,-0.2499
1779816508349,2,12.00000015,Lower Delivery,Delivery,pitch.1,336940,8.8117,-1.3574,84.0086,-197.4953,125.9094,24.9642,-0.1591,-0.2496
1779816508349,2,12.00000018,Upper Delivery,Delivery,pitch.1,337495,6.9665,5.7136,17.9694,56.2032,16.7613,-27.153,-0.099,0.327
1779816508349,2,Pitching Mound.Delivery,,Delivery,pitch.1,336699,15.7569,4.3429,102.0416,-119.1932,142.8646,-2.8256,-0.1486,0.072
1779816508349,2,Pitching Mound.Drive,,Delivery,pitch.1,337221,-0.004,-0.0143,0.0451,0.0203,-0.0543,0.008,0.0,0.0
1779816508349,2,Pitching Mound.Parent,,Delivery,pitch.1,336406,15.7529,4.3286,102.0867,-119.1729,142.8104,-2.8175,-0.1486,0.0719
1779816508350,2,11.0000004b,Drive,Delivery,pitch.1,337222,-0.0035,-0.0131,0.0413,0.0156,-0.0556,0.0042,0.0,0.0
1779816508350,2,11.0000004b,Drive,Delivery,pitch.1,337223,-0.0036,-0.0128,0.0412,0.016,-0.0538,0.0036,0.0,0.0
1779816508350,2,12.00000018,Upper Delivery,Delivery,pitch.1,337496,6.9388,5.7078,17.9685,56.1553,16.3879,-27.1382,-0.0968,0.327
1779816508350,2,Pitching Mound.Delivery,,Delivery,pitch.1,336700,15.7505,4.3504,101.9771,-118.8864,142.2973,-2.8108,-0.1481,0.0722
1779816508350,2,Pitching Mound.Drive,,Delivery,pitch.1,337222,-0.0035,-0.0131,0.0413,0.0156,-0.0556,0.0042,0.0,0.0
1779816508350,2,Pitching Mound.Drive,,Delivery,pitch.1,337223,-0.0036,-0.0128,0.0412,0.016,-0.0538,0.0036,0.0,0.0
1779816508350,2,Pitching Mound.Parent,,Delivery,pitch.1,336407,15.747,4.3373,102.0185,-118.8708,142.2417,-2.8065,-0.1481,0.0722
1779816508351,2,11.0000004b,Drive,Delivery,pitch.1,337224,-0.0033,-0.0123,0.04,0.0149,-0.0555,0.0045,0.0,0.0
1779816508351,2,12.00000015,Lower Delivery,Delivery,pitch.1,336941,8.8657,-1.3266,83.9397,-197.0304,125.5591,25.0291,-0.1588,-0.2492
1779816508351,2,12.00000018,Upper Delivery,Delivery,pitch.1,337497,6.932,5.7057,17.8798,56.2242,16.3067,-27.0756,-0.0968,0.327
1779816508351,2,Pitching Mound.Delivery,,Delivery,pitch.1,336701,15.7977,4.379,101.8195,-118.3459,141.8659,-2.704,-0.1479,0.0726
1779816508351,2,Pitching Mound.Drive,,Delivery,pitch.1,337224,-0.0033,-0.0123,0.04,0.0149,-0.0555,0.0045,0.0,0.0
1779816508351,2,Pitching Mound.Parent,,Delivery,pitch.1,336408,15.7941,4.3662,101.8607,-118.3299,141.812,-2.7004,-0.1479,0.0726
1779816508352,2,11.0000004b,Drive,Delivery,pitch.1,337225,-0.0028,-0.0106,0.0363,0.0132,-0.0533,0.006,0.0,0.0
1779816508352,2,12.00000015,Lower Delivery,Delivery,pitch.1,336942,8.9109,-1.2707,83.7784,-196.7743,125.534,25.0367,-0.1591,-0.2493
1779816508352,2,12.00000018,Upper Delivery,Delivery,pitch.1,337498,6.9282,5.6729,17.7848,56.1946,15.995,-27.0199,-0.0955,0.327
1779816508352,2,Pitching Mound.Delivery,,Delivery,pitch.1,336702,15.8391,4.4022,101.5632,-118.1419,141.529,-2.6572,-0.1479,0.0725
1779816508352,2,Pitching Mound.Drive,,Delivery,pitch.1,337225,-0.0028,-0.0106,0.0363,0.0132,-0.0533,0.006,0.0,0.0
1779816508352,2,Pitching Mound.Parent,,Delivery,pitch.1,336409,15.8358,4.3899,101.6032,-118.127,141.4735,-2.6528,-0.1479,0.0725
1779816508353,2,11.0000004b,Drive,Delivery,pitch.1,337226,-0.002,-0.0077,0.0301,0.0122,-0.0543,0.0055,0.0,0.0
1779816508353,2,12.00000015,Lower Delivery,Delivery,pitch.1,336943,8.9317,-1.2461,83.5649,-196.4775,125.2799,25.0342,-0.1592,-0.2496
1779816508353,2,12.00000018,Upper Delivery,Delivery,pitch.1,337499,6.9416,5.6814,17.783,55.8797,16.1283,-26.973,-0.0963,0.327
1779816508353,2,Pitching Mound.Delivery,,Delivery,pitch.1,336703,15.8733,4.4353,101.3478,-118.2319,141.4083,-2.6154,-0.1481,0.0723
1779816508353,2,Pitching Mound.Drive,,Delivery,pitch.1,337226,-0.002,-0.0077,0.0301,0.0122,-0.0543,0.0055,0.0,0.0
1779816508353,2,Pitching Mound.Parent,,Delivery,pitch.1,336410,15.8705,4.4246,101.3841,-118.2187,141.3549,-2.6094,-0.1481,0.0722
1779816508354,2,11.0000004b,Drive,Delivery,pitch.1,337227,-0.0002,-0.0014,0.0176,0.0107,-0.054,0.0054,0.0,0.0
1779816508354,2,12.00000015,Lower Delivery,Delivery,pitch.1,336945,8.9849,-1.1862,83.1711,-195.7545,125.0262,25.1954,-0.1596,-0.2499
1779816508354,2,12.00000015,Lower Delivery,Delivery,pitch.1,336944,8.9702,-1.2212,83.3548,-196.2257,125.1595,25.1199,-0.1594,-0.2499
1779816508354,2,12.00000018,Upper Delivery,Delivery,pitch.1,337500,6.9525,5.6557,17.6942,55.5441,16.3,-26.9703,-0.0978,0.327
1779816508354,2,Pitching Mound.Delivery,,Delivery,pitch.1,336704,15.9227,4.4345,101.0489,-118.357,141.4595,-2.5364,-0.1486,0.072
1779816508354,2,Pitching Mound.Drive,,Delivery,pitch.1,337227,-0.0002,-0.0014,0.0176,0.0107,-0.054,0.0054,0.0,0.0
1779816508354,2,Pitching Mound.Parent,,Delivery,pitch.1,336411,15.9208,4.4267,101.0791,-118.3448,141.4052,-2.5309,-0.1486,0.072
1779816508355,2,11.0000004b,Drive,Delivery,pitch.1,337228,-0.0003,-0.0008,0.0172,0.0108,-0.0549,0.0057,0.0,0.0
1779816508355,2,12.00000018,Upper Delivery,Delivery,pitch.1,337501,6.9218,5.631,17.5607,55.2327,16.2163,-26.9038,-0.098,0.327
1779816508355,2,Pitching Mound.Delivery,,Delivery,pitch.1,336705,15.9067,4.4448,100.7318,-118.2143,141.2425,-2.4099,-0.1489,0.0722
1779816508355,2,Pitching Mound.Drive,,Delivery,pitch.1,337228,-0.0003,-0.0008,0.0172,0.0108,-0.0549,0.0057,0.0,0.0
1779816508355,2,Pitching Mound.Parent,,Delivery,pitch.1,336412,15.9065,4.4433,100.7493,-118.2036,141.1885,-2.4045,-0.1488,0.0721
1779816508356,2,11.0000004b,Drive,Delivery,pitch.1,337229,-0.0004,-0.0008,0.0175,0.0211,-0.0531,0.0068,0.0,0.0
1779816508356,2,12.00000015,Lower Delivery,Delivery,pitch.1,336946,9.0023,-1.1565,83.0058,-195.3046,124.8028,25.2294,-0.1596,-0.2498
1779816508356,2,12.00000015,Lower Delivery,Delivery,pitch.1,336947,9.0228,-1.1248,82.7943,-195.0436,124.7344,25.2498,-0.1599,-0.2501
1779816508356,2,12.00000018,Upper Delivery,Delivery,pitch.1,337502,6.8912,5.6173,17.5,54.8923,16.4235,-26.8797,-0.0996,0.327
1779816508356,2,Pitching Mound.Delivery,,Delivery,pitch.1,336706,15.8935,4.4608,100.5059,-118.1404,141.2264,-2.3681,-0.1492,0.0722
1779816508356,2,Pitching Mound.Drive,,Delivery,pitch.1,337229,-0.0004,-0.0008,0.0175,0.0211,-0.0531,0.0068,0.0,0.0
1779816508356,2,Pitching Mound.Parent,,Delivery,pitch.1,336413,15.8932,4.46,100.5231,-118.1296,141.1714,-2.3624,-0.1491,0.0722
1779816508357,2,11.0000004b,Drive,Delivery,pitch.1,337230,-0.0005,-0.0004,0.0173,0.0267,-0.0516,0.0105,0.0,0.0
1779816508357,2,12.00000015,Lower Delivery,Delivery,pitch.1,336948,9.0257,-1.0767,82.6402,-194.6073,124.4553,25.2877,-0.1599,-0.25
1779816508357,2,12.00000018,Upper Delivery,Delivery,pitch.1,337503,6.8569,5.6111,17.3718,54.6512,16.1862,-26.8043,-0.0989,0.327
1779816508357,2,Pitching Mound.Delivery,,Delivery,pitch.1,336707,15.8797,4.4863,100.1661,-118.1488,140.9206,-2.2909,-0.1494,0.0721
1779816508357,2,Pitching Mound.Drive,,Delivery,pitch.1,337230,-0.0005,-0.0004,0.0173,0.0267,-0.0516,0.0105,0.0,0.0
1779816508357,2,Pitching Mound.Parent,,Delivery,pitch.1,336414,15.8792,4.4855,100.1836,-118.1277,140.8675,-2.2841,-0.1493,0.0721
1779816508358,2,11.0000004b,Drive,Delivery,pitch.1,337231,-0.0004,-0.0008,0.0176,0.015,-0.0554,0.0072,0.0,0.0
1779816508358,2,12.00000015,Lower Delivery,Delivery,pitch.1,336949,9.0311,-1.064,82.4565,-194.2052,124.2599,25.275,-0.16,-0.25
1779816508358,2,12.00000018,Upper Delivery,Delivery,pitch.1,337504,6.8421,5.6066,17.3237,54.566,16.1575,-26.7394,-0.099,0.327
1779816508358,2,Pitching Mound.Delivery,,Delivery,pitch.1,336708,15.8678,4.5299,99.9639,-117.8337,140.6128,-2.1941,-0.1493,0.0722
1779816508358,2,Pitching Mound.Drive,,Delivery,pitch.1,337231,-0.0004,-0.0008,0.0176,0.015,-0.0554,0.0072,0.0,0.0
1779816508358,2,Pitching Mound.Parent,,Delivery,pitch.1,336415,15.8673,4.5296,99.9812,-117.807,140.5613,-2.1836,-0.1493,0.0721
1779816508359,2,11.0000004b,Drive,Delivery,pitch.1,337232,-0.0005,-0.0007,0.0185,0.0222,-0.0526,0.0106,0.0,0.0
1779816508359,2,12.00000015,Lower Delivery,Delivery,pitch.1,336950,9.0326,-1.0337,82.2366,-193.5222,123.7574,25.2988,-0.1598,-0.2498
1779816508359,2,12.00000018,Upper Delivery,Delivery,pitch.1,337505,6.8341,5.5941,17.2369,54.3252,16.1732,-26.7404,-0.0996,0.327
1779816508359,2,Pitching Mound.Delivery,,Delivery,pitch.1,336709,15.8652,4.5301,99.6934,-117.7054,140.4331,-2.2124,-0.1495,0.0722
1779816508359,2,Pitching Mound.Drive,,Delivery,pitch.1,337232,-0.0005,-0.0007,0.0185,0.0222,-0.0526,0.0106,0.0,0.0
1779816508359,2,Pitching Mound.Parent,,Delivery,pitch.1,336416,15.8648,4.5293,99.711,-117.6903,140.3777,-2.2053,-0.1495,0.0722
1779816508360,2,12.00000015,Lower Delivery,Delivery,pitch.1,336951,9.0533,-1.0059,82.0237,-193.2722,123.7268,25.3177,-0.1601,-0.2502
1779816508360,2,12.00000018,Upper Delivery,Delivery,pitch.1,337506,6.7998,5.5681,17.0577,53.7264,16.4205,-26.656,-0.1022,0.327
1779816508360,2,Pitching Mound.Delivery,,Delivery,pitch.1,336710,15.8324,4.5344,99.2943,-117.635,140.178,-2.1163,-0.1499,0.0725
1779816508360,2,Pitching Mound.Parent,,Delivery,pitch.1,336417,15.8319,4.5338,99.3128,-117.6128,140.1254,-2.1058,-0.1498,0.0724
1779816508361,2,11.0000004b,Drive,Delivery,pitch.1,337234,-0.0003,-0.0007,0.018,0.0167,-0.0555,0.0149,0.0,0.0
1779816508361,2,11.0000004b,Drive,Delivery,pitch.1,337233,-0.0003,-0.0005,0.0182,0.0297,-0.0524,0.0163,0.0,0.0
1779816508361,2,12.00000015,Lower Delivery,Delivery,pitch.1,336952,9.0474,-0.9876,81.7435,-192.6558,123.2817,25.3313,-0.1601,-0.2502
1779816508361,2,12.00000018,Upper Delivery,Delivery,pitch.1,337507,6.7761,5.5415,16.8643,53.2027,16.5115,-26.5924,-0.1039,0.327
1779816508361,2,Pitching Mound.Delivery,,Delivery,pitch.1,336711,15.8294,4.5356,98.888,-117.9153,140.2384,-2.0489,-0.1506,0.0723
1779816508361,2,Pitching Mound.Drive,,Delivery,pitch.1,337234,-0.0003,-0.0007,0.018,0.0167,-0.0555,0.0149,0.0,0.0
1779816508361,2,Pitching Mound.Drive,,Delivery,pitch.1,337233,-0.0003,-0.0005,0.0182,0.0297,-0.0524,0.0163,0.0,0.0
1779816508361,2,Pitching Mound.Parent,,Delivery,pitch.1,336418,15.8291,4.5351,98.9062,-117.8856,140.1859,-2.0326,-0.1505,0.0723
1779816508362,2,12.00000015,Lower Delivery,Delivery,pitch.1,336953,9.0584,-0.9532,81.5748,-192.3739,123.2169,25.3019,-0.1604,-0.2504
1779816508362,2,12.00000018,Upper Delivery,Delivery,pitch.1,337508,6.7719,5.5331,16.8672,52.8122,16.8582,-26.5873,-0.1061,0.327
1779816508362,2,Pitching Mound.Delivery,,Delivery,pitch.1,336712,15.8192,4.5455,98.6107,-117.7856,140.1398,-2.0297,-0.1509,0.0722
1779816508362,2,Pitching Mound.Parent,,Delivery,pitch.1,336419,15.8189,4.5448,98.6287,-117.7689,140.0843,-2.0148,-0.1508,0.0722
1779816508363,2,11.0000004b,Drive,Delivery,pitch.1,337235,-0.0002,-0.0006,0.0177,0.0155,-0.0531,0.0117,0.0,0.0
1779816508363,2,12.00000015,Lower Delivery,Delivery,pitch.1,336954,9.0815,-0.9306,81.4081,-191.7548,122.7868,25.3377,-0.1601,-0.2501
1779816508363,2,12.00000018,Upper Delivery,Delivery,pitch.1,337509,6.7256,5.5382,16.8226,52.795,16.6019,-26.5751,-0.1048,0.327
1779816508363,2,Pitching Mound.Delivery,,Delivery,pitch.1,336713,15.784,4.585,98.3974,-117.5631,139.8188,-2.0664,-0.1509,0.0721
1779816508363,2,Pitching Mound.Drive,,Delivery,pitch.1,337235,-0.0002,-0.0006,0.0177,0.0155,-0.0531,0.0117,0.0,0.0
1779816508363,2,Pitching Mound.Parent,,Delivery,pitch.1,336420,15.7838,4.5844,98.415,-117.5476,139.7657,-2.0547,-0.1508,0.0721
1779816508364,2,11.0000004b,Drive,Delivery,pitch.1,337236,-0.0006,-0.002,0.0206,0.0305,-0.0517,0.0164,0.0,0.0
1779816508364,2,11.0000004b,Drive,Delivery,pitch.1,337237,-0.0015,-0.0058,0.0276,0.027,-0.0527,0.0136,0.0,0.0
1779816508364,2,12.00000015,Lower Delivery,Delivery,pitch.1,336955,9.0725,-0.9112,81.1799,-191.391,122.6763,25.3321,-0.1604,-0.2503
1779816508364,2,12.00000018,Upper Delivery,Delivery,pitch.1,337510,6.6862,5.5311,16.7355,52.579,16.4921,-26.4991,-0.1046,0.327
1779816508364,2,Pitching Mound.Delivery,,Delivery,pitch.1,336714,15.7677,4.6005,98.1436,-117.1871,139.2789,-1.9758,-0.1507,0.0724
1779816508364,2,Pitching Mound.Drive,,Delivery,pitch.1,337236,-0.0006,-0.002,0.0206,0.0305,-0.0517,0.0164,0.0,0.0
1779816508364,2,Pitching Mound.Drive,,Delivery,pitch.1,337237,-0.0015,-0.0058,0.0276,0.027,-0.0527,0.0136,0.0,0.0
1779816508364,2,Pitching Mound.Parent,,Delivery,pitch.1,336421,15.7671,4.5985,98.1642,-117.1566,139.2272,-1.9594,-0.1506,0.0724
1779816508365,2,11.0000004b,Drive,Delivery,pitch.1,337238,-0.0015,-0.0061,0.0281,0.0181,-0.0532,0.0118,0.0,0.0
1779816508365,2,12.00000015,Lower Delivery,Delivery,pitch.1,336956,9.0539,-0.9096,80.9788,-191.0912,122.3474,25.2975,-0.1604,-0.2505
1779816508365,2,12.00000018,Upper Delivery,Delivery,pitch.1,337511,6.651,5.5203,16.609,52.0649,16.2935,-26.4437,-0.1041,0.327
1779816508365,2,Pitching Mound.Delivery,,Delivery,pitch.1,336715,15.7235,4.6091,97.7889,-117.3719,138.9698,-1.935,-0.1509,0.0723
1779816508365,2,Pitching Mound.Drive,,Delivery,pitch.1,337238,-0.0015,-0.0061,0.0281,0.0181,-0.0532,0.0118,0.0,0.0
1779816508365,2,Pitching Mound.Parent,,Delivery,pitch.1,336422,15.722,4.6033,97.8164,-117.3449,138.9171,-1.9214,-0.1508,0.0722
1779816508366,2,11.0000004b,Drive,Delivery,pitch.1,337239,-0.0015,-0.0067,0.0285,0.0163,-0.053,0.0089,0.0,0.0
1779816508366,2,12.00000015,Lower Delivery,Delivery,pitch.1,336957,9.0416,-0.8991,80.7578,-190.5511,122.1697,25.2942,-0.1606,-0.2505
1779816508366,2,12.00000018,Upper Delivery,Delivery,pitch.1,337512,6.6352,5.5162,16.5291,51.9989,16.1552,-26.3984,-0.1038,0.327
1779816508366,2,Pitching Mound.Delivery,,Delivery,pitch.1,336716,15.6891,4.6065,97.5079,-117.1794,138.5026,-1.9233,-0.1508,0.0721
1779816508366,2,Pitching Mound.Drive,,Delivery,pitch.1,337239,-0.0015,-0.0067,0.0285,0.0163,-0.053,0.0089,0.0,0.0
1779816508366,2,Pitching Mound.Parent,,Delivery,pitch.1,336423,15.6877,4.6004,97.536,-117.1613,138.4494,-1.9116,-0.1508,0.0721
1779816508367,2,11.0000004b,Drive,Delivery,pitch.1,337240,-0.0006,-0.0048,0.0234,0.0149,-0.054,0.0059,0.0,0.0
1779816508367,2,12.00000015,Lower Delivery,Delivery,pitch.1,336958,9.0242,-0.8921,80.5576,-190.3864,122.0987,25.3389,-0.1609,-0.2509
1779816508367,2,12.00000018,Upper Delivery,Delivery,pitch.1,337513,6.6019,5.4925,16.4895,51.8982,16.0867,-26.3402,-0.1036,0.327
1779816508367,2,Pitching Mound.Delivery,,Delivery,pitch.1,336717,15.6435,4.5934,97.2473,-116.8017,138.2564,-1.8756,-0.1509,0.0721
1779816508367,2,Pitching Mound.Drive,,Delivery,pitch.1,337240,-0.0006,-0.0048,0.0234,0.0149,-0.054,0.0059,0.0,0.0
1779816508367,2,Pitching Mound.Parent,,Delivery,pitch.1,336424,15.642,4.5866,97.2758,-116.7855,138.2034,-1.8666,-0.1509,0.0721
1779816508368,2,11.0000004b,Drive,Delivery,pitch.1,337241,-0.0006,-0.0047,0.0229,0.0124,-0.0526,0.0025,0.0,0.0
1779816508368,2,12.00000015,Lower Delivery,Delivery,pitch.1,336959,8.9988,-0.8939,80.3332,-190.1307,121.8307,25.3216,-0.161,-0.2513
1779816508368,2,12.00000018,Upper Delivery,Delivery,pitch.1,337514,6.5818,5.5029,16.3762,51.4222,16.1523,-26.2462,-0.1047,0.327
1779816508368,2,Pitching Mound.Delivery,,Delivery,pitch.1,336718,15.606,4.6108,96.9338,-117.1425,138.251,-1.7377,-0.1514,0.0719
1779816508368,2,Pitching Mound.Drive,,Delivery,pitch.1,337241,-0.0006,-0.0047,0.0229,0.0124,-0.0526,0.0025,0.0,0.0
1779816508368,2,Pitching Mound.Parent,,Delivery,pitch.1,336425,15.6054,4.606,96.9573,-117.1276,138.1969,-1.7318,-0.1514,0.0718
1779816508369,2,12.00000015,Lower Delivery,Delivery,pitch.1,336960,8.9659,-0.8732,80.0819,-189.7959,121.5751,25.3443,-0.1612,-0.2516
1779816508369,2,12.00000018,Upper Delivery,Delivery,pitch.1,337515,6.5694,5.4581,16.231,51.1152,16.2161,-26.2032,-0.1061,0.327
1779816508369,2,Pitching Mound.Delivery,,Delivery,pitch.1,336719,15.5682,4.5642,96.5643,-117.2208,138.0468,-1.7076,-0.1518,0.0716
1779816508369,2,Pitching Mound.Parent,,Delivery,pitch.1,336426,15.5676,4.5596,96.5872,-117.2083,137.9942,-1.705,-0.1517,0.0716
1779816508370,2,11.0000004b,Drive,Delivery,pitch.1,337242,0.0004,-0.0009,0.0157,0.0133,-0.0493,0.0032,0.0,0.0
1779816508370,2,12.00000015,Lower Delivery,Delivery,pitch.1,336961,8.9684,-0.8774,79.9061,-189.4103,121.3482,25.379,-0.1612,-0.2516
1779816508370,2,12.00000018,Upper Delivery,Delivery,pitch.1,337516,6.5445,5.4367,16.1247,50.7609,16.1888,-26.0968,-0.1066,0.327
1779816508370,2,Pitching Mound.Delivery,,Delivery,pitch.1,336720,15.5104,4.5635,96.2067,-117.2895,137.7639,-1.5757,-0.152,0.0714
1779816508370,2,Pitching Mound.Drive,,Delivery,pitch.1,337242,0.0004,-0.0009,0.0157,0.0133,-0.0493,0.0032,0.0,0.0
1779816508370,2,Pitching Mound.Parent,,Delivery,pitch.1,336427,15.5108,4.5626,96.2224,-117.2762,137.7146,-1.5725,-0.152,0.0714
1779816508371,2,11.0000004b,Drive,Delivery,pitch.1,337243,-0.0007,-0.0048,0.0239,0.0132,-0.0497,0.002,0.0,0.0
1779816508371,2,12.00000015,Lower Delivery,Delivery,pitch.1,336962,8.9726,-0.8308,79.7064,-188.8748,120.9804,25.3669,-0.1611,-0.2516
1779816508371,2,12.00000018,Upper Delivery,Delivery,pitch.1,337517,6.5214,5.409,16.0653,50.7458,16.1141,-26.0646,-0.1065,0.327
1779816508371,2,Pitching Mound.Delivery,,Delivery,pitch.1,336721,15.4899,4.5315,95.9713,-116.9587,137.4623,-1.5176,-0.1521,0.0714
1779816508371,2,Pitching Mound.Drive,,Delivery,pitch.1,337243,-0.0007,-0.0048,0.0239,0.0132,-0.0497,0.002,0.0,0.0
1779816508371,2,Pitching Mound.Parent,,Delivery,pitch.1,336428,15.4891,4.5267,95.9952,-116.9455,137.4125,-1.5156,-0.152,0.0714
1779816508372,2,11.0000004b,Drive,Delivery,pitch.1,337245,-0.0007,-0.0051,0.0244,0.0136,-0.0496,0.0011,0.0,0.0
1779816508372,2,11.0000004b,Drive,Delivery,pitch.1,337244,-0.0005,-0.0039,0.0216,0.013,-0.0501,0.0001,0.0,0.0
1779816508372,2,12.00000015,Lower Delivery,Delivery,pitch.1,336963,8.9883,-0.7876,79.4573,-188.2912,120.5779,25.3488,-0.1611,-0.2516
1779816508372,2,12.00000018,Upper Delivery,Delivery,pitch.1,337518,6.5106,5.3753,15.9829,50.4786,16.044,-25.9716,-0.1066,0.327
1779816508372,2,Pitching Mound.Delivery,,Delivery,pitch.1,336722,15.4832,4.5445,95.6892,-116.7302,137.0244,-1.4418,-0.152,0.0715
1779816508372,2,Pitching Mound.Drive,,Delivery,pitch.1,337245,-0.0007,-0.0051,0.0244,0.0136,-0.0496,0.0011,0.0,0.0
1779816508372,2,Pitching Mound.Drive,,Delivery,pitch.1,337244,-0.0005,-0.0039,0.0216,0.013,-0.0501,0.0001,0.0,0.0
1779816508372,2,Pitching Mound.Parent,,Delivery,pitch.1,336429,15.4827,4.5406,95.7109,-116.7172,136.9743,-1.4417,-0.152,0.0715
1779816508373,2,11.0000004b,Drive,Delivery,pitch.1,337246,-0.0008,-0.0055,0.0251,0.0128,-0.0502,0.0001,0.0,0.0
1779816508373,2,12.00000015,Lower Delivery,Delivery,pitch.1,336964,8.995,-0.7277,79.2181,-187.5637,120.099,25.3529,-0.1609,-0.2514
1779816508373,2,12.00000018,Upper Delivery,Delivery,pitch.1,337519,6.5027,5.3188,15.8352,50.0633,16.0083,-25.8525,-0.1073,0.327
1779816508373,2,Pitching Mound.Delivery,,Delivery,pitch.1,336723,15.491,4.5312,95.2925,-116.5963,136.5862,-1.3488,-0.1522,0.0716
1779816508373,2,Pitching Mound.Drive,,Delivery,pitch.1,337246,-0.0008,-0.0055,0.0251,0.0128,-0.0502,0.0001,0.0,0.0
1779816508373,2,Pitching Mound.Parent,,Delivery,pitch.1,336430,15.4903,4.526,95.3169,-116.5827,136.5366,-1.3477,-0.1521,0.0716
1779816508374,2,11.0000004b,Drive,Delivery,pitch.1,337247,0.0001,-0.0021,0.0183,0.0113,-0.0502,0.0004,0.0,0.0
1779816508374,2,12.00000015,Lower Delivery,Delivery,pitch.1,336965,9.0146,-0.6921,78.9457,-186.8731,119.8346,25.2843,-0.1611,-0.2513
1779816508374,2,12.00000018,Upper Delivery,Delivery,pitch.1,337520,6.4768,5.2746,15.6956,49.8414,15.9864,-25.7602,-0.1081,0.327
1779816508374,2,Pitching Mound.Delivery,,Delivery,pitch.1,336724,15.4718,4.5469,94.9137,-116.1247,136.0854,-1.2635,-0.1522,0.0718
1779816508374,2,Pitching Mound.Drive,,Delivery,pitch.1,337247,0.0001,-0.0021,0.0183,0.0113,-0.0502,0.0004,0.0,0.0
1779816508374,2,Pitching Mound.Parent,,Delivery,pitch.1,336431,15.471,4.5414,94.9388,-116.1119,136.0353,-1.2633,-0.1522,0.0718
1779816508375,2,11.0000004b,Drive,Delivery,pitch.1,337248,0.0004,-0.0005,0.0146,0.0103,-0.0487,-0.0014,0.0,0.0
1779816508375,2,12.00000015,Lower Delivery,Delivery,pitch.1,336966,9.0149,-0.6516,78.6768,-185.9376,119.2211,25.2949,-0.1609,-0.2509
1779816508375,2,12.00000018,Upper Delivery,Delivery,pitch.1,337521,6.4534,5.2476,15.5585,49.5212,15.8296,-25.679,-0.108,0.327
1779816508375,2,Pitching Mound.Delivery,,Delivery,pitch.1,336725,15.468,4.5556,94.5042,-115.8002,135.6643,-1.2655,-0.1524,0.072
1779816508375,2,Pitching Mound.Drive,,Delivery,pitch.1,337248,0.0004,-0.0005,0.0146,0.0103,-0.0487,-0.0014,0.0,0.0
1779816508375,2,Pitching Mound.Parent,,Delivery,pitch.1,336432,15.4681,4.5534,94.5225,-115.7889,135.6141,-1.2651,-0.1524,0.0719
1779816508376,2,11.0000004b,Drive,Delivery,pitch.1,337249,0.0,-0.0022,0.0181,0.0117,-0.0491,-0.0013,0.0,0.0
1779816508376,2,12.00000015,Lower Delivery,Delivery,pitch.1,336967,9.0177,-0.6209,78.5064,-185.2725,118.8469,25.3124,-0.1607,-0.2505
1779816508376,2,12.00000018,Upper Delivery,Delivery,pitch.1,337522,6.4615,5.2122,15.5165,49.34,15.7533,-25.609,-0.1078,0.327
1779816508376,2,Pitching Mound.Delivery,,Delivery,pitch.1,336726,15.4764,4.5605,94.1934,-115.1231,134.9744,-1.1823,-0.1521,0.0723
1779816508376,2,Pitching Mound.Drive,,Delivery,pitch.1,337249,0.0,-0.0022,0.0181,0.0117,-0.0491,-0.0013,0.0,0.0
1779816508376,2,Pitching Mound.Parent,,Delivery,pitch.1,336433,15.4768,4.56,94.208,-115.1129,134.9256,-1.1836,-0.1521,0.0723
1779816508377,2,11.0000004b,Drive,Delivery,pitch.1,337250,0.0001,-0.0013,0.0163,0.0121,-0.0505,-0.0008,0.0,0.0
1779816508377,2,12.00000015,Lower Delivery,Delivery,pitch.1,336968,9.011,-0.6013,78.27,-184.2793,118.2744,25.3202,-0.1604,-0.2499
1779816508377,2,12.00000018,Upper Delivery,Delivery,pitch.1,337523,6.4331,5.18,15.3765,48.7768,15.485,-25.5112,-0.1069,0.327
1779816508377,2,Pitching Mound.Delivery,,Delivery,pitch.1,336727,15.4509,4.5591,93.8828,-115.0315,134.3318,-1.0775,-0.1519,0.0727
1779816508377,2,Pitching Mound.Drive,,Delivery,pitch.1,337250,0.0001,-0.0013,0.0163,0.0121,-0.0505,-0.0008,0.0,0.0
1779816508377,2,Pitching Mound.Parent,,Delivery,pitch.1,336434,15.4509,4.5569,93.901,-115.0197,134.2827,-1.0788,-0.1519,0.0727
1779816508378,2,11.0000004b,Drive,Delivery,pitch.1,337251,0.0002,-0.0006,0.0149,0.0135,-0.0512,-0.0018,0.0,0.0
1779816508378,2,12.00000015,Lower Delivery,Delivery,pitch.1,336969,9.0277,-0.59,78.2081,-183.811,118.0977,25.2845,-0.1603,-0.2495
1779816508378,2,12.00000018,Upper Delivery,Delivery,pitch.1,337524,6.4183,5.1248,15.1954,48.2053,15.3991,-25.4091,-0.1076,0.327
1779816508378,2,Pitching Mound.Delivery,,Delivery,pitch.1,336728,15.4293,4.5235,93.4655,-114.6286,133.6735,-0.9705,-0.1518,0.0733
1779816508378,2,Pitching Mound.Drive,,Delivery,pitch.1,337251,0.0002,-0.0006,0.0149,0.0135,-0.0512,-0.0018,0.0,0.0
1779816508378,2,Pitching Mound.Parent,,Delivery,pitch.1,336435,15.4294,4.5222,93.4818,-114.6165,133.623,-0.9712,-0.1518,0.0733
1779816508379,2,11.0000004b,Drive,Delivery,pitch.1,337252,0.0003,-0.0003,0.0146,0.014,-0.0519,-0.0013,0.0,0.0
1779816508379,2,12.00000015,Lower Delivery,Delivery,pitch.1,336970,9.0684,-0.5579,78.0638,-182.9238,117.5724,25.2825,-0.1599,-0.2488
1779816508379,2,12.00000018,Upper Delivery,Delivery,pitch.1,337525,6.3885,5.0716,15.1463,48.2696,15.0543,-25.3043,-0.1055,0.327
1779816508379,2,Pitching Mound.Delivery,,Delivery,pitch.1,336729,15.4163,4.4817,93.3544,-114.1005,133.152,-0.9171,-0.1514,0.0737
1779816508379,2,Pitching Mound.Drive,,Delivery,pitch.1,337252,0.0003,-0.0003,0.0146,0.014,-0.0519,-0.0013,0.0,0.0
1779816508379,2,Pitching Mound.Parent,,Delivery,pitch.1,336436,15.4165,4.4811,93.3693,-114.087,133.1008,-0.9189,-0.1514,0.0737
1779816508380,2,11.0000004b,Drive,Delivery,pitch.1,337253,-0.0005,-0.0027,0.0194,0.0149,-0.0526,0.0005,0.0,0.0
1779816508380,2,12.00000015,Lower Delivery,Delivery,pitch.1,336971,9.0966,-0.5346,77.851,-181.7043,116.8602,25.3042,-0.1594,-0.2478
1779816508380,2,12.00000018,Upper Delivery,Delivery,pitch.1,337527,6.322,5.0018,15.027,48.0964,14.1704,-25.0446,-0.1001,0.327
1779816508380,2,12.00000018,Upper Delivery,Delivery,pitch.1,337526,6.3497,5.0498,15.0936,48.1667,14.4684,-25.1499,-0.1018,0.327
1779816508380,2,Pitching Mound.Delivery,,Delivery,pitch.1,336730,15.4181,4.4919,93.1574,-113.3472,132.0409,-0.7918,-0.1505,0.0743
1779816508380,2,Pitching Mound.Delivery,,Delivery,pitch.1,336731,15.4186,4.4672,92.878,-112.2477,131.0307,-0.6837,-0.1498,0.0752
1779816508380,2,Pitching Mound.Drive,,Delivery,pitch.1,337253,-0.0005,-0.0027,0.0194,0.0149,-0.0526,0.0005,0.0,0.0
1779816508380,2,Pitching Mound.Parent,,Delivery,pitch.1,336437,15.4184,4.4916,93.172,-113.3332,131.989,-0.7931,-0.1505,0.0743
1779816508380,2,Pitching Mound.Parent,,Delivery,pitch.1,336438,15.4181,4.4646,92.8973,-112.2329,130.9781,-0.6832,-0.1497,0.0752
1779816508381,2,11.0000004b,Drive,Delivery,pitch.1,337254,0.0002,-0.0005,0.0151,0.0139,-0.0524,0.0008,0.0,0.0
1779816508381,2,12.00000015,Lower Delivery,Delivery,pitch.1,336972,9.1082,-0.5119,77.8359,-181.2373,116.6597,25.2791,-0.1591,-0.2472
1779816508381,2,Pitching Mound.Drive,,Delivery,pitch.1,337254,0.0002,-0.0005,0.0151,0.0139,-0.0524,0.0008,0.0,0.0
1779816508382,2,11.0000004b,Drive,Delivery,pitch.1,337255,0.0002,-0.001,0.0163,0.0148,-0.0504,0.002,0.0,0.0
1779816508382,2,12.00000015,Lower Delivery,Delivery,pitch.1,336973,9.1491,-0.4799,77.7859,-180.4961,116.182,25.2978,-0.1586,-0.2463
1779816508382,2,12.00000018,Upper Delivery,Delivery,pitch.1,337528,6.3005,4.9662,14.8797,47.6635,14.1744,-24.9135,-0.1011,0.327
1779816508382,2,Pitching Mound.Delivery,,Delivery,pitch.1,336732,15.4087,4.4543,92.7156,-112.1687,130.8341,-0.5891,-0.1498,0.0758
1779816508382,2,Pitching Mound.Drive,,Delivery,pitch.1,337255,0.0002,-0.001,0.0163,0.0148,-0.0504,0.002,0.0,0.0
1779816508382,2,Pitching Mound.Parent,,Delivery,pitch.1,336439,15.4089,4.4538,92.7306,-112.1547,130.7817,-0.5883,-0.1498,0.0758
1779816508383,2,11.0000004b,Drive,Delivery,pitch.1,337256,0.0,-0.0004,0.015,0.0141,-0.0533,0.0034,0.0,0.0
1779816508383,2,12.00000015,Lower Delivery,Delivery,pitch.1,336974,9.1962,-0.4637,77.6797,-179.6307,115.8156,25.2899,-0.1583,-0.2455
1779816508383,2,12.00000018,Upper Delivery,Delivery,pitch.1,337529,6.2579,4.9278,14.7552,46.9691,14.2192,-24.7874,-0.1023,0.327
1779816508383,2,Pitching Mound.Delivery,,Delivery,pitch.1,336733,15.407,4.4479,92.5411,-112.0966,130.4012,-0.4726,-0.1496,0.0767
1779816508383,2,Pitching Mound.Drive,,Delivery,pitch.1,337256,0.0,-0.0004,0.015,0.0141,-0.0533,0.0034,0.0,0.0
1779816508383,2,Pitching Mound.Parent,,Delivery,pitch.1,336440,15.4072,4.4469,92.5574,-112.0818,130.3508,-0.4707,-0.1496,0.0766
1779816508384,2,11.0000004b,Drive,Delivery,pitch.1,337257,0.0001,-0.0009,0.0156,0.0124,-0.0543,0.0004,0.0,0.0
1779816508384,2,12.00000015,Lower Delivery,Delivery,pitch.1,336975,9.236,-0.4478,77.514,-178.8971,115.4003,25.3152,-0.1581,-0.245
1779816508384,2,12.00000018,Upper Delivery,Delivery,pitch.1,337530,6.2106,4.9007,14.6502,47.0201,13.7585,-24.657,-0.0997,0.327
1779816508384,2,12.00000018,Upper Delivery,Delivery,pitch.1,337531,6.1595,4.8647,14.5952,47.0383,13.4142,-24.462,-0.0976,0.327
1779816508384,2,Pitching Mound.Delivery,,Delivery,pitch.1,336734,15.4068,4.437,92.3299,-111.1805,129.5741,-0.3822,-0.149,0.0775
1779816508384,2,Pitching Mound.Delivery,,Delivery,pitch.1,336735,15.3954,4.417,92.1092,-110.4665,128.8145,-0.1928,-0.1485,0.0779
1779816508384,2,Pitching Mound.Drive,,Delivery,pitch.1,337257,0.0001,-0.0009,0.0156,0.0124,-0.0543,0.0004,0.0,0.0
1779816508384,2,Pitching Mound.Parent,,Delivery,pitch.1,336441,15.4069,4.4366,92.3449,-111.1664,129.5207,-0.3788,-0.149,0.0774
1779816508384,2,Pitching Mound.Parent,,Delivery,pitch.1,336442,15.3955,4.4161,92.1248,-110.4541,128.7602,-0.1924,-0.1484,0.0779
1779816508385,2,11.0000004b,Drive,Delivery,pitch.1,337258,-0.0002,-0.0017,0.0171,0.0128,-0.053,0.001,0.0,0.0
1779816508385,2,12.00000015,Lower Delivery,Delivery,pitch.1,336976,9.2694,-0.4234,77.3497,-178.1931,114.9981,25.3568,-0.1578,-0.2446
1779816508385,2,Pitching Mound.Drive,,Delivery,pitch.1,337258,-0.0002,-0.0017,0.0171,0.0128,-0.053,0.001,0.0,0.0
1779816508386,2,11.0000004b,Drive,Delivery,pitch.1,337259,-0.0008,-0.0037,0.0205,0.0129,-0.0532,0.0016,0.0,0.0
1779816508386,2,12.00000015,Lower Delivery,Delivery,pitch.1,336977,9.3138,-0.3824,77.1596,-177.3936,114.7184,25.377,-0.1578,-0.2441
1779816508386,2,12.00000018,Upper Delivery,Delivery,pitch.1,337532,6.0893,4.83,14.412,46.6234,13.2534,-24.2746,-0.0976,0.327
1779816508386,2,12.00000018,Upper Delivery,Delivery,pitch.1,337533,6.0261,4.8031,14.3394,46.8683,13.082,-24.1061,-0.0969,0.327
1779816508386,2,Pitching Mound.Delivery,,Delivery,pitch.1,336736,15.3587,4.4067,91.7618,-110.1709,128.2515,0.0009,-0.1484,0.0784
1779816508386,2,Pitching Mound.Delivery,,Delivery,pitch.1,336737,15.3399,4.4207,91.499,-109.1664,127.8004,0.1531,-0.1483,0.0789
1779816508386,2,Pitching Mound.Drive,,Delivery,pitch.1,337259,-0.0008,-0.0037,0.0205,0.0129,-0.0532,0.0016,0.0,0.0
1779816508386,2,Pitching Mound.Parent,,Delivery,pitch.1,336443,15.3585,4.405,91.7789,-110.1581,128.1985,0.0019,-0.1484,0.0784
1779816508386,2,Pitching Mound.Parent,,Delivery,pitch.1,336444,15.3392,4.4171,91.5195,-109.1535,127.7472,0.1547,-0.1482,0.0788
1779816508387,2,11.0000004b,Drive,Delivery,pitch.1,337260,-0.0009,-0.0031,0.0207,0.0124,-0.0475,0.0021,0.0,0.0
1779816508387,2,12.00000015,Lower Delivery,Delivery,pitch.1,336978,9.3523,-0.3437,76.8857,-176.4881,114.3776,25.3924,-0.1579,-0.2437
1779816508387,2,12.00000018,Upper Delivery,Delivery,pitch.1,337534,5.9459,4.8181,14.2631,46.8096,12.6939,-23.994,-0.0945,0.327
1779816508387,2,Pitching Mound.Delivery,,Delivery,pitch.1,336738,15.2982,4.4744,91.1488,-108.3868,127.0715,0.2402,-0.148,0.0792
1779816508387,2,Pitching Mound.Drive,,Delivery,pitch.1,337260,-0.0009,-0.0031,0.0207,0.0124,-0.0475,0.0021,0.0,0.0
1779816508387,2,Pitching Mound.Parent,,Delivery,pitch.1,336445,15.2973,4.4713,91.1694,-108.3744,127.0239,0.2423,-0.148,0.0792
1779816508388,2,11.0000004b,Drive,Delivery,pitch.1,337261,-0.0014,-0.0045,0.0246,0.0093,-0.0476,0.0038,0.0,0.0
1779816508388,2,12.00000015,Lower Delivery,Delivery,pitch.1,336979,9.3598,-0.2951,76.711,-175.9175,114.0886,25.4696,-0.1579,-0.2435
1779816508388,2,12.00000018,Upper Delivery,Delivery,pitch.1,337535,5.8929,4.7955,14.1322,46.651,12.8349,-23.8173,-0.0964,0.327
1779816508388,2,Pitching Mound.Delivery,,Delivery,pitch.1,336739,15.2527,4.5004,90.8432,-107.9897,126.9235,0.4735,-0.1483,0.0795
1779816508388,2,Pitching Mound.Drive,,Delivery,pitch.1,337261,-0.0014,-0.0045,0.0246,0.0093,-0.0476,0.0038,0.0,0.0
1779816508388,2,Pitching Mound.Parent,,Delivery,pitch.1,336446,15.2513,4.496,90.8678,-107.9804,126.8759,0.4773,-0.1483,0.0795
1779816508389,2,11.0000004b,Drive,Delivery,pitch.1,337262,-0.0016,-0.0058,0.027,0.0078,-0.0488,0.0026,0.0,0.0
1779816508389,2,12.00000015,Lower Delivery,Delivery,pitch.1,336980,9.3758,-0.2475,76.5012,-175.4439,113.8174,25.477,-0.1579,-0.2435
1779816508389,2,12.00000018,Upper Delivery,Delivery,pitch.1,337536,5.8189,4.7981,13.9917,46.0641,12.7671,-23.657,-0.0969,0.327
1779816508389,2,Pitching Mound.Delivery,,Delivery,pitch.1,336740,15.1947,4.5507,90.493,-108.1266,126.5845,0.6107,-0.1485,0.0796
1779816508389,2,Pitching Mound.Drive,,Delivery,pitch.1,337262,-0.0016,-0.0058,0.027,0.0078,-0.0488,0.0026,0.0,0.0
1779816508389,2,Pitching Mound.Parent,,Delivery,pitch.1,336447,15.193,4.5448,90.52,-108.1188,126.5356,0.6133,-0.1485,0.0796
1779816508390,2,11.0000004b,Drive,Delivery,pitch.1,337263,-0.0018,-0.0071,0.0292,0.0102,-0.0465,0.0006,0.0,0.0
1779816508390,2,12.00000015,Lower Delivery,Delivery,pitch.1,336981,9.3722,-0.2199,76.2306,-174.8047,113.6326,25.5027,-0.1583,-0.2434
1779816508390,2,12.00000018,Upper Delivery,Delivery,pitch.1,337537,5.7582,4.7877,13.8533,45.566,12.9965,-23.5142,-0.0996,0.327
1779816508390,2,Pitching Mound.Delivery,,Delivery,pitch.1,336741,15.1303,4.5678,90.0839,-108.0305,126.6291,0.7597,-0.1492,0.0797
1779816508390,2,Pitching Mound.Drive,,Delivery,pitch.1,337263,-0.0018,-0.0071,0.0292,0.0102,-0.0465,0.0006,0.0,0.0
1779816508390,2,Pitching Mound.Parent,,Delivery,pitch.1,336448,15.1285,4.5607,90.1131,-108.0203,126.5826,0.7604,-0.1492,0.0797
1779816508391,2,11.0000004b,Drive,Delivery,pitch.1,337264,-0.0022,-0.0076,0.032,0.0117,-0.0473,0.0017,0.0,0.0
1779816508391,2,12.00000015,Lower Delivery,Delivery,pitch.1,336982,9.347,-0.1738,76.014,-174.6702,113.4972,25.4828,-0.1585,-0.2439
1779816508391,2,12.00000018,Upper Delivery,Delivery,pitch.1,337538,5.687,4.7544,13.628,45.2537,12.7799,-23.2966,-0.0996,0.327
1779816508391,2,Pitching Mound.Delivery,,Delivery,pitch.1,336742,15.0341,4.5806,89.642,-108.2052,126.2772,0.9418,-0.1495,0.0795
1779816508391,2,Pitching Mound.Drive,,Delivery,pitch.1,337264,-0.0022,-0.0076,0.032,0.0117,-0.0473,0.0017,0.0,0.0
1779816508391,2,Pitching Mound.Parent,,Delivery,pitch.1,336449,15.0318,4.573,89.674,-108.1935,126.2299,0.9435,-0.1495,0.0794
1779816508392,2,11.0000004b,Drive,Delivery,pitch.1,337265,-0.0039,-0.0118,0.0423,0.017,-0.049,0.0033,0.0,0.0
1779816508392,2,12.00000015,Lower Delivery,Delivery,pitch.1,336983,9.3305,-0.1346,75.5854,-173.5996,112.8787,25.4611,-0.1585,-0.2438
1779816508392,2,12.00000018,Upper Delivery,Delivery,pitch.1,337539,5.6268,4.7325,13.5025,44.5979,12.8423,-23.0821,-0.101,0.327
1779816508392,2,Pitching Mound.Delivery,,Delivery,pitch.1,336743,14.9573,4.5979,89.088,-107.8936,125.721,1.1197,-0.1498,0.0796
1779816508392,2,Pitching Mound.Drive,,Delivery,pitch.1,337265,-0.0039,-0.0118,0.0423,0.017,-0.049,0.0033,0.0,0.0
1779816508392,2,Pitching Mound.Parent,,Delivery,pitch.1,336450,14.9534,4.5861,89.1303,-107.8766,125.672,1.123,-0.1497,0.0796
1779816508393,2,11.0000004b,Drive,Delivery,pitch.1,337266,-0.0035,-0.0098,0.0386,0.0151,-0.0518,0.0018,0.0,0.0
1779816508393,2,12.00000015,Lower Delivery,Delivery,pitch.1,336984,9.294,-0.0932,75.2599,-173.0191,112.6649,25.4656,-0.1589,-0.2441
1779816508393,2,12.00000018,Upper Delivery,Delivery,pitch.1,337540,5.582,4.7002,13.3764,44.1212,12.6291,-22.9477,-0.1002,0.327
1779816508393,2,Pitching Mound.Delivery,,Delivery,pitch.1,336744,14.876,4.607,88.6363,-107.8575,125.294,1.2559,-0.1501,0.0795
1779816508393,2,Pitching Mound.Drive,,Delivery,pitch.1,337266,-0.0035,-0.0098,0.0386,0.0151,-0.0518,0.0018,0.0,0.0
1779816508393,2,Pitching Mound.Parent,,Delivery,pitch.1,336451,14.8725,4.5972,88.6749,-107.8424,125.2423,1.2577,-0.15,0.0795
1779816508394,2,11.0000004b,Drive,Delivery,pitch.1,337267,-0.0036,-0.0103,0.0392,0.0133,-0.0541,0.001,0.0,0.0
1779816508394,2,12.00000015,Lower Delivery,Delivery,pitch.1,336985,9.248,-0.0377,74.8164,-171.7305,111.7521,25.3778,-0.1586,-0.2437
1779816508394,2,12.00000018,Upper Delivery,Delivery,pitch.1,337541,5.527,4.6471,13.1906,43.422,12.8254,-22.7383,-0.1032,0.327
1779816508394,2,Pitching Mound.Delivery,,Delivery,pitch.1,336745,14.775,4.6095,88.0069,-107.3558,124.5775,1.3744,-0.1503,0.0799
1779816508394,2,Pitching Mound.Drive,,Delivery,pitch.1,337267,-0.0036,-0.0103,0.0392,0.0133,-0.0541,0.001,0.0,0.0
1779816508394,2,Pitching Mound.Parent,,Delivery,pitch.1,336452,14.7714,4.5992,88.0462,-107.3424,124.5233,1.3754,-0.1502,0.0799
1779816508395,2,11.0000004b,Drive,Delivery,pitch.1,337268,-0.004,-0.012,0.0429,0.0116,-0.0541,0.0018,0.0,0.0
1779816508395,2,12.00000015,Lower Delivery,Delivery,pitch.1,336986,9.2243,0.0139,74.6525,-171.3786,111.5263,25.3257,-0.1586,-0.2437
1779816508395,2,12.00000018,Upper Delivery,Delivery,pitch.1,337542,5.4952,4.6156,12.9933,42.4201,12.9835,-22.5896,-0.1061,0.327
1779816508395,2,Pitching Mound.Delivery,,Delivery,pitch.1,336746,14.7196,4.6295,87.6458,-107.9944,124.5099,1.4682,-0.1508,0.0801
1779816508395,2,Pitching Mound.Drive,,Delivery,pitch.1,337268,-0.004,-0.012,0.0429,0.0116,-0.0541,0.0018,0.0,0.0
1779816508395,2,Pitching Mound.Parent,,Delivery,pitch.1,336453,14.7156,4.6176,87.6887,-107.9828,124.4557,1.47,-0.1507,0.08
1779816508396,2,11.0000004b,Drive,Delivery,pitch.1,337269,-0.0039,-0.0128,0.0434,0.0116,-0.0549,0.0005,0.0,0.0
1779816508396,2,12.00000015,Lower Delivery,Delivery,pitch.1,336987,9.1807,0.0551,74.3996,-170.7516,111.2104,25.1792,-0.1587,-0.2436
1779816508396,2,12.00000018,Upper Delivery,Delivery,pitch.1,337543,5.4591,4.5586,12.7895,41.7999,13.0031,-22.4373,-0.1079,0.327
1779816508396,2,Pitching Mound.Delivery,,Delivery,pitch.1,336747,14.6398,4.6137,87.1891,-108.0043,124.2135,1.4766,-0.1512,0.0803
1779816508396,2,Pitching Mound.Drive,,Delivery,pitch.1,337269,-0.0039,-0.0128,0.0434,0.0116,-0.0549,0.0005,0.0,0.0
1779816508396,2,Pitching Mound.Parent,,Delivery,pitch.1,336454,14.6359,4.6009,87.2325,-107.9926,124.1586,1.4771,-0.1512,0.0803
1779816508397,2,11.0000004b,Drive,Delivery,pitch.1,337270,-0.0029,-0.0096,0.0368,0.0164,-0.0534,0.003,0.0,0.0
1779816508397,2,12.00000015,Lower Delivery,Delivery,pitch.1,336988,9.154,0.0745,73.8245,-168.7927,110.0355,25.036,-0.1582,-0.2427
1779816508397,2,12.00000018,Upper Delivery,Delivery,pitch.1,337544,5.418,4.5073,12.6387,40.8808,13.1224,-22.2536,-0.1102,0.327
1779816508397,2,Pitching Mound.Delivery,,Delivery,pitch.1,336748,14.572,4.5818,86.4632,-107.1087,123.158,1.5122,-0.1512,0.0812
1779816508397,2,Pitching Mound.Drive,,Delivery,pitch.1,337270,-0.0029,-0.0096,0.0368,0.0164,-0.0534,0.003,0.0,0.0
1779816508397,2,Pitching Mound.Parent,,Delivery,pitch.1,336455,14.5691,4.5722,86.5,-107.0923,123.1045,1.5152,-0.1512,0.0811
1779816508398,2,11.0000004b,Drive,Delivery,pitch.1,337271,-0.0026,-0.01,0.0359,0.0125,-0.0537,0.0021,0.0,0.0
1779816508398,2,12.00000015,Lower Delivery,Delivery,pitch.1,336989,9.1257,0.1231,73.5577,-168.1589,109.5568,24.9384,-0.1581,-0.2427
1779816508398,2,12.00000018,Upper Delivery,Delivery,pitch.1,337545,5.3781,4.4348,12.4093,40.1048,13.187,-22.041,-0.1128,0.327
1779816508398,2,Pitching Mound.Delivery,,Delivery,pitch.1,336749,14.5038,4.5579,85.967,-107.2636,122.7437,1.6232,-0.1516,0.0814
1779816508398,2,Pitching Mound.Drive,,Delivery,pitch.1,337271,-0.0026,-0.01,0.0359,0.0125,-0.0537,0.0021,0.0,0.0
1779816508398,2,Pitching Mound.Parent,,Delivery,pitch.1,336456,14.5012,4.5479,86.0028,-107.2511,122.69,1.6254,-0.1515,0.0814
1779816508399,2,11.0000004b,Drive,Delivery,pitch.1,337272,-0.0019,-0.0074,0.0299,0.0121,-0.0537,0.003,0.0,0.0
1779816508399,2,12.00000015,Lower Delivery,Delivery,pitch.1,336990,9.129,0.1562,73.0675,-166.8164,108.861,24.7993,-0.1582,-0.2424
1779816508399,2,12.00000018,Upper Delivery,Delivery,pitch.1,337546,5.3364,4.3825,12.2873,39.7145,13.0311,-21.8312,-0.1126,0.327
1779816508399,2,Pitching Mound.Delivery,,Delivery,pitch.1,336750,14.4654,4.5387,85.3548,-106.4366,121.8921,1.6786,-0.1516,0.0817
1779816508399,2,Pitching Mound.Drive,,Delivery,pitch.1,337272,-0.0019,-0.0074,0.0299,0.0121,-0.0537,0.003,0.0,0.0
1779816508399,2,Pitching Mound.Parent,,Delivery,pitch.1,336457,14.4635,4.5313,85.3847,-106.4246,121.8384,1.6816,-0.1516,0.0817
1779816508400,2,11.0000004b,Drive,Delivery,pitch.1,337273,-0.0021,-0.0086,0.0327,0.0116,-0.0497,0.0051,0.0,0.0
1779816508400,2,12.00000015,Lower Delivery,Delivery,pitch.1,336991,9.1112,0.1927,72.8499,-166.2968,108.5631,24.7248,-0.1582,-0.2423
1779816508400,2,12.00000018,Upper Delivery,Delivery,pitch.1,337547,5.3031,4.326,12.1092,39.4446,12.8374,-21.6545,-0.1125,0.327
1779816508400,2,Pitching Mound.Delivery,,Delivery,pitch.1,336751,14.4142,4.5186,84.959,-106.2003,121.4006,1.7755,-0.1517,0.0819
1779816508400,2,Pitching Mound.Drive,,Delivery,pitch.1,337273,-0.0021,-0.0086,0.0327,0.0116,-0.0497,0.0051,0.0,0.0
1779816508400,2,Pitching Mound.Parent,,Delivery,pitch.1,336458,14.4121,4.51,84.9917,-106.1887,121.3508,1.7806,-0.1516,0.0819
1779816508401,2,11.0000004b,Drive,Delivery,pitch.1,337274,-0.0019,-0.0083,0.0312,0.0125,-0.0486,0.0057,0.0,0.0
1779816508401,2,12.00000015,Lower Delivery,Delivery,pitch.1,336992,9.1089,0.2428,72.6214,-165.8567,108.3191,24.6733,-0.1583,-0.2425
1779816508401,2,12.00000018,Upper Delivery,Delivery,pitch.1,337548,5.2499,4.2628,11.9339,38.928,12.4881,-21.429,-0.1111,0.327
1779816508401,2,Pitching Mound.Delivery,,Delivery,pitch.1,336752,14.3588,4.5057,84.5553,-106.2949,120.8072,1.9322,-0.1517,0.0819
1779816508401,2,Pitching Mound.Drive,,Delivery,pitch.1,337274,-0.0019,-0.0083,0.0312,0.0125,-0.0486,0.0057,0.0,0.0
1779816508401,2,Pitching Mound.Parent,,Delivery,pitch.1,336459,14.3568,4.4974,84.5866,-106.2824,120.7586,1.9379,-0.1516,0.0819
1779816508402,2,11.0000004b,Drive,Delivery,pitch.1,337275,-0.0011,-0.0061,0.0266,0.0132,-0.0479,0.0056,0.0,0.0
1779816508402,2,12.00000015,Lower Delivery,Delivery,pitch.1,336993,9.1184,0.2823,72.0269,-163.7695,107.1626,24.544,-0.158,-0.2414
1779816508402,2,12.00000018,Upper Delivery,Delivery,pitch.1,337549,5.2167,4.2209,11.8447,38.5792,12.335,-21.2305,-0.1106,0.327
1779816508402,2,Pitching Mound.Delivery,,Delivery,pitch.1,336753,14.3351,4.5032,83.8716,-104.7283,119.4976,1.9869,-0.1513,0.0829
1779816508402,2,Pitching Mound.Drive,,Delivery,pitch.1,337275,-0.0011,-0.0061,0.0266,0.0132,-0.0479,0.0056,0.0,0.0
1779816508402,2,Pitching Mound.Parent,,Delivery,pitch.1,336460,14.334,4.4971,83.8981,-104.7151,119.4497,1.9925,-0.1512,0.0828
1779816508403,2,11.0000004b,Drive,Delivery,pitch.1,337276,-0.0004,-0.003,0.0198,0.0114,-0.0472,0.0066,0.0,0.0
1779816508403,2,12.00000015,Lower Delivery,Delivery,pitch.1,336994,9.1195,0.3194,71.8528,-163.2947,106.9198,24.5027,-0.158,-0.2413
1779816508403,2,12.00000018,Upper Delivery,Delivery,pitch.1,337550,5.1707,4.1888,11.7235,38.0998,12.1419,-21.0552,-0.11,0.327
1779816508403,2,Pitching Mound.Delivery,,Delivery,pitch.1,336754,14.2901,4.5082,83.5763,-104.751,119.0617,2.105,-0.1512,0.0831
1779816508403,2,Pitching Mound.Drive,,Delivery,pitch.1,337276,-0.0004,-0.003,0.0198,0.0114,-0.0472,0.0066,0.0,0.0
1779816508403,2,Pitching Mound.Parent,,Delivery,pitch.1,336461,14.2897,4.5051,83.5961,-104.7396,119.0145,2.1115,-0.1512,0.083
1779816508404,2,11.0000004b,Drive,Delivery,pitch.1,337277,-0.001,-0.0056,0.0252,0.0096,-0.047,0.005,0.0,0.0
1779816508404,2,12.00000015,Lower Delivery,Delivery,pitch.1,336995,9.1316,0.3468,71.607,-162.5761,106.7088,24.4219,-0.1582,-0.241
1779816508404,2,12.00000018,Upper Delivery,Delivery,pitch.1,337551,5.1182,4.1502,11.56,37.7488,11.8232,-20.8705,-0.1086,0.327
1779816508404,2,Pitching Mound.Delivery,,Delivery,pitch.1,336755,14.2498,4.4971,83.167,-104.4113,118.5319,2.1868,-0.1513,0.0834
1779816508404,2,Pitching Mound.Drive,,Delivery,pitch.1,337277,-0.001,-0.0056,0.0252,0.0096,-0.047,0.005,0.0,0.0
1779816508404,2,Pitching Mound.Parent,,Delivery,pitch.1,336462,14.2489,4.4915,83.1922,-104.4017,118.4849,2.1918,-0.1513,0.0834
1779816508405,2,11.0000004b,Drive,Delivery,pitch.1,337278,-0.0013,-0.0067,0.0272,0.0096,-0.0464,0.0064,0.0,0.0
1779816508405,2,12.00000015,Lower Delivery,Delivery,pitch.1,336996,9.1446,0.3945,71.4251,-162.0436,106.4548,24.3439,-0.1582,-0.2409
1779816508405,2,12.00000018,Upper Delivery,Delivery,pitch.1,337552,5.0549,4.119,11.3747,37.1157,11.5633,-20.5825,-0.1079,0.327
1779816508405,2,Pitching Mound.Delivery,,Delivery,pitch.1,336756,14.1995,4.5135,82.7998,-104.5107,118.0182,2.3709,-0.1513,0.0837
1779816508405,2,Pitching Mound.Drive,,Delivery,pitch.1,337278,-0.0013,-0.0067,0.0272,0.0096,-0.0464,0.0064,0.0,0.0
1779816508405,2,Pitching Mound.Parent,,Delivery,pitch.1,336463,14.1982,4.5068,82.827,-104.5012,117.9718,2.3773,-0.1513,0.0837
1779816508406,2,11.0000004b,Drive,Delivery,pitch.1,337279,-0.0011,-0.0058,0.0258,0.0103,-0.0477,0.0078,0.0,0.0
1779816508406,2,12.00000015,Lower Delivery,Delivery,pitch.1,336997,9.1595,0.4238,71.1926,-161.0471,106.0417,24.3234,-0.1581,-0.2402
1779816508406,2,12.00000018,Upper Delivery,Delivery,pitch.1,337553,5.0042,4.0625,11.2146,36.9646,11.2865,-20.3635,-0.1068,0.327
1779816508406,2,Pitching Mound.Delivery,,Delivery,pitch.1,336757,14.1637,4.4863,82.4072,-103.69,117.3283,2.5471,-0.1512,0.0845
1779816508406,2,Pitching Mound.Drive,,Delivery,pitch.1,337279,-0.0011,-0.0058,0.0258,0.0103,-0.0477,0.0078,0.0,0.0
1779816508406,2,Pitching Mound.Parent,,Delivery,pitch.1,336464,14.1626,4.4805,82.433,-103.6797,117.2806,2.5549,-0.1511,0.0845
1779816508407,2,11.0000004b,Drive,Delivery,pitch.1,337280,-0.0025,-0.0101,0.0353,0.012,-0.048,0.0083,0.0,0.0
1779816508407,2,12.00000015,Lower Delivery,Delivery,pitch.1,336998,9.1698,0.469,70.8786,-159.7729,105.3188,24.2601,-0.1577,-0.2393
1779816508407,2,12.00000018,Upper Delivery,Delivery,pitch.1,337554,4.9394,4.0442,11.0355,36.4191,11.0487,-20.1121,-0.1063,0.327
1779816508407,2,Pitching Mound.Delivery,,Delivery,pitch.1,336758,14.1092,4.5132,81.9142,-103.0071,116.3675,2.7097,-0.1508,0.0854
1779816508407,2,Pitching Mound.Drive,,Delivery,pitch.1,337280,-0.0025,-0.0101,0.0353,0.012,-0.048,0.0083,0.0,0.0
1779816508407,2,Pitching Mound.Parent,,Delivery,pitch.1,336465,14.1067,4.5031,81.9494,-102.9952,116.3195,2.718,-0.1508,0.0853
1779816508408,2,11.0000004b,Drive,Delivery,pitch.1,337281,-0.0012,-0.0047,0.0235,0.0088,-0.0503,0.0027,0.0,0.0
1779816508408,2,12.00000015,Lower Delivery,Delivery,pitch.1,336999,9.197,0.513,70.5913,-158.3581,104.5278,24.2168,-0.1572,-0.2382
1779816508408,2,12.00000018,Upper Delivery,Delivery,pitch.1,337555,4.9103,4.0074,10.9108,36.0183,11.1323,-19.9036,-0.1083,0.327
1779816508408,2,Pitching Mound.Delivery,,Delivery,pitch.1,336759,14.1072,4.5203,81.5021,-102.0484,115.6601,2.8557,-0.1507,0.0865
1779816508408,2,Pitching Mound.Drive,,Delivery,pitch.1,337281,-0.0012,-0.0047,0.0235,0.0088,-0.0503,0.0027,0.0,0.0
1779816508408,2,Pitching Mound.Parent,,Delivery,pitch.1,336466,14.106,4.5156,81.5256,-102.0397,115.6098,2.8583,-0.1506,0.0864
1779816508409,2,11.0000004b,Drive,Delivery,pitch.1,337282,-0.0008,-0.0041,0.0223,0.0125,-0.0504,0.0055,0.0,0.0
1779816508409,2,12.00000015,Lower Delivery,Delivery,pitch.1,337000,9.2153,0.5498,70.2631,-157.1956,103.9955,24.166,-0.1571,-0.2375
1779816508409,2,12.00000018,Upper Delivery,Delivery,pitch.1,337556,4.8416,3.9997,10.761,35.6635,10.9174,-19.6647,-0.1077,0.327
1779816508409,2,Pitching Mound.Delivery,,Delivery,pitch.1,336760,14.0568,4.5495,81.0241,-101.3014,114.9129,3.0143,-0.1506,0.0872
1779816508409,2,Pitching Mound.Drive,,Delivery,pitch.1,337282,-0.0008,-0.0041,0.0223,0.0125,-0.0504,0.0055,0.0,0.0
1779816508409,2,Pitching Mound.Parent,,Delivery,pitch.1,336467,14.056,4.5455,81.0463,-101.2889,114.8626,3.0198,-0.1505,0.0871
1779816508410,2,11.0000004b,Drive,Delivery,pitch.1,337283,-0.0015,-0.0062,0.0273,0.0159,-0.0498,0.0049,0.0,0.0
1779816508410,2,12.00000015,Lower Delivery,Delivery,pitch.1,337001,9.2629,0.6035,70.1755,-156.5324,103.7273,24.1364,-0.1569,-0.2368
1779816508410,2,12.00000018,Upper Delivery,Delivery,pitch.1,337557,4.7625,3.9679,10.5592,35.6622,10.2617,-19.4531,-0.1032,0.327
1779816508410,2,Pitching Mound.Delivery,,Delivery,pitch.1,336761,14.0254,4.5714,80.7347,-100.6006,113.989,3.1532,-0.1499,0.088
1779816508410,2,Pitching Mound.Drive,,Delivery,pitch.1,337283,-0.0015,-0.0062,0.0273,0.0159,-0.0498,0.0049,0.0,0.0
1779816508410,2,Pitching Mound.Parent,,Delivery,pitch.1,336468,14.0238,4.5652,80.7621,-100.5848,113.9391,3.1581,-0.1498,0.088
1779816508411,2,11.0000004b,Drive,Delivery,pitch.1,337284,-0.0019,-0.0082,0.0308,0.0114,-0.051,0.0016,0.0,0.0
1779816508411,2,12.00000015,Lower Delivery,Delivery,pitch.1,337002,9.2718,0.6409,69.8823,-155.4496,103.1674,24.0979,-0.1567,-0.2362
1779816508411,2,12.00000018,Upper Delivery,Delivery,pitch.1,337558,4.7014,3.9046,10.3603,35.1947,10.1141,-19.2585,-0.1036,0.327
1779816508411,2,Pitching Mound.Delivery,,Delivery,pitch.1,336762,13.9732,4.5454,80.2426,-100.0175,113.2815,3.2854,-0.1499,0.0888
1779816508411,2,Pitching Mound.Drive,,Delivery,pitch.1,337284,-0.0019,-0.0082,0.0308,0.0114,-0.051,0.0016,0.0,0.0
1779816508411,2,Pitching Mound.Parent,,Delivery,pitch.1,336469,13.9713,4.5372,80.2735,-100.0061,113.2306,3.287,-0.1498,0.0887
1779816508412,2,11.0000004b,Drive,Delivery,pitch.1,337285,-0.0002,-0.0015,0.0167,0.0096,-0.0514,-0.0005,0.0,0.0
1779816508412,2,12.00000015,Lower Delivery,Delivery,pitch.1,337003,9.3101,0.6772,69.6192,-154.315,102.5157,24.059,-0.1563,-0.2353
1779816508412,2,12.00000018,Upper Delivery,Delivery,pitch.1,337559,4.6441,3.8795,10.2599,35.3185,9.3169,-19.061,-0.0964,0.327
1779816508412,2,Pitching Mound.Delivery,,Delivery,pitch.1,336763,13.9542,4.5567,79.8791,-98.8144,111.8327,3.4115,-0.1486,0.0896
1779816508412,2,Pitching Mound.Drive,,Delivery,pitch.1,337285,-0.0002,-0.0015,0.0167,0.0096,-0.0514,-0.0005,0.0,0.0
1779816508412,2,Pitching Mound.Parent,,Delivery,pitch.1,336470,13.954,4.5552,79.8958,-98.8048,111.7812,3.411,-0.1486,0.0896
1779816508413,2,11.0000004b,Drive,Delivery,pitch.1,337286,-0.0005,-0.0032,0.0206,0.0128,-0.0522,-0.0008,0.0,0.0
1779816508413,2,12.00000015,Lower Delivery,Delivery,pitch.1,337004,9.3378,0.7102,69.4219,-153.2427,102.0883,23.9978,-0.1561,-0.2343
1779816508413,2,12.00000018,Upper Delivery,Delivery,pitch.1,337560,4.5915,3.8244,10.096,34.9193,9.058,-18.814,-0.0952,0.327
1779816508413,2,Pitching Mound.Delivery,,Delivery,pitch.1,336764,13.9293,4.5346,79.5178,-98.1526,111.1464,3.57,-0.1484,0.0906
1779816508413,2,Pitching Mound.Drive,,Delivery,pitch.1,337286,-0.0005,-0.0032,0.0206,0.0128,-0.0522,-0.0008,0.0,0.0
1779816508413,2,Pitching Mound.Parent,,Delivery,pitch.1,336471,13.9288,4.5314,79.5384,-98.1399,111.0942,3.5693,-0.1484,0.0906
1779816508414,2,11.0000004b,Drive,Delivery,pitch.1,337287,-0.001,-0.005,0.0243,0.0118,-0.0519,-0.0021,0.0,0.0
1779816508414,2,12.00000015,Lower Delivery,Delivery,pitch.1,337005,9.3293,0.7643,69.0258,-151.8357,101.3781,23.9414,-0.1559,-0.2335
1779816508414,2,12.00000018,Upper Delivery,Delivery,pitch.1,337561,4.5356,3.7764,9.9629,34.7962,8.3912,-18.5978,-0.0894,0.327
1779816508414,2,Pitching Mound.Delivery,,Delivery,pitch.1,336765,13.8649,4.5407,78.9887,-96.9582,109.7692,3.7137,-0.1475,0.0914
1779816508414,2,Pitching Mound.Drive,,Delivery,pitch.1,337287,-0.001,-0.005,0.0243,0.0118,-0.0519,-0.0021,0.0,0.0
1779816508414,2,Pitching Mound.Parent,,Delivery,pitch.1,336472,13.8639,4.5358,79.013,-96.9463,109.7173,3.7116,-0.1475,0.0914
1779816508415,2,11.0000004b,Drive,Delivery,pitch.1,337288,0.0,-0.0014,0.0172,0.0136,-0.0522,-0.0016,0.0,0.0
1779816508415,2,12.00000015,Lower Delivery,Delivery,pitch.1,337006,9.3315,0.8329,68.9221,-151.4073,101.1553,23.9567,-0.1558,-0.2332
1779816508415,2,12.00000018,Upper Delivery,Delivery,pitch.1,337562,4.507,3.7248,9.8195,34.2966,8.0478,-18.366,-0.087,0.327
1779816508415,2,Pitching Mound.Delivery,,Delivery,pitch.1,336766,13.8385,4.5577,78.7416,-97.0158,109.2031,3.9503,-0.1472,0.0918
1779816508415,2,Pitching Mound.Drive,,Delivery,pitch.1,337288,0.0,-0.0014,0.0172,0.0136,-0.0522,-0.0016,0.0,0.0
1779816508415,2,Pitching Mound.Parent,,Delivery,pitch.1,336473,13.8385,4.5564,78.7588,-97.0022,109.151,3.9488,-0.1472,0.0918
1779816508416,2,11.0000004b,Drive,Delivery,pitch.1,337289,-0.0001,-0.0014,0.017,0.0122,-0.0513,-0.002,0.0,0.0
1779816508416,2,12.00000015,Lower Delivery,Delivery,pitch.1,337007,9.3396,0.8739,68.2129,-148.9306,99.5428,23.8393,-0.1549,-0.2318
1779816508416,2,12.00000018,Upper Delivery,Delivery,pitch.1,337563,4.4578,3.6775,9.7142,34.2057,7.6329,-18.1631,-0.0834,0.327
1779816508416,2,Pitching Mound.Delivery,,Delivery,pitch.1,336767,13.7974,4.5515,77.9271,-94.8354,107.1757,4.0163,-0.146,0.0931
1779816508416,2,Pitching Mound.Drive,,Delivery,pitch.1,337289,-0.0001,-0.0014,0.017,0.0122,-0.0513,-0.002,0.0,0.0
1779816508416,2,Pitching Mound.Parent,,Delivery,pitch.1,336474,13.7973,4.5501,77.9441,-94.8233,107.1245,4.0143,-0.146,0.0931
1779816508417,2,11.0000004b,Drive,Delivery,pitch.1,337290,0.0002,-0.0019,0.0186,0.0107,-0.0551,-0.0032,0.0,0.0
1779816508417,2,12.00000015,Lower Delivery,Delivery,pitch.1,337008,9.3243,0.9261,67.9801,-148.202,99.0438,23.6943,-0.1547,-0.2314
1779816508417,2,12.00000018,Upper Delivery,Delivery,pitch.1,337564,4.4289,3.6174,9.5125,33.0555,8.173,-17.9632,-0.0912,0.327
1779816508417,2,Pitching Mound.Delivery,,Delivery,pitch.1,336768,13.7532,4.5435,77.4925,-95.2675,107.2168,4.0667,-0.1469,0.0936
1779816508417,2,Pitching Mound.Drive,,Delivery,pitch.1,337290,0.0002,-0.0019,0.0186,0.0107,-0.0551,-0.0032,0.0,0.0
1779816508417,2,Pitching Mound.Parent,,Delivery,pitch.1,336475,13.7534,4.5416,77.5112,-95.2568,107.1617,4.0634,-0.1468,0.0936
1779816508418,2,11.0000004b,Drive,Delivery,pitch.1,337291,-0.0001,-0.0013,0.0171,0.0145,-0.0573,-0.0013,0.0,0.0
1779816508418,2,12.00000015,Lower Delivery,Delivery,pitch.1,337009,9.3135,0.9576,67.5665,-146.9576,98.1748,23.5943,-0.1543,-0.2309
1779816508418,2,12.00000018,Upper Delivery,Delivery,pitch.1,337565,4.4181,3.5544,9.4303,32.803,8.2975,-17.7835,-0.0934,0.327
1779816508418,2,Pitching Mound.Delivery,,Delivery,pitch.1,336769,13.7316,4.5121,76.9967,-94.3883,106.4722,4.1464,-0.1468,0.0941
1779816508418,2,Pitching Mound.Drive,,Delivery,pitch.1,337291,-0.0001,-0.0013,0.0171,0.0145,-0.0573,-0.0013,0.0,0.0
1779816508418,2,Pitching Mound.Parent,,Delivery,pitch.1,336476,13.7315,4.5108,77.0138,-94.3738,106.415,4.1451,-0.1468,0.0941
1779816508419,2,11.0000004b,Drive,Delivery,pitch.1,337292,0.0,-0.0015,0.0174,0.0157,-0.0578,0.0001,0.0,0.0
1779816508419,2,12.00000015,Lower Delivery,Delivery,pitch.1,337010,9.2745,1.0151,67.2076,-145.8512,97.5362,23.4543,-0.1541,-0.2304
1779816508419,2,12.00000018,Upper Delivery,Delivery,pitch.1,337566,4.3923,3.4946,9.3175,32.4902,8.3335,-17.5809,-0.095,0.327
1779816508419,2,Pitching Mound.Delivery,,Delivery,pitch.1,336770,13.6668,4.5098,76.5251,-93.6784,105.8698,4.2135,-0.1469,0.0947
1779816508419,2,Pitching Mound.Drive,,Delivery,pitch.1,337292,0.0,-0.0015,0.0174,0.0157,-0.0578,0.0001,0.0,0.0
1779816508419,2,Pitching Mound.Parent,,Delivery,pitch.1,336477,13.6668,4.5083,76.5425,-93.6626,105.812,4.2135,-0.1468,0.0947
1779816508420,2,11.0000004b,Drive,Delivery,pitch.1,337293,-0.0001,-0.0016,0.0176,0.0187,-0.0582,0.0004,0.0,0.0
1779816508420,2,12.00000015,Lower Delivery,Delivery,pitch.1,337011,9.2536,1.0641,66.9828,-145.2239,96.9956,23.3313,-0.1537,-0.2302
1779816508420,2,12.00000018,Upper Delivery,Delivery,pitch.1,337567,4.3662,3.4518,9.1198,31.5775,8.6586,-17.3295,-0.1008,0.327
1779816508420,2,Pitching Mound.Delivery,,Delivery,pitch.1,336771,13.6198,4.5159,76.1025,-93.973,105.6542,4.3401,-0.1474,0.0951
1779816508420,2,Pitching Mound.Drive,,Delivery,pitch.1,337293,-0.0001,-0.0016,0.0176,0.0187,-0.0582,0.0004,0.0,0.0
1779816508420,2,Pitching Mound.Parent,,Delivery,pitch.1,336478,13.6197,4.5143,76.1202,-93.9543,105.596,4.3404,-0.1474,0.0951
1779816508421,2,11.0000004b,Drive,Delivery,pitch.1,337294,-0.0002,-0.0017,0.0178,0.0209,-0.0562,0.0015,0.0,0.0
1779816508421,2,12.00000015,Lower Delivery,Delivery,pitch.1,337012,9.2202,1.1318,66.9209,-145.2392,96.9998,23.2236,-0.1539,-0.2304
1779816508421,2,12.00000018,Upper Delivery,Delivery,pitch.1,337568,4.3647,3.4026,8.8925,30.6059,9.0646,-17.148,-0.1082,0.327
1779816508421,2,Pitching Mound.Delivery,,Delivery,pitch.1,336772,13.5849,4.5344,75.8133,-94.9037,106.0644,4.4247,-0.1485,0.0952
1779816508421,2,Pitching Mound.Drive,,Delivery,pitch.1,337294,-0.0002,-0.0017,0.0178,0.0209,-0.0562,0.0015,0.0,0.0
1779816508421,2,Pitching Mound.Parent,,Delivery,pitch.1,336479,13.5847,4.5328,75.8311,-94.8828,106.0082,4.4262,-0.1485,0.0952
1779816508422,2,11.0000004b,Drive,Delivery,pitch.1,337295,-0.0006,-0.0018,0.0186,0.0229,-0.0576,0.0011,0.0,0.0
1779816508422,2,12.00000015,Lower Delivery,Delivery,pitch.1,337013,9.1681,1.1807,66.1052,-143.0077,95.3911,22.9939,-0.1532,-0.2297
1779816508422,2,12.00000018,Upper Delivery,Delivery,pitch.1,337569,4.3286,3.351,8.6088,29.6893,9.1826,-16.901,-0.1132,0.327
1779816508422,2,Pitching Mound.Delivery,,Delivery,pitch.1,336773,13.4967,4.5317,74.714,-93.7696,104.5737,4.4474,-0.1486,0.0961
1779816508422,2,Pitching Mound.Drive,,Delivery,pitch.1,337295,-0.0006,-0.0018,0.0186,0.0229,-0.0576,0.0011,0.0,0.0
1779816508422,2,Pitching Mound.Parent,,Delivery,pitch.1,336480,13.4961,4.5299,74.7326,-93.7467,104.5161,4.4485,-0.1486,0.0961
1779816508423,2,11.0000004b,Drive,Delivery,pitch.1,337296,-0.0006,-0.0013,0.0181,0.0217,-0.0581,0.0026,0.0,0.0
1779816508423,2,12.00000015,Lower Delivery,Delivery,pitch.1,337014,9.1484,1.2208,65.5749,-141.6476,94.2415,22.839,-0.1526,-0.2293
1779816508423,2,12.00000018,Upper Delivery,Delivery,pitch.1,337570,4.2943,3.3149,8.3839,28.8862,9.2604,-16.6337,-0.1173,0.327
1779816508423,2,Pitching Mound.Delivery,,Delivery,pitch.1,336774,13.4427,4.5357,73.9588,-93.3164,103.5019,4.555,-0.1486,0.0967
1779816508423,2,Pitching Mound.Drive,,Delivery,pitch.1,337296,-0.0006,-0.0013,0.0181,0.0217,-0.0581,0.0026,0.0,0.0
1779816508423,2,Pitching Mound.Parent,,Delivery,pitch.1,336481,13.4421,4.5344,73.9768,-93.2947,103.4438,4.5576,-0.1485,0.0966
1779816508424,2,11.0000004b,Drive,Delivery,pitch.1,337297,-0.0008,-0.0017,0.0189,0.0229,-0.0557,0.0043,0.0,0.0
1779816508424,2,12.00000015,Lower Delivery,Delivery,pitch.1,337015,9.1139,1.2841,65.2221,-140.8068,93.6433,22.6966,-0.1524,-0.2292
1779816508424,2,12.00000018,Upper Delivery,Delivery,pitch.1,337571,4.2452,3.2849,8.0994,27.9365,8.8234,-16.4296,-0.1157,0.327
1779816508424,2,Pitching Mound.Delivery,,Delivery,pitch.1,336775,13.3592,4.569,73.3215,-93.4485,102.4667,4.6116,-0.1484,0.0971
1779816508424,2,Pitching Mound.Drive,,Delivery,pitch.1,337297,-0.0008,-0.0017,0.0189,0.0229,-0.0557,0.0043,0.0,0.0
1779816508424,2,Pitching Mound.Parent,,Delivery,pitch.1,336482,13.3583,4.5673,73.3403,-93.4257,102.411,4.6159,-0.1483,0.0971
1779816508425,2,11.0000004b,Drive,Delivery,pitch.1,337298,-0.0007,-0.0018,0.0196,0.0256,-0.0539,0.0044,0.0,0.0
1779816508425,2,12.00000015,Lower Delivery,Delivery,pitch.1,337016,9.0902,1.3477,64.7973,-139.3682,92.9467,22.4964,-0.1523,-0.2283
1779816508425,2,12.00000018,Upper Delivery,Delivery,pitch.1,337572,4.1768,3.2652,7.8027,26.9844,8.4025,-16.1476,-0.1143,0.327
1779816508425,2,Pitching Mound.Delivery,,Delivery,pitch.1,336776,13.267,4.6129,72.6,-93.0057,101.3492,4.6782,-0.1482,0.0983
1779816508425,2,Pitching Mound.Drive,,Delivery,pitch.1,337298,-0.0007,-0.0018,0.0196,0.0256,-0.0539,0.0044,0.0,0.0
1779816508425,2,Pitching Mound.Parent,,Delivery,pitch.1,336483,13.2662,4.6111,72.6196,-92.98,101.2953,4.6825,-0.1482,0.0982
1779816508426,2,11.0000004b,Drive,Delivery,pitch.1,337299,-0.001,-0.0018,0.0205,0.0346,-0.0497,0.007,0.0,0.0
1779816508426,2,12.00000015,Lower Delivery,Delivery,pitch.1,337017,9.0748,1.4127,64.4498,-138.7078,92.7423,22.3449,-0.1528,-0.2285
1779816508426,2,12.00000018,Upper Delivery,Delivery,pitch.1,337573,4.127,3.2031,7.6299,26.6999,8.0526,-15.8723,-0.112,0.327
1779816508426,2,Pitching Mound.Delivery,,Delivery,pitch.1,336777,13.2019,4.6158,72.0798,-92.6891,100.7949,4.7904,-0.1485,0.0983
1779816508426,2,Pitching Mound.Drive,,Delivery,pitch.1,337299,-0.001,-0.0018,0.0205,0.0346,-0.0497,0.007,0.0,0.0
1779816508426,2,Pitching Mound.Parent,,Delivery,pitch.1,336484,13.2009,4.614,72.1003,-92.6545,100.7451,4.7974,-0.1484,0.0983
1779816508427,2,11.0000004b,Drive,Delivery,pitch.1,337300,-0.0007,-0.0009,0.0185,0.0288,-0.0512,0.0047,0.0,0.0
1779816508427,2,12.00000015,Lower Delivery,Delivery,pitch.1,337018,9.0456,1.4866,63.9766,-137.4094,92.2222,22.2,-0.153,-0.228
1779816508427,2,12.00000018,Upper Delivery,Delivery,pitch.1,337574,4.0682,3.1797,7.5323,25.9518,7.8192,-15.6284,-0.1102,0.327
1779816508427,2,Pitching Mound.Delivery,,Delivery,pitch.1,336778,13.1138,4.6664,71.5089,-92.2665,100.0414,4.8793,-0.1485,0.0988
1779816508427,2,Pitching Mound.Drive,,Delivery,pitch.1,337300,-0.0007,-0.0009,0.0185,0.0288,-0.0512,0.0047,0.0,0.0
1779816508427,2,Pitching Mound.Parent,,Delivery,pitch.1,336485,13.1131,4.6654,71.5274,-92.2377,99.9903,4.8839,-0.1485,0.0988
1779816508428,2,11.0000004b,Drive,Delivery,pitch.1,337301,-0.0011,-0.0025,0.0221,0.0349,-0.0483,0.0051,0.0,0.0
1779816508428,2,12.00000015,Lower Delivery,Delivery,pitch.1,337019,9.0317,1.5355,62.9026,-134.9475,90.8835,22.0639,-0.1534,-0.2278
1779816508428,2,12.00000018,Upper Delivery,Delivery,pitch.1,337575,4.0107,3.1467,7.2765,25.3891,7.5979,-15.3785,-0.1109,0.327
1779816508428,2,Pitching Mound.Delivery,,Delivery,pitch.1,336779,13.0423,4.6823,70.1791,-90.6456,98.4815,4.9782,-0.149,0.0993
1779816508428,2,Pitching Mound.Drive,,Delivery,pitch.1,337301,-0.0011,-0.0025,0.0221,0.0349,-0.0483,0.0051,0.0,0.0
1779816508428,2,Pitching Mound.Parent,,Delivery,pitch.1,336486,13.0412,4.6798,70.2012,-90.6107,98.4332,4.9834,-0.1489,0.0992
1779816508429,2,11.0000004b,Drive,Delivery,pitch.1,337302,-0.0007,-0.0022,0.0217,0.0301,-0.0468,0.0065,0.0,0.0
1779816508429,2,12.00000015,Lower Delivery,Delivery,pitch.1,337020,9.0327,1.6228,63.0317,-135.2651,91.3386,21.9724,-0.1538,-0.2278
1779816508429,2,12.00000018,Upper Delivery,Delivery,pitch.1,337576,3.9657,3.1087,7.0802,25.1914,7.4512,-15.1274,-0.1117,0.327
1779816508429,2,Pitching Mound.Delivery,,Delivery,pitch.1,336780,12.9984,4.7315,70.112,-91.0502,98.7898,5.1222,-0.1496,0.0995
1779816508429,2,Pitching Mound.Drive,,Delivery,pitch.1,337302,-0.0007,-0.0022,0.0217,0.0301,-0.0468,0.0065,0.0,0.0
1779816508429,2,Pitching Mound.Parent,,Delivery,pitch.1,336487,12.9976,4.7293,70.1336,-91.0201,98.743,5.1287,-0.1495,0.0995
1779816508430,2,11.0000004b,Drive,Delivery,pitch.1,337303,-0.0001,-0.0008,0.0174,0.0217,-0.0502,0.0059,0.0,0.0
1779816508430,2,12.00000015,Lower Delivery,Delivery,pitch.1,337021,9.0378,1.6862,62.7152,-134.3577,91.3465,21.7965,-0.1546,-0.2274
1779816508430,2,12.00000018,Upper Delivery,Delivery,pitch.1,337577,3.8926,3.0717,6.8215,24.6492,7.2487,-14.9179,-0.1128,0.327
1779816508430,2,Pitching Mound.Delivery,,Delivery,pitch.1,336781,12.9304,4.7579,69.5367,-90.7046,98.5952,5.1293,-0.1505,0.1002
1779816508430,2,Pitching Mound.Drive,,Delivery,pitch.1,337303,-0.0001,-0.0008,0.0174,0.0217,-0.0502,0.0059,0.0,0.0
1779816508430,2,Pitching Mound.Parent,,Delivery,pitch.1,336488,12.9304,4.757,69.5541,-90.6829,98.5449,5.1352,-0.1505,0.1002
1779816508431,2,11.0000004b,Drive,Delivery,pitch.1,337304,0.0003,-0.0005,0.0162,0.0172,-0.0498,0.0034,0.0,0.0
1779816508431,2,12.00000015,Lower Delivery,Delivery,pitch.1,337022,9.0427,1.7311,61.5068,-131.6817,89.7987,21.6302,-0.155,-0.2273
1779816508431,2,12.00000018,Upper Delivery,Delivery,pitch.1,337578,3.8332,3.0359,6.5894,24.0015,7.0845,-14.7169,-0.1141,0.327
1779816508431,2,Pitching Mound.Delivery,,Delivery,pitch.1,336782,12.876,4.767,68.0962,-89.0083,96.8832,5.1421,-0.151,0.1006
1779816508431,2,Pitching Mound.Drive,,Delivery,pitch.1,337304,0.0003,-0.0005,0.0162,0.0172,-0.0498,0.0034,0.0,0.0
1779816508431,2,Pitching Mound.Parent,,Delivery,pitch.1,336489,12.8762,4.7665,68.1124,-88.9911,96.8334,5.1455,-0.151,0.1005
1779816508432,2,11.0000004b,Drive,Delivery,pitch.1,337305,-0.0001,-0.0004,0.0165,0.0188,-0.0524,0.0043,0.0,0.0
1779816508432,2,12.00000015,Lower Delivery,Delivery,pitch.1,337023,9.0426,1.7863,60.8907,-130.3515,88.9124,21.5128,-0.155,-0.2273
1779816508432,2,12.00000018,Upper Delivery,Delivery,pitch.1,337579,3.7666,3.0012,6.3722,23.6368,6.8699,-14.5148,-0.1145,0.327
1779816508432,2,Pitching Mound.Delivery,,Delivery,pitch.1,336783,12.8091,4.7875,67.2629,-88.1784,95.7823,5.2041,-0.1512,0.1008
1779816508432,2,Pitching Mound.Drive,,Delivery,pitch.1,337305,-0.0001,-0.0004,0.0165,0.0188,-0.0524,0.0043,0.0,0.0
1779816508432,2,Pitching Mound.Parent,,Delivery,pitch.1,336490,12.8091,4.787,67.2793,-88.1596,95.7299,5.2085,-0.1511,0.1008
1779816508433,2,11.0000004b,Drive,Delivery,pitch.1,337306,0.0001,-0.0005,0.0166,0.0173,-0.0508,0.0033,0.0,0.0
1779816508433,2,12.00000015,Lower Delivery,Delivery,pitch.1,337024,9.0621,1.8518,60.5837,-129.7785,88.642,21.398,-0.1553,-0.2274
1779816508433,2,12.00000018,Upper Delivery,Delivery,pitch.1,337580,3.7208,2.9581,6.1746,23.08,6.8159,-14.3187,-0.1172,0.327
1779816508433,2,Pitching Mound.Delivery,,Delivery,pitch.1,336784,12.7829,4.8099,66.7583,-88.1994,95.4579,5.2633,-0.1518,0.101
1779816508433,2,Pitching Mound.Drive,,Delivery,pitch.1,337306,0.0001,-0.0005,0.0166,0.0173,-0.0508,0.0033,0.0,0.0
1779816508433,2,Pitching Mound.Parent,,Delivery,pitch.1,336491,12.783,4.8094,66.7749,-88.1821,95.407,5.2666,-0.1518,0.1009
1779816508434,2,11.0000004b,Drive,Delivery,pitch.1,337307,0.0004,-0.0006,0.0161,0.014,-0.0529,0.0016,0.0,0.0
1779816508434,2,12.00000015,Lower Delivery,Delivery,pitch.1,337025,9.0754,1.9201,60.2711,-128.9304,88.3038,21.2435,-0.1555,-0.2271
1779816508434,2,12.00000018,Upper Delivery,Delivery,pitch.1,337581,3.6568,2.9218,6.0291,22.4398,6.5633,-14.1394,-0.1156,0.327
1779816508434,2,Pitching Mound.Delivery,,Delivery,pitch.1,336785,12.7322,4.8419,66.3002,-88.0483,94.8671,5.2617,-0.1519,0.1015
1779816508434,2,Pitching Mound.Drive,,Delivery,pitch.1,337307,0.0004,-0.0006,0.0161,0.014,-0.0529,0.0016,0.0,0.0
1779816508434,2,Pitching Mound.Parent,,Delivery,pitch.1,336492,12.7326,4.8413,66.3163,-88.0343,94.8142,5.2634,-0.1519,0.1014
1779816508435,2,11.0000004b,Drive,Delivery,pitch.1,337308,0.0006,-0.0006,0.0156,0.0107,-0.0521,0.0006,0.0,0.0
1779816508435,2,12.00000015,Lower Delivery,Delivery,pitch.1,337026,9.0953,1.9874,59.787,-127.2634,87.4705,20.9845,-0.1553,-0.226
1779816508435,2,12.00000018,Upper Delivery,Delivery,pitch.1,337582,3.5931,2.8542,5.8584,21.8581,6.3776,-13.9584,-0.1156,0.327
1779816508435,2,Pitching Mound.Delivery,,Delivery,pitch.1,336786,12.6885,4.8416,65.6454,-87.0696,93.8481,5.1554,-0.1518,0.1027
1779816508435,2,Pitching Mound.Drive,,Delivery,pitch.1,337308,0.0006,-0.0006,0.0156,0.0107,-0.0521,0.0006,0.0,0.0
1779816508435,2,Pitching Mound.Parent,,Delivery,pitch.1,336493,12.689,4.841,65.661,-87.0589,93.796,5.1559,-0.1517,0.1027
1779816508436,2,11.0000004b,Drive,Delivery,pitch.1,337309,0.0007,-0.0008,0.0159,0.0111,-0.0547,0.0007,0.0,0.0
1779816508436,2,12.00000015,Lower Delivery,Delivery,pitch.1,337027,9.0943,2.029,59.324,-126.2926,87.0722,20.81,-0.1558,-0.226
1779816508436,2,12.00000018,Upper Delivery,Delivery,pitch.1,337583,3.562,2.8153,5.7429,21.4423,6.2034,-13.7709,-0.1147,0.327
1779816508436,2,Pitching Mound.Delivery,,Delivery,pitch.1,336787,12.6562,4.8443,65.0669,-86.6328,93.2756,5.1581,-0.1522,0.1028
1779816508436,2,Pitching Mound.Drive,,Delivery,pitch.1,337309,0.0007,-0.0008,0.0159,0.0111,-0.0547,0.0007,0.0,0.0
1779816508436,2,Pitching Mound.Parent,,Delivery,pitch.1,336494,12.6569,4.8435,65.0828,-86.6216,93.2209,5.1588,-0.1522,0.1028
1779816508437,2,11.0000004b,Drive,Delivery,pitch.1,337310,0.0004,-0.0009,0.0162,0.0113,-0.0544,-0.0021,0.0,0.0
1779816508437,2,12.00000015,Lower Delivery,Delivery,pitch.1,337028,9.0677,2.0863,58.9112,-125.0465,86.1989,20.6265,-0.1553,-0.2253
1779816508437,2,12.00000018,Upper Delivery,Delivery,pitch.1,337584,3.5099,2.7888,5.6832,21.1423,6.1703,-13.5654,-0.1153,0.327
1779816508437,2,Pitching Mound.Delivery,,Delivery,pitch.1,336788,12.5776,4.8751,64.5944,-85.8067,92.3692,5.1715,-0.1518,0.1034
1779816508437,2,Pitching Mound.Drive,,Delivery,pitch.1,337310,0.0004,-0.0009,0.0162,0.0113,-0.0544,-0.0021,0.0,0.0
1779816508437,2,Pitching Mound.Parent,,Delivery,pitch.1,336495,12.578,4.8741,64.6106,-85.7954,92.3148,5.1694,-0.1518,0.1034
1779816508438,2,11.0000004b,Drive,Delivery,pitch.1,337311,0.0003,-0.0011,0.0168,0.0117,-0.0561,-0.0007,0.0,0.0
1779816508438,2,12.00000015,Lower Delivery,Delivery,pitch.1,337029,9.0614,2.1435,58.4145,-123.5002,85.3807,20.372,-0.1552,-0.2244
1779816508438,2,12.00000018,Upper Delivery,Delivery,pitch.1,337585,3.4281,2.7611,5.566,21.0057,5.9777,-13.3527,-0.114,0.327
1779816508438,2,Pitching Mound.Delivery,,Delivery,pitch.1,336789,12.4895,4.9045,63.9805,-84.526,91.3583,5.104,-0.1516,0.1044
1779816508438,2,Pitching Mound.Drive,,Delivery,pitch.1,337311,0.0003,-0.0011,0.0168,0.0117,-0.0561,-0.0007,0.0,0.0
1779816508438,2,Pitching Mound.Parent,,Delivery,pitch.1,336496,12.4898,4.9034,63.9973,-84.5142,91.3022,5.1033,-0.1516,0.1043
1779816508439,2,11.0000004b,Drive,Delivery,pitch.1,337312,0.0004,-0.0011,0.0164,0.0124,-0.0571,-0.0003,0.0,0.0
1779816508439,2,12.00000015,Lower Delivery,Delivery,pitch.1,337030,9.0259,2.1873,57.8344,-122.067,84.5312,20.1189,-0.1552,-0.2241
1779816508439,2,12.00000018,Upper Delivery,Delivery,pitch.1,337586,3.3776,2.7017,5.4793,20.3851,5.7958,-13.1354,-0.1123,0.327
1779816508439,2,Pitching Mound.Delivery,,Delivery,pitch.1,336790,12.4035,4.889,63.3137,-83.8812,90.327,5.0631,-0.1515,0.1048
1779816508439,2,Pitching Mound.Drive,,Delivery,pitch.1,337312,0.0004,-0.0011,0.0164,0.0124,-0.0571,-0.0003,0.0,0.0
1779816508439,2,Pitching Mound.Parent,,Delivery,pitch.1,336497,12.4039,4.8879,63.3301,-83.8687,90.27,5.0628,-0.1514,0.1047
1779816508440,2,11.0000004b,Drive,Delivery,pitch.1,337313,0.0002,-0.001,0.0161,0.0134,-0.0596,0.0013,0.0,0.0
1779816508440,2,12.00000015,Lower Delivery,Delivery,pitch.1,337031,8.9966,2.2549,57.4313,-121.1388,84.1202,19.8877,-0.1555,-0.2239
1779816508440,2,12.00000018,Upper Delivery,Delivery,pitch.1,337587,3.308,2.6605,5.4204,19.6921,5.3163,-12.8845,-0.1041,0.327
1779816508440,2,Pitching Mound.Delivery,,Delivery,pitch.1,336791,12.3046,4.9154,62.8517,-83.763,89.4366,5.0691,-0.1511,0.1049
1779816508440,2,Pitching Mound.Drive,,Delivery,pitch.1,337313,0.0002,-0.001,0.0161,0.0134,-0.0596,0.0013,0.0,0.0
1779816508440,2,Pitching Mound.Parent,,Delivery,pitch.1,336498,12.3048,4.9143,62.8679,-83.7496,89.3769,5.0704,-0.151,0.1049
1779816508441,2,11.0000004b,Drive,Delivery,pitch.1,337314,-0.0001,-0.0013,0.0176,0.0136,-0.0584,-0.0001,0.0,0.0
1779816508441,2,12.00000015,Lower Delivery,Delivery,pitch.1,337032,8.9295,2.2816,56.5225,-118.5827,82.6491,19.5931,-0.1552,-0.2227
1779816508441,2,12.00000018,Upper Delivery,Delivery,pitch.1,337588,3.262,2.6173,5.3285,19.4549,5.2178,-12.6318,-0.104,0.327
1779816508441,2,Pitching Mound.Delivery,,Delivery,pitch.1,336792,12.1916,4.8989,61.851,-81.7219,87.8669,5.0343,-0.1508,0.1061
1779816508441,2,Pitching Mound.Drive,,Delivery,pitch.1,337314,-0.0001,-0.0013,0.0176,0.0136,-0.0584,-0.0001,0.0,0.0
1779816508441,2,Pitching Mound.Parent,,Delivery,pitch.1,336499,12.1915,4.8975,61.8686,-81.7083,87.8085,5.0342,-0.1508,0.106
1779816508442,2,11.0000004b,Drive,Delivery,pitch.1,337315,0.0001,-0.0011,0.0172,0.0122,-0.0544,0.003,0.0,0.0
1779816508442,2,12.00000015,Lower Delivery,Delivery,pitch.1,337033,8.8807,2.3735,56.9414,-119.9397,83.7592,19.4277,-0.1562,-0.2236
1779816508442,2,12.00000018,Upper Delivery,Delivery,pitch.1,337589,3.1898,2.6019,5.2183,18.9603,5.1048,-12.38,-0.1039,0.327
1779816508442,2,Pitching Mound.Delivery,,Delivery,pitch.1,336793,12.0705,4.9754,62.1597,-83.3935,88.8641,5.1128,-0.1518,0.1055
1779816508442,2,Pitching Mound.Drive,,Delivery,pitch.1,337315,0.0001,-0.0011,0.0172,0.0122,-0.0544,0.003,0.0,0.0
1779816508442,2,Pitching Mound.Parent,,Delivery,pitch.1,336500,12.0706,4.9742,62.1769,-83.3813,88.8096,5.1157,-0.1517,0.1055
1779816508443,2,11.0000004b,Drive,Delivery,pitch.1,337316,0.0002,-0.0009,0.0163,0.0128,-0.0548,0.0043,0.0,0.0
1779816508443,2,12.00000015,Lower Delivery,Delivery,pitch.1,337034,8.8292,2.3902,55.8792,-116.8173,81.7855,19.1219,-0.1554,-0.2219
1779816508443,2,12.00000018,Upper Delivery,Delivery,pitch.1,337590,3.1231,2.5345,5.0838,18.6327,4.9296,-12.114,-0.1029,0.327
1779816508443,2,Pitching Mound.Delivery,,Delivery,pitch.1,336794,11.9522,4.9247,60.9629,-80.9142,86.7151,5.0679,-0.151,0.1071
1779816508443,2,Pitching Mound.Drive,,Delivery,pitch.1,337316,0.0002,-0.0009,0.0163,0.0128,-0.0548,0.0043,0.0,0.0
1779816508443,2,Pitching Mound.Parent,,Delivery,pitch.1,336501,11.9524,4.9238,60.9792,-80.9014,86.6603,5.0721,-0.151,0.1071
1779816508444,2,11.0000004b,Drive,Delivery,pitch.1,337317,0.0003,-0.0009,0.0163,0.0138,-0.0543,0.0037,0.0,0.0
1779816508444,2,12.00000015,Lower Delivery,Delivery,pitch.1,337035,8.7789,2.4815,56.1734,-118.1423,83.0665,18.9007,-0.157,-0.2233
1779816508444,2,12.00000018,Upper Delivery,Delivery,pitch.1,337591,3.0676,2.4917,4.9656,18.3091,4.9623,-11.8874,-0.1061,0.327
1779816508444,2,Pitching Mound.Delivery,,Delivery,pitch.1,336795,11.8465,4.9732,61.1389,-82.4225,88.0288,5.0714,-0.1529,0.1062
1779816508444,2,Pitching Mound.Drive,,Delivery,pitch.1,337317,0.0003,-0.0009,0.0163,0.0138,-0.0543,0.0037,0.0,0.0
1779816508444,2,Pitching Mound.Parent,,Delivery,pitch.1,336502,11.8468,4.9722,61.1552,-82.4087,87.9745,5.0751,-0.1528,0.1062
1779816508445,2,11.0000004b,Drive,Delivery,pitch.1,337318,0.0002,-0.0008,0.0155,0.0121,-0.0564,0.0047,0.0,0.0
1779816508445,2,12.00000015,Lower Delivery,Delivery,pitch.1,337036,8.7258,2.4583,54.3227,-112.8629,79.1454,18.6971,-0.1547,-0.2206
1779816508445,2,12.00000018,Upper Delivery,Delivery,pitch.1,337592,2.9838,2.453,4.817,17.9362,4.883,-11.6623,-0.1076,0.327
1779816508445,2,Pitching Mound.Delivery,,Delivery,pitch.1,336796,11.7096,4.9113,59.1397,-78.0947,84.0285,5.0825,-0.1508,0.1086
1779816508445,2,Pitching Mound.Drive,,Delivery,pitch.1,337318,0.0002,-0.0008,0.0155,0.0121,-0.0564,0.0047,0.0,0.0
1779816508445,2,Pitching Mound.Parent,,Delivery,pitch.1,336503,11.7099,4.9105,59.1552,-78.0825,83.972,5.0872,-0.1508,0.1086
1779816508446,2,11.0000004b,Drive,Delivery,pitch.1,337319,-0.0001,-0.0007,0.0159,0.0134,-0.0574,0.0065,0.0,0.0
1779816508446,2,12.00000015,Lower Delivery,Delivery,pitch.1,337037,8.6951,2.5357,54.5199,-113.8824,79.9535,18.5083,-0.1557,-0.2218
1779816508446,2,12.00000018,Upper Delivery,Delivery,pitch.1,337593,2.9454,2.3877,4.6622,17.645,4.6819,-11.4546,-0.1066,0.327
1779816508446,2,Pitching Mound.Delivery,,Delivery,pitch.1,336797,11.6405,4.9234,59.1821,-79.2858,84.6354,5.0987,-0.1518,0.1079
1779816508446,2,Pitching Mound.Drive,,Delivery,pitch.1,337319,-0.0001,-0.0007,0.0159,0.0134,-0.0574,0.0065,0.0,0.0
1779816508446,2,Pitching Mound.Parent,,Delivery,pitch.1,336504,11.6405,4.9227,59.198,-79.2724,84.578,5.1053,-0.1518,0.1079
1779816508447,2,11.0000004b,Drive,Delivery,pitch.1,337320,0.0,-0.0005,0.0149,0.0123,-0.0569,0.0052,0.0,0.0
1779816508447,2,12.00000015,Lower Delivery,Delivery,pitch.1,337038,8.6512,2.5887,53.8705,-112.0818,78.5664,18.343,-0.1548,-0.2209
1779816508447,2,12.00000018,Upper Delivery,Delivery,pitch.1,337594,2.8576,2.3438,4.4928,17.1328,4.5332,-11.228,-0.1071,0.327
1779816508447,2,Pitching Mound.Delivery,,Delivery,pitch.1,336798,11.5087,4.9325,58.3633,-78.1606,83.0995,5.1452,-0.1512,0.109
1779816508447,2,Pitching Mound.Drive,,Delivery,pitch.1,337320,0.0,-0.0005,0.0149,0.0123,-0.0569,0.0052,0.0,0.0
1779816508447,2,Pitching Mound.Parent,,Delivery,pitch.1,336505,11.5087,4.932,58.3781,-78.1483,83.0427,5.1503,-0.1511,0.1089
1779816508448,2,11.0000004b,Drive,Delivery,pitch.1,337321,0.0001,-0.0006,0.015,0.0113,-0.0566,0.0053,0.0,0.0
1779816508448,2,12.00000015,Lower Delivery,Delivery,pitch.1,337039,8.6164,2.6023,52.9742,-109.3299,77.1004,18.0665,-0.1545,-0.2191
1779816508448,2,12.00000018,Upper Delivery,Delivery,pitch.1,337595,2.8206,2.2805,4.3833,17.1714,4.4036,-11.0298,-0.1067,0.327
1779816508448,2,Pitching Mound.Delivery,,Delivery,pitch.1,336799,11.4371,4.8828,57.3574,-75.6376,81.504,5.0661,-0.1509,0.1107
1779816508448,2,Pitching Mound.Drive,,Delivery,pitch.1,337321,0.0001,-0.0006,0.015,0.0113,-0.0566,0.0053,0.0,0.0
1779816508448,2,Pitching Mound.Parent,,Delivery,pitch.1,336506,11.4372,4.8822,57.3724,-75.6263,81.4474,5.0715,-0.1508,0.1106
1779816508449,2,11.0000004b,Drive,Delivery,pitch.1,337322,-0.0002,-0.0008,0.0156,0.0141,-0.0579,0.0063,0.0,0.0
1779816508449,2,12.00000015,Lower Delivery,Delivery,pitch.1,337040,8.5885,2.6789,52.999,-109.9071,77.4719,17.929,-0.1552,-0.2202
1779816508449,2,12.00000018,Upper Delivery,Delivery,pitch.1,337596,2.7432,2.2458,4.2354,16.7054,4.2833,-10.8027,-0.1074,0.327
1779816508449,2,Pitching Mound.Delivery,,Delivery,pitch.1,336800,11.3317,4.9246,57.2344,-76.622,81.7552,5.1388,-0.1516,0.11
1779816508449,2,Pitching Mound.Drive,,Delivery,pitch.1,337322,-0.0002,-0.0008,0.0156,0.0141,-0.0579,0.0063,0.0,0.0
1779816508449,2,Pitching Mound.Parent,,Delivery,pitch.1,336507,11.3314,4.9238,57.2501,-76.608,81.6973,5.1452,-0.1516,0.11
1779816508450,2,11.0000004b,Drive,Delivery,pitch.1,337323,-0.0011,-0.0038,0.022,0.0138,-0.057,0.0049,0.0,0.0
1779816508450,2,12.00000015,Lower Delivery,Delivery,pitch.1,337041,8.5682,2.7189,52.3162,-107.5619,76.0579,17.6747,-0.1543,-0.2183
1779816508450,2,12.00000018,Upper Delivery,Delivery,pitch.1,337597,2.6871,2.2023,4.0725,16.6273,4.3146,-10.6163,-0.1125,0.327
1779816508450,2,Pitching Mound.Delivery,,Delivery,pitch.1,336801,11.2553,4.9213,56.3887,-74.5318,80.3725,5.0589,-0.1513,0.112
1779816508450,2,Pitching Mound.Drive,,Delivery,pitch.1,337323,-0.0011,-0.0038,0.022,0.0138,-0.057,0.0049,0.0,0.0
1779816508450,2,Pitching Mound.Parent,,Delivery,pitch.1,336508,11.2542,4.9174,56.4107,-74.518,80.3155,5.0637,-0.1513,0.112
1779816508451,2,11.0000004b,Drive,Delivery,pitch.1,337324,0.0,-0.001,0.0158,0.0114,-0.0541,0.0026,0.0,0.0
1779816508451,2,12.00000015,Lower Delivery,Delivery,pitch.1,337042,8.5443,2.7837,51.9899,-106.7384,75.6477,17.4585,-0.1545,-0.218
1779816508451,2,12.00000018,Upper Delivery,Delivery,pitch.1,337598,2.5949,2.1274,3.935,16.0933,4.3753,-10.4143,-0.118,0.327
1779816508451,2,Pitching Mound.Delivery,,Delivery,pitch.1,336802,11.1393,4.9111,55.9249,-74.3064,80.0231,5.0214,-0.1519,0.1125
1779816508451,2,Pitching Mound.Drive,,Delivery,pitch.1,337324,0.0,-0.001,0.0158,0.0114,-0.0541,0.0026,0.0,0.0
1779816508451,2,Pitching Mound.Parent,,Delivery,pitch.1,336509,11.1392,4.91,55.9408,-74.295,79.969,5.0241,-0.1519,0.1125
1779816508452,2,11.0000004b,Drive,Delivery,pitch.1,337325,-0.0004,-0.0016,0.0169,0.0101,-0.0567,0.0031,0.0,0.0
1779816508452,2,12.00000015,Lower Delivery,Delivery,pitch.1,337043,8.5386,2.8464,51.6678,-105.5707,74.986,17.267,-0.1541,-0.2169
1779816508452,2,12.00000018,Upper Delivery,Delivery,pitch.1,337599,2.5117,2.0954,3.8288,15.5195,4.4064,-10.2098,-0.1222,0.327
1779816508452,2,Pitching Mound.Delivery,,Delivery,pitch.1,336803,11.0503,4.9418,55.4966,-73.7859,79.3924,5.0081,-0.1519,0.1137
1779816508452,2,Pitching Mound.Drive,,Delivery,pitch.1,337325,-0.0004,-0.0016,0.0169,0.0101,-0.0567,0.0031,0.0,0.0
1779816508452,2,Pitching Mound.Parent,,Delivery,pitch.1,336510,11.0499,4.9401,55.5135,-73.7757,79.3357,5.0112,-0.1518,0.1137
1779816508453,2,11.0000004b,Drive,Delivery,pitch.1,337326,-0.0009,-0.0027,0.0194,0.0128,-0.0562,0.0046,0.0,0.0
1779816508453,2,12.00000015,Lower Delivery,Delivery,pitch.1,337044,8.5175,2.9024,51.2031,-104.2469,74.1506,17.0454,-0.1537,-0.2161
1779816508453,2,12.00000018,Upper Delivery,Delivery,pitch.1,337600,2.4528,2.0142,3.7276,15.1709,4.3745,-10.015,-0.1246,0.327
1779816508453,2,Pitching Mound.Delivery,,Delivery,pitch.1,336804,10.9704,4.9166,54.9307,-72.9343,78.5251,4.9684,-0.1518,0.1146
1779816508453,2,Pitching Mound.Drive,,Delivery,pitch.1,337326,-0.0009,-0.0027,0.0194,0.0128,-0.0562,0.0046,0.0,0.0
1779816508453,2,Pitching Mound.Parent,,Delivery,pitch.1,336511,10.9694,4.9139,54.9502,-72.9215,78.4689,4.973,-0.1517,0.1145
1779816508454,2,11.0000004b,Drive,Delivery,pitch.1,337327,-0.0004,-0.001,0.0162,0.0138,-0.0558,0.0067,0.0,0.0
1779816508454,2,12.00000015,Lower Delivery,Delivery,pitch.1,337045,8.4883,2.9205,50.4453,-101.7485,72.5491,16.8672,-0.1527,-0.2141
1779816508454,2,12.00000018,Upper Delivery,Delivery,pitch.1,337601,2.3323,1.9556,3.5596,14.2453,4.2857,-9.8314,-0.1278,0.327
1779816508454,2,Pitching Mound.Delivery,,Delivery,pitch.1,336805,10.8206,4.8761,54.0049,-71.5621,76.8348,4.9427,-0.151,0.1167
1779816508454,2,Pitching Mound.Drive,,Delivery,pitch.1,337327,-0.0004,-0.001,0.0162,0.0138,-0.0558,0.0067,0.0,0.0
1779816508454,2,Pitching Mound.Parent,,Delivery,pitch.1,336512,10.8201,4.8751,54.021,-71.5483,76.779,4.9495,-0.151,0.1167
1779816508455,2,11.0000004b,Drive,Delivery,pitch.1,337329,-0.0007,-0.002,0.0196,0.0253,-0.048,0.0065,0.0,0.0
1779816508455,2,11.0000004b,Drive,Delivery,pitch.1,337328,-0.0008,-0.0024,0.0195,0.0199,-0.0506,0.0063,0.0,0.0
1779816508455,2,12.00000015,Lower Delivery,Delivery,pitch.1,337046,8.4871,2.9836,50.2613,-101.2957,72.4048,16.6838,-0.1529,-0.214
1779816508455,2,12.00000018,Upper Delivery,Delivery,pitch.1,337602,2.2459,1.9108,3.4419,13.7728,4.4409,-9.616,-0.137,0.327
1779816508455,2,Pitching Mound.Delivery,,Delivery,pitch.1,336806,10.733,4.8944,53.7031,-71.6042,76.8456,4.9458,-0.1519,0.1171
1779816508455,2,Pitching Mound.Drive,,Delivery,pitch.1,337329,-0.0007,-0.002,0.0196,0.0253,-0.048,0.0065,0.0,0.0
1779816508455,2,Pitching Mound.Drive,,Delivery,pitch.1,337328,-0.0008,-0.0024,0.0195,0.0199,-0.0506,0.0063,0.0,0.0
1779816508455,2,Pitching Mound.Parent,,Delivery,pitch.1,336513,10.7322,4.8919,53.7227,-71.5843,76.795,4.9521,-0.1519,0.1171
1779816508456,2,11.0000004b,Drive,Delivery,pitch.1,337330,-0.0005,-0.001,0.0183,0.039,-0.0427,0.0075,0.0,0.0
1779816508456,2,12.00000015,Lower Delivery,Delivery,pitch.1,337047,8.4578,3.0124,49.7682,-100.1405,71.5912,16.5237,-0.1527,-0.2136
1779816508456,2,12.00000018,Upper Delivery,Delivery,pitch.1,337603,2.1851,1.8637,3.3103,13.4347,4.2883,-9.4292,-0.1375,0.327
1779816508456,2,Pitching Mound.Delivery,,Delivery,pitch.1,336807,10.6428,4.8761,53.0785,-70.9101,75.8795,4.9618,-0.1518,0.1177
1779816508456,2,Pitching Mound.Drive,,Delivery,pitch.1,337330,-0.0005,-0.001,0.0183,0.039,-0.0427,0.0075,0.0,0.0
1779816508456,2,Pitching Mound.Parent,,Delivery,pitch.1,336514,10.6421,4.8741,53.0981,-70.8847,75.8315,4.9683,-0.1517,0.1177
1779816508457,2,12.00000015,Lower Delivery,Delivery,pitch.1,337048,8.4313,3.0549,49.2129,-98.2995,70.6416,16.2661,-0.1524,-0.2121
1779816508457,2,12.00000018,Upper Delivery,Delivery,pitch.1,337604,2.0962,1.8382,3.1921,13.1892,4.5188,-9.1971,-0.1503,0.327
1779816508457,2,Pitching Mound.Delivery,,Delivery,pitch.1,336808,10.5275,4.893,52.405,-69.4633,75.1604,4.9151,-0.1523,0.1194
1779816508457,2,Pitching Mound.Parent,,Delivery,pitch.1,336515,10.527,4.892,52.4233,-69.4243,75.1177,4.9227,-0.1522,0.1193
1779816508458,2,11.0000004b,Drive,Delivery,pitch.1,337331,-0.0004,-0.0009,0.0179,0.0361,-0.0429,0.0092,0.0,0.0
1779816508458,2,12.00000015,Lower Delivery,Delivery,pitch.1,337049,8.3822,3.045,48.5219,-95.8733,69.0624,16.0418,-0.1511,-0.2098
1779816508458,2,12.00000018,Upper Delivery,Delivery,pitch.1,337605,2.0156,1.7721,3.1527,12.6206,4.4938,-9.0012,-0.1513,0.327
1779816508458,2,Pitching Mound.Delivery,,Delivery,pitch.1,336809,10.3979,4.8171,51.6747,-67.8272,73.5563,4.876,-0.1511,0.1215
1779816508458,2,Pitching Mound.Drive,,Delivery,pitch.1,337331,-0.0004,-0.0009,0.0179,0.0361,-0.0429,0.0092,0.0,0.0
1779816508458,2,Pitching Mound.Parent,,Delivery,pitch.1,336516,10.3974,4.8162,51.6926,-67.7911,73.5134,4.8852,-0.1511,0.1215
1779816508459,2,11.0000004b,Drive,Delivery,pitch.1,337332,-0.0007,-0.0011,0.0182,0.0404,-0.0416,0.0099,0.0,0.0
1779816508459,2,12.00000015,Lower Delivery,Delivery,pitch.1,337050,8.2858,3.1034,48.229,-95.3393,68.9834,15.7138,-0.1518,-0.2099
1779816508459,2,12.00000018,Upper Delivery,Delivery,pitch.1,337606,1.9773,1.7227,3.0704,12.5835,4.4567,-8.8384,-0.1541,0.327
1779816508459,2,Pitching Mound.Delivery,,Delivery,pitch.1,336810,10.263,4.8261,51.2994,-67.4019,73.4401,4.7305,-0.152,0.1216
1779816508459,2,Pitching Mound.Drive,,Delivery,pitch.1,337332,-0.0007,-0.0011,0.0182,0.0404,-0.0416,0.0099,0.0,0.0
1779816508459,2,Pitching Mound.Parent,,Delivery,pitch.1,336517,10.2623,4.825,51.3176,-67.3615,73.3985,4.7404,-0.1519,0.1215
1779816508460,2,11.0000004b,Drive,Delivery,pitch.1,337333,-0.0008,-0.0009,0.0185,0.0377,-0.0432,0.0119,0.0,0.0
1779816508460,2,11.0000004b,Drive,Delivery,pitch.1,337334,-0.0006,-0.0007,0.0179,0.03,-0.0435,0.0107,0.0,0.0
1779816508460,2,12.00000015,Lower Delivery,Delivery,pitch.1,337051,8.2519,3.21,48.2523,-95.8055,69.635,15.4383,-0.1532,-0.2108
1779816508460,2,12.00000018,Upper Delivery,Delivery,pitch.1,337607,1.9556,1.6658,2.9958,12.5014,4.4696,-8.7052,-0.1584,0.327
1779816508460,2,Pitching Mound.Delivery,,Delivery,pitch.1,336811,10.2075,4.8758,51.2481,-67.9169,74.1046,4.5923,-0.1535,0.1209
1779816508460,2,Pitching Mound.Drive,,Delivery,pitch.1,337333,-0.0008,-0.0009,0.0185,0.0377,-0.0432,0.0119,0.0,0.0
1779816508460,2,Pitching Mound.Drive,,Delivery,pitch.1,337334,-0.0006,-0.0007,0.0179,0.03,-0.0435,0.0107,0.0,0.0
1779816508460,2,Pitching Mound.Parent,,Delivery,pitch.1,336518,10.2067,4.875,51.2665,-67.8792,74.0614,4.6042,-0.1535,0.1209
1779816508461,2,12.00000015,Lower Delivery,Delivery,pitch.1,337052,8.1579,3.1302,47.2387,-92.3817,67.19,15.2014,-0.151,-0.2076
1779816508461,2,12.00000018,Upper Delivery,Delivery,pitch.1,337608,1.9203,1.6114,2.9485,12.2933,4.2441,-8.4567,-0.1528,0.327
1779816508461,2,Pitching Mound.Delivery,,Delivery,pitch.1,336812,10.0782,4.7417,50.1872,-65.0297,71.434,4.6238,-0.1511,0.1238
1779816508461,2,Pitching Mound.Parent,,Delivery,pitch.1,336519,10.0776,4.741,50.2051,-64.9997,71.3906,4.6345,-0.1511,0.1238
1779816508462,2,11.0000004b,Drive,Delivery,pitch.1,337335,-0.0007,-0.0005,0.0177,0.0225,-0.0411,0.0089,0.0,0.0
1779816508462,2,11.0000004b,Drive,Delivery,pitch.1,337336,-0.0006,-0.0007,0.0182,0.0258,-0.0418,0.0133,0.0,0.0
1779816508462,2,12.00000015,Lower Delivery,Delivery,pitch.1,337053,8.088,3.2179,47.0236,-92.1354,67.4118,14.8795,-0.1522,-0.208
1779816508462,2,12.00000018,Upper Delivery,Delivery,pitch.1,337609,1.8799,1.5597,2.8384,12.0941,4.1043,-8.2889,-0.1535,0.327
1779816508462,2,Pitching Mound.Delivery,,Delivery,pitch.1,336813,9.9679,4.7776,49.862,-65.0183,71.5162,4.4799,-0.1523,0.1237
1779816508462,2,Pitching Mound.Drive,,Delivery,pitch.1,337335,-0.0007,-0.0005,0.0177,0.0225,-0.0411,0.0089,0.0,0.0
1779816508462,2,Pitching Mound.Drive,,Delivery,pitch.1,337336,-0.0006,-0.0007,0.0182,0.0258,-0.0418,0.0133,0.0,0.0
1779816508462,2,Pitching Mound.Parent,,Delivery,pitch.1,336520,9.9672,4.7771,49.8797,-64.9958,71.475,4.4887,-0.1522,0.1237
1779816508463,2,11.0000004b,Drive,Delivery,pitch.1,337337,-0.0004,-0.0008,0.0184,0.0201,-0.043,0.0154,0.0,0.0
1779816508463,2,12.00000015,Lower Delivery,Delivery,pitch.1,337054,7.9812,3.3228,47.0143,-92.188,67.6781,14.5234,-0.1528,-0.2082
1779816508463,2,12.00000018,Upper Delivery,Delivery,pitch.1,337610,1.8127,1.4824,2.6363,11.8348,3.9346,-8.0981,-0.1584,0.327
1779816508463,2,Pitching Mound.Delivery,,Delivery,pitch.1,336814,9.7938,4.8053,49.6506,-65.2646,71.6127,4.3281,-0.1531,0.1241
1779816508463,2,Pitching Mound.Drive,,Delivery,pitch.1,337337,-0.0004,-0.0008,0.0184,0.0201,-0.043,0.0154,0.0,0.0
1779816508463,2,Pitching Mound.Parent,,Delivery,pitch.1,336521,9.7932,4.8046,49.6688,-65.2388,71.5709,4.3414,-0.1531,0.1241
1779816508464,2,11.0000004b,Drive,Delivery,pitch.1,337338,-0.0008,-0.0011,0.0192,0.0224,-0.0452,0.0158,0.0,0.0
1779816508464,2,12.00000015,Lower Delivery,Delivery,pitch.1,337055,7.889,3.3451,46.6004,-90.4646,66.4465,14.2235,-0.1514,-0.2061
1779816508464,2,12.00000015,Lower Delivery,Delivery,pitch.1,337056,7.7706,3.3888,46.3127,-89.5768,66.0309,13.8622,-0.1514,-0.2053
1779816508464,2,12.00000018,Upper Delivery,Delivery,pitch.1,337611,1.7644,1.4163,2.5525,11.4517,3.839,-7.9357,-0.1597,0.327
1779816508464,2,Pitching Mound.Delivery,,Delivery,pitch.1,336815,9.6534,4.7614,49.1529,-64.0367,70.2854,4.2054,-0.1518,0.1263
1779816508464,2,Pitching Mound.Drive,,Delivery,pitch.1,337338,-0.0008,-0.0011,0.0192,0.0224,-0.0452,0.0158,0.0,0.0
1779816508464,2,Pitching Mound.Parent,,Delivery,pitch.1,336522,9.653,4.7606,49.1712,-64.0166,70.2424,4.2208,-0.1517,0.1262
1779816508465,2,11.0000004b,Drive,Delivery,pitch.1,337339,-0.0006,-0.0014,0.019,0.0184,-0.0455,0.0131,0.0,0.0
1779816508465,2,12.00000015,Lower Delivery,Delivery,pitch.1,337057,7.6561,3.4187,45.7759,-87.7282,64.2677,13.654,-0.149,-0.2035
1779816508465,2,12.00000018,Upper Delivery,Delivery,pitch.1,337612,1.7451,1.3863,2.465,11.3162,3.6835,-7.7476,-0.1586,0.327
1779816508465,2,Pitching Mound.Delivery,,Delivery,pitch.1,336816,9.5157,4.7751,48.7777,-63.3524,69.7144,4.066,-0.1517,0.1272
1779816508465,2,Pitching Mound.Drive,,Delivery,pitch.1,337339,-0.0006,-0.0014,0.019,0.0184,-0.0455,0.0131,0.0,0.0
1779816508465,2,Pitching Mound.Parent,,Delivery,pitch.1,336523,9.5149,4.774,48.7968,-63.3299,69.6691,4.0818,-0.1517,0.1272
1779816508466,2,11.0000004b,Drive,Delivery,pitch.1,337340,-0.0004,-0.0013,0.0181,0.0168,-0.0422,0.0117,0.0,0.0
1779816508466,2,12.00000018,Upper Delivery,Delivery,pitch.1,337613,1.7343,1.3343,2.4145,11.1076,3.5689,-7.5762,-0.1569,0.327
1779816508466,2,Pitching Mound.Delivery,,Delivery,pitch.1,336817,9.3904,4.753,48.1904,-61.8777,67.8366,4.0644,-0.1494,0.1291
1779816508466,2,Pitching Mound.Drive,,Delivery,pitch.1,337340,-0.0004,-0.0013,0.0181,0.0168,-0.0422,0.0117,0.0,0.0
1779816508466,2,Pitching Mound.Parent,,Delivery,pitch.1,336524,9.3898,4.7515,48.2094,-61.8593,67.7911,4.0774,-0.1494,0.129
1779816508467,2,11.0000004b,Drive,Delivery,pitch.1,337341,-0.0002,-0.0013,0.0176,0.0173,-0.0433,0.0092,0.0,0.0
1779816508467,2,12.00000015,Lower Delivery,Delivery,pitch.1,337058,7.4982,3.457,45.3984,-86.0503,63.4414,13.1874,-0.1484,-0.2012
1779816508467,2,12.00000015,Lower Delivery,Delivery,pitch.1,337059,7.3906,3.4436,44.7398,-83.4298,61.6542,12.8681,-0.1463,-0.198
1779816508467,2,12.00000018,Upper Delivery,Delivery,pitch.1,337614,1.6766,1.2833,2.2793,10.8143,3.5472,-7.3917,0.0,0.0
1779816508467,2,Pitching Mound.Delivery,,Delivery,pitch.1,336818,9.1748,4.7403,47.6777,-60.5754,66.9887,3.8164,-0.1413,0.1159
1779816508467,2,Pitching Mound.Drive,,Delivery,pitch.1,337341,-0.0002,-0.0013,0.0176,0.0173,-0.0433,0.0092,0.0,0.0
1779816508467,2,Pitching Mound.Parent,,Delivery,pitch.1,336525,9.1743,4.739,47.6958,-60.5586,66.9464,3.8281,-0.1412,0.1158
1779816508468,2,11.0000004b,Drive,Delivery,pitch.1,337342,0.0,-0.0012,0.0169,0.015,-0.0446,0.0057,0.0,0.0
1779816508468,2,12.00000018,Upper Delivery,Delivery,pitch.1,337615,1.6301,1.2032,2.1744,10.6358,3.3559,-7.2011,0.0,0.0
1779816508468,2,Pitching Mound.Delivery,,Delivery,pitch.1,336819,9.0206,4.6468,46.9142,-58.3218,65.0101,3.7084,-0.1395,0.1197
1779816508468,2,Pitching Mound.Drive,,Delivery,pitch.1,337342,0.0,-0.0012,0.0169,0.015,-0.0446,0.0057,0.0,0.0
1779816508468,2,Pitching Mound.Parent,,Delivery,pitch.1,336526,9.0204,4.6455,46.9318,-58.3045,64.9668,3.7177,-0.1395,0.1196
1779816508469,2,11.0000004b,Drive,Delivery,pitch.1,337343,0.0001,-0.001,0.0161,0.0127,-0.0426,0.0044,0.0,0.0
1779816508469,2,12.00000015,Lower Delivery,Delivery,pitch.1,337061,7.1464,3.5819,44.1518,-81.4912,60.5539,12.1116,-0.1456,-0.1959
1779816508469,2,12.00000015,Lower Delivery,Delivery,pitch.1,337060,7.2797,3.5236,44.625,-83.0203,61.299,12.544,-0.1458,-0.1975
1779816508469,2,12.00000018,Upper Delivery,Delivery,pitch.1,337616,1.6053,1.1916,2.0518,10.6035,2.9992,-7.0678,0.0,0.0
1779816508469,2,Pitching Mound.Delivery,,Delivery,pitch.1,336820,8.885,4.7151,46.6767,-57.942,64.2983,3.547,-0.1394,0.1213
1779816508469,2,Pitching Mound.Drive,,Delivery,pitch.1,337343,0.0001,-0.001,0.0161,0.0127,-0.0426,0.0044,0.0,0.0
1779816508469,2,Pitching Mound.Parent,,Delivery,pitch.1,336527,8.8851,4.7139,46.6936,-57.927,64.2537,3.5527,-0.1394,0.1212
1779816508470,2,11.0000004b,Drive,Delivery,pitch.1,337344,0.0001,-0.0011,0.0163,0.0128,-0.0414,0.0009,0.0,0.0
1779816508470,2,12.00000015,Lower Delivery,Delivery,pitch.1,337062,7.0222,3.6639,43.7495,-80.5193,60.2191,11.636,-0.1461,-0.1954
1779816508470,2,12.00000018,Upper Delivery,Delivery,pitch.1,337617,1.5504,1.1579,1.9778,10.3124,2.5906,-6.8825,0.0,0.0
1779816508470,2,Pitching Mound.Delivery,,Delivery,pitch.1,336821,8.6968,4.7398,46.1296,-56.8396,63.1446,3.3264,-0.1394,0.1233
1779816508470,2,Pitching Mound.Drive,,Delivery,pitch.1,337344,0.0001,-0.0011,0.0163,0.0128,-0.0414,0.0009,0.0,0.0
1779816508470,2,Pitching Mound.Parent,,Delivery,pitch.1,336528,8.6969,4.7388,46.1457,-56.8269,63.102,3.3308,-0.1393,0.1233
1779816508471,2,11.0000004b,Drive,Delivery,pitch.1,337345,0.0001,-0.0013,0.017,0.0141,-0.0422,0.0014,0.0,0.0
1779816508471,2,12.00000015,Lower Delivery,Delivery,pitch.1,337063,6.9441,3.7769,43.6878,-80.5369,60.7419,11.1345,-0.1476,-0.1957
1779816508471,2,12.00000018,Upper Delivery,Delivery,pitch.1,337618,1.499,1.1038,1.8316,9.7545,3.0221,-6.697,0.0,0.0
1779816508471,2,Pitching Mound.Delivery,,Delivery,pitch.1,336822,8.5212,4.7677,45.5811,-56.5127,63.2412,3.0611,-0.1403,0.1251
1779816508471,2,Pitching Mound.Drive,,Delivery,pitch.1,337345,0.0001,-0.0013,0.017,0.0141,-0.0422,0.0014,0.0,0.0
1779816508471,2,Pitching Mound.Parent,,Delivery,pitch.1,336529,8.5213,4.7666,45.5974,-56.4999,63.1998,3.062,-0.1402,0.1251
1779816508472,2,11.0000004b,Drive,Delivery,pitch.1,337346,0.0,-0.0015,0.0176,0.0139,-0.0411,-0.0007,0.0,0.0
1779816508472,2,12.00000015,Lower Delivery,Delivery,pitch.1,337064,6.883,3.7411,42.9295,-77.7831,58.6409,10.9625,-0.145,-0.1924
1779816508472,2,12.00000018,Upper Delivery,Delivery,pitch.1,337619,1.4609,1.0579,1.6899,9.6533,2.8641,-6.5788,0.0,0.0
1779816508472,2,Pitching Mound.Delivery,,Delivery,pitch.1,336823,8.405,4.8348,45.3777,-56.6044,63.606,2.6914,-0.1421,0.1263
1779816508472,2,Pitching Mound.Drive,,Delivery,pitch.1,337346,0.0,-0.0015,0.0176,0.0139,-0.0411,-0.0007,0.0,0.0
1779816508472,2,Pitching Mound.Parent,,Delivery,pitch.1,336530,8.4051,4.8335,45.3947,-56.5902,63.5637,2.6927,-0.1421,0.1262
1779816508473,2,11.0000004b,Drive,Delivery,pitch.1,337347,-0.0001,-0.0012,0.0167,0.0149,-0.0417,0.0009,0.0,0.0
1779816508473,2,12.00000015,Lower Delivery,Delivery,pitch.1,337065,6.807,3.8241,42.6785,-77.5729,58.6829,10.5951,-0.146,-0.193
1779816508473,2,12.00000018,Upper Delivery,Delivery,pitch.1,337620,1.4158,0.9942,1.5778,9.3811,3.044,-6.4552,0.0,0.0
1779816508473,2,Pitching Mound.Delivery,,Delivery,pitch.1,336824,8.2988,4.7353,44.5073,-54.3425,61.6849,2.6484,-0.1399,0.1304
1779816508473,2,Pitching Mound.Drive,,Delivery,pitch.1,337347,-0.0001,-0.0012,0.0167,0.0149,-0.0417,0.0009,0.0,0.0
1779816508473,2,Pitching Mound.Parent,,Delivery,pitch.1,336531,8.2987,4.7337,44.5249,-54.3285,61.6439,2.6477,-0.1398,0.1303
1779816508474,2,11.0000004b,Drive,Delivery,pitch.1,337348,0.0,-0.0011,0.0163,0.016,-0.0419,0.0004,0.0,0.0
1779816508474,2,12.00000015,Lower Delivery,Delivery,pitch.1,337066,6.7659,3.8838,42.1415,-76.1561,57.9904,10.128,-0.1461,-0.1919
1779816508474,2,12.00000018,Upper Delivery,Delivery,pitch.1,337621,1.3853,0.9635,1.5233,9.3246,3.2203,-6.3261,0.0,0.0
1779816508474,2,Pitching Mound.Delivery,,Delivery,pitch.1,336825,8.1923,4.7875,44.2018,-54.2556,61.9032,2.4257,-0.1409,0.1303
1779816508474,2,Pitching Mound.Drive,,Delivery,pitch.1,337348,0.0,-0.0011,0.0163,0.016,-0.0419,0.0004,0.0,0.0
1779816508474,2,Pitching Mound.Parent,,Delivery,pitch.1,336532,8.1922,4.7864,44.2185,-54.2407,61.8615,2.4266,-0.1409,0.1302
1779816508475,2,11.0000004b,Drive,Delivery,pitch.1,337349,0.0001,-0.0012,0.0166,0.0141,-0.0419,0.003,0.0,0.0
1779816508475,2,12.00000015,Lower Delivery,Delivery,pitch.1,337067,6.6703,3.9238,41.5831,-75.0439,57.2467,9.779,-0.1462,-0.1916
1779816508475,2,12.00000018,Upper Delivery,Delivery,pitch.1,337622,1.3162,0.9037,1.3518,8.7105,3.272,-6.1831,0.0,0.0
1779816508475,2,Pitching Mound.Delivery,,Delivery,pitch.1,336826,8.0821,4.7875,43.4932,-53.5772,61.2624,2.0921,-0.1415,0.133
1779816508475,2,Pitching Mound.Drive,,Delivery,pitch.1,337349,0.0001,-0.0012,0.0166,0.0141,-0.0419,0.003,0.0,0.0
1779816508475,2,Pitching Mound.Parent,,Delivery,pitch.1,336533,8.0821,4.7864,43.5095,-53.5612,61.2205,2.0925,-0.1415,0.1329
1779816508476,2,11.0000004b,Drive,Delivery,pitch.1,337350,0.0001,-0.0007,0.0154,0.0155,-0.0421,0.0045,0.0,0.0
1779816508476,2,12.00000015,Lower Delivery,Delivery,pitch.1,337068,6.5907,4.0301,41.1595,-73.2407,56.6702,9.1778,-0.1462,-0.1889
1779816508476,2,12.00000018,Upper Delivery,Delivery,pitch.1,337623,1.2599,0.8602,1.2171,8.351,3.1286,-6.0375,0.0,0.0
1779816508476,2,Pitching Mound.Delivery,,Delivery,pitch.1,336827,7.9302,4.784,42.8002,-52.9684,60.3753,1.9019,-0.142,0.1345
1779816508476,2,Pitching Mound.Drive,,Delivery,pitch.1,337350,0.0001,-0.0007,0.0154,0.0155,-0.0421,0.0045,0.0,0.0
1779816508476,2,Pitching Mound.Parent,,Delivery,pitch.1,336534,7.9304,4.7828,42.8168,-52.9543,60.3334,1.9049,-0.1419,0.1345
1779816508477,2,11.0000004b,Drive,Delivery,pitch.1,337351,0.0,-0.0006,0.0153,0.0143,-0.0446,0.0061,0.0,0.0
1779816508477,2,12.00000015,Lower Delivery,Delivery,pitch.1,337069,6.5216,4.0927,40.8398,-73.2943,56.5709,8.8705,-0.1471,-0.1905
1779816508477,2,12.00000018,Upper Delivery,Delivery,pitch.1,337624,1.2261,0.8002,1.1571,7.9599,3.0359,-5.9453,0.0,0.0
1779816508477,2,Pitching Mound.Delivery,,Delivery,pitch.1,336828,7.8168,4.8302,42.3166,-51.68,59.7061,1.4086,-0.1422,0.1377
1779816508477,2,Pitching Mound.Drive,,Delivery,pitch.1,337351,0.0,-0.0006,0.0153,0.0143,-0.0446,0.0061,0.0,0.0
1779816508477,2,Pitching Mound.Parent,,Delivery,pitch.1,336535,7.8169,4.8296,42.332,-51.6644,59.664,1.4131,-0.1421,0.1376
1779816508478,2,11.0000004b,Drive,Delivery,pitch.1,337352,0.0,-0.0009,0.0166,0.0201,-0.0428,0.0064,0.0,0.0
1779816508478,2,12.00000015,Lower Delivery,Delivery,pitch.1,337070,6.4204,4.1273,40.1529,-71.4363,55.5848,8.4362,-0.147,-0.1889
1779816508478,2,12.00000018,Upper Delivery,Delivery,pitch.1,337625,1.1812,0.7704,1.0796,7.5114,2.7089,-5.7836,0.0,0.0
1779816508478,2,Pitching Mound.Delivery,,Delivery,pitch.1,336829,7.7028,4.8631,41.9194,-52.2644,59.2798,1.2711,-0.1433,0.1369
1779816508478,2,Pitching Mound.Drive,,Delivery,pitch.1,337352,0.0,-0.0009,0.0166,0.0201,-0.0428,0.0064,0.0,0.0
1779816508478,2,Pitching Mound.Parent,,Delivery,pitch.1,336536,7.7028,4.8625,41.9347,-52.2501,59.2352,1.2773,-0.1432,0.1368
1779816508479,2,11.0000004b,Drive,Delivery,pitch.1,337353,0.0001,-0.0012,0.0175,0.0139,-0.0462,0.0102,0.0,0.0
1779816508479,2,12.00000015,Lower Delivery,Delivery,pitch.1,337071,6.3511,4.0772,39.3416,-70.1617,54.1762,8.2814,-0.1462,-0.1893
1779816508479,2,12.00000018,Upper Delivery,Delivery,pitch.1,337626,1.1848,0.7456,1.0677,7.0951,2.315,-5.6255,0.0,0.0
1779816508479,2,Pitching Mound.Delivery,,Delivery,pitch.1,336830,7.6051,4.8729,41.2206,-51.0522,57.8999,1.0306,-0.1432,0.1384
1779816508479,2,Pitching Mound.Drive,,Delivery,pitch.1,337353,0.0001,-0.0012,0.0175,0.0139,-0.0462,0.0102,0.0,0.0
1779816508479,2,Pitching Mound.Parent,,Delivery,pitch.1,336537,7.6052,4.872,41.2372,-51.0321,57.8571,1.037,-0.1431,0.1383
1779816508480,2,11.0000004b,Drive,Delivery,pitch.1,337354,-0.0002,-0.0014,0.018,0.0178,-0.0456,0.0117,0.0,0.0
1779816508480,2,12.00000015,Lower Delivery,Delivery,pitch.1,337072,6.2558,4.1312,38.8394,-68.8666,53.5806,7.8172,-0.1465,-0.1882
1779816508480,2,12.00000018,Upper Delivery,Delivery,pitch.1,337627,1.1546,0.71,1.0218,6.802,2.2678,-5.4835,0.0,0.0
1779816508480,2,Pitching Mound.Delivery,,Delivery,pitch.1,336831,7.5057,4.7872,40.3634,-50.331,56.444,1.0311,-0.1425,0.1382
1779816508480,2,Pitching Mound.Drive,,Delivery,pitch.1,337354,-0.0002,-0.0014,0.018,0.0178,-0.0456,0.0117,0.0,0.0
1779816508480,2,Pitching Mound.Parent,,Delivery,pitch.1,336538,7.5058,4.786,40.3809,-50.317,56.3978,1.0413,-0.1424,0.1382
1779816508481,2,11.0000004b,Drive,Delivery,pitch.1,337355,-0.0001,-0.0017,0.0192,0.0165,-0.0468,0.0091,0.0,0.0
1779816508481,2,12.00000015,Lower Delivery,Delivery,pitch.1,337073,6.1449,4.2214,38.4559,-67.968,53.2982,7.3358,-0.1471,-0.1876
1779816508481,2,12.00000018,Upper Delivery,Delivery,pitch.1,337628,1.1362,0.7011,0.9377,6.2729,2.3215,-5.383,0.0,0.0
1779816508481,2,Pitching Mound.Delivery,,Delivery,pitch.1,336832,7.392,4.8324,39.7771,-49.707,55.9022,0.6936,-0.143,0.1402
1779816508481,2,Pitching Mound.Drive,,Delivery,pitch.1,337355,-0.0001,-0.0017,0.0192,0.0165,-0.0468,0.0091,0.0,0.0
1779816508481,2,Pitching Mound.Parent,,Delivery,pitch.1,336539,7.3918,4.831,39.7952,-49.6893,55.8565,0.7053,-0.1429,0.1401
1779816508482,2,11.0000004b,Drive,Delivery,pitch.1,337356,0.0,-0.0018,0.019,0.0102,-0.0465,0.0048,0.0,0.0
1779816508482,2,12.00000015,Lower Delivery,Delivery,pitch.1,337074,6.052,4.2329,37.7394,-66.5315,52.3357,6.9566,-0.1472,-0.1872
1779816508482,2,12.00000018,Upper Delivery,Delivery,pitch.1,337629,1.1398,0.688,0.7972,5.9723,2.2379,-5.1827,0.0,0.0
1779816508482,2,Pitching Mound.Delivery,,Delivery,pitch.1,336833,7.2847,4.9093,39.2531,-49.1918,55.5361,0.4514,-0.1441,0.1424
1779816508482,2,Pitching Mound.Drive,,Delivery,pitch.1,337356,0.0,-0.0018,0.019,0.0102,-0.0465,0.0048,0.0,0.0
1779816508482,2,Pitching Mound.Parent,,Delivery,pitch.1,336540,7.2845,4.9077,39.2723,-49.1753,55.4893,0.4605,-0.1441,0.1423
1779816508483,2,11.0000004b,Drive,Delivery,pitch.1,337357,-0.0001,-0.0017,0.0188,0.0123,-0.0471,0.0055,0.0,0.0
1779816508483,2,12.00000015,Lower Delivery,Delivery,pitch.1,337075,5.9144,4.3102,37.4931,-65.8732,52.1856,6.4509,-0.1478,-0.1865
1779816508483,2,12.00000018,Upper Delivery,Delivery,pitch.1,337630,1.1027,0.6664,0.738,5.5905,2.196,-5.0252,0.0,0.0
1779816508483,2,Pitching Mound.Delivery,,Delivery,pitch.1,336834,7.1546,4.8994,38.4775,-48.3605,54.5317,0.2487,-0.1444,0.1434
1779816508483,2,Pitching Mound.Drive,,Delivery,pitch.1,337357,-0.0001,-0.0017,0.0188,0.0123,-0.0471,0.0055,0.0,0.0
1779816508483,2,Pitching Mound.Parent,,Delivery,pitch.1,336541,7.1547,4.8976,38.4964,-48.3502,54.4852,0.2535,-0.1443,0.1433
1779816508484,2,11.0000004b,Drive,Delivery,pitch.1,337358,0.0001,-0.0021,0.0192,0.0122,-0.0468,0.0028,0.0,0.0
1779816508484,2,12.00000015,Lower Delivery,Delivery,pitch.1,337076,5.8101,4.277,36.4186,-64.1043,50.4777,6.1218,-0.1471,-0.1869
1779816508484,2,12.00000018,Upper Delivery,Delivery,pitch.1,337631,1.1749,0.6772,0.7419,5.352,2.2362,-4.8433,0.0,0.0
1779816508484,2,Pitching Mound.Delivery,,Delivery,pitch.1,336835,7.0892,4.9873,38.235,-48.0259,54.4217,-0.0038,-0.1449,0.1439
1779816508484,2,Pitching Mound.Drive,,Delivery,pitch.1,337358,0.0001,-0.0021,0.0192,0.0122,-0.0468,0.0028,0.0,0.0
1779816508484,2,Pitching Mound.Parent,,Delivery,pitch.1,336542,7.0891,4.9856,38.2538,-48.0136,54.3747,0.0016,-0.1448,0.1438
1779816508485,2,11.0000004b,Drive,Delivery,pitch.1,337359,0.0,-0.0021,0.0196,0.0116,-0.0469,0.0031,0.0,0.0
1779816508485,2,12.00000015,Lower Delivery,Delivery,pitch.1,337077,5.6429,4.3678,35.7218,-62.3336,49.8897,5.5232,-0.1483,-0.1853
1779816508485,2,12.00000018,Upper Delivery,Delivery,pitch.1,337632,1.1721,0.6525,0.7562,4.9783,2.2536,-4.7118,0.0,0.0
1779816508485,2,Pitching Mound.Delivery,,Delivery,pitch.1,336836,6.9821,4.9295,37.1748,-47.0008,52.7314,-0.1669,-0.1442,0.1431
1779816508485,2,Pitching Mound.Drive,,Delivery,pitch.1,337359,0.0,-0.0021,0.0196,0.0116,-0.0469,0.0031,0.0,0.0
1779816508485,2,Pitching Mound.Parent,,Delivery,pitch.1,336543,6.9822,4.9274,37.194,-46.9887,52.6846,-0.1641,-0.1441,0.143
1779816508486,2,11.0000004b,Drive,Delivery,pitch.1,337360,-0.0001,-0.0021,0.0194,0.0157,-0.0463,0.0011,0.0,0.0
1779816508486,2,12.00000015,Lower Delivery,Delivery,pitch.1,337078,5.5082,4.4004,35.063,-61.3295,49.2143,5.1666,-0.149,-0.1857
1779816508486,2,12.00000018,Upper Delivery,Delivery,pitch.1,337633,1.2226,0.6311,0.8652,4.4695,2.155,-4.5658,0.0,0.0
1779816508486,2,Pitching Mound.Delivery,,Delivery,pitch.1,336837,6.8654,4.9989,36.587,-46.0129,52.0447,-0.5455,-0.1448,0.143
1779816508486,2,Pitching Mound.Drive,,Delivery,pitch.1,337360,-0.0001,-0.0021,0.0194,0.0157,-0.0463,0.0011,0.0,0.0
1779816508486,2,Pitching Mound.Parent,,Delivery,pitch.1,336544,6.8654,4.9968,36.6066,-46.0013,51.9978,-0.5424,-0.1447,0.143
1779816508487,2,11.0000004b,Drive,Delivery,pitch.1,337361,-0.0002,-0.0021,0.0191,0.0122,-0.0484,-0.0012,0.0,0.0
1779816508487,2,12.00000015,Lower Delivery,Delivery,pitch.1,337079,5.3559,4.4139,34.5179,-60.0674,48.0448,4.7823,-0.1478,-0.1847
1779816508487,2,12.00000018,Upper Delivery,Delivery,pitch.1,337634,1.2532,0.6213,0.973,4.337,2.3523,-4.4492,0.0,0.0
1779816508487,2,Pitching Mound.Delivery,,Delivery,pitch.1,336838,6.7615,5.0217,36.036,-45.402,51.5666,-0.7293,-0.145,0.141
1779816508487,2,Pitching Mound.Drive,,Delivery,pitch.1,337361,-0.0002,-0.0021,0.0191,0.0122,-0.0484,-0.0012,0.0,0.0
1779816508487,2,Pitching Mound.Parent,,Delivery,pitch.1,336545,6.7613,5.0196,36.0554,-45.3863,51.5202,-0.7282,-0.1449,0.1409
1779816508488,2,11.0000004b,Drive,Delivery,pitch.1,337362,-0.0004,-0.0019,0.0185,0.0121,-0.0482,-0.0022,0.0,0.0
1779816508488,2,12.00000015,Lower Delivery,Delivery,pitch.1,337080,5.2668,4.4631,33.8616,-59.1651,47.8743,4.3653,-0.1501,-0.1855
1779816508488,2,12.00000018,Upper Delivery,Delivery,pitch.1,337635,1.2759,0.5927,1.0584,3.8635,2.2509,-4.3186,0.0,0.0
1779816508488,2,Pitching Mound.Delivery,,Delivery,pitch.1,336839,6.6318,5.0066,35.5764,-44.8277,50.2957,-0.9235,-0.1434,0.1405
1779816508488,2,Pitching Mound.Drive,,Delivery,pitch.1,337362,-0.0004,-0.0019,0.0185,0.0121,-0.0482,-0.0022,0.0,0.0
1779816508488,2,Pitching Mound.Parent,,Delivery,pitch.1,336546,6.6316,5.0045,35.5954,-44.8155,50.2473,-0.9247,-0.1433,0.1404
1779816508489,2,11.0000004b,Drive,Delivery,pitch.1,337363,-0.0003,-0.0019,0.0188,0.0164,-0.0493,-0.0006,0.0,0.0
1779816508489,2,12.00000015,Lower Delivery,Delivery,pitch.1,337081,5.2021,4.5104,33.1621,-57.9899,47.0971,3.9728,-0.1508,-0.1856
1779816508489,2,12.00000018,Upper Delivery,Delivery,pitch.1,337636,1.2735,0.5612,1.1054,3.8351,2.3736,-4.2159,0.0,0.0
1779816508489,2,Pitching Mound.Delivery,,Delivery,pitch.1,336840,6.5403,5.0243,34.967,-44.1928,50.2479,-1.2084,-0.1454,0.1389
1779816508489,2,Pitching Mound.Drive,,Delivery,pitch.1,337363,-0.0003,-0.0019,0.0188,0.0164,-0.0493,-0.0006,0.0,0.0
1779816508489,2,Pitching Mound.Parent,,Delivery,pitch.1,336547,6.5398,5.0224,34.9855,-44.1807,50.1997,-1.2106,-0.1453,0.1388
1779816508490,2,11.0000004b,Drive,Delivery,pitch.1,337364,-0.0003,-0.0014,0.0178,0.0157,-0.0449,-0.0007,0.0,0.0
1779816508490,2,12.00000015,Lower Delivery,Delivery,pitch.1,337082,5.0518,4.5915,32.9598,-57.6748,47.1199,3.522,-0.1518,-0.1858
1779816508490,2,12.00000018,Upper Delivery,Delivery,pitch.1,337637,1.2561,0.5339,1.1705,3.5195,2.3735,-4.1222,0.0,0.0
1779816508490,2,Pitching Mound.Delivery,,Delivery,pitch.1,336841,6.4582,5.0443,34.3326,-43.5932,49.4707,-1.491,-0.1456,0.1375
1779816508490,2,Pitching Mound.Drive,,Delivery,pitch.1,337364,-0.0003,-0.0014,0.0178,0.0157,-0.0449,-0.0007,0.0,0.0
1779816508490,2,Pitching Mound.Parent,,Delivery,pitch.1,336548,6.4579,5.0424,34.3514,-43.5768,49.4214,-1.4916,-0.1456,0.1374
1779816508491,2,11.0000004b,Drive,Delivery,pitch.1,337365,0.0,-0.0017,0.0186,0.0207,-0.0451,0.0015,0.0,0.0
1779816508491,2,12.00000015,Lower Delivery,Delivery,pitch.1,337083,4.9833,4.6339,32.2942,-56.7145,46.3698,3.1835,-0.1524,-0.1864
1779816508491,2,12.00000018,Upper Delivery,Delivery,pitch.1,337638,1.2239,0.4897,1.1796,3.628,2.4866,-4.0317,0.0,0.0
1779816508491,2,Pitching Mound.Delivery,,Delivery,pitch.1,336842,6.2757,5.0813,34.1394,-43.2415,49.6065,-1.8112,-0.1465,0.1372
1779816508491,2,Pitching Mound.Drive,,Delivery,pitch.1,337365,0.0,-0.0017,0.0186,0.0207,-0.0451,0.0015,0.0,0.0
1779816508491,2,Pitching Mound.Parent,,Delivery,pitch.1,336549,6.2754,5.0798,34.1572,-43.2258,49.5616,-1.8118,-0.1465,0.1371
1779816508492,2,11.0000004b,Drive,Delivery,pitch.1,337366,-0.0003,-0.0012,0.0168,0.0198,-0.0443,0.0022,0.0,0.0
1779816508492,2,12.00000015,Lower Delivery,Delivery,pitch.1,337084,4.8587,4.76,32.4818,-56.465,46.4583,2.689,-0.1518,-0.1845
1779816508492,2,12.00000018,Upper Delivery,Delivery,pitch.1,337639,1.1873,0.4738,1.1179,3.6063,2.6547,-3.9224,0.0,0.0
1779816508492,2,Pitching Mound.Delivery,,Delivery,pitch.1,336843,6.1706,5.1077,33.4122,-42.5082,49.0244,-2.0296,-0.1473,0.137
1779816508492,2,Pitching Mound.Drive,,Delivery,pitch.1,337366,-0.0003,-0.0012,0.0168,0.0198,-0.0443,0.0022,0.0,0.0
1779816508492,2,Pitching Mound.Parent,,Delivery,pitch.1,336550,6.1705,5.106,33.4307,-42.4875,48.9794,-2.0281,-0.1473,0.137
1779816508493,2,11.0000004b,Drive,Delivery,pitch.1,337367,0.0,-0.0011,0.0164,0.0184,-0.0435,0.0032,0.0,0.0
1779816508493,2,12.00000015,Lower Delivery,Delivery,pitch.1,337085,4.8093,4.7661,31.6792,-54.3611,44.8579,2.1256,-0.1503,-0.1822
1779816508493,2,12.00000018,Upper Delivery,Delivery,pitch.1,337640,1.1594,0.4554,1.0126,3.4618,2.7261,-3.7986,0.0,0.0
1779816508493,2,Pitching Mound.Delivery,,Delivery,pitch.1,336844,6.0181,5.2154,33.4944,-42.3036,49.1844,-2.3674,-0.1473,0.1405
1779816508493,2,Pitching Mound.Drive,,Delivery,pitch.1,337367,0.0,-0.0011,0.0164,0.0184,-0.0435,0.0032,0.0,0.0
1779816508493,2,Pitching Mound.Parent,,Delivery,pitch.1,336551,6.0178,5.2141,33.5112,-42.2838,49.1401,-2.3652,-0.1472,0.1404
1779816508494,2,11.0000004b,Drive,Delivery,pitch.1,337368,0.0006,-0.0016,0.0177,0.0165,-0.0462,0.0033,0.0,0.0
1779816508494,2,12.00000015,Lower Delivery,Delivery,pitch.1,337086,4.7467,4.8392,31.095,-52.2147,43.6741,1.5972,-0.1491,-0.1783
1779816508494,2,12.00000018,Upper Delivery,Delivery,pitch.1,337641,1.1581,0.4445,0.9228,3.4611,2.6391,-3.6983,0.0,0.0
1779816508494,2,Pitching Mound.Delivery,,Delivery,pitch.1,336845,5.9674,5.2106,32.602,-40.4428,47.4971,-2.814,-0.1461,0.1437
1779816508494,2,Pitching Mound.Drive,,Delivery,pitch.1,337368,0.0006,-0.0016,0.0177,0.0165,-0.0462,0.0033,0.0,0.0
1779816508494,2,Pitching Mound.Parent,,Delivery,pitch.1,336552,5.9674,5.2095,32.6184,-40.4243,47.4536,-2.8108,-0.146,0.1437
1779816508495,2,11.0000004b,Drive,Delivery,pitch.1,337369,0.0005,-0.0018,0.0186,0.0138,-0.0468,0.004,0.0,0.0
1779816508495,2,12.00000015,Lower Delivery,Delivery,pitch.1,337087,4.675,4.8839,30.6612,-51.8357,43.3004,1.176,-0.1499,-0.1795
1779816508495,2,12.00000018,Upper Delivery,Delivery,pitch.1,337642,1.1464,0.4379,0.679,3.1445,2.2831,-3.6266,0.0,0.0
1779816508495,2,Pitching Mound.Delivery,,Delivery,pitch.1,336846,5.8931,5.2771,31.774,-38.7288,45.9573,-3.2535,-0.1459,0.151
1779816508495,2,Pitching Mound.Drive,,Delivery,pitch.1,337369,0.0005,-0.0018,0.0186,0.0138,-0.0468,0.004,0.0,0.0
1779816508495,2,Pitching Mound.Parent,,Delivery,pitch.1,336553,5.8936,5.2754,31.7917,-38.7123,45.911,-3.2502,-0.1458,0.1509
1779816508496,2,11.0000004b,Drive,Delivery,pitch.1,337370,0.0006,-0.0018,0.0183,0.0127,-0.0467,0.0017,0.0,0.0
1779816508496,2,12.00000015,Lower Delivery,Delivery,pitch.1,337088,4.5763,5.0118,30.5187,-51.5008,43.4452,0.6427,-0.1511,-0.1792
1779816508496,2,12.00000018,Upper Delivery,Delivery,pitch.1,337643,1.1197,0.4054,0.5241,2.9937,2.2772,-3.4938,0.0,0.0
1779816508496,2,Pitching Mound.Delivery,,Delivery,pitch.1,336847,5.7947,5.2893,31.1853,-38.5954,45.5776,-3.5265,-0.1474,0.1521
1779816508496,2,Pitching Mound.Drive,,Delivery,pitch.1,337370,0.0006,-0.0018,0.0183,0.0127,-0.0467,0.0017,0.0,0.0
1779816508496,2,Pitching Mound.Parent,,Delivery,pitch.1,336554,5.7952,5.2875,31.2039,-38.5816,45.5308,-3.5225,-0.1473,0.152
1779816508497,2,11.0000004b,Drive,Delivery,pitch.1,337371,0.0006,-0.0018,0.0186,0.0104,-0.0476,0.0031,0.0,0.0
1779816508497,2,12.00000015,Lower Delivery,Delivery,pitch.1,337089,4.5197,5.0492,29.8584,-49.6386,42.2168,0.1588,-0.1501,-0.1765
1779816508497,2,12.00000018,Upper Delivery,Delivery,pitch.1,337644,1.1135,0.3928,0.522,2.8813,1.8959,-3.3534,0.0,0.0
1779816508497,2,Pitching Mound.Delivery,,Delivery,pitch.1,336848,5.6898,5.4046,31.0407,-38.4206,45.3411,-3.8881,-0.1486,0.1524
1779816508497,2,Pitching Mound.Drive,,Delivery,pitch.1,337371,0.0006,-0.0018,0.0186,0.0104,-0.0476,0.0031,0.0,0.0
1779816508497,2,Pitching Mound.Parent,,Delivery,pitch.1,336555,5.6904,5.4028,31.059,-38.4079,45.2944,-3.8864,-0.1485,0.1523
1779816508498,2,11.0000004b,Drive,Delivery,pitch.1,337372,0.0008,-0.0022,0.0191,0.0091,-0.0513,0.003,0.0,0.0
1779816508498,2,12.00000015,Lower Delivery,Delivery,pitch.1,337090,4.5223,5.1252,29.6106,-48.5449,41.7652,-0.3845,-0.1497,-0.174
1779816508498,2,12.00000018,Upper Delivery,Delivery,pitch.1,337645,1.0801,0.3516,0.3819,2.7424,1.4765,-3.252,0.0,0.0
1779816508498,2,Pitching Mound.Delivery,,Delivery,pitch.1,336849,5.5999,5.4008,30.2403,-36.8742,43.6934,-4.2626,-0.1482,0.1571
1779816508498,2,Pitching Mound.Drive,,Delivery,pitch.1,337372,0.0008,-0.0022,0.0191,0.0091,-0.0513,0.003,0.0,0.0
1779816508498,2,Pitching Mound.Parent,,Delivery,pitch.1,336556,5.6005,5.399,30.2589,-36.8638,43.6457,-4.2595,-0.1481,0.1571
1779816508499,2,11.0000004b,Drive,Delivery,pitch.1,337373,0.0009,-0.0023,0.0194,0.0109,-0.0539,0.0026,0.0,0.0
1779816508499,2,12.00000015,Lower Delivery,Delivery,pitch.1,337091,4.4319,5.1528,29.148,-48.39,41.4166,-0.5207,-0.1508,-0.1762
1779816508499,2,12.00000018,Upper Delivery,Delivery,pitch.1,337646,0.9963,0.2876,0.3488,2.3574,0.9689,-3.1444,0.0,0.0
1779816508499,2,Pitching Mound.Delivery,,Delivery,pitch.1,336850,5.5187,5.4128,29.9593,-36.2384,42.7341,-4.7277,-0.148,0.1601
1779816508499,2,Pitching Mound.Drive,,Delivery,pitch.1,337373,0.0009,-0.0023,0.0194,0.0109,-0.0539,0.0026,0.0,0.0
1779816508499,2,Pitching Mound.Parent,,Delivery,pitch.1,336557,5.5195,5.4106,29.9784,-36.2294,42.6828,-4.7247,-0.1479,0.16
1779816508500,2,11.0000004b,Drive,Delivery,pitch.1,337374,0.001,-0.0023,0.0192,0.0101,-0.052,-0.0003,0.0,0.0
1779816508500,2,12.00000015,Lower Delivery,Delivery,pitch.1,337092,4.3579,5.1328,28.3817,-47.5035,40.3283,-0.5159,-0.1508,-0.1777
1779816508500,2,12.00000018,Upper Delivery,Delivery,pitch.1,337647,0.8895,0.2038,0.2668,2.0748,0.6703,-3.0356,0.0,0.0
1779816508500,2,Pitching Mound.Delivery,,Delivery,pitch.1,336851,5.3215,5.3566,29.4148,-36.4956,42.0869,-4.7607,-0.1495,0.1592
1779816508500,2,Pitching Mound.Drive,,Delivery,pitch.1,337374,0.001,-0.0023,0.0192,0.0101,-0.052,-0.0003,0.0,0.0
1779816508500,2,Pitching Mound.Parent,,Delivery,pitch.1,336558,5.3224,5.3543,29.4342,-36.4847,42.033,-4.7581,-0.1494,0.1591
1779816508501,2,11.0000004b,Drive,Delivery,pitch.1,337375,0.0007,-0.0021,0.0186,0.0117,-0.0571,0.0021,0.0,0.0
1779816508501,2,12.00000015,Lower Delivery,Delivery,pitch.1,337093,4.4642,5.2838,28.0483,-46.0336,39.7456,-0.7053,-0.1504,-0.1742
1779816508501,2,12.00000018,Upper Delivery,Delivery,pitch.1,337648,0.868,0.1912,0.1989,1.689,0.2877,-2.9083,0.0,0.0
1779816508501,2,Pitching Mound.Delivery,,Delivery,pitch.1,336852,5.2258,5.324,28.5806,-36.2323,40.616,-4.6107,-0.1498,0.1588
1779816508501,2,Pitching Mound.Drive,,Delivery,pitch.1,337375,0.0007,-0.0021,0.0186,0.0117,-0.0571,0.0021,0.0,0.0
1779816508501,2,Pitching Mound.Parent,,Delivery,pitch.1,336559,5.2268,5.3217,28.5998,-36.2222,40.5639,-4.611,-0.1497,0.1587
1779816508502,2,11.0000004b,Drive,Delivery,pitch.1,337376,0.0005,-0.0021,0.0191,0.012,-0.0573,0.0016,0.0,0.0
1779816508502,2,12.00000015,Lower Delivery,Delivery,pitch.1,337094,4.4861,5.3976,27.8298,-44.8997,38.998,-1.1702,-0.1488,-0.1713
1779816508502,2,12.00000018,Upper Delivery,Delivery,pitch.1,337649,0.816,0.1288,0.2334,1.2718,0.2637,-2.8295,0.0,0.0
1779816508502,2,Pitching Mound.Delivery,,Delivery,pitch.1,336853,5.2803,5.4126,28.2817,-35.3047,40.0093,-4.7752,-0.1492,0.1616
1779816508502,2,Pitching Mound.Drive,,Delivery,pitch.1,337376,0.0005,-0.0021,0.0191,0.012,-0.0573,0.0016,0.0,0.0
1779816508502,2,Pitching Mound.Parent,,Delivery,pitch.1,336560,5.281,5.4106,28.3003,-35.293,39.9522,-4.7731,-0.1491,0.1615
1779816508503,2,11.0000004b,Drive,Delivery,pitch.1,337377,0.0008,-0.0029,0.0214,0.0122,-0.0555,-0.0007,0.0,0.0
1779816508503,2,12.00000015,Lower Delivery,Delivery,pitch.1,337095,4.5483,5.5507,27.563,-43.6383,38.3365,-1.5801,-0.1477,-0.1681
1779816508503,2,12.00000018,Upper Delivery,Delivery,pitch.1,337650,0.8025,0.104,0.2494,0.7463,0.1396,-2.7749,0.0,0.0
1779816508503,2,Pitching Mound.Delivery,,Delivery,pitch.1,336854,5.2886,5.5016,28.0792,-34.776,39.1376,-5.1975,-0.1474,0.1642
1779816508503,2,Pitching Mound.Drive,,Delivery,pitch.1,337377,0.0008,-0.0029,0.0214,0.0122,-0.0555,-0.0007,0.0,0.0
1779816508503,2,Pitching Mound.Parent,,Delivery,pitch.1,336561,5.2891,5.4994,28.0983,-34.764,39.0802,-5.1959,-0.1473,0.1641
1779816508504,2,11.0000004b,Drive,Delivery,pitch.1,337378,0.0006,-0.0028,0.022,0.0182,-0.056,0.0019,0.0,0.0
1779816508504,2,12.00000015,Lower Delivery,Delivery,pitch.1,337096,4.5114,5.6938,27.2741,-43.444,38.0744,-1.8583,-0.1482,-0.1691
1779816508504,2,12.00000018,Upper Delivery,Delivery,pitch.1,337651,0.807,0.0942,0.3266,0.4873,-0.3929,-2.6674,0.0,0.0
1779816508504,2,Pitching Mound.Delivery,,Delivery,pitch.1,336855,5.3553,5.6449,27.8897,-33.8906,37.9436,-5.5195,-0.1459,0.1659
1779816508504,2,Pitching Mound.Drive,,Delivery,pitch.1,337378,0.0006,-0.0028,0.022,0.0182,-0.056,0.0019,0.0,0.0
1779816508504,2,Pitching Mound.Parent,,Delivery,pitch.1,336562,5.3561,5.642,27.9111,-33.8784,37.8881,-5.5202,-0.1458,0.1658
1779816508505,2,11.0000004b,Drive,Delivery,pitch.1,337379,0.0006,-0.0024,0.0211,0.0157,-0.0549,0.0019,0.0,0.0
1779816508505,2,12.00000015,Lower Delivery,Delivery,pitch.1,337097,4.4742,5.9024,26.8347,-41.7303,37.5797,-2.3227,-0.1487,-0.1651
1779816508505,2,12.00000018,Upper Delivery,Delivery,pitch.1,337652,0.7658,0.1297,0.3297,-0.0358,-0.3431,-2.6239,0.0,0.0
1779816508505,2,Pitching Mound.Delivery,,Delivery,pitch.1,336856,5.2773,5.8236,27.6038,-34.3187,37.7313,-5.7557,-0.1464,0.1648
1779816508505,2,Pitching Mound.Drive,,Delivery,pitch.1,337379,0.0006,-0.0024,0.0211,0.0157,-0.0549,0.0019,0.0,0.0
1779816508505,2,Pitching Mound.Parent,,Delivery,pitch.1,336563,5.2779,5.8208,27.6257,-34.3005,37.6753,-5.7538,-0.1463,0.1647
1779816508506,2,11.0000004b,Drive,Delivery,pitch.1,337380,0.0006,-0.0028,0.022,0.0208,-0.0531,0.0008,0.0,0.0
1779816508506,2,12.00000015,Lower Delivery,Delivery,pitch.1,337098,4.2931,5.92,26.4912,-41.6248,37.3437,-2.6139,-0.1497,-0.1668
1779816508506,2,12.00000018,Upper Delivery,Delivery,pitch.1,337653,0.7382,0.1348,0.2661,0.1652,-0.5406,-2.5111,0.0,0.0
1779816508506,2,Pitching Mound.Delivery,,Delivery,pitch.1,336857,5.2124,6.0373,27.1007,-32.5318,37.0391,-6.1041,-0.1472,0.1699
1779816508506,2,Pitching Mound.Drive,,Delivery,pitch.1,337380,0.0006,-0.0028,0.022,0.0208,-0.0531,0.0008,0.0,0.0
1779816508506,2,Pitching Mound.Parent,,Delivery,pitch.1,336564,5.213,6.0348,27.1218,-32.5161,36.9842,-6.1021,-0.1471,0.1697
1779816508507,2,11.0000004b,Drive,Delivery,pitch.1,337381,0.0005,-0.0027,0.0216,0.0207,-0.0524,0.0004,0.0,0.0
1779816508507,2,12.00000015,Lower Delivery,Delivery,pitch.1,337099,4.155,5.9745,25.8733,-40.1452,36.3899,-2.8342,-0.1493,-0.1647
1779816508507,2,12.00000018,Upper Delivery,Delivery,pitch.1,337654,0.7074,0.1459,0.173,0.0066,-0.4513,-2.475,0.0,0.0
1779816508507,2,Pitching Mound.Delivery,,Delivery,pitch.1,336858,5.0004,6.0659,26.6642,-32.67,36.8924,-6.308,-0.1487,0.1699
1779816508507,2,Pitching Mound.Drive,,Delivery,pitch.1,337381,0.0005,-0.0027,0.0216,0.0207,-0.0524,0.0004,0.0,0.0
1779816508507,2,Pitching Mound.Parent,,Delivery,pitch.1,336565,5.001,6.0632,26.6862,-32.6492,36.8393,-6.3072,-0.1486,0.1697
1779816508508,2,11.0000004b,Drive,Delivery,pitch.1,337382,0.0006,-0.0025,0.0216,0.0241,-0.0507,0.0007,0.0,0.0
1779816508508,2,12.00000015,Lower Delivery,Delivery,pitch.1,337100,4.047,6.0365,25.2339,-38.4782,35.5343,-3.1671,-0.1495,-0.1619
1779816508508,2,12.00000018,Upper Delivery,Delivery,pitch.1,337655,0.6719,0.1718,0.011,0.1291,-0.4571,-2.4542,0.0,0.0
1779816508508,2,Pitching Mound.Delivery,,Delivery,pitch.1,336859,4.827,6.1463,25.8843,-31.223,35.9328,-6.4727,-0.1493,0.1751
1779816508508,2,Pitching Mound.Drive,,Delivery,pitch.1,337382,0.0006,-0.0025,0.0216,0.0241,-0.0507,0.0007,0.0,0.0
1779816508508,2,Pitching Mound.Parent,,Delivery,pitch.1,336566,4.8275,6.1436,25.9059,-31.2022,35.8804,-6.4723,-0.1491,0.1749
1779816508509,2,11.0000004b,Drive,Delivery,pitch.1,337383,0.0003,-0.0016,0.0196,0.0234,-0.049,0.0018,0.0,0.0
1779816508509,2,12.00000015,Lower Delivery,Delivery,pitch.1,337101,3.9885,6.1499,24.826,-37.3477,35.0021,-3.4697,-0.1497,-0.1597
1779816508509,2,12.00000018,Upper Delivery,Delivery,pitch.1,337656,0.6682,0.1788,0.0005,0.4704,-0.8591,-2.382,0.0,0.0
1779816508509,2,Pitching Mound.Delivery,,Delivery,pitch.1,336860,4.7152,6.2153,25.2344,-29.4284,34.6753,-6.6979,-0.1495,0.1781
1779816508509,2,Pitching Mound.Drive,,Delivery,pitch.1,337383,0.0003,-0.0016,0.0196,0.0234,-0.049,0.0018,0.0,0.0
1779816508509,2,Pitching Mound.Parent,,Delivery,pitch.1,336567,4.7157,6.2128,25.256,-29.4043,34.6246,-6.6971,-0.1494,0.178
1779816508510,2,11.0000004b,Drive,Delivery,pitch.1,337384,0.0,-0.0016,0.0201,0.0226,-0.0473,0.0044,0.0,0.0
1779816508510,2,12.00000015,Lower Delivery,Delivery,pitch.1,337102,3.8277,6.2087,24.6653,-37.1685,34.6883,-3.7312,-0.1493,-0.16
1779816508510,2,12.00000018,Upper Delivery,Delivery,pitch.1,337657,0.6258,0.2147,-0.0599,0.5509,-0.4167,-2.3528,0.0,0.0
1779816508510,2,Pitching Mound.Delivery,,Delivery,pitch.1,336861,4.6143,6.3646,24.7661,-28.3356,34.5853,-6.9658,-0.15,0.1815
1779816508510,2,Pitching Mound.Drive,,Delivery,pitch.1,337384,0.0,-0.0016,0.0201,0.0226,-0.0473,0.0044,0.0,0.0
1779816508510,2,Pitching Mound.Parent,,Delivery,pitch.1,336568,4.6146,6.363,24.7856,-28.3122,34.5363,-6.964,-0.1499,0.1814
1779816508511,2,11.0000004b,Drive,Delivery,pitch.1,337385,-0.0003,-0.0011,0.0196,0.0263,-0.0411,0.0067,0.0,0.0
1779816508511,2,12.00000015,Lower Delivery,Delivery,pitch.1,337103,3.7225,6.2988,24.4775,-36.1866,34.2243,-4.0038,-0.1484,-0.1569
1779816508511,2,12.00000018,Upper Delivery,Delivery,pitch.1,337658,0.6151,0.2339,-0.1101,0.8359,-0.4154,-2.3442,0.0,0.0
1779816508511,2,Pitching Mound.Delivery,,Delivery,pitch.1,336862,4.4428,6.4427,24.5552,-27.909,34.2729,-7.1677,-0.15,0.1824
1779816508511,2,Pitching Mound.Drive,,Delivery,pitch.1,337385,-0.0003,-0.0011,0.0196,0.0263,-0.0411,0.0067,0.0,0.0
1779816508511,2,Pitching Mound.Parent,,Delivery,pitch.1,336569,4.4428,6.4411,24.5752,-27.8864,34.2255,-7.1633,-0.1498,0.1822
1779816508512,2,11.0000004b,Drive,Delivery,pitch.1,337386,-0.0003,-0.0014,0.0201,0.0387,-0.0305,0.0118,0.0,0.0
1779816508512,2,12.00000015,Lower Delivery,Delivery,pitch.1,337104,3.6313,6.3438,24.0646,-35.4001,33.737,-4.2594,-0.1488,-0.1562
1779816508512,2,12.00000018,Upper Delivery,Delivery,pitch.1,337659,0.573,0.2666,-0.1614,0.9563,-0.3825,-2.2983,0.0,0.0
1779816508512,2,Pitching Mound.Delivery,,Delivery,pitch.1,336863,4.2955,6.5654,24.3161,-26.853,33.8418,-7.3729,-0.1494,0.1865
1779816508512,2,Pitching Mound.Drive,,Delivery,pitch.1,337386,-0.0003,-0.0014,0.0201,0.0387,-0.0305,0.0118,0.0,0.0
1779816508512,2,Pitching Mound.Parent,,Delivery,pitch.1,336570,4.2952,6.5642,24.3357,-26.8267,33.8007,-7.3662,-0.1493,0.1864
1779816508513,2,11.0000004b,Drive,Delivery,pitch.1,337387,0.0,-0.0014,0.019,0.0311,-0.0346,0.0149,0.0,0.0
1779816508513,2,12.00000015,Lower Delivery,Delivery,pitch.1,337105,3.5331,6.4292,23.9455,-34.69,33.3978,-4.5043,-0.1481,-0.1538
1779816508513,2,12.00000018,Upper Delivery,Delivery,pitch.1,337660,0.5575,0.2551,-0.1243,0.9628,-0.4365,-2.3111,0.0,0.0
1779816508513,2,Pitching Mound.Delivery,,Delivery,pitch.1,336864,4.1888,6.5989,23.9403,-26.2131,33.3005,-7.6156,-0.1496,0.1866
1779816508513,2,Pitching Mound.Drive,,Delivery,pitch.1,337387,0.0,-0.0014,0.019,0.0311,-0.0346,0.0149,0.0,0.0
1779816508513,2,Pitching Mound.Parent,,Delivery,pitch.1,336571,4.1885,6.5975,23.9604,-26.1744,33.2699,-7.6038,-0.1495,0.1864
1779816508514,2,11.0000004b,Drive,Delivery,pitch.1,337388,0.0,-0.001,0.0176,0.0253,-0.0393,0.0146,0.0,0.0
1779816508514,2,12.00000015,Lower Delivery,Delivery,pitch.1,337106,3.4295,6.4768,23.7128,-34.0304,32.8745,-4.658,-0.1472,-0.1524
1779816508514,2,12.00000018,Upper Delivery,Delivery,pitch.1,337661,0.548,0.2456,-0.1509,0.6115,0.0743,-2.2299,0.0,0.0
1779816508514,2,Pitching Mound.Delivery,,Delivery,pitch.1,336865,4.0811,6.6748,23.7946,-25.8857,33.4721,-7.7491,-0.149,0.1895
1779816508514,2,Pitching Mound.Drive,,Delivery,pitch.1,337388,0.0,-0.001,0.0176,0.0253,-0.0393,0.0146,0.0,0.0
1779816508514,2,Pitching Mound.Parent,,Delivery,pitch.1,336572,4.0811,6.6734,23.8136,-25.8546,33.4375,-7.7342,-0.1489,0.1894
1779816508515,2,11.0000004b,Drive,Delivery,pitch.1,337389,-0.0004,-0.0008,0.0168,0.0249,-0.0417,0.0176,0.0,0.0
1779816508515,2,12.00000015,Lower Delivery,Delivery,pitch.1,337107,3.3857,6.4864,23.6312,-33.9403,32.5625,-4.8075,-0.1463,-0.1525
1779816508515,2,12.00000018,Upper Delivery,Delivery,pitch.1,337662,0.5308,0.3006,-0.1526,0.7997,0.2814,-2.1759,0.0,0.0
1779816508515,2,Pitching Mound.Delivery,,Delivery,pitch.1,336866,3.9603,6.7774,23.5602,-25.1165,33.1559,-7.8194,-0.1481,0.1911
1779816508515,2,Pitching Mound.Drive,,Delivery,pitch.1,337389,-0.0004,-0.0008,0.0168,0.0249,-0.0417,0.0176,0.0,0.0
1779816508515,2,Pitching Mound.Parent,,Delivery,pitch.1,336573,3.9603,6.7764,23.5778,-25.0912,33.1166,-7.8048,-0.148,0.1909
1779816508516,2,11.0000004b,Drive,Delivery,pitch.1,337390,-0.0002,-0.0008,0.0167,0.0219,-0.0457,0.0156,0.0,0.0
1779816508516,2,12.00000015,Lower Delivery,Delivery,pitch.1,337108,3.3681,6.5279,23.3999,-33.4273,31.997,-4.9746,-0.1452,-0.1517
1779816508516,2,12.00000018,Upper Delivery,Delivery,pitch.1,337663,0.5722,0.2641,-0.1388,0.2029,0.6085,-2.1922,0.0,0.0
1779816508516,2,Pitching Mound.Delivery,,Delivery,pitch.1,336867,3.958,6.7506,23.4924,-25.6555,33.171,-7.9563,-0.1472,0.1906
1779816508516,2,Pitching Mound.Drive,,Delivery,pitch.1,337390,-0.0002,-0.0008,0.0167,0.0219,-0.0457,0.0156,0.0,0.0
1779816508516,2,Pitching Mound.Parent,,Delivery,pitch.1,336574,3.9576,6.7498,23.5092,-25.6306,33.1293,-7.9387,-0.147,0.1905
1779816508517,2,11.0000004b,Drive,Delivery,pitch.1,337391,-0.0002,-0.0006,0.0161,0.0228,-0.045,0.0169,0.0,0.0
1779816508517,2,12.00000015,Lower Delivery,Delivery,pitch.1,337109,3.3348,6.5378,23.11,-32.7959,31.2633,-5.0948,-0.1436,-0.1507
1779816508517,2,12.00000018,Upper Delivery,Delivery,pitch.1,337664,0.593,0.2599,-0.1387,0.0052,0.4962,-2.2635,0.0,0.0
1779816508517,2,Pitching Mound.Delivery,,Delivery,pitch.1,336868,3.9611,6.7878,23.2612,-25.419,32.4931,-8.1816,-0.146,0.1915
1779816508517,2,Pitching Mound.Drive,,Delivery,pitch.1,337391,-0.0002,-0.0006,0.0161,0.0228,-0.045,0.0169,0.0,0.0
1779816508517,2,Pitching Mound.Parent,,Delivery,pitch.1,336575,3.9609,6.7869,23.2779,-25.3971,32.4474,-8.1659,-0.1459,0.1914
1779816508518,2,Pitching Mound.Delivery,,Delivery,pitch.1,336869,3.9167,6.7853,23.0435,-24.196,31.468,-8.2225,-0.144,0.1909
1779816508518,2,Pitching Mound.Parent,,Delivery,pitch.1,336576,3.9164,6.7847,23.0596,-24.1732,31.423,-8.2056,-0.1439,0.1907
